segment_onset,segment_offset,speaker_type
125596,126511,NA
125628,126511,FEM
176480,179035,NA
176492,178510,FEM
178084,178251,MAL
182096,182447,NA
182351,182526,OCH
183247,200817,NA
183308,184211,OCH
184162,185372,FEM
185011,185205,OCH
185417,189492,OCH
186081,186294,FEM
186862,187512,CHI
189329,190510,FEM
190991,192292,OCH
190991,192491,CHI
192748,193259,CHI
193845,196067,FEM
196540,200732,FEM
197984,199461,MAL
201344,205516,NA
201412,204244,FEM
204491,204877,OCH
206493,208142,CHI
206511,211015,NA
207962,209511,FEM
208033,208149,MAL
208492,208813,CHI
208940,209112,CHI
209491,210951,CHI
211307,212191,NA
211430,211803,MAL
211667,211993,FEM
212829,214992,FEM
212829,214992,NA
216278,218011,MAL
216511,224555,NA
218012,218458,CHI
218182,218493,OCH
219308,221179,MAL
219512,219797,CHI
219869,220011,OCH
220582,221789,FEM
222011,224512,FEM
222168,222836,MAL
225944,226476,NA
226009,226343,FEM
226042,226344,CHI
227099,229033,NA
227139,227819,CHI
227743,228992,FEM
230411,231682,NA
230492,231010,CHI
230511,231556,FEM
232129,238125,NA
232288,233044,CHI
233219,234041,OCH
233493,234445,CHI
233992,236010,FEM
234185,234381,OCH
235960,238105,CHI
239370,240551,NA
239441,240231,FEM
241680,245207,NA
241804,245192,FEM
246412,255587,NA
246491,247055,FEM
247492,248783,CHI
249011,249510,CHI
249613,252438,FEM
251492,251911,MAL
253511,255033,FEM
256039,265508,NA
256514,257930,CHI
257398,258080,FEM
258253,259591,CHI
259511,261210,FEM
260992,263010,CHI
261348,263149,FEM
263378,264492,FEM
263993,265485,MAL
270737,274510,NA
270756,271620,CHI
271510,272688,FEM
272992,274366,CHI
276492,278993,FEM
276492,279011,NA
285010,287739,NA
285491,287570,FEM
286310,286808,CHI
289192,293492,NA
289214,291360,FEM
291492,293213,OCH
292322,292957,CHI
293640,304754,NA
293855,294977,CHI
294946,296428,FEM
296511,298867,CHI
297493,299012,OCH
299467,300010,FEM
299918,301511,CHI
301421,303542,FEM
303352,304511,CHI
303674,303880,FEM
305810,308510,NA
305836,306789,CHI
307748,307878,CHI
310316,311971,NA
310397,311674,CHI
313011,314645,CHI
313035,316888,NA
315055,316304,FEM
315139,316219,MAL
317010,320005,NA
317326,319206,FEM
319290,319867,OCH
320812,323510,NA
321734,323114,OCH
321897,322808,CHI
332011,334935,FEM
332011,338150,NA
335608,336200,OCH
335617,336012,CHI
336493,338099,FEM
338680,342492,NA
338710,341552,CHI
341828,342491,FEM
344572,347510,FEM
344593,347560,NA
345684,346548,CHI
348243,348935,MAL
348359,349291,NA
350011,359549,NA
350479,351481,FEM
351434,352379,OCH
351451,352442,CHI
352337,353233,FEM
353572,354495,CHI
354836,356011,FEM
354969,357011,MAL
356992,357510,CHI
358756,359372,OCH
359011,359435,CHI
361493,363992,FEM
361493,367011,NA
363177,363543,MAL
363889,364876,CHI
364721,366010,FEM
368182,369412,NA
368511,369178,FEM
370837,374492,NA
371117,371584,MAL
371510,372192,OCH
371805,372277,FEM
371844,371991,MAL
372484,374080,FEM
375126,377642,NA
375492,377282,CHI
375644,375960,OCH
376083,376285,FEM
376319,376439,OCH
376461,377492,FEM
379235,380023,NA
379257,380025,CHI
382804,383138,NA
382811,382954,CHI
385352,386807,NA
385354,386765,FEM
388537,389912,NA
388992,389254,OCH
392136,392516,NA
393491,395099,NA
393630,394514,FEM
394733,394952,FEM
395992,405511,NA
396098,400511,FEM
400283,401263,MAL
401012,404011,FEM
401301,401492,CHI
403189,404558,MAL
406929,417472,NA
406991,407620,OCH
407992,411510,FEM
411885,413014,CHI
412028,412163,OCH
412474,415859,OCH
415493,417246,FEM
419344,436148,NA
419410,420649,FEM
420331,420957,CHI
421011,424992,FEM
424492,425646,CHI
425491,427992,FEM
427002,430235,MAL
429511,430308,FEM
430724,431848,CHI
431475,433063,FEM
433139,435993,CHI
437002,450662,NA
437493,437738,FEM
437589,437970,MAL
437847,439457,FEM
438529,438866,OCH
439460,444193,CHI
441512,442938,FEM
443570,443742,OCH
445076,446451,OCH
445119,448086,FEM
448011,449052,CHI
449030,450395,MAL
449251,450510,FEM
452512,454412,MAL
452993,457181,NA
453511,456665,FEM
456492,457010,CHI
458021,460655,FEM
458065,460844,NA
462076,473728,NA
462557,463725,FEM
463820,464536,CHI
463894,466535,FEM
464690,464992,CHI
466493,470968,CHI
470267,473315,FEM
473990,477024,NA
474346,475510,FEM
476020,476260,OCH
476756,476874,OCH
477379,482080,NA
477691,477895,FEM
478114,479575,FEM
479501,480647,CHI
479512,480511,OCH
481012,482051,CHI
483492,492454,NA
483884,486052,MAL
483992,484492,FEM
485492,488492,FEM
486305,486432,MAL
486813,488177,MAL
489113,492172,FEM
489326,489655,CHI
492013,492118,CHI
493925,494546,NA
493992,494512,CHI
497492,499036,NA
497699,498843,FEM
497991,498183,MAL
500011,511405,NA
500345,501234,CHI
500465,501010,OCH
501491,511025,FEM
502772,502991,CHI
503121,503300,CHI
503552,503992,CHI
505818,506669,CHI
511512,516554,NA
511993,516512,FEM
513700,514886,CHI
518992,520840,FEM
518992,520852,NA
547945,548470,OCH
554492,557492,NA
554992,555569,FEM
555743,556563,FEM
556092,556207,MAL
559307,560809,CHI
559307,568511,NA
560959,561992,FEM
563492,564385,FEM
564683,566396,OCH
565669,568187,FEM
566679,567261,OCH
597689,598678,NA
597993,598214,MAL
598430,598788,MAL
598992,600325,MAL
599493,600011,NA
602512,605511,NA
602795,602991,MAL
603126,605303,MAL
621511,622510,MAL
624475,626508,MAL
624859,626504,NA
642215,643467,NA
642711,643384,MAL
669622,669992,NA
669693,669992,FEM
787511,790012,NA
787610,789772,CHI
787654,788489,OCH
789438,789639,OCH
797992,799607,NA
798064,799542,FEM
810010,811250,NA
810035,810909,CHI
876936,882490,NA
877011,880492,FEM
878992,882487,MAL
880703,880840,FEM
886992,888011,MAL
887002,888011,NA
889765,892492,NA
889959,892014,FEM
897991,900011,NA
898580,898985,MAL
898655,898994,FEM
899289,899863,FEM
900183,900321,NA
900200,900308,FEM
922688,923512,MAL
924011,925412,NA
924492,925317,FEM
925778,929737,NA
925884,929011,FEM
927855,928196,MAL
928493,929283,MAL
934511,934663,NA
934811,936721,NA
934865,936510,FEM
940003,941262,NA
940511,941011,FEM
943549,943684,NA
944992,950524,NA
945010,947992,FEM
945493,947012,MAL
947121,947222,MAL
948378,950427,FEM
948952,949511,MAL
950727,951011,NA
955166,960993,NA
955177,958992,FEM
959291,960514,FEM
961512,962960,MAL
961595,962992,NA
965134,966492,NA
965156,966391,FEM
967106,971350,NA
967832,969012,FEM
968492,970271,MAL
970184,971151,CHI
971487,973991,NA
971992,972493,CHI
972010,973082,OCH
976490,979630,NA
976511,978992,FEM
979872,985510,NA
979967,980512,OCH
980254,980512,CHI
980829,982992,FEM
982763,983632,CHI
983166,984705,FEM
984876,985492,OCH
988511,996731,NA
988769,989673,FEM
989321,991493,CHI
992010,996011,FEM
995998,996538,OCH
997512,999846,NA
997657,999748,CHI
1000166,1003109,NA
1000313,1000745,CHI
1000343,1002658,FEM
1001992,1002544,CHI
1004338,1005555,FEM
1004341,1005564,NA
1007419,1007962,MAL
1008011,1008158,NA
1008430,1009011,NA
1008558,1008990,FEM
1011493,1015511,NA
1011859,1015138,FEM
1012046,1012421,MAL
1013264,1013510,MAL
1013639,1014432,MAL
1019010,1021408,FEM
1019010,1021411,NA
1022591,1025011,NA
1022780,1025011,FEM
1027011,1041166,NA
1027708,1027961,FEM
1028643,1029034,OCH
1028936,1029322,FEM
1029491,1034847,FEM
1034539,1035101,CHI
1036501,1041003,FEM
1041512,1049074,NA
1041694,1046443,FEM
1047276,1049011,FEM
1071011,1072160,NA
1071026,1072079,CHI
1076905,1077680,CHI
1076907,1077675,NA
1079492,1080250,CHI
1079492,1080251,NA
1082302,1085010,NA
1082492,1083010,CHI
1083491,1083992,FEM
1083660,1083776,OCH
1083896,1084097,CHI
1083993,1084663,OCH
1084150,1084493,FEM
1093510,1093898,NA
1095009,1096011,NA
1095201,1095491,FEM
1095454,1095815,CHI
1102749,1105017,NA
1102925,1104975,FEM
1109963,1111705,NA
1109972,1111619,FEM
1115439,1116473,NA
1115535,1116355,CHI
1124012,1126639,NA
1124358,1125305,OCH
1124447,1125449,CHI
1125770,1126615,CHI
1141278,1153492,NA
1141511,1145244,CHI
1142024,1142400,OCH
1145737,1145992,OCH
1146385,1146493,OCH
1146641,1152510,OCH
1146695,1150542,CHI
1151255,1152249,CHI
1152227,1153327,FEM
1153643,1156493,NA
1153740,1155500,OCH
1154876,1156283,FEM
1157090,1163114,NA
1157488,1158894,FEM
1158234,1159930,OCH
1159993,1160396,FEM
1160501,1161438,OCH
1160690,1161530,CHI
1161818,1162672,CHI
1162141,1162511,FEM
1164167,1166182,NA
1164260,1165532,CHI
1164491,1164719,OCH
1164993,1165111,OCH
1166486,1168011,NA
1166657,1168012,FEM
1170011,1183047,NA
1170288,1175172,FEM
1170788,1171925,MAL
1173493,1174772,MAL
1175318,1176145,CHI
1176407,1179492,FEM
1177492,1178025,CHI
1179492,1180012,CHI
1180659,1183028,CHI
1185511,1187109,NA
1185686,1186855,FEM
1187852,1190015,NA
1187992,1189386,CHI
1188511,1190143,OCH
1192136,1195492,NA
1192237,1193216,CHI
1192511,1192928,OCH
1193650,1195201,OCH
1194492,1195066,FEM
1196488,1200951,NA
1196520,1197511,FEM
1198007,1199909,OCH
1201949,1202511,NA
1204566,1207992,NA
1205123,1205324,OCH
1205992,1207011,CHI
1206770,1207536,FEM
1208955,1211010,NA
1209119,1209511,OCH
1210012,1210127,OCH
1211492,1211639,NA
1211811,1213633,NA
1211865,1213534,OCH
1212587,1213373,CHI
1218011,1229025,NA
1218167,1220821,CHI
1218491,1220010,OCH
1220511,1226014,FEM
1223081,1224169,MAL
1226131,1226288,FEM
1227339,1228510,FEM
1230540,1234890,NA
1230545,1231569,MAL
1232511,1234858,FEM
1235989,1237493,NA
1235993,1237395,FEM
1245993,1249884,NA
1246011,1249862,CHI
1250061,1251867,CHI
1250065,1251992,NA
1252491,1254303,NA
1252513,1254160,CHI
1259996,1263012,NA
1260011,1262023,FEM
1265492,1266192,NA
1265505,1266011,FEM
1266511,1266707,NA
1277481,1277626,MAL
1280919,1281280,NA
1280971,1281138,CHI
1291493,1293076,NA
1291599,1292196,FEM
1292490,1293040,FEM
1304011,1304119,NA
1304492,1306512,NA
1304880,1305351,OCH
1305580,1305877,OCH
1316491,1318492,NA
1316512,1318144,CHI
1317657,1317907,OCH
1318699,1318993,NA
1319478,1321511,NA
1319510,1321491,OCH
1319726,1320445,CHI
1332433,1333108,MAL
1342288,1343542,NA
1342729,1343370,OCH
1348010,1349508,NA
1351404,1352275,NA
1351492,1352012,CHI
1351544,1351861,OCH
1354982,1367532,NA
1354985,1359138,CHI
1357511,1359492,OCH
1359992,1360696,FEM
1360527,1361376,OCH
1360679,1361938,CHI
1362648,1362992,FEM
1363350,1367100,CHI
1368343,1369727,NA
1368438,1369511,CHI
1373600,1378011,NA
1374260,1375512,CHI
1374361,1375347,OCH
1375508,1377104,OCH
1375540,1376991,FEM
1385660,1386730,CHI
1385667,1388824,NA
1387314,1388759,FEM
1397458,1399493,NA
1397488,1398492,CHI
1398725,1399371,CHI
1431992,1432510,NA
1432208,1432505,OCH
1465189,1465992,FEM
1465202,1465992,NA
1466993,1468186,FEM
1466993,1468225,NA
1469698,1470511,NA
1469742,1470495,FEM
1473992,1474510,FEM
1473992,1474566,NA
1475167,1475494,NA
1484992,1485687,NA
1485037,1485243,CHI
1487492,1487593,FEM
1487492,1495010,NA
1488284,1490010,CHI
1489511,1491789,FEM
1491011,1491644,CHI
1492493,1494493,FEM
1500076,1501492,NA
1500150,1501309,CHI
1507339,1509511,NA
1507434,1509101,CHI
1510250,1510491,NA
1518492,1519493,CHI
1518492,1519493,NA
1526492,1528492,NA
1526511,1528099,FEM
1554491,1556266,FEM
1554491,1556281,NA
1559852,1561361,FEM
1559859,1568590,NA
1561651,1563339,CHI
1563415,1563906,FEM
1563881,1564964,CHI
1564004,1564105,OCH
1565170,1566493,CHI
1567310,1568525,FEM
1570511,1570992,NA
1570676,1570798,OCH
1575538,1578511,NA
1575555,1578503,FEM
1613324,1614898,NA
1613415,1614677,CHI
1619225,1621650,NA
1619342,1619992,CHI
1620321,1621610,CHI
1623491,1624991,NA
1623512,1624643,CHI
1628492,1630210,NA
1628515,1629727,CHI
1628701,1628932,OCH
1630491,1635736,NA
1630511,1634046,FEM
1634853,1635285,MAL
1635032,1635162,FEM
1638156,1639992,NA
1638399,1639813,OCH
1638441,1639197,CHI
1695492,1705511,NA
1695492,1696636,CHI
1696518,1701027,FEM
1701527,1702492,CHI
1702492,1703791,FEM
1703931,1705492,FEM
1706992,1707510,NA
1711010,1712492,NA
1711255,1712511,OCH
1711316,1711493,CHI
1711798,1711992,CHI
1713634,1715011,NA
1713636,1714870,CHI
1729011,1730744,NA
1729104,1730675,FEM
1729377,1729492,CHI
1761512,1761763,NA
1762212,1763402,NA
1762410,1763347,CHI
1764379,1765192,NA
1764383,1765163,CHI
1767992,1769058,NA
1768011,1768281,FEM
1769492,1770702,NA
1769511,1770778,OCH
1772758,1773573,OCH
1772776,1773510,NA
1773763,1773864,OCH
1776011,1777135,CHI
1776011,1777153,NA
1782759,1786639,NA
1783104,1783971,CHI
1783492,1786935,FEM
1787223,1787552,NA
1787260,1787675,FEM
1792992,1797204,NA
1793004,1795491,FEM
1795937,1797098,CHI
1798511,1800366,NA
1798784,1799899,CHI
1798838,1799849,FEM
1801459,1802765,NA
1801492,1802585,CHI
1803811,1805075,NA
1803890,1804958,CHI
1806011,1807587,NA
1806011,1807633,CHI
1824967,1826204,CHI
1824986,1826324,NA
1831992,1833011,CHI
1831992,1833084,NA
1841370,1842190,CHI
1841392,1842219,NA
1851512,1854511,NA
1851604,1853290,FEM
1851795,1852510,OCH
1853486,1854510,CHI
1859814,1861775,CHI
1859829,1862222,NA
1861480,1862076,FEM
1863365,1864011,CHI
1863365,1864011,NA
1865735,1866761,NA
1865801,1866516,CHI
1872204,1872511,NA
1875012,1877012,FEM
1875012,1878422,NA
1877384,1878268,CHI
1877411,1878125,OCH
1879198,1882993,NA
1879460,1882992,FEM
1888314,1892015,NA
1888390,1889219,CHI
1889492,1892011,FEM
1894794,1897921,FEM
1894961,1898010,NA
1897076,1897282,MAL
1898134,1898492,NA
1900059,1901492,OCH
1900196,1901492,NA
1906104,1920993,NA
1906107,1907970,MAL
1907511,1918166,FEM
1918713,1919555,FEM
1919695,1920843,OCH
1922920,1939012,NA
1923029,1923991,OCH
1923492,1928843,FEM
1929493,1930011,CHI
1929683,1929994,OCH
1929992,1930260,FEM
1930726,1938991,FEM
1939864,1941776,NA
1939872,1941592,FEM
1942812,1948475,NA
1942826,1944181,FEM
1944476,1946088,CHI
1946492,1947511,FEM
1947569,1948506,MAL
1949511,1951504,FEM
1949614,1951700,NA
1952259,1965992,NA
1952470,1953906,CHI
1953565,1953702,OCH
1953718,1963185,FEM
1958690,1958801,CHI
1960011,1961582,OCH
1963992,1965087,CHI
1964512,1964848,FEM
1964966,1965638,FEM
1967492,1968287,NA
1967510,1968276,FEM
1971748,1973511,NA
1975327,1976134,NA
1975490,1975817,FEM
1979011,1980992,FEM
1979011,1982511,NA
1980944,1982210,CHI
1986992,1994491,NA
1987330,1989315,FEM
1990011,1994101,FEM
1992735,1992936,CHI
1993513,1993844,CHI
1994812,1994993,NA
1995170,2014509,NA
1995334,2000621,CHI
2001011,2006011,FEM
2002021,2002510,OCH
2002376,2002536,CHI
2005209,2008009,OCH
2007464,2008021,CHI
2008608,2009511,OCH
2008753,2010035,CHI
2010175,2010707,OCH
2012168,2012968,CHI
2012583,2014495,FEM
2016161,2017654,NA
2016196,2017543,CHI
2024823,2026735,NA
2024867,2026492,FEM
2026011,2026322,CHI
2034435,2036806,NA
2034543,2035522,OCH
2034560,2036511,FEM
2035312,2036343,MAL
2040986,2041492,NA
2041193,2041316,FEM
2043741,2044090,NA
2043841,2043956,FEM
2045491,2052492,NA
2045495,2047685,CHI
2047317,2052302,FEM
2049744,2049928,CHI
2055512,2061511,FEM
2055512,2061845,NA
2062010,2067354,NA
2062110,2063122,CHI
2064147,2064690,OCH
2064415,2065993,FEM
2066248,2067353,CHI
2068991,2070491,NA
2072613,2075993,NA
2072694,2073745,CHI
2073011,2075011,OCH
2074013,2075010,CHI
2074947,2075760,FEM
2079493,2099147,NA
2079533,2080147,FEM
2079726,2079888,MAL
2080991,2084439,CHI
2083214,2093992,FEM
2093870,2095409,CHI
2095511,2097951,FEM
2097993,2098744,CHI
2099442,2103495,NA
2100082,2103418,FEM
2102576,2103384,OCH
2104993,2105612,NA
2105011,2105511,FEM
2108582,2118493,NA
2108594,2111839,OCH
2110992,2116105,CHI
2116371,2118199,CHI
2118769,2122492,NA
2118953,2119768,CHI
2119109,2119263,OCH
2119851,2122092,OCH
2119876,2120902,FEM
2136151,2155993,NA
2136804,2138011,CHI
2137236,2137997,FEM
2139195,2158657,MAL
2156701,2158382,NA
2161011,2165495,MAL
2161149,2165326,NA
2172012,2173511,MAL
2172565,2172741,NA
2174680,2174933,MAL
2177756,2179990,MAL
2178191,2179011,NA
2183492,2184526,NA
2183510,2184386,CHI
2185407,2187128,NA
2185491,2187047,CHI
2188898,2193834,NA
2188991,2190010,CHI
2190485,2190750,CHI
2191617,2192714,CHI
2192587,2193340,MAL
2196992,2209653,MAL
2197295,2209992,NA
2210492,2234993,MAL
2210930,2226887,NA
2228011,2234990,NA
2236008,2241678,NA
2237429,2241992,MAL
2245415,2268659,NA
2245492,2246710,CHI
2246503,2249441,MAL
2249510,2249680,FEM
2249642,2249790,MAL
2250043,2251614,MAL
2252301,2253030,FEM
2252475,2254412,MAL
2253548,2253703,FEM
2254097,2254320,FEM
2255011,2262991,FEM
2262492,2263363,MAL
2263223,2263447,FEM
2263712,2264009,MAL
2264510,2266491,FEM
2271004,2303186,NA
2271061,2276491,CHI
2276719,2277991,CHI
2277963,2279104,OCH
2279661,2279845,CHI
2281011,2289759,FEM
2283140,2284443,OCH
2290012,2290137,FEM
2290373,2299072,FEM
2296085,2296510,CHI
2298512,2301004,MAL
2300849,2302992,FEM
2304357,2307992,NA
2304369,2307295,FEM
2310992,2313992,NA
2311492,2312309,FEM
2312449,2313510,FEM
2314511,2317000,MAL
2315491,2320327,NA
2316992,2318011,FEM
2317835,2320562,MAL
2321492,2322511,MAL
2321647,2322513,NA
2323196,2325511,MAL
2323379,2325011,NA
2326928,2329493,NA
2326948,2328992,FEM
2331511,2332059,NA
2332748,2332993,NA
2336124,2337491,NA
2336167,2337328,CHI
2342010,2343684,NA
2342118,2343510,CHI
2342204,2343510,OCH
2352775,2355991,NA
2352999,2355745,FEM
2353781,2355011,OCH
2373796,2373924,NA
2376807,2378192,NA
2376874,2378108,CHI
2388651,2390335,NA
2388678,2390082,CHI
2393705,2395119,NA
2393773,2394735,CHI
2399336,2400492,NA
2399456,2400332,CHI
2399492,2400100,OCH
2402916,2405012,NA
2403010,2404991,CHI
2407821,2408265,NA
2408064,2408182,MAL
2412511,2414752,NA
2413392,2414567,CHI
2416492,2418176,NA
2416552,2417816,OCH
2416630,2417789,CHI
2418670,2418871,NA
2428280,2432222,NA
2428458,2429627,CHI
2428547,2429511,OCH
2430353,2431011,FEM
2431119,2431970,OCH
2431308,2432034,CHI
2432710,2434786,NA
2433086,2433491,FEM
2433613,2434685,OCH
2433729,2434470,CHI
2439362,2442322,NA
2439384,2440894,FEM
2439914,2440216,OCH
2441073,2442011,FEM
2444006,2445078,NA
2444511,2444859,CHI
2445304,2445950,NA
2446961,2450491,NA
2446990,2450265,CHI
2451769,2453126,NA
2453407,2459003,NA
2453963,2458496,FEM
2456026,2456510,MAL
2459386,2461992,NA
2459492,2461880,FEM
2462506,2464011,NA
2462542,2463762,CHI
2463011,2463801,OCH
2467235,2467399,NA
2467511,2467641,NA
2468062,2469993,NA
2468510,2469710,CHI
2468796,2469511,OCH
2474634,2476144,NA
2474720,2475444,CHI
2475492,2476073,FEM
2483398,2484549,NA
2483441,2484511,CHI
2484947,2486813,NA
2485985,2486528,CHI
2490225,2492010,NA
2490261,2491817,CHI
2498356,2501012,NA
2498492,2500789,FEM
2502274,2502873,FEM
2502289,2502841,NA
2504010,2505935,FEM
2504010,2509010,NA
2506280,2507492,CHI
2507342,2508280,FEM
2508482,2508636,OCH
2528459,2529748,NA
2528493,2529511,CHI
2539399,2539995,NA
2541596,2542705,OCH
2541787,2542518,NA
2545511,2547492,NA
2545587,2546952,FEM
2547659,2547954,OCH
2547671,2547944,NA
2548511,2549189,NA
2551510,2555012,NA
2551988,2553011,FEM
2552604,2552717,MAL
2552990,2554510,MAL
2556291,2556492,NA
2559889,2563551,NA
2559931,2562511,FEM
2561596,2561756,OCH
2562492,2563511,OCH
2564011,2571500,NA
2564889,2565068,MAL
2565511,2570167,FEM
2570010,2571340,OCH
2571666,2576492,NA
2572511,2576011,FEM
2580159,2580599,NA
2582234,2584485,OCH
2582241,2583081,NA
2583318,2583419,NA
2584234,2584357,NA
2594012,2594564,OCH
2594511,2596511,NA
2594810,2595245,OCH
2598991,2602238,NA
2601104,2601420,FEM
2602663,2603237,NA
2603377,2603991,NA
2604751,2604923,NA
2607336,2608511,NA
2607512,2608012,FEM
2607609,2607766,OCH
2611641,2615392,NA
2612483,2613409,OCH
2614295,2614457,MAL
2614651,2614948,MAL
2622270,2624010,NA
2622331,2623991,FEM
2628271,2628511,NA
2636761,2636969,MAL
2636832,2638012,NA
2637011,2637257,FEM
2639993,2640626,MAL
2640063,2640794,NA
2653493,2657313,MAL
2654011,2655155,NA
2656127,2657242,NA
2657924,2658992,NA
2658012,2658709,OCH
2659163,2661482,NA
2659944,2661402,CHI
2664691,2664993,NA
2665634,2665992,NA
2671314,2673381,NA
2671387,2672992,FEM
2672691,2672872,MAL
2674060,2675012,NA
2674318,2674429,MAL
2674787,2674930,MAL
2675136,2681915,NA
2676719,2680590,FEM
2681611,2681825,MAL
2683010,2685511,NA
2683992,2684991,FEM
2685650,2687815,NA
2686409,2686954,MAL
2686618,2687011,FEM
2689011,2689305,MAL
2690479,2693177,NA
2690493,2691738,FEM
2690513,2690991,MAL
2692011,2693202,FEM
2694269,2700541,NA
2694948,2695488,MAL
2696512,2698491,FEM
2698491,2699200,MAL
2699215,2700396,FEM
2701360,2701564,OCH
2710511,2711991,FEM
2710511,2715867,NA
2711944,2712992,CHI
2712992,2713615,FEM
2714158,2715601,FEM
2714248,2714395,CHI
2714507,2715010,CHI
2717867,2719457,NA
2717992,2719377,FEM
2721011,2722493,NA
2721308,2722167,CHI
2721492,2722022,OCH
2726269,2727636,NA
2726413,2727269,FEM
2727992,2730511,NA
2728056,2730491,CHI
2742992,2744492,FEM
2742992,2746090,NA
2745492,2746012,CHI
2759010,2760215,NA
2759122,2760221,FEM
2762309,2763538,NA
2762492,2763511,FEM
2772166,2773518,NA
2772174,2773492,CHI
2806694,2807862,OCH
2806706,2808010,NA
2810492,2821069,NA
2810671,2811582,FEM
2810810,2811492,CHI
2811795,2815357,CHI
2812511,2813853,OCH
2815511,2818548,FEM
2818758,2819212,FEM
2819197,2820493,CHI
2821908,2824554,NA
2822361,2823164,FEM
2822960,2824528,MAL
2827992,2832493,NA
2828069,2829011,OCH
2828122,2828542,CHI
2829511,2831492,MAL
2829992,2832442,FEM
2843993,2844511,FEM
2844011,2844392,NA
2857012,2859238,NA
2858303,2859123,FEM
2862511,2864092,NA
2864891,2865993,NA
2870492,2871181,NA
2870620,2871011,FEM
2872992,2874443,NA
2873030,2874012,CHI
2875156,2878386,NA
2875382,2877010,FEM
2878762,2880497,NA
2878799,2880461,FEM
2881234,2882741,NA
2881511,2882775,OCH
2901889,2902993,FEM
2901891,2902993,NA
2914292,2916710,NA
2914296,2916512,CHI
2917826,2918511,OCH
2918118,2918454,NA
2920956,2923011,NA
2921010,2922991,FEM
2932391,2936741,NA
2932468,2933371,CHI
2933702,2934993,FEM
2935013,2936592,CHI
2938926,2957122,NA
2938940,2940493,CHI
2941802,2942340,OCH
2942011,2942991,FEM
2943420,2945156,CHI
2944492,2946909,FEM
2946679,2947747,CHI
2948091,2948624,FEM
2949419,2950383,CHI
2949991,2950774,MAL
2950413,2953564,FEM
2954510,2955661,FEM
2955192,2955646,CHI
2955293,2955406,OCH
2956157,2957050,CHI
2958010,2958164,NA
2959176,2968992,NA
2959193,2960094,FEM
2960255,2962285,CHI
2961792,2965764,FEM
2965511,2966554,OCH
2965653,2965992,CHI
2966046,2966949,FEM
2966741,2966915,OCH
2966753,2968879,CHI
2969195,2970987,NA
2969340,2969991,FEM
2969511,2970863,OCH
2970010,2970781,CHI
2985950,2986510,NA
2985992,2986492,CHI
3002187,3012614,NA
3002243,3003441,CHI
3003510,3008491,FEM
3008732,3010450,CHI
3009493,3011476,OCH
3012053,3012470,OCH
3020173,3020484,NA
3027761,3029027,NA
3029262,3029493,NA
3032871,3033595,NA
3033050,3033209,CHI
3033065,3033460,OCH
3037218,3038992,NA
3037238,3038991,FEM
3041945,3044260,NA
3041992,3043997,FEM
3044512,3044713,NA
3045077,3046407,NA
3045104,3046356,FEM
3047169,3048649,NA
3047617,3048486,FEM
3051511,3052512,NA
3051894,3052375,FEM
3052686,3053493,NA
3081225,3082992,NA
3081279,3082742,FEM
3083937,3094872,NA
3084062,3086332,CHI
3084141,3084563,OCH
3084477,3084906,FEM
3087511,3088642,CHI
3089041,3094711,FEM
3090199,3091120,CHI
3095422,3097511,NA
3095493,3097511,CHI
3101510,3103010,NA
3101790,3102701,OCH
3102125,3102493,CHI
3102430,3102619,MAL
3112992,3118011,NA
3113011,3115993,FEM
3116011,3117383,OCH
3116085,3116431,CHI
3117511,3118208,OCH
3123576,3125579,NA
3124551,3125511,FEM
3159741,3163011,NA
3159768,3162861,FEM
3164972,3193492,NA
3164992,3165959,CHI
3166231,3166351,MAL
3166511,3168121,CHI
3166722,3168011,OCH
3168464,3179348,FEM
3169169,3169864,CHI
3170909,3171420,CHI
3170949,3171069,OCH
3172011,3172537,CHI
3177070,3177510,MAL
3179157,3179732,CHI
3180210,3180742,CHI
3180544,3187815,FEM
3188077,3188215,OCH
3188511,3191493,FEM
3191473,3192376,CHI
3191493,3193373,OCH
3194162,3196810,NA
3194351,3195991,CHI
3198012,3203287,NA
3198511,3201059,FEM
3199809,3200494,OCH
3201213,3201464,FEM
3201986,3202663,CHI
3202018,3202327,OCH
3204011,3208749,NA
3204492,3205678,FEM
3206566,3206993,CHI
3207011,3208123,OCH
3208974,3209607,NA
3209011,3209531,FEM
3210489,3212511,NA
3210492,3212395,FEM
3213651,3218945,NA
3213937,3214040,OCH
3214222,3215488,MAL
3215513,3216512,CHI
3216512,3217526,FEM
3217511,3218677,CHI
3219424,3221702,NA
3220012,3221512,CHI
3222335,3223069,NA
3223511,3224510,NA
3224193,3224336,CHI
3227011,3229228,NA
3227492,3228420,FEM
3227789,3228010,OCH
3238010,3240882,FEM
3238010,3241717,NA
3240861,3241634,CHI
3242816,3247244,NA
3242992,3243387,OCH
3242992,3245238,CHI
3245813,3246628,CHI
3246588,3247012,FEM
3280247,3281492,NA
3280252,3281492,FEM
3282512,3284559,NA
3282859,3284511,FEM
3301535,3303511,NA
3301992,3303011,FEM
3302105,3303011,CHI
3314657,3315492,OCH
3314971,3315511,NA
3372011,3374493,NA
3372337,3373491,FEM
3373010,3374144,CHI
3375010,3379492,NA
3375643,3376451,FEM
3376446,3379239,CHI
3381185,3385149,NA
3381610,3382467,CHI
3382015,3382147,FEM
3382253,3384992,FEM
3385363,3386205,NA
3385449,3386011,FEM
3400338,3400492,NA
3404511,3404616,NA
3404992,3409012,NA
3405105,3406511,CHI
3405265,3405570,OCH
3406372,3407010,OCH
3406762,3409011,FEM
3433992,3434242,NA
3437512,3437954,NA
3438271,3439756,NA
3438545,3438658,OCH
3439157,3439511,OCH
3439862,3439992,NA
3440617,3441493,NA
3440767,3441211,FEM
3443344,3444011,NA
3446992,3448992,FEM
3446992,3448992,NA
3466019,3467143,NA
3466734,3467011,FEM
3468012,3474011,NA
3468121,3470136,FEM
3470637,3473992,FEM
3476162,3478251,FEM
3476230,3478250,NA
3478511,3490097,NA
3478955,3483945,FEM
3479993,3480511,OCH
3483010,3488018,CHI
3483511,3483734,OCH
3484244,3485992,OCH
3488493,3490005,FEM
3489245,3489964,MAL
3492280,3493011,NA
3492516,3492862,FEM
3495810,3497508,NA
3495979,3497334,CHI
3498992,3500624,NA
3500120,3500253,OCH
3560281,3562654,NA
3560411,3562080,CHI
3560561,3562382,OCH
3574493,3575511,MAL
3574528,3575510,NA
3582178,3583128,FEM
3582206,3583080,NA
3601511,3603777,NA
3601515,3602992,CHI
3603967,3605930,NA
3604065,3605292,OCH
3604201,3605251,CHI
3619802,3621133,NA
3619991,3620961,CHI
3695990,3697306,NA
3695993,3697073,FEM
3697512,3697630,NA
3697981,3700711,NA
3698352,3700510,CHI
3699947,3700534,OCH
3722870,3724011,NA
3722993,3723118,CHI
3738309,3742023,NA
3738594,3740012,OCH
3738643,3741834,CHI
3741341,3741491,OCH
3742813,3743512,NA
3743005,3743493,FEM
3747261,3748052,NA
3747492,3748012,FEM
3752136,3753992,NA
3752224,3753512,FEM
3752512,3753487,OCH
3754806,3754992,NA
3755810,3755992,NA
3755816,3755978,OCH
3769511,3771906,NA
3769531,3771510,CHI
3819012,3822512,NA
3819908,3822512,CHI
3825986,3829616,NA
3826011,3826743,CHI
3826413,3827010,OCH
3828284,3829511,CHI
3831511,3832993,NA
3831526,3832851,CHI
3834744,3835843,NA
3834953,3835554,CHI
3835176,3835502,OCH
3837011,3839073,NA
3838551,3838912,OCH
3843776,3847013,NA
3844083,3844436,FEM
3845492,3846992,CHI
3850841,3853106,NA
3850991,3853136,FEM
3872787,3876932,NA
3872872,3876811,CHI
3878511,3882510,NA
3879412,3881206,CHI
3882629,3883017,NA
3884443,3887992,NA
3884652,3884861,CHI
3884993,3885589,CHI
3885918,3886492,CHI
3886205,3886512,OCH
3886721,3886849,OCH
3888508,3897008,NA
3888628,3889511,CHI
3889492,3890012,OCH
3889640,3890011,CHI
3890492,3892492,FEM
3892593,3895511,OCH
3895271,3896869,FEM
3898292,3902052,NA
3898493,3899634,FEM
3899711,3900511,CHI
3900653,3901281,MAL
3905774,3925492,NA
3905845,3907769,FEM
3906303,3906482,CHI
3907796,3910992,CHI
3907975,3909713,OCH
3909916,3910976,OCH
3911358,3912610,FEM
3911438,3912488,OCH
3913707,3914509,FEM
3914011,3916510,OCH
3916492,3917218,FEM
3917548,3918491,CHI
3917658,3918152,OCH
3918993,3924992,FEM
3920749,3921510,OCH
3921630,3921775,OCH
3924511,3924951,CHI
3932012,3936502,NA
3932179,3933993,CHI
3933510,3936492,FEM
3936870,3942253,NA
3936998,3938076,FEM
3937511,3938522,CHI
3938011,3938649,OCH
3938971,3939670,OCH
3938991,3939531,CHI
3940400,3940545,OCH
3940491,3940803,CHI
3940866,3941637,FEM
3942489,3949053,NA
3942511,3945862,CHI
3946443,3947037,FEM
3947493,3948992,CHI
3949219,3957766,NA
3950515,3950675,FEM
3950993,3954012,FEM
3954511,3955510,CHI
3955682,3957619,FEM
3960510,3962366,FEM
3960510,3962974,NA
3962513,3962648,FEM
3962993,3963440,FEM
3963075,3963445,NA
3968521,3969971,NA
3968607,3968934,OCH
3969211,3969420,OCH
3970370,3973019,NA
3970763,3970868,OCH
3971116,3971285,OCH
3973511,3974993,NA
3973825,3974591,FEM
3978155,3990180,NA
3978165,3979326,OCH
3979511,3979882,FEM
3979992,3981396,FEM
3983054,3983511,FEM
3985991,3986118,FEM
3986241,3990168,FEM
3997672,4002699,NA
3997969,4000510,OCH
4001365,4002615,OCH
4005140,4006011,FEM
4005288,4007978,NA
4006010,4007802,CHI
4008501,4015011,NA
4008623,4010233,FEM
4010492,4011270,OCH
4010924,4011376,CHI
4012492,4013002,CHI
4013150,4014974,FEM
4017492,4021238,NA
4017511,4020992,FEM
4022474,4023524,NA
4022492,4023224,FEM
4022992,4023400,CHI
4025482,4026957,NA
4025492,4026808,CHI
4030511,4032661,NA
4030992,4032492,FEM
4032771,4033051,NA
4033538,4039341,NA
4034492,4036011,OCH
4034629,4034992,CHI
4036011,4039183,FEM
4042548,4043172,OCH
4042610,4044932,NA
4043275,4044033,OCH
4044217,4044511,OCH
4048642,4049516,OCH
4048881,4050356,NA
4051991,4052978,OCH
4057012,4058819,NA
4057945,4058649,FEM
4063750,4065319,FEM
4063834,4065309,NA
4066494,4068112,NA
4066991,4068010,FEM
4070088,4077010,NA
4070162,4071991,FEM
4071492,4074492,OCH
4073549,4077010,FEM
4077710,4077857,NA
4077714,4077842,OCH
4079344,4090510,NA
4079368,4083752,FEM
4084017,4084964,MAL
4085512,4090510,FEM
4092576,4094167,NA
4093011,4094174,FEM
4103511,4105492,FEM
4103511,4105668,NA
4106303,4107511,FEM
4106319,4107993,NA
4109493,4110814,NA
4111007,4111662,NA
4112235,4115234,FEM
4112276,4115393,NA
4117505,4118214,NA
4117741,4117992,FEM
4121886,4122510,FEM
4121925,4122511,NA
4124491,4125573,NA
4124993,4125511,FEM
4127097,4127229,OCH
4130148,4143253,NA
4130511,4133012,CHI
4133012,4134468,FEM
4135674,4136513,CHI
4136511,4142996,FEM
4143596,4145511,NA
4143992,4145492,FEM
4149537,4170249,NA
4149829,4150614,FEM
4151346,4158010,OCH
4151439,4152011,FEM
4152492,4152981,CHI
4154370,4154478,FEM
4157011,4158133,CHI
4157992,4166993,FEM
4167067,4167168,OCH
4168493,4170251,FEM
4172411,4173491,NA
4172437,4173492,OCH
4173675,4174605,NA
4173846,4174511,CHI
4173876,4174298,OCH
4176011,4183492,NA
4176136,4183492,FEM
4192012,4192206,FEM
4192012,4196020,NA
4192493,4193408,FEM
4194033,4195493,FEM
4197012,4209773,NA
4197018,4202799,FEM
4202511,4203480,CHI
4203011,4209493,FEM
4210415,4211043,MAL
4211090,4213290,NA
4212010,4212717,FEM
4213421,4220993,NA
4214012,4214324,OCH
4214217,4214492,CHI
4214847,4215512,OCH
4215444,4218281,FEM
4218510,4218702,FEM
4218829,4220376,FEM
4221340,4231343,NA
4222603,4222932,FEM
4223011,4224012,CHI
4223396,4223870,OCH
4224493,4231284,FEM
4231945,4242512,NA
4231988,4233510,FEM
4232694,4234113,MAL
4233774,4234992,FEM
4234844,4234950,MAL
4235014,4235993,OCH
4236511,4238011,MAL
4237491,4238186,FEM
4238374,4239515,FEM
4238671,4238787,MAL
4239604,4240755,CHI
4240450,4240610,FEM
4240797,4240991,FEM
4241676,4242010,FEM
4248978,4253188,NA
4248992,4249920,CHI
4249101,4249864,OCH
4249977,4253011,FEM
4256440,4258433,FEM
4256444,4258435,NA
4264790,4267011,NA
4264891,4266992,FEM
4268658,4270492,NA
4268855,4270186,FEM
4269130,4269992,OCH
4271731,4280162,NA
4271738,4274041,CHI
4274002,4276442,FEM
4275727,4276159,MAL
4276765,4278012,OCH
4277775,4280166,FEM
4280447,4281411,NA
4280492,4281010,FEM
4283034,4286011,NA
4283454,4285999,FEM
4298771,4299510,NA
4298786,4299491,CHI
4302511,4305493,FEM
4302511,4306011,NA
4315375,4318011,NA
4315376,4318005,FEM
4320493,4321995,FEM
4320493,4322559,NA
4334492,4336011,NA
4334511,4336011,FEM
4354493,4355993,FEM
4354493,4355993,NA
4356988,4359204,NA
4357034,4359012,FEM
4376992,4377124,OCH
4376992,4382492,NA
4378165,4381992,FEM
4380991,4382174,OCH
4383185,4384386,NA
4383492,4384010,OCH
4383499,4384010,CHI
4386452,4387763,NA
4386548,4387493,CHI
4386891,4387510,OCH
4388752,4389785,NA
4389512,4389704,FEM
4390011,4396187,NA
4392993,4396012,FEM
4396923,4398011,NA
4397041,4398011,OCH
4416491,4418492,FEM
4416491,4418511,NA
4420742,4426863,NA
4420799,4421992,OCH
4421512,4426512,FEM
4427620,4429459,NA
4428010,4429244,FEM
4430096,4433341,NA
4430661,4430837,FEM
4430992,4433010,FEM
4435008,4441993,NA
4435044,4438547,FEM
4438992,4441064,FEM
4442511,4442830,NA
4442982,4446863,NA
4443029,4444511,FEM
4444764,4446845,FEM
4448999,4455012,FEM
4449011,4455101,NA
4451804,4452457,OCH
4456153,4469722,NA
4456492,4460226,FEM
4460974,4461865,FEM
4462153,4465616,FEM
4466040,4466668,FEM
4466991,4469510,FEM
4469857,4474624,NA
4470007,4471296,FEM
4471634,4473448,FEM
4474904,4475625,NA
4476468,4476991,NA
4477511,4477764,NA
4477992,4478208,NA
4481011,4482766,NA
4481492,4481890,FEM
4481992,4482481,FEM
4487187,4493789,NA
4487260,4489990,FEM
4490011,4491155,OCH
4490205,4490478,CHI
4491698,4491992,OCH
4491992,4493696,FEM
4492783,4492889,OCH
4497296,4498492,NA
4497409,4498320,CHI
4498818,4500136,NA
4498897,4499859,OCH
4501391,4504511,NA
4501496,4502880,FEM
4503011,4504388,CHI
4503306,4503510,OCH
4506813,4507294,NA
4507512,4520511,NA
4507631,4509280,FEM
4509960,4511413,FEM
4511908,4520511,FEM
4525688,4527308,NA
4525932,4527152,FEM
4526101,4526378,MAL
4530511,4532214,NA
4530840,4532138,FEM
4535900,4537054,NA
4536079,4536511,FEM
4539011,4541493,NA
4539491,4541184,FEM
4541918,4553012,NA
4542409,4544110,CHI
4544027,4547081,FEM
4546493,4547011,CHI
4548150,4550342,FEM
4551589,4553012,FEM
4554984,4555900,NA
4554993,4555585,FEM
4557156,4567492,NA
4557239,4558192,MAL
4558815,4558926,MAL
4559492,4561704,FEM
4561130,4563751,MAL
4564328,4564510,MAL
4564492,4566566,FEM
4566441,4567489,MAL
4569315,4570454,NA
4569326,4570374,FEM
4570818,4571695,NA
4571066,4571491,FEM
4573511,4575492,FEM
4573511,4575496,NA
4577511,4577800,FEM
4577511,4577803,NA
4581510,4581687,NA
4581510,4581702,FEM
4581993,4582491,FEM
4581993,4582766,NA
4583653,4588992,NA
4583974,4588993,FEM
4589922,4591991,NA
4590751,4591763,FEM
4599011,4602511,NA
4599511,4602039,FEM
4602143,4602384,FEM
4608011,4615183,NA
4608314,4610304,FEM
4610034,4612614,CHI
4612511,4613804,FEM
4614011,4614922,OCH
4614054,4615011,CHI
4616528,4619604,NA
4616651,4617512,CHI
4616992,4618048,OCH
4618318,4619383,FEM
4620308,4628428,NA
4620512,4627993,FEM
4624104,4624897,OCH
4630011,4633205,NA
4630468,4631597,FEM
4631877,4632965,FEM
4634174,4654011,NA
4634231,4652039,FEM
4651265,4652750,MAL
4652257,4652645,FEM
4652910,4653683,FEM
4655490,4662419,NA
4655492,4662056,FEM
4662861,4677011,NA
4662900,4668992,FEM
4668396,4670354,MAL
4670384,4674299,FEM
4671484,4672903,MAL
4674497,4676515,FEM
4676739,4676992,FEM
4680879,4682992,NA
4680992,4682992,FEM
4685440,4686491,NA
4685486,4686220,FEM
4686358,4686491,FEM
4686679,4686794,NA
4689279,4701898,NA
4689374,4694492,FEM
4693511,4698010,MAL
4695465,4696491,FEM
4696886,4696992,FEM
4697965,4698351,FEM
4698169,4698277,MAL
4698467,4700992,FEM
4702963,4704590,NA
4707755,4717612,NA
4707830,4709875,FEM
4709306,4710035,MAL
4710511,4710781,FEM
4710992,4713992,FEM
4714025,4714992,CHI
4714154,4714713,OCH
4715012,4717513,FEM
4715179,4715511,OCH
4718633,4721011,NA
4718638,4720121,FEM
4723429,4733011,NA
4723491,4733010,FEM
4729998,4731510,MAL
4733174,4733360,NA
4734676,4752753,NA
4734992,4735189,FEM
4735493,4746492,FEM
4740058,4741003,MAL
4741684,4742011,CHI
4746153,4748483,MAL
4748441,4751750,FEM
4751306,4753404,MAL
4753682,4783991,NA
4753745,4755011,MAL
4754990,4762457,FEM
4761627,4762511,MAL
4762945,4763782,FEM
4763338,4763731,OCH
4764992,4766492,OCH
4765024,4766657,CHI
4766934,4767992,CHI
4767161,4767473,OCH
4767905,4771329,FEM
4770181,4770299,CHI
4771484,4772702,CHI
4772643,4774800,FEM
4775406,4776825,CHI
4777010,4783991,FEM
4786067,4789933,NA
4786493,4788992,FEM
4787012,4787491,MAL
4789010,4790293,MAL
4790510,4793296,NA
4790674,4792243,FEM
4791992,4793011,CHI
4792510,4792974,FEM
4796955,4836562,NA
4797006,4807398,FEM
4797019,4798511,OCH
4800011,4801992,OCH
4805772,4805990,MAL
4807586,4813492,FEM
4807807,4807989,MAL
4813595,4814410,MAL
4814512,4823012,FEM
4823493,4824943,CHI
4823726,4823993,OCH
4824949,4826010,FEM
4825764,4826510,CHI
4826338,4833493,FEM
4830511,4831395,MAL
4833378,4835501,OCH
4834554,4834762,CHI
4836137,4836299,FEM
4836898,4849389,NA
4836989,4842838,FEM
4842511,4843535,MAL
4843010,4849293,FEM
4850731,4863278,FEM
4850732,4880305,NA
4857199,4857322,CHI
4861688,4861973,MAL
4863053,4864040,CHI
4863512,4880225,FEM
4865360,4865993,CHI
4867493,4867736,CHI
4869055,4869254,OCH
4882992,4886510,FEM
4882992,4886698,NA
4886803,4890272,NA
4887511,4889531,FEM
4889371,4889511,MAL
4891011,4895805,NA
4891361,4892655,FEM
4893186,4895511,FEM
4896980,4899553,NA
4897856,4898465,MAL
4897992,4899492,FEM
4903289,4906991,NA
4903492,4905026,OCH
4904083,4904517,FEM
4904511,4905350,CHI
4906167,4906876,FEM
4908581,4914492,NA
4908754,4909405,OCH
4908764,4909355,FEM
4909607,4910491,FEM
4910551,4910993,OCH
4911492,4914398,FEM
4915561,4923040,NA
4915699,4917839,FEM
4918820,4923010,FEM
4923141,4930215,NA
4923170,4925089,FEM
4925510,4926170,FEM
4925802,4926371,CHI
4927014,4927988,FEM
4927061,4930018,MAL
4929171,4929954,FEM
4931997,4932557,NA
4932009,4932510,CHI
4932935,4958492,NA
4932949,4934512,CHI
4933992,4934993,FEM
4935678,4935992,CHI
4936012,4938066,OCH
4936179,4937993,CHI
4937993,4944492,FEM
4939201,4940244,CHI
4939665,4939790,OCH
4939993,4940189,OCH
4942040,4942246,OCH
4944682,4945737,CHI
4945369,4945479,OCH
4945492,4946999,FEM
4946511,4948244,CHI
4948491,4950693,FEM
4949011,4950199,CHI
4950838,4951889,CHI
4952051,4953011,FEM
4953952,4958437,FEM
4954100,4955266,OCH
4960826,4969771,NA
4960992,4962259,CHI
4962492,4966596,FEM
4967531,4967845,MAL
4968056,4969669,FEM
4984991,4989492,NA
4985012,4989244,CHI
4985324,4985427,OCH
4996011,5001190,NA
4996227,5000461,CHI
4998405,4998886,FEM
5001458,5003213,NA
5001512,5003010,CHI
5009629,5012493,CHI
5009629,5012511,NA
5016652,5017025,NA
5016684,5017011,CHI
5028008,5031731,NA
5028266,5031511,CHI
5028531,5029493,OCH
5058511,5067171,NA
5058592,5060042,FEM
5060337,5062171,CHI
5061012,5062283,FEM
5062385,5062535,CHI
5062399,5066103,FEM
5062667,5062917,CHI
5066832,5067011,FEM
5074512,5082646,NA
5074645,5077882,CHI
5078405,5079492,FEM
5078449,5078900,OCH
5079458,5081230,CHI
5079782,5079968,MAL
5079792,5079946,FEM
5080214,5080395,OCH
5081493,5082549,FEM
5081712,5081832,CHI
5084638,5089014,NA
5084677,5087829,CHI
5086321,5088888,FEM
5093511,5097465,NA
5093580,5097218,CHI
5100185,5101889,CHI
5100227,5102252,NA
5104991,5116554,NA
5104991,5110992,CHI
5110525,5113011,FEM
5113101,5115011,CHI
5115012,5116492,FEM
5118512,5118792,NA
5119011,5122992,NA
5119095,5122510,CHI
5130702,5136838,NA
5130992,5131510,CHI
5133512,5136492,CHI
5137012,5137123,NA
5137906,5139011,NA
5137992,5138773,CHI
5140493,5145849,NA
5140511,5141502,OCH
5140653,5143942,CHI
5143993,5145073,FEM
5144789,5145734,CHI
5148446,5149150,NA
5148492,5149022,CHI
5153009,5153831,NA
5153993,5166992,NA
5155010,5157329,FEM
5157338,5159466,MAL
5159415,5163011,CHI
5161744,5161992,FEM
5163343,5163788,FEM
5163991,5165253,FEM
5165492,5166469,FEM
5165566,5166990,MAL
5167108,5167407,MAL
5169493,5170615,CHI
5169493,5178992,NA
5171759,5172491,FEM
5172626,5173417,CHI
5173492,5174712,FEM
5174531,5175810,CHI
5176077,5177643,CHI
5176479,5176899,FEM
5178511,5178651,FEM
5182491,5184378,NA
5182498,5184363,FEM
5185048,5186914,NA
5185431,5186698,FEM
5188492,5194010,NA
5188610,5190141,CHI
5189788,5190279,FEM
5190510,5191079,CHI
5191493,5192919,CHI
5192993,5194011,FEM
5193258,5193432,CHI
5195991,5198011,NA
5196211,5196629,CHI
5196499,5197837,FEM
5201435,5201945,OCH
5201493,5201874,NA
5204198,5206493,NA
5204309,5206447,CHI
5207011,5209282,NA
5207328,5209203,CHI
5213855,5223919,NA
5213860,5215785,CHI
5214797,5215097,OCH
5215492,5215792,OCH
5216025,5216295,FEM
5216547,5217386,OCH
5216592,5216698,FEM
5217823,5220493,OCH
5219993,5221390,CHI
5221346,5222510,FEM
5222510,5223511,CHI
5229163,5233993,NA
5229461,5233492,CHI
5234397,5246169,NA
5234473,5237070,CHI
5237111,5241259,FEM
5239382,5241621,MAL
5241929,5242992,FEM
5242011,5245906,MAL
5245511,5245776,OCH
5246512,5255000,NA
5246807,5246937,OCH
5247796,5248596,OCH
5247992,5251213,CHI
5251147,5255011,FEM
5264492,5264936,FEM
5264492,5265010,NA
5269948,5284493,NA
5269992,5271394,OCH
5270096,5270752,CHI
5271551,5272417,OCH
5272366,5275900,FEM
5276244,5276531,OCH
5276286,5277992,CHI
5276880,5276991,OCH
5276991,5277511,FEM
5277693,5279050,FEM
5279254,5281510,OCH
5280272,5281826,CHI
5282012,5282898,CHI
5283652,5283927,FEM
5286011,5289011,NA
5286239,5286475,FEM
5287012,5289012,FEM
5292662,5293894,NA
5292766,5293816,FEM
5294430,5295011,NA
5297133,5297330,NA
5304506,5307132,NA
5304638,5304984,FEM
5305301,5306573,CHI
5305372,5306494,OCH
5308499,5309601,NA
5332993,5333492,FEM
5332993,5333492,NA
5339010,5339229,NA
5348918,5351890,NA
5348973,5350504,FEM
5351010,5351827,FEM
5353266,5353661,NA
5361792,5365775,NA
5361992,5365731,CHI
5365992,5369038,CHI
5366010,5369692,NA
5368899,5369614,FEM
5369158,5369318,CHI
5370325,5375789,NA
5370511,5375779,FEM
5416492,5416907,NA
5416622,5416794,FEM
5420002,5420827,NA
5420150,5420693,CHI
5463744,5473511,NA
5464621,5465929,FEM
5466435,5467066,CHI
5467053,5473493,FEM
5476493,5480450,NA
5476511,5480401,FEM
5481189,5487283,FEM
5481196,5487659,NA
5492602,5494328,NA
5492991,5494010,FEM
5501348,5501726,NA
5516492,5516683,NA
5518623,5518745,NA
5518991,5520981,NA
5519126,5520496,CHI
5519840,5520167,OCH
5525216,5525994,NA
5525248,5525997,CHI
5531473,5532205,NA
5531483,5532082,CHI
5534386,5534492,NA
5535992,5538056,NA
5536345,5537061,FEM
5536510,5537836,CHI
5539222,5540832,FEM
5539274,5540992,NA
5544011,5546065,NA
5544114,5545511,CHI
5544452,5544810,OCH
5546225,5567072,NA
5546929,5548893,OCH
5548011,5549012,FEM
5549541,5552992,CHI
5552604,5554205,FEM
5554256,5557160,CHI
5556492,5556669,FEM
5557012,5558627,FEM
5558505,5560194,CHI
5559082,5559259,FEM
5560248,5560511,FEM
5561512,5562492,CHI
5563127,5566190,FEM
5563492,5563678,MAL
5565868,5567010,CHI
5566344,5566493,FEM
5577512,5580492,NA
5577628,5580228,FEM
5582993,5583511,NA
5584511,5588689,NA
5585492,5587244,CHI
5587169,5588686,FEM
5592427,5600390,NA
5592848,5596287,FEM
5596125,5596511,CHI
5596477,5597972,FEM
5597804,5599022,CHI
5598929,5599992,FEM
5603011,5606428,NA
5603146,5604356,CHI
5603837,5604375,OCH
5604631,5605510,OCH
5605350,5605748,CHI
5605764,5606194,FEM
5614490,5617441,NA
5614491,5617318,CHI
5617986,5619830,NA
5618008,5619491,CHI
5620710,5622543,NA
5620733,5622527,OCH
5620762,5621511,CHI
5621520,5621721,MAL
5623918,5627511,NA
5623980,5627335,CHI
5626970,5627105,OCH
5645492,5646010,NA
5645531,5645877,FEM
5647904,5648410,MAL
5652492,5685456,NA
5652511,5654511,FEM
5654671,5657908,FEM
5654688,5655512,CHI
5657987,5660992,CHI
5660631,5663491,FEM
5663412,5667148,CHI
5664080,5664240,OCH
5664364,5664820,OCH
5665154,5665389,FEM
5667119,5668791,FEM
5669011,5670098,CHI
5670209,5674435,FEM
5670992,5671141,MAL
5674492,5675663,CHI
5676011,5676165,FEM
5677098,5679118,CHI
5678492,5679675,FEM
5679992,5681011,CHI
5680230,5680353,FEM
5680954,5683492,FEM
5683051,5683510,OCH
5684362,5685314,CHI
5692349,5694960,NA
5692493,5693504,CHI
5693492,5694511,FEM
5695132,5700011,NA
5695493,5697262,OCH
5696020,5696425,FEM
5696602,5699992,FEM
5701776,5706324,NA
5701789,5704011,OCH
5704012,5706039,FEM
5704332,5704437,OCH
5707010,5709492,FEM
5707010,5709492,NA
5717491,5719641,NA
5717616,5719531,OCH
5718011,5719012,CHI
5724638,5741682,NA
5724687,5725315,FEM
5725937,5729535,CHI
5727152,5727511,OCH
5729344,5730510,FEM
5731440,5734774,FEM
5735566,5739135,FEM
5740355,5741556,CHI
5746469,5746616,OCH
5746493,5747993,NA
5750141,5751955,NA
5750251,5751235,CHI
5754011,5755511,NA
5754491,5755266,FEM
5757492,5761718,NA
5757512,5759248,MAL
5757554,5757991,FEM
5758992,5759807,FEM
5759439,5759982,MAL
5760671,5761130,CHI
5762991,5763992,NA
5763076,5763962,CHI
5770992,5775012,NA
5771010,5774918,CHI
5776993,5778426,CHI
5776993,5778512,NA
5778980,5780018,NA
5779009,5780011,CHI
5781993,5783011,NA
5782011,5782937,OCH
5784278,5787803,NA
5784510,5787752,CHI
5784532,5785276,OCH
5788947,5790025,NA
5788960,5790011,CHI
5796009,5796326,NA
5796510,5798405,NA
5797006,5798133,CHI
5808497,5818042,NA
5808745,5814012,CHI
5810425,5811468,OCH
5814239,5816466,CHI
5814929,5816220,OCH
5816814,5817992,FEM
5826293,5827511,NA
5826470,5827331,FEM
5830491,5831510,NA
5830709,5830879,MAL
5830864,5830992,FEM
5830993,5831423,MAL
5836533,5836732,NA
5838480,5838897,NA
5839948,5840631,NA
5843634,5846331,NA
5844012,5844889,FEM
5844977,5846362,MAL
5846492,5847511,NA
5846560,5847431,FEM
5849415,5850026,MAL
5849511,5849911,NA
5854305,5856485,NA
5854319,5855993,OCH
5854572,5854722,CHI
5865510,5867010,NA
5865991,5866511,CHI
5870882,5871009,NA
5886434,5890276,NA
5889491,5890169,MAL
5895492,5897369,NA
5895526,5895877,OCH
5896252,5896358,FEM
5904596,5906491,NA
5904644,5906308,CHI
5907524,5907949,MAL
5907526,5907656,NA
5909510,5910992,NA
5909993,5910756,CHI
5910354,5910492,OCH
5921751,5922510,NA
5922266,5922426,OCH
5923012,5924511,MAL
5923409,5927992,NA
5924780,5925690,CHI
5925226,5926115,FEM
5926144,5927511,CHI
5929011,5930356,NA
5929214,5930296,CHI
5932406,5934991,NA
5932492,5934595,CHI
5935224,5935329,NA
5938491,5938855,NA
5945009,5946492,CHI
5945010,5946510,NA
5960491,5962492,NA
5960512,5962394,CHI
5967358,5967463,MAL
5973104,5978649,NA
5973492,5978511,CHI
5976858,5977904,FEM
5979012,5979182,NA
5979491,5980315,NA
5979555,5980083,CHI
5980485,5982696,NA
5980645,5981249,CHI
5980684,5981492,OCH
5982010,5982128,FEM
5983021,5983143,NA
5983308,5990196,NA
5983381,5984454,MAL
5985507,5986439,CHI
5985569,5985984,OCH
5986011,5986300,FEM
5986859,5987117,FEM
5987755,5989105,CHI
5989270,5990061,CHI
5992181,5993710,NA
5992491,5992879,FEM
5993274,5993492,FEM
5994491,5995228,NA
5994744,5994884,CHI
5997491,6000510,NA
5998374,5999913,CHI
6000325,6000492,FEM
6007627,6016699,NA
6007787,6012318,CHI
6012590,6013537,OCH
6012632,6013761,CHI
6014491,6015539,FEM
6015992,6016647,CHI
6017510,6019491,NA
6017642,6018992,CHI
6020322,6022011,NA
6020796,6021512,OCH
6021010,6021904,FEM
6044492,6049408,NA
6044993,6045992,FEM
6046834,6046993,OCH
6046972,6047625,FEM
6047992,6048340,FEM
6050509,6052991,NA
6050828,6050992,FEM
6051011,6052812,CHI
6053204,6056376,NA
6054011,6056078,CHI
6056760,6065992,NA
6057011,6062782,CHI
6062992,6064011,FEM
6064492,6065879,CHI
6067519,6068992,NA
6067686,6068650,CHI
6076991,6077605,NA
6080427,6081688,NA
6080665,6081011,FEM
6081229,6081428,FEM
6083287,6087992,NA
6083753,6083900,OCH
6083998,6084190,FEM
6084323,6087011,FEM
6084482,6084614,OCH
6087012,6088993,OCH
6090049,6091284,NA
6090491,6091281,OCH
6091433,6091607,OCH
6092226,6094992,NA
6092992,6094511,FEM
6096279,6100992,NA
6096315,6098170,CHI
6097992,6098166,FEM
6098497,6100512,CHI
6104499,6105329,OCH
6104599,6105218,NA
6105475,6106636,OCH
6105491,6107742,NA
6106830,6107233,OCH
6121950,6128214,NA
6121992,6128011,CHI
6122412,6122567,OCH
6137333,6138011,CHI
6137336,6138011,NA
6145511,6150793,NA
6146012,6149697,OCH
6148492,6150343,CHI
6149851,6149993,OCH
6153492,6155492,NA
6153580,6155379,FEM
6156336,6157991,NA
6156493,6156662,OCH
6156818,6157166,OCH
6159024,6165492,NA
6159491,6165428,CHI
6170823,6172991,NA
6170831,6172510,FEM
6175511,6179011,NA
6176010,6177930,FEM
6177178,6177386,OCH
6179664,6180493,NA
6179768,6180492,CHI
6186213,6187695,CHI
6186225,6193993,NA
6187992,6189639,FEM
6191011,6191338,CHI
6191512,6193917,CHI
6216100,6216248,OCH
6242511,6246843,NA
6242992,6246689,CHI
6243510,6245140,OCH
6245270,6245412,OCH
6253166,6255993,NA
6253234,6254992,CHI
6254913,6255492,FEM
6265689,6268011,NA
6265991,6266389,FEM
6267333,6267512,OCH
6273492,6274621,NA
6273597,6274010,MAL
6273858,6273991,FEM
6274982,6276011,NA
6275264,6275991,MAL
6292492,6293106,OCH
6292492,6293457,NA
6294498,6296034,NA
6295011,6295384,OCH
6295018,6295492,FEM
6296817,6296993,NA
6297780,6299010,NA
6298012,6299011,FEM
6299726,6299881,NA
6299792,6299895,FEM
6301511,6301879,NA
6301992,6302156,NA
6302510,6302729,NA
6302990,6304917,NA
6303229,6304510,CHI
6306392,6309011,NA
6307102,6308528,OCH
6313356,6316010,NA
6313476,6315803,FEM
6314515,6315684,MAL
6320229,6321636,NA
6320249,6321597,CHI
6333512,6335012,NA
6333771,6334367,OCH
6333992,6334630,FEM
6341708,6343962,CHI
6341711,6343992,NA
6345464,6355738,NA
6345493,6350512,CHI
6346011,6346308,OCH
6346900,6347562,OCH
6350798,6352511,CHI
6350992,6351100,OCH
6352012,6352125,OCH
6353451,6355707,CHI
6354480,6354591,FEM
6356036,6357467,NA
6356558,6357162,CHI
6363002,6363510,NA
6367992,6370103,NA
6368011,6370011,FEM
6381377,6382511,NA
6383332,6383492,OCH
6389032,6389184,OCH
6391489,6397613,NA
6391616,6392993,OCH
6391681,6391954,CHI
6392512,6394151,CHI
6395011,6396776,FEM
6398215,6399992,NA
6398992,6399613,CHI
6408438,6409294,NA
6408512,6409113,CHI
6411012,6411576,NA
6411047,6411511,FEM
6416813,6425612,NA
6416845,6420492,CHI
6417510,6417630,OCH
6419198,6419326,OCH
6419491,6420384,OCH
6420511,6422907,OCH
6420752,6421992,CHI
6421992,6422971,FEM
6422527,6422891,CHI
6423992,6424512,OCH
6424188,6424512,FEM
6424657,6425011,CHI
6424707,6424881,OCH
6424723,6425228,FEM
6426861,6428528,NA
6426969,6427492,CHI
6427011,6428493,OCH
6427620,6428209,CHI
6430138,6430265,OCH
6430492,6431493,OCH
6431086,6431251,NA
6436010,6439981,NA
6436493,6437011,OCH
6436493,6437590,FEM
6438174,6440147,OCH
6440887,6458262,NA
6440983,6441612,CHI
6441992,6442491,FEM
6442043,6444736,OCH
6442671,6443012,CHI
6443402,6444744,CHI
6444510,6448511,FEM
6447598,6449068,CHI
6449011,6450037,FEM
6449149,6449547,MAL
6450492,6451027,OCH
6451238,6453010,OCH
6451728,6452327,CHI
6452227,6454559,FEM
6454399,6455427,CHI
6455082,6455236,FEM
6455511,6458003,FEM
6458403,6461010,NA
6459011,6461011,FEM
6462831,6465602,NA
6462992,6465523,FEM
6463511,6463614,MAL
6466510,6469492,NA
6466757,6467511,FEM
6466836,6468659,CHI
6468765,6469011,FEM
6471011,6478514,NA
6471370,6472511,FEM
6473064,6474579,CHI
6474857,6477012,FEM
6500010,6513171,NA
6500010,6505491,FEM
6502403,6503115,CHI
6504580,6504723,OCH
6504837,6506511,OCH
6505512,6507115,CHI
6506033,6508969,FEM
6509938,6511511,FEM
6513510,6523492,NA
6513878,6514511,OCH
6513991,6515866,FEM
6515856,6516492,CHI
6516388,6518482,FEM
6518435,6520123,CHI
6518991,6520010,OCH
6520314,6521244,CHI
6520363,6520992,OCH
6521327,6523492,FEM
6523728,6528011,NA
6524511,6525896,OCH
6525011,6525151,CHI
6525492,6525883,CHI
6527426,6527677,OCH
6531992,6534152,NA
6532004,6534010,FEM
6533180,6533438,MAL
6533789,6533985,MAL
6535510,6538013,NA
6535510,6538033,FEM
6540991,6542716,NA
6541012,6542703,FEM
6544274,6568368,NA
6544463,6546395,OCH
6544483,6544993,CHI
6545011,6545458,FEM
6545602,6547403,CHI
6547510,6549437,FEM
6548975,6549512,CHI
6550041,6551018,FEM
6550867,6551947,CHI
6552269,6553675,FEM
6553884,6554362,MAL
6554010,6557542,FEM
6557588,6557902,CHI
6558492,6559778,FEM
6558513,6559699,MAL
6560436,6567908,FEM
6568805,6583179,NA
6568963,6571278,CHI
6568992,6573493,OCH
6571511,6572010,CHI
6572801,6579011,FEM
6578518,6578656,MAL
6579250,6580011,CHI
6579510,6581491,OCH
6580796,6582477,FEM
6581751,6582215,OCH
6588159,6592012,NA
6589200,6589387,OCH
6589512,6589721,FEM
6590386,6591790,CHI
6593493,6611030,NA
6593511,6595058,CHI
6596993,6599415,CHI
6599676,6599897,CHI
6600012,6600554,CHI
6600994,6602999,CHI
6603243,6603491,CHI
6604001,6604771,FEM
6604991,6609510,CHI
6606227,6606477,OCH
6606773,6609200,OCH
6609511,6610927,FEM
6611166,6611576,NA
6611186,6611510,FEM
6612928,6618993,NA
6613274,6615993,OCH
6614568,6617246,CHI
6617992,6618674,FEM
6619170,6623367,NA
6619474,6623291,CHI
6625493,6626138,MAL
6625493,6629128,NA
6626492,6627992,OCH
6626510,6628992,CHI
6629391,6633075,NA
6629695,6631723,CHI
6631748,6633010,FEM
6635491,6637011,FEM
6635491,6637422,NA
6637597,6639180,NA
6637866,6638531,CHI
6637999,6638296,OCH
6639511,6644287,NA
6639889,6642015,FEM
6640684,6640827,OCH
6641362,6642450,MAL
6642169,6642512,FEM
6642623,6643465,OCH
6644842,6646492,NA
6644950,6646133,CHI
6645240,6645986,OCH
6647187,6650569,NA
6647270,6649131,CHI
6648765,6649285,FEM
6649751,6650424,CHI
6650790,6653991,NA
6650964,6651158,MAL
6650993,6651314,CHI
6651492,6653492,FEM
6654511,6658323,FEM
6654511,6659012,NA
6658187,6658906,CHI
6664012,6675492,NA
6664493,6668992,FEM
6669047,6673492,CHI
6670110,6673161,OCH
6673992,6675123,FEM
6679761,6683492,NA
6679964,6682492,CHI
6682191,6683011,OCH
6683659,6685902,NA
6684118,6685709,OCH
6687752,6688992,NA
6690863,6691870,NA
6690911,6691512,OCH
6693712,6694731,NA
6693992,6694483,CHI
6695011,6704993,NA
6695382,6703139,CHI
6695710,6695939,OCH
6696543,6698511,OCH
6703165,6704993,FEM
6707279,6718374,NA
6707607,6709011,FEM
6708135,6708511,CHI
6708288,6708847,MAL
6708714,6709725,CHI
6709122,6709262,FEM
6709483,6713992,FEM
6713812,6715803,CHI
6715992,6716897,FEM
6717023,6717590,CHI
6719804,6724681,NA
6719871,6721646,CHI
6721093,6722104,FEM
6722509,6724011,CHI
6727409,6730511,NA
6727490,6730494,CHI
6754480,6758258,NA
6754558,6755356,CHI
6754649,6756849,OCH
6756124,6758184,CHI
6759818,6765512,NA
6759889,6761242,CHI
6761602,6762512,CHI
6761745,6762646,OCH
6762493,6763993,FEM
6764349,6765491,CHI
6767690,6769649,NA
6767992,6768993,OCH
6767992,6769011,CHI
6769761,6769874,NA
6784511,6790287,NA
6784695,6786511,CHI
6785659,6787058,FEM
6787442,6790064,CHI
6793492,6796992,NA
6793797,6794696,CHI
6794493,6795011,FEM
6795605,6795728,MAL
6796109,6796605,MAL
6802010,6805689,CHI
6802010,6805728,NA
6806167,6806969,NA
6806238,6806722,CHI
6810510,6830492,NA
6810569,6811425,CHI
6810991,6811337,OCH
6811612,6812010,FEM
6811644,6812788,OCH
6812011,6813012,CHI
6813011,6813423,MAL
6813511,6815435,FEM
6815510,6816819,OCH
6815556,6816012,CHI
6816638,6817011,FEM
6817676,6819993,CHI
6819010,6821492,OCH
6821493,6825511,FEM
6825224,6826208,CHI
6826710,6829491,FEM
6829233,6830328,CHI
6831187,6832186,NA
6831221,6832088,CHI
6834245,6836084,NA
6834302,6836010,CHI
6840492,6842492,NA
6840511,6842359,FEM
6852492,6856950,CHI
6852492,6857242,NA
6856012,6856186,OCH
6856294,6856437,OCH
6861961,6872511,NA
6861993,6864295,CHI
6862013,6864038,OCH
6864463,6866039,OCH
6864612,6864933,CHI
6865196,6866230,CHI
6866011,6871492,FEM
6871552,6872311,OCH
6877913,6878153,OCH
6890493,6892403,CHI
6890493,6892493,NA
6894344,6898492,NA
6894453,6898366,CHI
6894637,6896011,OCH
6896139,6896492,OCH
6900491,6902418,CHI
6900491,6902508,NA
6903011,6908492,NA
6903044,6906011,CHI
6904911,6908011,OCH
6909357,6910013,OCH
6909476,6909942,NA
6911160,6911526,NA
6913964,6914679,NA
6913991,6914511,CHI
6915751,6920095,NA
6915878,6918492,CHI
6918166,6918848,FEM
6918823,6919964,CHI
6921158,6925809,NA
6921484,6921683,FEM
6921641,6923511,CHI
6922992,6923181,OCH
6924081,6924883,CHI
6924493,6925303,OCH
6925011,6925117,CHI
6925409,6925510,OCH
6926511,6928366,NA
6926632,6928206,CHI
6929143,6930491,NA
6929803,6929987,CHI
6929992,6930326,FEM
6934697,6936697,NA
6934795,6935564,FEM
6936801,6937010,NA
6938057,6938286,NA
6938060,6938325,MAL
6938489,6940460,NA
6939751,6941010,MAL
6948302,6948815,MAL
6954010,6961496,NA
6954402,6959873,CHI
6957125,6957295,FEM
6957790,6957993,FEM
6960349,6961502,CHI
6962429,6963333,NA
6962529,6963018,CHI
6962608,6962736,FEM
6963011,6963156,FEM
6973827,6977492,NA
6973908,6977438,CHI
6988992,6990511,NA
6989051,6990357,CHI
6992501,6994725,NA
6992565,6993680,CHI
6993245,6994472,FEM
6995012,6999847,NA
6995195,6998433,CHI
6995492,6999491,OCH
7002067,7003010,OCH
7002212,7003010,NA
7004011,7007492,NA
7004200,7006166,CHI
7006011,7007309,FEM
7011603,7012543,NA
7011880,7012145,CHI
7012909,7020511,NA
7013982,7016142,CHI
7016698,7018492,CHI
7018004,7019391,OCH
7019776,7019950,OCH
7022492,7024569,CHI
7022492,7025111,NA
7025511,7025634,NA
7026510,7029291,NA
7026767,7029140,CHI
7032459,7035694,NA
7032493,7035512,CHI
7036021,7036630,NA
7040010,7042511,NA
7040491,7042391,CHI
7044557,7044780,MAL
7045043,7045426,MAL
7045216,7045386,NA
7045512,7045716,NA
7046241,7047011,NA
7054001,7055992,NA
7054479,7055723,MAL
7059493,7060554,NA
7059501,7060416,MAL
7066416,7068181,CHI
7066443,7069251,NA
7070617,7071457,NA
7070779,7071361,MAL
7079118,7079373,NA
7109340,7111237,NA
7109362,7110992,CHI
7111785,7125012,NA
7111851,7124551,CHI
7112510,7113357,OCH
7126105,7126221,NA
7126491,7129196,NA
7127305,7128790,CHI
7128172,7128511,OCH
7129853,7130992,NA
7130492,7130991,FEM
7131110,7134959,NA
7131373,7132991,FEM
7132511,7134806,CHI
7133746,7134011,OCH
7134114,7134543,OCH
7136721,7141492,NA
7136773,7137931,OCH
7138599,7141421,CHI
7155824,7156561,NA
7155854,7156510,CHI
7158491,7160351,CHI
7158491,7160442,NA
7161482,7163269,NA
7161492,7163120,CHI
7164011,7166060,NA
7164204,7165949,CHI
7166510,7169011,NA
7166976,7168993,CHI
7171524,7172565,NA
7171553,7172512,CHI
7176492,7177511,NA
7176511,7176906,FEM
7183271,7198492,NA
7183385,7193491,CHI
7185993,7186511,FEM
7194454,7198251,CHI
7199493,7201012,NA
7199629,7200491,OCH
7200006,7200217,FEM
7200365,7200738,FEM
7213992,7216290,CHI
7213992,7216511,NA
7223011,7224088,NA
7223524,7223959,OCH
7223610,7223850,CHI
7227341,7228011,NA
7245511,7246918,MAL
7259509,7260692,NA
7259510,7261446,OCH
7263992,7264510,NA
7264176,7264404,FEM
7271993,7273993,CHI
7271993,7274097,NA
7285955,7287778,NA
7285992,7287318,CHI
7288491,7289331,OCH
7288539,7289162,NA
7292492,7292892,FEM
7292492,7293010,NA
7295589,7296190,NA
7295648,7296021,MAL
7306289,7308491,NA
7306338,7307992,CHI
7309646,7310367,NA
7318704,7319511,NA
7318991,7319492,FEM
7337010,7338991,CHI
7337010,7339055,NA
7352846,7355666,NA
7352957,7355510,CHI
7353992,7354346,OCH
7354493,7354647,OCH
7360958,7364512,NA
7361012,7362492,CHI
7362242,7362345,OCH
7363621,7363768,MAL
7366407,7368493,NA
7366493,7368012,CHI
7366748,7368012,OCH
7368705,7371960,NA
7369799,7371844,CHI
7374424,7376292,NA
7374512,7376014,CHI
7377320,7385002,NA
7377467,7381444,FEM
7381002,7382101,CHI
7382198,7384090,FEM
7383511,7384010,CHI
7384213,7384510,FEM
7385167,7386686,NA
7385372,7386543,OCH
7385492,7385992,CHI
7387991,7413172,NA
7388012,7390012,FEM
7389757,7389885,OCH
7390011,7393808,CHI
7390118,7390719,OCH
7391658,7391882,FEM
7392992,7394993,OCH
7395492,7399991,FEM
7399699,7401491,CHI
7401011,7407466,FEM
7401856,7402884,CHI
7406947,7411491,CHI
7409354,7409486,OCH
7411134,7411284,OCH
7411718,7412155,OCH
7411767,7412012,CHI
7414507,7419011,NA
7414511,7418654,FEM
7416993,7418011,CHI
7420970,7423010,OCH
7421131,7434992,NA
7423093,7424484,FEM
7423947,7427064,CHI
7425010,7427455,OCH
7427327,7434835,FEM
7429492,7430061,MAL
7431141,7433512,MAL
7436745,7438510,OCH
7436983,7438578,NA
7440007,7441014,NA
7440010,7440955,FEM
7446011,7467085,NA
7446011,7452202,CHI
7447511,7451011,OCH
7452103,7452599,FEM
7452508,7454366,CHI
7454492,7457992,FEM
7455512,7460031,OCH
7458706,7460446,CHI
7460751,7462427,FEM
7462069,7462189,OCH
7462403,7465385,CHI
7462667,7462915,OCH
7465993,7467027,CHI
7470011,7479993,NA
7470492,7470723,OCH
7471133,7476130,CHI
7471185,7471492,OCH
7473629,7473779,FEM
7476396,7479511,CHI
7476852,7477056,OCH
7479010,7479511,FEM
7489638,7489846,OCH
7489739,7489992,NA
7492492,7495786,NA
7493489,7495669,OCH
7493982,7495492,FEM
7498388,7499134,NA
7498492,7498774,CHI
7499269,7523993,NA
7499377,7501714,CHI
7501511,7503992,FEM
7505133,7506336,CHI
7505997,7506200,OCH
7506493,7512605,OCH
7507873,7510568,CHI
7511511,7513992,CHI
7514112,7515163,FEM
7515442,7516493,CHI
7515492,7515656,OCH
7515858,7518229,OCH
7517510,7518317,FEM
7518663,7519684,CHI
7520011,7521513,FEM
7522418,7523012,CHI
7523105,7523213,OCH
7523165,7523310,FEM
7523395,7523511,OCH
7527401,7529011,NA
7527757,7528591,CHI
7530992,7536627,NA
7531010,7531872,CHI
7532420,7533512,OCH
7532511,7536377,FEM
7532678,7532929,CHI
7537139,7545492,NA
7537202,7538511,CHI
7539013,7540026,FEM
7539018,7540493,OCH
7540894,7541491,FEM
7541513,7542790,MAL
7541664,7541834,FEM
7542246,7542688,FEM
7542983,7545011,FEM
7543020,7543249,MAL
7546510,7550511,NA
7546692,7548393,CHI
7548010,7550232,FEM
7556765,7560823,NA
7556777,7559072,CHI
7558117,7558736,OCH
7559408,7560510,CHI
7560948,7566213,NA
7561239,7562521,OCH
7561510,7561837,FEM
7562148,7564072,CHI
7564511,7566082,CHI
7564580,7565512,OCH
7565768,7565878,OCH
7570446,7582993,NA
7570493,7572407,CHI
7573573,7574211,CHI
7574011,7575499,FEM
7575368,7576011,OCH
7575992,7578972,CHI
7576151,7576458,OCH
7576492,7577591,FEM
7578011,7578386,FEM
7578721,7582513,FEM
7581011,7581239,OCH
7589012,7589631,NA
7589047,7589553,CHI
7591511,7593936,NA
7591760,7593937,CHI
7592084,7592199,OCH
7596030,7601011,NA
7596064,7596992,FEM
7597301,7600993,CHI
7597493,7599521,OCH
7604493,7611992,NA
7604511,7609059,CHI
7609876,7611916,CHI
7609940,7610510,FEM
7618011,7618521,NA
7627434,7638658,NA
7628064,7629993,FEM
7629512,7630096,CHI
7630632,7631889,FEM
7631825,7634729,CHI
7634981,7638010,CHI
7637455,7638587,FEM
7640492,7640991,NA
7645646,7645747,MAL
7650941,7661645,NA
7650992,7654802,CHI
7653493,7654620,OCH
7655742,7657492,FEM
7658012,7659028,FEM
7658245,7658518,MAL
7659618,7660511,CHI
7659782,7660082,OCH
7660087,7660575,MAL
7660511,7660712,FEM
7660632,7660897,OCH
7660685,7661011,CHI
7660992,7661142,FEM
7662011,7675582,NA
7662364,7669722,FEM
7666491,7667195,CHI
7669492,7671191,CHI
7669763,7669890,OCH
7671120,7675486,FEM
7672226,7672363,MAL
7676011,7684496,NA
7676368,7679255,FEM
7678208,7679323,MAL
7679492,7681190,OCH
7679559,7679991,CHI
7680690,7680832,FEM
7680957,7684207,FEM
7681595,7683490,MAL
7688216,7689129,MAL
7691011,7691492,NA
7698993,7699492,NA
7706269,7708714,NA
7706404,7708618,CHI
7709676,7719030,NA
7709801,7710491,CHI
7710010,7710511,OCH
7710807,7710994,OCH
7711011,7711163,CHI
7711246,7711670,OCH
7711534,7712182,CHI
7712012,7712952,FEM
7712493,7713600,CHI
7713725,7714576,FEM
7714992,7716825,CHI
7716716,7717357,OCH
7716835,7716992,FEM
7717835,7718920,CHI
7719963,7721853,NA
7720751,7721510,CHI
7727511,7727622,NA
7732505,7733492,NA
7732510,7733492,CHI
7735510,7746318,NA
7735721,7736577,CHI
7736133,7737512,FEM
7737699,7738624,CHI
7738089,7738266,OCH
7739015,7740345,CHI
7740854,7744337,OCH
7743155,7743492,FEM
7743509,7744316,CHI
7744363,7744974,FEM
7744493,7744908,OCH
7744864,7745924,CHI
7745180,7745511,OCH
7746901,7764414,NA
7747061,7748011,FEM
7747176,7748447,CHI
7749115,7753992,FEM
7754468,7755605,CHI
7755011,7756847,FEM
7756012,7761012,OCH
7758492,7759493,CHI
7760011,7763064,CHI
7761273,7761786,OCH
7763511,7764010,FEM
7765257,7767174,NA
7765355,7767010,OCH
7766447,7767011,CHI
7768238,7768493,NA
7770011,7776010,NA
7770904,7773099,CHI
7773098,7775992,FEM
7808493,7809733,NA
7823491,7826491,OCH
7823491,7827879,NA
7825921,7827630,FEM
7827011,7827516,MAL
7828149,7834492,NA
7828171,7833186,OCH
7831580,7834012,FEM
7835511,7843992,NA
7836013,7837012,CHI
7837563,7837960,FEM
7837601,7842021,OCH
7838512,7838993,CHI
7839511,7842984,FEM
7842174,7842333,OCH
7842790,7843359,MAL
7844216,7844599,NA
7851203,7853267,OCH
7851205,7853492,NA
7865758,7903278,NA
7865790,7867609,CHI
7866511,7868992,OCH
7868510,7870543,FEM
7869128,7872360,MAL
7872098,7873229,CHI
7873873,7874570,CHI
7874639,7875010,FEM
7874992,7876511,OCH
7876455,7879012,FEM
7878200,7881492,CHI
7879013,7879239,OCH
7881992,7884260,CHI
7882066,7884702,OCH
7884199,7885817,FEM
7885279,7885493,OCH
7886012,7888287,FEM
7887183,7887986,MAL
7887993,7890033,CHI
7888993,7890011,FEM
7889493,7889665,OCH
7889871,7892512,OCH
7890203,7890991,FEM
7891614,7891818,CHI
7892512,7893660,FEM
7894636,7895951,OCH
7894862,7895367,FEM
7895492,7895833,FEM
7896299,7897706,CHI
7897279,7898992,FEM
7897510,7897981,OCH
7899122,7901992,CHI
7904144,7905492,NA
7904439,7905192,OCH
7904491,7904822,CHI
7906992,7909356,NA
7908011,7909206,CHI
7911010,7913246,FEM
7911010,7913334,NA
7914073,7916493,NA
7914267,7916343,CHI
7924728,7928496,NA
7924839,7926143,CHI
7929274,7930622,NA
7936763,7937011,NA
7938511,7939782,NA
7938992,7939459,CHI
7940874,7942972,NA
7940968,7942585,CHI
7941581,7942011,OCH
7942217,7942428,OCH
7943582,7958724,NA
7943729,7944544,CHI
7944991,7946491,FEM
7946438,7947992,OCH
7946581,7948294,CHI
7948640,7953817,OCH
7948776,7949510,CHI
7950536,7952014,CHI
7953419,7954011,CHI
7954121,7958706,CHI
7954227,7955071,MAL
7955278,7955524,OCH
7955815,7956011,OCH
7959303,7960535,NA
7959384,7960511,CHI
7962675,7974515,NA
7962913,7968721,CHI
7967087,7967737,FEM
7968763,7969992,FEM
7969892,7974401,CHI
7971723,7972511,OCH
7972727,7972908,OCH
7974739,7977059,NA
7974869,7976352,CHI
7975550,7977393,OCH
7978505,7978751,NA
7980491,7982011,FEM
7980491,7982011,NA
7984992,7986492,NA
7985323,7986108,OCH
7986992,7988453,NA
7987118,7987567,FEM
7987530,7987746,CHI
7987700,7987992,FEM
7987992,7988113,CHI
7991980,7999992,NA
7993048,7998355,CHI
7996706,7996991,FEM
7997441,7997709,FEM
7998011,7998603,FEM
7999153,7999725,FEM
8004012,8012993,NA
8004071,8008391,CHI
8009059,8010821,CHI
8011629,8012501,FEM
8011771,8012784,CHI
8013939,8019013,NA
8013992,8018992,CHI
8021511,8023960,NA
8021589,8023511,CHI
8024473,8025134,NA
8026631,8028118,NA
8026817,8028012,FEM
8037730,8040511,NA
8037753,8040460,CHI
8043492,8047491,NA
8043511,8046896,FEM
8058493,8059926,NA
8058822,8059453,OCH
8059492,8059794,FEM
8066451,8068155,NA
8066485,8068073,CHI
8082872,8083611,NA
8082944,8083584,FEM
8084510,8086790,FEM
8084510,8086825,NA
8091389,8091622,NA
8091390,8091510,FEM
8093491,8094369,NA
8094509,8096510,NA
8094857,8096511,CHI
8096868,8096993,NA
8098994,8099512,NA
8099128,8099260,MAL
8100511,8102011,NA
8101011,8101536,FEM
8104011,8108275,NA
8104143,8105512,FEM
8106033,8107008,OCH
8106485,8107187,FEM
8109747,8110208,NA
8112493,8113399,CHI
8112493,8113431,NA
8114511,8114695,NA
8115495,8120011,NA
8115967,8118642,FEM
8118849,8119991,CHI
8121976,8123993,NA
8121992,8123683,CHI
8128510,8130491,NA
8128723,8130492,FEM
8135993,8142492,NA
8136011,8139992,FEM
8140510,8142478,FEM
8140547,8140957,OCH
8149478,8163211,NA
8149493,8150492,CHI
8149564,8151493,OCH
8152137,8153511,CHI
8154010,8155681,FEM
8156492,8160010,CHI
8156582,8158511,OCH
8158843,8158992,OCH
8159991,8162571,FEM
8163737,8171511,NA
8163906,8166346,OCH
8164633,8167011,CHI
8166511,8167010,OCH
8168143,8170492,FEM
8169714,8170880,OCH
8173011,8207325,NA
8173298,8177510,CHI
8176879,8177353,OCH
8178011,8179013,OCH
8178023,8178511,CHI
8178860,8182492,FEM
8179213,8179512,OCH
8181511,8183028,OCH
8182504,8183943,CHI
8183292,8183493,OCH
8184081,8185505,FEM
8185209,8187107,CHI
8187424,8188492,CHI
8187443,8189512,OCH
8189011,8189375,FEM
8190065,8192590,CHI
8190079,8190190,OCH
8191169,8191601,OCH
8192482,8193449,MAL
8192996,8197863,CHI
8193511,8194758,FEM
8196491,8201992,FEM
8201382,8201492,OCH
8201993,8203245,CHI
8202025,8203255,OCH
8203547,8204799,CHI
8203656,8204510,OCH
8205511,8206799,FEM
8208824,8214869,NA
8208940,8214672,CHI
8208994,8209573,OCH
8210395,8210606,OCH
8211105,8212430,OCH
8212556,8213493,FEM
8215601,8216121,NA
8219510,8221095,NA
8219672,8221010,CHI
8219991,8220624,MAL
8247830,8249492,NA
8247898,8249226,CHI
8250510,8252959,NA
8250512,8252174,CHI
8252346,8252692,FEM
8253476,8259011,NA
8253493,8257249,CHI
8257459,8258011,FEM
8258122,8258969,CHI
8261506,8262819,NA
8261836,8262538,CHI
8262932,8273774,NA
8263114,8267206,CHI
8264013,8267010,OCH
8267010,8267491,FEM
8267322,8267492,OCH
8267446,8268563,CHI
8267768,8267959,OCH
8268610,8271492,FEM
8269172,8269417,CHI
8269737,8269943,MAL
8270291,8270558,MAL
8271710,8271815,FEM
8272135,8272511,OCH
8272825,8273583,FEM
8278011,8283014,NA
8278013,8282711,CHI
8283749,8287031,NA
8283905,8285010,FEM
8285676,8286694,CHI
8285993,8286665,OCH
8288001,8291992,NA
8288492,8288613,OCH
8288492,8289955,CHI
8288816,8289332,OCH
8290389,8291690,CHI
8293484,8295117,NA
8293492,8294456,CHI
8294451,8294831,FEM
8298978,8299423,MAL
8309993,8310882,NA
8310011,8310760,CHI
8313445,8317991,NA
8313477,8315382,FEM
8315470,8316822,CHI
8315549,8315907,OCH
8317124,8317991,CHI
8319513,8322702,NA
8319596,8320992,FEM
8321010,8321304,CHI
8321493,8322558,CHI
8323202,8324530,NA
8323992,8324127,FEM
8325487,8328511,NA
8325511,8326512,OCH
8327237,8328511,FEM
8331365,8332011,NA
8331420,8331945,CHI
8338371,8339051,NA
8338493,8338952,CHI
8346983,8347322,NA
8365469,8366492,OCH
8365474,8366510,NA
8372633,8375993,NA
8372654,8375671,CHI
8402903,8404992,NA
8402992,8404749,CHI
8407220,8408286,NA
8407403,8408011,FEM
8409094,8414184,MAL
8409712,8412486,NA
8413369,8413482,NA
8416276,8418463,OCH
8416511,8418042,NA
8418664,8418843,OCH
8422993,8423114,NA
8423511,8425460,MAL
8423553,8423708,NA
8423929,8425244,NA
8427503,8428261,NA
8427743,8428023,OCH
8429498,8429992,NA
8430510,8430618,NA
8430990,8433272,NA
8431185,8433112,CHI
8445011,8447498,NA
8445273,8446993,CHI
8448511,8454491,NA
8448929,8454142,CHI
8455993,8462262,NA
8456017,8457254,CHI
8456992,8458104,FEM
8458481,8462092,CHI
8464112,8466279,NA
8464184,8464950,CHI
8464954,8465391,MAL
8466587,8473391,NA
8466992,8470492,CHI
8469034,8470354,OCH
8470857,8471699,CHI
8471223,8471427,OCH
8472426,8473322,CHI
8475314,8476222,NA
8475492,8476096,CHI
8478992,8480416,NA
8479011,8480320,FEM
8480670,8482079,NA
8480999,8481968,FEM
8489510,8491820,NA
8489510,8491822,FEM
8493191,8501144,NA
8493236,8495872,CHI
8496617,8497690,CHI
8496993,8497511,OCH
8497511,8498632,FEM
8498993,8499403,CHI
8499011,8501120,FEM
8547680,8548149,MAL
8553738,8556511,MAL
8554493,8555593,NA
8558992,8579877,NA
8559111,8561770,CHI
8562247,8565992,OCH
8564078,8564253,CHI
8564481,8570129,CHI
8568492,8571641,OCH
8570492,8578471,CHI
8586491,8587228,MAL
8590141,8592544,OCH
8590148,8593847,NA
8592829,8593003,OCH
8597225,8609464,NA
8597372,8600011,FEM
8600992,8605838,CHI
8601010,8602554,OCH
8603493,8604360,OCH
8606501,8607991,OCH
8606645,8608511,CHI
8610293,8611471,NA
8610430,8611017,CHI
8611642,8615493,NA
8612492,8613970,CHI
8613236,8615011,FEM
8613493,8613987,OCH
8621993,8622098,NA
8622874,8624690,NA
8623010,8624011,FEM
8624154,8624491,FEM
8627011,8627448,NA
8633999,8634654,NA
8634104,8634492,CHI
8634826,8635501,NA
8635078,8635205,MAL
8637717,8639011,NA
8637818,8638783,CHI
8637938,8638512,OCH
8651372,8653962,MAL
8651512,8653932,NA
8656153,8657989,MAL
8656868,8659011,NA
8658039,8658857,CHI
8658087,8658290,OCH
8667992,8670000,NA
8668126,8669511,CHI
8677511,8678021,NA
8677523,8678011,CHI
8682490,8686719,NA
8682491,8685993,CHI
8686860,8690311,NA
8687132,8690207,CHI
8696168,8697010,NA
8696211,8696852,CHI
8699223,8702622,NA
8699388,8700785,OCH
8701798,8701953,CHI
8701842,8701990,MAL
8702137,8702336,CHI
8703509,8704010,NA
8705011,8707063,NA
8705090,8706511,CHI
8707503,8707992,NA
8707544,8707844,FEM
8711989,8717511,NA
8712007,8717311,CHI
8727505,8728604,NA
8727588,8727694,OCH
8727595,8727698,CHI
8728255,8728493,CHI
8738596,8741333,NA
8740470,8742409,OCH
8741436,8742469,NA
8753511,8755469,NA
8753523,8753920,OCH
8755693,8756010,NA
8755710,8756010,OCH
8757011,8758992,OCH
8757011,8759049,NA
8760040,8760923,NA
8760158,8760723,CHI
8766608,8767518,NA
8766627,8767511,CHI
8768648,8771491,NA
8768739,8769164,OCH
8769553,8769686,FEM
8769992,8771011,FEM
8778640,8780474,NA
8778734,8778840,OCH
8779470,8780386,OCH
8791991,8795491,NA
8792079,8795014,CHI
8792511,8793510,OCH
8805716,8808482,NA
8805821,8808305,CHI
8811492,8814037,NA
8811902,8814011,CHI
8815470,8816226,MAL
8816909,8818011,MAL
8816992,8817245,NA
8823799,8825412,OCH
8823838,8825097,NA
8826589,8828012,NA
8826621,8827693,FEM
8837512,8837650,NA
8837864,8839521,NA
8837993,8838768,CHI
8838992,8840242,MAL
8842492,8843518,MAL
8844385,8844938,MAL
8844405,8846226,NA
8845009,8845998,OCH
8846029,8847914,MAL
8852321,8854392,NA
8852414,8854302,CHI
8857011,8859991,MAL
8857696,8857838,NA
8858965,8861690,NA
8859993,8861363,FEM
8860013,8860511,CHI
8861947,8863916,NA
8862492,8863402,CHI
8862580,8863493,FEM
8870011,8879270,NA
8870187,8870469,OCH
8870541,8870723,FEM
8870612,8872011,OCH
8872765,8875992,CHI
8875011,8876290,OCH
8876491,8878803,OCH
8878012,8878555,CHI
8880992,8884546,NA
8881178,8882137,CHI
8882831,8883992,CHI
8883167,8883309,FEM
8883498,8884408,FEM
8886407,8889198,NA
8886491,8889059,CHI
8892011,8898108,NA
8892492,8892865,FEM
8892934,8893908,CHI
8893537,8893655,OCH
8895385,8897992,OCH
8900012,8900262,OCH
8900511,8901491,OCH
8900688,8901267,NA
8905857,8907538,OCH
8906072,8907511,NA
8908043,8913197,NA
8908134,8909012,OCH
8909484,8909914,OCH
8909492,8913137,CHI
8910044,8910574,OCH
8916504,8920238,NA
8916510,8920120,CHI
8918512,8920022,OCH
8923044,8925072,NA
8923156,8924882,CHI
8926490,8928588,NA
8926492,8928249,CHI
8928873,8930539,NA
8928893,8930511,CHI
8932432,8933767,NA
8932849,8933197,CHI
8934737,8936517,NA
8935010,8936433,CHI
8950794,8952625,NA
8950903,8951688,CHI
8951511,8952512,FEM
8972988,8974012,NA
8972988,8975006,MAL
8974329,8974511,NA
8986493,8988461,NA
8986580,8988492,OCH
8986866,8987146,CHI
8990011,8991572,NA
8990362,8991214,FEM
8992824,8997902,NA
8992991,8993710,CHI
8994137,8995997,FEM
8994286,8994488,OCH
8995096,8996011,OCH
8995858,8997510,CHI
8998992,9000563,OCH
8998992,9016491,NA
8999512,9002511,CHI
9002045,9002379,OCH
9002694,9003492,FEM
9003513,9007511,CHI
9004296,9004492,OCH
9007251,9007988,MAL
9008513,9014731,CHI
9015038,9016445,FEM
9018496,9021051,OCH
9018503,9036492,NA
9019011,9019910,FEM
9021389,9022012,FEM
9021900,9022442,OCH
9022011,9034279,CHI
9033512,9034479,OCH
9034642,9036011,FEM
9034691,9034821,OCH
9034966,9035832,OCH
9041011,9043738,NA
9041011,9043951,OCH
9044079,9044233,NA
9046426,9058510,NA
9046490,9058427,CHI
9063952,9072249,NA
9063956,9072010,CHI
9072793,9073991,NA
9072878,9073869,CHI
9075844,9077290,NA
9075993,9076703,CHI
9076578,9076991,FEM
9079876,9081164,NA
9079992,9080971,CHI
9080235,9080910,OCH
9081452,9082527,NA
9081678,9082512,OCH
9084322,9086548,NA
9084374,9086409,CHI
9087247,9100845,NA
9087336,9098539,CHI
9087491,9090448,OCH
9094893,9095511,OCH
9096347,9097044,OCH
9098536,9100758,FEM
9101255,9112247,NA
9101492,9109293,FEM
9101550,9102011,OCH
9109010,9109408,MAL
9110510,9112015,FEM
9110784,9110990,MAL
9113482,9116958,NA
9113992,9116955,FEM
9117510,9119491,FEM
9117510,9126992,NA
9119491,9123492,CHI
9123612,9124511,FEM
9124660,9124888,MAL
9125011,9126904,CHI
9129196,9130511,NA
9140011,9141511,OCH
9140011,9141552,NA
9143012,9144257,FEM
9143012,9144343,NA
9145992,9148852,NA
9146220,9148512,OCH
9147649,9148422,CHI
9149011,9150963,NA
9150011,9150173,FEM
9150300,9150481,FEM
9153493,9153911,NA
9154740,9159492,NA
9155175,9156815,OCH
9155492,9156143,CHI
9156279,9156424,CHI
9156512,9157724,FEM
9157325,9157511,OCH
9157992,9158677,CHI
9159220,9159335,CHI
9159966,9189590,NA
9159991,9161333,CHI
9162914,9163493,CHI
9163265,9165012,FEM
9163992,9164294,OCH
9165000,9165273,CHI
9165445,9167492,OCH
9165474,9169991,CHI
9166350,9167012,FEM
9170466,9172012,FEM
9171429,9172546,CHI
9172204,9173765,FEM
9174497,9175992,CHI
9175744,9175881,OCH
9177011,9179535,OCH
9178571,9178716,FEM
9180319,9183232,CHI
9180405,9182492,OCH
9182791,9184389,OCH
9183497,9183764,CHI
9183993,9185011,CHI
9184992,9185378,MAL
9186510,9188511,CHI
9188512,9189011,FEM
9188667,9188787,OCH
9190049,9193151,NA
9190868,9190973,OCH
9190992,9191458,CHI
9191100,9191394,OCH
9191492,9193078,FEM
9200010,9200148,FEM
9200010,9207992,NA
9200424,9202754,FEM
9202943,9204511,CHI
9204511,9204707,FEM
9205512,9206789,CHI
9210070,9239493,NA
9210137,9212511,CHI
9212511,9214492,FEM
9215135,9215621,FEM
9215183,9216057,CHI
9215736,9216897,FEM
9216511,9217493,OCH
9217343,9217682,FEM
9217574,9219130,CHI
9218716,9221492,FEM
9221572,9224036,CHI
9223991,9224992,FEM
9224948,9225993,OCH
9224992,9226629,CHI
9226511,9227864,FEM
9227852,9229237,CHI
9229393,9229894,MAL
9229574,9231850,FEM
9229992,9230512,OCH
9232010,9238512,FEM
9237167,9237521,MAL
9238126,9238261,MAL
9242993,9244849,NA
9243308,9244511,CHI
9256493,9257548,FEM
9256493,9257585,NA
9258243,9258992,NA
9258332,9258492,CHI
9259459,9264493,NA
9260177,9260288,CHI
9260330,9264367,FEM
9260511,9261427,OCH
9261221,9261398,CHI
9266495,9272511,NA
9266511,9270991,FEM
9273511,9276029,NA
9274709,9274922,OCH
9275494,9275874,CHI
9276358,9282139,NA
9276483,9276964,CHI
9277991,9281638,FEM
9282511,9284718,NA
9282808,9284511,CHI
9283764,9284510,OCH
9301519,9303941,NA
9301865,9303723,CHI
9304244,9304511,NA
9311011,9312528,NA
9311110,9311491,OCH
9311333,9312096,CHI
9312209,9312346,CHI
9316510,9316979,NA
9317992,9322115,NA
9318483,9320756,FEM
9321281,9321954,FEM
9322685,9331492,NA
9322931,9323706,CHI
9323787,9324666,FEM
9323861,9324690,MAL
9324835,9325439,CHI
9325682,9327958,FEM
9328117,9330010,FEM
9328993,9331234,CHI
9331750,9356492,NA
9331919,9332719,CHI
9332511,9334976,FEM
9334862,9335512,CHI
9335449,9343974,FEM
9340608,9341256,CHI
9343846,9344405,CHI
9346492,9354093,FEM
9357010,9360203,NA
9357864,9359492,OCH
9359012,9359419,CHI
9360863,9363712,OCH
9360903,9379634,NA
9361992,9364717,CHI
9364818,9371602,OCH
9365431,9366492,CHI
9366985,9367658,FEM
9372578,9374929,OCH
9372635,9372993,CHI
9372993,9373130,FEM
9373266,9373421,CHI
9374243,9374493,FEM
9374461,9375011,CHI
9375492,9376803,FEM
9377993,9379512,CHI
9378491,9379512,OCH
9386493,9399257,NA
9388011,9389069,CHI
9388492,9396010,FEM
9390560,9390992,CHI
9392139,9392993,CHI
9395875,9398891,CHI
9400011,9401140,NA
9400492,9401010,CHI
9404893,9405652,NA
9410992,9412992,NA
9411000,9412510,FEM
9411552,9412078,OCH
9416491,9421538,NA
9416512,9420511,CHI
9419078,9420413,OCH
9420578,9420833,FEM
9420773,9421512,CHI
9420847,9420990,OCH
9422612,9427492,NA
9422637,9427185,FEM
9426002,9426129,OCH
9429002,9432176,FEM
9429011,9432432,NA
9440992,9443466,NA
9441001,9443266,CHI
9457601,9483511,NA
9457781,9459381,CHI
9458694,9459011,FEM
9459590,9461510,FEM
9461212,9462128,OCH
9461529,9462224,CHI
9462832,9463468,FEM
9463046,9464771,CHI
9465350,9466924,CHI
9466133,9468394,FEM
9468028,9470492,CHI
9469658,9469822,OCH
9469992,9472699,OCH
9471624,9473102,CHI
9472710,9474011,FEM
9473011,9473845,OCH
9473510,9473982,CHI
9474138,9474989,FEM
9474153,9474322,OCH
9475596,9477493,CHI
9477457,9479992,FEM
9479867,9480915,OCH
9481077,9483507,FEM
9485927,9489307,NA
9486021,9489126,CHI
9488063,9488325,FEM
9509992,9516492,NA
9510011,9516410,CHI
9523342,9523460,MAL
9523570,9523960,MAL
9528141,9529511,NA
9528668,9529512,CHI
9543488,9544511,FEM
9543493,9544511,NA
9551387,9553964,NA
9551491,9552789,CHI
9551630,9553307,FEM
9562450,9563236,NA
9562492,9563179,CHI
9586531,9587511,OCH
9586607,9587716,NA
9595542,9602154,NA
9595734,9602012,CHI
9595739,9597011,OCH
9599992,9600335,OCH
9604378,9607370,NA
9604492,9606142,OCH
9604514,9606141,CHI
9606384,9607275,CHI
9606553,9606992,FEM
9611492,9622493,NA
9611573,9613775,CHI
9611624,9612373,OCH
9613011,9613374,OCH
9614356,9615514,CHI
9615993,9618052,OCH
9616253,9616368,CHI
9616595,9622309,CHI
9618892,9621012,OCH
9621491,9621987,OCH
9622977,9626492,NA
9623011,9626300,CHI
9625095,9625728,OCH
9627010,9629492,NA
9627267,9629353,CHI
9630434,9631992,NA
9630512,9631928,CHI
9633222,9634493,NA
9633266,9634052,FEM
9643492,9645492,NA
9643568,9645169,CHI
9665185,9665711,NA
9674844,9677158,NA
9674886,9677039,CHI
9681000,9682875,NA
9681010,9682566,CHI
9689650,9691491,NA
9689684,9691491,CHI
9696210,9697688,NA
9696275,9697068,CHI
9697987,9699756,NA
9698024,9699690,CHI
9700992,9702435,NA
9701011,9702366,CHI
9704534,9705783,NA
9704559,9705651,CHI
9715012,9717508,NA
9715992,9717011,OCH
9715992,9717038,FEM
9733993,9735993,FEM
9733993,9736011,NA
9742839,9745056,NA
9742861,9745011,CHI
9745711,9746016,NA
9746629,9750883,NA
9746679,9748815,CHI
9749192,9750702,CHI
9751011,9759511,NA
9751323,9753999,CHI
9751388,9752768,OCH
9752954,9753511,OCH
9753630,9754256,FEM
9755198,9756524,OCH
9756210,9757666,FEM
9756674,9757010,OCH
9757010,9757864,CHI
9757201,9757493,OCH
9758308,9759228,CHI
9759717,9760186,NA
9779071,9779601,CHI
9779091,9779580,NA
9824465,9826628,NA
9824510,9826491,CHI
9830887,9832659,NA
9831011,9832155,OCH
9831491,9832188,CHI
9833739,9835011,NA
9833975,9834474,CHI
9839492,9840037,NA
9845513,9845672,NA
9845992,9847923,NA
9846419,9847713,CHI
9854011,9856043,NA
9854031,9855987,FEM
9858925,9861861,CHI
9858932,9862034,NA
9862886,9865741,NA
9863061,9863923,OCH
9863363,9863491,CHI
9864425,9865512,CHI
9864725,9864847,OCH
9875993,9877033,CHI
9875993,9877033,NA
9886359,9887493,NA
9886492,9887035,CHI
9886492,9887044,OCH
9890011,9891251,FEM
9890054,9891207,NA
9898168,9899439,CHI
9898242,9899492,NA
9905149,9911501,NA
9905207,9906012,CHI
9905510,9905949,OCH
9906337,9908301,OCH
9906376,9908229,CHI
9908511,9909851,OCH
9909668,9909789,CHI
9910596,9911452,FEM
9915011,9918639,CHI
9915011,9918887,NA
9921759,9922513,NA
9922006,9922311,CHI
9924528,9927012,NA
9924652,9925695,CHI
9924952,9925511,OCH
9925738,9927010,FEM
9930401,9931511,OCH
9946560,9947706,NA
9946992,9947279,FEM
9966707,9967163,NA
9971492,9975849,NA
9971593,9973512,CHI
9973454,9975493,FEM
9975992,9978511,NA
9976485,9978297,CHI
9978782,9979602,NA
9978992,9979323,FEM
9988993,9991011,NA
9989011,9990992,CHI
9993633,9996991,NA
9993662,9996850,CHI
10000511,10002686,NA
10000652,10002454,CHI
10001595,10002417,OCH
10003127,10004992,NA
10003360,10004781,CHI
10009511,10010873,OCH
10009992,10010736,NA
10024990,10026119,NA
10025152,10025911,CHI
10025492,10026012,OCH
10057677,10058492,NA
10057692,10058492,CHI
10064684,10065011,NA
10071154,10071512,OCH
10079348,10079753,NA
10079422,10079758,FEM
10089289,10090011,NA
10089426,10089905,FEM
10102826,10102998,NA
10110530,10110660,NA
10110887,10112902,NA
10111011,10111134,CHI
10111475,10112410,CHI
10113093,10113822,MAL
10114856,10168529,NA
10114991,10119090,CHI
10117335,10117482,OCH
10118154,10118912,OCH
10119462,10124492,CHI
10124737,10125010,OCH
10125010,10130493,CHI
10125284,10125493,OCH
10129511,10134511,OCH
10133083,10139492,CHI
10135324,10135741,FEM
10138291,10139012,OCH
10138993,10140993,FEM
10139185,10139389,OCH
10140010,10141400,OCH
10141175,10141404,CHI
10141593,10146492,FEM
10146340,10147511,CHI
10147479,10150511,FEM
10150512,10157493,CHI
10154511,10155993,FEM
10157640,10157986,FEM
10158011,10159990,CHI
10159803,10161003,FEM
10161332,10161511,FEM
10161502,10162028,CHI
10161659,10166354,FEM
10165053,10165591,MAL
10166833,10168510,CHI
10172285,10197010,NA
10172306,10177802,CHI
10176006,10176536,FEM
10176199,10176351,OCH
10176766,10178600,FEM
10179511,10186310,FEM
10179636,10179992,CHI
10179992,10180491,OCH
10185492,10186901,CHI
10186472,10196518,FEM
10186933,10187075,MAL
10188978,10190011,CHI
10193951,10194140,CHI
10194373,10194511,CHI
10196012,10196511,CHI
10201987,10207991,NA
10201992,10203339,CHI
10202542,10206069,FEM
10205686,10207799,CHI
10209011,10215511,NA
10209206,10211012,FEM
10211675,10213492,CHI
10213796,10215492,CHI
10216694,10217168,NA
10216758,10216993,FEM
10217489,10219232,NA
10217715,10219011,CHI
10217764,10218012,FEM
10218292,10218493,FEM
10220438,10220693,NA
10221992,10223992,NA
10222003,10223512,FEM
10223012,10223511,CHI
10226402,10228992,NA
10226498,10227991,FEM
10226993,10228817,MAL
10228100,10228407,FEM
10229328,10241370,NA
10230665,10232892,CHI
10232511,10238478,FEM
10237539,10238511,CHI
10238726,10239016,FEM
10239014,10240136,CHI
10239954,10240639,FEM
10240331,10241308,CHI
10241768,10243057,CHI
10241805,10246614,NA
10243441,10246458,FEM
10247639,10248549,NA
10247789,10248510,CHI
10248992,10253054,NA
10249492,10250012,CHI
10249492,10250267,OCH
10250695,10252992,FEM
10254511,10257511,NA
10254630,10256355,FEM
10256154,10257428,CHI
10258993,10264012,NA
10259011,10259843,CHI
10259241,10259389,OCH
10260008,10262418,FEM
10262309,10263993,CHI
10271931,10282289,NA
10271978,10273530,FEM
10273461,10274468,OCH
10273510,10274627,CHI
10275692,10276011,OCH
10275992,10277634,FEM
10276176,10276527,CHI
10278379,10280011,FEM
10278480,10281992,OCH
10280495,10280993,FEM
10281511,10281884,CHI
10282511,10292916,NA
10282634,10284011,CHI
10283645,10289450,FEM
10283856,10283972,OCH
10285080,10285193,OCH
10285184,10286026,CHI
10287493,10288101,CHI
10289332,10291507,CHI
10289437,10289569,OCH
10289700,10289806,OCH
10292010,10292683,CHI
10294992,10308242,NA
10294992,10297010,FEM
10297754,10297992,FEM
10297763,10298511,OCH
10297992,10302226,CHI
10299560,10300011,FEM
10300009,10300399,OCH
10301801,10304511,FEM
10303991,10305513,OCH
10304157,10307652,CHI
10307177,10307844,FEM
10309594,10320492,NA
10310492,10314010,CHI
10312753,10312998,FEM
10313011,10313154,OCH
10313372,10313686,OCH
10313813,10316878,FEM
10313922,10314028,OCH
10314371,10314511,OCH
10315011,10315510,CHI
10316452,10319511,CHI
10323404,10324010,OCH
10323492,10324051,NA
10333054,10333417,NA
10335992,10337131,FEM
10335992,10350540,NA
10337458,10338361,CHI
10338200,10350492,FEM
10339810,10341356,MAL
10352011,10363867,NA
10352105,10356001,FEM
10355612,10358882,CHI
10358884,10363871,FEM
10365511,10366822,NA
10365538,10366782,FEM
10367511,10369511,NA
10367791,10369232,CHI
10368851,10369138,FEM
10371709,10374991,NA
10371822,10374991,CHI
10371863,10372087,FEM
10376741,10380236,NA
10376875,10377820,FEM
10378010,10380075,FEM
10380511,10382291,NA
10380698,10382257,FEM
10382804,10384318,NA
10383142,10384188,CHI
10387011,10393189,NA
10387447,10393011,FEM
10395992,10398511,NA
10396011,10398507,FEM
10400493,10405166,NA
10400992,10401951,CHI
10400997,10403491,FEM
10403107,10404992,OCH
10406365,10409195,NA
10406991,10408869,FEM
10409511,10417554,NA
10409992,10415002,FEM
10412560,10412695,CHI
10415036,10416244,CHI
10416835,10417486,OCH
10417845,10418771,NA
10417958,10418648,OCH
10421492,10423492,NA
10421992,10422652,OCH
10424697,10429680,NA
10424725,10426865,CHI
10425675,10425938,FEM
10426973,10428321,FEM
10427911,10428792,CHI
10428640,10429566,FEM
10430682,10435822,NA
10430738,10431492,CHI
10431492,10432282,FEM
10432392,10435011,CHI
10437159,10440202,FEM
10437275,10444008,NA
10440510,10442511,OCH
10442274,10443862,CHI
10444506,10448755,NA
10444614,10445011,FEM
10444886,10445922,CHI
10445822,10448547,FEM
10447198,10448079,CHI
10449911,10452511,NA
10449992,10451544,CHI
10450905,10451541,FEM
10451827,10452492,FEM
10469993,10470258,NA
10470438,10476493,NA
10470668,10471836,CHI
10471525,10476010,FEM
10474441,10474667,OCH
10474491,10475033,CHI
10482492,10483493,NA
10482526,10483341,CHI
10483719,10486755,NA
10484068,10485496,CHI
10484203,10485096,OCH
10485887,10486640,CHI
10493992,10495708,CHI
10493992,10497939,NA
10495513,10496485,FEM
10496491,10501186,CHI
10498287,10502561,NA
10501397,10502511,FEM
10506802,10508194,NA
10507011,10508138,FEM
10524571,10525497,NA
10529663,10531124,NA
10530012,10530358,OCH
10540444,10547626,NA
10540486,10544094,CHI
10544075,10545010,FEM
10545525,10547012,OCH
10545667,10545993,FEM
10546217,10547408,CHI
10546850,10546970,FEM
10547157,10547410,OCH
10550010,10551578,NA
10550068,10551511,CHI
10553993,10554793,NA
10566011,10570117,NA
10566492,10568510,CHI
10568651,10568840,OCH
10568669,10568991,FEM
10569528,10569911,FEM
10571961,10574686,NA
10571992,10573460,CHI
10573671,10573900,FEM
10574074,10574467,FEM
10576141,10578991,NA
10576366,10578933,CHI
10577037,10577322,OCH
10586746,10586928,OCH
10587795,10588642,NA
10588082,10588511,CHI
10590492,10592492,NA
10590512,10590623,CHI
10590991,10592010,CHI
10595455,10598020,NA
10596493,10597511,FEM
10600492,10602993,NA
10600595,10602510,FEM
10618135,10618905,OCH
10618231,10618842,NA
10622868,10623992,NA
10622991,10623929,CHI
10640039,10640511,NA
10640045,10640227,FEM
10674040,10676095,NA
10674492,10676011,OCH
10675171,10675983,CHI
10684332,10684496,NA
10686011,10686219,NA
10686369,10687996,NA
10686477,10687493,CHI
10690512,10693521,NA
10690993,10692842,CHI
10693711,10694504,NA
10695512,10698011,NA
10695964,10697787,CHI
10702010,10702378,NA
10702493,10703711,NA
10702992,10703510,CHI
10714817,10717414,NA
10715016,10716624,FEM
10731734,10732510,NA
10731995,10732474,CHI
10732795,10733511,NA
10735511,10735708,NA
10735863,10737242,NA
10736233,10736414,CHI
10770153,10775140,NA
10770393,10775067,CHI
10782302,10782928,OCH
10782462,10782978,NA
10808947,10810049,NA
10809492,10809811,OCH
10834903,10836493,CHI
10834928,10836492,NA
10841992,10843992,NA
10842010,10843838,CHI
10843257,10843753,OCH
10877510,10877913,NA
10877517,10877804,OCH
10878492,10879010,NA
10882385,10887233,NA
10882455,10887011,CHI
10883241,10883384,FEM
10883492,10884511,FEM
10893633,10894492,NA
10893724,10894379,CHI
10914991,10916491,NA
10915462,10919492,OCH
10917617,10918670,NA
10918808,10919510,NA
10932562,10932785,NA
10932565,10932759,FEM
10937865,10941994,NA
10937882,10939651,FEM
10940447,10942006,OCH
10952842,10953993,NA
10952992,10953600,CHI
10983511,10985102,NA
10983511,10985144,FEM
11036512,11038493,NA
11036640,11038245,CHI
11040484,11042492,FEM
11040492,11042492,NA
11049011,11049991,NA
11049291,11049659,CHI
11080490,11082731,NA
11080493,11082417,CHI
11083056,11087511,NA
11083606,11085817,OCH
11084992,11085881,CHI
11086274,11087400,CHI
11089823,11096576,NA
11089833,11091139,CHI
11092314,11093510,CHI
11093011,11094803,OCH
11094992,11095566,FEM
11095692,11096429,CHI
11095706,11096374,OCH
11096879,11096992,NA
11096931,11097512,OCH
11097125,11097879,NA
11103308,11105419,NA
11103406,11105016,FEM
11106249,11106492,NA
11107898,11109012,OCH
11108256,11108492,NA
11109253,11109692,OCH
11111016,11114374,MAL
11111099,11112945,NA
11113507,11114025,NA
11114992,11115792,NA
11115662,11115797,MAL
11115978,11116116,MAL
11117285,11117487,MAL
11117301,11117492,NA
11132284,11132512,NA
11136508,11138636,FEM
11136511,11139154,NA
11140229,11142011,NA
11140325,11141935,CHI
11153545,11154596,NA
11166282,11167357,NA
11166491,11166871,CHI
11170347,11171086,OCH
11170481,11171492,NA
11178326,11178866,NA
11187511,11187955,NA
11187534,11187887,CHI
11193802,11194415,NA
11201011,11204916,NA
11201114,11201764,CHI
11201124,11203534,OCH
11202992,11204511,CHI
11203643,11203763,OCH
11205879,11206903,NA
11205889,11206753,CHI
11213422,11214595,NA
11213492,11214493,CHI
11213512,11214548,OCH
11219992,11221418,CHI
11219992,11223239,NA
11221492,11222553,OCH
11222852,11222992,OCH
11224011,11224323,NA
11254491,11254994,NA
11254766,11255011,OCH
11258831,11261511,NA
11258971,11261104,CHI
11258992,11261012,OCH
11264758,11265440,NA
11264846,11265133,OCH
11271693,11272160,NA
11276493,11277401,NA
11277613,11280465,NA
11277698,11280275,OCH
11282151,11283855,NA
11282308,11283511,OCH
11283011,11283391,CHI
11284797,11285956,NA
11284814,11285958,CHI
11286991,11289492,NA
11286992,11289167,CHI
11288511,11288879,OCH
11322492,11323403,NA
11327573,11328530,NA
11327659,11328456,OCH
11327867,11328010,CHI
11339585,11340763,NA
11339592,11340481,CHI
11344511,11346237,NA
11344894,11346166,CHI
11346374,11347562,NA
11346438,11347520,CHI
11347962,11348949,NA
11348083,11348512,CHI
11348282,11348714,OCH
11352280,11353667,NA
11352513,11353519,FEM
11354568,11356510,NA
11355328,11356406,FEM
11414027,11416778,NA
11414589,11414856,OCH
11415106,11416584,CHI
11415693,11416049,OCH
11416368,11416491,OCH
11417443,11418290,NA
11417492,11418353,OCH
11419316,11420082,NA
11419491,11419820,CHI
11421992,11424054,NA
11422495,11423821,OCH
11422802,11424010,FEM
11427492,11429363,NA
11428703,11428939,FEM
11438992,11441491,NA
11439011,11441326,CHI
11448511,11449424,NA
11448559,11449415,FEM
11449995,11450992,FEM
11450013,11450992,NA
11451360,11452492,FEM
11451397,11452413,NA
11461993,11463011,NA
11462011,11462867,CHI
11469992,11470512,CHI
11469992,11470517,NA
11471768,11473709,NA
11471865,11473080,CHI
11473270,11473398,CHI
11473810,11476299,NA
11473993,11475993,CHI
11483157,11486152,NA
11483449,11484991,FEM
11485010,11485945,CHI
11490512,11492130,NA
11490576,11492042,OCH
11492336,11493993,NA
11492931,11493409,FEM
11494864,11499015,NA
11495147,11496511,OCH
11495493,11496511,FEM
11496992,11498556,CHI
11499212,11499492,NA
11504732,11505993,CHI
11504771,11505993,NA
11509547,11510453,NA
11512641,11514823,NA
11512859,11514012,CHI
11512992,11513314,OCH
11513780,11513988,OCH
11517392,11519160,NA
11517992,11519008,FEM
11525927,11527444,NA
11525946,11527132,CHI
11592710,11594492,NA
11592728,11594426,CHI
11596510,11596658,NA
11596993,11600511,NA
11597011,11600492,CHI
11602511,11604420,NA
11602710,11603491,CHI
11602799,11603725,OCH
11605992,11610542,NA
11607020,11608490,OCH
11607236,11609565,CHI
11609484,11609597,OCH
11609781,11610493,OCH
11610651,11612011,NA
11610899,11611775,OCH
11610910,11611941,CHI
11613011,11636992,NA
11613081,11614716,CHI
11614992,11616398,FEM
11616796,11618011,FEM
11617234,11618726,CHI
11618328,11618492,FEM
11618780,11619555,FEM
11619644,11620596,CHI
11619754,11619891,OCH
11620628,11624511,FEM
11624715,11626426,CHI
11625512,11625704,OCH
11626914,11631011,FEM
11628011,11628620,CHI
11631011,11632992,CHI
11632623,11634066,FEM
11633498,11634787,CHI
11634268,11635704,OCH
11635166,11636661,FEM
11635993,11636636,OCH
11637162,11637525,NA
11637231,11637511,OCH
11638991,11644762,NA
11639012,11641611,FEM
11641634,11642511,MAL
11641727,11644711,FEM
11646113,11657279,NA
11646237,11650263,CHI
11650871,11657285,FEM
11661933,11671415,NA
11661992,11663492,CHI
11662410,11663436,OCH
11664429,11666196,CHI
11666349,11668443,FEM
11668398,11668990,OCH
11669842,11671119,FEM
11672107,11673114,NA
11673992,11677492,NA
11674469,11674992,OCH
11674511,11674614,FEM
11674992,11676708,FEM
11676012,11677372,OCH
11678146,11683517,NA
11678511,11678681,FEM
11678901,11682492,FEM
11682011,11683309,OCH
11682482,11683061,CHI
11685630,11722537,NA
11685796,11687511,CHI
11685818,11688511,OCH
11689010,11691992,FEM
11691732,11691837,OCH
11692492,11693565,OCH
11692495,11696511,CHI
11694127,11694512,OCH
11696920,11697992,FEM
11696992,11699992,OCH
11698493,11698992,CHI
11699492,11700992,FEM
11700995,11702318,CHI
11702441,11704010,FEM
11703012,11704038,OCH
11704616,11705823,CHI
11704692,11704992,OCH
11705146,11705303,OCH
11705511,11709492,FEM
11708992,11710511,OCH
11710011,11710532,CHI
11711048,11714534,FEM
11714512,11715627,CHI
11715511,11717263,FEM
11716898,11717511,CHI
11718989,11720059,FEM
11719510,11719637,CHI
11720202,11721034,FEM
11720992,11722526,CHI
11725493,11727015,NA
11725511,11726962,FEM
11728118,11729492,NA
11742511,11743556,OCH
11742617,11743624,NA
11743964,11744278,NA
11748512,11751511,NA
11749011,11751336,FEM
11755432,11772992,NA
11755493,11759492,CHI
11758514,11761065,OCH
11759600,11763825,FEM
11762074,11764992,OCH
11763993,11764702,CHI
11764610,11766397,FEM
11766269,11767248,OCH
11767370,11772993,FEM
11767540,11767965,MAL
11768011,11768269,CHI
11768407,11768751,MAL
11775741,11778011,FEM
11775750,11778016,NA
11778191,11778991,NA
11781156,11789783,NA
11781237,11782010,OCH
11782992,11784511,CHI
11785190,11785492,CHI
11785392,11786492,FEM
11786447,11787080,OCH
11787533,11788011,OCH
11787645,11789493,CHI
11791043,11791245,NA
11804493,11806493,NA
11804672,11806140,CHI
11837991,11839447,CHI
11837991,11839501,NA
11882852,11883492,NA
11882992,11883281,CHI
11883993,11885500,NA
11884220,11885494,CHI
11890373,11890905,NA
11890434,11890839,FEM
11904492,11905383,NA
11904523,11904985,OCH
11904555,11905011,CHI
11912481,11914388,NA
11912511,11914011,CHI
11993935,11995830,NA
11994006,11995705,CHI
12010668,12011510,NA
12010759,12011409,CHI
12010803,12010928,OCH
12046511,12052785,NA
12046990,12050492,CHI
12048058,12048352,FEM
12051129,12051782,FEM
12051469,12053021,MAL
12054371,12057511,NA
12054418,12057493,CHI
12059785,12061056,NA
12059830,12060993,CHI
12060510,12060677,OCH
12064012,12066493,NA
12064319,12066474,CHI
12070137,12072815,NA
12070303,12072492,CHI
12078460,12079942,NA
12080070,12083740,NA
12080465,12081493,CHI
12082012,12082177,CHI
12082286,12083396,CHI
12085492,12088032,OCH
12085511,12086353,NA
12086673,12087993,NA
12090138,12091493,OCH
12090492,12091493,NA
12092993,12093465,OCH
12092993,12093602,NA
12095236,12095511,NA
12096692,12100955,NA
12097148,12098992,CHI
12099223,12099491,CHI
12099866,12100511,OCH
12101149,12101276,OCH
12101554,12101726,OCH
12102991,12105758,NA
12103012,12103373,OCH
12104033,12105511,OCH
12104993,12105482,CHI
12106493,12108045,NA
12106503,12108042,OCH
12106616,12106992,CHI
12108310,12109012,NA
12108388,12108990,OCH
12111299,12112992,NA
12111360,12111964,CHI
12112161,12112492,CHI
12113577,12115003,NA
12113661,12114992,OCH
12113886,12113992,CHI
12146446,12147492,NA
12146500,12147143,CHI
12146552,12147107,OCH
12161986,12162504,NA
12161991,12162484,CHI
12163480,12165792,NA
12163492,12164604,CHI
12164820,12165549,FEM
12174843,12175511,NA
12174945,12175483,CHI
12184115,12186992,NA
12184207,12185312,FEM
12184493,12185249,OCH
12185772,12186525,OCH
12186307,12186484,CHI
12188305,12188886,NA
12188313,12188902,CHI
12199808,12201492,NA
12199952,12201329,CHI
12200671,12200777,OCH
12214878,12215992,NA
12214992,12215510,OCH
12214992,12215510,CHI
12217650,12219491,NA
12217665,12219469,CHI
12237944,12238295,OCH
12238516,12239221,OCH
12238643,12239026,NA
12239991,12241493,NA
12240011,12241027,FEM
12242011,12243511,OCH
12242026,12243033,NA
12243697,12243992,OCH
12252840,12253817,NA
12252850,12253761,CHI
12256301,12256878,OCH
12256328,12257011,NA
12261129,12264011,NA
12261491,12261977,OCH
12261512,12263993,FEM
12278491,12281242,NA
12278512,12281011,CHI
12279992,12281244,OCH
12287700,12289828,OCH
12287789,12294822,NA
12289961,12291991,FEM
12291492,12291872,OCH
12292059,12292462,OCH
12292633,12293011,OCH
12292779,12294510,CHI
12293115,12293527,OCH
12294305,12295010,MAL
12307299,12307512,NA
12310495,12311521,NA
12310572,12311510,FEM
12317012,12317172,NA
12325892,12326967,NA
12325967,12326703,CHI
12327297,12329595,NA
12327508,12329518,OCH
12327684,12327993,CHI
12333450,12334511,OCH
12333590,12334712,NA
12353992,12355043,NA
12354527,12354865,FEM
12362779,12364993,NA
12362893,12364866,CHI
12364559,12364711,OCH
12366992,12367184,NA
12378493,12384593,NA
12379735,12379855,FEM
12381802,12384591,FEM
12387941,12390931,NA
12387992,12389178,CHI
12387992,12390511,OCH
12389343,12389510,CHI
12413130,12413476,NA
12413981,12415992,NA
12414062,12415356,CHI
12414338,12415008,OCH
12423512,12426492,CHI
12423512,12427000,NA
12433368,12437011,NA
12433510,12435780,CHI
12436527,12436640,OCH
12437670,12437797,NA
12438011,12438175,OCH
12438011,12448092,NA
12438338,12440247,OCH
12440922,12441492,CHI
12442472,12444511,FEM
12444011,12448425,OCH
12444626,12446025,CHI
12446347,12446511,CHI
12457545,12457648,OCH
12466968,12467098,OCH
12468722,12472813,OCH
12469511,12472611,NA
12473139,12476440,OCH
12473227,12476369,NA
12477321,12481239,NA
12477414,12481012,OCH
12481607,12488836,NA
12482512,12488040,FEM
12489010,12490704,NA
12489098,12490492,FEM
12490234,12490340,MAL
12496493,12497327,OCH
12496688,12497324,NA
12507492,12508015,OCH
12507510,12509432,NA
12508045,12509432,FEM
12511493,12513120,NA
12511977,12513011,FEM
12519716,12523633,NA
12519775,12522127,OCH
12521490,12521834,CHI
12522403,12523205,OCH
12522570,12523422,CHI
12535992,12538493,NA
12536513,12538261,CHI
12540869,12542011,NA
12540879,12541824,CHI
12544313,12545992,NA
12544492,12545741,CHI
12546757,12548588,NA
12546993,12548512,OCH
12552011,12552632,OCH
12552238,12552888,NA
12552854,12554493,OCH
12552992,12554492,NA
12555992,12557845,OCH
12556487,12556968,NA
12557074,12557513,NA
12560888,12562012,NA
12560921,12561991,CHI
12572219,12577573,NA
12572381,12573993,CHI
12575944,12577550,CHI
12578490,12579011,NA
12578492,12579012,CHI
12582511,12583304,NA
12583492,12586600,NA
12585302,12586342,OCH
12586102,12586277,CHI
12587982,12599445,NA
12588178,12588926,FEM
12589369,12598991,FEM
12590006,12591511,OCH
12600078,12601679,FEM
12600109,12604883,NA
12601794,12602579,CHI
12602134,12602262,FEM
12602491,12602866,FEM
12602993,12604512,FEM
12606665,12609512,NA
12606688,12608575,FEM
12608511,12613167,OCH
12609689,12613160,NA
12611511,12612010,FEM
12613938,12616228,OCH
12614041,12618493,NA
12616884,12617993,FEM
12617065,12617919,MAL
12633492,12633806,NA
12633492,12633809,FEM
12636211,12637920,NA
12636304,12637521,CHI
12636842,12636958,FEM
12637132,12637378,FEM
12641442,12643492,NA
12641493,12642991,CHI
12645253,12651336,NA
12645772,12650011,FEM
12649503,12651305,OCH
12653493,12657919,NA
12653511,12653945,OCH
12654492,12657678,CHI
12659131,12659246,OCH
12661193,12665140,NA
12661302,12662011,CHI
12661324,12661518,OCH
12661993,12662222,OCH
12662386,12665108,OCH
12665666,12670234,NA
12665768,12670493,OCH
12665992,12666491,CHI
12673493,12674214,NA
12673684,12674011,OCH
12701959,12704011,NA
12701973,12703225,CHI
12706257,12707523,NA
12706409,12707275,OCH
12706619,12706877,CHI
12706905,12707192,MAL
12708066,12712992,NA
12708492,12709143,CHI
12708647,12708807,OCH
12710393,12712511,CHI
12716229,12717493,NA
12716288,12717047,CHI
12718991,12720603,NA
12719140,12719653,OCH
12719143,12720496,CHI
12719850,12719960,OCH
12767757,12768012,MAL
12767765,12767993,NA
12819041,12819341,MAL
12829990,12830493,NA
12835010,12836510,CHI
12835010,12836510,NA
12845615,12846501,NA
12871992,12876385,NA
12872024,12873013,FEM
12873576,12876175,CHI
12877984,12878492,OCH
12878843,12879493,NA
12878880,12878986,OCH
12889398,12892186,NA
12889493,12890992,FEM
12890991,12892348,OCH
12894491,12895492,NA
12894716,12895102,FEM
12896268,12896504,NA
12903011,12904668,OCH
12903266,12903517,NA
12904083,12904294,NA
12905551,12905971,OCH
12919697,12921010,NA
12919993,12920992,CHI
12920283,12920511,OCH
12932492,12933511,OCH
12935430,12936512,OCH
12935492,12936491,NA
12938812,12939791,NA
12939011,12939510,FEM
12944261,12947896,NA
12944360,12947737,CHI
12950241,12952183,NA
12951039,12951167,CHI
12951350,12952050,CHI
12957622,12957867,NA
12957992,12959219,NA
12958378,12959109,CHI
12960663,12961240,NA
12963491,12965011,NA
12963765,12964889,CHI
12993492,12995109,NA
12994010,12994744,FEM
13016336,13017355,NA
13016482,13017014,CHI
13016676,13016980,FEM
13019380,13019743,NA
13019407,13019512,CHI
13047845,13049011,NA
13047895,13048860,CHI
13048209,13048639,OCH
13052011,13054011,NA
13052127,13053511,CHI
13053012,13053766,FEM
13070492,13072200,FEM
13070492,13072492,NA
13080785,13089044,NA
13080803,13086510,CHI
13086240,13086491,FEM
13087396,13088844,CHI
13089210,13090612,NA
13089492,13090439,CHI
13089765,13089897,OCH
13107297,13108448,NA
13107410,13108287,CHI
13109367,13111022,NA
13109440,13110917,CHI
13126492,13127511,NA
13126563,13127511,CHI
13168604,13171132,NA
13168882,13169010,OCH
13169382,13171056,CHI
13179510,13181412,OCH
13179535,13181477,NA
13179645,13179993,CHI
13180288,13181327,CHI
13198999,13202922,NA
13199004,13202011,OCH
13199993,13202055,CHI
13203106,13204491,NA
13203243,13204078,CHI
13207075,13209491,NA
13207342,13208493,OCH
13207696,13209011,CHI
13210298,13212492,NA
13210332,13211992,CHI
13230380,13230512,OCH
13261992,13263409,NA
13262010,13263313,CHI
13277458,13278423,NA
13277491,13278333,CHI
13279940,13281277,NA
13280002,13281273,CHI
13288619,13290664,NA
13288644,13289992,CHI
13288992,13290637,OCH
13296511,13297157,NA
13300492,13302534,NA
13300512,13301999,CHI
13302102,13302510,CHI
13302863,13303935,NA
13303096,13303722,CHI
13305094,13306012,NA
13306732,13307724,NA
13306802,13307580,CHI
13306871,13307013,OCH
13307239,13307475,OCH
13311570,13313992,NA
13312065,13312391,CHI
13312465,13312991,FEM
13312991,13313867,CHI
13313013,13313580,OCH
13315492,13316167,CHI
13315492,13316194,NA
13317477,13319602,NA
13317492,13318091,FEM
13318349,13319036,CHI
13318493,13319512,OCH
13320617,13323820,NA
13321010,13321228,FEM
13321398,13321511,FEM
13323160,13323774,CHI
13324254,13327511,NA
13324340,13324492,FEM
13324510,13327510,CHI
13325705,13325936,OCH
13326323,13326650,OCH
13328486,13329250,CHI
13328491,13329266,NA
13329382,13330133,NA
13329417,13330102,FEM
13330349,13334077,NA
13330383,13330991,CHI
13331171,13334089,FEM
13334946,13336510,FEM
13334954,13336533,NA
13336972,13338887,NA
13336993,13337957,CHI
13337362,13338891,FEM
13339090,13343726,NA
13339099,13340511,CHI
13340415,13343010,FEM
13341856,13342713,CHI
13342492,13342867,OCH
13342992,13343272,OCH
13344011,13345511,OCH
13344119,13345012,NA
13363059,13363982,CHI
13363068,13363984,NA
13373011,13374992,NA
13373512,13374992,FEM
13376504,13377191,FEM
13376509,13377169,NA
13388333,13391992,NA
13388374,13390011,CHI
13388510,13391510,OCH
13391011,13391946,FEM
13394951,13396137,MAL
13394992,13397117,NA
13396011,13397126,FEM
13399493,13401018,NA
13399552,13400063,OCH
13400348,13401011,FEM
13401428,13402511,NA
13401492,13401990,MAL
13401518,13402392,FEM
13406745,13408313,NA
13406754,13408301,MAL
13408880,13410311,NA
13408991,13410221,FEM
13413887,13414511,NA
13414012,13414429,FEM
13414238,13414392,MAL
13416653,13417171,NA
13417522,13418298,NA
13417547,13418281,FEM
13419906,13420745,NA
13419955,13420510,CHI
13420107,13420510,OCH
13427011,13434375,NA
13427265,13430554,CHI
13429024,13429292,MAL
13429511,13430583,OCH
13430664,13431511,FEM
13431486,13432510,OCH
13432787,13433101,OCH
13433097,13434339,FEM
13438492,13439491,CHI
13438492,13441089,NA
13440011,13441071,FEM
13444817,13445985,NA
13444854,13445909,FEM
13445507,13445772,MAL
13450345,13451113,NA
13450352,13451100,CHI
13454198,13458371,NA
13454211,13455011,FEM
13455165,13456145,CHI
13455221,13455334,OCH
13455580,13456010,OCH
13457107,13457461,MAL
13457610,13458331,CHI
13460869,13462281,NA
13461085,13461416,FEM
13461255,13462246,MAL
13463390,13464775,CHI
13463418,13464781,NA
13466993,13468512,CHI
13466993,13468998,NA
13467511,13468993,OCH
13470305,13472652,NA
13470322,13471491,CHI
13473054,13473822,NA
13473245,13473711,OCH
13474510,13475909,NA
13474755,13475945,OCH
13478336,13478511,FEM
13478339,13478511,NA
13483511,13484583,OCH
13483626,13484384,NA
13484969,13485170,OCH
13485012,13485511,NA
13488996,13496492,NA
13489021,13490238,OCH
13489129,13490271,FEM
13490992,13492011,CHI
13490992,13492992,OCH
13492011,13492510,FEM
13492511,13493149,CHI
13494036,13496237,FEM
13496696,13498011,NA
13496993,13497511,FEM
13497651,13497766,FEM
13500906,13501811,NA
13500992,13501491,FEM
13501951,13503039,NA
13501991,13502887,CHI
13503223,13505000,NA
13503993,13504855,FEM
13506991,13508511,NA
13507012,13508512,FEM
13511473,13511912,OCH
13512511,13514492,NA
13512822,13513011,OCH
13513760,13514106,FEM
13516485,13517011,NA
13519253,13521276,NA
13519297,13521190,FEM
13525512,13525807,NA
13525993,13529493,NA
13526020,13526916,CHI
13526151,13526863,OCH
13526916,13528197,FEM
13528286,13529155,CHI
13531011,13531313,NA
13531415,13533273,NA
13531511,13533036,FEM
13537511,13541308,NA
13537824,13541035,FEM
13539607,13539813,OCH
13540323,13540492,OCH
13541558,13541992,NA
13554020,13555383,NA
13554029,13555323,CHI
13562763,13565100,FEM
13562814,13570492,NA
13564540,13566511,OCH
13566941,13569010,FEM
13569107,13570072,CHI
13571012,13580531,NA
13571265,13572510,FEM
13571992,13575011,OCH
13572492,13573012,CHI
13573113,13573575,CHI
13574355,13575928,CHI
13576108,13579655,FEM
13579815,13580301,FEM
13582510,13584670,NA
13582652,13584257,CHI
13583545,13583901,OCH
13585404,13588766,NA
13585585,13587291,CHI
13585992,13587448,OCH
13587661,13587992,CHI
13587674,13588011,OCH
13588012,13588657,FEM
13591749,13596837,NA
13591920,13593228,CHI
13592117,13592338,FEM
13592755,13593153,FEM
13593975,13595097,FEM
13595992,13596512,OCH
13596010,13596511,CHI
13603506,13604087,NA
13603557,13604011,OCH
13603580,13603992,CHI
13616537,13619487,MAL
13617011,13618793,NA
13624499,13626318,NA
13624637,13625285,OCH
13626492,13628534,NA
13626657,13627454,CHI
13627575,13628123,FEM
13632717,13640660,NA
13632774,13634011,CHI
13633993,13634199,OCH
13634625,13640543,OCH
13638011,13638688,CHI
13640933,13644511,NA
13641011,13644271,OCH
13641573,13641710,CHI
13642530,13644288,CHI
13646492,13646617,NA
13649005,13650993,NA
13649432,13650593,OCH
13649511,13650608,CHI
13656124,13657034,NA
13656215,13656834,OCH
13670492,13671511,CHI
13670492,13671781,NA
13671011,13671463,OCH
13672851,13673356,OCH
13672937,13673511,NA
13686992,13692753,CHI
13686992,13693011,NA
13710511,13712511,NA
13710796,13711442,CHI
13711003,13711992,FEM
13711710,13712194,MAL
13714010,13715232,NA
13718391,13719260,NA
13718408,13719110,CHI
13743095,13744575,NA
13743116,13744491,CHI
13744758,13744991,NA
13753663,13756992,NA
13753670,13754991,CHI
13755828,13756572,FEM
13775010,13782992,NA
13775282,13779992,CHI
13775312,13776991,OCH
13780400,13782493,CHI
13780776,13780973,OCH
13792096,13793492,NA
13792223,13793011,CHI
13793728,13795027,NA
13794011,13794116,CHI
13794243,13794965,CHI
13801992,13803143,NA
13802363,13802511,CHI
13805092,13806513,NA
13805306,13805915,CHI
13820492,13821516,OCH
13820794,13822215,NA
13823922,13828998,NA
13824181,13827716,CHI
13824464,13824655,OCH
13825092,13825321,OCH
13826379,13826549,OCH
13830880,13840563,NA
13830991,13832555,CHI
13834059,13835875,OCH
13834814,13839662,CHI
13840104,13840502,CHI
13846076,13847745,NA
13846245,13847511,CHI
13880511,13884397,NA
13881085,13882492,CHI
13881491,13883052,OCH
13882595,13883692,CHI
13884991,13891586,NA
13885013,13888511,CHI
13888781,13891454,CHI
13892769,13895869,NA
13892776,13893993,OCH
13894511,13895621,CHI
13894755,13895643,OCH
13898240,13899492,NA
13898414,13900323,OCH
13903491,13904392,NA
13903523,13904343,OCH
13905594,13905930,NA
13911510,13914011,OCH
13911510,13915101,NA
13912852,13914992,CHI
13914163,13914914,OCH
13915218,13915493,NA
13917636,13919492,NA
13917683,13919141,CHI
13921571,13923510,NA
13921782,13921976,CHI
13921823,13922009,OCH
13923107,13923468,OCH
13923120,13923328,CHI
13928664,13931492,NA
13928902,13931504,OCH
13931722,13931994,NA
13938924,13940011,OCH
13939147,13939493,NA
13942010,13944511,NA
13943384,13944221,OCH
13947010,13947180,OCH
13948087,13949822,NA
13948492,13949012,OCH
13949012,13949130,FEM
13951104,13952491,NA
13951732,13951843,FEM
13958465,13961492,NA
13958975,13961098,CHI
13959493,13960973,OCH
13963339,13965992,NA
13963906,13965840,CHI
13964012,13965510,OCH
13966992,13967144,NA
13967370,13971822,NA
13967492,13968992,CHI
13969513,13971521,CHI
13971017,13971511,OCH
13978992,13981214,NA
13979177,13980510,FEM
13981454,13989895,NA
13981729,13983012,CHI
13984491,13986695,OCH
13985963,13989729,CHI
13989113,13989241,OCH
13993960,13994812,OCH
13993965,13994778,NA
13994061,13994512,CHI
13996992,13999815,NA
13997377,13999491,CHI
13998493,13998787,FEM
13998786,13999459,OCH
14034023,14035329,NA
14034182,14035058,CHI
14056301,14057035,NA
14056556,14057012,OCH
14066992,14067993,NA
14067003,14067963,CHI
14074852,14075745,NA
14074867,14075728,FEM
14104935,14107510,NA
14105148,14105734,FEM
14106319,14106910,CHI
14106530,14106643,OCH
14111992,14114105,NA
14112563,14114067,OCH
14113025,14113492,FEM
14116012,14117511,OCH
14116221,14121248,NA
14117922,14120511,FEM
14118199,14118493,OCH
14124011,14124512,NA
14126829,14128056,NA
14127110,14127662,FEM
14127321,14127437,MAL
14128871,14133375,NA
14128953,14129685,FEM
14129439,14130779,OCH
14130011,14130764,CHI
14131518,14131992,CHI
14132516,14132806,CHI
14134011,14140493,NA
14134056,14136511,CHI
14135840,14135992,OCH
14136780,14136993,CHI
14137016,14137394,OCH
14137511,14139028,OCH
14138493,14140226,CHI
14142009,14143011,NA
14142028,14142965,OCH
14148992,14151511,NA
14149139,14150396,CHI
14150012,14150240,OCH
14150207,14150997,FEM
14150670,14151490,OCH
14153430,14159304,NA
14153493,14157011,CHI
14153992,14154314,OCH
14154492,14157011,OCH
14157622,14158881,CHI
14157831,14159179,OCH
14160958,14172831,NA
14160992,14168213,CHI
14161026,14162614,OCH
14164548,14164653,OCH
14168206,14169011,OCH
14169492,14170920,OCH
14169492,14171002,CHI
14174386,14179016,NA
14174737,14175139,CHI
14175089,14176854,OCH
14175493,14178019,CHI
14177268,14177501,OCH
14177602,14177865,OCH
14181991,14183768,OCH
14181991,14183992,NA
14182511,14183010,CHI
14187091,14187992,NA
14191511,14191698,FEM
14191546,14194011,NA
14192798,14193839,CHI
14193271,14193511,OCH
14198510,14198974,NA
14206379,14207854,NA
14206426,14207368,CHI
14207073,14207178,OCH
14209093,14209511,CHI
14209196,14209512,NA
14219999,14220966,NA
14220114,14220762,CHI
14223485,14225471,NA
14223587,14223832,FEM
14224128,14224492,FEM
14226827,14229071,NA
14226897,14228991,FEM
14235126,14235771,NA
14237492,14238493,NA
14237692,14238224,CHI
14255492,14257703,NA
14255511,14257063,CHI
14256899,14257258,FEM
14266083,14267286,NA
14267705,14270992,NA
14267850,14269463,CHI
14269417,14269663,FEM
14269552,14269721,OCH
14269993,14270747,OCH
14272986,14274685,NA
14273224,14274279,FEM
14282492,14283030,NA
14282514,14282745,CHI
14283332,14283960,NA
14287517,14292596,NA
14287563,14289991,CHI
14290005,14290511,FEM
14291993,14292435,CHI
14296547,14297011,NA
14296711,14296843,CHI
14298689,14304977,NA
14299991,14302566,FEM
14303491,14304792,FEM
14307214,14308670,NA
14307334,14308512,FEM
14313022,14313457,NA
14318262,14318863,NA
14319011,14321400,NA
14320171,14321167,OCH
14320581,14320832,FEM
14321595,14330696,NA
14321991,14323010,CHI
14322035,14323010,OCH
14323838,14325892,CHI
14325512,14329263,FEM
14329523,14330566,FEM
14331011,14343504,NA
14331092,14333706,FEM
14332061,14332378,MAL
14334440,14335086,MAL
14335378,14338510,CHI
14335640,14336443,OCH
14339084,14339513,FEM
14339805,14340605,CHI
14339989,14341822,OCH
14340782,14341341,FEM
14341511,14343366,CHI
14342268,14342373,OCH
14345243,14350520,NA
14345259,14346312,CHI
14346492,14350510,FEM
14347533,14347636,OCH
14347770,14348023,OCH
14352512,14372089,NA
14352766,14353461,OCH
14352798,14353358,CHI
14353586,14354511,OCH
14353620,14355159,CHI
14354660,14354943,OCH
14355510,14357491,FEM
14358252,14358735,CHI
14358492,14358890,OCH
14358548,14360499,FEM
14360382,14360892,OCH
14360492,14360887,CHI
14360689,14360863,FEM
14361464,14364490,OCH
14361511,14364393,CHI
14364798,14367425,CHI
14364903,14366513,OCH
14368394,14371916,FEM
14375340,14377022,CHI
14375355,14381973,NA
14376656,14379035,OCH
14377404,14378492,CHI
14378624,14379993,CHI
14380011,14381864,OCH
14380046,14380991,FEM
14381268,14381396,CHI
14382168,14384492,NA
14382227,14384299,CHI
14385350,14386992,NA
14385492,14386827,CHI
14385632,14385748,OCH
14386143,14386379,OCH
14388492,14390510,FEM
14388492,14392491,NA
14390511,14392011,CHI
14392782,14393298,OCH
14394621,14395443,NA
14394770,14395418,CHI
14396992,14397497,FEM
14396992,14397510,NA
14400492,14415199,NA
14400504,14401191,CHI
14401633,14404537,CHI
14403329,14403493,OCH
14404831,14405012,CHI
14405909,14406491,CHI
14405992,14408493,FEM
14408511,14409952,CHI
14410276,14411511,FEM
14411702,14412742,CHI
14413830,14414993,CHI
14417683,14422771,NA
14417720,14419019,CHI
14419510,14421491,CHI
14421491,14422655,FEM
14423992,14424478,OCH
14423992,14425394,NA
14424861,14425038,OCH
14426294,14428314,NA
14426492,14427012,FEM
14426635,14427011,MAL
14427497,14428202,CHI
14429267,14432991,NA
14429661,14432493,FEM
14434406,14451276,NA
14434492,14437057,CHI
14437049,14437992,FEM
14437835,14439555,CHI
14439570,14442493,FEM
14441993,14451087,CHI
14444511,14444764,FEM
14446195,14446489,OCH
14454492,14462013,NA
14454595,14455516,OCH
14455454,14456178,FEM
14455733,14456177,OCH
14456826,14457511,OCH
14456826,14458573,CHI
14459251,14462012,FEM
14459415,14460068,MAL
14463510,14465776,FEM
14463510,14468093,NA
14465010,14465916,MAL
14466992,14467461,CHI
14467511,14468010,FEM
14472010,14476511,NA
14472289,14472991,MAL
14472992,14473510,CHI
14473011,14476511,FEM
14483213,14489136,NA
14483242,14484697,CHI
14484493,14485492,FEM
14484936,14487304,CHI
14487491,14488991,FEM
14488484,14488933,MAL
14490011,14492851,NA
14490185,14490953,FEM
14491511,14492653,CHI
14494493,14495185,OCH
14494572,14495257,NA
14496011,14503011,NA
14496492,14500685,FEM
14498398,14499068,CHI
14501012,14502666,FEM
14502512,14502662,CHI
14503138,14503764,NA
14504010,14506955,NA
14504371,14506914,FEM
14507606,14509587,FEM
14507606,14517508,NA
14509511,14512991,OCH
14510991,14512263,CHI
14512701,14514010,FEM
14513097,14514280,MAL
14514459,14515510,CHI
14515060,14515323,OCH
14516275,14517073,FEM
14517633,14523492,NA
14518781,14522283,CHI
14518950,14520011,OCH
14521992,14523269,FEM
14524385,14525511,NA
14524491,14525492,CHI
14528106,14528957,NA
14528140,14528888,CHI
14536317,14543011,NA
14536992,14539491,OCH
14537038,14539512,CHI
14538734,14539357,FEM
14540553,14542492,OCH
14540680,14542511,CHI
14544095,14549510,NA
14544193,14549492,FEM
14552025,14554241,NA
14552139,14554031,OCH
14552165,14552555,FEM
14552885,14553511,FEM
14554809,14562679,NA
14555005,14556105,CHI
14556512,14562492,FEM
14562865,14567399,NA
14562912,14564569,FEM
14564642,14565724,OCH
14564699,14565787,CHI
14565624,14567379,FEM
14568012,14570493,NA
14568213,14570253,FEM
14571929,14577493,NA
14571993,14572919,CHI
14572766,14573588,FEM
14574087,14574330,MAL
14574511,14577285,FEM
14575447,14575990,MAL
14580365,14581513,CHI
14580435,14581510,NA
14585508,14586510,NA
14585856,14586139,FEM
14589676,14597992,NA
14589828,14591650,OCH
14591122,14595655,CHI
14593412,14593778,OCH
14595864,14597492,FEM
14597012,14597459,MAL
14601776,14602716,NA
14601826,14602511,MAL
14602268,14602511,FEM
14606399,14610491,NA
14606428,14610492,FEM
14612010,14624492,NA
14612010,14616176,FEM
14615991,14619783,CHI
14616492,14618298,OCH
14619992,14623785,FEM
14623345,14624123,CHI
14623774,14623966,OCH
14624862,14628853,NA
14624992,14626064,CHI
14626511,14628011,FEM
14627010,14627314,MAL
14629346,14656012,NA
14629493,14631159,CHI
14631433,14632871,FEM
14631511,14634641,CHI
14635075,14635510,FEM
14636209,14636764,OCH
14636266,14637550,CHI
14637274,14637385,OCH
14637834,14638656,CHI
14638131,14638384,OCH
14639149,14641377,FEM
14641493,14642512,CHI
14642250,14646443,FEM
14643011,14643534,OCH
14645917,14647417,CHI
14647510,14649511,FEM
14648464,14651512,CHI
14650038,14650332,OCH
14650492,14650946,OCH
14651135,14651493,OCH
14652488,14656011,FEM
14653992,14654464,OCH
14654213,14654439,CHI
14660492,14664802,OCH
14660492,14665011,NA
14660831,14660991,CHI
14668830,14674456,NA
14668877,14670814,CHI
14669618,14669903,OCH
14671122,14671225,CHI
14671415,14672470,CHI
14671810,14672122,OCH
14672927,14673572,CHI
14672991,14674010,OCH
14677683,14680145,NA
14677814,14679002,OCH
14680708,14681992,NA
14680992,14681512,CHI
14683410,14685992,NA
14683435,14684545,CHI
14684765,14685783,CHI
14684993,14685511,OCH
14687101,14687300,NA
14687492,14693010,NA
14687728,14689991,CHI
14687916,14688024,OCH
14688656,14688929,OCH
14690012,14691224,FEM
14691976,14692548,CHI
14692011,14692197,OCH
14693484,14694842,NA
14693721,14693940,OCH
14694348,14694925,OCH
14695700,14696206,NA
14698992,14702085,NA
14699011,14702011,CHI
14700466,14700689,OCH
14704991,14708825,NA
14705061,14705993,CHI
14706296,14708512,FEM
14710528,14711993,NA
14710599,14711510,CHI
14710663,14710828,OCH
14711046,14711208,OCH
14716510,14719122,NA
14716661,14718980,CHI
14718157,14719011,OCH
14724492,14726991,NA
14724501,14726973,CHI
14729111,14730390,NA
14729123,14730345,CHI
14735719,14743492,NA
14737499,14739991,OCH
14738492,14741747,FEM
14742046,14742530,CHI
14744494,14749273,NA
14744511,14745896,CHI
14745993,14747493,FEM
14747992,14748174,CHI
14748598,14749011,CHI
14748816,14748991,OCH
14749685,14750011,NA
14753467,14755511,NA
14753492,14755510,OCH
14753605,14754012,CHI
14754125,14754236,CHI
14756011,14756900,NA
14757535,14759381,NA
14757593,14759336,CHI
14772900,14774010,MAL
14782552,14784002,MAL
14782672,14784224,NA
14784353,14784993,NA
14784407,14785011,OCH
14788455,14790492,NA
14788457,14789763,CHI
14789542,14790011,FEM
14799929,14801512,NA
14799930,14801511,CHI
14811010,14811334,OCH
14811010,14817672,NA
14811599,14811783,OCH
14813321,14817469,OCH
14813493,14814008,CHI
14814986,14815396,FEM
14815627,14817396,CHI
14817011,14817305,FEM
14818218,14820150,NA
14818368,14820050,CHI
14830990,14832526,NA
14831174,14832121,FEM
14832242,14832470,FEM
14833115,14835768,NA
14833181,14835511,CHI
14839511,14841492,OCH
14840012,14841411,NA
14856926,14861691,OCH
14856980,14857512,NA
14858615,14862029,NA
14860511,14861772,CHI
14869990,14874030,NA
14870080,14872512,CHI
14872992,14874035,MAL
14903718,14904511,NA
14907491,14908347,NA
14907790,14907972,CHI
14937738,14938011,NA
14946552,14949301,NA
14946662,14949163,OCH
14948780,14948962,FEM
14949757,14950287,NA
14950011,14950210,FEM
14952011,14952428,FEM
14952011,14952436,NA
14971993,14977992,NA
14972010,14975012,CHI
14973856,14978512,OCH
14981011,14981232,NA
14981490,14986600,NA
14981601,14982511,CHI
14982302,14984511,OCH
14983991,14985025,FEM
14986034,14986586,OCH
14986880,14986991,OCH
14988491,14988992,NA
14990495,14991621,NA
14990535,14991634,OCH
14990906,14991454,CHI
14997671,15002328,NA
14997732,14998581,OCH
14998011,14998521,FEM
14998510,14999251,CHI
14998697,14998992,OCH
14999492,15002084,CHI
15004992,15005390,NA
15009492,15010550,CHI
15009492,15010653,NA
15010974,15014727,NA
15011438,15012511,CHI
15011992,15013376,OCH
15012511,15013454,FEM
15017915,15019061,NA
15017992,15019011,OCH
15018068,15018492,CHI
15020492,15024012,NA
15020647,15021806,CHI
15022611,15023991,FEM
15027134,15029719,NA
15027221,15029589,CHI
15032010,15035893,NA
15032123,15034555,CHI
15034066,15034385,OCH
15035055,15035509,OCH
15040107,15040385,NA
15041693,15042010,OCH
15041697,15042261,NA
15043011,15044511,NA
15043256,15044368,CHI
15051012,15052053,CHI
15051012,15052072,NA
15056805,15057787,NA
15056984,15057428,OCH
15057028,15057433,CHI
15060247,15064010,NA
15060263,15063511,CHI
15061012,15061512,OCH
15062666,15062993,OCH
15063123,15063511,OCH
15064991,15065725,NA
15064993,15065651,OCH
15079993,15080746,NA
15080146,15080438,CHI
15080275,15080493,FEM
15085313,15086511,NA
15085393,15085997,FEM
15101775,15103245,NA
15101821,15102660,CHI
15103511,15103766,NA
15104333,15105388,NA
15104492,15105341,CHI
15116993,15119136,NA
15117265,15118011,CHI
15118431,15118905,FEM
15120069,15120514,NA
15120159,15120493,CHI
15121350,15122120,NA
15121492,15121991,OCH
15121510,15122011,CHI
15136492,15138011,CHI
15136492,15138993,NA
15138142,15138922,CHI
15145736,15148390,OCH
15145756,15147145,NA
15147437,15148176,NA
15153654,15154511,NA
15153666,15154442,CHI
15167459,15176030,NA
15167512,15169993,OCH
15169012,15171002,FEM
15171381,15172361,FEM
15171992,15174267,OCH
15173386,15174473,CHI
15174786,15175491,FEM
15176455,15179184,NA
15176999,15179232,FEM
15181012,15181182,NA
15181811,15184454,NA
15181911,15183511,FEM
15186191,15203270,NA
15186342,15190406,FEM
15189690,15191793,CHI
15190121,15192767,OCH
15192220,15192733,CHI
15193055,15194229,CHI
15193992,15196511,OCH
15194149,15194350,FEM
15194685,15195002,CHI
15195992,15199512,CHI
15199714,15201704,FEM
15201010,15201511,MAL
15201527,15203012,CHI
15202028,15203046,FEM
15205141,15206091,NA
15205374,15205482,CHI
15205511,15205643,FEM
15206761,15227121,NA
15206992,15214829,FEM
15215109,15217762,FEM
15217910,15218779,CHI
15219122,15219757,CHI
15219149,15220492,FEM
15220531,15222011,CHI
15222641,15224814,FEM
15225806,15226670,CHI
15225820,15227011,OCH
15234510,15237510,NA
15234686,15237372,FEM
15247091,15247498,NA
15247133,15247494,FEM
15249743,15251992,NA
15250032,15251510,FEM
15250466,15251004,OCH
15254492,15257383,FEM
15254556,15258010,NA
15263095,15267493,NA
15263198,15267493,FEM
15272191,15273993,NA
15272229,15273817,FEM
15275993,15278536,FEM
15275993,15280475,NA
15278227,15280011,OCH
15278492,15279010,CHI
15281511,15288492,NA
15282010,15283233,FEM
15283379,15286157,FEM
15286676,15288490,FEM
15289511,15290296,NA
15292908,15305755,NA
15293063,15293510,CHI
15293210,15294012,OCH
15295011,15296835,FEM
15295789,15296810,OCH
15296492,15296826,CHI
15297051,15298011,FEM
15297927,15299469,CHI
15299498,15305492,FEM
15302306,15303011,OCH
15306511,15316081,NA
15306513,15308047,FEM
15308700,15311511,OCH
15311012,15316012,FEM
15318492,15320456,NA
15319010,15320011,CHI
15321126,15328511,NA
15321172,15327993,OCH
15322603,15322708,FEM
15327080,15327264,FEM
15328767,15329970,NA
15329031,15329660,OCH
15332311,15335990,OCH
15332397,15336010,NA
15343493,15350856,NA
15343709,15345992,OCH
15346326,15347733,FEM
15346798,15346992,OCH
15347492,15349834,OCH
15348849,15348997,FEM
15349664,15349947,FEM
15350420,15350677,FEM
15352011,15353511,NA
15357492,15360992,OCH
15357492,15361383,NA
15358493,15359502,CHI
15361793,15364010,NA
15361935,15363992,FEM
15367011,15368013,FEM
15367011,15373086,NA
15367992,15369570,OCH
15369510,15373010,FEM
15373812,15382231,NA
15373989,15374122,OCH
15374045,15379518,FEM
15374300,15374511,OCH
15375493,15376074,CHI
15379846,15381179,CHI
15381146,15381301,FEM
15381311,15381492,CHI
15388491,15389011,NA
15389178,15389492,NA
15389492,15389649,MAL
15394803,15399899,NA
15394804,15399689,FEM
15401413,15406065,NA
15401492,15406033,FEM
15407027,15414445,NA
15407121,15408511,CHI
15408512,15408620,OCH
15408993,15410512,OCH
15409172,15409493,CHI
15410783,15411174,FEM
15411661,15411772,FEM
15411992,15414326,FEM
15414881,15418921,NA
15415436,15418786,FEM
15428502,15429525,NA
15448040,15448492,NA
15449511,15455011,NA
15449965,15454602,FEM
15451685,15451810,OCH
15467147,15467319,NA
15467492,15471903,NA
15467507,15469166,FEM
15469837,15471511,FEM
15487144,15487325,NA
15487492,15489993,NA
15487759,15487889,OCH
15488979,15489511,OCH
15489770,15489888,OCH
15497992,15500992,NA
15499222,15499337,MAL
15499492,15500621,FEM
15521193,15521421,MAL
15522914,15524556,NA
15523179,15524450,OCH
15523491,15523832,CHI
15524011,15524340,CHI
15524664,15530511,NA
15524754,15527817,CHI
15525992,15526567,FEM
15526774,15527511,OCH
15527511,15530511,FEM
15532509,15533184,NA
15533419,15536526,NA
15533492,15536511,FEM
15537781,15540763,NA
15537800,15540586,FEM
15547373,15548856,NA
15547493,15548647,FEM
15547754,15548034,OCH
15550043,15551012,NA
15550075,15550993,CHI
15556992,15560492,FEM
15556992,15560515,NA
15568991,15572196,NA
15569007,15570511,FEM
15570510,15571907,MAL
15573296,15574443,NA
15573396,15573787,FEM
15576511,15582491,NA
15576611,15582492,FEM
15582942,15583511,NA
15583116,15583359,OCH
15585492,15586240,NA
15586558,15586992,NA
15591992,15607011,NA
15591992,15595296,FEM
15595492,15600966,FEM
15595983,15597277,MAL
15600357,15601012,CHI
15601493,15606918,FEM
15607942,15612589,NA
15607956,15608677,MAL
15608585,15608867,FEM
15608992,15610992,FEM
15611216,15612537,FEM
15618012,15623093,NA
15618169,15622511,FEM
15623383,15624212,NA
15623511,15624125,FEM
15624993,15626713,FEM
15624993,15626780,NA
15628348,15629853,NA
15628452,15628908,MAL
15628589,15628726,CHI
15628688,15629510,FEM
15628854,15629112,CHI
15632136,15634011,NA
15632239,15633928,FEM
15632492,15633493,OCH
15641363,15642511,NA
15641404,15642492,FEM
15653441,15669992,NA
15653490,15666163,FEM
15668993,15669693,FEM
15669334,15669710,MAL
15670230,15671703,NA
15670398,15671510,OCH
15674907,15677492,NA
15675000,15677354,FEM
15681973,15688492,NA
15681981,15684011,FEM
15684276,15685511,OCH
15686492,15688313,FEM
15694493,15695512,NA
15694628,15694992,FEM
15698558,15698848,MAL
15700340,15702993,NA
15700492,15702512,FEM
15705487,15706511,OCH
15705492,15713511,NA
15708247,15709492,CHI
15708438,15709511,OCH
15710244,15711511,CHI
15711492,15713281,FEM
15723804,15724538,OCH
15724493,15724925,NA
15727969,15729511,FEM
15727969,15729511,NA
15748511,15750492,FEM
15748511,15750492,NA
15781348,15782504,NA
15781492,15782186,OCH
15798780,15801181,NA
15798993,15799609,CHI
15798993,15799614,OCH
15799992,15801104,OCH
15800441,15801033,CHI
15802315,15804011,NA
15802521,15802668,OCH
15802594,15803011,CHI
15803276,15803818,FEM
15804573,15833492,NA
15805825,15807818,CHI
15808316,15810137,FEM
15810398,15811991,OCH
15810599,15811125,CHI
15811492,15812094,CHI
15813011,15814467,CHI
15814830,15815492,FEM
15815248,15815948,MAL
15815986,15816511,CHI
15816268,15817991,MAL
15816757,15819992,FEM
15819933,15820927,CHI
15821229,15822149,MAL
15822169,15823011,CHI
15822739,15826489,MAL
15823510,15824011,FEM
15825692,15827992,FEM
15827511,15830307,CHI
15829992,15832759,FEM
15832749,15833011,CHI
15834493,15846962,NA
15834525,15835286,FEM
15835191,15839887,CHI
15835492,15836008,FEM
15839555,15840537,MAL
15841013,15842511,FEM
15841486,15842512,CHI
15842841,15843511,OCH
15843587,15844869,FEM
15845063,15845433,OCH
15846013,15846720,OCH
15870931,15871776,NA
15892065,15893668,NA
15892414,15893356,FEM
15894993,15899394,NA
15895442,15898991,FEM
15937752,15937933,NA
15937796,15937919,FEM
15956492,15962174,NA
15956526,15957508,CHI
15956705,15956843,OCH
15956992,15957264,OCH
15958198,15959543,CHI
15959006,15959266,OCH
15960289,15962024,CHI
15960790,15961991,OCH
15963510,15966342,NA
15963745,15966089,OCH
15964012,15964559,CHI
15973345,15985309,NA
15973386,15975511,CHI
15974012,15977512,OCH
15975733,15975924,FEM
15976011,15978898,CHI
15977920,15978917,OCH
15979532,15981766,FEM
15979751,15980262,OCH
15979812,15980492,CHI
15981975,15982274,OCH
15982755,15983992,FEM
15983992,15985011,CHI
16010992,16011518,NA
16019011,16020511,NA
16019200,16020184,FEM
16028305,16031010,NA
16028643,16029195,CHI
16028661,16029071,OCH
16029492,16029619,CHI
16029838,16031011,CHI
16039011,16053491,NA
16039014,16040281,CHI
16040876,16042992,OCH
16042992,16053264,FEM
16043025,16043233,CHI
16056974,16058511,FEM
16056993,16058512,NA
16076995,16077316,NA
16077513,16077682,NA
16077992,16078600,NA
16079291,16079853,NA
16101848,16102592,NA
16101958,16102468,CHI
16109184,16109297,MAL
16126207,16127024,NA
16126334,16126933,CHI
16128626,16134993,NA
16128663,16134643,CHI
16138540,16139561,NA
16138641,16139512,OCH
16138648,16139492,CHI
16141673,16143165,NA
16141721,16143012,CHI
16151010,16152762,CHI
16151010,16153011,NA
16160992,16168493,NA
16161010,16162082,CHI
16162008,16163012,FEM
16162991,16163366,OCH
16163012,16166993,CHI
16163886,16164208,OCH
16164563,16165154,MAL
16165992,16166356,OCH
16166508,16168282,OCH
16167511,16167764,CHI
16170754,16172011,NA
16170848,16172011,FEM
16172359,16174074,NA
16172384,16173562,FEM
16174210,16175493,NA
16174350,16175012,OCH
16179468,16181096,NA
16179499,16181048,FEM
16184011,16186726,NA
16184855,16185532,OCH
16184991,16185492,FEM
16186083,16186510,OCH
16190386,16191211,NA
16190488,16190751,OCH
16191325,16191737,NA
16191615,16191743,OCH
16201011,16223996,NA
16201013,16205011,CHI
16203993,16205043,OCH
16206051,16207767,FEM
16207801,16209016,CHI
16208438,16209012,OCH
16209992,16213993,FEM
16214192,16215505,OCH
16214492,16215010,CHI
16215491,16216654,FEM
16217012,16221124,FEM
16221485,16223238,FEM
16224509,16224735,NA
16225010,16229114,NA
16225512,16229012,FEM
16229287,16229493,NA
16230993,16232611,FEM
16230993,16232770,NA
16233323,16236673,NA
16234005,16234545,FEM
16235492,16236511,CHI
16238011,16238894,NA
16238011,16238897,FEM
16242992,16244011,NA
16243014,16243814,OCH
16251511,16260828,NA
16251702,16252897,FEM
16253011,16254992,CHI
16254511,16258492,FEM
16258517,16260510,OCH
16260212,16260345,CHI
16261012,16266012,NA
16261050,16264992,FEM
16265077,16265349,OCH
16265570,16265708,OCH
16266434,16266699,NA
16268992,16278315,NA
16269088,16269307,FEM
16269491,16277491,FEM
16279010,16284511,NA
16279631,16280903,CHI
16279993,16280972,OCH
16280376,16284374,FEM
16285148,16295994,NA
16285511,16285798,CHI
16286852,16290511,OCH
16291085,16294416,FEM
16294476,16296953,OCH
16300374,16301896,NA
16300492,16301007,FEM
16330017,16331004,OCH
16330094,16331015,NA
16330449,16330819,CHI
16335586,16335699,OCH
16361011,16361159,NA
16361281,16362992,NA
16365993,16368345,NA
16366011,16366524,FEM
16367295,16367980,FEM
16368510,16372957,NA
16368964,16370047,CHI
16370011,16372826,FEM
16375643,16379992,NA
16375898,16376079,FEM
16376185,16376494,FEM
16376506,16376749,OCH
16377812,16379238,FEM
16378205,16378492,OCH
16380510,16380772,NA
16382667,16383106,NA
16382746,16382992,FEM
16385723,16386690,NA
16385843,16385970,OCH
16386940,16405705,NA
16387259,16388243,FEM
16387491,16389995,CHI
16389918,16404511,FEM
16396972,16397993,CHI
16399493,16400106,OCH
16400445,16400560,OCH
16403771,16403945,OCH
16404991,16405610,CHI
16407510,16417546,NA
16407510,16414727,FEM
16409618,16409766,CHI
16414945,16415666,CHI
16415565,16416075,FEM
16416243,16417493,CHI
16418300,16424616,NA
16418368,16419492,CHI
16419351,16420510,FEM
16420185,16421732,CHI
16421341,16421511,OCH
16422013,16423991,MAL
16423270,16424468,FEM
16426010,16445492,NA
16426206,16429944,FEM
16430457,16433201,FEM
16434011,16440035,FEM
16439993,16442357,MAL
16442772,16443624,CHI
16443682,16445164,FEM
16444261,16444673,CHI
16447055,16450251,NA
16448041,16450199,CHI
16448179,16448301,FEM
16452492,16453881,NA
16452587,16453704,CHI
16456492,16473274,NA
16456571,16458550,CHI
16459625,16460487,MAL
16460005,16460867,FEM
16461149,16461993,FEM
16461492,16462343,CHI
16462509,16466385,CHI
16467052,16468512,MAL
16468345,16468455,CHI
16468512,16468841,FEM
16468993,16472032,FEM
16472332,16473270,CHI
16478378,16478510,NA
16479492,16479927,NA
16479514,16479764,FEM
16481067,16488978,NA
16481288,16483615,CHI
16481605,16482277,OCH
16482552,16483320,OCH
16484011,16484511,CHI
16484924,16485678,CHI
16484992,16485681,OCH
16486178,16487030,FEM
16487726,16487920,CHI
16488598,16488699,FEM
16490690,16508594,NA
16490952,16492496,CHI
16491215,16493993,FEM
16494727,16495902,CHI
16495358,16495972,OCH
16496349,16496680,OCH
16496389,16501011,CHI
16501042,16508492,FEM
16504550,16504992,CHI
16509459,16511545,NA
16510011,16510391,FEM
16510535,16511500,CHI
16513511,16534460,NA
16514035,16518991,CHI
16514079,16514180,FEM
16514700,16514992,FEM
16518519,16518721,OCH
16518992,16520222,OCH
16519160,16521706,CHI
16522363,16522468,CHI
16522512,16523754,FEM
16523862,16525011,OCH
16524390,16524685,CHI
16526977,16529010,CHI
16527105,16529537,OCH
16529878,16530513,OCH
16530132,16530238,FEM
16530350,16530799,CHI
16530445,16534289,FEM
16535490,16544307,NA
16535510,16536884,FEM
16536992,16540011,CHI
16539069,16539234,OCH
16540011,16544302,FEM
16540188,16540343,CHI
16545502,16547510,FEM
16545511,16547656,NA
16550492,16555533,NA
16550507,16552011,CHI
16551714,16555507,FEM
16552169,16553494,OCH
16556376,16556967,NA
16556407,16556930,FEM
16558258,16559011,FEM
16558265,16559011,NA
16560003,16561493,FEM
16560011,16561493,NA
16563012,16563196,NA
16564777,16564993,NA
16565170,16565815,NA
16568493,16569993,NA
16568511,16569993,FEM
16588515,16589733,NA
16588992,16589706,FEM
16594031,16594407,MAL
16633252,16634847,CHI
16633252,16635944,NA
16634428,16634622,OCH
16634992,16635951,OCH
16635146,16635495,CHI
16638499,16640521,NA
16638991,16639653,CHI
16639761,16640512,FEM
16642083,16642493,NA
16646011,16650010,NA
16646035,16649828,FEM
16652883,16660235,NA
16652984,16654012,FEM
16654992,16656511,CHI
16654992,16657277,OCH
16657652,16659512,OCH
16659176,16659475,FEM
16670510,16676374,NA
16670976,16673554,OCH
16671493,16672993,CHI
16673492,16676379,FEM
16681636,16681992,NA
16682959,16688089,NA
16683057,16683324,FEM
16683659,16685973,FEM
16686176,16687511,CHI
16686493,16686800,OCH
16686992,16687171,OCH
16691628,16694011,NA
16691992,16693533,FEM
16697207,16697344,NA
16697492,16699868,FEM
16697492,16700072,NA
16701078,16703194,NA
16701132,16702492,FEM
16703511,16703825,NA
16704093,16705215,NA
16704190,16704711,FEM
16705784,16709510,NA
16706491,16708749,CHI
16711512,16726993,NA
16711895,16716512,CHI
16715255,16715370,OCH
16716491,16719491,FEM
16719521,16721452,CHI
16721343,16725520,FEM
16725673,16726782,FEM
16727487,16732280,NA
16727492,16730882,FEM
16729838,16731492,CHI
16730496,16730913,OCH
16731213,16731331,OCH
16731274,16731740,FEM
16732511,16735012,FEM
16732511,16735176,NA
16738512,16740493,NA
16738579,16740422,FEM
16742492,16743685,CHI
16742492,16745482,NA
16743763,16745246,FEM
16750463,16752026,NA
16750493,16751683,OCH
16750598,16750973,CHI
16751247,16751495,CHI
16752320,16753893,NA
16752493,16753713,CHI
16755010,16755273,NA
16755512,16765483,NA
16755702,16759229,CHI
16755776,16755953,OCH
16759295,16759511,FEM
16759497,16760864,CHI
16761509,16763458,FEM
16761576,16762843,CHI
16763600,16765190,CHI
16763725,16765218,OCH
16766011,16777049,NA
16766053,16767244,CHI
16767511,16771750,FEM
16770119,16770241,CHI
16772218,16772512,FEM
16772454,16775120,CHI
16774690,16777010,FEM
16778492,16787011,NA
16780233,16781782,FEM
16782247,16782890,CHI
16783340,16783492,CHI
16783487,16787011,FEM
16791266,16792829,FEM
16791285,16793575,NA
16792491,16793492,CHI
16794322,16796116,NA
16794493,16796116,FEM
16798192,16805656,NA
16798330,16800991,CHI
16800011,16801845,FEM
16802492,16804512,FEM
16807011,16815496,NA
16807286,16807492,CHI
16807507,16808147,OCH
16808055,16808420,FEM
16808995,16810873,FEM
16810492,16811471,OCH
16810826,16811467,CHI
16811680,16811818,OCH
16811992,16813148,CHI
16812144,16812510,OCH
16813587,16814993,CHI
16815895,16816570,NA
16817993,16840992,NA
16819380,16821511,CHI
16820625,16821217,MAL
16821348,16821459,MAL
16822148,16822742,CHI
16822812,16823349,MAL
16823012,16830012,FEM
16829983,16833184,CHI
16833607,16836010,CHI
16833623,16835992,OCH
16835502,16837991,FEM
16837511,16838065,CHI
16839284,16840923,CHI
16842112,16846548,NA
16842242,16842936,MAL
16842927,16845011,CHI
16845022,16846011,FEM
16846937,16858687,NA
16847011,16847510,CHI
16847347,16848511,MAL
16848503,16850417,FEM
16850302,16853493,CHI
16853339,16855011,FEM
16856363,16857165,FEM
16857133,16858203,CHI
16858832,16872548,NA
16859011,16862013,FEM
16862212,16862492,FEM
16862534,16862647,MAL
16863402,16865493,OCH
16864011,16868215,CHI
16865737,16865853,FEM
16865803,16865924,OCH
16868113,16869206,FEM
16869767,16869875,OCH
16870142,16871492,OCH
16871011,16872213,CHI
16873237,16879607,NA
16873480,16874455,FEM
16874511,16875768,CHI
16876492,16877508,OCH
16876510,16877450,FEM
16877012,16877469,CHI
16877719,16879530,FEM
16880840,16881991,NA
16880992,16881886,CHI
16882560,16908952,NA
16883011,16884241,FEM
16884973,16886068,CHI
16884988,16885493,FEM
16885781,16887011,FEM
16887277,16889643,CHI
16888311,16888510,OCH
16889219,16889479,FEM
16889750,16892850,FEM
16889818,16889941,CHI
16890513,16890645,CHI
16893291,16898510,FEM
16893765,16894325,OCH
16896062,16896195,MAL
16898721,16900307,OCH
16899190,16899875,CHI
16900512,16907085,FEM
16900849,16900992,OCH
16906492,16906931,MAL
16907083,16907215,MAL
16907346,16908067,CHI
16907361,16908579,OCH
16908245,16908481,CHI
16909125,16910267,NA
16909449,16910041,OCH
16909644,16910005,CHI
16919012,16920511,NA
16919265,16920011,CHI
16922984,16925492,NA
16923892,16924731,MAL
16930821,16932304,NA
16930865,16931947,CHI
16931555,16931854,FEM
16944194,16945196,NA
16944279,16944979,CHI
16944297,16945061,OCH
16945743,16946956,NA
16945846,16946757,CHI
16945949,16946511,OCH
16947854,16949903,NA
16947993,16949691,CHI
16948842,16949512,OCH
16950286,16954491,NA
16950406,16951172,FEM
16951064,16953263,CHI
16952699,16952822,OCH
16953195,16954378,FEM
16968126,16968511,NA
16968332,16968492,CHI
16977446,16978244,FEM
16977489,16981601,NA
16978505,16979993,OCH
16978592,16979010,CHI
16980511,16981571,FEM
16983591,16984705,NA
16983599,16983992,CHI
16984156,16984409,CHI
16987674,16989363,NA
16987678,16989372,CHI
16989510,16989751,NA
16989976,16991964,NA
16989991,16991186,CHI
16991736,16991864,OCH
16993631,16995453,NA
16993677,16993836,OCH
16993684,16993993,CHI
16994492,16995456,FEM
16997013,16998555,NA
16997205,16997492,OCH
16997480,16998518,FEM
17016615,17017012,NA
17020535,17021355,NA
17020586,17021334,CHI
17029347,17036991,NA
17029411,17033007,CHI
17033446,17033940,FEM
17034141,17036492,FEM
17034152,17034851,CHI
17036011,17036942,CHI
17038011,17042539,NA
17038072,17041773,CHI
17038320,17038511,OCH
17042127,17042254,OCH
17056180,17058787,NA
17061568,17062010,NA
17070451,17070822,NA
17070500,17070785,CHI
17077267,17078492,NA
17077466,17078011,CHI
17077584,17078510,OCH
17083950,17094492,NA
17083982,17093992,OCH
17087510,17088011,CHI
17088378,17090287,CHI
17090919,17092011,CHI
17092590,17092970,CHI
17098896,17100109,NA
17098992,17099902,CHI
17099097,17099674,OCH
17100303,17101538,NA
17100396,17101532,FEM
17102561,17103492,NA
17102568,17103493,FEM
17107006,17107900,NA
17107011,17107840,CHI
17112011,17112321,NA
17112455,17114014,NA
17112492,17114056,FEM
17116512,17118090,NA
17116512,17118227,FEM
17121535,17125992,NA
17121748,17122992,CHI
17123010,17123992,OCH
17124011,17124203,FEM
17124333,17125992,FEM
17126132,17132835,NA
17126726,17126861,FEM
17128409,17130993,FEM
17131510,17132693,FEM
17148296,17150011,OCH
17148704,17150557,NA
17151510,17151792,NA
17151968,17155102,NA
17152010,17155010,FEM
17154254,17154406,OCH
17156551,17159011,NA
17157029,17158929,CHI
17162518,17170491,NA
17162639,17170285,CHI
17164393,17164511,FEM
17168492,17168757,FEM
17171011,17173107,NA
17171398,17173011,FEM
17175608,17181011,NA
17177218,17179511,CHI
17179859,17180640,CHI
17186492,17198586,NA
17186858,17191991,OCH
17191492,17192435,CHI
17192748,17199493,OCH
17196060,17196161,CHI
17197191,17197341,CHI
17197491,17197788,CHI
17200011,17206358,OCH
17200492,17210600,NA
17205554,17206290,CHI
17206675,17209010,OCH
17210291,17210691,OCH
17210831,17212925,OCH
17210900,17217988,NA
17213381,17224147,OCH
17213511,17216803,CHI
17218130,17226606,NA
17219923,17221492,CHI
17222011,17224925,CHI
17224311,17226584,OCH
17227947,17234098,OCH
17227974,17233816,NA
17229373,17230991,CHI
17234252,17234475,OCH
17235072,17236814,OCH
17235313,17235515,NA
17235897,17236555,NA
17238012,17239335,OCH
17238758,17239214,NA
17240565,17241475,OCH
17244419,17244708,OCH
17244428,17244808,NA
17244993,17247580,NA
17245082,17245560,CHI
17245113,17245552,OCH
17245953,17247511,CHI
17246437,17247417,OCH
17248736,17248874,OCH
17249056,17251950,NA
17249085,17249993,OCH
17249993,17251783,CHI
17250626,17250774,OCH
17254011,17257992,NA
17254240,17254861,OCH
17254492,17254681,CHI
17254991,17255524,OCH
17255125,17255781,FEM
17256167,17256830,OCH
17256237,17256482,FEM
17256993,17257778,OCH
17258145,17269709,NA
17258289,17263800,OCH
17260052,17260511,CHI
17264013,17265171,FEM
17264173,17265012,OCH
17265297,17269652,FEM
17270246,17271662,NA
17270476,17271510,FEM
17271983,17278611,NA
17271993,17272395,OCH
17272511,17273439,FEM
17273491,17274492,CHI
17273512,17274948,OCH
17275511,17275825,OCH
17276488,17278667,OCH
17276993,17277347,CHI
17279492,17279759,NA
17279885,17281991,NA
17279922,17280025,OCH
17280748,17280886,CHI
17280878,17280993,OCH
17282131,17284180,NA
17282643,17282989,OCH
17283011,17283710,CHI
17283512,17283844,OCH
17289180,17293223,NA
17289492,17293196,FEM
17291011,17292012,OCH
17294151,17296011,NA
17294163,17295511,FEM
17295512,17295924,OCH
17304011,17305688,OCH
17304158,17305751,NA
17306011,17310491,NA
17306285,17310237,CHI
17306511,17306614,OCH
17306801,17307010,OCH
17331231,17332132,NA
17331492,17332010,CHI
17331530,17332085,OCH
17337993,17342512,NA
17338092,17339471,OCH
17339103,17342512,FEM
17344896,17346011,NA
17344928,17345947,CHI
17345070,17345593,OCH
17352011,17354966,NA
17352109,17352797,CHI
17352375,17353492,OCH
17353374,17353809,CHI
17353796,17353921,OCH
17354042,17354172,CHI
17358492,17361901,NA
17358578,17361492,OCH
17358751,17359013,CHI
17361010,17361736,FEM
17362539,17362654,NA
17374740,17376871,OCH
17374993,17376491,NA
17379028,17379610,NA
17380862,17381011,OCH
17384399,17386127,NA
17384492,17384973,OCH
17384510,17385511,CHI
17386287,17389424,NA
17387372,17389011,CHI
17395012,17399194,NA
17395477,17396349,CHI
17395666,17396316,OCH
17396993,17397790,CHI
17397087,17398528,OCH
17416510,17417992,NA
17416743,17417578,CHI
17416763,17417688,OCH
17427511,17431715,NA
17427668,17430010,CHI
17430339,17431797,OCH
17432542,17433323,NA
17432651,17433277,CHI
17436992,17437387,NA
17455954,17456992,OCH
17455993,17457119,NA
17458610,17458915,NA
17458637,17458755,FEM
17475085,17475350,NA
17478028,17479010,OCH
17478043,17479010,NA
17484512,17485017,NA
17485853,17486663,NA
17489805,17491320,NA
17489852,17490991,CHI
17489993,17491306,OCH
17497401,17500874,NA
17497490,17498877,CHI
17498017,17498412,OCH
17499137,17501498,OCH
17501176,17501493,NA
17503795,17504924,NA
17503992,17504974,OCH
17508012,17508854,FEM
17508012,17508964,NA
17514492,17515511,OCH
17514941,17515511,NA
17518118,17522382,NA
17518489,17520492,OCH
17518555,17518754,FEM
17519021,17519959,CHI
17519969,17520511,FEM
17520712,17521492,FEM
17522511,17524171,NA
17522659,17522821,OCH
17522992,17524516,OCH
17540992,17541765,FEM
17540992,17541826,NA
17557096,17559194,NA
17557157,17557992,FEM
17558615,17558860,OCH
17584609,17585883,NA
17584644,17585511,CHI
17586992,17588119,OCH
17586992,17588119,NA
17593492,17594012,NA
17593511,17593742,FEM
17635379,17637283,NA
17635492,17637169,OCH
17636744,17637011,FEM
17640165,17640582,NA
17640187,17640492,FEM
17645330,17646491,NA
17645492,17646410,OCH
17649564,17650415,OCH
17657511,17657876,NA
17677400,17678791,NA
17677430,17678638,FEM
17691413,17692294,OCH
17691492,17692137,NA
17697791,17698510,NA
17697911,17698478,OCH
17698011,17698311,CHI
17712010,17712373,NA
17712761,17713615,NA
17712824,17713511,FEM
17713073,17713476,OCH
17716863,17718154,NA
17718492,17720011,NA
17718762,17719849,FEM
17718860,17719727,OCH
17724479,17725490,OCH
17724488,17725333,NA
17725986,17727356,NA
17725988,17727468,OCH
17731828,17732729,NA
17732010,17732543,OCH
17741087,17741883,OCH
17746493,17752256,NA
17746511,17748011,CHI
17746786,17747010,OCH
17747512,17747853,OCH
17748992,17749493,OCH
17749004,17750492,FEM
17749706,17750172,OCH
17750818,17752305,OCH
17753492,17755382,NA
17754128,17755437,OCH
17758666,17760974,OCH
17758675,17760783,NA
17768147,17770634,NA
17768236,17770646,OCH
17787581,17787699,OCH
17805894,17807492,NA
17805992,17806702,FEM
17810591,17812764,OCH
17810650,17813011,NA
17812011,17812364,CHI
17822511,17822778,OCH
17823513,17824472,OCH
17823751,17824399,NA
17825511,17826940,OCH
17825518,17827011,NA
17828473,17831492,NA
17828492,17831511,OCH
17828696,17830011,CHI
17830198,17830303,CHI
17832035,17833412,NA
17832170,17833085,CHI
17832258,17833011,OCH
17857010,17858920,NA
17857992,17858267,FEM
17858492,17858855,FEM
17875991,17876516,OCH
17876008,17876511,NA
17884815,17887010,NA
17884950,17886923,OCH
17884992,17886813,CHI
17889316,17890533,NA
17889410,17890444,CHI
17889512,17890511,OCH
17890880,17890991,NA
17891803,17901606,NA
17892667,17893992,CHI
17893492,17898268,OCH
17894491,17895492,FEM
17896511,17898307,FEM
17898406,17899992,CHI
17898492,17900991,OCH
17902644,17906623,NA
17902669,17904134,FEM
17903924,17906443,OCH
17904360,17906399,CHI
17906726,17913511,NA
17906886,17908511,FEM
17909530,17911010,OCH
17911577,17913211,OCH
17920013,17920769,NA
17927350,17932008,NA
17929011,17929451,CHI
17929991,17931010,CHI
17930125,17930992,OCH
17930317,17930607,FEM
17930992,17931932,FEM
17931213,17931491,OCH
17931225,17931461,CHI
17933138,17937080,NA
17933201,17937060,FEM
17937789,17943771,FEM
17937793,17943747,NA
17945511,17950930,NA
17945634,17946510,CHI
17945992,17949991,OCH
17948807,17949001,CHI
17949011,17950913,FEM
17951473,17953140,NA
17951492,17952992,OCH
17952511,17952867,FEM
17953340,17958485,OCH
17953341,17992353,NA
17958512,17960086,FEM
17960331,17961176,CHI
17961046,17962102,FEM
17961936,17962952,CHI
17962007,17962135,OCH
17962550,17965532,OCH
17964266,17966117,CHI
17965879,17966011,OCH
17966455,17966619,FEM
17968011,17972993,OCH
17969717,17972511,CHI
17972992,17974647,FEM
17974529,17976918,CHI
17976492,17976828,OCH
17977316,17982277,FEM
17977371,17979831,OCH
17980591,17981511,OCH
17983492,17986278,CHI
17986057,17987010,FEM
17986679,17988871,OCH
17988656,17989518,FEM
17988897,17991992,CHI
17989646,17989778,FEM
17991664,17992167,OCH
17992554,17995877,NA
17992594,17994519,OCH
17994518,17995843,FEM
18000510,18003920,NA
18000515,18003492,CHI
18002167,18002292,OCH
18002491,18003647,OCH
18004275,18006813,NA
18004341,18006599,CHI
18008571,18010348,NA
18009518,18010078,OCH
18011619,18012448,OCH
18014511,18015513,NA
18019052,18022010,NA
18019248,18020201,FEM
18019567,18020122,CHI
18021003,18021724,OCH
18021025,18021511,CHI
18022757,18023353,NA
18024479,18025269,NA
18029701,18031493,NA
18030089,18030693,FEM
18030320,18031240,OCH
18035350,18038511,NA
18035492,18037154,OCH
18038028,18038237,FEM
18038747,18038887,NA
18044492,18048545,NA
18044623,18046859,OCH
18044733,18048305,CHI
18047510,18048286,OCH
18049176,18050021,NA
18049249,18049997,CHI
18050158,18050381,NA
18051081,18058533,NA
18051238,18052009,FEM
18052576,18054706,CHI
18055281,18058492,OCH
18055319,18056450,CHI
18059914,18060606,NA
18059993,18060511,CHI
18060962,18062012,NA
18061157,18061992,CHI
18063726,18066278,NA
18064558,18066011,CHI
18064583,18064698,OCH
18064821,18066011,OCH
18068010,18071512,NA
18068420,18070492,OCH
18069991,18071491,CHI
18073493,18074087,NA
18074340,18082342,NA
18074492,18075511,CHI
18075493,18081593,OCH
18077992,18079011,FEM
18080594,18082082,CHI
18083409,18086511,NA
18083463,18086684,OCH
18087492,18088128,NA
18087511,18088012,CHI
18088773,18089396,NA
18088972,18089087,CHI
18089011,18089114,OCH
18089960,18090493,NA
18090034,18090390,OCH
18091848,18092992,NA
18091914,18092802,CHI
18094193,18094309,NA
18095240,18098507,NA
18096197,18096992,OCH
18104690,18111011,NA
18105142,18105701,CHI
18105206,18106343,OCH
18106511,18107512,OCH
18106968,18109624,CHI
18107634,18107875,OCH
18108044,18108176,FEM
18110053,18110470,FEM
18113124,18115011,OCH
18113156,18115343,NA
18116494,18119641,NA
18116627,18117511,OCH
18116992,18118011,FEM
18118439,18118991,FEM
18118708,18118909,OCH
18119047,18119285,OCH
18124992,18128087,CHI
18124992,18130650,NA
18127010,18127115,OCH
18127344,18128048,OCH
18128257,18130650,CHI
18134493,18136613,NA
18134687,18135510,FEM
18135510,18136209,OCH
18138161,18140510,NA
18138696,18140483,CHI
18138754,18138992,OCH
18143492,18144493,NA
18143511,18144478,CHI
18147012,18147172,NA
18147390,18155426,NA
18147510,18147709,CHI
18147998,18150828,CHI
18148492,18153527,OCH
18153170,18153271,CHI
18153410,18153532,CHI
18153477,18155192,FEM
18154010,18154143,CHI
18157316,18158113,NA
18157510,18158234,OCH
18160698,18163072,NA
18160770,18161945,CHI
18162141,18163012,CHI
18163965,18177114,NA
18164073,18164491,CHI
18164603,18164718,OCH
18164819,18168493,OCH
18165305,18165492,CHI
18166791,18166992,CHI
18167011,18167124,FEM
18167465,18168532,FEM
18168698,18170863,FEM
18171493,18172511,OCH
18171511,18172718,CHI
18173042,18173439,CHI
18173945,18174512,OCH
18174491,18175173,FEM
18175806,18176010,FEM
18175992,18176881,CHI
18177956,18179512,NA
18177991,18178992,CHI
18178135,18179512,OCH
18182011,18184993,NA
18182991,18184867,CHI
18183508,18183992,OCH
18185209,18188910,NA
18185290,18185992,CHI
18185302,18188999,OCH
18192747,18208512,NA
18192818,18193635,CHI
18192958,18199011,OCH
18196534,18197012,CHI
18198095,18199011,CHI
18199031,18201967,FEM
18201512,18204553,OCH
18202139,18202414,CHI
18203511,18203945,CHI
18206524,18206684,CHI
18207303,18208511,CHI
18210704,18210829,MAL
18211335,18217555,NA
18211492,18211816,OCH
18211517,18212185,FEM
18212615,18212716,OCH
18213103,18213493,OCH
18213690,18217063,OCH
18213992,18215355,CHI
18216011,18216127,FEM
18218071,18219521,NA
18218117,18219011,CHI
18218405,18218928,OCH
18219674,18222202,NA
18219890,18220022,CHI
18219890,18220643,OCH
18221060,18222012,CHI
18221090,18222140,OCH
18223905,18227493,NA
18224074,18224992,FEM
18224315,18226159,OCH
18225511,18227082,CHI
18229123,18243713,NA
18229322,18232012,FEM
18229492,18230803,OCH
18232700,18233491,OCH
18234106,18236492,OCH
18235511,18237965,FEM
18237364,18243992,OCH
18238492,18238961,FEM
18239236,18239368,FEM
18244727,18246359,OCH
18245491,18246345,NA
18247402,18250014,NA
18247472,18249888,CHI
18250512,18255980,NA
18250633,18251511,CHI
18250716,18255902,OCH
18252511,18253176,CHI
18253443,18255011,CHI
18256177,18256432,OCH
18256308,18256497,NA
18257302,18262680,NA
18257614,18258038,MAL
18258136,18261012,CHI
18259493,18262878,OCH
18261226,18261413,CHI
18263011,18266786,OCH
18263293,18268695,NA
18266086,18266670,CHI
18267220,18268356,CHI
18267356,18267992,OCH
18268860,18272959,NA
18269051,18269896,CHI
18270296,18270510,CHI
18271452,18272211,FEM
18274196,18277625,OCH
18274547,18279734,NA
18276992,18277876,CHI
18278463,18279064,CHI
18278656,18279550,OCH
18279992,18282010,OCH
18280114,18289512,NA
18280664,18282135,CHI
18282610,18284006,FEM
18283492,18284800,OCH
18283992,18284716,CHI
18285475,18289446,OCH
18286260,18288493,CHI
18292021,18300138,NA
18292240,18293534,CHI
18292481,18294280,OCH
18294512,18294691,OCH
18295181,18296011,FEM
18295511,18299289,OCH
18296812,18299952,CHI
18299522,18299853,OCH
18301371,18303082,NA
18301827,18301972,MAL
18302169,18303154,OCH
18302193,18302488,MAL
18303589,18305884,OCH
18303594,18305968,NA
18306609,18308590,NA
18306982,18308410,OCH
18307080,18308236,CHI
18309011,18316034,NA
18309254,18315913,OCH
18309314,18310492,FEM
18310992,18311367,CHI
18317011,18320600,NA
18317073,18318914,CHI
18317510,18319510,OCH
18319190,18320511,FEM
18319750,18319931,OCH
18321139,18324062,NA
18321338,18321498,FEM
18321512,18322511,OCH
18322511,18323993,CHI
18322708,18323852,OCH
18326787,18327148,OCH
18327317,18327666,OCH
18332097,18337661,NA
18332315,18332992,OCH
18333511,18335782,OCH
18333992,18336010,CHI
18335992,18337511,OCH
18336228,18336511,CHI
18337155,18337390,CHI
18340957,18345076,NA
18340975,18344856,CHI
18342840,18343431,OCH
18343763,18343878,OCH
18344554,18344758,OCH
18346011,18349992,NA
18346262,18347587,OCH
18346492,18347511,CHI
18348112,18349511,OCH
18348512,18349511,FEM
18350857,18353056,NA
18350953,18351945,CHI
18350970,18352992,OCH
18354484,18357425,NA
18354489,18357233,FEM
18358174,18360378,NA
18358277,18359315,CHI
18358650,18358858,OCH
18359482,18361510,OCH
18360665,18361510,NA
18365992,18366996,NA
18366321,18366991,OCH
18370010,18373010,NA
18370236,18371891,OCH
18371492,18371694,CHI
18371991,18372944,CHI
18372185,18372774,OCH
18389492,18390756,NA
18389494,18390640,CHI
18392105,18392549,CHI
18392233,18392623,NA
18401308,18403181,NA
18401349,18403035,CHI
18417993,18425470,NA
18418274,18418618,OCH
18418425,18424799,CHI
18423681,18423787,OCH
18424248,18424407,OCH
18424673,18425011,FEM
18426012,18426635,NA
18426184,18426486,CHI
18427510,18428755,NA
18427892,18428427,FEM
18428919,18433725,NA
18429420,18433720,CHI
18429657,18432514,OCH
18434377,18438724,NA
18434491,18435633,FEM
18434603,18434993,CHI
18435803,18438493,CHI
18440011,18443992,NA
18440251,18443955,CHI
18445511,18446817,FEM
18445511,18450400,NA
18446940,18449993,CHI
18449503,18450146,OCH
18450511,18450673,NA
18451511,18454491,NA
18452111,18453372,CHI
18452210,18452340,OCH
18455563,18456849,NA
18455673,18456569,CHI
18462338,18465448,NA
18462695,18463247,MAL
18463511,18464993,OCH
18465027,18466173,MAL
18479492,18480307,FEM
18479492,18480493,NA
18480720,18480992,NA
18489492,18490511,NA
18498210,18498343,NA
18498490,18499865,NA
18498704,18499533,CHI
18498707,18499821,OCH
18504752,18507498,NA
18504992,18506011,CHI
18505123,18506011,OCH
18506624,18507196,CHI
18508893,18510363,NA
18508920,18510010,CHI
18509492,18509846,OCH
18510704,18516379,NA
18511234,18512511,CHI
18511281,18511511,OCH
18513044,18514797,OCH
18513134,18513333,CHI
18514015,18515996,CHI
18515206,18515314,OCH
18515491,18515947,OCH
18518912,18523492,OCH
18518929,18524316,NA
18520169,18521055,FEM
18522493,18524137,CHI
18526946,18530512,NA
18526992,18530232,FEM
18529649,18530010,OCH
18530765,18533472,NA
18532636,18532992,CHI
18532925,18533475,OCH
18540320,18548192,NA
18540480,18541604,CHI
18541011,18541274,OCH
18541433,18542466,OCH
18542589,18546529,OCH
18545679,18546627,CHI
18546776,18547834,CHI
18546891,18547836,OCH
18552726,18552913,NA
18552741,18552861,OCH
18553867,18558492,NA
18553992,18555492,CHI
18556975,18557684,CHI
18559280,18560640,OCH
18559334,18560539,NA
18559555,18560011,CHI
18561511,18563276,OCH
18561906,18563180,NA
18564223,18564512,NA
18571493,18574944,OCH
18571511,18574992,NA
18572947,18574005,CHI
18578012,18589981,NA
18578492,18578767,OCH
18579993,18580511,FEM
18580787,18583992,CHI
18584745,18587067,CHI
18585342,18586979,OCH
18587559,18587694,OCH
18588509,18589042,OCH
18588837,18589011,CHI
18589190,18589487,OCH
18592492,18594723,OCH
18592511,18595012,NA
18593508,18594873,CHI
18596761,18598567,NA
18596967,18598393,CHI
18596993,18598493,OCH
18601323,18602624,NA
18601409,18602992,OCH
18601491,18601992,FEM
18606011,18608633,NA
18606375,18608511,CHI
18609949,18610789,OCH
18611512,18614992,NA
18611540,18611744,OCH
18611993,18612481,OCH
18613014,18614872,CHI
18618491,18619166,NA
18619090,18619210,OCH
18619492,18621608,OCH
18619492,18621618,NA
18623237,18624931,OCH
18623366,18625209,NA
18627011,18628491,NA
18627715,18627992,CHI
18630010,18631011,NA
18634492,18636492,NA
18634514,18634796,OCH
18634992,18637511,OCH
18636688,18637835,NA
18639384,18641492,NA
18639722,18640908,OCH
18640010,18640872,CHI
18643014,18643156,OCH
18643993,18644950,OCH
18644511,18645245,NA
18645491,18647455,NA
18645957,18647147,CHI
18646794,18647012,OCH
18649011,18651384,OCH
18649011,18651492,NA
18655442,18656719,NA
18655491,18656510,OCH
18655512,18656492,CHI
18658785,18660491,NA
18658991,18659258,FEM
18659492,18660184,OCH
18659511,18659747,CHI
18659852,18660011,CHI
18663465,18667515,NA
18663487,18667895,OCH
18663610,18664813,CHI
18670352,18672132,NA
18671082,18671391,OCH
18671099,18671511,FEM
18671492,18671632,CHI
18671492,18672072,OCH
18671702,18671910,FEM
18678669,18689665,NA
18678992,18682011,CHI
18679888,18680151,OCH
18682436,18683774,CHI
18682625,18687954,OCH
18684010,18689493,CHI
18688551,18689540,OCH
18691190,18695235,OCH
18691209,18698750,NA
18691509,18694010,CHI
18696493,18698493,CHI
18701278,18704034,NA
18701420,18703011,FEM
18704402,18705043,NA
18708011,18717010,NA
18708187,18708492,OCH
18708492,18710011,FEM
18708773,18709519,OCH
18709993,18712285,CHI
18713408,18715698,OCH
18713435,18715011,FEM
18715965,18716861,OCH
18716007,18716761,CHI
18723911,18724426,NA
18724527,18724672,OCH
18725011,18725214,NA
18725011,18725220,OCH
18725492,18726808,OCH
18725492,18729189,NA
18726088,18726517,CHI
18727349,18727968,OCH
18728218,18728348,OCH
18733422,18746733,NA
18733445,18734992,FEM
18734510,18735511,OCH
18735877,18736491,OCH
18737992,18738486,OCH
18738646,18739011,OCH
18738977,18741243,CHI
18741491,18742492,FEM
18742011,18744991,CHI
18745729,18746512,CHI
18745759,18746264,OCH
18750989,18754511,NA
18751993,18754339,OCH
18753012,18754423,CHI
18756510,18757992,NA
18756993,18757838,CHI
18761001,18761291,NA
18764749,18766011,NA
18764843,18765874,CHI
18765277,18765414,OCH
18772012,18772230,FEM
18776910,18777511,OCH
18779568,18780314,NA
18779637,18780010,CHI
18781045,18782132,NA
18781163,18781744,CHI
18783011,18784504,NA
18783228,18784077,FEM
18783716,18784011,OCH
18802511,18807162,NA
18802569,18807232,OCH
18802820,18803991,CHI
18814493,18816992,NA
18814511,18815706,OCH
18815841,18815969,OCH
18817993,18818111,OCH
18818048,18818311,NA
18824822,18825492,NA
18835298,18836012,OCH
18835330,18836420,NA
18856511,18858992,NA
18856808,18858673,CHI
18858140,18858511,OCH
18864635,18865410,OCH
18871010,18872449,NA
18871491,18872120,CHI
18871550,18871989,OCH
18876102,18876743,OCH
18876135,18877520,NA
18876412,18877011,CHI
18877874,18879492,NA
18878344,18879146,CHI
18878599,18879011,OCH
18882713,18885619,NA
18882730,18884237,CHI
18883940,18884107,OCH
18884991,18885428,FEM
18885992,18892992,NA
18886139,18886281,FEM
18887062,18890493,CHI
18890493,18890690,FEM
18891331,18892516,FEM
18891603,18892011,OCH
18892629,18892737,FEM
18892877,18892992,FEM
18894011,18896993,NA
18894293,18896718,OCH
18894519,18895012,CHI
18897992,18902992,NA
18898010,18899993,OCH
18898269,18899992,CHI
18900184,18902511,OCH
18902695,18902820,OCH
18906065,18907143,OCH
18906122,18906991,NA
18909150,18911511,NA
18909210,18910992,CHI
18910525,18910808,OCH
18911078,18911375,OCH
18912511,18913576,OCH
18913011,18913386,NA
18913839,18916634,NA
18913898,18914755,OCH
18915091,18915631,OCH
18915960,18916576,OCH
18920068,18920380,OCH
18920512,18921160,OCH
18921492,18923082,OCH
18921767,18921991,NA
18922197,18923012,NA
18923407,18924985,OCH
18923448,18926507,NA
18924511,18924882,CHI
18924985,18926011,CHI
18925512,18925622,OCH
18927910,18930512,NA
18927992,18930010,OCH
18930761,18930871,NA
18934511,18935149,NA
18946011,18948492,NA
18946276,18947511,CHI
18947750,18947993,CHI
18952512,18953845,NA
18952733,18953400,OCH
18953011,18953208,CHI
18964992,18969491,NA
18965166,18966837,OCH
18965237,18965365,FEM
18965492,18966403,FEM
18966575,18966882,CHI
18967422,18969290,FEM
18968123,18969011,OCH
18981807,18981918,NA
18983887,18994518,NA
18984011,18985221,FEM
18984173,18984507,OCH
18985425,18986492,FEM
18987008,18991493,CHI
18987011,18992895,OCH
18991630,18991881,CHI
18992011,18992229,CHI
18992510,18992809,CHI
18993077,18994375,CHI
18993327,18994510,OCH
19010938,19013039,NA
19010990,19013089,OCH
19011464,19012183,CHI
19015197,19016512,NA
19030734,19031127,OCH
19033142,19034011,OCH
19033454,19034011,NA
19040513,19043454,NA
19041011,19042373,CHI
19041085,19043512,OCH
19049492,19056782,NA
19049585,19054011,CHI
19053510,19056492,OCH
19057012,19058855,NA
19057110,19058743,CHI
19058055,19058830,OCH
19060491,19062511,OCH
19060512,19062512,NA
19079670,19080958,OCH
19079699,19080993,NA
19090492,19091899,NA
19096992,19097797,NA
19101729,19103427,NA
19101736,19103467,OCH
19101992,19102510,CHI
19130992,19132782,NA
19131228,19131992,CHI
19144524,19145511,NA
19144797,19145511,OCH
19144829,19145347,CHI
19150108,19153319,NA
19150560,19151287,CHI
19150572,19151340,OCH
19151512,19153024,CHI
19151562,19152019,OCH
19152288,19152401,OCH
19161892,19161993,NA
19164011,19166470,NA
19164055,19164992,OCH
19164094,19164764,CHI
19166011,19166229,FEM
19167884,19173993,NA
19167992,19169992,CHI
19168105,19171377,OCH
19170511,19170688,CHI
19171163,19171266,CHI
19171483,19171994,OCH
19172162,19172395,OCH
19173011,19176953,OCH
19175992,19176863,NA
19187012,19190492,NA
19188492,19190993,OCH
19193492,19193905,NA
19193492,19193907,OCH
19201754,19202620,NA
19201826,19202562,CHI
19202122,19202493,OCH
19206452,19208492,NA
19206511,19208492,OCH
19206556,19207236,CHI
19208939,19214800,NA
19209044,19209493,OCH
19210011,19214925,OCH
19211556,19212909,CHI
19215379,19223992,NA
19215492,19216511,CHI
19217204,19217511,CHI
19217491,19219563,FEM
19219493,19220301,OCH
19219511,19220247,CHI
19220492,19221493,OCH
19220841,19220993,CHI
19222264,19223234,OCH
19222437,19223291,CHI
19224312,19228511,OCH
19224376,19229913,NA
19227058,19228511,CHI
19228568,19229206,FEM
19230873,19231994,OCH
19230914,19232011,NA
19231064,19231464,CHI
19232405,19233282,NA
19232429,19233276,CHI
19235536,19236601,OCH
19235708,19236493,NA
19241012,19241115,NA
19241349,19247993,NA
19241756,19242493,OCH
19241992,19247704,CHI
19244993,19246274,OCH
19254949,19257501,NA
19254966,19256518,CHI
19256712,19257058,OCH
19256761,19256992,CHI
19257946,19259475,NA
19258012,19259305,CHI
19260011,19262492,NA
19260016,19261266,CHI
19262983,19266993,NA
19263104,19264510,CHI
19263204,19264510,OCH
19264746,19266010,OCH
19265511,19266755,FEM
19266149,19266446,OCH
19267693,19268208,NA
19267710,19268171,OCH
19268920,19270012,NA
19272511,19278068,OCH
19272750,19281039,NA
19273938,19276012,CHI
19278284,19278991,OCH
19279968,19280533,FEM
19279991,19280840,CHI
19282364,19282823,OCH
19282511,19282754,NA
19283786,19287169,NA
19283992,19284515,CHI
19284789,19284991,CHI
19285511,19286993,FEM
19293992,19295349,NA
19294215,19294318,OCH
19294440,19295395,OCH
19295921,19296490,OCH
19303687,19306991,NA
19305400,19306264,CHI
19305511,19306011,OCH
19309011,19311976,NA
19309190,19311492,CHI
19319681,19320872,NA
19319804,19320837,OCH
19319823,19320756,CHI
19322813,19323993,NA
19322844,19323511,CHI
19323385,19323491,OCH
19326143,19327498,NA
19326163,19326679,CHI
19326684,19327011,FEM
19328347,19329154,NA
19328492,19328991,OCH
19329867,19330886,FEM
19329896,19333511,NA
19331489,19332665,OCH
19332770,19333394,OCH
19334012,19335224,NA
19334138,19335211,OCH
19334219,19335098,CHI
19336504,19337010,NA
19336673,19336992,CHI
19350868,19352282,NA
19350917,19352181,CHI
19360229,19360511,NA
19367512,19368956,NA
19367993,19368931,OCH
19370011,19373492,NA
19370352,19372966,CHI
19371083,19371594,OCH
19372257,19372552,OCH
19372660,19373011,OCH
19376256,19377609,NA
19376668,19377552,OCH
19378578,19380993,OCH
19379512,19380511,NA
19384993,19386610,NA
19385011,19387492,OCH
19388811,19390401,NA
19392083,19392611,OCH
19393754,19397934,NA
19393970,19394512,OCH
19393992,19397865,CHI
19400968,19402377,OCH
19400992,19402379,NA
19402511,19405275,NA
19402694,19403570,OCH
19403056,19403343,CHI
19404119,19404993,FEM
19406785,19408511,NA
19406977,19408236,CHI
19408461,19408669,OCH
19408793,19409250,OCH
19414488,19415011,NA
19414617,19414992,OCH
19425511,19428511,NA
19425992,19428495,OCH
19426966,19428012,CHI
19431448,19432992,OCH
19431492,19432528,NA
19433547,19436358,NA
19434992,19435993,CHI
19435008,19436297,FEM
19437011,19438747,NA
19437254,19438145,FEM
19438991,19440663,NA
19439168,19440511,FEM
19442481,19445809,NA
19442492,19444846,CHI
19445952,19447491,OCH
19445954,19448136,NA
19446168,19447508,CHI
19447617,19448138,FEM
19450854,19452012,OCH
19450879,19452065,NA
19466080,19466821,OCH
19468433,19469359,OCH
19468492,19469263,NA
19469552,19470580,OCH
19469621,19470492,NA
19472204,19475491,OCH
19472498,19475512,NA
19473740,19474344,CHI
19474833,19475034,CHI
19477036,19477574,NA
19477120,19477594,OCH
19486084,19486239,OCH
19487993,19491393,NA
19488011,19489238,OCH
19488197,19489140,CHI
19490139,19491001,CHI
19490196,19490927,OCH
19491651,19491830,OCH
19491681,19492491,NA
19491992,19492492,OCH
19492618,19499493,NA
19492631,19493507,OCH
19493992,19496992,OCH
19493992,19499011,CHI
19498523,19499428,OCH
19500473,19502586,NA
19500487,19502635,OCH
19501511,19502186,CHI
19503268,19516776,NA
19503288,19510813,OCH
19503474,19504174,CHI
19504511,19504881,FEM
19507993,19509824,CHI
19510202,19510620,FEM
19511942,19513137,CHI
19513013,19513129,OCH
19513535,19514718,FEM
19514886,19514991,FEM
19515853,19516501,FEM
19517011,19517397,NA
19517993,19523992,NA
19518123,19521010,OCH
19518508,19518906,CHI
19519144,19520685,CHI
19520556,19523992,FEM
19524491,19526010,NA
19524512,19526011,FEM
19529512,19537079,NA
19529601,19531010,FEM
19531194,19532622,CHI
19533072,19537011,FEM
19537511,19540012,NA
19538493,19539578,CHI
19540160,19540514,OCH
19540168,19540492,NA
19550999,19552980,NA
19551058,19552843,OCH
19555511,19556898,OCH
19556011,19557471,NA
19556512,19556920,CHI
19558039,19560817,NA
19558196,19559992,FEM
19559804,19560471,CHI
19561011,19572511,NA
19561244,19564320,FEM
19564281,19572492,OCH
19566011,19566529,CHI
19575346,19578821,NA
19575392,19576511,CHI
19576011,19578886,OCH
19581510,19581653,NA
19583512,19585010,OCH
19584426,19584740,NA
19607010,19608628,NA
19607493,19608011,CHI
19607846,19607959,OCH
19610564,19612511,NA
19610718,19612493,FEM
19612672,19613052,NA
19614967,19615993,FEM
19614967,19615993,NA
19620492,19621791,OCH
19620510,19626011,NA
19621992,19623916,FEM
19624660,19625678,CHI
19626767,19626991,NA
19628786,19636992,NA
19628992,19629762,CHI
19628992,19630425,FEM
19630549,19636599,FEM
19630585,19631100,CHI
19632848,19633192,MAL
19633332,19634253,MAL
19638779,19643075,NA
19638788,19643015,FEM
19644380,19648266,NA
19644383,19646511,FEM
19646282,19648012,CHI
19655642,19660306,NA
19655992,19657511,OCH
19658494,19659294,FEM
19659512,19660013,FEM
19660679,19661519,NA
19660774,19661032,FEM
19661724,19663012,NA
19662488,19663406,OCH
19666147,19667144,NA
19666174,19666992,OCH
19666517,19666768,CHI
19670492,19672876,NA
19670511,19676491,OCH
19673174,19677626,NA
19677011,19677153,OCH
19677511,19679011,OCH
19677998,19681235,NA
19679978,19681223,FEM
19681569,19686512,NA
19681780,19684991,FEM
19685128,19686512,FEM
19690165,19690604,OCH
19702511,19703642,OCH
19702511,19705073,NA
19703893,19704511,OCH
19703999,19705030,CHI
19717511,19725994,NA
19717764,19718010,OCH
19718719,19719011,OCH
19719042,19721796,CHI
19719126,19719492,OCH
19721409,19722992,FEM
19724011,19724281,MAL
19724523,19726492,OCH
19730402,19736011,NA
19730461,19732511,CHI
19734992,19735512,OCH
19738510,19742113,NA
19738924,19740112,CHI
19740537,19742010,CHI
19740588,19741862,OCH
19744493,19753849,NA
19746683,19748079,FEM
19748568,19749992,FEM
19748590,19748863,CHI
19750684,19752010,OCH
19750696,19751278,CHI
19751511,19753511,FEM
19754503,19760502,NA
19754923,19758492,CHI
19757993,19758661,OCH
19758941,19760146,OCH
19759130,19759231,FEM
19759383,19759992,FEM
19761011,19766492,NA
19761037,19763811,CHI
19764186,19766493,FEM
19768941,19795632,NA
19768956,19773821,FEM
19773992,19776101,CHI
19776221,19779404,CHI
19778357,19779424,OCH
19779368,19781017,FEM
19780013,19788992,CHI
19782183,19783477,OCH
19784010,19784410,OCH
19789653,19790752,CHI
19790966,19793755,CHI
19790992,19792528,OCH
19794356,19795240,OCH
19794368,19794491,CHI
19795830,19795992,NA
19796511,19797336,NA
19797488,19797756,NA
19798297,19800017,NA
19798425,19800003,OCH
19800577,19801512,NA
19800850,19801321,FEM
19812492,19815011,NA
19812522,19813492,CHI
19812566,19812882,OCH
19812992,19814492,OCH
19813970,19815011,FEM
19825493,19848512,NA
19825493,19832991,FEM
19830241,19831011,MAL
19832730,19833857,CHI
19834492,19840110,FEM
19836799,19837101,OCH
19840118,19844588,CHI
19840218,19840501,FEM
19841011,19842511,OCH
19844492,19845511,OCH
19845937,19846831,OCH
19846011,19846510,CHI
19846473,19847011,FEM
19846652,19848010,CHI
19847012,19847992,OCH
19850365,19858993,NA
19850457,19851988,CHI
19851522,19852992,FEM
19852648,19854992,CHI
19854781,19856009,FEM
19855493,19856446,CHI
19857282,19858492,CHI
19857511,19857676,FEM
19857979,19858760,FEM
19862942,19867385,NA
19863066,19867097,CHI
19863085,19864511,OCH
19867631,19873225,NA
19867761,19872493,CHI
19871651,19872245,OCH
19879992,19881145,NA
19880007,19880230,MAL
19881398,19892100,NA
19881507,19883411,CHI
19881511,19882323,OCH
19882493,19883365,OCH
19884218,19885188,CHI
19884516,19885096,OCH
19885453,19886511,OCH
19886511,19886992,FEM
19886698,19887214,OCH
19888352,19888747,CHI
19888718,19889992,FEM
19889989,19891612,MAL
19891097,19891629,FEM
19892859,19894432,NA
19893018,19894211,FEM
19893149,19893672,MAL
19896492,19898844,NA
19897046,19897993,FEM
19897512,19898511,CHI
19897746,19897891,OCH
19900991,19911148,NA
19901082,19902400,FEM
19902512,19903344,OCH
19902512,19904021,CHI
19903492,19903951,OCH
19904300,19905010,FEM
19904999,19905765,CHI
19905983,19907993,CHI
19907014,19907615,OCH
19908511,19909292,FEM
19909670,19910620,FEM
19911619,19914010,NA
19911747,19913289,FEM
19913567,19914011,OCH
19916825,19920133,NA
19916869,19918563,CHI
19918622,19919010,FEM
19918904,19920062,CHI
19924512,19925378,NA
19924603,19925268,FEM
19929733,19932492,NA
19929775,19932257,CHI
19930722,19931117,OCH
19931594,19932011,OCH
19932978,19939011,NA
19933028,19938487,FEM
19933653,19934169,OCH
19939330,19940493,NA
19939652,19939912,FEM
19941247,19943311,NA
19941296,19943017,OCH
19941574,19941841,CHI
19942011,19943015,CHI
19943553,19953416,NA
19943992,19945011,OCH
19943992,19945011,CHI
19945286,19946493,CHI
19945492,19946567,OCH
19946645,19947153,FEM
19947511,19949315,OCH
19949605,19950000,OCH
19950121,19950430,OCH
19950578,19952355,OCH
19951010,19951187,FEM
19952198,19952348,FEM
19952522,19953163,FEM
19952873,19953111,MAL
19953579,19957511,NA
19953753,19954247,CHI
19953758,19954200,OCH
19954536,19956426,FEM
19954688,19954987,MAL
19956215,19956338,MAL
19956491,19957510,MAL
19956513,19957220,CHI
19962992,19964204,NA
19963063,19964045,CHI
19967011,19976041,NA
19967015,19970216,CHI
19968203,19968696,OCH
19970346,19971495,FEM
19972492,19974011,CHI
19973252,19973934,OCH
19973976,19975351,MAL
19975339,19975811,CHI
19976144,19980442,NA
19976186,19980277,CHI
19979266,19980176,OCH
19981826,19983512,NA
19982012,19983438,CHI
19982211,19982511,OCH
19982680,19982783,OCH
19988453,19989432,MAL
19988512,19989685,NA
19990511,19995077,NA
19990709,19991927,FEM
19991428,19992805,OCH
19992255,19992837,CHI
19993404,19994891,FEM
19996104,19996992,NA
19997969,20002728,NA
19999097,20000116,MAL
19999634,20000090,FEM
20001492,20002462,FEM
20007459,20008404,NA
20007493,20008011,FEM
20008510,20009138,NA
20009801,20015491,NA
20011966,20013011,CHI
20011992,20012476,OCH
20012835,20014492,FEM
20014045,20015309,OCH
20014511,20015302,CHI
20015964,20016418,NA
20015993,20016376,FEM
20016835,20021202,FEM
20016847,20026980,NA
20019584,20019711,MAL
20020551,20020988,MAL
20021482,20022084,CHI
20022422,20024354,FEM
20025455,20026511,CHI
20025470,20025615,OCH
20026011,20026912,OCH
20029530,20031493,NA
20029604,20031072,FEM
20029837,20030470,OCH
20036754,20037011,NA
20044768,20050308,NA
20044834,20050011,CHI
20048008,20049994,OCH
20051290,20081496,NA
20051464,20052701,OCH
20051493,20056005,CHI
20053361,20053511,OCH
20055011,20057996,OCH
20057014,20063546,CHI
20061010,20061776,OCH
20064011,20066493,CHI
20065511,20071417,OCH
20068992,20071493,CHI
20071873,20073493,CHI
20071992,20072480,OCH
20073434,20075160,FEM
20075823,20079461,CHI
20078224,20079226,OCH
20079699,20080220,CHI
20080605,20080774,CHI
20082052,20091247,NA
20082170,20084934,OCH
20082236,20082695,CHI
20085405,20089978,CHI
20088093,20089991,OCH
20090492,20091010,OCH
20093010,20094004,NA
20093090,20093974,CHI
20094343,20111061,NA
20094532,20100011,OCH
20095012,20104992,CHI
20100408,20100523,OCH
20101993,20102901,OCH
20104117,20104257,OCH
20104381,20104617,OCH
20105493,20110871,CHI
20107511,20109352,OCH
20109679,20110739,OCH
20111488,20116181,NA
20111574,20115982,OCH
20111583,20112012,CHI
20112297,20112493,CHI
20114511,20115512,FEM
20118660,20122992,NA
20118792,20119513,CHI
20118957,20121991,OCH
20120511,20120990,FEM
20121492,20122785,CHI
20123330,20130993,NA
20123492,20126511,OCH
20123567,20123992,CHI
20125493,20130550,CHI
20131116,20134012,NA
20131489,20134012,CHI
20135918,20159992,NA
20135993,20136481,FEM
20136581,20137391,FEM
20137012,20141011,CHI
20137888,20138011,FEM
20138262,20138492,FEM
20139511,20141183,OCH
20141325,20141492,OCH
20143011,20143767,OCH
20143851,20146011,FEM
20146256,20146492,CHI
20147010,20148022,OCH
20148510,20150511,FEM
20150026,20152522,CHI
20151492,20154518,OCH
20152645,20154187,CHI
20155011,20157043,OCH
20156011,20156143,CHI
20156479,20157011,CHI
20157010,20159511,FEM
20160856,20163257,OCH
20160881,20185991,NA
20162491,20164496,CHI
20163671,20164427,OCH
20165492,20170706,FEM
20167010,20167170,OCH
20167907,20168096,OCH
20171896,20174164,FEM
20176746,20177993,CHI
20176992,20179822,OCH
20177993,20178332,FEM
20178523,20180992,CHI
20180266,20181758,OCH
20181378,20182817,CHI
20183492,20184992,FEM
20184807,20185644,OCH
20184992,20185319,CHI
20186155,20204491,NA
20186327,20186582,OCH
20186710,20186977,FEM
20187060,20192738,OCH
20187178,20187588,FEM
20188835,20189027,FEM
20189010,20190510,CHI
20193015,20195021,CHI
20193079,20193492,OCH
20195139,20195281,CHI
20195393,20196512,FEM
20195642,20196201,OCH
20196493,20197536,CHI
20198037,20200992,CHI
20198054,20198528,OCH
20200011,20200146,OCH
20200283,20203688,OCH
20202563,20202762,CHI
20202991,20203963,CHI
20204618,20238903,NA
20204924,20206493,FEM
20206010,20206341,OCH
20206949,20207992,OCH
20206997,20210561,CHI
20208989,20210452,OCH
20210514,20211268,MAL
20211370,20218517,CHI
20211474,20213215,OCH
20214011,20216348,OCH
20217303,20219450,OCH
20220992,20221924,OCH
20221498,20221609,FEM
20223682,20224026,FEM
20223815,20225393,MAL
20224154,20224510,FEM
20224804,20224991,FEM
20225492,20227011,OCH
20225592,20225926,FEM
20225612,20225794,CHI
20226556,20226679,FEM
20228488,20229171,FEM
20228992,20230062,CHI
20228992,20230069,OCH
20229963,20231254,FEM
20230464,20234921,OCH
20231993,20233512,FEM
20233571,20238512,CHI
20235511,20238100,OCH
20239030,20244368,NA
20239568,20241014,FEM
20241041,20242492,CHI
20241510,20242411,OCH
20242936,20243992,FEM
20244490,20263400,NA
20244597,20246679,FEM
20246492,20246711,OCH
20247011,20247809,OCH
20248051,20248739,MAL
20249011,20251627,FEM
20251856,20252442,CHI
20251895,20252678,FEM
20252705,20258491,CHI
20254062,20254761,OCH
20259656,20260010,FEM
20260830,20263091,CHI
20260992,20262011,OCH
20262194,20262390,OCH
20265979,20274978,NA
20265992,20269858,CHI
20267749,20268510,FEM
20270010,20274195,CHI
20270405,20270992,OCH
20271295,20272807,OCH
20274354,20274958,CHI
20276366,20277051,NA
20276453,20277010,CHI
20276651,20276948,OCH
20280011,20284512,NA
20280230,20282235,CHI
20282511,20284192,FEM
20286492,20299982,NA
20287010,20290010,FEM
20291168,20291443,CHI
20292512,20292757,OCH
20292910,20294279,OCH
20294253,20294363,CHI
20294726,20294940,MAL
20295343,20299918,OCH
20296492,20297010,CHI
20300487,20300993,NA
20300492,20300993,OCH
20302444,20307074,NA
20302449,20303991,OCH
20302707,20304742,CHI
20304511,20306511,FEM
20307755,20311511,NA
20308413,20309493,CHI
20309442,20310181,OCH
20309484,20310491,FEM
20310011,20311285,CHI
20313376,20328111,NA
20313492,20315510,FEM
20315060,20316992,OCH
20315991,20317154,CHI
20317151,20317301,MAL
20318187,20318300,OCH
20318511,20324083,CHI
20319383,20319491,OCH
20321218,20323992,OCH
20324893,20325960,CHI
20324993,20326002,OCH
20326305,20326983,OCH
20327124,20327266,MAL
20328303,20338371,NA
20328648,20329492,CHI
20328764,20328907,OCH
20330492,20330991,CHI
20330819,20331511,OCH
20331616,20333790,OCH
20331859,20333493,CHI
20333492,20333738,FEM
20334260,20335617,OCH
20334340,20338204,CHI
20339756,20344889,NA
20339993,20341125,OCH
20340011,20340126,FEM
20340492,20340603,FEM
20341940,20342375,FEM
20342492,20343363,FEM
20345879,20351993,NA
20345977,20351426,CHI
20349630,20349738,OCH
20350011,20350318,OCH
20350492,20350789,OCH
20352377,20392624,NA
20352541,20354309,CHI
20352620,20362510,OCH
20354075,20355479,FEM
20354627,20356455,CHI
20358130,20360511,CHI
20361986,20363037,CHI
20363010,20365830,FEM
20365923,20369011,CHI
20366512,20372992,OCH
20372011,20374011,CHI
20375003,20375717,OCH
20375012,20376011,FEM
20376011,20376364,CHI
20377430,20378070,OCH
20377511,20379511,CHI
20378174,20378343,OCH
20379301,20379490,OCH
20380810,20385279,FEM
20381137,20383547,CHI
20384418,20389492,CHI
20388993,20391050,OCH
20390110,20392361,CHI
20394356,20397999,NA
20394418,20397879,CHI
20394690,20394876,OCH
20395010,20396505,OCH
20399435,20403510,NA
20399492,20399991,CHI
20399992,20403360,OCH
20402648,20402830,FEM
20413907,20416011,NA
20413991,20415010,OCH
20417992,20428124,NA
20418139,20418542,OCH
20418279,20418492,CHI
20419972,20422993,CHI
20422245,20424992,OCH
20423281,20425336,CHI
20426011,20427942,FEM
20426288,20426492,CHI
20428460,20432491,NA
20428492,20431577,CHI
20430510,20432758,OCH
20431798,20431928,CHI
20433040,20433200,OCH
20436438,20439207,NA
20436492,20438510,CHI
20436511,20437010,OCH
20438846,20438991,FEM
20442491,20450900,NA
20442512,20445138,OCH
20442584,20442992,CHI
20443992,20444227,FEM
20444643,20444852,FEM
20445163,20445384,CHI
20445313,20446795,OCH
20445510,20446892,CHI
20447473,20450330,CHI
20447589,20448011,OCH
20451992,20461116,NA
20452164,20452993,CHI
20452492,20453334,OCH
20452967,20454491,FEM
20455991,20457491,CHI
20457676,20459993,FEM
20459491,20460772,CHI
20461408,20464710,NA
20461813,20463492,CHI
20463231,20463730,OCH
20463953,20464253,OCH
20464058,20464249,CHI
20465420,20468290,NA
20465440,20468012,CHI
20469152,20482750,NA
20469281,20475726,CHI
20475288,20475489,OCH
20475767,20478162,FEM
20478493,20482526,CHI
20480507,20482491,OCH
20497011,20499065,NA
20497069,20499011,CHI
20497084,20497853,OCH
20504244,20508022,NA
20504279,20507992,CHI
20504359,20505059,OCH
20507511,20507617,OCH
20508581,20511075,NA
20508598,20511062,CHI
20511498,20518871,NA
20511510,20518761,CHI
20512511,20512992,OCH
20519992,20521355,NA
20520046,20520993,FEM
20520574,20520726,OCH
20522415,20525512,NA
20522492,20523491,CHI
20523512,20525512,FEM
20523513,20523845,OCH
20527818,20528648,NA
20527891,20528512,CHI
20528775,20538124,NA
20528891,20529284,CHI
20529011,20529134,OCH
20529404,20534011,CHI
20529521,20530010,OCH
20533853,20534698,FEM
20535128,20535946,FEM
20535577,20536303,CHI
20536492,20538011,CHI
20538991,20548193,NA
20539511,20541011,FEM
20541524,20545491,CHI
20541566,20542189,FEM
20542525,20542712,OCH
20542984,20547512,OCH
20545424,20546011,FEM
20546440,20548026,CHI
20548669,20555028,NA
20548785,20549428,CHI
20548809,20548979,OCH
20549982,20551378,OCH
20550005,20555010,CHI
20552052,20552344,OCH
20552493,20553419,OCH
20569493,20577993,NA
20569618,20573599,CHI
20569710,20573534,OCH
20573853,20576384,OCH
20573880,20577905,CHI
20573934,20574511,FEM
20580011,20581820,NA
20580148,20581766,FEM
20583421,20584869,NA
20583492,20584295,CHI
20583568,20584511,OCH
20588511,20589701,NA
20588519,20589518,CHI
20589051,20589223,OCH
20591346,20593435,NA
20591371,20593258,CHI
20594782,20597551,NA
20594993,20595192,OCH
20595938,20597492,CHI
20595966,20597043,OCH
20599721,20609166,NA
20599760,20602355,CHI
20601010,20604324,OCH
20603012,20608015,CHI
20606793,20608511,OCH
20609319,20611526,NA
20609993,20611498,CHI
20613796,20653992,NA
20613935,20618118,CHI
20618348,20621225,CHI
20618624,20618948,OCH
20621510,20624011,CHI
20623007,20623208,OCH
20623383,20627992,OCH
20626993,20628032,CHI
20629166,20629492,CHI
20629176,20631814,OCH
20632160,20633618,FEM
20633746,20634671,FEM
20634492,20635958,OCH
20634991,20637036,CHI
20636382,20642511,OCH
20637199,20637493,CHI
20641011,20644492,CHI
20642992,20645500,OCH
20645511,20648495,FEM
20646011,20646534,CHI
20648306,20649011,CHI
20649492,20650324,FEM
20649504,20651011,OCH
20650511,20653511,CHI
20651159,20651491,OCH
20653029,20653176,OCH
20654416,20663792,NA
20654563,20655677,OCH
20654578,20659517,CHI
20657098,20657523,OCH
20659814,20660189,FEM
20660724,20662012,OCH
20661677,20662762,CHI
20662334,20663390,FEM
20663011,20663291,CHI
20664350,20668462,NA
20664884,20667746,CHI
20669246,20672803,NA
20669450,20670753,CHI
20669511,20670912,OCH
20671492,20672511,CHI
20671804,20672012,OCH
20674896,20679692,NA
20674992,20676992,CHI
20677493,20679440,FEM
20677579,20678011,OCH
20679011,20679426,CHI
20681264,20684356,NA
20681333,20683623,CHI
20681511,20683411,OCH
20683510,20683736,MAL
20684997,20689653,NA
20685198,20687493,CHI
20685252,20689493,OCH
20689050,20689394,CHI
20691356,20697828,NA
20691452,20697512,OCH
20691853,20692440,CHI
20693011,20694992,CHI
20695294,20695491,FEM
20698678,20708985,NA
20698838,20702512,CHI
20698899,20699441,OCH
20699668,20699786,OCH
20702763,20703458,FEM
20703507,20707491,OCH
20707010,20708679,CHI
20709864,20723099,NA
20709935,20714775,OCH
20711634,20711961,FEM
20712201,20712491,FEM
20713010,20713143,CHI
20714474,20716096,MAL
20716948,20723011,CHI
20742107,20744324,NA
20742131,20744110,CHI
20743153,20744010,OCH
20754449,20757001,NA
20754492,20756512,CHI
20754566,20755511,OCH
20766950,20773693,NA
20766993,20768195,OCH
20767330,20772185,CHI
20768560,20768668,OCH
20770550,20771011,FEM
20772592,20773561,CHI
20778512,20780179,NA
20778726,20778993,OCH
20779008,20780012,CHI
20779200,20780012,OCH
20786146,20786465,NA
20786892,20789727,NA
20786984,20789622,CHI
20794357,20799492,NA
20794372,20795992,CHI
20795302,20797217,OCH
20796510,20799266,CHI
20799644,20800636,NA
20799680,20800617,CHI
20802390,20803953,NA
20802493,20803511,OCH
20806927,20807541,NA
20806991,20807435,CHI
20808201,20809028,NA
20809384,20814187,NA
20809492,20810491,CHI
20811872,20812012,FEM
20812216,20812366,FEM
20812332,20812448,OCH
20816484,20819036,NA
20816492,20818843,CHI
20819530,20824149,NA
20819739,20819925,CHI
20821102,20823449,CHI
20823375,20824006,FEM
20826011,20827201,NA
20826269,20827013,FEM
20828509,20831012,NA
20828900,20830554,CHI
20829999,20830414,OCH
20835492,20842492,NA
20835703,20841511,CHI
20836011,20836958,OCH
20838865,20839189,OCH
20843327,20845992,NA
20843458,20844408,OCH
20843492,20845510,CHI
20845308,20845510,FEM
20848178,20848308,NA
20857260,20860652,NA
20857291,20858992,CHI
20859297,20860493,CHI
20871493,20874691,NA
20871569,20872492,OCH
20871822,20873511,CHI
20873722,20874011,CHI
20878148,20879014,NA
20878255,20879490,OCH
20883769,20892976,NA
20883800,20885700,OCH
20886358,20886993,CHI
20887293,20888749,CHI
20887475,20889163,OCH
20889542,20890224,MAL
20892107,20892242,OCH
20893287,20898196,NA
20894011,20894146,FEM
20895084,20896993,CHI
20895992,20898010,OCH
20899223,20899523,OCH
20900519,20901091,NA
20900579,20900992,CHI
20902082,20906832,NA
20902138,20902697,CHI
20902992,20906672,CHI
20907511,20910142,NA
20907649,20908493,CHI
20907654,20909991,OCH
20909492,20909755,CHI
20912695,20919568,NA
20912781,20914112,OCH
20914011,20919511,CHI
20914229,20914511,OCH
20916492,20918011,OCH
20919911,20920453,NA
20919988,20920393,CHI
20922531,20923108,NA
20922584,20923011,FEM
20923856,20936443,NA
20923993,20929493,CHI
20924992,20926011,OCH
20928491,20933633,OCH
20932047,20934469,CHI
20937980,20943199,NA
20938044,20941130,OCH
20938058,20940993,CHI
20941305,20941639,OCH
20945559,20957029,NA
20945626,20947501,OCH
20945793,20946480,CHI
20946745,20951991,CHI
20949511,20951507,OCH
20953634,20953864,FEM
20953823,20956992,CHI
20955844,20955979,OCH
20957552,20959253,NA
20957651,20958954,CHI
20960011,20973369,NA
20960135,20964053,CHI
20960287,20964499,OCH
20964511,20964767,CHI
20965184,20970922,CHI
20968511,20972011,OCH
20971560,20973020,FEM
20973917,20982425,NA
20974105,20979041,OCH
20974167,20975011,CHI
20975259,20975492,CHI
20975650,20975809,CHI
20976011,20980021,CHI
20979010,20980522,FEM
20984420,20995510,NA
20984511,20990395,OCH
20984726,20984993,CHI
20986995,20993271,CHI
20988011,20989439,FEM
20989623,20989819,FEM
20993545,20994011,FEM
20994527,20995222,CHI
20994733,20994993,OCH
20997441,21000492,NA
20997502,20999186,CHI
20998953,21000440,FEM
20999488,20999645,CHI
21030057,21031977,NA
21030179,21031784,OCH
21032792,21034510,OCH
21032796,21041358,NA
21033937,21035122,CHI
21035351,21040510,CHI
21038511,21041010,OCH
21043010,21049029,NA
21043231,21048511,CHI
21044011,21045992,OCH
21048677,21049263,MAL
21052511,21055910,CHI
21052511,21057486,NA
21055555,21055661,FEM
21055842,21057378,FEM
21056269,21056384,OCH
21059234,21059695,NA
21062511,21062766,NA
21063861,21068743,NA
21064085,21066343,OCH
21064128,21064493,CHI
21064507,21065010,FEM
21066492,21068492,FEM
21069511,21083186,NA
21069673,21077449,CHI
21073309,21075010,OCH
21076667,21076789,OCH
21076991,21078066,OCH
21078009,21079148,FEM
21079799,21080882,CHI
21080491,21083031,FEM
21083731,21093458,NA
21083839,21085491,OCH
21083993,21084545,CHI
21085230,21085512,CHI
21087511,21087843,CHI
21088630,21092493,CHI
21088775,21091001,OCH
21095652,21100350,NA
21095743,21097417,CHI
21096609,21097439,OCH
21097903,21099327,CHI
21098082,21098414,MAL
21098510,21098891,OCH
21099128,21099511,OCH
21100011,21100186,MAL
21100699,21100922,MAL
21102512,21102667,NA
21103011,21105832,NA
21103126,21105100,CHI
21106722,21108992,NA
21106992,21108511,CHI
21108232,21108473,OCH
21124493,21126493,NA
21124660,21125200,OCH
21124675,21125011,CHI
21128011,21128369,NA
21128923,21134993,NA
21128992,21133314,CHI
21129010,21130247,OCH
21132011,21134492,OCH
21136992,21140041,NA
21137011,21138493,CHI
21138011,21139491,FEM
21139274,21139375,OCH
21142095,21146493,NA
21142239,21144586,CHI
21144491,21146010,FEM
21144788,21144992,CHI
21148595,21152159,NA
21148732,21149993,CHI
21149446,21151992,FEM
21152510,21156027,NA
21152720,21155857,CHI
21153147,21153378,MAL
21156302,21157966,NA
21156512,21157361,OCH
21157593,21157956,OCH
21158422,21158900,NA
21158528,21158864,OCH
21160511,21164959,NA
21160697,21163147,CHI
21161112,21161215,OCH
21161630,21162805,OCH
21163110,21164563,FEM
21164397,21164787,OCH
21167511,21168704,NA
21167583,21168622,CHI
21174492,21194501,NA
21174531,21179511,CHI
21174575,21176492,OCH
21178554,21180022,FEM
21180488,21183053,CHI
21182011,21182347,OCH
21182492,21184483,OCH
21183409,21186769,CHI
21186822,21188430,FEM
21187157,21187493,OCH
21188807,21190761,CHI
21189980,21193512,OCH
21193677,21193783,OCH
21195407,21196168,NA
21195454,21196024,CHI
21198491,21199510,CHI
21198491,21202011,NA
21198993,21200891,OCH
21199966,21200577,FEM
21200511,21201967,CHI
21200889,21200990,FEM
21206887,21207295,NA
21208363,21219426,NA
21208370,21214399,CHI
21210010,21212573,OCH
21213844,21213992,FEM
21214943,21218492,OCH
21215491,21215759,FEM
21222206,21243031,NA
21222236,21223011,CHI
21223210,21224182,FEM
21224492,21233014,CHI
21228011,21231511,OCH
21234182,21235628,CHI
21235998,21239810,CHI
21238544,21238762,OCH
21238991,21239511,OCH
21240701,21240996,OCH
21240996,21243004,CHI
21241381,21241491,OCH
21252075,21254993,NA
21252156,21254696,CHI
21262993,21264594,NA
21263492,21263715,CHI
21265468,21280991,NA
21265909,21271493,CHI
21268511,21270642,OCH
21270776,21270992,OCH
21271876,21272492,CHI
21271975,21273465,OCH
21273992,21280624,CHI
21277011,21279993,OCH
21281425,21284955,NA
21281574,21282492,CHI
21282510,21284084,OCH
21282683,21282992,FEM
21283511,21283820,CHI
21283955,21284082,CHI
21285875,21286326,NA
21286861,21292619,NA
21286992,21287991,CHI
21287011,21288508,OCH
21289245,21291746,CHI
21289510,21289635,OCH
21290011,21292326,OCH
21291795,21292492,FEM
21294451,21295097,NA
21294482,21295012,CHI
21294768,21294923,OCH
21295742,21296930,NA
21295813,21296512,CHI
21307323,21312684,NA
21307492,21308010,FEM
21309038,21309752,FEM
21309522,21311336,CHI
21311733,21312639,FEM
21316971,21322138,NA
21316993,21320972,OCH
21318491,21322053,CHI
21322678,21327098,NA
21322811,21323741,OCH
21323255,21323405,CHI
21324261,21326845,OCH
21324484,21325375,CHI
21327406,21332600,NA
21327698,21327862,OCH
21328102,21330576,CHI
21328351,21328491,OCH
21329992,21330249,OCH
21330359,21330604,OCH
21331060,21332493,CHI
21331207,21332491,OCH
21332795,21334283,NA
21333098,21334011,OCH
21335010,21340423,NA
21335243,21337835,CHI
21338441,21340309,FEM
21341895,21344997,NA
21342050,21343010,FEM
21342381,21342543,OCH
21342673,21343864,OCH
21343009,21344011,CHI
21344553,21344703,OCH
21358453,21361882,NA
21358817,21360511,OCH
21359992,21360912,CHI
21361026,21361853,FEM
21362235,21362493,NA
21362238,21362493,FEM
21363013,21363423,FEM
21363041,21363407,NA
21367511,21374025,NA
21367601,21369174,CHI
21369550,21374012,CHI
21374353,21374773,NA
21374510,21374723,CHI
21376516,21376803,NA
21380380,21381052,NA
21380492,21380993,CHI
21381806,21382672,NA
21381983,21382511,CHI
21390612,21393511,NA
21391236,21392097,FEM
21391714,21391863,OCH
21392011,21393393,CHI
21395620,21397198,NA
21395730,21396992,FEM
21398011,21399494,FEM
21398011,21400213,NA
21400511,21408012,NA
21400683,21408012,CHI
21403951,21404992,FEM
21434721,21438709,NA
21434804,21436105,OCH
21435011,21438418,CHI
21436328,21436551,OCH
21436880,21437062,OCH
21437285,21437417,OCH
21437992,21438387,MAL
21441556,21442012,NA
21446512,21450012,NA
21446993,21448512,CHI
21448252,21448426,OCH
21469511,21473011,NA
21469801,21472867,CHI
21471416,21471524,FEM
21471662,21471991,FEM
21474653,21474992,NA
21474826,21474946,OCH
21488011,21489638,NA
21488114,21489511,FEM
21518845,21519020,NA
21531223,21531512,MAL
21531493,21531618,NA
21532011,21534019,NA
21532993,21533756,CHI
21533511,21533854,FEM
21540406,21541601,NA
21540487,21541511,CHI
21540848,21541358,OCH
21550188,21550510,NA
21550305,21550492,OCH
21568871,21570778,NA
21573208,21576836,NA
21573294,21574480,CHI
21573628,21574791,OCH
21575992,21576632,FEM
21577291,21577622,NA
21578068,21578650,NA
21578108,21578496,CHI
21579202,21583065,NA
21579264,21582941,CHI
21580992,21582971,OCH
21584978,21588481,NA
21585110,21588225,FEM
21588650,21593564,NA
21588798,21593511,CHI
21590693,21590794,OCH
21591011,21593355,OCH
21594057,21597818,NA
21594119,21594492,CHI
21595847,21597187,CHI
21595992,21597011,OCH
21597305,21597509,OCH
21598243,21598511,OCH
21598274,21598492,NA
21600457,21603886,NA
21600500,21602992,CHI
21600532,21603512,OCH
21612511,21613448,NA
21639850,21641043,NA
21639908,21641012,OCH
21639992,21640510,CHI
21672959,21674010,NA
21672993,21673913,CHI
21689382,21691250,NA
21689492,21691158,OCH
21704993,21709247,NA
21705011,21706628,CHI
21707276,21709011,CHI
21708493,21708984,OCH
21713496,21719011,NA
21713704,21718858,CHI
21723491,21727011,NA
21723540,21726841,CHI
21729028,21731510,NA
21729209,21730351,OCH
21736372,21739010,NA
21736455,21738959,OCH
21736553,21737029,CHI
21737695,21738281,CHI
21742012,21743429,OCH
21742312,21743382,NA
21762000,21762493,NA
21762044,21762312,OCH
21763536,21766931,NA
21763625,21764162,CHI
21763706,21765947,OCH
21764886,21766086,CHI
21766246,21766492,CHI
21771320,21773649,NA
21771492,21772010,CHI
21771899,21773551,OCH
21773780,21774256,NA
21775676,21775779,NA
21786690,21789010,NA
21787643,21787793,CHI
21793138,21793992,NA
21794246,21794366,NA
21794491,21800762,NA
21794962,21797514,FEM
21798011,21800331,CHI
21798318,21798596,OCH
21801417,21802119,NA
21801800,21801935,OCH
21822416,21825511,NA
21822492,21825511,CHI
21823104,21823237,OCH
21827492,21828667,NA
21827566,21828492,CHI
21833383,21835492,NA
21833488,21834511,OCH
21833882,21834491,CHI
21836555,21836729,NA
21836993,21837849,NA
21837224,21837399,CHI
21838712,21840992,NA
21839077,21839509,CHI
21839492,21840845,FEM
21841512,21844511,NA
21841662,21843981,CHI
21843010,21843511,OCH
21843898,21844033,OCH
21852654,21854011,NA
21852764,21853908,CHI
21852911,21853660,OCH
21861993,21862992,NA
21862135,21862511,CHI
21869359,21872511,NA
21869384,21872454,CHI
21871142,21871274,OCH
21871402,21871510,OCH
21871811,21872012,OCH
21877676,21880955,NA
21877773,21878038,OCH
21878156,21879334,MAL
21879345,21880157,CHI
21879369,21879885,OCH
21879992,21880763,MAL
21884992,21888313,CHI
21884992,21889012,NA
21886011,21888011,OCH
21889133,21891232,NA
21890010,21890963,OCH
21891948,21892999,NA
21892012,21892846,CHI
21898991,21900462,NA
21899050,21899327,MAL
21908976,21909904,NA
21908990,21909928,OCH
21909283,21909475,CHI
21912319,21914511,NA
21912385,21914535,OCH
21912415,21912992,CHI
21918900,21921828,NA
21918965,21921511,CHI
21920492,21921511,OCH
21922415,21924992,NA
21922657,21923511,FEM
21923887,21924010,FEM
21924464,21924604,OCH
21926012,21928461,NA
21927166,21927299,FEM
21930011,21930298,NA
21930963,21934198,NA
21930991,21932511,OCH
21931177,21931511,CHI
21938511,21940011,NA
21938617,21939618,CHI
21943835,21945511,NA
21943853,21944992,CHI
21944512,21944704,OCH
21944993,21945455,OCH
21952991,21955011,OCH
21952991,21955090,NA
21954578,21954684,CHI
21957725,21962781,NA
21957801,21962523,CHI
21958003,21958249,OCH
21963974,21965488,NA
21964006,21964254,CHI
21964011,21964244,OCH
21964422,21965303,CHI
21964461,21965340,OCH
21966184,21966491,NA
21972247,21974586,NA
21972367,21974492,CHI
21972492,21972890,OCH
21973000,21973343,OCH
21977804,21980771,NA
21977833,21980673,OCH
21979512,21980590,CHI
21990511,21991010,NA
21997492,21999272,NA
21997492,21999331,OCH
22012378,22014992,NA
22012449,22014511,OCH
22013103,22013277,FEM
22013512,22013709,FEM
22024020,22024322,NA
22042360,22046493,NA
22042398,22044511,OCH
22042505,22044471,CHI
22044857,22046011,FEM
22046943,22052628,NA
22047046,22048011,CHI
22047127,22052492,OCH
22051511,22051629,CHI
22051992,22052512,CHI
22055993,22057993,NA
22055995,22057515,OCH
22064493,22068492,NA
22064802,22065119,CHI
22065436,22066531,CHI
22065456,22068289,OCH
22067593,22067755,CHI
22072851,22073683,NA
22072981,22073659,OCH
22074247,22078079,NA
22074341,22077507,CHI
22075011,22078010,OCH
22077642,22077767,CHI
22078870,22079604,NA
22079179,22079462,CHI
22084512,22087622,NA
22084599,22087491,CHI
22088062,22089010,OCH
22088101,22088511,NA
22088697,22088908,NA
22092585,22097325,NA
22092593,22097023,CHI
22096201,22096312,OCH
22105492,22106491,CHI
22105492,22106491,NA
22109011,22114511,NA
22109510,22113209,CHI
22110590,22112016,OCH
22112274,22112392,OCH
22112492,22113992,FEM
22116491,22118084,NA
22116653,22117991,CHI
22117490,22117753,OCH
22118810,22139492,NA
22119011,22120094,OCH
22119315,22120036,CHI
22120511,22121010,OCH
22120511,22123145,CHI
22122511,22123608,FEM
22123724,22126535,CHI
22125074,22126011,OCH
22126325,22127985,FEM
22128817,22128993,CHI
22130511,22132992,OCH
22131851,22133815,CHI
22133010,22134723,FEM
22135170,22135756,CHI
22135942,22139128,CHI
22137511,22139011,OCH
22140010,22154141,NA
22140326,22141747,CHI
22140511,22140617,OCH
22141492,22142034,OCH
22141492,22142884,FEM
22142012,22143051,CHI
22143351,22146010,FEM
22146239,22148512,CHI
22146510,22148992,OCH
22148492,22150087,FEM
22150471,22152511,CHI
22151510,22153491,OCH
22152626,22153360,FEM
22154511,22155090,NA
22155473,22159992,NA
22155574,22157511,CHI
22156991,22157511,FEM
22158112,22159865,CHI
22161224,22172017,NA
22161354,22161997,FEM
22161641,22164837,OCH
22163274,22164886,CHI
22165491,22165958,FEM
22165795,22169511,CHI
22168510,22171510,FEM
22172253,22187371,NA
22172454,22172992,CHI
22173107,22173492,CHI
22173991,22174271,OCH
22174012,22177493,CHI
22174469,22175492,OCH
22177937,22181012,CHI
22177992,22181181,OCH
22180993,22181773,FEM
22182314,22182476,FEM
22182512,22183179,OCH
22182512,22185011,CHI
22183343,22185468,OCH
22183578,22184511,FEM
22185011,22187011,FEM
22186011,22187174,CHI
22187952,22197058,NA
22187993,22189993,CHI
22189493,22190954,OCH
22190011,22192188,FEM
22192512,22197018,FEM
22192630,22194770,CHI
22194010,22194209,OCH
22194687,22194879,OCH
22201177,22205991,NA
22201582,22203501,OCH
22201879,22203011,CHI
22203003,22205538,FEM
22203651,22204010,OCH
22204272,22204405,CHI
22212993,22213857,NA
22213011,22213688,OCH
22213185,22213620,CHI
22215511,22217755,CHI
22215511,22221193,NA
22216012,22216137,OCH
22216280,22219010,OCH
22219253,22219354,CHI
22219466,22221010,CHI
22233012,22235238,NA
22233273,22233931,CHI
22233449,22234510,FEM
22234053,22235011,CHI
22279124,22282701,NA
22279296,22280492,CHI
22303416,22306661,NA
22303549,22306511,CHI
22304977,22306550,OCH
22321224,22324874,NA
22321319,22324731,CHI
22337645,22338011,NA
22337647,22337883,CHI
22365492,22366295,OCH
22365492,22366511,NA
22368695,22369719,NA
22369103,22369419,OCH
22378511,22381511,NA
22378992,22379181,FEM
22379264,22380992,CHI
22380688,22380793,OCH
22384504,22384740,NA
22385302,22386585,NA
22385427,22386512,CHI
22385584,22386512,OCH
22388473,22389781,NA
22388518,22389011,FEM
22388609,22388788,OCH
22389011,22389624,OCH
22390413,22391010,NA
22390521,22390992,OCH
22393949,22395061,NA
22393992,22394991,FEM
22394132,22394849,OCH
22396735,22398136,NA
22396792,22398010,OCH
22429710,22432030,NA
22429781,22432095,OCH
22429992,22431376,CHI
23312246,23312388,NA
23312249,23312352,OCH
23549967,23556319,NA
23550227,23552512,OCH
23551511,23553195,CHI
23553398,23555492,CHI
23554697,23554889,OCH
23554992,23556237,OCH
23566493,23566609,MAL
23567492,23570511,NA
23567563,23570492,CHI
24481295,24481511,MAL
24481366,24481511,NA
24521407,24522011,NA
24528493,24529328,NA
24528563,24529235,OCH
24534596,24534993,NA
24547939,24549669,NA
24547992,24549352,CHI
24548689,24549511,OCH
24550035,24550745,NA
24550329,24550736,MAL
24556510,24558294,NA
24557011,24558121,CHI
24561590,24565998,NA
24561622,24564292,CHI
24564489,24564653,MAL
24564511,24565701,CHI
24587933,24590822,NA
24590010,24590329,MAL
24614339,24616325,NA
24614493,24615941,CHI
24614493,24616241,OCH
24618183,24619914,NA
24618246,24619750,OCH
24618511,24619525,CHI
24626614,24627993,NA
24626741,24627500,CHI
24626838,24627992,OCH
24632512,24633541,NA
24632694,24633136,OCH
24641429,24643012,NA
24641493,24642654,CHI
24641969,24642511,OCH
24642628,24642795,OCH
24647988,24651010,NA
24648302,24649708,CHI
24648901,24651010,OCH
24663682,24665511,NA
24663992,24665264,OCH
24679510,24680393,NA
24692675,24695559,NA
24692889,24695511,CHI
24702492,24705010,NA
24709627,24714754,NA
24710272,24710993,CHI
24711011,24714477,FEM
24715719,24717619,NA
24716473,24717570,CHI
24719102,24719991,OCH
24719106,24721350,NA
24719762,24720511,FEM
24720010,24721011,CHI
24721970,24723050,NA
24722049,24722429,MAL
24722351,24722511,CHI
24723151,24723267,NA
24734703,24741510,NA
24734761,24736288,CHI
24736011,24736114,OCH
24736492,24737520,OCH
24737511,24739511,CHI
24737780,24737993,OCH
24738791,24739763,FEM
24740483,24741011,CHI
24740492,24741194,OCH
24746011,24748537,NA
24746091,24748477,CHI
24746857,24747363,OCH
24747601,24747802,OCH
24750492,24753972,NA
24750498,24753846,CHI
24760196,24762938,NA
24760335,24760991,CHI
24760492,24761574,OCH
24761801,24761951,OCH
24776493,24779237,NA
24776672,24777610,CHI
24777110,24779067,OCH
24777868,24777974,CHI
24786773,24787991,NA
24786818,24787491,CHI
24787046,24787770,OCH
24789011,24793512,NA
24789178,24793510,CHI
24794179,24795104,NA
24794186,24795109,OCH
26238492,26239425,NA
26238548,26239213,OCH
26590493,26592358,NA
26590648,26591640,CHI
26590680,26591261,OCH
26591493,26592011,FEM
26591848,26592012,OCH
26596337,26596443,NA
26971491,26971832,MAL
27108992,27110511,FEM
27108992,27110511,NA
27165243,27165484,NA
28010914,28011493,NA
28010991,28011347,CHI
28758927,28759855,NA
28758993,28759511,CHI
28759011,28759693,OCH
28762798,28763296,NA
28762938,28763065,CHI
29687418,29688511,NA
29687492,29688498,CHI
30072789,30072991,NA
30088511,30089510,NA
30088630,30088993,CHI
30088679,30089011,OCH
30095992,30097020,CHI
30095992,30100297,NA
30096510,30100003,FEM
30104922,30106449,NA
30105348,30106197,CHI
30105883,30106001,OCH
30113276,30117419,NA
30113324,30114050,MAL
30114511,30117363,FEM
30121060,30124562,NA
30121160,30124511,CHI
30123716,30124011,OCH
30128563,30131128,NA
30128612,30129511,OCH
30129391,30130765,CHI
30131511,30137493,NA
30131617,30133492,CHI
30133490,30137012,FEM
30142010,30149352,NA
30142012,30143576,CHI
30142992,30145491,FEM
30146602,30148511,FEM
30153230,30155540,CHI
30153271,30157392,NA
30155514,30157011,FEM
30158011,30158340,NA
30159687,30163074,NA
30160002,30161033,CHI
30160144,30160379,OCH
30160492,30161511,OCH
30161762,30162965,OCH
30163809,30166511,NA
30163938,30164493,OCH
30164157,30166150,CHI
30176572,30180884,NA
30176938,30180018,CHI
30176992,30177302,OCH
30180401,30180511,FEM
30181991,30182489,MAL
30182011,30183064,NA
30182492,30182971,CHI
30186511,30186859,NA
30186547,30186857,FEM
30188513,30192901,NA
30188692,30192590,CHI
30193825,30193938,MAL
30197492,30200386,NA
30197549,30200271,CHI
30199233,30199510,FEM
30205492,30207070,OCH
30205511,30207242,NA
30209507,30210295,NA
30224637,30225511,NA
30224669,30225108,OCH
30225391,30225494,OCH
30235046,30235243,NA
30235105,30235240,OCH
30240845,30242114,NA
30240992,30242028,OCH
30244693,30246991,NA
30244992,30246772,OCH
30246510,30246711,CHI
30258492,30262959,NA
30258586,30262682,CHI
30260129,30261018,OCH
30262064,30262511,FEM
30266998,30268510,NA
30267505,30268440,OCH
30267697,30267999,CHI
30282446,30287331,NA
30292861,30295301,NA
30292993,30293921,OCH
30292993,30295011,CHI
30316351,30316493,NA
30323869,30324390,NA
30328855,30328992,NA
30333648,30337511,NA
30333820,30335511,FEM
30335511,30336304,CHI
30336113,30336668,OCH
30337018,30337992,OCH
30337733,30337991,NA
30347693,30347951,NA
30349379,30350338,NA
30349477,30349622,OCH
30358204,30359510,NA
30359802,30360745,NA
30360116,30360347,CHI
30360498,30360689,CHI
30363101,30363511,NA
30363231,30363334,FEM
30365204,30369045,NA
30365327,30369033,FEM
30367011,30367743,CHI
30371428,30373745,NA
30371492,30373492,FEM
30374857,30375512,NA
30377570,30381031,NA
30377575,30379183,FEM
30379735,30380511,OCH
30382001,30387180,NA
30382022,30384992,FEM
30384337,30384524,MAL
30385010,30387285,OCH
30387351,30391511,NA
30387391,30388660,OCH
30388800,30391460,OCH
30389680,30391438,CHI
30393944,30403492,NA
30394111,30395010,FEM
30396138,30396249,OCH
30397012,30397326,OCH
30397483,30398536,OCH
30398011,30399012,CHI
30399054,30399251,FEM
30399855,30400511,OCH
30400010,30403491,FEM
30404195,30405636,FEM
30404214,30405630,NA
30413492,30415411,NA
30413492,30415466,FEM
30417240,30420036,NA
30418011,30419948,FEM
30421492,30426647,NA
30421994,30424012,FEM
30424641,30426545,MAL
30430826,30431854,CHI
30430878,30431850,NA
30433450,30435711,NA
30433492,30434010,FEM
30434410,30435515,CHI
30440615,30441172,NA
30442011,30443246,NA
30442060,30443245,FEM
30446612,30451889,NA
30446979,30447873,CHI
30447827,30448510,FEM
30448285,30449721,CHI
30448673,30448832,OCH
30449959,30450722,FEM
30450006,30450754,OCH
30450895,30451678,CHI
30450963,30451493,OCH
30453992,30455649,CHI
30453992,30457510,NA
30455511,30456598,FEM
30456947,30457492,CHI
30460490,30462010,NA
30460511,30461527,FEM
30465931,30469011,NA
30465958,30468992,FEM
30473240,30475900,FEM
30473243,30475992,NA
30476331,30477011,NA
30476409,30477011,FEM
30483241,30486410,NA
30483302,30486010,FEM
30487435,30492057,NA
30487992,30489492,FEM
30488407,30488512,OCH
30490882,30491945,FEM
30492496,30493844,NA
30492575,30493223,OCH
30494051,30495587,NA
30494183,30495601,FEM
30498491,30505492,NA
30498512,30499643,FEM
30499465,30500356,CHI
30500958,30501814,CHI
30501149,30501431,MAL
30501628,30502310,OCH
30503469,30505251,CHI
30513483,30516011,FEM
30513491,30516086,NA
30515211,30515338,MAL
30518218,30520466,FEM
30518218,30520493,NA
30521470,30524676,NA
30522115,30523391,FEM
30523492,30524511,CHI
30526887,30533936,NA
30526991,30527555,OCH
30527108,30527535,CHI
30527511,30529511,FEM
30527693,30527858,CHI
30529492,30530793,CHI
30529722,30529825,OCH
30531176,30532511,FEM
30531511,30534012,MAL
30536992,30539734,NA
30537010,30538510,FEM
30541664,30549492,NA
30541759,30544294,FEM
30544493,30545197,CHI
30546099,30546624,FEM
30547493,30549290,FEM
30550510,30551733,FEM
30550534,30551788,NA
30559336,30568119,NA
30559353,30560701,FEM
30561125,30561760,OCH
30562378,30563632,FEM
30563511,30566564,CHI
30565991,30566588,FEM
30566511,30567662,OCH
30568339,30571746,NA
30568492,30569493,CHI
30569010,30571565,FEM
30572367,30579993,NA
30572412,30574992,FEM
30573975,30576511,MAL
30576413,30578209,FEM
30578011,30578966,CHI
30578393,30578972,OCH
30578887,30579741,FEM
30580225,30588467,NA
30580448,30586388,FEM
30581214,30581492,OCH
30581727,30582726,OCH
30584957,30588163,OCH
30592991,30599491,NA
30593012,30594610,OCH
30594164,30594323,FEM
30594491,30596104,FEM
30596294,30599038,FEM
30599156,30599335,FEM
30600990,30601658,OCH
30601007,30601522,NA
30603992,30604454,OCH
30607445,30608726,OCH
30607467,30608966,NA
30608304,30608891,FEM
30609510,30616692,NA
30609573,30611055,FEM
30610256,30610487,OCH
30611010,30612321,OCH
30612473,30613280,MAL
30613162,30615953,OCH
30613486,30615492,CHI
30615420,30616011,FEM
30615729,30616352,CHI
30617494,30617749,NA
30617948,30620260,NA
30618039,30620025,OCH
30623992,30624596,FEM
30623992,30625484,NA
30625725,30625993,NA
30626223,30629281,NA
30626422,30627011,OCH
30626492,30628514,CHI
30627123,30627236,OCH
30627364,30627516,OCH
30628511,30628946,OCH
30631738,30648574,NA
30631959,30633155,CHI
30633002,30637307,FEM
30634492,30635795,CHI
30637184,30638512,CHI
30638724,30640562,FEM
30638993,30644503,OCH
30643512,30643686,FEM
30644765,30645992,FEM
30645813,30646010,MAL
30646011,30648495,CHI
30649111,30649246,NA
30649492,30649775,NA
30649992,30652358,NA
30652558,30656178,OCH
30652558,30659991,NA
30653512,30653856,CHI
30654111,30654341,CHI
30654492,30654619,FEM
30654511,30656011,CHI
30656446,30657492,FEM
30658011,30658510,FEM
30658522,30659985,OCH
30660512,30663492,NA
30660992,30663449,FEM
30664140,30667993,NA
30664211,30665284,OCH
30664405,30665966,MAL
30665993,30667529,CHI
30668536,30669275,NA
30668750,30668993,CHI
30669492,30680019,NA
30669767,30670786,CHI
30669978,30670456,OCH
30672191,30675784,CHI
30674511,30678502,OCH
30677992,30678655,CHI
30679039,30679675,FEM
30680512,30706818,NA
30680677,30683397,OCH
30682511,30682980,CHI
30684169,30686093,FEM
30687145,30688190,OCH
30687211,30692491,FEM
30691443,30694167,OCH
30693992,30694114,FEM
30694859,30696319,FEM
30696629,30699099,FEM
30696651,30696992,CHI
30697491,30698593,OCH
30699285,30699388,FEM
30699493,30701034,FEM
30700510,30700822,OCH
30701082,30701430,OCH
30703155,30704993,FEM
30705148,30705320,MAL
30705492,30705667,MAL
30707011,30711993,NA
30707492,30711361,FEM
30710369,30710767,MAL
30712993,30713106,NA
30713378,30717840,NA
30713511,30717011,OCH
30713759,30715852,CHI
30717510,30717849,MAL
30721420,30728219,NA
30721489,30722480,OCH
30723094,30724010,FEM
30723511,30724453,OCH
30725377,30726364,OCH
30725457,30725906,CHI
30726010,30726422,CHI
30727013,30727511,FEM
30729252,30730524,NA
30729407,30730215,CHI
30729491,30730066,OCH
30731228,30736102,NA
30731388,30731493,FEM
30731854,30735492,FEM
30736670,30740688,NA
30736984,30740629,OCH
30737991,30738511,FEM
30741096,30744992,NA
30741476,30743138,FEM
30743503,30744625,FEM
30745484,30747425,OCH
30745511,30747231,NA
30748287,30749510,NA
30748368,30749492,FEM
30751491,30757109,NA
30751523,30754510,FEM
30753776,30756992,OCH
30757992,30763011,NA
30758508,30759129,FEM
30759900,30761150,CHI
30760101,30760467,FEM
30761011,30761116,FEM
30761492,30763011,FEM
30772761,30776688,NA
30772801,30776011,CHI
30775707,30775888,OCH
30777194,30779114,NA
30777454,30779028,FEM
30781142,30782644,NA
30781142,30782831,CHI
30785511,30788047,NA
30785878,30787992,FEM
30789011,30792492,NA
30789221,30792287,FEM
30795091,30795857,OCH
30795093,30795852,NA
30796934,30797698,MAL
30796991,30798010,NA
30797511,30797658,CHI
30810988,30814149,NA
30810993,30812858,FEM
30812493,30813973,OCH
30813362,30814012,FEM
30815876,30817493,NA
30816425,30816575,OCH
30816761,30817458,OCH
30824012,30825993,NA
30824216,30825510,FEM
30827152,30829012,NA
30827226,30829011,FEM
30832010,30836492,NA
30833079,30833334,CHI
30833511,30834115,OCH
30834570,30836492,FEM
30834613,30835080,OCH
30837993,30842512,NA
30838247,30839308,FEM
30838492,30838732,MAL
30839010,30840016,MAL
30840571,30842333,CHI
30847424,30848676,NA
30847684,30847993,CHI
30847741,30848492,FEM
30869957,30870991,NA
30870011,30870468,CHI
30870334,30870511,FEM
30872492,30875511,NA
30872510,30875043,FEM
30877511,30879173,FEM
30877511,30879293,NA
30880511,30886512,NA
30880556,30884491,FEM
30882013,30882396,MAL
30883255,30883444,MAL
30885011,30886479,FEM
30885209,30885312,MAL
30892288,30895916,NA
30892465,30892991,FEM
30916315,30924493,NA
30916333,30919964,CHI
30919011,30919868,OCH
30921413,30924012,CHI
30922730,30923844,FEM
30933308,30936509,MAL
30933492,30939587,NA
30936011,30939511,CHI
30943144,30944492,NA
30943149,30944492,CHI
30983992,30985870,NA
30984027,30985313,CHI
31009390,31013300,NA
31009492,31013243,CHI
31014242,31014934,NA
31014301,31014947,CHI
31023648,31025195,NA
31023699,31024992,CHI
31026869,31028896,NA
31026873,31027707,CHI
31028540,31028742,OCH
31036492,31039641,NA
31036515,31038992,CHI
31036993,31038993,OCH
31049819,31051368,NA
31049858,31051299,FEM
31060991,31062012,CHI
31060991,31063266,NA
31061991,31063081,FEM
31064293,31065677,NA
31064396,31065366,CHI
31064580,31065010,MAL
31066637,31069992,NA
31066991,31067163,CHI
31066991,31070010,OCH
31067408,31067511,CHI
31068149,31068993,FEM
31086939,31087278,OCH
31086987,31088511,NA
31087652,31087772,FEM
31087758,31088377,CHI
31095578,31096283,NA
31095679,31096207,OCH
31102954,31103897,NA
31102993,31103908,CHI
31108958,31111476,NA
31109010,31110495,FEM
31109233,31109447,OCH
31110510,31111398,CHI
31112492,31114011,NA
31112512,31114010,FEM
31116047,31117510,NA
31116415,31117487,OCH
31122293,31123289,CHI
31122314,31124288,NA
31124993,31125923,NA
31125040,31125673,CHI
31126243,31128114,NA
31126457,31128055,CHI
31126511,31127729,OCH
31131984,31133164,NA
31131992,31133011,OCH
31142197,31143017,NA
31142249,31143012,CHI
31144917,31146491,NA
31144961,31146191,CHI
31146893,31148113,NA
31146944,31147992,CHI
31148407,31150658,NA
31148511,31149510,OCH
31148548,31149491,CHI
31149627,31150641,CHI
31149833,31150493,OCH
31155270,31156117,NA
31155492,31156010,CHI
31206011,31207111,NA
31206190,31207071,CHI
31206602,31206953,OCH
31212132,31219088,NA
31212176,31212404,MAL
31212201,31212903,CHI
31212557,31213514,MAL
31213635,31216318,CHI
31217142,31218421,CHI
31218370,31219035,FEM
31229012,31231979,NA
31230109,31230360,OCH
31231011,31231865,OCH
31235932,31237620,NA
31235990,31237416,CHI
31238085,31238190,OCH
31248251,31250266,NA
31248266,31249754,FEM
31248511,31250011,OCH
31250701,31251919,NA
31250782,31251845,FEM
31271010,31271874,CHI
31271076,31271852,NA
31285697,31285867,NA
31286488,31289993,NA
31286601,31289772,CHI
31286628,31289011,OCH
31289352,31289492,OCH
31294094,31296949,NA
31294142,31294350,OCH
31294632,31296011,CHI
31297241,31299462,NA
31298029,31298518,CHI
31298481,31299009,OCH
31298690,31298839,CHI
31300334,31300636,NA
31301993,31304258,NA
31302011,31304088,CHI
31316512,31319514,NA
31316593,31319511,CHI
31322511,31324511,FEM
31322511,31324992,NA
31329992,31331457,CHI
31329992,31331511,NA
31342751,31345176,NA
31342842,31345010,CHI
31345885,31346234,NA
31346678,31348992,NA
31346745,31347489,OCH
31346965,31348916,CHI
31464492,31464853,NA
31475491,31478010,CHI
31475491,31478010,NA
31504179,31504668,NA
31504214,31504600,CHI
31568859,31569492,NA
31577833,31578817,NA
31577894,31578728,CHI
31580435,31580644,NA
31584283,31585429,NA
31584350,31585364,CHI
31587423,31588491,NA
31587492,31588263,FEM
31587568,31588122,CHI
31590528,31591011,NA
31590893,31591011,OCH
31591716,31592511,OCH
31592003,31592631,NA
31593011,31594894,NA
31593491,31594581,CHI
31596991,31605511,NA
31597012,31600993,FEM
31597855,31598326,CHI
31600024,31601145,CHI
31601586,31603346,FEM
31603649,31604991,MAL
31604010,31604405,FEM
31607511,31608113,MAL
31607567,31607800,NA
31607992,31609114,NA
31608492,31609012,FEM
31608866,31609011,MAL
31613741,31613895,MAL
31613882,31614348,NA
31614511,31617992,NA
31614992,31617992,FEM
31618510,31620491,FEM
31618510,31620537,NA
31624579,31626049,NA
31624634,31626011,FEM
31628200,31629992,FEM
31628308,31629992,NA
31632992,31677932,NA
31634558,31635992,CHI
31635510,31637511,FEM
31637731,31639211,CHI
31637981,31638452,MAL
31639511,31642835,FEM
31643863,31653252,FEM
31648492,31649076,MAL
31653224,31654134,CHI
31654376,31655142,CHI
31654992,31656075,FEM
31655612,31657840,CHI
31655725,31655836,OCH
31656012,31656267,OCH
31656418,31657510,OCH
31657993,31664993,FEM
31664993,31665881,CHI
31665511,31668608,FEM
31669242,31674737,FEM
31674745,31675730,CHI
31675511,31677168,FEM
31677492,31677703,OCH
31677492,31677781,CHI
31678207,31683890,NA
31678285,31683771,FEM
31678352,31678511,OCH
31678661,31678887,OCH
31687100,31687358,NA
31694492,31699760,NA
31694576,31695661,FEM
31695778,31696406,OCH
31696491,31699328,FEM
31705039,31705652,MAL
31707116,31707504,NA
31707329,31707511,FEM
31710423,31713823,NA
31711124,31712709,FEM
31714325,31723993,NA
31714470,31715493,CHI
31715012,31717417,FEM
31716178,31717121,OCH
31717828,31718992,FEM
31718508,31720948,OCH
31720012,31721067,CHI
31721097,31723773,FEM
31728029,31729992,NA
31728547,31729531,OCH
31728655,31729106,FEM
31731274,31732087,NA
31731492,31731614,CHI
31731615,31731767,FEM
31733993,31738011,NA
31734359,31738041,FEM
31739779,31741510,OCH
31739793,31746641,NA
31740226,31741510,CHI
31741511,31742858,FEM
31743011,31744437,CHI
31744968,31746566,FEM
31747962,31753046,NA
31748011,31749511,FEM
31749869,31750196,FEM
31751511,31753011,FEM
31753689,31755658,NA
31754013,31755522,FEM
31756011,31756801,NA
31756028,31756641,FEM
31757326,31768511,NA
31757434,31761162,OCH
31757511,31761011,CHI
31761403,31764493,OCH
31761744,31762694,CHI
31763384,31763492,CHI
31764569,31767222,FEM
31764773,31765283,MAL
31766543,31766992,CHI
31767451,31768511,CHI
31777491,31786298,NA
31777512,31777657,OCH
31777768,31779064,OCH
31777962,31778956,CHI
31779496,31780492,FEM
31779511,31781511,OCH
31780617,31781231,CHI
31780985,31781829,FEM
31781511,31782616,MAL
31782512,31785097,FEM
31785070,31786228,CHI
31788924,31797011,NA
31788992,31790997,CHI
31790570,31797011,FEM
31799761,31799889,NA
31802804,31805590,NA
31802993,31804804,FEM
31805026,31805379,MAL
31823493,31826993,FEM
31823493,31827992,NA
31827200,31827510,FEM
31830511,31834625,NA
31830676,31833506,FEM
31833798,31833953,FEM
31833889,31834348,MAL
31839124,31844991,NA
31839492,31842992,FEM
31843679,31844739,FEM
31845093,31845576,NA
31846011,31857527,NA
31847005,31848993,OCH
31849212,31852778,FEM
31853901,31855400,OCH
31853993,31855493,CHI
31855960,31856137,FEM
31856510,31856712,FEM
31857989,31862493,NA
31858979,31861973,FEM
31859890,31861989,OCH
31869011,31871924,FEM
31869011,31872087,NA
31872925,31876011,NA
31872947,31874511,FEM
31874597,31875993,CHI
31882466,31886705,NA
31882834,31883993,OCH
31883510,31886735,FEM
31888979,31889681,FEM
31888991,31889539,NA
31893492,31909680,NA
31893583,31900993,FEM
31900510,31903492,OCH
31901992,31902353,CHI
31903011,31906992,FEM
31907370,31909493,OCH
31917993,31920992,FEM
31918030,31920992,NA
31922520,31923757,NA
31922650,31923548,OCH
31922812,31923570,CHI
31925968,31926856,NA
31926013,31926492,CHI
31926017,31926748,OCH
31934491,31936511,NA
31934512,31936493,CHI
31955097,31956207,CHI
31955101,31956167,NA
31970364,31971010,NA
32048992,32052993,NA
32049012,32052937,CHI
32057866,32058897,NA
32057956,32058636,CHI
32058258,32058366,OCH
32061972,32064512,NA
32061992,32062755,OCH
32063492,32063794,CHI
32063779,32064010,FEM
32073492,32076322,NA
32073729,32075992,OCH
32074078,32076142,CHI
32078511,32085011,NA
32078992,32085011,OCH
32082834,32082940,CHI
32087132,32088443,NA
32087482,32088059,CHI
32093994,32095197,NA
32094011,32095040,CHI
32098479,32101511,NA
32098493,32100057,CHI
32100374,32101010,CHI
32107283,32108555,NA
32107354,32108493,CHI
32115493,32117992,NA
32115769,32116515,CHI
32116068,32117600,OCH
32125012,32126625,OCH
32125012,32128993,NA
32127222,32128422,OCH
32127428,32128312,CHI
32131824,32133825,NA
32131909,32132960,CHI
32132012,32133689,OCH
32137992,32141011,OCH
32137997,32141193,NA
32139992,32140346,CHI
32148433,32151553,OCH
32148460,32155492,NA
32150689,32151681,CHI
32152445,32155295,CHI
32154504,32155219,OCH
32170011,32171486,NA
32170252,32171121,CHI
32170299,32170664,OCH
32170321,32170510,FEM
32192011,32192296,NA
32192492,32193120,NA
32213012,32215493,NA
32213118,32215492,FEM
32217568,32217754,NA
32217910,32220968,NA
32217991,32219010,OCH
32218511,32219024,FEM
32219210,32219492,OCH
32219262,32219969,FEM
32226512,32230432,NA
32226569,32227236,MAL
32227748,32228511,FEM
32228992,32230047,OCH
32249246,32251043,NA
32249360,32251037,CHI
32256372,32256475,NA
32267012,32267992,NA
32267039,32267928,CHI
32268507,32270508,NA
32268596,32269492,FEM
32268638,32270010,OCH
32270954,32272962,NA
32270992,32272183,FEM
32271868,32272081,OCH
32274209,32275510,OCH
32274253,32281511,NA
32275861,32280088,CHI
32279511,32280738,FEM
32296102,32300491,NA
32296111,32300499,FEM
32303828,32304012,NA
32307039,32307628,NA
32307338,32307510,FEM
32309349,32310011,NA
32311663,32314258,NA
32311772,32313046,FEM
32313212,32313442,FEM
32314370,32318209,NA
32314493,32315492,FEM
32314496,32317993,OCH
32318492,32320301,NA
32318636,32320057,CHI
32318867,32318975,OCH
32321876,32339993,NA
32321879,32326702,FEM
32324493,32326493,OCH
32327670,32328409,OCH
32328222,32339992,FEM
32335011,32335991,OCH
32341069,32348992,NA
32341251,32341432,CHI
32341673,32343334,CHI
32342492,32343726,OCH
32345902,32348649,FEM
32349098,32349273,NA
32349512,32356493,NA
32349831,32352011,OCH
32350030,32352023,CHI
32352011,32356309,FEM
32356918,32363244,NA
32357492,32359510,CHI
32357510,32359510,OCH
32360158,32362991,FEM
32363380,32365857,NA
32363621,32365599,FEM
32366113,32370992,NA
32367203,32367492,CHI
32367222,32370346,FEM
32375012,32380503,NA
32375492,32375991,FEM
32375492,32376083,CHI
32376203,32380287,FEM
32379097,32379492,CHI
32379510,32380318,OCH
32386993,32389511,MAL
32387511,32406175,NA
32388533,32399247,FEM
32399511,32402576,FEM
32402607,32402992,CHI
32402820,32404011,OCH
32404350,32405889,FEM
32406733,32414492,NA
32406811,32414342,FEM
32418510,32421531,NA
32418512,32420491,OCH
32420076,32421461,FEM
32424562,32425883,MAL
32425012,32425262,NA
32431511,32431720,NA
32432147,32432512,NA
32439175,32442197,FEM
32439209,32458458,NA
32441474,32442240,OCH
32442512,32458310,FEM
32462492,32464711,NA
32462510,32464245,CHI
32464010,32464202,FEM
32465676,32467993,FEM
32465725,32468427,NA
32467993,32468108,OCH
32468693,32471049,NA
32468771,32470828,OCH
32471493,32477560,NA
32471511,32472532,FEM
32474285,32475255,OCH
32475529,32476197,OCH
32476493,32477318,CHI
32478098,32481483,NA
32478114,32480078,OCH
32480475,32481273,FEM
32482704,32484714,NA
32482725,32483493,FEM
32484011,32484603,OCH
32487645,32489731,NA
32488012,32488633,CHI
32488015,32488653,FEM
32488788,32489733,FEM
32490511,32492992,OCH
32490992,32492511,NA
32493992,32497141,NA
32494492,32497130,OCH
32501393,32503511,NA
32501496,32501891,OCH
32501559,32502015,FEM
32502111,32504011,OCH
32512253,32515512,NA
32512492,32515492,FEM
32520045,32523010,NA
32520113,32521488,FEM
32520791,32522559,OCH
32522293,32522433,CHI
32524804,32526092,NA
32524943,32526011,CHI
32525295,32525511,OCH
32526925,32539973,NA
32526993,32527526,FEM
32527492,32527948,CHI
32527992,32529511,OCH
32528127,32528638,CHI
32528765,32529011,CHI
32529904,32531765,CHI
32531993,32536991,OCH
32533341,32534512,CHI
32535948,32539092,CHI
32537492,32539510,OCH
32542493,32548055,OCH
32542493,32602993,NA
32548993,32550011,CHI
32549035,32551011,OCH
32552493,32552724,OCH
32552992,32553510,CHI
32552992,32553949,OCH
32553871,32554946,FEM
32554492,32558581,OCH
32557493,32559992,FEM
32558831,32559255,OCH
32560993,32562124,MAL
32562010,32567493,FEM
32563011,32563374,OCH
32563735,32565141,OCH
32567928,32569290,FEM
32569511,32572537,FEM
32572511,32572911,OCH
32573510,32577535,FEM
32577263,32578286,MAL
32578511,32586240,FEM
32586805,32590690,FEM
32587093,32587260,MAL
32590593,32591968,MAL
32591256,32596992,FEM
32596493,32598477,MAL
32597512,32602993,FEM
32604491,32606816,FEM
32604512,32606912,NA
32607843,32608992,NA
32607993,32608646,FEM
32610406,32613226,NA
32610473,32611511,FEM
32616704,32617511,OCH
32620825,32643358,NA
32620912,32622991,FEM
32622510,32622819,OCH
32622959,32624277,OCH
32624090,32628493,FEM
32624483,32625492,OCH
32629476,32634491,OCH
32634011,32640511,FEM
32634704,32634964,OCH
32637092,32637303,OCH
32640103,32641539,MAL
32641010,32643010,FEM
32645727,32656888,NA
32646491,32648514,FEM
32649423,32656492,FEM
32657634,32666993,NA
32657659,32666544,FEM
32664661,32664929,MAL
32668792,32674992,NA
32668993,32674754,FEM
32669047,32669992,OCH
32671667,32672782,OCH
32676011,32678449,NA
32676541,32678358,OCH
32678743,32680506,NA
32678976,32680427,FEM
32680722,32686178,NA
32680871,32682916,OCH
32683169,32684992,OCH
32683289,32684440,FEM
32684609,32685345,FEM
32686283,32686492,NA
32686689,32689372,NA
32688012,32688172,OCH
32688320,32688912,OCH
32691992,32693492,NA
32692154,32693290,CHI
32693693,32732040,NA
32693993,32694322,OCH
32694492,32697960,OCH
32695512,32701992,FEM
32699482,32699720,MAL
32700635,32702478,OCH
32703510,32709992,FEM
32709788,32711511,OCH
32709992,32711588,CHI
32712380,32713840,FEM
32714216,32716012,FEM
32716708,32717489,OCH
32718828,32721992,FEM
32719012,32720510,OCH
32719952,32720532,CHI
32721508,32722512,CHI
32722512,32730992,FEM
32724476,32725492,CHI
32728583,32728689,MAL
32730600,32731904,MAL
32731093,32731500,FEM
32733231,32746493,NA
32733511,32741054,FEM
32740536,32741543,MAL
32741511,32743455,CHI
32743332,32745882,FEM
32746964,32749060,NA
32747056,32748011,FEM
32747930,32749219,OCH
32749350,32749885,OCH
32749415,32750338,NA
32751130,32754011,NA
32751197,32753104,FEM
32755511,32774640,NA
32756010,32760060,FEM
32756665,32757399,OCH
32757011,32757593,CHI
32760492,32764002,OCH
32761010,32761511,FEM
32761835,32761936,FEM
32763008,32768624,FEM
32768466,32771534,OCH
32770011,32770148,FEM
32772011,32773992,FEM
32774001,32774258,CHI
32775140,32775255,NA
32775511,32776010,OCH
32775511,32779033,NA
32776405,32777011,OCH
32777492,32778488,FEM
32781139,32781272,NA
32781491,32783492,NA
32781664,32783264,OCH
32782300,32783250,CHI
32784510,32786621,OCH
32784637,32787011,NA
32785997,32786517,FEM
32791843,32795814,NA
32791993,32794170,OCH
32792345,32794510,CHI
32794283,32795039,OCH
32795155,32795469,OCH
32800493,32802012,NA
32800596,32801828,FEM
32800844,32801003,OCH
32801178,32801492,OCH
32820402,32822511,NA
32820491,32822511,FEM
32825282,32826505,NA
32825390,32826492,FEM
32828993,32832130,OCH
32829011,32832163,NA
32833492,32834493,OCH
32833632,32843860,NA
32835011,32835824,OCH
32836511,32839012,FEM
32840203,32841428,OCH
32840583,32840834,FEM
32841006,32841453,FEM
32842493,32843011,FEM
32843021,32843213,OCH
32862011,32863457,OCH
32862456,32863210,NA
32864817,32870693,NA
32864822,32869068,FEM
32869646,32870510,OCH
32874139,32879993,NA
32874483,32875074,OCH
32874491,32875497,CHI
32874942,32879890,FEM
32882465,32885069,NA
32882733,32882890,FEM
32882868,32883717,CHI
32882993,32883639,OCH
32883757,32885011,FEM
32887841,32889512,NA
32887871,32888992,FEM
32888638,32889011,OCH
32888762,32889044,CHI
32892510,32894862,NA
32892580,32894512,FEM
32893493,32894625,OCH
32895109,32896553,NA
32895219,32896178,OCH
32895491,32896119,CHI
32896808,32897402,NA
32903493,32906492,NA
32903611,32906011,CHI
32903992,32904510,FEM
32905524,32905723,FEM
32907511,32910171,NA
32907973,32909993,FEM
32910845,32915786,NA
32910941,32915588,FEM
32916788,32926432,NA
32917511,32921137,CHI
32923012,32926230,CHI
32928015,32929011,NA
32928115,32928270,FEM
32929259,32930206,NA
32930511,32933677,NA
32930869,32933512,CHI
32933069,32933231,FEM
32936011,32937012,NA
32936490,32936779,FEM
32937511,32941510,NA
32938858,32940205,CHI
32939171,32939272,OCH
32939992,32941492,OCH
32940527,32940696,CHI
32950407,32952132,NA
32950613,32950816,CHI
32952806,32953510,NA
32955390,32957768,NA
32955393,32957750,CHI
32965869,32966640,NA
32965928,32966492,CHI
32986735,32987668,NA
32986747,32987603,CHI
33001012,33001511,NA
33001204,33001501,OCH
33007681,33012028,NA
33007993,33008511,CHI
33008526,33008698,FEM
33010251,33011918,FEM
33014409,33015524,NA
33019491,33021089,NA
33020484,33021010,FEM
33023492,33029717,FEM
33023492,33031433,NA
33029885,33031024,FEM
33033992,33035011,FEM
33033992,33035278,NA
33036007,33037588,NA
33036441,33037474,FEM
33038405,33039510,NA
33038493,33039511,FEM
33043511,33045558,NA
33043656,33045516,FEM
33060602,33061510,NA
33061055,33061492,FEM
33074511,33086077,NA
33074654,33076239,FEM
33076018,33077140,CHI
33076787,33086068,FEM
33081792,33082178,OCH
33090010,33090827,NA
33090046,33090724,FEM
33092584,33094413,NA
33092604,33094448,FEM
33104989,33109493,NA
33105011,33105627,OCH
33106175,33107010,OCH
33106215,33107314,FEM
33108011,33109493,FEM
33112493,33115584,NA
33112493,33115593,FEM
33117134,33137993,NA
33117149,33130492,FEM
33130507,33131511,CHI
33132011,33137492,FEM
33137402,33139987,MAL
33138511,33156773,NA
33140450,33141029,CHI
33140732,33140968,OCH
33141455,33142339,FEM
33142265,33143078,CHI
33143590,33150492,FEM
33151012,33151309,FEM
33152618,33154500,FEM
33152855,33153012,OCH
33155011,33156727,FEM
33158087,33161700,NA
33158541,33158992,OCH
33160011,33161334,FEM
33163682,33164693,NA
33163877,33164830,OCH
33165511,33168992,NA
33166493,33168685,FEM
33168248,33168402,MAL
33196490,33201223,NA
33196510,33197511,FEM
33198989,33200493,FEM
33201898,33205540,NA
33201968,33202582,MAL
33203491,33205447,OCH
33206780,33212992,NA
33206865,33208011,CHI
33208253,33212492,CHI
33208993,33209158,OCH
33209511,33210512,OCH
33210714,33211024,OCH
33211196,33211491,OCH
33213952,33214286,OCH
33217999,33220952,NA
33218090,33220868,FEM
33222965,33225655,NA
33223217,33225512,FEM
33231217,33232710,NA
33231349,33232704,FEM
33234619,33234877,NA
33234992,33235446,OCH
33235010,33235526,NA
33236421,33239435,OCH
33236492,33239511,NA
33237511,33237646,FEM
33241011,33243492,FEM
33241011,33243642,NA
33244160,33244351,NA
33244493,33246585,FEM
33244493,33246786,NA
33250370,33253683,NA
33250449,33250992,FEM
33251492,33253341,OCH
33251644,33252511,CHI
33256361,33294203,NA
33256492,33259565,FEM
33259567,33260077,CHI
33260036,33262348,FEM
33261033,33261539,MAL
33262841,33264010,CHI
33263011,33263170,OCH
33263511,33263695,MAL
33264493,33264895,MAL
33264943,33266291,FEM
33265718,33265986,OCH
33266511,33286493,FEM
33270318,33270991,OCH
33275661,33276493,OCH
33278536,33280492,OCH
33282070,33284011,MAL
33286012,33287168,CHI
33286283,33287015,OCH
33287510,33290607,FEM
33288477,33290617,MAL
33290825,33290989,MAL
33291500,33294122,FEM
33295730,33316555,NA
33296010,33296779,FEM
33296385,33296512,MAL
33297510,33314309,FEM
33297512,33298131,CHI
33299512,33300757,OCH
33299672,33299777,CHI
33313479,33315492,MAL
33314492,33316500,FEM
33318987,33320119,CHI
33318992,33324453,NA
33320357,33322991,CHI
33323142,33323959,FEM
33334011,33334673,NA
33334991,33335308,NA
33336107,33338232,OCH
33336250,33338140,NA
33339156,33347718,NA
33339161,33341763,CHI
33341235,33346743,FEM
33343274,33343876,CHI
33344492,33345398,CHI
33345744,33347511,CHI
33348505,33351664,NA
33348534,33350088,FEM
33350000,33351318,CHI
33351011,33351374,MAL
33352228,33358727,NA
33352368,33353819,FEM
33353721,33355139,CHI
33355270,33358601,FEM
33356630,33356897,MAL
33357012,33357761,MAL
33359492,33362992,NA
33359511,33362911,FEM
33367493,33368511,FEM
33367501,33368510,NA
33370010,33377492,NA
33370014,33372748,FEM
33373011,33377485,FEM
33379574,33380158,NA
33382503,33382825,NA
33383205,33384012,NA
33383492,33383686,OCH
33383492,33383710,CHI
33386248,33387212,NA
33386492,33387010,FEM
33388968,33390148,NA
33388991,33389992,FEM
33389515,33390060,OCH
33396281,33396608,NA
33397593,33398011,NA
33407473,33408538,NA
33407492,33408493,OCH
33446864,33448011,NA
33458493,33458776,OCH
33458511,33458659,NA
33459411,33460636,NA
33459534,33459713,OCH
33459603,33459777,CHI
33460012,33460511,FEM
33468009,33469064,OCH
33468010,33469071,NA
33470035,33471665,NA
33470267,33471511,OCH
33472057,33472842,NA
33472167,33472493,OCH
33474328,33476620,OCH
33474382,33477089,NA
33475613,33476710,CHI
33481790,33485015,NA
33481802,33483010,OCH
33481991,33482782,CHI
33483453,33484739,CHI
33483491,33483992,OCH
33484492,33484644,OCH
33485511,33487312,NA
33485758,33487012,CHI
33485918,33486492,OCH
33524143,33525010,NA
33524196,33524947,OCH
33542198,33554304,NA
33543291,33543492,CHI
33543511,33543693,FEM
33544020,33544722,CHI
33544088,33544638,OCH
33544992,33546359,OCH
33545084,33545916,CHI
33546511,33550412,FEM
33550369,33551378,CHI
33551634,33552515,FEM
33552659,33554011,CHI
33553420,33553919,OCH
33555824,33568862,NA
33555944,33558467,CHI
33555992,33557011,OCH
33558950,33559308,FEM
33559129,33560511,CHI
33560011,33565392,FEM
33565992,33568712,FEM
33569898,33571511,NA
33569900,33571508,FEM
33573236,33586361,NA
33573359,33576047,FEM
33576402,33577749,CHI
33578543,33578653,OCH
33579492,33581681,CHI
33582055,33582492,CHI
33582492,33585994,FEM
33583138,33584491,OCH
33586888,33588614,OCH
33586950,33588746,NA
33590303,33591027,CHI
33590310,33592492,NA
33591142,33592210,FEM
33625895,33626756,NA
33625992,33626510,FEM
33640491,33642850,NA
33640500,33642722,FEM
33647819,33650011,FEM
33647822,33650103,NA
33683992,33687365,NA
33684010,33687228,FEM
33697488,33699511,NA
33697492,33699176,FEM
33703818,33705067,NA
33703833,33705028,FEM
33706787,33708977,NA
33706992,33708764,FEM
33713992,33716992,NA
33715293,33716778,FEM
33739193,33739379,NA
33739487,33742263,NA
33739492,33742062,FEM
33743294,33743998,NA
33743571,33743750,FEM
33751296,33754620,NA
33751342,33752527,OCH
33751360,33752575,CHI
33752282,33754535,FEM
33756492,33759013,NA
33756510,33758992,FEM
33788257,33790628,NA
33788288,33790510,FEM
33795011,33796511,FEM
33795011,33796511,NA
33804493,33806111,NA
33804511,33805750,CHI
33806533,33807524,NA
33814034,33815095,NA
33814184,33814965,CHI
33814493,33814888,OCH
33816174,33817443,NA
33816358,33816500,CHI
33817011,33817347,CHI
33818658,33820415,NA
33818992,33820011,CHI
33819056,33819199,OCH
33819528,33820011,OCH
33822077,33824013,NA
33822471,33823991,CHI
33837301,33837492,NA
33842456,33844339,NA
33842492,33844036,CHI
33848715,33850833,NA
33848837,33850675,FEM
33855492,33858010,FEM
33855492,33858010,NA
33860992,33861137,NA
33865614,33869104,NA
33865629,33869038,FEM
33870511,33872722,NA
33870828,33872499,OCH
33871011,33871406,FEM
33871529,33871713,FEM
33873674,33877105,NA
33873746,33875759,OCH
33875992,33877047,FEM
33878010,33889814,NA
33878262,33878993,OCH
33878264,33889580,FEM
33893512,33895993,FEM
33893512,33896598,NA
33897914,33899885,NA
33897994,33899541,FEM
33898233,33899313,OCH
33901492,33903147,FEM
33901492,33903288,NA
33904843,33906956,NA
33904853,33906492,OCH
33905993,33906386,FEM
33907687,33908998,NA
33907756,33908742,OCH
33908014,33908762,FEM
33913227,33917471,NA
33913264,33916496,OCH
33916187,33917274,FEM
33919273,33923588,NA
33919400,33920993,FEM
33920011,33920161,OCH
33920492,33922011,OCH
33922493,33923431,FEM
33924511,33935011,NA
33924626,33929511,FEM
33929683,33929811,FEM
33929774,33931532,CHI
33931376,33934992,FEM
33936511,33943723,NA
33936916,33941492,FEM
33938492,33939992,OCH
33941936,33943544,FEM
33945941,33951954,NA
33945990,33948084,FEM
33948290,33951889,FEM
33949010,33949231,OCH
33950067,33950180,CHI
33962352,33963493,OCH
33962367,33963511,NA
33965214,33971424,NA
33965350,33971398,FEM
33972910,33976872,NA
33973012,33974509,OCH
33973157,33973309,FEM
33973511,33973744,FEM
33973992,33976815,FEM
33977629,33986492,NA
33977671,33980493,FEM
33981085,33983441,CHI
33981927,33982913,OCH
33983012,33985790,FEM
33986044,33986157,OCH
33987602,33994511,NA
33987632,33989011,OCH
33989104,33992992,CHI
33989382,33989492,OCH
33993037,33994492,FEM
33993717,33994022,OCH
33996240,34001000,NA
33996424,33996993,OCH
33998069,34000847,FEM
34005140,34009404,NA
34005393,34006267,CHI
34006379,34006993,CHI
34007482,34009168,FEM
34007966,34008487,MAL
34010321,34017177,NA
34010373,34011828,FEM
34010493,34011632,OCH
34012096,34013900,CHI
34014492,34017216,FEM
34021534,34022074,NA
34026234,34028058,NA
34026475,34027202,FEM
34027493,34027998,FEM
34028512,34030011,NA
34028935,34029116,OCH
34028993,34029511,FEM
34031062,34035993,NA
34031679,34035010,FEM
34035571,34035821,OCH
34037493,34039084,FEM
34037493,34041992,NA
34039094,34041743,CHI
34039271,34041510,OCH
34042309,34045736,NA
34042324,34044579,CHI
34044951,34045690,FEM
34064484,34067103,NA
34064493,34067011,CHI
34078011,34079545,NA
34078107,34079511,CHI
34148127,34149683,NA
34148265,34149497,OCH
34158491,34162848,NA
34158547,34162099,CHI
34163011,34167993,NA
34163368,34166623,FEM
34166510,34167948,CHI
34171769,34173151,MAL
34171991,34173010,NA
34183689,34184104,NA
34185011,34185959,NA
34188510,34198141,NA
34189450,34191617,CHI
34190249,34192730,OCH
34191990,34192511,CHI
34193011,34195109,OCH
34193806,34193992,CHI
34196010,34197696,FEM
34197010,34197698,OCH
34197117,34197304,CHI
34201791,34207512,NA
34201992,34204626,FEM
34202053,34204012,OCH
34204980,34207511,FEM
34211491,34216012,NA
34211492,34215021,FEM
34214992,34216011,MAL
34215289,34215390,FEM
34220991,34223451,NA
34221012,34221473,FEM
34221987,34223099,FEM
34221992,34223011,OCH
34226012,34227993,FEM
34226012,34229699,NA
34227962,34228580,OCH
34228560,34228778,MAL
34233153,34237011,NA
34233334,34234012,FEM
34233992,34234907,OCH
34234064,34234894,CHI
34235011,34236942,FEM
34239491,34243992,NA
34239498,34241128,CHI
34241346,34241920,FEM
34242055,34243721,CHI
34244512,34245302,CHI
34244512,34245403,NA
34247399,34247991,NA
34247418,34247730,FEM
34252492,34255011,FEM
34252492,34256213,NA
34256326,34258997,NA
34257011,34258511,CHI
34258013,34258752,MAL
34260992,34261505,NA
34264809,34269362,NA
34264811,34266993,FEM
34267101,34268017,MAL
34268984,34269316,OCH
34271011,34273493,NA
34271146,34272029,OCH
34271492,34273438,FEM
34275860,34276510,OCH
34275877,34276510,NA
34288491,34290992,FEM
34288491,34291491,NA
34298993,34300466,NA
34299052,34299209,MAL
34306011,34307992,NA
34306185,34307683,CHI
34309631,34310264,MAL
34321727,34325993,NA
34322010,34323566,CHI
34324012,34325516,CHI
34327511,34329715,NA
34327515,34329694,FEM
34332687,34334012,NA
34333500,34333682,OCH
34336011,34336235,NA
34337199,34338154,NA
34337323,34337993,FEM
34337512,34337723,OCH
34338511,34340524,NA
34338543,34339994,FEM
34339999,34341011,MAL
34340720,34340990,NA
34342495,34355706,NA
34342498,34355492,FEM
34363416,34364523,NA
34363492,34364491,CHI
34364029,34364140,OCH
34368958,34370760,CHI
34368992,34370727,NA
34380511,34385742,FEM
34380511,34385840,NA
34386991,34389328,NA
34387011,34388990,FEM
34389794,34394951,NA
34389905,34392011,FEM
34392492,34393741,OCH
34393439,34394453,FEM
34402992,34406492,NA
34403484,34405691,FEM
34404811,34406095,OCH
34407511,34409622,NA
34408083,34408196,OCH
34408299,34408873,OCH
34408673,34408989,FEM
34410012,34411492,FEM
34410012,34411959,NA
34423280,34431510,NA
34423311,34423488,FEM
34423736,34427509,FEM
34427992,34429583,OCH
34428154,34428554,CHI
34429901,34431511,FEM
34437926,34440491,NA
34437992,34440491,FEM
34444062,34447012,NA
34444340,34445010,OCH
34444511,34444633,FEM
34444744,34445465,FEM
34445993,34446514,FEM
34449087,34450687,NA
34451399,34452992,NA
34451484,34452493,CHI
34469493,34474027,NA
34469511,34470993,CHI
34472491,34473492,CHI
34472868,34473511,OCH
34485156,34486560,NA
34485283,34486382,OCH
34487512,34489512,NA
34491447,34492809,NA
34491493,34492539,CHI
34499010,34506246,NA
34499189,34504491,FEM
34504993,34506410,OCH
34508312,34509205,NA
34508492,34509116,OCH
34509566,34510633,NA
34509594,34511005,OCH
34510796,34511020,NA
34512492,34517492,NA
34512991,34514511,CHI
34513567,34514284,OCH
34515376,34517160,FEM
34515899,34517146,OCH
34518783,34519023,NA
34520865,34528250,NA
34520953,34524492,FEM
34521215,34522391,OCH
34524819,34526064,CHI
34525011,34526094,OCH
34526277,34528290,OCH
34536993,34539492,NA
34537001,34539492,OCH
34548992,34549989,MAL
34549183,34549412,NA
34551011,34553492,NA
34551490,34553397,FEM
34551861,34551989,MAL
34562492,34565875,FEM
34562492,34565992,NA
34566946,34567476,NA
34576254,34576927,NA
34576264,34576927,FEM
34578703,34580360,NA
34578993,34580011,OCH
34583920,34584742,NA
34583993,34584695,FEM
34586101,34586396,OCH
34586141,34586492,NA
34586860,34586985,MAL
34587289,34587627,NA
34593640,34594992,NA
34593662,34594992,CHI
34601511,34603011,FEM
34601511,34603101,NA
34603642,34604226,NA
34603725,34604165,OCH
34608048,34608554,NA
34608367,34608483,CHI
34617011,34619262,OCH
34617127,34618644,NA
34618848,34621511,NA
34619511,34621511,FEM
34619655,34619993,OCH
34632120,34638028,NA
34632237,34633020,OCH
34632510,34637011,FEM
34642529,34643790,NA
34642711,34643789,FEM
34653493,34654554,NA
34653503,34654683,OCH
34656967,34658322,NA
34656992,34658249,CHI
34664492,34666038,CHI
34664492,34666313,NA
34667421,34669510,NA
34667445,34669539,FEM
34682880,34684257,NA
34682894,34684028,CHI
34685098,34686813,NA
34685192,34686655,FEM
34687555,34688804,NA
34687636,34688789,FEM
34690356,34691387,NA
34690375,34691227,FEM
34694657,34696194,NA
34694992,34695512,CHI
34697187,34698449,NA
34697229,34698194,OCH
34757993,34759999,NA
34758026,34759764,FEM
34762993,34765011,NA
34763070,34764244,CHI
34780766,34784737,NA
34780787,34782991,CHI
34782605,34784124,FEM
34785011,34788524,NA
34785511,34788106,CHI
34785890,34785991,OCH
34789519,34790705,NA
34789780,34790168,FEM
34791010,34799993,NA
34791167,34795695,CHI
34797492,34799687,FEM
34798024,34798412,OCH
34813162,34813351,NA
34857953,34859349,CHI
34857980,34859413,NA
34883008,34883474,NA
34888831,34891890,NA
34889066,34889542,OCH
34890387,34891845,OCH
34893011,34893269,NA
34904395,34907971,NA
34904503,34905618,FEM
34905011,34906761,CHI
34907021,34907308,OCH
34908604,34908901,NA
34909989,34912346,NA
34910313,34912292,CHI
34918012,34918493,NA
34919827,34920937,NA
34919848,34920707,FEM
34926905,34928883,FEM
34926917,34931463,NA
34929353,34931459,FEM
34939262,34941010,NA
34939298,34940511,OCH
34942511,34951569,NA
34942523,34947493,FEM
34944721,34945043,OCH
34945266,34945391,OCH
34947129,34949991,CHI
34947524,34949510,OCH
34950493,34951011,FEM
34950736,34950900,OCH
34953370,34954511,FEM
34953373,34957457,NA
34954468,34957040,CHI
34955493,34957024,OCH
34958409,34966814,NA
34958616,34961993,CHI
34960493,34962493,OCH
34962720,34963496,FEM
34964457,34965993,OCH
34964632,34964991,CHI
34965511,34966643,FEM
34968513,34969482,CHI
34968564,34969435,NA
35000291,35002476,NA
35000512,35002149,CHI
35003011,35005078,NA
35003708,35004910,OCH
35005390,35010063,NA
35005510,35006560,OCH
35006992,35007250,OCH
35007069,35010010,FEM
35007382,35007708,OCH
35011987,35013939,NA
35011992,35013992,FEM
35018357,35022434,NA
35018441,35019492,OCH
35018992,35022092,CHI
35023838,35029869,NA
35023874,35027993,CHI
35027549,35029561,FEM
35031344,35039245,NA
35031388,35032441,CHI
35032112,35032993,FEM
35032870,35037249,CHI
35037902,35039223,FEM
35046511,35048239,NA
35046992,35048085,FEM
35049518,35053558,NA
35049581,35053395,FEM
35053761,35057013,NA
35053985,35055686,OCH
35056351,35057011,FEM
35070894,35072011,CHI
35070956,35072011,NA
35074492,35078841,NA
35074541,35078576,FEM
35083142,35086654,NA
35083167,35085556,OCH
35085781,35086454,CHI
35085813,35085992,OCH
35086861,35087492,NA
35087879,35091769,NA
35088512,35089803,FEM
35089509,35090685,CHI
35094511,35098512,FEM
35094511,35098519,NA
35105010,35108010,NA
35105511,35108010,FEM
35113176,35123542,NA
35113218,35115491,FEM
35115512,35117733,CHI
35115628,35116376,OCH
35117992,35121016,OCH
35120491,35120626,CHI
35120972,35123491,CHI
35128942,35129960,NA
35128986,35129924,CHI
35130888,35131416,NA
35131847,35133843,NA
35131992,35132169,OCH
35132316,35133492,FEM
35138966,35140475,NA
35138991,35140238,OCH
35139655,35139937,CHI
35140969,35142513,NA
35141011,35142511,FEM
35144408,35145378,NA
35144629,35144776,OCH
35145510,35146992,NA
35145714,35146959,CHI
35147512,35151511,NA
35147636,35147992,FEM
35148080,35149599,CHI
35149754,35151511,FEM
35154511,35156492,OCH
35154579,35156493,NA
35157090,35161169,NA
35157338,35158135,OCH
35158595,35159000,OCH
35158673,35160011,FEM
35161977,35162993,NA
35161992,35162696,FEM
35163433,35166072,NA
35164010,35164282,FEM
35164086,35164493,OCH
35164493,35165408,FEM
35166768,35168746,NA
35166886,35168511,OCH
35167510,35168511,FEM
35179478,35180361,CHI
35179491,35180277,NA
35180722,35181574,CHI
35180727,35181545,NA
35182735,35183322,NA
35182770,35183293,CHI
35184603,35187619,NA
35184689,35187573,CHI
35191272,35198098,NA
35191299,35198012,FEM
35198511,35201992,NA
35199306,35200182,FEM
35200443,35200583,FEM
35201201,35201488,FEM
35219011,35221085,OCH
35219011,35221998,NA
35220238,35220883,CHI
35223154,35223993,NA
35232842,35236789,NA
35234011,35236674,FEM
35236892,35237012,NA
35237202,35238512,NA
35240731,35242511,NA
35241011,35242440,FEM
35273654,35274992,NA
35273737,35274728,CHI
35308145,35310629,NA
35308182,35308808,FEM
35308897,35309022,OCH
35309069,35309170,FEM
35309616,35310348,OCH
35313163,35314309,NA
35313222,35313970,CHI
35313302,35313835,OCH
35314417,35316558,NA
35314542,35316511,FEM
35317006,35319014,NA
35317482,35318903,CHI
35323493,35328512,FEM
35323493,35328512,NA
35332968,35338883,NA
35332991,35335011,OCH
35333115,35333512,CHI
35334011,35335699,FEM
35336225,35338748,FEM
35351011,35352079,NA
35351011,35352147,FEM
35354590,35357045,NA
35354728,35356993,OCH
35354779,35355304,CHI
35355493,35355856,FEM
35356193,35356492,CHI
35358010,35358250,NA
35358371,35364991,NA
35358491,35360492,FEM
35360710,35364757,OCH
35367011,35367485,NA
35375425,35378010,NA
35376068,35376539,OCH
35383492,35384073,FEM
35383492,35393322,NA
35384791,35386011,OCH
35386639,35393011,CHI
35386671,35388735,OCH
35389011,35389510,OCH
35389695,35389827,OCH
35392592,35392962,FEM
35394511,35404739,NA
35394560,35395011,CHI
35395993,35396324,OCH
35396060,35396446,CHI
35396372,35397455,FEM
35397849,35399012,CHI
35399469,35400974,FEM
35400512,35401049,CHI
35400648,35400867,OCH
35401983,35404011,FEM
35402171,35402728,OCH
35404980,35405297,NA
35405426,35407581,NA
35405600,35407129,CHI
35405632,35407011,OCH
35406590,35406951,FEM
35407869,35407970,NA
35408510,35409728,OCH
35408510,35414615,NA
35410460,35414512,FEM
35423511,35424993,NA
35423512,35424857,OCH
35429574,35429795,NA
35430961,35432878,NA
35431352,35432761,CHI
35434500,35437511,NA
35434535,35437495,CHI
35441842,35443307,CHI
35441867,35443344,NA
35444512,35447153,NA
35444993,35445791,FEM
35446066,35446512,FEM
35446186,35447011,CHI
35456002,35456493,NA
35470011,35471594,NA
35470052,35471517,CHI
35475511,35475921,NA
35476316,35481549,NA
35476426,35477493,FEM
35478992,35479535,FEM
35480953,35481360,OCH
35481007,35481272,FEM
35483555,35484839,NA
35483992,35484510,FEM
35485999,35489492,OCH
35486745,35486851,NA
35488076,35489404,NA
35490439,35491497,OCH
35490486,35497492,NA
35492529,35496960,OCH
35492695,35496320,CHI
35496510,35497011,FEM
35505068,35506514,NA
35505219,35507011,OCH
35524886,35527012,NA
35524992,35527012,FEM
35531976,35536593,NA
35531992,35533492,CHI
35532992,35534344,FEM
35534621,35534921,FEM
35535171,35536492,FEM
35540053,35550011,NA
35540400,35541991,FEM
35541492,35543802,MAL
35543352,35546012,FEM
35544386,35544804,MAL
35545492,35549068,MAL
35547189,35548510,FEM
35548659,35548853,FEM
35558759,35562910,NA
35558960,35561405,FEM
35559493,35559803,MAL
35561400,35561991,MAL
35562215,35562590,MAL
35568253,35573191,MAL
35568254,35568379,NA
35568492,35575890,NA
35573101,35573206,FEM
35573329,35575173,FEM
35584491,35585355,NA
35585985,35590600,NA
35586174,35590511,MAL
35592492,35599011,NA
35592529,35593518,MAL
35592799,35598493,FEM
35595492,35595600,MAL
35601842,35602510,NA
35604510,35605992,NA
35604937,35605511,FEM
35608665,35609259,OCH
35609551,35609765,OCH
35613970,35616339,NA
35614303,35614900,MAL
35615005,35616011,FEM
35618081,35618191,OCH
35618425,35619011,OCH
35623997,35624211,NA
35625153,35626717,OCH
35625231,35632018,NA
35627084,35631011,FEM
35632285,35635032,NA
35634195,35634511,CHI
35636903,35640992,NA
35636941,35637737,FEM
35638513,35639905,MAL
35641655,35641807,MAL
35641657,35641780,NA
35642342,35642465,MAL
35644268,35646079,NA
35644436,35645511,MAL
35646510,35653510,NA
35646785,35653014,FEM
35649514,35651011,MAL
35655491,35661399,NA
35655949,35661511,MAL
35656381,35656513,FEM
35656674,35656991,FEM
35665512,35668492,NA
35665571,35665726,OCH
35666632,35668154,MAL
35667292,35667419,FEM
35669162,35669309,NA
35669450,35676813,NA
35670517,35670632,MAL
35670993,35674029,MAL
35674177,35676010,MAL
35678507,35684278,NA
35679012,35679140,FEM
35679493,35681727,FEM
35681511,35684569,OCH
35687512,35690011,NA
35689012,35689535,MAL
35705510,35705618,OCH
35705510,35716052,NA
35705745,35709039,OCH
35707510,35709992,FEM
35709512,35710990,MAL
35710492,35716034,FEM
35712509,35715005,MAL
35722129,35722460,NA
35725141,35726717,OCH
35726321,35726603,NA
35735992,35737992,FEM
35735992,35737992,NA
35783011,35787044,NA
35784251,35784654,MAL
35784492,35784991,FEM
35786327,35786744,FEM
35790569,35792854,MAL
35791011,35792992,NA
35793109,35794405,NA
35796011,35798011,NA
35796188,35797492,FEM
35806631,35806833,NA
35807508,35807989,NA
35808384,35808531,NA
35822355,35823011,NA
35822510,35822664,FEM
35826334,35826493,NA
35830480,35831013,NA
35838512,35838672,NA
35848597,35850511,FEM
35848691,35850510,NA
35891993,35894011,OCH
35892030,35892140,NA
35892273,35893711,NA
35894325,35894484,OCH
35905029,35905178,OCH
35907492,35911010,NA
35908491,35910492,OCH
35908741,35910511,FEM
35913491,35914011,NA
35913491,35914578,OCH
35914917,35915251,OCH
35922499,35924867,NA
35922504,35924492,FEM
35931468,35931579,FEM
35931696,35932012,NA
35945492,35946476,OCH
35957512,35960001,OCH
35957512,35960666,NA
35959511,35960537,FEM
35962010,35964823,OCH
35962010,35964992,NA
35963015,35963317,FEM
35963457,35964512,FEM
35984993,35985511,FEM
35985009,35985510,NA
35998493,36000290,OCH
35998493,36000511,NA
35998992,36000315,CHI
36002521,36004465,NA
36002613,36004415,FEM
36005617,36006258,NA
36005632,36006322,OCH
36009196,36009491,NA
36013651,36014586,NA
36013709,36014723,OCH
36016010,36019510,NA
36016512,36017911,OCH
36017323,36019491,CHI
36022992,36025754,FEM
36022992,36026035,NA
36029485,36030187,NA
36029500,36030011,FEM
36033992,36035018,OCH
36033992,36035511,NA
36036681,36038512,NA
36037212,36037398,MAL
36037604,36038011,FEM
36041492,36042132,NA
36045056,36047255,NA
36045199,36046841,FEM
36051482,36055929,NA
36051510,36055511,FEM
36055638,36055913,FEM
36057464,36059035,NA
36057467,36058992,FEM
36059344,36060502,NA
36059553,36060535,OCH
36071386,36072493,NA
36071492,36072434,CHI
36072825,36076615,NA
36072923,36074511,CHI
36073073,36073471,OCH
36073839,36074372,OCH
36074992,36076723,FEM
36079871,36081992,NA
36079992,36081992,FEM
36083969,36092511,NA
36083991,36089648,FEM
36089069,36089170,MAL
36089354,36090491,MAL
36089771,36091059,FEM
36091840,36092512,FEM
36118315,36120440,NA
36118511,36120492,FEM
36127416,36129706,NA
36127456,36129684,FEM
36132235,36144491,NA
36132360,36135991,OCH
36132492,36133734,CHI
36136044,36137018,CHI
36136532,36136640,OCH
36137686,36137970,OCH
36138493,36140619,OCH
36138960,36140312,CHI
36141663,36143992,FEM
36142991,36143470,MAL
36144790,36146491,OCH
36144854,36147492,NA
36146095,36147281,FEM
36146655,36146903,OCH
36149492,36151821,NA
36149492,36151856,FEM
36155216,36157992,NA
36155268,36156512,FEM
36155511,36155661,OCH
36155913,36156512,OCH
36157222,36157696,OCH
36157237,36157853,CHI
36162511,36166424,NA
36162688,36165992,OCH
36170893,36175512,NA
36170992,36171492,FEM
36172359,36173169,OCH
36172369,36174099,CHI
36173453,36176367,OCH
36175815,36176348,NA
36176878,36180511,NA
36177492,36180109,CHI
36178010,36180511,OCH
36189489,36195493,NA
36189568,36195511,FEM
36189831,36190010,MAL
36200512,36200799,OCH
36203993,36205297,NA
36204011,36205258,OCH
36214644,36216870,NA
36215011,36216184,FEM
36215627,36216160,OCH
36217034,36219211,NA
36217208,36219493,OCH
36220011,36225011,NA
36220433,36222512,FEM
36223286,36225011,OCH
36232961,36234463,NA
36232993,36233870,CHI
36234570,36234693,OCH
36234992,36235684,MAL
36239154,36240517,NA
36239287,36240510,OCH
36243442,36244687,NA
36243992,36244493,CHI
36247492,36249492,FEM
36247510,36249491,NA
36253011,36255011,FEM
36253011,36256146,NA
36261970,36263992,OCH
36261992,36263511,NA
36262863,36262991,CHI
36266493,36267511,NA
36270992,36273760,NA
36271007,36272011,CHI
36272991,36273582,OCH
36273869,36286011,NA
36274058,36276640,OCH
36274271,36275992,FEM
36277016,36277274,FEM
36277492,36280173,FEM
36280276,36280408,FEM
36280570,36282992,FEM
36283493,36285958,CHI
36289293,36292012,NA
36289519,36289991,CHI
36289571,36290492,OCH
36299478,36300047,NA
36299558,36299685,FEM
36305012,36309992,NA
36305024,36309590,CHI
36306804,36307415,OCH
36307980,36308606,OCH
36308733,36309492,OCH
36311492,36312992,NA
36311537,36312992,FEM
36316011,36316149,NA
36316568,36316674,NA
36318512,36318912,NA
36320000,36333510,NA
36320010,36321807,FEM
36321953,36323732,FEM
36324511,36329621,OCH
36324533,36325993,CHI
36326176,36327011,CHI
36327189,36327653,CHI
36328510,36329511,CHI
36329906,36333511,FEM
36334356,36337493,NA
36334492,36335494,OCH
36335110,36337012,FEM
36335702,36335850,OCH
36339511,36342056,FEM
36339511,36342270,NA
36342435,36343037,NA
36342466,36343011,CHI
36343510,36349563,NA
36343824,36344828,FEM
36344511,36344633,OCH
36345166,36345512,OCH
36346011,36349627,FEM
36351030,36353816,NA
36351042,36353887,FEM
36354511,36355257,FEM
36354511,36355274,NA
36356200,36357491,OCH
36356511,36357102,NA
36359170,36360510,NA
36359223,36360367,FEM
36361992,36367157,NA
36362123,36363136,FEM
36363840,36364836,CHI
36363951,36364148,OCH
36365115,36366441,FEM
36368511,36370585,FEM
36368511,36370798,NA
36371221,36371493,NA
36373011,36373192,NA
36373492,36374150,NA
36373614,36373849,FEM
36374354,36377395,NA
36374493,36374891,FEM
36374493,36375571,CHI
36375839,36376242,FEM
36378199,36378511,OCH
36382988,36384512,NA
36383189,36384492,FEM
36387740,36390992,NA
36387993,36390960,FEM
36394350,36397511,OCH
36394512,36404011,NA
36395992,36396951,CHI
36397011,36399961,FEM
36399011,36403302,OCH
36401984,36402489,CHI
36402062,36403512,FEM
36404168,36404424,NA
36405926,36422512,NA
36405936,36406511,FEM
36406945,36409510,OCH
36408992,36410511,CHI
36410023,36410895,FEM
36411019,36411993,CHI
36411992,36416059,FEM
36412116,36412217,OCH
36413987,36414188,MAL
36417511,36417891,FEM
36418992,36420011,CHI
36419546,36422511,OCH
36426677,36426826,OCH
36427040,36428063,OCH
36427042,36428411,NA
36429991,36435136,NA
36430162,36431009,OCH
36430221,36431011,CHI
36433145,36433773,MAL
36433992,36435043,OCH
36436043,36436553,NA
36436163,36436468,FEM
36437116,36438623,NA
36437492,36438511,OCH
36438991,36440832,NA
36439011,36440828,FEM
36442312,36449401,NA
36442448,36449311,FEM
36442465,36443034,OCH
36443166,36443476,OCH
36445283,36445879,OCH
36450511,36458179,NA
36450673,36452087,FEM
36451510,36452987,OCH
36453512,36456011,FEM
36456011,36458011,OCH
36456492,36457290,CHI
36462447,36462817,OCH
36462563,36462814,NA
36462992,36463510,OCH
36463326,36463491,NA
36468011,36472012,NA
36468156,36470993,FEM
36470010,36470111,MAL
36470248,36472805,MAL
36475049,36475840,NA
36475282,36475491,FEM
36476551,36479992,NA
36476831,36477492,OCH
36476857,36479992,FEM
36482253,36492815,NA
36482311,36484517,CHI
36485512,36486887,OCH
36486133,36486280,CHI
36486369,36487675,FEM
36487692,36488912,CHI
36489012,36491538,FEM
36491445,36492221,CHI
36492530,36492835,OCH
36492992,36494653,OCH
36494405,36494709,NA
36495605,36498011,NA
36496011,36498011,FEM
36500510,36502447,MAL
36510426,36512397,NA
36510492,36511491,FEM
36522212,36523511,NA
36522328,36523342,FEM
36524993,36526574,FEM
36524993,36526846,NA
36531020,36531450,OCH
36531052,36531636,NA
36531987,36542011,NA
36532492,36535011,CHI
36534927,36535697,FEM
36536177,36539511,OCH
36536363,36538131,CHI
36538364,36538469,CHI
36539802,36540011,OCH
36539993,36541594,FEM
36543493,36550493,NA
36543511,36545175,CHI
36545987,36550493,FEM
36558327,36559991,NA
36558405,36559917,FEM
36568992,36570931,FEM
36568992,36576584,NA
36571510,36572386,FEM
36572864,36573694,CHI
36573010,36573633,OCH
36574031,36576491,FEM
36576736,36577991,NA
36576941,36578026,OCH
36576986,36577511,CHI
36584511,36605120,NA
36584816,36588010,OCH
36584816,36588944,CHI
36588905,36590992,FEM
36589627,36590511,MAL
36590992,36591517,CHI
36591218,36591426,FEM
36592001,36593645,FEM
36593697,36595511,OCH
36595493,36597962,FEM
36597756,36600215,CHI
36600512,36603271,FEM
36602493,36602635,OCH
36602992,36604713,OCH
36606011,36607997,NA
36606492,36607012,OCH
36606558,36606723,CHI
36606882,36607511,CHI
36610557,36612817,NA
36611146,36612467,OCH
36611580,36612535,FEM
36613159,36617010,NA
36613173,36615373,FEM
36614511,36617010,OCH
36619265,36621511,NA
36619493,36621287,FEM
36619653,36621114,OCH
36622409,36627512,NA
36622479,36626011,FEM
36625510,36627306,OCH
36634992,36643122,NA
36635126,36636020,FEM
36636671,36638492,OCH
36636740,36637283,CHI
36637520,36641791,CHI
36641538,36641648,OCH
36643428,36654159,NA
36643627,36644462,FEM
36644435,36645172,CHI
36644493,36645109,OCH
36645492,36646992,OCH
36646493,36650511,FEM
36650252,36651130,OCH
36651683,36654152,CHI
36655991,36658293,NA
36656012,36657011,FEM
36657012,36658173,CHI
36659446,36660550,NA
36660651,36663493,NA
36661197,36661492,CHI
36661933,36663050,OCH
36662147,36662280,FEM
36670992,36673640,NA
36670995,36673511,FEM
36679286,36681222,NA
36679922,36680992,CHI
36712045,36733011,NA
36712101,36715802,CHI
36715511,36716915,FEM
36717609,36721991,CHI
36720073,36720346,FEM
36722604,36723492,OCH
36723993,36724732,CHI
36724860,36725862,FEM
36726144,36732492,CHI
36730525,36731041,OCH
36733807,36738745,NA
36733915,36735441,OCH
36734469,36734774,FEM
36734902,36735010,FEM
36735982,36738191,FEM
36736153,36736492,OCH
36736327,36737712,CHI
36736770,36737234,OCH
36739433,36751492,NA
36739511,36741992,FEM
36741973,36743407,OCH
36742083,36747010,CHI
36747184,36749492,CHI
36749805,36751246,CHI
36756511,36757146,NA
36756585,36757010,FEM
36779019,36780992,NA
36779992,36780991,OCH
36799979,36807539,NA
36800052,36802160,OCH
36800077,36800310,FEM
36803511,36807580,FEM
36809492,36810084,NA
36812423,36813511,NA
36812505,36812790,FEM
36827359,36828993,NA
36827492,36828425,CHI
36836492,36836777,NA
36836883,36842568,NA
36837048,36837829,OCH
36837168,36838429,CHI
36838976,36840134,OCH
36840992,36842511,FEM
36846078,36848992,NA
36846174,36848010,CHI
36847590,36848034,OCH
36848137,36848694,OCH
36850965,36858012,NA
36850992,36851201,OCH
36851488,36852003,OCH
36851544,36851650,FEM
36851812,36853901,FEM
36852545,36855493,OCH
36853299,36857720,CHI
36859273,36863201,NA
36859683,36862493,OCH
36862012,36862449,FEM
36863702,36865335,MAL
36864067,36866644,NA
36868011,36869992,FEM
36868011,36872992,NA
36871011,36871222,FEM
36871639,36872493,FEM
36871894,36872780,OCH
36873446,36875061,OCH
36873488,36876991,NA
36875058,36876639,FEM
36877992,36883056,NA
36878011,36880687,FEM
36880547,36882076,MAL
36881511,36883042,FEM
36886654,36894011,NA
36887160,36888999,CHI
36889493,36890880,FEM
36890181,36890778,OCH
36891843,36893492,FEM
36895993,36898492,NA
36896408,36897863,OCH
36896492,36897940,CHI
36907891,36909364,NA
36907981,36909010,FEM
36918685,36927958,NA
36918806,36919511,CHI
36918929,36919577,OCH
36919807,36922564,OCH
36919969,36920524,FEM
36920991,36922419,CHI
36922011,36923261,FEM
36923011,36927510,CHI
36924817,36926245,OCH
36929993,36935162,NA
36930492,36935144,FEM
36936493,36938992,NA
36936511,36938126,CHI
36936992,36938956,OCH
36945399,36954508,NA
36945403,36949993,FEM
36950511,36952492,FEM
36953467,36953599,MAL
36953731,36954266,MAL
36954935,36956379,NA
36955160,36956274,FEM
36957448,36958012,NA
36963010,36963111,NA
36963213,36966993,NA
36963375,36964814,FEM
36964991,36966511,FEM
36979937,36982899,NA
36979991,36982011,FEM
36983010,36983283,NA
36983473,36985672,NA
36983991,36985511,FEM
36986775,37000515,NA
36986993,36989502,FEM
36988993,36991490,MAL
36990511,36994779,FEM
36994992,36997511,FEM
36997872,36998733,FEM
36998993,36999143,FEM
36999258,37000363,FEM
37000937,37001492,NA
37002239,37002848,NA
37003510,37003625,NA
37004011,37004370,NA
37005512,37005993,NA
37006288,37007805,OCH
37006354,37008090,NA
37008296,37009020,OCH
37010010,37012577,NA
37010010,37012680,FEM
37014992,37015944,NA
37015010,37015515,FEM
37016408,37017024,NA
37025993,37037210,NA
37026305,37026992,CHI
37026350,37026853,OCH
37027301,37027503,OCH
37028011,37029050,OCH
37028278,37031634,CHI
37030606,37031468,OCH
37031492,37034992,FEM
37034331,37036493,OCH
37038992,37040973,NA
37039013,37040798,OCH
37039493,37039954,CHI
37045337,37054910,NA
37045475,37046860,OCH
37046012,37046496,CHI
37046948,37050492,FEM
37050775,37054791,OCH
37061251,37063511,NA
37065511,37065673,FEM
37065511,37066351,NA
37065801,37066214,FEM
37068428,37070612,NA
37068897,37070011,FEM
37070919,37075131,NA
37070929,37072510,OCH
37071987,37073104,CHI
37074011,37075108,FEM
37077586,37080510,OCH
37077991,37085698,NA
37079011,37079948,CHI
37080504,37082991,FEM
37080700,37082025,OCH
37082156,37082365,OCH
37084211,37085510,OCH
37084225,37085021,CHI
37089492,37091360,FEM
37089492,37091492,NA
37095330,37097814,NA
37095541,37097492,FEM
37116492,37118946,OCH
37116981,37119330,NA
37119489,37121492,NA
37119769,37121492,OCH
37120370,37120498,FEM
37124023,37124582,NA
37129971,37130546,NA
37129992,37130184,OCH
37130010,37130147,CHI
37131914,37135252,NA
37132040,37134737,OCH
37132182,37133513,CHI
37135621,37136169,NA
37136431,37141492,NA
37136492,37138841,CHI
37138510,37141011,FEM
37140574,37140733,OCH
37142010,37143544,NA
37142511,37143512,FEM
37150448,37152512,NA
37151389,37151511,FEM
37151993,37152427,FEM
37165492,37166628,NA
37165628,37166011,FEM
37167010,37169992,FEM
37167145,37170010,NA
37170532,37172243,NA
37170709,37170962,OCH
37170780,37172145,FEM
37172493,37174437,NA
37172577,37174302,FEM
37173458,37173615,MAL
37176011,37181465,NA
37176314,37181341,FEM
37182262,37200524,NA
37182436,37182549,MAL
37182491,37186015,FEM
37186084,37186654,CHI
37186531,37191011,FEM
37191012,37193018,CHI
37193496,37198510,FEM
37198909,37200492,FEM
37201245,37204993,FEM
37201263,37205840,NA
37204491,37205274,CHI
37206007,37206552,NA
37206093,37206511,CHI
37209902,37210952,CHI
37209930,37210861,NA
37215511,37220992,NA
37215992,37217075,CHI
37217848,37220796,CHI
37225511,37228493,NA
37225683,37225992,CHI
37225992,37228358,FEM
37230339,37231993,NA
37230708,37230856,MAL
37236486,37241992,NA
37236491,37240897,CHI
37236856,37237052,OCH
37237409,37237615,OCH
37240992,37242011,FEM
37253804,37256784,NA
37253871,37255361,FEM
37255511,37256132,OCH
37255525,37256011,CHI
37257000,37259143,NA
37257368,37257493,OCH
37258491,37259033,FEM
37260312,37262820,NA
37260341,37261190,FEM
37261510,37262570,OCH
37261752,37261855,CHI
37261991,37262350,CHI
37265893,37269492,NA
37266063,37268928,OCH
37266932,37268992,CHI
37270365,37271345,NA
37270466,37271332,OCH
37277511,37282091,NA
37277513,37278492,CHI
37277800,37281992,OCH
37280248,37281023,CHI
37283019,37284354,MAL
37283487,37288998,NA
37284776,37285478,CHI
37284784,37285435,OCH
37285998,37286330,MAL
37290640,37294194,NA
37291011,37293802,FEM
37294941,37305992,NA
37294992,37295512,FEM
37295993,37298166,OCH
37298510,37300692,FEM
37298524,37299040,OCH
37301011,37305937,CHI
37302512,37303511,FEM
37307299,37307518,NA
37307309,37307582,OCH
37308649,37309012,OCH
37312512,37313511,NA
37312734,37313510,OCH
37315451,37316040,NA
37315493,37315937,OCH
37315529,37315642,CHI
37317902,37320403,NA
37317993,37318492,FEM
37318008,37319992,OCH
37321506,37327478,NA
37321511,37324608,FEM
37323361,37324512,OCH
37324770,37326992,FEM
37328501,37329137,NA
37328710,37329012,FEM
37338992,37340398,NA
37339010,37340188,CHI
37343012,37343937,NA
37343050,37343895,FEM
37346992,37349015,CHI
37346992,37352991,NA
37348992,37350355,FEM
37350917,37352982,CHI
37353992,37358371,CHI
37353992,37359269,NA
37358830,37359053,CHI
37362155,37362992,NA
37362362,37362991,OCH
37365482,37366321,NA
37365589,37366254,OCH
37369340,37373738,NA
37369461,37370561,CHI
37369777,37370293,OCH
37371181,37371876,OCH
37372058,37373803,FEM
37375297,37377511,NA
37375314,37377511,FEM
37387425,37393328,NA
37387889,37390128,OCH
37387992,37388363,CHI
37388701,37390012,CHI
37389907,37393191,FEM
37395488,37398576,NA
37395520,37396722,CHI
37395527,37396992,OCH
37397012,37398578,FEM
37399170,37406168,NA
37399307,37406013,FEM
37402493,37403465,OCH
37406519,37416992,NA
37406666,37408011,OCH
37409011,37413510,FEM
37414143,37414710,OCH
37415010,37415391,FEM
37415512,37415711,FEM
37416286,37416833,FEM
37417179,37422289,NA
37417268,37422275,FEM
37418105,37418451,OCH
37419724,37420512,OCH
37427243,37428492,CHI
37427248,37435935,NA
37428747,37430867,CHI
37431232,37433228,CHI
37431271,37431492,FEM
37431492,37431840,OCH
37432063,37432512,OCH
37432614,37432759,OCH
37435249,37435722,OCH
37437294,37438492,NA
37437334,37438019,CHI
37439704,37441888,NA
37439746,37440492,MAL
37440510,37441698,CHI
37448636,37450091,NA
37490165,37491311,NA
37490703,37490899,OCH
37490756,37491011,FEM
37491776,37493511,NA
37491836,37493524,OCH
37491992,37492119,FEM
37495492,37496511,NA
37495513,37496348,CHI
37515992,37518110,NA
37516011,37517933,OCH
37516107,37516492,CHI
37516679,37517982,CHI
37531507,37533206,NA
37531510,37533010,CHI
37531991,37532356,OCH
37534256,37535511,NA
37534440,37535512,OCH
37583409,37584492,NA
37583492,37584268,CHI
37583551,37584309,OCH
37590257,37591011,NA
37590276,37591012,FEM
37595402,37596512,NA
37595475,37596175,CHI
37595585,37596041,OCH
37616896,37619010,NA
37616905,37618994,CHI
37637011,37638199,NA
37637104,37638157,CHI
37640992,37654512,NA
37641201,37646491,FEM
37646011,37649492,OCH
37648731,37654084,FEM
37650371,37651748,OCH
37655813,37665185,NA
37655992,37659402,OCH
37656004,37656492,FEM
37660194,37663513,FEM
37660992,37663511,OCH
37663972,37665010,FEM
37664070,37664440,MAL
37664678,37664810,MAL
37671492,37675606,NA
37671735,37671907,OCH
37672562,37673441,CHI
37673627,37675512,FEM
37677339,37677720,NA
37678976,37680095,FEM
37678976,37680161,NA
37685272,37686463,NA
37685404,37686011,CHI
37688450,37689692,NA
37688492,37689511,OCH
37693011,37694803,NA
37693212,37694493,FEM
37697204,37697336,NA
37697245,37697350,OCH
37697614,37699172,NA
37698058,37699011,FEM
37701258,37701992,NA
37701340,37701470,CHI
37702290,37714241,NA
37703011,37704992,FEM
37705530,37707494,OCH
37705542,37706630,CHI
37706737,37707496,CHI
37708306,37708465,OCH
37708937,37709923,FEM
37709213,37709493,OCH
37709516,37711492,CHI
37711492,37713654,OCH
37717974,37718816,NA
37718053,37718247,MAL
37719019,37719169,NA
37719682,37721586,NA
37722512,37725521,NA
37723080,37723264,OCH
37724489,37725510,CHI
37726017,37726992,NA
37726093,37726511,CHI
37729058,37731726,NA
37729108,37730441,CHI
37729511,37730743,OCH
37730991,37731875,OCH
37732674,37733005,OCH
37735144,37736011,OCH
37735237,37736310,NA
37736511,37736708,NA
37739598,37741512,NA
37739770,37741012,FEM
37740026,37741315,OCH
37753992,37755647,NA
37754044,37754935,OCH
37754098,37755011,CHI
37755818,37763493,NA
37755980,37757992,CHI
37759255,37762610,OCH
37761512,37762028,CHI
37762750,37763197,OCH
37763906,37765892,NA
37763942,37765888,OCH
37764384,37764511,FEM
37768714,37769505,OCH
37769687,37771655,OCH
37769775,37773175,NA
37772615,37774991,OCH
37773692,37774720,NA
37779784,37779992,NA
37793744,37810010,NA
37794085,37798010,OCH
37797470,37798221,CHI
37798907,37802059,FEM
37802012,37803559,OCH
37802170,37802492,FEM
37802730,37803635,CHI
37804701,37805492,FEM
37804793,37808119,OCH
37806991,37807285,CHI
37808382,37810010,OCH
37808723,37809319,FEM
37811458,37812511,OCH
37811467,37812495,NA
37813011,37813909,NA
37813090,37813694,OCH
37814609,37816011,NA
37814727,37815912,CHI
37814764,37815992,OCH
37818492,37819690,NA
37818510,37819610,FEM
37820464,37821338,NA
37820512,37821209,CHI
37820874,37820996,OCH
37826511,37838766,NA
37826610,37828173,CHI
37828055,37838492,FEM
37839511,37840277,OCH
37839511,37840297,NA
37840670,37841510,OCH
37840713,37842058,NA
37842339,37844511,NA
37842444,37843338,OCH
37843011,37843510,CHI
37844044,37844152,FEM
37851396,37855011,NA
37851492,37854980,FEM
37851744,37852053,OCH
37852658,37852798,OCH
37859511,37861516,OCH
37859518,37861583,NA
37861241,37861374,FEM
37862810,37866813,NA
37862848,37866496,FEM
37867190,37868039,NA
37868168,37868492,NA
37870230,37876784,NA
37870246,37872863,CHI
37871992,37872157,OCH
37872466,37875384,OCH
37874405,37874926,CHI
37875511,37876368,FEM
37877011,37877259,NA
37877507,37882624,NA
37877510,37881994,OCH
37881511,37882510,FEM
37885696,37887991,NA
37885700,37887992,CHI
37889336,37890727,NA
37889378,37890576,CHI
37889738,37890464,OCH
37891108,37896518,NA
37891248,37891992,OCH
37891299,37891512,CHI
37891511,37891867,FEM
37892185,37896011,OCH
37892220,37894010,CHI
37894870,37895894,FEM
37899065,37900992,NA
37899087,37900935,OCH
37901512,37903876,NA
37901584,37903189,FEM
37903224,37906773,OCH
37904669,37906598,NA
37908120,37918507,NA
37908211,37909564,FEM
37909129,37909510,CHI
37909304,37909468,OCH
37910010,37913134,CHI
37910012,37911993,OCH
37912080,37912544,FEM
37912511,37914610,OCH
37913511,37918206,CHI
37915467,37915654,OCH
37916755,37918010,OCH
37918697,37921382,NA
37918771,37920561,CHI
37920511,37921068,FEM
37921669,37931993,NA
37921910,37923010,CHI
37923884,37924589,FEM
37924991,37931591,OCH
37925015,37925930,CHI
37927511,37927926,CHI
37930867,37931773,CHI
37932798,37935061,NA
37932985,37935010,CHI
37934202,37934339,OCH
37937013,37939492,NA
37937084,37938485,FEM
37938331,37939175,CHI
37938491,37939104,OCH
37939992,37941242,OCH
37940010,37941087,NA
37941510,37941971,NA
37941617,37941841,OCH
37952511,37957511,CHI
37952511,37957678,NA
37961045,37966492,NA
37961318,37963275,CHI
37963578,37964511,FEM
37964842,37965006,CHI
37973011,37973119,NA
37973492,37975492,NA
37973887,37975197,CHI
37974012,37975067,OCH
37976730,37977783,NA
37976992,37977429,OCH
37978764,37984493,NA
37978991,37984158,CHI
37979035,37979401,OCH
37983254,37984378,FEM
37984803,38008011,NA
37984856,37985539,CHI
37985606,37993213,FEM
37992998,37997569,CHI
37993003,37994517,OCH
37997492,37998992,FEM
37999164,38000769,CHI
37999511,38003303,OCH
38002993,38004492,CHI
38004010,38007510,FEM
38011898,38013511,FEM
38011915,38016993,NA
38013867,38016562,OCH
38013874,38014632,CHI
38014829,38016493,FEM
38021149,38021966,NA
38022556,38023012,OCH
38022558,38023012,NA
38027332,38031993,NA
38027333,38029095,OCH
38027708,38027921,FEM
38028315,38028992,FEM
38029512,38031120,CHI
38029767,38030309,FEM
38032443,38040658,NA
38032991,38034010,OCH
38033105,38034286,FEM
38034492,38037111,FEM
38037335,38037991,FEM
38040469,38040656,OCH
38041361,38042492,OCH
38041522,38042011,NA
38044510,38056257,NA
38045492,38056074,FEM
38050493,38051522,MAL
38056409,38058512,NA
38056544,38058539,OCH
38056552,38057510,FEM
38062511,38067739,NA
38062676,38063349,FEM
38063984,38066490,OCH
38064671,38064840,FEM
38065484,38067511,FEM
38075501,38079414,NA
38075547,38077049,CHI
38077484,38078554,OCH
38077493,38078787,CHI
38079951,38082011,NA
38079992,38081069,CHI
38080079,38083009,OCH
38082258,38082493,NA
38091011,38093510,NA
38091492,38092639,OCH
38091492,38092992,CHI
38092805,38092962,OCH
38096624,38099992,NA
38097680,38097992,FEM
38098510,38099622,OCH
38098991,38099620,CHI
38099729,38099851,OCH
38100512,38101747,NA
38100861,38101612,CHI
38108011,38110274,NA
38108347,38110278,FEM
38116732,38120492,NA
38116830,38117993,CHI
38118317,38120492,OCH
38120745,38121001,NA
38120839,38120993,OCH
38121521,38122191,NA
38123241,38123948,NA
38123512,38123870,OCH
38125510,38126710,OCH
38125510,38126809,NA
38131982,38135926,NA
38131992,38134042,OCH
38132345,38132868,CHI
38134447,38135249,CHI
38134463,38134593,OCH
38134565,38134791,FEM
38134992,38135510,FEM
38138011,38148652,NA
38138219,38140555,CHI
38138492,38138838,OCH
38141302,38143631,FEM
38142011,38142546,OCH
38143664,38144302,CHI
38144993,38147210,CHI
38146412,38148493,OCH
38151950,38155244,NA
38152002,38153779,CHI
38154063,38155011,OCH
38155492,38156962,NA
38155642,38156511,OCH
38155828,38156511,CHI
38157931,38158493,NA
38160097,38161010,NA
38160104,38161010,FEM
38172902,38175744,NA
38173012,38174455,FEM
38173035,38173136,OCH
38173152,38173493,CHI
38173373,38173673,OCH
38176637,38178011,NA
38176918,38177713,OCH
38177197,38177678,FEM
38180511,38180827,NA
38186993,38188512,NA
38187291,38187880,CHI
38188743,38189050,NA
38190788,38192319,NA
38190992,38192072,FEM
38191390,38192011,OCH
38192644,38198459,NA
38192742,38193992,FEM
38196156,38198277,OCH
38196606,38196955,CHI
38197254,38197716,CHI
38201426,38202992,OCH
38201510,38209510,NA
38202511,38203010,FEM
38203802,38204492,CHI
38204003,38205421,OCH
38206985,38209511,FEM
38217990,38218570,NA
38219003,38220512,NA
38219194,38219385,FEM
38219492,38220354,FEM
38219703,38220267,OCH
38223993,38225718,FEM
38223993,38225831,NA
38226647,38229607,NA
38226703,38227660,OCH
38226875,38227012,CHI
38229808,38238085,NA
38229928,38231011,CHI
38229992,38232032,OCH
38231732,38231946,FEM
38232484,38234669,CHI
38232604,38233011,OCH
38234012,38235100,OCH
38235011,38238015,FEM
38235270,38236011,OCH
38239153,38244992,FEM
38239204,38253011,NA
38246170,38248511,FEM
38248991,38250510,CHI
38249133,38250464,OCH
38250623,38252010,OCH
38252024,38252861,CHI
38252206,38252365,OCH
38259066,38261493,NA
38259287,38261493,FEM
38264312,38272505,NA
38264324,38265924,FEM
38265991,38268502,OCH
38266160,38268409,CHI
38268566,38270586,FEM
38271012,38272492,FEM
38273511,38275141,FEM
38273511,38275220,NA
38275802,38276739,NA
38275991,38276492,FEM
38278486,38279115,OCH
38278489,38287620,NA
38279255,38280149,FEM
38280573,38282504,OCH
38282034,38282560,FEM
38283361,38287372,FEM
38287991,38295926,NA
38288120,38295493,FEM
38293072,38293212,OCH
38296409,38297011,OCH
38296668,38296901,NA
38299620,38299726,NA
38299770,38300011,FEM
38299843,38299993,NA
38310492,38313276,NA
38310511,38312511,FEM
38312011,38312212,OCH
38312433,38313111,OCH
38313780,38315511,NA
38314077,38315483,OCH
38316512,38317511,NA
38335133,38335646,NA
38344811,38346315,NA
38344857,38345459,OCH
38357488,38361492,NA
38357493,38361011,FEM
38361681,38361992,NA
38362201,38374656,NA
38362511,38364998,FEM
38365191,38374493,FEM
38376698,38378991,NA
38376951,38378098,FEM
38380060,38382853,NA
38381011,38381899,OCH
38381578,38381735,FEM
38382010,38382742,FEM
38387790,38389052,NA
38387874,38388895,CHI
38392853,38401012,NA
38392918,38393510,CHI
38393492,38394879,FEM
38394071,38394871,OCH
38394184,38394493,CHI
38395492,38397677,CHI
38398199,38400011,CHI
38398511,38400492,OCH
38399856,38400911,FEM
38402492,38403960,FEM
38402492,38404011,NA
38409010,38411285,FEM
38409010,38411366,NA
38429269,38439542,NA
38429966,38430511,CHI
38430356,38431450,FEM
38431582,38432510,OCH
38431832,38431992,CHI
38432163,38433194,FEM
38433511,38436491,CHI
38436285,38438011,FEM
38438221,38438992,FEM
38441156,38441844,OCH
38441360,38441981,NA
38442862,38443523,OCH
38442992,38443615,NA
38443992,38454011,NA
38444628,38445511,OCH
38445011,38450492,FEM
38451515,38453992,FEM
38456011,38458502,OCH
38456205,38462005,NA
38458010,38458390,CHI
38458665,38461783,FEM
38460975,38461510,MAL
38462344,38466623,NA
38462540,38463512,OCH
38463351,38463491,CHI
38464111,38466301,FEM
38467805,38469012,OCH
38467811,38476346,NA
38469765,38470540,FEM
38470670,38472493,OCH
38470721,38470993,FEM
38472476,38474493,FEM
38475118,38475569,FEM
38476466,38477391,NA
38477732,38478491,NA
38485587,38493608,NA
38485792,38486597,CHI
38485859,38489047,OCH
38487143,38489003,CHI
38489197,38489459,OCH
38489511,38490976,FEM
38491342,38492478,CHI
38492012,38492272,OCH
38492386,38494011,OCH
38495512,38499980,NA
38495611,38496423,CHI
38496441,38499860,OCH
38496760,38496865,CHI
38498492,38499380,CHI
38506511,38508011,NA
38506776,38507993,FEM
38509012,38513516,NA
38509241,38510286,FEM
38510210,38510512,CHI
38510390,38512010,FEM
38512549,38512716,CHI
38513954,38514322,OCH
38513976,38514233,NA
38514670,38515993,NA
38514840,38515513,OCH
38515011,38515510,CHI
38517010,38518298,OCH
38517130,38518151,NA
38518991,38519546,OCH
38519012,38522993,NA
38520524,38521898,CHI
38520824,38521983,OCH
38526335,38528991,NA
38526465,38527651,OCH
38526902,38527489,CHI
38527993,38528933,OCH
38529923,38536037,NA
38530510,38535011,OCH
38534493,38535011,CHI
38537011,38538012,NA
38537173,38537375,CHI
38539511,38542155,NA
38539773,38540011,CHI
38540175,38541493,CHI
38542746,38544899,OCH
38543219,38543941,NA
38545205,38546088,NA
38545261,38545825,OCH
38545511,38545621,CHI
38550551,38551908,OCH
38550742,38558147,NA
38553104,38554992,CHI
38553992,38556511,OCH
38555134,38555492,CHI
38556835,38556968,OCH
38557117,38557444,OCH
38557510,38557613,CHI
38559886,38562491,OCH
38559947,38563098,NA
38561864,38561992,CHI
38562200,38562794,CHI
38564728,38567992,NA
38565804,38566511,CHI
38565857,38566026,OCH
38566135,38566493,OCH
38568486,38571572,NA
38568781,38568899,OCH
38570393,38571421,OCH
38571139,38571252,CHI
38574011,38577472,NA
38574050,38577411,FEM
38602226,38603569,NA
38602487,38603511,CHI
38602619,38602727,OCH
38602860,38603010,OCH
38605955,38607511,NA
38605957,38607493,CHI
38611011,38612550,NA
38611343,38612511,CHI
38613436,38617012,NA
38613476,38615010,CHI
38614296,38614927,OCH
38615947,38616870,CHI
38616492,38616620,OCH
38620727,38623883,NA
38620992,38621510,FEM
38621730,38621900,FEM
38622857,38623569,CHI
38624698,38627241,NA
38624747,38626416,CHI
38625535,38626046,OCH
38628011,38629844,NA
38628144,38629686,CHI
38630415,38630780,NA
38633993,38635512,NA
38634281,38635401,OCH
38634673,38635434,CHI
38638991,38642010,NA
38639295,38641492,CHI
38644506,38645866,NA
38644511,38645750,CHI
38648252,38648812,NA
38655129,38658511,NA
38655492,38656493,CHI
38655701,38656287,OCH
38656791,38658202,CHI
38657549,38657762,OCH
38657873,38657984,OCH
38662017,38662704,NA
38662120,38663097,MAL
38675426,38682519,NA
38675492,38677510,OCH
38676474,38682510,CHI
38679525,38679982,OCH
38688003,38693233,NA
38688207,38690517,FEM
38690492,38691344,OCH
38690501,38693127,CHI
38691446,38691552,OCH
38691511,38691926,FEM
38698442,38702492,NA
38698464,38702474,OCH
38698511,38700536,CHI
38700833,38701420,CHI
38709029,38710354,NA
38709090,38709492,OCH
38710671,38712703,NA
38710992,38712388,CHI
38711010,38712443,OCH
38713991,38720012,NA
38714045,38714696,FEM
38715347,38718992,FEM
38718977,38719510,OCH
38753011,38758011,NA
38753358,38757511,CHI
38767992,38769317,NA
38768014,38769021,CHI
38768713,38768894,OCH
38772560,38774992,NA
38772761,38773492,CHI
38772805,38773467,OCH
38773986,38774511,OCH
38774273,38774442,FEM
38775426,38776492,NA
38779562,38779738,NA
38779597,38779742,OCH
38793011,38796609,NA
38793074,38796511,CHI
38818776,38821063,NA
38818805,38819716,CHI
38819993,38821012,CHI
38827492,38828992,NA
38827578,38828511,CHI
38827689,38827826,OCH
38828334,38828704,OCH
38829237,38829623,NA
38832942,38833995,NA
38833082,38833511,OCH
38833140,38833386,CHI
38834255,38835441,NA
38834672,38835144,OCH
38835099,38835323,CHI
38838396,38840090,OCH
38838445,38843011,NA
38839524,38840045,FEM
38841112,38841345,MAL
38842011,38842738,CHI
38853840,38854377,NA
38853857,38854296,FEM
38885540,38886875,NA
38885648,38886895,FEM
38894243,38896433,NA
38894401,38895127,CHI
38894428,38896509,OCH
38898784,38898929,NA
38910228,38911011,NA
38910491,38910992,FEM
38911970,38912142,NA
38918985,38919815,NA
38918991,38919492,FEM
38929921,38935802,NA
38929996,38933992,OCH
38930001,38931142,FEM
38931263,38931511,FEM
38934285,38935539,OCH
38934400,38934864,FEM
38936779,38938553,NA
38936935,38938182,OCH
38937491,38938063,FEM
38940688,38943012,OCH
38940829,38943119,NA
38943776,38945511,OCH
38943874,38945968,NA
38949491,38950827,FEM
38949491,38950991,NA
38951798,38952557,NA
38951886,38952510,OCH
38957011,38959684,NA
38957510,38958011,OCH
38957726,38957950,FEM
38958337,38959512,CHI
38958386,38959431,OCH
38962510,38966395,NA
38962991,38964987,FEM
38965193,38965428,FEM
38966511,38971688,NA
38966852,38967729,FEM
38968322,38968992,FEM
38969492,38971561,CHI
38978012,38981492,NA
38978135,38980828,CHI
38981733,38982651,NA
38983012,38983152,NA
38983459,38985011,NA
38983493,38984993,CHI
38986476,38988358,NA
38986547,38987492,CHI
38986593,38987577,OCH
38987536,38988086,FEM
38987737,38987978,OCH
38990670,38992511,NA
38990992,38992492,FEM
38997011,38998604,FEM
38997011,38998651,NA
39003992,39005992,NA
39004092,39007092,OCH
39004175,39005012,CHI
39006313,39007192,NA
39008866,39010035,NA
39008881,39009991,FEM
39011492,39014185,NA
39011983,39012499,FEM
39012035,39012435,OCH
39013513,39014293,OCH
39016492,39017511,NA
39016519,39017012,FEM
39016598,39016983,OCH
39019512,39021961,NA
39019992,39020611,FEM
39020093,39021321,OCH
39023492,39029083,NA
39023952,39025309,CHI
39025133,39025371,MAL
39025820,39025972,MAL
39026146,39028510,CHI
39027233,39027672,OCH
39027992,39028863,OCH
39034065,39035040,NA
39034234,39034808,FEM
39039572,39040998,NA
39039982,39040941,CHI
39050196,39050520,OCH
39050655,39051409,OCH
39050669,39051511,NA
39055736,39056676,NA
39055799,39056511,OCH
39057491,39062511,NA
39057560,39062511,FEM
39058241,39059210,OCH
39060191,39060412,OCH
39067464,39068497,NA
39067638,39067884,OCH
39072267,39073129,OCH
39074493,39075647,CHI
39074493,39075811,NA
39080828,39083344,NA
39080858,39082993,OCH
39081052,39081351,CHI
39082114,39083251,CHI
39084567,39086600,NA
39084707,39086450,CHI
39085492,39086015,OCH
39088150,39088408,NA
39089528,39090991,NA
39089589,39090797,CHI
39095732,39098523,NA
39095784,39098379,CHI
39096496,39098511,OCH
39099512,39101993,NA
39099633,39101606,CHI
39099768,39099925,OCH
39100511,39101512,OCH
39102163,39102372,NA
39102510,39126348,NA
39102512,39103992,CHI
39104628,39107460,CHI
39107492,39109492,FEM
39109397,39111010,CHI
39109414,39112492,OCH
39111491,39122046,FEM
39114178,39114446,CHI
39122536,39123923,FEM
39124085,39125511,CHI
39126463,39134511,NA
39126512,39128272,CHI
39128867,39134491,CHI
39137511,39146553,NA
39137619,39137766,FEM
39137992,39143024,FEM
39143409,39144688,FEM
39145493,39146381,CHI
39147148,39155781,NA
39147209,39148144,FEM
39148898,39151795,CHI
39152012,39155611,CHI
39154799,39155511,OCH
39179928,39180993,NA
39179992,39180512,CHI
39179992,39180694,OCH
39200510,39205292,NA
39200907,39203011,CHI
39203126,39203296,CHI
39203445,39205121,CHI
39207491,39209659,NA
39207621,39209611,CHI
39211260,39212721,FEM
39211280,39212728,NA
39213970,39214243,NA
39215087,39215585,OCH
39215170,39215653,NA
39217826,39218801,NA
39221493,39224011,NA
39221903,39223584,CHI
39224947,39225975,NA
39225053,39225492,FEM
39229993,39231512,NA
39230035,39231046,CHI
39230085,39231281,OCH
39233818,39238649,NA
39233992,39234491,CHI
39234011,39235850,OCH
39236046,39236223,CHI
39236493,39238493,CHI
39240842,39241493,NA
39240882,39241366,OCH
39248493,39249934,NA
39248570,39249481,OCH
39255011,39256511,NA
39255072,39256491,CHI
39260754,39262767,NA
39260992,39262732,OCH
39261491,39261793,CHI
39265533,39265687,NA
39265933,39274603,NA
39266206,39267011,OCH
39266512,39267626,FEM
39267492,39268992,CHI
39268511,39270511,OCH
39271055,39273134,FEM
39275511,39275747,NA
39275599,39275781,FEM
39277086,39277493,NA
39279119,39280820,OCH
39279232,39280921,NA
39281470,39281963,NA
39281517,39281809,FEM
39291303,39293492,NA
39294323,39295040,NA
39296617,39296882,NA
39298191,39300204,NA
39298382,39300226,FEM
39304502,39306492,NA
39304646,39306492,FEM
39309476,39311550,NA
39309492,39310992,CHI
39310517,39310618,MAL
39312309,39320993,NA
39312405,39320848,FEM
39315031,39315369,MAL
39321492,39327010,NA
39321794,39322010,FEM
39322223,39322493,FEM
39322500,39323501,CHI
39323195,39323617,OCH
39324656,39325510,OCH
39324761,39325429,CHI
39325492,39326272,FEM
39326413,39327010,OCH
39329952,39331493,NA
39330058,39331011,CHI
39335492,39348061,NA
39335649,39336992,OCH
39335795,39335992,FEM
39337010,39340749,CHI
39341012,39343493,CHI
39343656,39344756,CHI
39343676,39344739,OCH
39344965,39345510,FEM
39346538,39351577,OCH
39348423,39360654,NA
39352510,39353943,OCH
39353011,39353288,FEM
39353492,39353828,FEM
39354694,39360492,CHI
39354712,39356492,OCH
39361496,39369552,NA
39361513,39365011,OCH
39361769,39362404,CHI
39363263,39363493,FEM
39363843,39363992,FEM
39364567,39364751,CHI
39365376,39366481,CHI
39365401,39366437,OCH
39367141,39368351,CHI
39368012,39369406,FEM
39369782,39384985,NA
39369993,39370354,OCH
39370091,39373655,CHI
39373131,39373911,OCH
39375408,39375980,CHI
39376010,39377011,FEM
39377208,39378992,CHI
39377733,39379304,OCH
39378992,39379598,FEM
39379448,39381512,OCH
39379876,39384510,CHI
39384011,39384357,OCH
39385319,39386512,NA
39385425,39386471,FEM
39385585,39386010,OCH
39388493,39389011,FEM
39388553,39388951,NA
39392700,39396016,NA
39392992,39395511,OCH
39393589,39393866,CHI
39394978,39395395,CHI
39396551,39397024,NA
39401492,39403652,NA
39401512,39402992,CHI
39407497,39409991,NA
39407669,39409991,FEM
39421510,39422669,NA
39421782,39421905,FEM
39422791,39422960,NA
39423790,39425992,NA
39424322,39424918,CHI
39428512,39429992,NA
39428628,39429511,CHI
39430667,39436891,NA
39431516,39432512,CHI
39431627,39431878,OCH
39432012,39432269,OCH
39432992,39433125,OCH
39433397,39433993,OCH
39433569,39436011,CHI
39434241,39437012,OCH
39438510,39440520,NA
39438971,39440010,CHI
39439038,39439402,OCH
39439899,39440010,OCH
39440655,39440993,NA
39442737,39442953,NA
39446048,39447314,OCH
39446107,39448311,NA
39450024,39451322,NA
39452014,39454512,NA
39452106,39454492,FEM
39457992,39458159,NA
39460333,39464012,NA
39460492,39462934,CHI
39461992,39462154,OCH
39462491,39463325,OCH
39463011,39463625,FEM
39464665,39470419,NA
39466492,39467991,FEM
39468571,39469703,OCH
39469157,39469764,CHI
39469699,39470011,MAL
39469923,39471992,OCH
39470632,39472461,NA
39472859,39481992,NA
39473008,39478418,OCH
39473033,39473305,CHI
39473711,39473831,CHI
39475011,39478211,FEM
39478946,39481913,OCH
39481012,39481670,FEM
39482237,39486532,NA
39482503,39486472,OCH
39492492,39494428,NA
39492510,39494417,OCH
39495492,39501795,OCH
39495492,39504054,NA
39496260,39496511,CHI
39496712,39497643,CHI
39498003,39499515,CHI
39501012,39501161,CHI
39501311,39503213,CHI
39508665,39509298,OCH
39509991,39527566,NA
39511658,39512778,OCH
39512011,39512654,CHI
39513491,39518739,CHI
39513616,39514396,OCH
39514559,39515006,OCH
39517674,39519864,OCH
39519136,39519492,CHI
39520060,39525931,OCH
39525368,39525849,CHI
39528243,39532138,NA
39528422,39529909,OCH
39528493,39530027,CHI
39530428,39531899,OCH
39530525,39530992,CHI
39533009,39534963,OCH
39533010,39545511,NA
39534011,39536993,CHI
39535965,39536861,OCH
39537511,39538790,OCH
39537789,39538582,CHI
39538788,39540081,MAL
39538965,39539510,OCH
39540077,39541319,OCH
39541492,39542493,MAL
39542324,39545333,OCH
39542383,39543993,CHI
39545012,39545137,CHI
39552106,39553993,CHI
39552123,39554011,NA
39565992,39566998,NA
39569362,39575010,NA
39569403,39570378,OCH
39569504,39571477,CHI
39571931,39573011,CHI
39572049,39575002,OCH
39577013,39577914,MAL
39577057,39577305,NA
39577484,39577737,NA
39578124,39578293,MAL
39592913,39594511,NA
39592992,39594011,FEM
39597010,39600134,NA
39597491,39599951,CHI
39598595,39599069,FEM
39599288,39599963,FEM
39603188,39603488,OCH
39609837,39611143,NA
39609856,39610992,CHI
39612289,39619383,NA
39612441,39619314,CHI
39623869,39628494,OCH
39623992,39625264,NA
39625492,39629491,NA
39626314,39626483,CHI
39626633,39628828,CHI
39628820,39629267,OCH
39636488,39637306,OCH
39636491,39637237,NA
39645464,39646104,NA
39645492,39645991,OCH
39654792,39657011,NA
39654797,39656992,FEM
39657988,39658847,NA
39657992,39658760,OCH
39659708,39661512,NA
39659780,39661491,CHI
39680204,39686227,NA
39680268,39681993,CHI
39681800,39681928,OCH
39682231,39682675,OCH
39682511,39682741,CHI
39683564,39686011,CHI
39683643,39684998,OCH
39686865,39687807,NA
39686990,39687511,CHI
39696104,39696214,NA
39696355,39696615,NA
39703660,39703829,OCH
39708833,39709511,OCH
39709011,39709597,NA
39710120,39710992,NA
39710211,39710326,OCH
39716992,39717993,OCH
39717214,39717511,NA
39719992,39720491,NA
39721492,39723714,NA
39721511,39723492,FEM
39724125,39726992,NA
39724172,39726207,FEM
39742743,39744228,NA
39743062,39743286,MAL
39744511,39747511,NA
39744687,39745364,OCH
39744992,39747079,CHI
39751977,39753511,NA
39752017,39753126,CHI
39752156,39753013,OCH
39772510,39774061,NA
39772716,39774010,CHI
39799998,39801010,NA
39800325,39800995,FEM
39803100,39804992,NA
39803511,39803779,FEM
39806998,39815243,NA
39807992,39809011,FEM
39809492,39811456,OCH
39810012,39815169,CHI
39819295,39820736,NA
39819458,39820676,FEM
39824765,39827011,NA
39824798,39826762,CHI
39841087,39843011,NA
39841195,39842920,CHI
39848087,39849783,NA
39848181,39848426,OCH
39848669,39848919,OCH
39848677,39849511,CHI
39849067,39849183,OCH
39864299,39864616,NA
39865886,39865992,NA
39866511,39866654,NA
39866975,39870811,NA
39867221,39869106,CHI
39867512,39867642,OCH
39867932,39868539,OCH
39868725,39869248,OCH
39869653,39870492,CHI
39870473,39870618,FEM
39871459,39874512,NA
39871546,39871851,CHI
39872491,39873428,CHI
39873362,39874511,FEM
39898907,39901511,NA
39898943,39900492,CHI
39900703,39901012,CHI
39905787,39907491,NA
39905858,39907416,CHI
39923992,39925302,OCH
39924510,39925139,NA
39925529,39926010,OCH
39925529,39926012,NA
39927197,39930228,NA
39927303,39929011,CHI
39927364,39929249,OCH
39929011,39930197,FEM
39931427,39932220,MAL
39933493,39934011,FEM
39933493,39936492,NA
39934526,39935847,CHI
39936841,39937435,NA
39936988,39937341,CHI
39938059,39938796,NA
39938476,39938724,CHI
39940086,39940888,NA
39940234,39940857,CHI
39943852,39945892,NA
39943932,39944776,FEM
39944934,39945903,CHI
39947987,39950012,NA
39947992,39949956,FEM
39948992,39949679,OCH
39951161,39954239,NA
39951218,39951636,CHI
39951492,39951777,OCH
39951993,39953024,FEM
39952249,39953992,OCH
39953512,39954011,CHI
39963054,39965222,NA
39963289,39965145,OCH
39963993,39964175,CHI
39964362,39965064,CHI
39967369,39968010,FEM
39967371,39968127,NA
39971998,39973049,NA
39972002,39973053,FEM
39975491,39983522,NA
39975992,39976454,OCH
39976208,39981579,FEM
39981855,39983499,FEM
39982397,39982610,MAL
39984992,39986511,FEM
39984992,39986518,NA
39990011,39994518,NA
39990039,39994511,FEM
39990993,39991926,OCH
39996011,40001700,FEM
39996011,40004889,NA
40002491,40004418,CHI
40002756,40002881,OCH
40005858,40016751,NA
40005993,40007748,CHI
40008074,40013992,FEM
40008095,40009489,MAL
40011545,40011665,CHI
40013492,40014002,OCH
40013992,40015492,CHI
40017588,40021992,NA
40017682,40021511,FEM
40023415,40024502,NA
40023469,40024436,CHI
40023629,40023784,OCH
40023929,40024059,OCH
40027011,40028526,NA
40027341,40028257,OCH
40028011,40028494,FEM
40032375,40035492,NA
40032384,40035011,CHI
40044269,40047327,NA
40044404,40045492,CHI
40044610,40045074,OCH
40046010,40047087,CHI
40046068,40046993,FEM
40053511,40055511,FEM
40053511,40055511,NA
40075511,40076512,NA
40076110,40076329,FEM
40079651,40080731,CHI
40079705,40081332,NA
40080827,40081259,OCH
40080832,40080992,CHI
40082097,40086010,NA
40082212,40086011,FEM
40082280,40083512,OCH
40089872,40090512,NA
40090012,40090214,FEM
40092427,40095011,NA
40092492,40094696,CHI
40092511,40093010,OCH
40093481,40094011,OCH
40101036,40102391,NA
40101038,40101510,OCH
40101828,40102297,OCH
40102086,40102307,CHI
40105493,40113657,NA
40105684,40106479,OCH
40107255,40109803,CHI
40110059,40113259,FEM
40111991,40112204,MAL
40115348,40118011,NA
40115356,40118010,FEM
40119951,40120991,FEM
40119968,40121011,NA
40122493,40124619,FEM
40122493,40124734,NA
40125682,40136897,NA
40125721,40128023,OCH
40125772,40126511,CHI
40126732,40127557,CHI
40128077,40129354,CHI
40130353,40133188,FEM
40133168,40134012,CHI
40134908,40136882,FEM
40137971,40138823,NA
40137992,40138510,CHI
40139234,40140074,NA
40139265,40140011,FEM
40141744,40141881,OCH
40141911,40147993,NA
40142015,40142491,OCH
40142717,40144492,CHI
40143511,40147492,OCH
40146511,40147854,CHI
40150878,40152940,NA
40151135,40152762,FEM
40151185,40152010,CHI
40153148,40155553,NA
40153215,40154010,CHI
40154317,40154911,CHI
40154511,40155535,FEM
40156368,40157365,NA
40156493,40157247,CHI
40157735,40160138,NA
40157993,40159981,FEM
40158124,40158492,CHI
40161012,40162993,NA
40161130,40162836,CHI
40165492,40173180,NA
40165507,40166982,CHI
40166751,40167703,FEM
40167829,40168445,OCH
40168011,40168396,CHI
40169859,40173187,CHI
40173820,40175266,CHI
40173832,40175349,NA
40212680,40215760,NA
40212838,40213572,OCH
40213106,40214491,CHI
40214492,40215511,FEM
40217307,40225372,NA
40217347,40219011,CHI
40218491,40220524,OCH
40220012,40221151,CHI
40220781,40220951,OCH
40220992,40221993,FEM
40222084,40224983,OCH
40222119,40224962,CHI
40225540,40229992,NA
40226009,40229802,OCH
40226716,40227006,FEM
40227600,40229714,CHI
40230513,40233783,NA
40230621,40233402,OCH
40231510,40232003,CHI
40232511,40232634,CHI
40232992,40233464,CHI
40234801,40236323,NA
40234855,40236288,CHI
40236888,40259477,NA
40236917,40238653,CHI
40238993,40242511,FEM
40243512,40247722,CHI
40244626,40244786,OCH
40245225,40246511,OCH
40247992,40251959,FEM
40252044,40253011,CHI
40252106,40252270,OCH
40252511,40253993,OCH
40253510,40254511,FEM
40254511,40257849,CHI
40257950,40258510,FEM
40258492,40258956,OCH
40261992,40263404,FEM
40261992,40266877,NA
40263573,40265471,CHI
40264531,40264661,OCH
40264960,40265434,OCH
40265512,40266344,FEM
40267231,40268503,NA
40267317,40268492,CHI
40269131,40272884,NA
40269207,40270037,FEM
40270157,40271321,CHI
40270213,40272918,OCH
40275011,40276493,NA
40275487,40276012,CHI
40275665,40276011,OCH
40279506,40280922,NA
40279555,40280652,OCH
40283511,40285492,NA
40283953,40284493,CHI
40283992,40284654,OCH
40284896,40285024,OCH
40287886,40288126,NA
40288438,40295492,NA
40289511,40292557,FEM
40293442,40294657,CHI
40296992,40298492,NA
40297026,40298440,OCH
40297237,40297492,CHI
40298816,40301011,OCH
40298931,40315992,NA
40301160,40301492,OCH
40301493,40302708,FEM
40303492,40304501,CHI
40304512,40311014,OCH
40306520,40308550,CHI
40308614,40309491,FEM
40309326,40309993,CHI
40310605,40312544,FEM
40312618,40313992,CHI
40312814,40313143,OCH
40313280,40313386,OCH
40313509,40314511,OCH
40314470,40315511,FEM
40318398,40323493,NA
40318493,40319011,OCH
40319974,40322011,FEM
40322492,40323992,OCH
40324853,40334511,NA
40324969,40326866,CHI
40326491,40330718,FEM
40330972,40333512,FEM
40339743,40340521,NA
40339779,40340503,CHI
40342511,40343993,NA
40342639,40343759,OCH
40342983,40343806,CHI
40347845,40355260,NA
40347992,40348993,CHI
40347998,40348951,OCH
40349119,40350104,OCH
40349148,40351068,CHI
40351009,40351844,FEM
40351959,40353992,FEM
40353010,40354768,CHI
40355675,40356011,NA
40365010,40367511,NA
40365493,40367444,CHI
40377752,40381945,NA
40377899,40379391,CHI
40378993,40379250,OCH
40379624,40381674,CHI
40385270,40386569,CHI
40385291,40386567,NA
40388686,40389223,NA
40388755,40389141,CHI
40390010,40391888,CHI
40390010,40391991,NA
40392493,40394336,NA
40392587,40394183,OCH
40393100,40394011,CHI
40416766,40418492,NA
40416811,40417503,FEM
40417010,40418510,OCH
40421887,40425016,NA
40421946,40423492,CHI
40423011,40424663,OCH
40424214,40424324,FEM
40426493,40435391,NA
40427492,40429358,FEM
40429493,40431012,CHI
40432161,40435207,FEM
40437031,40442277,NA
40437114,40438636,CHI
40439512,40442050,FEM
40442893,40444250,NA
40443011,40444079,FEM
40445992,40452492,NA
40446062,40447991,CHI
40446511,40446783,OCH
40446992,40448010,OCH
40449491,40449695,FEM
40450163,40452293,CHI
40451511,40451946,FEM
40453003,40455011,NA
40453383,40454436,FEM
40453781,40454512,CHI
40455539,40455991,NA
40457192,40457511,NA
40460992,40462470,NA
40461010,40462011,FEM
40477254,40478493,NA
40477303,40478113,OCH
40502946,40505347,NA
40502992,40504430,CHI
40504011,40505182,OCH
40512577,40513809,OCH
40528931,40531175,NA
40528991,40531097,CHI
40546057,40546462,NA
40547795,40551710,NA
40547883,40551543,CHI
40548011,40548124,OCH
40548463,40548649,OCH
40549025,40549410,OCH
40552318,40553197,NA
40552378,40553190,FEM
40554422,40555011,OCH
40554432,40555011,NA
40562512,40562868,OCH
40562562,40562852,NA
40573992,40577613,FEM
40573992,40582492,NA
40577875,40577993,FEM
40578511,40582379,FEM
40590725,40597728,NA
40590833,40592394,CHI
40593044,40594060,CHI
40593496,40594002,OCH
40594865,40595641,CHI
40594905,40595101,OCH
40596010,40597711,FEM
40616441,40618493,FEM
40616492,40618493,NA
40619492,40621245,FEM
40619492,40621581,NA
40621984,40624649,NA
40622011,40623010,CHI
40623491,40624512,FEM
40626055,40626300,NA
40627749,40628492,NA
40627803,40628411,CHI
40635493,40636624,NA
40635511,40636517,FEM
40643007,40648896,NA
40643066,40643714,FEM
40644266,40645010,CHI
40644332,40646011,OCH
40644715,40648703,FEM
40647540,40647992,CHI
40649011,40655511,NA
40649276,40651841,CHI
40652386,40654492,CHI
40653510,40653947,OCH
40654209,40654444,OCH
40654567,40655512,FEM
40657493,40659013,FEM
40657493,40662493,NA
40659368,40660318,FEM
40659447,40659704,OCH
40659761,40660311,CHI
40659906,40660011,OCH
40661011,40662285,CHI
40663163,40666114,NA
40663176,40664617,OCH
40663510,40663864,FEM
40663991,40666041,FEM
40666637,40669278,NA
40666722,40669198,FEM
40669729,40678021,NA
40669871,40671542,OCH
40670637,40673092,FEM
40672668,40675977,CHI
40674493,40677114,OCH
40676070,40676510,FEM
40677215,40677850,CHI
40677263,40677700,OCH
40678143,40683492,NA
40678192,40679493,CHI
40678821,40679979,OCH
40680048,40682861,FEM
40682010,40684163,OCH
40685490,40689677,NA
40685610,40688693,FEM
40689888,40693705,NA
40690264,40690419,CHI
40691283,40691528,CHI
40691303,40691625,OCH
40691913,40692598,OCH
40693079,40693334,OCH
40698668,40700011,OCH
40698740,40703492,NA
40700141,40701562,FEM
40701931,40703904,OCH
40704010,40705061,NA
40704010,40705213,OCH
40706985,40711518,NA
40707770,40708248,OCH
40707794,40710555,FEM
40710583,40712271,OCH
40711776,40715510,NA
40713492,40715267,FEM
40717011,40719993,NA
40717671,40719235,OCH
40717991,40719511,FEM
40719383,40719486,OCH
40721052,40721992,NA
40721290,40721992,FEM
40722696,40730511,NA
40722750,40724512,FEM
40724011,40726080,OCH
40725631,40726748,CHI
40727249,40730492,FEM
40731945,40733641,NA
40731992,40733511,CHI
40736512,40736677,NA
40736993,40751666,NA
40737011,40742722,FEM
40743049,40746058,FEM
40744659,40745612,MAL
40746011,40747511,CHI
40746956,40749141,FEM
40749143,40749509,OCH
40749186,40749510,CHI
40749576,40751010,FEM
40752445,40764517,NA
40752742,40754011,CHI
40755093,40756492,FEM
40755172,40756304,MAL
40756492,40758011,CHI
40758289,40758962,CHI
40758405,40759043,MAL
40758788,40762492,FEM
40759630,40759991,CHI
40763491,40764274,CHI
40766475,40767923,NA
40766517,40766993,FEM
40767065,40767183,CHI
40767248,40767493,FEM
40773905,40775093,NA
40775820,40779222,NA
40775866,40777687,FEM
40778321,40779141,FEM
40788993,40791963,NA
40789011,40791652,FEM
40792484,40793275,NA
40805601,40806327,NA
40816511,40818992,NA
40817512,40818638,CHI
40819096,40820492,NA
40819240,40820492,FEM
40821992,40822650,NA
40822215,40822608,OCH
40834270,40834493,NA
40840667,40841992,NA
40843511,40849716,NA
40843992,40844260,CHI
40844451,40846058,CHI
40846209,40847492,CHI
40846336,40847511,OCH
40848329,40848759,CHI
40849937,40850511,NA
40852033,40852288,NA
40852492,40860713,NA
40854448,40855997,OCH
40854682,40854992,CHI
40855138,40856093,FEM
40856511,40857510,OCH
40857861,40858511,OCH
40857991,40858209,CHI
40858460,40860510,CHI
40861992,40866366,NA
40862014,40863617,CHI
40864149,40865351,CHI
40864762,40866309,FEM
40866512,40866693,FEM
40866512,40866693,NA
40866901,40870011,FEM
40867003,40872649,NA
40868528,40869748,OCH
40870133,40872492,OCH
40870298,40870492,FEM
40871993,40872511,CHI
40872880,40878992,NA
40872939,40874011,CHI
40872981,40874606,OCH
40875022,40878770,FEM
40880398,40881171,NA
40883235,40883611,NA
40883869,40884011,NA
40887217,40887492,NA
40893010,40893602,NA
40894214,40901722,NA
40894370,40897563,CHI
40894492,40896510,OCH
40897492,40898785,FEM
40899492,40901340,OCH
40899492,40901495,CHI
40938114,40938389,NA
40949402,40951992,NA
40949493,40951574,FEM
40953074,40953582,NA
40953148,40953431,FEM
40955993,40957866,NA
40956557,40957502,FEM
40956573,40956681,OCH
40959292,40960492,NA
40959548,40959919,FEM
40967557,40967989,MAL
40971493,40973454,CHI
40971493,40975992,NA
40972622,40972867,OCH
40974512,40975511,OCH
40978011,40978409,NA
40978187,40978349,FEM
40982011,40983992,MAL
40982622,40983511,NA
40991572,40992623,NA
40999733,40999856,MAL
41025871,41027402,NA
41036055,41037569,NA
41036180,41037511,CHI
41037082,41037365,OCH
41040986,41041511,NA
41045920,41046998,NA
41046186,41046984,FEM
41054492,41060223,NA
41054730,41055359,OCH
41054875,41054991,CHI
41054992,41055993,FEM
41055849,41056622,OCH
41057105,41058511,CHI
41058979,41060047,FEM
41064003,41065090,FEM
41064010,41065321,NA
41065706,41069204,NA
41065993,41066126,CHI
41066360,41068434,CHI
41068649,41068894,OCH
41072992,41073721,FEM
41072992,41075852,NA
41074493,41075742,CHI
41094633,41095289,NA
41183254,41184516,NA
41183485,41184022,FEM
41187542,41188490,NA
41190451,41191200,NA
41191382,41191723,NA
41192084,41193873,NA
41192231,41193011,FEM
41192511,41193510,CHI
41210492,41213302,NA
41210562,41213274,CHI
41216678,41217355,MAL
41217478,41219807,NA
41218011,41218851,FEM
41218978,41219511,FEM
41221492,41225037,NA
41221511,41223636,CHI
41223511,41225011,FEM
41230283,41230828,MAL
41239316,41243012,NA
41240183,41241101,OCH
41241290,41242993,OCH
41242026,41242146,FEM
41242377,41242512,FEM
41247294,41250095,NA
41247343,41249918,FEM
41259451,41261193,NA
41259491,41260991,CHI
41261640,41261993,NA
41277425,41279492,NA
41277448,41279011,CHI
41283493,41286512,NA
41283862,41286412,CHI
41304328,41311520,NA
41304492,41311202,FEM
41310511,41311205,OCH
41311149,41311276,CHI
41312627,41317271,NA
41312815,41316381,FEM
41319491,41325293,NA
41319755,41322511,FEM
41323601,41324011,FEM
41323632,41325154,CHI
41326939,41330756,NA
41327056,41328231,CHI
41328492,41330733,CHI
41333426,41338056,NA
41333510,41335589,FEM
41335615,41337780,OCH
41335658,41337891,CHI
41338159,41338286,NA
41339746,41339992,NA
41340196,41342052,NA
41340927,41341511,FEM
41341064,41341511,OCH
41341558,41341754,CHI
41343087,41345342,NA
41343338,41343702,OCH
41343953,41344810,CHI
41343991,41345231,OCH
41345679,41348011,NA
41345745,41346012,OCH
41345891,41347992,CHI
41346118,41346253,OCH
41354992,41355130,FEM
41354992,41355250,NA
41358625,41362511,NA
41358703,41361523,FEM
41361219,41362358,CHI
41365767,41367492,NA
41365792,41367491,FEM
41373374,41375991,NA
41373469,41375788,OCH
41375070,41375176,CHI
41376884,41377908,NA
41377303,41377511,OCH
41379491,41380510,FEM
41379491,41380536,NA
41381992,41382097,OCH
41386867,41388463,NA
41386975,41388293,FEM
41396511,41397991,NA
41396972,41397375,OCH
41396992,41397328,CHI
41402467,41403512,NA
41402492,41403459,FEM
41418493,41419511,FEM
41418493,41419992,NA
41421491,41423808,NA
41421993,41423633,CHI
41426740,41427304,MAL
41448488,41449632,NA
41448491,41449645,FEM
41453733,41454511,NA
41455857,41456740,NA
41456036,41456514,FEM
41461492,41462022,NA
41466013,41466735,NA
41466052,41466162,FEM
41473011,41474012,NA
41479261,41480739,NA
41479415,41480427,CHI
41479417,41480185,OCH
41481256,41483249,NA
41482324,41482891,FEM
41482511,41482950,CHI
41488011,41489997,NA
41488511,41489728,FEM
41497232,41515992,NA
41497334,41500188,CHI
41498227,41499012,OCH
41500828,41501511,FEM
41502039,41503492,CHI
41503042,41504849,OCH
41504493,41505796,CHI
41504511,41506011,FEM
41505954,41509034,CHI
41509010,41510991,FEM
41510483,41511511,CHI
41511511,41513492,FEM
41512606,41513208,MAL
41513465,41515687,CHI
41517011,41522011,NA
41517335,41520875,CHI
41523995,41525777,MAL
41524621,41525011,NA
41546699,41550153,NA
41546805,41548493,CHI
41548746,41549492,CHI
41548992,41550011,OCH
41550219,41550511,OCH
41550293,41567492,NA
41551095,41554499,FEM
41554068,41556010,OCH
41555206,41555402,CHI
41556491,41558427,FEM
41558493,41560591,OCH
41559492,41559845,CHI
41561201,41563528,FEM
41561269,41561532,OCH
41563927,41564661,CHI
41569173,41569377,MAL
41570204,41571011,NA
41570558,41570809,MAL
41572511,41575020,NA
41572658,41574764,CHI
41575741,41577992,NA
41576009,41577865,FEM
41579011,41587275,NA
41579492,41580991,FEM
41580992,41581346,CHI
41581011,41581381,OCH
41582157,41582613,OCH
41582312,41583957,FEM
41582850,41582972,CHI
41585567,41586991,FEM
41589511,41591011,FEM
41589511,41591344,NA
41592558,41593992,NA
41592842,41592943,OCH
41593547,41593992,OCH
41594992,41602604,NA
41595002,41595871,CHI
41595512,41598330,FEM
41598492,41600723,OCH
41598517,41599011,CHI
41601372,41601959,OCH
41603779,41605514,NA
41603959,41605498,FEM
41606158,41606912,NA
41608983,41610471,NA
41609287,41609511,OCH
41609320,41609681,CHI
41609511,41610085,MAL
41610356,41610511,MAL
41613146,41617920,NA
41613991,41615174,FEM
41614104,41615192,OCH
41616511,41617935,FEM
41624511,41626992,OCH
41624511,41633521,NA
41624788,41624992,CHI
41626011,41626455,CHI
41626681,41627474,FEM
41629002,41630853,FEM
41629336,41629512,CHI
41630993,41631511,OCH
41631492,41631931,FEM
41631697,41632013,OCH
41632135,41633011,CHI
41632345,41633162,FEM
41634511,41636011,FEM
41634511,41636023,NA
41638511,41643992,NA
41638793,41639512,OCH
41639010,41639162,FEM
41639280,41640510,FEM
41640691,41642289,OCH
41642492,41643380,FEM
41644511,41644838,NA
41644619,41645491,OCH
41644949,41678822,NA
41645593,41647491,FEM
41646231,41648511,CHI
41648511,41650023,FEM
41650512,41651761,FEM
41650563,41650992,CHI
41651520,41652490,OCH
41651653,41653744,CHI
41652711,41652993,FEM
41653967,41655140,CHI
41654382,41655074,FEM
41655492,41659491,FEM
41659051,41660487,MAL
41660929,41662318,MAL
41662991,41664709,FEM
41664991,41668763,FEM
41666699,41666807,OCH
41668395,41669902,CHI
41669864,41671015,FEM
41670794,41676197,CHI
41675695,41677511,FEM
41677509,41678724,CHI
41679056,41679463,NA
41679802,41690511,NA
41681512,41683496,FEM
41683493,41685332,CHI
41685216,41688750,FEM
41688275,41690361,CHI
41692511,41693942,FEM
41692511,41694565,NA
41695526,41697495,NA
41695737,41697193,FEM
41700272,41704693,NA
41700633,41702013,FEM
41701993,41703046,CHI
41703488,41704492,CHI
41710820,41712992,NA
41710928,41712992,CHI
41715511,41715897,FEM
41715626,41715744,NA
41718640,41719882,NA
41718805,41719743,CHI
41718873,41719511,OCH
41733684,41736011,OCH
41733752,41735011,NA
41737105,41738494,OCH
41737150,41744511,NA
41738127,41738338,FEM
41738492,41738624,FEM
41738814,41740177,OCH
41739206,41740492,FEM
41741011,41742135,OCH
41741487,41742123,CHI
41742820,41743633,CHI
41742878,41743511,OCH
41748213,41751168,NA
41748374,41751258,OCH
41748990,41749511,CHI
41752208,41752493,NA
41754035,41754594,OCH
41756511,41756717,NA
41756938,41766769,NA
41757029,41759012,FEM
41757085,41757492,CHI
41758511,41761495,CHI
41760514,41760727,OCH
41761354,41762134,OCH
41762993,41763511,OCH
41763487,41765196,FEM
41763671,41764511,OCH
41765637,41766734,CHI
41772011,41779662,NA
41772491,41774123,FEM
41774992,41775370,OCH
41775500,41775608,OCH
41775843,41776322,OCH
41776945,41777068,OCH
41776950,41779493,FEM
41777264,41777645,OCH
41785244,41789993,OCH
41785504,41790334,NA
41790627,41797703,NA
41790691,41792011,OCH
41791493,41791775,CHI
41792002,41793430,FEM
41794561,41794821,FEM
41795705,41797492,CHI
41805838,41807574,NA
41805950,41806422,OCH
41806010,41806191,CHI
41806511,41807510,CHI
41806790,41807011,OCH
41810491,41815493,NA
41810642,41812510,CHI
41810688,41811520,OCH
41811635,41812118,OCH
41812841,41813992,OCH
41813368,41814186,CHI
41814163,41814327,OCH
41814659,41815012,CHI
41814748,41814984,OCH
41815999,41817459,NA
41816512,41816649,FEM
41820011,41820176,NA
41821115,41821437,NA
41827011,41829492,OCH
41827492,41833992,NA
41829510,41833992,FEM
41837011,41839382,NA
41838010,41839188,OCH
41839549,41839679,OCH
41839784,41842759,NA
41839991,41840221,OCH
41840493,41842648,OCH
41843368,41844662,OCH
41843491,41844500,NA
41847351,41849992,NA
41848010,41849991,FEM
41855289,41857478,NA
41855360,41857103,CHI
41858297,41859890,NA
41858492,41859511,CHI
41858517,41859511,OCH
41869229,41869437,NA
41869924,41872011,NA
41870512,41871978,CHI
41881011,41883274,NA
41881079,41881811,FEM
41882025,41882992,CHI
41889413,41890491,CHI
41889442,41890492,NA
41898379,41899584,OCH
41898458,41933325,NA
41899847,41901504,OCH
41902427,41906013,CHI
41906511,41913092,OCH
41906629,41907010,CHI
41907237,41907492,CHI
41908634,41912179,CHI
41912080,41913012,FEM
41913707,41915746,OCH
41916104,41918011,OCH
41916243,41920431,FEM
41920991,41922992,OCH
41921228,41922492,FEM
41923489,41925011,FEM
41924491,41927523,OCH
41926511,41928651,CHI
41927902,41932936,OCH
41929441,41929573,FEM
41931010,41932934,CHI
41933847,41937511,NA
41933899,41937492,OCH
41942205,41944993,NA
41942286,41944490,OCH
41942362,41943309,CHI
41943511,41944574,CHI
41946282,41947070,NA
41947981,41948992,NA
41948012,41948964,FEM
41950118,41952108,NA
41950153,41952011,OCH
41956706,41957457,NA
41956805,41957284,OCH
41957084,41957197,CHI
41958501,41960217,NA
41958729,41959510,FEM
41958879,41959073,CHI
41960452,41970992,NA
41960594,41963147,OCH
41963619,41970534,CHI
41963992,41964491,FEM
41965086,41965375,OCH
41965511,41970493,OCH
41971265,41974625,NA
41971377,41973723,OCH
41972826,41974502,FEM
41974887,41975044,NA
41977008,41977192,OCH
41978512,41984697,NA
41978736,41978993,OCH
41979214,41980512,OCH
41979274,41980017,CHI
41980154,41982012,FEM
41981492,41981666,CHI
41981510,41982747,OCH
41981866,41983599,CHI
41983829,41984011,FEM
41984011,41984455,OCH
41986011,41987808,NA
41986445,41987189,OCH
41991011,41992727,NA
41991176,41992642,OCH
41991492,41992494,CHI
41994357,41995493,NA
41996011,41996605,NA
41996104,41996511,OCH
41997511,41997992,NA
42002808,42003491,OCH
42002992,42003492,NA
42007331,42007512,OCH
42009393,42011345,NA
42009418,42010010,FEM
42009963,42011303,OCH
42010088,42010471,CHI
42019047,42019511,NA
42025492,42027993,NA
42025510,42027815,FEM
42035492,42036992,OCH
42035794,42037012,NA
42039719,42043227,NA
42039837,42043107,CHI
42042183,42043062,OCH
42045490,42046011,NA
42047512,42049493,NA
42049812,42050355,NA
42050510,42050773,NA
42051477,42053080,NA
42051555,42052510,FEM
42053590,42055757,OCH
42053690,42055514,NA
42054090,42054993,CHI
42057399,42059036,NA
42060023,42060160,OCH
42060281,42063011,OCH
42060468,42074491,NA
42063400,42064993,FEM
42063516,42067018,OCH
42066992,42071491,FEM
42071992,42074444,OCH
42072920,42073511,FEM
42074984,42083116,NA
42075028,42075992,OCH
42075992,42081740,FEM
42079492,42080012,OCH
42081971,42082172,OCH
42083511,42085622,NA
42083747,42085011,FEM
42085855,42093493,NA
42086071,42086225,MAL
42086512,42090012,CHI
42087129,42090058,OCH
42088717,42089166,FEM
42091142,42091316,OCH
42091456,42093331,OCH
42096287,42097492,NA
42096355,42097195,CHI
42101492,42110512,NA
42101512,42104511,FEM
42104288,42106164,OCH
42104792,42104935,FEM
42105111,42108800,CHI
42106309,42106775,OCH
42106993,42107121,OCH
42107864,42108524,OCH
42108512,42110512,FEM
42108660,42108781,OCH
42108905,42109011,OCH
42112011,42115212,NA
42112477,42113896,FEM
42114197,42114413,OCH
42117676,42120511,NA
42117963,42120482,OCH
42117989,42118993,CHI
42123993,42126820,NA
42124985,42125236,OCH
42125493,42127385,OCH
42128512,42130500,OCH
42128925,42130116,NA
42140599,42144985,NA
42141992,42144738,CHI
42142059,42142391,OCH
42149611,42151886,NA
42149877,42151510,CHI
42151011,42151333,OCH
42153836,42167709,NA
42153973,42155412,FEM
42154413,42154931,CHI
42155512,42157453,OCH
42158510,42158741,CHI
42159344,42161992,OCH
42159771,42160215,CHI
42161992,42163992,CHI
42163011,42165993,OCH
42164186,42164701,CHI
42165993,42167011,FEM
42167027,42167415,OCH
42169493,42175227,NA
42169992,42170137,MAL
42170198,42171109,FEM
42170254,42170359,MAL
42170460,42170691,MAL
42171511,42172991,FEM
42173092,42175031,OCH
42173134,42173318,CHI
42173492,42174511,CHI
42175720,42179618,NA
42175991,42179493,FEM
42180011,42180208,NA
42180367,42181744,NA
42180492,42181712,FEM
42185860,42186992,NA
42185868,42186896,OCH
42191351,42191511,MAL
42191494,42192566,NA
42191726,42192492,CHI
42192012,42192368,OCH
42204545,42206113,NA
42204621,42205134,OCH
42209510,42215992,NA
42209512,42215575,OCH
42211004,42212511,FEM
42213992,42215511,CHI
42216476,42218293,NA
42216520,42217862,CHI
42218400,42219554,NA
42218452,42219011,CHI
42218589,42218928,OCH
42225594,42226289,NA
42225644,42225943,OCH
42226279,42226500,OCH
42226512,42241011,NA
42227011,42228683,FEM
42228660,42233780,CHI
42233825,42234011,FEM
42234374,42235149,OCH
42234473,42234947,CHI
42235830,42240854,CHI
42235914,42237011,OCH
42239747,42240753,OCH
42245002,42246011,NA
42245093,42246067,MAL
42246811,42258890,NA
42247334,42249170,OCH
42247511,42248512,CHI
42249014,42249414,FEM
42249878,42251510,FEM
42251930,42253489,MAL
42253491,42257492,FEM
42257109,42257512,CHI
42258269,42258478,OCH
42259011,42261800,NA
42259492,42261416,FEM
42262012,42292011,NA
42262661,42264121,FEM
42262703,42263113,CHI
42263809,42264011,CHI
42264011,42266011,OCH
42264263,42264390,CHI
42266011,42276652,CHI
42266028,42266300,FEM
42275010,42275212,MAL
42276860,42287164,CHI
42282511,42284492,OCH
42285648,42287833,FEM
42288731,42289644,CHI
42288819,42288968,OCH
42289582,42290993,FEM
42290512,42291992,CHI
42293011,42308992,NA
42293991,42294813,FEM
42295043,42295921,CHI
42295927,42298207,FEM
42297999,42298991,CHI
42298436,42301581,FEM
42303480,42307010,CHI
42307010,42308011,FEM
42307699,42307844,MAL
42309511,42339992,NA
42309970,42310660,CHI
42310011,42314037,FEM
42313492,42314808,CHI
42314459,42323492,FEM
42319206,42320671,MAL
42323011,42325998,OCH
42325011,42330178,FEM
42329567,42329753,MAL
42329863,42329993,CHI
42330344,42330472,MAL
42330992,42332624,OCH
42333175,42335011,FEM
42334512,42337128,OCH
42335585,42338012,CHI
42338037,42339600,FEM
42341957,42374392,NA
42341992,42344149,CHI
42342510,42343011,FEM
42343511,42346618,OCH
42344011,42344492,FEM
42345011,42350068,FEM
42346738,42347097,CHI
42347342,42348598,OCH
42349510,42350011,CHI
42350511,42356225,OCH
42350750,42350873,CHI
42352590,42352992,FEM
42355992,42356252,CHI
42356512,42358689,CHI
42358511,42361235,FEM
42360511,42361311,CHI
42361918,42363359,FEM
42362359,42363525,MAL
42363739,42363989,OCH
42365049,42369955,CHI
42366157,42366280,OCH
42366589,42367811,OCH
42369991,42374011,OCH
42373307,42373511,CHI
42374981,42377136,NA
42374991,42377011,FEM
42381011,42383993,OCH
42381131,42384631,NA
42385005,42389880,NA
42385213,42386701,CHI
42386909,42388492,CHI
42387168,42389610,OCH
42390010,42390177,NA
42390656,42400886,NA
42390992,42391991,CHI
42390992,42395307,OCH
42393512,42394970,CHI
42394901,42395615,FEM
42395657,42397353,CHI
42397052,42397254,FEM
42397992,42398375,CHI
42398002,42398353,OCH
42398492,42400493,OCH
42398728,42399771,CHI
42401286,42404005,NA
42401510,42403511,FEM
42410485,42412993,NA
42410603,42412719,CHI
42411352,42412641,OCH
42415237,42416450,NA
42417037,42417511,NA
42442488,42443637,NA
42442513,42443186,FEM
42443992,42445992,NA
42447512,42452392,NA
42447664,42448511,OCH
42447993,42452242,FEM
42448877,42449010,OCH
42456493,42457492,CHI
42456493,42468992,NA
42458167,42460605,FEM
42461506,42462945,FEM
42461634,42462491,OCH
42463011,42465492,CHI
42464512,42468879,OCH
42465578,42465835,FEM
42467168,42468511,CHI
42471992,42480510,NA
42473492,42475510,OCH
42476329,42480011,FEM
42482705,42488650,NA
42482991,42484010,FEM
42484011,42488294,OCH
42484993,42485511,CHI
42488793,42495243,NA
42489232,42490029,OCH
42489492,42490165,CHI
42491491,42492991,FEM
42492203,42493761,OCH
42493511,42494976,FEM
42495521,42504210,NA
42495585,42497023,FEM
42496010,42497097,OCH
42499510,42502040,CHI
42501512,42504004,OCH
42503511,42503791,CHI
42505312,42509492,NA
42505511,42507995,OCH
42508552,42508679,FEM
42513010,42516685,NA
42514438,42515493,CHI
42515012,42516570,FEM
42517362,42519895,NA
42518010,42518511,FEM
42518512,42519617,CHI
42518540,42518989,OCH
42520268,42531991,NA
42520992,42523778,FEM
42523815,42525010,CHI
42524492,42524624,OCH
42525591,42526146,FEM
42526291,42526468,FEM
42527045,42527374,OCH
42527482,42529453,OCH
42528243,42529222,CHI
42529271,42531549,FEM
42532113,42534011,NA
42532391,42534011,FEM
42539511,42543585,NA
42539966,42543538,CHI
42554508,42556511,NA
42554513,42556459,CHI
42569395,42574994,NA
42569493,42571211,OCH
42569552,42570011,CHI
42571502,42574992,FEM
42571784,42572400,OCH
42572010,42572277,CHI
42576680,42577276,NA
42586012,42592502,NA
42586391,42588991,FEM
42589493,42590089,OCH
42591012,42592440,FEM
42599491,42601011,NA
42599584,42600630,FEM
42600428,42600639,OCH
42602993,42603585,NA
42603011,42603404,CHI
42604353,42605992,NA
42604382,42605970,CHI
42606788,42608020,NA
42606876,42607991,CHI
42608147,42608312,NA
42618731,42619011,OCH
42621262,42624510,OCH
42621333,42625511,NA
42622013,42624511,CHI
42624289,42625246,FEM
42634959,42638010,NA
42634974,42636341,OCH
42635017,42637882,CHI
42651088,42663491,NA
42651492,42652877,OCH
42651492,42656703,CHI
42658491,42658989,OCH
42658819,42660512,FEM
42659254,42660511,OCH
42661230,42663044,CHI
42661620,42661728,OCH
42661991,42662163,OCH
42678011,42678880,NA
42678053,42678797,CHI
42703666,42705406,NA
42703683,42705222,CHI
42707723,42708828,NA
42707800,42707987,OCH
42708003,42708229,CHI
42709432,42710510,NA
42709493,42710305,CHI
42716064,42716511,NA
42716113,42716353,CHI
42716222,42716438,OCH
42718263,42719910,OCH
42718280,42720715,NA
42718705,42719324,CHI
42719511,42719663,CHI
42720969,42723225,NA
42721034,42722259,CHI
42722492,42723121,FEM
42724380,42729552,NA
42724474,42727510,OCH
42724680,42725492,CHI
42726555,42727274,CHI
42734010,42735233,NA
42734555,42734992,CHI
42734643,42734744,OCH
42766675,42768511,NA
42766689,42768770,OCH
42766890,42768010,CHI
42774596,42776010,NA
42775692,42775893,OCH
42780493,42793536,NA
42780584,42781492,OCH
42781011,42783163,FEM
42781662,42781849,OCH
42781961,42782295,OCH
42782401,42788511,OCH
42784532,42792440,CHI
42788932,42789489,OCH
42789767,42790477,OCH
42792843,42793491,OCH
42795906,42867059,NA
42796011,42797877,OCH
42796164,42798108,CHI
42797992,42798093,OCH
42798343,42801077,OCH
42800010,42800815,CHI
42801613,42802840,OCH
42801620,42803119,CHI
42802992,42804011,FEM
42803819,42805345,CHI
42804511,42806727,OCH
42805716,42806010,CHI
42807125,42814493,OCH
42807143,42809004,CHI
42816821,42817106,CHI
42817105,42817302,OCH
42817825,42818934,OCH
42818147,42818491,CHI
42818492,42819992,FEM
42819992,42820245,OCH
42820491,42821308,CHI
42820741,42820991,OCH
42822204,42824479,FEM
42823492,42825011,OCH
42824600,42824966,FEM
42825340,42826493,CHI
42825414,42829349,OCH
42828510,42830992,CHI
42830993,42833480,OCH
42832511,42835314,CHI
42835011,42836437,FEM
42836011,42842013,OCH
42837010,42838849,CHI
42841511,42842228,CHI
42842346,42845510,CHI
42844420,42845097,OCH
42845311,42845510,OCH
42846492,42847526,FEM
42848492,42850097,OCH
42849511,42850010,CHI
42850642,42852512,FEM
42851825,42859550,OCH
42853654,42855153,CHI
42855482,42857011,CHI
42858357,42858511,FEM
42860254,42866591,OCH
42861560,42862255,FEM
42862303,42863012,CHI
42866012,42866552,FEM
42868427,42883901,NA
42868492,42870014,FEM
42870504,42874303,CHI
42870598,42871158,OCH
42871376,42872510,OCH
42874930,42876240,OCH
42875764,42879541,CHI
42878442,42882492,OCH
42879657,42880097,FEM
42882748,42883511,CHI
42882969,42883163,OCH
42889012,42889341,OCH
42889723,42889993,OCH
42894984,42897500,NA
42895108,42897511,OCH
42896258,42896491,CHI
42907472,42912813,NA
42908304,42910631,FEM
42911006,42912520,OCH
42921993,42924511,NA
42922020,42923517,CHI
42922082,42922744,OCH
42923015,42924350,OCH
42929094,42929320,OCH
42936735,42942960,NA
42936848,42945993,OCH
42937543,42938255,FEM
42938951,42939859,FEM
42939992,42941003,CHI
42940922,42942012,FEM
42943203,42961492,NA
42944005,42944548,CHI
42945010,42945766,CHI
42946154,42946726,FEM
42947012,42948090,CHI
42948011,42949108,FEM
42948311,42948490,CHI
42949182,42955011,OCH
42949202,42950491,CHI
42952493,42952817,CHI
42953207,42954493,CHI
42954832,42960993,FEM
42959511,42961492,OCH
42961703,42961992,NA
42961744,42961940,OCH
42962236,42979045,NA
42962349,42962754,OCH
42962856,42963988,OCH
42963109,42963511,CHI
42965492,42966012,OCH
42966269,42968513,OCH
42966943,42968497,CHI
42968949,42969604,OCH
42968991,42969992,CHI
42969866,42969993,OCH
42969935,42970868,FEM
42970190,42970511,OCH
42970510,42971685,CHI
42970708,42970932,OCH
42972154,42972512,FEM
42972479,42973708,CHI
42972577,42973372,OCH
42973529,42973851,OCH
42974098,42975711,OCH
42975492,42975597,CHI
42976000,42976807,CHI
42976128,42976492,OCH
42977012,42978991,CHI
42979891,42982223,NA
42980993,42982016,CHI
42981104,42981209,OCH
42981347,42982010,OCH
42989943,42991052,NA
42989950,42991011,CHI
42991644,42997419,CHI
42991658,43002136,NA
42993163,42993271,OCH
42993492,42995011,OCH
42996729,42997266,OCH
42997492,42997656,OCH
42997814,42997995,OCH
42999107,43001631,OCH
42999216,43001511,FEM
42999836,42999993,CHI
43003489,43010875,NA
43003644,43004488,OCH
43003697,43004512,FEM
43004491,43006614,CHI
43005011,43008492,OCH
43008816,43010551,CHI
43008982,43010354,OCH
43011834,43012922,NA
43013138,43027826,NA
43013278,43016150,FEM
43016992,43018917,OCH
43016992,43018953,CHI
43019294,43020031,FEM
43019824,43021339,OCH
43020396,43022011,CHI
43021820,43023492,FEM
43022510,43029510,OCH
43024011,43025511,CHI
43028012,43042965,NA
43029480,43032416,FEM
43032863,43034792,OCH
43034159,43034286,FEM
43034436,43034849,FEM
43035346,43036191,CHI
43035720,43042510,FEM
43037087,43037224,MAL
43037340,43038464,MAL
43041026,43041748,MAL
43045493,43046639,OCH
43045496,43046800,NA
43046011,43046438,FEM
43054492,43055226,NA
43054511,43055967,OCH
43055378,43055631,NA
43056900,43057695,NA
43057011,43057389,OCH
43058512,43059940,OCH
43058729,43059510,NA
43061826,43064992,NA
43061929,43067142,OCH
43065380,43067629,NA
43067276,43067492,OCH
43068112,43068993,MAL
43068186,43071011,NA
43069511,43070815,FEM
43072442,43073380,NA
43072668,43073011,OCH
43074011,43074193,NA
43074990,43080495,NA
43075635,43076572,OCH
43075684,43080404,CHI
43080596,43088013,NA
43081114,43085233,FEM
43085515,43086821,CHI
43086209,43086828,OCH
43087344,43088011,OCH
43088590,43088752,NA
43089042,43094125,NA
43089118,43089555,CHI
43089872,43093802,CHI
43094702,43096084,NA
43094903,43095323,CHI
43094992,43096011,OCH
43096604,43101511,NA
43096723,43098146,CHI
43098492,43099992,FEM
43099504,43100569,CHI
43099985,43101273,OCH
43103843,43104508,NA
43106291,43111492,NA
43106362,43107064,OCH
43106533,43111012,CHI
43111656,43111992,NA
43112257,43113146,NA
43112382,43112512,OCH
43113511,43125492,NA
43113885,43115944,CHI
43116157,43116992,CHI
43117059,43118470,FEM
43118622,43119618,OCH
43119351,43120868,FEM
43121619,43122993,CHI
43121992,43125149,OCH
43126511,43126865,NA
43127552,43127822,NA
43132492,43135524,OCH
43132510,43136034,NA
43133607,43135406,CHI
43136614,43136859,NA
43146975,43149511,NA
43147078,43147934,FEM
43148471,43149465,CHI
43151012,43152360,NA
43151280,43152205,FEM
43156648,43159517,NA
43156793,43157561,OCH
43156805,43156992,CHI
43158319,43159294,OCH
43158425,43159407,CHI
43161010,43162303,NA
43161405,43162181,FEM
43163511,43163985,NA
43164993,43165992,NA
43165006,43165934,FEM
43172011,43173493,FEM
43172031,43173101,NA
43177355,43178511,NA
43177462,43178010,CHI
43177492,43178012,OCH
43186291,43188011,NA
43186446,43187992,FEM
43188228,43188344,NA
43192011,43194576,NA
43192094,43192855,OCH
43193166,43193375,MAL
43193258,43193361,CHI
43193491,43194497,CHI
43196689,43201510,NA
43197013,43199202,CHI
43199651,43200010,OCH
43200525,43200986,OCH
43226183,43227022,NA
43232650,43232790,NA
43234516,43234992,FEM
43237969,43238541,NA
43238008,43238243,CHI
43243305,43258634,NA
43243342,43245510,CHI
43244957,43245328,OCH
43246011,43246301,FEM
43246013,43251317,CHI
43248878,43248991,OCH
43249726,43257725,OCH
43254493,43255992,CHI
43256685,43257367,CHI
43259010,43276641,NA
43259461,43260315,CHI
43259493,43261106,FEM
43261646,43262010,CHI
43262166,43266012,FEM
43262235,43262492,CHI
43262740,43264876,OCH
43266992,43268011,CHI
43268043,43274094,FEM
43274993,43276846,OCH
43278918,43281993,NA
43278948,43280011,CHI
43280759,43281993,FEM
43295570,43300936,OCH
43295661,43301512,NA
43296653,43297510,CHI
43301733,43302492,NA
43308992,43317470,NA
43309492,43310992,FEM
43310874,43317173,CHI
43311444,43312457,OCH
43312836,43313921,FEM
43316512,43317084,OCH
43318486,43322750,NA
43318511,43320101,CHI
43320444,43321511,CHI
43320582,43322993,OCH
43329990,43340424,NA
43330003,43332990,OCH
43330437,43331230,CHI
43331981,43332492,CHI
43332511,43334992,FEM
43334492,43334786,CHI
43334747,43334877,OCH
43334992,43336492,OCH
43335108,43338512,CHI
43336871,43337082,OCH
43338616,43340209,OCH
43338686,43338912,CHI
43338878,43339511,FEM
43341492,43351420,NA
43341662,43346510,OCH
43342430,43347012,FEM
43345493,43345984,CHI
43346941,43349152,CHI
43349634,43350992,FEM
43352548,43352649,NA
43352830,43352933,NA
43353347,43353477,NA
43353735,43354503,NA
43354511,43354713,OCH
43360010,43362821,NA
43360233,43362430,CHI
43360797,43362512,OCH
43362996,43364493,NA
43363146,43364137,CHI
43363180,43363992,OCH
43369278,43383333,NA
43369368,43376992,CHI
43372680,43372945,FEM
43373985,43374694,OCH
43375355,43379564,OCH
43377593,43379264,CHI
43379736,43380630,CHI
43379742,43379992,OCH
43380492,43381511,FEM
43382080,43383062,CHI
43382302,43382859,OCH
43383894,43386106,NA
43384449,43388440,OCH
43386651,43388750,NA
43387814,43388337,FEM
43411135,43411353,NA
43414005,43417991,NA
43414075,43416066,OCH
43414390,43417590,CHI
43416385,43416490,OCH
43416932,43417318,OCH
43419971,43421993,NA
43419993,43421011,OCH
43420146,43421010,CHI
43422129,43422492,NA
43422991,43426496,NA
43423493,43425012,CHI
43423619,43425011,OCH
43426992,43427240,NA
43427510,43429243,NA
43427674,43429011,CHI
43435492,43437510,NA
43435511,43437511,OCH
43435627,43436282,CHI
43440011,43440359,NA
43440511,43447571,NA
43440978,43441585,FEM
43442330,43442840,OCH
43442538,43443493,CHI
43443511,43443646,FEM
43443827,43445508,FEM
43446011,43447175,CHI
43448597,43449719,OCH
43448618,43450346,NA
43449510,43449794,FEM
43454473,43455511,NA
43454632,43455486,OCH
43460299,43461870,NA
43460354,43461826,CHI
43516492,43518071,NA
43516511,43517512,CHI
43516992,43517186,OCH
43518511,43532836,NA
43518681,43521449,CHI
43519429,43519569,OCH
43519945,43520269,OCH
43520527,43521244,OCH
43521850,43524083,CHI
43521857,43521992,FEM
43523205,43523848,OCH
43524390,43525991,OCH
43526383,43527763,FEM
43528126,43529614,CHI
43528511,43528909,OCH
43529061,43532880,OCH
43529793,43530492,FEM
43530510,43531011,CHI
43537011,43538477,NA
43537255,43538011,OCH
43537497,43537782,CHI
43538924,43548619,NA
43539409,43548511,FEM
43539491,43540492,OCH
43550263,43561193,NA
43550492,43553344,FEM
43554164,43554348,FEM
43554714,43554871,MAL
43555939,43556992,OCH
43556010,43557777,CHI
43557512,43558319,FEM
43558668,43558899,OCH
43558693,43559010,CHI
43558992,43560396,FEM
43560074,43560374,OCH
43562433,43576157,NA
43562492,43565511,CHI
43562524,43564510,OCH
43565831,43569992,FEM
43568513,43569593,MAL
43569731,43572505,CHI
43570394,43571963,FEM
43571628,43571763,OCH
43572662,43574010,FEM
43574099,43574796,CHI
43574212,43574769,OCH
43575015,43575992,OCH
43575047,43576011,CHI
43580238,43582783,NA
43580330,43581818,OCH
43580511,43580612,CHI
43581152,43581852,CHI
43583101,43588320,NA
43583172,43585199,CHI
43584620,43584863,OCH
43585641,43585857,OCH
43585702,43586492,CHI
43586407,43586512,OCH
43586512,43587874,FEM
43587011,43587774,CHI
43588511,43590069,NA
43588643,43590037,CHI
43593515,43595597,CHI
43593555,43597257,NA
43594991,43595607,OCH
43596195,43596922,OCH
43596375,43596949,CHI
43597415,43599511,NA
43597514,43599357,CHI
43625932,43630400,NA
43625993,43628511,OCH
43626217,43628453,CHI
43628758,43630270,OCH
43629327,43630010,CHI
43632273,43635589,OCH
43632321,43648074,NA
43633510,43635569,CHI
43636511,43644714,FEM
43638195,43638382,CHI
43644881,43645085,FEM
43645461,43648061,FEM
43648970,43655511,NA
43648981,43651011,FEM
43651162,43651503,CHI
43651492,43652378,MAL
43652309,43654562,FEM
43654375,43655463,CHI
43658281,43667768,NA
43658492,43659511,CHI
43659316,43661493,FEM
43660136,43661834,CHI
43661595,43662214,FEM
43662441,43665011,CHI
43662551,43662936,OCH
43665434,43667567,FEM
43668896,43669993,NA
43668992,43669724,CHI
43670959,43684093,NA
43670991,43676835,FEM
43677510,43681472,FEM
43682374,43683493,OCH
43682811,43683024,FEM
43683035,43684010,CHI
43685511,43694353,NA
43685985,43691992,FEM
43689004,43689316,MAL
43691528,43691717,MAL
43692492,43693722,OCH
43694645,43703820,NA
43694910,43695448,FEM
43695713,43697900,FEM
43697946,43699993,CHI
43698263,43698692,FEM
43698606,43698947,OCH
43699510,43701992,FEM
43699903,43700484,OCH
43701593,43701752,CHI
43703197,43703511,FEM
43704510,43714991,NA
43704993,43706993,FEM
43708621,43708724,OCH
43708830,43710121,OCH
43709159,43714662,CHI
43711333,43713744,OCH
43715174,43716492,NA
43715379,43716268,CHI
43716605,43718186,NA
43716660,43718094,CHI
43719429,43726741,NA
43719475,43720565,CHI
43720493,43720628,MAL
43720985,43721491,FEM
43721601,43724180,CHI
43723538,43725085,FEM
43724678,43726492,OCH
43726967,43748133,NA
43727011,43732138,CHI
43731993,43734511,FEM
43735013,43742992,CHI
43742801,43743365,FEM
43744021,43745010,CHI
43744469,43744835,MAL
43745996,43746787,CHI
43746510,43748137,MAL
43748816,43760652,NA
43748875,43750230,FEM
43750289,43751013,CHI
43750358,43751271,OCH
43751148,43751494,FEM
43751872,43754012,FEM
43753838,43754899,CHI
43755103,43757492,CHI
43756053,43756421,FEM
43756558,43758019,FEM
43758510,43760511,FEM
43765458,43766258,NA
43765530,43766095,OCH
43765718,43765980,FEM
43766787,43770511,NA
43766938,43770369,CHI
43766992,43767444,OCH
43769550,43769992,FEM
43775495,43776192,NA
43775535,43776011,CHI
43776723,43778225,NA
43776788,43778206,FEM
43782918,43787160,NA
43782992,43787012,FEM
43789488,43795895,NA
43789493,43794918,CHI
43789599,43791678,OCH
43791665,43792843,FEM
43797178,43821149,NA
43797272,43800492,FEM
43799992,43803770,CHI
43800549,43800908,OCH
43801012,43802085,FEM
43803619,43804512,FEM
43804010,43805164,CHI
43805003,43806350,FEM
43806359,43807814,CHI
43807492,43808493,FEM
43808403,43809512,CHI
43809512,43811493,FEM
43811528,43812993,OCH
43811555,43812147,CHI
43812696,43813774,MAL
43812993,43814502,FEM
43814285,43818797,CHI
43818511,43821164,FEM
43819010,43819280,CHI
43819491,43819688,CHI
43821371,43822510,FEM
43821402,43822514,NA
43824011,43831993,NA
43824491,43826970,FEM
43824581,43824998,CHI
43826928,43831010,CHI
43828665,43830617,OCH
43840492,43843892,FEM
43840492,43843992,NA
43845850,43850745,NA
43845904,43850676,FEM
43846604,43847625,OCH
43853010,43855329,NA
43853223,43855012,FEM
43859856,43863766,NA
43860012,43860513,CHI
43861125,43863511,OCH
43861353,43862178,CHI
43875206,43876350,NA
43875466,43876043,CHI
43875645,43876011,OCH
43883993,43885108,CHI
43883993,43885203,NA
43886855,43887559,NA
43887158,43887401,OCH
43896168,43896313,NA
43898492,43900299,NA
43898510,43900295,CHI
43903991,43905717,NA
43904089,43905633,CHI
43930330,43931761,NA
43930492,43931871,OCH
43943843,43944648,NA
43943956,43944511,FEM
43947993,43952003,NA
43949280,43949893,CHI
43949306,43950005,OCH
43950139,43950583,OCH
43950814,43951011,OCH
43952633,43972049,NA
43953317,43955219,FEM
43954728,43954993,OCH
43955394,43959010,FEM
43955968,43957011,OCH
43957156,43958012,OCH
43958968,43959149,OCH
43958992,43959751,CHI
43959245,43959684,FEM
43960293,43960787,FEM
43961010,43961185,FEM
43961307,43963691,FEM
43964512,43964628,FEM
43964738,43970162,FEM
43968511,43969097,CHI
43970956,43972011,CHI
43972480,43974191,CHI
43972509,43974166,NA
43974804,43979197,NA
43974932,43975512,CHI
43975011,43977492,OCH
43976010,43976660,CHI
43976883,43979046,CHI
43980798,43984607,NA
43980865,43982306,FEM
43982080,43984416,CHI
43984839,43986643,NA
43984898,43986550,CHI
43998274,44001870,NA
43999219,44000005,OCH
43999511,44000552,FEM
44000992,44001492,FEM
44003557,44009023,NA
44003797,44004680,CHI
44003993,44004280,OCH
44005186,44005596,CHI
44006112,44006367,CHI
44006390,44006491,OCH
44006492,44006610,CHI
44008110,44009011,OCH
44009695,44012361,NA
44009819,44009991,CHI
44010594,44011355,OCH
44013005,44017573,NA
44013259,44014241,OCH
44014789,44015474,OCH
44016185,44016421,CHI
44016774,44017547,FEM
44024460,44028822,NA
44024744,44028291,FEM
44025267,44026067,OCH
44026431,44026674,OCH
44026809,44026973,OCH
44027616,44027744,CHI
44027987,44028438,CHI
44029293,44034342,NA
44029492,44030511,CHI
44029492,44030520,OCH
44030777,44033511,FEM
44030787,44030993,OCH
44034546,44034867,OCH
44038492,44039206,OCH
44042201,44042935,NA
44042284,44042483,OCH
44042493,44042827,CHI
44068992,44069431,OCH
44068992,44069598,NA
44070083,44071033,NA
44070188,44070468,OCH
44070534,44070939,FEM
44071746,44072197,NA
44071798,44072011,OCH
44072468,44074586,NA
44072510,44074511,FEM
44075374,44075492,NA
44085511,44087492,NA
44085511,44087582,OCH
44087699,44087910,OCH
44092492,44093992,FEM
44092492,44094959,NA
44094719,44094822,FEM
44098261,44098691,NA
44099284,44106473,NA
44100357,44100576,OCH
44100550,44102686,FEM
44100693,44100831,OCH
44103012,44104651,FEM
44104343,44105916,OCH
44107511,44111394,NA
44107721,44110742,OCH
44110062,44111240,FEM
44112070,44114922,OCH
44112171,44114819,NA
44115511,44115764,OCH
44115940,44119011,OCH
44116442,44117637,NA
44117917,44119729,NA
44121051,44121491,NA
44122511,44123011,NA
44125992,44126929,NA
44126014,44126333,FEM
44127492,44128511,NA
44127784,44127988,OCH
44135579,44136136,NA
44135585,44136142,FEM
44136330,44136448,NA
44141112,44141993,FEM
44141114,44142012,NA
44149511,44149813,NA
44150933,44151544,NA
44151222,44151408,FEM
44160491,44160850,NA
44161991,44163101,NA
44170837,44170992,NA
44175829,44176676,NA
44175875,44176626,FEM
44177618,44179199,NA
44178367,44178492,FEM
44188991,44189511,FEM
44188991,44189950,NA
44196511,44197383,NA
44196992,44197287,FEM
44199032,44199994,NA
44206047,44206906,NA
44206391,44206656,OCH
44213148,44213506,NA
44275861,44276362,OCH
44275992,44276491,NA
44278326,44279322,NA
44278618,44279011,OCH
44279730,44280002,NA
44280106,44288574,NA
44281510,44281687,FEM
44281991,44282128,FEM
44282746,44284261,FEM
44285878,44286642,MAL
44286011,44288514,FEM
44289796,44293384,NA
44289815,44293011,OCH
44293011,44293273,FEM
44296698,44298855,NA
44296897,44297511,OCH
44297012,44298787,FEM
44305122,44307010,NA
44305907,44307011,FEM
44317493,44317814,OCH
44317992,44318464,OCH
44320888,44322491,NA
44320942,44322486,FEM
44325510,44326236,NA
44325677,44326232,FEM
44328170,44328324,OCH
44451992,44452512,OCH
44459575,44460132,OCH
44459807,44459993,NA
44460446,44468484,OCH
44460551,44461596,NA
44461869,44463344,NA
44463836,44464496,NA
44465328,44467520,NA
44482993,44484252,OCH
44483135,44483557,NA
44496236,44497068,OCH
44497235,44498283,OCH
44526011,44526718,OCH
44526210,44526512,NA
44528500,44529072,NA
44528557,44529355,OCH
44532167,44532283,NA
44532766,44532953,NA
44532816,44532985,FEM
44535197,44535702,NA
44535867,44536431,NA
44535925,44536396,FEM
44611999,44613995,OCH
44612492,44613992,NA
44616840,44616989,OCH
44621542,44621787,NA
44621896,44624824,NA
44622620,44623012,OCH
44623492,44624796,FEM
44625276,44626029,OCH
44625281,44627125,NA
44626788,44626893,FEM
44633492,44635259,OCH
44633852,44635183,NA
44635492,44636010,NA
44645432,44646534,NA
44648081,44648201,NA
44648493,44649011,NA
44650511,44651351,NA
44654853,44655324,NA
44654932,44655072,OCH
44658246,44659258,OCH
44658511,44659034,NA
44662104,44663511,OCH
44662151,44663493,NA
44667511,44668292,NA
44667534,44667731,FEM
44668491,44668623,NA
44668942,44673751,OCH
44669013,44671618,NA
44671927,44673512,NA
44675564,44677231,OCH
44676102,44676544,NA
44676655,44676962,NA
44677956,44678511,OCH
44681061,44682516,OCH
44681492,44682160,NA
44683940,44684492,NA
44683993,44684592,OCH
44684981,44685501,NA
44685098,44685436,OCH
44686352,44686912,NA
44694431,44695941,NA
44694437,44695863,OCH
44697742,44698510,OCH
44700974,44701696,NA
44700992,44701567,FEM
44702233,44703126,NA
44702314,44703024,FEM
44705228,44706269,NA
44705431,44706035,OCH
44705491,44706137,FEM
44708492,44709199,NA
44708603,44709011,FEM
44715993,44717903,NA
44716011,44717807,FEM
44718348,44720717,NA
44718394,44720492,FEM
44719045,44720317,OCH
44721992,44722127,OCH
44736965,44737378,NA
44737010,44737197,FEM
44738657,44738794,NA
44746680,44747492,NA
44747615,44749102,NA
44751407,44752590,OCH
44752195,44752511,NA
44761155,44765011,NA
44761209,44762740,OCH
44764286,44764944,OCH
44776177,44777011,NA
44776267,44777021,OCH
44782595,44783511,NA
44782617,44783434,FEM
44783796,44784263,NA
44783935,44784289,OCH
44792431,44794510,OCH
44793105,44794492,NA
44800393,44800563,OCH
44822511,44823665,NA
44826991,44827573,NA
44827012,44827545,FEM
44833508,44834753,NA
44834011,44834352,OCH
44835010,44838992,NA
44835407,44836511,OCH
44837594,44837888,FEM
44838726,44840287,OCH
44839722,44839992,NA
44841149,44843370,NA
44841492,44843355,FEM
44861511,44862210,NA
44861528,44861758,OCH
44862692,44864992,OCH
44862743,44864147,NA
44865510,44866882,NA
44865640,44866801,FEM
44867501,44870309,NA
44867525,44868538,FEM
44868740,44868944,MAL
44876195,44877491,NA
44876229,44877022,FEM
44877930,44879076,NA
44878160,44878492,FEM
44880249,44881267,OCH
44883035,44884604,NA
44883509,44884047,MAL
44884213,44884515,MAL
44907257,44907392,OCH
44908012,44908533,OCH
44914492,44915511,OCH
44914554,44915021,NA
44926044,44926167,OCH
44926287,44926788,OCH
44926491,44926827,NA
44967702,44968549,NA
44968011,44968347,FEM
44968993,44969430,OCH
44969011,44969349,NA
44969929,44971419,OCH
44970010,44971244,NA
44972518,44973986,OCH
44972800,44972992,NA
44976011,44976836,NA
44976492,44976806,FEM
44980010,44980299,FEM
44980010,44980391,NA
45019010,45019226,NA
45025283,45028422,NA
45025322,45026589,FEM
45025511,45025720,MAL
45026700,45026992,FEM
45027190,45028012,FEM
45029512,45029822,NA
45031240,45032445,NA
45031268,45031676,MAL
45031651,45032286,FEM
45033072,45034491,NA
45033194,45033388,FEM
45033492,45034462,FEM
45034736,45035991,NA
45034881,45034989,MAL
45035735,45036511,OCH
45038012,45038511,FEM
45038012,45038967,NA
45073522,45073723,NA
45101676,45102277,FEM
45101688,45102275,NA
45108011,45108659,OCH
45108173,45108511,NA
45275471,45275992,NA
45275492,45276673,OCH
45276788,45276989,OCH
45278050,45278156,OCH
45279992,45281349,OCH
45280510,45281048,NA
45281492,45283056,OCH
45281673,45283138,NA
45284113,45285011,NA
45284123,45285019,FEM
45519747,45520511,OCH
45519749,45521158,NA
45541992,45543011,NA
45542336,45542476,OCH
45546146,45547491,NA
45546221,45547333,OCH
45581024,45582011,NA
45581160,45581546,OCH
45581763,45581993,OCH
45594492,45597972,NA
45594686,45596542,FEM
45596012,45596620,MAL
45597036,45597510,CHI
45599814,45601010,NA
45600013,45600511,CHI
45600572,45600935,FEM
45631097,45631208,OCH
45633491,45634011,NA
45648149,45650010,NA
45649011,45650010,FEM
45659290,45660026,NA
45659492,45659983,FEM
45660427,45660560,NA
45662462,45669015,NA
45662493,45666086,FEM
45666276,45668898,FEM
45670510,45670837,FEM
45670510,45670848,NA
45683492,45685745,FEM
45683492,45685905,NA
45691992,45692492,NA
45716867,45723492,NA
45716916,45720011,CHI
45719885,45720346,FEM
45720489,45723155,CHI
45723759,45724832,NA
45727511,45727622,NA
45727991,45729491,FEM
45727991,45729510,NA
45732992,45733137,NA
45732992,45733142,FEM
45744981,45749492,NA
45744991,45749011,FEM
45749634,45750468,NA
45751407,45755012,NA
45751541,45755012,FEM
45773949,45774492,NA
45774141,45774251,OCH
45775675,45779011,NA
45775781,45778554,OCH
45778011,45778630,FEM
45781991,45783510,FEM
45781991,45783510,NA
45784575,45787552,NA
45784595,45786802,FEM
45788492,45789744,NA
45788510,45789328,FEM
45798607,45801084,NA
45799125,45799851,OCH
45804437,45806580,NA
45805510,45806084,CHI
45809820,45813104,NA
45809867,45811649,FEM
45812010,45812287,FEM
45814083,45815954,NA
45814464,45815613,FEM
45816563,45817957,NA
45817010,45817864,FEM
45832561,45835511,NA
45832993,45834794,FEM
45835060,45835163,OCH
45835750,45835885,OCH
45835750,45835893,NA
45841511,45843011,NA
45841753,45842857,CHI
45841881,45842726,OCH
45845492,45847563,NA
45845602,45847011,OCH
45858992,45862897,NA
45859407,45861511,CHI
45859841,45859983,FEM
45860480,45861487,OCH
45862313,45862419,OCH
45871993,45873054,NA
45872133,45872511,CHI
45873405,45874100,NA
45873471,45874036,OCH
45874247,45885511,NA
45874991,45876213,OCH
45875808,45876100,CHI
45876800,45877213,FEM
45877204,45878316,OCH
45877992,45882644,FEM
45879991,45880511,OCH
45882985,45883992,FEM
45883041,45883238,OCH
45883611,45884576,CHI
45883955,45884510,OCH
45884401,45885305,FEM
45884838,45884992,OCH
45891925,45906768,NA
45892487,45893582,FEM
45894003,45894631,OCH
45894511,45897012,FEM
45898993,45901833,FEM
45901865,45902773,OCH
45902511,45904826,FEM
45902643,45903011,CHI
45903669,45904012,MAL
45905030,45906510,FEM
45907727,45909300,NA
45908508,45908766,MAL
45910511,45914121,NA
45911011,45911242,FEM
45911492,45914011,FEM
45911651,45911924,MAL
45913542,45913650,MAL
45919992,45922511,NA
45920010,45922022,FEM
45924278,45929011,NA
45924675,45925760,FEM
45925201,45925464,MAL
45925993,45926130,CHI
45926492,45928493,OCH
45927243,45927683,CHI
45927818,45928010,CHI
45929158,45929737,NA
45929182,45929643,MAL
45931293,45931430,NA
45931295,45932154,OCH
45931533,45931673,NA
45931971,45932187,NA
45932493,45932831,NA
45933375,45948492,NA
45933991,45939259,FEM
45939597,45941011,OCH
45941992,45948011,FEM
45949511,45949818,NA
45949947,45954993,NA
45949992,45952908,FEM
45952976,45953808,CHI
45953210,45953510,MAL
45953740,45954582,MAL
45955450,45957100,FEM
45955455,45957208,NA
45957370,45957735,NA
45961992,45964012,NA
45962492,45963994,FEM
45965991,45966528,NA
45967598,45967993,NA
45968492,45968679,NA
45968833,45972085,NA
45968975,45969512,FEM
45970571,45972048,FEM
45972318,45972993,NA
45972449,45973011,OCH
45973364,45974712,NA
45976067,45976362,OCH
45993488,46017585,NA
45993957,45997492,FEM
45998261,46005011,FEM
46005011,46007492,OCH
46005492,46007514,CHI
46007492,46010302,FEM
46010808,46012492,FEM
46011491,46013010,OCH
46013511,46013995,FEM
46015012,46017511,FEM
46018511,46028491,NA
46018992,46021010,FEM
46020511,46020631,OCH
46020992,46022988,OCH
46021244,46021735,CHI
46022958,46028134,FEM
46026839,46027511,OCH
46034497,46034657,NA
46035010,46035511,NA
46036676,46039923,NA
46036725,46037992,OCH
46037992,46039794,FEM
46046462,46048993,NA
46046492,46048881,FEM
46049862,46059037,NA
46050270,46056995,FEM
46056971,46058876,OCH
46059577,46062383,NA
46060456,46062015,FEM
46066492,46069992,NA
46066511,46069143,FEM
46071094,46071371,OCH
46072814,46072954,OCH
46073566,46075183,NA
46075789,46075993,NA
46076129,46076492,NA
46076700,46088011,NA
46077491,46084492,FEM
46083168,46083333,OCH
46085011,46085877,FEM
46085988,46086992,FEM
46086018,46086286,CHI
46086111,46086281,OCH
46086992,46087483,CHI
46090492,46098351,NA
46090520,46092469,FEM
46091990,46093510,OCH
46093845,46096837,FEM
46097011,46098238,OCH
46097373,46098051,CHI
46099513,46118992,NA
46100419,46103991,FEM
46100492,46101175,MAL
46101511,46102011,CHI
46103980,46105095,OCH
46104090,46104492,CHI
46105376,46105992,MAL
46105991,46109754,FEM
46109491,46111518,MAL
46110992,46118992,FEM
46115926,46116356,CHI
46120199,46122543,NA
46120492,46122196,CHI
46120543,46120793,OCH
46120992,46121434,OCH
46123120,46124492,NA
46126943,46127510,OCH
46126981,46132492,NA
46127978,46128115,OCH
46128511,46128789,FEM
46129589,46129741,FEM
46129993,46131868,FEM
46133493,46135012,NA
46137830,46138306,FEM
46137831,46149011,NA
46138493,46142243,FEM
46142435,46146512,FEM
46146993,46148011,FEM
46148835,46148989,FEM
46155963,46165511,NA
46155992,46156289,FEM
46156417,46161491,FEM
46161254,46162791,OCH
46163491,46165492,FEM
46166240,46166491,NA
46166659,46167373,NA
46175511,46180742,NA
46175923,46177842,OCH
46178657,46180010,OCH
46181171,46197192,NA
46181705,46182301,OCH
46182572,46196511,FEM
46182623,46182993,OCH
46200944,46203232,NA
46202282,46202383,FEM
46202356,46203203,MAL
46202861,46202993,FEM
46203855,46216565,NA
46203907,46208340,FEM
46208770,46209511,OCH
46209511,46209680,FEM
46209992,46214273,FEM
46214702,46215525,MAL
46220993,46221207,OCH
46221011,46223011,NA
46221492,46222898,MAL
46225873,46229616,NA
46225991,46229903,OCH
46227491,46227992,FEM
46232988,46235023,NA
46233053,46233240,FEM
46233359,46234561,FEM
46236972,46239011,NA
46237105,46238921,FEM
46237227,46237517,OCH
46237773,46237992,OCH
46241781,46247353,NA
46241911,46243511,FEM
46242299,46242748,MAL
46244010,46246492,FEM
46248212,46250856,NA
46248511,46250769,FEM
46255431,46256089,OCH
46255433,46257450,NA
46256169,46257234,FEM
46265870,46266653,NA
46277492,46280508,OCH
46277656,46284904,NA
46280508,46284691,FEM
46285992,46286643,OCH
46305511,46306510,NA
46305513,46306519,FEM
46326011,46326161,NA
46327493,46332886,NA
46327992,46328716,OCH
46328571,46329718,FEM
46329092,46329686,OCH
46329992,46331399,OCH
46330080,46331011,CHI
46331612,46332813,FEM
46333011,46336214,NA
46333149,46335952,FEM
46336953,46337825,NA
46336966,46337810,FEM
46341997,46342925,NA
46343713,46344975,OCH
46343991,46344921,NA
46346816,46348434,OCH
46346857,46349677,NA
46350991,46370242,NA
46350993,46352993,FEM
46352825,46353510,OCH
46353473,46357010,FEM
46357491,46358112,OCH
46358011,46369493,FEM
46369209,46370206,OCH
46371992,46373992,NA
46372011,46373992,OCH
46374638,46378015,NA
46374660,46376012,OCH
46375492,46378011,FEM
46379993,46388493,FEM
46379993,46388599,NA
46382377,46382492,CHI
46389537,46389868,OCH
46389993,46393334,OCH
46390107,46391324,NA
46391992,46393867,NA
46397001,46398012,NA
46397126,46398088,OCH
46416011,46416193,NA
46416329,46416481,NA
46424018,46425268,NA
46433491,46434301,NA
46437351,46438693,NA
46442012,46442257,NA
46442492,46442639,NA
46444511,46444732,NA
46444990,46445511,NA
46868966,46869511,NA
46868993,46869511,FEM
47139268,47139513,NA
47139492,47139818,OCH
47193492,47194105,FEM
47193492,47194108,NA
47198492,47200011,NA
47198526,47199512,FEM
47200286,47201752,NA
47201010,47201536,FEM
47206010,47206150,NA
47206992,47209262,NA
47207057,47209259,FEM
47225408,47229061,NA
47225492,47226850,FEM
47227033,47228010,MAL
47228493,47228721,FEM
47230493,47230994,FEM
47230493,47231011,NA
47235179,47237079,NA
47235493,47236993,FEM
47238547,47240145,NA
47238692,47239492,FEM
47244279,47245511,NA
47244511,47245512,FEM
47255513,47255650,FEM
47262083,47262556,MAL
47262364,47262479,NA
47269492,47270832,FEM
47269492,47270872,NA
47271215,47272423,FEM
47271217,47272378,NA
47279744,47280993,NA
47288787,47289509,MAL
47292680,47293262,MAL
47300522,47302471,MAL
47302743,47303145,NA
47334942,47336010,NA
47335644,47335904,MAL
47336511,47336875,NA
47336511,47337037,MAL
47337978,47339021,MAL
47339195,47339438,MAL
47346586,47347492,FEM
47346604,47347492,NA
47348499,47349010,NA
47353992,47354876,MAL
47354176,47354532,NA
47355830,47357070,MAL
47378383,47381010,MAL
47378512,47380167,NA
47389511,47390593,NA
47389517,47389949,MAL
47390010,47390528,FEM
47395493,47395972,NA
47405010,47406991,NA
47405491,47406510,FEM
47408228,47409492,NA
47409013,47409145,FEM
47410510,47411529,NA
47410512,47411511,FEM
47411990,47412493,NA
47413991,47414818,NA
47414275,47414493,FEM
47419066,47419898,NA
47419358,47419910,MAL
47420492,47420708,NA
47422059,47422194,MAL
47429990,47430571,NA
47433554,47434875,NA
47433639,47433798,FEM
47434012,47434863,FEM
47436992,47437954,MAL
47439992,47441511,FEM
47439992,47441580,NA
47444992,47447010,NA
47445978,47446373,MAL
47461525,47462011,NA
47465133,47466147,NA
47465153,47466144,FEM
47467186,47468011,NA
47470604,47471098,MAL
47470663,47470909,NA
47494463,47495379,MAL
47494492,47495933,NA
47496606,47497485,MAL
47496724,47497492,NA
47502011,47502813,NA
47504991,47506930,MAL
47505715,47505975,NA
47530862,47531643,MAL
47531909,47532012,MAL
47535010,47535653,NA
47535027,47535336,FEM
47541716,47541863,NA
47554493,47555561,NA
47554764,47554926,MAL
47559871,47564348,NA
47560724,47561359,MAL
47562020,47562498,FEM
47562942,47564307,FEM
47565034,47566011,NA
47565073,47565510,FEM
47567993,47569022,NA
47568011,47569012,FEM
47572491,47572810,MAL
47572993,47574513,MAL
47573139,47574108,NA
47578663,47579100,NA
47578688,47579010,FEM
47584051,47585011,MAL
47587935,47589035,MAL
47588254,47588907,NA
47591511,47592562,NA
47591992,47592510,FEM
47595477,47596511,NA
47596938,47597993,MAL
47597006,47598012,NA
47602703,47604026,MAL
47602716,47606511,NA
47604277,47604424,MAL
47604539,47605017,MAL
47605035,47605511,FEM
47605529,47606511,MAL
47617991,47618804,NA
47626439,47629087,NA
47626491,47626992,FEM
47634991,47635759,MAL
47640741,47644653,OCH
47641011,47644020,NA
47644511,47644815,NA
47652042,47652992,NA
47652293,47652511,FEM
47654011,47654165,NA
47654441,47655717,NA
47654624,47655594,OCH
47656416,47657309,NA
47656510,47657271,FEM
47661325,47662515,NA
47661510,47662502,FEM
47664114,47665834,MAL
47664194,47665512,NA
47669011,47669205,FEM
47669011,47669327,NA
47669977,47671511,NA
47669992,47671011,FEM
47672720,47674342,NA
47672849,47674057,FEM
47677992,47680491,NA
47678492,47680492,FEM
47681598,47683336,FEM
47681598,47683380,NA
47685993,47686992,OCH
47690789,47691332,NA
47691511,47698791,NA
47691605,47695247,FEM
47692117,47692271,MAL
47695768,47698667,FEM
47700026,47701901,FEM
47700029,47701924,NA
47705993,47709591,NA
47706351,47708111,MAL
47708058,47709511,FEM
47708227,47708352,MAL
47711012,47713538,MAL
47719333,47719475,MAL
47727770,47729132,NA
47727993,47729053,FEM
47729461,47730992,NA
47729491,47730716,FEM
47729672,47730792,MAL
47732336,47733511,NA
47734010,47734228,NA
47735825,47736507,OCH
47735870,47735992,NA
47740114,47740652,NA
47740821,47741245,NA
47742880,47743336,MAL
47742991,47743217,NA
47748511,47748909,NA
47751328,47752104,NA
47754993,47755973,NA
47756665,47761010,NA
47756672,47757063,MAL
47757234,47758064,MAL
47758169,47758292,MAL
47759051,47760521,FEM
47769355,47769539,MAL
47770064,47770432,MAL
47771492,47772034,NA
47772138,47772401,NA
47775926,47776917,NA
47775985,47776878,FEM
47777604,47778827,NA
47778010,47778761,FEM
47787511,47787670,NA
47788461,47790010,NA
47788542,47789867,FEM
47791966,47793011,NA
47792008,47792992,OCH
47804491,47805011,NA
47810334,47810774,NA
47810380,47810702,FEM
47812199,47813993,NA
47812361,47813897,FEM
47817506,47818011,NA
47823991,47824440,NA
47829936,47832805,NA
47830892,47831238,MAL
47831011,47831521,CHI
47831207,47831408,OCH
47831453,47831990,MAL
47832010,47832511,OCH
47833100,47836991,NA
47833207,47833992,FEM
47834992,47836511,FEM
47837152,47837491,NA
47850058,47854493,NA
47850510,47851008,OCH
47851511,47851823,OCH
47851948,47853511,OCH
47852512,47854260,CHI
47865387,47866759,MAL
47869198,47869856,MAL
47869250,47869879,NA
47889210,47889492,NA
47893992,47895296,NA
47894011,47895297,FEM
47904809,47906011,MAL
47922076,47922645,NA
47922334,47922834,MAL
47930565,47930673,NA
47930992,47931716,NA
47931851,47932018,NA
47933510,47937498,NA
47933512,47937483,FEM
47940992,47942926,MAL
47941269,47942511,NA
47948654,47949012,OCH
47955436,47957120,MAL
47956011,47956593,NA
47959601,47960195,NA
47965409,47966067,NA
47965510,47966867,MAL
47966224,47966386,NA
47970919,47973143,MAL
47971069,47971548,NA
47973246,47973352,MAL
48007731,48007977,MAL
48010193,48011595,NA
48010727,48011441,FEM
48013641,48015102,NA
48014009,48015990,MAL
48018474,48020123,NA
48018508,48018618,MAL
48018992,48019115,MAL
48019291,48019402,MAL
48019832,48020011,MAL
48020958,48022043,NA
48020992,48021117,OCH
48021447,48022022,OCH
48039760,48039941,MAL
48042492,48042595,OCH
48042828,48046011,NA
48042943,48043853,OCH
48045180,48045892,MAL
48056362,48057511,MAL
48057248,48057371,NA
48062013,48063375,NA
48062494,48062617,MAL
48065891,48068616,NA
48071510,48072011,NA
48071510,48072092,OCH
48080491,48080857,MAL
48080962,48081111,MAL
48084187,48084347,MAL
48088507,48088907,NA
48093048,48094035,NA
48093202,48093337,MAL
48093492,48093676,MAL
48107491,48108628,MAL
48107957,48108511,NA
48120083,48120223,NA
48136143,48137351,MAL
48136904,48137336,NA
48138212,48140011,MAL
48138504,48139930,NA
48153931,48154599,NA
48153992,48154220,MAL
48154782,48154887,NA
48158187,48159503,NA
48158501,48158768,MAL
48159107,48159272,MAL
48159821,48159980,MAL
48163786,48169360,NA
48164569,48166175,MAL
48164618,48165026,FEM
48166010,48166440,FEM
48166291,48166512,MAL
48169573,48170673,NA
48169711,48170011,OCH
48170174,48170493,OCH
48194011,48195992,MAL
48194487,48195116,NA
48199644,48200351,MAL
48199651,48200839,NA
48203297,48203820,MAL
48218698,48219019,NA
48218731,48219018,MAL
48219992,48220275,MAL
48230512,48231012,NA
48239992,48240871,NA
48255750,48257512,NA
48256007,48257451,FEM
48275511,48275693,FEM
48284492,48284975,NA
48286805,48287364,NA
48521390,48523493,NA
48521492,48523306,FEM
48538492,48539010,FEM
48538492,48539010,NA
48595162,48595856,OCH
48603491,48604141,NA
48603660,48603792,CHI
48697468,48698275,NA
48697492,48698012,CHI
48885010,48887352,NA
48885176,48887223,FEM
48894513,48895993,OCH
48894997,48895993,NA
48896367,48897010,NA
49044671,49045510,FEM
49044687,49045510,NA
49077667,49078838,FEM
49077679,49078867,NA
49143011,49143512,NA
49143011,49143932,FEM
49350511,49350818,NA
49350511,49350842,FEM
49351003,49351835,FEM
49351012,49351805,NA
49394787,49396340,FEM
49394953,49396337,NA
49408220,49408620,FEM
49408233,49408468,NA
49464309,49465060,FEM
49464338,49465011,NA
49682509,49682939,FEM
49682511,49682918,NA
49719386,49720505,NA
49719493,49720511,FEM
50065773,50065881,NA
50094011,50094414,FEM
50094799,50094910,FEM
50124012,50124132,NA
50130390,50131011,FEM
50130402,50131069,NA
50133011,50133183,NA
50133011,50133224,FEM
50134604,50135429,FEM
50134606,50135426,NA
50139483,50141245,FEM
50139493,50141145,NA
50157532,50158587,NA
50157611,50158510,FEM
50205501,50206103,FEM
50205511,50206046,NA
50290274,50290460,MAL
50290300,50290445,NA
50311478,50312511,NA
50311486,50312568,FEM
50352511,50353562,NA
50352511,50353578,FEM
50436775,50437690,FEM
50436856,50437609,NA
50457754,50457992,FEM
50457779,50457992,NA
50480992,50481763,NA
50480992,50481837,FEM
50492992,50493993,FEM
50492992,50493993,NA
50543347,50543772,NA
50543495,50543780,FEM
50570084,50571010,FEM
50570306,50570674,NA
50570845,50571010,NA
50593059,50593564,FEM
50593096,50593511,NA
50594573,50594814,FEM
50594659,50594765,NA
50597740,50597954,FEM
50598511,50598739,NA
50598511,50598909,FEM
50628011,50628360,NA
50628011,50628455,FEM
50629234,50629651,FEM
50629305,50629511,NA
50647493,50648256,FEM
50647511,50648203,NA
50650277,50651020,FEM
50650284,50650981,NA
50666992,50667841,FEM
50666999,50667841,NA
50700678,50702264,FEM
50700698,50702276,NA
50725864,50725987,OCH
50731012,50732998,FEM
50731098,50732991,NA
50739171,50739292,FEM
50752111,50752317,NA
50752145,50752302,FEM
52942273,52942877,MAL
53523047,53523374,OCH
53523160,53523390,NA
54102646,54103672,OCH
54740203,54740510,FEM
54740244,54740511,NA
55282407,55283058,OCH
55766991,55767909,NA
55767547,55767766,FEM
