segment_onset,segment_offset,speaker_type,lena_speaker,words,lena_block_number,lena_block_type,lena_conv_status,lena_response_count,lena_conv_turn_type,lena_conv_floor_type,utterances_count,utterances_length,average_db,peak_db,utterances,non_speech_length,child_cry_vfx_len,cries,vfxs
0,1450,NA,SIL,0.0,1,pause,NA,NA,NA,NA,0.0,0,-20.21,-6.43,[],0,0,[],[]
1450,2480,NA,NOF,0.0,1,pause,NA,NA,NA,NA,0.0,0,-40.69,-33.62,[],0,0,[],[]
2480,3910,FEM,FAN,5.54,1,AIOCF,BC,0,NT,FI,0.0,0,-31.54,-22.09,[],0,0,[],[]
3910,4900,NA,SIL,0.0,1,AIOCF,NA,NA,NA,NA,0.0,0,-49.69,-40.48,[],0,0,[],[]
4900,5960,NA,TVF,0.0,1,AIOCF,NA,NA,NA,NA,0.0,0,-47.94,-38.88,[],0,0,[],[]
5960,6760,NA,SIL,0.0,1,AIOCF,NA,NA,NA,NA,0.0,0,-52.75,-47.84,[],0,0,[],[]
6760,8740,OCH,CXN,0.0,1,AIOCF,RC,0,NT,FI,0.0,0,-30.35,-19.79,[],0,0,[],[]
8740,9540,NA,NOF,0.0,1,AIOCF,NA,NA,NA,NA,0.0,0,-33.2,-21.45,[],0,0,[],[]
9540,10540,FEM,FAN,4.82,1,AIOCF,EC,0,NT,FI,0.0,0,-15.0,-3.9,[],0,0,[],[]
10540,11340,NA,NOF,0.0,2,pause,NA,NA,NA,NA,0.0,0,-25.15,-8.31,[],0,0,[],[]
11340,12340,NA,TVF,0.0,2,pause,NA,NA,NA,NA,0.0,0,-41.92,-31.09,[],0,0,[],[]
12340,13140,NA,NON,0.0,2,pause,NA,NA,NA,NA,0.0,0,-16.34,-5.11,[],0,0,[],[]
13140,15120,NA,OLF,0.0,2,pause,NA,NA,NA,NA,0.0,0,-26.65,-11.37,[],0,0,[],[]
15120,16510,NA,NOF,0.0,2,pause,NA,NA,NA,NA,0.0,0,-25.08,-6.95,[],0,0,[],[]
16510,17950,NA,CXF,0.0,2,pause,NA,NA,NA,NA,0.0,0,-41.32,-34.5,[],0,0,[],[]
17950,19020,NA,OLF,0.0,2,pause,NA,NA,NA,NA,0.0,0,-36.42,-19.33,[],0,0,[],[]
19020,19880,NA,OLN,0.0,2,pause,NA,NA,NA,NA,0.0,0,-37.66,-25.96,[],0,0,[],[]
19880,22350,NA,NOF,0.0,2,pause,NA,NA,NA,NA,0.0,0,-28.99,-12.91,[],0,0,[],[]
22350,23740,NA,SIL,0.0,2,pause,NA,NA,NA,NA,0.0,0,-49.36,-40.0,[],0,0,[],[]
23740,24570,FEM,FAN,3.54,2,AMF,BC,0,NT,FI,0.0,0,-26.88,-19.75,[],0,0,[],[]
24570,26660,FEM,FAN,7.24,2,AMF,RC,0,NT,FH,0.0,0,-30.35,-11.72,[],0,0,[],[]
26660,28070,NA,NON,0.0,2,AMF,NA,NA,NA,NA,0.0,0,-31.82,-14.77,[],0,0,[],[]
28070,29070,FEM,FAN,3.41,2,AMF,RC,0,NT,FH,0.0,0,-35.24,-26.24,[],0,0,[],[]
29070,29940,NA,NOF,0.0,2,AMF,NA,NA,NA,NA,0.0,0,-45.43,-34.85,[],0,0,[],[]
29940,32730,FEM,FAN,9.05,2,AMF,EC,0,NT,FH,0.0,0,-36.86,-28.75,[],0,0,[],[]
32730,34060,NA,TVN,0.0,3,pause,NA,NA,NA,NA,0.0,0,-44.78,-38.63,[],0,0,[],[]
34060,35450,NA,SIL,0.0,3,pause,NA,NA,NA,NA,0.0,0,-53.25,-44.3,[],0,0,[],[]
35450,36250,NA,NOF,0.0,3,pause,NA,NA,NA,NA,0.0,0,-38.61,-25.99,[],0,0,[],[]
36250,39430,NA,SIL,0.0,3,pause,NA,NA,NA,NA,0.0,0,-56.52,-45.94,[],0,0,[],[]
39430,40250,NA,NOF,0.0,3,pause,NA,NA,NA,NA,0.0,0,-22.17,-7.48,[],0,0,[],[]
40250,41300,NA,SIL,0.0,3,pause,NA,NA,NA,NA,0.0,0,-54.95,-46.65,[],0,0,[],[]
41300,42100,NA,MAF,0.0,3,pause,NA,NA,NA,NA,0.0,0,-44.37,-36.96,[],0,0,[],[]
42100,44390,NA,SIL,0.0,3,pause,NA,NA,NA,NA,0.0,0,-51.06,-39.8,[],0,0,[],[]
44390,45630,NA,TVF,0.0,3,pause,NA,NA,NA,NA,0.0,0,-49.21,-35.32,[],0,0,[],[]
45630,46570,NA,SIL,0.0,3,pause,NA,NA,NA,NA,0.0,0,-55.15,-48.62,[],0,0,[],[]
46570,47890,NA,MAF,0.0,3,pause,NA,NA,NA,NA,0.0,0,-48.41,-37.27,[],0,0,[],[]
47890,52440,NA,SIL,0.0,3,pause,NA,NA,NA,NA,0.0,0,-56.68,-41.38,[],0,0,[],[]
52440,54370,NA,FAF,0.0,3,pause,NA,NA,NA,NA,0.0,0,-41.82,-31.34,[],0,0,[],[]
54370,55190,NA,NOF,0.0,3,pause,NA,NA,NA,NA,0.0,0,-52.81,-42.88,[],0,0,[],[]
55190,58330,NA,SIL,0.0,3,pause,NA,NA,NA,NA,0.0,0,-56.55,-38.86,[],0,0,[],[]
58330,59440,NA,NOF,0.0,3,pause,NA,NA,NA,NA,0.0,0,-54.71,-43.92,[],0,0,[],[]
59440,61440,NA,SIL,0.0,3,pause,NA,NA,NA,NA,0.0,0,-62.3,-56.39,[],0,0,[],[]
61440,62300,NA,NOF,0.0,3,pause,NA,NA,NA,NA,0.0,0,-51.37,-40.34,[],0,0,[],[]
62300,73420,NA,SIL,0.0,3,pause,NA,NA,NA,NA,0.0,0,-56.58,-33.95,[],0,0,[],[]
73420,74420,NA,TVF,0.0,3,pause,NA,NA,NA,NA,0.0,0,-53.12,-37.76,[],0,0,[],[]
74420,84290,NA,SIL,0.0,3,pause,NA,NA,NA,NA,0.0,0,-57.29,-36.09,[],0,0,[],[]
84290,85470,NA,TVF,0.0,3,pause,NA,NA,NA,NA,0.0,0,-53.75,-40.61,[],0,0,[],[]
85470,87970,NA,SIL,0.0,3,pause,NA,NA,NA,NA,0.0,0,-58.3,-42.31,[],0,0,[],[]
87970,88770,NA,NOF,0.0,3,pause,NA,NA,NA,NA,0.0,0,-52.04,-40.16,[],0,0,[],[]
88770,91740,NA,SIL,0.0,3,pause,NA,NA,NA,NA,0.0,0,-52.81,-35.56,[],0,0,[],[]
91740,92800,NA,TVF,0.0,3,pause,NA,NA,NA,NA,0.0,0,-50.86,-37.67,[],0,0,[],[]
92800,93750,NA,SIL,0.0,3,pause,NA,NA,NA,NA,0.0,0,-54.28,-41.49,[],0,0,[],[]
93750,94580,NA,NOF,0.0,3,pause,NA,NA,NA,NA,0.0,0,-46.88,-33.49,[],0,0,[],[]
94580,95720,NA,TVF,0.0,3,pause,NA,NA,NA,NA,0.0,0,-57.71,-53.31,[],0,0,[],[]
95720,99920,NA,SIL,0.0,3,pause,NA,NA,NA,NA,0.0,0,-55.8,-41.33,[],0,0,[],[]
99920,100520,NA,TVF,0.0,3,pause,NA,NA,NA,NA,0.0,0,-46.24,-34.67,[],0,0,[],[]
100520,101350,NA,SIL,0.0,3,pause,NA,NA,NA,NA,0.0,0,-55.79,-48.54,[],0,0,[],[]
101350,102150,NA,TVF,0.0,3,pause,NA,NA,NA,NA,0.0,0,-47.97,-40.48,[],0,0,[],[]
102150,103490,NA,NOF,0.0,3,pause,NA,NA,NA,NA,0.0,0,-42.98,-27.1,[],0,0,[],[]
103490,104490,FEM,FAN,3.14,3,AICF,BC,0,NT,FI,0.0,0,-42.7,-35.17,[],0,0,[],[]
104490,105310,NA,SIL,0.0,3,AICF,NA,NA,NA,NA,0.0,0,-61.72,-53.37,[],0,0,[],[]
105310,106180,NA,TVN,0.0,3,AICF,NA,NA,NA,NA,0.0,0,-41.99,-33.28,[],0,0,[],[]
106180,107020,NA,OLN,0.0,3,AICF,NA,NA,NA,NA,0.0,0,-27.69,-12.95,[],0,0,[],[]
107020,107820,NA,NON,0.0,3,AICF,NA,NA,NA,NA,0.0,0,-38.79,-28.58,[],0,0,[],[]
107820,108500,OCH,CXN,0.0,3,AICF,RC,0,NT,FI,0.0,0,-23.05,-17.16,[],0,0,[],[]
108500,109770,OCH,CXN,0.0,3,AICF,RC,0,NT,FH,0.0,0,-40.03,-32.1,[],0,0,[],[]
109770,110730,CHI,CHN,0.0,3,AICF,RC,0,NT,FI,1.0,960,-15.36,-9.02,"[{'Canonical-syllable': '0', 'Growl': '0', 'High-freq-energy': '0', 'Long-island': '1', 'Low-tilt-spectrum': '1', 'Medium-island': '0', 'Short-island': '1', 'Squeal': '1', 'Typical-entropy': '2', 'Voicing-quality': '2', 'Wide-band': '0', 'Xlong-island': '0', 'seq': '1', 'end': 110.73, 'start': 109.86}]",0,0,[],[]
110730,111870,CHI,CHN,0.0,3,AICF,RC,0,NT,FH,1.0,1140,-16.3,-7.89,"[{'Canonical-syllable': '0', 'Growl': '0', 'High-freq-energy': '0', 'Long-island': '0', 'Low-tilt-spectrum': '1', 'Medium-island': '1', 'Short-island': '1', 'Squeal': '1', 'Typical-entropy': '1', 'Voicing-quality': '5', 'Wide-band': '0', 'Xlong-island': '0', 'seq': '1', 'end': 111.87, 'start': 110.73}]",0,0,[],[]
111870,112470,CHI,CHN,0.0,3,AICF,RC,0,NT,FH,1.0,310,-17.79,-10.9,"[{'Canonical-syllable': '0', 'Growl': '0', 'High-freq-energy': '0', 'Long-island': '0', 'Low-tilt-spectrum': '0', 'Medium-island': '1', 'Short-island': '0', 'Squeal': '0', 'Typical-entropy': '0', 'Voicing-quality': '1', 'Wide-band': '0', 'Xlong-island': '0', 'seq': '1', 'end': 112.18, 'start': 111.87}]",0,0,[],[]
112470,113780,OCH,CXN,0.0,3,AICF,RC,0,NT,FI,0.0,0,-33.12,-27.39,[],0,0,[],[]
113780,115340,OCH,CXN,0.0,3,AICF,RC,0,NT,FH,0.0,0,-19.68,-4.69,[],0,0,[],[]
115340,116380,OCH,CXN,0.0,3,AICF,RC,0,NT,FH,0.0,0,-16.94,-7.51,[],0,0,[],[]
116380,116980,CHI,CHN,0.0,3,AICF,RC,0,NT,FI,1.0,600,-13.23,-11.49,"[{'Canonical-syllable': '0', 'Growl': '0', 'High-freq-energy': '0', 'Long-island': '0', 'Low-tilt-spectrum': '0', 'Medium-island': '1', 'Short-island': '0', 'Squeal': '0', 'Typical-entropy': '0', 'Voicing-quality': '1', 'Wide-band': '0', 'Xlong-island': '0', 'seq': '1', 'end': 116.98, 'start': 116.38}]",0,0,[],[]
116980,117780,NA,OLN,0.0,3,AICF,NA,NA,NA,NA,0.0,0,-20.43,-11.59,[],0,0,[],[]
117780,118720,CHI,CHN,0.0,3,AICF,NA,NA,NA,NA,0.0,0,-13.43,-3.05,[],0,940,"[{'start': 117.78, 'end': 118.72}]",[]
118720,119540,NA,OLN,0.0,3,AICF,NA,NA,NA,NA,0.0,0,-33.14,-24.74,[],0,0,[],[]
119540,121340,CHI,CHN,0.0,3,AICF,NA,NA,NA,NA,0.0,0,-11.87,-3.2,[],0,1660,"[{'start': 119.54, 'end': 121.2}]",[]
121340,122380,OCH,CXN,0.0,3,AICF,RC,0,NT,FI,0.0,0,-19.23,-5.92,[],0,0,[],[]
122380,123630,CHI,CHN,0.0,3,AICF,NA,NA,NA,NA,0.0,0,-12.94,-4.63,[],0,1250,"[{'start': 122.38, 'end': 123.63}]",[]
123630,124590,CHI,CHN,0.0,3,AICF,NA,NA,NA,NA,0.0,0,-17.98,-11.39,[],0,650,"[{'start': 123.63, 'end': 124.28}]",[]
124590,125610,FEM,FAN,7.78,3,AICF,RC,0,TIFI,FI,0.0,0,-25.59,-11.12,[],0,0,[],[]
125610,126570,CHI,CHN,0.0,3,AICF,RC,1,TIFR,FI,1.0,790,-17.71,-9.44,"[{'Canonical-syllable': '1', 'Growl': '0', 'High-freq-energy': '0', 'Long-island': '0', 'Low-tilt-spectrum': '1', 'Medium-island': '1', 'Short-island': '1', 'Squeal': '0', 'Typical-entropy': '0', 'Voicing-quality': '2', 'Wide-band': '0', 'Xlong-island': '0', 'seq': '1', 'end': 126.4, 'start': 125.69}]",0,0,[],[]
126570,128310,CHI,CHN,0.0,3,AICF,RC,1,NT,FH,2.0,1110,-21.57,-12.1,"[{'Canonical-syllable': '0', 'Growl': '1', 'High-freq-energy': '0', 'Long-island': '0', 'Low-tilt-spectrum': '0', 'Medium-island': '0', 'Short-island': '1', 'Squeal': '0', 'Typical-entropy': '1', 'Voicing-quality': '1', 'Wide-band': '0', 'Xlong-island': '0', 'seq': '1', 'end': 126.91, 'start': 126.73}, {'Canonical-syllable': '0', 'Growl': '0', 'High-freq-energy': '0', 'Long-island': '0', 'Low-tilt-spectrum': '0', 'Medium-island': '1', 'Short-island': '1', 'Squeal': '0', 'Typical-entropy': '0', 'Voicing-quality': '2', 'Wide-band': '0', 'Xlong-island': '0', 'seq': '2', 'end': 128.31, 'start': 127.54}]",0,0,[],[]
128310,128910,OCH,CXN,0.0,3,AICF,RC,1,NT,FI,0.0,0,-22.59,-15.74,[],0,0,[],[]
128910,130350,FEM,FAN,3.74,3,AICF,EC,1,NT,FI,0.0,0,-32.12,-20.98,[],0,0,[],[]
130350,131960,NA,OLN,0.0,4,pause,NA,NA,NA,NA,0.0,0,-27.36,-13.58,[],0,0,[],[]
131960,132960,FEM,FAN,0.0,4,pause,NA,NA,NA,NA,0.0,0,-27.46,-13.45,[],1000,0,[],[]
132960,133850,NA,NON,0.0,4,pause,NA,NA,NA,NA,0.0,0,-19.21,-6.53,[],0,0,[],[]
133850,135870,NA,OLN,0.0,4,pause,NA,NA,NA,NA,0.0,0,-22.67,-8.77,[],0,0,[],[]
135870,136670,NA,NON,0.0,4,pause,NA,NA,NA,NA,0.0,0,-16.27,-3.97,[],0,0,[],[]
136670,139560,NA,OLN,0.0,4,pause,NA,NA,NA,NA,0.0,0,-24.31,-8.33,[],0,0,[],[]
139560,140660,NA,OLF,0.0,4,pause,NA,NA,NA,NA,0.0,0,-14.73,-1.78,[],0,0,[],[]
140660,141840,NA,OLN,0.0,4,pause,NA,NA,NA,NA,0.0,0,-15.49,-3.3,[],0,0,[],[]
141840,142720,NA,OLF,0.0,4,pause,NA,NA,NA,NA,0.0,0,-15.25,-2.41,[],0,0,[],[]
142720,145340,OCH,CXN,0.0,4,XIC,BC,0,NT,FI,0.0,0,-23.88,-11.94,[],0,0,[],[]
145340,146780,FEM,FAN,6.76,4,XIC,RC,0,NT,FI,0.0,0,-22.91,-10.42,[],0,0,[],[]
146780,147700,NA,OLN,0.0,4,XIC,NA,NA,NA,NA,0.0,0,-14.42,-3.0,[],0,0,[],[]
147700,148510,NA,NOF,0.0,4,XIC,NA,NA,NA,NA,0.0,0,-12.53,-3.66,[],0,0,[],[]
148510,150280,NA,OLN,0.0,4,XIC,NA,NA,NA,NA,0.0,0,-22.7,-9.9,[],0,0,[],[]
150280,151280,FEM,FAN,7.24,4,XIC,RC,0,NT,FH,0.0,0,-24.56,-14.66,[],0,0,[],[]
151280,152080,NA,NOF,0.0,4,XIC,NA,NA,NA,NA,0.0,0,-37.64,-31.0,[],0,0,[],[]
152080,152880,OCH,CXN,0.0,4,XIC,RC,0,NT,FI,0.0,0,-19.21,-11.18,[],0,0,[],[]
152880,154090,NA,NOF,0.0,4,XIC,NA,NA,NA,NA,0.0,0,-37.94,-25.95,[],0,0,[],[]
154090,155260,FEM,FAN,4.12,4,XIC,RC,0,NT,FI,0.0,0,-23.92,-8.39,[],0,0,[],[]
155260,156180,NA,NOF,0.0,4,XIC,NA,NA,NA,NA,0.0,0,-17.64,-3.71,[],0,0,[],[]
156180,156980,OCH,CXN,0.0,4,XIC,RC,0,NT,FI,0.0,0,-29.21,-23.53,[],0,0,[],[]
156980,157600,FEM,FAN,1.13,4,XIC,RC,0,NT,FI,0.0,0,-22.91,-8.86,[],0,0,[],[]
157600,158400,NA,OLF,0.0,4,XIC,NA,NA,NA,NA,0.0,0,-36.25,-26.5,[],0,0,[],[]
158400,159390,NA,TVF,0.0,4,XIC,NA,NA,NA,NA,0.0,0,-47.09,-40.17,[],0,0,[],[]
159390,160310,OCH,CXN,0.0,4,XIC,RC,0,NT,FI,0.0,0,-36.15,-28.64,[],0,0,[],[]
160310,161670,OCH,CXN,0.0,4,XIC,RC,0,NT,FH,0.0,0,-27.02,-17.28,[],0,0,[],[]
161670,162290,CHI,CHN,0.0,4,XIC,NA,NA,NA,NA,0.0,0,-10.27,-3.23,[],0,620,"[{'start': 161.67, 'end': 162.29}]",[]
162290,163100,OCH,CXN,0.0,4,XIC,RC,0,NT,FH,0.0,0,-16.02,-12.4,[],0,0,[],[]
163100,164100,FEM,FAN,4.85,4,XIC,RC,0,NT,FI,0.0,0,-32.71,-21.56,[],0,0,[],[]
164100,165410,OCH,CXN,0.0,4,XIC,RC,0,NT,FI,0.0,0,-20.2,-11.74,[],0,0,[],[]
165410,166650,FEM,FAN,7.85,4,XIC,RC,0,NT,FI,0.0,0,-27.53,-19.26,[],0,0,[],[]
166650,167250,OCH,CXN,0.0,4,XIC,RC,0,NT,FI,0.0,0,-17.14,-12.71,[],0,0,[],[]
167250,169060,OCH,CXN,0.0,4,XIC,RC,0,NT,FH,0.0,0,-18.04,-10.78,[],0,0,[],[]
169060,170510,NA,SIL,0.0,4,XIC,NA,NA,NA,NA,0.0,0,-49.45,-40.58,[],0,0,[],[]
170510,172770,OCH,CXN,0.0,4,XIC,RC,0,NT,FH,0.0,0,-16.64,-9.37,[],0,0,[],[]
172770,173530,OCH,CXN,0.0,4,XIC,RC,0,NT,FH,0.0,0,-36.86,-29.15,[],0,0,[],[]
173530,174530,OCH,CXN,0.0,4,XIC,RC,0,NT,FH,0.0,0,-13.17,-4.23,[],0,0,[],[]
174530,175130,FEM,FAN,0.0,4,XIC,NA,NA,NA,NA,0.0,0,-29.11,-20.16,[],600,0,[],[]
175130,176440,NA,SIL,0.0,4,XIC,NA,NA,NA,NA,0.0,0,-46.55,-44.31,[],0,0,[],[]
176440,178080,OCH,CXN,0.0,4,XIC,RC,0,NT,FH,0.0,0,-30.51,-21.31,[],0,0,[],[]
178080,178880,NA,SIL,0.0,4,XIC,NA,NA,NA,NA,0.0,0,-49.1,-42.42,[],0,0,[],[]
178880,180960,FEM,FAN,8.28,4,XIC,RC,0,NT,FI,0.0,0,-28.44,-18.8,[],0,0,[],[]
180960,182900,CHI,CHN,0.0,4,XIC,NA,NA,NA,NA,0.0,0,-15.13,-5.65,[],0,1700,"[{'start': 180.96, 'end': 182.66}]",[]
182900,183740,NA,SIL,0.0,4,XIC,NA,NA,NA,NA,0.0,0,-51.72,-49.93,[],0,0,[],[]
183740,184660,OCH,CXN,0.0,4,XIC,RC,0,NT,FI,0.0,0,-31.15,-21.79,[],0,0,[],[]
184660,185360,FEM,FAN,3.66,4,XIC,RC,0,NT,FI,0.0,0,-29.39,-21.48,[],0,0,[],[]
185360,186160,NA,SIL,0.0,4,XIC,NA,NA,NA,NA,0.0,0,-48.37,-39.04,[],0,0,[],[]
186160,189230,OCH,CXN,0.0,4,XIC,RC,0,NT,FI,0.0,0,-21.86,-10.15,[],0,0,[],[]
189230,190230,FEM,FAN,4.65,4,XIC,RC,0,NT,FI,0.0,0,-29.26,-18.26,[],0,0,[],[]
190230,191170,FEM,FAN,1.27,4,XIC,RC,0,NT,FH,0.0,0,-29.77,-19.31,[],0,0,[],[]
191170,192420,FEM,FAN,6.37,4,XIC,RC,0,NT,FH,0.0,0,-27.65,-18.97,[],0,0,[],[]
192420,193020,FEM,FAN,5.03,4,XIC,RC,0,NT,FH,0.0,0,-27.0,-20.82,[],0,0,[],[]
193020,194040,FEM,FAN,6.97,4,XIC,RC,0,NT,FH,0.0,0,-29.45,-22.06,[],0,0,[],[]
194040,195820,NA,SIL,0.0,4,XIC,NA,NA,NA,NA,0.0,0,-61.15,-51.78,[],0,0,[],[]
195820,196930,OCH,CXN,0.0,4,XIC,RC,0,NT,FI,0.0,0,-38.51,-30.6,[],0,0,[],[]
196930,197800,NA,SIL,0.0,4,XIC,NA,NA,NA,NA,0.0,0,-59.07,-43.78,[],0,0,[],[]
197800,199000,OCH,CXN,0.0,4,XIC,RC,0,NT,FH,0.0,0,-41.67,-33.36,[],0,0,[],[]
199000,199600,FEM,FAN,5.19,4,XIC,RC,0,NT,FI,0.0,0,-33.72,-26.48,[],0,0,[],[]
199600,200950,OCH,CXN,0.0,4,XIC,RC,0,NT,FI,0.0,0,-35.46,-26.53,[],0,0,[],[]
200950,201750,NA,SIL,0.0,4,XIC,NA,NA,NA,NA,0.0,0,-55.98,-44.62,[],0,0,[],[]
201750,202350,OCH,CXN,0.0,4,XIC,RC,0,NT,FH,0.0,0,-33.69,-28.91,[],0,0,[],[]
202350,203510,NA,SIL,0.0,4,XIC,NA,NA,NA,NA,0.0,0,-49.67,-34.25,[],0,0,[],[]
203510,204330,OCH,CXN,0.0,4,XIC,RC,0,NT,FH,0.0,0,-27.84,-20.46,[],0,0,[],[]
204330,208550,FEM,FAN,17.48,4,XIC,RC,0,NT,FI,0.0,0,-26.75,-17.43,[],0,0,[],[]
208550,211490,NA,SIL,0.0,4,XIC,NA,NA,NA,NA,0.0,0,-62.15,-51.04,[],0,0,[],[]
211490,212460,FEM,FAN,4.28,4,XIC,RC,0,NT,FH,0.0,0,-27.57,-18.29,[],0,0,[],[]
212460,215490,FEM,FAN,13.86,4,XIC,RC,0,NT,FH,0.0,0,-27.44,-16.29,[],0,0,[],[]
215490,216480,NA,SIL,0.0,4,XIC,NA,NA,NA,NA,0.0,0,-58.04,-51.65,[],0,0,[],[]
216480,217590,OCH,CXN,0.0,4,XIC,RC,0,NT,FI,0.0,0,-28.79,-18.95,[],0,0,[],[]
217590,218390,NA,OLN,0.0,4,XIC,NA,NA,NA,NA,0.0,0,-26.39,-18.58,[],0,0,[],[]
218390,219410,NA,SIL,0.0,4,XIC,NA,NA,NA,NA,0.0,0,-48.89,-35.71,[],0,0,[],[]
219410,220390,OCH,CXN,0.0,4,XIC,RC,0,NT,FH,0.0,0,-30.79,-23.13,[],0,0,[],[]
220390,221390,FEM,FAN,5.09,4,XIC,RC,0,TIFI,FI,0.0,0,-28.86,-18.82,[],0,0,[],[]
221390,224430,NA,OLN,0.0,4,XIC,NA,NA,NA,NA,0.0,0,-21.77,-9.31,[],0,0,[],[]
224430,225480,CHI,CHN,0.0,4,XIC,RC,1,TIFR,FI,1.0,1050,-18.77,-10.06,"[{'Canonical-syllable': '0', 'Growl': '0', 'High-freq-energy': '0', 'Long-island': '1', 'Low-tilt-spectrum': '0', 'Medium-island': '0', 'Short-island': '0', 'Squeal': '0', 'Typical-entropy': '1', 'Voicing-quality': '1', 'Wide-band': '0', 'Xlong-island': '0', 'seq': '1', 'end': 225.48, 'start': 224.72}]",0,0,[],[]
225480,226280,NA,OLN,0.0,4,XIC,NA,NA,NA,NA,0.0,0,-18.6,-6.82,[],0,0,[],[]
226280,226880,CHI,CHN,0.0,4,XIC,EC,1,NT,FH,1.0,600,-16.18,-7.73,"[{'Canonical-syllable': '0', 'Growl': '0', 'High-freq-energy': '0', 'Long-island': '0', 'Low-tilt-spectrum': '0', 'Medium-island': '1', 'Short-island': '0', 'Squeal': '1', 'Typical-entropy': '1', 'Voicing-quality': '1', 'Wide-band': '0', 'Xlong-island': '0', 'seq': '1', 'end': 226.88, 'start': 226.28}]",0,0,[],[]
226880,233360,NA,OLN,0.0,5,pause,NA,NA,NA,NA,0.0,0,-20.57,-4.86,[],0,0,[],[]
233360,234180,NA,NOF,0.0,5,pause,NA,NA,NA,NA,0.0,0,-15.8,-4.9,[],0,0,[],[]
234180,238850,NA,OLN,0.0,5,pause,NA,NA,NA,NA,0.0,0,-21.66,-4.51,[],0,0,[],[]
238850,239490,CHI,CHN,0.0,5,CIOCAX,BC,0,NT,FI,1.0,300,-21.78,-14.83,"[{'Canonical-syllable': '1', 'Growl': '0', 'High-freq-energy': '0', 'Long-island': '0', 'Low-tilt-spectrum': '1', 'Medium-island': '1', 'Short-island': '0', 'Squeal': '0', 'Typical-entropy': '1', 'Voicing-quality': '1', 'Wide-band': '0', 'Xlong-island': '0', 'seq': '1', 'end': 239.49, 'start': 239.19}]",0,0,[],[]
239490,241580,NA,OLN,0.0,5,CIOCAX,NA,NA,NA,NA,0.0,0,-21.37,-6.13,[],0,0,[],[]
241580,242320,CHI,CHN,0.0,5,CIOCAX,NA,NA,NA,NA,0.0,0,-13.52,-3.85,[],0,610,"[{'start': 241.71, 'end': 242.32}]",[]
242320,243310,OCH,CXN,0.0,5,CIOCAX,RC,0,NT,FI,0.0,0,-15.17,-5.82,[],0,0,[],[]
243310,244290,NA,OLF,0.0,5,CIOCAX,NA,NA,NA,NA,0.0,0,-26.37,-15.53,[],0,0,[],[]
244290,245250,NA,NOF,0.0,5,CIOCAX,NA,NA,NA,NA,0.0,0,-21.87,-7.95,[],0,0,[],[]
245250,246250,OCH,CXN,0.0,5,CIOCAX,RC,0,NT,FH,0.0,0,-17.04,-6.39,[],0,0,[],[]
246250,248980,NA,OLN,0.0,5,CIOCAX,NA,NA,NA,NA,0.0,0,-19.33,-0.72,[],0,0,[],[]
248980,249980,FEM,FAN,2.64,5,CIOCAX,RC,0,NT,FI,0.0,0,-20.39,-4.19,[],0,0,[],[]
249980,250780,NA,OLN,0.0,5,CIOCAX,NA,NA,NA,NA,0.0,0,-23.38,-10.42,[],0,0,[],[]
250780,251780,FEM,FAN,6.04,5,CIOCAX,EC,0,NT,FH,0.0,0,-29.02,-21.74,[],0,0,[],[]
251780,256110,NA,OLN,0.0,6,pause,NA,NA,NA,NA,0.0,0,-20.41,-0.98,[],0,0,[],[]
256110,256920,CHI,CHN,0.0,6,pause,NA,NA,NA,NA,0.0,0,-21.13,-12.77,[],0,380,"[{'start': 256.11, 'end': 256.49}]",[]
256920,257710,CHI,CHN,0.0,6,pause,NA,NA,NA,NA,0.0,0,-9.94,-2.96,[],0,790,"[{'start': 256.92, 'end': 257.71}]",[]
257710,258510,CHI,CHN,0.0,6,CIOCAX,BC,0,NT,FI,1.0,140,-19.37,-5.24,"[{'Canonical-syllable': '0', 'Growl': '0', 'High-freq-energy': '1', 'Long-island': '0', 'Low-tilt-spectrum': '1', 'Medium-island': '0', 'Short-island': '1', 'Squeal': '1', 'Typical-entropy': '1', 'Voicing-quality': '0', 'Wide-band': '0', 'Xlong-island': '0', 'seq': '1', 'end': 257.85, 'start': 257.71}]",0,0,[],[]
258510,260190,NA,OLN,0.0,6,CIOCAX,NA,NA,NA,NA,0.0,0,-18.98,-6.27,[],0,0,[],[]
260190,261490,CHI,CHN,0.0,6,CIOCAX,RC,0,NT,FH,1.0,1300,-14.02,-7.05,"[{'Canonical-syllable': '0', 'Growl': '0', 'High-freq-energy': '0', 'Long-island': '1', 'Low-tilt-spectrum': '2', 'Medium-island': '1', 'Short-island': '0', 'Squeal': '0', 'Typical-entropy': '2', 'Voicing-quality': '2', 'Wide-band': '0', 'Xlong-island': '0', 'seq': '1', 'end': 261.49, 'start': 260.19}]",0,0,[],[]
261490,263660,NA,OLN,0.0,6,CIOCAX,NA,NA,NA,NA,0.0,0,-24.76,-11.39,[],0,0,[],[]
263660,264760,OCH,CXN,0.0,6,CIOCAX,RC,0,NT,FI,0.0,0,-27.43,-17.37,[],0,0,[],[]
264760,265580,NA,OLN,0.0,6,CIOCAX,NA,NA,NA,NA,0.0,0,-24.26,-8.33,[],0,0,[],[]
265580,266600,OCH,CXN,0.0,6,CIOCAX,RC,0,NT,FH,0.0,0,-18.91,-11.02,[],0,0,[],[]
266600,268260,OCH,CXN,0.0,6,CIOCAX,RC,0,NT,FH,0.0,0,-22.33,-11.04,[],0,0,[],[]
268260,270630,NA,OLN,0.0,6,CIOCAX,NA,NA,NA,NA,0.0,0,-18.6,-0.46,[],0,0,[],[]
270630,271880,OCH,CXN,0.0,6,CIOCAX,RC,0,NT,FH,0.0,0,-26.76,-17.84,[],0,0,[],[]
271880,272690,OCH,CXN,0.0,6,CIOCAX,RC,0,NT,FH,0.0,0,-15.18,-4.33,[],0,0,[],[]
272690,273300,NA,CHF,0.0,6,CIOCAX,RC,0,NT,FI,1.0,610,-40.26,-35.58,"[{'Canonical-syllable': '0', 'Growl': '0', 'High-freq-energy': '0', 'Long-island': '0', 'Low-tilt-spectrum': '1', 'Medium-island': '1', 'Short-island': '0', 'Squeal': '1', 'Typical-entropy': '0', 'Voicing-quality': '1', 'Wide-band': '0', 'Xlong-island': '0', 'seq': '1', 'end': 273.3, 'start': 272.69}]",0,0,[],[]
273300,274150,OCH,CXN,0.0,6,CIOCAX,RC,0,NT,FI,0.0,0,-41.08,-31.9,[],0,0,[],[]
274150,274970,NA,OLN,0.0,6,CIOCAX,NA,NA,NA,NA,0.0,0,-30.62,-22.09,[],0,0,[],[]
274970,275770,FEM,FAN,3.99,6,CIOCAX,RC,0,NT,FI,0.0,0,-32.02,-24.27,[],0,0,[],[]
275770,276570,NA,NOF,0.0,6,CIOCAX,NA,NA,NA,NA,0.0,0,-35.71,-23.22,[],0,0,[],[]
276570,277370,OCH,CXN,0.0,6,CIOCAX,RC,0,NT,FI,0.0,0,-28.16,-18.09,[],0,0,[],[]
277370,280350,NA,OLN,0.0,6,CIOCAX,NA,NA,NA,NA,0.0,0,-26.98,-9.97,[],0,0,[],[]
280350,281150,OCH,CXN,0.0,6,CIOCAX,RC,0,NT,FH,0.0,0,-27.92,-19.51,[],0,0,[],[]
281150,282160,NA,NOF,0.0,6,CIOCAX,NA,NA,NA,NA,0.0,0,-29.89,-18.79,[],0,0,[],[]
282160,282960,NA,OLF,0.0,6,CIOCAX,NA,NA,NA,NA,0.0,0,-26.49,-14.73,[],0,0,[],[]
282960,284320,NA,NOF,0.0,6,CIOCAX,NA,NA,NA,NA,0.0,0,-35.59,-25.02,[],0,0,[],[]
284320,285120,OCH,CXN,0.0,6,CIOCAX,RC,0,NT,FH,0.0,0,-26.64,-19.28,[],0,0,[],[]
285120,285990,NA,NOF,0.0,6,CIOCAX,NA,NA,NA,NA,0.0,0,-30.58,-14.74,[],0,0,[],[]
285990,286930,OCH,CXN,0.0,6,CIOCAX,EC,0,NT,FH,0.0,0,-28.85,-22.25,[],0,0,[],[]
286930,288210,NA,OLF,0.0,7,pause,NA,NA,NA,NA,0.0,0,-36.25,-22.9,[],0,0,[],[]
288210,290400,NA,NOF,0.0,7,pause,NA,NA,NA,NA,0.0,0,-39.83,-31.28,[],0,0,[],[]
290400,292020,NA,CXF,0.0,7,pause,NA,NA,NA,NA,0.0,0,-43.55,-34.5,[],0,0,[],[]
292020,293160,NA,FAF,0.0,7,pause,NA,NA,NA,NA,0.0,0,-49.86,-43.5,[],0,0,[],[]
293160,295240,NA,SIL,0.0,7,pause,NA,NA,NA,NA,0.0,0,-48.63,-34.12,[],0,0,[],[]
295240,296920,NA,CXF,0.0,7,pause,NA,NA,NA,NA,0.0,0,-43.18,-31.77,[],0,0,[],[]
296920,299520,NA,SIL,0.0,7,pause,NA,NA,NA,NA,0.0,0,-47.28,-34.41,[],0,0,[],[]
299520,300320,NA,NOF,0.0,7,pause,NA,NA,NA,NA,0.0,0,-43.92,-35.05,[],0,0,[],[]
300320,301780,OCH,CXN,0.0,7,XIOCC,BC,0,NT,FI,0.0,0,-30.72,-18.9,[],0,0,[],[]
301780,302580,NA,SIL,0.0,7,XIOCC,NA,NA,NA,NA,0.0,0,-46.86,-33.49,[],0,0,[],[]
302580,303570,NA,CHF,0.0,7,XIOCC,RC,0,NT,FI,2.0,450,-37.9,-24.07,"[{'Canonical-syllable': '0', 'Growl': '1', 'High-freq-energy': '0', 'Long-island': '0', 'Low-tilt-spectrum': '1', 'Medium-island': '0', 'Short-island': '0', 'Squeal': '0', 'Typical-entropy': '0', 'Voicing-quality': '0', 'Wide-band': '0', 'Xlong-island': '0', 'seq': '1', 'end': 302.69, 'start': 302.58}, {'Canonical-syllable': '0', 'Growl': '1', 'High-freq-energy': '0', 'Long-island': '0', 'Low-tilt-spectrum': '1', 'Medium-island': '1', 'Short-island': '0', 'Squeal': '0', 'Typical-entropy': '0', 'Voicing-quality': '1', 'Wide-band': '0', 'Xlong-island': '0', 'seq': '2', 'end': 303.57, 'start': 303.23}]",0,0,[],[]
303570,304380,NA,SIL,0.0,7,XIOCC,NA,NA,NA,NA,0.0,0,-42.78,-31.05,[],0,0,[],[]
304380,307220,OCH,CXN,0.0,7,XIOCC,RC,0,NT,FI,0.0,0,-28.82,-18.97,[],0,0,[],[]
307220,308230,OCH,CXN,0.0,7,XIOCC,RC,0,NT,FH,0.0,0,-26.27,-18.81,[],0,0,[],[]
308230,309240,NA,NOF,0.0,7,XIOCC,NA,NA,NA,NA,0.0,0,-37.17,-25.69,[],0,0,[],[]
309240,310290,OCH,CXN,0.0,7,XIOCC,EC,0,NT,FH,0.0,0,-33.17,-24.92,[],0,0,[],[]
310290,311810,NA,NOF,0.0,8,pause,NA,NA,NA,NA,0.0,0,-44.89,-35.26,[],0,0,[],[]
311810,312640,NA,SIL,0.0,8,pause,NA,NA,NA,NA,0.0,0,-53.8,-47.17,[],0,0,[],[]
312640,313630,NA,OLF,0.0,8,pause,NA,NA,NA,NA,0.0,0,-47.46,-38.75,[],0,0,[],[]
313630,315480,NA,SIL,0.0,8,pause,NA,NA,NA,NA,0.0,0,-51.11,-43.61,[],0,0,[],[]
315480,317770,NA,NOF,0.0,8,pause,NA,NA,NA,NA,0.0,0,-40.21,-25.87,[],0,0,[],[]
317770,320830,NA,OLF,0.0,8,pause,NA,NA,NA,NA,0.0,0,-29.1,-10.33,[],0,0,[],[]
320830,321630,NA,CXF,0.0,8,pause,NA,NA,NA,NA,0.0,0,-44.93,-34.11,[],0,0,[],[]
321630,323210,OCH,CXN,0.0,8,XIOCA,BC,0,NT,FI,0.0,0,-26.22,-18.88,[],0,0,[],[]
323210,324010,NA,OLF,0.0,8,XIOCA,NA,NA,NA,NA,0.0,0,-36.93,-24.51,[],0,0,[],[]
324010,324810,OCH,CXN,0.0,8,XIOCA,RC,0,NT,FH,0.0,0,-25.83,-17.31,[],0,0,[],[]
324810,327180,NA,OLN,0.0,8,XIOCA,NA,NA,NA,NA,0.0,0,-27.79,-9.85,[],0,0,[],[]
327180,328000,NA,NOF,0.0,8,XIOCA,NA,NA,NA,NA,0.0,0,-38.98,-31.43,[],0,0,[],[]
328000,329140,NA,OLN,0.0,8,XIOCA,NA,NA,NA,NA,0.0,0,-34.37,-25.25,[],0,0,[],[]
329140,330140,FEM,FAN,3.6,8,XIOCA,EC,0,NT,FI,0.0,0,-33.84,-25.45,[],0,0,[],[]
330140,333220,NA,SIL,0.0,9,pause,NA,NA,NA,NA,0.0,0,-36.7,-17.67,[],0,0,[],[]
333220,334110,NA,OLN,0.0,9,pause,NA,NA,NA,NA,0.0,0,-20.84,-6.84,[],0,0,[],[]
334110,335220,NA,NOF,0.0,9,pause,NA,NA,NA,NA,0.0,0,-27.02,-11.5,[],0,0,[],[]
335220,336350,OCH,CXN,0.0,9,XIC,BC,0,NT,FI,0.0,0,-34.32,-24.06,[],0,0,[],[]
336350,337390,NA,SIL,0.0,9,XIC,NA,NA,NA,NA,0.0,0,-50.85,-40.55,[],0,0,[],[]
337390,338190,NA,NOF,0.0,9,XIC,NA,NA,NA,NA,0.0,0,-41.57,-30.72,[],0,0,[],[]
338190,338990,OCH,CXN,0.0,9,XIC,RC,0,NT,FH,0.0,0,-33.57,-27.18,[],0,0,[],[]
338990,339790,NA,NOF,0.0,9,XIC,NA,NA,NA,NA,0.0,0,-33.57,-19.83,[],0,0,[],[]
339790,340590,NA,OLN,0.0,9,XIC,NA,NA,NA,NA,0.0,0,-15.54,-3.61,[],0,0,[],[]
340590,341450,NA,NON,0.0,9,XIC,NA,NA,NA,NA,0.0,0,-28.32,-18.75,[],0,0,[],[]
341450,343690,NA,OLN,0.0,9,XIC,NA,NA,NA,NA,0.0,0,-22.58,-5.62,[],0,0,[],[]
343690,345420,FEM,FAN,7.14,9,XIC,RC,0,NT,FI,0.0,0,-25.82,-16.42,[],0,0,[],[]
345420,347710,NA,OLN,0.0,9,XIC,NA,NA,NA,NA,0.0,0,-25.23,-9.4,[],0,0,[],[]
347710,349370,FEM,FAN,6.22,9,XIC,RC,0,NT,FH,0.0,0,-24.13,-8.13,[],0,0,[],[]
349370,350520,NA,OLN,0.0,9,XIC,NA,NA,NA,NA,0.0,0,-21.31,-11.8,[],0,0,[],[]
350520,352620,FEM,FAN,8.57,9,XIC,RC,0,NT,FH,0.0,0,-28.07,-18.96,[],0,0,[],[]
352620,353870,NA,OLF,0.0,9,XIC,NA,NA,NA,NA,0.0,0,-34.92,-20.88,[],0,0,[],[]
353870,356030,FEM,FAN,8.4,9,XIC,RC,0,NT,FH,0.0,0,-19.97,-8.75,[],0,0,[],[]
356030,356830,NA,OLN,0.0,9,XIC,NA,NA,NA,NA,0.0,0,-15.18,-5.63,[],0,0,[],[]
356830,358040,OCH,CXN,0.0,9,XIC,RC,0,NT,FI,0.0,0,-19.2,-7.58,[],0,0,[],[]
358040,359840,CHI,CHN,0.0,9,XIC,RC,0,TIFI,FI,1.0,1800,-18.99,-11.0,"[{'Canonical-syllable': '0', 'Growl': '0', 'High-freq-energy': '0', 'Long-island': '0', 'Low-tilt-spectrum': '0', 'Medium-island': '0', 'Short-island': '0', 'Squeal': '0', 'Typical-entropy': '2', 'Voicing-quality': '2', 'Wide-band': '0', 'Xlong-island': '1', 'seq': '1', 'end': 359.84, 'start': 358.04}]",0,0,[],[]
359840,362710,NA,OLN,0.0,9,XIC,NA,NA,NA,NA,0.0,0,-17.28,-4.34,[],0,0,[],[]
362710,365850,FEM,FAN,13.22,9,XIC,RC,1,TIFR,FI,0.0,0,-23.09,-15.45,[],0,0,[],[]
365850,366490,FEM,FAN,0.0,9,XIC,NA,NA,NA,NA,0.0,0,-26.32,-18.74,[],640,0,[],[]
366490,367530,CHI,CHN,0.0,9,XIC,RC,1,TIFE,FI,1.0,1040,-17.6,-9.88,"[{'Canonical-syllable': '1', 'Growl': '0', 'High-freq-energy': '0', 'Long-island': '1', 'Low-tilt-spectrum': '2', 'Medium-island': '1', 'Short-island': '0', 'Squeal': '0', 'Typical-entropy': '2', 'Voicing-quality': '2', 'Wide-band': '0', 'Xlong-island': '0', 'seq': '1', 'end': 367.53, 'start': 366.49}]",0,0,[],[]
367530,368800,CHI,CHN,0.0,9,XIC,RC,1,TIFI,FH,1.0,1270,-14.75,-8.75,"[{'Canonical-syllable': '1', 'Growl': '0', 'High-freq-energy': '1', 'Long-island': '0', 'Low-tilt-spectrum': '3', 'Medium-island': '1', 'Short-island': '2', 'Squeal': '0', 'Typical-entropy': '3', 'Voicing-quality': '3', 'Wide-band': '0', 'Xlong-island': '0', 'seq': '1', 'end': 368.8, 'start': 367.53}]",0,0,[],[]
368800,369610,NA,OLN,0.0,9,XIC,NA,NA,NA,NA,0.0,0,-28.23,-16.74,[],0,0,[],[]
369610,373540,FEM,FAN,13.87,9,XIC,RC,2,TIFR,FI,0.0,0,-19.01,-3.81,[],0,0,[],[]
373540,374810,NA,NOF,0.0,9,XIC,NA,NA,NA,NA,0.0,0,-20.72,-2.9,[],0,0,[],[]
374810,375810,CHI,CHN,0.0,9,XIC,RC,2,TIFE,FI,1.0,1000,-20.4,-5.3,"[{'Canonical-syllable': '2', 'Growl': '0', 'High-freq-energy': '0', 'Long-island': '0', 'Low-tilt-spectrum': '1', 'Medium-island': '2', 'Short-island': '1', 'Squeal': '0', 'Typical-entropy': '2', 'Voicing-quality': '3', 'Wide-band': '0', 'Xlong-island': '0', 'seq': '1', 'end': 375.81, 'start': 374.94}]",0,0,[],[]
375810,376410,CHI,CHN,0.0,9,XIC,RC,2,NT,FH,1.0,150,-15.07,-1.51,"[{'Canonical-syllable': '0', 'Growl': '0', 'High-freq-energy': '0', 'Long-island': '0', 'Low-tilt-spectrum': '1', 'Medium-island': '0', 'Short-island': '0', 'Squeal': '0', 'Typical-entropy': '1', 'Voicing-quality': '1', 'Wide-band': '0', 'Xlong-island': '0', 'seq': '1', 'end': 376.41, 'start': 376.26}]",0,0,[],[]
376410,377210,OCH,CXN,0.0,9,XIC,RC,2,NT,FI,0.0,0,-23.0,-16.87,[],0,0,[],[]
377210,378340,NA,NON,0.0,9,XIC,NA,NA,NA,NA,0.0,0,-29.42,-11.5,[],0,0,[],[]
378340,378960,OCH,CXN,0.0,9,XIC,RC,2,NT,FH,0.0,0,-22.7,-13.56,[],0,0,[],[]
378960,382290,NA,OLN,0.0,9,XIC,NA,NA,NA,NA,0.0,0,-17.6,-3.68,[],0,0,[],[]
382290,382960,CHI,CHN,0.0,9,XIC,NA,NA,NA,NA,0.0,0,-12.46,-2.34,[],0,340,"[{'start': 382.29, 'end': 382.63}]",[]
382960,383760,OCH,CXN,0.0,9,XIC,RC,2,NT,FH,0.0,0,-16.56,-9.04,[],0,0,[],[]
383760,384610,NA,OLN,0.0,9,XIC,NA,NA,NA,NA,0.0,0,-23.23,-11.46,[],0,0,[],[]
384610,385510,OCH,CXN,0.0,9,XIC,RC,2,NT,FH,0.0,0,-15.68,-7.23,[],0,0,[],[]
385510,388200,NA,OLN,0.0,9,XIC,NA,NA,NA,NA,0.0,0,-14.69,-1.56,[],0,0,[],[]
388200,389420,CHI,CHN,0.0,9,XIC,RC,2,NT,FI,1.0,190,-13.69,-0.97,"[{'Canonical-syllable': '0', 'Growl': '1', 'High-freq-energy': '0', 'Long-island': '0', 'Low-tilt-spectrum': '1', 'Medium-island': '0', 'Short-island': '0', 'Squeal': '0', 'Typical-entropy': '0', 'Voicing-quality': '1', 'Wide-band': '0', 'Xlong-island': '0', 'seq': '1', 'end': 388.39, 'start': 388.3}]",0,90,"[{'start': 389.17, 'end': 389.26}]",[]
389420,390220,NA,OLN,0.0,9,XIC,NA,NA,NA,NA,0.0,0,-11.4,-0.41,[],0,0,[],[]
390220,391070,OCH,CXN,0.0,9,XIC,RC,2,NT,FI,0.0,0,-21.44,-11.07,[],0,0,[],[]
391070,392410,OCH,CXN,0.0,9,XIC,RC,2,NT,FH,0.0,0,-19.9,-5.61,[],0,0,[],[]
392410,393420,NA,SIL,0.0,9,XIC,NA,NA,NA,NA,0.0,0,-37.19,-35.66,[],0,0,[],[]
393420,394840,FEM,FAN,7.57,9,XIC,RC,2,NT,FI,0.0,0,-30.56,-20.15,[],0,0,[],[]
394840,395650,OCH,CXN,0.0,9,XIC,RC,2,NT,FI,0.0,0,-17.05,-5.76,[],0,0,[],[]
395650,396440,CHI,CHN,0.0,9,XIC,NA,NA,NA,NA,0.0,0,-15.8,-10.71,[],0,790,"[{'start': 395.65, 'end': 396.44}]",[]
396440,397490,CHI,CHN,0.0,9,XIC,RC,2,TIFI,FI,1.0,900,-19.6,-11.39,"[{'Canonical-syllable': '0', 'Growl': '1', 'High-freq-energy': '0', 'Long-island': '0', 'Low-tilt-spectrum': '1', 'Medium-island': '1', 'Short-island': '0', 'Squeal': '1', 'Typical-entropy': '2', 'Voicing-quality': '2', 'Wide-band': '0', 'Xlong-island': '0', 'seq': '1', 'end': 397.34, 'start': 396.44}]",0,0,[],[]
397490,398270,CHI,CHN,0.0,9,XIC,NA,NA,NA,NA,0.0,0,-16.87,-4.2,[],0,360,"[{'start': 397.49, 'end': 397.85}]",[]
398270,399150,NA,OLF,0.0,9,XIC,NA,NA,NA,NA,0.0,0,-15.64,-0.82,[],0,0,[],[]
399150,401690,NA,OLN,0.0,9,XIC,NA,NA,NA,NA,0.0,0,-17.44,-4.39,[],0,0,[],[]
401690,402720,FEM,FAN,6.47,9,XIC,RC,3,TIFR,FI,0.0,0,-20.65,-8.93,[],0,0,[],[]
402720,403700,NA,NON,0.0,9,XIC,NA,NA,NA,NA,0.0,0,-13.14,-4.13,[],0,0,[],[]
403700,410350,FEM,FAN,27.27,9,XIC,RC,3,NT,FH,0.0,0,-22.2,-6.53,[],0,0,[],[]
410350,411360,NA,OLN,0.0,9,XIC,NA,NA,NA,NA,0.0,0,-15.88,-4.17,[],0,0,[],[]
411360,412360,FEM,FAN,4.11,9,XIC,RC,3,NT,FH,0.0,0,-22.99,-10.53,[],0,0,[],[]
412360,413540,NA,OLN,0.0,9,XIC,NA,NA,NA,NA,0.0,0,-19.36,-12.87,[],0,0,[],[]
413540,415850,FEM,FAN,10.22,9,XIC,RC,3,NT,FH,0.0,0,-21.98,-12.16,[],0,0,[],[]
415850,418600,NA,OLN,0.0,9,XIC,NA,NA,NA,NA,0.0,0,-19.64,-7.03,[],0,0,[],[]
418600,419210,OCH,CXN,0.0,9,XIC,RC,3,NT,FI,0.0,0,-16.22,-8.97,[],0,0,[],[]
419210,420660,NA,OLN,0.0,9,XIC,NA,NA,NA,NA,0.0,0,-21.92,-11.31,[],0,0,[],[]
420660,423280,FEM,FAN,12.65,9,XIC,RC,3,NT,FI,0.0,0,-18.5,-6.37,[],0,0,[],[]
423280,424150,NA,OLN,0.0,9,XIC,NA,NA,NA,NA,0.0,0,-19.09,-4.36,[],0,0,[],[]
424150,424750,OCH,CXN,0.0,9,XIC,RC,3,NT,FI,0.0,0,-25.38,-17.23,[],0,0,[],[]
424750,425610,NA,OLN,0.0,9,XIC,NA,NA,NA,NA,0.0,0,-30.34,-23.54,[],0,0,[],[]
425610,426590,NA,OLF,0.0,9,XIC,NA,NA,NA,NA,0.0,0,-26.73,-7.26,[],0,0,[],[]
426590,427440,NA,OLN,0.0,9,XIC,NA,NA,NA,NA,0.0,0,-17.4,-6.16,[],0,0,[],[]
427440,429160,FEM,FAN,7.77,9,XIC,RC,3,NT,FI,0.0,0,-23.1,-14.66,[],0,0,[],[]
429160,429960,NA,OLN,0.0,9,XIC,NA,NA,NA,NA,0.0,0,-18.19,-13.8,[],0,0,[],[]
429960,431250,FEM,FAN,5.19,9,XIC,RC,3,TIFI,FH,0.0,0,-27.61,-19.36,[],0,0,[],[]
431250,431850,CHI,CHN,0.0,9,XIC,RC,4,TIFR,FI,1.0,600,-20.58,-14.17,"[{'Canonical-syllable': '0', 'Growl': '0', 'High-freq-energy': '0', 'Long-island': '0', 'Low-tilt-spectrum': '1', 'Medium-island': '1', 'Short-island': '0', 'Squeal': '0', 'Typical-entropy': '1', 'Voicing-quality': '1', 'Wide-band': '0', 'Xlong-island': '0', 'seq': '1', 'end': 431.85, 'start': 431.35}]",0,0,[],[]
431850,432870,CHI,CHN,0.0,9,XIC,RC,4,NT,FH,1.0,590,-24.6,-16.18,"[{'Canonical-syllable': '1', 'Growl': '0', 'High-freq-energy': '0', 'Long-island': '0', 'Low-tilt-spectrum': '1', 'Medium-island': '1', 'Short-island': '1', 'Squeal': '0', 'Typical-entropy': '1', 'Voicing-quality': '2', 'Wide-band': '0', 'Xlong-island': '0', 'seq': '1', 'end': 432.44, 'start': 431.85}]",0,0,[],[]
432870,434420,OCH,CXN,0.0,9,XIC,RC,4,NT,FI,0.0,0,-22.65,-13.75,[],0,0,[],[]
434420,435430,OCH,CXN,0.0,9,XIC,RC,4,NT,FH,0.0,0,-27.95,-17.15,[],0,0,[],[]
435430,436520,NA,SIL,0.0,9,XIC,NA,NA,NA,NA,0.0,0,-57.73,-47.7,[],0,0,[],[]
436520,439270,OCH,CXN,0.0,9,XIC,RC,4,NT,FH,0.0,0,-32.45,-21.4,[],0,0,[],[]
439270,441710,FEM,FAN,9.97,9,XIC,RC,4,NT,FI,0.0,0,-34.81,-16.39,[],0,0,[],[]
441710,442350,CHI,CHN,0.0,9,XIC,NA,NA,NA,NA,0.0,0,-16.86,-7.22,[],0,210,"[{'start': 441.71, 'end': 441.92}]",[]
442350,443400,OCH,CXN,0.0,9,XIC,RC,4,NT,FI,0.0,0,-23.94,-8.91,[],0,0,[],[]
443400,444400,NA,OLN,0.0,9,XIC,NA,NA,NA,NA,0.0,0,-13.51,-0.83,[],0,0,[],[]
444400,445380,CHI,CHN,0.0,9,XIC,RC,4,NT,FI,1.0,800,-15.42,-2.83,"[{'Canonical-syllable': '0', 'Growl': '2', 'High-freq-energy': '0', 'Long-island': '0', 'Low-tilt-spectrum': '3', 'Medium-island': '1', 'Short-island': '1', 'Squeal': '0', 'Typical-entropy': '3', 'Voicing-quality': '3', 'Wide-band': '0', 'Xlong-island': '0', 'seq': '1', 'end': 445.2, 'start': 444.4}]",0,0,[],[]
445380,446520,OCH,CXN,0.0,9,XIC,RC,4,NT,FI,0.0,0,-20.33,-5.79,[],0,0,[],[]
446520,447320,NA,FAF,0.0,9,XIC,NA,NA,NA,NA,0.0,0,-40.49,-29.14,[],0,0,[],[]
447320,448620,OCH,CXN,0.0,9,XIC,RC,4,NT,FH,0.0,0,-32.48,-20.64,[],0,0,[],[]
448620,450000,NA,OLN,0.0,9,XIC,NA,NA,NA,NA,0.0,0,-19.82,-7.86,[],0,0,[],[]
450000,451250,CHI,CHN,0.0,9,XIC,RC,4,NT,FI,1.0,1250,-15.7,-7.44,"[{'Canonical-syllable': '1', 'Growl': '0', 'High-freq-energy': '0', 'Long-island': '0', 'Low-tilt-spectrum': '1', 'Medium-island': '0', 'Short-island': '1', 'Squeal': '0', 'Typical-entropy': '2', 'Voicing-quality': '2', 'Wide-band': '0', 'Xlong-island': '1', 'seq': '1', 'end': 451.25, 'start': 450.0}]",0,0,[],[]
451250,452410,OCH,CXN,0.0,9,XIC,RC,4,NT,FI,0.0,0,-20.5,-12.63,[],0,0,[],[]
452410,453320,NA,OLN,0.0,9,XIC,NA,NA,NA,NA,0.0,0,-28.94,-23.46,[],0,0,[],[]
453320,454990,FEM,FAN,9.35,9,XIC,RC,4,TIFI,FI,0.0,0,-20.84,-8.89,[],0,0,[],[]
454990,455810,NA,OLN,0.0,9,XIC,NA,NA,NA,NA,0.0,0,-25.84,-14.33,[],0,0,[],[]
455810,456410,CHI,CHN,0.0,9,XIC,RC,5,TIFR,FI,1.0,600,-21.98,-14.78,"[{'Canonical-syllable': '0', 'Growl': '0', 'High-freq-energy': '0', 'Long-island': '0', 'Low-tilt-spectrum': '2', 'Medium-island': '1', 'Short-island': '1', 'Squeal': '0', 'Typical-entropy': '2', 'Voicing-quality': '2', 'Wide-band': '0', 'Xlong-island': '0', 'seq': '1', 'end': 456.41, 'start': 455.81}]",0,0,[],[]
456410,458060,NA,OLN,0.0,9,XIC,NA,NA,NA,NA,0.0,0,-22.39,-6.56,[],0,0,[],[]
458060,459870,OCH,CXN,0.0,9,XIC,RC,5,NT,FI,0.0,0,-24.93,-12.23,[],0,0,[],[]
459870,460670,NA,OLN,0.0,9,XIC,NA,NA,NA,NA,0.0,0,-36.07,-29.49,[],0,0,[],[]
460670,461620,OCH,CXN,0.0,9,XIC,RC,5,NT,FH,0.0,0,-37.21,-30.0,[],0,0,[],[]
461620,462670,NA,FAF,0.0,9,XIC,NA,NA,NA,NA,0.0,0,-41.74,-34.77,[],0,0,[],[]
462670,463560,NA,NOF,0.0,9,XIC,NA,NA,NA,NA,0.0,0,-41.63,-29.84,[],0,0,[],[]
463560,464360,OCH,CXN,0.0,9,XIC,EC,5,NT,FH,0.0,0,-25.72,-17.72,[],0,0,[],[]
464360,465470,NA,OLN,0.0,10,pause,NA,NA,NA,NA,0.0,0,-35.47,-30.39,[],0,0,[],[]
465470,466590,NA,NOF,0.0,10,pause,NA,NA,NA,NA,0.0,0,-21.2,-5.29,[],0,0,[],[]
466590,467430,NA,OLF,0.0,10,pause,NA,NA,NA,NA,0.0,0,-22.61,-5.29,[],0,0,[],[]
467430,469330,NA,NOF,0.0,10,pause,NA,NA,NA,NA,0.0,0,-21.78,-7.77,[],0,0,[],[]
469330,470610,CHI,CHN,0.0,10,pause,NA,NA,NA,NA,0.0,0,-14.82,-4.36,[],0,1280,"[{'start': 469.33, 'end': 470.61}]",[]
470610,471430,NA,NOF,0.0,10,pause,NA,NA,NA,NA,0.0,0,-18.43,-5.09,[],0,0,[],[]
471430,472440,OCH,CXN,0.0,10,XIC,BC,0,NT,FI,0.0,0,-25.62,-15.12,[],0,0,[],[]
472440,474400,NA,OLN,0.0,10,XIC,NA,NA,NA,NA,0.0,0,-27.1,-13.78,[],0,0,[],[]
474400,475230,NA,OLF,0.0,10,XIC,NA,NA,NA,NA,0.0,0,-17.59,-2.19,[],0,0,[],[]
475230,476670,FEM,FAN,5.81,10,XIC,RC,0,NT,FI,0.0,0,-38.26,-31.08,[],0,0,[],[]
476670,477510,NA,OLN,0.0,10,XIC,NA,NA,NA,NA,0.0,0,-15.2,-2.73,[],0,0,[],[]
477510,478310,NA,OLF,0.0,10,XIC,NA,NA,NA,NA,0.0,0,-18.14,-4.26,[],0,0,[],[]
478310,479110,NA,OLN,0.0,10,XIC,NA,NA,NA,NA,0.0,0,-16.19,-3.15,[],0,0,[],[]
479110,479910,NA,NON,0.0,10,XIC,NA,NA,NA,NA,0.0,0,-15.33,-1.89,[],0,0,[],[]
479910,481290,OCH,CXN,0.0,10,XIC,RC,0,NT,FI,0.0,0,-21.93,-12.01,[],0,0,[],[]
481290,482090,NA,NON,0.0,10,XIC,NA,NA,NA,NA,0.0,0,-24.48,-8.46,[],0,0,[],[]
482090,484270,NA,OLN,0.0,10,XIC,NA,NA,NA,NA,0.0,0,-25.24,-8.3,[],0,0,[],[]
484270,485070,NA,NON,0.0,10,XIC,NA,NA,NA,NA,0.0,0,-38.0,-29.66,[],0,0,[],[]
485070,485920,CHI,CHN,0.0,10,XIC,RC,0,NT,FI,1.0,850,-16.18,-8.99,"[{'Canonical-syllable': '0', 'Growl': '0', 'High-freq-energy': '0', 'Long-island': '1', 'Low-tilt-spectrum': '0', 'Medium-island': '0', 'Short-island': '0', 'Squeal': '0', 'Typical-entropy': '1', 'Voicing-quality': '1', 'Wide-band': '0', 'Xlong-island': '0', 'seq': '1', 'end': 485.92, 'start': 485.07}]",0,0,[],[]
485920,486520,CHI,CHN,0.0,10,XIC,RC,0,TIFI,FH,1.0,600,-16.05,-8.68,"[{'Canonical-syllable': '1', 'Growl': '0', 'High-freq-energy': '0', 'Long-island': '0', 'Low-tilt-spectrum': '2', 'Medium-island': '1', 'Short-island': '1', 'Squeal': '0', 'Typical-entropy': '2', 'Voicing-quality': '2', 'Wide-band': '0', 'Xlong-island': '0', 'seq': '1', 'end': 486.52, 'start': 485.92}]",0,0,[],[]
486520,488000,NA,OLN,0.0,10,XIC,NA,NA,NA,NA,0.0,0,-17.1,-4.63,[],0,0,[],[]
488000,488800,FEM,FAN,2.82,10,XIC,RC,1,TIFR,FI,0.0,0,-34.05,-26.36,[],0,0,[],[]
488800,489850,FEM,FAN,2.07,10,XIC,RC,1,NT,FH,0.0,0,-38.76,-31.3,[],0,0,[],[]
489850,491470,NA,OLN,0.0,10,XIC,NA,NA,NA,NA,0.0,0,-27.03,-8.12,[],0,0,[],[]
491470,492270,NA,NOF,0.0,10,XIC,NA,NA,NA,NA,0.0,0,-34.18,-17.2,[],0,0,[],[]
492270,493310,NA,OLN,0.0,10,XIC,NA,NA,NA,NA,0.0,0,-23.81,-13.02,[],0,0,[],[]
493310,494770,FEM,FAN,3.83,10,XIC,EC,1,NT,FH,0.0,0,-35.81,-22.52,[],0,0,[],[]
494770,495570,NA,SIL,0.0,11,pause,NA,NA,NA,NA,0.0,0,-45.12,-36.74,[],0,0,[],[]
495570,496640,NA,NOF,0.0,11,pause,NA,NA,NA,NA,0.0,0,-42.84,-35.61,[],0,0,[],[]
496640,497550,NA,CXF,0.0,11,pause,NA,NA,NA,NA,0.0,0,-43.46,-32.56,[],0,0,[],[]
497550,498800,NA,OLF,0.0,11,pause,NA,NA,NA,NA,0.0,0,-37.3,-25.32,[],0,0,[],[]
498800,500740,NA,FAF,0.0,11,pause,NA,NA,NA,NA,0.0,0,-42.08,-30.69,[],0,0,[],[]
500740,501880,NA,OLF,0.0,11,pause,NA,NA,NA,NA,0.0,0,-42.17,-32.21,[],0,0,[],[]
501880,503010,NA,NOF,0.0,11,pause,NA,NA,NA,NA,0.0,0,-21.73,-3.96,[],0,0,[],[]
503010,504460,NA,OLF,0.0,11,pause,NA,NA,NA,NA,0.0,0,-27.14,-11.44,[],0,0,[],[]
504460,506510,NA,FAF,0.0,11,pause,NA,NA,NA,NA,0.0,0,-35.7,-21.78,[],0,0,[],[]
506510,510600,NA,OLN,0.0,11,pause,NA,NA,NA,NA,0.0,0,-33.83,-19.31,[],0,0,[],[]
510600,511400,NA,CXF,0.0,11,pause,NA,NA,NA,NA,0.0,0,-37.44,-30.5,[],0,0,[],[]
511400,517180,NA,OLN,0.0,11,pause,NA,NA,NA,NA,0.0,0,-14.93,-4.2,[],0,0,[],[]
517180,518010,NA,NOF,0.0,11,pause,NA,NA,NA,NA,0.0,0,-20.67,-8.6,[],0,0,[],[]
518010,520900,NA,OLN,0.0,11,pause,NA,NA,NA,NA,0.0,0,-16.84,-3.66,[],0,0,[],[]
520900,522830,NA,OLF,0.0,11,pause,NA,NA,NA,NA,0.0,0,-18.56,-1.98,[],0,0,[],[]
522830,523430,CHI,CHN,0.0,11,CM,BC,0,NT,FI,1.0,600,-13.46,-2.36,"[{'Canonical-syllable': '1', 'Growl': '0', 'High-freq-energy': '1', 'Long-island': '0', 'Low-tilt-spectrum': '1', 'Medium-island': '1', 'Short-island': '0', 'Squeal': '0', 'Typical-entropy': '1', 'Voicing-quality': '1', 'Wide-band': '0', 'Xlong-island': '0', 'seq': '1', 'end': 523.43, 'start': 523.13}]",0,0,[],[]
523430,524280,NA,OLN,0.0,11,CM,NA,NA,NA,NA,0.0,0,-15.94,-6.24,[],0,0,[],[]
524280,524880,CHI,CHN,0.0,11,CM,EC,0,NT,FH,1.0,600,-16.59,-6.75,"[{'Canonical-syllable': '0', 'Growl': '0', 'High-freq-energy': '0', 'Long-island': '0', 'Low-tilt-spectrum': '0', 'Medium-island': '1', 'Short-island': '0', 'Squeal': '0', 'Typical-entropy': '0', 'Voicing-quality': '1', 'Wide-band': '0', 'Xlong-island': '0', 'seq': '1', 'end': 524.88, 'start': 524.28}]",0,0,[],[]
524880,529720,NA,OLN,0.0,12,pause,NA,NA,NA,NA,0.0,0,-14.69,-2.84,[],0,0,[],[]
529720,530520,NA,NOF,0.0,12,pause,NA,NA,NA,NA,0.0,0,-17.45,-6.43,[],0,0,[],[]
530520,531330,NA,OLN,0.0,12,pause,NA,NA,NA,NA,0.0,0,-14.85,-4.78,[],0,0,[],[]
531330,532010,CHI,CHN,0.0,12,CIOCAX,BC,0,NT,FI,1.0,680,-17.33,-13.19,"[{'Canonical-syllable': '0', 'Growl': '0', 'High-freq-energy': '0', 'Long-island': '0', 'Low-tilt-spectrum': '2', 'Medium-island': '1', 'Short-island': '1', 'Squeal': '0', 'Typical-entropy': '1', 'Voicing-quality': '2', 'Wide-band': '0', 'Xlong-island': '0', 'seq': '1', 'end': 532.01, 'start': 531.33}]",0,0,[],[]
532010,534070,NA,OLF,0.0,12,CIOCAX,NA,NA,NA,NA,0.0,0,-36.31,-21.24,[],0,0,[],[]
534070,535130,OCH,CXN,0.0,12,CIOCAX,RC,0,NT,FI,0.0,0,-16.43,-6.43,[],0,0,[],[]
535130,535910,CHI,CHN,0.0,12,CIOCAX,RC,0,NT,FI,1.0,450,-18.19,-11.39,"[{'Canonical-syllable': '0', 'Growl': '0', 'High-freq-energy': '0', 'Long-island': '0', 'Low-tilt-spectrum': '0', 'Medium-island': '1', 'Short-island': '0', 'Squeal': '0', 'Typical-entropy': '0', 'Voicing-quality': '1', 'Wide-band': '0', 'Xlong-island': '0', 'seq': '1', 'end': 535.58, 'start': 535.13}]",0,0,[],[]
535910,537110,OCH,CXN,0.0,12,CIOCAX,RC,0,NT,FI,0.0,0,-18.24,-10.02,[],0,0,[],[]
537110,538230,OCH,CXN,0.0,12,CIOCAX,RC,0,NT,FH,0.0,0,-28.65,-21.8,[],0,0,[],[]
538230,539650,OCH,CXN,0.0,12,CIOCAX,RC,0,NT,FH,0.0,0,-25.07,-16.67,[],0,0,[],[]
539650,540450,NA,FAF,0.0,12,CIOCAX,NA,NA,NA,NA,0.0,0,-46.27,-30.21,[],0,0,[],[]
540450,544410,OCH,CXN,0.0,12,CIOCAX,RC,0,NT,FH,0.0,0,-22.87,-7.87,[],0,0,[],[]
544410,545720,NA,NOF,0.0,12,CIOCAX,NA,NA,NA,NA,0.0,0,-36.74,-19.02,[],0,0,[],[]
545720,546320,OCH,CXN,0.0,12,CIOCAX,RC,0,NT,FH,0.0,0,-18.02,-10.16,[],0,0,[],[]
546320,547330,OCH,CXN,0.0,12,CIOCAX,RC,0,NT,FH,0.0,0,-21.8,-14.63,[],0,0,[],[]
547330,548200,OCH,CXN,0.0,12,CIOCAX,RC,0,NT,FH,0.0,0,-22.41,-14.95,[],0,0,[],[]
548200,549280,OCH,CXN,0.0,12,CIOCAX,RC,0,NT,FH,0.0,0,-26.56,-17.84,[],0,0,[],[]
549280,550090,NA,NOF,0.0,12,CIOCAX,NA,NA,NA,NA,0.0,0,-39.07,-27.64,[],0,0,[],[]
550090,551770,NA,OLN,0.0,12,CIOCAX,NA,NA,NA,NA,0.0,0,-25.49,-15.0,[],0,0,[],[]
551770,553430,OCH,CXN,0.0,12,CIOCAX,RC,0,NT,FH,0.0,0,-26.35,-13.78,[],0,0,[],[]
553430,554460,FEM,FAN,1.53,12,CIOCAX,RC,0,NT,FI,0.0,0,-33.93,-24.61,[],0,0,[],[]
554460,558250,NA,OLN,0.0,12,CIOCAX,NA,NA,NA,NA,0.0,0,-18.26,-1.55,[],0,0,[],[]
558250,559130,OCH,CXN,0.0,12,CIOCAX,RC,0,NT,FI,0.0,0,-29.35,-21.74,[],0,0,[],[]
559130,559960,NA,OLF,0.0,12,CIOCAX,NA,NA,NA,NA,0.0,0,-35.25,-24.2,[],0,0,[],[]
559960,560770,OCH,CXN,0.0,12,CIOCAX,RC,0,NT,FH,0.0,0,-36.32,-29.0,[],0,0,[],[]
560770,561900,NA,OLN,0.0,12,CIOCAX,NA,NA,NA,NA,0.0,0,-17.7,-2.96,[],0,0,[],[]
561900,562920,FEM,FAN,5.16,12,CIOCAX,RC,0,NT,FI,0.0,0,-30.79,-16.1,[],0,0,[],[]
562920,563780,NA,OLF,0.0,12,CIOCAX,NA,NA,NA,NA,0.0,0,-13.97,-1.87,[],0,0,[],[]
563780,564600,NA,NOF,0.0,12,CIOCAX,NA,NA,NA,NA,0.0,0,-22.82,-9.37,[],0,0,[],[]
564600,565550,NA,OLN,0.0,12,CIOCAX,NA,NA,NA,NA,0.0,0,-32.23,-26.28,[],0,0,[],[]
565550,567390,FEM,FAN,6.88,12,CIOCAX,EC,0,NT,FH,0.0,0,-35.13,-24.35,[],0,0,[],[]
567390,568590,NA,NOF,0.0,13,pause,NA,NA,NA,NA,0.0,0,-43.24,-37.24,[],0,0,[],[]
568590,570800,NA,OLN,0.0,13,pause,NA,NA,NA,NA,0.0,0,-17.19,-1.59,[],0,0,[],[]
570800,571920,NA,MAF,0.0,13,pause,NA,NA,NA,NA,0.0,0,-23.65,-6.62,[],0,0,[],[]
571920,572800,NA,OLN,0.0,13,pause,NA,NA,NA,NA,0.0,0,-14.48,-1.54,[],0,0,[],[]
572800,574090,OCH,CXN,0.0,13,XIOCAC,BC,0,NT,FI,0.0,0,-26.93,-20.92,[],0,0,[],[]
574090,576840,NA,NOF,0.0,13,XIOCAC,NA,NA,NA,NA,0.0,0,-27.61,-8.01,[],0,0,[],[]
576840,578020,NA,TVN,0.0,13,XIOCAC,NA,NA,NA,NA,0.0,0,-41.41,-31.55,[],0,0,[],[]
578020,579270,FEM,FAN,5.11,13,XIOCAC,RC,0,NT,FI,0.0,0,-41.29,-32.55,[],0,0,[],[]
579270,580950,NA,TVN,0.0,13,XIOCAC,NA,NA,NA,NA,0.0,0,-47.53,-33.02,[],0,0,[],[]
580950,583960,OCH,CXN,0.0,13,XIOCAC,RC,0,NT,FI,0.0,0,-37.77,-25.98,[],0,0,[],[]
583960,584960,NA,TVF,0.0,13,XIOCAC,NA,NA,NA,NA,0.0,0,-46.14,-36.37,[],0,0,[],[]
584960,586050,NA,SIL,0.0,13,XIOCAC,NA,NA,NA,NA,0.0,0,-51.95,-44.01,[],0,0,[],[]
586050,586860,NA,NOF,0.0,13,XIOCAC,NA,NA,NA,NA,0.0,0,-50.07,-40.5,[],0,0,[],[]
586860,587460,OCH,CXN,0.0,13,XIOCAC,RC,0,NT,FH,0.0,0,-19.71,-14.89,[],0,0,[],[]
587460,588470,OCH,CXN,0.0,13,XIOCAC,RC,0,NT,FH,0.0,0,-24.58,-12.16,[],0,0,[],[]
588470,589280,NA,SIL,0.0,13,XIOCAC,NA,NA,NA,NA,0.0,0,-53.54,-41.03,[],0,0,[],[]
589280,590100,CHI,CHN,0.0,13,XIOCAC,RC,0,NT,FI,1.0,370,-25.72,-16.93,"[{'Canonical-syllable': '0', 'Growl': '0', 'High-freq-energy': '0', 'Long-island': '0', 'Low-tilt-spectrum': '1', 'Medium-island': '1', 'Short-island': '0', 'Squeal': '0', 'Typical-entropy': '1', 'Voicing-quality': '1', 'Wide-band': '0', 'Xlong-island': '0', 'seq': '1', 'end': 589.65, 'start': 589.28}]",0,0,[],[]
590100,591360,CHI,CHN,0.0,13,XIOCAC,RC,0,NT,FH,1.0,450,-21.3,-11.19,"[{'Canonical-syllable': '0', 'Growl': '0', 'High-freq-energy': '0', 'Long-island': '0', 'Low-tilt-spectrum': '0', 'Medium-island': '1', 'Short-island': '1', 'Squeal': '0', 'Typical-entropy': '2', 'Voicing-quality': '2', 'Wide-band': '0', 'Xlong-island': '0', 'seq': '1', 'end': 590.94, 'start': 590.49}]",0,0,[],[]
591360,592390,NA,MAF,0.0,13,XIOCAC,NA,NA,NA,NA,0.0,0,-40.23,-25.38,[],0,0,[],[]
592390,593420,OCH,CXN,0.0,13,XIOCAC,RC,0,NT,FI,0.0,0,-23.27,-14.39,[],0,0,[],[]
593420,595630,OCH,CXN,0.0,13,XIOCAC,RC,0,NT,FH,0.0,0,-29.65,-19.68,[],0,0,[],[]
595630,596550,NA,NOF,0.0,13,XIOCAC,NA,NA,NA,NA,0.0,0,-41.4,-26.13,[],0,0,[],[]
596550,598410,FEM,FAN,5.89,13,XIOCAC,RC,0,NT,FI,0.0,0,-37.17,-26.57,[],0,0,[],[]
598410,599410,MAL,MAN,6.94,13,XIOCAC,RC,0,NT,FI,0.0,0,-35.18,-21.21,[],0,0,[],[]
599410,600240,OCH,CXN,0.0,13,XIOCAC,RC,0,NT,FI,0.0,0,-33.12,-26.32,[],0,0,[],[]
600240,601370,NA,TVF,0.0,13,XIOCAC,NA,NA,NA,NA,0.0,0,-41.61,-30.89,[],0,0,[],[]
601370,602170,OCH,CXN,0.0,13,XIOCAC,RC,0,NT,FH,0.0,0,-18.26,-6.29,[],0,0,[],[]
602170,602770,OCH,CXN,0.0,13,XIOCAC,RC,0,NT,FH,0.0,0,-30.59,-21.65,[],0,0,[],[]
602770,604500,OCH,CXN,0.0,13,XIOCAC,RC,0,NT,FH,0.0,0,-29.49,-16.39,[],0,0,[],[]
604500,607240,NA,SIL,0.0,13,XIOCAC,NA,NA,NA,NA,0.0,0,-52.69,-49.32,[],0,0,[],[]
607240,609400,OCH,CXN,0.0,13,XIOCAC,RC,0,NT,FH,0.0,0,-34.17,-22.84,[],0,0,[],[]
609400,610130,OCH,CXN,0.0,13,XIOCAC,RC,0,NT,FH,0.0,0,-37.03,-24.51,[],0,0,[],[]
610130,612160,OCH,CXN,0.0,13,XIOCAC,RC,0,NT,FH,0.0,0,-28.58,-17.24,[],0,0,[],[]
612160,612960,NA,TVF,0.0,13,XIOCAC,NA,NA,NA,NA,0.0,0,-52.5,-45.27,[],0,0,[],[]
612960,613630,OCH,CXN,0.0,13,XIOCAC,RC,0,NT,FH,0.0,0,-26.37,-17.25,[],0,0,[],[]
613630,616630,OCH,CXN,0.0,13,XIOCAC,RC,0,NT,FH,0.0,0,-29.3,-16.96,[],0,0,[],[]
616630,617280,OCH,CXN,0.0,13,XIOCAC,RC,0,NT,FH,0.0,0,-28.84,-17.42,[],0,0,[],[]
617280,618080,OCH,CXN,0.0,13,XIOCAC,RC,0,NT,FH,0.0,0,-31.45,-21.54,[],0,0,[],[]
618080,619280,FEM,FAN,4.73,13,XIOCAC,RC,0,NT,FI,0.0,0,-28.31,-18.23,[],0,0,[],[]
619280,620290,MAL,MAN,3.12,13,XIOCAC,RC,0,NT,FI,0.0,0,-36.0,-30.71,[],0,0,[],[]
620290,621400,OCH,CXN,0.0,13,XIOCAC,RC,0,NT,FI,0.0,0,-38.5,-27.72,[],0,0,[],[]
621400,622790,MAL,MAN,8.97,13,XIOCAC,RC,0,NT,FI,0.0,0,-38.39,-27.96,[],0,0,[],[]
622790,624780,OCH,CXN,0.0,13,XIOCAC,RC,0,NT,FI,0.0,0,-34.01,-22.94,[],0,0,[],[]
624780,625450,OCH,CXN,0.0,13,XIOCAC,RC,0,NT,FH,0.0,0,-27.97,-17.44,[],0,0,[],[]
625450,626570,OCH,CXN,0.0,13,XIOCAC,RC,0,NT,FH,0.0,0,-33.47,-24.93,[],0,0,[],[]
626570,627590,FEM,FAN,6.19,13,XIOCAC,RC,0,NT,FI,0.0,0,-31.37,-25.21,[],0,0,[],[]
627590,628630,MAL,MAN,2.79,13,XIOCAC,RC,0,NT,FI,0.0,0,-38.76,-33.18,[],0,0,[],[]
628630,629760,NA,SIL,0.0,13,XIOCAC,NA,NA,NA,NA,0.0,0,-55.74,-46.83,[],0,0,[],[]
629760,631180,MAL,MAN,7.3,13,XIOCAC,RC,0,NT,FH,0.0,0,-31.38,-20.03,[],0,0,[],[]
631180,632180,FEM,FAN,4.41,13,XIOCAC,RC,0,NT,FI,0.0,0,-28.55,-19.23,[],0,0,[],[]
632180,632980,OCH,CXN,0.0,13,XIOCAC,RC,0,NT,FI,0.0,0,-25.38,-18.78,[],0,0,[],[]
632980,634240,NA,SIL,0.0,13,XIOCAC,NA,NA,NA,NA,0.0,0,-49.55,-33.38,[],0,0,[],[]
634240,635700,MAL,MAN,7.19,13,XIOCAC,RC,0,NT,FI,0.0,0,-37.48,-27.45,[],0,0,[],[]
635700,636620,NA,SIL,0.0,13,XIOCAC,NA,NA,NA,NA,0.0,0,-59.37,-51.28,[],0,0,[],[]
636620,638190,OCH,CXN,0.0,13,XIOCAC,RC,0,NT,FI,0.0,0,-29.02,-16.73,[],0,0,[],[]
638190,639050,NA,SIL,0.0,13,XIOCAC,NA,NA,NA,NA,0.0,0,-60.09,-48.73,[],0,0,[],[]
639050,640010,OCH,CXN,0.0,13,XIOCAC,RC,0,NT,FH,0.0,0,-31.6,-23.92,[],0,0,[],[]
640010,641880,FEM,FAN,7.37,13,XIOCAC,RC,0,NT,FI,0.0,0,-38.26,-30.23,[],0,0,[],[]
641880,642680,NA,SIL,0.0,13,XIOCAC,NA,NA,NA,NA,0.0,0,-49.99,-36.26,[],0,0,[],[]
642680,644260,MAL,MAN,9.87,13,XIOCAC,RC,0,NT,FI,0.0,0,-38.27,-30.89,[],0,0,[],[]
644260,645750,NA,TVN,0.0,13,XIOCAC,NA,NA,NA,NA,0.0,0,-56.37,-52.13,[],0,0,[],[]
645750,646390,OCH,CXN,0.0,13,XIOCAC,RC,0,NT,FI,0.0,0,-33.62,-27.73,[],0,0,[],[]
646390,647420,OCH,CXN,0.0,13,XIOCAC,RC,0,NT,FH,0.0,0,-39.08,-29.21,[],0,0,[],[]
647420,649140,FEM,FAN,8.5,13,XIOCAC,RC,0,NT,FI,0.0,0,-37.06,-29.74,[],0,0,[],[]
649140,650150,NA,TVF,0.0,13,XIOCAC,NA,NA,NA,NA,0.0,0,-51.3,-45.92,[],0,0,[],[]
650150,650960,NA,SIL,0.0,13,XIOCAC,NA,NA,NA,NA,0.0,0,-59.36,-56.08,[],0,0,[],[]
650960,651760,OCH,CXN,0.0,13,XIOCAC,EC,0,NT,FI,0.0,0,-39.2,-32.57,[],0,0,[],[]
651760,652760,NA,SIL,0.0,14,pause,NA,NA,NA,NA,0.0,0,-58.92,-50.23,[],0,0,[],[]
652760,653860,NA,SIL,0.0,14,pause,NA,NA,NA,NA,0.0,0,-61.25,-57.12,[],0,0,[],[]
653860,654860,NA,SIL,0.0,14,pause,NA,NA,NA,NA,0.0,0,-61.32,-55.73,[],0,0,[],[]
654860,657100,NA,SIL,0.0,14,pause,NA,NA,NA,NA,0.0,0,-60.55,-53.59,[],0,0,[],[]
657100,658370,NA,TVN,0.0,14,pause,NA,NA,NA,NA,0.0,0,-56.21,-45.87,[],0,0,[],[]
658370,660950,NA,SIL,0.0,14,pause,NA,NA,NA,NA,0.0,0,-58.63,-50.91,[],0,0,[],[]
660950,661750,NA,CXF,0.0,14,pause,NA,NA,NA,NA,0.0,0,-48.98,-35.03,[],0,0,[],[]
661750,664840,NA,SIL,0.0,14,pause,NA,NA,NA,NA,0.0,0,-42.82,-28.17,[],0,0,[],[]
664840,666160,OCH,CXN,0.0,14,XM,BC,0,NT,FI,0.0,0,-29.93,-22.18,[],0,0,[],[]
666160,666820,OCH,CXN,0.0,14,XM,EC,0,NT,FH,0.0,0,-32.53,-25.21,[],0,0,[],[]
666820,668470,NA,SIL,0.0,15,pause,NA,NA,NA,NA,0.0,0,-52.67,-40.74,[],0,0,[],[]
668470,669620,NA,NOF,0.0,15,pause,NA,NA,NA,NA,0.0,0,-47.71,-35.27,[],0,0,[],[]
669620,670640,FEM,FAN,0.0,15,pause,NA,NA,NA,NA,0.0,0,-40.35,-33.87,[],1020,0,[],[]
670640,672220,NA,NOF,0.0,15,pause,NA,NA,NA,NA,0.0,0,-39.2,-20.88,[],0,0,[],[]
672220,673620,OCH,CXN,0.0,15,XIC,BC,0,NT,FI,0.0,0,-24.19,-14.19,[],0,0,[],[]
673620,674370,OCH,CXN,0.0,15,XIC,RC,0,NT,FH,0.0,0,-23.24,-18.27,[],0,0,[],[]
674370,675500,FEM,FAN,7.66,15,XIC,RC,0,NT,FI,0.0,0,-31.71,-19.31,[],0,0,[],[]
675500,676700,OCH,CXN,0.0,15,XIC,RC,0,NT,FI,0.0,0,-27.15,-16.2,[],0,0,[],[]
676700,679830,OCH,CXN,0.0,15,XIC,RC,0,NT,FH,0.0,0,-24.07,-12.68,[],0,0,[],[]
679830,681070,NA,OLN,0.0,15,XIC,NA,NA,NA,NA,0.0,0,-24.44,-14.82,[],0,0,[],[]
681070,682110,OCH,CXN,0.0,15,XIC,RC,0,NT,FH,0.0,0,-18.22,-9.31,[],0,0,[],[]
682110,683370,OCH,CXN,0.0,15,XIC,RC,0,NT,FH,0.0,0,-30.94,-23.09,[],0,0,[],[]
683370,684440,CHI,CHN,0.0,15,XIC,RC,0,TIFI,FI,1.0,1070,-15.96,-5.61,"[{'Canonical-syllable': '0', 'Growl': '0', 'High-freq-energy': '0', 'Long-island': '0', 'Low-tilt-spectrum': '0', 'Medium-island': '2', 'Short-island': '0', 'Squeal': '0', 'Typical-entropy': '1', 'Voicing-quality': '2', 'Wide-band': '0', 'Xlong-island': '0', 'seq': '1', 'end': 684.44, 'start': 683.37}]",0,0,[],[]
684440,685240,NA,OLN,0.0,15,XIC,NA,NA,NA,NA,0.0,0,-28.58,-16.36,[],0,0,[],[]
685240,688670,FEM,FAN,13.0,15,XIC,RC,1,TIFR,FI,0.0,0,-23.26,-8.31,[],0,0,[],[]
688670,689520,OCH,CXN,0.0,15,XIC,RC,1,NT,FI,0.0,0,-22.51,-16.2,[],0,0,[],[]
689520,690930,OCH,CXN,0.0,15,XIC,RC,1,NT,FH,0.0,0,-16.55,-7.82,[],0,0,[],[]
690930,691530,NA,OLN,0.0,15,XIC,NA,NA,NA,NA,0.0,0,-27.0,-13.74,[],0,0,[],[]
691530,692560,FEM,FAN,0.0,15,XIC,NA,NA,NA,NA,0.0,0,-28.85,-22.63,[],1030,0,[],[]
692560,694120,NA,NOF,0.0,15,XIC,NA,NA,NA,NA,0.0,0,-40.78,-31.22,[],0,0,[],[]
694120,694790,CHI,CHN,0.0,15,XIC,RC,1,TIFI,FI,1.0,670,-19.4,-11.88,"[{'Canonical-syllable': '1', 'Growl': '0', 'High-freq-energy': '0', 'Long-island': '0', 'Low-tilt-spectrum': '0', 'Medium-island': '1', 'Short-island': '0', 'Squeal': '0', 'Typical-entropy': '2', 'Voicing-quality': '2', 'Wide-band': '0', 'Xlong-island': '0', 'seq': '1', 'end': 694.79, 'start': 694.12}]",0,0,[],[]
694790,695790,FEM,FAN,7.26,15,XIC,RC,2,TIFR,FI,0.0,0,-16.96,-8.9,[],0,0,[],[]
695790,696680,NA,OLF,0.0,15,XIC,NA,NA,NA,NA,0.0,0,-36.0,-23.33,[],0,0,[],[]
696680,697750,FEM,FAN,4.91,15,XIC,RC,2,NT,FH,0.0,0,-27.15,-20.74,[],0,0,[],[]
697750,698880,NA,NON,0.0,15,XIC,NA,NA,NA,NA,0.0,0,-34.96,-28.96,[],0,0,[],[]
698880,700180,NA,OLN,0.0,15,XIC,NA,NA,NA,NA,0.0,0,-20.96,-6.97,[],0,0,[],[]
700180,700980,OCH,CXN,0.0,15,XIC,RC,2,NT,FI,0.0,0,-19.42,-9.03,[],0,0,[],[]
700980,702430,NA,OLN,0.0,15,XIC,NA,NA,NA,NA,0.0,0,-21.83,-11.41,[],0,0,[],[]
702430,703850,FEM,FAN,6.07,15,XIC,RC,2,NT,FI,0.0,0,-25.29,-19.73,[],0,0,[],[]
703850,705420,MAL,MAN,5.99,15,XIC,RC,2,TIMI,FI,0.0,0,-24.65,-16.1,[],0,0,[],[]
705420,706420,NA,TVF,0.0,15,XIC,NA,NA,NA,NA,0.0,0,-43.74,-28.18,[],0,0,[],[]
706420,708300,CHI,CHN,0.0,15,XIC,EC,3,TIMR,FI,1.0,1490,-19.22,-6.84,"[{'Canonical-syllable': '1', 'Growl': '0', 'High-freq-energy': '0', 'Long-island': '1', 'Low-tilt-spectrum': '0', 'Medium-island': '0', 'Short-island': '2', 'Squeal': '0', 'Typical-entropy': '1', 'Voicing-quality': '3', 'Wide-band': '0', 'Xlong-island': '0', 'seq': '1', 'end': 708.3, 'start': 706.81}]",0,0,[],[]
708300,709270,NA,OLN,0.0,16,pause,NA,NA,NA,NA,0.0,0,-24.33,-8.28,[],0,0,[],[]
709270,714890,NA,SIL,0.0,16,pause,NA,NA,NA,NA,0.0,0,-53.95,-42.47,[],0,0,[],[]
714890,715490,MAL,MAN,5.28,16,AMM,EC,0,NT,FI,0.0,0,-28.41,-18.04,[],0,0,[],[]
715490,716890,NA,MAF,0.0,17,pause,NA,NA,NA,NA,0.0,0,-36.96,-22.23,[],0,0,[],[]
716890,717700,NA,CXF,0.0,17,pause,NA,NA,NA,NA,0.0,0,-46.38,-36.93,[],0,0,[],[]
717700,721080,NA,SIL,0.0,17,pause,NA,NA,NA,NA,0.0,0,-54.3,-42.92,[],0,0,[],[]
721080,721880,NA,CXF,0.0,17,pause,NA,NA,NA,NA,0.0,0,-48.27,-38.73,[],0,0,[],[]
721880,722680,OCH,CXN,0.0,17,XIC,BC,0,NT,FI,0.0,0,-29.68,-20.3,[],0,0,[],[]
722680,723490,NA,SIL,0.0,17,XIC,NA,NA,NA,NA,0.0,0,-49.49,-38.81,[],0,0,[],[]
723490,724350,NA,TVF,0.0,17,XIC,NA,NA,NA,NA,0.0,0,-45.89,-29.38,[],0,0,[],[]
724350,726110,NA,SIL,0.0,17,XIC,NA,NA,NA,NA,0.0,0,-53.27,-45.54,[],0,0,[],[]
726110,726990,NA,CXF,0.0,17,XIC,NA,NA,NA,NA,0.0,0,-45.89,-37.6,[],0,0,[],[]
726990,729420,OCH,CXN,0.0,17,XIC,RC,0,NT,FH,0.0,0,-22.73,-10.95,[],0,0,[],[]
729420,730420,OCH,CXN,0.0,17,XIC,RC,0,NT,FH,0.0,0,-21.31,-10.49,[],0,0,[],[]
730420,731540,NA,OLN,0.0,17,XIC,NA,NA,NA,NA,0.0,0,-30.87,-17.88,[],0,0,[],[]
731540,732640,CHI,CHN,0.0,17,XIC,RC,0,TIFI,FI,1.0,1030,-16.43,-5.81,"[{'Canonical-syllable': '1', 'Growl': '0', 'High-freq-energy': '0', 'Long-island': '0', 'Low-tilt-spectrum': '0', 'Medium-island': '1', 'Short-island': '1', 'Squeal': '1', 'Typical-entropy': '1', 'Voicing-quality': '3', 'Wide-band': '0', 'Xlong-island': '0', 'seq': '1', 'end': 732.57, 'start': 731.54}]",0,0,[],[]
732640,733330,FEM,FAN,0.0,17,XIC,NA,NA,NA,NA,0.0,0,-25.69,-16.78,[],690,0,[],[]
733330,734580,NA,SIL,0.0,17,XIC,NA,NA,NA,NA,0.0,0,-54.45,-46.13,[],0,0,[],[]
734580,735990,FEM,FAN,5.61,17,XIC,RC,1,TIFR,FI,0.0,0,-26.89,-15.93,[],0,0,[],[]
735990,737030,MAL,MAN,1.98,17,XIC,RC,1,NT,FI,0.0,0,-39.01,-28.48,[],0,0,[],[]
737030,737630,CHI,CHN,0.0,17,XIC,RC,1,TIFI,FI,1.0,600,-20.97,-13.03,"[{'Canonical-syllable': '1', 'Growl': '0', 'High-freq-energy': '0', 'Long-island': '0', 'Low-tilt-spectrum': '0', 'Medium-island': '1', 'Short-island': '0', 'Squeal': '0', 'Typical-entropy': '0', 'Voicing-quality': '1', 'Wide-band': '0', 'Xlong-island': '0', 'seq': '1', 'end': 737.63, 'start': 737.3}]",0,0,[],[]
737630,738800,FEM,FAN,5.43,17,XIC,RC,2,TIFR,FI,0.0,0,-24.89,-16.0,[],0,0,[],[]
738800,739640,NA,OLN,0.0,17,XIC,NA,NA,NA,NA,0.0,0,-21.78,-9.37,[],0,0,[],[]
739640,740640,OCH,CXN,0.0,17,XIC,RC,2,NT,FI,0.0,0,-17.46,-9.67,[],0,0,[],[]
740640,741320,CHI,CHN,0.0,17,XIC,RC,2,TIFI,FI,1.0,250,-24.21,-16.51,"[{'Canonical-syllable': '0', 'Growl': '0', 'High-freq-energy': '0', 'Long-island': '0', 'Low-tilt-spectrum': '0', 'Medium-island': '0', 'Short-island': '1', 'Squeal': '0', 'Typical-entropy': '0', 'Voicing-quality': '1', 'Wide-band': '0', 'Xlong-island': '0', 'seq': '1', 'end': 740.89, 'start': 740.64}]",0,0,[],[]
741320,743520,FEM,FAN,10.66,17,XIC,RC,3,TIFR,FI,0.0,0,-23.62,-14.01,[],0,0,[],[]
743520,744520,MAL,MAN,4.8,17,XIC,RC,3,NT,FI,0.0,0,-34.08,-28.07,[],0,0,[],[]
744520,747810,CHI,CHN,0.0,17,XIC,RC,3,TIME,FI,1.0,2790,-23.02,-13.05,"[{'Canonical-syllable': '0', 'Growl': '0', 'High-freq-energy': '0', 'Long-island': '2', 'Low-tilt-spectrum': '1', 'Medium-island': '0', 'Short-island': '3', 'Squeal': '0', 'Typical-entropy': '4', 'Voicing-quality': '6', 'Wide-band': '0', 'Xlong-island': '0', 'seq': '1', 'end': 747.81, 'start': 745.02}]",0,0,[],[]
747810,748410,CHI,CHN,0.0,17,XIC,RC,3,NT,FH,1.0,600,-20.8,-14.85,"[{'Canonical-syllable': '0', 'Growl': '0', 'High-freq-energy': '0', 'Long-island': '0', 'Low-tilt-spectrum': '1', 'Medium-island': '1', 'Short-island': '0', 'Squeal': '0', 'Typical-entropy': '1', 'Voicing-quality': '1', 'Wide-band': '0', 'Xlong-island': '0', 'seq': '1', 'end': 748.41, 'start': 747.81}]",0,0,[],[]
748410,749300,OCH,CXN,0.0,17,XIC,RC,3,NT,FI,0.0,0,-22.04,-11.17,[],0,0,[],[]
749300,753250,FEM,FAN,15.57,17,XIC,RC,3,NT,FI,0.0,0,-25.72,-13.87,[],0,0,[],[]
753250,753970,CHI,CHN,0.0,17,XIC,NA,NA,NA,NA,0.0,0,-15.05,-10.47,[],0,640,"[{'start': 753.33, 'end': 753.97}]",[]
753970,757100,FEM,FAN,11.15,17,XIC,RC,3,NT,FH,0.0,0,-28.34,-14.17,[],0,0,[],[]
757100,757950,NA,SIL,0.0,17,XIC,NA,NA,NA,NA,0.0,0,-50.29,-38.63,[],0,0,[],[]
757950,759100,OCH,CXN,0.0,17,XIC,RC,3,NT,FI,0.0,0,-25.13,-16.03,[],0,0,[],[]
759100,760100,MAL,MAN,9.26,17,XIC,RC,3,TIMI,FI,0.0,0,-27.9,-16.98,[],0,0,[],[]
760100,760730,CHI,CHN,0.0,17,XIC,RC,4,TIMR,FI,1.0,290,-28.84,-19.83,"[{'Canonical-syllable': '1', 'Growl': '0', 'High-freq-energy': '0', 'Long-island': '0', 'Low-tilt-spectrum': '0', 'Medium-island': '1', 'Short-island': '0', 'Squeal': '0', 'Typical-entropy': '1', 'Voicing-quality': '1', 'Wide-band': '0', 'Xlong-island': '0', 'seq': '1', 'end': 760.39, 'start': 760.1}]",0,0,[],[]
760730,763290,FEM,FAN,9.46,17,XIC,RC,4,TIFE,FI,0.0,0,-30.97,-19.73,[],0,0,[],[]
763290,763980,OCH,CXN,0.0,17,XIC,RC,4,NT,FI,0.0,0,-21.85,-12.39,[],0,0,[],[]
763980,764780,OCH,CXN,0.0,17,XIC,RC,4,NT,FH,0.0,0,-18.33,-11.91,[],0,0,[],[]
764780,765530,CHI,CHN,0.0,17,XIC,RC,4,TIFI,FI,1.0,750,-25.8,-19.47,"[{'Canonical-syllable': '0', 'Growl': '0', 'High-freq-energy': '0', 'Long-island': '0', 'Low-tilt-spectrum': '0', 'Medium-island': '1', 'Short-island': '0', 'Squeal': '0', 'Typical-entropy': '0', 'Voicing-quality': '1', 'Wide-band': '0', 'Xlong-island': '0', 'seq': '1', 'end': 765.53, 'start': 764.78}]",0,0,[],[]
765530,767310,FEM,FAN,8.47,17,XIC,RC,5,TIFR,FI,0.0,0,-27.33,-13.82,[],0,0,[],[]
767310,768110,NA,SIL,0.0,17,XIC,NA,NA,NA,NA,0.0,0,-51.64,-44.18,[],0,0,[],[]
768110,768910,OCH,CXN,0.0,17,XIC,RC,5,NT,FI,0.0,0,-23.93,-14.55,[],0,0,[],[]
768910,771000,FEM,FAN,6.54,17,XIC,RC,5,NT,FI,0.0,0,-33.74,-20.88,[],0,0,[],[]
771000,772330,NA,SIL,0.0,17,XIC,NA,NA,NA,NA,0.0,0,-56.45,-47.35,[],0,0,[],[]
772330,773720,NA,NOF,0.0,17,XIC,NA,NA,NA,NA,0.0,0,-45.15,-31.06,[],0,0,[],[]
773720,774940,NA,SIL,0.0,17,XIC,NA,NA,NA,NA,0.0,0,-54.63,-46.53,[],0,0,[],[]
774940,775560,FEM,FAN,0.95,17,XIC,RC,5,NT,FH,0.0,0,-31.88,-24.93,[],0,0,[],[]
775560,776360,OCH,CXN,0.0,17,XIC,RC,5,NT,FI,0.0,0,-31.73,-23.88,[],0,0,[],[]
776360,777190,NA,SIL,0.0,17,XIC,NA,NA,NA,NA,0.0,0,-47.81,-38.38,[],0,0,[],[]
777190,779270,FEM,FAN,9.01,17,XIC,RC,5,NT,FI,0.0,0,-22.59,-13.68,[],0,0,[],[]
779270,779990,OCH,CXN,0.0,17,XIC,RC,5,NT,FI,0.0,0,-28.37,-20.95,[],0,0,[],[]
779990,781030,FEM,FAN,4.75,17,XIC,RC,5,TIFI,FI,0.0,0,-24.63,-16.0,[],0,0,[],[]
781030,781690,CHI,CHN,0.0,17,XIC,RC,6,TIFR,FI,1.0,660,-22.69,-16.64,"[{'Canonical-syllable': '1', 'Growl': '0', 'High-freq-energy': '0', 'Long-island': '0', 'Low-tilt-spectrum': '0', 'Medium-island': '1', 'Short-island': '0', 'Squeal': '0', 'Typical-entropy': '0', 'Voicing-quality': '1', 'Wide-band': '0', 'Xlong-island': '0', 'seq': '1', 'end': 781.69, 'start': 781.03}]",0,0,[],[]
781690,783070,FEM,FAN,4.23,17,XIC,RC,6,TIFE,FI,0.0,0,-24.39,-17.9,[],0,0,[],[]
783070,784050,NA,OLN,0.0,17,XIC,NA,NA,NA,NA,0.0,0,-20.99,-13.46,[],0,0,[],[]
784050,785020,FEM,FAN,5.22,17,XIC,RC,6,NT,FH,0.0,0,-26.21,-18.5,[],0,0,[],[]
785020,788480,FEM,FAN,11.69,17,XIC,RC,6,TIFI,FH,0.0,0,-26.71,-12.29,[],0,0,[],[]
788480,789330,NA,FAF,0.0,17,XIC,NA,NA,NA,NA,0.0,0,-48.33,-39.14,[],0,0,[],[]
789330,789940,CHI,CHN,0.0,17,XIC,RC,7,TIFR,FI,1.0,540,-25.58,-17.78,"[{'Canonical-syllable': '0', 'Growl': '0', 'High-freq-energy': '0', 'Long-island': '0', 'Low-tilt-spectrum': '0', 'Medium-island': '1', 'Short-island': '0', 'Squeal': '0', 'Typical-entropy': '0', 'Voicing-quality': '1', 'Wide-band': '0', 'Xlong-island': '0', 'seq': '1', 'end': 789.87, 'start': 789.33}]",0,0,[],[]
789940,792450,OCH,CXN,0.0,17,XIC,RC,7,NT,FI,0.0,0,-19.87,-10.36,[],0,0,[],[]
792450,794100,OCH,CXN,0.0,17,XIC,RC,7,NT,FH,0.0,0,-25.89,-15.82,[],0,0,[],[]
794100,795940,NA,OLN,0.0,17,XIC,NA,NA,NA,NA,0.0,0,-35.25,-26.59,[],0,0,[],[]
795940,796750,NA,NOF,0.0,17,XIC,NA,NA,NA,NA,0.0,0,-41.06,-30.45,[],0,0,[],[]
796750,798430,NA,OLN,0.0,17,XIC,NA,NA,NA,NA,0.0,0,-34.29,-18.68,[],0,0,[],[]
798430,799850,OCH,CXN,0.0,17,XIC,RC,7,NT,FH,0.0,0,-23.79,-13.13,[],0,0,[],[]
799850,800660,NA,OLN,0.0,17,XIC,NA,NA,NA,NA,0.0,0,-18.96,-11.29,[],0,0,[],[]
800660,801660,OCH,CXN,0.0,17,XIC,RC,7,NT,FH,0.0,0,-21.72,-12.07,[],0,0,[],[]
801660,802930,NA,NOF,0.0,17,XIC,NA,NA,NA,NA,0.0,0,-38.42,-24.92,[],0,0,[],[]
802930,803740,OCH,CXN,0.0,17,XIC,EC,7,NT,FH,0.0,0,-32.77,-22.59,[],0,0,[],[]
803740,808900,NA,OLN,0.0,18,pause,NA,NA,NA,NA,0.0,0,-22.1,-5.47,[],0,0,[],[]
808900,810680,NA,NOF,0.0,18,pause,NA,NA,NA,NA,0.0,0,-31.77,-21.76,[],0,0,[],[]
810680,811680,NA,OLF,0.0,18,pause,NA,NA,NA,NA,0.0,0,-23.92,-15.33,[],0,0,[],[]
811680,812620,OCH,CXN,0.0,18,XIOCC,BC,0,NT,FI,0.0,0,-23.46,-17.11,[],0,0,[],[]
812620,813530,NA,OLF,0.0,18,XIOCC,NA,NA,NA,NA,0.0,0,-36.58,-26.28,[],0,0,[],[]
813530,815200,OCH,CXN,0.0,18,XIOCC,RC,0,NT,FH,0.0,0,-32.47,-20.13,[],0,0,[],[]
815200,816060,OCH,CXN,0.0,18,XIOCC,RC,0,NT,FH,0.0,0,-32.58,-22.57,[],0,0,[],[]
816060,818050,NA,NOF,0.0,18,XIOCC,NA,NA,NA,NA,0.0,0,-38.29,-27.28,[],0,0,[],[]
818050,819050,NA,OLN,0.0,18,XIOCC,NA,NA,NA,NA,0.0,0,-32.81,-20.73,[],0,0,[],[]
819050,820060,OCH,CXN,0.0,18,XIOCC,RC,0,NT,FH,0.0,0,-19.87,-10.87,[],0,0,[],[]
820060,821730,NA,OLN,0.0,18,XIOCC,NA,NA,NA,NA,0.0,0,-22.91,-12.58,[],0,0,[],[]
821730,823000,NA,NOF,0.0,18,XIOCC,NA,NA,NA,NA,0.0,0,-37.97,-25.22,[],0,0,[],[]
823000,823840,CHI,CHN,0.0,18,XIOCC,RC,0,NT,FI,1.0,840,-14.44,-5.42,"[{'Canonical-syllable': '0', 'Growl': '0', 'High-freq-energy': '0', 'Long-island': '1', 'Low-tilt-spectrum': '1', 'Medium-island': '0', 'Short-island': '0', 'Squeal': '1', 'Typical-entropy': '1', 'Voicing-quality': '1', 'Wide-band': '0', 'Xlong-island': '0', 'seq': '1', 'end': 823.84, 'start': 823.0}]",0,0,[],[]
823840,824640,NA,MAF,0.0,18,XIOCC,NA,NA,NA,NA,0.0,0,-27.37,-15.21,[],0,0,[],[]
824640,825670,OCH,CXN,0.0,18,XIOCC,RC,0,NT,FI,0.0,0,-17.43,-7.98,[],0,0,[],[]
825670,826290,CHI,CHN,0.0,18,XIOCC,RC,0,NT,FI,1.0,620,-18.21,-13.3,"[{'Canonical-syllable': '0', 'Growl': '0', 'High-freq-energy': '0', 'Long-island': '0', 'Low-tilt-spectrum': '1', 'Medium-island': '1', 'Short-island': '0', 'Squeal': '0', 'Typical-entropy': '1', 'Voicing-quality': '1', 'Wide-band': '0', 'Xlong-island': '0', 'seq': '1', 'end': 826.29, 'start': 825.67}]",0,0,[],[]
826290,827090,NA,OLF,0.0,18,XIOCC,NA,NA,NA,NA,0.0,0,-36.76,-28.15,[],0,0,[],[]
827090,828680,NA,OLN,0.0,18,XIOCC,NA,NA,NA,NA,0.0,0,-30.76,-18.32,[],0,0,[],[]
828680,829480,OCH,CXN,0.0,18,XIOCC,EC,0,NT,FI,0.0,0,-18.4,-5.8,[],0,0,[],[]
829480,830640,NA,OLF,0.0,19,pause,NA,NA,NA,NA,0.0,0,-40.19,-27.69,[],0,0,[],[]
830640,832720,NA,SIL,0.0,19,pause,NA,NA,NA,NA,0.0,0,-40.85,-26.8,[],0,0,[],[]
832720,833750,NA,TVN,0.0,19,pause,NA,NA,NA,NA,0.0,0,-45.1,-32.24,[],0,0,[],[]
833750,835230,NA,TVF,0.0,19,pause,NA,NA,NA,NA,0.0,0,-43.63,-34.58,[],0,0,[],[]
835230,836230,NA,TVF,0.0,19,pause,NA,NA,NA,NA,0.0,0,-45.48,-34.98,[],0,0,[],[]
836230,837310,NA,TVN,0.0,19,pause,NA,NA,NA,NA,0.0,0,-44.15,-34.67,[],0,0,[],[]
837310,840080,NA,TVN,0.0,19,pause,NA,NA,NA,NA,0.0,0,-49.62,-42.08,[],0,0,[],[]
840080,840880,NA,SIL,0.0,19,pause,NA,NA,NA,NA,0.0,0,-54.79,-44.05,[],0,0,[],[]
840880,843410,NA,TVF,0.0,19,pause,NA,NA,NA,NA,0.0,0,-48.79,-36.35,[],0,0,[],[]
843410,844210,NA,TVF,0.0,19,pause,NA,NA,NA,NA,0.0,0,-50.96,-43.83,[],0,0,[],[]
844210,845030,NA,SIL,0.0,19,pause,NA,NA,NA,NA,0.0,0,-58.76,-54.83,[],0,0,[],[]
845030,845870,NA,TVF,0.0,19,pause,NA,NA,NA,NA,0.0,0,-47.84,-40.9,[],0,0,[],[]
845870,854810,NA,TVN,0.0,19,pause,NA,NA,NA,NA,0.0,0,-47.26,-32.95,[],0,0,[],[]
854810,855610,NA,SIL,0.0,19,pause,NA,NA,NA,NA,0.0,0,-46.14,-36.44,[],0,0,[],[]
855610,856860,NA,TVF,0.0,19,pause,NA,NA,NA,NA,0.0,0,-42.22,-32.31,[],0,0,[],[]
856860,865200,NA,SIL,0.0,19,pause,NA,NA,NA,NA,0.0,0,-46.78,-27.76,[],0,0,[],[]
865200,866260,NA,TVN,0.0,19,pause,NA,NA,NA,NA,0.0,0,-51.94,-44.02,[],0,0,[],[]
866260,867260,NA,TVF,0.0,19,pause,NA,NA,NA,NA,0.0,0,-45.43,-40.35,[],0,0,[],[]
867260,869640,NA,TVN,0.0,19,pause,NA,NA,NA,NA,0.0,0,-48.62,-38.18,[],0,0,[],[]
869640,871820,NA,SIL,0.0,19,pause,NA,NA,NA,NA,0.0,0,-55.7,-43.91,[],0,0,[],[]
871820,872830,NA,TVF,0.0,19,pause,NA,NA,NA,NA,0.0,0,-49.95,-38.23,[],0,0,[],[]
872830,873630,NA,SIL,0.0,19,pause,NA,NA,NA,NA,0.0,0,-57.36,-42.01,[],0,0,[],[]
873630,874640,NA,TVF,0.0,19,pause,NA,NA,NA,NA,0.0,0,-56.53,-48.15,[],0,0,[],[]
874640,875530,NA,SIL,0.0,19,pause,NA,NA,NA,NA,0.0,0,-55.07,-49.81,[],0,0,[],[]
875530,876330,NA,NOF,0.0,19,pause,NA,NA,NA,NA,0.0,0,-49.48,-39.58,[],0,0,[],[]
876330,877930,NA,SIL,0.0,19,pause,NA,NA,NA,NA,0.0,0,-49.44,-35.59,[],0,0,[],[]
877930,878930,NA,TVN,0.0,19,pause,NA,NA,NA,NA,0.0,0,-52.47,-45.42,[],0,0,[],[]
878930,882330,NA,SIL,0.0,19,pause,NA,NA,NA,NA,0.0,0,-56.14,-44.48,[],0,0,[],[]
882330,883500,NA,TVN,0.0,19,pause,NA,NA,NA,NA,0.0,0,-57.52,-50.42,[],0,0,[],[]
883500,884940,NA,SIL,0.0,19,pause,NA,NA,NA,NA,0.0,0,-51.66,-39.07,[],0,0,[],[]
884940,886770,NA,TVF,0.0,19,pause,NA,NA,NA,NA,0.0,0,-50.63,-38.32,[],0,0,[],[]
886770,887860,NA,SIL,0.0,19,pause,NA,NA,NA,NA,0.0,0,-54.59,-46.12,[],0,0,[],[]
887860,889190,NA,TVN,0.0,19,pause,NA,NA,NA,NA,0.0,0,-51.28,-42.73,[],0,0,[],[]
889190,890170,NA,SIL,0.0,19,pause,NA,NA,NA,NA,0.0,0,-55.84,-47.5,[],0,0,[],[]
890170,891170,NA,TVF,0.0,19,pause,NA,NA,NA,NA,0.0,0,-49.5,-41.67,[],0,0,[],[]
891170,893540,NA,SIL,0.0,19,pause,NA,NA,NA,NA,0.0,0,-53.22,-38.03,[],0,0,[],[]
893540,895380,NA,TVF,0.0,19,pause,NA,NA,NA,NA,0.0,0,-54.2,-44.5,[],0,0,[],[]
895380,897720,NA,SIL,0.0,19,pause,NA,NA,NA,NA,0.0,0,-53.69,-36.11,[],0,0,[],[]
897720,899770,NA,NOF,0.0,19,pause,NA,NA,NA,NA,0.0,0,-44.07,-33.31,[],0,0,[],[]
899770,903750,NA,TVN,0.0,19,pause,NA,NA,NA,NA,0.0,0,-44.09,-29.59,[],0,0,[],[]
903750,904550,NA,CXF,0.0,19,pause,NA,NA,NA,NA,0.0,0,-40.03,-32.04,[],0,0,[],[]
904550,906760,NA,TVF,0.0,19,pause,NA,NA,NA,NA,0.0,0,-47.79,-34.31,[],0,0,[],[]
906760,907710,NA,SIL,0.0,19,pause,NA,NA,NA,NA,0.0,0,-53.18,-47.21,[],0,0,[],[]
907710,908870,NA,TVN,0.0,19,pause,NA,NA,NA,NA,0.0,0,-52.58,-43.94,[],0,0,[],[]
908870,909670,NA,SIL,0.0,19,pause,NA,NA,NA,NA,0.0,0,-54.08,-48.07,[],0,0,[],[]
909670,910670,NA,TVN,0.0,19,pause,NA,NA,NA,NA,0.0,0,-52.4,-47.05,[],0,0,[],[]
910670,912300,OCH,CXN,0.0,19,XM,EC,0,NT,FI,0.0,0,-41.64,-32.08,[],0,0,[],[]
912300,914430,NA,TVN,0.0,20,pause,NA,NA,NA,NA,0.0,0,-44.23,-28.79,[],0,0,[],[]
914430,915910,NA,TVF,0.0,20,pause,NA,NA,NA,NA,0.0,0,-42.57,-34.31,[],0,0,[],[]
915910,917070,NA,SIL,0.0,20,pause,NA,NA,NA,NA,0.0,0,-53.62,-42.84,[],0,0,[],[]
917070,918070,NA,TVF,0.0,20,pause,NA,NA,NA,NA,0.0,0,-47.25,-43.24,[],0,0,[],[]
918070,919160,NA,SIL,0.0,20,pause,NA,NA,NA,NA,0.0,0,-53.95,-45.55,[],0,0,[],[]
919160,920730,NA,TVN,0.0,20,pause,NA,NA,NA,NA,0.0,0,-47.72,-37.87,[],0,0,[],[]
920730,921950,NA,SIL,0.0,20,pause,NA,NA,NA,NA,0.0,0,-56.0,-46.87,[],0,0,[],[]
921950,923330,NA,TVF,0.0,20,pause,NA,NA,NA,NA,0.0,0,-52.86,-43.92,[],0,0,[],[]
923330,924330,MAL,MAN,0.0,20,pause,NA,NA,NA,NA,0.0,0,-41.1,-36.87,[],1000,0,[],[]
924330,925330,NA,TVF,0.0,20,pause,NA,NA,NA,NA,0.0,0,-56.79,-50.86,[],0,0,[],[]
925330,926130,NA,SIL,0.0,20,pause,NA,NA,NA,NA,0.0,0,-56.83,-53.53,[],0,0,[],[]
926130,927790,NA,TVN,0.0,20,pause,NA,NA,NA,NA,0.0,0,-51.35,-46.11,[],0,0,[],[]
927790,928700,NA,SIL,0.0,20,pause,NA,NA,NA,NA,0.0,0,-61.63,-56.36,[],0,0,[],[]
928700,937050,NA,SIL,0.0,20,pause,NA,NA,NA,NA,0.0,0,-62.87,-55.08,[],0,0,[],[]
937050,941080,NA,SIL,0.0,20,pause,NA,NA,NA,NA,0.0,0,-57.86,-46.03,[],0,0,[],[]
941080,941880,FEM,FAN,1.53,20,AIOCF,BC,0,NT,FI,0.0,0,-40.92,-32.64,[],0,0,[],[]
941880,943100,NA,TVN,0.0,20,AIOCF,NA,NA,NA,NA,0.0,0,-43.87,-36.44,[],0,0,[],[]
943100,943940,OCH,CXN,0.0,20,AIOCF,RC,0,NT,FI,0.0,0,-40.5,-33.22,[],0,0,[],[]
943940,945550,NA,SIL,0.0,20,AIOCF,NA,NA,NA,NA,0.0,0,-48.75,-37.62,[],0,0,[],[]
945550,946980,OCH,CXN,0.0,20,AIOCF,EC,0,NT,FH,0.0,0,-41.08,-33.48,[],0,0,[],[]
946980,948670,NA,SIL,0.0,21,pause,NA,NA,NA,NA,0.0,0,-53.46,-43.54,[],0,0,[],[]
948670,949470,NA,TVN,0.0,21,pause,NA,NA,NA,NA,0.0,0,-38.38,-26.61,[],0,0,[],[]
949470,951040,NA,SIL,0.0,21,pause,NA,NA,NA,NA,0.0,0,-52.12,-39.63,[],0,0,[],[]
951040,952610,NA,TVF,0.0,21,pause,NA,NA,NA,NA,0.0,0,-49.91,-37.39,[],0,0,[],[]
952610,954670,NA,SIL,0.0,21,pause,NA,NA,NA,NA,0.0,0,-58.22,-50.36,[],0,0,[],[]
954670,955560,NA,NOF,0.0,21,pause,NA,NA,NA,NA,0.0,0,-47.86,-44.96,[],0,0,[],[]
955560,956950,NA,CXF,0.0,21,pause,NA,NA,NA,NA,0.0,0,-39.65,-24.95,[],0,0,[],[]
956950,963250,NA,SIL,0.0,21,pause,NA,NA,NA,NA,0.0,0,-55.34,-43.32,[],0,0,[],[]
963250,965310,NA,TVN,0.0,21,pause,NA,NA,NA,NA,0.0,0,-55.34,-48.13,[],0,0,[],[]
965310,967390,NA,SIL,0.0,21,pause,NA,NA,NA,NA,0.0,0,-56.5,-46.09,[],0,0,[],[]
967390,968970,NA,TVF,0.0,21,pause,NA,NA,NA,NA,0.0,0,-52.17,-42.82,[],0,0,[],[]
968970,969780,OCH,CXN,0.0,21,XM,EC,0,NT,FI,0.0,0,-44.09,-35.04,[],0,0,[],[]
969780,970820,NA,FAF,0.0,22,pause,NA,NA,NA,NA,0.0,0,-43.7,-36.63,[],0,0,[],[]
970820,972040,NA,NOF,0.0,22,pause,NA,NA,NA,NA,0.0,0,-46.69,-34.86,[],0,0,[],[]
972040,972840,NA,FAF,0.0,22,pause,NA,NA,NA,NA,0.0,0,-44.25,-36.7,[],0,0,[],[]
972840,973640,NA,SIL,0.0,22,pause,NA,NA,NA,NA,0.0,0,-50.49,-38.31,[],0,0,[],[]
973640,981790,NA,TVN,0.0,22,pause,NA,NA,NA,NA,0.0,0,-51.59,-39.33,[],0,0,[],[]
981790,983180,NA,SIL,0.0,22,pause,NA,NA,NA,NA,0.0,0,-54.35,-47.42,[],0,0,[],[]
983180,986790,NA,TVN,0.0,22,pause,NA,NA,NA,NA,0.0,0,-50.67,-42.41,[],0,0,[],[]
986790,987590,NA,TVN,0.0,22,pause,NA,NA,NA,NA,0.0,0,-42.59,-34.43,[],0,0,[],[]
987590,995730,NA,TVN,0.0,22,pause,NA,NA,NA,NA,0.0,0,-45.03,-32.42,[],0,0,[],[]
995730,996530,NA,TVN,0.0,22,pause,NA,NA,NA,NA,0.0,0,-44.01,-37.92,[],0,0,[],[]
996530,999700,NA,TVN,0.0,22,pause,NA,NA,NA,NA,0.0,0,-47.58,-38.94,[],0,0,[],[]
999700,1000810,NA,TVN,0.0,22,pause,NA,NA,NA,NA,0.0,0,-43.33,-36.68,[],0,0,[],[]
1000810,1005540,NA,TVN,0.0,22,pause,NA,NA,NA,NA,0.0,0,-49.81,-40.37,[],0,0,[],[]
1005540,1006540,NA,TVN,0.0,22,pause,NA,NA,NA,NA,0.0,0,-43.11,-37.98,[],0,0,[],[]
1006540,1007540,NA,TVN,0.0,22,pause,NA,NA,NA,NA,0.0,0,-48.63,-42.54,[],0,0,[],[]
1007540,1009570,NA,TVF,0.0,22,pause,NA,NA,NA,NA,0.0,0,-45.91,-38.74,[],0,0,[],[]
1009570,1011010,NA,SIL,0.0,22,pause,NA,NA,NA,NA,0.0,0,-53.92,-47.74,[],0,0,[],[]
1011010,1012030,NA,NOF,0.0,22,pause,NA,NA,NA,NA,0.0,0,-47.21,-40.56,[],0,0,[],[]
1012030,1013630,NA,OLF,0.0,22,pause,NA,NA,NA,NA,0.0,0,-31.85,-18.43,[],0,0,[],[]
1013630,1014520,NA,NOF,0.0,22,pause,NA,NA,NA,NA,0.0,0,-42.46,-31.65,[],0,0,[],[]
1014520,1016020,OCH,CXN,0.0,22,XM,BC,0,NT,FI,0.0,0,-38.07,-31.57,[],0,0,[],[]
1016020,1016890,NA,SIL,0.0,22,XM,NA,NA,NA,NA,0.0,0,-53.24,-44.24,[],0,0,[],[]
1016890,1018640,OCH,CXN,0.0,22,XM,EC,0,NT,FH,0.0,0,-42.98,-33.2,[],0,0,[],[]
1018640,1021010,NA,TVF,0.0,23,pause,NA,NA,NA,NA,0.0,0,-48.17,-38.73,[],0,0,[],[]
1021010,1022020,NA,SIL,0.0,23,pause,NA,NA,NA,NA,0.0,0,-48.27,-40.81,[],0,0,[],[]
1022020,1023110,NA,FAF,0.0,23,pause,NA,NA,NA,NA,0.0,0,-44.37,-37.47,[],0,0,[],[]
1023110,1024030,NA,SIL,0.0,23,pause,NA,NA,NA,NA,0.0,0,-58.89,-48.33,[],0,0,[],[]
1024030,1027980,NA,TVF,0.0,23,pause,NA,NA,NA,NA,0.0,0,-47.35,-34.28,[],0,0,[],[]
1027980,1028780,NA,SIL,0.0,23,pause,NA,NA,NA,NA,0.0,0,-59.51,-49.99,[],0,0,[],[]
1028780,1030410,OCH,CXN,0.0,23,XM,BC,0,NT,FI,0.0,0,-39.31,-27.54,[],0,0,[],[]
1030410,1031600,NA,TVF,0.0,23,XM,NA,NA,NA,NA,0.0,0,-43.19,-34.85,[],0,0,[],[]
1031600,1032560,OCH,CXN,0.0,23,XM,RC,0,NT,FH,0.0,0,-46.9,-41.28,[],0,0,[],[]
1032560,1033610,NA,SIL,0.0,23,XM,NA,NA,NA,NA,0.0,0,-51.84,-43.63,[],0,0,[],[]
1033610,1034790,OCH,CXN,0.0,23,XM,EC,0,NT,FH,0.0,0,-41.38,-35.67,[],0,0,[],[]
1034790,1035840,NA,SIL,0.0,24,pause,NA,NA,NA,NA,0.0,0,-47.74,-40.17,[],0,0,[],[]
1035840,1036640,NA,OLF,0.0,24,pause,NA,NA,NA,NA,0.0,0,-45.84,-40.5,[],0,0,[],[]
1036640,1037630,NA,SIL,0.0,24,pause,NA,NA,NA,NA,0.0,0,-53.64,-47.36,[],0,0,[],[]
1037630,1040040,NA,TVF,0.0,24,pause,NA,NA,NA,NA,0.0,0,-46.68,-36.45,[],0,0,[],[]
1040040,1041070,OCH,CXN,0.0,24,XM,BC,0,NT,FI,0.0,0,-35.46,-26.35,[],0,0,[],[]
1041070,1042980,NA,TVF,0.0,24,XM,NA,NA,NA,NA,0.0,0,-46.12,-35.92,[],0,0,[],[]
1042980,1044160,OCH,CXN,0.0,24,XM,RC,0,NT,FH,0.0,0,-40.9,-36.07,[],0,0,[],[]
1044160,1045160,NA,TVN,0.0,24,XM,NA,NA,NA,NA,0.0,0,-46.75,-37.46,[],0,0,[],[]
1045160,1045960,NA,SIL,0.0,24,XM,NA,NA,NA,NA,0.0,0,-62.33,-58.06,[],0,0,[],[]
1045960,1047110,OCH,CXN,0.0,24,XM,EC,0,NT,FH,0.0,0,-41.23,-33.89,[],0,0,[],[]
1047110,1049270,NA,SIL,0.0,25,pause,NA,NA,NA,NA,0.0,0,-59.8,-51.28,[],0,0,[],[]
1049270,1050380,NA,TVF,0.0,25,pause,NA,NA,NA,NA,0.0,0,-49.44,-34.36,[],0,0,[],[]
1050380,1052440,NA,SIL,0.0,25,pause,NA,NA,NA,NA,0.0,0,-53.52,-47.8,[],0,0,[],[]
1052440,1053440,NA,TVN,0.0,25,pause,NA,NA,NA,NA,0.0,0,-49.02,-37.36,[],0,0,[],[]
1053440,1054550,NA,SIL,0.0,25,pause,NA,NA,NA,NA,0.0,0,-56.79,-47.72,[],0,0,[],[]
1054550,1055400,NA,TVN,0.0,25,pause,NA,NA,NA,NA,0.0,0,-43.15,-36.75,[],0,0,[],[]
1055400,1056400,NA,TVN,0.0,25,pause,NA,NA,NA,NA,0.0,0,-52.08,-43.45,[],0,0,[],[]
1056400,1057200,NA,SIL,0.0,25,pause,NA,NA,NA,NA,0.0,0,-56.28,-50.2,[],0,0,[],[]
1057200,1058840,NA,TVN,0.0,25,pause,NA,NA,NA,NA,0.0,0,-53.97,-48.01,[],0,0,[],[]
1058840,1059640,NA,SIL,0.0,25,pause,NA,NA,NA,NA,0.0,0,-52.89,-47.9,[],0,0,[],[]
1059640,1061060,NA,TVN,0.0,25,pause,NA,NA,NA,NA,0.0,0,-47.22,-37.39,[],0,0,[],[]
1061060,1063060,NA,SIL,0.0,25,pause,NA,NA,NA,NA,0.0,0,-51.63,-37.99,[],0,0,[],[]
1063060,1069090,NA,TVN,0.0,25,pause,NA,NA,NA,NA,0.0,0,-51.06,-39.04,[],0,0,[],[]
1069090,1071940,NA,SIL,0.0,25,pause,NA,NA,NA,NA,0.0,0,-55.48,-45.44,[],0,0,[],[]
1071940,1073320,NA,TVN,0.0,25,pause,NA,NA,NA,NA,0.0,0,-56.38,-50.66,[],0,0,[],[]
1073320,1074270,NA,SIL,0.0,25,pause,NA,NA,NA,NA,0.0,0,-56.53,-50.9,[],0,0,[],[]
1074270,1076950,NA,TVN,0.0,25,pause,NA,NA,NA,NA,0.0,0,-52.8,-41.92,[],0,0,[],[]
1076950,1077800,NA,SIL,0.0,25,pause,NA,NA,NA,NA,0.0,0,-58.48,-52.53,[],0,0,[],[]
1077800,1079660,NA,TVN,0.0,25,pause,NA,NA,NA,NA,0.0,0,-53.41,-44.89,[],0,0,[],[]
1079660,1081330,NA,SIL,0.0,25,pause,NA,NA,NA,NA,0.0,0,-54.62,-42.78,[],0,0,[],[]
1081330,1084420,NA,TVN,0.0,25,pause,NA,NA,NA,NA,0.0,0,-53.65,-43.43,[],0,0,[],[]
1084420,1085470,NA,SIL,0.0,25,pause,NA,NA,NA,NA,0.0,0,-57.13,-49.17,[],0,0,[],[]
1085470,1086520,NA,TVN,0.0,25,pause,NA,NA,NA,NA,0.0,0,-55.36,-45.3,[],0,0,[],[]
1086520,1087770,OCH,CXN,0.0,25,XM,BC,0,NT,FI,0.0,0,-39.32,-31.57,[],0,0,[],[]
1087770,1088830,NA,SIL,0.0,25,XM,NA,NA,NA,NA,0.0,0,-51.64,-40.88,[],0,0,[],[]
1088830,1089800,OCH,CXN,0.0,25,XM,EC,0,NT,FH,0.0,0,-36.33,-29.63,[],0,0,[],[]
1089800,1091760,NA,TVF,0.0,26,pause,NA,NA,NA,NA,0.0,0,-47.99,-39.19,[],0,0,[],[]
1091760,1092560,NA,CXF,0.0,26,pause,NA,NA,NA,NA,0.0,0,-41.85,-33.62,[],0,0,[],[]
1092560,1095140,NA,TVN,0.0,26,pause,NA,NA,NA,NA,0.0,0,-43.97,-34.85,[],0,0,[],[]
1095140,1096010,OCH,CXN,0.0,26,XM,BC,0,NT,FI,0.0,0,-41.89,-34.42,[],0,0,[],[]
1096010,1096880,NA,SIL,0.0,26,XM,NA,NA,NA,NA,0.0,0,-55.7,-47.26,[],0,0,[],[]
1096880,1099140,NA,TVF,0.0,26,XM,NA,NA,NA,NA,0.0,0,-46.1,-37.49,[],0,0,[],[]
1099140,1100310,NA,SIL,0.0,26,XM,NA,NA,NA,NA,0.0,0,-61.26,-53.06,[],0,0,[],[]
1100310,1101610,OCH,CXN,0.0,26,XM,EC,0,NT,FH,0.0,0,-43.55,-38.38,[],0,0,[],[]
1101610,1108130,NA,SIL,0.0,27,pause,NA,NA,NA,NA,0.0,0,-59.43,-48.86,[],0,0,[],[]
1108130,1108930,NA,NOF,0.0,27,pause,NA,NA,NA,NA,0.0,0,-45.63,-35.9,[],0,0,[],[]
1108930,1110690,NA,SIL,0.0,27,pause,NA,NA,NA,NA,0.0,0,-58.94,-50.24,[],0,0,[],[]
1110690,1111720,NA,TVF,0.0,27,pause,NA,NA,NA,NA,0.0,0,-55.81,-48.34,[],0,0,[],[]
1111720,1112970,NA,SIL,0.0,27,pause,NA,NA,NA,NA,0.0,0,-56.35,-49.5,[],0,0,[],[]
1112970,1113970,NA,TVF,0.0,27,pause,NA,NA,NA,NA,0.0,0,-54.55,-49.01,[],0,0,[],[]
1113970,1115640,NA,SIL,0.0,27,pause,NA,NA,NA,NA,0.0,0,-60.62,-52.56,[],0,0,[],[]
1115640,1116640,NA,TVF,0.0,27,pause,NA,NA,NA,NA,0.0,0,-55.81,-46.3,[],0,0,[],[]
1116640,1117670,NA,SIL,0.0,27,pause,NA,NA,NA,NA,0.0,0,-59.7,-54.13,[],0,0,[],[]
1117670,1118920,NA,TVF,0.0,27,pause,NA,NA,NA,NA,0.0,0,-56.29,-49.99,[],0,0,[],[]
1118920,1119870,NA,SIL,0.0,27,pause,NA,NA,NA,NA,0.0,0,-61.13,-56.81,[],0,0,[],[]
1119870,1120940,NA,TVF,0.0,27,pause,NA,NA,NA,NA,0.0,0,-57.12,-51.26,[],0,0,[],[]
1120940,1123670,NA,SIL,0.0,27,pause,NA,NA,NA,NA,0.0,0,-61.22,-56.41,[],0,0,[],[]
1123670,1125140,NA,TVF,0.0,27,pause,NA,NA,NA,NA,0.0,0,-57.1,-51.34,[],0,0,[],[]
1125140,1125940,NA,SIL,0.0,27,pause,NA,NA,NA,NA,0.0,0,-57.16,-48.92,[],0,0,[],[]
1125940,1127150,NA,TVF,0.0,27,pause,NA,NA,NA,NA,0.0,0,-56.19,-50.32,[],0,0,[],[]
1127150,1128020,NA,SIL,0.0,27,pause,NA,NA,NA,NA,0.0,0,-58.83,-54.85,[],0,0,[],[]
1128020,1130700,NA,TVF,0.0,27,pause,NA,NA,NA,NA,0.0,0,-55.69,-48.64,[],0,0,[],[]
1130700,1132240,NA,SIL,0.0,27,pause,NA,NA,NA,NA,0.0,0,-59.12,-53.39,[],0,0,[],[]
1132240,1137030,NA,TVN,0.0,27,pause,NA,NA,NA,NA,0.0,0,-56.51,-48.44,[],0,0,[],[]
1137030,1139800,NA,SIL,0.0,27,pause,NA,NA,NA,NA,0.0,0,-61.29,-54.95,[],0,0,[],[]
1139800,1140840,NA,TVF,0.0,27,pause,NA,NA,NA,NA,0.0,0,-51.55,-39.79,[],0,0,[],[]
1140840,1147030,NA,SIL,0.0,27,pause,NA,NA,NA,NA,0.0,0,-54.63,-39.41,[],0,0,[],[]
1147030,1148560,NA,TVN,0.0,27,pause,NA,NA,NA,NA,0.0,0,-55.72,-46.04,[],0,0,[],[]
1148560,1149560,NA,SIL,0.0,27,pause,NA,NA,NA,NA,0.0,0,-57.28,-49.97,[],0,0,[],[]
1149560,1150360,NA,NOF,0.0,27,pause,NA,NA,NA,NA,0.0,0,-49.53,-39.17,[],0,0,[],[]
1150360,1151770,NA,SIL,0.0,27,pause,NA,NA,NA,NA,0.0,0,-56.89,-47.52,[],0,0,[],[]
1151770,1152770,NA,TVN,0.0,27,pause,NA,NA,NA,NA,0.0,0,-57.63,-49.08,[],0,0,[],[]
1152770,1155720,NA,SIL,0.0,27,pause,NA,NA,NA,NA,0.0,0,-60.09,-51.35,[],0,0,[],[]
1155720,1156720,NA,SIL,0.0,27,pause,NA,NA,NA,NA,0.0,0,-60.48,-55.11,[],0,0,[],[]
1156720,1157520,NA,SIL,0.0,27,pause,NA,NA,NA,NA,0.0,0,-61.26,-56.63,[],0,0,[],[]
1157520,1159690,NA,TVN,0.0,27,pause,NA,NA,NA,NA,0.0,0,-55.72,-47.05,[],0,0,[],[]
1159690,1161860,NA,SIL,0.0,27,pause,NA,NA,NA,NA,0.0,0,-55.99,-46.36,[],0,0,[],[]
1161860,1162660,NA,NOF,0.0,27,pause,NA,NA,NA,NA,0.0,0,-43.05,-29.05,[],0,0,[],[]
1162660,1163860,NA,SIL,0.0,27,pause,NA,NA,NA,NA,0.0,0,-56.06,-42.8,[],0,0,[],[]
1163860,1164860,NA,SIL,0.0,27,pause,NA,NA,NA,NA,0.0,0,-60.01,-55.34,[],0,0,[],[]
1164860,1172800,NA,SIL,0.0,27,pause,NA,NA,NA,NA,0.0,0,-60.78,-52.9,[],0,0,[],[]
1172800,1174850,NA,TVF,0.0,27,pause,NA,NA,NA,NA,0.0,0,-57.77,-49.64,[],0,0,[],[]
1174850,1176470,NA,SIL,0.0,27,pause,NA,NA,NA,NA,0.0,0,-58.55,-52.73,[],0,0,[],[]
1176470,1177270,NA,NOF,0.0,27,pause,NA,NA,NA,NA,0.0,0,-47.17,-35.78,[],0,0,[],[]
1177270,1183080,NA,SIL,0.0,27,pause,NA,NA,NA,NA,0.0,0,-59.31,-44.52,[],0,0,[],[]
1183080,1184130,NA,TVN,0.0,27,pause,NA,NA,NA,NA,0.0,0,-54.63,-48.02,[],0,0,[],[]
1184130,1191180,NA,SIL,0.0,27,pause,NA,NA,NA,NA,0.0,0,-49.15,-23.64,[],0,0,[],[]
1191180,1192180,NA,TVF,0.0,27,pause,NA,NA,NA,NA,0.0,0,-58.0,-45.04,[],0,0,[],[]
1192180,1196010,NA,SIL,0.0,27,pause,NA,NA,NA,NA,0.0,0,-47.34,-32.2,[],0,0,[],[]
1196010,1197230,NA,TVN,0.0,27,pause,NA,NA,NA,NA,0.0,0,-55.62,-47.81,[],0,0,[],[]
1197230,1198030,NA,SIL,0.0,27,pause,NA,NA,NA,NA,0.0,0,-58.97,-52.88,[],0,0,[],[]
1198030,1199900,NA,TVN,0.0,27,pause,NA,NA,NA,NA,0.0,0,-54.68,-48.11,[],0,0,[],[]
1199900,1203850,NA,SIL,0.0,27,pause,NA,NA,NA,NA,0.0,0,-58.12,-48.71,[],0,0,[],[]
1203850,1209050,NA,TVN,0.0,27,pause,NA,NA,NA,NA,0.0,0,-49.39,-39.67,[],0,0,[],[]
1209050,1209850,NA,SIL,0.0,27,pause,NA,NA,NA,NA,0.0,0,-47.46,-41.25,[],0,0,[],[]
1209850,1213800,NA,TVN,0.0,27,pause,NA,NA,NA,NA,0.0,0,-47.71,-39.48,[],0,0,[],[]
1213800,1214600,NA,SIL,0.0,27,pause,NA,NA,NA,NA,0.0,0,-51.85,-44.77,[],0,0,[],[]
1214600,1237490,NA,TVN,0.0,27,pause,NA,NA,NA,NA,0.0,0,-49.34,-39.44,[],0,0,[],[]
1237490,1238290,NA,SIL,0.0,27,pause,NA,NA,NA,NA,0.0,0,-50.89,-44.95,[],0,0,[],[]
1238290,1239720,NA,TVN,0.0,27,pause,NA,NA,NA,NA,0.0,0,-49.73,-43.37,[],0,0,[],[]
1239720,1240970,NA,SIL,0.0,27,pause,NA,NA,NA,NA,0.0,0,-51.36,-42.51,[],0,0,[],[]
1240970,1242870,NA,TVN,0.0,27,pause,NA,NA,NA,NA,0.0,0,-48.6,-37.83,[],0,0,[],[]
1242870,1245740,NA,SIL,0.0,27,pause,NA,NA,NA,NA,0.0,0,-50.32,-40.14,[],0,0,[],[]
1245740,1246540,NA,TVF,0.0,27,pause,NA,NA,NA,NA,0.0,0,-42.96,-36.89,[],0,0,[],[]
1246540,1248010,NA,TVF,0.0,27,pause,NA,NA,NA,NA,0.0,0,-46.8,-36.61,[],0,0,[],[]
1248010,1251080,NA,TVN,0.0,27,pause,NA,NA,NA,NA,0.0,0,-50.08,-37.47,[],0,0,[],[]
1251080,1252020,NA,SIL,0.0,27,pause,NA,NA,NA,NA,0.0,0,-50.49,-45.38,[],0,0,[],[]
1252020,1258010,NA,TVN,0.0,27,pause,NA,NA,NA,NA,0.0,0,-45.58,-33.95,[],0,0,[],[]
1258010,1258610,NA,OLF,0.0,27,pause,NA,NA,NA,NA,0.0,0,-29.5,-20.0,[],0,0,[],[]
1258610,1259800,NA,TVN,0.0,27,pause,NA,NA,NA,NA,0.0,0,-51.23,-44.75,[],0,0,[],[]
1259800,1260620,NA,SIL,0.0,27,pause,NA,NA,NA,NA,0.0,0,-53.37,-46.27,[],0,0,[],[]
1260620,1261780,NA,TVN,0.0,27,pause,NA,NA,NA,NA,0.0,0,-44.57,-37.47,[],0,0,[],[]
1261780,1263100,NA,TVN,0.0,27,pause,NA,NA,NA,NA,0.0,0,-39.61,-31.85,[],0,0,[],[]
1263100,1265250,NA,TVN,0.0,27,pause,NA,NA,NA,NA,0.0,0,-50.42,-43.85,[],0,0,[],[]
1265250,1268930,NA,SIL,0.0,27,pause,NA,NA,NA,NA,0.0,0,-61.17,-50.09,[],0,0,[],[]
1268930,1270660,NA,NOF,0.0,27,pause,NA,NA,NA,NA,0.0,0,-44.86,-29.9,[],0,0,[],[]
1270660,1276150,NA,SIL,0.0,27,pause,NA,NA,NA,NA,0.0,0,-52.39,-34.83,[],0,0,[],[]
1276150,1277250,OCH,CXN,0.0,27,XM,EC,0,NT,FI,0.0,0,-44.83,-38.2,[],0,0,[],[]
1277250,1282340,NA,TVN,0.0,28,pause,NA,NA,NA,NA,0.0,0,-53.15,-38.47,[],0,0,[],[]
1282340,1285220,NA,SIL,0.0,28,pause,NA,NA,NA,NA,0.0,0,-52.41,-44.61,[],0,0,[],[]
1285220,1287270,NA,TVN,0.0,28,pause,NA,NA,NA,NA,0.0,0,-52.02,-46.16,[],0,0,[],[]
1287270,1288070,NA,SIL,0.0,28,pause,NA,NA,NA,NA,0.0,0,-52.96,-49.06,[],0,0,[],[]
1288070,1292040,NA,TVN,0.0,28,pause,NA,NA,NA,NA,0.0,0,-50.45,-42.96,[],0,0,[],[]
1292040,1292840,NA,SIL,0.0,28,pause,NA,NA,NA,NA,0.0,0,-52.33,-49.3,[],0,0,[],[]
1292840,1293640,NA,NOF,0.0,28,pause,NA,NA,NA,NA,0.0,0,-47.9,-39.65,[],0,0,[],[]
1293640,1295790,NA,TVN,0.0,28,pause,NA,NA,NA,NA,0.0,0,-50.95,-44.89,[],0,0,[],[]
1295790,1296790,NA,SIL,0.0,28,pause,NA,NA,NA,NA,0.0,0,-51.9,-47.22,[],0,0,[],[]
1296790,1299370,NA,TVN,0.0,28,pause,NA,NA,NA,NA,0.0,0,-49.73,-43.51,[],0,0,[],[]
1299370,1300470,NA,SIL,0.0,28,pause,NA,NA,NA,NA,0.0,0,-56.32,-46.78,[],0,0,[],[]
1300470,1301660,NA,TVN,0.0,28,pause,NA,NA,NA,NA,0.0,0,-51.16,-40.92,[],0,0,[],[]
1301660,1302800,NA,SIL,0.0,28,pause,NA,NA,NA,NA,0.0,0,-54.58,-45.61,[],0,0,[],[]
1302800,1304050,NA,TVN,0.0,28,pause,NA,NA,NA,NA,0.0,0,-50.59,-42.81,[],0,0,[],[]
1304050,1304850,NA,SIL,0.0,28,pause,NA,NA,NA,NA,0.0,0,-51.93,-42.44,[],0,0,[],[]
1304850,1306010,NA,TVN,0.0,28,pause,NA,NA,NA,NA,0.0,0,-45.62,-37.47,[],0,0,[],[]
1306010,1307710,NA,SIL,0.0,28,pause,NA,NA,NA,NA,0.0,0,-55.17,-47.55,[],0,0,[],[]
1307710,1311400,NA,TVN,0.0,28,pause,NA,NA,NA,NA,0.0,0,-51.78,-41.36,[],0,0,[],[]
1311400,1312770,NA,SIL,0.0,28,pause,NA,NA,NA,NA,0.0,0,-55.16,-48.93,[],0,0,[],[]
1312770,1316480,NA,TVN,0.0,28,pause,NA,NA,NA,NA,0.0,0,-51.67,-44.04,[],0,0,[],[]
1316480,1317360,NA,SIL,0.0,28,pause,NA,NA,NA,NA,0.0,0,-57.84,-54.21,[],0,0,[],[]
1317360,1324130,NA,TVN,0.0,28,pause,NA,NA,NA,NA,0.0,0,-50.34,-35.7,[],0,0,[],[]
1324130,1327510,NA,SIL,0.0,28,pause,NA,NA,NA,NA,0.0,0,-57.39,-46.25,[],0,0,[],[]
1327510,1329250,NA,TVN,0.0,28,pause,NA,NA,NA,NA,0.0,0,-51.49,-42.95,[],0,0,[],[]
1329250,1330080,NA,SIL,0.0,28,pause,NA,NA,NA,NA,0.0,0,-53.92,-48.35,[],0,0,[],[]
1330080,1331080,NA,TVN,0.0,28,pause,NA,NA,NA,NA,0.0,0,-53.88,-48.29,[],0,0,[],[]
1331080,1332400,NA,SIL,0.0,28,pause,NA,NA,NA,NA,0.0,0,-52.94,-46.69,[],0,0,[],[]
1332400,1343450,NA,SIL,0.0,28,pause,NA,NA,NA,NA,0.0,0,-59.3,-49.6,[],0,0,[],[]
1343450,1344860,NA,SIL,0.0,28,pause,NA,NA,NA,NA,0.0,0,-60.07,-54.83,[],0,0,[],[]
1344860,1345670,NA,SIL,0.0,28,pause,NA,NA,NA,NA,0.0,0,-58.07,-48.77,[],0,0,[],[]
1345670,1346670,NA,TVN,0.0,28,pause,NA,NA,NA,NA,0.0,0,-57.97,-46.71,[],0,0,[],[]
1346670,1351860,NA,SIL,0.0,28,pause,NA,NA,NA,NA,0.0,0,-60.59,-47.9,[],0,0,[],[]
1351860,1352790,NA,NOF,0.0,28,pause,NA,NA,NA,NA,0.0,0,-45.73,-34.55,[],0,0,[],[]
1352790,1356240,NA,TVN,0.0,28,pause,NA,NA,NA,NA,0.0,0,-56.37,-45.43,[],0,0,[],[]
1356240,1357100,NA,SIL,0.0,28,pause,NA,NA,NA,NA,0.0,0,-59.01,-53.5,[],0,0,[],[]
1357100,1358100,NA,TVN,0.0,28,pause,NA,NA,NA,NA,0.0,0,-55.5,-43.92,[],0,0,[],[]
1358100,1358900,NA,SIL,0.0,28,pause,NA,NA,NA,NA,0.0,0,-61.68,-57.77,[],0,0,[],[]
1358900,1360380,NA,SIL,0.0,28,pause,NA,NA,NA,NA,0.0,0,-59.17,-50.06,[],0,0,[],[]
1360380,1363200,NA,SIL,0.0,28,pause,NA,NA,NA,NA,0.0,0,-61.87,-57.35,[],0,0,[],[]
1363200,1366350,NA,TVN,0.0,28,pause,NA,NA,NA,NA,0.0,0,-51.73,-43.17,[],0,0,[],[]
1366350,1367280,NA,SIL,0.0,28,pause,NA,NA,NA,NA,0.0,0,-54.34,-50.25,[],0,0,[],[]
1367280,1372010,NA,TVN,0.0,28,pause,NA,NA,NA,NA,0.0,0,-50.3,-39.2,[],0,0,[],[]
1372010,1372960,NA,SIL,0.0,28,pause,NA,NA,NA,NA,0.0,0,-51.75,-43.85,[],0,0,[],[]
1372960,1374000,NA,TVN,0.0,28,pause,NA,NA,NA,NA,0.0,0,-51.94,-44.32,[],0,0,[],[]
1374000,1374910,NA,SIL,0.0,28,pause,NA,NA,NA,NA,0.0,0,-51.25,-42.14,[],0,0,[],[]
1374910,1378400,NA,TVN,0.0,28,pause,NA,NA,NA,NA,0.0,0,-49.67,-39.2,[],0,0,[],[]
1378400,1379220,NA,SIL,0.0,28,pause,NA,NA,NA,NA,0.0,0,-55.04,-44.39,[],0,0,[],[]
1379220,1380860,NA,TVN,0.0,28,pause,NA,NA,NA,NA,0.0,0,-50.03,-40.77,[],0,0,[],[]
1380860,1381660,NA,SIL,0.0,28,pause,NA,NA,NA,NA,0.0,0,-52.88,-48.46,[],0,0,[],[]
1381660,1383670,NA,TVN,0.0,28,pause,NA,NA,NA,NA,0.0,0,-52.71,-44.05,[],0,0,[],[]
1383670,1384550,NA,SIL,0.0,28,pause,NA,NA,NA,NA,0.0,0,-53.93,-48.64,[],0,0,[],[]
1384550,1396050,NA,TVN,0.0,28,pause,NA,NA,NA,NA,0.0,0,-52.45,-43.03,[],0,0,[],[]
1396050,1396930,NA,SIL,0.0,28,pause,NA,NA,NA,NA,0.0,0,-56.66,-50.09,[],0,0,[],[]
1396930,1399360,NA,TVN,0.0,28,pause,NA,NA,NA,NA,0.0,0,-53.79,-43.35,[],0,0,[],[]
1399360,1405270,NA,SIL,0.0,28,pause,NA,NA,NA,NA,0.0,0,-59.46,-46.58,[],0,0,[],[]
1405270,1406940,NA,TVF,0.0,28,pause,NA,NA,NA,NA,0.0,0,-49.67,-41.04,[],0,0,[],[]
1406940,1409910,OCH,CXN,0.0,28,XM,EC,0,NT,FI,0.0,0,-37.93,-26.44,[],0,0,[],[]
1409910,1410730,NA,SIL,0.0,29,pause,NA,NA,NA,NA,0.0,0,-48.93,-38.02,[],0,0,[],[]
1410730,1411530,NA,TVF,0.0,29,pause,NA,NA,NA,NA,0.0,0,-42.23,-36.04,[],0,0,[],[]
1411530,1475690,NA,SIL,0.0,29,pause,NA,NA,NA,NA,0.0,0,-55.4,-38.58,[],0,0,[],[]
1475690,1477030,NA,TVN,0.0,29,pause,NA,NA,NA,NA,0.0,0,-46.45,-39.91,[],0,0,[],[]
1477030,1477870,NA,SIL,0.0,29,pause,NA,NA,NA,NA,0.0,0,-46.51,-39.34,[],0,0,[],[]
1477870,1489740,NA,TVN,0.0,29,pause,NA,NA,NA,NA,0.0,0,-46.42,-31.42,[],0,0,[],[]
1489740,1490540,NA,SIL,0.0,29,pause,NA,NA,NA,NA,0.0,0,-53.69,-48.04,[],0,0,[],[]
1490540,1495520,NA,TVN,0.0,29,pause,NA,NA,NA,NA,0.0,0,-48.62,-35.39,[],0,0,[],[]
1495520,1496350,NA,SIL,0.0,29,pause,NA,NA,NA,NA,0.0,0,-54.68,-45.29,[],0,0,[],[]
1496350,1497700,NA,TVN,0.0,29,pause,NA,NA,NA,NA,0.0,0,-48.08,-39.82,[],0,0,[],[]
1497700,1499500,NA,SIL,0.0,29,pause,NA,NA,NA,NA,0.0,0,-50.74,-42.4,[],0,0,[],[]
1499500,1501040,NA,TVN,0.0,29,pause,NA,NA,NA,NA,0.0,0,-46.79,-39.76,[],0,0,[],[]
1501040,1501920,NA,SIL,0.0,29,pause,NA,NA,NA,NA,0.0,0,-48.12,-41.91,[],0,0,[],[]
1501920,1510440,NA,TVN,0.0,29,pause,NA,NA,NA,NA,0.0,0,-47.21,-35.27,[],0,0,[],[]
1510440,1512440,NA,SIL,0.0,29,pause,NA,NA,NA,NA,0.0,0,-60.31,-47.58,[],0,0,[],[]
1512440,1514190,NA,TVF,0.0,29,pause,NA,NA,NA,NA,0.0,0,-56.04,-47.39,[],0,0,[],[]
1514190,1516320,NA,SIL,0.0,29,pause,NA,NA,NA,NA,0.0,0,-57.87,-50.65,[],0,0,[],[]
1516320,1517570,NA,TVF,0.0,29,pause,NA,NA,NA,NA,0.0,0,-56.09,-47.44,[],0,0,[],[]
1517570,1519060,NA,SIL,0.0,29,pause,NA,NA,NA,NA,0.0,0,-51.25,-34.26,[],0,0,[],[]
1519060,1521610,NA,TVN,0.0,29,pause,NA,NA,NA,NA,0.0,0,-54.51,-43.26,[],0,0,[],[]
1521610,1522420,NA,SIL,0.0,29,pause,NA,NA,NA,NA,0.0,0,-57.18,-48.06,[],0,0,[],[]
1522420,1527780,NA,TVN,0.0,29,pause,NA,NA,NA,NA,0.0,0,-52.42,-40.68,[],0,0,[],[]
1527780,1528580,NA,SIL,0.0,29,pause,NA,NA,NA,NA,0.0,0,-58.55,-53.86,[],0,0,[],[]
1528580,1530370,NA,TVN,0.0,29,pause,NA,NA,NA,NA,0.0,0,-53.9,-44.47,[],0,0,[],[]
1530370,1531200,NA,SIL,0.0,29,pause,NA,NA,NA,NA,0.0,0,-60.6,-55.02,[],0,0,[],[]
1531200,1532200,NA,TVN,0.0,29,pause,NA,NA,NA,NA,0.0,0,-55.5,-46.79,[],0,0,[],[]
1532200,1534700,NA,SIL,0.0,29,pause,NA,NA,NA,NA,0.0,0,-47.26,-26.68,[],0,0,[],[]
1534700,1537450,NA,TVF,0.0,29,pause,NA,NA,NA,NA,0.0,0,-49.51,-38.89,[],0,0,[],[]
1537450,1538450,NA,SIL,0.0,29,pause,NA,NA,NA,NA,0.0,0,-59.37,-53.3,[],0,0,[],[]
1538450,1539970,NA,TVF,0.0,29,pause,NA,NA,NA,NA,0.0,0,-57.64,-52.05,[],0,0,[],[]
1539970,1542100,NA,SIL,0.0,29,pause,NA,NA,NA,NA,0.0,0,-54.65,-44.05,[],0,0,[],[]
1542100,1544220,NA,TVN,0.0,29,pause,NA,NA,NA,NA,0.0,0,-44.34,-31.5,[],0,0,[],[]
1544220,1545210,NA,SIL,0.0,29,pause,NA,NA,NA,NA,0.0,0,-54.62,-47.33,[],0,0,[],[]
1545210,1546960,NA,TVN,0.0,29,pause,NA,NA,NA,NA,0.0,0,-50.25,-42.69,[],0,0,[],[]
1546960,1548270,NA,SIL,0.0,29,pause,NA,NA,NA,NA,0.0,0,-55.99,-44.12,[],0,0,[],[]
1548270,1551870,NA,TVN,0.0,29,pause,NA,NA,NA,NA,0.0,0,-49.48,-39.57,[],0,0,[],[]
1551870,1552890,NA,SIL,0.0,29,pause,NA,NA,NA,NA,0.0,0,-56.53,-48.65,[],0,0,[],[]
1552890,1556320,NA,TVN,0.0,29,pause,NA,NA,NA,NA,0.0,0,-54.03,-37.23,[],0,0,[],[]
1556320,1557260,NA,SIL,0.0,29,pause,NA,NA,NA,NA,0.0,0,-59.86,-54.01,[],0,0,[],[]
1557260,1558290,NA,TVN,0.0,29,pause,NA,NA,NA,NA,0.0,0,-54.21,-45.05,[],0,0,[],[]
1558290,1559130,NA,SIL,0.0,29,pause,NA,NA,NA,NA,0.0,0,-61.08,-53.59,[],0,0,[],[]
1559130,1560140,NA,TVN,0.0,29,pause,NA,NA,NA,NA,0.0,0,-57.68,-53.6,[],0,0,[],[]
1560140,1561660,NA,SIL,0.0,29,pause,NA,NA,NA,NA,0.0,0,-60.53,-53.93,[],0,0,[],[]
1561660,1563120,NA,TVN,0.0,29,pause,NA,NA,NA,NA,0.0,0,-57.38,-50.15,[],0,0,[],[]
1563120,1564110,NA,SIL,0.0,29,pause,NA,NA,NA,NA,0.0,0,-59.83,-52.06,[],0,0,[],[]
1564110,1565130,NA,TVN,0.0,29,pause,NA,NA,NA,NA,0.0,0,-49.53,-37.4,[],0,0,[],[]
1565130,1569500,NA,SIL,0.0,29,pause,NA,NA,NA,NA,0.0,0,-56.43,-40.87,[],0,0,[],[]
1569500,1572350,NA,TVN,0.0,29,pause,NA,NA,NA,NA,0.0,0,-53.45,-42.75,[],0,0,[],[]
1572350,1574040,NA,SIL,0.0,29,pause,NA,NA,NA,NA,0.0,0,-58.31,-52.07,[],0,0,[],[]
1574040,1575480,NA,TVF,0.0,29,pause,NA,NA,NA,NA,0.0,0,-57.9,-51.2,[],0,0,[],[]
1575480,1576450,NA,SIL,0.0,29,pause,NA,NA,NA,NA,0.0,0,-60.68,-56.41,[],0,0,[],[]
1576450,1577450,NA,TVF,0.0,29,pause,NA,NA,NA,NA,0.0,0,-56.63,-51.39,[],0,0,[],[]
1577450,1578890,NA,SIL,0.0,29,pause,NA,NA,NA,NA,0.0,0,-60.19,-55.76,[],0,0,[],[]
1578890,1579890,NA,TVF,0.0,29,pause,NA,NA,NA,NA,0.0,0,-57.04,-50.99,[],0,0,[],[]
1579890,1580940,NA,SIL,0.0,29,pause,NA,NA,NA,NA,0.0,0,-58.87,-52.03,[],0,0,[],[]
1580940,1581940,NA,TVN,0.0,29,pause,NA,NA,NA,NA,0.0,0,-53.73,-45.19,[],0,0,[],[]
1581940,1582770,NA,SIL,0.0,29,pause,NA,NA,NA,NA,0.0,0,-48.81,-40.94,[],0,0,[],[]
1582770,1584590,NA,TVF,0.0,29,pause,NA,NA,NA,NA,0.0,0,-53.95,-46.18,[],0,0,[],[]
1584590,1585500,NA,SIL,0.0,29,pause,NA,NA,NA,NA,0.0,0,-52.65,-47.35,[],0,0,[],[]
1585500,1587580,NA,TVN,0.0,29,pause,NA,NA,NA,NA,0.0,0,-54.96,-50.33,[],0,0,[],[]
1587580,1589790,NA,SIL,0.0,29,pause,NA,NA,NA,NA,0.0,0,-53.23,-41.86,[],0,0,[],[]
1589790,1592170,NA,TVN,0.0,29,pause,NA,NA,NA,NA,0.0,0,-52.51,-39.68,[],0,0,[],[]
1592170,1593410,NA,SIL,0.0,29,pause,NA,NA,NA,NA,0.0,0,-53.3,-48.31,[],0,0,[],[]
1593410,1598720,NA,TVN,0.0,29,pause,NA,NA,NA,NA,0.0,0,-48.05,-34.9,[],0,0,[],[]
1598720,1599620,NA,SIL,0.0,29,pause,NA,NA,NA,NA,0.0,0,-55.34,-49.28,[],0,0,[],[]
1599620,1601570,NA,TVN,0.0,29,pause,NA,NA,NA,NA,0.0,0,-51.35,-42.79,[],0,0,[],[]
1601570,1604180,NA,SIL,0.0,29,pause,NA,NA,NA,NA,0.0,0,-42.21,-25.38,[],0,0,[],[]
1604180,1605480,NA,TVN,0.0,29,pause,NA,NA,NA,NA,0.0,0,-50.4,-38.6,[],0,0,[],[]
1605480,1613120,NA,SIL,0.0,29,pause,NA,NA,NA,NA,0.0,0,-53.12,-36.84,[],0,0,[],[]
1613120,1614120,NA,TVN,0.0,29,pause,NA,NA,NA,NA,0.0,0,-50.11,-41.84,[],0,0,[],[]
1614120,1618330,NA,SIL,0.0,29,pause,NA,NA,NA,NA,0.0,0,-48.79,-31.84,[],0,0,[],[]
1618330,1619330,NA,TVN,0.0,29,pause,NA,NA,NA,NA,0.0,0,-55.17,-47.69,[],0,0,[],[]
1619330,1620130,NA,SIL,0.0,29,pause,NA,NA,NA,NA,0.0,0,-55.0,-46.95,[],0,0,[],[]
1620130,1621990,NA,TVN,0.0,29,pause,NA,NA,NA,NA,0.0,0,-52.39,-42.76,[],0,0,[],[]
1621990,1622790,NA,SIL,0.0,29,pause,NA,NA,NA,NA,0.0,0,-57.2,-52.7,[],0,0,[],[]
1622790,1623790,NA,TVF,0.0,29,pause,NA,NA,NA,NA,0.0,0,-53.92,-46.0,[],0,0,[],[]
1623790,1625430,NA,SIL,0.0,29,pause,NA,NA,NA,NA,0.0,0,-53.85,-44.52,[],0,0,[],[]
1625430,1626430,NA,TVN,0.0,29,pause,NA,NA,NA,NA,0.0,0,-49.56,-38.47,[],0,0,[],[]
1626430,1628090,NA,SIL,0.0,29,pause,NA,NA,NA,NA,0.0,0,-54.69,-46.35,[],0,0,[],[]
1628090,1629190,NA,TVF,0.0,29,pause,NA,NA,NA,NA,0.0,0,-52.95,-41.62,[],0,0,[],[]
1629190,1630280,NA,SIL,0.0,29,pause,NA,NA,NA,NA,0.0,0,-52.91,-41.79,[],0,0,[],[]
1630280,1632820,NA,TVN,0.0,29,pause,NA,NA,NA,NA,0.0,0,-55.13,-46.62,[],0,0,[],[]
1632820,1633760,NA,SIL,0.0,29,pause,NA,NA,NA,NA,0.0,0,-58.83,-52.46,[],0,0,[],[]
1633760,1634760,NA,TVN,0.0,29,pause,NA,NA,NA,NA,0.0,0,-49.94,-39.22,[],0,0,[],[]
1634760,1636340,NA,SIL,0.0,29,pause,NA,NA,NA,NA,0.0,0,-54.12,-45.71,[],0,0,[],[]
1636340,1638090,NA,OLF,0.0,29,pause,NA,NA,NA,NA,0.0,0,-36.44,-19.33,[],0,0,[],[]
1638090,1645070,NA,SIL,0.0,29,pause,NA,NA,NA,NA,0.0,0,-54.52,-43.6,[],0,0,[],[]
1645070,1646920,NA,TVF,0.0,29,pause,NA,NA,NA,NA,0.0,0,-49.06,-38.17,[],0,0,[],[]
1646920,1648480,NA,TVF,0.0,29,pause,NA,NA,NA,NA,0.0,0,-45.22,-36.18,[],0,0,[],[]
1648480,1649970,NA,TVF,0.0,29,pause,NA,NA,NA,NA,0.0,0,-47.98,-37.67,[],0,0,[],[]
1649970,1650900,NA,SIL,0.0,29,pause,NA,NA,NA,NA,0.0,0,-51.64,-44.23,[],0,0,[],[]
1650900,1651700,NA,CXF,0.0,29,pause,NA,NA,NA,NA,0.0,0,-48.57,-38.63,[],0,0,[],[]
1651700,1656040,NA,SIL,0.0,29,pause,NA,NA,NA,NA,0.0,0,-52.38,-37.52,[],0,0,[],[]
1656040,1658980,NA,TVN,0.0,29,pause,NA,NA,NA,NA,0.0,0,-47.2,-38.51,[],0,0,[],[]
1658980,1660330,NA,SIL,0.0,29,pause,NA,NA,NA,NA,0.0,0,-47.2,-37.01,[],0,0,[],[]
1660330,1661330,NA,TVN,0.0,29,pause,NA,NA,NA,NA,0.0,0,-48.01,-42.74,[],0,0,[],[]
1661330,1662130,NA,SIL,0.0,29,pause,NA,NA,NA,NA,0.0,0,-46.53,-35.96,[],0,0,[],[]
1662130,1663090,NA,NOF,0.0,29,pause,NA,NA,NA,NA,0.0,0,-42.73,-33.65,[],0,0,[],[]
1663090,1667770,NA,SIL,0.0,29,pause,NA,NA,NA,NA,0.0,0,-47.92,-34.28,[],0,0,[],[]
1667770,1668630,NA,OLF,0.0,29,pause,NA,NA,NA,NA,0.0,0,-42.39,-33.56,[],0,0,[],[]
1668630,1669430,OCH,CXN,0.0,29,XM,EC,0,NT,FI,0.0,0,-29.57,-15.83,[],0,0,[],[]
1669430,1670230,NA,SIL,0.0,30,pause,NA,NA,NA,NA,0.0,0,-46.91,-36.92,[],0,0,[],[]
1670230,1671230,NA,TVF,0.0,30,pause,NA,NA,NA,NA,0.0,0,-47.84,-38.21,[],0,0,[],[]
1671230,1673780,NA,SIL,0.0,30,pause,NA,NA,NA,NA,0.0,0,-54.28,-44.9,[],0,0,[],[]
1673780,1675490,NA,CXF,0.0,30,pause,NA,NA,NA,NA,0.0,0,-45.1,-35.77,[],0,0,[],[]
1675490,1680430,NA,SIL,0.0,30,pause,NA,NA,NA,NA,0.0,0,-54.87,-41.17,[],0,0,[],[]
1680430,1683170,NA,TVN,0.0,30,pause,NA,NA,NA,NA,0.0,0,-52.9,-43.78,[],0,0,[],[]
1683170,1684720,NA,SIL,0.0,30,pause,NA,NA,NA,NA,0.0,0,-57.07,-51.63,[],0,0,[],[]
1684720,1685720,NA,TVN,0.0,30,pause,NA,NA,NA,NA,0.0,0,-53.22,-45.3,[],0,0,[],[]
1685720,1691330,NA,SIL,0.0,30,pause,NA,NA,NA,NA,0.0,0,-50.67,-34.0,[],0,0,[],[]
1691330,1692520,FEM,FAN,2.49,30,AMF,EC,0,NT,FI,0.0,0,-33.91,-25.26,[],0,0,[],[]
1692520,1693600,NA,SIL,0.0,31,pause,NA,NA,NA,NA,0.0,0,-47.34,-33.42,[],0,0,[],[]
1693600,1694200,FEM,FAN,0.0,31,pause,NA,NA,NA,NA,0.0,0,-36.24,-26.24,[],600,0,[],[]
1694200,1695000,NA,NOF,0.0,31,pause,NA,NA,NA,NA,0.0,0,-39.46,-25.22,[],0,0,[],[]
1695000,1696150,NA,SIL,0.0,31,pause,NA,NA,NA,NA,0.0,0,-51.47,-41.64,[],0,0,[],[]
1696150,1696950,NA,OLF,0.0,31,pause,NA,NA,NA,NA,0.0,0,-35.84,-26.46,[],0,0,[],[]
1696950,1697750,NA,NOF,0.0,31,pause,NA,NA,NA,NA,0.0,0,-46.98,-38.07,[],0,0,[],[]
1697750,1698560,NA,SIL,0.0,31,pause,NA,NA,NA,NA,0.0,0,-53.7,-46.28,[],0,0,[],[]
1698560,1699600,NA,NOF,0.0,31,pause,NA,NA,NA,NA,0.0,0,-50.15,-41.08,[],0,0,[],[]
1699600,1700600,NA,TVF,0.0,31,pause,NA,NA,NA,NA,0.0,0,-49.4,-40.13,[],0,0,[],[]
1700600,1701480,NA,SIL,0.0,31,pause,NA,NA,NA,NA,0.0,0,-55.1,-49.04,[],0,0,[],[]
1701480,1702280,NA,NOF,0.0,31,pause,NA,NA,NA,NA,0.0,0,-49.89,-41.05,[],0,0,[],[]
1702280,1704840,NA,SIL,0.0,31,pause,NA,NA,NA,NA,0.0,0,-51.58,-40.81,[],0,0,[],[]
1704840,1706440,NA,TVN,0.0,31,pause,NA,NA,NA,NA,0.0,0,-48.12,-38.41,[],0,0,[],[]
1706440,1707240,NA,SIL,0.0,31,pause,NA,NA,NA,NA,0.0,0,-51.38,-44.43,[],0,0,[],[]
1707240,1712800,NA,TVN,0.0,31,pause,NA,NA,NA,NA,0.0,0,-51.95,-42.62,[],0,0,[],[]
1712800,1713940,NA,SIL,0.0,31,pause,NA,NA,NA,NA,0.0,0,-49.75,-37.07,[],0,0,[],[]
1713940,1714960,NA,TVN,0.0,31,pause,NA,NA,NA,NA,0.0,0,-52.01,-47.05,[],0,0,[],[]
1714960,1721700,NA,SIL,0.0,31,pause,NA,NA,NA,NA,0.0,0,-54.75,-39.59,[],0,0,[],[]
1721700,1722710,NA,TVF,0.0,31,pause,NA,NA,NA,NA,0.0,0,-51.24,-42.82,[],0,0,[],[]
1722710,1723840,NA,SIL,0.0,31,pause,NA,NA,NA,NA,0.0,0,-59.68,-53.64,[],0,0,[],[]
1723840,1724440,NA,FAF,0.0,31,pause,NA,NA,NA,NA,0.0,0,-46.37,-39.63,[],0,0,[],[]
1724440,1725640,NA,SIL,0.0,31,pause,NA,NA,NA,NA,0.0,0,-57.86,-50.66,[],0,0,[],[]
1725640,1726640,NA,TVN,0.0,31,pause,NA,NA,NA,NA,0.0,0,-54.21,-46.1,[],0,0,[],[]
1726640,1727580,NA,SIL,0.0,31,pause,NA,NA,NA,NA,0.0,0,-58.14,-52.21,[],0,0,[],[]
1727580,1728610,NA,TVF,0.0,31,pause,NA,NA,NA,NA,0.0,0,-45.43,-40.2,[],0,0,[],[]
1728610,1729690,NA,SIL,0.0,31,pause,NA,NA,NA,NA,0.0,0,-56.69,-48.36,[],0,0,[],[]
1729690,1731350,NA,TVN,0.0,31,pause,NA,NA,NA,NA,0.0,0,-53.57,-44.67,[],0,0,[],[]
1731350,1732150,NA,SIL,0.0,31,pause,NA,NA,NA,NA,0.0,0,-56.95,-49.04,[],0,0,[],[]
1732150,1735420,NA,TVN,0.0,31,pause,NA,NA,NA,NA,0.0,0,-54.43,-43.81,[],0,0,[],[]
1735420,1736250,NA,SIL,0.0,31,pause,NA,NA,NA,NA,0.0,0,-58.7,-54.74,[],0,0,[],[]
1736250,1738590,NA,TVN,0.0,31,pause,NA,NA,NA,NA,0.0,0,-53.74,-46.21,[],0,0,[],[]
1738590,1739800,NA,SIL,0.0,31,pause,NA,NA,NA,NA,0.0,0,-53.94,-46.8,[],0,0,[],[]
1739800,1747400,NA,TVN,0.0,31,pause,NA,NA,NA,NA,0.0,0,-52.76,-43.61,[],0,0,[],[]
1747400,1749140,NA,SIL,0.0,31,pause,NA,NA,NA,NA,0.0,0,-51.42,-42.66,[],0,0,[],[]
1749140,1753880,NA,TVN,0.0,31,pause,NA,NA,NA,NA,0.0,0,-52.69,-42.43,[],0,0,[],[]
1753880,1755810,NA,SIL,0.0,31,pause,NA,NA,NA,NA,0.0,0,-58.82,-51.16,[],0,0,[],[]
1755810,1758190,NA,TVN,0.0,31,pause,NA,NA,NA,NA,0.0,0,-50.92,-41.35,[],0,0,[],[]
1758190,1759020,NA,SIL,0.0,31,pause,NA,NA,NA,NA,0.0,0,-46.29,-31.64,[],0,0,[],[]
1759020,1761330,NA,TVN,0.0,31,pause,NA,NA,NA,NA,0.0,0,-49.8,-38.45,[],0,0,[],[]
1761330,1762670,NA,SIL,0.0,31,pause,NA,NA,NA,NA,0.0,0,-42.12,-25.23,[],0,0,[],[]
1762670,1771070,NA,TVN,0.0,31,pause,NA,NA,NA,NA,0.0,0,-45.58,-33.37,[],0,0,[],[]
1771070,1771890,NA,TVF,0.0,31,pause,NA,NA,NA,NA,0.0,0,-52.11,-45.62,[],0,0,[],[]
1771890,1774130,NA,SIL,0.0,31,pause,NA,NA,NA,NA,0.0,0,-56.13,-50.29,[],0,0,[],[]
1774130,1775170,NA,TVF,0.0,31,pause,NA,NA,NA,NA,0.0,0,-55.59,-49.81,[],0,0,[],[]
1775170,1776760,NA,SIL,0.0,31,pause,NA,NA,NA,NA,0.0,0,-56.17,-49.78,[],0,0,[],[]
1776760,1779790,OCH,CXN,0.0,31,XM,EC,0,NT,FI,0.0,0,-41.71,-32.37,[],0,0,[],[]
1779790,1780610,NA,SIL,0.0,32,pause,NA,NA,NA,NA,0.0,0,-53.76,-41.56,[],0,0,[],[]
1780610,1781840,NA,TVN,0.0,32,pause,NA,NA,NA,NA,0.0,0,-47.74,-36.95,[],0,0,[],[]
1781840,1790080,NA,SIL,0.0,32,pause,NA,NA,NA,NA,0.0,0,-56.09,-39.75,[],0,0,[],[]
1790080,1790880,NA,TVF,0.0,32,pause,NA,NA,NA,NA,0.0,0,-50.75,-45.57,[],0,0,[],[]
1790880,1792660,NA,SIL,0.0,32,pause,NA,NA,NA,NA,0.0,0,-58.18,-46.17,[],0,0,[],[]
1792660,1793660,NA,TVN,0.0,32,pause,NA,NA,NA,NA,0.0,0,-53.44,-45.17,[],0,0,[],[]
1793660,1796390,NA,SIL,0.0,32,pause,NA,NA,NA,NA,0.0,0,-61.94,-55.53,[],0,0,[],[]
1796390,1797820,NA,SIL,0.0,32,pause,NA,NA,NA,NA,0.0,0,-58.51,-51.07,[],0,0,[],[]
1797820,1798670,NA,NON,0.0,32,pause,NA,NA,NA,NA,0.0,0,-50.77,-44.83,[],0,0,[],[]
1798670,1799690,NA,TVN,0.0,32,pause,NA,NA,NA,NA,0.0,0,-51.39,-46.91,[],0,0,[],[]
1799690,1800500,NA,NOF,0.0,32,pause,NA,NA,NA,NA,0.0,0,-45.02,-34.69,[],0,0,[],[]
1800500,1801500,NA,TVN,0.0,32,pause,NA,NA,NA,NA,0.0,0,-52.71,-45.0,[],0,0,[],[]
1801500,1817030,NA,SIL,0.0,32,pause,NA,NA,NA,NA,0.0,0,-53.57,-24.07,[],0,0,[],[]
1817030,1818180,NA,TVF,0.0,32,pause,NA,NA,NA,NA,0.0,0,-56.91,-51.43,[],0,0,[],[]
1818180,1819260,NA,SIL,0.0,32,pause,NA,NA,NA,NA,0.0,0,-60.68,-48.55,[],0,0,[],[]
1819260,1820380,NA,TVN,0.0,32,pause,NA,NA,NA,NA,0.0,0,-56.02,-45.2,[],0,0,[],[]
1820380,1824850,NA,SIL,0.0,32,pause,NA,NA,NA,NA,0.0,0,-55.57,-37.57,[],0,0,[],[]
1824850,1828580,NA,TVF,0.0,32,pause,NA,NA,NA,NA,0.0,0,-50.82,-42.27,[],0,0,[],[]
1828580,1831590,NA,SIL,0.0,32,pause,NA,NA,NA,NA,0.0,0,-53.89,-43.03,[],0,0,[],[]
1831590,1832860,NA,TVF,0.0,32,pause,NA,NA,NA,NA,0.0,0,-51.12,-46.51,[],0,0,[],[]
1832860,1834910,NA,SIL,0.0,32,pause,NA,NA,NA,NA,0.0,0,-58.61,-51.9,[],0,0,[],[]
1834910,1836250,NA,TVN,0.0,32,pause,NA,NA,NA,NA,0.0,0,-52.34,-43.67,[],0,0,[],[]
1836250,1837610,NA,SIL,0.0,32,pause,NA,NA,NA,NA,0.0,0,-52.16,-36.9,[],0,0,[],[]
1837610,1838410,NA,TVN,0.0,32,pause,NA,NA,NA,NA,0.0,0,-36.39,-27.39,[],0,0,[],[]
1838410,1840290,NA,SIL,0.0,32,pause,NA,NA,NA,NA,0.0,0,-57.39,-50.71,[],0,0,[],[]
1840290,1842060,NA,TVF,0.0,32,pause,NA,NA,NA,NA,0.0,0,-49.92,-39.86,[],0,0,[],[]
1842060,1843810,NA,SIL,0.0,32,pause,NA,NA,NA,NA,0.0,0,-46.64,-29.62,[],0,0,[],[]
1843810,1844890,NA,TVF,0.0,32,pause,NA,NA,NA,NA,0.0,0,-50.48,-44.21,[],0,0,[],[]
1844890,1851200,NA,SIL,0.0,32,pause,NA,NA,NA,NA,0.0,0,-54.86,-36.68,[],0,0,[],[]
1851200,1852280,NA,TVF,0.0,32,pause,NA,NA,NA,NA,0.0,0,-51.0,-37.36,[],0,0,[],[]
1852280,1854090,NA,SIL,0.0,32,pause,NA,NA,NA,NA,0.0,0,-61.31,-54.66,[],0,0,[],[]
1854090,1855790,NA,TVN,0.0,32,pause,NA,NA,NA,NA,0.0,0,-57.49,-50.57,[],0,0,[],[]
1855790,1861120,NA,SIL,0.0,32,pause,NA,NA,NA,NA,0.0,0,-52.18,-36.54,[],0,0,[],[]
1861120,1862710,NA,TVF,0.0,32,pause,NA,NA,NA,NA,0.0,0,-50.36,-38.93,[],0,0,[],[]
1862710,1866530,NA,SIL,0.0,32,pause,NA,NA,NA,NA,0.0,0,-54.58,-42.1,[],0,0,[],[]
1866530,1867660,NA,TVF,0.0,32,pause,NA,NA,NA,NA,0.0,0,-49.42,-39.78,[],0,0,[],[]
1867660,1869190,NA,SIL,0.0,32,pause,NA,NA,NA,NA,0.0,0,-57.13,-40.18,[],0,0,[],[]
1869190,1870190,NA,TVN,0.0,32,pause,NA,NA,NA,NA,0.0,0,-57.51,-51.05,[],0,0,[],[]
1870190,1871140,NA,SIL,0.0,32,pause,NA,NA,NA,NA,0.0,0,-59.23,-51.7,[],0,0,[],[]
1871140,1872110,NA,TVF,0.0,32,pause,NA,NA,NA,NA,0.0,0,-55.76,-50.37,[],0,0,[],[]
1872110,1873110,NA,TVN,0.0,32,pause,NA,NA,NA,NA,0.0,0,-55.39,-48.95,[],0,0,[],[]
1873110,1875500,NA,SIL,0.0,32,pause,NA,NA,NA,NA,0.0,0,-52.04,-31.61,[],0,0,[],[]
1875500,1876790,NA,CXF,0.0,32,pause,NA,NA,NA,NA,0.0,0,-53.75,-46.86,[],0,0,[],[]
1876790,1878380,NA,TVN,0.0,32,pause,NA,NA,NA,NA,0.0,0,-53.51,-38.08,[],0,0,[],[]
1878380,1880140,NA,SIL,0.0,32,pause,NA,NA,NA,NA,0.0,0,-52.78,-37.56,[],0,0,[],[]
1880140,1881140,NA,TVF,0.0,32,pause,NA,NA,NA,NA,0.0,0,-57.79,-53.35,[],0,0,[],[]
1881140,1885150,NA,SIL,0.0,32,pause,NA,NA,NA,NA,0.0,0,-59.21,-48.18,[],0,0,[],[]
1885150,1886150,NA,TVF,0.0,32,pause,NA,NA,NA,NA,0.0,0,-55.97,-49.09,[],0,0,[],[]
1886150,1887830,NA,SIL,0.0,32,pause,NA,NA,NA,NA,0.0,0,-60.27,-51.8,[],0,0,[],[]
1887830,1888890,NA,TVF,0.0,32,pause,NA,NA,NA,NA,0.0,0,-54.6,-47.09,[],0,0,[],[]
1888890,1889700,NA,SIL,0.0,32,pause,NA,NA,NA,NA,0.0,0,-57.61,-50.76,[],0,0,[],[]
1889700,1890700,NA,TVF,0.0,32,pause,NA,NA,NA,NA,0.0,0,-55.22,-47.9,[],0,0,[],[]
1890700,1891500,NA,SIL,0.0,32,pause,NA,NA,NA,NA,0.0,0,-55.31,-46.65,[],0,0,[],[]
1891500,1892500,NA,TVN,0.0,32,pause,NA,NA,NA,NA,0.0,0,-48.45,-40.89,[],0,0,[],[]
1892500,1893300,NA,SIL,0.0,32,pause,NA,NA,NA,NA,0.0,0,-55.92,-47.52,[],0,0,[],[]
1893300,1896240,NA,NOF,0.0,32,pause,NA,NA,NA,NA,0.0,0,-46.99,-36.84,[],0,0,[],[]
1896240,1897710,NA,SIL,0.0,32,pause,NA,NA,NA,NA,0.0,0,-51.58,-43.17,[],0,0,[],[]
1897710,1898820,NA,FAF,0.0,32,pause,NA,NA,NA,NA,0.0,0,-37.22,-25.58,[],0,0,[],[]
1898820,1901570,NA,SIL,0.0,32,pause,NA,NA,NA,NA,0.0,0,-47.43,-35.75,[],0,0,[],[]
1901570,1903400,NA,TVF,0.0,32,pause,NA,NA,NA,NA,0.0,0,-56.6,-50.21,[],0,0,[],[]
1903400,1904500,NA,SIL,0.0,32,pause,NA,NA,NA,NA,0.0,0,-52.8,-38.39,[],0,0,[],[]
1904500,1905500,NA,TVN,0.0,32,pause,NA,NA,NA,NA,0.0,0,-56.8,-50.68,[],0,0,[],[]
1905500,1916200,NA,SIL,0.0,32,pause,NA,NA,NA,NA,0.0,0,-53.2,-32.1,[],0,0,[],[]
1916200,1917410,NA,TVN,0.0,32,pause,NA,NA,NA,NA,0.0,0,-55.7,-48.04,[],0,0,[],[]
1917410,1918350,NA,SIL,0.0,32,pause,NA,NA,NA,NA,0.0,0,-56.09,-46.39,[],0,0,[],[]
1918350,1919350,NA,TVN,0.0,32,pause,NA,NA,NA,NA,0.0,0,-54.38,-48.47,[],0,0,[],[]
1919350,1927620,NA,SIL,0.0,32,pause,NA,NA,NA,NA,0.0,0,-54.1,-32.6,[],0,0,[],[]
1927620,1928690,NA,TVF,0.0,32,pause,NA,NA,NA,NA,0.0,0,-52.22,-41.23,[],0,0,[],[]
1928690,1934450,NA,SIL,0.0,32,pause,NA,NA,NA,NA,0.0,0,-51.11,-32.49,[],0,0,[],[]
1934450,1935640,NA,TVF,0.0,32,pause,NA,NA,NA,NA,0.0,0,-56.36,-50.73,[],0,0,[],[]
1935640,1952150,NA,SIL,0.0,32,pause,NA,NA,NA,NA,0.0,0,-56.02,-39.32,[],0,0,[],[]
1952150,1954000,NA,TVF,0.0,32,pause,NA,NA,NA,NA,0.0,0,-50.73,-39.37,[],0,0,[],[]
1954000,1954850,NA,SIL,0.0,32,pause,NA,NA,NA,NA,0.0,0,-58.02,-46.12,[],0,0,[],[]
1954850,1955850,NA,TVN,0.0,32,pause,NA,NA,NA,NA,0.0,0,-52.02,-45.51,[],0,0,[],[]
1955850,1963700,NA,SIL,0.0,32,pause,NA,NA,NA,NA,0.0,0,-51.62,-37.49,[],0,0,[],[]
1963700,1964500,NA,NOF,0.0,32,pause,NA,NA,NA,NA,0.0,0,-35.22,-23.2,[],0,0,[],[]
1964500,1965410,NA,SIL,0.0,32,pause,NA,NA,NA,NA,0.0,0,-54.91,-45.96,[],0,0,[],[]
1965410,1966210,NA,OLF,0.0,32,pause,NA,NA,NA,NA,0.0,0,-48.96,-44.3,[],0,0,[],[]
1966210,1967930,NA,SIL,0.0,32,pause,NA,NA,NA,NA,0.0,0,-52.09,-42.23,[],0,0,[],[]
1967930,1968930,NA,TVF,0.0,32,pause,NA,NA,NA,NA,0.0,0,-48.01,-40.77,[],0,0,[],[]
1968930,1970810,NA,SIL,0.0,32,pause,NA,NA,NA,NA,0.0,0,-51.02,-42.53,[],0,0,[],[]
1970810,1971830,NA,TVF,0.0,32,pause,NA,NA,NA,NA,0.0,0,-54.02,-45.12,[],0,0,[],[]
1971830,1972700,NA,SIL,0.0,32,pause,NA,NA,NA,NA,0.0,0,-50.34,-41.73,[],0,0,[],[]
1972700,1974190,NA,NOF,0.0,32,pause,NA,NA,NA,NA,0.0,0,-33.43,-24.77,[],0,0,[],[]
1974190,1974990,NA,SIL,0.0,32,pause,NA,NA,NA,NA,0.0,0,-50.7,-37.53,[],0,0,[],[]
1974990,1975790,NA,NOF,0.0,32,pause,NA,NA,NA,NA,0.0,0,-41.98,-35.22,[],0,0,[],[]
1975790,1978620,NA,SIL,0.0,32,pause,NA,NA,NA,NA,0.0,0,-52.68,-37.02,[],0,0,[],[]
1978620,1980560,NA,TVF,0.0,32,pause,NA,NA,NA,NA,0.0,0,-53.74,-45.94,[],0,0,[],[]
1980560,1987080,NA,SIL,0.0,32,pause,NA,NA,NA,NA,0.0,0,-49.44,-30.03,[],0,0,[],[]
1987080,1988220,NA,OLF,0.0,32,pause,NA,NA,NA,NA,0.0,0,-28.05,-13.71,[],0,0,[],[]
1988220,1991800,NA,NOF,0.0,32,pause,NA,NA,NA,NA,0.0,0,-23.65,-3.32,[],0,0,[],[]
1991800,1993420,NA,SIL,0.0,32,pause,NA,NA,NA,NA,0.0,0,-52.34,-46.49,[],0,0,[],[]
1993420,1995590,NA,TVN,0.0,32,pause,NA,NA,NA,NA,0.0,0,-52.39,-45.12,[],0,0,[],[]
1995590,1996840,NA,SIL,0.0,32,pause,NA,NA,NA,NA,0.0,0,-56.25,-48.21,[],0,0,[],[]
1996840,1997640,NA,NOF,0.0,32,pause,NA,NA,NA,NA,0.0,0,-46.47,-29.76,[],0,0,[],[]
1997640,1998500,NA,SIL,0.0,32,pause,NA,NA,NA,NA,0.0,0,-51.94,-45.71,[],0,0,[],[]
1998500,1999660,NA,NOF,0.0,32,pause,NA,NA,NA,NA,0.0,0,-41.7,-25.96,[],0,0,[],[]
1999660,2001810,NA,SIL,0.0,32,pause,NA,NA,NA,NA,0.0,0,-51.57,-36.84,[],0,0,[],[]
2001810,2002810,NA,TVF,0.0,32,pause,NA,NA,NA,NA,0.0,0,-56.84,-48.2,[],0,0,[],[]
2002810,2004290,NA,SIL,0.0,32,pause,NA,NA,NA,NA,0.0,0,-56.42,-48.02,[],0,0,[],[]
2004290,2005550,NA,TVN,0.0,32,pause,NA,NA,NA,NA,0.0,0,-52.0,-46.96,[],0,0,[],[]
2005550,2006680,NA,SIL,0.0,32,pause,NA,NA,NA,NA,0.0,0,-53.71,-45.95,[],0,0,[],[]
2006680,2007860,NA,TVN,0.0,32,pause,NA,NA,NA,NA,0.0,0,-54.81,-48.81,[],0,0,[],[]
2007860,2013700,NA,SIL,0.0,32,pause,NA,NA,NA,NA,0.0,0,-55.93,-40.22,[],0,0,[],[]
2013700,2015190,NA,NOF,0.0,32,pause,NA,NA,NA,NA,0.0,0,-35.21,-16.22,[],0,0,[],[]
2015190,2015990,NA,SIL,0.0,32,pause,NA,NA,NA,NA,0.0,0,-54.72,-49.72,[],0,0,[],[]
2015990,2016990,NA,TVF,0.0,32,pause,NA,NA,NA,NA,0.0,0,-53.57,-46.01,[],0,0,[],[]
2016990,2022860,NA,SIL,0.0,32,pause,NA,NA,NA,NA,0.0,0,-55.47,-39.9,[],0,0,[],[]
2022860,2024000,NA,TVF,0.0,32,pause,NA,NA,NA,NA,0.0,0,-55.14,-50.77,[],0,0,[],[]
2024000,2025870,NA,SIL,0.0,32,pause,NA,NA,NA,NA,0.0,0,-58.36,-48.94,[],0,0,[],[]
2025870,2026890,NA,TVF,0.0,32,pause,NA,NA,NA,NA,0.0,0,-55.91,-47.52,[],0,0,[],[]
2026890,2027850,NA,SIL,0.0,32,pause,NA,NA,NA,NA,0.0,0,-55.56,-47.83,[],0,0,[],[]
2027850,2028850,NA,TVN,0.0,32,pause,NA,NA,NA,NA,0.0,0,-53.92,-44.56,[],0,0,[],[]
2028850,2032250,NA,SIL,0.0,32,pause,NA,NA,NA,NA,0.0,0,-53.32,-35.69,[],0,0,[],[]
2032250,2033320,NA,TVF,0.0,32,pause,NA,NA,NA,NA,0.0,0,-55.26,-42.33,[],0,0,[],[]
2033320,2034120,NA,SIL,0.0,32,pause,NA,NA,NA,NA,0.0,0,-59.87,-55.72,[],0,0,[],[]
2034120,2035310,NA,TVN,0.0,32,pause,NA,NA,NA,NA,0.0,0,-51.04,-39.42,[],0,0,[],[]
2035310,2037080,NA,SIL,0.0,32,pause,NA,NA,NA,NA,0.0,0,-57.53,-49.38,[],0,0,[],[]
2037080,2038080,NA,TVN,0.0,32,pause,NA,NA,NA,NA,0.0,0,-53.53,-46.09,[],0,0,[],[]
2038080,2044640,NA,SIL,0.0,32,pause,NA,NA,NA,NA,0.0,0,-56.2,-42.5,[],0,0,[],[]
2044640,2045610,NA,NOF,0.0,32,pause,NA,NA,NA,NA,0.0,0,-33.2,-19.01,[],0,0,[],[]
2045610,2054410,NA,SIL,0.0,32,pause,NA,NA,NA,NA,0.0,0,-57.04,-42.95,[],0,0,[],[]
2054410,2055600,NA,TVF,0.0,32,pause,NA,NA,NA,NA,0.0,0,-53.96,-45.32,[],0,0,[],[]
2055600,2056400,NA,SIL,0.0,32,pause,NA,NA,NA,NA,0.0,0,-55.41,-49.53,[],0,0,[],[]
2056400,2057400,NA,TVN,0.0,32,pause,NA,NA,NA,NA,0.0,0,-51.85,-45.41,[],0,0,[],[]
2057400,2060770,NA,SIL,0.0,32,pause,NA,NA,NA,NA,0.0,0,-54.88,-39.86,[],0,0,[],[]
2060770,2061770,NA,TVN,0.0,32,pause,NA,NA,NA,NA,0.0,0,-46.34,-39.78,[],0,0,[],[]
2061770,2064960,NA,SIL,0.0,32,pause,NA,NA,NA,NA,0.0,0,-53.01,-43.19,[],0,0,[],[]
2064960,2066250,NA,TVN,0.0,32,pause,NA,NA,NA,NA,0.0,0,-52.68,-45.16,[],0,0,[],[]
2066250,2067110,NA,SIL,0.0,32,pause,NA,NA,NA,NA,0.0,0,-57.71,-50.56,[],0,0,[],[]
2067110,2069500,NA,TVN,0.0,32,pause,NA,NA,NA,NA,0.0,0,-52.3,-41.41,[],0,0,[],[]
2069500,2071400,NA,SIL,0.0,32,pause,NA,NA,NA,NA,0.0,0,-56.4,-46.36,[],0,0,[],[]
2071400,2081500,NA,TVN,0.0,32,pause,NA,NA,NA,NA,0.0,0,-49.92,-38.08,[],0,0,[],[]
2081500,2085640,NA,SIL,0.0,32,pause,NA,NA,NA,NA,0.0,0,-51.91,-30.64,[],0,0,[],[]
2085640,2086640,FEM,FAN,0.0,32,pause,NA,NA,NA,NA,0.0,0,-36.5,-25.85,[],1000,0,[],[]
2086640,2087480,NA,SIL,0.0,32,pause,NA,NA,NA,NA,0.0,0,-49.87,-40.14,[],0,0,[],[]
2087480,2088290,NA,NOF,0.0,32,pause,NA,NA,NA,NA,0.0,0,-43.04,-33.88,[],0,0,[],[]
2088290,2089090,NA,SIL,0.0,32,pause,NA,NA,NA,NA,0.0,0,-42.74,-31.01,[],0,0,[],[]
2089090,2090780,NA,OLF,0.0,32,pause,NA,NA,NA,NA,0.0,0,-38.62,-29.82,[],0,0,[],[]
2090780,2091730,NA,NOF,0.0,32,pause,NA,NA,NA,NA,0.0,0,-28.46,-10.51,[],0,0,[],[]
2091730,2093430,NA,SIL,0.0,32,pause,NA,NA,NA,NA,0.0,0,-55.7,-46.55,[],0,0,[],[]
2093430,2096950,NA,TVN,0.0,32,pause,NA,NA,NA,NA,0.0,0,-43.21,-31.57,[],0,0,[],[]
2096950,2098200,NA,SIL,0.0,32,pause,NA,NA,NA,NA,0.0,0,-55.31,-46.21,[],0,0,[],[]
2098200,2099470,NA,TVN,0.0,32,pause,NA,NA,NA,NA,0.0,0,-52.94,-41.81,[],0,0,[],[]
2099470,2100520,NA,SIL,0.0,32,pause,NA,NA,NA,NA,0.0,0,-51.97,-37.23,[],0,0,[],[]
2100520,2101730,NA,TVN,0.0,32,pause,NA,NA,NA,NA,0.0,0,-54.26,-46.66,[],0,0,[],[]
2101730,2102530,NA,SIL,0.0,32,pause,NA,NA,NA,NA,0.0,0,-54.14,-50.17,[],0,0,[],[]
2102530,2103580,NA,TVN,0.0,32,pause,NA,NA,NA,NA,0.0,0,-52.84,-46.64,[],0,0,[],[]
2103580,2105480,NA,SIL,0.0,32,pause,NA,NA,NA,NA,0.0,0,-53.31,-41.55,[],0,0,[],[]
2105480,2106400,NA,TVN,0.0,32,pause,NA,NA,NA,NA,0.0,0,-51.01,-45.52,[],0,0,[],[]
2106400,2114360,NA,SIL,0.0,32,pause,NA,NA,NA,NA,0.0,0,-55.41,-43.14,[],0,0,[],[]
2114360,2115550,NA,TVN,0.0,32,pause,NA,NA,NA,NA,0.0,0,-54.71,-47.67,[],0,0,[],[]
2115550,2118740,NA,SIL,0.0,32,pause,NA,NA,NA,NA,0.0,0,-56.04,-44.49,[],0,0,[],[]
2118740,2119760,NA,TVF,0.0,32,pause,NA,NA,NA,NA,0.0,0,-52.94,-45.98,[],0,0,[],[]
2119760,2124910,NA,SIL,0.0,32,pause,NA,NA,NA,NA,0.0,0,-50.69,-35.34,[],0,0,[],[]
2124910,2125960,NA,TVN,0.0,32,pause,NA,NA,NA,NA,0.0,0,-50.97,-41.88,[],0,0,[],[]
2125960,2126760,NA,SIL,0.0,32,pause,NA,NA,NA,NA,0.0,0,-47.94,-39.15,[],0,0,[],[]
2126760,2132160,NA,TVN,0.0,32,pause,NA,NA,NA,NA,0.0,0,-49.9,-34.35,[],0,0,[],[]
2132160,2135150,NA,SIL,0.0,32,pause,NA,NA,NA,NA,0.0,0,-54.51,-45.27,[],0,0,[],[]
2135150,2135950,NA,NOF,0.0,32,pause,NA,NA,NA,NA,0.0,0,-33.33,-17.06,[],0,0,[],[]
2135950,2136750,NA,SIL,0.0,32,pause,NA,NA,NA,NA,0.0,0,-47.87,-33.86,[],0,0,[],[]
2136750,2137550,NA,TVF,0.0,32,pause,NA,NA,NA,NA,0.0,0,-45.32,-37.21,[],0,0,[],[]
2137550,2142100,OCH,CXN,0.0,32,XM,BC,0,NT,FI,0.0,0,-40.47,-27.67,[],0,0,[],[]
2142100,2143150,NA,TVF,0.0,32,XM,NA,NA,NA,NA,0.0,0,-49.16,-40.8,[],0,0,[],[]
2143150,2144210,OCH,CXN,0.0,32,XM,EC,0,NT,FH,0.0,0,-44.26,-37.46,[],0,0,[],[]
2144210,2145210,NA,TVN,0.0,33,pause,NA,NA,NA,NA,0.0,0,-48.64,-39.58,[],0,0,[],[]
2145210,2146630,NA,SIL,0.0,33,pause,NA,NA,NA,NA,0.0,0,-58.2,-53.41,[],0,0,[],[]
2146630,2149040,NA,TVN,0.0,33,pause,NA,NA,NA,NA,0.0,0,-45.81,-32.52,[],0,0,[],[]
2149040,2150100,NA,CXF,0.0,33,pause,NA,NA,NA,NA,0.0,0,-45.45,-37.41,[],0,0,[],[]
2150100,2153330,NA,TVN,0.0,33,pause,NA,NA,NA,NA,0.0,0,-47.02,-33.06,[],0,0,[],[]
2153330,2154280,OCH,CXN,0.0,33,XM,EC,0,NT,FI,0.0,0,-39.51,-32.18,[],0,0,[],[]
2154280,2156660,NA,TVN,0.0,34,pause,NA,NA,NA,NA,0.0,0,-44.92,-33.33,[],0,0,[],[]
2156660,2157490,NA,CXF,0.0,34,pause,NA,NA,NA,NA,0.0,0,-42.89,-35.16,[],0,0,[],[]
2157490,2159080,NA,TVF,0.0,34,pause,NA,NA,NA,NA,0.0,0,-40.98,-33.83,[],0,0,[],[]
2159080,2159880,NA,SIL,0.0,34,pause,NA,NA,NA,NA,0.0,0,-51.74,-44.7,[],0,0,[],[]
2159880,2160890,NA,TVF,0.0,34,pause,NA,NA,NA,NA,0.0,0,-48.43,-40.62,[],0,0,[],[]
2160890,2164830,NA,SIL,0.0,34,pause,NA,NA,NA,NA,0.0,0,-54.45,-43.75,[],0,0,[],[]
2164830,2165890,OCH,CXN,0.0,34,XM,EC,0,NT,FI,0.0,0,-43.61,-34.06,[],0,0,[],[]
2165890,2166950,NA,TVN,0.0,35,pause,NA,NA,NA,NA,0.0,0,-47.7,-40.29,[],0,0,[],[]
2166950,2167750,NA,TVN,0.0,35,pause,NA,NA,NA,NA,0.0,0,-45.95,-40.32,[],0,0,[],[]
2167750,2168550,NA,SIL,0.0,35,pause,NA,NA,NA,NA,0.0,0,-57.93,-51.86,[],0,0,[],[]
2168550,2170090,NA,TVN,0.0,35,pause,NA,NA,NA,NA,0.0,0,-47.94,-37.66,[],0,0,[],[]
2170090,2171860,NA,SIL,0.0,35,pause,NA,NA,NA,NA,0.0,0,-53.47,-43.1,[],0,0,[],[]
2171860,2172920,NA,CXF,0.0,35,pause,NA,NA,NA,NA,0.0,0,-38.24,-29.08,[],0,0,[],[]
2172920,2174110,NA,SIL,0.0,35,pause,NA,NA,NA,NA,0.0,0,-58.68,-53.05,[],0,0,[],[]
2174110,2175070,NA,CXF,0.0,35,pause,NA,NA,NA,NA,0.0,0,-48.3,-41.55,[],0,0,[],[]
2175070,2176140,NA,SIL,0.0,35,pause,NA,NA,NA,NA,0.0,0,-52.96,-45.29,[],0,0,[],[]
2176140,2177300,NA,TVF,0.0,35,pause,NA,NA,NA,NA,0.0,0,-49.1,-41.0,[],0,0,[],[]
2177300,2178940,NA,SIL,0.0,35,pause,NA,NA,NA,NA,0.0,0,-56.65,-48.04,[],0,0,[],[]
2178940,2179940,NA,TVN,0.0,35,pause,NA,NA,NA,NA,0.0,0,-47.9,-39.55,[],0,0,[],[]
2179940,2180740,NA,SIL,0.0,35,pause,NA,NA,NA,NA,0.0,0,-51.69,-36.99,[],0,0,[],[]
2180740,2183200,NA,OLF,0.0,35,pause,NA,NA,NA,NA,0.0,0,-29.33,-8.15,[],0,0,[],[]
2183200,2184340,NA,OLN,0.0,35,pause,NA,NA,NA,NA,0.0,0,-34.08,-23.57,[],0,0,[],[]
2184340,2186540,NA,NOF,0.0,35,pause,NA,NA,NA,NA,0.0,0,-35.92,-18.85,[],0,0,[],[]
2186540,2187400,NA,OLN,0.0,35,pause,NA,NA,NA,NA,0.0,0,-31.09,-24.01,[],0,0,[],[]
2187400,2188800,NA,CXF,0.0,35,pause,NA,NA,NA,NA,0.0,0,-42.75,-33.2,[],0,0,[],[]
2188800,2189880,NA,TVN,0.0,35,pause,NA,NA,NA,NA,0.0,0,-51.08,-44.76,[],0,0,[],[]
2189880,2190680,NA,SIL,0.0,35,pause,NA,NA,NA,NA,0.0,0,-51.87,-44.21,[],0,0,[],[]
2190680,2191680,NA,TVN,0.0,35,pause,NA,NA,NA,NA,0.0,0,-46.84,-41.27,[],0,0,[],[]
2191680,2197390,NA,SIL,0.0,35,pause,NA,NA,NA,NA,0.0,0,-52.52,-42.58,[],0,0,[],[]
2197390,2199140,NA,TVN,0.0,35,pause,NA,NA,NA,NA,0.0,0,-42.59,-33.76,[],0,0,[],[]
2199140,2199940,NA,TVN,0.0,35,pause,NA,NA,NA,NA,0.0,0,-42.93,-33.89,[],0,0,[],[]
2199940,2200760,NA,SIL,0.0,35,pause,NA,NA,NA,NA,0.0,0,-49.69,-43.96,[],0,0,[],[]
2200760,2202680,NA,TVN,0.0,35,pause,NA,NA,NA,NA,0.0,0,-42.84,-34.98,[],0,0,[],[]
2202680,2203620,NA,SIL,0.0,35,pause,NA,NA,NA,NA,0.0,0,-46.82,-39.62,[],0,0,[],[]
2203620,2205350,NA,TVF,0.0,35,pause,NA,NA,NA,NA,0.0,0,-41.23,-31.25,[],0,0,[],[]
2205350,2206260,NA,SIL,0.0,35,pause,NA,NA,NA,NA,0.0,0,-46.02,-38.04,[],0,0,[],[]
2206260,2207260,NA,TVN,0.0,35,pause,NA,NA,NA,NA,0.0,0,-47.22,-39.45,[],0,0,[],[]
2207260,2210240,NA,SIL,0.0,35,pause,NA,NA,NA,NA,0.0,0,-50.37,-40.6,[],0,0,[],[]
2210240,2212540,NA,TVN,0.0,35,pause,NA,NA,NA,NA,0.0,0,-45.17,-32.69,[],0,0,[],[]
2212540,2213510,NA,SIL,0.0,35,pause,NA,NA,NA,NA,0.0,0,-46.93,-37.19,[],0,0,[],[]
2213510,2216070,NA,TVN,0.0,35,pause,NA,NA,NA,NA,0.0,0,-48.68,-37.16,[],0,0,[],[]
2216070,2217740,NA,SIL,0.0,35,pause,NA,NA,NA,NA,0.0,0,-53.42,-42.19,[],0,0,[],[]
2217740,2219050,NA,TVF,0.0,35,pause,NA,NA,NA,NA,0.0,0,-44.76,-36.18,[],0,0,[],[]
2219050,2220640,NA,OLF,0.0,35,pause,NA,NA,NA,NA,0.0,0,-35.14,-25.1,[],0,0,[],[]
2220640,2221530,NA,NOF,0.0,35,pause,NA,NA,NA,NA,0.0,0,-38.94,-31.33,[],0,0,[],[]
2221530,2222360,OCH,CXN,0.0,35,XM,BC,0,NT,FI,0.0,0,-31.22,-23.88,[],0,0,[],[]
2222360,2223560,NA,OLF,0.0,35,XM,NA,NA,NA,NA,0.0,0,-37.89,-30.5,[],0,0,[],[]
2223560,2225710,NA,TVN,0.0,35,XM,NA,NA,NA,NA,0.0,0,-37.24,-27.42,[],0,0,[],[]
2225710,2226650,NA,SIL,0.0,35,XM,NA,NA,NA,NA,0.0,0,-50.43,-37.47,[],0,0,[],[]
2226650,2227490,OCH,CXN,0.0,35,XM,RC,0,NT,FH,0.0,0,-41.75,-33.49,[],0,0,[],[]
2227490,2228680,NA,SIL,0.0,35,XM,NA,NA,NA,NA,0.0,0,-50.62,-44.58,[],0,0,[],[]
2228680,2230170,NA,TVF,0.0,35,XM,NA,NA,NA,NA,0.0,0,-43.88,-35.42,[],0,0,[],[]
2230170,2231020,OCH,CXN,0.0,35,XM,EC,0,NT,FH,0.0,0,-40.67,-30.61,[],0,0,[],[]
2231020,2235040,NA,TVN,0.0,36,pause,NA,NA,NA,NA,0.0,0,-45.21,-31.03,[],0,0,[],[]
2235040,2236010,NA,SIL,0.0,36,pause,NA,NA,NA,NA,0.0,0,-46.46,-41.39,[],0,0,[],[]
2236010,2237110,NA,TVN,0.0,36,pause,NA,NA,NA,NA,0.0,0,-43.47,-34.61,[],0,0,[],[]
2237110,2237990,NA,CXF,0.0,36,pause,NA,NA,NA,NA,0.0,0,-41.38,-30.55,[],0,0,[],[]
2237990,2239070,NA,TVF,0.0,36,pause,NA,NA,NA,NA,0.0,0,-39.29,-29.96,[],0,0,[],[]
2239070,2240760,NA,TVN,0.0,36,pause,NA,NA,NA,NA,0.0,0,-45.92,-37.51,[],0,0,[],[]
2240760,2242080,NA,TVF,0.0,36,pause,NA,NA,NA,NA,0.0,0,-48.92,-39.21,[],0,0,[],[]
2242080,2242880,NA,CXF,0.0,36,pause,NA,NA,NA,NA,0.0,0,-41.12,-33.86,[],0,0,[],[]
2242880,2243680,NA,MAF,0.0,36,pause,NA,NA,NA,NA,0.0,0,-46.03,-40.39,[],0,0,[],[]
2243680,2248400,NA,TVN,0.0,36,pause,NA,NA,NA,NA,0.0,0,-46.35,-36.53,[],0,0,[],[]
2248400,2249200,NA,OLF,0.0,36,pause,NA,NA,NA,NA,0.0,0,-43.15,-34.75,[],0,0,[],[]
2249200,2250300,NA,SIL,0.0,36,pause,NA,NA,NA,NA,0.0,0,-49.48,-43.74,[],0,0,[],[]
2250300,2251130,OCH,CXN,0.0,36,XM,BC,0,NT,FI,0.0,0,-36.42,-28.36,[],0,0,[],[]
2251130,2252290,NA,TVF,0.0,36,XM,NA,NA,NA,NA,0.0,0,-47.66,-41.96,[],0,0,[],[]
2252290,2253090,OCH,CXN,0.0,36,XM,EC,0,NT,FH,0.0,0,-38.26,-31.07,[],0,0,[],[]
2253090,2254150,NA,TVF,0.0,37,pause,NA,NA,NA,NA,0.0,0,-45.27,-36.28,[],0,0,[],[]
2254150,2255030,NA,SIL,0.0,37,pause,NA,NA,NA,NA,0.0,0,-52.04,-46.01,[],0,0,[],[]
2255030,2256150,NA,TVF,0.0,37,pause,NA,NA,NA,NA,0.0,0,-48.92,-42.08,[],0,0,[],[]
2256150,2256950,NA,SIL,0.0,37,pause,NA,NA,NA,NA,0.0,0,-52.02,-43.16,[],0,0,[],[]
2256950,2259420,NA,TVN,0.0,37,pause,NA,NA,NA,NA,0.0,0,-44.61,-34.77,[],0,0,[],[]
2259420,2260380,NA,SIL,0.0,37,pause,NA,NA,NA,NA,0.0,0,-48.42,-41.21,[],0,0,[],[]
2260380,2262280,NA,TVF,0.0,37,pause,NA,NA,NA,NA,0.0,0,-42.56,-33.81,[],0,0,[],[]
2262280,2263470,OCH,CXN,0.0,37,XM,EC,0,NT,FI,0.0,0,-36.84,-23.67,[],0,0,[],[]
2263470,2265490,NA,TVF,0.0,38,pause,NA,NA,NA,NA,0.0,0,-42.14,-32.88,[],0,0,[],[]
2265490,2266290,NA,TVF,0.0,38,pause,NA,NA,NA,NA,0.0,0,-39.06,-35.06,[],0,0,[],[]
2266290,2268180,NA,TVF,0.0,38,pause,NA,NA,NA,NA,0.0,0,-42.31,-31.75,[],0,0,[],[]
2268180,2269310,NA,SIL,0.0,38,pause,NA,NA,NA,NA,0.0,0,-48.29,-39.88,[],0,0,[],[]
2269310,2274920,NA,TVN,0.0,38,pause,NA,NA,NA,NA,0.0,0,-41.32,-31.04,[],0,0,[],[]
2274920,2275870,NA,OLF,0.0,38,pause,NA,NA,NA,NA,0.0,0,-37.7,-30.5,[],0,0,[],[]
2275870,2276670,NA,TVF,0.0,38,pause,NA,NA,NA,NA,0.0,0,-39.53,-28.97,[],0,0,[],[]
2276670,2277480,NA,OLF,0.0,38,pause,NA,NA,NA,NA,0.0,0,-42.62,-34.29,[],0,0,[],[]
2277480,2279290,NA,SIL,0.0,38,pause,NA,NA,NA,NA,0.0,0,-48.01,-39.79,[],0,0,[],[]
2279290,2280270,NA,TVN,0.0,38,pause,NA,NA,NA,NA,0.0,0,-34.45,-26.44,[],0,0,[],[]
2280270,2282520,NA,TVN,0.0,38,pause,NA,NA,NA,NA,0.0,0,-42.5,-31.68,[],0,0,[],[]
2282520,2283480,NA,SIL,0.0,38,pause,NA,NA,NA,NA,0.0,0,-49.55,-41.97,[],0,0,[],[]
2283480,2285930,NA,TVN,0.0,38,pause,NA,NA,NA,NA,0.0,0,-46.79,-36.48,[],0,0,[],[]
2285930,2287450,NA,SIL,0.0,38,pause,NA,NA,NA,NA,0.0,0,-55.4,-44.12,[],0,0,[],[]
2287450,2288420,NA,NOF,0.0,38,pause,NA,NA,NA,NA,0.0,0,-44.09,-32.73,[],0,0,[],[]
2288420,2289680,NA,TVF,0.0,38,pause,NA,NA,NA,NA,0.0,0,-45.7,-31.21,[],0,0,[],[]
2289680,2291030,NA,CXF,0.0,38,pause,NA,NA,NA,NA,0.0,0,-40.73,-30.69,[],0,0,[],[]
2291030,2292090,NA,TVF,0.0,38,pause,NA,NA,NA,NA,0.0,0,-48.8,-41.85,[],0,0,[],[]
2292090,2297170,NA,OLF,0.0,38,pause,NA,NA,NA,NA,0.0,0,-28.17,-7.66,[],0,0,[],[]
2297170,2298760,NA,NOF,0.0,38,pause,NA,NA,NA,NA,0.0,0,-33.68,-24.81,[],0,0,[],[]
2298760,2299590,NA,OLF,0.0,38,pause,NA,NA,NA,NA,0.0,0,-38.15,-29.82,[],0,0,[],[]
2299590,2301060,NA,CXF,0.0,38,pause,NA,NA,NA,NA,0.0,0,-47.32,-40.6,[],0,0,[],[]
2301060,2305490,NA,TVN,0.0,38,pause,NA,NA,NA,NA,0.0,0,-48.28,-37.29,[],0,0,[],[]
2305490,2306550,NA,TVF,0.0,38,pause,NA,NA,NA,NA,0.0,0,-41.82,-32.01,[],0,0,[],[]
2306550,2308360,NA,TVN,0.0,38,pause,NA,NA,NA,NA,0.0,0,-46.07,-35.86,[],0,0,[],[]
2308360,2309170,NA,SIL,0.0,38,pause,NA,NA,NA,NA,0.0,0,-52.03,-42.25,[],0,0,[],[]
2309170,2310370,NA,TVF,0.0,38,pause,NA,NA,NA,NA,0.0,0,-53.12,-46.11,[],0,0,[],[]
2310370,2311170,NA,SIL,0.0,38,pause,NA,NA,NA,NA,0.0,0,-50.18,-44.13,[],0,0,[],[]
2311170,2312740,NA,TVF,0.0,38,pause,NA,NA,NA,NA,0.0,0,-46.25,-38.47,[],0,0,[],[]
2312740,2315330,NA,SIL,0.0,38,pause,NA,NA,NA,NA,0.0,0,-52.77,-43.03,[],0,0,[],[]
2315330,2316350,NA,MAF,0.0,38,pause,NA,NA,NA,NA,0.0,0,-44.02,-32.55,[],0,0,[],[]
2316350,2317820,NA,TVN,0.0,38,pause,NA,NA,NA,NA,0.0,0,-44.37,-34.81,[],0,0,[],[]
2317820,2318620,NA,SIL,0.0,38,pause,NA,NA,NA,NA,0.0,0,-44.77,-33.67,[],0,0,[],[]
2318620,2320170,OCH,CXN,0.0,38,XM,EC,0,NT,FI,0.0,0,-31.53,-20.93,[],0,0,[],[]
2320170,2321330,NA,NOF,0.0,39,pause,NA,NA,NA,NA,0.0,0,-48.71,-41.05,[],0,0,[],[]
2321330,2322330,NA,FAF,0.0,39,pause,NA,NA,NA,NA,0.0,0,-47.78,-37.23,[],0,0,[],[]
2322330,2323150,NA,SIL,0.0,39,pause,NA,NA,NA,NA,0.0,0,-56.62,-46.5,[],0,0,[],[]
2323150,2324300,NA,TVF,0.0,39,pause,NA,NA,NA,NA,0.0,0,-45.27,-38.44,[],0,0,[],[]
2324300,2325130,NA,SIL,0.0,39,pause,NA,NA,NA,NA,0.0,0,-52.4,-42.72,[],0,0,[],[]
2325130,2326570,NA,CXF,0.0,39,pause,NA,NA,NA,NA,0.0,0,-43.64,-35.91,[],0,0,[],[]
2326570,2327540,NA,SIL,0.0,39,pause,NA,NA,NA,NA,0.0,0,-57.16,-48.2,[],0,0,[],[]
2327540,2328360,NA,TVN,0.0,39,pause,NA,NA,NA,NA,0.0,0,-46.91,-39.56,[],0,0,[],[]
2328360,2329160,NA,SIL,0.0,39,pause,NA,NA,NA,NA,0.0,0,-49.26,-40.38,[],0,0,[],[]
2329160,2329960,OCH,CXN,0.0,39,XM,BC,0,NT,FI,0.0,0,-44.31,-35.22,[],0,0,[],[]
2329960,2331300,NA,SIL,0.0,39,XM,NA,NA,NA,NA,0.0,0,-57.65,-49.47,[],0,0,[],[]
2331300,2332240,OCH,CXN,0.0,39,XM,EC,0,NT,FH,0.0,0,-46.5,-37.51,[],0,0,[],[]
2332240,2334400,NA,SIL,0.0,40,pause,NA,NA,NA,NA,0.0,0,-55.76,-43.4,[],0,0,[],[]
2334400,2335200,NA,CXF,0.0,40,pause,NA,NA,NA,NA,0.0,0,-43.08,-32.67,[],0,0,[],[]
2335200,2339130,NA,TVF,0.0,40,pause,NA,NA,NA,NA,0.0,0,-44.45,-30.32,[],0,0,[],[]
2339130,2340730,NA,TVF,0.0,40,pause,NA,NA,NA,NA,0.0,0,-46.52,-39.59,[],0,0,[],[]
2340730,2342340,NA,NOF,0.0,40,pause,NA,NA,NA,NA,0.0,0,-36.23,-19.91,[],0,0,[],[]
2342340,2343760,OCH,CXN,0.0,40,XM,EC,0,NT,FI,0.0,0,-38.77,-28.5,[],0,0,[],[]
2343760,2346450,NA,NOF,0.0,41,pause,NA,NA,NA,NA,0.0,0,-46.49,-34.88,[],0,0,[],[]
2346450,2348960,NA,OLF,0.0,41,pause,NA,NA,NA,NA,0.0,0,-34.4,-18.24,[],0,0,[],[]
2348960,2351980,NA,NOF,0.0,41,pause,NA,NA,NA,NA,0.0,0,-43.94,-34.12,[],0,0,[],[]
2351980,2352800,NA,OLF,0.0,41,pause,NA,NA,NA,NA,0.0,0,-40.06,-31.52,[],0,0,[],[]
2352800,2354850,NA,NOF,0.0,41,pause,NA,NA,NA,NA,0.0,0,-40.84,-29.25,[],0,0,[],[]
2354850,2357570,NA,OLF,0.0,41,pause,NA,NA,NA,NA,0.0,0,-36.76,-24.78,[],0,0,[],[]
2357570,2359510,NA,NOF,0.0,41,pause,NA,NA,NA,NA,0.0,0,-44.62,-34.48,[],0,0,[],[]
2359510,2360310,OCH,CXN,0.0,41,XM,BC,0,NT,FI,0.0,0,-22.32,-17.5,[],0,0,[],[]
2360310,2361110,NA,SIL,0.0,41,XM,NA,NA,NA,NA,0.0,0,-51.76,-38.76,[],0,0,[],[]
2361110,2362330,NA,TVF,0.0,41,XM,NA,NA,NA,NA,0.0,0,-45.48,-38.15,[],0,0,[],[]
2362330,2364080,OCH,CXN,0.0,41,XM,EC,0,NT,FH,0.0,0,-45.94,-36.39,[],0,0,[],[]
2364080,2368340,NA,SIL,0.0,42,pause,NA,NA,NA,NA,0.0,0,-56.56,-43.42,[],0,0,[],[]
2368340,2369660,NA,OLF,0.0,42,pause,NA,NA,NA,NA,0.0,0,-47.42,-38.96,[],0,0,[],[]
2369660,2370260,CHI,CHN,0.0,42,CIOCX,BC,0,NT,FI,1.0,600,-19.91,-11.97,"[{'Canonical-syllable': '0', 'Growl': '0', 'High-freq-energy': '0', 'Long-island': '0', 'Low-tilt-spectrum': '0', 'Medium-island': '1', 'Short-island': '0', 'Squeal': '0', 'Typical-entropy': '1', 'Voicing-quality': '1', 'Wide-band': '0', 'Xlong-island': '0', 'seq': '1', 'end': 2370.26, 'start': 2369.83}]",0,0,[],[]
2370260,2371260,OCH,CXN,0.0,42,CIOCX,RC,0,NT,FI,0.0,0,-20.45,-11.74,[],0,0,[],[]
2371260,2372060,NA,SIL,0.0,42,CIOCX,NA,NA,NA,NA,0.0,0,-55.0,-45.07,[],0,0,[],[]
2372060,2373490,NA,OLF,0.0,42,CIOCX,NA,NA,NA,NA,0.0,0,-40.68,-33.76,[],0,0,[],[]
2373490,2374750,NA,SIL,0.0,42,CIOCX,NA,NA,NA,NA,0.0,0,-52.76,-44.06,[],0,0,[],[]
2374750,2375900,NA,OLF,0.0,42,CIOCX,NA,NA,NA,NA,0.0,0,-42.05,-28.61,[],0,0,[],[]
2375900,2377240,OCH,CXN,0.0,42,CIOCX,EC,0,NT,FH,0.0,0,-23.82,-13.77,[],0,0,[],[]
2377240,2379020,NA,OLF,0.0,43,pause,NA,NA,NA,NA,0.0,0,-32.43,-13.81,[],0,0,[],[]
2379020,2379910,NA,OLN,0.0,43,pause,NA,NA,NA,NA,0.0,0,-19.63,-4.77,[],0,0,[],[]
2379910,2382600,NA,OLF,0.0,43,pause,NA,NA,NA,NA,0.0,0,-28.61,-14.77,[],0,0,[],[]
2382600,2385570,NA,NOF,0.0,43,pause,NA,NA,NA,NA,0.0,0,-25.51,-6.18,[],0,0,[],[]
2385570,2386670,NA,OLN,0.0,43,pause,NA,NA,NA,NA,0.0,0,-23.56,-13.12,[],0,0,[],[]
2386670,2387630,NA,NOF,0.0,43,pause,NA,NA,NA,NA,0.0,0,-39.53,-26.81,[],0,0,[],[]
2387630,2388430,NA,OLN,0.0,43,pause,NA,NA,NA,NA,0.0,0,-22.99,-14.61,[],0,0,[],[]
2388430,2389250,OCH,CXN,0.0,43,XM,EC,0,NT,FI,0.0,0,-32.08,-23.8,[],0,0,[],[]
2389250,2390410,NA,NOF,0.0,44,pause,NA,NA,NA,NA,0.0,0,-35.53,-17.27,[],0,0,[],[]
2390410,2391220,NA,SIL,0.0,44,pause,NA,NA,NA,NA,0.0,0,-46.43,-33.72,[],0,0,[],[]
2391220,2395490,NA,NOF,0.0,44,pause,NA,NA,NA,NA,0.0,0,-34.87,-18.08,[],0,0,[],[]
2395490,2396190,CHI,CHN,0.0,44,pause,NA,NA,NA,NA,0.0,0,-23.14,-15.46,[],0,700,"[{'start': 2395.49, 'end': 2395.87}]","[{'start': 2395.87, 'end': 2396.19}]"
2396190,2399980,NA,OLF,0.0,44,pause,NA,NA,NA,NA,0.0,0,-36.33,-21.42,[],0,0,[],[]
2399980,2401670,NA,NOF,0.0,44,pause,NA,NA,NA,NA,0.0,0,-27.21,-9.75,[],0,0,[],[]
2401670,2404470,NA,OLF,0.0,44,pause,NA,NA,NA,NA,0.0,0,-30.84,-17.47,[],0,0,[],[]
2404470,2406420,NA,FAF,0.0,44,pause,NA,NA,NA,NA,0.0,0,-39.07,-28.41,[],0,0,[],[]
2406420,2407480,NA,SIL,0.0,44,pause,NA,NA,NA,NA,0.0,0,-46.83,-34.03,[],0,0,[],[]
2407480,2408340,NA,NOF,0.0,44,pause,NA,NA,NA,NA,0.0,0,-40.44,-28.07,[],0,0,[],[]
2408340,2409240,NA,SIL,0.0,44,pause,NA,NA,NA,NA,0.0,0,-47.7,-37.62,[],0,0,[],[]
2409240,2410040,NA,NOF,0.0,44,pause,NA,NA,NA,NA,0.0,0,-49.12,-42.15,[],0,0,[],[]
2410040,2410640,FEM,FAN,0.0,44,pause,NA,NA,NA,NA,0.0,0,-36.63,-26.28,[],600,0,[],[]
2410640,2411440,NA,SIL,0.0,44,pause,NA,NA,NA,NA,0.0,0,-46.49,-36.0,[],0,0,[],[]
2411440,2412240,NA,NOF,0.0,44,pause,NA,NA,NA,NA,0.0,0,-40.23,-29.42,[],0,0,[],[]
2412240,2413070,FEM,FAN,0.0,44,pause,NA,NA,NA,NA,0.0,0,-36.2,-26.2,[],830,0,[],[]
2413070,2413980,NA,SIL,0.0,44,pause,NA,NA,NA,NA,0.0,0,-47.61,-39.33,[],0,0,[],[]
2413980,2414980,FEM,FAN,2.21,44,AIOCCXF,BC,0,NT,FI,0.0,0,-27.46,-18.72,[],0,0,[],[]
2414980,2415780,OCH,CXN,0.0,44,AIOCCXF,RC,0,NT,FI,0.0,0,-32.2,-26.29,[],0,0,[],[]
2415780,2417170,OCH,CXN,0.0,44,AIOCCXF,RC,0,NT,FH,0.0,0,-24.06,-15.65,[],0,0,[],[]
2417170,2418050,NA,NOF,0.0,44,AIOCCXF,NA,NA,NA,NA,0.0,0,-45.6,-34.18,[],0,0,[],[]
2418050,2419050,NA,MAF,0.0,44,AIOCCXF,NA,NA,NA,NA,0.0,0,-38.96,-28.41,[],0,0,[],[]
2419050,2420070,CHI,CHN,0.0,44,AIOCCXF,RC,0,NT,FI,1.0,450,-21.74,-11.55,"[{'Canonical-syllable': '0', 'Growl': '0', 'High-freq-energy': '0', 'Long-island': '0', 'Low-tilt-spectrum': '0', 'Medium-island': '0', 'Short-island': '1', 'Squeal': '0', 'Typical-entropy': '0', 'Voicing-quality': '1', 'Wide-band': '0', 'Xlong-island': '0', 'seq': '1', 'end': 2420.07, 'start': 2419.62}]",0,0,[],[]
2420070,2421630,CHI,CHN,0.0,44,AIOCCXF,NA,NA,NA,NA,0.0,0,-15.49,-10.99,[],0,1420,"[{'start': 2420.07, 'end': 2421.49}]",[]
2421630,2422630,NA,OLF,0.0,44,AIOCCXF,NA,NA,NA,NA,0.0,0,-44.96,-36.47,[],0,0,[],[]
2422630,2423950,OCH,CXN,0.0,44,AIOCCXF,EC,0,NT,FI,0.0,0,-26.15,-15.16,[],0,0,[],[]
2423950,2424950,NA,NOF,0.0,45,pause,NA,NA,NA,NA,0.0,0,-20.08,-5.03,[],0,0,[],[]
2424950,2425990,NA,OLF,0.0,45,pause,NA,NA,NA,NA,0.0,0,-23.03,-8.71,[],0,0,[],[]
2425990,2426790,NA,NOF,0.0,45,pause,NA,NA,NA,NA,0.0,0,-42.95,-37.34,[],0,0,[],[]
2426790,2427600,NA,SIL,0.0,45,pause,NA,NA,NA,NA,0.0,0,-47.61,-43.47,[],0,0,[],[]
2427600,2429270,NA,OLF,0.0,45,pause,NA,NA,NA,NA,0.0,0,-28.85,-11.81,[],0,0,[],[]
2429270,2432770,NA,NOF,0.0,45,pause,NA,NA,NA,NA,0.0,0,-32.57,-11.41,[],0,0,[],[]
2432770,2433750,NA,SIL,0.0,45,pause,NA,NA,NA,NA,0.0,0,-51.33,-45.67,[],0,0,[],[]
2433750,2435160,NA,OLF,0.0,45,pause,NA,NA,NA,NA,0.0,0,-28.96,-14.61,[],0,0,[],[]
2435160,2435960,NA,CXF,0.0,45,pause,NA,NA,NA,NA,0.0,0,-48.04,-38.05,[],0,0,[],[]
2435960,2437110,NA,NON,0.0,45,pause,NA,NA,NA,NA,0.0,0,-35.94,-29.37,[],0,0,[],[]
2437110,2438310,NA,SIL,0.0,45,pause,NA,NA,NA,NA,0.0,0,-52.04,-42.25,[],0,0,[],[]
2438310,2440160,NA,NOF,0.0,45,pause,NA,NA,NA,NA,0.0,0,-40.37,-19.54,[],0,0,[],[]
2440160,2441040,NA,SIL,0.0,45,pause,NA,NA,NA,NA,0.0,0,-51.2,-41.85,[],0,0,[],[]
2441040,2442470,NA,NOF,0.0,45,pause,NA,NA,NA,NA,0.0,0,-45.28,-33.99,[],0,0,[],[]
2442470,2443490,NA,FAF,0.0,45,pause,NA,NA,NA,NA,0.0,0,-45.26,-35.36,[],0,0,[],[]
2443490,2447100,NA,NOF,0.0,45,pause,NA,NA,NA,NA,0.0,0,-33.41,-14.29,[],0,0,[],[]
2447100,2448120,NA,FAF,0.0,45,pause,NA,NA,NA,NA,0.0,0,-37.44,-25.4,[],0,0,[],[]
2448120,2448940,NA,OLN,0.0,45,pause,NA,NA,NA,NA,0.0,0,-27.46,-15.09,[],0,0,[],[]
2448940,2450730,NA,NOF,0.0,45,pause,NA,NA,NA,NA,0.0,0,-27.11,-8.97,[],0,0,[],[]
2450730,2451760,NA,SIL,0.0,45,pause,NA,NA,NA,NA,0.0,0,-51.62,-41.47,[],0,0,[],[]
2451760,2455650,NA,NOF,0.0,45,pause,NA,NA,NA,NA,0.0,0,-40.19,-22.14,[],0,0,[],[]
2455650,2456480,NA,SIL,0.0,45,pause,NA,NA,NA,NA,0.0,0,-52.59,-44.68,[],0,0,[],[]
2456480,2457280,NA,NON,0.0,45,pause,NA,NA,NA,NA,0.0,0,-18.24,-4.46,[],0,0,[],[]
2457280,2457880,FEM,FAN,0.0,45,pause,NA,NA,NA,NA,0.0,0,-30.14,-17.76,[],600,0,[],[]
2457880,2458930,NA,SIL,0.0,45,pause,NA,NA,NA,NA,0.0,0,-54.54,-46.98,[],0,0,[],[]
2458930,2461150,NA,NOF,0.0,45,pause,NA,NA,NA,NA,0.0,0,-37.61,-23.66,[],0,0,[],[]
2461150,2461810,CHI,CHN,0.0,45,pause,NA,NA,NA,NA,0.0,0,-28.93,-15.04,[],0,660,"[{'start': 2461.15, 'end': 2461.48}]","[{'start': 2461.48, 'end': 2461.81}]"
2461810,2462810,OCH,CXN,0.0,45,XM,EC,0,NT,FI,0.0,0,-30.87,-18.42,[],0,0,[],[]
2462810,2464040,NA,NOF,0.0,46,pause,NA,NA,NA,NA,0.0,0,-35.39,-21.39,[],0,0,[],[]
2464040,2464890,NA,OLF,0.0,46,pause,NA,NA,NA,NA,0.0,0,-42.23,-35.29,[],0,0,[],[]
2464890,2466720,NA,NOF,0.0,46,pause,NA,NA,NA,NA,0.0,0,-26.74,-12.96,[],0,0,[],[]
2466720,2467530,NA,OLF,0.0,46,pause,NA,NA,NA,NA,0.0,0,-39.78,-32.58,[],0,0,[],[]
2467530,2470930,NA,NOF,0.0,46,pause,NA,NA,NA,NA,0.0,0,-28.22,-5.76,[],0,0,[],[]
2470930,2472290,NA,SIL,0.0,46,pause,NA,NA,NA,NA,0.0,0,-50.91,-39.8,[],0,0,[],[]
2472290,2473300,NA,MAF,0.0,46,pause,NA,NA,NA,NA,0.0,0,-46.68,-35.87,[],0,0,[],[]
2473300,2475430,NA,NOF,0.0,46,pause,NA,NA,NA,NA,0.0,0,-34.96,-19.96,[],0,0,[],[]
2475430,2476360,NA,OLN,0.0,46,pause,NA,NA,NA,NA,0.0,0,-33.4,-22.22,[],0,0,[],[]
2476360,2484940,NA,NOF,0.0,46,pause,NA,NA,NA,NA,0.0,0,-34.57,-10.09,[],0,0,[],[]
2484940,2488240,NA,MAF,0.0,46,pause,NA,NA,NA,NA,0.0,0,-39.59,-22.81,[],0,0,[],[]
2488240,2489060,NA,NOF,0.0,46,pause,NA,NA,NA,NA,0.0,0,-18.44,-5.76,[],0,0,[],[]
2489060,2490090,MAL,MAN,0.0,46,pause,NA,NA,NA,NA,0.0,0,-39.37,-33.13,[],1030,0,[],[]
2490090,2492270,NA,NOF,0.0,46,pause,NA,NA,NA,NA,0.0,0,-41.41,-24.03,[],0,0,[],[]
2492270,2493220,NA,CXF,0.0,46,pause,NA,NA,NA,NA,0.0,0,-48.3,-42.16,[],0,0,[],[]
2493220,2495780,NA,NOF,0.0,46,pause,NA,NA,NA,NA,0.0,0,-43.06,-27.26,[],0,0,[],[]
2495780,2496590,NA,OLN,0.0,46,pause,NA,NA,NA,NA,0.0,0,-37.6,-31.01,[],0,0,[],[]
2496590,2500740,NA,NOF,0.0,46,pause,NA,NA,NA,NA,0.0,0,-34.07,-12.43,[],0,0,[],[]
2500740,2501390,OCH,CXN,0.0,46,XIOCA,BC,0,NT,FI,0.0,0,-30.4,-22.66,[],0,0,[],[]
2501390,2502980,NA,NOF,0.0,46,XIOCA,NA,NA,NA,NA,0.0,0,-40.71,-28.33,[],0,0,[],[]
2502980,2503580,FEM,FAN,3.7,46,XIOCA,EC,0,NT,FI,0.0,0,-39.43,-31.18,[],0,0,[],[]
2503580,2504420,NA,NOF,0.0,47,pause,NA,NA,NA,NA,0.0,0,-27.9,-13.07,[],0,0,[],[]
2504420,2505430,NA,FAF,0.0,47,pause,NA,NA,NA,NA,0.0,0,-38.57,-28.59,[],0,0,[],[]
2505430,2507370,NA,NOF,0.0,47,pause,NA,NA,NA,NA,0.0,0,-36.59,-24.68,[],0,0,[],[]
2507370,2508170,NA,SIL,0.0,47,pause,NA,NA,NA,NA,0.0,0,-48.88,-42.41,[],0,0,[],[]
2508170,2510450,NA,NOF,0.0,47,pause,NA,NA,NA,NA,0.0,0,-35.68,-19.82,[],0,0,[],[]
2510450,2511250,NA,OLF,0.0,47,pause,NA,NA,NA,NA,0.0,0,-22.31,-8.6,[],0,0,[],[]
2511250,2515360,NA,NOF,0.0,47,pause,NA,NA,NA,NA,0.0,0,-26.83,-4.51,[],0,0,[],[]
2515360,2516170,NA,OLN,0.0,47,pause,NA,NA,NA,NA,0.0,0,-21.47,-6.71,[],0,0,[],[]
2516170,2517000,NA,NOF,0.0,47,pause,NA,NA,NA,NA,0.0,0,-37.34,-25.77,[],0,0,[],[]
2517000,2517820,NA,SIL,0.0,47,pause,NA,NA,NA,NA,0.0,0,-42.27,-28.98,[],0,0,[],[]
2517820,2520440,NA,NOF,0.0,47,pause,NA,NA,NA,NA,0.0,0,-42.55,-27.34,[],0,0,[],[]
2520440,2521050,FEM,FAN,2.85,47,AMF,EC,0,NT,FI,0.0,0,-38.14,-30.54,[],0,0,[],[]
2521050,2523700,NA,NOF,0.0,48,pause,NA,NA,NA,NA,0.0,0,-32.97,-11.9,[],0,0,[],[]
2523700,2524350,NA,FAF,0.0,48,pause,NA,NA,NA,NA,0.0,0,-37.6,-30.55,[],0,0,[],[]
2524350,2526490,NA,NOF,0.0,48,pause,NA,NA,NA,NA,0.0,0,-32.02,-15.7,[],0,0,[],[]
2526490,2527090,NA,FAF,0.0,48,pause,NA,NA,NA,NA,0.0,0,-23.91,-12.7,[],0,0,[],[]
2527090,2528170,NA,NOF,0.0,48,pause,NA,NA,NA,NA,0.0,0,-37.68,-21.95,[],0,0,[],[]
2528170,2529110,NA,SIL,0.0,48,pause,NA,NA,NA,NA,0.0,0,-53.29,-44.79,[],0,0,[],[]
2529110,2529840,FEM,FAN,5.47,48,AMF,BC,0,NT,FI,0.0,0,-29.55,-17.55,[],0,0,[],[]
2529840,2531200,NA,NOF,0.0,48,AMF,NA,NA,NA,NA,0.0,0,-48.26,-41.19,[],0,0,[],[]
2531200,2532200,FEM,FAN,4.27,48,AMF,EC,0,NT,FH,0.0,0,-40.72,-30.0,[],0,0,[],[]
2532200,2535600,NA,NOF,0.0,49,pause,NA,NA,NA,NA,0.0,0,-32.74,-9.86,[],0,0,[],[]
2535600,2536430,NA,SIL,0.0,49,pause,NA,NA,NA,NA,0.0,0,-56.37,-50.45,[],0,0,[],[]
2536430,2538460,NA,OLF,0.0,49,pause,NA,NA,NA,NA,0.0,0,-29.22,-14.29,[],0,0,[],[]
2538460,2539260,NA,SIL,0.0,49,pause,NA,NA,NA,NA,0.0,0,-48.22,-37.36,[],0,0,[],[]
2539260,2543520,NA,NOF,0.0,49,pause,NA,NA,NA,NA,0.0,0,-26.23,-4.8,[],0,0,[],[]
2543520,2544330,NA,SIL,0.0,49,pause,NA,NA,NA,NA,0.0,0,-49.02,-43.2,[],0,0,[],[]
2544330,2545310,NA,NOF,0.0,49,pause,NA,NA,NA,NA,0.0,0,-40.06,-26.97,[],0,0,[],[]
2545310,2546190,NA,OLF,0.0,49,pause,NA,NA,NA,NA,0.0,0,-35.54,-24.62,[],0,0,[],[]
2546190,2546990,NA,SIL,0.0,49,pause,NA,NA,NA,NA,0.0,0,-40.08,-25.97,[],0,0,[],[]
2546990,2547790,NA,FAF,0.0,49,pause,NA,NA,NA,NA,0.0,0,-40.47,-25.53,[],0,0,[],[]
2547790,2548640,NA,OLF,0.0,49,pause,NA,NA,NA,NA,0.0,0,-36.96,-25.55,[],0,0,[],[]
2548640,2549440,NA,NOF,0.0,49,pause,NA,NA,NA,NA,0.0,0,-43.68,-28.91,[],0,0,[],[]
2549440,2550240,NA,SIL,0.0,49,pause,NA,NA,NA,NA,0.0,0,-50.17,-44.11,[],0,0,[],[]
2550240,2550960,OCH,CXN,0.0,49,XM,EC,0,NT,FI,0.0,0,-30.11,-20.59,[],0,0,[],[]
2550960,2554400,NA,NOF,0.0,50,pause,NA,NA,NA,NA,0.0,0,-33.47,-18.03,[],0,0,[],[]
2554400,2556840,NA,SIL,0.0,50,pause,NA,NA,NA,NA,0.0,0,-54.38,-42.51,[],0,0,[],[]
2556840,2557950,NA,NOF,0.0,50,pause,NA,NA,NA,NA,0.0,0,-36.94,-23.63,[],0,0,[],[]
2557950,2559000,NA,OLF,0.0,50,pause,NA,NA,NA,NA,0.0,0,-37.63,-24.5,[],0,0,[],[]
2559000,2560900,NA,SIL,0.0,50,pause,NA,NA,NA,NA,0.0,0,-50.6,-36.97,[],0,0,[],[]
2560900,2561870,NA,OLN,0.0,50,pause,NA,NA,NA,NA,0.0,0,-22.55,-8.68,[],0,0,[],[]
2561870,2564200,NA,NOF,0.0,50,pause,NA,NA,NA,NA,0.0,0,-33.82,-21.37,[],0,0,[],[]
2564200,2565000,NA,SIL,0.0,50,pause,NA,NA,NA,NA,0.0,0,-36.49,-25.37,[],0,0,[],[]
2565000,2567360,NA,NOF,0.0,50,pause,NA,NA,NA,NA,0.0,0,-35.63,-21.0,[],0,0,[],[]
2567360,2568560,NA,SIL,0.0,50,pause,NA,NA,NA,NA,0.0,0,-46.5,-32.57,[],0,0,[],[]
2568560,2569360,NA,NOF,0.0,50,pause,NA,NA,NA,NA,0.0,0,-25.81,-15.04,[],0,0,[],[]
2569360,2570300,NA,SIL,0.0,50,pause,NA,NA,NA,NA,0.0,0,-44.23,-28.63,[],0,0,[],[]
2570300,2572450,NA,MAF,0.0,50,pause,NA,NA,NA,NA,0.0,0,-40.07,-28.32,[],0,0,[],[]
2572450,2573250,NA,SIL,0.0,50,pause,NA,NA,NA,NA,0.0,0,-44.83,-31.01,[],0,0,[],[]
2573250,2574330,NA,NOF,0.0,50,pause,NA,NA,NA,NA,0.0,0,-27.09,-11.08,[],0,0,[],[]
2574330,2576190,NA,OLF,0.0,50,pause,NA,NA,NA,NA,0.0,0,-26.77,-12.24,[],0,0,[],[]
2576190,2579450,NA,SIL,0.0,50,pause,NA,NA,NA,NA,0.0,0,-40.52,-18.98,[],0,0,[],[]
2579450,2580250,NA,NOF,0.0,50,pause,NA,NA,NA,NA,0.0,0,-48.89,-39.98,[],0,0,[],[]
2580250,2581520,NA,SIL,0.0,50,pause,NA,NA,NA,NA,0.0,0,-48.48,-38.53,[],0,0,[],[]
2581520,2584680,NA,NOF,0.0,50,pause,NA,NA,NA,NA,0.0,0,-37.99,-22.26,[],0,0,[],[]
2584680,2585480,NA,SIL,0.0,50,pause,NA,NA,NA,NA,0.0,0,-49.92,-40.6,[],0,0,[],[]
2585480,2594590,NA,NOF,0.0,50,pause,NA,NA,NA,NA,0.0,0,-35.81,-16.41,[],0,0,[],[]
2594590,2595390,NA,OLF,0.0,50,pause,NA,NA,NA,NA,0.0,0,-36.3,-26.54,[],0,0,[],[]
2595390,2596830,NA,NOF,0.0,50,pause,NA,NA,NA,NA,0.0,0,-42.48,-27.08,[],0,0,[],[]
2596830,2597630,NA,OLF,0.0,50,pause,NA,NA,NA,NA,0.0,0,-23.1,-7.56,[],0,0,[],[]
2597630,2601230,NA,NOF,0.0,50,pause,NA,NA,NA,NA,0.0,0,-29.95,-7.23,[],0,0,[],[]
2601230,2602280,NA,OLF,0.0,50,pause,NA,NA,NA,NA,0.0,0,-11.19,-0.41,[],0,0,[],[]
2602280,2605140,NA,NOF,0.0,50,pause,NA,NA,NA,NA,0.0,0,-20.92,-8.01,[],0,0,[],[]
2605140,2605940,NA,SIL,0.0,50,pause,NA,NA,NA,NA,0.0,0,-42.07,-38.69,[],0,0,[],[]
2605940,2607140,NA,NOF,0.0,50,pause,NA,NA,NA,NA,0.0,0,-34.43,-18.98,[],0,0,[],[]
2607140,2607980,NA,SIL,0.0,50,pause,NA,NA,NA,NA,0.0,0,-42.72,-30.69,[],0,0,[],[]
2607980,2609040,NA,NOF,0.0,50,pause,NA,NA,NA,NA,0.0,0,-21.58,-6.14,[],0,0,[],[]
2609040,2609840,NA,SIL,0.0,50,pause,NA,NA,NA,NA,0.0,0,-34.17,-20.32,[],0,0,[],[]
2609840,2612010,NA,OLF,0.0,50,pause,NA,NA,NA,NA,0.0,0,-24.03,-6.11,[],0,0,[],[]
2612010,2612810,NA,SIL,0.0,50,pause,NA,NA,NA,NA,0.0,0,-46.14,-35.11,[],0,0,[],[]
2612810,2613610,NA,OLF,0.0,50,pause,NA,NA,NA,NA,0.0,0,-24.26,-13.64,[],0,0,[],[]
2613610,2615550,NA,NOF,0.0,50,pause,NA,NA,NA,NA,0.0,0,-44.13,-29.21,[],0,0,[],[]
2615550,2618050,NA,SIL,0.0,50,pause,NA,NA,NA,NA,0.0,0,-47.31,-32.58,[],0,0,[],[]
2618050,2618930,NA,NOF,0.0,50,pause,NA,NA,NA,NA,0.0,0,-42.3,-24.94,[],0,0,[],[]
2618930,2621470,NA,SIL,0.0,50,pause,NA,NA,NA,NA,0.0,0,-54.34,-41.86,[],0,0,[],[]
2621470,2622600,NA,NOF,0.0,50,pause,NA,NA,NA,NA,0.0,0,-47.83,-36.21,[],0,0,[],[]
2622600,2625530,NA,SIL,0.0,50,pause,NA,NA,NA,NA,0.0,0,-55.15,-43.95,[],0,0,[],[]
2625530,2627210,NA,NOF,0.0,50,pause,NA,NA,NA,NA,0.0,0,-48.4,-37.07,[],0,0,[],[]
2627210,2628190,NA,SIL,0.0,50,pause,NA,NA,NA,NA,0.0,0,-52.79,-44.7,[],0,0,[],[]
2628190,2629070,NA,NOF,0.0,50,pause,NA,NA,NA,NA,0.0,0,-49.75,-43.26,[],0,0,[],[]
2629070,2629960,NA,SIL,0.0,50,pause,NA,NA,NA,NA,0.0,0,-50.95,-36.14,[],0,0,[],[]
2629960,2639060,NA,NOF,0.0,50,pause,NA,NA,NA,NA,0.0,0,-38.98,-18.66,[],0,0,[],[]
2639060,2639890,NA,SIL,0.0,50,pause,NA,NA,NA,NA,0.0,0,-39.54,-27.67,[],0,0,[],[]
2639890,2641140,NA,NOF,0.0,50,pause,NA,NA,NA,NA,0.0,0,-42.5,-34.37,[],0,0,[],[]
2641140,2642900,NA,SIL,0.0,50,pause,NA,NA,NA,NA,0.0,0,-46.75,-32.2,[],0,0,[],[]
2642900,2644330,NA,NOF,0.0,50,pause,NA,NA,NA,NA,0.0,0,-48.82,-40.27,[],0,0,[],[]
2644330,2645290,NA,SIL,0.0,50,pause,NA,NA,NA,NA,0.0,0,-53.09,-41.22,[],0,0,[],[]
2645290,2646270,NA,NOF,0.0,50,pause,NA,NA,NA,NA,0.0,0,-48.79,-40.43,[],0,0,[],[]
2646270,2647070,NA,SIL,0.0,50,pause,NA,NA,NA,NA,0.0,0,-47.8,-37.73,[],0,0,[],[]
2647070,2648960,NA,NOF,0.0,50,pause,NA,NA,NA,NA,0.0,0,-47.19,-35.77,[],0,0,[],[]
2648960,2649850,CHI,CHN,0.0,50,CIOCAX,BC,0,NT,FI,1.0,170,-28.31,-19.75,"[{'Canonical-syllable': '0', 'Growl': '0', 'High-freq-energy': '0', 'Long-island': '0', 'Low-tilt-spectrum': '1', 'Medium-island': '0', 'Short-island': '1', 'Squeal': '0', 'Typical-entropy': '1', 'Voicing-quality': '1', 'Wide-band': '0', 'Xlong-island': '0', 'seq': '1', 'end': 2649.85, 'start': 2649.68}]",0,0,[],[]
2649850,2650880,OCH,CXN,0.0,50,CIOCAX,RC,0,NT,FI,0.0,0,-25.11,-19.22,[],0,0,[],[]
2650880,2651930,OCH,CXN,0.0,50,CIOCAX,RC,0,NT,FH,0.0,0,-26.41,-19.51,[],0,0,[],[]
2651930,2653630,NA,OLN,0.0,50,CIOCAX,NA,NA,NA,NA,0.0,0,-34.51,-19.55,[],0,0,[],[]
2653630,2654580,NA,MAF,0.0,50,CIOCAX,NA,NA,NA,NA,0.0,0,-43.79,-34.62,[],0,0,[],[]
2654580,2656260,OCH,CXN,0.0,50,CIOCAX,RC,0,NT,FH,0.0,0,-23.74,-16.62,[],0,0,[],[]
2656260,2658060,FEM,FAN,6.12,50,CIOCAX,RC,0,NT,FI,0.0,0,-31.72,-19.94,[],0,0,[],[]
2658060,2659320,NA,SIL,0.0,50,CIOCAX,NA,NA,NA,NA,0.0,0,-54.34,-50.35,[],0,0,[],[]
2659320,2660340,FEM,FAN,5.33,50,CIOCAX,RC,0,NT,FH,0.0,0,-42.38,-35.46,[],0,0,[],[]
2660340,2661140,NA,CXF,0.0,50,CIOCAX,NA,NA,NA,NA,0.0,0,-40.03,-30.57,[],0,0,[],[]
2661140,2662740,NA,SIL,0.0,50,CIOCAX,NA,NA,NA,NA,0.0,0,-53.08,-46.28,[],0,0,[],[]
2662740,2664020,FEM,FAN,5.54,50,CIOCAX,RC,0,NT,FH,0.0,0,-38.51,-32.33,[],0,0,[],[]
2664020,2667910,OCH,CXN,0.0,50,CIOCAX,RC,0,NT,FI,0.0,0,-28.57,-16.84,[],0,0,[],[]
2667910,2668960,NA,NOF,0.0,50,CIOCAX,NA,NA,NA,NA,0.0,0,-48.12,-41.05,[],0,0,[],[]
2668960,2670720,OCH,CXN,0.0,50,CIOCAX,EC,0,NT,FH,0.0,0,-30.23,-21.04,[],0,0,[],[]
2670720,2671610,NA,SIL,0.0,51,pause,NA,NA,NA,NA,0.0,0,-50.4,-41.66,[],0,0,[],[]
2671610,2677930,NA,NOF,0.0,51,pause,NA,NA,NA,NA,0.0,0,-49.55,-35.94,[],0,0,[],[]
2677930,2679790,NA,SIL,0.0,51,pause,NA,NA,NA,NA,0.0,0,-55.74,-46.14,[],0,0,[],[]
2679790,2680590,OCH,CXN,0.0,51,XM,BC,0,NT,FI,0.0,0,-43.11,-37.03,[],0,0,[],[]
2680590,2681390,NA,SIL,0.0,51,XM,NA,NA,NA,NA,0.0,0,-51.98,-43.99,[],0,0,[],[]
2681390,2683270,NA,NOF,0.0,51,XM,NA,NA,NA,NA,0.0,0,-45.89,-36.0,[],0,0,[],[]
2683270,2684130,OCH,CXN,0.0,51,XM,EC,0,NT,FH,0.0,0,-22.07,-10.87,[],0,0,[],[]
2684130,2686150,NA,NOF,0.0,52,pause,NA,NA,NA,NA,0.0,0,-47.36,-37.55,[],0,0,[],[]
2686150,2686960,NA,OLF,0.0,52,pause,NA,NA,NA,NA,0.0,0,-44.96,-36.61,[],0,0,[],[]
2686960,2688790,NA,NOF,0.0,52,pause,NA,NA,NA,NA,0.0,0,-39.57,-23.18,[],0,0,[],[]
2688790,2690760,NA,OLN,0.0,52,pause,NA,NA,NA,NA,0.0,0,-24.26,-5.51,[],0,0,[],[]
2690760,2691650,NA,NOF,0.0,52,pause,NA,NA,NA,NA,0.0,0,-32.02,-19.25,[],0,0,[],[]
2691650,2692680,NA,OLN,0.0,52,pause,NA,NA,NA,NA,0.0,0,-21.24,-5.97,[],0,0,[],[]
2692680,2696090,NA,NOF,0.0,52,pause,NA,NA,NA,NA,0.0,0,-30.85,-14.38,[],0,0,[],[]
2696090,2699040,NA,OLF,0.0,52,pause,NA,NA,NA,NA,0.0,0,-28.17,-7.25,[],0,0,[],[]
2699040,2702240,NA,NOF,0.0,52,pause,NA,NA,NA,NA,0.0,0,-21.38,-4.15,[],0,0,[],[]
2702240,2703150,NA,OLN,0.0,52,pause,NA,NA,NA,NA,0.0,0,-21.9,-7.68,[],0,0,[],[]
2703150,2703950,OCH,CXN,0.0,52,XM,BC,0,NT,FI,0.0,0,-24.2,-12.29,[],0,0,[],[]
2703950,2705020,NA,OLN,0.0,52,XM,NA,NA,NA,NA,0.0,0,-16.12,-3.98,[],0,0,[],[]
2705020,2705930,OCH,CXN,0.0,52,XM,EC,0,NT,FH,0.0,0,-28.97,-18.02,[],0,0,[],[]
2705930,2706770,NA,NOF,0.0,53,pause,NA,NA,NA,NA,0.0,0,-39.66,-28.71,[],0,0,[],[]
2706770,2708780,NA,OLN,0.0,53,pause,NA,NA,NA,NA,0.0,0,-28.36,-10.34,[],0,0,[],[]
2708780,2709660,NA,NOF,0.0,53,pause,NA,NA,NA,NA,0.0,0,-25.7,-12.98,[],0,0,[],[]
2709660,2715340,NA,OLN,0.0,53,pause,NA,NA,NA,NA,0.0,0,-21.31,-4.76,[],0,0,[],[]
2715340,2716280,NA,NOF,0.0,53,pause,NA,NA,NA,NA,0.0,0,-18.41,-6.4,[],0,0,[],[]
2716280,2717560,NA,OLN,0.0,53,pause,NA,NA,NA,NA,0.0,0,-20.82,-3.78,[],0,0,[],[]
2717560,2720290,NA,NOF,0.0,53,pause,NA,NA,NA,NA,0.0,0,-20.15,-5.13,[],0,0,[],[]
2720290,2721330,NA,OLN,0.0,53,pause,NA,NA,NA,NA,0.0,0,-29.73,-22.68,[],0,0,[],[]
2721330,2722180,OCH,CXN,0.0,53,XM,EC,0,NT,FI,0.0,0,-29.88,-21.89,[],0,0,[],[]
2722180,2725520,NA,NOF,0.0,54,pause,NA,NA,NA,NA,0.0,0,-24.14,-5.38,[],0,0,[],[]
2725520,2726610,NA,OLN,0.0,54,pause,NA,NA,NA,NA,0.0,0,-20.62,-5.51,[],0,0,[],[]
2726610,2729120,NA,NOF,0.0,54,pause,NA,NA,NA,NA,0.0,0,-26.29,-7.27,[],0,0,[],[]
2729120,2730000,NA,OLF,0.0,54,pause,NA,NA,NA,NA,0.0,0,-28.64,-21.35,[],0,0,[],[]
2730000,2732940,NA,NOF,0.0,54,pause,NA,NA,NA,NA,0.0,0,-27.19,-6.59,[],0,0,[],[]
2732940,2734130,NA,OLF,0.0,54,pause,NA,NA,NA,NA,0.0,0,-39.57,-31.88,[],0,0,[],[]
2734130,2735350,NA,NOF,0.0,54,pause,NA,NA,NA,NA,0.0,0,-31.3,-14.04,[],0,0,[],[]
2735350,2735950,NA,OLF,0.0,54,pause,NA,NA,NA,NA,0.0,0,-42.65,-36.15,[],0,0,[],[]
2735950,2737040,NA,NOF,0.0,54,pause,NA,NA,NA,NA,0.0,0,-48.04,-40.01,[],0,0,[],[]
2737040,2737840,NA,SIL,0.0,54,pause,NA,NA,NA,NA,0.0,0,-48.03,-36.71,[],0,0,[],[]
2737840,2739980,NA,NOF,0.0,54,pause,NA,NA,NA,NA,0.0,0,-40.55,-25.78,[],0,0,[],[]
2739980,2740780,NA,OLN,0.0,54,pause,NA,NA,NA,NA,0.0,0,-19.24,-5.2,[],0,0,[],[]
2740780,2742230,NA,NOF,0.0,54,pause,NA,NA,NA,NA,0.0,0,-20.15,-4.65,[],0,0,[],[]
2742230,2743030,NA,CXF,0.0,54,pause,NA,NA,NA,NA,0.0,0,-36.27,-25.56,[],0,0,[],[]
2743030,2743930,NA,OLF,0.0,54,pause,NA,NA,NA,NA,0.0,0,-18.79,-3.3,[],0,0,[],[]
2743930,2744880,NA,SIL,0.0,54,pause,NA,NA,NA,NA,0.0,0,-46.6,-31.08,[],0,0,[],[]
2744880,2745920,NA,NOF,0.0,54,pause,NA,NA,NA,NA,0.0,0,-43.14,-27.8,[],0,0,[],[]
2745920,2746720,NA,SIL,0.0,54,pause,NA,NA,NA,NA,0.0,0,-49.92,-41.6,[],0,0,[],[]
2746720,2748340,NA,NOF,0.0,54,pause,NA,NA,NA,NA,0.0,0,-37.9,-24.28,[],0,0,[],[]
2748340,2748940,NA,CHF,0.0,54,pause,NA,NA,NA,NA,0.0,0,-40.87,-33.95,[],0,600,[],"[{'start': 2748.34, 'end': 2748.94}]"
2748940,2750930,NA,NON,0.0,54,pause,NA,NA,NA,NA,0.0,0,-33.76,-14.37,[],0,0,[],[]
2750930,2751730,OCH,CXN,0.0,54,XM,BC,0,NT,FI,0.0,0,-37.05,-28.41,[],0,0,[],[]
2751730,2752730,NA,FAF,0.0,54,XM,NA,NA,NA,NA,0.0,0,-42.67,-32.7,[],0,0,[],[]
2752730,2753330,OCH,CXN,0.0,54,XM,EC,0,NT,FH,0.0,0,-36.62,-28.78,[],0,0,[],[]
2753330,2754160,NA,CXF,0.0,55,pause,NA,NA,NA,NA,0.0,0,-43.81,-35.09,[],0,0,[],[]
2754160,2755560,NA,MAF,0.0,55,pause,NA,NA,NA,NA,0.0,0,-42.24,-29.61,[],0,0,[],[]
2755560,2756360,NA,OLN,0.0,55,pause,NA,NA,NA,NA,0.0,0,-24.98,-14.01,[],0,0,[],[]
2756360,2757590,NA,FAF,0.0,55,pause,NA,NA,NA,NA,0.0,0,-48.37,-34.71,[],0,0,[],[]
2757590,2758480,NA,NOF,0.0,55,pause,NA,NA,NA,NA,0.0,0,-45.27,-31.34,[],0,0,[],[]
2758480,2759310,NA,SIL,0.0,55,pause,NA,NA,NA,NA,0.0,0,-59.72,-48.37,[],0,0,[],[]
2759310,2760340,NA,MAF,0.0,55,pause,NA,NA,NA,NA,0.0,0,-42.52,-27.71,[],0,0,[],[]
2760340,2761350,NA,NOF,0.0,55,pause,NA,NA,NA,NA,0.0,0,-23.61,-4.96,[],0,0,[],[]
2761350,2762160,NA,OLF,0.0,55,pause,NA,NA,NA,NA,0.0,0,-28.77,-17.32,[],0,0,[],[]
2762160,2763180,NA,FAF,0.0,55,pause,NA,NA,NA,NA,0.0,0,-41.08,-27.24,[],0,0,[],[]
2763180,2763980,NA,OLN,0.0,55,pause,NA,NA,NA,NA,0.0,0,-18.37,-6.47,[],0,0,[],[]
2763980,2765130,NA,NOF,0.0,55,pause,NA,NA,NA,NA,0.0,0,-46.32,-35.86,[],0,0,[],[]
2765130,2766580,NA,SIL,0.0,55,pause,NA,NA,NA,NA,0.0,0,-50.8,-35.89,[],0,0,[],[]
2766580,2767180,NA,NOF,0.0,55,pause,NA,NA,NA,NA,0.0,0,-44.61,-28.99,[],0,0,[],[]
2767180,2769260,NA,SIL,0.0,55,pause,NA,NA,NA,NA,0.0,0,-56.9,-48.74,[],0,0,[],[]
2769260,2769860,NA,FAF,0.0,55,pause,NA,NA,NA,NA,0.0,0,-43.49,-33.53,[],0,0,[],[]
2769860,2770660,NA,NOF,0.0,55,pause,NA,NA,NA,NA,0.0,0,-46.22,-40.6,[],0,0,[],[]
2770660,2777670,NA,SIL,0.0,55,pause,NA,NA,NA,NA,0.0,0,-54.06,-39.63,[],0,0,[],[]
2777670,2778270,NA,NOF,0.0,55,pause,NA,NA,NA,NA,0.0,0,-50.02,-44.27,[],0,0,[],[]
2778270,2780650,NA,SIL,0.0,55,pause,NA,NA,NA,NA,0.0,0,-51.0,-28.73,[],0,0,[],[]
2780650,2781810,NA,FAF,0.0,55,pause,NA,NA,NA,NA,0.0,0,-40.85,-24.53,[],0,0,[],[]
2781810,2782610,NA,SIL,0.0,55,pause,NA,NA,NA,NA,0.0,0,-51.12,-41.44,[],0,0,[],[]
2782610,2783210,NA,CHF,0.0,55,pause,NA,NA,NA,NA,0.0,0,-36.9,-21.83,[],0,90,"[{'start': 2782.61, 'end': 2782.7}]",[]
2783210,2784540,NA,SIL,0.0,55,pause,NA,NA,NA,NA,0.0,0,-45.31,-25.37,[],0,0,[],[]
2784540,2785750,FEM,FAN,2.37,55,AMF,EC,0,NT,FI,0.0,0,-36.35,-18.82,[],0,0,[],[]
2785750,2786740,NA,SIL,0.0,56,pause,NA,NA,NA,NA,0.0,0,-53.06,-46.84,[],0,0,[],[]
2786740,2787790,NA,FAF,0.0,56,pause,NA,NA,NA,NA,0.0,0,-45.83,-38.96,[],0,0,[],[]
2787790,2789150,NA,NOF,0.0,56,pause,NA,NA,NA,NA,0.0,0,-38.09,-21.62,[],0,0,[],[]
2789150,2790210,NA,SIL,0.0,56,pause,NA,NA,NA,NA,0.0,0,-52.85,-38.61,[],0,0,[],[]
2790210,2791480,NA,FAF,0.0,56,pause,NA,NA,NA,NA,0.0,0,-51.16,-37.83,[],0,0,[],[]
2791480,2792400,NA,SIL,0.0,56,pause,NA,NA,NA,NA,0.0,0,-54.85,-46.62,[],0,0,[],[]
2792400,2793270,NA,NOF,0.0,56,pause,NA,NA,NA,NA,0.0,0,-23.8,-11.16,[],0,0,[],[]
2793270,2794750,NA,SIL,0.0,56,pause,NA,NA,NA,NA,0.0,0,-51.16,-42.38,[],0,0,[],[]
2794750,2796220,NA,NOF,0.0,56,pause,NA,NA,NA,NA,0.0,0,-23.78,-4.7,[],0,0,[],[]
2796220,2797750,NA,SIL,0.0,56,pause,NA,NA,NA,NA,0.0,0,-55.36,-41.66,[],0,0,[],[]
2797750,2799070,NA,FAF,0.0,56,pause,NA,NA,NA,NA,0.0,0,-50.1,-34.34,[],0,0,[],[]
2799070,2800060,NA,SIL,0.0,56,pause,NA,NA,NA,NA,0.0,0,-52.42,-44.11,[],0,0,[],[]
2800060,2801430,NA,FAF,0.0,56,pause,NA,NA,NA,NA,0.0,0,-49.53,-37.95,[],0,0,[],[]
2801430,2802740,NA,SIL,0.0,56,pause,NA,NA,NA,NA,0.0,0,-54.01,-45.49,[],0,0,[],[]
2802740,2803540,NA,CXF,0.0,56,pause,NA,NA,NA,NA,0.0,0,-45.1,-37.54,[],0,0,[],[]
2803540,2810130,NA,SIL,0.0,56,pause,NA,NA,NA,NA,0.0,0,-57.29,-42.32,[],0,0,[],[]
2810130,2811610,NA,FAF,0.0,56,pause,NA,NA,NA,NA,0.0,0,-52.42,-41.06,[],0,0,[],[]
2811610,2813930,NA,SIL,0.0,56,pause,NA,NA,NA,NA,0.0,0,-57.04,-43.68,[],0,0,[],[]
2813930,2815070,CHI,CHN,0.0,56,CIC,BC,0,TIFI,FI,2.0,640,-21.59,-12.79,"[{'Canonical-syllable': '0', 'Growl': '1', 'High-freq-energy': '0', 'Long-island': '0', 'Low-tilt-spectrum': '0', 'Medium-island': '0', 'Short-island': '0', 'Squeal': '0', 'Typical-entropy': '0', 'Voicing-quality': '1', 'Wide-band': '1', 'Xlong-island': '0', 'seq': '1', 'end': 2814.05, 'start': 2813.93}, {'Canonical-syllable': '1', 'Growl': '0', 'High-freq-energy': '0', 'Long-island': '0', 'Low-tilt-spectrum': '0', 'Medium-island': '1', 'Short-island': '0', 'Squeal': '0', 'Typical-entropy': '0', 'Voicing-quality': '1', 'Wide-band': '0', 'Xlong-island': '0', 'seq': '2', 'end': 2815.07, 'start': 2814.55}]",0,0,[],[]
2815070,2816070,FEM,FAN,10.23,56,CIC,RC,1,TIFR,FI,0.0,0,-34.59,-26.75,[],0,0,[],[]
2816070,2817850,NA,SIL,0.0,56,CIC,NA,NA,NA,NA,0.0,0,-56.38,-46.17,[],0,0,[],[]
2817850,2819230,FEM,FAN,10.95,56,CIC,RC,1,NT,FH,0.0,0,-32.95,-25.59,[],0,0,[],[]
2819230,2820200,NA,SIL,0.0,56,CIC,NA,NA,NA,NA,0.0,0,-55.47,-50.2,[],0,0,[],[]
2820200,2821750,NA,FAF,0.0,56,CIC,NA,NA,NA,NA,0.0,0,-45.02,-38.44,[],0,0,[],[]
2821750,2822550,NA,SIL,0.0,56,CIC,NA,NA,NA,NA,0.0,0,-47.08,-32.99,[],0,0,[],[]
2822550,2823840,FEM,FAN,5.04,56,CIC,RC,1,NT,FH,0.0,0,-37.98,-27.72,[],0,0,[],[]
2823840,2825050,NA,SIL,0.0,56,CIC,NA,NA,NA,NA,0.0,0,-54.51,-45.56,[],0,0,[],[]
2825050,2826020,NA,NOF,0.0,56,CIC,NA,NA,NA,NA,0.0,0,-48.96,-41.56,[],0,0,[],[]
2826020,2827020,FEM,FAN,5.82,56,CIC,RC,1,NT,FH,0.0,0,-29.47,-21.68,[],0,0,[],[]
2827020,2829650,NA,SIL,0.0,56,CIC,NA,NA,NA,NA,0.0,0,-52.16,-31.42,[],0,0,[],[]
2829650,2831390,FEM,FAN,7.38,56,CIC,RC,1,NT,FH,0.0,0,-38.51,-27.06,[],0,0,[],[]
2831390,2832550,NA,SIL,0.0,56,CIC,NA,NA,NA,NA,0.0,0,-60.57,-54.25,[],0,0,[],[]
2832550,2833350,FEM,FAN,3.51,56,CIC,RC,1,NT,FH,0.0,0,-39.35,-30.04,[],0,0,[],[]
2833350,2835660,NA,SIL,0.0,56,CIC,NA,NA,NA,NA,0.0,0,-54.82,-40.63,[],0,0,[],[]
2835660,2836260,MAL,MAN,0.0,56,CIC,NA,NA,NA,NA,0.0,0,-31.05,-17.85,[],600,0,[],[]
2836260,2837270,FEM,FAN,5.4,56,CIC,EC,1,NT,FH,0.0,0,-35.24,-27.15,[],0,0,[],[]
2837270,2839510,NA,SIL,0.0,57,pause,NA,NA,NA,NA,0.0,0,-37.5,-18.89,[],0,0,[],[]
2839510,2840580,NA,MAF,0.0,57,pause,NA,NA,NA,NA,0.0,0,-44.8,-32.06,[],0,0,[],[]
2840580,2842560,NA,SIL,0.0,57,pause,NA,NA,NA,NA,0.0,0,-55.91,-45.3,[],0,0,[],[]
2842560,2845160,FEM,FAN,9.41,57,AMF,BC,0,NT,FI,0.0,0,-33.97,-20.21,[],0,0,[],[]
2845160,2845980,NA,SIL,0.0,57,AMF,NA,NA,NA,NA,0.0,0,-48.25,-38.04,[],0,0,[],[]
2845980,2848730,FEM,FAN,12.49,57,AMF,RC,0,NT,FH,0.0,0,-25.12,-11.18,[],0,0,[],[]
2848730,2850070,NA,MAF,0.0,57,AMF,NA,NA,NA,NA,0.0,0,-44.59,-31.46,[],0,0,[],[]
2850070,2850980,NA,OLN,0.0,57,AMF,NA,NA,NA,NA,0.0,0,-23.83,-10.81,[],0,0,[],[]
2850980,2852290,NA,SIL,0.0,57,AMF,NA,NA,NA,NA,0.0,0,-57.18,-48.19,[],0,0,[],[]
2852290,2854030,FEM,FAN,4.57,57,AMF,EC,0,NT,FH,0.0,0,-41.24,-29.96,[],0,0,[],[]
2854030,2855930,NA,NOF,0.0,58,pause,NA,NA,NA,NA,0.0,0,-33.95,-17.14,[],0,0,[],[]
2855930,2857380,NA,SIL,0.0,58,pause,NA,NA,NA,NA,0.0,0,-54.59,-39.68,[],0,0,[],[]
2857380,2858600,NA,NOF,0.0,58,pause,NA,NA,NA,NA,0.0,0,-48.24,-39.37,[],0,0,[],[]
2858600,2859420,NA,SIL,0.0,58,pause,NA,NA,NA,NA,0.0,0,-51.91,-42.07,[],0,0,[],[]
2859420,2860420,NA,FAF,0.0,58,pause,NA,NA,NA,NA,0.0,0,-40.61,-33.5,[],0,0,[],[]
2860420,2861220,NA,NOF,0.0,58,pause,NA,NA,NA,NA,0.0,0,-32.28,-18.0,[],0,0,[],[]
2861220,2862230,OCH,CXN,0.0,58,XIOCA,BC,0,NT,FI,0.0,0,-23.21,-15.36,[],0,0,[],[]
2862230,2864030,FEM,FAN,6.81,58,XIOCA,EC,0,NT,FI,0.0,0,-35.09,-23.98,[],0,0,[],[]
2864030,2865420,NA,SIL,0.0,59,pause,NA,NA,NA,NA,0.0,0,-52.43,-34.93,[],0,0,[],[]
2865420,2866480,NA,OLF,0.0,59,pause,NA,NA,NA,NA,0.0,0,-20.63,-7.01,[],0,0,[],[]
2866480,2867320,NA,SIL,0.0,59,pause,NA,NA,NA,NA,0.0,0,-52.33,-43.07,[],0,0,[],[]
2867320,2868320,NA,FAF,0.0,59,pause,NA,NA,NA,NA,0.0,0,-40.61,-26.42,[],0,0,[],[]
2868320,2869120,NA,SIL,0.0,59,pause,NA,NA,NA,NA,0.0,0,-52.42,-43.33,[],0,0,[],[]
2869120,2869930,NA,OLF,0.0,59,pause,NA,NA,NA,NA,0.0,0,-34.33,-21.18,[],0,0,[],[]
2869930,2871310,NA,NOF,0.0,59,pause,NA,NA,NA,NA,0.0,0,-31.85,-15.2,[],0,0,[],[]
2871310,2873390,NA,SIL,0.0,59,pause,NA,NA,NA,NA,0.0,0,-56.02,-45.02,[],0,0,[],[]
2873390,2874470,NA,MAF,0.0,59,pause,NA,NA,NA,NA,0.0,0,-31.0,-14.44,[],0,0,[],[]
2874470,2875290,NA,NOF,0.0,59,pause,NA,NA,NA,NA,0.0,0,-38.06,-25.54,[],0,0,[],[]
2875290,2876290,NA,FAF,0.0,59,pause,NA,NA,NA,NA,0.0,0,-49.56,-38.74,[],0,0,[],[]
2876290,2877090,NA,SIL,0.0,59,pause,NA,NA,NA,NA,0.0,0,-55.98,-45.82,[],0,0,[],[]
2877090,2881050,NA,FAF,0.0,59,pause,NA,NA,NA,NA,0.0,0,-32.23,-8.18,[],0,0,[],[]
2881050,2883030,NA,SIL,0.0,59,pause,NA,NA,NA,NA,0.0,0,-54.47,-39.7,[],0,0,[],[]
2883030,2885190,NA,NOF,0.0,59,pause,NA,NA,NA,NA,0.0,0,-28.68,-12.43,[],0,0,[],[]
2885190,2886310,NA,FAF,0.0,59,pause,NA,NA,NA,NA,0.0,0,-30.71,-13.58,[],0,0,[],[]
2886310,2887670,NA,CXF,0.0,59,pause,NA,NA,NA,NA,0.0,0,-41.49,-30.08,[],0,0,[],[]
2887670,2888540,NA,SIL,0.0,59,pause,NA,NA,NA,NA,0.0,0,-55.23,-45.8,[],0,0,[],[]
2888540,2889350,NA,CHF,0.0,59,pause,NA,NA,NA,NA,0.0,0,-48.72,-36.88,[],0,810,[],"[{'start': 2888.54, 'end': 2889.35}]"
2889350,2890960,NA,SIL,0.0,59,pause,NA,NA,NA,NA,0.0,0,-55.67,-42.1,[],0,0,[],[]
2890960,2891830,NA,CXF,0.0,59,pause,NA,NA,NA,NA,0.0,0,-47.97,-37.88,[],0,0,[],[]
2891830,2892700,NA,SIL,0.0,59,pause,NA,NA,NA,NA,0.0,0,-52.9,-45.55,[],0,0,[],[]
2892700,2894360,NA,NOF,0.0,59,pause,NA,NA,NA,NA,0.0,0,-35.95,-18.64,[],0,0,[],[]
2894360,2895710,NA,SIL,0.0,59,pause,NA,NA,NA,NA,0.0,0,-52.5,-41.64,[],0,0,[],[]
2895710,2896510,NA,OLF,0.0,59,pause,NA,NA,NA,NA,0.0,0,-23.1,-10.7,[],0,0,[],[]
2896510,2897530,FEM,FAN,1.78,59,AMF,EC,0,NT,FI,0.0,0,-25.03,-12.88,[],0,0,[],[]
2897530,2898330,NA,OLF,0.0,60,pause,NA,NA,NA,NA,0.0,0,-31.77,-19.2,[],0,0,[],[]
2898330,2899330,NA,FAF,0.0,60,pause,NA,NA,NA,NA,0.0,0,-32.08,-16.51,[],0,0,[],[]
2899330,2900780,NA,OLF,0.0,60,pause,NA,NA,NA,NA,0.0,0,-22.0,-7.65,[],0,0,[],[]
2900780,2902070,NA,SIL,0.0,60,pause,NA,NA,NA,NA,0.0,0,-56.83,-47.6,[],0,0,[],[]
2902070,2903960,NA,NOF,0.0,60,pause,NA,NA,NA,NA,0.0,0,-28.88,-11.71,[],0,0,[],[]
2903960,2904760,NA,FAF,0.0,60,pause,NA,NA,NA,NA,0.0,0,-42.63,-32.08,[],0,0,[],[]
2904760,2906980,NA,NOF,0.0,60,pause,NA,NA,NA,NA,0.0,0,-35.44,-19.3,[],0,0,[],[]
2906980,2907980,NA,FAF,0.0,60,pause,NA,NA,NA,NA,0.0,0,-38.91,-23.23,[],0,0,[],[]
2907980,2908780,NA,OLF,0.0,60,pause,NA,NA,NA,NA,0.0,0,-35.25,-23.63,[],0,0,[],[]
2908780,2909650,NA,NOF,0.0,60,pause,NA,NA,NA,NA,0.0,0,-23.72,-8.13,[],0,0,[],[]
2909650,2910530,NA,OLN,0.0,60,pause,NA,NA,NA,NA,0.0,0,-20.68,-7.29,[],0,0,[],[]
2910530,2911410,NA,FAF,0.0,60,pause,NA,NA,NA,NA,0.0,0,-36.95,-25.71,[],0,0,[],[]
2911410,2912320,NA,SIL,0.0,60,pause,NA,NA,NA,NA,0.0,0,-41.02,-26.18,[],0,0,[],[]
2912320,2913330,NA,OLF,0.0,60,pause,NA,NA,NA,NA,0.0,0,-18.28,-4.04,[],0,0,[],[]
2913330,2915080,NA,NOF,0.0,60,pause,NA,NA,NA,NA,0.0,0,-21.81,-6.24,[],0,0,[],[]
2915080,2916110,NA,MAF,0.0,60,pause,NA,NA,NA,NA,0.0,0,-32.15,-17.48,[],0,0,[],[]
2916110,2917620,NA,OLF,0.0,60,pause,NA,NA,NA,NA,0.0,0,-32.22,-16.87,[],0,0,[],[]
2917620,2918320,NA,CHF,0.0,60,CM,EC,0,NT,FI,1.0,700,-39.59,-26.59,"[{'Canonical-syllable': '0', 'Growl': '1', 'High-freq-energy': '0', 'Long-island': '0', 'Low-tilt-spectrum': '2', 'Medium-island': '1', 'Short-island': '1', 'Squeal': '0', 'Typical-entropy': '0', 'Voicing-quality': '0', 'Wide-band': '2', 'Xlong-island': '0', 'seq': '1', 'end': 2918.32, 'start': 2917.62}]",0,0,[],[]
2918320,2920510,NA,OLF,0.0,61,pause,NA,NA,NA,NA,0.0,0,-22.97,-5.39,[],0,0,[],[]
2920510,2921700,NA,FAF,0.0,61,pause,NA,NA,NA,NA,0.0,0,-26.11,-8.81,[],0,0,[],[]
2921700,2922500,NA,NOF,0.0,61,pause,NA,NA,NA,NA,0.0,0,-25.38,-11.43,[],0,0,[],[]
2922500,2923370,NA,OLN,0.0,61,pause,NA,NA,NA,NA,0.0,0,-13.35,-1.01,[],0,0,[],[]
2923370,2924220,NA,NOF,0.0,61,pause,NA,NA,NA,NA,0.0,0,-32.27,-13.73,[],0,0,[],[]
2924220,2925290,NA,SIL,0.0,61,pause,NA,NA,NA,NA,0.0,0,-45.48,-40.36,[],0,0,[],[]
2925290,2926130,NA,MAF,0.0,61,pause,NA,NA,NA,NA,0.0,0,-39.55,-26.32,[],0,0,[],[]
2926130,2927670,NA,SIL,0.0,61,pause,NA,NA,NA,NA,0.0,0,-48.98,-42.72,[],0,0,[],[]
2927670,2928480,NA,CHF,0.0,61,pause,NA,NA,NA,NA,0.0,0,-48.47,-41.64,[],0,810,[],"[{'start': 2927.67, 'end': 2928.48}]"
2928480,2929310,NA,SIL,0.0,61,pause,NA,NA,NA,NA,0.0,0,-49.76,-42.53,[],0,0,[],[]
2929310,2931010,NA,NOF,0.0,61,pause,NA,NA,NA,NA,0.0,0,-41.49,-31.93,[],0,0,[],[]
2931010,2936400,NA,SIL,0.0,61,pause,NA,NA,NA,NA,0.0,0,-52.66,-37.33,[],0,0,[],[]
2936400,2939250,NA,NOF,0.0,61,pause,NA,NA,NA,NA,0.0,0,-46.81,-32.03,[],0,0,[],[]
2939250,2940080,NA,SIL,0.0,61,pause,NA,NA,NA,NA,0.0,0,-48.58,-40.29,[],0,0,[],[]
2940080,2941140,NA,NOF,0.0,61,pause,NA,NA,NA,NA,0.0,0,-48.45,-42.08,[],0,0,[],[]
2941140,2941950,NA,SIL,0.0,61,pause,NA,NA,NA,NA,0.0,0,-52.38,-41.95,[],0,0,[],[]
2941950,2942950,NA,NOF,0.0,61,pause,NA,NA,NA,NA,0.0,0,-48.54,-37.69,[],0,0,[],[]
2942950,2943750,NA,SIL,0.0,61,pause,NA,NA,NA,NA,0.0,0,-50.58,-40.89,[],0,0,[],[]
2943750,2945180,NA,NOF,0.0,61,pause,NA,NA,NA,NA,0.0,0,-44.94,-34.6,[],0,0,[],[]
2945180,2946190,NA,SIL,0.0,61,pause,NA,NA,NA,NA,0.0,0,-47.97,-36.97,[],0,0,[],[]
2946190,2947010,NA,CXF,0.0,61,pause,NA,NA,NA,NA,0.0,0,-46.94,-40.75,[],0,0,[],[]
2947010,2948440,NA,SIL,0.0,61,pause,NA,NA,NA,NA,0.0,0,-50.51,-41.37,[],0,0,[],[]
2948440,2949630,NA,NOF,0.0,61,pause,NA,NA,NA,NA,0.0,0,-49.11,-40.29,[],0,0,[],[]
2949630,2950630,FEM,FAN,3.15,61,AMF,EC,0,NT,FI,0.0,0,-36.18,-20.72,[],0,0,[],[]
2950630,2958280,NA,NOF,0.0,62,pause,NA,NA,NA,NA,0.0,0,-41.99,-21.02,[],0,0,[],[]
2958280,2959660,NA,OLN,0.0,62,pause,NA,NA,NA,NA,0.0,0,-26.57,-10.85,[],0,0,[],[]
2959660,2967850,NA,NON,0.0,62,pause,NA,NA,NA,NA,0.0,0,-31.46,-12.43,[],0,0,[],[]
2967850,2968650,NA,CXF,0.0,62,pause,NA,NA,NA,NA,0.0,0,-45.15,-39.47,[],0,0,[],[]
2968650,2973110,NA,NOF,0.0,62,pause,NA,NA,NA,NA,0.0,0,-36.17,-22.74,[],0,0,[],[]
2973110,2973910,NA,OLN,0.0,62,pause,NA,NA,NA,NA,0.0,0,-34.13,-24.3,[],0,0,[],[]
2973910,2974710,NA,NOF,0.0,62,pause,NA,NA,NA,NA,0.0,0,-35.82,-24.69,[],0,0,[],[]
2974710,2975530,NA,OLF,0.0,62,pause,NA,NA,NA,NA,0.0,0,-34.7,-25.29,[],0,0,[],[]
2975530,2982930,NA,NOF,0.0,62,pause,NA,NA,NA,NA,0.0,0,-33.46,-10.29,[],0,0,[],[]
2982930,2984280,NA,OLN,0.0,62,pause,NA,NA,NA,NA,0.0,0,-25.44,-8.66,[],0,0,[],[]
2984280,2991040,NA,NOF,0.0,62,pause,NA,NA,NA,NA,0.0,0,-25.74,-9.05,[],0,0,[],[]
2991040,2991860,NA,OLF,0.0,62,pause,NA,NA,NA,NA,0.0,0,-21.04,-11.51,[],0,0,[],[]
2991860,2997950,NA,NOF,0.0,62,pause,NA,NA,NA,NA,0.0,0,-31.89,-13.1,[],0,0,[],[]
2997950,2998750,NA,OLN,0.0,62,pause,NA,NA,NA,NA,0.0,0,-23.45,-14.79,[],0,0,[],[]
2998750,3001590,NA,NOF,0.0,62,pause,NA,NA,NA,NA,0.0,0,-40.55,-22.61,[],0,0,[],[]
3001590,3002400,NA,OLN,0.0,62,pause,NA,NA,NA,NA,0.0,0,-32.8,-23.64,[],0,0,[],[]
3002400,3004200,NA,FAF,0.0,62,pause,NA,NA,NA,NA,0.0,0,-39.49,-27.53,[],0,0,[],[]
3004200,3005020,NA,NOF,0.0,62,pause,NA,NA,NA,NA,0.0,0,-42.99,-28.08,[],0,0,[],[]
3005020,3005820,NA,CXF,0.0,62,pause,NA,NA,NA,NA,0.0,0,-42.82,-31.78,[],0,0,[],[]
3005820,3008450,NA,NOF,0.0,62,pause,NA,NA,NA,NA,0.0,0,-43.99,-35.66,[],0,0,[],[]
3008450,3009450,NA,FAF,0.0,62,pause,NA,NA,NA,NA,0.0,0,-45.54,-40.38,[],0,0,[],[]
3009450,3016820,NA,NOF,0.0,62,pause,NA,NA,NA,NA,0.0,0,-44.39,-25.74,[],0,0,[],[]
3016820,3018370,NA,SIL,0.0,62,pause,NA,NA,NA,NA,0.0,0,-50.22,-38.21,[],0,0,[],[]
3018370,3020610,NA,NOF,0.0,62,pause,NA,NA,NA,NA,0.0,0,-31.28,-15.54,[],0,0,[],[]
3020610,3023110,NA,SIL,0.0,62,pause,NA,NA,NA,NA,0.0,0,-58.22,-43.1,[],0,0,[],[]
3023110,3025360,NA,NOF,0.0,62,pause,NA,NA,NA,NA,0.0,0,-40.62,-21.36,[],0,0,[],[]
3025360,3026360,NA,FAF,0.0,62,pause,NA,NA,NA,NA,0.0,0,-36.62,-25.17,[],0,0,[],[]
3026360,3027530,NA,NON,0.0,62,pause,NA,NA,NA,NA,0.0,0,-35.24,-24.18,[],0,0,[],[]
3027530,3028350,NA,OLN,0.0,62,pause,NA,NA,NA,NA,0.0,0,-34.21,-25.76,[],0,0,[],[]
3028350,3030210,NA,NOF,0.0,62,pause,NA,NA,NA,NA,0.0,0,-48.81,-40.2,[],0,0,[],[]
3030210,3031030,NA,SIL,0.0,62,pause,NA,NA,NA,NA,0.0,0,-52.8,-45.07,[],0,0,[],[]
3031030,3034050,NA,NOF,0.0,62,pause,NA,NA,NA,NA,0.0,0,-37.14,-21.79,[],0,0,[],[]
3034050,3034850,NA,SIL,0.0,62,pause,NA,NA,NA,NA,0.0,0,-52.55,-45.95,[],0,0,[],[]
3034850,3036810,NA,NOF,0.0,62,pause,NA,NA,NA,NA,0.0,0,-34.55,-19.97,[],0,0,[],[]
3036810,3037610,NA,SIL,0.0,62,pause,NA,NA,NA,NA,0.0,0,-54.92,-47.04,[],0,0,[],[]
3037610,3047040,NA,NOF,0.0,62,pause,NA,NA,NA,NA,0.0,0,-31.56,-12.71,[],0,0,[],[]
3047040,3047640,NA,CHF,0.0,62,CM,EC,0,NT,FI,1.0,600,-39.28,-32.26,"[{'Canonical-syllable': '0', 'Growl': '1', 'High-freq-energy': '0', 'Long-island': '0', 'Low-tilt-spectrum': '1', 'Medium-island': '1', 'Short-island': '0', 'Squeal': '0', 'Typical-entropy': '1', 'Voicing-quality': '1', 'Wide-band': '0', 'Xlong-island': '0', 'seq': '1', 'end': 3047.64, 'start': 3047.04}]",0,0,[],[]
3047640,3050790,NA,NOF,0.0,63,pause,NA,NA,NA,NA,0.0,0,-45.37,-35.39,[],0,0,[],[]
3050790,3057590,NA,SIL,0.0,63,pause,NA,NA,NA,NA,0.0,0,-52.05,-34.47,[],0,0,[],[]
3057590,3060360,NA,NOF,0.0,63,pause,NA,NA,NA,NA,0.0,0,-40.79,-24.73,[],0,0,[],[]
3060360,3061160,NA,SIL,0.0,63,pause,NA,NA,NA,NA,0.0,0,-56.1,-49.48,[],0,0,[],[]
3061160,3063280,NA,NOF,0.0,63,pause,NA,NA,NA,NA,0.0,0,-41.56,-25.63,[],0,0,[],[]
3063280,3064100,NA,SIL,0.0,63,pause,NA,NA,NA,NA,0.0,0,-55.17,-47.77,[],0,0,[],[]
3064100,3064900,NA,NOF,0.0,63,pause,NA,NA,NA,NA,0.0,0,-46.52,-41.37,[],0,0,[],[]
3064900,3066470,NA,SIL,0.0,63,pause,NA,NA,NA,NA,0.0,0,-53.01,-41.4,[],0,0,[],[]
3066470,3067820,NA,NOF,0.0,63,pause,NA,NA,NA,NA,0.0,0,-41.33,-33.3,[],0,0,[],[]
3067820,3068660,NA,SIL,0.0,63,pause,NA,NA,NA,NA,0.0,0,-52.24,-47.24,[],0,0,[],[]
3068660,3069500,NA,NOF,0.0,63,pause,NA,NA,NA,NA,0.0,0,-49.44,-43.17,[],0,0,[],[]
3069500,3070300,NA,SIL,0.0,63,pause,NA,NA,NA,NA,0.0,0,-52.55,-42.47,[],0,0,[],[]
3070300,3071170,NA,CXF,0.0,63,pause,NA,NA,NA,NA,0.0,0,-47.46,-38.85,[],0,0,[],[]
3071170,3072110,NA,SIL,0.0,63,pause,NA,NA,NA,NA,0.0,0,-53.04,-43.73,[],0,0,[],[]
3072110,3073270,NA,FAF,0.0,63,pause,NA,NA,NA,NA,0.0,0,-50.88,-42.07,[],0,0,[],[]
3073270,3075160,NA,SIL,0.0,63,pause,NA,NA,NA,NA,0.0,0,-55.72,-47.9,[],0,0,[],[]
3075160,3075960,NA,FAF,0.0,63,pause,NA,NA,NA,NA,0.0,0,-49.67,-39.67,[],0,0,[],[]
3075960,3076760,NA,SIL,0.0,63,pause,NA,NA,NA,NA,0.0,0,-53.72,-48.31,[],0,0,[],[]
3076760,3078380,NA,NOF,0.0,63,pause,NA,NA,NA,NA,0.0,0,-51.01,-42.89,[],0,0,[],[]
3078380,3080090,NA,SIL,0.0,63,pause,NA,NA,NA,NA,0.0,0,-54.48,-42.67,[],0,0,[],[]
3080090,3083380,NA,NOF,0.0,63,pause,NA,NA,NA,NA,0.0,0,-47.52,-36.34,[],0,0,[],[]
3083380,3086850,NA,SIL,0.0,63,pause,NA,NA,NA,NA,0.0,0,-54.84,-43.06,[],0,0,[],[]
3086850,3088850,NA,NOF,0.0,63,pause,NA,NA,NA,NA,0.0,0,-49.93,-38.19,[],0,0,[],[]
3088850,3089650,NA,SIL,0.0,63,pause,NA,NA,NA,NA,0.0,0,-48.46,-34.73,[],0,0,[],[]
3089650,3090560,NA,NOF,0.0,63,pause,NA,NA,NA,NA,0.0,0,-47.27,-38.7,[],0,0,[],[]
3090560,3091160,OCH,CXN,0.0,63,XM,EC,0,NT,FI,0.0,0,-36.04,-25.84,[],0,0,[],[]
3091160,3097920,NA,NOF,0.0,64,pause,NA,NA,NA,NA,0.0,0,-47.91,-36.01,[],0,0,[],[]
3097920,3098780,NA,SIL,0.0,64,pause,NA,NA,NA,NA,0.0,0,-55.15,-42.94,[],0,0,[],[]
3098780,3102620,NA,NOF,0.0,64,pause,NA,NA,NA,NA,0.0,0,-41.64,-21.38,[],0,0,[],[]
3102620,3104960,NA,SIL,0.0,64,pause,NA,NA,NA,NA,0.0,0,-56.4,-49.9,[],0,0,[],[]
3104960,3105770,NA,NOF,0.0,64,pause,NA,NA,NA,NA,0.0,0,-47.66,-37.28,[],0,0,[],[]
3105770,3106950,NA,FAF,0.0,64,pause,NA,NA,NA,NA,0.0,0,-46.6,-39.14,[],0,0,[],[]
3106950,3108000,NA,NOF,0.0,64,pause,NA,NA,NA,NA,0.0,0,-51.86,-45.46,[],0,0,[],[]
3108000,3108800,NA,SIL,0.0,64,pause,NA,NA,NA,NA,0.0,0,-50.85,-39.97,[],0,0,[],[]
3108800,3109800,NA,FAF,0.0,64,pause,NA,NA,NA,NA,0.0,0,-49.68,-41.56,[],0,0,[],[]
3109800,3110720,NA,CXF,0.0,64,pause,NA,NA,NA,NA,0.0,0,-52.97,-46.82,[],0,0,[],[]
3110720,3111790,NA,SIL,0.0,64,pause,NA,NA,NA,NA,0.0,0,-53.18,-41.42,[],0,0,[],[]
3111790,3115150,NA,NOF,0.0,64,pause,NA,NA,NA,NA,0.0,0,-46.5,-32.62,[],0,0,[],[]
3115150,3119130,NA,SIL,0.0,64,pause,NA,NA,NA,NA,0.0,0,-54.37,-41.83,[],0,0,[],[]
3119130,3123440,NA,NOF,0.0,64,pause,NA,NA,NA,NA,0.0,0,-46.03,-32.97,[],0,0,[],[]
3123440,3124250,NA,SIL,0.0,64,pause,NA,NA,NA,NA,0.0,0,-52.76,-44.69,[],0,0,[],[]
3124250,3125110,NA,NOF,0.0,64,pause,NA,NA,NA,NA,0.0,0,-48.61,-41.45,[],0,0,[],[]
3125110,3128090,NA,SIL,0.0,64,pause,NA,NA,NA,NA,0.0,0,-52.51,-39.91,[],0,0,[],[]
3128090,3129290,NA,CXF,0.0,64,pause,NA,NA,NA,NA,0.0,0,-51.37,-43.95,[],0,0,[],[]
3129290,3130110,NA,SIL,0.0,64,pause,NA,NA,NA,NA,0.0,0,-54.44,-45.29,[],0,0,[],[]
3130110,3131120,NA,FAF,0.0,64,pause,NA,NA,NA,NA,0.0,0,-48.98,-40.06,[],0,0,[],[]
3131120,3131990,NA,CXF,0.0,64,pause,NA,NA,NA,NA,0.0,0,-51.23,-40.02,[],0,0,[],[]
3131990,3132950,NA,SIL,0.0,64,pause,NA,NA,NA,NA,0.0,0,-55.5,-47.06,[],0,0,[],[]
3132950,3135220,NA,NOF,0.0,64,pause,NA,NA,NA,NA,0.0,0,-49.26,-40.65,[],0,0,[],[]
3135220,3136020,NA,SIL,0.0,64,pause,NA,NA,NA,NA,0.0,0,-48.17,-35.4,[],0,0,[],[]
3136020,3139110,NA,NOF,0.0,64,pause,NA,NA,NA,NA,0.0,0,-47.45,-38.39,[],0,0,[],[]
3139110,3139920,NA,SIL,0.0,64,pause,NA,NA,NA,NA,0.0,0,-54.28,-44.94,[],0,0,[],[]
3139920,3142150,NA,NOF,0.0,64,pause,NA,NA,NA,NA,0.0,0,-39.93,-29.58,[],0,0,[],[]
3142150,3143150,NA,FAF,0.0,64,pause,NA,NA,NA,NA,0.0,0,-45.41,-33.79,[],0,0,[],[]
3143150,3144040,NA,NOF,0.0,64,pause,NA,NA,NA,NA,0.0,0,-51.62,-45.52,[],0,0,[],[]
3144040,3145040,NA,FAF,0.0,64,pause,NA,NA,NA,NA,0.0,0,-45.94,-35.03,[],0,0,[],[]
3145040,3149300,NA,NOF,0.0,64,pause,NA,NA,NA,NA,0.0,0,-47.18,-37.66,[],0,0,[],[]
3149300,3150150,NA,SIL,0.0,64,pause,NA,NA,NA,NA,0.0,0,-50.55,-39.47,[],0,0,[],[]
3150150,3150770,NA,CXF,0.0,64,pause,NA,NA,NA,NA,0.0,0,-45.68,-35.37,[],0,0,[],[]
3150770,3154460,NA,NOF,0.0,64,pause,NA,NA,NA,NA,0.0,0,-48.99,-38.66,[],0,0,[],[]
3154460,3155770,NA,SIL,0.0,64,pause,NA,NA,NA,NA,0.0,0,-52.7,-46.58,[],0,0,[],[]
3155770,3159890,NA,FAF,0.0,64,pause,NA,NA,NA,NA,0.0,0,-47.86,-35.8,[],0,0,[],[]
3159890,3160690,NA,SIL,0.0,64,pause,NA,NA,NA,NA,0.0,0,-49.92,-38.0,[],0,0,[],[]
3160690,3161680,NA,FAF,0.0,64,pause,NA,NA,NA,NA,0.0,0,-48.09,-40.3,[],0,0,[],[]
3161680,3163250,NA,SIL,0.0,64,pause,NA,NA,NA,NA,0.0,0,-55.38,-49.11,[],0,0,[],[]
3163250,3164050,NA,FAF,0.0,64,pause,NA,NA,NA,NA,0.0,0,-51.36,-37.3,[],0,0,[],[]
3164050,3165050,NA,SIL,0.0,64,pause,NA,NA,NA,NA,0.0,0,-53.83,-43.1,[],0,0,[],[]
3165050,3167500,NA,NOF,0.0,64,pause,NA,NA,NA,NA,0.0,0,-48.45,-38.74,[],0,0,[],[]
3167500,3168300,NA,SIL,0.0,64,pause,NA,NA,NA,NA,0.0,0,-54.04,-39.46,[],0,0,[],[]
3168300,3169720,NA,NOF,0.0,64,pause,NA,NA,NA,NA,0.0,0,-51.56,-41.69,[],0,0,[],[]
3169720,3171900,NA,SIL,0.0,64,pause,NA,NA,NA,NA,0.0,0,-54.81,-47.38,[],0,0,[],[]
3171900,3172700,NA,FAF,0.0,64,pause,NA,NA,NA,NA,0.0,0,-50.67,-43.25,[],0,0,[],[]
3172700,3173500,NA,OLF,0.0,64,pause,NA,NA,NA,NA,0.0,0,-42.84,-36.38,[],0,0,[],[]
3173500,3174690,NA,NOF,0.0,64,pause,NA,NA,NA,NA,0.0,0,-53.29,-47.69,[],0,0,[],[]
3174690,3175580,NA,SIL,0.0,64,pause,NA,NA,NA,NA,0.0,0,-52.39,-41.05,[],0,0,[],[]
3175580,3177130,NA,NOF,0.0,64,pause,NA,NA,NA,NA,0.0,0,-48.55,-40.32,[],0,0,[],[]
3177130,3177930,NA,SIL,0.0,64,pause,NA,NA,NA,NA,0.0,0,-52.3,-38.99,[],0,0,[],[]
3177930,3178530,NA,CXF,0.0,64,pause,NA,NA,NA,NA,0.0,0,-44.17,-36.14,[],0,0,[],[]
3178530,3181500,NA,NOF,0.0,64,pause,NA,NA,NA,NA,0.0,0,-47.52,-32.71,[],0,0,[],[]
3181500,3182560,NA,SIL,0.0,64,pause,NA,NA,NA,NA,0.0,0,-57.22,-43.2,[],0,0,[],[]
3182560,3184880,NA,NOF,0.0,64,pause,NA,NA,NA,NA,0.0,0,-44.38,-30.8,[],0,0,[],[]
3184880,3185750,NA,OLN,0.0,64,pause,NA,NA,NA,NA,0.0,0,-30.56,-20.54,[],0,0,[],[]
3185750,3187770,NA,NOF,0.0,64,pause,NA,NA,NA,NA,0.0,0,-31.91,-13.62,[],0,0,[],[]
3187770,3206150,NA,SIL,0.0,64,pause,NA,NA,NA,NA,0.0,0,-50.86,-25.92,[],0,0,[],[]
3206150,3213960,NA,NOF,0.0,64,pause,NA,NA,NA,NA,0.0,0,-33.74,-14.07,[],0,0,[],[]
3213960,3214760,NA,OLF,0.0,64,pause,NA,NA,NA,NA,0.0,0,-37.2,-27.43,[],0,0,[],[]
3214760,3215880,NA,NOF,0.0,64,pause,NA,NA,NA,NA,0.0,0,-38.88,-31.06,[],0,0,[],[]
3215880,3218210,NA,OLF,0.0,64,pause,NA,NA,NA,NA,0.0,0,-35.73,-23.47,[],0,0,[],[]
3218210,3219020,NA,SIL,0.0,64,pause,NA,NA,NA,NA,0.0,0,-47.98,-39.7,[],0,0,[],[]
3219020,3220020,NA,NOF,0.0,64,pause,NA,NA,NA,NA,0.0,0,-48.29,-38.39,[],0,0,[],[]
3220020,3224120,NA,SIL,0.0,64,pause,NA,NA,NA,NA,0.0,0,-53.55,-42.02,[],0,0,[],[]
3224120,3225820,NA,FAF,0.0,64,pause,NA,NA,NA,NA,0.0,0,-48.79,-37.13,[],0,0,[],[]
3225820,3226700,NA,SIL,0.0,64,pause,NA,NA,NA,NA,0.0,0,-53.13,-48.71,[],0,0,[],[]
3226700,3230120,NA,NOF,0.0,64,pause,NA,NA,NA,NA,0.0,0,-45.28,-27.4,[],0,0,[],[]
3230120,3231080,NA,SIL,0.0,64,pause,NA,NA,NA,NA,0.0,0,-51.64,-44.89,[],0,0,[],[]
3231080,3237960,NA,NOF,0.0,64,pause,NA,NA,NA,NA,0.0,0,-43.34,-27.12,[],0,0,[],[]
3237960,3238780,NA,SIL,0.0,64,pause,NA,NA,NA,NA,0.0,0,-48.09,-36.42,[],0,0,[],[]
3238780,3243950,NA,NOF,0.0,64,pause,NA,NA,NA,NA,0.0,0,-44.33,-31.83,[],0,0,[],[]
3243950,3245640,NA,SIL,0.0,64,pause,NA,NA,NA,NA,0.0,0,-53.22,-42.09,[],0,0,[],[]
3245640,3248540,NA,NOF,0.0,64,pause,NA,NA,NA,NA,0.0,0,-42.74,-23.83,[],0,0,[],[]
3248540,3249340,OCH,CXN,0.0,64,XIC,BC,0,NT,FI,0.0,0,-20.76,-13.57,[],0,0,[],[]
3249340,3250130,CHI,CHN,0.0,64,XIC,NA,NA,NA,NA,0.0,0,-25.25,-16.41,[],0,300,"[{'start': 3249.83, 'end': 3250.13}]",[]
3250130,3250970,OCH,CXN,0.0,64,XIC,RC,0,NT,FH,0.0,0,-27.36,-16.77,[],0,0,[],[]
3250970,3251630,CHI,CHN,0.0,64,XIC,RC,0,NT,FI,1.0,250,-27.11,-18.49,"[{'Canonical-syllable': '1', 'Growl': '0', 'High-freq-energy': '0', 'Long-island': '0', 'Low-tilt-spectrum': '0', 'Medium-island': '0', 'Short-island': '1', 'Squeal': '0', 'Typical-entropy': '1', 'Voicing-quality': '1', 'Wide-band': '0', 'Xlong-island': '0', 'seq': '1', 'end': 3251.63, 'start': 3251.38}]",0,0,[],[]
3251630,3252430,OCH,CXN,0.0,64,XIC,RC,0,NT,FI,0.0,0,-25.13,-18.54,[],0,0,[],[]
3252430,3253250,NA,NOF,0.0,64,XIC,NA,NA,NA,NA,0.0,0,-41.56,-31.6,[],0,0,[],[]
3253250,3253850,CHI,CHN,0.0,64,XIC,RC,0,NT,FI,1.0,600,-21.42,-15.92,"[{'Canonical-syllable': '0', 'Growl': '0', 'High-freq-energy': '0', 'Long-island': '0', 'Low-tilt-spectrum': '0', 'Medium-island': '1', 'Short-island': '0', 'Squeal': '0', 'Typical-entropy': '0', 'Voicing-quality': '1', 'Wide-band': '0', 'Xlong-island': '0', 'seq': '1', 'end': 3253.85, 'start': 3253.41}]",0,0,[],[]
3253850,3254960,OCH,CXN,0.0,64,XIC,RC,0,NT,FI,0.0,0,-28.42,-19.47,[],0,0,[],[]
3254960,3255780,NA,NOF,0.0,64,XIC,NA,NA,NA,NA,0.0,0,-44.39,-37.38,[],0,0,[],[]
3255780,3256460,NA,OLN,0.0,64,XIC,NA,NA,NA,NA,0.0,0,-26.08,-18.76,[],0,0,[],[]
3256460,3257770,OCH,CXN,0.0,64,XIC,RC,0,NT,FH,0.0,0,-23.48,-14.68,[],0,0,[],[]
3257770,3259110,OCH,CXN,0.0,64,XIC,RC,0,NT,FH,0.0,0,-23.41,-14.73,[],0,0,[],[]
3259110,3259970,NA,NOF,0.0,64,XIC,NA,NA,NA,NA,0.0,0,-42.91,-35.02,[],0,0,[],[]
3259970,3261310,OCH,CXN,0.0,64,XIC,RC,0,NT,FH,0.0,0,-23.07,-13.48,[],0,0,[],[]
3261310,3262730,CHI,CHN,0.0,64,XIC,RC,0,TIMI,FI,2.0,1050,-20.38,-11.73,"[{'Canonical-syllable': '0', 'Growl': '0', 'High-freq-energy': '0', 'Long-island': '1', 'Low-tilt-spectrum': '0', 'Medium-island': '0', 'Short-island': '0', 'Squeal': '0', 'Typical-entropy': '1', 'Voicing-quality': '1', 'Wide-band': '0', 'Xlong-island': '0', 'seq': '1', 'end': 3262.15, 'start': 3261.31}, {'Canonical-syllable': '1', 'Growl': '0', 'High-freq-energy': '0', 'Long-island': '0', 'Low-tilt-spectrum': '1', 'Medium-island': '0', 'Short-island': '1', 'Squeal': '0', 'Typical-entropy': '1', 'Voicing-quality': '1', 'Wide-band': '0', 'Xlong-island': '0', 'seq': '2', 'end': 3262.73, 'start': 3262.52}]",0,0,[],[]
3262730,3263690,NA,OLN,0.0,64,XIC,NA,NA,NA,NA,0.0,0,-25.61,-12.93,[],0,0,[],[]
3263690,3264490,NA,NOF,0.0,64,XIC,NA,NA,NA,NA,0.0,0,-44.51,-36.18,[],0,0,[],[]
3264490,3265490,MAL,MAN,3.96,64,XIC,RC,1,TIMR,FI,0.0,0,-27.43,-21.22,[],0,0,[],[]
3265490,3266670,OCH,CXN,0.0,64,XIC,RC,1,NT,FI,0.0,0,-26.44,-16.73,[],0,0,[],[]
3266670,3267670,OCH,CXN,0.0,64,XIC,RC,1,NT,FH,0.0,0,-37.56,-25.66,[],0,0,[],[]
3267670,3269300,NA,NOF,0.0,64,XIC,NA,NA,NA,NA,0.0,0,-48.14,-38.09,[],0,0,[],[]
3269300,3270300,FEM,FAN,2.03,64,XIC,RC,1,NT,FI,0.0,0,-27.94,-18.98,[],0,0,[],[]
3270300,3271300,MAL,MAN,6.68,64,XIC,RC,1,TIMI,FI,0.0,0,-30.4,-22.52,[],0,0,[],[]
3271300,3271900,CHI,CHN,0.0,64,XIC,RC,2,TIMR,FI,1.0,200,-23.5,-16.04,"[{'Canonical-syllable': '1', 'Growl': '0', 'High-freq-energy': '0', 'Long-island': '0', 'Low-tilt-spectrum': '0', 'Medium-island': '0', 'Short-island': '1', 'Squeal': '0', 'Typical-entropy': '0', 'Voicing-quality': '1', 'Wide-band': '0', 'Xlong-island': '0', 'seq': '1', 'end': 3271.9, 'start': 3271.7}]",0,0,[],[]
3271900,3272820,OCH,CXN,0.0,64,XIC,RC,2,NT,FI,0.0,0,-24.52,-13.19,[],0,0,[],[]
3272820,3274160,NA,NOF,0.0,64,XIC,NA,NA,NA,NA,0.0,0,-52.31,-45.35,[],0,0,[],[]
3274160,3275270,OCH,CXN,0.0,64,XIC,RC,2,NT,FH,0.0,0,-26.3,-17.51,[],0,0,[],[]
3275270,3277890,NA,NOF,0.0,64,XIC,NA,NA,NA,NA,0.0,0,-46.73,-32.38,[],0,0,[],[]
3277890,3279690,OCH,CXN,0.0,64,XIC,EC,2,NT,FH,0.0,0,-32.62,-24.72,[],0,0,[],[]
3279690,3280890,NA,OLF,0.0,65,pause,NA,NA,NA,NA,0.0,0,-20.05,-11.02,[],0,0,[],[]
3280890,3287450,NA,NOF,0.0,65,pause,NA,NA,NA,NA,0.0,0,-24.51,-3.81,[],0,0,[],[]
3287450,3288050,FEM,FAN,0.0,65,pause,NA,NA,NA,NA,0.0,0,-28.77,-23.26,[],600,0,[],[]
3288050,3288850,NA,OLF,0.0,65,pause,NA,NA,NA,NA,0.0,0,-23.44,-9.13,[],0,0,[],[]
3288850,3291460,NA,NOF,0.0,65,pause,NA,NA,NA,NA,0.0,0,-43.55,-32.36,[],0,0,[],[]
3291460,3292930,NA,OLN,0.0,65,pause,NA,NA,NA,NA,0.0,0,-22.17,-7.16,[],0,0,[],[]
3292930,3294450,NA,NOF,0.0,65,pause,NA,NA,NA,NA,0.0,0,-34.02,-19.74,[],0,0,[],[]
3294450,3295250,NA,SIL,0.0,65,pause,NA,NA,NA,NA,0.0,0,-50.42,-43.8,[],0,0,[],[]
3295250,3296600,NA,NOF,0.0,65,pause,NA,NA,NA,NA,0.0,0,-42.92,-29.18,[],0,0,[],[]
3296600,3297600,OCH,CXN,0.0,65,XM,EC,0,NT,FI,0.0,0,-37.1,-25.07,[],0,0,[],[]
3297600,3298480,NA,SIL,0.0,66,pause,NA,NA,NA,NA,0.0,0,-49.36,-37.92,[],0,0,[],[]
3298480,3299300,NA,NOF,0.0,66,pause,NA,NA,NA,NA,0.0,0,-44.47,-34.55,[],0,0,[],[]
3299300,3302790,NA,SIL,0.0,66,pause,NA,NA,NA,NA,0.0,0,-52.81,-41.5,[],0,0,[],[]
3302790,3305020,NA,NOF,0.0,66,pause,NA,NA,NA,NA,0.0,0,-50.48,-41.89,[],0,0,[],[]
3305020,3305620,FEM,FAN,2.49,66,AMF,EC,0,NT,FI,0.0,0,-39.57,-29.2,[],0,0,[],[]
3305620,3307290,NA,NOF,0.0,67,pause,NA,NA,NA,NA,0.0,0,-40.95,-26.68,[],0,0,[],[]
3307290,3309350,NA,OLN,0.0,67,pause,NA,NA,NA,NA,0.0,0,-30.52,-12.71,[],0,0,[],[]
3309350,3312360,NA,NOF,0.0,67,pause,NA,NA,NA,NA,0.0,0,-25.33,-3.88,[],0,0,[],[]
3312360,3313170,NA,OLF,0.0,67,pause,NA,NA,NA,NA,0.0,0,-37.39,-23.28,[],0,0,[],[]
3313170,3314750,NA,NOF,0.0,67,pause,NA,NA,NA,NA,0.0,0,-45.89,-32.83,[],0,0,[],[]
3314750,3315570,NA,SIL,0.0,67,pause,NA,NA,NA,NA,0.0,0,-47.25,-37.33,[],0,0,[],[]
3315570,3318620,NA,NOF,0.0,67,pause,NA,NA,NA,NA,0.0,0,-28.11,-7.87,[],0,0,[],[]
3318620,3319850,NA,SIL,0.0,67,pause,NA,NA,NA,NA,0.0,0,-51.11,-46.66,[],0,0,[],[]
3319850,3321370,NA,NOF,0.0,67,pause,NA,NA,NA,NA,0.0,0,-50.49,-45.62,[],0,0,[],[]
3321370,3322450,NA,SIL,0.0,67,pause,NA,NA,NA,NA,0.0,0,-54.17,-47.55,[],0,0,[],[]
3322450,3323930,NA,NOF,0.0,67,pause,NA,NA,NA,NA,0.0,0,-48.93,-38.71,[],0,0,[],[]
3323930,3324930,NA,MAF,0.0,67,pause,NA,NA,NA,NA,0.0,0,-43.75,-36.76,[],0,0,[],[]
3324930,3326440,NA,SIL,0.0,67,pause,NA,NA,NA,NA,0.0,0,-57.78,-51.98,[],0,0,[],[]
3326440,3328160,NA,NOF,0.0,67,pause,NA,NA,NA,NA,0.0,0,-49.1,-32.98,[],0,0,[],[]
3328160,3329010,NA,OLF,0.0,67,pause,NA,NA,NA,NA,0.0,0,-41.28,-31.71,[],0,0,[],[]
3329010,3329830,NA,SIL,0.0,67,pause,NA,NA,NA,NA,0.0,0,-51.08,-43.35,[],0,0,[],[]
3329830,3330840,NA,FAF,0.0,67,pause,NA,NA,NA,NA,0.0,0,-49.94,-35.04,[],0,0,[],[]
3330840,3331660,NA,SIL,0.0,67,pause,NA,NA,NA,NA,0.0,0,-55.12,-48.03,[],0,0,[],[]
3331660,3332460,NA,NOF,0.0,67,pause,NA,NA,NA,NA,0.0,0,-38.22,-24.48,[],0,0,[],[]
3332460,3333260,NA,SIL,0.0,67,pause,NA,NA,NA,NA,0.0,0,-50.52,-33.32,[],0,0,[],[]
3333260,3334490,NA,OLF,0.0,67,pause,NA,NA,NA,NA,0.0,0,-44.43,-31.86,[],0,0,[],[]
3334490,3335350,NA,SIL,0.0,67,pause,NA,NA,NA,NA,0.0,0,-52.88,-46.1,[],0,0,[],[]
3335350,3336530,NA,NOF,0.0,67,pause,NA,NA,NA,NA,0.0,0,-50.83,-38.92,[],0,0,[],[]
3336530,3337340,NA,SIL,0.0,67,pause,NA,NA,NA,NA,0.0,0,-57.34,-53.61,[],0,0,[],[]
3337340,3338140,NA,NOF,0.0,67,pause,NA,NA,NA,NA,0.0,0,-54.37,-49.9,[],0,0,[],[]
3338140,3339070,NA,SIL,0.0,67,pause,NA,NA,NA,NA,0.0,0,-52.96,-46.63,[],0,0,[],[]
3339070,3349880,NA,NOF,0.0,67,pause,NA,NA,NA,NA,0.0,0,-36.75,-11.48,[],0,0,[],[]
3349880,3350900,NA,MAF,0.0,67,pause,NA,NA,NA,NA,0.0,0,-44.04,-31.93,[],0,0,[],[]
3350900,3352010,NA,SIL,0.0,67,pause,NA,NA,NA,NA,0.0,0,-49.42,-37.59,[],0,0,[],[]
3352010,3352830,NA,CXF,0.0,67,pause,NA,NA,NA,NA,0.0,0,-40.99,-34.36,[],0,0,[],[]
3352830,3354220,NA,NON,0.0,67,pause,NA,NA,NA,NA,0.0,0,-30.48,-16.85,[],0,0,[],[]
3354220,3355020,NA,SIL,0.0,67,pause,NA,NA,NA,NA,0.0,0,-45.59,-32.57,[],0,0,[],[]
3355020,3356260,NA,MAF,0.0,67,pause,NA,NA,NA,NA,0.0,0,-42.12,-26.2,[],0,0,[],[]
3356260,3357070,NA,SIL,0.0,67,pause,NA,NA,NA,NA,0.0,0,-51.18,-46.09,[],0,0,[],[]
3357070,3358050,NA,OLF,0.0,67,pause,NA,NA,NA,NA,0.0,0,-45.6,-37.28,[],0,0,[],[]
3358050,3358950,OCH,CXN,0.0,67,XIOCAC,BC,0,NT,FI,0.0,0,-14.7,-9.0,[],0,0,[],[]
3358950,3359950,OCH,CXN,0.0,67,XIOCAC,RC,0,NT,FH,0.0,0,-25.01,-14.56,[],0,0,[],[]
3359950,3361140,NA,SIL,0.0,67,XIOCAC,NA,NA,NA,NA,0.0,0,-55.28,-49.18,[],0,0,[],[]
3361140,3362140,CHI,CHN,0.0,67,XIOCAC,RC,0,NT,FI,1.0,1000,-22.79,-16.22,"[{'Canonical-syllable': '1', 'Growl': '0', 'High-freq-energy': '0', 'Long-island': '0', 'Low-tilt-spectrum': '0', 'Medium-island': '2', 'Short-island': '1', 'Squeal': '0', 'Typical-entropy': '2', 'Voicing-quality': '3', 'Wide-band': '0', 'Xlong-island': '0', 'seq': '1', 'end': 3362.14, 'start': 3361.14}]",0,0,[],[]
3362140,3363070,OCH,CXN,0.0,67,XIOCAC,RC,0,NT,FI,0.0,0,-24.8,-17.46,[],0,0,[],[]
3363070,3364070,FEM,FAN,5.88,67,XIOCAC,RC,0,NT,FI,0.0,0,-28.12,-19.56,[],0,0,[],[]
3364070,3365100,MAL,MAN,16.05,67,XIOCAC,RC,0,NT,FI,0.0,0,-31.62,-26.26,[],0,0,[],[]
3365100,3366450,NA,FAF,0.0,67,XIOCAC,NA,NA,NA,NA,0.0,0,-36.74,-27.37,[],0,0,[],[]
3366450,3367520,NA,SIL,0.0,67,XIOCAC,NA,NA,NA,NA,0.0,0,-53.78,-44.83,[],0,0,[],[]
3367520,3368120,FEM,FAN,0.8,67,XIOCAC,RC,0,NT,FI,0.0,0,-39.72,-30.18,[],0,0,[],[]
3368120,3370860,MAL,MAN,9.76,67,XIOCAC,RC,0,NT,FI,0.0,0,-35.6,-22.93,[],0,0,[],[]
3370860,3372150,NA,NOF,0.0,67,XIOCAC,NA,NA,NA,NA,0.0,0,-48.12,-39.94,[],0,0,[],[]
3372150,3373150,MAL,MAN,6.74,67,XIOCAC,EC,0,NT,FH,0.0,0,-36.07,-24.89,[],0,0,[],[]
3373150,3373950,NA,SIL,0.0,68,pause,NA,NA,NA,NA,0.0,0,-49.64,-40.88,[],0,0,[],[]
3373950,3378640,NA,NOF,0.0,68,pause,NA,NA,NA,NA,0.0,0,-39.8,-21.44,[],0,0,[],[]
3378640,3379680,NA,SIL,0.0,68,pause,NA,NA,NA,NA,0.0,0,-53.55,-48.51,[],0,0,[],[]
3379680,3382180,NA,OLF,0.0,68,pause,NA,NA,NA,NA,0.0,0,-29.15,-6.89,[],0,0,[],[]
3382180,3383440,NA,SIL,0.0,68,pause,NA,NA,NA,NA,0.0,0,-52.04,-44.37,[],0,0,[],[]
3383440,3384240,NA,OLF,0.0,68,pause,NA,NA,NA,NA,0.0,0,-39.31,-30.27,[],0,0,[],[]
3384240,3385060,NA,SIL,0.0,68,pause,NA,NA,NA,NA,0.0,0,-52.38,-44.77,[],0,0,[],[]
3385060,3385860,NA,NOF,0.0,68,pause,NA,NA,NA,NA,0.0,0,-45.24,-33.89,[],0,0,[],[]
3385860,3386660,NA,SIL,0.0,68,pause,NA,NA,NA,NA,0.0,0,-53.17,-48.9,[],0,0,[],[]
3386660,3387470,NA,NOF,0.0,68,pause,NA,NA,NA,NA,0.0,0,-37.53,-21.32,[],0,0,[],[]
3387470,3388270,NA,SIL,0.0,68,pause,NA,NA,NA,NA,0.0,0,-50.92,-44.56,[],0,0,[],[]
3388270,3389750,NA,NOF,0.0,68,pause,NA,NA,NA,NA,0.0,0,-35.77,-22.35,[],0,0,[],[]
3389750,3390880,NA,SIL,0.0,68,pause,NA,NA,NA,NA,0.0,0,-46.82,-28.8,[],0,0,[],[]
3390880,3393130,NA,NON,0.0,68,pause,NA,NA,NA,NA,0.0,0,-36.51,-25.35,[],0,0,[],[]
3393130,3395760,NA,MAF,0.0,68,pause,NA,NA,NA,NA,0.0,0,-33.54,-17.93,[],0,0,[],[]
3395760,3396570,NA,SIL,0.0,68,pause,NA,NA,NA,NA,0.0,0,-51.44,-44.41,[],0,0,[],[]
3396570,3397740,NA,NOF,0.0,68,pause,NA,NA,NA,NA,0.0,0,-48.08,-41.61,[],0,0,[],[]
3397740,3399390,NA,SIL,0.0,68,pause,NA,NA,NA,NA,0.0,0,-51.82,-44.17,[],0,0,[],[]
3399390,3400320,NA,NOF,0.0,68,pause,NA,NA,NA,NA,0.0,0,-48.0,-43.31,[],0,0,[],[]
3400320,3403660,NA,SIL,0.0,68,pause,NA,NA,NA,NA,0.0,0,-53.28,-45.9,[],0,0,[],[]
3403660,3405420,NA,NOF,0.0,68,pause,NA,NA,NA,NA,0.0,0,-48.06,-38.86,[],0,0,[],[]
3405420,3409990,NA,SIL,0.0,68,pause,NA,NA,NA,NA,0.0,0,-52.72,-42.5,[],0,0,[],[]
3409990,3417770,NA,NOF,0.0,68,pause,NA,NA,NA,NA,0.0,0,-43.64,-20.69,[],0,0,[],[]
3417770,3419400,NA,MAF,0.0,68,pause,NA,NA,NA,NA,0.0,0,-43.43,-36.8,[],0,0,[],[]
3419400,3420400,NA,SIL,0.0,68,pause,NA,NA,NA,NA,0.0,0,-51.5,-44.85,[],0,0,[],[]
3420400,3422250,NA,NOF,0.0,68,pause,NA,NA,NA,NA,0.0,0,-41.32,-25.99,[],0,0,[],[]
3422250,3423140,NA,OLN,0.0,68,pause,NA,NA,NA,NA,0.0,0,-34.62,-24.86,[],0,0,[],[]
3423140,3423960,NA,NOF,0.0,68,pause,NA,NA,NA,NA,0.0,0,-41.69,-36.03,[],0,0,[],[]
3423960,3425060,NA,MAF,0.0,68,pause,NA,NA,NA,NA,0.0,0,-44.53,-37.78,[],0,0,[],[]
3425060,3427320,NA,OLF,0.0,68,pause,NA,NA,NA,NA,0.0,0,-31.12,-11.08,[],0,0,[],[]
3427320,3428270,NA,NOF,0.0,68,pause,NA,NA,NA,NA,0.0,0,-39.01,-26.99,[],0,0,[],[]
3428270,3429440,NA,OLF,0.0,68,pause,NA,NA,NA,NA,0.0,0,-41.76,-33.65,[],0,0,[],[]
3429440,3431820,NA,NOF,0.0,68,pause,NA,NA,NA,NA,0.0,0,-39.41,-27.41,[],0,0,[],[]
3431820,3435750,NA,OLF,0.0,68,pause,NA,NA,NA,NA,0.0,0,-32.32,-12.29,[],0,0,[],[]
3435750,3436820,NA,TVF,0.0,68,pause,NA,NA,NA,NA,0.0,0,-48.87,-45.05,[],0,0,[],[]
3436820,3438180,NA,MAF,0.0,68,pause,NA,NA,NA,NA,0.0,0,-45.6,-35.29,[],0,0,[],[]
3438180,3439350,NA,TVN,0.0,68,pause,NA,NA,NA,NA,0.0,0,-45.2,-38.97,[],0,0,[],[]
3439350,3442070,NA,SIL,0.0,68,pause,NA,NA,NA,NA,0.0,0,-51.12,-42.45,[],0,0,[],[]
3442070,3442870,NA,OLF,0.0,68,pause,NA,NA,NA,NA,0.0,0,-45.37,-37.45,[],0,0,[],[]
3442870,3443670,NA,SIL,0.0,68,pause,NA,NA,NA,NA,0.0,0,-49.96,-41.72,[],0,0,[],[]
3443670,3444710,NA,TVN,0.0,68,pause,NA,NA,NA,NA,0.0,0,-38.21,-29.14,[],0,0,[],[]
3444710,3445600,NA,SIL,0.0,68,pause,NA,NA,NA,NA,0.0,0,-54.25,-48.25,[],0,0,[],[]
3445600,3446400,NA,OLF,0.0,68,pause,NA,NA,NA,NA,0.0,0,-36.33,-25.95,[],0,0,[],[]
3446400,3447380,NA,SIL,0.0,68,pause,NA,NA,NA,NA,0.0,0,-51.04,-43.26,[],0,0,[],[]
3447380,3448380,NA,FAF,0.0,68,pause,NA,NA,NA,NA,0.0,0,-45.39,-36.59,[],0,0,[],[]
3448380,3449390,NA,NOF,0.0,68,pause,NA,NA,NA,NA,0.0,0,-24.7,-6.28,[],0,0,[],[]
3449390,3450470,NA,OLF,0.0,68,pause,NA,NA,NA,NA,0.0,0,-39.43,-30.34,[],0,0,[],[]
3450470,3451280,NA,NOF,0.0,68,pause,NA,NA,NA,NA,0.0,0,-45.3,-38.94,[],0,0,[],[]
3451280,3452330,NA,SIL,0.0,68,pause,NA,NA,NA,NA,0.0,0,-50.59,-42.7,[],0,0,[],[]
3452330,3454570,NA,TVF,0.0,68,pause,NA,NA,NA,NA,0.0,0,-49.18,-44.74,[],0,0,[],[]
3454570,3455720,CHI,CHN,0.0,68,pause,NA,NA,NA,NA,0.0,0,-16.41,-3.72,[],0,430,"[{'start': 3455.16, 'end': 3455.59}]",[]
3455720,3456590,NA,MAF,0.0,68,pause,NA,NA,NA,NA,0.0,0,-46.59,-42.15,[],0,0,[],[]
3456590,3457590,FEM,FAN,5.33,68,AICF,BC,0,TIFI,FI,0.0,0,-28.16,-19.74,[],0,0,[],[]
3457590,3458200,CHI,CHN,0.0,68,AICF,RC,1,TIFR,FI,1.0,500,-16.65,-7.15,"[{'Canonical-syllable': '0', 'Growl': '0', 'High-freq-energy': '0', 'Long-island': '0', 'Low-tilt-spectrum': '1', 'Medium-island': '1', 'Short-island': '0', 'Squeal': '0', 'Typical-entropy': '1', 'Voicing-quality': '1', 'Wide-band': '0', 'Xlong-island': '0', 'seq': '1', 'end': 3458.09, 'start': 3457.72}]",0,0,[],[]
3458200,3459640,NA,NOF,0.0,68,AICF,NA,NA,NA,NA,0.0,0,-36.94,-27.3,[],0,0,[],[]
3459640,3460510,NA,OLN,0.0,68,AICF,NA,NA,NA,NA,0.0,0,-34.75,-26.74,[],0,0,[],[]
3460510,3461510,OCH,CXN,0.0,68,AICF,RC,1,NT,FI,0.0,0,-26.95,-21.0,[],0,0,[],[]
3461510,3462440,OCH,CXN,0.0,68,AICF,RC,1,NT,FH,0.0,0,-18.02,-9.91,[],0,0,[],[]
3462440,3463340,NA,OLN,0.0,68,AICF,NA,NA,NA,NA,0.0,0,-29.12,-20.98,[],0,0,[],[]
3463340,3464360,OCH,CXN,0.0,68,AICF,RC,1,NT,FH,0.0,0,-31.45,-20.78,[],0,0,[],[]
3464360,3465650,NA,SIL,0.0,68,AICF,NA,NA,NA,NA,0.0,0,-52.42,-46.04,[],0,0,[],[]
3465650,3466450,NA,CXF,0.0,68,AICF,NA,NA,NA,NA,0.0,0,-43.66,-36.97,[],0,0,[],[]
3466450,3467250,NA,OLF,0.0,68,AICF,NA,NA,NA,NA,0.0,0,-40.79,-30.32,[],0,0,[],[]
3467250,3468050,NA,SIL,0.0,68,AICF,NA,NA,NA,NA,0.0,0,-52.28,-48.09,[],0,0,[],[]
3468050,3468850,OCH,CXN,0.0,68,AICF,RC,1,NT,FH,0.0,0,-36.37,-23.9,[],0,0,[],[]
3468850,3469970,NA,OLN,0.0,68,AICF,NA,NA,NA,NA,0.0,0,-34.99,-28.52,[],0,0,[],[]
3469970,3470770,NA,NOF,0.0,68,AICF,NA,NA,NA,NA,0.0,0,-43.7,-37.08,[],0,0,[],[]
3470770,3473110,NA,OLF,0.0,68,AICF,NA,NA,NA,NA,0.0,0,-34.33,-19.43,[],0,0,[],[]
3473110,3475220,OCH,CXN,0.0,68,AICF,EC,1,NT,FH,0.0,0,-36.89,-29.45,[],0,0,[],[]
3475220,3480510,NA,SIL,0.0,69,pause,NA,NA,NA,NA,0.0,0,-39.3,-22.63,[],0,0,[],[]
3480510,3481310,NA,NOF,0.0,69,pause,NA,NA,NA,NA,0.0,0,-31.87,-19.1,[],0,0,[],[]
3481310,3485080,NA,SIL,0.0,69,pause,NA,NA,NA,NA,0.0,0,-44.97,-27.54,[],0,0,[],[]
3485080,3486800,NA,TVF,0.0,69,pause,NA,NA,NA,NA,0.0,0,-42.26,-28.42,[],0,0,[],[]
3486800,3491350,NA,SIL,0.0,69,pause,NA,NA,NA,NA,0.0,0,-51.79,-36.83,[],0,0,[],[]
3491350,3495940,NA,NOF,0.0,69,pause,NA,NA,NA,NA,0.0,0,-37.82,-22.93,[],0,0,[],[]
3495940,3496780,NA,OLN,0.0,69,pause,NA,NA,NA,NA,0.0,0,-20.55,-4.39,[],0,0,[],[]
3496780,3498300,NA,NOF,0.0,69,pause,NA,NA,NA,NA,0.0,0,-39.81,-21.83,[],0,0,[],[]
3498300,3501460,NA,SIL,0.0,69,pause,NA,NA,NA,NA,0.0,0,-48.77,-39.49,[],0,0,[],[]
3501460,3502260,NA,NOF,0.0,69,pause,NA,NA,NA,NA,0.0,0,-46.25,-37.44,[],0,0,[],[]
3502260,3503060,NA,SIL,0.0,69,pause,NA,NA,NA,NA,0.0,0,-50.43,-40.64,[],0,0,[],[]
3503060,3503860,NA,NOF,0.0,69,pause,NA,NA,NA,NA,0.0,0,-44.25,-33.26,[],0,0,[],[]
3503860,3504660,NA,SIL,0.0,69,pause,NA,NA,NA,NA,0.0,0,-49.1,-40.02,[],0,0,[],[]
3504660,3507920,NA,NOF,0.0,69,pause,NA,NA,NA,NA,0.0,0,-43.75,-27.11,[],0,0,[],[]
3507920,3510230,NA,SIL,0.0,69,pause,NA,NA,NA,NA,0.0,0,-47.19,-25.52,[],0,0,[],[]
3510230,3511260,NA,FAF,0.0,69,pause,NA,NA,NA,NA,0.0,0,-48.81,-42.01,[],0,0,[],[]
3511260,3512400,NA,NOF,0.0,69,pause,NA,NA,NA,NA,0.0,0,-53.36,-49.15,[],0,0,[],[]
3512400,3513640,NA,SIL,0.0,69,pause,NA,NA,NA,NA,0.0,0,-50.51,-40.0,[],0,0,[],[]
3513640,3515190,NA,TVF,0.0,69,pause,NA,NA,NA,NA,0.0,0,-50.12,-40.93,[],0,0,[],[]
3515190,3516690,NA,SIL,0.0,69,pause,NA,NA,NA,NA,0.0,0,-51.14,-42.58,[],0,0,[],[]
3516690,3517980,NA,NOF,0.0,69,pause,NA,NA,NA,NA,0.0,0,-43.57,-27.15,[],0,0,[],[]
3517980,3518790,NA,OLF,0.0,69,pause,NA,NA,NA,NA,0.0,0,-33.01,-15.93,[],0,0,[],[]
3518790,3523410,NA,SIL,0.0,69,pause,NA,NA,NA,NA,0.0,0,-51.16,-39.86,[],0,0,[],[]
3523410,3524020,NA,MAF,0.0,69,pause,NA,NA,NA,NA,0.0,0,-44.83,-32.57,[],0,0,[],[]
3524020,3526290,NA,SIL,0.0,69,pause,NA,NA,NA,NA,0.0,0,-54.99,-48.9,[],0,0,[],[]
3526290,3531230,NA,NOF,0.0,69,pause,NA,NA,NA,NA,0.0,0,-41.95,-28.48,[],0,0,[],[]
3531230,3534060,NA,SIL,0.0,69,pause,NA,NA,NA,NA,0.0,0,-47.94,-36.98,[],0,0,[],[]
3534060,3535060,NA,OLF,0.0,69,pause,NA,NA,NA,NA,0.0,0,-35.11,-23.62,[],0,0,[],[]
3535060,3535910,NA,SIL,0.0,69,pause,NA,NA,NA,NA,0.0,0,-44.33,-36.05,[],0,0,[],[]
3535910,3536910,NA,TVF,0.0,69,pause,NA,NA,NA,NA,0.0,0,-46.84,-38.9,[],0,0,[],[]
3536910,3546180,NA,SIL,0.0,69,pause,NA,NA,NA,NA,0.0,0,-50.72,-30.71,[],0,0,[],[]
3546180,3547180,NA,MAF,0.0,69,pause,NA,NA,NA,NA,0.0,0,-39.9,-31.1,[],0,0,[],[]
3547180,3551600,NA,SIL,0.0,69,pause,NA,NA,NA,NA,0.0,0,-48.53,-35.63,[],0,0,[],[]
3551600,3553100,NA,NOF,0.0,69,pause,NA,NA,NA,NA,0.0,0,-42.25,-31.84,[],0,0,[],[]
3553100,3554820,NA,SIL,0.0,69,pause,NA,NA,NA,NA,0.0,0,-51.91,-45.34,[],0,0,[],[]
3554820,3555870,NA,FAF,0.0,69,pause,NA,NA,NA,NA,0.0,0,-42.38,-30.24,[],0,0,[],[]
3555870,3556850,NA,OLF,0.0,69,pause,NA,NA,NA,NA,0.0,0,-39.91,-34.89,[],0,0,[],[]
3556850,3557940,NA,SIL,0.0,69,pause,NA,NA,NA,NA,0.0,0,-52.12,-45.28,[],0,0,[],[]
3557940,3558950,NA,TVN,0.0,69,pause,NA,NA,NA,NA,0.0,0,-41.23,-31.94,[],0,0,[],[]
3558950,3560510,NA,NOF,0.0,69,pause,NA,NA,NA,NA,0.0,0,-45.52,-31.08,[],0,0,[],[]
3560510,3561380,NA,OLF,0.0,69,pause,NA,NA,NA,NA,0.0,0,-36.97,-25.19,[],0,0,[],[]
3561380,3562590,FEM,FAN,6.32,69,AIOCF,BC,0,NT,FI,0.0,0,-20.21,-14.61,[],0,0,[],[]
3562590,3564080,NA,OLF,0.0,69,AIOCF,NA,NA,NA,NA,0.0,0,-35.01,-25.79,[],0,0,[],[]
3564080,3564880,OCH,CXN,0.0,69,AIOCF,RC,0,NT,FI,0.0,0,-32.5,-21.12,[],0,0,[],[]
3564880,3566550,MAL,MAN,6.76,69,AIOCF,RC,0,NT,FI,0.0,0,-36.24,-27.2,[],0,0,[],[]
3566550,3567400,OCH,CXN,0.0,69,AIOCF,EC,0,NT,FI,0.0,0,-39.71,-34.76,[],0,0,[],[]
3567400,3569310,NA,TVF,0.0,70,pause,NA,NA,NA,NA,0.0,0,-47.89,-41.16,[],0,0,[],[]
3569310,3570590,NA,CXF,0.0,70,pause,NA,NA,NA,NA,0.0,0,-39.75,-34.33,[],0,0,[],[]
3570590,3573600,NA,SIL,0.0,70,pause,NA,NA,NA,NA,0.0,0,-48.6,-40.0,[],0,0,[],[]
3573600,3574800,NA,MAF,0.0,70,pause,NA,NA,NA,NA,0.0,0,-48.75,-34.15,[],0,0,[],[]
3574800,3577170,NA,SIL,0.0,70,pause,NA,NA,NA,NA,0.0,0,-43.72,-28.04,[],0,0,[],[]
3577170,3580110,NA,NOF,0.0,70,pause,NA,NA,NA,NA,0.0,0,-46.28,-37.62,[],0,0,[],[]
3580110,3581400,OCH,CXN,0.0,70,XIOCAC,BC,0,NT,FI,0.0,0,-25.59,-19.75,[],0,0,[],[]
3581400,3582760,OCH,CXN,0.0,70,XIOCAC,RC,0,NT,FH,0.0,0,-35.11,-25.99,[],0,0,[],[]
3582760,3583650,NA,FAF,0.0,70,XIOCAC,NA,NA,NA,NA,0.0,0,-48.36,-38.19,[],0,0,[],[]
3583650,3584490,NA,CXF,0.0,70,XIOCAC,NA,NA,NA,NA,0.0,0,-41.29,-32.87,[],0,0,[],[]
3584490,3586560,NA,OLF,0.0,70,XIOCAC,NA,NA,NA,NA,0.0,0,-36.02,-17.33,[],0,0,[],[]
3586560,3587390,NA,OLN,0.0,70,XIOCAC,NA,NA,NA,NA,0.0,0,-23.35,-15.33,[],0,0,[],[]
3587390,3589250,OCH,CXN,0.0,70,XIOCAC,RC,0,NT,FH,0.0,0,-27.89,-12.51,[],0,0,[],[]
3589250,3590580,NA,NOF,0.0,70,XIOCAC,NA,NA,NA,NA,0.0,0,-23.52,-7.71,[],0,0,[],[]
3590580,3591180,CHI,CHN,0.0,70,XIOCAC,RC,0,NT,FI,1.0,600,-15.52,-7.66,"[{'Canonical-syllable': '1', 'Growl': '0', 'High-freq-energy': '0', 'Long-island': '0', 'Low-tilt-spectrum': '0', 'Medium-island': '1', 'Short-island': '0', 'Squeal': '0', 'Typical-entropy': '1', 'Voicing-quality': '1', 'Wide-band': '0', 'Xlong-island': '0', 'seq': '1', 'end': 3591.18, 'start': 3590.58}]",0,0,[],[]
3591180,3592450,OCH,CXN,0.0,70,XIOCAC,RC,0,NT,FI,0.0,0,-19.19,-10.15,[],0,0,[],[]
3592450,3593550,NA,NOF,0.0,70,XIOCAC,NA,NA,NA,NA,0.0,0,-41.06,-33.29,[],0,0,[],[]
3593550,3595000,MAL,MAN,4.54,70,XIOCAC,EC,0,NT,FI,0.0,0,-19.59,-5.59,[],0,0,[],[]
3595000,3595810,NA,OLF,0.0,71,pause,NA,NA,NA,NA,0.0,0,-20.97,-9.9,[],0,0,[],[]
3595810,3596610,NA,CXF,0.0,71,pause,NA,NA,NA,NA,0.0,0,-38.98,-29.93,[],0,0,[],[]
3596610,3597410,NA,NOF,0.0,71,pause,NA,NA,NA,NA,0.0,0,-17.12,-3.78,[],0,0,[],[]
3597410,3598210,NA,SIL,0.0,71,pause,NA,NA,NA,NA,0.0,0,-45.08,-39.82,[],0,0,[],[]
3598210,3603120,NA,NOF,0.0,71,pause,NA,NA,NA,NA,0.0,0,-42.18,-29.61,[],0,0,[],[]
3603120,3604780,NA,SIL,0.0,71,pause,NA,NA,NA,NA,0.0,0,-46.91,-40.79,[],0,0,[],[]
3604780,3606730,NA,NOF,0.0,71,pause,NA,NA,NA,NA,0.0,0,-40.24,-22.82,[],0,0,[],[]
3606730,3607780,NA,SIL,0.0,71,pause,NA,NA,NA,NA,0.0,0,-33.66,-17.89,[],0,0,[],[]
3607780,3609020,NA,NOF,0.0,71,pause,NA,NA,NA,NA,0.0,0,-38.55,-26.82,[],0,0,[],[]
3609020,3610170,NA,SIL,0.0,71,pause,NA,NA,NA,NA,0.0,0,-43.6,-28.59,[],0,0,[],[]
3610170,3621860,NA,NOF,0.0,71,pause,NA,NA,NA,NA,0.0,0,-31.35,-4.24,[],0,0,[],[]
3621860,3622660,NA,OLN,0.0,71,pause,NA,NA,NA,NA,0.0,0,-18.31,-7.74,[],0,0,[],[]
3622660,3627160,NA,NOF,0.0,71,pause,NA,NA,NA,NA,0.0,0,-35.67,-23.17,[],0,0,[],[]
3627160,3627960,NA,SIL,0.0,71,pause,NA,NA,NA,NA,0.0,0,-41.11,-26.96,[],0,0,[],[]
3627960,3630920,NA,NOF,0.0,71,pause,NA,NA,NA,NA,0.0,0,-24.03,-5.07,[],0,0,[],[]
3630920,3631940,FEM,FAN,8.09,71,AIOCF,BC,0,NT,FI,0.0,0,-26.28,-19.99,[],0,0,[],[]
3631940,3632940,MAL,MAN,8.38,71,AIOCF,RC,0,NT,FI,0.0,0,-25.27,-16.84,[],0,0,[],[]
3632940,3633940,NA,NOF,0.0,71,AIOCF,NA,NA,NA,NA,0.0,0,-18.83,-0.85,[],0,0,[],[]
3633940,3634780,NA,OLN,0.0,71,AIOCF,NA,NA,NA,NA,0.0,0,-17.37,-5.68,[],0,0,[],[]
3634780,3635760,NA,NOF,0.0,71,AIOCF,NA,NA,NA,NA,0.0,0,-25.49,-11.47,[],0,0,[],[]
3635760,3636560,OCH,CXN,0.0,71,AIOCF,RC,0,NT,FI,0.0,0,-23.62,-16.42,[],0,0,[],[]
3636560,3638140,NA,NON,0.0,71,AIOCF,NA,NA,NA,NA,0.0,0,-35.72,-20.83,[],0,0,[],[]
3638140,3639140,MAL,MAN,4.83,71,AIOCF,EC,0,NT,FI,0.0,0,-29.93,-20.83,[],0,0,[],[]
3639140,3639940,NA,NOF,0.0,72,pause,NA,NA,NA,NA,0.0,0,-21.66,-4.77,[],0,0,[],[]
3639940,3642480,NA,OLN,0.0,72,pause,NA,NA,NA,NA,0.0,0,-27.44,-15.87,[],0,0,[],[]
3642480,3643320,NA,NOF,0.0,72,pause,NA,NA,NA,NA,0.0,0,-32.25,-22.23,[],0,0,[],[]
3643320,3646250,NA,OLF,0.0,72,pause,NA,NA,NA,NA,0.0,0,-33.21,-22.39,[],0,0,[],[]
3646250,3647410,MAL,MAN,9.47,72,AIOCM,BC,0,NT,FI,0.0,0,-35.8,-28.15,[],0,0,[],[]
3647410,3648160,OCH,CXN,0.0,72,AIOCM,EC,0,NT,FI,0.0,0,-27.73,-20.32,[],0,0,[],[]
3648160,3650130,NA,NOF,0.0,73,pause,NA,NA,NA,NA,0.0,0,-40.38,-30.78,[],0,0,[],[]
3650130,3650730,NA,FAF,0.0,73,pause,NA,NA,NA,NA,0.0,0,-32.22,-24.7,[],0,0,[],[]
3650730,3651620,NA,OLF,0.0,73,pause,NA,NA,NA,NA,0.0,0,-34.52,-20.69,[],0,0,[],[]
3651620,3656300,NA,NOF,0.0,73,pause,NA,NA,NA,NA,0.0,0,-41.74,-26.16,[],0,0,[],[]
3656300,3656900,CHI,CHN,0.0,73,CM,EC,0,NT,FI,1.0,600,-34.59,-27.54,"[{'Canonical-syllable': '0', 'Growl': '0', 'High-freq-energy': '1', 'Long-island': '0', 'Low-tilt-spectrum': '1', 'Medium-island': '1', 'Short-island': '0', 'Squeal': '0', 'Typical-entropy': '1', 'Voicing-quality': '1', 'Wide-band': '0', 'Xlong-island': '0', 'seq': '1', 'end': 3656.9, 'start': 3656.3}]",0,0,[],[]
3656900,3658840,NA,NOF,0.0,74,pause,NA,NA,NA,NA,0.0,0,-37.53,-26.16,[],0,0,[],[]
3658840,3662380,NA,OLF,0.0,74,pause,NA,NA,NA,NA,0.0,0,-21.39,-3.41,[],0,0,[],[]
3662380,3663180,NA,OLN,0.0,74,pause,NA,NA,NA,NA,0.0,0,-33.94,-26.81,[],0,0,[],[]
3663180,3664210,NA,NON,0.0,74,pause,NA,NA,NA,NA,0.0,0,-36.61,-28.03,[],0,0,[],[]
3664210,3665120,NA,OLF,0.0,74,pause,NA,NA,NA,NA,0.0,0,-25.05,-6.81,[],0,0,[],[]
3665120,3666930,NA,NON,0.0,74,pause,NA,NA,NA,NA,0.0,0,-33.07,-23.05,[],0,0,[],[]
3666930,3668170,CHI,CHN,0.0,74,CM,BC,0,NT,FI,2.0,920,-18.61,-11.8,"[{'Canonical-syllable': '0', 'Growl': '1', 'High-freq-energy': '0', 'Long-island': '0', 'Low-tilt-spectrum': '0', 'Medium-island': '1', 'Short-island': '0', 'Squeal': '0', 'Typical-entropy': '1', 'Voicing-quality': '1', 'Wide-band': '0', 'Xlong-island': '0', 'seq': '1', 'end': 3667.19, 'start': 3666.93}, {'Canonical-syllable': '2', 'Growl': '0', 'High-freq-energy': '0', 'Long-island': '0', 'Low-tilt-spectrum': '0', 'Medium-island': '1', 'Short-island': '1', 'Squeal': '0', 'Typical-entropy': '0', 'Voicing-quality': '2', 'Wide-band': '0', 'Xlong-island': '0', 'seq': '2', 'end': 3668.17, 'start': 3667.51}]",0,0,[],[]
3668170,3669260,NA,NOF,0.0,74,CM,NA,NA,NA,NA,0.0,0,-40.77,-32.91,[],0,0,[],[]
3669260,3671040,CHI,CHN,0.0,74,CM,RC,0,NT,FH,1.0,1780,-20.07,-10.07,"[{'Canonical-syllable': '1', 'Growl': '0', 'High-freq-energy': '0', 'Long-island': '0', 'Low-tilt-spectrum': '1', 'Medium-island': '3', 'Short-island': '1', 'Squeal': '0', 'Typical-entropy': '1', 'Voicing-quality': '4', 'Wide-band': '0', 'Xlong-island': '0', 'seq': '1', 'end': 3671.04, 'start': 3669.26}]",0,0,[],[]
3671040,3673510,NA,SIL,0.0,74,CM,NA,NA,NA,NA,0.0,0,-46.98,-40.47,[],0,0,[],[]
3673510,3675120,CHI,CHN,0.0,74,CM,RC,0,NT,FH,1.0,1440,-17.54,-8.7,"[{'Canonical-syllable': '3', 'Growl': '0', 'High-freq-energy': '0', 'Long-island': '0', 'Low-tilt-spectrum': '2', 'Medium-island': '1', 'Short-island': '3', 'Squeal': '0', 'Typical-entropy': '3', 'Voicing-quality': '4', 'Wide-band': '0', 'Xlong-island': '0', 'seq': '1', 'end': 3674.95, 'start': 3673.6}]",0,0,[],[]
3675120,3677010,NA,SIL,0.0,74,CM,NA,NA,NA,NA,0.0,0,-44.82,-28.76,[],0,0,[],[]
3677010,3678140,CHI,CHN,0.0,74,CM,RC,0,NT,FH,1.0,950,-18.5,-11.17,"[{'Canonical-syllable': '0', 'Growl': '0', 'High-freq-energy': '0', 'Long-island': '0', 'Low-tilt-spectrum': '1', 'Medium-island': '1', 'Short-island': '1', 'Squeal': '0', 'Typical-entropy': '3', 'Voicing-quality': '3', 'Wide-band': '0', 'Xlong-island': '0', 'seq': '1', 'end': 3677.96, 'start': 3677.1}]",0,0,[],[]
3678140,3678770,CHI,CHN,0.0,74,CM,EC,0,NT,FH,1.0,540,-18.63,-10.14,"[{'Canonical-syllable': '0', 'Growl': '0', 'High-freq-energy': '0', 'Long-island': '0', 'Low-tilt-spectrum': '0', 'Medium-island': '1', 'Short-island': '0', 'Squeal': '0', 'Typical-entropy': '1', 'Voicing-quality': '1', 'Wide-band': '0', 'Xlong-island': '0', 'seq': '1', 'end': 3678.68, 'start': 3678.14}]",0,0,[],[]
3678770,3679890,NA,NOF,0.0,75,pause,NA,NA,NA,NA,0.0,0,-16.55,-3.77,[],0,0,[],[]
3679890,3680940,NA,OLN,0.0,75,pause,NA,NA,NA,NA,0.0,0,-20.98,-4.07,[],0,0,[],[]
3680940,3682240,NA,NOF,0.0,75,pause,NA,NA,NA,NA,0.0,0,-35.98,-25.05,[],0,0,[],[]
3682240,3684230,NA,OLN,0.0,75,pause,NA,NA,NA,NA,0.0,0,-25.46,-15.21,[],0,0,[],[]
3684230,3685030,NA,NOF,0.0,75,pause,NA,NA,NA,NA,0.0,0,-37.54,-27.15,[],0,0,[],[]
3685030,3685830,NA,OLN,0.0,75,pause,NA,NA,NA,NA,0.0,0,-24.91,-12.89,[],0,0,[],[]
3685830,3686630,NA,CXF,0.0,75,pause,NA,NA,NA,NA,0.0,0,-46.06,-42.5,[],0,0,[],[]
3686630,3688260,CHI,CHN,0.0,75,CIOCX,BC,0,NT,FI,2.0,860,-17.31,-10.13,"[{'Canonical-syllable': '0', 'Growl': '0', 'High-freq-energy': '0', 'Long-island': '0', 'Low-tilt-spectrum': '0', 'Medium-island': '1', 'Short-island': '0', 'Squeal': '0', 'Typical-entropy': '1', 'Voicing-quality': '1', 'Wide-band': '0', 'Xlong-island': '0', 'seq': '1', 'end': 3687.02, 'start': 3686.63}, {'Canonical-syllable': '0', 'Growl': '0', 'High-freq-energy': '0', 'Long-island': '0', 'Low-tilt-spectrum': '1', 'Medium-island': '1', 'Short-island': '0', 'Squeal': '0', 'Typical-entropy': '1', 'Voicing-quality': '1', 'Wide-band': '0', 'Xlong-island': '0', 'seq': '2', 'end': 3688.26, 'start': 3687.79}]",0,0,[],[]
3688260,3691100,OCH,CXN,0.0,75,CIOCX,RC,0,NT,FI,0.0,0,-22.02,-11.19,[],0,0,[],[]
3691100,3691900,OCH,CXN,0.0,75,CIOCX,RC,0,NT,FH,0.0,0,-36.28,-27.26,[],0,0,[],[]
3691900,3692710,NA,NOF,0.0,75,CIOCX,NA,NA,NA,NA,0.0,0,-36.15,-21.18,[],0,0,[],[]
3692710,3693310,OCH,CXN,0.0,75,CIOCX,RC,0,NT,FH,0.0,0,-21.58,-11.4,[],0,0,[],[]
3693310,3694850,CHI,CHN,0.0,75,CIOCX,RC,0,NT,FI,1.0,1410,-19.12,-11.9,"[{'Canonical-syllable': '0', 'Growl': '0', 'High-freq-energy': '0', 'Long-island': '2', 'Low-tilt-spectrum': '0', 'Medium-island': '0', 'Short-island': '0', 'Squeal': '0', 'Typical-entropy': '0', 'Voicing-quality': '2', 'Wide-band': '0', 'Xlong-island': '0', 'seq': '1', 'end': 3694.72, 'start': 3693.31}]",0,0,[],[]
3694850,3695500,CHI,CHN,0.0,75,CIOCX,EC,0,NT,FH,1.0,290,-20.95,-11.4,"[{'Canonical-syllable': '0', 'Growl': '0', 'High-freq-energy': '0', 'Long-island': '0', 'Low-tilt-spectrum': '0', 'Medium-island': '1', 'Short-island': '0', 'Squeal': '0', 'Typical-entropy': '1', 'Voicing-quality': '1', 'Wide-band': '0', 'Xlong-island': '0', 'seq': '1', 'end': 3695.14, 'start': 3694.85}]",0,0,[],[]
3695500,3697040,NA,NOF,0.0,76,pause,NA,NA,NA,NA,0.0,0,-43.98,-32.45,[],0,0,[],[]
3697040,3697840,NA,SIL,0.0,76,pause,NA,NA,NA,NA,0.0,0,-42.3,-32.12,[],0,0,[],[]
3697840,3699680,NA,NOF,0.0,76,pause,NA,NA,NA,NA,0.0,0,-39.32,-24.18,[],0,0,[],[]
3699680,3700510,NA,SIL,0.0,76,pause,NA,NA,NA,NA,0.0,0,-45.3,-35.7,[],0,0,[],[]
3700510,3701500,CHI,CHN,0.0,76,pause,NA,NA,NA,NA,0.0,0,-16.25,-7.85,[],0,990,"[{'start': 3700.51, 'end': 3701.5}]",[]
3701500,3702330,NA,FAF,0.0,76,pause,NA,NA,NA,NA,0.0,0,-36.02,-27.27,[],0,0,[],[]
3702330,3703690,NA,SIL,0.0,76,pause,NA,NA,NA,NA,0.0,0,-48.44,-42.85,[],0,0,[],[]
3703690,3704300,NA,CXF,0.0,76,pause,NA,NA,NA,NA,0.0,0,-37.73,-28.81,[],0,0,[],[]
3704300,3705100,NA,SIL,0.0,76,pause,NA,NA,NA,NA,0.0,0,-42.79,-30.92,[],0,0,[],[]
3705100,3705900,OCH,CXN,0.0,76,XIOCC,BC,0,NT,FI,0.0,0,-27.99,-15.45,[],0,0,[],[]
3705900,3706840,CHI,CHN,0.0,76,XIOCC,RC,0,NT,FI,1.0,940,-15.65,-9.45,"[{'Canonical-syllable': '2', 'Growl': '0', 'High-freq-energy': '0', 'Long-island': '0', 'Low-tilt-spectrum': '0', 'Medium-island': '2', 'Short-island': '0', 'Squeal': '0', 'Typical-entropy': '2', 'Voicing-quality': '2', 'Wide-band': '0', 'Xlong-island': '0', 'seq': '1', 'end': 3706.84, 'start': 3705.9}]",0,0,[],[]
3706840,3708230,OCH,CXN,0.0,76,XIOCC,EC,0,NT,FI,0.0,0,-24.25,-11.68,[],0,0,[],[]
3708230,3708830,FEM,FAN,0.0,77,pause,NA,NA,NA,NA,0.0,0,-24.72,-19.83,[],600,0,[],[]
3708830,3710460,NA,OLN,0.0,77,pause,NA,NA,NA,NA,0.0,0,-25.93,-17.24,[],0,0,[],[]
3710460,3711060,CHI,CHN,0.0,77,pause,NA,NA,NA,NA,0.0,0,-15.57,-10.13,[],0,600,"[{'start': 3710.46, 'end': 3711.06}]",[]
3711060,3711860,NA,OLN,0.0,77,pause,NA,NA,NA,NA,0.0,0,-17.32,-4.1,[],0,0,[],[]
3711860,3715140,NA,NOF,0.0,77,pause,NA,NA,NA,NA,0.0,0,-36.88,-20.47,[],0,0,[],[]
3715140,3716820,CHI,CHN,0.0,77,CIOCX,BC,0,NT,FI,1.0,1510,-19.07,-5.66,"[{'Canonical-syllable': '1', 'Growl': '0', 'High-freq-energy': '0', 'Long-island': '0', 'Low-tilt-spectrum': '1', 'Medium-island': '1', 'Short-island': '3', 'Squeal': '0', 'Typical-entropy': '2', 'Voicing-quality': '4', 'Wide-band': '0', 'Xlong-island': '0', 'seq': '1', 'end': 3716.65, 'start': 3715.14}]",0,0,[],[]
3716820,3718260,NA,NOF,0.0,77,CIOCX,NA,NA,NA,NA,0.0,0,-42.87,-33.13,[],0,0,[],[]
3718260,3719680,OCH,CXN,0.0,77,CIOCX,EC,0,NT,FI,0.0,0,-28.41,-15.46,[],0,0,[],[]
3719680,3720580,NA,SIL,0.0,78,pause,NA,NA,NA,NA,0.0,0,-45.28,-36.96,[],0,0,[],[]
3720580,3722650,NA,NOF,0.0,78,pause,NA,NA,NA,NA,0.0,0,-34.3,-22.35,[],0,0,[],[]
3722650,3723450,NA,OLN,0.0,78,pause,NA,NA,NA,NA,0.0,0,-25.34,-12.73,[],0,0,[],[]
3723450,3724260,NA,NON,0.0,78,pause,NA,NA,NA,NA,0.0,0,-25.26,-9.75,[],0,0,[],[]
3724260,3727670,NA,OLN,0.0,78,pause,NA,NA,NA,NA,0.0,0,-21.05,-3.13,[],0,0,[],[]
3727670,3728470,OCH,CXN,0.0,78,XM,EC,0,NT,FI,0.0,0,-32.23,-26.62,[],0,0,[],[]
3728470,3732140,NA,NOF,0.0,79,pause,NA,NA,NA,NA,0.0,0,-42.23,-32.66,[],0,0,[],[]
3732140,3736670,NA,SIL,0.0,79,pause,NA,NA,NA,NA,0.0,0,-47.04,-35.78,[],0,0,[],[]
3736670,3737280,CHI,CHN,0.0,79,CIOCX,BC,0,NT,FI,1.0,530,-25.35,-18.87,"[{'Canonical-syllable': '1', 'Growl': '0', 'High-freq-energy': '0', 'Long-island': '0', 'Low-tilt-spectrum': '0', 'Medium-island': '1', 'Short-island': '0', 'Squeal': '0', 'Typical-entropy': '1', 'Voicing-quality': '1', 'Wide-band': '0', 'Xlong-island': '0', 'seq': '1', 'end': 3737.2, 'start': 3736.85}]",0,0,[],[]
3737280,3738770,NA,NOF,0.0,79,CIOCX,NA,NA,NA,NA,0.0,0,-38.43,-25.78,[],0,0,[],[]
3738770,3739490,CHI,CHN,0.0,79,CIOCX,RC,0,NT,FH,1.0,720,-19.91,-12.55,"[{'Canonical-syllable': '1', 'Growl': '0', 'High-freq-energy': '0', 'Long-island': '0', 'Low-tilt-spectrum': '1', 'Medium-island': '1', 'Short-island': '1', 'Squeal': '0', 'Typical-entropy': '2', 'Voicing-quality': '2', 'Wide-band': '0', 'Xlong-island': '0', 'seq': '1', 'end': 3739.49, 'start': 3738.77}]",0,0,[],[]
3739490,3740290,NA,SIL,0.0,79,CIOCX,NA,NA,NA,NA,0.0,0,-48.5,-44.96,[],0,0,[],[]
3740290,3741090,NA,NOF,0.0,79,CIOCX,NA,NA,NA,NA,0.0,0,-45.02,-37.22,[],0,0,[],[]
3741090,3741890,NA,SIL,0.0,79,CIOCX,NA,NA,NA,NA,0.0,0,-48.43,-43.8,[],0,0,[],[]
3741890,3743040,OCH,CXN,0.0,79,CIOCX,RC,0,NT,FI,0.0,0,-24.29,-14.95,[],0,0,[],[]
3743040,3743760,CHI,CHN,0.0,79,CIOCX,NA,NA,NA,NA,0.0,0,-16.06,-10.46,[],0,460,"[{'start': 3743.04, 'end': 3743.5}]",[]
3743760,3745240,OCH,CXN,0.0,79,CIOCX,RC,0,NT,FH,0.0,0,-21.79,-10.14,[],0,0,[],[]
3745240,3745840,CHI,CHN,0.0,79,CIOCX,NA,NA,NA,NA,0.0,0,-14.14,-6.74,[],0,450,"[{'start': 3745.24, 'end': 3745.69}]",[]
3745840,3747300,CHI,CHN,0.0,79,CIOCX,RC,0,NT,FI,1.0,610,-20.08,-11.36,"[{'Canonical-syllable': '0', 'Growl': '0', 'High-freq-energy': '0', 'Long-island': '1', 'Low-tilt-spectrum': '0', 'Medium-island': '0', 'Short-island': '0', 'Squeal': '0', 'Typical-entropy': '0', 'Voicing-quality': '1', 'Wide-band': '0', 'Xlong-island': '0', 'seq': '1', 'end': 3747.2, 'start': 3746.59}]",0,0,[],[]
3747300,3747990,CHI,CHN,0.0,79,CIOCX,NA,NA,NA,NA,0.0,0,-16.05,-11.49,[],0,690,"[{'start': 3747.3, 'end': 3747.99}]",[]
3747990,3748990,CHI,CHN,0.0,79,CIOCX,RC,0,NT,FH,2.0,380,-31.36,-20.14,"[{'Canonical-syllable': '0', 'Growl': '0', 'High-freq-energy': '1', 'Long-island': '0', 'Low-tilt-spectrum': '1', 'Medium-island': '0', 'Short-island': '1', 'Squeal': '0', 'Typical-entropy': '1', 'Voicing-quality': '0', 'Wide-band': '1', 'Xlong-island': '0', 'seq': '1', 'end': 3748.21, 'start': 3747.99}, {'Canonical-syllable': '1', 'Growl': '0', 'High-freq-energy': '0', 'Long-island': '0', 'Low-tilt-spectrum': '0', 'Medium-island': '0', 'Short-island': '1', 'Squeal': '0', 'Typical-entropy': '0', 'Voicing-quality': '1', 'Wide-band': '0', 'Xlong-island': '0', 'seq': '2', 'end': 3748.99, 'start': 3748.83}]",0,0,[],[]
3748990,3749980,CHI,CHN,0.0,79,CIOCX,EC,0,NT,FH,1.0,900,-20.7,-11.93,"[{'Canonical-syllable': '0', 'Growl': '0', 'High-freq-energy': '0', 'Long-island': '1', 'Low-tilt-spectrum': '0', 'Medium-island': '0', 'Short-island': '1', 'Squeal': '0', 'Typical-entropy': '2', 'Voicing-quality': '2', 'Wide-band': '0', 'Xlong-island': '0', 'seq': '1', 'end': 3749.89, 'start': 3748.99}]",0,0,[],[]
3749980,3752370,NA,SIL,0.0,80,pause,NA,NA,NA,NA,0.0,0,-45.79,-32.76,[],0,0,[],[]
3752370,3753690,NA,NOF,0.0,80,pause,NA,NA,NA,NA,0.0,0,-34.99,-14.42,[],0,0,[],[]
3753690,3755150,NA,OLN,0.0,80,pause,NA,NA,NA,NA,0.0,0,-16.5,-2.86,[],0,0,[],[]
3755150,3756440,NA,NOF,0.0,80,pause,NA,NA,NA,NA,0.0,0,-28.51,-9.68,[],0,0,[],[]
3756440,3757860,NA,OLF,0.0,80,pause,NA,NA,NA,NA,0.0,0,-19.74,-4.27,[],0,0,[],[]
3757860,3758500,OCH,CXN,0.0,80,XIOCC,BC,0,NT,FI,0.0,0,-36.85,-30.98,[],0,0,[],[]
3758500,3759430,NA,OLN,0.0,80,XIOCC,NA,NA,NA,NA,0.0,0,-21.08,-4.4,[],0,0,[],[]
3759430,3762520,NA,NON,0.0,80,XIOCC,NA,NA,NA,NA,0.0,0,-17.79,-3.01,[],0,0,[],[]
3762520,3763520,NA,CHF,0.0,80,XIOCC,EC,0,NT,FI,2.0,540,-36.39,-26.16,"[{'Canonical-syllable': '0', 'Growl': '1', 'High-freq-energy': '0', 'Long-island': '0', 'Low-tilt-spectrum': '1', 'Medium-island': '1', 'Short-island': '0', 'Squeal': '0', 'Typical-entropy': '1', 'Voicing-quality': '1', 'Wide-band': '0', 'Xlong-island': '0', 'seq': '1', 'end': 3762.82, 'start': 3762.52}, {'Canonical-syllable': '0', 'Growl': '1', 'High-freq-energy': '0', 'Long-island': '0', 'Low-tilt-spectrum': '1', 'Medium-island': '0', 'Short-island': '1', 'Squeal': '0', 'Typical-entropy': '1', 'Voicing-quality': '1', 'Wide-band': '0', 'Xlong-island': '0', 'seq': '2', 'end': 3763.52, 'start': 3763.28}]",0,0,[],[]
3763520,3764320,NA,OLF,0.0,81,pause,NA,NA,NA,NA,0.0,0,-22.61,-5.89,[],0,0,[],[]
3764320,3768490,NA,NOF,0.0,81,pause,NA,NA,NA,NA,0.0,0,-23.04,-3.5,[],0,0,[],[]
3768490,3769990,NA,SIL,0.0,81,pause,NA,NA,NA,NA,0.0,0,-47.26,-38.16,[],0,0,[],[]
3769990,3770800,NA,NOF,0.0,81,pause,NA,NA,NA,NA,0.0,0,-46.6,-42.44,[],0,0,[],[]
3770800,3772120,NA,SIL,0.0,81,pause,NA,NA,NA,NA,0.0,0,-49.03,-42.31,[],0,0,[],[]
3772120,3773770,OCH,CXN,0.0,81,XM,EC,0,NT,FI,0.0,0,-24.55,-14.41,[],0,0,[],[]
3773770,3775300,NA,SIL,0.0,82,pause,NA,NA,NA,NA,0.0,0,-45.55,-36.82,[],0,0,[],[]
3775300,3779110,NA,OLF,0.0,82,pause,NA,NA,NA,NA,0.0,0,-33.22,-18.95,[],0,0,[],[]
3779110,3783680,NA,NOF,0.0,82,pause,NA,NA,NA,NA,0.0,0,-32.16,-14.03,[],0,0,[],[]
3783680,3790180,NA,SIL,0.0,82,pause,NA,NA,NA,NA,0.0,0,-49.13,-41.67,[],0,0,[],[]
3790180,3791360,NA,TVF,0.0,82,pause,NA,NA,NA,NA,0.0,0,-31.46,-20.29,[],0,0,[],[]
3791360,3792780,NA,SIL,0.0,82,pause,NA,NA,NA,NA,0.0,0,-43.78,-34.15,[],0,0,[],[]
3792780,3793580,NA,NOF,0.0,82,pause,NA,NA,NA,NA,0.0,0,-41.56,-33.97,[],0,0,[],[]
3793580,3807390,NA,SIL,0.0,82,pause,NA,NA,NA,NA,0.0,0,-47.13,-29.8,[],0,0,[],[]
3807390,3808960,NA,TVF,0.0,82,pause,NA,NA,NA,NA,0.0,0,-49.69,-45.57,[],0,0,[],[]
3808960,3810160,NA,SIL,0.0,82,pause,NA,NA,NA,NA,0.0,0,-48.95,-44.2,[],0,0,[],[]
3810160,3812090,NA,TVF,0.0,82,pause,NA,NA,NA,NA,0.0,0,-47.52,-38.72,[],0,0,[],[]
3812090,3814760,NA,SIL,0.0,82,pause,NA,NA,NA,NA,0.0,0,-49.11,-44.41,[],0,0,[],[]
3814760,3816890,NA,NOF,0.0,82,pause,NA,NA,NA,NA,0.0,0,-31.66,-12.86,[],0,0,[],[]
3816890,3818110,NA,SIL,0.0,82,pause,NA,NA,NA,NA,0.0,0,-46.52,-41.16,[],0,0,[],[]
3818110,3819120,NA,NOF,0.0,82,pause,NA,NA,NA,NA,0.0,0,-34.0,-22.13,[],0,0,[],[]
3819120,3820130,NA,SIL,0.0,82,pause,NA,NA,NA,NA,0.0,0,-46.64,-32.37,[],0,0,[],[]
3820130,3820930,NA,CXF,0.0,82,pause,NA,NA,NA,NA,0.0,0,-46.49,-41.66,[],0,0,[],[]
3820930,3822160,NA,NOF,0.0,82,pause,NA,NA,NA,NA,0.0,0,-45.28,-37.71,[],0,0,[],[]
3822160,3827480,NA,SIL,0.0,82,pause,NA,NA,NA,NA,0.0,0,-45.57,-27.62,[],0,0,[],[]
3827480,3828670,NA,NOF,0.0,82,pause,NA,NA,NA,NA,0.0,0,-35.14,-16.65,[],0,0,[],[]
3828670,3835400,NA,SIL,0.0,82,pause,NA,NA,NA,NA,0.0,0,-47.97,-34.3,[],0,0,[],[]
3835400,3836560,NA,NOF,0.0,82,pause,NA,NA,NA,NA,0.0,0,-39.53,-26.62,[],0,0,[],[]
3836560,3840590,NA,SIL,0.0,82,pause,NA,NA,NA,NA,0.0,0,-47.35,-37.39,[],0,0,[],[]
3840590,3841610,NA,TVF,0.0,82,pause,NA,NA,NA,NA,0.0,0,-46.3,-41.27,[],0,0,[],[]
3841610,3855370,NA,SIL,0.0,82,pause,NA,NA,NA,NA,0.0,0,-47.3,-32.41,[],0,0,[],[]
3855370,3856880,NA,NOF,0.0,82,pause,NA,NA,NA,NA,0.0,0,-44.88,-37.41,[],0,0,[],[]
3856880,3864150,NA,SIL,0.0,82,pause,NA,NA,NA,NA,0.0,0,-46.98,-35.24,[],0,0,[],[]
3864150,3865240,NA,NOF,0.0,82,pause,NA,NA,NA,NA,0.0,0,-44.47,-36.49,[],0,0,[],[]
3865240,3866000,CHI,CHN,0.0,82,CM,EC,0,NT,FI,1.0,760,-31.46,-25.82,"[{'Canonical-syllable': '0', 'Growl': '1', 'High-freq-energy': '1', 'Long-island': '1', 'Low-tilt-spectrum': '1', 'Medium-island': '0', 'Short-island': '0', 'Squeal': '0', 'Typical-entropy': '1', 'Voicing-quality': '1', 'Wide-band': '0', 'Xlong-island': '0', 'seq': '1', 'end': 3866.0, 'start': 3865.24}]",0,0,[],[]
3866000,3866810,NA,SIL,0.0,83,pause,NA,NA,NA,NA,0.0,0,-48.51,-43.45,[],0,0,[],[]
3866810,3869210,NA,NOF,0.0,83,pause,NA,NA,NA,NA,0.0,0,-40.34,-26.16,[],0,0,[],[]
3869210,3870070,NA,SIL,0.0,83,pause,NA,NA,NA,NA,0.0,0,-47.85,-43.41,[],0,0,[],[]
3870070,3870690,NA,TVF,0.0,83,pause,NA,NA,NA,NA,0.0,0,-46.27,-42.35,[],0,0,[],[]
3870690,3872550,NA,SIL,0.0,83,pause,NA,NA,NA,NA,0.0,0,-48.1,-41.36,[],0,0,[],[]
3872550,3874520,NA,NOF,0.0,83,pause,NA,NA,NA,NA,0.0,0,-36.29,-27.41,[],0,0,[],[]
3874520,3875790,NA,OLN,0.0,83,pause,NA,NA,NA,NA,0.0,0,-29.44,-22.59,[],0,0,[],[]
3875790,3876420,CHI,CHN,0.0,83,CIOCAX,BC,0,NT,FI,1.0,240,-24.9,-14.46,"[{'Canonical-syllable': '1', 'Growl': '0', 'High-freq-energy': '0', 'Long-island': '0', 'Low-tilt-spectrum': '0', 'Medium-island': '0', 'Short-island': '1', 'Squeal': '0', 'Typical-entropy': '0', 'Voicing-quality': '1', 'Wide-band': '0', 'Xlong-island': '0', 'seq': '1', 'end': 3876.42, 'start': 3876.18}]",0,0,[],[]
3876420,3877740,NA,NOF,0.0,83,CIOCAX,NA,NA,NA,NA,0.0,0,-36.97,-19.81,[],0,0,[],[]
3877740,3878400,CHI,CHN,0.0,83,CIOCAX,RC,0,NT,FH,1.0,660,-15.41,-4.7,"[{'Canonical-syllable': '0', 'Growl': '1', 'High-freq-energy': '1', 'Long-island': '0', 'Low-tilt-spectrum': '1', 'Medium-island': '1', 'Short-island': '0', 'Squeal': '0', 'Typical-entropy': '1', 'Voicing-quality': '0', 'Wide-band': '0', 'Xlong-island': '0', 'seq': '1', 'end': 3878.4, 'start': 3877.92}]",0,0,[],[]
3878400,3879280,NA,NOF,0.0,83,CIOCAX,NA,NA,NA,NA,0.0,0,-32.98,-21.84,[],0,0,[],[]
3879280,3880520,OCH,CXN,0.0,83,CIOCAX,RC,0,NT,FI,0.0,0,-29.44,-14.21,[],0,0,[],[]
3880520,3881590,NA,SIL,0.0,83,CIOCAX,NA,NA,NA,NA,0.0,0,-45.68,-39.19,[],0,0,[],[]
3881590,3882390,OCH,CXN,0.0,83,CIOCAX,RC,0,NT,FH,0.0,0,-38.0,-29.41,[],0,0,[],[]
3882390,3885530,NA,SIL,0.0,83,CIOCAX,NA,NA,NA,NA,0.0,0,-47.57,-40.72,[],0,0,[],[]
3885530,3886330,OCH,CXN,0.0,83,CIOCAX,RC,0,NT,FH,0.0,0,-40.42,-31.8,[],0,0,[],[]
3886330,3887830,NA,SIL,0.0,83,CIOCAX,NA,NA,NA,NA,0.0,0,-48.09,-39.54,[],0,0,[],[]
3887830,3888940,NA,FAF,0.0,83,CIOCAX,NA,NA,NA,NA,0.0,0,-36.93,-22.25,[],0,0,[],[]
3888940,3890240,NA,SIL,0.0,83,CIOCAX,NA,NA,NA,NA,0.0,0,-45.86,-34.2,[],0,0,[],[]
3890240,3891320,FEM,FAN,1.14,83,CIOCAX,EC,0,NT,FI,0.0,0,-31.97,-23.4,[],0,0,[],[]
3891320,3893160,NA,NOF,0.0,84,pause,NA,NA,NA,NA,0.0,0,-42.08,-35.73,[],0,0,[],[]
3893160,3893960,NA,OLF,0.0,84,pause,NA,NA,NA,NA,0.0,0,-38.42,-29.9,[],0,0,[],[]
3893960,3895740,NA,NON,0.0,84,pause,NA,NA,NA,NA,0.0,0,-33.21,-22.39,[],0,0,[],[]
3895740,3898050,NA,SIL,0.0,84,pause,NA,NA,NA,NA,0.0,0,-48.23,-37.02,[],0,0,[],[]
3898050,3899050,NA,FAF,0.0,84,pause,NA,NA,NA,NA,0.0,0,-39.1,-30.08,[],0,0,[],[]
3899050,3899850,NA,SIL,0.0,84,pause,NA,NA,NA,NA,0.0,0,-48.49,-44.31,[],0,0,[],[]
3899850,3901710,NA,NOF,0.0,84,pause,NA,NA,NA,NA,0.0,0,-43.44,-31.92,[],0,0,[],[]
3901710,3902630,NA,SIL,0.0,84,pause,NA,NA,NA,NA,0.0,0,-46.27,-39.02,[],0,0,[],[]
3902630,3904530,NA,NOF,0.0,84,pause,NA,NA,NA,NA,0.0,0,-45.87,-35.97,[],0,0,[],[]
3904530,3905360,NA,SIL,0.0,84,pause,NA,NA,NA,NA,0.0,0,-47.55,-41.86,[],0,0,[],[]
3905360,3906200,NA,NOF,0.0,84,pause,NA,NA,NA,NA,0.0,0,-42.86,-33.44,[],0,0,[],[]
3906200,3907000,NA,SIL,0.0,84,pause,NA,NA,NA,NA,0.0,0,-49.51,-42.8,[],0,0,[],[]
3907000,3907800,NA,CXF,0.0,84,pause,NA,NA,NA,NA,0.0,0,-44.14,-36.12,[],0,0,[],[]
3907800,3910800,NA,SIL,0.0,84,pause,NA,NA,NA,NA,0.0,0,-46.2,-30.69,[],0,0,[],[]
3910800,3911750,NA,NOF,0.0,84,pause,NA,NA,NA,NA,0.0,0,-43.57,-36.38,[],0,0,[],[]
3911750,3912550,NA,OLF,0.0,84,pause,NA,NA,NA,NA,0.0,0,-38.0,-29.78,[],0,0,[],[]
3912550,3913350,NA,NOF,0.0,84,pause,NA,NA,NA,NA,0.0,0,-43.66,-35.23,[],0,0,[],[]
3913350,3914360,MAL,MAN,4.53,84,AMM,EC,0,NT,FI,0.0,0,-36.03,-27.33,[],0,0,[],[]
3914360,3915890,NA,OLF,0.0,85,pause,NA,NA,NA,NA,0.0,0,-32.35,-19.08,[],0,0,[],[]
3915890,3917490,NA,NOF,0.0,85,pause,NA,NA,NA,NA,0.0,0,-35.29,-20.71,[],0,0,[],[]
3917490,3919200,NA,OLN,0.0,85,pause,NA,NA,NA,NA,0.0,0,-23.55,-13.55,[],0,0,[],[]
3919200,3920120,NA,NOF,0.0,85,pause,NA,NA,NA,NA,0.0,0,-32.63,-18.88,[],0,0,[],[]
3920120,3921500,OCH,CXN,0.0,85,XIC,BC,0,NT,FI,0.0,0,-37.07,-30.88,[],0,0,[],[]
3921500,3922310,NA,NOF,0.0,85,XIC,NA,NA,NA,NA,0.0,0,-42.55,-31.43,[],0,0,[],[]
3922310,3922930,CHI,CHN,0.0,85,XIC,RC,0,NT,FI,1.0,240,-20.86,-11.64,"[{'Canonical-syllable': '1', 'Growl': '0', 'High-freq-energy': '0', 'Long-island': '0', 'Low-tilt-spectrum': '0', 'Medium-island': '0', 'Short-island': '1', 'Squeal': '0', 'Typical-entropy': '1', 'Voicing-quality': '1', 'Wide-band': '0', 'Xlong-island': '0', 'seq': '1', 'end': 3922.93, 'start': 3922.69}]",0,0,[],[]
3922930,3924520,NA,NOF,0.0,85,XIC,NA,NA,NA,NA,0.0,0,-43.22,-31.03,[],0,0,[],[]
3924520,3925320,OCH,CXN,0.0,85,XIC,RC,0,NT,FI,0.0,0,-32.91,-26.78,[],0,0,[],[]
3925320,3926410,NA,OLF,0.0,85,XIC,NA,NA,NA,NA,0.0,0,-26.18,-7.22,[],0,0,[],[]
3926410,3927410,MAL,MAN,5.07,85,XIC,RC,0,NT,FI,0.0,0,-23.56,-14.78,[],0,0,[],[]
3927410,3928420,FEM,FAN,10.94,85,XIC,RC,0,TIFI,FI,0.0,0,-26.22,-18.74,[],0,0,[],[]
3928420,3929300,NA,NOF,0.0,85,XIC,NA,NA,NA,NA,0.0,0,-46.9,-40.8,[],0,0,[],[]
3929300,3930300,MAL,MAN,0.0,85,XIC,NA,NA,NA,NA,0.0,0,-33.52,-22.02,[],1000,0,[],[]
3930300,3930900,CHI,CHN,0.0,85,XIC,EC,1,TIFR,FI,1.0,600,-26.08,-18.96,"[{'Canonical-syllable': '0', 'Growl': '0', 'High-freq-energy': '0', 'Long-island': '0', 'Low-tilt-spectrum': '0', 'Medium-island': '1', 'Short-island': '0', 'Squeal': '0', 'Typical-entropy': '0', 'Voicing-quality': '1', 'Wide-band': '0', 'Xlong-island': '0', 'seq': '1', 'end': 3930.9, 'start': 3930.47}]",0,0,[],[]
3930900,3931770,NA,OLN,0.0,86,pause,NA,NA,NA,NA,0.0,0,-31.8,-21.51,[],0,0,[],[]
3931770,3933500,NA,MAF,0.0,86,pause,NA,NA,NA,NA,0.0,0,-46.94,-39.27,[],0,0,[],[]
3933500,3934300,NA,OLF,0.0,86,pause,NA,NA,NA,NA,0.0,0,-25.72,-11.92,[],0,0,[],[]
3934300,3935360,NA,NOF,0.0,86,pause,NA,NA,NA,NA,0.0,0,-48.91,-40.35,[],0,0,[],[]
3935360,3936160,NA,OLN,0.0,86,pause,NA,NA,NA,NA,0.0,0,-13.0,-4.81,[],0,0,[],[]
3936160,3936990,CHI,CHN,0.0,86,pause,NA,NA,NA,NA,0.0,0,-14.96,-10.0,[],0,660,"[{'start': 3936.16, 'end': 3936.82}]",[]
3936990,3938950,NA,NOF,0.0,86,pause,NA,NA,NA,NA,0.0,0,-46.0,-39.98,[],0,0,[],[]
3938950,3939950,FEM,FAN,3.92,86,AICF,BC,0,NT,FI,0.0,0,-28.74,-22.48,[],0,0,[],[]
3939950,3940750,NA,NOF,0.0,86,AICF,NA,NA,NA,NA,0.0,0,-39.65,-31.07,[],0,0,[],[]
3940750,3941760,FEM,FAN,4.04,86,AICF,RC,0,NT,FH,0.0,0,-21.56,-12.56,[],0,0,[],[]
3941760,3943150,OCH,CXN,0.0,86,AICF,RC,0,NT,FI,0.0,0,-20.13,-10.93,[],0,0,[],[]
3943150,3944830,FEM,FAN,9.71,86,AICF,RC,0,NT,FI,0.0,0,-22.13,-10.52,[],0,0,[],[]
3944830,3946190,NA,OLN,0.0,86,AICF,NA,NA,NA,NA,0.0,0,-31.37,-21.89,[],0,0,[],[]
3946190,3947310,FEM,FAN,6.42,86,AICF,RC,0,NT,FH,0.0,0,-20.96,-12.48,[],0,0,[],[]
3947310,3948680,NA,NOF,0.0,86,AICF,NA,NA,NA,NA,0.0,0,-30.17,-14.74,[],0,0,[],[]
3948680,3949480,OCH,CXN,0.0,86,AICF,RC,0,NT,FI,0.0,0,-32.24,-26.03,[],0,0,[],[]
3949480,3950280,NA,CHF,0.0,86,AICF,NA,NA,NA,NA,0.0,0,-38.92,-29.15,[],0,800,[],"[{'start': 3949.48, 'end': 3950.28}]"
3950280,3951230,NA,OLN,0.0,86,AICF,NA,NA,NA,NA,0.0,0,-27.08,-17.44,[],0,0,[],[]
3951230,3952050,NA,NOF,0.0,86,AICF,NA,NA,NA,NA,0.0,0,-45.7,-39.84,[],0,0,[],[]
3952050,3953690,OCH,CXN,0.0,86,AICF,RC,0,NT,FH,0.0,0,-26.3,-16.84,[],0,0,[],[]
3953690,3954520,NA,OLN,0.0,86,AICF,NA,NA,NA,NA,0.0,0,-25.74,-18.96,[],0,0,[],[]
3954520,3955160,CHI,CHN,0.0,86,AICF,RC,0,TIFI,FI,1.0,640,-16.52,-11.13,"[{'Canonical-syllable': '0', 'Growl': '0', 'High-freq-energy': '0', 'Long-island': '0', 'Low-tilt-spectrum': '0', 'Medium-island': '1', 'Short-island': '0', 'Squeal': '0', 'Typical-entropy': '1', 'Voicing-quality': '1', 'Wide-band': '0', 'Xlong-island': '0', 'seq': '1', 'end': 3955.16, 'start': 3954.62}]",0,0,[],[]
3955160,3956740,FEM,FAN,8.0,86,AICF,RC,1,TIFR,FI,0.0,0,-31.0,-23.54,[],0,0,[],[]
3956740,3957670,NA,OLN,0.0,86,AICF,NA,NA,NA,NA,0.0,0,-31.99,-22.02,[],0,0,[],[]
3957670,3959730,FEM,FAN,7.9,86,AICF,RC,1,NT,FH,0.0,0,-28.6,-16.85,[],0,0,[],[]
3959730,3960340,OCH,CXN,0.0,86,AICF,RC,1,NT,FI,0.0,0,-13.12,-4.49,[],0,0,[],[]
3960340,3962270,FEM,FAN,5.62,86,AICF,RC,1,TIFI,FI,0.0,0,-29.5,-19.91,[],0,0,[],[]
3962270,3963540,CHI,CHN,0.0,86,AICF,RC,2,TIFR,FI,1.0,1100,-14.99,-7.59,"[{'Canonical-syllable': '0', 'Growl': '0', 'High-freq-energy': '0', 'Long-island': '0', 'Low-tilt-spectrum': '1', 'Medium-island': '0', 'Short-island': '0', 'Squeal': '0', 'Typical-entropy': '1', 'Voicing-quality': '1', 'Wide-band': '0', 'Xlong-island': '1', 'seq': '1', 'end': 3963.37, 'start': 3962.27}]",0,0,[],[]
3963540,3965450,NA,NOF,0.0,86,AICF,NA,NA,NA,NA,0.0,0,-45.64,-35.54,[],0,0,[],[]
3965450,3966300,NA,SIL,0.0,86,AICF,NA,NA,NA,NA,0.0,0,-47.16,-34.44,[],0,0,[],[]
3966300,3967680,NA,NOF,0.0,86,AICF,NA,NA,NA,NA,0.0,0,-45.02,-38.01,[],0,0,[],[]
3967680,3968480,OCH,CXN,0.0,86,AICF,RC,2,NT,FI,0.0,0,-27.74,-20.21,[],0,0,[],[]
3968480,3969930,NA,NOF,0.0,86,AICF,NA,NA,NA,NA,0.0,0,-45.21,-31.19,[],0,0,[],[]
3969930,3970530,OCH,CXN,0.0,86,AICF,RC,2,NT,FH,0.0,0,-36.78,-28.52,[],0,0,[],[]
3970530,3971840,NA,NOF,0.0,86,AICF,NA,NA,NA,NA,0.0,0,-47.93,-40.26,[],0,0,[],[]
3971840,3972850,CHI,CHN,0.0,86,AICF,RC,2,NT,FI,1.0,1010,-15.1,-8.78,"[{'Canonical-syllable': '0', 'Growl': '0', 'High-freq-energy': '2', 'Long-island': '0', 'Low-tilt-spectrum': '2', 'Medium-island': '1', 'Short-island': '1', 'Squeal': '0', 'Typical-entropy': '1', 'Voicing-quality': '2', 'Wide-band': '0', 'Xlong-island': '0', 'seq': '1', 'end': 3972.85, 'start': 3971.84}]",0,0,[],[]
3972850,3973840,OCH,CXN,0.0,86,AICF,RC,2,NT,FI,0.0,0,-20.41,-10.37,[],0,0,[],[]
3973840,3975100,FEM,FAN,4.15,86,AICF,RC,2,TIFI,FI,0.0,0,-31.85,-22.67,[],0,0,[],[]
3975100,3975970,CHI,CHN,0.0,86,AICF,RC,3,TIFR,FI,1.0,870,-16.71,-9.87,"[{'Canonical-syllable': '1', 'Growl': '0', 'High-freq-energy': '0', 'Long-island': '0', 'Low-tilt-spectrum': '1', 'Medium-island': '1', 'Short-island': '0', 'Squeal': '0', 'Typical-entropy': '1', 'Voicing-quality': '1', 'Wide-band': '0', 'Xlong-island': '0', 'seq': '1', 'end': 3975.97, 'start': 3975.36}]",0,0,[],[]
3975970,3977010,CHI,CHN,0.0,86,AICF,RC,3,NT,FH,1.0,710,-22.4,-13.29,"[{'Canonical-syllable': '2', 'Growl': '0', 'High-freq-energy': '0', 'Long-island': '0', 'Low-tilt-spectrum': '1', 'Medium-island': '2', 'Short-island': '0', 'Squeal': '0', 'Typical-entropy': '2', 'Voicing-quality': '2', 'Wide-band': '0', 'Xlong-island': '0', 'seq': '1', 'end': 3976.68, 'start': 3975.97}]",0,0,[],[]
3977010,3977820,NA,SIL,0.0,86,AICF,NA,NA,NA,NA,0.0,0,-49.22,-36.25,[],0,0,[],[]
3977820,3979360,NA,NOF,0.0,86,AICF,NA,NA,NA,NA,0.0,0,-41.01,-30.3,[],0,0,[],[]
3979360,3980360,OCH,CXN,0.0,86,AICF,RC,3,NT,FI,0.0,0,-33.74,-22.92,[],0,0,[],[]
3980360,3981160,OCH,CXN,0.0,86,AICF,RC,3,NT,FH,0.0,0,-36.29,-29.12,[],0,0,[],[]
3981160,3981760,CHI,CHN,0.0,86,AICF,RC,3,NT,FI,1.0,450,-30.77,-26.54,"[{'Canonical-syllable': '0', 'Growl': '0', 'High-freq-energy': '0', 'Long-island': '0', 'Low-tilt-spectrum': '0', 'Medium-island': '1', 'Short-island': '0', 'Squeal': '0', 'Typical-entropy': '0', 'Voicing-quality': '1', 'Wide-band': '0', 'Xlong-island': '0', 'seq': '1', 'end': 3981.61, 'start': 3981.3}]",0,0,[],[]
3981760,3983070,NA,SIL,0.0,86,AICF,NA,NA,NA,NA,0.0,0,-49.68,-34.81,[],0,0,[],[]
3983070,3983680,CHI,CHN,0.0,86,AICF,EC,3,NT,FH,1.0,610,-33.63,-25.86,"[{'Canonical-syllable': '1', 'Growl': '2', 'High-freq-energy': '0', 'Long-island': '0', 'Low-tilt-spectrum': '2', 'Medium-island': '0', 'Short-island': '2', 'Squeal': '0', 'Typical-entropy': '1', 'Voicing-quality': '1', 'Wide-band': '2', 'Xlong-island': '0', 'seq': '1', 'end': 3983.68, 'start': 3983.07}]",0,0,[],[]
3983680,3984480,NA,SIL,0.0,87,pause,NA,NA,NA,NA,0.0,0,-49.33,-39.13,[],0,0,[],[]
3984480,3985280,NA,OLF,0.0,87,pause,NA,NA,NA,NA,0.0,0,-20.21,-4.1,[],0,0,[],[]
3985280,3988520,NA,NOF,0.0,87,pause,NA,NA,NA,NA,0.0,0,-46.6,-34.74,[],0,0,[],[]
3988520,3989470,NA,SIL,0.0,87,pause,NA,NA,NA,NA,0.0,0,-53.12,-47.64,[],0,0,[],[]
3989470,3990270,NA,OLF,0.0,87,pause,NA,NA,NA,NA,0.0,0,-45.35,-40.3,[],0,0,[],[]
3990270,3994900,NA,NOF,0.0,87,pause,NA,NA,NA,NA,0.0,0,-43.56,-26.09,[],0,0,[],[]
3994900,3995820,NA,OLF,0.0,87,pause,NA,NA,NA,NA,0.0,0,-35.05,-23.33,[],0,0,[],[]
3995820,3997830,NA,NOF,0.0,87,pause,NA,NA,NA,NA,0.0,0,-43.15,-25.28,[],0,0,[],[]
3997830,3998700,NA,OLF,0.0,87,pause,NA,NA,NA,NA,0.0,0,-37.01,-29.21,[],0,0,[],[]
3998700,3999850,NA,CHF,0.0,87,pause,NA,NA,NA,NA,0.0,0,-39.7,-27.7,[],0,820,[],"[{'start': 3998.7, 'end': 3999.52}]"
3999850,4000650,OCH,CXN,0.0,87,XIOCA,BC,0,NT,FI,0.0,0,-30.99,-18.18,[],0,0,[],[]
4000650,4002050,FEM,FAN,4.7,87,XIOCA,RC,0,NT,FI,0.0,0,-34.05,-21.99,[],0,0,[],[]
4002050,4003470,NA,OLF,0.0,87,XIOCA,NA,NA,NA,NA,0.0,0,-34.86,-20.3,[],0,0,[],[]
4003470,4004140,OCH,CXN,0.0,87,XIOCA,RC,0,NT,FI,0.0,0,-33.28,-28.09,[],0,0,[],[]
4004140,4005060,NA,CHF,0.0,87,XIOCA,NA,NA,NA,NA,0.0,0,-41.12,-33.67,[],0,920,[],"[{'start': 4004.14, 'end': 4005.06}]"
4005060,4005970,NA,OLN,0.0,87,XIOCA,NA,NA,NA,NA,0.0,0,-33.47,-21.34,[],0,0,[],[]
4005970,4007100,NA,NOF,0.0,87,XIOCA,NA,NA,NA,NA,0.0,0,-41.28,-30.51,[],0,0,[],[]
4007100,4007730,OCH,CXN,0.0,87,XIOCA,EC,0,NT,FH,0.0,0,-24.59,-16.08,[],0,0,[],[]
4007730,4013870,NA,NOF,0.0,88,pause,NA,NA,NA,NA,0.0,0,-41.62,-27.72,[],0,0,[],[]
4013870,4015160,NA,CXF,0.0,88,pause,NA,NA,NA,NA,0.0,0,-43.43,-32.95,[],0,0,[],[]
4015160,4016540,NA,FAF,0.0,88,pause,NA,NA,NA,NA,0.0,0,-39.28,-25.49,[],0,0,[],[]
4016540,4017340,NA,SIL,0.0,88,pause,NA,NA,NA,NA,0.0,0,-45.91,-36.54,[],0,0,[],[]
4017340,4018230,NA,NOF,0.0,88,pause,NA,NA,NA,NA,0.0,0,-43.17,-33.11,[],0,0,[],[]
4018230,4019460,NA,SIL,0.0,88,pause,NA,NA,NA,NA,0.0,0,-49.19,-40.08,[],0,0,[],[]
4019460,4024090,NA,NOF,0.0,88,pause,NA,NA,NA,NA,0.0,0,-40.63,-23.99,[],0,0,[],[]
4024090,4024890,NA,SIL,0.0,88,pause,NA,NA,NA,NA,0.0,0,-51.49,-47.1,[],0,0,[],[]
4024890,4025690,NA,NOF,0.0,88,pause,NA,NA,NA,NA,0.0,0,-48.47,-41.92,[],0,0,[],[]
4025690,4036930,NA,SIL,0.0,88,pause,NA,NA,NA,NA,0.0,0,-51.62,-41.49,[],0,0,[],[]
4036930,4037930,MAL,MAN,2.45,88,AMM,EC,0,NT,FI,0.0,0,-41.88,-32.53,[],0,0,[],[]
4037930,4039790,NA,NOF,0.0,89,pause,NA,NA,NA,NA,0.0,0,-40.57,-31.56,[],0,0,[],[]
4039790,4049440,NA,SIL,0.0,89,pause,NA,NA,NA,NA,0.0,0,-51.26,-40.05,[],0,0,[],[]
4049440,4052510,NA,NOF,0.0,89,pause,NA,NA,NA,NA,0.0,0,-29.88,-9.91,[],0,0,[],[]
4052510,4053310,NA,SIL,0.0,89,pause,NA,NA,NA,NA,0.0,0,-50.3,-42.91,[],0,0,[],[]
4053310,4054220,NA,OLF,0.0,89,pause,NA,NA,NA,NA,0.0,0,-46.79,-38.82,[],0,0,[],[]
4054220,4060470,NA,SIL,0.0,89,pause,NA,NA,NA,NA,0.0,0,-51.68,-39.94,[],0,0,[],[]
4060470,4061470,NA,MAF,0.0,89,pause,NA,NA,NA,NA,0.0,0,-49.91,-40.86,[],0,0,[],[]
4061470,4062520,NA,CHF,0.0,89,pause,NA,NA,NA,NA,0.0,0,-47.56,-37.62,[],0,1050,[],"[{'start': 4061.47, 'end': 4062.52}]"
4062520,4063320,OCH,CXN,0.0,89,XIOCA,BC,0,NT,FI,0.0,0,-39.21,-31.94,[],0,0,[],[]
4063320,4064730,NA,SIL,0.0,89,XIOCA,NA,NA,NA,NA,0.0,0,-50.0,-41.48,[],0,0,[],[]
4064730,4066040,NA,MAF,0.0,89,XIOCA,NA,NA,NA,NA,0.0,0,-42.28,-30.8,[],0,0,[],[]
4066040,4066840,OCH,CXN,0.0,89,XIOCA,RC,0,NT,FH,0.0,0,-36.5,-30.5,[],0,0,[],[]
4066840,4067650,NA,SIL,0.0,89,XIOCA,NA,NA,NA,NA,0.0,0,-50.03,-43.2,[],0,0,[],[]
4067650,4068450,OCH,CXN,0.0,89,XIOCA,RC,0,NT,FH,0.0,0,-35.55,-28.86,[],0,0,[],[]
4068450,4070430,NA,MAF,0.0,89,XIOCA,NA,NA,NA,NA,0.0,0,-46.65,-28.27,[],0,0,[],[]
4070430,4071340,OCH,CXN,0.0,89,XIOCA,RC,0,NT,FH,0.0,0,-34.1,-24.7,[],0,0,[],[]
4071340,4072950,NA,OLN,0.0,89,XIOCA,NA,NA,NA,NA,0.0,0,-22.44,-9.38,[],0,0,[],[]
4072950,4073760,NA,NOF,0.0,89,XIOCA,NA,NA,NA,NA,0.0,0,-38.35,-21.95,[],0,0,[],[]
4073760,4074920,NA,SIL,0.0,89,XIOCA,NA,NA,NA,NA,0.0,0,-47.51,-38.66,[],0,0,[],[]
4074920,4075930,MAL,MAN,0.32,89,XIOCA,RC,0,NT,FI,0.0,0,-38.02,-27.27,[],0,0,[],[]
4075930,4078260,NA,SIL,0.0,89,XIOCA,NA,NA,NA,NA,0.0,0,-47.76,-37.08,[],0,0,[],[]
4078260,4079680,MAL,MAN,7.83,89,XIOCA,RC,0,NT,FH,0.0,0,-34.54,-25.89,[],0,0,[],[]
4079680,4080810,NA,FAF,0.0,89,XIOCA,NA,NA,NA,NA,0.0,0,-45.47,-36.01,[],0,0,[],[]
4080810,4081810,MAL,MAN,3.76,89,XIOCA,EC,0,NT,FH,0.0,0,-38.43,-31.53,[],0,0,[],[]
4081810,4083000,NA,SIL,0.0,90,pause,NA,NA,NA,NA,0.0,0,-48.2,-33.97,[],0,0,[],[]
4083000,4084040,NA,FAF,0.0,90,pause,NA,NA,NA,NA,0.0,0,-41.89,-30.65,[],0,0,[],[]
4084040,4084860,NA,SIL,0.0,90,pause,NA,NA,NA,NA,0.0,0,-50.83,-44.99,[],0,0,[],[]
4084860,4086800,NA,OLF,0.0,90,pause,NA,NA,NA,NA,0.0,0,-40.22,-23.79,[],0,0,[],[]
4086800,4087700,NA,SIL,0.0,90,pause,NA,NA,NA,NA,0.0,0,-51.17,-46.05,[],0,0,[],[]
4087700,4088500,NA,CXF,0.0,90,pause,NA,NA,NA,NA,0.0,0,-46.68,-40.74,[],0,0,[],[]
4088500,4090700,NA,SIL,0.0,90,pause,NA,NA,NA,NA,0.0,0,-50.46,-41.36,[],0,0,[],[]
4090700,4091510,NA,CXF,0.0,90,pause,NA,NA,NA,NA,0.0,0,-45.0,-38.01,[],0,0,[],[]
4091510,4092330,NA,SIL,0.0,90,pause,NA,NA,NA,NA,0.0,0,-49.02,-40.88,[],0,0,[],[]
4092330,4093940,NA,OLF,0.0,90,pause,NA,NA,NA,NA,0.0,0,-43.96,-36.98,[],0,0,[],[]
4093940,4094820,NA,SIL,0.0,90,pause,NA,NA,NA,NA,0.0,0,-48.55,-38.93,[],0,0,[],[]
4094820,4096440,MAL,MAN,5.5,90,AMM,BC,0,NT,FI,0.0,0,-38.25,-27.65,[],0,0,[],[]
4096440,4098150,NA,SIL,0.0,90,AMM,NA,NA,NA,NA,0.0,0,-48.39,-35.37,[],0,0,[],[]
4098150,4099590,MAL,MAN,6.89,90,AMM,RC,0,NT,FH,0.0,0,-37.62,-29.35,[],0,0,[],[]
4099590,4101540,NA,SIL,0.0,90,AMM,NA,NA,NA,NA,0.0,0,-48.14,-33.06,[],0,0,[],[]
4101540,4102680,MAL,MAN,8.99,90,AMM,EC,0,NT,FH,0.0,0,-34.06,-26.83,[],0,0,[],[]
4102680,4103840,NA,SIL,0.0,91,pause,NA,NA,NA,NA,0.0,0,-48.41,-33.33,[],0,0,[],[]
4103840,4104700,NA,TVF,0.0,91,pause,NA,NA,NA,NA,0.0,0,-45.63,-39.3,[],0,0,[],[]
4104700,4106050,NA,MAF,0.0,91,pause,NA,NA,NA,NA,0.0,0,-46.43,-33.9,[],0,0,[],[]
4106050,4108410,NA,SIL,0.0,91,pause,NA,NA,NA,NA,0.0,0,-50.36,-39.78,[],0,0,[],[]
4108410,4109680,MAL,MAN,6.25,91,AMM,EC,0,NT,FI,0.0,0,-37.06,-23.81,[],0,0,[],[]
4109680,4113860,NA,CXF,0.0,92,pause,NA,NA,NA,NA,0.0,0,-42.06,-29.47,[],0,0,[],[]
4113860,4116470,NA,MAF,0.0,92,pause,NA,NA,NA,NA,0.0,0,-41.53,-29.44,[],0,0,[],[]
4116470,4117550,NA,SIL,0.0,92,pause,NA,NA,NA,NA,0.0,0,-51.54,-42.79,[],0,0,[],[]
4117550,4118600,NA,MAF,0.0,92,pause,NA,NA,NA,NA,0.0,0,-42.74,-27.64,[],0,0,[],[]
4118600,4119750,NA,SIL,0.0,92,pause,NA,NA,NA,NA,0.0,0,-50.59,-44.96,[],0,0,[],[]
4119750,4120600,NA,CXF,0.0,92,pause,NA,NA,NA,NA,0.0,0,-44.13,-35.98,[],0,0,[],[]
4120600,4122020,MAL,MAN,4.42,92,AIOCM,BC,0,NT,FI,0.0,0,-35.37,-18.28,[],0,0,[],[]
4122020,4124220,NA,SIL,0.0,92,AIOCM,NA,NA,NA,NA,0.0,0,-47.56,-34.58,[],0,0,[],[]
4124220,4125440,NA,OLF,0.0,92,AIOCM,NA,NA,NA,NA,0.0,0,-33.88,-19.77,[],0,0,[],[]
4125440,4126790,OCH,CXN,0.0,92,AIOCM,EC,0,NT,FI,0.0,0,-41.63,-31.07,[],0,0,[],[]
4126790,4127990,NA,SIL,0.0,93,pause,NA,NA,NA,NA,0.0,0,-49.35,-42.53,[],0,0,[],[]
4127990,4129690,NA,CXF,0.0,93,pause,NA,NA,NA,NA,0.0,0,-38.13,-27.81,[],0,0,[],[]
4129690,4130490,NA,SIL,0.0,93,pause,NA,NA,NA,NA,0.0,0,-47.31,-39.58,[],0,0,[],[]
4130490,4131710,NA,CXF,0.0,93,pause,NA,NA,NA,NA,0.0,0,-42.46,-36.37,[],0,0,[],[]
4131710,4132830,NA,OLF,0.0,93,pause,NA,NA,NA,NA,0.0,0,-37.64,-26.18,[],0,0,[],[]
4132830,4133830,NA,MAF,0.0,93,pause,NA,NA,NA,NA,0.0,0,-33.11,-20.7,[],0,0,[],[]
4133830,4134650,NA,OLN,0.0,93,pause,NA,NA,NA,NA,0.0,0,-39.07,-32.21,[],0,0,[],[]
4134650,4136030,NA,OLF,0.0,93,pause,NA,NA,NA,NA,0.0,0,-42.15,-32.85,[],0,0,[],[]
4136030,4138370,OCH,CXN,0.0,93,XIOCC,BC,0,NT,FI,0.0,0,-37.75,-27.32,[],0,0,[],[]
4138370,4139350,CHI,CHN,0.0,93,XIOCC,RC,0,NT,FI,1.0,980,-16.37,-8.51,"[{'Canonical-syllable': '1', 'Growl': '0', 'High-freq-energy': '0', 'Long-island': '0', 'Low-tilt-spectrum': '1', 'Medium-island': '1', 'Short-island': '1', 'Squeal': '0', 'Typical-entropy': '2', 'Voicing-quality': '2', 'Wide-band': '0', 'Xlong-island': '0', 'seq': '1', 'end': 4139.35, 'start': 4138.37}]",0,0,[],[]
4139350,4140190,OCH,CXN,0.0,93,XIOCC,RC,0,NT,FI,0.0,0,-19.42,-11.67,[],0,0,[],[]
4140190,4141220,NA,NOF,0.0,93,XIOCC,NA,NA,NA,NA,0.0,0,-46.5,-39.09,[],0,0,[],[]
4141220,4142680,NA,SIL,0.0,93,XIOCC,NA,NA,NA,NA,0.0,0,-49.05,-37.22,[],0,0,[],[]
4142680,4143680,OCH,CXN,0.0,93,XIOCC,RC,0,NT,FH,0.0,0,-20.96,-11.13,[],0,0,[],[]
4143680,4144680,OCH,CXN,0.0,93,XIOCC,EC,0,NT,FH,0.0,0,-22.13,-12.17,[],0,0,[],[]
4144680,4146040,NA,OLF,0.0,94,pause,NA,NA,NA,NA,0.0,0,-36.59,-24.17,[],0,0,[],[]
4146040,4146860,NA,SIL,0.0,94,pause,NA,NA,NA,NA,0.0,0,-46.41,-41.69,[],0,0,[],[]
4146860,4147660,NA,OLF,0.0,94,pause,NA,NA,NA,NA,0.0,0,-43.4,-35.89,[],0,0,[],[]
4147660,4148460,NA,SIL,0.0,94,pause,NA,NA,NA,NA,0.0,0,-48.72,-42.61,[],0,0,[],[]
4148460,4150550,NA,NOF,0.0,94,pause,NA,NA,NA,NA,0.0,0,-46.71,-36.29,[],0,0,[],[]
4150550,4151360,NA,OLF,0.0,94,pause,NA,NA,NA,NA,0.0,0,-32.71,-26.32,[],0,0,[],[]
4151360,4152430,NA,SIL,0.0,94,pause,NA,NA,NA,NA,0.0,0,-45.07,-34.8,[],0,0,[],[]
4152430,4153550,NA,OLF,0.0,94,pause,NA,NA,NA,NA,0.0,0,-25.55,-11.3,[],0,0,[],[]
4153550,4154350,NA,SIL,0.0,94,pause,NA,NA,NA,NA,0.0,0,-42.19,-30.43,[],0,0,[],[]
4154350,4156120,NA,NOF,0.0,94,pause,NA,NA,NA,NA,0.0,0,-29.27,-11.4,[],0,0,[],[]
4156120,4156980,NA,SIL,0.0,94,pause,NA,NA,NA,NA,0.0,0,-48.1,-34.87,[],0,0,[],[]
4156980,4158100,NA,NOF,0.0,94,pause,NA,NA,NA,NA,0.0,0,-44.46,-31.51,[],0,0,[],[]
4158100,4158900,NA,SIL,0.0,94,pause,NA,NA,NA,NA,0.0,0,-50.51,-42.84,[],0,0,[],[]
4158900,4160720,NA,OLF,0.0,94,pause,NA,NA,NA,NA,0.0,0,-27.52,-6.63,[],0,0,[],[]
4160720,4161930,OCH,CXN,0.0,94,XIOCA,BC,0,NT,FI,0.0,0,-29.39,-16.12,[],0,0,[],[]
4161930,4162730,NA,OLF,0.0,94,XIOCA,NA,NA,NA,NA,0.0,0,-26.5,-14.27,[],0,0,[],[]
4162730,4163950,NA,NOF,0.0,94,XIOCA,NA,NA,NA,NA,0.0,0,-43.43,-33.23,[],0,0,[],[]
4163950,4164980,MAL,MAN,3.63,94,XIOCA,RC,0,NT,FI,0.0,0,-41.24,-35.16,[],0,0,[],[]
4164980,4165780,NA,NOF,0.0,94,XIOCA,NA,NA,NA,NA,0.0,0,-46.06,-41.7,[],0,0,[],[]
4165780,4166580,NA,OLF,0.0,94,XIOCA,NA,NA,NA,NA,0.0,0,-41.83,-34.83,[],0,0,[],[]
4166580,4167790,NA,FAF,0.0,94,XIOCA,NA,NA,NA,NA,0.0,0,-42.08,-32.42,[],0,0,[],[]
4167790,4169150,FEM,FAN,3.27,94,XIOCA,EC,0,NT,FI,0.0,0,-32.98,-22.39,[],0,0,[],[]
4169150,4169980,NA,OLF,0.0,95,pause,NA,NA,NA,NA,0.0,0,-42.14,-32.47,[],0,0,[],[]
4169980,4170780,NA,SIL,0.0,95,pause,NA,NA,NA,NA,0.0,0,-48.74,-42.62,[],0,0,[],[]
4170780,4172390,NA,OLF,0.0,95,pause,NA,NA,NA,NA,0.0,0,-30.89,-10.49,[],0,0,[],[]
4172390,4174440,NA,NOF,0.0,95,pause,NA,NA,NA,NA,0.0,0,-28.04,-10.95,[],0,0,[],[]
4174440,4175240,NA,SIL,0.0,95,pause,NA,NA,NA,NA,0.0,0,-39.71,-24.84,[],0,0,[],[]
4175240,4176460,OCH,CXN,0.0,95,XM,EC,0,NT,FI,0.0,0,-43.66,-36.56,[],0,0,[],[]
4176460,4177500,NA,MAF,0.0,96,pause,NA,NA,NA,NA,0.0,0,-34.29,-20.52,[],0,0,[],[]
4177500,4182750,NA,NOF,0.0,96,pause,NA,NA,NA,NA,0.0,0,-26.51,-7.26,[],0,0,[],[]
4182750,4185270,NA,SIL,0.0,96,pause,NA,NA,NA,NA,0.0,0,-47.87,-38.65,[],0,0,[],[]
4185270,4186790,NA,MAF,0.0,96,pause,NA,NA,NA,NA,0.0,0,-43.49,-35.9,[],0,0,[],[]
4186790,4189230,NA,SIL,0.0,96,pause,NA,NA,NA,NA,0.0,0,-49.9,-36.43,[],0,0,[],[]
4189230,4191000,NA,CXF,0.0,96,pause,NA,NA,NA,NA,0.0,0,-45.15,-38.4,[],0,0,[],[]
4191000,4192320,NA,SIL,0.0,96,pause,NA,NA,NA,NA,0.0,0,-48.45,-39.74,[],0,0,[],[]
4192320,4193320,NA,TVF,0.0,96,pause,NA,NA,NA,NA,0.0,0,-46.72,-41.05,[],0,0,[],[]
4193320,4195760,NA,SIL,0.0,96,pause,NA,NA,NA,NA,0.0,0,-49.53,-39.39,[],0,0,[],[]
4195760,4196760,NA,FAF,0.0,96,pause,NA,NA,NA,NA,0.0,0,-47.37,-34.98,[],0,0,[],[]
4196760,4197560,NA,SIL,0.0,96,pause,NA,NA,NA,NA,0.0,0,-45.78,-35.82,[],0,0,[],[]
4197560,4198600,MAL,MAN,2.06,96,AMM,EC,0,NT,FI,0.0,0,-34.71,-27.61,[],0,0,[],[]
4198600,4199400,NA,FAF,0.0,97,pause,NA,NA,NA,NA,0.0,0,-44.29,-34.14,[],0,0,[],[]
4199400,4200470,NA,SIL,0.0,97,pause,NA,NA,NA,NA,0.0,0,-51.11,-45.55,[],0,0,[],[]
4200470,4201470,NA,MAF,0.0,97,pause,NA,NA,NA,NA,0.0,0,-46.12,-38.55,[],0,0,[],[]
4201470,4203320,NA,SIL,0.0,97,pause,NA,NA,NA,NA,0.0,0,-50.45,-40.73,[],0,0,[],[]
4203320,4204170,NA,TVF,0.0,97,pause,NA,NA,NA,NA,0.0,0,-45.15,-39.59,[],0,0,[],[]
4204170,4205110,NA,SIL,0.0,97,pause,NA,NA,NA,NA,0.0,0,-49.08,-43.29,[],0,0,[],[]
4205110,4206110,MAL,MAN,3.09,97,AMM,EC,0,NT,FI,0.0,0,-43.39,-32.39,[],0,0,[],[]
4206110,4211710,NA,SIL,0.0,98,pause,NA,NA,NA,NA,0.0,0,-48.41,-35.27,[],0,0,[],[]
4211710,4212560,NA,CXF,0.0,98,pause,NA,NA,NA,NA,0.0,0,-45.94,-39.94,[],0,0,[],[]
4212560,4214000,NA,SIL,0.0,98,pause,NA,NA,NA,NA,0.0,0,-48.55,-38.96,[],0,0,[],[]
4214000,4214880,NA,FAF,0.0,98,pause,NA,NA,NA,NA,0.0,0,-48.76,-42.66,[],0,0,[],[]
4214880,4215780,NA,SIL,0.0,98,pause,NA,NA,NA,NA,0.0,0,-49.51,-44.19,[],0,0,[],[]
4215780,4216920,MAL,MAN,3.25,98,AIOCM,BC,0,NT,FI,0.0,0,-25.43,-15.61,[],0,0,[],[]
4216920,4217890,NA,OLN,0.0,98,AIOCM,NA,NA,NA,NA,0.0,0,-35.67,-28.9,[],0,0,[],[]
4217890,4219300,OCH,CXN,0.0,98,AIOCM,RC,0,NT,FI,0.0,0,-36.34,-29.19,[],0,0,[],[]
4219300,4221730,MAL,MAN,11.16,98,AIOCM,EC,0,NT,FI,0.0,0,-35.68,-26.35,[],0,0,[],[]
4221730,4223040,NA,NOF,0.0,99,pause,NA,NA,NA,NA,0.0,0,-48.45,-40.78,[],0,0,[],[]
4223040,4224300,NA,MAF,0.0,99,pause,NA,NA,NA,NA,0.0,0,-41.49,-34.62,[],0,0,[],[]
4224300,4225530,NA,SIL,0.0,99,pause,NA,NA,NA,NA,0.0,0,-50.24,-44.04,[],0,0,[],[]
4225530,4227390,NA,OLF,0.0,99,pause,NA,NA,NA,NA,0.0,0,-45.42,-32.81,[],0,0,[],[]
4227390,4228730,NA,SIL,0.0,99,pause,NA,NA,NA,NA,0.0,0,-50.45,-44.74,[],0,0,[],[]
4228730,4229570,NA,NOF,0.0,99,pause,NA,NA,NA,NA,0.0,0,-37.56,-27.76,[],0,0,[],[]
4229570,4234260,NA,SIL,0.0,99,pause,NA,NA,NA,NA,0.0,0,-50.58,-34.81,[],0,0,[],[]
4234260,4234860,NA,FAF,0.0,99,pause,NA,NA,NA,NA,0.0,0,-36.3,-22.53,[],0,0,[],[]
4234860,4237550,NA,SIL,0.0,99,pause,NA,NA,NA,NA,0.0,0,-48.58,-35.3,[],0,0,[],[]
4237550,4238360,NA,NON,0.0,99,pause,NA,NA,NA,NA,0.0,0,-25.93,-13.55,[],0,0,[],[]
4238360,4239780,NA,SIL,0.0,99,pause,NA,NA,NA,NA,0.0,0,-51.54,-40.03,[],0,0,[],[]
4239780,4240380,NA,MAF,0.0,99,pause,NA,NA,NA,NA,0.0,0,-45.41,-40.65,[],0,0,[],[]
4240380,4245380,NA,SIL,0.0,99,pause,NA,NA,NA,NA,0.0,0,-50.73,-34.96,[],0,0,[],[]
4245380,4246330,NA,FAF,0.0,99,pause,NA,NA,NA,NA,0.0,0,-48.44,-35.44,[],0,0,[],[]
4246330,4260690,NA,SIL,0.0,99,pause,NA,NA,NA,NA,0.0,0,-51.16,-33.58,[],0,0,[],[]
4260690,4261500,NA,MAF,0.0,99,pause,NA,NA,NA,NA,0.0,0,-48.72,-40.94,[],0,0,[],[]
4261500,4262310,NA,CXF,0.0,99,pause,NA,NA,NA,NA,0.0,0,-48.35,-43.85,[],0,0,[],[]
4262310,4263910,NA,CHF,0.0,99,pause,NA,NA,NA,NA,0.0,0,-43.76,-25.18,[],0,120,"[{'start': 4263.79, 'end': 4263.91}]",[]
4263910,4264710,NA,SIL,0.0,99,pause,NA,NA,NA,NA,0.0,0,-49.93,-45.62,[],0,0,[],[]
4264710,4265570,NA,NOF,0.0,99,pause,NA,NA,NA,NA,0.0,0,-48.57,-43.02,[],0,0,[],[]
4265570,4267830,NA,SIL,0.0,99,pause,NA,NA,NA,NA,0.0,0,-48.86,-30.19,[],0,0,[],[]
4267830,4268630,NA,NOF,0.0,99,pause,NA,NA,NA,NA,0.0,0,-47.52,-39.37,[],0,0,[],[]
4268630,4275270,NA,SIL,0.0,99,pause,NA,NA,NA,NA,0.0,0,-48.48,-26.43,[],0,0,[],[]
4275270,4275870,FEM,FAN,2.29,99,AMF,EC,0,NT,FI,0.0,0,-30.9,-22.28,[],0,0,[],[]
4275870,4277300,NA,NOF,0.0,100,pause,NA,NA,NA,NA,0.0,0,-48.4,-36.28,[],0,0,[],[]
4277300,4278450,NA,SIL,0.0,100,pause,NA,NA,NA,NA,0.0,0,-47.81,-31.69,[],0,0,[],[]
4278450,4279330,NA,NOF,0.0,100,pause,NA,NA,NA,NA,0.0,0,-46.14,-33.2,[],0,0,[],[]
4279330,4282650,NA,SIL,0.0,100,pause,NA,NA,NA,NA,0.0,0,-47.59,-29.08,[],0,0,[],[]
4282650,4284420,NA,MAF,0.0,100,pause,NA,NA,NA,NA,0.0,0,-45.65,-28.34,[],0,0,[],[]
4284420,4285560,NA,SIL,0.0,100,pause,NA,NA,NA,NA,0.0,0,-48.93,-32.4,[],0,0,[],[]
4285560,4286360,NA,MAF,0.0,100,pause,NA,NA,NA,NA,0.0,0,-47.81,-37.98,[],0,0,[],[]
4286360,4289640,NA,SIL,0.0,100,pause,NA,NA,NA,NA,0.0,0,-47.58,-26.35,[],0,0,[],[]
4289640,4290440,NA,MAF,0.0,100,pause,NA,NA,NA,NA,0.0,0,-46.48,-34.97,[],0,0,[],[]
4290440,4300600,NA,SIL,0.0,100,pause,NA,NA,NA,NA,0.0,0,-50.41,-35.61,[],0,0,[],[]
4300600,4301810,NA,NON,0.0,100,pause,NA,NA,NA,NA,0.0,0,-27.04,-11.53,[],0,0,[],[]
4301810,4311300,NA,SIL,0.0,100,pause,NA,NA,NA,NA,0.0,0,-50.97,-37.47,[],0,0,[],[]
4311300,4312340,OCH,CXN,0.0,100,XM,EC,0,NT,FI,0.0,0,-35.08,-27.86,[],0,0,[],[]
4312340,4324740,NA,SIL,0.0,101,pause,NA,NA,NA,NA,0.0,0,-50.27,-34.44,[],0,0,[],[]
4324740,4325540,NA,FAF,0.0,101,pause,NA,NA,NA,NA,0.0,0,-41.22,-25.37,[],0,0,[],[]
4325540,4326900,NA,SIL,0.0,101,pause,NA,NA,NA,NA,0.0,0,-50.04,-43.44,[],0,0,[],[]
4326900,4327700,NA,TVF,0.0,101,pause,NA,NA,NA,NA,0.0,0,-48.3,-42.22,[],0,0,[],[]
4327700,4329170,NA,SIL,0.0,101,pause,NA,NA,NA,NA,0.0,0,-50.29,-42.82,[],0,0,[],[]
4329170,4330040,NA,NOF,0.0,101,pause,NA,NA,NA,NA,0.0,0,-47.97,-37.79,[],0,0,[],[]
4330040,4333040,NA,SIL,0.0,101,pause,NA,NA,NA,NA,0.0,0,-49.6,-34.89,[],0,0,[],[]
4333040,4333840,NA,NOF,0.0,101,pause,NA,NA,NA,NA,0.0,0,-38.03,-25.34,[],0,0,[],[]
4333840,4339800,NA,SIL,0.0,101,pause,NA,NA,NA,NA,0.0,0,-50.11,-32.87,[],0,0,[],[]
4339800,4340800,NA,TVF,0.0,101,pause,NA,NA,NA,NA,0.0,0,-50.85,-39.76,[],0,0,[],[]
4340800,4342360,NA,FAF,0.0,101,pause,NA,NA,NA,NA,0.0,0,-47.4,-39.57,[],0,0,[],[]
4342360,4343160,NA,SIL,0.0,101,pause,NA,NA,NA,NA,0.0,0,-49.55,-42.44,[],0,0,[],[]
4343160,4345510,NA,NOF,0.0,101,pause,NA,NA,NA,NA,0.0,0,-46.14,-39.14,[],0,0,[],[]
4345510,4346810,NA,SIL,0.0,101,pause,NA,NA,NA,NA,0.0,0,-49.22,-45.18,[],0,0,[],[]
4346810,4347680,NA,NOF,0.0,101,pause,NA,NA,NA,NA,0.0,0,-47.67,-38.35,[],0,0,[],[]
4347680,4349000,NA,SIL,0.0,101,pause,NA,NA,NA,NA,0.0,0,-50.31,-38.36,[],0,0,[],[]
4349000,4350870,NA,NOF,0.0,101,pause,NA,NA,NA,NA,0.0,0,-43.19,-27.88,[],0,0,[],[]
4350870,4357090,NA,SIL,0.0,101,pause,NA,NA,NA,NA,0.0,0,-48.15,-29.41,[],0,0,[],[]
4357090,4357730,NA,MAF,0.0,101,pause,NA,NA,NA,NA,0.0,0,-40.86,-28.94,[],0,0,[],[]
4357730,4367370,NA,SIL,0.0,101,pause,NA,NA,NA,NA,0.0,0,-48.48,-24.97,[],0,0,[],[]
4367370,4368550,NA,CXF,0.0,101,pause,NA,NA,NA,NA,0.0,0,-44.5,-37.1,[],0,0,[],[]
4368550,4370390,NA,SIL,0.0,101,pause,NA,NA,NA,NA,0.0,0,-51.12,-43.01,[],0,0,[],[]
4370390,4370990,NA,FAF,0.0,101,pause,NA,NA,NA,NA,0.0,0,-38.41,-21.24,[],0,0,[],[]
4370990,4372480,NA,SIL,0.0,101,pause,NA,NA,NA,NA,0.0,0,-51.04,-40.89,[],0,0,[],[]
4372480,4373300,NA,FAF,0.0,101,pause,NA,NA,NA,NA,0.0,0,-48.88,-40.49,[],0,0,[],[]
4373300,4376010,NA,SIL,0.0,101,pause,NA,NA,NA,NA,0.0,0,-51.81,-44.31,[],0,0,[],[]
4376010,4376840,NA,OLF,0.0,101,pause,NA,NA,NA,NA,0.0,0,-47.21,-41.08,[],0,0,[],[]
4376840,4378580,NA,SIL,0.0,101,pause,NA,NA,NA,NA,0.0,0,-47.83,-33.59,[],0,0,[],[]
4378580,4379380,NA,OLF,0.0,101,pause,NA,NA,NA,NA,0.0,0,-29.28,-15.72,[],0,0,[],[]
4379380,4379990,NA,CHF,0.0,101,pause,NA,NA,NA,NA,0.0,0,-34.62,-27.73,[],0,510,[],"[{'start': 4379.38, 'end': 4379.89}]"
4379990,4380800,NA,SIL,0.0,101,pause,NA,NA,NA,NA,0.0,0,-48.39,-42.63,[],0,0,[],[]
4380800,4381400,FEM,FAN,0.0,101,pause,NA,NA,NA,NA,0.0,0,-35.91,-29.56,[],600,0,[],[]
4381400,4382400,NA,CHF,0.0,101,pause,NA,NA,NA,NA,0.0,0,-37.58,-28.02,[],0,270,[],"[{'start': 4382.13, 'end': 4382.4}]"
4382400,4383680,NA,NOF,0.0,101,pause,NA,NA,NA,NA,0.0,0,-38.6,-28.37,[],0,0,[],[]
4383680,4385170,NA,SIL,0.0,101,pause,NA,NA,NA,NA,0.0,0,-48.35,-39.68,[],0,0,[],[]
4385170,4386360,NA,TVF,0.0,101,pause,NA,NA,NA,NA,0.0,0,-48.71,-37.93,[],0,0,[],[]
4386360,4390200,NA,NOF,0.0,101,pause,NA,NA,NA,NA,0.0,0,-45.46,-29.28,[],0,0,[],[]
4390200,4391650,NA,SIL,0.0,101,pause,NA,NA,NA,NA,0.0,0,-46.11,-28.89,[],0,0,[],[]
4391650,4393900,NA,MAF,0.0,101,pause,NA,NA,NA,NA,0.0,0,-47.2,-33.95,[],0,0,[],[]
4393900,4394710,NA,SIL,0.0,101,pause,NA,NA,NA,NA,0.0,0,-43.3,-26.17,[],0,0,[],[]
4394710,4395510,NA,FAF,0.0,101,pause,NA,NA,NA,NA,0.0,0,-43.85,-28.92,[],0,0,[],[]
4395510,4396310,NA,SIL,0.0,101,pause,NA,NA,NA,NA,0.0,0,-47.08,-37.4,[],0,0,[],[]
4396310,4397450,NA,MAF,0.0,101,pause,NA,NA,NA,NA,0.0,0,-47.63,-37.65,[],0,0,[],[]
4397450,4398380,NA,SIL,0.0,101,pause,NA,NA,NA,NA,0.0,0,-49.51,-41.77,[],0,0,[],[]
4398380,4399180,NA,NOF,0.0,101,pause,NA,NA,NA,NA,0.0,0,-43.39,-28.17,[],0,0,[],[]
4399180,4400200,NA,MAF,0.0,101,pause,NA,NA,NA,NA,0.0,0,-47.29,-37.14,[],0,0,[],[]
4400200,4402110,NA,SIL,0.0,101,pause,NA,NA,NA,NA,0.0,0,-52.24,-42.03,[],0,0,[],[]
4402110,4403300,NA,TVF,0.0,101,pause,NA,NA,NA,NA,0.0,0,-50.81,-44.71,[],0,0,[],[]
4403300,4404400,NA,FAF,0.0,101,pause,NA,NA,NA,NA,0.0,0,-47.98,-36.25,[],0,0,[],[]
4404400,4405640,NA,CXF,0.0,101,pause,NA,NA,NA,NA,0.0,0,-49.45,-41.57,[],0,0,[],[]
4405640,4406720,NA,SIL,0.0,101,pause,NA,NA,NA,NA,0.0,0,-51.41,-44.58,[],0,0,[],[]
4406720,4407340,NA,CHF,0.0,101,CM,EC,0,NT,FI,1.0,620,-43.67,-32.45,"[{'Canonical-syllable': '0', 'Growl': '1', 'High-freq-energy': '0', 'Long-island': '0', 'Low-tilt-spectrum': '1', 'Medium-island': '1', 'Short-island': '0', 'Squeal': '0', 'Typical-entropy': '0', 'Voicing-quality': '1', 'Wide-band': '0', 'Xlong-island': '0', 'seq': '1', 'end': 4407.34, 'start': 4406.72}]",0,0,[],[]
4407340,4408390,NA,SIL,0.0,102,pause,NA,NA,NA,NA,0.0,0,-47.52,-36.76,[],0,0,[],[]
4408390,4409330,NA,NOF,0.0,102,pause,NA,NA,NA,NA,0.0,0,-47.52,-37.79,[],0,0,[],[]
4409330,4411220,NA,SIL,0.0,102,pause,NA,NA,NA,NA,0.0,0,-48.5,-34.68,[],0,0,[],[]
4411220,4412980,NA,MAF,0.0,102,pause,NA,NA,NA,NA,0.0,0,-47.51,-33.53,[],0,0,[],[]
4412980,4413790,NA,SIL,0.0,102,pause,NA,NA,NA,NA,0.0,0,-42.8,-30.88,[],0,0,[],[]
4413790,4414800,NA,TVF,0.0,102,pause,NA,NA,NA,NA,0.0,0,-50.57,-45.18,[],0,0,[],[]
4414800,4416150,NA,SIL,0.0,102,pause,NA,NA,NA,NA,0.0,0,-47.67,-31.31,[],0,0,[],[]
4416150,4417110,NA,MAF,0.0,102,pause,NA,NA,NA,NA,0.0,0,-47.13,-35.34,[],0,0,[],[]
4417110,4419340,NA,SIL,0.0,102,pause,NA,NA,NA,NA,0.0,0,-50.51,-44.62,[],0,0,[],[]
4419340,4420200,NA,OLF,0.0,102,pause,NA,NA,NA,NA,0.0,0,-48.74,-41.87,[],0,0,[],[]
4420200,4421280,NA,SIL,0.0,102,pause,NA,NA,NA,NA,0.0,0,-50.59,-44.78,[],0,0,[],[]
4421280,4422030,NA,MAF,0.0,102,pause,NA,NA,NA,NA,0.0,0,-41.8,-26.59,[],0,0,[],[]
4422030,4422920,NA,SIL,0.0,102,pause,NA,NA,NA,NA,0.0,0,-49.2,-43.68,[],0,0,[],[]
4422920,4425580,NA,NOF,0.0,102,pause,NA,NA,NA,NA,0.0,0,-38.55,-20.4,[],0,0,[],[]
4425580,4426400,NA,SIL,0.0,102,pause,NA,NA,NA,NA,0.0,0,-50.71,-46.84,[],0,0,[],[]
4426400,4427250,NA,NOF,0.0,102,pause,NA,NA,NA,NA,0.0,0,-49.21,-44.41,[],0,0,[],[]
4427250,4431300,NA,SIL,0.0,102,pause,NA,NA,NA,NA,0.0,0,-50.6,-37.11,[],0,0,[],[]
4431300,4431900,NA,FAF,0.0,102,pause,NA,NA,NA,NA,0.0,0,-46.3,-31.93,[],0,0,[],[]
4431900,4434260,NA,SIL,0.0,102,pause,NA,NA,NA,NA,0.0,0,-49.25,-33.0,[],0,0,[],[]
4434260,4435070,NA,CHF,0.0,102,CM,EC,0,NT,FI,1.0,560,-44.8,-30.72,"[{'Canonical-syllable': '0', 'Growl': '2', 'High-freq-energy': '0', 'Long-island': '0', 'Low-tilt-spectrum': '2', 'Medium-island': '0', 'Short-island': '2', 'Squeal': '0', 'Typical-entropy': '0', 'Voicing-quality': '0', 'Wide-band': '1', 'Xlong-island': '0', 'seq': '1', 'end': 4434.82, 'start': 4434.26}]",0,0,[],[]
4435070,4436070,NA,TVN,0.0,103,pause,NA,NA,NA,NA,0.0,0,-47.83,-37.27,[],0,0,[],[]
4436070,4436870,NA,OLF,0.0,103,pause,NA,NA,NA,NA,0.0,0,-23.26,-7.75,[],0,0,[],[]
4436870,4442020,NA,SIL,0.0,103,pause,NA,NA,NA,NA,0.0,0,-51.32,-35.82,[],0,0,[],[]
4442020,4442950,NA,NOF,0.0,103,pause,NA,NA,NA,NA,0.0,0,-41.5,-30.15,[],0,0,[],[]
4442950,4445490,NA,SIL,0.0,103,pause,NA,NA,NA,NA,0.0,0,-49.47,-42.35,[],0,0,[],[]
4445490,4446470,NA,FAF,0.0,103,pause,NA,NA,NA,NA,0.0,0,-48.78,-37.61,[],0,0,[],[]
4446470,4448420,NA,SIL,0.0,103,pause,NA,NA,NA,NA,0.0,0,-48.13,-30.8,[],0,0,[],[]
4448420,4450070,NA,NOF,0.0,103,pause,NA,NA,NA,NA,0.0,0,-35.9,-22.34,[],0,0,[],[]
4450070,4451140,NA,SIL,0.0,103,pause,NA,NA,NA,NA,0.0,0,-43.95,-33.98,[],0,0,[],[]
4451140,4453300,NA,NOF,0.0,103,pause,NA,NA,NA,NA,0.0,0,-41.26,-24.42,[],0,0,[],[]
4453300,4454100,NA,SIL,0.0,103,pause,NA,NA,NA,NA,0.0,0,-49.95,-45.9,[],0,0,[],[]
4454100,4455420,NA,NOF,0.0,103,pause,NA,NA,NA,NA,0.0,0,-45.38,-35.48,[],0,0,[],[]
4455420,4456420,MAL,MAN,3.52,103,AMM,EC,0,NT,FI,0.0,0,-33.83,-25.43,[],0,0,[],[]
4456420,4458320,NA,NOF,0.0,104,pause,NA,NA,NA,NA,0.0,0,-29.18,-12.33,[],0,0,[],[]
4458320,4459320,NA,FAF,0.0,104,pause,NA,NA,NA,NA,0.0,0,-39.65,-30.35,[],0,0,[],[]
4459320,4460370,NA,NOF,0.0,104,pause,NA,NA,NA,NA,0.0,0,-40.13,-30.48,[],0,0,[],[]
4460370,4461310,NA,SIL,0.0,104,pause,NA,NA,NA,NA,0.0,0,-52.9,-47.06,[],0,0,[],[]
4461310,4462200,NA,FAF,0.0,104,pause,NA,NA,NA,NA,0.0,0,-47.19,-36.38,[],0,0,[],[]
4462200,4464690,NA,SIL,0.0,104,pause,NA,NA,NA,NA,0.0,0,-52.65,-45.58,[],0,0,[],[]
4464690,4465820,NA,TVF,0.0,104,pause,NA,NA,NA,NA,0.0,0,-49.6,-39.83,[],0,0,[],[]
4465820,4466940,MAL,MAN,6.45,104,AICM,BC,0,TIMI,FI,0.0,0,-30.14,-21.11,[],0,0,[],[]
4466940,4468030,NA,SIL,0.0,104,AICM,NA,NA,NA,NA,0.0,0,-51.96,-46.73,[],0,0,[],[]
4468030,4469670,NA,NOF,0.0,104,AICM,NA,NA,NA,NA,0.0,0,-46.09,-33.15,[],0,0,[],[]
4469670,4470470,NA,OLF,0.0,104,AICM,NA,NA,NA,NA,0.0,0,-29.77,-16.97,[],0,0,[],[]
4470470,4471270,NA,NOF,0.0,104,AICM,NA,NA,NA,NA,0.0,0,-32.06,-20.36,[],0,0,[],[]
4471270,4472350,CHI,CHN,0.0,104,AICM,RC,1,TIMR,FI,1.0,1080,-16.23,-8.26,"[{'Canonical-syllable': '0', 'Growl': '0', 'High-freq-energy': '0', 'Long-island': '1', 'Low-tilt-spectrum': '0', 'Medium-island': '0', 'Short-island': '1', 'Squeal': '0', 'Typical-entropy': '0', 'Voicing-quality': '3', 'Wide-band': '0', 'Xlong-island': '0', 'seq': '1', 'end': 4472.35, 'start': 4471.27}]",0,0,[],[]
4472350,4473240,CHI,CHN,0.0,104,AICM,RC,1,NT,FH,1.0,790,-18.2,-7.35,"[{'Canonical-syllable': '1', 'Growl': '0', 'High-freq-energy': '0', 'Long-island': '0', 'Low-tilt-spectrum': '2', 'Medium-island': '1', 'Short-island': '1', 'Squeal': '0', 'Typical-entropy': '1', 'Voicing-quality': '2', 'Wide-band': '0', 'Xlong-island': '0', 'seq': '1', 'end': 4473.14, 'start': 4472.5}]",0,0,[],[]
4473240,4474780,NA,OLN,0.0,104,AICM,NA,NA,NA,NA,0.0,0,-32.15,-20.4,[],0,0,[],[]
4474780,4477330,NA,MAF,0.0,104,AICM,NA,NA,NA,NA,0.0,0,-36.6,-26.22,[],0,0,[],[]
4477330,4478330,CHI,CHN,0.0,104,AICM,EC,1,NT,FH,1.0,1000,-16.43,-9.56,"[{'Canonical-syllable': '0', 'Growl': '0', 'High-freq-energy': '0', 'Long-island': '1', 'Low-tilt-spectrum': '0', 'Medium-island': '0', 'Short-island': '0', 'Squeal': '0', 'Typical-entropy': '0', 'Voicing-quality': '1', 'Wide-band': '0', 'Xlong-island': '0', 'seq': '1', 'end': 4478.33, 'start': 4477.46}]",0,0,[],[]
4478330,4479370,NA,MAF,0.0,105,pause,NA,NA,NA,NA,0.0,0,-40.0,-26.97,[],0,0,[],[]
4479370,4481010,NA,NOF,0.0,105,pause,NA,NA,NA,NA,0.0,0,-19.35,-4.86,[],0,0,[],[]
4481010,4485540,NA,SIL,0.0,105,pause,NA,NA,NA,NA,0.0,0,-44.84,-29.04,[],0,0,[],[]
4485540,4486350,NA,OLF,0.0,105,pause,NA,NA,NA,NA,0.0,0,-31.04,-14.77,[],0,0,[],[]
4486350,4489240,NA,NOF,0.0,105,pause,NA,NA,NA,NA,0.0,0,-44.92,-37.65,[],0,0,[],[]
4489240,4497400,NA,SIL,0.0,105,pause,NA,NA,NA,NA,0.0,0,-50.83,-30.42,[],0,0,[],[]
4497400,4498400,NA,TVF,0.0,105,pause,NA,NA,NA,NA,0.0,0,-52.3,-46.77,[],0,0,[],[]
4498400,4499530,NA,NOF,0.0,105,pause,NA,NA,NA,NA,0.0,0,-42.93,-24.21,[],0,0,[],[]
4499530,4503290,NA,SIL,0.0,105,pause,NA,NA,NA,NA,0.0,0,-51.24,-42.54,[],0,0,[],[]
4503290,4504100,NA,NOF,0.0,105,pause,NA,NA,NA,NA,0.0,0,-48.42,-38.0,[],0,0,[],[]
4504100,4504950,NA,SIL,0.0,105,pause,NA,NA,NA,NA,0.0,0,-53.1,-47.42,[],0,0,[],[]
4504950,4505900,NA,MAF,0.0,105,pause,NA,NA,NA,NA,0.0,0,-50.48,-38.15,[],0,0,[],[]
4505900,4506750,NA,SIL,0.0,105,pause,NA,NA,NA,NA,0.0,0,-51.25,-39.27,[],0,0,[],[]
4506750,4507560,NA,NOF,0.0,105,pause,NA,NA,NA,NA,0.0,0,-48.24,-34.19,[],0,0,[],[]
4507560,4510630,NA,SIL,0.0,105,pause,NA,NA,NA,NA,0.0,0,-52.28,-45.57,[],0,0,[],[]
4510630,4511630,NA,TVF,0.0,105,pause,NA,NA,NA,NA,0.0,0,-49.93,-45.89,[],0,0,[],[]
4511630,4513970,NA,SIL,0.0,105,pause,NA,NA,NA,NA,0.0,0,-50.02,-33.11,[],0,0,[],[]
4513970,4516500,NA,NOF,0.0,105,pause,NA,NA,NA,NA,0.0,0,-43.16,-24.83,[],0,0,[],[]
4516500,4518460,NA,SIL,0.0,105,pause,NA,NA,NA,NA,0.0,0,-51.28,-42.82,[],0,0,[],[]
4518460,4520710,NA,NOF,0.0,105,pause,NA,NA,NA,NA,0.0,0,-43.68,-30.27,[],0,0,[],[]
4520710,4521970,NA,SIL,0.0,105,pause,NA,NA,NA,NA,0.0,0,-50.51,-46.61,[],0,0,[],[]
4521970,4523360,NA,NOF,0.0,105,pause,NA,NA,NA,NA,0.0,0,-33.54,-16.37,[],0,0,[],[]
4523360,4526130,NA,MAF,0.0,105,pause,NA,NA,NA,NA,0.0,0,-40.74,-24.47,[],0,0,[],[]
4526130,4529540,NA,NOF,0.0,105,pause,NA,NA,NA,NA,0.0,0,-31.79,-6.8,[],0,0,[],[]
4529540,4530380,NA,SIL,0.0,105,pause,NA,NA,NA,NA,0.0,0,-47.8,-43.14,[],0,0,[],[]
4530380,4531410,NA,CHF,0.0,105,pause,NA,NA,NA,NA,0.0,0,-46.91,-41.64,[],0,1030,[],"[{'start': 4530.38, 'end': 4531.41}]"
4531410,4533000,NA,SIL,0.0,105,pause,NA,NA,NA,NA,0.0,0,-49.28,-40.62,[],0,0,[],[]
4533000,4535320,NA,FAF,0.0,105,pause,NA,NA,NA,NA,0.0,0,-44.36,-25.04,[],0,0,[],[]
4535320,4536220,NA,SIL,0.0,105,pause,NA,NA,NA,NA,0.0,0,-53.26,-49.15,[],0,0,[],[]
4536220,4537200,NA,FAF,0.0,105,pause,NA,NA,NA,NA,0.0,0,-46.14,-31.07,[],0,0,[],[]
4537200,4539330,NA,SIL,0.0,105,pause,NA,NA,NA,NA,0.0,0,-51.69,-47.09,[],0,0,[],[]
4539330,4540370,NA,TVN,0.0,105,pause,NA,NA,NA,NA,0.0,0,-50.21,-39.47,[],0,0,[],[]
4540370,4541680,NA,SIL,0.0,105,pause,NA,NA,NA,NA,0.0,0,-48.48,-31.72,[],0,0,[],[]
4541680,4542480,NA,OLF,0.0,105,pause,NA,NA,NA,NA,0.0,0,-38.74,-26.45,[],0,0,[],[]
4542480,4543570,NA,SIL,0.0,105,pause,NA,NA,NA,NA,0.0,0,-48.83,-43.32,[],0,0,[],[]
4543570,4544370,NA,OLF,0.0,105,pause,NA,NA,NA,NA,0.0,0,-39.73,-30.82,[],0,0,[],[]
4544370,4545670,NA,SIL,0.0,105,pause,NA,NA,NA,NA,0.0,0,-50.95,-46.54,[],0,0,[],[]
4545670,4546470,NA,NOF,0.0,105,pause,NA,NA,NA,NA,0.0,0,-51.41,-46.6,[],0,0,[],[]
4546470,4548320,NA,SIL,0.0,105,pause,NA,NA,NA,NA,0.0,0,-51.6,-44.11,[],0,0,[],[]
4548320,4549120,NA,FAF,0.0,105,pause,NA,NA,NA,NA,0.0,0,-49.85,-43.88,[],0,0,[],[]
4549120,4550290,NA,SIL,0.0,105,pause,NA,NA,NA,NA,0.0,0,-52.26,-45.25,[],0,0,[],[]
4550290,4551350,NA,NOF,0.0,105,pause,NA,NA,NA,NA,0.0,0,-48.83,-42.25,[],0,0,[],[]
4551350,4552290,NA,TVF,0.0,105,pause,NA,NA,NA,NA,0.0,0,-43.19,-36.5,[],0,0,[],[]
4552290,4555580,NA,OLF,0.0,105,pause,NA,NA,NA,NA,0.0,0,-45.66,-30.47,[],0,0,[],[]
4555580,4557010,NA,SIL,0.0,105,pause,NA,NA,NA,NA,0.0,0,-48.53,-38.47,[],0,0,[],[]
4557010,4557960,NA,NOF,0.0,105,pause,NA,NA,NA,NA,0.0,0,-45.77,-30.05,[],0,0,[],[]
4557960,4558860,NA,SIL,0.0,105,pause,NA,NA,NA,NA,0.0,0,-44.95,-35.69,[],0,0,[],[]
4558860,4559660,NA,NOF,0.0,105,pause,NA,NA,NA,NA,0.0,0,-46.32,-35.1,[],0,0,[],[]
4559660,4560610,NA,SIL,0.0,105,pause,NA,NA,NA,NA,0.0,0,-44.66,-28.17,[],0,0,[],[]
4560610,4561890,NA,NOF,0.0,105,pause,NA,NA,NA,NA,0.0,0,-42.32,-28.18,[],0,0,[],[]
4561890,4562700,NA,SIL,0.0,105,pause,NA,NA,NA,NA,0.0,0,-51.37,-45.42,[],0,0,[],[]
4562700,4564150,NA,NOF,0.0,105,pause,NA,NA,NA,NA,0.0,0,-47.75,-39.48,[],0,0,[],[]
4564150,4565190,MAL,MAN,5.74,105,AIOCM,BC,0,NT,FI,0.0,0,-28.43,-20.71,[],0,0,[],[]
4565190,4566780,OCH,CXN,0.0,105,AIOCM,RC,0,NT,FI,0.0,0,-24.64,-18.33,[],0,0,[],[]
4566780,4567780,MAL,MAN,5.59,105,AIOCM,EC,0,NT,FI,0.0,0,-26.54,-15.18,[],0,0,[],[]
4567780,4568910,NA,NOF,0.0,106,pause,NA,NA,NA,NA,0.0,0,-44.79,-34.66,[],0,0,[],[]
4568910,4569750,NA,OLN,0.0,106,pause,NA,NA,NA,NA,0.0,0,-31.24,-23.75,[],0,0,[],[]
4569750,4573190,NA,NOF,0.0,106,pause,NA,NA,NA,NA,0.0,0,-34.35,-17.18,[],0,0,[],[]
4573190,4574000,NA,OLF,0.0,106,pause,NA,NA,NA,NA,0.0,0,-35.41,-22.04,[],0,0,[],[]
4574000,4574720,CHI,CHN,0.0,106,CIC,BC,0,NT,FI,1.0,720,-18.32,-6.4,"[{'Canonical-syllable': '0', 'Growl': '1', 'High-freq-energy': '0', 'Long-island': '0', 'Low-tilt-spectrum': '1', 'Medium-island': '1', 'Short-island': '0', 'Squeal': '0', 'Typical-entropy': '1', 'Voicing-quality': '0', 'Wide-band': '0', 'Xlong-island': '0', 'seq': '1', 'end': 4574.72, 'start': 4574.13}]",0,0,[],[]
4574720,4575740,CHI,CHN,0.0,106,CIC,RC,0,NT,FH,1.0,1020,-25.57,-19.24,"[{'Canonical-syllable': '0', 'Growl': '1', 'High-freq-energy': '1', 'Long-island': '0', 'Low-tilt-spectrum': '1', 'Medium-island': '0', 'Short-island': '0', 'Squeal': '0', 'Typical-entropy': '1', 'Voicing-quality': '1', 'Wide-band': '0', 'Xlong-island': '1', 'seq': '1', 'end': 4575.74, 'start': 4574.72}]",0,0,[],[]
4575740,4579540,NA,OLF,0.0,106,CIC,NA,NA,NA,NA,0.0,0,-34.42,-18.5,[],0,0,[],[]
4579540,4580340,OCH,CXN,0.0,106,CIC,RC,0,NT,FI,0.0,0,-25.33,-19.84,[],0,0,[],[]
4580340,4582070,NA,OLF,0.0,106,CIC,NA,NA,NA,NA,0.0,0,-34.63,-23.44,[],0,0,[],[]
4582070,4583240,NA,NOF,0.0,106,CIC,NA,NA,NA,NA,0.0,0,-32.17,-16.5,[],0,0,[],[]
4583240,4584810,FEM,FAN,9.64,106,CIC,RC,0,NT,FI,0.0,0,-24.3,-14.77,[],0,0,[],[]
4584810,4586140,NA,NOF,0.0,106,CIC,NA,NA,NA,NA,0.0,0,-42.4,-29.32,[],0,0,[],[]
4586140,4587380,OCH,CXN,0.0,106,CIC,RC,0,NT,FI,0.0,0,-17.26,-8.95,[],0,0,[],[]
4587380,4588220,NA,NOF,0.0,106,CIC,NA,NA,NA,NA,0.0,0,-29.12,-15.85,[],0,0,[],[]
4588220,4589590,NA,SIL,0.0,106,CIC,NA,NA,NA,NA,0.0,0,-43.44,-27.57,[],0,0,[],[]
4589590,4590870,CHI,CHN,0.0,106,CIC,RC,0,NT,FI,1.0,1280,-15.5,-7.14,"[{'Canonical-syllable': '0', 'Growl': '0', 'High-freq-energy': '0', 'Long-island': '0', 'Low-tilt-spectrum': '0', 'Medium-island': '0', 'Short-island': '0', 'Squeal': '0', 'Typical-entropy': '1', 'Voicing-quality': '1', 'Wide-band': '0', 'Xlong-island': '1', 'seq': '1', 'end': 4590.87, 'start': 4589.69}]",0,0,[],[]
4590870,4591940,NA,NOF,0.0,106,CIC,NA,NA,NA,NA,0.0,0,-39.84,-25.66,[],0,0,[],[]
4591940,4592990,NA,OLF,0.0,106,CIC,NA,NA,NA,NA,0.0,0,-34.81,-23.35,[],0,0,[],[]
4592990,4594330,OCH,CXN,0.0,106,CIC,RC,0,NT,FI,0.0,0,-15.09,-7.75,[],0,0,[],[]
4594330,4595130,NA,OLN,0.0,106,CIC,NA,NA,NA,NA,0.0,0,-38.43,-31.64,[],0,0,[],[]
4595130,4596130,NA,TVN,0.0,106,CIC,NA,NA,NA,NA,0.0,0,-36.7,-31.75,[],0,0,[],[]
4596130,4597130,FEM,FAN,6.02,106,CIC,RC,0,TIFI,FI,0.0,0,-30.09,-22.24,[],0,0,[],[]
4597130,4598070,NA,NOF,0.0,106,CIC,NA,NA,NA,NA,0.0,0,-47.59,-34.44,[],0,0,[],[]
4598070,4599130,NA,SIL,0.0,106,CIC,NA,NA,NA,NA,0.0,0,-42.9,-35.32,[],0,0,[],[]
4599130,4599970,NA,OLF,0.0,106,CIC,NA,NA,NA,NA,0.0,0,-35.79,-26.07,[],0,0,[],[]
4599970,4600970,CHI,CHN,0.0,106,CIC,EC,1,TIFR,FI,1.0,1000,-17.11,-9.87,"[{'Canonical-syllable': '0', 'Growl': '1', 'High-freq-energy': '0', 'Long-island': '1', 'Low-tilt-spectrum': '0', 'Medium-island': '0', 'Short-island': '0', 'Squeal': '0', 'Typical-entropy': '1', 'Voicing-quality': '2', 'Wide-band': '0', 'Xlong-island': '0', 'seq': '1', 'end': 4600.97, 'start': 4599.97}]",0,0,[],[]
4600970,4601770,NA,NON,0.0,107,pause,NA,NA,NA,NA,0.0,0,-39.15,-33.41,[],0,0,[],[]
4601770,4603200,NA,TVN,0.0,107,pause,NA,NA,NA,NA,0.0,0,-35.83,-26.02,[],0,0,[],[]
4603200,4604370,NA,MAF,0.0,107,pause,NA,NA,NA,NA,0.0,0,-38.54,-31.51,[],0,0,[],[]
4604370,4605200,NA,NOF,0.0,107,pause,NA,NA,NA,NA,0.0,0,-41.93,-32.07,[],0,0,[],[]
4605200,4606480,NA,OLF,0.0,107,pause,NA,NA,NA,NA,0.0,0,-34.18,-21.58,[],0,0,[],[]
4606480,4607280,NA,NOF,0.0,107,pause,NA,NA,NA,NA,0.0,0,-40.81,-35.91,[],0,0,[],[]
4607280,4608480,FEM,FAN,5.4,107,AICF,BC,0,TIFI,FI,0.0,0,-24.54,-14.4,[],0,0,[],[]
4608480,4609130,CHI,CHN,0.0,107,AICF,RC,1,TIFR,FI,1.0,340,-21.62,-15.24,"[{'Canonical-syllable': '1', 'Growl': '0', 'High-freq-energy': '0', 'Long-island': '0', 'Low-tilt-spectrum': '0', 'Medium-island': '1', 'Short-island': '0', 'Squeal': '0', 'Typical-entropy': '0', 'Voicing-quality': '1', 'Wide-band': '0', 'Xlong-island': '0', 'seq': '1', 'end': 4608.82, 'start': 4608.48}]",0,0,[],[]
4609130,4610220,NA,OLF,0.0,107,AICF,NA,NA,NA,NA,0.0,0,-37.36,-28.28,[],0,0,[],[]
4610220,4611390,MAL,MAN,4.28,107,AICF,RC,1,TIMI,FI,0.0,0,-35.76,-28.62,[],0,0,[],[]
4611390,4612470,NA,TVF,0.0,107,AICF,NA,NA,NA,NA,0.0,0,-42.07,-30.7,[],0,0,[],[]
4612470,4613250,CHI,CHN,0.0,107,AICF,RC,2,TIMR,FI,1.0,560,-18.04,-11.46,"[{'Canonical-syllable': '0', 'Growl': '0', 'High-freq-energy': '0', 'Long-island': '0', 'Low-tilt-spectrum': '0', 'Medium-island': '1', 'Short-island': '0', 'Squeal': '0', 'Typical-entropy': '1', 'Voicing-quality': '1', 'Wide-band': '0', 'Xlong-island': '0', 'seq': '1', 'end': 4613.03, 'start': 4612.47}]",0,0,[],[]
4613250,4614170,NA,OLF,0.0,107,AICF,NA,NA,NA,NA,0.0,0,-42.28,-34.29,[],0,0,[],[]
4614170,4615220,OCH,CXN,0.0,107,AICF,RC,2,NT,FI,0.0,0,-17.26,-9.43,[],0,0,[],[]
4615220,4615880,OCH,CXN,0.0,107,AICF,RC,2,NT,FH,0.0,0,-25.07,-16.24,[],0,0,[],[]
4615880,4617020,NA,OLF,0.0,107,AICF,NA,NA,NA,NA,0.0,0,-35.31,-19.49,[],0,0,[],[]
4617020,4618020,NA,TVF,0.0,107,AICF,NA,NA,NA,NA,0.0,0,-42.06,-28.27,[],0,0,[],[]
4618020,4618820,OCH,CXN,0.0,107,AICF,RC,2,NT,FH,0.0,0,-32.55,-26.73,[],0,0,[],[]
4618820,4619740,NA,OLF,0.0,107,AICF,NA,NA,NA,NA,0.0,0,-38.0,-30.91,[],0,0,[],[]
4619740,4620800,NA,FAF,0.0,107,AICF,NA,NA,NA,NA,0.0,0,-35.27,-23.79,[],0,0,[],[]
4620800,4622170,NA,OLF,0.0,107,AICF,NA,NA,NA,NA,0.0,0,-34.64,-21.84,[],0,0,[],[]
4622170,4623020,OCH,CXN,0.0,107,AICF,RC,2,NT,FH,0.0,0,-23.65,-15.52,[],0,0,[],[]
4623020,4624130,NA,OLN,0.0,107,AICF,NA,NA,NA,NA,0.0,0,-32.78,-22.98,[],0,0,[],[]
4624130,4625180,OCH,CXN,0.0,107,AICF,RC,2,NT,FH,0.0,0,-21.57,-13.56,[],0,0,[],[]
4625180,4625780,CHI,CHN,0.0,107,AICF,RC,2,NT,FI,1.0,600,-15.13,-10.61,"[{'Canonical-syllable': '0', 'Growl': '0', 'High-freq-energy': '0', 'Long-island': '0', 'Low-tilt-spectrum': '0', 'Medium-island': '1', 'Short-island': '0', 'Squeal': '0', 'Typical-entropy': '0', 'Voicing-quality': '1', 'Wide-band': '0', 'Xlong-island': '0', 'seq': '1', 'end': 4625.78, 'start': 4625.18}]",0,0,[],[]
4625780,4627140,CHI,CHN,0.0,107,AICF,RC,2,NT,FH,2.0,360,-24.27,-15.93,"[{'Canonical-syllable': '0', 'Growl': '0', 'High-freq-energy': '0', 'Long-island': '0', 'Low-tilt-spectrum': '0', 'Medium-island': '0', 'Short-island': '1', 'Squeal': '0', 'Typical-entropy': '0', 'Voicing-quality': '1', 'Wide-band': '0', 'Xlong-island': '0', 'seq': '1', 'end': 4625.99, 'start': 4625.78}, {'Canonical-syllable': '0', 'Growl': '0', 'High-freq-energy': '0', 'Long-island': '0', 'Low-tilt-spectrum': '0', 'Medium-island': '0', 'Short-island': '1', 'Squeal': '0', 'Typical-entropy': '1', 'Voicing-quality': '1', 'Wide-band': '0', 'Xlong-island': '0', 'seq': '2', 'end': 4626.75, 'start': 4626.6}]",0,0,[],[]
4627140,4627940,NA,OLF,0.0,107,AICF,NA,NA,NA,NA,0.0,0,-35.86,-24.17,[],0,0,[],[]
4627940,4628780,NA,NON,0.0,107,AICF,NA,NA,NA,NA,0.0,0,-28.67,-17.68,[],0,0,[],[]
4628780,4629600,NA,OLN,0.0,107,AICF,NA,NA,NA,NA,0.0,0,-20.91,-7.61,[],0,0,[],[]
4629600,4630200,CHI,CHN,0.0,107,AICF,RC,2,NT,FH,1.0,200,-19.56,-9.75,"[{'Canonical-syllable': '0', 'Growl': '0', 'High-freq-energy': '0', 'Long-island': '0', 'Low-tilt-spectrum': '0', 'Medium-island': '0', 'Short-island': '1', 'Squeal': '0', 'Typical-entropy': '0', 'Voicing-quality': '1', 'Wide-band': '0', 'Xlong-island': '0', 'seq': '1', 'end': 4630.2, 'start': 4630.0}]",0,0,[],[]
4630200,4631290,NA,NOF,0.0,107,AICF,NA,NA,NA,NA,0.0,0,-38.73,-28.97,[],0,0,[],[]
4631290,4631890,OCH,CXN,0.0,107,AICF,RC,2,NT,FI,0.0,0,-18.56,-8.74,[],0,0,[],[]
4631890,4632710,NA,NOF,0.0,107,AICF,NA,NA,NA,NA,0.0,0,-44.12,-35.14,[],0,0,[],[]
4632710,4633710,OCH,CXN,0.0,107,AICF,RC,2,NT,FH,0.0,0,-16.26,-8.42,[],0,0,[],[]
4633710,4634510,OCH,CXN,0.0,107,AICF,RC,2,NT,FH,0.0,0,-19.59,-14.67,[],0,0,[],[]
4634510,4635320,NA,NOF,0.0,107,AICF,NA,NA,NA,NA,0.0,0,-43.49,-30.08,[],0,0,[],[]
4635320,4636120,NA,SIL,0.0,107,AICF,NA,NA,NA,NA,0.0,0,-47.57,-32.34,[],0,0,[],[]
4636120,4636720,OCH,CXN,0.0,107,AICF,EC,2,NT,FH,0.0,0,-36.6,-26.48,[],0,0,[],[]
4636720,4638110,NA,SIL,0.0,108,pause,NA,NA,NA,NA,0.0,0,-49.05,-41.14,[],0,0,[],[]
4638110,4638970,NA,NOF,0.0,108,pause,NA,NA,NA,NA,0.0,0,-24.51,-5.85,[],0,0,[],[]
4638970,4643180,NA,SIL,0.0,108,pause,NA,NA,NA,NA,0.0,0,-46.83,-38.7,[],0,0,[],[]
4643180,4645860,NA,NOF,0.0,108,pause,NA,NA,NA,NA,0.0,0,-23.4,-3.75,[],0,0,[],[]
4645860,4646700,NA,OLF,0.0,108,pause,NA,NA,NA,NA,0.0,0,-14.55,-3.66,[],0,0,[],[]
4646700,4647500,NA,SIL,0.0,108,pause,NA,NA,NA,NA,0.0,0,-48.46,-42.2,[],0,0,[],[]
4647500,4648510,NA,NOF,0.0,108,pause,NA,NA,NA,NA,0.0,0,-32.28,-17.95,[],0,0,[],[]
4648510,4649310,NA,SIL,0.0,108,pause,NA,NA,NA,NA,0.0,0,-49.33,-44.29,[],0,0,[],[]
4649310,4650110,NA,NOF,0.0,108,pause,NA,NA,NA,NA,0.0,0,-37.12,-25.74,[],0,0,[],[]
4650110,4652520,NA,OLF,0.0,108,pause,NA,NA,NA,NA,0.0,0,-23.26,-7.86,[],0,0,[],[]
4652520,4654490,NA,OLN,0.0,108,pause,NA,NA,NA,NA,0.0,0,-27.05,-10.77,[],0,0,[],[]
4654490,4657830,NA,OLF,0.0,108,pause,NA,NA,NA,NA,0.0,0,-25.84,-13.02,[],0,0,[],[]
4657830,4658630,NA,NOF,0.0,108,pause,NA,NA,NA,NA,0.0,0,-28.81,-18.27,[],0,0,[],[]
4658630,4660090,NA,OLN,0.0,108,pause,NA,NA,NA,NA,0.0,0,-31.58,-19.61,[],0,0,[],[]
4660090,4662180,NA,NOF,0.0,108,pause,NA,NA,NA,NA,0.0,0,-37.26,-23.0,[],0,0,[],[]
4662180,4663270,NA,OLN,0.0,108,pause,NA,NA,NA,NA,0.0,0,-28.11,-14.81,[],0,0,[],[]
4663270,4664080,NA,NON,0.0,108,pause,NA,NA,NA,NA,0.0,0,-22.41,-7.97,[],0,0,[],[]
4664080,4678570,NA,OLN,0.0,108,pause,NA,NA,NA,NA,0.0,0,-17.49,-3.14,[],0,0,[],[]
4678570,4679370,NA,OLF,0.0,108,pause,NA,NA,NA,NA,0.0,0,-17.86,-5.41,[],0,0,[],[]
4679370,4680170,NA,OLN,0.0,108,pause,NA,NA,NA,NA,0.0,0,-18.87,-5.83,[],0,0,[],[]
4680170,4682960,NA,OLF,0.0,108,pause,NA,NA,NA,NA,0.0,0,-30.96,-13.96,[],0,0,[],[]
4682960,4685030,NA,SIL,0.0,108,pause,NA,NA,NA,NA,0.0,0,-42.56,-33.76,[],0,0,[],[]
4685030,4689290,NA,OLF,0.0,108,pause,NA,NA,NA,NA,0.0,0,-28.9,-12.45,[],0,0,[],[]
4689290,4690880,NA,OLN,0.0,108,pause,NA,NA,NA,NA,0.0,0,-18.68,-7.23,[],0,0,[],[]
4690880,4691480,CHI,CHN,0.0,108,pause,NA,NA,NA,NA,0.0,0,-17.45,-7.93,[],0,380,[],"[{'start': 4690.88, 'end': 4691.26}]"
4691480,4692280,NA,OLF,0.0,108,pause,NA,NA,NA,NA,0.0,0,-19.75,-4.01,[],0,0,[],[]
4692280,4693610,NA,NOF,0.0,108,pause,NA,NA,NA,NA,0.0,0,-22.59,-6.35,[],0,0,[],[]
4693610,4696570,NA,OLN,0.0,108,pause,NA,NA,NA,NA,0.0,0,-19.86,-10.76,[],0,0,[],[]
4696570,4697250,CHI,CHN,0.0,108,pause,NA,NA,NA,NA,0.0,0,-24.44,-20.61,[],0,680,"[{'start': 4696.57, 'end': 4697.25}]",[]
4697250,4698980,MAL,MAN,10.32,108,AMM,EC,0,NT,FI,0.0,0,-30.79,-20.32,[],0,0,[],[]
4698980,4703110,NA,OLN,0.0,109,pause,NA,NA,NA,NA,0.0,0,-19.79,-4.67,[],0,0,[],[]
4703110,4703920,NA,NOF,0.0,109,pause,NA,NA,NA,NA,0.0,0,-16.53,-3.76,[],0,0,[],[]
4703920,4706370,NA,OLN,0.0,109,pause,NA,NA,NA,NA,0.0,0,-20.92,-5.93,[],0,0,[],[]
4706370,4707190,NA,NOF,0.0,109,pause,NA,NA,NA,NA,0.0,0,-27.16,-17.29,[],0,0,[],[]
4707190,4709720,NA,OLN,0.0,109,pause,NA,NA,NA,NA,0.0,0,-24.84,-11.15,[],0,0,[],[]
4709720,4710840,NA,MAF,0.0,109,pause,NA,NA,NA,NA,0.0,0,-32.64,-16.38,[],0,0,[],[]
4710840,4712100,NA,OLF,0.0,109,pause,NA,NA,NA,NA,0.0,0,-25.38,-12.42,[],0,0,[],[]
4712100,4713660,NA,MAF,0.0,109,pause,NA,NA,NA,NA,0.0,0,-28.14,-13.92,[],0,0,[],[]
4713660,4716240,NA,OLF,0.0,109,pause,NA,NA,NA,NA,0.0,0,-24.9,-10.6,[],0,0,[],[]
4716240,4717270,OCH,CXN,0.0,109,XM,BC,0,NT,FI,0.0,0,-20.25,-14.62,[],0,0,[],[]
4717270,4718070,NA,OLF,0.0,109,XM,NA,NA,NA,NA,0.0,0,-34.0,-25.55,[],0,0,[],[]
4718070,4718670,OCH,CXN,0.0,109,XM,EC,0,NT,FH,0.0,0,-26.93,-17.54,[],0,0,[],[]
4718670,4724050,NA,OLF,0.0,110,pause,NA,NA,NA,NA,0.0,0,-19.01,-2.56,[],0,0,[],[]
4724050,4724650,FEM,FAN,1.52,110,AIOCF,BC,0,NT,FI,0.0,0,-31.94,-26.67,[],0,0,[],[]
4724650,4725590,NA,OLN,0.0,110,AIOCF,NA,NA,NA,NA,0.0,0,-24.73,-8.71,[],0,0,[],[]
4725590,4726390,OCH,CXN,0.0,110,AIOCF,EC,0,NT,FI,0.0,0,-32.37,-24.44,[],0,0,[],[]
4726390,4728650,NA,NOF,0.0,111,pause,NA,NA,NA,NA,0.0,0,-33.86,-18.01,[],0,0,[],[]
4728650,4731700,NA,OLN,0.0,111,pause,NA,NA,NA,NA,0.0,0,-22.64,-6.39,[],0,0,[],[]
4731700,4732500,NA,TVF,0.0,111,pause,NA,NA,NA,NA,0.0,0,-37.72,-33.06,[],0,0,[],[]
4732500,4733370,NA,SIL,0.0,111,pause,NA,NA,NA,NA,0.0,0,-43.75,-35.67,[],0,0,[],[]
4733370,4735050,MAL,MAN,1.0,111,AMM,EC,0,NT,FI,0.0,0,-33.44,-24.38,[],0,0,[],[]
4735050,4735930,NA,OLN,0.0,112,pause,NA,NA,NA,NA,0.0,0,-32.64,-22.79,[],0,0,[],[]
4735930,4737210,NA,MAF,0.0,112,pause,NA,NA,NA,NA,0.0,0,-32.01,-20.58,[],0,0,[],[]
4737210,4737920,NA,CHF,0.0,112,pause,NA,NA,NA,NA,0.0,0,-39.28,-30.15,[],0,230,"[{'start': 4737.69, 'end': 4737.92}]",[]
4737920,4738850,NA,SIL,0.0,112,pause,NA,NA,NA,NA,0.0,0,-46.93,-40.45,[],0,0,[],[]
4738850,4740210,NA,NOF,0.0,112,pause,NA,NA,NA,NA,0.0,0,-30.95,-15.78,[],0,0,[],[]
4740210,4745830,NA,SIL,0.0,112,pause,NA,NA,NA,NA,0.0,0,-43.7,-25.77,[],0,0,[],[]
4745830,4749170,NA,NOF,0.0,112,pause,NA,NA,NA,NA,0.0,0,-17.83,-3.75,[],0,0,[],[]
4749170,4749970,NA,OLF,0.0,112,pause,NA,NA,NA,NA,0.0,0,-27.05,-17.02,[],0,0,[],[]
4749970,4750770,NA,NOF,0.0,112,pause,NA,NA,NA,NA,0.0,0,-42.69,-32.64,[],0,0,[],[]
4750770,4752580,NA,SIL,0.0,112,pause,NA,NA,NA,NA,0.0,0,-34.45,-20.17,[],0,0,[],[]
4752580,4754550,NA,FAF,0.0,112,pause,NA,NA,NA,NA,0.0,0,-31.36,-14.76,[],0,0,[],[]
4754550,4755490,NA,OLF,0.0,112,pause,NA,NA,NA,NA,0.0,0,-23.44,-12.2,[],0,0,[],[]
4755490,4756400,NA,SIL,0.0,112,pause,NA,NA,NA,NA,0.0,0,-45.52,-39.26,[],0,0,[],[]
4756400,4757000,OCH,CXN,0.0,112,XIOCC,BC,0,NT,FI,0.0,0,-38.65,-26.55,[],0,0,[],[]
4757000,4758190,NA,NOF,0.0,112,XIOCC,NA,NA,NA,NA,0.0,0,-29.29,-15.32,[],0,0,[],[]
4758190,4758990,NA,SIL,0.0,112,XIOCC,NA,NA,NA,NA,0.0,0,-44.44,-33.16,[],0,0,[],[]
4758990,4760090,NA,CHF,0.0,112,XIOCC,EC,0,NT,FI,1.0,1100,-37.41,-26.7,"[{'Canonical-syllable': '0', 'Growl': '2', 'High-freq-energy': '0', 'Long-island': '0', 'Low-tilt-spectrum': '2', 'Medium-island': '2', 'Short-island': '0', 'Squeal': '0', 'Typical-entropy': '0', 'Voicing-quality': '2', 'Wide-band': '1', 'Xlong-island': '0', 'seq': '1', 'end': 4760.09, 'start': 4758.99}]",0,0,[],[]
4760090,4766590,NA,NOF,0.0,113,pause,NA,NA,NA,NA,0.0,0,-29.65,-11.28,[],0,0,[],[]
4766590,4767670,NA,SIL,0.0,113,pause,NA,NA,NA,NA,0.0,0,-47.64,-38.74,[],0,0,[],[]
4767670,4769050,NA,NOF,0.0,113,pause,NA,NA,NA,NA,0.0,0,-25.74,-10.06,[],0,0,[],[]
4769050,4770540,NA,SIL,0.0,113,pause,NA,NA,NA,NA,0.0,0,-46.87,-33.78,[],0,0,[],[]
4770540,4771640,NA,NOF,0.0,113,pause,NA,NA,NA,NA,0.0,0,-46.6,-38.21,[],0,0,[],[]
4771640,4772740,NA,OLN,0.0,113,pause,NA,NA,NA,NA,0.0,0,-18.07,-5.16,[],0,0,[],[]
4772740,4773950,NA,NOF,0.0,113,pause,NA,NA,NA,NA,0.0,0,-19.69,-5.84,[],0,0,[],[]
4773950,4774750,NA,SIL,0.0,113,pause,NA,NA,NA,NA,0.0,0,-45.22,-41.52,[],0,0,[],[]
4774750,4775350,NA,OLN,0.0,113,pause,NA,NA,NA,NA,0.0,0,-24.7,-15.27,[],0,0,[],[]
4775350,4776850,NA,NOF,0.0,113,pause,NA,NA,NA,NA,0.0,0,-20.73,-5.81,[],0,0,[],[]
4776850,4779000,NA,OLF,0.0,113,pause,NA,NA,NA,NA,0.0,0,-30.23,-13.39,[],0,0,[],[]
4779000,4780650,NA,SIL,0.0,113,pause,NA,NA,NA,NA,0.0,0,-46.18,-38.87,[],0,0,[],[]
4780650,4781500,NA,OLF,0.0,113,pause,NA,NA,NA,NA,0.0,0,-34.96,-19.55,[],0,0,[],[]
4781500,4782300,NA,SIL,0.0,113,pause,NA,NA,NA,NA,0.0,0,-47.1,-38.52,[],0,0,[],[]
4782300,4783440,NA,NOF,0.0,113,pause,NA,NA,NA,NA,0.0,0,-38.59,-25.16,[],0,0,[],[]
4783440,4784240,NA,SIL,0.0,113,pause,NA,NA,NA,NA,0.0,0,-46.54,-41.74,[],0,0,[],[]
4784240,4785280,NA,OLF,0.0,113,pause,NA,NA,NA,NA,0.0,0,-30.98,-17.28,[],0,0,[],[]
4785280,4786540,NA,NOF,0.0,113,pause,NA,NA,NA,NA,0.0,0,-24.79,-8.6,[],0,0,[],[]
4786540,4787480,NA,SIL,0.0,113,pause,NA,NA,NA,NA,0.0,0,-48.1,-34.26,[],0,0,[],[]
4787480,4788480,NA,MAF,0.0,113,pause,NA,NA,NA,NA,0.0,0,-30.24,-19.78,[],0,0,[],[]
4788480,4789760,NA,OLF,0.0,113,pause,NA,NA,NA,NA,0.0,0,-22.68,-5.99,[],0,0,[],[]
4789760,4791860,NA,SIL,0.0,113,pause,NA,NA,NA,NA,0.0,0,-47.42,-33.73,[],0,0,[],[]
4791860,4793370,NA,NOF,0.0,113,pause,NA,NA,NA,NA,0.0,0,-19.47,-4.39,[],0,0,[],[]
4793370,4794370,NA,FAF,0.0,113,pause,NA,NA,NA,NA,0.0,0,-41.66,-33.38,[],0,0,[],[]
4794370,4794970,NA,CHF,0.0,113,pause,NA,NA,NA,NA,0.0,0,-35.29,-22.62,[],0,110,[],"[{'start': 4794.86, 'end': 4794.97}]"
4794970,4796210,NA,NOF,0.0,113,pause,NA,NA,NA,NA,0.0,0,-21.3,-5.14,[],0,0,[],[]
4796210,4796810,NA,FAF,0.0,113,pause,NA,NA,NA,NA,0.0,0,-43.59,-38.97,[],0,0,[],[]
4796810,4799640,NA,NOF,0.0,113,pause,NA,NA,NA,NA,0.0,0,-42.36,-24.42,[],0,0,[],[]
4799640,4800490,NA,OLF,0.0,113,pause,NA,NA,NA,NA,0.0,0,-16.08,-4.31,[],0,0,[],[]
4800490,4801510,NA,NOF,0.0,113,pause,NA,NA,NA,NA,0.0,0,-12.64,-3.22,[],0,0,[],[]
4801510,4803110,NA,OLN,0.0,113,pause,NA,NA,NA,NA,0.0,0,-17.22,-4.0,[],0,0,[],[]
4803110,4804000,CHI,CHN,0.0,113,CM,EC,0,NT,FI,1.0,370,-26.88,-12.87,"[{'Canonical-syllable': '0', 'Growl': '1', 'High-freq-energy': '0', 'Long-island': '0', 'Low-tilt-spectrum': '0', 'Medium-island': '0', 'Short-island': '0', 'Squeal': '0', 'Typical-entropy': '0', 'Voicing-quality': '1', 'Wide-band': '0', 'Xlong-island': '0', 'seq': '1', 'end': 4803.48, 'start': 4803.4}]",0,0,[],[]
4804000,4804980,NA,OLN,0.0,114,pause,NA,NA,NA,NA,0.0,0,-22.18,-9.13,[],0,0,[],[]
4804980,4805920,NA,NOF,0.0,114,pause,NA,NA,NA,NA,0.0,0,-34.07,-19.75,[],0,0,[],[]
4805920,4807910,NA,OLF,0.0,114,pause,NA,NA,NA,NA,0.0,0,-19.24,-4.47,[],0,0,[],[]
4807910,4808910,NA,NOF,0.0,114,pause,NA,NA,NA,NA,0.0,0,-37.38,-27.47,[],0,0,[],[]
4808910,4811180,NA,OLF,0.0,114,pause,NA,NA,NA,NA,0.0,0,-26.08,-9.08,[],0,0,[],[]
4811180,4812180,NA,FAF,0.0,114,pause,NA,NA,NA,NA,0.0,0,-42.5,-34.5,[],0,0,[],[]
4812180,4813270,NA,NOF,0.0,114,pause,NA,NA,NA,NA,0.0,0,-21.46,-7.26,[],0,0,[],[]
4813270,4814130,NA,OLN,0.0,114,pause,NA,NA,NA,NA,0.0,0,-29.47,-19.61,[],0,0,[],[]
4814130,4815010,NA,NOF,0.0,114,pause,NA,NA,NA,NA,0.0,0,-24.47,-7.04,[],0,0,[],[]
4815010,4815920,NA,OLF,0.0,114,pause,NA,NA,NA,NA,0.0,0,-27.22,-15.56,[],0,0,[],[]
4815920,4816750,NA,NOF,0.0,114,pause,NA,NA,NA,NA,0.0,0,-38.24,-25.88,[],0,0,[],[]
4816750,4819740,NA,OLF,0.0,114,pause,NA,NA,NA,NA,0.0,0,-21.08,-4.15,[],0,0,[],[]
4819740,4820990,CHI,CHN,0.0,114,pause,NA,NA,NA,NA,0.0,0,-26.7,-8.25,[],0,550,[],"[{'start': 4819.99, 'end': 4820.54}]"
4820990,4822760,NA,NOF,0.0,114,pause,NA,NA,NA,NA,0.0,0,-24.3,-6.89,[],0,0,[],[]
4822760,4823560,NA,SIL,0.0,114,pause,NA,NA,NA,NA,0.0,0,-46.66,-41.18,[],0,0,[],[]
4823560,4824470,NA,CHF,0.0,114,CM,EC,0,NT,FI,2.0,590,-36.86,-21.06,"[{'Canonical-syllable': '0', 'Growl': '3', 'High-freq-energy': '0', 'Long-island': '0', 'Low-tilt-spectrum': '3', 'Medium-island': '0', 'Short-island': '1', 'Squeal': '0', 'Typical-entropy': '2', 'Voicing-quality': '0', 'Wide-band': '1', 'Xlong-island': '0', 'seq': '1', 'end': 4824.06, 'start': 4823.56}, {'Canonical-syllable': '0', 'Growl': '0', 'High-freq-energy': '0', 'Long-island': '0', 'Low-tilt-spectrum': '0', 'Medium-island': '0', 'Short-island': '0', 'Squeal': '0', 'Typical-entropy': '0', 'Voicing-quality': '0', 'Wide-band': '0', 'Xlong-island': '0', 'seq': '2', 'end': 4824.47, 'start': 4824.38}]",0,0,[],[]
4824470,4825840,NA,SIL,0.0,115,pause,NA,NA,NA,NA,0.0,0,-43.75,-31.23,[],0,0,[],[]
4825840,4828270,NA,NOF,0.0,115,pause,NA,NA,NA,NA,0.0,0,-26.44,-7.04,[],0,0,[],[]
4828270,4829070,NA,OLF,0.0,115,pause,NA,NA,NA,NA,0.0,0,-20.11,-5.2,[],0,0,[],[]
4829070,4829880,NA,CHF,0.0,115,pause,NA,NA,NA,NA,0.0,0,-41.1,-33.84,[],0,810,[],"[{'start': 4829.07, 'end': 4829.88}]"
4829880,4832450,NA,NOF,0.0,115,pause,NA,NA,NA,NA,0.0,0,-41.48,-25.22,[],0,0,[],[]
4832450,4833310,NA,CHF,0.0,115,CM,EC,0,NT,FI,1.0,860,-38.5,-27.68,"[{'Canonical-syllable': '0', 'Growl': '1', 'High-freq-energy': '0', 'Long-island': '1', 'Low-tilt-spectrum': '1', 'Medium-island': '0', 'Short-island': '0', 'Squeal': '0', 'Typical-entropy': '1', 'Voicing-quality': '1', 'Wide-band': '0', 'Xlong-island': '0', 'seq': '1', 'end': 4833.31, 'start': 4832.45}]",0,0,[],[]
4833310,4838550,NA,NOF,0.0,116,pause,NA,NA,NA,NA,0.0,0,-17.48,-3.95,[],0,0,[],[]
4838550,4839160,CHI,CHN,0.0,116,pause,NA,NA,NA,NA,0.0,0,-11.47,-5.29,[],0,610,[],"[{'start': 4838.55, 'end': 4839.16}]"
4839160,4840320,NA,NON,0.0,116,pause,NA,NA,NA,NA,0.0,0,-11.13,-3.15,[],0,0,[],[]
4840320,4840960,NA,CHF,0.0,116,pause,NA,NA,NA,NA,0.0,0,-18.03,-5.96,[],0,240,[],"[{'start': 4840.32, 'end': 4840.56}]"
4840960,4842760,NA,NON,0.0,116,pause,NA,NA,NA,NA,0.0,0,-15.54,-3.1,[],0,0,[],[]
4842760,4843570,NA,OLF,0.0,116,pause,NA,NA,NA,NA,0.0,0,-13.83,-5.7,[],0,0,[],[]
4843570,4845540,NA,NOF,0.0,116,pause,NA,NA,NA,NA,0.0,0,-11.82,-3.63,[],0,0,[],[]
4845540,4846430,NA,OLN,0.0,116,pause,NA,NA,NA,NA,0.0,0,-13.37,-4.61,[],0,0,[],[]
4846430,4849640,NA,NON,0.0,116,pause,NA,NA,NA,NA,0.0,0,-15.38,-3.43,[],0,0,[],[]
4849640,4850260,NA,CHF,0.0,116,pause,NA,NA,NA,NA,0.0,0,-10.31,-4.02,[],0,620,[],"[{'start': 4849.64, 'end': 4850.26}]"
4850260,4852550,NA,NON,0.0,116,pause,NA,NA,NA,NA,0.0,0,-10.87,-3.69,[],0,0,[],[]
4852550,4853150,CHI,CHN,0.0,116,pause,NA,NA,NA,NA,0.0,0,-17.26,-3.47,[],0,600,[],"[{'start': 4852.55, 'end': 4853.15}]"
4853150,4853950,NA,SIL,0.0,116,pause,NA,NA,NA,NA,0.0,0,-34.28,-22.12,[],0,0,[],[]
4853950,4854780,NA,NOF,0.0,116,pause,NA,NA,NA,NA,0.0,0,-13.88,-4.81,[],0,0,[],[]
4854780,4855450,CHI,CHN,0.0,116,pause,NA,NA,NA,NA,0.0,0,-16.17,-6.45,[],0,670,[],"[{'start': 4854.78, 'end': 4855.45}]"
4855450,4856700,NA,NOF,0.0,116,pause,NA,NA,NA,NA,0.0,0,-11.63,-2.63,[],0,0,[],[]
4856700,4857300,CHI,CHN,0.0,116,pause,NA,NA,NA,NA,0.0,0,-9.56,-4.17,[],0,600,[],"[{'start': 4856.7, 'end': 4857.3}]"
4857300,4858130,NA,NOF,0.0,116,pause,NA,NA,NA,NA,0.0,0,-25.77,-9.55,[],0,0,[],[]
4858130,4858930,NA,OLN,0.0,116,pause,NA,NA,NA,NA,0.0,0,-13.14,-3.29,[],0,0,[],[]
4858930,4859740,NA,NOF,0.0,116,pause,NA,NA,NA,NA,0.0,0,-15.28,-4.63,[],0,0,[],[]
4859740,4860340,CHI,CHN,0.0,116,CM,EC,0,NT,FI,1.0,600,-29.03,-22.28,"[{'Canonical-syllable': '0', 'Growl': '0', 'High-freq-energy': '1', 'Long-island': '0', 'Low-tilt-spectrum': '1', 'Medium-island': '1', 'Short-island': '0', 'Squeal': '1', 'Typical-entropy': '1', 'Voicing-quality': '1', 'Wide-band': '0', 'Xlong-island': '0', 'seq': '1', 'end': 4860.34, 'start': 4859.74}]",0,0,[],[]
4860340,4861960,NA,NOF,0.0,117,pause,NA,NA,NA,NA,0.0,0,-27.56,-8.98,[],0,0,[],[]
4861960,4862760,NA,CXF,0.0,117,pause,NA,NA,NA,NA,0.0,0,-38.8,-33.06,[],0,0,[],[]
4862760,4864940,NA,NOF,0.0,117,pause,NA,NA,NA,NA,0.0,0,-29.03,-11.63,[],0,0,[],[]
4864940,4865740,NA,OLN,0.0,117,pause,NA,NA,NA,NA,0.0,0,-19.26,-4.5,[],0,0,[],[]
4865740,4870390,NA,NOF,0.0,117,pause,NA,NA,NA,NA,0.0,0,-15.42,-3.23,[],0,0,[],[]
4870390,4872370,NA,SIL,0.0,117,pause,NA,NA,NA,NA,0.0,0,-42.64,-40.09,[],0,0,[],[]
4872370,4874010,NA,NOF,0.0,117,pause,NA,NA,NA,NA,0.0,0,-37.02,-24.38,[],0,0,[],[]
4874010,4874840,NA,SIL,0.0,117,pause,NA,NA,NA,NA,0.0,0,-45.19,-39.72,[],0,0,[],[]
4874840,4876050,NA,NOF,0.0,117,pause,NA,NA,NA,NA,0.0,0,-24.57,-7.77,[],0,0,[],[]
4876050,4876940,NA,OLN,0.0,117,pause,NA,NA,NA,NA,0.0,0,-20.49,-6.07,[],0,0,[],[]
4876940,4878740,NA,NOF,0.0,117,pause,NA,NA,NA,NA,0.0,0,-29.53,-15.55,[],0,0,[],[]
4878740,4881000,NA,SIL,0.0,117,pause,NA,NA,NA,NA,0.0,0,-48.78,-37.24,[],0,0,[],[]
4881000,4881600,FEM,FAN,5.08,117,AMF,EC,0,NT,FI,0.0,0,-33.33,-24.23,[],0,0,[],[]
4881600,4883340,NA,SIL,0.0,118,pause,NA,NA,NA,NA,0.0,0,-48.81,-37.33,[],0,0,[],[]
4883340,4884980,NA,NOF,0.0,118,pause,NA,NA,NA,NA,0.0,0,-31.78,-17.13,[],0,0,[],[]
4884980,4886380,NA,FAF,0.0,118,pause,NA,NA,NA,NA,0.0,0,-34.71,-27.15,[],0,0,[],[]
4886380,4890090,NA,NOF,0.0,118,pause,NA,NA,NA,NA,0.0,0,-23.38,-3.74,[],0,0,[],[]
4890090,4890910,NA,OLF,0.0,118,pause,NA,NA,NA,NA,0.0,0,-13.32,-3.37,[],0,0,[],[]
4890910,4892040,NA,NOF,0.0,118,pause,NA,NA,NA,NA,0.0,0,-37.81,-22.64,[],0,0,[],[]
4892040,4892640,NA,CHF,0.0,118,CM,EC,0,NT,FI,1.0,600,-41.96,-35.55,"[{'Canonical-syllable': '0', 'Growl': '1', 'High-freq-energy': '0', 'Long-island': '0', 'Low-tilt-spectrum': '1', 'Medium-island': '1', 'Short-island': '0', 'Squeal': '0', 'Typical-entropy': '0', 'Voicing-quality': '1', 'Wide-band': '0', 'Xlong-island': '0', 'seq': '1', 'end': 4892.64, 'start': 4892.04}]",0,0,[],[]
4892640,4894040,NA,NOF,0.0,119,pause,NA,NA,NA,NA,0.0,0,-17.35,-5.16,[],0,0,[],[]
4894040,4894840,NA,SIL,0.0,119,pause,NA,NA,NA,NA,0.0,0,-47.5,-41.75,[],0,0,[],[]
4894840,4898640,NA,NOF,0.0,119,pause,NA,NA,NA,NA,0.0,0,-19.58,-3.51,[],0,0,[],[]
4898640,4899440,NA,SIL,0.0,119,pause,NA,NA,NA,NA,0.0,0,-40.29,-25.84,[],0,0,[],[]
4899440,4902310,NA,NOF,0.0,119,pause,NA,NA,NA,NA,0.0,0,-17.4,-2.9,[],0,0,[],[]
4902310,4903120,NA,SIL,0.0,119,pause,NA,NA,NA,NA,0.0,0,-43.58,-35.78,[],0,0,[],[]
4903120,4907350,NA,NOF,0.0,119,pause,NA,NA,NA,NA,0.0,0,-15.14,-2.14,[],0,0,[],[]
4907350,4908190,NA,OLF,0.0,119,pause,NA,NA,NA,NA,0.0,0,-12.47,-3.54,[],0,0,[],[]
4908190,4909390,NA,NOF,0.0,119,pause,NA,NA,NA,NA,0.0,0,-32.75,-19.42,[],0,0,[],[]
4909390,4910190,NA,OLF,0.0,119,pause,NA,NA,NA,NA,0.0,0,-11.65,-3.21,[],0,0,[],[]
4910190,4911900,NA,NOF,0.0,119,pause,NA,NA,NA,NA,0.0,0,-21.91,-5.05,[],0,0,[],[]
4911900,4913000,NA,OLF,0.0,119,pause,NA,NA,NA,NA,0.0,0,-20.02,-3.72,[],0,0,[],[]
4913000,4914240,NA,NOF,0.0,119,pause,NA,NA,NA,NA,0.0,0,-17.56,-4.1,[],0,0,[],[]
4914240,4915050,NA,OLF,0.0,119,pause,NA,NA,NA,NA,0.0,0,-31.33,-19.24,[],0,0,[],[]
4915050,4916100,NA,FAF,0.0,119,pause,NA,NA,NA,NA,0.0,0,-40.49,-28.29,[],0,0,[],[]
4916100,4917710,NA,SIL,0.0,119,pause,NA,NA,NA,NA,0.0,0,-44.32,-38.42,[],0,0,[],[]
4917710,4918670,NA,OLN,0.0,119,pause,NA,NA,NA,NA,0.0,0,-14.32,-4.94,[],0,0,[],[]
4918670,4919470,NA,SIL,0.0,119,pause,NA,NA,NA,NA,0.0,0,-39.1,-31.77,[],0,0,[],[]
4919470,4922160,NA,NOF,0.0,119,pause,NA,NA,NA,NA,0.0,0,-21.37,-4.96,[],0,0,[],[]
4922160,4923860,NA,SIL,0.0,119,pause,NA,NA,NA,NA,0.0,0,-40.76,-37.74,[],0,0,[],[]
4923860,4926270,NA,NOF,0.0,119,pause,NA,NA,NA,NA,0.0,0,-31.27,-15.29,[],0,0,[],[]
4926270,4927420,NA,SIL,0.0,119,pause,NA,NA,NA,NA,0.0,0,-44.34,-38.95,[],0,0,[],[]
4927420,4932060,NA,NOF,0.0,119,pause,NA,NA,NA,NA,0.0,0,-30.41,-6.74,[],0,0,[],[]
4932060,4933230,NA,SIL,0.0,119,pause,NA,NA,NA,NA,0.0,0,-47.26,-38.41,[],0,0,[],[]
4933230,4934360,NA,NOF,0.0,119,pause,NA,NA,NA,NA,0.0,0,-20.44,-4.25,[],0,0,[],[]
4934360,4935210,NA,SIL,0.0,119,pause,NA,NA,NA,NA,0.0,0,-45.49,-38.02,[],0,0,[],[]
4935210,4937270,NA,NOF,0.0,119,pause,NA,NA,NA,NA,0.0,0,-26.33,-6.92,[],0,0,[],[]
4937270,4938070,NA,SIL,0.0,119,pause,NA,NA,NA,NA,0.0,0,-47.15,-41.69,[],0,0,[],[]
4938070,4941050,NA,NOF,0.0,119,pause,NA,NA,NA,NA,0.0,0,-16.41,-3.36,[],0,0,[],[]
4941050,4942340,NA,SIL,0.0,119,pause,NA,NA,NA,NA,0.0,0,-45.12,-33.02,[],0,0,[],[]
4942340,4944810,NA,NOF,0.0,119,pause,NA,NA,NA,NA,0.0,0,-22.0,-5.81,[],0,0,[],[]
4944810,4945780,NA,SIL,0.0,119,pause,NA,NA,NA,NA,0.0,0,-38.86,-24.29,[],0,0,[],[]
4945780,4946600,NA,NOF,0.0,119,pause,NA,NA,NA,NA,0.0,0,-20.27,-6.24,[],0,0,[],[]
4946600,4947720,NA,SIL,0.0,119,pause,NA,NA,NA,NA,0.0,0,-43.34,-30.75,[],0,0,[],[]
4947720,4951170,NA,NOF,0.0,119,pause,NA,NA,NA,NA,0.0,0,-17.4,-2.75,[],0,0,[],[]
4951170,4952050,NA,SIL,0.0,119,pause,NA,NA,NA,NA,0.0,0,-43.85,-37.24,[],0,0,[],[]
4952050,4956790,NA,NOF,0.0,119,pause,NA,NA,NA,NA,0.0,0,-38.47,-18.67,[],0,0,[],[]
4956790,4957600,NA,SIL,0.0,119,pause,NA,NA,NA,NA,0.0,0,-47.83,-39.86,[],0,0,[],[]
4957600,4959090,NA,FAF,0.0,119,pause,NA,NA,NA,NA,0.0,0,-37.51,-24.56,[],0,0,[],[]
4959090,4960090,NA,NOF,0.0,119,pause,NA,NA,NA,NA,0.0,0,-28.86,-9.27,[],0,0,[],[]
4960090,4960990,NA,OLF,0.0,119,pause,NA,NA,NA,NA,0.0,0,-13.38,-3.27,[],0,0,[],[]
4960990,4962090,NA,NOF,0.0,119,pause,NA,NA,NA,NA,0.0,0,-18.72,-4.59,[],0,0,[],[]
4962090,4962690,NA,OLN,0.0,119,pause,NA,NA,NA,NA,0.0,0,-17.64,-3.09,[],0,0,[],[]
4962690,4965800,NA,NOF,0.0,119,pause,NA,NA,NA,NA,0.0,0,-12.82,-2.92,[],0,0,[],[]
4965800,4966670,NA,SIL,0.0,119,pause,NA,NA,NA,NA,0.0,0,-35.59,-33.58,[],0,0,[],[]
4966670,4967640,NA,OLF,0.0,119,pause,NA,NA,NA,NA,0.0,0,-32.77,-24.54,[],0,0,[],[]
4967640,4968550,NA,SIL,0.0,119,pause,NA,NA,NA,NA,0.0,0,-37.6,-31.65,[],0,0,[],[]
4968550,4969580,NA,OLN,0.0,119,pause,NA,NA,NA,NA,0.0,0,-26.68,-11.44,[],0,0,[],[]
4969580,4970400,NA,NON,0.0,119,pause,NA,NA,NA,NA,0.0,0,-13.17,-2.6,[],0,0,[],[]
4970400,4971260,NA,OLN,0.0,119,pause,NA,NA,NA,NA,0.0,0,-18.75,-3.06,[],0,0,[],[]
4971260,4974230,NA,NOF,0.0,119,pause,NA,NA,NA,NA,0.0,0,-39.61,-31.45,[],0,0,[],[]
4974230,4975230,OCH,CXN,0.0,119,XM,EC,0,NT,FI,0.0,0,-28.51,-16.79,[],0,0,[],[]
4975230,4976750,NA,NOF,0.0,120,pause,NA,NA,NA,NA,0.0,0,-37.25,-23.96,[],0,0,[],[]
4976750,4977550,NA,SIL,0.0,120,pause,NA,NA,NA,NA,0.0,0,-41.36,-32.42,[],0,0,[],[]
4977550,4979210,NA,NOF,0.0,120,pause,NA,NA,NA,NA,0.0,0,-38.8,-19.77,[],0,0,[],[]
4979210,4980010,NA,SIL,0.0,120,pause,NA,NA,NA,NA,0.0,0,-48.38,-43.58,[],0,0,[],[]
4980010,4983330,NA,NON,0.0,120,pause,NA,NA,NA,NA,0.0,0,-15.4,-3.48,[],0,0,[],[]
4983330,4983930,CHI,CHN,0.0,120,pause,NA,NA,NA,NA,0.0,0,-15.74,-4.66,[],0,600,[],"[{'start': 4983.33, 'end': 4983.93}]"
4983930,4988170,NA,NOF,0.0,120,pause,NA,NA,NA,NA,0.0,0,-24.0,-4.96,[],0,0,[],[]
4988170,4989140,NA,SIL,0.0,120,pause,NA,NA,NA,NA,0.0,0,-46.92,-38.09,[],0,0,[],[]
4989140,4990220,NA,NOF,0.0,120,pause,NA,NA,NA,NA,0.0,0,-44.99,-33.11,[],0,0,[],[]
4990220,4991110,NA,SIL,0.0,120,pause,NA,NA,NA,NA,0.0,0,-46.96,-38.12,[],0,0,[],[]
4991110,4996060,NA,NON,0.0,120,pause,NA,NA,NA,NA,0.0,0,-12.65,-3.04,[],0,0,[],[]
4996060,4996860,NA,SIL,0.0,120,pause,NA,NA,NA,NA,0.0,0,-44.48,-31.71,[],0,0,[],[]
4996860,4998510,NA,NOF,0.0,120,pause,NA,NA,NA,NA,0.0,0,-31.26,-20.04,[],0,0,[],[]
4998510,4999130,NA,FAF,0.0,120,pause,NA,NA,NA,NA,0.0,0,-43.58,-37.27,[],0,0,[],[]
4999130,5000560,NA,NOF,0.0,120,pause,NA,NA,NA,NA,0.0,0,-43.76,-33.81,[],0,0,[],[]
5000560,5001360,OCH,CXN,0.0,120,XM,EC,0,NT,FI,0.0,0,-33.4,-21.07,[],0,0,[],[]
5001360,5002870,NA,OLF,0.0,121,pause,NA,NA,NA,NA,0.0,0,-29.19,-14.6,[],0,0,[],[]
5002870,5003670,NA,SIL,0.0,121,pause,NA,NA,NA,NA,0.0,0,-49.0,-38.2,[],0,0,[],[]
5003670,5006240,NA,NOF,0.0,121,pause,NA,NA,NA,NA,0.0,0,-26.93,-10.18,[],0,0,[],[]
5006240,5007040,NA,SIL,0.0,121,pause,NA,NA,NA,NA,0.0,0,-46.04,-38.12,[],0,0,[],[]
5007040,5007950,NA,NOF,0.0,121,pause,NA,NA,NA,NA,0.0,0,-29.23,-15.72,[],0,0,[],[]
5007950,5008750,NA,OLN,0.0,121,pause,NA,NA,NA,NA,0.0,0,-15.16,-4.79,[],0,0,[],[]
5008750,5009770,NA,NON,0.0,121,pause,NA,NA,NA,NA,0.0,0,-31.71,-22.7,[],0,0,[],[]
5009770,5010570,NA,SIL,0.0,121,pause,NA,NA,NA,NA,0.0,0,-43.56,-39.2,[],0,0,[],[]
5010570,5011670,NA,MAF,0.0,121,pause,NA,NA,NA,NA,0.0,0,-29.98,-19.93,[],0,0,[],[]
5011670,5020550,NA,NOF,0.0,121,pause,NA,NA,NA,NA,0.0,0,-23.11,-2.97,[],0,0,[],[]
5020550,5021530,NA,OLN,0.0,121,pause,NA,NA,NA,NA,0.0,0,-26.62,-14.96,[],0,0,[],[]
5021530,5022880,NA,NOF,0.0,121,pause,NA,NA,NA,NA,0.0,0,-39.34,-24.17,[],0,0,[],[]
5022880,5023500,NA,FAF,0.0,121,pause,NA,NA,NA,NA,0.0,0,-43.51,-36.56,[],0,0,[],[]
5023500,5024340,NA,SIL,0.0,121,pause,NA,NA,NA,NA,0.0,0,-46.83,-33.95,[],0,0,[],[]
5024340,5025670,NA,OLF,0.0,121,pause,NA,NA,NA,NA,0.0,0,-22.98,-6.43,[],0,0,[],[]
5025670,5028490,NA,SIL,0.0,121,pause,NA,NA,NA,NA,0.0,0,-46.59,-38.05,[],0,0,[],[]
5028490,5029280,NA,CHF,0.0,121,pause,NA,NA,NA,NA,0.0,0,-40.75,-27.08,[],0,790,[],"[{'start': 5028.49, 'end': 5029.28}]"
5029280,5030730,NA,SIL,0.0,121,pause,NA,NA,NA,NA,0.0,0,-48.41,-42.82,[],0,0,[],[]
5030730,5031660,NA,OLF,0.0,121,pause,NA,NA,NA,NA,0.0,0,-36.02,-23.3,[],0,0,[],[]
5031660,5032570,NA,SIL,0.0,121,pause,NA,NA,NA,NA,0.0,0,-45.79,-40.93,[],0,0,[],[]
5032570,5035020,NA,NOF,0.0,121,pause,NA,NA,NA,NA,0.0,0,-18.81,-5.39,[],0,0,[],[]
5035020,5036040,NA,OLN,0.0,121,pause,NA,NA,NA,NA,0.0,0,-32.01,-17.05,[],0,0,[],[]
5036040,5036890,NA,NOF,0.0,121,pause,NA,NA,NA,NA,0.0,0,-38.61,-21.69,[],0,0,[],[]
5036890,5037820,OCH,CXN,0.0,121,XM,EC,0,NT,FI,0.0,0,-29.63,-14.37,[],0,0,[],[]
5037820,5039330,NA,SIL,0.0,122,pause,NA,NA,NA,NA,0.0,0,-45.75,-40.33,[],0,0,[],[]
5039330,5041040,NA,NOF,0.0,122,pause,NA,NA,NA,NA,0.0,0,-23.62,-5.48,[],0,0,[],[]
5041040,5041840,NA,SIL,0.0,122,pause,NA,NA,NA,NA,0.0,0,-47.68,-41.48,[],0,0,[],[]
5041840,5045560,NA,NOF,0.0,122,pause,NA,NA,NA,NA,0.0,0,-21.73,-4.7,[],0,0,[],[]
5045560,5046440,NA,SIL,0.0,122,pause,NA,NA,NA,NA,0.0,0,-50.11,-44.28,[],0,0,[],[]
5046440,5047240,NA,NOF,0.0,122,pause,NA,NA,NA,NA,0.0,0,-48.11,-40.17,[],0,0,[],[]
5047240,5048280,NA,SIL,0.0,122,pause,NA,NA,NA,NA,0.0,0,-51.42,-44.58,[],0,0,[],[]
5048280,5050380,NA,FAF,0.0,122,pause,NA,NA,NA,NA,0.0,0,-42.75,-33.66,[],0,0,[],[]
5050380,5055740,NA,SIL,0.0,122,pause,NA,NA,NA,NA,0.0,0,-47.86,-36.14,[],0,0,[],[]
5055740,5056550,OCH,CXN,0.0,122,XIOCC,BC,0,NT,FI,0.0,0,-28.9,-22.53,[],0,0,[],[]
5056550,5058590,NA,SIL,0.0,122,XIOCC,NA,NA,NA,NA,0.0,0,-50.08,-40.55,[],0,0,[],[]
5058590,5059880,OCH,CXN,0.0,122,XIOCC,RC,0,NT,FH,0.0,0,-26.64,-17.92,[],0,0,[],[]
5059880,5060750,OCH,CXN,0.0,122,XIOCC,RC,0,NT,FH,0.0,0,-25.79,-15.79,[],0,0,[],[]
5060750,5061550,NA,OLF,0.0,122,XIOCC,NA,NA,NA,NA,0.0,0,-35.88,-23.89,[],0,0,[],[]
5061550,5062160,CHI,CHN,0.0,122,XIOCC,RC,0,NT,FI,1.0,440,-17.46,-11.02,"[{'Canonical-syllable': '0', 'Growl': '0', 'High-freq-energy': '0', 'Long-island': '0', 'Low-tilt-spectrum': '0', 'Medium-island': '1', 'Short-island': '0', 'Squeal': '0', 'Typical-entropy': '0', 'Voicing-quality': '1', 'Wide-band': '0', 'Xlong-island': '0', 'seq': '1', 'end': 5061.99, 'start': 5061.55}]",0,0,[],[]
5062160,5062960,NA,OLN,0.0,122,XIOCC,NA,NA,NA,NA,0.0,0,-34.59,-24.96,[],0,0,[],[]
5062960,5064430,NA,NOF,0.0,122,XIOCC,NA,NA,NA,NA,0.0,0,-47.37,-42.58,[],0,0,[],[]
5064430,5065430,OCH,CXN,0.0,122,XIOCC,RC,0,NT,FI,0.0,0,-32.57,-24.54,[],0,0,[],[]
5065430,5067020,NA,SIL,0.0,122,XIOCC,NA,NA,NA,NA,0.0,0,-49.72,-39.36,[],0,0,[],[]
5067020,5068370,OCH,CXN,0.0,122,XIOCC,EC,0,NT,FH,0.0,0,-26.62,-13.68,[],0,0,[],[]
5068370,5070550,NA,NOF,0.0,123,pause,NA,NA,NA,NA,0.0,0,-43.98,-28.97,[],0,0,[],[]
5070550,5071350,NA,SIL,0.0,123,pause,NA,NA,NA,NA,0.0,0,-48.6,-42.39,[],0,0,[],[]
5071350,5072570,NA,OLF,0.0,123,pause,NA,NA,NA,NA,0.0,0,-44.54,-35.96,[],0,0,[],[]
5072570,5075900,NA,SIL,0.0,123,pause,NA,NA,NA,NA,0.0,0,-49.66,-41.7,[],0,0,[],[]
5075900,5076700,OCH,CXN,0.0,123,XIOCAC,BC,0,NT,FI,0.0,0,-35.62,-26.47,[],0,0,[],[]
5076700,5077800,NA,NOF,0.0,123,XIOCAC,NA,NA,NA,NA,0.0,0,-44.24,-31.52,[],0,0,[],[]
5077800,5078620,OCH,CXN,0.0,123,XIOCAC,RC,0,NT,FH,0.0,0,-23.72,-16.81,[],0,0,[],[]
5078620,5079640,NA,NOF,0.0,123,XIOCAC,NA,NA,NA,NA,0.0,0,-37.28,-27.54,[],0,0,[],[]
5079640,5081010,OCH,CXN,0.0,123,XIOCAC,RC,0,NT,FH,0.0,0,-17.64,-4.86,[],0,0,[],[]
5081010,5082940,NA,NOF,0.0,123,XIOCAC,NA,NA,NA,NA,0.0,0,-34.9,-23.57,[],0,0,[],[]
5082940,5083750,OCH,CXN,0.0,123,XIOCAC,RC,0,NT,FH,0.0,0,-26.53,-19.68,[],0,0,[],[]
5083750,5084910,NA,OLF,0.0,123,XIOCAC,NA,NA,NA,NA,0.0,0,-37.34,-25.11,[],0,0,[],[]
5084910,5086010,OCH,CXN,0.0,123,XIOCAC,RC,0,NT,FH,0.0,0,-31.75,-25.39,[],0,0,[],[]
5086010,5089260,NA,NOF,0.0,123,XIOCAC,NA,NA,NA,NA,0.0,0,-46.71,-32.65,[],0,0,[],[]
5089260,5090300,CHI,CHN,0.0,123,XIOCAC,RC,0,NT,FI,1.0,1040,-20.09,-12.24,"[{'Canonical-syllable': '0', 'Growl': '0', 'High-freq-energy': '0', 'Long-island': '1', 'Low-tilt-spectrum': '0', 'Medium-island': '0', 'Short-island': '0', 'Squeal': '0', 'Typical-entropy': '0', 'Voicing-quality': '2', 'Wide-band': '0', 'Xlong-island': '0', 'seq': '1', 'end': 5090.3, 'start': 5089.26}]",0,0,[],[]
5090300,5091190,OCH,CXN,0.0,123,XIOCAC,RC,0,NT,FI,0.0,0,-27.58,-21.85,[],0,0,[],[]
5091190,5092660,NA,NOF,0.0,123,XIOCAC,NA,NA,NA,NA,0.0,0,-51.95,-41.59,[],0,0,[],[]
5092660,5093460,OCH,CXN,0.0,123,XIOCAC,RC,0,NT,FH,0.0,0,-23.38,-17.13,[],0,0,[],[]
5093460,5094610,OCH,CXN,0.0,123,XIOCAC,RC,0,NT,FH,0.0,0,-28.99,-22.61,[],0,0,[],[]
5094610,5097200,MAL,MAN,12.86,123,XIOCAC,RC,0,NT,FI,0.0,0,-36.58,-27.04,[],0,0,[],[]
5097200,5098050,NA,SIL,0.0,123,XIOCAC,NA,NA,NA,NA,0.0,0,-46.52,-29.13,[],0,0,[],[]
5098050,5101960,OCH,CXN,0.0,123,XIOCAC,RC,0,NT,FI,0.0,0,-34.38,-23.5,[],0,0,[],[]
5101960,5102760,NA,SIL,0.0,123,XIOCAC,NA,NA,NA,NA,0.0,0,-45.13,-36.02,[],0,0,[],[]
5102760,5103780,FEM,FAN,5.52,123,XIOCAC,RC,0,NT,FI,0.0,0,-32.0,-22.67,[],0,0,[],[]
5103780,5104610,OCH,CXN,0.0,123,XIOCAC,RC,0,NT,FI,0.0,0,-42.1,-33.87,[],0,0,[],[]
5104610,5105610,FEM,FAN,3.59,123,XIOCAC,RC,0,NT,FI,0.0,0,-28.88,-19.6,[],0,0,[],[]
5105610,5106620,MAL,MAN,6.57,123,XIOCAC,RC,0,NT,FI,0.0,0,-32.65,-19.48,[],0,0,[],[]
5106620,5109120,OCH,CXN,0.0,123,XIOCAC,EC,0,NT,FI,0.0,0,-27.71,-16.55,[],0,0,[],[]
5109120,5110160,NA,MAF,0.0,124,pause,NA,NA,NA,NA,0.0,0,-33.28,-22.25,[],0,0,[],[]
5110160,5112680,NA,OLN,0.0,124,pause,NA,NA,NA,NA,0.0,0,-31.32,-19.26,[],0,0,[],[]
5112680,5113710,NA,NOF,0.0,124,pause,NA,NA,NA,NA,0.0,0,-23.01,-6.49,[],0,0,[],[]
5113710,5116080,NA,OLN,0.0,124,pause,NA,NA,NA,NA,0.0,0,-31.88,-20.25,[],0,0,[],[]
5116080,5120120,NA,NOF,0.0,124,pause,NA,NA,NA,NA,0.0,0,-37.06,-18.18,[],0,0,[],[]
5120120,5120920,NA,SIL,0.0,124,pause,NA,NA,NA,NA,0.0,0,-39.48,-25.64,[],0,0,[],[]
5120920,5121810,NA,NOF,0.0,124,pause,NA,NA,NA,NA,0.0,0,-43.28,-27.27,[],0,0,[],[]
5121810,5122610,NA,SIL,0.0,124,pause,NA,NA,NA,NA,0.0,0,-50.23,-40.05,[],0,0,[],[]
5122610,5125180,NA,NOF,0.0,124,pause,NA,NA,NA,NA,0.0,0,-43.89,-30.16,[],0,0,[],[]
5125180,5125980,NA,OLF,0.0,124,pause,NA,NA,NA,NA,0.0,0,-34.39,-24.51,[],0,0,[],[]
5125980,5126850,NA,NON,0.0,124,pause,NA,NA,NA,NA,0.0,0,-29.75,-23.2,[],0,0,[],[]
5126850,5129300,NA,OLN,0.0,124,pause,NA,NA,NA,NA,0.0,0,-25.68,-12.89,[],0,0,[],[]
5129300,5130480,CHI,CHN,0.0,124,CM,EC,0,NT,FI,1.0,1180,-15.71,-9.44,"[{'Canonical-syllable': '0', 'Growl': '0', 'High-freq-energy': '1', 'Long-island': '1', 'Low-tilt-spectrum': '2', 'Medium-island': '1', 'Short-island': '0', 'Squeal': '0', 'Typical-entropy': '2', 'Voicing-quality': '2', 'Wide-band': '0', 'Xlong-island': '0', 'seq': '1', 'end': 5130.48, 'start': 5129.3}]",0,0,[],[]
5130480,5131810,NA,OLN,0.0,125,pause,NA,NA,NA,NA,0.0,0,-22.9,-9.91,[],0,0,[],[]
5131810,5132610,NA,NON,0.0,125,pause,NA,NA,NA,NA,0.0,0,-22.08,-9.66,[],0,0,[],[]
5132610,5140940,NA,OLN,0.0,125,pause,NA,NA,NA,NA,0.0,0,-21.21,-0.48,[],0,0,[],[]
5140940,5141810,CHI,CHN,0.0,125,CM,EC,0,NT,FI,1.0,870,-16.8,-9.61,"[{'Canonical-syllable': '0', 'Growl': '0', 'High-freq-energy': '0', 'Long-island': '1', 'Low-tilt-spectrum': '0', 'Medium-island': '0', 'Short-island': '0', 'Squeal': '0', 'Typical-entropy': '1', 'Voicing-quality': '1', 'Wide-band': '0', 'Xlong-island': '0', 'seq': '1', 'end': 5141.81, 'start': 5140.94}]",0,0,[],[]
5141810,5147370,NA,OLN,0.0,126,pause,NA,NA,NA,NA,0.0,0,-27.14,-18.97,[],0,0,[],[]
5147370,5148170,NA,NON,0.0,126,pause,NA,NA,NA,NA,0.0,0,-29.51,-22.9,[],0,0,[],[]
5148170,5149170,NA,OLN,0.0,126,pause,NA,NA,NA,NA,0.0,0,-21.37,-11.15,[],0,0,[],[]
5149170,5150170,FEM,FAN,4.51,126,AICF,BC,0,TIFI,FI,0.0,0,-29.86,-24.37,[],0,0,[],[]
5150170,5155150,NA,OLN,0.0,126,AICF,NA,NA,NA,NA,0.0,0,-24.24,-11.93,[],0,0,[],[]
5155150,5156160,CHI,CHN,0.0,126,AICF,RC,1,TIFR,FI,1.0,1010,-17.36,-11.56,"[{'Canonical-syllable': '0', 'Growl': '0', 'High-freq-energy': '0', 'Long-island': '0', 'Low-tilt-spectrum': '0', 'Medium-island': '0', 'Short-island': '0', 'Squeal': '0', 'Typical-entropy': '0', 'Voicing-quality': '1', 'Wide-band': '0', 'Xlong-island': '1', 'seq': '1', 'end': 5156.16, 'start': 5155.15}]",0,0,[],[]
5156160,5160130,NA,OLN,0.0,126,AICF,NA,NA,NA,NA,0.0,0,-30.48,-16.62,[],0,0,[],[]
5160130,5161220,OCH,CXN,0.0,126,AICF,EC,1,NT,FI,0.0,0,-18.85,-12.67,[],0,0,[],[]
5161220,5171920,NA,OLN,0.0,127,pause,NA,NA,NA,NA,0.0,0,-31.49,-18.65,[],0,0,[],[]
5171920,5172520,CHI,CHN,0.0,127,CIOCX,BC,0,NT,FI,1.0,600,-21.34,-12.11,"[{'Canonical-syllable': '0', 'Growl': '1', 'High-freq-energy': '0', 'Long-island': '0', 'Low-tilt-spectrum': '1', 'Medium-island': '1', 'Short-island': '0', 'Squeal': '0', 'Typical-entropy': '1', 'Voicing-quality': '1', 'Wide-band': '0', 'Xlong-island': '0', 'seq': '1', 'end': 5172.52, 'start': 5172.18}]",0,0,[],[]
5172520,5173340,NA,OLN,0.0,127,CIOCX,NA,NA,NA,NA,0.0,0,-32.73,-27.18,[],0,0,[],[]
5173340,5174140,OCH,CXN,0.0,127,CIOCX,RC,0,NT,FI,0.0,0,-22.76,-15.69,[],0,0,[],[]
5174140,5175020,NA,OLN,0.0,127,CIOCX,NA,NA,NA,NA,0.0,0,-28.49,-18.51,[],0,0,[],[]
5175020,5175850,OCH,CXN,0.0,127,CIOCX,RC,0,NT,FH,0.0,0,-17.23,-9.38,[],0,0,[],[]
5175850,5176920,OCH,CXN,0.0,127,CIOCX,RC,0,NT,FH,0.0,0,-18.35,-9.67,[],0,0,[],[]
5176920,5178080,OCH,CXN,0.0,127,CIOCX,RC,0,NT,FH,0.0,0,-20.62,-14.81,[],0,0,[],[]
5178080,5178880,NA,OLN,0.0,127,CIOCX,NA,NA,NA,NA,0.0,0,-20.33,-10.68,[],0,0,[],[]
5178880,5179830,OCH,CXN,0.0,127,CIOCX,RC,0,NT,FH,0.0,0,-22.18,-16.41,[],0,0,[],[]
5179830,5183550,NA,OLN,0.0,127,CIOCX,NA,NA,NA,NA,0.0,0,-23.06,-4.62,[],0,0,[],[]
5183550,5185110,OCH,CXN,0.0,127,CIOCX,EC,0,NT,FH,0.0,0,-20.3,-10.26,[],0,0,[],[]
5185110,5188320,NA,OLN,0.0,128,pause,NA,NA,NA,NA,0.0,0,-26.14,-12.03,[],0,0,[],[]
5188320,5189320,MAL,MAN,0.0,128,pause,NA,NA,NA,NA,0.0,0,-30.91,-23.38,[],1000,0,[],[]
5189320,5192590,NA,OLN,0.0,128,pause,NA,NA,NA,NA,0.0,0,-21.44,-1.87,[],0,0,[],[]
5192590,5193410,OCH,CXN,0.0,128,XM,EC,0,NT,FI,0.0,0,-18.42,-11.7,[],0,0,[],[]
5193410,5202470,NA,OLN,0.0,129,pause,NA,NA,NA,NA,0.0,0,-29.14,-17.21,[],0,0,[],[]
5202470,5203100,FEM,FAN,0.0,129,pause,NA,NA,NA,NA,0.0,0,-27.95,-22.5,[],630,0,[],[]
5203100,5207460,NA,OLN,0.0,129,pause,NA,NA,NA,NA,0.0,0,-22.03,-6.36,[],0,0,[],[]
5207460,5208480,OCH,CXN,0.0,129,XM,EC,0,NT,FI,0.0,0,-18.47,-11.99,[],0,0,[],[]
5208480,5213120,NA,OLN,0.0,130,pause,NA,NA,NA,NA,0.0,0,-22.77,-6.12,[],0,0,[],[]
5213120,5213950,NA,NON,0.0,130,pause,NA,NA,NA,NA,0.0,0,-18.62,-6.56,[],0,0,[],[]
5213950,5226560,NA,OLN,0.0,130,pause,NA,NA,NA,NA,0.0,0,-19.19,-1.5,[],0,0,[],[]
5226560,5227360,NA,NOF,0.0,130,pause,NA,NA,NA,NA,0.0,0,-14.41,-1.07,[],0,0,[],[]
5227360,5228430,NA,OLN,0.0,130,pause,NA,NA,NA,NA,0.0,0,-27.3,-18.67,[],0,0,[],[]
5228430,5229480,NA,NOF,0.0,130,pause,NA,NA,NA,NA,0.0,0,-33.91,-28.66,[],0,0,[],[]
5229480,5230310,NA,OLF,0.0,130,pause,NA,NA,NA,NA,0.0,0,-34.34,-30.14,[],0,0,[],[]
5230310,5231600,NA,NOF,0.0,130,pause,NA,NA,NA,NA,0.0,0,-22.66,-5.04,[],0,0,[],[]
5231600,5234520,NA,OLF,0.0,130,pause,NA,NA,NA,NA,0.0,0,-19.69,-3.94,[],0,0,[],[]
5234520,5235830,NA,NOF,0.0,130,pause,NA,NA,NA,NA,0.0,0,-25.56,-7.75,[],0,0,[],[]
5235830,5236780,NA,OLF,0.0,130,pause,NA,NA,NA,NA,0.0,0,-17.25,-7.06,[],0,0,[],[]
5236780,5237580,NA,NOF,0.0,130,pause,NA,NA,NA,NA,0.0,0,-16.31,-3.87,[],0,0,[],[]
5237580,5240020,NA,OLF,0.0,130,pause,NA,NA,NA,NA,0.0,0,-18.42,-4.32,[],0,0,[],[]
5240020,5240930,NA,NOF,0.0,130,pause,NA,NA,NA,NA,0.0,0,-33.13,-18.95,[],0,0,[],[]
5240930,5242100,NA,OLN,0.0,130,pause,NA,NA,NA,NA,0.0,0,-16.74,-4.71,[],0,0,[],[]
5242100,5242910,NA,NON,0.0,130,pause,NA,NA,NA,NA,0.0,0,-20.21,-3.82,[],0,0,[],[]
5242910,5243710,NA,OLN,0.0,130,pause,NA,NA,NA,NA,0.0,0,-18.83,-6.75,[],0,0,[],[]
5243710,5244610,NA,NOF,0.0,130,pause,NA,NA,NA,NA,0.0,0,-36.62,-22.67,[],0,0,[],[]
5244610,5245410,NA,OLF,0.0,130,pause,NA,NA,NA,NA,0.0,0,-15.31,-3.1,[],0,0,[],[]
5245410,5246370,NA,NOF,0.0,130,pause,NA,NA,NA,NA,0.0,0,-21.5,-8.97,[],0,0,[],[]
5246370,5248340,NA,OLF,0.0,130,pause,NA,NA,NA,NA,0.0,0,-18.69,-3.19,[],0,0,[],[]
5248340,5250060,NA,NOF,0.0,130,pause,NA,NA,NA,NA,0.0,0,-21.37,-3.77,[],0,0,[],[]
5250060,5254440,NA,OLF,0.0,130,pause,NA,NA,NA,NA,0.0,0,-16.6,-0.56,[],0,0,[],[]
5254440,5255650,NA,NOF,0.0,130,pause,NA,NA,NA,NA,0.0,0,-12.44,-3.46,[],0,0,[],[]
5255650,5256460,NA,SIL,0.0,130,pause,NA,NA,NA,NA,0.0,0,-42.66,-32.2,[],0,0,[],[]
5256460,5257320,NA,CHF,0.0,130,pause,NA,NA,NA,NA,0.0,0,-25.78,-10.99,[],0,660,"[{'start': 5256.66, 'end': 5257.32}]",[]
5257320,5258120,NA,SIL,0.0,130,pause,NA,NA,NA,NA,0.0,0,-39.32,-23.52,[],0,0,[],[]
5258120,5259140,NA,NOF,0.0,130,pause,NA,NA,NA,NA,0.0,0,-31.55,-20.08,[],0,0,[],[]
5259140,5259940,OCH,CXN,0.0,130,XIOCA,BC,0,NT,FI,0.0,0,-43.29,-34.03,[],0,0,[],[]
5259940,5260740,NA,SIL,0.0,130,XIOCA,NA,NA,NA,NA,0.0,0,-47.94,-40.51,[],0,0,[],[]
5260740,5261540,NA,NOF,0.0,130,XIOCA,NA,NA,NA,NA,0.0,0,-22.89,-7.95,[],0,0,[],[]
5261540,5262390,NA,OLF,0.0,130,XIOCA,NA,NA,NA,NA,0.0,0,-25.27,-14.28,[],0,0,[],[]
5262390,5263210,NA,NOF,0.0,130,XIOCA,NA,NA,NA,NA,0.0,0,-21.83,-8.48,[],0,0,[],[]
5263210,5264010,NA,OLN,0.0,130,XIOCA,NA,NA,NA,NA,0.0,0,-23.05,-10.38,[],0,0,[],[]
5264010,5264860,NA,NOF,0.0,130,XIOCA,NA,NA,NA,NA,0.0,0,-23.74,-9.67,[],0,0,[],[]
5264860,5266070,FEM,FAN,4.85,130,XIOCA,RC,0,NT,FI,0.0,0,-19.72,-7.28,[],0,0,[],[]
5266070,5267600,OCH,CXN,0.0,130,XIOCA,EC,0,NT,FI,0.0,0,-24.88,-6.42,[],0,0,[],[]
5267600,5270760,NA,NOF,0.0,131,pause,NA,NA,NA,NA,0.0,0,-18.56,-1.99,[],0,0,[],[]
5270760,5271600,NA,CXF,0.0,131,pause,NA,NA,NA,NA,0.0,0,-42.95,-36.88,[],0,0,[],[]
5271600,5273040,NA,NOF,0.0,131,pause,NA,NA,NA,NA,0.0,0,-12.11,-2.83,[],0,0,[],[]
5273040,5274560,NA,OLF,0.0,131,pause,NA,NA,NA,NA,0.0,0,-16.73,-4.72,[],0,0,[],[]
5274560,5275630,NA,NON,0.0,131,pause,NA,NA,NA,NA,0.0,0,-15.92,-4.42,[],0,0,[],[]
5275630,5276440,NA,OLF,0.0,131,pause,NA,NA,NA,NA,0.0,0,-11.41,-2.36,[],0,0,[],[]
5276440,5278200,NA,NOF,0.0,131,pause,NA,NA,NA,NA,0.0,0,-14.89,-4.08,[],0,0,[],[]
5278200,5279270,NA,OLF,0.0,131,pause,NA,NA,NA,NA,0.0,0,-27.08,-15.49,[],0,0,[],[]
5279270,5280290,NA,NOF,0.0,131,pause,NA,NA,NA,NA,0.0,0,-26.79,-10.0,[],0,0,[],[]
5280290,5281140,NA,OLN,0.0,131,pause,NA,NA,NA,NA,0.0,0,-18.66,-5.76,[],0,0,[],[]
5281140,5283970,NA,NOF,0.0,131,pause,NA,NA,NA,NA,0.0,0,-16.68,-0.41,[],0,0,[],[]
5283970,5284770,NA,OLN,0.0,131,pause,NA,NA,NA,NA,0.0,0,-16.61,-3.21,[],0,0,[],[]
5284770,5287080,NA,NOF,0.0,131,pause,NA,NA,NA,NA,0.0,0,-39.49,-25.96,[],0,0,[],[]
5287080,5287890,NA,CXF,0.0,131,pause,NA,NA,NA,NA,0.0,0,-33.29,-17.03,[],0,0,[],[]
5287890,5289310,NA,OLN,0.0,131,pause,NA,NA,NA,NA,0.0,0,-21.82,-7.32,[],0,0,[],[]
5289310,5290350,OCH,CXN,0.0,131,XM,EC,0,NT,FI,0.0,0,-24.92,-15.03,[],0,0,[],[]
5290350,5292520,NA,NOF,0.0,132,pause,NA,NA,NA,NA,0.0,0,-16.95,-0.65,[],0,0,[],[]
5292520,5293330,NA,OLN,0.0,132,pause,NA,NA,NA,NA,0.0,0,-32.99,-23.35,[],0,0,[],[]
5293330,5295310,NA,NOF,0.0,132,pause,NA,NA,NA,NA,0.0,0,-21.49,-1.39,[],0,0,[],[]
5295310,5299740,NA,OLN,0.0,132,pause,NA,NA,NA,NA,0.0,0,-21.8,-7.02,[],0,0,[],[]
5299740,5300550,NA,NON,0.0,132,pause,NA,NA,NA,NA,0.0,0,-28.19,-10.99,[],0,0,[],[]
5300550,5301350,NA,OLN,0.0,132,pause,NA,NA,NA,NA,0.0,0,-13.75,-3.84,[],0,0,[],[]
5301350,5302580,NA,NOF,0.0,132,pause,NA,NA,NA,NA,0.0,0,-16.85,-3.6,[],0,0,[],[]
5302580,5304020,NA,OLN,0.0,132,pause,NA,NA,NA,NA,0.0,0,-21.29,-7.47,[],0,0,[],[]
5304020,5304860,NA,NOF,0.0,132,pause,NA,NA,NA,NA,0.0,0,-15.79,-3.65,[],0,0,[],[]
5304860,5306100,NA,OLN,0.0,132,pause,NA,NA,NA,NA,0.0,0,-13.09,-2.57,[],0,0,[],[]
5306100,5307140,FEM,FAN,5.54,132,AIOCF,BC,0,NT,FI,0.0,0,-19.17,-7.36,[],0,0,[],[]
5307140,5307840,CHI,CHN,0.0,132,AIOCF,NA,NA,NA,NA,0.0,0,-20.2,-5.1,[],0,90,[],"[{'start': 5307.44, 'end': 5307.53}]"
5307840,5310000,NA,OLN,0.0,132,AIOCF,NA,NA,NA,NA,0.0,0,-19.28,-3.37,[],0,0,[],[]
5310000,5311120,FEM,FAN,4.31,132,AIOCF,RC,0,NT,FH,0.0,0,-18.48,-1.11,[],0,0,[],[]
5311120,5311960,OCH,CXN,0.0,132,AIOCF,RC,0,NT,FI,0.0,0,-27.34,-11.83,[],0,0,[],[]
5311960,5313230,MAL,MAN,5.12,132,AIOCF,RC,0,NT,FI,0.0,0,-32.51,-21.75,[],0,0,[],[]
5313230,5316000,NA,NOF,0.0,132,AIOCF,NA,NA,NA,NA,0.0,0,-28.65,-7.58,[],0,0,[],[]
5316000,5317160,OCH,CXN,0.0,132,AIOCF,RC,0,NT,FI,0.0,0,-30.92,-21.52,[],0,0,[],[]
5317160,5318820,NA,OLF,0.0,132,AIOCF,NA,NA,NA,NA,0.0,0,-21.65,-4.92,[],0,0,[],[]
5318820,5319620,OCH,CXN,0.0,132,AIOCF,RC,0,NT,FH,0.0,0,-31.1,-21.45,[],0,0,[],[]
5319620,5323290,NA,OLN,0.0,132,AIOCF,NA,NA,NA,NA,0.0,0,-18.36,-0.91,[],0,0,[],[]
5323290,5323890,OCH,CXN,0.0,132,AIOCF,RC,0,NT,FH,0.0,0,-17.75,-4.19,[],0,0,[],[]
5323890,5324790,NA,NOF,0.0,132,AIOCF,NA,NA,NA,NA,0.0,0,-38.84,-29.98,[],0,0,[],[]
5324790,5326880,FEM,FAN,6.19,132,AIOCF,EC,0,NT,FI,0.0,0,-28.53,-7.56,[],0,0,[],[]
5326880,5327780,NA,OLN,0.0,133,pause,NA,NA,NA,NA,0.0,0,-15.2,-3.09,[],0,0,[],[]
5327780,5328700,NA,NOF,0.0,133,pause,NA,NA,NA,NA,0.0,0,-14.55,-2.52,[],0,0,[],[]
5328700,5330840,NA,OLN,0.0,133,pause,NA,NA,NA,NA,0.0,0,-16.58,-3.68,[],0,0,[],[]
5330840,5331640,NA,OLF,0.0,133,pause,NA,NA,NA,NA,0.0,0,-21.46,-6.11,[],0,0,[],[]
5331640,5333590,NA,OLN,0.0,133,pause,NA,NA,NA,NA,0.0,0,-29.1,-16.57,[],0,0,[],[]
5333590,5335490,NA,NOF,0.0,133,pause,NA,NA,NA,NA,0.0,0,-22.79,-4.9,[],0,0,[],[]
5335490,5338060,NA,OLN,0.0,133,pause,NA,NA,NA,NA,0.0,0,-14.86,-0.78,[],0,0,[],[]
5338060,5340460,NA,NOF,0.0,133,pause,NA,NA,NA,NA,0.0,0,-22.34,-6.73,[],0,0,[],[]
5340460,5342310,NA,OLN,0.0,133,pause,NA,NA,NA,NA,0.0,0,-26.9,-15.44,[],0,0,[],[]
5342310,5343110,NA,NOF,0.0,133,pause,NA,NA,NA,NA,0.0,0,-10.97,-2.52,[],0,0,[],[]
5343110,5343940,NA,OLF,0.0,133,pause,NA,NA,NA,NA,0.0,0,-13.26,-2.45,[],0,0,[],[]
5343940,5344980,NA,NON,0.0,133,pause,NA,NA,NA,NA,0.0,0,-26.05,-15.14,[],0,0,[],[]
5344980,5347080,NA,OLN,0.0,133,pause,NA,NA,NA,NA,0.0,0,-22.37,-6.71,[],0,0,[],[]
5347080,5348430,NA,NOF,0.0,133,pause,NA,NA,NA,NA,0.0,0,-15.18,-3.01,[],0,0,[],[]
5348430,5349300,NA,OLF,0.0,133,pause,NA,NA,NA,NA,0.0,0,-17.36,-0.9,[],0,0,[],[]
5349300,5351650,NA,NOF,0.0,133,pause,NA,NA,NA,NA,0.0,0,-22.13,-3.95,[],0,0,[],[]
5351650,5352930,CHI,CHN,0.0,133,CIOCX,BC,0,NT,FI,1.0,1280,-15.02,-9.68,"[{'Canonical-syllable': '1', 'Growl': '0', 'High-freq-energy': '0', 'Long-island': '0', 'Low-tilt-spectrum': '1', 'Medium-island': '3', 'Short-island': '0', 'Squeal': '1', 'Typical-entropy': '1', 'Voicing-quality': '3', 'Wide-band': '0', 'Xlong-island': '0', 'seq': '1', 'end': 5352.93, 'start': 5351.65}]",0,0,[],[]
5352930,5353800,OCH,CXN,0.0,133,CIOCX,EC,0,NT,FI,0.0,0,-23.98,-13.07,[],0,0,[],[]
5353800,5354640,NA,OLF,0.0,134,pause,NA,NA,NA,NA,0.0,0,-32.55,-18.36,[],0,0,[],[]
5354640,5355440,NA,OLN,0.0,134,pause,NA,NA,NA,NA,0.0,0,-28.26,-17.26,[],0,0,[],[]
5355440,5357220,NA,NOF,0.0,134,pause,NA,NA,NA,NA,0.0,0,-35.16,-18.42,[],0,0,[],[]
5357220,5358060,NA,OLN,0.0,134,pause,NA,NA,NA,NA,0.0,0,-30.35,-20.98,[],0,0,[],[]
5358060,5358860,NA,SIL,0.0,134,pause,NA,NA,NA,NA,0.0,0,-41.06,-30.81,[],0,0,[],[]
5358860,5360010,NA,TVF,0.0,134,pause,NA,NA,NA,NA,0.0,0,-34.74,-20.24,[],0,0,[],[]
5360010,5361090,OCH,CXN,0.0,134,XIOCA,BC,0,NT,FI,0.0,0,-19.71,-9.04,[],0,0,[],[]
5361090,5361900,OCH,CXN,0.0,134,XIOCA,RC,0,NT,FH,0.0,0,-19.95,-11.37,[],0,0,[],[]
5361900,5362500,NA,OLF,0.0,134,XIOCA,NA,NA,NA,NA,0.0,0,-35.2,-27.01,[],0,0,[],[]
5362500,5363330,NA,NOF,0.0,134,XIOCA,NA,NA,NA,NA,0.0,0,-40.65,-32.6,[],0,0,[],[]
5363330,5364670,OCH,CXN,0.0,134,XIOCA,RC,0,NT,FH,0.0,0,-18.25,-11.94,[],0,0,[],[]
5364670,5365700,NA,MAF,0.0,134,XIOCA,NA,NA,NA,NA,0.0,0,-35.17,-23.29,[],0,0,[],[]
5365700,5366870,NA,OLN,0.0,134,XIOCA,NA,NA,NA,NA,0.0,0,-20.42,-10.91,[],0,0,[],[]
5366870,5367870,OCH,CXN,0.0,134,XIOCA,RC,0,NT,FH,0.0,0,-14.81,-6.77,[],0,0,[],[]
5367870,5368670,NA,OLF,0.0,134,XIOCA,NA,NA,NA,NA,0.0,0,-21.73,-8.99,[],0,0,[],[]
5368670,5369600,CHI,CHN,0.0,134,XIOCA,NA,NA,NA,NA,0.0,0,-18.18,-6.09,[],0,370,"[{'start': 5369.15, 'end': 5369.52}]",[]
5369600,5370590,OCH,CXN,0.0,134,XIOCA,RC,0,NT,FH,0.0,0,-12.97,-4.63,[],0,0,[],[]
5370590,5371610,NA,FAF,0.0,134,XIOCA,NA,NA,NA,NA,0.0,0,-28.31,-17.18,[],0,0,[],[]
5371610,5372560,NA,OLF,0.0,134,XIOCA,NA,NA,NA,NA,0.0,0,-25.94,-10.55,[],0,0,[],[]
5372560,5373600,NA,NOF,0.0,134,XIOCA,NA,NA,NA,NA,0.0,0,-35.02,-18.6,[],0,0,[],[]
5373600,5374640,NA,MAF,0.0,134,XIOCA,NA,NA,NA,NA,0.0,0,-38.12,-32.23,[],0,0,[],[]
5374640,5375860,FEM,FAN,5.23,134,XIOCA,RC,0,NT,FI,0.0,0,-25.38,-16.32,[],0,0,[],[]
5375860,5376740,NA,SIL,0.0,134,XIOCA,NA,NA,NA,NA,0.0,0,-36.33,-17.93,[],0,0,[],[]
5376740,5377730,MAL,MAN,4.13,134,XIOCA,RC,0,NT,FI,0.0,0,-25.06,-7.11,[],0,0,[],[]
5377730,5378760,NA,OLF,0.0,134,XIOCA,NA,NA,NA,NA,0.0,0,-24.78,-12.35,[],0,0,[],[]
5378760,5379990,FEM,FAN,3.49,134,XIOCA,EC,0,NT,FI,0.0,0,-21.21,-4.91,[],0,0,[],[]
5379990,5380800,NA,OLN,0.0,135,pause,NA,NA,NA,NA,0.0,0,-12.77,-3.72,[],0,0,[],[]
5380800,5382110,NA,NOF,0.0,135,pause,NA,NA,NA,NA,0.0,0,-16.75,-0.39,[],0,0,[],[]
5382110,5383480,NA,FAF,0.0,135,pause,NA,NA,NA,NA,0.0,0,-31.11,-15.2,[],0,0,[],[]
5383480,5384280,NA,OLF,0.0,135,pause,NA,NA,NA,NA,0.0,0,-16.21,-4.52,[],0,0,[],[]
5384280,5386250,NA,NOF,0.0,135,pause,NA,NA,NA,NA,0.0,0,-16.97,-4.67,[],0,0,[],[]
5386250,5388060,NA,OLF,0.0,135,pause,NA,NA,NA,NA,0.0,0,-13.61,-2.41,[],0,0,[],[]
5388060,5393460,NA,NOF,0.0,135,pause,NA,NA,NA,NA,0.0,0,-17.94,-0.73,[],0,0,[],[]
5393460,5394510,NA,OLF,0.0,135,pause,NA,NA,NA,NA,0.0,0,-30.74,-15.85,[],0,0,[],[]
5394510,5395360,NA,NOF,0.0,135,pause,NA,NA,NA,NA,0.0,0,-13.14,-1.25,[],0,0,[],[]
5395360,5396250,NA,OLN,0.0,135,pause,NA,NA,NA,NA,0.0,0,-11.65,-0.3,[],0,0,[],[]
5396250,5397260,NA,NOF,0.0,135,pause,NA,NA,NA,NA,0.0,0,-14.33,-3.02,[],0,0,[],[]
5397260,5398060,NA,OLF,0.0,135,pause,NA,NA,NA,NA,0.0,0,-32.52,-22.93,[],0,0,[],[]
5398060,5398830,CHI,CHN,0.0,135,pause,NA,NA,NA,NA,0.0,0,-14.83,-8.6,[],0,770,"[{'start': 5398.06, 'end': 5398.83}]",[]
5398830,5400050,OCH,CXN,0.0,135,XIC,BC,0,NT,FI,0.0,0,-26.52,-20.2,[],0,0,[],[]
5400050,5400850,NA,OLN,0.0,135,XIC,NA,NA,NA,NA,0.0,0,-31.12,-20.63,[],0,0,[],[]
5400850,5401650,OCH,CXN,0.0,135,XIC,RC,0,NT,FH,0.0,0,-22.52,-13.87,[],0,0,[],[]
5401650,5403190,NA,OLN,0.0,135,XIC,NA,NA,NA,NA,0.0,0,-27.88,-16.42,[],0,0,[],[]
5403190,5404210,OCH,CXN,0.0,135,XIC,RC,0,NT,FH,0.0,0,-25.87,-14.87,[],0,0,[],[]
5404210,5405010,NA,OLF,0.0,135,XIC,NA,NA,NA,NA,0.0,0,-39.63,-31.85,[],0,0,[],[]
5405010,5406010,MAL,MAN,3.65,135,XIC,RC,0,TIMI,FI,0.0,0,-33.56,-26.81,[],0,0,[],[]
5406010,5406780,CHI,CHN,0.0,135,XIC,RC,1,TIMR,FI,1.0,640,-15.85,-6.88,"[{'Canonical-syllable': '0', 'Growl': '0', 'High-freq-energy': '0', 'Long-island': '1', 'Low-tilt-spectrum': '1', 'Medium-island': '0', 'Short-island': '0', 'Squeal': '0', 'Typical-entropy': '1', 'Voicing-quality': '1', 'Wide-band': '0', 'Xlong-island': '0', 'seq': '1', 'end': 5406.65, 'start': 5406.01}]",0,0,[],[]
5406780,5408130,CHI,CHN,0.0,135,XIC,RC,1,NT,FH,1.0,1350,-16.62,-8.74,"[{'Canonical-syllable': '0', 'Growl': '0', 'High-freq-energy': '0', 'Long-island': '0', 'Low-tilt-spectrum': '0', 'Medium-island': '0', 'Short-island': '0', 'Squeal': '0', 'Typical-entropy': '0', 'Voicing-quality': '2', 'Wide-band': '0', 'Xlong-island': '1', 'seq': '1', 'end': 5408.13, 'start': 5406.9}]",0,0,[],[]
5408130,5409150,MAL,MAN,4.48,135,XIC,RC,1,TIME,FI,0.0,0,-36.06,-26.08,[],0,0,[],[]
5409150,5410150,FEM,FAN,2.21,135,XIC,RC,1,NT,FI,0.0,0,-24.52,-16.47,[],0,0,[],[]
5410150,5411120,NA,NOF,0.0,135,XIC,NA,NA,NA,NA,0.0,0,-14.11,-0.66,[],0,0,[],[]
5411120,5413030,OCH,CXN,0.0,135,XIC,RC,1,NT,FI,0.0,0,-14.01,-2.75,[],0,0,[],[]
5413030,5416060,NA,OLN,0.0,135,XIC,NA,NA,NA,NA,0.0,0,-16.35,-2.79,[],0,0,[],[]
5416060,5417330,OCH,CXN,0.0,135,XIC,RC,1,NT,FH,0.0,0,-18.7,-8.62,[],0,0,[],[]
5417330,5418170,NA,OLN,0.0,135,XIC,NA,NA,NA,NA,0.0,0,-17.19,-8.84,[],0,0,[],[]
5418170,5419340,NA,NOF,0.0,135,XIC,NA,NA,NA,NA,0.0,0,-32.09,-17.71,[],0,0,[],[]
5419340,5420410,OCH,CXN,0.0,135,XIC,RC,1,NT,FH,0.0,0,-20.82,-10.51,[],0,0,[],[]
5420410,5421010,CHI,CHN,0.0,135,XIC,RC,1,NT,FI,1.0,600,-18.05,-5.96,"[{'Canonical-syllable': '0', 'Growl': '1', 'High-freq-energy': '0', 'Long-island': '0', 'Low-tilt-spectrum': '2', 'Medium-island': '1', 'Short-island': '1', 'Squeal': '0', 'Typical-entropy': '2', 'Voicing-quality': '1', 'Wide-band': '0', 'Xlong-island': '0', 'seq': '1', 'end': 5421.01, 'start': 5420.41}]",0,0,[],[]
5421010,5422010,CHI,CHN,0.0,135,XIC,EC,1,NT,FH,2.0,660,-18.34,-4.56,"[{'Canonical-syllable': '1', 'Growl': '0', 'High-freq-energy': '0', 'Long-island': '0', 'Low-tilt-spectrum': '0', 'Medium-island': '0', 'Short-island': '1', 'Squeal': '0', 'Typical-entropy': '1', 'Voicing-quality': '1', 'Wide-band': '0', 'Xlong-island': '0', 'seq': '1', 'end': 5421.2, 'start': 5421.01}, {'Canonical-syllable': '0', 'Growl': '0', 'High-freq-energy': '0', 'Long-island': '0', 'Low-tilt-spectrum': '1', 'Medium-island': '1', 'Short-island': '0', 'Squeal': '0', 'Typical-entropy': '1', 'Voicing-quality': '1', 'Wide-band': '0', 'Xlong-island': '0', 'seq': '2', 'end': 5422.01, 'start': 5421.54}]",0,0,[],[]
5422010,5423610,NA,NOF,0.0,136,pause,NA,NA,NA,NA,0.0,0,-15.05,-1.69,[],0,0,[],[]
5423610,5424460,NA,OLN,0.0,136,pause,NA,NA,NA,NA,0.0,0,-20.17,-8.06,[],0,0,[],[]
5424460,5425260,NA,NOF,0.0,136,pause,NA,NA,NA,NA,0.0,0,-21.3,-7.65,[],0,0,[],[]
5425260,5427550,NA,OLN,0.0,136,pause,NA,NA,NA,NA,0.0,0,-14.95,-3.45,[],0,0,[],[]
5427550,5428420,NA,NOF,0.0,136,pause,NA,NA,NA,NA,0.0,0,-15.48,-5.18,[],0,0,[],[]
5428420,5430220,NA,OLN,0.0,136,pause,NA,NA,NA,NA,0.0,0,-14.1,-1.32,[],0,0,[],[]
5430220,5430930,OCH,CXN,0.0,136,XIOCAC,BC,0,NT,FI,0.0,0,-26.11,-20.91,[],0,0,[],[]
5430930,5432800,NA,OLN,0.0,136,XIOCAC,NA,NA,NA,NA,0.0,0,-15.74,-2.15,[],0,0,[],[]
5432800,5433800,MAL,MAN,6.04,136,XIOCAC,RC,0,NT,FI,0.0,0,-25.78,-10.75,[],0,0,[],[]
5433800,5436090,NA,OLF,0.0,136,XIOCAC,NA,NA,NA,NA,0.0,0,-24.22,-6.86,[],0,0,[],[]
5436090,5437170,OCH,CXN,0.0,136,XIOCAC,RC,0,NT,FI,0.0,0,-18.27,-6.78,[],0,0,[],[]
5437170,5437770,CHI,CHN,0.0,136,XIOCAC,RC,0,NT,FI,1.0,600,-19.85,-15.92,"[{'Canonical-syllable': '1', 'Growl': '0', 'High-freq-energy': '0', 'Long-island': '0', 'Low-tilt-spectrum': '0', 'Medium-island': '1', 'Short-island': '0', 'Squeal': '0', 'Typical-entropy': '0', 'Voicing-quality': '1', 'Wide-band': '0', 'Xlong-island': '0', 'seq': '1', 'end': 5437.77, 'start': 5437.17}]",0,0,[],[]
5437770,5438570,NA,NOF,0.0,136,XIOCAC,NA,NA,NA,NA,0.0,0,-36.18,-29.51,[],0,0,[],[]
5438570,5439570,CHI,CHN,0.0,136,XIOCAC,RC,0,NT,FH,1.0,690,-18.19,-8.51,"[{'Canonical-syllable': '1', 'Growl': '0', 'High-freq-energy': '0', 'Long-island': '0', 'Low-tilt-spectrum': '0', 'Medium-island': '0', 'Short-island': '2', 'Squeal': '0', 'Typical-entropy': '1', 'Voicing-quality': '2', 'Wide-band': '0', 'Xlong-island': '0', 'seq': '1', 'end': 5439.57, 'start': 5438.88}]",0,0,[],[]
5439570,5440230,CHI,CHN,0.0,136,XIOCAC,RC,0,NT,FH,1.0,660,-18.66,-11.83,"[{'Canonical-syllable': '0', 'Growl': '1', 'High-freq-energy': '0', 'Long-island': '0', 'Low-tilt-spectrum': '0', 'Medium-island': '0', 'Short-island': '1', 'Squeal': '0', 'Typical-entropy': '1', 'Voicing-quality': '2', 'Wide-band': '0', 'Xlong-island': '0', 'seq': '1', 'end': 5440.23, 'start': 5439.57}]",0,0,[],[]
5440230,5441230,OCH,CXN,0.0,136,XIOCAC,EC,0,NT,FI,0.0,0,-17.61,-11.19,[],0,0,[],[]
5441230,5442320,NA,NON,0.0,137,pause,NA,NA,NA,NA,0.0,0,-18.97,-4.84,[],0,0,[],[]
5442320,5443450,NA,OLN,0.0,137,pause,NA,NA,NA,NA,0.0,0,-27.52,-15.6,[],0,0,[],[]
5443450,5444720,NA,NOF,0.0,137,pause,NA,NA,NA,NA,0.0,0,-19.49,-4.81,[],0,0,[],[]
5444720,5445520,NA,OLF,0.0,137,pause,NA,NA,NA,NA,0.0,0,-18.85,-3.71,[],0,0,[],[]
5445520,5450100,NA,NOF,0.0,137,pause,NA,NA,NA,NA,0.0,0,-15.19,-0.82,[],0,0,[],[]
5450100,5450900,NA,OLF,0.0,137,pause,NA,NA,NA,NA,0.0,0,-23.46,-7.67,[],0,0,[],[]
5450900,5452230,NA,NOF,0.0,137,pause,NA,NA,NA,NA,0.0,0,-21.3,-4.81,[],0,0,[],[]
5452230,5455080,NA,OLN,0.0,137,pause,NA,NA,NA,NA,0.0,0,-18.78,-4.72,[],0,0,[],[]
5455080,5457040,NA,NOF,0.0,137,pause,NA,NA,NA,NA,0.0,0,-37.56,-22.3,[],0,0,[],[]
5457040,5458410,NA,OLN,0.0,137,pause,NA,NA,NA,NA,0.0,0,-20.78,-2.56,[],0,0,[],[]
5458410,5459210,NA,NOF,0.0,137,pause,NA,NA,NA,NA,0.0,0,-14.45,-2.9,[],0,0,[],[]
5459210,5460910,NA,OLN,0.0,137,pause,NA,NA,NA,NA,0.0,0,-22.72,-13.2,[],0,0,[],[]
5460910,5461510,CHI,CHN,0.0,137,CM,EC,0,NT,FI,1.0,300,-18.48,-11.64,"[{'Canonical-syllable': '1', 'Growl': '0', 'High-freq-energy': '0', 'Long-island': '0', 'Low-tilt-spectrum': '0', 'Medium-island': '1', 'Short-island': '0', 'Squeal': '0', 'Typical-entropy': '1', 'Voicing-quality': '1', 'Wide-band': '0', 'Xlong-island': '0', 'seq': '1', 'end': 5461.21, 'start': 5460.91}]",0,0,[],[]
5461510,5462320,NA,NOF,0.0,138,pause,NA,NA,NA,NA,0.0,0,-15.01,-2.83,[],0,0,[],[]
5462320,5463320,CHI,CHN,0.0,138,pause,NA,NA,NA,NA,0.0,0,-25.38,-13.78,[],0,270,"[{'start': 5462.83, 'end': 5463.1}]",[]
5463320,5464420,NA,OLN,0.0,138,pause,NA,NA,NA,NA,0.0,0,-17.33,-2.51,[],0,0,[],[]
5464420,5467390,NA,NON,0.0,138,pause,NA,NA,NA,NA,0.0,0,-19.84,-3.26,[],0,0,[],[]
5467390,5468190,OCH,CXN,0.0,138,XIC,BC,0,NT,FI,0.0,0,-25.58,-16.87,[],0,0,[],[]
5468190,5469000,NA,OLN,0.0,138,XIC,NA,NA,NA,NA,0.0,0,-26.66,-18.04,[],0,0,[],[]
5469000,5469810,OCH,CXN,0.0,138,XIC,RC,0,NT,FH,0.0,0,-21.56,-12.63,[],0,0,[],[]
5469810,5470650,NA,OLN,0.0,138,XIC,NA,NA,NA,NA,0.0,0,-22.96,-11.77,[],0,0,[],[]
5470650,5471640,NA,NOF,0.0,138,XIC,NA,NA,NA,NA,0.0,0,-18.03,-4.46,[],0,0,[],[]
5471640,5474370,NA,OLN,0.0,138,XIC,NA,NA,NA,NA,0.0,0,-14.97,-3.19,[],0,0,[],[]
5474370,5475260,OCH,CXN,0.0,138,XIC,RC,0,NT,FH,0.0,0,-17.46,-9.33,[],0,0,[],[]
5475260,5476450,NA,OLF,0.0,138,XIC,NA,NA,NA,NA,0.0,0,-19.08,-5.28,[],0,0,[],[]
5476450,5478940,NA,NOF,0.0,138,XIC,NA,NA,NA,NA,0.0,0,-23.34,-8.07,[],0,0,[],[]
5478940,5481550,FEM,FAN,10.44,138,XIC,RC,0,NT,FI,0.0,0,-18.84,-4.11,[],0,0,[],[]
5481550,5482660,NA,NOF,0.0,138,XIC,NA,NA,NA,NA,0.0,0,-43.43,-32.76,[],0,0,[],[]
5482660,5483690,MAL,MAN,2.17,138,XIC,RC,0,NT,FI,0.0,0,-37.09,-31.44,[],0,0,[],[]
5483690,5484490,NA,NOF,0.0,138,XIC,NA,NA,NA,NA,0.0,0,-43.19,-33.06,[],0,0,[],[]
5484490,5485270,OCH,CXN,0.0,138,XIC,RC,0,NT,FI,0.0,0,-20.68,-10.15,[],0,0,[],[]
5485270,5486270,OCH,CXN,0.0,138,XIC,RC,0,NT,FH,0.0,0,-19.16,-9.76,[],0,0,[],[]
5486270,5488310,OCH,CXN,0.0,138,XIC,RC,0,NT,FH,0.0,0,-15.64,-6.86,[],0,0,[],[]
5488310,5489540,NA,OLN,0.0,138,XIC,NA,NA,NA,NA,0.0,0,-19.23,-7.14,[],0,0,[],[]
5489540,5490890,OCH,CXN,0.0,138,XIC,RC,0,NT,FH,0.0,0,-13.98,-0.36,[],0,0,[],[]
5490890,5491890,OCH,CXN,0.0,138,XIC,RC,0,NT,FH,0.0,0,-15.06,-0.56,[],0,0,[],[]
5491890,5492990,CHI,CHN,0.0,138,XIC,NA,NA,NA,NA,0.0,0,-18.97,-6.98,[],0,1100,"[{'start': 5491.89, 'end': 5492.99}]",[]
5492990,5493840,CHI,CHN,0.0,138,XIC,RC,0,TIFI,FI,1.0,250,-19.12,-8.65,"[{'Canonical-syllable': '1', 'Growl': '0', 'High-freq-energy': '0', 'Long-island': '0', 'Low-tilt-spectrum': '0', 'Medium-island': '0', 'Short-island': '1', 'Squeal': '0', 'Typical-entropy': '1', 'Voicing-quality': '1', 'Wide-band': '0', 'Xlong-island': '0', 'seq': '1', 'end': 5493.84, 'start': 5493.59}]",0,0,[],[]
5493840,5496100,FEM,FAN,8.27,138,XIC,RC,1,TIFR,FI,0.0,0,-23.09,-6.94,[],0,0,[],[]
5496100,5498150,NA,OLN,0.0,138,XIC,NA,NA,NA,NA,0.0,0,-18.48,-2.56,[],0,0,[],[]
5498150,5499010,NA,NOF,0.0,138,XIC,NA,NA,NA,NA,0.0,0,-20.11,-8.35,[],0,0,[],[]
5499010,5500110,NA,OLF,0.0,138,XIC,NA,NA,NA,NA,0.0,0,-23.2,-7.62,[],0,0,[],[]
5500110,5500710,OCH,CXN,0.0,138,XIC,RC,1,NT,FI,0.0,0,-16.33,-0.74,[],0,0,[],[]
5500710,5501530,NA,NOF,0.0,138,XIC,NA,NA,NA,NA,0.0,0,-14.21,-1.31,[],0,0,[],[]
5501530,5503840,NA,OLN,0.0,138,XIC,NA,NA,NA,NA,0.0,0,-14.38,-3.32,[],0,0,[],[]
5503840,5504640,OCH,CXN,0.0,138,XIC,EC,1,NT,FH,0.0,0,-21.07,-8.34,[],0,0,[],[]
5504640,5507090,NA,NOF,0.0,139,pause,NA,NA,NA,NA,0.0,0,-19.31,-3.1,[],0,0,[],[]
5507090,5508470,NA,OLN,0.0,139,pause,NA,NA,NA,NA,0.0,0,-22.91,-7.26,[],0,0,[],[]
5508470,5509290,NA,NOF,0.0,139,pause,NA,NA,NA,NA,0.0,0,-15.31,-2.04,[],0,0,[],[]
5509290,5510130,NA,OLF,0.0,139,pause,NA,NA,NA,NA,0.0,0,-20.02,-4.11,[],0,0,[],[]
5510130,5510730,NA,CHF,0.0,139,CIC,BC,0,TIMI,FI,1.0,600,-35.36,-25.54,"[{'Canonical-syllable': '1', 'Growl': '0', 'High-freq-energy': '0', 'Long-island': '0', 'Low-tilt-spectrum': '1', 'Medium-island': '1', 'Short-island': '0', 'Squeal': '0', 'Typical-entropy': '1', 'Voicing-quality': '1', 'Wide-band': '0', 'Xlong-island': '0', 'seq': '1', 'end': 5510.73, 'start': 5510.28}]",0,0,[],[]
5510730,5511920,NA,NOF,0.0,139,CIC,NA,NA,NA,NA,0.0,0,-23.13,-6.15,[],0,0,[],[]
5511920,5512960,MAL,MAN,2.68,139,CIC,RC,1,TIMR,FI,0.0,0,-30.38,-21.76,[],0,0,[],[]
5512960,5514710,NA,OLN,0.0,139,CIC,NA,NA,NA,NA,0.0,0,-16.43,-4.36,[],0,0,[],[]
5514710,5517460,NA,OLF,0.0,139,CIC,NA,NA,NA,NA,0.0,0,-18.46,-1.44,[],0,0,[],[]
5517460,5518770,MAL,MAN,6.0,139,CIC,RC,1,NT,FH,0.0,0,-15.6,-0.56,[],0,0,[],[]
5518770,5520300,NA,NON,0.0,139,CIC,NA,NA,NA,NA,0.0,0,-31.01,-17.72,[],0,0,[],[]
5520300,5521200,NA,OLN,0.0,139,CIC,NA,NA,NA,NA,0.0,0,-17.01,-9.2,[],0,0,[],[]
5521200,5522030,NA,NOF,0.0,139,CIC,NA,NA,NA,NA,0.0,0,-21.72,-7.73,[],0,0,[],[]
5522030,5523040,OCH,CXN,0.0,139,CIC,RC,1,NT,FI,0.0,0,-23.17,-13.76,[],0,0,[],[]
5523040,5523980,NA,OLN,0.0,139,CIC,NA,NA,NA,NA,0.0,0,-23.18,-8.59,[],0,0,[],[]
5523980,5524920,OCH,CXN,0.0,139,CIC,RC,1,NT,FH,0.0,0,-26.24,-15.84,[],0,0,[],[]
5524920,5525720,NA,MAF,0.0,139,CIC,NA,NA,NA,NA,0.0,0,-39.39,-29.56,[],0,0,[],[]
5525720,5527090,NA,OLN,0.0,139,CIC,NA,NA,NA,NA,0.0,0,-22.26,-5.18,[],0,0,[],[]
5527090,5527920,OCH,CXN,0.0,139,CIC,RC,1,NT,FH,0.0,0,-24.87,-9.11,[],0,0,[],[]
5527920,5529120,NA,OLN,0.0,139,CIC,NA,NA,NA,NA,0.0,0,-22.36,-9.04,[],0,0,[],[]
5529120,5530190,NA,NOF,0.0,139,CIC,NA,NA,NA,NA,0.0,0,-36.93,-25.64,[],0,0,[],[]
5530190,5531090,NA,OLN,0.0,139,CIC,NA,NA,NA,NA,0.0,0,-17.42,-4.31,[],0,0,[],[]
5531090,5532420,OCH,CXN,0.0,139,CIC,RC,1,NT,FH,0.0,0,-37.1,-30.01,[],0,0,[],[]
5532420,5533220,NA,SIL,0.0,139,CIC,NA,NA,NA,NA,0.0,0,-45.41,-35.87,[],0,0,[],[]
5533220,5534220,MAL,MAN,4.01,139,CIC,RC,1,NT,FI,0.0,0,-38.36,-32.81,[],0,0,[],[]
5534220,5534820,NA,CXF,0.0,139,CIC,NA,NA,NA,NA,0.0,0,-44.95,-29.74,[],0,0,[],[]
5534820,5535780,OCH,CXN,0.0,139,CIC,RC,1,NT,FI,0.0,0,-31.67,-18.66,[],0,0,[],[]
5535780,5537770,MAL,MAN,10.95,139,CIC,EC,1,NT,FI,0.0,0,-22.88,-3.54,[],0,0,[],[]
5537770,5539700,NA,SIL,0.0,140,pause,NA,NA,NA,NA,0.0,0,-53.34,-43.24,[],0,0,[],[]
5539700,5540300,NA,FAF,0.0,140,pause,NA,NA,NA,NA,0.0,0,-49.07,-36.49,[],0,0,[],[]
5540300,5544660,NA,SIL,0.0,140,pause,NA,NA,NA,NA,0.0,0,-53.4,-36.49,[],0,0,[],[]
5544660,5545850,CHI,CHN,0.0,140,CIC,BC,0,NT,FI,1.0,1110,-23.93,-16.58,"[{'Canonical-syllable': '0', 'Growl': '0', 'High-freq-energy': '0', 'Long-island': '1', 'Low-tilt-spectrum': '1', 'Medium-island': '0', 'Short-island': '1', 'Squeal': '0', 'Typical-entropy': '1', 'Voicing-quality': '2', 'Wide-band': '0', 'Xlong-island': '0', 'seq': '1', 'end': 5545.77, 'start': 5544.81}]",0,0,[],[]
5545850,5547430,NA,NOF,0.0,140,CIC,NA,NA,NA,NA,0.0,0,-34.84,-20.14,[],0,0,[],[]
5547430,5548030,CHI,CHN,0.0,140,CIC,RC,0,NT,FH,1.0,380,-14.68,-3.61,"[{'Canonical-syllable': '0', 'Growl': '1', 'High-freq-energy': '0', 'Long-island': '0', 'Low-tilt-spectrum': '1', 'Medium-island': '1', 'Short-island': '0', 'Squeal': '0', 'Typical-entropy': '1', 'Voicing-quality': '1', 'Wide-band': '0', 'Xlong-island': '0', 'seq': '1', 'end': 5547.81, 'start': 5547.43}]",0,0,[],[]
5548030,5549000,NA,OLN,0.0,140,CIC,NA,NA,NA,NA,0.0,0,-25.03,-8.02,[],0,0,[],[]
5549000,5549600,NA,CHF,0.0,140,CIC,NA,NA,NA,NA,0.0,0,-17.92,-6.31,[],0,110,"[{'start': 5549.49, 'end': 5549.6}]",[]
5549600,5550400,NA,OLN,0.0,140,CIC,NA,NA,NA,NA,0.0,0,-14.84,-3.67,[],0,0,[],[]
5550400,5551000,CHI,CHN,0.0,140,CIC,RC,0,NT,FH,1.0,350,-19.49,-5.9,"[{'Canonical-syllable': '0', 'Growl': '0', 'High-freq-energy': '0', 'Long-island': '0', 'Low-tilt-spectrum': '0', 'Medium-island': '0', 'Short-island': '1', 'Squeal': '0', 'Typical-entropy': '2', 'Voicing-quality': '2', 'Wide-band': '0', 'Xlong-island': '0', 'seq': '1', 'end': 5550.75, 'start': 5550.4}]",0,0,[],[]
5551000,5551800,NA,OLN,0.0,140,CIC,NA,NA,NA,NA,0.0,0,-12.61,-1.75,[],0,0,[],[]
5551800,5552710,NA,NOF,0.0,140,CIC,NA,NA,NA,NA,0.0,0,-21.57,-7.62,[],0,0,[],[]
5552710,5553310,CHI,CHN,0.0,140,CIC,RC,0,NT,FH,1.0,460,-19.6,-10.9,"[{'Canonical-syllable': '0', 'Growl': '0', 'High-freq-energy': '0', 'Long-island': '0', 'Low-tilt-spectrum': '0', 'Medium-island': '0', 'Short-island': '1', 'Squeal': '0', 'Typical-entropy': '1', 'Voicing-quality': '2', 'Wide-band': '0', 'Xlong-island': '0', 'seq': '1', 'end': 5553.17, 'start': 5552.83}]",0,0,[],[]
5553310,5554650,CHI,CHN,0.0,140,CIC,RC,0,TIMI,FH,1.0,420,-23.82,-11.72,"[{'Canonical-syllable': '0', 'Growl': '0', 'High-freq-energy': '0', 'Long-island': '0', 'Low-tilt-spectrum': '0', 'Medium-island': '1', 'Short-island': '0', 'Squeal': '0', 'Typical-entropy': '0', 'Voicing-quality': '1', 'Wide-band': '0', 'Xlong-island': '0', 'seq': '1', 'end': 5553.73, 'start': 5553.31}]",0,0,[],[]
5554650,5555930,MAL,MAN,7.2,140,CIC,RC,1,TIMR,FI,0.0,0,-25.14,-16.64,[],0,0,[],[]
5555930,5558080,CHI,CHN,0.0,140,CIC,RC,1,TIME,FI,2.0,820,-19.64,-7.08,"[{'Canonical-syllable': '0', 'Growl': '0', 'High-freq-energy': '0', 'Long-island': '0', 'Low-tilt-spectrum': '1', 'Medium-island': '0', 'Short-island': '1', 'Squeal': '0', 'Typical-entropy': '1', 'Voicing-quality': '1', 'Wide-band': '0', 'Xlong-island': '0', 'seq': '1', 'end': 5556.59, 'start': 5556.4}, {'Canonical-syllable': '0', 'Growl': '0', 'High-freq-energy': '0', 'Long-island': '0', 'Low-tilt-spectrum': '0', 'Medium-island': '1', 'Short-island': '1', 'Squeal': '0', 'Typical-entropy': '1', 'Voicing-quality': '2', 'Wide-band': '0', 'Xlong-island': '0', 'seq': '2', 'end': 5558.08, 'start': 5557.45}]",0,0,[],[]
5558080,5558880,CHI,CHN,0.0,140,CIC,RC,1,NT,FH,1.0,800,-22.08,-14.2,"[{'Canonical-syllable': '0', 'Growl': '0', 'High-freq-energy': '0', 'Long-island': '1', 'Low-tilt-spectrum': '0', 'Medium-island': '0', 'Short-island': '0', 'Squeal': '0', 'Typical-entropy': '1', 'Voicing-quality': '1', 'Wide-band': '0', 'Xlong-island': '0', 'seq': '1', 'end': 5558.88, 'start': 5558.08}]",0,0,[],[]
5558880,5559680,NA,MAF,0.0,140,CIC,NA,NA,NA,NA,0.0,0,-40.7,-29.72,[],0,0,[],[]
5559680,5560680,CHI,CHN,0.0,140,CIC,RC,1,NT,FH,1.0,830,-18.93,-11.22,"[{'Canonical-syllable': '0', 'Growl': '0', 'High-freq-energy': '0', 'Long-island': '0', 'Low-tilt-spectrum': '0', 'Medium-island': '1', 'Short-island': '1', 'Squeal': '0', 'Typical-entropy': '1', 'Voicing-quality': '2', 'Wide-band': '0', 'Xlong-island': '0', 'seq': '1', 'end': 5560.51, 'start': 5559.77}]",0,0,[],[]
5560680,5561770,NA,NOF,0.0,140,CIC,NA,NA,NA,NA,0.0,0,-42.59,-33.52,[],0,0,[],[]
5561770,5562880,OCH,CXN,0.0,140,CIC,RC,1,NT,FI,0.0,0,-17.42,-11.13,[],0,0,[],[]
5562880,5563680,CHI,CHN,0.0,140,CIC,RC,1,NT,FI,1.0,320,-18.1,-11.61,"[{'Canonical-syllable': '0', 'Growl': '1', 'High-freq-energy': '0', 'Long-island': '0', 'Low-tilt-spectrum': '0', 'Medium-island': '1', 'Short-island': '0', 'Squeal': '0', 'Typical-entropy': '1', 'Voicing-quality': '1', 'Wide-band': '0', 'Xlong-island': '0', 'seq': '1', 'end': 5563.68, 'start': 5563.36}]",0,0,[],[]
5563680,5564760,CHI,CHN,0.0,140,CIC,EC,1,NT,FH,1.0,1080,-15.36,-9.99,"[{'Canonical-syllable': '1', 'Growl': '0', 'High-freq-energy': '0', 'Long-island': '0', 'Low-tilt-spectrum': '1', 'Medium-island': '2', 'Short-island': '0', 'Squeal': '0', 'Typical-entropy': '1', 'Voicing-quality': '3', 'Wide-band': '0', 'Xlong-island': '0', 'seq': '1', 'end': 5564.76, 'start': 5563.68}]",0,0,[],[]
5564760,5565640,NA,OLN,0.0,141,pause,NA,NA,NA,NA,0.0,0,-25.67,-11.47,[],0,0,[],[]
5565640,5566240,NA,CHF,0.0,141,pause,NA,NA,NA,NA,0.0,0,-21.54,-7.11,[],0,340,[],"[{'start': 5565.9, 'end': 5566.24}]"
5566240,5567690,NA,OLN,0.0,141,pause,NA,NA,NA,NA,0.0,0,-16.97,-3.5,[],0,0,[],[]
5567690,5568290,CHI,CHN,0.0,141,pause,NA,NA,NA,NA,0.0,0,-14.87,-9.63,[],0,480,"[{'start': 5567.81, 'end': 5568.29}]",[]
5568290,5571120,NA,OLN,0.0,141,pause,NA,NA,NA,NA,0.0,0,-16.04,-3.44,[],0,0,[],[]
5571120,5573010,FEM,FAN,7.42,141,AICF,BC,0,TIFI,FI,0.0,0,-20.66,-11.98,[],0,0,[],[]
5573010,5574400,CHI,CHN,0.0,141,AICF,RC,1,TIFR,FI,2.0,820,-37.51,-26.06,"[{'Canonical-syllable': '0', 'Growl': '0', 'High-freq-energy': '0', 'Long-island': '0', 'Low-tilt-spectrum': '1', 'Medium-island': '1', 'Short-island': '0', 'Squeal': '0', 'Typical-entropy': '0', 'Voicing-quality': '1', 'Wide-band': '0', 'Xlong-island': '0', 'seq': '1', 'end': 5573.32, 'start': 5573.01}, {'Canonical-syllable': '1', 'Growl': '0', 'High-freq-energy': '0', 'Long-island': '0', 'Low-tilt-spectrum': '0', 'Medium-island': '0', 'Short-island': '2', 'Squeal': '0', 'Typical-entropy': '1', 'Voicing-quality': '2', 'Wide-band': '0', 'Xlong-island': '0', 'seq': '2', 'end': 5574.32, 'start': 5573.81}]",0,0,[],[]
5574400,5575390,CHI,CHN,0.0,141,AICF,RC,1,NT,FH,1.0,990,-17.77,-8.05,"[{'Canonical-syllable': '1', 'Growl': '0', 'High-freq-energy': '0', 'Long-island': '0', 'Low-tilt-spectrum': '1', 'Medium-island': '1', 'Short-island': '1', 'Squeal': '0', 'Typical-entropy': '2', 'Voicing-quality': '2', 'Wide-band': '0', 'Xlong-island': '0', 'seq': '1', 'end': 5575.39, 'start': 5574.7}]",0,0,[],[]
5575390,5576390,FEM,FAN,4.69,141,AICF,RC,1,TIFE,FI,0.0,0,-21.75,-11.16,[],0,0,[],[]
5576390,5577530,NA,NON,0.0,141,AICF,NA,NA,NA,NA,0.0,0,-28.59,-17.17,[],0,0,[],[]
5577530,5580160,NA,OLN,0.0,141,AICF,NA,NA,NA,NA,0.0,0,-20.64,-6.16,[],0,0,[],[]
5580160,5582010,MAL,MAN,11.3,141,AICF,RC,1,NT,FI,0.0,0,-29.05,-19.87,[],0,0,[],[]
5582010,5582810,NA,MAF,0.0,141,AICF,NA,NA,NA,NA,0.0,0,-32.48,-21.44,[],0,0,[],[]
5582810,5584040,FEM,FAN,4.23,141,AICF,RC,1,TIFI,FI,0.0,0,-19.26,-9.71,[],0,0,[],[]
5584040,5584640,CHI,CHN,0.0,141,AICF,RC,2,TIFR,FI,1.0,480,-16.32,-10.21,"[{'Canonical-syllable': '0', 'Growl': '0', 'High-freq-energy': '0', 'Long-island': '0', 'Low-tilt-spectrum': '0', 'Medium-island': '1', 'Short-island': '0', 'Squeal': '0', 'Typical-entropy': '0', 'Voicing-quality': '1', 'Wide-band': '0', 'Xlong-island': '0', 'seq': '1', 'end': 5584.52, 'start': 5584.04}]",0,0,[],[]
5584640,5585740,NA,NOF,0.0,141,AICF,NA,NA,NA,NA,0.0,0,-15.25,-2.51,[],0,0,[],[]
5585740,5586900,NA,OLF,0.0,141,AICF,NA,NA,NA,NA,0.0,0,-19.93,-9.03,[],0,0,[],[]
5586900,5587640,CHI,CHN,0.0,141,AICF,EC,2,NT,FH,1.0,410,-27.87,-18.21,"[{'Canonical-syllable': '0', 'Growl': '0', 'High-freq-energy': '0', 'Long-island': '0', 'Low-tilt-spectrum': '0', 'Medium-island': '0', 'Short-island': '1', 'Squeal': '0', 'Typical-entropy': '1', 'Voicing-quality': '1', 'Wide-band': '0', 'Xlong-island': '0', 'seq': '1', 'end': 5587.31, 'start': 5587.15}]",0,0,[],[]
5587640,5588440,NA,SIL,0.0,142,pause,NA,NA,NA,NA,0.0,0,-53.08,-44.62,[],0,0,[],[]
5588440,5590870,NA,NOF,0.0,142,pause,NA,NA,NA,NA,0.0,0,-33.89,-18.18,[],0,0,[],[]
5590870,5591670,NA,CXF,0.0,142,pause,NA,NA,NA,NA,0.0,0,-42.41,-28.24,[],0,0,[],[]
5591670,5593290,NA,TVF,0.0,142,pause,NA,NA,NA,NA,0.0,0,-46.95,-40.08,[],0,0,[],[]
5593290,5594140,NA,OLF,0.0,142,pause,NA,NA,NA,NA,0.0,0,-28.88,-14.32,[],0,0,[],[]
5594140,5595920,NA,NOF,0.0,142,pause,NA,NA,NA,NA,0.0,0,-31.78,-19.14,[],0,0,[],[]
5595920,5596720,NA,OLN,0.0,142,pause,NA,NA,NA,NA,0.0,0,-26.64,-16.12,[],0,0,[],[]
5596720,5601680,NA,NOF,0.0,142,pause,NA,NA,NA,NA,0.0,0,-27.56,-5.66,[],0,0,[],[]
5601680,5603000,CHI,CHN,0.0,142,CM,BC,0,NT,FI,1.0,1320,-15.11,-10.84,"[{'Canonical-syllable': '0', 'Growl': '0', 'High-freq-energy': '0', 'Long-island': '1', 'Low-tilt-spectrum': '0', 'Medium-island': '1', 'Short-island': '0', 'Squeal': '0', 'Typical-entropy': '1', 'Voicing-quality': '2', 'Wide-band': '0', 'Xlong-island': '0', 'seq': '1', 'end': 5603.0, 'start': 5601.68}]",0,0,[],[]
5603000,5603720,CHI,CHN,0.0,142,CM,EC,0,NT,FH,1.0,650,-21.93,-15.12,"[{'Canonical-syllable': '0', 'Growl': '0', 'High-freq-energy': '0', 'Long-island': '0', 'Low-tilt-spectrum': '0', 'Medium-island': '2', 'Short-island': '0', 'Squeal': '0', 'Typical-entropy': '0', 'Voicing-quality': '2', 'Wide-band': '0', 'Xlong-island': '0', 'seq': '1', 'end': 5603.65, 'start': 5603.0}]",0,0,[],[]
5603720,5605630,NA,NOF,0.0,143,pause,NA,NA,NA,NA,0.0,0,-29.59,-10.69,[],0,0,[],[]
5605630,5606430,NA,OLN,0.0,143,pause,NA,NA,NA,NA,0.0,0,-15.15,-3.63,[],0,0,[],[]
5606430,5607400,NA,NOF,0.0,143,pause,NA,NA,NA,NA,0.0,0,-25.72,-8.87,[],0,0,[],[]
5607400,5608390,NA,OLN,0.0,143,pause,NA,NA,NA,NA,0.0,0,-27.07,-12.5,[],0,0,[],[]
5608390,5609590,NA,NOF,0.0,143,pause,NA,NA,NA,NA,0.0,0,-15.46,-3.52,[],0,0,[],[]
5609590,5612040,NA,OLN,0.0,143,pause,NA,NA,NA,NA,0.0,0,-21.93,-3.28,[],0,0,[],[]
5612040,5612870,NA,NOF,0.0,143,pause,NA,NA,NA,NA,0.0,0,-14.34,-3.67,[],0,0,[],[]
5612870,5614790,NA,OLN,0.0,143,pause,NA,NA,NA,NA,0.0,0,-21.15,-9.91,[],0,0,[],[]
5614790,5615640,NA,NOF,0.0,143,pause,NA,NA,NA,NA,0.0,0,-15.67,-4.15,[],0,0,[],[]
5615640,5617180,NA,FAF,0.0,143,pause,NA,NA,NA,NA,0.0,0,-32.93,-12.5,[],0,0,[],[]
5617180,5617980,NA,OLF,0.0,143,pause,NA,NA,NA,NA,0.0,0,-32.89,-18.85,[],0,0,[],[]
5617980,5619310,NA,OLN,0.0,143,pause,NA,NA,NA,NA,0.0,0,-20.34,-6.59,[],0,0,[],[]
5619310,5620410,FEM,FAN,6.09,143,AMF,EC,0,NT,FI,0.0,0,-26.02,-11.98,[],0,0,[],[]
5620410,5621240,NA,OLN,0.0,144,pause,NA,NA,NA,NA,0.0,0,-29.71,-18.37,[],0,0,[],[]
5621240,5622070,NA,NON,0.0,144,pause,NA,NA,NA,NA,0.0,0,-16.43,-3.79,[],0,0,[],[]
5622070,5624150,NA,OLN,0.0,144,pause,NA,NA,NA,NA,0.0,0,-23.66,-5.82,[],0,0,[],[]
5624150,5625200,NA,NOF,0.0,144,pause,NA,NA,NA,NA,0.0,0,-17.44,-4.67,[],0,0,[],[]
5625200,5629330,NA,OLF,0.0,144,pause,NA,NA,NA,NA,0.0,0,-18.56,-3.71,[],0,0,[],[]
5629330,5630780,NA,NOF,0.0,144,pause,NA,NA,NA,NA,0.0,0,-17.95,-3.75,[],0,0,[],[]
5630780,5631580,NA,OLF,0.0,144,pause,NA,NA,NA,NA,0.0,0,-18.31,-4.38,[],0,0,[],[]
5631580,5632380,NA,NOF,0.0,144,pause,NA,NA,NA,NA,0.0,0,-23.97,-11.34,[],0,0,[],[]
5632380,5635880,NA,OLN,0.0,144,pause,NA,NA,NA,NA,0.0,0,-18.78,-3.75,[],0,0,[],[]
5635880,5636690,NA,NOF,0.0,144,pause,NA,NA,NA,NA,0.0,0,-22.93,-6.69,[],0,0,[],[]
5636690,5638640,NA,OLN,0.0,144,pause,NA,NA,NA,NA,0.0,0,-18.13,-5.98,[],0,0,[],[]
5638640,5639930,NA,NOF,0.0,144,pause,NA,NA,NA,NA,0.0,0,-15.45,-3.46,[],0,0,[],[]
5639930,5640580,NA,CHF,0.0,144,pause,NA,NA,NA,NA,0.0,0,-24.11,-8.55,[],0,90,[],"[{'start': 5640.32, 'end': 5640.41}]"
5640580,5641410,NA,SIL,0.0,144,pause,NA,NA,NA,NA,0.0,0,-50.52,-45.97,[],0,0,[],[]
5641410,5642030,NA,OLN,0.0,144,pause,NA,NA,NA,NA,0.0,0,-20.31,-5.76,[],0,0,[],[]
5642030,5643470,OCH,CXN,0.0,144,XM,EC,0,NT,FI,0.0,0,-15.72,-6.65,[],0,0,[],[]
5643470,5644400,NA,NON,0.0,145,pause,NA,NA,NA,NA,0.0,0,-21.3,-10.14,[],0,0,[],[]
5644400,5645220,NA,OLN,0.0,145,pause,NA,NA,NA,NA,0.0,0,-18.95,-3.9,[],0,0,[],[]
5645220,5646850,NA,NON,0.0,145,pause,NA,NA,NA,NA,0.0,0,-21.92,-10.32,[],0,0,[],[]
5646850,5648050,NA,OLF,0.0,145,pause,NA,NA,NA,NA,0.0,0,-20.46,-6.07,[],0,0,[],[]
5648050,5648870,NA,OLN,0.0,145,pause,NA,NA,NA,NA,0.0,0,-13.48,-2.16,[],0,0,[],[]
5648870,5650250,NA,OLF,0.0,145,pause,NA,NA,NA,NA,0.0,0,-20.7,-6.24,[],0,0,[],[]
5650250,5651860,NA,SIL,0.0,145,pause,NA,NA,NA,NA,0.0,0,-46.46,-34.47,[],0,0,[],[]
5651860,5653710,NA,TVF,0.0,145,pause,NA,NA,NA,NA,0.0,0,-48.57,-41.98,[],0,0,[],[]
5653710,5654590,NA,SIL,0.0,145,pause,NA,NA,NA,NA,0.0,0,-27.8,-9.57,[],0,0,[],[]
5654590,5655190,NA,MAF,0.0,145,pause,NA,NA,NA,NA,0.0,0,-33.94,-20.83,[],0,0,[],[]
5655190,5656330,NA,TVN,0.0,145,pause,NA,NA,NA,NA,0.0,0,-49.35,-43.76,[],0,0,[],[]
5656330,5660390,NA,SIL,0.0,145,pause,NA,NA,NA,NA,0.0,0,-50.84,-41.8,[],0,0,[],[]
5660390,5661190,NA,NOF,0.0,145,pause,NA,NA,NA,NA,0.0,0,-36.85,-18.61,[],0,0,[],[]
5661190,5662160,NA,SIL,0.0,145,pause,NA,NA,NA,NA,0.0,0,-53.04,-46.43,[],0,0,[],[]
5662160,5664690,NA,TVN,0.0,145,pause,NA,NA,NA,NA,0.0,0,-51.17,-42.72,[],0,0,[],[]
5664690,5665500,NA,SIL,0.0,145,pause,NA,NA,NA,NA,0.0,0,-52.74,-45.9,[],0,0,[],[]
5665500,5666920,NA,TVF,0.0,145,pause,NA,NA,NA,NA,0.0,0,-48.35,-43.46,[],0,0,[],[]
5666920,5667720,NA,SIL,0.0,145,pause,NA,NA,NA,NA,0.0,0,-51.01,-43.03,[],0,0,[],[]
5667720,5668520,NA,NOF,0.0,145,pause,NA,NA,NA,NA,0.0,0,-25.08,-10.64,[],0,0,[],[]
5668520,5669520,NA,TVN,0.0,145,pause,NA,NA,NA,NA,0.0,0,-50.57,-40.47,[],0,0,[],[]
5669520,5673390,NA,SIL,0.0,145,pause,NA,NA,NA,NA,0.0,0,-54.92,-46.59,[],0,0,[],[]
5673390,5680090,NA,TVN,0.0,145,pause,NA,NA,NA,NA,0.0,0,-48.02,-37.26,[],0,0,[],[]
5680090,5681110,NA,SIL,0.0,145,pause,NA,NA,NA,NA,0.0,0,-50.46,-38.99,[],0,0,[],[]
5681110,5682760,NA,TVN,0.0,145,pause,NA,NA,NA,NA,0.0,0,-49.26,-39.2,[],0,0,[],[]
5682760,5683560,NA,OLF,0.0,145,pause,NA,NA,NA,NA,0.0,0,-17.79,-4.43,[],0,0,[],[]
5683560,5684380,NA,CHF,0.0,145,pause,NA,NA,NA,NA,0.0,0,-28.39,-12.02,[],0,140,[],"[{'start': 5684.24, 'end': 5684.38}]"
5684380,5685700,NA,NOF,0.0,145,pause,NA,NA,NA,NA,0.0,0,-18.09,-4.85,[],0,0,[],[]
5685700,5686710,FEM,FAN,4.37,145,AIOCCXF,BC,0,NT,FI,0.0,0,-29.99,-19.37,[],0,0,[],[]
5686710,5687710,MAL,MAN,4.52,145,AIOCCXF,RC,0,NT,FI,0.0,0,-22.85,-10.35,[],0,0,[],[]
5687710,5690100,NA,OLN,0.0,145,AIOCCXF,NA,NA,NA,NA,0.0,0,-22.39,-7.82,[],0,0,[],[]
5690100,5691560,OCH,CXN,0.0,145,AIOCCXF,RC,0,NT,FI,0.0,0,-30.31,-16.41,[],0,0,[],[]
5691560,5692560,MAL,MAN,1.36,145,AIOCCXF,RC,0,NT,FI,0.0,0,-29.59,-16.74,[],0,0,[],[]
5692560,5693360,NA,OLN,0.0,145,AIOCCXF,NA,NA,NA,NA,0.0,0,-30.0,-13.95,[],0,0,[],[]
5693360,5694540,OCH,CXN,0.0,145,AIOCCXF,RC,0,NT,FI,0.0,0,-32.43,-24.88,[],0,0,[],[]
5694540,5695680,FEM,FAN,5.68,145,AIOCCXF,RC,0,NT,FI,0.0,0,-29.51,-20.29,[],0,0,[],[]
5695680,5696600,OCH,CXN,0.0,145,AIOCCXF,RC,0,NT,FI,0.0,0,-30.44,-20.49,[],0,0,[],[]
5696600,5697400,NA,OLN,0.0,145,AIOCCXF,NA,NA,NA,NA,0.0,0,-26.93,-12.9,[],0,0,[],[]
5697400,5698900,NA,NOF,0.0,145,AIOCCXF,NA,NA,NA,NA,0.0,0,-28.17,-11.87,[],0,0,[],[]
5698900,5700000,FEM,FAN,2.82,145,AIOCCXF,RC,0,NT,FI,0.0,0,-27.49,-13.89,[],0,0,[],[]
5700000,5701000,NA,TVF,0.0,145,AIOCCXF,NA,NA,NA,NA,0.0,0,-41.27,-28.15,[],0,0,[],[]
5701000,5702500,NA,NOF,0.0,145,AIOCCXF,NA,NA,NA,NA,0.0,0,-25.5,-9.37,[],0,0,[],[]
5702500,5703770,MAL,MAN,5.77,145,AIOCCXF,RC,0,NT,FI,0.0,0,-18.03,-3.45,[],0,0,[],[]
5703770,5704660,NA,NON,0.0,145,AIOCCXF,NA,NA,NA,NA,0.0,0,-19.21,-2.05,[],0,0,[],[]
5704660,5705470,OCH,CXN,0.0,145,AIOCCXF,RC,0,NT,FI,0.0,0,-24.2,-17.93,[],0,0,[],[]
5705470,5706100,OCH,CXN,0.0,145,AIOCCXF,RC,0,NT,FH,0.0,0,-25.72,-22.09,[],0,0,[],[]
5706100,5707660,OCH,CXN,0.0,145,AIOCCXF,RC,0,NT,FH,0.0,0,-29.84,-23.04,[],0,0,[],[]
5707660,5708300,NA,CHF,0.0,145,AIOCCXF,RC,0,NT,FI,2.0,220,-27.49,-12.38,"[{'Canonical-syllable': '0', 'Growl': '1', 'High-freq-energy': '0', 'Long-island': '0', 'Low-tilt-spectrum': '0', 'Medium-island': '0', 'Short-island': '0', 'Squeal': '0', 'Typical-entropy': '1', 'Voicing-quality': '0', 'Wide-band': '0', 'Xlong-island': '0', 'seq': '1', 'end': 5707.75, 'start': 5707.66}, {'Canonical-syllable': '0', 'Growl': '1', 'High-freq-energy': '0', 'Long-island': '0', 'Low-tilt-spectrum': '1', 'Medium-island': '0', 'Short-island': '0', 'Squeal': '0', 'Typical-entropy': '1', 'Voicing-quality': '0', 'Wide-band': '0', 'Xlong-island': '0', 'seq': '2', 'end': 5708.3, 'start': 5708.17}]",0,0,[],[]
5708300,5709310,NA,NON,0.0,145,AIOCCXF,NA,NA,NA,NA,0.0,0,-16.68,-5.49,[],0,0,[],[]
5709310,5710910,CHI,CHN,0.0,145,AIOCCXF,RC,0,NT,FH,2.0,820,-21.93,-13.01,"[{'Canonical-syllable': '2', 'Growl': '0', 'High-freq-energy': '0', 'Long-island': '0', 'Low-tilt-spectrum': '0', 'Medium-island': '1', 'Short-island': '1', 'Squeal': '0', 'Typical-entropy': '0', 'Voicing-quality': '2', 'Wide-band': '0', 'Xlong-island': '0', 'seq': '1', 'end': 5710.02, 'start': 5709.31}, {'Canonical-syllable': '0', 'Growl': '0', 'High-freq-energy': '0', 'Long-island': '0', 'Low-tilt-spectrum': '0', 'Medium-island': '0', 'Short-island': '0', 'Squeal': '0', 'Typical-entropy': '0', 'Voicing-quality': '1', 'Wide-band': '0', 'Xlong-island': '0', 'seq': '2', 'end': 5710.91, 'start': 5710.8}]",0,0,[],[]
5710910,5711940,NA,OLN,0.0,145,AIOCCXF,NA,NA,NA,NA,0.0,0,-30.72,-25.45,[],0,0,[],[]
5711940,5712980,NA,SIL,0.0,145,AIOCCXF,NA,NA,NA,NA,0.0,0,-46.64,-38.94,[],0,0,[],[]
5712980,5713810,OCH,CXN,0.0,145,AIOCCXF,RC,0,NT,FI,0.0,0,-30.26,-21.93,[],0,0,[],[]
5713810,5714980,FEM,FAN,6.63,145,AIOCCXF,RC,0,NT,FI,0.0,0,-28.28,-21.24,[],0,0,[],[]
5714980,5716460,OCH,CXN,0.0,145,AIOCCXF,RC,0,NT,FI,0.0,0,-25.7,-15.26,[],0,0,[],[]
5716460,5717670,MAL,MAN,6.88,145,AIOCCXF,RC,0,NT,FI,0.0,0,-31.64,-24.69,[],0,0,[],[]
5717670,5718770,OCH,CXN,0.0,145,AIOCCXF,RC,0,NT,FI,0.0,0,-31.18,-21.18,[],0,0,[],[]
5718770,5721630,FEM,FAN,11.45,145,AIOCCXF,RC,0,NT,FI,0.0,0,-26.81,-18.85,[],0,0,[],[]
5721630,5722430,NA,SIL,0.0,145,AIOCCXF,NA,NA,NA,NA,0.0,0,-40.23,-30.21,[],0,0,[],[]
5722430,5723250,OCH,CXN,0.0,145,AIOCCXF,RC,0,NT,FI,0.0,0,-28.68,-21.82,[],0,0,[],[]
5723250,5724050,NA,SIL,0.0,145,AIOCCXF,NA,NA,NA,NA,0.0,0,-45.25,-31.77,[],0,0,[],[]
5724050,5724850,OCH,CXN,0.0,145,AIOCCXF,RC,0,NT,FH,0.0,0,-34.51,-27.26,[],0,0,[],[]
5724850,5725650,NA,SIL,0.0,145,AIOCCXF,NA,NA,NA,NA,0.0,0,-52.82,-43.77,[],0,0,[],[]
5725650,5726680,FEM,FAN,4.12,145,AIOCCXF,RC,0,NT,FI,0.0,0,-30.8,-21.18,[],0,0,[],[]
5726680,5728000,NA,SIL,0.0,145,AIOCCXF,NA,NA,NA,NA,0.0,0,-51.24,-44.0,[],0,0,[],[]
5728000,5729090,FEM,FAN,4.99,145,AIOCCXF,RC,0,NT,FH,0.0,0,-34.62,-27.42,[],0,0,[],[]
5729090,5729900,NA,SIL,0.0,145,AIOCCXF,NA,NA,NA,NA,0.0,0,-51.37,-46.21,[],0,0,[],[]
5729900,5730730,NA,NOF,0.0,145,AIOCCXF,NA,NA,NA,NA,0.0,0,-47.91,-39.1,[],0,0,[],[]
5730730,5731710,OCH,CXN,0.0,145,AIOCCXF,RC,0,NT,FI,0.0,0,-30.13,-18.26,[],0,0,[],[]
5731710,5733150,FEM,FAN,7.48,145,AIOCCXF,RC,0,NT,FI,0.0,0,-30.36,-20.5,[],0,0,[],[]
5733150,5734040,NA,OLN,0.0,145,AIOCCXF,NA,NA,NA,NA,0.0,0,-19.08,-4.16,[],0,0,[],[]
5734040,5735250,OCH,CXN,0.0,145,AIOCCXF,RC,0,NT,FI,0.0,0,-21.97,-14.06,[],0,0,[],[]
5735250,5736250,OCH,CXN,0.0,145,AIOCCXF,RC,0,NT,FH,0.0,0,-30.57,-22.47,[],0,0,[],[]
5736250,5737050,NA,OLN,0.0,145,AIOCCXF,NA,NA,NA,NA,0.0,0,-23.12,-13.13,[],0,0,[],[]
5737050,5737850,OCH,CXN,0.0,145,AIOCCXF,EC,0,NT,FH,0.0,0,-24.43,-15.56,[],0,0,[],[]
5737850,5738820,NA,OLF,0.0,146,pause,NA,NA,NA,NA,0.0,0,-31.46,-18.06,[],0,0,[],[]
5738820,5739450,CHI,CHN,0.0,146,pause,NA,NA,NA,NA,0.0,0,-27.75,-17.06,[],0,630,[],"[{'start': 5738.82, 'end': 5739.45}]"
5739450,5740270,NA,FAF,0.0,146,pause,NA,NA,NA,NA,0.0,0,-32.8,-22.56,[],0,0,[],[]
5740270,5741670,NA,OLN,0.0,146,pause,NA,NA,NA,NA,0.0,0,-24.64,-8.95,[],0,0,[],[]
5741670,5743270,NA,NOF,0.0,146,pause,NA,NA,NA,NA,0.0,0,-18.43,-5.5,[],0,0,[],[]
5743270,5744070,NA,SIL,0.0,146,pause,NA,NA,NA,NA,0.0,0,-40.92,-27.91,[],0,0,[],[]
5744070,5747760,NA,TVF,0.0,146,pause,NA,NA,NA,NA,0.0,0,-45.55,-38.57,[],0,0,[],[]
5747760,5748560,NA,SIL,0.0,146,pause,NA,NA,NA,NA,0.0,0,-49.43,-45.91,[],0,0,[],[]
5748560,5752370,NA,TVF,0.0,146,pause,NA,NA,NA,NA,0.0,0,-51.3,-42.61,[],0,0,[],[]
5752370,5753790,NA,NOF,0.0,146,pause,NA,NA,NA,NA,0.0,0,-37.31,-26.29,[],0,0,[],[]
5753790,5755200,NA,CXF,0.0,146,pause,NA,NA,NA,NA,0.0,0,-49.1,-43.09,[],0,0,[],[]
5755200,5759120,NA,TVF,0.0,146,pause,NA,NA,NA,NA,0.0,0,-50.41,-42.72,[],0,0,[],[]
5759120,5759920,NA,SIL,0.0,146,pause,NA,NA,NA,NA,0.0,0,-50.03,-42.27,[],0,0,[],[]
5759920,5760520,NA,OLF,0.0,146,pause,NA,NA,NA,NA,0.0,0,-39.47,-31.15,[],0,0,[],[]
5760520,5761320,NA,SIL,0.0,146,pause,NA,NA,NA,NA,0.0,0,-48.27,-34.29,[],0,0,[],[]
5761320,5764510,NA,NOF,0.0,146,pause,NA,NA,NA,NA,0.0,0,-41.35,-29.93,[],0,0,[],[]
5764510,5769210,NA,TVF,0.0,146,pause,NA,NA,NA,NA,0.0,0,-52.58,-38.74,[],0,0,[],[]
5769210,5773430,NA,NOF,0.0,146,pause,NA,NA,NA,NA,0.0,0,-17.67,-0.74,[],0,0,[],[]
5773430,5775600,NA,OLN,0.0,146,pause,NA,NA,NA,NA,0.0,0,-16.52,-3.69,[],0,0,[],[]
5775600,5776230,CHI,CHN,0.0,146,CIC,BC,0,TIFI,FI,1.0,630,-12.89,-5.95,"[{'Canonical-syllable': '0', 'Growl': '1', 'High-freq-energy': '0', 'Long-island': '0', 'Low-tilt-spectrum': '0', 'Medium-island': '1', 'Short-island': '1', 'Squeal': '0', 'Typical-entropy': '1', 'Voicing-quality': '2', 'Wide-band': '0', 'Xlong-island': '0', 'seq': '1', 'end': 5776.23, 'start': 5775.6}]",0,0,[],[]
5776230,5777630,FEM,FAN,5.44,146,CIC,RC,1,TIFR,FI,0.0,0,-27.27,-18.92,[],0,0,[],[]
5777630,5778430,NA,OLN,0.0,146,CIC,NA,NA,NA,NA,0.0,0,-36.69,-26.04,[],0,0,[],[]
5778430,5781070,OCH,CXN,0.0,146,CIC,RC,1,NT,FI,0.0,0,-28.32,-17.67,[],0,0,[],[]
5781070,5782700,NA,NOF,0.0,146,CIC,NA,NA,NA,NA,0.0,0,-28.18,-17.33,[],0,0,[],[]
5782700,5783680,OCH,CXN,0.0,146,CIC,RC,1,NT,FH,0.0,0,-31.89,-21.39,[],0,0,[],[]
5783680,5784520,NA,OLN,0.0,146,CIC,NA,NA,NA,NA,0.0,0,-15.47,-2.35,[],0,0,[],[]
5784520,5785790,NA,NOF,0.0,146,CIC,NA,NA,NA,NA,0.0,0,-21.57,-5.05,[],0,0,[],[]
5785790,5786390,CHI,CHN,0.0,146,CIC,EC,1,NT,FI,1.0,600,-17.19,-7.57,"[{'Canonical-syllable': '0', 'Growl': '1', 'High-freq-energy': '0', 'Long-island': '0', 'Low-tilt-spectrum': '1', 'Medium-island': '1', 'Short-island': '0', 'Squeal': '0', 'Typical-entropy': '1', 'Voicing-quality': '1', 'Wide-band': '0', 'Xlong-island': '0', 'seq': '1', 'end': 5786.39, 'start': 5785.93}]",0,0,[],[]
5786390,5788670,NA,OLN,0.0,147,pause,NA,NA,NA,NA,0.0,0,-17.23,-3.73,[],0,0,[],[]
5788670,5789600,NA,NOF,0.0,147,pause,NA,NA,NA,NA,0.0,0,-25.58,-16.52,[],0,0,[],[]
5789600,5791500,NA,OLN,0.0,147,pause,NA,NA,NA,NA,0.0,0,-21.9,-10.87,[],0,0,[],[]
5791500,5792530,NA,NOF,0.0,147,pause,NA,NA,NA,NA,0.0,0,-25.25,-19.13,[],0,0,[],[]
5792530,5794630,NA,OLN,0.0,147,pause,NA,NA,NA,NA,0.0,0,-24.61,-6.88,[],0,0,[],[]
5794630,5795470,NA,NOF,0.0,147,pause,NA,NA,NA,NA,0.0,0,-24.15,-10.0,[],0,0,[],[]
5795470,5796310,NA,OLF,0.0,147,pause,NA,NA,NA,NA,0.0,0,-23.86,-11.46,[],0,0,[],[]
5796310,5797220,NA,NOF,0.0,147,pause,NA,NA,NA,NA,0.0,0,-24.71,-12.13,[],0,0,[],[]
5797220,5798650,OCH,CXN,0.0,147,XIOCAC,BC,0,NT,FI,0.0,0,-27.39,-10.91,[],0,0,[],[]
5798650,5799450,NA,SIL,0.0,147,XIOCAC,NA,NA,NA,NA,0.0,0,-48.6,-37.56,[],0,0,[],[]
5799450,5800390,OCH,CXN,0.0,147,XIOCAC,RC,0,NT,FH,0.0,0,-39.67,-32.86,[],0,0,[],[]
5800390,5801390,NA,TVN,0.0,147,XIOCAC,NA,NA,NA,NA,0.0,0,-42.2,-36.64,[],0,0,[],[]
5801390,5802320,NA,SIL,0.0,147,XIOCAC,NA,NA,NA,NA,0.0,0,-54.66,-48.03,[],0,0,[],[]
5802320,5803120,NA,MAF,0.0,147,XIOCAC,NA,NA,NA,NA,0.0,0,-52.57,-48.88,[],0,0,[],[]
5803120,5804430,OCH,CXN,0.0,147,XIOCAC,RC,0,NT,FH,0.0,0,-32.95,-26.25,[],0,0,[],[]
5804430,5805100,CHI,CHN,0.0,147,XIOCAC,RC,0,NT,FI,2.0,210,-13.18,-3.25,"[{'Canonical-syllable': '0', 'Growl': '0', 'High-freq-energy': '0', 'Long-island': '0', 'Low-tilt-spectrum': '0', 'Medium-island': '0', 'Short-island': '0', 'Squeal': '0', 'Typical-entropy': '0', 'Voicing-quality': '0', 'Wide-band': '0', 'Xlong-island': '0', 'seq': '1', 'end': 5804.51, 'start': 5804.43}, {'Canonical-syllable': '0', 'Growl': '0', 'High-freq-energy': '0', 'Long-island': '0', 'Low-tilt-spectrum': '1', 'Medium-island': '0', 'Short-island': '0', 'Squeal': '1', 'Typical-entropy': '1', 'Voicing-quality': '1', 'Wide-band': '0', 'Xlong-island': '0', 'seq': '2', 'end': 5805.1, 'start': 5804.97}]",0,0,[],[]
5805100,5805900,OCH,CXN,0.0,147,XIOCAC,RC,0,NT,FI,0.0,0,-18.68,-9.33,[],0,0,[],[]
5805900,5807030,NA,MAF,0.0,147,XIOCAC,NA,NA,NA,NA,0.0,0,-43.98,-39.64,[],0,0,[],[]
5807030,5807950,OCH,CXN,0.0,147,XIOCAC,RC,0,NT,FH,0.0,0,-36.28,-29.39,[],0,0,[],[]
5807950,5812690,NA,SIL,0.0,147,XIOCAC,NA,NA,NA,NA,0.0,0,-47.03,-35.18,[],0,0,[],[]
5812690,5815560,FEM,FAN,9.43,147,XIOCAC,RC,0,NT,FI,0.0,0,-28.95,-16.81,[],0,0,[],[]
5815560,5817610,MAL,MAN,7.57,147,XIOCAC,RC,0,NT,FI,0.0,0,-34.35,-23.81,[],0,0,[],[]
5817610,5819630,NA,SIL,0.0,147,XIOCAC,NA,NA,NA,NA,0.0,0,-53.68,-47.35,[],0,0,[],[]
5819630,5820640,NA,TVF,0.0,147,XIOCAC,NA,NA,NA,NA,0.0,0,-40.83,-28.56,[],0,0,[],[]
5820640,5822890,MAL,MAN,8.91,147,XIOCAC,RC,0,NT,FH,0.0,0,-33.04,-21.72,[],0,0,[],[]
5822890,5824090,OCH,CXN,0.0,147,XIOCAC,RC,0,NT,FI,0.0,0,-30.75,-21.26,[],0,0,[],[]
5824090,5824940,NA,OLF,0.0,147,XIOCAC,NA,NA,NA,NA,0.0,0,-36.2,-25.58,[],0,0,[],[]
5824940,5826590,OCH,CXN,0.0,147,XIOCAC,RC,0,NT,FH,0.0,0,-28.19,-17.47,[],0,0,[],[]
5826590,5828260,NA,TVF,0.0,147,XIOCAC,NA,NA,NA,NA,0.0,0,-46.75,-37.56,[],0,0,[],[]
5828260,5830500,NA,NOF,0.0,147,XIOCAC,NA,NA,NA,NA,0.0,0,-48.56,-42.64,[],0,0,[],[]
5830500,5831370,OCH,CXN,0.0,147,XIOCAC,RC,0,NT,FH,0.0,0,-31.26,-19.62,[],0,0,[],[]
5831370,5832810,NA,MAF,0.0,147,XIOCAC,NA,NA,NA,NA,0.0,0,-44.91,-38.27,[],0,0,[],[]
5832810,5834590,OCH,CXN,0.0,147,XIOCAC,RC,0,NT,FH,0.0,0,-27.08,-17.95,[],0,0,[],[]
5834590,5835400,NA,SIL,0.0,147,XIOCAC,NA,NA,NA,NA,0.0,0,-52.93,-42.91,[],0,0,[],[]
5835400,5836400,MAL,MAN,7.89,147,XIOCAC,RC,0,NT,FI,0.0,0,-36.45,-29.72,[],0,0,[],[]
5836400,5837200,OCH,CXN,0.0,147,XIOCAC,RC,0,NT,FI,0.0,0,-43.06,-34.7,[],0,0,[],[]
5837200,5839220,NA,TVF,0.0,147,XIOCAC,NA,NA,NA,NA,0.0,0,-54.3,-47.51,[],0,0,[],[]
5839220,5841080,MAL,MAN,6.84,147,XIOCAC,RC,0,NT,FI,0.0,0,-35.21,-27.84,[],0,0,[],[]
5841080,5841890,OCH,CXN,0.0,147,XIOCAC,EC,0,NT,FI,0.0,0,-37.43,-28.73,[],0,0,[],[]
5841890,5843040,NA,OLN,0.0,148,pause,NA,NA,NA,NA,0.0,0,-33.4,-22.85,[],0,0,[],[]
5843040,5844040,MAL,MAN,0.0,148,pause,NA,NA,NA,NA,0.0,0,-32.73,-25.48,[],1000,0,[],[]
5844040,5844920,NA,SIL,0.0,148,pause,NA,NA,NA,NA,0.0,0,-54.18,-49.48,[],0,0,[],[]
5844920,5846040,NA,TVN,0.0,148,pause,NA,NA,NA,NA,0.0,0,-51.23,-38.64,[],0,0,[],[]
5846040,5847350,NA,SIL,0.0,148,pause,NA,NA,NA,NA,0.0,0,-55.6,-48.57,[],0,0,[],[]
5847350,5848390,OCH,CXN,0.0,148,XIOCA,BC,0,NT,FI,0.0,0,-36.81,-24.83,[],0,0,[],[]
5848390,5849390,NA,TVF,0.0,148,XIOCA,NA,NA,NA,NA,0.0,0,-45.0,-33.43,[],0,0,[],[]
5849390,5850580,MAL,MAN,8.76,148,XIOCA,RC,0,NT,FI,0.0,0,-32.89,-24.14,[],0,0,[],[]
5850580,5855480,OCH,CXN,0.0,148,XIOCA,RC,0,NT,FI,0.0,0,-30.78,-20.28,[],0,0,[],[]
5855480,5856730,OCH,CXN,0.0,148,XIOCA,RC,0,NT,FH,0.0,0,-27.67,-23.52,[],0,0,[],[]
5856730,5863470,OCH,CXN,0.0,148,XIOCA,RC,0,NT,FH,0.0,0,-30.48,-20.52,[],0,0,[],[]
5863470,5864490,FEM,FAN,6.29,148,XIOCA,RC,0,NT,FI,0.0,0,-40.72,-34.92,[],0,0,[],[]
5864490,5866990,OCH,CXN,0.0,148,XIOCA,RC,0,NT,FI,0.0,0,-33.78,-24.71,[],0,0,[],[]
5866990,5868370,OCH,CXN,0.0,148,XIOCA,RC,0,NT,FH,0.0,0,-30.35,-25.96,[],0,0,[],[]
5868370,5869390,OCH,CXN,0.0,148,XIOCA,RC,0,NT,FH,0.0,0,-35.69,-30.36,[],0,0,[],[]
5869390,5870830,MAL,MAN,9.11,148,XIOCA,RC,0,NT,FI,0.0,0,-23.89,-14.13,[],0,0,[],[]
5870830,5871430,OCH,CXN,0.0,148,XIOCA,RC,0,NT,FI,0.0,0,-31.21,-24.05,[],0,0,[],[]
5871430,5874210,MAL,MAN,11.72,148,XIOCA,RC,0,NT,FI,0.0,0,-28.83,-21.01,[],0,0,[],[]
5874210,5876740,NA,SIL,0.0,148,XIOCA,NA,NA,NA,NA,0.0,0,-52.8,-42.44,[],0,0,[],[]
5876740,5877800,FEM,FAN,4.77,148,XIOCA,EC,0,NT,FI,0.0,0,-43.58,-34.46,[],0,0,[],[]
5877800,5879470,NA,TVF,0.0,149,pause,NA,NA,NA,NA,0.0,0,-54.57,-49.77,[],0,0,[],[]
5879470,5882070,NA,SIL,0.0,149,pause,NA,NA,NA,NA,0.0,0,-53.69,-45.48,[],0,0,[],[]
5882070,5883550,NA,NOF,0.0,149,pause,NA,NA,NA,NA,0.0,0,-44.05,-34.61,[],0,0,[],[]
5883550,5890600,NA,SIL,0.0,149,pause,NA,NA,NA,NA,0.0,0,-54.41,-45.31,[],0,0,[],[]
5890600,5892070,NA,TVF,0.0,149,pause,NA,NA,NA,NA,0.0,0,-54.33,-48.62,[],0,0,[],[]
5892070,5893770,NA,SIL,0.0,149,pause,NA,NA,NA,NA,0.0,0,-55.58,-50.92,[],0,0,[],[]
5893770,5895480,NA,TVF,0.0,149,pause,NA,NA,NA,NA,0.0,0,-55.43,-47.86,[],0,0,[],[]
5895480,5896700,NA,SIL,0.0,149,pause,NA,NA,NA,NA,0.0,0,-54.45,-48.09,[],0,0,[],[]
5896700,5897700,MAL,MAN,4.62,149,AIOCM,BC,0,NT,FI,0.0,0,-33.47,-27.39,[],0,0,[],[]
5897700,5898500,OCH,CXN,0.0,149,AIOCM,RC,0,NT,FI,0.0,0,-45.35,-36.0,[],0,0,[],[]
5898500,5899940,NA,SIL,0.0,149,AIOCM,NA,NA,NA,NA,0.0,0,-49.29,-40.79,[],0,0,[],[]
5899940,5900970,NA,TVF,0.0,149,AIOCM,NA,NA,NA,NA,0.0,0,-50.67,-46.47,[],0,0,[],[]
5900970,5902320,MAL,MAN,7.83,149,AIOCM,EC,0,NT,FI,0.0,0,-28.31,-19.58,[],0,0,[],[]
5902320,5903380,NA,SIL,0.0,150,pause,NA,NA,NA,NA,0.0,0,-52.81,-48.15,[],0,0,[],[]
5903380,5904430,NA,TVN,0.0,150,pause,NA,NA,NA,NA,0.0,0,-51.71,-47.05,[],0,0,[],[]
5904430,5908660,NA,SIL,0.0,150,pause,NA,NA,NA,NA,0.0,0,-51.09,-43.46,[],0,0,[],[]
5908660,5914670,NA,TVF,0.0,150,pause,NA,NA,NA,NA,0.0,0,-50.87,-43.76,[],0,0,[],[]
5914670,5916360,NA,SIL,0.0,150,pause,NA,NA,NA,NA,0.0,0,-48.56,-39.03,[],0,0,[],[]
5916360,5917940,NA,TVF,0.0,150,pause,NA,NA,NA,NA,0.0,0,-49.75,-43.63,[],0,0,[],[]
5917940,5919690,NA,SIL,0.0,150,pause,NA,NA,NA,NA,0.0,0,-49.3,-42.48,[],0,0,[],[]
5919690,5921980,NA,TVF,0.0,150,pause,NA,NA,NA,NA,0.0,0,-50.21,-41.15,[],0,0,[],[]
5921980,5923720,NA,SIL,0.0,150,pause,NA,NA,NA,NA,0.0,0,-52.33,-45.95,[],0,0,[],[]
5923720,5924720,NA,TVF,0.0,150,pause,NA,NA,NA,NA,0.0,0,-51.07,-45.81,[],0,0,[],[]
5924720,5925770,NA,SIL,0.0,150,pause,NA,NA,NA,NA,0.0,0,-52.99,-47.43,[],0,0,[],[]
5925770,5926790,NA,TVF,0.0,150,pause,NA,NA,NA,NA,0.0,0,-50.67,-44.93,[],0,0,[],[]
5926790,5928080,NA,SIL,0.0,150,pause,NA,NA,NA,NA,0.0,0,-52.07,-46.64,[],0,0,[],[]
5928080,5930570,NA,TVF,0.0,150,pause,NA,NA,NA,NA,0.0,0,-50.62,-43.75,[],0,0,[],[]
5930570,5934940,NA,SIL,0.0,150,pause,NA,NA,NA,NA,0.0,0,-49.6,-40.95,[],0,0,[],[]
5934940,5935740,NA,TVF,0.0,150,pause,NA,NA,NA,NA,0.0,0,-48.87,-44.8,[],0,0,[],[]
5935740,5936930,NA,SIL,0.0,150,pause,NA,NA,NA,NA,0.0,0,-47.49,-39.73,[],0,0,[],[]
5936930,5938210,NA,TVN,0.0,150,pause,NA,NA,NA,NA,0.0,0,-49.3,-45.61,[],0,0,[],[]
5938210,5943860,NA,NON,0.0,150,pause,NA,NA,NA,NA,0.0,0,-51.08,-43.47,[],0,0,[],[]
5943860,5944870,NA,TVF,0.0,150,pause,NA,NA,NA,NA,0.0,0,-50.76,-45.87,[],0,0,[],[]
5944870,5946640,NA,SIL,0.0,150,pause,NA,NA,NA,NA,0.0,0,-50.04,-45.67,[],0,0,[],[]
5946640,5947820,NA,TVF,0.0,150,pause,NA,NA,NA,NA,0.0,0,-45.67,-38.87,[],0,0,[],[]
5947820,5949750,NA,SIL,0.0,150,pause,NA,NA,NA,NA,0.0,0,-50.92,-46.62,[],0,0,[],[]
5949750,5953560,NA,TVN,0.0,150,pause,NA,NA,NA,NA,0.0,0,-50.62,-45.48,[],0,0,[],[]
5953560,5954870,NA,SIL,0.0,150,pause,NA,NA,NA,NA,0.0,0,-50.19,-45.64,[],0,0,[],[]
5954870,5956760,NA,TVF,0.0,150,pause,NA,NA,NA,NA,0.0,0,-49.6,-43.04,[],0,0,[],[]
5956760,5957560,NA,SIL,0.0,150,pause,NA,NA,NA,NA,0.0,0,-50.69,-46.96,[],0,0,[],[]
5957560,5959420,NA,TVF,0.0,150,pause,NA,NA,NA,NA,0.0,0,-48.19,-44.17,[],0,0,[],[]
5959420,5966760,NA,SIL,0.0,150,pause,NA,NA,NA,NA,0.0,0,-48.31,-42.38,[],0,0,[],[]
5966760,5967870,NA,TVF,0.0,150,pause,NA,NA,NA,NA,0.0,0,-47.79,-44.13,[],0,0,[],[]
5967870,5969710,NA,SIL,0.0,150,pause,NA,NA,NA,NA,0.0,0,-48.09,-43.73,[],0,0,[],[]
5969710,5970950,OCH,CXN,0.0,150,XIOCA,BC,0,NT,FI,0.0,0,-32.86,-20.59,[],0,0,[],[]
5970950,5972050,MAL,MAN,5.98,150,XIOCA,RC,0,NT,FI,0.0,0,-34.08,-27.9,[],0,0,[],[]
5972050,5973080,OCH,CXN,0.0,150,XIOCA,RC,0,NT,FI,0.0,0,-20.7,-13.19,[],0,0,[],[]
5973080,5974100,MAL,MAN,5.08,150,XIOCA,RC,0,NT,FI,0.0,0,-34.64,-27.08,[],0,0,[],[]
5974100,5974910,NA,NOF,0.0,150,XIOCA,NA,NA,NA,NA,0.0,0,-42.82,-33.42,[],0,0,[],[]
5974910,5976000,MAL,MAN,5.86,150,XIOCA,RC,0,NT,FH,0.0,0,-33.63,-28.71,[],0,0,[],[]
5976000,5976800,NA,SIL,0.0,150,XIOCA,NA,NA,NA,NA,0.0,0,-44.37,-35.75,[],0,0,[],[]
5976800,5977600,OCH,CXN,0.0,150,XIOCA,RC,0,NT,FI,0.0,0,-24.05,-19.5,[],0,0,[],[]
5977600,5978430,NA,OLN,0.0,150,XIOCA,NA,NA,NA,NA,0.0,0,-24.12,-19.75,[],0,0,[],[]
5978430,5979230,OCH,CXN,0.0,150,XIOCA,RC,0,NT,FH,0.0,0,-32.88,-25.92,[],0,0,[],[]
5979230,5980400,MAL,MAN,4.46,150,XIOCA,EC,0,NT,FI,0.0,0,-37.4,-30.38,[],0,0,[],[]
5980400,5984920,NA,SIL,0.0,151,pause,NA,NA,NA,NA,0.0,0,-47.91,-40.91,[],0,0,[],[]
5984920,5985920,NA,MAF,0.0,151,pause,NA,NA,NA,NA,0.0,0,-42.24,-32.69,[],0,0,[],[]
5985920,5986970,FEM,FAN,10.21,151,AIOCF,BC,0,NT,FI,0.0,0,-36.02,-27.33,[],0,0,[],[]
5986970,5988600,OCH,CXN,0.0,151,AIOCF,EC,0,NT,FI,0.0,0,-32.96,-24.24,[],0,0,[],[]
5988600,5989820,NA,MAF,0.0,152,pause,NA,NA,NA,NA,0.0,0,-37.14,-27.75,[],0,0,[],[]
5989820,5996880,NA,SIL,0.0,152,pause,NA,NA,NA,NA,0.0,0,-47.72,-42.86,[],0,0,[],[]
5996880,5998270,NA,TVF,0.0,152,pause,NA,NA,NA,NA,0.0,0,-47.23,-44.0,[],0,0,[],[]
5998270,6002490,NA,SIL,0.0,152,pause,NA,NA,NA,NA,0.0,0,-48.24,-41.42,[],0,0,[],[]
6002490,6003290,NA,NOF,0.0,152,pause,NA,NA,NA,NA,0.0,0,-44.67,-36.16,[],0,0,[],[]
6003290,6004940,NA,SIL,0.0,152,pause,NA,NA,NA,NA,0.0,0,-48.31,-44.17,[],0,0,[],[]
6004940,6006350,NA,TVF,0.0,152,pause,NA,NA,NA,NA,0.0,0,-48.02,-44.17,[],0,0,[],[]
6006350,6020750,NA,SIL,0.0,152,pause,NA,NA,NA,NA,0.0,0,-48.22,-43.23,[],0,0,[],[]
6020750,6022390,NA,TVN,0.0,152,pause,NA,NA,NA,NA,0.0,0,-48.31,-44.13,[],0,0,[],[]
6022390,6029350,NA,SIL,0.0,152,pause,NA,NA,NA,NA,0.0,0,-47.38,-42.05,[],0,0,[],[]
6029350,6030350,NA,TVF,0.0,152,pause,NA,NA,NA,NA,0.0,0,-47.46,-42.8,[],0,0,[],[]
6030350,6033550,NA,SIL,0.0,152,pause,NA,NA,NA,NA,0.0,0,-47.43,-43.44,[],0,0,[],[]
6033550,6034560,NA,TVN,0.0,152,pause,NA,NA,NA,NA,0.0,0,-48.07,-44.31,[],0,0,[],[]
6034560,6040260,NA,SIL,0.0,152,pause,NA,NA,NA,NA,0.0,0,-48.8,-41.49,[],0,0,[],[]
6040260,6041710,NA,TVF,0.0,152,pause,NA,NA,NA,NA,0.0,0,-48.87,-43.87,[],0,0,[],[]
6041710,6047860,NA,NON,0.0,152,pause,NA,NA,NA,NA,0.0,0,-50.1,-44.24,[],0,0,[],[]
6047860,6051510,NA,SIL,0.0,152,pause,NA,NA,NA,NA,0.0,0,-50.18,-45.51,[],0,0,[],[]
6051510,6052730,NA,TVN,0.0,152,pause,NA,NA,NA,NA,0.0,0,-48.81,-44.8,[],0,0,[],[]
6052730,6055900,NA,SIL,0.0,152,pause,NA,NA,NA,NA,0.0,0,-50.43,-45.14,[],0,0,[],[]
6055900,6057950,NA,TVF,0.0,152,pause,NA,NA,NA,NA,0.0,0,-50.14,-45.59,[],0,0,[],[]
6057950,6063050,NA,SIL,0.0,152,pause,NA,NA,NA,NA,0.0,0,-48.95,-38.16,[],0,0,[],[]
6063050,6064050,NA,TVF,0.0,152,pause,NA,NA,NA,NA,0.0,0,-49.13,-42.33,[],0,0,[],[]
6064050,6065120,NA,SIL,0.0,152,pause,NA,NA,NA,NA,0.0,0,-50.28,-45.62,[],0,0,[],[]
6065120,6066120,NA,TVN,0.0,152,pause,NA,NA,NA,NA,0.0,0,-49.78,-45.65,[],0,0,[],[]
6066120,6067710,NA,SIL,0.0,152,pause,NA,NA,NA,NA,0.0,0,-50.78,-47.09,[],0,0,[],[]
6067710,6069220,NA,TVF,0.0,152,pause,NA,NA,NA,NA,0.0,0,-49.61,-45.71,[],0,0,[],[]
6069220,6070180,NA,SIL,0.0,152,pause,NA,NA,NA,NA,0.0,0,-50.43,-45.58,[],0,0,[],[]
6070180,6071180,NA,TVN,0.0,152,pause,NA,NA,NA,NA,0.0,0,-50.2,-45.66,[],0,0,[],[]
6071180,6071990,NA,SIL,0.0,152,pause,NA,NA,NA,NA,0.0,0,-50.39,-45.8,[],0,0,[],[]
6071990,6073630,NA,TVN,0.0,152,pause,NA,NA,NA,NA,0.0,0,-49.3,-44.16,[],0,0,[],[]
6073630,6076350,NA,SIL,0.0,152,pause,NA,NA,NA,NA,0.0,0,-50.65,-45.81,[],0,0,[],[]
6076350,6078440,NA,TVN,0.0,152,pause,NA,NA,NA,NA,0.0,0,-50.02,-44.58,[],0,0,[],[]
6078440,6079240,NA,SIL,0.0,152,pause,NA,NA,NA,NA,0.0,0,-48.62,-43.09,[],0,0,[],[]
6079240,6080390,NA,TVN,0.0,152,pause,NA,NA,NA,NA,0.0,0,-49.39,-44.58,[],0,0,[],[]
6080390,6081190,NA,SIL,0.0,152,pause,NA,NA,NA,NA,0.0,0,-50.52,-45.52,[],0,0,[],[]
6081190,6082970,NA,TVF,0.0,152,pause,NA,NA,NA,NA,0.0,0,-49.73,-45.18,[],0,0,[],[]
6082970,6084070,NA,SIL,0.0,152,pause,NA,NA,NA,NA,0.0,0,-50.39,-45.95,[],0,0,[],[]
6084070,6085070,NA,TVF,0.0,152,pause,NA,NA,NA,NA,0.0,0,-48.35,-42.28,[],0,0,[],[]
6085070,6087710,NA,SIL,0.0,152,pause,NA,NA,NA,NA,0.0,0,-48.5,-35.32,[],0,0,[],[]
6087710,6088940,NA,TVF,0.0,152,pause,NA,NA,NA,NA,0.0,0,-49.97,-45.61,[],0,0,[],[]
6088940,6091720,NA,NOF,0.0,152,pause,NA,NA,NA,NA,0.0,0,-42.66,-24.78,[],0,0,[],[]
6091720,6095510,NA,SIL,0.0,152,pause,NA,NA,NA,NA,0.0,0,-48.98,-31.96,[],0,0,[],[]
6095510,6096500,NA,NOF,0.0,152,pause,NA,NA,NA,NA,0.0,0,-46.48,-34.37,[],0,0,[],[]
6096500,6097450,NA,SIL,0.0,152,pause,NA,NA,NA,NA,0.0,0,-50.5,-46.87,[],0,0,[],[]
6097450,6098640,NA,TVN,0.0,152,pause,NA,NA,NA,NA,0.0,0,-50.03,-44.32,[],0,0,[],[]
6098640,6100850,NA,SIL,0.0,152,pause,NA,NA,NA,NA,0.0,0,-50.47,-45.56,[],0,0,[],[]
6100850,6101880,NA,NOF,0.0,152,pause,NA,NA,NA,NA,0.0,0,-44.21,-35.7,[],0,0,[],[]
6101880,6102680,NA,SIL,0.0,152,pause,NA,NA,NA,NA,0.0,0,-49.2,-41.27,[],0,0,[],[]
6102680,6103830,NA,TVF,0.0,152,pause,NA,NA,NA,NA,0.0,0,-48.88,-44.29,[],0,0,[],[]
6103830,6107690,NA,SIL,0.0,152,pause,NA,NA,NA,NA,0.0,0,-49.6,-42.52,[],0,0,[],[]
6107690,6109230,NA,TVF,0.0,152,pause,NA,NA,NA,NA,0.0,0,-47.16,-40.02,[],0,0,[],[]
6109230,6110080,NA,SIL,0.0,152,pause,NA,NA,NA,NA,0.0,0,-49.34,-42.99,[],0,0,[],[]
6110080,6111550,NA,TVF,0.0,152,pause,NA,NA,NA,NA,0.0,0,-48.45,-41.53,[],0,0,[],[]
6111550,6118530,NA,SIL,0.0,152,pause,NA,NA,NA,NA,0.0,0,-49.77,-43.87,[],0,0,[],[]
6118530,6119330,NA,NOF,0.0,152,pause,NA,NA,NA,NA,0.0,0,-44.26,-30.62,[],0,0,[],[]
6119330,6120930,NA,SIL,0.0,152,pause,NA,NA,NA,NA,0.0,0,-45.73,-31.42,[],0,0,[],[]
6120930,6121960,NA,MAF,0.0,152,pause,NA,NA,NA,NA,0.0,0,-47.39,-42.7,[],0,0,[],[]
6121960,6122860,NA,SIL,0.0,152,pause,NA,NA,NA,NA,0.0,0,-47.6,-43.45,[],0,0,[],[]
6122860,6123750,NA,OLF,0.0,152,pause,NA,NA,NA,NA,0.0,0,-44.59,-30.57,[],0,0,[],[]
6123750,6128200,NA,SIL,0.0,152,pause,NA,NA,NA,NA,0.0,0,-46.21,-27.97,[],0,0,[],[]
6128200,6129240,NA,NOF,0.0,152,pause,NA,NA,NA,NA,0.0,0,-45.47,-34.51,[],0,0,[],[]
6129240,6132640,NA,SIL,0.0,152,pause,NA,NA,NA,NA,0.0,0,-47.46,-35.83,[],0,0,[],[]
6132640,6133700,NA,TVF,0.0,152,pause,NA,NA,NA,NA,0.0,0,-46.02,-36.36,[],0,0,[],[]
6133700,6135760,NA,SIL,0.0,152,pause,NA,NA,NA,NA,0.0,0,-46.96,-34.04,[],0,0,[],[]
6135760,6136780,NA,TVF,0.0,152,pause,NA,NA,NA,NA,0.0,0,-45.62,-41.28,[],0,0,[],[]
6136780,6137650,NA,SIL,0.0,152,pause,NA,NA,NA,NA,0.0,0,-47.18,-38.78,[],0,0,[],[]
6137650,6138570,NA,NOF,0.0,152,pause,NA,NA,NA,NA,0.0,0,-38.76,-23.12,[],0,0,[],[]
6138570,6140540,NA,SIL,0.0,152,pause,NA,NA,NA,NA,0.0,0,-48.38,-42.46,[],0,0,[],[]
6140540,6141460,NA,TVF,0.0,152,pause,NA,NA,NA,NA,0.0,0,-46.68,-42.43,[],0,0,[],[]
6141460,6142870,NA,SIL,0.0,152,pause,NA,NA,NA,NA,0.0,0,-48.48,-43.48,[],0,0,[],[]
6142870,6145530,NA,TVN,0.0,152,pause,NA,NA,NA,NA,0.0,0,-48.67,-44.5,[],0,0,[],[]
6145530,6149240,NA,SIL,0.0,152,pause,NA,NA,NA,NA,0.0,0,-48.69,-41.53,[],0,0,[],[]
6149240,6150920,NA,OLF,0.0,152,pause,NA,NA,NA,NA,0.0,0,-21.15,-1.03,[],0,0,[],[]
6150920,6152370,NA,NOF,0.0,152,pause,NA,NA,NA,NA,0.0,0,-35.52,-24.72,[],0,0,[],[]
6152370,6153960,NA,SIL,0.0,152,pause,NA,NA,NA,NA,0.0,0,-46.09,-38.46,[],0,0,[],[]
6153960,6154760,NA,FAF,0.0,152,pause,NA,NA,NA,NA,0.0,0,-46.93,-42.76,[],0,0,[],[]
6154760,6157670,NA,SIL,0.0,152,pause,NA,NA,NA,NA,0.0,0,-48.49,-40.52,[],0,0,[],[]
6157670,6159340,NA,TVN,0.0,152,pause,NA,NA,NA,NA,0.0,0,-49.06,-44.7,[],0,0,[],[]
6159340,6160190,NA,SIL,0.0,152,pause,NA,NA,NA,NA,0.0,0,-28.41,-18.13,[],0,0,[],[]
6160190,6161200,NA,TVF,0.0,152,pause,NA,NA,NA,NA,0.0,0,-44.68,-37.76,[],0,0,[],[]
6161200,6168320,NA,SIL,0.0,152,pause,NA,NA,NA,NA,0.0,0,-47.3,-35.77,[],0,0,[],[]
6168320,6169810,NA,TVN,0.0,152,pause,NA,NA,NA,NA,0.0,0,-49.55,-45.25,[],0,0,[],[]
6169810,6170630,NA,SIL,0.0,152,pause,NA,NA,NA,NA,0.0,0,-47.97,-40.05,[],0,0,[],[]
6170630,6172610,NA,TVN,0.0,152,pause,NA,NA,NA,NA,0.0,0,-48.69,-42.83,[],0,0,[],[]
6172610,6173310,NA,CHF,0.0,152,pause,NA,NA,NA,NA,0.0,0,-44.9,-34.31,[],0,700,[],"[{'start': 6172.61, 'end': 6173.31}]"
6173310,6174490,NA,SIL,0.0,152,pause,NA,NA,NA,NA,0.0,0,-44.88,-28.79,[],0,0,[],[]
6174490,6175490,NA,TVF,0.0,152,pause,NA,NA,NA,NA,0.0,0,-48.74,-43.59,[],0,0,[],[]
6175490,6176290,NA,SIL,0.0,152,pause,NA,NA,NA,NA,0.0,0,-48.45,-44.35,[],0,0,[],[]
6176290,6177090,NA,TVF,0.0,152,pause,NA,NA,NA,NA,0.0,0,-47.25,-42.83,[],0,0,[],[]
6177090,6178430,NA,SIL,0.0,152,pause,NA,NA,NA,NA,0.0,0,-48.96,-42.92,[],0,0,[],[]
6178430,6181470,NA,TVN,0.0,152,pause,NA,NA,NA,NA,0.0,0,-46.35,-40.34,[],0,0,[],[]
6181470,6182660,NA,SIL,0.0,152,pause,NA,NA,NA,NA,0.0,0,-47.54,-43.82,[],0,0,[],[]
6182660,6185120,NA,TVF,0.0,152,pause,NA,NA,NA,NA,0.0,0,-46.98,-41.5,[],0,0,[],[]
6185120,6186300,NA,SIL,0.0,152,pause,NA,NA,NA,NA,0.0,0,-46.72,-39.05,[],0,0,[],[]
6186300,6188940,NA,NOF,0.0,152,pause,NA,NA,NA,NA,0.0,0,-44.74,-33.4,[],0,0,[],[]
6188940,6191680,NA,SIL,0.0,152,pause,NA,NA,NA,NA,0.0,0,-47.82,-40.21,[],0,0,[],[]
6191680,6192690,NA,TVN,0.0,152,pause,NA,NA,NA,NA,0.0,0,-47.82,-42.68,[],0,0,[],[]
6192690,6193900,NA,SIL,0.0,152,pause,NA,NA,NA,NA,0.0,0,-48.81,-43.51,[],0,0,[],[]
6193900,6195830,NA,TVN,0.0,152,pause,NA,NA,NA,NA,0.0,0,-48.87,-42.14,[],0,0,[],[]
6195830,6197040,NA,SIL,0.0,152,pause,NA,NA,NA,NA,0.0,0,-49.74,-43.99,[],0,0,[],[]
6197040,6199480,NA,TVN,0.0,152,pause,NA,NA,NA,NA,0.0,0,-49.75,-43.8,[],0,0,[],[]
6199480,6200460,NA,SIL,0.0,152,pause,NA,NA,NA,NA,0.0,0,-49.65,-42.14,[],0,0,[],[]
6200460,6202150,NA,TVF,0.0,152,pause,NA,NA,NA,NA,0.0,0,-49.78,-44.6,[],0,0,[],[]
6202150,6205740,NA,SIL,0.0,152,pause,NA,NA,NA,NA,0.0,0,-49.86,-45.03,[],0,0,[],[]
6205740,6207030,NA,TVF,0.0,152,pause,NA,NA,NA,NA,0.0,0,-49.01,-43.66,[],0,0,[],[]
6207030,6207970,NA,SIL,0.0,152,pause,NA,NA,NA,NA,0.0,0,-50.15,-45.6,[],0,0,[],[]
6207970,6209090,NA,TVF,0.0,152,pause,NA,NA,NA,NA,0.0,0,-49.16,-43.87,[],0,0,[],[]
6209090,6210160,NA,SIL,0.0,152,pause,NA,NA,NA,NA,0.0,0,-50.37,-46.6,[],0,0,[],[]
6210160,6211160,NA,TVN,0.0,152,pause,NA,NA,NA,NA,0.0,0,-50.34,-44.52,[],0,0,[],[]
6211160,6212180,NA,SIL,0.0,152,pause,NA,NA,NA,NA,0.0,0,-50.61,-42.14,[],0,0,[],[]
6212180,6213520,NA,TVF,0.0,152,pause,NA,NA,NA,NA,0.0,0,-50.04,-45.12,[],0,0,[],[]
6213520,6216840,NA,SIL,0.0,152,pause,NA,NA,NA,NA,0.0,0,-50.64,-45.48,[],0,0,[],[]
6216840,6217850,NA,TVN,0.0,152,pause,NA,NA,NA,NA,0.0,0,-50.6,-46.49,[],0,0,[],[]
6217850,6218660,NA,SIL,0.0,152,pause,NA,NA,NA,NA,0.0,0,-50.62,-46.31,[],0,0,[],[]
6218660,6219660,NA,TVN,0.0,152,pause,NA,NA,NA,NA,0.0,0,-50.2,-46.62,[],0,0,[],[]
6219660,6220460,NA,SIL,0.0,152,pause,NA,NA,NA,NA,0.0,0,-50.88,-46.84,[],0,0,[],[]
6220460,6221710,NA,TVF,0.0,152,pause,NA,NA,NA,NA,0.0,0,-49.94,-45.11,[],0,0,[],[]
6221710,6223450,NA,SIL,0.0,152,pause,NA,NA,NA,NA,0.0,0,-50.86,-45.85,[],0,0,[],[]
6223450,6224570,NA,TVF,0.0,152,pause,NA,NA,NA,NA,0.0,0,-49.37,-35.39,[],0,0,[],[]
6224570,6225370,NA,SIL,0.0,152,pause,NA,NA,NA,NA,0.0,0,-50.63,-47.01,[],0,0,[],[]
6225370,6226480,NA,TVF,0.0,152,pause,NA,NA,NA,NA,0.0,0,-49.79,-44.61,[],0,0,[],[]
6226480,6229690,NA,SIL,0.0,152,pause,NA,NA,NA,NA,0.0,0,-50.07,-41.55,[],0,0,[],[]
6229690,6231050,NA,TVN,0.0,152,pause,NA,NA,NA,NA,0.0,0,-50.71,-46.78,[],0,0,[],[]
6231050,6232870,NA,SIL,0.0,152,pause,NA,NA,NA,NA,0.0,0,-50.5,-43.82,[],0,0,[],[]
6232870,6233870,NA,TVF,0.0,152,pause,NA,NA,NA,NA,0.0,0,-48.93,-41.89,[],0,0,[],[]
6233870,6234690,NA,SIL,0.0,152,pause,NA,NA,NA,NA,0.0,0,-50.06,-43.2,[],0,0,[],[]
6234690,6235800,NA,TVF,0.0,152,pause,NA,NA,NA,NA,0.0,0,-50.77,-46.67,[],0,0,[],[]
6235800,6236930,NA,SIL,0.0,152,pause,NA,NA,NA,NA,0.0,0,-50.66,-44.18,[],0,0,[],[]
6236930,6237990,NA,TVF,0.0,152,pause,NA,NA,NA,NA,0.0,0,-49.38,-43.1,[],0,0,[],[]
6237990,6239550,NA,SIL,0.0,152,pause,NA,NA,NA,NA,0.0,0,-50.06,-43.23,[],0,0,[],[]
6239550,6240350,NA,NOF,0.0,152,pause,NA,NA,NA,NA,0.0,0,-45.22,-39.85,[],0,0,[],[]
6240350,6241150,NA,SIL,0.0,152,pause,NA,NA,NA,NA,0.0,0,-49.0,-43.42,[],0,0,[],[]
6241150,6241950,NA,NOF,0.0,152,pause,NA,NA,NA,NA,0.0,0,-42.95,-37.97,[],0,0,[],[]
6241950,6242950,FEM,FAN,5.22,152,AMF,EC,0,NT,FI,0.0,0,-35.59,-25.37,[],0,0,[],[]
6242950,6243770,NA,SIL,0.0,153,pause,NA,NA,NA,NA,0.0,0,-39.45,-26.95,[],0,0,[],[]
6243770,6244730,NA,TVF,0.0,153,pause,NA,NA,NA,NA,0.0,0,-41.27,-28.93,[],0,0,[],[]
6244730,6247610,NA,SIL,0.0,153,pause,NA,NA,NA,NA,0.0,0,-45.89,-31.36,[],0,0,[],[]
6247610,6248610,NA,FAF,0.0,153,pause,NA,NA,NA,NA,0.0,0,-45.46,-38.53,[],0,0,[],[]
6248610,6256160,NA,NON,0.0,153,pause,NA,NA,NA,NA,0.0,0,-50.2,-42.81,[],0,0,[],[]
6256160,6257410,NA,TVN,0.0,153,pause,NA,NA,NA,NA,0.0,0,-48.09,-44.52,[],0,0,[],[]
6257410,6261490,NA,SIL,0.0,153,pause,NA,NA,NA,NA,0.0,0,-49.72,-44.55,[],0,0,[],[]
6261490,6262490,NA,TVN,0.0,153,pause,NA,NA,NA,NA,0.0,0,-47.44,-40.04,[],0,0,[],[]
6262490,6263300,NA,SIL,0.0,153,pause,NA,NA,NA,NA,0.0,0,-50.32,-45.53,[],0,0,[],[]
6263300,6264350,NA,TVF,0.0,153,pause,NA,NA,NA,NA,0.0,0,-46.8,-40.01,[],0,0,[],[]
6264350,6265220,NA,SIL,0.0,153,pause,NA,NA,NA,NA,0.0,0,-49.28,-43.7,[],0,0,[],[]
6265220,6266230,NA,TVF,0.0,153,pause,NA,NA,NA,NA,0.0,0,-47.76,-38.5,[],0,0,[],[]
6266230,6267110,NA,SIL,0.0,153,pause,NA,NA,NA,NA,0.0,0,-43.77,-29.3,[],0,0,[],[]
6267110,6268130,NA,TVN,0.0,153,pause,NA,NA,NA,NA,0.0,0,-49.73,-42.63,[],0,0,[],[]
6268130,6269600,NA,SIL,0.0,153,pause,NA,NA,NA,NA,0.0,0,-49.91,-45.19,[],0,0,[],[]
6269600,6270400,NA,NOF,0.0,153,pause,NA,NA,NA,NA,0.0,0,-43.77,-35.75,[],0,0,[],[]
6270400,6271470,NA,SIL,0.0,153,pause,NA,NA,NA,NA,0.0,0,-24.91,-6.73,[],0,0,[],[]
6271470,6272570,FEM,FAN,6.24,153,AICF,BC,0,TIFI,FI,0.0,0,-37.08,-25.97,[],0,0,[],[]
6272570,6273370,NA,NOF,0.0,153,AICF,NA,NA,NA,NA,0.0,0,-43.08,-32.51,[],0,0,[],[]
6273370,6273970,NA,CHF,0.0,153,AICF,RC,1,TIFR,FI,1.0,100,-38.34,-23.91,"[{'Canonical-syllable': '0', 'Growl': '1', 'High-freq-energy': '0', 'Long-island': '0', 'Low-tilt-spectrum': '1', 'Medium-island': '0', 'Short-island': '0', 'Squeal': '0', 'Typical-entropy': '0', 'Voicing-quality': '0', 'Wide-band': '1', 'Xlong-island': '0', 'seq': '1', 'end': 6273.47, 'start': 6273.37}]",0,0,[],[]
6273970,6276080,NA,SIL,0.0,153,AICF,NA,NA,NA,NA,0.0,0,-46.92,-33.47,[],0,0,[],[]
6276080,6277080,NA,TVN,0.0,153,AICF,NA,NA,NA,NA,0.0,0,-49.25,-38.4,[],0,0,[],[]
6277080,6278080,MAL,MAN,6.41,153,AICF,EC,1,TIME,FI,0.0,0,-37.39,-31.86,[],0,0,[],[]
6278080,6279750,NA,SIL,0.0,154,pause,NA,NA,NA,NA,0.0,0,-50.61,-44.76,[],0,0,[],[]
6279750,6280750,NA,TVF,0.0,154,pause,NA,NA,NA,NA,0.0,0,-47.97,-34.61,[],0,0,[],[]
6280750,6281560,NA,SIL,0.0,154,pause,NA,NA,NA,NA,0.0,0,-48.91,-44.35,[],0,0,[],[]
6281560,6282590,NA,TVF,0.0,154,pause,NA,NA,NA,NA,0.0,0,-48.65,-44.56,[],0,0,[],[]
6282590,6283390,NA,SIL,0.0,154,pause,NA,NA,NA,NA,0.0,0,-48.07,-39.86,[],0,0,[],[]
6283390,6285480,NA,TVN,0.0,154,pause,NA,NA,NA,NA,0.0,0,-49.1,-42.99,[],0,0,[],[]
6285480,6286280,NA,SIL,0.0,154,pause,NA,NA,NA,NA,0.0,0,-50.07,-46.66,[],0,0,[],[]
6286280,6288080,NA,TVF,0.0,154,pause,NA,NA,NA,NA,0.0,0,-46.59,-42.53,[],0,0,[],[]
6288080,6288880,NA,SIL,0.0,154,pause,NA,NA,NA,NA,0.0,0,-47.9,-41.79,[],0,0,[],[]
6288880,6291430,OCH,CXN,0.0,154,XIOCA,BC,0,NT,FI,0.0,0,-34.79,-26.18,[],0,0,[],[]
6291430,6292230,NA,NOF,0.0,154,XIOCA,NA,NA,NA,NA,0.0,0,-46.72,-43.16,[],0,0,[],[]
6292230,6293370,OCH,CXN,0.0,154,XIOCA,RC,0,NT,FH,0.0,0,-28.27,-22.95,[],0,0,[],[]
6293370,6296280,MAL,MAN,10.88,154,XIOCA,RC,0,NT,FI,0.0,0,-31.99,-22.2,[],0,0,[],[]
6296280,6301170,NA,SIL,0.0,154,XIOCA,NA,NA,NA,NA,0.0,0,-48.64,-36.12,[],0,0,[],[]
6301170,6301970,OCH,CXN,0.0,154,XIOCA,RC,0,NT,FI,0.0,0,-33.19,-21.92,[],0,0,[],[]
6301970,6303250,NA,SIL,0.0,154,XIOCA,NA,NA,NA,NA,0.0,0,-50.18,-41.88,[],0,0,[],[]
6303250,6303850,OCH,CXN,0.0,154,XIOCA,EC,0,NT,FH,0.0,0,-25.79,-19.99,[],0,0,[],[]
6303850,6304950,NA,SIL,0.0,155,pause,NA,NA,NA,NA,0.0,0,-49.84,-44.98,[],0,0,[],[]
6304950,6305950,NA,MAF,0.0,155,pause,NA,NA,NA,NA,0.0,0,-45.17,-38.42,[],0,0,[],[]
6305950,6306850,NA,SIL,0.0,155,pause,NA,NA,NA,NA,0.0,0,-49.84,-46.25,[],0,0,[],[]
6306850,6307780,NA,TVF,0.0,155,pause,NA,NA,NA,NA,0.0,0,-46.64,-37.71,[],0,0,[],[]
6307780,6308580,NA,SIL,0.0,155,pause,NA,NA,NA,NA,0.0,0,-47.55,-38.51,[],0,0,[],[]
6308580,6309390,NA,OLF,0.0,155,pause,NA,NA,NA,NA,0.0,0,-38.75,-26.55,[],0,0,[],[]
6309390,6310560,NA,SIL,0.0,155,pause,NA,NA,NA,NA,0.0,0,-47.41,-41.12,[],0,0,[],[]
6310560,6312390,NA,TVF,0.0,155,pause,NA,NA,NA,NA,0.0,0,-47.31,-41.37,[],0,0,[],[]
6312390,6313240,NA,SIL,0.0,155,pause,NA,NA,NA,NA,0.0,0,-43.83,-33.68,[],0,0,[],[]
6313240,6314810,CHI,CHN,0.0,155,CIC,BC,0,NT,FI,1.0,1070,-25.0,-18.4,"[{'Canonical-syllable': '0', 'Growl': '1', 'High-freq-energy': '0', 'Long-island': '0', 'Low-tilt-spectrum': '0', 'Medium-island': '0', 'Short-island': '0', 'Squeal': '0', 'Typical-entropy': '0', 'Voicing-quality': '1', 'Wide-band': '0', 'Xlong-island': '1', 'seq': '1', 'end': 6314.73, 'start': 6313.66}]",0,0,[],[]
6314810,6315870,NA,OLF,0.0,155,CIC,NA,NA,NA,NA,0.0,0,-41.45,-27.13,[],0,0,[],[]
6315870,6317290,NA,SIL,0.0,155,CIC,NA,NA,NA,NA,0.0,0,-44.16,-36.54,[],0,0,[],[]
6317290,6318170,NA,MAF,0.0,155,CIC,NA,NA,NA,NA,0.0,0,-42.0,-35.16,[],0,0,[],[]
6318170,6319170,NA,CXF,0.0,155,CIC,NA,NA,NA,NA,0.0,0,-45.65,-36.7,[],0,0,[],[]
6319170,6320320,OCH,CXN,0.0,155,CIC,RC,0,NT,FI,0.0,0,-33.89,-25.65,[],0,0,[],[]
6320320,6321040,CHI,CHN,0.0,155,CIC,RC,0,TIMI,FI,1.0,720,-21.7,-17.1,"[{'Canonical-syllable': '0', 'Growl': '0', 'High-freq-energy': '0', 'Long-island': '1', 'Low-tilt-spectrum': '0', 'Medium-island': '0', 'Short-island': '0', 'Squeal': '0', 'Typical-entropy': '0', 'Voicing-quality': '1', 'Wide-band': '0', 'Xlong-island': '0', 'seq': '1', 'end': 6321.04, 'start': 6320.32}]",0,0,[],[]
6321040,6322680,NA,NOF,0.0,155,CIC,NA,NA,NA,NA,0.0,0,-36.41,-22.78,[],0,0,[],[]
6322680,6323480,NA,OLF,0.0,155,CIC,NA,NA,NA,NA,0.0,0,-38.7,-29.44,[],0,0,[],[]
6323480,6324480,MAL,MAN,7.91,155,CIC,RC,1,TIMR,FI,0.0,0,-23.4,-16.35,[],0,0,[],[]
6324480,6326300,OCH,CXN,0.0,155,CIC,RC,1,NT,FI,0.0,0,-19.27,-12.04,[],0,0,[],[]
6326300,6327110,NA,OLN,0.0,155,CIC,NA,NA,NA,NA,0.0,0,-18.03,-13.5,[],0,0,[],[]
6327110,6328340,MAL,MAN,8.78,155,CIC,RC,1,NT,FI,0.0,0,-26.39,-15.85,[],0,0,[],[]
6328340,6329180,NA,OLF,0.0,155,CIC,NA,NA,NA,NA,0.0,0,-42.44,-31.37,[],0,0,[],[]
6329180,6329980,OCH,CXN,0.0,155,CIC,RC,1,NT,FI,0.0,0,-19.53,-11.19,[],0,0,[],[]
6329980,6331050,OCH,CXN,0.0,155,CIC,RC,1,NT,FH,0.0,0,-21.51,-14.66,[],0,0,[],[]
6331050,6332190,NA,OLF,0.0,155,CIC,NA,NA,NA,NA,0.0,0,-35.16,-26.73,[],0,0,[],[]
6332190,6333170,NA,CXF,0.0,155,CIC,NA,NA,NA,NA,0.0,0,-38.33,-28.25,[],0,0,[],[]
6333170,6334320,NA,TVF,0.0,155,CIC,NA,NA,NA,NA,0.0,0,-40.8,-30.94,[],0,0,[],[]
6334320,6335120,NA,OLF,0.0,155,CIC,NA,NA,NA,NA,0.0,0,-44.25,-37.46,[],0,0,[],[]
6335120,6335960,NA,NOF,0.0,155,CIC,NA,NA,NA,NA,0.0,0,-43.96,-36.64,[],0,0,[],[]
6335960,6337230,MAL,MAN,5.85,155,CIC,EC,1,NT,FI,0.0,0,-35.01,-25.88,[],0,0,[],[]
6337230,6342510,NA,TVF,0.0,156,pause,NA,NA,NA,NA,0.0,0,-44.03,-37.22,[],0,0,[],[]
6342510,6344280,OCH,CXN,0.0,156,XIC,BC,0,NT,FI,0.0,0,-28.99,-14.04,[],0,0,[],[]
6344280,6345490,MAL,MAN,6.34,156,XIC,RC,0,NT,FI,0.0,0,-30.55,-21.69,[],0,0,[],[]
6345490,6346510,NA,TVF,0.0,156,XIC,NA,NA,NA,NA,0.0,0,-49.34,-42.94,[],0,0,[],[]
6346510,6347390,NA,SIL,0.0,156,XIC,NA,NA,NA,NA,0.0,0,-51.3,-47.11,[],0,0,[],[]
6347390,6350290,OCH,CXN,0.0,156,XIC,RC,0,NT,FI,0.0,0,-32.33,-18.0,[],0,0,[],[]
6350290,6351670,NA,SIL,0.0,156,XIC,NA,NA,NA,NA,0.0,0,-51.39,-46.38,[],0,0,[],[]
6351670,6353550,MAL,MAN,6.62,156,XIC,RC,0,TIMI,FI,0.0,0,-28.89,-16.82,[],0,0,[],[]
6353550,6354240,NA,CHF,0.0,156,XIC,RC,1,TIMR,FI,1.0,360,-32.53,-19.54,"[{'Canonical-syllable': '1', 'Growl': '0', 'High-freq-energy': '0', 'Long-island': '0', 'Low-tilt-spectrum': '1', 'Medium-island': '1', 'Short-island': '0', 'Squeal': '0', 'Typical-entropy': '1', 'Voicing-quality': '1', 'Wide-band': '0', 'Xlong-island': '0', 'seq': '1', 'end': 6353.91, 'start': 6353.55}]",0,0,[],[]
6354240,6356270,MAL,MAN,7.3,156,XIC,RC,1,TIME,FI,0.0,0,-32.29,-21.59,[],0,0,[],[]
6356270,6357550,FEM,FAN,6.36,156,XIC,RC,1,NT,FI,0.0,0,-26.06,-10.66,[],0,0,[],[]
6357550,6358600,NA,TVF,0.0,156,XIC,NA,NA,NA,NA,0.0,0,-39.82,-28.75,[],0,0,[],[]
6358600,6359740,MAL,MAN,4.54,156,XIC,RC,1,NT,FI,0.0,0,-35.27,-23.6,[],0,0,[],[]
6359740,6361030,NA,SIL,0.0,156,XIC,NA,NA,NA,NA,0.0,0,-52.56,-46.91,[],0,0,[],[]
6361030,6362480,MAL,MAN,6.27,156,XIC,RC,1,NT,FH,0.0,0,-37.54,-31.35,[],0,0,[],[]
6362480,6363500,OCH,CXN,0.0,156,XIC,RC,1,NT,FI,0.0,0,-26.9,-16.4,[],0,0,[],[]
6363500,6364300,NA,SIL,0.0,156,XIC,NA,NA,NA,NA,0.0,0,-38.97,-29.06,[],0,0,[],[]
6364300,6365100,FEM,FAN,2.69,156,XIC,RC,1,NT,FI,0.0,0,-36.74,-28.24,[],0,0,[],[]
6365100,6366320,NA,SIL,0.0,156,XIC,NA,NA,NA,NA,0.0,0,-52.27,-47.31,[],0,0,[],[]
6366320,6367120,OCH,CXN,0.0,156,XIC,RC,1,NT,FI,0.0,0,-37.39,-30.87,[],0,0,[],[]
6367120,6368120,MAL,MAN,1.77,156,XIC,RC,1,NT,FI,0.0,0,-31.69,-22.27,[],0,0,[],[]
6368120,6369060,NA,CXF,0.0,156,XIC,NA,NA,NA,NA,0.0,0,-37.78,-32.29,[],0,0,[],[]
6369060,6370060,MAL,MAN,4.36,156,XIC,RC,1,NT,FH,0.0,0,-33.69,-24.67,[],0,0,[],[]
6370060,6371080,NA,TVN,0.0,156,XIC,NA,NA,NA,NA,0.0,0,-50.38,-46.33,[],0,0,[],[]
6371080,6372290,NA,SIL,0.0,156,XIC,NA,NA,NA,NA,0.0,0,-52.54,-47.59,[],0,0,[],[]
6372290,6373320,NA,TVN,0.0,156,XIC,NA,NA,NA,NA,0.0,0,-41.24,-32.47,[],0,0,[],[]
6373320,6374320,MAL,MAN,9.49,156,XIC,RC,1,NT,FH,0.0,0,-32.55,-23.01,[],0,0,[],[]
6374320,6375120,OCH,CXN,0.0,156,XIC,RC,1,NT,FI,0.0,0,-40.93,-32.22,[],0,0,[],[]
6375120,6375920,NA,SIL,0.0,156,XIC,NA,NA,NA,NA,0.0,0,-44.05,-33.16,[],0,0,[],[]
6375920,6377190,MAL,MAN,6.81,156,XIC,RC,1,NT,FI,0.0,0,-32.23,-21.74,[],0,0,[],[]
6377190,6378630,NA,SIL,0.0,156,XIC,NA,NA,NA,NA,0.0,0,-50.87,-41.95,[],0,0,[],[]
6378630,6379630,MAL,MAN,8.49,156,XIC,RC,1,NT,FH,0.0,0,-34.68,-26.86,[],0,0,[],[]
6379630,6380550,NA,TVN,0.0,156,XIC,NA,NA,NA,NA,0.0,0,-35.14,-27.51,[],0,0,[],[]
6380550,6381620,NA,SIL,0.0,156,XIC,NA,NA,NA,NA,0.0,0,-51.5,-43.6,[],0,0,[],[]
6381620,6382620,NA,TVN,0.0,156,XIC,NA,NA,NA,NA,0.0,0,-41.8,-34.54,[],0,0,[],[]
6382620,6384510,OCH,CXN,0.0,156,XIC,RC,1,NT,FI,0.0,0,-38.06,-30.21,[],0,0,[],[]
6384510,6386020,NA,TVF,0.0,156,XIC,NA,NA,NA,NA,0.0,0,-46.0,-36.07,[],0,0,[],[]
6386020,6387070,FEM,FAN,0.29,156,XIC,RC,1,NT,FI,0.0,0,-37.17,-31.47,[],0,0,[],[]
6387070,6388320,MAL,MAN,8.44,156,XIC,RC,1,NT,FI,0.0,0,-24.43,-13.12,[],0,0,[],[]
6388320,6389140,NA,SIL,0.0,156,XIC,NA,NA,NA,NA,0.0,0,-51.22,-46.72,[],0,0,[],[]
6389140,6390380,NA,TVF,0.0,156,XIC,NA,NA,NA,NA,0.0,0,-49.02,-39.87,[],0,0,[],[]
6390380,6391500,MAL,MAN,3.5,156,XIC,RC,1,NT,FH,0.0,0,-35.82,-23.44,[],0,0,[],[]
6391500,6392340,NA,SIL,0.0,156,XIC,NA,NA,NA,NA,0.0,0,-39.26,-32.26,[],0,0,[],[]
6392340,6393570,OCH,CXN,0.0,156,XIC,RC,1,NT,FI,0.0,0,-36.63,-29.02,[],0,0,[],[]
6393570,6394570,NA,TVN,0.0,156,XIC,NA,NA,NA,NA,0.0,0,-40.08,-32.33,[],0,0,[],[]
6394570,6395380,NA,SIL,0.0,156,XIC,NA,NA,NA,NA,0.0,0,-50.51,-43.45,[],0,0,[],[]
6395380,6396180,OCH,CXN,0.0,156,XIC,RC,1,NT,FH,0.0,0,-37.81,-29.88,[],0,0,[],[]
6396180,6397380,NA,SIL,0.0,156,XIC,NA,NA,NA,NA,0.0,0,-51.09,-43.22,[],0,0,[],[]
6397380,6398500,OCH,CXN,0.0,156,XIC,RC,1,NT,FH,0.0,0,-23.16,-16.77,[],0,0,[],[]
6398500,6399450,NA,OLN,0.0,156,XIC,NA,NA,NA,NA,0.0,0,-23.32,-15.26,[],0,0,[],[]
6399450,6400490,OCH,CXN,0.0,156,XIC,RC,1,NT,FH,0.0,0,-22.63,-15.03,[],0,0,[],[]
6400490,6401980,OCH,CXN,0.0,156,XIC,RC,1,NT,FH,0.0,0,-27.52,-20.21,[],0,0,[],[]
6401980,6402880,NA,OLN,0.0,156,XIC,NA,NA,NA,NA,0.0,0,-25.45,-20.61,[],0,0,[],[]
6402880,6407840,OCH,CXN,0.0,156,XIC,RC,1,NT,FH,0.0,0,-30.97,-19.98,[],0,0,[],[]
6407840,6408700,NA,SIL,0.0,156,XIC,NA,NA,NA,NA,0.0,0,-45.91,-37.03,[],0,0,[],[]
6408700,6411430,OCH,CXN,0.0,156,XIC,RC,1,NT,FH,0.0,0,-31.41,-20.13,[],0,0,[],[]
6411430,6412470,OCH,CXN,0.0,156,XIC,RC,1,NT,FH,0.0,0,-34.84,-26.54,[],0,0,[],[]
6412470,6414390,OCH,CXN,0.0,156,XIC,RC,1,NT,FH,0.0,0,-32.89,-22.48,[],0,0,[],[]
6414390,6415600,OCH,CXN,0.0,156,XIC,RC,1,NT,FH,0.0,0,-33.72,-23.13,[],0,0,[],[]
6415600,6416400,NA,SIL,0.0,156,XIC,NA,NA,NA,NA,0.0,0,-49.87,-42.37,[],0,0,[],[]
6416400,6417960,OCH,CXN,0.0,156,XIC,RC,1,NT,FH,0.0,0,-23.32,-11.56,[],0,0,[],[]
6417960,6419070,FEM,FAN,6.93,156,XIC,RC,1,NT,FI,0.0,0,-34.26,-27.08,[],0,0,[],[]
6419070,6420330,OCH,CXN,0.0,156,XIC,RC,1,NT,FI,0.0,0,-36.22,-29.43,[],0,0,[],[]
6420330,6421590,FEM,FAN,3.47,156,XIC,RC,1,NT,FI,0.0,0,-29.27,-18.41,[],0,0,[],[]
6421590,6422780,NA,SIL,0.0,156,XIC,NA,NA,NA,NA,0.0,0,-51.22,-45.1,[],0,0,[],[]
6422780,6424340,MAL,MAN,8.54,156,XIC,RC,1,NT,FI,0.0,0,-26.53,-15.43,[],0,0,[],[]
6424340,6425500,OCH,CXN,0.0,156,XIC,RC,1,NT,FI,0.0,0,-34.91,-25.57,[],0,0,[],[]
6425500,6426100,FEM,FAN,7.05,156,XIC,RC,1,NT,FI,0.0,0,-28.67,-21.58,[],0,0,[],[]
6426100,6428050,MAL,MAN,7.75,156,XIC,RC,1,NT,FI,0.0,0,-28.18,-18.9,[],0,0,[],[]
6428050,6429060,NA,NOF,0.0,156,XIC,NA,NA,NA,NA,0.0,0,-36.17,-25.75,[],0,0,[],[]
6429060,6429860,NA,OLF,0.0,156,XIC,NA,NA,NA,NA,0.0,0,-35.83,-29.25,[],0,0,[],[]
6429860,6430790,NA,NOF,0.0,156,XIC,NA,NA,NA,NA,0.0,0,-39.77,-29.84,[],0,0,[],[]
6430790,6432130,OCH,CXN,0.0,156,XIC,RC,1,NT,FI,0.0,0,-32.3,-25.02,[],0,0,[],[]
6432130,6432940,NA,NOF,0.0,156,XIC,NA,NA,NA,NA,0.0,0,-35.44,-26.46,[],0,0,[],[]
6432940,6433750,NA,OLN,0.0,156,XIC,NA,NA,NA,NA,0.0,0,-24.09,-8.93,[],0,0,[],[]
6433750,6434550,OCH,CXN,0.0,156,XIC,RC,1,NT,FH,0.0,0,-25.86,-19.03,[],0,0,[],[]
6434550,6435510,NA,OLN,0.0,156,XIC,NA,NA,NA,NA,0.0,0,-28.18,-22.16,[],0,0,[],[]
6435510,6436550,NA,NOF,0.0,156,XIC,NA,NA,NA,NA,0.0,0,-39.23,-30.91,[],0,0,[],[]
6436550,6437450,NA,OLN,0.0,156,XIC,NA,NA,NA,NA,0.0,0,-29.44,-22.53,[],0,0,[],[]
6437450,6438250,NA,NOF,0.0,156,XIC,NA,NA,NA,NA,0.0,0,-31.42,-22.08,[],0,0,[],[]
6438250,6439680,OCH,CXN,0.0,156,XIC,RC,1,NT,FH,0.0,0,-31.69,-21.5,[],0,0,[],[]
6439680,6442630,NA,SIL,0.0,156,XIC,NA,NA,NA,NA,0.0,0,-48.38,-37.17,[],0,0,[],[]
6442630,6444080,FEM,FAN,9.66,156,XIC,RC,1,NT,FI,0.0,0,-31.1,-18.78,[],0,0,[],[]
6444080,6445400,MAL,MAN,7.39,156,XIC,EC,1,NT,FI,0.0,0,-31.65,-19.85,[],0,0,[],[]
6445400,6447070,NA,TVF,0.0,157,pause,NA,NA,NA,NA,0.0,0,-41.96,-32.7,[],0,0,[],[]
6447070,6447870,NA,SIL,0.0,157,pause,NA,NA,NA,NA,0.0,0,-50.76,-44.76,[],0,0,[],[]
6447870,6448870,NA,TVF,0.0,157,pause,NA,NA,NA,NA,0.0,0,-43.06,-36.09,[],0,0,[],[]
6448870,6451000,NA,NOF,0.0,157,pause,NA,NA,NA,NA,0.0,0,-40.1,-23.27,[],0,0,[],[]
6451000,6456400,NA,OLN,0.0,157,pause,NA,NA,NA,NA,0.0,0,-18.19,-4.17,[],0,0,[],[]
6456400,6457200,NA,MAF,0.0,157,pause,NA,NA,NA,NA,0.0,0,-32.89,-21.34,[],0,0,[],[]
6457200,6458580,NA,SIL,0.0,157,pause,NA,NA,NA,NA,0.0,0,-43.19,-33.73,[],0,0,[],[]
6458580,6460330,OCH,CXN,0.0,157,XIOCC,BC,0,NT,FI,0.0,0,-39.47,-29.79,[],0,0,[],[]
6460330,6462590,NA,TVN,0.0,157,XIOCC,NA,NA,NA,NA,0.0,0,-43.94,-36.11,[],0,0,[],[]
6462590,6463390,OCH,CXN,0.0,157,XIOCC,RC,0,NT,FH,0.0,0,-38.5,-28.77,[],0,0,[],[]
6463390,6464390,NA,TVF,0.0,157,XIOCC,NA,NA,NA,NA,0.0,0,-45.98,-38.88,[],0,0,[],[]
6464390,6465190,OCH,CXN,0.0,157,XIOCC,RC,0,NT,FH,0.0,0,-30.01,-20.01,[],0,0,[],[]
6465190,6466010,NA,OLN,0.0,157,XIOCC,NA,NA,NA,NA,0.0,0,-19.05,-6.07,[],0,0,[],[]
6466010,6466610,CHI,CHN,0.0,157,XIOCC,RC,0,NT,FI,1.0,600,-19.04,-11.18,"[{'Canonical-syllable': '0', 'Growl': '2', 'High-freq-energy': '0', 'Long-island': '0', 'Low-tilt-spectrum': '0', 'Medium-island': '0', 'Short-island': '2', 'Squeal': '0', 'Typical-entropy': '1', 'Voicing-quality': '2', 'Wide-band': '0', 'Xlong-island': '0', 'seq': '1', 'end': 6466.61, 'start': 6466.01}]",0,0,[],[]
6466610,6468740,NA,OLN,0.0,157,XIOCC,NA,NA,NA,NA,0.0,0,-21.42,-5.02,[],0,0,[],[]
6468740,6469930,OCH,CXN,0.0,157,XIOCC,RC,0,NT,FI,0.0,0,-23.31,-13.23,[],0,0,[],[]
6469930,6470770,OCH,CXN,0.0,157,XIOCC,EC,0,NT,FH,0.0,0,-32.05,-26.62,[],0,0,[],[]
6470770,6472760,NA,OLN,0.0,158,pause,NA,NA,NA,NA,0.0,0,-25.4,-9.36,[],0,0,[],[]
6472760,6473630,NA,OLF,0.0,158,pause,NA,NA,NA,NA,0.0,0,-13.51,-3.67,[],0,0,[],[]
6473630,6474600,NA,OLN,0.0,158,pause,NA,NA,NA,NA,0.0,0,-21.38,-6.65,[],0,0,[],[]
6474600,6475430,NA,NON,0.0,158,pause,NA,NA,NA,NA,0.0,0,-21.71,-13.96,[],0,0,[],[]
6475430,6476880,NA,OLN,0.0,158,pause,NA,NA,NA,NA,0.0,0,-24.4,-8.5,[],0,0,[],[]
6476880,6477880,MAL,MAN,3.29,158,AMM,EC,0,NT,FI,0.0,0,-31.64,-23.14,[],0,0,[],[]
6477880,6478980,NA,OLN,0.0,159,pause,NA,NA,NA,NA,0.0,0,-24.8,-9.97,[],0,0,[],[]
6478980,6480400,NA,NOF,0.0,159,pause,NA,NA,NA,NA,0.0,0,-13.62,-2.7,[],0,0,[],[]
6480400,6481240,NA,OLF,0.0,159,pause,NA,NA,NA,NA,0.0,0,-12.69,-3.34,[],0,0,[],[]
6481240,6482040,NA,NOF,0.0,159,pause,NA,NA,NA,NA,0.0,0,-18.96,-5.71,[],0,0,[],[]
6482040,6482890,NA,OLN,0.0,159,pause,NA,NA,NA,NA,0.0,0,-25.95,-22.01,[],0,0,[],[]
6482890,6483690,NA,OLF,0.0,159,pause,NA,NA,NA,NA,0.0,0,-39.43,-28.91,[],0,0,[],[]
6483690,6484700,NA,TVF,0.0,159,pause,NA,NA,NA,NA,0.0,0,-42.86,-36.51,[],0,0,[],[]
6484700,6485610,NA,SIL,0.0,159,pause,NA,NA,NA,NA,0.0,0,-49.7,-46.74,[],0,0,[],[]
6485610,6486420,OCH,CXN,0.0,159,XM,EC,0,NT,FI,0.0,0,-36.29,-26.68,[],0,0,[],[]
6486420,6487670,NA,OLF,0.0,160,pause,NA,NA,NA,NA,0.0,0,-38.72,-31.17,[],0,0,[],[]
6487670,6489250,NA,NOF,0.0,160,pause,NA,NA,NA,NA,0.0,0,-19.88,-4.05,[],0,0,[],[]
6489250,6491520,NA,OLN,0.0,160,pause,NA,NA,NA,NA,0.0,0,-29.62,-12.39,[],0,0,[],[]
6491520,6492520,MAL,MAN,3.68,160,AMM,EC,0,NT,FI,0.0,0,-33.49,-26.46,[],0,0,[],[]
6492520,6493520,NA,OLN,0.0,161,pause,NA,NA,NA,NA,0.0,0,-33.83,-25.96,[],0,0,[],[]
6493520,6494790,NA,NON,0.0,161,pause,NA,NA,NA,NA,0.0,0,-11.57,-2.39,[],0,0,[],[]
6494790,6495920,NA,OLN,0.0,161,pause,NA,NA,NA,NA,0.0,0,-14.82,-4.11,[],0,0,[],[]
6495920,6497120,NA,NOF,0.0,161,pause,NA,NA,NA,NA,0.0,0,-33.46,-19.24,[],0,0,[],[]
6497120,6498680,NA,MAF,0.0,161,pause,NA,NA,NA,NA,0.0,0,-41.28,-32.23,[],0,0,[],[]
6498680,6501640,NA,OLN,0.0,161,pause,NA,NA,NA,NA,0.0,0,-18.49,-3.27,[],0,0,[],[]
6501640,6502440,OCH,CXN,0.0,161,XM,EC,0,NT,FI,0.0,0,-33.59,-25.92,[],0,0,[],[]
6502440,6503900,NA,OLN,0.0,162,pause,NA,NA,NA,NA,0.0,0,-24.86,-9.22,[],0,0,[],[]
6503900,6504700,NA,CXF,0.0,162,pause,NA,NA,NA,NA,0.0,0,-34.51,-28.51,[],0,0,[],[]
6504700,6507700,NA,OLF,0.0,162,pause,NA,NA,NA,NA,0.0,0,-18.97,-3.71,[],0,0,[],[]
6507700,6508500,NA,NOF,0.0,162,pause,NA,NA,NA,NA,0.0,0,-38.08,-24.8,[],0,0,[],[]
6508500,6509450,CHI,CHN,0.0,162,pause,NA,NA,NA,NA,0.0,0,-34.88,-18.74,[],0,0,[],[]
6509450,6510480,CHI,CHN,0.0,162,CIOCAX,BC,0,NT,FI,1.0,1030,-14.69,-4.94,"[{'Canonical-syllable': '0', 'Growl': '0', 'High-freq-energy': '0', 'Long-island': '0', 'Low-tilt-spectrum': '1', 'Medium-island': '0', 'Short-island': '0', 'Squeal': '0', 'Typical-entropy': '1', 'Voicing-quality': '1', 'Wide-band': '0', 'Xlong-island': '1', 'seq': '1', 'end': 6510.48, 'start': 6509.45}]",0,0,[],[]
6510480,6511290,OCH,CXN,0.0,162,CIOCAX,RC,0,NT,FI,0.0,0,-17.48,-10.96,[],0,0,[],[]
6511290,6512150,CHI,CHN,0.0,162,CIOCAX,RC,0,NT,FI,1.0,860,-18.04,-13.62,"[{'Canonical-syllable': '0', 'Growl': '0', 'High-freq-energy': '0', 'Long-island': '1', 'Low-tilt-spectrum': '1', 'Medium-island': '0', 'Short-island': '0', 'Squeal': '0', 'Typical-entropy': '0', 'Voicing-quality': '1', 'Wide-band': '0', 'Xlong-island': '0', 'seq': '1', 'end': 6512.15, 'start': 6511.29}]",0,0,[],[]
6512150,6512950,OCH,CXN,0.0,162,CIOCAX,RC,0,NT,FI,0.0,0,-30.96,-19.15,[],0,0,[],[]
6512950,6514240,NA,OLN,0.0,162,CIOCAX,NA,NA,NA,NA,0.0,0,-32.28,-22.95,[],0,0,[],[]
6514240,6515240,MAL,MAN,5.49,162,CIOCAX,EC,0,NT,FI,0.0,0,-35.92,-26.98,[],0,0,[],[]
6515240,6516040,NA,FAF,0.0,163,pause,NA,NA,NA,NA,0.0,0,-33.72,-20.96,[],0,0,[],[]
6516040,6517270,NA,NOF,0.0,163,pause,NA,NA,NA,NA,0.0,0,-14.68,-3.47,[],0,0,[],[]
6517270,6521600,NA,OLN,0.0,163,pause,NA,NA,NA,NA,0.0,0,-21.23,-4.26,[],0,0,[],[]
6521600,6522420,NA,SIL,0.0,163,pause,NA,NA,NA,NA,0.0,0,-42.54,-37.67,[],0,0,[],[]
6522420,6523490,MAL,MAN,6.1,163,AIOCM,BC,0,NT,FI,0.0,0,-41.35,-34.27,[],0,0,[],[]
6523490,6525190,NA,TVN,0.0,163,AIOCM,NA,NA,NA,NA,0.0,0,-39.49,-26.79,[],0,0,[],[]
6525190,6526190,MAL,MAN,4.27,163,AIOCM,RC,0,NT,FH,0.0,0,-33.85,-24.88,[],0,0,[],[]
6526190,6528700,OCH,CXN,0.0,163,AIOCM,RC,0,NT,FI,0.0,0,-33.2,-21.09,[],0,0,[],[]
6528700,6529960,NA,TVF,0.0,163,AIOCM,NA,NA,NA,NA,0.0,0,-39.24,-31.34,[],0,0,[],[]
6529960,6530960,MAL,MAN,6.05,163,AIOCM,RC,0,NT,FI,0.0,0,-39.05,-29.54,[],0,0,[],[]
6530960,6531890,NA,OLF,0.0,163,AIOCM,NA,NA,NA,NA,0.0,0,-36.86,-31.55,[],0,0,[],[]
6531890,6532890,MAL,MAN,5.71,163,AIOCM,RC,0,NT,FH,0.0,0,-41.98,-34.38,[],0,0,[],[]
6532890,6534700,NA,SIL,0.0,163,AIOCM,NA,NA,NA,NA,0.0,0,-49.16,-41.46,[],0,0,[],[]
6534700,6536290,MAL,MAN,9.74,163,AIOCM,RC,0,NT,FH,0.0,0,-41.08,-35.98,[],0,0,[],[]
6536290,6537910,NA,TVF,0.0,163,AIOCM,NA,NA,NA,NA,0.0,0,-39.41,-28.9,[],0,0,[],[]
6537910,6539830,NA,OLF,0.0,163,AIOCM,NA,NA,NA,NA,0.0,0,-42.46,-35.85,[],0,0,[],[]
6539830,6540720,NA,NOF,0.0,163,AIOCM,NA,NA,NA,NA,0.0,0,-39.88,-31.34,[],0,0,[],[]
6540720,6541730,MAL,MAN,5.86,163,AIOCM,RC,0,NT,FH,0.0,0,-31.75,-21.35,[],0,0,[],[]
6541730,6543120,FEM,FAN,0.0,163,AIOCM,NA,NA,NA,NA,0.0,0,-24.24,-11.74,[],1390,0,[],[]
6543120,6543920,NA,SIL,0.0,163,AIOCM,NA,NA,NA,NA,0.0,0,-46.63,-36.46,[],0,0,[],[]
6543920,6544520,FEM,FAN,3.52,163,AIOCM,RC,0,NT,FI,0.0,0,-38.25,-30.3,[],0,0,[],[]
6544520,6545820,OCH,CXN,0.0,163,AIOCM,RC,0,NT,FI,0.0,0,-38.86,-30.97,[],0,0,[],[]
6545820,6546830,MAL,MAN,4.19,163,AIOCM,RC,0,NT,FI,0.0,0,-43.45,-35.09,[],0,0,[],[]
6546830,6547730,NA,SIL,0.0,163,AIOCM,NA,NA,NA,NA,0.0,0,-47.76,-36.51,[],0,0,[],[]
6547730,6549890,OCH,CXN,0.0,163,AIOCM,EC,0,NT,FI,0.0,0,-37.21,-25.15,[],0,0,[],[]
6549890,6551110,NA,SIL,0.0,164,pause,NA,NA,NA,NA,0.0,0,-49.12,-40.6,[],0,0,[],[]
6551110,6552190,NA,TVF,0.0,164,pause,NA,NA,NA,NA,0.0,0,-48.06,-39.56,[],0,0,[],[]
6552190,6553420,NA,SIL,0.0,164,pause,NA,NA,NA,NA,0.0,0,-50.89,-44.15,[],0,0,[],[]
6553420,6554480,NA,FAF,0.0,164,pause,NA,NA,NA,NA,0.0,0,-38.99,-27.76,[],0,0,[],[]
6554480,6555440,NA,SIL,0.0,164,pause,NA,NA,NA,NA,0.0,0,-51.22,-39.37,[],0,0,[],[]
6555440,6556610,NA,TVN,0.0,164,pause,NA,NA,NA,NA,0.0,0,-38.91,-33.3,[],0,0,[],[]
6556610,6557600,OCH,CXN,0.0,164,XM,EC,0,NT,FI,0.0,0,-40.54,-35.59,[],0,0,[],[]
6557600,6558440,NA,SIL,0.0,165,pause,NA,NA,NA,NA,0.0,0,-52.43,-44.78,[],0,0,[],[]
6558440,6559930,NA,TVN,0.0,165,pause,NA,NA,NA,NA,0.0,0,-43.46,-30.86,[],0,0,[],[]
6559930,6560830,NA,SIL,0.0,165,pause,NA,NA,NA,NA,0.0,0,-45.08,-34.66,[],0,0,[],[]
6560830,6562430,NA,FAF,0.0,165,pause,NA,NA,NA,NA,0.0,0,-42.78,-34.2,[],0,0,[],[]
6562430,6563240,NA,SIL,0.0,165,pause,NA,NA,NA,NA,0.0,0,-50.2,-39.85,[],0,0,[],[]
6563240,6564630,NA,NOF,0.0,165,pause,NA,NA,NA,NA,0.0,0,-38.59,-21.21,[],0,0,[],[]
6564630,6565630,NA,FAF,0.0,165,pause,NA,NA,NA,NA,0.0,0,-46.0,-39.48,[],0,0,[],[]
6565630,6567680,NA,SIL,0.0,165,pause,NA,NA,NA,NA,0.0,0,-50.52,-32.49,[],0,0,[],[]
6567680,6568480,OCH,CXN,0.0,165,XIOCAC,BC,0,NT,FI,0.0,0,-43.44,-32.05,[],0,0,[],[]
6568480,6569280,NA,OLF,0.0,165,XIOCAC,NA,NA,NA,NA,0.0,0,-42.43,-33.09,[],0,0,[],[]
6569280,6570270,OCH,CXN,0.0,165,XIOCAC,RC,0,NT,FH,0.0,0,-38.17,-31.0,[],0,0,[],[]
6570270,6571080,NA,OLF,0.0,165,XIOCAC,NA,NA,NA,NA,0.0,0,-37.62,-27.51,[],0,0,[],[]
6571080,6572430,NA,OLN,0.0,165,XIOCAC,NA,NA,NA,NA,0.0,0,-31.05,-22.65,[],0,0,[],[]
6572430,6574430,OCH,CXN,0.0,165,XIOCAC,RC,0,NT,FH,0.0,0,-33.95,-25.76,[],0,0,[],[]
6574430,6575430,OCH,CXN,0.0,165,XIOCAC,RC,0,NT,FH,0.0,0,-28.88,-18.83,[],0,0,[],[]
6575430,6577630,NA,OLF,0.0,165,XIOCAC,NA,NA,NA,NA,0.0,0,-37.74,-26.17,[],0,0,[],[]
6577630,6579180,FEM,FAN,5.26,165,XIOCAC,RC,0,NT,FI,0.0,0,-30.9,-24.55,[],0,0,[],[]
6579180,6579980,NA,NOF,0.0,165,XIOCAC,NA,NA,NA,NA,0.0,0,-44.47,-38.83,[],0,0,[],[]
6579980,6581850,OCH,CXN,0.0,165,XIOCAC,RC,0,NT,FI,0.0,0,-30.11,-20.32,[],0,0,[],[]
6581850,6584210,NA,OLF,0.0,165,XIOCAC,NA,NA,NA,NA,0.0,0,-37.02,-26.84,[],0,0,[],[]
6584210,6586590,CHI,CHN,0.0,165,XIOCAC,RC,0,NT,FI,2.0,2040,-18.61,-5.61,"[{'Canonical-syllable': '1', 'Growl': '1', 'High-freq-energy': '0', 'Long-island': '0', 'Low-tilt-spectrum': '1', 'Medium-island': '1', 'Short-island': '0', 'Squeal': '0', 'Typical-entropy': '2', 'Voicing-quality': '1', 'Wide-band': '1', 'Xlong-island': '0', 'seq': '1', 'end': 6584.76, 'start': 6584.34}, {'Canonical-syllable': '0', 'Growl': '0', 'High-freq-energy': '0', 'Long-island': '2', 'Low-tilt-spectrum': '0', 'Medium-island': '0', 'Short-island': '0', 'Squeal': '0', 'Typical-entropy': '0', 'Voicing-quality': '2', 'Wide-band': '0', 'Xlong-island': '0', 'seq': '2', 'end': 6586.59, 'start': 6585.1}]",0,0,[],[]
6586590,6589450,NA,OLF,0.0,165,XIOCAC,NA,NA,NA,NA,0.0,0,-38.25,-29.41,[],0,0,[],[]
6589450,6590410,OCH,CXN,0.0,165,XIOCAC,RC,0,NT,FI,0.0,0,-35.49,-27.12,[],0,0,[],[]
6590410,6592000,OCH,CXN,0.0,165,XIOCAC,RC,0,NT,FH,0.0,0,-27.9,-21.92,[],0,0,[],[]
6592000,6593430,OCH,CXN,0.0,165,XIOCAC,RC,0,NT,FH,0.0,0,-30.89,-23.14,[],0,0,[],[]
6593430,6594230,NA,OLN,0.0,165,XIOCAC,NA,NA,NA,NA,0.0,0,-21.74,-14.03,[],0,0,[],[]
6594230,6595070,OCH,CXN,0.0,165,XIOCAC,RC,0,NT,FH,0.0,0,-26.15,-18.45,[],0,0,[],[]
6595070,6597510,NA,OLN,0.0,165,XIOCAC,NA,NA,NA,NA,0.0,0,-17.0,-1.16,[],0,0,[],[]
6597510,6598510,FEM,FAN,5.41,165,XIOCAC,EC,0,NT,FI,0.0,0,-34.73,-25.94,[],0,0,[],[]
6598510,6602250,NA,OLN,0.0,166,pause,NA,NA,NA,NA,0.0,0,-26.02,-9.5,[],0,0,[],[]
6602250,6602870,CHI,CHN,0.0,166,pause,NA,NA,NA,NA,0.0,0,-13.9,-3.79,[],0,620,"[{'start': 6602.25, 'end': 6602.87}]",[]
6602870,6604460,NA,NON,0.0,166,pause,NA,NA,NA,NA,0.0,0,-9.9,-0.84,[],0,0,[],[]
6604460,6605330,NA,OLF,0.0,166,pause,NA,NA,NA,NA,0.0,0,-16.46,-3.49,[],0,0,[],[]
6605330,6607230,NA,NOF,0.0,166,pause,NA,NA,NA,NA,0.0,0,-26.6,-6.54,[],0,0,[],[]
6607230,6608060,NA,OLN,0.0,166,pause,NA,NA,NA,NA,0.0,0,-9.55,-1.61,[],0,0,[],[]
6608060,6609520,NA,NOF,0.0,166,pause,NA,NA,NA,NA,0.0,0,-13.14,-2.65,[],0,0,[],[]
6609520,6611310,OCH,CXN,0.0,166,XM,EC,0,NT,FI,0.0,0,-32.68,-24.34,[],0,0,[],[]
6611310,6612210,NA,CHF,0.0,167,pause,NA,NA,NA,NA,0.0,0,-37.96,-28.56,[],0,900,[],"[{'start': 6611.31, 'end': 6612.21}]"
6612210,6613720,NA,OLN,0.0,167,pause,NA,NA,NA,NA,0.0,0,-24.11,-12.72,[],0,0,[],[]
6613720,6614670,NA,NOF,0.0,167,pause,NA,NA,NA,NA,0.0,0,-26.51,-13.83,[],0,0,[],[]
6614670,6616400,NA,TVF,0.0,167,pause,NA,NA,NA,NA,0.0,0,-37.85,-22.87,[],0,0,[],[]
6616400,6617200,NA,NOF,0.0,167,pause,NA,NA,NA,NA,0.0,0,-29.67,-17.95,[],0,0,[],[]
6617200,6618000,NA,SIL,0.0,167,pause,NA,NA,NA,NA,0.0,0,-49.41,-43.5,[],0,0,[],[]
6618000,6619010,NA,NOF,0.0,167,pause,NA,NA,NA,NA,0.0,0,-39.6,-22.46,[],0,0,[],[]
6619010,6620020,NA,MAF,0.0,167,pause,NA,NA,NA,NA,0.0,0,-29.53,-14.42,[],0,0,[],[]
6620020,6620900,NA,NOF,0.0,167,pause,NA,NA,NA,NA,0.0,0,-27.44,-11.75,[],0,0,[],[]
6620900,6621910,NA,FAF,0.0,167,pause,NA,NA,NA,NA,0.0,0,-34.11,-20.84,[],0,0,[],[]
6621910,6623240,NA,NOF,0.0,167,pause,NA,NA,NA,NA,0.0,0,-26.58,-9.35,[],0,0,[],[]
6623240,6624340,NA,OLN,0.0,167,pause,NA,NA,NA,NA,0.0,0,-25.95,-9.91,[],0,0,[],[]
6624340,6627780,NA,NOF,0.0,167,pause,NA,NA,NA,NA,0.0,0,-37.74,-14.23,[],0,0,[],[]
6627780,6629150,NA,MAF,0.0,167,pause,NA,NA,NA,NA,0.0,0,-41.66,-31.85,[],0,0,[],[]
6629150,6634380,NA,NOF,0.0,167,pause,NA,NA,NA,NA,0.0,0,-28.34,-12.79,[],0,0,[],[]
6634380,6634980,NA,CHF,0.0,167,pause,NA,NA,NA,NA,0.0,0,-30.39,-17.66,[],0,130,[],"[{'start': 6634.52, 'end': 6634.65}]"
6634980,6636830,NA,NOF,0.0,167,pause,NA,NA,NA,NA,0.0,0,-17.26,-3.12,[],0,0,[],[]
6636830,6638590,NA,OLF,0.0,167,pause,NA,NA,NA,NA,0.0,0,-11.27,-2.56,[],0,0,[],[]
6638590,6640610,NA,NOF,0.0,167,pause,NA,NA,NA,NA,0.0,0,-16.04,-1.91,[],0,0,[],[]
6640610,6641640,FEM,FAN,0.0,167,pause,NA,NA,NA,NA,0.0,0,-31.03,-19.18,[],1030,0,[],[]
6641640,6642740,NA,OLN,0.0,167,pause,NA,NA,NA,NA,0.0,0,-16.78,-5.76,[],0,0,[],[]
6642740,6643560,NA,NOF,0.0,167,pause,NA,NA,NA,NA,0.0,0,-13.41,-2.78,[],0,0,[],[]
6643560,6644410,NA,OLF,0.0,167,pause,NA,NA,NA,NA,0.0,0,-12.32,-1.03,[],0,0,[],[]
6644410,6648590,NA,NOF,0.0,167,pause,NA,NA,NA,NA,0.0,0,-18.04,-2.75,[],0,0,[],[]
6648590,6649680,NA,OLF,0.0,167,pause,NA,NA,NA,NA,0.0,0,-37.42,-23.28,[],0,0,[],[]
6649680,6650970,NA,SIL,0.0,167,pause,NA,NA,NA,NA,0.0,0,-46.32,-37.77,[],0,0,[],[]
6650970,6653450,NA,NOF,0.0,167,pause,NA,NA,NA,NA,0.0,0,-41.29,-26.82,[],0,0,[],[]
6653450,6654490,CHI,CHN,0.0,167,CIOCX,BC,0,NT,FI,1.0,350,-23.33,-12.83,"[{'Canonical-syllable': '2', 'Growl': '0', 'High-freq-energy': '0', 'Long-island': '0', 'Low-tilt-spectrum': '0', 'Medium-island': '0', 'Short-island': '2', 'Squeal': '0', 'Typical-entropy': '1', 'Voicing-quality': '2', 'Wide-band': '0', 'Xlong-island': '0', 'seq': '1', 'end': 6654.34, 'start': 6653.99}]",0,0,[],[]
6654490,6655770,NA,NOF,0.0,167,CIOCX,NA,NA,NA,NA,0.0,0,-24.86,-6.79,[],0,0,[],[]
6655770,6656570,NA,OLF,0.0,167,CIOCX,NA,NA,NA,NA,0.0,0,-16.84,-6.66,[],0,0,[],[]
6656570,6658110,OCH,CXN,0.0,167,CIOCX,EC,0,NT,FI,0.0,0,-33.5,-21.94,[],0,0,[],[]
6658110,6661770,NA,NOF,0.0,168,pause,NA,NA,NA,NA,0.0,0,-22.08,-3.95,[],0,0,[],[]
6661770,6662760,NA,OLF,0.0,168,pause,NA,NA,NA,NA,0.0,0,-19.97,-4.89,[],0,0,[],[]
6662760,6664280,NA,NOF,0.0,168,pause,NA,NA,NA,NA,0.0,0,-27.73,-9.27,[],0,0,[],[]
6664280,6665080,NA,OLF,0.0,168,pause,NA,NA,NA,NA,0.0,0,-20.85,-6.45,[],0,0,[],[]
6665080,6665910,NA,CXF,0.0,168,pause,NA,NA,NA,NA,0.0,0,-39.64,-31.33,[],0,0,[],[]
6665910,6668440,NA,NOF,0.0,168,pause,NA,NA,NA,NA,0.0,0,-17.24,-3.16,[],0,0,[],[]
6668440,6669290,NA,OLF,0.0,168,pause,NA,NA,NA,NA,0.0,0,-34.79,-21.01,[],0,0,[],[]
6669290,6670100,NA,SIL,0.0,168,pause,NA,NA,NA,NA,0.0,0,-42.62,-33.4,[],0,0,[],[]
6670100,6671270,NA,NOF,0.0,168,pause,NA,NA,NA,NA,0.0,0,-34.66,-21.48,[],0,0,[],[]
6671270,6671870,NA,FAF,0.0,168,pause,NA,NA,NA,NA,0.0,0,-43.29,-36.73,[],0,0,[],[]
6671870,6673420,NA,CHF,0.0,168,CIC,BC,0,TIFI,FI,1.0,1550,-45.83,-33.79,"[{'Canonical-syllable': '0', 'Growl': '4', 'High-freq-energy': '0', 'Long-island': '0', 'Low-tilt-spectrum': '4', 'Medium-island': '2', 'Short-island': '2', 'Squeal': '0', 'Typical-entropy': '0', 'Voicing-quality': '0', 'Wide-band': '1', 'Xlong-island': '0', 'seq': '1', 'end': 6673.42, 'start': 6672.03}]",0,0,[],[]
6673420,6674420,FEM,FAN,2.84,168,CIC,EC,1,TIFR,FI,0.0,0,-40.14,-27.46,[],0,0,[],[]
6674420,6676370,NA,CHF,0.0,169,pause,NA,NA,NA,NA,0.0,0,-42.21,-32.56,[],0,110,"[{'start': 6676.26, 'end': 6676.37}]",[]
6676370,6677170,NA,OLN,0.0,169,pause,NA,NA,NA,NA,0.0,0,-32.17,-24.35,[],0,0,[],[]
6677170,6679240,NA,NOF,0.0,169,pause,NA,NA,NA,NA,0.0,0,-13.65,-2.03,[],0,0,[],[]
6679240,6680040,NA,CXF,0.0,169,pause,NA,NA,NA,NA,0.0,0,-34.87,-22.75,[],0,0,[],[]
6680040,6681030,NA,NOF,0.0,169,pause,NA,NA,NA,NA,0.0,0,-21.34,-4.56,[],0,0,[],[]
6681030,6682080,NA,FAF,0.0,169,pause,NA,NA,NA,NA,0.0,0,-32.44,-22.53,[],0,0,[],[]
6682080,6683320,NA,NON,0.0,169,pause,NA,NA,NA,NA,0.0,0,-12.41,-2.69,[],0,0,[],[]
6683320,6684450,NA,OLN,0.0,169,pause,NA,NA,NA,NA,0.0,0,-27.16,-17.42,[],0,0,[],[]
6684450,6688090,NA,NOF,0.0,169,pause,NA,NA,NA,NA,0.0,0,-15.06,-0.17,[],0,0,[],[]
6688090,6688920,NA,OLF,0.0,169,pause,NA,NA,NA,NA,0.0,0,-29.24,-17.26,[],0,0,[],[]
6688920,6690870,NA,NOF,0.0,169,pause,NA,NA,NA,NA,0.0,0,-19.14,-3.91,[],0,0,[],[]
6690870,6691750,NA,OLN,0.0,169,pause,NA,NA,NA,NA,0.0,0,-13.25,-3.81,[],0,0,[],[]
6691750,6692900,NA,NON,0.0,169,pause,NA,NA,NA,NA,0.0,0,-14.9,-2.45,[],0,0,[],[]
6692900,6694140,NA,OLN,0.0,169,pause,NA,NA,NA,NA,0.0,0,-13.3,-3.9,[],0,0,[],[]
6694140,6697610,NA,NOF,0.0,169,pause,NA,NA,NA,NA,0.0,0,-15.85,-2.87,[],0,0,[],[]
6697610,6698440,NA,SIL,0.0,169,pause,NA,NA,NA,NA,0.0,0,-38.22,-33.38,[],0,0,[],[]
6698440,6699280,NA,NON,0.0,169,pause,NA,NA,NA,NA,0.0,0,-20.0,-9.07,[],0,0,[],[]
6699280,6700280,CHI,CHN,0.0,169,CIOCX,BC,0,NT,FI,2.0,620,-25.37,-12.95,"[{'Canonical-syllable': '0', 'Growl': '0', 'High-freq-energy': '0', 'Long-island': '0', 'Low-tilt-spectrum': '1', 'Medium-island': '1', 'Short-island': '0', 'Squeal': '0', 'Typical-entropy': '1', 'Voicing-quality': '1', 'Wide-band': '0', 'Xlong-island': '0', 'seq': '1', 'end': 6699.76, 'start': 6699.44}, {'Canonical-syllable': '0', 'Growl': '1', 'High-freq-energy': '0', 'Long-island': '0', 'Low-tilt-spectrum': '1', 'Medium-island': '0', 'Short-island': '0', 'Squeal': '0', 'Typical-entropy': '1', 'Voicing-quality': '0', 'Wide-band': '0', 'Xlong-island': '0', 'seq': '2', 'end': 6700.28, 'start': 6700.14}]",0,0,[],[]
6700280,6701170,OCH,CXN,0.0,169,CIOCX,EC,0,NT,FI,0.0,0,-23.78,-13.27,[],0,0,[],[]
6701170,6703620,NA,NOF,0.0,170,pause,NA,NA,NA,NA,0.0,0,-20.45,-4.82,[],0,0,[],[]
6703620,6704510,NA,SIL,0.0,170,pause,NA,NA,NA,NA,0.0,0,-40.6,-26.45,[],0,0,[],[]
6704510,6705360,NA,OLF,0.0,170,pause,NA,NA,NA,NA,0.0,0,-17.63,-3.5,[],0,0,[],[]
6705360,6707810,NA,NOF,0.0,170,pause,NA,NA,NA,NA,0.0,0,-39.96,-24.0,[],0,0,[],[]
6707810,6708410,NA,MAF,0.0,170,pause,NA,NA,NA,NA,0.0,0,-18.3,-5.72,[],0,0,[],[]
6708410,6712430,NA,NOF,0.0,170,pause,NA,NA,NA,NA,0.0,0,-32.91,-15.11,[],0,0,[],[]
6712430,6713050,NA,CHF,0.0,170,pause,NA,NA,NA,NA,0.0,0,-38.55,-27.44,[],0,480,"[{'start': 6712.43, 'end': 6712.73}]","[{'start': 6712.73, 'end': 6712.91}]"
6713050,6713950,NA,NON,0.0,170,pause,NA,NA,NA,NA,0.0,0,-21.99,-8.6,[],0,0,[],[]
6713950,6715170,NA,FAF,0.0,170,pause,NA,NA,NA,NA,0.0,0,-35.39,-24.7,[],0,0,[],[]
6715170,6716690,NA,CHF,0.0,170,pause,NA,NA,NA,NA,0.0,0,-21.19,-3.46,[],0,0,[],[]
6716690,6717720,NA,OLF,0.0,170,pause,NA,NA,NA,NA,0.0,0,-13.04,-1.53,[],0,0,[],[]
6717720,6718740,NA,FAF,0.0,170,pause,NA,NA,NA,NA,0.0,0,-19.06,-4.73,[],0,0,[],[]
6718740,6720420,NA,OLF,0.0,170,pause,NA,NA,NA,NA,0.0,0,-14.87,-2.76,[],0,0,[],[]
6720420,6721060,CHI,CHN,0.0,170,pause,NA,NA,NA,NA,0.0,0,-17.0,-9.37,[],0,400,"[{'start': 6720.42, 'end': 6720.82}]",[]
6721060,6722280,NA,OLN,0.0,170,pause,NA,NA,NA,NA,0.0,0,-17.35,-4.8,[],0,0,[],[]
6722280,6723460,NA,NOF,0.0,170,pause,NA,NA,NA,NA,0.0,0,-14.28,-2.85,[],0,0,[],[]
6723460,6734400,NA,TVN,0.0,170,pause,NA,NA,NA,NA,0.0,0,-45.1,-28.35,[],0,0,[],[]
6734400,6735430,NA,TVN,0.0,170,pause,NA,NA,NA,NA,0.0,0,-28.15,-15.83,[],0,0,[],[]
6735430,6737610,NA,TVN,0.0,170,pause,NA,NA,NA,NA,0.0,0,-46.87,-35.57,[],0,0,[],[]
6737610,6738580,NA,TVN,0.0,170,pause,NA,NA,NA,NA,0.0,0,-36.85,-27.63,[],0,0,[],[]
6738580,6762820,NA,TVN,0.0,170,pause,NA,NA,NA,NA,0.0,0,-43.69,-22.69,[],0,0,[],[]
6762820,6769220,NA,NON,0.0,170,pause,NA,NA,NA,NA,0.0,0,-54.38,-45.81,[],0,0,[],[]
6769220,6775670,NA,NON,0.0,170,pause,NA,NA,NA,NA,0.0,0,-52.52,-40.76,[],0,0,[],[]
6775670,6793820,NA,TVN,0.0,170,pause,NA,NA,NA,NA,0.0,0,-49.41,-36.37,[],0,0,[],[]
6793820,6799770,NA,NON,0.0,170,pause,NA,NA,NA,NA,0.0,0,-53.94,-36.96,[],0,0,[],[]
6799770,6807420,NA,TVN,0.0,170,pause,NA,NA,NA,NA,0.0,0,-45.52,-24.51,[],0,0,[],[]
6807420,6857720,NA,NON,0.0,170,pause,NA,NA,NA,NA,0.0,0,-48.29,-19.79,[],0,0,[],[]
6857720,6882670,NA,NON,0.0,170,pause,NA,NA,NA,NA,0.0,0,-56.9,-41.54,[],0,0,[],[]
6882670,6896310,NA,TVN,0.0,170,pause,NA,NA,NA,NA,0.0,0,-43.05,-20.9,[],0,0,[],[]
6896310,6898250,NA,TVN,0.0,170,pause,NA,NA,NA,NA,0.0,0,-26.56,-18.12,[],0,0,[],[]
6898250,6899420,NA,TVN,0.0,170,pause,NA,NA,NA,NA,0.0,0,-31.77,-18.11,[],0,0,[],[]
6899420,6901090,NA,TVN,0.0,170,pause,NA,NA,NA,NA,0.0,0,-27.9,-17.96,[],0,0,[],[]
6901090,6902590,NA,TVN,0.0,170,pause,NA,NA,NA,NA,0.0,0,-35.62,-25.82,[],0,0,[],[]
6902590,6903560,NA,TVN,0.0,170,pause,NA,NA,NA,NA,0.0,0,-31.58,-24.23,[],0,0,[],[]
6903560,6905170,NA,TVN,0.0,170,pause,NA,NA,NA,NA,0.0,0,-31.28,-20.33,[],0,0,[],[]
6905170,6907840,NA,TVN,0.0,170,pause,NA,NA,NA,NA,0.0,0,-51.3,-32.03,[],0,0,[],[]
6907840,6908440,NA,TVN,0.0,170,pause,NA,NA,NA,NA,0.0,0,-30.38,-23.03,[],0,0,[],[]
6908440,6909770,NA,TVN,0.0,170,pause,NA,NA,NA,NA,0.0,0,-44.38,-29.39,[],0,0,[],[]
6909770,6910880,NA,TVN,0.0,170,pause,NA,NA,NA,NA,0.0,0,-27.39,-20.45,[],0,0,[],[]
6910880,6911880,NA,TVN,0.0,170,pause,NA,NA,NA,NA,0.0,0,-38.21,-24.03,[],0,0,[],[]
6911880,6912700,NA,TVN,0.0,170,pause,NA,NA,NA,NA,0.0,0,-32.75,-22.28,[],0,0,[],[]
6912700,6914940,NA,TVN,0.0,170,pause,NA,NA,NA,NA,0.0,0,-31.65,-23.22,[],0,0,[],[]
6914940,6917140,NA,TVN,0.0,170,pause,NA,NA,NA,NA,0.0,0,-40.54,-28.81,[],0,0,[],[]
6917140,6918910,NA,TVN,0.0,170,pause,NA,NA,NA,NA,0.0,0,-28.1,-16.89,[],0,0,[],[]
6918910,6921280,NA,TVN,0.0,170,pause,NA,NA,NA,NA,0.0,0,-45.91,-33.01,[],0,0,[],[]
6921280,6922080,NA,TVN,0.0,170,pause,NA,NA,NA,NA,0.0,0,-39.88,-32.38,[],0,0,[],[]
6922080,6929010,NA,TVN,0.0,170,pause,NA,NA,NA,NA,0.0,0,-37.07,-16.23,[],0,0,[],[]
6929010,6930440,NA,TVN,0.0,170,pause,NA,NA,NA,NA,0.0,0,-30.69,-21.17,[],0,0,[],[]
6930440,6931440,NA,TVN,0.0,170,pause,NA,NA,NA,NA,0.0,0,-43.07,-28.33,[],0,0,[],[]
6931440,6932240,NA,TVN,0.0,170,pause,NA,NA,NA,NA,0.0,0,-36.67,-30.24,[],0,0,[],[]
6932240,6937950,NA,TVN,0.0,170,pause,NA,NA,NA,NA,0.0,0,-35.69,-17.08,[],0,0,[],[]
6937950,6938750,NA,TVN,0.0,170,pause,NA,NA,NA,NA,0.0,0,-36.82,-29.66,[],0,0,[],[]
6938750,6939990,NA,TVN,0.0,170,pause,NA,NA,NA,NA,0.0,0,-43.8,-33.59,[],0,0,[],[]
6939990,6940790,NA,TVN,0.0,170,pause,NA,NA,NA,NA,0.0,0,-34.78,-26.29,[],0,0,[],[]
6940790,6946250,NA,TVN,0.0,170,pause,NA,NA,NA,NA,0.0,0,-39.98,-24.05,[],0,0,[],[]
6946250,6947140,NA,TVN,0.0,170,pause,NA,NA,NA,NA,0.0,0,-30.07,-17.28,[],0,0,[],[]
6947140,6948520,NA,TVN,0.0,170,pause,NA,NA,NA,NA,0.0,0,-50.87,-41.46,[],0,0,[],[]
6948520,6949490,NA,TVN,0.0,170,pause,NA,NA,NA,NA,0.0,0,-36.07,-27.92,[],0,0,[],[]
6949490,6983320,NA,TVN,0.0,170,pause,NA,NA,NA,NA,0.0,0,-45.2,-19.96,[],0,0,[],[]
6983320,6993570,NA,SIL,0.0,170,pause,NA,NA,NA,NA,0.0,0,-58.32,-52.06,[],0,0,[],[]
6993570,7001620,NA,TVN,0.0,170,pause,NA,NA,NA,NA,0.0,0,-51.61,-30.07,[],0,0,[],[]
7001620,7010470,NA,NON,0.0,170,pause,NA,NA,NA,NA,0.0,0,-55.76,-37.95,[],0,0,[],[]
7010470,7012420,NA,TVN,0.0,170,pause,NA,NA,NA,NA,0.0,0,-49.33,-35.92,[],0,0,[],[]
7012420,7021370,NA,NON,0.0,170,pause,NA,NA,NA,NA,0.0,0,-54.52,-32.53,[],0,0,[],[]
7021370,7056320,NA,TVN,0.0,170,pause,NA,NA,NA,NA,0.0,0,-47.6,-21.32,[],0,0,[],[]
7056320,7077770,NA,NON,0.0,170,pause,NA,NA,NA,NA,0.0,0,-56.58,-39.69,[],0,0,[],[]
7077770,7081620,NA,TVN,0.0,170,pause,NA,NA,NA,NA,0.0,0,-40.51,-23.04,[],0,0,[],[]
7081620,7093270,NA,NON,0.0,170,pause,NA,NA,NA,NA,0.0,0,-56.78,-36.19,[],0,0,[],[]
7093270,7103320,NA,TVN,0.0,170,pause,NA,NA,NA,NA,0.0,0,-52.94,-31.71,[],0,0,[],[]
7103320,7109720,NA,NON,0.0,170,pause,NA,NA,NA,NA,0.0,0,-55.78,-42.9,[],0,0,[],[]
7109720,7141870,NA,NON,0.0,170,pause,NA,NA,NA,NA,0.0,0,-55.44,-36.94,[],0,0,[],[]
7141870,7146920,NA,TVN,0.0,170,pause,NA,NA,NA,NA,0.0,0,-54.95,-44.84,[],0,0,[],[]
7146920,7153270,NA,NON,0.0,170,pause,NA,NA,NA,NA,0.0,0,-55.49,-47.53,[],0,0,[],[]
7153270,7156920,NA,TVN,0.0,170,pause,NA,NA,NA,NA,0.0,0,-55.77,-46.51,[],0,0,[],[]
7156920,7180520,NA,NON,0.0,170,pause,NA,NA,NA,NA,0.0,0,-57.5,-47.18,[],0,0,[],[]
7180520,7186970,NA,NON,0.0,170,pause,NA,NA,NA,NA,0.0,0,-56.82,-48.87,[],0,0,[],[]
7186970,7202920,NA,TVN,0.0,170,pause,NA,NA,NA,NA,0.0,0,-52.82,-39.82,[],0,0,[],[]
7202920,7210370,NA,NON,0.0,170,pause,NA,NA,NA,NA,0.0,0,-56.77,-48.62,[],0,0,[],[]
7210370,7212820,NA,TVN,0.0,170,pause,NA,NA,NA,NA,0.0,0,-48.35,-38.19,[],0,0,[],[]
7212820,7222970,NA,NON,0.0,170,pause,NA,NA,NA,NA,0.0,0,-55.62,-46.78,[],0,0,[],[]
7222970,7224320,NA,TVN,0.0,170,pause,NA,NA,NA,NA,0.0,0,-53.6,-48.96,[],0,0,[],[]
7224320,7250270,NA,NON,0.0,170,pause,NA,NA,NA,NA,0.0,0,-56.9,-44.74,[],0,0,[],[]
7250270,7260720,NA,TVN,0.0,170,pause,NA,NA,NA,NA,0.0,0,-53.05,-38.86,[],0,0,[],[]
7260720,7277270,NA,NON,0.0,170,pause,NA,NA,NA,NA,0.0,0,-56.23,-43.99,[],0,0,[],[]
7277270,7285120,NA,TVN,0.0,170,pause,NA,NA,NA,NA,0.0,0,-53.57,-40.87,[],0,0,[],[]
7285120,7291370,NA,NON,0.0,170,pause,NA,NA,NA,NA,0.0,0,-54.71,-45.03,[],0,0,[],[]
7291370,7299020,NA,TVN,0.0,170,pause,NA,NA,NA,NA,0.0,0,-52.86,-38.44,[],0,0,[],[]
7299020,7305220,NA,NON,0.0,170,pause,NA,NA,NA,NA,0.0,0,-55.37,-45.19,[],0,0,[],[]
7305220,7312970,NA,NON,0.0,170,pause,NA,NA,NA,NA,0.0,0,-56.4,-42.86,[],0,0,[],[]
7312970,7322220,NA,TVN,0.0,170,pause,NA,NA,NA,NA,0.0,0,-53.6,-40.39,[],0,0,[],[]
7322220,7330970,NA,NON,0.0,170,pause,NA,NA,NA,NA,0.0,0,-56.52,-45.29,[],0,0,[],[]
7330970,7336220,NA,TVN,0.0,170,pause,NA,NA,NA,NA,0.0,0,-50.89,-38.48,[],0,0,[],[]
7336220,7343870,NA,NON,0.0,170,pause,NA,NA,NA,NA,0.0,0,-53.44,-36.95,[],0,0,[],[]
7343870,7383120,NA,TVN,0.0,170,pause,NA,NA,NA,NA,0.0,0,-43.87,-24.51,[],0,0,[],[]
7383120,7392570,NA,NON,0.0,170,pause,NA,NA,NA,NA,0.0,0,-56.21,-44.22,[],0,0,[],[]
7392570,7395780,NA,TVN,0.0,170,pause,NA,NA,NA,NA,0.0,0,-49.71,-37.95,[],0,0,[],[]
7395780,7397020,NA,TVN,0.0,170,pause,NA,NA,NA,NA,0.0,0,-42.28,-33.29,[],0,0,[],[]
7397020,7416530,NA,TVN,0.0,170,pause,NA,NA,NA,NA,0.0,0,-44.15,-25.21,[],0,0,[],[]
7416530,7418320,FEM,FAN,6.41,170,AICF,BC,0,NT,FI,0.0,0,-16.63,-2.78,[],0,0,[],[]
7418320,7419740,NA,OLN,0.0,170,AICF,NA,NA,NA,NA,0.0,0,-18.78,-5.78,[],0,0,[],[]
7419740,7423660,FEM,FAN,14.6,170,AICF,RC,0,NT,FH,0.0,0,-26.13,-11.49,[],0,0,[],[]
7423660,7424460,NA,SIL,0.0,170,AICF,NA,NA,NA,NA,0.0,0,-46.67,-36.36,[],0,0,[],[]
7424460,7425810,NA,NOF,0.0,170,AICF,NA,NA,NA,NA,0.0,0,-24.36,-9.47,[],0,0,[],[]
7425810,7428180,NA,OLN,0.0,170,AICF,NA,NA,NA,NA,0.0,0,-19.01,-3.28,[],0,0,[],[]
7428180,7429180,FEM,FAN,2.75,170,AICF,RC,0,NT,FH,0.0,0,-28.15,-19.38,[],0,0,[],[]
7429180,7430560,NA,OLN,0.0,170,AICF,NA,NA,NA,NA,0.0,0,-22.65,-8.53,[],0,0,[],[]
7430560,7431660,FEM,FAN,3.27,170,AICF,RC,0,NT,FH,0.0,0,-23.24,-6.25,[],0,0,[],[]
7431660,7433630,NA,OLN,0.0,170,AICF,NA,NA,NA,NA,0.0,0,-30.18,-21.2,[],0,0,[],[]
7433630,7434630,FEM,FAN,4.52,170,AICF,RC,0,NT,FH,0.0,0,-29.61,-21.02,[],0,0,[],[]
7434630,7435970,NA,NOF,0.0,170,AICF,NA,NA,NA,NA,0.0,0,-23.42,-7.3,[],0,0,[],[]
7435970,7437250,OCH,CXN,0.0,170,AICF,RC,0,NT,FI,0.0,0,-21.77,-12.94,[],0,0,[],[]
7437250,7438070,NA,NOF,0.0,170,AICF,NA,NA,NA,NA,0.0,0,-47.37,-37.4,[],0,0,[],[]
7438070,7438870,OCH,CXN,0.0,170,AICF,RC,0,NT,FH,0.0,0,-29.49,-22.16,[],0,0,[],[]
7438870,7440120,NA,NOF,0.0,170,AICF,NA,NA,NA,NA,0.0,0,-48.13,-39.99,[],0,0,[],[]
7440120,7441180,CHI,CHN,0.0,170,AICF,RC,0,NT,FI,1.0,900,-21.07,-12.44,"[{'Canonical-syllable': '2', 'Growl': '0', 'High-freq-energy': '0', 'Long-island': '0', 'Low-tilt-spectrum': '1', 'Medium-island': '1', 'Short-island': '1', 'Squeal': '0', 'Typical-entropy': '1', 'Voicing-quality': '3', 'Wide-band': '0', 'Xlong-island': '0', 'seq': '1', 'end': 7441.02, 'start': 7440.12}]",0,0,[],[]
7441180,7442120,CHI,CHN,0.0,170,AICF,RC,0,NT,FH,1.0,940,-22.29,-15.27,"[{'Canonical-syllable': '0', 'Growl': '0', 'High-freq-energy': '0', 'Long-island': '0', 'Low-tilt-spectrum': '0', 'Medium-island': '1', 'Short-island': '0', 'Squeal': '0', 'Typical-entropy': '0', 'Voicing-quality': '2', 'Wide-band': '0', 'Xlong-island': '0', 'seq': '1', 'end': 7442.12, 'start': 7441.18}]",0,0,[],[]
7442120,7443130,OCH,CXN,0.0,170,AICF,RC,0,NT,FI,0.0,0,-21.64,-15.85,[],0,0,[],[]
7443130,7443890,CHI,CHN,0.0,170,AICF,RC,0,NT,FI,1.0,760,-16.12,-9.74,"[{'Canonical-syllable': '0', 'Growl': '0', 'High-freq-energy': '0', 'Long-island': '0', 'Low-tilt-spectrum': '1', 'Medium-island': '1', 'Short-island': '1', 'Squeal': '0', 'Typical-entropy': '2', 'Voicing-quality': '2', 'Wide-band': '0', 'Xlong-island': '0', 'seq': '1', 'end': 7443.89, 'start': 7443.13}]",0,0,[],[]
7443890,7444690,OCH,CXN,0.0,170,AICF,RC,0,NT,FI,0.0,0,-24.6,-16.4,[],0,0,[],[]
7444690,7445740,NA,OLF,0.0,170,AICF,NA,NA,NA,NA,0.0,0,-38.06,-28.89,[],0,0,[],[]
7445740,7447020,FEM,FAN,5.88,170,AICF,RC,0,TIFI,FI,0.0,0,-40.79,-32.62,[],0,0,[],[]
7447020,7447820,NA,NOF,0.0,170,AICF,NA,NA,NA,NA,0.0,0,-42.93,-27.61,[],0,0,[],[]
7447820,7448630,CHI,CHN,0.0,170,AICF,RC,1,TIFR,FI,1.0,810,-22.84,-18.48,"[{'Canonical-syllable': '0', 'Growl': '0', 'High-freq-energy': '0', 'Long-island': '1', 'Low-tilt-spectrum': '0', 'Medium-island': '0', 'Short-island': '0', 'Squeal': '0', 'Typical-entropy': '1', 'Voicing-quality': '1', 'Wide-band': '0', 'Xlong-island': '0', 'seq': '1', 'end': 7448.63, 'start': 7447.82}]",0,0,[],[]
7448630,7450920,OCH,CXN,0.0,170,AICF,RC,1,NT,FI,0.0,0,-25.46,-15.45,[],0,0,[],[]
7450920,7451750,CHI,CHN,0.0,170,AICF,NA,NA,NA,NA,0.0,0,-27.37,-21.58,[],0,380,"[{'start': 7450.92, 'end': 7451.3}]",[]
7451750,7453610,FEM,FAN,8.9,170,AICF,RC,1,NT,FI,0.0,0,-35.85,-25.17,[],0,0,[],[]
7453610,7454880,NA,NOF,0.0,170,AICF,NA,NA,NA,NA,0.0,0,-46.21,-32.03,[],0,0,[],[]
7454880,7456800,OCH,CXN,0.0,170,AICF,RC,1,NT,FI,0.0,0,-22.84,-11.37,[],0,0,[],[]
7456800,7457450,OCH,CXN,0.0,170,AICF,RC,1,NT,FH,0.0,0,-30.0,-21.48,[],0,0,[],[]
7457450,7458520,OCH,CXN,0.0,170,AICF,RC,1,NT,FH,0.0,0,-27.57,-17.01,[],0,0,[],[]
7458520,7459320,NA,SIL,0.0,170,AICF,NA,NA,NA,NA,0.0,0,-58.11,-47.99,[],0,0,[],[]
7459320,7461750,FEM,FAN,9.78,170,AICF,RC,1,TIFI,FI,0.0,0,-30.76,-20.86,[],0,0,[],[]
7461750,7462610,NA,NOF,0.0,170,AICF,NA,NA,NA,NA,0.0,0,-39.95,-25.89,[],0,0,[],[]
7462610,7463410,NA,OLN,0.0,170,AICF,NA,NA,NA,NA,0.0,0,-17.51,-4.91,[],0,0,[],[]
7463410,7464210,NA,NOF,0.0,170,AICF,NA,NA,NA,NA,0.0,0,-40.69,-36.96,[],0,0,[],[]
7464210,7464810,CHI,CHN,0.0,170,AICF,RC,2,TIFR,FI,2.0,470,-32.83,-20.5,"[{'Canonical-syllable': '0', 'Growl': '0', 'High-freq-energy': '0', 'Long-island': '0', 'Low-tilt-spectrum': '0', 'Medium-island': '0', 'Short-island': '0', 'Squeal': '0', 'Typical-entropy': '0', 'Voicing-quality': '0', 'Wide-band': '0', 'Xlong-island': '0', 'seq': '1', 'end': 7464.29, 'start': 7464.21}, {'Canonical-syllable': '0', 'Growl': '0', 'High-freq-energy': '0', 'Long-island': '0', 'Low-tilt-spectrum': '0', 'Medium-island': '0', 'Short-island': '0', 'Squeal': '0', 'Typical-entropy': '1', 'Voicing-quality': '1', 'Wide-band': '0', 'Xlong-island': '0', 'seq': '2', 'end': 7464.68, 'start': 7464.59}]",0,0,[],[]
7464810,7466890,NA,NON,0.0,170,AICF,NA,NA,NA,NA,0.0,0,-22.44,-5.94,[],0,0,[],[]
7466890,7467690,OCH,CXN,0.0,170,AICF,RC,2,NT,FI,0.0,0,-28.83,-19.94,[],0,0,[],[]
7467690,7468600,NA,OLF,0.0,170,AICF,NA,NA,NA,NA,0.0,0,-42.86,-34.88,[],0,0,[],[]
7468600,7469740,FEM,FAN,6.09,170,AICF,RC,2,NT,FI,0.0,0,-32.72,-25.1,[],0,0,[],[]
7469740,7470540,NA,SIL,0.0,170,AICF,NA,NA,NA,NA,0.0,0,-47.23,-34.0,[],0,0,[],[]
7470540,7471540,FEM,FAN,3.65,170,AICF,RC,2,TIFI,FH,0.0,0,-35.57,-27.33,[],0,0,[],[]
7471540,7472190,CHI,CHN,0.0,170,AICF,RC,3,TIFR,FI,1.0,650,-24.54,-19.16,"[{'Canonical-syllable': '0', 'Growl': '0', 'High-freq-energy': '0', 'Long-island': '0', 'Low-tilt-spectrum': '0', 'Medium-island': '1', 'Short-island': '0', 'Squeal': '0', 'Typical-entropy': '0', 'Voicing-quality': '1', 'Wide-band': '0', 'Xlong-island': '0', 'seq': '1', 'end': 7472.19, 'start': 7471.8}]",0,0,[],[]
7472190,7473910,NA,NON,0.0,170,AICF,NA,NA,NA,NA,0.0,0,-43.88,-32.92,[],0,0,[],[]
7473910,7476920,FEM,FAN,12.39,170,AICF,RC,3,TIFE,FI,0.0,0,-28.42,-16.84,[],0,0,[],[]
7476920,7477720,NA,NOF,0.0,170,AICF,NA,NA,NA,NA,0.0,0,-45.04,-37.55,[],0,0,[],[]
7477720,7478720,FEM,FAN,2.19,170,AICF,RC,3,NT,FH,0.0,0,-39.65,-31.82,[],0,0,[],[]
7478720,7480750,NA,NOF,0.0,170,AICF,NA,NA,NA,NA,0.0,0,-49.84,-37.12,[],0,0,[],[]
7480750,7483260,FEM,FAN,9.18,170,AICF,RC,3,NT,FH,0.0,0,-30.16,-19.01,[],0,0,[],[]
7483260,7484060,NA,SIL,0.0,170,AICF,NA,NA,NA,NA,0.0,0,-49.07,-37.7,[],0,0,[],[]
7484060,7484750,FEM,FAN,4.04,170,AICF,RC,3,NT,FH,0.0,0,-39.2,-30.73,[],0,0,[],[]
7484750,7485550,NA,FAF,0.0,170,AICF,NA,NA,NA,NA,0.0,0,-41.97,-34.46,[],0,0,[],[]
7485550,7486540,NA,NOF,0.0,170,AICF,NA,NA,NA,NA,0.0,0,-51.33,-43.92,[],0,0,[],[]
7486540,7487850,FEM,FAN,4.82,170,AICF,RC,3,NT,FH,0.0,0,-27.43,-18.54,[],0,0,[],[]
7487850,7488920,FEM,FAN,5.5,170,AICF,RC,3,NT,FH,0.0,0,-26.95,-18.9,[],0,0,[],[]
7488920,7489830,NA,SIL,0.0,170,AICF,NA,NA,NA,NA,0.0,0,-51.11,-41.95,[],0,0,[],[]
7489830,7490550,FEM,FAN,0.52,170,AICF,RC,3,NT,FH,0.0,0,-34.42,-22.57,[],0,0,[],[]
7490550,7491360,NA,NOF,0.0,170,AICF,NA,NA,NA,NA,0.0,0,-30.43,-18.19,[],0,0,[],[]
7491360,7493690,NA,OLN,0.0,170,AICF,NA,NA,NA,NA,0.0,0,-22.75,-11.31,[],0,0,[],[]
7493690,7495050,FEM,FAN,6.08,170,AICF,RC,3,TIFI,FH,0.0,0,-34.46,-19.93,[],0,0,[],[]
7495050,7495690,CHI,CHN,0.0,170,AICF,RC,4,TIFR,FI,1.0,180,-22.19,-10.32,"[{'Canonical-syllable': '0', 'Growl': '0', 'High-freq-energy': '0', 'Long-island': '0', 'Low-tilt-spectrum': '0', 'Medium-island': '0', 'Short-island': '1', 'Squeal': '0', 'Typical-entropy': '1', 'Voicing-quality': '1', 'Wide-band': '0', 'Xlong-island': '0', 'seq': '1', 'end': 7495.69, 'start': 7495.51}]",0,0,[],[]
7495690,7496640,NA,NOF,0.0,170,AICF,NA,NA,NA,NA,0.0,0,-27.36,-11.41,[],0,0,[],[]
7496640,7497650,FEM,FAN,6.38,170,AICF,RC,4,TIFE,FI,0.0,0,-37.34,-31.08,[],0,0,[],[]
7497650,7498450,NA,SIL,0.0,170,AICF,NA,NA,NA,NA,0.0,0,-50.28,-39.72,[],0,0,[],[]
7498450,7499460,FEM,FAN,0.0,170,AICF,NA,NA,NA,NA,0.0,0,-33.55,-21.65,[],1010,0,[],[]
7499460,7500880,NA,NOF,0.0,170,AICF,NA,NA,NA,NA,0.0,0,-41.93,-31.44,[],0,0,[],[]
7500880,7501480,CHI,CHN,0.0,170,AICF,NA,NA,NA,NA,0.0,0,-16.63,-10.42,[],0,420,"[{'start': 7501.06, 'end': 7501.48}]",[]
7501480,7502280,OCH,CXN,0.0,170,AICF,RC,4,NT,FI,0.0,0,-20.35,-9.57,[],0,0,[],[]
7502280,7503280,FEM,FAN,3.96,170,AICF,EC,4,NT,FI,0.0,0,-25.11,-9.06,[],0,0,[],[]
7503280,7504430,NA,OLN,0.0,171,pause,NA,NA,NA,NA,0.0,0,-23.36,-7.65,[],0,0,[],[]
7504430,7505450,NA,NOF,0.0,171,pause,NA,NA,NA,NA,0.0,0,-32.13,-14.25,[],0,0,[],[]
7505450,7506480,NA,OLN,0.0,171,pause,NA,NA,NA,NA,0.0,0,-26.79,-17.53,[],0,0,[],[]
7506480,7508450,NA,NOF,0.0,171,pause,NA,NA,NA,NA,0.0,0,-29.78,-9.27,[],0,0,[],[]
7508450,7509880,NA,SIL,0.0,171,pause,NA,NA,NA,NA,0.0,0,-52.71,-41.71,[],0,0,[],[]
7509880,7510860,NA,OLN,0.0,171,pause,NA,NA,NA,NA,0.0,0,-28.58,-15.65,[],0,0,[],[]
7510860,7511890,NA,NOF,0.0,171,pause,NA,NA,NA,NA,0.0,0,-40.89,-30.09,[],0,0,[],[]
7511890,7513440,FEM,FAN,6.4,171,AIOCF,BC,0,NT,FI,0.0,0,-26.79,-17.33,[],0,0,[],[]
7513440,7514470,OCH,CXN,0.0,171,AIOCF,RC,0,NT,FI,0.0,0,-32.43,-21.97,[],0,0,[],[]
7514470,7515770,FEM,FAN,2.49,171,AIOCF,RC,0,NT,FI,0.0,0,-33.15,-21.15,[],0,0,[],[]
7515770,7516640,NA,SIL,0.0,171,AIOCF,NA,NA,NA,NA,0.0,0,-53.55,-40.15,[],0,0,[],[]
7516640,7517640,FEM,FAN,5.76,171,AIOCF,RC,0,NT,FH,0.0,0,-25.05,-17.65,[],0,0,[],[]
7517640,7518240,FEM,FAN,3.15,171,AIOCF,RC,0,NT,FH,0.0,0,-26.4,-18.82,[],0,0,[],[]
7518240,7519710,FEM,FAN,6.66,171,AIOCF,RC,0,NT,FH,0.0,0,-27.81,-19.07,[],0,0,[],[]
7519710,7520520,OCH,CXN,0.0,171,AIOCF,RC,0,NT,FI,0.0,0,-36.38,-28.2,[],0,0,[],[]
7520520,7521690,FEM,FAN,5.64,171,AIOCF,RC,0,NT,FI,0.0,0,-27.33,-19.64,[],0,0,[],[]
7521690,7522690,NA,SIL,0.0,171,AIOCF,NA,NA,NA,NA,0.0,0,-52.05,-46.66,[],0,0,[],[]
7522690,7523690,FEM,FAN,3.21,171,AIOCF,RC,0,NT,FH,0.0,0,-36.04,-28.13,[],0,0,[],[]
7523690,7524490,NA,OLN,0.0,171,AIOCF,NA,NA,NA,NA,0.0,0,-22.88,-10.13,[],0,0,[],[]
7524490,7525290,OCH,CXN,0.0,171,AIOCF,RC,0,NT,FI,0.0,0,-32.61,-24.13,[],0,0,[],[]
7525290,7527140,NA,SIL,0.0,171,AIOCF,NA,NA,NA,NA,0.0,0,-45.74,-32.66,[],0,0,[],[]
7527140,7528220,OCH,CXN,0.0,171,AIOCF,RC,0,NT,FH,0.0,0,-31.56,-26.52,[],0,0,[],[]
7528220,7528820,NA,SIL,0.0,171,AIOCF,NA,NA,NA,NA,0.0,0,-45.44,-30.51,[],0,0,[],[]
7528820,7529820,OCH,CXN,0.0,171,AIOCF,RC,0,NT,FH,0.0,0,-32.99,-24.74,[],0,0,[],[]
7529820,7530900,FEM,FAN,6.11,171,AIOCF,RC,0,NT,FI,0.0,0,-35.13,-26.08,[],0,0,[],[]
7530900,7531700,NA,MAF,0.0,171,AIOCF,NA,NA,NA,NA,0.0,0,-24.67,-13.89,[],0,0,[],[]
7531700,7533760,NA,NOF,0.0,171,AIOCF,NA,NA,NA,NA,0.0,0,-44.77,-32.69,[],0,0,[],[]
7533760,7534760,FEM,FAN,4.26,171,AIOCF,RC,0,NT,FH,0.0,0,-35.21,-27.4,[],0,0,[],[]
7534760,7535860,OCH,CXN,0.0,171,AIOCF,EC,0,NT,FI,0.0,0,-29.56,-21.66,[],0,0,[],[]
7535860,7537370,NA,OLF,0.0,172,pause,NA,NA,NA,NA,0.0,0,-21.68,-5.34,[],0,0,[],[]
7537370,7538340,NA,SIL,0.0,172,pause,NA,NA,NA,NA,0.0,0,-56.73,-48.18,[],0,0,[],[]
7538340,7539730,NA,NOF,0.0,172,pause,NA,NA,NA,NA,0.0,0,-50.87,-38.79,[],0,0,[],[]
7539730,7541170,NA,SIL,0.0,172,pause,NA,NA,NA,NA,0.0,0,-49.29,-38.68,[],0,0,[],[]
7541170,7542210,NA,NOF,0.0,172,pause,NA,NA,NA,NA,0.0,0,-48.12,-36.68,[],0,0,[],[]
7542210,7544470,FEM,FAN,7.83,172,AICF,BC,0,NT,FI,0.0,0,-37.12,-27.07,[],0,0,[],[]
7544470,7545330,NA,NOF,0.0,172,AICF,NA,NA,NA,NA,0.0,0,-36.66,-21.44,[],0,0,[],[]
7545330,7547580,OCH,CXN,0.0,172,AICF,RC,0,NT,FI,0.0,0,-33.51,-22.45,[],0,0,[],[]
7547580,7549170,NA,NOF,0.0,172,AICF,NA,NA,NA,NA,0.0,0,-54.61,-46.69,[],0,0,[],[]
7549170,7550650,OCH,CXN,0.0,172,AICF,RC,0,NT,FH,0.0,0,-33.04,-26.2,[],0,0,[],[]
7550650,7551500,NA,NOF,0.0,172,AICF,NA,NA,NA,NA,0.0,0,-38.05,-30.28,[],0,0,[],[]
7551500,7552430,NA,OLN,0.0,172,AICF,NA,NA,NA,NA,0.0,0,-34.67,-29.82,[],0,0,[],[]
7552430,7554220,FEM,FAN,9.16,172,AICF,RC,0,NT,FI,0.0,0,-34.83,-26.84,[],0,0,[],[]
7554220,7555020,NA,SIL,0.0,172,AICF,NA,NA,NA,NA,0.0,0,-55.13,-43.69,[],0,0,[],[]
7555020,7556180,OCH,CXN,0.0,172,AICF,RC,0,NT,FI,0.0,0,-34.91,-28.16,[],0,0,[],[]
7556180,7557180,FEM,FAN,5.89,172,AICF,RC,0,NT,FI,0.0,0,-38.65,-29.68,[],0,0,[],[]
7557180,7557980,OCH,CXN,0.0,172,AICF,RC,0,NT,FI,0.0,0,-39.53,-33.56,[],0,0,[],[]
7557980,7559120,OCH,CXN,0.0,172,AICF,RC,0,NT,FH,0.0,0,-37.31,-30.63,[],0,0,[],[]
7559120,7560550,OCH,CXN,0.0,172,AICF,RC,0,NT,FH,0.0,0,-33.18,-24.98,[],0,0,[],[]
7560550,7561570,OCH,CXN,0.0,172,AICF,RC,0,NT,FH,0.0,0,-36.16,-26.26,[],0,0,[],[]
7561570,7563370,OCH,CXN,0.0,172,AICF,RC,0,NT,FH,0.0,0,-35.71,-25.6,[],0,0,[],[]
7563370,7564600,FEM,FAN,5.3,172,AICF,RC,0,NT,FI,0.0,0,-36.06,-29.94,[],0,0,[],[]
7564600,7565500,NA,NOF,0.0,172,AICF,NA,NA,NA,NA,0.0,0,-49.62,-42.18,[],0,0,[],[]
7565500,7566590,OCH,CXN,0.0,172,AICF,RC,0,NT,FI,0.0,0,-34.2,-28.06,[],0,0,[],[]
7566590,7567860,NA,SIL,0.0,172,AICF,NA,NA,NA,NA,0.0,0,-59.76,-49.57,[],0,0,[],[]
7567860,7568860,OCH,CXN,0.0,172,AICF,RC,0,NT,FH,0.0,0,-34.36,-27.38,[],0,0,[],[]
7568860,7569660,NA,TVF,0.0,172,AICF,NA,NA,NA,NA,0.0,0,-54.1,-44.97,[],0,0,[],[]
7569660,7571400,FEM,FAN,7.47,172,AICF,RC,0,NT,FI,0.0,0,-38.76,-27.22,[],0,0,[],[]
7571400,7572470,OCH,CXN,0.0,172,AICF,RC,0,NT,FI,0.0,0,-36.14,-30.22,[],0,0,[],[]
7572470,7575010,FEM,FAN,11.5,172,AICF,RC,0,NT,FI,0.0,0,-37.31,-29.8,[],0,0,[],[]
7575010,7575940,NA,NOF,0.0,172,AICF,NA,NA,NA,NA,0.0,0,-46.09,-39.89,[],0,0,[],[]
7575940,7577070,NA,SIL,0.0,172,AICF,NA,NA,NA,NA,0.0,0,-50.59,-38.75,[],0,0,[],[]
7577070,7578090,OCH,CXN,0.0,172,AICF,RC,0,NT,FI,0.0,0,-35.09,-28.84,[],0,0,[],[]
7578090,7579170,OCH,CXN,0.0,172,AICF,RC,0,NT,FH,0.0,0,-39.01,-31.42,[],0,0,[],[]
7579170,7580940,FEM,FAN,7.69,172,AICF,RC,0,NT,FI,0.0,0,-34.54,-27.39,[],0,0,[],[]
7580940,7582250,NA,SIL,0.0,172,AICF,NA,NA,NA,NA,0.0,0,-58.26,-48.11,[],0,0,[],[]
7582250,7583250,FEM,FAN,0.54,172,AICF,RC,0,NT,FH,0.0,0,-35.87,-26.05,[],0,0,[],[]
7583250,7584050,OCH,CXN,0.0,172,AICF,RC,0,NT,FI,0.0,0,-36.56,-31.12,[],0,0,[],[]
7584050,7586670,FEM,FAN,11.07,172,AICF,RC,0,NT,FI,0.0,0,-36.34,-30.01,[],0,0,[],[]
7586670,7587470,NA,TVF,0.0,172,AICF,NA,NA,NA,NA,0.0,0,-46.59,-38.44,[],0,0,[],[]
7587470,7590730,FEM,FAN,12.83,172,AICF,RC,0,NT,FH,0.0,0,-36.6,-27.74,[],0,0,[],[]
7590730,7591530,NA,SIL,0.0,172,AICF,NA,NA,NA,NA,0.0,0,-56.91,-45.21,[],0,0,[],[]
7591530,7592720,FEM,FAN,6.32,172,AICF,RC,0,NT,FH,0.0,0,-40.52,-31.6,[],0,0,[],[]
7592720,7593830,OCH,CXN,0.0,172,AICF,RC,0,NT,FI,0.0,0,-42.19,-35.92,[],0,0,[],[]
7593830,7597710,NA,SIL,0.0,172,AICF,NA,NA,NA,NA,0.0,0,-54.45,-37.73,[],0,0,[],[]
7597710,7598520,FEM,FAN,4.64,172,AICF,RC,0,NT,FI,0.0,0,-39.35,-32.48,[],0,0,[],[]
7598520,7599550,FEM,FAN,5.35,172,AICF,RC,0,NT,FH,0.0,0,-36.25,-29.95,[],0,0,[],[]
7599550,7600340,FEM,FAN,0.0,172,AICF,NA,NA,NA,NA,0.0,0,-49.72,-42.5,[],790,0,[],[]
7600340,7601900,NA,SIL,0.0,172,AICF,NA,NA,NA,NA,0.0,0,-52.41,-39.38,[],0,0,[],[]
7601900,7602920,FEM,FAN,4.4,172,AICF,RC,0,NT,FH,0.0,0,-37.4,-30.82,[],0,0,[],[]
7602920,7603830,NA,SIL,0.0,172,AICF,NA,NA,NA,NA,0.0,0,-59.3,-49.34,[],0,0,[],[]
7603830,7604830,OCH,CXN,0.0,172,AICF,RC,0,NT,FI,0.0,0,-37.52,-30.2,[],0,0,[],[]
7604830,7608130,NA,SIL,0.0,172,AICF,NA,NA,NA,NA,0.0,0,-53.65,-36.35,[],0,0,[],[]
7608130,7609200,OCH,CXN,0.0,172,AICF,RC,0,NT,FH,0.0,0,-32.0,-19.49,[],0,0,[],[]
7609200,7610000,OCH,CXN,0.0,172,AICF,RC,0,NT,FH,0.0,0,-28.11,-18.88,[],0,0,[],[]
7610000,7610800,NA,NOF,0.0,172,AICF,NA,NA,NA,NA,0.0,0,-53.05,-45.91,[],0,0,[],[]
7610800,7611440,FEM,FAN,0.0,172,AICF,NA,NA,NA,NA,0.0,0,-38.48,-30.33,[],640,0,[],[]
7611440,7612240,NA,OLN,0.0,172,AICF,NA,NA,NA,NA,0.0,0,-17.67,-4.06,[],0,0,[],[]
7612240,7613540,FEM,FAN,6.48,172,AICF,RC,0,TIFI,FI,0.0,0,-30.17,-21.2,[],0,0,[],[]
7613540,7614340,CHI,CHN,0.0,172,AICF,RC,1,TIFR,FI,1.0,190,-36.21,-24.68,"[{'Canonical-syllable': '0', 'Growl': '0', 'High-freq-energy': '0', 'Long-island': '0', 'Low-tilt-spectrum': '0', 'Medium-island': '0', 'Short-island': '1', 'Squeal': '0', 'Typical-entropy': '0', 'Voicing-quality': '1', 'Wide-band': '0', 'Xlong-island': '0', 'seq': '1', 'end': 7614.34, 'start': 7614.15}]",0,0,[],[]
7614340,7615550,FEM,FAN,5.55,172,AICF,RC,1,TIFE,FI,0.0,0,-32.4,-25.3,[],0,0,[],[]
7615550,7616590,OCH,CXN,0.0,172,AICF,RC,1,NT,FI,0.0,0,-29.86,-21.29,[],0,0,[],[]
7616590,7617830,FEM,FAN,3.8,172,AICF,RC,1,NT,FI,0.0,0,-35.72,-27.1,[],0,0,[],[]
7617830,7619070,NA,SIL,0.0,172,AICF,NA,NA,NA,NA,0.0,0,-55.69,-42.93,[],0,0,[],[]
7619070,7623350,FEM,FAN,15.6,172,AICF,RC,1,NT,FH,0.0,0,-27.21,-8.53,[],0,0,[],[]
7623350,7624150,NA,SIL,0.0,172,AICF,NA,NA,NA,NA,0.0,0,-53.8,-44.55,[],0,0,[],[]
7624150,7624750,OCH,CXN,0.0,172,AICF,RC,1,NT,FI,0.0,0,-43.37,-34.28,[],0,0,[],[]
7624750,7625800,NA,SIL,0.0,172,AICF,NA,NA,NA,NA,0.0,0,-45.61,-34.08,[],0,0,[],[]
7625800,7626950,OCH,CXN,0.0,172,AICF,RC,1,NT,FH,0.0,0,-33.2,-28.52,[],0,0,[],[]
7626950,7627950,OCH,CXN,0.0,172,AICF,RC,1,NT,FH,0.0,0,-34.28,-28.94,[],0,0,[],[]
7627950,7631640,OCH,CXN,0.0,172,AICF,RC,1,NT,FH,0.0,0,-40.28,-26.53,[],0,0,[],[]
7631640,7632720,NA,SIL,0.0,172,AICF,NA,NA,NA,NA,0.0,0,-58.03,-50.83,[],0,0,[],[]
7632720,7633910,OCH,CXN,0.0,172,AICF,RC,1,NT,FH,0.0,0,-34.46,-19.8,[],0,0,[],[]
7633910,7635100,OCH,CXN,0.0,172,AICF,EC,1,NT,FH,0.0,0,-36.23,-23.06,[],0,0,[],[]
7635100,7636740,NA,SIL,0.0,173,pause,NA,NA,NA,NA,0.0,0,-57.87,-46.21,[],0,0,[],[]
7636740,7637740,NA,FAF,0.0,173,pause,NA,NA,NA,NA,0.0,0,-45.67,-35.1,[],0,0,[],[]
7637740,7641600,NA,SIL,0.0,173,pause,NA,NA,NA,NA,0.0,0,-44.45,-23.71,[],0,0,[],[]
7641600,7642470,OCH,CXN,0.0,173,XM,EC,0,NT,FI,0.0,0,-37.8,-31.18,[],0,0,[],[]
7642470,7643270,NA,FAF,0.0,174,pause,NA,NA,NA,NA,0.0,0,-45.5,-34.34,[],0,0,[],[]
7643270,7646610,NA,SIL,0.0,174,pause,NA,NA,NA,NA,0.0,0,-60.27,-53.62,[],0,0,[],[]
7646610,7647690,NA,TVF,0.0,174,pause,NA,NA,NA,NA,0.0,0,-53.24,-41.1,[],0,0,[],[]
7647690,7648490,NA,SIL,0.0,174,pause,NA,NA,NA,NA,0.0,0,-55.49,-45.11,[],0,0,[],[]
7648490,7649310,NA,NOF,0.0,174,pause,NA,NA,NA,NA,0.0,0,-52.76,-47.07,[],0,0,[],[]
7649310,7650120,OCH,CXN,0.0,174,XM,EC,0,NT,FI,0.0,0,-34.41,-27.63,[],0,0,[],[]
7650120,7650920,NA,SIL,0.0,175,pause,NA,NA,NA,NA,0.0,0,-52.41,-43.37,[],0,0,[],[]
7650920,7651720,NA,CXF,0.0,175,pause,NA,NA,NA,NA,0.0,0,-44.17,-37.19,[],0,0,[],[]
7651720,7653940,NA,SIL,0.0,175,pause,NA,NA,NA,NA,0.0,0,-57.91,-43.53,[],0,0,[],[]
7653940,7654940,NA,CXF,0.0,175,pause,NA,NA,NA,NA,0.0,0,-52.05,-44.91,[],0,0,[],[]
7654940,7656930,NA,NOF,0.0,175,pause,NA,NA,NA,NA,0.0,0,-51.49,-43.85,[],0,0,[],[]
7656930,7657970,NA,CXF,0.0,175,pause,NA,NA,NA,NA,0.0,0,-51.19,-44.14,[],0,0,[],[]
7657970,7658800,NA,NOF,0.0,175,pause,NA,NA,NA,NA,0.0,0,-45.4,-39.04,[],0,0,[],[]
7658800,7660440,NA,TVN,0.0,175,pause,NA,NA,NA,NA,0.0,0,-45.96,-35.37,[],0,0,[],[]
7660440,7661600,NA,NOF,0.0,175,pause,NA,NA,NA,NA,0.0,0,-49.24,-42.16,[],0,0,[],[]
7661600,7662400,OCH,CXN,0.0,175,XM,EC,0,NT,FI,0.0,0,-34.77,-26.39,[],0,0,[],[]
7662400,7663480,NA,TVF,0.0,176,pause,NA,NA,NA,NA,0.0,0,-49.06,-38.97,[],0,0,[],[]
7663480,7664460,NA,SIL,0.0,176,pause,NA,NA,NA,NA,0.0,0,-58.44,-52.38,[],0,0,[],[]
7664460,7665280,NA,NOF,0.0,176,pause,NA,NA,NA,NA,0.0,0,-56.7,-51.62,[],0,0,[],[]
7665280,7667720,NA,SIL,0.0,176,pause,NA,NA,NA,NA,0.0,0,-48.75,-32.23,[],0,0,[],[]
7667720,7668520,NA,NOF,0.0,176,pause,NA,NA,NA,NA,0.0,0,-48.95,-41.47,[],0,0,[],[]
7668520,7669320,NA,SIL,0.0,176,pause,NA,NA,NA,NA,0.0,0,-56.5,-50.29,[],0,0,[],[]
7669320,7674970,NA,SIL,0.0,176,pause,NA,NA,NA,NA,0.0,0,-62.62,-52.36,[],0,0,[],[]
7674970,7683160,NA,SIL,0.0,176,pause,NA,NA,NA,NA,0.0,0,-53.25,-33.52,[],0,0,[],[]
7683160,7683960,NA,NON,0.0,176,pause,NA,NA,NA,NA,0.0,0,-22.92,-6.87,[],0,0,[],[]
7683960,7684760,OCH,CXN,0.0,176,XIC,BC,0,NT,FI,0.0,0,-43.84,-34.05,[],0,0,[],[]
7684760,7687860,NA,SIL,0.0,176,XIC,NA,NA,NA,NA,0.0,0,-45.18,-26.13,[],0,0,[],[]
7687860,7688660,NA,NOF,0.0,176,XIC,NA,NA,NA,NA,0.0,0,-50.64,-36.81,[],0,0,[],[]
7688660,7690400,FEM,FAN,6.75,176,XIC,RC,0,NT,FI,0.0,0,-37.64,-29.51,[],0,0,[],[]
7690400,7691940,NA,NOF,0.0,176,XIC,NA,NA,NA,NA,0.0,0,-25.15,-5.88,[],0,0,[],[]
7691940,7695270,NA,OLF,0.0,176,XIC,NA,NA,NA,NA,0.0,0,-29.78,-11.56,[],0,0,[],[]
7695270,7697080,FEM,FAN,7.96,176,XIC,RC,0,NT,FH,0.0,0,-25.08,-9.98,[],0,0,[],[]
7697080,7699200,NA,NOF,0.0,176,XIC,NA,NA,NA,NA,0.0,0,-41.15,-27.72,[],0,0,[],[]
7699200,7700130,NA,OLN,0.0,176,XIC,NA,NA,NA,NA,0.0,0,-30.84,-23.86,[],0,0,[],[]
7700130,7701130,FEM,FAN,0.68,176,XIC,RC,0,NT,FH,0.0,0,-34.8,-26.55,[],0,0,[],[]
7701130,7701730,OCH,CXN,0.0,176,XIC,RC,0,NT,FI,0.0,0,-28.42,-19.46,[],0,0,[],[]
7701730,7702740,FEM,FAN,6.59,176,XIC,RC,0,NT,FI,0.0,0,-31.47,-23.59,[],0,0,[],[]
7702740,7703850,NA,OLN,0.0,176,XIC,NA,NA,NA,NA,0.0,0,-28.99,-15.1,[],0,0,[],[]
7703850,7705150,FEM,FAN,5.87,176,XIC,RC,0,NT,FH,0.0,0,-29.93,-19.05,[],0,0,[],[]
7705150,7705950,NA,NOF,0.0,176,XIC,NA,NA,NA,NA,0.0,0,-43.64,-34.89,[],0,0,[],[]
7705950,7706750,OCH,CXN,0.0,176,XIC,RC,0,NT,FI,0.0,0,-38.0,-29.41,[],0,0,[],[]
7706750,7707950,FEM,FAN,5.57,176,XIC,RC,0,NT,FI,0.0,0,-24.1,-10.59,[],0,0,[],[]
7707950,7709960,NA,NOF,0.0,176,XIC,NA,NA,NA,NA,0.0,0,-32.4,-19.07,[],0,0,[],[]
7709960,7710560,OCH,CXN,0.0,176,XIC,RC,0,NT,FI,0.0,0,-36.17,-25.59,[],0,0,[],[]
7710560,7711740,FEM,FAN,3.31,176,XIC,RC,0,TIFI,FI,0.0,0,-34.58,-25.47,[],0,0,[],[]
7711740,7713610,NA,NOF,0.0,176,XIC,NA,NA,NA,NA,0.0,0,-16.86,-0.45,[],0,0,[],[]
7713610,7714980,CHI,CHN,0.0,176,XIC,RC,1,TIFR,FI,1.0,1150,-20.54,-12.49,"[{'Canonical-syllable': '0', 'Growl': '0', 'High-freq-energy': '0', 'Long-island': '1', 'Low-tilt-spectrum': '0', 'Medium-island': '1', 'Short-island': '0', 'Squeal': '0', 'Typical-entropy': '0', 'Voicing-quality': '2', 'Wide-band': '0', 'Xlong-island': '0', 'seq': '1', 'end': 7714.76, 'start': 7713.61}]",0,0,[],[]
7714980,7715780,NA,SIL,0.0,176,XIC,NA,NA,NA,NA,0.0,0,-49.59,-44.17,[],0,0,[],[]
7715780,7716830,CHI,CHN,0.0,176,XIC,EC,1,NT,FH,1.0,320,-43.79,-34.93,"[{'Canonical-syllable': '1', 'Growl': '0', 'High-freq-energy': '0', 'Long-island': '0', 'Low-tilt-spectrum': '1', 'Medium-island': '1', 'Short-island': '0', 'Squeal': '0', 'Typical-entropy': '1', 'Voicing-quality': '1', 'Wide-band': '0', 'Xlong-island': '0', 'seq': '1', 'end': 7716.1, 'start': 7715.78}]",0,0,[],[]
7716830,7717860,NA,NOF,0.0,177,pause,NA,NA,NA,NA,0.0,0,-44.06,-32.48,[],0,0,[],[]
7717860,7719030,NA,SIL,0.0,177,pause,NA,NA,NA,NA,0.0,0,-51.89,-47.5,[],0,0,[],[]
7719030,7719670,FEM,FAN,0.0,177,pause,NA,NA,NA,NA,0.0,0,-40.42,-36.5,[],640,0,[],[]
7719670,7720470,NA,SIL,0.0,177,pause,NA,NA,NA,NA,0.0,0,-45.43,-32.33,[],0,0,[],[]
7720470,7721470,NA,FAF,0.0,177,pause,NA,NA,NA,NA,0.0,0,-48.29,-36.42,[],0,0,[],[]
7721470,7722930,NA,SIL,0.0,177,pause,NA,NA,NA,NA,0.0,0,-56.2,-49.32,[],0,0,[],[]
7722930,7723790,NA,NOF,0.0,177,pause,NA,NA,NA,NA,0.0,0,-44.26,-30.7,[],0,0,[],[]
7723790,7726450,FEM,FAN,9.73,177,AMF,EC,0,NT,FI,0.0,0,-32.69,-18.01,[],0,0,[],[]
7726450,7727270,NA,NOF,0.0,178,pause,NA,NA,NA,NA,0.0,0,-49.57,-40.86,[],0,0,[],[]
7727270,7728070,NA,SIL,0.0,178,pause,NA,NA,NA,NA,0.0,0,-55.84,-48.95,[],0,0,[],[]
7728070,7729070,NA,FAF,0.0,178,pause,NA,NA,NA,NA,0.0,0,-43.41,-37.68,[],0,0,[],[]
7729070,7729920,NA,SIL,0.0,178,pause,NA,NA,NA,NA,0.0,0,-48.0,-34.04,[],0,0,[],[]
7729920,7730970,NA,NOF,0.0,178,pause,NA,NA,NA,NA,0.0,0,-47.62,-35.33,[],0,0,[],[]
7730970,7733950,NA,SIL,0.0,178,pause,NA,NA,NA,NA,0.0,0,-60.42,-51.58,[],0,0,[],[]
7733950,7734780,NA,NOF,0.0,178,pause,NA,NA,NA,NA,0.0,0,-50.55,-39.84,[],0,0,[],[]
7734780,7740960,NA,SIL,0.0,178,pause,NA,NA,NA,NA,0.0,0,-55.84,-39.8,[],0,0,[],[]
7740960,7742040,NA,FAF,0.0,178,pause,NA,NA,NA,NA,0.0,0,-43.81,-30.71,[],0,0,[],[]
7742040,7746300,NA,SIL,0.0,178,pause,NA,NA,NA,NA,0.0,0,-49.61,-36.03,[],0,0,[],[]
7746300,7747100,NA,NOF,0.0,178,pause,NA,NA,NA,NA,0.0,0,-49.88,-38.65,[],0,0,[],[]
7747100,7748600,NA,SIL,0.0,178,pause,NA,NA,NA,NA,0.0,0,-59.71,-53.52,[],0,0,[],[]
7748600,7750000,NA,FAF,0.0,178,pause,NA,NA,NA,NA,0.0,0,-46.65,-32.53,[],0,0,[],[]
7750000,7751960,NA,SIL,0.0,178,pause,NA,NA,NA,NA,0.0,0,-57.74,-49.65,[],0,0,[],[]
7751960,7755070,FEM,FAN,12.21,178,AICF,BC,0,NT,FI,0.0,0,-38.99,-31.48,[],0,0,[],[]
7755070,7756130,NA,SIL,0.0,178,AICF,NA,NA,NA,NA,0.0,0,-51.98,-44.47,[],0,0,[],[]
7756130,7757210,FEM,FAN,4.44,178,AICF,RC,0,NT,FH,0.0,0,-35.72,-22.82,[],0,0,[],[]
7757210,7758030,NA,NOF,0.0,178,AICF,NA,NA,NA,NA,0.0,0,-44.45,-32.73,[],0,0,[],[]
7758030,7758840,NA,SIL,0.0,178,AICF,NA,NA,NA,NA,0.0,0,-50.6,-38.5,[],0,0,[],[]
7758840,7759940,OCH,CXN,0.0,178,AICF,RC,0,NT,FI,0.0,0,-29.45,-22.9,[],0,0,[],[]
7759940,7760740,NA,NOF,0.0,178,AICF,NA,NA,NA,NA,0.0,0,-45.07,-30.52,[],0,0,[],[]
7760740,7761860,FEM,FAN,4.08,178,AICF,RC,0,TIFI,FI,0.0,0,-26.84,-18.34,[],0,0,[],[]
7761860,7763830,NA,NOF,0.0,178,AICF,NA,NA,NA,NA,0.0,0,-44.98,-29.04,[],0,0,[],[]
7763830,7765030,CHI,CHN,0.0,178,AICF,RC,1,TIFR,FI,2.0,740,-23.75,-13.87,"[{'Canonical-syllable': '0', 'Growl': '0', 'High-freq-energy': '0', 'Long-island': '0', 'Low-tilt-spectrum': '0', 'Medium-island': '0', 'Short-island': '2', 'Squeal': '0', 'Typical-entropy': '0', 'Voicing-quality': '3', 'Wide-band': '1', 'Xlong-island': '0', 'seq': '1', 'end': 7764.46, 'start': 7763.83}, {'Canonical-syllable': '0', 'Growl': '1', 'High-freq-energy': '0', 'Long-island': '0', 'Low-tilt-spectrum': '0', 'Medium-island': '0', 'Short-island': '0', 'Squeal': '0', 'Typical-entropy': '1', 'Voicing-quality': '1', 'Wide-band': '0', 'Xlong-island': '0', 'seq': '2', 'end': 7764.93, 'start': 7764.82}]",0,0,[],[]
7765030,7767340,NA,NOF,0.0,178,AICF,NA,NA,NA,NA,0.0,0,-50.13,-36.95,[],0,0,[],[]
7767340,7767940,NA,CHF,0.0,178,AICF,EC,1,NT,FH,1.0,600,-38.86,-30.94,"[{'Canonical-syllable': '0', 'Growl': '0', 'High-freq-energy': '0', 'Long-island': '0', 'Low-tilt-spectrum': '1', 'Medium-island': '1', 'Short-island': '0', 'Squeal': '0', 'Typical-entropy': '1', 'Voicing-quality': '1', 'Wide-band': '0', 'Xlong-island': '0', 'seq': '1', 'end': 7767.94, 'start': 7767.34}]",0,0,[],[]
7767940,7768740,NA,NOF,0.0,179,pause,NA,NA,NA,NA,0.0,0,-45.46,-29.44,[],0,0,[],[]
7768740,7770420,NA,SIL,0.0,179,pause,NA,NA,NA,NA,0.0,0,-59.56,-51.96,[],0,0,[],[]
7770420,7771270,NA,NOF,0.0,179,pause,NA,NA,NA,NA,0.0,0,-50.89,-43.6,[],0,0,[],[]
7771270,7772150,NA,SIL,0.0,179,pause,NA,NA,NA,NA,0.0,0,-50.91,-36.36,[],0,0,[],[]
7772150,7776770,NA,NOF,0.0,179,pause,NA,NA,NA,NA,0.0,0,-44.12,-19.69,[],0,0,[],[]
7776770,7778460,FEM,FAN,2.73,179,AMF,EC,0,NT,FI,0.0,0,-28.95,-21.43,[],0,0,[],[]
7778460,7781130,NA,NOF,0.0,180,pause,NA,NA,NA,NA,0.0,0,-48.06,-34.37,[],0,0,[],[]
7781130,7782260,NA,OLF,0.0,180,pause,NA,NA,NA,NA,0.0,0,-38.63,-20.66,[],0,0,[],[]
7782260,7783260,NA,FAF,0.0,180,pause,NA,NA,NA,NA,0.0,0,-40.42,-26.07,[],0,0,[],[]
7783260,7784210,NA,SIL,0.0,180,pause,NA,NA,NA,NA,0.0,0,-57.1,-49.17,[],0,0,[],[]
7784210,7785440,NA,FAF,0.0,180,pause,NA,NA,NA,NA,0.0,0,-49.03,-34.09,[],0,0,[],[]
7785440,7786040,OCH,CXN,0.0,180,XM,EC,0,NT,FI,0.0,0,-35.96,-26.02,[],0,0,[],[]
7786040,7787460,NA,SIL,0.0,181,pause,NA,NA,NA,NA,0.0,0,-56.16,-45.75,[],0,0,[],[]
7787460,7788430,CHI,CHN,0.0,181,pause,NA,NA,NA,NA,0.0,0,-38.88,-25.89,[],0,400,[],"[{'start': 7788.03, 'end': 7788.43}]"
7788430,7789370,NA,SIL,0.0,181,pause,NA,NA,NA,NA,0.0,0,-54.04,-42.83,[],0,0,[],[]
7789370,7792900,NA,NOF,0.0,181,pause,NA,NA,NA,NA,0.0,0,-45.08,-31.47,[],0,0,[],[]
7792900,7793500,NA,OLF,0.0,181,pause,NA,NA,NA,NA,0.0,0,-34.65,-26.83,[],0,0,[],[]
7793500,7794690,NA,NOF,0.0,181,pause,NA,NA,NA,NA,0.0,0,-42.44,-32.03,[],0,0,[],[]
7794690,7795380,FEM,FAN,0.0,181,pause,NA,NA,NA,NA,0.0,0,-38.99,-30.77,[],690,0,[],[]
7795380,7802920,NA,NOF,0.0,181,pause,NA,NA,NA,NA,0.0,0,-31.61,-4.78,[],0,0,[],[]
7802920,7803900,NA,SIL,0.0,181,pause,NA,NA,NA,NA,0.0,0,-53.92,-43.27,[],0,0,[],[]
7803900,7808470,NA,NOF,0.0,181,pause,NA,NA,NA,NA,0.0,0,-36.66,-15.34,[],0,0,[],[]
7808470,7809940,NA,SIL,0.0,181,pause,NA,NA,NA,NA,0.0,0,-49.79,-37.73,[],0,0,[],[]
7809940,7811010,NA,CXF,0.0,181,pause,NA,NA,NA,NA,0.0,0,-52.97,-46.15,[],0,0,[],[]
7811010,7811820,NA,SIL,0.0,181,pause,NA,NA,NA,NA,0.0,0,-50.46,-41.4,[],0,0,[],[]
7811820,7815200,NA,TVN,0.0,181,pause,NA,NA,NA,NA,0.0,0,-44.04,-30.57,[],0,0,[],[]
7815200,7817050,NA,SIL,0.0,181,pause,NA,NA,NA,NA,0.0,0,-53.64,-40.92,[],0,0,[],[]
7817050,7818070,FEM,FAN,7.88,181,AIOCCXF,BC,0,NT,FI,0.0,0,-36.76,-30.25,[],0,0,[],[]
7818070,7821330,NA,NOF,0.0,181,AIOCCXF,NA,NA,NA,NA,0.0,0,-44.81,-31.24,[],0,0,[],[]
7821330,7822330,NA,OLN,0.0,181,AIOCCXF,NA,NA,NA,NA,0.0,0,-31.07,-20.5,[],0,0,[],[]
7822330,7823340,MAL,MAN,2.78,181,AIOCCXF,RC,0,NT,FI,0.0,0,-35.85,-28.27,[],0,0,[],[]
7823340,7824140,NA,NOF,0.0,181,AIOCCXF,NA,NA,NA,NA,0.0,0,-41.03,-30.78,[],0,0,[],[]
7824140,7825140,MAL,MAN,3.64,181,AIOCCXF,RC,0,NT,FH,0.0,0,-36.03,-29.0,[],0,0,[],[]
7825140,7826480,NA,NOF,0.0,181,AIOCCXF,NA,NA,NA,NA,0.0,0,-32.05,-12.86,[],0,0,[],[]
7826480,7827630,OCH,CXN,0.0,181,AIOCCXF,RC,0,NT,FI,0.0,0,-21.86,-10.04,[],0,0,[],[]
7827630,7828400,CHI,CHN,0.0,181,AIOCCXF,RC,0,NT,FI,2.0,430,-17.54,-9.88,"[{'Canonical-syllable': '0', 'Growl': '0', 'High-freq-energy': '0', 'Long-island': '0', 'Low-tilt-spectrum': '0', 'Medium-island': '0', 'Short-island': '1', 'Squeal': '0', 'Typical-entropy': '1', 'Voicing-quality': '1', 'Wide-band': '0', 'Xlong-island': '0', 'seq': '1', 'end': 7827.87, 'start': 7827.63}, {'Canonical-syllable': '0', 'Growl': '0', 'High-freq-energy': '0', 'Long-island': '0', 'Low-tilt-spectrum': '0', 'Medium-island': '0', 'Short-island': '1', 'Squeal': '0', 'Typical-entropy': '0', 'Voicing-quality': '1', 'Wide-band': '0', 'Xlong-island': '0', 'seq': '2', 'end': 7828.4, 'start': 7828.21}]",0,0,[],[]
7828400,7829400,OCH,CXN,0.0,181,AIOCCXF,RC,0,NT,FI,0.0,0,-26.12,-20.51,[],0,0,[],[]
7829400,7830430,MAL,MAN,6.29,181,AIOCCXF,RC,0,NT,FI,0.0,0,-27.06,-17.27,[],0,0,[],[]
7830430,7831870,OCH,CXN,0.0,181,AIOCCXF,RC,0,NT,FI,0.0,0,-28.56,-20.03,[],0,0,[],[]
7831870,7832840,NA,NOF,0.0,181,AIOCCXF,NA,NA,NA,NA,0.0,0,-44.66,-36.61,[],0,0,[],[]
7832840,7833960,CHI,CHN,0.0,181,AIOCCXF,RC,0,NT,FI,1.0,480,-22.31,-12.07,"[{'Canonical-syllable': '0', 'Growl': '0', 'High-freq-energy': '0', 'Long-island': '0', 'Low-tilt-spectrum': '0', 'Medium-island': '0', 'Short-island': '2', 'Squeal': '0', 'Typical-entropy': '2', 'Voicing-quality': '2', 'Wide-band': '0', 'Xlong-island': '0', 'seq': '1', 'end': 7833.32, 'start': 7832.84}]",0,0,[],[]
7833960,7834600,CHI,CHN,0.0,181,AIOCCXF,EC,0,NT,FH,2.0,220,-18.68,-3.9,"[{'Canonical-syllable': '0', 'Growl': '1', 'High-freq-energy': '1', 'Long-island': '0', 'Low-tilt-spectrum': '1', 'Medium-island': '0', 'Short-island': '0', 'Squeal': '0', 'Typical-entropy': '1', 'Voicing-quality': '0', 'Wide-band': '0', 'Xlong-island': '0', 'seq': '1', 'end': 7834.09, 'start': 7833.96}, {'Canonical-syllable': '0', 'Growl': '0', 'High-freq-energy': '0', 'Long-island': '0', 'Low-tilt-spectrum': '0', 'Medium-island': '0', 'Short-island': '0', 'Squeal': '0', 'Typical-entropy': '0', 'Voicing-quality': '0', 'Wide-band': '0', 'Xlong-island': '0', 'seq': '2', 'end': 7834.6, 'start': 7834.51}]",0,0,[],[]
7834600,7836300,FEM,FAN,0.0,182,pause,NA,NA,NA,NA,0.0,0,-33.94,-23.34,[],1700,0,[],[]
7836300,7837100,NA,SIL,0.0,182,pause,NA,NA,NA,NA,0.0,0,-49.68,-44.46,[],0,0,[],[]
7837100,7837760,CHI,CHN,0.0,182,pause,NA,NA,NA,NA,0.0,0,-33.18,-22.75,[],0,660,"[{'start': 7837.1, 'end': 7837.49}]","[{'start': 7837.49, 'end': 7837.76}]"
7837760,7839900,NA,OLF,0.0,182,pause,NA,NA,NA,NA,0.0,0,-33.07,-18.47,[],0,0,[],[]
7839900,7840900,FEM,FAN,0.06,182,AMF,EC,0,NT,FI,0.0,0,-28.37,-16.52,[],0,0,[],[]
7840900,7842600,NA,NOF,0.0,183,pause,NA,NA,NA,NA,0.0,0,-31.67,-18.51,[],0,0,[],[]
7842600,7843420,NA,OLN,0.0,183,pause,NA,NA,NA,NA,0.0,0,-30.73,-22.78,[],0,0,[],[]
7843420,7844830,NA,NOF,0.0,183,pause,NA,NA,NA,NA,0.0,0,-35.05,-21.42,[],0,0,[],[]
7844830,7846810,NA,FAF,0.0,183,pause,NA,NA,NA,NA,0.0,0,-36.14,-23.66,[],0,0,[],[]
7846810,7847680,NA,OLF,0.0,183,pause,NA,NA,NA,NA,0.0,0,-35.05,-24.71,[],0,0,[],[]
7847680,7848690,OCH,CXN,0.0,183,XIOCA,BC,0,NT,FI,0.0,0,-22.19,-10.22,[],0,0,[],[]
7848690,7849690,MAL,MAN,5.49,183,XIOCA,RC,0,NT,FI,0.0,0,-38.72,-32.8,[],0,0,[],[]
7849690,7850580,NA,NOF,0.0,183,XIOCA,NA,NA,NA,NA,0.0,0,-47.6,-41.21,[],0,0,[],[]
7850580,7851430,NA,CXF,0.0,183,XIOCA,NA,NA,NA,NA,0.0,0,-50.5,-45.54,[],0,0,[],[]
7851430,7853850,NA,TVN,0.0,183,XIOCA,NA,NA,NA,NA,0.0,0,-48.23,-39.24,[],0,0,[],[]
7853850,7854650,NA,SIL,0.0,183,XIOCA,NA,NA,NA,NA,0.0,0,-57.65,-53.18,[],0,0,[],[]
7854650,7855650,MAL,MAN,0.71,183,XIOCA,EC,0,NT,FH,0.0,0,-31.51,-19.2,[],0,0,[],[]
7855650,7857400,NA,TVF,0.0,184,pause,NA,NA,NA,NA,0.0,0,-51.22,-44.04,[],0,0,[],[]
7857400,7858220,NA,SIL,0.0,184,pause,NA,NA,NA,NA,0.0,0,-55.79,-48.0,[],0,0,[],[]
7858220,7860630,NA,TVF,0.0,184,pause,NA,NA,NA,NA,0.0,0,-50.41,-43.35,[],0,0,[],[]
7860630,7861460,NA,SIL,0.0,184,pause,NA,NA,NA,NA,0.0,0,-52.92,-48.1,[],0,0,[],[]
7861460,7862960,NA,NOF,0.0,184,pause,NA,NA,NA,NA,0.0,0,-47.43,-39.71,[],0,0,[],[]
7862960,7864210,NA,OLF,0.0,184,pause,NA,NA,NA,NA,0.0,0,-37.43,-24.98,[],0,0,[],[]
7864210,7866350,NA,NOF,0.0,184,pause,NA,NA,NA,NA,0.0,0,-28.95,-13.91,[],0,0,[],[]
7866350,7867260,NA,OLF,0.0,184,pause,NA,NA,NA,NA,0.0,0,-31.21,-23.39,[],0,0,[],[]
7867260,7870360,NA,NOF,0.0,184,pause,NA,NA,NA,NA,0.0,0,-39.96,-27.99,[],0,0,[],[]
7870360,7870960,CHI,CHN,0.0,184,CIC,BC,0,TIFI,FI,1.0,600,-29.56,-23.02,"[{'Canonical-syllable': '1', 'Growl': '0', 'High-freq-energy': '0', 'Long-island': '0', 'Low-tilt-spectrum': '0', 'Medium-island': '1', 'Short-island': '0', 'Squeal': '0', 'Typical-entropy': '0', 'Voicing-quality': '1', 'Wide-band': '0', 'Xlong-island': '0', 'seq': '1', 'end': 7870.96, 'start': 7870.65}]",0,0,[],[]
7870960,7871780,NA,NOF,0.0,184,CIC,NA,NA,NA,NA,0.0,0,-42.72,-30.8,[],0,0,[],[]
7871780,7872500,FEM,FAN,3.21,184,CIC,EC,1,TIFR,FI,0.0,0,-31.7,-24.68,[],0,0,[],[]
7872500,7873550,NA,NOF,0.0,185,pause,NA,NA,NA,NA,0.0,0,-41.38,-33.22,[],0,0,[],[]
7873550,7874370,NA,OLF,0.0,185,pause,NA,NA,NA,NA,0.0,0,-38.64,-24.18,[],0,0,[],[]
7874370,7878600,NA,NOF,0.0,185,pause,NA,NA,NA,NA,0.0,0,-41.08,-28.85,[],0,0,[],[]
7878600,7879250,NA,CHF,0.0,185,pause,NA,NA,NA,NA,0.0,0,-40.88,-31.55,[],0,650,[],"[{'start': 7878.6, 'end': 7879.25}]"
7879250,7880800,NA,NOF,0.0,185,pause,NA,NA,NA,NA,0.0,0,-42.98,-31.58,[],0,0,[],[]
7880800,7881800,NA,FAF,0.0,185,pause,NA,NA,NA,NA,0.0,0,-36.54,-26.23,[],0,0,[],[]
7881800,7882680,NA,OLF,0.0,185,pause,NA,NA,NA,NA,0.0,0,-44.52,-37.07,[],0,0,[],[]
7882680,7883690,NA,MAF,0.0,185,pause,NA,NA,NA,NA,0.0,0,-36.02,-30.28,[],0,0,[],[]
7883690,7885180,NA,NOF,0.0,185,pause,NA,NA,NA,NA,0.0,0,-32.29,-15.67,[],0,0,[],[]
7885180,7886420,NA,OLF,0.0,185,pause,NA,NA,NA,NA,0.0,0,-32.72,-24.15,[],0,0,[],[]
7886420,7887670,NA,NOF,0.0,185,pause,NA,NA,NA,NA,0.0,0,-41.8,-30.83,[],0,0,[],[]
7887670,7888470,OCH,CXN,0.0,185,XIC,BC,0,NT,FI,0.0,0,-37.18,-27.22,[],0,0,[],[]
7888470,7889470,NA,NOF,0.0,185,XIC,NA,NA,NA,NA,0.0,0,-45.16,-35.36,[],0,0,[],[]
7889470,7890610,FEM,FAN,5.7,185,XIC,RC,0,NT,FI,0.0,0,-37.2,-28.5,[],0,0,[],[]
7890610,7891910,NA,NOF,0.0,185,XIC,NA,NA,NA,NA,0.0,0,-42.53,-27.18,[],0,0,[],[]
7891910,7893050,NA,OLN,0.0,185,XIC,NA,NA,NA,NA,0.0,0,-35.43,-28.3,[],0,0,[],[]
7893050,7894110,FEM,FAN,6.2,185,XIC,RC,0,NT,FH,0.0,0,-33.6,-23.16,[],0,0,[],[]
7894110,7895100,NA,NOF,0.0,185,XIC,NA,NA,NA,NA,0.0,0,-39.42,-28.38,[],0,0,[],[]
7895100,7896120,MAL,MAN,9.34,185,XIC,RC,0,TIMI,FI,0.0,0,-37.95,-32.02,[],0,0,[],[]
7896120,7896920,NA,OLF,0.0,185,XIC,NA,NA,NA,NA,0.0,0,-33.69,-19.76,[],0,0,[],[]
7896920,7898270,NA,OLN,0.0,185,XIC,NA,NA,NA,NA,0.0,0,-24.25,-8.54,[],0,0,[],[]
7898270,7899800,NA,NOF,0.0,185,XIC,NA,NA,NA,NA,0.0,0,-43.57,-33.09,[],0,0,[],[]
7899800,7900690,NA,OLF,0.0,185,XIC,NA,NA,NA,NA,0.0,0,-29.68,-17.12,[],0,0,[],[]
7900690,7901700,CHI,CHN,0.0,185,XIC,RC,1,TIMR,FI,1.0,1010,-18.38,-10.47,"[{'Canonical-syllable': '1', 'Growl': '0', 'High-freq-energy': '0', 'Long-island': '1', 'Low-tilt-spectrum': '0', 'Medium-island': '0', 'Short-island': '1', 'Squeal': '0', 'Typical-entropy': '1', 'Voicing-quality': '2', 'Wide-band': '0', 'Xlong-island': '0', 'seq': '1', 'end': 7901.7, 'start': 7900.69}]",0,0,[],[]
7901700,7903070,OCH,CXN,0.0,185,XIC,RC,1,NT,FI,0.0,0,-31.54,-18.44,[],0,0,[],[]
7903070,7905630,NA,NOF,0.0,185,XIC,NA,NA,NA,NA,0.0,0,-44.99,-30.78,[],0,0,[],[]
7905630,7907890,OCH,CXN,0.0,185,XIC,RC,1,NT,FH,0.0,0,-22.73,-14.53,[],0,0,[],[]
7907890,7908700,NA,MAF,0.0,185,XIC,NA,NA,NA,NA,0.0,0,-50.88,-42.12,[],0,0,[],[]
7908700,7909730,NA,SIL,0.0,185,XIC,NA,NA,NA,NA,0.0,0,-52.04,-42.06,[],0,0,[],[]
7909730,7910680,NA,NOF,0.0,185,XIC,NA,NA,NA,NA,0.0,0,-48.79,-35.9,[],0,0,[],[]
7910680,7911800,OCH,CXN,0.0,185,XIC,RC,1,NT,FH,0.0,0,-23.85,-14.57,[],0,0,[],[]
7911800,7913290,NA,NOF,0.0,185,XIC,NA,NA,NA,NA,0.0,0,-47.67,-38.02,[],0,0,[],[]
7913290,7913900,OCH,CXN,0.0,185,XIC,RC,1,NT,FH,0.0,0,-31.07,-26.61,[],0,0,[],[]
7913900,7915360,NA,NOF,0.0,185,XIC,NA,NA,NA,NA,0.0,0,-50.36,-45.2,[],0,0,[],[]
7915360,7916370,FEM,FAN,7.14,185,XIC,RC,1,NT,FI,0.0,0,-31.92,-22.16,[],0,0,[],[]
7916370,7918410,NA,NOF,0.0,185,XIC,NA,NA,NA,NA,0.0,0,-41.52,-25.44,[],0,0,[],[]
7918410,7919010,OCH,CXN,0.0,185,XIC,RC,1,NT,FI,0.0,0,-37.52,-25.65,[],0,0,[],[]
7919010,7919810,NA,NOF,0.0,185,XIC,NA,NA,NA,NA,0.0,0,-42.5,-31.11,[],0,0,[],[]
7919810,7921400,FEM,FAN,5.74,185,XIC,EC,1,NT,FI,0.0,0,-32.38,-21.55,[],0,0,[],[]
7921400,7922200,NA,NOF,0.0,186,pause,NA,NA,NA,NA,0.0,0,-30.66,-18.41,[],0,0,[],[]
7922200,7923020,NA,SIL,0.0,186,pause,NA,NA,NA,NA,0.0,0,-50.23,-41.54,[],0,0,[],[]
7923020,7929630,NA,NOF,0.0,186,pause,NA,NA,NA,NA,0.0,0,-44.46,-33.11,[],0,0,[],[]
7929630,7932280,FEM,FAN,9.63,186,AICF,BC,0,TIFI,FI,0.0,0,-22.52,-10.06,[],0,0,[],[]
7932280,7933620,NA,NOF,0.0,186,AICF,NA,NA,NA,NA,0.0,0,-50.38,-44.29,[],0,0,[],[]
7933620,7934260,CHI,CHN,0.0,186,AICF,RC,1,TIFR,FI,1.0,640,-16.86,-9.18,"[{'Canonical-syllable': '0', 'Growl': '0', 'High-freq-energy': '0', 'Long-island': '0', 'Low-tilt-spectrum': '0', 'Medium-island': '1', 'Short-island': '0', 'Squeal': '0', 'Typical-entropy': '0', 'Voicing-quality': '1', 'Wide-band': '0', 'Xlong-island': '0', 'seq': '1', 'end': 7934.26, 'start': 7933.62}]",0,0,[],[]
7934260,7935270,FEM,FAN,1.11,186,AICF,EC,1,TIFE,FI,0.0,0,-36.12,-28.98,[],0,0,[],[]
7935270,7937150,NA,NOF,0.0,187,pause,NA,NA,NA,NA,0.0,0,-22.27,-7.11,[],0,0,[],[]
7937150,7940220,NA,SIL,0.0,187,pause,NA,NA,NA,NA,0.0,0,-48.7,-43.6,[],0,0,[],[]
7940220,7941680,NA,NOF,0.0,187,pause,NA,NA,NA,NA,0.0,0,-46.71,-31.59,[],0,0,[],[]
7941680,7943100,CHI,CHN,0.0,187,CIC,BC,0,NT,FI,1.0,1200,-26.79,-15.81,"[{'Canonical-syllable': '1', 'Growl': '1', 'High-freq-energy': '1', 'Long-island': '0', 'Low-tilt-spectrum': '1', 'Medium-island': '1', 'Short-island': '1', 'Squeal': '0', 'Typical-entropy': '2', 'Voicing-quality': '3', 'Wide-band': '1', 'Xlong-island': '0', 'seq': '1', 'end': 7942.88, 'start': 7941.84}]",0,0,[],[]
7943100,7944390,NA,SIL,0.0,187,CIC,NA,NA,NA,NA,0.0,0,-49.94,-45.76,[],0,0,[],[]
7944390,7945430,OCH,CXN,0.0,187,CIC,RC,0,NT,FI,0.0,0,-23.64,-17.29,[],0,0,[],[]
7945430,7946070,NA,OLN,0.0,187,CIC,NA,NA,NA,NA,0.0,0,-21.55,-12.18,[],0,0,[],[]
7946070,7947070,OCH,CXN,0.0,187,CIC,RC,0,NT,FH,0.0,0,-25.93,-13.28,[],0,0,[],[]
7947070,7947870,OCH,CXN,0.0,187,CIC,RC,0,NT,FH,0.0,0,-23.55,-16.21,[],0,0,[],[]
7947870,7948470,CHI,CHN,0.0,187,CIC,NA,NA,NA,NA,0.0,0,-23.13,-14.55,[],0,440,[],"[{'start': 7947.87, 'end': 7948.31}]"
7948470,7949270,OCH,CXN,0.0,187,CIC,RC,0,NT,FH,0.0,0,-31.36,-24.61,[],0,0,[],[]
7949270,7950070,NA,NOF,0.0,187,CIC,NA,NA,NA,NA,0.0,0,-32.41,-23.51,[],0,0,[],[]
7950070,7951070,FEM,FAN,3.51,187,CIC,RC,0,NT,FI,0.0,0,-34.01,-26.32,[],0,0,[],[]
7951070,7951880,OCH,CXN,0.0,187,CIC,RC,0,NT,FI,0.0,0,-42.97,-34.12,[],0,0,[],[]
7951880,7952480,OCH,CXN,0.0,187,CIC,RC,0,NT,FH,0.0,0,-30.84,-23.62,[],0,0,[],[]
7952480,7953280,NA,CXF,0.0,187,CIC,NA,NA,NA,NA,0.0,0,-47.75,-30.44,[],0,0,[],[]
7953280,7953940,CHI,CHN,0.0,187,CIC,RC,0,TIFI,FI,1.0,570,-17.94,-12.35,"[{'Canonical-syllable': '0', 'Growl': '0', 'High-freq-energy': '0', 'Long-island': '0', 'Low-tilt-spectrum': '2', 'Medium-island': '1', 'Short-island': '1', 'Squeal': '0', 'Typical-entropy': '2', 'Voicing-quality': '2', 'Wide-band': '0', 'Xlong-island': '0', 'seq': '1', 'end': 7953.85, 'start': 7953.28}]",0,0,[],[]
7953940,7954940,FEM,FAN,0.69,187,CIC,RC,1,TIFR,FI,0.0,0,-20.66,-14.03,[],0,0,[],[]
7954940,7956740,NA,OLN,0.0,187,CIC,NA,NA,NA,NA,0.0,0,-31.11,-19.62,[],0,0,[],[]
7956740,7957590,NA,NOF,0.0,187,CIC,NA,NA,NA,NA,0.0,0,-40.47,-27.89,[],0,0,[],[]
7957590,7958400,NA,OLN,0.0,187,CIC,NA,NA,NA,NA,0.0,0,-33.71,-28.93,[],0,0,[],[]
7958400,7959730,FEM,FAN,3.31,187,CIC,RC,1,NT,FH,0.0,0,-35.15,-23.59,[],0,0,[],[]
7959730,7960700,NA,NOF,0.0,187,CIC,NA,NA,NA,NA,0.0,0,-46.44,-32.67,[],0,0,[],[]
7960700,7961980,OCH,CXN,0.0,187,CIC,RC,1,NT,FI,0.0,0,-25.07,-16.64,[],0,0,[],[]
7961980,7963040,NA,TVF,0.0,187,CIC,NA,NA,NA,NA,0.0,0,-51.72,-41.95,[],0,0,[],[]
7963040,7965640,FEM,FAN,9.28,187,CIC,RC,1,NT,FI,0.0,0,-26.08,-16.68,[],0,0,[],[]
7965640,7966540,NA,NOF,0.0,187,CIC,NA,NA,NA,NA,0.0,0,-46.14,-37.43,[],0,0,[],[]
7966540,7967340,NA,SIL,0.0,187,CIC,NA,NA,NA,NA,0.0,0,-45.27,-33.06,[],0,0,[],[]
7967340,7969040,FEM,FAN,4.24,187,CIC,RC,1,NT,FH,0.0,0,-34.14,-23.28,[],0,0,[],[]
7969040,7969840,NA,OLF,0.0,187,CIC,NA,NA,NA,NA,0.0,0,-34.77,-23.56,[],0,0,[],[]
7969840,7971030,FEM,FAN,10.32,187,CIC,RC,1,NT,FH,0.0,0,-33.76,-27.84,[],0,0,[],[]
7971030,7972120,CHI,CHN,0.0,187,CIC,NA,NA,NA,NA,0.0,0,-22.27,-11.0,[],0,180,"[{'start': 7971.51, 'end': 7971.69}]",[]
7972120,7973270,OCH,CXN,0.0,187,CIC,RC,1,NT,FI,0.0,0,-27.18,-14.36,[],0,0,[],[]
7973270,7974490,FEM,FAN,3.4,187,CIC,RC,1,NT,FI,0.0,0,-34.76,-27.62,[],0,0,[],[]
7974490,7975340,NA,NOF,0.0,187,CIC,NA,NA,NA,NA,0.0,0,-47.8,-35.61,[],0,0,[],[]
7975340,7976480,FEM,FAN,5.69,187,CIC,RC,1,NT,FH,0.0,0,-32.45,-23.52,[],0,0,[],[]
7976480,7977320,NA,FAF,0.0,187,CIC,NA,NA,NA,NA,0.0,0,-48.68,-40.32,[],0,0,[],[]
7977320,7978480,FEM,FAN,5.34,187,CIC,RC,1,NT,FH,0.0,0,-32.87,-21.15,[],0,0,[],[]
7978480,7979440,NA,SIL,0.0,187,CIC,NA,NA,NA,NA,0.0,0,-56.44,-49.46,[],0,0,[],[]
7979440,7981710,FEM,FAN,8.54,187,CIC,RC,1,NT,FH,0.0,0,-29.02,-18.16,[],0,0,[],[]
7981710,7983070,NA,SIL,0.0,187,CIC,NA,NA,NA,NA,0.0,0,-55.93,-48.7,[],0,0,[],[]
7983070,7983670,FEM,FAN,3.66,187,CIC,RC,1,NT,FH,0.0,0,-31.76,-22.08,[],0,0,[],[]
7983670,7984470,NA,SIL,0.0,187,CIC,NA,NA,NA,NA,0.0,0,-55.82,-51.12,[],0,0,[],[]
7984470,7985840,FEM,FAN,4.85,187,CIC,RC,1,NT,FH,0.0,0,-31.89,-23.01,[],0,0,[],[]
7985840,7987260,NA,NOF,0.0,187,CIC,NA,NA,NA,NA,0.0,0,-43.52,-34.33,[],0,0,[],[]
7987260,7989470,FEM,FAN,7.29,187,CIC,RC,1,NT,FH,0.0,0,-33.1,-22.86,[],0,0,[],[]
7989470,7990280,NA,SIL,0.0,187,CIC,NA,NA,NA,NA,0.0,0,-54.56,-44.31,[],0,0,[],[]
7990280,7991080,NA,NOF,0.0,187,CIC,NA,NA,NA,NA,0.0,0,-48.06,-39.93,[],0,0,[],[]
7991080,7991880,NA,OLN,0.0,187,CIC,NA,NA,NA,NA,0.0,0,-34.7,-24.96,[],0,0,[],[]
7991880,7992880,MAL,MAN,5.84,187,CIC,RC,1,NT,FI,0.0,0,-42.6,-29.57,[],0,0,[],[]
7992880,7994500,FEM,FAN,7.31,187,CIC,RC,1,TIFI,FI,0.0,0,-30.8,-22.94,[],0,0,[],[]
7994500,7995520,NA,NOF,0.0,187,CIC,NA,NA,NA,NA,0.0,0,-45.48,-29.23,[],0,0,[],[]
7995520,7996130,CHI,CHN,0.0,187,CIC,RC,2,TIFR,FI,1.0,610,-16.52,-11.01,"[{'Canonical-syllable': '0', 'Growl': '0', 'High-freq-energy': '0', 'Long-island': '0', 'Low-tilt-spectrum': '1', 'Medium-island': '1', 'Short-island': '0', 'Squeal': '0', 'Typical-entropy': '1', 'Voicing-quality': '1', 'Wide-band': '0', 'Xlong-island': '0', 'seq': '1', 'end': 7996.13, 'start': 7995.52}]",0,0,[],[]
7996130,7997430,FEM,FAN,6.88,187,CIC,RC,2,TIFE,FI,0.0,0,-34.56,-26.75,[],0,0,[],[]
7997430,7998420,NA,OLF,0.0,187,CIC,NA,NA,NA,NA,0.0,0,-40.9,-32.0,[],0,0,[],[]
7998420,7999220,NA,OLN,0.0,187,CIC,NA,NA,NA,NA,0.0,0,-33.6,-22.74,[],0,0,[],[]
7999220,8000240,FEM,FAN,5.62,187,CIC,EC,2,NT,FH,0.0,0,-33.02,-24.94,[],0,0,[],[]
8000240,8001230,NA,OLN,0.0,188,pause,NA,NA,NA,NA,0.0,0,-38.23,-31.76,[],0,0,[],[]
8001230,8002280,NA,NOF,0.0,188,pause,NA,NA,NA,NA,0.0,0,-49.36,-39.83,[],0,0,[],[]
8002280,8003080,NA,OLF,0.0,188,pause,NA,NA,NA,NA,0.0,0,-38.01,-29.66,[],0,0,[],[]
8003080,8004850,NA,NON,0.0,188,pause,NA,NA,NA,NA,0.0,0,-37.78,-25.17,[],0,0,[],[]
8004850,8005650,NA,SIL,0.0,188,pause,NA,NA,NA,NA,0.0,0,-50.97,-43.31,[],0,0,[],[]
8005650,8007630,NA,NOF,0.0,188,pause,NA,NA,NA,NA,0.0,0,-38.89,-21.98,[],0,0,[],[]
8007630,8008430,NA,OLF,0.0,188,pause,NA,NA,NA,NA,0.0,0,-35.74,-25.81,[],0,0,[],[]
8008430,8010790,NA,NOF,0.0,188,pause,NA,NA,NA,NA,0.0,0,-39.91,-25.09,[],0,0,[],[]
8010790,8011800,FEM,FAN,0.94,188,AIOCCXF,BC,0,NT,FI,0.0,0,-31.18,-19.11,[],0,0,[],[]
8011800,8012740,NA,FAF,0.0,188,AIOCCXF,NA,NA,NA,NA,0.0,0,-43.59,-34.21,[],0,0,[],[]
8012740,8013340,OCH,CXN,0.0,188,AIOCCXF,RC,0,NT,FI,0.0,0,-20.21,-11.22,[],0,0,[],[]
8013340,8014140,NA,OLN,0.0,188,AIOCCXF,NA,NA,NA,NA,0.0,0,-24.38,-15.46,[],0,0,[],[]
8014140,8014740,CHI,CHN,0.0,188,AIOCCXF,EC,0,NT,FI,1.0,600,-38.17,-31.58,"[{'Canonical-syllable': '0', 'Growl': '0', 'High-freq-energy': '0', 'Long-island': '0', 'Low-tilt-spectrum': '1', 'Medium-island': '1', 'Short-island': '0', 'Squeal': '0', 'Typical-entropy': '0', 'Voicing-quality': '1', 'Wide-band': '0', 'Xlong-island': '0', 'seq': '1', 'end': 8014.74, 'start': 8014.14}]",0,0,[],[]
8014740,8015540,NA,OLN,0.0,189,pause,NA,NA,NA,NA,0.0,0,-26.55,-15.09,[],0,0,[],[]
8015540,8016380,NA,NOF,0.0,189,pause,NA,NA,NA,NA,0.0,0,-45.23,-36.06,[],0,0,[],[]
8016380,8018550,NA,SIL,0.0,189,pause,NA,NA,NA,NA,0.0,0,-42.01,-29.24,[],0,0,[],[]
8018550,8019770,NA,NOF,0.0,189,pause,NA,NA,NA,NA,0.0,0,-31.68,-15.92,[],0,0,[],[]
8019770,8021540,FEM,FAN,5.68,189,AIOCF,BC,0,NT,FI,0.0,0,-41.73,-35.05,[],0,0,[],[]
8021540,8022340,NA,MAF,0.0,189,AIOCF,NA,NA,NA,NA,0.0,0,-39.62,-29.79,[],0,0,[],[]
8022340,8023200,OCH,CXN,0.0,189,AIOCF,RC,0,NT,FI,0.0,0,-31.48,-24.25,[],0,0,[],[]
8023200,8024290,FEM,FAN,4.07,189,AIOCF,EC,0,NT,FI,0.0,0,-30.61,-19.98,[],0,0,[],[]
8024290,8025150,NA,MAF,0.0,190,pause,NA,NA,NA,NA,0.0,0,-26.99,-13.04,[],0,0,[],[]
8025150,8025960,NA,OLF,0.0,190,pause,NA,NA,NA,NA,0.0,0,-23.24,-11.66,[],0,0,[],[]
8025960,8030240,NA,NOF,0.0,190,pause,NA,NA,NA,NA,0.0,0,-36.82,-16.58,[],0,0,[],[]
8030240,8031040,OCH,CXN,0.0,190,XIC,BC,0,NT,FI,0.0,0,-26.72,-16.16,[],0,0,[],[]
8031040,8031920,NA,NOF,0.0,190,XIC,NA,NA,NA,NA,0.0,0,-42.74,-36.04,[],0,0,[],[]
8031920,8032950,NA,OLN,0.0,190,XIC,NA,NA,NA,NA,0.0,0,-32.85,-24.87,[],0,0,[],[]
8032950,8033950,FEM,FAN,9.2,190,XIC,RC,0,TIFI,FI,0.0,0,-19.88,-11.11,[],0,0,[],[]
8033950,8035290,NA,OLN,0.0,190,XIC,NA,NA,NA,NA,0.0,0,-29.52,-17.51,[],0,0,[],[]
8035290,8037150,NA,NOF,0.0,190,XIC,NA,NA,NA,NA,0.0,0,-30.71,-15.74,[],0,0,[],[]
8037150,8038150,CHI,CHN,0.0,190,XIC,RC,1,TIFR,FI,1.0,850,-17.54,-10.62,"[{'Canonical-syllable': '1', 'Growl': '0', 'High-freq-energy': '0', 'Long-island': '0', 'Low-tilt-spectrum': '1', 'Medium-island': '2', 'Short-island': '0', 'Squeal': '0', 'Typical-entropy': '2', 'Voicing-quality': '3', 'Wide-band': '0', 'Xlong-island': '0', 'seq': '1', 'end': 8038.0, 'start': 8037.15}]",0,0,[],[]
8038150,8039030,NA,NOF,0.0,190,XIC,NA,NA,NA,NA,0.0,0,-35.62,-29.21,[],0,0,[],[]
8039030,8039830,NA,OLF,0.0,190,XIC,NA,NA,NA,NA,0.0,0,-44.65,-37.88,[],0,0,[],[]
8039830,8040630,NA,CXF,0.0,190,XIC,NA,NA,NA,NA,0.0,0,-46.84,-41.24,[],0,0,[],[]
8040630,8041280,CHI,CHN,0.0,190,XIC,RC,1,NT,FH,1.0,340,-16.9,-10.02,"[{'Canonical-syllable': '1', 'Growl': '0', 'High-freq-energy': '0', 'Long-island': '0', 'Low-tilt-spectrum': '1', 'Medium-island': '1', 'Short-island': '0', 'Squeal': '0', 'Typical-entropy': '1', 'Voicing-quality': '1', 'Wide-band': '0', 'Xlong-island': '0', 'seq': '1', 'end': 8041.28, 'start': 8040.94}]",0,0,[],[]
8041280,8042700,CHI,CHN,0.0,190,XIC,EC,1,NT,FH,2.0,910,-17.52,-9.47,"[{'Canonical-syllable': '0', 'Growl': '0', 'High-freq-energy': '0', 'Long-island': '0', 'Low-tilt-spectrum': '1', 'Medium-island': '1', 'Short-island': '0', 'Squeal': '0', 'Typical-entropy': '1', 'Voicing-quality': '2', 'Wide-band': '0', 'Xlong-island': '0', 'seq': '1', 'end': 8041.8, 'start': 8041.28}, {'Canonical-syllable': '0', 'Growl': '1', 'High-freq-energy': '0', 'Long-island': '0', 'Low-tilt-spectrum': '1', 'Medium-island': '0', 'Short-island': '2', 'Squeal': '0', 'Typical-entropy': '1', 'Voicing-quality': '2', 'Wide-band': '0', 'Xlong-island': '0', 'seq': '2', 'end': 8042.58, 'start': 8042.19}]",0,0,[],[]
8042700,8045580,NA,OLN,0.0,191,pause,NA,NA,NA,NA,0.0,0,-23.05,-10.94,[],0,0,[],[]
8045580,8047770,NA,NOF,0.0,191,pause,NA,NA,NA,NA,0.0,0,-37.06,-24.88,[],0,0,[],[]
8047770,8048370,NA,OLN,0.0,191,pause,NA,NA,NA,NA,0.0,0,-33.04,-25.43,[],0,0,[],[]
8048370,8049170,NA,NOF,0.0,191,pause,NA,NA,NA,NA,0.0,0,-45.63,-34.26,[],0,0,[],[]
8049170,8050060,OCH,CXN,0.0,191,XIOCC,BC,0,NT,FI,0.0,0,-38.63,-31.39,[],0,0,[],[]
8050060,8051970,NA,OLF,0.0,191,XIOCC,NA,NA,NA,NA,0.0,0,-39.65,-28.66,[],0,0,[],[]
8051970,8052980,CHI,CHN,0.0,191,XIOCC,EC,0,NT,FI,1.0,330,-27.02,-18.81,"[{'Canonical-syllable': '1', 'Growl': '0', 'High-freq-energy': '0', 'Long-island': '0', 'Low-tilt-spectrum': '0', 'Medium-island': '1', 'Short-island': '0', 'Squeal': '0', 'Typical-entropy': '1', 'Voicing-quality': '1', 'Wide-band': '0', 'Xlong-island': '0', 'seq': '1', 'end': 8052.98, 'start': 8052.65}]",0,0,[],[]
8052980,8055340,NA,OLN,0.0,192,pause,NA,NA,NA,NA,0.0,0,-37.78,-24.2,[],0,0,[],[]
8055340,8058360,NA,NOF,0.0,192,pause,NA,NA,NA,NA,0.0,0,-41.06,-29.43,[],0,0,[],[]
8058360,8059610,OCH,CXN,0.0,192,XM,EC,0,NT,FI,0.0,0,-19.49,-10.97,[],0,0,[],[]
8059610,8060780,NA,NOF,0.0,193,pause,NA,NA,NA,NA,0.0,0,-48.5,-42.32,[],0,0,[],[]
8060780,8062010,NA,FAF,0.0,193,pause,NA,NA,NA,NA,0.0,0,-42.69,-33.84,[],0,0,[],[]
8062010,8065380,NA,NOF,0.0,193,pause,NA,NA,NA,NA,0.0,0,-35.67,-17.51,[],0,0,[],[]
8065380,8066290,CHI,CHN,0.0,193,CIC,BC,0,TIMI,FI,1.0,910,-20.74,-13.22,"[{'Canonical-syllable': '2', 'Growl': '0', 'High-freq-energy': '0', 'Long-island': '0', 'Low-tilt-spectrum': '1', 'Medium-island': '2', 'Short-island': '0', 'Squeal': '0', 'Typical-entropy': '1', 'Voicing-quality': '2', 'Wide-band': '0', 'Xlong-island': '0', 'seq': '1', 'end': 8066.29, 'start': 8065.38}]",0,0,[],[]
8066290,8068430,NA,NOF,0.0,193,CIC,NA,NA,NA,NA,0.0,0,-44.22,-35.51,[],0,0,[],[]
8068430,8069760,NA,OLN,0.0,193,CIC,NA,NA,NA,NA,0.0,0,-23.99,-17.01,[],0,0,[],[]
8069760,8071140,MAL,MAN,7.82,193,CIC,EC,1,TIMR,FI,0.0,0,-28.75,-20.32,[],0,0,[],[]
8071140,8071940,NA,NOF,0.0,194,pause,NA,NA,NA,NA,0.0,0,-42.33,-28.72,[],0,0,[],[]
8071940,8074320,NA,OLN,0.0,194,pause,NA,NA,NA,NA,0.0,0,-18.2,-2.77,[],0,0,[],[]
8074320,8075320,NA,FAF,0.0,194,pause,NA,NA,NA,NA,0.0,0,-43.51,-34.74,[],0,0,[],[]
8075320,8076190,NA,NOF,0.0,194,pause,NA,NA,NA,NA,0.0,0,-47.28,-41.21,[],0,0,[],[]
8076190,8077250,OCH,CXN,0.0,194,XM,EC,0,NT,FI,0.0,0,-50.99,-45.7,[],0,0,[],[]
8077250,8079480,NA,OLF,0.0,195,pause,NA,NA,NA,NA,0.0,0,-45.84,-38.45,[],0,0,[],[]
8079480,8080730,NA,NOF,0.0,195,pause,NA,NA,NA,NA,0.0,0,-43.92,-31.15,[],0,0,[],[]
8080730,8081700,NA,MAF,0.0,195,pause,NA,NA,NA,NA,0.0,0,-40.38,-30.12,[],0,0,[],[]
8081700,8083180,NA,NOF,0.0,195,pause,NA,NA,NA,NA,0.0,0,-30.43,-12.19,[],0,0,[],[]
8083180,8085110,NA,OLN,0.0,195,pause,NA,NA,NA,NA,0.0,0,-31.98,-23.28,[],0,0,[],[]
8085110,8087340,NA,NOF,0.0,195,pause,NA,NA,NA,NA,0.0,0,-32.72,-16.27,[],0,0,[],[]
8087340,8088310,CHI,CHN,0.0,195,CIC,BC,0,TIFI,FI,1.0,690,-22.37,-15.24,"[{'Canonical-syllable': '0', 'Growl': '0', 'High-freq-energy': '0', 'Long-island': '0', 'Low-tilt-spectrum': '0', 'Medium-island': '1', 'Short-island': '1', 'Squeal': '0', 'Typical-entropy': '1', 'Voicing-quality': '2', 'Wide-band': '0', 'Xlong-island': '0', 'seq': '1', 'end': 8088.03, 'start': 8087.34}]",0,0,[],[]
8088310,8089110,NA,FAF,0.0,195,CIC,NA,NA,NA,NA,0.0,0,-33.89,-27.31,[],0,0,[],[]
8089110,8089910,FEM,FAN,7.48,195,CIC,RC,1,TIFR,FI,0.0,0,-30.77,-23.31,[],0,0,[],[]
8089910,8091460,NA,OLN,0.0,195,CIC,NA,NA,NA,NA,0.0,0,-21.71,-6.24,[],0,0,[],[]
8091460,8092460,FEM,FAN,0.14,195,CIC,RC,1,NT,FH,0.0,0,-37.43,-28.18,[],0,0,[],[]
8092460,8093380,NA,OLN,0.0,195,CIC,NA,NA,NA,NA,0.0,0,-21.38,-6.84,[],0,0,[],[]
8093380,8094380,FEM,FAN,2.21,195,CIC,RC,1,NT,FH,0.0,0,-32.42,-27.51,[],0,0,[],[]
8094380,8095700,NA,NOF,0.0,195,CIC,NA,NA,NA,NA,0.0,0,-42.33,-32.63,[],0,0,[],[]
8095700,8096300,CHI,CHN,0.0,195,CIC,RC,1,TIFE,FI,1.0,390,-29.52,-22.42,"[{'Canonical-syllable': '1', 'Growl': '0', 'High-freq-energy': '0', 'Long-island': '0', 'Low-tilt-spectrum': '0', 'Medium-island': '1', 'Short-island': '0', 'Squeal': '0', 'Typical-entropy': '0', 'Voicing-quality': '1', 'Wide-band': '0', 'Xlong-island': '0', 'seq': '1', 'end': 8096.09, 'start': 8095.7}]",0,0,[],[]
8096300,8097420,NA,NOF,0.0,195,CIC,NA,NA,NA,NA,0.0,0,-46.27,-41.74,[],0,0,[],[]
8097420,8098020,CHI,CHN,0.0,195,CIC,RC,1,NT,FH,1.0,350,-17.36,-9.14,"[{'Canonical-syllable': '0', 'Growl': '0', 'High-freq-energy': '0', 'Long-island': '0', 'Low-tilt-spectrum': '0', 'Medium-island': '0', 'Short-island': '1', 'Squeal': '0', 'Typical-entropy': '1', 'Voicing-quality': '1', 'Wide-band': '0', 'Xlong-island': '0', 'seq': '1', 'end': 8097.77, 'start': 8097.53}]",0,0,[],[]
8098020,8099080,NA,NOF,0.0,195,CIC,NA,NA,NA,NA,0.0,0,-44.43,-37.16,[],0,0,[],[]
8099080,8100270,NA,OLN,0.0,195,CIC,NA,NA,NA,NA,0.0,0,-29.95,-16.94,[],0,0,[],[]
8100270,8101120,NA,NOF,0.0,195,CIC,NA,NA,NA,NA,0.0,0,-44.18,-39.88,[],0,0,[],[]
8101120,8102120,OCH,CXN,0.0,195,CIC,EC,1,NT,FI,0.0,0,-25.62,-19.07,[],0,0,[],[]
8102120,8106420,NA,OLN,0.0,196,pause,NA,NA,NA,NA,0.0,0,-32.61,-22.99,[],0,0,[],[]
8106420,8107350,NA,NOF,0.0,196,pause,NA,NA,NA,NA,0.0,0,-40.57,-34.69,[],0,0,[],[]
8107350,8111170,NA,OLN,0.0,196,pause,NA,NA,NA,NA,0.0,0,-36.15,-26.24,[],0,0,[],[]
8111170,8112290,NA,NOF,0.0,196,pause,NA,NA,NA,NA,0.0,0,-42.24,-30.51,[],0,0,[],[]
8112290,8115760,NA,OLN,0.0,196,pause,NA,NA,NA,NA,0.0,0,-23.93,-10.9,[],0,0,[],[]
8115760,8116780,NA,NOF,0.0,196,pause,NA,NA,NA,NA,0.0,0,-22.45,-10.11,[],0,0,[],[]
8116780,8117590,NA,OLN,0.0,196,pause,NA,NA,NA,NA,0.0,0,-33.4,-27.74,[],0,0,[],[]
8117590,8118910,NA,NOF,0.0,196,pause,NA,NA,NA,NA,0.0,0,-41.22,-29.99,[],0,0,[],[]
8118910,8122060,NA,OLF,0.0,196,pause,NA,NA,NA,NA,0.0,0,-35.08,-24.71,[],0,0,[],[]
8122060,8123630,NA,OLN,0.0,196,pause,NA,NA,NA,NA,0.0,0,-30.33,-22.88,[],0,0,[],[]
8123630,8124630,OCH,CXN,0.0,196,XM,EC,0,NT,FI,0.0,0,-17.44,-8.45,[],0,0,[],[]
8124630,8130260,NA,OLN,0.0,197,pause,NA,NA,NA,NA,0.0,0,-18.89,-6.36,[],0,0,[],[]
8130260,8131110,NA,OLF,0.0,197,pause,NA,NA,NA,NA,0.0,0,-33.57,-20.81,[],0,0,[],[]
8131110,8132510,MAL,MAN,0.0,197,pause,NA,NA,NA,NA,0.0,0,-42.2,-34.37,[],1400,0,[],[]
8132510,8133330,OCH,CXN,0.0,197,XIOCA,BC,0,NT,FI,0.0,0,-33.74,-27.83,[],0,0,[],[]
8133330,8134580,NA,OLN,0.0,197,XIOCA,NA,NA,NA,NA,0.0,0,-23.71,-10.48,[],0,0,[],[]
8134580,8135460,OCH,CXN,0.0,197,XIOCA,RC,0,NT,FH,0.0,0,-37.54,-31.43,[],0,0,[],[]
8135460,8136800,NA,OLN,0.0,197,XIOCA,NA,NA,NA,NA,0.0,0,-28.4,-17.23,[],0,0,[],[]
8136800,8138340,NA,NOF,0.0,197,XIOCA,NA,NA,NA,NA,0.0,0,-37.59,-29.07,[],0,0,[],[]
8138340,8139140,OCH,CXN,0.0,197,XIOCA,RC,0,NT,FH,0.0,0,-33.18,-27.75,[],0,0,[],[]
8139140,8140360,NA,OLN,0.0,197,XIOCA,NA,NA,NA,NA,0.0,0,-33.17,-20.27,[],0,0,[],[]
8140360,8141540,NA,CXF,0.0,197,XIOCA,NA,NA,NA,NA,0.0,0,-41.52,-33.54,[],0,0,[],[]
8141540,8142550,MAL,MAN,3.9,197,XIOCA,EC,0,NT,FI,0.0,0,-39.26,-32.75,[],0,0,[],[]
8142550,8143880,NA,MAF,0.0,198,pause,NA,NA,NA,NA,0.0,0,-45.23,-36.42,[],0,0,[],[]
8143880,8144950,NA,OLF,0.0,198,pause,NA,NA,NA,NA,0.0,0,-39.26,-32.32,[],0,0,[],[]
8144950,8145910,NA,CXF,0.0,198,pause,NA,NA,NA,NA,0.0,0,-43.62,-37.98,[],0,0,[],[]
8145910,8146750,NA,SIL,0.0,198,pause,NA,NA,NA,NA,0.0,0,-48.07,-41.49,[],0,0,[],[]
8146750,8147550,NA,MAF,0.0,198,pause,NA,NA,NA,NA,0.0,0,-46.69,-39.26,[],0,0,[],[]
8147550,8149570,OCH,CXN,0.0,198,XIOCA,BC,0,NT,FI,0.0,0,-33.81,-23.88,[],0,0,[],[]
8149570,8150870,NA,MAF,0.0,198,XIOCA,NA,NA,NA,NA,0.0,0,-41.33,-33.46,[],0,0,[],[]
8150870,8153010,FEM,FAN,9.46,198,XIOCA,RC,0,NT,FI,0.0,0,-37.25,-28.52,[],0,0,[],[]
8153010,8154160,MAL,MAN,6.71,198,XIOCA,RC,0,NT,FI,0.0,0,-40.12,-32.15,[],0,0,[],[]
8154160,8155350,NA,OLF,0.0,198,XIOCA,NA,NA,NA,NA,0.0,0,-34.84,-25.94,[],0,0,[],[]
8155350,8156840,MAL,MAN,3.0,198,XIOCA,EC,0,NT,FH,0.0,0,-38.28,-29.65,[],0,0,[],[]
8156840,8158080,NA,SIL,0.0,199,pause,NA,NA,NA,NA,0.0,0,-47.16,-38.26,[],0,0,[],[]
8158080,8158880,NA,CXF,0.0,199,pause,NA,NA,NA,NA,0.0,0,-36.06,-27.98,[],0,0,[],[]
8158880,8159680,NA,NOF,0.0,199,pause,NA,NA,NA,NA,0.0,0,-42.71,-33.92,[],0,0,[],[]
8159680,8160700,NA,MAF,0.0,199,pause,NA,NA,NA,NA,0.0,0,-33.07,-14.91,[],0,0,[],[]
8160700,8161500,NA,SIL,0.0,199,pause,NA,NA,NA,NA,0.0,0,-44.56,-37.1,[],0,0,[],[]
8161500,8162300,NA,CXF,0.0,199,pause,NA,NA,NA,NA,0.0,0,-46.35,-39.05,[],0,0,[],[]
8162300,8164050,NA,SIL,0.0,199,pause,NA,NA,NA,NA,0.0,0,-42.22,-27.34,[],0,0,[],[]
8164050,8165060,FEM,FAN,4.47,199,AIOCCXF,BC,0,NT,FI,0.0,0,-36.13,-27.26,[],0,0,[],[]
8165060,8166950,OCH,CXN,0.0,199,AIOCCXF,RC,0,NT,FI,0.0,0,-30.37,-21.71,[],0,0,[],[]
8166950,8167880,NA,OLN,0.0,199,AIOCCXF,NA,NA,NA,NA,0.0,0,-28.74,-20.97,[],0,0,[],[]
8167880,8168910,FEM,FAN,3.43,199,AIOCCXF,RC,0,NT,FI,0.0,0,-30.6,-22.59,[],0,0,[],[]
8168910,8170590,MAL,MAN,6.92,199,AIOCCXF,RC,0,NT,FI,0.0,0,-31.41,-20.88,[],0,0,[],[]
8170590,8172230,FEM,FAN,5.73,199,AIOCCXF,RC,0,NT,FI,0.0,0,-31.54,-21.6,[],0,0,[],[]
8172230,8173230,MAL,MAN,7.18,199,AIOCCXF,RC,0,NT,FI,0.0,0,-34.33,-26.99,[],0,0,[],[]
8173230,8174520,FEM,FAN,5.86,199,AIOCCXF,RC,0,NT,FI,0.0,0,-30.93,-22.53,[],0,0,[],[]
8174520,8175360,NA,OLF,0.0,199,AIOCCXF,NA,NA,NA,NA,0.0,0,-28.9,-11.56,[],0,0,[],[]
8175360,8176890,NA,OLN,0.0,199,AIOCCXF,NA,NA,NA,NA,0.0,0,-31.04,-21.1,[],0,0,[],[]
8176890,8177790,OCH,CXN,0.0,199,AIOCCXF,RC,0,NT,FI,0.0,0,-25.01,-15.94,[],0,0,[],[]
8177790,8179530,NA,OLN,0.0,199,AIOCCXF,NA,NA,NA,NA,0.0,0,-26.64,-18.37,[],0,0,[],[]
8179530,8180410,OCH,CXN,0.0,199,AIOCCXF,RC,0,NT,FH,0.0,0,-35.64,-30.22,[],0,0,[],[]
8180410,8181580,NA,FAF,0.0,199,AIOCCXF,NA,NA,NA,NA,0.0,0,-37.1,-30.39,[],0,0,[],[]
8181580,8183200,MAL,MAN,9.31,199,AIOCCXF,RC,0,NT,FI,0.0,0,-36.62,-30.65,[],0,0,[],[]
8183200,8184290,NA,OLN,0.0,199,AIOCCXF,NA,NA,NA,NA,0.0,0,-28.0,-15.82,[],0,0,[],[]
8184290,8185090,OCH,CXN,0.0,199,AIOCCXF,RC,0,NT,FI,0.0,0,-26.18,-17.2,[],0,0,[],[]
8185090,8188040,NA,OLN,0.0,199,AIOCCXF,NA,NA,NA,NA,0.0,0,-23.12,-5.6,[],0,0,[],[]
8188040,8188750,CHI,CHN,0.0,199,AIOCCXF,RC,0,NT,FI,1.0,710,-17.85,-11.79,"[{'Canonical-syllable': '1', 'Growl': '0', 'High-freq-energy': '0', 'Long-island': '0', 'Low-tilt-spectrum': '0', 'Medium-island': '1', 'Short-island': '1', 'Squeal': '0', 'Typical-entropy': '1', 'Voicing-quality': '2', 'Wide-band': '0', 'Xlong-island': '0', 'seq': '1', 'end': 8188.75, 'start': 8188.04}]",0,0,[],[]
8188750,8189660,NA,NOF,0.0,199,AIOCCXF,NA,NA,NA,NA,0.0,0,-32.36,-17.64,[],0,0,[],[]
8189660,8191750,NA,OLN,0.0,199,AIOCCXF,NA,NA,NA,NA,0.0,0,-22.94,-13.52,[],0,0,[],[]
8191750,8192390,CHI,CHN,0.0,199,AIOCCXF,RC,0,NT,FH,1.0,640,-17.0,-12.48,"[{'Canonical-syllable': '1', 'Growl': '0', 'High-freq-energy': '0', 'Long-island': '0', 'Low-tilt-spectrum': '0', 'Medium-island': '1', 'Short-island': '1', 'Squeal': '0', 'Typical-entropy': '0', 'Voicing-quality': '2', 'Wide-band': '0', 'Xlong-island': '0', 'seq': '1', 'end': 8192.39, 'start': 8191.75}]",0,0,[],[]
8192390,8193440,NA,OLN,0.0,199,AIOCCXF,NA,NA,NA,NA,0.0,0,-30.46,-18.54,[],0,0,[],[]
8193440,8194400,NA,NOF,0.0,199,AIOCCXF,NA,NA,NA,NA,0.0,0,-38.76,-28.31,[],0,0,[],[]
8194400,8195480,NA,OLN,0.0,199,AIOCCXF,NA,NA,NA,NA,0.0,0,-24.58,-12.11,[],0,0,[],[]
8195480,8196480,CHI,CHN,0.0,199,AIOCCXF,EC,0,NT,FH,1.0,730,-19.72,-12.09,"[{'Canonical-syllable': '0', 'Growl': '0', 'High-freq-energy': '0', 'Long-island': '0', 'Low-tilt-spectrum': '0', 'Medium-island': '2', 'Short-island': '0', 'Squeal': '0', 'Typical-entropy': '1', 'Voicing-quality': '2', 'Wide-band': '0', 'Xlong-island': '0', 'seq': '1', 'end': 8196.21, 'start': 8195.48}]",0,0,[],[]
8196480,8199600,NA,NOF,0.0,200,pause,NA,NA,NA,NA,0.0,0,-39.49,-26.54,[],0,0,[],[]
8199600,8200420,NA,OLN,0.0,200,pause,NA,NA,NA,NA,0.0,0,-33.89,-26.26,[],0,0,[],[]
8200420,8204860,NA,NOF,0.0,200,pause,NA,NA,NA,NA,0.0,0,-39.3,-17.45,[],0,0,[],[]
8204860,8205680,NA,OLN,0.0,200,pause,NA,NA,NA,NA,0.0,0,-29.79,-22.94,[],0,0,[],[]
8205680,8207640,NA,NOF,0.0,200,pause,NA,NA,NA,NA,0.0,0,-41.56,-34.48,[],0,0,[],[]
8207640,8208520,NA,OLN,0.0,200,pause,NA,NA,NA,NA,0.0,0,-24.83,-10.2,[],0,0,[],[]
8208520,8209400,NA,NOF,0.0,200,pause,NA,NA,NA,NA,0.0,0,-34.62,-26.33,[],0,0,[],[]
8209400,8211510,NA,OLN,0.0,200,pause,NA,NA,NA,NA,0.0,0,-29.04,-17.08,[],0,0,[],[]
8211510,8212310,NA,NOF,0.0,200,pause,NA,NA,NA,NA,0.0,0,-27.73,-14.99,[],0,0,[],[]
8212310,8213870,NA,OLN,0.0,200,pause,NA,NA,NA,NA,0.0,0,-27.56,-17.04,[],0,0,[],[]
8213870,8215080,CHI,CHN,0.0,200,CIC,BC,0,TIFI,FI,1.0,1040,-16.7,-7.14,"[{'Canonical-syllable': '0', 'Growl': '0', 'High-freq-energy': '0', 'Long-island': '0', 'Low-tilt-spectrum': '0', 'Medium-island': '2', 'Short-island': '0', 'Squeal': '0', 'Typical-entropy': '1', 'Voicing-quality': '3', 'Wide-band': '0', 'Xlong-island': '0', 'seq': '1', 'end': 8214.91, 'start': 8213.87}]",0,0,[],[]
8215080,8216590,NA,OLN,0.0,200,CIC,NA,NA,NA,NA,0.0,0,-26.7,-13.78,[],0,0,[],[]
8216590,8217720,NA,NOF,0.0,200,CIC,NA,NA,NA,NA,0.0,0,-38.81,-22.9,[],0,0,[],[]
8217720,8218320,FEM,FAN,1.3,200,CIC,RC,1,TIFR,FI,0.0,0,-23.21,-14.2,[],0,0,[],[]
8218320,8220070,NA,NOF,0.0,200,CIC,NA,NA,NA,NA,0.0,0,-40.6,-28.47,[],0,0,[],[]
8220070,8222280,NA,OLF,0.0,200,CIC,NA,NA,NA,NA,0.0,0,-35.28,-26.9,[],0,0,[],[]
8222280,8223160,NA,SIL,0.0,200,CIC,NA,NA,NA,NA,0.0,0,-47.52,-41.05,[],0,0,[],[]
8223160,8225110,OCH,CXN,0.0,200,CIC,RC,1,NT,FI,0.0,0,-25.1,-15.36,[],0,0,[],[]
8225110,8225910,OCH,CXN,0.0,200,CIC,RC,1,NT,FH,0.0,0,-30.01,-21.52,[],0,0,[],[]
8225910,8227040,NA,SIL,0.0,200,CIC,NA,NA,NA,NA,0.0,0,-48.63,-40.22,[],0,0,[],[]
8227040,8228440,FEM,FAN,4.72,200,CIC,RC,1,NT,FI,0.0,0,-28.76,-21.83,[],0,0,[],[]
8228440,8229050,FEM,FAN,0.0,200,CIC,NA,NA,NA,NA,0.0,0,-31.5,-24.29,[],610,0,[],[]
8229050,8230550,NA,NOF,0.0,200,CIC,NA,NA,NA,NA,0.0,0,-41.49,-30.17,[],0,0,[],[]
8230550,8232140,OCH,CXN,0.0,200,CIC,RC,1,NT,FI,0.0,0,-27.73,-20.14,[],0,0,[],[]
8232140,8234190,NA,NOF,0.0,200,CIC,NA,NA,NA,NA,0.0,0,-49.73,-41.89,[],0,0,[],[]
8234190,8235190,FEM,FAN,3.29,200,CIC,RC,1,NT,FI,0.0,0,-38.88,-31.65,[],0,0,[],[]
8235190,8236080,NA,NOF,0.0,200,CIC,NA,NA,NA,NA,0.0,0,-42.84,-34.84,[],0,0,[],[]
8236080,8237130,FEM,FAN,4.8,200,CIC,RC,1,NT,FH,0.0,0,-32.94,-25.43,[],0,0,[],[]
8237130,8238010,NA,NOF,0.0,200,CIC,NA,NA,NA,NA,0.0,0,-45.24,-38.62,[],0,0,[],[]
8238010,8240210,NA,SIL,0.0,200,CIC,NA,NA,NA,NA,0.0,0,-49.1,-39.52,[],0,0,[],[]
8240210,8241580,FEM,FAN,6.86,200,CIC,RC,1,NT,FH,0.0,0,-35.64,-26.57,[],0,0,[],[]
8241580,8242420,NA,SIL,0.0,200,CIC,NA,NA,NA,NA,0.0,0,-48.75,-37.77,[],0,0,[],[]
8242420,8243670,MAL,MAN,4.91,200,CIC,RC,1,NT,FI,0.0,0,-38.29,-29.83,[],0,0,[],[]
8243670,8244970,NA,SIL,0.0,200,CIC,NA,NA,NA,NA,0.0,0,-51.64,-40.84,[],0,0,[],[]
8244970,8245570,FEM,FAN,0.0,200,CIC,NA,NA,NA,NA,0.0,0,-32.03,-28.55,[],600,0,[],[]
8245570,8246570,FEM,FAN,2.43,200,CIC,RC,1,NT,FI,0.0,0,-33.15,-27.03,[],0,0,[],[]
8246570,8247900,NA,NOF,0.0,200,CIC,NA,NA,NA,NA,0.0,0,-39.94,-28.27,[],0,0,[],[]
8247900,8249330,FEM,FAN,5.82,200,CIC,RC,1,NT,FH,0.0,0,-32.52,-24.09,[],0,0,[],[]
8249330,8249940,OCH,CXN,0.0,200,CIC,RC,1,NT,FI,0.0,0,-32.66,-28.54,[],0,0,[],[]
8249940,8251250,FEM,FAN,4.49,200,CIC,RC,1,NT,FI,0.0,0,-36.41,-28.82,[],0,0,[],[]
8251250,8252070,OCH,CXN,0.0,200,CIC,RC,1,NT,FI,0.0,0,-36.27,-25.21,[],0,0,[],[]
8252070,8253240,FEM,FAN,5.02,200,CIC,EC,1,NT,FI,0.0,0,-30.46,-22.82,[],0,0,[],[]
8253240,8254200,NA,OLF,0.0,201,pause,NA,NA,NA,NA,0.0,0,-40.18,-33.06,[],0,0,[],[]
8254200,8259480,NA,NOF,0.0,201,pause,NA,NA,NA,NA,0.0,0,-45.95,-36.41,[],0,0,[],[]
8259480,8260080,CHI,CHN,0.0,201,CM,EC,0,NT,FI,1.0,600,-28.53,-24.23,"[{'Canonical-syllable': '0', 'Growl': '0', 'High-freq-energy': '0', 'Long-island': '0', 'Low-tilt-spectrum': '0', 'Medium-island': '1', 'Short-island': '0', 'Squeal': '0', 'Typical-entropy': '1', 'Voicing-quality': '1', 'Wide-band': '0', 'Xlong-island': '0', 'seq': '1', 'end': 8260.08, 'start': 8259.62}]",0,0,[],[]
8260080,8261050,NA,OLN,0.0,202,pause,NA,NA,NA,NA,0.0,0,-36.74,-28.78,[],0,0,[],[]
8261050,8262740,NA,NOF,0.0,202,pause,NA,NA,NA,NA,0.0,0,-36.07,-18.8,[],0,0,[],[]
8262740,8263610,NA,OLF,0.0,202,pause,NA,NA,NA,NA,0.0,0,-34.73,-25.84,[],0,0,[],[]
8263610,8264650,NA,NOF,0.0,202,pause,NA,NA,NA,NA,0.0,0,-41.04,-27.93,[],0,0,[],[]
8264650,8265450,NA,OLF,0.0,202,pause,NA,NA,NA,NA,0.0,0,-32.77,-21.38,[],0,0,[],[]
8265450,8266510,FEM,FAN,2.65,202,AICF,BC,0,TIFI,FI,0.0,0,-23.43,-14.6,[],0,0,[],[]
8266510,8267310,NA,NOF,0.0,202,AICF,NA,NA,NA,NA,0.0,0,-38.82,-33.58,[],0,0,[],[]
8267310,8268560,NA,OLN,0.0,202,AICF,NA,NA,NA,NA,0.0,0,-32.53,-26.55,[],0,0,[],[]
8268560,8269360,NA,OLF,0.0,202,AICF,NA,NA,NA,NA,0.0,0,-36.72,-26.66,[],0,0,[],[]
8269360,8270160,NA,OLN,0.0,202,AICF,NA,NA,NA,NA,0.0,0,-35.68,-29.72,[],0,0,[],[]
8270160,8270800,CHI,CHN,0.0,202,AICF,RC,1,TIFR,FI,1.0,640,-16.92,-11.52,"[{'Canonical-syllable': '1', 'Growl': '0', 'High-freq-energy': '0', 'Long-island': '0', 'Low-tilt-spectrum': '0', 'Medium-island': '1', 'Short-island': '0', 'Squeal': '0', 'Typical-entropy': '0', 'Voicing-quality': '1', 'Wide-band': '0', 'Xlong-island': '0', 'seq': '1', 'end': 8270.8, 'start': 8270.16}]",0,0,[],[]
8270800,8272630,NA,NOF,0.0,202,AICF,NA,NA,NA,NA,0.0,0,-32.18,-19.8,[],0,0,[],[]
8272630,8273510,CHI,CHN,0.0,202,AICF,EC,1,NT,FH,1.0,770,-20.59,-10.85,"[{'Canonical-syllable': '0', 'Growl': '1', 'High-freq-energy': '0', 'Long-island': '0', 'Low-tilt-spectrum': '1', 'Medium-island': '2', 'Short-island': '0', 'Squeal': '0', 'Typical-entropy': '2', 'Voicing-quality': '2', 'Wide-band': '0', 'Xlong-island': '0', 'seq': '1', 'end': 8273.4, 'start': 8272.63}]",0,0,[],[]
8273510,8275340,NA,NOF,0.0,203,pause,NA,NA,NA,NA,0.0,0,-33.28,-17.67,[],0,0,[],[]
8275340,8276170,NA,SIL,0.0,203,pause,NA,NA,NA,NA,0.0,0,-39.81,-27.64,[],0,0,[],[]
8276170,8278620,NA,NOF,0.0,203,pause,NA,NA,NA,NA,0.0,0,-39.99,-29.92,[],0,0,[],[]
8278620,8280580,NA,OLN,0.0,203,pause,NA,NA,NA,NA,0.0,0,-25.45,-8.74,[],0,0,[],[]
8280580,8281800,NA,NOF,0.0,203,pause,NA,NA,NA,NA,0.0,0,-22.54,-7.96,[],0,0,[],[]
8281800,8284060,NA,OLN,0.0,203,pause,NA,NA,NA,NA,0.0,0,-18.4,-1.29,[],0,0,[],[]
8284060,8285950,NA,NOF,0.0,203,pause,NA,NA,NA,NA,0.0,0,-35.82,-19.01,[],0,0,[],[]
8285950,8288430,NA,OLN,0.0,203,pause,NA,NA,NA,NA,0.0,0,-22.33,-6.11,[],0,0,[],[]
8288430,8289030,CHI,CHN,0.0,203,CM,EC,0,NT,FI,1.0,600,-16.93,-11.48,"[{'Canonical-syllable': '0', 'Growl': '1', 'High-freq-energy': '1', 'Long-island': '0', 'Low-tilt-spectrum': '1', 'Medium-island': '1', 'Short-island': '0', 'Squeal': '0', 'Typical-entropy': '1', 'Voicing-quality': '1', 'Wide-band': '0', 'Xlong-island': '0', 'seq': '1', 'end': 8289.03, 'start': 8288.43}]",0,0,[],[]
8289030,8290450,NA,NON,0.0,204,pause,NA,NA,NA,NA,0.0,0,-24.12,-9.59,[],0,0,[],[]
8290450,8291320,NA,OLN,0.0,204,pause,NA,NA,NA,NA,0.0,0,-23.48,-14.17,[],0,0,[],[]
8291320,8292760,NA,NOF,0.0,204,pause,NA,NA,NA,NA,0.0,0,-19.64,-5.32,[],0,0,[],[]
8292760,8293380,CHI,CHN,0.0,204,pause,NA,NA,NA,NA,0.0,0,-14.01,-3.93,[],0,380,"[{'start': 8292.76, 'end': 8293.14}]",[]
8293380,8295610,NA,OLN,0.0,204,pause,NA,NA,NA,NA,0.0,0,-17.05,-7.01,[],0,0,[],[]
8295610,8297340,NA,NOF,0.0,204,pause,NA,NA,NA,NA,0.0,0,-35.46,-23.01,[],0,0,[],[]
8297340,8299580,NA,OLN,0.0,204,pause,NA,NA,NA,NA,0.0,0,-20.68,-7.92,[],0,0,[],[]
8299580,8300580,NA,NOF,0.0,204,pause,NA,NA,NA,NA,0.0,0,-40.49,-33.9,[],0,0,[],[]
8300580,8301980,NA,OLN,0.0,204,pause,NA,NA,NA,NA,0.0,0,-25.55,-11.27,[],0,0,[],[]
8301980,8305410,NA,NOF,0.0,204,pause,NA,NA,NA,NA,0.0,0,-39.48,-30.67,[],0,0,[],[]
8305410,8306210,NA,OLF,0.0,204,pause,NA,NA,NA,NA,0.0,0,-38.95,-32.86,[],0,0,[],[]
8306210,8307250,NA,NOF,0.0,204,pause,NA,NA,NA,NA,0.0,0,-38.45,-27.02,[],0,0,[],[]
8307250,8308310,NA,OLN,0.0,204,pause,NA,NA,NA,NA,0.0,0,-30.94,-21.33,[],0,0,[],[]
8308310,8312600,NA,NOF,0.0,204,pause,NA,NA,NA,NA,0.0,0,-41.76,-32.55,[],0,0,[],[]
8312600,8313400,NA,SIL,0.0,204,pause,NA,NA,NA,NA,0.0,0,-42.79,-38.31,[],0,0,[],[]
8313400,8315180,NA,NOF,0.0,204,pause,NA,NA,NA,NA,0.0,0,-35.98,-26.81,[],0,0,[],[]
8315180,8316040,NA,OLN,0.0,204,pause,NA,NA,NA,NA,0.0,0,-36.53,-32.28,[],0,0,[],[]
8316040,8317210,NA,NOF,0.0,204,pause,NA,NA,NA,NA,0.0,0,-33.67,-21.6,[],0,0,[],[]
8317210,8318060,NA,OLN,0.0,204,pause,NA,NA,NA,NA,0.0,0,-23.99,-8.82,[],0,0,[],[]
8318060,8320870,NA,NOF,0.0,204,pause,NA,NA,NA,NA,0.0,0,-32.04,-13.78,[],0,0,[],[]
8320870,8321470,NA,OLF,0.0,204,pause,NA,NA,NA,NA,0.0,0,-36.61,-31.12,[],0,0,[],[]
8321470,8326360,NA,NOF,0.0,204,pause,NA,NA,NA,NA,0.0,0,-38.1,-24.83,[],0,0,[],[]
8326360,8327160,NA,SIL,0.0,204,pause,NA,NA,NA,NA,0.0,0,-42.83,-32.51,[],0,0,[],[]
8327160,8332640,NA,NOF,0.0,204,pause,NA,NA,NA,NA,0.0,0,-40.15,-28.01,[],0,0,[],[]
8332640,8333640,NA,SIL,0.0,204,pause,NA,NA,NA,NA,0.0,0,-39.24,-30.03,[],0,0,[],[]
8333640,8334440,NA,NOF,0.0,204,pause,NA,NA,NA,NA,0.0,0,-35.84,-29.1,[],0,0,[],[]
8334440,8335240,CHI,CHN,0.0,204,CM,EC,0,NT,FI,2.0,470,-19.56,-9.22,"[{'Canonical-syllable': '0', 'Growl': '1', 'High-freq-energy': '0', 'Long-island': '0', 'Low-tilt-spectrum': '1', 'Medium-island': '0', 'Short-island': '1', 'Squeal': '0', 'Typical-entropy': '1', 'Voicing-quality': '1', 'Wide-band': '0', 'Xlong-island': '0', 'seq': '1', 'end': 8334.57, 'start': 8334.44}, {'Canonical-syllable': '0', 'Growl': '0', 'High-freq-energy': '0', 'Long-island': '0', 'Low-tilt-spectrum': '0', 'Medium-island': '1', 'Short-island': '0', 'Squeal': '0', 'Typical-entropy': '0', 'Voicing-quality': '1', 'Wide-band': '0', 'Xlong-island': '0', 'seq': '2', 'end': 8335.24, 'start': 8334.9}]",0,0,[],[]
8335240,8336040,NA,NON,0.0,205,pause,NA,NA,NA,NA,0.0,0,-33.61,-24.97,[],0,0,[],[]
8336040,8338340,NA,OLN,0.0,205,pause,NA,NA,NA,NA,0.0,0,-19.6,-9.64,[],0,0,[],[]
8338340,8339340,NA,SIL,0.0,205,pause,NA,NA,NA,NA,0.0,0,-39.23,-35.31,[],0,0,[],[]
8339340,8340760,NA,NOF,0.0,205,pause,NA,NA,NA,NA,0.0,0,-36.82,-28.26,[],0,0,[],[]
8340760,8341560,NA,OLF,0.0,205,pause,NA,NA,NA,NA,0.0,0,-35.52,-30.62,[],0,0,[],[]
8341560,8342640,NA,NOF,0.0,205,pause,NA,NA,NA,NA,0.0,0,-36.78,-30.36,[],0,0,[],[]
8342640,8343440,NA,OLN,0.0,205,pause,NA,NA,NA,NA,0.0,0,-23.12,-14.24,[],0,0,[],[]
8343440,8344240,NA,NOF,0.0,205,pause,NA,NA,NA,NA,0.0,0,-29.57,-17.73,[],0,0,[],[]
8344240,8345040,NA,SIL,0.0,205,pause,NA,NA,NA,NA,0.0,0,-42.18,-36.81,[],0,0,[],[]
8345040,8345640,CHI,CHN,0.0,205,CM,EC,0,NT,FI,1.0,280,-24.45,-14.7,"[{'Canonical-syllable': '0', 'Growl': '1', 'High-freq-energy': '0', 'Long-island': '0', 'Low-tilt-spectrum': '1', 'Medium-island': '0', 'Short-island': '0', 'Squeal': '0', 'Typical-entropy': '1', 'Voicing-quality': '0', 'Wide-band': '1', 'Xlong-island': '0', 'seq': '1', 'end': 8345.64, 'start': 8345.36}]",0,0,[],[]
8345640,8347110,NA,OLN,0.0,206,pause,NA,NA,NA,NA,0.0,0,-29.33,-16.82,[],0,0,[],[]
8347110,8347910,NA,SIL,0.0,206,pause,NA,NA,NA,NA,0.0,0,-39.54,-26.31,[],0,0,[],[]
8347910,8348810,NA,OLF,0.0,206,pause,NA,NA,NA,NA,0.0,0,-40.01,-35.59,[],0,0,[],[]
8348810,8350340,NA,MAF,0.0,206,pause,NA,NA,NA,NA,0.0,0,-40.41,-34.89,[],0,0,[],[]
8350340,8351150,NA,SIL,0.0,206,pause,NA,NA,NA,NA,0.0,0,-42.59,-37.73,[],0,0,[],[]
8351150,8352150,NA,TVF,0.0,206,pause,NA,NA,NA,NA,0.0,0,-41.47,-35.58,[],0,0,[],[]
8352150,8353480,NA,MAF,0.0,206,pause,NA,NA,NA,NA,0.0,0,-43.38,-38.97,[],0,0,[],[]
8353480,8354290,NA,OLN,0.0,206,pause,NA,NA,NA,NA,0.0,0,-35.67,-26.35,[],0,0,[],[]
8354290,8355090,NA,OLF,0.0,206,pause,NA,NA,NA,NA,0.0,0,-36.3,-27.66,[],0,0,[],[]
8355090,8357760,NA,OLN,0.0,206,pause,NA,NA,NA,NA,0.0,0,-30.7,-17.57,[],0,0,[],[]
8357760,8358870,NA,NOF,0.0,206,pause,NA,NA,NA,NA,0.0,0,-39.07,-30.36,[],0,0,[],[]
8358870,8360080,NA,OLN,0.0,206,pause,NA,NA,NA,NA,0.0,0,-24.81,-11.23,[],0,0,[],[]
8360080,8361170,NA,NON,0.0,206,pause,NA,NA,NA,NA,0.0,0,-24.65,-14.06,[],0,0,[],[]
8361170,8362660,NA,OLN,0.0,206,pause,NA,NA,NA,NA,0.0,0,-21.67,-8.86,[],0,0,[],[]
8362660,8363850,NA,NON,0.0,206,pause,NA,NA,NA,NA,0.0,0,-25.48,-12.0,[],0,0,[],[]
8363850,8365040,NA,OLN,0.0,206,pause,NA,NA,NA,NA,0.0,0,-23.1,-11.15,[],0,0,[],[]
8365040,8365940,NA,NOF,0.0,206,pause,NA,NA,NA,NA,0.0,0,-27.9,-14.98,[],0,0,[],[]
8365940,8369140,NA,OLN,0.0,206,pause,NA,NA,NA,NA,0.0,0,-22.12,-6.26,[],0,0,[],[]
8369140,8371530,NA,OLF,0.0,206,pause,NA,NA,NA,NA,0.0,0,-23.38,-10.72,[],0,0,[],[]
8371530,8372330,NA,NOF,0.0,206,pause,NA,NA,NA,NA,0.0,0,-27.67,-15.06,[],0,0,[],[]
8372330,8373130,NA,OLN,0.0,206,pause,NA,NA,NA,NA,0.0,0,-33.81,-28.51,[],0,0,[],[]
8373130,8374270,NA,NOF,0.0,206,pause,NA,NA,NA,NA,0.0,0,-39.56,-32.11,[],0,0,[],[]
8374270,8376050,NA,OLF,0.0,206,pause,NA,NA,NA,NA,0.0,0,-36.26,-28.56,[],0,0,[],[]
8376050,8380350,NA,NOF,0.0,206,pause,NA,NA,NA,NA,0.0,0,-26.51,-5.1,[],0,0,[],[]
8380350,8381250,NA,SIL,0.0,206,pause,NA,NA,NA,NA,0.0,0,-46.07,-36.08,[],0,0,[],[]
8381250,8382050,NA,NOF,0.0,206,pause,NA,NA,NA,NA,0.0,0,-32.06,-18.57,[],0,0,[],[]
8382050,8382850,NA,OLN,0.0,206,pause,NA,NA,NA,NA,0.0,0,-27.97,-16.31,[],0,0,[],[]
8382850,8385260,NA,NON,0.0,206,pause,NA,NA,NA,NA,0.0,0,-34.73,-21.82,[],0,0,[],[]
8385260,8386140,NA,OLN,0.0,206,pause,NA,NA,NA,NA,0.0,0,-30.16,-19.75,[],0,0,[],[]
8386140,8386940,NA,NOF,0.0,206,pause,NA,NA,NA,NA,0.0,0,-33.53,-24.02,[],0,0,[],[]
8386940,8387770,NA,OLN,0.0,206,pause,NA,NA,NA,NA,0.0,0,-28.03,-18.16,[],0,0,[],[]
8387770,8388580,NA,SIL,0.0,206,pause,NA,NA,NA,NA,0.0,0,-43.55,-33.16,[],0,0,[],[]
8388580,8389280,NA,CHF,0.0,206,CIC,BC,0,TIFI,FI,1.0,700,-37.05,-29.04,"[{'Canonical-syllable': '0', 'Growl': '1', 'High-freq-energy': '0', 'Long-island': '1', 'Low-tilt-spectrum': '1', 'Medium-island': '0', 'Short-island': '0', 'Squeal': '0', 'Typical-entropy': '1', 'Voicing-quality': '1', 'Wide-band': '0', 'Xlong-island': '0', 'seq': '1', 'end': 8389.28, 'start': 8388.58}]",0,0,[],[]
8389280,8390280,NA,NON,0.0,206,CIC,NA,NA,NA,NA,0.0,0,-36.1,-29.61,[],0,0,[],[]
8390280,8391290,FEM,FAN,4.03,206,CIC,EC,1,TIFR,FI,0.0,0,-31.3,-22.77,[],0,0,[],[]
8391290,8393210,NA,NOF,0.0,207,pause,NA,NA,NA,NA,0.0,0,-36.47,-24.18,[],0,0,[],[]
8393210,8394050,NA,OLN,0.0,207,pause,NA,NA,NA,NA,0.0,0,-28.88,-16.86,[],0,0,[],[]
8394050,8395460,NA,NOF,0.0,207,pause,NA,NA,NA,NA,0.0,0,-21.19,-5.28,[],0,0,[],[]
8395460,8396060,NA,CHF,0.0,207,pause,NA,NA,NA,NA,0.0,0,-39.46,-33.66,[],0,600,[],"[{'start': 8395.46, 'end': 8396.06}]"
8396060,8399720,NA,NOF,0.0,207,pause,NA,NA,NA,NA,0.0,0,-34.4,-20.43,[],0,0,[],[]
8399720,8400870,NA,OLN,0.0,207,pause,NA,NA,NA,NA,0.0,0,-30.77,-22.89,[],0,0,[],[]
8400870,8407940,NA,NOF,0.0,207,pause,NA,NA,NA,NA,0.0,0,-40.56,-30.57,[],0,0,[],[]
8407940,8408950,NA,FAF,0.0,207,pause,NA,NA,NA,NA,0.0,0,-37.87,-28.17,[],0,0,[],[]
8408950,8411030,NA,NOF,0.0,207,pause,NA,NA,NA,NA,0.0,0,-36.56,-24.28,[],0,0,[],[]
8411030,8412190,NA,OLN,0.0,207,pause,NA,NA,NA,NA,0.0,0,-29.56,-21.34,[],0,0,[],[]
8412190,8413400,NA,NOF,0.0,207,pause,NA,NA,NA,NA,0.0,0,-18.86,-4.41,[],0,0,[],[]
8413400,8414220,NA,OLN,0.0,207,pause,NA,NA,NA,NA,0.0,0,-20.56,-8.39,[],0,0,[],[]
8414220,8415820,NA,NON,0.0,207,pause,NA,NA,NA,NA,0.0,0,-22.16,-11.6,[],0,0,[],[]
8415820,8416830,NA,OLF,0.0,207,pause,NA,NA,NA,NA,0.0,0,-27.0,-15.59,[],0,0,[],[]
8416830,8418550,NA,NOF,0.0,207,pause,NA,NA,NA,NA,0.0,0,-24.58,-9.44,[],0,0,[],[]
8418550,8419440,NA,OLN,0.0,207,pause,NA,NA,NA,NA,0.0,0,-30.31,-19.2,[],0,0,[],[]
8419440,8421410,NA,NOF,0.0,207,pause,NA,NA,NA,NA,0.0,0,-39.29,-29.28,[],0,0,[],[]
8421410,8422120,NA,CHF,0.0,207,CIC,BC,0,TIFI,FI,1.0,710,-39.37,-29.36,"[{'Canonical-syllable': '0', 'Growl': '1', 'High-freq-energy': '0', 'Long-island': '1', 'Low-tilt-spectrum': '1', 'Medium-island': '0', 'Short-island': '0', 'Squeal': '0', 'Typical-entropy': '0', 'Voicing-quality': '1', 'Wide-band': '1', 'Xlong-island': '0', 'seq': '1', 'end': 8422.12, 'start': 8421.41}]",0,0,[],[]
8422120,8424880,NA,NOF,0.0,207,CIC,NA,NA,NA,NA,0.0,0,-27.45,-7.07,[],0,0,[],[]
8424880,8425930,FEM,FAN,3.9,207,CIC,EC,1,TIFR,FI,0.0,0,-20.3,-7.03,[],0,0,[],[]
8425930,8427650,NA,NON,0.0,208,pause,NA,NA,NA,NA,0.0,0,-34.25,-24.68,[],0,0,[],[]
8427650,8428460,NA,OLN,0.0,208,pause,NA,NA,NA,NA,0.0,0,-33.72,-26.02,[],0,0,[],[]
8428460,8431510,NA,NOF,0.0,208,pause,NA,NA,NA,NA,0.0,0,-36.15,-22.99,[],0,0,[],[]
8431510,8432430,NA,OLN,0.0,208,pause,NA,NA,NA,NA,0.0,0,-22.57,-8.11,[],0,0,[],[]
8432430,8433250,NA,NON,0.0,208,pause,NA,NA,NA,NA,0.0,0,-38.63,-30.32,[],0,0,[],[]
8433250,8434360,NA,OLN,0.0,208,pause,NA,NA,NA,NA,0.0,0,-24.91,-13.64,[],0,0,[],[]
8434360,8435160,NA,NOF,0.0,208,pause,NA,NA,NA,NA,0.0,0,-34.03,-22.1,[],0,0,[],[]
8435160,8435800,CHI,CHN,0.0,208,CIC,BC,0,TIFI,FI,1.0,640,-32.62,-25.63,"[{'Canonical-syllable': '0', 'Growl': '1', 'High-freq-energy': '1', 'Long-island': '0', 'Low-tilt-spectrum': '1', 'Medium-island': '1', 'Short-island': '0', 'Squeal': '0', 'Typical-entropy': '1', 'Voicing-quality': '1', 'Wide-band': '0', 'Xlong-island': '0', 'seq': '1', 'end': 8435.8, 'start': 8435.16}]",0,0,[],[]
8435800,8436980,FEM,FAN,1.71,208,CIC,EC,1,TIFR,FI,0.0,0,-30.09,-20.21,[],0,0,[],[]
8436980,8438500,NA,NOF,0.0,209,pause,NA,NA,NA,NA,0.0,0,-38.04,-31.1,[],0,0,[],[]
8438500,8439490,NA,OLF,0.0,209,pause,NA,NA,NA,NA,0.0,0,-38.09,-31.35,[],0,0,[],[]
8439490,8440480,NA,NOF,0.0,209,pause,NA,NA,NA,NA,0.0,0,-40.2,-34.17,[],0,0,[],[]
8440480,8441790,NA,OLF,0.0,209,pause,NA,NA,NA,NA,0.0,0,-33.13,-22.27,[],0,0,[],[]
8441790,8443620,NA,NOF,0.0,209,pause,NA,NA,NA,NA,0.0,0,-37.76,-25.62,[],0,0,[],[]
8443620,8445420,NA,OLF,0.0,209,pause,NA,NA,NA,NA,0.0,0,-25.71,-15.44,[],0,0,[],[]
8445420,8448140,NA,NOF,0.0,209,pause,NA,NA,NA,NA,0.0,0,-31.4,-23.89,[],0,0,[],[]
8448140,8449680,NA,OLN,0.0,209,pause,NA,NA,NA,NA,0.0,0,-27.52,-16.19,[],0,0,[],[]
8449680,8451910,NA,NOF,0.0,209,pause,NA,NA,NA,NA,0.0,0,-35.04,-24.5,[],0,0,[],[]
8451910,8452710,NA,SIL,0.0,209,pause,NA,NA,NA,NA,0.0,0,-46.2,-36.28,[],0,0,[],[]
8452710,8453840,NA,OLF,0.0,209,pause,NA,NA,NA,NA,0.0,0,-32.89,-26.03,[],0,0,[],[]
8453840,8456310,NA,NOF,0.0,209,pause,NA,NA,NA,NA,0.0,0,-30.43,-9.06,[],0,0,[],[]
8456310,8457180,NA,OLN,0.0,209,pause,NA,NA,NA,NA,0.0,0,-33.99,-27.16,[],0,0,[],[]
8457180,8459770,NA,NOF,0.0,209,pause,NA,NA,NA,NA,0.0,0,-36.39,-25.28,[],0,0,[],[]
8459770,8460810,FEM,FAN,0.79,209,AMF,EC,0,NT,FI,0.0,0,-32.92,-23.27,[],0,0,[],[]
8460810,8461800,NA,NOF,0.0,210,pause,NA,NA,NA,NA,0.0,0,-35.09,-21.22,[],0,0,[],[]
8461800,8463040,NA,OLN,0.0,210,pause,NA,NA,NA,NA,0.0,0,-25.97,-13.63,[],0,0,[],[]
8463040,8463840,NA,NON,0.0,210,pause,NA,NA,NA,NA,0.0,0,-17.46,-8.04,[],0,0,[],[]
8463840,8465670,NA,OLN,0.0,210,pause,NA,NA,NA,NA,0.0,0,-22.31,-12.76,[],0,0,[],[]
8465670,8466490,NA,NOF,0.0,210,pause,NA,NA,NA,NA,0.0,0,-34.98,-23.16,[],0,0,[],[]
8466490,8467290,NA,OLN,0.0,210,pause,NA,NA,NA,NA,0.0,0,-20.37,-11.29,[],0,0,[],[]
8467290,8469580,NA,NOF,0.0,210,pause,NA,NA,NA,NA,0.0,0,-25.32,-13.51,[],0,0,[],[]
8469580,8470350,CHI,CHN,0.0,210,CM,EC,0,NT,FI,1.0,550,-25.17,-18.64,"[{'Canonical-syllable': '0', 'Growl': '2', 'High-freq-energy': '1', 'Long-island': '0', 'Low-tilt-spectrum': '2', 'Medium-island': '1', 'Short-island': '0', 'Squeal': '0', 'Typical-entropy': '2', 'Voicing-quality': '2', 'Wide-band': '0', 'Xlong-island': '0', 'seq': '1', 'end': 8470.13, 'start': 8469.58}]",0,0,[],[]
8470350,8472430,NA,NOF,0.0,211,pause,NA,NA,NA,NA,0.0,0,-41.24,-34.64,[],0,0,[],[]
8472430,8473230,NA,OLN,0.0,211,pause,NA,NA,NA,NA,0.0,0,-32.08,-23.21,[],0,0,[],[]
8473230,8474030,NA,NOF,0.0,211,pause,NA,NA,NA,NA,0.0,0,-16.9,-4.04,[],0,0,[],[]
8474030,8475820,NA,OLN,0.0,211,pause,NA,NA,NA,NA,0.0,0,-24.31,-13.83,[],0,0,[],[]
8475820,8480370,NA,NOF,0.0,211,pause,NA,NA,NA,NA,0.0,0,-35.11,-19.39,[],0,0,[],[]
8480370,8481760,NA,OLN,0.0,211,pause,NA,NA,NA,NA,0.0,0,-15.17,-3.71,[],0,0,[],[]
8481760,8482620,CHI,CHN,0.0,211,CM,EC,0,NT,FI,1.0,860,-24.59,-17.05,"[{'Canonical-syllable': '0', 'Growl': '0', 'High-freq-energy': '0', 'Long-island': '1', 'Low-tilt-spectrum': '1', 'Medium-island': '0', 'Short-island': '0', 'Squeal': '0', 'Typical-entropy': '1', 'Voicing-quality': '1', 'Wide-band': '0', 'Xlong-island': '0', 'seq': '1', 'end': 8482.62, 'start': 8481.76}]",0,0,[],[]
8482620,8483970,NA,OLN,0.0,212,pause,NA,NA,NA,NA,0.0,0,-17.37,-5.52,[],0,0,[],[]
8483970,8486700,NA,NOF,0.0,212,pause,NA,NA,NA,NA,0.0,0,-22.28,-5.79,[],0,0,[],[]
8486700,8487500,NA,OLN,0.0,212,pause,NA,NA,NA,NA,0.0,0,-25.98,-19.22,[],0,0,[],[]
8487500,8490270,NA,NOF,0.0,212,pause,NA,NA,NA,NA,0.0,0,-34.23,-18.61,[],0,0,[],[]
8490270,8494530,NA,OLN,0.0,212,pause,NA,NA,NA,NA,0.0,0,-29.62,-13.75,[],0,0,[],[]
8494530,8495330,NA,NOF,0.0,212,pause,NA,NA,NA,NA,0.0,0,-40.71,-31.49,[],0,0,[],[]
8495330,8495930,NA,CHF,0.0,212,pause,NA,NA,NA,NA,0.0,0,-38.22,-27.97,[],0,600,[],"[{'start': 8495.33, 'end': 8495.93}]"
8495930,8498010,NA,NOF,0.0,212,pause,NA,NA,NA,NA,0.0,0,-31.48,-20.72,[],0,0,[],[]
8498010,8499120,FEM,FAN,3.81,212,AMF,EC,0,NT,FI,0.0,0,-37.97,-25.81,[],0,0,[],[]
8499120,8500040,NA,NOF,0.0,213,pause,NA,NA,NA,NA,0.0,0,-44.33,-36.3,[],0,0,[],[]
8500040,8502630,NA,OLN,0.0,213,pause,NA,NA,NA,NA,0.0,0,-32.08,-22.91,[],0,0,[],[]
8502630,8503850,NA,NOF,0.0,213,pause,NA,NA,NA,NA,0.0,0,-40.56,-34.63,[],0,0,[],[]
8503850,8504880,NA,OLF,0.0,213,pause,NA,NA,NA,NA,0.0,0,-35.06,-27.44,[],0,0,[],[]
8504880,8505680,NA,NOF,0.0,213,pause,NA,NA,NA,NA,0.0,0,-36.19,-26.78,[],0,0,[],[]
8505680,8506920,NA,OLN,0.0,213,pause,NA,NA,NA,NA,0.0,0,-28.89,-18.34,[],0,0,[],[]
8506920,8508200,NA,NOF,0.0,213,pause,NA,NA,NA,NA,0.0,0,-37.24,-30.16,[],0,0,[],[]
8508200,8511140,NA,OLN,0.0,213,pause,NA,NA,NA,NA,0.0,0,-23.87,-13.73,[],0,0,[],[]
8511140,8518750,NA,NOF,0.0,213,pause,NA,NA,NA,NA,0.0,0,-23.87,-3.89,[],0,0,[],[]
8518750,8519890,CHI,CHN,0.0,213,CM,EC,0,NT,FI,1.0,1140,-30.07,-20.38,"[{'Canonical-syllable': '0', 'Growl': '1', 'High-freq-energy': '0', 'Long-island': '0', 'Low-tilt-spectrum': '1', 'Medium-island': '0', 'Short-island': '0', 'Squeal': '0', 'Typical-entropy': '1', 'Voicing-quality': '1', 'Wide-band': '0', 'Xlong-island': '1', 'seq': '1', 'end': 8519.89, 'start': 8518.75}]",0,0,[],[]
8519890,8525260,NA,NOF,0.0,214,pause,NA,NA,NA,NA,0.0,0,-34.75,-20.25,[],0,0,[],[]
8525260,8529890,NA,OLN,0.0,214,pause,NA,NA,NA,NA,0.0,0,-20.61,-5.17,[],0,0,[],[]
8529890,8533940,NA,NON,0.0,214,pause,NA,NA,NA,NA,0.0,0,-24.71,-10.22,[],0,0,[],[]
8533940,8536040,NA,OLN,0.0,214,pause,NA,NA,NA,NA,0.0,0,-21.24,-10.11,[],0,0,[],[]
8536040,8538010,NA,NON,0.0,214,pause,NA,NA,NA,NA,0.0,0,-26.46,-12.85,[],0,0,[],[]
8538010,8538610,FEM,FAN,1.52,214,AMF,EC,0,NT,FI,0.0,0,-31.73,-23.54,[],0,0,[],[]
8538610,8539530,NA,NOF,0.0,215,pause,NA,NA,NA,NA,0.0,0,-28.64,-14.9,[],0,0,[],[]
8539530,8540590,NA,OLN,0.0,215,pause,NA,NA,NA,NA,0.0,0,-19.2,-7.32,[],0,0,[],[]
8540590,8541510,NA,SIL,0.0,215,pause,NA,NA,NA,NA,0.0,0,-46.61,-36.95,[],0,0,[],[]
8541510,8544370,NA,NOF,0.0,215,pause,NA,NA,NA,NA,0.0,0,-34.36,-20.85,[],0,0,[],[]
8544370,8545290,NA,OLN,0.0,215,pause,NA,NA,NA,NA,0.0,0,-32.64,-24.91,[],0,0,[],[]
8545290,8546140,NA,NOF,0.0,215,pause,NA,NA,NA,NA,0.0,0,-37.95,-31.04,[],0,0,[],[]
8546140,8546950,NA,OLF,0.0,215,pause,NA,NA,NA,NA,0.0,0,-37.64,-30.3,[],0,0,[],[]
8546950,8548640,NA,NOF,0.0,215,pause,NA,NA,NA,NA,0.0,0,-41.23,-32.76,[],0,0,[],[]
8548640,8549440,NA,OLN,0.0,215,pause,NA,NA,NA,NA,0.0,0,-31.61,-22.43,[],0,0,[],[]
8549440,8551840,NA,NON,0.0,215,pause,NA,NA,NA,NA,0.0,0,-31.41,-15.46,[],0,0,[],[]
8551840,8552820,NA,SIL,0.0,215,pause,NA,NA,NA,NA,0.0,0,-46.62,-36.68,[],0,0,[],[]
8552820,8555850,NA,NOF,0.0,215,pause,NA,NA,NA,NA,0.0,0,-43.26,-32.66,[],0,0,[],[]
8555850,8556650,NA,OLN,0.0,215,pause,NA,NA,NA,NA,0.0,0,-22.22,-11.21,[],0,0,[],[]
8556650,8558200,NA,NOF,0.0,215,pause,NA,NA,NA,NA,0.0,0,-34.05,-23.87,[],0,0,[],[]
8558200,8559610,NA,OLN,0.0,215,pause,NA,NA,NA,NA,0.0,0,-26.47,-18.06,[],0,0,[],[]
8559610,8560410,NA,SIL,0.0,215,pause,NA,NA,NA,NA,0.0,0,-44.11,-34.58,[],0,0,[],[]
8560410,8561210,NA,NOF,0.0,215,pause,NA,NA,NA,NA,0.0,0,-35.6,-27.83,[],0,0,[],[]
8561210,8562010,NA,OLF,0.0,215,pause,NA,NA,NA,NA,0.0,0,-36.8,-25.79,[],0,0,[],[]
8562010,8562810,NA,NOF,0.0,215,pause,NA,NA,NA,NA,0.0,0,-41.86,-33.08,[],0,0,[],[]
8562810,8563950,OCH,CXN,0.0,215,XM,EC,0,NT,FI,0.0,0,-31.48,-23.0,[],0,0,[],[]
8563950,8565620,NA,NOF,0.0,216,pause,NA,NA,NA,NA,0.0,0,-35.23,-24.81,[],0,0,[],[]
8565620,8566430,NA,OLF,0.0,216,pause,NA,NA,NA,NA,0.0,0,-32.54,-26.04,[],0,0,[],[]
8566430,8567290,NA,NOF,0.0,216,pause,NA,NA,NA,NA,0.0,0,-37.96,-29.85,[],0,0,[],[]
8567290,8568400,NA,OLN,0.0,216,pause,NA,NA,NA,NA,0.0,0,-30.6,-18.45,[],0,0,[],[]
8568400,8569200,NA,NOF,0.0,216,pause,NA,NA,NA,NA,0.0,0,-33.43,-21.82,[],0,0,[],[]
8569200,8570930,NA,OLF,0.0,216,pause,NA,NA,NA,NA,0.0,0,-29.17,-15.91,[],0,0,[],[]
8570930,8574770,NA,NOF,0.0,216,pause,NA,NA,NA,NA,0.0,0,-31.72,-17.49,[],0,0,[],[]
8574770,8575570,NA,OLF,0.0,216,pause,NA,NA,NA,NA,0.0,0,-28.2,-16.18,[],0,0,[],[]
8575570,8582010,NA,NOF,0.0,216,pause,NA,NA,NA,NA,0.0,0,-33.41,-15.79,[],0,0,[],[]
8582010,8582810,NA,OLF,0.0,216,pause,NA,NA,NA,NA,0.0,0,-36.51,-30.6,[],0,0,[],[]
8582810,8585800,NA,NOF,0.0,216,pause,NA,NA,NA,NA,0.0,0,-36.15,-24.83,[],0,0,[],[]
8585800,8586620,NA,OLN,0.0,216,pause,NA,NA,NA,NA,0.0,0,-31.5,-26.92,[],0,0,[],[]
8586620,8587710,NA,NOF,0.0,216,pause,NA,NA,NA,NA,0.0,0,-36.15,-25.73,[],0,0,[],[]
8587710,8588610,NA,OLN,0.0,216,pause,NA,NA,NA,NA,0.0,0,-34.41,-27.62,[],0,0,[],[]
8588610,8591940,NA,NOF,0.0,216,pause,NA,NA,NA,NA,0.0,0,-37.82,-25.68,[],0,0,[],[]
8591940,8592750,NA,SIL,0.0,216,pause,NA,NA,NA,NA,0.0,0,-46.04,-39.93,[],0,0,[],[]
8592750,8595970,NA,NOF,0.0,216,pause,NA,NA,NA,NA,0.0,0,-39.55,-26.54,[],0,0,[],[]
8595970,8597640,NA,OLN,0.0,216,pause,NA,NA,NA,NA,0.0,0,-20.49,-8.31,[],0,0,[],[]
8597640,8598780,NA,NON,0.0,216,pause,NA,NA,NA,NA,0.0,0,-23.72,-13.78,[],0,0,[],[]
8598780,8601070,NA,OLN,0.0,216,pause,NA,NA,NA,NA,0.0,0,-23.15,-11.75,[],0,0,[],[]
8601070,8603480,NA,NOF,0.0,216,pause,NA,NA,NA,NA,0.0,0,-34.87,-25.38,[],0,0,[],[]
8603480,8604280,NA,SIL,0.0,216,pause,NA,NA,NA,NA,0.0,0,-44.94,-36.09,[],0,0,[],[]
8604280,8605880,NA,NOF,0.0,216,pause,NA,NA,NA,NA,0.0,0,-30.67,-15.19,[],0,0,[],[]
8605880,8606740,NA,OLF,0.0,216,pause,NA,NA,NA,NA,0.0,0,-38.27,-32.51,[],0,0,[],[]
8606740,8607570,NA,NON,0.0,216,pause,NA,NA,NA,NA,0.0,0,-35.56,-23.75,[],0,0,[],[]
8607570,8608370,NA,OLF,0.0,216,pause,NA,NA,NA,NA,0.0,0,-35.6,-22.74,[],0,0,[],[]
8608370,8609170,NA,NON,0.0,216,pause,NA,NA,NA,NA,0.0,0,-35.26,-28.79,[],0,0,[],[]
8609170,8609980,NA,OLN,0.0,216,pause,NA,NA,NA,NA,0.0,0,-26.46,-15.09,[],0,0,[],[]
8609980,8612730,NA,NON,0.0,216,pause,NA,NA,NA,NA,0.0,0,-27.65,-10.35,[],0,0,[],[]
8612730,8613580,NA,OLN,0.0,216,pause,NA,NA,NA,NA,0.0,0,-33.5,-20.88,[],0,0,[],[]
8613580,8614390,NA,NON,0.0,216,pause,NA,NA,NA,NA,0.0,0,-33.61,-25.55,[],0,0,[],[]
8614390,8615190,NA,OLN,0.0,216,pause,NA,NA,NA,NA,0.0,0,-31.97,-24.1,[],0,0,[],[]
8615190,8618280,NA,NON,0.0,216,pause,NA,NA,NA,NA,0.0,0,-35.79,-26.14,[],0,0,[],[]
8618280,8619350,NA,OLN,0.0,216,pause,NA,NA,NA,NA,0.0,0,-23.25,-10.78,[],0,0,[],[]
8619350,8620540,NA,NON,0.0,216,pause,NA,NA,NA,NA,0.0,0,-23.41,-9.71,[],0,0,[],[]
8620540,8621340,NA,OLN,0.0,216,pause,NA,NA,NA,NA,0.0,0,-29.81,-19.08,[],0,0,[],[]
8621340,8622460,NA,NON,0.0,216,pause,NA,NA,NA,NA,0.0,0,-28.07,-21.11,[],0,0,[],[]
8622460,8624860,NA,OLN,0.0,216,pause,NA,NA,NA,NA,0.0,0,-20.38,-2.93,[],0,0,[],[]
8624860,8627760,NA,NOF,0.0,216,pause,NA,NA,NA,NA,0.0,0,-32.31,-15.61,[],0,0,[],[]
8627760,8630460,NA,OLN,0.0,216,pause,NA,NA,NA,NA,0.0,0,-21.28,-8.64,[],0,0,[],[]
8630460,8631540,NA,NOF,0.0,216,pause,NA,NA,NA,NA,0.0,0,-35.17,-24.7,[],0,0,[],[]
8631540,8633710,NA,OLN,0.0,216,pause,NA,NA,NA,NA,0.0,0,-25.63,-7.05,[],0,0,[],[]
8633710,8634590,NA,NON,0.0,216,pause,NA,NA,NA,NA,0.0,0,-36.37,-31.59,[],0,0,[],[]
8634590,8635530,NA,OLN,0.0,216,pause,NA,NA,NA,NA,0.0,0,-28.43,-21.19,[],0,0,[],[]
8635530,8639970,NA,NOF,0.0,216,pause,NA,NA,NA,NA,0.0,0,-41.1,-27.94,[],0,0,[],[]
8639970,8640870,NA,OLN,0.0,216,pause,NA,NA,NA,NA,0.0,0,-28.31,-17.36,[],0,0,[],[]
8640870,8641770,NA,NOF,0.0,216,pause,NA,NA,NA,NA,0.0,0,-47.36,-40.89,[],0,0,[],[]
8641770,8642610,CHI,CHN,0.0,216,CM,BC,0,NT,FI,1.0,840,-32.83,-25.82,"[{'Canonical-syllable': '0', 'Growl': '0', 'High-freq-energy': '1', 'Long-island': '1', 'Low-tilt-spectrum': '1', 'Medium-island': '0', 'Short-island': '0', 'Squeal': '0', 'Typical-entropy': '1', 'Voicing-quality': '1', 'Wide-band': '0', 'Xlong-island': '0', 'seq': '1', 'end': 8642.61, 'start': 8641.77}]",0,0,[],[]
8642610,8643660,NA,OLN,0.0,216,CM,NA,NA,NA,NA,0.0,0,-34.45,-25.1,[],0,0,[],[]
8643660,8644720,NA,NON,0.0,216,CM,NA,NA,NA,NA,0.0,0,-17.74,-7.75,[],0,0,[],[]
8644720,8645520,NA,OLF,0.0,216,CM,NA,NA,NA,NA,0.0,0,-25.54,-19.0,[],0,0,[],[]
8645520,8647160,NA,NON,0.0,216,CM,NA,NA,NA,NA,0.0,0,-28.04,-17.09,[],0,0,[],[]
8647160,8647760,CHI,CHN,0.0,216,CM,EC,0,NT,FH,1.0,600,-34.72,-30.94,"[{'Canonical-syllable': '0', 'Growl': '1', 'High-freq-energy': '1', 'Long-island': '0', 'Low-tilt-spectrum': '1', 'Medium-island': '1', 'Short-island': '0', 'Squeal': '0', 'Typical-entropy': '1', 'Voicing-quality': '1', 'Wide-band': '0', 'Xlong-island': '0', 'seq': '1', 'end': 8647.76, 'start': 8647.16}]",0,0,[],[]
8647760,8681550,NA,NOF,0.0,217,pause,NA,NA,NA,NA,0.0,0,-40.01,-22.2,[],0,0,[],[]
8681550,8682350,NA,OLF,0.0,217,pause,NA,NA,NA,NA,0.0,0,-36.63,-27.39,[],0,0,[],[]
8682350,8684970,NA,NOF,0.0,217,pause,NA,NA,NA,NA,0.0,0,-42.54,-36.15,[],0,0,[],[]
8684970,8685900,NA,SIL,0.0,217,pause,NA,NA,NA,NA,0.0,0,-50.08,-45.55,[],0,0,[],[]
8685900,8686700,NA,NOF,0.0,217,pause,NA,NA,NA,NA,0.0,0,-45.05,-40.52,[],0,0,[],[]
8686700,8688270,NA,SIL,0.0,217,pause,NA,NA,NA,NA,0.0,0,-49.08,-42.02,[],0,0,[],[]
8688270,8691030,NA,OLF,0.0,217,pause,NA,NA,NA,NA,0.0,0,-30.52,-16.9,[],0,0,[],[]
8691030,8693700,NA,NOF,0.0,217,pause,NA,NA,NA,NA,0.0,0,-39.61,-28.13,[],0,0,[],[]
8693700,8694500,NA,SIL,0.0,217,pause,NA,NA,NA,NA,0.0,0,-46.54,-40.93,[],0,0,[],[]
8694500,8695300,NA,NOF,0.0,217,pause,NA,NA,NA,NA,0.0,0,-36.71,-26.96,[],0,0,[],[]
8695300,8696170,NA,OLN,0.0,217,pause,NA,NA,NA,NA,0.0,0,-29.26,-21.55,[],0,0,[],[]
8696170,8701050,NA,NOF,0.0,217,pause,NA,NA,NA,NA,0.0,0,-36.44,-23.35,[],0,0,[],[]
8701050,8702370,NA,OLN,0.0,217,pause,NA,NA,NA,NA,0.0,0,-22.44,-10.64,[],0,0,[],[]
8702370,8703200,NA,NON,0.0,217,pause,NA,NA,NA,NA,0.0,0,-25.41,-15.85,[],0,0,[],[]
8703200,8704160,NA,OLN,0.0,217,pause,NA,NA,NA,NA,0.0,0,-30.49,-21.57,[],0,0,[],[]
8704160,8705550,NA,NOF,0.0,217,pause,NA,NA,NA,NA,0.0,0,-39.26,-30.55,[],0,0,[],[]
8705550,8706900,NA,SIL,0.0,217,pause,NA,NA,NA,NA,0.0,0,-50.32,-42.23,[],0,0,[],[]
8706900,8708250,NA,NOF,0.0,217,pause,NA,NA,NA,NA,0.0,0,-36.25,-26.57,[],0,0,[],[]
8708250,8709540,NA,OLN,0.0,217,pause,NA,NA,NA,NA,0.0,0,-30.5,-20.47,[],0,0,[],[]
8709540,8711780,NA,NOF,0.0,217,pause,NA,NA,NA,NA,0.0,0,-33.78,-17.42,[],0,0,[],[]
8711780,8712870,NA,OLN,0.0,217,pause,NA,NA,NA,NA,0.0,0,-22.13,-11.56,[],0,0,[],[]
8712870,8714170,NA,NON,0.0,217,pause,NA,NA,NA,NA,0.0,0,-24.68,-9.12,[],0,0,[],[]
8714170,8714980,NA,SIL,0.0,217,pause,NA,NA,NA,NA,0.0,0,-47.46,-37.1,[],0,0,[],[]
8714980,8717350,NA,OLF,0.0,217,pause,NA,NA,NA,NA,0.0,0,-30.33,-16.58,[],0,0,[],[]
8717350,8718180,NA,SIL,0.0,217,pause,NA,NA,NA,NA,0.0,0,-43.76,-30.83,[],0,0,[],[]
8718180,8719340,NA,NOF,0.0,217,pause,NA,NA,NA,NA,0.0,0,-42.24,-29.58,[],0,0,[],[]
8719340,8720500,NA,OLN,0.0,217,pause,NA,NA,NA,NA,0.0,0,-33.49,-22.52,[],0,0,[],[]
8720500,8723010,NA,NOF,0.0,217,pause,NA,NA,NA,NA,0.0,0,-34.71,-21.79,[],0,0,[],[]
8723010,8723850,NA,SIL,0.0,217,pause,NA,NA,NA,NA,0.0,0,-46.72,-38.42,[],0,0,[],[]
8723850,8724650,NA,NOF,0.0,217,pause,NA,NA,NA,NA,0.0,0,-40.45,-30.98,[],0,0,[],[]
8724650,8725250,FEM,FAN,0.0,217,pause,NA,NA,NA,NA,0.0,0,-32.13,-24.02,[],600,0,[],[]
8725250,8727310,NA,NOF,0.0,217,pause,NA,NA,NA,NA,0.0,0,-41.07,-27.87,[],0,0,[],[]
8727310,8728400,NA,SIL,0.0,217,pause,NA,NA,NA,NA,0.0,0,-46.4,-34.88,[],0,0,[],[]
8728400,8729470,NA,NOF,0.0,217,pause,NA,NA,NA,NA,0.0,0,-32.33,-22.99,[],0,0,[],[]
8729470,8730290,NA,OLN,0.0,217,pause,NA,NA,NA,NA,0.0,0,-30.01,-20.96,[],0,0,[],[]
8730290,8732830,NA,NOF,0.0,217,pause,NA,NA,NA,NA,0.0,0,-38.15,-27.11,[],0,0,[],[]
8732830,8734280,NA,SIL,0.0,217,pause,NA,NA,NA,NA,0.0,0,-46.47,-38.85,[],0,0,[],[]
8734280,8735430,NA,NOF,0.0,217,pause,NA,NA,NA,NA,0.0,0,-36.14,-19.31,[],0,0,[],[]
8735430,8736230,NA,SIL,0.0,217,pause,NA,NA,NA,NA,0.0,0,-39.03,-24.65,[],0,0,[],[]
8736230,8737130,NA,NOF,0.0,217,pause,NA,NA,NA,NA,0.0,0,-37.75,-28.06,[],0,0,[],[]
8737130,8737930,NA,SIL,0.0,217,pause,NA,NA,NA,NA,0.0,0,-44.73,-37.75,[],0,0,[],[]
8737930,8738740,NA,NOF,0.0,217,pause,NA,NA,NA,NA,0.0,0,-36.82,-28.0,[],0,0,[],[]
8738740,8739540,NA,SIL,0.0,217,pause,NA,NA,NA,NA,0.0,0,-36.54,-23.01,[],0,0,[],[]
8739540,8740350,NA,FAF,0.0,217,pause,NA,NA,NA,NA,0.0,0,-27.1,-15.87,[],0,0,[],[]
8740350,8741230,OCH,CXN,0.0,217,XM,EC,0,NT,FI,0.0,0,-39.58,-34.18,[],0,0,[],[]
8741230,8742450,NA,SIL,0.0,218,pause,NA,NA,NA,NA,0.0,0,-43.63,-29.23,[],0,0,[],[]
8742450,8744390,NA,NON,0.0,218,pause,NA,NA,NA,NA,0.0,0,-24.08,-7.92,[],0,0,[],[]
8744390,8744990,NA,CHF,0.0,218,pause,NA,NA,NA,NA,0.0,0,-32.94,-20.01,[],0,110,[],"[{'start': 8744.61, 'end': 8744.72}]"
8744990,8747010,NA,SIL,0.0,218,pause,NA,NA,NA,NA,0.0,0,-38.3,-25.26,[],0,0,[],[]
8747010,8747630,NA,CHF,0.0,218,pause,NA,NA,NA,NA,0.0,0,-28.18,-14.32,[],0,0,[],[]
8747630,8749650,NA,NOF,0.0,218,pause,NA,NA,NA,NA,0.0,0,-31.94,-14.46,[],0,0,[],[]
8749650,8750680,NA,SIL,0.0,218,pause,NA,NA,NA,NA,0.0,0,-40.78,-29.3,[],0,0,[],[]
8750680,8753390,NA,NOF,0.0,218,pause,NA,NA,NA,NA,0.0,0,-33.99,-17.07,[],0,0,[],[]
8753390,8754200,NA,SIL,0.0,218,pause,NA,NA,NA,NA,0.0,0,-45.4,-35.84,[],0,0,[],[]
8754200,8759340,NA,NOF,0.0,218,pause,NA,NA,NA,NA,0.0,0,-25.73,-2.86,[],0,0,[],[]
8759340,8760400,NA,SIL,0.0,218,pause,NA,NA,NA,NA,0.0,0,-44.37,-35.1,[],0,0,[],[]
8760400,8761200,NA,NOF,0.0,218,pause,NA,NA,NA,NA,0.0,0,-40.63,-32.89,[],0,0,[],[]
8761200,8762770,NA,SIL,0.0,218,pause,NA,NA,NA,NA,0.0,0,-44.37,-35.9,[],0,0,[],[]
8762770,8763760,NA,NOF,0.0,218,pause,NA,NA,NA,NA,0.0,0,-31.34,-13.34,[],0,0,[],[]
8763760,8765920,NA,SIL,0.0,218,pause,NA,NA,NA,NA,0.0,0,-44.8,-34.41,[],0,0,[],[]
8765920,8767170,NA,NOF,0.0,218,pause,NA,NA,NA,NA,0.0,0,-35.13,-20.6,[],0,0,[],[]
8767170,8772010,NA,SIL,0.0,218,pause,NA,NA,NA,NA,0.0,0,-39.26,-22.44,[],0,0,[],[]
8772010,8773430,NA,NOF,0.0,218,pause,NA,NA,NA,NA,0.0,0,-30.19,-17.9,[],0,0,[],[]
8773430,8774450,NA,SIL,0.0,218,pause,NA,NA,NA,NA,0.0,0,-38.04,-30.09,[],0,0,[],[]
8774450,8775250,NA,MAF,0.0,218,pause,NA,NA,NA,NA,0.0,0,-29.48,-14.7,[],0,0,[],[]
8775250,8776540,NA,SIL,0.0,218,pause,NA,NA,NA,NA,0.0,0,-37.87,-29.85,[],0,0,[],[]
8776540,8777770,NA,NOF,0.0,218,pause,NA,NA,NA,NA,0.0,0,-36.47,-21.9,[],0,0,[],[]
8777770,8780470,NA,SIL,0.0,218,pause,NA,NA,NA,NA,0.0,0,-37.02,-21.41,[],0,0,[],[]
8780470,8781420,NA,NOF,0.0,218,pause,NA,NA,NA,NA,0.0,0,-28.47,-17.08,[],0,0,[],[]
8781420,8782220,NA,OLF,0.0,218,pause,NA,NA,NA,NA,0.0,0,-23.79,-11.16,[],0,0,[],[]
8782220,8783150,NA,NOF,0.0,218,pause,NA,NA,NA,NA,0.0,0,-33.05,-23.79,[],0,0,[],[]
8783150,8784600,NA,SIL,0.0,218,pause,NA,NA,NA,NA,0.0,0,-38.29,-23.75,[],0,0,[],[]
8784600,8789400,NA,NOF,0.0,218,pause,NA,NA,NA,NA,0.0,0,-29.46,-7.81,[],0,0,[],[]
8789400,8790980,NA,SIL,0.0,218,pause,NA,NA,NA,NA,0.0,0,-43.65,-32.18,[],0,0,[],[]
8790980,8791780,NA,NOF,0.0,218,pause,NA,NA,NA,NA,0.0,0,-25.37,-8.04,[],0,0,[],[]
8791780,8795730,NA,SIL,0.0,218,pause,NA,NA,NA,NA,0.0,0,-44.12,-33.93,[],0,0,[],[]
8795730,8796880,NA,NOF,0.0,218,pause,NA,NA,NA,NA,0.0,0,-37.72,-23.36,[],0,0,[],[]
8796880,8797680,NA,SIL,0.0,218,pause,NA,NA,NA,NA,0.0,0,-43.94,-34.68,[],0,0,[],[]
8797680,8799290,NA,NOF,0.0,218,pause,NA,NA,NA,NA,0.0,0,-36.95,-21.76,[],0,0,[],[]
8799290,8800300,NA,MAF,0.0,218,pause,NA,NA,NA,NA,0.0,0,-30.98,-14.32,[],0,0,[],[]
8800300,8802990,NA,NOF,0.0,218,pause,NA,NA,NA,NA,0.0,0,-20.99,-4.55,[],0,0,[],[]
8802990,8805220,NA,SIL,0.0,218,pause,NA,NA,NA,NA,0.0,0,-36.08,-16.68,[],0,0,[],[]
8805220,8806090,NA,NOF,0.0,218,pause,NA,NA,NA,NA,0.0,0,-30.57,-13.25,[],0,0,[],[]
8806090,8806890,NA,SIL,0.0,218,pause,NA,NA,NA,NA,0.0,0,-42.18,-33.81,[],0,0,[],[]
8806890,8807890,NA,MAF,0.0,218,pause,NA,NA,NA,NA,0.0,0,-36.29,-24.79,[],0,0,[],[]
8807890,8809560,NA,SIL,0.0,218,pause,NA,NA,NA,NA,0.0,0,-40.27,-26.01,[],0,0,[],[]
8809560,8811820,NA,OLN,0.0,218,pause,NA,NA,NA,NA,0.0,0,-18.04,-6.09,[],0,0,[],[]
8811820,8813190,NA,NOF,0.0,218,pause,NA,NA,NA,NA,0.0,0,-36.25,-20.7,[],0,0,[],[]
8813190,8814150,NA,OLN,0.0,218,pause,NA,NA,NA,NA,0.0,0,-16.27,-6.28,[],0,0,[],[]
8814150,8815770,NA,NOF,0.0,218,pause,NA,NA,NA,NA,0.0,0,-37.09,-26.97,[],0,0,[],[]
8815770,8816730,NA,SIL,0.0,218,pause,NA,NA,NA,NA,0.0,0,-46.32,-36.76,[],0,0,[],[]
8816730,8818570,NA,OLN,0.0,218,pause,NA,NA,NA,NA,0.0,0,-29.92,-17.06,[],0,0,[],[]
8818570,8819380,NA,NOF,0.0,218,pause,NA,NA,NA,NA,0.0,0,-41.78,-30.63,[],0,0,[],[]
8819380,8820360,NA,OLF,0.0,218,pause,NA,NA,NA,NA,0.0,0,-33.69,-25.21,[],0,0,[],[]
8820360,8822880,NA,NOF,0.0,218,pause,NA,NA,NA,NA,0.0,0,-36.66,-24.38,[],0,0,[],[]
8822880,8823730,NA,OLF,0.0,218,pause,NA,NA,NA,NA,0.0,0,-35.35,-30.61,[],0,0,[],[]
8823730,8824560,NA,NOF,0.0,218,pause,NA,NA,NA,NA,0.0,0,-36.43,-21.18,[],0,0,[],[]
8824560,8825980,NA,SIL,0.0,218,pause,NA,NA,NA,NA,0.0,0,-44.56,-29.0,[],0,0,[],[]
8825980,8829210,NA,NOF,0.0,218,pause,NA,NA,NA,NA,0.0,0,-41.01,-27.58,[],0,0,[],[]
8829210,8830010,NA,OLF,0.0,218,pause,NA,NA,NA,NA,0.0,0,-38.91,-30.68,[],0,0,[],[]
8830010,8830880,NA,NOF,0.0,218,pause,NA,NA,NA,NA,0.0,0,-40.71,-33.7,[],0,0,[],[]
8830880,8835250,NA,SIL,0.0,218,pause,NA,NA,NA,NA,0.0,0,-52.47,-45.22,[],0,0,[],[]
8835250,8836160,NA,OLF,0.0,218,pause,NA,NA,NA,NA,0.0,0,-39.83,-32.24,[],0,0,[],[]
8836160,8837280,NA,OLN,0.0,218,pause,NA,NA,NA,NA,0.0,0,-33.04,-21.15,[],0,0,[],[]
8837280,8838880,NA,NOF,0.0,218,pause,NA,NA,NA,NA,0.0,0,-38.61,-27.6,[],0,0,[],[]
8838880,8839750,NA,OLN,0.0,218,pause,NA,NA,NA,NA,0.0,0,-34.02,-24.37,[],0,0,[],[]
8839750,8844420,NA,NOF,0.0,218,pause,NA,NA,NA,NA,0.0,0,-38.97,-21.06,[],0,0,[],[]
8844420,8846440,NA,OLN,0.0,218,pause,NA,NA,NA,NA,0.0,0,-27.84,-15.07,[],0,0,[],[]
8846440,8847270,NA,NOF,0.0,218,pause,NA,NA,NA,NA,0.0,0,-27.8,-20.3,[],0,0,[],[]
8847270,8849530,NA,OLN,0.0,218,pause,NA,NA,NA,NA,0.0,0,-22.09,-5.95,[],0,0,[],[]
8849530,8850470,NA,NOF,0.0,218,pause,NA,NA,NA,NA,0.0,0,-25.39,-12.48,[],0,0,[],[]
8850470,8851280,NA,OLF,0.0,218,pause,NA,NA,NA,NA,0.0,0,-34.98,-25.3,[],0,0,[],[]
8851280,8855300,NA,NOF,0.0,218,pause,NA,NA,NA,NA,0.0,0,-38.9,-25.83,[],0,0,[],[]
8855300,8857410,NA,OLN,0.0,218,pause,NA,NA,NA,NA,0.0,0,-22.79,-9.07,[],0,0,[],[]
8857410,8861740,NA,NOF,0.0,218,pause,NA,NA,NA,NA,0.0,0,-38.87,-20.91,[],0,0,[],[]
8861740,8862590,NA,OLN,0.0,218,pause,NA,NA,NA,NA,0.0,0,-21.9,-7.34,[],0,0,[],[]
8862590,8863470,NA,NON,0.0,218,pause,NA,NA,NA,NA,0.0,0,-25.56,-17.91,[],0,0,[],[]
8863470,8864340,NA,OLN,0.0,218,pause,NA,NA,NA,NA,0.0,0,-23.81,-13.23,[],0,0,[],[]
8864340,8865160,NA,NON,0.0,218,pause,NA,NA,NA,NA,0.0,0,-32.52,-24.3,[],0,0,[],[]
8865160,8866080,NA,OLF,0.0,218,pause,NA,NA,NA,NA,0.0,0,-35.41,-26.56,[],0,0,[],[]
8866080,8867780,NA,NOF,0.0,218,pause,NA,NA,NA,NA,0.0,0,-41.04,-31.79,[],0,0,[],[]
8867780,8869450,NA,OLN,0.0,218,pause,NA,NA,NA,NA,0.0,0,-24.42,-13.18,[],0,0,[],[]
8869450,8870280,NA,NON,0.0,218,pause,NA,NA,NA,NA,0.0,0,-26.95,-17.08,[],0,0,[],[]
8870280,8871190,NA,OLF,0.0,218,pause,NA,NA,NA,NA,0.0,0,-35.14,-27.73,[],0,0,[],[]
8871190,8873020,NA,NOF,0.0,218,pause,NA,NA,NA,NA,0.0,0,-35.13,-24.8,[],0,0,[],[]
8873020,8874000,NA,OLF,0.0,218,pause,NA,NA,NA,NA,0.0,0,-36.86,-30.12,[],0,0,[],[]
8874000,8883740,NA,NOF,0.0,218,pause,NA,NA,NA,NA,0.0,0,-37.11,-20.43,[],0,0,[],[]
8883740,8884970,NA,OLN,0.0,218,pause,NA,NA,NA,NA,0.0,0,-29.94,-17.15,[],0,0,[],[]
8884970,8886940,NA,NOF,0.0,218,pause,NA,NA,NA,NA,0.0,0,-36.69,-27.99,[],0,0,[],[]
8886940,8887740,NA,OLF,0.0,218,pause,NA,NA,NA,NA,0.0,0,-36.97,-26.88,[],0,0,[],[]
8887740,8889130,NA,NOF,0.0,218,pause,NA,NA,NA,NA,0.0,0,-41.82,-34.37,[],0,0,[],[]
8889130,8893490,NA,SIL,0.0,218,pause,NA,NA,NA,NA,0.0,0,-46.74,-34.66,[],0,0,[],[]
8893490,8902240,NA,NOF,0.0,218,pause,NA,NA,NA,NA,0.0,0,-41.65,-27.43,[],0,0,[],[]
8902240,8903040,NA,SIL,0.0,218,pause,NA,NA,NA,NA,0.0,0,-45.49,-39.67,[],0,0,[],[]
8903040,8905830,NA,NOF,0.0,218,pause,NA,NA,NA,NA,0.0,0,-42.4,-32.97,[],0,0,[],[]
8905830,8906680,NA,SIL,0.0,218,pause,NA,NA,NA,NA,0.0,0,-46.21,-34.38,[],0,0,[],[]
8906680,8907480,NA,NOF,0.0,218,pause,NA,NA,NA,NA,0.0,0,-42.82,-34.24,[],0,0,[],[]
8907480,8908370,NA,SIL,0.0,218,pause,NA,NA,NA,NA,0.0,0,-45.7,-37.45,[],0,0,[],[]
8908370,8911330,NA,NOF,0.0,218,pause,NA,NA,NA,NA,0.0,0,-35.68,-21.59,[],0,0,[],[]
8911330,8912130,NA,SIL,0.0,218,pause,NA,NA,NA,NA,0.0,0,-48.96,-44.27,[],0,0,[],[]
8912130,8916510,NA,NOF,0.0,218,pause,NA,NA,NA,NA,0.0,0,-36.35,-14.71,[],0,0,[],[]
8916510,8917790,NA,OLN,0.0,218,pause,NA,NA,NA,NA,0.0,0,-27.85,-15.9,[],0,0,[],[]
8917790,8918910,NA,NOF,0.0,218,pause,NA,NA,NA,NA,0.0,0,-33.58,-27.38,[],0,0,[],[]
8918910,8919510,FEM,FAN,0.14,218,AMF,EC,0,NT,FI,0.0,0,-35.73,-28.22,[],0,0,[],[]
8919510,8921800,NA,NOF,0.0,219,pause,NA,NA,NA,NA,0.0,0,-32.91,-20.73,[],0,0,[],[]
8921800,8922640,NA,OLF,0.0,219,pause,NA,NA,NA,NA,0.0,0,-22.61,-11.02,[],0,0,[],[]
8922640,8926380,NA,NOF,0.0,219,pause,NA,NA,NA,NA,0.0,0,-42.44,-33.52,[],0,0,[],[]
8926380,8927490,NA,OLF,0.0,219,pause,NA,NA,NA,NA,0.0,0,-39.35,-34.54,[],0,0,[],[]
8927490,8929360,NA,NOF,0.0,219,pause,NA,NA,NA,NA,0.0,0,-34.33,-18.13,[],0,0,[],[]
8929360,8930260,NA,OLF,0.0,219,pause,NA,NA,NA,NA,0.0,0,-25.19,-11.4,[],0,0,[],[]
8930260,8934920,NA,NOF,0.0,219,pause,NA,NA,NA,NA,0.0,0,-37.55,-21.44,[],0,0,[],[]
8934920,8937800,NA,OLN,0.0,219,pause,NA,NA,NA,NA,0.0,0,-24.82,-12.23,[],0,0,[],[]
8937800,8938600,NA,OLF,0.0,219,pause,NA,NA,NA,NA,0.0,0,-36.12,-23.17,[],0,0,[],[]
8938600,8939810,NA,OLN,0.0,219,pause,NA,NA,NA,NA,0.0,0,-30.58,-21.46,[],0,0,[],[]
8939810,8941170,NA,NOF,0.0,219,pause,NA,NA,NA,NA,0.0,0,-39.09,-30.95,[],0,0,[],[]
8941170,8942010,NA,SIL,0.0,219,pause,NA,NA,NA,NA,0.0,0,-45.96,-38.17,[],0,0,[],[]
8942010,8944270,NA,NOF,0.0,219,pause,NA,NA,NA,NA,0.0,0,-37.69,-19.01,[],0,0,[],[]
8944270,8945230,NA,OLF,0.0,219,pause,NA,NA,NA,NA,0.0,0,-38.22,-29.38,[],0,0,[],[]
8945230,8946950,NA,NOF,0.0,219,pause,NA,NA,NA,NA,0.0,0,-35.3,-24.13,[],0,0,[],[]
8946950,8947570,NA,CHF,0.0,219,pause,NA,NA,NA,NA,0.0,0,-39.76,-35.1,[],0,620,[],"[{'start': 8946.95, 'end': 8947.57}]"
8947570,8950570,NA,NOF,0.0,219,pause,NA,NA,NA,NA,0.0,0,-40.82,-23.15,[],0,0,[],[]
8950570,8951400,NA,OLF,0.0,219,pause,NA,NA,NA,NA,0.0,0,-26.94,-15.41,[],0,0,[],[]
8951400,8952000,CHI,CHN,0.0,219,CM,EC,0,NT,FI,1.0,600,-34.67,-27.13,"[{'Canonical-syllable': '0', 'Growl': '1', 'High-freq-energy': '1', 'Long-island': '0', 'Low-tilt-spectrum': '1', 'Medium-island': '1', 'Short-island': '0', 'Squeal': '0', 'Typical-entropy': '1', 'Voicing-quality': '1', 'Wide-band': '0', 'Xlong-island': '0', 'seq': '1', 'end': 8952.0, 'start': 8951.4}]",0,0,[],[]
8952000,8957750,NA,NOF,0.0,220,pause,NA,NA,NA,NA,0.0,0,-44.93,-35.12,[],0,0,[],[]
8957750,8958670,NA,OLN,0.0,220,pause,NA,NA,NA,NA,0.0,0,-34.27,-17.61,[],0,0,[],[]
8958670,8959470,NA,NOF,0.0,220,pause,NA,NA,NA,NA,0.0,0,-36.47,-27.48,[],0,0,[],[]
8959470,8960780,NA,OLN,0.0,220,pause,NA,NA,NA,NA,0.0,0,-34.87,-22.99,[],0,0,[],[]
8960780,8961900,NA,NON,0.0,220,pause,NA,NA,NA,NA,0.0,0,-31.29,-18.59,[],0,0,[],[]
8961900,8962700,NA,OLN,0.0,220,pause,NA,NA,NA,NA,0.0,0,-28.57,-14.59,[],0,0,[],[]
8962700,8963530,NA,NOF,0.0,220,pause,NA,NA,NA,NA,0.0,0,-39.5,-30.36,[],0,0,[],[]
8963530,8968450,NA,OLN,0.0,220,pause,NA,NA,NA,NA,0.0,0,-19.25,-5.33,[],0,0,[],[]
8968450,8969910,NA,NOF,0.0,220,pause,NA,NA,NA,NA,0.0,0,-34.93,-19.25,[],0,0,[],[]
8969910,8974220,NA,OLN,0.0,220,pause,NA,NA,NA,NA,0.0,0,-28.76,-13.74,[],0,0,[],[]
8974220,8975860,NA,NOF,0.0,220,pause,NA,NA,NA,NA,0.0,0,-38.96,-27.46,[],0,0,[],[]
8975860,8976660,NA,OLF,0.0,220,pause,NA,NA,NA,NA,0.0,0,-36.6,-27.34,[],0,0,[],[]
8976660,8977920,NA,NOF,0.0,220,pause,NA,NA,NA,NA,0.0,0,-41.33,-33.9,[],0,0,[],[]
8977920,8980830,NA,OLN,0.0,220,pause,NA,NA,NA,NA,0.0,0,-32.18,-23.21,[],0,0,[],[]
8980830,8981640,NA,SIL,0.0,220,pause,NA,NA,NA,NA,0.0,0,-43.65,-38.14,[],0,0,[],[]
8981640,8982500,NA,NOF,0.0,220,pause,NA,NA,NA,NA,0.0,0,-40.8,-33.53,[],0,0,[],[]
8982500,8985350,NA,OLN,0.0,220,pause,NA,NA,NA,NA,0.0,0,-28.6,-15.92,[],0,0,[],[]
8985350,8986160,NA,NOF,0.0,220,pause,NA,NA,NA,NA,0.0,0,-35.53,-26.75,[],0,0,[],[]
8986160,8986980,NA,OLN,0.0,220,pause,NA,NA,NA,NA,0.0,0,-32.96,-27.36,[],0,0,[],[]
8986980,8989260,NA,NOF,0.0,220,pause,NA,NA,NA,NA,0.0,0,-36.2,-27.75,[],0,0,[],[]
8989260,8990200,NA,OLN,0.0,220,pause,NA,NA,NA,NA,0.0,0,-16.19,-3.33,[],0,0,[],[]
8990200,8995870,NA,NOF,0.0,220,pause,NA,NA,NA,NA,0.0,0,-31.12,-11.24,[],0,0,[],[]
8995870,8996670,NA,SIL,0.0,220,pause,NA,NA,NA,NA,0.0,0,-45.73,-41.15,[],0,0,[],[]
8996670,8997670,OCH,CXN,0.0,220,XIOCC,BC,0,NT,FI,0.0,0,-24.88,-17.94,[],0,0,[],[]
8997670,9002580,NA,NOF,0.0,220,XIOCC,NA,NA,NA,NA,0.0,0,-32.29,-9.9,[],0,0,[],[]
9002580,9003310,CHI,CHN,0.0,220,XIOCC,EC,0,NT,FI,1.0,270,-27.37,-18.91,"[{'Canonical-syllable': '1', 'Growl': '0', 'High-freq-energy': '0', 'Long-island': '0', 'Low-tilt-spectrum': '0', 'Medium-island': '0', 'Short-island': '1', 'Squeal': '0', 'Typical-entropy': '0', 'Voicing-quality': '1', 'Wide-band': '0', 'Xlong-island': '0', 'seq': '1', 'end': 9003.31, 'start': 9003.04}]",0,0,[],[]
9003310,9007240,NA,NOF,0.0,221,pause,NA,NA,NA,NA,0.0,0,-36.21,-15.41,[],0,0,[],[]
9007240,9008040,NA,OLF,0.0,221,pause,NA,NA,NA,NA,0.0,0,-27.15,-12.65,[],0,0,[],[]
9008040,9008870,NA,NOF,0.0,221,pause,NA,NA,NA,NA,0.0,0,-33.9,-24.82,[],0,0,[],[]
9008870,9009690,NA,OLN,0.0,221,pause,NA,NA,NA,NA,0.0,0,-34.75,-29.06,[],0,0,[],[]
9009690,9010640,NA,NON,0.0,221,pause,NA,NA,NA,NA,0.0,0,-37.02,-28.68,[],0,0,[],[]
9010640,9011440,NA,OLN,0.0,221,pause,NA,NA,NA,NA,0.0,0,-37.24,-28.84,[],0,0,[],[]
9011440,9016600,NA,NOF,0.0,221,pause,NA,NA,NA,NA,0.0,0,-30.68,-11.7,[],0,0,[],[]
9016600,9018060,NA,OLN,0.0,221,pause,NA,NA,NA,NA,0.0,0,-28.37,-14.73,[],0,0,[],[]
9018060,9018910,NA,NOF,0.0,221,pause,NA,NA,NA,NA,0.0,0,-28.55,-15.41,[],0,0,[],[]
9018910,9019970,NA,OLF,0.0,221,pause,NA,NA,NA,NA,0.0,0,-26.85,-14.37,[],0,0,[],[]
9019970,9024340,NA,NOF,0.0,221,pause,NA,NA,NA,NA,0.0,0,-37.66,-18.89,[],0,0,[],[]
9024340,9025880,NA,OLN,0.0,221,pause,NA,NA,NA,NA,0.0,0,-32.54,-19.74,[],0,0,[],[]
9025880,9026970,NA,NON,0.0,221,pause,NA,NA,NA,NA,0.0,0,-21.25,-4.07,[],0,0,[],[]
9026970,9028110,NA,OLF,0.0,221,pause,NA,NA,NA,NA,0.0,0,-36.98,-25.06,[],0,0,[],[]
9028110,9029540,NA,NOF,0.0,221,pause,NA,NA,NA,NA,0.0,0,-40.65,-33.46,[],0,0,[],[]
9029540,9030430,NA,OLN,0.0,221,pause,NA,NA,NA,NA,0.0,0,-35.99,-31.2,[],0,0,[],[]
9030430,9034070,NA,NOF,0.0,221,pause,NA,NA,NA,NA,0.0,0,-36.66,-23.77,[],0,0,[],[]
9034070,9035130,NA,OLF,0.0,221,pause,NA,NA,NA,NA,0.0,0,-28.9,-15.78,[],0,0,[],[]
9035130,9039820,NA,NOF,0.0,221,pause,NA,NA,NA,NA,0.0,0,-38.3,-25.99,[],0,0,[],[]
9039820,9040620,NA,FAF,0.0,221,pause,NA,NA,NA,NA,0.0,0,-35.27,-27.79,[],0,0,[],[]
9040620,9042530,NA,NOF,0.0,221,pause,NA,NA,NA,NA,0.0,0,-39.37,-31.92,[],0,0,[],[]
9042530,9043350,NA,OLF,0.0,221,pause,NA,NA,NA,NA,0.0,0,-36.79,-25.68,[],0,0,[],[]
9043350,9067700,NA,NOF,0.0,221,pause,NA,NA,NA,NA,0.0,0,-37.82,-13.35,[],0,0,[],[]
9067700,9068540,NA,OLF,0.0,221,pause,NA,NA,NA,NA,0.0,0,-33.87,-24.19,[],0,0,[],[]
9068540,9069930,NA,NOF,0.0,221,pause,NA,NA,NA,NA,0.0,0,-34.64,-22.52,[],0,0,[],[]
9069930,9070900,NA,SIL,0.0,221,pause,NA,NA,NA,NA,0.0,0,-45.37,-35.2,[],0,0,[],[]
9070900,9072020,NA,NOF,0.0,221,pause,NA,NA,NA,NA,0.0,0,-33.94,-21.93,[],0,0,[],[]
9072020,9072870,NA,OLF,0.0,221,pause,NA,NA,NA,NA,0.0,0,-37.47,-29.73,[],0,0,[],[]
9072870,9073520,CHI,CHN,0.0,221,CM,EC,0,NT,FI,1.0,650,-25.14,-21.11,"[{'Canonical-syllable': '0', 'Growl': '0', 'High-freq-energy': '0', 'Long-island': '0', 'Low-tilt-spectrum': '0', 'Medium-island': '1', 'Short-island': '0', 'Squeal': '0', 'Typical-entropy': '0', 'Voicing-quality': '1', 'Wide-band': '0', 'Xlong-island': '0', 'seq': '1', 'end': 9073.52, 'start': 9072.87}]",0,0,[],[]
9073520,9074390,NA,NOF,0.0,222,pause,NA,NA,NA,NA,0.0,0,-37.08,-26.07,[],0,0,[],[]
9074390,9076040,NA,OLF,0.0,222,pause,NA,NA,NA,NA,0.0,0,-24.74,-12.88,[],0,0,[],[]
9076040,9076850,NA,NON,0.0,222,pause,NA,NA,NA,NA,0.0,0,-36.64,-29.77,[],0,0,[],[]
9076850,9077800,NA,OLN,0.0,222,pause,NA,NA,NA,NA,0.0,0,-30.65,-20.23,[],0,0,[],[]
9077800,9079150,NA,NOF,0.0,222,pause,NA,NA,NA,NA,0.0,0,-38.6,-32.47,[],0,0,[],[]
9079150,9080220,NA,OLN,0.0,222,pause,NA,NA,NA,NA,0.0,0,-29.94,-15.76,[],0,0,[],[]
9080220,9081520,NA,NOF,0.0,222,pause,NA,NA,NA,NA,0.0,0,-36.36,-27.4,[],0,0,[],[]
9081520,9082360,NA,OLF,0.0,222,pause,NA,NA,NA,NA,0.0,0,-18.82,-3.7,[],0,0,[],[]
9082360,9084090,NA,SIL,0.0,222,pause,NA,NA,NA,NA,0.0,0,-45.64,-37.68,[],0,0,[],[]
9084090,9085680,NA,NOF,0.0,222,pause,NA,NA,NA,NA,0.0,0,-38.43,-31.62,[],0,0,[],[]
9085680,9086490,NA,OLF,0.0,222,pause,NA,NA,NA,NA,0.0,0,-36.57,-26.58,[],0,0,[],[]
9086490,9089340,NA,NOF,0.0,222,pause,NA,NA,NA,NA,0.0,0,-37.38,-29.58,[],0,0,[],[]
9089340,9090180,NA,OLN,0.0,222,pause,NA,NA,NA,NA,0.0,0,-31.5,-16.93,[],0,0,[],[]
9090180,9092070,NA,NON,0.0,222,pause,NA,NA,NA,NA,0.0,0,-25.36,-9.15,[],0,0,[],[]
9092070,9093920,NA,OLN,0.0,222,pause,NA,NA,NA,NA,0.0,0,-19.42,-7.16,[],0,0,[],[]
9093920,9094720,NA,SIL,0.0,222,pause,NA,NA,NA,NA,0.0,0,-45.64,-38.18,[],0,0,[],[]
9094720,9095960,NA,NOF,0.0,222,pause,NA,NA,NA,NA,0.0,0,-39.0,-31.01,[],0,0,[],[]
9095960,9096560,CHI,CHN,0.0,222,CM,BC,0,NT,FI,1.0,370,-13.89,-3.85,"[{'Canonical-syllable': '0', 'Growl': '0', 'High-freq-energy': '1', 'Long-island': '0', 'Low-tilt-spectrum': '1', 'Medium-island': '1', 'Short-island': '0', 'Squeal': '1', 'Typical-entropy': '1', 'Voicing-quality': '1', 'Wide-band': '0', 'Xlong-island': '0', 'seq': '1', 'end': 9096.33, 'start': 9095.96}]",0,0,[],[]
9096560,9097950,NA,OLN,0.0,222,CM,NA,NA,NA,NA,0.0,0,-22.26,-10.2,[],0,0,[],[]
9097950,9099320,NA,NON,0.0,222,CM,NA,NA,NA,NA,0.0,0,-22.36,-5.44,[],0,0,[],[]
9099320,9099920,CHI,CHN,0.0,222,CM,NA,NA,NA,NA,0.0,0,-14.87,-5.33,[],0,480,"[{'start': 9099.44, 'end': 9099.92}]",[]
9099920,9101260,NA,OLN,0.0,222,CM,NA,NA,NA,NA,0.0,0,-19.6,-12.43,[],0,0,[],[]
9101260,9102110,CHI,CHN,0.0,222,CM,EC,0,NT,FH,1.0,850,-14.44,-6.71,"[{'Canonical-syllable': '0', 'Growl': '0', 'High-freq-energy': '1', 'Long-island': '1', 'Low-tilt-spectrum': '1', 'Medium-island': '0', 'Short-island': '0', 'Squeal': '0', 'Typical-entropy': '1', 'Voicing-quality': '1', 'Wide-band': '0', 'Xlong-island': '0', 'seq': '1', 'end': 9102.11, 'start': 9101.39}]",0,0,[],[]
9102110,9103170,NA,NOF,0.0,223,pause,NA,NA,NA,NA,0.0,0,-26.07,-18.27,[],0,0,[],[]
9103170,9103770,CHI,CHN,0.0,223,pause,NA,NA,NA,NA,0.0,0,-15.96,-9.47,[],0,280,"[{'start': 9103.38, 'end': 9103.66}]",[]
9103770,9104570,NA,OLN,0.0,223,pause,NA,NA,NA,NA,0.0,0,-13.43,-3.19,[],0,0,[],[]
9104570,9105170,CHI,CHN,0.0,223,pause,NA,NA,NA,NA,0.0,0,-19.29,-9.14,[],0,190,"[{'start': 9104.57, 'end': 9104.76}]",[]
9105170,9105970,NA,NOF,0.0,223,pause,NA,NA,NA,NA,0.0,0,-28.83,-18.35,[],0,0,[],[]
9105970,9108850,NA,OLN,0.0,223,pause,NA,NA,NA,NA,0.0,0,-24.53,-7.09,[],0,0,[],[]
9108850,9109650,NA,NON,0.0,223,pause,NA,NA,NA,NA,0.0,0,-23.8,-14.72,[],0,0,[],[]
9109650,9112180,NA,OLN,0.0,223,pause,NA,NA,NA,NA,0.0,0,-22.88,-8.67,[],0,0,[],[]
9112180,9113750,NA,NOF,0.0,223,pause,NA,NA,NA,NA,0.0,0,-21.55,-5.39,[],0,0,[],[]
9113750,9114550,NA,OLN,0.0,223,pause,NA,NA,NA,NA,0.0,0,-26.31,-11.21,[],0,0,[],[]
9114550,9116010,NA,NOF,0.0,223,pause,NA,NA,NA,NA,0.0,0,-41.45,-29.14,[],0,0,[],[]
9116010,9116820,NA,OLF,0.0,223,pause,NA,NA,NA,NA,0.0,0,-37.5,-27.65,[],0,0,[],[]
9116820,9118060,NA,NOF,0.0,223,pause,NA,NA,NA,NA,0.0,0,-33.25,-20.09,[],0,0,[],[]
9118060,9118870,NA,OLN,0.0,223,pause,NA,NA,NA,NA,0.0,0,-22.43,-12.02,[],0,0,[],[]
9118870,9119700,NA,NOF,0.0,223,pause,NA,NA,NA,NA,0.0,0,-34.69,-26.36,[],0,0,[],[]
9119700,9120300,CHI,CHN,0.0,223,pause,NA,NA,NA,NA,0.0,0,-29.23,-18.8,[],0,430,[],"[{'start': 9119.7, 'end': 9120.13}]"
9120300,9122800,NA,OLF,0.0,223,pause,NA,NA,NA,NA,0.0,0,-34.56,-19.63,[],0,0,[],[]
9122800,9123610,NA,NOF,0.0,223,pause,NA,NA,NA,NA,0.0,0,-37.52,-27.51,[],0,0,[],[]
9123610,9124440,NA,OLN,0.0,223,pause,NA,NA,NA,NA,0.0,0,-27.79,-16.9,[],0,0,[],[]
9124440,9125620,NA,NOF,0.0,223,pause,NA,NA,NA,NA,0.0,0,-29.99,-17.33,[],0,0,[],[]
9125620,9126650,NA,OLF,0.0,223,pause,NA,NA,NA,NA,0.0,0,-32.05,-18.74,[],0,0,[],[]
9126650,9127640,NA,NOF,0.0,223,pause,NA,NA,NA,NA,0.0,0,-39.6,-29.5,[],0,0,[],[]
9127640,9128440,NA,OLN,0.0,223,pause,NA,NA,NA,NA,0.0,0,-23.76,-15.06,[],0,0,[],[]
9128440,9133410,NA,NOF,0.0,223,pause,NA,NA,NA,NA,0.0,0,-36.4,-18.48,[],0,0,[],[]
9133410,9134210,NA,OLN,0.0,223,pause,NA,NA,NA,NA,0.0,0,-27.19,-16.59,[],0,0,[],[]
9134210,9135010,NA,NOF,0.0,223,pause,NA,NA,NA,NA,0.0,0,-37.59,-28.07,[],0,0,[],[]
9135010,9135830,NA,OLF,0.0,223,pause,NA,NA,NA,NA,0.0,0,-16.85,-3.01,[],0,0,[],[]
9135830,9138830,NA,NOF,0.0,223,pause,NA,NA,NA,NA,0.0,0,-33.26,-16.57,[],0,0,[],[]
9138830,9139630,NA,SIL,0.0,223,pause,NA,NA,NA,NA,0.0,0,-43.52,-32.33,[],0,0,[],[]
9139630,9148760,NA,NOF,0.0,223,pause,NA,NA,NA,NA,0.0,0,-37.57,-22.42,[],0,0,[],[]
9148760,9149660,NA,SIL,0.0,223,pause,NA,NA,NA,NA,0.0,0,-41.17,-31.31,[],0,0,[],[]
9149660,9150700,NA,NOF,0.0,223,pause,NA,NA,NA,NA,0.0,0,-41.9,-32.34,[],0,0,[],[]
9150700,9152460,CHI,CHN,0.0,223,CM,EC,0,NT,FI,1.0,1680,-16.75,-5.61,"[{'Canonical-syllable': '1', 'Growl': '0', 'High-freq-energy': '0', 'Long-island': '1', 'Low-tilt-spectrum': '0', 'Medium-island': '1', 'Short-island': '1', 'Squeal': '0', 'Typical-entropy': '0', 'Voicing-quality': '4', 'Wide-band': '0', 'Xlong-island': '0', 'seq': '1', 'end': 9152.38, 'start': 9150.7}]",0,0,[],[]
9152460,9153930,NA,NOF,0.0,224,pause,NA,NA,NA,NA,0.0,0,-37.97,-28.05,[],0,0,[],[]
9153930,9154730,NA,OLN,0.0,224,pause,NA,NA,NA,NA,0.0,0,-30.43,-22.13,[],0,0,[],[]
9154730,9158200,NA,NOF,0.0,224,pause,NA,NA,NA,NA,0.0,0,-36.89,-23.84,[],0,0,[],[]
9158200,9159000,NA,CXF,0.0,224,pause,NA,NA,NA,NA,0.0,0,-43.39,-37.4,[],0,0,[],[]
9159000,9164540,NA,NOF,0.0,224,pause,NA,NA,NA,NA,0.0,0,-35.87,-19.0,[],0,0,[],[]
9164540,9166090,NA,OLF,0.0,224,pause,NA,NA,NA,NA,0.0,0,-35.42,-23.2,[],0,0,[],[]
9166090,9170330,NA,NOF,0.0,224,pause,NA,NA,NA,NA,0.0,0,-37.15,-24.07,[],0,0,[],[]
9170330,9171130,NA,SIL,0.0,224,pause,NA,NA,NA,NA,0.0,0,-45.39,-37.87,[],0,0,[],[]
9171130,9173070,NA,NOF,0.0,224,pause,NA,NA,NA,NA,0.0,0,-35.27,-19.68,[],0,0,[],[]
9173070,9173890,NA,SIL,0.0,224,pause,NA,NA,NA,NA,0.0,0,-46.02,-36.85,[],0,0,[],[]
9173890,9176200,NA,OLF,0.0,224,pause,NA,NA,NA,NA,0.0,0,-35.35,-21.64,[],0,0,[],[]
9176200,9179630,NA,NOF,0.0,224,pause,NA,NA,NA,NA,0.0,0,-41.21,-32.74,[],0,0,[],[]
9179630,9180540,NA,SIL,0.0,224,pause,NA,NA,NA,NA,0.0,0,-45.64,-39.31,[],0,0,[],[]
9180540,9182030,NA,NOF,0.0,224,pause,NA,NA,NA,NA,0.0,0,-34.49,-18.67,[],0,0,[],[]
9182030,9182990,NA,SIL,0.0,224,pause,NA,NA,NA,NA,0.0,0,-46.6,-40.98,[],0,0,[],[]
9182990,9184270,NA,NOF,0.0,224,pause,NA,NA,NA,NA,0.0,0,-45.5,-38.98,[],0,0,[],[]
9184270,9185070,NA,SIL,0.0,224,pause,NA,NA,NA,NA,0.0,0,-46.68,-39.75,[],0,0,[],[]
9185070,9187950,NA,NOF,0.0,224,pause,NA,NA,NA,NA,0.0,0,-44.29,-29.68,[],0,0,[],[]
9187950,9190180,NA,SIL,0.0,224,pause,NA,NA,NA,NA,0.0,0,-46.54,-32.69,[],0,0,[],[]
9190180,9191120,NA,NOF,0.0,224,pause,NA,NA,NA,NA,0.0,0,-42.5,-31.88,[],0,0,[],[]
9191120,9192260,NA,SIL,0.0,224,pause,NA,NA,NA,NA,0.0,0,-47.68,-40.99,[],0,0,[],[]
9192260,9203480,NA,NOF,0.0,224,pause,NA,NA,NA,NA,0.0,0,-37.9,-27.27,[],0,0,[],[]
9203480,9204520,NA,OLF,0.0,224,pause,NA,NA,NA,NA,0.0,0,-37.5,-31.61,[],0,0,[],[]
9204520,9205520,CHI,CHN,0.0,224,CM,BC,0,NT,FI,1.0,1000,-16.92,-11.33,"[{'Canonical-syllable': '0', 'Growl': '0', 'High-freq-energy': '0', 'Long-island': '1', 'Low-tilt-spectrum': '0', 'Medium-island': '0', 'Short-island': '0', 'Squeal': '0', 'Typical-entropy': '0', 'Voicing-quality': '1', 'Wide-band': '0', 'Xlong-island': '0', 'seq': '1', 'end': 9205.52, 'start': 9204.52}]",0,0,[],[]
9205520,9206250,CHI,CHN,0.0,224,CM,EC,0,NT,FH,1.0,730,-16.46,-11.94,"[{'Canonical-syllable': '0', 'Growl': '0', 'High-freq-energy': '0', 'Long-island': '1', 'Low-tilt-spectrum': '0', 'Medium-island': '0', 'Short-island': '0', 'Squeal': '0', 'Typical-entropy': '0', 'Voicing-quality': '1', 'Wide-band': '0', 'Xlong-island': '0', 'seq': '1', 'end': 9206.25, 'start': 9205.52}]",0,0,[],[]
9206250,9212530,NA,NOF,0.0,225,pause,NA,NA,NA,NA,0.0,0,-39.1,-24.5,[],0,0,[],[]
9212530,9214550,NA,OLN,0.0,225,pause,NA,NA,NA,NA,0.0,0,-19.36,-7.56,[],0,0,[],[]
9214550,9216420,NA,NOF,0.0,225,pause,NA,NA,NA,NA,0.0,0,-40.83,-29.88,[],0,0,[],[]
9216420,9217960,NA,SIL,0.0,225,pause,NA,NA,NA,NA,0.0,0,-45.81,-35.28,[],0,0,[],[]
9217960,9218840,NA,NOF,0.0,225,pause,NA,NA,NA,NA,0.0,0,-42.26,-36.64,[],0,0,[],[]
9218840,9221490,NA,SIL,0.0,225,pause,NA,NA,NA,NA,0.0,0,-47.6,-30.4,[],0,0,[],[]
9221490,9226900,NA,NOF,0.0,225,pause,NA,NA,NA,NA,0.0,0,-38.17,-25.46,[],0,0,[],[]
9226900,9229080,NA,OLN,0.0,225,pause,NA,NA,NA,NA,0.0,0,-28.81,-18.39,[],0,0,[],[]
9229080,9229710,CHI,CHN,0.0,225,CM,BC,0,NT,FI,1.0,630,-13.06,-6.21,"[{'Canonical-syllable': '1', 'Growl': '0', 'High-freq-energy': '0', 'Long-island': '0', 'Low-tilt-spectrum': '1', 'Medium-island': '1', 'Short-island': '0', 'Squeal': '0', 'Typical-entropy': '1', 'Voicing-quality': '1', 'Wide-band': '0', 'Xlong-island': '0', 'seq': '1', 'end': 9229.71, 'start': 9229.08}]",0,0,[],[]
9229710,9230510,NA,OLN,0.0,225,CM,NA,NA,NA,NA,0.0,0,-28.99,-21.96,[],0,0,[],[]
9230510,9231310,NA,OLF,0.0,225,CM,NA,NA,NA,NA,0.0,0,-37.77,-31.34,[],0,0,[],[]
9231310,9231950,CHI,CHN,0.0,225,CM,EC,0,NT,FH,1.0,480,-15.97,-10.07,"[{'Canonical-syllable': '1', 'Growl': '0', 'High-freq-energy': '0', 'Long-island': '0', 'Low-tilt-spectrum': '0', 'Medium-island': '1', 'Short-island': '0', 'Squeal': '0', 'Typical-entropy': '1', 'Voicing-quality': '1', 'Wide-band': '0', 'Xlong-island': '0', 'seq': '1', 'end': 9231.79, 'start': 9231.31}]",0,0,[],[]
9231950,9233250,NA,OLN,0.0,226,pause,NA,NA,NA,NA,0.0,0,-34.43,-18.62,[],0,0,[],[]
9233250,9234120,NA,NOF,0.0,226,pause,NA,NA,NA,NA,0.0,0,-41.42,-28.37,[],0,0,[],[]
9234120,9236560,NA,OLN,0.0,226,pause,NA,NA,NA,NA,0.0,0,-20.28,-7.83,[],0,0,[],[]
9236560,9237360,NA,NON,0.0,226,pause,NA,NA,NA,NA,0.0,0,-29.7,-19.03,[],0,0,[],[]
9237360,9238160,NA,OLN,0.0,226,pause,NA,NA,NA,NA,0.0,0,-22.8,-10.72,[],0,0,[],[]
9238160,9238960,NA,NOF,0.0,226,pause,NA,NA,NA,NA,0.0,0,-23.15,-6.08,[],0,0,[],[]
9238960,9240250,NA,OLN,0.0,226,pause,NA,NA,NA,NA,0.0,0,-31.85,-18.49,[],0,0,[],[]
9240250,9241080,OCH,CXN,0.0,226,XM,EC,0,NT,FI,0.0,0,-37.11,-30.23,[],0,0,[],[]
9241080,9242370,NA,OLN,0.0,227,pause,NA,NA,NA,NA,0.0,0,-21.84,-8.05,[],0,0,[],[]
9242370,9244030,NA,SIL,0.0,227,pause,NA,NA,NA,NA,0.0,0,-46.18,-35.65,[],0,0,[],[]
9244030,9245160,NA,OLN,0.0,227,pause,NA,NA,NA,NA,0.0,0,-32.44,-25.37,[],0,0,[],[]
9245160,9246400,NA,NOF,0.0,227,pause,NA,NA,NA,NA,0.0,0,-40.98,-32.17,[],0,0,[],[]
9246400,9247410,CHI,CHN,0.0,227,CM,EC,0,NT,FI,1.0,1010,-16.49,-9.26,"[{'Canonical-syllable': '1', 'Growl': '1', 'High-freq-energy': '0', 'Long-island': '0', 'Low-tilt-spectrum': '1', 'Medium-island': '1', 'Short-island': '1', 'Squeal': '0', 'Typical-entropy': '1', 'Voicing-quality': '2', 'Wide-band': '0', 'Xlong-island': '0', 'seq': '1', 'end': 9247.41, 'start': 9246.59}]",0,0,[],[]
9247410,9248230,NA,OLN,0.0,228,pause,NA,NA,NA,NA,0.0,0,-31.03,-17.93,[],0,0,[],[]
9248230,9249050,NA,SIL,0.0,228,pause,NA,NA,NA,NA,0.0,0,-48.32,-40.5,[],0,0,[],[]
9249050,9250130,NA,OLN,0.0,228,pause,NA,NA,NA,NA,0.0,0,-22.24,-8.93,[],0,0,[],[]
9250130,9250940,NA,NOF,0.0,228,pause,NA,NA,NA,NA,0.0,0,-33.83,-19.3,[],0,0,[],[]
9250940,9254380,NA,OLN,0.0,228,pause,NA,NA,NA,NA,0.0,0,-29.3,-12.94,[],0,0,[],[]
9254380,9255260,NA,NOF,0.0,228,pause,NA,NA,NA,NA,0.0,0,-37.16,-29.06,[],0,0,[],[]
9255260,9257190,NA,OLN,0.0,228,pause,NA,NA,NA,NA,0.0,0,-23.5,-9.72,[],0,0,[],[]
9257190,9258010,NA,NOF,0.0,228,pause,NA,NA,NA,NA,0.0,0,-35.43,-23.87,[],0,0,[],[]
9258010,9259840,NA,OLN,0.0,228,pause,NA,NA,NA,NA,0.0,0,-29.55,-20.1,[],0,0,[],[]
9259840,9261650,NA,NOF,0.0,228,pause,NA,NA,NA,NA,0.0,0,-35.17,-20.29,[],0,0,[],[]
9261650,9262660,NA,MAF,0.0,228,pause,NA,NA,NA,NA,0.0,0,-29.81,-14.63,[],0,0,[],[]
9262660,9265730,NA,NOF,0.0,228,pause,NA,NA,NA,NA,0.0,0,-38.31,-24.85,[],0,0,[],[]
9265730,9267050,NA,CHF,0.0,228,CIOCX,BC,0,NT,FI,1.0,1320,-35.42,-27.78,"[{'Canonical-syllable': '0', 'Growl': '1', 'High-freq-energy': '1', 'Long-island': '1', 'Low-tilt-spectrum': '1', 'Medium-island': '1', 'Short-island': '0', 'Squeal': '0', 'Typical-entropy': '1', 'Voicing-quality': '1', 'Wide-band': '0', 'Xlong-island': '0', 'seq': '1', 'end': 9267.05, 'start': 9265.73}]",0,0,[],[]
9267050,9268100,NA,NOF,0.0,228,CIOCX,NA,NA,NA,NA,0.0,0,-41.43,-32.17,[],0,0,[],[]
9268100,9269100,FEM,FAN,0.0,228,CIOCX,NA,NA,NA,NA,0.0,0,-26.48,-17.42,[],1000,0,[],[]
9269100,9270240,NA,OLN,0.0,228,CIOCX,NA,NA,NA,NA,0.0,0,-22.45,-10.72,[],0,0,[],[]
9270240,9271040,NA,SIL,0.0,228,CIOCX,NA,NA,NA,NA,0.0,0,-44.88,-32.38,[],0,0,[],[]
9271040,9271640,CHI,CHN,0.0,228,CIOCX,RC,0,NT,FH,1.0,370,-23.6,-16.55,"[{'Canonical-syllable': '0', 'Growl': '0', 'High-freq-energy': '0', 'Long-island': '0', 'Low-tilt-spectrum': '0', 'Medium-island': '1', 'Short-island': '0', 'Squeal': '0', 'Typical-entropy': '1', 'Voicing-quality': '1', 'Wide-band': '0', 'Xlong-island': '0', 'seq': '1', 'end': 9271.41, 'start': 9271.15}]",0,0,[],[]
9271640,9272440,NA,NOF,0.0,228,CIOCX,NA,NA,NA,NA,0.0,0,-42.26,-34.89,[],0,0,[],[]
9272440,9273240,NA,SIL,0.0,228,CIOCX,NA,NA,NA,NA,0.0,0,-50.67,-42.86,[],0,0,[],[]
9273240,9274220,OCH,CXN,0.0,228,CIOCX,EC,0,NT,FI,0.0,0,-38.48,-31.28,[],0,0,[],[]
9274220,9275090,NA,NOF,0.0,229,pause,NA,NA,NA,NA,0.0,0,-41.11,-35.34,[],0,0,[],[]
9275090,9277070,NA,SIL,0.0,229,pause,NA,NA,NA,NA,0.0,0,-44.54,-34.38,[],0,0,[],[]
9277070,9277930,NA,NOF,0.0,229,pause,NA,NA,NA,NA,0.0,0,-44.43,-41.47,[],0,0,[],[]
9277930,9279850,NA,SIL,0.0,229,pause,NA,NA,NA,NA,0.0,0,-45.75,-29.95,[],0,0,[],[]
9279850,9280520,NA,OLN,0.0,229,pause,NA,NA,NA,NA,0.0,0,-31.48,-22.33,[],0,0,[],[]
9280520,9282670,NA,SIL,0.0,229,pause,NA,NA,NA,NA,0.0,0,-50.64,-40.73,[],0,0,[],[]
9282670,9283470,NA,CXF,0.0,229,pause,NA,NA,NA,NA,0.0,0,-38.94,-31.98,[],0,0,[],[]
9283470,9284870,NA,OLN,0.0,229,pause,NA,NA,NA,NA,0.0,0,-23.58,-13.84,[],0,0,[],[]
9284870,9285870,CHI,CHN,0.0,229,CIOCX,BC,0,NT,FI,1.0,280,-18.02,-9.5,"[{'Canonical-syllable': '0', 'Growl': '0', 'High-freq-energy': '0', 'Long-island': '0', 'Low-tilt-spectrum': '0', 'Medium-island': '1', 'Short-island': '0', 'Squeal': '0', 'Typical-entropy': '1', 'Voicing-quality': '1', 'Wide-band': '0', 'Xlong-island': '0', 'seq': '1', 'end': 9285.15, 'start': 9284.87}]",0,0,[],[]
9285870,9286810,NA,OLF,0.0,229,CIOCX,NA,NA,NA,NA,0.0,0,-29.9,-18.42,[],0,0,[],[]
9286810,9287640,NA,NOF,0.0,229,CIOCX,NA,NA,NA,NA,0.0,0,-30.51,-14.12,[],0,0,[],[]
9287640,9288440,OCH,CXN,0.0,229,CIOCX,RC,0,NT,FI,0.0,0,-32.94,-23.47,[],0,0,[],[]
9288440,9289230,CHI,CHN,0.0,229,CIOCX,EC,0,NT,FI,1.0,790,-17.25,-5.22,"[{'Canonical-syllable': '0', 'Growl': '1', 'High-freq-energy': '0', 'Long-island': '1', 'Low-tilt-spectrum': '0', 'Medium-island': '0', 'Short-island': '0', 'Squeal': '0', 'Typical-entropy': '1', 'Voicing-quality': '1', 'Wide-band': '0', 'Xlong-island': '0', 'seq': '1', 'end': 9289.23, 'start': 9288.44}]",0,0,[],[]
9289230,9290150,NA,OLN,0.0,230,pause,NA,NA,NA,NA,0.0,0,-25.03,-16.24,[],0,0,[],[]
9290150,9291570,NA,NOF,0.0,230,pause,NA,NA,NA,NA,0.0,0,-33.79,-22.66,[],0,0,[],[]
9291570,9293660,CHI,CHN,0.0,230,pause,NA,NA,NA,NA,0.0,0,-15.68,-6.07,[],0,2090,"[{'start': 9291.57, 'end': 9293.66}]",[]
9293660,9296960,NA,NOF,0.0,230,pause,NA,NA,NA,NA,0.0,0,-23.34,-3.71,[],0,0,[],[]
9296960,9297620,CHI,CHN,0.0,230,pause,NA,NA,NA,NA,0.0,0,-15.92,-5.78,[],0,190,[],"[{'start': 9296.96, 'end': 9297.15}]"
9297620,9298460,NA,SIL,0.0,230,pause,NA,NA,NA,NA,0.0,0,-47.03,-37.98,[],0,0,[],[]
9298460,9299960,NA,NOF,0.0,230,pause,NA,NA,NA,NA,0.0,0,-30.66,-13.59,[],0,0,[],[]
9299960,9303590,NA,OLN,0.0,230,pause,NA,NA,NA,NA,0.0,0,-27.1,-12.21,[],0,0,[],[]
9303590,9304390,NA,NOF,0.0,230,pause,NA,NA,NA,NA,0.0,0,-31.01,-20.2,[],0,0,[],[]
9304390,9306110,NA,OLN,0.0,230,pause,NA,NA,NA,NA,0.0,0,-30.62,-16.33,[],0,0,[],[]
9306110,9308180,NA,NOF,0.0,230,pause,NA,NA,NA,NA,0.0,0,-40.07,-27.34,[],0,0,[],[]
9308180,9308780,CHI,CHN,0.0,230,CM,BC,0,NT,FI,1.0,600,-26.69,-18.99,"[{'Canonical-syllable': '0', 'Growl': '0', 'High-freq-energy': '1', 'Long-island': '0', 'Low-tilt-spectrum': '1', 'Medium-island': '1', 'Short-island': '0', 'Squeal': '0', 'Typical-entropy': '1', 'Voicing-quality': '0', 'Wide-band': '0', 'Xlong-island': '0', 'seq': '1', 'end': 9308.78, 'start': 9308.45}]",0,0,[],[]
9308780,9309660,NA,OLF,0.0,230,CM,NA,NA,NA,NA,0.0,0,-39.84,-33.55,[],0,0,[],[]
9309660,9311620,CHI,CHN,0.0,230,CM,EC,0,NT,FH,1.0,1820,-17.7,-7.56,"[{'Canonical-syllable': '0', 'Growl': '0', 'High-freq-energy': '0', 'Long-island': '0', 'Low-tilt-spectrum': '1', 'Medium-island': '1', 'Short-island': '0', 'Squeal': '0', 'Typical-entropy': '2', 'Voicing-quality': '2', 'Wide-band': '0', 'Xlong-island': '1', 'seq': '1', 'end': 9311.48, 'start': 9309.66}]",0,0,[],[]
9311620,9312680,NA,OLF,0.0,231,pause,NA,NA,NA,NA,0.0,0,-32.85,-23.03,[],0,0,[],[]
9312680,9316180,NA,OLN,0.0,231,pause,NA,NA,NA,NA,0.0,0,-19.85,-6.76,[],0,0,[],[]
9316180,9317180,NA,SIL,0.0,231,pause,NA,NA,NA,NA,0.0,0,-47.47,-40.33,[],0,0,[],[]
9317180,9319170,CHI,CHN,0.0,231,CM,BC,0,NT,FI,1.0,1990,-15.31,-8.36,"[{'Canonical-syllable': '0', 'Growl': '0', 'High-freq-energy': '1', 'Long-island': '0', 'Low-tilt-spectrum': '2', 'Medium-island': '1', 'Short-island': '0', 'Squeal': '1', 'Typical-entropy': '2', 'Voicing-quality': '2', 'Wide-band': '0', 'Xlong-island': '1', 'seq': '1', 'end': 9319.17, 'start': 9317.27}]",0,0,[],[]
9319170,9320000,NA,SIL,0.0,231,CM,NA,NA,NA,NA,0.0,0,-47.9,-38.88,[],0,0,[],[]
9320000,9321930,CHI,CHN,0.0,231,CM,NA,NA,NA,NA,0.0,0,-15.39,-7.7,[],0,1390,"[{'start': 9320.42, 'end': 9321.81}]",[]
9321930,9322730,NA,OLF,0.0,231,CM,NA,NA,NA,NA,0.0,0,-39.2,-31.03,[],0,0,[],[]
9322730,9323860,NA,SIL,0.0,231,CM,NA,NA,NA,NA,0.0,0,-47.83,-42.07,[],0,0,[],[]
9323860,9325030,CHI,CHN,0.0,231,CM,RC,0,NT,FH,1.0,940,-16.74,-10.31,"[{'Canonical-syllable': '0', 'Growl': '0', 'High-freq-energy': '0', 'Long-island': '1', 'Low-tilt-spectrum': '1', 'Medium-island': '0', 'Short-island': '0', 'Squeal': '0', 'Typical-entropy': '1', 'Voicing-quality': '1', 'Wide-band': '0', 'Xlong-island': '0', 'seq': '1', 'end': 9324.8, 'start': 9323.97}]",0,0,[],[]
9325030,9326770,NA,SIL,0.0,231,CM,NA,NA,NA,NA,0.0,0,-46.73,-31.62,[],0,0,[],[]
9326770,9327400,CHI,CHN,0.0,231,CM,EC,0,NT,FH,1.0,630,-34.95,-29.32,"[{'Canonical-syllable': '0', 'Growl': '1', 'High-freq-energy': '0', 'Long-island': '0', 'Low-tilt-spectrum': '0', 'Medium-island': '1', 'Short-island': '0', 'Squeal': '0', 'Typical-entropy': '1', 'Voicing-quality': '1', 'Wide-band': '0', 'Xlong-island': '0', 'seq': '1', 'end': 9327.4, 'start': 9326.77}]",0,0,[],[]
9327400,9331210,NA,SIL,0.0,232,pause,NA,NA,NA,NA,0.0,0,-49.31,-41.55,[],0,0,[],[]
9331210,9332210,NA,TVN,0.0,232,pause,NA,NA,NA,NA,0.0,0,-49.38,-45.69,[],0,0,[],[]
9332210,9333840,NA,SIL,0.0,232,pause,NA,NA,NA,NA,0.0,0,-48.99,-41.8,[],0,0,[],[]
9333840,9334640,NA,NOF,0.0,232,pause,NA,NA,NA,NA,0.0,0,-46.27,-42.24,[],0,0,[],[]
9334640,9335430,CHI,CHN,0.0,232,CM,EC,0,NT,FI,1.0,480,-26.0,-18.72,"[{'Canonical-syllable': '0', 'Growl': '0', 'High-freq-energy': '0', 'Long-island': '0', 'Low-tilt-spectrum': '0', 'Medium-island': '1', 'Short-island': '0', 'Squeal': '0', 'Typical-entropy': '1', 'Voicing-quality': '1', 'Wide-band': '0', 'Xlong-island': '0', 'seq': '1', 'end': 9335.12, 'start': 9334.64}]",0,0,[],[]
9335430,9336330,NA,OLF,0.0,233,pause,NA,NA,NA,NA,0.0,0,-25.61,-14.28,[],0,0,[],[]
9336330,9337840,NA,NOF,0.0,233,pause,NA,NA,NA,NA,0.0,0,-34.93,-20.15,[],0,0,[],[]
9337840,9340950,NA,SIL,0.0,233,pause,NA,NA,NA,NA,0.0,0,-46.17,-31.26,[],0,0,[],[]
9340950,9341870,NA,NOF,0.0,233,pause,NA,NA,NA,NA,0.0,0,-29.8,-13.16,[],0,0,[],[]
9341870,9343860,NA,OLN,0.0,233,pause,NA,NA,NA,NA,0.0,0,-29.64,-20.81,[],0,0,[],[]
9343860,9344850,NA,NOF,0.0,233,pause,NA,NA,NA,NA,0.0,0,-33.07,-20.12,[],0,0,[],[]
9344850,9345740,NA,SIL,0.0,233,pause,NA,NA,NA,NA,0.0,0,-48.38,-43.87,[],0,0,[],[]
9345740,9346600,NA,NOF,0.0,233,pause,NA,NA,NA,NA,0.0,0,-28.11,-18.56,[],0,0,[],[]
9346600,9350300,NA,SIL,0.0,233,pause,NA,NA,NA,NA,0.0,0,-45.79,-38.91,[],0,0,[],[]
9350300,9352260,NA,OLF,0.0,233,pause,NA,NA,NA,NA,0.0,0,-36.02,-25.13,[],0,0,[],[]
9352260,9354450,NA,NOF,0.0,233,pause,NA,NA,NA,NA,0.0,0,-39.63,-29.12,[],0,0,[],[]
9354450,9355500,NA,SIL,0.0,233,pause,NA,NA,NA,NA,0.0,0,-46.52,-39.25,[],0,0,[],[]
9355500,9356300,NA,NOF,0.0,233,pause,NA,NA,NA,NA,0.0,0,-42.26,-34.66,[],0,0,[],[]
9356300,9359370,NA,SIL,0.0,233,pause,NA,NA,NA,NA,0.0,0,-43.54,-32.62,[],0,0,[],[]
9359370,9361080,NA,NOF,0.0,233,pause,NA,NA,NA,NA,0.0,0,-38.29,-24.15,[],0,0,[],[]
9361080,9364950,NA,SIL,0.0,233,pause,NA,NA,NA,NA,0.0,0,-45.53,-35.09,[],0,0,[],[]
9364950,9366040,NA,NOF,0.0,233,pause,NA,NA,NA,NA,0.0,0,-37.79,-31.02,[],0,0,[],[]
9366040,9368320,NA,OLN,0.0,233,pause,NA,NA,NA,NA,0.0,0,-31.93,-21.97,[],0,0,[],[]
9368320,9369120,NA,NON,0.0,233,pause,NA,NA,NA,NA,0.0,0,-22.59,-9.12,[],0,0,[],[]
9369120,9371440,NA,OLN,0.0,233,pause,NA,NA,NA,NA,0.0,0,-26.05,-8.29,[],0,0,[],[]
9371440,9373440,NA,OLF,0.0,233,pause,NA,NA,NA,NA,0.0,0,-37.98,-30.44,[],0,0,[],[]
9373440,9374290,NA,OLN,0.0,233,pause,NA,NA,NA,NA,0.0,0,-29.56,-19.5,[],0,0,[],[]
9374290,9375090,NA,NON,0.0,233,pause,NA,NA,NA,NA,0.0,0,-25.58,-15.76,[],0,0,[],[]
9375090,9376200,NA,OLF,0.0,233,pause,NA,NA,NA,NA,0.0,0,-29.67,-18.71,[],0,0,[],[]
9376200,9377630,NA,NOF,0.0,233,pause,NA,NA,NA,NA,0.0,0,-37.09,-26.88,[],0,0,[],[]
9377630,9379340,NA,OLF,0.0,233,pause,NA,NA,NA,NA,0.0,0,-39.31,-27.91,[],0,0,[],[]
9379340,9380180,NA,NOF,0.0,233,pause,NA,NA,NA,NA,0.0,0,-44.21,-37.53,[],0,0,[],[]
9380180,9380780,CHI,CHN,0.0,233,CIOCX,BC,0,NT,FI,1.0,500,-20.58,-10.31,"[{'Canonical-syllable': '0', 'Growl': '0', 'High-freq-energy': '0', 'Long-island': '0', 'Low-tilt-spectrum': '0', 'Medium-island': '1', 'Short-island': '0', 'Squeal': '0', 'Typical-entropy': '1', 'Voicing-quality': '1', 'Wide-band': '0', 'Xlong-island': '0', 'seq': '1', 'end': 9380.68, 'start': 9380.41}]",0,0,[],[]
9380780,9382590,NA,SIL,0.0,233,CIOCX,NA,NA,NA,NA,0.0,0,-47.25,-38.43,[],0,0,[],[]
9382590,9383190,CHI,CHN,0.0,233,CIOCX,RC,0,NT,FH,1.0,360,-23.16,-14.8,"[{'Canonical-syllable': '0', 'Growl': '0', 'High-freq-energy': '0', 'Long-island': '0', 'Low-tilt-spectrum': '0', 'Medium-island': '1', 'Short-island': '0', 'Squeal': '0', 'Typical-entropy': '1', 'Voicing-quality': '1', 'Wide-band': '0', 'Xlong-island': '0', 'seq': '1', 'end': 9382.95, 'start': 9382.59}]",0,0,[],[]
9383190,9384570,NA,NOF,0.0,233,CIOCX,NA,NA,NA,NA,0.0,0,-37.19,-22.53,[],0,0,[],[]
9384570,9385770,OCH,CXN,0.0,233,CIOCX,RC,0,NT,FI,0.0,0,-19.86,-9.55,[],0,0,[],[]
9385770,9386780,NA,OLN,0.0,233,CIOCX,NA,NA,NA,NA,0.0,0,-21.9,-12.0,[],0,0,[],[]
9386780,9387580,NA,NOF,0.0,233,CIOCX,NA,NA,NA,NA,0.0,0,-37.43,-31.76,[],0,0,[],[]
9387580,9388400,NA,OLN,0.0,233,CIOCX,NA,NA,NA,NA,0.0,0,-36.32,-30.59,[],0,0,[],[]
9388400,9389430,OCH,CXN,0.0,233,CIOCX,RC,0,NT,FH,0.0,0,-29.34,-23.62,[],0,0,[],[]
9389430,9390270,NA,OLF,0.0,233,CIOCX,NA,NA,NA,NA,0.0,0,-37.58,-22.36,[],0,0,[],[]
9390270,9391070,NA,OLN,0.0,233,CIOCX,NA,NA,NA,NA,0.0,0,-26.28,-19.7,[],0,0,[],[]
9391070,9391870,OCH,CXN,0.0,233,CIOCX,EC,0,NT,FH,0.0,0,-24.24,-19.74,[],0,0,[],[]
9391870,9397940,NA,OLN,0.0,234,pause,NA,NA,NA,NA,0.0,0,-24.04,-8.23,[],0,0,[],[]
9397940,9398840,CHI,CHN,0.0,234,CM,BC,0,NT,FI,1.0,800,-16.72,-8.57,"[{'Canonical-syllable': '2', 'Growl': '0', 'High-freq-energy': '0', 'Long-island': '0', 'Low-tilt-spectrum': '1', 'Medium-island': '1', 'Short-island': '2', 'Squeal': '0', 'Typical-entropy': '3', 'Voicing-quality': '3', 'Wide-band': '0', 'Xlong-island': '0', 'seq': '1', 'end': 9398.74, 'start': 9397.94}]",0,0,[],[]
9398840,9401900,NA,OLN,0.0,234,CM,NA,NA,NA,NA,0.0,0,-23.04,-7.25,[],0,0,[],[]
9401900,9402510,CHI,CHN,0.0,234,CM,RC,0,NT,FH,1.0,610,-14.88,-5.32,"[{'Canonical-syllable': '0', 'Growl': '0', 'High-freq-energy': '0', 'Long-island': '0', 'Low-tilt-spectrum': '1', 'Medium-island': '1', 'Short-island': '0', 'Squeal': '0', 'Typical-entropy': '2', 'Voicing-quality': '2', 'Wide-band': '0', 'Xlong-island': '0', 'seq': '1', 'end': 9402.51, 'start': 9401.9}]",0,0,[],[]
9402510,9404190,NA,OLN,0.0,234,CM,NA,NA,NA,NA,0.0,0,-28.6,-17.82,[],0,0,[],[]
9404190,9404860,CHI,CHN,0.0,234,CM,RC,0,NT,FH,1.0,670,-13.08,-3.74,"[{'Canonical-syllable': '0', 'Growl': '0', 'High-freq-energy': '0', 'Long-island': '1', 'Low-tilt-spectrum': '0', 'Medium-island': '0', 'Short-island': '0', 'Squeal': '0', 'Typical-entropy': '1', 'Voicing-quality': '1', 'Wide-band': '0', 'Xlong-island': '0', 'seq': '1', 'end': 9404.86, 'start': 9404.19}]",0,0,[],[]
9404860,9407510,NA,OLN,0.0,234,CM,NA,NA,NA,NA,0.0,0,-26.91,-14.03,[],0,0,[],[]
9407510,9408110,CHI,CHN,0.0,234,CM,EC,0,NT,FH,1.0,510,-17.58,-11.12,"[{'Canonical-syllable': '0', 'Growl': '0', 'High-freq-energy': '0', 'Long-island': '0', 'Low-tilt-spectrum': '0', 'Medium-island': '1', 'Short-island': '0', 'Squeal': '0', 'Typical-entropy': '1', 'Voicing-quality': '1', 'Wide-band': '0', 'Xlong-island': '0', 'seq': '1', 'end': 9408.02, 'start': 9407.51}]",0,0,[],[]
9408110,9408910,NA,OLN,0.0,235,pause,NA,NA,NA,NA,0.0,0,-29.99,-22.03,[],0,0,[],[]
9408910,9411830,NA,NOF,0.0,235,pause,NA,NA,NA,NA,0.0,0,-35.12,-25.43,[],0,0,[],[]
9411830,9412680,NA,OLF,0.0,235,pause,NA,NA,NA,NA,0.0,0,-33.75,-23.03,[],0,0,[],[]
9412680,9414880,NA,NOF,0.0,235,pause,NA,NA,NA,NA,0.0,0,-34.45,-25.16,[],0,0,[],[]
9414880,9415750,CHI,CHN,0.0,235,CIC,BC,0,NT,FI,1.0,870,-16.59,-11.24,"[{'Canonical-syllable': '0', 'Growl': '0', 'High-freq-energy': '0', 'Long-island': '1', 'Low-tilt-spectrum': '0', 'Medium-island': '0', 'Short-island': '0', 'Squeal': '0', 'Typical-entropy': '0', 'Voicing-quality': '1', 'Wide-band': '0', 'Xlong-island': '0', 'seq': '1', 'end': 9415.75, 'start': 9414.88}]",0,0,[],[]
9415750,9416660,NA,NOF,0.0,235,CIC,NA,NA,NA,NA,0.0,0,-39.09,-32.91,[],0,0,[],[]
9416660,9417660,CHI,CHN,0.0,235,CIC,RC,0,TIMI,FH,1.0,1000,-17.08,-9.11,"[{'Canonical-syllable': '0', 'Growl': '0', 'High-freq-energy': '0', 'Long-island': '1', 'Low-tilt-spectrum': '0', 'Medium-island': '0', 'Short-island': '0', 'Squeal': '1', 'Typical-entropy': '0', 'Voicing-quality': '1', 'Wide-band': '0', 'Xlong-island': '0', 'seq': '1', 'end': 9417.66, 'start': 9416.89}]",0,0,[],[]
9417660,9418390,CHI,CHN,0.0,235,CIC,NA,NA,NA,NA,0.0,0,-14.92,-9.49,[],0,730,"[{'start': 9417.66, 'end': 9418.39}]",[]
9418390,9419550,NA,NOF,0.0,235,CIC,NA,NA,NA,NA,0.0,0,-34.39,-18.94,[],0,0,[],[]
9419550,9420690,MAL,MAN,11.27,235,CIC,RC,1,TIMR,FI,0.0,0,-33.15,-20.01,[],0,0,[],[]
9420690,9421460,CHI,CHN,0.0,235,CIC,RC,1,TIME,FI,1.0,460,-16.73,-10.37,"[{'Canonical-syllable': '1', 'Growl': '0', 'High-freq-energy': '0', 'Long-island': '0', 'Low-tilt-spectrum': '0', 'Medium-island': '1', 'Short-island': '0', 'Squeal': '0', 'Typical-entropy': '1', 'Voicing-quality': '1', 'Wide-band': '0', 'Xlong-island': '0', 'seq': '1', 'end': 9421.46, 'start': 9421.0}]",0,0,[],[]
9421460,9422970,NA,OLN,0.0,235,CIC,NA,NA,NA,NA,0.0,0,-25.67,-12.98,[],0,0,[],[]
9422970,9424170,NA,NOF,0.0,235,CIC,NA,NA,NA,NA,0.0,0,-33.42,-19.69,[],0,0,[],[]
9424170,9424770,CHI,CHN,0.0,235,CIC,RC,1,TIFI,FH,1.0,440,-19.8,-11.87,"[{'Canonical-syllable': '0', 'Growl': '0', 'High-freq-energy': '0', 'Long-island': '0', 'Low-tilt-spectrum': '1', 'Medium-island': '1', 'Short-island': '0', 'Squeal': '0', 'Typical-entropy': '1', 'Voicing-quality': '1', 'Wide-band': '0', 'Xlong-island': '0', 'seq': '1', 'end': 9424.61, 'start': 9424.17}]",0,0,[],[]
9424770,9426090,NA,OLF,0.0,235,CIC,NA,NA,NA,NA,0.0,0,-35.69,-25.19,[],0,0,[],[]
9426090,9427460,FEM,FAN,6.6,235,CIC,RC,2,TIFR,FI,0.0,0,-22.64,-11.66,[],0,0,[],[]
9427460,9428610,NA,OLN,0.0,235,CIC,NA,NA,NA,NA,0.0,0,-28.71,-19.98,[],0,0,[],[]
9428610,9430650,FEM,FAN,10.72,235,CIC,RC,2,NT,FH,0.0,0,-26.18,-16.34,[],0,0,[],[]
9430650,9431250,CHI,CHN,0.0,235,CIC,RC,2,TIFE,FI,1.0,600,-15.73,-9.91,"[{'Canonical-syllable': '0', 'Growl': '0', 'High-freq-energy': '1', 'Long-island': '0', 'Low-tilt-spectrum': '1', 'Medium-island': '1', 'Short-island': '0', 'Squeal': '0', 'Typical-entropy': '0', 'Voicing-quality': '1', 'Wide-band': '0', 'Xlong-island': '0', 'seq': '1', 'end': 9431.25, 'start': 9430.95}]",0,0,[],[]
9431250,9432080,CHI,CHN,0.0,235,CIC,RC,2,TIFI,FH,1.0,830,-16.66,-11.81,"[{'Canonical-syllable': '0', 'Growl': '0', 'High-freq-energy': '0', 'Long-island': '1', 'Low-tilt-spectrum': '1', 'Medium-island': '0', 'Short-island': '0', 'Squeal': '0', 'Typical-entropy': '1', 'Voicing-quality': '1', 'Wide-band': '0', 'Xlong-island': '0', 'seq': '1', 'end': 9432.08, 'start': 9431.25}]",0,0,[],[]
9432080,9433530,FEM,FAN,6.89,235,CIC,RC,3,TIFR,FI,0.0,0,-24.58,-17.94,[],0,0,[],[]
9433530,9434130,CHI,CHN,0.0,235,CIC,RC,3,TIFE,FI,1.0,600,-16.04,-11.15,"[{'Canonical-syllable': '1', 'Growl': '0', 'High-freq-energy': '0', 'Long-island': '0', 'Low-tilt-spectrum': '0', 'Medium-island': '1', 'Short-island': '0', 'Squeal': '0', 'Typical-entropy': '0', 'Voicing-quality': '1', 'Wide-band': '0', 'Xlong-island': '0', 'seq': '1', 'end': 9434.13, 'start': 9433.74}]",0,0,[],[]
9434130,9435350,OCH,CXN,0.0,235,CIC,RC,3,NT,FI,0.0,0,-23.73,-16.15,[],0,0,[],[]
9435350,9435990,CHI,CHN,0.0,235,CIC,RC,3,NT,FI,1.0,640,-15.86,-10.12,"[{'Canonical-syllable': '0', 'Growl': '0', 'High-freq-energy': '1', 'Long-island': '0', 'Low-tilt-spectrum': '1', 'Medium-island': '1', 'Short-island': '0', 'Squeal': '0', 'Typical-entropy': '1', 'Voicing-quality': '1', 'Wide-band': '0', 'Xlong-island': '0', 'seq': '1', 'end': 9435.99, 'start': 9435.59}]",0,0,[],[]
9435990,9437790,OCH,CXN,0.0,235,CIC,RC,3,NT,FI,0.0,0,-26.35,-17.99,[],0,0,[],[]
9437790,9438670,NA,OLN,0.0,235,CIC,NA,NA,NA,NA,0.0,0,-33.39,-25.77,[],0,0,[],[]
9438670,9439820,CHI,CHN,0.0,235,CIC,RC,3,NT,FI,1.0,1150,-14.43,-9.6,"[{'Canonical-syllable': '0', 'Growl': '0', 'High-freq-energy': '1', 'Long-island': '0', 'Low-tilt-spectrum': '1', 'Medium-island': '0', 'Short-island': '0', 'Squeal': '0', 'Typical-entropy': '1', 'Voicing-quality': '1', 'Wide-band': '0', 'Xlong-island': '1', 'seq': '1', 'end': 9439.82, 'start': 9438.67}]",0,0,[],[]
9439820,9440820,CHI,CHN,0.0,235,CIC,NA,NA,NA,NA,0.0,0,-21.92,-14.79,[],0,620,"[{'start': 9439.82, 'end': 9440.44}]",[]
9440820,9443220,NA,NOF,0.0,235,CIC,NA,NA,NA,NA,0.0,0,-43.97,-32.08,[],0,0,[],[]
9443220,9444220,OCH,CXN,0.0,235,CIC,RC,3,NT,FI,0.0,0,-18.77,-10.12,[],0,0,[],[]
9444220,9445230,CHI,CHN,0.0,235,CIC,EC,3,NT,FI,1.0,1010,-15.04,-10.74,"[{'Canonical-syllable': '0', 'Growl': '0', 'High-freq-energy': '1', 'Long-island': '0', 'Low-tilt-spectrum': '0', 'Medium-island': '2', 'Short-island': '0', 'Squeal': '0', 'Typical-entropy': '1', 'Voicing-quality': '2', 'Wide-band': '0', 'Xlong-island': '0', 'seq': '1', 'end': 9445.23, 'start': 9444.22}]",0,0,[],[]
9445230,9446090,NA,OLF,0.0,236,pause,NA,NA,NA,NA,0.0,0,-32.25,-21.96,[],0,0,[],[]
9446090,9446890,NA,NOF,0.0,236,pause,NA,NA,NA,NA,0.0,0,-37.72,-30.12,[],0,0,[],[]
9446890,9449440,CHI,CHN,0.0,236,pause,NA,NA,NA,NA,0.0,0,-15.04,-7.33,[],0,2550,"[{'start': 9446.89, 'end': 9449.44}]",[]
9449440,9450890,NA,OLF,0.0,236,pause,NA,NA,NA,NA,0.0,0,-37.28,-27.98,[],0,0,[],[]
9450890,9452300,CHI,CHN,0.0,236,CM,EC,0,NT,FI,1.0,1410,-15.03,-7.82,"[{'Canonical-syllable': '0', 'Growl': '0', 'High-freq-energy': '0', 'Long-island': '0', 'Low-tilt-spectrum': '0', 'Medium-island': '1', 'Short-island': '0', 'Squeal': '0', 'Typical-entropy': '2', 'Voicing-quality': '2', 'Wide-band': '0', 'Xlong-island': '1', 'seq': '1', 'end': 9452.3, 'start': 9450.89}]",0,0,[],[]
9452300,9458030,NA,NOF,0.0,237,pause,NA,NA,NA,NA,0.0,0,-36.46,-17.95,[],0,0,[],[]
9458030,9459370,CHI,CHN,0.0,237,CIOCX,BC,0,NT,FI,1.0,1340,-16.84,-11.11,"[{'Canonical-syllable': '0', 'Growl': '0', 'High-freq-energy': '0', 'Long-island': '0', 'Low-tilt-spectrum': '0', 'Medium-island': '2', 'Short-island': '1', 'Squeal': '0', 'Typical-entropy': '1', 'Voicing-quality': '3', 'Wide-band': '0', 'Xlong-island': '0', 'seq': '1', 'end': 9459.37, 'start': 9458.03}]",0,0,[],[]
9459370,9460420,OCH,CXN,0.0,237,CIOCX,RC,0,NT,FI,0.0,0,-19.98,-10.78,[],0,0,[],[]
9460420,9461630,CHI,CHN,0.0,237,CIOCX,RC,0,NT,FI,1.0,1210,-16.57,-9.97,"[{'Canonical-syllable': '0', 'Growl': '0', 'High-freq-energy': '0', 'Long-island': '0', 'Low-tilt-spectrum': '1', 'Medium-island': '1', 'Short-island': '3', 'Squeal': '0', 'Typical-entropy': '1', 'Voicing-quality': '4', 'Wide-band': '0', 'Xlong-island': '0', 'seq': '1', 'end': 9461.63, 'start': 9460.42}]",0,0,[],[]
9461630,9462240,CHI,CHN,0.0,237,CIOCX,RC,0,NT,FH,1.0,500,-16.94,-12.06,"[{'Canonical-syllable': '0', 'Growl': '0', 'High-freq-energy': '0', 'Long-island': '0', 'Low-tilt-spectrum': '0', 'Medium-island': '1', 'Short-island': '0', 'Squeal': '0', 'Typical-entropy': '0', 'Voicing-quality': '1', 'Wide-band': '0', 'Xlong-island': '0', 'seq': '1', 'end': 9462.13, 'start': 9461.63}]",0,0,[],[]
9462240,9463040,NA,OLF,0.0,237,CIOCX,NA,NA,NA,NA,0.0,0,-40.66,-33.08,[],0,0,[],[]
9463040,9466490,NA,NOF,0.0,237,CIOCX,NA,NA,NA,NA,0.0,0,-30.1,-10.09,[],0,0,[],[]
9466490,9467510,OCH,CXN,0.0,237,CIOCX,RC,0,NT,FI,0.0,0,-18.65,-11.04,[],0,0,[],[]
9467510,9468110,CHI,CHN,0.0,237,CIOCX,RC,0,NT,FI,1.0,470,-22.07,-15.95,"[{'Canonical-syllable': '0', 'Growl': '0', 'High-freq-energy': '0', 'Long-island': '0', 'Low-tilt-spectrum': '0', 'Medium-island': '1', 'Short-island': '0', 'Squeal': '0', 'Typical-entropy': '1', 'Voicing-quality': '1', 'Wide-band': '0', 'Xlong-island': '0', 'seq': '1', 'end': 9467.98, 'start': 9467.51}]",0,0,[],[]
9468110,9468980,NA,NOF,0.0,237,CIOCX,NA,NA,NA,NA,0.0,0,-41.97,-33.51,[],0,0,[],[]
9468980,9469670,OCH,CXN,0.0,237,CIOCX,RC,0,NT,FI,0.0,0,-16.81,-8.58,[],0,0,[],[]
9469670,9472670,NA,OLN,0.0,237,CIOCX,NA,NA,NA,NA,0.0,0,-33.31,-21.95,[],0,0,[],[]
9472670,9473560,CHI,CHN,0.0,237,CIOCX,RC,0,NT,FI,1.0,890,-17.96,-10.59,"[{'Canonical-syllable': '1', 'Growl': '1', 'High-freq-energy': '0', 'Long-island': '0', 'Low-tilt-spectrum': '0', 'Medium-island': '1', 'Short-island': '1', 'Squeal': '0', 'Typical-entropy': '1', 'Voicing-quality': '3', 'Wide-band': '0', 'Xlong-island': '0', 'seq': '1', 'end': 9473.56, 'start': 9472.67}]",0,0,[],[]
9473560,9475680,NA,OLN,0.0,237,CIOCX,NA,NA,NA,NA,0.0,0,-24.68,-9.3,[],0,0,[],[]
9475680,9476280,CHI,CHN,0.0,237,CIOCX,RC,0,NT,FH,1.0,600,-24.95,-15.73,"[{'Canonical-syllable': '1', 'Growl': '1', 'High-freq-energy': '0', 'Long-island': '0', 'Low-tilt-spectrum': '0', 'Medium-island': '1', 'Short-island': '1', 'Squeal': '0', 'Typical-entropy': '2', 'Voicing-quality': '2', 'Wide-band': '0', 'Xlong-island': '0', 'seq': '1', 'end': 9476.28, 'start': 9475.68}]",0,0,[],[]
9476280,9477450,NA,OLN,0.0,237,CIOCX,NA,NA,NA,NA,0.0,0,-22.02,-10.34,[],0,0,[],[]
9477450,9478820,NA,NOF,0.0,237,CIOCX,NA,NA,NA,NA,0.0,0,-30.16,-16.98,[],0,0,[],[]
9478820,9479900,NA,OLN,0.0,237,CIOCX,NA,NA,NA,NA,0.0,0,-24.09,-9.1,[],0,0,[],[]
9479900,9480910,CHI,CHN,0.0,237,CIOCX,EC,0,NT,FH,1.0,1010,-15.1,-6.95,"[{'Canonical-syllable': '1', 'Growl': '0', 'High-freq-energy': '0', 'Long-island': '0', 'Low-tilt-spectrum': '1', 'Medium-island': '1', 'Short-island': '2', 'Squeal': '0', 'Typical-entropy': '2', 'Voicing-quality': '2', 'Wide-band': '0', 'Xlong-island': '0', 'seq': '1', 'end': 9480.91, 'start': 9479.9}]",0,0,[],[]
9480910,9482280,NA,NOF,0.0,238,pause,NA,NA,NA,NA,0.0,0,-38.33,-27.28,[],0,0,[],[]
9482280,9483250,NA,OLF,0.0,238,pause,NA,NA,NA,NA,0.0,0,-24.93,-12.61,[],0,0,[],[]
9483250,9484070,NA,NOF,0.0,238,pause,NA,NA,NA,NA,0.0,0,-30.44,-18.74,[],0,0,[],[]
9484070,9485040,NA,OLN,0.0,238,pause,NA,NA,NA,NA,0.0,0,-25.93,-15.04,[],0,0,[],[]
9485040,9485850,NA,OLF,0.0,238,pause,NA,NA,NA,NA,0.0,0,-33.86,-22.21,[],0,0,[],[]
9485850,9486510,CHI,CHN,0.0,238,pause,NA,NA,NA,NA,0.0,0,-16.04,-7.32,[],0,660,"[{'start': 9485.85, 'end': 9486.51}]",[]
9486510,9487950,NA,OLF,0.0,238,pause,NA,NA,NA,NA,0.0,0,-35.83,-27.07,[],0,0,[],[]
9487950,9488570,CHI,CHN,0.0,238,pause,NA,NA,NA,NA,0.0,0,-13.63,-5.72,[],0,450,"[{'start': 9487.95, 'end': 9488.4}]",[]
9488570,9492450,NA,NOF,0.0,238,pause,NA,NA,NA,NA,0.0,0,-37.75,-24.04,[],0,0,[],[]
9492450,9493420,NA,OLF,0.0,238,pause,NA,NA,NA,NA,0.0,0,-28.16,-16.35,[],0,0,[],[]
9493420,9494530,NA,NOF,0.0,238,pause,NA,NA,NA,NA,0.0,0,-33.11,-19.36,[],0,0,[],[]
9494530,9495540,CHI,CHN,0.0,238,CM,EC,0,NT,FI,1.0,930,-15.9,-9.28,"[{'Canonical-syllable': '0', 'Growl': '0', 'High-freq-energy': '0', 'Long-island': '1', 'Low-tilt-spectrum': '1', 'Medium-island': '0', 'Short-island': '1', 'Squeal': '0', 'Typical-entropy': '1', 'Voicing-quality': '2', 'Wide-band': '0', 'Xlong-island': '0', 'seq': '1', 'end': 9495.46, 'start': 9494.62}]",0,0,[],[]
9495540,9498130,NA,NOF,0.0,239,pause,NA,NA,NA,NA,0.0,0,-36.44,-25.18,[],0,0,[],[]
9498130,9498950,NA,OLF,0.0,239,pause,NA,NA,NA,NA,0.0,0,-32.34,-19.27,[],0,0,[],[]
9498950,9499780,NA,NOF,0.0,239,pause,NA,NA,NA,NA,0.0,0,-37.7,-27.84,[],0,0,[],[]
9499780,9500590,NA,OLF,0.0,239,pause,NA,NA,NA,NA,0.0,0,-32.43,-21.03,[],0,0,[],[]
9500590,9504510,NA,NOF,0.0,239,pause,NA,NA,NA,NA,0.0,0,-35.5,-23.99,[],0,0,[],[]
9504510,9505320,NA,OLN,0.0,239,pause,NA,NA,NA,NA,0.0,0,-22.28,-7.73,[],0,0,[],[]
9505320,9506120,NA,OLF,0.0,239,pause,NA,NA,NA,NA,0.0,0,-33.46,-21.57,[],0,0,[],[]
9506120,9508400,NA,OLN,0.0,239,pause,NA,NA,NA,NA,0.0,0,-30.51,-14.35,[],0,0,[],[]
9508400,9509590,CHI,CHN,0.0,239,CIOCX,BC,0,NT,FI,2.0,860,-16.53,-8.0,"[{'Canonical-syllable': '1', 'Growl': '0', 'High-freq-energy': '0', 'Long-island': '0', 'Low-tilt-spectrum': '0', 'Medium-island': '2', 'Short-island': '0', 'Squeal': '0', 'Typical-entropy': '1', 'Voicing-quality': '2', 'Wide-band': '0', 'Xlong-island': '0', 'seq': '1', 'end': 9509.0, 'start': 9508.4}, {'Canonical-syllable': '0', 'Growl': '0', 'High-freq-energy': '0', 'Long-island': '0', 'Low-tilt-spectrum': '0', 'Medium-island': '0', 'Short-island': '1', 'Squeal': '0', 'Typical-entropy': '1', 'Voicing-quality': '1', 'Wide-band': '0', 'Xlong-island': '0', 'seq': '2', 'end': 9509.59, 'start': 9509.33}]",0,0,[],[]
9509590,9510500,NA,NOF,0.0,239,CIOCX,NA,NA,NA,NA,0.0,0,-34.63,-20.48,[],0,0,[],[]
9510500,9511610,CHI,CHN,0.0,239,CIOCX,RC,0,NT,FH,1.0,1110,-17.44,-9.68,"[{'Canonical-syllable': '0', 'Growl': '0', 'High-freq-energy': '0', 'Long-island': '0', 'Low-tilt-spectrum': '0', 'Medium-island': '2', 'Short-island': '0', 'Squeal': '0', 'Typical-entropy': '2', 'Voicing-quality': '2', 'Wide-band': '0', 'Xlong-island': '0', 'seq': '1', 'end': 9511.61, 'start': 9510.5}]",0,0,[],[]
9511610,9513540,NA,OLN,0.0,239,CIOCX,NA,NA,NA,NA,0.0,0,-22.96,-12.98,[],0,0,[],[]
9513540,9514340,NA,OLF,0.0,239,CIOCX,NA,NA,NA,NA,0.0,0,-35.98,-28.27,[],0,0,[],[]
9514340,9515340,OCH,CXN,0.0,239,CIOCX,RC,0,NT,FI,0.0,0,-37.38,-31.11,[],0,0,[],[]
9515340,9516140,NA,SIL,0.0,239,CIOCX,NA,NA,NA,NA,0.0,0,-43.65,-35.57,[],0,0,[],[]
9516140,9518290,NA,NOF,0.0,239,CIOCX,NA,NA,NA,NA,0.0,0,-39.01,-27.88,[],0,0,[],[]
9518290,9519290,CHI,CHN,0.0,239,CIOCX,EC,0,NT,FI,1.0,510,-21.39,-13.81,"[{'Canonical-syllable': '0', 'Growl': '0', 'High-freq-energy': '0', 'Long-island': '0', 'Low-tilt-spectrum': '0', 'Medium-island': '1', 'Short-island': '0', 'Squeal': '0', 'Typical-entropy': '1', 'Voicing-quality': '1', 'Wide-band': '0', 'Xlong-island': '0', 'seq': '1', 'end': 9518.8, 'start': 9518.29}]",0,0,[],[]
9519290,9520240,NA,NOF,0.0,240,pause,NA,NA,NA,NA,0.0,0,-33.48,-20.35,[],0,0,[],[]
9520240,9522160,NA,OLN,0.0,240,pause,NA,NA,NA,NA,0.0,0,-33.97,-23.65,[],0,0,[],[]
9522160,9523690,NA,NOF,0.0,240,pause,NA,NA,NA,NA,0.0,0,-40.11,-29.84,[],0,0,[],[]
9523690,9526200,NA,OLN,0.0,240,pause,NA,NA,NA,NA,0.0,0,-26.92,-17.8,[],0,0,[],[]
9526200,9527080,NA,NOF,0.0,240,pause,NA,NA,NA,NA,0.0,0,-28.98,-17.98,[],0,0,[],[]
9527080,9527960,OCH,CXN,0.0,240,XIC,BC,0,NT,FI,0.0,0,-36.04,-26.45,[],0,0,[],[]
9527960,9529940,NA,OLN,0.0,240,XIC,NA,NA,NA,NA,0.0,0,-23.84,-11.4,[],0,0,[],[]
9529940,9530560,FEM,FAN,2.81,240,XIC,RC,0,TIFI,FI,0.0,0,-18.48,-12.44,[],0,0,[],[]
9530560,9531360,NA,NOF,0.0,240,XIC,NA,NA,NA,NA,0.0,0,-42.94,-33.15,[],0,0,[],[]
9531360,9532160,NA,SIL,0.0,240,XIC,NA,NA,NA,NA,0.0,0,-47.11,-38.53,[],0,0,[],[]
9532160,9532970,NA,OLN,0.0,240,XIC,NA,NA,NA,NA,0.0,0,-33.78,-21.2,[],0,0,[],[]
9532970,9533570,CHI,CHN,0.0,240,XIC,RC,1,TIFR,FI,1.0,500,-16.98,-11.17,"[{'Canonical-syllable': '0', 'Growl': '1', 'High-freq-energy': '0', 'Long-island': '0', 'Low-tilt-spectrum': '0', 'Medium-island': '1', 'Short-island': '0', 'Squeal': '0', 'Typical-entropy': '0', 'Voicing-quality': '1', 'Wide-band': '0', 'Xlong-island': '0', 'seq': '1', 'end': 9533.47, 'start': 9533.17}]",0,0,[],[]
9533570,9535410,NA,OLN,0.0,240,XIC,NA,NA,NA,NA,0.0,0,-29.77,-16.81,[],0,0,[],[]
9535410,9536010,CHI,CHN,0.0,240,XIC,EC,1,NT,FH,1.0,600,-18.14,-9.43,"[{'Canonical-syllable': '1', 'Growl': '0', 'High-freq-energy': '0', 'Long-island': '0', 'Low-tilt-spectrum': '0', 'Medium-island': '1', 'Short-island': '0', 'Squeal': '0', 'Typical-entropy': '1', 'Voicing-quality': '1', 'Wide-band': '0', 'Xlong-island': '0', 'seq': '1', 'end': 9536.01, 'start': 9535.65}]",0,0,[],[]
9536010,9537190,NA,OLF,0.0,241,pause,NA,NA,NA,NA,0.0,0,-39.03,-30.86,[],0,0,[],[]
9537190,9538000,NA,NOF,0.0,241,pause,NA,NA,NA,NA,0.0,0,-38.75,-34.23,[],0,0,[],[]
9538000,9538930,NA,OLF,0.0,241,pause,NA,NA,NA,NA,0.0,0,-37.59,-32.2,[],0,0,[],[]
9538930,9540800,NA,NOF,0.0,241,pause,NA,NA,NA,NA,0.0,0,-37.31,-30.89,[],0,0,[],[]
9540800,9546360,NA,OLN,0.0,241,pause,NA,NA,NA,NA,0.0,0,-28.7,-16.27,[],0,0,[],[]
9546360,9546960,CHI,CHN,0.0,241,CM,BC,0,NT,FI,1.0,440,-18.4,-11.08,"[{'Canonical-syllable': '0', 'Growl': '0', 'High-freq-energy': '0', 'Long-island': '0', 'Low-tilt-spectrum': '0', 'Medium-island': '1', 'Short-island': '0', 'Squeal': '0', 'Typical-entropy': '1', 'Voicing-quality': '1', 'Wide-band': '0', 'Xlong-island': '0', 'seq': '1', 'end': 9546.8, 'start': 9546.36}]",0,0,[],[]
9546960,9547960,CHI,CHN,0.0,241,CM,EC,0,NT,FH,1.0,1000,-20.54,-16.14,"[{'Canonical-syllable': '1', 'Growl': '0', 'High-freq-energy': '0', 'Long-island': '0', 'Low-tilt-spectrum': '0', 'Medium-island': '2', 'Short-island': '0', 'Squeal': '0', 'Typical-entropy': '1', 'Voicing-quality': '2', 'Wide-band': '0', 'Xlong-island': '0', 'seq': '1', 'end': 9547.96, 'start': 9546.96}]",0,0,[],[]
9547960,9548770,NA,OLN,0.0,242,pause,NA,NA,NA,NA,0.0,0,-34.09,-27.28,[],0,0,[],[]
9548770,9549920,NA,OLF,0.0,242,pause,NA,NA,NA,NA,0.0,0,-36.84,-28.97,[],0,0,[],[]
9549920,9554080,NA,OLN,0.0,242,pause,NA,NA,NA,NA,0.0,0,-27.5,-9.85,[],0,0,[],[]
9554080,9555070,NA,NOF,0.0,242,pause,NA,NA,NA,NA,0.0,0,-31.9,-23.94,[],0,0,[],[]
9555070,9556950,NA,OLN,0.0,242,pause,NA,NA,NA,NA,0.0,0,-27.52,-16.49,[],0,0,[],[]
9556950,9557940,NA,NON,0.0,242,pause,NA,NA,NA,NA,0.0,0,-28.14,-17.78,[],0,0,[],[]
9557940,9560170,NA,OLN,0.0,242,pause,NA,NA,NA,NA,0.0,0,-25.54,-12.54,[],0,0,[],[]
9560170,9560970,NA,NOF,0.0,242,pause,NA,NA,NA,NA,0.0,0,-28.92,-18.49,[],0,0,[],[]
9560970,9562650,NA,OLN,0.0,242,pause,NA,NA,NA,NA,0.0,0,-21.93,-6.75,[],0,0,[],[]
9562650,9563750,NA,NOF,0.0,242,pause,NA,NA,NA,NA,0.0,0,-37.96,-31.69,[],0,0,[],[]
9563750,9565620,NA,OLN,0.0,242,pause,NA,NA,NA,NA,0.0,0,-24.91,-9.92,[],0,0,[],[]
9565620,9566420,NA,NOF,0.0,242,pause,NA,NA,NA,NA,0.0,0,-38.72,-30.66,[],0,0,[],[]
9566420,9567020,CHI,CHN,0.0,242,CM,EC,0,NT,FI,1.0,260,-24.26,-14.9,"[{'Canonical-syllable': '0', 'Growl': '1', 'High-freq-energy': '0', 'Long-island': '0', 'Low-tilt-spectrum': '0', 'Medium-island': '0', 'Short-island': '1', 'Squeal': '0', 'Typical-entropy': '1', 'Voicing-quality': '1', 'Wide-band': '0', 'Xlong-island': '0', 'seq': '1', 'end': 9566.68, 'start': 9566.52}]",0,0,[],[]
9567020,9567830,NA,NON,0.0,243,pause,NA,NA,NA,NA,0.0,0,-30.88,-24.33,[],0,0,[],[]
9567830,9571880,NA,OLN,0.0,243,pause,NA,NA,NA,NA,0.0,0,-23.39,-7.38,[],0,0,[],[]
9571880,9573830,NA,NOF,0.0,243,pause,NA,NA,NA,NA,0.0,0,-32.01,-21.75,[],0,0,[],[]
9573830,9574700,NA,OLN,0.0,243,pause,NA,NA,NA,NA,0.0,0,-23.69,-14.6,[],0,0,[],[]
9574700,9575510,NA,NON,0.0,243,pause,NA,NA,NA,NA,0.0,0,-27.71,-15.72,[],0,0,[],[]
9575510,9578330,NA,OLN,0.0,243,pause,NA,NA,NA,NA,0.0,0,-25.25,-14.23,[],0,0,[],[]
9578330,9579130,NA,OLF,0.0,243,pause,NA,NA,NA,NA,0.0,0,-23.0,-10.24,[],0,0,[],[]
9579130,9579990,NA,NOF,0.0,243,pause,NA,NA,NA,NA,0.0,0,-34.42,-26.69,[],0,0,[],[]
9579990,9581100,NA,OLN,0.0,243,pause,NA,NA,NA,NA,0.0,0,-32.43,-24.52,[],0,0,[],[]
9581100,9581700,CHI,CHN,0.0,243,CM,EC,0,NT,FI,1.0,600,-29.0,-20.48,"[{'Canonical-syllable': '0', 'Growl': '2', 'High-freq-energy': '0', 'Long-island': '0', 'Low-tilt-spectrum': '2', 'Medium-island': '1', 'Short-island': '1', 'Squeal': '0', 'Typical-entropy': '2', 'Voicing-quality': '1', 'Wide-band': '1', 'Xlong-island': '0', 'seq': '1', 'end': 9581.7, 'start': 9581.1}]",0,0,[],[]
9581700,9582880,NA,OLN,0.0,244,pause,NA,NA,NA,NA,0.0,0,-26.6,-17.44,[],0,0,[],[]
9582880,9583710,NA,OLF,0.0,244,pause,NA,NA,NA,NA,0.0,0,-35.05,-24.96,[],0,0,[],[]
9583710,9584910,NA,SIL,0.0,244,pause,NA,NA,NA,NA,0.0,0,-47.26,-37.21,[],0,0,[],[]
9584910,9586680,NA,NOF,0.0,244,pause,NA,NA,NA,NA,0.0,0,-44.97,-34.0,[],0,0,[],[]
9586680,9587480,NA,SIL,0.0,244,pause,NA,NA,NA,NA,0.0,0,-46.04,-39.63,[],0,0,[],[]
9587480,9588280,OCH,CXN,0.0,244,XM,BC,0,NT,FI,0.0,0,-18.99,-12.89,[],0,0,[],[]
9588280,9590690,NA,SIL,0.0,244,XM,NA,NA,NA,NA,0.0,0,-47.7,-34.87,[],0,0,[],[]
9590690,9591610,OCH,CXN,0.0,244,XM,EC,0,NT,FH,0.0,0,-36.65,-30.85,[],0,0,[],[]
9591610,9593190,NA,CXF,0.0,245,pause,NA,NA,NA,NA,0.0,0,-40.4,-29.82,[],0,0,[],[]
9593190,9594430,NA,SIL,0.0,245,pause,NA,NA,NA,NA,0.0,0,-46.39,-35.02,[],0,0,[],[]
9594430,9595500,NA,NOF,0.0,245,pause,NA,NA,NA,NA,0.0,0,-45.86,-40.33,[],0,0,[],[]
9595500,9597910,NA,SIL,0.0,245,pause,NA,NA,NA,NA,0.0,0,-42.88,-27.39,[],0,0,[],[]
9597910,9598710,NA,NOF,0.0,245,pause,NA,NA,NA,NA,0.0,0,-38.17,-30.59,[],0,0,[],[]
9598710,9599600,NA,OLF,0.0,245,pause,NA,NA,NA,NA,0.0,0,-30.61,-21.08,[],0,0,[],[]
9599600,9602590,NA,NOF,0.0,245,pause,NA,NA,NA,NA,0.0,0,-29.16,-8.35,[],0,0,[],[]
9602590,9605820,NA,OLN,0.0,245,pause,NA,NA,NA,NA,0.0,0,-30.06,-12.76,[],0,0,[],[]
9605820,9606670,NA,NOF,0.0,245,pause,NA,NA,NA,NA,0.0,0,-37.02,-27.18,[],0,0,[],[]
9606670,9609670,NA,SIL,0.0,245,pause,NA,NA,NA,NA,0.0,0,-48.3,-34.62,[],0,0,[],[]
9609670,9610820,NA,OLN,0.0,245,pause,NA,NA,NA,NA,0.0,0,-33.46,-21.34,[],0,0,[],[]
9610820,9611420,CHI,CHN,0.0,245,CM,BC,0,NT,FI,1.0,600,-15.88,-10.89,"[{'Canonical-syllable': '0', 'Growl': '0', 'High-freq-energy': '0', 'Long-island': '0', 'Low-tilt-spectrum': '0', 'Medium-island': '1', 'Short-island': '0', 'Squeal': '1', 'Typical-entropy': '1', 'Voicing-quality': '1', 'Wide-band': '0', 'Xlong-island': '0', 'seq': '1', 'end': 9611.42, 'start': 9610.82}]",0,0,[],[]
9611420,9612420,CHI,CHN,0.0,245,CM,EC,0,NT,FH,1.0,910,-17.05,-9.44,"[{'Canonical-syllable': '0', 'Growl': '0', 'High-freq-energy': '0', 'Long-island': '1', 'Low-tilt-spectrum': '0', 'Medium-island': '0', 'Short-island': '0', 'Squeal': '1', 'Typical-entropy': '0', 'Voicing-quality': '1', 'Wide-band': '0', 'Xlong-island': '0', 'seq': '1', 'end': 9612.33, 'start': 9611.54}]",0,0,[],[]
9612420,9615950,NA,OLN,0.0,246,pause,NA,NA,NA,NA,0.0,0,-21.71,-7.43,[],0,0,[],[]
9615950,9617670,NA,NON,0.0,246,pause,NA,NA,NA,NA,0.0,0,-15.67,-0.8,[],0,0,[],[]
9617670,9618650,NA,OLN,0.0,246,pause,NA,NA,NA,NA,0.0,0,-17.21,-6.59,[],0,0,[],[]
9618650,9619730,NA,NOF,0.0,246,pause,NA,NA,NA,NA,0.0,0,-18.21,-5.76,[],0,0,[],[]
9619730,9620800,NA,OLN,0.0,246,pause,NA,NA,NA,NA,0.0,0,-18.98,-0.74,[],0,0,[],[]
9620800,9621800,FEM,FAN,3.11,246,AICF,BC,0,TIFI,FI,0.0,0,-25.43,-17.13,[],0,0,[],[]
9621800,9623480,NA,NOF,0.0,246,AICF,NA,NA,NA,NA,0.0,0,-23.2,-7.92,[],0,0,[],[]
9623480,9624760,NA,OLN,0.0,246,AICF,NA,NA,NA,NA,0.0,0,-21.79,-7.37,[],0,0,[],[]
9624760,9625740,NA,NOF,0.0,246,AICF,NA,NA,NA,NA,0.0,0,-21.16,-3.65,[],0,0,[],[]
9625740,9626390,CHI,CHN,0.0,246,AICF,EC,1,TIFR,FI,1.0,650,-19.86,-13.33,"[{'Canonical-syllable': '0', 'Growl': '0', 'High-freq-energy': '0', 'Long-island': '0', 'Low-tilt-spectrum': '0', 'Medium-island': '1', 'Short-island': '0', 'Squeal': '0', 'Typical-entropy': '1', 'Voicing-quality': '1', 'Wide-band': '0', 'Xlong-island': '0', 'seq': '1', 'end': 9626.39, 'start': 9625.99}]",0,0,[],[]
9626390,9629490,NA,OLN,0.0,247,pause,NA,NA,NA,NA,0.0,0,-27.96,-17.09,[],0,0,[],[]
9629490,9631900,NA,OLF,0.0,247,pause,NA,NA,NA,NA,0.0,0,-35.36,-25.13,[],0,0,[],[]
9631900,9632970,CHI,CHN,0.0,247,CM,EC,0,NT,FI,1.0,1070,-17.0,-10.65,"[{'Canonical-syllable': '2', 'Growl': '0', 'High-freq-energy': '0', 'Long-island': '0', 'Low-tilt-spectrum': '0', 'Medium-island': '2', 'Short-island': '0', 'Squeal': '0', 'Typical-entropy': '0', 'Voicing-quality': '2', 'Wide-band': '0', 'Xlong-island': '0', 'seq': '1', 'end': 9632.97, 'start': 9631.9}]",0,0,[],[]
9632970,9635360,NA,OLN,0.0,248,pause,NA,NA,NA,NA,0.0,0,-29.71,-16.96,[],0,0,[],[]
9635360,9636160,NA,OLF,0.0,248,pause,NA,NA,NA,NA,0.0,0,-32.31,-17.26,[],0,0,[],[]
9636160,9638890,NA,OLN,0.0,248,pause,NA,NA,NA,NA,0.0,0,-28.59,-14.06,[],0,0,[],[]
9638890,9640900,NA,NOF,0.0,248,pause,NA,NA,NA,NA,0.0,0,-36.72,-20.79,[],0,0,[],[]
9640900,9643000,NA,OLF,0.0,248,pause,NA,NA,NA,NA,0.0,0,-28.14,-9.95,[],0,0,[],[]
9643000,9643630,CHI,CHN,0.0,248,CIOCX,BC,0,NT,FI,1.0,510,-14.87,-7.83,"[{'Canonical-syllable': '0', 'Growl': '0', 'High-freq-energy': '0', 'Long-island': '0', 'Low-tilt-spectrum': '0', 'Medium-island': '1', 'Short-island': '0', 'Squeal': '0', 'Typical-entropy': '1', 'Voicing-quality': '1', 'Wide-band': '0', 'Xlong-island': '0', 'seq': '1', 'end': 9643.51, 'start': 9643.0}]",0,0,[],[]
9643630,9644490,NA,NOF,0.0,248,CIOCX,NA,NA,NA,NA,0.0,0,-37.92,-31.77,[],0,0,[],[]
9644490,9645290,OCH,CXN,0.0,248,CIOCX,RC,0,NT,FI,0.0,0,-32.77,-25.8,[],0,0,[],[]
9645290,9646210,NA,OLF,0.0,248,CIOCX,NA,NA,NA,NA,0.0,0,-36.91,-26.67,[],0,0,[],[]
9646210,9647010,NA,OLN,0.0,248,CIOCX,NA,NA,NA,NA,0.0,0,-24.65,-12.14,[],0,0,[],[]
9647010,9648040,CHI,CHN,0.0,248,CIOCX,RC,0,NT,FI,1.0,1030,-16.77,-9.55,"[{'Canonical-syllable': '2', 'Growl': '0', 'High-freq-energy': '0', 'Long-island': '0', 'Low-tilt-spectrum': '0', 'Medium-island': '1', 'Short-island': '2', 'Squeal': '0', 'Typical-entropy': '1', 'Voicing-quality': '3', 'Wide-band': '0', 'Xlong-island': '0', 'seq': '1', 'end': 9648.04, 'start': 9647.01}]",0,0,[],[]
9648040,9648640,CHI,CHN,0.0,248,CIOCX,RC,0,NT,FH,1.0,600,-20.24,-13.86,"[{'Canonical-syllable': '0', 'Growl': '0', 'High-freq-energy': '0', 'Long-island': '0', 'Low-tilt-spectrum': '0', 'Medium-island': '1', 'Short-island': '0', 'Squeal': '0', 'Typical-entropy': '0', 'Voicing-quality': '1', 'Wide-band': '0', 'Xlong-island': '0', 'seq': '1', 'end': 9648.64, 'start': 9648.04}]",0,0,[],[]
9648640,9653090,NA,OLN,0.0,248,CIOCX,NA,NA,NA,NA,0.0,0,-24.57,-2.36,[],0,0,[],[]
9653090,9653910,OCH,CXN,0.0,248,CIOCX,RC,0,NT,FI,0.0,0,-27.72,-19.36,[],0,0,[],[]
9653910,9654840,NA,OLN,0.0,248,CIOCX,NA,NA,NA,NA,0.0,0,-33.12,-24.35,[],0,0,[],[]
9654840,9655880,NA,NOF,0.0,248,CIOCX,NA,NA,NA,NA,0.0,0,-31.58,-20.92,[],0,0,[],[]
9655880,9656680,NA,OLN,0.0,248,CIOCX,NA,NA,NA,NA,0.0,0,-37.22,-28.64,[],0,0,[],[]
9656680,9657490,NA,OLF,0.0,248,CIOCX,NA,NA,NA,NA,0.0,0,-42.8,-34.79,[],0,0,[],[]
9657490,9658870,NA,OLN,0.0,248,CIOCX,NA,NA,NA,NA,0.0,0,-21.04,-10.31,[],0,0,[],[]
9658870,9659680,CHI,CHN,0.0,248,CIOCX,RC,0,NT,FI,1.0,810,-16.08,-10.58,"[{'Canonical-syllable': '2', 'Growl': '0', 'High-freq-energy': '0', 'Long-island': '0', 'Low-tilt-spectrum': '0', 'Medium-island': '1', 'Short-island': '1', 'Squeal': '0', 'Typical-entropy': '2', 'Voicing-quality': '2', 'Wide-band': '0', 'Xlong-island': '0', 'seq': '1', 'end': 9659.68, 'start': 9658.87}]",0,0,[],[]
9659680,9664420,NA,OLN,0.0,248,CIOCX,NA,NA,NA,NA,0.0,0,-25.02,-4.4,[],0,0,[],[]
9664420,9665560,CHI,CHN,0.0,248,CIOCX,EC,0,NT,FH,1.0,1140,-14.04,-2.53,"[{'Canonical-syllable': '1', 'Growl': '0', 'High-freq-energy': '1', 'Long-island': '0', 'Low-tilt-spectrum': '1', 'Medium-island': '2', 'Short-island': '1', 'Squeal': '0', 'Typical-entropy': '2', 'Voicing-quality': '2', 'Wide-band': '0', 'Xlong-island': '0', 'seq': '1', 'end': 9665.56, 'start': 9664.42}]",0,0,[],[]
9665560,9675670,NA,OLN,0.0,249,pause,NA,NA,NA,NA,0.0,0,-25.16,-8.85,[],0,0,[],[]
9675670,9678870,NA,OLF,0.0,249,pause,NA,NA,NA,NA,0.0,0,-25.4,-10.17,[],0,0,[],[]
9678870,9679470,CHI,CHN,0.0,249,pause,NA,NA,NA,NA,0.0,0,-15.53,-4.59,[],0,380,"[{'start': 9679.09, 'end': 9679.47}]",[]
9679470,9680530,NA,OLN,0.0,249,pause,NA,NA,NA,NA,0.0,0,-22.21,-9.99,[],0,0,[],[]
9680530,9681130,CHI,CHN,0.0,249,pause,NA,NA,NA,NA,0.0,0,-17.8,-5.47,[],0,400,"[{'start': 9680.73, 'end': 9681.13}]",[]
9681130,9682780,NA,OLN,0.0,249,pause,NA,NA,NA,NA,0.0,0,-33.43,-24.44,[],0,0,[],[]
9682780,9683580,NA,OLF,0.0,249,pause,NA,NA,NA,NA,0.0,0,-41.3,-35.63,[],0,0,[],[]
9683580,9684490,NA,SIL,0.0,249,pause,NA,NA,NA,NA,0.0,0,-42.77,-34.18,[],0,0,[],[]
9684490,9685600,NA,OLF,0.0,249,pause,NA,NA,NA,NA,0.0,0,-34.99,-23.2,[],0,0,[],[]
9685600,9687220,CHI,CHN,0.0,249,CIOCX,BC,0,NT,FI,1.0,1620,-15.99,-10.94,"[{'Canonical-syllable': '1', 'Growl': '0', 'High-freq-energy': '0', 'Long-island': '0', 'Low-tilt-spectrum': '1', 'Medium-island': '3', 'Short-island': '0', 'Squeal': '0', 'Typical-entropy': '2', 'Voicing-quality': '3', 'Wide-band': '0', 'Xlong-island': '0', 'seq': '1', 'end': 9687.22, 'start': 9685.6}]",0,0,[],[]
9687220,9691990,NA,OLN,0.0,249,CIOCX,NA,NA,NA,NA,0.0,0,-24.91,-10.31,[],0,0,[],[]
9691990,9693000,OCH,CXN,0.0,249,CIOCX,RC,0,NT,FI,0.0,0,-32.28,-25.68,[],0,0,[],[]
9693000,9694490,NA,OLN,0.0,249,CIOCX,NA,NA,NA,NA,0.0,0,-29.28,-18.02,[],0,0,[],[]
9694490,9695090,CHI,CHN,0.0,249,CIOCX,RC,0,NT,FI,1.0,510,-13.01,-3.14,"[{'Canonical-syllable': '0', 'Growl': '1', 'High-freq-energy': '1', 'Long-island': '0', 'Low-tilt-spectrum': '2', 'Medium-island': '1', 'Short-island': '0', 'Squeal': '0', 'Typical-entropy': '2', 'Voicing-quality': '1', 'Wide-band': '0', 'Xlong-island': '0', 'seq': '1', 'end': 9695.0, 'start': 9694.49}]",0,0,[],[]
9695090,9695950,NA,OLN,0.0,249,CIOCX,NA,NA,NA,NA,0.0,0,-35.33,-27.83,[],0,0,[],[]
9695950,9696950,CHI,CHN,0.0,249,CIOCX,RC,0,NT,FH,1.0,1000,-17.04,-5.76,"[{'Canonical-syllable': '1', 'Growl': '1', 'High-freq-energy': '0', 'Long-island': '0', 'Low-tilt-spectrum': '0', 'Medium-island': '0', 'Short-island': '3', 'Squeal': '0', 'Typical-entropy': '3', 'Voicing-quality': '4', 'Wide-band': '0', 'Xlong-island': '0', 'seq': '1', 'end': 9696.95, 'start': 9695.95}]",0,0,[],[]
9696950,9698480,NA,OLN,0.0,249,CIOCX,NA,NA,NA,NA,0.0,0,-32.71,-21.22,[],0,0,[],[]
9698480,9699490,CHI,CHN,0.0,249,CIOCX,RC,0,NT,FH,1.0,500,-17.73,-7.82,"[{'Canonical-syllable': '1', 'Growl': '0', 'High-freq-energy': '0', 'Long-island': '0', 'Low-tilt-spectrum': '0', 'Medium-island': '1', 'Short-island': '0', 'Squeal': '0', 'Typical-entropy': '1', 'Voicing-quality': '1', 'Wide-band': '0', 'Xlong-island': '0', 'seq': '1', 'end': 9698.98, 'start': 9698.48}]",0,0,[],[]
9699490,9701850,NA,OLN,0.0,249,CIOCX,NA,NA,NA,NA,0.0,0,-22.35,-11.61,[],0,0,[],[]
9701850,9702500,CHI,CHN,0.0,249,CIOCX,EC,0,NT,FH,1.0,650,-15.03,-9.05,"[{'Canonical-syllable': '1', 'Growl': '0', 'High-freq-energy': '0', 'Long-island': '0', 'Low-tilt-spectrum': '0', 'Medium-island': '1', 'Short-island': '1', 'Squeal': '0', 'Typical-entropy': '2', 'Voicing-quality': '2', 'Wide-band': '0', 'Xlong-island': '0', 'seq': '1', 'end': 9702.5, 'start': 9701.85}]",0,0,[],[]
9702500,9706010,NA,OLN,0.0,250,pause,NA,NA,NA,NA,0.0,0,-28.85,-10.75,[],0,0,[],[]
9706010,9706890,NA,NON,0.0,250,pause,NA,NA,NA,NA,0.0,0,-33.27,-28.75,[],0,0,[],[]
9706890,9709790,NA,OLN,0.0,250,pause,NA,NA,NA,NA,0.0,0,-30.37,-18.66,[],0,0,[],[]
9709790,9710470,CHI,CHN,0.0,250,CM,EC,0,NT,FI,1.0,680,-14.42,-9.79,"[{'Canonical-syllable': '1', 'Growl': '0', 'High-freq-energy': '0', 'Long-island': '0', 'Low-tilt-spectrum': '1', 'Medium-island': '2', 'Short-island': '0', 'Squeal': '0', 'Typical-entropy': '2', 'Voicing-quality': '2', 'Wide-band': '0', 'Xlong-island': '0', 'seq': '1', 'end': 9710.47, 'start': 9709.79}]",0,0,[],[]
9710470,9711300,NA,OLN,0.0,251,pause,NA,NA,NA,NA,0.0,0,-26.27,-15.79,[],0,0,[],[]
9711300,9712140,NA,NON,0.0,251,pause,NA,NA,NA,NA,0.0,0,-33.05,-24.53,[],0,0,[],[]
9712140,9713000,NA,OLN,0.0,251,pause,NA,NA,NA,NA,0.0,0,-33.62,-23.91,[],0,0,[],[]
9713000,9715280,NA,OLF,0.0,251,pause,NA,NA,NA,NA,0.0,0,-36.12,-26.51,[],0,0,[],[]
9715280,9723040,NA,OLN,0.0,251,pause,NA,NA,NA,NA,0.0,0,-24.42,-6.61,[],0,0,[],[]
9723040,9725270,NA,NOF,0.0,251,pause,NA,NA,NA,NA,0.0,0,-32.01,-16.97,[],0,0,[],[]
9725270,9726090,NA,OLF,0.0,251,pause,NA,NA,NA,NA,0.0,0,-35.99,-30.24,[],0,0,[],[]
9726090,9728910,NA,NOF,0.0,251,pause,NA,NA,NA,NA,0.0,0,-36.15,-23.71,[],0,0,[],[]
9728910,9729590,CHI,CHN,0.0,251,CIOCX,BC,0,NT,FI,1.0,680,-17.81,-12.12,"[{'Canonical-syllable': '0', 'Growl': '0', 'High-freq-energy': '0', 'Long-island': '0', 'Low-tilt-spectrum': '1', 'Medium-island': '1', 'Short-island': '0', 'Squeal': '0', 'Typical-entropy': '1', 'Voicing-quality': '1', 'Wide-band': '0', 'Xlong-island': '0', 'seq': '1', 'end': 9729.59, 'start': 9728.91}]",0,0,[],[]
9729590,9731700,NA,NOF,0.0,251,CIOCX,NA,NA,NA,NA,0.0,0,-38.37,-27.37,[],0,0,[],[]
9731700,9732500,NA,OLN,0.0,251,CIOCX,NA,NA,NA,NA,0.0,0,-30.64,-21.9,[],0,0,[],[]
9732500,9733390,NA,NOF,0.0,251,CIOCX,NA,NA,NA,NA,0.0,0,-36.04,-29.2,[],0,0,[],[]
9733390,9734220,NA,OLN,0.0,251,CIOCX,NA,NA,NA,NA,0.0,0,-15.04,-3.4,[],0,0,[],[]
9734220,9735040,OCH,CXN,0.0,251,CIOCX,RC,0,NT,FI,0.0,0,-15.97,-10.47,[],0,0,[],[]
9735040,9735850,CHI,CHN,0.0,251,CIOCX,NA,NA,NA,NA,0.0,0,-14.44,-10.04,[],0,720,"[{'start': 9735.04, 'end': 9735.76}]",[]
9735850,9736820,NA,OLF,0.0,251,CIOCX,NA,NA,NA,NA,0.0,0,-38.89,-34.66,[],0,0,[],[]
9736820,9738190,CHI,CHN,0.0,251,CIOCX,EC,0,NT,FI,1.0,1300,-14.77,-6.33,"[{'Canonical-syllable': '1', 'Growl': '0', 'High-freq-energy': '0', 'Long-island': '0', 'Low-tilt-spectrum': '0', 'Medium-island': '2', 'Short-island': '0', 'Squeal': '0', 'Typical-entropy': '2', 'Voicing-quality': '2', 'Wide-band': '0', 'Xlong-island': '0', 'seq': '1', 'end': 9738.12, 'start': 9736.82}]",0,0,[],[]
9738190,9740500,NA,OLF,0.0,252,pause,NA,NA,NA,NA,0.0,0,-35.22,-25.9,[],0,0,[],[]
9740500,9742900,NA,NOF,0.0,252,pause,NA,NA,NA,NA,0.0,0,-36.62,-27.66,[],0,0,[],[]
9742900,9744070,NA,OLF,0.0,252,pause,NA,NA,NA,NA,0.0,0,-34.29,-20.42,[],0,0,[],[]
9744070,9746510,NA,NON,0.0,252,pause,NA,NA,NA,NA,0.0,0,-23.48,-3.99,[],0,0,[],[]
9746510,9747110,CHI,CHN,0.0,252,pause,NA,NA,NA,NA,0.0,0,-22.97,-14.11,[],0,290,[],"[{'start': 9746.51, 'end': 9746.8}]"
9747110,9748670,NA,NON,0.0,252,pause,NA,NA,NA,NA,0.0,0,-34.55,-28.56,[],0,0,[],[]
9748670,9749510,NA,OLN,0.0,252,pause,NA,NA,NA,NA,0.0,0,-20.63,-7.42,[],0,0,[],[]
9749510,9755470,NA,NOF,0.0,252,pause,NA,NA,NA,NA,0.0,0,-39.77,-27.23,[],0,0,[],[]
9755470,9756110,CHI,CHN,0.0,252,CM,BC,0,NT,FI,1.0,200,-18.45,-9.62,"[{'Canonical-syllable': '1', 'Growl': '0', 'High-freq-energy': '1', 'Long-island': '0', 'Low-tilt-spectrum': '1', 'Medium-island': '0', 'Short-island': '1', 'Squeal': '0', 'Typical-entropy': '1', 'Voicing-quality': '1', 'Wide-band': '0', 'Xlong-island': '0', 'seq': '1', 'end': 9756.11, 'start': 9755.91}]",0,0,[],[]
9756110,9757120,CHI,CHN,0.0,252,CM,RC,0,NT,FH,1.0,1010,-15.76,-7.96,"[{'Canonical-syllable': '0', 'Growl': '0', 'High-freq-energy': '0', 'Long-island': '0', 'Low-tilt-spectrum': '1', 'Medium-island': '0', 'Short-island': '0', 'Squeal': '0', 'Typical-entropy': '1', 'Voicing-quality': '1', 'Wide-band': '0', 'Xlong-island': '1', 'seq': '1', 'end': 9757.12, 'start': 9756.11}]",0,0,[],[]
9757120,9757760,CHI,CHN,0.0,252,CM,RC,0,NT,FH,1.0,460,-16.95,-11.07,"[{'Canonical-syllable': '0', 'Growl': '0', 'High-freq-energy': '0', 'Long-island': '0', 'Low-tilt-spectrum': '0', 'Medium-island': '1', 'Short-island': '0', 'Squeal': '0', 'Typical-entropy': '0', 'Voicing-quality': '1', 'Wide-band': '0', 'Xlong-island': '0', 'seq': '1', 'end': 9757.58, 'start': 9757.12}]",0,0,[],[]
9757760,9759330,NA,NOF,0.0,252,CM,NA,NA,NA,NA,0.0,0,-39.0,-24.06,[],0,0,[],[]
9759330,9760340,CHI,CHN,0.0,252,CM,RC,0,NT,FH,1.0,1010,-15.67,-7.73,"[{'Canonical-syllable': '1', 'Growl': '0', 'High-freq-energy': '1', 'Long-island': '0', 'Low-tilt-spectrum': '1', 'Medium-island': '2', 'Short-island': '1', 'Squeal': '0', 'Typical-entropy': '1', 'Voicing-quality': '3', 'Wide-band': '0', 'Xlong-island': '0', 'seq': '1', 'end': 9760.34, 'start': 9759.33}]",0,0,[],[]
9760340,9760950,CHI,CHN,0.0,252,CM,NA,NA,NA,NA,0.0,0,-15.97,-10.04,[],0,610,"[{'start': 9760.34, 'end': 9760.95}]",[]
9760950,9761950,CHI,CHN,0.0,252,CM,EC,0,NT,FH,1.0,400,-26.81,-18.69,"[{'Canonical-syllable': '0', 'Growl': '0', 'High-freq-energy': '0', 'Long-island': '0', 'Low-tilt-spectrum': '1', 'Medium-island': '1', 'Short-island': '0', 'Squeal': '0', 'Typical-entropy': '1', 'Voicing-quality': '1', 'Wide-band': '0', 'Xlong-island': '0', 'seq': '1', 'end': 9761.35, 'start': 9760.95}]",0,0,[],[]
9761950,9762850,NA,OLN,0.0,253,pause,NA,NA,NA,NA,0.0,0,-38.65,-31.24,[],0,0,[],[]
9762850,9767990,NA,NON,0.0,253,pause,NA,NA,NA,NA,0.0,0,-37.04,-21.17,[],0,0,[],[]
9767990,9768590,CHI,CHN,0.0,253,pause,NA,NA,NA,NA,0.0,0,-29.19,-17.59,[],0,240,[],"[{'start': 9768.18, 'end': 9768.42}]"
9768590,9772150,NA,NON,0.0,253,pause,NA,NA,NA,NA,0.0,0,-38.0,-26.02,[],0,0,[],[]
9772150,9773030,NA,OLN,0.0,253,pause,NA,NA,NA,NA,0.0,0,-29.52,-18.13,[],0,0,[],[]
9773030,9774110,NA,NON,0.0,253,pause,NA,NA,NA,NA,0.0,0,-31.96,-19.78,[],0,0,[],[]
9774110,9774920,NA,OLF,0.0,253,pause,NA,NA,NA,NA,0.0,0,-37.49,-27.45,[],0,0,[],[]
9774920,9775850,NA,NOF,0.0,253,pause,NA,NA,NA,NA,0.0,0,-35.44,-24.23,[],0,0,[],[]
9775850,9776670,NA,OLN,0.0,253,pause,NA,NA,NA,NA,0.0,0,-29.07,-15.5,[],0,0,[],[]
9776670,9779520,NA,NOF,0.0,253,pause,NA,NA,NA,NA,0.0,0,-38.32,-25.88,[],0,0,[],[]
9779520,9780540,CHI,CHN,0.0,253,pause,NA,NA,NA,NA,0.0,0,-20.97,-9.54,[],0,850,"[{'start': 9779.69, 'end': 9780.2}]","[{'start': 9780.2, 'end': 9780.54}]"
9780540,9781390,NA,NOF,0.0,253,pause,NA,NA,NA,NA,0.0,0,-38.02,-31.9,[],0,0,[],[]
9781390,9781990,CHI,CHN,0.0,253,pause,NA,NA,NA,NA,0.0,0,-26.01,-17.03,[],0,190,"[{'start': 9781.64, 'end': 9781.83}]",[]
9781990,9782830,NA,NOF,0.0,253,pause,NA,NA,NA,NA,0.0,0,-32.39,-20.05,[],0,0,[],[]
9782830,9783430,CHI,CHN,0.0,253,pause,NA,NA,NA,NA,0.0,0,-23.63,-18.47,[],0,600,[],"[{'start': 9782.83, 'end': 9783.43}]"
9783430,9787440,NA,NOF,0.0,253,pause,NA,NA,NA,NA,0.0,0,-34.93,-20.7,[],0,0,[],[]
9787440,9788280,CHI,CHN,0.0,253,pause,NA,NA,NA,NA,0.0,0,-13.04,-6.07,[],0,700,"[{'start': 9787.44, 'end': 9788.14}]",[]
9788280,9789080,NA,NOF,0.0,253,pause,NA,NA,NA,NA,0.0,0,-39.57,-29.36,[],0,0,[],[]
9789080,9789690,CHI,CHN,0.0,253,pause,NA,NA,NA,NA,0.0,0,-24.0,-16.73,[],0,330,"[{'start': 9789.21, 'end': 9789.54}]",[]
9789690,9790610,NA,OLN,0.0,253,pause,NA,NA,NA,NA,0.0,0,-21.98,-10.86,[],0,0,[],[]
9790610,9791610,OCH,CXN,0.0,253,XIC,BC,0,NT,FI,0.0,0,-16.8,-8.02,[],0,0,[],[]
9791610,9792580,OCH,CXN,0.0,253,XIC,RC,0,NT,FH,0.0,0,-19.58,-12.71,[],0,0,[],[]
9792580,9793380,NA,OLN,0.0,253,XIC,NA,NA,NA,NA,0.0,0,-27.42,-19.39,[],0,0,[],[]
9793380,9794430,CHI,CHN,0.0,253,XIC,RC,0,NT,FI,1.0,430,-35.49,-22.18,"[{'Canonical-syllable': '0', 'Growl': '0', 'High-freq-energy': '0', 'Long-island': '0', 'Low-tilt-spectrum': '2', 'Medium-island': '0', 'Short-island': '2', 'Squeal': '0', 'Typical-entropy': '2', 'Voicing-quality': '1', 'Wide-band': '0', 'Xlong-island': '0', 'seq': '1', 'end': 9793.81, 'start': 9793.38}]",0,0,[],[]
9794430,9795840,OCH,CXN,0.0,253,XIC,RC,0,NT,FI,0.0,0,-23.7,-13.21,[],0,0,[],[]
9795840,9796680,NA,NOF,0.0,253,XIC,NA,NA,NA,NA,0.0,0,-43.69,-39.74,[],0,0,[],[]
9796680,9797330,CHI,CHN,0.0,253,XIC,RC,0,TIFI,FI,1.0,440,-17.87,-9.54,"[{'Canonical-syllable': '0', 'Growl': '0', 'High-freq-energy': '0', 'Long-island': '0', 'Low-tilt-spectrum': '0', 'Medium-island': '1', 'Short-island': '0', 'Squeal': '0', 'Typical-entropy': '1', 'Voicing-quality': '1', 'Wide-band': '0', 'Xlong-island': '0', 'seq': '1', 'end': 9797.12, 'start': 9796.76}]",0,0,[],[]
9797330,9798130,NA,OLN,0.0,253,XIC,NA,NA,NA,NA,0.0,0,-27.28,-17.53,[],0,0,[],[]
9798130,9799500,FEM,FAN,10.81,253,XIC,EC,1,TIFR,FI,0.0,0,-27.92,-19.5,[],0,0,[],[]
9799500,9801830,NA,NON,0.0,254,pause,NA,NA,NA,NA,0.0,0,-38.87,-29.82,[],0,0,[],[]
9801830,9802850,CHI,CHN,0.0,254,pause,NA,NA,NA,NA,0.0,0,-23.65,-13.5,[],0,1020,[],"[{'start': 9801.83, 'end': 9802.85}]"
9802850,9803650,NA,NOF,0.0,254,pause,NA,NA,NA,NA,0.0,0,-39.37,-29.53,[],0,0,[],[]
9803650,9804650,NA,FAF,0.0,254,pause,NA,NA,NA,NA,0.0,0,-36.62,-26.61,[],0,0,[],[]
9804650,9806630,NA,NOF,0.0,254,pause,NA,NA,NA,NA,0.0,0,-41.37,-31.63,[],0,0,[],[]
9806630,9807430,NA,OLF,0.0,254,pause,NA,NA,NA,NA,0.0,0,-38.14,-31.45,[],0,0,[],[]
9807430,9808700,CHI,CHN,0.0,254,pause,NA,NA,NA,NA,0.0,0,-32.14,-20.41,[],0,260,[],"[{'start': 9808.44, 'end': 9808.7}]"
9808700,9809500,NA,NOF,0.0,254,pause,NA,NA,NA,NA,0.0,0,-36.52,-19.99,[],0,0,[],[]
9809500,9810160,CHI,CHN,0.0,254,CIC,BC,0,NT,FI,1.0,660,-20.65,-14.71,"[{'Canonical-syllable': '0', 'Growl': '0', 'High-freq-energy': '0', 'Long-island': '0', 'Low-tilt-spectrum': '1', 'Medium-island': '1', 'Short-island': '0', 'Squeal': '0', 'Typical-entropy': '1', 'Voicing-quality': '1', 'Wide-band': '0', 'Xlong-island': '0', 'seq': '1', 'end': 9810.16, 'start': 9809.5}]",0,0,[],[]
9810160,9810990,OCH,CXN,0.0,254,CIC,RC,0,NT,FI,0.0,0,-25.09,-16.24,[],0,0,[],[]
9810990,9812260,NA,NOF,0.0,254,CIC,NA,NA,NA,NA,0.0,0,-42.21,-35.93,[],0,0,[],[]
9812260,9813060,CHI,CHN,0.0,254,CIC,NA,NA,NA,NA,0.0,0,-30.52,-24.61,[],0,800,"[{'start': 9812.26, 'end': 9812.54}]","[{'start': 9812.54, 'end': 9813.06}]"
9813060,9814560,NA,NOF,0.0,254,CIC,NA,NA,NA,NA,0.0,0,-41.09,-26.1,[],0,0,[],[]
9814560,9815410,FEM,FAN,2.33,254,CIC,RC,0,TIFI,FI,0.0,0,-31.4,-24.44,[],0,0,[],[]
9815410,9816340,CHI,CHN,0.0,254,CIC,RC,1,TIFR,FI,1.0,550,-28.14,-18.38,"[{'Canonical-syllable': '0', 'Growl': '1', 'High-freq-energy': '1', 'Long-island': '0', 'Low-tilt-spectrum': '2', 'Medium-island': '1', 'Short-island': '1', 'Squeal': '0', 'Typical-entropy': '2', 'Voicing-quality': '1', 'Wide-band': '0', 'Xlong-island': '0', 'seq': '1', 'end': 9816.34, 'start': 9815.79}]",0,0,[],[]
9816340,9817180,NA,NON,0.0,254,CIC,NA,NA,NA,NA,0.0,0,-34.43,-22.27,[],0,0,[],[]
9817180,9818130,OCH,CXN,0.0,254,CIC,EC,1,NT,FI,0.0,0,-16.25,-9.73,[],0,0,[],[]
9818130,9818960,NA,OLF,0.0,255,pause,NA,NA,NA,NA,0.0,0,-35.57,-20.81,[],0,0,[],[]
9818960,9820240,NA,NON,0.0,255,pause,NA,NA,NA,NA,0.0,0,-35.44,-25.65,[],0,0,[],[]
9820240,9822950,NA,OLN,0.0,255,pause,NA,NA,NA,NA,0.0,0,-19.02,-3.93,[],0,0,[],[]
9822950,9825050,NA,NOF,0.0,255,pause,NA,NA,NA,NA,0.0,0,-44.01,-35.76,[],0,0,[],[]
9825050,9826130,FEM,FAN,7.3,255,AMF,BC,0,NT,FI,0.0,0,-22.75,-12.28,[],0,0,[],[]
9826130,9827490,MAL,MAN,6.72,255,AMF,RC,0,NT,FI,0.0,0,-28.57,-17.99,[],0,0,[],[]
9827490,9831720,NA,NOF,0.0,255,AMF,NA,NA,NA,NA,0.0,0,-42.29,-26.38,[],0,0,[],[]
9831720,9832720,FEM,FAN,8.09,255,AMF,EC,0,NT,FI,0.0,0,-18.09,-8.94,[],0,0,[],[]
9832720,9837830,NA,NOF,0.0,256,pause,NA,NA,NA,NA,0.0,0,-39.75,-22.34,[],0,0,[],[]
9837830,9839130,FEM,FAN,6.52,256,AMF,BC,0,NT,FI,0.0,0,-25.13,-18.98,[],0,0,[],[]
9839130,9840220,MAL,MAN,9.24,256,AMF,EC,0,NT,FI,0.0,0,-38.25,-27.76,[],0,0,[],[]
9840220,9842100,NA,NOF,0.0,257,pause,NA,NA,NA,NA,0.0,0,-46.18,-35.55,[],0,0,[],[]
9842100,9842700,NA,CXF,0.0,257,pause,NA,NA,NA,NA,0.0,0,-41.0,-34.65,[],0,0,[],[]
9842700,9844920,NA,NOF,0.0,257,pause,NA,NA,NA,NA,0.0,0,-44.98,-30.88,[],0,0,[],[]
9844920,9845720,NA,OLN,0.0,257,pause,NA,NA,NA,NA,0.0,0,-25.99,-16.29,[],0,0,[],[]
9845720,9846730,NA,NON,0.0,257,pause,NA,NA,NA,NA,0.0,0,-34.06,-20.33,[],0,0,[],[]
9846730,9847530,FEM,FAN,3.4,257,AMF,EC,0,NT,FI,0.0,0,-26.89,-15.74,[],0,0,[],[]
9847530,9848430,NA,NOF,0.0,258,pause,NA,NA,NA,NA,0.0,0,-42.83,-38.8,[],0,0,[],[]
9848430,9849710,CHI,CHN,0.0,258,pause,NA,NA,NA,NA,0.0,0,-19.44,-11.32,[],0,430,"[{'start': 9849.1, 'end': 9849.53}]",[]
9849710,9851240,NA,NOF,0.0,258,pause,NA,NA,NA,NA,0.0,0,-17.53,-4.74,[],0,0,[],[]
9851240,9852640,NA,MAF,0.0,258,pause,NA,NA,NA,NA,0.0,0,-43.42,-33.49,[],0,0,[],[]
9852640,9854500,NA,NOF,0.0,258,pause,NA,NA,NA,NA,0.0,0,-39.71,-27.33,[],0,0,[],[]
9854500,9855500,FEM,FAN,7.99,258,AICF,BC,0,NT,FI,0.0,0,-28.95,-21.81,[],0,0,[],[]
9855500,9856300,NA,OLN,0.0,258,AICF,NA,NA,NA,NA,0.0,0,-27.86,-19.84,[],0,0,[],[]
9856300,9857300,OCH,CXN,0.0,258,AICF,RC,0,NT,FI,0.0,0,-16.96,-8.04,[],0,0,[],[]
9857300,9858180,OCH,CXN,0.0,258,AICF,RC,0,NT,FH,0.0,0,-15.03,-10.09,[],0,0,[],[]
9858180,9859550,CHI,CHN,0.0,258,AICF,RC,0,NT,FI,1.0,680,-20.83,-10.84,"[{'Canonical-syllable': '0', 'Growl': '0', 'High-freq-energy': '0', 'Long-island': '1', 'Low-tilt-spectrum': '0', 'Medium-island': '0', 'Short-island': '0', 'Squeal': '0', 'Typical-entropy': '0', 'Voicing-quality': '1', 'Wide-band': '0', 'Xlong-island': '0', 'seq': '1', 'end': 9858.86, 'start': 9858.18}]",0,0,[],[]
9859550,9860430,NA,NOF,0.0,258,AICF,NA,NA,NA,NA,0.0,0,-39.88,-27.84,[],0,0,[],[]
9860430,9861430,NA,FAF,0.0,258,AICF,NA,NA,NA,NA,0.0,0,-27.27,-12.29,[],0,0,[],[]
9861430,9862310,CHI,CHN,0.0,258,AICF,NA,NA,NA,NA,0.0,0,-14.32,-6.83,[],0,880,"[{'start': 9861.43, 'end': 9862.31}]",[]
9862310,9863290,OCH,CXN,0.0,258,AICF,RC,0,NT,FI,0.0,0,-15.15,-9.15,[],0,0,[],[]
9863290,9864380,FEM,FAN,3.26,258,AICF,RC,0,NT,FI,0.0,0,-41.22,-33.82,[],0,0,[],[]
9864380,9865180,NA,CXF,0.0,258,AICF,NA,NA,NA,NA,0.0,0,-37.71,-26.52,[],0,0,[],[]
9865180,9867950,NA,NOF,0.0,258,AICF,NA,NA,NA,NA,0.0,0,-43.78,-33.81,[],0,0,[],[]
9867950,9869160,CHI,CHN,0.0,258,AICF,NA,NA,NA,NA,0.0,0,-17.41,-9.17,[],0,1210,"[{'start': 9867.95, 'end': 9869.16}]",[]
9869160,9870510,FEM,FAN,8.4,258,AICF,RC,0,TIFI,FH,0.0,0,-37.76,-30.62,[],0,0,[],[]
9870510,9871540,NA,NOF,0.0,258,AICF,NA,NA,NA,NA,0.0,0,-45.79,-40.1,[],0,0,[],[]
9871540,9872160,CHI,CHN,0.0,258,AICF,RC,1,TIFR,FI,1.0,620,-25.43,-19.0,"[{'Canonical-syllable': '0', 'Growl': '0', 'High-freq-energy': '0', 'Long-island': '0', 'Low-tilt-spectrum': '1', 'Medium-island': '0', 'Short-island': '2', 'Squeal': '0', 'Typical-entropy': '0', 'Voicing-quality': '2', 'Wide-band': '0', 'Xlong-island': '0', 'seq': '1', 'end': 9872.16, 'start': 9871.54}]",0,0,[],[]
9872160,9873190,CHI,CHN,0.0,258,AICF,RC,1,NT,FH,1.0,1030,-20.34,-13.83,"[{'Canonical-syllable': '1', 'Growl': '0', 'High-freq-energy': '0', 'Long-island': '0', 'Low-tilt-spectrum': '2', 'Medium-island': '1', 'Short-island': '2', 'Squeal': '0', 'Typical-entropy': '1', 'Voicing-quality': '3', 'Wide-band': '0', 'Xlong-island': '0', 'seq': '1', 'end': 9873.19, 'start': 9872.38}]",0,0,[],[]
9873190,9874110,NA,OLN,0.0,258,AICF,NA,NA,NA,NA,0.0,0,-22.7,-16.87,[],0,0,[],[]
9874110,9875100,CHI,CHN,0.0,258,AICF,RC,1,NT,FH,1.0,200,-28.77,-19.52,"[{'Canonical-syllable': '0', 'Growl': '0', 'High-freq-energy': '0', 'Long-island': '0', 'Low-tilt-spectrum': '0', 'Medium-island': '0', 'Short-island': '1', 'Squeal': '0', 'Typical-entropy': '0', 'Voicing-quality': '1', 'Wide-band': '0', 'Xlong-island': '0', 'seq': '1', 'end': 9875.1, 'start': 9874.9}]",0,0,[],[]
9875100,9878080,FEM,FAN,12.95,258,AICF,RC,1,TIFE,FI,0.0,0,-23.68,-14.34,[],0,0,[],[]
9878080,9879840,NA,NOF,0.0,258,AICF,NA,NA,NA,NA,0.0,0,-43.1,-28.85,[],0,0,[],[]
9879840,9881000,NA,OLN,0.0,258,AICF,NA,NA,NA,NA,0.0,0,-16.95,-3.71,[],0,0,[],[]
9881000,9882000,FEM,FAN,4.76,258,AICF,EC,1,NT,FH,0.0,0,-31.78,-22.02,[],0,0,[],[]
9882000,9883200,NA,OLN,0.0,259,pause,NA,NA,NA,NA,0.0,0,-22.01,-9.03,[],0,0,[],[]
9883200,9884930,NA,SIL,0.0,259,pause,NA,NA,NA,NA,0.0,0,-48.93,-36.82,[],0,0,[],[]
9884930,9885540,NA,CHF,0.0,259,pause,NA,NA,NA,NA,0.0,0,-44.71,-35.71,[],0,610,[],"[{'start': 9884.93, 'end': 9885.54}]"
9885540,9888110,NA,SIL,0.0,259,pause,NA,NA,NA,NA,0.0,0,-53.31,-43.15,[],0,0,[],[]
9888110,9890230,FEM,FAN,11.94,259,AIOCF,BC,0,NT,FI,0.0,0,-23.91,-15.51,[],0,0,[],[]
9890230,9891140,FEM,FAN,3.56,259,AIOCF,RC,0,NT,FH,0.0,0,-30.39,-19.04,[],0,0,[],[]
9891140,9892060,OCH,CXN,0.0,259,AIOCF,RC,0,NT,FI,0.0,0,-32.98,-26.21,[],0,0,[],[]
9892060,9894070,FEM,FAN,7.43,259,AIOCF,RC,0,NT,FI,0.0,0,-25.0,-15.18,[],0,0,[],[]
9894070,9894870,NA,SIL,0.0,259,AIOCF,NA,NA,NA,NA,0.0,0,-52.59,-42.93,[],0,0,[],[]
9894870,9895470,FEM,FAN,1.79,259,AIOCF,EC,0,NT,FH,0.0,0,-25.75,-20.7,[],0,0,[],[]
9895470,9896340,NA,OLF,0.0,260,pause,NA,NA,NA,NA,0.0,0,-35.64,-25.73,[],0,0,[],[]
9896340,9897580,NA,OLN,0.0,260,pause,NA,NA,NA,NA,0.0,0,-17.88,-3.93,[],0,0,[],[]
9897580,9898190,FEM,FAN,0.0,260,pause,NA,NA,NA,NA,0.0,0,-24.17,-18.53,[],610,0,[],[]
9898190,9899620,NA,NON,0.0,260,pause,NA,NA,NA,NA,0.0,0,-23.11,-4.02,[],0,0,[],[]
9899620,9900790,NA,OLN,0.0,260,pause,NA,NA,NA,NA,0.0,0,-33.58,-25.87,[],0,0,[],[]
9900790,9901790,FEM,FAN,3.33,260,AICF,BC,0,NT,FI,0.0,0,-37.76,-29.5,[],0,0,[],[]
9901790,9902590,NA,NOF,0.0,260,AICF,NA,NA,NA,NA,0.0,0,-25.87,-11.27,[],0,0,[],[]
9902590,9904610,NA,SIL,0.0,260,AICF,NA,NA,NA,NA,0.0,0,-41.72,-24.27,[],0,0,[],[]
9904610,9906580,FEM,FAN,8.52,260,AICF,RC,0,NT,FH,0.0,0,-31.43,-21.64,[],0,0,[],[]
9906580,9909560,NA,SIL,0.0,260,AICF,NA,NA,NA,NA,0.0,0,-56.71,-41.75,[],0,0,[],[]
9909560,9911410,FEM,FAN,8.53,260,AICF,RC,0,NT,FH,0.0,0,-24.16,-12.61,[],0,0,[],[]
9911410,9912990,OCH,CXN,0.0,260,AICF,RC,0,NT,FI,0.0,0,-34.31,-25.88,[],0,0,[],[]
9912990,9913610,NA,TVF,0.0,260,AICF,NA,NA,NA,NA,0.0,0,-43.66,-31.36,[],0,0,[],[]
9913610,9917800,FEM,FAN,17.24,260,AICF,RC,0,NT,FI,0.0,0,-32.22,-20.89,[],0,0,[],[]
9917800,9919600,NA,FAF,0.0,260,AICF,NA,NA,NA,NA,0.0,0,-43.64,-32.66,[],0,0,[],[]
9919600,9920480,NA,SIL,0.0,260,AICF,NA,NA,NA,NA,0.0,0,-52.01,-41.74,[],0,0,[],[]
9920480,9922420,OCH,CXN,0.0,260,AICF,RC,0,NT,FI,0.0,0,-27.98,-21.19,[],0,0,[],[]
9922420,9923860,FEM,FAN,7.4,260,AICF,RC,0,NT,FI,0.0,0,-29.29,-21.17,[],0,0,[],[]
9923860,9924660,OCH,CXN,0.0,260,AICF,RC,0,NT,FI,0.0,0,-28.49,-21.78,[],0,0,[],[]
9924660,9926060,FEM,FAN,5.42,260,AICF,RC,0,NT,FI,0.0,0,-28.5,-12.22,[],0,0,[],[]
9926060,9927680,OCH,CXN,0.0,260,AICF,RC,0,NT,FI,0.0,0,-28.15,-18.79,[],0,0,[],[]
9927680,9928280,NA,MAF,0.0,260,AICF,NA,NA,NA,NA,0.0,0,-42.49,-31.0,[],0,0,[],[]
9928280,9929190,NA,SIL,0.0,260,AICF,NA,NA,NA,NA,0.0,0,-56.18,-50.01,[],0,0,[],[]
9929190,9930190,FEM,FAN,3.97,260,AICF,RC,0,TIFI,FI,0.0,0,-29.2,-19.02,[],0,0,[],[]
9930190,9930990,NA,SIL,0.0,260,AICF,NA,NA,NA,NA,0.0,0,-50.96,-42.36,[],0,0,[],[]
9930990,9932470,NA,FAF,0.0,260,AICF,NA,NA,NA,NA,0.0,0,-48.69,-37.24,[],0,0,[],[]
9932470,9933080,CHI,CHN,0.0,260,AICF,RC,1,TIFR,FI,1.0,610,-23.39,-13.66,"[{'Canonical-syllable': '0', 'Growl': '1', 'High-freq-energy': '0', 'Long-island': '0', 'Low-tilt-spectrum': '0', 'Medium-island': '0', 'Short-island': '1', 'Squeal': '0', 'Typical-entropy': '1', 'Voicing-quality': '2', 'Wide-band': '0', 'Xlong-island': '0', 'seq': '1', 'end': 9933.08, 'start': 9932.47}]",0,0,[],[]
9933080,9935190,FEM,FAN,8.55,260,AICF,RC,1,TIFE,FI,0.0,0,-28.68,-13.64,[],0,0,[],[]
9935190,9936020,NA,NOF,0.0,260,AICF,NA,NA,NA,NA,0.0,0,-48.78,-38.33,[],0,0,[],[]
9936020,9937020,FEM,FAN,4.07,260,AICF,RC,1,NT,FH,0.0,0,-26.51,-17.16,[],0,0,[],[]
9937020,9937870,NA,NOF,0.0,260,AICF,NA,NA,NA,NA,0.0,0,-44.64,-34.34,[],0,0,[],[]
9937870,9939740,FEM,FAN,8.08,260,AICF,RC,1,TIFI,FH,0.0,0,-27.19,-12.71,[],0,0,[],[]
9939740,9940340,CHI,CHN,0.0,260,AICF,RC,2,TIFR,FI,1.0,600,-27.52,-17.48,"[{'Canonical-syllable': '0', 'Growl': '1', 'High-freq-energy': '0', 'Long-island': '0', 'Low-tilt-spectrum': '1', 'Medium-island': '0', 'Short-island': '1', 'Squeal': '0', 'Typical-entropy': '1', 'Voicing-quality': '1', 'Wide-band': '0', 'Xlong-island': '0', 'seq': '1', 'end': 9940.34, 'start': 9939.96}]",0,0,[],[]
9940340,9941960,NA,NOF,0.0,260,AICF,NA,NA,NA,NA,0.0,0,-19.33,-1.89,[],0,0,[],[]
9941960,9943410,NA,OLN,0.0,260,AICF,NA,NA,NA,NA,0.0,0,-25.49,-9.66,[],0,0,[],[]
9943410,9944420,FEM,FAN,3.55,260,AICF,EC,2,TIFE,FI,0.0,0,-36.61,-27.21,[],0,0,[],[]
9944420,9945270,CHI,CHN,0.0,261,pause,NA,NA,NA,NA,0.0,0,-34.13,-25.94,[],0,430,[],"[{'start': 9944.55, 'end': 9944.98}]"
9945270,9946370,NA,SIL,0.0,261,pause,NA,NA,NA,NA,0.0,0,-54.96,-49.0,[],0,0,[],[]
9946370,9947180,NA,NOF,0.0,261,pause,NA,NA,NA,NA,0.0,0,-43.23,-30.18,[],0,0,[],[]
9947180,9947980,NA,SIL,0.0,261,pause,NA,NA,NA,NA,0.0,0,-58.15,-52.7,[],0,0,[],[]
9947980,9948990,NA,NOF,0.0,261,pause,NA,NA,NA,NA,0.0,0,-49.57,-37.37,[],0,0,[],[]
9948990,9949790,NA,SIL,0.0,261,pause,NA,NA,NA,NA,0.0,0,-53.27,-39.51,[],0,0,[],[]
9949790,9951440,FEM,FAN,5.38,261,AMF,BC,0,NT,FI,0.0,0,-41.0,-33.29,[],0,0,[],[]
9951440,9954790,NA,SIL,0.0,261,AMF,NA,NA,NA,NA,0.0,0,-48.23,-30.13,[],0,0,[],[]
9954790,9955790,FEM,FAN,1.19,261,AMF,RC,0,NT,FH,0.0,0,-46.79,-34.86,[],0,0,[],[]
9955790,9956660,NA,SIL,0.0,261,AMF,NA,NA,NA,NA,0.0,0,-61.19,-53.25,[],0,0,[],[]
9956660,9957660,FEM,FAN,4.38,261,AMF,RC,0,NT,FH,0.0,0,-38.09,-30.14,[],0,0,[],[]
9957660,9959030,NA,SIL,0.0,261,AMF,NA,NA,NA,NA,0.0,0,-59.09,-51.65,[],0,0,[],[]
9959030,9959830,NA,NOF,0.0,261,AMF,NA,NA,NA,NA,0.0,0,-51.72,-44.81,[],0,0,[],[]
9959830,9960630,NA,SIL,0.0,261,AMF,NA,NA,NA,NA,0.0,0,-53.39,-45.4,[],0,0,[],[]
9960630,9962040,FEM,FAN,5.2,261,AMF,RC,0,NT,FH,0.0,0,-35.29,-19.91,[],0,0,[],[]
9962040,9964650,NA,NOF,0.0,261,AMF,NA,NA,NA,NA,0.0,0,-24.42,-7.32,[],0,0,[],[]
9964650,9965710,FEM,FAN,6.93,261,AMF,EC,0,NT,FH,0.0,0,-32.64,-24.32,[],0,0,[],[]
9965710,9966700,NA,SIL,0.0,262,pause,NA,NA,NA,NA,0.0,0,-49.8,-39.85,[],0,0,[],[]
9966700,9968270,NA,NOF,0.0,262,pause,NA,NA,NA,NA,0.0,0,-46.06,-34.4,[],0,0,[],[]
9968270,9969480,NA,SIL,0.0,262,pause,NA,NA,NA,NA,0.0,0,-53.66,-46.12,[],0,0,[],[]
9969480,9970280,NA,NON,0.0,262,pause,NA,NA,NA,NA,0.0,0,-42.59,-33.73,[],0,0,[],[]
9970280,9971080,NA,SIL,0.0,262,pause,NA,NA,NA,NA,0.0,0,-56.44,-49.05,[],0,0,[],[]
9971080,9972080,FEM,FAN,6.82,262,AICF,BC,0,NT,FI,0.0,0,-38.2,-30.55,[],0,0,[],[]
9972080,9974000,NA,SIL,0.0,262,AICF,NA,NA,NA,NA,0.0,0,-57.2,-42.62,[],0,0,[],[]
9974000,9975520,FEM,FAN,6.04,262,AICF,RC,0,NT,FH,0.0,0,-28.21,-13.85,[],0,0,[],[]
9975520,9976680,NA,SIL,0.0,262,AICF,NA,NA,NA,NA,0.0,0,-58.43,-48.84,[],0,0,[],[]
9976680,9978670,FEM,FAN,9.94,262,AICF,RC,0,NT,FH,0.0,0,-39.24,-31.13,[],0,0,[],[]
9978670,9980080,NA,SIL,0.0,262,AICF,NA,NA,NA,NA,0.0,0,-50.21,-34.01,[],0,0,[],[]
9980080,9980680,FEM,FAN,1.04,262,AICF,RC,0,NT,FH,0.0,0,-38.59,-30.57,[],0,0,[],[]
9980680,9981910,NA,TVN,0.0,262,AICF,NA,NA,NA,NA,0.0,0,-49.68,-41.38,[],0,0,[],[]
9981910,9983660,NA,SIL,0.0,262,AICF,NA,NA,NA,NA,0.0,0,-59.39,-46.93,[],0,0,[],[]
9983660,9986570,FEM,FAN,11.06,262,AICF,RC,0,TIFI,FH,0.0,0,-39.26,-27.78,[],0,0,[],[]
9986570,9988550,NA,NOF,0.0,262,AICF,NA,NA,NA,NA,0.0,0,-42.07,-20.5,[],0,0,[],[]
9988550,9989390,NA,SIL,0.0,262,AICF,NA,NA,NA,NA,0.0,0,-52.55,-38.01,[],0,0,[],[]
9989390,9990190,NA,MAF,0.0,262,AICF,NA,NA,NA,NA,0.0,0,-38.2,-30.58,[],0,0,[],[]
9990190,9990990,NA,SIL,0.0,262,AICF,NA,NA,NA,NA,0.0,0,-50.48,-39.86,[],0,0,[],[]
9990990,9991690,NA,CHF,0.0,262,AICF,EC,1,TIFR,FI,1.0,90,-40.01,-23.68,"[{'Canonical-syllable': '0', 'Growl': '0', 'High-freq-energy': '0', 'Long-island': '0', 'Low-tilt-spectrum': '0', 'Medium-island': '0', 'Short-island': '0', 'Squeal': '0', 'Typical-entropy': '0', 'Voicing-quality': '0', 'Wide-band': '0', 'Xlong-island': '0', 'seq': '1', 'end': 9991.08, 'start': 9990.99}]",0,0,[],[]
9991690,9992520,NA,NOF,0.0,263,pause,NA,NA,NA,NA,0.0,0,-42.31,-27.12,[],0,0,[],[]
9992520,9993320,NA,SIL,0.0,263,pause,NA,NA,NA,NA,0.0,0,-56.35,-50.87,[],0,0,[],[]
9993320,10000340,NA,NOF,0.0,263,pause,NA,NA,NA,NA,0.0,0,-25.43,-5.77,[],0,0,[],[]
10000340,10000940,CHI,CHN,0.0,263,CIC,BC,0,NT,FI,1.0,600,-23.88,-20.29,"[{'Canonical-syllable': '1', 'Growl': '0', 'High-freq-energy': '0', 'Long-island': '0', 'Low-tilt-spectrum': '0', 'Medium-island': '1', 'Short-island': '0', 'Squeal': '0', 'Typical-entropy': '0', 'Voicing-quality': '1', 'Wide-band': '0', 'Xlong-island': '0', 'seq': '1', 'end': 10000.94, 'start': 10000.34}]",0,0,[],[]
10000940,10001740,NA,NOF,0.0,263,CIC,NA,NA,NA,NA,0.0,0,-44.2,-37.04,[],0,0,[],[]
10001740,10002340,OCH,CXN,0.0,263,CIC,RC,0,NT,FI,0.0,0,-25.08,-17.57,[],0,0,[],[]
10002340,10003720,NA,NOF,0.0,263,CIC,NA,NA,NA,NA,0.0,0,-43.89,-33.2,[],0,0,[],[]
10003720,10004920,CHI,CHN,0.0,263,CIC,RC,0,NT,FI,1.0,700,-22.84,-16.63,"[{'Canonical-syllable': '0', 'Growl': '0', 'High-freq-energy': '0', 'Long-island': '1', 'Low-tilt-spectrum': '0', 'Medium-island': '0', 'Short-island': '0', 'Squeal': '0', 'Typical-entropy': '0', 'Voicing-quality': '1', 'Wide-band': '0', 'Xlong-island': '0', 'seq': '1', 'end': 10004.42, 'start': 10003.72}]",0,0,[],[]
10004920,10006300,CHI,CHN,0.0,263,CIC,RC,0,TIFI,FH,1.0,1140,-21.44,-11.33,"[{'Canonical-syllable': '1', 'Growl': '0', 'High-freq-energy': '0', 'Long-island': '0', 'Low-tilt-spectrum': '0', 'Medium-island': '1', 'Short-island': '2', 'Squeal': '0', 'Typical-entropy': '0', 'Voicing-quality': '3', 'Wide-band': '0', 'Xlong-island': '0', 'seq': '1', 'end': 10006.06, 'start': 10005.09}]",0,0,[],[]
10006300,10007100,NA,SIL,0.0,263,CIC,NA,NA,NA,NA,0.0,0,-49.3,-39.16,[],0,0,[],[]
10007100,10008100,FEM,FAN,4.15,263,CIC,RC,1,TIFR,FI,0.0,0,-40.38,-34.74,[],0,0,[],[]
10008100,10010040,NA,NOF,0.0,263,CIC,NA,NA,NA,NA,0.0,0,-47.43,-37.02,[],0,0,[],[]
10010040,10011460,OCH,CXN,0.0,263,CIC,RC,1,NT,FI,0.0,0,-21.89,-12.82,[],0,0,[],[]
10011460,10012460,OCH,CXN,0.0,263,CIC,RC,1,NT,FH,0.0,0,-36.43,-24.5,[],0,0,[],[]
10012460,10014120,FEM,FAN,4.46,263,CIC,RC,1,NT,FI,0.0,0,-40.11,-29.54,[],0,0,[],[]
10014120,10017240,NA,NOF,0.0,263,CIC,NA,NA,NA,NA,0.0,0,-41.91,-27.94,[],0,0,[],[]
10017240,10018240,FEM,FAN,4.46,263,CIC,RC,1,NT,FH,0.0,0,-26.59,-19.09,[],0,0,[],[]
10018240,10020160,NA,NOF,0.0,263,CIC,NA,NA,NA,NA,0.0,0,-39.61,-23.0,[],0,0,[],[]
10020160,10020830,FEM,FAN,4.47,263,CIC,EC,1,NT,FH,0.0,0,-31.18,-23.5,[],0,0,[],[]
10020830,10022400,NA,NOF,0.0,264,pause,NA,NA,NA,NA,0.0,0,-45.57,-35.39,[],0,0,[],[]
10022400,10028480,NA,SIL,0.0,264,pause,NA,NA,NA,NA,0.0,0,-58.24,-43.21,[],0,0,[],[]
10028480,10030190,OCH,CXN,0.0,264,XIC,BC,0,NT,FI,0.0,0,-28.85,-17.05,[],0,0,[],[]
10030190,10031500,FEM,FAN,9.42,264,XIC,RC,0,NT,FI,0.0,0,-22.94,-12.83,[],0,0,[],[]
10031500,10032430,NA,SIL,0.0,264,XIC,NA,NA,NA,NA,0.0,0,-54.03,-48.78,[],0,0,[],[]
10032430,10033430,FEM,FAN,3.89,264,XIC,RC,0,NT,FH,0.0,0,-39.12,-34.38,[],0,0,[],[]
10033430,10034500,NA,SIL,0.0,264,XIC,NA,NA,NA,NA,0.0,0,-62.7,-51.0,[],0,0,[],[]
10034500,10036910,OCH,CXN,0.0,264,XIC,RC,0,NT,FI,0.0,0,-33.58,-30.6,[],0,0,[],[]
10036910,10037950,FEM,FAN,4.78,264,XIC,RC,0,NT,FI,0.0,0,-38.91,-29.11,[],0,0,[],[]
10037950,10038750,OCH,CXN,0.0,264,XIC,RC,0,NT,FI,0.0,0,-36.08,-26.88,[],0,0,[],[]
10038750,10040240,FEM,FAN,6.09,264,XIC,RC,0,NT,FI,0.0,0,-24.32,-19.28,[],0,0,[],[]
10040240,10041190,CHI,CHN,0.0,264,XIC,NA,NA,NA,NA,0.0,0,-15.24,-5.99,[],0,770,"[{'start': 10040.42, 'end': 10041.19}]",[]
10041190,10042710,NA,OLN,0.0,264,XIC,NA,NA,NA,NA,0.0,0,-24.69,-14.35,[],0,0,[],[]
10042710,10044770,FEM,FAN,7.63,264,XIC,RC,0,TIFI,FH,0.0,0,-27.74,-19.27,[],0,0,[],[]
10044770,10045600,NA,NOF,0.0,264,XIC,NA,NA,NA,NA,0.0,0,-30.16,-14.25,[],0,0,[],[]
10045600,10046540,CHI,CHN,0.0,264,XIC,RC,1,TIFR,FI,1.0,940,-15.11,-9.86,"[{'Canonical-syllable': '0', 'Growl': '0', 'High-freq-energy': '0', 'Long-island': '0', 'Low-tilt-spectrum': '1', 'Medium-island': '1', 'Short-island': '0', 'Squeal': '0', 'Typical-entropy': '1', 'Voicing-quality': '1', 'Wide-band': '0', 'Xlong-island': '0', 'seq': '1', 'end': 10046.54, 'start': 10045.79}]",0,0,[],[]
10046540,10047350,CHI,CHN,0.0,264,XIC,RC,1,NT,FH,1.0,320,-14.99,-3.64,"[{'Canonical-syllable': '0', 'Growl': '0', 'High-freq-energy': '0', 'Long-island': '0', 'Low-tilt-spectrum': '1', 'Medium-island': '1', 'Short-island': '0', 'Squeal': '0', 'Typical-entropy': '1', 'Voicing-quality': '1', 'Wide-band': '0', 'Xlong-island': '0', 'seq': '1', 'end': 10046.86, 'start': 10046.54}]",0,0,[],[]
10047350,10048790,FEM,FAN,7.87,264,XIC,RC,1,TIFE,FI,0.0,0,-25.36,-9.92,[],0,0,[],[]
10048790,10050070,NA,NOF,0.0,264,XIC,NA,NA,NA,NA,0.0,0,-43.81,-36.67,[],0,0,[],[]
10050070,10051960,FEM,FAN,8.91,264,XIC,RC,1,NT,FH,0.0,0,-29.29,-13.03,[],0,0,[],[]
10051960,10052780,NA,OLN,0.0,264,XIC,NA,NA,NA,NA,0.0,0,-24.76,-10.29,[],0,0,[],[]
10052780,10053580,NA,NOF,0.0,264,XIC,NA,NA,NA,NA,0.0,0,-37.95,-26.99,[],0,0,[],[]
10053580,10055340,FEM,FAN,8.17,264,XIC,RC,1,TIFI,FH,0.0,0,-24.29,-14.46,[],0,0,[],[]
10055340,10059400,NA,OLN,0.0,264,XIC,NA,NA,NA,NA,0.0,0,-24.12,-9.03,[],0,0,[],[]
10059400,10060200,NA,NOF,0.0,264,XIC,NA,NA,NA,NA,0.0,0,-25.69,-13.55,[],0,0,[],[]
10060200,10060910,CHI,CHN,0.0,264,XIC,RC,2,TIFR,FI,1.0,710,-29.76,-22.49,"[{'Canonical-syllable': '0', 'Growl': '0', 'High-freq-energy': '0', 'Long-island': '1', 'Low-tilt-spectrum': '1', 'Medium-island': '0', 'Short-island': '0', 'Squeal': '1', 'Typical-entropy': '1', 'Voicing-quality': '1', 'Wide-band': '0', 'Xlong-island': '0', 'seq': '1', 'end': 10060.91, 'start': 10060.2}]",0,0,[],[]
10060910,10061710,NA,NON,0.0,264,XIC,NA,NA,NA,NA,0.0,0,-27.55,-10.55,[],0,0,[],[]
10061710,10064010,NA,OLN,0.0,264,XIC,NA,NA,NA,NA,0.0,0,-28.35,-16.49,[],0,0,[],[]
10064010,10064900,NA,NOF,0.0,264,XIC,NA,NA,NA,NA,0.0,0,-24.15,-8.39,[],0,0,[],[]
10064900,10065900,FEM,FAN,4.09,264,XIC,RC,2,TIFE,FI,0.0,0,-26.38,-15.26,[],0,0,[],[]
10065900,10067040,NA,OLN,0.0,264,XIC,NA,NA,NA,NA,0.0,0,-24.88,-9.63,[],0,0,[],[]
10067040,10069440,FEM,FAN,10.29,264,XIC,RC,2,NT,FH,0.0,0,-31.89,-19.25,[],0,0,[],[]
10069440,10070960,NA,NOF,0.0,264,XIC,NA,NA,NA,NA,0.0,0,-45.64,-37.14,[],0,0,[],[]
10070960,10073380,FEM,FAN,10.63,264,XIC,RC,2,NT,FH,0.0,0,-29.58,-15.52,[],0,0,[],[]
10073380,10074350,OCH,CXN,0.0,264,XIC,RC,2,NT,FI,0.0,0,-36.92,-26.89,[],0,0,[],[]
10074350,10075210,NA,SIL,0.0,264,XIC,NA,NA,NA,NA,0.0,0,-52.58,-40.5,[],0,0,[],[]
10075210,10077010,FEM,FAN,8.28,264,XIC,RC,2,NT,FI,0.0,0,-31.18,-22.96,[],0,0,[],[]
10077010,10078020,MAL,MAN,5.53,264,XIC,RC,2,NT,FI,0.0,0,-33.08,-26.64,[],0,0,[],[]
10078020,10079230,NA,OLN,0.0,264,XIC,NA,NA,NA,NA,0.0,0,-29.54,-15.52,[],0,0,[],[]
10079230,10080320,MAL,MAN,2.86,264,XIC,RC,2,NT,FH,0.0,0,-36.6,-25.94,[],0,0,[],[]
10080320,10081130,NA,SIL,0.0,264,XIC,NA,NA,NA,NA,0.0,0,-48.52,-35.49,[],0,0,[],[]
10081130,10082650,FEM,FAN,8.33,264,XIC,RC,2,NT,FI,0.0,0,-27.57,-14.9,[],0,0,[],[]
10082650,10083450,NA,NON,0.0,264,XIC,NA,NA,NA,NA,0.0,0,-20.88,-5.86,[],0,0,[],[]
10083450,10084260,NA,OLF,0.0,264,XIC,NA,NA,NA,NA,0.0,0,-32.88,-16.04,[],0,0,[],[]
10084260,10085260,NA,NOF,0.0,264,XIC,NA,NA,NA,NA,0.0,0,-49.69,-40.56,[],0,0,[],[]
10085260,10086380,FEM,FAN,5.8,264,XIC,RC,2,NT,FH,0.0,0,-27.07,-19.51,[],0,0,[],[]
10086380,10087720,NA,NOF,0.0,264,XIC,NA,NA,NA,NA,0.0,0,-46.83,-36.42,[],0,0,[],[]
10087720,10088520,NA,OLN,0.0,264,XIC,NA,NA,NA,NA,0.0,0,-34.55,-27.58,[],0,0,[],[]
10088520,10089460,NA,NOF,0.0,264,XIC,NA,NA,NA,NA,0.0,0,-50.85,-40.0,[],0,0,[],[]
10089460,10090290,OCH,CXN,0.0,264,XIC,RC,2,NT,FI,0.0,0,-22.9,-13.01,[],0,0,[],[]
10090290,10091090,CHI,CHN,0.0,264,XIC,NA,NA,NA,NA,0.0,0,-16.1,-7.81,[],0,800,"[{'start': 10090.29, 'end': 10091.09}]",[]
10091090,10091730,CHI,CHN,0.0,264,XIC,NA,NA,NA,NA,0.0,0,-18.0,-10.84,[],0,320,"[{'start': 10091.09, 'end': 10091.41}]",[]
10091730,10092830,NA,OLN,0.0,264,XIC,NA,NA,NA,NA,0.0,0,-21.26,-6.64,[],0,0,[],[]
10092830,10093830,FEM,FAN,6.58,264,XIC,RC,2,NT,FI,0.0,0,-25.99,-16.49,[],0,0,[],[]
10093830,10094660,NA,SIL,0.0,264,XIC,NA,NA,NA,NA,0.0,0,-50.97,-46.9,[],0,0,[],[]
10094660,10097260,FEM,FAN,10.73,264,XIC,RC,2,NT,FH,0.0,0,-35.55,-28.43,[],0,0,[],[]
10097260,10098070,OCH,CXN,0.0,264,XIC,RC,2,NT,FI,0.0,0,-39.03,-30.3,[],0,0,[],[]
10098070,10100190,FEM,FAN,10.9,264,XIC,RC,2,NT,FI,0.0,0,-36.99,-31.16,[],0,0,[],[]
10100190,10101420,NA,SIL,0.0,264,XIC,NA,NA,NA,NA,0.0,0,-56.16,-46.77,[],0,0,[],[]
10101420,10102020,FEM,FAN,4.36,264,XIC,RC,2,TIFI,FH,0.0,0,-28.02,-20.94,[],0,0,[],[]
10102020,10103070,NA,SIL,0.0,264,XIC,NA,NA,NA,NA,0.0,0,-60.81,-51.32,[],0,0,[],[]
10103070,10103840,CHI,CHN,0.0,264,XIC,RC,3,TIFR,FI,1.0,770,-22.34,-16.54,"[{'Canonical-syllable': '0', 'Growl': '0', 'High-freq-energy': '0', 'Long-island': '1', 'Low-tilt-spectrum': '0', 'Medium-island': '0', 'Short-island': '0', 'Squeal': '0', 'Typical-entropy': '0', 'Voicing-quality': '1', 'Wide-band': '0', 'Xlong-island': '0', 'seq': '1', 'end': 10103.84, 'start': 10103.07}]",0,0,[],[]
10103840,10104910,NA,TVN,0.0,264,XIC,NA,NA,NA,NA,0.0,0,-48.5,-35.78,[],0,0,[],[]
10104910,10107600,NA,SIL,0.0,264,XIC,NA,NA,NA,NA,0.0,0,-56.87,-46.44,[],0,0,[],[]
10107600,10108400,OCH,CXN,0.0,264,XIC,RC,3,NT,FI,0.0,0,-37.94,-28.14,[],0,0,[],[]
10108400,10109440,NA,TVN,0.0,264,XIC,NA,NA,NA,NA,0.0,0,-37.15,-29.87,[],0,0,[],[]
10109440,10110790,FEM,FAN,10.83,264,XIC,RC,3,NT,FI,0.0,0,-35.44,-29.64,[],0,0,[],[]
10110790,10111390,CHI,CHN,0.0,264,XIC,NA,NA,NA,NA,0.0,0,-31.64,-19.3,[],0,0,[],[]
10111390,10112880,FEM,FAN,7.54,264,XIC,RC,3,NT,FH,0.0,0,-27.78,-19.35,[],0,0,[],[]
10112880,10113510,OCH,CXN,0.0,264,XIC,RC,3,NT,FI,0.0,0,-29.88,-25.12,[],0,0,[],[]
10113510,10121000,FEM,FAN,30.06,264,XIC,RC,3,NT,FI,0.0,0,-28.99,-17.32,[],0,0,[],[]
10121000,10121800,NA,NOF,0.0,264,XIC,NA,NA,NA,NA,0.0,0,-54.2,-41.73,[],0,0,[],[]
10121800,10126140,FEM,FAN,17.95,264,XIC,RC,3,NT,FH,0.0,0,-28.59,-20.34,[],0,0,[],[]
10126140,10127480,NA,NOF,0.0,264,XIC,NA,NA,NA,NA,0.0,0,-47.04,-39.99,[],0,0,[],[]
10127480,10130190,FEM,FAN,12.63,264,XIC,RC,3,NT,FH,0.0,0,-29.13,-20.87,[],0,0,[],[]
10130190,10130800,FEM,FAN,4.77,264,XIC,RC,3,NT,FH,0.0,0,-31.19,-26.01,[],0,0,[],[]
10130800,10133620,FEM,FAN,12.81,264,XIC,RC,3,NT,FH,0.0,0,-32.78,-26.03,[],0,0,[],[]
10133620,10135120,NA,SIL,0.0,264,XIC,NA,NA,NA,NA,0.0,0,-51.29,-35.1,[],0,0,[],[]
10135120,10136030,OCH,CXN,0.0,264,XIC,RC,3,NT,FI,0.0,0,-38.45,-28.34,[],0,0,[],[]
10136030,10137170,NA,TVN,0.0,264,XIC,NA,NA,NA,NA,0.0,0,-38.93,-30.57,[],0,0,[],[]
10137170,10138800,FEM,FAN,7.39,264,XIC,RC,3,NT,FI,0.0,0,-29.32,-19.42,[],0,0,[],[]
10138800,10139480,FEM,FAN,4.43,264,XIC,RC,3,NT,FH,0.0,0,-28.08,-22.89,[],0,0,[],[]
10139480,10143390,FEM,FAN,15.24,264,XIC,RC,3,TIFI,FH,0.0,0,-25.39,-11.24,[],0,0,[],[]
10143390,10144460,CHI,CHN,0.0,264,XIC,RC,4,TIFR,FI,1.0,1070,-21.73,-18.03,"[{'Canonical-syllable': '0', 'Growl': '1', 'High-freq-energy': '0', 'Long-island': '1', 'Low-tilt-spectrum': '1', 'Medium-island': '0', 'Short-island': '1', 'Squeal': '0', 'Typical-entropy': '0', 'Voicing-quality': '2', 'Wide-band': '0', 'Xlong-island': '0', 'seq': '1', 'end': 10144.46, 'start': 10143.47}]",0,0,[],[]
10144460,10145550,NA,NOF,0.0,264,XIC,NA,NA,NA,NA,0.0,0,-49.09,-40.62,[],0,0,[],[]
10145550,10146150,CHI,CHN,0.0,264,XIC,RC,4,NT,FH,1.0,360,-25.0,-16.69,"[{'Canonical-syllable': '0', 'Growl': '0', 'High-freq-energy': '0', 'Long-island': '0', 'Low-tilt-spectrum': '0', 'Medium-island': '0', 'Short-island': '1', 'Squeal': '0', 'Typical-entropy': '1', 'Voicing-quality': '1', 'Wide-band': '0', 'Xlong-island': '0', 'seq': '1', 'end': 10145.91, 'start': 10145.73}]",0,0,[],[]
10146150,10147170,OCH,CXN,0.0,264,XIC,RC,4,NT,FI,0.0,0,-18.74,-10.47,[],0,0,[],[]
10147170,10148280,OCH,CXN,0.0,264,XIC,RC,4,NT,FH,0.0,0,-21.37,-13.45,[],0,0,[],[]
10148280,10149280,CHI,CHN,0.0,264,XIC,RC,4,NT,FI,1.0,1000,-20.25,-14.65,"[{'Canonical-syllable': '0', 'Growl': '0', 'High-freq-energy': '0', 'Long-island': '0', 'Low-tilt-spectrum': '0', 'Medium-island': '0', 'Short-island': '0', 'Squeal': '0', 'Typical-entropy': '0', 'Voicing-quality': '1', 'Wide-band': '0', 'Xlong-island': '1', 'seq': '1', 'end': 10149.28, 'start': 10148.28}]",0,0,[],[]
10149280,10150340,OCH,CXN,0.0,264,XIC,RC,4,NT,FI,0.0,0,-21.68,-13.66,[],0,0,[],[]
10150340,10153410,FEM,FAN,9.68,264,XIC,RC,4,NT,FI,0.0,0,-27.39,-13.38,[],0,0,[],[]
10153410,10154010,CHI,CHN,0.0,264,XIC,NA,NA,NA,NA,0.0,0,-31.76,-28.24,[],0,600,"[{'start': 10153.41, 'end': 10154.01}]",[]
10154010,10161540,FEM,FAN,26.97,264,XIC,RC,4,NT,FH,0.0,0,-32.63,-21.32,[],0,0,[],[]
10161540,10162350,NA,SIL,0.0,264,XIC,NA,NA,NA,NA,0.0,0,-61.23,-51.38,[],0,0,[],[]
10162350,10167660,FEM,FAN,20.02,264,XIC,RC,4,NT,FH,0.0,0,-30.72,-17.56,[],0,0,[],[]
10167660,10168260,NA,OLF,0.0,264,XIC,NA,NA,NA,NA,0.0,0,-24.16,-14.63,[],0,0,[],[]
10168260,10171110,FEM,FAN,12.72,264,XIC,RC,4,NT,FH,0.0,0,-31.08,-20.26,[],0,0,[],[]
10171110,10171990,NA,NOF,0.0,264,XIC,NA,NA,NA,NA,0.0,0,-20.53,-8.19,[],0,0,[],[]
10171990,10174120,NA,OLN,0.0,264,XIC,NA,NA,NA,NA,0.0,0,-17.91,-3.19,[],0,0,[],[]
10174120,10177050,FEM,FAN,11.21,264,XIC,RC,4,NT,FH,0.0,0,-25.04,-16.02,[],0,0,[],[]
10177050,10178440,NA,NOF,0.0,264,XIC,NA,NA,NA,NA,0.0,0,-35.62,-23.54,[],0,0,[],[]
10178440,10181240,FEM,FAN,12.77,264,XIC,RC,4,NT,FH,0.0,0,-28.32,-15.04,[],0,0,[],[]
10181240,10182040,NA,OLN,0.0,264,XIC,NA,NA,NA,NA,0.0,0,-28.62,-16.82,[],0,0,[],[]
10182040,10183050,FEM,FAN,6.7,264,XIC,RC,4,NT,FH,0.0,0,-36.78,-28.71,[],0,0,[],[]
10183050,10183870,OCH,CXN,0.0,264,XIC,RC,4,NT,FI,0.0,0,-25.86,-18.96,[],0,0,[],[]
10183870,10185700,FEM,FAN,7.52,264,XIC,RC,4,NT,FI,0.0,0,-36.6,-30.79,[],0,0,[],[]
10185700,10189290,OCH,CXN,0.0,264,XIC,RC,4,NT,FI,0.0,0,-38.74,-29.62,[],0,0,[],[]
10189290,10190290,NA,TVN,0.0,264,XIC,NA,NA,NA,NA,0.0,0,-41.51,-35.6,[],0,0,[],[]
10190290,10191420,FEM,FAN,8.76,264,XIC,RC,4,TIFI,FI,0.0,0,-33.87,-25.68,[],0,0,[],[]
10191420,10192570,NA,TVF,0.0,264,XIC,NA,NA,NA,NA,0.0,0,-44.62,-32.81,[],0,0,[],[]
10192570,10193520,NA,SIL,0.0,264,XIC,NA,NA,NA,NA,0.0,0,-61.3,-56.47,[],0,0,[],[]
10193520,10194140,CHI,CHN,0.0,264,XIC,RC,5,TIFR,FI,1.0,620,-21.54,-15.26,"[{'Canonical-syllable': '0', 'Growl': '0', 'High-freq-energy': '0', 'Long-island': '0', 'Low-tilt-spectrum': '0', 'Medium-island': '1', 'Short-island': '0', 'Squeal': '0', 'Typical-entropy': '0', 'Voicing-quality': '1', 'Wide-band': '0', 'Xlong-island': '0', 'seq': '1', 'end': 10194.14, 'start': 10193.52}]",0,0,[],[]
10194140,10196570,FEM,FAN,9.21,264,XIC,RC,5,TIFE,FI,0.0,0,-37.7,-30.16,[],0,0,[],[]
10196570,10197370,NA,SIL,0.0,264,XIC,NA,NA,NA,NA,0.0,0,-55.92,-50.35,[],0,0,[],[]
10197370,10197970,OCH,CXN,0.0,264,XIC,RC,5,NT,FI,0.0,0,-31.82,-22.93,[],0,0,[],[]
10197970,10198790,NA,NOF,0.0,264,XIC,NA,NA,NA,NA,0.0,0,-38.91,-26.09,[],0,0,[],[]
10198790,10200440,FEM,FAN,3.43,264,XIC,RC,5,NT,FI,0.0,0,-38.47,-28.11,[],0,0,[],[]
10200440,10201180,OCH,CXN,0.0,264,XIC,RC,5,NT,FI,0.0,0,-32.28,-26.82,[],0,0,[],[]
10201180,10201980,NA,OLF,0.0,264,XIC,NA,NA,NA,NA,0.0,0,-36.97,-28.86,[],0,0,[],[]
10201980,10202690,OCH,CXN,0.0,264,XIC,RC,5,NT,FH,0.0,0,-28.28,-20.79,[],0,0,[],[]
10202690,10203500,NA,CXF,0.0,264,XIC,NA,NA,NA,NA,0.0,0,-42.63,-31.66,[],0,0,[],[]
10203500,10204450,CHI,CHN,0.0,264,XIC,RC,5,TIFI,FI,1.0,830,-20.13,-14.78,"[{'Canonical-syllable': '0', 'Growl': '0', 'High-freq-energy': '0', 'Long-island': '1', 'Low-tilt-spectrum': '0', 'Medium-island': '0', 'Short-island': '0', 'Squeal': '0', 'Typical-entropy': '0', 'Voicing-quality': '2', 'Wide-band': '0', 'Xlong-island': '0', 'seq': '1', 'end': 10204.33, 'start': 10203.5}]",0,0,[],[]
10204450,10205770,FEM,FAN,4.13,264,XIC,RC,6,TIFR,FI,0.0,0,-35.4,-29.07,[],0,0,[],[]
10205770,10207430,NA,NOF,0.0,264,XIC,NA,NA,NA,NA,0.0,0,-52.03,-43.34,[],0,0,[],[]
10207430,10209660,FEM,FAN,11.1,264,XIC,RC,6,NT,FH,0.0,0,-33.04,-22.5,[],0,0,[],[]
10209660,10211670,NA,SIL,0.0,264,XIC,NA,NA,NA,NA,0.0,0,-59.42,-48.07,[],0,0,[],[]
10211670,10213580,CHI,CHN,0.0,264,XIC,RC,6,TIFE,FI,2.0,1370,-23.24,-15.19,"[{'Canonical-syllable': '2', 'Growl': '0', 'High-freq-energy': '0', 'Long-island': '0', 'Low-tilt-spectrum': '0', 'Medium-island': '2', 'Short-island': '0', 'Squeal': '0', 'Typical-entropy': '1', 'Voicing-quality': '2', 'Wide-band': '0', 'Xlong-island': '0', 'seq': '1', 'end': 10212.54, 'start': 10211.67}, {'Canonical-syllable': '1', 'Growl': '0', 'High-freq-energy': '0', 'Long-island': '0', 'Low-tilt-spectrum': '0', 'Medium-island': '1', 'Short-island': '0', 'Squeal': '0', 'Typical-entropy': '0', 'Voicing-quality': '1', 'Wide-band': '0', 'Xlong-island': '0', 'seq': '2', 'end': 10213.58, 'start': 10213.08}]",0,0,[],[]
10213580,10214380,NA,SIL,0.0,264,XIC,NA,NA,NA,NA,0.0,0,-51.87,-34.11,[],0,0,[],[]
10214380,10215380,OCH,CXN,0.0,264,XIC,RC,6,NT,FI,0.0,0,-35.01,-25.74,[],0,0,[],[]
10215380,10216540,NA,NOF,0.0,264,XIC,NA,NA,NA,NA,0.0,0,-48.28,-42.34,[],0,0,[],[]
10216540,10220340,CHI,CHN,0.0,264,XIC,RC,6,TIFI,FI,3.0,2960,-25.5,-16.37,"[{'Canonical-syllable': '0', 'Growl': '0', 'High-freq-energy': '0', 'Long-island': '0', 'Low-tilt-spectrum': '0', 'Medium-island': '2', 'Short-island': '0', 'Squeal': '0', 'Typical-entropy': '0', 'Voicing-quality': '2', 'Wide-band': '0', 'Xlong-island': '0', 'seq': '1', 'end': 10217.63, 'start': 10216.54}, {'Canonical-syllable': '1', 'Growl': '0', 'High-freq-energy': '0', 'Long-island': '1', 'Low-tilt-spectrum': '0', 'Medium-island': '1', 'Short-island': '1', 'Squeal': '0', 'Typical-entropy': '0', 'Voicing-quality': '4', 'Wide-band': '0', 'Xlong-island': '0', 'seq': '2', 'end': 10219.61, 'start': 10218.03}, {'Canonical-syllable': '0', 'Growl': '1', 'High-freq-energy': '0', 'Long-island': '0', 'Low-tilt-spectrum': '0', 'Medium-island': '0', 'Short-island': '1', 'Squeal': '0', 'Typical-entropy': '0', 'Voicing-quality': '1', 'Wide-band': '0', 'Xlong-island': '0', 'seq': '3', 'end': 10220.34, 'start': 10220.05}]",0,0,[],[]
10220340,10225970,FEM,FAN,22.15,264,XIC,RC,7,TIFR,FI,0.0,0,-32.32,-17.87,[],0,0,[],[]
10225970,10226630,CHI,CHN,0.0,264,XIC,RC,7,TIFI,FI,1.0,660,-22.37,-14.74,"[{'Canonical-syllable': '0', 'Growl': '0', 'High-freq-energy': '0', 'Long-island': '0', 'Low-tilt-spectrum': '0', 'Medium-island': '0', 'Short-island': '1', 'Squeal': '0', 'Typical-entropy': '0', 'Voicing-quality': '2', 'Wide-band': '1', 'Xlong-island': '0', 'seq': '1', 'end': 10226.63, 'start': 10226.19}]",0,0,[],[]
10226630,10228210,FEM,FAN,8.32,264,XIC,RC,8,TIFR,FI,0.0,0,-25.65,-15.03,[],0,0,[],[]
10228210,10231160,NA,SIL,0.0,264,XIC,NA,NA,NA,NA,0.0,0,-52.37,-39.27,[],0,0,[],[]
10231160,10231940,CHI,CHN,0.0,264,XIC,RC,8,TIFE,FI,1.0,780,-26.46,-20.82,"[{'Canonical-syllable': '0', 'Growl': '0', 'High-freq-energy': '0', 'Long-island': '0', 'Low-tilt-spectrum': '0', 'Medium-island': '1', 'Short-island': '0', 'Squeal': '0', 'Typical-entropy': '0', 'Voicing-quality': '1', 'Wide-band': '0', 'Xlong-island': '0', 'seq': '1', 'end': 10231.94, 'start': 10231.16}]",0,0,[],[]
10231940,10232930,NA,NOF,0.0,264,XIC,NA,NA,NA,NA,0.0,0,-33.49,-19.32,[],0,0,[],[]
10232930,10234090,CHI,CHN,0.0,264,XIC,RC,8,NT,FH,1.0,1080,-20.44,-13.11,"[{'Canonical-syllable': '2', 'Growl': '0', 'High-freq-energy': '0', 'Long-island': '0', 'Low-tilt-spectrum': '0', 'Medium-island': '2', 'Short-island': '0', 'Squeal': '0', 'Typical-entropy': '0', 'Voicing-quality': '2', 'Wide-band': '0', 'Xlong-island': '0', 'seq': '1', 'end': 10234.01, 'start': 10232.93}]",0,0,[],[]
10234090,10235560,NA,SIL,0.0,264,XIC,NA,NA,NA,NA,0.0,0,-52.24,-40.16,[],0,0,[],[]
10235560,10236610,CHI,CHN,0.0,264,XIC,RC,8,NT,FH,1.0,1050,-21.35,-12.83,"[{'Canonical-syllable': '0', 'Growl': '0', 'High-freq-energy': '0', 'Long-island': '0', 'Low-tilt-spectrum': '0', 'Medium-island': '1', 'Short-island': '0', 'Squeal': '0', 'Typical-entropy': '0', 'Voicing-quality': '2', 'Wide-band': '0', 'Xlong-island': '0', 'seq': '1', 'end': 10236.61, 'start': 10235.56}]",0,0,[],[]
10236610,10237290,CHI,CHN,0.0,264,XIC,RC,8,TIFI,FH,1.0,120,-29.92,-20.86,"[{'Canonical-syllable': '1', 'Growl': '0', 'High-freq-energy': '0', 'Long-island': '0', 'Low-tilt-spectrum': '0', 'Medium-island': '0', 'Short-island': '1', 'Squeal': '0', 'Typical-entropy': '0', 'Voicing-quality': '1', 'Wide-band': '0', 'Xlong-island': '0', 'seq': '1', 'end': 10237.12, 'start': 10237.0}]",0,0,[],[]
10237290,10238740,FEM,FAN,9.08,264,XIC,RC,9,TIFR,FI,0.0,0,-26.53,-19.07,[],0,0,[],[]
10238740,10239540,NA,SIL,0.0,264,XIC,NA,NA,NA,NA,0.0,0,-57.4,-45.66,[],0,0,[],[]
10239540,10242450,CHI,CHN,0.0,264,XIC,RC,9,TIFE,FI,2.0,2440,-20.01,-7.34,"[{'Canonical-syllable': '2', 'Growl': '1', 'High-freq-energy': '0', 'Long-island': '0', 'Low-tilt-spectrum': '0', 'Medium-island': '0', 'Short-island': '4', 'Squeal': '0', 'Typical-entropy': '3', 'Voicing-quality': '3', 'Wide-band': '0', 'Xlong-island': '0', 'seq': '1', 'end': 10240.92, 'start': 10239.54}, {'Canonical-syllable': '0', 'Growl': '0', 'High-freq-energy': '0', 'Long-island': '1', 'Low-tilt-spectrum': '1', 'Medium-island': '0', 'Short-island': '0', 'Squeal': '0', 'Typical-entropy': '2', 'Voicing-quality': '1', 'Wide-band': '0', 'Xlong-island': '0', 'seq': '2', 'end': 10242.35, 'start': 10241.29}]",0,0,[],[]
10242450,10243420,NA,NOF,0.0,264,XIC,NA,NA,NA,NA,0.0,0,-41.51,-29.07,[],0,0,[],[]
10243420,10244650,CHI,CHN,0.0,264,XIC,RC,9,TIFI,FH,1.0,1040,-20.19,-13.34,"[{'Canonical-syllable': '1', 'Growl': '1', 'High-freq-energy': '0', 'Long-island': '0', 'Low-tilt-spectrum': '0', 'Medium-island': '1', 'Short-island': '2', 'Squeal': '0', 'Typical-entropy': '1', 'Voicing-quality': '3', 'Wide-band': '0', 'Xlong-island': '0', 'seq': '1', 'end': 10244.46, 'start': 10243.42}]",0,0,[],[]
10244650,10246590,NA,SIL,0.0,264,XIC,NA,NA,NA,NA,0.0,0,-60.72,-47.66,[],0,0,[],[]
10246590,10248230,FEM,FAN,4.23,264,XIC,RC,10,TIFR,FI,0.0,0,-29.43,-18.96,[],0,0,[],[]
10248230,10248930,CHI,CHN,0.0,264,XIC,RC,10,TIFE,FI,1.0,610,-23.76,-16.66,"[{'Canonical-syllable': '1', 'Growl': '0', 'High-freq-energy': '0', 'Long-island': '0', 'Low-tilt-spectrum': '0', 'Medium-island': '1', 'Short-island': '1', 'Squeal': '0', 'Typical-entropy': '1', 'Voicing-quality': '2', 'Wide-band': '0', 'Xlong-island': '0', 'seq': '1', 'end': 10248.84, 'start': 10248.23}]",0,0,[],[]
10248930,10250280,NA,SIL,0.0,264,XIC,NA,NA,NA,NA,0.0,0,-51.19,-35.35,[],0,0,[],[]
10250280,10251080,NA,NOF,0.0,264,XIC,NA,NA,NA,NA,0.0,0,-45.5,-39.44,[],0,0,[],[]
10251080,10252080,OCH,CXN,0.0,264,XIC,RC,10,NT,FI,0.0,0,-25.4,-17.84,[],0,0,[],[]
10252080,10252900,NA,SIL,0.0,264,XIC,NA,NA,NA,NA,0.0,0,-58.28,-50.46,[],0,0,[],[]
10252900,10255200,OCH,CXN,0.0,264,XIC,RC,10,NT,FH,0.0,0,-24.3,-16.18,[],0,0,[],[]
10255200,10255870,CHI,CHN,0.0,264,XIC,RC,10,TIFI,FI,1.0,180,-28.81,-18.68,"[{'Canonical-syllable': '1', 'Growl': '0', 'High-freq-energy': '0', 'Long-island': '0', 'Low-tilt-spectrum': '0', 'Medium-island': '0', 'Short-island': '1', 'Squeal': '0', 'Typical-entropy': '1', 'Voicing-quality': '1', 'Wide-band': '0', 'Xlong-island': '0', 'seq': '1', 'end': 10255.38, 'start': 10255.2}]",0,0,[],[]
10255870,10257080,FEM,FAN,5.56,264,XIC,RC,11,TIFR,FI,0.0,0,-24.77,-17.37,[],0,0,[],[]
10257080,10257680,CHI,CHN,0.0,264,XIC,RC,11,TIFE,FI,1.0,600,-24.69,-20.24,"[{'Canonical-syllable': '0', 'Growl': '0', 'High-freq-energy': '0', 'Long-island': '0', 'Low-tilt-spectrum': '0', 'Medium-island': '1', 'Short-island': '0', 'Squeal': '0', 'Typical-entropy': '0', 'Voicing-quality': '1', 'Wide-band': '0', 'Xlong-island': '0', 'seq': '1', 'end': 10257.68, 'start': 10257.38}]",0,0,[],[]
10257680,10259340,CHI,CHN,0.0,264,XIC,RC,11,NT,FH,2.0,870,-27.93,-19.57,"[{'Canonical-syllable': '0', 'Growl': '0', 'High-freq-energy': '0', 'Long-island': '0', 'Low-tilt-spectrum': '0', 'Medium-island': '0', 'Short-island': '1', 'Squeal': '0', 'Typical-entropy': '0', 'Voicing-quality': '1', 'Wide-band': '0', 'Xlong-island': '0', 'seq': '1', 'end': 10257.82, 'start': 10257.68}, {'Canonical-syllable': '0', 'Growl': '0', 'High-freq-energy': '0', 'Long-island': '0', 'Low-tilt-spectrum': '0', 'Medium-island': '1', 'Short-island': '1', 'Squeal': '0', 'Typical-entropy': '0', 'Voicing-quality': '2', 'Wide-band': '0', 'Xlong-island': '0', 'seq': '2', 'end': 10259.13, 'start': 10258.4}]",0,0,[],[]
10259340,10261080,OCH,CXN,0.0,264,XIC,RC,11,NT,FI,0.0,0,-28.45,-19.59,[],0,0,[],[]
10261080,10263180,FEM,FAN,3.44,264,XIC,RC,11,NT,FI,0.0,0,-31.27,-16.05,[],0,0,[],[]
10263180,10264570,NA,NOF,0.0,264,XIC,NA,NA,NA,NA,0.0,0,-48.85,-38.49,[],0,0,[],[]
10264570,10266000,FEM,FAN,5.5,264,XIC,RC,11,TIFI,FH,0.0,0,-25.93,-19.87,[],0,0,[],[]
10266000,10266690,CHI,CHN,0.0,264,XIC,RC,12,TIFR,FI,1.0,690,-28.5,-21.89,"[{'Canonical-syllable': '0', 'Growl': '0', 'High-freq-energy': '0', 'Long-island': '0', 'Low-tilt-spectrum': '0', 'Medium-island': '1', 'Short-island': '0', 'Squeal': '0', 'Typical-entropy': '1', 'Voicing-quality': '2', 'Wide-band': '0', 'Xlong-island': '0', 'seq': '1', 'end': 10266.69, 'start': 10266.0}]",0,0,[],[]
10266690,10268030,CHI,CHN,0.0,264,XIC,RC,12,NT,FH,1.0,1340,-22.3,-14.51,"[{'Canonical-syllable': '0', 'Growl': '0', 'High-freq-energy': '0', 'Long-island': '0', 'Low-tilt-spectrum': '0', 'Medium-island': '0', 'Short-island': '0', 'Squeal': '0', 'Typical-entropy': '1', 'Voicing-quality': '1', 'Wide-band': '0', 'Xlong-island': '1', 'seq': '1', 'end': 10268.03, 'start': 10266.69}]",0,0,[],[]
10268030,10269370,NA,SIL,0.0,264,XIC,NA,NA,NA,NA,0.0,0,-52.11,-38.29,[],0,0,[],[]
10269370,10272680,FEM,FAN,12.3,264,XIC,RC,12,TIFE,FI,0.0,0,-33.2,-19.5,[],0,0,[],[]
10272680,10273710,NA,SIL,0.0,264,XIC,NA,NA,NA,NA,0.0,0,-58.11,-49.8,[],0,0,[],[]
10273710,10275130,FEM,FAN,4.54,264,XIC,RC,12,TIFI,FH,0.0,0,-25.42,-17.31,[],0,0,[],[]
10275130,10276000,CHI,CHN,0.0,264,XIC,RC,13,TIFR,FI,1.0,630,-30.71,-25.25,"[{'Canonical-syllable': '1', 'Growl': '0', 'High-freq-energy': '0', 'Long-island': '0', 'Low-tilt-spectrum': '1', 'Medium-island': '1', 'Short-island': '1', 'Squeal': '1', 'Typical-entropy': '1', 'Voicing-quality': '2', 'Wide-band': '0', 'Xlong-island': '0', 'seq': '1', 'end': 10275.76, 'start': 10275.13}]",0,0,[],[]
10276000,10278070,OCH,CXN,0.0,264,XIC,RC,13,NT,FI,0.0,0,-29.67,-21.32,[],0,0,[],[]
10278070,10278700,OCH,CXN,0.0,264,XIC,RC,13,NT,FH,0.0,0,-25.71,-11.79,[],0,0,[],[]
10278700,10279710,OCH,CXN,0.0,264,XIC,RC,13,NT,FH,0.0,0,-19.77,-12.19,[],0,0,[],[]
10279710,10280360,CHI,CHN,0.0,264,XIC,RC,13,TIFI,FI,1.0,350,-24.59,-15.65,"[{'Canonical-syllable': '0', 'Growl': '0', 'High-freq-energy': '0', 'Long-island': '0', 'Low-tilt-spectrum': '0', 'Medium-island': '0', 'Short-island': '1', 'Squeal': '0', 'Typical-entropy': '1', 'Voicing-quality': '1', 'Wide-band': '0', 'Xlong-island': '0', 'seq': '1', 'end': 10280.06, 'start': 10279.83}]",0,0,[],[]
10280360,10283690,FEM,FAN,12.56,264,XIC,RC,14,TIFR,FI,0.0,0,-26.87,-13.4,[],0,0,[],[]
10283690,10284510,NA,NOF,0.0,264,XIC,NA,NA,NA,NA,0.0,0,-46.28,-40.15,[],0,0,[],[]
10284510,10287220,OCH,CXN,0.0,264,XIC,RC,14,NT,FI,0.0,0,-26.43,-14.98,[],0,0,[],[]
10287220,10288260,CHI,CHN,0.0,264,XIC,RC,14,NT,FI,1.0,960,-23.4,-14.27,"[{'Canonical-syllable': '0', 'Growl': '0', 'High-freq-energy': '0', 'Long-island': '0', 'Low-tilt-spectrum': '0', 'Medium-island': '1', 'Short-island': '2', 'Squeal': '0', 'Typical-entropy': '1', 'Voicing-quality': '3', 'Wide-band': '0', 'Xlong-island': '0', 'seq': '1', 'end': 10288.18, 'start': 10287.22}]",0,0,[],[]
10288260,10289550,NA,SIL,0.0,264,XIC,NA,NA,NA,NA,0.0,0,-46.16,-28.68,[],0,0,[],[]
10289550,10290620,CHI,CHN,0.0,264,XIC,RC,14,TIFI,FH,1.0,940,-20.6,-12.66,"[{'Canonical-syllable': '0', 'Growl': '0', 'High-freq-energy': '0', 'Long-island': '1', 'Low-tilt-spectrum': '0', 'Medium-island': '0', 'Short-island': '0', 'Squeal': '0', 'Typical-entropy': '0', 'Voicing-quality': '1', 'Wide-band': '0', 'Xlong-island': '0', 'seq': '1', 'end': 10290.49, 'start': 10289.71}]",0,0,[],[]
10290620,10291460,NA,SIL,0.0,264,XIC,NA,NA,NA,NA,0.0,0,-51.73,-43.2,[],0,0,[],[]
10291460,10292570,FEM,FAN,7.45,264,XIC,EC,15,TIFR,FI,0.0,0,-29.98,-20.45,[],0,0,[],[]
10292570,10293370,NA,SIL,0.0,265,pause,NA,NA,NA,NA,0.0,0,-56.71,-43.88,[],0,0,[],[]
10293370,10299170,NA,NOF,0.0,265,pause,NA,NA,NA,NA,0.0,0,-26.67,-6.03,[],0,0,[],[]
10299170,10299990,NA,OLN,0.0,265,pause,NA,NA,NA,NA,0.0,0,-35.15,-26.08,[],0,0,[],[]
10299990,10302980,NA,NOF,0.0,265,pause,NA,NA,NA,NA,0.0,0,-29.05,-5.97,[],0,0,[],[]
10302980,10303890,NA,SIL,0.0,265,pause,NA,NA,NA,NA,0.0,0,-53.6,-47.96,[],0,0,[],[]
10303890,10304730,NA,CXF,0.0,265,pause,NA,NA,NA,NA,0.0,0,-42.31,-30.16,[],0,0,[],[]
10304730,10305990,NA,NOF,0.0,265,pause,NA,NA,NA,NA,0.0,0,-41.82,-29.65,[],0,0,[],[]
10305990,10306990,NA,FAF,0.0,265,pause,NA,NA,NA,NA,0.0,0,-38.73,-25.56,[],0,0,[],[]
10306990,10307880,NA,NOF,0.0,265,pause,NA,NA,NA,NA,0.0,0,-51.02,-44.49,[],0,0,[],[]
10307880,10308680,NA,SIL,0.0,265,pause,NA,NA,NA,NA,0.0,0,-54.14,-46.38,[],0,0,[],[]
10308680,10312730,NA,NOF,0.0,265,pause,NA,NA,NA,NA,0.0,0,-38.03,-22.83,[],0,0,[],[]
10312730,10313730,NA,FAF,0.0,265,pause,NA,NA,NA,NA,0.0,0,-45.13,-34.54,[],0,0,[],[]
10313730,10314330,CHI,CHN,0.0,265,pause,NA,NA,NA,NA,0.0,0,-37.36,-29.58,[],0,510,[],"[{'start': 10313.73, 'end': 10314.24}]"
10314330,10316070,NA,NOF,0.0,265,pause,NA,NA,NA,NA,0.0,0,-47.41,-37.27,[],0,0,[],[]
10316070,10316910,NA,CHF,0.0,265,pause,NA,NA,NA,NA,0.0,0,-41.6,-32.87,[],0,840,[],"[{'start': 10316.07, 'end': 10316.91}]"
10316910,10319330,NA,NOF,0.0,265,pause,NA,NA,NA,NA,0.0,0,-45.51,-34.6,[],0,0,[],[]
10319330,10320330,OCH,CXN,0.0,265,XIOCC,BC,0,NT,FI,0.0,0,-31.93,-20.52,[],0,0,[],[]
10320330,10322370,NA,NOF,0.0,265,XIOCC,NA,NA,NA,NA,0.0,0,-45.31,-32.39,[],0,0,[],[]
10322370,10323360,OCH,CXN,0.0,265,XIOCC,RC,0,NT,FH,0.0,0,-38.79,-31.32,[],0,0,[],[]
10323360,10324290,NA,NOF,0.0,265,XIOCC,NA,NA,NA,NA,0.0,0,-47.25,-37.21,[],0,0,[],[]
10324290,10325510,CHI,CHN,0.0,265,XIOCC,EC,0,NT,FI,1.0,1220,-23.47,-7.99,"[{'Canonical-syllable': '0', 'Growl': '2', 'High-freq-energy': '0', 'Long-island': '0', 'Low-tilt-spectrum': '0', 'Medium-island': '2', 'Short-island': '0', 'Squeal': '0', 'Typical-entropy': '1', 'Voicing-quality': '4', 'Wide-band': '0', 'Xlong-island': '0', 'seq': '1', 'end': 10325.51, 'start': 10324.29}]",0,0,[],[]
10325510,10326990,NA,NOF,0.0,266,pause,NA,NA,NA,NA,0.0,0,-41.06,-26.25,[],0,0,[],[]
10326990,10327880,NA,SIL,0.0,266,pause,NA,NA,NA,NA,0.0,0,-44.47,-33.1,[],0,0,[],[]
10327880,10328800,NA,NOF,0.0,266,pause,NA,NA,NA,NA,0.0,0,-40.9,-28.91,[],0,0,[],[]
10328800,10330250,NA,SIL,0.0,266,pause,NA,NA,NA,NA,0.0,0,-54.2,-48.43,[],0,0,[],[]
10330250,10331500,NA,NOF,0.0,266,pause,NA,NA,NA,NA,0.0,0,-27.51,-7.9,[],0,0,[],[]
10331500,10332580,CHI,CHN,0.0,266,CM,EC,0,NT,FI,1.0,920,-15.84,-9.52,"[{'Canonical-syllable': '1', 'Growl': '0', 'High-freq-energy': '0', 'Long-island': '1', 'Low-tilt-spectrum': '0', 'Medium-island': '0', 'Short-island': '1', 'Squeal': '0', 'Typical-entropy': '0', 'Voicing-quality': '2', 'Wide-band': '0', 'Xlong-island': '0', 'seq': '1', 'end': 10332.42, 'start': 10331.5}]",0,0,[],[]
10332580,10333440,NA,SIL,0.0,267,pause,NA,NA,NA,NA,0.0,0,-51.51,-43.5,[],0,0,[],[]
10333440,10334240,NA,NOF,0.0,267,pause,NA,NA,NA,NA,0.0,0,-44.13,-34.85,[],0,0,[],[]
10334240,10335040,NA,SIL,0.0,267,pause,NA,NA,NA,NA,0.0,0,-52.63,-46.32,[],0,0,[],[]
10335040,10336060,NA,OLF,0.0,267,pause,NA,NA,NA,NA,0.0,0,-40.54,-29.87,[],0,0,[],[]
10336060,10337010,NA,SIL,0.0,267,pause,NA,NA,NA,NA,0.0,0,-48.35,-37.73,[],0,0,[],[]
10337010,10337970,NA,OLF,0.0,267,pause,NA,NA,NA,NA,0.0,0,-36.93,-21.1,[],0,0,[],[]
10337970,10338770,NA,SIL,0.0,267,pause,NA,NA,NA,NA,0.0,0,-43.38,-32.65,[],0,0,[],[]
10338770,10341020,NA,NOF,0.0,267,pause,NA,NA,NA,NA,0.0,0,-38.17,-23.98,[],0,0,[],[]
10341020,10341830,NA,SIL,0.0,267,pause,NA,NA,NA,NA,0.0,0,-54.59,-48.69,[],0,0,[],[]
10341830,10342750,NA,NOF,0.0,267,pause,NA,NA,NA,NA,0.0,0,-45.2,-34.8,[],0,0,[],[]
10342750,10343610,FEM,FAN,0.0,267,pause,NA,NA,NA,NA,0.0,0,-36.03,-25.28,[],860,0,[],[]
10343610,10345900,NA,NOF,0.0,267,pause,NA,NA,NA,NA,0.0,0,-26.06,-4.44,[],0,0,[],[]
10345900,10346960,OCH,CXN,0.0,267,XM,BC,0,NT,FI,0.0,0,-30.14,-22.71,[],0,0,[],[]
10346960,10347690,NA,CHF,0.0,267,XM,NA,NA,NA,NA,0.0,0,-43.51,-37.16,[],0,730,[],"[{'start': 10346.96, 'end': 10347.69}]"
10347690,10348620,OCH,CXN,0.0,267,XM,EC,0,NT,FH,0.0,0,-32.56,-24.78,[],0,0,[],[]
10348620,10349690,NA,SIL,0.0,268,pause,NA,NA,NA,NA,0.0,0,-56.01,-43.9,[],0,0,[],[]
10349690,10352620,NA,NOF,0.0,268,pause,NA,NA,NA,NA,0.0,0,-48.33,-32.59,[],0,0,[],[]
10352620,10353420,NA,SIL,0.0,268,pause,NA,NA,NA,NA,0.0,0,-54.01,-46.71,[],0,0,[],[]
10353420,10355490,NA,NOF,0.0,268,pause,NA,NA,NA,NA,0.0,0,-46.5,-33.83,[],0,0,[],[]
10355490,10356310,NA,SIL,0.0,268,pause,NA,NA,NA,NA,0.0,0,-57.17,-51.92,[],0,0,[],[]
10356310,10357480,NA,NOF,0.0,268,pause,NA,NA,NA,NA,0.0,0,-48.5,-38.47,[],0,0,[],[]
10357480,10358770,NA,CXF,0.0,268,pause,NA,NA,NA,NA,0.0,0,-42.03,-32.59,[],0,0,[],[]
10358770,10360750,NA,NOF,0.0,268,pause,NA,NA,NA,NA,0.0,0,-40.04,-22.08,[],0,0,[],[]
10360750,10363360,NA,SIL,0.0,268,pause,NA,NA,NA,NA,0.0,0,-53.5,-44.56,[],0,0,[],[]
10363360,10364780,NA,NOF,0.0,268,pause,NA,NA,NA,NA,0.0,0,-50.68,-35.38,[],0,0,[],[]
10364780,10365950,NA,SIL,0.0,268,pause,NA,NA,NA,NA,0.0,0,-56.51,-49.69,[],0,0,[],[]
10365950,10366950,NA,FAF,0.0,268,pause,NA,NA,NA,NA,0.0,0,-36.69,-23.82,[],0,0,[],[]
10366950,10368790,NA,NOF,0.0,268,pause,NA,NA,NA,NA,0.0,0,-35.57,-22.15,[],0,0,[],[]
10368790,10369390,NA,CHF,0.0,268,pause,NA,NA,NA,NA,0.0,0,-40.29,-34.15,[],0,450,[],"[{'start': 10368.79, 'end': 10369.24}]"
10369390,10370200,NA,NOF,0.0,268,pause,NA,NA,NA,NA,0.0,0,-43.96,-34.91,[],0,0,[],[]
10370200,10370840,NA,CHF,0.0,268,pause,NA,NA,NA,NA,0.0,0,-38.16,-28.37,[],0,640,[],"[{'start': 10370.2, 'end': 10370.84}]"
10370840,10372050,NA,NOF,0.0,268,pause,NA,NA,NA,NA,0.0,0,-48.9,-40.77,[],0,0,[],[]
10372050,10372860,NA,FAF,0.0,268,pause,NA,NA,NA,NA,0.0,0,-38.09,-28.65,[],0,0,[],[]
10372860,10374300,NA,NOF,0.0,268,pause,NA,NA,NA,NA,0.0,0,-45.32,-36.65,[],0,0,[],[]
10374300,10375160,NA,CXF,0.0,268,pause,NA,NA,NA,NA,0.0,0,-41.96,-35.39,[],0,0,[],[]
10375160,10376530,NA,NOF,0.0,268,pause,NA,NA,NA,NA,0.0,0,-48.47,-38.52,[],0,0,[],[]
10376530,10377330,NA,CXF,0.0,268,pause,NA,NA,NA,NA,0.0,0,-38.99,-29.24,[],0,0,[],[]
10377330,10378820,NA,FAF,0.0,268,pause,NA,NA,NA,NA,0.0,0,-40.99,-26.34,[],0,0,[],[]
10378820,10380560,NA,SIL,0.0,268,pause,NA,NA,NA,NA,0.0,0,-51.39,-35.51,[],0,0,[],[]
10380560,10382070,OCH,CXN,0.0,268,XM,BC,0,NT,FI,0.0,0,-22.57,-12.28,[],0,0,[],[]
10382070,10385320,NA,NOF,0.0,268,XM,NA,NA,NA,NA,0.0,0,-43.14,-34.03,[],0,0,[],[]
10385320,10386130,OCH,CXN,0.0,268,XM,RC,0,NT,FH,0.0,0,-23.34,-17.49,[],0,0,[],[]
10386130,10386940,NA,SIL,0.0,268,XM,NA,NA,NA,NA,0.0,0,-45.51,-34.45,[],0,0,[],[]
10386940,10387750,OCH,CXN,0.0,268,XM,RC,0,NT,FH,0.0,0,-20.27,-13.32,[],0,0,[],[]
10387750,10390090,OCH,CXN,0.0,268,XM,RC,0,NT,FH,0.0,0,-21.12,-13.27,[],0,0,[],[]
10390090,10392310,NA,NOF,0.0,268,XM,NA,NA,NA,NA,0.0,0,-43.55,-28.2,[],0,0,[],[]
10392310,10393500,OCH,CXN,0.0,268,XM,RC,0,NT,FH,0.0,0,-26.27,-13.74,[],0,0,[],[]
10393500,10395220,NA,OLN,0.0,268,XM,NA,NA,NA,NA,0.0,0,-17.83,-2.99,[],0,0,[],[]
10395220,10398220,NA,NOF,0.0,268,XM,NA,NA,NA,NA,0.0,0,-36.08,-14.54,[],0,0,[],[]
10398220,10398870,OCH,CXN,0.0,268,XM,EC,0,NT,FH,0.0,0,-26.79,-15.97,[],0,0,[],[]
10398870,10403940,NA,NOF,0.0,269,pause,NA,NA,NA,NA,0.0,0,-42.08,-26.23,[],0,0,[],[]
10403940,10404540,CHI,CHN,0.0,269,CM,BC,0,NT,FI,1.0,500,-19.14,-12.02,"[{'Canonical-syllable': '0', 'Growl': '0', 'High-freq-energy': '0', 'Long-island': '0', 'Low-tilt-spectrum': '0', 'Medium-island': '1', 'Short-island': '0', 'Squeal': '0', 'Typical-entropy': '1', 'Voicing-quality': '1', 'Wide-band': '0', 'Xlong-island': '0', 'seq': '1', 'end': 10404.44, 'start': 10404.12}]",0,0,[],[]
10404540,10406770,NA,NOF,0.0,269,CM,NA,NA,NA,NA,0.0,0,-34.37,-16.99,[],0,0,[],[]
10406770,10408880,NA,OLF,0.0,269,CM,NA,NA,NA,NA,0.0,0,-27.59,-13.5,[],0,0,[],[]
10408880,10409600,CHI,CHN,0.0,269,CM,RC,0,NT,FH,1.0,570,-24.69,-12.95,"[{'Canonical-syllable': '0', 'Growl': '2', 'High-freq-energy': '0', 'Long-island': '0', 'Low-tilt-spectrum': '2', 'Medium-island': '1', 'Short-island': '0', 'Squeal': '0', 'Typical-entropy': '2', 'Voicing-quality': '2', 'Wide-band': '0', 'Xlong-island': '0', 'seq': '1', 'end': 10409.45, 'start': 10408.88}]",0,0,[],[]
10409600,10410960,NA,NOF,0.0,269,CM,NA,NA,NA,NA,0.0,0,-35.49,-19.79,[],0,0,[],[]
10410960,10411560,CHI,CHN,0.0,269,CM,EC,0,NT,FH,1.0,520,-17.68,-10.0,"[{'Canonical-syllable': '0', 'Growl': '1', 'High-freq-energy': '1', 'Long-island': '0', 'Low-tilt-spectrum': '1', 'Medium-island': '1', 'Short-island': '0', 'Squeal': '0', 'Typical-entropy': '1', 'Voicing-quality': '1', 'Wide-band': '0', 'Xlong-island': '0', 'seq': '1', 'end': 10411.48, 'start': 10410.96}]",0,0,[],[]
10411560,10412920,NA,NOF,0.0,270,pause,NA,NA,NA,NA,0.0,0,-26.28,-8.7,[],0,0,[],[]
10412920,10414220,NA,OLN,0.0,270,pause,NA,NA,NA,NA,0.0,0,-17.84,-7.43,[],0,0,[],[]
10414220,10416390,NA,NOF,0.0,270,pause,NA,NA,NA,NA,0.0,0,-22.62,-5.47,[],0,0,[],[]
10416390,10417440,NA,SIL,0.0,270,pause,NA,NA,NA,NA,0.0,0,-54.45,-49.11,[],0,0,[],[]
10417440,10418380,NA,CHF,0.0,270,CM,EC,0,NT,FI,1.0,480,-38.62,-27.55,"[{'Canonical-syllable': '0', 'Growl': '0', 'High-freq-energy': '0', 'Long-island': '0', 'Low-tilt-spectrum': '1', 'Medium-island': '1', 'Short-island': '0', 'Squeal': '0', 'Typical-entropy': '0', 'Voicing-quality': '1', 'Wide-band': '0', 'Xlong-island': '0', 'seq': '1', 'end': 10418.38, 'start': 10417.9}]",0,0,[],[]
10418380,10424890,NA,NOF,0.0,271,pause,NA,NA,NA,NA,0.0,0,-36.33,-17.63,[],0,0,[],[]
10424890,10425490,CHI,CHN,0.0,271,pause,NA,NA,NA,NA,0.0,0,-22.59,-14.95,[],0,270,[],"[{'start': 10425.22, 'end': 10425.49}]"
10425490,10428690,NA,NOF,0.0,271,pause,NA,NA,NA,NA,0.0,0,-29.9,-8.73,[],0,0,[],[]
10428690,10431080,OCH,CXN,0.0,271,XM,EC,0,NT,FI,0.0,0,-18.04,-9.08,[],0,0,[],[]
10431080,10431960,NA,SIL,0.0,272,pause,NA,NA,NA,NA,0.0,0,-49.94,-38.77,[],0,0,[],[]
10431960,10440940,NA,NOF,0.0,272,pause,NA,NA,NA,NA,0.0,0,-38.55,-20.39,[],0,0,[],[]
10440940,10442620,NA,SIL,0.0,272,pause,NA,NA,NA,NA,0.0,0,-56.75,-48.16,[],0,0,[],[]
10442620,10443420,NA,NOF,0.0,272,pause,NA,NA,NA,NA,0.0,0,-49.01,-37.89,[],0,0,[],[]
10443420,10444440,NA,SIL,0.0,272,pause,NA,NA,NA,NA,0.0,0,-56.5,-51.04,[],0,0,[],[]
10444440,10446010,NA,NOF,0.0,272,pause,NA,NA,NA,NA,0.0,0,-47.66,-36.37,[],0,0,[],[]
10446010,10446950,NA,SIL,0.0,272,pause,NA,NA,NA,NA,0.0,0,-57.07,-51.52,[],0,0,[],[]
10446950,10448170,NA,FAF,0.0,272,pause,NA,NA,NA,NA,0.0,0,-38.42,-30.45,[],0,0,[],[]
10448170,10449000,NA,SIL,0.0,272,pause,NA,NA,NA,NA,0.0,0,-53.73,-46.94,[],0,0,[],[]
10449000,10449620,NA,FAF,0.0,272,pause,NA,NA,NA,NA,0.0,0,-41.28,-32.82,[],0,0,[],[]
10449620,10452550,NA,NOF,0.0,272,pause,NA,NA,NA,NA,0.0,0,-39.8,-26.82,[],0,0,[],[]
10452550,10453720,NA,OLN,0.0,272,pause,NA,NA,NA,NA,0.0,0,-23.56,-9.28,[],0,0,[],[]
10453720,10454330,CHI,CHN,0.0,272,pause,NA,NA,NA,NA,0.0,0,-20.8,-7.8,[],0,440,[],"[{'start': 10453.72, 'end': 10454.16}]"
10454330,10455700,NA,NON,0.0,272,pause,NA,NA,NA,NA,0.0,0,-29.83,-19.57,[],0,0,[],[]
10455700,10456690,NA,OLN,0.0,272,pause,NA,NA,NA,NA,0.0,0,-24.03,-11.11,[],0,0,[],[]
10456690,10459290,NA,NOF,0.0,272,pause,NA,NA,NA,NA,0.0,0,-29.17,-15.94,[],0,0,[],[]
10459290,10460340,NA,OLN,0.0,272,pause,NA,NA,NA,NA,0.0,0,-26.44,-17.05,[],0,0,[],[]
10460340,10463550,NA,NOF,0.0,272,pause,NA,NA,NA,NA,0.0,0,-24.07,-7.4,[],0,0,[],[]
10463550,10464670,NA,OLN,0.0,272,pause,NA,NA,NA,NA,0.0,0,-25.19,-13.27,[],0,0,[],[]
10464670,10465610,NA,NOF,0.0,272,pause,NA,NA,NA,NA,0.0,0,-24.78,-7.55,[],0,0,[],[]
10465610,10466610,NA,FAF,0.0,272,pause,NA,NA,NA,NA,0.0,0,-43.07,-33.9,[],0,0,[],[]
10466610,10467450,NA,NOF,0.0,272,pause,NA,NA,NA,NA,0.0,0,-37.85,-28.17,[],0,0,[],[]
10467450,10468260,NA,SIL,0.0,272,pause,NA,NA,NA,NA,0.0,0,-53.26,-45.31,[],0,0,[],[]
10468260,10469260,NA,FAF,0.0,272,pause,NA,NA,NA,NA,0.0,0,-34.63,-22.84,[],0,0,[],[]
10469260,10476400,NA,NOF,0.0,272,pause,NA,NA,NA,NA,0.0,0,-37.76,-18.07,[],0,0,[],[]
10476400,10477600,OCH,CXN,0.0,272,XIC,BC,0,NT,FI,0.0,0,-22.32,-15.8,[],0,0,[],[]
10477600,10478200,NA,CHF,0.0,272,XIC,NA,NA,NA,NA,0.0,0,-45.15,-37.18,[],0,600,[],"[{'start': 10477.6, 'end': 10478.2}]"
10478200,10479200,FEM,FAN,3.25,272,XIC,RC,0,NT,FI,0.0,0,-42.14,-31.43,[],0,0,[],[]
10479200,10480030,OCH,CXN,0.0,272,XIC,RC,0,NT,FI,0.0,0,-39.9,-33.21,[],0,0,[],[]
10480030,10481180,FEM,FAN,5.05,272,XIC,RC,0,NT,FI,0.0,0,-41.76,-34.79,[],0,0,[],[]
10481180,10482520,NA,FAF,0.0,272,XIC,NA,NA,NA,NA,0.0,0,-48.14,-38.99,[],0,0,[],[]
10482520,10483120,NA,CHF,0.0,272,XIC,NA,NA,NA,NA,0.0,0,-28.0,-14.04,[],0,600,[],"[{'start': 10482.52, 'end': 10483.12}]"
10483120,10485370,NA,NON,0.0,272,XIC,NA,NA,NA,NA,0.0,0,-25.02,-8.0,[],0,0,[],[]
10485370,10486370,FEM,FAN,6.21,272,XIC,RC,0,TIFI,FH,0.0,0,-34.65,-23.97,[],0,0,[],[]
10486370,10487260,NA,CHF,0.0,272,XIC,NA,NA,NA,NA,0.0,0,-35.02,-26.15,[],0,890,"[{'start': 10486.37, 'end': 10487.11}]","[{'start': 10487.11, 'end': 10487.26}]"
10487260,10488160,NA,OLN,0.0,272,XIC,NA,NA,NA,NA,0.0,0,-36.11,-30.01,[],0,0,[],[]
10488160,10490530,NA,NOF,0.0,272,XIC,NA,NA,NA,NA,0.0,0,-31.29,-13.68,[],0,0,[],[]
10490530,10491310,CHI,CHN,0.0,272,XIC,RC,1,TIFR,FI,1.0,250,-23.87,-13.43,"[{'Canonical-syllable': '1', 'Growl': '0', 'High-freq-energy': '0', 'Long-island': '0', 'Low-tilt-spectrum': '1', 'Medium-island': '0', 'Short-island': '1', 'Squeal': '0', 'Typical-entropy': '1', 'Voicing-quality': '1', 'Wide-band': '0', 'Xlong-island': '0', 'seq': '1', 'end': 10490.78, 'start': 10490.53}]",0,0,[],[]
10491310,10493990,NA,NOF,0.0,272,XIC,NA,NA,NA,NA,0.0,0,-31.8,-9.34,[],0,0,[],[]
10493990,10494590,CHI,CHN,0.0,272,XIC,RC,1,NT,FH,1.0,600,-29.69,-22.42,"[{'Canonical-syllable': '0', 'Growl': '0', 'High-freq-energy': '1', 'Long-island': '0', 'Low-tilt-spectrum': '1', 'Medium-island': '1', 'Short-island': '0', 'Squeal': '1', 'Typical-entropy': '1', 'Voicing-quality': '1', 'Wide-band': '0', 'Xlong-island': '0', 'seq': '1', 'end': 10494.59, 'start': 10493.99}]",0,0,[],[]
10494590,10498790,NA,NOF,0.0,272,XIC,NA,NA,NA,NA,0.0,0,-36.67,-20.32,[],0,0,[],[]
10498790,10500890,OCH,CXN,0.0,272,XIC,RC,1,NT,FI,0.0,0,-16.9,-8.64,[],0,0,[],[]
10500890,10501490,CHI,CHN,0.0,272,XIC,NA,NA,NA,NA,0.0,0,-18.46,-13.15,[],0,460,"[{'start': 10500.89, 'end': 10501.35}]",[]
10501490,10502290,NA,SIL,0.0,272,XIC,NA,NA,NA,NA,0.0,0,-51.62,-43.76,[],0,0,[],[]
10502290,10503290,NA,MAF,0.0,272,XIC,NA,NA,NA,NA,0.0,0,-42.72,-36.02,[],0,0,[],[]
10503290,10504310,NA,NOF,0.0,272,XIC,NA,NA,NA,NA,0.0,0,-50.09,-45.01,[],0,0,[],[]
10504310,10504910,FEM,FAN,0.46,272,XIC,RC,1,NT,FI,0.0,0,-27.8,-20.78,[],0,0,[],[]
10504910,10506630,NA,NOF,0.0,272,XIC,NA,NA,NA,NA,0.0,0,-42.16,-27.27,[],0,0,[],[]
10506630,10507550,OCH,CXN,0.0,272,XIC,RC,1,NT,FI,0.0,0,-19.15,-11.1,[],0,0,[],[]
10507550,10508520,NA,OLF,0.0,272,XIC,NA,NA,NA,NA,0.0,0,-40.35,-30.29,[],0,0,[],[]
10508520,10509130,CHI,CHN,0.0,272,XIC,RC,1,NT,FI,1.0,610,-21.26,-14.65,"[{'Canonical-syllable': '0', 'Growl': '0', 'High-freq-energy': '0', 'Long-island': '0', 'Low-tilt-spectrum': '0', 'Medium-island': '1', 'Short-island': '0', 'Squeal': '0', 'Typical-entropy': '1', 'Voicing-quality': '1', 'Wide-band': '0', 'Xlong-island': '0', 'seq': '1', 'end': 10509.13, 'start': 10508.73}]",0,0,[],[]
10509130,10509930,OCH,CXN,0.0,272,XIC,RC,1,NT,FI,0.0,0,-19.78,-10.32,[],0,0,[],[]
10509930,10510960,OCH,CXN,0.0,272,XIC,RC,1,NT,FH,0.0,0,-23.73,-17.7,[],0,0,[],[]
10510960,10511960,NA,MAF,0.0,272,XIC,NA,NA,NA,NA,0.0,0,-41.6,-33.47,[],0,0,[],[]
10511960,10513560,NA,NOF,0.0,272,XIC,NA,NA,NA,NA,0.0,0,-41.78,-32.74,[],0,0,[],[]
10513560,10514500,CHI,CHN,0.0,272,XIC,RC,1,NT,FI,1.0,940,-16.89,-7.21,"[{'Canonical-syllable': '1', 'Growl': '0', 'High-freq-energy': '0', 'Long-island': '0', 'Low-tilt-spectrum': '2', 'Medium-island': '1', 'Short-island': '1', 'Squeal': '0', 'Typical-entropy': '2', 'Voicing-quality': '3', 'Wide-band': '0', 'Xlong-island': '0', 'seq': '1', 'end': 10514.5, 'start': 10513.56}]",0,0,[],[]
10514500,10515300,NA,OLN,0.0,272,XIC,NA,NA,NA,NA,0.0,0,-28.94,-15.12,[],0,0,[],[]
10515300,10519340,NA,NOF,0.0,272,XIC,NA,NA,NA,NA,0.0,0,-39.86,-26.98,[],0,0,[],[]
10519340,10519940,CHI,CHN,0.0,272,XIC,RC,1,NT,FH,1.0,410,-24.36,-14.7,"[{'Canonical-syllable': '0', 'Growl': '0', 'High-freq-energy': '0', 'Long-island': '0', 'Low-tilt-spectrum': '0', 'Medium-island': '1', 'Short-island': '0', 'Squeal': '0', 'Typical-entropy': '1', 'Voicing-quality': '1', 'Wide-band': '0', 'Xlong-island': '0', 'seq': '1', 'end': 10519.75, 'start': 10519.34}]",0,0,[],[]
10519940,10522070,NA,NOF,0.0,272,XIC,NA,NA,NA,NA,0.0,0,-32.46,-18.35,[],0,0,[],[]
10522070,10522670,CHI,CHN,0.0,272,XIC,NA,NA,NA,NA,0.0,0,-17.76,-8.76,[],0,300,"[{'start': 10522.26, 'end': 10522.56}]",[]
10522670,10524150,NA,NON,0.0,272,XIC,NA,NA,NA,NA,0.0,0,-33.39,-20.6,[],0,0,[],[]
10524150,10524800,CHI,CHN,0.0,272,XIC,RC,1,NT,FH,1.0,650,-14.99,-6.87,"[{'Canonical-syllable': '0', 'Growl': '0', 'High-freq-energy': '0', 'Long-island': '0', 'Low-tilt-spectrum': '1', 'Medium-island': '1', 'Short-island': '0', 'Squeal': '0', 'Typical-entropy': '1', 'Voicing-quality': '1', 'Wide-band': '0', 'Xlong-island': '0', 'seq': '1', 'end': 10524.8, 'start': 10524.15}]",0,0,[],[]
10524800,10525680,OCH,CXN,0.0,272,XIC,RC,1,NT,FI,0.0,0,-15.82,-4.3,[],0,0,[],[]
10525680,10526490,CHI,CHN,0.0,272,XIC,RC,1,NT,FI,1.0,680,-14.7,-4.76,"[{'Canonical-syllable': '0', 'Growl': '0', 'High-freq-energy': '0', 'Long-island': '0', 'Low-tilt-spectrum': '1', 'Medium-island': '1', 'Short-island': '0', 'Squeal': '0', 'Typical-entropy': '1', 'Voicing-quality': '1', 'Wide-band': '0', 'Xlong-island': '0', 'seq': '1', 'end': 10526.36, 'start': 10525.82}]",0,0,[],[]
10526490,10527590,NA,SIL,0.0,272,XIC,NA,NA,NA,NA,0.0,0,-46.7,-42.77,[],0,0,[],[]
10527590,10529280,CHI,CHN,0.0,272,XIC,RC,1,NT,FH,1.0,1360,-15.62,-11.47,"[{'Canonical-syllable': '0', 'Growl': '0', 'High-freq-energy': '0', 'Long-island': '0', 'Low-tilt-spectrum': '1', 'Medium-island': '0', 'Short-island': '0', 'Squeal': '0', 'Typical-entropy': '0', 'Voicing-quality': '1', 'Wide-band': '0', 'Xlong-island': '1', 'seq': '1', 'end': 10528.95, 'start': 10527.59}]",0,0,[],[]
10529280,10531280,NA,SIL,0.0,272,XIC,NA,NA,NA,NA,0.0,0,-49.47,-43.31,[],0,0,[],[]
10531280,10532190,NA,NOF,0.0,272,XIC,NA,NA,NA,NA,0.0,0,-46.96,-41.81,[],0,0,[],[]
10532190,10532790,CHI,CHN,0.0,272,XIC,RC,1,NT,FH,1.0,600,-17.7,-11.59,"[{'Canonical-syllable': '0', 'Growl': '0', 'High-freq-energy': '0', 'Long-island': '0', 'Low-tilt-spectrum': '1', 'Medium-island': '1', 'Short-island': '0', 'Squeal': '0', 'Typical-entropy': '0', 'Voicing-quality': '1', 'Wide-band': '0', 'Xlong-island': '0', 'seq': '1', 'end': 10532.79, 'start': 10532.48}]",0,0,[],[]
10532790,10534480,OCH,CXN,0.0,272,XIC,RC,1,NT,FI,0.0,0,-17.13,-10.19,[],0,0,[],[]
10534480,10536180,CHI,CHN,0.0,272,XIC,EC,1,NT,FI,2.0,1120,-18.15,-12.1,"[{'Canonical-syllable': '0', 'Growl': '0', 'High-freq-energy': '0', 'Long-island': '0', 'Low-tilt-spectrum': '1', 'Medium-island': '0', 'Short-island': '1', 'Squeal': '0', 'Typical-entropy': '1', 'Voicing-quality': '1', 'Wide-band': '0', 'Xlong-island': '0', 'seq': '1', 'end': 10534.71, 'start': 10534.48}, {'Canonical-syllable': '0', 'Growl': '0', 'High-freq-energy': '0', 'Long-island': '1', 'Low-tilt-spectrum': '1', 'Medium-island': '0', 'Short-island': '0', 'Squeal': '0', 'Typical-entropy': '0', 'Voicing-quality': '1', 'Wide-band': '0', 'Xlong-island': '0', 'seq': '2', 'end': 10536.01, 'start': 10535.12}]",0,0,[],[]
10536180,10537570,NA,SIL,0.0,273,pause,NA,NA,NA,NA,0.0,0,-53.93,-48.61,[],0,0,[],[]
10537570,10538950,NA,FAF,0.0,273,pause,NA,NA,NA,NA,0.0,0,-39.64,-26.77,[],0,0,[],[]
10538950,10541860,NA,SIL,0.0,273,pause,NA,NA,NA,NA,0.0,0,-50.5,-44.09,[],0,0,[],[]
10541860,10542960,NA,NOF,0.0,273,pause,NA,NA,NA,NA,0.0,0,-20.94,-4.12,[],0,0,[],[]
10542960,10543670,FEM,FAN,2.65,273,AIOCCXF,BC,0,NT,FI,0.0,0,-30.6,-21.16,[],0,0,[],[]
10543670,10547220,NA,NOF,0.0,273,AIOCCXF,NA,NA,NA,NA,0.0,0,-30.18,-16.1,[],0,0,[],[]
10547220,10548410,OCH,CXN,0.0,273,AIOCCXF,RC,0,NT,FI,0.0,0,-21.6,-13.92,[],0,0,[],[]
10548410,10549220,OCH,CXN,0.0,273,AIOCCXF,RC,0,NT,FH,0.0,0,-16.77,-10.03,[],0,0,[],[]
10549220,10550230,OCH,CXN,0.0,273,AIOCCXF,RC,0,NT,FH,0.0,0,-18.63,-11.33,[],0,0,[],[]
10550230,10552150,NA,NOF,0.0,273,AIOCCXF,NA,NA,NA,NA,0.0,0,-37.02,-18.86,[],0,0,[],[]
10552150,10553150,CHI,CHN,0.0,273,AIOCCXF,RC,0,NT,FI,1.0,1000,-19.82,-9.72,"[{'Canonical-syllable': '1', 'Growl': '0', 'High-freq-energy': '0', 'Long-island': '0', 'Low-tilt-spectrum': '0', 'Medium-island': '1', 'Short-island': '1', 'Squeal': '0', 'Typical-entropy': '2', 'Voicing-quality': '4', 'Wide-band': '0', 'Xlong-island': '0', 'seq': '1', 'end': 10553.15, 'start': 10552.15}]",0,0,[],[]
10553150,10554000,OCH,CXN,0.0,273,AIOCCXF,RC,0,NT,FI,0.0,0,-21.02,-12.68,[],0,0,[],[]
10554000,10554800,NA,FAF,0.0,273,AIOCCXF,NA,NA,NA,NA,0.0,0,-53.54,-48.02,[],0,0,[],[]
10554800,10555810,NA,MAF,0.0,273,AIOCCXF,NA,NA,NA,NA,0.0,0,-39.4,-27.75,[],0,0,[],[]
10555810,10556720,CHI,CHN,0.0,273,AIOCCXF,NA,NA,NA,NA,0.0,0,-18.39,-8.34,[],0,790,"[{'start': 10555.81, 'end': 10556.6}]",[]
10556720,10557610,NA,NOF,0.0,273,AIOCCXF,NA,NA,NA,NA,0.0,0,-48.03,-40.55,[],0,0,[],[]
10557610,10558430,CHI,CHN,0.0,273,AIOCCXF,RC,0,NT,FI,1.0,630,-15.66,-9.15,"[{'Canonical-syllable': '0', 'Growl': '0', 'High-freq-energy': '0', 'Long-island': '0', 'Low-tilt-spectrum': '0', 'Medium-island': '1', 'Short-island': '0', 'Squeal': '0', 'Typical-entropy': '1', 'Voicing-quality': '1', 'Wide-band': '0', 'Xlong-island': '0', 'seq': '1', 'end': 10558.24, 'start': 10557.61}]",0,0,[],[]
10558430,10559650,NA,NOF,0.0,273,AIOCCXF,NA,NA,NA,NA,0.0,0,-45.47,-36.25,[],0,0,[],[]
10559650,10560540,CHI,CHN,0.0,273,AIOCCXF,RC,0,NT,FH,1.0,890,-14.02,-7.64,"[{'Canonical-syllable': '0', 'Growl': '0', 'High-freq-energy': '0', 'Long-island': '0', 'Low-tilt-spectrum': '1', 'Medium-island': '1', 'Short-island': '1', 'Squeal': '0', 'Typical-entropy': '1', 'Voicing-quality': '2', 'Wide-band': '0', 'Xlong-island': '0', 'seq': '1', 'end': 10560.54, 'start': 10559.65}]",0,0,[],[]
10560540,10561350,NA,OLN,0.0,273,AIOCCXF,NA,NA,NA,NA,0.0,0,-30.54,-17.79,[],0,0,[],[]
10561350,10562190,NA,FAF,0.0,273,AIOCCXF,NA,NA,NA,NA,0.0,0,-49.24,-41.29,[],0,0,[],[]
10562190,10562790,OCH,CXN,0.0,273,AIOCCXF,RC,0,NT,FI,0.0,0,-33.49,-23.8,[],0,0,[],[]
10562790,10563790,NA,NOF,0.0,273,AIOCCXF,NA,NA,NA,NA,0.0,0,-42.22,-34.57,[],0,0,[],[]
10563790,10564790,OCH,CXN,0.0,273,AIOCCXF,RC,0,NT,FH,0.0,0,-26.68,-18.44,[],0,0,[],[]
10564790,10565590,NA,OLF,0.0,273,AIOCCXF,NA,NA,NA,NA,0.0,0,-33.99,-16.16,[],0,0,[],[]
10565590,10567400,NA,NOF,0.0,273,AIOCCXF,NA,NA,NA,NA,0.0,0,-44.71,-34.55,[],0,0,[],[]
10567400,10568410,NA,SIL,0.0,273,AIOCCXF,NA,NA,NA,NA,0.0,0,-46.46,-31.39,[],0,0,[],[]
10568410,10569200,FEM,FAN,3.87,273,AIOCCXF,EC,0,NT,FI,0.0,0,-32.72,-20.42,[],0,0,[],[]
10569200,10570220,NA,MAF,0.0,274,pause,NA,NA,NA,NA,0.0,0,-42.13,-24.78,[],0,0,[],[]
10570220,10571020,NA,SIL,0.0,274,pause,NA,NA,NA,NA,0.0,0,-48.82,-33.77,[],0,0,[],[]
10571020,10578250,NA,NOF,0.0,274,pause,NA,NA,NA,NA,0.0,0,-33.63,-13.18,[],0,0,[],[]
10578250,10579050,OCH,CXN,0.0,274,XIC,BC,0,NT,FI,0.0,0,-24.99,-11.24,[],0,0,[],[]
10579050,10580100,NA,NON,0.0,274,XIC,NA,NA,NA,NA,0.0,0,-35.51,-23.01,[],0,0,[],[]
10580100,10580900,NA,MAF,0.0,274,XIC,NA,NA,NA,NA,0.0,0,-41.67,-35.07,[],0,0,[],[]
10580900,10581700,OCH,CXN,0.0,274,XIC,RC,0,NT,FH,0.0,0,-22.32,-14.78,[],0,0,[],[]
10581700,10583130,NA,NOF,0.0,274,XIC,NA,NA,NA,NA,0.0,0,-39.21,-30.63,[],0,0,[],[]
10583130,10584210,FEM,FAN,3.93,274,XIC,RC,0,TIFI,FI,0.0,0,-23.37,-5.06,[],0,0,[],[]
10584210,10585990,NA,NOF,0.0,274,XIC,NA,NA,NA,NA,0.0,0,-36.32,-23.74,[],0,0,[],[]
10585990,10586750,CHI,CHN,0.0,274,XIC,EC,1,TIFR,FI,1.0,760,-29.18,-20.74,"[{'Canonical-syllable': '0', 'Growl': '2', 'High-freq-energy': '1', 'Long-island': '0', 'Low-tilt-spectrum': '2', 'Medium-island': '1', 'Short-island': '1', 'Squeal': '0', 'Typical-entropy': '2', 'Voicing-quality': '1', 'Wide-band': '0', 'Xlong-island': '0', 'seq': '1', 'end': 10586.75, 'start': 10585.99}]",0,0,[],[]
10586750,10588810,NA,NOF,0.0,275,pause,NA,NA,NA,NA,0.0,0,-39.36,-30.74,[],0,0,[],[]
10588810,10589710,NA,OLF,0.0,275,pause,NA,NA,NA,NA,0.0,0,-30.09,-21.25,[],0,0,[],[]
10589710,10591810,NA,NON,0.0,275,pause,NA,NA,NA,NA,0.0,0,-31.75,-15.13,[],0,0,[],[]
10591810,10592450,CHI,CHN,0.0,275,CM,EC,0,NT,FI,1.0,480,-29.97,-21.66,"[{'Canonical-syllable': '0', 'Growl': '0', 'High-freq-energy': '0', 'Long-island': '0', 'Low-tilt-spectrum': '1', 'Medium-island': '1', 'Short-island': '0', 'Squeal': '0', 'Typical-entropy': '1', 'Voicing-quality': '1', 'Wide-band': '0', 'Xlong-island': '0', 'seq': '1', 'end': 10592.29, 'start': 10591.81}]",0,0,[],[]
10592450,10593800,NA,NOF,0.0,276,pause,NA,NA,NA,NA,0.0,0,-27.49,-14.4,[],0,0,[],[]
10593800,10595930,NA,OLN,0.0,276,pause,NA,NA,NA,NA,0.0,0,-20.64,-5.7,[],0,0,[],[]
10595930,10596940,NA,NOF,0.0,276,pause,NA,NA,NA,NA,0.0,0,-22.68,-12.57,[],0,0,[],[]
10596940,10600190,NA,OLN,0.0,276,pause,NA,NA,NA,NA,0.0,0,-20.28,-6.33,[],0,0,[],[]
10600190,10601370,NA,NOF,0.0,276,pause,NA,NA,NA,NA,0.0,0,-13.51,-3.51,[],0,0,[],[]
10601370,10609550,NA,OLN,0.0,276,pause,NA,NA,NA,NA,0.0,0,-18.01,-3.33,[],0,0,[],[]
10609550,10610350,NA,NOF,0.0,276,pause,NA,NA,NA,NA,0.0,0,-36.74,-24.06,[],0,0,[],[]
10610350,10611760,NA,OLN,0.0,276,pause,NA,NA,NA,NA,0.0,0,-17.88,-5.06,[],0,0,[],[]
10611760,10612530,CHI,CHN,0.0,276,CIC,BC,0,NT,FI,2.0,420,-20.2,-13.57,"[{'Canonical-syllable': '1', 'Growl': '0', 'High-freq-energy': '0', 'Long-island': '0', 'Low-tilt-spectrum': '0', 'Medium-island': '0', 'Short-island': '1', 'Squeal': '0', 'Typical-entropy': '1', 'Voicing-quality': '1', 'Wide-band': '0', 'Xlong-island': '0', 'seq': '1', 'end': 10612.06, 'start': 10611.76}, {'Canonical-syllable': '0', 'Growl': '1', 'High-freq-energy': '0', 'Long-island': '0', 'Low-tilt-spectrum': '0', 'Medium-island': '0', 'Short-island': '0', 'Squeal': '0', 'Typical-entropy': '1', 'Voicing-quality': '1', 'Wide-band': '0', 'Xlong-island': '0', 'seq': '2', 'end': 10612.53, 'start': 10612.41}]",0,0,[],[]
10612530,10613340,CHI,CHN,0.0,276,CIC,RC,0,TIFI,FH,1.0,810,-19.99,-9.93,"[{'Canonical-syllable': '1', 'Growl': '1', 'High-freq-energy': '0', 'Long-island': '0', 'Low-tilt-spectrum': '0', 'Medium-island': '0', 'Short-island': '2', 'Squeal': '0', 'Typical-entropy': '3', 'Voicing-quality': '3', 'Wide-band': '0', 'Xlong-island': '0', 'seq': '1', 'end': 10613.34, 'start': 10612.53}]",0,0,[],[]
10613340,10614480,NA,OLN,0.0,276,CIC,NA,NA,NA,NA,0.0,0,-17.45,-6.19,[],0,0,[],[]
10614480,10616250,FEM,FAN,7.74,276,CIC,RC,1,TIFR,FI,0.0,0,-22.18,-9.88,[],0,0,[],[]
10616250,10617060,CHI,CHN,0.0,276,CIC,RC,1,TIFE,FI,1.0,250,-20.06,-11.47,"[{'Canonical-syllable': '1', 'Growl': '0', 'High-freq-energy': '0', 'Long-island': '0', 'Low-tilt-spectrum': '0', 'Medium-island': '0', 'Short-island': '1', 'Squeal': '0', 'Typical-entropy': '0', 'Voicing-quality': '1', 'Wide-band': '0', 'Xlong-island': '0', 'seq': '1', 'end': 10617.06, 'start': 10616.81}]",0,0,[],[]
10617060,10617960,OCH,CXN,0.0,276,CIC,RC,1,NT,FI,0.0,0,-20.43,-13.98,[],0,0,[],[]
10617960,10618770,NA,SIL,0.0,276,CIC,NA,NA,NA,NA,0.0,0,-43.97,-38.78,[],0,0,[],[]
10618770,10619370,OCH,CXN,0.0,276,CIC,EC,1,NT,FH,0.0,0,-21.72,-14.99,[],0,0,[],[]
10619370,10622360,NA,OLN,0.0,277,pause,NA,NA,NA,NA,0.0,0,-19.93,-8.76,[],0,0,[],[]
10622360,10624260,NA,NOF,0.0,277,pause,NA,NA,NA,NA,0.0,0,-25.05,-8.69,[],0,0,[],[]
10624260,10625860,NA,OLF,0.0,277,pause,NA,NA,NA,NA,0.0,0,-27.2,-9.73,[],0,0,[],[]
10625860,10627540,NA,OLN,0.0,277,pause,NA,NA,NA,NA,0.0,0,-26.06,-10.21,[],0,0,[],[]
10627540,10629160,MAL,MAN,7.89,277,AICM,BC,0,TIMI,FI,0.0,0,-31.52,-21.98,[],0,0,[],[]
10629160,10629980,NA,OLN,0.0,277,AICM,NA,NA,NA,NA,0.0,0,-27.28,-12.51,[],0,0,[],[]
10629980,10630580,CHI,CHN,0.0,277,AICM,RC,1,TIMR,FI,1.0,600,-17.63,-11.98,"[{'Canonical-syllable': '0', 'Growl': '1', 'High-freq-energy': '0', 'Long-island': '0', 'Low-tilt-spectrum': '1', 'Medium-island': '1', 'Short-island': '0', 'Squeal': '0', 'Typical-entropy': '2', 'Voicing-quality': '2', 'Wide-band': '0', 'Xlong-island': '0', 'seq': '1', 'end': 10630.58, 'start': 10629.98}]",0,0,[],[]
10630580,10631540,NA,OLN,0.0,277,AICM,NA,NA,NA,NA,0.0,0,-19.99,-13.02,[],0,0,[],[]
10631540,10632860,CHI,CHN,0.0,277,AICM,RC,1,NT,FH,1.0,1190,-22.72,-14.94,"[{'Canonical-syllable': '0', 'Growl': '0', 'High-freq-energy': '0', 'Long-island': '0', 'Low-tilt-spectrum': '0', 'Medium-island': '0', 'Short-island': '0', 'Squeal': '0', 'Typical-entropy': '1', 'Voicing-quality': '1', 'Wide-band': '0', 'Xlong-island': '1', 'seq': '1', 'end': 10632.73, 'start': 10631.54}]",0,0,[],[]
10632860,10634690,NA,SIL,0.0,277,AICM,NA,NA,NA,NA,0.0,0,-43.39,-35.06,[],0,0,[],[]
10634690,10635890,FEM,FAN,3.26,277,AICM,RC,1,TIFE,FI,0.0,0,-24.08,-17.64,[],0,0,[],[]
10635890,10636730,FEM,FAN,3.75,277,AICM,RC,1,NT,FH,0.0,0,-28.49,-22.95,[],0,0,[],[]
10636730,10640210,NA,SIL,0.0,277,AICM,NA,NA,NA,NA,0.0,0,-43.87,-36.03,[],0,0,[],[]
10640210,10641030,OCH,CXN,0.0,277,AICM,RC,1,NT,FI,0.0,0,-23.55,-13.94,[],0,0,[],[]
10641030,10642090,OCH,CXN,0.0,277,AICM,RC,1,NT,FH,0.0,0,-21.35,-13.03,[],0,0,[],[]
10642090,10643660,NA,OLN,0.0,277,AICM,NA,NA,NA,NA,0.0,0,-19.35,-9.27,[],0,0,[],[]
10643660,10644660,CHI,CHN,0.0,277,AICM,RC,1,NT,FI,1.0,1000,-16.87,-10.87,"[{'Canonical-syllable': '2', 'Growl': '0', 'High-freq-energy': '0', 'Long-island': '0', 'Low-tilt-spectrum': '0', 'Medium-island': '2', 'Short-island': '0', 'Squeal': '0', 'Typical-entropy': '0', 'Voicing-quality': '2', 'Wide-band': '0', 'Xlong-island': '0', 'seq': '1', 'end': 10644.66, 'start': 10643.66}]",0,0,[],[]
10644660,10645260,CHI,CHN,0.0,277,AICM,RC,1,TIFI,FH,1.0,350,-17.93,-10.22,"[{'Canonical-syllable': '0', 'Growl': '0', 'High-freq-energy': '0', 'Long-island': '0', 'Low-tilt-spectrum': '0', 'Medium-island': '1', 'Short-island': '0', 'Squeal': '0', 'Typical-entropy': '0', 'Voicing-quality': '1', 'Wide-band': '0', 'Xlong-island': '0', 'seq': '1', 'end': 10645.01, 'start': 10644.66}]",0,0,[],[]
10645260,10646270,NA,FAF,0.0,277,AICM,NA,NA,NA,NA,0.0,0,-37.63,-31.06,[],0,0,[],[]
10646270,10648180,NA,OLN,0.0,277,AICM,NA,NA,NA,NA,0.0,0,-24.95,-9.31,[],0,0,[],[]
10648180,10649180,FEM,FAN,4.18,277,AICM,RC,2,TIFR,FI,0.0,0,-24.99,-9.46,[],0,0,[],[]
10649180,10649980,NA,SIL,0.0,277,AICM,NA,NA,NA,NA,0.0,0,-43.43,-34.51,[],0,0,[],[]
10649980,10651030,CHI,CHN,0.0,277,AICM,EC,2,TIFE,FI,1.0,200,-23.53,-9.35,"[{'Canonical-syllable': '0', 'Growl': '1', 'High-freq-energy': '0', 'Long-island': '0', 'Low-tilt-spectrum': '0', 'Medium-island': '0', 'Short-island': '1', 'Squeal': '0', 'Typical-entropy': '0', 'Voicing-quality': '1', 'Wide-band': '0', 'Xlong-island': '0', 'seq': '1', 'end': 10650.91, 'start': 10650.71}]",0,0,[],[]
10651030,10652230,NA,OLF,0.0,278,pause,NA,NA,NA,NA,0.0,0,-23.2,-6.24,[],0,0,[],[]
10652230,10653080,NA,MAF,0.0,278,pause,NA,NA,NA,NA,0.0,0,-36.08,-25.52,[],0,0,[],[]
10653080,10653880,NA,OLN,0.0,278,pause,NA,NA,NA,NA,0.0,0,-26.15,-17.86,[],0,0,[],[]
10653880,10654680,NA,NOF,0.0,278,pause,NA,NA,NA,NA,0.0,0,-25.96,-10.81,[],0,0,[],[]
10654680,10656540,NA,OLN,0.0,278,pause,NA,NA,NA,NA,0.0,0,-20.4,-3.93,[],0,0,[],[]
10656540,10657570,CHI,CHN,0.0,278,CIC,BC,0,TIMI,FI,1.0,1030,-20.72,-13.59,"[{'Canonical-syllable': '1', 'Growl': '0', 'High-freq-energy': '0', 'Long-island': '0', 'Low-tilt-spectrum': '0', 'Medium-island': '2', 'Short-island': '0', 'Squeal': '0', 'Typical-entropy': '1', 'Voicing-quality': '2', 'Wide-band': '0', 'Xlong-island': '0', 'seq': '1', 'end': 10657.57, 'start': 10656.71}]",0,0,[],[]
10657570,10658380,NA,OLN,0.0,278,CIC,NA,NA,NA,NA,0.0,0,-24.53,-14.37,[],0,0,[],[]
10658380,10659650,MAL,MAN,7.46,278,CIC,RC,1,TIMR,FI,0.0,0,-25.17,-18.37,[],0,0,[],[]
10659650,10661250,CHI,CHN,0.0,278,CIC,RC,1,TIME,FI,1.0,820,-23.12,-15.72,"[{'Canonical-syllable': '0', 'Growl': '1', 'High-freq-energy': '0', 'Long-island': '1', 'Low-tilt-spectrum': '0', 'Medium-island': '0', 'Short-island': '0', 'Squeal': '0', 'Typical-entropy': '0', 'Voicing-quality': '2', 'Wide-band': '0', 'Xlong-island': '0', 'seq': '1', 'end': 10660.84, 'start': 10660.02}]",0,0,[],[]
10661250,10661990,CHI,CHN,0.0,278,CIC,RC,1,TIFI,FH,1.0,740,-16.68,-12.51,"[{'Canonical-syllable': '0', 'Growl': '0', 'High-freq-energy': '0', 'Long-island': '1', 'Low-tilt-spectrum': '0', 'Medium-island': '0', 'Short-island': '0', 'Squeal': '0', 'Typical-entropy': '0', 'Voicing-quality': '1', 'Wide-band': '0', 'Xlong-island': '0', 'seq': '1', 'end': 10661.99, 'start': 10661.25}]",0,0,[],[]
10661990,10663030,FEM,FAN,5.36,278,CIC,RC,2,TIFR,FI,0.0,0,-22.85,-19.46,[],0,0,[],[]
10663030,10663880,NA,MAF,0.0,278,CIC,NA,NA,NA,NA,0.0,0,-33.65,-21.62,[],0,0,[],[]
10663880,10665160,NA,SIL,0.0,278,CIC,NA,NA,NA,NA,0.0,0,-41.8,-34.4,[],0,0,[],[]
10665160,10666340,MAL,MAN,5.65,278,CIC,EC,2,NT,FI,0.0,0,-25.36,-18.05,[],0,0,[],[]
10666340,10668280,NA,OLN,0.0,279,pause,NA,NA,NA,NA,0.0,0,-20.82,-11.63,[],0,0,[],[]
10668280,10669080,NA,FAF,0.0,279,pause,NA,NA,NA,NA,0.0,0,-35.85,-22.63,[],0,0,[],[]
10669080,10670390,NA,OLF,0.0,279,pause,NA,NA,NA,NA,0.0,0,-27.57,-12.34,[],0,0,[],[]
10670390,10672850,NA,SIL,0.0,279,pause,NA,NA,NA,NA,0.0,0,-40.3,-23.74,[],0,0,[],[]
10672850,10674960,CHI,CHN,0.0,279,CIC,BC,0,TIMI,FI,1.0,2110,-20.75,-14.44,"[{'Canonical-syllable': '0', 'Growl': '1', 'High-freq-energy': '0', 'Long-island': '0', 'Low-tilt-spectrum': '0', 'Medium-island': '1', 'Short-island': '1', 'Squeal': '0', 'Typical-entropy': '0', 'Voicing-quality': '3', 'Wide-band': '0', 'Xlong-island': '1', 'seq': '1', 'end': 10674.96, 'start': 10672.85}]",0,0,[],[]
10674960,10678150,NA,SIL,0.0,279,CIC,NA,NA,NA,NA,0.0,0,-39.46,-18.81,[],0,0,[],[]
10678150,10678950,NA,NOF,0.0,279,CIC,NA,NA,NA,NA,0.0,0,-41.81,-35.83,[],0,0,[],[]
10678950,10679950,MAL,MAN,6.78,279,CIC,RC,1,TIMR,FI,0.0,0,-25.82,-18.82,[],0,0,[],[]
10679950,10680550,OCH,CXN,0.0,279,CIC,RC,1,NT,FI,0.0,0,-24.81,-16.45,[],0,0,[],[]
10680550,10681830,NA,OLN,0.0,279,CIC,NA,NA,NA,NA,0.0,0,-22.36,-9.99,[],0,0,[],[]
10681830,10682630,NA,SIL,0.0,279,CIC,NA,NA,NA,NA,0.0,0,-42.43,-35.18,[],0,0,[],[]
10682630,10683640,MAL,MAN,8.38,279,CIC,RC,1,TIMI,FI,0.0,0,-30.85,-21.7,[],0,0,[],[]
10683640,10685610,CHI,CHN,0.0,279,CIC,RC,2,TIMR,FI,2.0,1650,-22.36,-15.23,"[{'Canonical-syllable': '0', 'Growl': '2', 'High-freq-energy': '0', 'Long-island': '0', 'Low-tilt-spectrum': '0', 'Medium-island': '1', 'Short-island': '2', 'Squeal': '0', 'Typical-entropy': '2', 'Voicing-quality': '3', 'Wide-band': '0', 'Xlong-island': '0', 'seq': '1', 'end': 10684.56, 'start': 10683.64}, {'Canonical-syllable': '0', 'Growl': '0', 'High-freq-energy': '0', 'Long-island': '0', 'Low-tilt-spectrum': '0', 'Medium-island': '1', 'Short-island': '0', 'Squeal': '0', 'Typical-entropy': '0', 'Voicing-quality': '1', 'Wide-band': '0', 'Xlong-island': '0', 'seq': '2', 'end': 10685.61, 'start': 10684.88}]",0,0,[],[]
10685610,10687580,NA,OLN,0.0,279,CIC,NA,NA,NA,NA,0.0,0,-18.16,-4.39,[],0,0,[],[]
10687580,10689550,NA,NOF,0.0,279,CIC,NA,NA,NA,NA,0.0,0,-34.84,-15.53,[],0,0,[],[]
10689550,10690260,FEM,FAN,3.24,279,CIC,RC,2,TIFE,FI,0.0,0,-25.86,-22.68,[],0,0,[],[]
10690260,10691510,FEM,FAN,4.4,279,CIC,RC,2,TIFI,FH,0.0,0,-26.93,-13.95,[],0,0,[],[]
10691510,10692110,CHI,CHN,0.0,279,CIC,RC,3,TIFR,FI,1.0,600,-21.29,-8.71,"[{'Canonical-syllable': '0', 'Growl': '0', 'High-freq-energy': '0', 'Long-island': '0', 'Low-tilt-spectrum': '0', 'Medium-island': '1', 'Short-island': '0', 'Squeal': '0', 'Typical-entropy': '1', 'Voicing-quality': '1', 'Wide-band': '0', 'Xlong-island': '0', 'seq': '1', 'end': 10692.11, 'start': 10691.51}]",0,0,[],[]
10692110,10694070,NA,OLF,0.0,279,CIC,NA,NA,NA,NA,0.0,0,-28.2,-12.52,[],0,0,[],[]
10694070,10695080,OCH,CXN,0.0,279,CIC,RC,3,NT,FI,0.0,0,-25.1,-9.61,[],0,0,[],[]
10695080,10696040,NA,OLN,0.0,279,CIC,NA,NA,NA,NA,0.0,0,-18.11,-5.11,[],0,0,[],[]
10696040,10697440,NA,OLF,0.0,279,CIC,NA,NA,NA,NA,0.0,0,-35.1,-20.03,[],0,0,[],[]
10697440,10698440,MAL,MAN,6.04,279,CIC,EC,3,NT,FI,0.0,0,-34.4,-26.94,[],0,0,[],[]
10698440,10699920,NA,SIL,0.0,280,pause,NA,NA,NA,NA,0.0,0,-43.94,-36.84,[],0,0,[],[]
10699920,10700930,NA,TVF,0.0,280,pause,NA,NA,NA,NA,0.0,0,-41.47,-34.74,[],0,0,[],[]
10700930,10701820,NA,SIL,0.0,280,pause,NA,NA,NA,NA,0.0,0,-41.69,-36.5,[],0,0,[],[]
10701820,10713250,NA,OLN,0.0,280,pause,NA,NA,NA,NA,0.0,0,-17.54,-2.92,[],0,0,[],[]
10713250,10713850,OCH,CXN,0.0,280,XIC,BC,0,NT,FI,0.0,0,-23.6,-18.26,[],0,0,[],[]
10713850,10715000,NA,OLN,0.0,280,XIC,NA,NA,NA,NA,0.0,0,-20.5,-6.81,[],0,0,[],[]
10715000,10715860,NA,NON,0.0,280,XIC,NA,NA,NA,NA,0.0,0,-25.11,-8.38,[],0,0,[],[]
10715860,10716660,NA,OLF,0.0,280,XIC,NA,NA,NA,NA,0.0,0,-24.04,-6.07,[],0,0,[],[]
10716660,10717880,NA,NOF,0.0,280,XIC,NA,NA,NA,NA,0.0,0,-32.36,-19.64,[],0,0,[],[]
10717880,10718680,NA,OLN,0.0,280,XIC,NA,NA,NA,NA,0.0,0,-17.3,-5.02,[],0,0,[],[]
10718680,10719710,MAL,MAN,3.56,280,XIC,RC,0,TIMI,FI,0.0,0,-23.29,-13.4,[],0,0,[],[]
10719710,10720820,NA,OLN,0.0,280,XIC,NA,NA,NA,NA,0.0,0,-24.29,-12.47,[],0,0,[],[]
10720820,10721420,CHI,CHN,0.0,280,XIC,RC,1,TIMR,FI,1.0,190,-22.65,-13.53,"[{'Canonical-syllable': '1', 'Growl': '0', 'High-freq-energy': '0', 'Long-island': '0', 'Low-tilt-spectrum': '0', 'Medium-island': '0', 'Short-island': '1', 'Squeal': '0', 'Typical-entropy': '1', 'Voicing-quality': '1', 'Wide-band': '0', 'Xlong-island': '0', 'seq': '1', 'end': 10721.01, 'start': 10720.82}]",0,0,[],[]
10721420,10722550,MAL,MAN,4.44,280,XIC,EC,1,TIME,FI,0.0,0,-22.37,-13.09,[],0,0,[],[]
10722550,10725130,NA,NOF,0.0,281,pause,NA,NA,NA,NA,0.0,0,-37.71,-22.11,[],0,0,[],[]
10725130,10725990,NA,OLN,0.0,281,pause,NA,NA,NA,NA,0.0,0,-26.31,-12.88,[],0,0,[],[]
10725990,10727170,NA,NOF,0.0,281,pause,NA,NA,NA,NA,0.0,0,-37.53,-26.58,[],0,0,[],[]
10727170,10727770,CHI,CHN,0.0,281,pause,NA,NA,NA,NA,0.0,0,-18.76,-5.72,[],0,110,"[{'start': 10727.52, 'end': 10727.63}]",[]
10727770,10729090,NA,NOF,0.0,281,pause,NA,NA,NA,NA,0.0,0,-34.14,-25.36,[],0,0,[],[]
10729090,10730690,MAL,MAN,8.25,281,AMM,BC,0,NT,FI,0.0,0,-19.41,-10.96,[],0,0,[],[]
10730690,10731740,FEM,FAN,7.66,281,AMM,EC,0,NT,FI,0.0,0,-19.68,-11.27,[],0,0,[],[]
10731740,10733620,NA,OLN,0.0,282,pause,NA,NA,NA,NA,0.0,0,-22.03,-10.66,[],0,0,[],[]
10733620,10734430,NA,NON,0.0,282,pause,NA,NA,NA,NA,0.0,0,-33.92,-22.16,[],0,0,[],[]
10734430,10737720,NA,OLN,0.0,282,pause,NA,NA,NA,NA,0.0,0,-17.89,-6.2,[],0,0,[],[]
10737720,10739780,CHI,CHN,0.0,282,CIC,BC,0,NT,FI,1.0,2060,-15.98,-4.43,"[{'Canonical-syllable': '0', 'Growl': '1', 'High-freq-energy': '0', 'Long-island': '0', 'Low-tilt-spectrum': '3', 'Medium-island': '3', 'Short-island': '1', 'Squeal': '1', 'Typical-entropy': '4', 'Voicing-quality': '5', 'Wide-band': '1', 'Xlong-island': '0', 'seq': '1', 'end': 10739.78, 'start': 10737.72}]",0,0,[],[]
10739780,10742700,NA,OLN,0.0,282,CIC,NA,NA,NA,NA,0.0,0,-27.75,-6.83,[],0,0,[],[]
10742700,10743730,NA,FAF,0.0,282,CIC,NA,NA,NA,NA,0.0,0,-40.12,-29.35,[],0,0,[],[]
10743730,10744680,CHI,CHN,0.0,282,CIC,RC,0,NT,FH,1.0,950,-35.95,-27.51,"[{'Canonical-syllable': '0', 'Growl': '0', 'High-freq-energy': '1', 'Long-island': '0', 'Low-tilt-spectrum': '1', 'Medium-island': '0', 'Short-island': '0', 'Squeal': '0', 'Typical-entropy': '1', 'Voicing-quality': '1', 'Wide-band': '0', 'Xlong-island': '1', 'seq': '1', 'end': 10744.68, 'start': 10743.73}]",0,0,[],[]
10744680,10745490,NA,OLF,0.0,282,CIC,NA,NA,NA,NA,0.0,0,-34.73,-23.46,[],0,0,[],[]
10745490,10746610,NA,NON,0.0,282,CIC,NA,NA,NA,NA,0.0,0,-25.42,-17.4,[],0,0,[],[]
10746610,10747210,CHI,CHN,0.0,282,CIC,RC,0,NT,FH,1.0,230,-15.57,-2.39,"[{'Canonical-syllable': '0', 'Growl': '0', 'High-freq-energy': '0', 'Long-island': '0', 'Low-tilt-spectrum': '0', 'Medium-island': '0', 'Short-island': '0', 'Squeal': '0', 'Typical-entropy': '1', 'Voicing-quality': '1', 'Wide-band': '0', 'Xlong-island': '0', 'seq': '1', 'end': 10746.84, 'start': 10746.73}]",0,0,[],[]
10747210,10749040,NA,NOF,0.0,282,CIC,NA,NA,NA,NA,0.0,0,-43.78,-30.61,[],0,0,[],[]
10749040,10750050,OCH,CXN,0.0,282,CIC,RC,0,NT,FI,0.0,0,-16.43,-7.41,[],0,0,[],[]
10750050,10753190,CHI,CHN,0.0,282,CIC,RC,0,NT,FI,4.0,1680,-20.06,-6.15,"[{'Canonical-syllable': '0', 'Growl': '0', 'High-freq-energy': '0', 'Long-island': '0', 'Low-tilt-spectrum': '0', 'Medium-island': '1', 'Short-island': '1', 'Squeal': '0', 'Typical-entropy': '0', 'Voicing-quality': '2', 'Wide-band': '1', 'Xlong-island': '0', 'seq': '1', 'end': 10750.54, 'start': 10750.05}, {'Canonical-syllable': '0', 'Growl': '0', 'High-freq-energy': '0', 'Long-island': '0', 'Low-tilt-spectrum': '0', 'Medium-island': '1', 'Short-island': '0', 'Squeal': '0', 'Typical-entropy': '1', 'Voicing-quality': '1', 'Wide-band': '0', 'Xlong-island': '0', 'seq': '2', 'end': 10751.26, 'start': 10750.88}, {'Canonical-syllable': '0', 'Growl': '0', 'High-freq-energy': '0', 'Long-island': '0', 'Low-tilt-spectrum': '2', 'Medium-island': '0', 'Short-island': '1', 'Squeal': '1', 'Typical-entropy': '2', 'Voicing-quality': '2', 'Wide-band': '0', 'Xlong-island': '0', 'seq': '3', 'end': 10752.33, 'start': 10751.88}, {'Canonical-syllable': '1', 'Growl': '1', 'High-freq-energy': '0', 'Long-island': '0', 'Low-tilt-spectrum': '0', 'Medium-island': '0', 'Short-island': '1', 'Squeal': '0', 'Typical-entropy': '1', 'Voicing-quality': '2', 'Wide-band': '0', 'Xlong-island': '0', 'seq': '4', 'end': 10753.11, 'start': 10752.75}]",0,0,[],[]
10753190,10754640,NA,OLN,0.0,282,CIC,NA,NA,NA,NA,0.0,0,-18.55,-4.84,[],0,0,[],[]
10754640,10755640,CHI,CHN,0.0,282,CIC,RC,0,NT,FH,1.0,870,-15.99,-9.54,"[{'Canonical-syllable': '0', 'Growl': '0', 'High-freq-energy': '0', 'Long-island': '1', 'Low-tilt-spectrum': '0', 'Medium-island': '0', 'Short-island': '0', 'Squeal': '0', 'Typical-entropy': '0', 'Voicing-quality': '1', 'Wide-band': '0', 'Xlong-island': '0', 'seq': '1', 'end': 10755.51, 'start': 10754.64}]",0,0,[],[]
10755640,10758030,NA,NOF,0.0,282,CIC,NA,NA,NA,NA,0.0,0,-29.73,-13.66,[],0,0,[],[]
10758030,10759030,CHI,CHN,0.0,282,CIC,RC,0,NT,FH,1.0,600,-22.41,-13.7,"[{'Canonical-syllable': '0', 'Growl': '0', 'High-freq-energy': '0', 'Long-island': '0', 'Low-tilt-spectrum': '0', 'Medium-island': '1', 'Short-island': '0', 'Squeal': '0', 'Typical-entropy': '0', 'Voicing-quality': '1', 'Wide-band': '0', 'Xlong-island': '0', 'seq': '1', 'end': 10758.63, 'start': 10758.03}]",0,0,[],[]
10759030,10759830,NA,NOF,0.0,282,CIC,NA,NA,NA,NA,0.0,0,-48.49,-39.89,[],0,0,[],[]
10759830,10760570,CHI,CHN,0.0,282,CIC,NA,NA,NA,NA,0.0,0,-15.84,-9.66,[],0,740,"[{'start': 10759.83, 'end': 10760.57}]",[]
10760570,10761380,OCH,CXN,0.0,282,CIC,RC,0,NT,FI,0.0,0,-15.97,-11.47,[],0,0,[],[]
10761380,10762170,CHI,CHN,0.0,282,CIC,RC,0,NT,FI,1.0,420,-16.76,-11.01,"[{'Canonical-syllable': '0', 'Growl': '0', 'High-freq-energy': '0', 'Long-island': '0', 'Low-tilt-spectrum': '1', 'Medium-island': '1', 'Short-island': '0', 'Squeal': '0', 'Typical-entropy': '1', 'Voicing-quality': '1', 'Wide-band': '0', 'Xlong-island': '0', 'seq': '1', 'end': 10761.8, 'start': 10761.38}]",0,0,[],[]
10762170,10763420,NA,SIL,0.0,282,CIC,NA,NA,NA,NA,0.0,0,-49.22,-32.68,[],0,0,[],[]
10763420,10764270,CHI,CHN,0.0,282,CIC,RC,0,NT,FH,1.0,350,-14.64,-2.8,"[{'Canonical-syllable': '0', 'Growl': '0', 'High-freq-energy': '0', 'Long-island': '0', 'Low-tilt-spectrum': '1', 'Medium-island': '1', 'Short-island': '0', 'Squeal': '0', 'Typical-entropy': '1', 'Voicing-quality': '1', 'Wide-band': '0', 'Xlong-island': '0', 'seq': '1', 'end': 10763.77, 'start': 10763.42}]",0,0,[],[]
10764270,10765500,NA,NOF,0.0,282,CIC,NA,NA,NA,NA,0.0,0,-44.33,-37.31,[],0,0,[],[]
10765500,10766100,CHI,CHN,0.0,282,CIC,RC,0,NT,FH,1.0,150,-18.66,-9.19,"[{'Canonical-syllable': '0', 'Growl': '0', 'High-freq-energy': '0', 'Long-island': '0', 'Low-tilt-spectrum': '1', 'Medium-island': '0', 'Short-island': '0', 'Squeal': '0', 'Typical-entropy': '1', 'Voicing-quality': '1', 'Wide-band': '0', 'Xlong-island': '0', 'seq': '1', 'end': 10766.1, 'start': 10765.95}]",0,0,[],[]
10766100,10767660,CHI,CHN,0.0,282,CIC,RC,0,NT,FH,2.0,630,-19.09,-8.27,"[{'Canonical-syllable': '0', 'Growl': '0', 'High-freq-energy': '0', 'Long-island': '0', 'Low-tilt-spectrum': '0', 'Medium-island': '0', 'Short-island': '1', 'Squeal': '0', 'Typical-entropy': '0', 'Voicing-quality': '1', 'Wide-band': '1', 'Xlong-island': '0', 'seq': '1', 'end': 10766.31, 'start': 10766.1}, {'Canonical-syllable': '0', 'Growl': '0', 'High-freq-energy': '1', 'Long-island': '0', 'Low-tilt-spectrum': '0', 'Medium-island': '0', 'Short-island': '1', 'Squeal': '0', 'Typical-entropy': '1', 'Voicing-quality': '2', 'Wide-band': '0', 'Xlong-island': '0', 'seq': '2', 'end': 10767.66, 'start': 10767.24}]",0,0,[],[]
10767660,10768500,CHI,CHN,0.0,282,CIC,RC,0,NT,FH,1.0,540,-16.63,-9.4,"[{'Canonical-syllable': '1', 'Growl': '1', 'High-freq-energy': '0', 'Long-island': '0', 'Low-tilt-spectrum': '1', 'Medium-island': '1', 'Short-island': '0', 'Squeal': '0', 'Typical-entropy': '1', 'Voicing-quality': '2', 'Wide-band': '0', 'Xlong-island': '0', 'seq': '1', 'end': 10768.2, 'start': 10767.66}]",0,0,[],[]
10768500,10769320,NA,SIL,0.0,282,CIC,NA,NA,NA,NA,0.0,0,-49.56,-42.93,[],0,0,[],[]
10769320,10770290,NA,NOF,0.0,282,CIC,NA,NA,NA,NA,0.0,0,-20.98,-6.16,[],0,0,[],[]
10770290,10771590,OCH,CXN,0.0,282,CIC,RC,0,NT,FI,0.0,0,-15.72,-2.4,[],0,0,[],[]
10771590,10772530,NA,NOF,0.0,282,CIC,NA,NA,NA,NA,0.0,0,-50.44,-44.54,[],0,0,[],[]
10772530,10774070,CHI,CHN,0.0,282,CIC,RC,0,NT,FI,1.0,1300,-18.45,-10.3,"[{'Canonical-syllable': '0', 'Growl': '0', 'High-freq-energy': '0', 'Long-island': '1', 'Low-tilt-spectrum': '1', 'Medium-island': '1', 'Short-island': '0', 'Squeal': '0', 'Typical-entropy': '1', 'Voicing-quality': '2', 'Wide-band': '0', 'Xlong-island': '0', 'seq': '1', 'end': 10773.83, 'start': 10772.72}]",0,0,[],[]
10774070,10774880,NA,NOF,0.0,282,CIC,NA,NA,NA,NA,0.0,0,-42.44,-31.77,[],0,0,[],[]
10774880,10776060,CHI,CHN,0.0,282,CIC,RC,0,NT,FH,1.0,1020,-19.41,-12.07,"[{'Canonical-syllable': '0', 'Growl': '0', 'High-freq-energy': '0', 'Long-island': '0', 'Low-tilt-spectrum': '1', 'Medium-island': '1', 'Short-island': '2', 'Squeal': '0', 'Typical-entropy': '3', 'Voicing-quality': '3', 'Wide-band': '0', 'Xlong-island': '0', 'seq': '1', 'end': 10775.9, 'start': 10774.88}]",0,0,[],[]
10776060,10777030,NA,NOF,0.0,282,CIC,NA,NA,NA,NA,0.0,0,-43.48,-31.51,[],0,0,[],[]
10777030,10777640,CHI,CHN,0.0,282,CIC,RC,0,NT,FH,1.0,610,-12.96,-4.49,"[{'Canonical-syllable': '1', 'Growl': '0', 'High-freq-energy': '0', 'Long-island': '0', 'Low-tilt-spectrum': '2', 'Medium-island': '1', 'Short-island': '0', 'Squeal': '0', 'Typical-entropy': '2', 'Voicing-quality': '2', 'Wide-band': '0', 'Xlong-island': '0', 'seq': '1', 'end': 10777.64, 'start': 10777.03}]",0,0,[],[]
10777640,10778670,CHI,CHN,0.0,282,CIC,RC,0,NT,FH,1.0,920,-18.45,-11.56,"[{'Canonical-syllable': '1', 'Growl': '0', 'High-freq-energy': '0', 'Long-island': '0', 'Low-tilt-spectrum': '1', 'Medium-island': '2', 'Short-island': '0', 'Squeal': '0', 'Typical-entropy': '1', 'Voicing-quality': '2', 'Wide-band': '0', 'Xlong-island': '0', 'seq': '1', 'end': 10778.56, 'start': 10777.64}]",0,0,[],[]
10778670,10782430,NA,NOF,0.0,282,CIC,NA,NA,NA,NA,0.0,0,-35.83,-15.82,[],0,0,[],[]
10782430,10783500,OCH,CXN,0.0,282,CIC,RC,0,NT,FI,0.0,0,-22.37,-14.04,[],0,0,[],[]
10783500,10786420,NA,NOF,0.0,282,CIC,NA,NA,NA,NA,0.0,0,-46.02,-33.93,[],0,0,[],[]
10786420,10787420,MAL,MAN,6.94,282,CIC,RC,0,NT,FI,0.0,0,-31.75,-22.57,[],0,0,[],[]
10787420,10788220,NA,MAF,0.0,282,CIC,NA,NA,NA,NA,0.0,0,-47.6,-35.24,[],0,0,[],[]
10788220,10790160,NA,SIL,0.0,282,CIC,NA,NA,NA,NA,0.0,0,-54.14,-38.62,[],0,0,[],[]
10790160,10791210,FEM,FAN,5.6,282,CIC,RC,0,NT,FI,0.0,0,-28.43,-17.52,[],0,0,[],[]
10791210,10792410,NA,SIL,0.0,282,CIC,NA,NA,NA,NA,0.0,0,-55.88,-48.2,[],0,0,[],[]
10792410,10794820,FEM,FAN,10.39,282,CIC,RC,0,TIFI,FH,0.0,0,-23.6,-12.4,[],0,0,[],[]
10794820,10795420,CHI,CHN,0.0,282,CIC,RC,1,TIFR,FI,1.0,290,-19.95,-11.89,"[{'Canonical-syllable': '0', 'Growl': '0', 'High-freq-energy': '0', 'Long-island': '0', 'Low-tilt-spectrum': '0', 'Medium-island': '0', 'Short-island': '1', 'Squeal': '0', 'Typical-entropy': '0', 'Voicing-quality': '1', 'Wide-band': '0', 'Xlong-island': '0', 'seq': '1', 'end': 10795.11, 'start': 10794.9}]",0,0,[],[]
10795420,10796580,NA,SIL,0.0,282,CIC,NA,NA,NA,NA,0.0,0,-56.86,-45.78,[],0,0,[],[]
10796580,10797580,OCH,CXN,0.0,282,CIC,RC,1,NT,FI,0.0,0,-26.04,-17.22,[],0,0,[],[]
10797580,10798380,OCH,CXN,0.0,282,CIC,RC,1,NT,FH,0.0,0,-35.84,-23.31,[],0,0,[],[]
10798380,10799600,NA,SIL,0.0,282,CIC,NA,NA,NA,NA,0.0,0,-58.05,-50.84,[],0,0,[],[]
10799600,10801040,CHI,CHN,0.0,282,CIC,RC,1,NT,FI,1.0,990,-20.59,-10.43,"[{'Canonical-syllable': '2', 'Growl': '0', 'High-freq-energy': '0', 'Long-island': '0', 'Low-tilt-spectrum': '2', 'Medium-island': '1', 'Short-island': '3', 'Squeal': '0', 'Typical-entropy': '4', 'Voicing-quality': '4', 'Wide-band': '0', 'Xlong-island': '0', 'seq': '1', 'end': 10800.91, 'start': 10799.92}]",0,0,[],[]
10801040,10802020,NA,SIL,0.0,282,CIC,NA,NA,NA,NA,0.0,0,-54.92,-45.87,[],0,0,[],[]
10802020,10803620,CHI,CHN,0.0,282,CIC,RC,1,TIMI,FH,1.0,1110,-17.38,-4.37,"[{'Canonical-syllable': '0', 'Growl': '0', 'High-freq-energy': '0', 'Long-island': '0', 'Low-tilt-spectrum': '1', 'Medium-island': '1', 'Short-island': '2', 'Squeal': '0', 'Typical-entropy': '1', 'Voicing-quality': '3', 'Wide-band': '1', 'Xlong-island': '0', 'seq': '1', 'end': 10803.13, 'start': 10802.2}]",0,0,[],[]
10803620,10805110,MAL,MAN,7.81,282,CIC,RC,2,TIMR,FI,0.0,0,-31.41,-20.83,[],0,0,[],[]
10805110,10805870,CHI,CHN,0.0,282,CIC,RC,2,TIME,FI,1.0,650,-23.19,-12.17,"[{'Canonical-syllable': '1', 'Growl': '1', 'High-freq-energy': '0', 'Long-island': '0', 'Low-tilt-spectrum': '0', 'Medium-island': '0', 'Short-island': '2', 'Squeal': '0', 'Typical-entropy': '2', 'Voicing-quality': '2', 'Wide-band': '0', 'Xlong-island': '0', 'seq': '1', 'end': 10805.76, 'start': 10805.38}]",0,0,[],[]
10805870,10807270,NA,MAF,0.0,282,CIC,NA,NA,NA,NA,0.0,0,-35.01,-20.24,[],0,0,[],[]
10807270,10808070,NA,OLN,0.0,282,CIC,NA,NA,NA,NA,0.0,0,-23.19,-13.14,[],0,0,[],[]
10808070,10809590,OCH,CXN,0.0,282,CIC,RC,2,NT,FI,0.0,0,-24.43,-13.42,[],0,0,[],[]
10809590,10810420,NA,OLF,0.0,282,CIC,NA,NA,NA,NA,0.0,0,-26.95,-15.91,[],0,0,[],[]
10810420,10812500,NA,OLN,0.0,282,CIC,NA,NA,NA,NA,0.0,0,-20.13,-3.73,[],0,0,[],[]
10812500,10814100,NA,NOF,0.0,282,CIC,NA,NA,NA,NA,0.0,0,-36.23,-18.65,[],0,0,[],[]
10814100,10814700,OCH,CXN,0.0,282,CIC,RC,2,NT,FH,0.0,0,-26.43,-19.27,[],0,0,[],[]
10814700,10815600,NA,NOF,0.0,282,CIC,NA,NA,NA,NA,0.0,0,-45.47,-33.79,[],0,0,[],[]
10815600,10819480,FEM,FAN,12.57,282,CIC,RC,2,NT,FI,0.0,0,-26.06,-11.23,[],0,0,[],[]
10819480,10820370,NA,NOF,0.0,282,CIC,NA,NA,NA,NA,0.0,0,-40.22,-21.25,[],0,0,[],[]
10820370,10821490,MAL,MAN,6.44,282,CIC,RC,2,NT,FI,0.0,0,-27.47,-18.49,[],0,0,[],[]
10821490,10823800,NA,SIL,0.0,282,CIC,NA,NA,NA,NA,0.0,0,-52.25,-35.42,[],0,0,[],[]
10823800,10824840,FEM,FAN,3.26,282,CIC,RC,2,NT,FI,0.0,0,-31.44,-21.02,[],0,0,[],[]
10824840,10826460,NA,SIL,0.0,282,CIC,NA,NA,NA,NA,0.0,0,-52.64,-37.94,[],0,0,[],[]
10826460,10827580,MAL,MAN,0.34,282,CIC,RC,2,NT,FI,0.0,0,-22.32,-12.01,[],0,0,[],[]
10827580,10828380,NA,SIL,0.0,282,CIC,NA,NA,NA,NA,0.0,0,-50.51,-39.29,[],0,0,[],[]
10828380,10828980,OCH,CXN,0.0,282,CIC,RC,2,NT,FI,0.0,0,-13.58,-6.4,[],0,0,[],[]
10828980,10830280,CHI,CHN,0.0,282,CIC,RC,2,TIFI,FI,2.0,620,-20.56,-10.07,"[{'Canonical-syllable': '0', 'Growl': '0', 'High-freq-energy': '0', 'Long-island': '0', 'Low-tilt-spectrum': '1', 'Medium-island': '0', 'Short-island': '0', 'Squeal': '0', 'Typical-entropy': '1', 'Voicing-quality': '0', 'Wide-band': '0', 'Xlong-island': '0', 'seq': '1', 'end': 10829.07, 'start': 10828.98}, {'Canonical-syllable': '2', 'Growl': '0', 'High-freq-energy': '0', 'Long-island': '0', 'Low-tilt-spectrum': '0', 'Medium-island': '0', 'Short-island': '2', 'Squeal': '0', 'Typical-entropy': '0', 'Voicing-quality': '2', 'Wide-band': '0', 'Xlong-island': '0', 'seq': '2', 'end': 10830.28, 'start': 10829.75}]",0,0,[],[]
10830280,10830880,CHI,CHN,0.0,282,CIC,NA,NA,NA,NA,0.0,0,-18.57,-9.08,[],0,380,"[{'start': 10830.37, 'end': 10830.75}]",[]
10830880,10831880,FEM,FAN,4.4,282,CIC,RC,3,TIFR,FI,0.0,0,-27.54,-16.16,[],0,0,[],[]
10831880,10832820,NA,OLN,0.0,282,CIC,NA,NA,NA,NA,0.0,0,-18.44,-9.5,[],0,0,[],[]
10832820,10833630,NA,NOF,0.0,282,CIC,NA,NA,NA,NA,0.0,0,-48.89,-39.11,[],0,0,[],[]
10833630,10835330,CHI,CHN,0.0,282,CIC,NA,NA,NA,NA,0.0,0,-15.43,-10.66,[],0,1620,"[{'start': 10833.63, 'end': 10835.25}]",[]
10835330,10836350,NA,FAF,0.0,282,CIC,NA,NA,NA,NA,0.0,0,-51.24,-43.56,[],0,0,[],[]
10836350,10837350,FEM,FAN,5.03,282,CIC,RC,3,NT,FH,0.0,0,-27.72,-18.07,[],0,0,[],[]
10837350,10839250,MAL,MAN,9.21,282,CIC,RC,3,NT,FI,0.0,0,-30.85,-19.72,[],0,0,[],[]
10839250,10840000,CHI,CHN,0.0,282,CIC,RC,3,TIMI,FI,1.0,750,-19.37,-10.63,"[{'Canonical-syllable': '0', 'Growl': '0', 'High-freq-energy': '0', 'Long-island': '1', 'Low-tilt-spectrum': '0', 'Medium-island': '0', 'Short-island': '0', 'Squeal': '0', 'Typical-entropy': '1', 'Voicing-quality': '1', 'Wide-band': '0', 'Xlong-island': '0', 'seq': '1', 'end': 10840.0, 'start': 10839.25}]",0,0,[],[]
10840000,10841000,MAL,MAN,6.55,282,CIC,RC,4,TIMR,FI,0.0,0,-26.42,-16.99,[],0,0,[],[]
10841000,10842030,OCH,CXN,0.0,282,CIC,RC,4,NT,FI,0.0,0,-26.89,-18.65,[],0,0,[],[]
10842030,10843030,NA,MAF,0.0,282,CIC,NA,NA,NA,NA,0.0,0,-42.57,-31.32,[],0,0,[],[]
10843030,10845010,NA,NOF,0.0,282,CIC,NA,NA,NA,NA,0.0,0,-46.73,-34.03,[],0,0,[],[]
10845010,10846060,OCH,CXN,0.0,282,CIC,RC,4,NT,FH,0.0,0,-19.63,-11.92,[],0,0,[],[]
10846060,10847120,MAL,MAN,5.6,282,CIC,RC,4,NT,FI,0.0,0,-24.61,-16.69,[],0,0,[],[]
10847120,10848140,FEM,FAN,4.34,282,CIC,RC,4,NT,FI,0.0,0,-19.02,-11.26,[],0,0,[],[]
10848140,10848750,OCH,CXN,0.0,282,CIC,RC,4,NT,FI,0.0,0,-33.1,-21.89,[],0,0,[],[]
10848750,10850510,FEM,FAN,6.0,282,CIC,RC,4,NT,FI,0.0,0,-21.97,-12.57,[],0,0,[],[]
10850510,10851310,NA,SIL,0.0,282,CIC,NA,NA,NA,NA,0.0,0,-56.78,-52.3,[],0,0,[],[]
10851310,10852310,FEM,FAN,4.91,282,CIC,RC,4,TIFI,FH,0.0,0,-33.56,-23.25,[],0,0,[],[]
10852310,10853470,NA,SIL,0.0,282,CIC,NA,NA,NA,NA,0.0,0,-58.32,-51.26,[],0,0,[],[]
10853470,10854660,CHI,CHN,0.0,282,CIC,RC,5,TIFR,FI,2.0,850,-17.5,-2.38,"[{'Canonical-syllable': '0', 'Growl': '0', 'High-freq-energy': '0', 'Long-island': '0', 'Low-tilt-spectrum': '0', 'Medium-island': '0', 'Short-island': '1', 'Squeal': '0', 'Typical-entropy': '0', 'Voicing-quality': '1', 'Wide-band': '0', 'Xlong-island': '0', 'seq': '1', 'end': 10853.74, 'start': 10853.62}, {'Canonical-syllable': '0', 'Growl': '0', 'High-freq-energy': '0', 'Long-island': '0', 'Low-tilt-spectrum': '0', 'Medium-island': '1', 'Short-island': '1', 'Squeal': '0', 'Typical-entropy': '0', 'Voicing-quality': '2', 'Wide-band': '1', 'Xlong-island': '0', 'seq': '2', 'end': 10854.66, 'start': 10854.08}]",0,0,[],[]
10854660,10855560,CHI,CHN,0.0,282,CIC,RC,5,NT,FH,1.0,680,-18.15,-11.66,"[{'Canonical-syllable': '0', 'Growl': '0', 'High-freq-energy': '0', 'Long-island': '1', 'Low-tilt-spectrum': '1', 'Medium-island': '0', 'Short-island': '0', 'Squeal': '0', 'Typical-entropy': '1', 'Voicing-quality': '1', 'Wide-band': '0', 'Xlong-island': '0', 'seq': '1', 'end': 10855.34, 'start': 10854.66}]",0,0,[],[]
10855560,10856580,MAL,MAN,4.31,282,CIC,RC,5,TIMI,FI,0.0,0,-33.14,-21.02,[],0,0,[],[]
10856580,10857380,NA,SIL,0.0,282,CIC,NA,NA,NA,NA,0.0,0,-51.53,-39.25,[],0,0,[],[]
10857380,10859610,NA,TVN,0.0,282,CIC,NA,NA,NA,NA,0.0,0,-43.73,-36.67,[],0,0,[],[]
10859610,10860270,CHI,CHN,0.0,282,CIC,RC,6,TIMR,FI,1.0,660,-16.69,-11.41,"[{'Canonical-syllable': '0', 'Growl': '0', 'High-freq-energy': '0', 'Long-island': '0', 'Low-tilt-spectrum': '0', 'Medium-island': '1', 'Short-island': '0', 'Squeal': '0', 'Typical-entropy': '0', 'Voicing-quality': '1', 'Wide-band': '0', 'Xlong-island': '0', 'seq': '1', 'end': 10860.27, 'start': 10859.61}]",0,0,[],[]
10860270,10861270,FEM,FAN,1.59,282,CIC,RC,6,TIFE,FI,0.0,0,-26.58,-13.13,[],0,0,[],[]
10861270,10862070,NA,FAF,0.0,282,CIC,NA,NA,NA,NA,0.0,0,-53.59,-46.46,[],0,0,[],[]
10862070,10863070,FEM,FAN,4.13,282,CIC,RC,6,NT,FH,0.0,0,-25.06,-18.58,[],0,0,[],[]
10863070,10864310,NA,TVN,0.0,282,CIC,NA,NA,NA,NA,0.0,0,-27.98,-16.46,[],0,0,[],[]
10864310,10865110,NA,SIL,0.0,282,CIC,NA,NA,NA,NA,0.0,0,-45.07,-38.71,[],0,0,[],[]
10865110,10866110,OCH,CXN,0.0,282,CIC,RC,6,NT,FI,0.0,0,-18.29,-9.37,[],0,0,[],[]
10866110,10866910,OCH,CXN,0.0,282,CIC,RC,6,NT,FH,0.0,0,-19.03,-12.3,[],0,0,[],[]
10866910,10868200,FEM,FAN,5.62,282,CIC,EC,6,NT,FI,0.0,0,-26.01,-18.72,[],0,0,[],[]
10868200,10869200,NA,TVN,0.0,283,pause,NA,NA,NA,NA,0.0,0,-35.14,-30.43,[],0,0,[],[]
10869200,10870000,NA,TVN,0.0,283,pause,NA,NA,NA,NA,0.0,0,-34.81,-30.28,[],0,0,[],[]
10870000,10871520,NA,TVN,0.0,283,pause,NA,NA,NA,NA,0.0,0,-31.69,-19.23,[],0,0,[],[]
10871520,10872390,NA,TVN,0.0,283,pause,NA,NA,NA,NA,0.0,0,-35.16,-30.09,[],0,0,[],[]
10872390,10873390,NA,TVN,0.0,283,pause,NA,NA,NA,NA,0.0,0,-25.41,-17.24,[],0,0,[],[]
10873390,10874390,NA,TVN,0.0,283,pause,NA,NA,NA,NA,0.0,0,-35.43,-29.62,[],0,0,[],[]
10874390,10875280,NA,TVN,0.0,283,pause,NA,NA,NA,NA,0.0,0,-35.06,-29.36,[],0,0,[],[]
10875280,10876430,NA,TVN,0.0,283,pause,NA,NA,NA,NA,0.0,0,-35.46,-30.23,[],0,0,[],[]
10876430,10877240,NA,TVN,0.0,283,pause,NA,NA,NA,NA,0.0,0,-37.32,-31.63,[],0,0,[],[]
10877240,10878740,NA,TVN,0.0,283,pause,NA,NA,NA,NA,0.0,0,-35.36,-29.35,[],0,0,[],[]
10878740,10879880,NA,TVN,0.0,283,pause,NA,NA,NA,NA,0.0,0,-25.97,-14.42,[],0,0,[],[]
10879880,10880700,NA,TVN,0.0,283,pause,NA,NA,NA,NA,0.0,0,-35.61,-29.86,[],0,0,[],[]
10880700,10881700,NA,TVN,0.0,283,pause,NA,NA,NA,NA,0.0,0,-35.92,-31.63,[],0,0,[],[]
10881700,10882500,NA,TVN,0.0,283,pause,NA,NA,NA,NA,0.0,0,-27.44,-17.79,[],0,0,[],[]
10882500,10883500,NA,TVN,0.0,283,pause,NA,NA,NA,NA,0.0,0,-33.37,-28.99,[],0,0,[],[]
10883500,10884500,NA,TVN,0.0,283,pause,NA,NA,NA,NA,0.0,0,-18.35,-9.59,[],0,0,[],[]
10884500,10885500,NA,TVN,0.0,283,pause,NA,NA,NA,NA,0.0,0,-30.14,-23.1,[],0,0,[],[]
10885500,10887270,NA,TVN,0.0,283,pause,NA,NA,NA,NA,0.0,0,-32.58,-23.93,[],0,0,[],[]
10887270,10888070,OCH,CXN,0.0,283,XM,EC,0,NT,FI,0.0,0,-17.93,-10.97,[],0,0,[],[]
10888070,10889070,NA,TVN,0.0,284,pause,NA,NA,NA,NA,0.0,0,-35.02,-30.86,[],0,0,[],[]
10889070,10890590,NA,TVN,0.0,284,pause,NA,NA,NA,NA,0.0,0,-35.43,-28.81,[],0,0,[],[]
10890590,10892840,NA,TVN,0.0,284,pause,NA,NA,NA,NA,0.0,0,-33.03,-24.59,[],0,0,[],[]
10892840,10894510,NA,TVN,0.0,284,pause,NA,NA,NA,NA,0.0,0,-31.87,-20.2,[],0,0,[],[]
10894510,10895580,NA,TVN,0.0,284,pause,NA,NA,NA,NA,0.0,0,-34.29,-27.84,[],0,0,[],[]
10895580,10896750,NA,TVN,0.0,284,pause,NA,NA,NA,NA,0.0,0,-30.0,-19.97,[],0,0,[],[]
10896750,10897790,NA,TVN,0.0,284,pause,NA,NA,NA,NA,0.0,0,-31.45,-17.94,[],0,0,[],[]
10897790,10898790,NA,TVN,0.0,284,pause,NA,NA,NA,NA,0.0,0,-34.75,-30.02,[],0,0,[],[]
10898790,10899590,NA,TVN,0.0,284,pause,NA,NA,NA,NA,0.0,0,-35.33,-31.27,[],0,0,[],[]
10899590,10900620,NA,TVN,0.0,284,pause,NA,NA,NA,NA,0.0,0,-35.66,-28.52,[],0,0,[],[]
10900620,10901530,NA,TVN,0.0,284,pause,NA,NA,NA,NA,0.0,0,-34.93,-29.26,[],0,0,[],[]
10901530,10903880,NA,TVN,0.0,284,pause,NA,NA,NA,NA,0.0,0,-28.79,-16.18,[],0,0,[],[]
10903880,10905070,NA,TVN,0.0,284,pause,NA,NA,NA,NA,0.0,0,-33.5,-26.24,[],0,0,[],[]
10905070,10906130,NA,TVN,0.0,284,pause,NA,NA,NA,NA,0.0,0,-31.22,-24.57,[],0,0,[],[]
10906130,10908280,NA,TVN,0.0,284,pause,NA,NA,NA,NA,0.0,0,-31.57,-23.66,[],0,0,[],[]
10908280,10909510,NA,TVN,0.0,284,pause,NA,NA,NA,NA,0.0,0,-35.94,-29.97,[],0,0,[],[]
10909510,10910720,OCH,CXN,0.0,284,XIOCC,BC,0,NT,FI,0.0,0,-17.74,-9.92,[],0,0,[],[]
10910720,10911500,CHI,CHN,0.0,284,XIOCC,RC,0,NT,FI,1.0,780,-15.63,-10.32,"[{'Canonical-syllable': '0', 'Growl': '0', 'High-freq-energy': '0', 'Long-island': '1', 'Low-tilt-spectrum': '0', 'Medium-island': '0', 'Short-island': '0', 'Squeal': '0', 'Typical-entropy': '1', 'Voicing-quality': '1', 'Wide-band': '0', 'Xlong-island': '0', 'seq': '1', 'end': 10911.5, 'start': 10910.72}]",0,0,[],[]
10911500,10912500,NA,TVN,0.0,284,XIOCC,NA,NA,NA,NA,0.0,0,-29.96,-19.87,[],0,0,[],[]
10912500,10915440,NA,TVN,0.0,284,XIOCC,NA,NA,NA,NA,0.0,0,-35.8,-27.23,[],0,0,[],[]
10915440,10916490,NA,TVN,0.0,284,XIOCC,NA,NA,NA,NA,0.0,0,-36.48,-31.11,[],0,0,[],[]
10916490,10917500,OCH,CXN,0.0,284,XIOCC,EC,0,NT,FI,0.0,0,-18.52,-11.59,[],0,0,[],[]
10917500,10918830,NA,TVN,0.0,285,pause,NA,NA,NA,NA,0.0,0,-35.21,-30.3,[],0,0,[],[]
10918830,10920020,NA,TVN,0.0,285,pause,NA,NA,NA,NA,0.0,0,-35.86,-29.61,[],0,0,[],[]
10920020,10923380,NA,TVN,0.0,285,pause,NA,NA,NA,NA,0.0,0,-28.81,-12.93,[],0,0,[],[]
10923380,10924100,CHI,CHN,0.0,285,CIC,BC,0,TIFI,FI,1.0,720,-15.75,-10.66,"[{'Canonical-syllable': '1', 'Growl': '0', 'High-freq-energy': '0', 'Long-island': '0', 'Low-tilt-spectrum': '0', 'Medium-island': '1', 'Short-island': '1', 'Squeal': '0', 'Typical-entropy': '1', 'Voicing-quality': '2', 'Wide-band': '0', 'Xlong-island': '0', 'seq': '1', 'end': 10924.1, 'start': 10923.38}]",0,0,[],[]
10924100,10924930,NA,OLN,0.0,285,CIC,NA,NA,NA,NA,0.0,0,-22.28,-9.22,[],0,0,[],[]
10924930,10925790,NA,TVF,0.0,285,CIC,NA,NA,NA,NA,0.0,0,-35.77,-20.54,[],0,0,[],[]
10925790,10926590,NA,SIL,0.0,285,CIC,NA,NA,NA,NA,0.0,0,-45.51,-35.23,[],0,0,[],[]
10926590,10927730,NA,CHF,0.0,285,CIC,NA,NA,NA,NA,0.0,0,-37.56,-25.33,[],0,1140,"[{'start': 10926.59, 'end': 10927.09}]","[{'start': 10927.09, 'end': 10927.73}]"
10927730,10929060,FEM,FAN,4.28,285,CIC,RC,1,TIFR,FI,0.0,0,-26.04,-15.94,[],0,0,[],[]
10929060,10930790,MAL,MAN,5.41,285,CIC,RC,1,NT,FI,0.0,0,-29.79,-17.42,[],0,0,[],[]
10930790,10931610,NA,NOF,0.0,285,CIC,NA,NA,NA,NA,0.0,0,-44.48,-34.09,[],0,0,[],[]
10931610,10932990,MAL,MAN,7.77,285,CIC,RC,1,NT,FH,0.0,0,-26.25,-12.32,[],0,0,[],[]
10932990,10934110,NA,OLN,0.0,285,CIC,NA,NA,NA,NA,0.0,0,-30.77,-22.31,[],0,0,[],[]
10934110,10935750,FEM,FAN,3.88,285,CIC,EC,1,NT,FI,0.0,0,-28.28,-16.11,[],0,0,[],[]
10935750,10936880,NA,TVN,0.0,286,pause,NA,NA,NA,NA,0.0,0,-34.34,-24.53,[],0,0,[],[]
10936880,10938300,NA,TVN,0.0,286,pause,NA,NA,NA,NA,0.0,0,-30.56,-20.53,[],0,0,[],[]
10938300,10939210,NA,OLF,0.0,286,pause,NA,NA,NA,NA,0.0,0,-31.61,-22.97,[],0,0,[],[]
10939210,10940450,NA,TVF,0.0,286,pause,NA,NA,NA,NA,0.0,0,-31.59,-23.44,[],0,0,[],[]
10940450,10941700,NA,TVN,0.0,286,pause,NA,NA,NA,NA,0.0,0,-34.03,-25.92,[],0,0,[],[]
10941700,10943080,NA,TVN,0.0,286,pause,NA,NA,NA,NA,0.0,0,-33.36,-24.67,[],0,0,[],[]
10943080,10944630,NA,TVN,0.0,286,pause,NA,NA,NA,NA,0.0,0,-33.18,-25.25,[],0,0,[],[]
10944630,10946040,NA,TVN,0.0,286,pause,NA,NA,NA,NA,0.0,0,-30.36,-22.68,[],0,0,[],[]
10946040,10946700,FEM,FAN,2.83,286,AIOCF,BC,0,NT,FI,0.0,0,-31.86,-24.6,[],0,0,[],[]
10946700,10948790,NA,TVN,0.0,286,AIOCF,NA,NA,NA,NA,0.0,0,-33.45,-25.02,[],0,0,[],[]
10948790,10949870,NA,TVN,0.0,286,AIOCF,NA,NA,NA,NA,0.0,0,-33.41,-25.45,[],0,0,[],[]
10949870,10951090,FEM,FAN,5.92,286,AIOCF,RC,0,NT,FH,0.0,0,-23.79,-16.85,[],0,0,[],[]
10951090,10952490,MAL,MAN,3.5,286,AIOCF,RC,0,NT,FI,0.0,0,-30.47,-23.55,[],0,0,[],[]
10952490,10953220,NA,TVN,0.0,286,AIOCF,NA,NA,NA,NA,0.0,0,-36.72,-27.02,[],0,0,[],[]
10953220,10954220,NA,TVN,0.0,286,AIOCF,NA,NA,NA,NA,0.0,0,-32.9,-25.24,[],0,0,[],[]
10954220,10956120,NA,MAF,0.0,286,AIOCF,NA,NA,NA,NA,0.0,0,-33.06,-23.78,[],0,0,[],[]
10956120,10958140,OCH,CXN,0.0,286,AIOCF,RC,0,NT,FI,0.0,0,-26.5,-14.88,[],0,0,[],[]
10958140,10959020,OCH,CXN,0.0,286,AIOCF,RC,0,NT,FH,0.0,0,-21.25,-12.1,[],0,0,[],[]
10959020,10960550,NA,SIL,0.0,286,AIOCF,NA,NA,NA,NA,0.0,0,-52.24,-44.23,[],0,0,[],[]
10960550,10961660,OCH,CXN,0.0,286,AIOCF,EC,0,NT,FH,0.0,0,-24.62,-15.94,[],0,0,[],[]
10961660,10962460,NA,NOF,0.0,287,pause,NA,NA,NA,NA,0.0,0,-48.62,-43.53,[],0,0,[],[]
10962460,10963510,NA,SIL,0.0,287,pause,NA,NA,NA,NA,0.0,0,-47.58,-37.7,[],0,0,[],[]
10963510,10965280,NA,TVN,0.0,287,pause,NA,NA,NA,NA,0.0,0,-33.37,-26.79,[],0,0,[],[]
10965280,10966170,NA,OLN,0.0,287,pause,NA,NA,NA,NA,0.0,0,-26.48,-19.23,[],0,0,[],[]
10966170,10967440,NA,TVN,0.0,287,pause,NA,NA,NA,NA,0.0,0,-33.08,-26.52,[],0,0,[],[]
10967440,10968380,NA,SIL,0.0,287,pause,NA,NA,NA,NA,0.0,0,-50.81,-42.17,[],0,0,[],[]
10968380,10969380,NA,TVF,0.0,287,pause,NA,NA,NA,NA,0.0,0,-49.58,-40.96,[],0,0,[],[]
10969380,10970850,OCH,CXN,0.0,287,XM,EC,0,NT,FI,0.0,0,-32.78,-23.7,[],0,0,[],[]
10970850,10971850,NA,TVN,0.0,288,pause,NA,NA,NA,NA,0.0,0,-38.13,-26.09,[],0,0,[],[]
10971850,10972660,NA,SIL,0.0,288,pause,NA,NA,NA,NA,0.0,0,-45.98,-32.95,[],0,0,[],[]
10972660,10975760,NA,TVF,0.0,288,pause,NA,NA,NA,NA,0.0,0,-30.31,-7.73,[],0,0,[],[]
10975760,10977210,NA,TVN,0.0,288,pause,NA,NA,NA,NA,0.0,0,-38.35,-29.24,[],0,0,[],[]
10977210,10978860,FEM,FAN,3.72,288,AIOCF,BC,0,NT,FI,0.0,0,-30.09,-19.67,[],0,0,[],[]
10978860,10979870,MAL,MAN,4.86,288,AIOCF,RC,0,NT,FI,0.0,0,-29.16,-20.3,[],0,0,[],[]
10979870,10982560,NA,TVN,0.0,288,AIOCF,NA,NA,NA,NA,0.0,0,-41.23,-25.91,[],0,0,[],[]
10982560,10983280,OCH,CXN,0.0,288,AIOCF,EC,0,NT,FI,0.0,0,-25.17,-20.22,[],0,0,[],[]
10983280,10984770,NA,TVN,0.0,289,pause,NA,NA,NA,NA,0.0,0,-44.14,-30.9,[],0,0,[],[]
10984770,10985830,NA,TVN,0.0,289,pause,NA,NA,NA,NA,0.0,0,-35.54,-25.46,[],0,0,[],[]
10985830,10988640,NA,TVN,0.0,289,pause,NA,NA,NA,NA,0.0,0,-37.57,-27.6,[],0,0,[],[]
10988640,10989890,NA,TVN,0.0,289,pause,NA,NA,NA,NA,0.0,0,-36.79,-26.41,[],0,0,[],[]
10989890,10992160,NA,TVN,0.0,289,pause,NA,NA,NA,NA,0.0,0,-36.54,-30.34,[],0,0,[],[]
10992160,10993460,NA,TVN,0.0,289,pause,NA,NA,NA,NA,0.0,0,-33.27,-25.65,[],0,0,[],[]
10993460,10994460,NA,TVN,0.0,289,pause,NA,NA,NA,NA,0.0,0,-31.95,-25.39,[],0,0,[],[]
10994460,10995260,NA,TVN,0.0,289,pause,NA,NA,NA,NA,0.0,0,-32.98,-25.59,[],0,0,[],[]
10995260,10998450,NA,TVN,0.0,289,pause,NA,NA,NA,NA,0.0,0,-35.58,-26.39,[],0,0,[],[]
10998450,10999250,NA,SIL,0.0,289,pause,NA,NA,NA,NA,0.0,0,-51.07,-44.97,[],0,0,[],[]
10999250,11000360,MAL,MAN,5.75,289,AICM,BC,0,TIMI,FI,0.0,0,-35.21,-27.09,[],0,0,[],[]
11000360,11001110,NA,CHF,0.0,289,AICM,RC,1,TIMR,FI,1.0,750,-37.44,-28.43,"[{'Canonical-syllable': '0', 'Growl': '2', 'High-freq-energy': '0', 'Long-island': '0', 'Low-tilt-spectrum': '2', 'Medium-island': '1', 'Short-island': '1', 'Squeal': '0', 'Typical-entropy': '1', 'Voicing-quality': '1', 'Wide-band': '1', 'Xlong-island': '0', 'seq': '1', 'end': 11001.11, 'start': 11000.45}]",0,0,[],[]
11001110,11002170,NA,TVN,0.0,289,AICM,NA,NA,NA,NA,0.0,0,-32.54,-23.46,[],0,0,[],[]
11002170,11003170,NA,TVN,0.0,289,AICM,NA,NA,NA,NA,0.0,0,-32.72,-23.86,[],0,0,[],[]
11003170,11004170,NA,TVN,0.0,289,AICM,NA,NA,NA,NA,0.0,0,-30.64,-19.68,[],0,0,[],[]
11004170,11005440,CHI,CHN,0.0,289,AICM,RC,1,NT,FH,1.0,570,-18.32,-3.48,"[{'Canonical-syllable': '2', 'Growl': '0', 'High-freq-energy': '0', 'Long-island': '0', 'Low-tilt-spectrum': '0', 'Medium-island': '1', 'Short-island': '1', 'Squeal': '0', 'Typical-entropy': '1', 'Voicing-quality': '2', 'Wide-band': '0', 'Xlong-island': '0', 'seq': '1', 'end': 11005.34, 'start': 11004.77}]",0,0,[],[]
11005440,11006080,OCH,CXN,0.0,289,AICM,EC,1,NT,FI,0.0,0,-26.15,-21.09,[],0,0,[],[]
11006080,11006880,NA,MAF,0.0,290,pause,NA,NA,NA,NA,0.0,0,-42.9,-32.74,[],0,0,[],[]
11006880,11007880,NA,TVN,0.0,290,pause,NA,NA,NA,NA,0.0,0,-37.16,-31.36,[],0,0,[],[]
11007880,11008700,NA,TVN,0.0,290,pause,NA,NA,NA,NA,0.0,0,-26.68,-21.52,[],0,0,[],[]
11008700,11009500,NA,TVF,0.0,290,pause,NA,NA,NA,NA,0.0,0,-35.27,-29.15,[],0,0,[],[]
11009500,11010310,NA,TVN,0.0,290,pause,NA,NA,NA,NA,0.0,0,-27.74,-18.26,[],0,0,[],[]
11010310,11011400,NA,TVN,0.0,290,pause,NA,NA,NA,NA,0.0,0,-34.96,-27.72,[],0,0,[],[]
11011400,11013300,OCH,CXN,0.0,290,XIOCA,BC,0,NT,FI,0.0,0,-18.77,-10.26,[],0,0,[],[]
11013300,11014840,NA,OLN,0.0,290,XIOCA,NA,NA,NA,NA,0.0,0,-24.02,-14.66,[],0,0,[],[]
11014840,11016170,OCH,CXN,0.0,290,XIOCA,RC,0,NT,FH,0.0,0,-19.53,-7.23,[],0,0,[],[]
11016170,11016970,OCH,CXN,0.0,290,XIOCA,RC,0,NT,FH,0.0,0,-18.68,-11.24,[],0,0,[],[]
11016970,11018200,NA,TVN,0.0,290,XIOCA,NA,NA,NA,NA,0.0,0,-36.86,-28.22,[],0,0,[],[]
11018200,11019950,FEM,FAN,4.99,290,XIOCA,RC,0,NT,FI,0.0,0,-18.97,-9.79,[],0,0,[],[]
11019950,11022700,NA,TVN,0.0,290,XIOCA,NA,NA,NA,NA,0.0,0,-33.56,-22.73,[],0,0,[],[]
11022700,11023500,OCH,CXN,0.0,290,XIOCA,RC,0,NT,FI,0.0,0,-15.98,-8.32,[],0,0,[],[]
11023500,11024120,OCH,CXN,0.0,290,XIOCA,RC,0,NT,FH,0.0,0,-16.02,-10.16,[],0,0,[],[]
11024120,11027950,NA,TVN,0.0,290,XIOCA,NA,NA,NA,NA,0.0,0,-32.69,-23.93,[],0,0,[],[]
11027950,11029240,OCH,CXN,0.0,290,XIOCA,EC,0,NT,FH,0.0,0,-24.79,-17.11,[],0,0,[],[]
11029240,11031020,NA,TVN,0.0,291,pause,NA,NA,NA,NA,0.0,0,-31.42,-26.04,[],0,0,[],[]
11031020,11032130,NA,TVN,0.0,291,pause,NA,NA,NA,NA,0.0,0,-27.15,-21.66,[],0,0,[],[]
11032130,11043830,NA,NON,0.0,291,pause,NA,NA,NA,NA,0.0,0,-31.8,-24.84,[],0,0,[],[]
11043830,11049680,NA,NON,0.0,291,pause,NA,NA,NA,NA,0.0,0,-32.83,-16.5,[],0,0,[],[]
11049680,11051260,NA,TVN,0.0,291,pause,NA,NA,NA,NA,0.0,0,-25.0,-15.51,[],0,0,[],[]
11051260,11055110,NA,TVN,0.0,291,pause,NA,NA,NA,NA,0.0,0,-32.92,-22.37,[],0,0,[],[]
11055110,11055870,OCH,CXN,0.0,291,XM,EC,0,NT,FI,0.0,0,-16.09,-8.28,[],0,0,[],[]
11055870,11056870,NA,TVN,0.0,292,pause,NA,NA,NA,NA,0.0,0,-31.43,-23.5,[],0,0,[],[]
11056870,11057880,NA,TVN,0.0,292,pause,NA,NA,NA,NA,0.0,0,-25.62,-16.26,[],0,0,[],[]
11057880,11058880,NA,TVN,0.0,292,pause,NA,NA,NA,NA,0.0,0,-33.59,-25.28,[],0,0,[],[]
11058880,11059770,NA,TVN,0.0,292,pause,NA,NA,NA,NA,0.0,0,-32.52,-23.98,[],0,0,[],[]
11059770,11065270,NA,TVN,0.0,292,pause,NA,NA,NA,NA,0.0,0,-32.0,-21.48,[],0,0,[],[]
11065270,11066070,NA,TVN,0.0,292,pause,NA,NA,NA,NA,0.0,0,-28.25,-19.14,[],0,0,[],[]
11066070,11069240,NA,TVN,0.0,292,pause,NA,NA,NA,NA,0.0,0,-32.67,-21.55,[],0,0,[],[]
11069240,11070240,NA,TVN,0.0,292,pause,NA,NA,NA,NA,0.0,0,-30.63,-21.23,[],0,0,[],[]
11070240,11071700,NA,TVN,0.0,292,pause,NA,NA,NA,NA,0.0,0,-33.68,-25.28,[],0,0,[],[]
11071700,11072330,NA,TVN,0.0,292,pause,NA,NA,NA,NA,0.0,0,-33.84,-26.1,[],0,0,[],[]
11072330,11075560,NA,TVN,0.0,292,pause,NA,NA,NA,NA,0.0,0,-33.57,-24.58,[],0,0,[],[]
11075560,11076370,NA,TVN,0.0,292,pause,NA,NA,NA,NA,0.0,0,-33.74,-23.91,[],0,0,[],[]
11076370,11077680,NA,TVN,0.0,292,pause,NA,NA,NA,NA,0.0,0,-32.06,-25.03,[],0,0,[],[]
11077680,11079950,NA,TVN,0.0,292,pause,NA,NA,NA,NA,0.0,0,-33.05,-24.61,[],0,0,[],[]
11079950,11080950,NA,TVN,0.0,292,pause,NA,NA,NA,NA,0.0,0,-18.27,-9.0,[],0,0,[],[]
11080950,11081750,OCH,CXN,0.0,292,XM,EC,0,NT,FI,0.0,0,-18.31,-11.4,[],0,0,[],[]
11081750,11082550,NA,TVN,0.0,293,pause,NA,NA,NA,NA,0.0,0,-27.35,-19.67,[],0,0,[],[]
11082550,11083560,NA,TVN,0.0,293,pause,NA,NA,NA,NA,0.0,0,-28.14,-25.63,[],0,0,[],[]
11083560,11084980,NA,TVN,0.0,293,pause,NA,NA,NA,NA,0.0,0,-34.14,-28.29,[],0,0,[],[]
11084980,11086570,NA,TVN,0.0,293,pause,NA,NA,NA,NA,0.0,0,-30.49,-24.78,[],0,0,[],[]
11086570,11087700,NA,TVN,0.0,293,pause,NA,NA,NA,NA,0.0,0,-31.39,-19.79,[],0,0,[],[]
11087700,11088580,OCH,CXN,0.0,293,XIOCA,BC,0,NT,FI,0.0,0,-14.82,-10.67,[],0,0,[],[]
11088580,11089680,FEM,FAN,5.07,293,XIOCA,EC,0,NT,FI,0.0,0,-19.03,-10.8,[],0,0,[],[]
11089680,11090770,NA,TVN,0.0,294,pause,NA,NA,NA,NA,0.0,0,-23.3,-13.57,[],0,0,[],[]
11090770,11093900,NA,TVN,0.0,294,pause,NA,NA,NA,NA,0.0,0,-33.69,-23.03,[],0,0,[],[]
11093900,11094880,NA,TVN,0.0,294,pause,NA,NA,NA,NA,0.0,0,-22.64,-16.95,[],0,0,[],[]
11094880,11095950,NA,TVN,0.0,294,pause,NA,NA,NA,NA,0.0,0,-33.24,-23.18,[],0,0,[],[]
11095950,11096950,NA,TVN,0.0,294,pause,NA,NA,NA,NA,0.0,0,-30.59,-25.01,[],0,0,[],[]
11096950,11097910,NA,TVN,0.0,294,pause,NA,NA,NA,NA,0.0,0,-26.22,-20.05,[],0,0,[],[]
11097910,11105010,NA,TVN,0.0,294,pause,NA,NA,NA,NA,0.0,0,-33.28,-22.48,[],0,0,[],[]
11105010,11105860,NA,TVN,0.0,294,pause,NA,NA,NA,NA,0.0,0,-32.64,-23.32,[],0,0,[],[]
11105860,11109530,NA,TVN,0.0,294,pause,NA,NA,NA,NA,0.0,0,-32.45,-22.01,[],0,0,[],[]
11109530,11110530,NA,TVN,0.0,294,pause,NA,NA,NA,NA,0.0,0,-31.88,-21.9,[],0,0,[],[]
11110530,11112260,NA,TVN,0.0,294,pause,NA,NA,NA,NA,0.0,0,-33.23,-23.53,[],0,0,[],[]
11112260,11113060,NA,TVN,0.0,294,pause,NA,NA,NA,NA,0.0,0,-32.95,-23.43,[],0,0,[],[]
11113060,11114060,NA,TVN,0.0,294,pause,NA,NA,NA,NA,0.0,0,-34.44,-26.36,[],0,0,[],[]
11114060,11115130,OCH,CXN,0.0,294,XM,EC,0,NT,FI,0.0,0,-19.55,-12.91,[],0,0,[],[]
11115130,11116480,NA,TVN,0.0,295,pause,NA,NA,NA,NA,0.0,0,-34.52,-23.63,[],0,0,[],[]
11116480,11117280,NA,TVN,0.0,295,pause,NA,NA,NA,NA,0.0,0,-33.02,-24.86,[],0,0,[],[]
11117280,11118340,NA,TVN,0.0,295,pause,NA,NA,NA,NA,0.0,0,-24.23,-17.8,[],0,0,[],[]
11118340,11119170,NA,TVN,0.0,295,pause,NA,NA,NA,NA,0.0,0,-26.31,-19.18,[],0,0,[],[]
11119170,11121120,NA,TVN,0.0,295,pause,NA,NA,NA,NA,0.0,0,-33.78,-24.3,[],0,0,[],[]
11121120,11121930,NA,TVN,0.0,295,pause,NA,NA,NA,NA,0.0,0,-34.47,-24.76,[],0,0,[],[]
11121930,11122950,NA,TVN,0.0,295,pause,NA,NA,NA,NA,0.0,0,-33.66,-25.2,[],0,0,[],[]
11122950,11123750,NA,TVN,0.0,295,pause,NA,NA,NA,NA,0.0,0,-33.14,-25.15,[],0,0,[],[]
11123750,11126530,NA,TVN,0.0,295,pause,NA,NA,NA,NA,0.0,0,-33.83,-24.07,[],0,0,[],[]
11126530,11127580,NA,TVN,0.0,295,pause,NA,NA,NA,NA,0.0,0,-35.14,-28.77,[],0,0,[],[]
11127580,11128850,NA,TVN,0.0,295,pause,NA,NA,NA,NA,0.0,0,-29.84,-24.32,[],0,0,[],[]
11128850,11129810,OCH,CXN,0.0,295,XIC,BC,0,NT,FI,0.0,0,-22.65,-15.84,[],0,0,[],[]
11129810,11130810,NA,TVN,0.0,295,XIC,NA,NA,NA,NA,0.0,0,-30.65,-20.5,[],0,0,[],[]
11130810,11132240,FEM,FAN,6.56,295,XIC,RC,0,TIFI,FI,0.0,0,-16.93,-9.13,[],0,0,[],[]
11132240,11133070,NA,TVN,0.0,295,XIC,NA,NA,NA,NA,0.0,0,-35.41,-29.09,[],0,0,[],[]
11133070,11134130,NA,TVN,0.0,295,XIC,NA,NA,NA,NA,0.0,0,-27.74,-24.78,[],0,0,[],[]
11134130,11135920,NA,TVN,0.0,295,XIC,NA,NA,NA,NA,0.0,0,-36.02,-28.05,[],0,0,[],[]
11135920,11137040,NA,TVN,0.0,295,XIC,NA,NA,NA,NA,0.0,0,-35.67,-28.22,[],0,0,[],[]
11137040,11138080,CHI,CHN,0.0,295,XIC,RC,1,TIFR,FI,1.0,1040,-15.41,-10.06,"[{'Canonical-syllable': '0', 'Growl': '0', 'High-freq-energy': '0', 'Long-island': '1', 'Low-tilt-spectrum': '0', 'Medium-island': '0', 'Short-island': '0', 'Squeal': '0', 'Typical-entropy': '0', 'Voicing-quality': '1', 'Wide-band': '0', 'Xlong-island': '0', 'seq': '1', 'end': 11138.08, 'start': 11137.18}]",0,0,[],[]
11138080,11138880,OCH,CXN,0.0,295,XIC,RC,1,NT,FI,0.0,0,-14.93,-9.64,[],0,0,[],[]
11138880,11140310,NA,TVN,0.0,295,XIC,NA,NA,NA,NA,0.0,0,-23.54,-11.99,[],0,0,[],[]
11140310,11141740,NA,TVN,0.0,295,XIC,NA,NA,NA,NA,0.0,0,-20.55,-9.04,[],0,0,[],[]
11141740,11142760,NA,TVN,0.0,295,XIC,NA,NA,NA,NA,0.0,0,-32.48,-24.01,[],0,0,[],[]
11142760,11143760,OCH,CXN,0.0,295,XIC,EC,1,NT,FH,0.0,0,-16.26,-10.67,[],0,0,[],[]
11143760,11144680,NA,TVN,0.0,296,pause,NA,NA,NA,NA,0.0,0,-22.99,-16.96,[],0,0,[],[]
11144680,11146590,NA,TVN,0.0,296,pause,NA,NA,NA,NA,0.0,0,-32.35,-22.63,[],0,0,[],[]
11146590,11148370,NA,TVN,0.0,296,pause,NA,NA,NA,NA,0.0,0,-20.56,-11.65,[],0,0,[],[]
11148370,11149410,NA,TVN,0.0,296,pause,NA,NA,NA,NA,0.0,0,-22.66,-12.86,[],0,0,[],[]
11149410,11150820,NA,TVN,0.0,296,pause,NA,NA,NA,NA,0.0,0,-32.84,-24.03,[],0,0,[],[]
11150820,11151840,NA,TVN,0.0,296,pause,NA,NA,NA,NA,0.0,0,-31.68,-21.81,[],0,0,[],[]
11151840,11153510,NA,TVN,0.0,296,pause,NA,NA,NA,NA,0.0,0,-30.43,-21.18,[],0,0,[],[]
11153510,11154710,NA,TVN,0.0,296,pause,NA,NA,NA,NA,0.0,0,-31.56,-22.37,[],0,0,[],[]
11154710,11155510,CHI,CHN,0.0,296,pause,NA,NA,NA,NA,0.0,0,-15.9,-7.88,[],0,800,"[{'start': 11154.71, 'end': 11155.51}]",[]
11155510,11156820,FEM,FAN,7.07,296,AMF,EC,0,NT,FI,0.0,0,-16.3,-7.86,[],0,0,[],[]
11156820,11157620,NA,TVN,0.0,297,pause,NA,NA,NA,NA,0.0,0,-19.84,-11.41,[],0,0,[],[]
11157620,11160190,NA,TVN,0.0,297,pause,NA,NA,NA,NA,0.0,0,-33.75,-23.5,[],0,0,[],[]
11160190,11162130,NA,TVN,0.0,297,pause,NA,NA,NA,NA,0.0,0,-33.19,-23.64,[],0,0,[],[]
11162130,11162740,CHI,CHN,0.0,297,CIOCX,BC,0,NT,FI,1.0,610,-18.22,-7.04,"[{'Canonical-syllable': '0', 'Growl': '1', 'High-freq-energy': '0', 'Long-island': '0', 'Low-tilt-spectrum': '2', 'Medium-island': '0', 'Short-island': '2', 'Squeal': '0', 'Typical-entropy': '2', 'Voicing-quality': '2', 'Wide-band': '0', 'Xlong-island': '0', 'seq': '1', 'end': 11162.74, 'start': 11162.21}]",0,0,[],[]
11162740,11163540,OCH,CXN,0.0,297,CIOCX,EC,0,NT,FI,0.0,0,-18.75,-10.22,[],0,0,[],[]
11163540,11164730,NA,TVN,0.0,298,pause,NA,NA,NA,NA,0.0,0,-23.8,-16.5,[],0,0,[],[]
11164730,11166620,NA,TVN,0.0,298,pause,NA,NA,NA,NA,0.0,0,-24.77,-11.59,[],0,0,[],[]
11166620,11167720,NA,TVN,0.0,298,pause,NA,NA,NA,NA,0.0,0,-24.69,-17.35,[],0,0,[],[]
11167720,11168770,NA,TVN,0.0,298,pause,NA,NA,NA,NA,0.0,0,-25.54,-14.44,[],0,0,[],[]
11168770,11169680,NA,TVN,0.0,298,pause,NA,NA,NA,NA,0.0,0,-20.05,-13.19,[],0,0,[],[]
11169680,11171330,NA,TVN,0.0,298,pause,NA,NA,NA,NA,0.0,0,-18.71,-7.94,[],0,0,[],[]
11171330,11172130,NA,TVN,0.0,298,pause,NA,NA,NA,NA,0.0,0,-26.58,-16.71,[],0,0,[],[]
11172130,11173150,NA,TVN,0.0,298,pause,NA,NA,NA,NA,0.0,0,-17.41,-8.86,[],0,0,[],[]
11173150,11175400,NA,OLN,0.0,298,pause,NA,NA,NA,NA,0.0,0,-19.11,-3.55,[],0,0,[],[]
11175400,11176430,CHI,CHN,0.0,298,pause,NA,NA,NA,NA,0.0,0,-15.47,-8.18,[],0,1030,"[{'start': 11175.4, 'end': 11176.43}]",[]
11176430,11177460,FEM,FAN,7.1,298,AMF,EC,0,NT,FI,0.0,0,-18.17,-9.52,[],0,0,[],[]
11177460,11178260,NA,NOF,0.0,299,pause,NA,NA,NA,NA,0.0,0,-38.8,-33.67,[],0,0,[],[]
11178260,11179060,NA,SIL,0.0,299,pause,NA,NA,NA,NA,0.0,0,-45.87,-41.43,[],0,0,[],[]
11179060,11180100,NA,TVN,0.0,299,pause,NA,NA,NA,NA,0.0,0,-43.28,-37.16,[],0,0,[],[]
11180100,11181100,NA,TVN,0.0,299,pause,NA,NA,NA,NA,0.0,0,-19.34,-11.92,[],0,0,[],[]
11181100,11183280,NA,TVN,0.0,299,pause,NA,NA,NA,NA,0.0,0,-44.34,-38.74,[],0,0,[],[]
11183280,11184420,OCH,CXN,0.0,299,XM,EC,0,NT,FI,0.0,0,-29.25,-17.72,[],0,0,[],[]
11184420,11185430,NA,TVN,0.0,300,pause,NA,NA,NA,NA,0.0,0,-45.58,-33.57,[],0,0,[],[]
11185430,11186900,NA,TVN,0.0,300,pause,NA,NA,NA,NA,0.0,0,-20.71,-11.93,[],0,0,[],[]
11186900,11189450,NA,TVN,0.0,300,pause,NA,NA,NA,NA,0.0,0,-28.24,-12.91,[],0,0,[],[]
11189450,11190460,OCH,CXN,0.0,300,XM,EC,0,NT,FI,0.0,0,-16.01,-8.75,[],0,0,[],[]
11190460,11191460,NA,TVN,0.0,301,pause,NA,NA,NA,NA,0.0,0,-32.81,-25.47,[],0,0,[],[]
11191460,11193240,NA,TVN,0.0,301,pause,NA,NA,NA,NA,0.0,0,-30.22,-19.7,[],0,0,[],[]
11193240,11194300,NA,TVN,0.0,301,pause,NA,NA,NA,NA,0.0,0,-33.75,-24.71,[],0,0,[],[]
11194300,11198430,NA,TVN,0.0,301,pause,NA,NA,NA,NA,0.0,0,-27.52,-14.48,[],0,0,[],[]
11198430,11199670,NA,TVN,0.0,301,pause,NA,NA,NA,NA,0.0,0,-31.64,-26.12,[],0,0,[],[]
11199670,11200600,NA,TVN,0.0,301,pause,NA,NA,NA,NA,0.0,0,-29.07,-16.07,[],0,0,[],[]
11200600,11201720,OCH,CXN,0.0,301,XM,BC,0,NT,FI,0.0,0,-16.39,-8.66,[],0,0,[],[]
11201720,11202520,OCH,CXN,0.0,301,XM,EC,0,NT,FH,0.0,0,-22.2,-12.47,[],0,0,[],[]
11202520,11204080,NA,TVN,0.0,302,pause,NA,NA,NA,NA,0.0,0,-26.86,-16.17,[],0,0,[],[]
11204080,11205080,NA,TVN,0.0,302,pause,NA,NA,NA,NA,0.0,0,-24.28,-14.6,[],0,0,[],[]
11205080,11205810,NA,TVN,0.0,302,pause,NA,NA,NA,NA,0.0,0,-36.53,-28.62,[],0,0,[],[]
11205810,11206930,NA,TVN,0.0,302,pause,NA,NA,NA,NA,0.0,0,-35.5,-27.19,[],0,0,[],[]
11206930,11219780,NA,NON,0.0,302,pause,NA,NA,NA,NA,0.0,0,-33.19,-21.53,[],0,0,[],[]
11219780,11223490,NA,TVN,0.0,302,pause,NA,NA,NA,NA,0.0,0,-31.48,-20.32,[],0,0,[],[]
11223490,11224500,NA,TVN,0.0,302,pause,NA,NA,NA,NA,0.0,0,-34.86,-25.55,[],0,0,[],[]
11224500,11225750,NA,TVN,0.0,302,pause,NA,NA,NA,NA,0.0,0,-33.55,-24.47,[],0,0,[],[]
11225750,11226750,NA,TVN,0.0,302,pause,NA,NA,NA,NA,0.0,0,-34.91,-26.02,[],0,0,[],[]
11226750,11228610,NA,TVN,0.0,302,pause,NA,NA,NA,NA,0.0,0,-28.71,-18.17,[],0,0,[],[]
11228610,11232600,NA,TVN,0.0,302,pause,NA,NA,NA,NA,0.0,0,-33.43,-24.66,[],0,0,[],[]
11232600,11233560,NA,TVN,0.0,302,pause,NA,NA,NA,NA,0.0,0,-24.93,-18.05,[],0,0,[],[]
11233560,11234690,NA,TVN,0.0,302,pause,NA,NA,NA,NA,0.0,0,-28.54,-20.02,[],0,0,[],[]
11234690,11235690,NA,TVN,0.0,302,pause,NA,NA,NA,NA,0.0,0,-35.34,-26.77,[],0,0,[],[]
11235690,11236490,NA,TVN,0.0,302,pause,NA,NA,NA,NA,0.0,0,-30.13,-23.06,[],0,0,[],[]
11236490,11237310,NA,TVN,0.0,302,pause,NA,NA,NA,NA,0.0,0,-32.21,-24.28,[],0,0,[],[]
11237310,11238330,NA,TVN,0.0,302,pause,NA,NA,NA,NA,0.0,0,-33.92,-26.15,[],0,0,[],[]
11238330,11239590,NA,TVN,0.0,302,pause,NA,NA,NA,NA,0.0,0,-34.72,-26.11,[],0,0,[],[]
11239590,11240440,NA,TVN,0.0,302,pause,NA,NA,NA,NA,0.0,0,-26.53,-18.8,[],0,0,[],[]
11240440,11243700,NA,TVN,0.0,302,pause,NA,NA,NA,NA,0.0,0,-27.14,-16.52,[],0,0,[],[]
11243700,11244500,NA,TVN,0.0,302,pause,NA,NA,NA,NA,0.0,0,-28.03,-18.59,[],0,0,[],[]
11244500,11248180,NA,TVN,0.0,302,pause,NA,NA,NA,NA,0.0,0,-32.31,-24.51,[],0,0,[],[]
11248180,11249620,NA,TVN,0.0,302,pause,NA,NA,NA,NA,0.0,0,-17.9,-9.22,[],0,0,[],[]
11249620,11250250,NA,TVN,0.0,302,pause,NA,NA,NA,NA,0.0,0,-34.01,-25.31,[],0,0,[],[]
11250250,11251820,NA,TVN,0.0,302,pause,NA,NA,NA,NA,0.0,0,-33.85,-25.45,[],0,0,[],[]
11251820,11253330,CHI,CHN,0.0,302,CM,EC,0,NT,FI,1.0,1410,-16.5,-8.91,"[{'Canonical-syllable': '1', 'Growl': '0', 'High-freq-energy': '1', 'Long-island': '0', 'Low-tilt-spectrum': '1', 'Medium-island': '2', 'Short-island': '1', 'Squeal': '0', 'Typical-entropy': '3', 'Voicing-quality': '3', 'Wide-band': '0', 'Xlong-island': '0', 'seq': '1', 'end': 11253.23, 'start': 11251.82}]",0,0,[],[]
11253330,11254660,NA,TVN,0.0,303,pause,NA,NA,NA,NA,0.0,0,-22.19,-8.04,[],0,0,[],[]
11254660,11255790,NA,TVN,0.0,303,pause,NA,NA,NA,NA,0.0,0,-34.47,-27.34,[],0,0,[],[]
11255790,11256790,NA,TVN,0.0,303,pause,NA,NA,NA,NA,0.0,0,-35.76,-29.28,[],0,0,[],[]
11256790,11257460,NA,TVN,0.0,303,pause,NA,NA,NA,NA,0.0,0,-36.3,-27.36,[],0,0,[],[]
11257460,11258460,NA,TVN,0.0,303,pause,NA,NA,NA,NA,0.0,0,-34.16,-25.74,[],0,0,[],[]
11258460,11259830,NA,TVN,0.0,303,pause,NA,NA,NA,NA,0.0,0,-28.8,-20.15,[],0,0,[],[]
11259830,11260910,NA,TVN,0.0,303,pause,NA,NA,NA,NA,0.0,0,-34.46,-24.34,[],0,0,[],[]
11260910,11261510,NA,TVN,0.0,303,pause,NA,NA,NA,NA,0.0,0,-36.82,-28.24,[],0,0,[],[]
11261510,11262740,NA,TVN,0.0,303,pause,NA,NA,NA,NA,0.0,0,-34.85,-26.49,[],0,0,[],[]
11262740,11264070,NA,TVN,0.0,303,pause,NA,NA,NA,NA,0.0,0,-32.96,-28.57,[],0,0,[],[]
11264070,11264740,NA,TVN,0.0,303,pause,NA,NA,NA,NA,0.0,0,-36.32,-28.06,[],0,0,[],[]
11264740,11266260,NA,TVN,0.0,303,pause,NA,NA,NA,NA,0.0,0,-29.53,-19.45,[],0,0,[],[]
11266260,11266860,NA,TVN,0.0,303,pause,NA,NA,NA,NA,0.0,0,-35.7,-26.39,[],0,0,[],[]
11266860,11267660,NA,TVN,0.0,303,pause,NA,NA,NA,NA,0.0,0,-30.15,-22.09,[],0,0,[],[]
11267660,11268260,NA,TVN,0.0,303,pause,NA,NA,NA,NA,0.0,0,-34.84,-29.25,[],0,0,[],[]
11268260,11269200,NA,TVN,0.0,303,pause,NA,NA,NA,NA,0.0,0,-23.67,-14.5,[],0,0,[],[]
11269200,11270200,NA,TVN,0.0,303,pause,NA,NA,NA,NA,0.0,0,-33.65,-28.26,[],0,0,[],[]
11270200,11271380,NA,TVN,0.0,303,pause,NA,NA,NA,NA,0.0,0,-26.11,-15.49,[],0,0,[],[]
11271380,11272240,NA,TVN,0.0,303,pause,NA,NA,NA,NA,0.0,0,-19.44,-10.53,[],0,0,[],[]
11272240,11275830,NA,TVN,0.0,303,pause,NA,NA,NA,NA,0.0,0,-29.94,-19.09,[],0,0,[],[]
11275830,11276830,NA,TVN,0.0,303,pause,NA,NA,NA,NA,0.0,0,-32.58,-24.11,[],0,0,[],[]
11276830,11278400,NA,TVN,0.0,303,pause,NA,NA,NA,NA,0.0,0,-27.73,-19.22,[],0,0,[],[]
11278400,11280080,NA,TVN,0.0,303,pause,NA,NA,NA,NA,0.0,0,-28.01,-15.42,[],0,0,[],[]
11280080,11280990,NA,TVN,0.0,303,pause,NA,NA,NA,NA,0.0,0,-28.99,-23.35,[],0,0,[],[]
11280990,11282100,NA,TVN,0.0,303,pause,NA,NA,NA,NA,0.0,0,-30.68,-24.46,[],0,0,[],[]
11282100,11283100,NA,TVN,0.0,303,pause,NA,NA,NA,NA,0.0,0,-33.14,-24.64,[],0,0,[],[]
11283100,11287040,NA,TVN,0.0,303,pause,NA,NA,NA,NA,0.0,0,-33.49,-24.11,[],0,0,[],[]
11287040,11287640,NA,TVN,0.0,303,pause,NA,NA,NA,NA,0.0,0,-33.84,-25.33,[],0,0,[],[]
11287640,11289580,NA,TVN,0.0,303,pause,NA,NA,NA,NA,0.0,0,-34.06,-25.97,[],0,0,[],[]
11289580,11290800,NA,TVN,0.0,303,pause,NA,NA,NA,NA,0.0,0,-31.27,-23.75,[],0,0,[],[]
11290800,11291800,NA,TVN,0.0,303,pause,NA,NA,NA,NA,0.0,0,-33.98,-26.47,[],0,0,[],[]
11291800,11292710,NA,TVN,0.0,303,pause,NA,NA,NA,NA,0.0,0,-36.67,-29.77,[],0,0,[],[]
11292710,11293710,NA,TVN,0.0,303,pause,NA,NA,NA,NA,0.0,0,-18.66,-11.03,[],0,0,[],[]
11293710,11295440,NA,TVN,0.0,303,pause,NA,NA,NA,NA,0.0,0,-29.73,-13.08,[],0,0,[],[]
11295440,11296550,CHI,CHN,0.0,303,CIC,BC,0,TIMI,FI,1.0,1110,-16.9,-9.65,"[{'Canonical-syllable': '0', 'Growl': '0', 'High-freq-energy': '0', 'Long-island': '1', 'Low-tilt-spectrum': '0', 'Medium-island': '0', 'Short-island': '1', 'Squeal': '0', 'Typical-entropy': '2', 'Voicing-quality': '2', 'Wide-band': '0', 'Xlong-island': '0', 'seq': '1', 'end': 11296.55, 'start': 11295.44}]",0,0,[],[]
11296550,11297550,MAL,MAN,5.71,303,CIC,EC,1,TIMR,FI,0.0,0,-20.97,-14.65,[],0,0,[],[]
11297550,11298820,NA,TVN,0.0,304,pause,NA,NA,NA,NA,0.0,0,-37.24,-29.67,[],0,0,[],[]
11298820,11299620,NA,TVN,0.0,304,pause,NA,NA,NA,NA,0.0,0,-36.38,-29.04,[],0,0,[],[]
11299620,11300660,NA,TVN,0.0,304,pause,NA,NA,NA,NA,0.0,0,-36.92,-26.61,[],0,0,[],[]
11300660,11301720,NA,TVN,0.0,304,pause,NA,NA,NA,NA,0.0,0,-36.73,-28.79,[],0,0,[],[]
11301720,11303460,NA,TVN,0.0,304,pause,NA,NA,NA,NA,0.0,0,-36.32,-27.74,[],0,0,[],[]
11303460,11304460,MAL,MAN,6.21,304,AICM,BC,0,TIMI,FI,0.0,0,-26.42,-20.93,[],0,0,[],[]
11304460,11305260,NA,TVN,0.0,304,AICM,NA,NA,NA,NA,0.0,0,-22.39,-12.72,[],0,0,[],[]
11305260,11306670,CHI,CHN,0.0,304,AICM,EC,1,TIMR,FI,2.0,1090,-15.67,-8.92,"[{'Canonical-syllable': '1', 'Growl': '0', 'High-freq-energy': '1', 'Long-island': '0', 'Low-tilt-spectrum': '2', 'Medium-island': '0', 'Short-island': '2', 'Squeal': '0', 'Typical-entropy': '2', 'Voicing-quality': '2', 'Wide-band': '0', 'Xlong-island': '0', 'seq': '1', 'end': 11305.85, 'start': 11305.26}, {'Canonical-syllable': '0', 'Growl': '0', 'High-freq-energy': '0', 'Long-island': '0', 'Low-tilt-spectrum': '0', 'Medium-island': '1', 'Short-island': '0', 'Squeal': '0', 'Typical-entropy': '0', 'Voicing-quality': '1', 'Wide-band': '0', 'Xlong-island': '0', 'seq': '2', 'end': 11306.67, 'start': 11306.17}]",0,0,[],[]
11306670,11308580,NA,TVN,0.0,305,pause,NA,NA,NA,NA,0.0,0,-30.48,-21.29,[],0,0,[],[]
11308580,11309580,NA,TVN,0.0,305,pause,NA,NA,NA,NA,0.0,0,-36.19,-28.35,[],0,0,[],[]
11309580,11310380,NA,TVN,0.0,305,pause,NA,NA,NA,NA,0.0,0,-36.83,-29.44,[],0,0,[],[]
11310380,11311380,NA,TVN,0.0,305,pause,NA,NA,NA,NA,0.0,0,-34.67,-22.44,[],0,0,[],[]
11311380,11313210,NA,TVN,0.0,305,pause,NA,NA,NA,NA,0.0,0,-38.23,-22.72,[],0,0,[],[]
11313210,11314720,NA,TVN,0.0,305,pause,NA,NA,NA,NA,0.0,0,-37.58,-28.81,[],0,0,[],[]
11314720,11318240,NA,TVN,0.0,305,pause,NA,NA,NA,NA,0.0,0,-31.04,-19.38,[],0,0,[],[]
11318240,11319260,NA,TVN,0.0,305,pause,NA,NA,NA,NA,0.0,0,-34.88,-28.12,[],0,0,[],[]
11319260,11321670,NA,TVN,0.0,305,pause,NA,NA,NA,NA,0.0,0,-27.06,-12.67,[],0,0,[],[]
11321670,11323340,NA,TVN,0.0,305,pause,NA,NA,NA,NA,0.0,0,-36.91,-28.97,[],0,0,[],[]
11323340,11326350,NA,TVN,0.0,305,pause,NA,NA,NA,NA,0.0,0,-36.34,-27.92,[],0,0,[],[]
11326350,11327430,NA,TVN,0.0,305,pause,NA,NA,NA,NA,0.0,0,-39.24,-29.03,[],0,0,[],[]
11327430,11328510,NA,TVN,0.0,305,pause,NA,NA,NA,NA,0.0,0,-37.07,-31.68,[],0,0,[],[]
11328510,11331660,NA,TVN,0.0,305,pause,NA,NA,NA,NA,0.0,0,-35.65,-24.32,[],0,0,[],[]
11331660,11332660,OCH,CXN,0.0,305,XM,EC,0,NT,FI,0.0,0,-15.14,-8.98,[],0,0,[],[]
11332660,11334990,NA,TVN,0.0,306,pause,NA,NA,NA,NA,0.0,0,-29.25,-18.73,[],0,0,[],[]
11334990,11337480,NA,TVN,0.0,306,pause,NA,NA,NA,NA,0.0,0,-35.62,-25.29,[],0,0,[],[]
11337480,11339310,NA,TVN,0.0,306,pause,NA,NA,NA,NA,0.0,0,-36.46,-25.79,[],0,0,[],[]
11339310,11340310,NA,TVN,0.0,306,pause,NA,NA,NA,NA,0.0,0,-34.8,-26.63,[],0,0,[],[]
11340310,11341440,NA,TVN,0.0,306,pause,NA,NA,NA,NA,0.0,0,-34.27,-25.75,[],0,0,[],[]
11341440,11342700,NA,TVN,0.0,306,pause,NA,NA,NA,NA,0.0,0,-36.95,-29.35,[],0,0,[],[]
11342700,11344100,NA,TVN,0.0,306,pause,NA,NA,NA,NA,0.0,0,-37.81,-30.0,[],0,0,[],[]
11344100,11348170,NA,TVN,0.0,306,pause,NA,NA,NA,NA,0.0,0,-36.72,-26.23,[],0,0,[],[]
11348170,11349110,NA,TVN,0.0,306,pause,NA,NA,NA,NA,0.0,0,-36.64,-29.54,[],0,0,[],[]
11349110,11350180,NA,TVN,0.0,306,pause,NA,NA,NA,NA,0.0,0,-36.53,-28.39,[],0,0,[],[]
11350180,11350990,NA,TVN,0.0,306,pause,NA,NA,NA,NA,0.0,0,-33.08,-24.95,[],0,0,[],[]
11350990,11351830,NA,TVN,0.0,306,pause,NA,NA,NA,NA,0.0,0,-37.04,-29.6,[],0,0,[],[]
11351830,11352860,NA,TVN,0.0,306,pause,NA,NA,NA,NA,0.0,0,-36.22,-28.84,[],0,0,[],[]
11352860,11353660,NA,TVN,0.0,306,pause,NA,NA,NA,NA,0.0,0,-33.64,-26.21,[],0,0,[],[]
11353660,11356770,NA,TVN,0.0,306,pause,NA,NA,NA,NA,0.0,0,-30.96,-14.99,[],0,0,[],[]
11356770,11358210,NA,TVN,0.0,306,pause,NA,NA,NA,NA,0.0,0,-19.68,-10.62,[],0,0,[],[]
11358210,11359330,NA,TVN,0.0,306,pause,NA,NA,NA,NA,0.0,0,-37.78,-29.21,[],0,0,[],[]
11359330,11360250,NA,TVN,0.0,306,pause,NA,NA,NA,NA,0.0,0,-26.06,-18.72,[],0,0,[],[]
11360250,11360860,CHI,CHN,0.0,306,CIC,BC,0,TIFI,FI,1.0,610,-13.87,-9.53,"[{'Canonical-syllable': '0', 'Growl': '0', 'High-freq-energy': '0', 'Long-island': '0', 'Low-tilt-spectrum': '0', 'Medium-island': '1', 'Short-island': '0', 'Squeal': '0', 'Typical-entropy': '1', 'Voicing-quality': '1', 'Wide-band': '0', 'Xlong-island': '0', 'seq': '1', 'end': 11360.86, 'start': 11360.25}]",0,0,[],[]
11360860,11361670,FEM,FAN,8.07,306,CIC,RC,1,TIFR,FI,0.0,0,-20.0,-10.62,[],0,0,[],[]
11361670,11362490,NA,CXF,0.0,306,CIC,NA,NA,NA,NA,0.0,0,-39.95,-34.94,[],0,0,[],[]
11362490,11363290,NA,SIL,0.0,306,CIC,NA,NA,NA,NA,0.0,0,-51.49,-42.24,[],0,0,[],[]
11363290,11365530,NA,NOF,0.0,306,CIC,NA,NA,NA,NA,0.0,0,-42.5,-25.35,[],0,0,[],[]
11365530,11366130,OCH,CXN,0.0,306,CIC,RC,1,NT,FI,0.0,0,-28.09,-19.82,[],0,0,[],[]
11366130,11368100,CHI,CHN,0.0,306,CIC,RC,1,NT,FI,2.0,990,-18.65,-9.73,"[{'Canonical-syllable': '1', 'Growl': '0', 'High-freq-energy': '0', 'Long-island': '0', 'Low-tilt-spectrum': '0', 'Medium-island': '0', 'Short-island': '1', 'Squeal': '0', 'Typical-entropy': '1', 'Voicing-quality': '1', 'Wide-band': '0', 'Xlong-island': '0', 'seq': '1', 'end': 11366.35, 'start': 11366.13}, {'Canonical-syllable': '0', 'Growl': '0', 'High-freq-energy': '0', 'Long-island': '0', 'Low-tilt-spectrum': '1', 'Medium-island': '2', 'Short-island': '0', 'Squeal': '0', 'Typical-entropy': '0', 'Voicing-quality': '2', 'Wide-band': '0', 'Xlong-island': '0', 'seq': '2', 'end': 11367.78, 'start': 11367.01}]",0,0,[],[]
11368100,11368920,NA,NOF,0.0,306,CIC,NA,NA,NA,NA,0.0,0,-46.0,-40.01,[],0,0,[],[]
11368920,11370280,CHI,CHN,0.0,306,CIC,RC,1,NT,FH,1.0,1360,-15.57,-8.78,"[{'Canonical-syllable': '1', 'Growl': '1', 'High-freq-energy': '2', 'Long-island': '0', 'Low-tilt-spectrum': '2', 'Medium-island': '2', 'Short-island': '2', 'Squeal': '0', 'Typical-entropy': '4', 'Voicing-quality': '4', 'Wide-band': '0', 'Xlong-island': '0', 'seq': '1', 'end': 11370.28, 'start': 11368.92}]",0,0,[],[]
11370280,11371280,NA,NOF,0.0,306,CIC,NA,NA,NA,NA,0.0,0,-42.09,-35.08,[],0,0,[],[]
11371280,11372380,NA,TVN,0.0,306,CIC,NA,NA,NA,NA,0.0,0,-40.16,-31.57,[],0,0,[],[]
11372380,11374040,NA,NOF,0.0,306,CIC,NA,NA,NA,NA,0.0,0,-44.33,-28.9,[],0,0,[],[]
11374040,11375230,CHI,CHN,0.0,306,CIC,RC,1,NT,FH,1.0,1070,-16.61,-10.36,"[{'Canonical-syllable': '0', 'Growl': '0', 'High-freq-energy': '0', 'Long-island': '1', 'Low-tilt-spectrum': '0', 'Medium-island': '1', 'Short-island': '0', 'Squeal': '0', 'Typical-entropy': '0', 'Voicing-quality': '2', 'Wide-band': '0', 'Xlong-island': '0', 'seq': '1', 'end': 11375.11, 'start': 11374.04}]",0,0,[],[]
11375230,11376470,NA,TVN,0.0,306,CIC,NA,NA,NA,NA,0.0,0,-37.36,-33.01,[],0,0,[],[]
11376470,11377540,OCH,CXN,0.0,306,CIC,EC,1,NT,FI,0.0,0,-15.73,-9.26,[],0,0,[],[]
11377540,11379280,NA,TVN,0.0,307,pause,NA,NA,NA,NA,0.0,0,-35.77,-22.77,[],0,0,[],[]
11379280,11380280,NA,TVN,0.0,307,pause,NA,NA,NA,NA,0.0,0,-19.5,-11.4,[],0,0,[],[]
11380280,11381280,NA,TVN,0.0,307,pause,NA,NA,NA,NA,0.0,0,-35.54,-26.94,[],0,0,[],[]
11381280,11382290,NA,TVN,0.0,307,pause,NA,NA,NA,NA,0.0,0,-21.9,-11.68,[],0,0,[],[]
11382290,11383320,NA,TVN,0.0,307,pause,NA,NA,NA,NA,0.0,0,-36.82,-25.82,[],0,0,[],[]
11383320,11384120,NA,TVN,0.0,307,pause,NA,NA,NA,NA,0.0,0,-37.59,-22.54,[],0,0,[],[]
11384120,11384930,NA,TVN,0.0,307,pause,NA,NA,NA,NA,0.0,0,-36.64,-25.47,[],0,0,[],[]
11384930,11386320,CHI,CHN,0.0,307,CIC,BC,0,NT,FI,1.0,1270,-12.9,-2.66,"[{'Canonical-syllable': '0', 'Growl': '1', 'High-freq-energy': '0', 'Long-island': '0', 'Low-tilt-spectrum': '3', 'Medium-island': '2', 'Short-island': '1', 'Squeal': '0', 'Typical-entropy': '3', 'Voicing-quality': '3', 'Wide-band': '0', 'Xlong-island': '0', 'seq': '1', 'end': 11386.2, 'start': 11384.93}]",0,0,[],[]
11386320,11387180,NA,TVN,0.0,307,CIC,NA,NA,NA,NA,0.0,0,-35.26,-27.49,[],0,0,[],[]
11387180,11388070,CHI,CHN,0.0,307,CIC,RC,0,NT,FH,1.0,890,-15.21,-8.1,"[{'Canonical-syllable': '0', 'Growl': '1', 'High-freq-energy': '0', 'Long-island': '0', 'Low-tilt-spectrum': '2', 'Medium-island': '1', 'Short-island': '1', 'Squeal': '0', 'Typical-entropy': '2', 'Voicing-quality': '2', 'Wide-band': '0', 'Xlong-island': '0', 'seq': '1', 'end': 11388.07, 'start': 11387.3}]",0,0,[],[]
11388070,11389390,NA,TVN,0.0,307,CIC,NA,NA,NA,NA,0.0,0,-35.21,-24.96,[],0,0,[],[]
11389390,11390780,CHI,CHN,0.0,307,CIC,RC,0,TIFI,FH,1.0,1390,-15.52,-8.3,"[{'Canonical-syllable': '1', 'Growl': '1', 'High-freq-energy': '0', 'Long-island': '1', 'Low-tilt-spectrum': '1', 'Medium-island': '1', 'Short-island': '1', 'Squeal': '0', 'Typical-entropy': '1', 'Voicing-quality': '3', 'Wide-band': '0', 'Xlong-island': '0', 'seq': '1', 'end': 11390.78, 'start': 11389.39}]",0,0,[],[]
11390780,11393160,FEM,FAN,12.33,307,CIC,RC,1,TIFR,FI,0.0,0,-21.23,-12.29,[],0,0,[],[]
11393160,11397310,NA,TVN,0.0,307,CIC,NA,NA,NA,NA,0.0,0,-34.18,-23.72,[],0,0,[],[]
11397310,11397930,CHI,CHN,0.0,307,CIC,RC,1,TIFI,FI,1.0,620,-15.44,-6.41,"[{'Canonical-syllable': '1', 'Growl': '0', 'High-freq-energy': '0', 'Long-island': '0', 'Low-tilt-spectrum': '0', 'Medium-island': '1', 'Short-island': '0', 'Squeal': '0', 'Typical-entropy': '1', 'Voicing-quality': '1', 'Wide-band': '0', 'Xlong-island': '0', 'seq': '1', 'end': 11397.93, 'start': 11397.57}]",0,0,[],[]
11397930,11399730,FEM,FAN,7.63,307,CIC,RC,2,TIFR,FI,0.0,0,-19.24,-9.93,[],0,0,[],[]
11399730,11400340,CHI,CHN,0.0,307,CIC,RC,2,TIFI,FI,1.0,240,-21.31,-11.87,"[{'Canonical-syllable': '0', 'Growl': '0', 'High-freq-energy': '0', 'Long-island': '0', 'Low-tilt-spectrum': '0', 'Medium-island': '0', 'Short-island': '1', 'Squeal': '0', 'Typical-entropy': '1', 'Voicing-quality': '1', 'Wide-band': '0', 'Xlong-island': '0', 'seq': '1', 'end': 11399.97, 'start': 11399.81}]",0,0,[],[]
11400340,11401570,FEM,FAN,9.47,307,CIC,EC,3,TIFR,FI,0.0,0,-22.0,-12.67,[],0,0,[],[]
11401570,11402180,NA,OLN,0.0,308,pause,NA,NA,NA,NA,0.0,0,-18.43,-9.88,[],0,0,[],[]
11402180,11403190,NA,TVN,0.0,308,pause,NA,NA,NA,NA,0.0,0,-36.49,-27.35,[],0,0,[],[]
11403190,11405290,NA,TVN,0.0,308,pause,NA,NA,NA,NA,0.0,0,-30.57,-19.3,[],0,0,[],[]
11405290,11407660,NA,TVN,0.0,308,pause,NA,NA,NA,NA,0.0,0,-36.47,-28.24,[],0,0,[],[]
11407660,11409920,NA,TVN,0.0,308,pause,NA,NA,NA,NA,0.0,0,-35.94,-25.54,[],0,0,[],[]
11409920,11410580,CHI,CHN,0.0,308,CM,EC,0,NT,FI,1.0,580,-21.7,-14.21,"[{'Canonical-syllable': '0', 'Growl': '0', 'High-freq-energy': '0', 'Long-island': '0', 'Low-tilt-spectrum': '0', 'Medium-island': '1', 'Short-island': '0', 'Squeal': '0', 'Typical-entropy': '1', 'Voicing-quality': '1', 'Wide-band': '0', 'Xlong-island': '0', 'seq': '1', 'end': 11410.5, 'start': 11410.06}]",0,0,[],[]
11410580,11411930,NA,TVN,0.0,309,pause,NA,NA,NA,NA,0.0,0,-36.16,-28.6,[],0,0,[],[]
11411930,11412730,NA,TVN,0.0,309,pause,NA,NA,NA,NA,0.0,0,-37.86,-31.32,[],0,0,[],[]
11412730,11414220,NA,TVN,0.0,309,pause,NA,NA,NA,NA,0.0,0,-35.41,-28.48,[],0,0,[],[]
11414220,11415730,NA,TVN,0.0,309,pause,NA,NA,NA,NA,0.0,0,-33.73,-24.3,[],0,0,[],[]
11415730,11416800,NA,TVN,0.0,309,pause,NA,NA,NA,NA,0.0,0,-35.29,-25.39,[],0,0,[],[]
11416800,11418340,NA,TVN,0.0,309,pause,NA,NA,NA,NA,0.0,0,-34.85,-26.02,[],0,0,[],[]
11418340,11419340,NA,TVN,0.0,309,pause,NA,NA,NA,NA,0.0,0,-35.07,-28.1,[],0,0,[],[]
11419340,11420660,NA,TVN,0.0,309,pause,NA,NA,NA,NA,0.0,0,-36.46,-23.84,[],0,0,[],[]
11420660,11421690,NA,TVN,0.0,309,pause,NA,NA,NA,NA,0.0,0,-39.88,-35.68,[],0,0,[],[]
11421690,11423280,NA,TVN,0.0,309,pause,NA,NA,NA,NA,0.0,0,-30.0,-22.78,[],0,0,[],[]
11423280,11424630,NA,TVN,0.0,309,pause,NA,NA,NA,NA,0.0,0,-37.84,-31.46,[],0,0,[],[]
11424630,11425630,NA,TVN,0.0,309,pause,NA,NA,NA,NA,0.0,0,-36.1,-31.58,[],0,0,[],[]
11425630,11430650,NA,TVN,0.0,309,pause,NA,NA,NA,NA,0.0,0,-35.97,-24.91,[],0,0,[],[]
11430650,11431810,FEM,FAN,7.97,309,AMF,EC,0,NT,FI,0.0,0,-18.13,-10.79,[],0,0,[],[]
11431810,11432730,NA,TVN,0.0,310,pause,NA,NA,NA,NA,0.0,0,-24.38,-11.1,[],0,0,[],[]
11432730,11434030,NA,TVN,0.0,310,pause,NA,NA,NA,NA,0.0,0,-37.66,-32.75,[],0,0,[],[]
11434030,11435050,NA,TVN,0.0,310,pause,NA,NA,NA,NA,0.0,0,-20.76,-12.56,[],0,0,[],[]
11435050,11436790,NA,TVN,0.0,310,pause,NA,NA,NA,NA,0.0,0,-36.12,-29.54,[],0,0,[],[]
11436790,11440100,NA,TVN,0.0,310,pause,NA,NA,NA,NA,0.0,0,-38.31,-26.63,[],0,0,[],[]
11440100,11441100,NA,TVN,0.0,310,pause,NA,NA,NA,NA,0.0,0,-24.71,-16.78,[],0,0,[],[]
11441100,11442110,NA,TVN,0.0,310,pause,NA,NA,NA,NA,0.0,0,-37.31,-24.63,[],0,0,[],[]
11442110,11443150,NA,TVN,0.0,310,pause,NA,NA,NA,NA,0.0,0,-31.81,-23.87,[],0,0,[],[]
11443150,11445740,NA,TVN,0.0,310,pause,NA,NA,NA,NA,0.0,0,-36.56,-25.77,[],0,0,[],[]
11445740,11449500,NA,TVN,0.0,310,pause,NA,NA,NA,NA,0.0,0,-36.72,-24.69,[],0,0,[],[]
11449500,11450540,NA,TVN,0.0,310,pause,NA,NA,NA,NA,0.0,0,-36.09,-29.47,[],0,0,[],[]
11450540,11451960,NA,TVN,0.0,310,pause,NA,NA,NA,NA,0.0,0,-37.53,-26.82,[],0,0,[],[]
11451960,11452970,NA,TVN,0.0,310,pause,NA,NA,NA,NA,0.0,0,-37.05,-25.0,[],0,0,[],[]
11452970,11455210,NA,TVN,0.0,310,pause,NA,NA,NA,NA,0.0,0,-35.31,-25.0,[],0,0,[],[]
11455210,11457080,CHI,CHN,0.0,310,CIC,BC,0,TIMI,FI,1.0,1870,-17.1,-8.53,"[{'Canonical-syllable': '0', 'Growl': '3', 'High-freq-energy': '0', 'Long-island': '0', 'Low-tilt-spectrum': '0', 'Medium-island': '0', 'Short-island': '6', 'Squeal': '0', 'Typical-entropy': '5', 'Voicing-quality': '7', 'Wide-band': '0', 'Xlong-island': '0', 'seq': '1', 'end': 11457.08, 'start': 11455.21}]",0,0,[],[]
11457080,11458080,MAL,MAN,4.86,310,CIC,RC,1,TIMR,FI,0.0,0,-21.44,-15.54,[],0,0,[],[]
11458080,11461340,NA,TVN,0.0,310,CIC,NA,NA,NA,NA,0.0,0,-35.81,-22.59,[],0,0,[],[]
11461340,11462340,FEM,FAN,6.46,310,CIC,RC,1,NT,FI,0.0,0,-17.14,-7.76,[],0,0,[],[]
11462340,11463200,NA,TVN,0.0,310,CIC,NA,NA,NA,NA,0.0,0,-36.85,-29.66,[],0,0,[],[]
11463200,11464210,FEM,FAN,1.21,310,CIC,EC,1,NT,FH,0.0,0,-19.77,-9.33,[],0,0,[],[]
11464210,11472880,NA,TVN,0.0,311,pause,NA,NA,NA,NA,0.0,0,-33.39,-19.35,[],0,0,[],[]
11472880,11473970,NA,TVN,0.0,311,pause,NA,NA,NA,NA,0.0,0,-25.65,-16.0,[],0,0,[],[]
11473970,11474810,NA,TVN,0.0,311,pause,NA,NA,NA,NA,0.0,0,-34.73,-25.69,[],0,0,[],[]
11474810,11475810,NA,TVN,0.0,311,pause,NA,NA,NA,NA,0.0,0,-27.5,-20.25,[],0,0,[],[]
11475810,11476810,NA,TVN,0.0,311,pause,NA,NA,NA,NA,0.0,0,-35.75,-28.81,[],0,0,[],[]
11476810,11478210,NA,TVN,0.0,311,pause,NA,NA,NA,NA,0.0,0,-37.97,-27.73,[],0,0,[],[]
11478210,11480240,NA,TVN,0.0,311,pause,NA,NA,NA,NA,0.0,0,-39.52,-34.94,[],0,0,[],[]
11480240,11481660,NA,TVN,0.0,311,pause,NA,NA,NA,NA,0.0,0,-38.0,-25.42,[],0,0,[],[]
11481660,11483040,NA,TVN,0.0,311,pause,NA,NA,NA,NA,0.0,0,-35.5,-29.81,[],0,0,[],[]
11483040,11483890,NA,TVN,0.0,311,pause,NA,NA,NA,NA,0.0,0,-37.96,-34.22,[],0,0,[],[]
11483890,11485040,NA,TVN,0.0,311,pause,NA,NA,NA,NA,0.0,0,-37.46,-33.48,[],0,0,[],[]
11485040,11486500,NA,TVN,0.0,311,pause,NA,NA,NA,NA,0.0,0,-37.45,-27.69,[],0,0,[],[]
11486500,11487340,CHI,CHN,0.0,311,CM,BC,0,NT,FI,1.0,840,-15.48,-10.72,"[{'Canonical-syllable': '0', 'Growl': '0', 'High-freq-energy': '0', 'Long-island': '1', 'Low-tilt-spectrum': '1', 'Medium-island': '0', 'Short-island': '0', 'Squeal': '0', 'Typical-entropy': '1', 'Voicing-quality': '1', 'Wide-band': '0', 'Xlong-island': '0', 'seq': '1', 'end': 11487.34, 'start': 11486.5}]",0,0,[],[]
11487340,11488780,NA,TVN,0.0,311,CM,NA,NA,NA,NA,0.0,0,-29.37,-23.44,[],0,0,[],[]
11488780,11489600,NA,TVN,0.0,311,CM,NA,NA,NA,NA,0.0,0,-38.02,-33.65,[],0,0,[],[]
11489600,11490740,NA,TVN,0.0,311,CM,NA,NA,NA,NA,0.0,0,-37.19,-32.18,[],0,0,[],[]
11490740,11491740,CHI,CHN,0.0,311,CM,EC,0,NT,FH,1.0,1000,-16.72,-11.33,"[{'Canonical-syllable': '0', 'Growl': '0', 'High-freq-energy': '0', 'Long-island': '1', 'Low-tilt-spectrum': '0', 'Medium-island': '0', 'Short-island': '0', 'Squeal': '0', 'Typical-entropy': '0', 'Voicing-quality': '1', 'Wide-band': '0', 'Xlong-island': '0', 'seq': '1', 'end': 11491.74, 'start': 11491.01}]",0,0,[],[]
11491740,11493320,NA,TVN,0.0,312,pause,NA,NA,NA,NA,0.0,0,-29.57,-16.46,[],0,0,[],[]
11493320,11494320,NA,TVN,0.0,312,pause,NA,NA,NA,NA,0.0,0,-26.61,-16.67,[],0,0,[],[]
11494320,11498350,NA,TVN,0.0,312,pause,NA,NA,NA,NA,0.0,0,-36.17,-24.02,[],0,0,[],[]
11498350,11499360,NA,TVN,0.0,312,pause,NA,NA,NA,NA,0.0,0,-37.82,-27.68,[],0,0,[],[]
11499360,11500360,NA,TVN,0.0,312,pause,NA,NA,NA,NA,0.0,0,-36.65,-25.54,[],0,0,[],[]
11500360,11501160,NA,TVN,0.0,312,pause,NA,NA,NA,NA,0.0,0,-35.55,-21.67,[],0,0,[],[]
11501160,11502180,NA,TVN,0.0,312,pause,NA,NA,NA,NA,0.0,0,-35.77,-21.77,[],0,0,[],[]
11502180,11503120,NA,TVN,0.0,312,pause,NA,NA,NA,NA,0.0,0,-36.96,-25.58,[],0,0,[],[]
11503120,11504430,NA,TVN,0.0,312,pause,NA,NA,NA,NA,0.0,0,-37.22,-27.71,[],0,0,[],[]
11504430,11505730,MAL,MAN,4.54,312,AICM,BC,0,TIMI,FI,0.0,0,-30.48,-19.96,[],0,0,[],[]
11505730,11506870,NA,TVN,0.0,312,AICM,NA,NA,NA,NA,0.0,0,-38.66,-34.52,[],0,0,[],[]
11506870,11507870,CHI,CHN,0.0,312,AICM,RC,1,TIMR,FI,1.0,1000,-15.07,-10.63,"[{'Canonical-syllable': '1', 'Growl': '0', 'High-freq-energy': '1', 'Long-island': '0', 'Low-tilt-spectrum': '1', 'Medium-island': '2', 'Short-island': '0', 'Squeal': '0', 'Typical-entropy': '0', 'Voicing-quality': '2', 'Wide-band': '0', 'Xlong-island': '0', 'seq': '1', 'end': 11507.87, 'start': 11506.87}]",0,0,[],[]
11507870,11508750,CHI,CHN,0.0,312,AICM,RC,1,NT,FH,1.0,880,-16.39,-11.96,"[{'Canonical-syllable': '0', 'Growl': '0', 'High-freq-energy': '0', 'Long-island': '1', 'Low-tilt-spectrum': '0', 'Medium-island': '0', 'Short-island': '0', 'Squeal': '0', 'Typical-entropy': '0', 'Voicing-quality': '1', 'Wide-band': '0', 'Xlong-island': '0', 'seq': '1', 'end': 11508.75, 'start': 11507.87}]",0,0,[],[]
11508750,11510270,CHI,CHN,0.0,312,AICM,RC,1,NT,FH,1.0,1520,-16.81,-10.03,"[{'Canonical-syllable': '0', 'Growl': '0', 'High-freq-energy': '0', 'Long-island': '0', 'Low-tilt-spectrum': '1', 'Medium-island': '0', 'Short-island': '0', 'Squeal': '0', 'Typical-entropy': '1', 'Voicing-quality': '2', 'Wide-band': '0', 'Xlong-island': '1', 'seq': '1', 'end': 11510.27, 'start': 11508.75}]",0,0,[],[]
11510270,11511290,OCH,CXN,0.0,312,AICM,RC,1,NT,FI,0.0,0,-18.43,-12.12,[],0,0,[],[]
11511290,11514430,FEM,FAN,12.34,312,AICM,RC,1,NT,FI,0.0,0,-19.45,-8.91,[],0,0,[],[]
11514430,11515240,NA,SIL,0.0,312,AICM,NA,NA,NA,NA,0.0,0,-50.47,-38.66,[],0,0,[],[]
11515240,11516380,FEM,FAN,4.79,312,AICM,RC,1,NT,FH,0.0,0,-26.65,-18.18,[],0,0,[],[]
11516380,11517310,NA,TVF,0.0,312,AICM,NA,NA,NA,NA,0.0,0,-34.52,-22.68,[],0,0,[],[]
11517310,11518400,FEM,FAN,4.09,312,AICM,RC,1,NT,FH,0.0,0,-20.73,-12.11,[],0,0,[],[]
11518400,11519600,MAL,MAN,5.28,312,AICM,RC,1,NT,FI,0.0,0,-24.44,-14.18,[],0,0,[],[]
11519600,11520500,NA,NOF,0.0,312,AICM,NA,NA,NA,NA,0.0,0,-42.9,-29.9,[],0,0,[],[]
11520500,11521510,FEM,FAN,4.22,312,AICM,RC,1,NT,FI,0.0,0,-23.43,-16.32,[],0,0,[],[]
11521510,11522170,OCH,CXN,0.0,312,AICM,RC,1,NT,FI,0.0,0,-17.48,-10.1,[],0,0,[],[]
11522170,11523350,NA,OLF,0.0,312,AICM,NA,NA,NA,NA,0.0,0,-38.96,-29.19,[],0,0,[],[]
11523350,11524590,CHI,CHN,0.0,312,AICM,RC,1,TIFI,FI,1.0,1240,-15.57,-8.49,"[{'Canonical-syllable': '0', 'Growl': '0', 'High-freq-energy': '0', 'Long-island': '0', 'Low-tilt-spectrum': '0', 'Medium-island': '0', 'Short-island': '0', 'Squeal': '0', 'Typical-entropy': '0', 'Voicing-quality': '1', 'Wide-band': '0', 'Xlong-island': '1', 'seq': '1', 'end': 11524.59, 'start': 11523.35}]",0,0,[],[]
11524590,11525630,NA,TVN,0.0,312,AICM,NA,NA,NA,NA,0.0,0,-25.93,-16.28,[],0,0,[],[]
11525630,11526430,NA,SIL,0.0,312,AICM,NA,NA,NA,NA,0.0,0,-45.49,-32.84,[],0,0,[],[]
11526430,11527430,NA,NOF,0.0,312,AICM,NA,NA,NA,NA,0.0,0,-44.94,-30.98,[],0,0,[],[]
11527430,11528430,FEM,FAN,4.0,312,AICM,RC,2,TIFR,FI,0.0,0,-23.13,-12.23,[],0,0,[],[]
11528430,11529530,NA,TVN,0.0,312,AICM,NA,NA,NA,NA,0.0,0,-33.3,-23.13,[],0,0,[],[]
11529530,11531740,NA,TVN,0.0,312,AICM,NA,NA,NA,NA,0.0,0,-36.64,-26.65,[],0,0,[],[]
11531740,11532540,NA,TVN,0.0,312,AICM,NA,NA,NA,NA,0.0,0,-37.56,-31.99,[],0,0,[],[]
11532540,11533650,FEM,FAN,0.81,312,AICM,RC,2,NT,FH,0.0,0,-23.54,-10.43,[],0,0,[],[]
11533650,11534570,NA,SIL,0.0,312,AICM,NA,NA,NA,NA,0.0,0,-50.27,-35.32,[],0,0,[],[]
11534570,11535370,NA,NOF,0.0,312,AICM,NA,NA,NA,NA,0.0,0,-45.78,-32.52,[],0,0,[],[]
11535370,11536460,CHI,CHN,0.0,312,AICM,RC,2,TIFE,FI,1.0,1090,-17.83,-10.7,"[{'Canonical-syllable': '0', 'Growl': '0', 'High-freq-energy': '0', 'Long-island': '1', 'Low-tilt-spectrum': '0', 'Medium-island': '0', 'Short-island': '0', 'Squeal': '0', 'Typical-entropy': '0', 'Voicing-quality': '1', 'Wide-band': '0', 'Xlong-island': '0', 'seq': '1', 'end': 11536.46, 'start': 11535.63}]",0,0,[],[]
11536460,11537680,CHI,CHN,0.0,312,AICM,RC,2,TIFI,FH,2.0,630,-20.37,-9.36,"[{'Canonical-syllable': '1', 'Growl': '0', 'High-freq-energy': '0', 'Long-island': '0', 'Low-tilt-spectrum': '0', 'Medium-island': '0', 'Short-island': '1', 'Squeal': '0', 'Typical-entropy': '1', 'Voicing-quality': '1', 'Wide-band': '0', 'Xlong-island': '0', 'seq': '1', 'end': 11536.71, 'start': 11536.46}, {'Canonical-syllable': '1', 'Growl': '0', 'High-freq-energy': '0', 'Long-island': '0', 'Low-tilt-spectrum': '0', 'Medium-island': '1', 'Short-island': '0', 'Squeal': '0', 'Typical-entropy': '1', 'Voicing-quality': '1', 'Wide-band': '0', 'Xlong-island': '0', 'seq': '2', 'end': 11537.68, 'start': 11537.3}]",0,0,[],[]
11537680,11539530,FEM,FAN,6.6,312,AICM,RC,3,TIFR,FI,0.0,0,-25.38,-14.33,[],0,0,[],[]
11539530,11540360,CHI,CHN,0.0,312,AICM,EC,3,TIFE,FI,1.0,830,-18.17,-10.88,"[{'Canonical-syllable': '0', 'Growl': '1', 'High-freq-energy': '0', 'Long-island': '0', 'Low-tilt-spectrum': '0', 'Medium-island': '0', 'Short-island': '3', 'Squeal': '0', 'Typical-entropy': '1', 'Voicing-quality': '3', 'Wide-band': '0', 'Xlong-island': '0', 'seq': '1', 'end': 11540.36, 'start': 11539.53}]",0,0,[],[]
11540360,11541420,NA,TVN,0.0,313,pause,NA,NA,NA,NA,0.0,0,-35.04,-27.57,[],0,0,[],[]
11541420,11542420,NA,TVN,0.0,313,pause,NA,NA,NA,NA,0.0,0,-39.13,-30.57,[],0,0,[],[]
11542420,11543020,NA,TVF,0.0,313,pause,NA,NA,NA,NA,0.0,0,-38.84,-32.22,[],0,0,[],[]
11543020,11544440,NA,TVN,0.0,313,pause,NA,NA,NA,NA,0.0,0,-38.84,-28.0,[],0,0,[],[]
11544440,11545260,NA,OLN,0.0,313,pause,NA,NA,NA,NA,0.0,0,-39.52,-34.27,[],0,0,[],[]
11545260,11545860,NA,TVN,0.0,313,pause,NA,NA,NA,NA,0.0,0,-38.54,-30.75,[],0,0,[],[]
11545860,11546660,NA,TVN,0.0,313,pause,NA,NA,NA,NA,0.0,0,-35.13,-26.16,[],0,0,[],[]
11546660,11547710,NA,TVN,0.0,313,pause,NA,NA,NA,NA,0.0,0,-38.06,-23.35,[],0,0,[],[]
11547710,11549720,NA,TVN,0.0,313,pause,NA,NA,NA,NA,0.0,0,-31.26,-21.64,[],0,0,[],[]
11549720,11550970,NA,TVN,0.0,313,pause,NA,NA,NA,NA,0.0,0,-35.54,-26.9,[],0,0,[],[]
11550970,11551990,NA,TVN,0.0,313,pause,NA,NA,NA,NA,0.0,0,-35.13,-29.96,[],0,0,[],[]
11551990,11552990,FEM,FAN,5.82,313,AMF,EC,0,NT,FI,0.0,0,-23.59,-17.15,[],0,0,[],[]
11552990,11553870,NA,TVN,0.0,314,pause,NA,NA,NA,NA,0.0,0,-37.01,-28.76,[],0,0,[],[]
11553870,11555930,NA,TVN,0.0,314,pause,NA,NA,NA,NA,0.0,0,-36.31,-21.04,[],0,0,[],[]
11555930,11558210,NA,TVN,0.0,314,pause,NA,NA,NA,NA,0.0,0,-35.5,-25.46,[],0,0,[],[]
11558210,11559210,NA,TVN,0.0,314,pause,NA,NA,NA,NA,0.0,0,-37.06,-28.23,[],0,0,[],[]
11559210,11560220,NA,TVN,0.0,314,pause,NA,NA,NA,NA,0.0,0,-39.29,-29.07,[],0,0,[],[]
11560220,11561850,NA,TVN,0.0,314,pause,NA,NA,NA,NA,0.0,0,-24.71,-8.84,[],0,0,[],[]
11561850,11563050,NA,TVN,0.0,314,pause,NA,NA,NA,NA,0.0,0,-38.17,-34.24,[],0,0,[],[]
11563050,11564930,NA,TVN,0.0,314,pause,NA,NA,NA,NA,0.0,0,-36.32,-26.55,[],0,0,[],[]
11564930,11565930,NA,TVN,0.0,314,pause,NA,NA,NA,NA,0.0,0,-38.6,-33.09,[],0,0,[],[]
11565930,11566760,NA,TVN,0.0,314,pause,NA,NA,NA,NA,0.0,0,-39.13,-33.12,[],0,0,[],[]
11566760,11568330,NA,TVN,0.0,314,pause,NA,NA,NA,NA,0.0,0,-39.55,-33.67,[],0,0,[],[]
11568330,11570010,NA,TVN,0.0,314,pause,NA,NA,NA,NA,0.0,0,-37.39,-30.08,[],0,0,[],[]
11570010,11570710,NA,TVN,0.0,314,pause,NA,NA,NA,NA,0.0,0,-19.77,-12.87,[],0,0,[],[]
11570710,11572950,NA,TVN,0.0,314,pause,NA,NA,NA,NA,0.0,0,-33.24,-20.91,[],0,0,[],[]
11572950,11574260,CHI,CHN,0.0,314,CIC,BC,0,TIFI,FI,1.0,1310,-16.8,-8.34,"[{'Canonical-syllable': '0', 'Growl': '0', 'High-freq-energy': '0', 'Long-island': '0', 'Low-tilt-spectrum': '0', 'Medium-island': '2', 'Short-island': '1', 'Squeal': '0', 'Typical-entropy': '0', 'Voicing-quality': '3', 'Wide-band': '0', 'Xlong-island': '0', 'seq': '1', 'end': 11574.26, 'start': 11572.95}]",0,0,[],[]
11574260,11575820,FEM,FAN,4.89,314,CIC,RC,1,TIFR,FI,0.0,0,-17.44,-11.68,[],0,0,[],[]
11575820,11577670,NA,OLN,0.0,314,CIC,NA,NA,NA,NA,0.0,0,-22.08,-5.47,[],0,0,[],[]
11577670,11578460,CHI,CHN,0.0,314,CIC,RC,1,TIFE,FI,1.0,790,-19.74,-12.39,"[{'Canonical-syllable': '0', 'Growl': '0', 'High-freq-energy': '0', 'Long-island': '1', 'Low-tilt-spectrum': '0', 'Medium-island': '0', 'Short-island': '0', 'Squeal': '0', 'Typical-entropy': '1', 'Voicing-quality': '1', 'Wide-band': '0', 'Xlong-island': '0', 'seq': '1', 'end': 11578.46, 'start': 11577.67}]",0,0,[],[]
11578460,11580040,NA,TVN,0.0,314,CIC,NA,NA,NA,NA,0.0,0,-32.69,-25.24,[],0,0,[],[]
11580040,11580640,CHI,CHN,0.0,314,CIC,EC,1,NT,FH,1.0,490,-17.09,-11.29,"[{'Canonical-syllable': '0', 'Growl': '0', 'High-freq-energy': '0', 'Long-island': '0', 'Low-tilt-spectrum': '0', 'Medium-island': '1', 'Short-island': '0', 'Squeal': '0', 'Typical-entropy': '0', 'Voicing-quality': '1', 'Wide-band': '0', 'Xlong-island': '0', 'seq': '1', 'end': 11580.53, 'start': 11580.04}]",0,0,[],[]
11580640,11584870,NA,TVN,0.0,315,pause,NA,NA,NA,NA,0.0,0,-33.1,-20.19,[],0,0,[],[]
11584870,11585920,NA,TVN,0.0,315,pause,NA,NA,NA,NA,0.0,0,-25.52,-18.58,[],0,0,[],[]
11585920,11586930,NA,TVN,0.0,315,pause,NA,NA,NA,NA,0.0,0,-37.35,-32.42,[],0,0,[],[]
11586930,11588080,NA,TVN,0.0,315,pause,NA,NA,NA,NA,0.0,0,-36.77,-32.43,[],0,0,[],[]
11588080,11589590,NA,TVN,0.0,315,pause,NA,NA,NA,NA,0.0,0,-36.8,-28.56,[],0,0,[],[]
11589590,11590210,NA,TVN,0.0,315,pause,NA,NA,NA,NA,0.0,0,-35.08,-29.68,[],0,0,[],[]
11590210,11594490,NA,TVN,0.0,315,pause,NA,NA,NA,NA,0.0,0,-35.85,-25.21,[],0,0,[],[]
11594490,11595500,NA,TVN,0.0,315,pause,NA,NA,NA,NA,0.0,0,-38.11,-30.81,[],0,0,[],[]
11595500,11596300,NA,TVN,0.0,315,pause,NA,NA,NA,NA,0.0,0,-35.35,-28.25,[],0,0,[],[]
11596300,11596950,NA,TVN,0.0,315,pause,NA,NA,NA,NA,0.0,0,-34.95,-27.78,[],0,0,[],[]
11596950,11605150,NA,TVN,0.0,315,pause,NA,NA,NA,NA,0.0,0,-34.94,-22.36,[],0,0,[],[]
11605150,11606620,NA,TVN,0.0,315,pause,NA,NA,NA,NA,0.0,0,-35.8,-26.95,[],0,0,[],[]
11606620,11608330,NA,TVN,0.0,315,pause,NA,NA,NA,NA,0.0,0,-34.77,-24.85,[],0,0,[],[]
11608330,11608930,NA,TVN,0.0,315,pause,NA,NA,NA,NA,0.0,0,-33.41,-23.13,[],0,0,[],[]
11608930,11610480,NA,TVN,0.0,315,pause,NA,NA,NA,NA,0.0,0,-36.81,-23.96,[],0,0,[],[]
11610480,11611200,NA,TVN,0.0,315,pause,NA,NA,NA,NA,0.0,0,-37.17,-32.05,[],0,0,[],[]
11611200,11615650,NA,TVN,0.0,315,pause,NA,NA,NA,NA,0.0,0,-34.19,-21.31,[],0,0,[],[]
11615650,11621340,NA,TVN,0.0,315,pause,NA,NA,NA,NA,0.0,0,-38.9,-26.11,[],0,0,[],[]
11621340,11622890,NA,TVN,0.0,315,pause,NA,NA,NA,NA,0.0,0,-40.19,-34.54,[],0,0,[],[]
11622890,11623920,NA,TVN,0.0,315,pause,NA,NA,NA,NA,0.0,0,-39.42,-34.02,[],0,0,[],[]
11623920,11625020,NA,TVN,0.0,315,pause,NA,NA,NA,NA,0.0,0,-36.44,-32.98,[],0,0,[],[]
11625020,11626810,NA,TVN,0.0,315,pause,NA,NA,NA,NA,0.0,0,-30.75,-19.2,[],0,0,[],[]
11626810,11627620,NA,TVN,0.0,315,pause,NA,NA,NA,NA,0.0,0,-38.12,-30.26,[],0,0,[],[]
11627620,11628260,CHI,CHN,0.0,315,CIC,BC,0,TIFI,FI,1.0,320,-25.87,-18.66,"[{'Canonical-syllable': '0', 'Growl': '0', 'High-freq-energy': '0', 'Long-island': '0', 'Low-tilt-spectrum': '0', 'Medium-island': '1', 'Short-island': '0', 'Squeal': '0', 'Typical-entropy': '1', 'Voicing-quality': '1', 'Wide-band': '0', 'Xlong-island': '0', 'seq': '1', 'end': 11627.94, 'start': 11627.62}]",0,0,[],[]
11628260,11629880,FEM,FAN,8.9,315,CIC,EC,1,TIFR,FI,0.0,0,-21.04,-11.21,[],0,0,[],[]
11629880,11631590,NA,OLN,0.0,316,pause,NA,NA,NA,NA,0.0,0,-26.92,-18.73,[],0,0,[],[]
11631590,11632410,NA,NOF,0.0,316,pause,NA,NA,NA,NA,0.0,0,-32.6,-17.32,[],0,0,[],[]
11632410,11633220,NA,TVF,0.0,316,pause,NA,NA,NA,NA,0.0,0,-16.68,-5.17,[],0,0,[],[]
11633220,11633840,NA,TVF,0.0,316,pause,NA,NA,NA,NA,0.0,0,-32.65,-25.2,[],0,0,[],[]
11633840,11635520,NA,TVN,0.0,316,pause,NA,NA,NA,NA,0.0,0,-33.08,-21.82,[],0,0,[],[]
11635520,11636700,NA,TVN,0.0,316,pause,NA,NA,NA,NA,0.0,0,-31.72,-22.89,[],0,0,[],[]
11636700,11639800,NA,SIL,0.0,316,pause,NA,NA,NA,NA,0.0,0,-50.74,-37.63,[],0,0,[],[]
11639800,11641560,FEM,FAN,8.36,316,AMF,EC,0,NT,FI,0.0,0,-16.14,-3.43,[],0,0,[],[]
11641560,11642700,NA,TVN,0.0,317,pause,NA,NA,NA,NA,0.0,0,-34.54,-24.46,[],0,0,[],[]
11642700,11643300,NA,TVN,0.0,317,pause,NA,NA,NA,NA,0.0,0,-34.18,-24.62,[],0,0,[],[]
11643300,11649060,NA,TVN,0.0,317,pause,NA,NA,NA,NA,0.0,0,-37.82,-26.35,[],0,0,[],[]
11649060,11649860,NA,TVN,0.0,317,pause,NA,NA,NA,NA,0.0,0,-22.32,-17.6,[],0,0,[],[]
11649860,11650860,NA,TVN,0.0,317,pause,NA,NA,NA,NA,0.0,0,-36.87,-30.25,[],0,0,[],[]
11650860,11651800,NA,TVN,0.0,317,pause,NA,NA,NA,NA,0.0,0,-25.39,-19.24,[],0,0,[],[]
11651800,11654080,NA,TVN,0.0,317,pause,NA,NA,NA,NA,0.0,0,-38.05,-24.97,[],0,0,[],[]
11654080,11655690,NA,TVN,0.0,317,pause,NA,NA,NA,NA,0.0,0,-35.18,-26.68,[],0,0,[],[]
11655690,11656830,NA,TVN,0.0,317,pause,NA,NA,NA,NA,0.0,0,-36.44,-28.36,[],0,0,[],[]
11656830,11658000,NA,TVN,0.0,317,pause,NA,NA,NA,NA,0.0,0,-36.35,-28.53,[],0,0,[],[]
11658000,11659670,NA,TVN,0.0,317,pause,NA,NA,NA,NA,0.0,0,-35.74,-27.87,[],0,0,[],[]
11659670,11661450,NA,TVN,0.0,317,pause,NA,NA,NA,NA,0.0,0,-38.0,-30.94,[],0,0,[],[]
11661450,11662610,NA,TVN,0.0,317,pause,NA,NA,NA,NA,0.0,0,-37.6,-29.7,[],0,0,[],[]
11662610,11663440,NA,SIL,0.0,317,pause,NA,NA,NA,NA,0.0,0,-41.39,-28.69,[],0,0,[],[]
11663440,11668580,NA,TVN,0.0,317,pause,NA,NA,NA,NA,0.0,0,-36.97,-25.79,[],0,0,[],[]
11668580,11670720,NA,TVN,0.0,317,pause,NA,NA,NA,NA,0.0,0,-38.71,-28.3,[],0,0,[],[]
11670720,11672140,NA,TVN,0.0,317,pause,NA,NA,NA,NA,0.0,0,-38.92,-28.38,[],0,0,[],[]
11672140,11673670,NA,TVN,0.0,317,pause,NA,NA,NA,NA,0.0,0,-36.55,-25.26,[],0,0,[],[]
11673670,11675130,NA,TVN,0.0,317,pause,NA,NA,NA,NA,0.0,0,-39.27,-28.34,[],0,0,[],[]
11675130,11676820,NA,TVN,0.0,317,pause,NA,NA,NA,NA,0.0,0,-36.26,-25.89,[],0,0,[],[]
11676820,11677840,NA,TVN,0.0,317,pause,NA,NA,NA,NA,0.0,0,-42.49,-34.07,[],0,0,[],[]
11677840,11679120,NA,TVN,0.0,317,pause,NA,NA,NA,NA,0.0,0,-35.71,-30.78,[],0,0,[],[]
11679120,11679930,NA,TVN,0.0,317,pause,NA,NA,NA,NA,0.0,0,-30.48,-19.89,[],0,0,[],[]
11679930,11686280,NA,TVN,0.0,317,pause,NA,NA,NA,NA,0.0,0,-37.57,-21.47,[],0,0,[],[]
11686280,11687110,NA,TVN,0.0,317,pause,NA,NA,NA,NA,0.0,0,-36.93,-25.47,[],0,0,[],[]
11687110,11687910,NA,TVN,0.0,317,pause,NA,NA,NA,NA,0.0,0,-37.85,-28.53,[],0,0,[],[]
11687910,11688510,CHI,CHN,0.0,317,CIC,BC,0,NT,FI,1.0,600,-25.13,-19.64,"[{'Canonical-syllable': '1', 'Growl': '0', 'High-freq-energy': '0', 'Long-island': '0', 'Low-tilt-spectrum': '1', 'Medium-island': '1', 'Short-island': '0', 'Squeal': '0', 'Typical-entropy': '1', 'Voicing-quality': '1', 'Wide-band': '0', 'Xlong-island': '0', 'seq': '1', 'end': 11688.51, 'start': 11688.13}]",0,0,[],[]
11688510,11689490,NA,OLN,0.0,317,CIC,NA,NA,NA,NA,0.0,0,-28.54,-20.84,[],0,0,[],[]
11689490,11690490,OCH,CXN,0.0,317,CIC,RC,0,NT,FI,0.0,0,-22.87,-15.51,[],0,0,[],[]
11690490,11691290,NA,NOF,0.0,317,CIC,NA,NA,NA,NA,0.0,0,-31.57,-21.76,[],0,0,[],[]
11691290,11693160,MAL,MAN,8.65,317,CIC,RC,0,NT,FI,0.0,0,-32.45,-18.24,[],0,0,[],[]
11693160,11694980,NA,SIL,0.0,317,CIC,NA,NA,NA,NA,0.0,0,-49.06,-35.26,[],0,0,[],[]
11694980,11695980,OCH,CXN,0.0,317,CIC,RC,0,NT,FI,0.0,0,-30.05,-22.18,[],0,0,[],[]
11695980,11696590,NA,NOF,0.0,317,CIC,NA,NA,NA,NA,0.0,0,-38.57,-27.5,[],0,0,[],[]
11696590,11697420,NA,SIL,0.0,317,CIC,NA,NA,NA,NA,0.0,0,-52.96,-47.55,[],0,0,[],[]
11697420,11698600,MAL,MAN,6.24,317,CIC,RC,0,NT,FI,0.0,0,-36.02,-26.78,[],0,0,[],[]
11698600,11699400,NA,SIL,0.0,317,CIC,NA,NA,NA,NA,0.0,0,-45.66,-36.29,[],0,0,[],[]
11699400,11700400,MAL,MAN,3.34,317,CIC,RC,0,NT,FH,0.0,0,-41.78,-34.52,[],0,0,[],[]
11700400,11701000,FEM,FAN,1.02,317,CIC,RC,0,NT,FI,0.0,0,-29.32,-21.49,[],0,0,[],[]
11701000,11701800,NA,OLN,0.0,317,CIC,NA,NA,NA,NA,0.0,0,-34.29,-28.19,[],0,0,[],[]
11701800,11702700,OCH,CXN,0.0,317,CIC,RC,0,NT,FI,0.0,0,-29.03,-20.65,[],0,0,[],[]
11702700,11703700,OCH,CXN,0.0,317,CIC,RC,0,NT,FH,0.0,0,-30.51,-25.8,[],0,0,[],[]
11703700,11704500,NA,NOF,0.0,317,CIC,NA,NA,NA,NA,0.0,0,-42.5,-34.31,[],0,0,[],[]
11704500,11705510,MAL,MAN,6.14,317,CIC,RC,0,TIMI,FI,0.0,0,-33.25,-26.77,[],0,0,[],[]
11705510,11706230,CHI,CHN,0.0,317,CIC,RC,1,TIMR,FI,1.0,310,-22.04,-13.7,"[{'Canonical-syllable': '0', 'Growl': '0', 'High-freq-energy': '0', 'Long-island': '0', 'Low-tilt-spectrum': '0', 'Medium-island': '1', 'Short-island': '0', 'Squeal': '0', 'Typical-entropy': '0', 'Voicing-quality': '1', 'Wide-band': '0', 'Xlong-island': '0', 'seq': '1', 'end': 11706.23, 'start': 11705.92}]",0,0,[],[]
11706230,11707240,OCH,CXN,0.0,317,CIC,RC,1,NT,FI,0.0,0,-24.47,-15.3,[],0,0,[],[]
11707240,11707840,CHI,CHN,0.0,317,CIC,EC,1,NT,FI,1.0,600,-27.39,-22.03,"[{'Canonical-syllable': '0', 'Growl': '0', 'High-freq-energy': '0', 'Long-island': '0', 'Low-tilt-spectrum': '0', 'Medium-island': '1', 'Short-island': '0', 'Squeal': '0', 'Typical-entropy': '0', 'Voicing-quality': '1', 'Wide-band': '0', 'Xlong-island': '0', 'seq': '1', 'end': 11707.84, 'start': 11707.24}]",0,0,[],[]
11707840,11710570,NA,NOF,0.0,318,pause,NA,NA,NA,NA,0.0,0,-42.83,-26.96,[],0,0,[],[]
11710570,11711930,NA,OLN,0.0,318,pause,NA,NA,NA,NA,0.0,0,-15.14,-7.87,[],0,0,[],[]
11711930,11712870,NA,NOF,0.0,318,pause,NA,NA,NA,NA,0.0,0,-17.0,-1.23,[],0,0,[],[]
11712870,11714470,NA,OLN,0.0,318,pause,NA,NA,NA,NA,0.0,0,-20.81,-9.46,[],0,0,[],[]
11714470,11715320,CHI,CHN,0.0,318,CIC,BC,0,TIMI,FI,1.0,690,-15.29,-8.82,"[{'Canonical-syllable': '1', 'Growl': '1', 'High-freq-energy': '0', 'Long-island': '0', 'Low-tilt-spectrum': '0', 'Medium-island': '1', 'Short-island': '0', 'Squeal': '0', 'Typical-entropy': '1', 'Voicing-quality': '2', 'Wide-band': '0', 'Xlong-island': '0', 'seq': '1', 'end': 11715.16, 'start': 11714.47}]",0,0,[],[]
11715320,11717730,MAL,MAN,8.43,318,CIC,RC,1,TIMR,FI,0.0,0,-25.27,-14.69,[],0,0,[],[]
11717730,11718330,CHI,CHN,0.0,318,CIC,RC,1,TIME,FI,1.0,600,-15.73,-12.25,"[{'Canonical-syllable': '0', 'Growl': '0', 'High-freq-energy': '0', 'Long-island': '0', 'Low-tilt-spectrum': '0', 'Medium-island': '1', 'Short-island': '0', 'Squeal': '0', 'Typical-entropy': '0', 'Voicing-quality': '1', 'Wide-band': '0', 'Xlong-island': '0', 'seq': '1', 'end': 11718.33, 'start': 11717.73}]",0,0,[],[]
11718330,11719130,NA,OLF,0.0,318,CIC,NA,NA,NA,NA,0.0,0,-37.68,-28.5,[],0,0,[],[]
11719130,11720200,NA,OLN,0.0,318,CIC,NA,NA,NA,NA,0.0,0,-22.89,-11.27,[],0,0,[],[]
11720200,11721580,CHI,CHN,0.0,318,CIC,RC,1,TIFI,FH,1.0,1380,-15.4,-9.51,"[{'Canonical-syllable': '0', 'Growl': '1', 'High-freq-energy': '0', 'Long-island': '0', 'Low-tilt-spectrum': '0', 'Medium-island': '2', 'Short-island': '1', 'Squeal': '0', 'Typical-entropy': '0', 'Voicing-quality': '3', 'Wide-band': '1', 'Xlong-island': '0', 'seq': '1', 'end': 11721.58, 'start': 11720.2}]",0,0,[],[]
11721580,11722180,FEM,FAN,5.38,318,CIC,RC,2,TIFR,FI,0.0,0,-17.51,-12.96,[],0,0,[],[]
11722180,11723190,NA,TVF,0.0,318,CIC,NA,NA,NA,NA,0.0,0,-36.35,-24.9,[],0,0,[],[]
11723190,11724140,FEM,FAN,7.91,318,CIC,RC,2,NT,FH,0.0,0,-16.02,-9.66,[],0,0,[],[]
11724140,11725160,NA,MAF,0.0,318,CIC,NA,NA,NA,NA,0.0,0,-36.55,-27.23,[],0,0,[],[]
11725160,11726840,CHI,CHN,0.0,318,CIC,RC,2,TIMI,FI,1.0,1680,-15.36,-6.04,"[{'Canonical-syllable': '0', 'Growl': '0', 'High-freq-energy': '0', 'Long-island': '2', 'Low-tilt-spectrum': '0', 'Medium-island': '0', 'Short-island': '0', 'Squeal': '0', 'Typical-entropy': '0', 'Voicing-quality': '2', 'Wide-band': '0', 'Xlong-island': '0', 'seq': '1', 'end': 11726.84, 'start': 11725.16}]",0,0,[],[]
11726840,11728140,MAL,MAN,7.8,318,CIC,RC,3,TIMR,FI,0.0,0,-29.28,-16.58,[],0,0,[],[]
11728140,11729260,CHI,CHN,0.0,318,CIC,RC,3,TIME,FI,1.0,1000,-15.33,-7.12,"[{'Canonical-syllable': '0', 'Growl': '1', 'High-freq-energy': '0', 'Long-island': '0', 'Low-tilt-spectrum': '0', 'Medium-island': '1', 'Short-island': '2', 'Squeal': '0', 'Typical-entropy': '0', 'Voicing-quality': '3', 'Wide-band': '0', 'Xlong-island': '0', 'seq': '1', 'end': 11729.14, 'start': 11728.14}]",0,0,[],[]
11729260,11729870,CHI,CHN,0.0,318,CIC,RC,3,NT,FH,1.0,480,-16.4,-11.21,"[{'Canonical-syllable': '0', 'Growl': '0', 'High-freq-energy': '0', 'Long-island': '0', 'Low-tilt-spectrum': '0', 'Medium-island': '1', 'Short-island': '0', 'Squeal': '0', 'Typical-entropy': '0', 'Voicing-quality': '1', 'Wide-band': '0', 'Xlong-island': '0', 'seq': '1', 'end': 11729.74, 'start': 11729.26}]",0,0,[],[]
11729870,11731690,OCH,CXN,0.0,318,CIC,RC,3,NT,FI,0.0,0,-16.02,-8.38,[],0,0,[],[]
11731690,11732400,CHI,CHN,0.0,318,CIC,RC,3,TIFI,FI,1.0,490,-18.51,-13.41,"[{'Canonical-syllable': '0', 'Growl': '0', 'High-freq-energy': '0', 'Long-island': '0', 'Low-tilt-spectrum': '0', 'Medium-island': '1', 'Short-island': '0', 'Squeal': '0', 'Typical-entropy': '0', 'Voicing-quality': '1', 'Wide-band': '0', 'Xlong-island': '0', 'seq': '1', 'end': 11732.18, 'start': 11731.69}]",0,0,[],[]
11732400,11734070,NA,OLF,0.0,318,CIC,NA,NA,NA,NA,0.0,0,-27.29,-12.22,[],0,0,[],[]
11734070,11734680,CHI,CHN,0.0,318,CIC,NA,NA,NA,NA,0.0,0,-13.47,-7.15,[],0,610,"[{'start': 11734.07, 'end': 11734.68}]",[]
11734680,11735960,FEM,FAN,5.59,318,CIC,RC,4,TIFR,FI,0.0,0,-17.37,-8.13,[],0,0,[],[]
11735960,11736800,NA,NOF,0.0,318,CIC,NA,NA,NA,NA,0.0,0,-22.23,-11.56,[],0,0,[],[]
11736800,11737970,CHI,CHN,0.0,318,CIC,RC,4,TIFE,FI,1.0,890,-18.39,-7.16,"[{'Canonical-syllable': '0', 'Growl': '1', 'High-freq-energy': '0', 'Long-island': '0', 'Low-tilt-spectrum': '0', 'Medium-island': '1', 'Short-island': '1', 'Squeal': '0', 'Typical-entropy': '2', 'Voicing-quality': '2', 'Wide-band': '0', 'Xlong-island': '0', 'seq': '1', 'end': 11737.69, 'start': 11736.8}]",0,0,[],[]
11737970,11738850,CHI,CHN,0.0,318,CIC,RC,4,NT,FH,1.0,770,-15.13,-5.77,"[{'Canonical-syllable': '1', 'Growl': '0', 'High-freq-energy': '0', 'Long-island': '0', 'Low-tilt-spectrum': '0', 'Medium-island': '1', 'Short-island': '1', 'Squeal': '0', 'Typical-entropy': '0', 'Voicing-quality': '2', 'Wide-band': '0', 'Xlong-island': '0', 'seq': '1', 'end': 11738.74, 'start': 11737.97}]",0,0,[],[]
11738850,11740080,CHI,CHN,0.0,318,CIC,RC,4,NT,FH,1.0,1020,-16.29,-8.14,"[{'Canonical-syllable': '1', 'Growl': '1', 'High-freq-energy': '0', 'Long-island': '0', 'Low-tilt-spectrum': '0', 'Medium-island': '1', 'Short-island': '2', 'Squeal': '0', 'Typical-entropy': '2', 'Voicing-quality': '3', 'Wide-band': '0', 'Xlong-island': '0', 'seq': '1', 'end': 11739.87, 'start': 11738.85}]",0,0,[],[]
11740080,11740840,CHI,CHN,0.0,318,CIC,RC,4,TIFI,FH,1.0,760,-17.38,-10.06,"[{'Canonical-syllable': '0', 'Growl': '0', 'High-freq-energy': '0', 'Long-island': '0', 'Low-tilt-spectrum': '0', 'Medium-island': '1', 'Short-island': '1', 'Squeal': '0', 'Typical-entropy': '0', 'Voicing-quality': '2', 'Wide-band': '0', 'Xlong-island': '0', 'seq': '1', 'end': 11740.84, 'start': 11740.23}]",0,0,[],[]
11740840,11741860,FEM,FAN,4.8,318,CIC,RC,5,TIFR,FI,0.0,0,-18.42,-11.35,[],0,0,[],[]
11741860,11743250,NA,OLN,0.0,318,CIC,NA,NA,NA,NA,0.0,0,-18.1,-8.17,[],0,0,[],[]
11743250,11744050,NA,SIL,0.0,318,CIC,NA,NA,NA,NA,0.0,0,-38.34,-26.84,[],0,0,[],[]
11744050,11745130,FEM,FAN,4.06,318,CIC,EC,5,NT,FH,0.0,0,-20.44,-12.9,[],0,0,[],[]
11745130,11746910,NA,SIL,0.0,319,pause,NA,NA,NA,NA,0.0,0,-40.5,-26.87,[],0,0,[],[]
11746910,11747910,NA,TVF,0.0,319,pause,NA,NA,NA,NA,0.0,0,-41.78,-31.93,[],0,0,[],[]
11747910,11749560,NA,SIL,0.0,319,pause,NA,NA,NA,NA,0.0,0,-39.68,-23.78,[],0,0,[],[]
11749560,11750560,NA,TVF,0.0,319,pause,NA,NA,NA,NA,0.0,0,-41.43,-30.09,[],0,0,[],[]
11750560,11752310,NA,SIL,0.0,319,pause,NA,NA,NA,NA,0.0,0,-40.34,-27.52,[],0,0,[],[]
11752310,11753650,NA,TVF,0.0,319,pause,NA,NA,NA,NA,0.0,0,-39.69,-31.71,[],0,0,[],[]
11753650,11754450,NA,SIL,0.0,319,pause,NA,NA,NA,NA,0.0,0,-41.76,-30.61,[],0,0,[],[]
11754450,11755240,CHI,CHN,0.0,319,CIC,BC,0,TIMI,FI,1.0,790,-17.59,-10.86,"[{'Canonical-syllable': '1', 'Growl': '2', 'High-freq-energy': '0', 'Long-island': '0', 'Low-tilt-spectrum': '0', 'Medium-island': '0', 'Short-island': '2', 'Squeal': '0', 'Typical-entropy': '1', 'Voicing-quality': '3', 'Wide-band': '0', 'Xlong-island': '0', 'seq': '1', 'end': 11755.24, 'start': 11754.45}]",0,0,[],[]
11755240,11756710,MAL,MAN,3.51,319,CIC,RC,1,TIMR,FI,0.0,0,-26.62,-16.79,[],0,0,[],[]
11756710,11757320,CHI,CHN,0.0,319,CIC,RC,1,TIME,FI,1.0,610,-16.3,-12.49,"[{'Canonical-syllable': '0', 'Growl': '0', 'High-freq-energy': '0', 'Long-island': '0', 'Low-tilt-spectrum': '0', 'Medium-island': '1', 'Short-island': '0', 'Squeal': '0', 'Typical-entropy': '0', 'Voicing-quality': '1', 'Wide-band': '0', 'Xlong-island': '0', 'seq': '1', 'end': 11757.32, 'start': 11756.89}]",0,0,[],[]
11757320,11759010,CHI,CHN,0.0,319,CIC,RC,1,NT,FH,2.0,1200,-16.65,-10.14,"[{'Canonical-syllable': '1', 'Growl': '0', 'High-freq-energy': '0', 'Long-island': '0', 'Low-tilt-spectrum': '0', 'Medium-island': '1', 'Short-island': '0', 'Squeal': '0', 'Typical-entropy': '0', 'Voicing-quality': '1', 'Wide-band': '0', 'Xlong-island': '0', 'seq': '1', 'end': 11757.83, 'start': 11757.32}, {'Canonical-syllable': '0', 'Growl': '1', 'High-freq-energy': '0', 'Long-island': '0', 'Low-tilt-spectrum': '0', 'Medium-island': '1', 'Short-island': '1', 'Squeal': '0', 'Typical-entropy': '0', 'Voicing-quality': '2', 'Wide-band': '0', 'Xlong-island': '0', 'seq': '2', 'end': 11758.89, 'start': 11758.2}]",0,0,[],[]
11759010,11759750,CHI,CHN,0.0,319,CIC,RC,1,NT,FH,1.0,740,-14.61,-11.2,"[{'Canonical-syllable': '0', 'Growl': '0', 'High-freq-energy': '0', 'Long-island': '1', 'Low-tilt-spectrum': '0', 'Medium-island': '0', 'Short-island': '0', 'Squeal': '0', 'Typical-entropy': '0', 'Voicing-quality': '1', 'Wide-band': '0', 'Xlong-island': '0', 'seq': '1', 'end': 11759.75, 'start': 11759.01}]",0,0,[],[]
11759750,11760750,NA,TVF,0.0,319,CIC,NA,NA,NA,NA,0.0,0,-35.82,-21.16,[],0,0,[],[]
11760750,11761700,CHI,CHN,0.0,319,CIC,RC,1,TIFI,FH,2.0,640,-17.73,-10.09,"[{'Canonical-syllable': '0', 'Growl': '0', 'High-freq-energy': '0', 'Long-island': '0', 'Low-tilt-spectrum': '0', 'Medium-island': '1', 'Short-island': '0', 'Squeal': '0', 'Typical-entropy': '0', 'Voicing-quality': '1', 'Wide-band': '0', 'Xlong-island': '0', 'seq': '1', 'end': 11761.05, 'start': 11760.75}, {'Canonical-syllable': '0', 'Growl': '0', 'High-freq-energy': '0', 'Long-island': '0', 'Low-tilt-spectrum': '0', 'Medium-island': '1', 'Short-island': '0', 'Squeal': '0', 'Typical-entropy': '0', 'Voicing-quality': '1', 'Wide-band': '0', 'Xlong-island': '0', 'seq': '2', 'end': 11761.7, 'start': 11761.36}]",0,0,[],[]
11761700,11763730,FEM,FAN,8.54,319,CIC,RC,2,TIFR,FI,0.0,0,-16.98,-9.35,[],0,0,[],[]
11763730,11764530,NA,NOF,0.0,319,CIC,NA,NA,NA,NA,0.0,0,-39.95,-28.59,[],0,0,[],[]
11764530,11766540,MAL,MAN,7.77,319,CIC,RC,2,NT,FI,0.0,0,-28.55,-19.3,[],0,0,[],[]
11766540,11767690,NA,OLN,0.0,319,CIC,NA,NA,NA,NA,0.0,0,-21.67,-10.41,[],0,0,[],[]
11767690,11769010,NA,NOF,0.0,319,CIC,NA,NA,NA,NA,0.0,0,-37.82,-21.4,[],0,0,[],[]
11769010,11769830,NA,OLN,0.0,319,CIC,NA,NA,NA,NA,0.0,0,-29.13,-18.52,[],0,0,[],[]
11769830,11770830,CHI,CHN,0.0,319,CIC,RC,2,TIME,FI,1.0,1000,-16.13,-8.09,"[{'Canonical-syllable': '1', 'Growl': '2', 'High-freq-energy': '0', 'Long-island': '0', 'Low-tilt-spectrum': '0', 'Medium-island': '0', 'Short-island': '2', 'Squeal': '0', 'Typical-entropy': '3', 'Voicing-quality': '3', 'Wide-band': '0', 'Xlong-island': '0', 'seq': '1', 'end': 11770.83, 'start': 11769.83}]",0,0,[],[]
11770830,11771430,CHI,CHN,0.0,319,CIC,RC,2,NT,FH,1.0,600,-14.68,-9.66,"[{'Canonical-syllable': '0', 'Growl': '0', 'High-freq-energy': '0', 'Long-island': '0', 'Low-tilt-spectrum': '0', 'Medium-island': '1', 'Short-island': '0', 'Squeal': '0', 'Typical-entropy': '1', 'Voicing-quality': '1', 'Wide-band': '0', 'Xlong-island': '0', 'seq': '1', 'end': 11771.43, 'start': 11770.83}]",0,0,[],[]
11771430,11772620,CHI,CHN,0.0,319,CIC,RC,2,TIMI,FH,1.0,1190,-15.58,-10.86,"[{'Canonical-syllable': '0', 'Growl': '1', 'High-freq-energy': '0', 'Long-island': '0', 'Low-tilt-spectrum': '0', 'Medium-island': '2', 'Short-island': '1', 'Squeal': '0', 'Typical-entropy': '0', 'Voicing-quality': '3', 'Wide-band': '0', 'Xlong-island': '0', 'seq': '1', 'end': 11772.62, 'start': 11771.43}]",0,0,[],[]
11772620,11773620,MAL,MAN,3.0,319,CIC,RC,3,TIMR,FI,0.0,0,-22.09,-10.97,[],0,0,[],[]
11773620,11775380,CHI,CHN,0.0,319,CIC,RC,3,TIME,FI,2.0,1110,-17.52,-9.95,"[{'Canonical-syllable': '1', 'Growl': '0', 'High-freq-energy': '0', 'Long-island': '0', 'Low-tilt-spectrum': '0', 'Medium-island': '2', 'Short-island': '0', 'Squeal': '0', 'Typical-entropy': '0', 'Voicing-quality': '2', 'Wide-band': '0', 'Xlong-island': '0', 'seq': '1', 'end': 11774.54, 'start': 11773.62}, {'Canonical-syllable': '1', 'Growl': '0', 'High-freq-energy': '0', 'Long-island': '0', 'Low-tilt-spectrum': '0', 'Medium-island': '0', 'Short-island': '1', 'Squeal': '0', 'Typical-entropy': '1', 'Voicing-quality': '1', 'Wide-band': '0', 'Xlong-island': '0', 'seq': '2', 'end': 11775.38, 'start': 11775.19}]",0,0,[],[]
11775380,11777380,NA,OLN,0.0,319,CIC,NA,NA,NA,NA,0.0,0,-20.57,-8.32,[],0,0,[],[]
11777380,11778000,CHI,CHN,0.0,319,CIC,RC,3,NT,FH,1.0,620,-19.46,-12.73,"[{'Canonical-syllable': '1', 'Growl': '0', 'High-freq-energy': '0', 'Long-island': '0', 'Low-tilt-spectrum': '0', 'Medium-island': '1', 'Short-island': '0', 'Squeal': '0', 'Typical-entropy': '1', 'Voicing-quality': '1', 'Wide-band': '0', 'Xlong-island': '0', 'seq': '1', 'end': 11778.0, 'start': 11777.38}]",0,0,[],[]
11778000,11778910,NA,OLN,0.0,319,CIC,NA,NA,NA,NA,0.0,0,-21.19,-12.95,[],0,0,[],[]
11778910,11779670,CHI,CHN,0.0,319,CIC,RC,3,NT,FH,1.0,760,-21.9,-11.79,"[{'Canonical-syllable': '1', 'Growl': '1', 'High-freq-energy': '1', 'Long-island': '0', 'Low-tilt-spectrum': '1', 'Medium-island': '1', 'Short-island': '0', 'Squeal': '0', 'Typical-entropy': '2', 'Voicing-quality': '2', 'Wide-band': '0', 'Xlong-island': '0', 'seq': '1', 'end': 11779.67, 'start': 11778.91}]",0,0,[],[]
11779670,11780820,NA,NOF,0.0,319,CIC,NA,NA,NA,NA,0.0,0,-45.44,-34.49,[],0,0,[],[]
11780820,11781730,CHI,CHN,0.0,319,CIC,NA,NA,NA,NA,0.0,0,-29.04,-17.23,[],0,110,[],"[{'start': 11780.82, 'end': 11780.93}]"
11781730,11782540,NA,OLN,0.0,319,CIC,NA,NA,NA,NA,0.0,0,-28.16,-18.08,[],0,0,[],[]
11782540,11783460,CHI,CHN,0.0,319,CIC,RC,3,TIFI,FH,1.0,800,-20.34,-15.29,"[{'Canonical-syllable': '0', 'Growl': '0', 'High-freq-energy': '0', 'Long-island': '0', 'Low-tilt-spectrum': '0', 'Medium-island': '2', 'Short-island': '0', 'Squeal': '0', 'Typical-entropy': '0', 'Voicing-quality': '2', 'Wide-band': '0', 'Xlong-island': '0', 'seq': '1', 'end': 11783.34, 'start': 11782.54}]",0,0,[],[]
11783460,11784510,NA,NOF,0.0,319,CIC,NA,NA,NA,NA,0.0,0,-45.8,-41.08,[],0,0,[],[]
11784510,11785520,FEM,FAN,5.11,319,CIC,RC,4,TIFR,FI,0.0,0,-32.44,-23.71,[],0,0,[],[]
11785520,11786500,NA,SIL,0.0,319,CIC,NA,NA,NA,NA,0.0,0,-49.49,-44.51,[],0,0,[],[]
11786500,11788280,NA,NOF,0.0,319,CIC,NA,NA,NA,NA,0.0,0,-47.2,-39.72,[],0,0,[],[]
11788280,11789470,NA,SIL,0.0,319,CIC,NA,NA,NA,NA,0.0,0,-51.87,-46.12,[],0,0,[],[]
11789470,11790470,NA,TVN,0.0,319,CIC,NA,NA,NA,NA,0.0,0,-48.15,-43.94,[],0,0,[],[]
11790470,11791270,OCH,CXN,0.0,319,CIC,EC,4,NT,FI,0.0,0,-48.35,-42.88,[],0,0,[],[]
11791270,11792330,NA,TVF,0.0,320,pause,NA,NA,NA,NA,0.0,0,-49.86,-44.86,[],0,0,[],[]
11792330,11795990,NA,SIL,0.0,320,pause,NA,NA,NA,NA,0.0,0,-52.54,-44.32,[],0,0,[],[]
11795990,11796990,NA,TVN,0.0,320,pause,NA,NA,NA,NA,0.0,0,-48.96,-38.47,[],0,0,[],[]
11796990,11797790,OCH,CXN,0.0,320,XM,EC,0,NT,FI,0.0,0,-47.08,-43.69,[],0,0,[],[]
11797790,11799060,NA,TVF,0.0,321,pause,NA,NA,NA,NA,0.0,0,-49.78,-45.0,[],0,0,[],[]
11799060,11800820,NA,SIL,0.0,321,pause,NA,NA,NA,NA,0.0,0,-52.54,-45.68,[],0,0,[],[]
11800820,11802590,NA,TVN,0.0,321,pause,NA,NA,NA,NA,0.0,0,-49.34,-44.87,[],0,0,[],[]
11802590,11803670,NA,SIL,0.0,321,pause,NA,NA,NA,NA,0.0,0,-48.07,-41.35,[],0,0,[],[]
11803670,11804850,NA,OLF,0.0,321,pause,NA,NA,NA,NA,0.0,0,-45.28,-38.19,[],0,0,[],[]
11804850,11806050,NA,TVF,0.0,321,pause,NA,NA,NA,NA,0.0,0,-48.92,-43.49,[],0,0,[],[]
11806050,11807090,NA,SIL,0.0,321,pause,NA,NA,NA,NA,0.0,0,-49.86,-43.68,[],0,0,[],[]
11807090,11808660,NA,TVF,0.0,321,pause,NA,NA,NA,NA,0.0,0,-49.19,-41.13,[],0,0,[],[]
11808660,11809760,NA,TVN,0.0,321,pause,NA,NA,NA,NA,0.0,0,-45.52,-37.71,[],0,0,[],[]
11809760,11812070,NA,SIL,0.0,321,pause,NA,NA,NA,NA,0.0,0,-51.82,-40.63,[],0,0,[],[]
11812070,11813070,MAL,MAN,3.99,321,AICM,BC,0,TIMI,FI,0.0,0,-40.55,-29.71,[],0,0,[],[]
11813070,11815270,NA,SIL,0.0,321,AICM,NA,NA,NA,NA,0.0,0,-51.42,-41.19,[],0,0,[],[]
11815270,11816590,CHI,CHN,0.0,321,AICM,RC,1,TIMR,FI,1.0,1170,-21.5,-15.67,"[{'Canonical-syllable': '0', 'Growl': '0', 'High-freq-energy': '0', 'Long-island': '0', 'Low-tilt-spectrum': '0', 'Medium-island': '2', 'Short-island': '1', 'Squeal': '0', 'Typical-entropy': '0', 'Voicing-quality': '3', 'Wide-band': '0', 'Xlong-island': '0', 'seq': '1', 'end': 11816.44, 'start': 11815.37}]",0,0,[],[]
11816590,11817470,CHI,CHN,0.0,321,AICM,RC,1,NT,FH,1.0,410,-25.8,-19.1,"[{'Canonical-syllable': '0', 'Growl': '0', 'High-freq-energy': '0', 'Long-island': '0', 'Low-tilt-spectrum': '0', 'Medium-island': '1', 'Short-island': '0', 'Squeal': '0', 'Typical-entropy': '0', 'Voicing-quality': '1', 'Wide-band': '0', 'Xlong-island': '0', 'seq': '1', 'end': 11817.0, 'start': 11816.59}]",0,0,[],[]
11817470,11820360,FEM,FAN,11.28,321,AICM,RC,1,TIFI,FI,0.0,0,-26.52,-17.64,[],0,0,[],[]
11820360,11821830,NA,NOF,0.0,321,AICM,NA,NA,NA,NA,0.0,0,-47.08,-39.96,[],0,0,[],[]
11821830,11822460,CHI,CHN,0.0,321,AICM,RC,2,TIFR,FI,1.0,630,-20.7,-16.87,"[{'Canonical-syllable': '0', 'Growl': '0', 'High-freq-energy': '0', 'Long-island': '0', 'Low-tilt-spectrum': '0', 'Medium-island': '1', 'Short-island': '0', 'Squeal': '0', 'Typical-entropy': '0', 'Voicing-quality': '1', 'Wide-band': '0', 'Xlong-island': '0', 'seq': '1', 'end': 11822.46, 'start': 11821.83}]",0,0,[],[]
11822460,11824010,NA,NOF,0.0,321,AICM,NA,NA,NA,NA,0.0,0,-37.33,-19.14,[],0,0,[],[]
11824010,11824810,NA,SIL,0.0,321,AICM,NA,NA,NA,NA,0.0,0,-49.94,-43.28,[],0,0,[],[]
11824810,11826220,CHI,CHN,0.0,321,AICM,RC,2,NT,FH,1.0,1410,-16.44,-10.37,"[{'Canonical-syllable': '1', 'Growl': '0', 'High-freq-energy': '0', 'Long-island': '0', 'Low-tilt-spectrum': '0', 'Medium-island': '2', 'Short-island': '0', 'Squeal': '0', 'Typical-entropy': '0', 'Voicing-quality': '3', 'Wide-band': '0', 'Xlong-island': '0', 'seq': '1', 'end': 11826.22, 'start': 11824.81}]",0,0,[],[]
11826220,11826820,CHI,CHN,0.0,321,AICM,RC,2,NT,FH,1.0,600,-22.08,-17.67,"[{'Canonical-syllable': '0', 'Growl': '0', 'High-freq-energy': '0', 'Long-island': '0', 'Low-tilt-spectrum': '0', 'Medium-island': '1', 'Short-island': '0', 'Squeal': '0', 'Typical-entropy': '0', 'Voicing-quality': '1', 'Wide-band': '0', 'Xlong-island': '0', 'seq': '1', 'end': 11826.82, 'start': 11826.22}]",0,0,[],[]
11826820,11828490,FEM,FAN,8.27,321,AICM,RC,2,TIFE,FI,0.0,0,-21.57,-12.18,[],0,0,[],[]
11828490,11829330,CHI,CHN,0.0,321,AICM,NA,NA,NA,NA,0.0,0,-18.62,-12.7,[],0,840,"[{'start': 11828.49, 'end': 11829.33}]",[]
11829330,11830860,FEM,FAN,7.35,321,AICM,RC,2,NT,FH,0.0,0,-29.38,-17.78,[],0,0,[],[]
11830860,11831460,OCH,CXN,0.0,321,AICM,RC,2,NT,FI,0.0,0,-23.21,-16.52,[],0,0,[],[]
11831460,11832880,FEM,FAN,8.69,321,AICM,RC,2,NT,FI,0.0,0,-23.88,-12.22,[],0,0,[],[]
11832880,11833680,NA,NON,0.0,321,AICM,NA,NA,NA,NA,0.0,0,-39.52,-25.06,[],0,0,[],[]
11833680,11834700,OCH,CXN,0.0,321,AICM,RC,2,NT,FI,0.0,0,-26.79,-18.19,[],0,0,[],[]
11834700,11835440,CHI,CHN,0.0,321,AICM,RC,2,NT,FI,1.0,740,-16.67,-11.14,"[{'Canonical-syllable': '0', 'Growl': '0', 'High-freq-energy': '0', 'Long-island': '0', 'Low-tilt-spectrum': '1', 'Medium-island': '1', 'Short-island': '1', 'Squeal': '0', 'Typical-entropy': '2', 'Voicing-quality': '2', 'Wide-band': '0', 'Xlong-island': '0', 'seq': '1', 'end': 11835.44, 'start': 11834.7}]",0,0,[],[]
11835440,11836650,OCH,CXN,0.0,321,AICM,RC,2,NT,FI,0.0,0,-17.03,-10.92,[],0,0,[],[]
11836650,11837270,CHI,CHN,0.0,321,AICM,RC,2,TIFI,FI,1.0,620,-14.12,-6.39,"[{'Canonical-syllable': '0', 'Growl': '0', 'High-freq-energy': '0', 'Long-island': '0', 'Low-tilt-spectrum': '0', 'Medium-island': '1', 'Short-island': '0', 'Squeal': '0', 'Typical-entropy': '1', 'Voicing-quality': '1', 'Wide-band': '0', 'Xlong-island': '0', 'seq': '1', 'end': 11837.27, 'start': 11836.65}]",0,0,[],[]
11837270,11838750,FEM,FAN,6.78,321,AICM,RC,3,TIFR,FI,0.0,0,-18.92,-6.76,[],0,0,[],[]
11838750,11840210,NA,OLN,0.0,321,AICM,NA,NA,NA,NA,0.0,0,-17.27,-6.03,[],0,0,[],[]
11840210,11841310,CHI,CHN,0.0,321,AICM,RC,3,TIFE,FI,1.0,1100,-16.03,-8.08,"[{'Canonical-syllable': '0', 'Growl': '0', 'High-freq-energy': '0', 'Long-island': '0', 'Low-tilt-spectrum': '0', 'Medium-island': '2', 'Short-island': '0', 'Squeal': '0', 'Typical-entropy': '0', 'Voicing-quality': '2', 'Wide-band': '0', 'Xlong-island': '0', 'seq': '1', 'end': 11841.31, 'start': 11840.21}]",0,0,[],[]
11841310,11842230,CHI,CHN,0.0,321,AICM,RC,3,TIMI,FH,1.0,920,-16.81,-11.8,"[{'Canonical-syllable': '1', 'Growl': '1', 'High-freq-energy': '0', 'Long-island': '0', 'Low-tilt-spectrum': '0', 'Medium-island': '1', 'Short-island': '1', 'Squeal': '0', 'Typical-entropy': '0', 'Voicing-quality': '2', 'Wide-band': '0', 'Xlong-island': '0', 'seq': '1', 'end': 11842.23, 'start': 11841.5}]",0,0,[],[]
11842230,11843820,NA,NOF,0.0,321,AICM,NA,NA,NA,NA,0.0,0,-39.86,-26.51,[],0,0,[],[]
11843820,11846020,MAL,MAN,9.89,321,AICM,RC,4,TIMR,FI,0.0,0,-19.77,-8.36,[],0,0,[],[]
11846020,11846820,NA,NOF,0.0,321,AICM,NA,NA,NA,NA,0.0,0,-39.18,-28.09,[],0,0,[],[]
11846820,11847590,CHI,CHN,0.0,321,AICM,RC,4,TIFI,FI,1.0,770,-17.93,-14.92,"[{'Canonical-syllable': '0', 'Growl': '0', 'High-freq-energy': '0', 'Long-island': '0', 'Low-tilt-spectrum': '0', 'Medium-island': '1', 'Short-island': '1', 'Squeal': '0', 'Typical-entropy': '0', 'Voicing-quality': '2', 'Wide-band': '0', 'Xlong-island': '0', 'seq': '1', 'end': 11847.59, 'start': 11846.82}]",0,0,[],[]
11847590,11848590,FEM,FAN,3.59,321,AICM,RC,5,TIFR,FI,0.0,0,-17.95,-9.29,[],0,0,[],[]
11848590,11849750,MAL,MAN,4.7,321,AICM,RC,5,NT,FI,0.0,0,-21.74,-11.47,[],0,0,[],[]
11849750,11850550,NA,OLN,0.0,321,AICM,NA,NA,NA,NA,0.0,0,-24.61,-17.58,[],0,0,[],[]
11850550,11852280,CHI,CHN,0.0,321,AICM,RC,5,TIFI,FI,1.0,1730,-14.64,-3.38,"[{'Canonical-syllable': '2', 'Growl': '0', 'High-freq-energy': '0', 'Long-island': '1', 'Low-tilt-spectrum': '0', 'Medium-island': '2', 'Short-island': '0', 'Squeal': '0', 'Typical-entropy': '0', 'Voicing-quality': '3', 'Wide-band': '0', 'Xlong-island': '0', 'seq': '1', 'end': 11852.28, 'start': 11850.55}]",0,0,[],[]
11852280,11853510,FEM,FAN,1.78,321,AICM,RC,6,TIFR,FI,0.0,0,-27.66,-20.69,[],0,0,[],[]
11853510,11859860,CHI,CHN,0.0,321,AICM,RC,6,TIFE,FI,2.0,5420,-21.89,-7.92,"[{'Canonical-syllable': '0', 'Growl': '0', 'High-freq-energy': '0', 'Long-island': '1', 'Low-tilt-spectrum': '0', 'Medium-island': '0', 'Short-island': '0', 'Squeal': '0', 'Typical-entropy': '0', 'Voicing-quality': '2', 'Wide-band': '0', 'Xlong-island': '1', 'seq': '1', 'end': 11856.11, 'start': 11853.51}, {'Canonical-syllable': '1', 'Growl': '0', 'High-freq-energy': '0', 'Long-island': '2', 'Low-tilt-spectrum': '0', 'Medium-island': '2', 'Short-island': '0', 'Squeal': '0', 'Typical-entropy': '0', 'Voicing-quality': '4', 'Wide-band': '0', 'Xlong-island': '0', 'seq': '2', 'end': 11859.51, 'start': 11856.69}]",0,0,[],[]
11859860,11860940,CHI,CHN,0.0,321,AICM,RC,6,NT,FH,1.0,480,-20.22,-13.18,"[{'Canonical-syllable': '0', 'Growl': '0', 'High-freq-energy': '0', 'Long-island': '0', 'Low-tilt-spectrum': '0', 'Medium-island': '1', 'Short-island': '0', 'Squeal': '0', 'Typical-entropy': '0', 'Voicing-quality': '1', 'Wide-band': '0', 'Xlong-island': '0', 'seq': '1', 'end': 11860.75, 'start': 11860.27}]",0,0,[],[]
11860940,11862300,CHI,CHN,0.0,321,AICM,RC,6,NT,FH,1.0,1360,-17.57,-13.94,"[{'Canonical-syllable': '0', 'Growl': '0', 'High-freq-energy': '0', 'Long-island': '0', 'Low-tilt-spectrum': '0', 'Medium-island': '1', 'Short-island': '0', 'Squeal': '0', 'Typical-entropy': '0', 'Voicing-quality': '2', 'Wide-band': '0', 'Xlong-island': '1', 'seq': '1', 'end': 11862.3, 'start': 11860.94}]",0,0,[],[]
11862300,11863580,CHI,CHN,0.0,321,AICM,RC,6,NT,FH,1.0,1170,-19.62,-14.42,"[{'Canonical-syllable': '0', 'Growl': '0', 'High-freq-energy': '0', 'Long-island': '0', 'Low-tilt-spectrum': '0', 'Medium-island': '2', 'Short-island': '0', 'Squeal': '0', 'Typical-entropy': '1', 'Voicing-quality': '2', 'Wide-band': '0', 'Xlong-island': '0', 'seq': '1', 'end': 11863.47, 'start': 11862.3}]",0,0,[],[]
11863580,11868420,CHI,CHN,0.0,321,AICM,RC,6,NT,FH,2.0,4340,-17.5,-11.14,"[{'Canonical-syllable': '1', 'Growl': '0', 'High-freq-energy': '0', 'Long-island': '0', 'Low-tilt-spectrum': '0', 'Medium-island': '3', 'Short-island': '1', 'Squeal': '0', 'Typical-entropy': '0', 'Voicing-quality': '5', 'Wide-band': '1', 'Xlong-island': '1', 'seq': '1', 'end': 11866.71, 'start': 11863.67}, {'Canonical-syllable': '0', 'Growl': '0', 'High-freq-energy': '0', 'Long-island': '0', 'Low-tilt-spectrum': '0', 'Medium-island': '0', 'Short-island': '0', 'Squeal': '0', 'Typical-entropy': '0', 'Voicing-quality': '1', 'Wide-band': '0', 'Xlong-island': '1', 'seq': '2', 'end': 11868.42, 'start': 11867.21}]",0,0,[],[]
11868420,11869890,CHI,CHN,0.0,321,AICM,RC,6,NT,FH,1.0,1470,-17.36,-8.63,"[{'Canonical-syllable': '0', 'Growl': '0', 'High-freq-energy': '0', 'Long-island': '1', 'Low-tilt-spectrum': '0', 'Medium-island': '1', 'Short-island': '0', 'Squeal': '0', 'Typical-entropy': '0', 'Voicing-quality': '2', 'Wide-band': '0', 'Xlong-island': '0', 'seq': '1', 'end': 11869.89, 'start': 11868.42}]",0,0,[],[]
11869890,11874750,CHI,CHN,0.0,321,AICM,RC,6,NT,FH,2.0,4190,-15.96,-9.9,"[{'Canonical-syllable': '1', 'Growl': '0', 'High-freq-energy': '0', 'Long-island': '0', 'Low-tilt-spectrum': '0', 'Medium-island': '1', 'Short-island': '0', 'Squeal': '0', 'Typical-entropy': '1', 'Voicing-quality': '1', 'Wide-band': '0', 'Xlong-island': '0', 'seq': '1', 'end': 11870.25, 'start': 11869.89}, {'Canonical-syllable': '0', 'Growl': '0', 'High-freq-energy': '0', 'Long-island': '0', 'Low-tilt-spectrum': '0', 'Medium-island': '3', 'Short-island': '0', 'Squeal': '0', 'Typical-entropy': '1', 'Voicing-quality': '5', 'Wide-band': '0', 'Xlong-island': '2', 'seq': '2', 'end': 11874.75, 'start': 11870.92}]",0,0,[],[]
11874750,11876540,CHI,CHN,0.0,321,AICM,RC,6,NT,FH,1.0,1790,-24.57,-18.06,"[{'Canonical-syllable': '1', 'Growl': '0', 'High-freq-energy': '0', 'Long-island': '1', 'Low-tilt-spectrum': '0', 'Medium-island': '2', 'Short-island': '0', 'Squeal': '0', 'Typical-entropy': '0', 'Voicing-quality': '3', 'Wide-band': '0', 'Xlong-island': '0', 'seq': '1', 'end': 11876.54, 'start': 11874.75}]",0,0,[],[]
11876540,11878040,NA,NOF,0.0,321,AICM,NA,NA,NA,NA,0.0,0,-43.96,-27.68,[],0,0,[],[]
11878040,11881270,CHI,CHN,0.0,321,AICM,RC,6,NT,FH,1.0,3230,-16.35,-10.75,"[{'Canonical-syllable': '1', 'Growl': '0', 'High-freq-energy': '0', 'Long-island': '1', 'Low-tilt-spectrum': '1', 'Medium-island': '1', 'Short-island': '0', 'Squeal': '0', 'Typical-entropy': '1', 'Voicing-quality': '3', 'Wide-band': '0', 'Xlong-island': '1', 'seq': '1', 'end': 11881.27, 'start': 11878.14}]",0,0,[],[]
11881270,11882330,CHI,CHN,0.0,321,AICM,RC,6,NT,FH,2.0,710,-24.97,-19.17,"[{'Canonical-syllable': '0', 'Growl': '1', 'High-freq-energy': '0', 'Long-island': '0', 'Low-tilt-spectrum': '1', 'Medium-island': '0', 'Short-island': '0', 'Squeal': '0', 'Typical-entropy': '1', 'Voicing-quality': '1', 'Wide-band': '0', 'Xlong-island': '0', 'seq': '1', 'end': 11881.37, 'start': 11881.27}, {'Canonical-syllable': '0', 'Growl': '0', 'High-freq-energy': '0', 'Long-island': '0', 'Low-tilt-spectrum': '0', 'Medium-island': '1', 'Short-island': '0', 'Squeal': '0', 'Typical-entropy': '1', 'Voicing-quality': '1', 'Wide-band': '0', 'Xlong-island': '0', 'seq': '2', 'end': 11882.33, 'start': 11881.72}]",0,0,[],[]
11882330,11882950,FEM,FAN,0.0,321,AICM,NA,NA,NA,NA,0.0,0,-27.1,-24.52,[],620,0,[],[]
11882950,11884000,FEM,FAN,0.0,321,AICM,NA,NA,NA,NA,0.0,0,-30.41,-23.83,[],1050,0,[],[]
11884000,11885160,CHI,CHN,0.0,321,AICM,RC,6,NT,FH,1.0,1160,-23.66,-18.76,"[{'Canonical-syllable': '1', 'Growl': '0', 'High-freq-energy': '0', 'Long-island': '0', 'Low-tilt-spectrum': '0', 'Medium-island': '2', 'Short-island': '0', 'Squeal': '0', 'Typical-entropy': '1', 'Voicing-quality': '2', 'Wide-band': '0', 'Xlong-island': '0', 'seq': '1', 'end': 11885.16, 'start': 11884.0}]",0,0,[],[]
11885160,11886430,NA,OLN,0.0,321,AICM,NA,NA,NA,NA,0.0,0,-17.26,-10.29,[],0,0,[],[]
11886430,11887170,CHI,CHN,0.0,321,AICM,RC,6,NT,FH,1.0,560,-17.51,-9.04,"[{'Canonical-syllable': '0', 'Growl': '0', 'High-freq-energy': '0', 'Long-island': '0', 'Low-tilt-spectrum': '0', 'Medium-island': '1', 'Short-island': '0', 'Squeal': '0', 'Typical-entropy': '1', 'Voicing-quality': '1', 'Wide-band': '0', 'Xlong-island': '0', 'seq': '1', 'end': 11886.99, 'start': 11886.59}]",0,0,[],[]
11887170,11888220,CHI,CHN,0.0,321,AICM,RC,6,TIFI,FH,1.0,900,-23.11,-17.54,"[{'Canonical-syllable': '0', 'Growl': '2', 'High-freq-energy': '0', 'Long-island': '0', 'Low-tilt-spectrum': '2', 'Medium-island': '1', 'Short-island': '2', 'Squeal': '0', 'Typical-entropy': '2', 'Voicing-quality': '2', 'Wide-band': '0', 'Xlong-island': '0', 'seq': '1', 'end': 11888.07, 'start': 11887.17}]",0,0,[],[]
11888220,11888820,FEM,FAN,4.85,321,AICM,RC,7,TIFR,FI,0.0,0,-24.73,-19.44,[],0,0,[],[]
11888820,11891770,NA,SIL,0.0,321,AICM,NA,NA,NA,NA,0.0,0,-47.33,-38.13,[],0,0,[],[]
11891770,11894260,FEM,FAN,10.64,321,AICM,RC,7,NT,FH,0.0,0,-25.41,-17.81,[],0,0,[],[]
11894260,11894900,FEM,FAN,0.0,321,AICM,NA,NA,NA,NA,0.0,0,-35.62,-27.82,[],640,0,[],[]
11894900,11895940,FEM,FAN,4.55,321,AICM,RC,7,NT,FH,0.0,0,-23.59,-17.81,[],0,0,[],[]
11895940,11897130,NA,NOF,0.0,321,AICM,NA,NA,NA,NA,0.0,0,-39.57,-27.47,[],0,0,[],[]
11897130,11898230,NA,SIL,0.0,321,AICM,NA,NA,NA,NA,0.0,0,-47.12,-38.57,[],0,0,[],[]
11898230,11900020,CHI,CHN,0.0,321,AICM,RC,7,TIFE,FI,1.0,1650,-18.62,-10.45,"[{'Canonical-syllable': '0', 'Growl': '0', 'High-freq-energy': '0', 'Long-island': '1', 'Low-tilt-spectrum': '0', 'Medium-island': '1', 'Short-island': '1', 'Squeal': '0', 'Typical-entropy': '0', 'Voicing-quality': '3', 'Wide-band': '0', 'Xlong-island': '0', 'seq': '1', 'end': 11899.88, 'start': 11898.23}]",0,0,[],[]
11900020,11902360,NA,SIL,0.0,321,AICM,NA,NA,NA,NA,0.0,0,-44.81,-30.94,[],0,0,[],[]
11902360,11903180,CHI,CHN,0.0,321,AICM,RC,7,TIFI,FH,1.0,820,-19.06,-13.3,"[{'Canonical-syllable': '0', 'Growl': '0', 'High-freq-energy': '0', 'Long-island': '0', 'Low-tilt-spectrum': '0', 'Medium-island': '1', 'Short-island': '1', 'Squeal': '0', 'Typical-entropy': '0', 'Voicing-quality': '2', 'Wide-band': '0', 'Xlong-island': '0', 'seq': '1', 'end': 11903.18, 'start': 11902.36}]",0,0,[],[]
11903180,11904190,FEM,FAN,2.04,321,AICM,RC,8,TIFR,FI,0.0,0,-24.42,-18.82,[],0,0,[],[]
11904190,11905480,NA,SIL,0.0,321,AICM,NA,NA,NA,NA,0.0,0,-45.53,-35.87,[],0,0,[],[]
11905480,11906480,FEM,FAN,3.07,321,AICM,RC,8,NT,FH,0.0,0,-35.73,-27.55,[],0,0,[],[]
11906480,11907280,NA,SIL,0.0,321,AICM,NA,NA,NA,NA,0.0,0,-45.88,-36.12,[],0,0,[],[]
11907280,11908080,NA,NOF,0.0,321,AICM,NA,NA,NA,NA,0.0,0,-20.78,-8.57,[],0,0,[],[]
11908080,11908680,CHI,CHN,0.0,321,AICM,RC,8,TIFE,FI,1.0,600,-19.21,-14.54,"[{'Canonical-syllable': '0', 'Growl': '1', 'High-freq-energy': '0', 'Long-island': '0', 'Low-tilt-spectrum': '0', 'Medium-island': '1', 'Short-island': '0', 'Squeal': '0', 'Typical-entropy': '1', 'Voicing-quality': '1', 'Wide-band': '0', 'Xlong-island': '0', 'seq': '1', 'end': 11908.68, 'start': 11908.08}]",0,0,[],[]
11908680,11910010,NA,OLN,0.0,321,AICM,NA,NA,NA,NA,0.0,0,-19.03,-7.62,[],0,0,[],[]
11910010,11910840,NA,NOF,0.0,321,AICM,NA,NA,NA,NA,0.0,0,-33.6,-25.56,[],0,0,[],[]
11910840,11911840,CHI,CHN,0.0,321,AICM,RC,8,TIFI,FH,1.0,620,-18.09,-12.01,"[{'Canonical-syllable': '0', 'Growl': '1', 'High-freq-energy': '0', 'Long-island': '0', 'Low-tilt-spectrum': '0', 'Medium-island': '1', 'Short-island': '0', 'Squeal': '0', 'Typical-entropy': '0', 'Voicing-quality': '2', 'Wide-band': '0', 'Xlong-island': '0', 'seq': '1', 'end': 11911.84, 'start': 11911.22}]",0,0,[],[]
11911840,11912450,CHI,CHN,0.0,321,AICM,NA,NA,NA,NA,0.0,0,-18.13,-13.98,[],0,110,"[{'start': 11912.34, 'end': 11912.45}]",[]
11912450,11913450,FEM,FAN,4.0,321,AICM,RC,9,TIFR,FI,0.0,0,-17.82,-10.95,[],0,0,[],[]
11913450,11914460,MAL,MAN,7.07,321,AICM,RC,9,NT,FI,0.0,0,-24.77,-15.48,[],0,0,[],[]
11914460,11917130,CHI,CHN,0.0,321,AICM,RC,9,TIME,FI,2.0,2240,-15.14,-5.32,"[{'Canonical-syllable': '1', 'Growl': '0', 'High-freq-energy': '0', 'Long-island': '0', 'Low-tilt-spectrum': '0', 'Medium-island': '1', 'Short-island': '0', 'Squeal': '0', 'Typical-entropy': '1', 'Voicing-quality': '1', 'Wide-band': '0', 'Xlong-island': '0', 'seq': '1', 'end': 11915.17, 'start': 11914.59}, {'Canonical-syllable': '0', 'Growl': '0', 'High-freq-energy': '0', 'Long-island': '1', 'Low-tilt-spectrum': '0', 'Medium-island': '1', 'Short-island': '1', 'Squeal': '0', 'Typical-entropy': '1', 'Voicing-quality': '3', 'Wide-band': '0', 'Xlong-island': '0', 'seq': '2', 'end': 11917.13, 'start': 11915.6}]",0,0,[],[]
11917130,11918950,NA,NOF,0.0,321,AICM,NA,NA,NA,NA,0.0,0,-34.71,-20.15,[],0,0,[],[]
11918950,11919630,CHI,CHN,0.0,321,AICM,RC,9,TIFI,FH,1.0,680,-14.01,-5.52,"[{'Canonical-syllable': '0', 'Growl': '0', 'High-freq-energy': '0', 'Long-island': '1', 'Low-tilt-spectrum': '0', 'Medium-island': '0', 'Short-island': '0', 'Squeal': '0', 'Typical-entropy': '1', 'Voicing-quality': '1', 'Wide-band': '0', 'Xlong-island': '0', 'seq': '1', 'end': 11919.63, 'start': 11918.95}]",0,0,[],[]
11919630,11920720,FEM,FAN,3.27,321,AICM,RC,10,TIFR,FI,0.0,0,-17.86,-10.02,[],0,0,[],[]
11920720,11922660,NA,OLN,0.0,321,AICM,NA,NA,NA,NA,0.0,0,-15.94,-7.23,[],0,0,[],[]
11922660,11923260,CHI,CHN,0.0,321,AICM,RC,10,TIFE,FI,1.0,480,-20.67,-13.52,"[{'Canonical-syllable': '0', 'Growl': '0', 'High-freq-energy': '0', 'Long-island': '0', 'Low-tilt-spectrum': '1', 'Medium-island': '1', 'Short-island': '0', 'Squeal': '0', 'Typical-entropy': '1', 'Voicing-quality': '1', 'Wide-band': '0', 'Xlong-island': '0', 'seq': '1', 'end': 11923.14, 'start': 11922.74}]",0,0,[],[]
11923260,11925490,CHI,CHN,0.0,321,AICM,RC,10,NT,FH,1.0,1830,-19.05,-12.05,"[{'Canonical-syllable': '3', 'Growl': '0', 'High-freq-energy': '0', 'Long-island': '0', 'Low-tilt-spectrum': '0', 'Medium-island': '3', 'Short-island': '1', 'Squeal': '0', 'Typical-entropy': '1', 'Voicing-quality': '4', 'Wide-band': '0', 'Xlong-island': '0', 'seq': '1', 'end': 11925.09, 'start': 11923.42}]",0,0,[],[]
11925490,11926390,NA,SIL,0.0,321,AICM,NA,NA,NA,NA,0.0,0,-44.83,-34.3,[],0,0,[],[]
11926390,11927520,CHI,CHN,0.0,321,AICM,RC,10,NT,FH,1.0,1130,-16.97,-10.54,"[{'Canonical-syllable': '0', 'Growl': '2', 'High-freq-energy': '0', 'Long-island': '0', 'Low-tilt-spectrum': '0', 'Medium-island': '1', 'Short-island': '1', 'Squeal': '0', 'Typical-entropy': '0', 'Voicing-quality': '4', 'Wide-band': '0', 'Xlong-island': '0', 'seq': '1', 'end': 11927.52, 'start': 11926.39}]",0,0,[],[]
11927520,11928270,CHI,CHN,0.0,321,AICM,RC,10,NT,FH,2.0,340,-19.59,-8.59,"[{'Canonical-syllable': '0', 'Growl': '0', 'High-freq-energy': '0', 'Long-island': '0', 'Low-tilt-spectrum': '0', 'Medium-island': '0', 'Short-island': '1', 'Squeal': '0', 'Typical-entropy': '0', 'Voicing-quality': '1', 'Wide-band': '0', 'Xlong-island': '0', 'seq': '1', 'end': 11927.71, 'start': 11927.52}, {'Canonical-syllable': '0', 'Growl': '0', 'High-freq-energy': '0', 'Long-island': '0', 'Low-tilt-spectrum': '0', 'Medium-island': '0', 'Short-island': '0', 'Squeal': '0', 'Typical-entropy': '1', 'Voicing-quality': '1', 'Wide-band': '1', 'Xlong-island': '0', 'seq': '2', 'end': 11928.27, 'start': 11928.12}]",0,0,[],[]
11928270,11929690,NA,SIL,0.0,321,AICM,NA,NA,NA,NA,0.0,0,-45.24,-34.36,[],0,0,[],[]
11929690,11930290,CHI,CHN,0.0,321,AICM,RC,10,NT,FH,1.0,600,-15.82,-5.63,"[{'Canonical-syllable': '0', 'Growl': '0', 'High-freq-energy': '0', 'Long-island': '0', 'Low-tilt-spectrum': '0', 'Medium-island': '1', 'Short-island': '0', 'Squeal': '0', 'Typical-entropy': '1', 'Voicing-quality': '1', 'Wide-band': '0', 'Xlong-island': '0', 'seq': '1', 'end': 11930.29, 'start': 11929.92}]",0,0,[],[]
11930290,11931130,NA,OLN,0.0,321,AICM,NA,NA,NA,NA,0.0,0,-19.83,-15.33,[],0,0,[],[]
11931130,11932530,CHI,CHN,0.0,321,AICM,RC,10,TIFI,FH,1.0,1400,-19.52,-11.67,"[{'Canonical-syllable': '1', 'Growl': '1', 'High-freq-energy': '0', 'Long-island': '0', 'Low-tilt-spectrum': '1', 'Medium-island': '1', 'Short-island': '2', 'Squeal': '0', 'Typical-entropy': '1', 'Voicing-quality': '4', 'Wide-band': '0', 'Xlong-island': '0', 'seq': '1', 'end': 11932.53, 'start': 11931.13}]",0,0,[],[]
11932530,11933130,FEM,FAN,4.06,321,AICM,RC,11,TIFR,FI,0.0,0,-26.79,-20.66,[],0,0,[],[]
11933130,11934130,FEM,FAN,7.45,321,AICM,RC,11,NT,FH,0.0,0,-25.06,-11.03,[],0,0,[],[]
11934130,11934930,NA,NOF,0.0,321,AICM,NA,NA,NA,NA,0.0,0,-22.13,-6.76,[],0,0,[],[]
11934930,11937040,NA,OLN,0.0,321,AICM,NA,NA,NA,NA,0.0,0,-17.35,-3.92,[],0,0,[],[]
11937040,11939210,CHI,CHN,0.0,321,AICM,RC,11,TIFE,FI,3.0,970,-18.96,-6.98,"[{'Canonical-syllable': '1', 'Growl': '0', 'High-freq-energy': '0', 'Long-island': '0', 'Low-tilt-spectrum': '0', 'Medium-island': '0', 'Short-island': '1', 'Squeal': '0', 'Typical-entropy': '1', 'Voicing-quality': '1', 'Wide-band': '0', 'Xlong-island': '0', 'seq': '1', 'end': 11937.22, 'start': 11937.04}, {'Canonical-syllable': '0', 'Growl': '0', 'High-freq-energy': '0', 'Long-island': '0', 'Low-tilt-spectrum': '0', 'Medium-island': '0', 'Short-island': '1', 'Squeal': '0', 'Typical-entropy': '1', 'Voicing-quality': '1', 'Wide-band': '0', 'Xlong-island': '0', 'seq': '2', 'end': 11937.87, 'start': 11937.62}, {'Canonical-syllable': '0', 'Growl': '2', 'High-freq-energy': '0', 'Long-island': '0', 'Low-tilt-spectrum': '0', 'Medium-island': '0', 'Short-island': '1', 'Squeal': '0', 'Typical-entropy': '1', 'Voicing-quality': '2', 'Wide-band': '0', 'Xlong-island': '0', 'seq': '3', 'end': 11939.21, 'start': 11938.67}]",0,0,[],[]
11939210,11940140,NA,NOF,0.0,321,AICM,NA,NA,NA,NA,0.0,0,-31.42,-22.52,[],0,0,[],[]
11940140,11940740,CHI,CHN,0.0,321,AICM,RC,11,TIFI,FH,1.0,600,-23.88,-16.41,"[{'Canonical-syllable': '0', 'Growl': '1', 'High-freq-energy': '0', 'Long-island': '0', 'Low-tilt-spectrum': '1', 'Medium-island': '1', 'Short-island': '0', 'Squeal': '0', 'Typical-entropy': '1', 'Voicing-quality': '1', 'Wide-band': '0', 'Xlong-island': '0', 'seq': '1', 'end': 11940.74, 'start': 11940.14}]",0,0,[],[]
11940740,11941690,NA,NOF,0.0,321,AICM,NA,NA,NA,NA,0.0,0,-36.95,-24.86,[],0,0,[],[]
11941690,11942490,NA,OLN,0.0,321,AICM,NA,NA,NA,NA,0.0,0,-35.06,-26.66,[],0,0,[],[]
11942490,11943290,NA,NON,0.0,321,AICM,NA,NA,NA,NA,0.0,0,-35.48,-26.33,[],0,0,[],[]
11943290,11944730,FEM,FAN,4.24,321,AICM,RC,12,TIFR,FI,0.0,0,-34.12,-25.86,[],0,0,[],[]
11944730,11947450,NA,NOF,0.0,321,AICM,NA,NA,NA,NA,0.0,0,-46.66,-35.41,[],0,0,[],[]
11947450,11948110,FEM,FAN,3.41,321,AICM,EC,12,NT,FH,0.0,0,-28.21,-20.32,[],0,0,[],[]
11948110,11949400,NA,NOF,0.0,322,pause,NA,NA,NA,NA,0.0,0,-43.62,-34.18,[],0,0,[],[]
11949400,11951250,NA,SIL,0.0,322,pause,NA,NA,NA,NA,0.0,0,-49.81,-36.07,[],0,0,[],[]
11951250,11954860,NA,FAF,0.0,322,pause,NA,NA,NA,NA,0.0,0,-45.66,-35.2,[],0,0,[],[]
11954860,11955660,NA,SIL,0.0,322,pause,NA,NA,NA,NA,0.0,0,-50.77,-44.56,[],0,0,[],[]
11955660,11956840,NA,NOF,0.0,322,pause,NA,NA,NA,NA,0.0,0,-29.25,-9.41,[],0,0,[],[]
11956840,11957570,OCH,CXN,0.0,322,XIOCA,BC,0,NT,FI,0.0,0,-24.27,-13.79,[],0,0,[],[]
11957570,11958570,FEM,FAN,3.32,322,XIOCA,EC,0,NT,FI,0.0,0,-34.65,-20.28,[],0,0,[],[]
11958570,11960800,NA,NOF,0.0,323,pause,NA,NA,NA,NA,0.0,0,-42.61,-28.73,[],0,0,[],[]
11960800,11963960,NA,SIL,0.0,323,pause,NA,NA,NA,NA,0.0,0,-51.16,-43.73,[],0,0,[],[]
11963960,11964820,NA,NOF,0.0,323,pause,NA,NA,NA,NA,0.0,0,-46.0,-39.11,[],0,0,[],[]
11964820,11965970,MAL,MAN,4.52,323,AICM,BC,0,TIMI,FI,0.0,0,-33.26,-24.93,[],0,0,[],[]
11965970,11967070,NA,CHF,0.0,323,AICM,RC,1,TIMR,FI,1.0,680,-39.3,-26.36,"[{'Canonical-syllable': '0', 'Growl': '1', 'High-freq-energy': '0', 'Long-island': '0', 'Low-tilt-spectrum': '1', 'Medium-island': '1', 'Short-island': '0', 'Squeal': '0', 'Typical-entropy': '0', 'Voicing-quality': '1', 'Wide-band': '0', 'Xlong-island': '0', 'seq': '1', 'end': 11966.65, 'start': 11966.25}]",0,0,[],[]
11967070,11968160,CHI,CHN,0.0,323,AICM,RC,1,NT,FH,1.0,980,-17.68,-8.89,"[{'Canonical-syllable': '0', 'Growl': '0', 'High-freq-energy': '0', 'Long-island': '0', 'Low-tilt-spectrum': '0', 'Medium-island': '1', 'Short-island': '1', 'Squeal': '0', 'Typical-entropy': '0', 'Voicing-quality': '2', 'Wide-band': '0', 'Xlong-island': '0', 'seq': '1', 'end': 11968.05, 'start': 11967.36}]",0,0,[],[]
11968160,11968920,CHI,CHN,0.0,323,AICM,RC,1,NT,FH,1.0,430,-20.69,-11.09,"[{'Canonical-syllable': '1', 'Growl': '0', 'High-freq-energy': '0', 'Long-island': '0', 'Low-tilt-spectrum': '0', 'Medium-island': '1', 'Short-island': '0', 'Squeal': '0', 'Typical-entropy': '1', 'Voicing-quality': '1', 'Wide-band': '0', 'Xlong-island': '0', 'seq': '1', 'end': 11968.59, 'start': 11968.16}]",0,0,[],[]
11968920,11970300,FEM,FAN,6.12,323,AICM,EC,1,TIFE,FI,0.0,0,-22.85,-14.42,[],0,0,[],[]
11970300,11971370,NA,NOF,0.0,324,pause,NA,NA,NA,NA,0.0,0,-37.4,-21.15,[],0,0,[],[]
11971370,11972020,NA,FAF,0.0,324,pause,NA,NA,NA,NA,0.0,0,-43.77,-33.84,[],0,0,[],[]
11972020,11982190,NA,NON,0.0,324,pause,NA,NA,NA,NA,0.0,0,-10.14,-2.72,[],0,0,[],[]
11982190,11982790,CHI,CHN,0.0,324,pause,NA,NA,NA,NA,0.0,0,-14.63,-4.4,[],0,460,[],"[{'start': 11982.33, 'end': 11982.79}]"
11982790,11984620,NA,NON,0.0,324,pause,NA,NA,NA,NA,0.0,0,-8.63,-2.67,[],0,0,[],[]
11984620,11985220,CHI,CHN,0.0,324,pause,NA,NA,NA,NA,0.0,0,-12.16,-4.0,[],0,600,[],"[{'start': 11984.62, 'end': 11985.22}]"
11985220,11990380,NA,NON,0.0,324,pause,NA,NA,NA,NA,0.0,0,-12.18,-2.58,[],0,0,[],[]
11990380,11994160,NA,SIL,0.0,324,pause,NA,NA,NA,NA,0.0,0,-48.08,-41.85,[],0,0,[],[]
11994160,11995050,NA,NOF,0.0,324,pause,NA,NA,NA,NA,0.0,0,-10.28,-3.13,[],0,0,[],[]
11995050,11995650,NA,CHF,0.0,324,pause,NA,NA,NA,NA,0.0,0,-12.19,-3.53,[],0,300,"[{'start': 11995.35, 'end': 11995.65}]",[]
11995650,11996460,NA,NON,0.0,324,pause,NA,NA,NA,NA,0.0,0,-9.31,-2.62,[],0,0,[],[]
11996460,11997880,NA,OLN,0.0,324,pause,NA,NA,NA,NA,0.0,0,-8.18,-3.16,[],0,0,[],[]
11997880,11998640,CHI,CHN,0.0,324,pause,NA,NA,NA,NA,0.0,0,-15.14,-3.98,[],0,760,"[{'start': 11997.88, 'end': 11998.64}]",[]
11998640,11999690,NA,TVN,0.0,324,pause,NA,NA,NA,NA,0.0,0,-31.69,-26.03,[],0,0,[],[]
11999690,12001150,NA,SIL,0.0,324,pause,NA,NA,NA,NA,0.0,0,-38.37,-34.78,[],0,0,[],[]
12001150,12005630,NA,NON,0.0,324,pause,NA,NA,NA,NA,0.0,0,-11.14,-2.55,[],0,0,[],[]
12005630,12006820,CHI,CHN,0.0,324,CM,BC,0,NT,FI,1.0,580,-17.29,-3.84,"[{'Canonical-syllable': '0', 'Growl': '1', 'High-freq-energy': '2', 'Long-island': '0', 'Low-tilt-spectrum': '2', 'Medium-island': '1', 'Short-island': '0', 'Squeal': '0', 'Typical-entropy': '2', 'Voicing-quality': '0', 'Wide-band': '1', 'Xlong-island': '0', 'seq': '1', 'end': 12006.53, 'start': 12005.95}]",0,0,[],[]
12006820,12007840,NA,NON,0.0,324,CM,NA,NA,NA,NA,0.0,0,-11.19,-3.07,[],0,0,[],[]
12007840,12008440,CHI,CHN,0.0,324,CM,EC,0,NT,FH,1.0,470,-21.64,-16.47,"[{'Canonical-syllable': '0', 'Growl': '1', 'High-freq-energy': '1', 'Long-island': '0', 'Low-tilt-spectrum': '1', 'Medium-island': '1', 'Short-island': '0', 'Squeal': '0', 'Typical-entropy': '1', 'Voicing-quality': '1', 'Wide-band': '0', 'Xlong-island': '0', 'seq': '1', 'end': 12008.31, 'start': 12007.84}]",0,0,[],[]
12008440,12014820,NA,NON,0.0,325,pause,NA,NA,NA,NA,0.0,0,-9.22,-2.52,[],0,0,[],[]
12014820,12015820,CHI,CHN,0.0,325,pause,NA,NA,NA,NA,0.0,0,-12.77,-3.88,[],0,80,[],"[{'start': 12015.18, 'end': 12015.26}]"
12015820,12017260,NA,NON,0.0,325,pause,NA,NA,NA,NA,0.0,0,-10.21,-3.12,[],0,0,[],[]
12017260,12017870,CHI,CHN,0.0,325,pause,NA,NA,NA,NA,0.0,0,-13.67,-3.0,[],0,100,[],"[{'start': 12017.53, 'end': 12017.63}]"
12017870,12019240,NA,NON,0.0,325,pause,NA,NA,NA,NA,0.0,0,-13.52,-2.64,[],0,0,[],[]
12019240,12020240,FEM,FAN,0.0,325,pause,NA,NA,NA,NA,0.0,0,-34.51,-21.38,[],1000,0,[],[]
12020240,12021050,NA,NON,0.0,325,pause,NA,NA,NA,NA,0.0,0,-17.15,-5.0,[],0,0,[],[]
12021050,12021710,CHI,CHN,0.0,325,pause,NA,NA,NA,NA,0.0,0,-13.91,-2.12,[],0,260,[],"[{'start': 12021.31, 'end': 12021.57}]"
12021710,12025190,NA,NON,0.0,325,pause,NA,NA,NA,NA,0.0,0,-10.05,-2.19,[],0,0,[],[]
12025190,12025980,CHI,CHN,0.0,325,pause,NA,NA,NA,NA,0.0,0,-12.22,-3.65,[],0,0,[],[]
12025980,12027290,CHI,CHN,0.0,325,CM,BC,0,NT,FI,1.0,1310,-32.24,-19.73,"[{'Canonical-syllable': '0', 'Growl': '1', 'High-freq-energy': '1', 'Long-island': '0', 'Low-tilt-spectrum': '1', 'Medium-island': '0', 'Short-island': '0', 'Squeal': '0', 'Typical-entropy': '1', 'Voicing-quality': '1', 'Wide-band': '0', 'Xlong-island': '1', 'seq': '1', 'end': 12027.29, 'start': 12025.98}]",0,0,[],[]
12027290,12028270,NA,NON,0.0,325,CM,NA,NA,NA,NA,0.0,0,-9.99,-3.01,[],0,0,[],[]
12028270,12028890,CHI,CHN,0.0,325,CM,EC,0,NT,FH,1.0,490,-8.87,-2.64,"[{'Canonical-syllable': '0', 'Growl': '0', 'High-freq-energy': '0', 'Long-island': '0', 'Low-tilt-spectrum': '1', 'Medium-island': '1', 'Short-island': '0', 'Squeal': '0', 'Typical-entropy': '1', 'Voicing-quality': '1', 'Wide-band': '1', 'Xlong-island': '0', 'seq': '1', 'end': 12028.76, 'start': 12028.27}]",0,0,[],[]
12028890,12031330,NA,NON,0.0,326,pause,NA,NA,NA,NA,0.0,0,-9.46,-1.69,[],0,0,[],[]
12031330,12032290,CHI,CHN,0.0,326,pause,NA,NA,NA,NA,0.0,0,-10.58,-3.75,[],0,960,"[{'start': 12031.33, 'end': 12031.67}]","[{'start': 12031.67, 'end': 12032.29}]"
12032290,12033680,NA,NON,0.0,326,pause,NA,NA,NA,NA,0.0,0,-10.8,-1.69,[],0,0,[],[]
12033680,12034310,FEM,FAN,0.0,326,pause,NA,NA,NA,NA,0.0,0,-28.99,-28.62,[],630,0,[],[]
12034310,12036210,NA,NON,0.0,326,pause,NA,NA,NA,NA,0.0,0,-7.61,-3.06,[],0,0,[],[]
12036210,12036810,CHI,CHN,0.0,326,pause,NA,NA,NA,NA,0.0,0,-11.88,-3.44,[],0,100,[],"[{'start': 12036.47, 'end': 12036.57}]"
12036810,12043910,NA,NON,0.0,326,pause,NA,NA,NA,NA,0.0,0,-8.81,-2.25,[],0,0,[],[]
12043910,12044710,NA,OLN,0.0,326,pause,NA,NA,NA,NA,0.0,0,-13.18,-4.02,[],0,0,[],[]
12044710,12048470,NA,NON,0.0,326,pause,NA,NA,NA,NA,0.0,0,-9.38,-2.18,[],0,0,[],[]
12048470,12049470,MAL,MAN,2.34,326,AICM,BC,0,NT,FI,0.0,0,-30.49,-20.52,[],0,0,[],[]
12049470,12050290,NA,NON,0.0,326,AICM,NA,NA,NA,NA,0.0,0,-13.31,-3.3,[],0,0,[],[]
12050290,12050890,CHI,CHN,0.0,326,AICM,NA,NA,NA,NA,0.0,0,-14.45,-3.18,[],0,0,[],[]
12050890,12051890,NA,NON,0.0,326,AICM,NA,NA,NA,NA,0.0,0,-10.52,-2.69,[],0,0,[],[]
12051890,12052890,FEM,FAN,0.54,326,AICM,RC,0,TIFI,FI,0.0,0,-16.14,-3.58,[],0,0,[],[]
12052890,12053490,CHI,CHN,0.0,326,AICM,NA,NA,NA,NA,0.0,0,-15.24,-4.97,[],0,0,[],[]
12053490,12055370,CHI,CHN,0.0,326,AICM,EC,1,TIFR,FI,1.0,550,-15.71,-4.02,"[{'Canonical-syllable': '0', 'Growl': '0', 'High-freq-energy': '1', 'Long-island': '0', 'Low-tilt-spectrum': '2', 'Medium-island': '0', 'Short-island': '1', 'Squeal': '0', 'Typical-entropy': '2', 'Voicing-quality': '0', 'Wide-band': '1', 'Xlong-island': '0', 'seq': '1', 'end': 12054.76, 'start': 12054.21}]",0,0,[],[]
12055370,12057530,NA,NON,0.0,327,pause,NA,NA,NA,NA,0.0,0,-11.28,-2.39,[],0,0,[],[]
12057530,12058170,CHI,CHN,0.0,327,pause,NA,NA,NA,NA,0.0,0,-13.3,-3.06,[],0,0,[],[]
12058170,12060700,NA,NON,0.0,327,pause,NA,NA,NA,NA,0.0,0,-9.2,-3.28,[],0,0,[],[]
12060700,12062430,CHI,CHN,0.0,327,pause,NA,NA,NA,NA,0.0,0,-16.48,-3.66,[],0,80,[],"[{'start': 12060.99, 'end': 12061.07}]"
12062430,12063450,NA,NON,0.0,327,pause,NA,NA,NA,NA,0.0,0,-9.97,-2.54,[],0,0,[],[]
12063450,12064230,CHI,CHN,0.0,327,pause,NA,NA,NA,NA,0.0,0,-14.22,-3.44,[],0,110,[],"[{'start': 12063.67, 'end': 12063.78}]"
12064230,12067620,NA,NON,0.0,327,pause,NA,NA,NA,NA,0.0,0,-11.18,-2.92,[],0,0,[],[]
12067620,12068260,CHI,CHN,0.0,327,CM,EC,0,NT,FI,1.0,80,-16.37,-4.62,"[{'Canonical-syllable': '0', 'Growl': '0', 'High-freq-energy': '1', 'Long-island': '0', 'Low-tilt-spectrum': '1', 'Medium-island': '0', 'Short-island': '0', 'Squeal': '1', 'Typical-entropy': '1', 'Voicing-quality': '0', 'Wide-band': '0', 'Xlong-island': '0', 'seq': '1', 'end': 12067.7, 'start': 12067.62}]",0,0,[],[]
12068260,12080860,NA,NON,0.0,328,pause,NA,NA,NA,NA,0.0,0,-8.6,-1.97,[],0,0,[],[]
12080860,12081660,NA,OLN,0.0,328,pause,NA,NA,NA,NA,0.0,0,-20.72,-5.68,[],0,0,[],[]
12081660,12082260,CHI,CHN,0.0,328,pause,NA,NA,NA,NA,0.0,0,-11.95,-2.64,[],0,160,[],"[{'start': 12081.66, 'end': 12081.82}]"
12082260,12083510,NA,NON,0.0,328,pause,NA,NA,NA,NA,0.0,0,-10.17,-3.1,[],0,0,[],[]
12083510,12084130,CHI,CHN,0.0,328,pause,NA,NA,NA,NA,0.0,0,-14.84,-2.7,[],0,0,[],[]
12084130,12087130,NA,NON,0.0,328,pause,NA,NA,NA,NA,0.0,0,-10.2,-2.5,[],0,0,[],[]
12087130,12087780,CHI,CHN,0.0,328,pause,NA,NA,NA,NA,0.0,0,-12.45,-3.23,[],0,80,[],"[{'start': 12087.24, 'end': 12087.32}]"
12087780,12089330,NA,NON,0.0,328,pause,NA,NA,NA,NA,0.0,0,-11.9,-2.95,[],0,0,[],[]
12089330,12090010,CHI,CHN,0.0,328,pause,NA,NA,NA,NA,0.0,0,-15.19,-4.06,[],0,120,[],"[{'start': 12089.47, 'end': 12089.59}]"
12090010,12094430,NA,NON,0.0,328,pause,NA,NA,NA,NA,0.0,0,-11.79,-2.77,[],0,0,[],[]
12094430,12095360,CHI,CHN,0.0,328,pause,NA,NA,NA,NA,0.0,0,-15.22,-3.15,[],0,0,[],[]
12095360,12098310,NA,NON,0.0,328,pause,NA,NA,NA,NA,0.0,0,-10.93,-2.67,[],0,0,[],[]
12098310,12098940,CHI,CHN,0.0,328,pause,NA,NA,NA,NA,0.0,0,-14.86,-4.18,[],0,0,[],[]
12098940,12100860,NA,NON,0.0,328,pause,NA,NA,NA,NA,0.0,0,-9.73,-2.9,[],0,0,[],[]
12100860,12101570,CHI,CHN,0.0,328,pause,NA,NA,NA,NA,0.0,0,-11.09,-2.96,[],0,0,[],[]
12101570,12102560,NA,NON,0.0,328,pause,NA,NA,NA,NA,0.0,0,-8.77,-3.08,[],0,0,[],[]
12102560,12103330,CHI,CHN,0.0,328,pause,NA,NA,NA,NA,0.0,0,-10.23,-2.94,[],0,770,"[{'start': 12102.56, 'end': 12103.12}]","[{'start': 12103.12, 'end': 12103.33}]"
12103330,12105120,NA,NON,0.0,328,pause,NA,NA,NA,NA,0.0,0,-12.39,-2.85,[],0,0,[],[]
12105120,12105720,CHI,CHN,0.0,328,pause,NA,NA,NA,NA,0.0,0,-12.45,-3.92,[],0,240,[],"[{'start': 12105.48, 'end': 12105.72}]"
12105720,12106560,NA,NON,0.0,328,pause,NA,NA,NA,NA,0.0,0,-9.38,-2.57,[],0,0,[],[]
12106560,12107170,CHI,CHN,0.0,328,pause,NA,NA,NA,NA,0.0,0,-14.42,-4.75,[],0,460,[],"[{'start': 12106.71, 'end': 12107.17}]"
12107170,12109470,NA,NON,0.0,328,pause,NA,NA,NA,NA,0.0,0,-9.88,-3.07,[],0,0,[],[]
12109470,12110670,CHI,CHN,0.0,328,pause,NA,NA,NA,NA,0.0,0,-10.92,-2.56,[],0,100,[],"[{'start': 12109.47, 'end': 12109.57}]"
12110670,12118770,NA,NON,0.0,328,pause,NA,NA,NA,NA,0.0,0,-7.54,-2.42,[],0,0,[],[]
12118770,12119430,CHI,CHN,0.0,328,pause,NA,NA,NA,NA,0.0,0,-11.68,-3.16,[],0,340,[],"[{'start': 12118.98, 'end': 12119.32}]"
12119430,12128190,NA,NON,0.0,328,pause,NA,NA,NA,NA,0.0,0,-9.61,-1.34,[],0,0,[],[]
12128190,12129740,FEM,FAN,6.74,328,AMF,EC,0,NT,FI,0.0,0,-17.02,-3.26,[],0,0,[],[]
12129740,12132750,NA,OLN,0.0,329,pause,NA,NA,NA,NA,0.0,0,-15.65,-2.86,[],0,0,[],[]
12132750,12133820,CHI,CHN,0.0,329,pause,NA,NA,NA,NA,0.0,0,-18.25,-4.08,[],0,1070,"[{'start': 12132.75, 'end': 12133.82}]",[]
12133820,12141070,NA,OLN,0.0,329,pause,NA,NA,NA,NA,0.0,0,-16.07,-2.29,[],0,0,[],[]
12141070,12141770,CHI,CHN,0.0,329,pause,NA,NA,NA,NA,0.0,0,-15.62,-5.01,[],0,700,"[{'start': 12141.07, 'end': 12141.77}]",[]
12141770,12143380,NA,OLN,0.0,329,pause,NA,NA,NA,NA,0.0,0,-17.18,-4.05,[],0,0,[],[]
12143380,12144380,NA,TVN,0.0,329,pause,NA,NA,NA,NA,0.0,0,-25.17,-8.69,[],0,0,[],[]
12144380,12145370,NA,NOF,0.0,329,pause,NA,NA,NA,NA,0.0,0,-17.01,-5.14,[],0,0,[],[]
12145370,12146210,CHI,CHN,0.0,329,pause,NA,NA,NA,NA,0.0,0,-23.71,-7.8,[],0,220,"[{'start': 12145.37, 'end': 12145.59}]",[]
12146210,12147010,NA,SIL,0.0,329,pause,NA,NA,NA,NA,0.0,0,-43.24,-37.96,[],0,0,[],[]
12147010,12147810,NA,NOF,0.0,329,pause,NA,NA,NA,NA,0.0,0,-42.78,-35.56,[],0,0,[],[]
12147810,12148610,NA,SIL,0.0,329,pause,NA,NA,NA,NA,0.0,0,-45.76,-41.29,[],0,0,[],[]
12148610,12149670,CHI,CHN,0.0,329,CM,BC,0,NT,FI,1.0,960,-18.95,-9.81,"[{'Canonical-syllable': '0', 'Growl': '0', 'High-freq-energy': '0', 'Long-island': '1', 'Low-tilt-spectrum': '0', 'Medium-island': '0', 'Short-island': '0', 'Squeal': '0', 'Typical-entropy': '0', 'Voicing-quality': '1', 'Wide-band': '0', 'Xlong-island': '0', 'seq': '1', 'end': 12149.57, 'start': 12148.69}]",0,0,[],[]
12149670,12150820,NA,NOF,0.0,329,CM,NA,NA,NA,NA,0.0,0,-36.1,-22.59,[],0,0,[],[]
12150820,12151620,NA,SIL,0.0,329,CM,NA,NA,NA,NA,0.0,0,-43.32,-26.41,[],0,0,[],[]
12151620,12153210,NA,NOF,0.0,329,CM,NA,NA,NA,NA,0.0,0,-19.25,-2.98,[],0,0,[],[]
12153210,12153950,CHI,CHN,0.0,329,CM,EC,0,NT,FH,1.0,740,-14.55,-3.15,"[{'Canonical-syllable': '0', 'Growl': '1', 'High-freq-energy': '0', 'Long-island': '0', 'Low-tilt-spectrum': '1', 'Medium-island': '1', 'Short-island': '0', 'Squeal': '0', 'Typical-entropy': '2', 'Voicing-quality': '1', 'Wide-band': '0', 'Xlong-island': '0', 'seq': '1', 'end': 12153.95, 'start': 12153.21}]",0,0,[],[]
12153950,12155290,NA,OLN,0.0,330,pause,NA,NA,NA,NA,0.0,0,-22.23,-13.6,[],0,0,[],[]
12155290,12156330,NA,TVN,0.0,330,pause,NA,NA,NA,NA,0.0,0,-30.89,-23.66,[],0,0,[],[]
12156330,12158000,NA,OLN,0.0,330,pause,NA,NA,NA,NA,0.0,0,-25.92,-13.82,[],0,0,[],[]
12158000,12159000,NA,TVN,0.0,330,pause,NA,NA,NA,NA,0.0,0,-26.09,-20.2,[],0,0,[],[]
12159000,12160810,NA,NOF,0.0,330,pause,NA,NA,NA,NA,0.0,0,-29.3,-9.35,[],0,0,[],[]
12160810,12161690,NA,OLN,0.0,330,pause,NA,NA,NA,NA,0.0,0,-22.97,-5.88,[],0,0,[],[]
12161690,12164830,NA,NON,0.0,330,pause,NA,NA,NA,NA,0.0,0,-10.07,-2.54,[],0,0,[],[]
12164830,12165980,NA,OLN,0.0,330,pause,NA,NA,NA,NA,0.0,0,-8.53,-2.85,[],0,0,[],[]
12165980,12168070,NA,NON,0.0,330,pause,NA,NA,NA,NA,0.0,0,-9.23,-2.6,[],0,0,[],[]
12168070,12168760,NA,FAF,0.0,330,pause,NA,NA,NA,NA,0.0,0,-18.62,-4.98,[],0,0,[],[]
12168760,12177270,NA,NON,0.0,330,pause,NA,NA,NA,NA,0.0,0,-10.81,-2.26,[],0,0,[],[]
12177270,12178070,NA,OLN,0.0,330,pause,NA,NA,NA,NA,0.0,0,-30.32,-28.99,[],0,0,[],[]
12178070,12196290,NA,NON,0.0,330,pause,NA,NA,NA,NA,0.0,0,-14.98,-2.76,[],0,0,[],[]
12196290,12197300,NA,OLF,0.0,330,pause,NA,NA,NA,NA,0.0,0,-37.77,-34.99,[],0,0,[],[]
12197300,12198580,NA,NOF,0.0,330,pause,NA,NA,NA,NA,0.0,0,-34.06,-24.96,[],0,0,[],[]
12198580,12199180,CHI,CHN,0.0,330,pause,NA,NA,NA,NA,0.0,0,-27.44,-20.61,[],0,600,"[{'start': 12198.58, 'end': 12199.18}]",[]
12199180,12201970,NA,NON,0.0,330,pause,NA,NA,NA,NA,0.0,0,-20.6,-3.35,[],0,0,[],[]
12201970,12203130,NA,OLN,0.0,330,pause,NA,NA,NA,NA,0.0,0,-30.07,-19.24,[],0,0,[],[]
12203130,12205520,NA,NOF,0.0,330,pause,NA,NA,NA,NA,0.0,0,-28.38,-14.71,[],0,0,[],[]
12205520,12206620,NA,OLF,0.0,330,pause,NA,NA,NA,NA,0.0,0,-20.6,-5.54,[],0,0,[],[]
12206620,12229250,NA,NON,0.0,330,pause,NA,NA,NA,NA,0.0,0,-23.2,-2.89,[],0,0,[],[]
12229250,12229860,NA,CHF,0.0,330,CM,EC,0,NT,FI,1.0,610,-31.79,-21.95,"[{'Canonical-syllable': '0', 'Growl': '3', 'High-freq-energy': '3', 'Long-island': '0', 'Low-tilt-spectrum': '3', 'Medium-island': '1', 'Short-island': '0', 'Squeal': '0', 'Typical-entropy': '3', 'Voicing-quality': '0', 'Wide-band': '0', 'Xlong-island': '0', 'seq': '1', 'end': 12229.86, 'start': 12229.25}]",0,0,[],[]
12229860,12239840,NA,NOF,0.0,331,pause,NA,NA,NA,NA,0.0,0,-34.53,-19.16,[],0,0,[],[]
12239840,12240890,NA,FAF,0.0,331,pause,NA,NA,NA,NA,0.0,0,-36.8,-29.95,[],0,0,[],[]
12240890,12241700,NA,OLF,0.0,331,pause,NA,NA,NA,NA,0.0,0,-29.42,-17.58,[],0,0,[],[]
12241700,12242580,NA,NON,0.0,331,pause,NA,NA,NA,NA,0.0,0,-29.94,-18.4,[],0,0,[],[]
12242580,12243190,CHI,CHN,0.0,331,pause,NA,NA,NA,NA,0.0,0,-30.81,-23.3,[],0,610,[],"[{'start': 12242.58, 'end': 12243.19}]"
12243190,12247680,NA,NOF,0.0,331,pause,NA,NA,NA,NA,0.0,0,-20.37,-1.65,[],0,0,[],[]
12247680,12248680,NA,OLF,0.0,331,pause,NA,NA,NA,NA,0.0,0,-38.13,-28.1,[],0,0,[],[]
12248680,12249450,CHI,CHN,0.0,331,pause,NA,NA,NA,NA,0.0,0,-29.96,-23.52,[],0,770,[],"[{'start': 12248.68, 'end': 12249.45}]"
12249450,12251320,NA,NOF,0.0,331,pause,NA,NA,NA,NA,0.0,0,-37.5,-23.48,[],0,0,[],[]
12251320,12252380,NA,MAF,0.0,331,pause,NA,NA,NA,NA,0.0,0,-37.39,-29.81,[],0,0,[],[]
12252380,12253180,NA,NOF,0.0,331,pause,NA,NA,NA,NA,0.0,0,-38.27,-30.96,[],0,0,[],[]
12253180,12253990,NA,OLN,0.0,331,pause,NA,NA,NA,NA,0.0,0,-30.74,-20.34,[],0,0,[],[]
12253990,12254790,NA,NOF,0.0,331,pause,NA,NA,NA,NA,0.0,0,-35.0,-25.54,[],0,0,[],[]
12254790,12256780,NA,OLN,0.0,331,pause,NA,NA,NA,NA,0.0,0,-27.37,-8.56,[],0,0,[],[]
12256780,12257640,NA,NON,0.0,331,pause,NA,NA,NA,NA,0.0,0,-29.42,-19.15,[],0,0,[],[]
12257640,12258470,NA,OLF,0.0,331,pause,NA,NA,NA,NA,0.0,0,-25.78,-7.72,[],0,0,[],[]
12258470,12259580,NA,NOF,0.0,331,pause,NA,NA,NA,NA,0.0,0,-41.18,-34.4,[],0,0,[],[]
12259580,12261480,NA,OLF,0.0,331,pause,NA,NA,NA,NA,0.0,0,-22.02,-3.39,[],0,0,[],[]
12261480,12263100,NA,NOF,0.0,331,pause,NA,NA,NA,NA,0.0,0,-22.6,-5.87,[],0,0,[],[]
12263100,12263700,NA,CHF,0.0,331,CM,EC,0,NT,FI,1.0,600,-34.24,-20.45,"[{'Canonical-syllable': '0', 'Growl': '0', 'High-freq-energy': '0', 'Long-island': '0', 'Low-tilt-spectrum': '1', 'Medium-island': '1', 'Short-island': '0', 'Squeal': '0', 'Typical-entropy': '0', 'Voicing-quality': '0', 'Wide-band': '0', 'Xlong-island': '0', 'seq': '1', 'end': 12263.7, 'start': 12263.1}]",0,0,[],[]
12263700,12281240,NA,NON,0.0,332,pause,NA,NA,NA,NA,0.0,0,-12.29,-1.6,[],0,0,[],[]
12281240,12282180,NA,OLN,0.0,332,pause,NA,NA,NA,NA,0.0,0,-26.22,-16.31,[],0,0,[],[]
12282180,12283250,NA,NON,0.0,332,pause,NA,NA,NA,NA,0.0,0,-33.82,-26.34,[],0,0,[],[]
12283250,12284390,CHI,CHN,0.0,332,CM,EC,0,NT,FI,1.0,1140,-30.52,-22.66,"[{'Canonical-syllable': '0', 'Growl': '1', 'High-freq-energy': '1', 'Long-island': '0', 'Low-tilt-spectrum': '1', 'Medium-island': '0', 'Short-island': '0', 'Squeal': '0', 'Typical-entropy': '1', 'Voicing-quality': '1', 'Wide-band': '0', 'Xlong-island': '1', 'seq': '1', 'end': 12284.39, 'start': 12283.25}]",0,0,[],[]
12284390,12287800,NA,NOF,0.0,333,pause,NA,NA,NA,NA,0.0,0,-23.71,-3.9,[],0,0,[],[]
12287800,12288420,CHI,CHN,0.0,333,pause,NA,NA,NA,NA,0.0,0,-13.95,-3.88,[],0,120,[],"[{'start': 12287.95, 'end': 12288.07}]"
12288420,12291620,NA,NOF,0.0,333,pause,NA,NA,NA,NA,0.0,0,-20.02,-1.75,[],0,0,[],[]
12291620,12292420,CHI,CHN,0.0,333,CM,EC,0,NT,FI,1.0,800,-25.15,-10.31,"[{'Canonical-syllable': '0', 'Growl': '2', 'High-freq-energy': '2', 'Long-island': '0', 'Low-tilt-spectrum': '2', 'Medium-island': '1', 'Short-island': '1', 'Squeal': '0', 'Typical-entropy': '2', 'Voicing-quality': '0', 'Wide-band': '0', 'Xlong-island': '0', 'seq': '1', 'end': 12292.42, 'start': 12291.62}]",0,0,[],[]
12292420,12300440,NA,NOF,0.0,334,pause,NA,NA,NA,NA,0.0,0,-12.06,-2.99,[],0,0,[],[]
12300440,12301070,CHI,CHN,0.0,334,CM,EC,0,NT,FI,1.0,120,-11.54,-3.72,"[{'Canonical-syllable': '0', 'Growl': '0', 'High-freq-energy': '0', 'Long-island': '0', 'Low-tilt-spectrum': '1', 'Medium-island': '0', 'Short-island': '1', 'Squeal': '0', 'Typical-entropy': '1', 'Voicing-quality': '0', 'Wide-band': '0', 'Xlong-island': '0', 'seq': '1', 'end': 12300.94, 'start': 12300.82}]",0,0,[],[]
12301070,12309480,NA,NON,0.0,335,pause,NA,NA,NA,NA,0.0,0,-13.08,-2.93,[],0,0,[],[]
12309480,12310090,CHI,CHN,0.0,335,CM,BC,0,NT,FI,1.0,610,-30.23,-22.17,"[{'Canonical-syllable': '0', 'Growl': '0', 'High-freq-energy': '1', 'Long-island': '0', 'Low-tilt-spectrum': '1', 'Medium-island': '1', 'Short-island': '0', 'Squeal': '0', 'Typical-entropy': '1', 'Voicing-quality': '1', 'Wide-band': '1', 'Xlong-island': '0', 'seq': '1', 'end': 12310.09, 'start': 12309.64}]",0,0,[],[]
12310090,12311050,NA,NOF,0.0,335,CM,NA,NA,NA,NA,0.0,0,-17.41,-6.26,[],0,0,[],[]
12311050,12311650,CHI,CHN,0.0,335,CM,NA,NA,NA,NA,0.0,0,-16.15,-3.59,[],0,140,[],"[{'start': 12311.24, 'end': 12311.38}]"
12311650,12312510,NA,NON,0.0,335,CM,NA,NA,NA,NA,0.0,0,-17.03,-4.1,[],0,0,[],[]
12312510,12313620,CHI,CHN,0.0,335,CM,EC,0,NT,FH,1.0,580,-14.76,-4.43,"[{'Canonical-syllable': '0', 'Growl': '2', 'High-freq-energy': '0', 'Long-island': '0', 'Low-tilt-spectrum': '2', 'Medium-island': '0', 'Short-island': '2', 'Squeal': '0', 'Typical-entropy': '1', 'Voicing-quality': '3', 'Wide-band': '0', 'Xlong-island': '0', 'seq': '1', 'end': 12313.62, 'start': 12313.04}]",0,0,[],[]
12313620,12323970,NA,NON,0.0,336,pause,NA,NA,NA,NA,0.0,0,-14.29,-2.53,[],0,0,[],[]
12323970,12324570,CHI,CHN,0.0,336,pause,NA,NA,NA,NA,0.0,0,-17.62,-4.67,[],0,0,[],[]
12324570,12326130,NA,NON,0.0,336,pause,NA,NA,NA,NA,0.0,0,-11.64,-3.14,[],0,0,[],[]
12326130,12326830,NA,CHF,0.0,336,pause,NA,NA,NA,NA,0.0,0,-11.58,-2.39,[],0,140,[],"[{'start': 12326.62, 'end': 12326.76}]"
12326830,12327660,NA,NON,0.0,336,pause,NA,NA,NA,NA,0.0,0,-11.99,-3.11,[],0,0,[],[]
12327660,12328260,CHI,CHN,0.0,336,pause,NA,NA,NA,NA,0.0,0,-16.66,-6.13,[],0,130,[],"[{'start': 12327.81, 'end': 12327.94}]"
12328260,12340080,NA,NON,0.0,336,pause,NA,NA,NA,NA,0.0,0,-14.47,-2.41,[],0,0,[],[]
12340080,12340730,CHI,CHN,0.0,336,pause,NA,NA,NA,NA,0.0,0,-19.22,-9.14,[],0,550,"[{'start': 12340.18, 'end': 12340.73}]",[]
12340730,12344780,NA,OLN,0.0,336,pause,NA,NA,NA,NA,0.0,0,-18.06,-9.64,[],0,0,[],[]
12344780,12345380,CHI,CHN,0.0,336,pause,NA,NA,NA,NA,0.0,0,-14.93,-11.02,[],0,600,"[{'start': 12344.78, 'end': 12345.38}]",[]
12345380,12349940,NA,OLN,0.0,336,pause,NA,NA,NA,NA,0.0,0,-17.52,-10.49,[],0,0,[],[]
12349940,12350540,CHI,CHN,0.0,336,pause,NA,NA,NA,NA,0.0,0,-15.88,-11.61,[],0,600,"[{'start': 12349.94, 'end': 12350.54}]",[]
12350540,12351340,NA,TVN,0.0,336,pause,NA,NA,NA,NA,0.0,0,-21.66,-14.67,[],0,0,[],[]
12351340,12352660,NA,NON,0.0,336,pause,NA,NA,NA,NA,0.0,0,-34.41,-21.87,[],0,0,[],[]
12352660,12353260,CHI,CHN,0.0,336,CM,EC,0,NT,FI,1.0,600,-33.21,-26.64,"[{'Canonical-syllable': '0', 'Growl': '1', 'High-freq-energy': '1', 'Long-island': '0', 'Low-tilt-spectrum': '1', 'Medium-island': '1', 'Short-island': '0', 'Squeal': '0', 'Typical-entropy': '1', 'Voicing-quality': '1', 'Wide-band': '0', 'Xlong-island': '0', 'seq': '1', 'end': 12353.26, 'start': 12352.66}]",0,0,[],[]
12353260,12354260,NA,NON,0.0,337,pause,NA,NA,NA,NA,0.0,0,-17.22,-3.78,[],0,0,[],[]
12354260,12354870,CHI,CHN,0.0,337,pause,NA,NA,NA,NA,0.0,0,-34.4,-22.97,[],0,0,[],[]
12354870,12369530,NA,NON,0.0,337,pause,NA,NA,NA,NA,0.0,0,-16.95,-2.89,[],0,0,[],[]
12369530,12370330,NA,OLF,0.0,337,pause,NA,NA,NA,NA,0.0,0,-17.27,-3.82,[],0,0,[],[]
12370330,12371660,NA,NOF,0.0,337,pause,NA,NA,NA,NA,0.0,0,-17.24,-3.51,[],0,0,[],[]
12371660,12372800,NA,OLF,0.0,337,pause,NA,NA,NA,NA,0.0,0,-18.49,-3.46,[],0,0,[],[]
12372800,12374390,NA,NOF,0.0,337,pause,NA,NA,NA,NA,0.0,0,-16.51,-2.76,[],0,0,[],[]
12374390,12375190,NA,SIL,0.0,337,pause,NA,NA,NA,NA,0.0,0,-44.57,-40.79,[],0,0,[],[]
12375190,12376380,NA,NOF,0.0,337,pause,NA,NA,NA,NA,0.0,0,-20.62,-5.63,[],0,0,[],[]
12376380,12382520,NA,SIL,0.0,337,pause,NA,NA,NA,NA,0.0,0,-48.71,-41.56,[],0,0,[],[]
12382520,12389690,NA,OLN,0.0,337,pause,NA,NA,NA,NA,0.0,0,-26.41,-17.97,[],0,0,[],[]
12389690,12390970,NA,NOF,0.0,337,pause,NA,NA,NA,NA,0.0,0,-36.04,-28.4,[],0,0,[],[]
12390970,12391980,CHI,CHN,0.0,337,CM,EC,0,NT,FI,1.0,1010,-23.4,-18.02,"[{'Canonical-syllable': '0', 'Growl': '1', 'High-freq-energy': '1', 'Long-island': '1', 'Low-tilt-spectrum': '1', 'Medium-island': '0', 'Short-island': '0', 'Squeal': '0', 'Typical-entropy': '1', 'Voicing-quality': '1', 'Wide-band': '0', 'Xlong-island': '0', 'seq': '1', 'end': 12391.98, 'start': 12391.22}]",0,0,[],[]
12391980,12401460,NA,NON,0.0,338,pause,NA,NA,NA,NA,0.0,0,-15.9,-2.66,[],0,0,[],[]
12401460,12402060,CHI,CHN,0.0,338,CM,EC,0,NT,FI,1.0,600,-27.48,-18.65,"[{'Canonical-syllable': '0', 'Growl': '1', 'High-freq-energy': '1', 'Long-island': '0', 'Low-tilt-spectrum': '1', 'Medium-island': '1', 'Short-island': '0', 'Squeal': '0', 'Typical-entropy': '1', 'Voicing-quality': '1', 'Wide-band': '0', 'Xlong-island': '0', 'seq': '1', 'end': 12402.06, 'start': 12401.62}]",0,0,[],[]
12402060,12407850,NA,NON,0.0,339,pause,NA,NA,NA,NA,0.0,0,-11.17,-2.35,[],0,0,[],[]
12407850,12408850,FEM,FAN,0.0,339,pause,NA,NA,NA,NA,0.0,0,-32.21,-24.62,[],1000,0,[],[]
12408850,12409450,NA,NON,0.0,339,pause,NA,NA,NA,NA,0.0,0,-17.2,-2.6,[],0,0,[],[]
12409450,12410450,FEM,FAN,0.0,339,pause,NA,NA,NA,NA,0.0,0,-27.42,-17.59,[],1000,0,[],[]
12410450,12411300,NA,NON,0.0,339,pause,NA,NA,NA,NA,0.0,0,-9.68,-3.39,[],0,0,[],[]
12411300,12412330,FEM,FAN,0.0,339,pause,NA,NA,NA,NA,0.0,0,-19.05,-4.27,[],1030,0,[],[]
12412330,12413750,NA,NON,0.0,339,pause,NA,NA,NA,NA,0.0,0,-14.47,-3.15,[],0,0,[],[]
12413750,12414770,CHI,CHN,0.0,339,CM,BC,0,NT,FI,1.0,620,-17.98,-3.87,"[{'Canonical-syllable': '0', 'Growl': '1', 'High-freq-energy': '1', 'Long-island': '0', 'Low-tilt-spectrum': '1', 'Medium-island': '1', 'Short-island': '0', 'Squeal': '0', 'Typical-entropy': '1', 'Voicing-quality': '0', 'Wide-band': '0', 'Xlong-island': '0', 'seq': '1', 'end': 12414.77, 'start': 12414.15}]",0,0,[],[]
12414770,12416570,NA,NON,0.0,339,CM,NA,NA,NA,NA,0.0,0,-12.55,-2.88,[],0,0,[],[]
12416570,12417170,CHI,CHN,0.0,339,CM,EC,0,NT,FH,1.0,600,-26.34,-18.63,"[{'Canonical-syllable': '0', 'Growl': '1', 'High-freq-energy': '1', 'Long-island': '0', 'Low-tilt-spectrum': '1', 'Medium-island': '1', 'Short-island': '0', 'Squeal': '0', 'Typical-entropy': '1', 'Voicing-quality': '0', 'Wide-band': '0', 'Xlong-island': '0', 'seq': '1', 'end': 12417.17, 'start': 12416.78}]",0,0,[],[]
12417170,12419300,NA,NON,0.0,340,pause,NA,NA,NA,NA,0.0,0,-10.75,-2.81,[],0,0,[],[]
12419300,12419970,CHI,CHN,0.0,340,pause,NA,NA,NA,NA,0.0,0,-13.52,-2.42,[],0,140,[],"[{'start': 12419.3, 'end': 12419.44}]"
12419970,12432210,NA,NON,0.0,340,pause,NA,NA,NA,NA,0.0,0,-10.97,-2.24,[],0,0,[],[]
12432210,12432860,NA,CHF,0.0,340,CM,EC,0,NT,FI,1.0,650,-35.8,-30.88,"[{'Canonical-syllable': '0', 'Growl': '1', 'High-freq-energy': '1', 'Long-island': '1', 'Low-tilt-spectrum': '1', 'Medium-island': '0', 'Short-island': '0', 'Squeal': '0', 'Typical-entropy': '1', 'Voicing-quality': '0', 'Wide-band': '0', 'Xlong-island': '0', 'seq': '1', 'end': 12432.86, 'start': 12432.21}]",0,0,[],[]
12432860,12434390,NA,NOF,0.0,341,pause,NA,NA,NA,NA,0.0,0,-13.51,-4.0,[],0,0,[],[]
12434390,12435530,NA,CHF,0.0,341,pause,NA,NA,NA,NA,0.0,0,-19.76,-5.19,[],0,0,[],[]
12435530,12443540,NA,NON,0.0,341,pause,NA,NA,NA,NA,0.0,0,-14.23,-2.96,[],0,0,[],[]
12443540,12444140,CHI,CHN,0.0,341,pause,NA,NA,NA,NA,0.0,0,-16.29,-3.74,[],0,0,[],[]
12444140,12445460,NA,NON,0.0,341,pause,NA,NA,NA,NA,0.0,0,-9.03,-2.91,[],0,0,[],[]
12445460,12446260,NA,OLN,0.0,341,pause,NA,NA,NA,NA,0.0,0,-9.14,-2.35,[],0,0,[],[]
12446260,12447060,NA,NON,0.0,341,pause,NA,NA,NA,NA,0.0,0,-10.81,-3.41,[],0,0,[],[]
12447060,12447870,CHI,CHN,0.0,341,pause,NA,NA,NA,NA,0.0,0,-11.13,-3.44,[],0,210,[],"[{'start': 12447.3, 'end': 12447.51}]"
12447870,12448670,NA,NON,0.0,341,pause,NA,NA,NA,NA,0.0,0,-10.77,-3.21,[],0,0,[],[]
12448670,12449270,FEM,FAN,0.0,341,pause,NA,NA,NA,NA,0.0,0,-34.37,-27.63,[],600,0,[],[]
12449270,12451450,NA,NON,0.0,341,pause,NA,NA,NA,NA,0.0,0,-11.23,-2.89,[],0,0,[],[]
12451450,12452630,CHI,CHN,0.0,341,pause,NA,NA,NA,NA,0.0,0,-10.7,-3.25,[],0,650,[],"[{'start': 12451.98, 'end': 12452.63}]"
12452630,12456690,NA,NON,0.0,341,pause,NA,NA,NA,NA,0.0,0,-10.52,-2.41,[],0,0,[],[]
12456690,12457500,NA,OLN,0.0,341,pause,NA,NA,NA,NA,0.0,0,-9.98,-2.55,[],0,0,[],[]
12457500,12458620,NA,NON,0.0,341,pause,NA,NA,NA,NA,0.0,0,-12.24,-2.71,[],0,0,[],[]
12458620,12459220,CHI,CHN,0.0,341,pause,NA,NA,NA,NA,0.0,0,-12.15,-4.43,[],0,440,[],"[{'start': 12458.78, 'end': 12459.22}]"
12459220,12460820,NA,NON,0.0,341,pause,NA,NA,NA,NA,0.0,0,-8.28,-2.25,[],0,0,[],[]
12460820,12461480,CHI,CHN,0.0,341,pause,NA,NA,NA,NA,0.0,0,-13.5,-3.88,[],0,660,"[{'start': 12460.82, 'end': 12461.15}]","[{'start': 12461.15, 'end': 12461.48}]"
12461480,12463650,NA,NON,0.0,341,pause,NA,NA,NA,NA,0.0,0,-8.87,-2.23,[],0,0,[],[]
12463650,12464420,CHI,CHN,0.0,341,pause,NA,NA,NA,NA,0.0,0,-11.16,-3.27,[],0,470,[],"[{'start': 12463.79, 'end': 12464.26}]"
12464420,12465230,NA,NOF,0.0,341,pause,NA,NA,NA,NA,0.0,0,-20.43,-5.16,[],0,0,[],[]
12465230,12466360,CHI,CHN,0.0,341,CIC,BC,0,TIFI,FI,1.0,1130,-23.23,-13.67,"[{'Canonical-syllable': '0', 'Growl': '1', 'High-freq-energy': '1', 'Long-island': '1', 'Low-tilt-spectrum': '1', 'Medium-island': '0', 'Short-island': '0', 'Squeal': '0', 'Typical-entropy': '1', 'Voicing-quality': '1', 'Wide-band': '0', 'Xlong-island': '0', 'seq': '1', 'end': 12466.36, 'start': 12465.49}]",0,0,[],[]
12466360,12467390,NA,NON,0.0,341,CIC,NA,NA,NA,NA,0.0,0,-10.77,-3.13,[],0,0,[],[]
12467390,12467990,CHI,CHN,0.0,341,CIC,NA,NA,NA,NA,0.0,0,-10.8,-3.96,[],0,180,[],"[{'start': 12467.39, 'end': 12467.57}]"
12467990,12468960,NA,NOF,0.0,341,CIC,NA,NA,NA,NA,0.0,0,-5.37,-2.46,[],0,0,[],[]
12468960,12472680,FEM,FAN,9.47,341,CIC,RC,1,TIFR,FI,0.0,0,-18.28,-2.64,[],0,0,[],[]
12472680,12473480,CHI,CHN,0.0,341,CIC,RC,1,TIFI,FI,1.0,800,-22.04,-10.07,"[{'Canonical-syllable': '0', 'Growl': '1', 'High-freq-energy': '2', 'Long-island': '0', 'Low-tilt-spectrum': '2', 'Medium-island': '1', 'Short-island': '1', 'Squeal': '1', 'Typical-entropy': '2', 'Voicing-quality': '0', 'Wide-band': '0', 'Xlong-island': '0', 'seq': '1', 'end': 12473.48, 'start': 12472.81}]",0,0,[],[]
12473480,12476140,NA,NON,0.0,341,CIC,NA,NA,NA,NA,0.0,0,-12.52,-2.63,[],0,0,[],[]
12476140,12477270,FEM,FAN,3.62,341,CIC,RC,2,TIFR,FI,0.0,0,-15.14,-4.5,[],0,0,[],[]
12477270,12477940,CHI,CHN,0.0,341,CIC,NA,NA,NA,NA,0.0,0,-20.09,-7.9,[],0,130,"[{'start': 12477.81, 'end': 12477.94}]",[]
12477940,12479540,NA,NON,0.0,341,CIC,NA,NA,NA,NA,0.0,0,-10.38,-2.88,[],0,0,[],[]
12479540,12480140,FEM,FAN,1.68,341,CIC,EC,2,NT,FH,0.0,0,-20.71,-6.06,[],0,0,[],[]
12480140,12482190,NA,NON,0.0,342,pause,NA,NA,NA,NA,0.0,0,-13.4,-2.38,[],0,0,[],[]
12482190,12483390,FEM,FAN,0.0,342,pause,NA,NA,NA,NA,0.0,0,-32.27,-18.49,[],1200,0,[],[]
12483390,12488240,NA,NON,0.0,342,pause,NA,NA,NA,NA,0.0,0,-12.03,-2.29,[],0,0,[],[]
12488240,12489240,FEM,FAN,4.7,342,AICF,BC,0,TIFI,FI,0.0,0,-17.52,-4.78,[],0,0,[],[]
12489240,12491330,NA,NON,0.0,342,AICF,NA,NA,NA,NA,0.0,0,-10.73,-2.99,[],0,0,[],[]
12491330,12492400,NA,FAF,0.0,342,AICF,NA,NA,NA,NA,0.0,0,-15.62,-4.0,[],0,0,[],[]
12492400,12493250,NA,NOF,0.0,342,AICF,NA,NA,NA,NA,0.0,0,-16.22,-3.98,[],0,0,[],[]
12493250,12496990,CHI,CHN,0.0,342,AICF,RC,1,TIFR,FI,1.0,230,-23.73,-4.27,"[{'Canonical-syllable': '0', 'Growl': '1', 'High-freq-energy': '1', 'Long-island': '0', 'Low-tilt-spectrum': '1', 'Medium-island': '0', 'Short-island': '1', 'Squeal': '0', 'Typical-entropy': '1', 'Voicing-quality': '0', 'Wide-band': '0', 'Xlong-island': '0', 'seq': '1', 'end': 12495.79, 'start': 12495.56}]",0,0,[],[]
12496990,12498190,NA,NON,0.0,342,AICF,NA,NA,NA,NA,0.0,0,-14.79,-3.89,[],0,0,[],[]
12498190,12500470,CHI,CHN,0.0,342,AICF,RC,1,NT,FH,1.0,1060,-19.43,-5.0,"[{'Canonical-syllable': '0', 'Growl': '1', 'High-freq-energy': '1', 'Long-island': '0', 'Low-tilt-spectrum': '1', 'Medium-island': '0', 'Short-island': '0', 'Squeal': '0', 'Typical-entropy': '1', 'Voicing-quality': '0', 'Wide-band': '0', 'Xlong-island': '1', 'seq': '1', 'end': 12500.19, 'start': 12499.13}]",0,0,[],[]
12500470,12502470,NA,NOF,0.0,342,AICF,NA,NA,NA,NA,0.0,0,-16.36,-5.05,[],0,0,[],[]
12502470,12503790,CHI,CHN,0.0,342,AICF,NA,NA,NA,NA,0.0,0,-16.07,-4.1,[],0,90,[],"[{'start': 12502.93, 'end': 12503.02}]"
12503790,12504890,NA,NON,0.0,342,AICF,NA,NA,NA,NA,0.0,0,-15.91,-4.09,[],0,0,[],[]
12504890,12505490,CHI,CHN,0.0,342,AICF,RC,1,NT,FH,1.0,600,-26.59,-17.81,"[{'Canonical-syllable': '0', 'Growl': '2', 'High-freq-energy': '2', 'Long-island': '0', 'Low-tilt-spectrum': '2', 'Medium-island': '0', 'Short-island': '2', 'Squeal': '0', 'Typical-entropy': '2', 'Voicing-quality': '0', 'Wide-band': '0', 'Xlong-island': '0', 'seq': '1', 'end': 12505.49, 'start': 12504.89}]",0,0,[],[]
12505490,12507040,NA,NON,0.0,342,AICF,NA,NA,NA,NA,0.0,0,-11.41,-2.01,[],0,0,[],[]
12507040,12507690,CHI,CHN,0.0,342,AICF,RC,1,NT,FH,1.0,340,-8.09,-2.4,"[{'Canonical-syllable': '0', 'Growl': '1', 'High-freq-energy': '0', 'Long-island': '0', 'Low-tilt-spectrum': '1', 'Medium-island': '1', 'Short-island': '0', 'Squeal': '0', 'Typical-entropy': '0', 'Voicing-quality': '1', 'Wide-band': '1', 'Xlong-island': '0', 'seq': '1', 'end': 12507.38, 'start': 12507.04}]",0,0,[],[]
12507690,12508710,NA,NON,0.0,342,AICF,NA,NA,NA,NA,0.0,0,-10.28,-3.97,[],0,0,[],[]
12508710,12509420,FEM,FAN,3.64,342,AICF,EC,1,TIFE,FI,0.0,0,-28.58,-18.34,[],0,0,[],[]
12509420,12511480,NA,NOF,0.0,343,pause,NA,NA,NA,NA,0.0,0,-10.33,-2.85,[],0,0,[],[]
12511480,12512500,NA,FAF,0.0,343,pause,NA,NA,NA,NA,0.0,0,-38.81,-36.21,[],0,0,[],[]
12512500,12519060,NA,NON,0.0,343,pause,NA,NA,NA,NA,0.0,0,-12.15,-3.01,[],0,0,[],[]
12519060,12520060,FEM,FAN,0.0,343,pause,NA,NA,NA,NA,0.0,0,-36.59,-23.14,[],1000,0,[],[]
12520060,12521860,NA,NOF,0.0,343,pause,NA,NA,NA,NA,0.0,0,-13.38,-4.25,[],0,0,[],[]
12521860,12522640,FEM,FAN,0.03,343,AMF,EC,0,NT,FI,0.0,0,-11.87,-3.78,[],0,0,[],[]
12522640,12525080,NA,NOF,0.0,344,pause,NA,NA,NA,NA,0.0,0,-12.56,-3.18,[],0,0,[],[]
12525080,12526090,NA,FAF,0.0,344,pause,NA,NA,NA,NA,0.0,0,-34.16,-23.15,[],0,0,[],[]
12526090,12529150,NA,NON,0.0,344,pause,NA,NA,NA,NA,0.0,0,-11.51,-1.89,[],0,0,[],[]
12529150,12529770,FEM,FAN,0.0,344,pause,NA,NA,NA,NA,0.0,0,-26.99,-11.13,[],620,0,[],[]
12529770,12538110,NA,NOF,0.0,344,pause,NA,NA,NA,NA,0.0,0,-9.05,-2.23,[],0,0,[],[]
12538110,12539110,FEM,FAN,0.0,344,pause,NA,NA,NA,NA,0.0,0,-16.37,-3.75,[],1000,0,[],[]
12539110,12540680,NA,NOF,0.0,344,pause,NA,NA,NA,NA,0.0,0,-8.19,-2.96,[],0,0,[],[]
12540680,12541800,NA,FAF,0.0,344,pause,NA,NA,NA,NA,0.0,0,-20.43,-4.35,[],0,0,[],[]
12541800,12543280,NA,NOF,0.0,344,pause,NA,NA,NA,NA,0.0,0,-18.6,-7.09,[],0,0,[],[]
12543280,12543890,CHI,CHN,0.0,344,pause,NA,NA,NA,NA,0.0,0,-33.49,-25.34,[],0,610,"[{'start': 12543.28, 'end': 12543.42}]","[{'start': 12543.42, 'end': 12543.89}]"
12543890,12544900,FEM,FAN,4.24,344,AMF,EC,0,NT,FI,0.0,0,-21.44,-7.34,[],0,0,[],[]
12544900,12564010,NA,NOF,0.0,345,pause,NA,NA,NA,NA,0.0,0,-14.07,-2.04,[],0,0,[],[]
12564010,12566900,NA,SIL,0.0,345,pause,NA,NA,NA,NA,0.0,0,-51.02,-45.54,[],0,0,[],[]
12566900,12569180,NA,NOF,0.0,345,pause,NA,NA,NA,NA,0.0,0,-24.83,-5.78,[],0,0,[],[]
12569180,12569780,NA,CHF,0.0,345,pause,NA,NA,NA,NA,0.0,0,-23.26,-9.23,[],0,110,[],"[{'start': 12569.27, 'end': 12569.38}]"
12569780,12614310,NA,NOF,0.0,345,pause,NA,NA,NA,NA,0.0,0,-17.14,-3.13,[],0,0,[],[]
12614310,12615460,NA,SIL,0.0,345,pause,NA,NA,NA,NA,0.0,0,-48.95,-46.78,[],0,0,[],[]
12615460,12673590,NA,NOF,0.0,345,pause,NA,NA,NA,NA,0.0,0,-23.79,-2.53,[],0,0,[],[]
12673590,12674190,NA,CHF,0.0,345,CM,EC,0,NT,FI,1.0,600,-36.53,-30.53,"[{'Canonical-syllable': '0', 'Growl': '1', 'High-freq-energy': '1', 'Long-island': '0', 'Low-tilt-spectrum': '1', 'Medium-island': '1', 'Short-island': '0', 'Squeal': '0', 'Typical-entropy': '1', 'Voicing-quality': '1', 'Wide-band': '0', 'Xlong-island': '0', 'seq': '1', 'end': 12674.19, 'start': 12673.59}]",0,0,[],[]
12674190,12676560,NA,NOF,0.0,346,pause,NA,NA,NA,NA,0.0,0,-25.04,-4.94,[],0,0,[],[]
12676560,12677160,CHI,CHN,0.0,346,pause,NA,NA,NA,NA,0.0,0,-20.08,-3.9,[],0,0,[],[]
12677160,12690910,NA,NON,0.0,346,pause,NA,NA,NA,NA,0.0,0,-19.07,-2.77,[],0,0,[],[]
12690910,12691950,CHI,CHN,0.0,346,CM,BC,0,NT,FI,1.0,1040,-27.62,-19.97,"[{'Canonical-syllable': '0', 'Growl': '1', 'High-freq-energy': '1', 'Long-island': '0', 'Low-tilt-spectrum': '1', 'Medium-island': '0', 'Short-island': '0', 'Squeal': '0', 'Typical-entropy': '1', 'Voicing-quality': '1', 'Wide-band': '0', 'Xlong-island': '1', 'seq': '1', 'end': 12691.95, 'start': 12690.91}]",0,0,[],[]
12691950,12694220,NA,NON,0.0,346,CM,NA,NA,NA,NA,0.0,0,-14.26,-3.86,[],0,0,[],[]
12694220,12694820,CHI,CHN,0.0,346,CM,EC,0,NT,FH,1.0,600,-29.62,-20.07,"[{'Canonical-syllable': '0', 'Growl': '1', 'High-freq-energy': '1', 'Long-island': '0', 'Low-tilt-spectrum': '1', 'Medium-island': '1', 'Short-island': '0', 'Squeal': '0', 'Typical-entropy': '1', 'Voicing-quality': '0', 'Wide-band': '0', 'Xlong-island': '0', 'seq': '1', 'end': 12694.82, 'start': 12694.22}]",0,0,[],[]
12694820,12713300,NA,NON,0.0,347,pause,NA,NA,NA,NA,0.0,0,-26.39,-8.11,[],0,0,[],[]
12713300,12714120,NA,SIL,0.0,347,pause,NA,NA,NA,NA,0.0,0,-52.23,-47.05,[],0,0,[],[]
12714120,12717780,NA,NON,0.0,347,pause,NA,NA,NA,NA,0.0,0,-24.14,-5.18,[],0,0,[],[]
12717780,12722780,NA,SIL,0.0,347,pause,NA,NA,NA,NA,0.0,0,-51.3,-45.64,[],0,0,[],[]
12722780,12724800,NA,OLN,0.0,347,pause,NA,NA,NA,NA,0.0,0,-19.74,-6.31,[],0,0,[],[]
12724800,12726200,NA,TVN,0.0,347,pause,NA,NA,NA,NA,0.0,0,-26.48,-20.66,[],0,0,[],[]
12726200,12727310,NA,OLN,0.0,347,pause,NA,NA,NA,NA,0.0,0,-26.25,-20.44,[],0,0,[],[]
12727310,12729520,NA,TVN,0.0,347,pause,NA,NA,NA,NA,0.0,0,-26.61,-21.04,[],0,0,[],[]
12729520,12731320,NA,OLN,0.0,347,pause,NA,NA,NA,NA,0.0,0,-24.97,-20.69,[],0,0,[],[]
12731320,12731920,CHI,CHN,0.0,347,CIC,BC,0,TIFI,FI,1.0,600,-24.89,-20.74,"[{'Canonical-syllable': '0', 'Growl': '1', 'High-freq-energy': '0', 'Long-island': '0', 'Low-tilt-spectrum': '1', 'Medium-island': '1', 'Short-island': '0', 'Squeal': '0', 'Typical-entropy': '1', 'Voicing-quality': '1', 'Wide-band': '0', 'Xlong-island': '0', 'seq': '1', 'end': 12731.92, 'start': 12731.32}]",0,0,[],[]
12731920,12733560,NA,SIL,0.0,347,CIC,NA,NA,NA,NA,0.0,0,-45.74,-40.89,[],0,0,[],[]
12733560,12734560,FEM,FAN,0.23,347,CIC,EC,1,TIFR,FI,0.0,0,-14.46,-4.18,[],0,0,[],[]
12734560,12743980,NA,NON,0.0,348,pause,NA,NA,NA,NA,0.0,0,-13.74,-2.52,[],0,0,[],[]
12743980,12744590,NA,CHF,0.0,348,pause,NA,NA,NA,NA,0.0,0,-13.34,-5.37,[],0,610,[],"[{'start': 12743.98, 'end': 12744.59}]"
12744590,12746880,NA,NON,0.0,348,pause,NA,NA,NA,NA,0.0,0,-15.79,-2.78,[],0,0,[],[]
12746880,12747760,CHI,CHN,0.0,348,pause,NA,NA,NA,NA,0.0,0,-23.99,-9.14,[],0,880,[],"[{'start': 12746.88, 'end': 12747.76}]"
12747760,12754590,NA,NON,0.0,348,pause,NA,NA,NA,NA,0.0,0,-20.38,-3.13,[],0,0,[],[]
12754590,12755390,NA,OLF,0.0,348,pause,NA,NA,NA,NA,0.0,0,-35.76,-26.31,[],0,0,[],[]
12755390,12771220,NA,NON,0.0,348,pause,NA,NA,NA,NA,0.0,0,-29.07,-6.2,[],0,0,[],[]
12771220,12771820,OCH,CXN,0.0,348,XM,EC,0,NT,FI,0.0,0,-31.74,-27.25,[],0,0,[],[]
12771820,12775020,NA,NOF,0.0,349,pause,NA,NA,NA,NA,0.0,0,-34.71,-21.58,[],0,0,[],[]
12775020,12775820,NA,OLF,0.0,349,pause,NA,NA,NA,NA,0.0,0,-35.76,-25.85,[],0,0,[],[]
12775820,12812530,NA,NOF,0.0,349,pause,NA,NA,NA,NA,0.0,0,-29.64,-2.89,[],0,0,[],[]
12812530,12813630,NA,FAF,0.0,349,pause,NA,NA,NA,NA,0.0,0,-37.76,-31.91,[],0,0,[],[]
12813630,12815280,NA,NON,0.0,349,pause,NA,NA,NA,NA,0.0,0,-31.31,-20.36,[],0,0,[],[]
12815280,12815880,CHI,CHN,0.0,349,pause,NA,NA,NA,NA,0.0,0,-32.37,-24.72,[],0,600,[],"[{'start': 12815.28, 'end': 12815.88}]"
12815880,12823990,NA,NOF,0.0,349,pause,NA,NA,NA,NA,0.0,0,-24.44,-4.19,[],0,0,[],[]
12823990,12824990,NA,MAF,0.0,349,pause,NA,NA,NA,NA,0.0,0,-39.22,-33.47,[],0,0,[],[]
12824990,12827470,NA,NOF,0.0,349,pause,NA,NA,NA,NA,0.0,0,-35.76,-22.39,[],0,0,[],[]
12827470,12828270,NA,OLN,0.0,349,pause,NA,NA,NA,NA,0.0,0,-35.61,-25.61,[],0,0,[],[]
12828270,12829870,NA,NOF,0.0,349,pause,NA,NA,NA,NA,0.0,0,-24.88,-8.43,[],0,0,[],[]
12829870,12830700,NA,OLF,0.0,349,pause,NA,NA,NA,NA,0.0,0,-26.54,-9.89,[],0,0,[],[]
12830700,12855720,NA,NON,0.0,349,pause,NA,NA,NA,NA,0.0,0,-13.48,-2.11,[],0,0,[],[]
12855720,12856320,CHI,CHN,0.0,349,CM,BC,0,NT,FI,1.0,600,-30.28,-25.22,"[{'Canonical-syllable': '0', 'Growl': '1', 'High-freq-energy': '0', 'Long-island': '0', 'Low-tilt-spectrum': '1', 'Medium-island': '1', 'Short-island': '0', 'Squeal': '0', 'Typical-entropy': '1', 'Voicing-quality': '1', 'Wide-band': '0', 'Xlong-island': '0', 'seq': '1', 'end': 12856.32, 'start': 12855.72}]",0,0,[],[]
12856320,12857320,CHI,CHN,0.0,349,CM,EC,0,NT,FH,1.0,1000,-23.35,-17.73,"[{'Canonical-syllable': '0', 'Growl': '1', 'High-freq-energy': '1', 'Long-island': '0', 'Low-tilt-spectrum': '1', 'Medium-island': '0', 'Short-island': '0', 'Squeal': '0', 'Typical-entropy': '1', 'Voicing-quality': '1', 'Wide-band': '0', 'Xlong-island': '1', 'seq': '1', 'end': 12857.32, 'start': 12856.32}]",0,0,[],[]
12857320,12873580,NA,NON,0.0,350,pause,NA,NA,NA,NA,0.0,0,-13.03,-1.79,[],0,0,[],[]
12873580,12874180,CHI,CHN,0.0,350,pause,NA,NA,NA,NA,0.0,0,-9.85,-3.53,[],0,190,[],"[{'start': 12873.99, 'end': 12874.18}]"
12874180,12881960,NA,NON,0.0,350,pause,NA,NA,NA,NA,0.0,0,-10.63,-2.52,[],0,0,[],[]
12881960,12882580,FEM,FAN,4.15,350,AICF,BC,0,NT,FI,0.0,0,-21.58,-5.46,[],0,0,[],[]
12882580,12883650,NA,NON,0.0,350,AICF,NA,NA,NA,NA,0.0,0,-16.56,-4.67,[],0,0,[],[]
12883650,12884380,CHI,CHN,0.0,350,AICF,NA,NA,NA,NA,0.0,0,-12.2,-3.61,[],0,0,[],[]
12884380,12886930,NA,NON,0.0,350,AICF,NA,NA,NA,NA,0.0,0,-10.28,-2.67,[],0,0,[],[]
12886930,12887650,FEM,FAN,3.43,350,AICF,RC,0,TIFI,FH,0.0,0,-12.32,-2.72,[],0,0,[],[]
12887650,12888810,NA,NON,0.0,350,AICF,NA,NA,NA,NA,0.0,0,-14.31,-3.3,[],0,0,[],[]
12888810,12889410,CHI,CHN,0.0,350,AICF,EC,1,TIFR,FI,1.0,600,-33.28,-26.65,"[{'Canonical-syllable': '0', 'Growl': '0', 'High-freq-energy': '0', 'Long-island': '0', 'Low-tilt-spectrum': '1', 'Medium-island': '1', 'Short-island': '0', 'Squeal': '0', 'Typical-entropy': '1', 'Voicing-quality': '0', 'Wide-band': '0', 'Xlong-island': '0', 'seq': '1', 'end': 12889.41, 'start': 12888.81}]",0,0,[],[]
12889410,12899450,NA,NON,0.0,351,pause,NA,NA,NA,NA,0.0,0,-11.34,-2.06,[],0,0,[],[]
12899450,12900160,FEM,FAN,0.0,351,pause,NA,NA,NA,NA,0.0,0,-17.87,-3.59,[],710,0,[],[]
12900160,12915060,NA,NON,0.0,351,pause,NA,NA,NA,NA,0.0,0,-14.0,-3.07,[],0,0,[],[]
12915060,12915660,CHI,CHN,0.0,351,pause,NA,NA,NA,NA,0.0,0,-20.59,-9.21,[],0,0,[],[]
12915660,12918380,NA,NON,0.0,351,pause,NA,NA,NA,NA,0.0,0,-12.56,-3.12,[],0,0,[],[]
12918380,12919180,NA,CHF,0.0,351,pause,NA,NA,NA,NA,0.0,0,-15.45,-4.89,[],0,0,[],[]
12919180,12928320,NA,NON,0.0,351,pause,NA,NA,NA,NA,0.0,0,-14.99,-3.12,[],0,0,[],[]
12928320,12929390,NA,OLF,0.0,351,pause,NA,NA,NA,NA,0.0,0,-18.31,-3.83,[],0,0,[],[]
12929390,12930320,NA,NOF,0.0,351,pause,NA,NA,NA,NA,0.0,0,-14.75,-3.77,[],0,0,[],[]
12930320,12931380,NA,OLF,0.0,351,pause,NA,NA,NA,NA,0.0,0,-16.5,-2.77,[],0,0,[],[]
12931380,12933280,NA,NOF,0.0,351,pause,NA,NA,NA,NA,0.0,0,-15.86,-2.98,[],0,0,[],[]
12933280,12934520,NA,OLF,0.0,351,pause,NA,NA,NA,NA,0.0,0,-20.61,-3.06,[],0,0,[],[]
12934520,12936250,NA,NOF,0.0,351,pause,NA,NA,NA,NA,0.0,0,-16.55,-3.5,[],0,0,[],[]
12936250,12938020,NA,OLF,0.0,351,pause,NA,NA,NA,NA,0.0,0,-16.73,-2.77,[],0,0,[],[]
12938020,12938820,NA,NOF,0.0,351,pause,NA,NA,NA,NA,0.0,0,-13.94,-4.08,[],0,0,[],[]
12938820,12940960,NA,OLF,0.0,351,pause,NA,NA,NA,NA,0.0,0,-14.51,-3.31,[],0,0,[],[]
12940960,12941760,NA,NOF,0.0,351,pause,NA,NA,NA,NA,0.0,0,-15.54,-4.56,[],0,0,[],[]
12941760,12944250,NA,OLF,0.0,351,pause,NA,NA,NA,NA,0.0,0,-17.98,-3.31,[],0,0,[],[]
12944250,12962780,NA,NON,0.0,351,pause,NA,NA,NA,NA,0.0,0,-16.43,-2.67,[],0,0,[],[]
12962780,12964070,NA,SIL,0.0,351,pause,NA,NA,NA,NA,0.0,0,-34.83,-30.78,[],0,0,[],[]
12964070,12966080,NA,FAF,0.0,351,pause,NA,NA,NA,NA,0.0,0,-28.08,-12.76,[],0,0,[],[]
12966080,12967150,NA,NOF,0.0,351,pause,NA,NA,NA,NA,0.0,0,-20.96,-4.92,[],0,0,[],[]
12967150,12970510,FEM,FAN,0.0,351,pause,NA,NA,NA,NA,0.0,0,-21.32,-3.22,[],3360,0,[],[]
12970510,12971640,NA,NOF,0.0,351,pause,NA,NA,NA,NA,0.0,0,-17.37,-4.22,[],0,0,[],[]
12971640,12972290,NA,FAF,0.0,351,pause,NA,NA,NA,NA,0.0,0,-37.48,-35.23,[],0,0,[],[]
12972290,12974680,NA,NOF,0.0,351,pause,NA,NA,NA,NA,0.0,0,-16.8,-3.14,[],0,0,[],[]
12974680,12975310,CHI,CHN,0.0,351,pause,NA,NA,NA,NA,0.0,0,-20.99,-5.78,[],0,0,[],[]
12975310,12976350,NA,NON,0.0,351,pause,NA,NA,NA,NA,0.0,0,-11.22,-2.9,[],0,0,[],[]
12976350,12977410,NA,FAF,0.0,351,pause,NA,NA,NA,NA,0.0,0,-23.78,-9.0,[],0,0,[],[]
12977410,12979300,NA,NOF,0.0,351,pause,NA,NA,NA,NA,0.0,0,-13.61,-3.32,[],0,0,[],[]
12979300,12980350,NA,FAF,0.0,351,pause,NA,NA,NA,NA,0.0,0,-19.53,-4.0,[],0,0,[],[]
12980350,12985270,NA,NON,0.0,351,pause,NA,NA,NA,NA,0.0,0,-14.01,-2.48,[],0,0,[],[]
12985270,12986270,FEM,FAN,2.07,351,AMF,EC,0,NT,FI,0.0,0,-31.16,-21.97,[],0,0,[],[]
12986270,12987750,NA,NOF,0.0,352,pause,NA,NA,NA,NA,0.0,0,-13.08,-3.75,[],0,0,[],[]
12987750,12990280,NA,FAF,0.0,352,pause,NA,NA,NA,NA,0.0,0,-31.38,-16.41,[],0,0,[],[]
12990280,12992800,NA,NON,0.0,352,pause,NA,NA,NA,NA,0.0,0,-12.92,-3.22,[],0,0,[],[]
12992800,12994060,NA,FAF,0.0,352,pause,NA,NA,NA,NA,0.0,0,-31.03,-18.39,[],0,0,[],[]
12994060,12994870,NA,NOF,0.0,352,pause,NA,NA,NA,NA,0.0,0,-24.24,-12.82,[],0,0,[],[]
12994870,12996240,NA,FAF,0.0,352,pause,NA,NA,NA,NA,0.0,0,-41.3,-33.75,[],0,0,[],[]
12996240,12998470,NA,NOF,0.0,352,pause,NA,NA,NA,NA,0.0,0,-12.95,-3.09,[],0,0,[],[]
12998470,12999470,NA,TVF,0.0,352,pause,NA,NA,NA,NA,0.0,0,-39.76,-37.0,[],0,0,[],[]
12999470,13000850,NA,FAF,0.0,352,pause,NA,NA,NA,NA,0.0,0,-34.6,-24.01,[],0,0,[],[]
13000850,13004120,NA,NOF,0.0,352,pause,NA,NA,NA,NA,0.0,0,-17.44,-3.25,[],0,0,[],[]
13004120,13005120,CHI,CHN,0.0,352,CM,EC,0,NT,FI,1.0,560,-31.21,-21.06,"[{'Canonical-syllable': '0', 'Growl': '1', 'High-freq-energy': '1', 'Long-island': '0', 'Low-tilt-spectrum': '1', 'Medium-island': '1', 'Short-island': '0', 'Squeal': '0', 'Typical-entropy': '1', 'Voicing-quality': '1', 'Wide-band': '0', 'Xlong-island': '0', 'seq': '1', 'end': 13005.12, 'start': 13004.56}]",0,0,[],[]
13005120,13008220,NA,NON,0.0,353,pause,NA,NA,NA,NA,0.0,0,-19.14,-3.4,[],0,0,[],[]
13008220,13009300,NA,FAF,0.0,353,pause,NA,NA,NA,NA,0.0,0,-32.47,-19.02,[],0,0,[],[]
13009300,13011170,NA,NOF,0.0,353,pause,NA,NA,NA,NA,0.0,0,-19.75,-4.81,[],0,0,[],[]
13011170,13012220,NA,FAF,0.0,353,pause,NA,NA,NA,NA,0.0,0,-39.8,-32.17,[],0,0,[],[]
13012220,13013260,NA,NOF,0.0,353,pause,NA,NA,NA,NA,0.0,0,-18.57,-4.67,[],0,0,[],[]
13013260,13014060,NA,CXF,0.0,353,pause,NA,NA,NA,NA,0.0,0,-41.79,-28.38,[],0,0,[],[]
13014060,13017700,NA,NOF,0.0,353,pause,NA,NA,NA,NA,0.0,0,-19.37,-4.28,[],0,0,[],[]
13017700,13018760,FEM,FAN,0.0,353,pause,NA,NA,NA,NA,0.0,0,-18.7,-6.45,[],1060,0,[],[]
13018760,13019830,NA,NOF,0.0,353,pause,NA,NA,NA,NA,0.0,0,-16.28,-4.02,[],0,0,[],[]
13019830,13020850,FEM,FAN,0.0,353,pause,NA,NA,NA,NA,0.0,0,-15.01,-3.72,[],1020,0,[],[]
13020850,13021690,NA,NOF,0.0,353,pause,NA,NA,NA,NA,0.0,0,-13.67,-2.15,[],0,0,[],[]
13021690,13022290,CHI,CHN,0.0,353,pause,NA,NA,NA,NA,0.0,0,-11.76,-2.43,[],0,110,[],"[{'start': 13022.08, 'end': 13022.19}]"
13022290,13023230,NA,NOF,0.0,353,pause,NA,NA,NA,NA,0.0,0,-18.57,-7.31,[],0,0,[],[]
13023230,13024230,FEM,FAN,3.78,353,AICF,BC,0,NT,FI,0.0,0,-20.6,-4.01,[],0,0,[],[]
13024230,13027170,NA,NOF,0.0,353,AICF,NA,NA,NA,NA,0.0,0,-23.41,-6.05,[],0,0,[],[]
13027170,13027840,FEM,FAN,2.29,353,AICF,RC,0,NT,FH,0.0,0,-13.65,-5.04,[],0,0,[],[]
13027840,13028720,NA,NON,0.0,353,AICF,NA,NA,NA,NA,0.0,0,-12.44,-2.61,[],0,0,[],[]
13028720,13029890,FEM,FAN,1.78,353,AICF,RC,0,TIFI,FH,0.0,0,-20.95,-7.4,[],0,0,[],[]
13029890,13030720,NA,NON,0.0,353,AICF,NA,NA,NA,NA,0.0,0,-12.25,-2.42,[],0,0,[],[]
13030720,13031320,NA,CHF,0.0,353,AICF,RC,1,TIFR,FI,1.0,600,-32.2,-24.36,"[{'Canonical-syllable': '0', 'Growl': '1', 'High-freq-energy': '1', 'Long-island': '0', 'Low-tilt-spectrum': '1', 'Medium-island': '1', 'Short-island': '0', 'Squeal': '0', 'Typical-entropy': '1', 'Voicing-quality': '1', 'Wide-band': '0', 'Xlong-island': '0', 'seq': '1', 'end': 13031.32, 'start': 13030.72}]",0,0,[],[]
13031320,13032390,FEM,FAN,1.07,353,AICF,EC,1,TIFE,FI,0.0,0,-30.37,-18.95,[],0,0,[],[]
13032390,13035070,NA,NOF,0.0,354,pause,NA,NA,NA,NA,0.0,0,-17.53,-2.9,[],0,0,[],[]
13035070,13036090,NA,FAF,0.0,354,pause,NA,NA,NA,NA,0.0,0,-35.64,-23.14,[],0,0,[],[]
13036090,13040710,NA,NON,0.0,354,pause,NA,NA,NA,NA,0.0,0,-15.08,-2.8,[],0,0,[],[]
13040710,13041800,FEM,FAN,2.23,354,AICF,BC,0,TIFI,FI,0.0,0,-28.57,-11.75,[],0,0,[],[]
13041800,13042650,NA,NOF,0.0,354,AICF,NA,NA,NA,NA,0.0,0,-30.96,-18.36,[],0,0,[],[]
13042650,13043250,CHI,CHN,0.0,354,AICF,EC,1,TIFR,FI,1.0,600,-29.8,-21.94,"[{'Canonical-syllable': '0', 'Growl': '1', 'High-freq-energy': '1', 'Long-island': '0', 'Low-tilt-spectrum': '1', 'Medium-island': '1', 'Short-island': '0', 'Squeal': '0', 'Typical-entropy': '1', 'Voicing-quality': '1', 'Wide-band': '0', 'Xlong-island': '0', 'seq': '1', 'end': 13043.25, 'start': 13042.65}]",0,0,[],[]
13043250,13045190,NA,NOF,0.0,355,pause,NA,NA,NA,NA,0.0,0,-12.42,-3.02,[],0,0,[],[]
13045190,13046010,NA,OLN,0.0,355,pause,NA,NA,NA,NA,0.0,0,-9.82,-2.45,[],0,0,[],[]
13046010,13046610,CHI,CHN,0.0,355,pause,NA,NA,NA,NA,0.0,0,-14.84,-3.1,[],0,100,[],"[{'start': 13046.51, 'end': 13046.61}]"
13046610,13092340,NA,NOF,0.0,355,pause,NA,NA,NA,NA,0.0,0,-17.54,-2.5,[],0,0,[],[]
13092340,13093140,NA,SIL,0.0,355,pause,NA,NA,NA,NA,0.0,0,-46.87,-36.23,[],0,0,[],[]
13093140,13095400,CHI,CHN,0.0,355,pause,NA,NA,NA,NA,0.0,0,-14.69,-4.03,[],0,2260,"[{'start': 13093.14, 'end': 13094.94}]","[{'start': 13094.94, 'end': 13095.4}]"
13095400,13096380,NA,OLN,0.0,355,pause,NA,NA,NA,NA,0.0,0,-13.22,-3.37,[],0,0,[],[]
13096380,13097320,CHI,CHN,0.0,355,pause,NA,NA,NA,NA,0.0,0,-15.87,-11.83,[],0,940,"[{'start': 13096.38, 'end': 13097.32}]",[]
13097320,13098600,NA,OLN,0.0,355,pause,NA,NA,NA,NA,0.0,0,-11.48,-2.83,[],0,0,[],[]
13098600,13099210,CHI,CHN,0.0,355,pause,NA,NA,NA,NA,0.0,0,-20.46,-14.19,[],0,610,"[{'start': 13098.6, 'end': 13099.21}]",[]
13099210,13103710,NA,OLN,0.0,355,pause,NA,NA,NA,NA,0.0,0,-14.27,-3.41,[],0,0,[],[]
13103710,13104460,CHI,CHN,0.0,355,pause,NA,NA,NA,NA,0.0,0,-15.49,-5.58,[],0,750,"[{'start': 13103.71, 'end': 13104.46}]",[]
13104460,13106440,NA,OLN,0.0,355,pause,NA,NA,NA,NA,0.0,0,-16.62,-3.11,[],0,0,[],[]
13106440,13107440,FEM,FAN,3.22,355,AMF,BC,0,NT,FI,0.0,0,-23.44,-15.15,[],0,0,[],[]
13107440,13108340,NA,NOF,0.0,355,AMF,NA,NA,NA,NA,0.0,0,-41.53,-24.77,[],0,0,[],[]
13108340,13109300,NA,SIL,0.0,355,AMF,NA,NA,NA,NA,0.0,0,-33.93,-15.18,[],0,0,[],[]
13109300,13110150,NA,NOF,0.0,355,AMF,NA,NA,NA,NA,0.0,0,-36.47,-25.03,[],0,0,[],[]
13110150,13111170,MAL,MAN,0.76,355,AMF,EC,0,NT,FI,0.0,0,-28.26,-18.61,[],0,0,[],[]
13111170,13116220,NA,NOF,0.0,356,pause,NA,NA,NA,NA,0.0,0,-23.77,-4.45,[],0,0,[],[]
13116220,13117090,NA,SIL,0.0,356,pause,NA,NA,NA,NA,0.0,0,-49.39,-40.07,[],0,0,[],[]
13117090,13148080,NA,NOF,0.0,356,pause,NA,NA,NA,NA,0.0,0,-20.31,-2.81,[],0,0,[],[]
13148080,13148880,OCH,CXN,0.0,356,XIOCAC,BC,0,NT,FI,0.0,0,-40.12,-28.69,[],0,0,[],[]
13148880,13149530,NA,CHF,0.0,356,XIOCAC,RC,0,NT,FI,1.0,650,-40.41,-25.91,"[{'Canonical-syllable': '0', 'Growl': '2', 'High-freq-energy': '1', 'Long-island': '0', 'Low-tilt-spectrum': '2', 'Medium-island': '1', 'Short-island': '0', 'Squeal': '0', 'Typical-entropy': '1', 'Voicing-quality': '0', 'Wide-band': '0', 'Xlong-island': '0', 'seq': '1', 'end': 13149.53, 'start': 13148.88}]",0,0,[],[]
13149530,13150620,OCH,CXN,0.0,356,XIOCAC,RC,0,NT,FI,0.0,0,-41.6,-26.3,[],0,0,[],[]
13150620,13151790,FEM,FAN,4.48,356,XIOCAC,RC,0,NT,FI,0.0,0,-20.33,-12.11,[],0,0,[],[]
13151790,13154520,NA,NOF,0.0,356,XIOCAC,NA,NA,NA,NA,0.0,0,-41.68,-27.74,[],0,0,[],[]
13154520,13155520,MAL,MAN,2.96,356,XIOCAC,RC,0,NT,FI,0.0,0,-37.89,-28.55,[],0,0,[],[]
13155520,13156620,NA,NOF,0.0,356,XIOCAC,NA,NA,NA,NA,0.0,0,-49.76,-35.9,[],0,0,[],[]
13156620,13158230,FEM,FAN,1.08,356,XIOCAC,RC,0,NT,FI,0.0,0,-32.61,-23.55,[],0,0,[],[]
13158230,13160360,FEM,FAN,10.07,356,XIOCAC,EC,0,NT,FH,0.0,0,-27.3,-17.55,[],0,0,[],[]
13160360,13161520,NA,SIL,0.0,357,pause,NA,NA,NA,NA,0.0,0,-53.78,-46.94,[],0,0,[],[]
13161520,13165480,NA,NOF,0.0,357,pause,NA,NA,NA,NA,0.0,0,-32.79,-13.77,[],0,0,[],[]
13165480,13167860,NA,OLN,0.0,357,pause,NA,NA,NA,NA,0.0,0,-19.6,-8.66,[],0,0,[],[]
13167860,13168690,NA,NOF,0.0,357,pause,NA,NA,NA,NA,0.0,0,-20.39,-5.92,[],0,0,[],[]
13168690,13169500,NA,OLF,0.0,357,pause,NA,NA,NA,NA,0.0,0,-24.88,-14.86,[],0,0,[],[]
13169500,13170870,NA,NOF,0.0,357,pause,NA,NA,NA,NA,0.0,0,-21.68,-8.57,[],0,0,[],[]
13170870,13171770,NA,OLN,0.0,357,pause,NA,NA,NA,NA,0.0,0,-24.05,-11.83,[],0,0,[],[]
13171770,13172600,NA,NON,0.0,357,pause,NA,NA,NA,NA,0.0,0,-24.08,-11.24,[],0,0,[],[]
13172600,13173630,NA,OLN,0.0,357,pause,NA,NA,NA,NA,0.0,0,-20.64,-7.32,[],0,0,[],[]
13173630,13174430,OCH,CXN,0.0,357,XM,BC,0,NT,FI,0.0,0,-23.27,-14.41,[],0,0,[],[]
13174430,13175230,NA,OLN,0.0,357,XM,NA,NA,NA,NA,0.0,0,-22.78,-15.59,[],0,0,[],[]
13175230,13176600,OCH,CXN,0.0,357,XM,EC,0,NT,FH,0.0,0,-20.4,-9.35,[],0,0,[],[]
13176600,13179130,NA,OLN,0.0,358,pause,NA,NA,NA,NA,0.0,0,-33.07,-23.53,[],0,0,[],[]
13179130,13180640,NA,NOF,0.0,358,pause,NA,NA,NA,NA,0.0,0,-30.47,-18.34,[],0,0,[],[]
13180640,13183480,NA,OLN,0.0,358,pause,NA,NA,NA,NA,0.0,0,-21.77,-6.52,[],0,0,[],[]
13183480,13184600,NA,NOF,0.0,358,pause,NA,NA,NA,NA,0.0,0,-34.97,-22.92,[],0,0,[],[]
13184600,13185430,CHI,CHN,0.0,358,pause,NA,NA,NA,NA,0.0,0,-31.34,-24.49,[],0,830,[],"[{'start': 13184.6, 'end': 13185.43}]"
13185430,13186230,NA,NOF,0.0,358,pause,NA,NA,NA,NA,0.0,0,-41.36,-31.43,[],0,0,[],[]
13186230,13187030,NA,SIL,0.0,358,pause,NA,NA,NA,NA,0.0,0,-53.12,-45.53,[],0,0,[],[]
13187030,13187630,CHI,CHN,0.0,358,pause,NA,NA,NA,NA,0.0,0,-29.48,-18.85,[],0,470,[],"[{'start': 13187.16, 'end': 13187.63}]"
13187630,13188770,NA,NOF,0.0,358,pause,NA,NA,NA,NA,0.0,0,-26.23,-12.29,[],0,0,[],[]
13188770,13190740,NA,OLN,0.0,358,pause,NA,NA,NA,NA,0.0,0,-17.64,-3.38,[],0,0,[],[]
13190740,13191540,NA,SIL,0.0,358,pause,NA,NA,NA,NA,0.0,0,-44.19,-34.9,[],0,0,[],[]
13191540,13193860,NA,NON,0.0,358,pause,NA,NA,NA,NA,0.0,0,-33.36,-22.87,[],0,0,[],[]
13193860,13194730,NA,OLN,0.0,358,pause,NA,NA,NA,NA,0.0,0,-34.64,-25.0,[],0,0,[],[]
13194730,13197310,NA,NOF,0.0,358,pause,NA,NA,NA,NA,0.0,0,-35.36,-17.31,[],0,0,[],[]
13197310,13198110,NA,OLN,0.0,358,pause,NA,NA,NA,NA,0.0,0,-17.19,-4.46,[],0,0,[],[]
13198110,13201070,NA,NOF,0.0,358,pause,NA,NA,NA,NA,0.0,0,-29.53,-8.58,[],0,0,[],[]
13201070,13202230,NA,OLN,0.0,358,pause,NA,NA,NA,NA,0.0,0,-28.65,-19.25,[],0,0,[],[]
13202230,13205020,NA,NOF,0.0,358,pause,NA,NA,NA,NA,0.0,0,-22.08,-6.46,[],0,0,[],[]
13205020,13206050,NA,OLN,0.0,358,pause,NA,NA,NA,NA,0.0,0,-20.37,-6.31,[],0,0,[],[]
13206050,13208810,NA,NOF,0.0,358,pause,NA,NA,NA,NA,0.0,0,-19.86,-4.68,[],0,0,[],[]
13208810,13209410,NA,CHF,0.0,358,pause,NA,NA,NA,NA,0.0,0,-40.44,-32.14,[],0,600,[],"[{'start': 13208.81, 'end': 13209.41}]"
13209410,13210220,NA,OLF,0.0,358,pause,NA,NA,NA,NA,0.0,0,-22.76,-8.59,[],0,0,[],[]
13210220,13211910,NA,NON,0.0,358,pause,NA,NA,NA,NA,0.0,0,-33.58,-20.61,[],0,0,[],[]
13211910,13212780,NA,OLN,0.0,358,pause,NA,NA,NA,NA,0.0,0,-29.9,-16.37,[],0,0,[],[]
13212780,13214070,NA,NOF,0.0,358,pause,NA,NA,NA,NA,0.0,0,-20.37,-4.11,[],0,0,[],[]
13214070,13215040,NA,CXF,0.0,358,pause,NA,NA,NA,NA,0.0,0,-42.56,-36.02,[],0,0,[],[]
13215040,13216040,NA,NOF,0.0,358,pause,NA,NA,NA,NA,0.0,0,-35.6,-20.27,[],0,0,[],[]
13216040,13216840,OCH,CXN,0.0,358,XM,EC,0,NT,FI,0.0,0,-35.74,-29.57,[],0,0,[],[]
13216840,13218430,NA,NOF,0.0,359,pause,NA,NA,NA,NA,0.0,0,-33.66,-19.01,[],0,0,[],[]
13218430,13219430,NA,OLN,0.0,359,pause,NA,NA,NA,NA,0.0,0,-26.0,-9.92,[],0,0,[],[]
13219430,13220240,NA,CXF,0.0,359,pause,NA,NA,NA,NA,0.0,0,-33.47,-22.84,[],0,0,[],[]
13220240,13222360,NA,OLF,0.0,359,pause,NA,NA,NA,NA,0.0,0,-38.47,-27.65,[],0,0,[],[]
13222360,13223850,NA,SIL,0.0,359,pause,NA,NA,NA,NA,0.0,0,-50.17,-44.84,[],0,0,[],[]
13223850,13224650,NA,OLF,0.0,359,pause,NA,NA,NA,NA,0.0,0,-35.03,-24.33,[],0,0,[],[]
13224650,13226450,NA,NOF,0.0,359,pause,NA,NA,NA,NA,0.0,0,-32.96,-15.11,[],0,0,[],[]
13226450,13227270,NA,OLF,0.0,359,pause,NA,NA,NA,NA,0.0,0,-25.61,-10.85,[],0,0,[],[]
13227270,13228850,NA,NOF,0.0,359,pause,NA,NA,NA,NA,0.0,0,-28.79,-13.34,[],0,0,[],[]
13228850,13229660,NA,OLF,0.0,359,pause,NA,NA,NA,NA,0.0,0,-23.71,-13.8,[],0,0,[],[]
13229660,13241080,NA,NOF,0.0,359,pause,NA,NA,NA,NA,0.0,0,-30.91,-7.63,[],0,0,[],[]
13241080,13241780,FEM,FAN,1.35,359,AIOCF,BC,0,NT,FI,0.0,0,-32.58,-19.51,[],0,0,[],[]
13241780,13243260,NA,NOF,0.0,359,AIOCF,NA,NA,NA,NA,0.0,0,-20.12,-7.6,[],0,0,[],[]
13243260,13245130,NA,OLN,0.0,359,AIOCF,NA,NA,NA,NA,0.0,0,-28.68,-10.88,[],0,0,[],[]
13245130,13246450,NA,NOF,0.0,359,AIOCF,NA,NA,NA,NA,0.0,0,-22.1,-4.22,[],0,0,[],[]
13246450,13247870,OCH,CXN,0.0,359,AIOCF,RC,0,NT,FI,0.0,0,-28.93,-17.39,[],0,0,[],[]
13247870,13250250,NA,NOF,0.0,359,AIOCF,NA,NA,NA,NA,0.0,0,-29.04,-9.97,[],0,0,[],[]
13250250,13252580,OCH,CXN,0.0,359,AIOCF,RC,0,NT,FH,0.0,0,-40.07,-31.5,[],0,0,[],[]
13252580,13253180,NA,CHF,0.0,359,AIOCF,NA,NA,NA,NA,0.0,0,-40.9,-36.13,[],0,600,[],"[{'start': 13252.58, 'end': 13253.18}]"
13253180,13254610,NA,FAF,0.0,359,AIOCF,NA,NA,NA,NA,0.0,0,-42.09,-27.18,[],0,0,[],[]
13254610,13255780,OCH,CXN,0.0,359,AIOCF,EC,0,NT,FH,0.0,0,-42.2,-30.62,[],0,0,[],[]
13255780,13256790,NA,FAF,0.0,360,pause,NA,NA,NA,NA,0.0,0,-47.06,-41.62,[],0,0,[],[]
13256790,13258320,NA,NOF,0.0,360,pause,NA,NA,NA,NA,0.0,0,-43.88,-26.67,[],0,0,[],[]
13258320,13260130,NA,CXF,0.0,360,pause,NA,NA,NA,NA,0.0,0,-45.41,-37.49,[],0,0,[],[]
13260130,13261290,NA,NOF,0.0,360,pause,NA,NA,NA,NA,0.0,0,-39.71,-28.45,[],0,0,[],[]
13261290,13264710,NA,SIL,0.0,360,pause,NA,NA,NA,NA,0.0,0,-54.4,-36.57,[],0,0,[],[]
13264710,13266620,NA,CHF,0.0,360,pause,NA,NA,NA,NA,0.0,0,-44.07,-32.36,[],0,1670,"[{'start': 13264.8, 'end': 13265.5}]","[{'start': 13265.5, 'end': 13266.47}]"
13266620,13270060,NA,SIL,0.0,360,pause,NA,NA,NA,NA,0.0,0,-51.87,-34.5,[],0,0,[],[]
13270060,13270860,NA,NOF,0.0,360,pause,NA,NA,NA,NA,0.0,0,-50.18,-43.37,[],0,0,[],[]
13270860,13271460,OCH,CXN,0.0,360,XM,EC,0,NT,FI,0.0,0,-34.02,-28.8,[],0,0,[],[]
13271460,13274550,NA,NOF,0.0,361,pause,NA,NA,NA,NA,0.0,0,-40.66,-30.16,[],0,0,[],[]
13274550,13276280,NA,SIL,0.0,361,pause,NA,NA,NA,NA,0.0,0,-57.34,-50.99,[],0,0,[],[]
13276280,13277180,NA,NOF,0.0,361,pause,NA,NA,NA,NA,0.0,0,-50.24,-41.34,[],0,0,[],[]
13277180,13277980,NA,SIL,0.0,361,pause,NA,NA,NA,NA,0.0,0,-52.82,-45.06,[],0,0,[],[]
13277980,13278960,NA,NOF,0.0,361,pause,NA,NA,NA,NA,0.0,0,-49.01,-39.87,[],0,0,[],[]
13278960,13279560,CHI,CHN,0.0,361,pause,NA,NA,NA,NA,0.0,0,-26.24,-16.32,[],0,360,"[{'start': 13278.96, 'end': 13279.32}]",[]
13279560,13282760,NA,NOF,0.0,361,pause,NA,NA,NA,NA,0.0,0,-41.43,-23.31,[],0,0,[],[]
13282760,13283670,NA,SIL,0.0,361,pause,NA,NA,NA,NA,0.0,0,-55.08,-44.41,[],0,0,[],[]
13283670,13284960,NA,NOF,0.0,361,pause,NA,NA,NA,NA,0.0,0,-45.42,-37.13,[],0,0,[],[]
13284960,13285560,CHI,CHN,0.0,361,CM,EC,0,NT,FI,1.0,430,-22.34,-12.32,"[{'Canonical-syllable': '0', 'Growl': '0', 'High-freq-energy': '0', 'Long-island': '0', 'Low-tilt-spectrum': '1', 'Medium-island': '0', 'Short-island': '1', 'Squeal': '0', 'Typical-entropy': '1', 'Voicing-quality': '1', 'Wide-band': '0', 'Xlong-island': '0', 'seq': '1', 'end': 13285.39, 'start': 13285.19}]",0,0,[],[]
13285560,13288610,NA,NOF,0.0,362,pause,NA,NA,NA,NA,0.0,0,-21.84,-3.71,[],0,0,[],[]
13288610,13289540,NA,SIL,0.0,362,pause,NA,NA,NA,NA,0.0,0,-46.37,-39.35,[],0,0,[],[]
13289540,13290860,NA,NOF,0.0,362,pause,NA,NA,NA,NA,0.0,0,-28.71,-10.88,[],0,0,[],[]
13290860,13291460,CHI,CHN,0.0,362,pause,NA,NA,NA,NA,0.0,0,-19.29,-10.61,[],0,600,[],"[{'start': 13290.86, 'end': 13291.46}]"
13291460,13293020,NA,NOF,0.0,362,pause,NA,NA,NA,NA,0.0,0,-33.87,-21.17,[],0,0,[],[]
13293020,13294370,NA,SIL,0.0,362,pause,NA,NA,NA,NA,0.0,0,-42.32,-23.11,[],0,0,[],[]
13294370,13295560,NA,NOF,0.0,362,pause,NA,NA,NA,NA,0.0,0,-42.26,-27.62,[],0,0,[],[]
13295560,13296670,NA,SIL,0.0,362,pause,NA,NA,NA,NA,0.0,0,-54.98,-45.79,[],0,0,[],[]
13296670,13298220,NA,NOF,0.0,362,pause,NA,NA,NA,NA,0.0,0,-50.63,-44.6,[],0,0,[],[]
13298220,13302220,NA,SIL,0.0,362,pause,NA,NA,NA,NA,0.0,0,-44.94,-26.48,[],0,0,[],[]
13302220,13303020,NA,NOF,0.0,362,pause,NA,NA,NA,NA,0.0,0,-48.81,-36.16,[],0,0,[],[]
13303020,13305500,NA,SIL,0.0,362,pause,NA,NA,NA,NA,0.0,0,-48.08,-33.66,[],0,0,[],[]
13305500,13306550,NA,NOF,0.0,362,pause,NA,NA,NA,NA,0.0,0,-42.95,-32.84,[],0,0,[],[]
13306550,13307150,NA,CHF,0.0,362,pause,NA,NA,NA,NA,0.0,0,-41.14,-34.45,[],0,600,[],"[{'start': 13306.55, 'end': 13307.15}]"
13307150,13308330,NA,NOF,0.0,362,pause,NA,NA,NA,NA,0.0,0,-31.78,-19.53,[],0,0,[],[]
13308330,13309700,NA,OLN,0.0,362,pause,NA,NA,NA,NA,0.0,0,-22.3,-7.97,[],0,0,[],[]
13309700,13310680,NA,NOF,0.0,362,pause,NA,NA,NA,NA,0.0,0,-32.47,-18.15,[],0,0,[],[]
13310680,13311370,CHI,CHN,0.0,362,CM,EC,0,NT,FI,1.0,580,-33.0,-24.4,"[{'Canonical-syllable': '0', 'Growl': '0', 'High-freq-energy': '0', 'Long-island': '0', 'Low-tilt-spectrum': '2', 'Medium-island': '1', 'Short-island': '1', 'Squeal': '1', 'Typical-entropy': '2', 'Voicing-quality': '0', 'Wide-band': '0', 'Xlong-island': '0', 'seq': '1', 'end': 13311.26, 'start': 13310.68}]",0,0,[],[]
13311370,13312210,NA,SIL,0.0,363,pause,NA,NA,NA,NA,0.0,0,-53.86,-48.83,[],0,0,[],[]
13312210,13318430,NA,NOF,0.0,363,pause,NA,NA,NA,NA,0.0,0,-26.65,-5.84,[],0,0,[],[]
13318430,13319450,NA,FAF,0.0,363,pause,NA,NA,NA,NA,0.0,0,-34.03,-19.64,[],0,0,[],[]
13319450,13320260,NA,SIL,0.0,363,pause,NA,NA,NA,NA,0.0,0,-57.44,-45.98,[],0,0,[],[]
13320260,13321060,NA,NOF,0.0,363,pause,NA,NA,NA,NA,0.0,0,-50.22,-36.82,[],0,0,[],[]
13321060,13322800,NA,SIL,0.0,363,pause,NA,NA,NA,NA,0.0,0,-51.13,-37.54,[],0,0,[],[]
13322800,13324680,NA,CHF,0.0,363,pause,NA,NA,NA,NA,0.0,0,-43.61,-21.99,[],0,130,[],"[{'start': 13322.8, 'end': 13322.93}]"
13324680,13325480,NA,SIL,0.0,363,pause,NA,NA,NA,NA,0.0,0,-55.96,-49.24,[],0,0,[],[]
13325480,13326280,NA,CXF,0.0,363,pause,NA,NA,NA,NA,0.0,0,-47.52,-32.43,[],0,0,[],[]
13326280,13327320,NA,SIL,0.0,363,pause,NA,NA,NA,NA,0.0,0,-56.36,-47.47,[],0,0,[],[]
13327320,13328100,CHI,CHN,0.0,363,pause,NA,NA,NA,NA,0.0,0,-34.73,-25.14,[],0,680,[],"[{'start': 13327.42, 'end': 13328.1}]"
13328100,13329180,NA,NOF,0.0,363,pause,NA,NA,NA,NA,0.0,0,-41.48,-28.38,[],0,0,[],[]
13329180,13330420,OCH,CXN,0.0,363,XM,BC,0,NT,FI,0.0,0,-30.54,-23.48,[],0,0,[],[]
13330420,13331880,NA,NOF,0.0,363,XM,NA,NA,NA,NA,0.0,0,-33.78,-22.73,[],0,0,[],[]
13331880,13332720,OCH,CXN,0.0,363,XM,EC,0,NT,FH,0.0,0,-30.33,-23.14,[],0,0,[],[]
13332720,13335240,NA,NOF,0.0,364,pause,NA,NA,NA,NA,0.0,0,-32.54,-18.24,[],0,0,[],[]
13335240,13337190,NA,SIL,0.0,364,pause,NA,NA,NA,NA,0.0,0,-55.44,-47.99,[],0,0,[],[]
13337190,13337990,NA,NOF,0.0,364,pause,NA,NA,NA,NA,0.0,0,-35.83,-21.47,[],0,0,[],[]
13337990,13342520,NA,SIL,0.0,364,pause,NA,NA,NA,NA,0.0,0,-56.32,-41.76,[],0,0,[],[]
13342520,13343910,NA,NOF,0.0,364,pause,NA,NA,NA,NA,0.0,0,-51.13,-43.15,[],0,0,[],[]
13343910,13346420,NA,SIL,0.0,364,pause,NA,NA,NA,NA,0.0,0,-52.17,-42.53,[],0,0,[],[]
13346420,13347490,NA,OLF,0.0,364,pause,NA,NA,NA,NA,0.0,0,-35.5,-24.09,[],0,0,[],[]
13347490,13348290,NA,SIL,0.0,364,pause,NA,NA,NA,NA,0.0,0,-45.7,-32.61,[],0,0,[],[]
13348290,13348890,CHI,CHN,0.0,364,CIOCX,BC,0,NT,FI,1.0,600,-28.92,-22.78,"[{'Canonical-syllable': '1', 'Growl': '0', 'High-freq-energy': '1', 'Long-island': '0', 'Low-tilt-spectrum': '1', 'Medium-island': '1', 'Short-island': '1', 'Squeal': '0', 'Typical-entropy': '1', 'Voicing-quality': '2', 'Wide-band': '0', 'Xlong-island': '0', 'seq': '1', 'end': 13348.89, 'start': 13348.29}]",0,0,[],[]
13348890,13349960,NA,NOF,0.0,364,CIOCX,NA,NA,NA,NA,0.0,0,-40.98,-26.56,[],0,0,[],[]
13349960,13352140,NA,SIL,0.0,364,CIOCX,NA,NA,NA,NA,0.0,0,-50.83,-36.83,[],0,0,[],[]
13352140,13352940,OCH,CXN,0.0,364,CIOCX,EC,0,NT,FI,0.0,0,-43.85,-37.02,[],0,0,[],[]
13352940,13353960,NA,CXF,0.0,365,pause,NA,NA,NA,NA,0.0,0,-37.64,-25.32,[],0,0,[],[]
13353960,13354930,NA,FAF,0.0,365,pause,NA,NA,NA,NA,0.0,0,-38.84,-27.85,[],0,0,[],[]
13354930,13355920,NA,CXF,0.0,365,pause,NA,NA,NA,NA,0.0,0,-45.79,-38.23,[],0,0,[],[]
13355920,13357680,NA,OLF,0.0,365,pause,NA,NA,NA,NA,0.0,0,-25.09,-7.64,[],0,0,[],[]
13357680,13358560,NA,SIL,0.0,365,pause,NA,NA,NA,NA,0.0,0,-51.62,-43.52,[],0,0,[],[]
13358560,13359970,NA,CXF,0.0,365,pause,NA,NA,NA,NA,0.0,0,-41.43,-29.0,[],0,0,[],[]
13359970,13361010,NA,OLF,0.0,365,pause,NA,NA,NA,NA,0.0,0,-38.88,-31.11,[],0,0,[],[]
13361010,13362160,NA,FAF,0.0,365,pause,NA,NA,NA,NA,0.0,0,-46.49,-41.12,[],0,0,[],[]
13362160,13362790,NA,OLN,0.0,365,pause,NA,NA,NA,NA,0.0,0,-30.67,-16.89,[],0,0,[],[]
13362790,13363910,NA,FAF,0.0,365,pause,NA,NA,NA,NA,0.0,0,-46.94,-32.3,[],0,0,[],[]
13363910,13364790,NA,CHF,0.0,365,pause,NA,NA,NA,NA,0.0,0,-43.62,-34.43,[],0,880,[],"[{'start': 13363.91, 'end': 13364.79}]"
13364790,13365590,NA,SIL,0.0,365,pause,NA,NA,NA,NA,0.0,0,-52.29,-42.06,[],0,0,[],[]
13365590,13369380,NA,NOF,0.0,365,pause,NA,NA,NA,NA,0.0,0,-31.2,-11.2,[],0,0,[],[]
13369380,13370190,NA,SIL,0.0,365,pause,NA,NA,NA,NA,0.0,0,-47.13,-38.05,[],0,0,[],[]
13370190,13372660,OCH,CXN,0.0,365,XM,EC,0,NT,FI,0.0,0,-40.53,-29.85,[],0,0,[],[]
13372660,13374210,NA,OLF,0.0,366,pause,NA,NA,NA,NA,0.0,0,-43.22,-35.38,[],0,0,[],[]
13374210,13375350,NA,FAF,0.0,366,pause,NA,NA,NA,NA,0.0,0,-48.78,-41.39,[],0,0,[],[]
13375350,13376600,NA,OLF,0.0,366,pause,NA,NA,NA,NA,0.0,0,-43.78,-37.2,[],0,0,[],[]
13376600,13377850,NA,FAF,0.0,366,pause,NA,NA,NA,NA,0.0,0,-42.84,-30.02,[],0,0,[],[]
13377850,13379070,OCH,CXN,0.0,366,XM,BC,0,NT,FI,0.0,0,-38.98,-30.95,[],0,0,[],[]
13379070,13379870,NA,SIL,0.0,366,XM,NA,NA,NA,NA,0.0,0,-50.96,-40.34,[],0,0,[],[]
13379870,13381300,OCH,CXN,0.0,366,XM,RC,0,NT,FH,0.0,0,-43.52,-34.48,[],0,0,[],[]
13381300,13382300,NA,CXF,0.0,366,XM,NA,NA,NA,NA,0.0,0,-44.18,-36.35,[],0,0,[],[]
13382300,13384340,OCH,CXN,0.0,366,XM,RC,0,NT,FH,0.0,0,-37.8,-29.58,[],0,0,[],[]
13384340,13384940,NA,FAF,0.0,366,XM,NA,NA,NA,NA,0.0,0,-45.41,-41.17,[],0,0,[],[]
13384940,13386940,OCH,CXN,0.0,366,XM,EC,0,NT,FH,0.0,0,-34.1,-24.93,[],0,0,[],[]
13386940,13388640,NA,SIL,0.0,367,pause,NA,NA,NA,NA,0.0,0,-47.77,-40.09,[],0,0,[],[]
13388640,13390120,NA,CXF,0.0,367,pause,NA,NA,NA,NA,0.0,0,-39.73,-29.71,[],0,0,[],[]
13390120,13390920,NA,OLF,0.0,367,pause,NA,NA,NA,NA,0.0,0,-34.14,-20.52,[],0,0,[],[]
13390920,13392640,NA,FAF,0.0,367,pause,NA,NA,NA,NA,0.0,0,-36.28,-19.4,[],0,0,[],[]
13392640,13393490,NA,CXF,0.0,367,pause,NA,NA,NA,NA,0.0,0,-39.06,-34.5,[],0,0,[],[]
13393490,13394740,NA,FAF,0.0,367,pause,NA,NA,NA,NA,0.0,0,-40.08,-27.75,[],0,0,[],[]
13394740,13396010,NA,TVF,0.0,367,pause,NA,NA,NA,NA,0.0,0,-40.88,-35.24,[],0,0,[],[]
13396010,13396810,FEM,FAN,0.45,367,AMF,EC,0,NT,FI,0.0,0,-40.33,-34.72,[],0,0,[],[]
13396810,13397890,NA,TVF,0.0,368,pause,NA,NA,NA,NA,0.0,0,-41.67,-36.14,[],0,0,[],[]
13397890,13399600,NA,OLF,0.0,368,pause,NA,NA,NA,NA,0.0,0,-36.55,-23.34,[],0,0,[],[]
13399600,13403710,NA,SIL,0.0,368,pause,NA,NA,NA,NA,0.0,0,-44.09,-36.81,[],0,0,[],[]
13403710,13404310,NA,CHF,0.0,368,pause,NA,NA,NA,NA,0.0,0,-41.29,-34.46,[],0,600,[],"[{'start': 13403.71, 'end': 13404.31}]"
13404310,13405110,NA,SIL,0.0,368,pause,NA,NA,NA,NA,0.0,0,-45.66,-36.19,[],0,0,[],[]
13405110,13405710,NA,NOF,0.0,368,pause,NA,NA,NA,NA,0.0,0,-36.56,-24.64,[],0,0,[],[]
13405710,13406830,OCH,CXN,0.0,368,XM,EC,0,NT,FI,0.0,0,-31.28,-23.38,[],0,0,[],[]
13406830,13407630,NA,OLF,0.0,369,pause,NA,NA,NA,NA,0.0,0,-37.32,-30.48,[],0,0,[],[]
13407630,13408740,NA,NOF,0.0,369,pause,NA,NA,NA,NA,0.0,0,-39.88,-31.08,[],0,0,[],[]
13408740,13409610,NA,SIL,0.0,369,pause,NA,NA,NA,NA,0.0,0,-49.96,-45.3,[],0,0,[],[]
13409610,13410690,NA,OLF,0.0,369,pause,NA,NA,NA,NA,0.0,0,-43.05,-36.14,[],0,0,[],[]
13410690,13411620,NA,NOF,0.0,369,pause,NA,NA,NA,NA,0.0,0,-46.22,-42.25,[],0,0,[],[]
13411620,13412420,NA,SIL,0.0,369,pause,NA,NA,NA,NA,0.0,0,-45.98,-36.2,[],0,0,[],[]
13412420,13413520,OCH,CXN,0.0,369,XM,EC,0,NT,FI,0.0,0,-31.88,-21.31,[],0,0,[],[]
13413520,13414380,NA,NOF,0.0,370,pause,NA,NA,NA,NA,0.0,0,-33.12,-19.98,[],0,0,[],[]
13414380,13415180,NA,FAF,0.0,370,pause,NA,NA,NA,NA,0.0,0,-43.17,-36.19,[],0,0,[],[]
13415180,13415980,NA,OLF,0.0,370,pause,NA,NA,NA,NA,0.0,0,-37.79,-32.43,[],0,0,[],[]
13415980,13416780,NA,NOF,0.0,370,pause,NA,NA,NA,NA,0.0,0,-45.16,-37.68,[],0,0,[],[]
13416780,13417580,NA,CXF,0.0,370,pause,NA,NA,NA,NA,0.0,0,-36.7,-29.4,[],0,0,[],[]
13417580,13419100,NA,OLN,0.0,370,pause,NA,NA,NA,NA,0.0,0,-28.0,-20.83,[],0,0,[],[]
13419100,13420210,NA,OLF,0.0,370,pause,NA,NA,NA,NA,0.0,0,-43.27,-36.9,[],0,0,[],[]
13420210,13421250,OCH,CXN,0.0,370,XIOCAC,BC,0,NT,FI,0.0,0,-37.45,-31.44,[],0,0,[],[]
13421250,13422960,NA,FAF,0.0,370,XIOCAC,NA,NA,NA,NA,0.0,0,-39.35,-28.94,[],0,0,[],[]
13422960,13423880,NA,OLN,0.0,370,XIOCAC,NA,NA,NA,NA,0.0,0,-35.75,-27.68,[],0,0,[],[]
13423880,13425650,OCH,CXN,0.0,370,XIOCAC,RC,0,NT,FH,0.0,0,-33.83,-22.43,[],0,0,[],[]
13425650,13426500,NA,OLN,0.0,370,XIOCAC,NA,NA,NA,NA,0.0,0,-34.21,-28.01,[],0,0,[],[]
13426500,13427530,OCH,CXN,0.0,370,XIOCAC,RC,0,NT,FH,0.0,0,-32.12,-22.75,[],0,0,[],[]
13427530,13428580,NA,OLN,0.0,370,XIOCAC,NA,NA,NA,NA,0.0,0,-27.95,-14.16,[],0,0,[],[]
13428580,13429710,OCH,CXN,0.0,370,XIOCAC,RC,0,NT,FH,0.0,0,-36.71,-28.32,[],0,0,[],[]
13429710,13430780,NA,OLF,0.0,370,XIOCAC,NA,NA,NA,NA,0.0,0,-33.67,-20.31,[],0,0,[],[]
13430780,13431740,OCH,CXN,0.0,370,XIOCAC,RC,0,NT,FH,0.0,0,-41.42,-34.64,[],0,0,[],[]
13431740,13433370,NA,OLN,0.0,370,XIOCAC,NA,NA,NA,NA,0.0,0,-29.69,-13.63,[],0,0,[],[]
13433370,13434300,OCH,CXN,0.0,370,XIOCAC,RC,0,NT,FH,0.0,0,-35.94,-28.39,[],0,0,[],[]
13434300,13435100,NA,OLN,0.0,370,XIOCAC,NA,NA,NA,NA,0.0,0,-36.1,-28.97,[],0,0,[],[]
13435100,13436080,OCH,CXN,0.0,370,XIOCAC,RC,0,NT,FH,0.0,0,-36.16,-28.39,[],0,0,[],[]
13436080,13437490,NA,OLN,0.0,370,XIOCAC,NA,NA,NA,NA,0.0,0,-31.18,-23.07,[],0,0,[],[]
13437490,13438370,NA,SIL,0.0,370,XIOCAC,NA,NA,NA,NA,0.0,0,-43.07,-36.28,[],0,0,[],[]
13438370,13439840,FEM,FAN,8.33,370,XIOCAC,RC,0,NT,FI,0.0,0,-33.68,-24.92,[],0,0,[],[]
13439840,13440830,NA,OLN,0.0,370,XIOCAC,NA,NA,NA,NA,0.0,0,-36.97,-27.26,[],0,0,[],[]
13440830,13442140,OCH,CXN,0.0,370,XIOCAC,RC,0,NT,FI,0.0,0,-27.42,-20.83,[],0,0,[],[]
13442140,13443310,NA,OLN,0.0,370,XIOCAC,NA,NA,NA,NA,0.0,0,-33.75,-26.12,[],0,0,[],[]
13443310,13444110,NA,CHF,0.0,370,XIOCAC,RC,0,NT,FI,1.0,700,-40.51,-31.67,"[{'Canonical-syllable': '0', 'Growl': '1', 'High-freq-energy': '0', 'Long-island': '1', 'Low-tilt-spectrum': '1', 'Medium-island': '0', 'Short-island': '0', 'Squeal': '0', 'Typical-entropy': '0', 'Voicing-quality': '1', 'Wide-band': '0', 'Xlong-island': '0', 'seq': '1', 'end': 13444.01, 'start': 13443.31}]",0,0,[],[]
13444110,13445820,OCH,CXN,0.0,370,XIOCAC,RC,0,NT,FI,0.0,0,-30.37,-19.28,[],0,0,[],[]
13445820,13447020,NA,OLN,0.0,370,XIOCAC,NA,NA,NA,NA,0.0,0,-36.98,-28.05,[],0,0,[],[]
13447020,13449340,NA,NOF,0.0,370,XIOCAC,NA,NA,NA,NA,0.0,0,-37.4,-26.63,[],0,0,[],[]
13449340,13450650,NA,SIL,0.0,370,XIOCAC,NA,NA,NA,NA,0.0,0,-47.18,-37.15,[],0,0,[],[]
13450650,13451250,OCH,CXN,0.0,370,XIOCAC,EC,0,NT,FH,0.0,0,-33.14,-23.62,[],0,0,[],[]
13451250,13452820,NA,FAF,0.0,371,pause,NA,NA,NA,NA,0.0,0,-40.76,-24.19,[],0,0,[],[]
13452820,13454270,NA,OLN,0.0,371,pause,NA,NA,NA,NA,0.0,0,-31.51,-22.32,[],0,0,[],[]
13454270,13456150,NA,NOF,0.0,371,pause,NA,NA,NA,NA,0.0,0,-44.05,-33.91,[],0,0,[],[]
13456150,13456770,NA,FAF,0.0,371,pause,NA,NA,NA,NA,0.0,0,-35.54,-26.99,[],0,0,[],[]
13456770,13459780,NA,NOF,0.0,371,pause,NA,NA,NA,NA,0.0,0,-41.9,-29.45,[],0,0,[],[]
13459780,13460760,NA,OLF,0.0,371,pause,NA,NA,NA,NA,0.0,0,-35.83,-29.52,[],0,0,[],[]
13460760,13465950,NA,NOF,0.0,371,pause,NA,NA,NA,NA,0.0,0,-30.92,-5.69,[],0,0,[],[]
13465950,13466770,NA,OLN,0.0,371,pause,NA,NA,NA,NA,0.0,0,-28.23,-15.63,[],0,0,[],[]
13466770,13469220,NA,NOF,0.0,371,pause,NA,NA,NA,NA,0.0,0,-34.03,-18.78,[],0,0,[],[]
13469220,13470280,NA,SIL,0.0,371,pause,NA,NA,NA,NA,0.0,0,-52.7,-45.97,[],0,0,[],[]
13470280,13472940,NA,NOF,0.0,371,pause,NA,NA,NA,NA,0.0,0,-47.55,-35.85,[],0,0,[],[]
13472940,13474790,NA,SIL,0.0,371,pause,NA,NA,NA,NA,0.0,0,-52.45,-44.46,[],0,0,[],[]
13474790,13475780,NA,NOF,0.0,371,pause,NA,NA,NA,NA,0.0,0,-50.89,-45.49,[],0,0,[],[]
13475780,13476580,NA,OLF,0.0,371,pause,NA,NA,NA,NA,0.0,0,-40.8,-33.04,[],0,0,[],[]
13476580,13478990,NA,SIL,0.0,371,pause,NA,NA,NA,NA,0.0,0,-49.64,-41.89,[],0,0,[],[]
13478990,13480060,OCH,CXN,0.0,371,XM,EC,0,NT,FI,0.0,0,-31.78,-21.68,[],0,0,[],[]
13480060,13482630,NA,NOF,0.0,372,pause,NA,NA,NA,NA,0.0,0,-44.15,-34.04,[],0,0,[],[]
13482630,13483770,CHI,CHN,0.0,372,pause,NA,NA,NA,NA,0.0,0,-28.95,-20.13,[],0,460,[],"[{'start': 13483.31, 'end': 13483.77}]"
13483770,13485180,NA,NON,0.0,372,pause,NA,NA,NA,NA,0.0,0,-35.74,-26.28,[],0,0,[],[]
13485180,13485830,CHI,CHN,0.0,372,pause,NA,NA,NA,NA,0.0,0,-34.14,-23.02,[],0,650,[],"[{'start': 13485.18, 'end': 13485.83}]"
13485830,13489290,NA,NOF,0.0,372,pause,NA,NA,NA,NA,0.0,0,-36.56,-18.17,[],0,0,[],[]
13489290,13490640,NA,OLF,0.0,372,pause,NA,NA,NA,NA,0.0,0,-35.91,-27.56,[],0,0,[],[]
13490640,13491800,FEM,FAN,2.37,372,AMF,EC,0,NT,FI,0.0,0,-26.31,-13.91,[],0,0,[],[]
13491800,13495360,NA,NOF,0.0,373,pause,NA,NA,NA,NA,0.0,0,-32.47,-15.82,[],0,0,[],[]
13495360,13496410,NA,FAF,0.0,373,pause,NA,NA,NA,NA,0.0,0,-35.8,-22.44,[],0,0,[],[]
13496410,13497290,NA,SIL,0.0,373,pause,NA,NA,NA,NA,0.0,0,-44.81,-34.55,[],0,0,[],[]
13497290,13498090,NA,OLF,0.0,373,pause,NA,NA,NA,NA,0.0,0,-40.32,-29.25,[],0,0,[],[]
13498090,13498890,NA,SIL,0.0,373,pause,NA,NA,NA,NA,0.0,0,-46.38,-36.68,[],0,0,[],[]
13498890,13499890,NA,MAF,0.0,373,pause,NA,NA,NA,NA,0.0,0,-37.27,-24.8,[],0,0,[],[]
13499890,13501050,NA,OLF,0.0,373,pause,NA,NA,NA,NA,0.0,0,-37.26,-26.41,[],0,0,[],[]
13501050,13501860,OCH,CXN,0.0,373,XM,BC,0,NT,FI,0.0,0,-30.33,-24.67,[],0,0,[],[]
13501860,13502660,NA,NOF,0.0,373,XM,NA,NA,NA,NA,0.0,0,-46.4,-38.18,[],0,0,[],[]
13502660,13504630,OCH,CXN,0.0,373,XM,RC,0,NT,FH,0.0,0,-29.11,-21.31,[],0,0,[],[]
13504630,13507900,NA,SIL,0.0,373,XM,NA,NA,NA,NA,0.0,0,-47.52,-36.25,[],0,0,[],[]
13507900,13508700,NA,NOF,0.0,373,XM,NA,NA,NA,NA,0.0,0,-31.04,-16.41,[],0,0,[],[]
13508700,13509500,NA,SIL,0.0,373,XM,NA,NA,NA,NA,0.0,0,-24.87,-10.71,[],0,0,[],[]
13509500,13510400,OCH,CXN,0.0,373,XM,RC,0,NT,FH,0.0,0,-30.34,-19.66,[],0,0,[],[]
13510400,13511200,NA,SIL,0.0,373,XM,NA,NA,NA,NA,0.0,0,-44.24,-30.47,[],0,0,[],[]
13511200,13512860,NA,TVF,0.0,373,XM,NA,NA,NA,NA,0.0,0,-42.26,-22.62,[],0,0,[],[]
13512860,13513660,NA,SIL,0.0,373,XM,NA,NA,NA,NA,0.0,0,-49.27,-38.25,[],0,0,[],[]
13513660,13515360,OCH,CXN,0.0,373,XM,EC,0,NT,FH,0.0,0,-32.76,-23.34,[],0,0,[],[]
13515360,13516280,NA,SIL,0.0,374,pause,NA,NA,NA,NA,0.0,0,-45.11,-34.87,[],0,0,[],[]
13516280,13518540,NA,NOF,0.0,374,pause,NA,NA,NA,NA,0.0,0,-34.29,-18.15,[],0,0,[],[]
13518540,13519340,NA,OLF,0.0,374,pause,NA,NA,NA,NA,0.0,0,-37.81,-27.29,[],0,0,[],[]
13519340,13521330,NA,NOF,0.0,374,pause,NA,NA,NA,NA,0.0,0,-42.24,-28.57,[],0,0,[],[]
13521330,13522350,NA,FAF,0.0,374,pause,NA,NA,NA,NA,0.0,0,-41.63,-29.48,[],0,0,[],[]
13522350,13523360,NA,OLF,0.0,374,pause,NA,NA,NA,NA,0.0,0,-38.12,-22.88,[],0,0,[],[]
13523360,13524280,NA,SIL,0.0,374,pause,NA,NA,NA,NA,0.0,0,-45.34,-34.96,[],0,0,[],[]
13524280,13525740,NA,FAF,0.0,374,pause,NA,NA,NA,NA,0.0,0,-36.89,-24.13,[],0,0,[],[]
13525740,13527140,NA,SIL,0.0,374,pause,NA,NA,NA,NA,0.0,0,-48.39,-41.78,[],0,0,[],[]
13527140,13528460,NA,OLF,0.0,374,pause,NA,NA,NA,NA,0.0,0,-34.76,-25.38,[],0,0,[],[]
13528460,13529420,NA,NOF,0.0,374,pause,NA,NA,NA,NA,0.0,0,-39.53,-26.1,[],0,0,[],[]
13529420,13530230,NA,SIL,0.0,374,pause,NA,NA,NA,NA,0.0,0,-48.37,-40.89,[],0,0,[],[]
13530230,13531320,NA,CHF,0.0,374,pause,NA,NA,NA,NA,0.0,0,-45.71,-32.03,[],0,1090,[],"[{'start': 13530.23, 'end': 13531.32}]"
13531320,13532120,OCH,CXN,0.0,374,XM,BC,0,NT,FI,0.0,0,-33.35,-26.99,[],0,0,[],[]
13532120,13532920,NA,OLF,0.0,374,XM,NA,NA,NA,NA,0.0,0,-27.56,-17.61,[],0,0,[],[]
13532920,13533720,NA,NON,0.0,374,XM,NA,NA,NA,NA,0.0,0,-40.91,-31.46,[],0,0,[],[]
13533720,13534320,OCH,CXN,0.0,374,XM,EC,0,NT,FH,0.0,0,-31.93,-24.38,[],0,0,[],[]
13534320,13535320,NA,FAF,0.0,375,pause,NA,NA,NA,NA,0.0,0,-42.55,-32.02,[],0,0,[],[]
13535320,13537210,NA,NOF,0.0,375,pause,NA,NA,NA,NA,0.0,0,-44.75,-32.52,[],0,0,[],[]
13537210,13538300,NA,FAF,0.0,375,pause,NA,NA,NA,NA,0.0,0,-35.63,-25.26,[],0,0,[],[]
13538300,13540010,NA,NOF,0.0,375,pause,NA,NA,NA,NA,0.0,0,-43.46,-29.87,[],0,0,[],[]
13540010,13541900,NA,SIL,0.0,375,pause,NA,NA,NA,NA,0.0,0,-48.67,-33.56,[],0,0,[],[]
13541900,13542810,NA,OLF,0.0,375,pause,NA,NA,NA,NA,0.0,0,-38.15,-30.18,[],0,0,[],[]
13542810,13543700,NA,MAF,0.0,375,pause,NA,NA,NA,NA,0.0,0,-45.53,-34.47,[],0,0,[],[]
13543700,13545780,NA,OLF,0.0,375,pause,NA,NA,NA,NA,0.0,0,-36.57,-22.45,[],0,0,[],[]
13545780,13546780,NA,MAF,0.0,375,pause,NA,NA,NA,NA,0.0,0,-40.01,-26.49,[],0,0,[],[]
13546780,13548070,NA,SIL,0.0,375,pause,NA,NA,NA,NA,0.0,0,-49.73,-43.84,[],0,0,[],[]
13548070,13549330,NA,NOF,0.0,375,pause,NA,NA,NA,NA,0.0,0,-20.31,-6.1,[],0,0,[],[]
13549330,13550150,NA,SIL,0.0,375,pause,NA,NA,NA,NA,0.0,0,-41.09,-26.3,[],0,0,[],[]
13550150,13550950,NA,NOF,0.0,375,pause,NA,NA,NA,NA,0.0,0,-44.55,-35.45,[],0,0,[],[]
13550950,13552210,NA,SIL,0.0,375,pause,NA,NA,NA,NA,0.0,0,-47.54,-40.09,[],0,0,[],[]
13552210,13553030,NA,CHF,0.0,375,CIOCAX,BC,0,NT,FI,1.0,820,-34.67,-24.69,"[{'Canonical-syllable': '0', 'Growl': '0', 'High-freq-energy': '0', 'Long-island': '1', 'Low-tilt-spectrum': '1', 'Medium-island': '0', 'Short-island': '0', 'Squeal': '0', 'Typical-entropy': '1', 'Voicing-quality': '1', 'Wide-band': '0', 'Xlong-island': '0', 'seq': '1', 'end': 13553.03, 'start': 13552.21}]",0,0,[],[]
13553030,13554680,NA,NOF,0.0,375,CIOCAX,NA,NA,NA,NA,0.0,0,-43.87,-35.35,[],0,0,[],[]
13554680,13555490,NA,OLN,0.0,375,CIOCAX,NA,NA,NA,NA,0.0,0,-23.9,-8.93,[],0,0,[],[]
13555490,13556430,OCH,CXN,0.0,375,CIOCAX,RC,0,NT,FI,0.0,0,-27.87,-16.37,[],0,0,[],[]
13556430,13558190,NA,NOF,0.0,375,CIOCAX,NA,NA,NA,NA,0.0,0,-39.56,-21.54,[],0,0,[],[]
13558190,13558920,OCH,CXN,0.0,375,CIOCAX,RC,0,NT,FH,0.0,0,-31.22,-22.32,[],0,0,[],[]
13558920,13559900,NA,OLF,0.0,375,CIOCAX,NA,NA,NA,NA,0.0,0,-32.22,-21.82,[],0,0,[],[]
13559900,13561950,OCH,CXN,0.0,375,CIOCAX,RC,0,NT,FH,0.0,0,-28.07,-15.22,[],0,0,[],[]
13561950,13562870,NA,NOF,0.0,375,CIOCAX,NA,NA,NA,NA,0.0,0,-42.57,-31.1,[],0,0,[],[]
13562870,13565000,NA,OLN,0.0,375,CIOCAX,NA,NA,NA,NA,0.0,0,-25.97,-17.23,[],0,0,[],[]
13565000,13566210,OCH,CXN,0.0,375,CIOCAX,RC,0,NT,FH,0.0,0,-28.84,-17.82,[],0,0,[],[]
13566210,13567250,NA,OLN,0.0,375,CIOCAX,NA,NA,NA,NA,0.0,0,-28.45,-20.52,[],0,0,[],[]
13567250,13568250,MAL,MAN,9.81,375,CIOCAX,RC,0,NT,FI,0.0,0,-30.22,-22.41,[],0,0,[],[]
13568250,13569580,NA,NOF,0.0,375,CIOCAX,NA,NA,NA,NA,0.0,0,-42.62,-30.75,[],0,0,[],[]
13569580,13570430,OCH,CXN,0.0,375,CIOCAX,RC,0,NT,FI,0.0,0,-38.2,-31.1,[],0,0,[],[]
13570430,13571650,NA,NOF,0.0,375,CIOCAX,NA,NA,NA,NA,0.0,0,-43.02,-34.34,[],0,0,[],[]
13571650,13573010,OCH,CXN,0.0,375,CIOCAX,RC,0,NT,FH,0.0,0,-39.83,-26.23,[],0,0,[],[]
13573010,13574380,NA,OLN,0.0,375,CIOCAX,NA,NA,NA,NA,0.0,0,-24.88,-15.04,[],0,0,[],[]
13574380,13575350,NA,CXF,0.0,375,CIOCAX,NA,NA,NA,NA,0.0,0,-39.24,-29.24,[],0,0,[],[]
13575350,13576600,NA,OLF,0.0,375,CIOCAX,NA,NA,NA,NA,0.0,0,-38.51,-31.65,[],0,0,[],[]
13576600,13577900,OCH,CXN,0.0,375,CIOCAX,RC,0,NT,FH,0.0,0,-42.26,-34.58,[],0,0,[],[]
13577900,13578950,MAL,MAN,4.6,375,CIOCAX,EC,0,NT,FI,0.0,0,-38.7,-30.9,[],0,0,[],[]
13578950,13579850,NA,SIL,0.0,376,pause,NA,NA,NA,NA,0.0,0,-49.71,-44.03,[],0,0,[],[]
13579850,13581980,NA,OLF,0.0,376,pause,NA,NA,NA,NA,0.0,0,-38.3,-27.96,[],0,0,[],[]
13581980,13589000,NA,NOF,0.0,376,pause,NA,NA,NA,NA,0.0,0,-40.96,-24.93,[],0,0,[],[]
13589000,13589600,CHI,CHN,0.0,376,pause,NA,NA,NA,NA,0.0,0,-29.52,-21.92,[],0,600,[],"[{'start': 13589.0, 'end': 13589.6}]"
13589600,13590810,NA,NOF,0.0,376,pause,NA,NA,NA,NA,0.0,0,-32.9,-17.0,[],0,0,[],[]
13590810,13592200,NA,OLF,0.0,376,pause,NA,NA,NA,NA,0.0,0,-33.62,-21.65,[],0,0,[],[]
13592200,13593200,NA,NOF,0.0,376,pause,NA,NA,NA,NA,0.0,0,-35.08,-21.61,[],0,0,[],[]
13593200,13594120,NA,OLF,0.0,376,pause,NA,NA,NA,NA,0.0,0,-35.14,-27.13,[],0,0,[],[]
13594120,13596800,NA,NOF,0.0,376,pause,NA,NA,NA,NA,0.0,0,-38.31,-19.94,[],0,0,[],[]
13596800,13597600,NA,SIL,0.0,376,pause,NA,NA,NA,NA,0.0,0,-48.78,-41.37,[],0,0,[],[]
13597600,13601260,NA,NOF,0.0,376,pause,NA,NA,NA,NA,0.0,0,-36.51,-15.69,[],0,0,[],[]
13601260,13602240,NA,OLF,0.0,376,pause,NA,NA,NA,NA,0.0,0,-34.72,-27.49,[],0,0,[],[]
13602240,13603050,NA,NOF,0.0,376,pause,NA,NA,NA,NA,0.0,0,-44.53,-37.74,[],0,0,[],[]
13603050,13604470,NA,FAF,0.0,376,pause,NA,NA,NA,NA,0.0,0,-39.49,-29.2,[],0,0,[],[]
13604470,13605540,NA,NOF,0.0,376,pause,NA,NA,NA,NA,0.0,0,-33.06,-16.53,[],0,0,[],[]
13605540,13606340,NA,SIL,0.0,376,pause,NA,NA,NA,NA,0.0,0,-53.09,-47.21,[],0,0,[],[]
13606340,13608560,NA,NOF,0.0,376,pause,NA,NA,NA,NA,0.0,0,-42.95,-34.99,[],0,0,[],[]
13608560,13609670,NA,SIL,0.0,376,pause,NA,NA,NA,NA,0.0,0,-53.49,-43.72,[],0,0,[],[]
13609670,13610760,NA,OLF,0.0,376,pause,NA,NA,NA,NA,0.0,0,-40.25,-31.42,[],0,0,[],[]
13610760,13611390,FEM,FAN,3.76,376,AIOCF,BC,0,NT,FI,0.0,0,-33.77,-24.8,[],0,0,[],[]
13611390,13612310,NA,OLN,0.0,376,AIOCF,NA,NA,NA,NA,0.0,0,-27.56,-21.26,[],0,0,[],[]
13612310,13614620,NA,NOF,0.0,376,AIOCF,NA,NA,NA,NA,0.0,0,-38.67,-22.56,[],0,0,[],[]
13614620,13615500,NA,OLN,0.0,376,AIOCF,NA,NA,NA,NA,0.0,0,-30.45,-21.33,[],0,0,[],[]
13615500,13617670,OCH,CXN,0.0,376,AIOCF,RC,0,NT,FI,0.0,0,-33.72,-24.39,[],0,0,[],[]
13617670,13620170,NA,NOF,0.0,376,AIOCF,NA,NA,NA,NA,0.0,0,-42.84,-31.46,[],0,0,[],[]
13620170,13621710,MAL,MAN,4.28,376,AIOCF,RC,0,NT,FI,0.0,0,-32.03,-25.68,[],0,0,[],[]
13621710,13622830,NA,NOF,0.0,376,AIOCF,NA,NA,NA,NA,0.0,0,-37.84,-28.2,[],0,0,[],[]
13622830,13625510,OCH,CXN,0.0,376,AIOCF,RC,0,NT,FI,0.0,0,-35.73,-23.92,[],0,0,[],[]
13625510,13627430,MAL,MAN,13.4,376,AIOCF,EC,0,NT,FI,0.0,0,-26.66,-15.38,[],0,0,[],[]
13627430,13628230,NA,SIL,0.0,377,pause,NA,NA,NA,NA,0.0,0,-45.21,-36.71,[],0,0,[],[]
13628230,13630230,NA,NOF,0.0,377,pause,NA,NA,NA,NA,0.0,0,-45.23,-30.87,[],0,0,[],[]
13630230,13631570,NA,OLN,0.0,377,pause,NA,NA,NA,NA,0.0,0,-29.73,-14.47,[],0,0,[],[]
13631570,13633200,NA,SIL,0.0,377,pause,NA,NA,NA,NA,0.0,0,-48.13,-36.91,[],0,0,[],[]
13633200,13634000,NA,CXF,0.0,377,pause,NA,NA,NA,NA,0.0,0,-40.43,-28.58,[],0,0,[],[]
13634000,13635020,NA,NOF,0.0,377,pause,NA,NA,NA,NA,0.0,0,-45.55,-33.44,[],0,0,[],[]
13635020,13636280,MAL,MAN,8.76,377,AIOCCXM,BC,0,NT,FI,0.0,0,-26.02,-15.24,[],0,0,[],[]
13636280,13637080,NA,OLN,0.0,377,AIOCCXM,NA,NA,NA,NA,0.0,0,-16.77,-3.24,[],0,0,[],[]
13637080,13638040,OCH,CXN,0.0,377,AIOCCXM,RC,0,NT,FI,0.0,0,-31.09,-22.02,[],0,0,[],[]
13638040,13639060,NA,OLN,0.0,377,AIOCCXM,NA,NA,NA,NA,0.0,0,-22.52,-6.05,[],0,0,[],[]
13639060,13640100,NA,NON,0.0,377,AIOCCXM,NA,NA,NA,NA,0.0,0,-29.35,-19.2,[],0,0,[],[]
13640100,13641100,OCH,CXN,0.0,377,AIOCCXM,RC,0,NT,FH,0.0,0,-27.19,-21.11,[],0,0,[],[]
13641100,13641910,NA,NOF,0.0,377,AIOCCXM,NA,NA,NA,NA,0.0,0,-44.52,-31.61,[],0,0,[],[]
13641910,13643570,NA,OLN,0.0,377,AIOCCXM,NA,NA,NA,NA,0.0,0,-27.99,-17.34,[],0,0,[],[]
13643570,13644660,OCH,CXN,0.0,377,AIOCCXM,RC,0,NT,FH,0.0,0,-26.48,-18.7,[],0,0,[],[]
13644660,13645550,OCH,CXN,0.0,377,AIOCCXM,RC,0,NT,FH,0.0,0,-38.68,-30.33,[],0,0,[],[]
13645550,13646350,NA,OLN,0.0,377,AIOCCXM,NA,NA,NA,NA,0.0,0,-32.11,-24.42,[],0,0,[],[]
13646350,13647810,NA,CXF,0.0,377,AIOCCXM,NA,NA,NA,NA,0.0,0,-43.18,-35.41,[],0,0,[],[]
13647810,13648700,NA,OLN,0.0,377,AIOCCXM,NA,NA,NA,NA,0.0,0,-30.92,-21.28,[],0,0,[],[]
13648700,13650010,FEM,FAN,2.13,377,AIOCCXM,RC,0,NT,FI,0.0,0,-34.26,-26.58,[],0,0,[],[]
13650010,13651150,NA,OLN,0.0,377,AIOCCXM,NA,NA,NA,NA,0.0,0,-32.87,-21.11,[],0,0,[],[]
13651150,13651950,OCH,CXN,0.0,377,AIOCCXM,RC,0,NT,FI,0.0,0,-32.46,-25.03,[],0,0,[],[]
13651950,13652820,NA,NOF,0.0,377,AIOCCXM,NA,NA,NA,NA,0.0,0,-44.14,-35.18,[],0,0,[],[]
13652820,13653420,CHI,CHN,0.0,377,AIOCCXM,RC,0,NT,FI,1.0,600,-19.17,-12.76,"[{'Canonical-syllable': '1', 'Growl': '0', 'High-freq-energy': '0', 'Long-island': '0', 'Low-tilt-spectrum': '0', 'Medium-island': '1', 'Short-island': '0', 'Squeal': '0', 'Typical-entropy': '1', 'Voicing-quality': '1', 'Wide-band': '0', 'Xlong-island': '0', 'seq': '1', 'end': 13653.42, 'start': 13652.82}]",0,0,[],[]
13653420,13654220,NA,OLN,0.0,377,AIOCCXM,NA,NA,NA,NA,0.0,0,-20.93,-12.38,[],0,0,[],[]
13654220,13655020,OCH,CXN,0.0,377,AIOCCXM,RC,0,NT,FI,0.0,0,-33.75,-25.13,[],0,0,[],[]
13655020,13656200,FEM,FAN,9.85,377,AIOCCXM,RC,0,NT,FI,0.0,0,-25.12,-15.89,[],0,0,[],[]
13656200,13657240,MAL,MAN,5.92,377,AIOCCXM,RC,0,NT,FI,0.0,0,-25.25,-16.52,[],0,0,[],[]
13657240,13658140,NA,NOF,0.0,377,AIOCCXM,NA,NA,NA,NA,0.0,0,-38.27,-29.6,[],0,0,[],[]
13658140,13659270,NA,OLN,0.0,377,AIOCCXM,NA,NA,NA,NA,0.0,0,-19.12,-8.96,[],0,0,[],[]
13659270,13660890,OCH,CXN,0.0,377,AIOCCXM,RC,0,NT,FI,0.0,0,-26.21,-10.93,[],0,0,[],[]
13660890,13661520,CHI,CHN,0.0,377,AIOCCXM,NA,NA,NA,NA,0.0,0,-26.15,-13.87,[],0,630,[],"[{'start': 13660.89, 'end': 13661.52}]"
13661520,13662320,NA,NOF,0.0,377,AIOCCXM,NA,NA,NA,NA,0.0,0,-38.4,-26.84,[],0,0,[],[]
13662320,13663330,FEM,FAN,3.48,377,AIOCCXM,RC,0,NT,FI,0.0,0,-21.59,-10.01,[],0,0,[],[]
13663330,13664380,NA,OLF,0.0,377,AIOCCXM,NA,NA,NA,NA,0.0,0,-36.83,-22.11,[],0,0,[],[]
13664380,13665380,FEM,FAN,6.11,377,AIOCCXM,EC,0,NT,FH,0.0,0,-20.95,-7.63,[],0,0,[],[]
13665380,13666420,NA,NOF,0.0,378,pause,NA,NA,NA,NA,0.0,0,-47.9,-38.91,[],0,0,[],[]
13666420,13667450,NA,SIL,0.0,378,pause,NA,NA,NA,NA,0.0,0,-48.42,-42.43,[],0,0,[],[]
13667450,13669400,NA,NOF,0.0,378,pause,NA,NA,NA,NA,0.0,0,-35.04,-21.97,[],0,0,[],[]
13669400,13670620,NA,OLN,0.0,378,pause,NA,NA,NA,NA,0.0,0,-32.96,-23.0,[],0,0,[],[]
13670620,13672260,OCH,CXN,0.0,378,XIOCC,BC,0,NT,FI,0.0,0,-30.01,-22.31,[],0,0,[],[]
13672260,13673620,NA,OLN,0.0,378,XIOCC,NA,NA,NA,NA,0.0,0,-31.45,-17.83,[],0,0,[],[]
13673620,13674620,CHI,CHN,0.0,378,XIOCC,RC,0,NT,FI,1.0,1000,-17.02,-8.18,"[{'Canonical-syllable': '0', 'Growl': '0', 'High-freq-energy': '0', 'Long-island': '1', 'Low-tilt-spectrum': '1', 'Medium-island': '0', 'Short-island': '0', 'Squeal': '0', 'Typical-entropy': '1', 'Voicing-quality': '1', 'Wide-band': '0', 'Xlong-island': '0', 'seq': '1', 'end': 13674.62, 'start': 13673.89}]",0,0,[],[]
13674620,13675420,NA,OLN,0.0,378,XIOCC,NA,NA,NA,NA,0.0,0,-24.86,-14.62,[],0,0,[],[]
13675420,13676420,CHI,CHN,0.0,378,XIOCC,NA,NA,NA,NA,0.0,0,-19.66,-12.02,[],0,1000,[],"[{'start': 13675.42, 'end': 13676.42}]"
13676420,13677920,CHI,CHN,0.0,378,XIOCC,EC,0,NT,FH,1.0,1500,-19.57,-9.72,"[{'Canonical-syllable': '0', 'Growl': '0', 'High-freq-energy': '0', 'Long-island': '1', 'Low-tilt-spectrum': '1', 'Medium-island': '0', 'Short-island': '1', 'Squeal': '1', 'Typical-entropy': '2', 'Voicing-quality': '2', 'Wide-band': '0', 'Xlong-island': '0', 'seq': '1', 'end': 13677.92, 'start': 13676.42}]",0,0,[],[]
13677920,13678720,NA,CXF,0.0,379,pause,NA,NA,NA,NA,0.0,0,-37.22,-28.81,[],0,0,[],[]
13678720,13679520,NA,OLF,0.0,379,pause,NA,NA,NA,NA,0.0,0,-32.12,-15.43,[],0,0,[],[]
13679520,13680970,NA,NOF,0.0,379,pause,NA,NA,NA,NA,0.0,0,-44.69,-34.27,[],0,0,[],[]
13680970,13681980,NA,FAF,0.0,379,pause,NA,NA,NA,NA,0.0,0,-36.94,-25.09,[],0,0,[],[]
13681980,13683580,NA,NOF,0.0,379,pause,NA,NA,NA,NA,0.0,0,-42.29,-30.74,[],0,0,[],[]
13683580,13684460,NA,OLN,0.0,379,pause,NA,NA,NA,NA,0.0,0,-27.27,-20.41,[],0,0,[],[]
13684460,13685520,NA,NON,0.0,379,pause,NA,NA,NA,NA,0.0,0,-32.62,-20.2,[],0,0,[],[]
13685520,13686930,NA,OLN,0.0,379,pause,NA,NA,NA,NA,0.0,0,-20.48,-9.0,[],0,0,[],[]
13686930,13687530,CHI,CHN,0.0,379,pause,NA,NA,NA,NA,0.0,0,-15.78,-4.63,[],0,450,"[{'start': 13686.93, 'end': 13687.38}]",[]
13687530,13689550,NA,OLN,0.0,379,pause,NA,NA,NA,NA,0.0,0,-20.31,-9.11,[],0,0,[],[]
13689550,13690370,OCH,CXN,0.0,379,XIC,BC,0,NT,FI,0.0,0,-29.85,-23.19,[],0,0,[],[]
13690370,13691200,NA,OLN,0.0,379,XIC,NA,NA,NA,NA,0.0,0,-33.29,-20.56,[],0,0,[],[]
13691200,13692370,NA,OLF,0.0,379,XIC,NA,NA,NA,NA,0.0,0,-32.21,-19.18,[],0,0,[],[]
13692370,13693220,NA,NOF,0.0,379,XIC,NA,NA,NA,NA,0.0,0,-44.88,-40.97,[],0,0,[],[]
13693220,13694020,NA,OLN,0.0,379,XIC,NA,NA,NA,NA,0.0,0,-26.26,-15.85,[],0,0,[],[]
13694020,13694740,CHI,CHN,0.0,379,XIC,RC,0,TIFI,FI,1.0,720,-21.18,-12.28,"[{'Canonical-syllable': '0', 'Growl': '1', 'High-freq-energy': '1', 'Long-island': '0', 'Low-tilt-spectrum': '1', 'Medium-island': '1', 'Short-island': '0', 'Squeal': '0', 'Typical-entropy': '1', 'Voicing-quality': '1', 'Wide-band': '0', 'Xlong-island': '0', 'seq': '1', 'end': 13694.74, 'start': 13694.02}]",0,0,[],[]
13694740,13695590,NA,OLF,0.0,379,XIC,NA,NA,NA,NA,0.0,0,-27.31,-15.44,[],0,0,[],[]
13695590,13696730,FEM,FAN,3.25,379,XIC,RC,1,TIFR,FI,0.0,0,-23.61,-11.95,[],0,0,[],[]
13696730,13698790,NA,OLN,0.0,379,XIC,NA,NA,NA,NA,0.0,0,-25.55,-8.52,[],0,0,[],[]
13698790,13700280,FEM,FAN,0.02,379,XIC,RC,1,NT,FH,0.0,0,-21.09,-5.12,[],0,0,[],[]
13700280,13701090,NA,NOF,0.0,379,XIC,NA,NA,NA,NA,0.0,0,-39.64,-30.92,[],0,0,[],[]
13701090,13703420,OCH,CXN,0.0,379,XIC,RC,1,NT,FI,0.0,0,-26.61,-16.47,[],0,0,[],[]
13703420,13704470,NA,NOF,0.0,379,XIC,NA,NA,NA,NA,0.0,0,-39.51,-22.78,[],0,0,[],[]
13704470,13705470,CHI,CHN,0.0,379,XIC,NA,NA,NA,NA,0.0,0,-28.19,-17.75,[],0,90,"[{'start': 13705.28, 'end': 13705.37}]",[]
13705470,13706270,OCH,CXN,0.0,379,XIC,RC,1,NT,FH,0.0,0,-26.97,-17.37,[],0,0,[],[]
13706270,13707270,FEM,FAN,4.47,379,XIC,RC,1,TIFI,FI,0.0,0,-18.89,-8.96,[],0,0,[],[]
13707270,13708180,NA,OLN,0.0,379,XIC,NA,NA,NA,NA,0.0,0,-15.79,-7.67,[],0,0,[],[]
13708180,13709380,CHI,CHN,0.0,379,XIC,RC,2,TIFR,FI,1.0,720,-16.88,-6.18,"[{'Canonical-syllable': '1', 'Growl': '0', 'High-freq-energy': '0', 'Long-island': '0', 'Low-tilt-spectrum': '0', 'Medium-island': '1', 'Short-island': '1', 'Squeal': '0', 'Typical-entropy': '1', 'Voicing-quality': '2', 'Wide-band': '0', 'Xlong-island': '0', 'seq': '1', 'end': 13709.38, 'start': 13708.66}]",0,0,[],[]
13709380,13710180,NA,OLN,0.0,379,XIC,NA,NA,NA,NA,0.0,0,-17.5,-6.28,[],0,0,[],[]
13710180,13710900,CHI,CHN,0.0,379,XIC,RC,2,NT,FH,1.0,720,-15.95,-5.6,"[{'Canonical-syllable': '0', 'Growl': '0', 'High-freq-energy': '0', 'Long-island': '1', 'Low-tilt-spectrum': '0', 'Medium-island': '0', 'Short-island': '0', 'Squeal': '0', 'Typical-entropy': '0', 'Voicing-quality': '1', 'Wide-band': '0', 'Xlong-island': '0', 'seq': '1', 'end': 13710.9, 'start': 13710.18}]",0,0,[],[]
13710900,13712880,MAL,MAN,9.08,379,XIC,RC,2,TIME,FI,0.0,0,-20.32,-11.05,[],0,0,[],[]
13712880,13714000,NA,OLN,0.0,379,XIC,NA,NA,NA,NA,0.0,0,-30.32,-18.58,[],0,0,[],[]
13714000,13715770,OCH,CXN,0.0,379,XIC,RC,2,NT,FI,0.0,0,-28.26,-9.78,[],0,0,[],[]
13715770,13717600,FEM,FAN,4.37,379,XIC,RC,2,NT,FI,0.0,0,-17.31,-8.1,[],0,0,[],[]
13717600,13718400,NA,OLN,0.0,379,XIC,NA,NA,NA,NA,0.0,0,-21.3,-10.8,[],0,0,[],[]
13718400,13719400,MAL,MAN,13.47,379,XIC,RC,2,NT,FI,0.0,0,-20.84,-12.64,[],0,0,[],[]
13719400,13720230,NA,OLN,0.0,379,XIC,NA,NA,NA,NA,0.0,0,-26.5,-17.67,[],0,0,[],[]
13720230,13721030,OCH,CXN,0.0,379,XIC,RC,2,NT,FI,0.0,0,-32.59,-22.01,[],0,0,[],[]
13721030,13721840,NA,OLF,0.0,379,XIC,NA,NA,NA,NA,0.0,0,-35.98,-26.49,[],0,0,[],[]
13721840,13722840,OCH,CXN,0.0,379,XIC,RC,2,NT,FH,0.0,0,-21.01,-11.29,[],0,0,[],[]
13722840,13723570,CHI,CHN,0.0,379,XIC,RC,2,NT,FI,1.0,730,-16.69,-12.02,"[{'Canonical-syllable': '0', 'Growl': '0', 'High-freq-energy': '0', 'Long-island': '1', 'Low-tilt-spectrum': '0', 'Medium-island': '0', 'Short-island': '0', 'Squeal': '0', 'Typical-entropy': '1', 'Voicing-quality': '1', 'Wide-band': '0', 'Xlong-island': '0', 'seq': '1', 'end': 13723.57, 'start': 13722.84}]",0,0,[],[]
13723570,13725750,OCH,CXN,0.0,379,XIC,RC,2,NT,FI,0.0,0,-23.47,-15.6,[],0,0,[],[]
13725750,13726660,FEM,FAN,0.0,379,XIC,NA,NA,NA,NA,0.0,0,-30.75,-20.95,[],910,0,[],[]
13726660,13727670,FEM,FAN,7.57,379,XIC,RC,2,NT,FI,0.0,0,-28.74,-18.53,[],0,0,[],[]
13727670,13728680,MAL,MAN,6.24,379,XIC,RC,2,NT,FI,0.0,0,-26.93,-19.53,[],0,0,[],[]
13728680,13729520,NA,OLN,0.0,379,XIC,NA,NA,NA,NA,0.0,0,-28.63,-21.3,[],0,0,[],[]
13729520,13730520,MAL,MAN,5.79,379,XIC,RC,2,NT,FH,0.0,0,-37.55,-27.63,[],0,0,[],[]
13730520,13731690,FEM,FAN,4.02,379,XIC,RC,2,NT,FI,0.0,0,-26.85,-15.05,[],0,0,[],[]
13731690,13732540,OCH,CXN,0.0,379,XIC,RC,2,NT,FI,0.0,0,-24.47,-14.16,[],0,0,[],[]
13732540,13733150,NA,CHF,0.0,379,XIC,RC,2,NT,FI,1.0,480,-38.44,-23.07,"[{'Canonical-syllable': '0', 'Growl': '1', 'High-freq-energy': '0', 'Long-island': '0', 'Low-tilt-spectrum': '1', 'Medium-island': '1', 'Short-island': '0', 'Squeal': '0', 'Typical-entropy': '0', 'Voicing-quality': '0', 'Wide-band': '0', 'Xlong-island': '0', 'seq': '1', 'end': 13733.02, 'start': 13732.54}]",0,0,[],[]
13733150,13735660,OCH,CXN,0.0,379,XIC,RC,2,NT,FI,0.0,0,-26.65,-15.66,[],0,0,[],[]
13735660,13736760,OCH,CXN,0.0,379,XIC,RC,2,NT,FH,0.0,0,-30.17,-17.03,[],0,0,[],[]
13736760,13738860,NA,OLN,0.0,379,XIC,NA,NA,NA,NA,0.0,0,-21.92,-5.37,[],0,0,[],[]
13738860,13739750,CHI,CHN,0.0,379,XIC,RC,2,NT,FI,1.0,230,-22.17,-7.48,"[{'Canonical-syllable': '0', 'Growl': '0', 'High-freq-energy': '1', 'Long-island': '0', 'Low-tilt-spectrum': '1', 'Medium-island': '0', 'Short-island': '1', 'Squeal': '0', 'Typical-entropy': '1', 'Voicing-quality': '0', 'Wide-band': '0', 'Xlong-island': '0', 'seq': '1', 'end': 13739.75, 'start': 13739.52}]",0,0,[],[]
13739750,13740550,NA,OLN,0.0,379,XIC,NA,NA,NA,NA,0.0,0,-20.0,-11.78,[],0,0,[],[]
13740550,13741350,OCH,CXN,0.0,379,XIC,RC,2,NT,FI,0.0,0,-24.86,-12.26,[],0,0,[],[]
13741350,13742350,CHI,CHN,0.0,379,XIC,RC,2,NT,FI,1.0,1000,-19.06,-11.2,"[{'Canonical-syllable': '0', 'Growl': '1', 'High-freq-energy': '0', 'Long-island': '0', 'Low-tilt-spectrum': '0', 'Medium-island': '2', 'Short-island': '0', 'Squeal': '0', 'Typical-entropy': '1', 'Voicing-quality': '3', 'Wide-band': '0', 'Xlong-island': '0', 'seq': '1', 'end': 13742.35, 'start': 13741.35}]",0,0,[],[]
13742350,13743970,NA,OLN,0.0,379,XIC,NA,NA,NA,NA,0.0,0,-33.24,-24.33,[],0,0,[],[]
13743970,13744770,NA,NOF,0.0,379,XIC,NA,NA,NA,NA,0.0,0,-34.71,-26.33,[],0,0,[],[]
13744770,13745780,NA,OLN,0.0,379,XIC,NA,NA,NA,NA,0.0,0,-24.91,-13.36,[],0,0,[],[]
13745780,13746580,OCH,CXN,0.0,379,XIC,RC,2,NT,FI,0.0,0,-21.23,-11.79,[],0,0,[],[]
13746580,13748280,OCH,CXN,0.0,379,XIC,RC,2,NT,FH,0.0,0,-25.39,-18.92,[],0,0,[],[]
13748280,13748890,FEM,FAN,4.13,379,XIC,RC,2,NT,FI,0.0,0,-29.21,-20.78,[],0,0,[],[]
13748890,13749990,OCH,CXN,0.0,379,XIC,RC,2,NT,FI,0.0,0,-23.42,-16.78,[],0,0,[],[]
13749990,13751310,NA,OLN,0.0,379,XIC,NA,NA,NA,NA,0.0,0,-21.0,-12.57,[],0,0,[],[]
13751310,13752680,OCH,CXN,0.0,379,XIC,RC,2,NT,FH,0.0,0,-25.35,-13.25,[],0,0,[],[]
13752680,13753730,OCH,CXN,0.0,379,XIC,RC,2,NT,FH,0.0,0,-28.95,-20.26,[],0,0,[],[]
13753730,13755270,NA,OLF,0.0,379,XIC,NA,NA,NA,NA,0.0,0,-32.82,-19.08,[],0,0,[],[]
13755270,13756410,OCH,CXN,0.0,379,XIC,RC,2,NT,FH,0.0,0,-39.29,-30.5,[],0,0,[],[]
13756410,13757800,MAL,MAN,9.28,379,XIC,RC,2,NT,FI,0.0,0,-24.8,-12.8,[],0,0,[],[]
13757800,13759480,OCH,CXN,0.0,379,XIC,RC,2,NT,FI,0.0,0,-33.88,-20.22,[],0,0,[],[]
13759480,13760280,NA,OLF,0.0,379,XIC,NA,NA,NA,NA,0.0,0,-39.22,-31.33,[],0,0,[],[]
13760280,13761310,CHI,CHN,0.0,379,XIC,RC,2,TIMI,FI,2.0,710,-22.01,-12.13,"[{'Canonical-syllable': '1', 'Growl': '0', 'High-freq-energy': '0', 'Long-island': '0', 'Low-tilt-spectrum': '0', 'Medium-island': '1', 'Short-island': '0', 'Squeal': '0', 'Typical-entropy': '1', 'Voicing-quality': '1', 'Wide-band': '0', 'Xlong-island': '0', 'seq': '1', 'end': 13760.71, 'start': 13760.43}, {'Canonical-syllable': '0', 'Growl': '0', 'High-freq-energy': '0', 'Long-island': '0', 'Low-tilt-spectrum': '0', 'Medium-island': '0', 'Short-island': '1', 'Squeal': '0', 'Typical-entropy': '1', 'Voicing-quality': '1', 'Wide-band': '0', 'Xlong-island': '0', 'seq': '2', 'end': 13761.31, 'start': 13761.03}]",0,0,[],[]
13761310,13762400,NA,OLN,0.0,379,XIC,NA,NA,NA,NA,0.0,0,-35.62,-25.45,[],0,0,[],[]
13762400,13763870,NA,NOF,0.0,379,XIC,NA,NA,NA,NA,0.0,0,-38.6,-28.72,[],0,0,[],[]
13763870,13765850,NA,OLF,0.0,379,XIC,NA,NA,NA,NA,0.0,0,-35.5,-25.51,[],0,0,[],[]
13765850,13766850,MAL,MAN,4.85,379,XIC,EC,3,TIMR,FI,0.0,0,-28.4,-16.9,[],0,0,[],[]
13766850,13768050,NA,NOF,0.0,380,pause,NA,NA,NA,NA,0.0,0,-37.05,-24.55,[],0,0,[],[]
13768050,13769610,NA,OLN,0.0,380,pause,NA,NA,NA,NA,0.0,0,-37.87,-28.87,[],0,0,[],[]
13769610,13773220,NA,NOF,0.0,380,pause,NA,NA,NA,NA,0.0,0,-22.93,-5.18,[],0,0,[],[]
13773220,13773820,CHI,CHN,0.0,380,pause,NA,NA,NA,NA,0.0,0,-32.9,-22.91,[],0,150,[],"[{'start': 13773.58, 'end': 13773.73}]"
13773820,13775340,NA,NOF,0.0,380,pause,NA,NA,NA,NA,0.0,0,-40.66,-29.68,[],0,0,[],[]
13775340,13776390,OCH,CXN,0.0,380,XIC,BC,0,NT,FI,0.0,0,-27.91,-20.17,[],0,0,[],[]
13776390,13777190,NA,OLF,0.0,380,XIC,NA,NA,NA,NA,0.0,0,-35.01,-22.42,[],0,0,[],[]
13777190,13778560,NA,NOF,0.0,380,XIC,NA,NA,NA,NA,0.0,0,-33.59,-21.16,[],0,0,[],[]
13778560,13779360,OCH,CXN,0.0,380,XIC,RC,0,NT,FH,0.0,0,-28.12,-15.91,[],0,0,[],[]
13779360,13780190,CHI,CHN,0.0,380,XIC,NA,NA,NA,NA,0.0,0,-17.78,-5.66,[],0,510,"[{'start': 13779.68, 'end': 13780.19}]",[]
13780190,13781230,CHI,CHN,0.0,380,XIC,RC,0,NT,FI,1.0,730,-18.98,-12.55,"[{'Canonical-syllable': '0', 'Growl': '0', 'High-freq-energy': '0', 'Long-island': '1', 'Low-tilt-spectrum': '0', 'Medium-island': '0', 'Short-island': '0', 'Squeal': '0', 'Typical-entropy': '0', 'Voicing-quality': '1', 'Wide-band': '0', 'Xlong-island': '0', 'seq': '1', 'end': 13780.92, 'start': 13780.19}]",0,0,[],[]
13781230,13782060,OCH,CXN,0.0,380,XIC,RC,0,NT,FI,0.0,0,-33.21,-26.67,[],0,0,[],[]
13782060,13783010,NA,NON,0.0,380,XIC,NA,NA,NA,NA,0.0,0,-35.92,-27.44,[],0,0,[],[]
13783010,13783950,OCH,CXN,0.0,380,XIC,RC,0,NT,FH,0.0,0,-28.28,-21.87,[],0,0,[],[]
13783950,13784970,CHI,CHN,0.0,380,XIC,RC,0,NT,FI,1.0,520,-31.85,-22.84,"[{'Canonical-syllable': '0', 'Growl': '0', 'High-freq-energy': '0', 'Long-island': '0', 'Low-tilt-spectrum': '0', 'Medium-island': '1', 'Short-island': '0', 'Squeal': '0', 'Typical-entropy': '1', 'Voicing-quality': '1', 'Wide-band': '0', 'Xlong-island': '0', 'seq': '1', 'end': 13784.97, 'start': 13784.45}]",0,0,[],[]
13784970,13785820,OCH,CXN,0.0,380,XIC,RC,0,NT,FI,0.0,0,-26.42,-19.21,[],0,0,[],[]
13785820,13786820,OCH,CXN,0.0,380,XIC,RC,0,NT,FH,0.0,0,-26.14,-17.11,[],0,0,[],[]
13786820,13788490,OCH,CXN,0.0,380,XIC,RC,0,NT,FH,0.0,0,-40.9,-29.32,[],0,0,[],[]
13788490,13789570,CHI,CHN,0.0,380,XIC,RC,0,TIFI,FI,1.0,950,-22.38,-12.76,"[{'Canonical-syllable': '0', 'Growl': '1', 'High-freq-energy': '0', 'Long-island': '0', 'Low-tilt-spectrum': '2', 'Medium-island': '1', 'Short-island': '1', 'Squeal': '0', 'Typical-entropy': '2', 'Voicing-quality': '3', 'Wide-band': '0', 'Xlong-island': '0', 'seq': '1', 'end': 13789.44, 'start': 13788.66}]",0,0,[],[]
13789570,13790170,FEM,FAN,4.0,380,XIC,RC,1,TIFR,FI,0.0,0,-24.51,-18.48,[],0,0,[],[]
13790170,13790970,NA,OLN,0.0,380,XIC,NA,NA,NA,NA,0.0,0,-29.6,-21.67,[],0,0,[],[]
13790970,13792110,NA,OLF,0.0,380,XIC,NA,NA,NA,NA,0.0,0,-41.12,-33.91,[],0,0,[],[]
13792110,13793910,OCH,CXN,0.0,380,XIC,RC,1,NT,FI,0.0,0,-21.84,-9.17,[],0,0,[],[]
13793910,13794510,OCH,CXN,0.0,380,XIC,RC,1,NT,FH,0.0,0,-24.87,-20.4,[],0,0,[],[]
13794510,13795310,NA,OLN,0.0,380,XIC,NA,NA,NA,NA,0.0,0,-23.7,-17.19,[],0,0,[],[]
13795310,13795940,OCH,CXN,0.0,380,XIC,RC,1,NT,FH,0.0,0,-25.79,-18.89,[],0,0,[],[]
13795940,13797140,NA,OLN,0.0,380,XIC,NA,NA,NA,NA,0.0,0,-30.25,-16.49,[],0,0,[],[]
13797140,13798030,OCH,CXN,0.0,380,XIC,RC,1,NT,FH,0.0,0,-27.38,-19.59,[],0,0,[],[]
13798030,13799030,OCH,CXN,0.0,380,XIC,RC,1,NT,FH,0.0,0,-22.26,-16.07,[],0,0,[],[]
13799030,13799670,CHI,CHN,0.0,380,XIC,RC,1,NT,FI,1.0,330,-17.08,-9.35,"[{'Canonical-syllable': '1', 'Growl': '0', 'High-freq-energy': '0', 'Long-island': '0', 'Low-tilt-spectrum': '1', 'Medium-island': '1', 'Short-island': '0', 'Squeal': '0', 'Typical-entropy': '1', 'Voicing-quality': '1', 'Wide-band': '0', 'Xlong-island': '0', 'seq': '1', 'end': 13799.36, 'start': 13799.03}]",0,0,[],[]
13799670,13800810,NA,NOF,0.0,380,XIC,NA,NA,NA,NA,0.0,0,-38.21,-22.87,[],0,0,[],[]
13800810,13801960,NA,OLN,0.0,380,XIC,NA,NA,NA,NA,0.0,0,-26.69,-15.44,[],0,0,[],[]
13801960,13802850,NA,NOF,0.0,380,XIC,NA,NA,NA,NA,0.0,0,-18.0,-5.29,[],0,0,[],[]
13802850,13803850,OCH,CXN,0.0,380,XIC,RC,1,NT,FI,0.0,0,-26.17,-16.45,[],0,0,[],[]
13803850,13805110,NA,NOF,0.0,380,XIC,NA,NA,NA,NA,0.0,0,-39.04,-21.47,[],0,0,[],[]
13805110,13805970,OCH,CXN,0.0,380,XIC,RC,1,NT,FH,0.0,0,-31.1,-26.25,[],0,0,[],[]
13805970,13807880,NA,NOF,0.0,380,XIC,NA,NA,NA,NA,0.0,0,-33.76,-18.12,[],0,0,[],[]
13807880,13809150,CHI,CHN,0.0,380,XIC,NA,NA,NA,NA,0.0,0,-28.1,-17.1,[],0,190,"[{'start': 13808.96, 'end': 13809.15}]",[]
13809150,13810070,OCH,CXN,0.0,380,XIC,RC,1,NT,FH,0.0,0,-27.04,-14.54,[],0,0,[],[]
13810070,13811500,CHI,CHN,0.0,380,XIC,RC,1,NT,FI,1.0,1250,-27.35,-16.89,"[{'Canonical-syllable': '0', 'Growl': '2', 'High-freq-energy': '2', 'Long-island': '0', 'Low-tilt-spectrum': '3', 'Medium-island': '2', 'Short-island': '1', 'Squeal': '1', 'Typical-entropy': '3', 'Voicing-quality': '1', 'Wide-band': '0', 'Xlong-island': '0', 'seq': '1', 'end': 13811.32, 'start': 13810.07}]",0,0,[],[]
13811500,13812330,NA,OLN,0.0,380,XIC,NA,NA,NA,NA,0.0,0,-26.67,-17.62,[],0,0,[],[]
13812330,13813520,CHI,CHN,0.0,380,XIC,NA,NA,NA,NA,0.0,0,-19.03,-6.35,[],0,290,"[{'start': 13813.15, 'end': 13813.44}]",[]
13813520,13814440,NA,OLN,0.0,380,XIC,NA,NA,NA,NA,0.0,0,-35.87,-25.26,[],0,0,[],[]
13814440,13815520,NA,NOF,0.0,380,XIC,NA,NA,NA,NA,0.0,0,-48.32,-41.26,[],0,0,[],[]
13815520,13816120,OCH,CXN,0.0,380,XIC,EC,1,NT,FI,0.0,0,-28.3,-21.56,[],0,0,[],[]
13816120,13816970,NA,NOF,0.0,381,pause,NA,NA,NA,NA,0.0,0,-43.21,-35.06,[],0,0,[],[]
13816970,13818170,NA,SIL,0.0,381,pause,NA,NA,NA,NA,0.0,0,-52.54,-46.25,[],0,0,[],[]
13818170,13819570,NA,NOF,0.0,381,pause,NA,NA,NA,NA,0.0,0,-37.79,-21.22,[],0,0,[],[]
13819570,13820490,NA,OLN,0.0,381,pause,NA,NA,NA,NA,0.0,0,-22.38,-9.32,[],0,0,[],[]
13820490,13821860,NA,NOF,0.0,381,pause,NA,NA,NA,NA,0.0,0,-44.71,-31.48,[],0,0,[],[]
13821860,13822580,CHI,CHN,0.0,381,pause,NA,NA,NA,NA,0.0,0,-34.6,-28.27,[],0,640,[],"[{'start': 13821.86, 'end': 13822.5}]"
13822580,13823430,NA,OLN,0.0,381,pause,NA,NA,NA,NA,0.0,0,-39.71,-33.56,[],0,0,[],[]
13823430,13824230,NA,NOF,0.0,381,pause,NA,NA,NA,NA,0.0,0,-41.93,-33.92,[],0,0,[],[]
13824230,13825030,NA,SIL,0.0,381,pause,NA,NA,NA,NA,0.0,0,-53.17,-45.47,[],0,0,[],[]
13825030,13825830,OCH,CXN,0.0,381,XIOCC,BC,0,NT,FI,0.0,0,-33.78,-23.94,[],0,0,[],[]
13825830,13827770,NA,NOF,0.0,381,XIOCC,NA,NA,NA,NA,0.0,0,-36.04,-19.39,[],0,0,[],[]
13827770,13828570,OCH,CXN,0.0,381,XIOCC,RC,0,NT,FH,0.0,0,-33.04,-27.71,[],0,0,[],[]
13828570,13829510,NA,NOF,0.0,381,XIOCC,NA,NA,NA,NA,0.0,0,-45.64,-38.28,[],0,0,[],[]
13829510,13830310,OCH,CXN,0.0,381,XIOCC,RC,0,NT,FH,0.0,0,-26.69,-18.21,[],0,0,[],[]
13830310,13832510,NA,NOF,0.0,381,XIOCC,NA,NA,NA,NA,0.0,0,-48.67,-39.47,[],0,0,[],[]
13832510,13833110,OCH,CXN,0.0,381,XIOCC,RC,0,NT,FH,0.0,0,-32.92,-23.84,[],0,0,[],[]
13833110,13834270,NA,NOF,0.0,381,XIOCC,NA,NA,NA,NA,0.0,0,-43.52,-37.26,[],0,0,[],[]
13834270,13835070,OCH,CXN,0.0,381,XIOCC,RC,0,NT,FH,0.0,0,-39.37,-34.01,[],0,0,[],[]
13835070,13836250,NA,NOF,0.0,381,XIOCC,NA,NA,NA,NA,0.0,0,-34.38,-23.86,[],0,0,[],[]
13836250,13837960,NA,OLN,0.0,381,XIOCC,NA,NA,NA,NA,0.0,0,-35.06,-27.83,[],0,0,[],[]
13837960,13841250,OCH,CXN,0.0,381,XIOCC,RC,0,NT,FH,0.0,0,-36.93,-19.33,[],0,0,[],[]
13841250,13842270,OCH,CXN,0.0,381,XIOCC,RC,0,NT,FH,0.0,0,-26.05,-20.83,[],0,0,[],[]
13842270,13842870,OCH,CXN,0.0,381,XIOCC,RC,0,NT,FH,0.0,0,-34.03,-26.53,[],0,0,[],[]
13842870,13843840,OCH,CXN,0.0,381,XIOCC,RC,0,NT,FH,0.0,0,-41.93,-28.07,[],0,0,[],[]
13843840,13844730,NA,SIL,0.0,381,XIOCC,NA,NA,NA,NA,0.0,0,-53.15,-47.09,[],0,0,[],[]
13844730,13845360,NA,CHF,0.0,381,XIOCC,EC,0,NT,FI,1.0,630,-41.94,-36.14,"[{'Canonical-syllable': '0', 'Growl': '1', 'High-freq-energy': '0', 'Long-island': '0', 'Low-tilt-spectrum': '1', 'Medium-island': '1', 'Short-island': '0', 'Squeal': '0', 'Typical-entropy': '0', 'Voicing-quality': '1', 'Wide-band': '0', 'Xlong-island': '0', 'seq': '1', 'end': 13845.36, 'start': 13844.73}]",0,0,[],[]
13845360,13848140,NA,SIL,0.0,382,pause,NA,NA,NA,NA,0.0,0,-50.17,-38.99,[],0,0,[],[]
13848140,13850550,NA,NOF,0.0,382,pause,NA,NA,NA,NA,0.0,0,-48.23,-36.36,[],0,0,[],[]
13850550,13851370,OCH,CXN,0.0,382,XM,BC,0,NT,FI,0.0,0,-42.11,-36.14,[],0,0,[],[]
13851370,13852180,CHI,CHN,0.0,382,XM,NA,NA,NA,NA,0.0,0,-31.44,-26.27,[],0,810,[],"[{'start': 13851.37, 'end': 13852.18}]"
13852180,13853060,NA,NOF,0.0,382,XM,NA,NA,NA,NA,0.0,0,-47.59,-40.91,[],0,0,[],[]
13853060,13853870,OCH,CXN,0.0,382,XM,RC,0,NT,FH,0.0,0,-35.03,-28.52,[],0,0,[],[]
13853870,13854850,NA,SIL,0.0,382,XM,NA,NA,NA,NA,0.0,0,-41.66,-27.12,[],0,0,[],[]
13854850,13856020,NA,NOF,0.0,382,XM,NA,NA,NA,NA,0.0,0,-40.68,-33.05,[],0,0,[],[]
13856020,13857470,OCH,CXN,0.0,382,XM,EC,0,NT,FH,0.0,0,-35.06,-21.82,[],0,0,[],[]
13857470,13858270,NA,SIL,0.0,383,pause,NA,NA,NA,NA,0.0,0,-48.54,-41.2,[],0,0,[],[]
13858270,13859250,NA,FAF,0.0,383,pause,NA,NA,NA,NA,0.0,0,-41.73,-28.13,[],0,0,[],[]
13859250,13860050,NA,SIL,0.0,383,pause,NA,NA,NA,NA,0.0,0,-53.21,-47.57,[],0,0,[],[]
13860050,13861060,NA,NOF,0.0,383,pause,NA,NA,NA,NA,0.0,0,-26.93,-10.05,[],0,0,[],[]
13861060,13861860,NA,CXF,0.0,383,pause,NA,NA,NA,NA,0.0,0,-46.39,-40.11,[],0,0,[],[]
13861860,13863010,NA,SIL,0.0,383,pause,NA,NA,NA,NA,0.0,0,-51.32,-45.22,[],0,0,[],[]
13863010,13863920,NA,CXF,0.0,383,pause,NA,NA,NA,NA,0.0,0,-43.1,-34.87,[],0,0,[],[]
13863920,13864920,FEM,FAN,4.65,383,AIOCCXF,BC,0,NT,FI,0.0,0,-31.81,-23.39,[],0,0,[],[]
13864920,13865960,NA,SIL,0.0,383,AIOCCXF,NA,NA,NA,NA,0.0,0,-52.21,-48.14,[],0,0,[],[]
13865960,13867290,NA,NOF,0.0,383,AIOCCXF,NA,NA,NA,NA,0.0,0,-47.5,-38.16,[],0,0,[],[]
13867290,13868180,OCH,CXN,0.0,383,AIOCCXF,RC,0,NT,FI,0.0,0,-37.21,-27.91,[],0,0,[],[]
13868180,13868990,NA,SIL,0.0,383,AIOCCXF,NA,NA,NA,NA,0.0,0,-51.21,-45.07,[],0,0,[],[]
13868990,13869960,NA,NOF,0.0,383,AIOCCXF,NA,NA,NA,NA,0.0,0,-42.29,-32.19,[],0,0,[],[]
13869960,13870760,NA,CXF,0.0,383,AIOCCXF,NA,NA,NA,NA,0.0,0,-43.6,-34.66,[],0,0,[],[]
13870760,13872090,NA,FAF,0.0,383,AIOCCXF,NA,NA,NA,NA,0.0,0,-45.86,-33.23,[],0,0,[],[]
13872090,13872900,OCH,CXN,0.0,383,AIOCCXF,RC,0,NT,FH,0.0,0,-38.96,-32.71,[],0,0,[],[]
13872900,13874280,NA,FAF,0.0,383,AIOCCXF,NA,NA,NA,NA,0.0,0,-35.35,-22.1,[],0,0,[],[]
13874280,13876200,NA,NOF,0.0,383,AIOCCXF,NA,NA,NA,NA,0.0,0,-49.07,-41.05,[],0,0,[],[]
13876200,13877100,OCH,CXN,0.0,383,AIOCCXF,RC,0,NT,FH,0.0,0,-38.06,-29.58,[],0,0,[],[]
13877100,13878580,NA,OLN,0.0,383,AIOCCXF,NA,NA,NA,NA,0.0,0,-31.0,-21.37,[],0,0,[],[]
13878580,13879380,NA,NOF,0.0,383,AIOCCXF,NA,NA,NA,NA,0.0,0,-45.36,-38.83,[],0,0,[],[]
13879380,13880350,OCH,CXN,0.0,383,AIOCCXF,RC,0,NT,FH,0.0,0,-35.17,-27.17,[],0,0,[],[]
13880350,13881310,NA,NOF,0.0,383,AIOCCXF,NA,NA,NA,NA,0.0,0,-40.22,-27.88,[],0,0,[],[]
13881310,13882110,NA,OLF,0.0,383,AIOCCXF,NA,NA,NA,NA,0.0,0,-35.54,-24.54,[],0,0,[],[]
13882110,13882910,NA,NOF,0.0,383,AIOCCXF,NA,NA,NA,NA,0.0,0,-41.19,-30.36,[],0,0,[],[]
13882910,13883830,NA,OLF,0.0,383,AIOCCXF,NA,NA,NA,NA,0.0,0,-31.02,-16.42,[],0,0,[],[]
13883830,13885500,CHI,CHN,0.0,383,AIOCCXF,EC,0,NT,FI,1.0,1510,-19.06,-11.12,"[{'Canonical-syllable': '0', 'Growl': '0', 'High-freq-energy': '0', 'Long-island': '1', 'Low-tilt-spectrum': '0', 'Medium-island': '1', 'Short-island': '0', 'Squeal': '0', 'Typical-entropy': '2', 'Voicing-quality': '2', 'Wide-band': '0', 'Xlong-island': '0', 'seq': '1', 'end': 13885.34, 'start': 13883.93}]",0,0,[],[]
13885500,13886710,NA,OLN,0.0,384,pause,NA,NA,NA,NA,0.0,0,-29.06,-15.24,[],0,0,[],[]
13886710,13887760,NA,NOF,0.0,384,pause,NA,NA,NA,NA,0.0,0,-31.42,-19.99,[],0,0,[],[]
13887760,13888760,NA,FAF,0.0,384,pause,NA,NA,NA,NA,0.0,0,-32.52,-23.22,[],0,0,[],[]
13888760,13889630,NA,OLN,0.0,384,pause,NA,NA,NA,NA,0.0,0,-29.9,-19.95,[],0,0,[],[]
13889630,13892440,NA,OLF,0.0,384,pause,NA,NA,NA,NA,0.0,0,-34.1,-19.69,[],0,0,[],[]
13892440,13893240,NA,FAF,0.0,384,pause,NA,NA,NA,NA,0.0,0,-43.29,-38.08,[],0,0,[],[]
13893240,13894120,NA,OLF,0.0,384,pause,NA,NA,NA,NA,0.0,0,-26.3,-16.4,[],0,0,[],[]
13894120,13894930,NA,NOF,0.0,384,pause,NA,NA,NA,NA,0.0,0,-21.51,-9.68,[],0,0,[],[]
13894930,13896620,NA,OLF,0.0,384,pause,NA,NA,NA,NA,0.0,0,-28.84,-12.41,[],0,0,[],[]
13896620,13897250,NA,FAF,0.0,384,pause,NA,NA,NA,NA,0.0,0,-40.25,-33.2,[],0,0,[],[]
13897250,13898050,NA,NOF,0.0,384,pause,NA,NA,NA,NA,0.0,0,-26.17,-13.26,[],0,0,[],[]
13898050,13901070,NA,OLN,0.0,384,pause,NA,NA,NA,NA,0.0,0,-20.83,-5.13,[],0,0,[],[]
13901070,13902020,NA,NOF,0.0,384,pause,NA,NA,NA,NA,0.0,0,-36.93,-25.79,[],0,0,[],[]
13902020,13902820,NA,SIL,0.0,384,pause,NA,NA,NA,NA,0.0,0,-42.43,-30.98,[],0,0,[],[]
13902820,13906640,NA,OLF,0.0,384,pause,NA,NA,NA,NA,0.0,0,-25.25,-6.52,[],0,0,[],[]
13906640,13907440,NA,NOF,0.0,384,pause,NA,NA,NA,NA,0.0,0,-18.27,-5.52,[],0,0,[],[]
13907440,13910520,NA,OLF,0.0,384,pause,NA,NA,NA,NA,0.0,0,-21.66,-4.61,[],0,0,[],[]
13910520,13911320,NA,NOF,0.0,384,pause,NA,NA,NA,NA,0.0,0,-24.77,-12.14,[],0,0,[],[]
13911320,13913020,NA,OLF,0.0,384,pause,NA,NA,NA,NA,0.0,0,-15.93,-4.63,[],0,0,[],[]
13913020,13913820,NA,NOF,0.0,384,pause,NA,NA,NA,NA,0.0,0,-15.83,-6.5,[],0,0,[],[]
13913820,13918980,NA,OLN,0.0,384,pause,NA,NA,NA,NA,0.0,0,-18.53,-3.8,[],0,0,[],[]
13918980,13920840,CHI,CHN,0.0,384,pause,NA,NA,NA,NA,0.0,0,-18.14,-3.66,[],0,180,"[{'start': 13920.66, 'end': 13920.84}]",[]
13920840,13928410,NA,OLN,0.0,384,pause,NA,NA,NA,NA,0.0,0,-20.69,-4.02,[],0,0,[],[]
13928410,13929480,MAL,MAN,5.78,384,AMM,EC,0,NT,FI,0.0,0,-32.14,-23.21,[],0,0,[],[]
13929480,13933120,NA,OLN,0.0,385,pause,NA,NA,NA,NA,0.0,0,-18.13,-1.7,[],0,0,[],[]
13933120,13933930,NA,NOF,0.0,385,pause,NA,NA,NA,NA,0.0,0,-31.75,-19.52,[],0,0,[],[]
13933930,13946450,NA,OLN,0.0,385,pause,NA,NA,NA,NA,0.0,0,-17.75,-2.25,[],0,0,[],[]
13946450,13947390,CHI,CHN,0.0,385,pause,NA,NA,NA,NA,0.0,0,-20.2,-10.86,[],0,940,[],"[{'start': 13946.45, 'end': 13947.39}]"
13947390,13948660,NA,OLN,0.0,385,pause,NA,NA,NA,NA,0.0,0,-17.54,-1.94,[],0,0,[],[]
13948660,13950250,NA,OLF,0.0,385,pause,NA,NA,NA,NA,0.0,0,-24.18,-5.73,[],0,0,[],[]
13950250,13951250,FEM,FAN,2.7,385,AIOCCXF,BC,0,NT,FI,0.0,0,-26.35,-17.52,[],0,0,[],[]
13951250,13952500,NA,NOF,0.0,385,AIOCCXF,NA,NA,NA,NA,0.0,0,-39.73,-26.8,[],0,0,[],[]
13952500,13953500,OCH,CXN,0.0,385,AIOCCXF,RC,0,NT,FI,0.0,0,-25.29,-18.29,[],0,0,[],[]
13953500,13954820,NA,OLF,0.0,385,AIOCCXF,NA,NA,NA,NA,0.0,0,-35.55,-22.46,[],0,0,[],[]
13954820,13955680,NA,NOF,0.0,385,AIOCCXF,NA,NA,NA,NA,0.0,0,-23.1,-8.89,[],0,0,[],[]
13955680,13956480,NA,OLF,0.0,385,AIOCCXF,NA,NA,NA,NA,0.0,0,-14.74,-3.23,[],0,0,[],[]
13956480,13957980,NA,NOF,0.0,385,AIOCCXF,NA,NA,NA,NA,0.0,0,-35.48,-18.57,[],0,0,[],[]
13957980,13959360,CHI,CHN,0.0,385,AIOCCXF,EC,0,NT,FI,1.0,850,-27.12,-20.23,"[{'Canonical-syllable': '0', 'Growl': '1', 'High-freq-energy': '0', 'Long-island': '0', 'Low-tilt-spectrum': '0', 'Medium-island': '1', 'Short-island': '2', 'Squeal': '0', 'Typical-entropy': '2', 'Voicing-quality': '3', 'Wide-band': '0', 'Xlong-island': '0', 'seq': '1', 'end': 13959.36, 'start': 13958.51}]",0,0,[],[]
13959360,13963450,NA,OLF,0.0,386,pause,NA,NA,NA,NA,0.0,0,-36.98,-21.96,[],0,0,[],[]
13963450,13964250,NA,NOF,0.0,386,pause,NA,NA,NA,NA,0.0,0,-26.08,-12.46,[],0,0,[],[]
13964250,13968230,NA,OLN,0.0,386,pause,NA,NA,NA,NA,0.0,0,-19.84,-5.34,[],0,0,[],[]
13968230,13968830,CHI,CHN,0.0,386,CM,EC,0,NT,FI,1.0,430,-20.46,-12.43,"[{'Canonical-syllable': '0', 'Growl': '0', 'High-freq-energy': '0', 'Long-island': '0', 'Low-tilt-spectrum': '0', 'Medium-island': '1', 'Short-island': '0', 'Squeal': '0', 'Typical-entropy': '1', 'Voicing-quality': '1', 'Wide-band': '0', 'Xlong-island': '0', 'seq': '1', 'end': 13968.66, 'start': 13968.23}]",0,0,[],[]
13968830,13969650,NA,NOF,0.0,387,pause,NA,NA,NA,NA,0.0,0,-44.81,-34.7,[],0,0,[],[]
13969650,13971840,NA,OLN,0.0,387,pause,NA,NA,NA,NA,0.0,0,-24.76,-9.01,[],0,0,[],[]
13971840,13972640,NA,CXF,0.0,387,pause,NA,NA,NA,NA,0.0,0,-36.37,-25.2,[],0,0,[],[]
13972640,13977450,NA,OLN,0.0,387,pause,NA,NA,NA,NA,0.0,0,-19.5,-3.58,[],0,0,[],[]
13977450,13978800,NA,NON,0.0,387,pause,NA,NA,NA,NA,0.0,0,-13.42,-3.41,[],0,0,[],[]
13978800,13989060,NA,OLN,0.0,387,pause,NA,NA,NA,NA,0.0,0,-18.49,-1.98,[],0,0,[],[]
13989060,13990360,OCH,CXN,0.0,387,XM,EC,0,NT,FI,0.0,0,-28.2,-14.16,[],0,0,[],[]
13990360,13991500,CHI,CHN,0.0,388,pause,NA,NA,NA,NA,0.0,0,-27.35,-16.3,[],0,270,"[{'start': 13991.23, 'end': 13991.5}]",[]
13991500,13994150,NA,OLN,0.0,388,pause,NA,NA,NA,NA,0.0,0,-17.75,-5.41,[],0,0,[],[]
13994150,13994960,NA,NON,0.0,388,pause,NA,NA,NA,NA,0.0,0,-18.11,-4.85,[],0,0,[],[]
13994960,13996350,NA,OLN,0.0,388,pause,NA,NA,NA,NA,0.0,0,-20.12,-10.12,[],0,0,[],[]
13996350,13996970,CHI,CHN,0.0,388,CIOCX,BC,0,NT,FI,1.0,620,-17.88,-9.99,"[{'Canonical-syllable': '0', 'Growl': '0', 'High-freq-energy': '0', 'Long-island': '0', 'Low-tilt-spectrum': '0', 'Medium-island': '1', 'Short-island': '0', 'Squeal': '0', 'Typical-entropy': '0', 'Voicing-quality': '1', 'Wide-band': '0', 'Xlong-island': '0', 'seq': '1', 'end': 13996.97, 'start': 13996.35}]",0,0,[],[]
13996970,13998290,NA,OLN,0.0,388,CIOCX,NA,NA,NA,NA,0.0,0,-23.85,-16.25,[],0,0,[],[]
13998290,14000550,OCH,CXN,0.0,388,CIOCX,RC,0,NT,FI,0.0,0,-23.64,-13.1,[],0,0,[],[]
14000550,14001800,NA,OLN,0.0,388,CIOCX,NA,NA,NA,NA,0.0,0,-27.11,-14.09,[],0,0,[],[]
14001800,14003000,OCH,CXN,0.0,388,CIOCX,EC,0,NT,FH,0.0,0,-18.3,-9.74,[],0,0,[],[]
14003000,14004200,NA,OLN,0.0,389,pause,NA,NA,NA,NA,0.0,0,-21.98,-7.8,[],0,0,[],[]
14004200,14005000,NA,NON,0.0,389,pause,NA,NA,NA,NA,0.0,0,-23.19,-11.4,[],0,0,[],[]
14005000,14010190,NA,OLN,0.0,389,pause,NA,NA,NA,NA,0.0,0,-17.56,-3.9,[],0,0,[],[]
14010190,14011180,NA,NON,0.0,389,pause,NA,NA,NA,NA,0.0,0,-19.31,-8.15,[],0,0,[],[]
14011180,14012440,NA,OLN,0.0,389,pause,NA,NA,NA,NA,0.0,0,-18.21,-4.3,[],0,0,[],[]
14012440,14013240,NA,NOF,0.0,389,pause,NA,NA,NA,NA,0.0,0,-19.28,-6.81,[],0,0,[],[]
14013240,14014320,NA,OLN,0.0,389,pause,NA,NA,NA,NA,0.0,0,-16.15,-3.51,[],0,0,[],[]
14014320,14015120,NA,NOF,0.0,389,pause,NA,NA,NA,NA,0.0,0,-29.49,-20.24,[],0,0,[],[]
14015120,14016640,NA,OLF,0.0,389,pause,NA,NA,NA,NA,0.0,0,-21.09,-5.36,[],0,0,[],[]
14016640,14017830,NA,NOF,0.0,389,pause,NA,NA,NA,NA,0.0,0,-34.89,-19.91,[],0,0,[],[]
14017830,14018660,NA,OLF,0.0,389,pause,NA,NA,NA,NA,0.0,0,-40.37,-30.5,[],0,0,[],[]
14018660,14019460,NA,NOF,0.0,389,pause,NA,NA,NA,NA,0.0,0,-38.93,-24.8,[],0,0,[],[]
14019460,14021130,NA,OLF,0.0,389,pause,NA,NA,NA,NA,0.0,0,-29.31,-12.3,[],0,0,[],[]
14021130,14021940,NA,CXF,0.0,389,pause,NA,NA,NA,NA,0.0,0,-41.99,-27.61,[],0,0,[],[]
14021940,14025800,NA,NOF,0.0,389,pause,NA,NA,NA,NA,0.0,0,-21.8,-2.15,[],0,0,[],[]
14025800,14029870,NA,OLN,0.0,389,pause,NA,NA,NA,NA,0.0,0,-20.73,-4.98,[],0,0,[],[]
14029870,14030610,CHI,CHN,0.0,389,pause,NA,NA,NA,NA,0.0,0,-16.43,-6.65,[],0,740,"[{'start': 14029.87, 'end': 14030.61}]",[]
14030610,14040110,NA,OLN,0.0,389,pause,NA,NA,NA,NA,0.0,0,-19.83,-3.27,[],0,0,[],[]
14040110,14040710,CHI,CHN,0.0,389,pause,NA,NA,NA,NA,0.0,0,-17.79,-11.1,[],0,600,"[{'start': 14040.11, 'end': 14040.71}]",[]
14040710,14041720,CHI,CHN,0.0,389,CIOCX,BC,0,NT,FI,1.0,380,-25.83,-11.05,"[{'Canonical-syllable': '1', 'Growl': '0', 'High-freq-energy': '1', 'Long-island': '0', 'Low-tilt-spectrum': '1', 'Medium-island': '1', 'Short-island': '0', 'Squeal': '0', 'Typical-entropy': '1', 'Voicing-quality': '1', 'Wide-band': '0', 'Xlong-island': '0', 'seq': '1', 'end': 14041.09, 'start': 14040.71}]",0,0,[],[]
14041720,14042480,CHI,CHN,0.0,389,CIOCX,NA,NA,NA,NA,0.0,0,-19.43,-8.45,[],0,440,"[{'start': 14041.72, 'end': 14042.16}]",[]
14042480,14043900,NA,OLN,0.0,389,CIOCX,NA,NA,NA,NA,0.0,0,-27.11,-18.49,[],0,0,[],[]
14043900,14044670,CHI,CHN,0.0,389,CIOCX,NA,NA,NA,NA,0.0,0,-14.48,-4.69,[],0,460,"[{'start': 14044.06, 'end': 14044.52}]",[]
14044670,14045670,OCH,CXN,0.0,389,CIOCX,EC,0,NT,FI,0.0,0,-24.35,-15.08,[],0,0,[],[]
14045670,14046470,NA,OLF,0.0,390,pause,NA,NA,NA,NA,0.0,0,-32.69,-19.74,[],0,0,[],[]
14046470,14051590,NA,OLN,0.0,390,pause,NA,NA,NA,NA,0.0,0,-19.73,-3.41,[],0,0,[],[]
14051590,14052390,NA,NON,0.0,390,pause,NA,NA,NA,NA,0.0,0,-26.5,-14.18,[],0,0,[],[]
14052390,14053280,NA,OLN,0.0,390,pause,NA,NA,NA,NA,0.0,0,-16.55,-4.17,[],0,0,[],[]
14053280,14054180,OCH,CXN,0.0,390,XIOCC,BC,0,NT,FI,0.0,0,-32.25,-20.51,[],0,0,[],[]
14054180,14055240,NA,OLN,0.0,390,XIOCC,NA,NA,NA,NA,0.0,0,-23.57,-9.81,[],0,0,[],[]
14055240,14056250,OCH,CXN,0.0,390,XIOCC,RC,0,NT,FH,0.0,0,-24.1,-15.71,[],0,0,[],[]
14056250,14057670,NA,OLN,0.0,390,XIOCC,NA,NA,NA,NA,0.0,0,-22.49,-5.17,[],0,0,[],[]
14057670,14058290,CHI,CHN,0.0,390,XIOCC,EC,0,NT,FI,1.0,270,-16.85,-4.74,"[{'Canonical-syllable': '0', 'Growl': '0', 'High-freq-energy': '0', 'Long-island': '0', 'Low-tilt-spectrum': '1', 'Medium-island': '0', 'Short-island': '1', 'Squeal': '0', 'Typical-entropy': '1', 'Voicing-quality': '1', 'Wide-band': '0', 'Xlong-island': '0', 'seq': '1', 'end': 14058.29, 'start': 14058.02}]",0,0,[],[]
14058290,14065920,NA,OLN,0.0,391,pause,NA,NA,NA,NA,0.0,0,-19.96,-3.17,[],0,0,[],[]
14065920,14066700,CHI,CHN,0.0,391,CIOCX,BC,0,NT,FI,1.0,780,-15.32,-7.72,"[{'Canonical-syllable': '2', 'Growl': '0', 'High-freq-energy': '0', 'Long-island': '0', 'Low-tilt-spectrum': '0', 'Medium-island': '1', 'Short-island': '1', 'Squeal': '0', 'Typical-entropy': '1', 'Voicing-quality': '2', 'Wide-band': '0', 'Xlong-island': '0', 'seq': '1', 'end': 14066.7, 'start': 14065.92}]",0,0,[],[]
14066700,14069260,NA,OLN,0.0,391,CIOCX,NA,NA,NA,NA,0.0,0,-23.39,-9.11,[],0,0,[],[]
14069260,14069860,CHI,CHN,0.0,391,CIOCX,RC,0,NT,FH,1.0,600,-23.73,-16.13,"[{'Canonical-syllable': '0', 'Growl': '1', 'High-freq-energy': '1', 'Long-island': '0', 'Low-tilt-spectrum': '1', 'Medium-island': '1', 'Short-island': '0', 'Squeal': '0', 'Typical-entropy': '1', 'Voicing-quality': '1', 'Wide-band': '0', 'Xlong-island': '0', 'seq': '1', 'end': 14069.86, 'start': 14069.41}]",0,0,[],[]
14069860,14072110,NA,OLN,0.0,391,CIOCX,NA,NA,NA,NA,0.0,0,-19.83,-5.63,[],0,0,[],[]
14072110,14072710,CHI,CHN,0.0,391,CIOCX,NA,NA,NA,NA,0.0,0,-20.95,-14.1,[],0,600,"[{'start': 14072.11, 'end': 14072.71}]",[]
14072710,14074510,NA,OLN,0.0,391,CIOCX,NA,NA,NA,NA,0.0,0,-21.79,-4.3,[],0,0,[],[]
14074510,14075110,OCH,CXN,0.0,391,CIOCX,EC,0,NT,FI,0.0,0,-26.88,-18.52,[],0,0,[],[]
14075110,14079470,NA,OLN,0.0,392,pause,NA,NA,NA,NA,0.0,0,-19.96,-9.16,[],0,0,[],[]
14079470,14080460,NA,NOF,0.0,392,pause,NA,NA,NA,NA,0.0,0,-25.18,-15.61,[],0,0,[],[]
14080460,14083890,NA,OLF,0.0,392,pause,NA,NA,NA,NA,0.0,0,-22.45,-4.06,[],0,0,[],[]
14083890,14089020,NA,OLN,0.0,392,pause,NA,NA,NA,NA,0.0,0,-19.84,-2.93,[],0,0,[],[]
14089020,14089860,OCH,CXN,0.0,392,XM,EC,0,NT,FI,0.0,0,-16.47,-8.22,[],0,0,[],[]
14089860,14094910,NA,OLN,0.0,393,pause,NA,NA,NA,NA,0.0,0,-18.27,-3.0,[],0,0,[],[]
14094910,14095580,CHI,CHN,0.0,393,CIC,BC,0,NT,FI,1.0,670,-13.6,-4.96,"[{'Canonical-syllable': '0', 'Growl': '0', 'High-freq-energy': '0', 'Long-island': '0', 'Low-tilt-spectrum': '0', 'Medium-island': '1', 'Short-island': '1', 'Squeal': '0', 'Typical-entropy': '1', 'Voicing-quality': '2', 'Wide-band': '0', 'Xlong-island': '0', 'seq': '1', 'end': 14095.58, 'start': 14094.99}]",0,0,[],[]
14095580,14096630,CHI,CHN,0.0,393,CIC,RC,0,NT,FH,2.0,460,-22.98,-8.55,"[{'Canonical-syllable': '0', 'Growl': '1', 'High-freq-energy': '0', 'Long-island': '0', 'Low-tilt-spectrum': '1', 'Medium-island': '0', 'Short-island': '1', 'Squeal': '0', 'Typical-entropy': '1', 'Voicing-quality': '0', 'Wide-band': '0', 'Xlong-island': '0', 'seq': '1', 'end': 14095.84, 'start': 14095.58}, {'Canonical-syllable': '0', 'Growl': '0', 'High-freq-energy': '0', 'Long-island': '0', 'Low-tilt-spectrum': '0', 'Medium-island': '0', 'Short-island': '1', 'Squeal': '0', 'Typical-entropy': '0', 'Voicing-quality': '1', 'Wide-band': '0', 'Xlong-island': '0', 'seq': '2', 'end': 14096.63, 'start': 14096.43}]",0,0,[],[]
14096630,14097430,NA,OLN,0.0,393,CIC,NA,NA,NA,NA,0.0,0,-22.71,-12.51,[],0,0,[],[]
14097430,14098030,OCH,CXN,0.0,393,CIC,RC,0,NT,FI,0.0,0,-16.15,-8.64,[],0,0,[],[]
14098030,14098840,NA,OLN,0.0,393,CIC,NA,NA,NA,NA,0.0,0,-18.14,-4.16,[],0,0,[],[]
14098840,14099640,OCH,CXN,0.0,393,CIC,RC,0,NT,FH,0.0,0,-24.94,-20.02,[],0,0,[],[]
14099640,14102350,NA,OLN,0.0,393,CIC,NA,NA,NA,NA,0.0,0,-23.08,-4.01,[],0,0,[],[]
14102350,14103210,NA,OLF,0.0,393,CIC,NA,NA,NA,NA,0.0,0,-36.39,-22.0,[],0,0,[],[]
14103210,14105950,OCH,CXN,0.0,393,CIC,RC,0,NT,FH,0.0,0,-24.74,-13.4,[],0,0,[],[]
14105950,14107840,OCH,CXN,0.0,393,CIC,RC,0,NT,FH,0.0,0,-23.19,-11.85,[],0,0,[],[]
14107840,14108470,OCH,CXN,0.0,393,CIC,RC,0,NT,FH,0.0,0,-25.6,-17.31,[],0,0,[],[]
14108470,14113280,NA,OLN,0.0,393,CIC,NA,NA,NA,NA,0.0,0,-18.44,-3.05,[],0,0,[],[]
14113280,14113920,OCH,CXN,0.0,393,CIC,RC,0,NT,FH,0.0,0,-20.29,-15.03,[],0,0,[],[]
14113920,14115190,NA,OLN,0.0,393,CIC,NA,NA,NA,NA,0.0,0,-21.06,-8.14,[],0,0,[],[]
14115190,14116240,OCH,CXN,0.0,393,CIC,RC,0,NT,FH,0.0,0,-28.19,-16.89,[],0,0,[],[]
14116240,14117060,NA,OLN,0.0,393,CIC,NA,NA,NA,NA,0.0,0,-22.82,-8.68,[],0,0,[],[]
14117060,14117880,OCH,CXN,0.0,393,CIC,RC,0,NT,FH,0.0,0,-27.02,-18.26,[],0,0,[],[]
14117880,14118520,CHI,CHN,0.0,393,CIC,NA,NA,NA,NA,0.0,0,-39.03,-29.53,[],0,310,[],"[{'start': 14117.88, 'end': 14118.19}]"
14118520,14119480,OCH,CXN,0.0,393,CIC,RC,0,NT,FH,0.0,0,-31.57,-24.35,[],0,0,[],[]
14119480,14120500,NA,OLF,0.0,393,CIC,NA,NA,NA,NA,0.0,0,-37.73,-23.07,[],0,0,[],[]
14120500,14121300,OCH,CXN,0.0,393,CIC,RC,0,NT,FH,0.0,0,-33.35,-25.09,[],0,0,[],[]
14121300,14122270,NA,NOF,0.0,393,CIC,NA,NA,NA,NA,0.0,0,-19.18,-4.11,[],0,0,[],[]
14122270,14123170,OCH,CXN,0.0,393,CIC,RC,0,NT,FH,0.0,0,-28.18,-21.15,[],0,0,[],[]
14123170,14123870,CHI,CHN,0.0,393,CIC,NA,NA,NA,NA,0.0,0,-22.99,-11.55,[],0,190,"[{'start': 14123.68, 'end': 14123.87}]",[]
14123870,14125700,NA,NOF,0.0,393,CIC,NA,NA,NA,NA,0.0,0,-16.34,-3.01,[],0,0,[],[]
14125700,14127020,CHI,CHN,0.0,393,CIC,RC,0,NT,FI,2.0,860,-19.15,-8.92,"[{'Canonical-syllable': '0', 'Growl': '0', 'High-freq-energy': '0', 'Long-island': '0', 'Low-tilt-spectrum': '0', 'Medium-island': '1', 'Short-island': '1', 'Squeal': '0', 'Typical-entropy': '2', 'Voicing-quality': '2', 'Wide-band': '0', 'Xlong-island': '0', 'seq': '1', 'end': 14126.36, 'start': 14125.7}, {'Canonical-syllable': '1', 'Growl': '0', 'High-freq-energy': '0', 'Long-island': '0', 'Low-tilt-spectrum': '0', 'Medium-island': '0', 'Short-island': '1', 'Squeal': '0', 'Typical-entropy': '0', 'Voicing-quality': '1', 'Wide-band': '0', 'Xlong-island': '0', 'seq': '2', 'end': 14127.02, 'start': 14126.82}]",0,0,[],[]
14127020,14128110,OCH,CXN,0.0,393,CIC,RC,0,NT,FI,0.0,0,-26.24,-17.15,[],0,0,[],[]
14128110,14128770,NA,CHF,0.0,393,CIC,NA,NA,NA,NA,0.0,0,-30.44,-21.96,[],0,660,[],"[{'start': 14128.11, 'end': 14128.77}]"
14128770,14129840,NA,OLN,0.0,393,CIC,NA,NA,NA,NA,0.0,0,-21.57,-4.97,[],0,0,[],[]
14129840,14131060,FEM,FAN,4.11,393,CIC,RC,0,TIFI,FI,0.0,0,-36.43,-23.88,[],0,0,[],[]
14131060,14132970,CHI,CHN,0.0,393,CIC,RC,1,TIFR,FI,1.0,1550,-22.12,-13.57,"[{'Canonical-syllable': '1', 'Growl': '0', 'High-freq-energy': '0', 'Long-island': '1', 'Low-tilt-spectrum': '1', 'Medium-island': '1', 'Short-island': '0', 'Squeal': '0', 'Typical-entropy': '2', 'Voicing-quality': '2', 'Wide-band': '0', 'Xlong-island': '0', 'seq': '1', 'end': 14132.97, 'start': 14131.42}]",0,0,[],[]
14132970,14133770,OCH,CXN,0.0,393,CIC,RC,1,NT,FI,0.0,0,-25.49,-18.72,[],0,0,[],[]
14133770,14134370,OCH,CXN,0.0,393,CIC,RC,1,NT,FH,0.0,0,-22.16,-14.34,[],0,0,[],[]
14134370,14135430,CHI,CHN,0.0,393,CIC,RC,1,NT,FI,1.0,1060,-27.26,-19.84,"[{'Canonical-syllable': '0', 'Growl': '0', 'High-freq-energy': '0', 'Long-island': '1', 'Low-tilt-spectrum': '0', 'Medium-island': '0', 'Short-island': '0', 'Squeal': '0', 'Typical-entropy': '1', 'Voicing-quality': '1', 'Wide-band': '0', 'Xlong-island': '0', 'seq': '1', 'end': 14135.43, 'start': 14134.37}]",0,0,[],[]
14135430,14137270,NA,OLN,0.0,393,CIC,NA,NA,NA,NA,0.0,0,-28.67,-16.48,[],0,0,[],[]
14137270,14138300,CHI,CHN,0.0,393,CIC,RC,1,NT,FH,1.0,1030,-15.5,-4.51,"[{'Canonical-syllable': '0', 'Growl': '1', 'High-freq-energy': '0', 'Long-island': '0', 'Low-tilt-spectrum': '1', 'Medium-island': '1', 'Short-island': '0', 'Squeal': '0', 'Typical-entropy': '2', 'Voicing-quality': '1', 'Wide-band': '1', 'Xlong-island': '0', 'seq': '1', 'end': 14138.3, 'start': 14137.46}]",0,0,[],[]
14138300,14139100,NA,NON,0.0,393,CIC,NA,NA,NA,NA,0.0,0,-14.99,-3.42,[],0,0,[],[]
14139100,14139900,NA,OLF,0.0,393,CIC,NA,NA,NA,NA,0.0,0,-19.25,-3.92,[],0,0,[],[]
14139900,14140530,OCH,CXN,0.0,393,CIC,RC,1,NT,FI,0.0,0,-32.82,-25.24,[],0,0,[],[]
14140530,14141350,NA,NOF,0.0,393,CIC,NA,NA,NA,NA,0.0,0,-42.91,-34.16,[],0,0,[],[]
14141350,14142420,NA,OLN,0.0,393,CIC,NA,NA,NA,NA,0.0,0,-15.49,-3.91,[],0,0,[],[]
14142420,14144250,OCH,CXN,0.0,393,CIC,EC,1,NT,FH,0.0,0,-24.18,-13.54,[],0,0,[],[]
14144250,14159420,NA,OLN,0.0,394,pause,NA,NA,NA,NA,0.0,0,-23.21,-1.98,[],0,0,[],[]
14159420,14160440,OCH,CXN,0.0,394,XM,EC,0,NT,FI,0.0,0,-15.17,-9.72,[],0,0,[],[]
14160440,14161410,NA,OLN,0.0,395,pause,NA,NA,NA,NA,0.0,0,-31.51,-20.87,[],0,0,[],[]
14161410,14162240,NA,NOF,0.0,395,pause,NA,NA,NA,NA,0.0,0,-42.65,-35.52,[],0,0,[],[]
14162240,14165600,NA,OLN,0.0,395,pause,NA,NA,NA,NA,0.0,0,-33.63,-17.75,[],0,0,[],[]
14165600,14166540,NA,OLF,0.0,395,pause,NA,NA,NA,NA,0.0,0,-22.04,-6.26,[],0,0,[],[]
14166540,14167870,MAL,MAN,6.92,395,AMM,EC,0,NT,FI,0.0,0,-32.39,-22.25,[],0,0,[],[]
14167870,14170510,NA,NOF,0.0,396,pause,NA,NA,NA,NA,0.0,0,-50.52,-45.22,[],0,0,[],[]
14170510,14171310,NA,SIL,0.0,396,pause,NA,NA,NA,NA,0.0,0,-51.64,-46.88,[],0,0,[],[]
14171310,14172740,NA,NOF,0.0,396,pause,NA,NA,NA,NA,0.0,0,-50.31,-43.86,[],0,0,[],[]
14172740,14173570,NA,SIL,0.0,396,pause,NA,NA,NA,NA,0.0,0,-53.33,-48.76,[],0,0,[],[]
14173570,14175640,NA,NOF,0.0,396,pause,NA,NA,NA,NA,0.0,0,-51.25,-46.08,[],0,0,[],[]
14175640,14176250,CHI,CHN,0.0,396,CIOCX,BC,0,NT,FI,1.0,610,-17.83,-10.74,"[{'Canonical-syllable': '1', 'Growl': '0', 'High-freq-energy': '0', 'Long-island': '0', 'Low-tilt-spectrum': '1', 'Medium-island': '1', 'Short-island': '0', 'Squeal': '0', 'Typical-entropy': '1', 'Voicing-quality': '1', 'Wide-band': '0', 'Xlong-island': '0', 'seq': '1', 'end': 14176.25, 'start': 14175.85}]",0,0,[],[]
14176250,14177050,OCH,CXN,0.0,396,CIOCX,EC,0,NT,FI,0.0,0,-24.34,-13.47,[],0,0,[],[]
14177050,14179740,NA,NOF,0.0,397,pause,NA,NA,NA,NA,0.0,0,-33.48,-15.52,[],0,0,[],[]
14179740,14181520,NA,OLN,0.0,397,pause,NA,NA,NA,NA,0.0,0,-31.03,-18.5,[],0,0,[],[]
14181520,14183650,NA,NOF,0.0,397,pause,NA,NA,NA,NA,0.0,0,-26.33,-12.16,[],0,0,[],[]
14183650,14184450,NA,OLF,0.0,397,pause,NA,NA,NA,NA,0.0,0,-37.88,-32.05,[],0,0,[],[]
14184450,14187850,NA,NOF,0.0,397,pause,NA,NA,NA,NA,0.0,0,-34.0,-18.69,[],0,0,[],[]
14187850,14188730,NA,OLN,0.0,397,pause,NA,NA,NA,NA,0.0,0,-23.36,-10.86,[],0,0,[],[]
14188730,14189530,NA,NOF,0.0,397,pause,NA,NA,NA,NA,0.0,0,-28.97,-13.58,[],0,0,[],[]
14189530,14190550,NA,OLF,0.0,397,pause,NA,NA,NA,NA,0.0,0,-21.54,-7.1,[],0,0,[],[]
14190550,14193030,NA,NOF,0.0,397,pause,NA,NA,NA,NA,0.0,0,-34.7,-17.48,[],0,0,[],[]
14193030,14194480,NA,OLN,0.0,397,pause,NA,NA,NA,NA,0.0,0,-33.8,-22.02,[],0,0,[],[]
14194480,14195990,NA,NOF,0.0,397,pause,NA,NA,NA,NA,0.0,0,-45.5,-33.61,[],0,0,[],[]
14195990,14197210,NA,OLN,0.0,397,pause,NA,NA,NA,NA,0.0,0,-32.67,-19.75,[],0,0,[],[]
14197210,14198110,NA,CXF,0.0,397,pause,NA,NA,NA,NA,0.0,0,-38.47,-31.06,[],0,0,[],[]
14198110,14200260,NA,OLN,0.0,397,pause,NA,NA,NA,NA,0.0,0,-23.37,-5.32,[],0,0,[],[]
14200260,14200870,CHI,CHN,0.0,397,CIC,BC,0,NT,FI,1.0,290,-18.67,-11.64,"[{'Canonical-syllable': '0', 'Growl': '0', 'High-freq-energy': '0', 'Long-island': '0', 'Low-tilt-spectrum': '0', 'Medium-island': '1', 'Short-island': '0', 'Squeal': '0', 'Typical-entropy': '1', 'Voicing-quality': '1', 'Wide-band': '0', 'Xlong-island': '0', 'seq': '1', 'end': 14200.55, 'start': 14200.26}]",0,0,[],[]
14200870,14202270,CHI,CHN,0.0,397,CIC,RC,0,NT,FH,2.0,520,-24.46,-9.11,"[{'Canonical-syllable': '0', 'Growl': '1', 'High-freq-energy': '0', 'Long-island': '0', 'Low-tilt-spectrum': '1', 'Medium-island': '0', 'Short-island': '0', 'Squeal': '0', 'Typical-entropy': '1', 'Voicing-quality': '0', 'Wide-band': '0', 'Xlong-island': '0', 'seq': '1', 'end': 14201.39, 'start': 14201.29}, {'Canonical-syllable': '1', 'Growl': '0', 'High-freq-energy': '0', 'Long-island': '0', 'Low-tilt-spectrum': '1', 'Medium-island': '1', 'Short-island': '0', 'Squeal': '0', 'Typical-entropy': '1', 'Voicing-quality': '1', 'Wide-band': '0', 'Xlong-island': '0', 'seq': '2', 'end': 14202.27, 'start': 14201.85}]",0,0,[],[]
14202270,14204050,NA,OLN,0.0,397,CIC,NA,NA,NA,NA,0.0,0,-21.58,-4.62,[],0,0,[],[]
14204050,14205000,NA,OLF,0.0,397,CIC,NA,NA,NA,NA,0.0,0,-21.28,-5.2,[],0,0,[],[]
14205000,14205600,CHI,CHN,0.0,397,CIC,RC,0,NT,FH,1.0,600,-16.27,-9.7,"[{'Canonical-syllable': '0', 'Growl': '0', 'High-freq-energy': '0', 'Long-island': '0', 'Low-tilt-spectrum': '0', 'Medium-island': '1', 'Short-island': '0', 'Squeal': '0', 'Typical-entropy': '1', 'Voicing-quality': '1', 'Wide-band': '0', 'Xlong-island': '0', 'seq': '1', 'end': 14205.6, 'start': 14205.0}]",0,0,[],[]
14205600,14207380,OCH,CXN,0.0,397,CIC,RC,0,NT,FI,0.0,0,-18.75,-11.71,[],0,0,[],[]
14207380,14208200,FEM,FAN,4.28,397,CIC,RC,0,TIFI,FI,0.0,0,-29.36,-21.82,[],0,0,[],[]
14208200,14209000,NA,OLN,0.0,397,CIC,NA,NA,NA,NA,0.0,0,-26.85,-17.76,[],0,0,[],[]
14209000,14210080,CHI,CHN,0.0,397,CIC,RC,1,TIFR,FI,1.0,830,-22.73,-12.51,"[{'Canonical-syllable': '0', 'Growl': '0', 'High-freq-energy': '0', 'Long-island': '0', 'Low-tilt-spectrum': '1', 'Medium-island': '1', 'Short-island': '1', 'Squeal': '0', 'Typical-entropy': '2', 'Voicing-quality': '1', 'Wide-band': '0', 'Xlong-island': '0', 'seq': '1', 'end': 14209.83, 'start': 14209.14}]",0,0,[],[]
14210080,14210900,OCH,CXN,0.0,397,CIC,RC,1,NT,FI,0.0,0,-30.06,-22.82,[],0,0,[],[]
14210900,14212170,NA,OLN,0.0,397,CIC,NA,NA,NA,NA,0.0,0,-25.56,-7.36,[],0,0,[],[]
14212170,14212970,OCH,CXN,0.0,397,CIC,RC,1,NT,FH,0.0,0,-27.75,-21.52,[],0,0,[],[]
14212970,14213570,CHI,CHN,0.0,397,CIC,NA,NA,NA,NA,0.0,0,-30.55,-17.54,[],0,600,[],"[{'start': 14212.97, 'end': 14213.57}]"
14213570,14215550,NA,OLN,0.0,397,CIC,NA,NA,NA,NA,0.0,0,-26.13,-11.06,[],0,0,[],[]
14215550,14216450,CHI,CHN,0.0,397,CIC,RC,1,TIMI,FI,1.0,740,-19.45,-11.32,"[{'Canonical-syllable': '0', 'Growl': '0', 'High-freq-energy': '0', 'Long-island': '1', 'Low-tilt-spectrum': '0', 'Medium-island': '0', 'Short-island': '0', 'Squeal': '0', 'Typical-entropy': '1', 'Voicing-quality': '1', 'Wide-band': '0', 'Xlong-island': '0', 'seq': '1', 'end': 14216.29, 'start': 14215.55}]",0,0,[],[]
14216450,14217680,NA,OLN,0.0,397,CIC,NA,NA,NA,NA,0.0,0,-26.09,-15.05,[],0,0,[],[]
14217680,14218860,NA,MAF,0.0,397,CIC,NA,NA,NA,NA,0.0,0,-27.6,-11.16,[],0,0,[],[]
14218860,14221020,NA,OLF,0.0,397,CIC,NA,NA,NA,NA,0.0,0,-33.82,-18.5,[],0,0,[],[]
14221020,14222430,MAL,MAN,7.44,397,CIC,RC,2,TIMR,FI,0.0,0,-31.03,-21.74,[],0,0,[],[]
14222430,14223340,NA,OLN,0.0,397,CIC,NA,NA,NA,NA,0.0,0,-33.28,-23.74,[],0,0,[],[]
14223340,14224340,FEM,FAN,6.74,397,CIC,RC,2,NT,FI,0.0,0,-28.28,-20.57,[],0,0,[],[]
14224340,14225670,NA,NON,0.0,397,CIC,NA,NA,NA,NA,0.0,0,-30.8,-20.23,[],0,0,[],[]
14225670,14226670,FEM,FAN,2.58,397,CIC,RC,2,NT,FH,0.0,0,-33.26,-23.29,[],0,0,[],[]
14226670,14227500,NA,OLF,0.0,397,CIC,NA,NA,NA,NA,0.0,0,-26.33,-14.46,[],0,0,[],[]
14227500,14228770,NA,OLN,0.0,397,CIC,NA,NA,NA,NA,0.0,0,-24.31,-15.76,[],0,0,[],[]
14228770,14229640,OCH,CXN,0.0,397,CIC,RC,2,NT,FI,0.0,0,-30.59,-16.65,[],0,0,[],[]
14229640,14231350,NA,OLN,0.0,397,CIC,NA,NA,NA,NA,0.0,0,-29.65,-20.76,[],0,0,[],[]
14231350,14232390,MAL,MAN,4.18,397,CIC,EC,2,NT,FI,0.0,0,-29.23,-20.86,[],0,0,[],[]
14232390,14233220,NA,OLF,0.0,398,pause,NA,NA,NA,NA,0.0,0,-30.2,-20.93,[],0,0,[],[]
14233220,14234270,NA,FAF,0.0,398,pause,NA,NA,NA,NA,0.0,0,-36.1,-24.72,[],0,0,[],[]
14234270,14235740,NA,OLF,0.0,398,pause,NA,NA,NA,NA,0.0,0,-39.51,-30.0,[],0,0,[],[]
14235740,14236880,NA,OLN,0.0,398,pause,NA,NA,NA,NA,0.0,0,-25.24,-11.5,[],0,0,[],[]
14236880,14237680,NA,NOF,0.0,398,pause,NA,NA,NA,NA,0.0,0,-34.9,-27.69,[],0,0,[],[]
14237680,14239680,NA,OLN,0.0,398,pause,NA,NA,NA,NA,0.0,0,-24.32,-9.11,[],0,0,[],[]
14239680,14240560,CHI,CHN,0.0,398,CIC,BC,0,TIMI,FI,1.0,880,-17.88,-12.23,"[{'Canonical-syllable': '0', 'Growl': '0', 'High-freq-energy': '0', 'Long-island': '1', 'Low-tilt-spectrum': '0', 'Medium-island': '0', 'Short-island': '0', 'Squeal': '0', 'Typical-entropy': '1', 'Voicing-quality': '2', 'Wide-band': '0', 'Xlong-island': '0', 'seq': '1', 'end': 14240.56, 'start': 14239.68}]",0,0,[],[]
14240560,14241560,MAL,MAN,6.36,398,CIC,EC,1,TIMR,FI,0.0,0,-29.11,-14.88,[],0,0,[],[]
14241560,14242810,NA,NOF,0.0,399,pause,NA,NA,NA,NA,0.0,0,-37.82,-28.15,[],0,0,[],[]
14242810,14244680,NA,OLN,0.0,399,pause,NA,NA,NA,NA,0.0,0,-27.11,-13.83,[],0,0,[],[]
14244680,14246040,NA,NOF,0.0,399,pause,NA,NA,NA,NA,0.0,0,-42.47,-33.06,[],0,0,[],[]
14246040,14247610,NA,OLN,0.0,399,pause,NA,NA,NA,NA,0.0,0,-27.08,-6.46,[],0,0,[],[]
14247610,14248980,NA,NOF,0.0,399,pause,NA,NA,NA,NA,0.0,0,-29.58,-16.26,[],0,0,[],[]
14248980,14250220,CHI,CHN,0.0,399,CIOCAX,BC,0,NT,FI,1.0,1240,-17.0,-11.1,"[{'Canonical-syllable': '0', 'Growl': '0', 'High-freq-energy': '0', 'Long-island': '1', 'Low-tilt-spectrum': '0', 'Medium-island': '1', 'Short-island': '0', 'Squeal': '0', 'Typical-entropy': '1', 'Voicing-quality': '2', 'Wide-band': '0', 'Xlong-island': '0', 'seq': '1', 'end': 14250.22, 'start': 14249.12}]",0,0,[],[]
14250220,14251080,NA,OLN,0.0,399,CIOCAX,NA,NA,NA,NA,0.0,0,-35.51,-27.3,[],0,0,[],[]
14251080,14253670,NA,NOF,0.0,399,CIOCAX,NA,NA,NA,NA,0.0,0,-42.39,-30.42,[],0,0,[],[]
14253670,14254520,OCH,CXN,0.0,399,CIOCAX,RC,0,NT,FI,0.0,0,-23.46,-16.81,[],0,0,[],[]
14254520,14255680,NA,OLN,0.0,399,CIOCAX,NA,NA,NA,NA,0.0,0,-32.02,-22.43,[],0,0,[],[]
14255680,14257950,NA,NOF,0.0,399,CIOCAX,NA,NA,NA,NA,0.0,0,-40.16,-23.93,[],0,0,[],[]
14257950,14258950,MAL,MAN,5.55,399,CIOCAX,EC,0,NT,FI,0.0,0,-28.95,-18.56,[],0,0,[],[]
14258950,14260160,NA,NOF,0.0,400,pause,NA,NA,NA,NA,0.0,0,-30.19,-11.25,[],0,0,[],[]
14260160,14261120,NA,OLN,0.0,400,pause,NA,NA,NA,NA,0.0,0,-24.03,-17.21,[],0,0,[],[]
14261120,14264740,NA,NOF,0.0,400,pause,NA,NA,NA,NA,0.0,0,-42.85,-29.01,[],0,0,[],[]
14264740,14265340,CHI,CHN,0.0,400,CM,EC,0,NT,FI,1.0,600,-25.59,-18.04,"[{'Canonical-syllable': '0', 'Growl': '0', 'High-freq-energy': '0', 'Long-island': '0', 'Low-tilt-spectrum': '1', 'Medium-island': '0', 'Short-island': '2', 'Squeal': '0', 'Typical-entropy': '2', 'Voicing-quality': '1', 'Wide-band': '0', 'Xlong-island': '0', 'seq': '1', 'end': 14265.34, 'start': 14264.74}]",0,0,[],[]
14265340,14271310,NA,NOF,0.0,401,pause,NA,NA,NA,NA,0.0,0,-31.34,-12.6,[],0,0,[],[]
14271310,14272110,NA,OLN,0.0,401,pause,NA,NA,NA,NA,0.0,0,-24.99,-11.29,[],0,0,[],[]
14272110,14273110,MAL,MAN,4.95,401,AIOCCXM,BC,0,NT,FI,0.0,0,-29.6,-20.9,[],0,0,[],[]
14273110,14274220,NA,NOF,0.0,401,AIOCCXM,NA,NA,NA,NA,0.0,0,-47.73,-38.68,[],0,0,[],[]
14274220,14276380,NA,OLN,0.0,401,AIOCCXM,NA,NA,NA,NA,0.0,0,-36.31,-21.5,[],0,0,[],[]
14276380,14277240,NA,NOF,0.0,401,AIOCCXM,NA,NA,NA,NA,0.0,0,-41.56,-26.77,[],0,0,[],[]
14277240,14278040,OCH,CXN,0.0,401,AIOCCXM,RC,0,NT,FI,0.0,0,-34.31,-25.18,[],0,0,[],[]
14278040,14279820,NA,NON,0.0,401,AIOCCXM,NA,NA,NA,NA,0.0,0,-18.43,-4.58,[],0,0,[],[]
14279820,14281010,CHI,CHN,0.0,401,AIOCCXM,RC,0,NT,FI,1.0,1190,-23.06,-13.47,"[{'Canonical-syllable': '0', 'Growl': '0', 'High-freq-energy': '0', 'Long-island': '0', 'Low-tilt-spectrum': '1', 'Medium-island': '0', 'Short-island': '0', 'Squeal': '0', 'Typical-entropy': '1', 'Voicing-quality': '1', 'Wide-band': '0', 'Xlong-island': '1', 'seq': '1', 'end': 14281.01, 'start': 14279.82}]",0,0,[],[]
14281010,14281970,NA,NOF,0.0,401,AIOCCXM,NA,NA,NA,NA,0.0,0,-41.57,-34.61,[],0,0,[],[]
14281970,14282770,NA,OLN,0.0,401,AIOCCXM,NA,NA,NA,NA,0.0,0,-29.81,-19.63,[],0,0,[],[]
14282770,14285180,NA,NOF,0.0,401,AIOCCXM,NA,NA,NA,NA,0.0,0,-41.96,-30.46,[],0,0,[],[]
14285180,14285800,NA,CHF,0.0,401,AIOCCXM,EC,0,NT,FH,1.0,620,-42.16,-36.58,"[{'Canonical-syllable': '0', 'Growl': '1', 'High-freq-energy': '0', 'Long-island': '0', 'Low-tilt-spectrum': '1', 'Medium-island': '1', 'Short-island': '0', 'Squeal': '0', 'Typical-entropy': '0', 'Voicing-quality': '1', 'Wide-band': '0', 'Xlong-island': '0', 'seq': '1', 'end': 14285.8, 'start': 14285.18}]",0,0,[],[]
14285800,14295350,NA,NOF,0.0,402,pause,NA,NA,NA,NA,0.0,0,-24.2,-3.27,[],0,0,[],[]
14295350,14296150,NA,OLF,0.0,402,pause,NA,NA,NA,NA,0.0,0,-29.75,-19.92,[],0,0,[],[]
14296150,14297760,NA,NOF,0.0,402,pause,NA,NA,NA,NA,0.0,0,-40.98,-29.67,[],0,0,[],[]
14297760,14298360,CHI,CHN,0.0,402,CM,EC,0,NT,FI,1.0,600,-36.28,-32.76,"[{'Canonical-syllable': '0', 'Growl': '1', 'High-freq-energy': '1', 'Long-island': '0', 'Low-tilt-spectrum': '1', 'Medium-island': '1', 'Short-island': '0', 'Squeal': '0', 'Typical-entropy': '1', 'Voicing-quality': '1', 'Wide-band': '0', 'Xlong-island': '0', 'seq': '1', 'end': 14298.36, 'start': 14297.76}]",0,0,[],[]
14298360,14299560,NA,NOF,0.0,403,pause,NA,NA,NA,NA,0.0,0,-36.63,-21.27,[],0,0,[],[]
14299560,14301550,NA,OLF,0.0,403,pause,NA,NA,NA,NA,0.0,0,-32.61,-21.5,[],0,0,[],[]
14301550,14304060,NA,NOF,0.0,403,pause,NA,NA,NA,NA,0.0,0,-41.36,-30.71,[],0,0,[],[]
14304060,14304880,NA,OLN,0.0,403,pause,NA,NA,NA,NA,0.0,0,-32.53,-25.28,[],0,0,[],[]
14304880,14310270,NA,NOF,0.0,403,pause,NA,NA,NA,NA,0.0,0,-39.34,-21.66,[],0,0,[],[]
14310270,14311130,NA,OLN,0.0,403,pause,NA,NA,NA,NA,0.0,0,-22.53,-15.01,[],0,0,[],[]
14311130,14314070,NA,NOF,0.0,403,pause,NA,NA,NA,NA,0.0,0,-25.87,-4.65,[],0,0,[],[]
14314070,14314880,NA,OLF,0.0,403,pause,NA,NA,NA,NA,0.0,0,-38.66,-27.49,[],0,0,[],[]
14314880,14317310,NA,NOF,0.0,403,pause,NA,NA,NA,NA,0.0,0,-41.56,-27.7,[],0,0,[],[]
14317310,14317910,CHI,CHN,0.0,403,CIOCAX,BC,0,NT,FI,1.0,600,-20.59,-14.63,"[{'Canonical-syllable': '1', 'Growl': '0', 'High-freq-energy': '0', 'Long-island': '0', 'Low-tilt-spectrum': '0', 'Medium-island': '1', 'Short-island': '0', 'Squeal': '0', 'Typical-entropy': '0', 'Voicing-quality': '1', 'Wide-band': '0', 'Xlong-island': '0', 'seq': '1', 'end': 14317.91, 'start': 14317.31}]",0,0,[],[]
14317910,14319800,NA,NOF,0.0,403,CIOCAX,NA,NA,NA,NA,0.0,0,-22.1,-5.12,[],0,0,[],[]
14319800,14321250,OCH,CXN,0.0,403,CIOCAX,RC,0,NT,FI,0.0,0,-17.28,-8.66,[],0,0,[],[]
14321250,14324020,NA,NOF,0.0,403,CIOCAX,NA,NA,NA,NA,0.0,0,-37.8,-19.99,[],0,0,[],[]
14324020,14325060,CHI,CHN,0.0,403,CIOCAX,RC,0,NT,FI,1.0,950,-17.96,-11.18,"[{'Canonical-syllable': '0', 'Growl': '0', 'High-freq-energy': '0', 'Long-island': '0', 'Low-tilt-spectrum': '0', 'Medium-island': '0', 'Short-island': '0', 'Squeal': '0', 'Typical-entropy': '0', 'Voicing-quality': '1', 'Wide-band': '0', 'Xlong-island': '1', 'seq': '1', 'end': 14324.97, 'start': 14324.02}]",0,0,[],[]
14325060,14326130,NA,SIL,0.0,403,CIOCAX,NA,NA,NA,NA,0.0,0,-51.45,-47.01,[],0,0,[],[]
14326130,14326730,OCH,CXN,0.0,403,CIOCAX,RC,0,NT,FI,0.0,0,-32.33,-23.99,[],0,0,[],[]
14326730,14328190,NA,NOF,0.0,403,CIOCAX,NA,NA,NA,NA,0.0,0,-38.45,-23.23,[],0,0,[],[]
14328190,14329190,FEM,FAN,5.47,403,CIOCAX,RC,0,NT,FI,0.0,0,-37.89,-30.91,[],0,0,[],[]
14329190,14331210,NA,NOF,0.0,403,CIOCAX,NA,NA,NA,NA,0.0,0,-40.67,-25.59,[],0,0,[],[]
14331210,14332570,MAL,MAN,6.98,403,CIOCAX,RC,0,NT,FI,0.0,0,-34.28,-25.89,[],0,0,[],[]
14332570,14333480,NA,NOF,0.0,403,CIOCAX,NA,NA,NA,NA,0.0,0,-46.48,-38.82,[],0,0,[],[]
14333480,14334590,OCH,CXN,0.0,403,CIOCAX,RC,0,NT,FI,0.0,0,-33.02,-24.5,[],0,0,[],[]
14334590,14335390,NA,OLN,0.0,403,CIOCAX,NA,NA,NA,NA,0.0,0,-34.39,-28.57,[],0,0,[],[]
14335390,14336390,NA,MAF,0.0,403,CIOCAX,NA,NA,NA,NA,0.0,0,-36.05,-27.65,[],0,0,[],[]
14336390,14337190,NA,OLF,0.0,403,CIOCAX,NA,NA,NA,NA,0.0,0,-40.5,-33.99,[],0,0,[],[]
14337190,14339250,NA,NOF,0.0,403,CIOCAX,NA,NA,NA,NA,0.0,0,-40.47,-22.13,[],0,0,[],[]
14339250,14340050,OCH,CXN,0.0,403,CIOCAX,EC,0,NT,FH,0.0,0,-39.46,-32.79,[],0,0,[],[]
14340050,14341160,NA,OLF,0.0,404,pause,NA,NA,NA,NA,0.0,0,-40.52,-32.04,[],0,0,[],[]
14341160,14342440,NA,NOF,0.0,404,pause,NA,NA,NA,NA,0.0,0,-32.43,-17.82,[],0,0,[],[]
14342440,14344730,NA,OLN,0.0,404,pause,NA,NA,NA,NA,0.0,0,-22.85,-7.87,[],0,0,[],[]
14344730,14347320,NA,OLF,0.0,404,pause,NA,NA,NA,NA,0.0,0,-32.03,-22.61,[],0,0,[],[]
14347320,14348500,NA,OLN,0.0,404,pause,NA,NA,NA,NA,0.0,0,-27.58,-16.52,[],0,0,[],[]
14348500,14349370,NA,NOF,0.0,404,pause,NA,NA,NA,NA,0.0,0,-43.36,-35.58,[],0,0,[],[]
14349370,14352280,NA,OLN,0.0,404,pause,NA,NA,NA,NA,0.0,0,-27.36,-8.06,[],0,0,[],[]
14352280,14353160,NA,NOF,0.0,404,pause,NA,NA,NA,NA,0.0,0,-34.32,-22.74,[],0,0,[],[]
14353160,14354200,NA,OLN,0.0,404,pause,NA,NA,NA,NA,0.0,0,-26.55,-14.44,[],0,0,[],[]
14354200,14354880,OCH,CXN,0.0,404,XM,EC,0,NT,FI,0.0,0,-29.0,-23.24,[],0,0,[],[]
14354880,14355680,NA,NOF,0.0,405,pause,NA,NA,NA,NA,0.0,0,-26.93,-13.94,[],0,0,[],[]
14355680,14357160,NA,OLN,0.0,405,pause,NA,NA,NA,NA,0.0,0,-18.59,-3.22,[],0,0,[],[]
14357160,14359610,NA,NON,0.0,405,pause,NA,NA,NA,NA,0.0,0,-23.32,-7.15,[],0,0,[],[]
14359610,14360410,NA,OLN,0.0,405,pause,NA,NA,NA,NA,0.0,0,-18.68,-4.28,[],0,0,[],[]
14360410,14361520,NA,NON,0.0,405,pause,NA,NA,NA,NA,0.0,0,-27.41,-12.14,[],0,0,[],[]
14361520,14362410,NA,OLN,0.0,405,pause,NA,NA,NA,NA,0.0,0,-19.87,-8.07,[],0,0,[],[]
14362410,14363210,NA,NOF,0.0,405,pause,NA,NA,NA,NA,0.0,0,-32.0,-20.91,[],0,0,[],[]
14363210,14365550,NA,OLN,0.0,405,pause,NA,NA,NA,NA,0.0,0,-23.8,-11.92,[],0,0,[],[]
14365550,14366670,NA,NOF,0.0,405,pause,NA,NA,NA,NA,0.0,0,-35.79,-27.18,[],0,0,[],[]
14366670,14367960,OCH,CXN,0.0,405,XIOCC,BC,0,NT,FI,0.0,0,-25.61,-17.07,[],0,0,[],[]
14367960,14368790,NA,NOF,0.0,405,XIOCC,NA,NA,NA,NA,0.0,0,-41.54,-36.03,[],0,0,[],[]
14368790,14369620,NA,OLN,0.0,405,XIOCC,NA,NA,NA,NA,0.0,0,-27.45,-19.06,[],0,0,[],[]
14369620,14371410,NA,NON,0.0,405,XIOCC,NA,NA,NA,NA,0.0,0,-33.64,-21.88,[],0,0,[],[]
14371410,14372530,CHI,CHN,0.0,405,XIOCC,RC,0,NT,FI,1.0,1120,-19.46,-13.41,"[{'Canonical-syllable': '1', 'Growl': '0', 'High-freq-energy': '0', 'Long-island': '1', 'Low-tilt-spectrum': '1', 'Medium-island': '0', 'Short-island': '1', 'Squeal': '0', 'Typical-entropy': '0', 'Voicing-quality': '2', 'Wide-band': '0', 'Xlong-island': '0', 'seq': '1', 'end': 14372.53, 'start': 14371.41}]",0,0,[],[]
14372530,14373330,NA,OLN,0.0,405,XIOCC,NA,NA,NA,NA,0.0,0,-28.73,-19.35,[],0,0,[],[]
14373330,14374170,NA,NON,0.0,405,XIOCC,NA,NA,NA,NA,0.0,0,-32.36,-18.71,[],0,0,[],[]
14374170,14374770,CHI,CHN,0.0,405,XIOCC,EC,0,NT,FH,1.0,410,-22.93,-6.95,"[{'Canonical-syllable': '1', 'Growl': '0', 'High-freq-energy': '0', 'Long-island': '0', 'Low-tilt-spectrum': '1', 'Medium-island': '1', 'Short-island': '0', 'Squeal': '0', 'Typical-entropy': '1', 'Voicing-quality': '1', 'Wide-band': '0', 'Xlong-island': '0', 'seq': '1', 'end': 14374.58, 'start': 14374.25}]",0,0,[],[]
14374770,14375980,NA,OLN,0.0,406,pause,NA,NA,NA,NA,0.0,0,-28.14,-18.05,[],0,0,[],[]
14375980,14376990,NA,NON,0.0,406,pause,NA,NA,NA,NA,0.0,0,-18.01,-3.29,[],0,0,[],[]
14376990,14377810,NA,OLN,0.0,406,pause,NA,NA,NA,NA,0.0,0,-23.26,-6.95,[],0,0,[],[]
14377810,14381070,NA,NON,0.0,406,pause,NA,NA,NA,NA,0.0,0,-40.94,-32.41,[],0,0,[],[]
14381070,14382890,NA,OLN,0.0,406,pause,NA,NA,NA,NA,0.0,0,-21.08,-7.27,[],0,0,[],[]
14382890,14383710,NA,NON,0.0,406,pause,NA,NA,NA,NA,0.0,0,-22.82,-5.41,[],0,0,[],[]
14383710,14384710,CHI,CHN,0.0,406,CIOCAX,BC,0,NT,FI,1.0,1000,-13.25,-0.32,"[{'Canonical-syllable': '0', 'Growl': '0', 'High-freq-energy': '0', 'Long-island': '0', 'Low-tilt-spectrum': '1', 'Medium-island': '1', 'Short-island': '0', 'Squeal': '0', 'Typical-entropy': '3', 'Voicing-quality': '3', 'Wide-band': '0', 'Xlong-island': '0', 'seq': '1', 'end': 14384.71, 'start': 14383.71}]",0,0,[],[]
14384710,14386070,NA,OLN,0.0,406,CIOCAX,NA,NA,NA,NA,0.0,0,-28.97,-15.29,[],0,0,[],[]
14386070,14387070,OCH,CXN,0.0,406,CIOCAX,RC,0,NT,FI,0.0,0,-20.07,-12.0,[],0,0,[],[]
14387070,14388640,NA,NON,0.0,406,CIOCAX,NA,NA,NA,NA,0.0,0,-37.95,-30.13,[],0,0,[],[]
14388640,14389510,NA,OLN,0.0,406,CIOCAX,NA,NA,NA,NA,0.0,0,-19.42,-5.1,[],0,0,[],[]
14389510,14391050,FEM,FAN,8.78,406,CIOCAX,EC,0,NT,FI,0.0,0,-23.22,-14.93,[],0,0,[],[]
14391050,14397840,NA,OLN,0.0,407,pause,NA,NA,NA,NA,0.0,0,-22.5,-6.49,[],0,0,[],[]
14397840,14398900,NA,NON,0.0,407,pause,NA,NA,NA,NA,0.0,0,-26.61,-9.93,[],0,0,[],[]
14398900,14399710,NA,OLN,0.0,407,pause,NA,NA,NA,NA,0.0,0,-23.82,-7.69,[],0,0,[],[]
14399710,14400750,NA,NON,0.0,407,pause,NA,NA,NA,NA,0.0,0,-33.54,-19.87,[],0,0,[],[]
14400750,14405210,NA,OLN,0.0,407,pause,NA,NA,NA,NA,0.0,0,-23.16,-5.5,[],0,0,[],[]
14405210,14406400,NA,NOF,0.0,407,pause,NA,NA,NA,NA,0.0,0,-40.72,-29.56,[],0,0,[],[]
14406400,14408450,NA,OLF,0.0,407,pause,NA,NA,NA,NA,0.0,0,-24.48,-9.23,[],0,0,[],[]
14408450,14409840,NA,NOF,0.0,407,pause,NA,NA,NA,NA,0.0,0,-39.74,-22.2,[],0,0,[],[]
14409840,14410760,NA,OLF,0.0,407,pause,NA,NA,NA,NA,0.0,0,-36.35,-26.18,[],0,0,[],[]
14410760,14411730,NA,NOF,0.0,407,pause,NA,NA,NA,NA,0.0,0,-35.19,-21.2,[],0,0,[],[]
14411730,14414220,NA,OLN,0.0,407,pause,NA,NA,NA,NA,0.0,0,-27.71,-7.81,[],0,0,[],[]
14414220,14416230,NA,NON,0.0,407,pause,NA,NA,NA,NA,0.0,0,-18.52,-3.99,[],0,0,[],[]
14416230,14417180,NA,OLF,0.0,407,pause,NA,NA,NA,NA,0.0,0,-17.27,-4.02,[],0,0,[],[]
14417180,14419240,NA,NOF,0.0,407,pause,NA,NA,NA,NA,0.0,0,-14.84,-2.97,[],0,0,[],[]
14419240,14420240,NA,FAF,0.0,407,pause,NA,NA,NA,NA,0.0,0,-35.3,-20.16,[],0,0,[],[]
14420240,14422800,NA,NOF,0.0,407,pause,NA,NA,NA,NA,0.0,0,-38.78,-21.92,[],0,0,[],[]
14422800,14423960,FEM,FAN,0.0,407,pause,NA,NA,NA,NA,0.0,0,-34.12,-24.1,[],1160,0,[],[]
14423960,14424960,MAL,MAN,4.86,407,AMM,EC,0,NT,FI,0.0,0,-25.98,-20.06,[],0,0,[],[]
14424960,14425840,NA,OLN,0.0,408,pause,NA,NA,NA,NA,0.0,0,-17.49,-3.55,[],0,0,[],[]
14425840,14426840,FEM,FAN,0.0,408,pause,NA,NA,NA,NA,0.0,0,-29.73,-19.33,[],1000,0,[],[]
14426840,14427720,NA,NOF,0.0,408,pause,NA,NA,NA,NA,0.0,0,-14.53,-3.12,[],0,0,[],[]
14427720,14428870,NA,OLN,0.0,408,pause,NA,NA,NA,NA,0.0,0,-23.58,-8.87,[],0,0,[],[]
14428870,14429670,NA,NOF,0.0,408,pause,NA,NA,NA,NA,0.0,0,-22.73,-8.38,[],0,0,[],[]
14429670,14431720,NA,OLN,0.0,408,pause,NA,NA,NA,NA,0.0,0,-18.56,-3.72,[],0,0,[],[]
14431720,14432590,NA,NOF,0.0,408,pause,NA,NA,NA,NA,0.0,0,-26.85,-9.86,[],0,0,[],[]
14432590,14434130,NA,OLN,0.0,408,pause,NA,NA,NA,NA,0.0,0,-22.08,-8.48,[],0,0,[],[]
14434130,14434950,NA,NON,0.0,408,pause,NA,NA,NA,NA,0.0,0,-22.85,-13.26,[],0,0,[],[]
14434950,14438140,NA,OLN,0.0,408,pause,NA,NA,NA,NA,0.0,0,-17.07,-3.19,[],0,0,[],[]
14438140,14439650,NA,NON,0.0,408,pause,NA,NA,NA,NA,0.0,0,-16.49,-3.93,[],0,0,[],[]
14439650,14440940,NA,OLN,0.0,408,pause,NA,NA,NA,NA,0.0,0,-31.09,-17.15,[],0,0,[],[]
14440940,14442410,NA,NON,0.0,408,pause,NA,NA,NA,NA,0.0,0,-31.17,-17.68,[],0,0,[],[]
14442410,14443800,NA,OLN,0.0,408,pause,NA,NA,NA,NA,0.0,0,-22.58,-10.55,[],0,0,[],[]
14443800,14444620,NA,NOF,0.0,408,pause,NA,NA,NA,NA,0.0,0,-43.65,-26.43,[],0,0,[],[]
14444620,14445420,OCH,CXN,0.0,408,XM,EC,0,NT,FI,0.0,0,-30.57,-20.05,[],0,0,[],[]
14445420,14447580,NA,OLN,0.0,409,pause,NA,NA,NA,NA,0.0,0,-22.64,-6.49,[],0,0,[],[]
14447580,14448410,NA,NON,0.0,409,pause,NA,NA,NA,NA,0.0,0,-34.3,-24.7,[],0,0,[],[]
14448410,14450160,NA,OLN,0.0,409,pause,NA,NA,NA,NA,0.0,0,-27.12,-14.33,[],0,0,[],[]
14450160,14452280,NA,NON,0.0,409,pause,NA,NA,NA,NA,0.0,0,-30.89,-15.29,[],0,0,[],[]
14452280,14453230,NA,OLN,0.0,409,pause,NA,NA,NA,NA,0.0,0,-31.41,-21.21,[],0,0,[],[]
14453230,14454730,NA,NOF,0.0,409,pause,NA,NA,NA,NA,0.0,0,-14.72,-2.45,[],0,0,[],[]
14454730,14456300,MAL,MAN,3.27,409,AMM,EC,0,NT,FI,0.0,0,-35.97,-27.4,[],0,0,[],[]
14456300,14457570,NA,NOF,0.0,410,pause,NA,NA,NA,NA,0.0,0,-31.19,-18.1,[],0,0,[],[]
14457570,14458390,NA,SIL,0.0,410,pause,NA,NA,NA,NA,0.0,0,-44.71,-40.5,[],0,0,[],[]
14458390,14461620,NA,NOF,0.0,410,pause,NA,NA,NA,NA,0.0,0,-27.75,-8.34,[],0,0,[],[]
14461620,14465890,NA,OLF,0.0,410,pause,NA,NA,NA,NA,0.0,0,-33.27,-16.87,[],0,0,[],[]
14465890,14466910,NA,NOF,0.0,410,pause,NA,NA,NA,NA,0.0,0,-31.92,-17.65,[],0,0,[],[]
14466910,14467720,NA,SIL,0.0,410,pause,NA,NA,NA,NA,0.0,0,-50.32,-39.7,[],0,0,[],[]
14467720,14470500,NA,NOF,0.0,410,pause,NA,NA,NA,NA,0.0,0,-21.29,-2.77,[],0,0,[],[]
14470500,14471340,NA,SIL,0.0,410,pause,NA,NA,NA,NA,0.0,0,-46.89,-32.18,[],0,0,[],[]
14471340,14475610,NA,NOF,0.0,410,pause,NA,NA,NA,NA,0.0,0,-25.76,-5.23,[],0,0,[],[]
14475610,14476410,NA,OLN,0.0,410,pause,NA,NA,NA,NA,0.0,0,-32.97,-23.1,[],0,0,[],[]
14476410,14477370,NA,NOF,0.0,410,pause,NA,NA,NA,NA,0.0,0,-24.85,-8.84,[],0,0,[],[]
14477370,14478170,NA,OLN,0.0,410,pause,NA,NA,NA,NA,0.0,0,-15.2,-2.23,[],0,0,[],[]
14478170,14480070,NA,NOF,0.0,410,pause,NA,NA,NA,NA,0.0,0,-19.8,-3.43,[],0,0,[],[]
14480070,14480890,NA,OLN,0.0,410,pause,NA,NA,NA,NA,0.0,0,-9.44,-2.47,[],0,0,[],[]
14480890,14481900,MAL,MAN,0.0,410,pause,NA,NA,NA,NA,0.0,0,-28.23,-22.69,[],1010,0,[],[]
14481900,14484330,NA,NOF,0.0,410,pause,NA,NA,NA,NA,0.0,0,-24.89,-7.04,[],0,0,[],[]
14484330,14485620,MAL,MAN,4.68,410,AMM,EC,0,NT,FI,0.0,0,-27.18,-15.24,[],0,0,[],[]
14485620,14486420,NA,OLN,0.0,411,pause,NA,NA,NA,NA,0.0,0,-12.62,-3.5,[],0,0,[],[]
14486420,14488080,NA,NOF,0.0,411,pause,NA,NA,NA,NA,0.0,0,-35.02,-19.63,[],0,0,[],[]
14488080,14489220,NA,OLN,0.0,411,pause,NA,NA,NA,NA,0.0,0,-28.83,-17.66,[],0,0,[],[]
14489220,14491230,NA,OLF,0.0,411,pause,NA,NA,NA,NA,0.0,0,-24.72,-4.65,[],0,0,[],[]
14491230,14492040,NA,OLN,0.0,411,pause,NA,NA,NA,NA,0.0,0,-23.38,-8.98,[],0,0,[],[]
14492040,14492890,NA,NON,0.0,411,pause,NA,NA,NA,NA,0.0,0,-29.29,-19.46,[],0,0,[],[]
14492890,14494100,NA,OLN,0.0,411,pause,NA,NA,NA,NA,0.0,0,-17.29,-7.4,[],0,0,[],[]
14494100,14495100,MAL,MAN,2.03,411,AIOCM,BC,0,NT,FI,0.0,0,-24.81,-19.03,[],0,0,[],[]
14495100,14496400,NA,NOF,0.0,411,AIOCM,NA,NA,NA,NA,0.0,0,-28.33,-11.87,[],0,0,[],[]
14496400,14497460,NA,OLN,0.0,411,AIOCM,NA,NA,NA,NA,0.0,0,-27.97,-17.11,[],0,0,[],[]
14497460,14498790,MAL,MAN,7.28,411,AIOCM,RC,0,NT,FH,0.0,0,-22.55,-8.93,[],0,0,[],[]
14498790,14499590,NA,NOF,0.0,411,AIOCM,NA,NA,NA,NA,0.0,0,-29.0,-16.56,[],0,0,[],[]
14499590,14500390,NA,OLN,0.0,411,AIOCM,NA,NA,NA,NA,0.0,0,-31.4,-18.04,[],0,0,[],[]
14500390,14501190,NA,NOF,0.0,411,AIOCM,NA,NA,NA,NA,0.0,0,-20.14,-3.72,[],0,0,[],[]
14501190,14503130,NA,OLN,0.0,411,AIOCM,NA,NA,NA,NA,0.0,0,-17.55,-4.35,[],0,0,[],[]
14503130,14503930,OCH,CXN,0.0,411,AIOCM,EC,0,NT,FI,0.0,0,-25.89,-18.26,[],0,0,[],[]
14503930,14512040,NA,OLN,0.0,412,pause,NA,NA,NA,NA,0.0,0,-20.55,-5.52,[],0,0,[],[]
14512040,14512640,CHI,CHN,0.0,412,pause,NA,NA,NA,NA,0.0,0,-16.94,-3.12,[],0,0,[],[]
14512640,14513820,NA,OLN,0.0,412,pause,NA,NA,NA,NA,0.0,0,-22.96,-11.3,[],0,0,[],[]
14513820,14514660,NA,NON,0.0,412,pause,NA,NA,NA,NA,0.0,0,-14.75,-2.85,[],0,0,[],[]
14514660,14515660,FEM,FAN,4.68,412,AIOCF,BC,0,NT,FI,0.0,0,-24.55,-17.51,[],0,0,[],[]
14515660,14516650,NA,OLN,0.0,412,AIOCF,NA,NA,NA,NA,0.0,0,-21.5,-15.77,[],0,0,[],[]
14516650,14517710,MAL,MAN,4.02,412,AIOCF,RC,0,NT,FI,0.0,0,-24.96,-13.14,[],0,0,[],[]
14517710,14522560,NA,OLN,0.0,412,AIOCF,NA,NA,NA,NA,0.0,0,-26.02,-11.59,[],0,0,[],[]
14522560,14523710,MAL,MAN,2.73,412,AIOCF,RC,0,NT,FH,0.0,0,-17.27,-4.65,[],0,0,[],[]
14523710,14527690,NA,OLN,0.0,412,AIOCF,NA,NA,NA,NA,0.0,0,-21.03,-6.44,[],0,0,[],[]
14527690,14528520,OCH,CXN,0.0,412,AIOCF,EC,0,NT,FI,0.0,0,-22.9,-13.58,[],0,0,[],[]
14528520,14534430,NA,OLN,0.0,413,pause,NA,NA,NA,NA,0.0,0,-18.15,-3.19,[],0,0,[],[]
14534430,14535880,FEM,FAN,4.9,413,AIOCCXF,BC,0,NT,FI,0.0,0,-25.12,-9.52,[],0,0,[],[]
14535880,14537150,NA,OLN,0.0,413,AIOCCXF,NA,NA,NA,NA,0.0,0,-16.71,-4.13,[],0,0,[],[]
14537150,14538150,FEM,FAN,4.64,413,AIOCCXF,RC,0,NT,FH,0.0,0,-32.13,-23.1,[],0,0,[],[]
14538150,14538950,NA,OLN,0.0,413,AIOCCXF,NA,NA,NA,NA,0.0,0,-14.57,-3.52,[],0,0,[],[]
14538950,14540670,OCH,CXN,0.0,413,AIOCCXF,RC,0,NT,FI,0.0,0,-27.59,-18.07,[],0,0,[],[]
14540670,14541580,NA,OLN,0.0,413,AIOCCXF,NA,NA,NA,NA,0.0,0,-21.79,-4.65,[],0,0,[],[]
14541580,14542460,NA,NON,0.0,413,AIOCCXF,NA,NA,NA,NA,0.0,0,-15.81,-3.07,[],0,0,[],[]
14542460,14543680,FEM,FAN,7.45,413,AIOCCXF,RC,0,NT,FI,0.0,0,-33.8,-24.74,[],0,0,[],[]
14543680,14545010,OCH,CXN,0.0,413,AIOCCXF,RC,0,NT,FI,0.0,0,-24.15,-15.23,[],0,0,[],[]
14545010,14546730,NA,OLN,0.0,413,AIOCCXF,NA,NA,NA,NA,0.0,0,-22.21,-8.99,[],0,0,[],[]
14546730,14547440,CHI,CHN,0.0,413,AIOCCXF,NA,NA,NA,NA,0.0,0,-25.48,-16.83,[],0,540,[],"[{'start': 14546.73, 'end': 14547.27}]"
14547440,14548450,FEM,FAN,6.97,413,AIOCCXF,RC,0,NT,FI,0.0,0,-26.38,-13.62,[],0,0,[],[]
14548450,14550410,NA,OLN,0.0,413,AIOCCXF,NA,NA,NA,NA,0.0,0,-18.36,-3.45,[],0,0,[],[]
14550410,14551230,OCH,CXN,0.0,413,AIOCCXF,RC,0,NT,FI,0.0,0,-30.93,-19.28,[],0,0,[],[]
14551230,14552340,FEM,FAN,1.68,413,AIOCCXF,RC,0,NT,FI,0.0,0,-23.57,-6.56,[],0,0,[],[]
14552340,14555120,OCH,CXN,0.0,413,AIOCCXF,RC,0,NT,FI,0.0,0,-32.81,-21.15,[],0,0,[],[]
14555120,14556030,NA,OLN,0.0,413,AIOCCXF,NA,NA,NA,NA,0.0,0,-24.61,-13.34,[],0,0,[],[]
14556030,14557180,OCH,CXN,0.0,413,AIOCCXF,RC,0,NT,FH,0.0,0,-30.64,-20.79,[],0,0,[],[]
14557180,14557860,CHI,CHN,0.0,413,AIOCCXF,NA,NA,NA,NA,0.0,0,-19.59,-11.57,[],0,520,"[{'start': 14557.18, 'end': 14557.7}]",[]
14557860,14558770,OCH,CXN,0.0,413,AIOCCXF,RC,0,NT,FH,0.0,0,-32.0,-22.79,[],0,0,[],[]
14558770,14559650,NA,NOF,0.0,413,AIOCCXF,NA,NA,NA,NA,0.0,0,-47.95,-41.68,[],0,0,[],[]
14559650,14560450,NA,OLN,0.0,413,AIOCCXF,NA,NA,NA,NA,0.0,0,-29.1,-19.63,[],0,0,[],[]
14560450,14561450,MAL,MAN,0.0,413,AIOCCXF,NA,NA,NA,NA,0.0,0,-30.38,-22.95,[],1000,0,[],[]
14561450,14562610,OCH,CXN,0.0,413,AIOCCXF,RC,0,NT,FH,0.0,0,-19.06,-4.56,[],0,0,[],[]
14562610,14563410,NA,OLN,0.0,413,AIOCCXF,NA,NA,NA,NA,0.0,0,-19.49,-10.02,[],0,0,[],[]
14563410,14564420,FEM,FAN,5.01,413,AIOCCXF,RC,0,NT,FI,0.0,0,-24.65,-15.28,[],0,0,[],[]
14564420,14565220,OCH,CXN,0.0,413,AIOCCXF,RC,0,NT,FI,0.0,0,-28.96,-17.67,[],0,0,[],[]
14565220,14566150,NA,OLN,0.0,413,AIOCCXF,NA,NA,NA,NA,0.0,0,-20.37,-7.39,[],0,0,[],[]
14566150,14566950,OCH,CXN,0.0,413,AIOCCXF,RC,0,NT,FH,0.0,0,-26.03,-16.84,[],0,0,[],[]
14566950,14567750,NA,OLF,0.0,413,AIOCCXF,NA,NA,NA,NA,0.0,0,-32.72,-17.28,[],0,0,[],[]
14567750,14568550,NA,NOF,0.0,413,AIOCCXF,NA,NA,NA,NA,0.0,0,-40.56,-26.62,[],0,0,[],[]
14568550,14569360,OCH,CXN,0.0,413,AIOCCXF,RC,0,NT,FH,0.0,0,-39.22,-29.88,[],0,0,[],[]
14569360,14570380,OCH,CXN,0.0,413,AIOCCXF,RC,0,NT,FH,0.0,0,-30.69,-18.79,[],0,0,[],[]
14570380,14571180,NA,NOF,0.0,413,AIOCCXF,NA,NA,NA,NA,0.0,0,-40.35,-25.42,[],0,0,[],[]
14571180,14572230,OCH,CXN,0.0,413,AIOCCXF,RC,0,NT,FH,0.0,0,-29.61,-20.6,[],0,0,[],[]
14572230,14574310,NA,OLF,0.0,413,AIOCCXF,NA,NA,NA,NA,0.0,0,-23.16,-7.34,[],0,0,[],[]
14574310,14575340,NA,OLN,0.0,413,AIOCCXF,NA,NA,NA,NA,0.0,0,-25.96,-15.29,[],0,0,[],[]
14575340,14576160,OCH,CXN,0.0,413,AIOCCXF,RC,0,NT,FH,0.0,0,-30.58,-22.78,[],0,0,[],[]
14576160,14577310,NA,OLN,0.0,413,AIOCCXF,NA,NA,NA,NA,0.0,0,-22.89,-9.08,[],0,0,[],[]
14577310,14578110,NA,NON,0.0,413,AIOCCXF,NA,NA,NA,NA,0.0,0,-24.28,-11.04,[],0,0,[],[]
14578110,14578970,NA,OLN,0.0,413,AIOCCXF,NA,NA,NA,NA,0.0,0,-26.09,-15.43,[],0,0,[],[]
14578970,14580440,OCH,CXN,0.0,413,AIOCCXF,RC,0,NT,FH,0.0,0,-25.17,-13.82,[],0,0,[],[]
14580440,14581280,NA,OLN,0.0,413,AIOCCXF,NA,NA,NA,NA,0.0,0,-26.64,-17.05,[],0,0,[],[]
14581280,14582730,MAL,MAN,7.86,413,AIOCCXF,RC,0,NT,FI,0.0,0,-23.4,-12.43,[],0,0,[],[]
14582730,14584220,OCH,CXN,0.0,413,AIOCCXF,RC,0,NT,FI,0.0,0,-20.15,-9.2,[],0,0,[],[]
14584220,14585500,NA,OLN,0.0,413,AIOCCXF,NA,NA,NA,NA,0.0,0,-18.44,-4.67,[],0,0,[],[]
14585500,14587130,OCH,CXN,0.0,413,AIOCCXF,RC,0,NT,FH,0.0,0,-31.45,-22.32,[],0,0,[],[]
14587130,14587930,NA,OLF,0.0,413,AIOCCXF,NA,NA,NA,NA,0.0,0,-36.31,-27.4,[],0,0,[],[]
14587930,14588880,OCH,CXN,0.0,413,AIOCCXF,RC,0,NT,FH,0.0,0,-35.01,-26.08,[],0,0,[],[]
14588880,14589650,CHI,CHN,0.0,413,AIOCCXF,RC,0,NT,FI,1.0,590,-14.77,-2.92,"[{'Canonical-syllable': '0', 'Growl': '0', 'High-freq-energy': '1', 'Long-island': '0', 'Low-tilt-spectrum': '1', 'Medium-island': '1', 'Short-island': '0', 'Squeal': '1', 'Typical-entropy': '1', 'Voicing-quality': '0', 'Wide-band': '0', 'Xlong-island': '0', 'seq': '1', 'end': 14589.47, 'start': 14588.88}]",0,0,[],[]
14589650,14590610,NA,OLF,0.0,413,AIOCCXF,NA,NA,NA,NA,0.0,0,-30.18,-16.33,[],0,0,[],[]
14590610,14591620,NA,CXF,0.0,413,AIOCCXF,NA,NA,NA,NA,0.0,0,-34.76,-25.7,[],0,0,[],[]
14591620,14595430,OCH,CXN,0.0,413,AIOCCXF,RC,0,NT,FI,0.0,0,-32.87,-20.6,[],0,0,[],[]
14595430,14599070,NA,OLF,0.0,413,AIOCCXF,NA,NA,NA,NA,0.0,0,-31.45,-14.51,[],0,0,[],[]
14599070,14600030,OCH,CXN,0.0,413,AIOCCXF,RC,0,NT,FH,0.0,0,-27.66,-17.86,[],0,0,[],[]
14600030,14600840,NA,OLF,0.0,413,AIOCCXF,NA,NA,NA,NA,0.0,0,-31.21,-22.43,[],0,0,[],[]
14600840,14601940,OCH,CXN,0.0,413,AIOCCXF,RC,0,NT,FH,0.0,0,-28.5,-20.21,[],0,0,[],[]
14601940,14602940,MAL,MAN,7.95,413,AIOCCXF,EC,0,NT,FI,0.0,0,-22.3,-14.66,[],0,0,[],[]
14602940,14603740,NA,CXF,0.0,414,pause,NA,NA,NA,NA,0.0,0,-36.62,-25.7,[],0,0,[],[]
14603740,14605670,NA,OLF,0.0,414,pause,NA,NA,NA,NA,0.0,0,-22.68,-4.31,[],0,0,[],[]
14605670,14607390,NA,NOF,0.0,414,pause,NA,NA,NA,NA,0.0,0,-19.16,-4.05,[],0,0,[],[]
14607390,14608000,NA,MAF,0.0,414,pause,NA,NA,NA,NA,0.0,0,-34.22,-24.36,[],0,0,[],[]
14608000,14611910,NA,NOF,0.0,414,pause,NA,NA,NA,NA,0.0,0,-18.91,-3.28,[],0,0,[],[]
14611910,14612800,OCH,CXN,0.0,414,XM,EC,0,NT,FI,0.0,0,-36.96,-31.23,[],0,0,[],[]
14612800,14613600,NA,OLF,0.0,415,pause,NA,NA,NA,NA,0.0,0,-23.57,-7.87,[],0,0,[],[]
14613600,14614870,NA,OLN,0.0,415,pause,NA,NA,NA,NA,0.0,0,-32.47,-15.42,[],0,0,[],[]
14614870,14616290,NA,SIL,0.0,415,pause,NA,NA,NA,NA,0.0,0,-52.23,-45.31,[],0,0,[],[]
14616290,14619310,NA,NOF,0.0,415,pause,NA,NA,NA,NA,0.0,0,-38.19,-21.74,[],0,0,[],[]
14619310,14621590,OCH,CXN,0.0,415,XIC,BC,0,NT,FI,0.0,0,-20.35,-10.23,[],0,0,[],[]
14621590,14625270,NA,OLN,0.0,415,XIC,NA,NA,NA,NA,0.0,0,-18.47,-3.17,[],0,0,[],[]
14625270,14625880,CHI,CHN,0.0,415,XIC,RC,0,NT,FI,1.0,610,-18.0,-11.8,"[{'Canonical-syllable': '1', 'Growl': '0', 'High-freq-energy': '0', 'Long-island': '0', 'Low-tilt-spectrum': '0', 'Medium-island': '1', 'Short-island': '0', 'Squeal': '0', 'Typical-entropy': '1', 'Voicing-quality': '1', 'Wide-band': '0', 'Xlong-island': '0', 'seq': '1', 'end': 14625.88, 'start': 14625.45}]",0,0,[],[]
14625880,14626760,OCH,CXN,0.0,415,XIC,RC,0,NT,FI,0.0,0,-22.24,-8.11,[],0,0,[],[]
14626760,14627760,NA,MAF,0.0,415,XIC,NA,NA,NA,NA,0.0,0,-37.62,-27.35,[],0,0,[],[]
14627760,14628370,CHI,CHN,0.0,415,XIC,RC,0,TIMI,FI,1.0,610,-17.26,-10.77,"[{'Canonical-syllable': '0', 'Growl': '0', 'High-freq-energy': '0', 'Long-island': '0', 'Low-tilt-spectrum': '0', 'Medium-island': '1', 'Short-island': '0', 'Squeal': '0', 'Typical-entropy': '1', 'Voicing-quality': '1', 'Wide-band': '0', 'Xlong-island': '0', 'seq': '1', 'end': 14628.37, 'start': 14627.76}]",0,0,[],[]
14628370,14629370,MAL,MAN,1.55,415,XIC,EC,1,TIMR,FI,0.0,0,-21.12,-13.32,[],0,0,[],[]
14629370,14631310,NA,OLN,0.0,416,pause,NA,NA,NA,NA,0.0,0,-26.16,-10.24,[],0,0,[],[]
14631310,14632510,NA,NON,0.0,416,pause,NA,NA,NA,NA,0.0,0,-18.64,-5.36,[],0,0,[],[]
14632510,14634310,NA,OLN,0.0,416,pause,NA,NA,NA,NA,0.0,0,-28.35,-17.89,[],0,0,[],[]
14634310,14636640,NA,NOF,0.0,416,pause,NA,NA,NA,NA,0.0,0,-42.23,-28.18,[],0,0,[],[]
14636640,14639480,NA,OLN,0.0,416,pause,NA,NA,NA,NA,0.0,0,-21.82,-6.35,[],0,0,[],[]
14639480,14640090,CHI,CHN,0.0,416,CIC,BC,0,TIMI,FI,1.0,610,-13.58,-10.09,"[{'Canonical-syllable': '0', 'Growl': '1', 'High-freq-energy': '0', 'Long-island': '0', 'Low-tilt-spectrum': '0', 'Medium-island': '1', 'Short-island': '0', 'Squeal': '0', 'Typical-entropy': '1', 'Voicing-quality': '1', 'Wide-band': '0', 'Xlong-island': '0', 'seq': '1', 'end': 14640.09, 'start': 14639.48}]",0,0,[],[]
14640090,14643810,NA,OLN,0.0,416,CIC,NA,NA,NA,NA,0.0,0,-17.71,-2.51,[],0,0,[],[]
14643810,14644810,MAL,MAN,3.41,416,CIC,RC,1,TIMR,FI,0.0,0,-21.72,-15.03,[],0,0,[],[]
14644810,14646870,NA,OLN,0.0,416,CIC,NA,NA,NA,NA,0.0,0,-33.87,-21.38,[],0,0,[],[]
14646870,14647680,OCH,CXN,0.0,416,CIC,EC,1,NT,FI,0.0,0,-33.58,-26.02,[],0,0,[],[]
14647680,14649130,NA,NOF,0.0,417,pause,NA,NA,NA,NA,0.0,0,-42.28,-26.04,[],0,0,[],[]
14649130,14650010,NA,OLN,0.0,417,pause,NA,NA,NA,NA,0.0,0,-30.1,-24.37,[],0,0,[],[]
14650010,14651290,NA,NON,0.0,417,pause,NA,NA,NA,NA,0.0,0,-18.08,-2.8,[],0,0,[],[]
14651290,14652520,NA,OLN,0.0,417,pause,NA,NA,NA,NA,0.0,0,-16.6,-3.29,[],0,0,[],[]
14652520,14653320,NA,NOF,0.0,417,pause,NA,NA,NA,NA,0.0,0,-36.67,-29.08,[],0,0,[],[]
14653320,14654770,MAL,MAN,4.11,417,AIOCM,BC,0,NT,FI,0.0,0,-33.54,-25.72,[],0,0,[],[]
14654770,14655630,OCH,CXN,0.0,417,AIOCM,RC,0,NT,FI,0.0,0,-27.77,-20.97,[],0,0,[],[]
14655630,14656430,NA,OLN,0.0,417,AIOCM,NA,NA,NA,NA,0.0,0,-32.04,-23.18,[],0,0,[],[]
14656430,14657230,NA,NOF,0.0,417,AIOCM,NA,NA,NA,NA,0.0,0,-40.65,-28.2,[],0,0,[],[]
14657230,14658640,OCH,CXN,0.0,417,AIOCM,RC,0,NT,FH,0.0,0,-33.47,-25.77,[],0,0,[],[]
14658640,14659640,OCH,CXN,0.0,417,AIOCM,RC,0,NT,FH,0.0,0,-34.39,-26.4,[],0,0,[],[]
14659640,14660880,NA,NON,0.0,417,AIOCM,NA,NA,NA,NA,0.0,0,-18.15,-5.26,[],0,0,[],[]
14660880,14661680,OCH,CXN,0.0,417,AIOCM,RC,0,NT,FH,0.0,0,-27.62,-19.0,[],0,0,[],[]
14661680,14662680,NA,OLN,0.0,417,AIOCM,NA,NA,NA,NA,0.0,0,-26.59,-18.55,[],0,0,[],[]
14662680,14663860,MAL,MAN,0.0,417,AIOCM,NA,NA,NA,NA,0.0,0,-32.0,-21.47,[],1180,0,[],[]
14663860,14664760,OCH,CXN,0.0,417,AIOCM,RC,0,NT,FH,0.0,0,-25.25,-17.22,[],0,0,[],[]
14664760,14665670,NA,OLN,0.0,417,AIOCM,NA,NA,NA,NA,0.0,0,-22.71,-15.08,[],0,0,[],[]
14665670,14666670,NA,FAF,0.0,417,AIOCM,NA,NA,NA,NA,0.0,0,-38.61,-30.33,[],0,0,[],[]
14666670,14667470,NA,NOF,0.0,417,AIOCM,NA,NA,NA,NA,0.0,0,-39.9,-23.7,[],0,0,[],[]
14667470,14668370,NA,SIL,0.0,417,AIOCM,NA,NA,NA,NA,0.0,0,-46.27,-36.51,[],0,0,[],[]
14668370,14669220,NA,NOF,0.0,417,AIOCM,NA,NA,NA,NA,0.0,0,-42.56,-31.17,[],0,0,[],[]
14669220,14670170,OCH,CXN,0.0,417,AIOCM,RC,0,NT,FH,0.0,0,-32.71,-24.61,[],0,0,[],[]
14670170,14671290,FEM,FAN,1.13,417,AIOCM,EC,0,NT,FI,0.0,0,-33.29,-23.49,[],0,0,[],[]
14671290,14674590,NA,OLN,0.0,418,pause,NA,NA,NA,NA,0.0,0,-27.83,-15.95,[],0,0,[],[]
14674590,14675770,NA,FAF,0.0,418,pause,NA,NA,NA,NA,0.0,0,-38.53,-26.14,[],0,0,[],[]
14675770,14677780,NA,OLF,0.0,418,pause,NA,NA,NA,NA,0.0,0,-34.22,-18.8,[],0,0,[],[]
14677780,14679970,NA,OLN,0.0,418,pause,NA,NA,NA,NA,0.0,0,-20.47,-9.17,[],0,0,[],[]
14679970,14681160,FEM,FAN,4.27,418,AIOCF,BC,0,NT,FI,0.0,0,-15.95,-7.72,[],0,0,[],[]
14681160,14682460,NA,OLF,0.0,418,AIOCF,NA,NA,NA,NA,0.0,0,-30.23,-20.65,[],0,0,[],[]
14682460,14684380,NA,NOF,0.0,418,AIOCF,NA,NA,NA,NA,0.0,0,-39.42,-25.81,[],0,0,[],[]
14684380,14685300,OCH,CXN,0.0,418,AIOCF,RC,0,NT,FI,0.0,0,-26.74,-19.6,[],0,0,[],[]
14685300,14687150,NA,OLN,0.0,418,AIOCF,NA,NA,NA,NA,0.0,0,-30.96,-21.94,[],0,0,[],[]
14687150,14687950,OCH,CXN,0.0,418,AIOCF,RC,0,NT,FH,0.0,0,-31.4,-24.76,[],0,0,[],[]
14687950,14688750,NA,NOF,0.0,418,AIOCF,NA,NA,NA,NA,0.0,0,-16.76,-4.16,[],0,0,[],[]
14688750,14689550,NA,OLN,0.0,418,AIOCF,NA,NA,NA,NA,0.0,0,-19.87,-4.98,[],0,0,[],[]
14689550,14690350,OCH,CXN,0.0,418,AIOCF,EC,0,NT,FH,0.0,0,-22.93,-16.15,[],0,0,[],[]
14690350,14691630,NA,OLF,0.0,419,pause,NA,NA,NA,NA,0.0,0,-31.85,-19.18,[],0,0,[],[]
14691630,14692430,NA,NOF,0.0,419,pause,NA,NA,NA,NA,0.0,0,-19.09,-5.14,[],0,0,[],[]
14692430,14693660,NA,OLF,0.0,419,pause,NA,NA,NA,NA,0.0,0,-32.42,-20.26,[],0,0,[],[]
14693660,14694580,NA,NOF,0.0,419,pause,NA,NA,NA,NA,0.0,0,-29.78,-14.18,[],0,0,[],[]
14694580,14695440,NA,OLN,0.0,419,pause,NA,NA,NA,NA,0.0,0,-23.52,-7.83,[],0,0,[],[]
14695440,14696250,OCH,CXN,0.0,419,XM,BC,0,NT,FI,0.0,0,-32.88,-23.61,[],0,0,[],[]
14696250,14697230,NA,OLN,0.0,419,XM,NA,NA,NA,NA,0.0,0,-29.11,-15.89,[],0,0,[],[]
14697230,14699970,NA,NOF,0.0,419,XM,NA,NA,NA,NA,0.0,0,-34.08,-11.15,[],0,0,[],[]
14699970,14701470,OCH,CXN,0.0,419,XM,EC,0,NT,FH,0.0,0,-41.68,-31.45,[],0,0,[],[]
14701470,14702290,NA,OLN,0.0,420,pause,NA,NA,NA,NA,0.0,0,-38.02,-28.31,[],0,0,[],[]
14702290,14703120,NA,NOF,0.0,420,pause,NA,NA,NA,NA,0.0,0,-49.24,-41.54,[],0,0,[],[]
14703120,14703920,NA,OLF,0.0,420,pause,NA,NA,NA,NA,0.0,0,-33.25,-17.01,[],0,0,[],[]
14703920,14704900,NA,NOF,0.0,420,pause,NA,NA,NA,NA,0.0,0,-26.39,-8.63,[],0,0,[],[]
14704900,14706430,NA,OLF,0.0,420,pause,NA,NA,NA,NA,0.0,0,-37.38,-23.41,[],0,0,[],[]
14706430,14707970,NA,NOF,0.0,420,pause,NA,NA,NA,NA,0.0,0,-46.81,-36.23,[],0,0,[],[]
14707970,14709570,NA,OLF,0.0,420,pause,NA,NA,NA,NA,0.0,0,-37.81,-24.67,[],0,0,[],[]
14709570,14710510,CHI,CHN,0.0,420,CIC,BC,0,NT,FI,1.0,940,-14.93,-8.49,"[{'Canonical-syllable': '0', 'Growl': '0', 'High-freq-energy': '0', 'Long-island': '0', 'Low-tilt-spectrum': '1', 'Medium-island': '1', 'Short-island': '2', 'Squeal': '0', 'Typical-entropy': '2', 'Voicing-quality': '3', 'Wide-band': '0', 'Xlong-island': '0', 'seq': '1', 'end': 14710.51, 'start': 14709.57}]",0,0,[],[]
14710510,14712090,OCH,CXN,0.0,420,CIC,RC,0,NT,FI,0.0,0,-20.02,-10.6,[],0,0,[],[]
14712090,14712940,NA,OLN,0.0,420,CIC,NA,NA,NA,NA,0.0,0,-16.92,-11.93,[],0,0,[],[]
14712940,14713740,OCH,CXN,0.0,420,CIC,RC,0,NT,FH,0.0,0,-15.14,-9.69,[],0,0,[],[]
14713740,14714840,NA,OLN,0.0,420,CIC,NA,NA,NA,NA,0.0,0,-19.88,-9.69,[],0,0,[],[]
14714840,14716110,FEM,FAN,6.06,420,CIC,RC,0,NT,FI,0.0,0,-24.49,-16.04,[],0,0,[],[]
14716110,14717990,NA,OLN,0.0,420,CIC,NA,NA,NA,NA,0.0,0,-23.36,-5.17,[],0,0,[],[]
14717990,14718860,OCH,CXN,0.0,420,CIC,RC,0,NT,FI,0.0,0,-30.82,-23.2,[],0,0,[],[]
14718860,14719900,MAL,MAN,4.01,420,CIC,RC,0,TIMI,FI,0.0,0,-32.53,-25.62,[],0,0,[],[]
14719900,14721180,NA,OLN,0.0,420,CIC,NA,NA,NA,NA,0.0,0,-17.32,-5.5,[],0,0,[],[]
14721180,14722020,CHI,CHN,0.0,420,CIC,RC,1,TIMR,FI,1.0,840,-25.71,-14.22,"[{'Canonical-syllable': '0', 'Growl': '0', 'High-freq-energy': '0', 'Long-island': '0', 'Low-tilt-spectrum': '2', 'Medium-island': '1', 'Short-island': '0', 'Squeal': '1', 'Typical-entropy': '3', 'Voicing-quality': '3', 'Wide-band': '0', 'Xlong-island': '0', 'seq': '1', 'end': 14722.02, 'start': 14721.18}]",0,0,[],[]
14722020,14722970,CHI,CHN,0.0,420,CIC,RC,1,NT,FH,1.0,950,-18.12,-9.36,"[{'Canonical-syllable': '1', 'Growl': '0', 'High-freq-energy': '0', 'Long-island': '0', 'Low-tilt-spectrum': '1', 'Medium-island': '1', 'Short-island': '0', 'Squeal': '0', 'Typical-entropy': '2', 'Voicing-quality': '1', 'Wide-band': '0', 'Xlong-island': '0', 'seq': '1', 'end': 14722.97, 'start': 14722.02}]",0,0,[],[]
14722970,14723980,CHI,CHN,0.0,420,CIC,NA,NA,NA,NA,0.0,0,-14.79,-10.09,[],0,1010,"[{'start': 14722.97, 'end': 14723.98}]",[]
14723980,14727360,NA,OLN,0.0,420,CIC,NA,NA,NA,NA,0.0,0,-15.35,-2.94,[],0,0,[],[]
14727360,14728690,OCH,CXN,0.0,420,CIC,EC,1,NT,FI,0.0,0,-18.85,-4.72,[],0,0,[],[]
14728690,14735250,NA,OLN,0.0,421,pause,NA,NA,NA,NA,0.0,0,-16.27,-2.7,[],0,0,[],[]
14735250,14736080,NA,NOF,0.0,421,pause,NA,NA,NA,NA,0.0,0,-11.76,-3.28,[],0,0,[],[]
14736080,14849040,NA,OLN,0.0,421,pause,NA,NA,NA,NA,0.0,0,-19.78,-2.49,[],0,0,[],[]
14849040,14855590,NA,NON,0.0,421,pause,NA,NA,NA,NA,0.0,0,-26.94,-16.46,[],0,0,[],[]
14855590,14884150,NA,OLN,0.0,421,pause,NA,NA,NA,NA,0.0,0,-21.08,-2.39,[],0,0,[],[]
14884150,14885150,CHI,CHN,0.0,421,CIOCAX,BC,0,NT,FI,1.0,710,-28.5,-21.09,"[{'Canonical-syllable': '0', 'Growl': '0', 'High-freq-energy': '0', 'Long-island': '1', 'Low-tilt-spectrum': '1', 'Medium-island': '0', 'Short-island': '0', 'Squeal': '0', 'Typical-entropy': '1', 'Voicing-quality': '1', 'Wide-band': '0', 'Xlong-island': '0', 'seq': '1', 'end': 14884.86, 'start': 14884.15}]",0,0,[],[]
14885150,14885960,NA,OLN,0.0,421,CIOCAX,NA,NA,NA,NA,0.0,0,-33.23,-22.53,[],0,0,[],[]
14885960,14886870,OCH,CXN,0.0,421,CIOCAX,RC,0,NT,FI,0.0,0,-32.99,-25.39,[],0,0,[],[]
14886870,14888150,NA,OLN,0.0,421,CIOCAX,NA,NA,NA,NA,0.0,0,-16.85,-2.49,[],0,0,[],[]
14888150,14889010,NA,NOF,0.0,421,CIOCAX,NA,NA,NA,NA,0.0,0,-43.76,-35.74,[],0,0,[],[]
14889010,14889830,NA,OLN,0.0,421,CIOCAX,NA,NA,NA,NA,0.0,0,-29.83,-23.23,[],0,0,[],[]
14889830,14890630,NA,OLF,0.0,421,CIOCAX,NA,NA,NA,NA,0.0,0,-34.12,-23.78,[],0,0,[],[]
14890630,14891740,NA,OLN,0.0,421,CIOCAX,NA,NA,NA,NA,0.0,0,-28.51,-19.95,[],0,0,[],[]
14891740,14893520,OCH,CXN,0.0,421,CIOCAX,RC,0,NT,FH,0.0,0,-27.38,-17.79,[],0,0,[],[]
14893520,14894700,MAL,MAN,5.69,421,CIOCAX,RC,0,NT,FI,0.0,0,-34.67,-27.73,[],0,0,[],[]
14894700,14895550,NA,OLN,0.0,421,CIOCAX,NA,NA,NA,NA,0.0,0,-14.95,-3.91,[],0,0,[],[]
14895550,14896550,CHI,CHN,0.0,421,CIOCAX,NA,NA,NA,NA,0.0,0,-16.31,-2.91,[],0,0,[],[]
14896550,14898350,OCH,CXN,0.0,421,CIOCAX,RC,0,NT,FI,0.0,0,-22.36,-6.39,[],0,0,[],[]
14898350,14899230,NA,OLN,0.0,421,CIOCAX,NA,NA,NA,NA,0.0,0,-34.09,-25.35,[],0,0,[],[]
14899230,14900240,NA,FAF,0.0,421,CIOCAX,NA,NA,NA,NA,0.0,0,-37.91,-20.55,[],0,0,[],[]
14900240,14901080,OCH,CXN,0.0,421,CIOCAX,RC,0,NT,FH,0.0,0,-35.32,-27.34,[],0,0,[],[]
14901080,14902760,NA,OLN,0.0,421,CIOCAX,NA,NA,NA,NA,0.0,0,-32.42,-19.62,[],0,0,[],[]
14902760,14903620,OCH,CXN,0.0,421,CIOCAX,RC,0,NT,FH,0.0,0,-40.22,-32.43,[],0,0,[],[]
14903620,14907150,NA,OLN,0.0,421,CIOCAX,NA,NA,NA,NA,0.0,0,-23.47,-5.44,[],0,0,[],[]
14907150,14908000,NA,CXF,0.0,421,CIOCAX,NA,NA,NA,NA,0.0,0,-16.85,-3.53,[],0,0,[],[]
14908000,14909450,OCH,CXN,0.0,421,CIOCAX,RC,0,NT,FH,0.0,0,-30.8,-19.47,[],0,0,[],[]
14909450,14910250,NA,NOF,0.0,421,CIOCAX,NA,NA,NA,NA,0.0,0,-43.22,-34.96,[],0,0,[],[]
14910250,14911050,NA,OLF,0.0,421,CIOCAX,NA,NA,NA,NA,0.0,0,-38.01,-23.9,[],0,0,[],[]
14911050,14912800,NA,FAF,0.0,421,CIOCAX,NA,NA,NA,NA,0.0,0,-21.36,-4.15,[],0,0,[],[]
14912800,14913600,OCH,CXN,0.0,421,CIOCAX,RC,0,NT,FH,0.0,0,-35.62,-27.58,[],0,0,[],[]
14913600,14914400,NA,NOF,0.0,421,CIOCAX,NA,NA,NA,NA,0.0,0,-33.64,-19.7,[],0,0,[],[]
14914400,14915400,NA,FAF,0.0,421,CIOCAX,NA,NA,NA,NA,0.0,0,-39.3,-25.57,[],0,0,[],[]
14915400,14916360,NA,NOF,0.0,421,CIOCAX,NA,NA,NA,NA,0.0,0,-18.03,-5.2,[],0,0,[],[]
14916360,14917440,OCH,CXN,0.0,421,CIOCAX,EC,0,NT,FH,0.0,0,-31.94,-21.01,[],0,0,[],[]
14917440,14918040,CHI,CHN,0.0,422,pause,NA,NA,NA,NA,0.0,0,-15.77,-7.39,[],0,600,[],"[{'start': 14917.44, 'end': 14918.04}]"
14918040,14918850,NA,OLN,0.0,422,pause,NA,NA,NA,NA,0.0,0,-16.25,-3.74,[],0,0,[],[]
14918850,14919860,NA,MAF,0.0,422,pause,NA,NA,NA,NA,0.0,0,-38.7,-25.47,[],0,0,[],[]
14919860,14922290,NA,NOF,0.0,422,pause,NA,NA,NA,NA,0.0,0,-15.15,-2.88,[],0,0,[],[]
14922290,14923310,NA,FAF,0.0,422,pause,NA,NA,NA,NA,0.0,0,-24.57,-5.68,[],0,0,[],[]
14923310,14924330,NA,NOF,0.0,422,pause,NA,NA,NA,NA,0.0,0,-16.07,-3.34,[],0,0,[],[]
14924330,14926320,OCH,CXN,0.0,422,XIOCA,BC,0,NT,FI,0.0,0,-22.89,-6.51,[],0,0,[],[]
14926320,14926920,CHI,CHN,0.0,422,XIOCA,NA,NA,NA,NA,0.0,0,-13.31,-4.82,[],0,170,[],"[{'start': 14926.75, 'end': 14926.92}]"
14926920,14928270,NA,OLN,0.0,422,XIOCA,NA,NA,NA,NA,0.0,0,-20.6,-3.44,[],0,0,[],[]
14928270,14928880,NA,FAF,0.0,422,XIOCA,NA,NA,NA,NA,0.0,0,-38.67,-27.36,[],0,0,[],[]
14928880,14929890,NA,OLN,0.0,422,XIOCA,NA,NA,NA,NA,0.0,0,-13.34,-2.53,[],0,0,[],[]
14929890,14930840,NA,OLF,0.0,422,XIOCA,NA,NA,NA,NA,0.0,0,-36.9,-21.06,[],0,0,[],[]
14930840,14931840,FEM,FAN,3.71,422,XIOCA,RC,0,NT,FI,0.0,0,-30.78,-22.71,[],0,0,[],[]
14931840,14932640,NA,OLF,0.0,422,XIOCA,NA,NA,NA,NA,0.0,0,-15.7,-3.55,[],0,0,[],[]
14932640,14934010,NA,NOF,0.0,422,XIOCA,NA,NA,NA,NA,0.0,0,-23.53,-4.05,[],0,0,[],[]
14934010,14936500,NA,OLN,0.0,422,XIOCA,NA,NA,NA,NA,0.0,0,-18.34,-3.65,[],0,0,[],[]
14936500,14937500,MAL,MAN,5.94,422,XIOCA,EC,0,NT,FI,0.0,0,-30.09,-17.84,[],0,0,[],[]
14937500,14938410,NA,OLN,0.0,423,pause,NA,NA,NA,NA,0.0,0,-29.13,-16.16,[],0,0,[],[]
14938410,14939220,NA,NOF,0.0,423,pause,NA,NA,NA,NA,0.0,0,-23.83,-6.59,[],0,0,[],[]
14939220,14940220,NA,MAF,0.0,423,pause,NA,NA,NA,NA,0.0,0,-19.92,-7.47,[],0,0,[],[]
14940220,14941860,NA,NOF,0.0,423,pause,NA,NA,NA,NA,0.0,0,-17.05,-3.4,[],0,0,[],[]
14941860,14943090,NA,FAF,0.0,423,pause,NA,NA,NA,NA,0.0,0,-22.25,-6.64,[],0,0,[],[]
14943090,14943890,NA,OLF,0.0,423,pause,NA,NA,NA,NA,0.0,0,-32.13,-16.73,[],0,0,[],[]
14943890,14945920,MAL,MAN,3.51,423,AIOCM,BC,0,NT,FI,0.0,0,-31.19,-20.95,[],0,0,[],[]
14945920,14946720,NA,NOF,0.0,423,AIOCM,NA,NA,NA,NA,0.0,0,-34.53,-22.62,[],0,0,[],[]
14946720,14947520,OCH,CXN,0.0,423,AIOCM,RC,0,NT,FI,0.0,0,-34.91,-27.81,[],0,0,[],[]
14947520,14949420,NA,OLN,0.0,423,AIOCM,NA,NA,NA,NA,0.0,0,-29.31,-15.46,[],0,0,[],[]
14949420,14951390,OCH,CXN,0.0,423,AIOCM,RC,0,NT,FH,0.0,0,-32.03,-18.47,[],0,0,[],[]
14951390,14952190,NA,SIL,0.0,423,AIOCM,NA,NA,NA,NA,0.0,0,-50.17,-41.52,[],0,0,[],[]
14952190,14953220,NA,NOF,0.0,423,AIOCM,NA,NA,NA,NA,0.0,0,-44.79,-33.07,[],0,0,[],[]
14953220,14954220,MAL,MAN,0.68,423,AIOCM,RC,0,NT,FI,0.0,0,-33.79,-16.77,[],0,0,[],[]
14954220,14955020,NA,OLN,0.0,423,AIOCM,NA,NA,NA,NA,0.0,0,-16.09,-3.49,[],0,0,[],[]
14955020,14955820,OCH,CXN,0.0,423,AIOCM,RC,0,NT,FI,0.0,0,-34.29,-27.28,[],0,0,[],[]
14955820,14957070,NA,SIL,0.0,423,AIOCM,NA,NA,NA,NA,0.0,0,-46.84,-40.59,[],0,0,[],[]
14957070,14958570,NA,MAF,0.0,423,AIOCM,NA,NA,NA,NA,0.0,0,-47.21,-37.44,[],0,0,[],[]
14958570,14960160,OCH,CXN,0.0,423,AIOCM,RC,0,NT,FH,0.0,0,-36.99,-28.81,[],0,0,[],[]
14960160,14960960,MAL,MAN,3.33,423,AIOCM,RC,0,NT,FI,0.0,0,-17.4,-3.95,[],0,0,[],[]
14960960,14961960,OCH,CXN,0.0,423,AIOCM,RC,0,NT,FI,0.0,0,-37.49,-31.05,[],0,0,[],[]
14961960,14962890,NA,OLF,0.0,423,AIOCM,NA,NA,NA,NA,0.0,0,-33.74,-18.68,[],0,0,[],[]
14962890,14963890,MAL,MAN,1.96,423,AIOCM,RC,0,NT,FI,0.0,0,-34.78,-22.65,[],0,0,[],[]
14963890,14964690,NA,NOF,0.0,423,AIOCM,NA,NA,NA,NA,0.0,0,-18.29,-3.88,[],0,0,[],[]
14964690,14966020,NA,FAF,0.0,423,AIOCM,NA,NA,NA,NA,0.0,0,-33.08,-19.49,[],0,0,[],[]
14966020,14967020,NA,MAF,0.0,423,AIOCM,NA,NA,NA,NA,0.0,0,-35.26,-20.03,[],0,0,[],[]
14967020,14967960,NA,NOF,0.0,423,AIOCM,NA,NA,NA,NA,0.0,0,-15.03,-3.03,[],0,0,[],[]
14967960,14968960,OCH,CXN,0.0,423,AIOCM,RC,0,NT,FI,0.0,0,-34.2,-23.71,[],0,0,[],[]
14968960,14970230,NA,OLN,0.0,423,AIOCM,NA,NA,NA,NA,0.0,0,-16.76,-3.39,[],0,0,[],[]
14970230,14971360,MAL,MAN,1.06,423,AIOCM,RC,0,NT,FI,0.0,0,-30.06,-19.4,[],0,0,[],[]
14971360,14973690,NA,OLN,0.0,423,AIOCM,NA,NA,NA,NA,0.0,0,-14.55,-3.08,[],0,0,[],[]
14973690,14974690,MAL,MAN,1.05,423,AIOCM,EC,0,NT,FH,0.0,0,-34.85,-21.32,[],0,0,[],[]
14974690,14975700,FEM,FAN,0.0,424,pause,NA,NA,NA,NA,0.0,0,-31.47,-20.67,[],1010,0,[],[]
14975700,14976500,NA,NOF,0.0,424,pause,NA,NA,NA,NA,0.0,0,-16.21,-4.42,[],0,0,[],[]
14976500,14977540,NA,OLN,0.0,424,pause,NA,NA,NA,NA,0.0,0,-16.77,-4.14,[],0,0,[],[]
14977540,14978360,NA,NOF,0.0,424,pause,NA,NA,NA,NA,0.0,0,-32.55,-20.43,[],0,0,[],[]
14978360,14979370,NA,OLN,0.0,424,pause,NA,NA,NA,NA,0.0,0,-15.82,-3.38,[],0,0,[],[]
14979370,14980450,NA,FAF,0.0,424,pause,NA,NA,NA,NA,0.0,0,-33.4,-17.34,[],0,0,[],[]
14980450,14981250,NA,OLN,0.0,424,pause,NA,NA,NA,NA,0.0,0,-19.82,-5.51,[],0,0,[],[]
14981250,14982050,OCH,CXN,0.0,424,XM,BC,0,NT,FI,0.0,0,-20.82,-13.07,[],0,0,[],[]
14982050,14982850,OCH,CXN,0.0,424,XM,RC,0,NT,FH,0.0,0,-28.81,-14.83,[],0,0,[],[]
14982850,14983650,OCH,CXN,0.0,424,XM,RC,0,NT,FH,0.0,0,-18.92,-3.16,[],0,0,[],[]
14983650,14984450,NA,OLN,0.0,424,XM,NA,NA,NA,NA,0.0,0,-19.68,-6.49,[],0,0,[],[]
14984450,14985330,OCH,CXN,0.0,424,XM,EC,0,NT,FH,0.0,0,-32.81,-25.51,[],0,0,[],[]
14985330,14986150,NA,OLN,0.0,425,pause,NA,NA,NA,NA,0.0,0,-18.25,-4.36,[],0,0,[],[]
14986150,14987230,NA,MAF,0.0,425,pause,NA,NA,NA,NA,0.0,0,-36.99,-23.45,[],0,0,[],[]
14987230,14988490,NA,OLN,0.0,425,pause,NA,NA,NA,NA,0.0,0,-17.04,-4.64,[],0,0,[],[]
14988490,14989990,NA,FAF,0.0,425,pause,NA,NA,NA,NA,0.0,0,-17.9,-3.78,[],0,0,[],[]
14989990,14990810,NA,OLF,0.0,425,pause,NA,NA,NA,NA,0.0,0,-33.63,-20.01,[],0,0,[],[]
14990810,14991840,NA,MAF,0.0,425,pause,NA,NA,NA,NA,0.0,0,-14.51,-4.04,[],0,0,[],[]
14991840,14992640,NA,OLN,0.0,425,pause,NA,NA,NA,NA,0.0,0,-19.87,-5.21,[],0,0,[],[]
14992640,14993390,NA,CHF,0.0,425,pause,NA,NA,NA,NA,0.0,0,-16.81,-4.79,[],0,0,[],[]
14993390,14994540,NA,MAF,0.0,425,pause,NA,NA,NA,NA,0.0,0,-39.86,-27.75,[],0,0,[],[]
14994540,14995340,OCH,CXN,0.0,425,XIOCA,BC,0,NT,FI,0.0,0,-27.76,-16.83,[],0,0,[],[]
14995340,14996640,NA,NOF,0.0,425,XIOCA,NA,NA,NA,NA,0.0,0,-37.72,-22.3,[],0,0,[],[]
14996640,14997440,OCH,CXN,0.0,425,XIOCA,RC,0,NT,FH,0.0,0,-29.42,-15.71,[],0,0,[],[]
14997440,14999000,NA,OLN,0.0,425,XIOCA,NA,NA,NA,NA,0.0,0,-27.37,-13.61,[],0,0,[],[]
14999000,15000000,MAL,MAN,4.74,425,XIOCA,EC,0,NT,FI,0.0,0,-30.42,-22.61,[],0,0,[],[]
15000000,15000850,NA,OLF,0.0,426,pause,NA,NA,NA,NA,0.0,0,-19.25,-7.04,[],0,0,[],[]
15000850,15001860,FEM,FAN,0.0,426,pause,NA,NA,NA,NA,0.0,0,-31.7,-21.06,[],1010,0,[],[]
15001860,15002820,NA,OLN,0.0,426,pause,NA,NA,NA,NA,0.0,0,-32.7,-21.02,[],0,0,[],[]
15002820,15003620,NA,NOF,0.0,426,pause,NA,NA,NA,NA,0.0,0,-24.75,-11.78,[],0,0,[],[]
15003620,15004420,NA,SIL,0.0,426,pause,NA,NA,NA,NA,0.0,0,-46.09,-40.71,[],0,0,[],[]
15004420,15005220,NA,NOF,0.0,426,pause,NA,NA,NA,NA,0.0,0,-21.67,-5.82,[],0,0,[],[]
15005220,15006220,NA,FAF,0.0,426,pause,NA,NA,NA,NA,0.0,0,-35.3,-23.19,[],0,0,[],[]
15006220,15007100,NA,NOF,0.0,426,pause,NA,NA,NA,NA,0.0,0,-22.19,-5.48,[],0,0,[],[]
15007100,15008150,OCH,CXN,0.0,426,XM,BC,0,NT,FI,0.0,0,-39.45,-28.24,[],0,0,[],[]
15008150,15009040,NA,OLN,0.0,426,XM,NA,NA,NA,NA,0.0,0,-34.01,-26.5,[],0,0,[],[]
15009040,15009840,OCH,CXN,0.0,426,XM,EC,0,NT,FH,0.0,0,-20.24,-8.86,[],0,0,[],[]
15009840,15011170,NA,NOF,0.0,427,pause,NA,NA,NA,NA,0.0,0,-37.63,-21.81,[],0,0,[],[]
15011170,15011980,NA,CXF,0.0,427,pause,NA,NA,NA,NA,0.0,0,-38.85,-27.72,[],0,0,[],[]
15011980,15012780,NA,OLN,0.0,427,pause,NA,NA,NA,NA,0.0,0,-14.79,-3.56,[],0,0,[],[]
15012780,15013780,NA,MAF,0.0,427,pause,NA,NA,NA,NA,0.0,0,-37.88,-24.45,[],0,0,[],[]
15013780,15015450,NA,OLN,0.0,427,pause,NA,NA,NA,NA,0.0,0,-31.6,-17.23,[],0,0,[],[]
15015450,15016380,NA,NOF,0.0,427,pause,NA,NA,NA,NA,0.0,0,-39.59,-25.59,[],0,0,[],[]
15016380,15017560,NA,FAF,0.0,427,pause,NA,NA,NA,NA,0.0,0,-40.68,-29.32,[],0,0,[],[]
15017560,15018410,NA,NOF,0.0,427,pause,NA,NA,NA,NA,0.0,0,-41.93,-36.11,[],0,0,[],[]
15018410,15021400,NA,FAF,0.0,427,pause,NA,NA,NA,NA,0.0,0,-37.47,-19.51,[],0,0,[],[]
15021400,15022240,NA,SIL,0.0,427,pause,NA,NA,NA,NA,0.0,0,-52.97,-47.62,[],0,0,[],[]
15022240,15026270,NA,OLN,0.0,427,pause,NA,NA,NA,NA,0.0,0,-23.27,-5.14,[],0,0,[],[]
15026270,15027580,MAL,MAN,0.0,427,pause,NA,NA,NA,NA,0.0,0,-29.84,-14.21,[],1310,0,[],[]
15027580,15029230,OCH,CXN,0.0,427,XIOCC,BC,0,NT,FI,0.0,0,-32.88,-24.92,[],0,0,[],[]
15029230,15030110,NA,OLN,0.0,427,XIOCC,NA,NA,NA,NA,0.0,0,-27.21,-10.88,[],0,0,[],[]
15030110,15030850,CHI,CHN,0.0,427,XIOCC,RC,0,NT,FI,1.0,740,-25.13,-19.44,"[{'Canonical-syllable': '0', 'Growl': '0', 'High-freq-energy': '0', 'Long-island': '0', 'Low-tilt-spectrum': '0', 'Medium-island': '1', 'Short-island': '0', 'Squeal': '0', 'Typical-entropy': '0', 'Voicing-quality': '1', 'Wide-band': '0', 'Xlong-island': '0', 'seq': '1', 'end': 15030.85, 'start': 15030.36}]",0,0,[],[]
15030850,15031850,CHI,CHN,0.0,427,XIOCC,RC,0,NT,FH,1.0,1000,-24.26,-12.07,"[{'Canonical-syllable': '0', 'Growl': '0', 'High-freq-energy': '0', 'Long-island': '0', 'Low-tilt-spectrum': '1', 'Medium-island': '0', 'Short-island': '0', 'Squeal': '0', 'Typical-entropy': '1', 'Voicing-quality': '1', 'Wide-band': '0', 'Xlong-island': '1', 'seq': '1', 'end': 15031.85, 'start': 15030.85}]",0,0,[],[]
15031850,15032780,NA,NOF,0.0,427,XIOCC,NA,NA,NA,NA,0.0,0,-42.19,-34.32,[],0,0,[],[]
15032780,15033780,NA,MAF,0.0,427,XIOCC,NA,NA,NA,NA,0.0,0,-43.6,-33.4,[],0,0,[],[]
15033780,15034790,NA,OLN,0.0,427,XIOCC,NA,NA,NA,NA,0.0,0,-32.22,-24.72,[],0,0,[],[]
15034790,15036830,OCH,CXN,0.0,427,XIOCC,EC,0,NT,FI,0.0,0,-26.98,-6.21,[],0,0,[],[]
15036830,15039280,NA,OLF,0.0,428,pause,NA,NA,NA,NA,0.0,0,-41.49,-30.74,[],0,0,[],[]
15039280,15041000,NA,NOF,0.0,428,pause,NA,NA,NA,NA,0.0,0,-38.78,-21.06,[],0,0,[],[]
15041000,15042060,NA,SIL,0.0,428,pause,NA,NA,NA,NA,0.0,0,-48.82,-38.64,[],0,0,[],[]
15042060,15042980,OCH,CXN,0.0,428,XIOCAC,BC,0,NT,FI,0.0,0,-14.14,-2.69,[],0,0,[],[]
15042980,15043780,NA,OLF,0.0,428,XIOCAC,NA,NA,NA,NA,0.0,0,-37.11,-25.89,[],0,0,[],[]
15043780,15044870,NA,FAF,0.0,428,XIOCAC,NA,NA,NA,NA,0.0,0,-39.51,-29.3,[],0,0,[],[]
15044870,15045670,NA,OLN,0.0,428,XIOCAC,NA,NA,NA,NA,0.0,0,-31.59,-19.27,[],0,0,[],[]
15045670,15046670,OCH,CXN,0.0,428,XIOCAC,RC,0,NT,FH,0.0,0,-20.27,-15.7,[],0,0,[],[]
15046670,15048320,NA,OLN,0.0,428,XIOCAC,NA,NA,NA,NA,0.0,0,-34.0,-21.78,[],0,0,[],[]
15048320,15049320,MAL,MAN,2.96,428,XIOCAC,RC,0,NT,FI,0.0,0,-21.2,-6.44,[],0,0,[],[]
15049320,15050350,NA,FAF,0.0,428,XIOCAC,NA,NA,NA,NA,0.0,0,-37.72,-28.07,[],0,0,[],[]
15050350,15053160,NA,NOF,0.0,428,XIOCAC,NA,NA,NA,NA,0.0,0,-23.59,-4.13,[],0,0,[],[]
15053160,15054070,NA,OLN,0.0,428,XIOCAC,NA,NA,NA,NA,0.0,0,-18.59,-9.29,[],0,0,[],[]
15054070,15055690,FEM,FAN,9.26,428,XIOCAC,RC,0,NT,FI,0.0,0,-20.29,-11.6,[],0,0,[],[]
15055690,15057100,NA,OLN,0.0,428,XIOCAC,NA,NA,NA,NA,0.0,0,-20.07,-9.09,[],0,0,[],[]
15057100,15059610,OCH,CXN,0.0,428,XIOCAC,RC,0,NT,FI,0.0,0,-19.38,-10.31,[],0,0,[],[]
15059610,15060900,NA,OLN,0.0,428,XIOCAC,NA,NA,NA,NA,0.0,0,-37.6,-31.51,[],0,0,[],[]
15060900,15061700,OCH,CXN,0.0,428,XIOCAC,RC,0,NT,FH,0.0,0,-14.57,-3.89,[],0,0,[],[]
15061700,15063060,NA,OLN,0.0,428,XIOCAC,NA,NA,NA,NA,0.0,0,-15.09,-4.13,[],0,0,[],[]
15063060,15064620,NA,NOF,0.0,428,XIOCAC,NA,NA,NA,NA,0.0,0,-30.52,-10.48,[],0,0,[],[]
15064620,15065820,OCH,CXN,0.0,428,XIOCAC,RC,0,NT,FH,0.0,0,-34.44,-27.16,[],0,0,[],[]
15065820,15066700,NA,NOF,0.0,428,XIOCAC,NA,NA,NA,NA,0.0,0,-35.82,-20.17,[],0,0,[],[]
15066700,15067890,OCH,CXN,0.0,428,XIOCAC,RC,0,NT,FH,0.0,0,-37.58,-32.03,[],0,0,[],[]
15067890,15069350,NA,OLN,0.0,428,XIOCAC,NA,NA,NA,NA,0.0,0,-18.14,-5.32,[],0,0,[],[]
15069350,15070290,NA,NOF,0.0,428,XIOCAC,NA,NA,NA,NA,0.0,0,-19.78,-4.97,[],0,0,[],[]
15070290,15071110,NA,OLN,0.0,428,XIOCAC,NA,NA,NA,NA,0.0,0,-25.42,-9.33,[],0,0,[],[]
15071110,15071710,NA,OLF,0.0,428,XIOCAC,NA,NA,NA,NA,0.0,0,-16.75,-6.24,[],0,0,[],[]
15071710,15072970,OCH,CXN,0.0,428,XIOCAC,RC,0,NT,FH,0.0,0,-31.82,-17.74,[],0,0,[],[]
15072970,15073790,NA,OLN,0.0,428,XIOCAC,NA,NA,NA,NA,0.0,0,-34.88,-28.57,[],0,0,[],[]
15073790,15074720,NA,NOF,0.0,428,XIOCAC,NA,NA,NA,NA,0.0,0,-41.69,-28.09,[],0,0,[],[]
15074720,15075490,CHI,CHN,0.0,428,XIOCAC,NA,NA,NA,NA,0.0,0,-16.71,-3.89,[],0,0,[],[]
15075490,15076820,NA,FAF,0.0,428,XIOCAC,NA,NA,NA,NA,0.0,0,-20.53,-3.65,[],0,0,[],[]
15076820,15077940,CHI,CHN,0.0,428,XIOCAC,EC,0,NT,FI,2.0,570,-17.66,-4.83,"[{'Canonical-syllable': '0', 'Growl': '0', 'High-freq-energy': '0', 'Long-island': '0', 'Low-tilt-spectrum': '1', 'Medium-island': '0', 'Short-island': '1', 'Squeal': '0', 'Typical-entropy': '1', 'Voicing-quality': '0', 'Wide-band': '0', 'Xlong-island': '0', 'seq': '1', 'end': 15077.07, 'start': 15076.91}, {'Canonical-syllable': '0', 'Growl': '0', 'High-freq-energy': '0', 'Long-island': '0', 'Low-tilt-spectrum': '0', 'Medium-island': '1', 'Short-island': '0', 'Squeal': '0', 'Typical-entropy': '1', 'Voicing-quality': '1', 'Wide-band': '1', 'Xlong-island': '0', 'seq': '2', 'end': 15077.94, 'start': 15077.62}]",0,0,[],[]
15077940,15080670,NA,OLN,0.0,429,pause,NA,NA,NA,NA,0.0,0,-25.37,-7.98,[],0,0,[],[]
15080670,15081670,NA,FAF,0.0,429,pause,NA,NA,NA,NA,0.0,0,-33.24,-16.58,[],0,0,[],[]
15081670,15084190,NA,NOF,0.0,429,pause,NA,NA,NA,NA,0.0,0,-13.74,-3.36,[],0,0,[],[]
15084190,15085190,NA,FAF,0.0,429,pause,NA,NA,NA,NA,0.0,0,-17.03,-4.64,[],0,0,[],[]
15085190,15086850,NA,OLN,0.0,429,pause,NA,NA,NA,NA,0.0,0,-19.68,-4.86,[],0,0,[],[]
15086850,15087790,NA,OLF,0.0,429,pause,NA,NA,NA,NA,0.0,0,-28.7,-16.45,[],0,0,[],[]
15087790,15089080,NA,OLN,0.0,429,pause,NA,NA,NA,NA,0.0,0,-30.99,-20.14,[],0,0,[],[]
15089080,15089750,NA,CHF,0.0,429,CM,EC,0,NT,FI,1.0,670,-30.49,-18.67,"[{'Canonical-syllable': '0', 'Growl': '2', 'High-freq-energy': '2', 'Long-island': '0', 'Low-tilt-spectrum': '2', 'Medium-island': '1', 'Short-island': '1', 'Squeal': '0', 'Typical-entropy': '2', 'Voicing-quality': '0', 'Wide-band': '0', 'Xlong-island': '0', 'seq': '1', 'end': 15089.75, 'start': 15089.08}]",0,0,[],[]
15089750,15091590,NA,NOF,0.0,430,pause,NA,NA,NA,NA,0.0,0,-19.95,-4.21,[],0,0,[],[]
15091590,15092540,NA,OLN,0.0,430,pause,NA,NA,NA,NA,0.0,0,-28.61,-17.17,[],0,0,[],[]
15092540,15093580,NA,NOF,0.0,430,pause,NA,NA,NA,NA,0.0,0,-16.01,-5.27,[],0,0,[],[]
15093580,15094400,NA,OLN,0.0,430,pause,NA,NA,NA,NA,0.0,0,-32.4,-19.91,[],0,0,[],[]
15094400,15095220,NA,NOF,0.0,430,pause,NA,NA,NA,NA,0.0,0,-31.36,-21.5,[],0,0,[],[]
15095220,15096250,NA,OLN,0.0,430,pause,NA,NA,NA,NA,0.0,0,-17.1,-4.27,[],0,0,[],[]
15096250,15096860,OCH,CXN,0.0,430,XIOCA,BC,0,NT,FI,0.0,0,-28.8,-21.0,[],0,0,[],[]
15096860,15097850,NA,OLN,0.0,430,XIOCA,NA,NA,NA,NA,0.0,0,-23.05,-12.93,[],0,0,[],[]
15097850,15098850,FEM,FAN,4.74,430,XIOCA,EC,0,NT,FI,0.0,0,-22.7,-10.59,[],0,0,[],[]
15098850,15099690,NA,OLN,0.0,431,pause,NA,NA,NA,NA,0.0,0,-32.09,-23.03,[],0,0,[],[]
15099690,15101250,NA,NOF,0.0,431,pause,NA,NA,NA,NA,0.0,0,-23.94,-5.18,[],0,0,[],[]
15101250,15102210,NA,OLF,0.0,431,pause,NA,NA,NA,NA,0.0,0,-31.64,-17.4,[],0,0,[],[]
15102210,15103990,NA,NOF,0.0,431,pause,NA,NA,NA,NA,0.0,0,-23.41,-4.69,[],0,0,[],[]
15103990,15104840,NA,OLN,0.0,431,pause,NA,NA,NA,NA,0.0,0,-13.42,-4.07,[],0,0,[],[]
15104840,15105840,MAL,MAN,4.72,431,AMM,EC,0,NT,FI,0.0,0,-28.88,-21.9,[],0,0,[],[]
15105840,15110390,NA,NON,0.0,432,pause,NA,NA,NA,NA,0.0,0,-20.08,-3.43,[],0,0,[],[]
15110390,15116200,NA,OLN,0.0,432,pause,NA,NA,NA,NA,0.0,0,-19.49,-2.92,[],0,0,[],[]
15116200,15117480,NA,MAF,0.0,432,pause,NA,NA,NA,NA,0.0,0,-35.51,-18.08,[],0,0,[],[]
15117480,15118320,NA,OLF,0.0,432,pause,NA,NA,NA,NA,0.0,0,-42.44,-33.67,[],0,0,[],[]
15118320,15119340,NA,MAF,0.0,432,pause,NA,NA,NA,NA,0.0,0,-39.09,-31.79,[],0,0,[],[]
15119340,15120690,NA,OLN,0.0,432,pause,NA,NA,NA,NA,0.0,0,-15.88,-2.9,[],0,0,[],[]
15120690,15121700,MAL,MAN,0.0,432,pause,NA,NA,NA,NA,0.0,0,-31.02,-15.44,[],1010,0,[],[]
15121700,15122990,NA,OLF,0.0,432,pause,NA,NA,NA,NA,0.0,0,-26.82,-13.36,[],0,0,[],[]
15122990,15123790,NA,NOF,0.0,432,pause,NA,NA,NA,NA,0.0,0,-28.11,-15.47,[],0,0,[],[]
15123790,15126940,NA,OLN,0.0,432,pause,NA,NA,NA,NA,0.0,0,-26.82,-7.73,[],0,0,[],[]
15126940,15128210,MAL,MAN,0.0,432,pause,NA,NA,NA,NA,0.0,0,-34.96,-16.9,[],1270,0,[],[]
15128210,15129200,NA,OLN,0.0,432,pause,NA,NA,NA,NA,0.0,0,-18.24,-3.77,[],0,0,[],[]
15129200,15130200,MAL,MAN,0.0,432,pause,NA,NA,NA,NA,0.0,0,-36.9,-30.48,[],1000,0,[],[]
15130200,15131010,NA,OLF,0.0,432,pause,NA,NA,NA,NA,0.0,0,-25.19,-12.81,[],0,0,[],[]
15131010,15132410,MAL,MAN,4.44,432,AIOCM,BC,0,NT,FI,0.0,0,-33.85,-19.24,[],0,0,[],[]
15132410,15133410,NA,FAF,0.0,432,AIOCM,NA,NA,NA,NA,0.0,0,-37.91,-32.77,[],0,0,[],[]
15133410,15136000,NA,OLN,0.0,432,AIOCM,NA,NA,NA,NA,0.0,0,-26.79,-6.8,[],0,0,[],[]
15136000,15137000,MAL,MAN,0.0,432,AIOCM,NA,NA,NA,NA,0.0,0,-28.43,-17.74,[],1000,0,[],[]
15137000,15137800,OCH,CXN,0.0,432,AIOCM,RC,0,NT,FI,0.0,0,-24.04,-19.15,[],0,0,[],[]
15137800,15138810,NA,MAF,0.0,432,AIOCM,NA,NA,NA,NA,0.0,0,-38.87,-32.02,[],0,0,[],[]
15138810,15139880,OCH,CXN,0.0,432,AIOCM,EC,0,NT,FH,0.0,0,-33.87,-23.53,[],0,0,[],[]
15139880,15142760,NA,OLN,0.0,433,pause,NA,NA,NA,NA,0.0,0,-26.0,-4.75,[],0,0,[],[]
15142760,15143600,NA,NON,0.0,433,pause,NA,NA,NA,NA,0.0,0,-17.27,-3.47,[],0,0,[],[]
15143600,15145150,NA,OLN,0.0,433,pause,NA,NA,NA,NA,0.0,0,-16.09,-4.11,[],0,0,[],[]
15145150,15146190,MAL,MAN,10.32,433,AMM,BC,0,NT,FI,0.0,0,-23.72,-12.34,[],0,0,[],[]
15146190,15147860,NA,NOF,0.0,433,AMM,NA,NA,NA,NA,0.0,0,-23.47,-3.02,[],0,0,[],[]
15147860,15148680,NA,OLN,0.0,433,AMM,NA,NA,NA,NA,0.0,0,-34.65,-27.77,[],0,0,[],[]
15148680,15150230,MAL,MAN,5.55,433,AMM,EC,0,NT,FH,0.0,0,-27.43,-19.09,[],0,0,[],[]
15150230,15154060,NA,OLN,0.0,434,pause,NA,NA,NA,NA,0.0,0,-27.36,-8.62,[],0,0,[],[]
15154060,15155360,NA,MAF,0.0,434,pause,NA,NA,NA,NA,0.0,0,-38.26,-20.97,[],0,0,[],[]
15155360,15156190,OCH,CXN,0.0,434,XIOCA,BC,0,NT,FI,0.0,0,-26.25,-19.93,[],0,0,[],[]
15156190,15158400,NA,OLN,0.0,434,XIOCA,NA,NA,NA,NA,0.0,0,-30.92,-24.43,[],0,0,[],[]
15158400,15160250,MAL,MAN,10.24,434,XIOCA,EC,0,NT,FI,0.0,0,-28.15,-18.41,[],0,0,[],[]
15160250,15168230,NA,OLN,0.0,435,pause,NA,NA,NA,NA,0.0,0,-17.91,-2.66,[],0,0,[],[]
15168230,15168840,CHI,CHN,0.0,435,pause,NA,NA,NA,NA,0.0,0,-10.67,-3.59,[],0,610,"[{'start': 15168.23, 'end': 15168.84}]",[]
15168840,15169650,OCH,CXN,0.0,435,XM,EC,0,NT,FI,0.0,0,-22.11,-17.7,[],0,0,[],[]
15169650,15177430,NA,OLN,0.0,436,pause,NA,NA,NA,NA,0.0,0,-20.61,-4.98,[],0,0,[],[]
15177430,15178370,NA,NOF,0.0,436,pause,NA,NA,NA,NA,0.0,0,-29.99,-17.01,[],0,0,[],[]
15178370,15182420,NA,OLF,0.0,436,pause,NA,NA,NA,NA,0.0,0,-32.48,-12.93,[],0,0,[],[]
15182420,15184820,NA,TVN,0.0,436,pause,NA,NA,NA,NA,0.0,0,-34.09,-25.07,[],0,0,[],[]
15184820,15188020,NA,OLN,0.0,436,pause,NA,NA,NA,NA,0.0,0,-16.93,-2.88,[],0,0,[],[]
15188020,15189430,MAL,MAN,0.0,436,pause,NA,NA,NA,NA,0.0,0,-33.31,-27.11,[],1410,0,[],[]
15189430,15199840,NA,OLN,0.0,436,pause,NA,NA,NA,NA,0.0,0,-25.41,-3.75,[],0,0,[],[]
15199840,15200900,NA,NON,0.0,436,pause,NA,NA,NA,NA,0.0,0,-29.53,-18.77,[],0,0,[],[]
15200900,15203780,NA,OLN,0.0,436,pause,NA,NA,NA,NA,0.0,0,-35.54,-24.98,[],0,0,[],[]
15203780,15205490,NA,MAF,0.0,436,pause,NA,NA,NA,NA,0.0,0,-38.61,-30.32,[],0,0,[],[]
15205490,15206980,OCH,CXN,0.0,436,XIOCA,BC,0,NT,FI,0.0,0,-16.25,-8.96,[],0,0,[],[]
15206980,15207780,NA,NOF,0.0,436,XIOCA,NA,NA,NA,NA,0.0,0,-27.61,-10.6,[],0,0,[],[]
15207780,15208680,NA,OLN,0.0,436,XIOCA,NA,NA,NA,NA,0.0,0,-36.75,-32.54,[],0,0,[],[]
15208680,15209820,MAL,MAN,13.84,436,XIOCA,EC,0,NT,FI,0.0,0,-24.04,-7.83,[],0,0,[],[]
15209820,15211780,NA,OLN,0.0,437,pause,NA,NA,NA,NA,0.0,0,-34.29,-23.84,[],0,0,[],[]
15211780,15214210,NA,MAF,0.0,437,pause,NA,NA,NA,NA,0.0,0,-38.7,-27.77,[],0,0,[],[]
15214210,15217620,NA,OLF,0.0,437,pause,NA,NA,NA,NA,0.0,0,-37.35,-19.64,[],0,0,[],[]
15217620,15218910,NA,MAF,0.0,437,pause,NA,NA,NA,NA,0.0,0,-37.55,-27.57,[],0,0,[],[]
15218910,15219710,NA,OLF,0.0,437,pause,NA,NA,NA,NA,0.0,0,-37.39,-29.11,[],0,0,[],[]
15219710,15220510,NA,NON,0.0,437,pause,NA,NA,NA,NA,0.0,0,-20.42,-3.27,[],0,0,[],[]
15220510,15225440,NA,OLN,0.0,437,pause,NA,NA,NA,NA,0.0,0,-23.23,-4.52,[],0,0,[],[]
15225440,15226490,NA,MAF,0.0,437,pause,NA,NA,NA,NA,0.0,0,-33.2,-21.0,[],0,0,[],[]
15226490,15227410,NA,OLN,0.0,437,pause,NA,NA,NA,NA,0.0,0,-29.85,-19.02,[],0,0,[],[]
15227410,15228550,NA,OLF,0.0,437,pause,NA,NA,NA,NA,0.0,0,-35.62,-22.7,[],0,0,[],[]
15228550,15232490,NA,OLN,0.0,437,pause,NA,NA,NA,NA,0.0,0,-22.1,-4.17,[],0,0,[],[]
15232490,15234150,MAL,MAN,2.66,437,AMM,EC,0,NT,FI,0.0,0,-34.77,-20.51,[],0,0,[],[]
15234150,15235430,NA,OLF,0.0,438,pause,NA,NA,NA,NA,0.0,0,-20.21,-4.99,[],0,0,[],[]
15235430,15236780,NA,MAF,0.0,438,pause,NA,NA,NA,NA,0.0,0,-39.15,-31.94,[],0,0,[],[]
15236780,15246240,NA,OLN,0.0,438,pause,NA,NA,NA,NA,0.0,0,-22.19,-3.78,[],0,0,[],[]
15246240,15247280,NA,TVN,0.0,438,pause,NA,NA,NA,NA,0.0,0,-38.3,-32.55,[],0,0,[],[]
15247280,15248340,NA,OLF,0.0,438,pause,NA,NA,NA,NA,0.0,0,-33.0,-17.37,[],0,0,[],[]
15248340,15250960,NA,MAF,0.0,438,pause,NA,NA,NA,NA,0.0,0,-29.09,-7.7,[],0,0,[],[]
15250960,15253820,NA,OLF,0.0,438,pause,NA,NA,NA,NA,0.0,0,-23.45,-5.74,[],0,0,[],[]
15253820,15255060,FEM,FAN,0.0,438,pause,NA,NA,NA,NA,0.0,0,-18.25,-3.19,[],1240,0,[],[]
15255060,15257060,NA,OLF,0.0,438,pause,NA,NA,NA,NA,0.0,0,-30.16,-9.2,[],0,0,[],[]
15257060,15258080,NA,TVF,0.0,438,pause,NA,NA,NA,NA,0.0,0,-37.42,-30.86,[],0,0,[],[]
15258080,15260860,NA,MAF,0.0,438,pause,NA,NA,NA,NA,0.0,0,-39.09,-27.98,[],0,0,[],[]
15260860,15262960,NA,OLF,0.0,438,pause,NA,NA,NA,NA,0.0,0,-38.65,-23.43,[],0,0,[],[]
15262960,15264010,NA,MAF,0.0,438,pause,NA,NA,NA,NA,0.0,0,-35.79,-21.5,[],0,0,[],[]
15264010,15267830,NA,OLN,0.0,438,pause,NA,NA,NA,NA,0.0,0,-22.36,-4.61,[],0,0,[],[]
15267830,15269110,NA,NOF,0.0,438,pause,NA,NA,NA,NA,0.0,0,-37.43,-25.64,[],0,0,[],[]
15269110,15271480,NA,OLN,0.0,438,pause,NA,NA,NA,NA,0.0,0,-30.89,-16.19,[],0,0,[],[]
15271480,15273330,NA,OLF,0.0,438,pause,NA,NA,NA,NA,0.0,0,-31.66,-11.21,[],0,0,[],[]
15273330,15274330,NA,MAF,0.0,438,pause,NA,NA,NA,NA,0.0,0,-39.9,-34.0,[],0,0,[],[]
15274330,15275440,NA,OLF,0.0,438,pause,NA,NA,NA,NA,0.0,0,-37.9,-29.52,[],0,0,[],[]
15275440,15276400,NA,NOF,0.0,438,pause,NA,NA,NA,NA,0.0,0,-18.44,-4.18,[],0,0,[],[]
15276400,15278720,NA,OLN,0.0,438,pause,NA,NA,NA,NA,0.0,0,-20.6,-4.87,[],0,0,[],[]
15278720,15279540,NA,NON,0.0,438,pause,NA,NA,NA,NA,0.0,0,-20.39,-5.51,[],0,0,[],[]
15279540,15286090,NA,OLN,0.0,438,pause,NA,NA,NA,NA,0.0,0,-23.77,-3.76,[],0,0,[],[]
15286090,15286890,NA,NOF,0.0,438,pause,NA,NA,NA,NA,0.0,0,-14.86,-4.02,[],0,0,[],[]
15286890,15289360,NA,OLN,0.0,438,pause,NA,NA,NA,NA,0.0,0,-23.89,-7.69,[],0,0,[],[]
15289360,15290860,NA,TVN,0.0,438,pause,NA,NA,NA,NA,0.0,0,-38.14,-31.07,[],0,0,[],[]
15290860,15291960,OCH,CXN,0.0,438,XM,EC,0,NT,FI,0.0,0,-16.79,-11.04,[],0,0,[],[]
15291960,15292990,NA,TVF,0.0,439,pause,NA,NA,NA,NA,0.0,0,-41.02,-37.41,[],0,0,[],[]
15292990,15299030,NA,OLN,0.0,439,pause,NA,NA,NA,NA,0.0,0,-29.03,-8.17,[],0,0,[],[]
15299030,15300080,NA,TVN,0.0,439,pause,NA,NA,NA,NA,0.0,0,-38.92,-34.06,[],0,0,[],[]
15300080,15308680,NA,OLF,0.0,439,pause,NA,NA,NA,NA,0.0,0,-26.84,-8.0,[],0,0,[],[]
15308680,15311570,NA,TVN,0.0,439,pause,NA,NA,NA,NA,0.0,0,-38.15,-32.06,[],0,0,[],[]
15311570,15322980,NA,OLF,0.0,439,pause,NA,NA,NA,NA,0.0,0,-28.11,-5.49,[],0,0,[],[]
15322980,15324410,NA,MAF,0.0,439,pause,NA,NA,NA,NA,0.0,0,-21.93,-3.95,[],0,0,[],[]
15324410,15326510,NA,OLF,0.0,439,pause,NA,NA,NA,NA,0.0,0,-20.86,-3.49,[],0,0,[],[]
15326510,15328620,NA,MAF,0.0,439,pause,NA,NA,NA,NA,0.0,0,-36.84,-23.97,[],0,0,[],[]
15328620,15330140,NA,OLF,0.0,439,pause,NA,NA,NA,NA,0.0,0,-33.41,-24.09,[],0,0,[],[]
15330140,15331380,NA,MAF,0.0,439,pause,NA,NA,NA,NA,0.0,0,-18.51,-6.56,[],0,0,[],[]
15331380,15332690,NA,OLN,0.0,439,pause,NA,NA,NA,NA,0.0,0,-31.53,-24.47,[],0,0,[],[]
15332690,15333770,MAL,MAN,0.07,439,AIOCM,BC,0,NT,FI,0.0,0,-30.97,-20.72,[],0,0,[],[]
15333770,15334800,NA,OLN,0.0,439,AIOCM,NA,NA,NA,NA,0.0,0,-31.66,-21.23,[],0,0,[],[]
15334800,15335790,OCH,CXN,0.0,439,AIOCM,RC,0,NT,FI,0.0,0,-27.52,-18.77,[],0,0,[],[]
15335790,15337310,NA,OLN,0.0,439,AIOCM,NA,NA,NA,NA,0.0,0,-21.35,-5.02,[],0,0,[],[]
15337310,15339950,MAL,MAN,0.0,439,AIOCM,NA,NA,NA,NA,0.0,0,-30.59,-18.56,[],2640,0,[],[]
15339950,15340960,OCH,CXN,0.0,439,AIOCM,RC,0,NT,FH,0.0,0,-15.23,-8.12,[],0,0,[],[]
15340960,15341930,OCH,CXN,0.0,439,AIOCM,RC,0,NT,FH,0.0,0,-16.34,-7.05,[],0,0,[],[]
15341930,15342950,MAL,MAN,7.09,439,AIOCM,EC,0,NT,FI,0.0,0,-24.0,-10.94,[],0,0,[],[]
15342950,15355130,NA,OLN,0.0,440,pause,NA,NA,NA,NA,0.0,0,-24.38,-3.79,[],0,0,[],[]
15355130,15356130,MAL,MAN,1.02,440,AMM,EC,0,NT,FI,0.0,0,-31.84,-24.29,[],0,0,[],[]
15356130,15357330,NA,OLF,0.0,441,pause,NA,NA,NA,NA,0.0,0,-39.4,-32.56,[],0,0,[],[]
15357330,15358330,NA,MAF,0.0,441,pause,NA,NA,NA,NA,0.0,0,-40.33,-35.84,[],0,0,[],[]
15358330,15361510,NA,OLN,0.0,441,pause,NA,NA,NA,NA,0.0,0,-26.72,-4.3,[],0,0,[],[]
15361510,15362590,NA,MAF,0.0,441,pause,NA,NA,NA,NA,0.0,0,-36.59,-30.48,[],0,0,[],[]
15362590,15364230,NA,OLN,0.0,441,pause,NA,NA,NA,NA,0.0,0,-21.12,-4.79,[],0,0,[],[]
15364230,15364830,FEM,FAN,6.96,441,AMF,EC,0,NT,FI,0.0,0,-25.36,-18.03,[],0,0,[],[]
15364830,15369920,NA,OLF,0.0,442,pause,NA,NA,NA,NA,0.0,0,-24.3,-3.35,[],0,0,[],[]
15369920,15370960,MAL,MAN,3.67,442,AICM,BC,0,NT,FI,0.0,0,-28.86,-16.48,[],0,0,[],[]
15370960,15372360,OCH,CXN,0.0,442,AICM,RC,0,NT,FI,0.0,0,-18.76,-11.77,[],0,0,[],[]
15372360,15374320,NA,OLN,0.0,442,AICM,NA,NA,NA,NA,0.0,0,-17.43,-3.44,[],0,0,[],[]
15374320,15374920,CHI,CHN,0.0,442,AICM,NA,NA,NA,NA,0.0,0,-11.76,-4.11,[],0,410,"[{'start': 15374.32, 'end': 15374.73}]",[]
15374920,15375880,OCH,CXN,0.0,442,AICM,RC,0,NT,FH,0.0,0,-16.32,-4.47,[],0,0,[],[]
15375880,15376800,CHI,CHN,0.0,442,AICM,NA,NA,NA,NA,0.0,0,-14.33,-6.39,[],0,750,"[{'start': 15375.88, 'end': 15376.63}]",[]
15376800,15378030,NA,OLN,0.0,442,AICM,NA,NA,NA,NA,0.0,0,-25.85,-14.78,[],0,0,[],[]
15378030,15378870,OCH,CXN,0.0,442,AICM,RC,0,NT,FH,0.0,0,-17.96,-9.39,[],0,0,[],[]
15378870,15381960,NA,OLN,0.0,442,AICM,NA,NA,NA,NA,0.0,0,-19.32,-10.6,[],0,0,[],[]
15381960,15383010,FEM,FAN,7.34,442,AICM,RC,0,TIFI,FI,0.0,0,-26.07,-19.79,[],0,0,[],[]
15383010,15383810,NA,OLN,0.0,442,AICM,NA,NA,NA,NA,0.0,0,-13.97,-3.86,[],0,0,[],[]
15383810,15384420,CHI,CHN,0.0,442,AICM,RC,1,TIFR,FI,1.0,610,-23.54,-18.15,"[{'Canonical-syllable': '0', 'Growl': '0', 'High-freq-energy': '0', 'Long-island': '0', 'Low-tilt-spectrum': '1', 'Medium-island': '1', 'Short-island': '0', 'Squeal': '0', 'Typical-entropy': '1', 'Voicing-quality': '1', 'Wide-band': '0', 'Xlong-island': '0', 'seq': '1', 'end': 15384.42, 'start': 15383.81}]",0,0,[],[]
15384420,15385230,NA,OLN,0.0,442,AICM,NA,NA,NA,NA,0.0,0,-24.0,-14.01,[],0,0,[],[]
15385230,15387140,NA,OLF,0.0,442,AICM,NA,NA,NA,NA,0.0,0,-32.98,-15.74,[],0,0,[],[]
15387140,15388750,FEM,FAN,7.89,442,AICM,RC,1,TIFI,FI,0.0,0,-29.15,-17.6,[],0,0,[],[]
15388750,15389360,CHI,CHN,0.0,442,AICM,RC,2,TIFR,FI,1.0,610,-19.4,-13.82,"[{'Canonical-syllable': '1', 'Growl': '0', 'High-freq-energy': '0', 'Long-island': '0', 'Low-tilt-spectrum': '1', 'Medium-island': '1', 'Short-island': '0', 'Squeal': '0', 'Typical-entropy': '1', 'Voicing-quality': '1', 'Wide-band': '0', 'Xlong-island': '0', 'seq': '1', 'end': 15389.36, 'start': 15388.75}]",0,0,[],[]
15389360,15390410,NA,OLN,0.0,442,AICM,NA,NA,NA,NA,0.0,0,-27.01,-16.63,[],0,0,[],[]
15390410,15391410,FEM,FAN,6.87,442,AICM,EC,2,TIFE,FI,0.0,0,-29.01,-20.57,[],0,0,[],[]
15391410,15398550,NA,OLN,0.0,443,pause,NA,NA,NA,NA,0.0,0,-15.4,-2.36,[],0,0,[],[]
15398550,15399770,CHI,CHN,0.0,443,CIC,BC,0,TIFI,FI,2.0,850,-15.0,-6.92,"[{'Canonical-syllable': '0', 'Growl': '0', 'High-freq-energy': '0', 'Long-island': '0', 'Low-tilt-spectrum': '0', 'Medium-island': '1', 'Short-island': '0', 'Squeal': '0', 'Typical-entropy': '0', 'Voicing-quality': '1', 'Wide-band': '0', 'Xlong-island': '0', 'seq': '1', 'end': 15398.92, 'start': 15398.55}, {'Canonical-syllable': '1', 'Growl': '0', 'High-freq-energy': '0', 'Long-island': '0', 'Low-tilt-spectrum': '0', 'Medium-island': '1', 'Short-island': '0', 'Squeal': '0', 'Typical-entropy': '0', 'Voicing-quality': '1', 'Wide-band': '0', 'Xlong-island': '0', 'seq': '2', 'end': 15399.77, 'start': 15399.29}]",0,0,[],[]
15399770,15400810,FEM,FAN,5.89,443,CIC,RC,1,TIFR,FI,0.0,0,-16.36,-3.81,[],0,0,[],[]
15400810,15404310,NA,OLN,0.0,443,CIC,NA,NA,NA,NA,0.0,0,-23.72,-5.54,[],0,0,[],[]
15404310,15404910,CHI,CHN,0.0,443,CIC,RC,1,TIFE,FI,1.0,230,-17.71,-10.85,"[{'Canonical-syllable': '0', 'Growl': '0', 'High-freq-energy': '0', 'Long-island': '0', 'Low-tilt-spectrum': '0', 'Medium-island': '0', 'Short-island': '1', 'Squeal': '0', 'Typical-entropy': '1', 'Voicing-quality': '1', 'Wide-band': '0', 'Xlong-island': '0', 'seq': '1', 'end': 15404.91, 'start': 15404.68}]",0,0,[],[]
15404910,15405710,NA,OLN,0.0,443,CIC,NA,NA,NA,NA,0.0,0,-17.16,-4.15,[],0,0,[],[]
15405710,15407210,CHI,CHN,0.0,443,CIC,RC,1,TIMI,FH,1.0,1500,-19.99,-13.17,"[{'Canonical-syllable': '1', 'Growl': '0', 'High-freq-energy': '1', 'Long-island': '1', 'Low-tilt-spectrum': '1', 'Medium-island': '1', 'Short-island': '0', 'Squeal': '0', 'Typical-entropy': '2', 'Voicing-quality': '2', 'Wide-band': '0', 'Xlong-island': '0', 'seq': '1', 'end': 15407.21, 'start': 15405.71}]",0,0,[],[]
15407210,15408950,NA,OLN,0.0,443,CIC,NA,NA,NA,NA,0.0,0,-27.29,-17.67,[],0,0,[],[]
15408950,15410100,MAL,MAN,6.78,443,CIC,RC,2,TIMR,FI,0.0,0,-17.04,-4.44,[],0,0,[],[]
15410100,15411280,NA,OLF,0.0,443,CIC,NA,NA,NA,NA,0.0,0,-36.37,-23.8,[],0,0,[],[]
15411280,15412080,OCH,CXN,0.0,443,CIC,EC,2,NT,FI,0.0,0,-24.46,-18.35,[],0,0,[],[]
15412080,15413080,NA,TVF,0.0,444,pause,NA,NA,NA,NA,0.0,0,-38.59,-28.9,[],0,0,[],[]
15413080,15417100,NA,OLF,0.0,444,pause,NA,NA,NA,NA,0.0,0,-22.0,-3.39,[],0,0,[],[]
15417100,15418480,NA,NOF,0.0,444,pause,NA,NA,NA,NA,0.0,0,-19.68,-3.12,[],0,0,[],[]
15418480,15419330,NA,OLF,0.0,444,pause,NA,NA,NA,NA,0.0,0,-33.95,-26.25,[],0,0,[],[]
15419330,15420400,NA,NOF,0.0,444,pause,NA,NA,NA,NA,0.0,0,-41.36,-34.56,[],0,0,[],[]
15420400,15421200,OCH,CXN,0.0,444,XIOCA,BC,0,NT,FI,0.0,0,-32.04,-21.36,[],0,0,[],[]
15421200,15422060,NA,OLF,0.0,444,XIOCA,NA,NA,NA,NA,0.0,0,-35.17,-22.24,[],0,0,[],[]
15422060,15423140,MAL,MAN,0.93,444,XIOCA,RC,0,NT,FI,0.0,0,-31.36,-20.14,[],0,0,[],[]
15423140,15424180,NA,OLF,0.0,444,XIOCA,NA,NA,NA,NA,0.0,0,-34.52,-22.41,[],0,0,[],[]
15424180,15425250,NA,NOF,0.0,444,XIOCA,NA,NA,NA,NA,0.0,0,-40.3,-27.71,[],0,0,[],[]
15425250,15426210,NA,OLF,0.0,444,XIOCA,NA,NA,NA,NA,0.0,0,-41.04,-35.48,[],0,0,[],[]
15426210,15427420,NA,NOF,0.0,444,XIOCA,NA,NA,NA,NA,0.0,0,-39.69,-25.43,[],0,0,[],[]
15427420,15428490,MAL,MAN,2.23,444,XIOCA,RC,0,NT,FH,0.0,0,-35.11,-24.34,[],0,0,[],[]
15428490,15429860,NA,NOF,0.0,444,XIOCA,NA,NA,NA,NA,0.0,0,-39.23,-27.69,[],0,0,[],[]
15429860,15430660,NA,OLN,0.0,444,XIOCA,NA,NA,NA,NA,0.0,0,-16.53,-5.65,[],0,0,[],[]
15430660,15431870,MAL,MAN,8.17,444,XIOCA,EC,0,NT,FH,0.0,0,-35.93,-25.87,[],0,0,[],[]
15431870,15434830,NA,OLF,0.0,445,pause,NA,NA,NA,NA,0.0,0,-23.94,-3.3,[],0,0,[],[]
15434830,15435710,NA,NOF,0.0,445,pause,NA,NA,NA,NA,0.0,0,-23.46,-5.28,[],0,0,[],[]
15435710,15436560,NA,OLF,0.0,445,pause,NA,NA,NA,NA,0.0,0,-27.0,-8.29,[],0,0,[],[]
15436560,15437450,NA,NOF,0.0,445,pause,NA,NA,NA,NA,0.0,0,-37.49,-26.56,[],0,0,[],[]
15437450,15438450,NA,MAF,0.0,445,pause,NA,NA,NA,NA,0.0,0,-38.15,-29.28,[],0,0,[],[]
15438450,15439280,NA,NOF,0.0,445,pause,NA,NA,NA,NA,0.0,0,-35.14,-17.67,[],0,0,[],[]
15439280,15440310,NA,MAF,0.0,445,pause,NA,NA,NA,NA,0.0,0,-42.49,-32.15,[],0,0,[],[]
15440310,15441110,NA,NOF,0.0,445,pause,NA,NA,NA,NA,0.0,0,-38.46,-23.72,[],0,0,[],[]
15441110,15442510,OCH,CXN,0.0,445,XIOCC,BC,0,NT,FI,0.0,0,-16.69,-9.26,[],0,0,[],[]
15442510,15443710,NA,OLN,0.0,445,XIOCC,NA,NA,NA,NA,0.0,0,-36.98,-30.88,[],0,0,[],[]
15443710,15444840,OCH,CXN,0.0,445,XIOCC,RC,0,NT,FH,0.0,0,-20.06,-11.7,[],0,0,[],[]
15444840,15447100,NA,OLN,0.0,445,XIOCC,NA,NA,NA,NA,0.0,0,-28.71,-8.81,[],0,0,[],[]
15447100,15447700,CHI,CHN,0.0,445,XIOCC,RC,0,NT,FI,1.0,500,-20.44,-11.18,"[{'Canonical-syllable': '1', 'Growl': '0', 'High-freq-energy': '0', 'Long-island': '0', 'Low-tilt-spectrum': '0', 'Medium-island': '1', 'Short-island': '0', 'Squeal': '0', 'Typical-entropy': '1', 'Voicing-quality': '1', 'Wide-band': '0', 'Xlong-island': '0', 'seq': '1', 'end': 15447.6, 'start': 15447.26}]",0,0,[],[]
15447700,15448760,NA,NON,0.0,445,XIOCC,NA,NA,NA,NA,0.0,0,-32.58,-17.34,[],0,0,[],[]
15448760,15449770,CHI,CHN,0.0,445,XIOCC,EC,0,NT,FH,1.0,860,-20.93,-13.0,"[{'Canonical-syllable': '1', 'Growl': '0', 'High-freq-energy': '0', 'Long-island': '0', 'Low-tilt-spectrum': '0', 'Medium-island': '1', 'Short-island': '2', 'Squeal': '0', 'Typical-entropy': '2', 'Voicing-quality': '3', 'Wide-band': '0', 'Xlong-island': '0', 'seq': '1', 'end': 15449.62, 'start': 15448.76}]",0,0,[],[]
15449770,15451460,NA,NOF,0.0,446,pause,NA,NA,NA,NA,0.0,0,-21.14,-6.16,[],0,0,[],[]
15451460,15452720,NA,OLF,0.0,446,pause,NA,NA,NA,NA,0.0,0,-31.5,-15.65,[],0,0,[],[]
15452720,15453880,NA,NOF,0.0,446,pause,NA,NA,NA,NA,0.0,0,-26.52,-12.57,[],0,0,[],[]
15453880,15456140,NA,OLN,0.0,446,pause,NA,NA,NA,NA,0.0,0,-23.15,-6.24,[],0,0,[],[]
15456140,15456780,CHI,CHN,0.0,446,CIOCX,BC,0,NT,FI,1.0,640,-14.39,-9.65,"[{'Canonical-syllable': '0', 'Growl': '0', 'High-freq-energy': '0', 'Long-island': '0', 'Low-tilt-spectrum': '0', 'Medium-island': '1', 'Short-island': '1', 'Squeal': '0', 'Typical-entropy': '1', 'Voicing-quality': '2', 'Wide-band': '0', 'Xlong-island': '0', 'seq': '1', 'end': 15456.78, 'start': 15456.14}]",0,0,[],[]
15456780,15458810,OCH,CXN,0.0,446,CIOCX,EC,0,NT,FI,0.0,0,-23.52,-11.48,[],0,0,[],[]
15458810,15459610,NA,OLN,0.0,447,pause,NA,NA,NA,NA,0.0,0,-30.1,-20.56,[],0,0,[],[]
15459610,15460410,NA,NON,0.0,447,pause,NA,NA,NA,NA,0.0,0,-18.97,-3.9,[],0,0,[],[]
15460410,15464360,NA,OLF,0.0,447,pause,NA,NA,NA,NA,0.0,0,-31.27,-17.16,[],0,0,[],[]
15464360,15465360,FEM,FAN,0.0,447,pause,NA,NA,NA,NA,0.0,0,-32.35,-27.33,[],1000,0,[],[]
15465360,15468560,NA,OLN,0.0,447,pause,NA,NA,NA,NA,0.0,0,-25.53,-6.77,[],0,0,[],[]
15468560,15469630,NA,OLF,0.0,447,pause,NA,NA,NA,NA,0.0,0,-43.89,-37.94,[],0,0,[],[]
15469630,15471840,NA,OLN,0.0,447,pause,NA,NA,NA,NA,0.0,0,-31.7,-22.36,[],0,0,[],[]
15471840,15472540,CHI,CHN,0.0,447,CIOCX,BC,0,NT,FI,1.0,700,-18.23,-9.55,"[{'Canonical-syllable': '1', 'Growl': '0', 'High-freq-energy': '0', 'Long-island': '0', 'Low-tilt-spectrum': '1', 'Medium-island': '1', 'Short-island': '0', 'Squeal': '0', 'Typical-entropy': '1', 'Voicing-quality': '2', 'Wide-band': '0', 'Xlong-island': '0', 'seq': '1', 'end': 15472.54, 'start': 15471.84}]",0,0,[],[]
15472540,15476180,NA,OLN,0.0,447,CIOCX,NA,NA,NA,NA,0.0,0,-28.77,-15.85,[],0,0,[],[]
15476180,15477660,OCH,CXN,0.0,447,CIOCX,EC,0,NT,FI,0.0,0,-17.58,-10.9,[],0,0,[],[]
15477660,15483590,NA,OLN,0.0,448,pause,NA,NA,NA,NA,0.0,0,-22.48,-3.43,[],0,0,[],[]
15483590,15484390,NA,NOF,0.0,448,pause,NA,NA,NA,NA,0.0,0,-33.61,-17.71,[],0,0,[],[]
15484390,15486160,NA,OLN,0.0,448,pause,NA,NA,NA,NA,0.0,0,-24.22,-13.58,[],0,0,[],[]
15486160,15487270,FEM,FAN,3.37,448,AICF,BC,0,NT,FI,0.0,0,-19.55,-13.99,[],0,0,[],[]
15487270,15488820,NA,OLF,0.0,448,AICF,NA,NA,NA,NA,0.0,0,-23.75,-5.41,[],0,0,[],[]
15488820,15489820,MAL,MAN,5.13,448,AICF,RC,0,TIMI,FI,0.0,0,-21.0,-10.12,[],0,0,[],[]
15489820,15490820,CHI,CHN,0.0,448,AICF,RC,1,TIMR,FI,1.0,1000,-22.97,-16.91,"[{'Canonical-syllable': '0', 'Growl': '0', 'High-freq-energy': '0', 'Long-island': '1', 'Low-tilt-spectrum': '0', 'Medium-island': '0', 'Short-island': '0', 'Squeal': '0', 'Typical-entropy': '1', 'Voicing-quality': '1', 'Wide-band': '0', 'Xlong-island': '0', 'seq': '1', 'end': 15490.82, 'start': 15489.99}]",0,0,[],[]
15490820,15492710,NA,OLF,0.0,448,AICF,NA,NA,NA,NA,0.0,0,-20.42,-6.05,[],0,0,[],[]
15492710,15493380,CHI,CHN,0.0,448,AICF,RC,1,NT,FH,1.0,670,-21.98,-18.37,"[{'Canonical-syllable': '0', 'Growl': '0', 'High-freq-energy': '0', 'Long-island': '1', 'Low-tilt-spectrum': '0', 'Medium-island': '0', 'Short-island': '0', 'Squeal': '0', 'Typical-entropy': '0', 'Voicing-quality': '1', 'Wide-band': '0', 'Xlong-island': '0', 'seq': '1', 'end': 15493.38, 'start': 15492.71}]",0,0,[],[]
15493380,15495970,NA,OLF,0.0,448,AICF,NA,NA,NA,NA,0.0,0,-17.72,-4.09,[],0,0,[],[]
15495970,15496570,CHI,CHN,0.0,448,AICF,EC,1,NT,FH,1.0,600,-20.29,-12.91,"[{'Canonical-syllable': '1', 'Growl': '0', 'High-freq-energy': '0', 'Long-island': '0', 'Low-tilt-spectrum': '0', 'Medium-island': '1', 'Short-island': '0', 'Squeal': '0', 'Typical-entropy': '0', 'Voicing-quality': '1', 'Wide-band': '0', 'Xlong-island': '0', 'seq': '1', 'end': 15496.57, 'start': 15496.09}]",0,0,[],[]
15496570,15499550,NA,OLN,0.0,449,pause,NA,NA,NA,NA,0.0,0,-16.14,-2.65,[],0,0,[],[]
15499550,15500380,NA,OLF,0.0,449,pause,NA,NA,NA,NA,0.0,0,-16.57,-3.65,[],0,0,[],[]
15500380,15505630,NA,OLN,0.0,449,pause,NA,NA,NA,NA,0.0,0,-16.01,-2.62,[],0,0,[],[]
15505630,15506640,CHI,CHN,0.0,449,CM,EC,0,NT,FI,1.0,890,-17.58,-9.13,"[{'Canonical-syllable': '0', 'Growl': '0', 'High-freq-energy': '0', 'Long-island': '1', 'Low-tilt-spectrum': '0', 'Medium-island': '0', 'Short-island': '0', 'Squeal': '0', 'Typical-entropy': '1', 'Voicing-quality': '1', 'Wide-band': '0', 'Xlong-island': '0', 'seq': '1', 'end': 15506.52, 'start': 15505.63}]",0,0,[],[]
15506640,15507490,NA,OLF,0.0,450,pause,NA,NA,NA,NA,0.0,0,-39.75,-35.85,[],0,0,[],[]
15507490,15508560,NA,NOF,0.0,450,pause,NA,NA,NA,NA,0.0,0,-40.13,-35.68,[],0,0,[],[]
15508560,15509960,NA,OLF,0.0,450,pause,NA,NA,NA,NA,0.0,0,-24.36,-6.41,[],0,0,[],[]
15509960,15510780,NA,NON,0.0,450,pause,NA,NA,NA,NA,0.0,0,-19.48,-4.34,[],0,0,[],[]
15510780,15515240,NA,OLN,0.0,450,pause,NA,NA,NA,NA,0.0,0,-17.66,-4.92,[],0,0,[],[]
15515240,15516060,NA,NOF,0.0,450,pause,NA,NA,NA,NA,0.0,0,-15.17,-4.03,[],0,0,[],[]
15516060,15518330,NA,OLN,0.0,450,pause,NA,NA,NA,NA,0.0,0,-13.62,-2.42,[],0,0,[],[]
15518330,15519130,NA,OLF,0.0,450,pause,NA,NA,NA,NA,0.0,0,-13.25,-3.34,[],0,0,[],[]
15519130,15542410,NA,OLN,0.0,450,pause,NA,NA,NA,NA,0.0,0,-14.63,-2.63,[],0,0,[],[]
15542410,15543010,CHI,CHN,0.0,450,pause,NA,NA,NA,NA,0.0,0,-14.06,-3.29,[],0,600,[],"[{'start': 15542.41, 'end': 15543.01}]"
15543010,15581080,NA,OLN,0.0,450,pause,NA,NA,NA,NA,0.0,0,-17.09,-2.05,[],0,0,[],[]
15581080,15581940,NA,NOF,0.0,450,pause,NA,NA,NA,NA,0.0,0,-13.8,-4.88,[],0,0,[],[]
15581940,15588100,NA,OLN,0.0,450,pause,NA,NA,NA,NA,0.0,0,-16.57,-2.66,[],0,0,[],[]
15588100,15588920,NA,NOF,0.0,450,pause,NA,NA,NA,NA,0.0,0,-8.77,-3.38,[],0,0,[],[]
15588920,15589840,NA,OLN,0.0,450,pause,NA,NA,NA,NA,0.0,0,-8.86,-2.81,[],0,0,[],[]
15589840,15590640,NA,NOF,0.0,450,pause,NA,NA,NA,NA,0.0,0,-10.34,-2.82,[],0,0,[],[]
15590640,15598550,NA,OLN,0.0,450,pause,NA,NA,NA,NA,0.0,0,-20.43,-3.53,[],0,0,[],[]
15598550,15599230,CHI,CHN,0.0,450,pause,NA,NA,NA,NA,0.0,0,-14.74,-9.58,[],0,680,"[{'start': 15598.55, 'end': 15599.23}]",[]
15599230,15602540,NA,OLN,0.0,450,pause,NA,NA,NA,NA,0.0,0,-18.91,-7.87,[],0,0,[],[]
15602540,15611890,NA,NON,0.0,450,pause,NA,NA,NA,NA,0.0,0,-25.56,-14.6,[],0,0,[],[]
15611890,15627440,NA,OLN,0.0,450,pause,NA,NA,NA,NA,0.0,0,-20.33,-0.94,[],0,0,[],[]
15627440,15633490,NA,NON,0.0,450,pause,NA,NA,NA,NA,0.0,0,-22.52,-13.32,[],0,0,[],[]
15633490,15637140,NA,OLN,0.0,450,pause,NA,NA,NA,NA,0.0,0,-20.17,-2.8,[],0,0,[],[]
15637140,15644190,NA,NON,0.0,450,pause,NA,NA,NA,NA,0.0,0,-23.71,-18.55,[],0,0,[],[]
15644190,15647310,NA,OLN,0.0,450,pause,NA,NA,NA,NA,0.0,0,-23.01,-8.53,[],0,0,[],[]
15647310,15648120,NA,NOF,0.0,450,pause,NA,NA,NA,NA,0.0,0,-14.92,-5.06,[],0,0,[],[]
15648120,15649240,NA,OLN,0.0,450,pause,NA,NA,NA,NA,0.0,0,-21.95,-16.15,[],0,0,[],[]
15649240,15663190,NA,NON,0.0,450,pause,NA,NA,NA,NA,0.0,0,-23.07,-14.91,[],0,0,[],[]
15663190,15670840,NA,OLN,0.0,450,pause,NA,NA,NA,NA,0.0,0,-22.9,-15.26,[],0,0,[],[]
15670840,15677290,NA,NON,0.0,450,pause,NA,NA,NA,NA,0.0,0,-28.76,-19.57,[],0,0,[],[]
15677290,15700570,NA,OLN,0.0,450,pause,NA,NA,NA,NA,0.0,0,-24.11,-0.96,[],0,0,[],[]
15700570,15701520,NA,NON,0.0,450,pause,NA,NA,NA,NA,0.0,0,-21.56,-5.94,[],0,0,[],[]
15701520,15718940,NA,OLN,0.0,450,pause,NA,NA,NA,NA,0.0,0,-30.25,-19.21,[],0,0,[],[]
15718940,15725790,NA,NON,0.0,450,pause,NA,NA,NA,NA,0.0,0,-32.16,-26.29,[],0,0,[],[]
15725790,15735700,NA,OLN,0.0,450,pause,NA,NA,NA,NA,0.0,0,-31.39,-21.35,[],0,0,[],[]
15735700,15736300,CHI,CHN,0.0,450,pause,NA,NA,NA,NA,0.0,0,-21.5,-15.95,[],0,600,"[{'start': 15735.7, 'end': 15736.3}]",[]
15736300,15739960,NA,OLN,0.0,450,pause,NA,NA,NA,NA,0.0,0,-25.26,-18.89,[],0,0,[],[]
15739960,15740760,NA,NOF,0.0,450,pause,NA,NA,NA,NA,0.0,0,-23.56,-21.75,[],0,0,[],[]
15740760,15748140,NA,OLN,0.0,450,pause,NA,NA,NA,NA,0.0,0,-20.51,-8.12,[],0,0,[],[]
15748140,15757290,NA,NON,0.0,450,pause,NA,NA,NA,NA,0.0,0,-20.28,-12.92,[],0,0,[],[]
15757290,15772320,NA,OLN,0.0,450,pause,NA,NA,NA,NA,0.0,0,-24.06,-4.26,[],0,0,[],[]
15772320,15773120,NA,NON,0.0,450,pause,NA,NA,NA,NA,0.0,0,-31.58,-26.35,[],0,0,[],[]
15773120,15821760,NA,OLN,0.0,450,pause,NA,NA,NA,NA,0.0,0,-27.24,-4.55,[],0,0,[],[]
15821760,15822560,OCH,CXN,0.0,450,XM,EC,0,NT,FI,0.0,0,-27.44,-18.79,[],0,0,[],[]
15822560,15839090,NA,OLN,0.0,451,pause,NA,NA,NA,NA,0.0,0,-26.21,-11.31,[],0,0,[],[]
15839090,15839690,OCH,CXN,0.0,451,XIOCC,BC,0,NT,FI,0.0,0,-20.8,-14.7,[],0,0,[],[]
15839690,15842350,NA,OLN,0.0,451,XIOCC,NA,NA,NA,NA,0.0,0,-25.79,-15.19,[],0,0,[],[]
15842350,15843160,OCH,CXN,0.0,451,XIOCC,RC,0,NT,FH,0.0,0,-22.75,-15.47,[],0,0,[],[]
15843160,15843970,NA,OLN,0.0,451,XIOCC,NA,NA,NA,NA,0.0,0,-28.69,-21.81,[],0,0,[],[]
15843970,15844570,CHI,CHN,0.0,451,XIOCC,EC,0,NT,FI,1.0,600,-24.81,-19.86,"[{'Canonical-syllable': '0', 'Growl': '0', 'High-freq-energy': '0', 'Long-island': '0', 'Low-tilt-spectrum': '1', 'Medium-island': '1', 'Short-island': '0', 'Squeal': '0', 'Typical-entropy': '1', 'Voicing-quality': '1', 'Wide-band': '0', 'Xlong-island': '0', 'seq': '1', 'end': 15844.57, 'start': 15843.97}]",0,0,[],[]
15844570,15846440,NA,OLN,0.0,452,pause,NA,NA,NA,NA,0.0,0,-30.08,-20.35,[],0,0,[],[]
15846440,15853990,NA,NON,0.0,452,pause,NA,NA,NA,NA,0.0,0,-36.52,-25.66,[],0,0,[],[]
15853990,15861540,NA,OLN,0.0,452,pause,NA,NA,NA,NA,0.0,0,-21.96,-8.96,[],0,0,[],[]
15861540,15862860,OCH,CXN,0.0,452,XM,BC,0,NT,FI,0.0,0,-22.67,-15.44,[],0,0,[],[]
15862860,15866390,NA,OLN,0.0,452,XM,NA,NA,NA,NA,0.0,0,-29.71,-20.83,[],0,0,[],[]
15866390,15866990,OCH,CXN,0.0,452,XM,RC,0,NT,FH,0.0,0,-17.84,-12.14,[],0,0,[],[]
15866990,15868810,NA,OLN,0.0,452,XM,NA,NA,NA,NA,0.0,0,-31.17,-22.57,[],0,0,[],[]
15868810,15869610,OCH,CXN,0.0,452,XM,EC,0,NT,FH,0.0,0,-18.6,-13.43,[],0,0,[],[]
15869610,15889560,NA,OLN,0.0,453,pause,NA,NA,NA,NA,0.0,0,-28.22,-14.93,[],0,0,[],[]
15889560,15890360,OCH,CXN,0.0,453,XM,EC,0,NT,FI,0.0,0,-23.16,-18.03,[],0,0,[],[]
15890360,15899850,NA,OLN,0.0,454,pause,NA,NA,NA,NA,0.0,0,-28.05,-16.07,[],0,0,[],[]
15899850,15900650,OCH,CXN,0.0,454,XM,EC,0,NT,FI,0.0,0,-17.07,-10.71,[],0,0,[],[]
15900650,15905540,NA,OLN,0.0,455,pause,NA,NA,NA,NA,0.0,0,-24.58,-7.44,[],0,0,[],[]
15905540,15912890,NA,NON,0.0,455,pause,NA,NA,NA,NA,0.0,0,-21.36,-3.39,[],0,0,[],[]
15912890,15913690,NA,OLN,0.0,455,pause,NA,NA,NA,NA,0.0,0,-16.99,-3.46,[],0,0,[],[]
15913690,15914500,NA,NOF,0.0,455,pause,NA,NA,NA,NA,0.0,0,-18.02,-10.44,[],0,0,[],[]
15914500,15922510,NA,OLN,0.0,455,pause,NA,NA,NA,NA,0.0,0,-23.11,-6.4,[],0,0,[],[]
15922510,15923510,NA,TVN,0.0,455,pause,NA,NA,NA,NA,0.0,0,-39.72,-34.38,[],0,0,[],[]
15923510,15924730,NA,OLN,0.0,455,pause,NA,NA,NA,NA,0.0,0,-28.51,-16.53,[],0,0,[],[]
15924730,15925870,NA,TVN,0.0,455,pause,NA,NA,NA,NA,0.0,0,-34.22,-21.91,[],0,0,[],[]
15925870,15926670,NA,OLN,0.0,455,pause,NA,NA,NA,NA,0.0,0,-15.04,-3.13,[],0,0,[],[]
15926670,15927670,NA,TVN,0.0,455,pause,NA,NA,NA,NA,0.0,0,-27.99,-14.38,[],0,0,[],[]
15927670,15930320,NA,OLN,0.0,455,pause,NA,NA,NA,NA,0.0,0,-24.18,-9.05,[],0,0,[],[]
15930320,15930920,CHI,CHN,0.0,455,pause,NA,NA,NA,NA,0.0,0,-17.73,-9.23,[],0,180,"[{'start': 15930.74, 'end': 15930.92}]",[]
15930920,15932770,NA,OLN,0.0,455,pause,NA,NA,NA,NA,0.0,0,-23.31,-9.58,[],0,0,[],[]
15932770,15935180,NA,NOF,0.0,455,pause,NA,NA,NA,NA,0.0,0,-32.91,-15.99,[],0,0,[],[]
15935180,15936420,CHI,CHN,0.0,455,CIOCX,BC,0,NT,FI,2.0,500,-24.34,-12.32,"[{'Canonical-syllable': '0', 'Growl': '0', 'High-freq-energy': '0', 'Long-island': '0', 'Low-tilt-spectrum': '1', 'Medium-island': '0', 'Short-island': '1', 'Squeal': '0', 'Typical-entropy': '0', 'Voicing-quality': '1', 'Wide-band': '0', 'Xlong-island': '0', 'seq': '1', 'end': 15935.4, 'start': 15935.18}, {'Canonical-syllable': '0', 'Growl': '0', 'High-freq-energy': '0', 'Long-island': '0', 'Low-tilt-spectrum': '0', 'Medium-island': '0', 'Short-island': '1', 'Squeal': '0', 'Typical-entropy': '0', 'Voicing-quality': '1', 'Wide-band': '0', 'Xlong-island': '0', 'seq': '2', 'end': 15936.42, 'start': 15936.14}]",0,0,[],[]
15936420,15937920,OCH,CXN,0.0,455,CIOCX,RC,0,NT,FI,0.0,0,-17.77,-8.76,[],0,0,[],[]
15937920,15938900,NA,NOF,0.0,455,CIOCX,NA,NA,NA,NA,0.0,0,-19.49,-6.75,[],0,0,[],[]
15938900,15939500,OCH,CXN,0.0,455,CIOCX,RC,0,NT,FH,0.0,0,-26.16,-18.04,[],0,0,[],[]
15939500,15940440,NA,NOF,0.0,455,CIOCX,NA,NA,NA,NA,0.0,0,-40.57,-26.21,[],0,0,[],[]
15940440,15941250,OCH,CXN,0.0,455,CIOCX,EC,0,NT,FH,0.0,0,-24.46,-12.84,[],0,0,[],[]
15941250,15942250,FEM,FAN,0.0,456,pause,NA,NA,NA,NA,0.0,0,-38.27,-30.14,[],1000,0,[],[]
15942250,15943230,NA,OLF,0.0,456,pause,NA,NA,NA,NA,0.0,0,-38.13,-25.95,[],0,0,[],[]
15943230,15944170,NA,OLN,0.0,456,pause,NA,NA,NA,NA,0.0,0,-21.91,-3.28,[],0,0,[],[]
15944170,15945120,NA,OLF,0.0,456,pause,NA,NA,NA,NA,0.0,0,-15.94,-4.59,[],0,0,[],[]
15945120,15946240,NA,OLN,0.0,456,pause,NA,NA,NA,NA,0.0,0,-14.86,-3.78,[],0,0,[],[]
15946240,15947580,NA,NOF,0.0,456,pause,NA,NA,NA,NA,0.0,0,-19.61,-7.51,[],0,0,[],[]
15947580,15948390,NA,OLN,0.0,456,pause,NA,NA,NA,NA,0.0,0,-15.6,-4.45,[],0,0,[],[]
15948390,15949660,OCH,CXN,0.0,456,XIOCC,BC,0,NT,FI,0.0,0,-17.57,-9.42,[],0,0,[],[]
15949660,15951100,CHI,CHN,0.0,456,XIOCC,RC,0,NT,FI,1.0,760,-24.33,-12.77,"[{'Canonical-syllable': '1', 'Growl': '0', 'High-freq-energy': '0', 'Long-island': '0', 'Low-tilt-spectrum': '0', 'Medium-island': '1', 'Short-island': '1', 'Squeal': '0', 'Typical-entropy': '1', 'Voicing-quality': '2', 'Wide-band': '0', 'Xlong-island': '0', 'seq': '1', 'end': 15950.42, 'start': 15949.66}]",0,0,[],[]
15951100,15951980,OCH,CXN,0.0,456,XIOCC,RC,0,NT,FI,0.0,0,-26.84,-16.29,[],0,0,[],[]
15951980,15954600,NA,NOF,0.0,456,XIOCC,NA,NA,NA,NA,0.0,0,-36.85,-14.92,[],0,0,[],[]
15954600,15955660,CHI,CHN,0.0,456,XIOCC,EC,0,NT,FI,1.0,830,-15.45,-8.28,"[{'Canonical-syllable': '0', 'Growl': '0', 'High-freq-energy': '1', 'Long-island': '0', 'Low-tilt-spectrum': '0', 'Medium-island': '1', 'Short-island': '1', 'Squeal': '2', 'Typical-entropy': '2', 'Voicing-quality': '2', 'Wide-band': '0', 'Xlong-island': '0', 'seq': '1', 'end': 15955.43, 'start': 15954.6}]",0,0,[],[]
15955660,15956450,CHI,CHN,0.0,457,pause,NA,NA,NA,NA,0.0,0,-14.59,-3.89,[],0,340,"[{'start': 15955.66, 'end': 15956.0}]",[]
15956450,15957600,NA,NON,0.0,457,pause,NA,NA,NA,NA,0.0,0,-14.61,-0.73,[],0,0,[],[]
15957600,15958420,NA,OLN,0.0,457,pause,NA,NA,NA,NA,0.0,0,-13.98,-3.97,[],0,0,[],[]
15958420,15963190,CHI,CHN,0.0,457,pause,NA,NA,NA,NA,0.0,0,-14.13,-4.37,[],0,4770,"[{'start': 15958.42, 'end': 15963.19}]",[]
15963190,15964060,OCH,CXN,0.0,457,XIOCAC,BC,0,NT,FI,0.0,0,-25.49,-15.47,[],0,0,[],[]
15964060,15965060,CHI,CHN,0.0,457,XIOCAC,NA,NA,NA,NA,0.0,0,-17.5,-3.25,[],0,260,"[{'start': 15964.46, 'end': 15964.72}]",[]
15965060,15966300,NA,OLN,0.0,457,XIOCAC,NA,NA,NA,NA,0.0,0,-15.18,-4.14,[],0,0,[],[]
15966300,15967340,OCH,CXN,0.0,457,XIOCAC,RC,0,NT,FH,0.0,0,-34.27,-24.64,[],0,0,[],[]
15967340,15968720,NA,NOF,0.0,457,XIOCAC,NA,NA,NA,NA,0.0,0,-36.43,-21.93,[],0,0,[],[]
15968720,15969530,OCH,CXN,0.0,457,XIOCAC,RC,0,NT,FH,0.0,0,-15.88,-3.15,[],0,0,[],[]
15969530,15972340,FEM,FAN,12.07,457,XIOCAC,RC,0,NT,FI,0.0,0,-22.16,-5.91,[],0,0,[],[]
15972340,15974080,NA,OLN,0.0,457,XIOCAC,NA,NA,NA,NA,0.0,0,-26.02,-7.95,[],0,0,[],[]
15974080,15974900,OCH,CXN,0.0,457,XIOCAC,RC,0,NT,FI,0.0,0,-16.34,-9.56,[],0,0,[],[]
15974900,15975710,NA,OLN,0.0,457,XIOCAC,NA,NA,NA,NA,0.0,0,-19.81,-11.58,[],0,0,[],[]
15975710,15977210,OCH,CXN,0.0,457,XIOCAC,RC,0,NT,FH,0.0,0,-22.57,-7.65,[],0,0,[],[]
15977210,15979410,NA,NOF,0.0,457,XIOCAC,NA,NA,NA,NA,0.0,0,-28.46,-11.54,[],0,0,[],[]
15979410,15980920,CHI,CHN,0.0,457,XIOCAC,RC,0,NT,FI,1.0,1340,-23.04,-13.37,"[{'Canonical-syllable': '0', 'Growl': '1', 'High-freq-energy': '0', 'Long-island': '0', 'Low-tilt-spectrum': '0', 'Medium-island': '2', 'Short-island': '1', 'Squeal': '0', 'Typical-entropy': '2', 'Voicing-quality': '3', 'Wide-band': '0', 'Xlong-island': '0', 'seq': '1', 'end': 15980.75, 'start': 15979.51}]",0,0,[],[]
15980920,15982060,NA,NOF,0.0,457,XIOCAC,NA,NA,NA,NA,0.0,0,-34.44,-20.83,[],0,0,[],[]
15982060,15982890,NA,OLN,0.0,457,XIOCAC,NA,NA,NA,NA,0.0,0,-16.98,-5.79,[],0,0,[],[]
15982890,15984670,NA,NOF,0.0,457,XIOCAC,NA,NA,NA,NA,0.0,0,-36.45,-22.35,[],0,0,[],[]
15984670,15986110,OCH,CXN,0.0,457,XIOCAC,RC,0,NT,FI,0.0,0,-26.52,-12.69,[],0,0,[],[]
15986110,15986910,NA,OLF,0.0,457,XIOCAC,NA,NA,NA,NA,0.0,0,-30.26,-18.92,[],0,0,[],[]
15986910,15987710,NA,TVF,0.0,457,XIOCAC,NA,NA,NA,NA,0.0,0,-37.89,-27.27,[],0,0,[],[]
15987710,15988600,NA,NOF,0.0,457,XIOCAC,NA,NA,NA,NA,0.0,0,-33.27,-17.35,[],0,0,[],[]
15988600,15989600,OCH,CXN,0.0,457,XIOCAC,RC,0,NT,FH,0.0,0,-23.13,-12.21,[],0,0,[],[]
15989600,15990510,OCH,CXN,0.0,457,XIOCAC,RC,0,NT,FH,0.0,0,-19.38,-4.04,[],0,0,[],[]
15990510,15991550,OCH,CXN,0.0,457,XIOCAC,RC,0,NT,FH,0.0,0,-19.83,-6.03,[],0,0,[],[]
15991550,15992340,OCH,CXN,0.0,457,XIOCAC,RC,0,NT,FH,0.0,0,-24.17,-15.41,[],0,0,[],[]
15992340,15993140,NA,OLN,0.0,457,XIOCAC,NA,NA,NA,NA,0.0,0,-22.24,-6.97,[],0,0,[],[]
15993140,15994300,CHI,CHN,0.0,457,XIOCAC,RC,0,NT,FI,1.0,1080,-20.71,-10.73,"[{'Canonical-syllable': '0', 'Growl': '0', 'High-freq-energy': '0', 'Long-island': '0', 'Low-tilt-spectrum': '0', 'Medium-island': '1', 'Short-island': '1', 'Squeal': '0', 'Typical-entropy': '2', 'Voicing-quality': '3', 'Wide-band': '0', 'Xlong-island': '0', 'seq': '1', 'end': 15994.22, 'start': 15993.27}]",0,0,[],[]
15994300,15995110,NA,OLN,0.0,457,XIOCAC,NA,NA,NA,NA,0.0,0,-37.28,-28.08,[],0,0,[],[]
15995110,15996240,NA,FAF,0.0,457,XIOCAC,NA,NA,NA,NA,0.0,0,-33.81,-22.62,[],0,0,[],[]
15996240,15996880,NA,CHF,0.0,457,XIOCAC,EC,0,NT,FH,1.0,640,-29.83,-21.03,"[{'Canonical-syllable': '0', 'Growl': '1', 'High-freq-energy': '0', 'Long-island': '0', 'Low-tilt-spectrum': '0', 'Medium-island': '0', 'Short-island': '1', 'Squeal': '0', 'Typical-entropy': '1', 'Voicing-quality': '1', 'Wide-band': '1', 'Xlong-island': '0', 'seq': '1', 'end': 15996.88, 'start': 15996.48}]",0,0,[],[]
15996880,15997880,NA,MAF,0.0,458,pause,NA,NA,NA,NA,0.0,0,-33.81,-21.21,[],0,0,[],[]
15997880,15999070,NA,OLN,0.0,458,pause,NA,NA,NA,NA,0.0,0,-16.68,-1.62,[],0,0,[],[]
15999070,16001880,NA,NOF,0.0,458,pause,NA,NA,NA,NA,0.0,0,-39.09,-28.15,[],0,0,[],[]
16001880,16002680,OCH,CXN,0.0,458,XM,EC,0,NT,FI,0.0,0,-26.0,-15.88,[],0,0,[],[]
16002680,16004210,NA,OLN,0.0,459,pause,NA,NA,NA,NA,0.0,0,-29.13,-21.74,[],0,0,[],[]
16004210,16008850,NA,NOF,0.0,459,pause,NA,NA,NA,NA,0.0,0,-38.35,-25.08,[],0,0,[],[]
16008850,16049930,NA,OLN,0.0,459,pause,NA,NA,NA,NA,0.0,0,-23.25,-3.54,[],0,0,[],[]
16049930,16050790,OCH,CXN,0.0,459,XM,EC,0,NT,FI,0.0,0,-19.09,-12.11,[],0,0,[],[]
16050790,16057220,NA,OLN,0.0,460,pause,NA,NA,NA,NA,0.0,0,-23.85,-7.48,[],0,0,[],[]
16057220,16058660,OCH,CXN,0.0,460,XM,BC,0,NT,FI,0.0,0,-20.17,-13.43,[],0,0,[],[]
16058660,16060920,NA,OLN,0.0,460,XM,NA,NA,NA,NA,0.0,0,-28.91,-18.93,[],0,0,[],[]
16060920,16061600,OCH,CXN,0.0,460,XM,RC,0,NT,FH,0.0,0,-21.96,-14.14,[],0,0,[],[]
16061600,16062430,NA,OLN,0.0,460,XM,NA,NA,NA,NA,0.0,0,-20.12,-6.37,[],0,0,[],[]
16062430,16063350,OCH,CXN,0.0,460,XM,EC,0,NT,FH,0.0,0,-21.58,-11.45,[],0,0,[],[]
16063350,16071750,NA,OLN,0.0,461,pause,NA,NA,NA,NA,0.0,0,-29.33,-14.82,[],0,0,[],[]
16071750,16072550,OCH,CXN,0.0,461,XM,BC,0,NT,FI,0.0,0,-24.8,-17.89,[],0,0,[],[]
16072550,16076340,NA,OLN,0.0,461,XM,NA,NA,NA,NA,0.0,0,-26.83,-8.36,[],0,0,[],[]
16076340,16077160,OCH,CXN,0.0,461,XM,EC,0,NT,FH,0.0,0,-14.86,-9.34,[],0,0,[],[]
16077160,16079270,NA,OLN,0.0,462,pause,NA,NA,NA,NA,0.0,0,-22.39,-3.86,[],0,0,[],[]
16079270,16080530,CHI,CHN,0.0,462,pause,NA,NA,NA,NA,0.0,0,-16.98,-8.51,[],0,1260,"[{'start': 16079.27, 'end': 16080.53}]",[]
16080530,16100350,NA,OLN,0.0,462,pause,NA,NA,NA,NA,0.0,0,-29.25,-6.16,[],0,0,[],[]
16100350,16100950,OCH,CXN,0.0,462,XM,BC,0,NT,FI,0.0,0,-16.97,-11.79,[],0,0,[],[]
16100950,16104760,NA,OLN,0.0,462,XM,NA,NA,NA,NA,0.0,0,-24.12,-8.48,[],0,0,[],[]
16104760,16105910,OCH,CXN,0.0,462,XM,EC,0,NT,FH,0.0,0,-20.89,-14.27,[],0,0,[],[]
16105910,16112140,NA,OLN,0.0,463,pause,NA,NA,NA,NA,0.0,0,-31.25,-12.78,[],0,0,[],[]
16112140,16113010,OCH,CXN,0.0,463,XM,BC,0,NT,FI,0.0,0,-16.72,-9.74,[],0,0,[],[]
16113010,16115740,NA,OLN,0.0,463,XM,NA,NA,NA,NA,0.0,0,-30.96,-20.53,[],0,0,[],[]
16115740,16116760,OCH,CXN,0.0,463,XM,RC,0,NT,FH,0.0,0,-19.14,-11.51,[],0,0,[],[]
16116760,16119440,NA,OLN,0.0,463,XM,NA,NA,NA,NA,0.0,0,-28.52,-17.02,[],0,0,[],[]
16119440,16120400,OCH,CXN,0.0,463,XM,EC,0,NT,FH,0.0,0,-21.83,-11.39,[],0,0,[],[]
16120400,16126300,NA,OLN,0.0,464,pause,NA,NA,NA,NA,0.0,0,-29.97,-19.22,[],0,0,[],[]
16126300,16127170,OCH,CXN,0.0,464,XM,BC,0,NT,FI,0.0,0,-32.13,-26.2,[],0,0,[],[]
16127170,16128820,NA,OLN,0.0,464,XM,NA,NA,NA,NA,0.0,0,-36.95,-29.58,[],0,0,[],[]
16128820,16129640,OCH,CXN,0.0,464,XM,EC,0,NT,FH,0.0,0,-22.98,-18.18,[],0,0,[],[]
16129640,16137390,NA,OLN,0.0,465,pause,NA,NA,NA,NA,0.0,0,-23.36,-4.67,[],0,0,[],[]
16137390,16138160,CHI,CHN,0.0,465,CM,EC,0,NT,FI,1.0,770,-12.95,-3.47,"[{'Canonical-syllable': '1', 'Growl': '0', 'High-freq-energy': '0', 'Long-island': '0', 'Low-tilt-spectrum': '2', 'Medium-island': '1', 'Short-island': '1', 'Squeal': '1', 'Typical-entropy': '2', 'Voicing-quality': '2', 'Wide-band': '0', 'Xlong-island': '0', 'seq': '1', 'end': 16138.16, 'start': 16137.39}]",0,0,[],[]
16138160,16139090,NA,OLN,0.0,466,pause,NA,NA,NA,NA,0.0,0,-17.58,-8.36,[],0,0,[],[]
16139090,16139690,CHI,CHN,0.0,466,pause,NA,NA,NA,NA,0.0,0,-12.93,-5.19,[],0,380,"[{'start': 16139.09, 'end': 16139.47}]",[]
16139690,16143260,NA,OLN,0.0,466,pause,NA,NA,NA,NA,0.0,0,-18.78,-10.21,[],0,0,[],[]
16143260,16145270,NA,NOF,0.0,466,pause,NA,NA,NA,NA,0.0,0,-37.86,-25.05,[],0,0,[],[]
16145270,16148360,NA,OLN,0.0,466,pause,NA,NA,NA,NA,0.0,0,-20.69,-6.85,[],0,0,[],[]
16148360,16148960,CHI,CHN,0.0,466,CM,EC,0,NT,FI,2.0,290,-24.57,-16.27,"[{'Canonical-syllable': '0', 'Growl': '1', 'High-freq-energy': '0', 'Long-island': '0', 'Low-tilt-spectrum': '1', 'Medium-island': '0', 'Short-island': '0', 'Squeal': '0', 'Typical-entropy': '1', 'Voicing-quality': '1', 'Wide-band': '0', 'Xlong-island': '0', 'seq': '1', 'end': 16148.46, 'start': 16148.36}, {'Canonical-syllable': '1', 'Growl': '0', 'High-freq-energy': '0', 'Long-island': '0', 'Low-tilt-spectrum': '0', 'Medium-island': '0', 'Short-island': '1', 'Squeal': '0', 'Typical-entropy': '0', 'Voicing-quality': '1', 'Wide-band': '0', 'Xlong-island': '0', 'seq': '2', 'end': 16148.96, 'start': 16148.77}]",0,0,[],[]
16148960,16151330,NA,OLN,0.0,467,pause,NA,NA,NA,NA,0.0,0,-31.88,-16.81,[],0,0,[],[]
16151330,16152560,NA,NOF,0.0,467,pause,NA,NA,NA,NA,0.0,0,-33.15,-16.79,[],0,0,[],[]
16152560,16154140,NA,OLN,0.0,467,pause,NA,NA,NA,NA,0.0,0,-32.3,-23.12,[],0,0,[],[]
16154140,16154740,CHI,CHN,0.0,467,CIOCX,BC,0,NT,FI,1.0,600,-14.35,-9.21,"[{'Canonical-syllable': '1', 'Growl': '0', 'High-freq-energy': '0', 'Long-island': '0', 'Low-tilt-spectrum': '0', 'Medium-island': '1', 'Short-island': '0', 'Squeal': '0', 'Typical-entropy': '1', 'Voicing-quality': '1', 'Wide-band': '0', 'Xlong-island': '0', 'seq': '1', 'end': 16154.74, 'start': 16154.24}]",0,0,[],[]
16154740,16155550,OCH,CXN,0.0,467,CIOCX,RC,0,NT,FI,0.0,0,-19.77,-11.86,[],0,0,[],[]
16155550,16158280,NA,OLN,0.0,467,CIOCX,NA,NA,NA,NA,0.0,0,-33.99,-24.22,[],0,0,[],[]
16158280,16159310,CHI,CHN,0.0,467,CIOCX,RC,0,NT,FI,1.0,320,-19.76,-8.29,"[{'Canonical-syllable': '1', 'Growl': '0', 'High-freq-energy': '0', 'Long-island': '0', 'Low-tilt-spectrum': '0', 'Medium-island': '1', 'Short-island': '0', 'Squeal': '0', 'Typical-entropy': '1', 'Voicing-quality': '1', 'Wide-band': '0', 'Xlong-island': '0', 'seq': '1', 'end': 16159.31, 'start': 16158.99}]",0,0,[],[]
16159310,16160200,CHI,CHN,0.0,467,CIOCX,NA,NA,NA,NA,0.0,0,-14.65,-8.49,[],0,890,"[{'start': 16159.31, 'end': 16160.2}]",[]
16160200,16161200,OCH,CXN,0.0,467,CIOCX,RC,0,NT,FI,0.0,0,-17.74,-8.6,[],0,0,[],[]
16161200,16162290,CHI,CHN,0.0,467,CIOCX,RC,0,NT,FI,1.0,1090,-18.48,-10.66,"[{'Canonical-syllable': '0', 'Growl': '0', 'High-freq-energy': '0', 'Long-island': '0', 'Low-tilt-spectrum': '2', 'Medium-island': '1', 'Short-island': '1', 'Squeal': '0', 'Typical-entropy': '2', 'Voicing-quality': '3', 'Wide-band': '0', 'Xlong-island': '0', 'seq': '1', 'end': 16162.29, 'start': 16161.2}]",0,0,[],[]
16162290,16163370,NA,NOF,0.0,467,CIOCX,NA,NA,NA,NA,0.0,0,-23.27,-6.04,[],0,0,[],[]
16163370,16164430,NA,OLN,0.0,467,CIOCX,NA,NA,NA,NA,0.0,0,-21.8,-11.53,[],0,0,[],[]
16164430,16165040,CHI,CHN,0.0,467,CIOCX,RC,0,NT,FH,1.0,610,-18.56,-14.21,"[{'Canonical-syllable': '0', 'Growl': '0', 'High-freq-energy': '0', 'Long-island': '0', 'Low-tilt-spectrum': '0', 'Medium-island': '1', 'Short-island': '0', 'Squeal': '0', 'Typical-entropy': '0', 'Voicing-quality': '1', 'Wide-band': '0', 'Xlong-island': '0', 'seq': '1', 'end': 16165.04, 'start': 16164.43}]",0,0,[],[]
16165040,16165860,NA,OLN,0.0,467,CIOCX,NA,NA,NA,NA,0.0,0,-30.19,-15.95,[],0,0,[],[]
16165860,16166460,CHI,CHN,0.0,467,CIOCX,RC,0,NT,FH,1.0,600,-19.87,-12.63,"[{'Canonical-syllable': '0', 'Growl': '0', 'High-freq-energy': '0', 'Long-island': '0', 'Low-tilt-spectrum': '1', 'Medium-island': '1', 'Short-island': '0', 'Squeal': '0', 'Typical-entropy': '1', 'Voicing-quality': '1', 'Wide-band': '0', 'Xlong-island': '0', 'seq': '1', 'end': 16166.46, 'start': 16165.86}]",0,0,[],[]
16166460,16167630,NA,OLN,0.0,467,CIOCX,NA,NA,NA,NA,0.0,0,-22.96,-14.2,[],0,0,[],[]
16167630,16168720,NA,NOF,0.0,467,CIOCX,NA,NA,NA,NA,0.0,0,-37.61,-26.91,[],0,0,[],[]
16168720,16169720,CHI,CHN,0.0,467,CIOCX,RC,0,NT,FH,1.0,1000,-32.14,-24.42,"[{'Canonical-syllable': '0', 'Growl': '1', 'High-freq-energy': '0', 'Long-island': '1', 'Low-tilt-spectrum': '2', 'Medium-island': '0', 'Short-island': '1', 'Squeal': '0', 'Typical-entropy': '2', 'Voicing-quality': '1', 'Wide-band': '0', 'Xlong-island': '0', 'seq': '1', 'end': 16169.72, 'start': 16168.72}]",0,0,[],[]
16169720,16170750,NA,NON,0.0,467,CIOCX,NA,NA,NA,NA,0.0,0,-35.36,-24.6,[],0,0,[],[]
16170750,16171780,OCH,CXN,0.0,467,CIOCX,RC,0,NT,FI,0.0,0,-24.67,-16.42,[],0,0,[],[]
16171780,16172660,NA,OLN,0.0,467,CIOCX,NA,NA,NA,NA,0.0,0,-28.38,-21.64,[],0,0,[],[]
16172660,16173460,NA,NOF,0.0,467,CIOCX,NA,NA,NA,NA,0.0,0,-24.69,-9.44,[],0,0,[],[]
16173460,16174260,NA,OLN,0.0,467,CIOCX,NA,NA,NA,NA,0.0,0,-19.61,-6.38,[],0,0,[],[]
16174260,16175170,OCH,CXN,0.0,467,CIOCX,RC,0,NT,FH,0.0,0,-24.53,-17.88,[],0,0,[],[]
16175170,16176700,NA,OLN,0.0,467,CIOCX,NA,NA,NA,NA,0.0,0,-18.83,-2.86,[],0,0,[],[]
16176700,16177500,OCH,CXN,0.0,467,CIOCX,EC,0,NT,FH,0.0,0,-21.93,-8.08,[],0,0,[],[]
16177500,16182590,NA,OLN,0.0,468,pause,NA,NA,NA,NA,0.0,0,-25.75,-9.44,[],0,0,[],[]
16182590,16184260,NA,NOF,0.0,468,pause,NA,NA,NA,NA,0.0,0,-38.18,-23.33,[],0,0,[],[]
16184260,16185690,NA,TVN,0.0,468,pause,NA,NA,NA,NA,0.0,0,-36.27,-27.59,[],0,0,[],[]
16185690,16186700,NA,TVN,0.0,468,pause,NA,NA,NA,NA,0.0,0,-31.25,-23.04,[],0,0,[],[]
16186700,16187930,NA,TVN,0.0,468,pause,NA,NA,NA,NA,0.0,0,-28.23,-21.39,[],0,0,[],[]
16187930,16189010,NA,TVN,0.0,468,pause,NA,NA,NA,NA,0.0,0,-28.99,-22.56,[],0,0,[],[]
16189010,16190010,NA,TVN,0.0,468,pause,NA,NA,NA,NA,0.0,0,-29.67,-23.16,[],0,0,[],[]
16190010,16191310,NA,TVN,0.0,468,pause,NA,NA,NA,NA,0.0,0,-31.41,-22.45,[],0,0,[],[]
16191310,16192110,NA,OLF,0.0,468,pause,NA,NA,NA,NA,0.0,0,-23.11,-10.63,[],0,0,[],[]
16192110,16192710,NA,TVN,0.0,468,pause,NA,NA,NA,NA,0.0,0,-29.13,-21.22,[],0,0,[],[]
16192710,16195590,NA,TVN,0.0,468,pause,NA,NA,NA,NA,0.0,0,-24.97,-6.95,[],0,0,[],[]
16195590,16196680,NA,TVN,0.0,468,pause,NA,NA,NA,NA,0.0,0,-27.86,-19.54,[],0,0,[],[]
16196680,16197480,NA,TVN,0.0,468,pause,NA,NA,NA,NA,0.0,0,-26.93,-19.35,[],0,0,[],[]
16197480,16198490,NA,TVN,0.0,468,pause,NA,NA,NA,NA,0.0,0,-30.54,-23.15,[],0,0,[],[]
16198490,16199930,NA,TVN,0.0,468,pause,NA,NA,NA,NA,0.0,0,-24.2,-6.46,[],0,0,[],[]
16199930,16200930,NA,TVN,0.0,468,pause,NA,NA,NA,NA,0.0,0,-29.47,-23.71,[],0,0,[],[]
16200930,16202490,NA,TVN,0.0,468,pause,NA,NA,NA,NA,0.0,0,-27.23,-20.07,[],0,0,[],[]
16202490,16203490,NA,TVN,0.0,468,pause,NA,NA,NA,NA,0.0,0,-28.8,-23.36,[],0,0,[],[]
16203490,16204320,NA,TVN,0.0,468,pause,NA,NA,NA,NA,0.0,0,-27.32,-22.61,[],0,0,[],[]
16204320,16205340,NA,TVN,0.0,468,pause,NA,NA,NA,NA,0.0,0,-30.55,-23.99,[],0,0,[],[]
16205340,16208550,NA,TVN,0.0,468,pause,NA,NA,NA,NA,0.0,0,-26.93,-8.03,[],0,0,[],[]
16208550,16209810,NA,TVN,0.0,468,pause,NA,NA,NA,NA,0.0,0,-29.25,-20.4,[],0,0,[],[]
16209810,16210910,NA,TVN,0.0,468,pause,NA,NA,NA,NA,0.0,0,-30.04,-22.81,[],0,0,[],[]
16210910,16211910,NA,TVN,0.0,468,pause,NA,NA,NA,NA,0.0,0,-32.51,-26.23,[],0,0,[],[]
16211910,16217540,NA,OLN,0.0,468,pause,NA,NA,NA,NA,0.0,0,-22.04,-9.01,[],0,0,[],[]
16217540,16224490,NA,NON,0.0,468,pause,NA,NA,NA,NA,0.0,0,-27.49,-6.25,[],0,0,[],[]
16224490,16230460,NA,OLN,0.0,468,pause,NA,NA,NA,NA,0.0,0,-22.57,-15.87,[],0,0,[],[]
16230460,16231270,NA,NOF,0.0,468,pause,NA,NA,NA,NA,0.0,0,-24.26,-22.42,[],0,0,[],[]
16231270,16245490,NA,OLN,0.0,468,pause,NA,NA,NA,NA,0.0,0,-21.38,-9.97,[],0,0,[],[]
16245490,16246240,CHI,CHN,0.0,468,CM,EC,0,NT,FI,1.0,750,-14.62,-8.38,"[{'Canonical-syllable': '1', 'Growl': '0', 'High-freq-energy': '0', 'Long-island': '0', 'Low-tilt-spectrum': '2', 'Medium-island': '1', 'Short-island': '1', 'Squeal': '0', 'Typical-entropy': '2', 'Voicing-quality': '2', 'Wide-band': '0', 'Xlong-island': '0', 'seq': '1', 'end': 16246.24, 'start': 16245.49}]",0,0,[],[]
16246240,16251790,NA,NON,0.0,469,pause,NA,NA,NA,NA,0.0,0,-24.07,-18.84,[],0,0,[],[]
16251790,16255690,NA,OLN,0.0,469,pause,NA,NA,NA,NA,0.0,0,-22.65,-16.04,[],0,0,[],[]
16255690,16256540,CHI,CHN,0.0,469,pause,NA,NA,NA,NA,0.0,0,-17.1,-14.58,[],0,850,[],"[{'start': 16255.69, 'end': 16256.54}]"
16256540,16257360,NA,OLN,0.0,469,pause,NA,NA,NA,NA,0.0,0,-19.48,-15.36,[],0,0,[],[]
16257360,16258010,CHI,CHN,0.0,469,pause,NA,NA,NA,NA,0.0,0,-18.47,-16.96,[],0,650,[],"[{'start': 16257.36, 'end': 16258.01}]"
16258010,16258810,NA,NOF,0.0,469,pause,NA,NA,NA,NA,0.0,0,-16.57,-5.97,[],0,0,[],[]
16258810,16259840,NA,OLN,0.0,469,pause,NA,NA,NA,NA,0.0,0,-25.42,-15.62,[],0,0,[],[]
16259840,16272990,NA,NON,0.0,469,pause,NA,NA,NA,NA,0.0,0,-23.38,-17.78,[],0,0,[],[]
16272990,16281240,NA,OLN,0.0,469,pause,NA,NA,NA,NA,0.0,0,-23.16,-5.95,[],0,0,[],[]
16281240,16287840,NA,NON,0.0,469,pause,NA,NA,NA,NA,0.0,0,-24.51,-18.59,[],0,0,[],[]
16287840,16307440,NA,NON,0.0,469,pause,NA,NA,NA,NA,0.0,0,-23.67,-17.26,[],0,0,[],[]
16307440,16319790,NA,NON,0.0,469,pause,NA,NA,NA,NA,0.0,0,-25.48,-8.89,[],0,0,[],[]
16319790,16332420,NA,OLN,0.0,469,pause,NA,NA,NA,NA,0.0,0,-24.94,-5.05,[],0,0,[],[]
16332420,16333030,CHI,CHN,0.0,469,CM,EC,0,NT,FI,1.0,610,-16.87,-10.91,"[{'Canonical-syllable': '0', 'Growl': '1', 'High-freq-energy': '0', 'Long-island': '0', 'Low-tilt-spectrum': '2', 'Medium-island': '1', 'Short-island': '1', 'Squeal': '0', 'Typical-entropy': '2', 'Voicing-quality': '2', 'Wide-band': '0', 'Xlong-island': '0', 'seq': '1', 'end': 16333.03, 'start': 16332.42}]",0,0,[],[]
16333030,16349340,NA,OLN,0.0,470,pause,NA,NA,NA,NA,0.0,0,-24.34,-4.14,[],0,0,[],[]
16349340,16356890,NA,NON,0.0,470,pause,NA,NA,NA,NA,0.0,0,-26.37,-19.23,[],0,0,[],[]
16356890,16391240,NA,OLN,0.0,470,pause,NA,NA,NA,NA,0.0,0,-23.38,-7.66,[],0,0,[],[]
16391240,16397190,NA,NON,0.0,470,pause,NA,NA,NA,NA,0.0,0,-28.41,-20.66,[],0,0,[],[]
16397190,16402360,NA,OLN,0.0,470,pause,NA,NA,NA,NA,0.0,0,-25.55,-14.01,[],0,0,[],[]
16402360,16403450,FEM,FAN,5.0,470,AICF,BC,0,TIFI,FI,0.0,0,-21.28,-15.04,[],0,0,[],[]
16403450,16407500,NA,OLN,0.0,470,AICF,NA,NA,NA,NA,0.0,0,-27.27,-15.39,[],0,0,[],[]
16407500,16408100,CHI,CHN,0.0,470,AICF,RC,1,TIFR,FI,1.0,600,-20.84,-13.46,"[{'Canonical-syllable': '0', 'Growl': '0', 'High-freq-energy': '0', 'Long-island': '0', 'Low-tilt-spectrum': '0', 'Medium-island': '1', 'Short-island': '0', 'Squeal': '0', 'Typical-entropy': '0', 'Voicing-quality': '1', 'Wide-band': '0', 'Xlong-island': '0', 'seq': '1', 'end': 16408.1, 'start': 16407.5}]",0,0,[],[]
16408100,16409170,NA,OLN,0.0,470,AICF,NA,NA,NA,NA,0.0,0,-36.25,-32.31,[],0,0,[],[]
16409170,16409980,CHI,CHN,0.0,470,AICF,EC,1,NT,FH,1.0,810,-19.05,-13.35,"[{'Canonical-syllable': '0', 'Growl': '0', 'High-freq-energy': '0', 'Long-island': '1', 'Low-tilt-spectrum': '0', 'Medium-island': '0', 'Short-island': '0', 'Squeal': '0', 'Typical-entropy': '1', 'Voicing-quality': '1', 'Wide-band': '0', 'Xlong-island': '0', 'seq': '1', 'end': 16409.98, 'start': 16409.17}]",0,0,[],[]
16409980,16417510,NA,OLN,0.0,471,pause,NA,NA,NA,NA,0.0,0,-27.66,-6.23,[],0,0,[],[]
16417510,16418330,NA,NON,0.0,471,pause,NA,NA,NA,NA,0.0,0,-19.38,-6.13,[],0,0,[],[]
16418330,16421630,NA,OLN,0.0,471,pause,NA,NA,NA,NA,0.0,0,-35.66,-20.08,[],0,0,[],[]
16421630,16422730,MAL,MAN,7.31,471,AMM,EC,0,NT,FI,0.0,0,-25.84,-18.58,[],0,0,[],[]
16422730,16431660,NA,OLN,0.0,472,pause,NA,NA,NA,NA,0.0,0,-34.07,-15.53,[],0,0,[],[]
16431660,16432660,MAL,MAN,2.75,472,AMM,EC,0,NT,FI,0.0,0,-22.12,-17.12,[],0,0,[],[]
16432660,16440840,NA,OLN,0.0,473,pause,NA,NA,NA,NA,0.0,0,-25.52,-11.46,[],0,0,[],[]
16440840,16449840,NA,NON,0.0,473,pause,NA,NA,NA,NA,0.0,0,-27.67,-4.01,[],0,0,[],[]
16449840,16458790,NA,NON,0.0,473,pause,NA,NA,NA,NA,0.0,0,-26.48,-14.43,[],0,0,[],[]
16458790,16463090,NA,OLN,0.0,473,pause,NA,NA,NA,NA,0.0,0,-19.45,-9.16,[],0,0,[],[]
16463090,16463690,CHI,CHN,0.0,473,pause,NA,NA,NA,NA,0.0,0,-15.56,-8.69,[],0,600,[],"[{'start': 16463.09, 'end': 16463.69}]"
16463690,16464490,OCH,CXN,0.0,473,XM,EC,0,NT,FI,0.0,0,-16.7,-11.93,[],0,0,[],[]
16464490,16465680,NA,OLN,0.0,474,pause,NA,NA,NA,NA,0.0,0,-27.23,-18.67,[],0,0,[],[]
16465680,16467150,CHI,CHN,0.0,474,pause,NA,NA,NA,NA,0.0,0,-15.44,-10.43,[],0,1470,"[{'start': 16465.68, 'end': 16467.15}]",[]
16467150,16469580,NA,OLN,0.0,474,pause,NA,NA,NA,NA,0.0,0,-27.08,-14.65,[],0,0,[],[]
16469580,16470390,OCH,CXN,0.0,474,XIC,BC,0,NT,FI,0.0,0,-14.34,-4.96,[],0,0,[],[]
16470390,16471020,OCH,CXN,0.0,474,XIC,RC,0,NT,FH,0.0,0,-14.18,-10.08,[],0,0,[],[]
16471020,16471930,CHI,CHN,0.0,474,XIC,NA,NA,NA,NA,0.0,0,-15.61,-10.38,[],0,910,"[{'start': 16471.02, 'end': 16471.93}]",[]
16471930,16473150,NA,OLN,0.0,474,XIC,NA,NA,NA,NA,0.0,0,-25.68,-14.47,[],0,0,[],[]
16473150,16474340,OCH,CXN,0.0,474,XIC,RC,0,NT,FH,0.0,0,-14.72,-7.85,[],0,0,[],[]
16474340,16475170,NA,OLN,0.0,474,XIC,NA,NA,NA,NA,0.0,0,-29.85,-24.8,[],0,0,[],[]
16475170,16475870,CHI,CHN,0.0,474,XIC,NA,NA,NA,NA,0.0,0,-11.84,-3.72,[],0,700,"[{'start': 16475.17, 'end': 16475.87}]",[]
16475870,16477390,OCH,CXN,0.0,474,XIC,RC,0,NT,FH,0.0,0,-19.23,-11.28,[],0,0,[],[]
16477390,16478860,NA,OLN,0.0,474,XIC,NA,NA,NA,NA,0.0,0,-28.45,-14.64,[],0,0,[],[]
16478860,16479460,CHI,CHN,0.0,474,XIC,RC,0,NT,FI,1.0,240,-16.07,-8.07,"[{'Canonical-syllable': '0', 'Growl': '0', 'High-freq-energy': '0', 'Long-island': '0', 'Low-tilt-spectrum': '1', 'Medium-island': '0', 'Short-island': '1', 'Squeal': '0', 'Typical-entropy': '1', 'Voicing-quality': '1', 'Wide-band': '0', 'Xlong-island': '0', 'seq': '1', 'end': 16479.46, 'start': 16479.22}]",0,0,[],[]
16479460,16480410,OCH,CXN,0.0,474,XIC,RC,0,NT,FI,0.0,0,-15.07,-10.56,[],0,0,[],[]
16480410,16481640,OCH,CXN,0.0,474,XIC,RC,0,NT,FH,0.0,0,-17.41,-9.14,[],0,0,[],[]
16481640,16482300,CHI,CHN,0.0,474,XIC,RC,0,TIFI,FI,1.0,320,-13.07,-4.17,"[{'Canonical-syllable': '0', 'Growl': '0', 'High-freq-energy': '0', 'Long-island': '0', 'Low-tilt-spectrum': '1', 'Medium-island': '1', 'Short-island': '0', 'Squeal': '0', 'Typical-entropy': '1', 'Voicing-quality': '1', 'Wide-band': '0', 'Xlong-island': '0', 'seq': '1', 'end': 16482.3, 'start': 16481.98}]",0,0,[],[]
16482300,16483140,CHI,CHN,0.0,474,XIC,NA,NA,NA,NA,0.0,0,-15.51,-11.76,[],0,840,"[{'start': 16482.3, 'end': 16483.14}]",[]
16483140,16484300,FEM,FAN,5.7,474,XIC,RC,1,TIFR,FI,0.0,0,-18.02,-9.01,[],0,0,[],[]
16484300,16484940,CHI,CHN,0.0,474,XIC,RC,1,TIFE,FI,1.0,640,-15.7,-9.68,"[{'Canonical-syllable': '0', 'Growl': '0', 'High-freq-energy': '0', 'Long-island': '0', 'Low-tilt-spectrum': '0', 'Medium-island': '1', 'Short-island': '0', 'Squeal': '0', 'Typical-entropy': '1', 'Voicing-quality': '1', 'Wide-band': '0', 'Xlong-island': '0', 'seq': '1', 'end': 16484.94, 'start': 16484.3}]",0,0,[],[]
16484940,16487210,CHI,CHN,0.0,474,XIC,RC,1,TIFI,FH,1.0,2270,-19.57,-10.63,"[{'Canonical-syllable': '2', 'Growl': '0', 'High-freq-energy': '1', 'Long-island': '0', 'Low-tilt-spectrum': '3', 'Medium-island': '4', 'Short-island': '0', 'Squeal': '0', 'Typical-entropy': '4', 'Voicing-quality': '4', 'Wide-band': '0', 'Xlong-island': '0', 'seq': '1', 'end': 16487.21, 'start': 16484.94}]",0,0,[],[]
16487210,16488010,CHI,CHN,0.0,474,XIC,NA,NA,NA,NA,0.0,0,-17.41,-11.31,[],0,800,"[{'start': 16487.21, 'end': 16488.01}]",[]
16488010,16489010,FEM,FAN,6.18,474,XIC,RC,2,TIFR,FI,0.0,0,-17.09,-10.63,[],0,0,[],[]
16489010,16489810,CHI,CHN,0.0,474,XIC,RC,2,TIFE,FI,1.0,800,-15.07,-9.19,"[{'Canonical-syllable': '0', 'Growl': '0', 'High-freq-energy': '0', 'Long-island': '1', 'Low-tilt-spectrum': '0', 'Medium-island': '0', 'Short-island': '0', 'Squeal': '0', 'Typical-entropy': '1', 'Voicing-quality': '1', 'Wide-band': '0', 'Xlong-island': '0', 'seq': '1', 'end': 16489.81, 'start': 16489.15}]",0,0,[],[]
16489810,16490500,CHI,CHN,0.0,474,XIC,RC,2,NT,FH,1.0,690,-16.42,-7.49,"[{'Canonical-syllable': '1', 'Growl': '1', 'High-freq-energy': '0', 'Long-island': '0', 'Low-tilt-spectrum': '2', 'Medium-island': '0', 'Short-island': '2', 'Squeal': '0', 'Typical-entropy': '2', 'Voicing-quality': '1', 'Wide-band': '0', 'Xlong-island': '0', 'seq': '1', 'end': 16490.5, 'start': 16489.81}]",0,0,[],[]
16490500,16491680,OCH,CXN,0.0,474,XIC,RC,2,NT,FI,0.0,0,-21.7,-11.21,[],0,0,[],[]
16491680,16492720,NA,OLF,0.0,474,XIC,NA,NA,NA,NA,0.0,0,-38.71,-28.96,[],0,0,[],[]
16492720,16493600,OCH,CXN,0.0,474,XIC,RC,2,NT,FH,0.0,0,-36.18,-30.48,[],0,0,[],[]
16493600,16494870,NA,OLF,0.0,474,XIC,NA,NA,NA,NA,0.0,0,-36.66,-25.31,[],0,0,[],[]
16494870,16495700,CHI,CHN,0.0,474,XIC,EC,2,NT,FI,1.0,830,-24.11,-14.56,"[{'Canonical-syllable': '0', 'Growl': '1', 'High-freq-energy': '1', 'Long-island': '0', 'Low-tilt-spectrum': '2', 'Medium-island': '1', 'Short-island': '1', 'Squeal': '0', 'Typical-entropy': '1', 'Voicing-quality': '2', 'Wide-band': '0', 'Xlong-island': '0', 'seq': '1', 'end': 16495.7, 'start': 16495.03}]",0,0,[],[]
16495700,16496500,NA,NOF,0.0,475,pause,NA,NA,NA,NA,0.0,0,-43.75,-35.3,[],0,0,[],[]
16496500,16497300,NA,FAF,0.0,475,pause,NA,NA,NA,NA,0.0,0,-41.97,-34.6,[],0,0,[],[]
16497300,16498870,NA,NOF,0.0,475,pause,NA,NA,NA,NA,0.0,0,-41.13,-32.44,[],0,0,[],[]
16498870,16500710,NA,OLN,0.0,475,pause,NA,NA,NA,NA,0.0,0,-23.73,-6.6,[],0,0,[],[]
16500710,16501600,NA,NOF,0.0,475,pause,NA,NA,NA,NA,0.0,0,-44.15,-33.15,[],0,0,[],[]
16501600,16502910,NA,OLN,0.0,475,pause,NA,NA,NA,NA,0.0,0,-19.47,-6.41,[],0,0,[],[]
16502910,16504510,NA,NOF,0.0,475,pause,NA,NA,NA,NA,0.0,0,-43.22,-35.12,[],0,0,[],[]
16504510,16505410,CHI,CHN,0.0,475,CIOCX,BC,0,NT,FI,1.0,900,-16.78,-7.46,"[{'Canonical-syllable': '0', 'Growl': '0', 'High-freq-energy': '0', 'Long-island': '0', 'Low-tilt-spectrum': '0', 'Medium-island': '2', 'Short-island': '0', 'Squeal': '0', 'Typical-entropy': '1', 'Voicing-quality': '2', 'Wide-band': '0', 'Xlong-island': '0', 'seq': '1', 'end': 16505.41, 'start': 16504.51}]",0,0,[],[]
16505410,16506600,NA,OLF,0.0,475,CIOCX,NA,NA,NA,NA,0.0,0,-30.35,-17.39,[],0,0,[],[]
16506600,16507420,OCH,CXN,0.0,475,CIOCX,RC,0,NT,FI,0.0,0,-18.44,-6.74,[],0,0,[],[]
16507420,16508020,CHI,CHN,0.0,475,CIOCX,RC,0,NT,FI,1.0,600,-15.73,-11.73,"[{'Canonical-syllable': '0', 'Growl': '0', 'High-freq-energy': '0', 'Long-island': '0', 'Low-tilt-spectrum': '0', 'Medium-island': '1', 'Short-island': '0', 'Squeal': '0', 'Typical-entropy': '0', 'Voicing-quality': '1', 'Wide-band': '0', 'Xlong-island': '0', 'seq': '1', 'end': 16508.02, 'start': 16507.42}]",0,0,[],[]
16508020,16509040,NA,NOF,0.0,475,CIOCX,NA,NA,NA,NA,0.0,0,-35.63,-17.17,[],0,0,[],[]
16509040,16510480,OCH,CXN,0.0,475,CIOCX,EC,0,NT,FI,0.0,0,-25.64,-15.39,[],0,0,[],[]
16510480,16513010,NA,NOF,0.0,476,pause,NA,NA,NA,NA,0.0,0,-46.5,-37.33,[],0,0,[],[]
16513010,16519430,NA,OLN,0.0,476,pause,NA,NA,NA,NA,0.0,0,-25.29,-15.68,[],0,0,[],[]
16519430,16520240,OCH,CXN,0.0,476,XM,BC,0,NT,FI,0.0,0,-28.69,-20.32,[],0,0,[],[]
16520240,16521080,NA,OLN,0.0,476,XM,NA,NA,NA,NA,0.0,0,-24.94,-12.6,[],0,0,[],[]
16521080,16521890,OCH,CXN,0.0,476,XM,RC,0,NT,FH,0.0,0,-31.94,-30.37,[],0,0,[],[]
16521890,16525290,NA,OLN,0.0,476,XM,NA,NA,NA,NA,0.0,0,-30.61,-23.0,[],0,0,[],[]
16525290,16528430,OCH,CXN,0.0,476,XM,EC,0,NT,FH,0.0,0,-25.88,-20.37,[],0,0,[],[]
16528430,16535140,NA,OLN,0.0,477,pause,NA,NA,NA,NA,0.0,0,-21.61,-12.79,[],0,0,[],[]
16535140,16549890,NA,NON,0.0,477,pause,NA,NA,NA,NA,0.0,0,-26.05,-10.16,[],0,0,[],[]
16549890,16558860,NA,OLN,0.0,477,pause,NA,NA,NA,NA,0.0,0,-21.24,-13.84,[],0,0,[],[]
16558860,16559660,OCH,CXN,0.0,477,XIOCAC,BC,0,NT,FI,0.0,0,-26.06,-18.48,[],0,0,[],[]
16559660,16560830,NA,OLN,0.0,477,XIOCAC,NA,NA,NA,NA,0.0,0,-29.32,-21.28,[],0,0,[],[]
16560830,16561900,OCH,CXN,0.0,477,XIOCAC,RC,0,NT,FH,0.0,0,-22.57,-11.95,[],0,0,[],[]
16561900,16565260,NA,OLN,0.0,477,XIOCAC,NA,NA,NA,NA,0.0,0,-29.15,-14.61,[],0,0,[],[]
16565260,16566230,OCH,CXN,0.0,477,XIOCAC,RC,0,NT,FH,0.0,0,-30.07,-24.23,[],0,0,[],[]
16566230,16569480,NA,OLN,0.0,477,XIOCAC,NA,NA,NA,NA,0.0,0,-28.3,-19.18,[],0,0,[],[]
16569480,16571940,OCH,CXN,0.0,477,XIOCAC,RC,0,NT,FH,0.0,0,-27.65,-15.28,[],0,0,[],[]
16571940,16572740,NA,OLN,0.0,477,XIOCAC,NA,NA,NA,NA,0.0,0,-18.51,-5.67,[],0,0,[],[]
16572740,16575690,OCH,CXN,0.0,477,XIOCAC,RC,0,NT,FH,0.0,0,-26.01,-22.87,[],0,0,[],[]
16575690,16576650,NA,OLN,0.0,477,XIOCAC,NA,NA,NA,NA,0.0,0,-19.0,-6.06,[],0,0,[],[]
16576650,16577580,OCH,CXN,0.0,477,XIOCAC,RC,0,NT,FH,0.0,0,-26.87,-19.88,[],0,0,[],[]
16577580,16578920,NA,OLN,0.0,477,XIOCAC,NA,NA,NA,NA,0.0,0,-25.49,-18.49,[],0,0,[],[]
16578920,16582490,OCH,CXN,0.0,477,XIOCAC,RC,0,NT,FH,0.0,0,-24.78,-18.43,[],0,0,[],[]
16582490,16583300,NA,OLN,0.0,477,XIOCAC,NA,NA,NA,NA,0.0,0,-21.88,-16.95,[],0,0,[],[]
16583300,16584170,OCH,CXN,0.0,477,XIOCAC,RC,0,NT,FH,0.0,0,-22.7,-16.7,[],0,0,[],[]
16584170,16585840,NA,OLN,0.0,477,XIOCAC,NA,NA,NA,NA,0.0,0,-17.43,-2.53,[],0,0,[],[]
16585840,16587950,OCH,CXN,0.0,477,XIOCAC,RC,0,NT,FH,0.0,0,-26.84,-20.07,[],0,0,[],[]
16587950,16588560,OCH,CXN,0.0,477,XIOCAC,RC,0,NT,FH,0.0,0,-28.02,-21.92,[],0,0,[],[]
16588560,16589840,FEM,FAN,5.88,477,XIOCAC,RC,0,NT,FI,0.0,0,-26.68,-20.39,[],0,0,[],[]
16589840,16590660,NA,OLF,0.0,477,XIOCAC,NA,NA,NA,NA,0.0,0,-27.9,-12.25,[],0,0,[],[]
16590660,16591630,NA,NOF,0.0,477,XIOCAC,NA,NA,NA,NA,0.0,0,-39.12,-30.36,[],0,0,[],[]
16591630,16593640,OCH,CXN,0.0,477,XIOCAC,RC,0,NT,FI,0.0,0,-26.51,-16.71,[],0,0,[],[]
16593640,16594870,NA,NOF,0.0,477,XIOCAC,NA,NA,NA,NA,0.0,0,-36.0,-18.0,[],0,0,[],[]
16594870,16596890,OCH,CXN,0.0,477,XIOCAC,RC,0,NT,FH,0.0,0,-24.91,-17.06,[],0,0,[],[]
16596890,16597730,NA,CXF,0.0,477,XIOCAC,NA,NA,NA,NA,0.0,0,-43.12,-32.93,[],0,0,[],[]
16597730,16599450,OCH,CXN,0.0,477,XIOCAC,RC,0,NT,FH,0.0,0,-25.74,-16.85,[],0,0,[],[]
16599450,16601180,NA,OLN,0.0,477,XIOCAC,NA,NA,NA,NA,0.0,0,-35.24,-23.68,[],0,0,[],[]
16601180,16603440,OCH,CXN,0.0,477,XIOCAC,RC,0,NT,FH,0.0,0,-24.79,-16.33,[],0,0,[],[]
16603440,16604270,NA,OLF,0.0,477,XIOCAC,NA,NA,NA,NA,0.0,0,-34.15,-22.39,[],0,0,[],[]
16604270,16605110,NA,CXF,0.0,477,XIOCAC,NA,NA,NA,NA,0.0,0,-43.28,-37.11,[],0,0,[],[]
16605110,16606760,NA,OLF,0.0,477,XIOCAC,NA,NA,NA,NA,0.0,0,-42.15,-37.65,[],0,0,[],[]
16606760,16607960,OCH,CXN,0.0,477,XIOCAC,RC,0,NT,FH,0.0,0,-24.06,-16.81,[],0,0,[],[]
16607960,16608570,CHI,CHN,0.0,477,XIOCAC,EC,0,NT,FI,1.0,610,-24.6,-18.71,"[{'Canonical-syllable': '2', 'Growl': '0', 'High-freq-energy': '0', 'Long-island': '0', 'Low-tilt-spectrum': '0', 'Medium-island': '1', 'Short-island': '1', 'Squeal': '0', 'Typical-entropy': '0', 'Voicing-quality': '2', 'Wide-band': '0', 'Xlong-island': '0', 'seq': '1', 'end': 16608.57, 'start': 16607.96}]",0,0,[],[]
16608570,16612040,NA,NOF,0.0,478,pause,NA,NA,NA,NA,0.0,0,-34.71,-20.18,[],0,0,[],[]
16612040,16612930,NA,MAF,0.0,478,pause,NA,NA,NA,NA,0.0,0,-35.65,-27.01,[],0,0,[],[]
16612930,16615000,NA,NOF,0.0,478,pause,NA,NA,NA,NA,0.0,0,-37.96,-22.93,[],0,0,[],[]
16615000,16615600,CHI,CHN,0.0,478,pause,NA,NA,NA,NA,0.0,0,-32.12,-22.51,[],0,100,"[{'start': 16615.5, 'end': 16615.6}]",[]
16615600,16617110,OCH,CXN,0.0,478,XM,EC,0,NT,FI,0.0,0,-28.11,-18.85,[],0,0,[],[]
16617110,16631980,NA,OLN,0.0,479,pause,NA,NA,NA,NA,0.0,0,-26.2,-3.83,[],0,0,[],[]
16631980,16633060,CHI,CHN,0.0,479,CM,EC,0,NT,FI,1.0,1080,-22.66,-17.29,"[{'Canonical-syllable': '1', 'Growl': '0', 'High-freq-energy': '0', 'Long-island': '1', 'Low-tilt-spectrum': '1', 'Medium-island': '0', 'Short-island': '1', 'Squeal': '0', 'Typical-entropy': '2', 'Voicing-quality': '2', 'Wide-band': '0', 'Xlong-island': '0', 'seq': '1', 'end': 16633.06, 'start': 16631.98}]",0,0,[],[]
16633060,16649640,NA,OLN,0.0,480,pause,NA,NA,NA,NA,0.0,0,-28.62,-12.07,[],0,0,[],[]
16649640,16650440,OCH,CXN,0.0,480,XM,EC,0,NT,FI,0.0,0,-22.38,-15.11,[],0,0,[],[]
16650440,16663020,NA,OLN,0.0,481,pause,NA,NA,NA,NA,0.0,0,-26.71,-13.7,[],0,0,[],[]
16663020,16663760,CHI,CHN,0.0,481,pause,NA,NA,NA,NA,0.0,0,-14.33,-9.58,[],0,740,"[{'start': 16663.02, 'end': 16663.76}]",[]
16663760,16680740,NA,OLN,0.0,481,pause,NA,NA,NA,NA,0.0,0,-24.49,-8.88,[],0,0,[],[]
16680740,16691400,NA,NON,0.0,481,pause,NA,NA,NA,NA,0.0,0,-29.68,-20.8,[],0,0,[],[]
16691400,16700510,NA,OLN,0.0,481,pause,NA,NA,NA,NA,0.0,0,-22.54,-4.61,[],0,0,[],[]
16700510,16701960,OCH,CXN,0.0,481,XM,EC,0,NT,FI,0.0,0,-15.53,-11.16,[],0,0,[],[]
16701960,16731120,NA,OLN,0.0,482,pause,NA,NA,NA,NA,0.0,0,-23.63,-4.4,[],0,0,[],[]
16731120,16731930,NA,NON,0.0,482,pause,NA,NA,NA,NA,0.0,0,-27.98,-16.04,[],0,0,[],[]
16731930,16761060,NA,OLN,0.0,482,pause,NA,NA,NA,NA,0.0,0,-25.79,-2.05,[],0,0,[],[]
16761060,16763760,NA,NOF,0.0,482,pause,NA,NA,NA,NA,0.0,0,-28.57,-10.94,[],0,0,[],[]
16763760,16764820,NA,OLF,0.0,482,pause,NA,NA,NA,NA,0.0,0,-35.7,-23.01,[],0,0,[],[]
16764820,16766810,NA,NOF,0.0,482,pause,NA,NA,NA,NA,0.0,0,-34.59,-22.56,[],0,0,[],[]
16766810,16767630,NA,OLF,0.0,482,pause,NA,NA,NA,NA,0.0,0,-39.72,-34.38,[],0,0,[],[]
16767630,16768430,NA,NOF,0.0,482,pause,NA,NA,NA,NA,0.0,0,-31.58,-21.16,[],0,0,[],[]
16768430,16769230,NA,OLF,0.0,482,pause,NA,NA,NA,NA,0.0,0,-39.6,-31.35,[],0,0,[],[]
16769230,16771450,NA,NOF,0.0,482,pause,NA,NA,NA,NA,0.0,0,-28.64,-6.9,[],0,0,[],[]
16771450,16772890,NA,OLF,0.0,482,pause,NA,NA,NA,NA,0.0,0,-33.46,-19.26,[],0,0,[],[]
16772890,16773850,OCH,CXN,0.0,482,XM,BC,0,NT,FI,0.0,0,-39.83,-29.49,[],0,0,[],[]
16773850,16774650,NA,NOF,0.0,482,XM,NA,NA,NA,NA,0.0,0,-32.3,-17.31,[],0,0,[],[]
16774650,16775450,OCH,CXN,0.0,482,XM,EC,0,NT,FH,0.0,0,-28.85,-21.2,[],0,0,[],[]
16775450,16777510,NA,OLN,0.0,483,pause,NA,NA,NA,NA,0.0,0,-33.02,-17.92,[],0,0,[],[]
16777510,16778550,NA,NOF,0.0,483,pause,NA,NA,NA,NA,0.0,0,-28.9,-11.61,[],0,0,[],[]
16778550,16779350,NA,OLN,0.0,483,pause,NA,NA,NA,NA,0.0,0,-31.07,-21.07,[],0,0,[],[]
16779350,16780790,NA,NOF,0.0,483,pause,NA,NA,NA,NA,0.0,0,-41.15,-23.84,[],0,0,[],[]
16780790,16781790,MAL,MAN,6.34,483,AIOCM,BC,0,NT,FI,0.0,0,-30.89,-23.42,[],0,0,[],[]
16781790,16782590,NA,NOF,0.0,483,AIOCM,NA,NA,NA,NA,0.0,0,-32.41,-14.99,[],0,0,[],[]
16782590,16783520,OCH,CXN,0.0,483,AIOCM,EC,0,NT,FI,0.0,0,-27.6,-18.64,[],0,0,[],[]
16783520,16785880,NA,OLN,0.0,484,pause,NA,NA,NA,NA,0.0,0,-26.34,-6.95,[],0,0,[],[]
16785880,16788230,NA,NOF,0.0,484,pause,NA,NA,NA,NA,0.0,0,-33.08,-11.17,[],0,0,[],[]
16788230,16789030,NA,OLF,0.0,484,pause,NA,NA,NA,NA,0.0,0,-37.74,-30.86,[],0,0,[],[]
16789030,16789950,OCH,CXN,0.0,484,XM,BC,0,NT,FI,0.0,0,-38.19,-29.7,[],0,0,[],[]
16789950,16791500,NA,OLN,0.0,484,XM,NA,NA,NA,NA,0.0,0,-28.64,-15.28,[],0,0,[],[]
16791500,16792510,OCH,CXN,0.0,484,XM,EC,0,NT,FH,0.0,0,-35.6,-29.04,[],0,0,[],[]
16792510,16793610,NA,OLN,0.0,485,pause,NA,NA,NA,NA,0.0,0,-19.55,-4.47,[],0,0,[],[]
16793610,16795540,NA,NOF,0.0,485,pause,NA,NA,NA,NA,0.0,0,-36.13,-22.23,[],0,0,[],[]
16795540,16796340,NA,OLF,0.0,485,pause,NA,NA,NA,NA,0.0,0,-40.18,-31.34,[],0,0,[],[]
16796340,16798250,NA,NOF,0.0,485,pause,NA,NA,NA,NA,0.0,0,-33.54,-18.44,[],0,0,[],[]
16798250,16799650,OCH,CXN,0.0,485,XM,EC,0,NT,FI,0.0,0,-23.54,-15.78,[],0,0,[],[]
16799650,16801480,NA,NOF,0.0,486,pause,NA,NA,NA,NA,0.0,0,-39.05,-19.93,[],0,0,[],[]
16801480,16802280,NA,OLF,0.0,486,pause,NA,NA,NA,NA,0.0,0,-39.13,-31.48,[],0,0,[],[]
16802280,16807280,NA,NOF,0.0,486,pause,NA,NA,NA,NA,0.0,0,-40.21,-24.57,[],0,0,[],[]
16807280,16808090,NA,CXF,0.0,486,pause,NA,NA,NA,NA,0.0,0,-40.1,-26.87,[],0,0,[],[]
16808090,16809020,NA,NOF,0.0,486,pause,NA,NA,NA,NA,0.0,0,-38.58,-26.25,[],0,0,[],[]
16809020,16809820,NA,OLF,0.0,486,pause,NA,NA,NA,NA,0.0,0,-15.93,-3.05,[],0,0,[],[]
16809820,16811010,NA,NOF,0.0,486,pause,NA,NA,NA,NA,0.0,0,-39.18,-27.64,[],0,0,[],[]
16811010,16812040,NA,OLF,0.0,486,pause,NA,NA,NA,NA,0.0,0,-32.76,-16.86,[],0,0,[],[]
16812040,16812640,FEM,FAN,5.05,486,AMF,EC,0,NT,FI,0.0,0,-26.86,-20.78,[],0,0,[],[]
16812640,16820150,NA,OLN,0.0,487,pause,NA,NA,NA,NA,0.0,0,-21.41,-4.21,[],0,0,[],[]
16820150,16828000,NA,NON,0.0,487,pause,NA,NA,NA,NA,0.0,0,-28.6,-18.45,[],0,0,[],[]
16828000,16831150,NA,OLN,0.0,487,pause,NA,NA,NA,NA,0.0,0,-25.67,-10.12,[],0,0,[],[]
16831150,16853050,NA,NON,0.0,487,pause,NA,NA,NA,NA,0.0,0,-27.1,-15.67,[],0,0,[],[]
16853050,16860400,NA,NON,0.0,487,pause,NA,NA,NA,NA,0.0,0,-26.62,-8.68,[],0,0,[],[]
16860400,16869840,NA,OLN,0.0,487,pause,NA,NA,NA,NA,0.0,0,-26.41,-8.11,[],0,0,[],[]
16869840,16870450,OCH,CXN,0.0,487,XIOCC,BC,0,NT,FI,0.0,0,-20.0,-14.44,[],0,0,[],[]
16870450,16874110,NA,OLN,0.0,487,XIOCC,NA,NA,NA,NA,0.0,0,-25.14,-10.91,[],0,0,[],[]
16874110,16874910,OCH,CXN,0.0,487,XIOCC,RC,0,NT,FH,0.0,0,-24.82,-19.59,[],0,0,[],[]
16874910,16877180,NA,OLN,0.0,487,XIOCC,NA,NA,NA,NA,0.0,0,-28.68,-18.51,[],0,0,[],[]
16877180,16878210,OCH,CXN,0.0,487,XIOCC,RC,0,NT,FH,0.0,0,-19.46,-11.39,[],0,0,[],[]
16878210,16881410,NA,OLN,0.0,487,XIOCC,NA,NA,NA,NA,0.0,0,-28.69,-17.0,[],0,0,[],[]
16881410,16882070,CHI,CHN,0.0,487,XIOCC,RC,0,NT,FI,1.0,660,-15.04,-9.0,"[{'Canonical-syllable': '0', 'Growl': '0', 'High-freq-energy': '0', 'Long-island': '1', 'Low-tilt-spectrum': '1', 'Medium-island': '0', 'Short-island': '0', 'Squeal': '0', 'Typical-entropy': '1', 'Voicing-quality': '1', 'Wide-band': '0', 'Xlong-island': '0', 'seq': '1', 'end': 16882.07, 'start': 16881.41}]",0,0,[],[]
16882070,16885270,NA,OLN,0.0,487,XIOCC,NA,NA,NA,NA,0.0,0,-21.95,-10.85,[],0,0,[],[]
16885270,16886120,CHI,CHN,0.0,487,XIOCC,RC,0,NT,FH,1.0,850,-15.1,-9.2,"[{'Canonical-syllable': '1', 'Growl': '0', 'High-freq-energy': '1', 'Long-island': '0', 'Low-tilt-spectrum': '1', 'Medium-island': '1', 'Short-island': '1', 'Squeal': '0', 'Typical-entropy': '2', 'Voicing-quality': '3', 'Wide-band': '1', 'Xlong-island': '0', 'seq': '1', 'end': 16886.12, 'start': 16885.27}]",0,0,[],[]
16886120,16887020,NA,OLN,0.0,487,XIOCC,NA,NA,NA,NA,0.0,0,-20.5,-11.65,[],0,0,[],[]
16887020,16887680,CHI,CHN,0.0,487,XIOCC,RC,0,NT,FH,1.0,660,-17.91,-13.09,"[{'Canonical-syllable': '2', 'Growl': '0', 'High-freq-energy': '0', 'Long-island': '0', 'Low-tilt-spectrum': '1', 'Medium-island': '1', 'Short-island': '1', 'Squeal': '0', 'Typical-entropy': '2', 'Voicing-quality': '2', 'Wide-band': '0', 'Xlong-island': '0', 'seq': '1', 'end': 16887.68, 'start': 16887.02}]",0,0,[],[]
16887680,16892080,NA,OLN,0.0,487,XIOCC,NA,NA,NA,NA,0.0,0,-23.3,-5.5,[],0,0,[],[]
16892080,16892790,OCH,CXN,0.0,487,XIOCC,RC,0,NT,FI,0.0,0,-20.62,-14.56,[],0,0,[],[]
16892790,16895860,NA,OLN,0.0,487,XIOCC,NA,NA,NA,NA,0.0,0,-22.09,-9.99,[],0,0,[],[]
16895860,16896860,OCH,CXN,0.0,487,XIOCC,RC,0,NT,FH,0.0,0,-23.49,-18.34,[],0,0,[],[]
16896860,16900550,NA,OLN,0.0,487,XIOCC,NA,NA,NA,NA,0.0,0,-28.78,-14.6,[],0,0,[],[]
16900550,16901350,OCH,CXN,0.0,487,XIOCC,EC,0,NT,FH,0.0,0,-23.89,-18.32,[],0,0,[],[]
16901350,16906700,NA,NON,0.0,488,pause,NA,NA,NA,NA,0.0,0,-33.29,-19.12,[],0,0,[],[]
16906700,16907730,OCH,CXN,0.0,488,XIOCC,BC,0,NT,FI,0.0,0,-16.79,-10.45,[],0,0,[],[]
16907730,16909570,OCH,CXN,0.0,488,XIOCC,RC,0,NT,FH,0.0,0,-16.41,-8.21,[],0,0,[],[]
16909570,16912530,NA,OLN,0.0,488,XIOCC,NA,NA,NA,NA,0.0,0,-26.89,-14.44,[],0,0,[],[]
16912530,16913720,OCH,CXN,0.0,488,XIOCC,RC,0,NT,FH,0.0,0,-16.68,-9.27,[],0,0,[],[]
16913720,16916230,NA,OLN,0.0,488,XIOCC,NA,NA,NA,NA,0.0,0,-22.83,-12.86,[],0,0,[],[]
16916230,16916830,OCH,CXN,0.0,488,XIOCC,RC,0,NT,FH,0.0,0,-15.85,-8.57,[],0,0,[],[]
16916830,16921570,NA,OLN,0.0,488,XIOCC,NA,NA,NA,NA,0.0,0,-23.15,-8.56,[],0,0,[],[]
16921570,16922300,CHI,CHN,0.0,488,XIOCC,EC,0,NT,FI,1.0,730,-16.15,-11.01,"[{'Canonical-syllable': '2', 'Growl': '0', 'High-freq-energy': '0', 'Long-island': '0', 'Low-tilt-spectrum': '1', 'Medium-island': '2', 'Short-island': '0', 'Squeal': '0', 'Typical-entropy': '2', 'Voicing-quality': '2', 'Wide-band': '0', 'Xlong-island': '0', 'seq': '1', 'end': 16922.3, 'start': 16921.57}]",0,0,[],[]
16922300,16929300,NA,OLN,0.0,489,pause,NA,NA,NA,NA,0.0,0,-28.87,-16.81,[],0,0,[],[]
16929300,16930100,OCH,CXN,0.0,489,XIOCC,BC,0,NT,FI,0.0,0,-22.62,-18.93,[],0,0,[],[]
16930100,16931530,NA,OLN,0.0,489,XIOCC,NA,NA,NA,NA,0.0,0,-24.85,-14.29,[],0,0,[],[]
16931530,16932130,CHI,CHN,0.0,489,XIOCC,RC,0,NT,FI,1.0,600,-27.27,-22.34,"[{'Canonical-syllable': '1', 'Growl': '0', 'High-freq-energy': '0', 'Long-island': '0', 'Low-tilt-spectrum': '0', 'Medium-island': '1', 'Short-island': '0', 'Squeal': '0', 'Typical-entropy': '0', 'Voicing-quality': '1', 'Wide-band': '0', 'Xlong-island': '0', 'seq': '1', 'end': 16932.13, 'start': 16931.53}]",0,0,[],[]
16932130,16932950,NA,OLN,0.0,489,XIOCC,NA,NA,NA,NA,0.0,0,-33.84,-24.32,[],0,0,[],[]
16932950,16933550,OCH,CXN,0.0,489,XIOCC,RC,0,NT,FI,0.0,0,-26.97,-21.28,[],0,0,[],[]
16933550,16936380,NA,OLN,0.0,489,XIOCC,NA,NA,NA,NA,0.0,0,-27.38,-14.03,[],0,0,[],[]
16936380,16937270,OCH,CXN,0.0,489,XIOCC,RC,0,NT,FH,0.0,0,-16.46,-9.17,[],0,0,[],[]
16937270,16938830,OCH,CXN,0.0,489,XIOCC,RC,0,NT,FH,0.0,0,-20.57,-10.84,[],0,0,[],[]
16938830,16939430,OCH,CXN,0.0,489,XIOCC,RC,0,NT,FH,0.0,0,-18.15,-11.67,[],0,0,[],[]
16939430,16940640,NA,OLN,0.0,489,XIOCC,NA,NA,NA,NA,0.0,0,-34.26,-30.96,[],0,0,[],[]
16940640,16941240,CHI,CHN,0.0,489,XIOCC,NA,NA,NA,NA,0.0,0,-20.77,-16.99,[],0,600,[],"[{'start': 16940.64, 'end': 16941.24}]"
16941240,16942440,NA,OLN,0.0,489,XIOCC,NA,NA,NA,NA,0.0,0,-19.46,-10.55,[],0,0,[],[]
16942440,16943050,CHI,CHN,0.0,489,XIOCC,RC,0,NT,FI,1.0,610,-22.07,-15.32,"[{'Canonical-syllable': '0', 'Growl': '0', 'High-freq-energy': '0', 'Long-island': '0', 'Low-tilt-spectrum': '1', 'Medium-island': '0', 'Short-island': '2', 'Squeal': '0', 'Typical-entropy': '3', 'Voicing-quality': '3', 'Wide-band': '1', 'Xlong-island': '0', 'seq': '1', 'end': 16943.05, 'start': 16942.44}]",0,0,[],[]
16943050,16944280,NA,OLN,0.0,489,XIOCC,NA,NA,NA,NA,0.0,0,-30.45,-20.52,[],0,0,[],[]
16944280,16944880,CHI,CHN,0.0,489,XIOCC,EC,0,NT,FH,1.0,600,-19.72,-11.44,"[{'Canonical-syllable': '0', 'Growl': '0', 'High-freq-energy': '0', 'Long-island': '0', 'Low-tilt-spectrum': '1', 'Medium-island': '1', 'Short-island': '0', 'Squeal': '0', 'Typical-entropy': '1', 'Voicing-quality': '1', 'Wide-band': '0', 'Xlong-island': '0', 'seq': '1', 'end': 16944.88, 'start': 16944.53}]",0,0,[],[]
16944880,16952030,NA,OLN,0.0,490,pause,NA,NA,NA,NA,0.0,0,-25.59,-11.41,[],0,0,[],[]
16952030,16953150,OCH,CXN,0.0,490,XM,EC,0,NT,FI,0.0,0,-23.09,-13.53,[],0,0,[],[]
16953150,16958690,NA,OLN,0.0,491,pause,NA,NA,NA,NA,0.0,0,-26.09,-4.56,[],0,0,[],[]
16958690,16959290,CHI,CHN,0.0,491,CIOCX,BC,0,NT,FI,1.0,600,-18.88,-10.88,"[{'Canonical-syllable': '0', 'Growl': '1', 'High-freq-energy': '0', 'Long-island': '0', 'Low-tilt-spectrum': '2', 'Medium-island': '0', 'Short-island': '2', 'Squeal': '0', 'Typical-entropy': '2', 'Voicing-quality': '2', 'Wide-band': '1', 'Xlong-island': '0', 'seq': '1', 'end': 16959.29, 'start': 16958.69}]",0,0,[],[]
16959290,16960310,NA,OLN,0.0,491,CIOCX,NA,NA,NA,NA,0.0,0,-19.97,-7.1,[],0,0,[],[]
16960310,16960930,CHI,CHN,0.0,491,CIOCX,RC,0,NT,FH,1.0,620,-17.89,-11.21,"[{'Canonical-syllable': '0', 'Growl': '0', 'High-freq-energy': '0', 'Long-island': '0', 'Low-tilt-spectrum': '0', 'Medium-island': '1', 'Short-island': '0', 'Squeal': '0', 'Typical-entropy': '0', 'Voicing-quality': '1', 'Wide-band': '0', 'Xlong-island': '0', 'seq': '1', 'end': 16960.93, 'start': 16960.31}]",0,0,[],[]
16960930,16962200,OCH,CXN,0.0,491,CIOCX,RC,0,NT,FI,0.0,0,-18.53,-13.45,[],0,0,[],[]
16962200,16964020,CHI,CHN,0.0,491,CIOCX,RC,0,NT,FI,1.0,1820,-19.22,-12.65,"[{'Canonical-syllable': '0', 'Growl': '0', 'High-freq-energy': '0', 'Long-island': '2', 'Low-tilt-spectrum': '1', 'Medium-island': '1', 'Short-island': '0', 'Squeal': '0', 'Typical-entropy': '2', 'Voicing-quality': '3', 'Wide-band': '0', 'Xlong-island': '0', 'seq': '1', 'end': 16964.02, 'start': 16962.2}]",0,0,[],[]
16964020,16966560,NA,OLN,0.0,491,CIOCX,NA,NA,NA,NA,0.0,0,-31.58,-20.08,[],0,0,[],[]
16966560,16967160,CHI,CHN,0.0,491,CIOCX,EC,0,NT,FH,1.0,600,-19.16,-12.47,"[{'Canonical-syllable': '1', 'Growl': '0', 'High-freq-energy': '0', 'Long-island': '0', 'Low-tilt-spectrum': '0', 'Medium-island': '0', 'Short-island': '1', 'Squeal': '0', 'Typical-entropy': '0', 'Voicing-quality': '2', 'Wide-band': '0', 'Xlong-island': '0', 'seq': '1', 'end': 16967.16, 'start': 16966.73}]",0,0,[],[]
16967160,16972850,NA,OLN,0.0,492,pause,NA,NA,NA,NA,0.0,0,-29.71,-19.07,[],0,0,[],[]
16972850,16973820,CHI,CHN,0.0,492,CIOCX,BC,0,NT,FI,1.0,970,-14.65,-9.11,"[{'Canonical-syllable': '0', 'Growl': '0', 'High-freq-energy': '0', 'Long-island': '0', 'Low-tilt-spectrum': '1', 'Medium-island': '2', 'Short-island': '0', 'Squeal': '0', 'Typical-entropy': '2', 'Voicing-quality': '2', 'Wide-band': '0', 'Xlong-island': '0', 'seq': '1', 'end': 16973.82, 'start': 16972.85}]",0,0,[],[]
16973820,16974810,OCH,CXN,0.0,492,CIOCX,RC,0,NT,FI,0.0,0,-22.87,-14.78,[],0,0,[],[]
16974810,16976590,NA,OLN,0.0,492,CIOCX,NA,NA,NA,NA,0.0,0,-23.13,-14.97,[],0,0,[],[]
16976590,16978520,CHI,CHN,0.0,492,CIOCX,RC,0,NT,FI,2.0,1580,-17.29,-7.4,"[{'Canonical-syllable': '2', 'Growl': '0', 'High-freq-energy': '1', 'Long-island': '0', 'Low-tilt-spectrum': '0', 'Medium-island': '3', 'Short-island': '0', 'Squeal': '0', 'Typical-entropy': '2', 'Voicing-quality': '5', 'Wide-band': '0', 'Xlong-island': '0', 'seq': '1', 'end': 16978.08, 'start': 16976.59}, {'Canonical-syllable': '0', 'Growl': '0', 'High-freq-energy': '0', 'Long-island': '0', 'Low-tilt-spectrum': '0', 'Medium-island': '0', 'Short-island': '0', 'Squeal': '0', 'Typical-entropy': '0', 'Voicing-quality': '0', 'Wide-band': '0', 'Xlong-island': '0', 'seq': '2', 'end': 16978.52, 'start': 16978.43}]",0,0,[],[]
16978520,16981240,NA,OLN,0.0,492,CIOCX,NA,NA,NA,NA,0.0,0,-25.59,-14.6,[],0,0,[],[]
16981240,16982040,OCH,CXN,0.0,492,CIOCX,EC,0,NT,FI,0.0,0,-20.35,-14.7,[],0,0,[],[]
16982040,17001690,NA,OLN,0.0,493,pause,NA,NA,NA,NA,0.0,0,-25.86,-5.23,[],0,0,[],[]
17001690,17003000,OCH,CXN,0.0,493,XIOCC,BC,0,NT,FI,0.0,0,-17.38,-9.07,[],0,0,[],[]
17003000,17004210,NA,OLN,0.0,493,XIOCC,NA,NA,NA,NA,0.0,0,-22.83,-15.71,[],0,0,[],[]
17004210,17005170,CHI,CHN,0.0,493,XIOCC,EC,0,NT,FI,1.0,960,-15.25,-7.75,"[{'Canonical-syllable': '0', 'Growl': '0', 'High-freq-energy': '0', 'Long-island': '0', 'Low-tilt-spectrum': '1', 'Medium-island': '1', 'Short-island': '1', 'Squeal': '0', 'Typical-entropy': '2', 'Voicing-quality': '2', 'Wide-band': '0', 'Xlong-island': '0', 'seq': '1', 'end': 17005.17, 'start': 17004.21}]",0,0,[],[]
17005170,17013700,NA,OLN,0.0,494,pause,NA,NA,NA,NA,0.0,0,-30.9,-20.95,[],0,0,[],[]
17013700,17014590,CHI,CHN,0.0,494,CIOCX,BC,0,NT,FI,1.0,890,-14.61,-10.57,"[{'Canonical-syllable': '0', 'Growl': '0', 'High-freq-energy': '0', 'Long-island': '1', 'Low-tilt-spectrum': '0', 'Medium-island': '0', 'Short-island': '0', 'Squeal': '0', 'Typical-entropy': '0', 'Voicing-quality': '1', 'Wide-band': '0', 'Xlong-island': '0', 'seq': '1', 'end': 17014.59, 'start': 17013.7}]",0,0,[],[]
17014590,17015390,NA,OLN,0.0,494,CIOCX,NA,NA,NA,NA,0.0,0,-29.69,-21.83,[],0,0,[],[]
17015390,17016000,CHI,CHN,0.0,494,CIOCX,RC,0,NT,FH,1.0,610,-16.77,-10.7,"[{'Canonical-syllable': '0', 'Growl': '0', 'High-freq-energy': '0', 'Long-island': '0', 'Low-tilt-spectrum': '1', 'Medium-island': '1', 'Short-island': '0', 'Squeal': '0', 'Typical-entropy': '1', 'Voicing-quality': '1', 'Wide-band': '0', 'Xlong-island': '0', 'seq': '1', 'end': 17016.0, 'start': 17015.39}]",0,0,[],[]
17016000,17018850,NA,OLN,0.0,494,CIOCX,NA,NA,NA,NA,0.0,0,-16.6,-4.07,[],0,0,[],[]
17018850,17020260,OCH,CXN,0.0,494,CIOCX,RC,0,NT,FI,0.0,0,-15.14,-10.04,[],0,0,[],[]
17020260,17021300,NA,OLN,0.0,494,CIOCX,NA,NA,NA,NA,0.0,0,-17.01,-4.4,[],0,0,[],[]
17021300,17022160,OCH,CXN,0.0,494,CIOCX,EC,0,NT,FH,0.0,0,-15.57,-10.14,[],0,0,[],[]
17022160,17031840,NA,OLN,0.0,495,pause,NA,NA,NA,NA,0.0,0,-23.0,-5.54,[],0,0,[],[]
17031840,17032440,CHI,CHN,0.0,495,pause,NA,NA,NA,NA,0.0,0,-18.32,-9.71,[],0,390,"[{'start': 17031.93, 'end': 17032.32}]",[]
17032440,17036320,NA,OLN,0.0,495,pause,NA,NA,NA,NA,0.0,0,-29.38,-20.59,[],0,0,[],[]
17036320,17037350,OCH,CXN,0.0,495,XM,EC,0,NT,FI,0.0,0,-30.38,-21.21,[],0,0,[],[]
17037350,17043010,NA,OLN,0.0,496,pause,NA,NA,NA,NA,0.0,0,-26.58,-8.15,[],0,0,[],[]
17043010,17043810,NA,NON,0.0,496,pause,NA,NA,NA,NA,0.0,0,-26.24,-15.94,[],0,0,[],[]
17043810,17044890,NA,OLN,0.0,496,pause,NA,NA,NA,NA,0.0,0,-16.9,-3.48,[],0,0,[],[]
17044890,17045800,OCH,CXN,0.0,496,XIOCC,BC,0,NT,FI,0.0,0,-16.7,-9.83,[],0,0,[],[]
17045800,17046440,CHI,CHN,0.0,496,XIOCC,RC,0,NT,FI,1.0,640,-16.16,-10.34,"[{'Canonical-syllable': '0', 'Growl': '1', 'High-freq-energy': '0', 'Long-island': '0', 'Low-tilt-spectrum': '2', 'Medium-island': '1', 'Short-island': '1', 'Squeal': '0', 'Typical-entropy': '1', 'Voicing-quality': '2', 'Wide-band': '0', 'Xlong-island': '0', 'seq': '1', 'end': 17046.44, 'start': 17045.8}]",0,0,[],[]
17046440,17047300,NA,OLN,0.0,496,XIOCC,NA,NA,NA,NA,0.0,0,-17.94,-9.83,[],0,0,[],[]
17047300,17048120,OCH,CXN,0.0,496,XIOCC,EC,0,NT,FI,0.0,0,-18.57,-11.52,[],0,0,[],[]
17048120,17059750,NA,OLN,0.0,497,pause,NA,NA,NA,NA,0.0,0,-20.75,-2.9,[],0,0,[],[]
17059750,17060580,OCH,CXN,0.0,497,XM,BC,0,NT,FI,0.0,0,-19.74,-9.08,[],0,0,[],[]
17060580,17063220,NA,OLN,0.0,497,XM,NA,NA,NA,NA,0.0,0,-20.73,-7.94,[],0,0,[],[]
17063220,17064020,OCH,CXN,0.0,497,XM,RC,0,NT,FH,0.0,0,-16.44,-10.78,[],0,0,[],[]
17064020,17067090,NA,OLN,0.0,497,XM,NA,NA,NA,NA,0.0,0,-22.36,-5.04,[],0,0,[],[]
17067090,17067710,CHI,CHN,0.0,497,XM,NA,NA,NA,NA,0.0,0,-15.48,-7.82,[],0,460,"[{'start': 17067.09, 'end': 17067.55}]",[]
17067710,17068520,NA,OLN,0.0,497,XM,NA,NA,NA,NA,0.0,0,-16.95,-10.2,[],0,0,[],[]
17068520,17069320,OCH,CXN,0.0,497,XM,RC,0,NT,FH,0.0,0,-16.23,-12.21,[],0,0,[],[]
17069320,17070300,NA,OLN,0.0,497,XM,NA,NA,NA,NA,0.0,0,-26.27,-18.13,[],0,0,[],[]
17070300,17071100,OCH,CXN,0.0,497,XM,RC,0,NT,FH,0.0,0,-17.96,-10.57,[],0,0,[],[]
17071100,17071700,CHI,CHN,0.0,497,XM,NA,NA,NA,NA,0.0,0,-15.67,-11.89,[],0,600,"[{'start': 17071.1, 'end': 17071.7}]",[]
17071700,17073140,CHI,CHN,0.0,497,XM,NA,NA,NA,NA,0.0,0,-17.73,-11.92,[],0,1040,"[{'start': 17072.1, 'end': 17073.14}]",[]
17073140,17074020,OCH,CXN,0.0,497,XM,EC,0,NT,FH,0.0,0,-20.31,-14.31,[],0,0,[],[]
17074020,17075820,NA,OLN,0.0,498,pause,NA,NA,NA,NA,0.0,0,-23.36,-12.43,[],0,0,[],[]
17075820,17076420,CHI,CHN,0.0,498,pause,NA,NA,NA,NA,0.0,0,-18.1,-9.07,[],0,210,"[{'start': 17076.0, 'end': 17076.21}]",[]
17076420,17078880,NA,OLN,0.0,498,pause,NA,NA,NA,NA,0.0,0,-21.49,-5.38,[],0,0,[],[]
17078880,17080770,CHI,CHN,0.0,498,pause,NA,NA,NA,NA,0.0,0,-16.48,-8.5,[],0,1890,"[{'start': 17078.88, 'end': 17080.77}]",[]
17080770,17082050,NA,OLN,0.0,498,pause,NA,NA,NA,NA,0.0,0,-25.38,-14.06,[],0,0,[],[]
17082050,17082910,CHI,CHN,0.0,498,pause,NA,NA,NA,NA,0.0,0,-15.91,-7.83,[],0,860,"[{'start': 17082.05, 'end': 17082.91}]",[]
17082910,17085030,NA,OLN,0.0,498,pause,NA,NA,NA,NA,0.0,0,-22.26,-4.22,[],0,0,[],[]
17085030,17086040,CHI,CHN,0.0,498,CIOCX,BC,0,NT,FI,1.0,790,-15.64,-8.17,"[{'Canonical-syllable': '1', 'Growl': '0', 'High-freq-energy': '0', 'Long-island': '0', 'Low-tilt-spectrum': '2', 'Medium-island': '1', 'Short-island': '1', 'Squeal': '0', 'Typical-entropy': '2', 'Voicing-quality': '2', 'Wide-band': '0', 'Xlong-island': '0', 'seq': '1', 'end': 17085.82, 'start': 17085.03}]",0,0,[],[]
17086040,17088800,NA,OLN,0.0,498,CIOCX,NA,NA,NA,NA,0.0,0,-22.23,-9.96,[],0,0,[],[]
17088800,17089770,OCH,CXN,0.0,498,CIOCX,RC,0,NT,FI,0.0,0,-16.63,-8.77,[],0,0,[],[]
17089770,17092610,NA,OLN,0.0,498,CIOCX,NA,NA,NA,NA,0.0,0,-29.84,-14.35,[],0,0,[],[]
17092610,17093660,OCH,CXN,0.0,498,CIOCX,RC,0,NT,FH,0.0,0,-15.09,-8.57,[],0,0,[],[]
17093660,17094940,NA,OLN,0.0,498,CIOCX,NA,NA,NA,NA,0.0,0,-23.37,-11.16,[],0,0,[],[]
17094940,17096690,CHI,CHN,0.0,498,CIOCX,NA,NA,NA,NA,0.0,0,-15.66,-8.36,[],0,1750,"[{'start': 17094.94, 'end': 17096.69}]",[]
17096690,17098310,NA,OLN,0.0,498,CIOCX,NA,NA,NA,NA,0.0,0,-26.37,-16.9,[],0,0,[],[]
17098310,17099310,OCH,CXN,0.0,498,CIOCX,EC,0,NT,FH,0.0,0,-15.93,-9.53,[],0,0,[],[]
17099310,17101000,NA,OLN,0.0,499,pause,NA,NA,NA,NA,0.0,0,-17.93,-9.92,[],0,0,[],[]
17101000,17102000,CHI,CHN,0.0,499,pause,NA,NA,NA,NA,0.0,0,-15.25,-5.85,[],0,1000,"[{'start': 17101.0, 'end': 17102.0}]",[]
17102000,17104860,NA,OLN,0.0,499,pause,NA,NA,NA,NA,0.0,0,-25.45,-9.17,[],0,0,[],[]
17104860,17105460,CHI,CHN,0.0,499,CIOCX,BC,0,NT,FI,1.0,600,-18.96,-13.21,"[{'Canonical-syllable': '1', 'Growl': '0', 'High-freq-energy': '0', 'Long-island': '0', 'Low-tilt-spectrum': '0', 'Medium-island': '1', 'Short-island': '0', 'Squeal': '0', 'Typical-entropy': '1', 'Voicing-quality': '1', 'Wide-band': '0', 'Xlong-island': '0', 'seq': '1', 'end': 17105.46, 'start': 17105.13}]",0,0,[],[]
17105460,17106260,NA,OLN,0.0,499,CIOCX,NA,NA,NA,NA,0.0,0,-32.18,-20.6,[],0,0,[],[]
17106260,17107070,CHI,CHN,0.0,499,CIOCX,RC,0,NT,FH,1.0,810,-17.68,-11.54,"[{'Canonical-syllable': '0', 'Growl': '0', 'High-freq-energy': '0', 'Long-island': '0', 'Low-tilt-spectrum': '0', 'Medium-island': '2', 'Short-island': '0', 'Squeal': '0', 'Typical-entropy': '1', 'Voicing-quality': '2', 'Wide-band': '0', 'Xlong-island': '0', 'seq': '1', 'end': 17107.07, 'start': 17106.26}]",0,0,[],[]
17107070,17107680,CHI,CHN,0.0,499,CIOCX,RC,0,NT,FH,1.0,610,-19.28,-12.68,"[{'Canonical-syllable': '0', 'Growl': '0', 'High-freq-energy': '0', 'Long-island': '0', 'Low-tilt-spectrum': '0', 'Medium-island': '1', 'Short-island': '0', 'Squeal': '0', 'Typical-entropy': '0', 'Voicing-quality': '1', 'Wide-band': '0', 'Xlong-island': '0', 'seq': '1', 'end': 17107.68, 'start': 17107.07}]",0,0,[],[]
17107680,17109030,NA,OLN,0.0,499,CIOCX,NA,NA,NA,NA,0.0,0,-30.57,-19.78,[],0,0,[],[]
17109030,17109690,CHI,CHN,0.0,499,CIOCX,RC,0,NT,FH,1.0,660,-14.6,-6.48,"[{'Canonical-syllable': '1', 'Growl': '0', 'High-freq-energy': '0', 'Long-island': '0', 'Low-tilt-spectrum': '1', 'Medium-island': '1', 'Short-island': '1', 'Squeal': '1', 'Typical-entropy': '1', 'Voicing-quality': '2', 'Wide-band': '0', 'Xlong-island': '0', 'seq': '1', 'end': 17109.69, 'start': 17109.03}]",0,0,[],[]
17109690,17110490,OCH,CXN,0.0,499,CIOCX,RC,0,NT,FI,0.0,0,-17.68,-7.53,[],0,0,[],[]
17110490,17112260,NA,OLN,0.0,499,CIOCX,NA,NA,NA,NA,0.0,0,-33.13,-23.09,[],0,0,[],[]
17112260,17113060,OCH,CXN,0.0,499,CIOCX,EC,0,NT,FH,0.0,0,-16.34,-11.75,[],0,0,[],[]
17113060,17114420,NA,OLN,0.0,500,pause,NA,NA,NA,NA,0.0,0,-32.43,-22.41,[],0,0,[],[]
17114420,17115020,CHI,CHN,0.0,500,pause,NA,NA,NA,NA,0.0,0,-13.73,-5.72,[],0,460,"[{'start': 17114.42, 'end': 17114.88}]",[]
17115020,17118110,NA,OLN,0.0,500,pause,NA,NA,NA,NA,0.0,0,-22.45,-4.33,[],0,0,[],[]
17118110,17120680,CHI,CHN,0.0,500,pause,NA,NA,NA,NA,0.0,0,-15.17,-7.15,[],0,2570,"[{'start': 17118.11, 'end': 17120.68}]",[]
17120680,17121960,NA,OLN,0.0,500,pause,NA,NA,NA,NA,0.0,0,-17.16,-10.68,[],0,0,[],[]
17121960,17122820,CHI,CHN,0.0,500,pause,NA,NA,NA,NA,0.0,0,-13.62,-8.05,[],0,860,"[{'start': 17121.96, 'end': 17122.82}]",[]
17122820,17123900,CHI,CHN,0.0,500,pause,NA,NA,NA,NA,0.0,0,-14.04,-6.05,[],0,1080,"[{'start': 17122.82, 'end': 17123.9}]",[]
17123900,17128260,NA,OLN,0.0,500,pause,NA,NA,NA,NA,0.0,0,-21.26,-10.84,[],0,0,[],[]
17128260,17129060,NA,OLF,0.0,500,pause,NA,NA,NA,NA,0.0,0,-40.99,-34.76,[],0,0,[],[]
17129060,17129930,NA,OLN,0.0,500,pause,NA,NA,NA,NA,0.0,0,-34.14,-27.42,[],0,0,[],[]
17129930,17131180,NA,NOF,0.0,500,pause,NA,NA,NA,NA,0.0,0,-41.26,-31.1,[],0,0,[],[]
17131180,17132290,NA,OLF,0.0,500,pause,NA,NA,NA,NA,0.0,0,-43.3,-38.94,[],0,0,[],[]
17132290,17132980,CHI,CHN,0.0,500,CIC,BC,0,NT,FI,1.0,690,-15.62,-9.31,"[{'Canonical-syllable': '1', 'Growl': '0', 'High-freq-energy': '0', 'Long-island': '0', 'Low-tilt-spectrum': '1', 'Medium-island': '1', 'Short-island': '1', 'Squeal': '0', 'Typical-entropy': '2', 'Voicing-quality': '2', 'Wide-band': '0', 'Xlong-island': '0', 'seq': '1', 'end': 17132.98, 'start': 17132.29}]",0,0,[],[]
17132980,17133780,NA,NOF,0.0,500,CIC,NA,NA,NA,NA,0.0,0,-38.39,-26.27,[],0,0,[],[]
17133780,17135700,NA,OLN,0.0,500,CIC,NA,NA,NA,NA,0.0,0,-20.0,-8.39,[],0,0,[],[]
17135700,17136300,CHI,CHN,0.0,500,CIC,RC,0,NT,FH,1.0,600,-15.68,-10.73,"[{'Canonical-syllable': '0', 'Growl': '0', 'High-freq-energy': '0', 'Long-island': '0', 'Low-tilt-spectrum': '1', 'Medium-island': '1', 'Short-island': '0', 'Squeal': '0', 'Typical-entropy': '1', 'Voicing-quality': '1', 'Wide-band': '0', 'Xlong-island': '0', 'seq': '1', 'end': 17136.3, 'start': 17135.7}]",0,0,[],[]
17136300,17137440,OCH,CXN,0.0,500,CIC,RC,0,NT,FI,0.0,0,-22.44,-16.41,[],0,0,[],[]
17137440,17139240,OCH,CXN,0.0,500,CIC,RC,0,NT,FH,0.0,0,-26.55,-20.47,[],0,0,[],[]
17139240,17140830,NA,OLN,0.0,500,CIC,NA,NA,NA,NA,0.0,0,-25.72,-8.6,[],0,0,[],[]
17140830,17141540,OCH,CXN,0.0,500,CIC,RC,0,NT,FH,0.0,0,-33.6,-29.17,[],0,0,[],[]
17141540,17142610,NA,OLN,0.0,500,CIC,NA,NA,NA,NA,0.0,0,-29.26,-17.86,[],0,0,[],[]
17142610,17143610,CHI,CHN,0.0,500,CIC,RC,0,NT,FI,1.0,770,-16.43,-7.01,"[{'Canonical-syllable': '0', 'Growl': '0', 'High-freq-energy': '0', 'Long-island': '0', 'Low-tilt-spectrum': '0', 'Medium-island': '2', 'Short-island': '0', 'Squeal': '0', 'Typical-entropy': '2', 'Voicing-quality': '2', 'Wide-band': '0', 'Xlong-island': '0', 'seq': '1', 'end': 17143.38, 'start': 17142.61}]",0,0,[],[]
17143610,17145650,CHI,CHN,0.0,500,CIC,RC,0,NT,FH,2.0,1000,-19.96,-7.95,"[{'Canonical-syllable': '2', 'Growl': '0', 'High-freq-energy': '0', 'Long-island': '0', 'Low-tilt-spectrum': '0', 'Medium-island': '1', 'Short-island': '1', 'Squeal': '0', 'Typical-entropy': '1', 'Voicing-quality': '2', 'Wide-band': '0', 'Xlong-island': '0', 'seq': '1', 'end': 17144.41, 'start': 17143.61}, {'Canonical-syllable': '0', 'Growl': '0', 'High-freq-energy': '0', 'Long-island': '0', 'Low-tilt-spectrum': '0', 'Medium-island': '0', 'Short-island': '1', 'Squeal': '0', 'Typical-entropy': '0', 'Voicing-quality': '1', 'Wide-band': '0', 'Xlong-island': '0', 'seq': '2', 'end': 17145.65, 'start': 17145.45}]",0,0,[],[]
17145650,17147190,CHI,CHN,0.0,500,CIC,RC,0,NT,FH,1.0,800,-19.24,-10.12,"[{'Canonical-syllable': '2', 'Growl': '0', 'High-freq-energy': '1', 'Long-island': '0', 'Low-tilt-spectrum': '0', 'Medium-island': '1', 'Short-island': '2', 'Squeal': '0', 'Typical-entropy': '2', 'Voicing-quality': '3', 'Wide-band': '0', 'Xlong-island': '0', 'seq': '1', 'end': 17146.94, 'start': 17146.14}]",0,0,[],[]
17147190,17148950,CHI,CHN,0.0,500,CIC,RC,0,NT,FH,1.0,1680,-16.94,-8.22,"[{'Canonical-syllable': '1', 'Growl': '0', 'High-freq-energy': '1', 'Long-island': '0', 'Low-tilt-spectrum': '1', 'Medium-island': '2', 'Short-island': '1', 'Squeal': '0', 'Typical-entropy': '2', 'Voicing-quality': '3', 'Wide-band': '1', 'Xlong-island': '0', 'seq': '1', 'end': 17148.87, 'start': 17147.45}]",0,0,[],[]
17148950,17150100,OCH,CXN,0.0,500,CIC,RC,0,NT,FI,0.0,0,-25.36,-18.3,[],0,0,[],[]
17150100,17151330,NA,OLN,0.0,500,CIC,NA,NA,NA,NA,0.0,0,-30.28,-19.33,[],0,0,[],[]
17151330,17152030,CHI,CHN,0.0,500,CIC,RC,0,NT,FI,1.0,700,-15.72,-7.07,"[{'Canonical-syllable': '0', 'Growl': '0', 'High-freq-energy': '0', 'Long-island': '0', 'Low-tilt-spectrum': '1', 'Medium-island': '1', 'Short-island': '0', 'Squeal': '0', 'Typical-entropy': '1', 'Voicing-quality': '1', 'Wide-band': '0', 'Xlong-island': '0', 'seq': '1', 'end': 17152.03, 'start': 17151.33}]",0,0,[],[]
17152030,17152830,NA,OLN,0.0,500,CIC,NA,NA,NA,NA,0.0,0,-14.71,-5.3,[],0,0,[],[]
17152830,17153430,OCH,CXN,0.0,500,CIC,RC,0,NT,FI,0.0,0,-25.25,-18.24,[],0,0,[],[]
17153430,17154430,NA,MAF,0.0,500,CIC,NA,NA,NA,NA,0.0,0,-40.61,-33.55,[],0,0,[],[]
17154430,17155630,CHI,CHN,0.0,500,CIC,RC,0,NT,FI,1.0,1080,-17.78,-8.17,"[{'Canonical-syllable': '0', 'Growl': '1', 'High-freq-energy': '0', 'Long-island': '0', 'Low-tilt-spectrum': '0', 'Medium-island': '1', 'Short-island': '1', 'Squeal': '0', 'Typical-entropy': '2', 'Voicing-quality': '2', 'Wide-band': '0', 'Xlong-island': '0', 'seq': '1', 'end': 17155.51, 'start': 17154.53}]",0,0,[],[]
17155630,17156230,CHI,CHN,0.0,500,CIC,RC,0,NT,FH,1.0,600,-19.02,-13.89,"[{'Canonical-syllable': '0', 'Growl': '0', 'High-freq-energy': '0', 'Long-island': '0', 'Low-tilt-spectrum': '0', 'Medium-island': '1', 'Short-island': '0', 'Squeal': '0', 'Typical-entropy': '1', 'Voicing-quality': '1', 'Wide-band': '0', 'Xlong-island': '0', 'seq': '1', 'end': 17156.23, 'start': 17155.63}]",0,0,[],[]
17156230,17157030,NA,TVF,0.0,500,CIC,NA,NA,NA,NA,0.0,0,-45.51,-32.76,[],0,0,[],[]
17157030,17158750,CHI,CHN,0.0,500,CIC,NA,NA,NA,NA,0.0,0,-17.1,-6.17,[],0,810,"[{'start': 17157.03, 'end': 17157.84}]",[]
17158750,17159560,NA,NOF,0.0,500,CIC,NA,NA,NA,NA,0.0,0,-48.11,-43.16,[],0,0,[],[]
17159560,17160160,CHI,CHN,0.0,500,CIC,RC,0,NT,FH,1.0,600,-15.23,-6.77,"[{'Canonical-syllable': '0', 'Growl': '0', 'High-freq-energy': '0', 'Long-island': '0', 'Low-tilt-spectrum': '1', 'Medium-island': '1', 'Short-island': '0', 'Squeal': '0', 'Typical-entropy': '1', 'Voicing-quality': '1', 'Wide-band': '0', 'Xlong-island': '0', 'seq': '1', 'end': 17160.16, 'start': 17159.78}]",0,0,[],[]
17160160,17162750,OCH,CXN,0.0,500,CIC,RC,0,NT,FI,0.0,0,-16.66,-6.97,[],0,0,[],[]
17162750,17163550,CHI,CHN,0.0,500,CIC,RC,0,NT,FI,1.0,800,-18.3,-10.0,"[{'Canonical-syllable': '0', 'Growl': '0', 'High-freq-energy': '0', 'Long-island': '0', 'Low-tilt-spectrum': '1', 'Medium-island': '1', 'Short-island': '0', 'Squeal': '0', 'Typical-entropy': '1', 'Voicing-quality': '3', 'Wide-band': '0', 'Xlong-island': '0', 'seq': '1', 'end': 17163.55, 'start': 17162.75}]",0,0,[],[]
17163550,17164150,CHI,CHN,0.0,500,CIC,RC,0,NT,FH,1.0,600,-15.41,-10.75,"[{'Canonical-syllable': '1', 'Growl': '0', 'High-freq-energy': '0', 'Long-island': '0', 'Low-tilt-spectrum': '1', 'Medium-island': '1', 'Short-island': '0', 'Squeal': '0', 'Typical-entropy': '1', 'Voicing-quality': '1', 'Wide-band': '0', 'Xlong-island': '0', 'seq': '1', 'end': 17164.15, 'start': 17163.55}]",0,0,[],[]
17164150,17165560,CHI,CHN,0.0,500,CIC,RC,0,NT,FH,1.0,1260,-18.29,-9.04,"[{'Canonical-syllable': '1', 'Growl': '2', 'High-freq-energy': '0', 'Long-island': '0', 'Low-tilt-spectrum': '2', 'Medium-island': '2', 'Short-island': '1', 'Squeal': '0', 'Typical-entropy': '4', 'Voicing-quality': '4', 'Wide-band': '0', 'Xlong-island': '0', 'seq': '1', 'end': 17165.41, 'start': 17164.27}]",0,0,[],[]
17165560,17166530,CHI,CHN,0.0,500,CIC,RC,0,NT,FH,1.0,970,-17.64,-10.15,"[{'Canonical-syllable': '0', 'Growl': '0', 'High-freq-energy': '0', 'Long-island': '0', 'Low-tilt-spectrum': '1', 'Medium-island': '2', 'Short-island': '0', 'Squeal': '0', 'Typical-entropy': '2', 'Voicing-quality': '2', 'Wide-band': '0', 'Xlong-island': '0', 'seq': '1', 'end': 17166.53, 'start': 17165.56}]",0,0,[],[]
17166530,17167420,NA,MAF,0.0,500,CIC,NA,NA,NA,NA,0.0,0,-46.57,-38.13,[],0,0,[],[]
17167420,17169110,CHI,CHN,0.0,500,CIC,RC,0,TIFI,FH,2.0,610,-20.02,-6.91,"[{'Canonical-syllable': '0', 'Growl': '0', 'High-freq-energy': '0', 'Long-island': '0', 'Low-tilt-spectrum': '1', 'Medium-island': '0', 'Short-island': '1', 'Squeal': '0', 'Typical-entropy': '2', 'Voicing-quality': '1', 'Wide-band': '1', 'Xlong-island': '0', 'seq': '1', 'end': 17167.8, 'start': 17167.42}, {'Canonical-syllable': '0', 'Growl': '0', 'High-freq-energy': '0', 'Long-island': '0', 'Low-tilt-spectrum': '0', 'Medium-island': '0', 'Short-island': '1', 'Squeal': '0', 'Typical-entropy': '1', 'Voicing-quality': '1', 'Wide-band': '0', 'Xlong-island': '0', 'seq': '2', 'end': 17168.47, 'start': 17168.24}]",0,0,[],[]
17169110,17170590,CHI,CHN,0.0,500,CIC,NA,NA,NA,NA,0.0,0,-15.99,-8.67,[],0,1480,"[{'start': 17169.11, 'end': 17170.59}]",[]
17170590,17172130,FEM,FAN,11.08,500,CIC,RC,1,TIFR,FI,0.0,0,-18.53,-11.49,[],0,0,[],[]
17172130,17172730,CHI,CHN,0.0,500,CIC,RC,1,TIFI,FI,1.0,600,-15.32,-7.17,"[{'Canonical-syllable': '1', 'Growl': '0', 'High-freq-energy': '0', 'Long-island': '0', 'Low-tilt-spectrum': '0', 'Medium-island': '1', 'Short-island': '0', 'Squeal': '0', 'Typical-entropy': '0', 'Voicing-quality': '1', 'Wide-band': '0', 'Xlong-island': '0', 'seq': '1', 'end': 17172.73, 'start': 17172.13}]",0,0,[],[]
17172730,17173730,FEM,FAN,4.97,500,CIC,RC,2,TIFR,FI,0.0,0,-16.92,-6.94,[],0,0,[],[]
17173730,17174550,CHI,CHN,0.0,500,CIC,RC,2,TIFE,FI,1.0,100,-21.61,-9.5,"[{'Canonical-syllable': '0', 'Growl': '0', 'High-freq-energy': '0', 'Long-island': '0', 'Low-tilt-spectrum': '0', 'Medium-island': '0', 'Short-island': '0', 'Squeal': '1', 'Typical-entropy': '1', 'Voicing-quality': '1', 'Wide-band': '0', 'Xlong-island': '0', 'seq': '1', 'end': 17173.83, 'start': 17173.73}]",0,0,[],[]
17174550,17175960,CHI,CHN,0.0,500,CIC,RC,2,NT,FH,2.0,890,-18.61,-10.88,"[{'Canonical-syllable': '0', 'Growl': '0', 'High-freq-energy': '0', 'Long-island': '0', 'Low-tilt-spectrum': '0', 'Medium-island': '1', 'Short-island': '0', 'Squeal': '0', 'Typical-entropy': '0', 'Voicing-quality': '1', 'Wide-band': '0', 'Xlong-island': '0', 'seq': '1', 'end': 17174.94, 'start': 17174.55}, {'Canonical-syllable': '0', 'Growl': '1', 'High-freq-energy': '0', 'Long-island': '0', 'Low-tilt-spectrum': '0', 'Medium-island': '1', 'Short-island': '0', 'Squeal': '0', 'Typical-entropy': '1', 'Voicing-quality': '2', 'Wide-band': '0', 'Xlong-island': '0', 'seq': '2', 'end': 17175.85, 'start': 17175.35}]",0,0,[],[]
17175960,17176650,CHI,CHN,0.0,500,CIC,RC,2,NT,FH,1.0,690,-15.63,-9.32,"[{'Canonical-syllable': '0', 'Growl': '1', 'High-freq-energy': '0', 'Long-island': '0', 'Low-tilt-spectrum': '0', 'Medium-island': '1', 'Short-island': '0', 'Squeal': '0', 'Typical-entropy': '1', 'Voicing-quality': '2', 'Wide-band': '0', 'Xlong-island': '0', 'seq': '1', 'end': 17176.65, 'start': 17176.12}]",0,0,[],[]
17176650,17177750,CHI,CHN,0.0,500,CIC,RC,2,NT,FH,1.0,610,-18.99,-9.79,"[{'Canonical-syllable': '0', 'Growl': '0', 'High-freq-energy': '0', 'Long-island': '0', 'Low-tilt-spectrum': '0', 'Medium-island': '1', 'Short-island': '0', 'Squeal': '0', 'Typical-entropy': '1', 'Voicing-quality': '1', 'Wide-band': '0', 'Xlong-island': '0', 'seq': '1', 'end': 17177.26, 'start': 17176.76}]",0,0,[],[]
17177750,17178720,CHI,CHN,0.0,500,CIC,NA,NA,NA,NA,0.0,0,-15.07,-6.46,[],0,970,"[{'start': 17177.75, 'end': 17178.72}]",[]
17178720,17180900,CHI,CHN,0.0,500,CIC,RC,2,NT,FH,1.0,2180,-16.32,-7.77,"[{'Canonical-syllable': '0', 'Growl': '0', 'High-freq-energy': '1', 'Long-island': '1', 'Low-tilt-spectrum': '0', 'Medium-island': '2', 'Short-island': '1', 'Squeal': '0', 'Typical-entropy': '3', 'Voicing-quality': '4', 'Wide-band': '0', 'Xlong-island': '0', 'seq': '1', 'end': 17180.9, 'start': 17178.83}]",0,0,[],[]
17180900,17181500,CHI,CHN,0.0,500,CIC,RC,2,NT,FH,1.0,390,-20.01,-11.7,"[{'Canonical-syllable': '0', 'Growl': '0', 'High-freq-energy': '0', 'Long-island': '0', 'Low-tilt-spectrum': '0', 'Medium-island': '1', 'Short-island': '0', 'Squeal': '0', 'Typical-entropy': '1', 'Voicing-quality': '1', 'Wide-band': '0', 'Xlong-island': '0', 'seq': '1', 'end': 17181.29, 'start': 17181.0}]",0,0,[],[]
17181500,17182520,CHI,CHN,0.0,500,CIC,RC,2,NT,FH,1.0,780,-16.52,-6.88,"[{'Canonical-syllable': '0', 'Growl': '0', 'High-freq-energy': '0', 'Long-island': '0', 'Low-tilt-spectrum': '0', 'Medium-island': '1', 'Short-island': '1', 'Squeal': '0', 'Typical-entropy': '1', 'Voicing-quality': '2', 'Wide-band': '0', 'Xlong-island': '0', 'seq': '1', 'end': 17182.28, 'start': 17181.6}]",0,0,[],[]
17182520,17183360,NA,NOF,0.0,500,CIC,NA,NA,NA,NA,0.0,0,-44.71,-35.11,[],0,0,[],[]
17183360,17184520,CHI,CHN,0.0,500,CIC,RC,2,NT,FH,1.0,1160,-15.55,-9.44,"[{'Canonical-syllable': '1', 'Growl': '0', 'High-freq-energy': '0', 'Long-island': '0', 'Low-tilt-spectrum': '0', 'Medium-island': '2', 'Short-island': '0', 'Squeal': '0', 'Typical-entropy': '0', 'Voicing-quality': '2', 'Wide-band': '0', 'Xlong-island': '0', 'seq': '1', 'end': 17184.52, 'start': 17183.36}]",0,0,[],[]
17184520,17185590,CHI,CHN,0.0,500,CIC,RC,2,TIFI,FH,1.0,1070,-17.53,-11.72,"[{'Canonical-syllable': '0', 'Growl': '0', 'High-freq-energy': '0', 'Long-island': '0', 'Low-tilt-spectrum': '0', 'Medium-island': '2', 'Short-island': '0', 'Squeal': '0', 'Typical-entropy': '2', 'Voicing-quality': '3', 'Wide-band': '0', 'Xlong-island': '0', 'seq': '1', 'end': 17185.59, 'start': 17184.52}]",0,0,[],[]
17185590,17186900,FEM,FAN,6.4,500,CIC,RC,3,TIFR,FI,0.0,0,-24.96,-17.71,[],0,0,[],[]
17186900,17187760,CHI,CHN,0.0,500,CIC,RC,3,TIFE,FI,1.0,860,-27.83,-22.21,"[{'Canonical-syllable': '0', 'Growl': '1', 'High-freq-energy': '0', 'Long-island': '0', 'Low-tilt-spectrum': '0', 'Medium-island': '1', 'Short-island': '0', 'Squeal': '0', 'Typical-entropy': '2', 'Voicing-quality': '2', 'Wide-band': '0', 'Xlong-island': '0', 'seq': '1', 'end': 17187.76, 'start': 17186.9}]",0,0,[],[]
17187760,17188760,CHI,CHN,0.0,500,CIC,NA,NA,NA,NA,0.0,0,-17.12,-9.85,[],0,690,"[{'start': 17188.07, 'end': 17188.76}]",[]
17188760,17190380,CHI,CHN,0.0,500,CIC,RC,3,NT,FH,1.0,1520,-18.01,-8.37,"[{'Canonical-syllable': '0', 'Growl': '1', 'High-freq-energy': '2', 'Long-island': '0', 'Low-tilt-spectrum': '2', 'Medium-island': '2', 'Short-island': '2', 'Squeal': '0', 'Typical-entropy': '5', 'Voicing-quality': '5', 'Wide-band': '1', 'Xlong-island': '0', 'seq': '1', 'end': 17190.28, 'start': 17189.01}]",0,0,[],[]
17190380,17191180,NA,OLN,0.0,500,CIC,NA,NA,NA,NA,0.0,0,-19.04,-9.5,[],0,0,[],[]
17191180,17191800,CHI,CHN,0.0,500,CIC,RC,3,NT,FH,1.0,620,-16.57,-7.21,"[{'Canonical-syllable': '1', 'Growl': '0', 'High-freq-energy': '0', 'Long-island': '0', 'Low-tilt-spectrum': '1', 'Medium-island': '0', 'Short-island': '2', 'Squeal': '0', 'Typical-entropy': '2', 'Voicing-quality': '2', 'Wide-band': '0', 'Xlong-island': '0', 'seq': '1', 'end': 17191.8, 'start': 17191.18}]",0,0,[],[]
17191800,17193600,CHI,CHN,0.0,500,CIC,RC,3,NT,FH,2.0,980,-18.63,-5.88,"[{'Canonical-syllable': '0', 'Growl': '0', 'High-freq-energy': '0', 'Long-island': '0', 'Low-tilt-spectrum': '0', 'Medium-island': '1', 'Short-island': '0', 'Squeal': '0', 'Typical-entropy': '1', 'Voicing-quality': '1', 'Wide-band': '0', 'Xlong-island': '0', 'seq': '1', 'end': 17192.15, 'start': 17191.8}, {'Canonical-syllable': '2', 'Growl': '0', 'High-freq-energy': '0', 'Long-island': '0', 'Low-tilt-spectrum': '3', 'Medium-island': '0', 'Short-island': '2', 'Squeal': '0', 'Typical-entropy': '3', 'Voicing-quality': '3', 'Wide-band': '0', 'Xlong-island': '0', 'seq': '2', 'end': 17193.41, 'start': 17192.78}]",0,0,[],[]
17193600,17194560,CHI,CHN,0.0,500,CIC,RC,3,NT,FH,1.0,960,-16.58,-8.78,"[{'Canonical-syllable': '1', 'Growl': '0', 'High-freq-energy': '0', 'Long-island': '0', 'Low-tilt-spectrum': '2', 'Medium-island': '2', 'Short-island': '0', 'Squeal': '0', 'Typical-entropy': '1', 'Voicing-quality': '2', 'Wide-band': '0', 'Xlong-island': '0', 'seq': '1', 'end': 17194.56, 'start': 17193.6}]",0,0,[],[]
17194560,17196230,NA,OLN,0.0,500,CIC,NA,NA,NA,NA,0.0,0,-23.42,-8.66,[],0,0,[],[]
17196230,17197740,NA,NON,0.0,500,CIC,NA,NA,NA,NA,0.0,0,-16.46,-3.44,[],0,0,[],[]
17197740,17198700,NA,OLN,0.0,500,CIC,NA,NA,NA,NA,0.0,0,-15.45,-4.24,[],0,0,[],[]
17198700,17199320,CHI,CHN,0.0,500,CIC,RC,3,NT,FH,1.0,380,-22.29,-14.25,"[{'Canonical-syllable': '0', 'Growl': '0', 'High-freq-energy': '0', 'Long-island': '0', 'Low-tilt-spectrum': '0', 'Medium-island': '0', 'Short-island': '1', 'Squeal': '0', 'Typical-entropy': '2', 'Voicing-quality': '2', 'Wide-band': '0', 'Xlong-island': '0', 'seq': '1', 'end': 17199.08, 'start': 17198.7}]",0,0,[],[]
17199320,17200940,NA,OLN,0.0,500,CIC,NA,NA,NA,NA,0.0,0,-18.05,-5.87,[],0,0,[],[]
17200940,17201540,CHI,CHN,0.0,500,CIC,RC,3,NT,FH,1.0,600,-17.3,-9.99,"[{'Canonical-syllable': '0', 'Growl': '1', 'High-freq-energy': '0', 'Long-island': '0', 'Low-tilt-spectrum': '0', 'Medium-island': '0', 'Short-island': '1', 'Squeal': '0', 'Typical-entropy': '0', 'Voicing-quality': '2', 'Wide-band': '0', 'Xlong-island': '0', 'seq': '1', 'end': 17201.54, 'start': 17200.94}]",0,0,[],[]
17201540,17202860,CHI,CHN,0.0,500,CIC,RC,3,NT,FH,2.0,390,-25.85,-14.65,"[{'Canonical-syllable': '0', 'Growl': '0', 'High-freq-energy': '0', 'Long-island': '0', 'Low-tilt-spectrum': '0', 'Medium-island': '0', 'Short-island': '1', 'Squeal': '0', 'Typical-entropy': '1', 'Voicing-quality': '1', 'Wide-band': '0', 'Xlong-island': '0', 'seq': '1', 'end': 17201.79, 'start': 17201.54}, {'Canonical-syllable': '1', 'Growl': '0', 'High-freq-energy': '0', 'Long-island': '0', 'Low-tilt-spectrum': '0', 'Medium-island': '0', 'Short-island': '1', 'Squeal': '0', 'Typical-entropy': '1', 'Voicing-quality': '1', 'Wide-band': '0', 'Xlong-island': '0', 'seq': '2', 'end': 17202.66, 'start': 17202.52}]",0,0,[],[]
17202860,17203660,NA,OLN,0.0,500,CIC,NA,NA,NA,NA,0.0,0,-22.92,-11.3,[],0,0,[],[]
17203660,17205630,CHI,CHN,0.0,500,CIC,RC,3,TIFI,FH,1.0,1970,-19.3,-9.59,"[{'Canonical-syllable': '0', 'Growl': '0', 'High-freq-energy': '0', 'Long-island': '0', 'Low-tilt-spectrum': '0', 'Medium-island': '3', 'Short-island': '0', 'Squeal': '0', 'Typical-entropy': '1', 'Voicing-quality': '4', 'Wide-band': '1', 'Xlong-island': '0', 'seq': '1', 'end': 17205.63, 'start': 17203.95}]",0,0,[],[]
17205630,17206230,FEM,FAN,2.95,500,CIC,RC,4,TIFR,FI,0.0,0,-24.09,-17.55,[],0,0,[],[]
17206230,17207050,OCH,CXN,0.0,500,CIC,RC,4,NT,FI,0.0,0,-16.38,-10.45,[],0,0,[],[]
17207050,17208150,NA,OLN,0.0,500,CIC,NA,NA,NA,NA,0.0,0,-26.62,-19.66,[],0,0,[],[]
17208150,17209030,CHI,CHN,0.0,500,CIC,RC,4,NT,FI,1.0,670,-22.04,-12.28,"[{'Canonical-syllable': '1', 'Growl': '0', 'High-freq-energy': '0', 'Long-island': '0', 'Low-tilt-spectrum': '1', 'Medium-island': '0', 'Short-island': '3', 'Squeal': '0', 'Typical-entropy': '2', 'Voicing-quality': '3', 'Wide-band': '0', 'Xlong-island': '0', 'seq': '1', 'end': 17208.82, 'start': 17208.15}]",0,0,[],[]
17209030,17210040,OCH,CXN,0.0,500,CIC,RC,4,NT,FI,0.0,0,-23.64,-14.41,[],0,0,[],[]
17210040,17210840,OCH,CXN,0.0,500,CIC,RC,4,NT,FH,0.0,0,-31.62,-24.66,[],0,0,[],[]
17210840,17212710,OCH,CXN,0.0,500,CIC,RC,4,NT,FH,0.0,0,-26.4,-16.73,[],0,0,[],[]
17212710,17214030,OCH,CXN,0.0,500,CIC,RC,4,NT,FH,0.0,0,-23.08,-12.32,[],0,0,[],[]
17214030,17215060,OCH,CXN,0.0,500,CIC,RC,4,NT,FH,0.0,0,-19.63,-10.01,[],0,0,[],[]
17215060,17215680,CHI,CHN,0.0,500,CIC,NA,NA,NA,NA,0.0,0,-15.3,-7.03,[],0,530,"[{'start': 17215.06, 'end': 17215.59}]",[]
17215680,17216480,OCH,CXN,0.0,500,CIC,RC,4,NT,FH,0.0,0,-15.22,-8.01,[],0,0,[],[]
17216480,17217100,CHI,CHN,0.0,500,CIC,RC,4,NT,FI,1.0,620,-15.79,-8.95,"[{'Canonical-syllable': '1', 'Growl': '0', 'High-freq-energy': '0', 'Long-island': '0', 'Low-tilt-spectrum': '0', 'Medium-island': '1', 'Short-island': '0', 'Squeal': '0', 'Typical-entropy': '1', 'Voicing-quality': '1', 'Wide-band': '0', 'Xlong-island': '0', 'seq': '1', 'end': 17217.1, 'start': 17216.64}]",0,0,[],[]
17217100,17218240,CHI,CHN,0.0,500,CIC,RC,4,NT,FH,2.0,1140,-18.73,-11.09,"[{'Canonical-syllable': '0', 'Growl': '0', 'High-freq-energy': '0', 'Long-island': '0', 'Low-tilt-spectrum': '0', 'Medium-island': '0', 'Short-island': '2', 'Squeal': '0', 'Typical-entropy': '2', 'Voicing-quality': '2', 'Wide-band': '0', 'Xlong-island': '0', 'seq': '1', 'end': 17217.77, 'start': 17217.25}, {'Canonical-syllable': '0', 'Growl': '0', 'High-freq-energy': '0', 'Long-island': '0', 'Low-tilt-spectrum': '0', 'Medium-island': '0', 'Short-island': '1', 'Squeal': '0', 'Typical-entropy': '0', 'Voicing-quality': '1', 'Wide-band': '0', 'Xlong-island': '0', 'seq': '2', 'end': 17218.24, 'start': 17218.07}]",0,0,[],[]
17218240,17219230,OCH,CXN,0.0,500,CIC,RC,4,NT,FI,0.0,0,-25.93,-17.36,[],0,0,[],[]
17219230,17220560,CHI,CHN,0.0,500,CIC,RC,4,NT,FI,2.0,540,-21.4,-10.88,"[{'Canonical-syllable': '0', 'Growl': '0', 'High-freq-energy': '0', 'Long-island': '0', 'Low-tilt-spectrum': '1', 'Medium-island': '1', 'Short-island': '0', 'Squeal': '0', 'Typical-entropy': '1', 'Voicing-quality': '1', 'Wide-band': '0', 'Xlong-island': '0', 'seq': '1', 'end': 17219.89, 'start': 17219.54}, {'Canonical-syllable': '1', 'Growl': '0', 'High-freq-energy': '0', 'Long-island': '0', 'Low-tilt-spectrum': '0', 'Medium-island': '0', 'Short-island': '1', 'Squeal': '0', 'Typical-entropy': '0', 'Voicing-quality': '1', 'Wide-band': '0', 'Xlong-island': '0', 'seq': '2', 'end': 17220.56, 'start': 17220.37}]",0,0,[],[]
17220560,17221860,CHI,CHN,0.0,500,CIC,RC,4,NT,FH,1.0,880,-16.97,-7.61,"[{'Canonical-syllable': '0', 'Growl': '0', 'High-freq-energy': '0', 'Long-island': '0', 'Low-tilt-spectrum': '0', 'Medium-island': '2', 'Short-island': '0', 'Squeal': '0', 'Typical-entropy': '2', 'Voicing-quality': '2', 'Wide-band': '0', 'Xlong-island': '0', 'seq': '1', 'end': 17221.44, 'start': 17220.56}]",0,0,[],[]
17221860,17224310,CHI,CHN,0.0,500,CIC,RC,4,NT,FH,2.0,1920,-16.88,-3.63,"[{'Canonical-syllable': '1', 'Growl': '0', 'High-freq-energy': '0', 'Long-island': '0', 'Low-tilt-spectrum': '0', 'Medium-island': '1', 'Short-island': '2', 'Squeal': '0', 'Typical-entropy': '1', 'Voicing-quality': '3', 'Wide-band': '1', 'Xlong-island': '0', 'seq': '1', 'end': 17223.0, 'start': 17222.07}, {'Canonical-syllable': '1', 'Growl': '0', 'High-freq-energy': '0', 'Long-island': '0', 'Low-tilt-spectrum': '0', 'Medium-island': '0', 'Short-island': '3', 'Squeal': '0', 'Typical-entropy': '1', 'Voicing-quality': '3', 'Wide-band': '0', 'Xlong-island': '0', 'seq': '2', 'end': 17224.31, 'start': 17223.53}]",0,0,[],[]
17224310,17225400,NA,OLN,0.0,500,CIC,NA,NA,NA,NA,0.0,0,-30.24,-17.4,[],0,0,[],[]
17225400,17226250,OCH,CXN,0.0,500,CIC,RC,4,NT,FI,0.0,0,-28.37,-20.81,[],0,0,[],[]
17226250,17227490,NA,OLN,0.0,500,CIC,NA,NA,NA,NA,0.0,0,-28.02,-11.67,[],0,0,[],[]
17227490,17228290,OCH,CXN,0.0,500,CIC,RC,4,NT,FH,0.0,0,-24.15,-15.37,[],0,0,[],[]
17228290,17229090,NA,NOF,0.0,500,CIC,NA,NA,NA,NA,0.0,0,-45.94,-38.08,[],0,0,[],[]
17229090,17229890,NA,OLN,0.0,500,CIC,NA,NA,NA,NA,0.0,0,-25.19,-13.35,[],0,0,[],[]
17229890,17230600,CHI,CHN,0.0,500,CIC,NA,NA,NA,NA,0.0,0,-15.4,-6.7,[],0,630,"[{'start': 17229.89, 'end': 17230.52}]",[]
17230600,17231720,OCH,CXN,0.0,500,CIC,RC,4,NT,FH,0.0,0,-21.26,-13.29,[],0,0,[],[]
17231720,17232590,NA,TVF,0.0,500,CIC,NA,NA,NA,NA,0.0,0,-46.57,-38.91,[],0,0,[],[]
17232590,17233460,CHI,CHN,0.0,500,CIC,RC,4,NT,FI,1.0,870,-17.79,-4.65,"[{'Canonical-syllable': '2', 'Growl': '0', 'High-freq-energy': '1', 'Long-island': '0', 'Low-tilt-spectrum': '0', 'Medium-island': '0', 'Short-island': '2', 'Squeal': '0', 'Typical-entropy': '3', 'Voicing-quality': '3', 'Wide-band': '0', 'Xlong-island': '0', 'seq': '1', 'end': 17233.46, 'start': 17232.59}]",0,0,[],[]
17233460,17234290,NA,OLN,0.0,500,CIC,NA,NA,NA,NA,0.0,0,-19.33,-10.21,[],0,0,[],[]
17234290,17235140,CHI,CHN,0.0,500,CIC,RC,4,NT,FH,1.0,410,-19.13,-9.61,"[{'Canonical-syllable': '0', 'Growl': '0', 'High-freq-energy': '0', 'Long-island': '0', 'Low-tilt-spectrum': '0', 'Medium-island': '1', 'Short-island': '0', 'Squeal': '0', 'Typical-entropy': '1', 'Voicing-quality': '1', 'Wide-band': '0', 'Xlong-island': '0', 'seq': '1', 'end': 17234.7, 'start': 17234.29}]",0,0,[],[]
17235140,17235810,CHI,CHN,0.0,500,CIC,NA,NA,NA,NA,0.0,0,-17.57,-10.69,[],0,330,"[{'start': 17235.48, 'end': 17235.81}]",[]
17235810,17236810,CHI,CHN,0.0,500,CIC,RC,4,NT,FH,1.0,850,-18.43,-7.11,"[{'Canonical-syllable': '1', 'Growl': '0', 'High-freq-energy': '1', 'Long-island': '0', 'Low-tilt-spectrum': '1', 'Medium-island': '0', 'Short-island': '2', 'Squeal': '0', 'Typical-entropy': '3', 'Voicing-quality': '3', 'Wide-band': '0', 'Xlong-island': '0', 'seq': '1', 'end': 17236.66, 'start': 17235.81}]",0,0,[],[]
17236810,17237690,NA,OLF,0.0,500,CIC,NA,NA,NA,NA,0.0,0,-37.25,-22.9,[],0,0,[],[]
17237690,17238630,CHI,CHN,0.0,500,CIC,NA,NA,NA,NA,0.0,0,-16.39,-10.04,[],0,940,"[{'start': 17237.69, 'end': 17238.63}]",[]
17238630,17239630,CHI,CHN,0.0,500,CIC,RC,4,NT,FH,1.0,740,-16.26,-10.34,"[{'Canonical-syllable': '0', 'Growl': '0', 'High-freq-energy': '0', 'Long-island': '1', 'Low-tilt-spectrum': '0', 'Medium-island': '0', 'Short-island': '0', 'Squeal': '0', 'Typical-entropy': '1', 'Voicing-quality': '1', 'Wide-band': '0', 'Xlong-island': '0', 'seq': '1', 'end': 17239.37, 'start': 17238.63}]",0,0,[],[]
17239630,17240260,CHI,CHN,0.0,500,CIC,RC,4,NT,FH,1.0,630,-23.77,-16.13,"[{'Canonical-syllable': '0', 'Growl': '0', 'High-freq-energy': '0', 'Long-island': '0', 'Low-tilt-spectrum': '0', 'Medium-island': '1', 'Short-island': '0', 'Squeal': '0', 'Typical-entropy': '1', 'Voicing-quality': '1', 'Wide-band': '0', 'Xlong-island': '0', 'seq': '1', 'end': 17240.26, 'start': 17239.63}]",0,0,[],[]
17240260,17241080,OCH,CXN,0.0,500,CIC,RC,4,NT,FI,0.0,0,-28.94,-21.69,[],0,0,[],[]
17241080,17242130,NA,OLN,0.0,500,CIC,NA,NA,NA,NA,0.0,0,-31.37,-25.01,[],0,0,[],[]
17242130,17243080,OCH,CXN,0.0,500,CIC,RC,4,NT,FH,0.0,0,-29.37,-22.4,[],0,0,[],[]
17243080,17244180,CHI,CHN,0.0,500,CIC,RC,4,NT,FI,1.0,510,-17.23,-8.17,"[{'Canonical-syllable': '1', 'Growl': '0', 'High-freq-energy': '0', 'Long-island': '0', 'Low-tilt-spectrum': '1', 'Medium-island': '1', 'Short-island': '1', 'Squeal': '0', 'Typical-entropy': '2', 'Voicing-quality': '2', 'Wide-band': '0', 'Xlong-island': '0', 'seq': '1', 'end': 17243.99, 'start': 17243.48}]",0,0,[],[]
17244180,17244810,CHI,CHN,0.0,500,CIC,RC,4,NT,FH,1.0,630,-17.91,-12.14,"[{'Canonical-syllable': '0', 'Growl': '0', 'High-freq-energy': '0', 'Long-island': '0', 'Low-tilt-spectrum': '0', 'Medium-island': '1', 'Short-island': '0', 'Squeal': '0', 'Typical-entropy': '1', 'Voicing-quality': '1', 'Wide-band': '0', 'Xlong-island': '0', 'seq': '1', 'end': 17244.81, 'start': 17244.18}]",0,0,[],[]
17244810,17245870,CHI,CHN,0.0,500,CIC,RC,4,NT,FH,1.0,1060,-19.8,-10.81,"[{'Canonical-syllable': '0', 'Growl': '0', 'High-freq-energy': '0', 'Long-island': '0', 'Low-tilt-spectrum': '0', 'Medium-island': '2', 'Short-island': '0', 'Squeal': '0', 'Typical-entropy': '1', 'Voicing-quality': '2', 'Wide-band': '0', 'Xlong-island': '0', 'seq': '1', 'end': 17245.87, 'start': 17244.81}]",0,0,[],[]
17245870,17246690,NA,NOF,0.0,500,CIC,NA,NA,NA,NA,0.0,0,-44.42,-36.46,[],0,0,[],[]
17246690,17248030,NA,OLN,0.0,500,CIC,NA,NA,NA,NA,0.0,0,-22.85,-8.71,[],0,0,[],[]
17248030,17249110,OCH,CXN,0.0,500,CIC,RC,4,NT,FI,0.0,0,-23.56,-17.22,[],0,0,[],[]
17249110,17250460,NA,OLN,0.0,500,CIC,NA,NA,NA,NA,0.0,0,-22.64,-10.59,[],0,0,[],[]
17250460,17251260,OCH,CXN,0.0,500,CIC,RC,4,NT,FH,0.0,0,-24.43,-14.44,[],0,0,[],[]
17251260,17252430,NA,OLN,0.0,500,CIC,NA,NA,NA,NA,0.0,0,-32.61,-22.81,[],0,0,[],[]
17252430,17253540,OCH,CXN,0.0,500,CIC,RC,4,NT,FH,0.0,0,-18.32,-11.36,[],0,0,[],[]
17253540,17254600,CHI,CHN,0.0,500,CIC,RC,4,NT,FI,1.0,1060,-22.28,-12.3,"[{'Canonical-syllable': '1', 'Growl': '0', 'High-freq-energy': '0', 'Long-island': '0', 'Low-tilt-spectrum': '0', 'Medium-island': '2', 'Short-island': '0', 'Squeal': '0', 'Typical-entropy': '0', 'Voicing-quality': '3', 'Wide-band': '0', 'Xlong-island': '0', 'seq': '1', 'end': 17254.6, 'start': 17253.54}]",0,0,[],[]
17254600,17255530,OCH,CXN,0.0,500,CIC,RC,4,NT,FI,0.0,0,-18.08,-7.54,[],0,0,[],[]
17255530,17256700,CHI,CHN,0.0,500,CIC,RC,4,NT,FI,2.0,840,-18.41,-9.75,"[{'Canonical-syllable': '0', 'Growl': '0', 'High-freq-energy': '0', 'Long-island': '0', 'Low-tilt-spectrum': '1', 'Medium-island': '0', 'Short-island': '1', 'Squeal': '1', 'Typical-entropy': '2', 'Voicing-quality': '2', 'Wide-band': '0', 'Xlong-island': '0', 'seq': '1', 'end': 17255.94, 'start': 17255.53}, {'Canonical-syllable': '0', 'Growl': '0', 'High-freq-energy': '0', 'Long-island': '0', 'Low-tilt-spectrum': '1', 'Medium-island': '0', 'Short-island': '1', 'Squeal': '0', 'Typical-entropy': '2', 'Voicing-quality': '2', 'Wide-band': '0', 'Xlong-island': '0', 'seq': '2', 'end': 17256.7, 'start': 17256.27}]",0,0,[],[]
17256700,17257700,OCH,CXN,0.0,500,CIC,RC,4,NT,FI,0.0,0,-20.5,-10.95,[],0,0,[],[]
17257700,17258300,OCH,CXN,0.0,500,CIC,RC,4,NT,FH,0.0,0,-25.63,-20.16,[],0,0,[],[]
17258300,17259100,NA,OLN,0.0,500,CIC,NA,NA,NA,NA,0.0,0,-35.61,-28.51,[],0,0,[],[]
17259100,17259900,NA,NOF,0.0,500,CIC,NA,NA,NA,NA,0.0,0,-21.47,-7.78,[],0,0,[],[]
17259900,17261070,OCH,CXN,0.0,500,CIC,RC,4,NT,FH,0.0,0,-27.35,-22.54,[],0,0,[],[]
17261070,17261960,NA,OLN,0.0,500,CIC,NA,NA,NA,NA,0.0,0,-39.0,-28.23,[],0,0,[],[]
17261960,17262560,OCH,CXN,0.0,500,CIC,RC,4,NT,FH,0.0,0,-14.74,-7.84,[],0,0,[],[]
17262560,17263500,NA,OLN,0.0,500,CIC,NA,NA,NA,NA,0.0,0,-18.66,-7.74,[],0,0,[],[]
17263500,17264670,OCH,CXN,0.0,500,CIC,RC,4,NT,FH,0.0,0,-16.65,-7.87,[],0,0,[],[]
17264670,17265810,NA,NON,0.0,500,CIC,NA,NA,NA,NA,0.0,0,-38.54,-32.33,[],0,0,[],[]
17265810,17268290,CHI,CHN,0.0,500,CIC,RC,4,NT,FI,3.0,1650,-17.48,-9.67,"[{'Canonical-syllable': '1', 'Growl': '0', 'High-freq-energy': '0', 'Long-island': '1', 'Low-tilt-spectrum': '0', 'Medium-island': '0', 'Short-island': '2', 'Squeal': '0', 'Typical-entropy': '2', 'Voicing-quality': '3', 'Wide-band': '0', 'Xlong-island': '0', 'seq': '1', 'end': 17266.89, 'start': 17265.81}, {'Canonical-syllable': '0', 'Growl': '0', 'High-freq-energy': '0', 'Long-island': '0', 'Low-tilt-spectrum': '0', 'Medium-island': '1', 'Short-island': '0', 'Squeal': '0', 'Typical-entropy': '0', 'Voicing-quality': '1', 'Wide-band': '0', 'Xlong-island': '0', 'seq': '2', 'end': 17267.6, 'start': 17267.24}, {'Canonical-syllable': '1', 'Growl': '0', 'High-freq-energy': '0', 'Long-island': '0', 'Low-tilt-spectrum': '0', 'Medium-island': '0', 'Short-island': '1', 'Squeal': '0', 'Typical-entropy': '0', 'Voicing-quality': '1', 'Wide-band': '0', 'Xlong-island': '0', 'seq': '3', 'end': 17268.29, 'start': 17268.08}]",0,0,[],[]
17268290,17269090,NA,OLN,0.0,500,CIC,NA,NA,NA,NA,0.0,0,-33.5,-23.56,[],0,0,[],[]
17269090,17269800,CHI,CHN,0.0,500,CIC,RC,4,NT,FH,2.0,310,-17.81,-8.87,"[{'Canonical-syllable': '0', 'Growl': '1', 'High-freq-energy': '0', 'Long-island': '0', 'Low-tilt-spectrum': '0', 'Medium-island': '0', 'Short-island': '1', 'Squeal': '0', 'Typical-entropy': '0', 'Voicing-quality': '1', 'Wide-band': '1', 'Xlong-island': '0', 'seq': '1', 'end': 17269.31, 'start': 17269.09}, {'Canonical-syllable': '0', 'Growl': '0', 'High-freq-energy': '0', 'Long-island': '0', 'Low-tilt-spectrum': '0', 'Medium-island': '0', 'Short-island': '0', 'Squeal': '0', 'Typical-entropy': '0', 'Voicing-quality': '0', 'Wide-band': '0', 'Xlong-island': '0', 'seq': '2', 'end': 17269.8, 'start': 17269.71}]",0,0,[],[]
17269800,17271180,CHI,CHN,0.0,500,CIC,RC,4,NT,FH,1.0,1250,-19.54,-10.01,"[{'Canonical-syllable': '1', 'Growl': '0', 'High-freq-energy': '0', 'Long-island': '0', 'Low-tilt-spectrum': '1', 'Medium-island': '1', 'Short-island': '2', 'Squeal': '0', 'Typical-entropy': '2', 'Voicing-quality': '3', 'Wide-band': '0', 'Xlong-island': '0', 'seq': '1', 'end': 17271.05, 'start': 17269.99}]",0,0,[],[]
17271180,17271780,CHI,CHN,0.0,500,CIC,RC,4,NT,FH,1.0,330,-16.71,-10.13,"[{'Canonical-syllable': '0', 'Growl': '0', 'High-freq-energy': '0', 'Long-island': '0', 'Low-tilt-spectrum': '1', 'Medium-island': '1', 'Short-island': '0', 'Squeal': '0', 'Typical-entropy': '1', 'Voicing-quality': '1', 'Wide-band': '0', 'Xlong-island': '0', 'seq': '1', 'end': 17271.51, 'start': 17271.18}]",0,0,[],[]
17271780,17272860,CHI,CHN,0.0,500,CIC,RC,4,NT,FH,1.0,480,-18.64,-9.56,"[{'Canonical-syllable': '1', 'Growl': '0', 'High-freq-energy': '0', 'Long-island': '0', 'Low-tilt-spectrum': '0', 'Medium-island': '1', 'Short-island': '0', 'Squeal': '0', 'Typical-entropy': '0', 'Voicing-quality': '1', 'Wide-band': '0', 'Xlong-island': '0', 'seq': '1', 'end': 17272.76, 'start': 17272.28}]",0,0,[],[]
17272860,17274640,CHI,CHN,0.0,500,CIC,RC,4,NT,FH,2.0,1030,-19.18,-9.49,"[{'Canonical-syllable': '0', 'Growl': '0', 'High-freq-energy': '0', 'Long-island': '0', 'Low-tilt-spectrum': '1', 'Medium-island': '0', 'Short-island': '1', 'Squeal': '0', 'Typical-entropy': '1', 'Voicing-quality': '1', 'Wide-band': '0', 'Xlong-island': '0', 'seq': '1', 'end': 17273.14, 'start': 17272.86}, {'Canonical-syllable': '0', 'Growl': '0', 'High-freq-energy': '0', 'Long-island': '0', 'Low-tilt-spectrum': '1', 'Medium-island': '1', 'Short-island': '1', 'Squeal': '0', 'Typical-entropy': '1', 'Voicing-quality': '2', 'Wide-band': '0', 'Xlong-island': '0', 'seq': '2', 'end': 17274.2, 'start': 17273.45}]",0,0,[],[]
17274640,17275670,CHI,CHN,0.0,500,CIC,RC,4,NT,FH,1.0,940,-15.88,-7.47,"[{'Canonical-syllable': '0', 'Growl': '0', 'High-freq-energy': '0', 'Long-island': '0', 'Low-tilt-spectrum': '0', 'Medium-island': '1', 'Short-island': '0', 'Squeal': '0', 'Typical-entropy': '1', 'Voicing-quality': '2', 'Wide-band': '0', 'Xlong-island': '0', 'seq': '1', 'end': 17275.58, 'start': 17274.82}]",0,0,[],[]
17275670,17276330,CHI,CHN,0.0,500,CIC,RC,4,NT,FH,1.0,660,-15.34,-6.7,"[{'Canonical-syllable': '0', 'Growl': '0', 'High-freq-energy': '0', 'Long-island': '0', 'Low-tilt-spectrum': '1', 'Medium-island': '0', 'Short-island': '2', 'Squeal': '0', 'Typical-entropy': '1', 'Voicing-quality': '2', 'Wide-band': '0', 'Xlong-island': '0', 'seq': '1', 'end': 17276.33, 'start': 17275.67}]",0,0,[],[]
17276330,17277510,CHI,CHN,0.0,500,CIC,RC,4,NT,FH,1.0,680,-20.51,-13.36,"[{'Canonical-syllable': '0', 'Growl': '0', 'High-freq-energy': '0', 'Long-island': '1', 'Low-tilt-spectrum': '0', 'Medium-island': '0', 'Short-island': '0', 'Squeal': '0', 'Typical-entropy': '1', 'Voicing-quality': '1', 'Wide-band': '0', 'Xlong-island': '0', 'seq': '1', 'end': 17277.01, 'start': 17276.33}]",0,0,[],[]
17277510,17281040,CHI,CHN,0.0,500,CIC,RC,4,NT,FH,2.0,2680,-16.29,-5.72,"[{'Canonical-syllable': '0', 'Growl': '0', 'High-freq-energy': '0', 'Long-island': '1', 'Low-tilt-spectrum': '0', 'Medium-island': '0', 'Short-island': '0', 'Squeal': '0', 'Typical-entropy': '0', 'Voicing-quality': '1', 'Wide-band': '0', 'Xlong-island': '0', 'seq': '1', 'end': 17278.32, 'start': 17277.51}, {'Canonical-syllable': '0', 'Growl': '0', 'High-freq-energy': '0', 'Long-island': '2', 'Low-tilt-spectrum': '0', 'Medium-island': '0', 'Short-island': '1', 'Squeal': '2', 'Typical-entropy': '2', 'Voicing-quality': '3', 'Wide-band': '0', 'Xlong-island': '0', 'seq': '2', 'end': 17280.9, 'start': 17279.03}]",0,0,[],[]
17281040,17282840,NA,NOF,0.0,500,CIC,NA,NA,NA,NA,0.0,0,-48.84,-40.96,[],0,0,[],[]
17282840,17283840,CHI,CHN,0.0,500,CIC,RC,4,NT,FH,1.0,1000,-15.62,-6.87,"[{'Canonical-syllable': '0', 'Growl': '0', 'High-freq-energy': '0', 'Long-island': '0', 'Low-tilt-spectrum': '0', 'Medium-island': '0', 'Short-island': '3', 'Squeal': '0', 'Typical-entropy': '1', 'Voicing-quality': '4', 'Wide-band': '0', 'Xlong-island': '0', 'seq': '1', 'end': 17283.84, 'start': 17282.84}]",0,0,[],[]
17283840,17284460,CHI,CHN,0.0,500,CIC,RC,4,NT,FH,1.0,620,-16.25,-11.77,"[{'Canonical-syllable': '0', 'Growl': '0', 'High-freq-energy': '0', 'Long-island': '0', 'Low-tilt-spectrum': '0', 'Medium-island': '1', 'Short-island': '0', 'Squeal': '0', 'Typical-entropy': '0', 'Voicing-quality': '1', 'Wide-band': '0', 'Xlong-island': '0', 'seq': '1', 'end': 17284.46, 'start': 17283.84}]",0,0,[],[]
17284460,17285520,CHI,CHN,0.0,500,CIC,RC,4,NT,FH,1.0,680,-24.79,-11.35,"[{'Canonical-syllable': '0', 'Growl': '0', 'High-freq-energy': '0', 'Long-island': '0', 'Low-tilt-spectrum': '0', 'Medium-island': '1', 'Short-island': '0', 'Squeal': '0', 'Typical-entropy': '1', 'Voicing-quality': '1', 'Wide-band': '0', 'Xlong-island': '0', 'seq': '1', 'end': 17285.14, 'start': 17284.65}]",0,0,[],[]
17285520,17286510,OCH,CXN,0.0,500,CIC,RC,4,NT,FI,0.0,0,-16.06,-5.37,[],0,0,[],[]
17286510,17287350,NA,NOF,0.0,500,CIC,NA,NA,NA,NA,0.0,0,-38.25,-25.18,[],0,0,[],[]
17287350,17288150,OCH,CXN,0.0,500,CIC,RC,4,NT,FH,0.0,0,-25.09,-18.77,[],0,0,[],[]
17288150,17288800,OCH,CXN,0.0,500,CIC,RC,4,NT,FH,0.0,0,-17.82,-8.51,[],0,0,[],[]
17288800,17290360,CHI,CHN,0.0,500,CIC,RC,4,NT,FI,1.0,1560,-17.47,-10.91,"[{'Canonical-syllable': '0', 'Growl': '0', 'High-freq-energy': '0', 'Long-island': '0', 'Low-tilt-spectrum': '0', 'Medium-island': '3', 'Short-island': '0', 'Squeal': '0', 'Typical-entropy': '1', 'Voicing-quality': '4', 'Wide-band': '0', 'Xlong-island': '0', 'seq': '1', 'end': 17290.36, 'start': 17288.92}]",0,0,[],[]
17290360,17291390,CHI,CHN,0.0,500,CIC,RC,4,NT,FH,1.0,1030,-18.16,-11.72,"[{'Canonical-syllable': '1', 'Growl': '0', 'High-freq-energy': '0', 'Long-island': '0', 'Low-tilt-spectrum': '1', 'Medium-island': '1', 'Short-island': '1', 'Squeal': '0', 'Typical-entropy': '1', 'Voicing-quality': '4', 'Wide-band': '0', 'Xlong-island': '0', 'seq': '1', 'end': 17291.39, 'start': 17290.36}]",0,0,[],[]
17291390,17292230,NA,MAF,0.0,500,CIC,NA,NA,NA,NA,0.0,0,-47.64,-37.97,[],0,0,[],[]
17292230,17292860,CHI,CHN,0.0,500,CIC,RC,4,NT,FH,1.0,320,-17.28,-8.93,"[{'Canonical-syllable': '1', 'Growl': '0', 'High-freq-energy': '0', 'Long-island': '0', 'Low-tilt-spectrum': '0', 'Medium-island': '1', 'Short-island': '0', 'Squeal': '0', 'Typical-entropy': '1', 'Voicing-quality': '1', 'Wide-band': '0', 'Xlong-island': '0', 'seq': '1', 'end': 17292.55, 'start': 17292.23}]",0,0,[],[]
17292860,17293670,NA,OLN,0.0,500,CIC,NA,NA,NA,NA,0.0,0,-20.66,-9.89,[],0,0,[],[]
17293670,17294670,CHI,CHN,0.0,500,CIC,NA,NA,NA,NA,0.0,0,-14.61,-4.01,[],0,920,"[{'start': 17293.67, 'end': 17294.59}]",[]
17294670,17295540,NA,NOF,0.0,500,CIC,NA,NA,NA,NA,0.0,0,-43.16,-35.61,[],0,0,[],[]
17295540,17296140,CHI,CHN,0.0,500,CIC,RC,4,NT,FH,1.0,480,-19.82,-11.61,"[{'Canonical-syllable': '0', 'Growl': '0', 'High-freq-energy': '0', 'Long-island': '0', 'Low-tilt-spectrum': '0', 'Medium-island': '0', 'Short-island': '1', 'Squeal': '0', 'Typical-entropy': '1', 'Voicing-quality': '1', 'Wide-band': '0', 'Xlong-island': '0', 'seq': '1', 'end': 17296.02, 'start': 17295.79}]",0,0,[],[]
17296140,17297150,OCH,CXN,0.0,500,CIC,RC,4,NT,FI,0.0,0,-19.11,-12.14,[],0,0,[],[]
17297150,17297950,OCH,CXN,0.0,500,CIC,RC,4,NT,FH,0.0,0,-20.79,-13.47,[],0,0,[],[]
17297950,17298590,CHI,CHN,0.0,500,CIC,RC,4,NT,FI,1.0,640,-23.47,-15.55,"[{'Canonical-syllable': '0', 'Growl': '0', 'High-freq-energy': '0', 'Long-island': '0', 'Low-tilt-spectrum': '0', 'Medium-island': '1', 'Short-island': '0', 'Squeal': '0', 'Typical-entropy': '0', 'Voicing-quality': '1', 'Wide-band': '0', 'Xlong-island': '0', 'seq': '1', 'end': 17298.59, 'start': 17298.19}]",0,0,[],[]
17298590,17299410,OCH,CXN,0.0,500,CIC,RC,4,NT,FI,0.0,0,-28.54,-21.31,[],0,0,[],[]
17299410,17300530,CHI,CHN,0.0,500,CIC,RC,4,NT,FI,1.0,1120,-15.0,-7.22,"[{'Canonical-syllable': '1', 'Growl': '0', 'High-freq-energy': '0', 'Long-island': '0', 'Low-tilt-spectrum': '0', 'Medium-island': '1', 'Short-island': '2', 'Squeal': '0', 'Typical-entropy': '0', 'Voicing-quality': '3', 'Wide-band': '0', 'Xlong-island': '0', 'seq': '1', 'end': 17300.53, 'start': 17299.41}]",0,0,[],[]
17300530,17301580,NA,OLF,0.0,500,CIC,NA,NA,NA,NA,0.0,0,-36.74,-21.88,[],0,0,[],[]
17301580,17302180,CHI,CHN,0.0,500,CIC,RC,4,NT,FH,1.0,600,-18.25,-11.32,"[{'Canonical-syllable': '1', 'Growl': '0', 'High-freq-energy': '0', 'Long-island': '0', 'Low-tilt-spectrum': '0', 'Medium-island': '1', 'Short-island': '1', 'Squeal': '0', 'Typical-entropy': '0', 'Voicing-quality': '2', 'Wide-band': '0', 'Xlong-island': '0', 'seq': '1', 'end': 17302.18, 'start': 17301.58}]",0,0,[],[]
17302180,17303170,NA,OLN,0.0,500,CIC,NA,NA,NA,NA,0.0,0,-30.33,-23.51,[],0,0,[],[]
17303170,17304230,CHI,CHN,0.0,500,CIC,RC,4,NT,FH,1.0,890,-14.32,-4.01,"[{'Canonical-syllable': '1', 'Growl': '0', 'High-freq-energy': '0', 'Long-island': '0', 'Low-tilt-spectrum': '0', 'Medium-island': '0', 'Short-island': '3', 'Squeal': '0', 'Typical-entropy': '2', 'Voicing-quality': '4', 'Wide-band': '0', 'Xlong-island': '0', 'seq': '1', 'end': 17304.06, 'start': 17303.17}]",0,0,[],[]
17304230,17305890,CHI,CHN,0.0,500,CIC,RC,4,NT,FH,2.0,1340,-19.18,-9.68,"[{'Canonical-syllable': '1', 'Growl': '0', 'High-freq-energy': '0', 'Long-island': '0', 'Low-tilt-spectrum': '0', 'Medium-island': '1', 'Short-island': '1', 'Squeal': '0', 'Typical-entropy': '1', 'Voicing-quality': '3', 'Wide-band': '0', 'Xlong-island': '0', 'seq': '1', 'end': 17305.21, 'start': 17304.23}, {'Canonical-syllable': '2', 'Growl': '0', 'High-freq-energy': '0', 'Long-island': '0', 'Low-tilt-spectrum': '0', 'Medium-island': '0', 'Short-island': '2', 'Squeal': '0', 'Typical-entropy': '0', 'Voicing-quality': '2', 'Wide-band': '0', 'Xlong-island': '0', 'seq': '2', 'end': 17305.89, 'start': 17305.53}]",0,0,[],[]
17305890,17306570,CHI,CHN,0.0,500,CIC,RC,4,NT,FH,1.0,680,-14.65,-9.31,"[{'Canonical-syllable': '0', 'Growl': '0', 'High-freq-energy': '0', 'Long-island': '1', 'Low-tilt-spectrum': '0', 'Medium-island': '0', 'Short-island': '0', 'Squeal': '0', 'Typical-entropy': '1', 'Voicing-quality': '1', 'Wide-band': '0', 'Xlong-island': '0', 'seq': '1', 'end': 17306.57, 'start': 17305.89}]",0,0,[],[]
17306570,17307980,OCH,CXN,0.0,500,CIC,RC,4,NT,FI,0.0,0,-23.47,-16.23,[],0,0,[],[]
17307980,17309400,NA,OLN,0.0,500,CIC,NA,NA,NA,NA,0.0,0,-32.94,-16.61,[],0,0,[],[]
17309400,17310400,FEM,FAN,6.13,500,CIC,RC,4,NT,FI,0.0,0,-39.85,-30.41,[],0,0,[],[]
17310400,17313980,NA,OLN,0.0,500,CIC,NA,NA,NA,NA,0.0,0,-33.15,-19.57,[],0,0,[],[]
17313980,17315080,OCH,CXN,0.0,500,CIC,RC,4,NT,FI,0.0,0,-23.73,-10.58,[],0,0,[],[]
17315080,17317220,CHI,CHN,0.0,500,CIC,RC,4,NT,FI,2.0,1650,-21.01,-8.16,"[{'Canonical-syllable': '2', 'Growl': '0', 'High-freq-energy': '0', 'Long-island': '0', 'Low-tilt-spectrum': '0', 'Medium-island': '1', 'Short-island': '1', 'Squeal': '0', 'Typical-entropy': '2', 'Voicing-quality': '2', 'Wide-band': '0', 'Xlong-island': '0', 'seq': '1', 'end': 17315.97, 'start': 17315.08}, {'Canonical-syllable': '1', 'Growl': '0', 'High-freq-energy': '0', 'Long-island': '0', 'Low-tilt-spectrum': '1', 'Medium-island': '0', 'Short-island': '1', 'Squeal': '0', 'Typical-entropy': '3', 'Voicing-quality': '3', 'Wide-band': '0', 'Xlong-island': '0', 'seq': '2', 'end': 17317.09, 'start': 17316.33}]",0,0,[],[]
17317220,17317820,OCH,CXN,0.0,500,CIC,RC,4,NT,FI,0.0,0,-24.29,-17.21,[],0,0,[],[]
17317820,17319940,FEM,FAN,6.63,500,CIC,RC,4,TIFI,FI,0.0,0,-27.9,-18.72,[],0,0,[],[]
17319940,17320730,CHI,CHN,0.0,500,CIC,RC,5,TIFR,FI,1.0,790,-17.11,-7.2,"[{'Canonical-syllable': '0', 'Growl': '0', 'High-freq-energy': '0', 'Long-island': '1', 'Low-tilt-spectrum': '0', 'Medium-island': '0', 'Short-island': '0', 'Squeal': '0', 'Typical-entropy': '0', 'Voicing-quality': '1', 'Wide-band': '0', 'Xlong-island': '0', 'seq': '1', 'end': 17320.73, 'start': 17319.94}]",0,0,[],[]
17320730,17322920,FEM,FAN,5.11,500,CIC,RC,5,TIFI,FI,0.0,0,-23.97,-12.03,[],0,0,[],[]
17322920,17323550,CHI,CHN,0.0,500,CIC,RC,6,TIFR,FI,1.0,440,-20.26,-13.18,"[{'Canonical-syllable': '2', 'Growl': '0', 'High-freq-energy': '0', 'Long-island': '0', 'Low-tilt-spectrum': '0', 'Medium-island': '0', 'Short-island': '2', 'Squeal': '0', 'Typical-entropy': '2', 'Voicing-quality': '2', 'Wide-band': '0', 'Xlong-island': '0', 'seq': '1', 'end': 17323.36, 'start': 17322.92}]",0,0,[],[]
17323550,17324550,CHI,CHN,0.0,500,CIC,RC,6,NT,FH,1.0,920,-19.22,-13.05,"[{'Canonical-syllable': '2', 'Growl': '0', 'High-freq-energy': '0', 'Long-island': '0', 'Low-tilt-spectrum': '2', 'Medium-island': '1', 'Short-island': '2', 'Squeal': '0', 'Typical-entropy': '3', 'Voicing-quality': '3', 'Wide-band': '0', 'Xlong-island': '0', 'seq': '1', 'end': 17324.47, 'start': 17323.65}]",0,0,[],[]
17324550,17325550,MAL,MAN,2.71,500,CIC,RC,6,TIME,FI,0.0,0,-31.22,-22.76,[],0,0,[],[]
17325550,17326650,FEM,FAN,5.89,500,CIC,RC,6,TIFI,FI,0.0,0,-24.84,-15.12,[],0,0,[],[]
17326650,17327990,NA,NOF,0.0,500,CIC,NA,NA,NA,NA,0.0,0,-41.33,-28.24,[],0,0,[],[]
17327990,17329290,CHI,CHN,0.0,500,CIC,RC,7,TIFR,FI,1.0,1070,-19.91,-9.51,"[{'Canonical-syllable': '1', 'Growl': '1', 'High-freq-energy': '0', 'Long-island': '0', 'Low-tilt-spectrum': '0', 'Medium-island': '1', 'Short-island': '1', 'Squeal': '0', 'Typical-entropy': '1', 'Voicing-quality': '3', 'Wide-band': '0', 'Xlong-island': '0', 'seq': '1', 'end': 17329.06, 'start': 17327.99}]",0,0,[],[]
17329290,17330600,NA,OLN,0.0,500,CIC,NA,NA,NA,NA,0.0,0,-25.23,-7.6,[],0,0,[],[]
17330600,17331600,OCH,CXN,0.0,500,CIC,EC,7,NT,FI,0.0,0,-23.17,-13.98,[],0,0,[],[]
17331600,17332510,NA,NOF,0.0,501,pause,NA,NA,NA,NA,0.0,0,-42.44,-37.54,[],0,0,[],[]
17332510,17334650,NA,OLN,0.0,501,pause,NA,NA,NA,NA,0.0,0,-30.24,-18.82,[],0,0,[],[]
17334650,17336130,NA,NOF,0.0,501,pause,NA,NA,NA,NA,0.0,0,-39.48,-23.47,[],0,0,[],[]
17336130,17337480,NA,OLF,0.0,501,pause,NA,NA,NA,NA,0.0,0,-29.13,-13.06,[],0,0,[],[]
17337480,17338490,NA,NOF,0.0,501,pause,NA,NA,NA,NA,0.0,0,-38.71,-28.41,[],0,0,[],[]
17338490,17339290,NA,OLN,0.0,501,pause,NA,NA,NA,NA,0.0,0,-32.98,-24.45,[],0,0,[],[]
17339290,17339890,CHI,CHN,0.0,501,CM,EC,0,NT,FI,1.0,600,-25.05,-19.37,"[{'Canonical-syllable': '0', 'Growl': '0', 'High-freq-energy': '0', 'Long-island': '0', 'Low-tilt-spectrum': '0', 'Medium-island': '1', 'Short-island': '0', 'Squeal': '0', 'Typical-entropy': '0', 'Voicing-quality': '1', 'Wide-band': '0', 'Xlong-island': '0', 'seq': '1', 'end': 17339.89, 'start': 17339.29}]",0,0,[],[]
17339890,17340700,NA,NOF,0.0,502,pause,NA,NA,NA,NA,0.0,0,-32.32,-22.58,[],0,0,[],[]
17340700,17343440,NA,OLF,0.0,502,pause,NA,NA,NA,NA,0.0,0,-31.47,-11.78,[],0,0,[],[]
17343440,17344270,NA,CXF,0.0,502,pause,NA,NA,NA,NA,0.0,0,-43.15,-34.9,[],0,0,[],[]
17344270,17345540,NA,OLF,0.0,502,pause,NA,NA,NA,NA,0.0,0,-44.11,-38.28,[],0,0,[],[]
17345540,17347740,NA,NOF,0.0,502,pause,NA,NA,NA,NA,0.0,0,-46.74,-36.86,[],0,0,[],[]
17347740,17349100,NA,OLF,0.0,502,pause,NA,NA,NA,NA,0.0,0,-41.12,-32.83,[],0,0,[],[]
17349100,17349910,NA,NOF,0.0,502,pause,NA,NA,NA,NA,0.0,0,-46.28,-39.19,[],0,0,[],[]
17349910,17350750,NA,CXF,0.0,502,pause,NA,NA,NA,NA,0.0,0,-43.25,-34.63,[],0,0,[],[]
17350750,17351740,NA,OLF,0.0,502,pause,NA,NA,NA,NA,0.0,0,-38.67,-30.66,[],0,0,[],[]
17351740,17352760,MAL,MAN,4.37,502,AICM,BC,0,NT,FI,0.0,0,-37.1,-30.2,[],0,0,[],[]
17352760,17354100,NA,NOF,0.0,502,AICM,NA,NA,NA,NA,0.0,0,-46.37,-39.63,[],0,0,[],[]
17354100,17357660,NA,OLN,0.0,502,AICM,NA,NA,NA,NA,0.0,0,-32.23,-16.43,[],0,0,[],[]
17357660,17358480,OCH,CXN,0.0,502,AICM,RC,0,NT,FI,0.0,0,-19.78,-11.0,[],0,0,[],[]
17358480,17362260,NA,OLN,0.0,502,AICM,NA,NA,NA,NA,0.0,0,-23.64,-9.63,[],0,0,[],[]
17362260,17363410,OCH,CXN,0.0,502,AICM,RC,0,NT,FH,0.0,0,-17.67,-8.1,[],0,0,[],[]
17363410,17364210,OCH,CXN,0.0,502,AICM,RC,0,NT,FH,0.0,0,-23.86,-16.84,[],0,0,[],[]
17364210,17365000,CHI,CHN,0.0,502,AICM,RC,0,NT,FI,1.0,790,-17.41,-11.01,"[{'Canonical-syllable': '1', 'Growl': '0', 'High-freq-energy': '0', 'Long-island': '0', 'Low-tilt-spectrum': '2', 'Medium-island': '0', 'Short-island': '2', 'Squeal': '0', 'Typical-entropy': '3', 'Voicing-quality': '3', 'Wide-band': '0', 'Xlong-island': '0', 'seq': '1', 'end': 17365.0, 'start': 17364.32}]",0,0,[],[]
17365000,17367710,CHI,CHN,0.0,502,AICM,RC,0,NT,FH,2.0,2280,-17.58,-9.75,"[{'Canonical-syllable': '0', 'Growl': '0', 'High-freq-energy': '0', 'Long-island': '0', 'Low-tilt-spectrum': '0', 'Medium-island': '1', 'Short-island': '0', 'Squeal': '0', 'Typical-entropy': '0', 'Voicing-quality': '1', 'Wide-band': '0', 'Xlong-island': '0', 'seq': '1', 'end': 17365.51, 'start': 17365.12}, {'Canonical-syllable': '0', 'Growl': '0', 'High-freq-energy': '1', 'Long-island': '1', 'Low-tilt-spectrum': '3', 'Medium-island': '0', 'Short-island': '4', 'Squeal': '1', 'Typical-entropy': '4', 'Voicing-quality': '5', 'Wide-band': '1', 'Xlong-island': '0', 'seq': '2', 'end': 17367.71, 'start': 17365.94}]",0,0,[],[]
17367710,17369160,NA,OLF,0.0,502,AICM,NA,NA,NA,NA,0.0,0,-33.87,-23.82,[],0,0,[],[]
17369160,17369760,OCH,CXN,0.0,502,AICM,RC,0,NT,FI,0.0,0,-18.63,-8.16,[],0,0,[],[]
17369760,17371190,CHI,CHN,0.0,502,AICM,RC,0,NT,FI,2.0,600,-19.67,-8.37,"[{'Canonical-syllable': '1', 'Growl': '0', 'High-freq-energy': '0', 'Long-island': '0', 'Low-tilt-spectrum': '0', 'Medium-island': '0', 'Short-island': '1', 'Squeal': '0', 'Typical-entropy': '1', 'Voicing-quality': '1', 'Wide-band': '0', 'Xlong-island': '0', 'seq': '1', 'end': 17369.97, 'start': 17369.76}, {'Canonical-syllable': '1', 'Growl': '0', 'High-freq-energy': '0', 'Long-island': '0', 'Low-tilt-spectrum': '0', 'Medium-island': '1', 'Short-island': '0', 'Squeal': '0', 'Typical-entropy': '1', 'Voicing-quality': '1', 'Wide-band': '0', 'Xlong-island': '0', 'seq': '2', 'end': 17370.86, 'start': 17370.47}]",0,0,[],[]
17371190,17373370,CHI,CHN,0.0,502,AICM,RC,0,NT,FH,1.0,2180,-16.31,-8.05,"[{'Canonical-syllable': '1', 'Growl': '0', 'High-freq-energy': '0', 'Long-island': '1', 'Low-tilt-spectrum': '1', 'Medium-island': '1', 'Short-island': '2', 'Squeal': '0', 'Typical-entropy': '4', 'Voicing-quality': '4', 'Wide-band': '0', 'Xlong-island': '0', 'seq': '1', 'end': 17373.37, 'start': 17371.19}]",0,0,[],[]
17373370,17375060,OCH,CXN,0.0,502,AICM,RC,0,NT,FI,0.0,0,-23.54,-14.4,[],0,0,[],[]
17375060,17376110,NA,OLN,0.0,502,AICM,NA,NA,NA,NA,0.0,0,-27.07,-13.68,[],0,0,[],[]
17376110,17376720,CHI,CHN,0.0,502,AICM,RC,0,NT,FI,1.0,610,-16.42,-10.99,"[{'Canonical-syllable': '0', 'Growl': '0', 'High-freq-energy': '0', 'Long-island': '0', 'Low-tilt-spectrum': '1', 'Medium-island': '1', 'Short-island': '0', 'Squeal': '0', 'Typical-entropy': '2', 'Voicing-quality': '2', 'Wide-band': '0', 'Xlong-island': '0', 'seq': '1', 'end': 17376.72, 'start': 17376.11}]",0,0,[],[]
17376720,17378350,NA,OLN,0.0,502,AICM,NA,NA,NA,NA,0.0,0,-23.89,-9.23,[],0,0,[],[]
17378350,17379350,CHI,CHN,0.0,502,AICM,RC,0,NT,FH,1.0,540,-16.6,-7.76,"[{'Canonical-syllable': '0', 'Growl': '0', 'High-freq-energy': '0', 'Long-island': '0', 'Low-tilt-spectrum': '0', 'Medium-island': '1', 'Short-island': '0', 'Squeal': '0', 'Typical-entropy': '1', 'Voicing-quality': '1', 'Wide-band': '0', 'Xlong-island': '0', 'seq': '1', 'end': 17379.35, 'start': 17378.81}]",0,0,[],[]
17379350,17380020,CHI,CHN,0.0,502,AICM,NA,NA,NA,NA,0.0,0,-15.22,-9.45,[],0,530,"[{'start': 17379.35, 'end': 17379.88}]",[]
17380020,17381360,NA,OLN,0.0,502,AICM,NA,NA,NA,NA,0.0,0,-37.81,-27.21,[],0,0,[],[]
17381360,17381960,CHI,CHN,0.0,502,AICM,RC,0,NT,FH,1.0,600,-15.0,-8.2,"[{'Canonical-syllable': '0', 'Growl': '0', 'High-freq-energy': '0', 'Long-island': '0', 'Low-tilt-spectrum': '0', 'Medium-island': '1', 'Short-island': '0', 'Squeal': '0', 'Typical-entropy': '1', 'Voicing-quality': '1', 'Wide-band': '0', 'Xlong-island': '0', 'seq': '1', 'end': 17381.96, 'start': 17381.36}]",0,0,[],[]
17381960,17382960,CHI,CHN,0.0,502,AICM,NA,NA,NA,NA,0.0,0,-16.55,-5.56,[],0,640,"[{'start': 17381.96, 'end': 17382.6}]",[]
17382960,17384210,NA,OLF,0.0,502,AICM,NA,NA,NA,NA,0.0,0,-36.87,-25.22,[],0,0,[],[]
17384210,17384810,CHI,CHN,0.0,502,AICM,NA,NA,NA,NA,0.0,0,-16.66,-10.36,[],0,340,"[{'start': 17384.21, 'end': 17384.55}]",[]
17384810,17385870,NA,OLN,0.0,502,AICM,NA,NA,NA,NA,0.0,0,-30.33,-17.78,[],0,0,[],[]
17385870,17386800,CHI,CHN,0.0,502,AICM,RC,0,NT,FH,1.0,930,-21.51,-14.76,"[{'Canonical-syllable': '0', 'Growl': '0', 'High-freq-energy': '0', 'Long-island': '0', 'Low-tilt-spectrum': '0', 'Medium-island': '1', 'Short-island': '1', 'Squeal': '0', 'Typical-entropy': '1', 'Voicing-quality': '3', 'Wide-band': '1', 'Xlong-island': '0', 'seq': '1', 'end': 17386.8, 'start': 17385.87}]",0,0,[],[]
17386800,17387720,NA,OLN,0.0,502,AICM,NA,NA,NA,NA,0.0,0,-17.67,-2.58,[],0,0,[],[]
17387720,17388520,NA,NOF,0.0,502,AICM,NA,NA,NA,NA,0.0,0,-36.43,-26.63,[],0,0,[],[]
17388520,17389850,NA,OLN,0.0,502,AICM,NA,NA,NA,NA,0.0,0,-23.27,-9.37,[],0,0,[],[]
17389850,17391030,OCH,CXN,0.0,502,AICM,RC,0,NT,FI,0.0,0,-22.87,-14.24,[],0,0,[],[]
17391030,17391830,NA,OLN,0.0,502,AICM,NA,NA,NA,NA,0.0,0,-31.43,-21.46,[],0,0,[],[]
17391830,17393130,CHI,CHN,0.0,502,AICM,RC,0,NT,FI,2.0,850,-17.06,-8.37,"[{'Canonical-syllable': '1', 'Growl': '0', 'High-freq-energy': '0', 'Long-island': '0', 'Low-tilt-spectrum': '0', 'Medium-island': '0', 'Short-island': '2', 'Squeal': '0', 'Typical-entropy': '2', 'Voicing-quality': '2', 'Wide-band': '0', 'Xlong-island': '0', 'seq': '1', 'end': 17392.32, 'start': 17391.83}, {'Canonical-syllable': '0', 'Growl': '0', 'High-freq-energy': '0', 'Long-island': '0', 'Low-tilt-spectrum': '0', 'Medium-island': '1', 'Short-island': '0', 'Squeal': '0', 'Typical-entropy': '1', 'Voicing-quality': '1', 'Wide-band': '0', 'Xlong-island': '0', 'seq': '2', 'end': 17393.13, 'start': 17392.77}]",0,0,[],[]
17393130,17393730,CHI,CHN,0.0,502,AICM,RC,0,TIFI,FH,1.0,390,-16.95,-8.49,"[{'Canonical-syllable': '0', 'Growl': '0', 'High-freq-energy': '0', 'Long-island': '0', 'Low-tilt-spectrum': '0', 'Medium-island': '1', 'Short-island': '0', 'Squeal': '0', 'Typical-entropy': '1', 'Voicing-quality': '1', 'Wide-band': '0', 'Xlong-island': '0', 'seq': '1', 'end': 17393.52, 'start': 17393.23}]",0,0,[],[]
17393730,17394860,NA,OLF,0.0,502,AICM,NA,NA,NA,NA,0.0,0,-39.24,-33.62,[],0,0,[],[]
17394860,17396430,FEM,FAN,9.35,502,AICM,RC,1,TIFR,FI,0.0,0,-22.9,-10.67,[],0,0,[],[]
17396430,17397050,CHI,CHN,0.0,502,AICM,RC,1,TIFE,FI,1.0,340,-16.39,-8.94,"[{'Canonical-syllable': '1', 'Growl': '0', 'High-freq-energy': '0', 'Long-island': '0', 'Low-tilt-spectrum': '0', 'Medium-island': '1', 'Short-island': '0', 'Squeal': '0', 'Typical-entropy': '1', 'Voicing-quality': '1', 'Wide-band': '0', 'Xlong-island': '0', 'seq': '1', 'end': 17396.77, 'start': 17396.43}]",0,0,[],[]
17397050,17398050,CHI,CHN,0.0,502,AICM,RC,1,NT,FH,1.0,580,-16.04,-5.38,"[{'Canonical-syllable': '1', 'Growl': '0', 'High-freq-energy': '0', 'Long-island': '0', 'Low-tilt-spectrum': '0', 'Medium-island': '1', 'Short-island': '0', 'Squeal': '0', 'Typical-entropy': '1', 'Voicing-quality': '1', 'Wide-band': '0', 'Xlong-island': '0', 'seq': '1', 'end': 17398.05, 'start': 17397.47}]",0,0,[],[]
17398050,17398910,OCH,CXN,0.0,502,AICM,RC,1,NT,FI,0.0,0,-20.25,-11.12,[],0,0,[],[]
17398910,17399620,OCH,CXN,0.0,502,AICM,RC,1,NT,FH,0.0,0,-14.65,-7.39,[],0,0,[],[]
17399620,17400460,OCH,CXN,0.0,502,AICM,RC,1,NT,FH,0.0,0,-19.65,-14.65,[],0,0,[],[]
17400460,17401720,CHI,CHN,0.0,502,AICM,RC,1,NT,FI,1.0,1150,-17.94,-10.01,"[{'Canonical-syllable': '1', 'Growl': '0', 'High-freq-energy': '1', 'Long-island': '0', 'Low-tilt-spectrum': '1', 'Medium-island': '1', 'Short-island': '2', 'Squeal': '0', 'Typical-entropy': '3', 'Voicing-quality': '3', 'Wide-band': '0', 'Xlong-island': '0', 'seq': '1', 'end': 17401.61, 'start': 17400.75}]",0,0,[],[]
17401720,17402730,CHI,CHN,0.0,502,AICM,RC,1,NT,FH,1.0,520,-20.89,-11.39,"[{'Canonical-syllable': '0', 'Growl': '0', 'High-freq-energy': '0', 'Long-island': '0', 'Low-tilt-spectrum': '0', 'Medium-island': '0', 'Short-island': '0', 'Squeal': '0', 'Typical-entropy': '1', 'Voicing-quality': '2', 'Wide-band': '0', 'Xlong-island': '0', 'seq': '1', 'end': 17402.73, 'start': 17402.21}]",0,0,[],[]
17402730,17403360,CHI,CHN,0.0,502,AICM,RC,1,TIFI,FH,1.0,630,-23.04,-16.48,"[{'Canonical-syllable': '0', 'Growl': '0', 'High-freq-energy': '0', 'Long-island': '0', 'Low-tilt-spectrum': '0', 'Medium-island': '0', 'Short-island': '2', 'Squeal': '0', 'Typical-entropy': '1', 'Voicing-quality': '2', 'Wide-band': '0', 'Xlong-island': '0', 'seq': '1', 'end': 17403.36, 'start': 17402.73}]",0,0,[],[]
17403360,17404210,NA,NOF,0.0,502,AICM,NA,NA,NA,NA,0.0,0,-32.2,-17.26,[],0,0,[],[]
17404210,17404870,FEM,FAN,2.41,502,AICM,RC,2,TIFR,FI,0.0,0,-29.22,-23.14,[],0,0,[],[]
17404870,17406020,NA,NOF,0.0,502,AICM,NA,NA,NA,NA,0.0,0,-36.63,-21.84,[],0,0,[],[]
17406020,17406830,OCH,CXN,0.0,502,AICM,RC,2,NT,FI,0.0,0,-25.04,-15.47,[],0,0,[],[]
17406830,17407640,NA,NOF,0.0,502,AICM,NA,NA,NA,NA,0.0,0,-35.0,-27.37,[],0,0,[],[]
17407640,17408460,OCH,CXN,0.0,502,AICM,RC,2,NT,FH,0.0,0,-17.1,-8.87,[],0,0,[],[]
17408460,17409080,OCH,CXN,0.0,502,AICM,RC,2,NT,FH,0.0,0,-15.31,-9.39,[],0,0,[],[]
17409080,17409890,NA,NOF,0.0,502,AICM,NA,NA,NA,NA,0.0,0,-32.55,-21.41,[],0,0,[],[]
17409890,17411190,OCH,CXN,0.0,502,AICM,RC,2,NT,FH,0.0,0,-16.24,-9.51,[],0,0,[],[]
17411190,17412540,NA,OLN,0.0,502,AICM,NA,NA,NA,NA,0.0,0,-27.25,-17.21,[],0,0,[],[]
17412540,17413890,CHI,CHN,0.0,502,AICM,RC,2,NT,FI,1.0,1350,-16.49,-5.36,"[{'Canonical-syllable': '1', 'Growl': '0', 'High-freq-energy': '0', 'Long-island': '1', 'Low-tilt-spectrum': '1', 'Medium-island': '0', 'Short-island': '1', 'Squeal': '0', 'Typical-entropy': '1', 'Voicing-quality': '3', 'Wide-band': '0', 'Xlong-island': '0', 'seq': '1', 'end': 17413.89, 'start': 17412.54}]",0,0,[],[]
17413890,17415390,NA,OLN,0.0,502,AICM,NA,NA,NA,NA,0.0,0,-36.36,-28.71,[],0,0,[],[]
17415390,17416000,CHI,CHN,0.0,502,AICM,RC,2,NT,FH,1.0,610,-16.4,-6.78,"[{'Canonical-syllable': '1', 'Growl': '0', 'High-freq-energy': '1', 'Long-island': '0', 'Low-tilt-spectrum': '1', 'Medium-island': '1', 'Short-island': '0', 'Squeal': '0', 'Typical-entropy': '1', 'Voicing-quality': '1', 'Wide-band': '0', 'Xlong-island': '0', 'seq': '1', 'end': 17416.0, 'start': 17415.63}]",0,0,[],[]
17416000,17416870,NA,OLF,0.0,502,AICM,NA,NA,NA,NA,0.0,0,-32.6,-20.83,[],0,0,[],[]
17416870,17417870,NA,NOF,0.0,502,AICM,NA,NA,NA,NA,0.0,0,-42.82,-39.46,[],0,0,[],[]
17417870,17418470,CHI,CHN,0.0,502,AICM,RC,2,NT,FH,1.0,600,-25.26,-18.61,"[{'Canonical-syllable': '0', 'Growl': '0', 'High-freq-energy': '0', 'Long-island': '0', 'Low-tilt-spectrum': '0', 'Medium-island': '1', 'Short-island': '0', 'Squeal': '0', 'Typical-entropy': '0', 'Voicing-quality': '1', 'Wide-band': '0', 'Xlong-island': '0', 'seq': '1', 'end': 17418.47, 'start': 17418.15}]",0,0,[],[]
17418470,17419560,NA,OLF,0.0,502,AICM,NA,NA,NA,NA,0.0,0,-27.34,-12.71,[],0,0,[],[]
17419560,17420160,CHI,CHN,0.0,502,AICM,EC,2,NT,FH,1.0,350,-22.5,-9.26,"[{'Canonical-syllable': '0', 'Growl': '0', 'High-freq-energy': '0', 'Long-island': '0', 'Low-tilt-spectrum': '0', 'Medium-island': '0', 'Short-island': '0', 'Squeal': '0', 'Typical-entropy': '1', 'Voicing-quality': '1', 'Wide-band': '1', 'Xlong-island': '0', 'seq': '1', 'end': 17419.91, 'start': 17419.82}]",0,0,[],[]
17420160,17420960,NA,OLF,0.0,503,pause,NA,NA,NA,NA,0.0,0,-15.79,-4.56,[],0,0,[],[]
17420960,17421790,NA,NOF,0.0,503,pause,NA,NA,NA,NA,0.0,0,-34.34,-23.57,[],0,0,[],[]
17421790,17423980,NA,OLF,0.0,503,pause,NA,NA,NA,NA,0.0,0,-27.08,-8.43,[],0,0,[],[]
17423980,17424800,NA,NON,0.0,503,pause,NA,NA,NA,NA,0.0,0,-20.57,-6.35,[],0,0,[],[]
17424800,17427400,NA,OLN,0.0,503,pause,NA,NA,NA,NA,0.0,0,-19.63,-0.2,[],0,0,[],[]
17427400,17428200,OCH,CXN,0.0,503,XM,BC,0,NT,FI,0.0,0,-23.26,-11.32,[],0,0,[],[]
17428200,17429100,NA,OLF,0.0,503,XM,NA,NA,NA,NA,0.0,0,-38.55,-29.66,[],0,0,[],[]
17429100,17429770,CHI,CHN,0.0,503,XM,NA,NA,NA,NA,0.0,0,-17.58,-13.41,[],0,670,"[{'start': 17429.1, 'end': 17429.77}]",[]
17429770,17432160,NA,OLN,0.0,503,XM,NA,NA,NA,NA,0.0,0,-26.25,-7.1,[],0,0,[],[]
17432160,17432810,OCH,CXN,0.0,503,XM,EC,0,NT,FH,0.0,0,-11.08,-5.7,[],0,0,[],[]
17432810,17435800,NA,OLN,0.0,504,pause,NA,NA,NA,NA,0.0,0,-22.09,-7.54,[],0,0,[],[]
17435800,17436600,NA,NOF,0.0,504,pause,NA,NA,NA,NA,0.0,0,-38.29,-31.75,[],0,0,[],[]
17436600,17437590,CHI,CHN,0.0,504,pause,NA,NA,NA,NA,0.0,0,-14.46,-6.92,[],0,990,"[{'start': 17436.6, 'end': 17437.59}]",[]
17437590,17438650,NA,OLF,0.0,504,pause,NA,NA,NA,NA,0.0,0,-32.4,-19.23,[],0,0,[],[]
17438650,17439250,FEM,FAN,5.66,504,AMF,EC,0,NT,FI,0.0,0,-18.67,-10.31,[],0,0,[],[]
17439250,17441760,NA,OLN,0.0,505,pause,NA,NA,NA,NA,0.0,0,-22.74,-9.11,[],0,0,[],[]
17441760,17442480,CHI,CHN,0.0,505,pause,NA,NA,NA,NA,0.0,0,-18.94,-11.9,[],0,600,[],"[{'start': 17441.88, 'end': 17442.48}]"
17442480,17446830,NA,OLN,0.0,505,pause,NA,NA,NA,NA,0.0,0,-20.19,-2.97,[],0,0,[],[]
17446830,17448300,CHI,CHN,0.0,505,pause,NA,NA,NA,NA,0.0,0,-15.47,-9.23,[],0,1470,"[{'start': 17446.83, 'end': 17448.3}]",[]
17448300,17449760,OCH,CXN,0.0,505,XM,BC,0,NT,FI,0.0,0,-16.72,-5.41,[],0,0,[],[]
17449760,17450970,CHI,CHN,0.0,505,XM,NA,NA,NA,NA,0.0,0,-10.7,-3.66,[],0,1130,"[{'start': 17449.76, 'end': 17450.89}]",[]
17450970,17452640,NA,OLF,0.0,505,XM,NA,NA,NA,NA,0.0,0,-27.93,-7.79,[],0,0,[],[]
17452640,17453730,OCH,CXN,0.0,505,XM,RC,0,NT,FH,0.0,0,-16.14,-5.75,[],0,0,[],[]
17453730,17455400,OCH,CXN,0.0,505,XM,EC,0,NT,FH,0.0,0,-18.39,-10.94,[],0,0,[],[]
17455400,17458620,NA,OLN,0.0,506,pause,NA,NA,NA,NA,0.0,0,-21.57,-6.24,[],0,0,[],[]
17458620,17459680,NA,FAF,0.0,506,pause,NA,NA,NA,NA,0.0,0,-36.11,-26.81,[],0,0,[],[]
17459680,17462370,NA,SIL,0.0,506,pause,NA,NA,NA,NA,0.0,0,-43.7,-34.35,[],0,0,[],[]
17462370,17463170,FEM,FAN,1.1,506,AICF,BC,0,TIFI,FI,0.0,0,-34.85,-23.1,[],0,0,[],[]
17463170,17464360,NA,OLN,0.0,506,AICF,NA,NA,NA,NA,0.0,0,-24.13,-9.95,[],0,0,[],[]
17464360,17465060,CHI,CHN,0.0,506,AICF,RC,1,TIFR,FI,1.0,700,-14.25,-8.19,"[{'Canonical-syllable': '0', 'Growl': '0', 'High-freq-energy': '0', 'Long-island': '0', 'Low-tilt-spectrum': '0', 'Medium-island': '1', 'Short-island': '0', 'Squeal': '1', 'Typical-entropy': '1', 'Voicing-quality': '1', 'Wide-band': '0', 'Xlong-island': '0', 'seq': '1', 'end': 17465.06, 'start': 17464.45}]",0,0,[],[]
17465060,17467790,NA,OLN,0.0,506,AICF,NA,NA,NA,NA,0.0,0,-22.03,-7.61,[],0,0,[],[]
17467790,17468590,OCH,CXN,0.0,506,AICF,RC,1,NT,FI,0.0,0,-23.97,-15.0,[],0,0,[],[]
17468590,17472270,NA,OLN,0.0,506,AICF,NA,NA,NA,NA,0.0,0,-19.56,-2.97,[],0,0,[],[]
17472270,17473080,OCH,CXN,0.0,506,AICF,RC,1,NT,FH,0.0,0,-17.55,-9.43,[],0,0,[],[]
17473080,17473880,NA,FAF,0.0,506,AICF,NA,NA,NA,NA,0.0,0,-32.03,-17.09,[],0,0,[],[]
17473880,17475550,OCH,CXN,0.0,506,AICF,RC,1,NT,FH,0.0,0,-37.54,-30.91,[],0,0,[],[]
17475550,17478120,NA,SIL,0.0,506,AICF,NA,NA,NA,NA,0.0,0,-46.9,-35.93,[],0,0,[],[]
17478120,17478930,NA,OLN,0.0,506,AICF,NA,NA,NA,NA,0.0,0,-28.17,-21.32,[],0,0,[],[]
17478930,17479940,OCH,CXN,0.0,506,AICF,RC,1,NT,FH,0.0,0,-27.23,-21.42,[],0,0,[],[]
17479940,17480940,FEM,FAN,6.31,506,AICF,RC,1,NT,FI,0.0,0,-29.29,-22.01,[],0,0,[],[]
17480940,17483260,NA,OLN,0.0,506,AICF,NA,NA,NA,NA,0.0,0,-22.12,-6.25,[],0,0,[],[]
17483260,17485870,OCH,CXN,0.0,506,AICF,EC,1,NT,FI,0.0,0,-33.65,-24.17,[],0,0,[],[]
17485870,17486920,NA,SIL,0.0,507,pause,NA,NA,NA,NA,0.0,0,-43.45,-34.86,[],0,0,[],[]
17486920,17488010,NA,TVF,0.0,507,pause,NA,NA,NA,NA,0.0,0,-41.2,-33.13,[],0,0,[],[]
17488010,17488870,NA,SIL,0.0,507,pause,NA,NA,NA,NA,0.0,0,-46.34,-38.0,[],0,0,[],[]
17488870,17490810,NA,TVF,0.0,507,pause,NA,NA,NA,NA,0.0,0,-44.03,-36.43,[],0,0,[],[]
17490810,17494100,NA,OLF,0.0,507,pause,NA,NA,NA,NA,0.0,0,-23.67,-6.22,[],0,0,[],[]
17494100,17495110,NA,TVF,0.0,507,pause,NA,NA,NA,NA,0.0,0,-41.82,-37.56,[],0,0,[],[]
17495110,17497540,NA,MAF,0.0,507,pause,NA,NA,NA,NA,0.0,0,-43.17,-33.09,[],0,0,[],[]
17497540,17498540,NA,TVF,0.0,507,pause,NA,NA,NA,NA,0.0,0,-37.26,-29.39,[],0,0,[],[]
17498540,17499140,OCH,CXN,0.0,507,XIOCC,BC,0,NT,FI,0.0,0,-16.42,-8.5,[],0,0,[],[]
17499140,17500000,OCH,CXN,0.0,507,XIOCC,RC,0,NT,FH,0.0,0,-16.79,-8.67,[],0,0,[],[]
17500000,17500660,CHI,CHN,0.0,507,XIOCC,EC,0,NT,FI,1.0,660,-14.2,-5.98,"[{'Canonical-syllable': '1', 'Growl': '0', 'High-freq-energy': '0', 'Long-island': '0', 'Low-tilt-spectrum': '0', 'Medium-island': '1', 'Short-island': '0', 'Squeal': '0', 'Typical-entropy': '1', 'Voicing-quality': '1', 'Wide-band': '0', 'Xlong-island': '0', 'seq': '1', 'end': 17500.66, 'start': 17500.0}]",0,0,[],[]
17500660,17502320,NA,OLN,0.0,508,pause,NA,NA,NA,NA,0.0,0,-32.93,-22.03,[],0,0,[],[]
17502320,17503130,NA,NOF,0.0,508,pause,NA,NA,NA,NA,0.0,0,-39.12,-31.5,[],0,0,[],[]
17503130,17504130,NA,MAF,0.0,508,pause,NA,NA,NA,NA,0.0,0,-44.52,-38.39,[],0,0,[],[]
17504130,17505210,NA,CXF,0.0,508,pause,NA,NA,NA,NA,0.0,0,-43.53,-29.23,[],0,0,[],[]
17505210,17506100,NA,SIL,0.0,508,pause,NA,NA,NA,NA,0.0,0,-51.96,-47.76,[],0,0,[],[]
17506100,17507270,NA,TVF,0.0,508,pause,NA,NA,NA,NA,0.0,0,-46.09,-39.33,[],0,0,[],[]
17507270,17508080,NA,OLF,0.0,508,pause,NA,NA,NA,NA,0.0,0,-33.94,-23.21,[],0,0,[],[]
17508080,17508880,OCH,CXN,0.0,508,XIOCAC,BC,0,NT,FI,0.0,0,-33.9,-24.47,[],0,0,[],[]
17508880,17510610,FEM,FAN,8.31,508,XIOCAC,RC,0,NT,FI,0.0,0,-35.61,-27.69,[],0,0,[],[]
17510610,17511410,NA,OLF,0.0,508,XIOCAC,NA,NA,NA,NA,0.0,0,-39.04,-33.43,[],0,0,[],[]
17511410,17512590,OCH,CXN,0.0,508,XIOCAC,RC,0,NT,FI,0.0,0,-38.96,-35.01,[],0,0,[],[]
17512590,17513390,NA,MAF,0.0,508,XIOCAC,NA,NA,NA,NA,0.0,0,-44.95,-39.55,[],0,0,[],[]
17513390,17514370,NA,SIL,0.0,508,XIOCAC,NA,NA,NA,NA,0.0,0,-48.76,-39.92,[],0,0,[],[]
17514370,17514990,CHI,CHN,0.0,508,XIOCAC,RC,0,NT,FI,1.0,620,-15.1,-8.03,"[{'Canonical-syllable': '0', 'Growl': '0', 'High-freq-energy': '0', 'Long-island': '0', 'Low-tilt-spectrum': '1', 'Medium-island': '1', 'Short-island': '0', 'Squeal': '0', 'Typical-entropy': '1', 'Voicing-quality': '1', 'Wide-band': '0', 'Xlong-island': '0', 'seq': '1', 'end': 17514.99, 'start': 17514.61}]",0,0,[],[]
17514990,17515810,OCH,CXN,0.0,508,XIOCAC,RC,0,NT,FI,0.0,0,-18.52,-10.92,[],0,0,[],[]
17515810,17516410,CHI,CHN,0.0,508,XIOCAC,RC,0,NT,FI,1.0,460,-15.75,-10.46,"[{'Canonical-syllable': '0', 'Growl': '0', 'High-freq-energy': '0', 'Long-island': '0', 'Low-tilt-spectrum': '0', 'Medium-island': '1', 'Short-island': '0', 'Squeal': '0', 'Typical-entropy': '0', 'Voicing-quality': '1', 'Wide-band': '0', 'Xlong-island': '0', 'seq': '1', 'end': 17516.27, 'start': 17515.81}]",0,0,[],[]
17516410,17518230,OCH,CXN,0.0,508,XIOCAC,RC,0,NT,FI,0.0,0,-38.49,-30.95,[],0,0,[],[]
17518230,17520130,NA,OLF,0.0,508,XIOCAC,NA,NA,NA,NA,0.0,0,-31.01,-12.4,[],0,0,[],[]
17520130,17520930,CHI,CHN,0.0,508,XIOCAC,NA,NA,NA,NA,0.0,0,-15.44,-11.4,[],0,800,"[{'start': 17520.13, 'end': 17520.93}]",[]
17520930,17522140,CHI,CHN,0.0,508,XIOCAC,RC,0,NT,FI,1.0,1120,-15.36,-9.59,"[{'Canonical-syllable': '0', 'Growl': '0', 'High-freq-energy': '0', 'Long-island': '0', 'Low-tilt-spectrum': '0', 'Medium-island': '2', 'Short-island': '0', 'Squeal': '0', 'Typical-entropy': '0', 'Voicing-quality': '2', 'Wide-band': '0', 'Xlong-island': '0', 'seq': '1', 'end': 17522.05, 'start': 17520.93}]",0,0,[],[]
17522140,17522950,NA,NOF,0.0,508,XIOCAC,NA,NA,NA,NA,0.0,0,-43.8,-32.37,[],0,0,[],[]
17522950,17524100,NA,SIL,0.0,508,XIOCAC,NA,NA,NA,NA,0.0,0,-46.45,-36.01,[],0,0,[],[]
17524100,17525040,CHI,CHN,0.0,508,XIOCAC,EC,0,NT,FH,1.0,940,-16.44,-9.73,"[{'Canonical-syllable': '0', 'Growl': '0', 'High-freq-energy': '0', 'Long-island': '0', 'Low-tilt-spectrum': '0', 'Medium-island': '2', 'Short-island': '0', 'Squeal': '0', 'Typical-entropy': '0', 'Voicing-quality': '2', 'Wide-band': '0', 'Xlong-island': '0', 'seq': '1', 'end': 17525.04, 'start': 17524.1}]",0,0,[],[]
17525040,17526080,NA,OLN,0.0,509,pause,NA,NA,NA,NA,0.0,0,-25.44,-16.29,[],0,0,[],[]
17526080,17528080,NA,MAF,0.0,509,pause,NA,NA,NA,NA,0.0,0,-46.01,-35.57,[],0,0,[],[]
17528080,17529290,NA,TVF,0.0,509,pause,NA,NA,NA,NA,0.0,0,-45.73,-41.38,[],0,0,[],[]
17529290,17531970,NA,MAF,0.0,509,pause,NA,NA,NA,NA,0.0,0,-42.36,-33.24,[],0,0,[],[]
17531970,17533380,NA,OLF,0.0,509,pause,NA,NA,NA,NA,0.0,0,-35.93,-22.33,[],0,0,[],[]
17533380,17534720,NA,MAF,0.0,509,pause,NA,NA,NA,NA,0.0,0,-39.66,-23.88,[],0,0,[],[]
17534720,17535520,NA,OLF,0.0,509,pause,NA,NA,NA,NA,0.0,0,-42.34,-35.04,[],0,0,[],[]
17535520,17537760,NA,TVF,0.0,509,pause,NA,NA,NA,NA,0.0,0,-44.26,-39.18,[],0,0,[],[]
17537760,17538760,NA,MAF,0.0,509,pause,NA,NA,NA,NA,0.0,0,-42.23,-37.35,[],0,0,[],[]
17538760,17539700,NA,OLF,0.0,509,pause,NA,NA,NA,NA,0.0,0,-43.72,-36.69,[],0,0,[],[]
17539700,17540530,NA,TVF,0.0,509,pause,NA,NA,NA,NA,0.0,0,-43.94,-36.64,[],0,0,[],[]
17540530,17542200,NA,OLF,0.0,509,pause,NA,NA,NA,NA,0.0,0,-40.33,-30.25,[],0,0,[],[]
17542200,17543000,NA,CXF,0.0,509,pause,NA,NA,NA,NA,0.0,0,-46.4,-39.0,[],0,0,[],[]
17543000,17544400,NA,MAF,0.0,509,pause,NA,NA,NA,NA,0.0,0,-42.97,-36.57,[],0,0,[],[]
17544400,17546210,NA,SIL,0.0,509,pause,NA,NA,NA,NA,0.0,0,-49.09,-39.59,[],0,0,[],[]
17546210,17547420,NA,CXF,0.0,509,pause,NA,NA,NA,NA,0.0,0,-45.03,-32.08,[],0,0,[],[]
17547420,17548460,NA,MAF,0.0,509,pause,NA,NA,NA,NA,0.0,0,-39.0,-28.93,[],0,0,[],[]
17548460,17549370,NA,CXF,0.0,509,pause,NA,NA,NA,NA,0.0,0,-48.07,-41.91,[],0,0,[],[]
17549370,17550170,NA,SIL,0.0,509,pause,NA,NA,NA,NA,0.0,0,-46.47,-40.85,[],0,0,[],[]
17550170,17550970,NA,OLN,0.0,509,pause,NA,NA,NA,NA,0.0,0,-21.58,-6.38,[],0,0,[],[]
17550970,17552420,CHI,CHN,0.0,509,pause,NA,NA,NA,NA,0.0,0,-15.21,-9.02,[],0,1260,"[{'start': 17550.97, 'end': 17552.23}]",[]
17552420,17553760,NA,OLN,0.0,509,pause,NA,NA,NA,NA,0.0,0,-19.47,-2.67,[],0,0,[],[]
17553760,17554760,OCH,CXN,0.0,509,XIOCC,BC,0,NT,FI,0.0,0,-15.61,-8.07,[],0,0,[],[]
17554760,17555390,CHI,CHN,0.0,509,XIOCC,RC,0,NT,FI,1.0,630,-15.32,-7.47,"[{'Canonical-syllable': '1', 'Growl': '0', 'High-freq-energy': '0', 'Long-island': '0', 'Low-tilt-spectrum': '1', 'Medium-island': '1', 'Short-island': '0', 'Squeal': '1', 'Typical-entropy': '2', 'Voicing-quality': '2', 'Wide-band': '0', 'Xlong-island': '0', 'seq': '1', 'end': 17555.39, 'start': 17554.76}]",0,0,[],[]
17555390,17556640,OCH,CXN,0.0,509,XIOCC,RC,0,NT,FI,0.0,0,-21.66,-12.79,[],0,0,[],[]
17556640,17557440,NA,OLN,0.0,509,XIOCC,NA,NA,NA,NA,0.0,0,-14.59,-3.24,[],0,0,[],[]
17557440,17558050,CHI,CHN,0.0,509,XIOCC,RC,0,NT,FI,1.0,610,-13.41,-3.8,"[{'Canonical-syllable': '0', 'Growl': '0', 'High-freq-energy': '0', 'Long-island': '0', 'Low-tilt-spectrum': '0', 'Medium-island': '1', 'Short-island': '1', 'Squeal': '0', 'Typical-entropy': '1', 'Voicing-quality': '2', 'Wide-band': '0', 'Xlong-island': '0', 'seq': '1', 'end': 17558.05, 'start': 17557.44}]",0,0,[],[]
17558050,17559570,NA,OLN,0.0,509,XIOCC,NA,NA,NA,NA,0.0,0,-21.07,-14.55,[],0,0,[],[]
17559570,17560770,CHI,CHN,0.0,509,XIOCC,EC,0,NT,FH,1.0,1090,-19.27,-11.97,"[{'Canonical-syllable': '1', 'Growl': '2', 'High-freq-energy': '0', 'Long-island': '0', 'Low-tilt-spectrum': '0', 'Medium-island': '1', 'Short-island': '2', 'Squeal': '0', 'Typical-entropy': '2', 'Voicing-quality': '3', 'Wide-band': '0', 'Xlong-island': '0', 'seq': '1', 'end': 17560.66, 'start': 17559.82}]",0,0,[],[]
17560770,17562190,NA,OLN,0.0,510,pause,NA,NA,NA,NA,0.0,0,-19.71,-11.61,[],0,0,[],[]
17562190,17562810,NA,MAF,0.0,510,pause,NA,NA,NA,NA,0.0,0,-42.37,-31.87,[],0,0,[],[]
17562810,17563670,NA,OLN,0.0,510,pause,NA,NA,NA,NA,0.0,0,-34.33,-20.02,[],0,0,[],[]
17563670,17564670,NA,MAF,0.0,510,pause,NA,NA,NA,NA,0.0,0,-43.14,-36.95,[],0,0,[],[]
17564670,17565610,NA,SIL,0.0,510,pause,NA,NA,NA,NA,0.0,0,-46.3,-39.47,[],0,0,[],[]
17565610,17568370,MAL,MAN,0.0,510,pause,NA,NA,NA,NA,0.0,0,-28.93,-19.0,[],2760,0,[],[]
17568370,17569170,NA,SIL,0.0,510,pause,NA,NA,NA,NA,0.0,0,-50.0,-43.38,[],0,0,[],[]
17569170,17575990,NA,TVN,0.0,510,pause,NA,NA,NA,NA,0.0,0,-42.87,-30.15,[],0,0,[],[]
17575990,17576830,OCH,CXN,0.0,510,XM,EC,0,NT,FI,0.0,0,-38.29,-31.89,[],0,0,[],[]
17576830,17577830,NA,TVN,0.0,511,pause,NA,NA,NA,NA,0.0,0,-41.01,-34.96,[],0,0,[],[]
17577830,17578630,NA,OLF,0.0,511,pause,NA,NA,NA,NA,0.0,0,-34.98,-22.84,[],0,0,[],[]
17578630,17579610,NA,NOF,0.0,511,pause,NA,NA,NA,NA,0.0,0,-45.66,-37.14,[],0,0,[],[]
17579610,17581260,NA,OLF,0.0,511,pause,NA,NA,NA,NA,0.0,0,-25.15,-13.18,[],0,0,[],[]
17581260,17582210,NA,NOF,0.0,511,pause,NA,NA,NA,NA,0.0,0,-41.79,-35.11,[],0,0,[],[]
17582210,17583590,NA,OLF,0.0,511,pause,NA,NA,NA,NA,0.0,0,-39.12,-32.81,[],0,0,[],[]
17583590,17584600,NA,TVF,0.0,511,pause,NA,NA,NA,NA,0.0,0,-36.8,-27.98,[],0,0,[],[]
17584600,17585560,NA,CXF,0.0,511,pause,NA,NA,NA,NA,0.0,0,-37.65,-28.34,[],0,0,[],[]
17585560,17586680,NA,TVF,0.0,511,pause,NA,NA,NA,NA,0.0,0,-44.2,-39.45,[],0,0,[],[]
17586680,17587590,NA,OLF,0.0,511,pause,NA,NA,NA,NA,0.0,0,-40.45,-30.6,[],0,0,[],[]
17587590,17588400,OCH,CXN,0.0,511,XM,EC,0,NT,FI,0.0,0,-36.65,-30.18,[],0,0,[],[]
17588400,17589660,NA,OLF,0.0,512,pause,NA,NA,NA,NA,0.0,0,-45.0,-38.95,[],0,0,[],[]
17589660,17590670,NA,TVF,0.0,512,pause,NA,NA,NA,NA,0.0,0,-46.57,-41.92,[],0,0,[],[]
17590670,17591470,NA,OLF,0.0,512,pause,NA,NA,NA,NA,0.0,0,-42.05,-34.99,[],0,0,[],[]
17591470,17592270,NA,CXF,0.0,512,pause,NA,NA,NA,NA,0.0,0,-41.93,-35.35,[],0,0,[],[]
17592270,17595840,NA,OLF,0.0,512,pause,NA,NA,NA,NA,0.0,0,-41.51,-31.99,[],0,0,[],[]
17595840,17596740,NA,NOF,0.0,512,pause,NA,NA,NA,NA,0.0,0,-45.48,-31.33,[],0,0,[],[]
17596740,17597800,NA,MAF,0.0,512,pause,NA,NA,NA,NA,0.0,0,-40.74,-33.54,[],0,0,[],[]
17597800,17598840,OCH,CXN,0.0,512,XM,EC,0,NT,FI,0.0,0,-40.29,-32.2,[],0,0,[],[]
17598840,17600090,NA,FAF,0.0,513,pause,NA,NA,NA,NA,0.0,0,-43.64,-37.13,[],0,0,[],[]
17600090,17601420,NA,MAF,0.0,513,pause,NA,NA,NA,NA,0.0,0,-43.78,-36.86,[],0,0,[],[]
17601420,17604170,NA,NOF,0.0,513,pause,NA,NA,NA,NA,0.0,0,-46.1,-37.17,[],0,0,[],[]
17604170,17605200,NA,OLF,0.0,513,pause,NA,NA,NA,NA,0.0,0,-45.71,-42.64,[],0,0,[],[]
17605200,17606220,NA,NOF,0.0,513,pause,NA,NA,NA,NA,0.0,0,-44.91,-34.84,[],0,0,[],[]
17606220,17609390,NA,OLF,0.0,513,pause,NA,NA,NA,NA,0.0,0,-38.02,-25.9,[],0,0,[],[]
17609390,17613010,NA,NOF,0.0,513,pause,NA,NA,NA,NA,0.0,0,-46.58,-40.0,[],0,0,[],[]
17613010,17615440,NA,OLF,0.0,513,pause,NA,NA,NA,NA,0.0,0,-40.82,-33.64,[],0,0,[],[]
17615440,17616240,NA,NOF,0.0,513,pause,NA,NA,NA,NA,0.0,0,-40.66,-32.98,[],0,0,[],[]
17616240,17617150,NA,OLF,0.0,513,pause,NA,NA,NA,NA,0.0,0,-40.0,-31.64,[],0,0,[],[]
17617150,17617960,NA,CXF,0.0,513,pause,NA,NA,NA,NA,0.0,0,-39.15,-31.46,[],0,0,[],[]
17617960,17619050,NA,NOF,0.0,513,pause,NA,NA,NA,NA,0.0,0,-49.29,-41.9,[],0,0,[],[]
17619050,17620970,OCH,CXN,0.0,513,XM,EC,0,NT,FI,0.0,0,-41.58,-35.72,[],0,0,[],[]
17620970,17622640,NA,TVN,0.0,514,pause,NA,NA,NA,NA,0.0,0,-44.26,-36.17,[],0,0,[],[]
17622640,17623440,NA,NOF,0.0,514,pause,NA,NA,NA,NA,0.0,0,-48.63,-43.38,[],0,0,[],[]
17623440,17624440,NA,MAF,0.0,514,pause,NA,NA,NA,NA,0.0,0,-47.28,-42.45,[],0,0,[],[]
17624440,17626080,NA,NOF,0.0,514,pause,NA,NA,NA,NA,0.0,0,-42.06,-32.58,[],0,0,[],[]
17626080,17627100,NA,OLN,0.0,514,pause,NA,NA,NA,NA,0.0,0,-38.15,-31.73,[],0,0,[],[]
17627100,17628200,NA,MAF,0.0,514,pause,NA,NA,NA,NA,0.0,0,-42.54,-39.7,[],0,0,[],[]
17628200,17629110,NA,OLF,0.0,514,pause,NA,NA,NA,NA,0.0,0,-40.31,-31.44,[],0,0,[],[]
17629110,17630480,NA,NOF,0.0,514,pause,NA,NA,NA,NA,0.0,0,-44.1,-37.48,[],0,0,[],[]
17630480,17631760,NA,OLF,0.0,514,pause,NA,NA,NA,NA,0.0,0,-40.61,-33.34,[],0,0,[],[]
17631760,17632560,NA,NOF,0.0,514,pause,NA,NA,NA,NA,0.0,0,-43.94,-37.03,[],0,0,[],[]
17632560,17633370,NA,OLF,0.0,514,pause,NA,NA,NA,NA,0.0,0,-41.02,-32.0,[],0,0,[],[]
17633370,17635130,NA,NOF,0.0,514,pause,NA,NA,NA,NA,0.0,0,-44.52,-35.65,[],0,0,[],[]
17635130,17637380,FEM,FAN,9.45,514,AMF,EC,0,NT,FI,0.0,0,-35.27,-27.74,[],0,0,[],[]
17637380,17638260,NA,OLF,0.0,515,pause,NA,NA,NA,NA,0.0,0,-38.81,-31.66,[],0,0,[],[]
17638260,17639180,NA,NOF,0.0,515,pause,NA,NA,NA,NA,0.0,0,-47.23,-40.05,[],0,0,[],[]
17639180,17640280,NA,OLF,0.0,515,pause,NA,NA,NA,NA,0.0,0,-40.46,-32.49,[],0,0,[],[]
17640280,17641560,NA,NOF,0.0,515,pause,NA,NA,NA,NA,0.0,0,-46.96,-39.14,[],0,0,[],[]
17641560,17642690,NA,OLF,0.0,515,pause,NA,NA,NA,NA,0.0,0,-43.99,-37.95,[],0,0,[],[]
17642690,17644020,NA,NOF,0.0,515,pause,NA,NA,NA,NA,0.0,0,-47.54,-42.97,[],0,0,[],[]
17644020,17647750,NA,OLF,0.0,515,pause,NA,NA,NA,NA,0.0,0,-40.33,-31.14,[],0,0,[],[]
17647750,17648560,NA,NOF,0.0,515,pause,NA,NA,NA,NA,0.0,0,-45.31,-39.96,[],0,0,[],[]
17648560,17650170,NA,OLF,0.0,515,pause,NA,NA,NA,NA,0.0,0,-38.65,-31.46,[],0,0,[],[]
17650170,17651000,NA,NOF,0.0,515,pause,NA,NA,NA,NA,0.0,0,-46.12,-40.32,[],0,0,[],[]
17651000,17654530,NA,OLF,0.0,515,pause,NA,NA,NA,NA,0.0,0,-42.45,-36.85,[],0,0,[],[]
17654530,17655550,NA,MAF,0.0,515,pause,NA,NA,NA,NA,0.0,0,-40.74,-32.11,[],0,0,[],[]
17655550,17657400,NA,OLF,0.0,515,pause,NA,NA,NA,NA,0.0,0,-41.2,-35.36,[],0,0,[],[]
17657400,17658360,NA,NOF,0.0,515,pause,NA,NA,NA,NA,0.0,0,-45.53,-41.62,[],0,0,[],[]
17658360,17659760,NA,OLF,0.0,515,pause,NA,NA,NA,NA,0.0,0,-39.4,-31.39,[],0,0,[],[]
17659760,17660760,NA,MAF,0.0,515,pause,NA,NA,NA,NA,0.0,0,-40.82,-34.21,[],0,0,[],[]
17660760,17661660,NA,NOF,0.0,515,pause,NA,NA,NA,NA,0.0,0,-42.74,-34.34,[],0,0,[],[]
17661660,17663860,NA,OLF,0.0,515,pause,NA,NA,NA,NA,0.0,0,-36.76,-26.64,[],0,0,[],[]
17663860,17664830,NA,NOF,0.0,515,pause,NA,NA,NA,NA,0.0,0,-48.32,-41.13,[],0,0,[],[]
17664830,17666720,NA,OLN,0.0,515,pause,NA,NA,NA,NA,0.0,0,-30.41,-16.02,[],0,0,[],[]
17666720,17668350,NA,SIL,0.0,515,pause,NA,NA,NA,NA,0.0,0,-46.06,-30.5,[],0,0,[],[]
17668350,17669020,CHI,CHN,0.0,515,pause,NA,NA,NA,NA,0.0,0,-14.4,-4.08,[],0,250,"[{'start': 17668.77, 'end': 17669.02}]",[]
17669020,17670060,OCH,CXN,0.0,515,XM,BC,0,NT,FI,0.0,0,-15.13,-5.94,[],0,0,[],[]
17670060,17670700,CHI,CHN,0.0,515,XM,NA,NA,NA,NA,0.0,0,-14.26,-8.28,[],0,640,"[{'start': 17670.06, 'end': 17670.7}]",[]
17670700,17671500,OCH,CXN,0.0,515,XM,RC,0,NT,FH,0.0,0,-16.1,-10.12,[],0,0,[],[]
17671500,17672300,NA,OLN,0.0,515,XM,NA,NA,NA,NA,0.0,0,-28.55,-19.01,[],0,0,[],[]
17672300,17673110,OCH,CXN,0.0,515,XM,RC,0,NT,FH,0.0,0,-23.46,-17.84,[],0,0,[],[]
17673110,17674180,NA,OLN,0.0,515,XM,NA,NA,NA,NA,0.0,0,-31.93,-22.74,[],0,0,[],[]
17674180,17675950,OCH,CXN,0.0,515,XM,EC,0,NT,FH,0.0,0,-31.79,-24.46,[],0,0,[],[]
17675950,17677220,NA,OLF,0.0,516,pause,NA,NA,NA,NA,0.0,0,-38.97,-31.93,[],0,0,[],[]
17677220,17677970,CHI,CHN,0.0,516,pause,NA,NA,NA,NA,0.0,0,-13.4,-6.92,[],0,750,"[{'start': 17677.22, 'end': 17677.97}]",[]
17677970,17678770,CHI,CHN,0.0,516,pause,NA,NA,NA,NA,0.0,0,-16.42,-6.29,[],0,400,"[{'start': 17677.97, 'end': 17678.37}]",[]
17678770,17680880,CHI,CHN,0.0,516,pause,NA,NA,NA,NA,0.0,0,-13.94,-3.38,[],0,2110,"[{'start': 17678.77, 'end': 17680.88}]",[]
17680880,17681680,CHI,CHN,0.0,516,pause,NA,NA,NA,NA,0.0,0,-15.06,-13.49,[],0,800,"[{'start': 17680.88, 'end': 17681.68}]",[]
17681680,17682280,CHI,CHN,0.0,516,pause,NA,NA,NA,NA,0.0,0,-16.13,-13.74,[],0,600,"[{'start': 17681.68, 'end': 17682.28}]",[]
17682280,17683080,OCH,CXN,0.0,516,XIOCC,BC,0,NT,FI,0.0,0,-23.79,-15.83,[],0,0,[],[]
17683080,17686020,CHI,CHN,0.0,516,XIOCC,RC,0,NT,FI,3.0,1840,-15.2,-4.91,"[{'Canonical-syllable': '0', 'Growl': '0', 'High-freq-energy': '0', 'Long-island': '1', 'Low-tilt-spectrum': '1', 'Medium-island': '0', 'Short-island': '0', 'Squeal': '0', 'Typical-entropy': '0', 'Voicing-quality': '1', 'Wide-band': '0', 'Xlong-island': '0', 'seq': '1', 'end': 17684.28, 'start': 17683.5}, {'Canonical-syllable': '0', 'Growl': '0', 'High-freq-energy': '0', 'Long-island': '1', 'Low-tilt-spectrum': '1', 'Medium-island': '0', 'Short-island': '0', 'Squeal': '0', 'Typical-entropy': '1', 'Voicing-quality': '1', 'Wide-band': '0', 'Xlong-island': '0', 'seq': '2', 'end': 17685.41, 'start': 17684.64}, {'Canonical-syllable': '0', 'Growl': '0', 'High-freq-energy': '0', 'Long-island': '0', 'Low-tilt-spectrum': '1', 'Medium-island': '0', 'Short-island': '1', 'Squeal': '0', 'Typical-entropy': '1', 'Voicing-quality': '1', 'Wide-band': '0', 'Xlong-island': '0', 'seq': '3', 'end': 17686.02, 'start': 17685.73}]",0,0,[],[]
17686020,17686940,OCH,CXN,0.0,516,XIOCC,RC,0,NT,FI,0.0,0,-16.78,-8.5,[],0,0,[],[]
17686940,17687710,CHI,CHN,0.0,516,XIOCC,EC,0,NT,FI,1.0,770,-14.16,-7.98,"[{'Canonical-syllable': '0', 'Growl': '0', 'High-freq-energy': '0', 'Long-island': '1', 'Low-tilt-spectrum': '1', 'Medium-island': '0', 'Short-island': '0', 'Squeal': '0', 'Typical-entropy': '1', 'Voicing-quality': '1', 'Wide-band': '0', 'Xlong-island': '0', 'seq': '1', 'end': 17687.71, 'start': 17686.94}]",0,0,[],[]
17687710,17689750,NA,OLN,0.0,517,pause,NA,NA,NA,NA,0.0,0,-29.87,-16.36,[],0,0,[],[]
17689750,17690550,NA,NOF,0.0,517,pause,NA,NA,NA,NA,0.0,0,-41.9,-39.23,[],0,0,[],[]
17690550,17692920,NA,OLF,0.0,517,pause,NA,NA,NA,NA,0.0,0,-37.73,-28.13,[],0,0,[],[]
17692920,17694010,MAL,MAN,7.08,517,AIOCCXM,BC,0,NT,FI,0.0,0,-26.95,-18.26,[],0,0,[],[]
17694010,17695910,NA,OLN,0.0,517,AIOCCXM,NA,NA,NA,NA,0.0,0,-33.18,-24.22,[],0,0,[],[]
17695910,17696910,OCH,CXN,0.0,517,AIOCCXM,RC,0,NT,FI,0.0,0,-29.85,-21.47,[],0,0,[],[]
17696910,17698200,NA,NOF,0.0,517,AIOCCXM,NA,NA,NA,NA,0.0,0,-39.72,-29.87,[],0,0,[],[]
17698200,17700140,NA,OLN,0.0,517,AIOCCXM,NA,NA,NA,NA,0.0,0,-33.07,-23.63,[],0,0,[],[]
17700140,17701350,CHI,CHN,0.0,517,AIOCCXM,NA,NA,NA,NA,0.0,0,-12.96,-7.2,[],0,1210,"[{'start': 17700.14, 'end': 17701.35}]",[]
17701350,17702190,OCH,CXN,0.0,517,AIOCCXM,RC,0,NT,FH,0.0,0,-17.52,-8.66,[],0,0,[],[]
17702190,17703560,CHI,CHN,0.0,517,AIOCCXM,RC,0,NT,FI,1.0,1370,-17.66,-8.91,"[{'Canonical-syllable': '0', 'Growl': '0', 'High-freq-energy': '0', 'Long-island': '1', 'Low-tilt-spectrum': '0', 'Medium-island': '2', 'Short-island': '0', 'Squeal': '0', 'Typical-entropy': '2', 'Voicing-quality': '3', 'Wide-band': '0', 'Xlong-island': '0', 'seq': '1', 'end': 17703.56, 'start': 17702.19}]",0,0,[],[]
17703560,17704530,NA,OLN,0.0,517,AIOCCXM,NA,NA,NA,NA,0.0,0,-32.62,-23.46,[],0,0,[],[]
17704530,17705330,NA,OLF,0.0,517,AIOCCXM,NA,NA,NA,NA,0.0,0,-43.0,-35.6,[],0,0,[],[]
17705330,17706470,NA,OLN,0.0,517,AIOCCXM,NA,NA,NA,NA,0.0,0,-23.63,-14.07,[],0,0,[],[]
17706470,17707590,NA,NON,0.0,517,AIOCCXM,NA,NA,NA,NA,0.0,0,-34.46,-25.13,[],0,0,[],[]
17707590,17708460,OCH,CXN,0.0,517,AIOCCXM,RC,0,NT,FI,0.0,0,-15.64,-8.1,[],0,0,[],[]
17708460,17709490,CHI,CHN,0.0,517,AIOCCXM,RC,0,NT,FI,1.0,860,-19.07,-11.99,"[{'Canonical-syllable': '0', 'Growl': '0', 'High-freq-energy': '0', 'Long-island': '1', 'Low-tilt-spectrum': '0', 'Medium-island': '0', 'Short-island': '0', 'Squeal': '0', 'Typical-entropy': '1', 'Voicing-quality': '1', 'Wide-band': '0', 'Xlong-island': '0', 'seq': '1', 'end': 17709.32, 'start': 17708.68}]",0,0,[],[]
17709490,17710310,NA,NOF,0.0,517,AIOCCXM,NA,NA,NA,NA,0.0,0,-42.48,-35.23,[],0,0,[],[]
17710310,17713360,NA,OLN,0.0,517,AIOCCXM,NA,NA,NA,NA,0.0,0,-31.65,-16.26,[],0,0,[],[]
17713360,17714160,OCH,CXN,0.0,517,AIOCCXM,RC,0,NT,FI,0.0,0,-31.04,-24.11,[],0,0,[],[]
17714160,17715540,NA,OLN,0.0,517,AIOCCXM,NA,NA,NA,NA,0.0,0,-34.29,-22.69,[],0,0,[],[]
17715540,17716340,OCH,CXN,0.0,517,AIOCCXM,RC,0,NT,FH,0.0,0,-21.85,-5.35,[],0,0,[],[]
17716340,17718850,NA,OLN,0.0,517,AIOCCXM,NA,NA,NA,NA,0.0,0,-25.33,-5.91,[],0,0,[],[]
17718850,17719960,CHI,CHN,0.0,517,AIOCCXM,NA,NA,NA,NA,0.0,0,-12.47,-9.66,[],0,1110,"[{'start': 17718.85, 'end': 17719.96}]",[]
17719960,17720760,OCH,CXN,0.0,517,AIOCCXM,RC,0,NT,FH,0.0,0,-19.28,-14.25,[],0,0,[],[]
17720760,17722320,OCH,CXN,0.0,517,AIOCCXM,RC,0,NT,FH,0.0,0,-15.09,-7.43,[],0,0,[],[]
17722320,17723630,OCH,CXN,0.0,517,AIOCCXM,RC,0,NT,FH,0.0,0,-14.97,-9.18,[],0,0,[],[]
17723630,17725790,NA,OLN,0.0,517,AIOCCXM,NA,NA,NA,NA,0.0,0,-31.38,-19.31,[],0,0,[],[]
17725790,17728480,CHI,CHN,0.0,517,AIOCCXM,RC,0,NT,FI,1.0,2690,-15.09,-7.48,"[{'Canonical-syllable': '0', 'Growl': '0', 'High-freq-energy': '0', 'Long-island': '2', 'Low-tilt-spectrum': '0', 'Medium-island': '1', 'Short-island': '1', 'Squeal': '0', 'Typical-entropy': '2', 'Voicing-quality': '4', 'Wide-band': '0', 'Xlong-island': '0', 'seq': '1', 'end': 17728.48, 'start': 17725.79}]",0,0,[],[]
17728480,17729990,NA,OLN,0.0,517,AIOCCXM,NA,NA,NA,NA,0.0,0,-19.57,-2.86,[],0,0,[],[]
17729990,17731070,OCH,CXN,0.0,517,AIOCCXM,RC,0,NT,FI,0.0,0,-15.59,-5.48,[],0,0,[],[]
17731070,17731820,CHI,CHN,0.0,517,AIOCCXM,NA,NA,NA,NA,0.0,0,-16.79,-6.19,[],0,750,"[{'start': 17731.07, 'end': 17731.82}]",[]
17731820,17732820,FEM,FAN,5.15,517,AIOCCXM,RC,0,NT,FI,0.0,0,-21.62,-11.92,[],0,0,[],[]
17732820,17733960,NA,MAF,0.0,517,AIOCCXM,NA,NA,NA,NA,0.0,0,-44.12,-38.23,[],0,0,[],[]
17733960,17734910,NA,OLN,0.0,517,AIOCCXM,NA,NA,NA,NA,0.0,0,-17.24,-2.89,[],0,0,[],[]
17734910,17736410,OCH,CXN,0.0,517,AIOCCXM,EC,0,NT,FI,0.0,0,-16.74,-8.55,[],0,0,[],[]
17736410,17737220,NA,NOF,0.0,518,pause,NA,NA,NA,NA,0.0,0,-19.11,-4.75,[],0,0,[],[]
17737220,17738530,NA,OLF,0.0,518,pause,NA,NA,NA,NA,0.0,0,-16.73,-2.63,[],0,0,[],[]
17738530,17739330,NA,NOF,0.0,518,pause,NA,NA,NA,NA,0.0,0,-24.8,-9.53,[],0,0,[],[]
17739330,17740680,NA,TVF,0.0,518,pause,NA,NA,NA,NA,0.0,0,-42.53,-34.87,[],0,0,[],[]
17740680,17741480,NA,NOF,0.0,518,pause,NA,NA,NA,NA,0.0,0,-18.74,-9.16,[],0,0,[],[]
17741480,17742100,CHI,CHN,0.0,518,CIC,BC,0,NT,FI,1.0,620,-14.38,-9.39,"[{'Canonical-syllable': '0', 'Growl': '0', 'High-freq-energy': '0', 'Long-island': '0', 'Low-tilt-spectrum': '0', 'Medium-island': '1', 'Short-island': '0', 'Squeal': '0', 'Typical-entropy': '0', 'Voicing-quality': '1', 'Wide-band': '0', 'Xlong-island': '0', 'seq': '1', 'end': 17742.1, 'start': 17741.48}]",0,0,[],[]
17742100,17743260,CHI,CHN,0.0,518,CIC,RC,0,NT,FH,1.0,1160,-15.72,-8.48,"[{'Canonical-syllable': '1', 'Growl': '0', 'High-freq-energy': '0', 'Long-island': '0', 'Low-tilt-spectrum': '0', 'Medium-island': '2', 'Short-island': '0', 'Squeal': '0', 'Typical-entropy': '0', 'Voicing-quality': '2', 'Wide-band': '0', 'Xlong-island': '0', 'seq': '1', 'end': 17743.26, 'start': 17742.22}]",0,0,[],[]
17743260,17744240,CHI,CHN,0.0,518,CIC,RC,0,NT,FH,1.0,770,-18.01,-11.1,"[{'Canonical-syllable': '0', 'Growl': '0', 'High-freq-energy': '0', 'Long-island': '1', 'Low-tilt-spectrum': '0', 'Medium-island': '0', 'Short-island': '0', 'Squeal': '0', 'Typical-entropy': '1', 'Voicing-quality': '1', 'Wide-band': '0', 'Xlong-island': '0', 'seq': '1', 'end': 17744.03, 'start': 17743.26}]",0,0,[],[]
17744240,17745620,NA,OLF,0.0,518,CIC,NA,NA,NA,NA,0.0,0,-35.9,-27.12,[],0,0,[],[]
17745620,17746760,OCH,CXN,0.0,518,CIC,RC,0,NT,FI,0.0,0,-16.45,-7.55,[],0,0,[],[]
17746760,17747600,CHI,CHN,0.0,518,CIC,RC,0,NT,FI,1.0,630,-18.09,-9.69,"[{'Canonical-syllable': '0', 'Growl': '0', 'High-freq-energy': '0', 'Long-island': '1', 'Low-tilt-spectrum': '0', 'Medium-island': '0', 'Short-island': '0', 'Squeal': '0', 'Typical-entropy': '0', 'Voicing-quality': '1', 'Wide-band': '0', 'Xlong-island': '0', 'seq': '1', 'end': 17747.39, 'start': 17746.76}]",0,0,[],[]
17747600,17749080,NA,OLN,0.0,518,CIC,NA,NA,NA,NA,0.0,0,-31.76,-22.7,[],0,0,[],[]
17749080,17750250,OCH,CXN,0.0,518,CIC,RC,0,NT,FI,0.0,0,-20.92,-8.42,[],0,0,[],[]
17750250,17751200,NA,OLN,0.0,518,CIC,NA,NA,NA,NA,0.0,0,-34.21,-25.42,[],0,0,[],[]
17751200,17753070,NA,FAF,0.0,518,CIC,NA,NA,NA,NA,0.0,0,-36.6,-27.68,[],0,0,[],[]
17753070,17754100,FEM,FAN,5.35,518,CIC,RC,0,NT,FI,0.0,0,-20.59,-7.48,[],0,0,[],[]
17754100,17755700,NA,MAF,0.0,518,CIC,NA,NA,NA,NA,0.0,0,-37.11,-26.19,[],0,0,[],[]
17755700,17756700,FEM,FAN,7.05,518,CIC,RC,0,NT,FH,0.0,0,-17.38,-8.7,[],0,0,[],[]
17756700,17757730,MAL,MAN,5.01,518,CIC,RC,0,NT,FI,0.0,0,-32.24,-21.98,[],0,0,[],[]
17757730,17758710,NA,OLN,0.0,518,CIC,NA,NA,NA,NA,0.0,0,-35.49,-29.0,[],0,0,[],[]
17758710,17759640,OCH,CXN,0.0,518,CIC,RC,0,NT,FI,0.0,0,-31.58,-19.34,[],0,0,[],[]
17759640,17761220,FEM,FAN,7.12,518,CIC,RC,0,TIFI,FI,0.0,0,-21.84,-12.23,[],0,0,[],[]
17761220,17761840,CHI,CHN,0.0,518,CIC,RC,1,TIFR,FI,1.0,620,-19.52,-13.96,"[{'Canonical-syllable': '0', 'Growl': '0', 'High-freq-energy': '0', 'Long-island': '0', 'Low-tilt-spectrum': '0', 'Medium-island': '1', 'Short-island': '0', 'Squeal': '0', 'Typical-entropy': '0', 'Voicing-quality': '1', 'Wide-band': '0', 'Xlong-island': '0', 'seq': '1', 'end': 17761.84, 'start': 17761.22}]",0,0,[],[]
17761840,17763770,NA,OLN,0.0,518,CIC,NA,NA,NA,NA,0.0,0,-28.74,-21.9,[],0,0,[],[]
17763770,17764820,OCH,CXN,0.0,518,CIC,RC,1,NT,FI,0.0,0,-35.72,-27.67,[],0,0,[],[]
17764820,17765840,NA,FAF,0.0,518,CIC,NA,NA,NA,NA,0.0,0,-44.35,-37.77,[],0,0,[],[]
17765840,17766740,CHI,CHN,0.0,518,CIC,RC,1,NT,FI,1.0,900,-12.98,-8.4,"[{'Canonical-syllable': '0', 'Growl': '0', 'High-freq-energy': '1', 'Long-island': '1', 'Low-tilt-spectrum': '1', 'Medium-island': '0', 'Short-island': '0', 'Squeal': '0', 'Typical-entropy': '1', 'Voicing-quality': '1', 'Wide-band': '0', 'Xlong-island': '0', 'seq': '1', 'end': 17766.74, 'start': 17765.84}]",0,0,[],[]
17766740,17767860,NA,OLN,0.0,518,CIC,NA,NA,NA,NA,0.0,0,-15.89,-4.12,[],0,0,[],[]
17767860,17770110,OCH,CXN,0.0,518,CIC,RC,1,NT,FI,0.0,0,-14.72,-5.7,[],0,0,[],[]
17770110,17770810,OCH,CXN,0.0,518,CIC,RC,1,NT,FH,0.0,0,-14.11,-9.01,[],0,0,[],[]
17770810,17771870,OCH,CXN,0.0,518,CIC,RC,1,NT,FH,0.0,0,-15.67,-8.74,[],0,0,[],[]
17771870,17773420,CHI,CHN,0.0,518,CIC,RC,1,NT,FI,1.0,1550,-14.03,-10.71,"[{'Canonical-syllable': '0', 'Growl': '0', 'High-freq-energy': '1', 'Long-island': '0', 'Low-tilt-spectrum': '0', 'Medium-island': '0', 'Short-island': '0', 'Squeal': '0', 'Typical-entropy': '0', 'Voicing-quality': '1', 'Wide-band': '0', 'Xlong-island': '1', 'seq': '1', 'end': 17773.42, 'start': 17771.87}]",0,0,[],[]
17773420,17774220,NA,OLN,0.0,518,CIC,NA,NA,NA,NA,0.0,0,-31.08,-21.3,[],0,0,[],[]
17774220,17775040,NA,NON,0.0,518,CIC,NA,NA,NA,NA,0.0,0,-16.59,-3.19,[],0,0,[],[]
17775040,17775830,OCH,CXN,0.0,518,CIC,RC,1,NT,FI,0.0,0,-15.99,-9.45,[],0,0,[],[]
17775830,17779150,NA,OLN,0.0,518,CIC,NA,NA,NA,NA,0.0,0,-27.88,-13.22,[],0,0,[],[]
17779150,17779750,CHI,CHN,0.0,518,CIC,RC,1,NT,FI,1.0,600,-13.03,-5.21,"[{'Canonical-syllable': '0', 'Growl': '0', 'High-freq-energy': '0', 'Long-island': '0', 'Low-tilt-spectrum': '0', 'Medium-island': '1', 'Short-island': '0', 'Squeal': '1', 'Typical-entropy': '0', 'Voicing-quality': '1', 'Wide-band': '0', 'Xlong-island': '0', 'seq': '1', 'end': 17779.75, 'start': 17779.25}]",0,0,[],[]
17779750,17780750,CHI,CHN,0.0,518,CIC,RC,1,NT,FH,1.0,1000,-18.37,-9.83,"[{'Canonical-syllable': '0', 'Growl': '0', 'High-freq-energy': '0', 'Long-island': '1', 'Low-tilt-spectrum': '0', 'Medium-island': '1', 'Short-island': '0', 'Squeal': '1', 'Typical-entropy': '0', 'Voicing-quality': '2', 'Wide-band': '0', 'Xlong-island': '0', 'seq': '1', 'end': 17780.75, 'start': 17779.75}]",0,0,[],[]
17780750,17781350,CHI,CHN,0.0,518,CIC,RC,1,NT,FH,1.0,450,-19.38,-11.98,"[{'Canonical-syllable': '1', 'Growl': '0', 'High-freq-energy': '0', 'Long-island': '0', 'Low-tilt-spectrum': '0', 'Medium-island': '1', 'Short-island': '0', 'Squeal': '0', 'Typical-entropy': '1', 'Voicing-quality': '1', 'Wide-band': '0', 'Xlong-island': '0', 'seq': '1', 'end': 17781.2, 'start': 17780.75}]",0,0,[],[]
17781350,17782900,OCH,CXN,0.0,518,CIC,RC,1,NT,FI,0.0,0,-19.81,-9.89,[],0,0,[],[]
17782900,17783780,NA,OLF,0.0,518,CIC,NA,NA,NA,NA,0.0,0,-38.91,-30.87,[],0,0,[],[]
17783780,17784650,NA,NOF,0.0,518,CIC,NA,NA,NA,NA,0.0,0,-43.77,-33.54,[],0,0,[],[]
17784650,17785290,CHI,CHN,0.0,518,CIC,RC,1,NT,FI,1.0,640,-19.04,-15.25,"[{'Canonical-syllable': '1', 'Growl': '0', 'High-freq-energy': '0', 'Long-island': '0', 'Low-tilt-spectrum': '0', 'Medium-island': '1', 'Short-island': '0', 'Squeal': '0', 'Typical-entropy': '0', 'Voicing-quality': '1', 'Wide-band': '0', 'Xlong-island': '0', 'seq': '1', 'end': 17785.29, 'start': 17784.65}]",0,0,[],[]
17785290,17787500,NA,OLN,0.0,518,CIC,NA,NA,NA,NA,0.0,0,-25.29,-16.62,[],0,0,[],[]
17787500,17788400,OCH,CXN,0.0,518,CIC,RC,1,NT,FI,0.0,0,-30.57,-23.01,[],0,0,[],[]
17788400,17789280,CHI,CHN,0.0,518,CIC,RC,1,NT,FI,1.0,220,-21.92,-10.21,"[{'Canonical-syllable': '1', 'Growl': '0', 'High-freq-energy': '0', 'Long-island': '0', 'Low-tilt-spectrum': '0', 'Medium-island': '0', 'Short-island': '1', 'Squeal': '0', 'Typical-entropy': '1', 'Voicing-quality': '1', 'Wide-band': '0', 'Xlong-island': '0', 'seq': '1', 'end': 17789.28, 'start': 17789.06}]",0,0,[],[]
17789280,17790470,NA,OLN,0.0,518,CIC,NA,NA,NA,NA,0.0,0,-35.72,-26.72,[],0,0,[],[]
17790470,17791530,OCH,CXN,0.0,518,CIC,RC,1,NT,FI,0.0,0,-37.41,-27.89,[],0,0,[],[]
17791530,17792380,NA,FAF,0.0,518,CIC,NA,NA,NA,NA,0.0,0,-46.66,-41.41,[],0,0,[],[]
17792380,17793220,NA,SIL,0.0,518,CIC,NA,NA,NA,NA,0.0,0,-49.23,-36.69,[],0,0,[],[]
17793220,17794260,CHI,CHN,0.0,518,CIC,RC,1,TIMI,FI,1.0,430,-26.83,-17.64,"[{'Canonical-syllable': '0', 'Growl': '0', 'High-freq-energy': '0', 'Long-island': '0', 'Low-tilt-spectrum': '0', 'Medium-island': '1', 'Short-island': '0', 'Squeal': '0', 'Typical-entropy': '1', 'Voicing-quality': '1', 'Wide-band': '0', 'Xlong-island': '0', 'seq': '1', 'end': 17793.65, 'start': 17793.22}]",0,0,[],[]
17794260,17795180,NA,SIL,0.0,518,CIC,NA,NA,NA,NA,0.0,0,-47.85,-43.14,[],0,0,[],[]
17795180,17797480,MAL,MAN,7.96,518,CIC,RC,2,TIMR,FI,0.0,0,-37.72,-26.67,[],0,0,[],[]
17797480,17800730,OCH,CXN,0.0,518,CIC,EC,2,NT,FI,0.0,0,-34.16,-17.86,[],0,0,[],[]
17800730,17803940,NA,TVF,0.0,519,pause,NA,NA,NA,NA,0.0,0,-46.58,-37.64,[],0,0,[],[]
17803940,17805160,NA,CXF,0.0,519,pause,NA,NA,NA,NA,0.0,0,-39.04,-25.4,[],0,0,[],[]
17805160,17806470,NA,TVF,0.0,519,pause,NA,NA,NA,NA,0.0,0,-47.26,-41.85,[],0,0,[],[]
17806470,17807560,NA,NOF,0.0,519,pause,NA,NA,NA,NA,0.0,0,-46.91,-42.21,[],0,0,[],[]
17807560,17809050,NA,TVF,0.0,519,pause,NA,NA,NA,NA,0.0,0,-47.47,-41.64,[],0,0,[],[]
17809050,17810340,NA,SIL,0.0,519,pause,NA,NA,NA,NA,0.0,0,-49.32,-33.44,[],0,0,[],[]
17810340,17811730,NA,TVF,0.0,519,pause,NA,NA,NA,NA,0.0,0,-49.86,-46.63,[],0,0,[],[]
17811730,17815850,NA,OLF,0.0,519,pause,NA,NA,NA,NA,0.0,0,-40.71,-28.15,[],0,0,[],[]
17815850,17816810,NA,NOF,0.0,519,pause,NA,NA,NA,NA,0.0,0,-40.9,-29.32,[],0,0,[],[]
17816810,17818580,NA,OLF,0.0,519,pause,NA,NA,NA,NA,0.0,0,-38.4,-28.09,[],0,0,[],[]
17818580,17819580,NA,TVF,0.0,519,pause,NA,NA,NA,NA,0.0,0,-46.3,-37.58,[],0,0,[],[]
17819580,17821210,NA,OLF,0.0,519,pause,NA,NA,NA,NA,0.0,0,-37.96,-27.39,[],0,0,[],[]
17821210,17822210,OCH,CXN,0.0,519,XM,EC,0,NT,FI,0.0,0,-36.83,-26.36,[],0,0,[],[]
17822210,17823930,NA,OLF,0.0,520,pause,NA,NA,NA,NA,0.0,0,-38.59,-29.9,[],0,0,[],[]
17823930,17825160,NA,TVF,0.0,520,pause,NA,NA,NA,NA,0.0,0,-45.67,-36.33,[],0,0,[],[]
17825160,17826220,NA,MAF,0.0,520,pause,NA,NA,NA,NA,0.0,0,-40.43,-33.68,[],0,0,[],[]
17826220,17827910,NA,TVF,0.0,520,pause,NA,NA,NA,NA,0.0,0,-48.58,-40.74,[],0,0,[],[]
17827910,17829540,NA,NOF,0.0,520,pause,NA,NA,NA,NA,0.0,0,-44.65,-35.94,[],0,0,[],[]
17829540,17830440,NA,OLF,0.0,520,pause,NA,NA,NA,NA,0.0,0,-23.05,-11.15,[],0,0,[],[]
17830440,17831550,NA,NOF,0.0,520,pause,NA,NA,NA,NA,0.0,0,-23.09,-5.78,[],0,0,[],[]
17831550,17833910,NA,OLF,0.0,520,pause,NA,NA,NA,NA,0.0,0,-38.27,-28.88,[],0,0,[],[]
17833910,17834990,MAL,MAN,13.22,520,AMM,BC,0,NT,FI,0.0,0,-42.43,-32.57,[],0,0,[],[]
17834990,17836470,NA,TVF,0.0,520,AMM,NA,NA,NA,NA,0.0,0,-46.45,-37.45,[],0,0,[],[]
17836470,17837580,MAL,MAN,6.14,520,AMM,EC,0,NT,FH,0.0,0,-43.57,-35.62,[],0,0,[],[]
17837580,17838890,NA,TVF,0.0,521,pause,NA,NA,NA,NA,0.0,0,-46.52,-43.16,[],0,0,[],[]
17838890,17840490,NA,MAF,0.0,521,pause,NA,NA,NA,NA,0.0,0,-40.13,-31.79,[],0,0,[],[]
17840490,17842030,NA,TVF,0.0,521,pause,NA,NA,NA,NA,0.0,0,-44.42,-39.25,[],0,0,[],[]
17842030,17842880,NA,FAF,0.0,521,pause,NA,NA,NA,NA,0.0,0,-47.05,-42.7,[],0,0,[],[]
17842880,17847280,NA,TVF,0.0,521,pause,NA,NA,NA,NA,0.0,0,-45.26,-38.64,[],0,0,[],[]
17847280,17848080,NA,OLF,0.0,521,pause,NA,NA,NA,NA,0.0,0,-41.06,-34.39,[],0,0,[],[]
17848080,17850160,NA,TVF,0.0,521,pause,NA,NA,NA,NA,0.0,0,-43.76,-34.67,[],0,0,[],[]
17850160,17851270,NA,MAF,0.0,521,pause,NA,NA,NA,NA,0.0,0,-39.93,-31.99,[],0,0,[],[]
17851270,17856720,NA,TVF,0.0,521,pause,NA,NA,NA,NA,0.0,0,-44.18,-34.32,[],0,0,[],[]
17856720,17857320,NA,FAF,0.0,521,pause,NA,NA,NA,NA,0.0,0,-46.0,-41.24,[],0,0,[],[]
17857320,17859350,NA,TVF,0.0,521,pause,NA,NA,NA,NA,0.0,0,-42.45,-35.68,[],0,0,[],[]
17859350,17860150,NA,SIL,0.0,521,pause,NA,NA,NA,NA,0.0,0,-44.34,-33.13,[],0,0,[],[]
17860150,17861640,NA,MAF,0.0,521,pause,NA,NA,NA,NA,0.0,0,-45.8,-38.62,[],0,0,[],[]
17861640,17863130,NA,SIL,0.0,521,pause,NA,NA,NA,NA,0.0,0,-51.78,-37.33,[],0,0,[],[]
17863130,17864390,NA,TVF,0.0,521,pause,NA,NA,NA,NA,0.0,0,-47.14,-38.87,[],0,0,[],[]
17864390,17865190,NA,SIL,0.0,521,pause,NA,NA,NA,NA,0.0,0,-50.26,-40.61,[],0,0,[],[]
17865190,17866210,NA,FAF,0.0,521,pause,NA,NA,NA,NA,0.0,0,-47.58,-42.09,[],0,0,[],[]
17866210,17867180,NA,SIL,0.0,521,pause,NA,NA,NA,NA,0.0,0,-48.85,-39.38,[],0,0,[],[]
17867180,17868480,NA,OLF,0.0,521,pause,NA,NA,NA,NA,0.0,0,-36.54,-27.29,[],0,0,[],[]
17868480,17869360,NA,NOF,0.0,521,pause,NA,NA,NA,NA,0.0,0,-17.7,-4.25,[],0,0,[],[]
17869360,17870360,NA,OLN,0.0,521,pause,NA,NA,NA,NA,0.0,0,-25.38,-17.35,[],0,0,[],[]
17870360,17871280,NA,NOF,0.0,521,pause,NA,NA,NA,NA,0.0,0,-44.35,-38.05,[],0,0,[],[]
17871280,17872210,NA,OLF,0.0,521,pause,NA,NA,NA,NA,0.0,0,-39.71,-34.76,[],0,0,[],[]
17872210,17873010,NA,NOF,0.0,521,pause,NA,NA,NA,NA,0.0,0,-47.97,-38.81,[],0,0,[],[]
17873010,17877210,NA,OLF,0.0,521,pause,NA,NA,NA,NA,0.0,0,-32.73,-14.98,[],0,0,[],[]
17877210,17878290,NA,NOF,0.0,521,pause,NA,NA,NA,NA,0.0,0,-43.11,-31.9,[],0,0,[],[]
17878290,17880150,NA,OLN,0.0,521,pause,NA,NA,NA,NA,0.0,0,-30.79,-21.35,[],0,0,[],[]
17880150,17881680,NA,NOF,0.0,521,pause,NA,NA,NA,NA,0.0,0,-47.94,-40.66,[],0,0,[],[]
17881680,17882910,OCH,CXN,0.0,521,XIOCA,BC,0,NT,FI,0.0,0,-33.56,-26.59,[],0,0,[],[]
17882910,17884300,OCH,CXN,0.0,521,XIOCA,RC,0,NT,FH,0.0,0,-20.89,-12.25,[],0,0,[],[]
17884300,17885100,NA,OLN,0.0,521,XIOCA,NA,NA,NA,NA,0.0,0,-18.12,-6.81,[],0,0,[],[]
17885100,17885790,OCH,CXN,0.0,521,XIOCA,RC,0,NT,FH,0.0,0,-18.78,-14.39,[],0,0,[],[]
17885790,17886730,NA,OLN,0.0,521,XIOCA,NA,NA,NA,NA,0.0,0,-28.01,-18.38,[],0,0,[],[]
17886730,17887730,MAL,MAN,5.11,521,XIOCA,EC,0,NT,FI,0.0,0,-33.16,-23.74,[],0,0,[],[]
17887730,17888940,NA,OLN,0.0,522,pause,NA,NA,NA,NA,0.0,0,-32.83,-16.36,[],0,0,[],[]
17888940,17889910,NA,NOF,0.0,522,pause,NA,NA,NA,NA,0.0,0,-43.03,-30.81,[],0,0,[],[]
17889910,17893400,NA,OLN,0.0,522,pause,NA,NA,NA,NA,0.0,0,-31.77,-10.54,[],0,0,[],[]
17893400,17895380,NA,NON,0.0,522,pause,NA,NA,NA,NA,0.0,0,-37.25,-24.23,[],0,0,[],[]
17895380,17896270,NA,OLN,0.0,522,pause,NA,NA,NA,NA,0.0,0,-33.41,-20.07,[],0,0,[],[]
17896270,17898220,NA,NOF,0.0,522,pause,NA,NA,NA,NA,0.0,0,-42.68,-30.5,[],0,0,[],[]
17898220,17900040,NA,MAF,0.0,522,pause,NA,NA,NA,NA,0.0,0,-35.03,-21.51,[],0,0,[],[]
17900040,17901480,NA,NOF,0.0,522,pause,NA,NA,NA,NA,0.0,0,-25.37,-6.62,[],0,0,[],[]
17901480,17902080,CHI,CHN,0.0,522,CM,EC,0,NT,FI,1.0,600,-14.92,-10.87,"[{'Canonical-syllable': '0', 'Growl': '0', 'High-freq-energy': '0', 'Long-island': '0', 'Low-tilt-spectrum': '0', 'Medium-island': '1', 'Short-island': '0', 'Squeal': '0', 'Typical-entropy': '0', 'Voicing-quality': '1', 'Wide-band': '0', 'Xlong-island': '0', 'seq': '1', 'end': 17902.08, 'start': 17901.48}]",0,0,[],[]
17902080,17904560,NA,OLN,0.0,523,pause,NA,NA,NA,NA,0.0,0,-21.26,-7.04,[],0,0,[],[]
17904560,17906010,NA,NON,0.0,523,pause,NA,NA,NA,NA,0.0,0,-32.28,-18.93,[],0,0,[],[]
17906010,17907120,NA,MAF,0.0,523,pause,NA,NA,NA,NA,0.0,0,-36.6,-21.7,[],0,0,[],[]
17907120,17908340,NA,NOF,0.0,523,pause,NA,NA,NA,NA,0.0,0,-41.8,-29.62,[],0,0,[],[]
17908340,17909170,NA,OLF,0.0,523,pause,NA,NA,NA,NA,0.0,0,-36.56,-26.54,[],0,0,[],[]
17909170,17910300,MAL,MAN,5.53,523,AMM,EC,0,NT,FI,0.0,0,-31.07,-23.21,[],0,0,[],[]
17910300,17911100,NA,OLF,0.0,524,pause,NA,NA,NA,NA,0.0,0,-44.75,-40.02,[],0,0,[],[]
17911100,17912050,NA,SIL,0.0,524,pause,NA,NA,NA,NA,0.0,0,-48.39,-44.03,[],0,0,[],[]
17912050,17913060,NA,TVF,0.0,524,pause,NA,NA,NA,NA,0.0,0,-45.34,-38.13,[],0,0,[],[]
17913060,17914000,NA,NOF,0.0,524,pause,NA,NA,NA,NA,0.0,0,-45.6,-38.56,[],0,0,[],[]
17914000,17919420,NA,OLF,0.0,524,pause,NA,NA,NA,NA,0.0,0,-31.94,-8.34,[],0,0,[],[]
17919420,17922520,NA,NOF,0.0,524,pause,NA,NA,NA,NA,0.0,0,-24.68,-7.53,[],0,0,[],[]
17922520,17923510,NA,OLF,0.0,524,pause,NA,NA,NA,NA,0.0,0,-25.07,-9.39,[],0,0,[],[]
17923510,17926160,NA,NOF,0.0,524,pause,NA,NA,NA,NA,0.0,0,-24.0,-6.72,[],0,0,[],[]
17926160,17927000,OCH,CXN,0.0,524,XM,EC,0,NT,FI,0.0,0,-37.84,-31.86,[],0,0,[],[]
17927000,17928020,NA,FAF,0.0,525,pause,NA,NA,NA,NA,0.0,0,-41.65,-35.41,[],0,0,[],[]
17928020,17928900,NA,OLF,0.0,525,pause,NA,NA,NA,NA,0.0,0,-38.79,-33.9,[],0,0,[],[]
17928900,17930190,NA,NON,0.0,525,pause,NA,NA,NA,NA,0.0,0,-41.47,-36.25,[],0,0,[],[]
17930190,17931240,MAL,MAN,0.0,525,pause,NA,NA,NA,NA,0.0,0,-37.34,-32.78,[],1050,0,[],[]
17931240,17932270,NA,OLF,0.0,525,pause,NA,NA,NA,NA,0.0,0,-39.65,-30.63,[],0,0,[],[]
17932270,17933340,NA,FAF,0.0,525,pause,NA,NA,NA,NA,0.0,0,-38.3,-28.5,[],0,0,[],[]
17933340,17934360,NA,MAF,0.0,525,pause,NA,NA,NA,NA,0.0,0,-41.74,-33.32,[],0,0,[],[]
17934360,17935200,NA,NOF,0.0,525,pause,NA,NA,NA,NA,0.0,0,-43.3,-32.56,[],0,0,[],[]
17935200,17936000,NA,OLN,0.0,525,pause,NA,NA,NA,NA,0.0,0,-31.4,-17.04,[],0,0,[],[]
17936000,17936840,NA,NOF,0.0,525,pause,NA,NA,NA,NA,0.0,0,-33.35,-22.33,[],0,0,[],[]
17936840,17937840,MAL,MAN,3.8,525,AMM,EC,0,NT,FI,0.0,0,-36.99,-26.95,[],0,0,[],[]
17937840,17939790,NA,OLN,0.0,526,pause,NA,NA,NA,NA,0.0,0,-20.19,-4.35,[],0,0,[],[]
17939790,17940790,NA,MAF,0.0,526,pause,NA,NA,NA,NA,0.0,0,-41.71,-36.79,[],0,0,[],[]
17940790,17942760,NA,OLN,0.0,526,pause,NA,NA,NA,NA,0.0,0,-35.77,-26.2,[],0,0,[],[]
17942760,17943570,NA,NON,0.0,526,pause,NA,NA,NA,NA,0.0,0,-38.92,-29.79,[],0,0,[],[]
17943570,17944490,NA,OLN,0.0,526,pause,NA,NA,NA,NA,0.0,0,-37.63,-29.98,[],0,0,[],[]
17944490,17945590,NA,NOF,0.0,526,pause,NA,NA,NA,NA,0.0,0,-40.42,-25.41,[],0,0,[],[]
17945590,17946210,NA,CHF,0.0,526,CIOCAX,BC,0,NT,FI,1.0,620,-36.37,-26.04,"[{'Canonical-syllable': '0', 'Growl': '2', 'High-freq-energy': '0', 'Long-island': '0', 'Low-tilt-spectrum': '2', 'Medium-island': '1', 'Short-island': '1', 'Squeal': '0', 'Typical-entropy': '2', 'Voicing-quality': '1', 'Wide-band': '1', 'Xlong-island': '0', 'seq': '1', 'end': 17946.21, 'start': 17945.59}]",0,0,[],[]
17946210,17948280,NA,OLF,0.0,526,CIOCAX,NA,NA,NA,NA,0.0,0,-43.49,-32.12,[],0,0,[],[]
17948280,17949150,NA,NOF,0.0,526,CIOCAX,NA,NA,NA,NA,0.0,0,-41.79,-29.7,[],0,0,[],[]
17949150,17949900,OCH,CXN,0.0,526,CIOCAX,RC,0,NT,FI,0.0,0,-24.41,-18.51,[],0,0,[],[]
17949900,17950700,NA,OLF,0.0,526,CIOCAX,NA,NA,NA,NA,0.0,0,-41.55,-30.15,[],0,0,[],[]
17950700,17951890,MAL,MAN,7.47,526,CIOCAX,RC,0,NT,FI,0.0,0,-32.03,-21.02,[],0,0,[],[]
17951890,17952690,NA,OLF,0.0,526,CIOCAX,NA,NA,NA,NA,0.0,0,-39.29,-30.54,[],0,0,[],[]
17952690,17953690,MAL,MAN,3.08,526,CIOCAX,RC,0,NT,FH,0.0,0,-33.09,-25.96,[],0,0,[],[]
17953690,17954520,NA,MAF,0.0,526,CIOCAX,NA,NA,NA,NA,0.0,0,-45.27,-37.44,[],0,0,[],[]
17954520,17955140,CHI,CHN,0.0,526,CIOCAX,NA,NA,NA,NA,0.0,0,-14.38,-4.24,[],0,460,"[{'start': 17954.68, 'end': 17955.14}]",[]
17955140,17956000,NA,OLN,0.0,526,CIOCAX,NA,NA,NA,NA,0.0,0,-18.31,-11.11,[],0,0,[],[]
17956000,17956850,NA,SIL,0.0,526,CIOCAX,NA,NA,NA,NA,0.0,0,-48.18,-43.53,[],0,0,[],[]
17956850,17958180,NA,MAF,0.0,526,CIOCAX,NA,NA,NA,NA,0.0,0,-45.81,-33.25,[],0,0,[],[]
17958180,17959150,OCH,CXN,0.0,526,CIOCAX,RC,0,NT,FI,0.0,0,-16.69,-9.38,[],0,0,[],[]
17959150,17959950,FEM,FAN,5.1,526,CIOCAX,EC,0,NT,FI,0.0,0,-27.82,-21.36,[],0,0,[],[]
17959950,17960760,NA,NON,0.0,527,pause,NA,NA,NA,NA,0.0,0,-37.12,-29.76,[],0,0,[],[]
17960760,17961560,NA,OLN,0.0,527,pause,NA,NA,NA,NA,0.0,0,-30.59,-17.63,[],0,0,[],[]
17961560,17966800,NA,NON,0.0,527,pause,NA,NA,NA,NA,0.0,0,-38.21,-22.8,[],0,0,[],[]
17966800,17967940,NA,OLF,0.0,527,pause,NA,NA,NA,NA,0.0,0,-34.61,-21.67,[],0,0,[],[]
17967940,17970660,NA,NOF,0.0,527,pause,NA,NA,NA,NA,0.0,0,-39.74,-28.57,[],0,0,[],[]
17970660,17971490,NA,OLN,0.0,527,pause,NA,NA,NA,NA,0.0,0,-30.04,-21.94,[],0,0,[],[]
17971490,17972410,NA,NOF,0.0,527,pause,NA,NA,NA,NA,0.0,0,-48.52,-42.25,[],0,0,[],[]
17972410,17973430,MAL,MAN,6.95,527,AMM,BC,0,NT,FI,0.0,0,-32.33,-25.16,[],0,0,[],[]
17973430,17974340,NA,OLF,0.0,527,AMM,NA,NA,NA,NA,0.0,0,-41.28,-32.36,[],0,0,[],[]
17974340,17975680,MAL,MAN,5.97,527,AMM,EC,0,NT,FH,0.0,0,-32.69,-25.33,[],0,0,[],[]
17975680,17976480,NA,NOF,0.0,528,pause,NA,NA,NA,NA,0.0,0,-44.65,-33.86,[],0,0,[],[]
17976480,17977860,NA,OLN,0.0,528,pause,NA,NA,NA,NA,0.0,0,-37.64,-26.89,[],0,0,[],[]
17977860,17978860,MAL,MAN,0.0,528,pause,NA,NA,NA,NA,0.0,0,-37.01,-30.71,[],1000,0,[],[]
17978860,17979870,NA,OLN,0.0,528,pause,NA,NA,NA,NA,0.0,0,-34.89,-28.23,[],0,0,[],[]
17979870,17980870,NA,MAF,0.0,528,pause,NA,NA,NA,NA,0.0,0,-37.86,-25.06,[],0,0,[],[]
17980870,17982370,NA,NOF,0.0,528,pause,NA,NA,NA,NA,0.0,0,-40.68,-28.89,[],0,0,[],[]
17982370,17983220,NA,CXF,0.0,528,pause,NA,NA,NA,NA,0.0,0,-48.94,-43.72,[],0,0,[],[]
17983220,17984560,NA,NOF,0.0,528,pause,NA,NA,NA,NA,0.0,0,-47.39,-38.51,[],0,0,[],[]
17984560,17985810,NA,FAF,0.0,528,pause,NA,NA,NA,NA,0.0,0,-40.01,-33.75,[],0,0,[],[]
17985810,17987410,NA,NOF,0.0,528,pause,NA,NA,NA,NA,0.0,0,-46.78,-35.62,[],0,0,[],[]
17987410,17988840,NA,MAF,0.0,528,pause,NA,NA,NA,NA,0.0,0,-41.45,-34.67,[],0,0,[],[]
17988840,17990680,NA,FAF,0.0,528,pause,NA,NA,NA,NA,0.0,0,-47.36,-40.75,[],0,0,[],[]
17990680,17991990,NA,MAF,0.0,528,pause,NA,NA,NA,NA,0.0,0,-47.55,-40.54,[],0,0,[],[]
17991990,17992990,NA,FAF,0.0,528,pause,NA,NA,NA,NA,0.0,0,-47.48,-35.56,[],0,0,[],[]
17992990,17993950,NA,TVF,0.0,528,pause,NA,NA,NA,NA,0.0,0,-48.17,-40.69,[],0,0,[],[]
17993950,17995260,NA,SIL,0.0,528,pause,NA,NA,NA,NA,0.0,0,-48.82,-39.43,[],0,0,[],[]
17995260,17997640,NA,NOF,0.0,528,pause,NA,NA,NA,NA,0.0,0,-44.81,-32.81,[],0,0,[],[]
17997640,17998720,NA,FAF,0.0,528,pause,NA,NA,NA,NA,0.0,0,-31.59,-19.52,[],0,0,[],[]
17998720,17999660,NA,OLN,0.0,528,pause,NA,NA,NA,NA,0.0,0,-32.37,-24.05,[],0,0,[],[]
17999660,18001350,NA,FAF,0.0,528,pause,NA,NA,NA,NA,0.0,0,-29.85,-15.67,[],0,0,[],[]
18001350,18003090,MAL,MAN,0.41,528,AMM,EC,0,NT,FI,0.0,0,-35.17,-22.04,[],0,0,[],[]
18003090,18003890,NA,OLF,0.0,529,pause,NA,NA,NA,NA,0.0,0,-45.13,-39.49,[],0,0,[],[]
18003890,18004890,NA,MAF,0.0,529,pause,NA,NA,NA,NA,0.0,0,-42.61,-32.58,[],0,0,[],[]
18004890,18006010,NA,OLF,0.0,529,pause,NA,NA,NA,NA,0.0,0,-42.58,-35.97,[],0,0,[],[]
18006010,18007080,NA,TVF,0.0,529,pause,NA,NA,NA,NA,0.0,0,-43.43,-38.89,[],0,0,[],[]
18007080,18008510,NA,OLF,0.0,529,pause,NA,NA,NA,NA,0.0,0,-37.18,-27.8,[],0,0,[],[]
18008510,18009540,FEM,FAN,0.0,529,pause,NA,NA,NA,NA,0.0,0,-36.01,-28.65,[],1030,0,[],[]
18009540,18010350,NA,OLF,0.0,529,pause,NA,NA,NA,NA,0.0,0,-27.49,-15.92,[],0,0,[],[]
18010350,18011500,MAL,MAN,4.13,529,AMM,EC,0,NT,FI,0.0,0,-38.48,-27.8,[],0,0,[],[]
18011500,18012330,NA,OLF,0.0,530,pause,NA,NA,NA,NA,0.0,0,-41.65,-35.36,[],0,0,[],[]
18012330,18015060,NA,TVF,0.0,530,pause,NA,NA,NA,NA,0.0,0,-42.39,-38.49,[],0,0,[],[]
18015060,18018010,NA,OLN,0.0,530,pause,NA,NA,NA,NA,0.0,0,-34.14,-24.1,[],0,0,[],[]
18018010,18019030,MAL,MAN,0.0,530,pause,NA,NA,NA,NA,0.0,0,-33.8,-29.05,[],1020,0,[],[]
18019030,18025700,NA,OLN,0.0,530,pause,NA,NA,NA,NA,0.0,0,-28.69,-15.44,[],0,0,[],[]
18025700,18026700,NA,TVF,0.0,530,pause,NA,NA,NA,NA,0.0,0,-41.55,-37.54,[],0,0,[],[]
18026700,18029570,NA,OLF,0.0,530,pause,NA,NA,NA,NA,0.0,0,-31.11,-16.01,[],0,0,[],[]
18029570,18030690,NA,TVN,0.0,530,pause,NA,NA,NA,NA,0.0,0,-41.01,-38.6,[],0,0,[],[]
18030690,18031940,NA,OLF,0.0,530,pause,NA,NA,NA,NA,0.0,0,-40.12,-36.88,[],0,0,[],[]
18031940,18032980,NA,NOF,0.0,530,pause,NA,NA,NA,NA,0.0,0,-41.06,-35.3,[],0,0,[],[]
18032980,18034170,NA,MAF,0.0,530,pause,NA,NA,NA,NA,0.0,0,-41.82,-39.85,[],0,0,[],[]
18034170,18035020,NA,NOF,0.0,530,pause,NA,NA,NA,NA,0.0,0,-40.41,-35.28,[],0,0,[],[]
18035020,18035840,NA,OLN,0.0,530,pause,NA,NA,NA,NA,0.0,0,-33.58,-26.58,[],0,0,[],[]
18035840,18036840,MAL,MAN,0.0,530,pause,NA,NA,NA,NA,0.0,0,-36.1,-28.85,[],1000,0,[],[]
18036840,18038090,NA,NOF,0.0,530,pause,NA,NA,NA,NA,0.0,0,-41.47,-34.76,[],0,0,[],[]
18038090,18038890,NA,OLF,0.0,530,pause,NA,NA,NA,NA,0.0,0,-39.84,-34.56,[],0,0,[],[]
18038890,18039910,FEM,FAN,1.26,530,AICF,BC,0,TIFI,FI,0.0,0,-38.05,-32.4,[],0,0,[],[]
18039910,18040920,NA,OLF,0.0,530,AICF,NA,NA,NA,NA,0.0,0,-40.31,-31.93,[],0,0,[],[]
18040920,18041930,NA,FAF,0.0,530,AICF,NA,NA,NA,NA,0.0,0,-43.01,-35.39,[],0,0,[],[]
18041930,18042730,NA,SIL,0.0,530,AICF,NA,NA,NA,NA,0.0,0,-48.51,-41.66,[],0,0,[],[]
18042730,18044410,NA,OLF,0.0,530,AICF,NA,NA,NA,NA,0.0,0,-38.02,-23.04,[],0,0,[],[]
18044410,18045410,CHI,CHN,0.0,530,AICF,RC,1,TIFR,FI,1.0,1000,-15.7,-7.67,"[{'Canonical-syllable': '1', 'Growl': '0', 'High-freq-energy': '0', 'Long-island': '0', 'Low-tilt-spectrum': '0', 'Medium-island': '2', 'Short-island': '0', 'Squeal': '0', 'Typical-entropy': '0', 'Voicing-quality': '2', 'Wide-band': '0', 'Xlong-island': '0', 'seq': '1', 'end': 18045.41, 'start': 18044.41}]",0,0,[],[]
18045410,18046010,CHI,CHN,0.0,530,AICF,RC,1,NT,FH,1.0,440,-17.63,-11.53,"[{'Canonical-syllable': '0', 'Growl': '0', 'High-freq-energy': '0', 'Long-island': '0', 'Low-tilt-spectrum': '0', 'Medium-island': '1', 'Short-island': '0', 'Squeal': '0', 'Typical-entropy': '0', 'Voicing-quality': '1', 'Wide-band': '0', 'Xlong-island': '0', 'seq': '1', 'end': 18045.85, 'start': 18045.41}]",0,0,[],[]
18046010,18047320,NA,NOF,0.0,530,AICF,NA,NA,NA,NA,0.0,0,-48.27,-41.68,[],0,0,[],[]
18047320,18048590,OCH,CXN,0.0,530,AICF,EC,1,NT,FI,0.0,0,-35.47,-28.4,[],0,0,[],[]
18048590,18049650,NA,OLF,0.0,531,pause,NA,NA,NA,NA,0.0,0,-38.0,-27.38,[],0,0,[],[]
18049650,18050460,NA,SIL,0.0,531,pause,NA,NA,NA,NA,0.0,0,-49.3,-45.07,[],0,0,[],[]
18050460,18051270,NA,MAF,0.0,531,pause,NA,NA,NA,NA,0.0,0,-49.4,-44.67,[],0,0,[],[]
18051270,18053060,NA,FAF,0.0,531,pause,NA,NA,NA,NA,0.0,0,-40.8,-31.72,[],0,0,[],[]
18053060,18053890,NA,NOF,0.0,531,pause,NA,NA,NA,NA,0.0,0,-37.08,-25.46,[],0,0,[],[]
18053890,18054750,NA,OLN,0.0,531,pause,NA,NA,NA,NA,0.0,0,-35.86,-24.62,[],0,0,[],[]
18054750,18061000,NA,NOF,0.0,531,pause,NA,NA,NA,NA,0.0,0,-38.22,-20.98,[],0,0,[],[]
18061000,18061600,NA,CHF,0.0,531,pause,NA,NA,NA,NA,0.0,0,-35.52,-24.55,[],0,600,[],"[{'start': 18061.0, 'end': 18061.6}]"
18061600,18063030,NA,OLN,0.0,531,pause,NA,NA,NA,NA,0.0,0,-30.91,-23.47,[],0,0,[],[]
18063030,18064690,NA,MAF,0.0,531,pause,NA,NA,NA,NA,0.0,0,-28.99,-10.02,[],0,0,[],[]
18064690,18065690,FEM,FAN,6.62,531,AIOCF,BC,0,NT,FI,0.0,0,-26.59,-14.83,[],0,0,[],[]
18065690,18066700,NA,OLN,0.0,531,AIOCF,NA,NA,NA,NA,0.0,0,-32.75,-24.71,[],0,0,[],[]
18066700,18067710,FEM,FAN,2.05,531,AIOCF,RC,0,NT,FH,0.0,0,-31.69,-24.52,[],0,0,[],[]
18067710,18068750,NA,OLN,0.0,531,AIOCF,NA,NA,NA,NA,0.0,0,-28.23,-22.46,[],0,0,[],[]
18068750,18069710,OCH,CXN,0.0,531,AIOCF,RC,0,NT,FI,0.0,0,-27.02,-20.47,[],0,0,[],[]
18069710,18070540,NA,OLF,0.0,531,AIOCF,NA,NA,NA,NA,0.0,0,-41.22,-32.84,[],0,0,[],[]
18070540,18071770,OCH,CXN,0.0,531,AIOCF,RC,0,NT,FH,0.0,0,-30.42,-18.6,[],0,0,[],[]
18071770,18073140,OCH,CXN,0.0,531,AIOCF,RC,0,NT,FH,0.0,0,-29.1,-19.88,[],0,0,[],[]
18073140,18074000,NA,OLN,0.0,531,AIOCF,NA,NA,NA,NA,0.0,0,-29.15,-21.23,[],0,0,[],[]
18074000,18074980,OCH,CXN,0.0,531,AIOCF,RC,0,NT,FH,0.0,0,-29.86,-23.85,[],0,0,[],[]
18074980,18076040,OCH,CXN,0.0,531,AIOCF,EC,0,NT,FH,0.0,0,-33.84,-24.87,[],0,0,[],[]
18076040,18076840,NA,OLF,0.0,532,pause,NA,NA,NA,NA,0.0,0,-40.17,-32.07,[],0,0,[],[]
18076840,18078590,NA,NOF,0.0,532,pause,NA,NA,NA,NA,0.0,0,-36.53,-19.48,[],0,0,[],[]
18078590,18080010,NA,TVF,0.0,532,pause,NA,NA,NA,NA,0.0,0,-33.75,-23.72,[],0,0,[],[]
18080010,18082640,NA,NOF,0.0,532,pause,NA,NA,NA,NA,0.0,0,-38.97,-23.98,[],0,0,[],[]
18082640,18086600,NA,OLF,0.0,532,pause,NA,NA,NA,NA,0.0,0,-31.99,-15.53,[],0,0,[],[]
18086600,18087520,NA,NOF,0.0,532,pause,NA,NA,NA,NA,0.0,0,-42.48,-36.04,[],0,0,[],[]
18087520,18091960,NA,OLF,0.0,532,pause,NA,NA,NA,NA,0.0,0,-39.78,-25.44,[],0,0,[],[]
18091960,18093660,NA,NOF,0.0,532,pause,NA,NA,NA,NA,0.0,0,-42.89,-37.85,[],0,0,[],[]
18093660,18097920,NA,OLF,0.0,532,pause,NA,NA,NA,NA,0.0,0,-35.93,-25.33,[],0,0,[],[]
18097920,18099130,NA,FAF,0.0,532,pause,NA,NA,NA,NA,0.0,0,-43.53,-34.44,[],0,0,[],[]
18099130,18100150,OCH,CXN,0.0,532,XIOCA,BC,0,NT,FI,0.0,0,-28.04,-18.41,[],0,0,[],[]
18100150,18101080,NA,OLN,0.0,532,XIOCA,NA,NA,NA,NA,0.0,0,-31.05,-22.67,[],0,0,[],[]
18101080,18101880,NA,SIL,0.0,532,XIOCA,NA,NA,NA,NA,0.0,0,-48.54,-37.66,[],0,0,[],[]
18101880,18103790,FEM,FAN,9.1,532,XIOCA,RC,0,NT,FI,0.0,0,-37.3,-27.72,[],0,0,[],[]
18103790,18104620,OCH,CXN,0.0,532,XIOCA,RC,0,NT,FI,0.0,0,-39.42,-28.09,[],0,0,[],[]
18104620,18105500,NA,OLN,0.0,532,XIOCA,NA,NA,NA,NA,0.0,0,-34.41,-22.91,[],0,0,[],[]
18105500,18106430,NA,NOF,0.0,532,XIOCA,NA,NA,NA,NA,0.0,0,-25.43,-9.58,[],0,0,[],[]
18106430,18108010,FEM,FAN,7.69,532,XIOCA,RC,0,NT,FI,0.0,0,-33.08,-20.62,[],0,0,[],[]
18108010,18108810,OCH,CXN,0.0,532,XIOCA,RC,0,NT,FI,0.0,0,-35.8,-26.31,[],0,0,[],[]
18108810,18110420,MAL,MAN,8.21,532,XIOCA,RC,0,NT,FI,0.0,0,-33.18,-23.15,[],0,0,[],[]
18110420,18111270,OCH,CXN,0.0,532,XIOCA,RC,0,NT,FI,0.0,0,-24.52,-19.03,[],0,0,[],[]
18111270,18112140,NA,OLN,0.0,532,XIOCA,NA,NA,NA,NA,0.0,0,-29.24,-19.07,[],0,0,[],[]
18112140,18113420,OCH,CXN,0.0,532,XIOCA,RC,0,NT,FH,0.0,0,-27.66,-19.82,[],0,0,[],[]
18113420,18114640,NA,FAF,0.0,532,XIOCA,NA,NA,NA,NA,0.0,0,-39.64,-29.32,[],0,0,[],[]
18114640,18115450,NA,OLN,0.0,532,XIOCA,NA,NA,NA,NA,0.0,0,-29.15,-17.45,[],0,0,[],[]
18115450,18117080,NA,OLF,0.0,532,XIOCA,NA,NA,NA,NA,0.0,0,-32.88,-16.91,[],0,0,[],[]
18117080,18117880,OCH,CXN,0.0,532,XIOCA,EC,0,NT,FH,0.0,0,-32.63,-25.33,[],0,0,[],[]
18117880,18118890,NA,OLF,0.0,533,pause,NA,NA,NA,NA,0.0,0,-43.6,-37.17,[],0,0,[],[]
18118890,18126570,NA,NOF,0.0,533,pause,NA,NA,NA,NA,0.0,0,-44.41,-27.09,[],0,0,[],[]
18126570,18129920,NA,OLF,0.0,533,pause,NA,NA,NA,NA,0.0,0,-39.51,-26.8,[],0,0,[],[]
18129920,18132350,MAL,MAN,7.37,533,AMM,BC,0,NT,FI,0.0,0,-32.32,-23.31,[],0,0,[],[]
18132350,18133150,NA,NOF,0.0,533,AMM,NA,NA,NA,NA,0.0,0,-45.95,-36.27,[],0,0,[],[]
18133150,18134230,NA,SIL,0.0,533,AMM,NA,NA,NA,NA,0.0,0,-50.86,-37.66,[],0,0,[],[]
18134230,18135230,NA,FAF,0.0,533,AMM,NA,NA,NA,NA,0.0,0,-39.31,-34.04,[],0,0,[],[]
18135230,18136030,NA,SIL,0.0,533,AMM,NA,NA,NA,NA,0.0,0,-51.44,-44.12,[],0,0,[],[]
18136030,18136830,NA,CXF,0.0,533,AMM,NA,NA,NA,NA,0.0,0,-47.24,-40.6,[],0,0,[],[]
18136830,18137830,MAL,MAN,6.57,533,AMM,RC,0,NT,FH,0.0,0,-35.37,-27.12,[],0,0,[],[]
18137830,18140170,NA,OLF,0.0,533,AMM,NA,NA,NA,NA,0.0,0,-38.31,-26.9,[],0,0,[],[]
18140170,18141180,MAL,MAN,0.0,533,AMM,NA,NA,NA,NA,0.0,0,-39.49,-32.34,[],1010,0,[],[]
18141180,18142590,NA,SIL,0.0,533,AMM,NA,NA,NA,NA,0.0,0,-48.67,-41.64,[],0,0,[],[]
18142590,18143840,MAL,MAN,4.15,533,AMM,EC,0,NT,FH,0.0,0,-30.64,-22.14,[],0,0,[],[]
18143840,18145140,NA,FAF,0.0,534,pause,NA,NA,NA,NA,0.0,0,-37.15,-24.77,[],0,0,[],[]
18145140,18147940,NA,OLF,0.0,534,pause,NA,NA,NA,NA,0.0,0,-42.33,-28.29,[],0,0,[],[]
18147940,18148850,NA,SIL,0.0,534,pause,NA,NA,NA,NA,0.0,0,-43.73,-33.63,[],0,0,[],[]
18148850,18151870,NA,NOF,0.0,534,pause,NA,NA,NA,NA,0.0,0,-43.44,-28.03,[],0,0,[],[]
18151870,18152910,NA,OLF,0.0,534,pause,NA,NA,NA,NA,0.0,0,-20.29,-6.8,[],0,0,[],[]
18152910,18153710,NA,NOF,0.0,534,pause,NA,NA,NA,NA,0.0,0,-42.79,-33.09,[],0,0,[],[]
18153710,18154520,NA,OLF,0.0,534,pause,NA,NA,NA,NA,0.0,0,-44.79,-32.85,[],0,0,[],[]
18154520,18157220,NA,NOF,0.0,534,pause,NA,NA,NA,NA,0.0,0,-36.56,-25.63,[],0,0,[],[]
18157220,18158520,NA,MAF,0.0,534,pause,NA,NA,NA,NA,0.0,0,-46.21,-39.25,[],0,0,[],[]
18158520,18161830,NA,OLF,0.0,534,pause,NA,NA,NA,NA,0.0,0,-25.02,-12.38,[],0,0,[],[]
18161830,18163390,NA,NOF,0.0,534,pause,NA,NA,NA,NA,0.0,0,-38.42,-26.1,[],0,0,[],[]
18163390,18164430,NA,OLN,0.0,534,pause,NA,NA,NA,NA,0.0,0,-19.23,-5.45,[],0,0,[],[]
18164430,18165030,CHI,CHN,0.0,534,pause,NA,NA,NA,NA,0.0,0,-14.29,-9.42,[],0,600,"[{'start': 18164.43, 'end': 18165.03}]",[]
18165030,18166690,OCH,CXN,0.0,534,XIC,BC,0,NT,FI,0.0,0,-21.85,-17.19,[],0,0,[],[]
18166690,18167580,NA,OLN,0.0,534,XIC,NA,NA,NA,NA,0.0,0,-22.9,-16.47,[],0,0,[],[]
18167580,18168680,OCH,CXN,0.0,534,XIC,RC,0,NT,FH,0.0,0,-18.84,-13.5,[],0,0,[],[]
18168680,18170010,FEM,FAN,8.35,534,XIC,RC,0,NT,FI,0.0,0,-30.44,-22.1,[],0,0,[],[]
18170010,18170840,NA,OLN,0.0,534,XIC,NA,NA,NA,NA,0.0,0,-25.37,-19.31,[],0,0,[],[]
18170840,18171640,OCH,CXN,0.0,534,XIC,RC,0,NT,FI,0.0,0,-25.79,-20.07,[],0,0,[],[]
18171640,18173640,FEM,FAN,5.53,534,XIC,RC,0,TIFI,FI,0.0,0,-22.83,-9.3,[],0,0,[],[]
18173640,18174760,NA,NOF,0.0,534,XIC,NA,NA,NA,NA,0.0,0,-44.2,-30.21,[],0,0,[],[]
18174760,18175620,NA,OLN,0.0,534,XIC,NA,NA,NA,NA,0.0,0,-32.69,-24.71,[],0,0,[],[]
18175620,18176300,CHI,CHN,0.0,534,XIC,RC,1,TIFR,FI,1.0,680,-16.2,-10.72,"[{'Canonical-syllable': '0', 'Growl': '0', 'High-freq-energy': '0', 'Long-island': '1', 'Low-tilt-spectrum': '1', 'Medium-island': '0', 'Short-island': '0', 'Squeal': '0', 'Typical-entropy': '1', 'Voicing-quality': '1', 'Wide-band': '0', 'Xlong-island': '0', 'seq': '1', 'end': 18176.3, 'start': 18175.62}]",0,0,[],[]
18176300,18177310,NA,TVF,0.0,534,XIC,NA,NA,NA,NA,0.0,0,-42.92,-36.96,[],0,0,[],[]
18177310,18178430,CHI,CHN,0.0,534,XIC,RC,1,NT,FH,1.0,580,-20.26,-12.95,"[{'Canonical-syllable': '0', 'Growl': '0', 'High-freq-energy': '0', 'Long-island': '0', 'Low-tilt-spectrum': '0', 'Medium-island': '1', 'Short-island': '0', 'Squeal': '0', 'Typical-entropy': '0', 'Voicing-quality': '1', 'Wide-band': '0', 'Xlong-island': '0', 'seq': '1', 'end': 18178.43, 'start': 18177.85}]",0,0,[],[]
18178430,18179640,OCH,CXN,0.0,534,XIC,RC,1,NT,FI,0.0,0,-24.47,-12.11,[],0,0,[],[]
18179640,18180660,NA,OLF,0.0,534,XIC,NA,NA,NA,NA,0.0,0,-40.22,-27.98,[],0,0,[],[]
18180660,18181260,CHI,CHN,0.0,534,XIC,RC,1,NT,FI,1.0,600,-19.93,-13.8,"[{'Canonical-syllable': '1', 'Growl': '0', 'High-freq-energy': '0', 'Long-island': '0', 'Low-tilt-spectrum': '0', 'Medium-island': '1', 'Short-island': '0', 'Squeal': '1', 'Typical-entropy': '1', 'Voicing-quality': '2', 'Wide-band': '0', 'Xlong-island': '0', 'seq': '1', 'end': 18181.26, 'start': 18180.66}]",0,0,[],[]
18181260,18182060,NA,OLN,0.0,534,XIC,NA,NA,NA,NA,0.0,0,-32.26,-21.11,[],0,0,[],[]
18182060,18183060,NA,TVF,0.0,534,XIC,NA,NA,NA,NA,0.0,0,-39.87,-33.59,[],0,0,[],[]
18183060,18184330,NA,OLN,0.0,534,XIC,NA,NA,NA,NA,0.0,0,-20.82,-7.79,[],0,0,[],[]
18184330,18184950,OCH,CXN,0.0,534,XIC,EC,1,NT,FI,0.0,0,-23.61,-11.09,[],0,0,[],[]
18184950,18188280,NA,NOF,0.0,535,pause,NA,NA,NA,NA,0.0,0,-41.56,-23.74,[],0,0,[],[]
18188280,18189080,NA,OLF,0.0,535,pause,NA,NA,NA,NA,0.0,0,-43.03,-32.12,[],0,0,[],[]
18189080,18190110,NA,NOF,0.0,535,pause,NA,NA,NA,NA,0.0,0,-41.04,-30.41,[],0,0,[],[]
18190110,18191110,NA,TVF,0.0,535,pause,NA,NA,NA,NA,0.0,0,-46.73,-37.24,[],0,0,[],[]
18191110,18192940,NA,MAF,0.0,535,pause,NA,NA,NA,NA,0.0,0,-43.42,-31.77,[],0,0,[],[]
18192940,18195370,NA,OLF,0.0,535,pause,NA,NA,NA,NA,0.0,0,-36.54,-28.43,[],0,0,[],[]
18195370,18196410,NA,TVF,0.0,535,pause,NA,NA,NA,NA,0.0,0,-43.46,-36.91,[],0,0,[],[]
18196410,18197210,NA,OLF,0.0,535,pause,NA,NA,NA,NA,0.0,0,-42.22,-33.33,[],0,0,[],[]
18197210,18199020,MAL,MAN,8.43,535,AMM,EC,0,NT,FI,0.0,0,-35.27,-22.77,[],0,0,[],[]
18199020,18199830,NA,OLF,0.0,536,pause,NA,NA,NA,NA,0.0,0,-36.24,-28.12,[],0,0,[],[]
18199830,18200630,NA,NOF,0.0,536,pause,NA,NA,NA,NA,0.0,0,-46.45,-40.48,[],0,0,[],[]
18200630,18202100,NA,MAF,0.0,536,pause,NA,NA,NA,NA,0.0,0,-40.43,-32.87,[],0,0,[],[]
18202100,18203160,NA,NOF,0.0,536,pause,NA,NA,NA,NA,0.0,0,-38.59,-29.08,[],0,0,[],[]
18203160,18204150,NA,OLF,0.0,536,pause,NA,NA,NA,NA,0.0,0,-35.78,-25.96,[],0,0,[],[]
18204150,18205200,MAL,MAN,7.47,536,AMM,EC,0,NT,FI,0.0,0,-43.26,-35.35,[],0,0,[],[]
18205200,18206200,NA,TVF,0.0,537,pause,NA,NA,NA,NA,0.0,0,-39.87,-27.78,[],0,0,[],[]
18206200,18207000,NA,TVF,0.0,537,pause,NA,NA,NA,NA,0.0,0,-28.64,-19.31,[],0,0,[],[]
18207000,18208960,NA,NOF,0.0,537,pause,NA,NA,NA,NA,0.0,0,-46.72,-39.02,[],0,0,[],[]
18208960,18210060,FEM,FAN,0.0,537,pause,NA,NA,NA,NA,0.0,0,-36.62,-27.52,[],1100,0,[],[]
18210060,18211050,NA,OLN,0.0,537,pause,NA,NA,NA,NA,0.0,0,-29.35,-17.8,[],0,0,[],[]
18211050,18213020,NA,NON,0.0,537,pause,NA,NA,NA,NA,0.0,0,-30.75,-16.35,[],0,0,[],[]
18213020,18214380,NA,OLN,0.0,537,pause,NA,NA,NA,NA,0.0,0,-35.27,-26.02,[],0,0,[],[]
18214380,18215330,NA,NOF,0.0,537,pause,NA,NA,NA,NA,0.0,0,-39.15,-28.12,[],0,0,[],[]
18215330,18216130,NA,OLF,0.0,537,pause,NA,NA,NA,NA,0.0,0,-38.5,-30.75,[],0,0,[],[]
18216130,18218740,NA,NOF,0.0,537,pause,NA,NA,NA,NA,0.0,0,-39.72,-24.55,[],0,0,[],[]
18218740,18220720,NA,OLN,0.0,537,pause,NA,NA,NA,NA,0.0,0,-33.14,-17.47,[],0,0,[],[]
18220720,18221910,NA,NOF,0.0,537,pause,NA,NA,NA,NA,0.0,0,-41.16,-26.66,[],0,0,[],[]
18221910,18222710,NA,OLF,0.0,537,pause,NA,NA,NA,NA,0.0,0,-39.18,-31.63,[],0,0,[],[]
18222710,18224070,NA,NOF,0.0,537,pause,NA,NA,NA,NA,0.0,0,-45.56,-37.76,[],0,0,[],[]
18224070,18225730,NA,SIL,0.0,537,pause,NA,NA,NA,NA,0.0,0,-49.92,-44.63,[],0,0,[],[]
18225730,18226660,NA,MAF,0.0,537,pause,NA,NA,NA,NA,0.0,0,-49.43,-45.04,[],0,0,[],[]
18226660,18227460,NA,SIL,0.0,537,pause,NA,NA,NA,NA,0.0,0,-48.94,-42.41,[],0,0,[],[]
18227460,18228260,NA,MAF,0.0,537,pause,NA,NA,NA,NA,0.0,0,-46.6,-38.77,[],0,0,[],[]
18228260,18229360,NA,SIL,0.0,537,pause,NA,NA,NA,NA,0.0,0,-47.51,-38.51,[],0,0,[],[]
18229360,18230580,NA,OLF,0.0,537,pause,NA,NA,NA,NA,0.0,0,-37.99,-26.74,[],0,0,[],[]
18230580,18231560,NA,SIL,0.0,537,pause,NA,NA,NA,NA,0.0,0,-50.41,-45.54,[],0,0,[],[]
18231560,18232840,NA,TVF,0.0,537,pause,NA,NA,NA,NA,0.0,0,-43.01,-29.23,[],0,0,[],[]
18232840,18233660,NA,NOF,0.0,537,pause,NA,NA,NA,NA,0.0,0,-42.23,-33.22,[],0,0,[],[]
18233660,18236120,NA,TVF,0.0,537,pause,NA,NA,NA,NA,0.0,0,-40.97,-26.73,[],0,0,[],[]
18236120,18237080,NA,SIL,0.0,537,pause,NA,NA,NA,NA,0.0,0,-48.97,-42.58,[],0,0,[],[]
18237080,18239340,NA,NOF,0.0,537,pause,NA,NA,NA,NA,0.0,0,-48.07,-41.12,[],0,0,[],[]
18239340,18240140,NA,OLN,0.0,537,pause,NA,NA,NA,NA,0.0,0,-32.38,-20.26,[],0,0,[],[]
18240140,18246230,NA,NOF,0.0,537,pause,NA,NA,NA,NA,0.0,0,-43.67,-25.74,[],0,0,[],[]
18246230,18249590,NA,TVF,0.0,537,pause,NA,NA,NA,NA,0.0,0,-46.62,-30.89,[],0,0,[],[]
18249590,18250640,NA,OLF,0.0,537,pause,NA,NA,NA,NA,0.0,0,-29.4,-17.42,[],0,0,[],[]
18250640,18253560,NA,NOF,0.0,537,pause,NA,NA,NA,NA,0.0,0,-39.13,-22.96,[],0,0,[],[]
18253560,18254560,NA,TVF,0.0,537,pause,NA,NA,NA,NA,0.0,0,-45.71,-33.8,[],0,0,[],[]
18254560,18255510,NA,NOF,0.0,537,pause,NA,NA,NA,NA,0.0,0,-32.01,-12.38,[],0,0,[],[]
18255510,18256370,NA,TVN,0.0,537,pause,NA,NA,NA,NA,0.0,0,-28.45,-14.07,[],0,0,[],[]
18256370,18257190,NA,NON,0.0,537,pause,NA,NA,NA,NA,0.0,0,-27.31,-12.77,[],0,0,[],[]
18257190,18258190,FEM,FAN,0.0,537,pause,NA,NA,NA,NA,0.0,0,-36.91,-27.38,[],1000,0,[],[]
18258190,18258950,CHI,CHN,0.0,537,pause,NA,NA,NA,NA,0.0,0,-19.52,-4.36,[],0,130,[],"[{'start': 18258.19, 'end': 18258.32}]"
18258950,18260140,NA,SIL,0.0,537,pause,NA,NA,NA,NA,0.0,0,-48.88,-40.43,[],0,0,[],[]
18260140,18261300,NA,NOF,0.0,537,pause,NA,NA,NA,NA,0.0,0,-38.31,-26.48,[],0,0,[],[]
18261300,18262260,NA,SIL,0.0,537,pause,NA,NA,NA,NA,0.0,0,-48.0,-40.67,[],0,0,[],[]
18262260,18263640,NA,MAF,0.0,537,pause,NA,NA,NA,NA,0.0,0,-45.99,-32.96,[],0,0,[],[]
18263640,18264650,NA,NOF,0.0,537,pause,NA,NA,NA,NA,0.0,0,-47.47,-36.8,[],0,0,[],[]
18264650,18265450,NA,SIL,0.0,537,pause,NA,NA,NA,NA,0.0,0,-50.18,-45.33,[],0,0,[],[]
18265450,18267520,NA,NOF,0.0,537,pause,NA,NA,NA,NA,0.0,0,-46.86,-36.66,[],0,0,[],[]
18267520,18269210,NA,TVF,0.0,537,pause,NA,NA,NA,NA,0.0,0,-44.97,-38.71,[],0,0,[],[]
18269210,18270390,NA,OLN,0.0,537,pause,NA,NA,NA,NA,0.0,0,-31.03,-16.04,[],0,0,[],[]
18270390,18271660,NA,FAF,0.0,537,pause,NA,NA,NA,NA,0.0,0,-42.59,-25.79,[],0,0,[],[]
18271660,18272470,NA,OLF,0.0,537,pause,NA,NA,NA,NA,0.0,0,-40.59,-26.22,[],0,0,[],[]
18272470,18275260,NA,TVF,0.0,537,pause,NA,NA,NA,NA,0.0,0,-48.35,-42.06,[],0,0,[],[]
18275260,18276790,NA,TVF,0.0,537,pause,NA,NA,NA,NA,0.0,0,-49.02,-42.76,[],0,0,[],[]
18276790,18277620,NA,NOF,0.0,537,pause,NA,NA,NA,NA,0.0,0,-43.45,-34.91,[],0,0,[],[]
18277620,18279380,NA,SIL,0.0,537,pause,NA,NA,NA,NA,0.0,0,-48.01,-31.68,[],0,0,[],[]
18279380,18280210,NA,OLF,0.0,537,pause,NA,NA,NA,NA,0.0,0,-46.92,-37.05,[],0,0,[],[]
18280210,18281280,NA,SIL,0.0,537,pause,NA,NA,NA,NA,0.0,0,-48.63,-40.29,[],0,0,[],[]
18281280,18282190,NA,NOF,0.0,537,pause,NA,NA,NA,NA,0.0,0,-47.46,-42.09,[],0,0,[],[]
18282190,18283280,NA,SIL,0.0,537,pause,NA,NA,NA,NA,0.0,0,-48.71,-42.75,[],0,0,[],[]
18283280,18284080,NA,OLF,0.0,537,pause,NA,NA,NA,NA,0.0,0,-46.61,-40.41,[],0,0,[],[]
18284080,18284880,NA,SIL,0.0,537,pause,NA,NA,NA,NA,0.0,0,-48.47,-43.32,[],0,0,[],[]
18284880,18285730,NA,MAF,0.0,537,pause,NA,NA,NA,NA,0.0,0,-38.06,-20.65,[],0,0,[],[]
18285730,18286580,NA,SIL,0.0,537,pause,NA,NA,NA,NA,0.0,0,-51.76,-48.02,[],0,0,[],[]
18286580,18287670,NA,OLF,0.0,537,pause,NA,NA,NA,NA,0.0,0,-44.38,-37.32,[],0,0,[],[]
18287670,18288670,NA,SIL,0.0,537,pause,NA,NA,NA,NA,0.0,0,-50.97,-43.3,[],0,0,[],[]
18288670,18291610,NA,NOF,0.0,537,pause,NA,NA,NA,NA,0.0,0,-47.33,-37.96,[],0,0,[],[]
18291610,18292610,NA,SIL,0.0,537,pause,NA,NA,NA,NA,0.0,0,-51.69,-48.12,[],0,0,[],[]
18292610,18293440,NA,NOF,0.0,537,pause,NA,NA,NA,NA,0.0,0,-50.46,-46.71,[],0,0,[],[]
18293440,18294520,NA,SIL,0.0,537,pause,NA,NA,NA,NA,0.0,0,-50.64,-45.9,[],0,0,[],[]
18294520,18295320,NA,CXF,0.0,537,pause,NA,NA,NA,NA,0.0,0,-46.43,-41.03,[],0,0,[],[]
18295320,18296660,NA,TVF,0.0,537,pause,NA,NA,NA,NA,0.0,0,-49.96,-44.21,[],0,0,[],[]
18296660,18297670,NA,NOF,0.0,537,pause,NA,NA,NA,NA,0.0,0,-48.3,-41.71,[],0,0,[],[]
18297670,18298470,NA,CXF,0.0,537,pause,NA,NA,NA,NA,0.0,0,-48.51,-44.33,[],0,0,[],[]
18298470,18301400,NA,NOF,0.0,537,pause,NA,NA,NA,NA,0.0,0,-46.25,-35.24,[],0,0,[],[]
18301400,18303880,NA,SIL,0.0,537,pause,NA,NA,NA,NA,0.0,0,-50.96,-43.06,[],0,0,[],[]
18303880,18308630,NA,NOF,0.0,537,pause,NA,NA,NA,NA,0.0,0,-46.95,-40.69,[],0,0,[],[]
18308630,18309960,NA,SIL,0.0,537,pause,NA,NA,NA,NA,0.0,0,-50.36,-46.0,[],0,0,[],[]
18309960,18311360,NA,TVF,0.0,537,pause,NA,NA,NA,NA,0.0,0,-46.95,-40.37,[],0,0,[],[]
18311360,18312390,NA,TVF,0.0,537,pause,NA,NA,NA,NA,0.0,0,-47.13,-35.5,[],0,0,[],[]
18312390,18314200,NA,SIL,0.0,537,pause,NA,NA,NA,NA,0.0,0,-50.9,-45.71,[],0,0,[],[]
18314200,18315440,NA,FAF,0.0,537,pause,NA,NA,NA,NA,0.0,0,-47.83,-41.4,[],0,0,[],[]
18315440,18323280,NA,SIL,0.0,537,pause,NA,NA,NA,NA,0.0,0,-53.23,-35.49,[],0,0,[],[]
18323280,18324560,NA,NOF,0.0,537,pause,NA,NA,NA,NA,0.0,0,-51.47,-41.78,[],0,0,[],[]
18324560,18325560,NA,TVF,0.0,537,pause,NA,NA,NA,NA,0.0,0,-53.01,-45.76,[],0,0,[],[]
18325560,18330350,NA,SIL,0.0,537,pause,NA,NA,NA,NA,0.0,0,-53.92,-44.29,[],0,0,[],[]
18330350,18331560,NA,CXF,0.0,537,pause,NA,NA,NA,NA,0.0,0,-44.68,-30.4,[],0,0,[],[]
18331560,18332800,CHI,CHN,0.0,537,CM,EC,0,NT,FI,1.0,1110,-19.16,-6.55,"[{'Canonical-syllable': '1', 'Growl': '0', 'High-freq-energy': '0', 'Long-island': '0', 'Low-tilt-spectrum': '0', 'Medium-island': '1', 'Short-island': '0', 'Squeal': '0', 'Typical-entropy': '1', 'Voicing-quality': '4', 'Wide-band': '0', 'Xlong-island': '0', 'seq': '1', 'end': 18332.67, 'start': 18331.69}]",0,0,[],[]
18332800,18334080,NA,SIL,0.0,538,pause,NA,NA,NA,NA,0.0,0,-52.07,-42.8,[],0,0,[],[]
18334080,18334680,FEM,FAN,0.0,538,pause,NA,NA,NA,NA,0.0,0,-29.62,-22.55,[],600,0,[],[]
18334680,18335760,NA,SIL,0.0,538,pause,NA,NA,NA,NA,0.0,0,-47.98,-42.47,[],0,0,[],[]
18335760,18340430,NA,NOF,0.0,538,pause,NA,NA,NA,NA,0.0,0,-36.64,-21.58,[],0,0,[],[]
18340430,18341250,NA,SIL,0.0,538,pause,NA,NA,NA,NA,0.0,0,-46.81,-38.97,[],0,0,[],[]
18341250,18342050,NA,NOF,0.0,538,pause,NA,NA,NA,NA,0.0,0,-35.79,-23.94,[],0,0,[],[]
18342050,18343360,OCH,CXN,0.0,538,XM,EC,0,NT,FI,0.0,0,-37.08,-28.24,[],0,0,[],[]
18343360,18344190,NA,CXF,0.0,539,pause,NA,NA,NA,NA,0.0,0,-40.82,-33.59,[],0,0,[],[]
18344190,18345350,NA,FAF,0.0,539,pause,NA,NA,NA,NA,0.0,0,-49.0,-42.28,[],0,0,[],[]
18345350,18346350,NA,MAF,0.0,539,pause,NA,NA,NA,NA,0.0,0,-47.04,-39.26,[],0,0,[],[]
18346350,18348200,NA,FAF,0.0,539,pause,NA,NA,NA,NA,0.0,0,-40.93,-27.4,[],0,0,[],[]
18348200,18351210,NA,MAF,0.0,539,pause,NA,NA,NA,NA,0.0,0,-46.79,-37.69,[],0,0,[],[]
18351210,18351810,CHI,CHN,0.0,539,CM,EC,0,NT,FI,1.0,600,-36.56,-29.64,"[{'Canonical-syllable': '0', 'Growl': '1', 'High-freq-energy': '0', 'Long-island': '0', 'Low-tilt-spectrum': '1', 'Medium-island': '1', 'Short-island': '0', 'Squeal': '0', 'Typical-entropy': '1', 'Voicing-quality': '1', 'Wide-band': '0', 'Xlong-island': '0', 'seq': '1', 'end': 18351.81, 'start': 18351.21}]",0,0,[],[]
18351810,18355270,NA,NOF,0.0,540,pause,NA,NA,NA,NA,0.0,0,-29.87,-11.36,[],0,0,[],[]
18355270,18356140,NA,SIL,0.0,540,pause,NA,NA,NA,NA,0.0,0,-49.84,-44.56,[],0,0,[],[]
18356140,18357290,NA,NOF,0.0,540,pause,NA,NA,NA,NA,0.0,0,-33.51,-18.14,[],0,0,[],[]
18357290,18358020,NA,OLF,0.0,540,pause,NA,NA,NA,NA,0.0,0,-27.16,-16.74,[],0,0,[],[]
18358020,18359650,NA,NOF,0.0,540,pause,NA,NA,NA,NA,0.0,0,-45.64,-31.35,[],0,0,[],[]
18359650,18360450,NA,SIL,0.0,540,pause,NA,NA,NA,NA,0.0,0,-54.05,-49.44,[],0,0,[],[]
18360450,18365190,NA,NOF,0.0,540,pause,NA,NA,NA,NA,0.0,0,-38.87,-28.16,[],0,0,[],[]
18365190,18365990,NA,OLF,0.0,540,pause,NA,NA,NA,NA,0.0,0,-33.69,-23.16,[],0,0,[],[]
18365990,18367970,NA,NOF,0.0,540,pause,NA,NA,NA,NA,0.0,0,-26.83,-14.07,[],0,0,[],[]
18367970,18369990,NA,SIL,0.0,540,pause,NA,NA,NA,NA,0.0,0,-50.2,-39.77,[],0,0,[],[]
18369990,18374460,NA,OLF,0.0,540,pause,NA,NA,NA,NA,0.0,0,-38.24,-19.62,[],0,0,[],[]
18374460,18375670,NA,SIL,0.0,540,pause,NA,NA,NA,NA,0.0,0,-48.23,-43.0,[],0,0,[],[]
18375670,18377130,NA,OLF,0.0,540,pause,NA,NA,NA,NA,0.0,0,-45.33,-32.22,[],0,0,[],[]
18377130,18377930,NA,SIL,0.0,540,pause,NA,NA,NA,NA,0.0,0,-47.91,-34.63,[],0,0,[],[]
18377930,18379170,NA,OLF,0.0,540,pause,NA,NA,NA,NA,0.0,0,-41.16,-25.64,[],0,0,[],[]
18379170,18380020,NA,SIL,0.0,540,pause,NA,NA,NA,NA,0.0,0,-48.99,-43.67,[],0,0,[],[]
18380020,18381190,NA,NOF,0.0,540,pause,NA,NA,NA,NA,0.0,0,-33.82,-19.72,[],0,0,[],[]
18381190,18383450,NA,OLF,0.0,540,pause,NA,NA,NA,NA,0.0,0,-25.32,-10.57,[],0,0,[],[]
18383450,18384260,NA,NOF,0.0,540,pause,NA,NA,NA,NA,0.0,0,-33.84,-22.79,[],0,0,[],[]
18384260,18386280,NA,OLF,0.0,540,pause,NA,NA,NA,NA,0.0,0,-25.2,-15.52,[],0,0,[],[]
18386280,18387320,OCH,CXN,0.0,540,XIOCC,BC,0,NT,FI,0.0,0,-18.65,-9.36,[],0,0,[],[]
18387320,18388490,NA,OLN,0.0,540,XIOCC,NA,NA,NA,NA,0.0,0,-28.38,-13.26,[],0,0,[],[]
18388490,18389580,OCH,CXN,0.0,540,XIOCC,RC,0,NT,FH,0.0,0,-20.63,-13.62,[],0,0,[],[]
18389580,18390180,CHI,CHN,0.0,540,XIOCC,RC,0,NT,FI,1.0,430,-20.09,-14.48,"[{'Canonical-syllable': '0', 'Growl': '0', 'High-freq-energy': '0', 'Long-island': '0', 'Low-tilt-spectrum': '0', 'Medium-island': '1', 'Short-island': '0', 'Squeal': '0', 'Typical-entropy': '0', 'Voicing-quality': '1', 'Wide-band': '0', 'Xlong-island': '0', 'seq': '1', 'end': 18390.01, 'start': 18389.58}]",0,0,[],[]
18390180,18391860,NA,OLN,0.0,540,XIOCC,NA,NA,NA,NA,0.0,0,-33.45,-23.93,[],0,0,[],[]
18391860,18392720,NA,NOF,0.0,540,XIOCC,NA,NA,NA,NA,0.0,0,-44.46,-39.18,[],0,0,[],[]
18392720,18393730,OCH,CXN,0.0,540,XIOCC,RC,0,NT,FI,0.0,0,-15.63,-8.24,[],0,0,[],[]
18393730,18395140,OCH,CXN,0.0,540,XIOCC,RC,0,NT,FH,0.0,0,-18.27,-11.01,[],0,0,[],[]
18395140,18396390,NA,TVF,0.0,540,XIOCC,NA,NA,NA,NA,0.0,0,-39.64,-27.12,[],0,0,[],[]
18396390,18396990,CHI,CHN,0.0,540,XIOCC,RC,0,NT,FI,1.0,600,-15.82,-8.82,"[{'Canonical-syllable': '0', 'Growl': '0', 'High-freq-energy': '1', 'Long-island': '0', 'Low-tilt-spectrum': '1', 'Medium-island': '1', 'Short-island': '0', 'Squeal': '0', 'Typical-entropy': '1', 'Voicing-quality': '1', 'Wide-band': '0', 'Xlong-island': '0', 'seq': '1', 'end': 18396.99, 'start': 18396.58}]",0,0,[],[]
18396990,18398860,OCH,CXN,0.0,540,XIOCC,RC,0,NT,FI,0.0,0,-18.83,-11.63,[],0,0,[],[]
18398860,18400550,NA,NOF,0.0,540,XIOCC,NA,NA,NA,NA,0.0,0,-29.23,-17.56,[],0,0,[],[]
18400550,18401410,CHI,CHN,0.0,540,XIOCC,RC,0,NT,FI,1.0,860,-18.3,-9.26,"[{'Canonical-syllable': '0', 'Growl': '1', 'High-freq-energy': '0', 'Long-island': '0', 'Low-tilt-spectrum': '0', 'Medium-island': '0', 'Short-island': '3', 'Squeal': '0', 'Typical-entropy': '0', 'Voicing-quality': '3', 'Wide-band': '0', 'Xlong-island': '0', 'seq': '1', 'end': 18401.41, 'start': 18400.55}]",0,0,[],[]
18401410,18402270,OCH,CXN,0.0,540,XIOCC,RC,0,NT,FI,0.0,0,-19.77,-13.3,[],0,0,[],[]
18402270,18403620,NA,NOF,0.0,540,XIOCC,NA,NA,NA,NA,0.0,0,-43.14,-33.26,[],0,0,[],[]
18403620,18404230,CHI,CHN,0.0,540,XIOCC,RC,0,NT,FI,1.0,200,-17.53,-10.02,"[{'Canonical-syllable': '1', 'Growl': '0', 'High-freq-energy': '0', 'Long-island': '0', 'Low-tilt-spectrum': '1', 'Medium-island': '0', 'Short-island': '1', 'Squeal': '0', 'Typical-entropy': '1', 'Voicing-quality': '1', 'Wide-band': '0', 'Xlong-island': '0', 'seq': '1', 'end': 18404.23, 'start': 18404.03}]",0,0,[],[]
18404230,18405430,CHI,CHN,0.0,540,XIOCC,RC,0,NT,FH,1.0,1070,-17.37,-11.27,"[{'Canonical-syllable': '0', 'Growl': '0', 'High-freq-energy': '0', 'Long-island': '1', 'Low-tilt-spectrum': '1', 'Medium-island': '1', 'Short-island': '0', 'Squeal': '0', 'Typical-entropy': '0', 'Voicing-quality': '2', 'Wide-band': '0', 'Xlong-island': '0', 'seq': '1', 'end': 18405.3, 'start': 18404.23}]",0,0,[],[]
18405430,18406030,CHI,CHN,0.0,540,XIOCC,RC,0,NT,FH,1.0,600,-17.99,-14.47,"[{'Canonical-syllable': '0', 'Growl': '0', 'High-freq-energy': '0', 'Long-island': '0', 'Low-tilt-spectrum': '0', 'Medium-island': '1', 'Short-island': '0', 'Squeal': '0', 'Typical-entropy': '1', 'Voicing-quality': '1', 'Wide-band': '0', 'Xlong-island': '0', 'seq': '1', 'end': 18406.03, 'start': 18405.43}]",0,0,[],[]
18406030,18406990,OCH,CXN,0.0,540,XIOCC,RC,0,NT,FI,0.0,0,-27.1,-19.87,[],0,0,[],[]
18406990,18407640,OCH,CXN,0.0,540,XIOCC,RC,0,NT,FH,0.0,0,-17.92,-11.61,[],0,0,[],[]
18407640,18408650,CHI,CHN,0.0,540,XIOCC,RC,0,NT,FI,2.0,410,-25.03,-14.06,"[{'Canonical-syllable': '0', 'Growl': '1', 'High-freq-energy': '0', 'Long-island': '0', 'Low-tilt-spectrum': '0', 'Medium-island': '0', 'Short-island': '1', 'Squeal': '0', 'Typical-entropy': '1', 'Voicing-quality': '1', 'Wide-band': '0', 'Xlong-island': '0', 'seq': '1', 'end': 18407.76, 'start': 18407.64}, {'Canonical-syllable': '0', 'Growl': '0', 'High-freq-energy': '0', 'Long-island': '0', 'Low-tilt-spectrum': '1', 'Medium-island': '0', 'Short-island': '0', 'Squeal': '0', 'Typical-entropy': '1', 'Voicing-quality': '2', 'Wide-band': '0', 'Xlong-island': '0', 'seq': '2', 'end': 18408.65, 'start': 18408.36}]",0,0,[],[]
18408650,18409450,CHI,CHN,0.0,540,XIOCC,RC,0,NT,FH,1.0,530,-19.26,-12.9,"[{'Canonical-syllable': '0', 'Growl': '0', 'High-freq-energy': '0', 'Long-island': '0', 'Low-tilt-spectrum': '0', 'Medium-island': '1', 'Short-island': '0', 'Squeal': '0', 'Typical-entropy': '0', 'Voicing-quality': '1', 'Wide-band': '0', 'Xlong-island': '0', 'seq': '1', 'end': 18409.18, 'start': 18408.65}]",0,0,[],[]
18409450,18411020,NA,SIL,0.0,540,XIOCC,NA,NA,NA,NA,0.0,0,-52.82,-44.49,[],0,0,[],[]
18411020,18411880,NA,NOF,0.0,540,XIOCC,NA,NA,NA,NA,0.0,0,-49.91,-39.61,[],0,0,[],[]
18411880,18413710,OCH,CXN,0.0,540,XIOCC,RC,0,NT,FI,0.0,0,-33.58,-25.48,[],0,0,[],[]
18413710,18414610,NA,OLN,0.0,540,XIOCC,NA,NA,NA,NA,0.0,0,-35.34,-22.36,[],0,0,[],[]
18414610,18416210,NA,NOF,0.0,540,XIOCC,NA,NA,NA,NA,0.0,0,-42.77,-30.28,[],0,0,[],[]
18416210,18416810,CHI,CHN,0.0,540,XIOCC,RC,0,NT,FI,1.0,530,-17.96,-11.9,"[{'Canonical-syllable': '0', 'Growl': '0', 'High-freq-energy': '0', 'Long-island': '0', 'Low-tilt-spectrum': '0', 'Medium-island': '1', 'Short-island': '0', 'Squeal': '0', 'Typical-entropy': '1', 'Voicing-quality': '1', 'Wide-band': '0', 'Xlong-island': '0', 'seq': '1', 'end': 18416.74, 'start': 18416.21}]",0,0,[],[]
18416810,18417840,NA,NOF,0.0,540,XIOCC,NA,NA,NA,NA,0.0,0,-33.71,-16.55,[],0,0,[],[]
18417840,18418640,NA,SIL,0.0,540,XIOCC,NA,NA,NA,NA,0.0,0,-51.8,-46.29,[],0,0,[],[]
18418640,18419820,OCH,CXN,0.0,540,XIOCC,EC,0,NT,FI,0.0,0,-30.13,-22.22,[],0,0,[],[]
18419820,18420820,NA,MAF,0.0,541,pause,NA,NA,NA,NA,0.0,0,-42.76,-31.06,[],0,0,[],[]
18420820,18431430,NA,NOF,0.0,541,pause,NA,NA,NA,NA,0.0,0,-26.15,-4.12,[],0,0,[],[]
18431430,18432360,OCH,CXN,0.0,541,XIOCC,BC,0,NT,FI,0.0,0,-29.82,-18.9,[],0,0,[],[]
18432360,18434700,NA,NOF,0.0,541,XIOCC,NA,NA,NA,NA,0.0,0,-22.32,-3.32,[],0,0,[],[]
18434700,18435750,CHI,CHN,0.0,541,XIOCC,RC,0,NT,FI,1.0,1050,-16.0,-10.9,"[{'Canonical-syllable': '0', 'Growl': '0', 'High-freq-energy': '0', 'Long-island': '1', 'Low-tilt-spectrum': '1', 'Medium-island': '0', 'Short-island': '0', 'Squeal': '0', 'Typical-entropy': '1', 'Voicing-quality': '2', 'Wide-band': '0', 'Xlong-island': '0', 'seq': '1', 'end': 18435.75, 'start': 18434.7}]",0,0,[],[]
18435750,18436420,OCH,CXN,0.0,541,XIOCC,EC,0,NT,FI,0.0,0,-23.8,-17.27,[],0,0,[],[]
18436420,18437500,NA,OLN,0.0,542,pause,NA,NA,NA,NA,0.0,0,-35.45,-27.56,[],0,0,[],[]
18437500,18440630,NA,NOF,0.0,542,pause,NA,NA,NA,NA,0.0,0,-21.9,-2.07,[],0,0,[],[]
18440630,18441470,NA,OLN,0.0,542,pause,NA,NA,NA,NA,0.0,0,-18.7,-7.54,[],0,0,[],[]
18441470,18442410,NA,NOF,0.0,542,pause,NA,NA,NA,NA,0.0,0,-38.78,-26.35,[],0,0,[],[]
18442410,18443730,NA,OLF,0.0,542,pause,NA,NA,NA,NA,0.0,0,-41.73,-30.09,[],0,0,[],[]
18443730,18444760,CHI,CHN,0.0,542,CIOCX,BC,0,NT,FI,1.0,1030,-15.41,-9.92,"[{'Canonical-syllable': '0', 'Growl': '0', 'High-freq-energy': '0', 'Long-island': '0', 'Low-tilt-spectrum': '0', 'Medium-island': '0', 'Short-island': '0', 'Squeal': '0', 'Typical-entropy': '0', 'Voicing-quality': '1', 'Wide-band': '0', 'Xlong-island': '1', 'seq': '1', 'end': 18444.76, 'start': 18443.73}]",0,0,[],[]
18444760,18445570,NA,OLF,0.0,542,CIOCX,NA,NA,NA,NA,0.0,0,-44.71,-35.63,[],0,0,[],[]
18445570,18446430,NA,SIL,0.0,542,CIOCX,NA,NA,NA,NA,0.0,0,-50.1,-44.85,[],0,0,[],[]
18446430,18447420,CHI,CHN,0.0,542,CIOCX,RC,0,NT,FH,1.0,770,-15.76,-9.53,"[{'Canonical-syllable': '0', 'Growl': '0', 'High-freq-energy': '0', 'Long-island': '1', 'Low-tilt-spectrum': '1', 'Medium-island': '0', 'Short-island': '0', 'Squeal': '0', 'Typical-entropy': '1', 'Voicing-quality': '1', 'Wide-band': '0', 'Xlong-island': '0', 'seq': '1', 'end': 18447.2, 'start': 18446.43}]",0,0,[],[]
18447420,18449060,NA,NOF,0.0,542,CIOCX,NA,NA,NA,NA,0.0,0,-49.2,-41.98,[],0,0,[],[]
18449060,18449860,OCH,CXN,0.0,542,CIOCX,RC,0,NT,FI,0.0,0,-18.41,-9.84,[],0,0,[],[]
18449860,18451580,CHI,CHN,0.0,542,CIOCX,RC,0,NT,FI,2.0,1340,-20.48,-13.04,"[{'Canonical-syllable': '0', 'Growl': '0', 'High-freq-energy': '0', 'Long-island': '0', 'Low-tilt-spectrum': '2', 'Medium-island': '1', 'Short-island': '1', 'Squeal': '0', 'Typical-entropy': '2', 'Voicing-quality': '2', 'Wide-band': '0', 'Xlong-island': '0', 'seq': '1', 'end': 18450.6, 'start': 18449.86}, {'Canonical-syllable': '0', 'Growl': '0', 'High-freq-energy': '0', 'Long-island': '0', 'Low-tilt-spectrum': '0', 'Medium-island': '0', 'Short-island': '2', 'Squeal': '0', 'Typical-entropy': '1', 'Voicing-quality': '2', 'Wide-band': '0', 'Xlong-island': '0', 'seq': '2', 'end': 18451.58, 'start': 18450.98}]",0,0,[],[]
18451580,18452820,OCH,CXN,0.0,542,CIOCX,RC,0,NT,FI,0.0,0,-15.95,-9.28,[],0,0,[],[]
18452820,18453780,NA,NOF,0.0,542,CIOCX,NA,NA,NA,NA,0.0,0,-18.73,-9.6,[],0,0,[],[]
18453780,18454730,NA,OLN,0.0,542,CIOCX,NA,NA,NA,NA,0.0,0,-29.5,-13.45,[],0,0,[],[]
18454730,18455860,NA,NOF,0.0,542,CIOCX,NA,NA,NA,NA,0.0,0,-23.26,-5.46,[],0,0,[],[]
18455860,18456810,CHI,CHN,0.0,542,CIOCX,RC,0,NT,FI,1.0,950,-8.78,-2.56,"[{'Canonical-syllable': '0', 'Growl': '0', 'High-freq-energy': '0', 'Long-island': '1', 'Low-tilt-spectrum': '1', 'Medium-island': '0', 'Short-island': '0', 'Squeal': '0', 'Typical-entropy': '1', 'Voicing-quality': '1', 'Wide-band': '0', 'Xlong-island': '0', 'seq': '1', 'end': 18456.81, 'start': 18455.86}]",0,0,[],[]
18456810,18458500,NA,OLN,0.0,542,CIOCX,NA,NA,NA,NA,0.0,0,-18.72,-4.21,[],0,0,[],[]
18458500,18459690,CHI,CHN,0.0,542,CIOCX,EC,0,NT,FH,1.0,1190,-12.84,-3.97,"[{'Canonical-syllable': '0', 'Growl': '0', 'High-freq-energy': '0', 'Long-island': '1', 'Low-tilt-spectrum': '3', 'Medium-island': '0', 'Short-island': '2', 'Squeal': '0', 'Typical-entropy': '3', 'Voicing-quality': '3', 'Wide-band': '0', 'Xlong-island': '0', 'seq': '1', 'end': 18459.69, 'start': 18458.5}]",0,0,[],[]
18459690,18461040,NA,OLF,0.0,543,pause,NA,NA,NA,NA,0.0,0,-21.84,-4.94,[],0,0,[],[]
18461040,18464770,NA,NOF,0.0,543,pause,NA,NA,NA,NA,0.0,0,-21.04,-0.38,[],0,0,[],[]
18464770,18467380,NA,TVF,0.0,543,pause,NA,NA,NA,NA,0.0,0,-41.04,-37.38,[],0,0,[],[]
18467380,18468340,NA,CXF,0.0,543,pause,NA,NA,NA,NA,0.0,0,-42.19,-39.28,[],0,0,[],[]
18468340,18469530,NA,NOF,0.0,543,pause,NA,NA,NA,NA,0.0,0,-36.11,-22.81,[],0,0,[],[]
18469530,18470330,NA,OLF,0.0,543,pause,NA,NA,NA,NA,0.0,0,-42.86,-36.0,[],0,0,[],[]
18470330,18471410,NA,MAF,0.0,543,pause,NA,NA,NA,NA,0.0,0,-42.17,-30.27,[],0,0,[],[]
18471410,18472340,NA,OLF,0.0,543,pause,NA,NA,NA,NA,0.0,0,-35.87,-23.02,[],0,0,[],[]
18472340,18473360,NA,NOF,0.0,543,pause,NA,NA,NA,NA,0.0,0,-38.41,-27.12,[],0,0,[],[]
18473360,18474160,NA,OLF,0.0,543,pause,NA,NA,NA,NA,0.0,0,-36.36,-25.63,[],0,0,[],[]
18474160,18475140,NA,NOF,0.0,543,pause,NA,NA,NA,NA,0.0,0,-46.43,-36.22,[],0,0,[],[]
18475140,18475950,NA,OLF,0.0,543,pause,NA,NA,NA,NA,0.0,0,-34.28,-22.75,[],0,0,[],[]
18475950,18476760,NA,NOF,0.0,543,pause,NA,NA,NA,NA,0.0,0,-42.84,-33.99,[],0,0,[],[]
18476760,18477560,NA,SIL,0.0,543,pause,NA,NA,NA,NA,0.0,0,-50.84,-45.58,[],0,0,[],[]
18477560,18478770,NA,NOF,0.0,543,pause,NA,NA,NA,NA,0.0,0,-34.05,-20.97,[],0,0,[],[]
18478770,18480720,NA,OLN,0.0,543,pause,NA,NA,NA,NA,0.0,0,-23.85,-8.29,[],0,0,[],[]
18480720,18481520,OCH,CXN,0.0,543,XIOCC,BC,0,NT,FI,0.0,0,-30.02,-22.22,[],0,0,[],[]
18481520,18482490,NA,OLN,0.0,543,XIOCC,NA,NA,NA,NA,0.0,0,-28.3,-23.73,[],0,0,[],[]
18482490,18483120,NA,CHF,0.0,543,XIOCC,EC,0,NT,FI,1.0,630,-38.64,-34.26,"[{'Canonical-syllable': '0', 'Growl': '1', 'High-freq-energy': '1', 'Long-island': '0', 'Low-tilt-spectrum': '1', 'Medium-island': '1', 'Short-island': '0', 'Squeal': '0', 'Typical-entropy': '1', 'Voicing-quality': '1', 'Wide-band': '0', 'Xlong-island': '0', 'seq': '1', 'end': 18483.12, 'start': 18482.49}]",0,0,[],[]
18483120,18486680,NA,NOF,0.0,544,pause,NA,NA,NA,NA,0.0,0,-25.61,-5.56,[],0,0,[],[]
18486680,18487850,NA,MAF,0.0,544,pause,NA,NA,NA,NA,0.0,0,-42.42,-32.89,[],0,0,[],[]
18487850,18490560,NA,NOF,0.0,544,pause,NA,NA,NA,NA,0.0,0,-43.73,-29.67,[],0,0,[],[]
18490560,18491570,MAL,MAN,3.88,544,AMM,EC,0,NT,FI,0.0,0,-34.62,-27.81,[],0,0,[],[]
18491570,18492370,NA,NOF,0.0,545,pause,NA,NA,NA,NA,0.0,0,-44.74,-39.1,[],0,0,[],[]
18492370,18493750,NA,MAF,0.0,545,pause,NA,NA,NA,NA,0.0,0,-46.66,-36.16,[],0,0,[],[]
18493750,18494750,NA,TVF,0.0,545,pause,NA,NA,NA,NA,0.0,0,-46.9,-39.2,[],0,0,[],[]
18494750,18496930,NA,NOF,0.0,545,pause,NA,NA,NA,NA,0.0,0,-39.96,-18.05,[],0,0,[],[]
18496930,18498320,NA,TVF,0.0,545,pause,NA,NA,NA,NA,0.0,0,-50.89,-42.9,[],0,0,[],[]
18498320,18499730,FEM,FAN,0.79,545,AMF,EC,0,NT,FI,0.0,0,-32.23,-23.18,[],0,0,[],[]
18499730,18501110,NA,NOF,0.0,546,pause,NA,NA,NA,NA,0.0,0,-35.33,-24.81,[],0,0,[],[]
18501110,18502600,NA,TVF,0.0,546,pause,NA,NA,NA,NA,0.0,0,-48.17,-39.03,[],0,0,[],[]
18502600,18504370,NA,NOF,0.0,546,pause,NA,NA,NA,NA,0.0,0,-42.44,-30.17,[],0,0,[],[]
18504370,18505260,NA,OLN,0.0,546,pause,NA,NA,NA,NA,0.0,0,-17.84,-4.66,[],0,0,[],[]
18505260,18506340,NA,NOF,0.0,546,pause,NA,NA,NA,NA,0.0,0,-40.1,-30.48,[],0,0,[],[]
18506340,18507140,NA,SIL,0.0,546,pause,NA,NA,NA,NA,0.0,0,-45.06,-31.48,[],0,0,[],[]
18507140,18508750,NA,NOF,0.0,546,pause,NA,NA,NA,NA,0.0,0,-39.03,-25.94,[],0,0,[],[]
18508750,18509560,NA,OLN,0.0,546,pause,NA,NA,NA,NA,0.0,0,-24.22,-8.01,[],0,0,[],[]
18509560,18510790,NA,OLF,0.0,546,pause,NA,NA,NA,NA,0.0,0,-40.03,-30.91,[],0,0,[],[]
18510790,18511830,NA,FAF,0.0,546,pause,NA,NA,NA,NA,0.0,0,-36.94,-26.91,[],0,0,[],[]
18511830,18512640,NA,OLF,0.0,546,pause,NA,NA,NA,NA,0.0,0,-42.05,-32.79,[],0,0,[],[]
18512640,18513450,NA,OLN,0.0,546,pause,NA,NA,NA,NA,0.0,0,-21.53,-12.51,[],0,0,[],[]
18513450,18514510,OCH,CXN,0.0,546,XM,BC,0,NT,FI,0.0,0,-18.14,-11.69,[],0,0,[],[]
18514510,18515340,OCH,CXN,0.0,546,XM,RC,0,NT,FH,0.0,0,-27.13,-19.05,[],0,0,[],[]
18515340,18516490,NA,TVN,0.0,546,XM,NA,NA,NA,NA,0.0,0,-39.09,-30.33,[],0,0,[],[]
18516490,18517550,OCH,CXN,0.0,546,XM,RC,0,NT,FH,0.0,0,-28.03,-21.12,[],0,0,[],[]
18517550,18518440,NA,OLF,0.0,546,XM,NA,NA,NA,NA,0.0,0,-33.36,-23.54,[],0,0,[],[]
18518440,18520290,OCH,CXN,0.0,546,XM,RC,0,NT,FH,0.0,0,-28.29,-22.22,[],0,0,[],[]
18520290,18522410,NA,OLF,0.0,546,XM,NA,NA,NA,NA,0.0,0,-39.23,-29.62,[],0,0,[],[]
18522410,18523250,OCH,CXN,0.0,546,XM,RC,0,NT,FH,0.0,0,-17.1,-9.4,[],0,0,[],[]
18523250,18524280,OCH,CXN,0.0,546,XM,EC,0,NT,FH,0.0,0,-23.46,-18.48,[],0,0,[],[]
18524280,18525160,NA,TVF,0.0,547,pause,NA,NA,NA,NA,0.0,0,-45.71,-42.48,[],0,0,[],[]
18525160,18526030,NA,TVF,0.0,547,pause,NA,NA,NA,NA,0.0,0,-44.22,-38.55,[],0,0,[],[]
18526030,18526980,NA,NOF,0.0,547,pause,NA,NA,NA,NA,0.0,0,-44.09,-40.21,[],0,0,[],[]
18526980,18527780,NA,OLN,0.0,547,pause,NA,NA,NA,NA,0.0,0,-31.52,-22.73,[],0,0,[],[]
18527780,18529470,NA,NOF,0.0,547,pause,NA,NA,NA,NA,0.0,0,-45.45,-34.85,[],0,0,[],[]
18529470,18530370,OCH,CXN,0.0,547,XIOCA,BC,0,NT,FI,0.0,0,-16.38,-10.14,[],0,0,[],[]
18530370,18531170,OCH,CXN,0.0,547,XIOCA,RC,0,NT,FH,0.0,0,-22.13,-12.04,[],0,0,[],[]
18531170,18531980,NA,OLN,0.0,547,XIOCA,NA,NA,NA,NA,0.0,0,-34.74,-28.51,[],0,0,[],[]
18531980,18534070,FEM,FAN,10.32,547,XIOCA,EC,0,NT,FI,0.0,0,-35.74,-27.42,[],0,0,[],[]
18534070,18535960,NA,NOF,0.0,548,pause,NA,NA,NA,NA,0.0,0,-45.56,-39.18,[],0,0,[],[]
18535960,18536960,NA,TVF,0.0,548,pause,NA,NA,NA,NA,0.0,0,-40.89,-27.99,[],0,0,[],[]
18536960,18537770,NA,NOF,0.0,548,pause,NA,NA,NA,NA,0.0,0,-44.77,-40.48,[],0,0,[],[]
18537770,18538930,NA,MAF,0.0,548,pause,NA,NA,NA,NA,0.0,0,-45.28,-40.39,[],0,0,[],[]
18538930,18543200,NA,NOF,0.0,548,pause,NA,NA,NA,NA,0.0,0,-45.25,-35.03,[],0,0,[],[]
18543200,18544390,MAL,MAN,6.08,548,AMM,EC,0,NT,FI,0.0,0,-34.91,-27.14,[],0,0,[],[]
18544390,18545320,NA,OLN,0.0,549,pause,NA,NA,NA,NA,0.0,0,-21.59,-4.91,[],0,0,[],[]
18545320,18546390,NA,NOF,0.0,549,pause,NA,NA,NA,NA,0.0,0,-39.62,-31.02,[],0,0,[],[]
18546390,18551340,NA,OLN,0.0,549,pause,NA,NA,NA,NA,0.0,0,-34.97,-20.18,[],0,0,[],[]
18551340,18552260,NA,NOF,0.0,549,pause,NA,NA,NA,NA,0.0,0,-42.27,-33.53,[],0,0,[],[]
18552260,18553270,NA,MAF,0.0,549,pause,NA,NA,NA,NA,0.0,0,-45.45,-40.74,[],0,0,[],[]
18553270,18554850,NA,NOF,0.0,549,pause,NA,NA,NA,NA,0.0,0,-24.85,-8.84,[],0,0,[],[]
18554850,18555850,NA,MAF,0.0,549,pause,NA,NA,NA,NA,0.0,0,-39.49,-30.89,[],0,0,[],[]
18555850,18556650,NA,NOF,0.0,549,pause,NA,NA,NA,NA,0.0,0,-35.33,-24.06,[],0,0,[],[]
18556650,18559310,NA,OLF,0.0,549,pause,NA,NA,NA,NA,0.0,0,-36.39,-20.38,[],0,0,[],[]
18559310,18560210,NA,NOF,0.0,549,pause,NA,NA,NA,NA,0.0,0,-44.32,-39.23,[],0,0,[],[]
18560210,18561480,NA,OLF,0.0,549,pause,NA,NA,NA,NA,0.0,0,-18.86,-4.88,[],0,0,[],[]
18561480,18562730,NA,OLN,0.0,549,pause,NA,NA,NA,NA,0.0,0,-33.21,-25.5,[],0,0,[],[]
18562730,18564370,NA,OLF,0.0,549,pause,NA,NA,NA,NA,0.0,0,-35.24,-27.67,[],0,0,[],[]
18564370,18565370,MAL,MAN,6.37,549,AICM,BC,0,NT,FI,0.0,0,-34.18,-24.11,[],0,0,[],[]
18565370,18567590,NA,OLN,0.0,549,AICM,NA,NA,NA,NA,0.0,0,-36.45,-25.06,[],0,0,[],[]
18567590,18568600,MAL,MAN,2.22,549,AICM,RC,0,NT,FH,0.0,0,-36.71,-27.39,[],0,0,[],[]
18568600,18570050,NA,OLN,0.0,549,AICM,NA,NA,NA,NA,0.0,0,-35.88,-24.74,[],0,0,[],[]
18570050,18571880,NA,NOF,0.0,549,AICM,NA,NA,NA,NA,0.0,0,-31.76,-18.76,[],0,0,[],[]
18571880,18572960,MAL,MAN,4.94,549,AICM,RC,0,NT,FH,0.0,0,-31.17,-23.98,[],0,0,[],[]
18572960,18575950,NA,OLN,0.0,549,AICM,NA,NA,NA,NA,0.0,0,-24.34,-9.38,[],0,0,[],[]
18575950,18576750,NA,NOF,0.0,549,AICM,NA,NA,NA,NA,0.0,0,-44.13,-33.2,[],0,0,[],[]
18576750,18578370,MAL,MAN,6.3,549,AICM,RC,0,NT,FH,0.0,0,-24.11,-13.2,[],0,0,[],[]
18578370,18579970,OCH,CXN,0.0,549,AICM,RC,0,NT,FI,0.0,0,-30.47,-19.15,[],0,0,[],[]
18579970,18581010,MAL,MAN,7.17,549,AICM,RC,0,NT,FI,0.0,0,-31.62,-21.73,[],0,0,[],[]
18581010,18583260,NA,OLF,0.0,549,AICM,NA,NA,NA,NA,0.0,0,-33.02,-21.81,[],0,0,[],[]
18583260,18584070,OCH,CXN,0.0,549,AICM,RC,0,NT,FI,0.0,0,-25.54,-20.42,[],0,0,[],[]
18584070,18585150,NA,OLN,0.0,549,AICM,NA,NA,NA,NA,0.0,0,-32.38,-26.05,[],0,0,[],[]
18585150,18586150,MAL,MAN,4.45,549,AICM,RC,0,NT,FI,0.0,0,-36.81,-28.17,[],0,0,[],[]
18586150,18587490,NA,OLF,0.0,549,AICM,NA,NA,NA,NA,0.0,0,-40.06,-32.26,[],0,0,[],[]
18587490,18588480,OCH,CXN,0.0,549,AICM,RC,0,NT,FI,0.0,0,-35.63,-26.62,[],0,0,[],[]
18588480,18589300,NA,OLN,0.0,549,AICM,NA,NA,NA,NA,0.0,0,-27.77,-16.94,[],0,0,[],[]
18589300,18590300,MAL,MAN,6.57,549,AICM,RC,0,TIMI,FI,0.0,0,-36.5,-27.81,[],0,0,[],[]
18590300,18591170,NA,OLN,0.0,549,AICM,NA,NA,NA,NA,0.0,0,-35.36,-27.08,[],0,0,[],[]
18591170,18592090,CHI,CHN,0.0,549,AICM,RC,1,TIMR,FI,1.0,920,-14.82,-9.82,"[{'Canonical-syllable': '0', 'Growl': '0', 'High-freq-energy': '1', 'Long-island': '1', 'Low-tilt-spectrum': '1', 'Medium-island': '0', 'Short-island': '0', 'Squeal': '0', 'Typical-entropy': '1', 'Voicing-quality': '1', 'Wide-band': '0', 'Xlong-island': '0', 'seq': '1', 'end': 18592.09, 'start': 18591.17}]",0,0,[],[]
18592090,18593650,OCH,CXN,0.0,549,AICM,RC,1,NT,FI,0.0,0,-16.49,-8.73,[],0,0,[],[]
18593650,18594650,OCH,CXN,0.0,549,AICM,RC,1,NT,FH,0.0,0,-17.46,-10.71,[],0,0,[],[]
18594650,18595660,OCH,CXN,0.0,549,AICM,RC,1,NT,FH,0.0,0,-24.49,-14.39,[],0,0,[],[]
18595660,18596730,OCH,CXN,0.0,549,AICM,RC,1,NT,FH,0.0,0,-17.71,-11.8,[],0,0,[],[]
18596730,18598300,NA,OLN,0.0,549,AICM,NA,NA,NA,NA,0.0,0,-32.03,-21.72,[],0,0,[],[]
18598300,18599290,NA,NOF,0.0,549,AICM,NA,NA,NA,NA,0.0,0,-45.81,-41.34,[],0,0,[],[]
18599290,18600700,NA,OLN,0.0,549,AICM,NA,NA,NA,NA,0.0,0,-24.14,-14.51,[],0,0,[],[]
18600700,18601550,OCH,CXN,0.0,549,AICM,RC,1,NT,FH,0.0,0,-31.33,-24.89,[],0,0,[],[]
18601550,18602350,NA,OLF,0.0,549,AICM,NA,NA,NA,NA,0.0,0,-38.26,-31.29,[],0,0,[],[]
18602350,18603150,NA,SIL,0.0,549,AICM,NA,NA,NA,NA,0.0,0,-48.12,-39.63,[],0,0,[],[]
18603150,18604880,MAL,MAN,9.22,549,AICM,RC,1,NT,FI,0.0,0,-25.89,-16.92,[],0,0,[],[]
18604880,18605710,NA,NOF,0.0,549,AICM,NA,NA,NA,NA,0.0,0,-47.18,-37.9,[],0,0,[],[]
18605710,18606710,MAL,MAN,6.72,549,AICM,RC,1,NT,FH,0.0,0,-26.99,-19.73,[],0,0,[],[]
18606710,18607900,NA,NOF,0.0,549,AICM,NA,NA,NA,NA,0.0,0,-47.05,-38.4,[],0,0,[],[]
18607900,18608900,NA,MAF,0.0,549,AICM,NA,NA,NA,NA,0.0,0,-40.06,-32.35,[],0,0,[],[]
18608900,18609700,NA,OLN,0.0,549,AICM,NA,NA,NA,NA,0.0,0,-35.18,-29.61,[],0,0,[],[]
18609700,18610700,FEM,FAN,4.35,549,AICM,RC,1,NT,FI,0.0,0,-38.66,-30.76,[],0,0,[],[]
18610700,18611500,NA,OLN,0.0,549,AICM,NA,NA,NA,NA,0.0,0,-32.25,-25.81,[],0,0,[],[]
18611500,18612300,OCH,CXN,0.0,549,AICM,RC,1,NT,FI,0.0,0,-33.59,-27.8,[],0,0,[],[]
18612300,18613660,NA,OLN,0.0,549,AICM,NA,NA,NA,NA,0.0,0,-22.15,-5.42,[],0,0,[],[]
18613660,18614660,MAL,MAN,4.74,549,AICM,RC,1,NT,FI,0.0,0,-23.2,-16.45,[],0,0,[],[]
18614660,18615460,NA,OLF,0.0,549,AICM,NA,NA,NA,NA,0.0,0,-36.9,-27.16,[],0,0,[],[]
18615460,18616510,MAL,MAN,5.6,549,AICM,EC,1,NT,FH,0.0,0,-32.43,-23.97,[],0,0,[],[]
18616510,18617360,NA,OLF,0.0,550,pause,NA,NA,NA,NA,0.0,0,-37.52,-27.6,[],0,0,[],[]
18617360,18618910,NA,NOF,0.0,550,pause,NA,NA,NA,NA,0.0,0,-37.76,-25.3,[],0,0,[],[]
18618910,18619950,NA,OLF,0.0,550,pause,NA,NA,NA,NA,0.0,0,-39.72,-35.29,[],0,0,[],[]
18619950,18620910,NA,NOF,0.0,550,pause,NA,NA,NA,NA,0.0,0,-35.63,-21.47,[],0,0,[],[]
18620910,18621850,NA,OLF,0.0,550,pause,NA,NA,NA,NA,0.0,0,-36.29,-26.38,[],0,0,[],[]
18621850,18622800,NA,NON,0.0,550,pause,NA,NA,NA,NA,0.0,0,-36.69,-28.49,[],0,0,[],[]
18622800,18623600,NA,OLF,0.0,550,pause,NA,NA,NA,NA,0.0,0,-40.84,-32.85,[],0,0,[],[]
18623600,18626420,NA,NOF,0.0,550,pause,NA,NA,NA,NA,0.0,0,-27.79,-13.07,[],0,0,[],[]
18626420,18627420,MAL,MAN,3.98,550,AMM,EC,0,NT,FI,0.0,0,-35.35,-28.79,[],0,0,[],[]
18627420,18629160,NA,OLN,0.0,551,pause,NA,NA,NA,NA,0.0,0,-34.0,-17.04,[],0,0,[],[]
18629160,18630920,NA,NOF,0.0,551,pause,NA,NA,NA,NA,0.0,0,-25.06,-6.69,[],0,0,[],[]
18630920,18632110,NA,OLN,0.0,551,pause,NA,NA,NA,NA,0.0,0,-37.04,-27.3,[],0,0,[],[]
18632110,18634170,NA,OLF,0.0,551,pause,NA,NA,NA,NA,0.0,0,-21.51,-11.87,[],0,0,[],[]
18634170,18635760,NA,NOF,0.0,551,pause,NA,NA,NA,NA,0.0,0,-42.26,-27.37,[],0,0,[],[]
18635760,18636780,NA,MAF,0.0,551,pause,NA,NA,NA,NA,0.0,0,-39.69,-30.15,[],0,0,[],[]
18636780,18637650,NA,OLN,0.0,551,pause,NA,NA,NA,NA,0.0,0,-27.94,-12.59,[],0,0,[],[]
18637650,18638700,NA,MAF,0.0,551,pause,NA,NA,NA,NA,0.0,0,-41.92,-32.22,[],0,0,[],[]
18638700,18640460,NA,NOF,0.0,551,pause,NA,NA,NA,NA,0.0,0,-43.62,-32.21,[],0,0,[],[]
18640460,18641260,OCH,CXN,0.0,551,XIOCA,BC,0,NT,FI,0.0,0,-29.99,-21.67,[],0,0,[],[]
18641260,18642160,NA,NOF,0.0,551,XIOCA,NA,NA,NA,NA,0.0,0,-45.67,-39.87,[],0,0,[],[]
18642160,18643390,NA,OLF,0.0,551,XIOCA,NA,NA,NA,NA,0.0,0,-29.67,-19.61,[],0,0,[],[]
18643390,18644490,NA,FAF,0.0,551,XIOCA,NA,NA,NA,NA,0.0,0,-42.93,-30.16,[],0,0,[],[]
18644490,18645420,NA,NOF,0.0,551,XIOCA,NA,NA,NA,NA,0.0,0,-44.92,-31.0,[],0,0,[],[]
18645420,18647590,MAL,MAN,5.92,551,XIOCA,EC,0,NT,FI,0.0,0,-37.26,-24.84,[],0,0,[],[]
18647590,18648700,NA,SIL,0.0,552,pause,NA,NA,NA,NA,0.0,0,-47.93,-40.71,[],0,0,[],[]
18648700,18649680,NA,MAF,0.0,552,pause,NA,NA,NA,NA,0.0,0,-46.52,-40.72,[],0,0,[],[]
18649680,18650660,NA,SIL,0.0,552,pause,NA,NA,NA,NA,0.0,0,-49.02,-41.61,[],0,0,[],[]
18650660,18651900,NA,OLF,0.0,552,pause,NA,NA,NA,NA,0.0,0,-39.99,-28.19,[],0,0,[],[]
18651900,18652900,NA,TVF,0.0,552,pause,NA,NA,NA,NA,0.0,0,-43.72,-37.56,[],0,0,[],[]
18652900,18655060,NA,MAF,0.0,552,pause,NA,NA,NA,NA,0.0,0,-38.47,-27.42,[],0,0,[],[]
18655060,18656070,NA,TVF,0.0,552,pause,NA,NA,NA,NA,0.0,0,-44.74,-39.06,[],0,0,[],[]
18656070,18656870,NA,SIL,0.0,552,pause,NA,NA,NA,NA,0.0,0,-47.13,-39.54,[],0,0,[],[]
18656870,18657670,NA,OLF,0.0,552,pause,NA,NA,NA,NA,0.0,0,-42.72,-37.1,[],0,0,[],[]
18657670,18658470,NA,CXF,0.0,552,pause,NA,NA,NA,NA,0.0,0,-43.82,-36.84,[],0,0,[],[]
18658470,18659760,NA,NOF,0.0,552,pause,NA,NA,NA,NA,0.0,0,-47.1,-38.58,[],0,0,[],[]
18659760,18660760,MAL,MAN,2.13,552,AMM,EC,0,NT,FI,0.0,0,-41.35,-34.26,[],0,0,[],[]
18660760,18661560,NA,OLF,0.0,553,pause,NA,NA,NA,NA,0.0,0,-40.12,-29.28,[],0,0,[],[]
18661560,18662580,NA,TVF,0.0,553,pause,NA,NA,NA,NA,0.0,0,-47.21,-43.28,[],0,0,[],[]
18662580,18663380,NA,OLF,0.0,553,pause,NA,NA,NA,NA,0.0,0,-40.88,-35.24,[],0,0,[],[]
18663380,18665430,NA,TVF,0.0,553,pause,NA,NA,NA,NA,0.0,0,-44.11,-39.22,[],0,0,[],[]
18665430,18666690,NA,MAF,0.0,553,pause,NA,NA,NA,NA,0.0,0,-45.5,-35.5,[],0,0,[],[]
18666690,18667920,NA,SIL,0.0,553,pause,NA,NA,NA,NA,0.0,0,-49.56,-44.1,[],0,0,[],[]
18667920,18668770,NA,MAF,0.0,553,pause,NA,NA,NA,NA,0.0,0,-47.12,-38.82,[],0,0,[],[]
18668770,18669820,NA,SIL,0.0,553,pause,NA,NA,NA,NA,0.0,0,-50.7,-44.6,[],0,0,[],[]
18669820,18670620,NA,NOF,0.0,553,pause,NA,NA,NA,NA,0.0,0,-48.65,-39.38,[],0,0,[],[]
18670620,18672660,NA,SIL,0.0,553,pause,NA,NA,NA,NA,0.0,0,-49.79,-34.92,[],0,0,[],[]
18672660,18673780,NA,NOF,0.0,553,pause,NA,NA,NA,NA,0.0,0,-46.53,-37.37,[],0,0,[],[]
18673780,18675350,NA,SIL,0.0,553,pause,NA,NA,NA,NA,0.0,0,-49.05,-42.91,[],0,0,[],[]
18675350,18677140,NA,NOF,0.0,553,pause,NA,NA,NA,NA,0.0,0,-47.14,-41.18,[],0,0,[],[]
18677140,18680480,NA,SIL,0.0,553,pause,NA,NA,NA,NA,0.0,0,-49.9,-41.71,[],0,0,[],[]
18680480,18681480,NA,TVF,0.0,553,pause,NA,NA,NA,NA,0.0,0,-48.51,-43.17,[],0,0,[],[]
18681480,18682480,NA,FAF,0.0,553,pause,NA,NA,NA,NA,0.0,0,-46.13,-33.46,[],0,0,[],[]
18682480,18683280,NA,NOF,0.0,553,pause,NA,NA,NA,NA,0.0,0,-48.62,-35.06,[],0,0,[],[]
18683280,18684660,NA,MAF,0.0,553,pause,NA,NA,NA,NA,0.0,0,-45.42,-34.05,[],0,0,[],[]
18684660,18685880,NA,OLF,0.0,553,pause,NA,NA,NA,NA,0.0,0,-37.85,-28.69,[],0,0,[],[]
18685880,18686930,NA,NOF,0.0,553,pause,NA,NA,NA,NA,0.0,0,-44.32,-34.5,[],0,0,[],[]
18686930,18688010,NA,MAF,0.0,553,pause,NA,NA,NA,NA,0.0,0,-44.64,-31.61,[],0,0,[],[]
18688010,18689090,NA,NOF,0.0,553,pause,NA,NA,NA,NA,0.0,0,-43.93,-34.93,[],0,0,[],[]
18689090,18690550,FEM,FAN,6.4,553,AMF,BC,0,NT,FI,0.0,0,-26.24,-19.24,[],0,0,[],[]
18690550,18691640,NA,OLN,0.0,553,AMF,NA,NA,NA,NA,0.0,0,-18.49,-5.46,[],0,0,[],[]
18691640,18692760,FEM,FAN,6.2,553,AMF,EC,0,NT,FH,0.0,0,-30.49,-16.06,[],0,0,[],[]
18692760,18696540,NA,OLF,0.0,554,pause,NA,NA,NA,NA,0.0,0,-40.7,-28.44,[],0,0,[],[]
18696540,18698070,NA,MAF,0.0,554,pause,NA,NA,NA,NA,0.0,0,-39.28,-23.13,[],0,0,[],[]
18698070,18699010,NA,OLF,0.0,554,pause,NA,NA,NA,NA,0.0,0,-44.78,-37.29,[],0,0,[],[]
18699010,18701070,MAL,MAN,8.48,554,AMM,EC,0,NT,FI,0.0,0,-36.31,-26.06,[],0,0,[],[]
18701070,18705170,NA,OLF,0.0,555,pause,NA,NA,NA,NA,0.0,0,-34.62,-21.6,[],0,0,[],[]
18705170,18705970,NA,NOF,0.0,555,pause,NA,NA,NA,NA,0.0,0,-44.49,-38.06,[],0,0,[],[]
18705970,18706780,NA,OLF,0.0,555,pause,NA,NA,NA,NA,0.0,0,-37.64,-31.86,[],0,0,[],[]
18706780,18707790,MAL,MAN,0.0,555,pause,NA,NA,NA,NA,0.0,0,-32.66,-22.59,[],1010,0,[],[]
18707790,18708660,NA,OLN,0.0,555,pause,NA,NA,NA,NA,0.0,0,-31.82,-23.81,[],0,0,[],[]
18708660,18709660,MAL,MAN,2.31,555,AMM,EC,0,NT,FI,0.0,0,-36.84,-28.35,[],0,0,[],[]
18709660,18710480,NA,OLF,0.0,556,pause,NA,NA,NA,NA,0.0,0,-33.43,-17.18,[],0,0,[],[]
18710480,18711630,NA,OLN,0.0,556,pause,NA,NA,NA,NA,0.0,0,-27.48,-15.45,[],0,0,[],[]
18711630,18712460,NA,NOF,0.0,556,pause,NA,NA,NA,NA,0.0,0,-39.8,-27.4,[],0,0,[],[]
18712460,18715340,NA,OLN,0.0,556,pause,NA,NA,NA,NA,0.0,0,-33.3,-25.09,[],0,0,[],[]
18715340,18716340,MAL,MAN,0.79,556,AMM,EC,0,NT,FI,0.0,0,-30.98,-21.01,[],0,0,[],[]
18716340,18717180,NA,OLN,0.0,557,pause,NA,NA,NA,NA,0.0,0,-20.87,-5.84,[],0,0,[],[]
18717180,18718110,NA,NOF,0.0,557,pause,NA,NA,NA,NA,0.0,0,-45.38,-38.28,[],0,0,[],[]
18718110,18718910,NA,OLF,0.0,557,pause,NA,NA,NA,NA,0.0,0,-35.37,-25.01,[],0,0,[],[]
18718910,18723920,NA,NOF,0.0,557,pause,NA,NA,NA,NA,0.0,0,-38.48,-24.67,[],0,0,[],[]
18723920,18724790,NA,OLN,0.0,557,pause,NA,NA,NA,NA,0.0,0,-27.59,-21.6,[],0,0,[],[]
18724790,18725670,NA,NON,0.0,557,pause,NA,NA,NA,NA,0.0,0,-23.2,-17.27,[],0,0,[],[]
18725670,18726480,CHI,CHN,0.0,557,pause,NA,NA,NA,NA,0.0,0,-27.07,-22.96,[],0,810,[],"[{'start': 18725.67, 'end': 18726.48}]"
18726480,18727240,CHI,CHN,0.0,557,CIOCX,BC,0,NT,FI,1.0,760,-22.15,-14.55,"[{'Canonical-syllable': '0', 'Growl': '1', 'High-freq-energy': '1', 'Long-island': '1', 'Low-tilt-spectrum': '1', 'Medium-island': '0', 'Short-island': '0', 'Squeal': '0', 'Typical-entropy': '1', 'Voicing-quality': '1', 'Wide-band': '0', 'Xlong-island': '0', 'seq': '1', 'end': 18727.24, 'start': 18726.48}]",0,0,[],[]
18727240,18728040,OCH,CXN,0.0,557,CIOCX,RC,0,NT,FI,0.0,0,-26.44,-24.4,[],0,0,[],[]
18728040,18729070,OCH,CXN,0.0,557,CIOCX,RC,0,NT,FH,0.0,0,-27.57,-25.43,[],0,0,[],[]
18729070,18729950,NA,OLN,0.0,557,CIOCX,NA,NA,NA,NA,0.0,0,-28.9,-25.24,[],0,0,[],[]
18729950,18730550,CHI,CHN,0.0,557,CIOCX,NA,NA,NA,NA,0.0,0,-28.24,-26.01,[],0,600,"[{'start': 18729.95, 'end': 18730.55}]",[]
18730550,18731460,NA,OLN,0.0,557,CIOCX,NA,NA,NA,NA,0.0,0,-30.14,-28.07,[],0,0,[],[]
18731460,18733050,CHI,CHN,0.0,557,CIOCX,RC,0,NT,FI,1.0,1590,-28.47,-22.8,"[{'Canonical-syllable': '0', 'Growl': '0', 'High-freq-energy': '0', 'Long-island': '0', 'Low-tilt-spectrum': '1', 'Medium-island': '0', 'Short-island': '0', 'Squeal': '0', 'Typical-entropy': '1', 'Voicing-quality': '1', 'Wide-band': '0', 'Xlong-island': '1', 'seq': '1', 'end': 18733.05, 'start': 18731.46}]",0,0,[],[]
18733050,18733880,OCH,CXN,0.0,557,CIOCX,RC,0,NT,FI,0.0,0,-24.11,-17.61,[],0,0,[],[]
18733880,18734990,NA,OLN,0.0,557,CIOCX,NA,NA,NA,NA,0.0,0,-27.5,-18.59,[],0,0,[],[]
18734990,18735880,OCH,CXN,0.0,557,CIOCX,EC,0,NT,FH,0.0,0,-28.35,-23.15,[],0,0,[],[]
18735880,18740900,NA,OLN,0.0,558,pause,NA,NA,NA,NA,0.0,0,-29.34,-19.02,[],0,0,[],[]
18740900,18741900,CHI,CHN,0.0,558,CIOCX,BC,0,NT,FI,1.0,1000,-29.86,-27.29,"[{'Canonical-syllable': '0', 'Growl': '0', 'High-freq-energy': '1', 'Long-island': '0', 'Low-tilt-spectrum': '1', 'Medium-island': '0', 'Short-island': '0', 'Squeal': '0', 'Typical-entropy': '1', 'Voicing-quality': '1', 'Wide-band': '0', 'Xlong-island': '1', 'seq': '1', 'end': 18741.9, 'start': 18740.9}]",0,0,[],[]
18741900,18742970,NA,OLN,0.0,558,CIOCX,NA,NA,NA,NA,0.0,0,-28.18,-22.18,[],0,0,[],[]
18742970,18743770,OCH,CXN,0.0,558,CIOCX,RC,0,NT,FI,0.0,0,-24.99,-18.53,[],0,0,[],[]
18743770,18745400,NA,OLF,0.0,558,CIOCX,NA,NA,NA,NA,0.0,0,-25.7,-13.54,[],0,0,[],[]
18745400,18746440,NA,TVF,0.0,558,CIOCX,NA,NA,NA,NA,0.0,0,-39.67,-34.53,[],0,0,[],[]
18746440,18747250,NA,OLF,0.0,558,CIOCX,NA,NA,NA,NA,0.0,0,-37.72,-28.26,[],0,0,[],[]
18747250,18748060,OCH,CXN,0.0,558,CIOCX,EC,0,NT,FH,0.0,0,-39.35,-31.05,[],0,0,[],[]
18748060,18751230,NA,OLF,0.0,559,pause,NA,NA,NA,NA,0.0,0,-37.41,-27.88,[],0,0,[],[]
18751230,18752040,NA,NOF,0.0,559,pause,NA,NA,NA,NA,0.0,0,-42.06,-29.65,[],0,0,[],[]
18752040,18752840,NA,MAF,0.0,559,pause,NA,NA,NA,NA,0.0,0,-36.2,-23.06,[],0,0,[],[]
18752840,18757860,NA,NOF,0.0,559,pause,NA,NA,NA,NA,0.0,0,-37.37,-19.02,[],0,0,[],[]
18757860,18758760,NA,OLN,0.0,559,pause,NA,NA,NA,NA,0.0,0,-27.99,-17.91,[],0,0,[],[]
18758760,18759900,NA,NOF,0.0,559,pause,NA,NA,NA,NA,0.0,0,-37.11,-27.04,[],0,0,[],[]
18759900,18761220,NA,MAF,0.0,559,pause,NA,NA,NA,NA,0.0,0,-43.49,-35.25,[],0,0,[],[]
18761220,18763600,NA,NOF,0.0,559,pause,NA,NA,NA,NA,0.0,0,-42.22,-31.26,[],0,0,[],[]
18763600,18764850,NA,MAF,0.0,559,pause,NA,NA,NA,NA,0.0,0,-33.34,-21.69,[],0,0,[],[]
18764850,18765950,NA,OLN,0.0,559,pause,NA,NA,NA,NA,0.0,0,-35.21,-27.86,[],0,0,[],[]
18765950,18767030,NA,NON,0.0,559,pause,NA,NA,NA,NA,0.0,0,-30.47,-18.84,[],0,0,[],[]
18767030,18767830,NA,OLN,0.0,559,pause,NA,NA,NA,NA,0.0,0,-37.24,-30.52,[],0,0,[],[]
18767830,18771870,NA,NOF,0.0,559,pause,NA,NA,NA,NA,0.0,0,-30.11,-10.22,[],0,0,[],[]
18771870,18772870,NA,TVF,0.0,559,pause,NA,NA,NA,NA,0.0,0,-44.54,-28.86,[],0,0,[],[]
18772870,18774130,NA,NOF,0.0,559,pause,NA,NA,NA,NA,0.0,0,-42.12,-31.39,[],0,0,[],[]
18774130,18775160,NA,TVF,0.0,559,pause,NA,NA,NA,NA,0.0,0,-45.9,-37.63,[],0,0,[],[]
18775160,18776440,NA,OLF,0.0,559,pause,NA,NA,NA,NA,0.0,0,-39.63,-29.29,[],0,0,[],[]
18776440,18777690,NA,MAF,0.0,559,pause,NA,NA,NA,NA,0.0,0,-45.72,-40.31,[],0,0,[],[]
18777690,18780390,NA,NOF,0.0,559,pause,NA,NA,NA,NA,0.0,0,-37.48,-23.16,[],0,0,[],[]
18780390,18782400,NA,OLF,0.0,559,pause,NA,NA,NA,NA,0.0,0,-36.48,-27.48,[],0,0,[],[]
18782400,18784180,NA,NOF,0.0,559,pause,NA,NA,NA,NA,0.0,0,-23.57,-6.05,[],0,0,[],[]
18784180,18785000,NA,OLF,0.0,559,pause,NA,NA,NA,NA,0.0,0,-42.47,-31.23,[],0,0,[],[]
18785000,18786690,NA,MAF,0.0,559,pause,NA,NA,NA,NA,0.0,0,-44.11,-33.42,[],0,0,[],[]
18786690,18789540,NA,OLN,0.0,559,pause,NA,NA,NA,NA,0.0,0,-30.83,-14.27,[],0,0,[],[]
18789540,18793680,NA,NOF,0.0,559,pause,NA,NA,NA,NA,0.0,0,-31.36,-15.23,[],0,0,[],[]
18793680,18794680,NA,FAF,0.0,559,pause,NA,NA,NA,NA,0.0,0,-47.35,-38.77,[],0,0,[],[]
18794680,18798030,NA,NOF,0.0,559,pause,NA,NA,NA,NA,0.0,0,-35.19,-18.48,[],0,0,[],[]
18798030,18801280,NA,OLN,0.0,559,pause,NA,NA,NA,NA,0.0,0,-28.47,-12.25,[],0,0,[],[]
18801280,18802080,NA,NON,0.0,559,pause,NA,NA,NA,NA,0.0,0,-31.22,-26.21,[],0,0,[],[]
18802080,18802900,CHI,CHN,0.0,559,CM,EC,0,NT,FI,1.0,820,-30.09,-23.84,"[{'Canonical-syllable': '0', 'Growl': '0', 'High-freq-energy': '1', 'Long-island': '1', 'Low-tilt-spectrum': '1', 'Medium-island': '0', 'Short-island': '0', 'Squeal': '0', 'Typical-entropy': '1', 'Voicing-quality': '1', 'Wide-band': '0', 'Xlong-island': '0', 'seq': '1', 'end': 18802.9, 'start': 18802.08}]",0,0,[],[]
18802900,18804440,NA,OLN,0.0,560,pause,NA,NA,NA,NA,0.0,0,-31.43,-27.53,[],0,0,[],[]
18804440,18805040,NA,NON,0.0,560,pause,NA,NA,NA,NA,0.0,0,-32.5,-29.22,[],0,0,[],[]
18805040,18806530,NA,OLN,0.0,560,pause,NA,NA,NA,NA,0.0,0,-34.0,-28.01,[],0,0,[],[]
18806530,18807380,NA,NON,0.0,560,pause,NA,NA,NA,NA,0.0,0,-34.77,-29.59,[],0,0,[],[]
18807380,18809100,NA,OLN,0.0,560,pause,NA,NA,NA,NA,0.0,0,-30.72,-15.47,[],0,0,[],[]
18809100,18810100,NA,NON,0.0,560,pause,NA,NA,NA,NA,0.0,0,-28.76,-18.97,[],0,0,[],[]
18810100,18810900,NA,OLN,0.0,560,pause,NA,NA,NA,NA,0.0,0,-34.15,-30.16,[],0,0,[],[]
18810900,18812650,CHI,CHN,0.0,560,CIOCX,BC,0,NT,FI,1.0,1750,-34.05,-26.65,"[{'Canonical-syllable': '0', 'Growl': '0', 'High-freq-energy': '1', 'Long-island': '0', 'Low-tilt-spectrum': '1', 'Medium-island': '0', 'Short-island': '0', 'Squeal': '0', 'Typical-entropy': '1', 'Voicing-quality': '1', 'Wide-band': '0', 'Xlong-island': '1', 'seq': '1', 'end': 18812.65, 'start': 18810.9}]",0,0,[],[]
18812650,18814390,NA,NON,0.0,560,CIOCX,NA,NA,NA,NA,0.0,0,-31.67,-27.31,[],0,0,[],[]
18814390,18815490,OCH,CXN,0.0,560,CIOCX,RC,0,NT,FI,0.0,0,-33.5,-27.41,[],0,0,[],[]
18815490,18816540,NA,OLN,0.0,560,CIOCX,NA,NA,NA,NA,0.0,0,-32.09,-26.96,[],0,0,[],[]
18816540,18817350,OCH,CXN,0.0,560,CIOCX,RC,0,NT,FH,0.0,0,-28.61,-26.1,[],0,0,[],[]
18817350,18820160,NA,OLN,0.0,560,CIOCX,NA,NA,NA,NA,0.0,0,-30.99,-26.56,[],0,0,[],[]
18820160,18821160,OCH,CXN,0.0,560,CIOCX,RC,0,NT,FH,0.0,0,-31.4,-28.87,[],0,0,[],[]
18821160,18822750,NA,OLN,0.0,560,CIOCX,NA,NA,NA,NA,0.0,0,-30.71,-20.67,[],0,0,[],[]
18822750,18823770,CHI,CHN,0.0,560,CIOCX,EC,0,NT,FI,1.0,1020,-33.62,-29.61,"[{'Canonical-syllable': '0', 'Growl': '0', 'High-freq-energy': '1', 'Long-island': '0', 'Low-tilt-spectrum': '1', 'Medium-island': '0', 'Short-island': '0', 'Squeal': '0', 'Typical-entropy': '1', 'Voicing-quality': '1', 'Wide-band': '0', 'Xlong-island': '1', 'seq': '1', 'end': 18823.77, 'start': 18822.75}]",0,0,[],[]
18823770,18833030,NA,OLN,0.0,561,pause,NA,NA,NA,NA,0.0,0,-34.64,-27.22,[],0,0,[],[]
18833030,18833830,NA,NON,0.0,561,pause,NA,NA,NA,NA,0.0,0,-36.27,-32.52,[],0,0,[],[]
18833830,18835580,NA,OLN,0.0,561,pause,NA,NA,NA,NA,0.0,0,-34.55,-28.31,[],0,0,[],[]
18835580,18836610,NA,MAF,0.0,561,pause,NA,NA,NA,NA,0.0,0,-47.03,-39.89,[],0,0,[],[]
18836610,18837800,NA,SIL,0.0,561,pause,NA,NA,NA,NA,0.0,0,-51.04,-39.16,[],0,0,[],[]
18837800,18839180,NA,NOF,0.0,561,pause,NA,NA,NA,NA,0.0,0,-41.54,-27.91,[],0,0,[],[]
18839180,18840150,OCH,CXN,0.0,561,XIOCA,BC,0,NT,FI,0.0,0,-33.31,-26.37,[],0,0,[],[]
18840150,18841280,NA,OLN,0.0,561,XIOCA,NA,NA,NA,NA,0.0,0,-35.09,-28.04,[],0,0,[],[]
18841280,18842280,MAL,MAN,6.41,561,XIOCA,EC,0,NT,FI,0.0,0,-31.54,-19.89,[],0,0,[],[]
18842280,18843330,NA,OLF,0.0,562,pause,NA,NA,NA,NA,0.0,0,-39.72,-31.16,[],0,0,[],[]
18843330,18844350,NA,MAF,0.0,562,pause,NA,NA,NA,NA,0.0,0,-43.32,-30.85,[],0,0,[],[]
18844350,18845150,NA,SIL,0.0,562,pause,NA,NA,NA,NA,0.0,0,-51.45,-44.68,[],0,0,[],[]
18845150,18845950,NA,FAF,0.0,562,pause,NA,NA,NA,NA,0.0,0,-41.23,-24.29,[],0,0,[],[]
18845950,18846810,NA,OLN,0.0,562,pause,NA,NA,NA,NA,0.0,0,-32.0,-18.24,[],0,0,[],[]
18846810,18850400,NA,NOF,0.0,562,pause,NA,NA,NA,NA,0.0,0,-41.98,-23.7,[],0,0,[],[]
18850400,18851210,NA,SIL,0.0,562,pause,NA,NA,NA,NA,0.0,0,-54.08,-47.96,[],0,0,[],[]
18851210,18853260,NA,FAF,0.0,562,pause,NA,NA,NA,NA,0.0,0,-43.03,-24.69,[],0,0,[],[]
18853260,18854070,NA,CXF,0.0,562,pause,NA,NA,NA,NA,0.0,0,-45.18,-35.88,[],0,0,[],[]
18854070,18855000,NA,SIL,0.0,562,pause,NA,NA,NA,NA,0.0,0,-51.37,-43.7,[],0,0,[],[]
18855000,18857860,NA,NOF,0.0,562,pause,NA,NA,NA,NA,0.0,0,-37.62,-21.28,[],0,0,[],[]
18857860,18859040,NA,SIL,0.0,562,pause,NA,NA,NA,NA,0.0,0,-48.79,-42.08,[],0,0,[],[]
18859040,18860750,NA,MAF,0.0,562,pause,NA,NA,NA,NA,0.0,0,-44.55,-34.49,[],0,0,[],[]
18860750,18861580,NA,OLF,0.0,562,pause,NA,NA,NA,NA,0.0,0,-44.19,-33.37,[],0,0,[],[]
18861580,18862600,NA,TVF,0.0,562,pause,NA,NA,NA,NA,0.0,0,-45.75,-39.14,[],0,0,[],[]
18862600,18865460,NA,OLN,0.0,562,pause,NA,NA,NA,NA,0.0,0,-26.15,-4.7,[],0,0,[],[]
18865460,18866260,NA,NOF,0.0,562,pause,NA,NA,NA,NA,0.0,0,-43.39,-37.74,[],0,0,[],[]
18866260,18872640,NA,OLN,0.0,562,pause,NA,NA,NA,NA,0.0,0,-29.79,-21.61,[],0,0,[],[]
18872640,18873440,NA,NOF,0.0,562,pause,NA,NA,NA,NA,0.0,0,-37.93,-27.18,[],0,0,[],[]
18873440,18875770,NA,OLN,0.0,562,pause,NA,NA,NA,NA,0.0,0,-22.29,-7.48,[],0,0,[],[]
18875770,18877130,NA,NOF,0.0,562,pause,NA,NA,NA,NA,0.0,0,-42.92,-32.11,[],0,0,[],[]
18877130,18878130,MAL,MAN,2.45,562,AICM,BC,0,TIMI,FI,0.0,0,-31.25,-21.77,[],0,0,[],[]
18878130,18879230,NA,OLF,0.0,562,AICM,NA,NA,NA,NA,0.0,0,-35.59,-23.39,[],0,0,[],[]
18879230,18880230,CHI,CHN,0.0,562,AICM,RC,1,TIMR,FI,1.0,1000,-17.4,-12.46,"[{'Canonical-syllable': '0', 'Growl': '0', 'High-freq-energy': '0', 'Long-island': '0', 'Low-tilt-spectrum': '0', 'Medium-island': '0', 'Short-island': '0', 'Squeal': '0', 'Typical-entropy': '0', 'Voicing-quality': '1', 'Wide-band': '0', 'Xlong-island': '1', 'seq': '1', 'end': 18880.23, 'start': 18879.23}]",0,0,[],[]
18880230,18881100,OCH,CXN,0.0,562,AICM,RC,1,NT,FI,0.0,0,-21.19,-14.69,[],0,0,[],[]
18881100,18881920,NA,NOF,0.0,562,AICM,NA,NA,NA,NA,0.0,0,-45.74,-40.75,[],0,0,[],[]
18881920,18882720,OCH,CXN,0.0,562,AICM,RC,1,NT,FH,0.0,0,-28.3,-20.2,[],0,0,[],[]
18882720,18884040,NA,OLN,0.0,562,AICM,NA,NA,NA,NA,0.0,0,-29.31,-15.1,[],0,0,[],[]
18884040,18884990,OCH,CXN,0.0,562,AICM,RC,1,NT,FH,0.0,0,-20.48,-12.03,[],0,0,[],[]
18884990,18885810,NA,OLN,0.0,562,AICM,NA,NA,NA,NA,0.0,0,-29.99,-23.14,[],0,0,[],[]
18885810,18887600,FEM,FAN,7.77,562,AICM,RC,1,NT,FI,0.0,0,-33.81,-26.85,[],0,0,[],[]
18887600,18888960,NA,OLN,0.0,562,AICM,NA,NA,NA,NA,0.0,0,-35.12,-28.68,[],0,0,[],[]
18888960,18890070,NA,NOF,0.0,562,AICM,NA,NA,NA,NA,0.0,0,-25.67,-7.67,[],0,0,[],[]
18890070,18890870,NA,OLF,0.0,562,AICM,NA,NA,NA,NA,0.0,0,-35.13,-25.3,[],0,0,[],[]
18890870,18891890,FEM,FAN,2.28,562,AICM,RC,1,NT,FH,0.0,0,-32.84,-25.1,[],0,0,[],[]
18891890,18892770,NA,NOF,0.0,562,AICM,NA,NA,NA,NA,0.0,0,-45.43,-34.59,[],0,0,[],[]
18892770,18893570,NA,SIL,0.0,562,AICM,NA,NA,NA,NA,0.0,0,-48.0,-36.53,[],0,0,[],[]
18893570,18894910,NA,NOF,0.0,562,AICM,NA,NA,NA,NA,0.0,0,-40.43,-28.9,[],0,0,[],[]
18894910,18895740,NA,OLN,0.0,562,AICM,NA,NA,NA,NA,0.0,0,-31.46,-22.02,[],0,0,[],[]
18895740,18896360,FEM,FAN,7.48,562,AICM,RC,1,NT,FH,0.0,0,-33.29,-25.74,[],0,0,[],[]
18896360,18898570,OCH,CXN,0.0,562,AICM,RC,1,NT,FI,0.0,0,-27.24,-19.58,[],0,0,[],[]
18898570,18899570,FEM,FAN,4.28,562,AICM,RC,1,NT,FI,0.0,0,-34.39,-29.18,[],0,0,[],[]
18899570,18901970,NA,NOF,0.0,562,AICM,NA,NA,NA,NA,0.0,0,-31.32,-13.48,[],0,0,[],[]
18901970,18903420,FEM,FAN,6.55,562,AICM,EC,1,NT,FH,0.0,0,-30.47,-21.9,[],0,0,[],[]
18903420,18907820,NA,NOF,0.0,563,pause,NA,NA,NA,NA,0.0,0,-35.26,-15.31,[],0,0,[],[]
18907820,18908620,NA,OLF,0.0,563,pause,NA,NA,NA,NA,0.0,0,-38.42,-29.86,[],0,0,[],[]
18908620,18909760,FEM,FAN,2.73,563,AIOCF,BC,0,NT,FI,0.0,0,-37.73,-27.77,[],0,0,[],[]
18909760,18910740,NA,OLF,0.0,563,AIOCF,NA,NA,NA,NA,0.0,0,-45.15,-34.86,[],0,0,[],[]
18910740,18911690,FEM,FAN,3.54,563,AIOCF,RC,0,NT,FH,0.0,0,-41.74,-30.79,[],0,0,[],[]
18911690,18912510,NA,NOF,0.0,563,AIOCF,NA,NA,NA,NA,0.0,0,-41.69,-32.95,[],0,0,[],[]
18912510,18913510,NA,MAF,0.0,563,AIOCF,NA,NA,NA,NA,0.0,0,-45.51,-38.27,[],0,0,[],[]
18913510,18915900,NA,NOF,0.0,563,AIOCF,NA,NA,NA,NA,0.0,0,-40.99,-31.22,[],0,0,[],[]
18915900,18916500,CHI,CHN,0.0,563,AIOCF,NA,NA,NA,NA,0.0,0,-14.42,-11.14,[],0,480,"[{'start': 18916.02, 'end': 18916.5}]",[]
18916500,18917440,OCH,CXN,0.0,563,AIOCF,RC,0,NT,FI,0.0,0,-15.91,-8.51,[],0,0,[],[]
18917440,18918090,OCH,CXN,0.0,563,AIOCF,RC,0,NT,FH,0.0,0,-14.02,-9.22,[],0,0,[],[]
18918090,18920260,OCH,CXN,0.0,563,AIOCF,RC,0,NT,FH,0.0,0,-24.03,-11.82,[],0,0,[],[]
18920260,18921730,NA,NOF,0.0,563,AIOCF,NA,NA,NA,NA,0.0,0,-43.96,-33.82,[],0,0,[],[]
18921730,18923120,OCH,CXN,0.0,563,AIOCF,EC,0,NT,FH,0.0,0,-16.74,-8.13,[],0,0,[],[]
18923120,18925180,NA,OLN,0.0,564,pause,NA,NA,NA,NA,0.0,0,-34.98,-27.41,[],0,0,[],[]
18925180,18926310,NA,NOF,0.0,564,pause,NA,NA,NA,NA,0.0,0,-32.75,-16.89,[],0,0,[],[]
18926310,18929520,NA,OLN,0.0,564,pause,NA,NA,NA,NA,0.0,0,-30.23,-18.57,[],0,0,[],[]
18929520,18930510,NA,NOF,0.0,564,pause,NA,NA,NA,NA,0.0,0,-41.75,-31.22,[],0,0,[],[]
18930510,18931170,OCH,CXN,0.0,564,XIOCA,BC,0,NT,FI,0.0,0,-32.57,-26.58,[],0,0,[],[]
18931170,18935080,NA,NOF,0.0,564,XIOCA,NA,NA,NA,NA,0.0,0,-43.29,-28.32,[],0,0,[],[]
18935080,18936460,MAL,MAN,3.89,564,XIOCA,EC,0,NT,FI,0.0,0,-34.79,-26.58,[],0,0,[],[]
18936460,18938500,NA,FAF,0.0,565,pause,NA,NA,NA,NA,0.0,0,-41.16,-31.51,[],0,0,[],[]
18938500,18939510,NA,TVF,0.0,565,pause,NA,NA,NA,NA,0.0,0,-48.94,-42.1,[],0,0,[],[]
18939510,18942650,NA,MAF,0.0,565,pause,NA,NA,NA,NA,0.0,0,-44.07,-35.16,[],0,0,[],[]
18942650,18943700,NA,FAF,0.0,565,pause,NA,NA,NA,NA,0.0,0,-43.22,-38.07,[],0,0,[],[]
18943700,18944700,MAL,MAN,7.4,565,AMM,EC,0,NT,FI,0.0,0,-44.78,-36.72,[],0,0,[],[]
18944700,18947330,NA,SIL,0.0,566,pause,NA,NA,NA,NA,0.0,0,-50.2,-40.56,[],0,0,[],[]
18947330,18948350,NA,FAF,0.0,566,pause,NA,NA,NA,NA,0.0,0,-38.02,-28.97,[],0,0,[],[]
18948350,18949150,NA,OLF,0.0,566,pause,NA,NA,NA,NA,0.0,0,-41.51,-34.78,[],0,0,[],[]
18949150,18950840,NA,NOF,0.0,566,pause,NA,NA,NA,NA,0.0,0,-21.88,-4.44,[],0,0,[],[]
18950840,18952840,NA,OLF,0.0,566,pause,NA,NA,NA,NA,0.0,0,-33.63,-18.97,[],0,0,[],[]
18952840,18954300,NA,OLN,0.0,566,pause,NA,NA,NA,NA,0.0,0,-16.33,-5.51,[],0,0,[],[]
18954300,18955110,NA,NON,0.0,566,pause,NA,NA,NA,NA,0.0,0,-21.06,-8.51,[],0,0,[],[]
18955110,18958970,NA,OLN,0.0,566,pause,NA,NA,NA,NA,0.0,0,-23.15,-7.15,[],0,0,[],[]
18958970,18960000,NA,NOF,0.0,566,pause,NA,NA,NA,NA,0.0,0,-17.83,-2.1,[],0,0,[],[]
18960000,18968170,NA,OLN,0.0,566,pause,NA,NA,NA,NA,0.0,0,-26.54,-3.82,[],0,0,[],[]
18968170,18969120,NA,NOF,0.0,566,pause,NA,NA,NA,NA,0.0,0,-21.99,-8.05,[],0,0,[],[]
18969120,18970590,NA,OLF,0.0,566,pause,NA,NA,NA,NA,0.0,0,-34.55,-24.3,[],0,0,[],[]
18970590,18972670,NA,NOF,0.0,566,pause,NA,NA,NA,NA,0.0,0,-38.66,-25.75,[],0,0,[],[]
18972670,18973470,NA,OLN,0.0,566,pause,NA,NA,NA,NA,0.0,0,-27.34,-20.2,[],0,0,[],[]
18973470,18974470,FEM,FAN,3.39,566,AIOCF,BC,0,NT,FI,0.0,0,-27.62,-20.85,[],0,0,[],[]
18974470,18977710,NA,OLN,0.0,566,AIOCF,NA,NA,NA,NA,0.0,0,-20.12,-5.15,[],0,0,[],[]
18977710,18978710,OCH,CXN,0.0,566,AIOCF,RC,0,NT,FI,0.0,0,-26.98,-20.71,[],0,0,[],[]
18978710,18979970,NA,OLF,0.0,566,AIOCF,NA,NA,NA,NA,0.0,0,-38.27,-22.67,[],0,0,[],[]
18979970,18980820,NA,NOF,0.0,566,AIOCF,NA,NA,NA,NA,0.0,0,-43.29,-29.44,[],0,0,[],[]
18980820,18981900,FEM,FAN,2.86,566,AIOCF,RC,0,NT,FI,0.0,0,-26.24,-9.94,[],0,0,[],[]
18981900,18983930,NA,OLN,0.0,566,AIOCF,NA,NA,NA,NA,0.0,0,-21.7,-6.12,[],0,0,[],[]
18983930,18985080,FEM,FAN,7.23,566,AIOCF,RC,0,NT,FH,0.0,0,-21.06,-7.39,[],0,0,[],[]
18985080,18986280,NA,OLN,0.0,566,AIOCF,NA,NA,NA,NA,0.0,0,-26.8,-18.86,[],0,0,[],[]
18986280,18987600,OCH,CXN,0.0,566,AIOCF,RC,0,NT,FI,0.0,0,-22.65,-8.86,[],0,0,[],[]
18987600,18988600,FEM,FAN,1.34,566,AIOCF,RC,0,NT,FI,0.0,0,-23.57,-13.24,[],0,0,[],[]
18988600,18989710,OCH,CXN,0.0,566,AIOCF,RC,0,NT,FI,0.0,0,-29.32,-20.98,[],0,0,[],[]
18989710,18990820,FEM,FAN,6.7,566,AIOCF,RC,0,NT,FI,0.0,0,-32.34,-26.82,[],0,0,[],[]
18990820,18991460,FEM,FAN,2.75,566,AIOCF,RC,0,NT,FH,0.0,0,-35.73,-26.35,[],0,0,[],[]
18991460,18993120,FEM,FAN,5.85,566,AIOCF,RC,0,NT,FH,0.0,0,-34.74,-25.0,[],0,0,[],[]
18993120,18993990,NA,MAF,0.0,566,AIOCF,NA,NA,NA,NA,0.0,0,-47.75,-39.27,[],0,0,[],[]
18993990,18995060,FEM,FAN,4.99,566,AIOCF,RC,0,NT,FH,0.0,0,-34.82,-28.79,[],0,0,[],[]
18995060,18995860,NA,OLF,0.0,566,AIOCF,NA,NA,NA,NA,0.0,0,-42.39,-30.92,[],0,0,[],[]
18995860,18996660,NA,OLN,0.0,566,AIOCF,NA,NA,NA,NA,0.0,0,-33.53,-28.04,[],0,0,[],[]
18996660,18997660,NA,MAF,0.0,566,AIOCF,NA,NA,NA,NA,0.0,0,-39.84,-33.5,[],0,0,[],[]
18997660,18999920,NA,OLF,0.0,566,AIOCF,NA,NA,NA,NA,0.0,0,-30.69,-14.23,[],0,0,[],[]
18999920,19000920,OCH,CXN,0.0,566,AIOCF,RC,0,NT,FI,0.0,0,-32.06,-23.96,[],0,0,[],[]
19000920,19001940,NA,NOF,0.0,566,AIOCF,NA,NA,NA,NA,0.0,0,-40.06,-29.95,[],0,0,[],[]
19001940,19002990,NA,FAF,0.0,566,AIOCF,NA,NA,NA,NA,0.0,0,-35.5,-27.09,[],0,0,[],[]
19002990,19003790,NA,OLN,0.0,566,AIOCF,NA,NA,NA,NA,0.0,0,-28.79,-20.03,[],0,0,[],[]
19003790,19007960,OCH,CXN,0.0,566,AIOCF,RC,0,NT,FH,0.0,0,-31.15,-20.51,[],0,0,[],[]
19007960,19008890,NA,OLN,0.0,566,AIOCF,NA,NA,NA,NA,0.0,0,-34.83,-26.58,[],0,0,[],[]
19008890,19009710,OCH,CXN,0.0,566,AIOCF,RC,0,NT,FH,0.0,0,-34.8,-26.82,[],0,0,[],[]
19009710,19011210,FEM,FAN,5.37,566,AIOCF,RC,0,NT,FI,0.0,0,-37.84,-28.97,[],0,0,[],[]
19011210,19013810,NA,OLN,0.0,566,AIOCF,NA,NA,NA,NA,0.0,0,-26.83,-9.63,[],0,0,[],[]
19013810,19016350,OCH,CXN,0.0,566,AIOCF,RC,0,NT,FI,0.0,0,-32.57,-24.6,[],0,0,[],[]
19016350,19018360,NA,MAF,0.0,566,AIOCF,NA,NA,NA,NA,0.0,0,-40.92,-30.57,[],0,0,[],[]
19018360,19019580,OCH,CXN,0.0,566,AIOCF,RC,0,NT,FH,0.0,0,-41.32,-32.8,[],0,0,[],[]
19019580,19020880,NA,TVF,0.0,566,AIOCF,NA,NA,NA,NA,0.0,0,-47.7,-39.02,[],0,0,[],[]
19020880,19021990,NA,FAF,0.0,566,AIOCF,NA,NA,NA,NA,0.0,0,-38.42,-27.33,[],0,0,[],[]
19021990,19023710,OCH,CXN,0.0,566,AIOCF,RC,0,NT,FH,0.0,0,-35.76,-27.57,[],0,0,[],[]
19023710,19024740,FEM,FAN,3.28,566,AIOCF,RC,0,NT,FI,0.0,0,-21.67,-11.57,[],0,0,[],[]
19024740,19025410,OCH,CXN,0.0,566,AIOCF,RC,0,NT,FI,0.0,0,-17.15,-10.69,[],0,0,[],[]
19025410,19026600,OCH,CXN,0.0,566,AIOCF,RC,0,NT,FH,0.0,0,-18.1,-9.36,[],0,0,[],[]
19026600,19027400,NA,MAF,0.0,566,AIOCF,NA,NA,NA,NA,0.0,0,-36.4,-24.08,[],0,0,[],[]
19027400,19028530,FEM,FAN,4.73,566,AIOCF,RC,0,NT,FI,0.0,0,-39.92,-33.33,[],0,0,[],[]
19028530,19029680,NA,TVF,0.0,566,AIOCF,NA,NA,NA,NA,0.0,0,-48.66,-40.35,[],0,0,[],[]
19029680,19036880,OCH,CXN,0.0,566,AIOCF,RC,0,NT,FI,0.0,0,-38.21,-27.69,[],0,0,[],[]
19036880,19038380,NA,MAF,0.0,566,AIOCF,NA,NA,NA,NA,0.0,0,-40.89,-25.59,[],0,0,[],[]
19038380,19039660,OCH,CXN,0.0,566,AIOCF,EC,0,NT,FH,0.0,0,-32.5,-23.48,[],0,0,[],[]
19039660,19040940,NA,FAF,0.0,567,pause,NA,NA,NA,NA,0.0,0,-35.51,-27.26,[],0,0,[],[]
19040940,19042820,NA,TVN,0.0,567,pause,NA,NA,NA,NA,0.0,0,-46.94,-33.82,[],0,0,[],[]
19042820,19044040,NA,CXF,0.0,567,pause,NA,NA,NA,NA,0.0,0,-44.53,-34.37,[],0,0,[],[]
19044040,19044850,NA,SIL,0.0,567,pause,NA,NA,NA,NA,0.0,0,-57.39,-47.77,[],0,0,[],[]
19044850,19046390,NA,MAF,0.0,567,pause,NA,NA,NA,NA,0.0,0,-46.77,-38.28,[],0,0,[],[]
19046390,19048740,NA,TVF,0.0,567,pause,NA,NA,NA,NA,0.0,0,-45.03,-31.18,[],0,0,[],[]
19048740,19049750,NA,MAF,0.0,567,pause,NA,NA,NA,NA,0.0,0,-45.35,-40.21,[],0,0,[],[]
19049750,19050630,NA,TVN,0.0,567,pause,NA,NA,NA,NA,0.0,0,-39.74,-26.11,[],0,0,[],[]
19050630,19051430,NA,SIL,0.0,567,pause,NA,NA,NA,NA,0.0,0,-56.56,-48.61,[],0,0,[],[]
19051430,19052860,NA,MAF,0.0,567,pause,NA,NA,NA,NA,0.0,0,-30.96,-17.18,[],0,0,[],[]
19052860,19053890,NA,TVF,0.0,567,pause,NA,NA,NA,NA,0.0,0,-41.32,-32.78,[],0,0,[],[]
19053890,19055980,NA,NOF,0.0,567,pause,NA,NA,NA,NA,0.0,0,-37.85,-28.3,[],0,0,[],[]
19055980,19060600,NA,OLN,0.0,567,pause,NA,NA,NA,NA,0.0,0,-21.53,-7.09,[],0,0,[],[]
19060600,19061600,OCH,CXN,0.0,567,XM,EC,0,NT,FI,0.0,0,-19.33,-11.0,[],0,0,[],[]
19061600,19062850,NA,OLF,0.0,568,pause,NA,NA,NA,NA,0.0,0,-41.05,-32.91,[],0,0,[],[]
19062850,19063940,NA,NOF,0.0,568,pause,NA,NA,NA,NA,0.0,0,-42.11,-33.02,[],0,0,[],[]
19063940,19066060,NA,OLF,0.0,568,pause,NA,NA,NA,NA,0.0,0,-38.8,-26.73,[],0,0,[],[]
19066060,19066910,NA,NOF,0.0,568,pause,NA,NA,NA,NA,0.0,0,-31.28,-19.21,[],0,0,[],[]
19066910,19067640,FEM,FAN,6.49,568,AICF,BC,0,NT,FI,0.0,0,-24.34,-18.58,[],0,0,[],[]
19067640,19068650,NA,OLN,0.0,568,AICF,NA,NA,NA,NA,0.0,0,-18.35,-2.41,[],0,0,[],[]
19068650,19069450,OCH,CXN,0.0,568,AICF,RC,0,NT,FI,0.0,0,-14.41,-5.2,[],0,0,[],[]
19069450,19070860,OCH,CXN,0.0,568,AICF,RC,0,NT,FH,0.0,0,-17.1,-9.12,[],0,0,[],[]
19070860,19073380,NA,NOF,0.0,568,AICF,NA,NA,NA,NA,0.0,0,-41.59,-28.29,[],0,0,[],[]
19073380,19074380,MAL,MAN,6.42,568,AICF,RC,0,TIMI,FI,0.0,0,-36.76,-24.39,[],0,0,[],[]
19074380,19075180,NA,OLF,0.0,568,AICF,NA,NA,NA,NA,0.0,0,-41.18,-33.72,[],0,0,[],[]
19075180,19075780,CHI,CHN,0.0,568,AICF,EC,1,TIMR,FI,1.0,600,-16.8,-8.57,"[{'Canonical-syllable': '0', 'Growl': '2', 'High-freq-energy': '0', 'Long-island': '0', 'Low-tilt-spectrum': '0', 'Medium-island': '0', 'Short-island': '2', 'Squeal': '0', 'Typical-entropy': '1', 'Voicing-quality': '2', 'Wide-band': '0', 'Xlong-island': '0', 'seq': '1', 'end': 19075.78, 'start': 19075.18}]",0,0,[],[]
19075780,19076850,NA,OLN,0.0,569,pause,NA,NA,NA,NA,0.0,0,-21.82,-7.7,[],0,0,[],[]
19076850,19078230,NA,NOF,0.0,569,pause,NA,NA,NA,NA,0.0,0,-25.54,-7.2,[],0,0,[],[]
19078230,19079070,NA,OLN,0.0,569,pause,NA,NA,NA,NA,0.0,0,-31.88,-21.18,[],0,0,[],[]
19079070,19081590,NA,NOF,0.0,569,pause,NA,NA,NA,NA,0.0,0,-42.45,-31.99,[],0,0,[],[]
19081590,19083600,NA,SIL,0.0,569,pause,NA,NA,NA,NA,0.0,0,-54.21,-40.37,[],0,0,[],[]
19083600,19087580,NA,TVN,0.0,569,pause,NA,NA,NA,NA,0.0,0,-48.74,-42.9,[],0,0,[],[]
19087580,19088980,NA,OLN,0.0,569,pause,NA,NA,NA,NA,0.0,0,-24.36,-15.15,[],0,0,[],[]
19088980,19090580,NA,TVF,0.0,569,pause,NA,NA,NA,NA,0.0,0,-44.48,-40.19,[],0,0,[],[]
19090580,19091470,NA,SIL,0.0,569,pause,NA,NA,NA,NA,0.0,0,-50.31,-47.1,[],0,0,[],[]
19091470,19098830,NA,TVN,0.0,569,pause,NA,NA,NA,NA,0.0,0,-44.29,-35.1,[],0,0,[],[]
19098830,19100250,NA,TVF,0.0,569,pause,NA,NA,NA,NA,0.0,0,-49.28,-43.84,[],0,0,[],[]
19100250,19109720,NA,TVF,0.0,569,pause,NA,NA,NA,NA,0.0,0,-48.14,-35.9,[],0,0,[],[]
19109720,19112450,NA,SIL,0.0,569,pause,NA,NA,NA,NA,0.0,0,-55.61,-46.38,[],0,0,[],[]
19112450,19113450,NA,TVF,0.0,569,pause,NA,NA,NA,NA,0.0,0,-47.02,-38.54,[],0,0,[],[]
19113450,19117650,NA,SIL,0.0,569,pause,NA,NA,NA,NA,0.0,0,-60.18,-52.49,[],0,0,[],[]
19117650,19119050,NA,NOF,0.0,569,pause,NA,NA,NA,NA,0.0,0,-49.33,-43.98,[],0,0,[],[]
19119050,19120310,CHI,CHN,0.0,569,pause,NA,NA,NA,NA,0.0,0,-15.17,-10.14,[],0,1150,"[{'start': 19119.16, 'end': 19120.31}]",[]
19120310,19120910,CHI,CHN,0.0,569,CIC,BC,0,TIFI,FI,1.0,290,-20.25,-14.46,"[{'Canonical-syllable': '0', 'Growl': '0', 'High-freq-energy': '0', 'Long-island': '0', 'Low-tilt-spectrum': '0', 'Medium-island': '1', 'Short-island': '0', 'Squeal': '0', 'Typical-entropy': '0', 'Voicing-quality': '1', 'Wide-band': '0', 'Xlong-island': '0', 'seq': '1', 'end': 19120.6, 'start': 19120.31}]",0,0,[],[]
19120910,19121910,NA,TVF,0.0,569,CIC,NA,NA,NA,NA,0.0,0,-49.4,-44.96,[],0,0,[],[]
19121910,19124550,NA,OLF,0.0,569,CIC,NA,NA,NA,NA,0.0,0,-41.12,-27.5,[],0,0,[],[]
19124550,19125750,FEM,FAN,7.98,569,CIC,RC,1,TIFR,FI,0.0,0,-36.76,-29.22,[],0,0,[],[]
19125750,19127400,NA,OLF,0.0,569,CIC,NA,NA,NA,NA,0.0,0,-28.18,-10.0,[],0,0,[],[]
19127400,19130240,NA,NOF,0.0,569,CIC,NA,NA,NA,NA,0.0,0,-22.83,-6.97,[],0,0,[],[]
19130240,19131250,OCH,CXN,0.0,569,CIC,RC,1,NT,FI,0.0,0,-22.61,-15.92,[],0,0,[],[]
19131250,19132250,OCH,CXN,0.0,569,CIC,RC,1,NT,FH,0.0,0,-29.58,-20.27,[],0,0,[],[]
19132250,19134890,NA,NOF,0.0,569,CIC,NA,NA,NA,NA,0.0,0,-39.77,-23.56,[],0,0,[],[]
19134890,19136830,OCH,CXN,0.0,569,CIC,EC,1,NT,FH,0.0,0,-34.4,-24.71,[],0,0,[],[]
19136830,19139660,NA,OLF,0.0,570,pause,NA,NA,NA,NA,0.0,0,-20.63,-4.01,[],0,0,[],[]
19139660,19143780,NA,NOF,0.0,570,pause,NA,NA,NA,NA,0.0,0,-29.56,-10.12,[],0,0,[],[]
19143780,19144700,NA,OLF,0.0,570,pause,NA,NA,NA,NA,0.0,0,-31.85,-21.22,[],0,0,[],[]
19144700,19145860,NA,NOF,0.0,570,pause,NA,NA,NA,NA,0.0,0,-37.3,-26.85,[],0,0,[],[]
19145860,19146660,NA,OLF,0.0,570,pause,NA,NA,NA,NA,0.0,0,-42.28,-32.1,[],0,0,[],[]
19146660,19155690,NA,NOF,0.0,570,pause,NA,NA,NA,NA,0.0,0,-30.0,-7.85,[],0,0,[],[]
19155690,19156540,NA,SIL,0.0,570,pause,NA,NA,NA,NA,0.0,0,-55.39,-45.41,[],0,0,[],[]
19156540,19158320,NA,NOF,0.0,570,pause,NA,NA,NA,NA,0.0,0,-54.42,-36.17,[],0,0,[],[]
19158320,19160220,NA,TVN,0.0,570,pause,NA,NA,NA,NA,0.0,0,-47.23,-42.47,[],0,0,[],[]
19160220,19160990,CHI,CHN,0.0,570,CIOCX,BC,0,NT,FI,1.0,450,-18.4,-10.27,"[{'Canonical-syllable': '2', 'Growl': '0', 'High-freq-energy': '0', 'Long-island': '0', 'Low-tilt-spectrum': '1', 'Medium-island': '0', 'Short-island': '2', 'Squeal': '0', 'Typical-entropy': '2', 'Voicing-quality': '2', 'Wide-band': '0', 'Xlong-island': '0', 'seq': '1', 'end': 19160.99, 'start': 19160.54}]",0,0,[],[]
19160990,19161990,CHI,CHN,0.0,570,CIOCX,RC,0,NT,FH,1.0,860,-19.42,-9.64,"[{'Canonical-syllable': '0', 'Growl': '0', 'High-freq-energy': '0', 'Long-island': '1', 'Low-tilt-spectrum': '0', 'Medium-island': '0', 'Short-island': '0', 'Squeal': '0', 'Typical-entropy': '0', 'Voicing-quality': '2', 'Wide-band': '0', 'Xlong-island': '0', 'seq': '1', 'end': 19161.85, 'start': 19160.99}]",0,0,[],[]
19161990,19162710,OCH,CXN,0.0,570,CIOCX,EC,0,NT,FI,0.0,0,-17.91,-10.84,[],0,0,[],[]
19162710,19164100,NA,NOF,0.0,571,pause,NA,NA,NA,NA,0.0,0,-39.47,-25.4,[],0,0,[],[]
19164100,19164900,NA,OLF,0.0,571,pause,NA,NA,NA,NA,0.0,0,-32.39,-22.2,[],0,0,[],[]
19164900,19166200,NA,NOF,0.0,571,pause,NA,NA,NA,NA,0.0,0,-43.83,-31.71,[],0,0,[],[]
19166200,19167080,NA,OLF,0.0,571,pause,NA,NA,NA,NA,0.0,0,-38.4,-28.78,[],0,0,[],[]
19167080,19168510,NA,NOF,0.0,571,pause,NA,NA,NA,NA,0.0,0,-38.34,-22.51,[],0,0,[],[]
19168510,19170540,NA,OLF,0.0,571,pause,NA,NA,NA,NA,0.0,0,-28.95,-10.6,[],0,0,[],[]
19170540,19171340,NA,NOF,0.0,571,pause,NA,NA,NA,NA,0.0,0,-44.02,-37.5,[],0,0,[],[]
19171340,19172280,NA,OLF,0.0,571,pause,NA,NA,NA,NA,0.0,0,-40.18,-25.75,[],0,0,[],[]
19172280,19173380,NA,NOF,0.0,571,pause,NA,NA,NA,NA,0.0,0,-21.18,-5.1,[],0,0,[],[]
19173380,19174350,NA,OLF,0.0,571,pause,NA,NA,NA,NA,0.0,0,-32.47,-21.44,[],0,0,[],[]
19174350,19175270,NA,NOF,0.0,571,pause,NA,NA,NA,NA,0.0,0,-39.56,-28.63,[],0,0,[],[]
19175270,19182730,NA,OLN,0.0,571,pause,NA,NA,NA,NA,0.0,0,-26.54,-10.23,[],0,0,[],[]
19182730,19185040,NA,NOF,0.0,571,pause,NA,NA,NA,NA,0.0,0,-39.05,-25.18,[],0,0,[],[]
19185040,19185840,NA,OLF,0.0,571,pause,NA,NA,NA,NA,0.0,0,-33.41,-20.66,[],0,0,[],[]
19185840,19186700,NA,NOF,0.0,571,pause,NA,NA,NA,NA,0.0,0,-36.79,-20.7,[],0,0,[],[]
19186700,19188020,NA,OLF,0.0,571,pause,NA,NA,NA,NA,0.0,0,-25.27,-10.79,[],0,0,[],[]
19188020,19191410,NA,NOF,0.0,571,pause,NA,NA,NA,NA,0.0,0,-43.53,-26.32,[],0,0,[],[]
19191410,19192220,NA,SIL,0.0,571,pause,NA,NA,NA,NA,0.0,0,-50.71,-46.11,[],0,0,[],[]
19192220,19193110,OCH,CXN,0.0,571,XIOCA,BC,0,NT,FI,0.0,0,-39.36,-32.04,[],0,0,[],[]
19193110,19194600,FEM,FAN,5.43,571,XIOCA,EC,0,NT,FI,0.0,0,-40.04,-32.18,[],0,0,[],[]
19194600,19196630,NA,SIL,0.0,572,pause,NA,NA,NA,NA,0.0,0,-51.11,-43.5,[],0,0,[],[]
19196630,19198430,NA,MAF,0.0,572,pause,NA,NA,NA,NA,0.0,0,-44.48,-31.56,[],0,0,[],[]
19198430,19199820,NA,NOF,0.0,572,pause,NA,NA,NA,NA,0.0,0,-47.79,-33.41,[],0,0,[],[]
19199820,19200820,NA,MAF,0.0,572,pause,NA,NA,NA,NA,0.0,0,-46.9,-39.83,[],0,0,[],[]
19200820,19201750,NA,SIL,0.0,572,pause,NA,NA,NA,NA,0.0,0,-49.5,-38.55,[],0,0,[],[]
19201750,19203020,NA,NOF,0.0,572,pause,NA,NA,NA,NA,0.0,0,-39.06,-29.72,[],0,0,[],[]
19203020,19203820,NA,OLF,0.0,572,pause,NA,NA,NA,NA,0.0,0,-37.22,-23.6,[],0,0,[],[]
19203820,19206050,NA,NOF,0.0,572,pause,NA,NA,NA,NA,0.0,0,-38.47,-21.81,[],0,0,[],[]
19206050,19207090,NA,OLF,0.0,572,pause,NA,NA,NA,NA,0.0,0,-35.67,-26.31,[],0,0,[],[]
19207090,19208840,NA,OLF,0.0,572,pause,NA,NA,NA,NA,0.0,0,-39.73,-30.49,[],0,0,[],[]
19208840,19209840,NA,MAF,0.0,572,pause,NA,NA,NA,NA,0.0,0,-39.94,-27.46,[],0,0,[],[]
19209840,19211140,NA,NOF,0.0,572,pause,NA,NA,NA,NA,0.0,0,-35.66,-25.8,[],0,0,[],[]
19211140,19212000,OCH,CXN,0.0,572,XM,BC,0,NT,FI,0.0,0,-22.95,-15.78,[],0,0,[],[]
19212000,19214660,NA,OLF,0.0,572,XM,NA,NA,NA,NA,0.0,0,-37.95,-26.26,[],0,0,[],[]
19214660,19215880,OCH,CXN,0.0,572,XM,EC,0,NT,FH,0.0,0,-35.19,-26.51,[],0,0,[],[]
19215880,19217950,NA,NOF,0.0,573,pause,NA,NA,NA,NA,0.0,0,-46.7,-38.32,[],0,0,[],[]
19217950,19218950,NA,TVF,0.0,573,pause,NA,NA,NA,NA,0.0,0,-46.03,-34.96,[],0,0,[],[]
19218950,19220060,NA,MAF,0.0,573,pause,NA,NA,NA,NA,0.0,0,-49.36,-39.14,[],0,0,[],[]
19220060,19221060,NA,TVF,0.0,573,pause,NA,NA,NA,NA,0.0,0,-43.61,-34.67,[],0,0,[],[]
19221060,19222560,NA,NOF,0.0,573,pause,NA,NA,NA,NA,0.0,0,-24.69,-8.37,[],0,0,[],[]
19222560,19224670,NA,TVF,0.0,573,pause,NA,NA,NA,NA,0.0,0,-47.48,-41.55,[],0,0,[],[]
19224670,19225470,NA,OLF,0.0,573,pause,NA,NA,NA,NA,0.0,0,-44.35,-31.21,[],0,0,[],[]
19225470,19226700,NA,TVF,0.0,573,pause,NA,NA,NA,NA,0.0,0,-44.68,-38.34,[],0,0,[],[]
19226700,19229070,NA,OLF,0.0,573,pause,NA,NA,NA,NA,0.0,0,-43.89,-28.02,[],0,0,[],[]
19229070,19229740,CHI,CHN,0.0,573,CIC,BC,0,NT,FI,1.0,670,-16.81,-10.67,"[{'Canonical-syllable': '0', 'Growl': '0', 'High-freq-energy': '0', 'Long-island': '0', 'Low-tilt-spectrum': '1', 'Medium-island': '1', 'Short-island': '1', 'Squeal': '0', 'Typical-entropy': '2', 'Voicing-quality': '2', 'Wide-band': '0', 'Xlong-island': '0', 'seq': '1', 'end': 19229.74, 'start': 19229.07}]",0,0,[],[]
19229740,19230920,CHI,CHN,0.0,573,CIC,RC,0,NT,FH,1.0,1180,-16.25,-9.64,"[{'Canonical-syllable': '0', 'Growl': '0', 'High-freq-energy': '0', 'Long-island': '0', 'Low-tilt-spectrum': '0', 'Medium-island': '2', 'Short-island': '0', 'Squeal': '0', 'Typical-entropy': '1', 'Voicing-quality': '2', 'Wide-band': '0', 'Xlong-island': '0', 'seq': '1', 'end': 19230.92, 'start': 19229.74}]",0,0,[],[]
19230920,19231520,CHI,CHN,0.0,573,CIC,RC,0,NT,FH,1.0,600,-15.98,-11.7,"[{'Canonical-syllable': '1', 'Growl': '0', 'High-freq-energy': '0', 'Long-island': '0', 'Low-tilt-spectrum': '1', 'Medium-island': '0', 'Short-island': '2', 'Squeal': '0', 'Typical-entropy': '2', 'Voicing-quality': '2', 'Wide-band': '0', 'Xlong-island': '0', 'seq': '1', 'end': 19231.52, 'start': 19230.92}]",0,0,[],[]
19231520,19232610,OCH,CXN,0.0,573,CIC,RC,0,NT,FI,0.0,0,-23.15,-13.8,[],0,0,[],[]
19232610,19233820,OCH,CXN,0.0,573,CIC,RC,0,NT,FH,0.0,0,-23.71,-17.34,[],0,0,[],[]
19233820,19234820,FEM,FAN,5.88,573,CIC,RC,0,NT,FI,0.0,0,-32.78,-25.28,[],0,0,[],[]
19234820,19236640,NA,NOF,0.0,573,CIC,NA,NA,NA,NA,0.0,0,-38.36,-21.92,[],0,0,[],[]
19236640,19237450,NA,OLF,0.0,573,CIC,NA,NA,NA,NA,0.0,0,-35.99,-23.66,[],0,0,[],[]
19237450,19238250,OCH,CXN,0.0,573,CIC,RC,0,NT,FI,0.0,0,-20.92,-7.47,[],0,0,[],[]
19238250,19239250,FEM,FAN,4.31,573,CIC,RC,0,NT,FI,0.0,0,-31.4,-22.0,[],0,0,[],[]
19239250,19241450,OCH,CXN,0.0,573,CIC,RC,0,NT,FI,0.0,0,-28.89,-20.29,[],0,0,[],[]
19241450,19242620,FEM,FAN,1.76,573,CIC,RC,0,NT,FI,0.0,0,-27.81,-21.06,[],0,0,[],[]
19242620,19243240,FEM,FAN,0.97,573,CIC,RC,0,NT,FH,0.0,0,-31.2,-22.46,[],0,0,[],[]
19243240,19244040,OCH,CXN,0.0,573,CIC,RC,0,NT,FI,0.0,0,-29.2,-20.58,[],0,0,[],[]
19244040,19244840,NA,OLN,0.0,573,CIC,NA,NA,NA,NA,0.0,0,-33.17,-21.23,[],0,0,[],[]
19244840,19245650,FEM,FAN,0.38,573,CIC,RC,0,NT,FI,0.0,0,-31.69,-23.51,[],0,0,[],[]
19245650,19246460,OCH,CXN,0.0,573,CIC,RC,0,NT,FI,0.0,0,-27.89,-18.21,[],0,0,[],[]
19246460,19248070,OCH,CXN,0.0,573,CIC,RC,0,NT,FH,0.0,0,-25.04,-16.69,[],0,0,[],[]
19248070,19248920,NA,NOF,0.0,573,CIC,NA,NA,NA,NA,0.0,0,-41.28,-30.16,[],0,0,[],[]
19248920,19250580,NA,OLN,0.0,573,CIC,NA,NA,NA,NA,0.0,0,-28.02,-13.16,[],0,0,[],[]
19250580,19252250,OCH,CXN,0.0,573,CIC,RC,0,NT,FH,0.0,0,-21.73,-13.02,[],0,0,[],[]
19252250,19252890,CHI,CHN,0.0,573,CIC,RC,0,TIFI,FI,1.0,640,-19.89,-13.33,"[{'Canonical-syllable': '0', 'Growl': '0', 'High-freq-energy': '0', 'Long-island': '0', 'Low-tilt-spectrum': '0', 'Medium-island': '1', 'Short-island': '0', 'Squeal': '0', 'Typical-entropy': '0', 'Voicing-quality': '1', 'Wide-band': '0', 'Xlong-island': '0', 'seq': '1', 'end': 19252.89, 'start': 19252.46}]",0,0,[],[]
19252890,19253890,FEM,FAN,0.0,573,CIC,NA,NA,NA,NA,0.0,0,-26.29,-16.54,[],1000,0,[],[]
19253890,19254710,FEM,FAN,12.81,573,CIC,RC,1,TIFR,FI,0.0,0,-32.9,-24.19,[],0,0,[],[]
19254710,19255710,FEM,FAN,3.76,573,CIC,RC,1,NT,FH,0.0,0,-34.11,-25.77,[],0,0,[],[]
19255710,19256320,CHI,CHN,0.0,573,CIC,RC,1,TIFI,FI,1.0,450,-19.72,-14.25,"[{'Canonical-syllable': '1', 'Growl': '0', 'High-freq-energy': '0', 'Long-island': '0', 'Low-tilt-spectrum': '0', 'Medium-island': '1', 'Short-island': '0', 'Squeal': '0', 'Typical-entropy': '1', 'Voicing-quality': '1', 'Wide-band': '0', 'Xlong-island': '0', 'seq': '1', 'end': 19256.16, 'start': 19255.71}]",0,0,[],[]
19256320,19257970,FEM,FAN,4.61,573,CIC,RC,2,TIFR,FI,0.0,0,-33.39,-23.86,[],0,0,[],[]
19257970,19258790,CHI,CHN,0.0,573,CIC,NA,NA,NA,NA,0.0,0,-15.31,-7.16,[],0,820,"[{'start': 19257.97, 'end': 19258.79}]",[]
19258790,19259800,CHI,CHN,0.0,573,CIC,RC,2,TIFE,FI,1.0,1010,-16.81,-8.75,"[{'Canonical-syllable': '0', 'Growl': '0', 'High-freq-energy': '0', 'Long-island': '0', 'Low-tilt-spectrum': '0', 'Medium-island': '1', 'Short-island': '1', 'Squeal': '0', 'Typical-entropy': '2', 'Voicing-quality': '2', 'Wide-band': '0', 'Xlong-island': '0', 'seq': '1', 'end': 19259.8, 'start': 19258.79}]",0,0,[],[]
19259800,19261030,NA,OLN,0.0,573,CIC,NA,NA,NA,NA,0.0,0,-33.98,-23.59,[],0,0,[],[]
19261030,19263250,OCH,CXN,0.0,573,CIC,RC,2,NT,FI,0.0,0,-30.7,-19.85,[],0,0,[],[]
19263250,19264060,NA,NOF,0.0,573,CIC,NA,NA,NA,NA,0.0,0,-39.78,-27.24,[],0,0,[],[]
19264060,19265220,NA,OLN,0.0,573,CIC,NA,NA,NA,NA,0.0,0,-28.53,-20.68,[],0,0,[],[]
19265220,19266310,OCH,CXN,0.0,573,CIC,RC,2,NT,FH,0.0,0,-34.51,-26.36,[],0,0,[],[]
19266310,19267580,NA,SIL,0.0,573,CIC,NA,NA,NA,NA,0.0,0,-49.08,-38.11,[],0,0,[],[]
19267580,19268580,OCH,CXN,0.0,573,CIC,EC,2,NT,FH,0.0,0,-37.93,-30.02,[],0,0,[],[]
19268580,19270200,NA,NOF,0.0,574,pause,NA,NA,NA,NA,0.0,0,-39.19,-26.38,[],0,0,[],[]
19270200,19271060,NA,OLF,0.0,574,pause,NA,NA,NA,NA,0.0,0,-37.51,-25.83,[],0,0,[],[]
19271060,19271940,NA,NOF,0.0,574,pause,NA,NA,NA,NA,0.0,0,-45.24,-40.19,[],0,0,[],[]
19271940,19273020,NA,OLF,0.0,574,pause,NA,NA,NA,NA,0.0,0,-33.47,-19.13,[],0,0,[],[]
19273020,19273820,NA,NOF,0.0,574,pause,NA,NA,NA,NA,0.0,0,-33.85,-21.43,[],0,0,[],[]
19273820,19275190,NA,OLN,0.0,574,pause,NA,NA,NA,NA,0.0,0,-18.66,-11.15,[],0,0,[],[]
19275190,19275850,CHI,CHN,0.0,574,CM,EC,0,NT,FI,1.0,500,-22.34,-18.43,"[{'Canonical-syllable': '0', 'Growl': '0', 'High-freq-energy': '0', 'Long-island': '0', 'Low-tilt-spectrum': '0', 'Medium-island': '1', 'Short-island': '0', 'Squeal': '0', 'Typical-entropy': '0', 'Voicing-quality': '1', 'Wide-band': '0', 'Xlong-island': '0', 'seq': '1', 'end': 19275.69, 'start': 19275.19}]",0,0,[],[]
19275850,19277250,NA,NOF,0.0,575,pause,NA,NA,NA,NA,0.0,0,-48.47,-42.43,[],0,0,[],[]
19277250,19278050,NA,OLF,0.0,575,pause,NA,NA,NA,NA,0.0,0,-38.59,-25.91,[],0,0,[],[]
19278050,19278850,NA,NON,0.0,575,pause,NA,NA,NA,NA,0.0,0,-32.06,-17.54,[],0,0,[],[]
19278850,19280060,NA,OLN,0.0,575,pause,NA,NA,NA,NA,0.0,0,-23.74,-3.95,[],0,0,[],[]
19280060,19280860,NA,NON,0.0,575,pause,NA,NA,NA,NA,0.0,0,-24.59,-16.13,[],0,0,[],[]
19280860,19283720,NA,OLN,0.0,575,pause,NA,NA,NA,NA,0.0,0,-16.81,-3.26,[],0,0,[],[]
19283720,19286130,NA,OLF,0.0,575,pause,NA,NA,NA,NA,0.0,0,-18.21,-3.41,[],0,0,[],[]
19286130,19287540,OCH,CXN,0.0,575,XM,EC,0,NT,FI,0.0,0,-26.77,-14.39,[],0,0,[],[]
19287540,19289080,NA,OLN,0.0,576,pause,NA,NA,NA,NA,0.0,0,-19.19,-4.83,[],0,0,[],[]
19289080,19292460,NA,OLF,0.0,576,pause,NA,NA,NA,NA,0.0,0,-31.35,-10.06,[],0,0,[],[]
19292460,19293950,NA,TVF,0.0,576,pause,NA,NA,NA,NA,0.0,0,-40.23,-29.26,[],0,0,[],[]
19293950,19294750,NA,MAF,0.0,576,pause,NA,NA,NA,NA,0.0,0,-44.63,-35.29,[],0,0,[],[]
19294750,19297010,NA,OLN,0.0,576,pause,NA,NA,NA,NA,0.0,0,-34.62,-15.87,[],0,0,[],[]
19297010,19301060,NA,OLF,0.0,576,pause,NA,NA,NA,NA,0.0,0,-29.4,-7.83,[],0,0,[],[]
19301060,19301960,NA,NOF,0.0,576,pause,NA,NA,NA,NA,0.0,0,-43.42,-33.67,[],0,0,[],[]
19301960,19303870,NA,MAF,0.0,576,pause,NA,NA,NA,NA,0.0,0,-43.75,-30.5,[],0,0,[],[]
19303870,19304760,NA,OLF,0.0,576,pause,NA,NA,NA,NA,0.0,0,-39.78,-30.92,[],0,0,[],[]
19304760,19306610,NA,TVF,0.0,576,pause,NA,NA,NA,NA,0.0,0,-44.43,-35.66,[],0,0,[],[]
19306610,19309050,NA,OLF,0.0,576,pause,NA,NA,NA,NA,0.0,0,-23.1,-3.99,[],0,0,[],[]
19309050,19309930,NA,SIL,0.0,576,pause,NA,NA,NA,NA,0.0,0,-47.78,-35.6,[],0,0,[],[]
19309930,19312100,OCH,CXN,0.0,576,XM,EC,0,NT,FI,0.0,0,-29.65,-18.54,[],0,0,[],[]
19312100,19313860,NA,MAF,0.0,577,pause,NA,NA,NA,NA,0.0,0,-42.67,-31.54,[],0,0,[],[]
19313860,19315290,NA,NOF,0.0,577,pause,NA,NA,NA,NA,0.0,0,-41.89,-32.61,[],0,0,[],[]
19315290,19316290,NA,MAF,0.0,577,pause,NA,NA,NA,NA,0.0,0,-52.46,-46.87,[],0,0,[],[]
19316290,19317090,NA,FAF,0.0,577,pause,NA,NA,NA,NA,0.0,0,-46.26,-32.49,[],0,0,[],[]
19317090,19318000,NA,SIL,0.0,577,pause,NA,NA,NA,NA,0.0,0,-51.07,-43.86,[],0,0,[],[]
19318000,19320450,NA,MAF,0.0,577,pause,NA,NA,NA,NA,0.0,0,-40.78,-28.23,[],0,0,[],[]
19320450,19322180,NA,OLF,0.0,577,pause,NA,NA,NA,NA,0.0,0,-38.34,-28.65,[],0,0,[],[]
19322180,19324150,MAL,MAN,12.4,577,AMM,EC,0,NT,FI,0.0,0,-40.39,-29.47,[],0,0,[],[]
19324150,19325290,NA,OLF,0.0,578,pause,NA,NA,NA,NA,0.0,0,-45.32,-37.83,[],0,0,[],[]
19325290,19325920,NA,CHF,0.0,578,pause,NA,NA,NA,NA,0.0,0,-43.15,-35.26,[],0,630,[],"[{'start': 19325.29, 'end': 19325.92}]"
19325920,19326770,NA,OLF,0.0,578,pause,NA,NA,NA,NA,0.0,0,-41.6,-35.33,[],0,0,[],[]
19326770,19327770,NA,FAF,0.0,578,pause,NA,NA,NA,NA,0.0,0,-41.31,-28.8,[],0,0,[],[]
19327770,19329030,NA,NOF,0.0,578,pause,NA,NA,NA,NA,0.0,0,-45.86,-32.93,[],0,0,[],[]
19329030,19331500,NA,SIL,0.0,578,pause,NA,NA,NA,NA,0.0,0,-52.54,-36.31,[],0,0,[],[]
19331500,19332500,NA,MAF,0.0,578,pause,NA,NA,NA,NA,0.0,0,-47.22,-41.13,[],0,0,[],[]
19332500,19333380,NA,SIL,0.0,578,pause,NA,NA,NA,NA,0.0,0,-52.06,-43.53,[],0,0,[],[]
19333380,19336290,NA,NOF,0.0,578,pause,NA,NA,NA,NA,0.0,0,-41.68,-20.83,[],0,0,[],[]
19336290,19337990,NA,SIL,0.0,578,pause,NA,NA,NA,NA,0.0,0,-49.55,-35.58,[],0,0,[],[]
19337990,19339050,NA,NON,0.0,578,pause,NA,NA,NA,NA,0.0,0,-18.5,-4.39,[],0,0,[],[]
19339050,19339860,OCH,CXN,0.0,578,XM,EC,0,NT,FI,0.0,0,-36.24,-27.05,[],0,0,[],[]
19339860,19341550,NA,MAF,0.0,579,pause,NA,NA,NA,NA,0.0,0,-41.53,-29.85,[],0,0,[],[]
19341550,19342620,CHI,CHN,0.0,579,pause,NA,NA,NA,NA,0.0,0,-15.45,-10.21,[],0,980,"[{'start': 19341.55, 'end': 19342.53}]",[]
19342620,19343700,NA,MAF,0.0,579,pause,NA,NA,NA,NA,0.0,0,-43.81,-38.96,[],0,0,[],[]
19343700,19344700,NA,TVF,0.0,579,pause,NA,NA,NA,NA,0.0,0,-40.99,-32.73,[],0,0,[],[]
19344700,19345710,NA,FAF,0.0,579,pause,NA,NA,NA,NA,0.0,0,-38.95,-28.58,[],0,0,[],[]
19345710,19347600,NA,MAF,0.0,579,pause,NA,NA,NA,NA,0.0,0,-45.95,-39.26,[],0,0,[],[]
19347600,19349090,NA,SIL,0.0,579,pause,NA,NA,NA,NA,0.0,0,-48.75,-37.72,[],0,0,[],[]
19349090,19350150,NA,MAF,0.0,579,pause,NA,NA,NA,NA,0.0,0,-44.97,-38.72,[],0,0,[],[]
19350150,19350950,NA,OLF,0.0,579,pause,NA,NA,NA,NA,0.0,0,-46.12,-40.16,[],0,0,[],[]
19350950,19353860,NA,TVF,0.0,579,pause,NA,NA,NA,NA,0.0,0,-42.54,-21.18,[],0,0,[],[]
19353860,19355020,NA,OLF,0.0,579,pause,NA,NA,NA,NA,0.0,0,-43.78,-35.89,[],0,0,[],[]
19355020,19356070,NA,TVF,0.0,579,pause,NA,NA,NA,NA,0.0,0,-44.35,-40.68,[],0,0,[],[]
19356070,19357420,NA,OLF,0.0,579,pause,NA,NA,NA,NA,0.0,0,-41.62,-29.99,[],0,0,[],[]
19357420,19358670,NA,MAF,0.0,579,pause,NA,NA,NA,NA,0.0,0,-42.49,-27.33,[],0,0,[],[]
19358670,19359480,NA,SIL,0.0,579,pause,NA,NA,NA,NA,0.0,0,-53.19,-47.74,[],0,0,[],[]
19359480,19361930,NA,NOF,0.0,579,pause,NA,NA,NA,NA,0.0,0,-43.02,-21.15,[],0,0,[],[]
19361930,19363340,NA,SIL,0.0,579,pause,NA,NA,NA,NA,0.0,0,-52.77,-44.66,[],0,0,[],[]
19363340,19364890,NA,NOF,0.0,579,pause,NA,NA,NA,NA,0.0,0,-45.32,-33.6,[],0,0,[],[]
19364890,19366120,NA,TVF,0.0,579,pause,NA,NA,NA,NA,0.0,0,-45.23,-37.33,[],0,0,[],[]
19366120,19367940,NA,NOF,0.0,579,pause,NA,NA,NA,NA,0.0,0,-25.82,-7.27,[],0,0,[],[]
19367940,19369720,NA,SIL,0.0,579,pause,NA,NA,NA,NA,0.0,0,-50.21,-41.25,[],0,0,[],[]
19369720,19370880,NA,MAF,0.0,579,pause,NA,NA,NA,NA,0.0,0,-46.9,-36.78,[],0,0,[],[]
19370880,19372110,NA,OLF,0.0,579,pause,NA,NA,NA,NA,0.0,0,-41.02,-29.41,[],0,0,[],[]
19372110,19372920,NA,SIL,0.0,579,pause,NA,NA,NA,NA,0.0,0,-51.23,-41.24,[],0,0,[],[]
19372920,19374820,NA,NOF,0.0,579,pause,NA,NA,NA,NA,0.0,0,-21.27,-3.7,[],0,0,[],[]
19374820,19376460,NA,MAF,0.0,579,pause,NA,NA,NA,NA,0.0,0,-34.39,-23.06,[],0,0,[],[]
19376460,19377500,NA,OLF,0.0,579,pause,NA,NA,NA,NA,0.0,0,-38.9,-31.61,[],0,0,[],[]
19377500,19378300,NA,SIL,0.0,579,pause,NA,NA,NA,NA,0.0,0,-50.6,-43.39,[],0,0,[],[]
19378300,19380030,NA,OLF,0.0,579,pause,NA,NA,NA,NA,0.0,0,-42.12,-24.48,[],0,0,[],[]
19380030,19380900,NA,OLN,0.0,579,pause,NA,NA,NA,NA,0.0,0,-23.11,-9.39,[],0,0,[],[]
19380900,19383630,NA,NOF,0.0,579,pause,NA,NA,NA,NA,0.0,0,-26.6,-7.06,[],0,0,[],[]
19383630,19385000,NA,OLN,0.0,579,pause,NA,NA,NA,NA,0.0,0,-36.17,-28.84,[],0,0,[],[]
19385000,19385820,NA,NOF,0.0,579,pause,NA,NA,NA,NA,0.0,0,-38.19,-27.74,[],0,0,[],[]
19385820,19387850,NA,MAF,0.0,579,pause,NA,NA,NA,NA,0.0,0,-43.19,-26.59,[],0,0,[],[]
19387850,19389010,NA,OLF,0.0,579,pause,NA,NA,NA,NA,0.0,0,-39.42,-34.42,[],0,0,[],[]
19389010,19392660,NA,FAF,0.0,579,pause,NA,NA,NA,NA,0.0,0,-33.03,-9.01,[],0,0,[],[]
19392660,19393460,NA,OLF,0.0,579,pause,NA,NA,NA,NA,0.0,0,-37.35,-27.54,[],0,0,[],[]
19393460,19395130,NA,MAF,0.0,579,pause,NA,NA,NA,NA,0.0,0,-46.13,-35.75,[],0,0,[],[]
19395130,19396720,NA,OLF,0.0,579,pause,NA,NA,NA,NA,0.0,0,-37.43,-29.55,[],0,0,[],[]
19396720,19398020,NA,NOF,0.0,579,pause,NA,NA,NA,NA,0.0,0,-18.37,-1.77,[],0,0,[],[]
19398020,19399330,NA,OLN,0.0,579,pause,NA,NA,NA,NA,0.0,0,-36.92,-27.54,[],0,0,[],[]
19399330,19400130,NA,NOF,0.0,579,pause,NA,NA,NA,NA,0.0,0,-45.63,-40.75,[],0,0,[],[]
19400130,19401140,NA,TVN,0.0,579,pause,NA,NA,NA,NA,0.0,0,-37.66,-30.53,[],0,0,[],[]
19401140,19402040,NA,OLF,0.0,579,pause,NA,NA,NA,NA,0.0,0,-38.58,-31.99,[],0,0,[],[]
19402040,19402970,NA,SIL,0.0,579,pause,NA,NA,NA,NA,0.0,0,-50.23,-44.45,[],0,0,[],[]
19402970,19403970,NA,FAF,0.0,579,pause,NA,NA,NA,NA,0.0,0,-41.72,-34.14,[],0,0,[],[]
19403970,19404770,NA,OLF,0.0,579,pause,NA,NA,NA,NA,0.0,0,-36.68,-28.35,[],0,0,[],[]
19404770,19405770,NA,FAF,0.0,579,pause,NA,NA,NA,NA,0.0,0,-40.18,-28.19,[],0,0,[],[]
19405770,19406570,NA,OLF,0.0,579,pause,NA,NA,NA,NA,0.0,0,-42.93,-31.16,[],0,0,[],[]
19406570,19407410,NA,MAF,0.0,579,pause,NA,NA,NA,NA,0.0,0,-45.58,-36.94,[],0,0,[],[]
19407410,19408590,NA,OLN,0.0,579,pause,NA,NA,NA,NA,0.0,0,-20.62,-4.23,[],0,0,[],[]
19408590,19409420,NA,NOF,0.0,579,pause,NA,NA,NA,NA,0.0,0,-40.65,-22.91,[],0,0,[],[]
19409420,19411420,NA,MAF,0.0,579,pause,NA,NA,NA,NA,0.0,0,-20.33,-4.91,[],0,0,[],[]
19411420,19412590,NA,NOF,0.0,579,pause,NA,NA,NA,NA,0.0,0,-44.58,-38.01,[],0,0,[],[]
19412590,19413490,NA,TVF,0.0,579,pause,NA,NA,NA,NA,0.0,0,-43.8,-37.93,[],0,0,[],[]
19413490,19414390,NA,OLF,0.0,579,pause,NA,NA,NA,NA,0.0,0,-38.49,-32.82,[],0,0,[],[]
19414390,19416050,NA,FAF,0.0,579,pause,NA,NA,NA,NA,0.0,0,-44.69,-29.1,[],0,0,[],[]
19416050,19417190,NA,TVF,0.0,579,pause,NA,NA,NA,NA,0.0,0,-43.19,-31.1,[],0,0,[],[]
19417190,19418050,NA,OLF,0.0,579,pause,NA,NA,NA,NA,0.0,0,-41.33,-29.47,[],0,0,[],[]
19418050,19419080,NA,MAF,0.0,579,pause,NA,NA,NA,NA,0.0,0,-40.76,-25.5,[],0,0,[],[]
19419080,19419900,NA,CXF,0.0,579,pause,NA,NA,NA,NA,0.0,0,-43.98,-38.06,[],0,0,[],[]
19419900,19421290,NA,TVF,0.0,579,pause,NA,NA,NA,NA,0.0,0,-47.63,-43.66,[],0,0,[],[]
19421290,19422300,NA,FAF,0.0,579,pause,NA,NA,NA,NA,0.0,0,-45.62,-31.93,[],0,0,[],[]
19422300,19423300,NA,MAF,0.0,579,pause,NA,NA,NA,NA,0.0,0,-43.0,-32.32,[],0,0,[],[]
19423300,19424100,NA,NOF,0.0,579,pause,NA,NA,NA,NA,0.0,0,-16.69,-1.7,[],0,0,[],[]
19424100,19425240,NA,OLF,0.0,579,pause,NA,NA,NA,NA,0.0,0,-35.4,-18.9,[],0,0,[],[]
19425240,19427390,NA,MAF,0.0,579,pause,NA,NA,NA,NA,0.0,0,-45.68,-35.81,[],0,0,[],[]
19427390,19428770,NA,TVN,0.0,579,pause,NA,NA,NA,NA,0.0,0,-44.81,-38.89,[],0,0,[],[]
19428770,19429570,NA,SIL,0.0,579,pause,NA,NA,NA,NA,0.0,0,-43.19,-26.14,[],0,0,[],[]
19429570,19430570,NA,FAF,0.0,579,pause,NA,NA,NA,NA,0.0,0,-45.39,-33.22,[],0,0,[],[]
19430570,19431570,NA,NOF,0.0,579,pause,NA,NA,NA,NA,0.0,0,-46.51,-31.21,[],0,0,[],[]
19431570,19432370,NA,SIL,0.0,579,pause,NA,NA,NA,NA,0.0,0,-51.75,-41.86,[],0,0,[],[]
19432370,19433300,NA,NOF,0.0,579,pause,NA,NA,NA,NA,0.0,0,-43.03,-33.16,[],0,0,[],[]
19433300,19434300,NA,MAF,0.0,579,pause,NA,NA,NA,NA,0.0,0,-40.16,-29.32,[],0,0,[],[]
19434300,19435230,NA,NOF,0.0,579,pause,NA,NA,NA,NA,0.0,0,-45.64,-32.08,[],0,0,[],[]
19435230,19436590,NA,SIL,0.0,579,pause,NA,NA,NA,NA,0.0,0,-56.76,-48.14,[],0,0,[],[]
19436590,19439390,NA,MAF,0.0,579,pause,NA,NA,NA,NA,0.0,0,-43.58,-36.92,[],0,0,[],[]
19439390,19440190,NA,OLF,0.0,579,pause,NA,NA,NA,NA,0.0,0,-41.52,-36.57,[],0,0,[],[]
19440190,19441870,NA,MAF,0.0,579,pause,NA,NA,NA,NA,0.0,0,-36.41,-22.88,[],0,0,[],[]
19441870,19443460,NA,SIL,0.0,579,pause,NA,NA,NA,NA,0.0,0,-50.54,-41.53,[],0,0,[],[]
19443460,19444280,NA,NOF,0.0,579,pause,NA,NA,NA,NA,0.0,0,-48.68,-42.39,[],0,0,[],[]
19444280,19445180,NA,SIL,0.0,579,pause,NA,NA,NA,NA,0.0,0,-45.79,-30.59,[],0,0,[],[]
19445180,19446310,NA,NOF,0.0,579,pause,NA,NA,NA,NA,0.0,0,-42.07,-34.62,[],0,0,[],[]
19446310,19447660,NA,SIL,0.0,579,pause,NA,NA,NA,NA,0.0,0,-51.81,-41.23,[],0,0,[],[]
19447660,19448830,NA,TVF,0.0,579,pause,NA,NA,NA,NA,0.0,0,-47.7,-40.0,[],0,0,[],[]
19448830,19450380,NA,SIL,0.0,579,pause,NA,NA,NA,NA,0.0,0,-53.72,-45.96,[],0,0,[],[]
19450380,19451490,MAL,MAN,6.51,579,AMM,EC,0,NT,FI,0.0,0,-39.99,-32.41,[],0,0,[],[]
19451490,19453710,NA,CXF,0.0,580,pause,NA,NA,NA,NA,0.0,0,-45.0,-36.58,[],0,0,[],[]
19453710,19454510,NA,OLF,0.0,580,pause,NA,NA,NA,NA,0.0,0,-41.78,-34.99,[],0,0,[],[]
19454510,19455580,NA,NOF,0.0,580,pause,NA,NA,NA,NA,0.0,0,-47.18,-38.15,[],0,0,[],[]
19455580,19456730,NA,MAF,0.0,580,pause,NA,NA,NA,NA,0.0,0,-40.78,-32.23,[],0,0,[],[]
19456730,19457530,NA,SIL,0.0,580,pause,NA,NA,NA,NA,0.0,0,-47.57,-41.17,[],0,0,[],[]
19457530,19458360,NA,NOF,0.0,580,pause,NA,NA,NA,NA,0.0,0,-44.98,-39.0,[],0,0,[],[]
19458360,19459160,NA,SIL,0.0,580,pause,NA,NA,NA,NA,0.0,0,-49.98,-38.16,[],0,0,[],[]
19459160,19460250,NA,FAF,0.0,580,pause,NA,NA,NA,NA,0.0,0,-44.51,-35.06,[],0,0,[],[]
19460250,19461230,NA,OLF,0.0,580,pause,NA,NA,NA,NA,0.0,0,-41.58,-35.02,[],0,0,[],[]
19461230,19462060,NA,CXF,0.0,580,pause,NA,NA,NA,NA,0.0,0,-44.02,-37.45,[],0,0,[],[]
19462060,19464300,NA,OLF,0.0,580,pause,NA,NA,NA,NA,0.0,0,-44.66,-35.2,[],0,0,[],[]
19464300,19465950,NA,TVF,0.0,580,pause,NA,NA,NA,NA,0.0,0,-44.91,-34.96,[],0,0,[],[]
19465950,19466840,NA,NOF,0.0,580,pause,NA,NA,NA,NA,0.0,0,-33.53,-17.38,[],0,0,[],[]
19466840,19469000,NA,MAF,0.0,580,pause,NA,NA,NA,NA,0.0,0,-39.46,-21.91,[],0,0,[],[]
19469000,19469810,NA,OLF,0.0,580,pause,NA,NA,NA,NA,0.0,0,-39.62,-30.92,[],0,0,[],[]
19469810,19470810,NA,TVF,0.0,580,pause,NA,NA,NA,NA,0.0,0,-46.43,-32.14,[],0,0,[],[]
19470810,19472130,NA,NOF,0.0,580,pause,NA,NA,NA,NA,0.0,0,-46.65,-36.3,[],0,0,[],[]
19472130,19474230,NA,MAF,0.0,580,pause,NA,NA,NA,NA,0.0,0,-42.36,-35.11,[],0,0,[],[]
19474230,19476630,OCH,CXN,0.0,580,XIOCA,BC,0,NT,FI,0.0,0,-23.36,-14.39,[],0,0,[],[]
19476630,19477670,NA,MAF,0.0,580,XIOCA,NA,NA,NA,NA,0.0,0,-43.47,-33.83,[],0,0,[],[]
19477670,19479220,FEM,FAN,7.33,580,XIOCA,RC,0,NT,FI,0.0,0,-35.42,-27.91,[],0,0,[],[]
19479220,19480220,NA,TVN,0.0,580,XIOCA,NA,NA,NA,NA,0.0,0,-36.57,-28.96,[],0,0,[],[]
19480220,19481960,NA,OLN,0.0,580,XIOCA,NA,NA,NA,NA,0.0,0,-28.39,-17.95,[],0,0,[],[]
19481960,19483100,OCH,CXN,0.0,580,XIOCA,RC,0,NT,FI,0.0,0,-24.99,-15.96,[],0,0,[],[]
19483100,19483940,OCH,CXN,0.0,580,XIOCA,RC,0,NT,FH,0.0,0,-21.73,-9.03,[],0,0,[],[]
19483940,19486690,NA,OLN,0.0,580,XIOCA,NA,NA,NA,NA,0.0,0,-30.15,-11.19,[],0,0,[],[]
19486690,19487490,OCH,CXN,0.0,580,XIOCA,RC,0,NT,FH,0.0,0,-24.38,-17.67,[],0,0,[],[]
19487490,19488310,NA,OLN,0.0,580,XIOCA,NA,NA,NA,NA,0.0,0,-31.69,-20.39,[],0,0,[],[]
19488310,19489140,OCH,CXN,0.0,580,XIOCA,RC,0,NT,FH,0.0,0,-35.46,-28.65,[],0,0,[],[]
19489140,19490200,NA,TVN,0.0,580,XIOCA,NA,NA,NA,NA,0.0,0,-33.81,-22.28,[],0,0,[],[]
19490200,19491660,OCH,CXN,0.0,580,XIOCA,RC,0,NT,FH,0.0,0,-38.34,-31.05,[],0,0,[],[]
19491660,19492510,NA,OLF,0.0,580,XIOCA,NA,NA,NA,NA,0.0,0,-44.06,-37.66,[],0,0,[],[]
19492510,19494320,NA,OLN,0.0,580,XIOCA,NA,NA,NA,NA,0.0,0,-37.54,-29.33,[],0,0,[],[]
19494320,19495260,NA,NON,0.0,580,XIOCA,NA,NA,NA,NA,0.0,0,-37.93,-28.18,[],0,0,[],[]
19495260,19496080,OCH,CXN,0.0,580,XIOCA,RC,0,NT,FH,0.0,0,-42.6,-34.08,[],0,0,[],[]
19496080,19496920,NA,NOF,0.0,580,XIOCA,NA,NA,NA,NA,0.0,0,-48.69,-38.72,[],0,0,[],[]
19496920,19497910,NA,CXF,0.0,580,XIOCA,NA,NA,NA,NA,0.0,0,-40.89,-33.57,[],0,0,[],[]
19497910,19498910,MAL,MAN,10.72,580,XIOCA,RC,0,NT,FI,0.0,0,-38.06,-30.38,[],0,0,[],[]
19498910,19499910,NA,TVF,0.0,580,XIOCA,NA,NA,NA,NA,0.0,0,-43.7,-38.89,[],0,0,[],[]
19499910,19500760,NA,OLN,0.0,580,XIOCA,NA,NA,NA,NA,0.0,0,-37.56,-29.8,[],0,0,[],[]
19500760,19501760,NA,TVN,0.0,580,XIOCA,NA,NA,NA,NA,0.0,0,-40.86,-30.37,[],0,0,[],[]
19501760,19502680,OCH,CXN,0.0,580,XIOCA,EC,0,NT,FI,0.0,0,-40.52,-33.94,[],0,0,[],[]
19502680,19503720,NA,TVN,0.0,581,pause,NA,NA,NA,NA,0.0,0,-40.93,-34.66,[],0,0,[],[]
19503720,19504810,NA,OLF,0.0,581,pause,NA,NA,NA,NA,0.0,0,-41.5,-34.47,[],0,0,[],[]
19504810,19506800,NA,TVF,0.0,581,pause,NA,NA,NA,NA,0.0,0,-44.5,-37.22,[],0,0,[],[]
19506800,19507610,NA,OLF,0.0,581,pause,NA,NA,NA,NA,0.0,0,-44.86,-37.85,[],0,0,[],[]
19507610,19508610,NA,TVF,0.0,581,pause,NA,NA,NA,NA,0.0,0,-46.02,-41.17,[],0,0,[],[]
19508610,19510400,FEM,FAN,3.94,581,AICF,BC,0,NT,FI,0.0,0,-32.88,-22.56,[],0,0,[],[]
19510400,19511280,NA,FAF,0.0,581,AICF,NA,NA,NA,NA,0.0,0,-38.41,-28.2,[],0,0,[],[]
19511280,19512320,NA,TVF,0.0,581,AICF,NA,NA,NA,NA,0.0,0,-44.65,-32.25,[],0,0,[],[]
19512320,19513340,FEM,FAN,5.83,581,AICF,RC,0,TIFI,FH,0.0,0,-34.98,-29.18,[],0,0,[],[]
19513340,19514340,NA,TVF,0.0,581,AICF,NA,NA,NA,NA,0.0,0,-47.08,-42.69,[],0,0,[],[]
19514340,19515280,NA,NOF,0.0,581,AICF,NA,NA,NA,NA,0.0,0,-40.19,-22.33,[],0,0,[],[]
19515280,19516000,CHI,CHN,0.0,581,AICF,RC,1,TIFR,FI,1.0,720,-23.22,-15.51,"[{'Canonical-syllable': '0', 'Growl': '0', 'High-freq-energy': '0', 'Long-island': '0', 'Low-tilt-spectrum': '0', 'Medium-island': '1', 'Short-island': '1', 'Squeal': '0', 'Typical-entropy': '0', 'Voicing-quality': '2', 'Wide-band': '0', 'Xlong-island': '0', 'seq': '1', 'end': 19516.0, 'start': 19515.28}]",0,0,[],[]
19516000,19517090,FEM,FAN,0.0,581,AICF,NA,NA,NA,NA,0.0,0,-32.11,-19.06,[],1090,0,[],[]
19517090,19517720,FEM,FAN,1.61,581,AICF,RC,1,TIFE,FI,0.0,0,-32.61,-26.47,[],0,0,[],[]
19517720,19519290,FEM,FAN,6.01,581,AICF,EC,1,NT,FH,0.0,0,-38.99,-32.75,[],0,0,[],[]
19519290,19521140,NA,NOF,0.0,582,pause,NA,NA,NA,NA,0.0,0,-39.5,-18.83,[],0,0,[],[]
19521140,19522850,NA,TVF,0.0,582,pause,NA,NA,NA,NA,0.0,0,-51.41,-46.4,[],0,0,[],[]
19522850,19523660,NA,CXF,0.0,582,pause,NA,NA,NA,NA,0.0,0,-44.29,-38.61,[],0,0,[],[]
19523660,19524660,NA,TVF,0.0,582,pause,NA,NA,NA,NA,0.0,0,-44.32,-38.51,[],0,0,[],[]
19524660,19526020,NA,MAF,0.0,582,pause,NA,NA,NA,NA,0.0,0,-45.8,-31.18,[],0,0,[],[]
19526020,19527110,NA,FAF,0.0,582,pause,NA,NA,NA,NA,0.0,0,-41.93,-30.37,[],0,0,[],[]
19527110,19528140,NA,NOF,0.0,582,pause,NA,NA,NA,NA,0.0,0,-41.59,-22.77,[],0,0,[],[]
19528140,19529840,NA,TVF,0.0,582,pause,NA,NA,NA,NA,0.0,0,-44.19,-35.07,[],0,0,[],[]
19529840,19530640,NA,SIL,0.0,582,pause,NA,NA,NA,NA,0.0,0,-55.75,-50.03,[],0,0,[],[]
19530640,19531740,OCH,CXN,0.0,582,XIC,BC,0,NT,FI,0.0,0,-41.34,-28.87,[],0,0,[],[]
19531740,19532540,NA,NOF,0.0,582,XIC,NA,NA,NA,NA,0.0,0,-42.06,-23.46,[],0,0,[],[]
19532540,19533570,OCH,CXN,0.0,582,XIC,RC,0,NT,FH,0.0,0,-32.75,-16.99,[],0,0,[],[]
19533570,19534170,CHI,CHN,0.0,582,XIC,RC,0,TIFI,FI,1.0,600,-22.29,-18.04,"[{'Canonical-syllable': '0', 'Growl': '0', 'High-freq-energy': '0', 'Long-island': '0', 'Low-tilt-spectrum': '0', 'Medium-island': '1', 'Short-island': '0', 'Squeal': '0', 'Typical-entropy': '0', 'Voicing-quality': '1', 'Wide-band': '0', 'Xlong-island': '0', 'seq': '1', 'end': 19534.17, 'start': 19533.57}]",0,0,[],[]
19534170,19535190,FEM,FAN,6.21,582,XIC,RC,1,TIFR,FI,0.0,0,-35.07,-23.59,[],0,0,[],[]
19535190,19535990,NA,CXF,0.0,582,XIC,NA,NA,NA,NA,0.0,0,-47.97,-37.41,[],0,0,[],[]
19535990,19538070,NA,MAF,0.0,582,XIC,NA,NA,NA,NA,0.0,0,-42.32,-27.88,[],0,0,[],[]
19538070,19539520,OCH,CXN,0.0,582,XIC,EC,1,NT,FI,0.0,0,-35.26,-28.63,[],0,0,[],[]
19539520,19540520,NA,CXF,0.0,583,pause,NA,NA,NA,NA,0.0,0,-38.63,-29.5,[],0,0,[],[]
19540520,19541450,NA,MAF,0.0,583,pause,NA,NA,NA,NA,0.0,0,-42.44,-32.93,[],0,0,[],[]
19541450,19542480,NA,OLN,0.0,583,pause,NA,NA,NA,NA,0.0,0,-35.74,-26.88,[],0,0,[],[]
19542480,19543890,NA,MAF,0.0,583,pause,NA,NA,NA,NA,0.0,0,-40.61,-26.88,[],0,0,[],[]
19543890,19544720,NA,CXF,0.0,583,pause,NA,NA,NA,NA,0.0,0,-38.2,-29.31,[],0,0,[],[]
19544720,19545780,NA,NOF,0.0,583,pause,NA,NA,NA,NA,0.0,0,-49.63,-42.43,[],0,0,[],[]
19545780,19547030,NA,OLF,0.0,583,pause,NA,NA,NA,NA,0.0,0,-42.98,-29.21,[],0,0,[],[]
19547030,19548070,OCH,CXN,0.0,583,XM,EC,0,NT,FI,0.0,0,-38.02,-29.66,[],0,0,[],[]
19548070,19549090,NA,TVF,0.0,584,pause,NA,NA,NA,NA,0.0,0,-47.34,-41.81,[],0,0,[],[]
19549090,19551660,NA,OLF,0.0,584,pause,NA,NA,NA,NA,0.0,0,-29.24,-7.45,[],0,0,[],[]
19551660,19555060,NA,NOF,0.0,584,pause,NA,NA,NA,NA,0.0,0,-23.74,-1.5,[],0,0,[],[]
19555060,19556860,OCH,CXN,0.0,584,XM,EC,0,NT,FI,0.0,0,-29.53,-14.12,[],0,0,[],[]
19556860,19557790,NA,OLN,0.0,585,pause,NA,NA,NA,NA,0.0,0,-22.59,-8.33,[],0,0,[],[]
19557790,19558590,NA,OLF,0.0,585,pause,NA,NA,NA,NA,0.0,0,-29.76,-14.01,[],0,0,[],[]
19558590,19559190,CHI,CHN,0.0,585,pause,NA,NA,NA,NA,0.0,0,-31.65,-24.05,[],0,470,[],"[{'start': 19558.59, 'end': 19559.06}]"
19559190,19561020,NA,OLF,0.0,585,pause,NA,NA,NA,NA,0.0,0,-35.06,-23.23,[],0,0,[],[]
19561020,19561890,NA,NOF,0.0,585,pause,NA,NA,NA,NA,0.0,0,-24.39,-8.14,[],0,0,[],[]
19561890,19562830,OCH,CXN,0.0,585,XIC,BC,0,NT,FI,0.0,0,-15.06,-7.94,[],0,0,[],[]
19562830,19563680,CHI,CHN,0.0,585,XIC,RC,0,NT,FI,1.0,460,-15.95,-9.28,"[{'Canonical-syllable': '0', 'Growl': '0', 'High-freq-energy': '1', 'Long-island': '0', 'Low-tilt-spectrum': '0', 'Medium-island': '1', 'Short-island': '0', 'Squeal': '0', 'Typical-entropy': '1', 'Voicing-quality': '1', 'Wide-band': '0', 'Xlong-island': '0', 'seq': '1', 'end': 19563.29, 'start': 19562.83}]",0,0,[],[]
19563680,19564480,OCH,CXN,0.0,585,XIC,RC,0,NT,FI,0.0,0,-23.7,-12.16,[],0,0,[],[]
19564480,19565290,NA,OLN,0.0,585,XIC,NA,NA,NA,NA,0.0,0,-28.78,-18.35,[],0,0,[],[]
19565290,19566090,OCH,CXN,0.0,585,XIC,RC,0,NT,FH,0.0,0,-18.49,-13.43,[],0,0,[],[]
19566090,19567190,NA,OLF,0.0,585,XIC,NA,NA,NA,NA,0.0,0,-34.11,-23.48,[],0,0,[],[]
19567190,19568000,OCH,CXN,0.0,585,XIC,RC,0,NT,FH,0.0,0,-22.74,-14.22,[],0,0,[],[]
19568000,19569920,NA,OLN,0.0,585,XIC,NA,NA,NA,NA,0.0,0,-21.98,-11.31,[],0,0,[],[]
19569920,19570940,CHI,CHN,0.0,585,XIC,NA,NA,NA,NA,0.0,0,-15.57,-7.46,[],0,1020,"[{'start': 19569.92, 'end': 19570.94}]",[]
19570940,19572090,CHI,CHN,0.0,585,XIC,RC,0,NT,FI,1.0,1150,-19.55,-10.42,"[{'Canonical-syllable': '0', 'Growl': '0', 'High-freq-energy': '0', 'Long-island': '0', 'Low-tilt-spectrum': '2', 'Medium-island': '2', 'Short-island': '0', 'Squeal': '1', 'Typical-entropy': '2', 'Voicing-quality': '2', 'Wide-band': '0', 'Xlong-island': '0', 'seq': '1', 'end': 19572.09, 'start': 19570.94}]",0,0,[],[]
19572090,19572890,NA,OLN,0.0,585,XIC,NA,NA,NA,NA,0.0,0,-25.67,-16.46,[],0,0,[],[]
19572890,19574020,NA,OLF,0.0,585,XIC,NA,NA,NA,NA,0.0,0,-23.07,-4.28,[],0,0,[],[]
19574020,19574830,NA,OLN,0.0,585,XIC,NA,NA,NA,NA,0.0,0,-17.77,-8.6,[],0,0,[],[]
19574830,19575630,OCH,CXN,0.0,585,XIC,RC,0,NT,FI,0.0,0,-16.99,-8.48,[],0,0,[],[]
19575630,19577320,NA,OLN,0.0,585,XIC,NA,NA,NA,NA,0.0,0,-19.09,-9.37,[],0,0,[],[]
19577320,19578120,OCH,CXN,0.0,585,XIC,RC,0,NT,FH,0.0,0,-24.53,-17.3,[],0,0,[],[]
19578120,19578920,NA,OLN,0.0,585,XIC,NA,NA,NA,NA,0.0,0,-29.31,-22.44,[],0,0,[],[]
19578920,19579950,OCH,CXN,0.0,585,XIC,RC,0,NT,FH,0.0,0,-16.28,-4.55,[],0,0,[],[]
19579950,19581430,CHI,CHN,0.0,585,XIC,NA,NA,NA,NA,0.0,0,-13.07,-4.49,[],0,1480,"[{'start': 19579.95, 'end': 19581.43}]",[]
19581430,19582310,OCH,CXN,0.0,585,XIC,RC,0,NT,FH,0.0,0,-16.19,-7.16,[],0,0,[],[]
19582310,19583110,NA,OLN,0.0,585,XIC,NA,NA,NA,NA,0.0,0,-20.2,-9.05,[],0,0,[],[]
19583110,19583710,OCH,CXN,0.0,585,XIC,RC,0,NT,FH,0.0,0,-16.74,-6.1,[],0,0,[],[]
19583710,19585350,NA,OLF,0.0,585,XIC,NA,NA,NA,NA,0.0,0,-23.42,-4.16,[],0,0,[],[]
19585350,19586140,OCH,CXN,0.0,585,XIC,RC,0,NT,FH,0.0,0,-13.84,-5.27,[],0,0,[],[]
19586140,19587250,OCH,CXN,0.0,585,XIC,RC,0,NT,FH,0.0,0,-15.79,-8.11,[],0,0,[],[]
19587250,19588050,NA,OLN,0.0,585,XIC,NA,NA,NA,NA,0.0,0,-27.66,-17.52,[],0,0,[],[]
19588050,19589110,OCH,CXN,0.0,585,XIC,RC,0,NT,FH,0.0,0,-28.44,-11.38,[],0,0,[],[]
19589110,19591660,NA,OLN,0.0,585,XIC,NA,NA,NA,NA,0.0,0,-21.45,-5.0,[],0,0,[],[]
19591660,19592400,CHI,CHN,0.0,585,XIC,RC,0,NT,FI,1.0,740,-14.42,-10.11,"[{'Canonical-syllable': '0', 'Growl': '0', 'High-freq-energy': '0', 'Long-island': '1', 'Low-tilt-spectrum': '1', 'Medium-island': '0', 'Short-island': '0', 'Squeal': '0', 'Typical-entropy': '1', 'Voicing-quality': '1', 'Wide-band': '0', 'Xlong-island': '0', 'seq': '1', 'end': 19592.4, 'start': 19591.66}]",0,0,[],[]
19592400,19597200,OCH,CXN,0.0,585,XIC,RC,0,NT,FI,0.0,0,-23.76,-9.38,[],0,0,[],[]
19597200,19598010,CHI,CHN,0.0,585,XIC,RC,0,TIFI,FI,1.0,670,-20.12,-12.05,"[{'Canonical-syllable': '0', 'Growl': '0', 'High-freq-energy': '0', 'Long-island': '1', 'Low-tilt-spectrum': '0', 'Medium-island': '0', 'Short-island': '0', 'Squeal': '0', 'Typical-entropy': '1', 'Voicing-quality': '1', 'Wide-band': '0', 'Xlong-island': '0', 'seq': '1', 'end': 19597.87, 'start': 19597.2}]",0,0,[],[]
19598010,19599380,FEM,FAN,10.58,585,XIC,RC,1,TIFR,FI,0.0,0,-21.0,-12.65,[],0,0,[],[]
19599380,19601190,NA,OLN,0.0,585,XIC,NA,NA,NA,NA,0.0,0,-28.06,-19.96,[],0,0,[],[]
19601190,19602200,FEM,FAN,10.37,585,XIC,RC,1,NT,FH,0.0,0,-32.58,-23.73,[],0,0,[],[]
19602200,19603440,NA,OLN,0.0,585,XIC,NA,NA,NA,NA,0.0,0,-34.16,-26.07,[],0,0,[],[]
19603440,19604430,OCH,CXN,0.0,585,XIC,RC,1,NT,FI,0.0,0,-32.22,-23.23,[],0,0,[],[]
19604430,19605430,FEM,FAN,0.0,585,XIC,NA,NA,NA,NA,0.0,0,-37.83,-30.87,[],1000,0,[],[]
19605430,19606430,NA,TVF,0.0,585,XIC,NA,NA,NA,NA,0.0,0,-37.71,-25.77,[],0,0,[],[]
19606430,19607230,NA,OLF,0.0,585,XIC,NA,NA,NA,NA,0.0,0,-39.69,-31.54,[],0,0,[],[]
19607230,19607830,OCH,CXN,0.0,585,XIC,RC,1,NT,FH,0.0,0,-32.69,-25.51,[],0,0,[],[]
19607830,19608980,NA,OLN,0.0,585,XIC,NA,NA,NA,NA,0.0,0,-31.9,-24.66,[],0,0,[],[]
19608980,19610280,OCH,CXN,0.0,585,XIC,RC,1,NT,FH,0.0,0,-33.84,-25.27,[],0,0,[],[]
19610280,19611480,NA,OLF,0.0,585,XIC,NA,NA,NA,NA,0.0,0,-44.29,-32.56,[],0,0,[],[]
19611480,19612280,CHI,CHN,0.0,585,XIC,RC,1,TIFI,FI,1.0,440,-15.75,-9.49,"[{'Canonical-syllable': '0', 'Growl': '0', 'High-freq-energy': '0', 'Long-island': '0', 'Low-tilt-spectrum': '0', 'Medium-island': '1', 'Short-island': '0', 'Squeal': '0', 'Typical-entropy': '0', 'Voicing-quality': '1', 'Wide-band': '0', 'Xlong-island': '0', 'seq': '1', 'end': 19612.28, 'start': 19611.84}]",0,0,[],[]
19612280,19614380,FEM,FAN,7.16,585,XIC,RC,2,TIFR,FI,0.0,0,-25.39,-10.26,[],0,0,[],[]
19614380,19615230,NA,NOF,0.0,585,XIC,NA,NA,NA,NA,0.0,0,-43.63,-35.32,[],0,0,[],[]
19615230,19616820,OCH,CXN,0.0,585,XIC,RC,2,NT,FI,0.0,0,-21.74,-15.43,[],0,0,[],[]
19616820,19617840,NA,OLN,0.0,585,XIC,NA,NA,NA,NA,0.0,0,-34.21,-24.51,[],0,0,[],[]
19617840,19618640,OCH,CXN,0.0,585,XIC,RC,2,NT,FH,0.0,0,-32.88,-24.69,[],0,0,[],[]
19618640,19619510,NA,OLF,0.0,585,XIC,NA,NA,NA,NA,0.0,0,-36.7,-29.82,[],0,0,[],[]
19619510,19620310,NA,FAF,0.0,585,XIC,NA,NA,NA,NA,0.0,0,-48.4,-39.15,[],0,0,[],[]
19620310,19621560,OCH,CXN,0.0,585,XIC,EC,2,NT,FH,0.0,0,-34.61,-28.22,[],0,0,[],[]
19621560,19622360,NA,OLF,0.0,586,pause,NA,NA,NA,NA,0.0,0,-38.9,-29.04,[],0,0,[],[]
19622360,19623210,NA,NOF,0.0,586,pause,NA,NA,NA,NA,0.0,0,-16.25,-3.0,[],0,0,[],[]
19623210,19624010,NA,TVF,0.0,586,pause,NA,NA,NA,NA,0.0,0,-44.08,-42.28,[],0,0,[],[]
19624010,19625000,NA,NOF,0.0,586,pause,NA,NA,NA,NA,0.0,0,-45.33,-41.69,[],0,0,[],[]
19625000,19626040,NA,OLF,0.0,586,pause,NA,NA,NA,NA,0.0,0,-41.06,-35.28,[],0,0,[],[]
19626040,19626840,NA,CXF,0.0,586,pause,NA,NA,NA,NA,0.0,0,-39.26,-34.18,[],0,0,[],[]
19626840,19627840,NA,MAF,0.0,586,pause,NA,NA,NA,NA,0.0,0,-45.66,-40.48,[],0,0,[],[]
19627840,19628640,NA,FAF,0.0,586,pause,NA,NA,NA,NA,0.0,0,-48.39,-40.33,[],0,0,[],[]
19628640,19629470,NA,CXF,0.0,586,pause,NA,NA,NA,NA,0.0,0,-43.31,-37.03,[],0,0,[],[]
19629470,19630280,NA,OLF,0.0,586,pause,NA,NA,NA,NA,0.0,0,-33.67,-22.84,[],0,0,[],[]
19630280,19631280,NA,MAF,0.0,586,pause,NA,NA,NA,NA,0.0,0,-42.31,-35.42,[],0,0,[],[]
19631280,19632280,NA,NOF,0.0,586,pause,NA,NA,NA,NA,0.0,0,-43.71,-29.01,[],0,0,[],[]
19632280,19633360,OCH,CXN,0.0,586,XIC,BC,0,NT,FI,0.0,0,-31.56,-23.05,[],0,0,[],[]
19633360,19635050,NA,OLF,0.0,586,XIC,NA,NA,NA,NA,0.0,0,-35.75,-24.54,[],0,0,[],[]
19635050,19636370,OCH,CXN,0.0,586,XIC,RC,0,NT,FH,0.0,0,-23.63,-12.36,[],0,0,[],[]
19636370,19637170,NA,NON,0.0,586,XIC,NA,NA,NA,NA,0.0,0,-38.94,-29.27,[],0,0,[],[]
19637170,19639020,OCH,CXN,0.0,586,XIC,RC,0,NT,FH,0.0,0,-25.13,-15.77,[],0,0,[],[]
19639020,19642400,FEM,FAN,12.09,586,XIC,RC,0,NT,FI,0.0,0,-26.74,-19.97,[],0,0,[],[]
19642400,19643200,NA,OLF,0.0,586,XIC,NA,NA,NA,NA,0.0,0,-40.94,-28.08,[],0,0,[],[]
19643200,19644210,FEM,FAN,6.5,586,XIC,RC,0,NT,FH,0.0,0,-36.84,-29.52,[],0,0,[],[]
19644210,19646070,OCH,CXN,0.0,586,XIC,RC,0,NT,FI,0.0,0,-33.0,-24.24,[],0,0,[],[]
19646070,19647000,NA,OLN,0.0,586,XIC,NA,NA,NA,NA,0.0,0,-36.17,-26.84,[],0,0,[],[]
19647000,19648360,NA,SIL,0.0,586,XIC,NA,NA,NA,NA,0.0,0,-49.68,-33.44,[],0,0,[],[]
19648360,19649600,OCH,CXN,0.0,586,XIC,RC,0,NT,FH,0.0,0,-34.37,-25.57,[],0,0,[],[]
19649600,19650690,FEM,FAN,0.0,586,XIC,NA,NA,NA,NA,0.0,0,-36.09,-26.04,[],1090,0,[],[]
19650690,19651510,OCH,CXN,0.0,586,XIC,RC,0,NT,FH,0.0,0,-36.32,-30.94,[],0,0,[],[]
19651510,19652310,NA,FAF,0.0,586,XIC,NA,NA,NA,NA,0.0,0,-39.99,-29.51,[],0,0,[],[]
19652310,19654710,OCH,CXN,0.0,586,XIC,RC,0,NT,FH,0.0,0,-35.43,-27.19,[],0,0,[],[]
19654710,19655890,NA,NOF,0.0,586,XIC,NA,NA,NA,NA,0.0,0,-44.01,-32.25,[],0,0,[],[]
19655890,19656490,CHI,CHN,0.0,586,XIC,RC,0,NT,FI,1.0,600,-25.87,-19.77,"[{'Canonical-syllable': '0', 'Growl': '0', 'High-freq-energy': '0', 'Long-island': '0', 'Low-tilt-spectrum': '0', 'Medium-island': '1', 'Short-island': '0', 'Squeal': '0', 'Typical-entropy': '0', 'Voicing-quality': '1', 'Wide-band': '0', 'Xlong-island': '0', 'seq': '1', 'end': 19656.49, 'start': 19656.08}]",0,0,[],[]
19656490,19657760,OCH,CXN,0.0,586,XIC,RC,0,NT,FI,0.0,0,-33.62,-22.73,[],0,0,[],[]
19657760,19658900,FEM,FAN,2.21,586,XIC,RC,0,NT,FI,0.0,0,-32.2,-22.34,[],0,0,[],[]
19658900,19659790,NA,OLF,0.0,586,XIC,NA,NA,NA,NA,0.0,0,-29.53,-14.65,[],0,0,[],[]
19659790,19660810,NA,FAF,0.0,586,XIC,NA,NA,NA,NA,0.0,0,-42.48,-31.32,[],0,0,[],[]
19660810,19662260,OCH,CXN,0.0,586,XIC,RC,0,NT,FI,0.0,0,-17.22,-10.03,[],0,0,[],[]
19662260,19663270,FEM,FAN,4.85,586,XIC,RC,0,NT,FI,0.0,0,-24.42,-11.01,[],0,0,[],[]
19663270,19664880,OCH,CXN,0.0,586,XIC,RC,0,NT,FI,0.0,0,-38.95,-28.38,[],0,0,[],[]
19664880,19666360,FEM,FAN,2.47,586,XIC,RC,0,TIFI,FI,0.0,0,-36.65,-27.38,[],0,0,[],[]
19666360,19668170,NA,MAF,0.0,586,XIC,NA,NA,NA,NA,0.0,0,-42.1,-32.86,[],0,0,[],[]
19668170,19669890,NA,OLF,0.0,586,XIC,NA,NA,NA,NA,0.0,0,-38.58,-28.27,[],0,0,[],[]
19669890,19670690,NA,MAF,0.0,586,XIC,NA,NA,NA,NA,0.0,0,-37.35,-22.79,[],0,0,[],[]
19670690,19671410,CHI,CHN,0.0,586,XIC,RC,1,TIFR,FI,1.0,720,-13.2,-4.77,"[{'Canonical-syllable': '1', 'Growl': '1', 'High-freq-energy': '0', 'Long-island': '0', 'Low-tilt-spectrum': '1', 'Medium-island': '1', 'Short-island': '1', 'Squeal': '0', 'Typical-entropy': '2', 'Voicing-quality': '2', 'Wide-band': '0', 'Xlong-island': '0', 'seq': '1', 'end': 19671.41, 'start': 19670.69}]",0,0,[],[]
19671410,19672410,OCH,CXN,0.0,586,XIC,RC,1,NT,FI,0.0,0,-16.53,-7.05,[],0,0,[],[]
19672410,19673010,CHI,CHN,0.0,586,XIC,NA,NA,NA,NA,0.0,0,-15.72,-9.27,[],0,600,"[{'start': 19672.41, 'end': 19673.01}]",[]
19673010,19673850,OCH,CXN,0.0,586,XIC,RC,1,NT,FH,0.0,0,-18.03,-11.67,[],0,0,[],[]
19673850,19674670,NA,OLN,0.0,586,XIC,NA,NA,NA,NA,0.0,0,-32.21,-21.56,[],0,0,[],[]
19674670,19676720,NA,NON,0.0,586,XIC,NA,NA,NA,NA,0.0,0,-20.51,-4.03,[],0,0,[],[]
19676720,19677720,CHI,CHN,0.0,586,XIC,RC,1,NT,FI,1.0,1000,-18.72,-12.12,"[{'Canonical-syllable': '0', 'Growl': '0', 'High-freq-energy': '0', 'Long-island': '0', 'Low-tilt-spectrum': '0', 'Medium-island': '1', 'Short-island': '1', 'Squeal': '0', 'Typical-entropy': '0', 'Voicing-quality': '2', 'Wide-band': '0', 'Xlong-island': '0', 'seq': '1', 'end': 19677.72, 'start': 19676.87}]",0,0,[],[]
19677720,19678500,CHI,CHN,0.0,586,XIC,RC,1,NT,FH,1.0,670,-16.59,-11.2,"[{'Canonical-syllable': '0', 'Growl': '0', 'High-freq-energy': '0', 'Long-island': '1', 'Low-tilt-spectrum': '1', 'Medium-island': '0', 'Short-island': '0', 'Squeal': '0', 'Typical-entropy': '1', 'Voicing-quality': '1', 'Wide-band': '0', 'Xlong-island': '0', 'seq': '1', 'end': 19678.39, 'start': 19677.72}]",0,0,[],[]
19678500,19679450,NA,MAF,0.0,586,XIC,NA,NA,NA,NA,0.0,0,-42.61,-30.02,[],0,0,[],[]
19679450,19681190,OCH,CXN,0.0,586,XIC,RC,1,NT,FI,0.0,0,-33.53,-23.68,[],0,0,[],[]
19681190,19682190,CHI,CHN,0.0,586,XIC,RC,1,TIFI,FI,1.0,380,-31.74,-22.87,"[{'Canonical-syllable': '0', 'Growl': '0', 'High-freq-energy': '0', 'Long-island': '0', 'Low-tilt-spectrum': '0', 'Medium-island': '1', 'Short-island': '0', 'Squeal': '0', 'Typical-entropy': '1', 'Voicing-quality': '1', 'Wide-band': '0', 'Xlong-island': '0', 'seq': '1', 'end': 19682.19, 'start': 19681.81}]",0,0,[],[]
19682190,19683010,NA,SIL,0.0,586,XIC,NA,NA,NA,NA,0.0,0,-54.6,-48.29,[],0,0,[],[]
19683010,19684010,FEM,FAN,4.85,586,XIC,RC,2,TIFR,FI,0.0,0,-35.24,-20.53,[],0,0,[],[]
19684010,19684620,OCH,CXN,0.0,586,XIC,RC,2,NT,FI,0.0,0,-26.04,-18.83,[],0,0,[],[]
19684620,19685420,MAL,MAN,3.06,586,XIC,RC,2,NT,FI,0.0,0,-33.65,-25.22,[],0,0,[],[]
19685420,19686220,OCH,CXN,0.0,586,XIC,RC,2,NT,FI,0.0,0,-32.72,-24.26,[],0,0,[],[]
19686220,19687460,NA,MAF,0.0,586,XIC,NA,NA,NA,NA,0.0,0,-39.01,-26.54,[],0,0,[],[]
19687460,19688700,OCH,CXN,0.0,586,XIC,RC,2,NT,FH,0.0,0,-38.62,-32.86,[],0,0,[],[]
19688700,19689500,NA,SIL,0.0,586,XIC,NA,NA,NA,NA,0.0,0,-49.58,-39.03,[],0,0,[],[]
19689500,19690500,NA,TVF,0.0,586,XIC,NA,NA,NA,NA,0.0,0,-38.92,-22.22,[],0,0,[],[]
19690500,19691300,OCH,CXN,0.0,586,XIC,RC,2,NT,FH,0.0,0,-35.78,-30.0,[],0,0,[],[]
19691300,19693130,NA,MAF,0.0,586,XIC,NA,NA,NA,NA,0.0,0,-43.06,-34.37,[],0,0,[],[]
19693130,19694000,NA,OLF,0.0,586,XIC,NA,NA,NA,NA,0.0,0,-39.99,-34.4,[],0,0,[],[]
19694000,19695300,MAL,MAN,14.82,586,XIC,EC,2,NT,FI,0.0,0,-38.07,-25.23,[],0,0,[],[]
19695300,19696370,NA,CXF,0.0,587,pause,NA,NA,NA,NA,0.0,0,-39.69,-30.8,[],0,0,[],[]
19696370,19697370,NA,FAF,0.0,587,pause,NA,NA,NA,NA,0.0,0,-40.0,-34.8,[],0,0,[],[]
19697370,19701020,NA,TVF,0.0,587,pause,NA,NA,NA,NA,0.0,0,-49.7,-40.31,[],0,0,[],[]
19701020,19702730,NA,NOF,0.0,587,pause,NA,NA,NA,NA,0.0,0,-42.15,-26.61,[],0,0,[],[]
19702730,19703700,NA,CXF,0.0,587,pause,NA,NA,NA,NA,0.0,0,-43.92,-35.35,[],0,0,[],[]
19703700,19704990,CHI,CHN,0.0,587,pause,NA,NA,NA,NA,0.0,0,-11.8,-3.17,[],0,820,"[{'start': 19704.17, 'end': 19704.54}]","[{'start': 19704.54, 'end': 19704.99}]"
19704990,19705850,OCH,CXN,0.0,587,XIOCC,BC,0,NT,FI,0.0,0,-20.03,-9.58,[],0,0,[],[]
19705850,19707090,NA,OLF,0.0,587,XIOCC,NA,NA,NA,NA,0.0,0,-37.69,-25.44,[],0,0,[],[]
19707090,19708110,NA,TVF,0.0,587,XIOCC,NA,NA,NA,NA,0.0,0,-41.31,-36.39,[],0,0,[],[]
19708110,19709230,NA,OLF,0.0,587,XIOCC,NA,NA,NA,NA,0.0,0,-41.68,-34.91,[],0,0,[],[]
19709230,19710230,NA,TVF,0.0,587,XIOCC,NA,NA,NA,NA,0.0,0,-43.83,-33.98,[],0,0,[],[]
19710230,19710830,CHI,CHN,0.0,587,XIOCC,NA,NA,NA,NA,0.0,0,-14.01,-3.85,[],0,180,"[{'start': 19710.65, 'end': 19710.83}]",[]
19710830,19711630,OCH,CXN,0.0,587,XIOCC,RC,0,NT,FH,0.0,0,-18.77,-12.19,[],0,0,[],[]
19711630,19712260,CHI,CHN,0.0,587,XIOCC,RC,0,NT,FI,1.0,630,-12.17,-5.41,"[{'Canonical-syllable': '0', 'Growl': '0', 'High-freq-energy': '0', 'Long-island': '0', 'Low-tilt-spectrum': '2', 'Medium-island': '0', 'Short-island': '2', 'Squeal': '1', 'Typical-entropy': '2', 'Voicing-quality': '2', 'Wide-band': '0', 'Xlong-island': '0', 'seq': '1', 'end': 19712.26, 'start': 19711.63}]",0,0,[],[]
19712260,19713170,OCH,CXN,0.0,587,XIOCC,RC,0,NT,FI,0.0,0,-15.19,-11.12,[],0,0,[],[]
19713170,19714920,NA,OLN,0.0,587,XIOCC,NA,NA,NA,NA,0.0,0,-31.25,-21.2,[],0,0,[],[]
19714920,19715550,CHI,CHN,0.0,587,XIOCC,NA,NA,NA,NA,0.0,0,-17.22,-11.32,[],0,550,"[{'start': 19715.0, 'end': 19715.55}]",[]
19715550,19716700,OCH,CXN,0.0,587,XIOCC,RC,0,NT,FH,0.0,0,-19.02,-10.88,[],0,0,[],[]
19716700,19717620,CHI,CHN,0.0,587,XIOCC,EC,0,NT,FI,1.0,820,-16.78,-10.2,"[{'Canonical-syllable': '0', 'Growl': '0', 'High-freq-energy': '1', 'Long-island': '1', 'Low-tilt-spectrum': '0', 'Medium-island': '0', 'Short-island': '0', 'Squeal': '0', 'Typical-entropy': '1', 'Voicing-quality': '1', 'Wide-band': '0', 'Xlong-island': '0', 'seq': '1', 'end': 19717.52, 'start': 19716.7}]",0,0,[],[]
19717620,19718980,NA,SIL,0.0,588,pause,NA,NA,NA,NA,0.0,0,-45.15,-33.44,[],0,0,[],[]
19718980,19719980,NA,MAF,0.0,588,pause,NA,NA,NA,NA,0.0,0,-27.47,-20.14,[],0,0,[],[]
19719980,19720780,NA,NOF,0.0,588,pause,NA,NA,NA,NA,0.0,0,-36.76,-28.36,[],0,0,[],[]
19720780,19721440,CHI,CHN,0.0,588,pause,NA,NA,NA,NA,0.0,0,-11.84,-4.47,[],0,540,"[{'start': 19720.78, 'end': 19721.32}]",[]
19721440,19722240,NA,NOF,0.0,588,pause,NA,NA,NA,NA,0.0,0,-34.25,-16.89,[],0,0,[],[]
19722240,19723320,NA,CXF,0.0,588,pause,NA,NA,NA,NA,0.0,0,-40.57,-32.41,[],0,0,[],[]
19723320,19724320,NA,FAF,0.0,588,pause,NA,NA,NA,NA,0.0,0,-40.23,-28.34,[],0,0,[],[]
19724320,19725680,NA,TVF,0.0,588,pause,NA,NA,NA,NA,0.0,0,-42.26,-31.22,[],0,0,[],[]
19725680,19726770,NA,CXF,0.0,588,pause,NA,NA,NA,NA,0.0,0,-45.38,-37.15,[],0,0,[],[]
19726770,19727630,NA,SIL,0.0,588,pause,NA,NA,NA,NA,0.0,0,-44.86,-36.41,[],0,0,[],[]
19727630,19728670,NA,MAF,0.0,588,pause,NA,NA,NA,NA,0.0,0,-42.49,-27.5,[],0,0,[],[]
19728670,19732680,OCH,CXN,0.0,588,XM,EC,0,NT,FI,0.0,0,-38.25,-24.35,[],0,0,[],[]
19732680,19733900,NA,SIL,0.0,589,pause,NA,NA,NA,NA,0.0,0,-50.02,-42.26,[],0,0,[],[]
19733900,19735380,NA,OLF,0.0,589,pause,NA,NA,NA,NA,0.0,0,-42.77,-31.9,[],0,0,[],[]
19735380,19736400,NA,TVF,0.0,589,pause,NA,NA,NA,NA,0.0,0,-42.55,-30.39,[],0,0,[],[]
19736400,19737730,NA,MAF,0.0,589,pause,NA,NA,NA,NA,0.0,0,-45.67,-40.21,[],0,0,[],[]
19737730,19738550,NA,NOF,0.0,589,pause,NA,NA,NA,NA,0.0,0,-43.55,-34.78,[],0,0,[],[]
19738550,19740250,NA,CXF,0.0,589,pause,NA,NA,NA,NA,0.0,0,-47.49,-38.28,[],0,0,[],[]
19740250,19741340,OCH,CXN,0.0,589,XIOCAC,BC,0,NT,FI,0.0,0,-39.58,-29.96,[],0,0,[],[]
19741340,19742530,NA,CXF,0.0,589,XIOCAC,NA,NA,NA,NA,0.0,0,-44.26,-32.4,[],0,0,[],[]
19742530,19743130,OCH,CXN,0.0,589,XIOCAC,RC,0,NT,FH,0.0,0,-15.89,-6.8,[],0,0,[],[]
19743130,19744120,OCH,CXN,0.0,589,XIOCAC,RC,0,NT,FH,0.0,0,-16.77,-6.36,[],0,0,[],[]
19744120,19744860,CHI,CHN,0.0,589,XIOCAC,RC,0,NT,FI,1.0,740,-16.97,-11.67,"[{'Canonical-syllable': '0', 'Growl': '0', 'High-freq-energy': '0', 'Long-island': '1', 'Low-tilt-spectrum': '1', 'Medium-island': '0', 'Short-island': '0', 'Squeal': '0', 'Typical-entropy': '1', 'Voicing-quality': '1', 'Wide-band': '0', 'Xlong-island': '0', 'seq': '1', 'end': 19744.86, 'start': 19744.12}]",0,0,[],[]
19744860,19745790,NA,OLF,0.0,589,XIOCAC,NA,NA,NA,NA,0.0,0,-36.67,-27.65,[],0,0,[],[]
19745790,19748070,OCH,CXN,0.0,589,XIOCAC,RC,0,NT,FI,0.0,0,-31.3,-20.02,[],0,0,[],[]
19748070,19749430,CHI,CHN,0.0,589,XIOCAC,NA,NA,NA,NA,0.0,0,-18.22,-6.42,[],0,700,"[{'start': 19748.73, 'end': 19749.43}]",[]
19749430,19750890,FEM,FAN,6.22,589,XIOCAC,EC,0,NT,FI,0.0,0,-23.88,-15.15,[],0,0,[],[]
19750890,19752340,NA,NOF,0.0,590,pause,NA,NA,NA,NA,0.0,0,-38.94,-26.63,[],0,0,[],[]
19752340,19753200,NA,OLF,0.0,590,pause,NA,NA,NA,NA,0.0,0,-43.55,-39.6,[],0,0,[],[]
19753200,19754000,NA,SIL,0.0,590,pause,NA,NA,NA,NA,0.0,0,-48.76,-41.86,[],0,0,[],[]
19754000,19756020,NA,OLF,0.0,590,pause,NA,NA,NA,NA,0.0,0,-39.36,-24.22,[],0,0,[],[]
19756020,19756830,NA,SIL,0.0,590,pause,NA,NA,NA,NA,0.0,0,-48.38,-41.84,[],0,0,[],[]
19756830,19757880,NA,NOF,0.0,590,pause,NA,NA,NA,NA,0.0,0,-46.54,-38.24,[],0,0,[],[]
19757880,19759320,NA,MAF,0.0,590,pause,NA,NA,NA,NA,0.0,0,-43.68,-35.15,[],0,0,[],[]
19759320,19761170,NA,SIL,0.0,590,pause,NA,NA,NA,NA,0.0,0,-47.15,-35.16,[],0,0,[],[]
19761170,19762370,NA,CXF,0.0,590,pause,NA,NA,NA,NA,0.0,0,-49.92,-39.3,[],0,0,[],[]
19762370,19763170,NA,SIL,0.0,590,pause,NA,NA,NA,NA,0.0,0,-49.75,-42.7,[],0,0,[],[]
19763170,19764110,FEM,FAN,8.74,590,AMF,EC,0,NT,FI,0.0,0,-22.47,-11.73,[],0,0,[],[]
19764110,19764910,NA,FAF,0.0,591,pause,NA,NA,NA,NA,0.0,0,-37.46,-27.83,[],0,0,[],[]
19764910,19767270,NA,OLF,0.0,591,pause,NA,NA,NA,NA,0.0,0,-32.62,-20.23,[],0,0,[],[]
19767270,19768320,CHI,CHN,0.0,591,pause,NA,NA,NA,NA,0.0,0,-16.63,-7.16,[],0,1050,"[{'start': 19767.27, 'end': 19768.32}]",[]
19768320,19769320,NA,NOF,0.0,591,pause,NA,NA,NA,NA,0.0,0,-40.39,-26.83,[],0,0,[],[]
19769320,19770130,OCH,CXN,0.0,591,XIC,BC,0,NT,FI,0.0,0,-32.62,-23.44,[],0,0,[],[]
19770130,19771070,NA,OLN,0.0,591,XIC,NA,NA,NA,NA,0.0,0,-28.78,-16.54,[],0,0,[],[]
19771070,19771970,OCH,CXN,0.0,591,XIC,RC,0,NT,FH,0.0,0,-32.29,-24.87,[],0,0,[],[]
19771970,19772910,NA,OLF,0.0,591,XIC,NA,NA,NA,NA,0.0,0,-28.22,-17.6,[],0,0,[],[]
19772910,19774460,OCH,CXN,0.0,591,XIC,RC,0,NT,FH,0.0,0,-22.52,-11.46,[],0,0,[],[]
19774460,19775370,NA,NOF,0.0,591,XIC,NA,NA,NA,NA,0.0,0,-45.01,-35.89,[],0,0,[],[]
19775370,19775970,CHI,CHN,0.0,591,XIC,RC,0,NT,FI,1.0,350,-15.36,-5.93,"[{'Canonical-syllable': '0', 'Growl': '0', 'High-freq-energy': '1', 'Long-island': '0', 'Low-tilt-spectrum': '0', 'Medium-island': '1', 'Short-island': '0', 'Squeal': '1', 'Typical-entropy': '1', 'Voicing-quality': '1', 'Wide-band': '0', 'Xlong-island': '0', 'seq': '1', 'end': 19775.72, 'start': 19775.37}]",0,0,[],[]
19775970,19776830,NA,OLF,0.0,591,XIC,NA,NA,NA,NA,0.0,0,-46.04,-37.71,[],0,0,[],[]
19776830,19778050,NA,MAF,0.0,591,XIC,NA,NA,NA,NA,0.0,0,-37.15,-27.35,[],0,0,[],[]
19778050,19779100,NA,NOF,0.0,591,XIC,NA,NA,NA,NA,0.0,0,-35.98,-25.33,[],0,0,[],[]
19779100,19780070,OCH,CXN,0.0,591,XIC,RC,0,NT,FI,0.0,0,-34.54,-27.2,[],0,0,[],[]
19780070,19780970,NA,CXF,0.0,591,XIC,NA,NA,NA,NA,0.0,0,-36.29,-26.09,[],0,0,[],[]
19780970,19782120,OCH,CXN,0.0,591,XIC,RC,0,NT,FH,0.0,0,-35.02,-28.75,[],0,0,[],[]
19782120,19783940,OCH,CXN,0.0,591,XIC,RC,0,NT,FH,0.0,0,-24.28,-11.02,[],0,0,[],[]
19783940,19784730,CHI,CHN,0.0,591,XIC,NA,NA,NA,NA,0.0,0,-12.55,-4.32,[],0,790,"[{'start': 19783.94, 'end': 19784.73}]",[]
19784730,19785550,OCH,CXN,0.0,591,XIC,RC,0,NT,FH,0.0,0,-21.33,-15.3,[],0,0,[],[]
19785550,19786340,CHI,CHN,0.0,591,XIC,NA,NA,NA,NA,0.0,0,-12.69,-3.15,[],0,700,"[{'start': 19785.64, 'end': 19786.34}]",[]
19786340,19787970,CHI,CHN,0.0,591,XIC,NA,NA,NA,NA,0.0,0,-16.55,-8.93,[],0,1140,"[{'start': 19786.34, 'end': 19787.48}]",[]
19787970,19789120,NA,FAF,0.0,591,XIC,NA,NA,NA,NA,0.0,0,-35.96,-24.78,[],0,0,[],[]
19789120,19789720,CHI,CHN,0.0,591,XIC,RC,0,NT,FI,1.0,600,-13.83,-9.46,"[{'Canonical-syllable': '0', 'Growl': '0', 'High-freq-energy': '1', 'Long-island': '0', 'Low-tilt-spectrum': '1', 'Medium-island': '1', 'Short-island': '0', 'Squeal': '0', 'Typical-entropy': '1', 'Voicing-quality': '1', 'Wide-band': '0', 'Xlong-island': '0', 'seq': '1', 'end': 19789.72, 'start': 19789.12}]",0,0,[],[]
19789720,19790730,CHI,CHN,0.0,591,XIC,NA,NA,NA,NA,0.0,0,-16.38,-8.41,[],0,820,"[{'start': 19789.72, 'end': 19790.54}]",[]
19790730,19791460,CHI,CHN,0.0,591,XIC,NA,NA,NA,NA,0.0,0,-12.7,-4.68,[],0,730,"[{'start': 19790.73, 'end': 19791.46}]",[]
19791460,19792260,CHI,CHN,0.0,591,XIC,NA,NA,NA,NA,0.0,0,-21.2,-14.31,[],0,450,"[{'start': 19791.46, 'end': 19791.91}]",[]
19792260,19793310,CHI,CHN,0.0,591,XIC,NA,NA,NA,NA,0.0,0,-20.18,-9.99,[],0,300,"[{'start': 19792.9, 'end': 19793.2}]",[]
19793310,19793930,CHI,CHN,0.0,591,XIC,RC,0,NT,FH,1.0,620,-15.92,-8.61,"[{'Canonical-syllable': '0', 'Growl': '0', 'High-freq-energy': '0', 'Long-island': '0', 'Low-tilt-spectrum': '0', 'Medium-island': '1', 'Short-island': '0', 'Squeal': '1', 'Typical-entropy': '1', 'Voicing-quality': '1', 'Wide-band': '0', 'Xlong-island': '0', 'seq': '1', 'end': 19793.93, 'start': 19793.31}]",0,0,[],[]
19793930,19795180,OCH,CXN,0.0,591,XIC,RC,0,NT,FI,0.0,0,-21.82,-10.14,[],0,0,[],[]
19795180,19795990,NA,OLN,0.0,591,XIC,NA,NA,NA,NA,0.0,0,-30.11,-22.89,[],0,0,[],[]
19795990,19797900,OCH,CXN,0.0,591,XIC,RC,0,NT,FH,0.0,0,-32.66,-23.8,[],0,0,[],[]
19797900,19799700,NA,FAF,0.0,591,XIC,NA,NA,NA,NA,0.0,0,-40.7,-31.17,[],0,0,[],[]
19799700,19800500,NA,NOF,0.0,591,XIC,NA,NA,NA,NA,0.0,0,-38.15,-30.16,[],0,0,[],[]
19800500,19802130,NA,OLN,0.0,591,XIC,NA,NA,NA,NA,0.0,0,-27.36,-19.51,[],0,0,[],[]
19802130,19805310,FEM,FAN,14.37,591,XIC,RC,0,TIFI,FI,0.0,0,-20.29,-10.58,[],0,0,[],[]
19805310,19805930,CHI,CHN,0.0,591,XIC,EC,1,TIFR,FI,1.0,620,-27.73,-23.03,"[{'Canonical-syllable': '0', 'Growl': '0', 'High-freq-energy': '0', 'Long-island': '0', 'Low-tilt-spectrum': '1', 'Medium-island': '1', 'Short-island': '0', 'Squeal': '0', 'Typical-entropy': '1', 'Voicing-quality': '1', 'Wide-band': '0', 'Xlong-island': '0', 'seq': '1', 'end': 19805.93, 'start': 19805.31}]",0,0,[],[]
19805930,19808360,NA,OLN,0.0,592,pause,NA,NA,NA,NA,0.0,0,-34.21,-25.79,[],0,0,[],[]
19808360,19809810,NA,NON,0.0,592,pause,NA,NA,NA,NA,0.0,0,-36.49,-25.26,[],0,0,[],[]
19809810,19812340,NA,OLN,0.0,592,pause,NA,NA,NA,NA,0.0,0,-23.19,-10.82,[],0,0,[],[]
19812340,19813140,OCH,CXN,0.0,592,XIOCAC,BC,0,NT,FI,0.0,0,-23.04,-16.96,[],0,0,[],[]
19813140,19813990,NA,OLN,0.0,592,XIOCAC,NA,NA,NA,NA,0.0,0,-31.51,-26.46,[],0,0,[],[]
19813990,19814790,OCH,CXN,0.0,592,XIOCAC,RC,0,NT,FH,0.0,0,-15.63,-7.12,[],0,0,[],[]
19814790,19815390,CHI,CHN,0.0,592,XIOCAC,RC,0,NT,FI,1.0,600,-14.62,-9.77,"[{'Canonical-syllable': '0', 'Growl': '0', 'High-freq-energy': '0', 'Long-island': '0', 'Low-tilt-spectrum': '0', 'Medium-island': '1', 'Short-island': '0', 'Squeal': '0', 'Typical-entropy': '1', 'Voicing-quality': '1', 'Wide-band': '0', 'Xlong-island': '0', 'seq': '1', 'end': 19815.39, 'start': 19814.79}]",0,0,[],[]
19815390,19816190,NA,OLN,0.0,592,XIOCAC,NA,NA,NA,NA,0.0,0,-26.12,-16.04,[],0,0,[],[]
19816190,19816990,OCH,CXN,0.0,592,XIOCAC,RC,0,NT,FI,0.0,0,-32.5,-26.83,[],0,0,[],[]
19816990,19819500,NA,OLN,0.0,592,XIOCAC,NA,NA,NA,NA,0.0,0,-29.88,-18.11,[],0,0,[],[]
19819500,19820700,NA,CXF,0.0,592,XIOCAC,NA,NA,NA,NA,0.0,0,-34.38,-25.13,[],0,0,[],[]
19820700,19822290,MAL,MAN,1.31,592,XIOCAC,EC,0,NT,FI,0.0,0,-33.4,-26.72,[],0,0,[],[]
19822290,19823830,NA,OLN,0.0,593,pause,NA,NA,NA,NA,0.0,0,-34.44,-25.93,[],0,0,[],[]
19823830,19824630,NA,NOF,0.0,593,pause,NA,NA,NA,NA,0.0,0,-43.79,-37.13,[],0,0,[],[]
19824630,19825980,NA,OLN,0.0,593,pause,NA,NA,NA,NA,0.0,0,-33.6,-23.57,[],0,0,[],[]
19825980,19826800,NA,NOF,0.0,593,pause,NA,NA,NA,NA,0.0,0,-40.93,-28.57,[],0,0,[],[]
19826800,19828300,NA,OLF,0.0,593,pause,NA,NA,NA,NA,0.0,0,-35.35,-21.06,[],0,0,[],[]
19828300,19829260,NA,NOF,0.0,593,pause,NA,NA,NA,NA,0.0,0,-41.41,-33.47,[],0,0,[],[]
19829260,19830200,NA,OLF,0.0,593,pause,NA,NA,NA,NA,0.0,0,-34.07,-18.32,[],0,0,[],[]
19830200,19832640,MAL,MAN,11.37,593,AIOCM,BC,0,NT,FI,0.0,0,-38.47,-29.85,[],0,0,[],[]
19832640,19833460,OCH,CXN,0.0,593,AIOCM,RC,0,NT,FI,0.0,0,-32.05,-25.24,[],0,0,[],[]
19833460,19834470,FEM,FAN,1.51,593,AIOCM,RC,0,NT,FI,0.0,0,-31.98,-24.56,[],0,0,[],[]
19834470,19835270,FEM,FAN,0.21,593,AIOCM,RC,0,NT,FH,0.0,0,-36.05,-26.98,[],0,0,[],[]
19835270,19836550,OCH,CXN,0.0,593,AIOCM,EC,0,NT,FI,0.0,0,-34.51,-26.12,[],0,0,[],[]
19836550,19837850,NA,OLF,0.0,594,pause,NA,NA,NA,NA,0.0,0,-39.18,-31.69,[],0,0,[],[]
19837850,19838760,NA,SIL,0.0,594,pause,NA,NA,NA,NA,0.0,0,-45.38,-37.98,[],0,0,[],[]
19838760,19840350,NA,OLF,0.0,594,pause,NA,NA,NA,NA,0.0,0,-44.16,-35.6,[],0,0,[],[]
19840350,19841350,FEM,FAN,0.0,594,pause,NA,NA,NA,NA,0.0,0,-31.75,-19.75,[],1000,0,[],[]
19841350,19842150,NA,OLN,0.0,594,pause,NA,NA,NA,NA,0.0,0,-24.23,-18.0,[],0,0,[],[]
19842150,19843420,OCH,CXN,0.0,594,XM,BC,0,NT,FI,0.0,0,-19.48,-9.81,[],0,0,[],[]
19843420,19844310,NA,OLN,0.0,594,XM,NA,NA,NA,NA,0.0,0,-31.12,-23.77,[],0,0,[],[]
19844310,19845660,OCH,CXN,0.0,594,XM,RC,0,NT,FH,0.0,0,-20.44,-7.13,[],0,0,[],[]
19845660,19846460,OCH,CXN,0.0,594,XM,RC,0,NT,FH,0.0,0,-33.63,-26.28,[],0,0,[],[]
19846460,19847460,NA,FAF,0.0,594,XM,NA,NA,NA,NA,0.0,0,-35.2,-17.95,[],0,0,[],[]
19847460,19848260,OCH,CXN,0.0,594,XM,EC,0,NT,FH,0.0,0,-35.9,-28.48,[],0,0,[],[]
19848260,19849720,NA,NOF,0.0,595,pause,NA,NA,NA,NA,0.0,0,-42.55,-33.18,[],0,0,[],[]
19849720,19850550,NA,OLF,0.0,595,pause,NA,NA,NA,NA,0.0,0,-38.0,-30.24,[],0,0,[],[]
19850550,19851910,NA,FAF,0.0,595,pause,NA,NA,NA,NA,0.0,0,-40.0,-26.78,[],0,0,[],[]
19851910,19852780,NA,SIL,0.0,595,pause,NA,NA,NA,NA,0.0,0,-46.26,-40.87,[],0,0,[],[]
19852780,19853720,NA,TVF,0.0,595,pause,NA,NA,NA,NA,0.0,0,-43.87,-35.28,[],0,0,[],[]
19853720,19854830,NA,SIL,0.0,595,pause,NA,NA,NA,NA,0.0,0,-46.75,-42.65,[],0,0,[],[]
19854830,19855700,NA,CXF,0.0,595,pause,NA,NA,NA,NA,0.0,0,-44.28,-39.14,[],0,0,[],[]
19855700,19856660,NA,SIL,0.0,595,pause,NA,NA,NA,NA,0.0,0,-46.09,-40.35,[],0,0,[],[]
19856660,19863270,NA,NOF,0.0,595,pause,NA,NA,NA,NA,0.0,0,-34.36,-13.02,[],0,0,[],[]
19863270,19864270,NA,MAF,0.0,595,pause,NA,NA,NA,NA,0.0,0,-40.52,-32.23,[],0,0,[],[]
19864270,19866950,NA,NOF,0.0,595,pause,NA,NA,NA,NA,0.0,0,-38.53,-25.39,[],0,0,[],[]
19866950,19870310,NA,OLF,0.0,595,pause,NA,NA,NA,NA,0.0,0,-36.93,-26.03,[],0,0,[],[]
19870310,19871110,NA,SIL,0.0,595,pause,NA,NA,NA,NA,0.0,0,-45.56,-40.27,[],0,0,[],[]
19871110,19871910,NA,NOF,0.0,595,pause,NA,NA,NA,NA,0.0,0,-45.39,-40.42,[],0,0,[],[]
19871910,19872710,NA,SIL,0.0,595,pause,NA,NA,NA,NA,0.0,0,-46.0,-40.56,[],0,0,[],[]
19872710,19874130,NA,NOF,0.0,595,pause,NA,NA,NA,NA,0.0,0,-45.13,-33.82,[],0,0,[],[]
19874130,19875260,NA,SIL,0.0,595,pause,NA,NA,NA,NA,0.0,0,-48.57,-41.47,[],0,0,[],[]
19875260,19876100,NA,NOF,0.0,595,pause,NA,NA,NA,NA,0.0,0,-47.61,-40.41,[],0,0,[],[]
19876100,19876920,NA,SIL,0.0,595,pause,NA,NA,NA,NA,0.0,0,-48.39,-43.02,[],0,0,[],[]
19876920,19877880,NA,TVF,0.0,595,pause,NA,NA,NA,NA,0.0,0,-46.53,-38.24,[],0,0,[],[]
19877880,19878710,NA,NOF,0.0,595,pause,NA,NA,NA,NA,0.0,0,-45.08,-33.3,[],0,0,[],[]
19878710,19879540,NA,SIL,0.0,595,pause,NA,NA,NA,NA,0.0,0,-49.3,-45.0,[],0,0,[],[]
19879540,19880550,NA,TVF,0.0,595,pause,NA,NA,NA,NA,0.0,0,-47.0,-42.6,[],0,0,[],[]
19880550,19881450,NA,FAF,0.0,595,pause,NA,NA,NA,NA,0.0,0,-42.25,-28.75,[],0,0,[],[]
19881450,19882260,NA,SIL,0.0,595,pause,NA,NA,NA,NA,0.0,0,-37.13,-22.75,[],0,0,[],[]
19882260,19883200,NA,NOF,0.0,595,pause,NA,NA,NA,NA,0.0,0,-46.43,-40.13,[],0,0,[],[]
19883200,19884270,NA,SIL,0.0,595,pause,NA,NA,NA,NA,0.0,0,-46.14,-37.83,[],0,0,[],[]
19884270,19885300,MAL,MAN,6.31,595,AMM,EC,0,NT,FI,0.0,0,-39.66,-34.11,[],0,0,[],[]
19885300,19886130,NA,CXF,0.0,596,pause,NA,NA,NA,NA,0.0,0,-43.92,-36.11,[],0,0,[],[]
19886130,19888990,NA,NOF,0.0,596,pause,NA,NA,NA,NA,0.0,0,-41.0,-26.41,[],0,0,[],[]
19888990,19890190,NA,OLF,0.0,596,pause,NA,NA,NA,NA,0.0,0,-31.52,-20.84,[],0,0,[],[]
19890190,19890990,NA,NON,0.0,596,pause,NA,NA,NA,NA,0.0,0,-35.42,-23.58,[],0,0,[],[]
19890990,19892400,NA,OLF,0.0,596,pause,NA,NA,NA,NA,0.0,0,-40.29,-32.26,[],0,0,[],[]
19892400,19894360,NA,NOF,0.0,596,pause,NA,NA,NA,NA,0.0,0,-41.87,-26.31,[],0,0,[],[]
19894360,19895500,NA,SIL,0.0,596,pause,NA,NA,NA,NA,0.0,0,-47.07,-41.7,[],0,0,[],[]
19895500,19896500,NA,TVF,0.0,596,pause,NA,NA,NA,NA,0.0,0,-46.85,-41.35,[],0,0,[],[]
19896500,19897540,NA,SIL,0.0,596,pause,NA,NA,NA,NA,0.0,0,-47.22,-38.89,[],0,0,[],[]
19897540,19898780,NA,NOF,0.0,596,pause,NA,NA,NA,NA,0.0,0,-46.04,-35.88,[],0,0,[],[]
19898780,19899580,NA,OLF,0.0,596,pause,NA,NA,NA,NA,0.0,0,-41.69,-30.85,[],0,0,[],[]
19899580,19904340,NA,NOF,0.0,596,pause,NA,NA,NA,NA,0.0,0,-43.99,-28.12,[],0,0,[],[]
19904340,19905580,NA,FAF,0.0,596,pause,NA,NA,NA,NA,0.0,0,-39.37,-23.52,[],0,0,[],[]
19905580,19907180,MAL,MAN,4.6,596,AMM,EC,0,NT,FI,0.0,0,-34.22,-26.89,[],0,0,[],[]
19907180,19908560,NA,OLF,0.0,597,pause,NA,NA,NA,NA,0.0,0,-44.43,-36.33,[],0,0,[],[]
19908560,19909750,NA,FAF,0.0,597,pause,NA,NA,NA,NA,0.0,0,-44.24,-37.43,[],0,0,[],[]
19909750,19910750,NA,MAF,0.0,597,pause,NA,NA,NA,NA,0.0,0,-45.62,-38.81,[],0,0,[],[]
19910750,19911750,NA,FAF,0.0,597,pause,NA,NA,NA,NA,0.0,0,-40.97,-28.7,[],0,0,[],[]
19911750,19912550,NA,SIL,0.0,597,pause,NA,NA,NA,NA,0.0,0,-48.17,-42.1,[],0,0,[],[]
19912550,19913350,NA,NOF,0.0,597,pause,NA,NA,NA,NA,0.0,0,-46.06,-38.25,[],0,0,[],[]
19913350,19914150,NA,SIL,0.0,597,pause,NA,NA,NA,NA,0.0,0,-47.91,-41.98,[],0,0,[],[]
19914150,19915200,NA,NOF,0.0,597,pause,NA,NA,NA,NA,0.0,0,-46.76,-37.53,[],0,0,[],[]
19915200,19916080,NA,SIL,0.0,597,pause,NA,NA,NA,NA,0.0,0,-47.69,-41.29,[],0,0,[],[]
19916080,19917470,NA,MAF,0.0,597,pause,NA,NA,NA,NA,0.0,0,-47.0,-41.4,[],0,0,[],[]
19917470,19918550,NA,TVF,0.0,597,pause,NA,NA,NA,NA,0.0,0,-49.15,-45.54,[],0,0,[],[]
19918550,19919350,NA,SIL,0.0,597,pause,NA,NA,NA,NA,0.0,0,-48.54,-42.12,[],0,0,[],[]
19919350,19920350,NA,MAF,0.0,597,pause,NA,NA,NA,NA,0.0,0,-43.4,-31.34,[],0,0,[],[]
19920350,19921150,NA,TVF,0.0,597,pause,NA,NA,NA,NA,0.0,0,-46.88,-41.71,[],0,0,[],[]
19921150,19922450,NA,MAF,0.0,597,pause,NA,NA,NA,NA,0.0,0,-42.32,-34.62,[],0,0,[],[]
19922450,19923690,NA,OLF,0.0,597,pause,NA,NA,NA,NA,0.0,0,-45.41,-40.81,[],0,0,[],[]
19923690,19924530,NA,NOF,0.0,597,pause,NA,NA,NA,NA,0.0,0,-46.82,-41.05,[],0,0,[],[]
19924530,19925560,NA,FAF,0.0,597,pause,NA,NA,NA,NA,0.0,0,-45.19,-36.68,[],0,0,[],[]
19925560,19926370,NA,NOF,0.0,597,pause,NA,NA,NA,NA,0.0,0,-44.08,-37.76,[],0,0,[],[]
19926370,19927230,NA,OLF,0.0,597,pause,NA,NA,NA,NA,0.0,0,-37.88,-24.96,[],0,0,[],[]
19927230,19930650,NA,NOF,0.0,597,pause,NA,NA,NA,NA,0.0,0,-37.97,-16.86,[],0,0,[],[]
19930650,19931450,NA,SIL,0.0,597,pause,NA,NA,NA,NA,0.0,0,-48.64,-41.97,[],0,0,[],[]
19931450,19933230,NA,NOF,0.0,597,pause,NA,NA,NA,NA,0.0,0,-44.56,-34.95,[],0,0,[],[]
19933230,19934510,NA,OLF,0.0,597,pause,NA,NA,NA,NA,0.0,0,-33.18,-16.39,[],0,0,[],[]
19934510,19938810,NA,NOF,0.0,597,pause,NA,NA,NA,NA,0.0,0,-42.32,-23.72,[],0,0,[],[]
19938810,19939610,NA,OLF,0.0,597,pause,NA,NA,NA,NA,0.0,0,-38.56,-30.97,[],0,0,[],[]
19939610,19943440,NA,NOF,0.0,597,pause,NA,NA,NA,NA,0.0,0,-42.52,-30.05,[],0,0,[],[]
19943440,19944240,NA,SIL,0.0,597,pause,NA,NA,NA,NA,0.0,0,-48.76,-45.11,[],0,0,[],[]
19944240,19946640,NA,NOF,0.0,597,pause,NA,NA,NA,NA,0.0,0,-42.18,-25.3,[],0,0,[],[]
19946640,19948060,NA,SIL,0.0,597,pause,NA,NA,NA,NA,0.0,0,-48.56,-37.18,[],0,0,[],[]
19948060,19948860,NA,NOF,0.0,597,pause,NA,NA,NA,NA,0.0,0,-43.47,-31.91,[],0,0,[],[]
19948860,19949660,NA,SIL,0.0,597,pause,NA,NA,NA,NA,0.0,0,-48.64,-44.98,[],0,0,[],[]
19949660,19950570,NA,NOF,0.0,597,pause,NA,NA,NA,NA,0.0,0,-38.46,-20.89,[],0,0,[],[]
19950570,19951740,NA,FAF,0.0,597,pause,NA,NA,NA,NA,0.0,0,-45.11,-34.23,[],0,0,[],[]
19951740,19952540,NA,SIL,0.0,597,pause,NA,NA,NA,NA,0.0,0,-47.2,-41.63,[],0,0,[],[]
19952540,19954820,NA,NOF,0.0,597,pause,NA,NA,NA,NA,0.0,0,-44.46,-33.57,[],0,0,[],[]
19954820,19955750,NA,SIL,0.0,597,pause,NA,NA,NA,NA,0.0,0,-46.87,-38.39,[],0,0,[],[]
19955750,19959740,NA,NOF,0.0,597,pause,NA,NA,NA,NA,0.0,0,-30.14,-12.46,[],0,0,[],[]
19959740,19960590,NA,OLF,0.0,597,pause,NA,NA,NA,NA,0.0,0,-30.77,-22.24,[],0,0,[],[]
19960590,19961560,NA,NOF,0.0,597,pause,NA,NA,NA,NA,0.0,0,-19.0,-0.79,[],0,0,[],[]
19961560,19962360,NA,OLF,0.0,597,pause,NA,NA,NA,NA,0.0,0,-40.79,-31.1,[],0,0,[],[]
19962360,19962960,NA,FAF,0.0,597,pause,NA,NA,NA,NA,0.0,0,-37.0,-23.35,[],0,0,[],[]
19962960,19963770,NA,OLF,0.0,597,pause,NA,NA,NA,NA,0.0,0,-33.87,-22.59,[],0,0,[],[]
19963770,19964750,NA,NOF,0.0,597,pause,NA,NA,NA,NA,0.0,0,-43.1,-33.63,[],0,0,[],[]
19964750,19966350,NA,OLF,0.0,597,pause,NA,NA,NA,NA,0.0,0,-41.12,-32.34,[],0,0,[],[]
19966350,19967770,NA,MAF,0.0,597,pause,NA,NA,NA,NA,0.0,0,-38.35,-24.38,[],0,0,[],[]
19967770,19968580,NA,NOF,0.0,597,pause,NA,NA,NA,NA,0.0,0,-41.59,-35.0,[],0,0,[],[]
19968580,19969380,NA,OLF,0.0,597,pause,NA,NA,NA,NA,0.0,0,-40.34,-33.45,[],0,0,[],[]
19969380,19970580,NA,FAF,0.0,597,pause,NA,NA,NA,NA,0.0,0,-43.24,-34.18,[],0,0,[],[]
19970580,19971590,NA,MAF,0.0,597,pause,NA,NA,NA,NA,0.0,0,-44.6,-31.69,[],0,0,[],[]
19971590,19972590,NA,TVF,0.0,597,pause,NA,NA,NA,NA,0.0,0,-48.13,-43.12,[],0,0,[],[]
19972590,19973390,NA,NOF,0.0,597,pause,NA,NA,NA,NA,0.0,0,-48.79,-42.51,[],0,0,[],[]
19973390,19974330,NA,SIL,0.0,597,pause,NA,NA,NA,NA,0.0,0,-46.61,-42.64,[],0,0,[],[]
19974330,19975520,NA,MAF,0.0,597,pause,NA,NA,NA,NA,0.0,0,-46.74,-38.49,[],0,0,[],[]
19975520,19976830,NA,SIL,0.0,597,pause,NA,NA,NA,NA,0.0,0,-48.6,-39.5,[],0,0,[],[]
19976830,19978590,NA,NOF,0.0,597,pause,NA,NA,NA,NA,0.0,0,-40.92,-23.21,[],0,0,[],[]
19978590,19979390,NA,OLF,0.0,597,pause,NA,NA,NA,NA,0.0,0,-44.03,-34.88,[],0,0,[],[]
19979390,19980260,NA,MAF,0.0,597,pause,NA,NA,NA,NA,0.0,0,-40.71,-29.7,[],0,0,[],[]
19980260,19981260,NA,FAF,0.0,597,pause,NA,NA,NA,NA,0.0,0,-45.93,-35.27,[],0,0,[],[]
19981260,19982970,NA,SIL,0.0,597,pause,NA,NA,NA,NA,0.0,0,-45.64,-31.72,[],0,0,[],[]
19982970,19983770,NA,NOF,0.0,597,pause,NA,NA,NA,NA,0.0,0,-43.14,-30.22,[],0,0,[],[]
19983770,19985590,NA,TVF,0.0,597,pause,NA,NA,NA,NA,0.0,0,-46.02,-40.81,[],0,0,[],[]
19985590,19986960,NA,NOF,0.0,597,pause,NA,NA,NA,NA,0.0,0,-42.5,-30.92,[],0,0,[],[]
19986960,19987760,NA,SIL,0.0,597,pause,NA,NA,NA,NA,0.0,0,-48.33,-44.5,[],0,0,[],[]
19987760,19989200,NA,NOF,0.0,597,pause,NA,NA,NA,NA,0.0,0,-40.15,-22.83,[],0,0,[],[]
19989200,19990070,NA,SIL,0.0,597,pause,NA,NA,NA,NA,0.0,0,-48.34,-40.79,[],0,0,[],[]
19990070,19992530,NA,FAF,0.0,597,pause,NA,NA,NA,NA,0.0,0,-40.47,-20.63,[],0,0,[],[]
19992530,19993330,NA,SIL,0.0,597,pause,NA,NA,NA,NA,0.0,0,-48.18,-42.87,[],0,0,[],[]
19993330,19994390,NA,FAF,0.0,597,pause,NA,NA,NA,NA,0.0,0,-46.77,-40.4,[],0,0,[],[]
19994390,19995390,NA,SIL,0.0,597,pause,NA,NA,NA,NA,0.0,0,-46.65,-38.52,[],0,0,[],[]
19995390,19997140,NA,NOF,0.0,597,pause,NA,NA,NA,NA,0.0,0,-42.01,-33.19,[],0,0,[],[]
19997140,19998500,NA,MAF,0.0,597,pause,NA,NA,NA,NA,0.0,0,-44.3,-36.49,[],0,0,[],[]
19998500,19999580,NA,NOF,0.0,597,pause,NA,NA,NA,NA,0.0,0,-32.27,-14.24,[],0,0,[],[]
19999580,20000580,NA,FAF,0.0,597,pause,NA,NA,NA,NA,0.0,0,-46.62,-40.44,[],0,0,[],[]
20000580,20001740,NA,SIL,0.0,597,pause,NA,NA,NA,NA,0.0,0,-48.0,-44.14,[],0,0,[],[]
20001740,20002540,NA,CXF,0.0,597,pause,NA,NA,NA,NA,0.0,0,-48.57,-41.47,[],0,0,[],[]
20002540,20003340,NA,SIL,0.0,597,pause,NA,NA,NA,NA,0.0,0,-47.46,-41.42,[],0,0,[],[]
20003340,20004400,NA,NOF,0.0,597,pause,NA,NA,NA,NA,0.0,0,-41.39,-28.66,[],0,0,[],[]
20004400,20005310,NA,MAF,0.0,597,pause,NA,NA,NA,NA,0.0,0,-42.12,-33.25,[],0,0,[],[]
20005310,20006750,NA,FAF,0.0,597,pause,NA,NA,NA,NA,0.0,0,-42.94,-26.49,[],0,0,[],[]
20006750,20007890,NA,MAF,0.0,597,pause,NA,NA,NA,NA,0.0,0,-42.38,-37.98,[],0,0,[],[]
20007890,20008750,NA,OLF,0.0,597,pause,NA,NA,NA,NA,0.0,0,-25.28,-8.06,[],0,0,[],[]
20008750,20009750,NA,MAF,0.0,597,pause,NA,NA,NA,NA,0.0,0,-41.8,-34.09,[],0,0,[],[]
20009750,20011400,NA,NOF,0.0,597,pause,NA,NA,NA,NA,0.0,0,-23.42,-4.51,[],0,0,[],[]
20011400,20012200,NA,SIL,0.0,597,pause,NA,NA,NA,NA,0.0,0,-43.59,-32.73,[],0,0,[],[]
20012200,20012830,NA,CHF,0.0,597,CM,EC,0,NT,FI,1.0,630,-42.65,-35.65,"[{'Canonical-syllable': '0', 'Growl': '1', 'High-freq-energy': '0', 'Long-island': '0', 'Low-tilt-spectrum': '1', 'Medium-island': '1', 'Short-island': '0', 'Squeal': '0', 'Typical-entropy': '0', 'Voicing-quality': '1', 'Wide-band': '0', 'Xlong-island': '0', 'seq': '1', 'end': 20012.83, 'start': 20012.2}]",0,0,[],[]
20012830,20013680,NA,SIL,0.0,598,pause,NA,NA,NA,NA,0.0,0,-44.86,-34.48,[],0,0,[],[]
20013680,20014760,NA,CXF,0.0,598,pause,NA,NA,NA,NA,0.0,0,-45.04,-36.01,[],0,0,[],[]
20014760,20015560,NA,MAF,0.0,598,pause,NA,NA,NA,NA,0.0,0,-40.8,-31.9,[],0,0,[],[]
20015560,20016420,NA,OLF,0.0,598,pause,NA,NA,NA,NA,0.0,0,-30.91,-14.27,[],0,0,[],[]
20016420,20017790,NA,FAF,0.0,598,pause,NA,NA,NA,NA,0.0,0,-42.65,-28.09,[],0,0,[],[]
20017790,20018690,NA,OLF,0.0,598,pause,NA,NA,NA,NA,0.0,0,-32.88,-21.16,[],0,0,[],[]
20018690,20020920,NA,NOF,0.0,598,pause,NA,NA,NA,NA,0.0,0,-39.86,-19.38,[],0,0,[],[]
20020920,20021730,NA,SIL,0.0,598,pause,NA,NA,NA,NA,0.0,0,-49.25,-44.93,[],0,0,[],[]
20021730,20025570,NA,NOF,0.0,598,pause,NA,NA,NA,NA,0.0,0,-39.02,-16.16,[],0,0,[],[]
20025570,20029630,NA,OLF,0.0,598,pause,NA,NA,NA,NA,0.0,0,-27.79,-5.69,[],0,0,[],[]
20029630,20030680,NA,FAF,0.0,598,pause,NA,NA,NA,NA,0.0,0,-45.92,-34.35,[],0,0,[],[]
20030680,20034630,NA,NOF,0.0,598,pause,NA,NA,NA,NA,0.0,0,-36.58,-19.51,[],0,0,[],[]
20034630,20035660,NA,TVF,0.0,598,pause,NA,NA,NA,NA,0.0,0,-47.03,-41.5,[],0,0,[],[]
20035660,20036630,NA,MAF,0.0,598,pause,NA,NA,NA,NA,0.0,0,-42.77,-27.54,[],0,0,[],[]
20036630,20037720,NA,TVF,0.0,598,pause,NA,NA,NA,NA,0.0,0,-47.18,-42.33,[],0,0,[],[]
20037720,20043080,NA,NOF,0.0,598,pause,NA,NA,NA,NA,0.0,0,-37.57,-16.59,[],0,0,[],[]
20043080,20043680,NA,TVF,0.0,598,pause,NA,NA,NA,NA,0.0,0,-47.62,-41.83,[],0,0,[],[]
20043680,20045910,NA,NOF,0.0,598,pause,NA,NA,NA,NA,0.0,0,-41.58,-27.72,[],0,0,[],[]
20045910,20046910,NA,MAF,0.0,598,pause,NA,NA,NA,NA,0.0,0,-40.86,-28.25,[],0,0,[],[]
20046910,20047910,NA,SIL,0.0,598,pause,NA,NA,NA,NA,0.0,0,-44.51,-32.39,[],0,0,[],[]
20047910,20053230,NA,NOF,0.0,598,pause,NA,NA,NA,NA,0.0,0,-40.85,-21.12,[],0,0,[],[]
20053230,20054030,NA,SIL,0.0,598,pause,NA,NA,NA,NA,0.0,0,-46.3,-36.32,[],0,0,[],[]
20054030,20055570,NA,NOF,0.0,598,pause,NA,NA,NA,NA,0.0,0,-45.74,-35.28,[],0,0,[],[]
20055570,20056780,NA,MAF,0.0,598,pause,NA,NA,NA,NA,0.0,0,-43.92,-32.28,[],0,0,[],[]
20056780,20058370,NA,SIL,0.0,598,pause,NA,NA,NA,NA,0.0,0,-46.27,-30.86,[],0,0,[],[]
20058370,20059930,NA,NOF,0.0,598,pause,NA,NA,NA,NA,0.0,0,-46.5,-37.22,[],0,0,[],[]
20059930,20060730,NA,SIL,0.0,598,pause,NA,NA,NA,NA,0.0,0,-48.74,-44.96,[],0,0,[],[]
20060730,20062370,NA,NOF,0.0,598,pause,NA,NA,NA,NA,0.0,0,-43.56,-32.34,[],0,0,[],[]
20062370,20063370,NA,FAF,0.0,598,pause,NA,NA,NA,NA,0.0,0,-41.7,-30.43,[],0,0,[],[]
20063370,20064260,NA,SIL,0.0,598,pause,NA,NA,NA,NA,0.0,0,-45.65,-30.63,[],0,0,[],[]
20064260,20065810,NA,MAF,0.0,598,pause,NA,NA,NA,NA,0.0,0,-39.25,-28.62,[],0,0,[],[]
20065810,20066770,NA,SIL,0.0,598,pause,NA,NA,NA,NA,0.0,0,-47.06,-36.53,[],0,0,[],[]
20066770,20067580,NA,MAF,0.0,598,pause,NA,NA,NA,NA,0.0,0,-46.66,-40.56,[],0,0,[],[]
20067580,20069110,NA,OLF,0.0,598,pause,NA,NA,NA,NA,0.0,0,-42.63,-35.84,[],0,0,[],[]
20069110,20070290,NA,FAF,0.0,598,pause,NA,NA,NA,NA,0.0,0,-45.23,-40.05,[],0,0,[],[]
20070290,20071090,NA,SIL,0.0,598,pause,NA,NA,NA,NA,0.0,0,-48.63,-40.29,[],0,0,[],[]
20071090,20072800,NA,MAF,0.0,598,pause,NA,NA,NA,NA,0.0,0,-44.65,-36.91,[],0,0,[],[]
20072800,20079560,NA,NOF,0.0,598,pause,NA,NA,NA,NA,0.0,0,-30.49,-6.86,[],0,0,[],[]
20079560,20080360,NA,OLF,0.0,598,pause,NA,NA,NA,NA,0.0,0,-17.34,-3.9,[],0,0,[],[]
20080360,20081160,NA,SIL,0.0,598,pause,NA,NA,NA,NA,0.0,0,-47.93,-40.29,[],0,0,[],[]
20081160,20081980,NA,NOF,0.0,598,pause,NA,NA,NA,NA,0.0,0,-43.72,-30.14,[],0,0,[],[]
20081980,20082780,NA,SIL,0.0,598,pause,NA,NA,NA,NA,0.0,0,-49.09,-45.86,[],0,0,[],[]
20082780,20083970,NA,NOF,0.0,598,pause,NA,NA,NA,NA,0.0,0,-44.21,-35.48,[],0,0,[],[]
20083970,20084570,NA,FAF,0.0,598,pause,NA,NA,NA,NA,0.0,0,-45.58,-33.0,[],0,0,[],[]
20084570,20086840,NA,NOF,0.0,598,pause,NA,NA,NA,NA,0.0,0,-47.06,-42.35,[],0,0,[],[]
20086840,20087890,NA,TVF,0.0,598,pause,NA,NA,NA,NA,0.0,0,-44.22,-40.12,[],0,0,[],[]
20087890,20089540,NA,NOF,0.0,598,pause,NA,NA,NA,NA,0.0,0,-46.77,-40.01,[],0,0,[],[]
20089540,20091470,NA,SIL,0.0,598,pause,NA,NA,NA,NA,0.0,0,-49.71,-37.26,[],0,0,[],[]
20091470,20092390,NA,MAF,0.0,598,pause,NA,NA,NA,NA,0.0,0,-45.16,-38.43,[],0,0,[],[]
20092390,20093520,NA,SIL,0.0,598,pause,NA,NA,NA,NA,0.0,0,-42.62,-25.86,[],0,0,[],[]
20093520,20094540,NA,MAF,0.0,598,pause,NA,NA,NA,NA,0.0,0,-45.56,-35.49,[],0,0,[],[]
20094540,20097040,NA,FAF,0.0,598,pause,NA,NA,NA,NA,0.0,0,-44.25,-31.19,[],0,0,[],[]
20097040,20097840,NA,OLF,0.0,598,pause,NA,NA,NA,NA,0.0,0,-40.37,-31.77,[],0,0,[],[]
20097840,20099750,NA,SIL,0.0,598,pause,NA,NA,NA,NA,0.0,0,-47.11,-39.02,[],0,0,[],[]
20099750,20100810,NA,MAF,0.0,598,pause,NA,NA,NA,NA,0.0,0,-41.91,-36.77,[],0,0,[],[]
20100810,20101810,NA,OLF,0.0,598,pause,NA,NA,NA,NA,0.0,0,-41.37,-32.07,[],0,0,[],[]
20101810,20102610,NA,SIL,0.0,598,pause,NA,NA,NA,NA,0.0,0,-41.23,-27.09,[],0,0,[],[]
20102610,20103670,NA,NOF,0.0,598,pause,NA,NA,NA,NA,0.0,0,-43.06,-35.82,[],0,0,[],[]
20103670,20104680,NA,MAF,0.0,598,pause,NA,NA,NA,NA,0.0,0,-40.94,-27.06,[],0,0,[],[]
20104680,20105680,NA,OLF,0.0,598,pause,NA,NA,NA,NA,0.0,0,-40.19,-28.69,[],0,0,[],[]
20105680,20106870,NA,MAF,0.0,598,pause,NA,NA,NA,NA,0.0,0,-38.87,-27.2,[],0,0,[],[]
20106870,20107900,NA,NOF,0.0,598,pause,NA,NA,NA,NA,0.0,0,-39.86,-30.59,[],0,0,[],[]
20107900,20109040,NA,SIL,0.0,598,pause,NA,NA,NA,NA,0.0,0,-48.66,-39.45,[],0,0,[],[]
20109040,20110200,NA,NOF,0.0,598,pause,NA,NA,NA,NA,0.0,0,-44.18,-35.09,[],0,0,[],[]
20110200,20111190,NA,SIL,0.0,598,pause,NA,NA,NA,NA,0.0,0,-49.99,-44.43,[],0,0,[],[]
20111190,20115310,NA,NOF,0.0,598,pause,NA,NA,NA,NA,0.0,0,-42.28,-23.96,[],0,0,[],[]
20115310,20116110,NA,OLF,0.0,598,pause,NA,NA,NA,NA,0.0,0,-42.38,-34.25,[],0,0,[],[]
20116110,20117400,NA,SIL,0.0,598,pause,NA,NA,NA,NA,0.0,0,-49.17,-41.9,[],0,0,[],[]
20117400,20118760,NA,CXF,0.0,598,pause,NA,NA,NA,NA,0.0,0,-46.08,-39.85,[],0,0,[],[]
20118760,20119860,NA,NOF,0.0,598,pause,NA,NA,NA,NA,0.0,0,-46.77,-40.34,[],0,0,[],[]
20119860,20121130,NA,OLF,0.0,598,pause,NA,NA,NA,NA,0.0,0,-43.67,-36.83,[],0,0,[],[]
20121130,20122300,NA,NOF,0.0,598,pause,NA,NA,NA,NA,0.0,0,-36.08,-20.8,[],0,0,[],[]
20122300,20124370,NA,MAF,0.0,598,pause,NA,NA,NA,NA,0.0,0,-39.26,-25.3,[],0,0,[],[]
20124370,20125460,NA,SIL,0.0,598,pause,NA,NA,NA,NA,0.0,0,-45.49,-31.66,[],0,0,[],[]
20125460,20126060,NA,FAF,0.0,598,pause,NA,NA,NA,NA,0.0,0,-34.4,-21.96,[],0,0,[],[]
20126060,20127100,NA,TVF,0.0,598,pause,NA,NA,NA,NA,0.0,0,-44.68,-33.66,[],0,0,[],[]
20127100,20127900,NA,OLF,0.0,598,pause,NA,NA,NA,NA,0.0,0,-42.37,-37.55,[],0,0,[],[]
20127900,20128870,NA,NOF,0.0,598,pause,NA,NA,NA,NA,0.0,0,-38.82,-21.93,[],0,0,[],[]
20128870,20129680,NA,CXF,0.0,598,pause,NA,NA,NA,NA,0.0,0,-33.3,-20.31,[],0,0,[],[]
20129680,20131420,NA,SIL,0.0,598,pause,NA,NA,NA,NA,0.0,0,-47.38,-40.11,[],0,0,[],[]
20131420,20132600,NA,MAF,0.0,598,pause,NA,NA,NA,NA,0.0,0,-42.65,-34.99,[],0,0,[],[]
20132600,20134680,NA,NOF,0.0,598,pause,NA,NA,NA,NA,0.0,0,-36.56,-14.25,[],0,0,[],[]
20134680,20137000,NA,MAF,0.0,598,pause,NA,NA,NA,NA,0.0,0,-41.69,-32.42,[],0,0,[],[]
20137000,20138110,NA,FAF,0.0,598,pause,NA,NA,NA,NA,0.0,0,-42.02,-29.47,[],0,0,[],[]
20138110,20139050,NA,OLF,0.0,598,pause,NA,NA,NA,NA,0.0,0,-41.85,-28.82,[],0,0,[],[]
20139050,20140190,NA,MAF,0.0,598,pause,NA,NA,NA,NA,0.0,0,-44.45,-33.44,[],0,0,[],[]
20140190,20141190,NA,TVF,0.0,598,pause,NA,NA,NA,NA,0.0,0,-46.41,-38.37,[],0,0,[],[]
20141190,20142360,NA,NOF,0.0,598,pause,NA,NA,NA,NA,0.0,0,-44.92,-36.97,[],0,0,[],[]
20142360,20143360,NA,TVF,0.0,598,pause,NA,NA,NA,NA,0.0,0,-47.27,-36.58,[],0,0,[],[]
20143360,20146440,NA,NOF,0.0,598,pause,NA,NA,NA,NA,0.0,0,-45.71,-28.7,[],0,0,[],[]
20146440,20147440,NA,MAF,0.0,598,pause,NA,NA,NA,NA,0.0,0,-42.94,-32.55,[],0,0,[],[]
20147440,20149090,NA,OLF,0.0,598,pause,NA,NA,NA,NA,0.0,0,-43.31,-29.02,[],0,0,[],[]
20149090,20149890,NA,SIL,0.0,598,pause,NA,NA,NA,NA,0.0,0,-48.77,-44.6,[],0,0,[],[]
20149890,20150690,NA,NOF,0.0,598,pause,NA,NA,NA,NA,0.0,0,-44.05,-36.48,[],0,0,[],[]
20150690,20151690,NA,MAF,0.0,598,pause,NA,NA,NA,NA,0.0,0,-43.31,-30.55,[],0,0,[],[]
20151690,20152690,NA,TVF,0.0,598,pause,NA,NA,NA,NA,0.0,0,-42.84,-31.15,[],0,0,[],[]
20152690,20153890,NA,NOF,0.0,598,pause,NA,NA,NA,NA,0.0,0,-41.57,-31.74,[],0,0,[],[]
20153890,20155860,NA,SIL,0.0,598,pause,NA,NA,NA,NA,0.0,0,-49.74,-43.84,[],0,0,[],[]
20155860,20158210,NA,NOF,0.0,598,pause,NA,NA,NA,NA,0.0,0,-46.39,-34.22,[],0,0,[],[]
20158210,20160860,NA,SIL,0.0,598,pause,NA,NA,NA,NA,0.0,0,-45.86,-27.01,[],0,0,[],[]
20160860,20162020,NA,NOF,0.0,598,pause,NA,NA,NA,NA,0.0,0,-50.03,-42.73,[],0,0,[],[]
20162020,20163660,NA,SIL,0.0,598,pause,NA,NA,NA,NA,0.0,0,-51.98,-47.43,[],0,0,[],[]
20163660,20166080,NA,NOF,0.0,598,pause,NA,NA,NA,NA,0.0,0,-45.23,-29.2,[],0,0,[],[]
20166080,20167540,MAL,MAN,5.45,598,AMM,EC,0,NT,FI,0.0,0,-40.45,-35.07,[],0,0,[],[]
20167540,20169360,NA,TVF,0.0,599,pause,NA,NA,NA,NA,0.0,0,-46.46,-36.51,[],0,0,[],[]
20169360,20170160,NA,NOF,0.0,599,pause,NA,NA,NA,NA,0.0,0,-48.77,-45.21,[],0,0,[],[]
20170160,20171020,NA,SIL,0.0,599,pause,NA,NA,NA,NA,0.0,0,-49.39,-45.65,[],0,0,[],[]
20171020,20172870,NA,FAF,0.0,599,pause,NA,NA,NA,NA,0.0,0,-45.0,-31.94,[],0,0,[],[]
20172870,20174220,NA,NOF,0.0,599,pause,NA,NA,NA,NA,0.0,0,-46.96,-38.87,[],0,0,[],[]
20174220,20175910,NA,SIL,0.0,599,pause,NA,NA,NA,NA,0.0,0,-48.79,-34.6,[],0,0,[],[]
20175910,20177170,NA,NOF,0.0,599,pause,NA,NA,NA,NA,0.0,0,-46.08,-36.54,[],0,0,[],[]
20177170,20177770,FEM,FAN,0.9,599,AMF,EC,0,NT,FI,0.0,0,-38.07,-25.43,[],0,0,[],[]
20177770,20179440,NA,SIL,0.0,600,pause,NA,NA,NA,NA,0.0,0,-47.79,-40.05,[],0,0,[],[]
20179440,20181180,NA,NOF,0.0,600,pause,NA,NA,NA,NA,0.0,0,-36.62,-18.36,[],0,0,[],[]
20181180,20183720,NA,MAF,0.0,600,pause,NA,NA,NA,NA,0.0,0,-44.83,-26.27,[],0,0,[],[]
20183720,20184520,NA,SIL,0.0,600,pause,NA,NA,NA,NA,0.0,0,-47.27,-38.9,[],0,0,[],[]
20184520,20185380,NA,MAF,0.0,600,pause,NA,NA,NA,NA,0.0,0,-47.4,-41.44,[],0,0,[],[]
20185380,20188490,NA,SIL,0.0,600,pause,NA,NA,NA,NA,0.0,0,-49.5,-42.01,[],0,0,[],[]
20188490,20189490,NA,FAF,0.0,600,pause,NA,NA,NA,NA,0.0,0,-34.57,-25.82,[],0,0,[],[]
20189490,20190290,NA,OLN,0.0,600,pause,NA,NA,NA,NA,0.0,0,-36.22,-28.82,[],0,0,[],[]
20190290,20193430,NA,NOF,0.0,600,pause,NA,NA,NA,NA,0.0,0,-35.26,-14.36,[],0,0,[],[]
20193430,20194300,NA,OLN,0.0,600,pause,NA,NA,NA,NA,0.0,0,-20.38,-6.09,[],0,0,[],[]
20194300,20199890,NA,NOF,0.0,600,pause,NA,NA,NA,NA,0.0,0,-45.72,-27.78,[],0,0,[],[]
20199890,20200900,NA,MAF,0.0,600,pause,NA,NA,NA,NA,0.0,0,-45.69,-38.55,[],0,0,[],[]
20200900,20201820,NA,NOF,0.0,600,pause,NA,NA,NA,NA,0.0,0,-46.53,-42.86,[],0,0,[],[]
20201820,20203370,NA,SIL,0.0,600,pause,NA,NA,NA,NA,0.0,0,-48.51,-40.77,[],0,0,[],[]
20203370,20204370,NA,MAF,0.0,600,pause,NA,NA,NA,NA,0.0,0,-47.06,-38.21,[],0,0,[],[]
20204370,20206240,NA,SIL,0.0,600,pause,NA,NA,NA,NA,0.0,0,-50.42,-43.9,[],0,0,[],[]
20206240,20207620,NA,NOF,0.0,600,pause,NA,NA,NA,NA,0.0,0,-44.71,-35.42,[],0,0,[],[]
20207620,20209650,NA,OLF,0.0,600,pause,NA,NA,NA,NA,0.0,0,-37.7,-19.92,[],0,0,[],[]
20209650,20212890,NA,NOF,0.0,600,pause,NA,NA,NA,NA,0.0,0,-37.11,-20.97,[],0,0,[],[]
20212890,20214050,NA,OLN,0.0,600,pause,NA,NA,NA,NA,0.0,0,-26.78,-17.1,[],0,0,[],[]
20214050,20215070,NA,NOF,0.0,600,pause,NA,NA,NA,NA,0.0,0,-46.27,-37.89,[],0,0,[],[]
20215070,20218050,NA,OLF,0.0,600,pause,NA,NA,NA,NA,0.0,0,-33.04,-13.32,[],0,0,[],[]
20218050,20218910,NA,SIL,0.0,600,pause,NA,NA,NA,NA,0.0,0,-48.34,-37.41,[],0,0,[],[]
20218910,20219710,NA,NOF,0.0,600,pause,NA,NA,NA,NA,0.0,0,-36.69,-19.19,[],0,0,[],[]
20219710,20220620,NA,OLF,0.0,600,pause,NA,NA,NA,NA,0.0,0,-38.71,-28.9,[],0,0,[],[]
20220620,20221720,NA,TVF,0.0,600,pause,NA,NA,NA,NA,0.0,0,-42.11,-35.23,[],0,0,[],[]
20221720,20224090,NA,NOF,0.0,600,pause,NA,NA,NA,NA,0.0,0,-35.53,-19.7,[],0,0,[],[]
20224090,20226680,NA,OLF,0.0,600,pause,NA,NA,NA,NA,0.0,0,-23.53,-7.2,[],0,0,[],[]
20226680,20228870,NA,NOF,0.0,600,pause,NA,NA,NA,NA,0.0,0,-21.85,-4.64,[],0,0,[],[]
20228870,20229680,NA,OLN,0.0,600,pause,NA,NA,NA,NA,0.0,0,-21.15,-8.55,[],0,0,[],[]
20229680,20231650,NA,NOF,0.0,600,pause,NA,NA,NA,NA,0.0,0,-35.24,-23.97,[],0,0,[],[]
20231650,20233020,NA,OLF,0.0,600,pause,NA,NA,NA,NA,0.0,0,-33.61,-22.06,[],0,0,[],[]
20233020,20233850,NA,NOF,0.0,600,pause,NA,NA,NA,NA,0.0,0,-36.56,-29.28,[],0,0,[],[]
20233850,20235180,NA,OLN,0.0,600,pause,NA,NA,NA,NA,0.0,0,-17.1,-4.66,[],0,0,[],[]
20235180,20236400,NA,NOF,0.0,600,pause,NA,NA,NA,NA,0.0,0,-14.66,-4.3,[],0,0,[],[]
20236400,20237800,NA,OLF,0.0,600,pause,NA,NA,NA,NA,0.0,0,-26.96,-11.09,[],0,0,[],[]
20237800,20238770,NA,NOF,0.0,600,pause,NA,NA,NA,NA,0.0,0,-20.88,-6.18,[],0,0,[],[]
20238770,20242470,NA,OLF,0.0,600,pause,NA,NA,NA,NA,0.0,0,-24.65,-5.57,[],0,0,[],[]
20242470,20243420,NA,NOF,0.0,600,pause,NA,NA,NA,NA,0.0,0,-38.69,-29.03,[],0,0,[],[]
20243420,20244420,NA,MAF,0.0,600,pause,NA,NA,NA,NA,0.0,0,-41.63,-31.1,[],0,0,[],[]
20244420,20248370,NA,NOF,0.0,600,pause,NA,NA,NA,NA,0.0,0,-47.53,-37.15,[],0,0,[],[]
20248370,20249170,NA,SIL,0.0,600,pause,NA,NA,NA,NA,0.0,0,-47.13,-36.65,[],0,0,[],[]
20249170,20250040,NA,NON,0.0,600,pause,NA,NA,NA,NA,0.0,0,-39.61,-28.97,[],0,0,[],[]
20250040,20252900,NA,OLF,0.0,600,pause,NA,NA,NA,NA,0.0,0,-35.44,-16.44,[],0,0,[],[]
20252900,20254070,NA,NOF,0.0,600,pause,NA,NA,NA,NA,0.0,0,-44.15,-33.52,[],0,0,[],[]
20254070,20255510,NA,OLF,0.0,600,pause,NA,NA,NA,NA,0.0,0,-38.34,-25.73,[],0,0,[],[]
20255510,20257370,NA,NOF,0.0,600,pause,NA,NA,NA,NA,0.0,0,-37.75,-23.08,[],0,0,[],[]
20257370,20258600,NA,OLF,0.0,600,pause,NA,NA,NA,NA,0.0,0,-43.03,-35.09,[],0,0,[],[]
20258600,20259470,NA,NOF,0.0,600,pause,NA,NA,NA,NA,0.0,0,-45.73,-33.51,[],0,0,[],[]
20259470,20260270,NA,OLF,0.0,600,pause,NA,NA,NA,NA,0.0,0,-33.91,-20.95,[],0,0,[],[]
20260270,20261310,NA,MAF,0.0,600,pause,NA,NA,NA,NA,0.0,0,-39.56,-26.42,[],0,0,[],[]
20261310,20262110,NA,FAF,0.0,600,pause,NA,NA,NA,NA,0.0,0,-43.35,-37.73,[],0,0,[],[]
20262110,20262950,NA,CXF,0.0,600,pause,NA,NA,NA,NA,0.0,0,-43.92,-37.82,[],0,0,[],[]
20262950,20264800,NA,OLF,0.0,600,pause,NA,NA,NA,NA,0.0,0,-25.97,-4.35,[],0,0,[],[]
20264800,20265610,NA,SIL,0.0,600,pause,NA,NA,NA,NA,0.0,0,-46.66,-34.27,[],0,0,[],[]
20265610,20266410,NA,NOF,0.0,600,pause,NA,NA,NA,NA,0.0,0,-47.49,-43.33,[],0,0,[],[]
20266410,20267210,NA,OLF,0.0,600,pause,NA,NA,NA,NA,0.0,0,-45.18,-40.04,[],0,0,[],[]
20267210,20268290,NA,SIL,0.0,600,pause,NA,NA,NA,NA,0.0,0,-50.77,-43.47,[],0,0,[],[]
20268290,20269480,NA,FAF,0.0,600,pause,NA,NA,NA,NA,0.0,0,-25.16,-10.57,[],0,0,[],[]
20269480,20271430,NA,OLF,0.0,600,pause,NA,NA,NA,NA,0.0,0,-45.38,-40.8,[],0,0,[],[]
20271430,20272860,NA,FAF,0.0,600,pause,NA,NA,NA,NA,0.0,0,-43.77,-31.77,[],0,0,[],[]
20272860,20274020,NA,SIL,0.0,600,pause,NA,NA,NA,NA,0.0,0,-48.7,-34.76,[],0,0,[],[]
20274020,20274830,NA,FAF,0.0,600,pause,NA,NA,NA,NA,0.0,0,-48.69,-44.44,[],0,0,[],[]
20274830,20275730,NA,OLF,0.0,600,pause,NA,NA,NA,NA,0.0,0,-41.98,-29.58,[],0,0,[],[]
20275730,20276530,NA,NOF,0.0,600,pause,NA,NA,NA,NA,0.0,0,-42.27,-36.26,[],0,0,[],[]
20276530,20277330,NA,OLF,0.0,600,pause,NA,NA,NA,NA,0.0,0,-42.76,-37.39,[],0,0,[],[]
20277330,20278790,NA,NOF,0.0,600,pause,NA,NA,NA,NA,0.0,0,-43.78,-29.48,[],0,0,[],[]
20278790,20280070,NA,OLF,0.0,600,pause,NA,NA,NA,NA,0.0,0,-44.36,-36.1,[],0,0,[],[]
20280070,20282340,NA,NOF,0.0,600,pause,NA,NA,NA,NA,0.0,0,-40.89,-24.03,[],0,0,[],[]
20282340,20283030,FEM,FAN,0.0,600,pause,NA,NA,NA,NA,0.0,0,-30.81,-24.26,[],690,0,[],[]
20283030,20285530,NA,NOF,0.0,600,pause,NA,NA,NA,NA,0.0,0,-41.22,-21.87,[],0,0,[],[]
20285530,20286730,NA,SIL,0.0,600,pause,NA,NA,NA,NA,0.0,0,-49.03,-42.64,[],0,0,[],[]
20286730,20289560,NA,NOF,0.0,600,pause,NA,NA,NA,NA,0.0,0,-42.62,-24.23,[],0,0,[],[]
20289560,20290580,NA,FAF,0.0,600,pause,NA,NA,NA,NA,0.0,0,-40.02,-24.09,[],0,0,[],[]
20290580,20291710,NA,SIL,0.0,600,pause,NA,NA,NA,NA,0.0,0,-46.89,-36.57,[],0,0,[],[]
20291710,20293690,NA,MAF,0.0,600,pause,NA,NA,NA,NA,0.0,0,-44.36,-35.5,[],0,0,[],[]
20293690,20294550,NA,NOF,0.0,600,pause,NA,NA,NA,NA,0.0,0,-41.04,-34.9,[],0,0,[],[]
20294550,20296020,NA,OLF,0.0,600,pause,NA,NA,NA,NA,0.0,0,-30.08,-10.34,[],0,0,[],[]
20296020,20300420,NA,NOF,0.0,600,pause,NA,NA,NA,NA,0.0,0,-24.26,-4.33,[],0,0,[],[]
20300420,20301430,OCH,CXN,0.0,600,XM,EC,0,NT,FI,0.0,0,-20.88,-11.62,[],0,0,[],[]
20301430,20304150,NA,NOF,0.0,601,pause,NA,NA,NA,NA,0.0,0,-19.56,-3.08,[],0,0,[],[]
20304150,20305010,NA,OLF,0.0,601,pause,NA,NA,NA,NA,0.0,0,-27.87,-15.59,[],0,0,[],[]
20305010,20306490,NA,NOF,0.0,601,pause,NA,NA,NA,NA,0.0,0,-28.12,-14.02,[],0,0,[],[]
20306490,20307540,NA,OLF,0.0,601,pause,NA,NA,NA,NA,0.0,0,-35.89,-28.31,[],0,0,[],[]
20307540,20309510,NA,NOF,0.0,601,pause,NA,NA,NA,NA,0.0,0,-39.95,-29.31,[],0,0,[],[]
20309510,20310650,NA,OLN,0.0,601,pause,NA,NA,NA,NA,0.0,0,-26.3,-13.9,[],0,0,[],[]
20310650,20313180,NA,NOF,0.0,601,pause,NA,NA,NA,NA,0.0,0,-38.0,-25.23,[],0,0,[],[]
20313180,20314750,NA,OLN,0.0,601,pause,NA,NA,NA,NA,0.0,0,-20.94,-8.9,[],0,0,[],[]
20314750,20316340,NA,NOF,0.0,601,pause,NA,NA,NA,NA,0.0,0,-34.49,-17.45,[],0,0,[],[]
20316340,20317850,NA,SIL,0.0,601,pause,NA,NA,NA,NA,0.0,0,-54.13,-45.74,[],0,0,[],[]
20317850,20318650,NA,OLF,0.0,601,pause,NA,NA,NA,NA,0.0,0,-28.82,-18.21,[],0,0,[],[]
20318650,20321190,NA,NOF,0.0,601,pause,NA,NA,NA,NA,0.0,0,-42.37,-30.25,[],0,0,[],[]
20321190,20322070,NA,OLF,0.0,601,pause,NA,NA,NA,NA,0.0,0,-33.74,-21.22,[],0,0,[],[]
20322070,20324890,NA,NOF,0.0,601,pause,NA,NA,NA,NA,0.0,0,-42.34,-27.18,[],0,0,[],[]
20324890,20325760,NA,SIL,0.0,601,pause,NA,NA,NA,NA,0.0,0,-57.79,-50.68,[],0,0,[],[]
20325760,20328040,NA,NOF,0.0,601,pause,NA,NA,NA,NA,0.0,0,-28.26,-10.95,[],0,0,[],[]
20328040,20328860,NA,OLF,0.0,601,pause,NA,NA,NA,NA,0.0,0,-26.08,-11.01,[],0,0,[],[]
20328860,20329680,NA,NOF,0.0,601,pause,NA,NA,NA,NA,0.0,0,-16.8,-4.48,[],0,0,[],[]
20329680,20330710,NA,OLN,0.0,601,pause,NA,NA,NA,NA,0.0,0,-30.71,-18.49,[],0,0,[],[]
20330710,20331710,MAL,MAN,3.8,601,AMM,EC,0,NT,FI,0.0,0,-32.79,-25.44,[],0,0,[],[]
20331710,20333010,NA,OLF,0.0,602,pause,NA,NA,NA,NA,0.0,0,-38.19,-26.3,[],0,0,[],[]
20333010,20334430,NA,TVF,0.0,602,pause,NA,NA,NA,NA,0.0,0,-39.55,-29.0,[],0,0,[],[]
20334430,20337540,NA,MAF,0.0,602,pause,NA,NA,NA,NA,0.0,0,-42.95,-30.63,[],0,0,[],[]
20337540,20338420,NA,OLF,0.0,602,pause,NA,NA,NA,NA,0.0,0,-45.53,-37.01,[],0,0,[],[]
20338420,20339430,NA,FAF,0.0,602,pause,NA,NA,NA,NA,0.0,0,-44.64,-38.59,[],0,0,[],[]
20339430,20340530,NA,OLF,0.0,602,pause,NA,NA,NA,NA,0.0,0,-41.6,-34.32,[],0,0,[],[]
20340530,20341340,NA,NOF,0.0,602,pause,NA,NA,NA,NA,0.0,0,-49.75,-41.58,[],0,0,[],[]
20341340,20342340,NA,MAF,0.0,602,pause,NA,NA,NA,NA,0.0,0,-50.19,-43.73,[],0,0,[],[]
20342340,20343860,NA,NOF,0.0,602,pause,NA,NA,NA,NA,0.0,0,-46.64,-38.57,[],0,0,[],[]
20343860,20344680,NA,OLF,0.0,602,pause,NA,NA,NA,NA,0.0,0,-44.87,-39.65,[],0,0,[],[]
20344680,20346180,NA,MAF,0.0,602,pause,NA,NA,NA,NA,0.0,0,-43.63,-28.43,[],0,0,[],[]
20346180,20347000,NA,OLF,0.0,602,pause,NA,NA,NA,NA,0.0,0,-46.28,-40.99,[],0,0,[],[]
20347000,20348000,NA,MAF,0.0,602,pause,NA,NA,NA,NA,0.0,0,-47.91,-43.19,[],0,0,[],[]
20348000,20348840,NA,SIL,0.0,602,pause,NA,NA,NA,NA,0.0,0,-49.12,-43.13,[],0,0,[],[]
20348840,20354330,NA,MAF,0.0,602,pause,NA,NA,NA,NA,0.0,0,-44.27,-30.8,[],0,0,[],[]
20354330,20355130,NA,NOF,0.0,602,pause,NA,NA,NA,NA,0.0,0,-34.53,-22.37,[],0,0,[],[]
20355130,20355950,NA,SIL,0.0,602,pause,NA,NA,NA,NA,0.0,0,-53.93,-48.04,[],0,0,[],[]
20355950,20358100,NA,NOF,0.0,602,pause,NA,NA,NA,NA,0.0,0,-45.85,-31.52,[],0,0,[],[]
20358100,20359560,NA,TVF,0.0,602,pause,NA,NA,NA,NA,0.0,0,-49.08,-37.95,[],0,0,[],[]
20359560,20360360,NA,SIL,0.0,602,pause,NA,NA,NA,NA,0.0,0,-54.21,-45.67,[],0,0,[],[]
20360360,20362740,NA,NOF,0.0,602,pause,NA,NA,NA,NA,0.0,0,-50.41,-42.66,[],0,0,[],[]
20362740,20363770,NA,TVF,0.0,602,pause,NA,NA,NA,NA,0.0,0,-51.2,-44.23,[],0,0,[],[]
20363770,20366230,NA,NOF,0.0,602,pause,NA,NA,NA,NA,0.0,0,-44.95,-30.64,[],0,0,[],[]
20366230,20367030,NA,SIL,0.0,602,pause,NA,NA,NA,NA,0.0,0,-51.2,-46.31,[],0,0,[],[]
20367030,20372310,NA,MAF,0.0,602,pause,NA,NA,NA,NA,0.0,0,-40.92,-21.73,[],0,0,[],[]
20372310,20373680,NA,OLF,0.0,602,pause,NA,NA,NA,NA,0.0,0,-16.05,-3.73,[],0,0,[],[]
20373680,20374680,NA,MAF,0.0,602,pause,NA,NA,NA,NA,0.0,0,-37.73,-31.69,[],0,0,[],[]
20374680,20375490,NA,OLN,0.0,602,pause,NA,NA,NA,NA,0.0,0,-34.14,-19.55,[],0,0,[],[]
20375490,20376460,NA,NOF,0.0,602,pause,NA,NA,NA,NA,0.0,0,-41.48,-33.6,[],0,0,[],[]
20376460,20377260,NA,OLF,0.0,602,pause,NA,NA,NA,NA,0.0,0,-38.23,-29.17,[],0,0,[],[]
20377260,20378210,NA,NOF,0.0,602,pause,NA,NA,NA,NA,0.0,0,-45.27,-35.23,[],0,0,[],[]
20378210,20379230,NA,MAF,0.0,602,pause,NA,NA,NA,NA,0.0,0,-44.22,-30.22,[],0,0,[],[]
20379230,20381440,NA,NOF,0.0,602,pause,NA,NA,NA,NA,0.0,0,-38.75,-22.59,[],0,0,[],[]
20381440,20383490,NA,OLF,0.0,602,pause,NA,NA,NA,NA,0.0,0,-32.56,-19.02,[],0,0,[],[]
20383490,20384660,NA,NOF,0.0,602,pause,NA,NA,NA,NA,0.0,0,-39.3,-30.07,[],0,0,[],[]
20384660,20385700,NA,MAF,0.0,602,pause,NA,NA,NA,NA,0.0,0,-39.32,-23.61,[],0,0,[],[]
20385700,20387870,NA,OLF,0.0,602,pause,NA,NA,NA,NA,0.0,0,-40.02,-20.5,[],0,0,[],[]
20387870,20389170,NA,MAF,0.0,602,pause,NA,NA,NA,NA,0.0,0,-43.25,-32.18,[],0,0,[],[]
20389170,20390110,NA,SIL,0.0,602,pause,NA,NA,NA,NA,0.0,0,-44.75,-34.47,[],0,0,[],[]
20390110,20393570,NA,NOF,0.0,602,pause,NA,NA,NA,NA,0.0,0,-41.72,-22.54,[],0,0,[],[]
20393570,20395050,NA,TVF,0.0,602,pause,NA,NA,NA,NA,0.0,0,-46.52,-38.82,[],0,0,[],[]
20395050,20395940,NA,NOF,0.0,602,pause,NA,NA,NA,NA,0.0,0,-44.66,-35.13,[],0,0,[],[]
20395940,20399010,NA,MAF,0.0,602,pause,NA,NA,NA,NA,0.0,0,-45.32,-33.5,[],0,0,[],[]
20399010,20399880,NA,NOF,0.0,602,pause,NA,NA,NA,NA,0.0,0,-44.31,-37.68,[],0,0,[],[]
20399880,20400940,NA,TVF,0.0,602,pause,NA,NA,NA,NA,0.0,0,-47.33,-42.28,[],0,0,[],[]
20400940,20401950,NA,CXF,0.0,602,pause,NA,NA,NA,NA,0.0,0,-46.78,-38.95,[],0,0,[],[]
20401950,20403780,NA,TVF,0.0,602,pause,NA,NA,NA,NA,0.0,0,-43.51,-28.99,[],0,0,[],[]
20403780,20404580,NA,MAF,0.0,602,pause,NA,NA,NA,NA,0.0,0,-42.09,-30.33,[],0,0,[],[]
20404580,20405590,NA,TVF,0.0,602,pause,NA,NA,NA,NA,0.0,0,-43.41,-34.64,[],0,0,[],[]
20405590,20407390,NA,OLF,0.0,602,pause,NA,NA,NA,NA,0.0,0,-43.21,-30.29,[],0,0,[],[]
20407390,20412310,NA,NOF,0.0,602,pause,NA,NA,NA,NA,0.0,0,-36.85,-20.07,[],0,0,[],[]
20412310,20413550,NA,MAF,0.0,602,pause,NA,NA,NA,NA,0.0,0,-45.7,-37.29,[],0,0,[],[]
20413550,20419200,NA,NOF,0.0,602,pause,NA,NA,NA,NA,0.0,0,-41.75,-31.32,[],0,0,[],[]
20419200,20420510,NA,MAF,0.0,602,pause,NA,NA,NA,NA,0.0,0,-42.61,-28.66,[],0,0,[],[]
20420510,20422490,NA,NOF,0.0,602,pause,NA,NA,NA,NA,0.0,0,-26.52,-5.07,[],0,0,[],[]
20422490,20423510,NA,MAF,0.0,602,pause,NA,NA,NA,NA,0.0,0,-42.34,-27.24,[],0,0,[],[]
20423510,20424760,NA,OLF,0.0,602,pause,NA,NA,NA,NA,0.0,0,-38.46,-28.43,[],0,0,[],[]
20424760,20425770,NA,MAF,0.0,602,pause,NA,NA,NA,NA,0.0,0,-37.05,-24.19,[],0,0,[],[]
20425770,20426570,NA,NOF,0.0,602,pause,NA,NA,NA,NA,0.0,0,-41.46,-35.24,[],0,0,[],[]
20426570,20428090,NA,OLF,0.0,602,pause,NA,NA,NA,NA,0.0,0,-37.58,-28.46,[],0,0,[],[]
20428090,20431120,NA,NOF,0.0,602,pause,NA,NA,NA,NA,0.0,0,-38.41,-20.1,[],0,0,[],[]
20431120,20432130,NA,MAF,0.0,602,pause,NA,NA,NA,NA,0.0,0,-39.55,-22.61,[],0,0,[],[]
20432130,20433050,NA,NOF,0.0,602,pause,NA,NA,NA,NA,0.0,0,-39.28,-24.35,[],0,0,[],[]
20433050,20436610,NA,MAF,0.0,602,pause,NA,NA,NA,NA,0.0,0,-38.44,-26.37,[],0,0,[],[]
20436610,20437410,NA,NOF,0.0,602,pause,NA,NA,NA,NA,0.0,0,-40.29,-34.06,[],0,0,[],[]
20437410,20439500,NA,OLN,0.0,602,pause,NA,NA,NA,NA,0.0,0,-33.49,-25.57,[],0,0,[],[]
20439500,20440300,NA,NOF,0.0,602,pause,NA,NA,NA,NA,0.0,0,-40.9,-32.91,[],0,0,[],[]
20440300,20441130,NA,OLF,0.0,602,pause,NA,NA,NA,NA,0.0,0,-42.51,-35.52,[],0,0,[],[]
20441130,20441990,NA,NOF,0.0,602,pause,NA,NA,NA,NA,0.0,0,-43.42,-35.4,[],0,0,[],[]
20441990,20443030,NA,OLF,0.0,602,pause,NA,NA,NA,NA,0.0,0,-37.11,-28.42,[],0,0,[],[]
20443030,20444450,NA,TVF,0.0,602,pause,NA,NA,NA,NA,0.0,0,-40.29,-29.34,[],0,0,[],[]
20444450,20445700,NA,MAF,0.0,602,pause,NA,NA,NA,NA,0.0,0,-43.38,-35.22,[],0,0,[],[]
20445700,20446590,NA,OLF,0.0,602,pause,NA,NA,NA,NA,0.0,0,-40.58,-33.12,[],0,0,[],[]
20446590,20447480,NA,NON,0.0,602,pause,NA,NA,NA,NA,0.0,0,-38.34,-29.5,[],0,0,[],[]
20447480,20448350,NA,OLF,0.0,602,pause,NA,NA,NA,NA,0.0,0,-39.14,-29.18,[],0,0,[],[]
20448350,20450010,NA,MAF,0.0,602,pause,NA,NA,NA,NA,0.0,0,-40.71,-29.11,[],0,0,[],[]
20450010,20450840,NA,FAF,0.0,602,pause,NA,NA,NA,NA,0.0,0,-35.89,-21.96,[],0,0,[],[]
20450840,20452870,NA,OLF,0.0,602,pause,NA,NA,NA,NA,0.0,0,-40.47,-30.56,[],0,0,[],[]
20452870,20453710,NA,NOF,0.0,602,pause,NA,NA,NA,NA,0.0,0,-45.18,-38.21,[],0,0,[],[]
20453710,20454720,NA,TVF,0.0,602,pause,NA,NA,NA,NA,0.0,0,-46.56,-40.3,[],0,0,[],[]
20454720,20456560,NA,NOF,0.0,602,pause,NA,NA,NA,NA,0.0,0,-24.11,-5.38,[],0,0,[],[]
20456560,20458830,NA,OLF,0.0,602,pause,NA,NA,NA,NA,0.0,0,-44.21,-28.16,[],0,0,[],[]
20458830,20459630,NA,SIL,0.0,602,pause,NA,NA,NA,NA,0.0,0,-52.93,-46.04,[],0,0,[],[]
20459630,20460630,NA,MAF,0.0,602,pause,NA,NA,NA,NA,0.0,0,-49.39,-39.75,[],0,0,[],[]
20460630,20462460,NA,TVF,0.0,602,pause,NA,NA,NA,NA,0.0,0,-48.33,-31.14,[],0,0,[],[]
20462460,20463260,NA,NOF,0.0,602,pause,NA,NA,NA,NA,0.0,0,-42.5,-29.63,[],0,0,[],[]
20463260,20464780,NA,CXF,0.0,602,pause,NA,NA,NA,NA,0.0,0,-47.26,-29.87,[],0,0,[],[]
20464780,20465960,NA,CHF,0.0,602,pause,NA,NA,NA,NA,0.0,0,-46.18,-31.61,[],0,680,[],"[{'start': 20465.17, 'end': 20465.85}]"
20465960,20466760,NA,CXF,0.0,602,pause,NA,NA,NA,NA,0.0,0,-48.64,-43.32,[],0,0,[],[]
20466760,20467610,NA,NOF,0.0,602,pause,NA,NA,NA,NA,0.0,0,-49.08,-41.68,[],0,0,[],[]
20467610,20468700,NA,MAF,0.0,602,pause,NA,NA,NA,NA,0.0,0,-47.91,-36.59,[],0,0,[],[]
20468700,20471520,NA,NOF,0.0,602,pause,NA,NA,NA,NA,0.0,0,-43.28,-24.63,[],0,0,[],[]
20471520,20472330,NA,OLF,0.0,602,pause,NA,NA,NA,NA,0.0,0,-45.64,-40.81,[],0,0,[],[]
20472330,20475700,NA,NOF,0.0,602,pause,NA,NA,NA,NA,0.0,0,-46.17,-35.34,[],0,0,[],[]
20475700,20476500,NA,CXF,0.0,602,pause,NA,NA,NA,NA,0.0,0,-48.96,-40.17,[],0,0,[],[]
20476500,20477600,NA,NOF,0.0,602,pause,NA,NA,NA,NA,0.0,0,-48.32,-41.02,[],0,0,[],[]
20477600,20478600,NA,MAF,0.0,602,pause,NA,NA,NA,NA,0.0,0,-41.28,-30.21,[],0,0,[],[]
20478600,20480440,NA,TVF,0.0,602,pause,NA,NA,NA,NA,0.0,0,-50.76,-43.49,[],0,0,[],[]
20480440,20485180,NA,NOF,0.0,602,pause,NA,NA,NA,NA,0.0,0,-47.96,-35.86,[],0,0,[],[]
20485180,20488770,NA,OLF,0.0,602,pause,NA,NA,NA,NA,0.0,0,-41.26,-27.49,[],0,0,[],[]
20488770,20493460,NA,NOF,0.0,602,pause,NA,NA,NA,NA,0.0,0,-46.81,-37.31,[],0,0,[],[]
20493460,20494700,NA,TVF,0.0,602,pause,NA,NA,NA,NA,0.0,0,-47.16,-40.33,[],0,0,[],[]
20494700,20495500,NA,MAF,0.0,602,pause,NA,NA,NA,NA,0.0,0,-45.33,-40.83,[],0,0,[],[]
20495500,20496310,NA,CXF,0.0,602,pause,NA,NA,NA,NA,0.0,0,-45.88,-37.99,[],0,0,[],[]
20496310,20497910,NA,OLF,0.0,602,pause,NA,NA,NA,NA,0.0,0,-40.2,-29.41,[],0,0,[],[]
20497910,20499760,NA,FAF,0.0,602,pause,NA,NA,NA,NA,0.0,0,-46.13,-41.1,[],0,0,[],[]
20499760,20500990,NA,NOF,0.0,602,pause,NA,NA,NA,NA,0.0,0,-45.71,-40.07,[],0,0,[],[]
20500990,20501990,NA,TVF,0.0,602,pause,NA,NA,NA,NA,0.0,0,-44.73,-38.05,[],0,0,[],[]
20501990,20503320,NA,NOF,0.0,602,pause,NA,NA,NA,NA,0.0,0,-49.91,-44.04,[],0,0,[],[]
20503320,20504400,NA,TVF,0.0,602,pause,NA,NA,NA,NA,0.0,0,-47.63,-36.7,[],0,0,[],[]
20504400,20505620,NA,SIL,0.0,602,pause,NA,NA,NA,NA,0.0,0,-51.68,-47.19,[],0,0,[],[]
20505620,20506660,NA,TVF,0.0,602,pause,NA,NA,NA,NA,0.0,0,-49.1,-42.49,[],0,0,[],[]
20506660,20509130,NA,OLF,0.0,602,pause,NA,NA,NA,NA,0.0,0,-42.08,-30.74,[],0,0,[],[]
20509130,20509950,OCH,CXN,0.0,602,XM,EC,0,NT,FI,0.0,0,-29.67,-19.53,[],0,0,[],[]
20509950,20510750,NA,OLN,0.0,603,pause,NA,NA,NA,NA,0.0,0,-25.76,-14.81,[],0,0,[],[]
20510750,20512430,NA,NOF,0.0,603,pause,NA,NA,NA,NA,0.0,0,-43.12,-33.3,[],0,0,[],[]
20512430,20513230,NA,OLF,0.0,603,pause,NA,NA,NA,NA,0.0,0,-24.78,-7.3,[],0,0,[],[]
20513230,20514850,NA,NOF,0.0,603,pause,NA,NA,NA,NA,0.0,0,-39.92,-23.33,[],0,0,[],[]
20514850,20515940,NA,MAF,0.0,603,pause,NA,NA,NA,NA,0.0,0,-39.63,-29.19,[],0,0,[],[]
20515940,20516840,NA,OLF,0.0,603,pause,NA,NA,NA,NA,0.0,0,-37.71,-31.45,[],0,0,[],[]
20516840,20517850,NA,MAF,0.0,603,pause,NA,NA,NA,NA,0.0,0,-40.12,-33.79,[],0,0,[],[]
20517850,20519160,NA,OLF,0.0,603,pause,NA,NA,NA,NA,0.0,0,-40.96,-34.24,[],0,0,[],[]
20519160,20520500,NA,NOF,0.0,603,pause,NA,NA,NA,NA,0.0,0,-40.63,-24.21,[],0,0,[],[]
20520500,20521330,NA,OLF,0.0,603,pause,NA,NA,NA,NA,0.0,0,-41.18,-29.43,[],0,0,[],[]
20521330,20522310,NA,NOF,0.0,603,pause,NA,NA,NA,NA,0.0,0,-44.28,-34.15,[],0,0,[],[]
20522310,20523110,NA,OLF,0.0,603,pause,NA,NA,NA,NA,0.0,0,-41.12,-32.83,[],0,0,[],[]
20523110,20525490,NA,NOF,0.0,603,pause,NA,NA,NA,NA,0.0,0,-44.11,-30.45,[],0,0,[],[]
20525490,20527480,NA,OLF,0.0,603,pause,NA,NA,NA,NA,0.0,0,-42.43,-30.03,[],0,0,[],[]
20527480,20528650,NA,MAF,0.0,603,pause,NA,NA,NA,NA,0.0,0,-41.16,-28.28,[],0,0,[],[]
20528650,20529460,OCH,CXN,0.0,603,XIOCAC,BC,0,NT,FI,0.0,0,-37.0,-30.34,[],0,0,[],[]
20529460,20530560,NA,OLF,0.0,603,XIOCAC,NA,NA,NA,NA,0.0,0,-39.26,-30.12,[],0,0,[],[]
20530560,20531360,NA,NOF,0.0,603,XIOCAC,NA,NA,NA,NA,0.0,0,-45.7,-34.6,[],0,0,[],[]
20531360,20532160,NA,OLF,0.0,603,XIOCAC,NA,NA,NA,NA,0.0,0,-43.16,-36.46,[],0,0,[],[]
20532160,20532760,NA,CHF,0.0,603,XIOCAC,RC,0,NT,FI,1.0,600,-40.52,-34.26,"[{'Canonical-syllable': '0', 'Growl': '1', 'High-freq-energy': '0', 'Long-island': '0', 'Low-tilt-spectrum': '1', 'Medium-island': '1', 'Short-island': '0', 'Squeal': '0', 'Typical-entropy': '0', 'Voicing-quality': '1', 'Wide-band': '0', 'Xlong-island': '0', 'seq': '1', 'end': 20532.76, 'start': 20532.16}]",0,0,[],[]
20532760,20533790,OCH,CXN,0.0,603,XIOCAC,RC,0,NT,FI,0.0,0,-33.52,-24.71,[],0,0,[],[]
20533790,20534830,NA,FAF,0.0,603,XIOCAC,NA,NA,NA,NA,0.0,0,-42.39,-33.93,[],0,0,[],[]
20534830,20535630,NA,NOF,0.0,603,XIOCAC,NA,NA,NA,NA,0.0,0,-42.66,-33.39,[],0,0,[],[]
20535630,20536640,OCH,CXN,0.0,603,XIOCAC,RC,0,NT,FH,0.0,0,-23.35,-17.78,[],0,0,[],[]
20536640,20537560,OCH,CXN,0.0,603,XIOCAC,RC,0,NT,FH,0.0,0,-24.92,-18.83,[],0,0,[],[]
20537560,20538650,FEM,FAN,6.8,603,XIOCAC,EC,0,NT,FI,0.0,0,-33.43,-23.57,[],0,0,[],[]
20538650,20540070,NA,OLF,0.0,604,pause,NA,NA,NA,NA,0.0,0,-38.36,-27.94,[],0,0,[],[]
20540070,20541070,NA,MAF,0.0,604,pause,NA,NA,NA,NA,0.0,0,-44.27,-35.45,[],0,0,[],[]
20541070,20541870,NA,FAF,0.0,604,pause,NA,NA,NA,NA,0.0,0,-43.88,-34.51,[],0,0,[],[]
20541870,20543470,NA,TVF,0.0,604,pause,NA,NA,NA,NA,0.0,0,-43.87,-34.68,[],0,0,[],[]
20543470,20544270,NA,MAF,0.0,604,pause,NA,NA,NA,NA,0.0,0,-43.58,-35.04,[],0,0,[],[]
20544270,20548270,NA,OLF,0.0,604,pause,NA,NA,NA,NA,0.0,0,-20.13,-3.51,[],0,0,[],[]
20548270,20550120,NA,MAF,0.0,604,pause,NA,NA,NA,NA,0.0,0,-42.18,-28.29,[],0,0,[],[]
20550120,20551140,NA,FAF,0.0,604,pause,NA,NA,NA,NA,0.0,0,-46.63,-33.88,[],0,0,[],[]
20551140,20551960,NA,CXF,0.0,604,pause,NA,NA,NA,NA,0.0,0,-48.17,-41.18,[],0,0,[],[]
20551960,20552960,NA,MAF,0.0,604,pause,NA,NA,NA,NA,0.0,0,-46.49,-39.27,[],0,0,[],[]
20552960,20555210,NA,NOF,0.0,604,pause,NA,NA,NA,NA,0.0,0,-46.82,-32.97,[],0,0,[],[]
20555210,20556370,NA,TVF,0.0,604,pause,NA,NA,NA,NA,0.0,0,-47.02,-43.1,[],0,0,[],[]
20556370,20557830,NA,MAF,0.0,604,pause,NA,NA,NA,NA,0.0,0,-44.73,-36.26,[],0,0,[],[]
20557830,20560250,NA,NOF,0.0,604,pause,NA,NA,NA,NA,0.0,0,-45.33,-32.98,[],0,0,[],[]
20560250,20561330,NA,OLF,0.0,604,pause,NA,NA,NA,NA,0.0,0,-41.32,-29.94,[],0,0,[],[]
20561330,20562280,NA,NOF,0.0,604,pause,NA,NA,NA,NA,0.0,0,-44.06,-36.1,[],0,0,[],[]
20562280,20563080,NA,SIL,0.0,604,pause,NA,NA,NA,NA,0.0,0,-37.85,-24.85,[],0,0,[],[]
20563080,20564580,NA,OLF,0.0,604,pause,NA,NA,NA,NA,0.0,0,-39.87,-30.65,[],0,0,[],[]
20564580,20565620,NA,FAF,0.0,604,pause,NA,NA,NA,NA,0.0,0,-42.93,-30.18,[],0,0,[],[]
20565620,20566500,NA,NOF,0.0,604,pause,NA,NA,NA,NA,0.0,0,-47.96,-42.79,[],0,0,[],[]
20566500,20567680,NA,FAF,0.0,604,pause,NA,NA,NA,NA,0.0,0,-39.93,-29.2,[],0,0,[],[]
20567680,20570060,NA,OLF,0.0,604,pause,NA,NA,NA,NA,0.0,0,-44.2,-30.85,[],0,0,[],[]
20570060,20570910,NA,SIL,0.0,604,pause,NA,NA,NA,NA,0.0,0,-49.3,-38.86,[],0,0,[],[]
20570910,20572480,NA,FAF,0.0,604,pause,NA,NA,NA,NA,0.0,0,-43.58,-30.34,[],0,0,[],[]
20572480,20574940,NA,NOF,0.0,604,pause,NA,NA,NA,NA,0.0,0,-46.16,-34.71,[],0,0,[],[]
20574940,20577040,NA,MAF,0.0,604,pause,NA,NA,NA,NA,0.0,0,-41.95,-34.51,[],0,0,[],[]
20577040,20577840,NA,OLF,0.0,604,pause,NA,NA,NA,NA,0.0,0,-43.56,-36.9,[],0,0,[],[]
20577840,20579670,NA,MAF,0.0,604,pause,NA,NA,NA,NA,0.0,0,-39.09,-22.33,[],0,0,[],[]
20579670,20580500,NA,OLF,0.0,604,pause,NA,NA,NA,NA,0.0,0,-32.06,-23.32,[],0,0,[],[]
20580500,20581300,NA,MAF,0.0,604,pause,NA,NA,NA,NA,0.0,0,-40.04,-25.79,[],0,0,[],[]
20581300,20582210,CHI,CHN,0.0,604,CM,EC,0,NT,FI,1.0,760,-18.17,-11.94,"[{'Canonical-syllable': '0', 'Growl': '0', 'High-freq-energy': '0', 'Long-island': '1', 'Low-tilt-spectrum': '1', 'Medium-island': '0', 'Short-island': '0', 'Squeal': '0', 'Typical-entropy': '1', 'Voicing-quality': '1', 'Wide-band': '0', 'Xlong-island': '0', 'seq': '1', 'end': 20582.06, 'start': 20581.3}]",0,0,[],[]
20582210,20583780,NA,OLF,0.0,605,pause,NA,NA,NA,NA,0.0,0,-46.6,-37.55,[],0,0,[],[]
20583780,20584790,NA,FAF,0.0,605,pause,NA,NA,NA,NA,0.0,0,-47.36,-43.0,[],0,0,[],[]
20584790,20585600,NA,SIL,0.0,605,pause,NA,NA,NA,NA,0.0,0,-50.69,-36.08,[],0,0,[],[]
20585600,20591650,NA,NOF,0.0,605,pause,NA,NA,NA,NA,0.0,0,-41.78,-21.46,[],0,0,[],[]
20591650,20593580,NA,OLF,0.0,605,pause,NA,NA,NA,NA,0.0,0,-33.08,-19.32,[],0,0,[],[]
20593580,20594390,NA,OLN,0.0,605,pause,NA,NA,NA,NA,0.0,0,-33.65,-25.69,[],0,0,[],[]
20594390,20595490,NA,NOF,0.0,605,pause,NA,NA,NA,NA,0.0,0,-44.44,-33.39,[],0,0,[],[]
20595490,20598660,NA,OLF,0.0,605,pause,NA,NA,NA,NA,0.0,0,-19.9,-4.18,[],0,0,[],[]
20598660,20599790,NA,NON,0.0,605,pause,NA,NA,NA,NA,0.0,0,-19.21,-5.61,[],0,0,[],[]
20599790,20600590,NA,OLF,0.0,605,pause,NA,NA,NA,NA,0.0,0,-35.72,-24.49,[],0,0,[],[]
20600590,20601600,NA,NOF,0.0,605,pause,NA,NA,NA,NA,0.0,0,-33.16,-15.55,[],0,0,[],[]
20601600,20602510,NA,OLF,0.0,605,pause,NA,NA,NA,NA,0.0,0,-21.01,-6.53,[],0,0,[],[]
20602510,20603320,NA,NOF,0.0,605,pause,NA,NA,NA,NA,0.0,0,-13.96,-3.55,[],0,0,[],[]
20603320,20604120,NA,OLF,0.0,605,pause,NA,NA,NA,NA,0.0,0,-15.36,-3.83,[],0,0,[],[]
20604120,20605120,NA,MAF,0.0,605,pause,NA,NA,NA,NA,0.0,0,-41.7,-36.74,[],0,0,[],[]
20605120,20605920,NA,NOF,0.0,605,pause,NA,NA,NA,NA,0.0,0,-30.34,-13.95,[],0,0,[],[]
20605920,20606760,NA,OLN,0.0,605,pause,NA,NA,NA,NA,0.0,0,-13.54,-2.56,[],0,0,[],[]
20606760,20607590,NA,NOF,0.0,605,pause,NA,NA,NA,NA,0.0,0,-12.89,-3.59,[],0,0,[],[]
20607590,20608400,NA,OLF,0.0,605,pause,NA,NA,NA,NA,0.0,0,-36.93,-24.96,[],0,0,[],[]
20608400,20611240,NA,NOF,0.0,605,pause,NA,NA,NA,NA,0.0,0,-22.45,-6.24,[],0,0,[],[]
20611240,20612480,NA,OLF,0.0,605,pause,NA,NA,NA,NA,0.0,0,-31.78,-21.28,[],0,0,[],[]
20612480,20620100,NA,NOF,0.0,605,pause,NA,NA,NA,NA,0.0,0,-21.38,-2.99,[],0,0,[],[]
20620100,20620960,NA,OLF,0.0,605,pause,NA,NA,NA,NA,0.0,0,-27.93,-17.58,[],0,0,[],[]
20620960,20625380,NA,NOF,0.0,605,pause,NA,NA,NA,NA,0.0,0,-44.02,-28.79,[],0,0,[],[]
20625380,20626410,NA,OLF,0.0,605,pause,NA,NA,NA,NA,0.0,0,-44.93,-35.52,[],0,0,[],[]
20626410,20633600,NA,NOF,0.0,605,pause,NA,NA,NA,NA,0.0,0,-36.43,-18.83,[],0,0,[],[]
20633600,20634400,NA,OLF,0.0,605,pause,NA,NA,NA,NA,0.0,0,-40.88,-31.17,[],0,0,[],[]
20634400,20636170,NA,NOF,0.0,605,pause,NA,NA,NA,NA,0.0,0,-44.41,-33.09,[],0,0,[],[]
20636170,20637660,NA,OLF,0.0,605,pause,NA,NA,NA,NA,0.0,0,-40.88,-34.29,[],0,0,[],[]
20637660,20639030,NA,NOF,0.0,605,pause,NA,NA,NA,NA,0.0,0,-34.17,-22.64,[],0,0,[],[]
20639030,20639830,NA,OLF,0.0,605,pause,NA,NA,NA,NA,0.0,0,-33.73,-25.33,[],0,0,[],[]
20639830,20641720,NA,NOF,0.0,605,pause,NA,NA,NA,NA,0.0,0,-37.13,-19.66,[],0,0,[],[]
20641720,20642520,NA,FAF,0.0,605,pause,NA,NA,NA,NA,0.0,0,-44.08,-34.89,[],0,0,[],[]
20642520,20643340,NA,NOF,0.0,605,pause,NA,NA,NA,NA,0.0,0,-47.07,-39.62,[],0,0,[],[]
20643340,20644180,NA,OLF,0.0,605,pause,NA,NA,NA,NA,0.0,0,-37.64,-28.4,[],0,0,[],[]
20644180,20645500,NA,NOF,0.0,605,pause,NA,NA,NA,NA,0.0,0,-33.55,-15.68,[],0,0,[],[]
20645500,20647570,NA,OLF,0.0,605,pause,NA,NA,NA,NA,0.0,0,-33.33,-18.32,[],0,0,[],[]
20647570,20648530,OCH,CXN,0.0,605,XM,EC,0,NT,FI,0.0,0,-38.12,-27.17,[],0,0,[],[]
20648530,20653960,NA,NOF,0.0,606,pause,NA,NA,NA,NA,0.0,0,-37.75,-18.73,[],0,0,[],[]
20653960,20655140,OCH,CXN,0.0,606,XIOCAC,BC,0,NT,FI,0.0,0,-29.02,-20.05,[],0,0,[],[]
20655140,20655760,CHI,CHN,0.0,606,XIOCAC,RC,0,NT,FI,1.0,240,-26.59,-17.98,"[{'Canonical-syllable': '0', 'Growl': '0', 'High-freq-energy': '0', 'Long-island': '0', 'Low-tilt-spectrum': '0', 'Medium-island': '0', 'Short-island': '1', 'Squeal': '0', 'Typical-entropy': '0', 'Voicing-quality': '1', 'Wide-band': '0', 'Xlong-island': '0', 'seq': '1', 'end': 20655.76, 'start': 20655.52}]",0,0,[],[]
20655760,20656660,OCH,CXN,0.0,606,XIOCAC,RC,0,NT,FI,0.0,0,-28.38,-18.93,[],0,0,[],[]
20656660,20658580,NA,NOF,0.0,606,XIOCAC,NA,NA,NA,NA,0.0,0,-48.42,-36.78,[],0,0,[],[]
20658580,20659190,NA,FAF,0.0,606,XIOCAC,NA,NA,NA,NA,0.0,0,-41.91,-33.76,[],0,0,[],[]
20659190,20660710,NA,NOF,0.0,606,XIOCAC,NA,NA,NA,NA,0.0,0,-37.65,-19.63,[],0,0,[],[]
20660710,20661750,OCH,CXN,0.0,606,XIOCAC,RC,0,NT,FH,0.0,0,-33.97,-23.83,[],0,0,[],[]
20661750,20662950,FEM,FAN,3.15,606,XIOCAC,RC,0,NT,FI,0.0,0,-36.19,-25.1,[],0,0,[],[]
20662950,20663840,NA,SIL,0.0,606,XIOCAC,NA,NA,NA,NA,0.0,0,-55.14,-48.86,[],0,0,[],[]
20663840,20664450,OCH,CXN,0.0,606,XIOCAC,RC,0,NT,FI,0.0,0,-29.95,-21.9,[],0,0,[],[]
20664450,20666740,NA,NOF,0.0,606,XIOCAC,NA,NA,NA,NA,0.0,0,-26.07,-9.3,[],0,0,[],[]
20666740,20668190,OCH,CXN,0.0,606,XIOCAC,RC,0,NT,FH,0.0,0,-29.21,-20.04,[],0,0,[],[]
20668190,20669680,OCH,CXN,0.0,606,XIOCAC,RC,0,NT,FH,0.0,0,-29.74,-20.38,[],0,0,[],[]
20669680,20670580,NA,OLN,0.0,606,XIOCAC,NA,NA,NA,NA,0.0,0,-32.59,-22.76,[],0,0,[],[]
20670580,20672040,NA,NOF,0.0,606,XIOCAC,NA,NA,NA,NA,0.0,0,-43.23,-37.49,[],0,0,[],[]
20672040,20673390,OCH,CXN,0.0,606,XIOCAC,RC,0,NT,FH,0.0,0,-32.38,-24.47,[],0,0,[],[]
20673390,20674190,NA,NOF,0.0,606,XIOCAC,NA,NA,NA,NA,0.0,0,-28.38,-15.28,[],0,0,[],[]
20674190,20674790,CHI,CHN,0.0,606,XIOCAC,RC,0,NT,FI,1.0,600,-22.55,-11.2,"[{'Canonical-syllable': '0', 'Growl': '0', 'High-freq-energy': '0', 'Long-island': '0', 'Low-tilt-spectrum': '0', 'Medium-island': '0', 'Short-island': '0', 'Squeal': '0', 'Typical-entropy': '0', 'Voicing-quality': '2', 'Wide-band': '1', 'Xlong-island': '0', 'seq': '1', 'end': 20674.79, 'start': 20674.49}]",0,0,[],[]
20674790,20675790,NA,OLN,0.0,606,XIOCAC,NA,NA,NA,NA,0.0,0,-14.84,-4.71,[],0,0,[],[]
20675790,20677930,NA,NOF,0.0,606,XIOCAC,NA,NA,NA,NA,0.0,0,-19.26,-3.95,[],0,0,[],[]
20677930,20679560,CHI,CHN,0.0,606,XIOCAC,RC,0,NT,FH,2.0,1240,-25.04,-15.05,"[{'Canonical-syllable': '1', 'Growl': '0', 'High-freq-energy': '0', 'Long-island': '0', 'Low-tilt-spectrum': '0', 'Medium-island': '1', 'Short-island': '0', 'Squeal': '0', 'Typical-entropy': '0', 'Voicing-quality': '1', 'Wide-band': '0', 'Xlong-island': '0', 'seq': '1', 'end': 20678.37, 'start': 20677.93}, {'Canonical-syllable': '1', 'Growl': '1', 'High-freq-energy': '0', 'Long-island': '0', 'Low-tilt-spectrum': '0', 'Medium-island': '0', 'Short-island': '2', 'Squeal': '0', 'Typical-entropy': '1', 'Voicing-quality': '3', 'Wide-band': '0', 'Xlong-island': '0', 'seq': '2', 'end': 20679.56, 'start': 20678.76}]",0,0,[],[]
20679560,20681060,NA,OLN,0.0,606,XIOCAC,NA,NA,NA,NA,0.0,0,-20.07,-6.94,[],0,0,[],[]
20681060,20682120,OCH,CXN,0.0,606,XIOCAC,EC,0,NT,FI,0.0,0,-20.32,-6.22,[],0,0,[],[]
20682120,20683160,NA,NOF,0.0,607,pause,NA,NA,NA,NA,0.0,0,-36.16,-23.07,[],0,0,[],[]
20683160,20684160,NA,FAF,0.0,607,pause,NA,NA,NA,NA,0.0,0,-38.39,-30.12,[],0,0,[],[]
20684160,20686760,NA,NOF,0.0,607,pause,NA,NA,NA,NA,0.0,0,-37.29,-22.82,[],0,0,[],[]
20686760,20687990,NA,OLN,0.0,607,pause,NA,NA,NA,NA,0.0,0,-18.64,-3.72,[],0,0,[],[]
20687990,20689350,NA,NOF,0.0,607,pause,NA,NA,NA,NA,0.0,0,-43.21,-31.81,[],0,0,[],[]
20689350,20690430,NA,SIL,0.0,607,pause,NA,NA,NA,NA,0.0,0,-53.62,-45.98,[],0,0,[],[]
20690430,20700170,NA,NOF,0.0,607,pause,NA,NA,NA,NA,0.0,0,-38.96,-14.98,[],0,0,[],[]
20700170,20701000,NA,OLF,0.0,607,pause,NA,NA,NA,NA,0.0,0,-32.27,-22.6,[],0,0,[],[]
20701000,20702320,NA,NOF,0.0,607,pause,NA,NA,NA,NA,0.0,0,-21.07,-3.56,[],0,0,[],[]
20702320,20709510,NA,OLF,0.0,607,pause,NA,NA,NA,NA,0.0,0,-32.87,-14.15,[],0,0,[],[]
20709510,20710420,NA,NOF,0.0,607,pause,NA,NA,NA,NA,0.0,0,-38.79,-35.73,[],0,0,[],[]
20710420,20711220,NA,OLF,0.0,607,pause,NA,NA,NA,NA,0.0,0,-37.9,-31.92,[],0,0,[],[]
20711220,20712050,NA,NOF,0.0,607,pause,NA,NA,NA,NA,0.0,0,-38.97,-36.34,[],0,0,[],[]
20712050,20714950,NA,OLF,0.0,607,pause,NA,NA,NA,NA,0.0,0,-38.22,-30.99,[],0,0,[],[]
20714950,20716430,NA,NOF,0.0,607,pause,NA,NA,NA,NA,0.0,0,-39.89,-26.65,[],0,0,[],[]
20716430,20717390,NA,OLN,0.0,607,pause,NA,NA,NA,NA,0.0,0,-38.76,-31.32,[],0,0,[],[]
20717390,20718190,NA,NOF,0.0,607,pause,NA,NA,NA,NA,0.0,0,-34.17,-23.92,[],0,0,[],[]
20718190,20721490,NA,OLN,0.0,607,pause,NA,NA,NA,NA,0.0,0,-22.19,-3.22,[],0,0,[],[]
20721490,20722770,NA,NOF,0.0,607,pause,NA,NA,NA,NA,0.0,0,-43.63,-36.41,[],0,0,[],[]
20722770,20724300,NA,OLN,0.0,607,pause,NA,NA,NA,NA,0.0,0,-34.6,-29.74,[],0,0,[],[]
20724300,20725980,NA,NON,0.0,607,pause,NA,NA,NA,NA,0.0,0,-26.45,-6.91,[],0,0,[],[]
20725980,20726780,NA,SIL,0.0,607,pause,NA,NA,NA,NA,0.0,0,-50.61,-39.33,[],0,0,[],[]
20726780,20727760,NA,NOF,0.0,607,pause,NA,NA,NA,NA,0.0,0,-41.88,-32.16,[],0,0,[],[]
20727760,20728930,OCH,CXN,0.0,607,XIOCC,BC,0,NT,FI,0.0,0,-28.83,-19.64,[],0,0,[],[]
20728930,20729530,OCH,CXN,0.0,607,XIOCC,RC,0,NT,FH,0.0,0,-28.5,-19.7,[],0,0,[],[]
20729530,20730530,OCH,CXN,0.0,607,XIOCC,RC,0,NT,FH,0.0,0,-27.85,-19.61,[],0,0,[],[]
20730530,20731330,NA,NOF,0.0,607,XIOCC,NA,NA,NA,NA,0.0,0,-41.56,-30.45,[],0,0,[],[]
20731330,20732330,CHI,CHN,0.0,607,XIOCC,RC,0,NT,FI,1.0,710,-25.81,-17.9,"[{'Canonical-syllable': '0', 'Growl': '0', 'High-freq-energy': '0', 'Long-island': '1', 'Low-tilt-spectrum': '0', 'Medium-island': '0', 'Short-island': '0', 'Squeal': '0', 'Typical-entropy': '0', 'Voicing-quality': '1', 'Wide-band': '0', 'Xlong-island': '0', 'seq': '1', 'end': 20732.04, 'start': 20731.33}]",0,0,[],[]
20732330,20734800,NA,NOF,0.0,607,XIOCC,NA,NA,NA,NA,0.0,0,-40.21,-27.14,[],0,0,[],[]
20734800,20735400,CHI,CHN,0.0,607,XIOCC,RC,0,NT,FH,1.0,600,-24.97,-20.51,"[{'Canonical-syllable': '0', 'Growl': '0', 'High-freq-energy': '0', 'Long-island': '0', 'Low-tilt-spectrum': '0', 'Medium-island': '1', 'Short-island': '0', 'Squeal': '0', 'Typical-entropy': '0', 'Voicing-quality': '1', 'Wide-band': '0', 'Xlong-island': '0', 'seq': '1', 'end': 20735.4, 'start': 20735.06}]",0,0,[],[]
20735400,20737070,OCH,CXN,0.0,607,XIOCC,RC,0,NT,FI,0.0,0,-28.01,-20.43,[],0,0,[],[]
20737070,20737980,NA,NOF,0.0,607,XIOCC,NA,NA,NA,NA,0.0,0,-42.82,-34.7,[],0,0,[],[]
20737980,20738580,OCH,CXN,0.0,607,XIOCC,EC,0,NT,FH,0.0,0,-32.3,-26.58,[],0,0,[],[]
20738580,20739430,NA,OLF,0.0,608,pause,NA,NA,NA,NA,0.0,0,-36.35,-27.82,[],0,0,[],[]
20739430,20740570,NA,NOF,0.0,608,pause,NA,NA,NA,NA,0.0,0,-38.37,-26.58,[],0,0,[],[]
20740570,20741170,FEM,FAN,0.0,608,pause,NA,NA,NA,NA,0.0,0,-32.66,-25.89,[],600,0,[],[]
20741170,20742890,NA,NOF,0.0,608,pause,NA,NA,NA,NA,0.0,0,-27.2,-7.49,[],0,0,[],[]
20742890,20743890,NA,MAF,0.0,608,pause,NA,NA,NA,NA,0.0,0,-40.97,-31.64,[],0,0,[],[]
20743890,20745980,NA,NOF,0.0,608,pause,NA,NA,NA,NA,0.0,0,-39.84,-27.42,[],0,0,[],[]
20745980,20747770,MAL,MAN,4.46,608,AMM,EC,0,NT,FI,0.0,0,-29.18,-18.42,[],0,0,[],[]
20747770,20748950,NA,NOF,0.0,609,pause,NA,NA,NA,NA,0.0,0,-44.18,-31.82,[],0,0,[],[]
20748950,20749750,NA,OLN,0.0,609,pause,NA,NA,NA,NA,0.0,0,-19.08,-7.63,[],0,0,[],[]
20749750,20753340,NA,NOF,0.0,609,pause,NA,NA,NA,NA,0.0,0,-34.51,-18.0,[],0,0,[],[]
20753340,20754140,NA,OLF,0.0,609,pause,NA,NA,NA,NA,0.0,0,-37.27,-27.79,[],0,0,[],[]
20754140,20761060,NA,NOF,0.0,609,pause,NA,NA,NA,NA,0.0,0,-36.03,-14.71,[],0,0,[],[]
20761060,20762920,NA,OLF,0.0,609,pause,NA,NA,NA,NA,0.0,0,-34.76,-22.58,[],0,0,[],[]
20762920,20766130,NA,NOF,0.0,609,pause,NA,NA,NA,NA,0.0,0,-33.05,-11.51,[],0,0,[],[]
20766130,20767660,OCH,CXN,0.0,609,XM,EC,0,NT,FI,0.0,0,-31.01,-20.7,[],0,0,[],[]
20767660,20769800,NA,NOF,0.0,610,pause,NA,NA,NA,NA,0.0,0,-44.3,-36.59,[],0,0,[],[]
20769800,20777540,NA,SIL,0.0,610,pause,NA,NA,NA,NA,0.0,0,-47.12,-20.85,[],0,0,[],[]
20777540,20778140,OCH,CXN,0.0,610,XIC,BC,0,NT,FI,0.0,0,-24.28,-9.8,[],0,0,[],[]
20778140,20779700,NA,NOF,0.0,610,XIC,NA,NA,NA,NA,0.0,0,-45.06,-33.87,[],0,0,[],[]
20779700,20780870,OCH,CXN,0.0,610,XIC,RC,0,NT,FH,0.0,0,-29.88,-23.07,[],0,0,[],[]
20780870,20782320,NA,NOF,0.0,610,XIC,NA,NA,NA,NA,0.0,0,-51.74,-44.7,[],0,0,[],[]
20782320,20783160,OCH,CXN,0.0,610,XIC,RC,0,NT,FH,0.0,0,-30.3,-22.82,[],0,0,[],[]
20783160,20785230,NA,NOF,0.0,610,XIC,NA,NA,NA,NA,0.0,0,-44.97,-29.82,[],0,0,[],[]
20785230,20786050,OCH,CXN,0.0,610,XIC,RC,0,NT,FH,0.0,0,-34.47,-28.02,[],0,0,[],[]
20786050,20787400,CHI,CHN,0.0,610,XIC,RC,0,NT,FI,2.0,630,-31.56,-22.96,"[{'Canonical-syllable': '0', 'Growl': '0', 'High-freq-energy': '1', 'Long-island': '0', 'Low-tilt-spectrum': '1', 'Medium-island': '1', 'Short-island': '0', 'Squeal': '0', 'Typical-entropy': '1', 'Voicing-quality': '1', 'Wide-band': '0', 'Xlong-island': '0', 'seq': '1', 'end': 20786.4, 'start': 20786.05}, {'Canonical-syllable': '0', 'Growl': '0', 'High-freq-energy': '0', 'Long-island': '0', 'Low-tilt-spectrum': '0', 'Medium-island': '0', 'Short-island': '1', 'Squeal': '0', 'Typical-entropy': '0', 'Voicing-quality': '1', 'Wide-band': '0', 'Xlong-island': '0', 'seq': '2', 'end': 20787.4, 'start': 20787.12}]",0,0,[],[]
20787400,20789660,OCH,CXN,0.0,610,XIC,RC,0,NT,FI,0.0,0,-27.57,-15.89,[],0,0,[],[]
20789660,20790510,OCH,CXN,0.0,610,XIC,RC,0,NT,FH,0.0,0,-30.37,-21.75,[],0,0,[],[]
20790510,20791860,OCH,CXN,0.0,610,XIC,RC,0,NT,FH,0.0,0,-30.83,-21.31,[],0,0,[],[]
20791860,20795090,NA,NOF,0.0,610,XIC,NA,NA,NA,NA,0.0,0,-36.23,-18.04,[],0,0,[],[]
20795090,20796240,OCH,CXN,0.0,610,XIC,RC,0,NT,FH,0.0,0,-29.28,-20.81,[],0,0,[],[]
20796240,20796840,OCH,CXN,0.0,610,XIC,RC,0,NT,FH,0.0,0,-27.52,-20.0,[],0,0,[],[]
20796840,20798310,OCH,CXN,0.0,610,XIC,RC,0,NT,FH,0.0,0,-28.58,-21.25,[],0,0,[],[]
20798310,20800020,NA,NOF,0.0,610,XIC,NA,NA,NA,NA,0.0,0,-36.73,-19.96,[],0,0,[],[]
20800020,20801120,CHI,CHN,0.0,610,XIC,RC,0,NT,FI,1.0,1100,-27.5,-20.46,"[{'Canonical-syllable': '1', 'Growl': '0', 'High-freq-energy': '1', 'Long-island': '0', 'Low-tilt-spectrum': '2', 'Medium-island': '1', 'Short-island': '2', 'Squeal': '0', 'Typical-entropy': '2', 'Voicing-quality': '2', 'Wide-band': '0', 'Xlong-island': '0', 'seq': '1', 'end': 20801.12, 'start': 20800.02}]",0,0,[],[]
20801120,20801920,NA,NOF,0.0,610,XIC,NA,NA,NA,NA,0.0,0,-34.64,-23.81,[],0,0,[],[]
20801920,20802520,CHI,CHN,0.0,610,XIC,RC,0,TIFI,FH,1.0,420,-14.02,-4.34,"[{'Canonical-syllable': '0', 'Growl': '0', 'High-freq-energy': '0', 'Long-island': '0', 'Low-tilt-spectrum': '0', 'Medium-island': '1', 'Short-island': '0', 'Squeal': '0', 'Typical-entropy': '1', 'Voicing-quality': '1', 'Wide-band': '0', 'Xlong-island': '0', 'seq': '1', 'end': 20802.34, 'start': 20802.0}]",0,0,[],[]
20802520,20804510,NA,NOF,0.0,610,XIC,NA,NA,NA,NA,0.0,0,-34.15,-14.92,[],0,0,[],[]
20804510,20805510,FEM,FAN,7.39,610,XIC,RC,1,TIFR,FI,0.0,0,-27.36,-20.03,[],0,0,[],[]
20805510,20806310,NA,NOF,0.0,610,XIC,NA,NA,NA,NA,0.0,0,-43.1,-37.94,[],0,0,[],[]
20806310,20808630,OCH,CXN,0.0,610,XIC,RC,1,NT,FI,0.0,0,-28.35,-21.33,[],0,0,[],[]
20808630,20809450,NA,NOF,0.0,610,XIC,NA,NA,NA,NA,0.0,0,-44.36,-36.6,[],0,0,[],[]
20809450,20810410,NA,OLN,0.0,610,XIC,NA,NA,NA,NA,0.0,0,-24.46,-7.11,[],0,0,[],[]
20810410,20811260,NA,NOF,0.0,610,XIC,NA,NA,NA,NA,0.0,0,-39.42,-30.29,[],0,0,[],[]
20811260,20811860,CHI,CHN,0.0,610,XIC,RC,1,NT,FI,1.0,600,-23.31,-18.49,"[{'Canonical-syllable': '0', 'Growl': '0', 'High-freq-energy': '0', 'Long-island': '0', 'Low-tilt-spectrum': '0', 'Medium-island': '1', 'Short-island': '0', 'Squeal': '0', 'Typical-entropy': '1', 'Voicing-quality': '1', 'Wide-band': '0', 'Xlong-island': '0', 'seq': '1', 'end': 20811.86, 'start': 20811.42}]",0,0,[],[]
20811860,20813740,NA,OLN,0.0,610,XIC,NA,NA,NA,NA,0.0,0,-25.37,-7.15,[],0,0,[],[]
20813740,20814340,CHI,CHN,0.0,610,XIC,RC,1,NT,FH,1.0,600,-22.63,-17.78,"[{'Canonical-syllable': '0', 'Growl': '0', 'High-freq-energy': '0', 'Long-island': '0', 'Low-tilt-spectrum': '0', 'Medium-island': '1', 'Short-island': '0', 'Squeal': '0', 'Typical-entropy': '0', 'Voicing-quality': '1', 'Wide-band': '0', 'Xlong-island': '0', 'seq': '1', 'end': 20814.34, 'start': 20813.74}]",0,0,[],[]
20814340,20815270,NA,NON,0.0,610,XIC,NA,NA,NA,NA,0.0,0,-38.64,-33.56,[],0,0,[],[]
20815270,20818060,OCH,CXN,0.0,610,XIC,RC,1,NT,FI,0.0,0,-26.55,-17.9,[],0,0,[],[]
20818060,20819410,NA,NOF,0.0,610,XIC,NA,NA,NA,NA,0.0,0,-50.11,-44.59,[],0,0,[],[]
20819410,20820020,CHI,CHN,0.0,610,XIC,RC,1,NT,FI,1.0,610,-26.54,-20.85,"[{'Canonical-syllable': '1', 'Growl': '0', 'High-freq-energy': '0', 'Long-island': '0', 'Low-tilt-spectrum': '0', 'Medium-island': '1', 'Short-island': '0', 'Squeal': '0', 'Typical-entropy': '1', 'Voicing-quality': '1', 'Wide-band': '0', 'Xlong-island': '0', 'seq': '1', 'end': 20820.02, 'start': 20819.49}]",0,0,[],[]
20820020,20822600,NA,NOF,0.0,610,XIC,NA,NA,NA,NA,0.0,0,-39.34,-18.61,[],0,0,[],[]
20822600,20823240,OCH,CXN,0.0,610,XIC,RC,1,NT,FI,0.0,0,-32.14,-23.15,[],0,0,[],[]
20823240,20824440,NA,NOF,0.0,610,XIC,NA,NA,NA,NA,0.0,0,-52.56,-41.67,[],0,0,[],[]
20824440,20826500,FEM,FAN,8.12,610,XIC,RC,1,TIFI,FI,0.0,0,-25.12,-18.2,[],0,0,[],[]
20826500,20827130,CHI,CHN,0.0,610,XIC,RC,2,TIFR,FI,1.0,630,-35.67,-26.54,"[{'Canonical-syllable': '0', 'Growl': '1', 'High-freq-energy': '0', 'Long-island': '0', 'Low-tilt-spectrum': '1', 'Medium-island': '0', 'Short-island': '1', 'Squeal': '0', 'Typical-entropy': '0', 'Voicing-quality': '0', 'Wide-band': '0', 'Xlong-island': '0', 'seq': '1', 'end': 20827.13, 'start': 20826.5}]",0,0,[],[]
20827130,20829090,FEM,FAN,8.96,610,XIC,RC,2,TIFE,FI,0.0,0,-28.55,-21.22,[],0,0,[],[]
20829090,20830100,NA,NOF,0.0,610,XIC,NA,NA,NA,NA,0.0,0,-45.31,-29.03,[],0,0,[],[]
20830100,20831550,OCH,CXN,0.0,610,XIC,RC,2,NT,FI,0.0,0,-26.87,-17.72,[],0,0,[],[]
20831550,20832490,NA,NOF,0.0,610,XIC,NA,NA,NA,NA,0.0,0,-42.92,-34.58,[],0,0,[],[]
20832490,20833090,CHI,CHN,0.0,610,XIC,RC,2,NT,FI,1.0,600,-30.71,-25.41,"[{'Canonical-syllable': '0', 'Growl': '0', 'High-freq-energy': '0', 'Long-island': '0', 'Low-tilt-spectrum': '1', 'Medium-island': '1', 'Short-island': '0', 'Squeal': '0', 'Typical-entropy': '0', 'Voicing-quality': '1', 'Wide-band': '0', 'Xlong-island': '0', 'seq': '1', 'end': 20833.09, 'start': 20832.49}]",0,0,[],[]
20833090,20836590,NA,NOF,0.0,610,XIC,NA,NA,NA,NA,0.0,0,-39.23,-23.16,[],0,0,[],[]
20836590,20837590,OCH,CXN,0.0,610,XIC,RC,2,NT,FI,0.0,0,-28.26,-19.41,[],0,0,[],[]
20837590,20838190,CHI,CHN,0.0,610,XIC,RC,2,NT,FI,1.0,600,-24.15,-15.79,"[{'Canonical-syllable': '0', 'Growl': '0', 'High-freq-energy': '0', 'Long-island': '0', 'Low-tilt-spectrum': '1', 'Medium-island': '1', 'Short-island': '1', 'Squeal': '0', 'Typical-entropy': '1', 'Voicing-quality': '2', 'Wide-band': '0', 'Xlong-island': '0', 'seq': '1', 'end': 20838.19, 'start': 20837.59}]",0,0,[],[]
20838190,20840850,OCH,CXN,0.0,610,XIC,RC,2,NT,FI,0.0,0,-27.25,-19.41,[],0,0,[],[]
20840850,20841690,CHI,CHN,0.0,610,XIC,RC,2,NT,FI,1.0,840,-28.37,-21.04,"[{'Canonical-syllable': '1', 'Growl': '0', 'High-freq-energy': '0', 'Long-island': '0', 'Low-tilt-spectrum': '1', 'Medium-island': '1', 'Short-island': '1', 'Squeal': '0', 'Typical-entropy': '1', 'Voicing-quality': '2', 'Wide-band': '1', 'Xlong-island': '0', 'seq': '1', 'end': 20841.69, 'start': 20840.85}]",0,0,[],[]
20841690,20842580,NA,NOF,0.0,610,XIC,NA,NA,NA,NA,0.0,0,-45.38,-33.78,[],0,0,[],[]
20842580,20844230,CHI,CHN,0.0,610,XIC,RC,2,NT,FH,1.0,1310,-19.68,-4.2,"[{'Canonical-syllable': '1', 'Growl': '1', 'High-freq-energy': '0', 'Long-island': '0', 'Low-tilt-spectrum': '3', 'Medium-island': '2', 'Short-island': '2', 'Squeal': '0', 'Typical-entropy': '0', 'Voicing-quality': '3', 'Wide-band': '1', 'Xlong-island': '0', 'seq': '1', 'end': 20843.89, 'start': 20842.58}]",0,0,[],[]
20844230,20845090,NA,NOF,0.0,610,XIC,NA,NA,NA,NA,0.0,0,-43.89,-30.38,[],0,0,[],[]
20845090,20846090,OCH,CXN,0.0,610,XIC,RC,2,NT,FI,0.0,0,-31.55,-20.34,[],0,0,[],[]
20846090,20846930,NA,OLN,0.0,610,XIC,NA,NA,NA,NA,0.0,0,-25.01,-9.05,[],0,0,[],[]
20846930,20847530,CHI,CHN,0.0,610,XIC,RC,2,NT,FI,1.0,600,-22.94,-13.18,"[{'Canonical-syllable': '0', 'Growl': '0', 'High-freq-energy': '0', 'Long-island': '0', 'Low-tilt-spectrum': '0', 'Medium-island': '1', 'Short-island': '0', 'Squeal': '0', 'Typical-entropy': '1', 'Voicing-quality': '2', 'Wide-band': '0', 'Xlong-island': '0', 'seq': '1', 'end': 20847.53, 'start': 20846.93}]",0,0,[],[]
20847530,20848750,OCH,CXN,0.0,610,XIC,RC,2,NT,FI,0.0,0,-29.42,-18.8,[],0,0,[],[]
20848750,20849350,OCH,CXN,0.0,610,XIC,RC,2,NT,FH,0.0,0,-22.29,-13.75,[],0,0,[],[]
20849350,20851250,NA,OLF,0.0,610,XIC,NA,NA,NA,NA,0.0,0,-34.73,-17.51,[],0,0,[],[]
20851250,20852250,OCH,CXN,0.0,610,XIC,RC,2,NT,FH,0.0,0,-28.19,-18.77,[],0,0,[],[]
20852250,20853190,NA,OLN,0.0,610,XIC,NA,NA,NA,NA,0.0,0,-22.45,-7.11,[],0,0,[],[]
20853190,20853990,NA,OLF,0.0,610,XIC,NA,NA,NA,NA,0.0,0,-32.86,-18.45,[],0,0,[],[]
20853990,20855020,OCH,CXN,0.0,610,XIC,RC,2,NT,FH,0.0,0,-24.47,-19.29,[],0,0,[],[]
20855020,20855710,FEM,FAN,2.01,610,XIC,RC,2,NT,FI,0.0,0,-34.33,-27.41,[],0,0,[],[]
20855710,20856710,OCH,CXN,0.0,610,XIC,RC,2,NT,FI,0.0,0,-28.22,-17.09,[],0,0,[],[]
20856710,20857440,CHI,CHN,0.0,610,XIC,RC,2,NT,FI,1.0,730,-28.63,-21.94,"[{'Canonical-syllable': '2', 'Growl': '0', 'High-freq-energy': '0', 'Long-island': '0', 'Low-tilt-spectrum': '0', 'Medium-island': '1', 'Short-island': '1', 'Squeal': '0', 'Typical-entropy': '2', 'Voicing-quality': '2', 'Wide-band': '0', 'Xlong-island': '0', 'seq': '1', 'end': 20857.44, 'start': 20856.71}]",0,0,[],[]
20857440,20858750,NA,NOF,0.0,610,XIC,NA,NA,NA,NA,0.0,0,-27.74,-6.64,[],0,0,[],[]
20858750,20860120,OCH,CXN,0.0,610,XIC,RC,2,NT,FI,0.0,0,-28.65,-19.48,[],0,0,[],[]
20860120,20861350,OCH,CXN,0.0,610,XIC,RC,2,NT,FH,0.0,0,-24.25,-17.85,[],0,0,[],[]
20861350,20862370,NA,SIL,0.0,610,XIC,NA,NA,NA,NA,0.0,0,-55.35,-49.56,[],0,0,[],[]
20862370,20865360,NA,NOF,0.0,610,XIC,NA,NA,NA,NA,0.0,0,-33.91,-12.48,[],0,0,[],[]
20865360,20866990,FEM,FAN,4.99,610,XIC,RC,2,TIFI,FI,0.0,0,-27.43,-17.31,[],0,0,[],[]
20866990,20867960,NA,OLN,0.0,610,XIC,NA,NA,NA,NA,0.0,0,-22.29,-9.84,[],0,0,[],[]
20867960,20869070,CHI,CHN,0.0,610,XIC,RC,3,TIFR,FI,1.0,1110,-23.5,-18.97,"[{'Canonical-syllable': '0', 'Growl': '0', 'High-freq-energy': '0', 'Long-island': '0', 'Low-tilt-spectrum': '0', 'Medium-island': '0', 'Short-island': '0', 'Squeal': '0', 'Typical-entropy': '0', 'Voicing-quality': '1', 'Wide-band': '0', 'Xlong-island': '1', 'seq': '1', 'end': 20869.07, 'start': 20867.96}]",0,0,[],[]
20869070,20870380,NA,OLN,0.0,610,XIC,NA,NA,NA,NA,0.0,0,-21.67,-4.3,[],0,0,[],[]
20870380,20871180,CHI,CHN,0.0,610,XIC,RC,3,NT,FH,1.0,590,-23.97,-17.49,"[{'Canonical-syllable': '0', 'Growl': '0', 'High-freq-energy': '0', 'Long-island': '0', 'Low-tilt-spectrum': '0', 'Medium-island': '1', 'Short-island': '0', 'Squeal': '0', 'Typical-entropy': '1', 'Voicing-quality': '1', 'Wide-band': '0', 'Xlong-island': '0', 'seq': '1', 'end': 20870.97, 'start': 20870.38}]",0,0,[],[]
20871180,20872310,NA,SIL,0.0,610,XIC,NA,NA,NA,NA,0.0,0,-48.41,-32.39,[],0,0,[],[]
20872310,20873370,CHI,CHN,0.0,610,XIC,RC,3,NT,FH,2.0,510,-23.58,-13.38,"[{'Canonical-syllable': '0', 'Growl': '0', 'High-freq-energy': '0', 'Long-island': '0', 'Low-tilt-spectrum': '0', 'Medium-island': '0', 'Short-island': '0', 'Squeal': '0', 'Typical-entropy': '0', 'Voicing-quality': '1', 'Wide-band': '0', 'Xlong-island': '0', 'seq': '1', 'end': 20872.46, 'start': 20872.31}, {'Canonical-syllable': '1', 'Growl': '0', 'High-freq-energy': '0', 'Long-island': '0', 'Low-tilt-spectrum': '0', 'Medium-island': '1', 'Short-island': '0', 'Squeal': '0', 'Typical-entropy': '1', 'Voicing-quality': '1', 'Wide-band': '0', 'Xlong-island': '0', 'seq': '2', 'end': 20873.37, 'start': 20873.01}]",0,0,[],[]
20873370,20873970,FEM,FAN,2.25,610,XIC,RC,3,TIFI,FI,0.0,0,-29.64,-23.56,[],0,0,[],[]
20873970,20875060,NA,OLN,0.0,610,XIC,NA,NA,NA,NA,0.0,0,-27.54,-13.91,[],0,0,[],[]
20875060,20876160,NA,NOF,0.0,610,XIC,NA,NA,NA,NA,0.0,0,-37.72,-24.49,[],0,0,[],[]
20876160,20876800,CHI,CHN,0.0,610,XIC,RC,4,TIFR,FI,1.0,320,-25.19,-16.52,"[{'Canonical-syllable': '1', 'Growl': '0', 'High-freq-energy': '0', 'Long-island': '0', 'Low-tilt-spectrum': '0', 'Medium-island': '1', 'Short-island': '0', 'Squeal': '0', 'Typical-entropy': '0', 'Voicing-quality': '1', 'Wide-band': '0', 'Xlong-island': '0', 'seq': '1', 'end': 20876.8, 'start': 20876.48}]",0,0,[],[]
20876800,20877850,FEM,FAN,2.91,610,XIC,RC,4,TIFI,FI,0.0,0,-28.77,-15.58,[],0,0,[],[]
20877850,20879420,NA,NOF,0.0,610,XIC,NA,NA,NA,NA,0.0,0,-36.83,-23.05,[],0,0,[],[]
20879420,20880540,CHI,CHN,0.0,610,XIC,RC,5,TIFR,FI,1.0,1000,-26.51,-21.1,"[{'Canonical-syllable': '0', 'Growl': '0', 'High-freq-energy': '0', 'Long-island': '0', 'Low-tilt-spectrum': '0', 'Medium-island': '0', 'Short-island': '0', 'Squeal': '0', 'Typical-entropy': '1', 'Voicing-quality': '1', 'Wide-band': '0', 'Xlong-island': '1', 'seq': '1', 'end': 20880.42, 'start': 20879.42}]",0,0,[],[]
20880540,20881610,NA,NOF,0.0,610,XIC,NA,NA,NA,NA,0.0,0,-45.5,-35.87,[],0,0,[],[]
20881610,20882430,NA,OLN,0.0,610,XIC,NA,NA,NA,NA,0.0,0,-29.95,-16.9,[],0,0,[],[]
20882430,20883490,NA,NOF,0.0,610,XIC,NA,NA,NA,NA,0.0,0,-25.28,-10.29,[],0,0,[],[]
20883490,20884490,FEM,FAN,2.2,610,XIC,RC,5,TIFI,FI,0.0,0,-27.33,-14.33,[],0,0,[],[]
20884490,20885090,CHI,CHN,0.0,610,XIC,RC,6,TIFR,FI,1.0,600,-23.92,-13.91,"[{'Canonical-syllable': '1', 'Growl': '1', 'High-freq-energy': '0', 'Long-island': '0', 'Low-tilt-spectrum': '1', 'Medium-island': '1', 'Short-island': '1', 'Squeal': '0', 'Typical-entropy': '1', 'Voicing-quality': '1', 'Wide-band': '0', 'Xlong-island': '0', 'seq': '1', 'end': 20885.09, 'start': 20884.49}]",0,0,[],[]
20885090,20886200,NA,OLN,0.0,610,XIC,NA,NA,NA,NA,0.0,0,-26.15,-20.45,[],0,0,[],[]
20886200,20887070,CHI,CHN,0.0,610,XIC,RC,6,NT,FH,1.0,390,-32.52,-21.3,"[{'Canonical-syllable': '0', 'Growl': '2', 'High-freq-energy': '1', 'Long-island': '0', 'Low-tilt-spectrum': '2', 'Medium-island': '0', 'Short-island': '1', 'Squeal': '0', 'Typical-entropy': '2', 'Voicing-quality': '1', 'Wide-band': '0', 'Xlong-island': '0', 'seq': '1', 'end': 20886.59, 'start': 20886.2}]",0,0,[],[]
20887070,20888110,FEM,FAN,3.86,610,XIC,RC,6,TIFE,FI,0.0,0,-28.82,-22.02,[],0,0,[],[]
20888110,20889060,NA,FAF,0.0,610,XIC,NA,NA,NA,NA,0.0,0,-44.26,-27.21,[],0,0,[],[]
20889060,20889860,NA,SIL,0.0,610,XIC,NA,NA,NA,NA,0.0,0,-49.55,-31.45,[],0,0,[],[]
20889860,20891850,FEM,FAN,7.77,610,XIC,RC,6,NT,FH,0.0,0,-30.57,-20.88,[],0,0,[],[]
20891850,20893180,NA,SIL,0.0,610,XIC,NA,NA,NA,NA,0.0,0,-54.69,-48.66,[],0,0,[],[]
20893180,20893980,OCH,CXN,0.0,610,XIC,RC,6,NT,FI,0.0,0,-28.29,-21.46,[],0,0,[],[]
20893980,20895270,FEM,FAN,4.35,610,XIC,RC,6,TIFI,FI,0.0,0,-29.71,-19.91,[],0,0,[],[]
20895270,20896450,NA,FAF,0.0,610,XIC,NA,NA,NA,NA,0.0,0,-47.98,-33.96,[],0,0,[],[]
20896450,20897910,CHI,CHN,0.0,610,XIC,RC,7,TIFR,FI,1.0,1310,-32.47,-22.65,"[{'Canonical-syllable': '0', 'Growl': '1', 'High-freq-energy': '0', 'Long-island': '0', 'Low-tilt-spectrum': '1', 'Medium-island': '3', 'Short-island': '0', 'Squeal': '0', 'Typical-entropy': '1', 'Voicing-quality': '3', 'Wide-band': '0', 'Xlong-island': '0', 'seq': '1', 'end': 20897.76, 'start': 20896.45}]",0,0,[],[]
20897910,20898840,NA,OLN,0.0,610,XIC,NA,NA,NA,NA,0.0,0,-26.63,-19.07,[],0,0,[],[]
20898840,20900070,NA,NOF,0.0,610,XIC,NA,NA,NA,NA,0.0,0,-35.48,-19.88,[],0,0,[],[]
20900070,20901070,OCH,CXN,0.0,610,XIC,RC,7,NT,FI,0.0,0,-25.74,-20.15,[],0,0,[],[]
20901070,20902290,NA,NON,0.0,610,XIC,NA,NA,NA,NA,0.0,0,-33.09,-22.15,[],0,0,[],[]
20902290,20902890,CHI,CHN,0.0,610,XIC,RC,7,TIFI,FI,1.0,600,-18.53,-5.69,"[{'Canonical-syllable': '0', 'Growl': '0', 'High-freq-energy': '0', 'Long-island': '0', 'Low-tilt-spectrum': '1', 'Medium-island': '1', 'Short-island': '0', 'Squeal': '0', 'Typical-entropy': '0', 'Voicing-quality': '1', 'Wide-band': '0', 'Xlong-island': '0', 'seq': '1', 'end': 20902.89, 'start': 20902.4}]",0,0,[],[]
20902890,20903710,NA,NOF,0.0,610,XIC,NA,NA,NA,NA,0.0,0,-38.7,-24.09,[],0,0,[],[]
20903710,20904510,NA,FAF,0.0,610,XIC,NA,NA,NA,NA,0.0,0,-40.41,-32.05,[],0,0,[],[]
20904510,20905310,NA,SIL,0.0,610,XIC,NA,NA,NA,NA,0.0,0,-49.29,-40.85,[],0,0,[],[]
20905310,20906360,FEM,FAN,2.32,610,XIC,RC,8,TIFR,FI,0.0,0,-34.3,-22.03,[],0,0,[],[]
20906360,20907410,NA,NOF,0.0,610,XIC,NA,NA,NA,NA,0.0,0,-40.17,-27.45,[],0,0,[],[]
20907410,20908330,OCH,CXN,0.0,610,XIC,RC,8,NT,FI,0.0,0,-30.71,-24.37,[],0,0,[],[]
20908330,20910290,OCH,CXN,0.0,610,XIC,RC,8,NT,FH,0.0,0,-32.35,-22.81,[],0,0,[],[]
20910290,20914760,NA,NON,0.0,610,XIC,NA,NA,NA,NA,0.0,0,-21.68,-2.47,[],0,0,[],[]
20914760,20915560,OCH,CXN,0.0,610,XIC,RC,8,NT,FH,0.0,0,-27.04,-18.33,[],0,0,[],[]
20915560,20917500,NA,SIL,0.0,610,XIC,NA,NA,NA,NA,0.0,0,-47.23,-37.58,[],0,0,[],[]
20917500,20919300,FEM,FAN,7.35,610,XIC,RC,8,TIFI,FI,0.0,0,-26.06,-18.14,[],0,0,[],[]
20919300,20920100,CHI,CHN,0.0,610,XIC,RC,9,TIFR,FI,1.0,250,-27.99,-18.14,"[{'Canonical-syllable': '0', 'Growl': '0', 'High-freq-energy': '0', 'Long-island': '0', 'Low-tilt-spectrum': '0', 'Medium-island': '0', 'Short-island': '1', 'Squeal': '0', 'Typical-entropy': '0', 'Voicing-quality': '1', 'Wide-band': '0', 'Xlong-island': '0', 'seq': '1', 'end': 20919.55, 'start': 20919.3}]",0,0,[],[]
20920100,20920940,OCH,CXN,0.0,610,XIC,RC,9,NT,FI,0.0,0,-24.62,-17.99,[],0,0,[],[]
20920940,20921690,FEM,FAN,0.0,610,XIC,NA,NA,NA,NA,0.0,0,-16.76,-3.18,[],750,0,[],[]
20921690,20922570,NA,NOF,0.0,610,XIC,NA,NA,NA,NA,0.0,0,-17.66,-3.63,[],0,0,[],[]
20922570,20923580,OCH,CXN,0.0,610,XIC,RC,9,NT,FH,0.0,0,-29.47,-21.18,[],0,0,[],[]
20923580,20924540,NA,SIL,0.0,610,XIC,NA,NA,NA,NA,0.0,0,-44.93,-43.52,[],0,0,[],[]
20924540,20926790,FEM,FAN,6.77,610,XIC,RC,9,TIFI,FI,0.0,0,-29.93,-19.09,[],0,0,[],[]
20926790,20927410,CHI,CHN,0.0,610,XIC,RC,10,TIFR,FI,1.0,300,-29.54,-21.95,"[{'Canonical-syllable': '0', 'Growl': '0', 'High-freq-energy': '0', 'Long-island': '0', 'Low-tilt-spectrum': '0', 'Medium-island': '0', 'Short-island': '1', 'Squeal': '0', 'Typical-entropy': '0', 'Voicing-quality': '1', 'Wide-band': '0', 'Xlong-island': '0', 'seq': '1', 'end': 20927.09, 'start': 20926.79}]",0,0,[],[]
20927410,20928540,CHI,CHN,0.0,610,XIC,RC,10,NT,FH,1.0,260,-31.24,-22.3,"[{'Canonical-syllable': '0', 'Growl': '0', 'High-freq-energy': '0', 'Long-island': '0', 'Low-tilt-spectrum': '0', 'Medium-island': '1', 'Short-island': '0', 'Squeal': '0', 'Typical-entropy': '0', 'Voicing-quality': '1', 'Wide-band': '0', 'Xlong-island': '0', 'seq': '1', 'end': 20928.14, 'start': 20927.88}]",0,0,[],[]
20928540,20929180,OCH,CXN,0.0,610,XIC,RC,10,NT,FI,0.0,0,-33.96,-25.19,[],0,0,[],[]
20929180,20931080,CHI,CHN,0.0,610,XIC,RC,10,TIFI,FI,1.0,1820,-31.5,-20.61,"[{'Canonical-syllable': '2', 'Growl': '2', 'High-freq-energy': '0', 'Long-island': '0', 'Low-tilt-spectrum': '2', 'Medium-island': '1', 'Short-island': '4', 'Squeal': '0', 'Typical-entropy': '4', 'Voicing-quality': '5', 'Wide-band': '1', 'Xlong-island': '0', 'seq': '1', 'end': 20931.0, 'start': 20929.36}]",0,0,[],[]
20931080,20932360,NA,NOF,0.0,610,XIC,NA,NA,NA,NA,0.0,0,-31.78,-13.23,[],0,0,[],[]
20932360,20933440,FEM,FAN,1.82,610,XIC,RC,11,TIFR,FI,0.0,0,-33.1,-25.93,[],0,0,[],[]
20933440,20934590,NA,NOF,0.0,610,XIC,NA,NA,NA,NA,0.0,0,-40.09,-22.6,[],0,0,[],[]
20934590,20935630,FEM,FAN,6.26,610,XIC,RC,11,NT,FH,0.0,0,-32.12,-22.12,[],0,0,[],[]
20935630,20937080,NA,SIL,0.0,610,XIC,NA,NA,NA,NA,0.0,0,-43.77,-26.64,[],0,0,[],[]
20937080,20937680,OCH,CXN,0.0,610,XIC,RC,11,NT,FI,0.0,0,-29.79,-22.22,[],0,0,[],[]
20937680,20938480,NA,OLN,0.0,610,XIC,NA,NA,NA,NA,0.0,0,-33.24,-25.32,[],0,0,[],[]
20938480,20939080,OCH,CXN,0.0,610,XIC,RC,11,NT,FH,0.0,0,-22.85,-15.37,[],0,0,[],[]
20939080,20939880,NA,NOF,0.0,610,XIC,NA,NA,NA,NA,0.0,0,-47.31,-36.94,[],0,0,[],[]
20939880,20940480,FEM,FAN,0.0,610,XIC,NA,NA,NA,NA,0.0,0,-30.56,-20.71,[],600,0,[],[]
20940480,20941280,NA,OLN,0.0,610,XIC,NA,NA,NA,NA,0.0,0,-17.11,-3.91,[],0,0,[],[]
20941280,20942280,CHI,CHN,0.0,610,XIC,RC,11,TIFI,FI,1.0,860,-26.87,-19.76,"[{'Canonical-syllable': '0', 'Growl': '1', 'High-freq-energy': '0', 'Long-island': '0', 'Low-tilt-spectrum': '1', 'Medium-island': '1', 'Short-island': '2', 'Squeal': '0', 'Typical-entropy': '1', 'Voicing-quality': '2', 'Wide-band': '1', 'Xlong-island': '0', 'seq': '1', 'end': 20942.14, 'start': 20941.28}]",0,0,[],[]
20942280,20943490,NA,NOF,0.0,610,XIC,NA,NA,NA,NA,0.0,0,-26.48,-11.47,[],0,0,[],[]
20943490,20944590,FEM,FAN,1.84,610,XIC,RC,12,TIFR,FI,0.0,0,-30.19,-19.76,[],0,0,[],[]
20944590,20945410,NA,OLN,0.0,610,XIC,NA,NA,NA,NA,0.0,0,-24.99,-14.51,[],0,0,[],[]
20945410,20946900,FEM,FAN,10.29,610,XIC,RC,12,NT,FH,0.0,0,-23.48,-9.47,[],0,0,[],[]
20946900,20947860,NA,SIL,0.0,610,XIC,NA,NA,NA,NA,0.0,0,-53.96,-43.15,[],0,0,[],[]
20947860,20948860,OCH,CXN,0.0,610,XIC,RC,12,NT,FI,0.0,0,-29.8,-23.38,[],0,0,[],[]
20948860,20949740,NA,SIL,0.0,610,XIC,NA,NA,NA,NA,0.0,0,-56.93,-45.71,[],0,0,[],[]
20949740,20950790,NA,NOF,0.0,610,XIC,NA,NA,NA,NA,0.0,0,-34.64,-22.15,[],0,0,[],[]
20950790,20952060,NA,OLN,0.0,610,XIC,NA,NA,NA,NA,0.0,0,-32.76,-23.75,[],0,0,[],[]
20952060,20953130,FEM,FAN,2.74,610,XIC,RC,12,TIFI,FI,0.0,0,-27.04,-16.37,[],0,0,[],[]
20953130,20954250,NA,NOF,0.0,610,XIC,NA,NA,NA,NA,0.0,0,-26.92,-9.48,[],0,0,[],[]
20954250,20954860,FEM,FAN,0.0,610,XIC,NA,NA,NA,NA,0.0,0,-32.72,-22.62,[],610,0,[],[]
20954860,20956590,NA,OLF,0.0,610,XIC,NA,NA,NA,NA,0.0,0,-39.88,-27.97,[],0,0,[],[]
20956590,20957190,CHI,CHN,0.0,610,XIC,RC,13,TIFR,FI,1.0,450,-20.46,-13.6,"[{'Canonical-syllable': '0', 'Growl': '0', 'High-freq-energy': '0', 'Long-island': '0', 'Low-tilt-spectrum': '0', 'Medium-island': '1', 'Short-island': '0', 'Squeal': '0', 'Typical-entropy': '0', 'Voicing-quality': '1', 'Wide-band': '0', 'Xlong-island': '0', 'seq': '1', 'end': 20957.04, 'start': 20956.78}]",0,0,[],[]
20957190,20958260,OCH,CXN,0.0,610,XIC,RC,13,NT,FI,0.0,0,-24.56,-14.34,[],0,0,[],[]
20958260,20959400,NA,NOF,0.0,610,XIC,NA,NA,NA,NA,0.0,0,-45.16,-32.68,[],0,0,[],[]
20959400,20960320,NA,OLN,0.0,610,XIC,NA,NA,NA,NA,0.0,0,-26.27,-16.23,[],0,0,[],[]
20960320,20960930,CHI,CHN,0.0,610,XIC,EC,13,NT,FI,1.0,610,-22.42,-12.87,"[{'Canonical-syllable': '1', 'Growl': '0', 'High-freq-energy': '0', 'Long-island': '0', 'Low-tilt-spectrum': '0', 'Medium-island': '1', 'Short-island': '0', 'Squeal': '0', 'Typical-entropy': '0', 'Voicing-quality': '1', 'Wide-band': '0', 'Xlong-island': '0', 'seq': '1', 'end': 20960.93, 'start': 20960.54}]",0,0,[],[]
20960930,20962280,NA,OLN,0.0,611,pause,NA,NA,NA,NA,0.0,0,-27.52,-9.04,[],0,0,[],[]
20962280,20963590,NA,NOF,0.0,611,pause,NA,NA,NA,NA,0.0,0,-23.96,-6.38,[],0,0,[],[]
20963590,20964420,NA,OLN,0.0,611,pause,NA,NA,NA,NA,0.0,0,-30.63,-16.99,[],0,0,[],[]
20964420,20967810,NA,NOF,0.0,611,pause,NA,NA,NA,NA,0.0,0,-33.39,-15.49,[],0,0,[],[]
20967810,20968690,NA,OLN,0.0,611,pause,NA,NA,NA,NA,0.0,0,-17.53,-2.96,[],0,0,[],[]
20968690,20969490,NA,NOF,0.0,611,pause,NA,NA,NA,NA,0.0,0,-38.95,-25.95,[],0,0,[],[]
20969490,20970730,NA,OLN,0.0,611,pause,NA,NA,NA,NA,0.0,0,-23.18,-7.62,[],0,0,[],[]
20970730,20971330,FEM,FAN,10.57,611,AICF,BC,0,NT,FI,0.0,0,-19.13,-5.45,[],0,0,[],[]
20971330,20972930,NA,OLN,0.0,611,AICF,NA,NA,NA,NA,0.0,0,-21.53,-5.76,[],0,0,[],[]
20972930,20973530,FEM,FAN,2.85,611,AICF,RC,0,TIFI,FH,0.0,0,-29.03,-22.94,[],0,0,[],[]
20973530,20975080,NA,NOF,0.0,611,AICF,NA,NA,NA,NA,0.0,0,-38.47,-24.98,[],0,0,[],[]
20975080,20976580,CHI,CHN,0.0,611,AICF,RC,1,TIFR,FI,2.0,560,-27.2,-14.9,"[{'Canonical-syllable': '1', 'Growl': '0', 'High-freq-energy': '0', 'Long-island': '0', 'Low-tilt-spectrum': '1', 'Medium-island': '0', 'Short-island': '2', 'Squeal': '0', 'Typical-entropy': '2', 'Voicing-quality': '2', 'Wide-band': '0', 'Xlong-island': '0', 'seq': '1', 'end': 20975.53, 'start': 20975.08}, {'Canonical-syllable': '0', 'Growl': '1', 'High-freq-energy': '0', 'Long-island': '0', 'Low-tilt-spectrum': '1', 'Medium-island': '0', 'Short-island': '0', 'Squeal': '0', 'Typical-entropy': '1', 'Voicing-quality': '1', 'Wide-band': '0', 'Xlong-island': '0', 'seq': '2', 'end': 20975.95, 'start': 20975.84}]",0,0,[],[]
20976580,20977380,OCH,CXN,0.0,611,AICF,RC,1,NT,FI,0.0,0,-27.06,-19.23,[],0,0,[],[]
20977380,20978380,OCH,CXN,0.0,611,AICF,RC,1,NT,FH,0.0,0,-32.39,-22.07,[],0,0,[],[]
20978380,20979420,CHI,CHN,0.0,611,AICF,RC,1,NT,FI,1.0,820,-27.61,-22.02,"[{'Canonical-syllable': '0', 'Growl': '0', 'High-freq-energy': '0', 'Long-island': '1', 'Low-tilt-spectrum': '0', 'Medium-island': '0', 'Short-island': '0', 'Squeal': '0', 'Typical-entropy': '0', 'Voicing-quality': '1', 'Wide-band': '0', 'Xlong-island': '0', 'seq': '1', 'end': 20979.2, 'start': 20978.38}]",0,0,[],[]
20979420,20980530,NA,OLN,0.0,611,AICF,NA,NA,NA,NA,0.0,0,-27.84,-17.61,[],0,0,[],[]
20980530,20983700,NA,NOF,0.0,611,AICF,NA,NA,NA,NA,0.0,0,-33.62,-16.32,[],0,0,[],[]
20983700,20984670,CHI,CHN,0.0,611,AICF,RC,1,TIFI,FH,1.0,970,-30.03,-19.49,"[{'Canonical-syllable': '0', 'Growl': '1', 'High-freq-energy': '1', 'Long-island': '0', 'Low-tilt-spectrum': '3', 'Medium-island': '1', 'Short-island': '1', 'Squeal': '0', 'Typical-entropy': '1', 'Voicing-quality': '3', 'Wide-band': '0', 'Xlong-island': '0', 'seq': '1', 'end': 20984.67, 'start': 20983.7}]",0,0,[],[]
20984670,20987480,FEM,FAN,11.55,611,AICF,RC,2,TIFR,FI,0.0,0,-27.79,-16.13,[],0,0,[],[]
20987480,20988300,NA,NOF,0.0,611,AICF,NA,NA,NA,NA,0.0,0,-41.74,-28.4,[],0,0,[],[]
20988300,20988900,OCH,CXN,0.0,611,AICF,RC,2,NT,FI,0.0,0,-32.12,-25.81,[],0,0,[],[]
20988900,20990190,NA,NOF,0.0,611,AICF,NA,NA,NA,NA,0.0,0,-35.35,-20.26,[],0,0,[],[]
20990190,20990890,OCH,CXN,0.0,611,AICF,RC,2,NT,FH,0.0,0,-32.26,-24.33,[],0,0,[],[]
20990890,20991900,NA,FAF,0.0,611,AICF,NA,NA,NA,NA,0.0,0,-49.74,-38.71,[],0,0,[],[]
20991900,20993920,NA,NOF,0.0,611,AICF,NA,NA,NA,NA,0.0,0,-41.53,-24.57,[],0,0,[],[]
20993920,20994520,FEM,FAN,0.36,611,AICF,RC,2,NT,FI,0.0,0,-17.33,-3.36,[],0,0,[],[]
20994520,20997490,NA,NOF,0.0,611,AICF,NA,NA,NA,NA,0.0,0,-21.57,-2.52,[],0,0,[],[]
20997490,20999300,OCH,CXN,0.0,611,AICF,RC,2,NT,FI,0.0,0,-25.3,-5.28,[],0,0,[],[]
20999300,20999960,FEM,FAN,3.88,611,AICF,RC,2,NT,FI,0.0,0,-33.18,-24.54,[],0,0,[],[]
20999960,21000800,NA,NOF,0.0,611,AICF,NA,NA,NA,NA,0.0,0,-40.42,-24.69,[],0,0,[],[]
21000800,21001400,NA,FAF,0.0,611,AICF,NA,NA,NA,NA,0.0,0,-34.92,-21.05,[],0,0,[],[]
21001400,21003300,NA,NOF,0.0,611,AICF,NA,NA,NA,NA,0.0,0,-26.0,-5.49,[],0,0,[],[]
21003300,21003900,OCH,CXN,0.0,611,AICF,RC,2,NT,FI,0.0,0,-31.8,-24.24,[],0,0,[],[]
21003900,21004720,NA,NOF,0.0,611,AICF,NA,NA,NA,NA,0.0,0,-24.67,-8.48,[],0,0,[],[]
21004720,21005520,NA,CXF,0.0,611,AICF,NA,NA,NA,NA,0.0,0,-44.33,-35.9,[],0,0,[],[]
21005520,21007680,OCH,CXN,0.0,611,AICF,RC,2,NT,FH,0.0,0,-28.29,-17.48,[],0,0,[],[]
21007680,21008860,OCH,CXN,0.0,611,AICF,RC,2,NT,FH,0.0,0,-29.07,-19.15,[],0,0,[],[]
21008860,21009710,NA,NOF,0.0,611,AICF,NA,NA,NA,NA,0.0,0,-39.15,-29.47,[],0,0,[],[]
21009710,21011010,NA,OLN,0.0,611,AICF,NA,NA,NA,NA,0.0,0,-23.81,-7.36,[],0,0,[],[]
21011010,21011930,NA,SIL,0.0,611,AICF,NA,NA,NA,NA,0.0,0,-51.34,-44.37,[],0,0,[],[]
21011930,21013130,CHI,CHN,0.0,611,AICF,RC,2,NT,FI,1.0,950,-25.7,-16.8,"[{'Canonical-syllable': '3', 'Growl': '0', 'High-freq-energy': '0', 'Long-island': '0', 'Low-tilt-spectrum': '0', 'Medium-island': '0', 'Short-island': '3', 'Squeal': '0', 'Typical-entropy': '1', 'Voicing-quality': '3', 'Wide-band': '0', 'Xlong-island': '0', 'seq': '1', 'end': 21012.88, 'start': 21011.93}]",0,0,[],[]
21013130,21014150,OCH,CXN,0.0,611,AICF,RC,2,NT,FI,0.0,0,-32.88,-24.17,[],0,0,[],[]
21014150,21015150,OCH,CXN,0.0,611,AICF,RC,2,NT,FH,0.0,0,-25.47,-16.52,[],0,0,[],[]
21015150,21016320,OCH,CXN,0.0,611,AICF,RC,2,NT,FH,0.0,0,-36.07,-23.39,[],0,0,[],[]
21016320,21017790,NA,OLN,0.0,611,AICF,NA,NA,NA,NA,0.0,0,-36.61,-29.28,[],0,0,[],[]
21017790,21018390,OCH,CXN,0.0,611,AICF,RC,2,NT,FH,0.0,0,-16.4,-8.94,[],0,0,[],[]
21018390,21019190,NA,NOF,0.0,611,AICF,NA,NA,NA,NA,0.0,0,-39.05,-24.52,[],0,0,[],[]
21019190,21020660,OCH,CXN,0.0,611,AICF,RC,2,NT,FH,0.0,0,-38.22,-28.63,[],0,0,[],[]
21020660,21022270,OCH,CXN,0.0,611,AICF,RC,2,NT,FH,0.0,0,-24.89,-14.02,[],0,0,[],[]
21022270,21023380,CHI,CHN,0.0,611,AICF,RC,2,NT,FI,1.0,1110,-19.47,-9.81,"[{'Canonical-syllable': '0', 'Growl': '0', 'High-freq-energy': '0', 'Long-island': '0', 'Low-tilt-spectrum': '0', 'Medium-island': '1', 'Short-island': '2', 'Squeal': '0', 'Typical-entropy': '1', 'Voicing-quality': '3', 'Wide-band': '0', 'Xlong-island': '0', 'seq': '1', 'end': 21023.38, 'start': 21022.27}]",0,0,[],[]
21023380,21024550,CHI,CHN,0.0,611,AICF,RC,2,NT,FH,1.0,870,-16.31,-3.36,"[{'Canonical-syllable': '0', 'Growl': '0', 'High-freq-energy': '0', 'Long-island': '1', 'Low-tilt-spectrum': '0', 'Medium-island': '0', 'Short-island': '0', 'Squeal': '0', 'Typical-entropy': '0', 'Voicing-quality': '1', 'Wide-band': '0', 'Xlong-island': '0', 'seq': '1', 'end': 21024.25, 'start': 21023.38}]",0,0,[],[]
21024550,21025410,CHI,CHN,0.0,611,AICF,RC,2,NT,FH,1.0,260,-33.38,-22.3,"[{'Canonical-syllable': '1', 'Growl': '0', 'High-freq-energy': '0', 'Long-island': '0', 'Low-tilt-spectrum': '0', 'Medium-island': '1', 'Short-island': '0', 'Squeal': '0', 'Typical-entropy': '1', 'Voicing-quality': '1', 'Wide-band': '0', 'Xlong-island': '0', 'seq': '1', 'end': 21025.25, 'start': 21024.99}]",0,0,[],[]
21025410,21026440,CHI,CHN,0.0,611,AICF,RC,2,NT,FH,1.0,1030,-23.87,-16.34,"[{'Canonical-syllable': '2', 'Growl': '0', 'High-freq-energy': '0', 'Long-island': '0', 'Low-tilt-spectrum': '0', 'Medium-island': '1', 'Short-island': '2', 'Squeal': '0', 'Typical-entropy': '1', 'Voicing-quality': '3', 'Wide-band': '0', 'Xlong-island': '0', 'seq': '1', 'end': 21026.44, 'start': 21025.58}]",0,0,[],[]
21026440,21027050,OCH,CXN,0.0,611,AICF,RC,2,NT,FI,0.0,0,-27.61,-22.52,[],0,0,[],[]
21027050,21028050,OCH,CXN,0.0,611,AICF,RC,2,NT,FH,0.0,0,-31.24,-24.81,[],0,0,[],[]
21028050,21029130,CHI,CHN,0.0,611,AICF,RC,2,NT,FI,1.0,500,-17.4,-8.16,"[{'Canonical-syllable': '1', 'Growl': '0', 'High-freq-energy': '0', 'Long-island': '0', 'Low-tilt-spectrum': '0', 'Medium-island': '1', 'Short-island': '0', 'Squeal': '0', 'Typical-entropy': '1', 'Voicing-quality': '1', 'Wide-band': '0', 'Xlong-island': '0', 'seq': '1', 'end': 21028.95, 'start': 21028.45}]",0,0,[],[]
21029130,21029730,CHI,CHN,0.0,611,AICF,NA,NA,NA,NA,0.0,0,-17.7,-10.22,[],0,410,"[{'start': 21029.13, 'end': 21029.54}]",[]
21029730,21030970,NA,NOF,0.0,611,AICF,NA,NA,NA,NA,0.0,0,-47.75,-40.67,[],0,0,[],[]
21030970,21032040,CHI,CHN,0.0,611,AICF,RC,2,NT,FH,1.0,1070,-19.32,-12.91,"[{'Canonical-syllable': '1', 'Growl': '0', 'High-freq-energy': '0', 'Long-island': '0', 'Low-tilt-spectrum': '1', 'Medium-island': '2', 'Short-island': '0', 'Squeal': '0', 'Typical-entropy': '2', 'Voicing-quality': '2', 'Wide-band': '0', 'Xlong-island': '0', 'seq': '1', 'end': 21032.04, 'start': 21031.16}]",0,0,[],[]
21032040,21033400,NA,OLF,0.0,611,AICF,NA,NA,NA,NA,0.0,0,-40.66,-33.12,[],0,0,[],[]
21033400,21034200,CHI,CHN,0.0,611,AICF,RC,2,TIFI,FH,1.0,800,-22.0,-16.23,"[{'Canonical-syllable': '1', 'Growl': '0', 'High-freq-energy': '0', 'Long-island': '0', 'Low-tilt-spectrum': '0', 'Medium-island': '2', 'Short-island': '0', 'Squeal': '0', 'Typical-entropy': '2', 'Voicing-quality': '2', 'Wide-band': '0', 'Xlong-island': '0', 'seq': '1', 'end': 21034.2, 'start': 21033.4}]",0,0,[],[]
21034200,21036930,NA,NOF,0.0,611,AICF,NA,NA,NA,NA,0.0,0,-46.65,-35.47,[],0,0,[],[]
21036930,21037530,FEM,FAN,3.62,611,AICF,RC,3,TIFR,FI,0.0,0,-32.85,-23.44,[],0,0,[],[]
21037530,21038330,NA,OLN,0.0,611,AICF,NA,NA,NA,NA,0.0,0,-33.53,-27.12,[],0,0,[],[]
21038330,21039880,NA,NOF,0.0,611,AICF,NA,NA,NA,NA,0.0,0,-36.12,-18.03,[],0,0,[],[]
21039880,21041200,OCH,CXN,0.0,611,AICF,RC,3,NT,FI,0.0,0,-38.89,-30.61,[],0,0,[],[]
21041200,21042290,NA,NOF,0.0,611,AICF,NA,NA,NA,NA,0.0,0,-47.55,-36.65,[],0,0,[],[]
21042290,21043090,NA,OLN,0.0,611,AICF,NA,NA,NA,NA,0.0,0,-34.74,-27.58,[],0,0,[],[]
21043090,21043890,NA,NOF,0.0,611,AICF,NA,NA,NA,NA,0.0,0,-43.02,-36.07,[],0,0,[],[]
21043890,21044740,OCH,CXN,0.0,611,AICF,RC,3,NT,FH,0.0,0,-26.52,-18.21,[],0,0,[],[]
21044740,21046020,OCH,CXN,0.0,611,AICF,RC,3,NT,FH,0.0,0,-26.35,-14.85,[],0,0,[],[]
21046020,21047620,OCH,CXN,0.0,611,AICF,RC,3,NT,FH,0.0,0,-25.21,-13.51,[],0,0,[],[]
21047620,21048930,CHI,CHN,0.0,611,AICF,RC,3,NT,FI,1.0,1310,-24.28,-14.15,"[{'Canonical-syllable': '1', 'Growl': '0', 'High-freq-energy': '0', 'Long-island': '0', 'Low-tilt-spectrum': '1', 'Medium-island': '1', 'Short-island': '2', 'Squeal': '1', 'Typical-entropy': '1', 'Voicing-quality': '2', 'Wide-band': '1', 'Xlong-island': '0', 'seq': '1', 'end': 21048.93, 'start': 21047.78}]",0,0,[],[]
21048930,21049910,OCH,CXN,0.0,611,AICF,RC,3,NT,FI,0.0,0,-26.23,-18.45,[],0,0,[],[]
21049910,21051140,CHI,CHN,0.0,611,AICF,RC,3,NT,FI,2.0,660,-17.5,-9.05,"[{'Canonical-syllable': '1', 'Growl': '0', 'High-freq-energy': '0', 'Long-island': '0', 'Low-tilt-spectrum': '1', 'Medium-island': '1', 'Short-island': '0', 'Squeal': '0', 'Typical-entropy': '1', 'Voicing-quality': '1', 'Wide-band': '0', 'Xlong-island': '0', 'seq': '1', 'end': 21050.49, 'start': 21049.91}, {'Canonical-syllable': '0', 'Growl': '0', 'High-freq-energy': '0', 'Long-island': '0', 'Low-tilt-spectrum': '0', 'Medium-island': '0', 'Short-island': '0', 'Squeal': '0', 'Typical-entropy': '0', 'Voicing-quality': '0', 'Wide-band': '0', 'Xlong-island': '0', 'seq': '2', 'end': 21051.14, 'start': 21051.06}]",0,0,[],[]
21051140,21052590,OCH,CXN,0.0,611,AICF,RC,3,NT,FI,0.0,0,-24.04,-15.34,[],0,0,[],[]
21052590,21053440,CHI,CHN,0.0,611,AICF,NA,NA,NA,NA,0.0,0,-14.72,-7.56,[],0,850,"[{'start': 21052.59, 'end': 21053.44}]",[]
21053440,21054440,OCH,CXN,0.0,611,AICF,RC,3,NT,FH,0.0,0,-17.73,-9.13,[],0,0,[],[]
21054440,21055230,CHI,CHN,0.0,611,AICF,RC,3,NT,FI,1.0,340,-22.63,-16.15,"[{'Canonical-syllable': '0', 'Growl': '0', 'High-freq-energy': '0', 'Long-island': '0', 'Low-tilt-spectrum': '0', 'Medium-island': '1', 'Short-island': '0', 'Squeal': '0', 'Typical-entropy': '1', 'Voicing-quality': '1', 'Wide-band': '0', 'Xlong-island': '0', 'seq': '1', 'end': 21054.78, 'start': 21054.44}]",0,0,[],[]
21055230,21056250,OCH,CXN,0.0,611,AICF,RC,3,NT,FI,0.0,0,-22.03,-13.36,[],0,0,[],[]
21056250,21056900,CHI,CHN,0.0,611,AICF,RC,3,NT,FI,1.0,110,-25.8,-15.7,"[{'Canonical-syllable': '0', 'Growl': '0', 'High-freq-energy': '0', 'Long-island': '0', 'Low-tilt-spectrum': '0', 'Medium-island': '0', 'Short-island': '0', 'Squeal': '0', 'Typical-entropy': '1', 'Voicing-quality': '1', 'Wide-band': '0', 'Xlong-island': '0', 'seq': '1', 'end': 21056.36, 'start': 21056.25}]",0,0,[],[]
21056900,21058140,CHI,CHN,0.0,611,AICF,RC,3,NT,FH,1.0,530,-22.06,-14.3,"[{'Canonical-syllable': '0', 'Growl': '0', 'High-freq-energy': '0', 'Long-island': '0', 'Low-tilt-spectrum': '0', 'Medium-island': '1', 'Short-island': '0', 'Squeal': '0', 'Typical-entropy': '0', 'Voicing-quality': '1', 'Wide-band': '0', 'Xlong-island': '0', 'seq': '1', 'end': 21057.43, 'start': 21056.9}]",0,0,[],[]
21058140,21059220,OCH,CXN,0.0,611,AICF,RC,3,NT,FI,0.0,0,-27.62,-15.21,[],0,0,[],[]
21059220,21060450,NA,SIL,0.0,611,AICF,NA,NA,NA,NA,0.0,0,-55.94,-45.34,[],0,0,[],[]
21060450,21061890,OCH,CXN,0.0,611,AICF,RC,3,NT,FH,0.0,0,-26.86,-18.88,[],0,0,[],[]
21061890,21062690,NA,SIL,0.0,611,AICF,NA,NA,NA,NA,0.0,0,-46.01,-32.18,[],0,0,[],[]
21062690,21063500,OCH,CXN,0.0,611,AICF,RC,3,NT,FH,0.0,0,-26.93,-20.01,[],0,0,[],[]
21063500,21064160,CHI,CHN,0.0,611,AICF,RC,3,NT,FI,1.0,660,-22.67,-19.32,"[{'Canonical-syllable': '0', 'Growl': '0', 'High-freq-energy': '0', 'Long-island': '0', 'Low-tilt-spectrum': '0', 'Medium-island': '1', 'Short-island': '0', 'Squeal': '0', 'Typical-entropy': '0', 'Voicing-quality': '1', 'Wide-band': '0', 'Xlong-island': '0', 'seq': '1', 'end': 21064.16, 'start': 21063.5}]",0,0,[],[]
21064160,21065000,NA,NOF,0.0,611,AICF,NA,NA,NA,NA,0.0,0,-50.31,-42.75,[],0,0,[],[]
21065000,21065870,OCH,CXN,0.0,611,AICF,RC,3,NT,FI,0.0,0,-25.27,-21.02,[],0,0,[],[]
21065870,21068610,NA,SIL,0.0,611,AICF,NA,NA,NA,NA,0.0,0,-53.55,-41.13,[],0,0,[],[]
21068610,21070160,OCH,CXN,0.0,611,AICF,RC,3,NT,FH,0.0,0,-31.0,-15.87,[],0,0,[],[]
21070160,21071160,OCH,CXN,0.0,611,AICF,RC,3,NT,FH,0.0,0,-28.43,-15.88,[],0,0,[],[]
21071160,21072060,OCH,CXN,0.0,611,AICF,RC,3,NT,FH,0.0,0,-29.68,-20.58,[],0,0,[],[]
21072060,21072860,NA,CXF,0.0,611,AICF,NA,NA,NA,NA,0.0,0,-43.37,-34.41,[],0,0,[],[]
21072860,21073680,OCH,CXN,0.0,611,AICF,RC,3,NT,FH,0.0,0,-37.6,-31.77,[],0,0,[],[]
21073680,21074340,CHI,CHN,0.0,611,AICF,RC,3,NT,FI,1.0,660,-18.77,-13.1,"[{'Canonical-syllable': '1', 'Growl': '0', 'High-freq-energy': '0', 'Long-island': '0', 'Low-tilt-spectrum': '0', 'Medium-island': '1', 'Short-island': '0', 'Squeal': '0', 'Typical-entropy': '0', 'Voicing-quality': '1', 'Wide-band': '0', 'Xlong-island': '0', 'seq': '1', 'end': 21074.34, 'start': 21073.85}]",0,0,[],[]
21074340,21081350,OCH,CXN,0.0,611,AICF,RC,3,NT,FI,0.0,0,-36.25,-24.35,[],0,0,[],[]
21081350,21081960,CHI,CHN,0.0,611,AICF,RC,3,NT,FI,1.0,380,-22.21,-17.26,"[{'Canonical-syllable': '1', 'Growl': '0', 'High-freq-energy': '0', 'Long-island': '0', 'Low-tilt-spectrum': '0', 'Medium-island': '1', 'Short-island': '0', 'Squeal': '0', 'Typical-entropy': '0', 'Voicing-quality': '1', 'Wide-band': '0', 'Xlong-island': '0', 'seq': '1', 'end': 21081.73, 'start': 21081.35}]",0,0,[],[]
21081960,21084080,NA,SIL,0.0,611,AICF,NA,NA,NA,NA,0.0,0,-44.07,-24.93,[],0,0,[],[]
21084080,21084820,CHI,CHN,0.0,611,AICF,RC,3,NT,FH,1.0,740,-20.47,-16.5,"[{'Canonical-syllable': '0', 'Growl': '0', 'High-freq-energy': '0', 'Long-island': '1', 'Low-tilt-spectrum': '0', 'Medium-island': '0', 'Short-island': '0', 'Squeal': '0', 'Typical-entropy': '0', 'Voicing-quality': '1', 'Wide-band': '0', 'Xlong-island': '0', 'seq': '1', 'end': 21084.82, 'start': 21084.17}]",0,0,[],[]
21084820,21085820,CHI,CHN,0.0,611,AICF,RC,3,NT,FH,2.0,690,-19.32,-10.57,"[{'Canonical-syllable': '0', 'Growl': '1', 'High-freq-energy': '0', 'Long-island': '0', 'Low-tilt-spectrum': '0', 'Medium-island': '0', 'Short-island': '0', 'Squeal': '0', 'Typical-entropy': '0', 'Voicing-quality': '1', 'Wide-band': '0', 'Xlong-island': '0', 'seq': '1', 'end': 21085.09, 'start': 21084.99}, {'Canonical-syllable': '0', 'Growl': '0', 'High-freq-energy': '0', 'Long-island': '0', 'Low-tilt-spectrum': '0', 'Medium-island': '1', 'Short-island': '0', 'Squeal': '0', 'Typical-entropy': '0', 'Voicing-quality': '1', 'Wide-band': '0', 'Xlong-island': '0', 'seq': '2', 'end': 21085.82, 'start': 21085.4}]",0,0,[],[]
21085820,21086420,CHI,CHN,0.0,611,AICF,NA,NA,NA,NA,0.0,0,-20.77,-14.03,[],0,190,"[{'start': 21085.82, 'end': 21086.01}]",[]
21086420,21087230,NA,NOF,0.0,611,AICF,NA,NA,NA,NA,0.0,0,-45.2,-41.18,[],0,0,[],[]
21087230,21088600,CHI,CHN,0.0,611,AICF,RC,3,NT,FH,1.0,1370,-19.28,-12.69,"[{'Canonical-syllable': '0', 'Growl': '1', 'High-freq-energy': '0', 'Long-island': '0', 'Low-tilt-spectrum': '0', 'Medium-island': '0', 'Short-island': '0', 'Squeal': '0', 'Typical-entropy': '0', 'Voicing-quality': '2', 'Wide-band': '0', 'Xlong-island': '1', 'seq': '1', 'end': 21088.6, 'start': 21087.4}]",0,0,[],[]
21088600,21089310,OCH,CXN,0.0,611,AICF,RC,3,NT,FI,0.0,0,-22.64,-16.16,[],0,0,[],[]
21089310,21090310,CHI,CHN,0.0,611,AICF,RC,3,NT,FI,1.0,1000,-19.66,-11.34,"[{'Canonical-syllable': '1', 'Growl': '1', 'High-freq-energy': '0', 'Long-island': '0', 'Low-tilt-spectrum': '0', 'Medium-island': '0', 'Short-island': '3', 'Squeal': '0', 'Typical-entropy': '1', 'Voicing-quality': '3', 'Wide-band': '0', 'Xlong-island': '0', 'seq': '1', 'end': 21090.31, 'start': 21089.31}]",0,0,[],[]
21090310,21091180,CHI,CHN,0.0,611,AICF,RC,3,NT,FH,2.0,300,-23.92,-14.72,"[{'Canonical-syllable': '0', 'Growl': '0', 'High-freq-energy': '0', 'Long-island': '0', 'Low-tilt-spectrum': '0', 'Medium-island': '0', 'Short-island': '1', 'Squeal': '0', 'Typical-entropy': '0', 'Voicing-quality': '1', 'Wide-band': '0', 'Xlong-island': '0', 'seq': '1', 'end': 21090.5, 'start': 21090.31}, {'Canonical-syllable': '0', 'Growl': '1', 'High-freq-energy': '0', 'Long-island': '0', 'Low-tilt-spectrum': '0', 'Medium-island': '0', 'Short-island': '0', 'Squeal': '0', 'Typical-entropy': '0', 'Voicing-quality': '1', 'Wide-band': '0', 'Xlong-island': '0', 'seq': '2', 'end': 21091.18, 'start': 21091.07}]",0,0,[],[]
21091180,21092860,CHI,CHN,0.0,611,AICF,RC,3,NT,FH,2.0,1130,-20.14,-10.78,"[{'Canonical-syllable': '0', 'Growl': '0', 'High-freq-energy': '0', 'Long-island': '0', 'Low-tilt-spectrum': '0', 'Medium-island': '0', 'Short-island': '1', 'Squeal': '0', 'Typical-entropy': '0', 'Voicing-quality': '1', 'Wide-band': '0', 'Xlong-island': '0', 'seq': '1', 'end': 21091.33, 'start': 21091.18}, {'Canonical-syllable': '1', 'Growl': '1', 'High-freq-energy': '0', 'Long-island': '0', 'Low-tilt-spectrum': '0', 'Medium-island': '0', 'Short-island': '4', 'Squeal': '0', 'Typical-entropy': '0', 'Voicing-quality': '4', 'Wide-band': '0', 'Xlong-island': '0', 'seq': '2', 'end': 21092.71, 'start': 21091.73}]",0,0,[],[]
21092860,21094210,CHI,CHN,0.0,611,AICF,RC,3,NT,FH,2.0,940,-18.69,-10.8,"[{'Canonical-syllable': '0', 'Growl': '0', 'High-freq-energy': '0', 'Long-island': '1', 'Low-tilt-spectrum': '0', 'Medium-island': '0', 'Short-island': '0', 'Squeal': '0', 'Typical-entropy': '0', 'Voicing-quality': '1', 'Wide-band': '0', 'Xlong-island': '0', 'seq': '1', 'end': 21093.56, 'start': 21092.86}, {'Canonical-syllable': '0', 'Growl': '0', 'High-freq-energy': '0', 'Long-island': '0', 'Low-tilt-spectrum': '0', 'Medium-island': '0', 'Short-island': '1', 'Squeal': '0', 'Typical-entropy': '0', 'Voicing-quality': '1', 'Wide-band': '0', 'Xlong-island': '0', 'seq': '2', 'end': 21094.21, 'start': 21093.97}]",0,0,[],[]
21094210,21096060,CHI,CHN,0.0,611,AICF,RC,3,NT,FH,1.0,1850,-20.36,-12.23,"[{'Canonical-syllable': '3', 'Growl': '1', 'High-freq-energy': '0', 'Long-island': '0', 'Low-tilt-spectrum': '0', 'Medium-island': '0', 'Short-island': '6', 'Squeal': '0', 'Typical-entropy': '0', 'Voicing-quality': '6', 'Wide-band': '1', 'Xlong-island': '0', 'seq': '1', 'end': 21096.06, 'start': 21094.21}]",0,0,[],[]
21096060,21097160,CHI,CHN,0.0,611,AICF,RC,3,NT,FH,1.0,650,-18.42,-11.65,"[{'Canonical-syllable': '0', 'Growl': '0', 'High-freq-energy': '0', 'Long-island': '1', 'Low-tilt-spectrum': '0', 'Medium-island': '0', 'Short-island': '0', 'Squeal': '0', 'Typical-entropy': '0', 'Voicing-quality': '1', 'Wide-band': '0', 'Xlong-island': '0', 'seq': '1', 'end': 21097.16, 'start': 21096.51}]",0,0,[],[]
21097160,21098160,CHI,CHN,0.0,611,AICF,RC,3,NT,FH,1.0,1000,-18.3,-14.54,"[{'Canonical-syllable': '0', 'Growl': '0', 'High-freq-energy': '0', 'Long-island': '0', 'Low-tilt-spectrum': '0', 'Medium-island': '0', 'Short-island': '0', 'Squeal': '0', 'Typical-entropy': '0', 'Voicing-quality': '1', 'Wide-band': '0', 'Xlong-island': '1', 'seq': '1', 'end': 21098.16, 'start': 21097.16}]",0,0,[],[]
21098160,21099160,CHI,CHN,0.0,611,AICF,RC,3,NT,FH,1.0,260,-26.64,-19.76,"[{'Canonical-syllable': '1', 'Growl': '0', 'High-freq-energy': '0', 'Long-island': '0', 'Low-tilt-spectrum': '0', 'Medium-island': '0', 'Short-island': '1', 'Squeal': '0', 'Typical-entropy': '0', 'Voicing-quality': '1', 'Wide-band': '0', 'Xlong-island': '0', 'seq': '1', 'end': 21099.16, 'start': 21098.9}]",0,0,[],[]
21099160,21101180,CHI,CHN,0.0,611,AICF,RC,3,NT,FH,2.0,1430,-20.96,-9.21,"[{'Canonical-syllable': '0', 'Growl': '1', 'High-freq-energy': '0', 'Long-island': '0', 'Low-tilt-spectrum': '0', 'Medium-island': '0', 'Short-island': '0', 'Squeal': '0', 'Typical-entropy': '0', 'Voicing-quality': '1', 'Wide-band': '0', 'Xlong-island': '0', 'seq': '1', 'end': 21099.27, 'start': 21099.16}, {'Canonical-syllable': '0', 'Growl': '0', 'High-freq-energy': '0', 'Long-island': '0', 'Low-tilt-spectrum': '0', 'Medium-island': '2', 'Short-island': '1', 'Squeal': '0', 'Typical-entropy': '0', 'Voicing-quality': '4', 'Wide-band': '0', 'Xlong-island': '0', 'seq': '2', 'end': 21101.18, 'start': 21099.86}]",0,0,[],[]
21101180,21102530,OCH,CXN,0.0,611,AICF,RC,3,NT,FI,0.0,0,-23.85,-14.78,[],0,0,[],[]
21102530,21103710,CHI,CHN,0.0,611,AICF,RC,3,NT,FI,2.0,700,-22.78,-15.54,"[{'Canonical-syllable': '1', 'Growl': '0', 'High-freq-energy': '0', 'Long-island': '0', 'Low-tilt-spectrum': '0', 'Medium-island': '1', 'Short-island': '0', 'Squeal': '0', 'Typical-entropy': '0', 'Voicing-quality': '1', 'Wide-band': '0', 'Xlong-island': '0', 'seq': '1', 'end': 21102.98, 'start': 21102.68}, {'Canonical-syllable': '0', 'Growl': '0', 'High-freq-energy': '0', 'Long-island': '0', 'Low-tilt-spectrum': '0', 'Medium-island': '0', 'Short-island': '1', 'Squeal': '0', 'Typical-entropy': '0', 'Voicing-quality': '1', 'Wide-band': '0', 'Xlong-island': '0', 'seq': '2', 'end': 21103.71, 'start': 21103.46}]",0,0,[],[]
21103710,21104310,CHI,CHN,0.0,611,AICF,RC,3,NT,FH,1.0,600,-21.22,-16.9,"[{'Canonical-syllable': '0', 'Growl': '0', 'High-freq-energy': '0', 'Long-island': '0', 'Low-tilt-spectrum': '0', 'Medium-island': '1', 'Short-island': '0', 'Squeal': '0', 'Typical-entropy': '0', 'Voicing-quality': '1', 'Wide-band': '0', 'Xlong-island': '0', 'seq': '1', 'end': 21104.31, 'start': 21103.71}]",0,0,[],[]
21104310,21105310,OCH,CXN,0.0,611,AICF,RC,3,NT,FI,0.0,0,-36.32,-26.64,[],0,0,[],[]
21105310,21106470,NA,SIL,0.0,611,AICF,NA,NA,NA,NA,0.0,0,-47.62,-40.5,[],0,0,[],[]
21106470,21107520,CHI,CHN,0.0,611,AICF,RC,3,NT,FI,1.0,1050,-22.27,-17.83,"[{'Canonical-syllable': '0', 'Growl': '1', 'High-freq-energy': '0', 'Long-island': '1', 'Low-tilt-spectrum': '1', 'Medium-island': '0', 'Short-island': '0', 'Squeal': '0', 'Typical-entropy': '1', 'Voicing-quality': '2', 'Wide-band': '0', 'Xlong-island': '0', 'seq': '1', 'end': 21107.52, 'start': 21106.47}]",0,0,[],[]
21107520,21108520,CHI,CHN,0.0,611,AICF,RC,3,NT,FH,1.0,150,-25.47,-15.77,"[{'Canonical-syllable': '0', 'Growl': '1', 'High-freq-energy': '0', 'Long-island': '0', 'Low-tilt-spectrum': '1', 'Medium-island': '0', 'Short-island': '1', 'Squeal': '0', 'Typical-entropy': '1', 'Voicing-quality': '1', 'Wide-band': '0', 'Xlong-island': '0', 'seq': '1', 'end': 21108.37, 'start': 21108.22}]",0,0,[],[]
21108520,21109840,OCH,CXN,0.0,611,AICF,RC,3,NT,FI,0.0,0,-28.37,-19.73,[],0,0,[],[]
21109840,21110840,CHI,CHN,0.0,611,AICF,RC,3,NT,FI,1.0,1000,-18.06,-10.77,"[{'Canonical-syllable': '0', 'Growl': '1', 'High-freq-energy': '0', 'Long-island': '0', 'Low-tilt-spectrum': '0', 'Medium-island': '1', 'Short-island': '1', 'Squeal': '0', 'Typical-entropy': '1', 'Voicing-quality': '3', 'Wide-band': '1', 'Xlong-island': '0', 'seq': '1', 'end': 21110.84, 'start': 21109.84}]",0,0,[],[]
21110840,21111860,CHI,CHN,0.0,611,AICF,RC,3,NT,FH,1.0,750,-20.99,-13.02,"[{'Canonical-syllable': '0', 'Growl': '1', 'High-freq-energy': '0', 'Long-island': '0', 'Low-tilt-spectrum': '1', 'Medium-island': '0', 'Short-island': '3', 'Squeal': '0', 'Typical-entropy': '2', 'Voicing-quality': '3', 'Wide-band': '1', 'Xlong-island': '0', 'seq': '1', 'end': 21111.59, 'start': 21110.84}]",0,0,[],[]
21111860,21112960,NA,SIL,0.0,611,AICF,NA,NA,NA,NA,0.0,0,-46.97,-40.3,[],0,0,[],[]
21112960,21113960,CHI,CHN,0.0,611,AICF,RC,3,NT,FH,1.0,1000,-18.35,-10.72,"[{'Canonical-syllable': '2', 'Growl': '0', 'High-freq-energy': '0', 'Long-island': '0', 'Low-tilt-spectrum': '0', 'Medium-island': '1', 'Short-island': '1', 'Squeal': '0', 'Typical-entropy': '0', 'Voicing-quality': '3', 'Wide-band': '0', 'Xlong-island': '0', 'seq': '1', 'end': 21113.96, 'start': 21113.06}]",0,0,[],[]
21113960,21115630,CHI,CHN,0.0,611,AICF,RC,3,NT,FH,2.0,990,-23.8,-14.13,"[{'Canonical-syllable': '0', 'Growl': '0', 'High-freq-energy': '0', 'Long-island': '0', 'Low-tilt-spectrum': '0', 'Medium-island': '0', 'Short-island': '2', 'Squeal': '0', 'Typical-entropy': '1', 'Voicing-quality': '2', 'Wide-band': '0', 'Xlong-island': '0', 'seq': '1', 'end': 21114.5, 'start': 21113.96}, {'Canonical-syllable': '0', 'Growl': '0', 'High-freq-energy': '0', 'Long-island': '0', 'Low-tilt-spectrum': '0', 'Medium-island': '1', 'Short-island': '0', 'Squeal': '0', 'Typical-entropy': '0', 'Voicing-quality': '1', 'Wide-band': '0', 'Xlong-island': '0', 'seq': '2', 'end': 21115.42, 'start': 21114.97}]",0,0,[],[]
21115630,21117310,NA,SIL,0.0,611,AICF,NA,NA,NA,NA,0.0,0,-46.05,-35.33,[],0,0,[],[]
21117310,21118200,CHI,CHN,0.0,611,AICF,RC,3,TIFI,FH,1.0,890,-20.64,-15.96,"[{'Canonical-syllable': '0', 'Growl': '0', 'High-freq-energy': '0', 'Long-island': '1', 'Low-tilt-spectrum': '0', 'Medium-island': '0', 'Short-island': '0', 'Squeal': '0', 'Typical-entropy': '0', 'Voicing-quality': '1', 'Wide-band': '0', 'Xlong-island': '0', 'seq': '1', 'end': 21118.2, 'start': 21117.43}]",0,0,[],[]
21118200,21119850,FEM,FAN,5.03,611,AICF,RC,4,TIFR,FI,0.0,0,-29.8,-17.77,[],0,0,[],[]
21119850,21121230,CHI,CHN,0.0,611,AICF,RC,4,TIFE,FI,1.0,1160,-18.28,-12.18,"[{'Canonical-syllable': '1', 'Growl': '0', 'High-freq-energy': '0', 'Long-island': '0', 'Low-tilt-spectrum': '0', 'Medium-island': '3', 'Short-island': '0', 'Squeal': '0', 'Typical-entropy': '2', 'Voicing-quality': '3', 'Wide-band': '0', 'Xlong-island': '0', 'seq': '1', 'end': 21121.01, 'start': 21119.85}]",0,0,[],[]
21121230,21122460,NA,TVF,0.0,611,AICF,NA,NA,NA,NA,0.0,0,-46.58,-43.05,[],0,0,[],[]
21122460,21123500,CHI,CHN,0.0,611,AICF,RC,4,NT,FH,1.0,1040,-18.48,-10.31,"[{'Canonical-syllable': '0', 'Growl': '1', 'High-freq-energy': '0', 'Long-island': '0', 'Low-tilt-spectrum': '0', 'Medium-island': '1', 'Short-island': '1', 'Squeal': '0', 'Typical-entropy': '2', 'Voicing-quality': '3', 'Wide-band': '0', 'Xlong-island': '0', 'seq': '1', 'end': 21123.5, 'start': 21122.72}]",0,0,[],[]
21123500,21124100,CHI,CHN,0.0,611,AICF,RC,4,NT,FH,1.0,330,-22.71,-16.38,"[{'Canonical-syllable': '0', 'Growl': '0', 'High-freq-energy': '0', 'Long-island': '0', 'Low-tilt-spectrum': '0', 'Medium-island': '1', 'Short-island': '0', 'Squeal': '0', 'Typical-entropy': '1', 'Voicing-quality': '1', 'Wide-band': '0', 'Xlong-island': '0', 'seq': '1', 'end': 21123.83, 'start': 21123.5}]",0,0,[],[]
21124100,21124900,NA,FAF,0.0,611,AICF,NA,NA,NA,NA,0.0,0,-44.34,-32.57,[],0,0,[],[]
21124900,21126650,CHI,CHN,0.0,611,AICF,RC,4,NT,FH,2.0,780,-22.67,-14.41,"[{'Canonical-syllable': '2', 'Growl': '0', 'High-freq-energy': '0', 'Long-island': '0', 'Low-tilt-spectrum': '0', 'Medium-island': '0', 'Short-island': '2', 'Squeal': '0', 'Typical-entropy': '2', 'Voicing-quality': '2', 'Wide-band': '0', 'Xlong-island': '0', 'seq': '1', 'end': 21125.4, 'start': 21124.98}, {'Canonical-syllable': '0', 'Growl': '0', 'High-freq-energy': '0', 'Long-island': '0', 'Low-tilt-spectrum': '0', 'Medium-island': '0', 'Short-island': '1', 'Squeal': '0', 'Typical-entropy': '0', 'Voicing-quality': '1', 'Wide-band': '1', 'Xlong-island': '0', 'seq': '2', 'end': 21126.65, 'start': 21126.37}]",0,0,[],[]
21126650,21128400,CHI,CHN,0.0,611,AICF,RC,4,NT,FH,1.0,1410,-20.02,-10.97,"[{'Canonical-syllable': '0', 'Growl': '1', 'High-freq-energy': '0', 'Long-island': '0', 'Low-tilt-spectrum': '1', 'Medium-island': '1', 'Short-island': '3', 'Squeal': '0', 'Typical-entropy': '2', 'Voicing-quality': '5', 'Wide-band': '0', 'Xlong-island': '0', 'seq': '1', 'end': 21128.4, 'start': 21126.99}]",0,0,[],[]
21128400,21129410,CHI,CHN,0.0,611,AICF,RC,4,NT,FH,1.0,510,-23.31,-16.41,"[{'Canonical-syllable': '0', 'Growl': '0', 'High-freq-energy': '0', 'Long-island': '0', 'Low-tilt-spectrum': '0', 'Medium-island': '1', 'Short-island': '0', 'Squeal': '0', 'Typical-entropy': '1', 'Voicing-quality': '1', 'Wide-band': '0', 'Xlong-island': '0', 'seq': '1', 'end': 21128.91, 'start': 21128.4}]",0,0,[],[]
21129410,21130480,CHI,CHN,0.0,611,AICF,RC,4,NT,FH,1.0,950,-19.2,-9.98,"[{'Canonical-syllable': '0', 'Growl': '0', 'High-freq-energy': '0', 'Long-island': '0', 'Low-tilt-spectrum': '0', 'Medium-island': '2', 'Short-island': '0', 'Squeal': '0', 'Typical-entropy': '1', 'Voicing-quality': '2', 'Wide-band': '0', 'Xlong-island': '0', 'seq': '1', 'end': 21130.36, 'start': 21129.54}]",0,0,[],[]
21130480,21131580,NA,TVF,0.0,611,AICF,NA,NA,NA,NA,0.0,0,-46.15,-42.13,[],0,0,[],[]
21131580,21132900,CHI,CHN,0.0,611,AICF,RC,4,NT,FH,2.0,1000,-19.79,-7.25,"[{'Canonical-syllable': '1', 'Growl': '1', 'High-freq-energy': '0', 'Long-island': '0', 'Low-tilt-spectrum': '0', 'Medium-island': '0', 'Short-island': '1', 'Squeal': '0', 'Typical-entropy': '1', 'Voicing-quality': '3', 'Wide-band': '0', 'Xlong-island': '0', 'seq': '1', 'end': 21132.44, 'start': 21131.58}, {'Canonical-syllable': '0', 'Growl': '1', 'High-freq-energy': '0', 'Long-island': '0', 'Low-tilt-spectrum': '0', 'Medium-island': '0', 'Short-island': '0', 'Squeal': '0', 'Typical-entropy': '0', 'Voicing-quality': '1', 'Wide-band': '0', 'Xlong-island': '0', 'seq': '2', 'end': 21132.9, 'start': 21132.76}]",0,0,[],[]
21132900,21133520,CHI,CHN,0.0,611,AICF,RC,4,NT,FH,1.0,250,-26.99,-19.67,"[{'Canonical-syllable': '0', 'Growl': '0', 'High-freq-energy': '0', 'Long-island': '0', 'Low-tilt-spectrum': '0', 'Medium-island': '0', 'Short-island': '1', 'Squeal': '0', 'Typical-entropy': '0', 'Voicing-quality': '1', 'Wide-band': '0', 'Xlong-island': '0', 'seq': '1', 'end': 21133.15, 'start': 21132.9}]",0,0,[],[]
21133520,21134570,CHI,CHN,0.0,611,AICF,RC,4,NT,FH,1.0,860,-21.76,-14.36,"[{'Canonical-syllable': '0', 'Growl': '1', 'High-freq-energy': '0', 'Long-island': '0', 'Low-tilt-spectrum': '0', 'Medium-island': '1', 'Short-island': '0', 'Squeal': '0', 'Typical-entropy': '1', 'Voicing-quality': '2', 'Wide-band': '0', 'Xlong-island': '0', 'seq': '1', 'end': 21134.38, 'start': 21133.82}]",0,0,[],[]
21134570,21136110,CHI,CHN,0.0,611,AICF,RC,4,NT,FH,1.0,1540,-20.51,-13.52,"[{'Canonical-syllable': '0', 'Growl': '1', 'High-freq-energy': '0', 'Long-island': '1', 'Low-tilt-spectrum': '0', 'Medium-island': '1', 'Short-island': '0', 'Squeal': '0', 'Typical-entropy': '1', 'Voicing-quality': '3', 'Wide-band': '1', 'Xlong-island': '0', 'seq': '1', 'end': 21136.11, 'start': 21134.57}]",0,0,[],[]
21136110,21137870,NA,TVF,0.0,611,AICF,NA,NA,NA,NA,0.0,0,-46.02,-41.58,[],0,0,[],[]
21137870,21138500,CHI,CHN,0.0,611,AICF,RC,4,NT,FH,1.0,630,-22.54,-18.31,"[{'Canonical-syllable': '0', 'Growl': '0', 'High-freq-energy': '0', 'Long-island': '0', 'Low-tilt-spectrum': '0', 'Medium-island': '1', 'Short-island': '0', 'Squeal': '0', 'Typical-entropy': '0', 'Voicing-quality': '1', 'Wide-band': '0', 'Xlong-island': '0', 'seq': '1', 'end': 21138.5, 'start': 21137.87}]",0,0,[],[]
21138500,21139580,CHI,CHN,0.0,611,AICF,RC,4,NT,FH,1.0,1080,-20.78,-13.09,"[{'Canonical-syllable': '1', 'Growl': '1', 'High-freq-energy': '0', 'Long-island': '0', 'Low-tilt-spectrum': '0', 'Medium-island': '1', 'Short-island': '1', 'Squeal': '0', 'Typical-entropy': '1', 'Voicing-quality': '3', 'Wide-band': '0', 'Xlong-island': '0', 'seq': '1', 'end': 21139.58, 'start': 21138.5}]",0,0,[],[]
21139580,21140650,CHI,CHN,0.0,611,AICF,NA,NA,NA,NA,0.0,0,-20.94,-13.54,[],0,960,"[{'start': 21139.58, 'end': 21140.54}]",[]
21140650,21142500,CHI,CHN,0.0,611,AICF,RC,4,NT,FH,2.0,1450,-19.04,-12.18,"[{'Canonical-syllable': '0', 'Growl': '0', 'High-freq-energy': '0', 'Long-island': '0', 'Low-tilt-spectrum': '0', 'Medium-island': '2', 'Short-island': '0', 'Squeal': '0', 'Typical-entropy': '1', 'Voicing-quality': '2', 'Wide-band': '0', 'Xlong-island': '0', 'seq': '1', 'end': 21141.63, 'start': 21140.65}, {'Canonical-syllable': '1', 'Growl': '0', 'High-freq-energy': '0', 'Long-island': '0', 'Low-tilt-spectrum': '0', 'Medium-island': '1', 'Short-island': '0', 'Squeal': '0', 'Typical-entropy': '1', 'Voicing-quality': '2', 'Wide-band': '0', 'Xlong-island': '0', 'seq': '2', 'end': 21142.42, 'start': 21141.95}]",0,0,[],[]
21142500,21143100,CHI,CHN,0.0,611,AICF,RC,4,NT,FH,2.0,230,-20.9,-13.24,"[{'Canonical-syllable': '0', 'Growl': '0', 'High-freq-energy': '0', 'Long-island': '0', 'Low-tilt-spectrum': '0', 'Medium-island': '0', 'Short-island': '0', 'Squeal': '0', 'Typical-entropy': '1', 'Voicing-quality': '1', 'Wide-band': '1', 'Xlong-island': '0', 'seq': '1', 'end': 21142.59, 'start': 21142.5}, {'Canonical-syllable': '0', 'Growl': '0', 'High-freq-energy': '0', 'Long-island': '0', 'Low-tilt-spectrum': '0', 'Medium-island': '0', 'Short-island': '0', 'Squeal': '0', 'Typical-entropy': '0', 'Voicing-quality': '1', 'Wide-band': '0', 'Xlong-island': '0', 'seq': '2', 'end': 21143.1, 'start': 21142.96}]",0,0,[],[]
21143100,21144590,CHI,CHN,0.0,611,AICF,RC,4,NT,FH,1.0,980,-20.55,-12.23,"[{'Canonical-syllable': '1', 'Growl': '1', 'High-freq-energy': '0', 'Long-island': '0', 'Low-tilt-spectrum': '0', 'Medium-island': '1', 'Short-island': '1', 'Squeal': '0', 'Typical-entropy': '1', 'Voicing-quality': '3', 'Wide-band': '0', 'Xlong-island': '0', 'seq': '1', 'end': 21144.08, 'start': 21143.1}]",0,0,[],[]
21144590,21145190,CHI,CHN,0.0,611,AICF,RC,4,NT,FH,1.0,260,-25.03,-12.41,"[{'Canonical-syllable': '0', 'Growl': '1', 'High-freq-energy': '0', 'Long-island': '0', 'Low-tilt-spectrum': '0', 'Medium-island': '0', 'Short-island': '1', 'Squeal': '0', 'Typical-entropy': '1', 'Voicing-quality': '1', 'Wide-band': '0', 'Xlong-island': '0', 'seq': '1', 'end': 21144.85, 'start': 21144.69}]",0,0,[],[]
21145190,21147640,CHI,CHN,0.0,611,AICF,RC,4,NT,FH,1.0,1280,-18.87,-10.77,"[{'Canonical-syllable': '0', 'Growl': '1', 'High-freq-energy': '0', 'Long-island': '0', 'Low-tilt-spectrum': '0', 'Medium-island': '0', 'Short-island': '0', 'Squeal': '0', 'Typical-entropy': '0', 'Voicing-quality': '2', 'Wide-band': '0', 'Xlong-island': '1', 'seq': '1', 'end': 21147.09, 'start': 21145.81}]",0,0,[],[]
21147640,21148330,CHI,CHN,0.0,611,AICF,NA,NA,NA,NA,0.0,0,-22.78,-15.46,[],0,690,"[{'start': 21147.64, 'end': 21148.33}]",[]
21148330,21150270,CHI,CHN,0.0,611,AICF,RC,4,NT,FH,1.0,1830,-20.49,-12.58,"[{'Canonical-syllable': '1', 'Growl': '0', 'High-freq-energy': '0', 'Long-island': '0', 'Low-tilt-spectrum': '0', 'Medium-island': '3', 'Short-island': '1', 'Squeal': '0', 'Typical-entropy': '1', 'Voicing-quality': '4', 'Wide-band': '0', 'Xlong-island': '0', 'seq': '1', 'end': 21150.16, 'start': 21148.33}]",0,0,[],[]
21150270,21151300,NA,FAF,0.0,611,AICF,NA,NA,NA,NA,0.0,0,-45.35,-41.57,[],0,0,[],[]
21151300,21152600,CHI,CHN,0.0,611,AICF,RC,4,NT,FH,2.0,960,-22.36,-14.83,"[{'Canonical-syllable': '0', 'Growl': '0', 'High-freq-energy': '0', 'Long-island': '1', 'Low-tilt-spectrum': '0', 'Medium-island': '0', 'Short-island': '0', 'Squeal': '0', 'Typical-entropy': '1', 'Voicing-quality': '1', 'Wide-band': '0', 'Xlong-island': '0', 'seq': '1', 'end': 21152.12, 'start': 21151.3}, {'Canonical-syllable': '0', 'Growl': '0', 'High-freq-energy': '0', 'Long-island': '0', 'Low-tilt-spectrum': '0', 'Medium-island': '0', 'Short-island': '0', 'Squeal': '0', 'Typical-entropy': '0', 'Voicing-quality': '1', 'Wide-band': '0', 'Xlong-island': '0', 'seq': '2', 'end': 21152.6, 'start': 21152.46}]",0,0,[],[]
21152600,21153600,CHI,CHN,0.0,611,AICF,RC,4,NT,FH,1.0,1000,-17.85,-11.22,"[{'Canonical-syllable': '0', 'Growl': '1', 'High-freq-energy': '0', 'Long-island': '0', 'Low-tilt-spectrum': '0', 'Medium-island': '1', 'Short-island': '1', 'Squeal': '0', 'Typical-entropy': '0', 'Voicing-quality': '2', 'Wide-band': '0', 'Xlong-island': '0', 'seq': '1', 'end': 21153.6, 'start': 21152.69}]",0,0,[],[]
21153600,21154430,NA,NOF,0.0,611,AICF,NA,NA,NA,NA,0.0,0,-41.3,-33.51,[],0,0,[],[]
21154430,21156450,CHI,CHN,0.0,611,AICF,RC,4,NT,FH,2.0,1500,-19.59,-10.28,"[{'Canonical-syllable': '1', 'Growl': '0', 'High-freq-energy': '0', 'Long-island': '0', 'Low-tilt-spectrum': '0', 'Medium-island': '0', 'Short-island': '2', 'Squeal': '0', 'Typical-entropy': '1', 'Voicing-quality': '2', 'Wide-band': '0', 'Xlong-island': '0', 'seq': '1', 'end': 21155.05, 'start': 21154.43}, {'Canonical-syllable': '0', 'Growl': '0', 'High-freq-energy': '0', 'Long-island': '0', 'Low-tilt-spectrum': '0', 'Medium-island': '2', 'Short-island': '0', 'Squeal': '0', 'Typical-entropy': '0', 'Voicing-quality': '2', 'Wide-band': '0', 'Xlong-island': '0', 'seq': '2', 'end': 21156.45, 'start': 21155.57}]",0,0,[],[]
21156450,21157740,CHI,CHN,0.0,611,AICF,RC,4,NT,FH,2.0,670,-20.5,-11.68,"[{'Canonical-syllable': '0', 'Growl': '0', 'High-freq-energy': '0', 'Long-island': '0', 'Low-tilt-spectrum': '0', 'Medium-island': '0', 'Short-island': '1', 'Squeal': '0', 'Typical-entropy': '1', 'Voicing-quality': '1', 'Wide-band': '0', 'Xlong-island': '0', 'seq': '1', 'end': 21156.69, 'start': 21156.45}, {'Canonical-syllable': '0', 'Growl': '0', 'High-freq-energy': '0', 'Long-island': '0', 'Low-tilt-spectrum': '0', 'Medium-island': '1', 'Short-island': '0', 'Squeal': '0', 'Typical-entropy': '1', 'Voicing-quality': '1', 'Wide-band': '0', 'Xlong-island': '0', 'seq': '2', 'end': 21157.52, 'start': 21157.09}]",0,0,[],[]
21157740,21159020,CHI,CHN,0.0,611,AICF,RC,4,NT,FH,1.0,890,-19.37,-12.13,"[{'Canonical-syllable': '0', 'Growl': '1', 'High-freq-energy': '0', 'Long-island': '1', 'Low-tilt-spectrum': '0', 'Medium-island': '0', 'Short-island': '0', 'Squeal': '0', 'Typical-entropy': '0', 'Voicing-quality': '2', 'Wide-band': '0', 'Xlong-island': '0', 'seq': '1', 'end': 21159.02, 'start': 21158.13}]",0,0,[],[]
21159020,21159820,OCH,CXN,0.0,611,AICF,RC,4,NT,FI,0.0,0,-23.28,-11.98,[],0,0,[],[]
21159820,21160610,CHI,CHN,0.0,611,AICF,RC,4,NT,FI,2.0,430,-17.87,-8.81,"[{'Canonical-syllable': '0', 'Growl': '0', 'High-freq-energy': '0', 'Long-island': '0', 'Low-tilt-spectrum': '0', 'Medium-island': '0', 'Short-island': '0', 'Squeal': '0', 'Typical-entropy': '1', 'Voicing-quality': '1', 'Wide-band': '1', 'Xlong-island': '0', 'seq': '1', 'end': 21159.95, 'start': 21159.82}, {'Canonical-syllable': '0', 'Growl': '0', 'High-freq-energy': '0', 'Long-island': '0', 'Low-tilt-spectrum': '0', 'Medium-island': '1', 'Short-island': '0', 'Squeal': '0', 'Typical-entropy': '0', 'Voicing-quality': '1', 'Wide-band': '0', 'Xlong-island': '0', 'seq': '2', 'end': 21160.61, 'start': 21160.31}]",0,0,[],[]
21160610,21161860,CHI,CHN,0.0,611,AICF,RC,4,NT,FH,1.0,940,-19.67,-9.65,"[{'Canonical-syllable': '2', 'Growl': '0', 'High-freq-energy': '0', 'Long-island': '0', 'Low-tilt-spectrum': '0', 'Medium-island': '0', 'Short-island': '2', 'Squeal': '0', 'Typical-entropy': '2', 'Voicing-quality': '3', 'Wide-band': '0', 'Xlong-island': '0', 'seq': '1', 'end': 21161.55, 'start': 21160.71}]",0,0,[],[]
21161860,21162570,CHI,CHN,0.0,611,AICF,RC,4,NT,FH,1.0,570,-16.99,-10.12,"[{'Canonical-syllable': '2', 'Growl': '0', 'High-freq-energy': '0', 'Long-island': '0', 'Low-tilt-spectrum': '0', 'Medium-island': '1', 'Short-island': '1', 'Squeal': '0', 'Typical-entropy': '1', 'Voicing-quality': '2', 'Wide-band': '0', 'Xlong-island': '0', 'seq': '1', 'end': 21162.43, 'start': 21161.86}]",0,0,[],[]
21162570,21163570,OCH,CXN,0.0,611,AICF,RC,4,NT,FI,0.0,0,-25.6,-12.11,[],0,0,[],[]
21163570,21164370,NA,NOF,0.0,611,AICF,NA,NA,NA,NA,0.0,0,-43.71,-36.61,[],0,0,[],[]
21164370,21165140,CHI,CHN,0.0,611,AICF,RC,4,NT,FI,1.0,480,-18.94,-10.85,"[{'Canonical-syllable': '0', 'Growl': '0', 'High-freq-energy': '0', 'Long-island': '0', 'Low-tilt-spectrum': '0', 'Medium-island': '1', 'Short-island': '0', 'Squeal': '0', 'Typical-entropy': '0', 'Voicing-quality': '1', 'Wide-band': '0', 'Xlong-island': '0', 'seq': '1', 'end': 21164.85, 'start': 21164.59}]",0,0,[],[]
21165140,21166140,OCH,CXN,0.0,611,AICF,RC,4,NT,FI,0.0,0,-20.66,-10.41,[],0,0,[],[]
21166140,21167510,CHI,CHN,0.0,611,AICF,RC,4,NT,FI,1.0,1140,-18.66,-12.29,"[{'Canonical-syllable': '2', 'Growl': '0', 'High-freq-energy': '0', 'Long-island': '0', 'Low-tilt-spectrum': '0', 'Medium-island': '1', 'Short-island': '2', 'Squeal': '0', 'Typical-entropy': '0', 'Voicing-quality': '3', 'Wide-band': '0', 'Xlong-island': '0', 'seq': '1', 'end': 21167.28, 'start': 21166.14}]",0,0,[],[]
21167510,21169350,CHI,CHN,0.0,611,AICF,RC,4,NT,FH,2.0,1370,-20.99,-14.61,"[{'Canonical-syllable': '0', 'Growl': '0', 'High-freq-energy': '0', 'Long-island': '0', 'Low-tilt-spectrum': '0', 'Medium-island': '0', 'Short-island': '0', 'Squeal': '0', 'Typical-entropy': '1', 'Voicing-quality': '1', 'Wide-band': '0', 'Xlong-island': '0', 'seq': '1', 'end': 21167.61, 'start': 21167.51}, {'Canonical-syllable': '1', 'Growl': '0', 'High-freq-energy': '0', 'Long-island': '0', 'Low-tilt-spectrum': '0', 'Medium-island': '2', 'Short-island': '1', 'Squeal': '0', 'Typical-entropy': '0', 'Voicing-quality': '3', 'Wide-band': '0', 'Xlong-island': '0', 'seq': '2', 'end': 21169.35, 'start': 21168.08}]",0,0,[],[]
21169350,21170120,CHI,CHN,0.0,611,AICF,RC,4,NT,FH,2.0,350,-20.57,-9.33,"[{'Canonical-syllable': '0', 'Growl': '1', 'High-freq-energy': '0', 'Long-island': '0', 'Low-tilt-spectrum': '0', 'Medium-island': '0', 'Short-island': '1', 'Squeal': '0', 'Typical-entropy': '0', 'Voicing-quality': '1', 'Wide-band': '0', 'Xlong-island': '0', 'seq': '1', 'end': 21169.48, 'start': 21169.35}, {'Canonical-syllable': '0', 'Growl': '0', 'High-freq-energy': '0', 'Long-island': '0', 'Low-tilt-spectrum': '0', 'Medium-island': '0', 'Short-island': '0', 'Squeal': '0', 'Typical-entropy': '0', 'Voicing-quality': '1', 'Wide-band': '0', 'Xlong-island': '0', 'seq': '2', 'end': 21170.12, 'start': 21169.9}]",0,0,[],[]
21170120,21172050,CHI,CHN,0.0,611,AICF,RC,4,NT,FH,1.0,1930,-17.8,-11.2,"[{'Canonical-syllable': '0', 'Growl': '0', 'High-freq-energy': '0', 'Long-island': '1', 'Low-tilt-spectrum': '0', 'Medium-island': '1', 'Short-island': '1', 'Squeal': '0', 'Typical-entropy': '1', 'Voicing-quality': '3', 'Wide-band': '0', 'Xlong-island': '0', 'seq': '1', 'end': 21172.05, 'start': 21170.22}]",0,0,[],[]
21172050,21173050,NA,TVF,0.0,611,AICF,NA,NA,NA,NA,0.0,0,-45.1,-42.55,[],0,0,[],[]
21173050,21174840,OCH,CXN,0.0,611,AICF,RC,4,NT,FI,0.0,0,-21.1,-8.81,[],0,0,[],[]
21174840,21176180,CHI,CHN,0.0,611,AICF,RC,4,NT,FI,1.0,1140,-19.47,-11.81,"[{'Canonical-syllable': '0', 'Growl': '0', 'High-freq-energy': '0', 'Long-island': '0', 'Low-tilt-spectrum': '0', 'Medium-island': '2', 'Short-island': '0', 'Squeal': '0', 'Typical-entropy': '0', 'Voicing-quality': '2', 'Wide-band': '0', 'Xlong-island': '0', 'seq': '1', 'end': 21175.98, 'start': 21175.04}]",0,0,[],[]
21176180,21178240,CHI,CHN,0.0,611,AICF,RC,4,NT,FH,2.0,790,-21.23,-8.36,"[{'Canonical-syllable': '1', 'Growl': '0', 'High-freq-energy': '0', 'Long-island': '0', 'Low-tilt-spectrum': '0', 'Medium-island': '1', 'Short-island': '0', 'Squeal': '0', 'Typical-entropy': '0', 'Voicing-quality': '1', 'Wide-band': '0', 'Xlong-island': '0', 'seq': '1', 'end': 21177.08, 'start': 21176.81}, {'Canonical-syllable': '2', 'Growl': '0', 'High-freq-energy': '0', 'Long-island': '0', 'Low-tilt-spectrum': '0', 'Medium-island': '0', 'Short-island': '2', 'Squeal': '0', 'Typical-entropy': '0', 'Voicing-quality': '2', 'Wide-band': '0', 'Xlong-island': '0', 'seq': '2', 'end': 21178.14, 'start': 21177.62}]",0,0,[],[]
21178240,21179240,CHI,CHN,0.0,611,AICF,RC,4,NT,FH,1.0,870,-17.39,-11.44,"[{'Canonical-syllable': '0', 'Growl': '0', 'High-freq-energy': '0', 'Long-island': '1', 'Low-tilt-spectrum': '0', 'Medium-island': '0', 'Short-island': '0', 'Squeal': '0', 'Typical-entropy': '1', 'Voicing-quality': '1', 'Wide-band': '0', 'Xlong-island': '0', 'seq': '1', 'end': 21179.11, 'start': 21178.24}]",0,0,[],[]
21179240,21180050,OCH,CXN,0.0,611,AICF,RC,4,NT,FI,0.0,0,-34.95,-26.29,[],0,0,[],[]
21180050,21181630,OCH,CXN,0.0,611,AICF,RC,4,NT,FH,0.0,0,-19.92,-8.93,[],0,0,[],[]
21181630,21182600,CHI,CHN,0.0,611,AICF,NA,NA,NA,NA,0.0,0,-13.07,-5.95,[],0,970,"[{'start': 21181.63, 'end': 21182.6}]",[]
21182600,21184470,OCH,CXN,0.0,611,AICF,RC,4,NT,FH,0.0,0,-25.73,-14.38,[],0,0,[],[]
21184470,21185200,CHI,CHN,0.0,611,AICF,RC,4,NT,FI,1.0,730,-12.34,-4.11,"[{'Canonical-syllable': '0', 'Growl': '0', 'High-freq-energy': '1', 'Long-island': '0', 'Low-tilt-spectrum': '1', 'Medium-island': '1', 'Short-island': '0', 'Squeal': '0', 'Typical-entropy': '1', 'Voicing-quality': '1', 'Wide-band': '0', 'Xlong-island': '0', 'seq': '1', 'end': 21185.2, 'start': 21184.65}]",0,0,[],[]
21185200,21186470,OCH,CXN,0.0,611,AICF,RC,4,NT,FI,0.0,0,-29.85,-16.49,[],0,0,[],[]
21186470,21187430,NA,CXF,0.0,611,AICF,NA,NA,NA,NA,0.0,0,-42.99,-36.39,[],0,0,[],[]
21187430,21188050,CHI,CHN,0.0,611,AICF,RC,4,NT,FI,1.0,620,-12.39,-9.05,"[{'Canonical-syllable': '1', 'Growl': '0', 'High-freq-energy': '1', 'Long-island': '0', 'Low-tilt-spectrum': '1', 'Medium-island': '1', 'Short-island': '0', 'Squeal': '0', 'Typical-entropy': '1', 'Voicing-quality': '1', 'Wide-band': '0', 'Xlong-island': '0', 'seq': '1', 'end': 21188.05, 'start': 21187.43}]",0,0,[],[]
21188050,21189070,OCH,CXN,0.0,611,AICF,RC,4,NT,FI,0.0,0,-29.08,-16.32,[],0,0,[],[]
21189070,21189870,OCH,CXN,0.0,611,AICF,RC,4,NT,FH,0.0,0,-39.31,-34.71,[],0,0,[],[]
21189870,21190480,CHI,CHN,0.0,611,AICF,NA,NA,NA,NA,0.0,0,-14.99,-6.9,[],0,490,"[{'start': 21189.99, 'end': 21190.48}]",[]
21190480,21191640,OCH,CXN,0.0,611,AICF,RC,4,NT,FH,0.0,0,-19.84,-9.23,[],0,0,[],[]
21191640,21192300,CHI,CHN,0.0,611,AICF,NA,NA,NA,NA,0.0,0,-19.08,-11.88,[],0,330,"[{'start': 21191.97, 'end': 21192.3}]",[]
21192300,21194160,CHI,CHN,0.0,611,AICF,RC,4,NT,FI,1.0,1860,-17.94,-9.07,"[{'Canonical-syllable': '3', 'Growl': '0', 'High-freq-energy': '0', 'Long-island': '0', 'Low-tilt-spectrum': '0', 'Medium-island': '2', 'Short-island': '3', 'Squeal': '0', 'Typical-entropy': '1', 'Voicing-quality': '5', 'Wide-band': '0', 'Xlong-island': '0', 'seq': '1', 'end': 21194.16, 'start': 21192.53}]",0,0,[],[]
21194160,21195200,CHI,CHN,0.0,611,AICF,RC,4,NT,FH,1.0,910,-17.57,-13.16,"[{'Canonical-syllable': '0', 'Growl': '0', 'High-freq-energy': '0', 'Long-island': '0', 'Low-tilt-spectrum': '0', 'Medium-island': '0', 'Short-island': '0', 'Squeal': '0', 'Typical-entropy': '1', 'Voicing-quality': '1', 'Wide-band': '0', 'Xlong-island': '1', 'seq': '1', 'end': 21195.07, 'start': 21194.16}]",0,0,[],[]
21195200,21196900,OCH,CXN,0.0,611,AICF,RC,4,NT,FI,0.0,0,-32.09,-20.64,[],0,0,[],[]
21196900,21197730,NA,FAF,0.0,611,AICF,NA,NA,NA,NA,0.0,0,-44.65,-41.4,[],0,0,[],[]
21197730,21198550,OCH,CXN,0.0,611,AICF,RC,4,NT,FH,0.0,0,-19.92,-11.12,[],0,0,[],[]
21198550,21199480,CHI,CHN,0.0,611,AICF,NA,NA,NA,NA,0.0,0,-13.48,-8.7,[],0,930,"[{'start': 21198.55, 'end': 21199.48}]",[]
21199480,21200780,CHI,CHN,0.0,611,AICF,RC,4,NT,FI,1.0,1300,-18.96,-8.0,"[{'Canonical-syllable': '3', 'Growl': '0', 'High-freq-energy': '0', 'Long-island': '0', 'Low-tilt-spectrum': '0', 'Medium-island': '1', 'Short-island': '3', 'Squeal': '0', 'Typical-entropy': '3', 'Voicing-quality': '5', 'Wide-band': '0', 'Xlong-island': '0', 'seq': '1', 'end': 21200.78, 'start': 21199.48}]",0,0,[],[]
21200780,21201380,CHI,CHN,0.0,611,AICF,RC,4,NT,FH,1.0,600,-16.93,-10.97,"[{'Canonical-syllable': '0', 'Growl': '0', 'High-freq-energy': '0', 'Long-island': '0', 'Low-tilt-spectrum': '0', 'Medium-island': '1', 'Short-island': '0', 'Squeal': '0', 'Typical-entropy': '1', 'Voicing-quality': '1', 'Wide-band': '0', 'Xlong-island': '0', 'seq': '1', 'end': 21201.38, 'start': 21200.78}]",0,0,[],[]
21201380,21203840,OCH,CXN,0.0,611,AICF,RC,4,NT,FI,0.0,0,-31.72,-22.75,[],0,0,[],[]
21203840,21204840,OCH,CXN,0.0,611,AICF,RC,4,NT,FH,0.0,0,-27.3,-13.83,[],0,0,[],[]
21204840,21205690,NA,NOF,0.0,611,AICF,NA,NA,NA,NA,0.0,0,-25.9,-9.79,[],0,0,[],[]
21205690,21207180,CHI,CHN,0.0,611,AICF,RC,4,NT,FI,1.0,1140,-16.34,-6.39,"[{'Canonical-syllable': '0', 'Growl': '1', 'High-freq-energy': '0', 'Long-island': '0', 'Low-tilt-spectrum': '0', 'Medium-island': '3', 'Short-island': '0', 'Squeal': '0', 'Typical-entropy': '2', 'Voicing-quality': '3', 'Wide-band': '0', 'Xlong-island': '0', 'seq': '1', 'end': 21206.83, 'start': 21205.69}]",0,0,[],[]
21207180,21208180,CHI,CHN,0.0,611,AICF,RC,4,NT,FH,1.0,920,-17.06,-9.25,"[{'Canonical-syllable': '1', 'Growl': '0', 'High-freq-energy': '0', 'Long-island': '0', 'Low-tilt-spectrum': '0', 'Medium-island': '1', 'Short-island': '1', 'Squeal': '0', 'Typical-entropy': '1', 'Voicing-quality': '3', 'Wide-band': '1', 'Xlong-island': '0', 'seq': '1', 'end': 21208.1, 'start': 21207.42}]",0,0,[],[]
21208180,21208900,CHI,CHN,0.0,611,AICF,RC,4,NT,FH,1.0,720,-17.62,-11.07,"[{'Canonical-syllable': '0', 'Growl': '1', 'High-freq-energy': '0', 'Long-island': '0', 'Low-tilt-spectrum': '0', 'Medium-island': '1', 'Short-island': '1', 'Squeal': '0', 'Typical-entropy': '2', 'Voicing-quality': '2', 'Wide-band': '0', 'Xlong-island': '0', 'seq': '1', 'end': 21208.9, 'start': 21208.18}]",0,0,[],[]
21208900,21209700,NA,OLN,0.0,611,AICF,NA,NA,NA,NA,0.0,0,-22.89,-7.05,[],0,0,[],[]
21209700,21211300,CHI,CHN,0.0,611,AICF,RC,4,NT,FH,2.0,1110,-16.06,-6.55,"[{'Canonical-syllable': '1', 'Growl': '0', 'High-freq-energy': '0', 'Long-island': '0', 'Low-tilt-spectrum': '0', 'Medium-island': '0', 'Short-island': '1', 'Squeal': '0', 'Typical-entropy': '0', 'Voicing-quality': '1', 'Wide-band': '0', 'Xlong-island': '0', 'seq': '1', 'end': 21209.83, 'start': 21209.7}, {'Canonical-syllable': '0', 'Growl': '0', 'High-freq-energy': '0', 'Long-island': '0', 'Low-tilt-spectrum': '0', 'Medium-island': '1', 'Short-island': '1', 'Squeal': '0', 'Typical-entropy': '0', 'Voicing-quality': '3', 'Wide-band': '0', 'Xlong-island': '0', 'seq': '2', 'end': 21211.3, 'start': 21210.32}]",0,0,[],[]
21211300,21212760,CHI,CHN,0.0,611,AICF,RC,4,NT,FH,2.0,750,-20.24,-10.01,"[{'Canonical-syllable': '1', 'Growl': '0', 'High-freq-energy': '0', 'Long-island': '0', 'Low-tilt-spectrum': '0', 'Medium-island': '1', 'Short-island': '0', 'Squeal': '1', 'Typical-entropy': '2', 'Voicing-quality': '2', 'Wide-band': '0', 'Xlong-island': '0', 'seq': '1', 'end': 21211.92, 'start': 21211.3}, {'Canonical-syllable': '0', 'Growl': '0', 'High-freq-energy': '0', 'Long-island': '0', 'Low-tilt-spectrum': '0', 'Medium-island': '0', 'Short-island': '0', 'Squeal': '0', 'Typical-entropy': '0', 'Voicing-quality': '1', 'Wide-band': '1', 'Xlong-island': '0', 'seq': '2', 'end': 21212.76, 'start': 21212.63}]",0,0,[],[]
21212760,21214050,CHI,CHN,0.0,611,AICF,RC,4,NT,FH,1.0,580,-16.36,-5.76,"[{'Canonical-syllable': '2', 'Growl': '0', 'High-freq-energy': '0', 'Long-island': '0', 'Low-tilt-spectrum': '0', 'Medium-island': '0', 'Short-island': '2', 'Squeal': '0', 'Typical-entropy': '1', 'Voicing-quality': '3', 'Wide-band': '0', 'Xlong-island': '0', 'seq': '1', 'end': 21213.92, 'start': 21213.34}]",0,0,[],[]
21214050,21216050,CHI,CHN,0.0,611,AICF,RC,4,NT,FH,3.0,780,-23.74,-10.62,"[{'Canonical-syllable': '0', 'Growl': '2', 'High-freq-energy': '0', 'Long-island': '0', 'Low-tilt-spectrum': '0', 'Medium-island': '1', 'Short-island': '0', 'Squeal': '0', 'Typical-entropy': '1', 'Voicing-quality': '2', 'Wide-band': '0', 'Xlong-island': '0', 'seq': '1', 'end': 21214.56, 'start': 21214.05}, {'Canonical-syllable': '1', 'Growl': '0', 'High-freq-energy': '0', 'Long-island': '0', 'Low-tilt-spectrum': '0', 'Medium-island': '0', 'Short-island': '1', 'Squeal': '0', 'Typical-entropy': '1', 'Voicing-quality': '1', 'Wide-band': '0', 'Xlong-island': '0', 'seq': '2', 'end': 21215.17, 'start': 21214.99}, {'Canonical-syllable': '0', 'Growl': '0', 'High-freq-energy': '0', 'Long-island': '0', 'Low-tilt-spectrum': '0', 'Medium-island': '0', 'Short-island': '0', 'Squeal': '0', 'Typical-entropy': '0', 'Voicing-quality': '0', 'Wide-band': '0', 'Xlong-island': '0', 'seq': '3', 'end': 21216.05, 'start': 21215.96}]",0,0,[],[]
21216050,21217050,CHI,CHN,0.0,611,AICF,RC,4,NT,FH,1.0,1000,-16.98,-7.35,"[{'Canonical-syllable': '1', 'Growl': '0', 'High-freq-energy': '0', 'Long-island': '0', 'Low-tilt-spectrum': '0', 'Medium-island': '0', 'Short-island': '1', 'Squeal': '0', 'Typical-entropy': '2', 'Voicing-quality': '4', 'Wide-band': '1', 'Xlong-island': '0', 'seq': '1', 'end': 21217.05, 'start': 21216.05}]",0,0,[],[]
21217050,21218000,CHI,CHN,0.0,611,AICF,RC,4,NT,FH,1.0,950,-14.75,-10.04,"[{'Canonical-syllable': '1', 'Growl': '0', 'High-freq-energy': '0', 'Long-island': '0', 'Low-tilt-spectrum': '0', 'Medium-island': '2', 'Short-island': '0', 'Squeal': '0', 'Typical-entropy': '0', 'Voicing-quality': '2', 'Wide-band': '0', 'Xlong-island': '0', 'seq': '1', 'end': 21218.0, 'start': 21217.05}]",0,0,[],[]
21218000,21219520,CHI,CHN,0.0,611,AICF,RC,4,NT,FH,2.0,1010,-17.65,-8.76,"[{'Canonical-syllable': '0', 'Growl': '0', 'High-freq-energy': '0', 'Long-island': '1', 'Low-tilt-spectrum': '0', 'Medium-island': '0', 'Short-island': '0', 'Squeal': '0', 'Typical-entropy': '0', 'Voicing-quality': '1', 'Wide-band': '0', 'Xlong-island': '0', 'seq': '1', 'end': 21218.83, 'start': 21218.0}, {'Canonical-syllable': '1', 'Growl': '0', 'High-freq-energy': '0', 'Long-island': '0', 'Low-tilt-spectrum': '0', 'Medium-island': '0', 'Short-island': '1', 'Squeal': '0', 'Typical-entropy': '0', 'Voicing-quality': '1', 'Wide-band': '0', 'Xlong-island': '0', 'seq': '2', 'end': 21219.39, 'start': 21219.21}]",0,0,[],[]
21219520,21220730,CHI,CHN,0.0,611,AICF,RC,4,NT,FH,1.0,630,-19.33,-10.81,"[{'Canonical-syllable': '2', 'Growl': '0', 'High-freq-energy': '0', 'Long-island': '0', 'Low-tilt-spectrum': '0', 'Medium-island': '1', 'Short-island': '1', 'Squeal': '0', 'Typical-entropy': '0', 'Voicing-quality': '2', 'Wide-band': '0', 'Xlong-island': '0', 'seq': '1', 'end': 21220.15, 'start': 21219.52}]",0,0,[],[]
21220730,21222850,CHI,CHN,0.0,611,AICF,RC,4,NT,FH,2.0,1680,-17.32,-10.26,"[{'Canonical-syllable': '0', 'Growl': '0', 'High-freq-energy': '0', 'Long-island': '0', 'Low-tilt-spectrum': '0', 'Medium-island': '0', 'Short-island': '1', 'Squeal': '0', 'Typical-entropy': '0', 'Voicing-quality': '1', 'Wide-band': '0', 'Xlong-island': '0', 'seq': '1', 'end': 21220.94, 'start': 21220.73}, {'Canonical-syllable': '3', 'Growl': '1', 'High-freq-energy': '0', 'Long-island': '0', 'Low-tilt-spectrum': '0', 'Medium-island': '1', 'Short-island': '3', 'Squeal': '0', 'Typical-entropy': '1', 'Voicing-quality': '4', 'Wide-band': '0', 'Xlong-island': '0', 'seq': '2', 'end': 21222.85, 'start': 21221.38}]",0,0,[],[]
21222850,21223710,CHI,CHN,0.0,611,AICF,RC,4,NT,FH,1.0,580,-19.15,-14.24,"[{'Canonical-syllable': '1', 'Growl': '0', 'High-freq-energy': '0', 'Long-island': '0', 'Low-tilt-spectrum': '0', 'Medium-island': '1', 'Short-island': '0', 'Squeal': '0', 'Typical-entropy': '0', 'Voicing-quality': '1', 'Wide-band': '0', 'Xlong-island': '0', 'seq': '1', 'end': 21223.43, 'start': 21222.85}]",0,0,[],[]
21223710,21225140,CHI,CHN,0.0,611,AICF,RC,4,NT,FH,2.0,1020,-16.83,-10.71,"[{'Canonical-syllable': '0', 'Growl': '0', 'High-freq-energy': '0', 'Long-island': '0', 'Low-tilt-spectrum': '0', 'Medium-island': '0', 'Short-island': '0', 'Squeal': '0', 'Typical-entropy': '0', 'Voicing-quality': '0', 'Wide-band': '0', 'Xlong-island': '0', 'seq': '1', 'end': 21223.81, 'start': 21223.71}, {'Canonical-syllable': '0', 'Growl': '0', 'High-freq-energy': '0', 'Long-island': '1', 'Low-tilt-spectrum': '0', 'Medium-island': '0', 'Short-island': '1', 'Squeal': '0', 'Typical-entropy': '1', 'Voicing-quality': '2', 'Wide-band': '0', 'Xlong-island': '0', 'seq': '2', 'end': 21225.14, 'start': 21224.22}]",0,0,[],[]
21225140,21226630,NA,SIL,0.0,611,AICF,NA,NA,NA,NA,0.0,0,-44.93,-40.35,[],0,0,[],[]
21226630,21227320,CHI,CHN,0.0,611,AICF,EC,4,NT,FH,1.0,690,-19.32,-12.06,"[{'Canonical-syllable': '0', 'Growl': '0', 'High-freq-energy': '0', 'Long-island': '1', 'Low-tilt-spectrum': '0', 'Medium-island': '0', 'Short-island': '0', 'Squeal': '0', 'Typical-entropy': '0', 'Voicing-quality': '1', 'Wide-band': '0', 'Xlong-island': '0', 'seq': '1', 'end': 21227.32, 'start': 21226.63}]",0,0,[],[]
21227320,21229270,NA,NOF,0.0,612,pause,NA,NA,NA,NA,0.0,0,-44.58,-38.32,[],0,0,[],[]
21229270,21231160,NA,SIL,0.0,612,pause,NA,NA,NA,NA,0.0,0,-44.84,-37.72,[],0,0,[],[]
21231160,21233060,NA,NOF,0.0,612,pause,NA,NA,NA,NA,0.0,0,-25.5,-6.23,[],0,0,[],[]
21233060,21233660,FEM,FAN,0.0,612,pause,NA,NA,NA,NA,0.0,0,-31.91,-25.11,[],600,0,[],[]
21233660,21238050,NA,NOF,0.0,612,pause,NA,NA,NA,NA,0.0,0,-44.92,-24.66,[],0,0,[],[]
21238050,21238940,NA,SIL,0.0,612,pause,NA,NA,NA,NA,0.0,0,-48.89,-39.62,[],0,0,[],[]
21238940,21240050,FEM,FAN,0.0,612,pause,NA,NA,NA,NA,0.0,0,-28.28,-10.01,[],1110,0,[],[]
21240050,21240870,NA,SIL,0.0,612,pause,NA,NA,NA,NA,0.0,0,-48.93,-36.15,[],0,0,[],[]
21240870,21242070,NA,NOF,0.0,612,pause,NA,NA,NA,NA,0.0,0,-46.9,-40.14,[],0,0,[],[]
21242070,21242870,NA,OLN,0.0,612,pause,NA,NA,NA,NA,0.0,0,-22.27,-5.45,[],0,0,[],[]
21242870,21243790,NA,NOF,0.0,612,pause,NA,NA,NA,NA,0.0,0,-47.58,-36.51,[],0,0,[],[]
21243790,21245420,OCH,CXN,0.0,612,XM,EC,0,NT,FI,0.0,0,-27.92,-19.26,[],0,0,[],[]
21245420,21246220,NA,NOF,0.0,613,pause,NA,NA,NA,NA,0.0,0,-46.15,-36.24,[],0,0,[],[]
21246220,21247220,NA,FAF,0.0,613,pause,NA,NA,NA,NA,0.0,0,-42.08,-33.33,[],0,0,[],[]
21247220,21248220,NA,NOF,0.0,613,pause,NA,NA,NA,NA,0.0,0,-47.8,-41.19,[],0,0,[],[]
21248220,21249030,NA,SIL,0.0,613,pause,NA,NA,NA,NA,0.0,0,-47.92,-39.76,[],0,0,[],[]
21249030,21249830,NA,NOF,0.0,613,pause,NA,NA,NA,NA,0.0,0,-48.99,-43.51,[],0,0,[],[]
21249830,21251310,NA,SIL,0.0,613,pause,NA,NA,NA,NA,0.0,0,-53.85,-47.25,[],0,0,[],[]
21251310,21252590,OCH,CXN,0.0,613,XIOCAC,BC,0,NT,FI,0.0,0,-27.99,-22.35,[],0,0,[],[]
21252590,21253790,FEM,FAN,2.92,613,XIOCAC,RC,0,NT,FI,0.0,0,-37.53,-28.53,[],0,0,[],[]
21253790,21254590,NA,SIL,0.0,613,XIOCAC,NA,NA,NA,NA,0.0,0,-60.45,-54.92,[],0,0,[],[]
21254590,21255190,OCH,CXN,0.0,613,XIOCAC,RC,0,NT,FI,0.0,0,-37.06,-31.53,[],0,0,[],[]
21255190,21257940,NA,SIL,0.0,613,XIOCAC,NA,NA,NA,NA,0.0,0,-52.02,-36.94,[],0,0,[],[]
21257940,21258660,CHI,CHN,0.0,613,XIOCAC,RC,0,NT,FI,1.0,720,-14.35,-9.86,"[{'Canonical-syllable': '0', 'Growl': '0', 'High-freq-energy': '0', 'Long-island': '1', 'Low-tilt-spectrum': '1', 'Medium-island': '0', 'Short-island': '0', 'Squeal': '0', 'Typical-entropy': '1', 'Voicing-quality': '1', 'Wide-band': '0', 'Xlong-island': '0', 'seq': '1', 'end': 21258.66, 'start': 21257.94}]",0,0,[],[]
21258660,21260080,OCH,CXN,0.0,613,XIOCAC,RC,0,NT,FI,0.0,0,-34.36,-23.29,[],0,0,[],[]
21260080,21260730,CHI,CHN,0.0,613,XIOCAC,RC,0,NT,FI,1.0,650,-17.02,-12.26,"[{'Canonical-syllable': '1', 'Growl': '0', 'High-freq-energy': '0', 'Long-island': '0', 'Low-tilt-spectrum': '1', 'Medium-island': '1', 'Short-island': '0', 'Squeal': '0', 'Typical-entropy': '1', 'Voicing-quality': '1', 'Wide-band': '0', 'Xlong-island': '0', 'seq': '1', 'end': 21260.73, 'start': 21260.34}]",0,0,[],[]
21260730,21261570,OCH,CXN,0.0,613,XIOCAC,RC,0,NT,FI,0.0,0,-22.68,-15.22,[],0,0,[],[]
21261570,21262350,CHI,CHN,0.0,613,XIOCAC,RC,0,NT,FI,1.0,780,-16.68,-10.1,"[{'Canonical-syllable': '0', 'Growl': '0', 'High-freq-energy': '0', 'Long-island': '0', 'Low-tilt-spectrum': '2', 'Medium-island': '1', 'Short-island': '1', 'Squeal': '0', 'Typical-entropy': '2', 'Voicing-quality': '2', 'Wide-band': '0', 'Xlong-island': '0', 'seq': '1', 'end': 21262.35, 'start': 21261.57}]",0,0,[],[]
21262350,21264290,OCH,CXN,0.0,613,XIOCAC,RC,0,NT,FI,0.0,0,-31.02,-21.38,[],0,0,[],[]
21264290,21265290,OCH,CXN,0.0,613,XIOCAC,RC,0,NT,FH,0.0,0,-29.55,-20.71,[],0,0,[],[]
21265290,21268060,OCH,CXN,0.0,613,XIOCAC,RC,0,NT,FH,0.0,0,-29.95,-17.21,[],0,0,[],[]
21268060,21268790,FEM,FAN,2.13,613,XIOCAC,RC,0,NT,FI,0.0,0,-25.59,-21.26,[],0,0,[],[]
21268790,21269590,OCH,CXN,0.0,613,XIOCAC,RC,0,NT,FI,0.0,0,-33.97,-24.98,[],0,0,[],[]
21269590,21270190,CHI,CHN,0.0,613,XIOCAC,RC,0,NT,FI,1.0,490,-21.21,-11.74,"[{'Canonical-syllable': '0', 'Growl': '0', 'High-freq-energy': '0', 'Long-island': '0', 'Low-tilt-spectrum': '0', 'Medium-island': '1', 'Short-island': '0', 'Squeal': '0', 'Typical-entropy': '1', 'Voicing-quality': '1', 'Wide-band': '0', 'Xlong-island': '0', 'seq': '1', 'end': 21270.08, 'start': 21269.71}]",0,0,[],[]
21270190,21271600,NA,SIL,0.0,613,XIOCAC,NA,NA,NA,NA,0.0,0,-46.47,-30.73,[],0,0,[],[]
21271600,21272200,OCH,CXN,0.0,613,XIOCAC,RC,0,NT,FI,0.0,0,-24.55,-16.4,[],0,0,[],[]
21272200,21273760,OCH,CXN,0.0,613,XIOCAC,RC,0,NT,FH,0.0,0,-27.22,-20.52,[],0,0,[],[]
21273760,21274360,OCH,CXN,0.0,613,XIOCAC,RC,0,NT,FH,0.0,0,-23.19,-18.69,[],0,0,[],[]
21274360,21275160,NA,OLN,0.0,613,XIOCAC,NA,NA,NA,NA,0.0,0,-27.29,-20.79,[],0,0,[],[]
21275160,21276940,OCH,CXN,0.0,613,XIOCAC,RC,0,NT,FH,0.0,0,-35.56,-28.48,[],0,0,[],[]
21276940,21277760,NA,OLN,0.0,613,XIOCAC,NA,NA,NA,NA,0.0,0,-16.56,-4.49,[],0,0,[],[]
21277760,21278680,NA,NOF,0.0,613,XIOCAC,NA,NA,NA,NA,0.0,0,-20.66,-5.48,[],0,0,[],[]
21278680,21279800,CHI,CHN,0.0,613,XIOCAC,RC,0,NT,FI,1.0,1120,-15.53,-4.03,"[{'Canonical-syllable': '1', 'Growl': '1', 'High-freq-energy': '0', 'Long-island': '0', 'Low-tilt-spectrum': '1', 'Medium-island': '1', 'Short-island': '2', 'Squeal': '0', 'Typical-entropy': '2', 'Voicing-quality': '4', 'Wide-band': '0', 'Xlong-island': '0', 'seq': '1', 'end': 21279.8, 'start': 21278.68}]",0,0,[],[]
21279800,21282230,NA,OLN,0.0,613,XIOCAC,NA,NA,NA,NA,0.0,0,-22.18,-10.27,[],0,0,[],[]
21282230,21283060,OCH,CXN,0.0,613,XIOCAC,RC,0,NT,FI,0.0,0,-35.61,-30.87,[],0,0,[],[]
21283060,21283880,NA,SIL,0.0,613,XIOCAC,NA,NA,NA,NA,0.0,0,-46.29,-43.21,[],0,0,[],[]
21283880,21285330,OCH,CXN,0.0,613,XIOCAC,RC,0,NT,FH,0.0,0,-30.92,-18.25,[],0,0,[],[]
21285330,21286130,NA,CXF,0.0,613,XIOCAC,NA,NA,NA,NA,0.0,0,-44.03,-37.09,[],0,0,[],[]
21286130,21287160,FEM,FAN,2.79,613,XIOCAC,RC,0,NT,FI,0.0,0,-33.04,-24.98,[],0,0,[],[]
21287160,21288790,OCH,CXN,0.0,613,XIOCAC,RC,0,NT,FI,0.0,0,-33.9,-23.35,[],0,0,[],[]
21288790,21289700,NA,SIL,0.0,613,XIOCAC,NA,NA,NA,NA,0.0,0,-46.63,-41.36,[],0,0,[],[]
21289700,21291000,OCH,CXN,0.0,613,XIOCAC,EC,0,NT,FH,0.0,0,-20.53,-11.03,[],0,0,[],[]
21291000,21291850,NA,NOF,0.0,614,pause,NA,NA,NA,NA,0.0,0,-44.04,-37.49,[],0,0,[],[]
21291850,21292450,CHI,CHN,0.0,614,pause,NA,NA,NA,NA,0.0,0,-13.55,-9.53,[],0,490,"[{'start': 21291.96, 'end': 21292.45}]",[]
21292450,21293260,NA,OLN,0.0,614,pause,NA,NA,NA,NA,0.0,0,-14.14,-2.91,[],0,0,[],[]
21293260,21294060,NA,OLF,0.0,614,pause,NA,NA,NA,NA,0.0,0,-35.7,-28.21,[],0,0,[],[]
21294060,21297750,NA,NOF,0.0,614,pause,NA,NA,NA,NA,0.0,0,-19.03,-5.08,[],0,0,[],[]
21297750,21298650,OCH,CXN,0.0,614,XIOCC,BC,0,NT,FI,0.0,0,-26.17,-19.81,[],0,0,[],[]
21298650,21300140,NA,OLN,0.0,614,XIOCC,NA,NA,NA,NA,0.0,0,-20.54,-12.29,[],0,0,[],[]
21300140,21301280,CHI,CHN,0.0,614,XIOCC,EC,0,NT,FI,1.0,900,-15.77,-5.77,"[{'Canonical-syllable': '0', 'Growl': '1', 'High-freq-energy': '0', 'Long-island': '0', 'Low-tilt-spectrum': '0', 'Medium-island': '2', 'Short-island': '0', 'Squeal': '0', 'Typical-entropy': '0', 'Voicing-quality': '2', 'Wide-band': '0', 'Xlong-island': '0', 'seq': '1', 'end': 21301.04, 'start': 21300.14}]",0,0,[],[]
21301280,21302140,NA,SIL,0.0,615,pause,NA,NA,NA,NA,0.0,0,-36.07,-22.76,[],0,0,[],[]
21302140,21302940,NA,NOF,0.0,615,pause,NA,NA,NA,NA,0.0,0,-26.56,-11.96,[],0,0,[],[]
21302940,21303800,NA,OLN,0.0,615,pause,NA,NA,NA,NA,0.0,0,-22.84,-13.82,[],0,0,[],[]
21303800,21304610,NA,TVF,0.0,615,pause,NA,NA,NA,NA,0.0,0,-23.2,-11.95,[],0,0,[],[]
21304610,21305770,NA,NOF,0.0,615,pause,NA,NA,NA,NA,0.0,0,-22.45,-9.98,[],0,0,[],[]
21305770,21306570,NA,SIL,0.0,615,pause,NA,NA,NA,NA,0.0,0,-29.83,-13.07,[],0,0,[],[]
21306570,21307480,OCH,CXN,0.0,615,XIC,BC,0,NT,FI,0.0,0,-29.85,-20.54,[],0,0,[],[]
21307480,21308420,NA,SIL,0.0,615,XIC,NA,NA,NA,NA,0.0,0,-23.05,-8.14,[],0,0,[],[]
21308420,21309070,CHI,CHN,0.0,615,XIC,RC,0,TIFI,FI,1.0,550,-15.51,-11.0,"[{'Canonical-syllable': '0', 'Growl': '0', 'High-freq-energy': '0', 'Long-island': '0', 'Low-tilt-spectrum': '0', 'Medium-island': '1', 'Short-island': '0', 'Squeal': '0', 'Typical-entropy': '1', 'Voicing-quality': '1', 'Wide-band': '0', 'Xlong-island': '0', 'seq': '1', 'end': 21308.97, 'start': 21308.59}]",0,0,[],[]
21309070,21309950,NA,NOF,0.0,615,XIC,NA,NA,NA,NA,0.0,0,-32.84,-19.69,[],0,0,[],[]
21309950,21311190,FEM,FAN,6.99,615,XIC,RC,1,TIFR,FI,0.0,0,-25.88,-10.84,[],0,0,[],[]
21311190,21311990,NA,OLN,0.0,615,XIC,NA,NA,NA,NA,0.0,0,-21.31,-11.44,[],0,0,[],[]
21311990,21312960,CHI,CHN,0.0,615,XIC,RC,1,TIFE,FI,2.0,410,-17.62,-11.23,"[{'Canonical-syllable': '1', 'Growl': '0', 'High-freq-energy': '0', 'Long-island': '0', 'Low-tilt-spectrum': '0', 'Medium-island': '0', 'Short-island': '1', 'Squeal': '0', 'Typical-entropy': '0', 'Voicing-quality': '1', 'Wide-band': '0', 'Xlong-island': '0', 'seq': '1', 'end': 21312.21, 'start': 21311.99}, {'Canonical-syllable': '0', 'Growl': '0', 'High-freq-energy': '0', 'Long-island': '0', 'Low-tilt-spectrum': '0', 'Medium-island': '0', 'Short-island': '1', 'Squeal': '0', 'Typical-entropy': '0', 'Voicing-quality': '1', 'Wide-band': '0', 'Xlong-island': '0', 'seq': '2', 'end': 21312.96, 'start': 21312.77}]",0,0,[],[]
21312960,21314100,CHI,CHN,0.0,615,XIC,RC,1,NT,FH,1.0,1140,-14.91,-6.4,"[{'Canonical-syllable': '0', 'Growl': '0', 'High-freq-energy': '0', 'Long-island': '0', 'Low-tilt-spectrum': '0', 'Medium-island': '2', 'Short-island': '0', 'Squeal': '1', 'Typical-entropy': '0', 'Voicing-quality': '3', 'Wide-band': '0', 'Xlong-island': '0', 'seq': '1', 'end': 21314.1, 'start': 21312.96}]",0,0,[],[]
21314100,21314830,CHI,CHN,0.0,615,XIC,NA,NA,NA,NA,0.0,0,-15.16,-9.99,[],0,600,"[{'start': 21314.23, 'end': 21314.83}]",[]
21314830,21315810,NA,NOF,0.0,615,XIC,NA,NA,NA,NA,0.0,0,-15.28,-2.66,[],0,0,[],[]
21315810,21316750,CHI,CHN,0.0,615,XIC,NA,NA,NA,NA,0.0,0,-15.71,-10.8,[],0,940,"[{'start': 21315.81, 'end': 21316.75}]",[]
21316750,21317770,CHI,CHN,0.0,615,XIC,RC,1,NT,FH,1.0,800,-15.59,-6.7,"[{'Canonical-syllable': '1', 'Growl': '0', 'High-freq-energy': '0', 'Long-island': '0', 'Low-tilt-spectrum': '0', 'Medium-island': '1', 'Short-island': '2', 'Squeal': '2', 'Typical-entropy': '3', 'Voicing-quality': '3', 'Wide-band': '0', 'Xlong-island': '0', 'seq': '1', 'end': 21317.55, 'start': 21316.75}]",0,0,[],[]
21317770,21318620,NA,NOF,0.0,615,XIC,NA,NA,NA,NA,0.0,0,-29.64,-19.39,[],0,0,[],[]
21318620,21319830,CHI,CHN,0.0,615,XIC,NA,NA,NA,NA,0.0,0,-14.83,-5.88,[],0,1210,"[{'start': 21318.62, 'end': 21319.83}]",[]
21319830,21320940,NA,OLN,0.0,615,XIC,NA,NA,NA,NA,0.0,0,-15.91,-3.62,[],0,0,[],[]
21320940,21321580,CHI,CHN,0.0,615,XIC,NA,NA,NA,NA,0.0,0,-21.0,-13.38,[],0,290,[],"[{'start': 21320.94, 'end': 21321.23}]"
21321580,21322380,OCH,CXN,0.0,615,XIC,RC,1,NT,FI,0.0,0,-24.89,-16.05,[],0,0,[],[]
21322380,21323180,NA,OLN,0.0,615,XIC,NA,NA,NA,NA,0.0,0,-29.8,-20.91,[],0,0,[],[]
21323180,21325090,NA,NOF,0.0,615,XIC,NA,NA,NA,NA,0.0,0,-42.85,-36.27,[],0,0,[],[]
21325090,21325690,CHI,CHN,0.0,615,XIC,RC,1,NT,FI,1.0,600,-20.3,-7.51,"[{'Canonical-syllable': '0', 'Growl': '0', 'High-freq-energy': '0', 'Long-island': '0', 'Low-tilt-spectrum': '0', 'Medium-island': '1', 'Short-island': '0', 'Squeal': '0', 'Typical-entropy': '1', 'Voicing-quality': '1', 'Wide-band': '0', 'Xlong-island': '0', 'seq': '1', 'end': 21325.69, 'start': 21325.09}]",0,0,[],[]
21325690,21327070,NA,OLN,0.0,615,XIC,NA,NA,NA,NA,0.0,0,-25.34,-8.61,[],0,0,[],[]
21327070,21327880,OCH,CXN,0.0,615,XIC,RC,1,NT,FI,0.0,0,-31.25,-24.89,[],0,0,[],[]
21327880,21330030,NA,SIL,0.0,615,XIC,NA,NA,NA,NA,0.0,0,-51.03,-39.83,[],0,0,[],[]
21330030,21331830,NA,OLN,0.0,615,XIC,NA,NA,NA,NA,0.0,0,-25.46,-9.32,[],0,0,[],[]
21331830,21332650,CHI,CHN,0.0,615,XIC,NA,NA,NA,NA,0.0,0,-16.29,-10.35,[],0,820,"[{'start': 21331.83, 'end': 21332.65}]",[]
21332650,21333650,CHI,CHN,0.0,615,XIC,EC,1,NT,FI,1.0,1000,-16.52,-10.0,"[{'Canonical-syllable': '0', 'Growl': '0', 'High-freq-energy': '0', 'Long-island': '0', 'Low-tilt-spectrum': '0', 'Medium-island': '0', 'Short-island': '3', 'Squeal': '0', 'Typical-entropy': '1', 'Voicing-quality': '3', 'Wide-band': '0', 'Xlong-island': '0', 'seq': '1', 'end': 21333.65, 'start': 21332.65}]",0,0,[],[]
21333650,21334740,NA,OLF,0.0,616,pause,NA,NA,NA,NA,0.0,0,-18.06,-3.93,[],0,0,[],[]
21334740,21335700,NA,NOF,0.0,616,pause,NA,NA,NA,NA,0.0,0,-25.15,-8.88,[],0,0,[],[]
21335700,21339090,NA,OLN,0.0,616,pause,NA,NA,NA,NA,0.0,0,-23.48,-4.43,[],0,0,[],[]
21339090,21339940,OCH,CXN,0.0,616,XIC,BC,0,NT,FI,0.0,0,-17.7,-3.49,[],0,0,[],[]
21339940,21341040,NA,OLF,0.0,616,XIC,NA,NA,NA,NA,0.0,0,-25.95,-6.31,[],0,0,[],[]
21341040,21341840,CHI,CHN,0.0,616,XIC,RC,0,TIFI,FI,1.0,800,-20.2,-13.86,"[{'Canonical-syllable': '1', 'Growl': '0', 'High-freq-energy': '0', 'Long-island': '0', 'Low-tilt-spectrum': '0', 'Medium-island': '1', 'Short-island': '0', 'Squeal': '0', 'Typical-entropy': '1', 'Voicing-quality': '1', 'Wide-band': '0', 'Xlong-island': '0', 'seq': '1', 'end': 21341.84, 'start': 21341.25}]",0,0,[],[]
21341840,21342690,NA,NON,0.0,616,XIC,NA,NA,NA,NA,0.0,0,-41.23,-33.79,[],0,0,[],[]
21342690,21343290,FEM,FAN,0.98,616,XIC,RC,1,TIFR,FI,0.0,0,-39.42,-30.33,[],0,0,[],[]
21343290,21344090,NA,NOF,0.0,616,XIC,NA,NA,NA,NA,0.0,0,-38.16,-29.32,[],0,0,[],[]
21344090,21344690,CHI,CHN,0.0,616,XIC,RC,1,TIFE,FI,1.0,110,-27.13,-16.93,"[{'Canonical-syllable': '0', 'Growl': '1', 'High-freq-energy': '0', 'Long-island': '0', 'Low-tilt-spectrum': '1', 'Medium-island': '0', 'Short-island': '0', 'Squeal': '0', 'Typical-entropy': '1', 'Voicing-quality': '1', 'Wide-band': '0', 'Xlong-island': '0', 'seq': '1', 'end': 21344.56, 'start': 21344.45}]",0,0,[],[]
21344690,21345690,OCH,CXN,0.0,616,XIC,RC,1,NT,FI,0.0,0,-25.13,-18.04,[],0,0,[],[]
21345690,21346500,NA,SIL,0.0,616,XIC,NA,NA,NA,NA,0.0,0,-47.06,-32.55,[],0,0,[],[]
21346500,21347160,OCH,CXN,0.0,616,XIC,RC,1,NT,FH,0.0,0,-25.78,-20.18,[],0,0,[],[]
21347160,21349690,CHI,CHN,0.0,616,XIC,RC,1,NT,FI,3.0,1570,-23.93,-14.4,"[{'Canonical-syllable': '0', 'Growl': '0', 'High-freq-energy': '0', 'Long-island': '0', 'Low-tilt-spectrum': '0', 'Medium-island': '1', 'Short-island': '0', 'Squeal': '0', 'Typical-entropy': '0', 'Voicing-quality': '1', 'Wide-band': '0', 'Xlong-island': '0', 'seq': '1', 'end': 21347.42, 'start': 21347.16}, {'Canonical-syllable': '1', 'Growl': '1', 'High-freq-energy': '1', 'Long-island': '0', 'Low-tilt-spectrum': '1', 'Medium-island': '1', 'Short-island': '0', 'Squeal': '0', 'Typical-entropy': '2', 'Voicing-quality': '2', 'Wide-band': '0', 'Xlong-island': '0', 'seq': '2', 'end': 21348.4, 'start': 21347.88}, {'Canonical-syllable': '0', 'Growl': '1', 'High-freq-energy': '1', 'Long-island': '0', 'Low-tilt-spectrum': '2', 'Medium-island': '1', 'Short-island': '0', 'Squeal': '0', 'Typical-entropy': '3', 'Voicing-quality': '3', 'Wide-band': '1', 'Xlong-island': '0', 'seq': '3', 'end': 21349.54, 'start': 21348.75}]",0,0,[],[]
21349690,21350580,OCH,CXN,0.0,616,XIC,RC,1,NT,FI,0.0,0,-34.85,-25.58,[],0,0,[],[]
21350580,21351180,CHI,CHN,0.0,616,XIC,RC,1,NT,FI,1.0,600,-22.1,-12.49,"[{'Canonical-syllable': '1', 'Growl': '0', 'High-freq-energy': '0', 'Long-island': '0', 'Low-tilt-spectrum': '1', 'Medium-island': '0', 'Short-island': '1', 'Squeal': '0', 'Typical-entropy': '2', 'Voicing-quality': '2', 'Wide-band': '0', 'Xlong-island': '0', 'seq': '1', 'end': 21351.18, 'start': 21350.58}]",0,0,[],[]
21351180,21352180,CHI,CHN,0.0,616,XIC,RC,1,NT,FH,1.0,1000,-13.13,-0.02,"[{'Canonical-syllable': '0', 'Growl': '1', 'High-freq-energy': '0', 'Long-island': '0', 'Low-tilt-spectrum': '1', 'Medium-island': '1', 'Short-island': '0', 'Squeal': '0', 'Typical-entropy': '2', 'Voicing-quality': '2', 'Wide-band': '0', 'Xlong-island': '0', 'seq': '1', 'end': 21352.18, 'start': 21351.43}]",0,0,[],[]
21352180,21353380,NA,OLN,0.0,616,XIC,NA,NA,NA,NA,0.0,0,-22.38,-8.67,[],0,0,[],[]
21353380,21354980,NA,NOF,0.0,616,XIC,NA,NA,NA,NA,0.0,0,-24.3,-9.08,[],0,0,[],[]
21354980,21355640,CHI,CHN,0.0,616,XIC,RC,1,NT,FH,1.0,170,-25.9,-15.51,"[{'Canonical-syllable': '1', 'Growl': '0', 'High-freq-energy': '0', 'Long-island': '0', 'Low-tilt-spectrum': '0', 'Medium-island': '0', 'Short-island': '1', 'Squeal': '0', 'Typical-entropy': '0', 'Voicing-quality': '1', 'Wide-band': '0', 'Xlong-island': '0', 'seq': '1', 'end': 21355.15, 'start': 21354.98}]",0,0,[],[]
21355640,21356610,OCH,CXN,0.0,616,XIC,RC,1,NT,FI,0.0,0,-23.94,-16.3,[],0,0,[],[]
21356610,21358010,CHI,CHN,0.0,616,XIC,RC,1,NT,FI,1.0,950,-16.57,-8.42,"[{'Canonical-syllable': '0', 'Growl': '0', 'High-freq-energy': '0', 'Long-island': '0', 'Low-tilt-spectrum': '0', 'Medium-island': '0', 'Short-island': '0', 'Squeal': '0', 'Typical-entropy': '1', 'Voicing-quality': '1', 'Wide-band': '0', 'Xlong-island': '1', 'seq': '1', 'end': 21358.01, 'start': 21357.06}]",0,0,[],[]
21358010,21358820,NA,OLN,0.0,616,XIC,NA,NA,NA,NA,0.0,0,-17.78,-4.56,[],0,0,[],[]
21358820,21360040,OCH,CXN,0.0,616,XIC,RC,1,NT,FI,0.0,0,-20.58,-13.25,[],0,0,[],[]
21360040,21361260,NA,NOF,0.0,616,XIC,NA,NA,NA,NA,0.0,0,-42.12,-31.46,[],0,0,[],[]
21361260,21363000,OCH,CXN,0.0,616,XIC,RC,1,NT,FH,0.0,0,-28.34,-19.54,[],0,0,[],[]
21363000,21363620,OCH,CXN,0.0,616,XIC,RC,1,NT,FH,0.0,0,-28.42,-19.69,[],0,0,[],[]
21363620,21364420,NA,OLN,0.0,616,XIC,NA,NA,NA,NA,0.0,0,-12.9,-0.49,[],0,0,[],[]
21364420,21367470,NA,NOF,0.0,616,XIC,NA,NA,NA,NA,0.0,0,-32.56,-16.34,[],0,0,[],[]
21367470,21368270,NA,SIL,0.0,616,XIC,NA,NA,NA,NA,0.0,0,-46.19,-34.72,[],0,0,[],[]
21368270,21369270,CHI,CHN,0.0,616,XIC,EC,1,NT,FI,1.0,230,-32.51,-18.93,"[{'Canonical-syllable': '1', 'Growl': '0', 'High-freq-energy': '0', 'Long-island': '0', 'Low-tilt-spectrum': '0', 'Medium-island': '0', 'Short-island': '1', 'Squeal': '0', 'Typical-entropy': '0', 'Voicing-quality': '1', 'Wide-band': '0', 'Xlong-island': '0', 'seq': '1', 'end': 21368.5, 'start': 21368.27}]",0,0,[],[]
21369270,21370080,NA,SIL,0.0,617,pause,NA,NA,NA,NA,0.0,0,-50.77,-47.18,[],0,0,[],[]
21370080,21371020,NA,NOF,0.0,617,pause,NA,NA,NA,NA,0.0,0,-42.2,-30.55,[],0,0,[],[]
21371020,21372470,NA,OLN,0.0,617,pause,NA,NA,NA,NA,0.0,0,-18.17,-6.61,[],0,0,[],[]
21372470,21373300,NA,NOF,0.0,617,pause,NA,NA,NA,NA,0.0,0,-37.34,-24.94,[],0,0,[],[]
21373300,21374130,NA,OLN,0.0,617,pause,NA,NA,NA,NA,0.0,0,-22.66,-13.38,[],0,0,[],[]
21374130,21375100,NA,NOF,0.0,617,pause,NA,NA,NA,NA,0.0,0,-15.38,-2.05,[],0,0,[],[]
21375100,21376660,NA,OLN,0.0,617,pause,NA,NA,NA,NA,0.0,0,-28.77,-12.25,[],0,0,[],[]
21376660,21378320,NA,NOF,0.0,617,pause,NA,NA,NA,NA,0.0,0,-26.62,-11.36,[],0,0,[],[]
21378320,21379380,OCH,CXN,0.0,617,XM,BC,0,NT,FI,0.0,0,-19.59,-8.21,[],0,0,[],[]
21379380,21380380,OCH,CXN,0.0,617,XM,RC,0,NT,FH,0.0,0,-18.88,-11.07,[],0,0,[],[]
21380380,21381180,OCH,CXN,0.0,617,XM,RC,0,NT,FH,0.0,0,-19.44,-12.24,[],0,0,[],[]
21381180,21382250,OCH,CXN,0.0,617,XM,RC,0,NT,FH,0.0,0,-21.75,-14.16,[],0,0,[],[]
21382250,21384720,NA,OLF,0.0,617,XM,NA,NA,NA,NA,0.0,0,-31.34,-17.85,[],0,0,[],[]
21384720,21387160,NA,NOF,0.0,617,XM,NA,NA,NA,NA,0.0,0,-34.88,-17.52,[],0,0,[],[]
21387160,21387760,OCH,CXN,0.0,617,XM,RC,0,NT,FH,0.0,0,-24.88,-17.54,[],0,0,[],[]
21387760,21389260,OCH,CXN,0.0,617,XM,RC,0,NT,FH,0.0,0,-26.77,-17.69,[],0,0,[],[]
21389260,21390380,NA,OLN,0.0,617,XM,NA,NA,NA,NA,0.0,0,-22.38,-7.29,[],0,0,[],[]
21390380,21391640,OCH,CXN,0.0,617,XM,EC,0,NT,FH,0.0,0,-18.61,-6.58,[],0,0,[],[]
21391640,21392440,NA,OLN,0.0,618,pause,NA,NA,NA,NA,0.0,0,-16.71,-4.86,[],0,0,[],[]
21392440,21396030,NA,NOF,0.0,618,pause,NA,NA,NA,NA,0.0,0,-23.54,-3.87,[],0,0,[],[]
21396030,21396830,NA,OLN,0.0,618,pause,NA,NA,NA,NA,0.0,0,-21.88,-12.53,[],0,0,[],[]
21396830,21397430,CHI,CHN,0.0,618,pause,NA,NA,NA,NA,0.0,0,-13.36,-8.63,[],0,470,"[{'start': 21396.83, 'end': 21397.3}]",[]
21397430,21398230,NA,OLN,0.0,618,pause,NA,NA,NA,NA,0.0,0,-26.02,-14.12,[],0,0,[],[]
21398230,21399100,CHI,CHN,0.0,618,CM,BC,0,NT,FI,1.0,370,-23.82,-13.06,"[{'Canonical-syllable': '0', 'Growl': '0', 'High-freq-energy': '1', 'Long-island': '0', 'Low-tilt-spectrum': '1', 'Medium-island': '0', 'Short-island': '1', 'Squeal': '1', 'Typical-entropy': '1', 'Voicing-quality': '1', 'Wide-band': '0', 'Xlong-island': '0', 'seq': '1', 'end': 21398.6, 'start': 21398.38}]",0,0,[],[]
21399100,21399930,NA,SIL,0.0,618,CM,NA,NA,NA,NA,0.0,0,-47.06,-35.21,[],0,0,[],[]
21399930,21401290,NA,NOF,0.0,618,CM,NA,NA,NA,NA,0.0,0,-34.54,-24.29,[],0,0,[],[]
21401290,21402120,NA,OLN,0.0,618,CM,NA,NA,NA,NA,0.0,0,-29.56,-16.83,[],0,0,[],[]
21402120,21402720,CHI,CHN,0.0,618,CM,EC,0,NT,FH,1.0,210,-22.6,-13.99,"[{'Canonical-syllable': '1', 'Growl': '0', 'High-freq-energy': '0', 'Long-island': '0', 'Low-tilt-spectrum': '0', 'Medium-island': '0', 'Short-island': '1', 'Squeal': '0', 'Typical-entropy': '1', 'Voicing-quality': '1', 'Wide-band': '0', 'Xlong-island': '0', 'seq': '1', 'end': 21402.72, 'start': 21402.51}]",0,0,[],[]
21402720,21403590,NA,NOF,0.0,619,pause,NA,NA,NA,NA,0.0,0,-39.9,-32.59,[],0,0,[],[]
21403590,21404400,NA,OLN,0.0,619,pause,NA,NA,NA,NA,0.0,0,-24.02,-11.73,[],0,0,[],[]
21404400,21409870,NA,NOF,0.0,619,pause,NA,NA,NA,NA,0.0,0,-33.08,-12.81,[],0,0,[],[]
21409870,21410670,NA,OLF,0.0,619,pause,NA,NA,NA,NA,0.0,0,-46.74,-39.1,[],0,0,[],[]
21410670,21413940,NA,NOF,0.0,619,pause,NA,NA,NA,NA,0.0,0,-43.58,-28.42,[],0,0,[],[]
21413940,21414740,NA,SIL,0.0,619,pause,NA,NA,NA,NA,0.0,0,-55.38,-48.9,[],0,0,[],[]
21414740,21417160,NA,NOF,0.0,619,pause,NA,NA,NA,NA,0.0,0,-42.27,-30.2,[],0,0,[],[]
21417160,21417960,NA,CXF,0.0,619,pause,NA,NA,NA,NA,0.0,0,-46.97,-41.6,[],0,0,[],[]
21417960,21418920,NA,SIL,0.0,619,pause,NA,NA,NA,NA,0.0,0,-56.27,-52.35,[],0,0,[],[]
21418920,21420820,NA,NOF,0.0,619,pause,NA,NA,NA,NA,0.0,0,-50.32,-43.88,[],0,0,[],[]
21420820,21421620,FEM,FAN,0.0,619,pause,NA,NA,NA,NA,0.0,0,-39.15,-24.91,[],800,0,[],[]
21421620,21422420,NA,NOF,0.0,619,pause,NA,NA,NA,NA,0.0,0,-45.24,-36.97,[],0,0,[],[]
21422420,21423480,NA,OLF,0.0,619,pause,NA,NA,NA,NA,0.0,0,-37.59,-27.52,[],0,0,[],[]
21423480,21424480,NA,MAF,0.0,619,pause,NA,NA,NA,NA,0.0,0,-46.94,-38.49,[],0,0,[],[]
21424480,21425560,NA,NOF,0.0,619,pause,NA,NA,NA,NA,0.0,0,-33.53,-23.9,[],0,0,[],[]
21425560,21427310,NA,SIL,0.0,619,pause,NA,NA,NA,NA,0.0,0,-36.91,-28.23,[],0,0,[],[]
21427310,21429650,NA,NOF,0.0,619,pause,NA,NA,NA,NA,0.0,0,-36.57,-18.71,[],0,0,[],[]
21429650,21430460,NA,SIL,0.0,619,pause,NA,NA,NA,NA,0.0,0,-52.6,-44.52,[],0,0,[],[]
21430460,21431270,NA,NOF,0.0,619,pause,NA,NA,NA,NA,0.0,0,-42.45,-25.62,[],0,0,[],[]
21431270,21433240,NA,SIL,0.0,619,pause,NA,NA,NA,NA,0.0,0,-54.21,-42.55,[],0,0,[],[]
21433240,21434750,NA,NOF,0.0,619,pause,NA,NA,NA,NA,0.0,0,-38.39,-23.95,[],0,0,[],[]
21434750,21435840,OCH,CXN,0.0,619,XM,EC,0,NT,FI,0.0,0,-24.54,-18.71,[],0,0,[],[]
21435840,21437540,NA,OLN,0.0,620,pause,NA,NA,NA,NA,0.0,0,-27.76,-15.34,[],0,0,[],[]
21437540,21438510,NA,NOF,0.0,620,pause,NA,NA,NA,NA,0.0,0,-35.2,-22.54,[],0,0,[],[]
21438510,21439450,NA,OLN,0.0,620,pause,NA,NA,NA,NA,0.0,0,-27.08,-15.79,[],0,0,[],[]
21439450,21444430,NA,NOF,0.0,620,pause,NA,NA,NA,NA,0.0,0,-31.6,-10.63,[],0,0,[],[]
21444430,21445230,OCH,CXN,0.0,620,XIOCC,BC,0,NT,FI,0.0,0,-42.15,-34.42,[],0,0,[],[]
21445230,21447140,NA,OLF,0.0,620,XIOCC,NA,NA,NA,NA,0.0,0,-31.98,-15.49,[],0,0,[],[]
21447140,21448370,NA,NOF,0.0,620,XIOCC,NA,NA,NA,NA,0.0,0,-42.81,-35.99,[],0,0,[],[]
21448370,21448970,CHI,CHN,0.0,620,XIOCC,EC,0,NT,FI,1.0,500,-24.6,-17.57,"[{'Canonical-syllable': '0', 'Growl': '1', 'High-freq-energy': '0', 'Long-island': '0', 'Low-tilt-spectrum': '1', 'Medium-island': '1', 'Short-island': '0', 'Squeal': '0', 'Typical-entropy': '1', 'Voicing-quality': '1', 'Wide-band': '0', 'Xlong-island': '0', 'seq': '1', 'end': 21448.87, 'start': 21448.37}]",0,0,[],[]
21448970,21450650,NA,NOF,0.0,621,pause,NA,NA,NA,NA,0.0,0,-29.87,-13.59,[],0,0,[],[]
21450650,21451580,NA,OLF,0.0,621,pause,NA,NA,NA,NA,0.0,0,-35.85,-23.91,[],0,0,[],[]
21451580,21452430,NA,NOF,0.0,621,pause,NA,NA,NA,NA,0.0,0,-39.45,-25.28,[],0,0,[],[]
21452430,21453230,NA,FAF,0.0,621,pause,NA,NA,NA,NA,0.0,0,-37.51,-24.39,[],0,0,[],[]
21453230,21454970,NA,OLF,0.0,621,pause,NA,NA,NA,NA,0.0,0,-21.75,-4.88,[],0,0,[],[]
21454970,21455770,NA,CXF,0.0,621,pause,NA,NA,NA,NA,0.0,0,-32.0,-22.17,[],0,0,[],[]
21455770,21457050,NA,NOF,0.0,621,pause,NA,NA,NA,NA,0.0,0,-43.59,-31.15,[],0,0,[],[]
21457050,21458470,NA,OLF,0.0,621,pause,NA,NA,NA,NA,0.0,0,-37.76,-30.01,[],0,0,[],[]
21458470,21460890,NA,NOF,0.0,621,pause,NA,NA,NA,NA,0.0,0,-41.45,-30.01,[],0,0,[],[]
21460890,21461890,NA,FAF,0.0,621,pause,NA,NA,NA,NA,0.0,0,-46.9,-37.23,[],0,0,[],[]
21461890,21463220,NA,NOF,0.0,621,pause,NA,NA,NA,NA,0.0,0,-50.68,-41.27,[],0,0,[],[]
21463220,21464020,NA,SIL,0.0,621,pause,NA,NA,NA,NA,0.0,0,-46.76,-39.86,[],0,0,[],[]
21464020,21468320,NA,NOF,0.0,621,pause,NA,NA,NA,NA,0.0,0,-39.45,-23.82,[],0,0,[],[]
21468320,21469320,MAL,MAN,6.79,621,AMM,EC,0,NT,FI,0.0,0,-34.12,-23.01,[],0,0,[],[]
21469320,21471120,NA,NOF,0.0,622,pause,NA,NA,NA,NA,0.0,0,-41.99,-31.86,[],0,0,[],[]
21471120,21471920,NA,OLN,0.0,622,pause,NA,NA,NA,NA,0.0,0,-33.53,-24.59,[],0,0,[],[]
21471920,21473170,NA,NON,0.0,622,pause,NA,NA,NA,NA,0.0,0,-33.28,-25.66,[],0,0,[],[]
21473170,21474200,NA,OLN,0.0,622,pause,NA,NA,NA,NA,0.0,0,-26.74,-17.76,[],0,0,[],[]
21474200,21476650,NA,NON,0.0,622,pause,NA,NA,NA,NA,0.0,0,-30.29,-18.07,[],0,0,[],[]
21476650,21477880,NA,OLF,0.0,622,pause,NA,NA,NA,NA,0.0,0,-39.08,-27.39,[],0,0,[],[]
21477880,21485060,NA,NON,0.0,622,pause,NA,NA,NA,NA,0.0,0,-34.95,-14.48,[],0,0,[],[]
21485060,21486000,OCH,CXN,0.0,622,XM,EC,0,NT,FI,0.0,0,-37.62,-29.63,[],0,0,[],[]
21486000,21487010,NA,FAF,0.0,623,pause,NA,NA,NA,NA,0.0,0,-39.83,-30.64,[],0,0,[],[]
21487010,21487840,NA,OLF,0.0,623,pause,NA,NA,NA,NA,0.0,0,-41.61,-31.72,[],0,0,[],[]
21487840,21491730,NA,NOF,0.0,623,pause,NA,NA,NA,NA,0.0,0,-44.03,-33.83,[],0,0,[],[]
21491730,21494370,FEM,FAN,11.89,623,AIOCF,BC,0,NT,FI,0.0,0,-28.16,-17.59,[],0,0,[],[]
21494370,21495210,OCH,CXN,0.0,623,AIOCF,EC,0,NT,FI,0.0,0,-29.42,-19.4,[],0,0,[],[]
21495210,21496290,NA,FAF,0.0,624,pause,NA,NA,NA,NA,0.0,0,-39.3,-26.82,[],0,0,[],[]
21496290,21497500,NA,SIL,0.0,624,pause,NA,NA,NA,NA,0.0,0,-47.28,-38.12,[],0,0,[],[]
21497500,21499280,NA,NOF,0.0,624,pause,NA,NA,NA,NA,0.0,0,-45.32,-35.01,[],0,0,[],[]
21499280,21500950,NA,MAF,0.0,624,pause,NA,NA,NA,NA,0.0,0,-43.05,-31.42,[],0,0,[],[]
21500950,21502630,OCH,CXN,0.0,624,XIOCA,BC,0,NT,FI,0.0,0,-33.56,-23.25,[],0,0,[],[]
21502630,21503750,NA,OLN,0.0,624,XIOCA,NA,NA,NA,NA,0.0,0,-36.32,-30.85,[],0,0,[],[]
21503750,21505540,MAL,MAN,5.48,624,XIOCA,EC,0,NT,FI,0.0,0,-40.74,-31.63,[],0,0,[],[]
21505540,21506340,NA,SIL,0.0,625,pause,NA,NA,NA,NA,0.0,0,-51.29,-43.75,[],0,0,[],[]
21506340,21507630,NA,CXF,0.0,625,pause,NA,NA,NA,NA,0.0,0,-47.17,-38.98,[],0,0,[],[]
21507630,21508930,NA,NOF,0.0,625,pause,NA,NA,NA,NA,0.0,0,-45.85,-36.76,[],0,0,[],[]
21508930,21509730,NA,OLF,0.0,625,pause,NA,NA,NA,NA,0.0,0,-44.76,-39.39,[],0,0,[],[]
21509730,21510560,NA,NOF,0.0,625,pause,NA,NA,NA,NA,0.0,0,-26.37,-14.91,[],0,0,[],[]
21510560,21511660,MAL,MAN,4.25,625,AICM,BC,0,NT,FI,0.0,0,-39.47,-29.02,[],0,0,[],[]
21511660,21512780,OCH,CXN,0.0,625,AICM,RC,0,NT,FI,0.0,0,-35.12,-29.3,[],0,0,[],[]
21512780,21514160,NA,FAF,0.0,625,AICM,NA,NA,NA,NA,0.0,0,-36.64,-22.0,[],0,0,[],[]
21514160,21514960,NA,SIL,0.0,625,AICM,NA,NA,NA,NA,0.0,0,-46.37,-35.73,[],0,0,[],[]
21514960,21515760,NA,CXF,0.0,625,AICM,NA,NA,NA,NA,0.0,0,-38.21,-32.99,[],0,0,[],[]
21515760,21516560,NA,OLF,0.0,625,AICM,NA,NA,NA,NA,0.0,0,-45.25,-39.41,[],0,0,[],[]
21516560,21517360,OCH,CXN,0.0,625,AICM,RC,0,NT,FH,0.0,0,-27.32,-20.3,[],0,0,[],[]
21517360,21518360,OCH,CXN,0.0,625,AICM,RC,0,NT,FH,0.0,0,-24.54,-20.59,[],0,0,[],[]
21518360,21519160,NA,NOF,0.0,625,AICM,NA,NA,NA,NA,0.0,0,-42.63,-34.11,[],0,0,[],[]
21519160,21520660,OCH,CXN,0.0,625,AICM,RC,0,NT,FH,0.0,0,-25.05,-16.44,[],0,0,[],[]
21520660,21521660,MAL,MAN,0.0,625,AICM,NA,NA,NA,NA,0.0,0,-36.47,-25.43,[],1000,0,[],[]
21521660,21523340,FEM,FAN,8.45,625,AICM,RC,0,TIFI,FI,0.0,0,-43.79,-35.39,[],0,0,[],[]
21523340,21524230,NA,OLF,0.0,625,AICM,NA,NA,NA,NA,0.0,0,-40.07,-30.65,[],0,0,[],[]
21524230,21525630,NA,NOF,0.0,625,AICM,NA,NA,NA,NA,0.0,0,-43.97,-34.47,[],0,0,[],[]
21525630,21526240,CHI,CHN,0.0,625,AICM,EC,1,TIFR,FI,1.0,380,-18.96,-9.38,"[{'Canonical-syllable': '0', 'Growl': '1', 'High-freq-energy': '0', 'Long-island': '0', 'Low-tilt-spectrum': '2', 'Medium-island': '0', 'Short-island': '1', 'Squeal': '0', 'Typical-entropy': '1', 'Voicing-quality': '2', 'Wide-band': '0', 'Xlong-island': '0', 'seq': '1', 'end': 21526.01, 'start': 21525.63}]",0,0,[],[]
21526240,21527100,NA,NOF,0.0,626,pause,NA,NA,NA,NA,0.0,0,-31.49,-12.53,[],0,0,[],[]
21527100,21527900,NA,OLF,0.0,626,pause,NA,NA,NA,NA,0.0,0,-32.96,-17.24,[],0,0,[],[]
21527900,21529530,NA,NOF,0.0,626,pause,NA,NA,NA,NA,0.0,0,-33.49,-15.85,[],0,0,[],[]
21529530,21530420,NA,FAF,0.0,626,pause,NA,NA,NA,NA,0.0,0,-45.22,-36.67,[],0,0,[],[]
21530420,21532970,NA,NOF,0.0,626,pause,NA,NA,NA,NA,0.0,0,-39.78,-28.34,[],0,0,[],[]
21532970,21535020,NA,OLN,0.0,626,pause,NA,NA,NA,NA,0.0,0,-33.86,-19.58,[],0,0,[],[]
21535020,21535830,NA,NOF,0.0,626,pause,NA,NA,NA,NA,0.0,0,-34.22,-24.92,[],0,0,[],[]
21535830,21536750,NA,OLN,0.0,626,pause,NA,NA,NA,NA,0.0,0,-14.62,-2.49,[],0,0,[],[]
21536750,21539820,NA,NOF,0.0,626,pause,NA,NA,NA,NA,0.0,0,-27.17,-8.01,[],0,0,[],[]
21539820,21540830,NA,FAF,0.0,626,pause,NA,NA,NA,NA,0.0,0,-43.6,-36.04,[],0,0,[],[]
21540830,21541690,NA,NOF,0.0,626,pause,NA,NA,NA,NA,0.0,0,-44.85,-39.35,[],0,0,[],[]
21541690,21543660,NA,SIL,0.0,626,pause,NA,NA,NA,NA,0.0,0,-48.44,-40.85,[],0,0,[],[]
21543660,21545200,NA,OLF,0.0,626,pause,NA,NA,NA,NA,0.0,0,-40.36,-28.84,[],0,0,[],[]
21545200,21546270,NA,FAF,0.0,626,pause,NA,NA,NA,NA,0.0,0,-35.13,-15.65,[],0,0,[],[]
21546270,21547820,NA,SIL,0.0,626,pause,NA,NA,NA,NA,0.0,0,-43.16,-32.79,[],0,0,[],[]
21547820,21548880,NA,MAF,0.0,626,pause,NA,NA,NA,NA,0.0,0,-41.06,-30.2,[],0,0,[],[]
21548880,21549700,NA,NOF,0.0,626,pause,NA,NA,NA,NA,0.0,0,-35.88,-16.92,[],0,0,[],[]
21549700,21550830,NA,SIL,0.0,626,pause,NA,NA,NA,NA,0.0,0,-50.11,-40.68,[],0,0,[],[]
21550830,21556070,NA,NOF,0.0,626,pause,NA,NA,NA,NA,0.0,0,-43.01,-25.26,[],0,0,[],[]
21556070,21556890,NA,SIL,0.0,626,pause,NA,NA,NA,NA,0.0,0,-43.57,-31.54,[],0,0,[],[]
21556890,21557710,NA,NOF,0.0,626,pause,NA,NA,NA,NA,0.0,0,-41.97,-34.58,[],0,0,[],[]
21557710,21558710,MAL,MAN,8.73,626,AMM,EC,0,NT,FI,0.0,0,-22.88,-12.65,[],0,0,[],[]
21558710,21563880,NA,NOF,0.0,627,pause,NA,NA,NA,NA,0.0,0,-41.9,-25.52,[],0,0,[],[]
21563880,21565550,NA,SIL,0.0,627,pause,NA,NA,NA,NA,0.0,0,-51.33,-43.1,[],0,0,[],[]
21565550,21567280,NA,NOF,0.0,627,pause,NA,NA,NA,NA,0.0,0,-48.05,-40.09,[],0,0,[],[]
21567280,21568660,MAL,MAN,7.42,627,AMM,BC,0,NT,FI,0.0,0,-41.0,-35.03,[],0,0,[],[]
21568660,21569480,NA,SIL,0.0,627,AMM,NA,NA,NA,NA,0.0,0,-52.62,-42.86,[],0,0,[],[]
21569480,21570460,NA,NOF,0.0,627,AMM,NA,NA,NA,NA,0.0,0,-40.04,-24.93,[],0,0,[],[]
21570460,21571260,NA,OLF,0.0,627,AMM,NA,NA,NA,NA,0.0,0,-41.2,-34.08,[],0,0,[],[]
21571260,21572360,FEM,FAN,3.61,627,AMM,EC,0,NT,FI,0.0,0,-38.49,-30.16,[],0,0,[],[]
21572360,21573540,NA,OLF,0.0,628,pause,NA,NA,NA,NA,0.0,0,-38.77,-24.04,[],0,0,[],[]
21573540,21575200,NA,NOF,0.0,628,pause,NA,NA,NA,NA,0.0,0,-41.86,-32.49,[],0,0,[],[]
21575200,21576150,NA,SIL,0.0,628,pause,NA,NA,NA,NA,0.0,0,-45.03,-31.04,[],0,0,[],[]
21576150,21577660,NA,NOF,0.0,628,pause,NA,NA,NA,NA,0.0,0,-41.99,-30.53,[],0,0,[],[]
21577660,21578460,NA,SIL,0.0,628,pause,NA,NA,NA,NA,0.0,0,-43.56,-33.15,[],0,0,[],[]
21578460,21579270,NA,NOF,0.0,628,pause,NA,NA,NA,NA,0.0,0,-45.32,-35.56,[],0,0,[],[]
21579270,21580070,NA,SIL,0.0,628,pause,NA,NA,NA,NA,0.0,0,-47.94,-39.72,[],0,0,[],[]
21580070,21581200,NA,NOF,0.0,628,pause,NA,NA,NA,NA,0.0,0,-43.3,-34.61,[],0,0,[],[]
21581200,21582050,NA,SIL,0.0,628,pause,NA,NA,NA,NA,0.0,0,-42.78,-37.3,[],0,0,[],[]
21582050,21582850,NA,NOF,0.0,628,pause,NA,NA,NA,NA,0.0,0,-45.54,-35.69,[],0,0,[],[]
21582850,21586580,NA,OLF,0.0,628,pause,NA,NA,NA,NA,0.0,0,-31.1,-9.94,[],0,0,[],[]
21586580,21587640,NA,MAF,0.0,628,pause,NA,NA,NA,NA,0.0,0,-35.3,-18.14,[],0,0,[],[]
21587640,21588720,NA,FAF,0.0,628,pause,NA,NA,NA,NA,0.0,0,-36.75,-28.98,[],0,0,[],[]
21588720,21590310,NA,OLN,0.0,628,pause,NA,NA,NA,NA,0.0,0,-34.1,-22.61,[],0,0,[],[]
21590310,21591620,OCH,CXN,0.0,628,XM,EC,0,NT,FI,0.0,0,-33.95,-28.52,[],0,0,[],[]
21591620,21592480,NA,OLN,0.0,629,pause,NA,NA,NA,NA,0.0,0,-34.01,-26.29,[],0,0,[],[]
21592480,21593570,NA,FAF,0.0,629,pause,NA,NA,NA,NA,0.0,0,-45.91,-36.14,[],0,0,[],[]
21593570,21594930,NA,OLN,0.0,629,pause,NA,NA,NA,NA,0.0,0,-16.36,-8.16,[],0,0,[],[]
21594930,21596670,NA,NOF,0.0,629,pause,NA,NA,NA,NA,0.0,0,-30.43,-14.67,[],0,0,[],[]
21596670,21597840,NA,FAF,0.0,629,pause,NA,NA,NA,NA,0.0,0,-45.53,-37.62,[],0,0,[],[]
21597840,21599320,NA,SIL,0.0,629,pause,NA,NA,NA,NA,0.0,0,-48.26,-39.91,[],0,0,[],[]
21599320,21600530,NA,NOF,0.0,629,pause,NA,NA,NA,NA,0.0,0,-42.56,-34.4,[],0,0,[],[]
21600530,21601660,NA,FAF,0.0,629,pause,NA,NA,NA,NA,0.0,0,-44.72,-38.15,[],0,0,[],[]
21601660,21602460,NA,NOF,0.0,629,pause,NA,NA,NA,NA,0.0,0,-44.78,-39.05,[],0,0,[],[]
21602460,21603260,NA,SIL,0.0,629,pause,NA,NA,NA,NA,0.0,0,-48.64,-41.71,[],0,0,[],[]
21603260,21604090,NA,CXF,0.0,629,pause,NA,NA,NA,NA,0.0,0,-47.44,-42.9,[],0,0,[],[]
21604090,21605250,NA,SIL,0.0,629,pause,NA,NA,NA,NA,0.0,0,-50.39,-40.32,[],0,0,[],[]
21605250,21606430,NA,NOF,0.0,629,pause,NA,NA,NA,NA,0.0,0,-34.56,-17.55,[],0,0,[],[]
21606430,21607230,NA,OLF,0.0,629,pause,NA,NA,NA,NA,0.0,0,-37.46,-26.46,[],0,0,[],[]
21607230,21609340,NA,NOF,0.0,629,pause,NA,NA,NA,NA,0.0,0,-35.19,-15.98,[],0,0,[],[]
21609340,21610410,NA,SIL,0.0,629,pause,NA,NA,NA,NA,0.0,0,-49.95,-42.85,[],0,0,[],[]
21610410,21612020,NA,NOF,0.0,629,pause,NA,NA,NA,NA,0.0,0,-45.97,-37.22,[],0,0,[],[]
21612020,21612700,CHI,CHN,0.0,629,CIC,BC,0,TIFI,FI,1.0,680,-16.75,-12.34,"[{'Canonical-syllable': '0', 'Growl': '0', 'High-freq-energy': '0', 'Long-island': '1', 'Low-tilt-spectrum': '0', 'Medium-island': '0', 'Short-island': '0', 'Squeal': '0', 'Typical-entropy': '1', 'Voicing-quality': '1', 'Wide-band': '0', 'Xlong-island': '0', 'seq': '1', 'end': 21612.7, 'start': 21612.02}]",0,0,[],[]
21612700,21613800,FEM,FAN,6.89,629,CIC,RC,1,TIFR,FI,0.0,0,-24.53,-12.41,[],0,0,[],[]
21613800,21614890,NA,MAF,0.0,629,CIC,NA,NA,NA,NA,0.0,0,-45.47,-35.45,[],0,0,[],[]
21614890,21616170,MAL,MAN,3.42,629,CIC,RC,1,NT,FI,0.0,0,-36.64,-30.34,[],0,0,[],[]
21616170,21617940,NA,NOF,0.0,629,CIC,NA,NA,NA,NA,0.0,0,-43.3,-29.53,[],0,0,[],[]
21617940,21619290,OCH,CXN,0.0,629,CIC,RC,1,NT,FI,0.0,0,-19.07,-8.56,[],0,0,[],[]
21619290,21620600,NA,NOF,0.0,629,CIC,NA,NA,NA,NA,0.0,0,-42.28,-29.68,[],0,0,[],[]
21620600,21621590,NA,OLN,0.0,629,CIC,NA,NA,NA,NA,0.0,0,-34.6,-26.36,[],0,0,[],[]
21621590,21622270,OCH,CXN,0.0,629,CIC,RC,1,NT,FH,0.0,0,-15.96,-5.79,[],0,0,[],[]
21622270,21623450,MAL,MAN,7.85,629,CIC,RC,1,NT,FI,0.0,0,-30.37,-22.86,[],0,0,[],[]
21623450,21624790,FEM,FAN,6.28,629,CIC,EC,1,NT,FI,0.0,0,-39.81,-29.24,[],0,0,[],[]
21624790,21625860,NA,OLN,0.0,630,pause,NA,NA,NA,NA,0.0,0,-38.16,-32.05,[],0,0,[],[]
21625860,21626860,NA,FAF,0.0,630,pause,NA,NA,NA,NA,0.0,0,-36.22,-26.35,[],0,0,[],[]
21626860,21627710,CHI,CHN,0.0,630,pause,NA,NA,NA,NA,0.0,0,-15.26,-8.51,[],0,580,"[{'start': 21627.13, 'end': 21627.71}]",[]
21627710,21628950,NA,OLN,0.0,630,pause,NA,NA,NA,NA,0.0,0,-28.16,-21.33,[],0,0,[],[]
21628950,21631290,CHI,CHN,0.0,630,pause,NA,NA,NA,NA,0.0,0,-15.55,-6.47,[],0,1800,"[{'start': 21628.95, 'end': 21630.75}]",[]
21631290,21632290,MAL,MAN,7.42,630,AICM,BC,0,TIMI,FI,0.0,0,-36.61,-26.26,[],0,0,[],[]
21632290,21633010,CHI,CHN,0.0,630,AICM,RC,1,TIMR,FI,1.0,720,-18.94,-11.48,"[{'Canonical-syllable': '0', 'Growl': '0', 'High-freq-energy': '0', 'Long-island': '0', 'Low-tilt-spectrum': '0', 'Medium-island': '1', 'Short-island': '0', 'Squeal': '0', 'Typical-entropy': '1', 'Voicing-quality': '1', 'Wide-band': '0', 'Xlong-island': '0', 'seq': '1', 'end': 21633.01, 'start': 21632.29}]",0,0,[],[]
21633010,21634140,OCH,CXN,0.0,630,AICM,RC,1,NT,FI,0.0,0,-30.3,-22.17,[],0,0,[],[]
21634140,21635380,NA,SIL,0.0,630,AICM,NA,NA,NA,NA,0.0,0,-52.95,-47.54,[],0,0,[],[]
21635380,21636520,NA,TVF,0.0,630,AICM,NA,NA,NA,NA,0.0,0,-52.67,-47.16,[],0,0,[],[]
21636520,21638980,MAL,MAN,10.36,630,AICM,EC,1,NT,FI,0.0,0,-39.04,-29.98,[],0,0,[],[]
21638980,21640160,NA,TVF,0.0,631,pause,NA,NA,NA,NA,0.0,0,-46.15,-36.29,[],0,0,[],[]
21640160,21641620,NA,SIL,0.0,631,pause,NA,NA,NA,NA,0.0,0,-52.56,-42.84,[],0,0,[],[]
21641620,21642620,NA,FAF,0.0,631,pause,NA,NA,NA,NA,0.0,0,-41.61,-30.6,[],0,0,[],[]
21642620,21643610,NA,SIL,0.0,631,pause,NA,NA,NA,NA,0.0,0,-55.11,-50.7,[],0,0,[],[]
21643610,21644510,NA,TVF,0.0,631,pause,NA,NA,NA,NA,0.0,0,-50.72,-42.49,[],0,0,[],[]
21644510,21645550,MAL,MAN,4.79,631,AICM,BC,0,TIMI,FI,0.0,0,-33.73,-27.73,[],0,0,[],[]
21645550,21646370,NA,OLF,0.0,631,AICM,NA,NA,NA,NA,0.0,0,-48.24,-38.24,[],0,0,[],[]
21646370,21647830,CHI,CHN,0.0,631,AICM,RC,1,TIMR,FI,1.0,1460,-20.41,-11.41,"[{'Canonical-syllable': '2', 'Growl': '0', 'High-freq-energy': '0', 'Long-island': '0', 'Low-tilt-spectrum': '1', 'Medium-island': '2', 'Short-island': '1', 'Squeal': '0', 'Typical-entropy': '1', 'Voicing-quality': '4', 'Wide-band': '1', 'Xlong-island': '0', 'seq': '1', 'end': 21647.83, 'start': 21646.37}]",0,0,[],[]
21647830,21649080,NA,OLN,0.0,631,AICM,NA,NA,NA,NA,0.0,0,-25.56,-6.92,[],0,0,[],[]
21649080,21650080,MAL,MAN,3.96,631,AICM,RC,1,TIME,FI,0.0,0,-26.48,-20.18,[],0,0,[],[]
21650080,21650880,NA,NOF,0.0,631,AICM,NA,NA,NA,NA,0.0,0,-41.71,-31.27,[],0,0,[],[]
21650880,21651700,NA,OLF,0.0,631,AICM,NA,NA,NA,NA,0.0,0,-21.73,-7.48,[],0,0,[],[]
21651700,21652900,MAL,MAN,8.2,631,AICM,EC,1,NT,FH,0.0,0,-25.03,-16.88,[],0,0,[],[]
21652900,21655740,NA,OLN,0.0,632,pause,NA,NA,NA,NA,0.0,0,-23.35,-7.93,[],0,0,[],[]
21655740,21657610,NA,NOF,0.0,632,pause,NA,NA,NA,NA,0.0,0,-34.37,-20.34,[],0,0,[],[]
21657610,21658840,NA,OLF,0.0,632,pause,NA,NA,NA,NA,0.0,0,-32.09,-16.58,[],0,0,[],[]
21658840,21659840,MAL,MAN,3.48,632,AIOCM,BC,0,NT,FI,0.0,0,-32.65,-22.67,[],0,0,[],[]
21659840,21660700,NA,NOF,0.0,632,AIOCM,NA,NA,NA,NA,0.0,0,-35.31,-18.62,[],0,0,[],[]
21660700,21662400,NA,OLN,0.0,632,AIOCM,NA,NA,NA,NA,0.0,0,-23.32,-9.41,[],0,0,[],[]
21662400,21663530,NA,NOF,0.0,632,AIOCM,NA,NA,NA,NA,0.0,0,-26.96,-13.16,[],0,0,[],[]
21663530,21664400,NA,OLN,0.0,632,AIOCM,NA,NA,NA,NA,0.0,0,-25.12,-11.59,[],0,0,[],[]
21664400,21665070,OCH,CXN,0.0,632,AIOCM,RC,0,NT,FI,0.0,0,-23.56,-13.8,[],0,0,[],[]
21665070,21665890,NA,OLN,0.0,632,AIOCM,NA,NA,NA,NA,0.0,0,-28.16,-21.48,[],0,0,[],[]
21665890,21666690,OCH,CXN,0.0,632,AIOCM,RC,0,NT,FH,0.0,0,-31.07,-22.39,[],0,0,[],[]
21666690,21667490,NA,FAF,0.0,632,AIOCM,NA,NA,NA,NA,0.0,0,-42.82,-37.45,[],0,0,[],[]
21667490,21668490,NA,TVF,0.0,632,AIOCM,NA,NA,NA,NA,0.0,0,-34.9,-21.24,[],0,0,[],[]
21668490,21669490,MAL,MAN,8.6,632,AIOCM,RC,0,NT,FI,0.0,0,-34.7,-23.94,[],0,0,[],[]
21669490,21670570,NA,TVF,0.0,632,AIOCM,NA,NA,NA,NA,0.0,0,-33.56,-21.49,[],0,0,[],[]
21670570,21671430,NA,OLF,0.0,632,AIOCM,NA,NA,NA,NA,0.0,0,-43.69,-38.63,[],0,0,[],[]
21671430,21672560,NA,TVF,0.0,632,AIOCM,NA,NA,NA,NA,0.0,0,-46.54,-42.07,[],0,0,[],[]
21672560,21673820,NA,OLN,0.0,632,AIOCM,NA,NA,NA,NA,0.0,0,-35.47,-23.54,[],0,0,[],[]
21673820,21675880,OCH,CXN,0.0,632,AIOCM,RC,0,NT,FI,0.0,0,-45.6,-38.02,[],0,0,[],[]
21675880,21676680,NA,TVF,0.0,632,AIOCM,NA,NA,NA,NA,0.0,0,-46.77,-39.42,[],0,0,[],[]
21676680,21678180,OCH,CXN,0.0,632,AIOCM,RC,0,NT,FH,0.0,0,-33.23,-21.6,[],0,0,[],[]
21678180,21679270,OCH,CXN,0.0,632,AIOCM,EC,0,NT,FH,0.0,0,-39.44,-27.28,[],0,0,[],[]
21679270,21680340,NA,FAF,0.0,633,pause,NA,NA,NA,NA,0.0,0,-48.35,-34.75,[],0,0,[],[]
21680340,21681910,NA,OLF,0.0,633,pause,NA,NA,NA,NA,0.0,0,-43.5,-36.55,[],0,0,[],[]
21681910,21683020,NA,NOF,0.0,633,pause,NA,NA,NA,NA,0.0,0,-44.12,-32.61,[],0,0,[],[]
21683020,21685150,NA,OLN,0.0,633,pause,NA,NA,NA,NA,0.0,0,-29.75,-18.27,[],0,0,[],[]
21685150,21685960,OCH,CXN,0.0,633,XIC,BC,0,NT,FI,0.0,0,-26.77,-20.65,[],0,0,[],[]
21685960,21686970,NA,FAF,0.0,633,XIC,NA,NA,NA,NA,0.0,0,-38.66,-28.76,[],0,0,[],[]
21686970,21688600,NA,OLF,0.0,633,XIC,NA,NA,NA,NA,0.0,0,-41.94,-31.13,[],0,0,[],[]
21688600,21689610,CHI,CHN,0.0,633,XIC,RC,0,TIMI,FI,1.0,1010,-23.5,-14.62,"[{'Canonical-syllable': '1', 'Growl': '0', 'High-freq-energy': '0', 'Long-island': '0', 'Low-tilt-spectrum': '0', 'Medium-island': '1', 'Short-island': '1', 'Squeal': '0', 'Typical-entropy': '0', 'Voicing-quality': '2', 'Wide-band': '0', 'Xlong-island': '0', 'seq': '1', 'end': 21689.61, 'start': 21688.77}]",0,0,[],[]
21689610,21690410,NA,OLN,0.0,633,XIC,NA,NA,NA,NA,0.0,0,-28.63,-21.26,[],0,0,[],[]
21690410,21691410,MAL,MAN,5.05,633,XIC,RC,1,TIMR,FI,0.0,0,-31.81,-23.6,[],0,0,[],[]
21691410,21693880,NA,OLN,0.0,633,XIC,NA,NA,NA,NA,0.0,0,-24.56,-11.79,[],0,0,[],[]
21693880,21694730,OCH,CXN,0.0,633,XIC,RC,1,NT,FI,0.0,0,-24.94,-18.46,[],0,0,[],[]
21694730,21696210,MAL,MAN,5.22,633,XIC,RC,1,NT,FI,0.0,0,-32.93,-22.07,[],0,0,[],[]
21696210,21698750,FEM,FAN,11.08,633,XIC,RC,1,NT,FI,0.0,0,-34.29,-23.7,[],0,0,[],[]
21698750,21699750,MAL,MAN,2.36,633,XIC,RC,1,NT,FI,0.0,0,-39.56,-31.55,[],0,0,[],[]
21699750,21700870,NA,TVF,0.0,633,XIC,NA,NA,NA,NA,0.0,0,-48.35,-38.32,[],0,0,[],[]
21700870,21702400,MAL,MAN,9.05,633,XIC,RC,1,NT,FH,0.0,0,-29.23,-20.93,[],0,0,[],[]
21702400,21703400,NA,TVF,0.0,633,XIC,NA,NA,NA,NA,0.0,0,-45.32,-34.57,[],0,0,[],[]
21703400,21704400,MAL,MAN,6.67,633,XIC,RC,1,TIMI,FH,0.0,0,-31.07,-24.88,[],0,0,[],[]
21704400,21705330,NA,OLN,0.0,633,XIC,NA,NA,NA,NA,0.0,0,-22.42,-12.24,[],0,0,[],[]
21705330,21707640,CHI,CHN,0.0,633,XIC,RC,2,TIMR,FI,2.0,1260,-21.57,-8.96,"[{'Canonical-syllable': '0', 'Growl': '0', 'High-freq-energy': '0', 'Long-island': '0', 'Low-tilt-spectrum': '0', 'Medium-island': '0', 'Short-island': '0', 'Squeal': '0', 'Typical-entropy': '1', 'Voicing-quality': '1', 'Wide-band': '0', 'Xlong-island': '0', 'seq': '1', 'end': 21705.44, 'start': 21705.33}, {'Canonical-syllable': '1', 'Growl': '0', 'High-freq-energy': '0', 'Long-island': '0', 'Low-tilt-spectrum': '0', 'Medium-island': '0', 'Short-island': '2', 'Squeal': '0', 'Typical-entropy': '4', 'Voicing-quality': '4', 'Wide-band': '0', 'Xlong-island': '0', 'seq': '2', 'end': 21707.64, 'start': 21706.49}]",0,0,[],[]
21707640,21708440,NA,NOF,0.0,633,XIC,NA,NA,NA,NA,0.0,0,-29.48,-15.82,[],0,0,[],[]
21708440,21709540,NA,OLN,0.0,633,XIC,NA,NA,NA,NA,0.0,0,-25.76,-12.47,[],0,0,[],[]
21709540,21710370,NA,NOF,0.0,633,XIC,NA,NA,NA,NA,0.0,0,-34.3,-23.16,[],0,0,[],[]
21710370,21711600,CHI,CHN,0.0,633,XIC,RC,2,NT,FH,1.0,1230,-15.77,-9.69,"[{'Canonical-syllable': '0', 'Growl': '0', 'High-freq-energy': '0', 'Long-island': '1', 'Low-tilt-spectrum': '0', 'Medium-island': '1', 'Short-island': '0', 'Squeal': '1', 'Typical-entropy': '2', 'Voicing-quality': '2', 'Wide-band': '0', 'Xlong-island': '0', 'seq': '1', 'end': 21711.6, 'start': 21710.37}]",0,0,[],[]
21711600,21712570,NA,OLN,0.0,633,XIC,NA,NA,NA,NA,0.0,0,-29.33,-19.17,[],0,0,[],[]
21712570,21713460,OCH,CXN,0.0,633,XIC,RC,2,NT,FI,0.0,0,-27.79,-19.32,[],0,0,[],[]
21713460,21714630,NA,NOF,0.0,633,XIC,NA,NA,NA,NA,0.0,0,-42.5,-31.43,[],0,0,[],[]
21714630,21716210,OCH,CXN,0.0,633,XIC,EC,2,NT,FH,0.0,0,-35.4,-24.64,[],0,0,[],[]
21716210,21717310,NA,NOF,0.0,634,pause,NA,NA,NA,NA,0.0,0,-44.5,-34.5,[],0,0,[],[]
21717310,21721600,NA,OLN,0.0,634,pause,NA,NA,NA,NA,0.0,0,-21.72,-4.02,[],0,0,[],[]
21721600,21722790,OCH,CXN,0.0,634,XIOCAC,BC,0,NT,FI,0.0,0,-22.34,-6.34,[],0,0,[],[]
21722790,21723620,FEM,FAN,5.7,634,XIOCAC,RC,0,NT,FI,0.0,0,-28.5,-19.14,[],0,0,[],[]
21723620,21725060,OCH,CXN,0.0,634,XIOCAC,RC,0,NT,FI,0.0,0,-25.95,-13.94,[],0,0,[],[]
21725060,21726430,NA,OLN,0.0,634,XIOCAC,NA,NA,NA,NA,0.0,0,-16.28,-3.01,[],0,0,[],[]
21726430,21727230,OCH,CXN,0.0,634,XIOCAC,RC,0,NT,FH,0.0,0,-34.34,-27.61,[],0,0,[],[]
21727230,21727850,CHI,CHN,0.0,634,XIOCAC,EC,0,NT,FI,1.0,250,-24.2,-12.92,"[{'Canonical-syllable': '0', 'Growl': '0', 'High-freq-energy': '0', 'Long-island': '0', 'Low-tilt-spectrum': '1', 'Medium-island': '0', 'Short-island': '1', 'Squeal': '0', 'Typical-entropy': '1', 'Voicing-quality': '1', 'Wide-band': '0', 'Xlong-island': '0', 'seq': '1', 'end': 21727.85, 'start': 21727.6}]",0,0,[],[]
21727850,21731450,NA,NOF,0.0,635,pause,NA,NA,NA,NA,0.0,0,-39.69,-20.7,[],0,0,[],[]
21731450,21732250,NA,OLN,0.0,635,pause,NA,NA,NA,NA,0.0,0,-27.58,-14.58,[],0,0,[],[]
21732250,21733550,NA,NOF,0.0,635,pause,NA,NA,NA,NA,0.0,0,-44.72,-31.12,[],0,0,[],[]
21733550,21734220,NA,OLN,0.0,635,pause,NA,NA,NA,NA,0.0,0,-19.1,-7.22,[],0,0,[],[]
21734220,21735020,NA,NON,0.0,635,pause,NA,NA,NA,NA,0.0,0,-37.83,-25.91,[],0,0,[],[]
21735020,21735820,OCH,CXN,0.0,635,XIOCC,BC,0,NT,FI,0.0,0,-29.47,-21.77,[],0,0,[],[]
21735820,21736650,NA,OLN,0.0,635,XIOCC,NA,NA,NA,NA,0.0,0,-27.02,-13.61,[],0,0,[],[]
21736650,21738330,OCH,CXN,0.0,635,XIOCC,RC,0,NT,FH,0.0,0,-18.3,-12.23,[],0,0,[],[]
21738330,21740950,NA,NOF,0.0,635,XIOCC,NA,NA,NA,NA,0.0,0,-26.19,-4.75,[],0,0,[],[]
21740950,21741950,OCH,CXN,0.0,635,XIOCC,RC,0,NT,FH,0.0,0,-20.85,-12.48,[],0,0,[],[]
21741950,21742810,CHI,CHN,0.0,635,XIOCC,RC,0,NT,FI,1.0,860,-23.94,-15.84,"[{'Canonical-syllable': '0', 'Growl': '1', 'High-freq-energy': '1', 'Long-island': '0', 'Low-tilt-spectrum': '1', 'Medium-island': '1', 'Short-island': '1', 'Squeal': '0', 'Typical-entropy': '2', 'Voicing-quality': '1', 'Wide-band': '0', 'Xlong-island': '0', 'seq': '1', 'end': 21742.81, 'start': 21741.95}]",0,0,[],[]
21742810,21743810,OCH,CXN,0.0,635,XIOCC,RC,0,NT,FI,0.0,0,-28.55,-20.59,[],0,0,[],[]
21743810,21745580,NA,NOF,0.0,635,XIOCC,NA,NA,NA,NA,0.0,0,-39.49,-24.13,[],0,0,[],[]
21745580,21746850,CHI,CHN,0.0,635,XIOCC,EC,0,NT,FI,2.0,540,-21.14,-5.38,"[{'Canonical-syllable': '1', 'Growl': '0', 'High-freq-energy': '0', 'Long-island': '0', 'Low-tilt-spectrum': '0', 'Medium-island': '1', 'Short-island': '0', 'Squeal': '0', 'Typical-entropy': '0', 'Voicing-quality': '1', 'Wide-band': '0', 'Xlong-island': '0', 'seq': '1', 'end': 21745.94, 'start': 21745.58}, {'Canonical-syllable': '0', 'Growl': '0', 'High-freq-energy': '0', 'Long-island': '0', 'Low-tilt-spectrum': '0', 'Medium-island': '0', 'Short-island': '1', 'Squeal': '1', 'Typical-entropy': '0', 'Voicing-quality': '1', 'Wide-band': '0', 'Xlong-island': '0', 'seq': '2', 'end': 21746.85, 'start': 21746.67}]",0,0,[],[]
21746850,21747870,NA,NOF,0.0,636,pause,NA,NA,NA,NA,0.0,0,-45.67,-32.48,[],0,0,[],[]
21747870,21748670,NA,OLN,0.0,636,pause,NA,NA,NA,NA,0.0,0,-20.21,-3.6,[],0,0,[],[]
21748670,21749620,NA,NOF,0.0,636,pause,NA,NA,NA,NA,0.0,0,-22.52,-5.63,[],0,0,[],[]
21749620,21750600,NA,OLN,0.0,636,pause,NA,NA,NA,NA,0.0,0,-22.63,-4.87,[],0,0,[],[]
21750600,21752050,NA,NOF,0.0,636,pause,NA,NA,NA,NA,0.0,0,-35.77,-22.24,[],0,0,[],[]
21752050,21752660,CHI,CHN,0.0,636,CM,EC,0,NT,FI,1.0,100,-24.96,-12.78,"[{'Canonical-syllable': '0', 'Growl': '0', 'High-freq-energy': '0', 'Long-island': '0', 'Low-tilt-spectrum': '0', 'Medium-island': '0', 'Short-island': '0', 'Squeal': '0', 'Typical-entropy': '1', 'Voicing-quality': '1', 'Wide-band': '0', 'Xlong-island': '0', 'seq': '1', 'end': 21752.15, 'start': 21752.05}]",0,0,[],[]
21752660,21756170,NA,NOF,0.0,637,pause,NA,NA,NA,NA,0.0,0,-27.54,-8.82,[],0,0,[],[]
21756170,21758910,NA,OLN,0.0,637,pause,NA,NA,NA,NA,0.0,0,-29.15,-17.03,[],0,0,[],[]
21758910,21759710,NA,NOF,0.0,637,pause,NA,NA,NA,NA,0.0,0,-39.06,-29.71,[],0,0,[],[]
21759710,21761200,NA,OLF,0.0,637,pause,NA,NA,NA,NA,0.0,0,-38.08,-29.41,[],0,0,[],[]
21761200,21762200,MAL,MAN,6.32,637,AMM,BC,0,NT,FI,0.0,0,-25.77,-17.58,[],0,0,[],[]
21762200,21763110,NA,NOF,0.0,637,AMM,NA,NA,NA,NA,0.0,0,-33.18,-22.02,[],0,0,[],[]
21763110,21764250,NA,OLN,0.0,637,AMM,NA,NA,NA,NA,0.0,0,-33.29,-23.17,[],0,0,[],[]
21764250,21766060,FEM,FAN,8.27,637,AMM,EC,0,NT,FI,0.0,0,-32.48,-21.76,[],0,0,[],[]
21766060,21766910,NA,OLF,0.0,638,pause,NA,NA,NA,NA,0.0,0,-32.05,-21.03,[],0,0,[],[]
21766910,21769090,NA,NOF,0.0,638,pause,NA,NA,NA,NA,0.0,0,-36.82,-23.26,[],0,0,[],[]
21769090,21770400,CHI,CHN,0.0,638,pause,NA,NA,NA,NA,0.0,0,-14.04,-6.49,[],0,1180,"[{'start': 21769.09, 'end': 21770.27}]",[]
21770400,21771450,NA,OLF,0.0,638,pause,NA,NA,NA,NA,0.0,0,-38.6,-28.33,[],0,0,[],[]
21771450,21772260,OCH,CXN,0.0,638,XIC,BC,0,NT,FI,0.0,0,-18.42,-10.89,[],0,0,[],[]
21772260,21773060,NA,OLN,0.0,638,XIC,NA,NA,NA,NA,0.0,0,-19.76,-3.93,[],0,0,[],[]
21773060,21774440,FEM,FAN,9.51,638,XIC,RC,0,NT,FI,0.0,0,-32.71,-19.94,[],0,0,[],[]
21774440,21775770,NA,SIL,0.0,638,XIC,NA,NA,NA,NA,0.0,0,-51.0,-44.74,[],0,0,[],[]
21775770,21776570,OCH,CXN,0.0,638,XIC,RC,0,NT,FI,0.0,0,-27.63,-15.43,[],0,0,[],[]
21776570,21777580,NA,FAF,0.0,638,XIC,NA,NA,NA,NA,0.0,0,-45.01,-33.19,[],0,0,[],[]
21777580,21778380,NA,OLN,0.0,638,XIC,NA,NA,NA,NA,0.0,0,-18.52,-9.9,[],0,0,[],[]
21778380,21779180,OCH,CXN,0.0,638,XIC,RC,0,NT,FH,0.0,0,-27.1,-18.14,[],0,0,[],[]
21779180,21780000,NA,SIL,0.0,638,XIC,NA,NA,NA,NA,0.0,0,-53.6,-49.72,[],0,0,[],[]
21780000,21781630,OCH,CXN,0.0,638,XIC,RC,0,NT,FH,0.0,0,-37.82,-27.01,[],0,0,[],[]
21781630,21782530,NA,SIL,0.0,638,XIC,NA,NA,NA,NA,0.0,0,-51.28,-43.27,[],0,0,[],[]
21782530,21783340,NA,OLF,0.0,638,XIC,NA,NA,NA,NA,0.0,0,-43.31,-34.72,[],0,0,[],[]
21783340,21784270,NA,NOF,0.0,638,XIC,NA,NA,NA,NA,0.0,0,-47.81,-42.1,[],0,0,[],[]
21784270,21785450,FEM,FAN,2.49,638,XIC,RC,0,TIFI,FI,0.0,0,-30.32,-19.84,[],0,0,[],[]
21785450,21786050,CHI,CHN,0.0,638,XIC,RC,1,TIFR,FI,1.0,600,-20.69,-13.22,"[{'Canonical-syllable': '1', 'Growl': '0', 'High-freq-energy': '0', 'Long-island': '0', 'Low-tilt-spectrum': '0', 'Medium-island': '0', 'Short-island': '2', 'Squeal': '0', 'Typical-entropy': '1', 'Voicing-quality': '2', 'Wide-band': '0', 'Xlong-island': '0', 'seq': '1', 'end': 21786.05, 'start': 21785.45}]",0,0,[],[]
21786050,21787310,OCH,CXN,0.0,638,XIC,RC,1,NT,FI,0.0,0,-29.79,-20.44,[],0,0,[],[]
21787310,21788730,NA,OLF,0.0,638,XIC,NA,NA,NA,NA,0.0,0,-48.72,-34.71,[],0,0,[],[]
21788730,21790230,OCH,CXN,0.0,638,XIC,RC,1,NT,FH,0.0,0,-27.33,-18.67,[],0,0,[],[]
21790230,21790840,CHI,CHN,0.0,638,XIC,RC,1,NT,FI,1.0,610,-37.02,-29.4,"[{'Canonical-syllable': '1', 'Growl': '1', 'High-freq-energy': '0', 'Long-island': '0', 'Low-tilt-spectrum': '1', 'Medium-island': '0', 'Short-island': '1', 'Squeal': '0', 'Typical-entropy': '0', 'Voicing-quality': '1', 'Wide-band': '0', 'Xlong-island': '0', 'seq': '1', 'end': 21790.84, 'start': 21790.31}]",0,0,[],[]
21790840,21792010,NA,NOF,0.0,638,XIC,NA,NA,NA,NA,0.0,0,-49.78,-45.3,[],0,0,[],[]
21792010,21792850,NA,OLN,0.0,638,XIC,NA,NA,NA,NA,0.0,0,-27.85,-16.91,[],0,0,[],[]
21792850,21794270,OCH,CXN,0.0,638,XIC,RC,1,NT,FI,0.0,0,-25.64,-15.98,[],0,0,[],[]
21794270,21795410,OCH,CXN,0.0,638,XIC,EC,1,NT,FH,0.0,0,-26.93,-15.91,[],0,0,[],[]
21795410,21798220,NA,NOF,0.0,639,pause,NA,NA,NA,NA,0.0,0,-37.28,-20.21,[],0,0,[],[]
21798220,21799840,NA,OLN,0.0,639,pause,NA,NA,NA,NA,0.0,0,-32.25,-23.82,[],0,0,[],[]
21799840,21800660,NA,NOF,0.0,639,pause,NA,NA,NA,NA,0.0,0,-47.2,-39.73,[],0,0,[],[]
21800660,21801790,OCH,CXN,0.0,639,XIOCA,BC,0,NT,FI,0.0,0,-34.84,-27.27,[],0,0,[],[]
21801790,21802900,FEM,FAN,5.49,639,XIOCA,RC,0,NT,FI,0.0,0,-36.82,-29.21,[],0,0,[],[]
21802900,21803700,NA,OLN,0.0,639,XIOCA,NA,NA,NA,NA,0.0,0,-34.97,-28.89,[],0,0,[],[]
21803700,21806420,NA,NOF,0.0,639,XIOCA,NA,NA,NA,NA,0.0,0,-47.24,-36.44,[],0,0,[],[]
21806420,21807430,FEM,FAN,4.65,639,XIOCA,RC,0,NT,FH,0.0,0,-28.88,-18.74,[],0,0,[],[]
21807430,21808230,OCH,CXN,0.0,639,XIOCA,RC,0,NT,FI,0.0,0,-27.16,-17.32,[],0,0,[],[]
21808230,21809250,FEM,FAN,4.92,639,XIOCA,RC,0,NT,FI,0.0,0,-38.48,-26.97,[],0,0,[],[]
21809250,21810120,NA,NOF,0.0,639,XIOCA,NA,NA,NA,NA,0.0,0,-45.03,-34.64,[],0,0,[],[]
21810120,21811380,NA,OLN,0.0,639,XIOCA,NA,NA,NA,NA,0.0,0,-32.97,-23.32,[],0,0,[],[]
21811380,21812650,MAL,MAN,7.35,639,XIOCA,RC,0,NT,FI,0.0,0,-38.39,-30.61,[],0,0,[],[]
21812650,21816190,FEM,FAN,12.33,639,XIOCA,EC,0,NT,FI,0.0,0,-38.67,-28.57,[],0,0,[],[]
21816190,21816990,NA,NOF,0.0,640,pause,NA,NA,NA,NA,0.0,0,-48.92,-42.83,[],0,0,[],[]
21816990,21819320,NA,SIL,0.0,640,pause,NA,NA,NA,NA,0.0,0,-47.48,-34.42,[],0,0,[],[]
21819320,21820650,NA,FAF,0.0,640,pause,NA,NA,NA,NA,0.0,0,-44.38,-37.59,[],0,0,[],[]
21820650,21821450,NA,SIL,0.0,640,pause,NA,NA,NA,NA,0.0,0,-56.79,-46.88,[],0,0,[],[]
21821450,21822850,NA,FAF,0.0,640,pause,NA,NA,NA,NA,0.0,0,-43.38,-37.25,[],0,0,[],[]
21822850,21827700,NA,SIL,0.0,640,pause,NA,NA,NA,NA,0.0,0,-50.07,-35.04,[],0,0,[],[]
21827700,21829440,MAL,MAN,10.45,640,AIOCM,BC,0,NT,FI,0.0,0,-36.9,-28.71,[],0,0,[],[]
21829440,21830510,NA,FAF,0.0,640,AIOCM,NA,NA,NA,NA,0.0,0,-45.31,-35.7,[],0,0,[],[]
21830510,21831360,OCH,CXN,0.0,640,AIOCM,EC,0,NT,FI,0.0,0,-40.25,-33.41,[],0,0,[],[]
21831360,21833200,NA,SIL,0.0,641,pause,NA,NA,NA,NA,0.0,0,-58.43,-46.28,[],0,0,[],[]
21833200,21834920,NA,MAF,0.0,641,pause,NA,NA,NA,NA,0.0,0,-40.74,-30.34,[],0,0,[],[]
21834920,21836640,NA,SIL,0.0,641,pause,NA,NA,NA,NA,0.0,0,-52.64,-44.26,[],0,0,[],[]
21836640,21837640,FEM,FAN,5.79,641,AMF,BC,0,NT,FI,0.0,0,-40.19,-32.17,[],0,0,[],[]
21837640,21838640,MAL,MAN,1.04,641,AMF,RC,0,NT,FI,0.0,0,-41.1,-33.75,[],0,0,[],[]
21838640,21839440,NA,NOF,0.0,641,AMF,NA,NA,NA,NA,0.0,0,-47.54,-40.12,[],0,0,[],[]
21839440,21840260,NA,OLF,0.0,641,AMF,NA,NA,NA,NA,0.0,0,-37.61,-29.37,[],0,0,[],[]
21840260,21841260,FEM,FAN,2.17,641,AMF,EC,0,NT,FI,0.0,0,-32.54,-21.39,[],0,0,[],[]
21841260,21842200,NA,NOF,0.0,642,pause,NA,NA,NA,NA,0.0,0,-43.1,-31.69,[],0,0,[],[]
21842200,21843350,NA,TVF,0.0,642,pause,NA,NA,NA,NA,0.0,0,-39.7,-28.08,[],0,0,[],[]
21843350,21844450,NA,FAF,0.0,642,pause,NA,NA,NA,NA,0.0,0,-36.38,-27.04,[],0,0,[],[]
21844450,21847190,NA,OLN,0.0,642,pause,NA,NA,NA,NA,0.0,0,-35.2,-24.33,[],0,0,[],[]
21847190,21848290,NA,MAF,0.0,642,pause,NA,NA,NA,NA,0.0,0,-45.4,-38.27,[],0,0,[],[]
21848290,21849630,NA,TVF,0.0,642,pause,NA,NA,NA,NA,0.0,0,-41.62,-34.59,[],0,0,[],[]
21849630,21850430,NA,OLF,0.0,642,pause,NA,NA,NA,NA,0.0,0,-30.42,-16.73,[],0,0,[],[]
21850430,21855010,NA,TVF,0.0,642,pause,NA,NA,NA,NA,0.0,0,-43.15,-34.82,[],0,0,[],[]
21855010,21856630,NA,OLF,0.0,642,pause,NA,NA,NA,NA,0.0,0,-38.36,-28.53,[],0,0,[],[]
21856630,21857630,NA,TVN,0.0,642,pause,NA,NA,NA,NA,0.0,0,-29.86,-19.6,[],0,0,[],[]
21857630,21858460,NA,OLF,0.0,642,pause,NA,NA,NA,NA,0.0,0,-22.2,-13.2,[],0,0,[],[]
21858460,21861100,NA,TVF,0.0,642,pause,NA,NA,NA,NA,0.0,0,-37.82,-27.16,[],0,0,[],[]
21861100,21861930,NA,OLF,0.0,642,pause,NA,NA,NA,NA,0.0,0,-40.43,-30.11,[],0,0,[],[]
21861930,21863500,NA,TVN,0.0,642,pause,NA,NA,NA,NA,0.0,0,-42.97,-38.16,[],0,0,[],[]
21863500,21865130,NA,OLN,0.0,642,pause,NA,NA,NA,NA,0.0,0,-29.36,-15.06,[],0,0,[],[]
21865130,21866320,MAL,MAN,6.54,642,AMM,BC,0,NT,FI,0.0,0,-27.98,-17.69,[],0,0,[],[]
21866320,21868240,NA,OLN,0.0,642,AMM,NA,NA,NA,NA,0.0,0,-35.91,-27.55,[],0,0,[],[]
21868240,21869530,MAL,MAN,7.52,642,AMM,EC,0,NT,FH,0.0,0,-30.55,-17.98,[],0,0,[],[]
21869530,21870330,NA,NOF,0.0,643,pause,NA,NA,NA,NA,0.0,0,-41.11,-31.23,[],0,0,[],[]
21870330,21872570,NA,OLN,0.0,643,pause,NA,NA,NA,NA,0.0,0,-18.81,-3.14,[],0,0,[],[]
21872570,21876490,NA,CXF,0.0,643,pause,NA,NA,NA,NA,0.0,0,-39.74,-26.13,[],0,0,[],[]
21876490,21878140,NA,OLN,0.0,643,pause,NA,NA,NA,NA,0.0,0,-22.67,-7.47,[],0,0,[],[]
21878140,21879260,NA,FAF,0.0,643,pause,NA,NA,NA,NA,0.0,0,-42.14,-26.23,[],0,0,[],[]
21879260,21880680,NA,CXF,0.0,643,pause,NA,NA,NA,NA,0.0,0,-47.73,-42.11,[],0,0,[],[]
21880680,21882750,FEM,FAN,7.51,643,AICF,BC,0,NT,FI,0.0,0,-35.42,-23.95,[],0,0,[],[]
21882750,21883550,NA,CXF,0.0,643,AICF,NA,NA,NA,NA,0.0,0,-40.31,-32.62,[],0,0,[],[]
21883550,21884560,FEM,FAN,5.86,643,AICF,RC,0,NT,FH,0.0,0,-38.92,-29.28,[],0,0,[],[]
21884560,21885480,NA,OLF,0.0,643,AICF,NA,NA,NA,NA,0.0,0,-38.56,-27.88,[],0,0,[],[]
21885480,21887490,NA,CXF,0.0,643,AICF,NA,NA,NA,NA,0.0,0,-49.8,-38.45,[],0,0,[],[]
21887490,21888780,MAL,MAN,6.93,643,AICF,RC,0,NT,FI,0.0,0,-29.59,-22.35,[],0,0,[],[]
21888780,21891480,FEM,FAN,8.19,643,AICF,RC,0,NT,FI,0.0,0,-34.63,-20.28,[],0,0,[],[]
21891480,21892370,OCH,CXN,0.0,643,AICF,RC,0,NT,FI,0.0,0,-31.82,-21.55,[],0,0,[],[]
21892370,21893450,NA,OLF,0.0,643,AICF,NA,NA,NA,NA,0.0,0,-38.81,-28.82,[],0,0,[],[]
21893450,21895310,OCH,CXN,0.0,643,AICF,RC,0,NT,FH,0.0,0,-28.14,-17.97,[],0,0,[],[]
21895310,21896310,NA,CXF,0.0,643,AICF,NA,NA,NA,NA,0.0,0,-49.55,-42.19,[],0,0,[],[]
21896310,21897770,FEM,FAN,4.72,643,AICF,RC,0,NT,FI,0.0,0,-31.46,-20.63,[],0,0,[],[]
21897770,21898590,NA,TVF,0.0,643,AICF,NA,NA,NA,NA,0.0,0,-48.03,-42.68,[],0,0,[],[]
21898590,21899390,OCH,CXN,0.0,643,AICF,RC,0,NT,FI,0.0,0,-30.24,-22.42,[],0,0,[],[]
21899390,21900730,FEM,FAN,3.55,643,AICF,RC,0,TIFI,FI,0.0,0,-32.85,-26.37,[],0,0,[],[]
21900730,21901350,CHI,CHN,0.0,643,AICF,RC,1,TIFR,FI,1.0,620,-20.82,-17.42,"[{'Canonical-syllable': '0', 'Growl': '0', 'High-freq-energy': '0', 'Long-island': '0', 'Low-tilt-spectrum': '0', 'Medium-island': '1', 'Short-island': '0', 'Squeal': '0', 'Typical-entropy': '0', 'Voicing-quality': '1', 'Wide-band': '0', 'Xlong-island': '0', 'seq': '1', 'end': 21901.35, 'start': 21900.73}]",0,0,[],[]
21901350,21903200,FEM,FAN,7.67,643,AICF,RC,1,TIFE,FI,0.0,0,-26.89,-17.62,[],0,0,[],[]
21903200,21904070,OCH,CXN,0.0,643,AICF,RC,1,NT,FI,0.0,0,-29.21,-19.86,[],0,0,[],[]
21904070,21905960,FEM,FAN,6.78,643,AICF,RC,1,NT,FI,0.0,0,-30.38,-22.01,[],0,0,[],[]
21905960,21906760,OCH,CXN,0.0,643,AICF,RC,1,NT,FI,0.0,0,-38.28,-22.4,[],0,0,[],[]
21906760,21907760,FEM,FAN,2.59,643,AICF,RC,1,NT,FI,0.0,0,-26.86,-14.5,[],0,0,[],[]
21907760,21909010,NA,OLN,0.0,643,AICF,NA,NA,NA,NA,0.0,0,-31.99,-21.61,[],0,0,[],[]
21909010,21910020,FEM,FAN,1.35,643,AICF,RC,1,NT,FH,0.0,0,-26.77,-16.02,[],0,0,[],[]
21910020,21910820,OCH,CXN,0.0,643,AICF,RC,1,NT,FI,0.0,0,-31.17,-23.46,[],0,0,[],[]
21910820,21911890,FEM,FAN,0.0,643,AICF,NA,NA,NA,NA,0.0,0,-34.56,-27.42,[],1070,0,[],[]
21911890,21912960,MAL,MAN,6.1,643,AICF,RC,1,TIMI,FI,0.0,0,-32.07,-23.85,[],0,0,[],[]
21912960,21913780,NA,OLF,0.0,643,AICF,NA,NA,NA,NA,0.0,0,-44.15,-39.75,[],0,0,[],[]
21913780,21915340,CHI,CHN,0.0,643,AICF,RC,2,TIMR,FI,1.0,1560,-15.02,-3.59,"[{'Canonical-syllable': '2', 'Growl': '0', 'High-freq-energy': '0', 'Long-island': '0', 'Low-tilt-spectrum': '1', 'Medium-island': '2', 'Short-island': '2', 'Squeal': '1', 'Typical-entropy': '2', 'Voicing-quality': '4', 'Wide-band': '0', 'Xlong-island': '0', 'seq': '1', 'end': 21915.34, 'start': 21913.78}]",0,0,[],[]
21915340,21915950,CHI,CHN,0.0,643,AICF,RC,2,NT,FH,1.0,360,-21.68,-14.54,"[{'Canonical-syllable': '1', 'Growl': '0', 'High-freq-energy': '0', 'Long-island': '0', 'Low-tilt-spectrum': '0', 'Medium-island': '1', 'Short-island': '0', 'Squeal': '0', 'Typical-entropy': '1', 'Voicing-quality': '1', 'Wide-band': '0', 'Xlong-island': '0', 'seq': '1', 'end': 21915.7, 'start': 21915.34}]",0,0,[],[]
21915950,21916980,CHI,CHN,0.0,643,AICF,RC,2,NT,FH,1.0,300,-23.8,-12.53,"[{'Canonical-syllable': '1', 'Growl': '0', 'High-freq-energy': '0', 'Long-island': '0', 'Low-tilt-spectrum': '0', 'Medium-island': '1', 'Short-island': '0', 'Squeal': '0', 'Typical-entropy': '1', 'Voicing-quality': '1', 'Wide-band': '0', 'Xlong-island': '0', 'seq': '1', 'end': 21916.98, 'start': 21916.68}]",0,0,[],[]
21916980,21917680,CHI,CHN,0.0,643,AICF,RC,2,NT,FH,1.0,700,-17.81,-12.76,"[{'Canonical-syllable': '0', 'Growl': '0', 'High-freq-energy': '0', 'Long-island': '0', 'Low-tilt-spectrum': '0', 'Medium-island': '1', 'Short-island': '1', 'Squeal': '0', 'Typical-entropy': '1', 'Voicing-quality': '2', 'Wide-band': '0', 'Xlong-island': '0', 'seq': '1', 'end': 21917.68, 'start': 21916.98}]",0,0,[],[]
21917680,21918710,MAL,MAN,5.39,643,AICF,RC,2,TIMI,FI,0.0,0,-28.52,-18.07,[],0,0,[],[]
21918710,21919370,CHI,CHN,0.0,643,AICF,NA,NA,NA,NA,0.0,0,-13.62,-8.42,[],0,660,"[{'start': 21918.71, 'end': 21919.37}]",[]
21919370,21920420,CHI,CHN,0.0,643,AICF,NA,NA,NA,NA,0.0,0,-16.06,-7.97,[],0,890,"[{'start': 21919.53, 'end': 21920.42}]",[]
21920420,21921530,NA,OLN,0.0,643,AICF,NA,NA,NA,NA,0.0,0,-31.93,-17.87,[],0,0,[],[]
21921530,21922200,CHI,CHN,0.0,643,AICF,RC,3,TIMR,FI,1.0,670,-15.34,-11.51,"[{'Canonical-syllable': '1', 'Growl': '0', 'High-freq-energy': '0', 'Long-island': '0', 'Low-tilt-spectrum': '1', 'Medium-island': '1', 'Short-island': '0', 'Squeal': '0', 'Typical-entropy': '2', 'Voicing-quality': '2', 'Wide-band': '0', 'Xlong-island': '0', 'seq': '1', 'end': 21922.2, 'start': 21921.53}]",0,0,[],[]
21922200,21924970,FEM,FAN,12.35,643,AICF,RC,3,TIFI,FI,0.0,0,-20.47,-12.34,[],0,0,[],[]
21924970,21925950,NA,OLN,0.0,643,AICF,NA,NA,NA,NA,0.0,0,-30.28,-22.09,[],0,0,[],[]
21925950,21926570,CHI,CHN,0.0,643,AICF,RC,4,TIFR,FI,1.0,620,-15.95,-11.68,"[{'Canonical-syllable': '1', 'Growl': '0', 'High-freq-energy': '1', 'Long-island': '0', 'Low-tilt-spectrum': '1', 'Medium-island': '1', 'Short-island': '0', 'Squeal': '0', 'Typical-entropy': '1', 'Voicing-quality': '1', 'Wide-band': '0', 'Xlong-island': '0', 'seq': '1', 'end': 21926.57, 'start': 21926.11}]",0,0,[],[]
21926570,21928370,NA,OLN,0.0,643,AICF,NA,NA,NA,NA,0.0,0,-28.77,-8.64,[],0,0,[],[]
21928370,21929060,CHI,CHN,0.0,643,AICF,RC,4,NT,FH,1.0,690,-14.61,-10.31,"[{'Canonical-syllable': '0', 'Growl': '0', 'High-freq-energy': '0', 'Long-island': '1', 'Low-tilt-spectrum': '0', 'Medium-island': '0', 'Short-island': '0', 'Squeal': '0', 'Typical-entropy': '1', 'Voicing-quality': '1', 'Wide-band': '0', 'Xlong-island': '0', 'seq': '1', 'end': 21929.06, 'start': 21928.37}]",0,0,[],[]
21929060,21931330,NA,OLN,0.0,643,AICF,NA,NA,NA,NA,0.0,0,-19.77,-5.56,[],0,0,[],[]
21931330,21932240,OCH,CXN,0.0,643,AICF,RC,4,NT,FI,0.0,0,-15.24,-6.38,[],0,0,[],[]
21932240,21934220,NA,OLN,0.0,643,AICF,NA,NA,NA,NA,0.0,0,-27.8,-19.23,[],0,0,[],[]
21934220,21934820,CHI,CHN,0.0,643,AICF,RC,4,NT,FI,1.0,600,-15.66,-9.89,"[{'Canonical-syllable': '1', 'Growl': '0', 'High-freq-energy': '0', 'Long-island': '0', 'Low-tilt-spectrum': '0', 'Medium-island': '1', 'Short-island': '0', 'Squeal': '0', 'Typical-entropy': '1', 'Voicing-quality': '1', 'Wide-band': '0', 'Xlong-island': '0', 'seq': '1', 'end': 21934.82, 'start': 21934.22}]",0,0,[],[]
21934820,21936180,NA,OLN,0.0,643,AICF,NA,NA,NA,NA,0.0,0,-28.97,-18.14,[],0,0,[],[]
21936180,21936940,CHI,CHN,0.0,643,AICF,NA,NA,NA,NA,0.0,0,-14.62,-9.02,[],0,760,"[{'start': 21936.18, 'end': 21936.94}]",[]
21936940,21937850,OCH,CXN,0.0,643,AICF,RC,4,NT,FI,0.0,0,-20.82,-11.59,[],0,0,[],[]
21937850,21938750,CHI,CHN,0.0,643,AICF,RC,4,NT,FI,1.0,900,-14.12,-8.33,"[{'Canonical-syllable': '0', 'Growl': '0', 'High-freq-energy': '1', 'Long-island': '1', 'Low-tilt-spectrum': '1', 'Medium-island': '0', 'Short-island': '0', 'Squeal': '0', 'Typical-entropy': '1', 'Voicing-quality': '1', 'Wide-band': '0', 'Xlong-island': '0', 'seq': '1', 'end': 21938.75, 'start': 21937.85}]",0,0,[],[]
21938750,21939730,OCH,CXN,0.0,643,AICF,RC,4,NT,FI,0.0,0,-15.51,-8.72,[],0,0,[],[]
21939730,21940430,CHI,CHN,0.0,643,AICF,RC,4,NT,FI,1.0,700,-14.76,-9.98,"[{'Canonical-syllable': '0', 'Growl': '0', 'High-freq-energy': '0', 'Long-island': '1', 'Low-tilt-spectrum': '0', 'Medium-island': '0', 'Short-island': '0', 'Squeal': '0', 'Typical-entropy': '1', 'Voicing-quality': '1', 'Wide-band': '0', 'Xlong-island': '0', 'seq': '1', 'end': 21940.43, 'start': 21939.73}]",0,0,[],[]
21940430,21941230,OCH,CXN,0.0,643,AICF,RC,4,NT,FI,0.0,0,-21.19,-11.13,[],0,0,[],[]
21941230,21943430,NA,OLN,0.0,643,AICF,NA,NA,NA,NA,0.0,0,-22.15,-7.39,[],0,0,[],[]
21943430,21945850,OCH,CXN,0.0,643,AICF,RC,4,NT,FH,0.0,0,-15.49,-7.25,[],0,0,[],[]
21945850,21946460,CHI,CHN,0.0,643,AICF,NA,NA,NA,NA,0.0,0,-15.37,-10.8,[],0,610,"[{'start': 21945.85, 'end': 21946.46}]",[]
21946460,21947910,OCH,CXN,0.0,643,AICF,RC,4,NT,FH,0.0,0,-25.89,-13.45,[],0,0,[],[]
21947910,21948710,NA,OLF,0.0,643,AICF,NA,NA,NA,NA,0.0,0,-40.09,-27.18,[],0,0,[],[]
21948710,21949310,CHI,CHN,0.0,643,AICF,RC,4,NT,FI,1.0,600,-13.85,-11.31,"[{'Canonical-syllable': '1', 'Growl': '0', 'High-freq-energy': '0', 'Long-island': '0', 'Low-tilt-spectrum': '1', 'Medium-island': '1', 'Short-island': '0', 'Squeal': '0', 'Typical-entropy': '0', 'Voicing-quality': '1', 'Wide-band': '0', 'Xlong-island': '0', 'seq': '1', 'end': 21949.31, 'start': 21948.71}]",0,0,[],[]
21949310,21950110,OCH,CXN,0.0,643,AICF,RC,4,NT,FI,0.0,0,-18.65,-10.81,[],0,0,[],[]
21950110,21950910,NA,OLN,0.0,643,AICF,NA,NA,NA,NA,0.0,0,-38.48,-29.71,[],0,0,[],[]
21950910,21951510,CHI,CHN,0.0,643,AICF,NA,NA,NA,NA,0.0,0,-11.47,-3.17,[],0,600,"[{'start': 21950.91, 'end': 21951.51}]",[]
21951510,21952310,OCH,CXN,0.0,643,AICF,RC,4,NT,FH,0.0,0,-15.08,-6.99,[],0,0,[],[]
21952310,21953460,CHI,CHN,0.0,643,AICF,RC,4,NT,FI,1.0,1150,-15.23,-7.69,"[{'Canonical-syllable': '0', 'Growl': '0', 'High-freq-energy': '0', 'Long-island': '0', 'Low-tilt-spectrum': '1', 'Medium-island': '2', 'Short-island': '0', 'Squeal': '1', 'Typical-entropy': '2', 'Voicing-quality': '2', 'Wide-band': '0', 'Xlong-island': '0', 'seq': '1', 'end': 21953.46, 'start': 21952.31}]",0,0,[],[]
21953460,21954570,CHI,CHN,0.0,643,AICF,RC,4,NT,FH,1.0,1110,-16.32,-8.5,"[{'Canonical-syllable': '0', 'Growl': '0', 'High-freq-energy': '0', 'Long-island': '1', 'Low-tilt-spectrum': '0', 'Medium-island': '0', 'Short-island': '0', 'Squeal': '1', 'Typical-entropy': '0', 'Voicing-quality': '2', 'Wide-band': '0', 'Xlong-island': '0', 'seq': '1', 'end': 21954.57, 'start': 21953.58}]",0,0,[],[]
21954570,21955680,OCH,CXN,0.0,643,AICF,RC,4,NT,FI,0.0,0,-27.24,-17.16,[],0,0,[],[]
21955680,21956800,OCH,CXN,0.0,643,AICF,RC,4,NT,FH,0.0,0,-18.21,-10.84,[],0,0,[],[]
21956800,21957670,NA,OLN,0.0,643,AICF,NA,NA,NA,NA,0.0,0,-33.88,-25.98,[],0,0,[],[]
21957670,21960150,MAL,MAN,11.27,643,AICF,RC,4,NT,FI,0.0,0,-25.04,-14.28,[],0,0,[],[]
21960150,21961520,OCH,CXN,0.0,643,AICF,RC,4,NT,FI,0.0,0,-23.45,-16.28,[],0,0,[],[]
21961520,21962520,FEM,FAN,2.11,643,AICF,EC,4,NT,FI,0.0,0,-35.46,-25.11,[],0,0,[],[]
21962520,21963990,NA,OLF,0.0,644,pause,NA,NA,NA,NA,0.0,0,-33.89,-23.31,[],0,0,[],[]
21963990,21965040,CHI,CHN,0.0,644,pause,NA,NA,NA,NA,0.0,0,-14.72,-6.29,[],0,690,"[{'start': 21964.35, 'end': 21965.04}]",[]
21965040,21965920,CHI,CHN,0.0,644,pause,NA,NA,NA,NA,0.0,0,-16.52,-8.19,[],0,880,"[{'start': 21965.04, 'end': 21965.92}]",[]
21965920,21966810,CHI,CHN,0.0,644,pause,NA,NA,NA,NA,0.0,0,-16.25,-4.2,[],0,890,"[{'start': 21965.92, 'end': 21966.81}]",[]
21966810,21968230,NA,OLN,0.0,644,pause,NA,NA,NA,NA,0.0,0,-31.6,-23.61,[],0,0,[],[]
21968230,21969290,OCH,CXN,0.0,644,XIOCC,BC,0,NT,FI,0.0,0,-25.23,-13.13,[],0,0,[],[]
21969290,21971670,NA,OLF,0.0,644,XIOCC,NA,NA,NA,NA,0.0,0,-40.54,-30.23,[],0,0,[],[]
21971670,21972270,CHI,CHN,0.0,644,XIOCC,EC,0,NT,FI,1.0,340,-16.21,-4.2,"[{'Canonical-syllable': '1', 'Growl': '0', 'High-freq-energy': '0', 'Long-island': '0', 'Low-tilt-spectrum': '1', 'Medium-island': '1', 'Short-island': '0', 'Squeal': '0', 'Typical-entropy': '1', 'Voicing-quality': '1', 'Wide-band': '0', 'Xlong-island': '0', 'seq': '1', 'end': 21972.01, 'start': 21971.67}]",0,0,[],[]
21972270,21973140,NA,OLF,0.0,645,pause,NA,NA,NA,NA,0.0,0,-33.37,-17.98,[],0,0,[],[]
21973140,21974900,NA,OLN,0.0,645,pause,NA,NA,NA,NA,0.0,0,-23.13,-7.36,[],0,0,[],[]
21974900,21975700,NA,OLF,0.0,645,pause,NA,NA,NA,NA,0.0,0,-30.32,-19.67,[],0,0,[],[]
21975700,21977980,NA,OLN,0.0,645,pause,NA,NA,NA,NA,0.0,0,-19.55,-3.79,[],0,0,[],[]
21977980,21978910,OCH,CXN,0.0,645,XIC,BC,0,NT,FI,0.0,0,-27.38,-20.29,[],0,0,[],[]
21978910,21981610,MAL,MAN,12.84,645,XIC,RC,0,NT,FI,0.0,0,-29.78,-17.37,[],0,0,[],[]
21981610,21983980,OCH,CXN,0.0,645,XIC,RC,0,NT,FI,0.0,0,-18.09,-9.21,[],0,0,[],[]
21983980,21984780,OCH,CXN,0.0,645,XIC,RC,0,NT,FH,0.0,0,-15.88,-7.1,[],0,0,[],[]
21984780,21985900,CHI,CHN,0.0,645,XIC,RC,0,NT,FI,1.0,1120,-17.31,-10.16,"[{'Canonical-syllable': '1', 'Growl': '0', 'High-freq-energy': '0', 'Long-island': '1', 'Low-tilt-spectrum': '0', 'Medium-island': '1', 'Short-island': '0', 'Squeal': '0', 'Typical-entropy': '2', 'Voicing-quality': '2', 'Wide-band': '0', 'Xlong-island': '0', 'seq': '1', 'end': 21985.9, 'start': 21984.78}]",0,0,[],[]
21985900,21986700,OCH,CXN,0.0,645,XIC,RC,0,NT,FI,0.0,0,-19.15,-13.19,[],0,0,[],[]
21986700,21987500,NA,OLN,0.0,645,XIC,NA,NA,NA,NA,0.0,0,-27.84,-20.87,[],0,0,[],[]
21987500,21988670,MAL,MAN,6.55,645,XIC,RC,0,NT,FI,0.0,0,-29.39,-19.48,[],0,0,[],[]
21988670,21989550,NA,OLN,0.0,645,XIC,NA,NA,NA,NA,0.0,0,-34.85,-28.39,[],0,0,[],[]
21989550,21990630,MAL,MAN,2.77,645,XIC,RC,0,NT,FH,0.0,0,-34.54,-27.06,[],0,0,[],[]
21990630,21991760,NA,FAF,0.0,645,XIC,NA,NA,NA,NA,0.0,0,-39.29,-30.4,[],0,0,[],[]
21991760,21993500,MAL,MAN,10.67,645,XIC,RC,0,NT,FH,0.0,0,-32.35,-23.28,[],0,0,[],[]
21993500,21994450,NA,OLF,0.0,645,XIC,NA,NA,NA,NA,0.0,0,-41.03,-26.64,[],0,0,[],[]
21994450,21995470,MAL,MAN,6.18,645,XIC,RC,0,NT,FH,0.0,0,-35.34,-28.58,[],0,0,[],[]
21995470,21996710,NA,OLF,0.0,645,XIC,NA,NA,NA,NA,0.0,0,-39.37,-28.25,[],0,0,[],[]
21996710,21997710,NA,TVF,0.0,645,XIC,NA,NA,NA,NA,0.0,0,-43.48,-32.7,[],0,0,[],[]
21997710,21999260,OCH,CXN,0.0,645,XIC,RC,0,NT,FI,0.0,0,-32.94,-22.2,[],0,0,[],[]
21999260,22001240,NA,NOF,0.0,645,XIC,NA,NA,NA,NA,0.0,0,-44.64,-36.21,[],0,0,[],[]
22001240,22002870,NA,OLN,0.0,645,XIC,NA,NA,NA,NA,0.0,0,-38.56,-28.49,[],0,0,[],[]
22002870,22003470,CHI,CHN,0.0,645,XIC,RC,0,TIFI,FI,1.0,600,-18.31,-12.62,"[{'Canonical-syllable': '1', 'Growl': '0', 'High-freq-energy': '0', 'Long-island': '0', 'Low-tilt-spectrum': '0', 'Medium-island': '1', 'Short-island': '0', 'Squeal': '0', 'Typical-entropy': '0', 'Voicing-quality': '1', 'Wide-band': '0', 'Xlong-island': '0', 'seq': '1', 'end': 22003.47, 'start': 22002.97}]",0,0,[],[]
22003470,22004470,FEM,FAN,2.9,645,XIC,RC,1,TIFR,FI,0.0,0,-23.97,-13.58,[],0,0,[],[]
22004470,22005350,OCH,CXN,0.0,645,XIC,RC,1,NT,FI,0.0,0,-33.67,-26.32,[],0,0,[],[]
22005350,22006540,CHI,CHN,0.0,645,XIC,RC,1,NT,FI,1.0,470,-24.22,-15.9,"[{'Canonical-syllable': '1', 'Growl': '0', 'High-freq-energy': '0', 'Long-island': '0', 'Low-tilt-spectrum': '0', 'Medium-island': '1', 'Short-island': '0', 'Squeal': '0', 'Typical-entropy': '1', 'Voicing-quality': '1', 'Wide-band': '0', 'Xlong-island': '0', 'seq': '1', 'end': 22006.16, 'start': 22005.69}]",0,0,[],[]
22006540,22007520,OCH,CXN,0.0,645,XIC,RC,1,NT,FI,0.0,0,-36.81,-29.37,[],0,0,[],[]
22007520,22008620,OCH,CXN,0.0,645,XIC,RC,1,NT,FH,0.0,0,-27.93,-20.25,[],0,0,[],[]
22008620,22009670,OCH,CXN,0.0,645,XIC,RC,1,NT,FH,0.0,0,-35.32,-29.02,[],0,0,[],[]
22009670,22010280,CHI,CHN,0.0,645,XIC,RC,1,NT,FI,1.0,220,-27.16,-20.57,"[{'Canonical-syllable': '0', 'Growl': '0', 'High-freq-energy': '0', 'Long-island': '0', 'Low-tilt-spectrum': '0', 'Medium-island': '0', 'Short-island': '1', 'Squeal': '0', 'Typical-entropy': '0', 'Voicing-quality': '1', 'Wide-band': '0', 'Xlong-island': '0', 'seq': '1', 'end': 22010.28, 'start': 22010.06}]",0,0,[],[]
22010280,22011330,CHI,CHN,0.0,645,XIC,RC,1,NT,FH,2.0,500,-20.99,-11.93,"[{'Canonical-syllable': '0', 'Growl': '0', 'High-freq-energy': '0', 'Long-island': '0', 'Low-tilt-spectrum': '0', 'Medium-island': '1', 'Short-island': '0', 'Squeal': '0', 'Typical-entropy': '0', 'Voicing-quality': '1', 'Wide-band': '0', 'Xlong-island': '0', 'seq': '1', 'end': 22010.62, 'start': 22010.28}, {'Canonical-syllable': '0', 'Growl': '0', 'High-freq-energy': '0', 'Long-island': '0', 'Low-tilt-spectrum': '0', 'Medium-island': '0', 'Short-island': '1', 'Squeal': '0', 'Typical-entropy': '1', 'Voicing-quality': '1', 'Wide-band': '0', 'Xlong-island': '0', 'seq': '2', 'end': 22011.13, 'start': 22010.97}]",0,0,[],[]
22011330,22011930,OCH,CXN,0.0,645,XIC,RC,1,NT,FI,0.0,0,-28.89,-21.82,[],0,0,[],[]
22011930,22012730,OCH,CXN,0.0,645,XIC,RC,1,NT,FH,0.0,0,-45.77,-32.82,[],0,0,[],[]
22012730,22013640,CHI,CHN,0.0,645,XIC,RC,1,NT,FI,1.0,650,-21.08,-12.1,"[{'Canonical-syllable': '1', 'Growl': '0', 'High-freq-energy': '0', 'Long-island': '0', 'Low-tilt-spectrum': '0', 'Medium-island': '1', 'Short-island': '1', 'Squeal': '0', 'Typical-entropy': '2', 'Voicing-quality': '2', 'Wide-band': '0', 'Xlong-island': '0', 'seq': '1', 'end': 22013.38, 'start': 22012.73}]",0,0,[],[]
22013640,22017870,CHI,CHN,0.0,645,XIC,RC,1,NT,FH,4.0,2230,-19.95,-8.48,"[{'Canonical-syllable': '0', 'Growl': '0', 'High-freq-energy': '0', 'Long-island': '0', 'Low-tilt-spectrum': '1', 'Medium-island': '0', 'Short-island': '1', 'Squeal': '0', 'Typical-entropy': '2', 'Voicing-quality': '2', 'Wide-band': '0', 'Xlong-island': '0', 'seq': '1', 'end': 22013.97, 'start': 22013.64}, {'Canonical-syllable': '1', 'Growl': '0', 'High-freq-energy': '0', 'Long-island': '0', 'Low-tilt-spectrum': '0', 'Medium-island': '1', 'Short-island': '2', 'Squeal': '0', 'Typical-entropy': '2', 'Voicing-quality': '5', 'Wide-band': '0', 'Xlong-island': '0', 'seq': '2', 'end': 22015.92, 'start': 22014.5}, {'Canonical-syllable': '1', 'Growl': '0', 'High-freq-energy': '0', 'Long-island': '0', 'Low-tilt-spectrum': '0', 'Medium-island': '0', 'Short-island': '1', 'Squeal': '0', 'Typical-entropy': '1', 'Voicing-quality': '2', 'Wide-band': '0', 'Xlong-island': '0', 'seq': '3', 'end': 22016.79, 'start': 22016.47}, {'Canonical-syllable': '1', 'Growl': '0', 'High-freq-energy': '0', 'Long-island': '0', 'Low-tilt-spectrum': '0', 'Medium-island': '0', 'Short-island': '1', 'Squeal': '0', 'Typical-entropy': '1', 'Voicing-quality': '1', 'Wide-band': '0', 'Xlong-island': '0', 'seq': '4', 'end': 22017.45, 'start': 22017.29}]",0,0,[],[]
22017870,22019390,OCH,CXN,0.0,645,XIC,RC,1,NT,FI,0.0,0,-29.45,-18.11,[],0,0,[],[]
22019390,22022640,OCH,CXN,0.0,645,XIC,RC,1,NT,FH,0.0,0,-17.67,-6.67,[],0,0,[],[]
22022640,22023460,OCH,CXN,0.0,645,XIC,RC,1,NT,FH,0.0,0,-26.58,-20.01,[],0,0,[],[]
22023460,22024460,FEM,FAN,2.76,645,XIC,RC,1,NT,FI,0.0,0,-22.06,-9.2,[],0,0,[],[]
22024460,22025060,OCH,CXN,0.0,645,XIC,RC,1,NT,FI,0.0,0,-14.0,-7.19,[],0,0,[],[]
22025060,22026440,OCH,CXN,0.0,645,XIC,RC,1,NT,FH,0.0,0,-15.76,-9.53,[],0,0,[],[]
22026440,22027370,NA,OLN,0.0,645,XIC,NA,NA,NA,NA,0.0,0,-29.4,-19.98,[],0,0,[],[]
22027370,22028600,CHI,CHN,0.0,645,XIC,RC,1,NT,FI,1.0,850,-15.85,-7.32,"[{'Canonical-syllable': '0', 'Growl': '0', 'High-freq-energy': '0', 'Long-island': '0', 'Low-tilt-spectrum': '0', 'Medium-island': '1', 'Short-island': '1', 'Squeal': '0', 'Typical-entropy': '1', 'Voicing-quality': '2', 'Wide-band': '0', 'Xlong-island': '0', 'seq': '1', 'end': 22028.6, 'start': 22027.75}]",0,0,[],[]
22028600,22029560,CHI,CHN,0.0,645,XIC,RC,1,NT,FH,1.0,960,-14.9,-8.4,"[{'Canonical-syllable': '0', 'Growl': '0', 'High-freq-energy': '1', 'Long-island': '0', 'Low-tilt-spectrum': '0', 'Medium-island': '0', 'Short-island': '0', 'Squeal': '0', 'Typical-entropy': '1', 'Voicing-quality': '1', 'Wide-band': '0', 'Xlong-island': '1', 'seq': '1', 'end': 22029.56, 'start': 22028.6}]",0,0,[],[]
22029560,22030560,OCH,CXN,0.0,645,XIC,RC,1,NT,FI,0.0,0,-18.56,-8.28,[],0,0,[],[]
22030560,22031530,OCH,CXN,0.0,645,XIC,RC,1,NT,FH,0.0,0,-15.95,-5.96,[],0,0,[],[]
22031530,22032300,CHI,CHN,0.0,645,XIC,NA,NA,NA,NA,0.0,0,-13.35,-9.19,[],0,770,"[{'start': 22031.53, 'end': 22032.3}]",[]
22032300,22033590,OCH,CXN,0.0,645,XIC,RC,1,NT,FH,0.0,0,-19.51,-12.58,[],0,0,[],[]
22033590,22034740,NA,OLN,0.0,645,XIC,NA,NA,NA,NA,0.0,0,-32.99,-25.33,[],0,0,[],[]
22034740,22035850,CHI,CHN,0.0,645,XIC,EC,1,NT,FI,1.0,1110,-15.52,-5.93,"[{'Canonical-syllable': '0', 'Growl': '1', 'High-freq-energy': '0', 'Long-island': '0', 'Low-tilt-spectrum': '0', 'Medium-island': '1', 'Short-island': '0', 'Squeal': '1', 'Typical-entropy': '1', 'Voicing-quality': '2', 'Wide-band': '0', 'Xlong-island': '0', 'seq': '1', 'end': 22035.85, 'start': 22034.96}]",0,0,[],[]
22035850,22036700,CHI,CHN,0.0,646,pause,NA,NA,NA,NA,0.0,0,-15.2,-9.84,[],0,850,"[{'start': 22035.85, 'end': 22036.7}]",[]
22036700,22039460,CHI,CHN,0.0,646,pause,NA,NA,NA,NA,0.0,0,-17.27,-5.56,[],0,2760,"[{'start': 22036.7, 'end': 22039.46}]",[]
22039460,22040060,CHI,CHN,0.0,646,pause,NA,NA,NA,NA,0.0,0,-14.92,-10.77,[],0,600,"[{'start': 22039.46, 'end': 22040.06}]",[]
22040060,22041000,NA,OLN,0.0,646,pause,NA,NA,NA,NA,0.0,0,-30.52,-21.92,[],0,0,[],[]
22041000,22044380,CHI,CHN,0.0,646,pause,NA,NA,NA,NA,0.0,0,-14.95,-3.68,[],0,3380,"[{'start': 22041.0, 'end': 22044.38}]",[]
22044380,22045400,CHI,CHN,0.0,646,CIC,BC,0,NT,FI,1.0,580,-15.04,-7.27,"[{'Canonical-syllable': '0', 'Growl': '0', 'High-freq-energy': '1', 'Long-island': '0', 'Low-tilt-spectrum': '2', 'Medium-island': '1', 'Short-island': '1', 'Squeal': '2', 'Typical-entropy': '2', 'Voicing-quality': '2', 'Wide-band': '0', 'Xlong-island': '0', 'seq': '1', 'end': 22045.29, 'start': 22044.71}]",0,0,[],[]
22045400,22046600,CHI,CHN,0.0,646,CIC,NA,NA,NA,NA,0.0,0,-12.8,-2.96,[],0,930,"[{'start': 22045.67, 'end': 22046.6}]",[]
22046600,22047600,CHI,CHN,0.0,646,CIC,RC,0,NT,FH,1.0,110,-16.97,-3.59,"[{'Canonical-syllable': '0', 'Growl': '0', 'High-freq-energy': '0', 'Long-island': '0', 'Low-tilt-spectrum': '0', 'Medium-island': '0', 'Short-island': '0', 'Squeal': '0', 'Typical-entropy': '1', 'Voicing-quality': '0', 'Wide-band': '0', 'Xlong-island': '0', 'seq': '1', 'end': 22046.71, 'start': 22046.6}]",0,0,[],[]
22047600,22048750,NA,OLN,0.0,646,CIC,NA,NA,NA,NA,0.0,0,-20.31,-8.65,[],0,0,[],[]
22048750,22049440,CHI,CHN,0.0,646,CIC,NA,NA,NA,NA,0.0,0,-14.89,-5.12,[],0,500,"[{'start': 22048.94, 'end': 22049.44}]",[]
22049440,22050360,NA,OLN,0.0,646,CIC,NA,NA,NA,NA,0.0,0,-13.94,-1.95,[],0,0,[],[]
22050360,22051090,CHI,CHN,0.0,646,CIC,RC,0,NT,FH,1.0,730,-14.29,-7.19,"[{'Canonical-syllable': '0', 'Growl': '1', 'High-freq-energy': '0', 'Long-island': '0', 'Low-tilt-spectrum': '1', 'Medium-island': '2', 'Short-island': '0', 'Squeal': '0', 'Typical-entropy': '2', 'Voicing-quality': '2', 'Wide-band': '0', 'Xlong-island': '0', 'seq': '1', 'end': 22051.09, 'start': 22050.36}]",0,0,[],[]
22051090,22051900,NA,OLN,0.0,646,CIC,NA,NA,NA,NA,0.0,0,-17.93,-2.66,[],0,0,[],[]
22051900,22052650,CHI,CHN,0.0,646,CIC,RC,0,NT,FH,1.0,750,-14.06,-5.58,"[{'Canonical-syllable': '0', 'Growl': '0', 'High-freq-energy': '0', 'Long-island': '1', 'Low-tilt-spectrum': '1', 'Medium-island': '0', 'Short-island': '0', 'Squeal': '0', 'Typical-entropy': '1', 'Voicing-quality': '1', 'Wide-band': '0', 'Xlong-island': '0', 'seq': '1', 'end': 22052.65, 'start': 22051.9}]",0,0,[],[]
22052650,22053650,CHI,CHN,0.0,646,CIC,RC,0,TIFI,FH,2.0,530,-18.11,-6.48,"[{'Canonical-syllable': '0', 'Growl': '1', 'High-freq-energy': '0', 'Long-island': '0', 'Low-tilt-spectrum': '0', 'Medium-island': '0', 'Short-island': '0', 'Squeal': '0', 'Typical-entropy': '1', 'Voicing-quality': '2', 'Wide-band': '1', 'Xlong-island': '0', 'seq': '1', 'end': 22053.05, 'start': 22052.65}, {'Canonical-syllable': '0', 'Growl': '0', 'High-freq-energy': '0', 'Long-island': '0', 'Low-tilt-spectrum': '0', 'Medium-island': '0', 'Short-island': '0', 'Squeal': '0', 'Typical-entropy': '0', 'Voicing-quality': '1', 'Wide-band': '0', 'Xlong-island': '0', 'seq': '2', 'end': 22053.65, 'start': 22053.52}]",0,0,[],[]
22053650,22054260,CHI,CHN,0.0,646,CIC,NA,NA,NA,NA,0.0,0,-14.67,-4.19,[],0,120,"[{'start': 22053.65, 'end': 22053.77}]",[]
22054260,22055260,FEM,FAN,5.39,646,CIC,RC,1,TIFR,FI,0.0,0,-17.39,-9.55,[],0,0,[],[]
22055260,22057380,CHI,CHN,0.0,646,CIC,RC,1,TIFI,FI,3.0,1050,-16.54,-5.74,"[{'Canonical-syllable': '1', 'Growl': '0', 'High-freq-energy': '0', 'Long-island': '0', 'Low-tilt-spectrum': '0', 'Medium-island': '1', 'Short-island': '0', 'Squeal': '0', 'Typical-entropy': '2', 'Voicing-quality': '2', 'Wide-band': '0', 'Xlong-island': '0', 'seq': '1', 'end': 22055.97, 'start': 22055.26}, {'Canonical-syllable': '0', 'Growl': '1', 'High-freq-energy': '0', 'Long-island': '0', 'Low-tilt-spectrum': '0', 'Medium-island': '0', 'Short-island': '0', 'Squeal': '0', 'Typical-entropy': '1', 'Voicing-quality': '1', 'Wide-band': '0', 'Xlong-island': '0', 'seq': '2', 'end': 22056.39, 'start': 22056.31}, {'Canonical-syllable': '0', 'Growl': '0', 'High-freq-energy': '0', 'Long-island': '0', 'Low-tilt-spectrum': '0', 'Medium-island': '0', 'Short-island': '0', 'Squeal': '1', 'Typical-entropy': '1', 'Voicing-quality': '1', 'Wide-band': '0', 'Xlong-island': '0', 'seq': '3', 'end': 22057.38, 'start': 22057.12}]",0,0,[],[]
22057380,22058380,FEM,FAN,3.78,646,CIC,RC,2,TIFR,FI,0.0,0,-17.91,-9.52,[],0,0,[],[]
22058380,22059190,CHI,CHN,0.0,646,CIC,NA,NA,NA,NA,0.0,0,-13.93,-3.98,[],0,400,"[{'start': 22058.38, 'end': 22058.78}]",[]
22059190,22061310,FEM,FAN,8.79,646,CIC,RC,2,NT,FH,0.0,0,-22.89,-14.34,[],0,0,[],[]
22061310,22062110,NA,OLN,0.0,646,CIC,NA,NA,NA,NA,0.0,0,-18.96,-5.19,[],0,0,[],[]
22062110,22063110,FEM,FAN,0.62,646,CIC,RC,2,NT,FH,0.0,0,-20.4,-4.28,[],0,0,[],[]
22063110,22064200,NA,OLN,0.0,646,CIC,NA,NA,NA,NA,0.0,0,-20.4,-3.13,[],0,0,[],[]
22064200,22065090,OCH,CXN,0.0,646,CIC,RC,2,NT,FI,0.0,0,-21.61,-8.89,[],0,0,[],[]
22065090,22066190,FEM,FAN,6.76,646,CIC,RC,2,TIFI,FI,0.0,0,-33.5,-26.3,[],0,0,[],[]
22066190,22067400,NA,NOF,0.0,646,CIC,NA,NA,NA,NA,0.0,0,-38.78,-24.64,[],0,0,[],[]
22067400,22068530,CHI,CHN,0.0,646,CIC,RC,3,TIFR,FI,1.0,950,-16.64,-4.81,"[{'Canonical-syllable': '0', 'Growl': '0', 'High-freq-energy': '0', 'Long-island': '0', 'Low-tilt-spectrum': '0', 'Medium-island': '1', 'Short-island': '1', 'Squeal': '0', 'Typical-entropy': '2', 'Voicing-quality': '2', 'Wide-band': '1', 'Xlong-island': '0', 'seq': '1', 'end': 22068.35, 'start': 22067.4}]",0,0,[],[]
22068530,22069490,NA,NOF,0.0,646,CIC,NA,NA,NA,NA,0.0,0,-46.04,-38.05,[],0,0,[],[]
22069490,22071230,CHI,CHN,0.0,646,CIC,NA,NA,NA,NA,0.0,0,-15.28,-4.21,[],0,1550,"[{'start': 22069.49, 'end': 22070.91}, {'start': 22071.1, 'end': 22071.23}]",[]
22071230,22072230,CHI,CHN,0.0,646,CIC,NA,NA,NA,NA,0.0,0,-18.18,-5.69,[],0,610,"[{'start': 22071.23, 'end': 22071.84}]",[]
22072230,22073260,CHI,CHN,0.0,646,CIC,NA,NA,NA,NA,0.0,0,-15.63,-3.94,[],0,720,"[{'start': 22072.54, 'end': 22073.18}]","[{'start': 22073.18, 'end': 22073.26}]"
22073260,22074260,FEM,FAN,0.98,646,CIC,RC,3,TIFE,FI,0.0,0,-20.78,-11.2,[],0,0,[],[]
22074260,22075060,NA,OLN,0.0,646,CIC,NA,NA,NA,NA,0.0,0,-17.41,-7.54,[],0,0,[],[]
22075060,22076170,FEM,FAN,5.34,646,CIC,RC,3,TIFI,FH,0.0,0,-20.97,-10.54,[],0,0,[],[]
22076170,22077000,CHI,CHN,0.0,646,CIC,RC,4,TIFR,FI,1.0,750,-16.24,-7.02,"[{'Canonical-syllable': '1', 'Growl': '0', 'High-freq-energy': '0', 'Long-island': '0', 'Low-tilt-spectrum': '0', 'Medium-island': '1', 'Short-island': '1', 'Squeal': '0', 'Typical-entropy': '1', 'Voicing-quality': '2', 'Wide-band': '0', 'Xlong-island': '0', 'seq': '1', 'end': 22076.92, 'start': 22076.17}]",0,0,[],[]
22077000,22079220,NA,NOF,0.0,646,CIC,NA,NA,NA,NA,0.0,0,-18.71,-4.3,[],0,0,[],[]
22079220,22081020,FEM,FAN,10.25,646,CIC,RC,4,TIFE,FI,0.0,0,-22.85,-13.13,[],0,0,[],[]
22081020,22082020,MAL,MAN,7.0,646,CIC,RC,4,NT,FI,0.0,0,-29.98,-21.82,[],0,0,[],[]
22082020,22082830,NA,SIL,0.0,646,CIC,NA,NA,NA,NA,0.0,0,-50.65,-43.58,[],0,0,[],[]
22082830,22085620,OCH,CXN,0.0,646,CIC,RC,4,NT,FI,0.0,0,-30.41,-21.9,[],0,0,[],[]
22085620,22087100,FEM,FAN,7.34,646,CIC,RC,4,NT,FI,0.0,0,-25.91,-16.34,[],0,0,[],[]
22087100,22088990,OCH,CXN,0.0,646,CIC,RC,4,NT,FI,0.0,0,-29.65,-21.34,[],0,0,[],[]
22088990,22090020,FEM,FAN,1.17,646,CIC,RC,4,NT,FI,0.0,0,-35.63,-25.75,[],0,0,[],[]
22090020,22090820,NA,SIL,0.0,646,CIC,NA,NA,NA,NA,0.0,0,-49.29,-43.31,[],0,0,[],[]
22090820,22091920,OCH,CXN,0.0,646,CIC,RC,4,NT,FI,0.0,0,-35.78,-25.86,[],0,0,[],[]
22091920,22092920,FEM,FAN,3.95,646,CIC,RC,4,NT,FI,0.0,0,-40.36,-28.03,[],0,0,[],[]
22092920,22093900,NA,OLF,0.0,646,CIC,NA,NA,NA,NA,0.0,0,-28.71,-18.39,[],0,0,[],[]
22093900,22095240,OCH,CXN,0.0,646,CIC,RC,4,NT,FI,0.0,0,-37.17,-30.4,[],0,0,[],[]
22095240,22096040,NA,SIL,0.0,646,CIC,NA,NA,NA,NA,0.0,0,-53.06,-45.05,[],0,0,[],[]
22096040,22098080,CHI,CHN,0.0,646,CIC,RC,4,NT,FI,2.0,1470,-14.68,-4.15,"[{'Canonical-syllable': '0', 'Growl': '0', 'High-freq-energy': '0', 'Long-island': '1', 'Low-tilt-spectrum': '1', 'Medium-island': '0', 'Short-island': '0', 'Squeal': '0', 'Typical-entropy': '0', 'Voicing-quality': '1', 'Wide-band': '0', 'Xlong-island': '0', 'seq': '1', 'end': 22096.9, 'start': 22096.04}, {'Canonical-syllable': '0', 'Growl': '0', 'High-freq-energy': '1', 'Long-island': '1', 'Low-tilt-spectrum': '1', 'Medium-island': '0', 'Short-island': '0', 'Squeal': '0', 'Typical-entropy': '1', 'Voicing-quality': '1', 'Wide-band': '0', 'Xlong-island': '0', 'seq': '2', 'end': 22097.95, 'start': 22097.34}]",0,0,[],[]
22098080,22099170,NA,NOF,0.0,646,CIC,NA,NA,NA,NA,0.0,0,-44.08,-34.99,[],0,0,[],[]
22099170,22099970,NA,SIL,0.0,646,CIC,NA,NA,NA,NA,0.0,0,-46.88,-42.01,[],0,0,[],[]
22099970,22101010,NA,OLN,0.0,646,CIC,NA,NA,NA,NA,0.0,0,-27.02,-12.47,[],0,0,[],[]
22101010,22101810,OCH,CXN,0.0,646,CIC,RC,4,NT,FI,0.0,0,-28.36,-20.43,[],0,0,[],[]
22101810,22102610,NA,NOF,0.0,646,CIC,NA,NA,NA,NA,0.0,0,-44.98,-37.88,[],0,0,[],[]
22102610,22104710,CHI,CHN,0.0,646,CIC,RC,4,NT,FI,2.0,1460,-14.16,-3.31,"[{'Canonical-syllable': '0', 'Growl': '0', 'High-freq-energy': '0', 'Long-island': '1', 'Low-tilt-spectrum': '0', 'Medium-island': '0', 'Short-island': '0', 'Squeal': '0', 'Typical-entropy': '1', 'Voicing-quality': '1', 'Wide-band': '0', 'Xlong-island': '0', 'seq': '1', 'end': 22103.48, 'start': 22102.61}, {'Canonical-syllable': '0', 'Growl': '0', 'High-freq-energy': '1', 'Long-island': '0', 'Low-tilt-spectrum': '1', 'Medium-island': '1', 'Short-island': '0', 'Squeal': '1', 'Typical-entropy': '1', 'Voicing-quality': '1', 'Wide-band': '0', 'Xlong-island': '0', 'seq': '2', 'end': 22104.71, 'start': 22104.12}]",0,0,[],[]
22104710,22105980,OCH,CXN,0.0,646,CIC,RC,4,NT,FI,0.0,0,-18.48,-13.61,[],0,0,[],[]
22105980,22107260,FEM,FAN,2.11,646,CIC,RC,4,TIFI,FI,0.0,0,-29.44,-14.15,[],0,0,[],[]
22107260,22107870,CHI,CHN,0.0,646,CIC,RC,5,TIFR,FI,1.0,610,-18.5,-14.02,"[{'Canonical-syllable': '0', 'Growl': '0', 'High-freq-energy': '0', 'Long-island': '0', 'Low-tilt-spectrum': '0', 'Medium-island': '1', 'Short-island': '1', 'Squeal': '0', 'Typical-entropy': '1', 'Voicing-quality': '2', 'Wide-band': '0', 'Xlong-island': '0', 'seq': '1', 'end': 22107.87, 'start': 22107.26}]",0,0,[],[]
22107870,22108800,NA,OLN,0.0,646,CIC,NA,NA,NA,NA,0.0,0,-23.96,-13.33,[],0,0,[],[]
22108800,22110990,CHI,CHN,0.0,646,CIC,RC,5,NT,FH,1.0,2190,-15.52,-3.36,"[{'Canonical-syllable': '1', 'Growl': '0', 'High-freq-energy': '0', 'Long-island': '0', 'Low-tilt-spectrum': '0', 'Medium-island': '1', 'Short-island': '0', 'Squeal': '0', 'Typical-entropy': '1', 'Voicing-quality': '2', 'Wide-band': '0', 'Xlong-island': '1', 'seq': '1', 'end': 22110.99, 'start': 22108.8}]",0,0,[],[]
22110990,22113510,OCH,CXN,0.0,646,CIC,RC,5,NT,FI,0.0,0,-14.67,-10.43,[],0,0,[],[]
22113510,22114610,CHI,CHN,0.0,646,CIC,EC,5,NT,FI,1.0,1100,-14.59,-7.95,"[{'Canonical-syllable': '0', 'Growl': '1', 'High-freq-energy': '0', 'Long-island': '0', 'Low-tilt-spectrum': '2', 'Medium-island': '1', 'Short-island': '1', 'Squeal': '0', 'Typical-entropy': '3', 'Voicing-quality': '3', 'Wide-band': '0', 'Xlong-island': '0', 'seq': '1', 'end': 22114.61, 'start': 22113.51}]",0,0,[],[]
22114610,22115420,NA,OLN,0.0,647,pause,NA,NA,NA,NA,0.0,0,-13.68,-11.69,[],0,0,[],[]
22115420,22116420,CHI,CHN,0.0,647,pause,NA,NA,NA,NA,0.0,0,-16.21,-12.22,[],0,1000,"[{'start': 22115.42, 'end': 22116.42}]",[]
22116420,22118450,NA,OLN,0.0,647,pause,NA,NA,NA,NA,0.0,0,-14.3,-4.93,[],0,0,[],[]
22118450,22119310,CHI,CHN,0.0,647,pause,NA,NA,NA,NA,0.0,0,-15.33,-8.25,[],0,860,"[{'start': 22118.45, 'end': 22119.31}]",[]
22119310,22120640,NA,OLN,0.0,647,pause,NA,NA,NA,NA,0.0,0,-15.52,-11.86,[],0,0,[],[]
22120640,22121240,CHI,CHN,0.0,647,CIC,BC,0,NT,FI,1.0,600,-18.78,-10.67,"[{'Canonical-syllable': '0', 'Growl': '0', 'High-freq-energy': '0', 'Long-island': '0', 'Low-tilt-spectrum': '1', 'Medium-island': '1', 'Short-island': '1', 'Squeal': '0', 'Typical-entropy': '1', 'Voicing-quality': '2', 'Wide-band': '0', 'Xlong-island': '0', 'seq': '1', 'end': 22121.24, 'start': 22120.64}]",0,0,[],[]
22121240,22122730,NA,OLN,0.0,647,CIC,NA,NA,NA,NA,0.0,0,-14.3,-6.56,[],0,0,[],[]
22122730,22123930,CHI,CHN,0.0,647,CIC,RC,0,NT,FH,1.0,1200,-14.42,-5.7,"[{'Canonical-syllable': '1', 'Growl': '0', 'High-freq-energy': '0', 'Long-island': '0', 'Low-tilt-spectrum': '0', 'Medium-island': '2', 'Short-island': '0', 'Squeal': '0', 'Typical-entropy': '1', 'Voicing-quality': '2', 'Wide-band': '0', 'Xlong-island': '0', 'seq': '1', 'end': 22123.93, 'start': 22122.73}]",0,0,[],[]
22123930,22124990,CHI,CHN,0.0,647,CIC,RC,0,NT,FH,1.0,890,-19.53,-11.35,"[{'Canonical-syllable': '0', 'Growl': '0', 'High-freq-energy': '0', 'Long-island': '1', 'Low-tilt-spectrum': '0', 'Medium-island': '0', 'Short-island': '0', 'Squeal': '0', 'Typical-entropy': '0', 'Voicing-quality': '1', 'Wide-band': '0', 'Xlong-island': '0', 'seq': '1', 'end': 22124.82, 'start': 22123.93}]",0,0,[],[]
22124990,22125840,NA,OLN,0.0,647,CIC,NA,NA,NA,NA,0.0,0,-21.92,-8.41,[],0,0,[],[]
22125840,22126440,CHI,CHN,0.0,647,CIC,RC,0,NT,FH,1.0,600,-13.96,-4.81,"[{'Canonical-syllable': '1', 'Growl': '0', 'High-freq-energy': '0', 'Long-island': '0', 'Low-tilt-spectrum': '1', 'Medium-island': '1', 'Short-island': '0', 'Squeal': '0', 'Typical-entropy': '1', 'Voicing-quality': '1', 'Wide-band': '0', 'Xlong-island': '0', 'seq': '1', 'end': 22126.44, 'start': 22125.84}]",0,0,[],[]
22126440,22127330,CHI,CHN,0.0,647,CIC,RC,0,NT,FH,1.0,890,-15.04,-9.4,"[{'Canonical-syllable': '0', 'Growl': '0', 'High-freq-energy': '0', 'Long-island': '0', 'Low-tilt-spectrum': '2', 'Medium-island': '1', 'Short-island': '1', 'Squeal': '0', 'Typical-entropy': '2', 'Voicing-quality': '2', 'Wide-band': '0', 'Xlong-island': '0', 'seq': '1', 'end': 22127.33, 'start': 22126.52}]",0,0,[],[]
22127330,22128640,NA,OLN,0.0,647,CIC,NA,NA,NA,NA,0.0,0,-15.34,-6.18,[],0,0,[],[]
22128640,22129240,CHI,CHN,0.0,647,CIC,RC,0,NT,FH,1.0,600,-14.94,-9.63,"[{'Canonical-syllable': '0', 'Growl': '0', 'High-freq-energy': '1', 'Long-island': '0', 'Low-tilt-spectrum': '1', 'Medium-island': '1', 'Short-island': '0', 'Squeal': '0', 'Typical-entropy': '1', 'Voicing-quality': '1', 'Wide-band': '0', 'Xlong-island': '0', 'seq': '1', 'end': 22129.24, 'start': 22128.72}]",0,0,[],[]
22129240,22130170,NA,OLN,0.0,647,CIC,NA,NA,NA,NA,0.0,0,-29.18,-19.23,[],0,0,[],[]
22130170,22130770,CHI,CHN,0.0,647,CIC,RC,0,TIFI,FH,1.0,510,-15.0,-5.61,"[{'Canonical-syllable': '1', 'Growl': '0', 'High-freq-energy': '0', 'Long-island': '0', 'Low-tilt-spectrum': '1', 'Medium-island': '0', 'Short-island': '2', 'Squeal': '0', 'Typical-entropy': '2', 'Voicing-quality': '2', 'Wide-band': '0', 'Xlong-island': '0', 'seq': '1', 'end': 22130.68, 'start': 22130.17}]",0,0,[],[]
22130770,22132160,FEM,FAN,6.45,647,CIC,RC,1,TIFR,FI,0.0,0,-16.84,-9.54,[],0,0,[],[]
22132160,22134030,MAL,MAN,8.18,647,CIC,RC,1,NT,FI,0.0,0,-18.77,-9.56,[],0,0,[],[]
22134030,22134830,OCH,CXN,0.0,647,CIC,RC,1,NT,FI,0.0,0,-14.7,-5.82,[],0,0,[],[]
22134830,22135940,CHI,CHN,0.0,647,CIC,NA,NA,NA,NA,0.0,0,-13.99,-11.54,[],0,1110,"[{'start': 22134.83, 'end': 22135.94}]",[]
22135940,22136600,CHI,CHN,0.0,647,CIC,NA,NA,NA,NA,0.0,0,-18.78,-15.88,[],0,660,"[{'start': 22135.94, 'end': 22136.6}]",[]
22136600,22137400,NA,OLN,0.0,647,CIC,NA,NA,NA,NA,0.0,0,-11.93,-3.07,[],0,0,[],[]
22137400,22138100,CHI,CHN,0.0,647,CIC,NA,NA,NA,NA,0.0,0,-16.25,-13.72,[],0,700,"[{'start': 22137.4, 'end': 22138.1}]",[]
22138100,22138930,NA,OLN,0.0,647,CIC,NA,NA,NA,NA,0.0,0,-21.36,-13.86,[],0,0,[],[]
22138930,22139900,CHI,CHN,0.0,647,CIC,RC,1,NT,FI,1.0,970,-14.41,-8.3,"[{'Canonical-syllable': '0', 'Growl': '0', 'High-freq-energy': '0', 'Long-island': '0', 'Low-tilt-spectrum': '1', 'Medium-island': '0', 'Short-island': '0', 'Squeal': '0', 'Typical-entropy': '1', 'Voicing-quality': '1', 'Wide-band': '0', 'Xlong-island': '1', 'seq': '1', 'end': 22139.9, 'start': 22138.93}]",0,0,[],[]
22139900,22140710,OCH,CXN,0.0,647,CIC,RC,1,NT,FI,0.0,0,-25.14,-18.24,[],0,0,[],[]
22140710,22143210,CHI,CHN,0.0,647,CIC,RC,1,TIMI,FI,2.0,1810,-15.58,-3.66,"[{'Canonical-syllable': '0', 'Growl': '0', 'High-freq-energy': '0', 'Long-island': '0', 'Low-tilt-spectrum': '0', 'Medium-island': '1', 'Short-island': '1', 'Squeal': '0', 'Typical-entropy': '2', 'Voicing-quality': '2', 'Wide-band': '0', 'Xlong-island': '0', 'seq': '1', 'end': 22141.39, 'start': 22140.79}, {'Canonical-syllable': '1', 'Growl': '0', 'High-freq-energy': '0', 'Long-island': '0', 'Low-tilt-spectrum': '2', 'Medium-island': '1', 'Short-island': '1', 'Squeal': '0', 'Typical-entropy': '3', 'Voicing-quality': '3', 'Wide-band': '0', 'Xlong-island': '0', 'seq': '2', 'end': 22143.21, 'start': 22142.08}]",0,0,[],[]
22143210,22146080,NA,OLN,0.0,647,CIC,NA,NA,NA,NA,0.0,0,-14.53,-1.2,[],0,0,[],[]
22146080,22147120,MAL,MAN,5.16,647,CIC,RC,2,TIMR,FI,0.0,0,-18.73,-6.66,[],0,0,[],[]
22147120,22147990,NA,OLF,0.0,647,CIC,NA,NA,NA,NA,0.0,0,-22.96,-8.72,[],0,0,[],[]
22147990,22148590,CHI,CHN,0.0,647,CIC,RC,2,TIME,FI,1.0,600,-16.17,-4.58,"[{'Canonical-syllable': '0', 'Growl': '0', 'High-freq-energy': '0', 'Long-island': '0', 'Low-tilt-spectrum': '0', 'Medium-island': '0', 'Short-island': '1', 'Squeal': '0', 'Typical-entropy': '1', 'Voicing-quality': '1', 'Wide-band': '0', 'Xlong-island': '0', 'seq': '1', 'end': 22148.59, 'start': 22148.14}]",0,0,[],[]
22148590,22149390,OCH,CXN,0.0,647,CIC,RC,2,NT,FI,0.0,0,-15.59,-5.99,[],0,0,[],[]
22149390,22150520,NA,OLF,0.0,647,CIC,NA,NA,NA,NA,0.0,0,-31.62,-23.53,[],0,0,[],[]
22150520,22151890,CHI,CHN,0.0,647,CIC,EC,2,NT,FI,1.0,1370,-15.57,-6.58,"[{'Canonical-syllable': '1', 'Growl': '0', 'High-freq-energy': '0', 'Long-island': '0', 'Low-tilt-spectrum': '2', 'Medium-island': '2', 'Short-island': '1', 'Squeal': '0', 'Typical-entropy': '2', 'Voicing-quality': '3', 'Wide-band': '0', 'Xlong-island': '0', 'seq': '1', 'end': 22151.89, 'start': 22150.52}]",0,0,[],[]
22151890,22154910,NA,OLN,0.0,648,pause,NA,NA,NA,NA,0.0,0,-20.49,-2.31,[],0,0,[],[]
22154910,22156140,CHI,CHN,0.0,648,pause,NA,NA,NA,NA,0.0,0,-12.78,-4.68,[],0,1230,"[{'start': 22154.91, 'end': 22156.14}]",[]
22156140,22157110,NA,OLN,0.0,648,pause,NA,NA,NA,NA,0.0,0,-15.67,-2.31,[],0,0,[],[]
22157110,22158400,CHI,CHN,0.0,648,CM,EC,0,NT,FI,1.0,1290,-15.54,-4.13,"[{'Canonical-syllable': '0', 'Growl': '0', 'High-freq-energy': '0', 'Long-island': '1', 'Low-tilt-spectrum': '0', 'Medium-island': '0', 'Short-island': '1', 'Squeal': '0', 'Typical-entropy': '2', 'Voicing-quality': '2', 'Wide-band': '0', 'Xlong-island': '0', 'seq': '1', 'end': 22158.4, 'start': 22157.11}]",0,0,[],[]
22158400,22160280,NA,OLN,0.0,649,pause,NA,NA,NA,NA,0.0,0,-15.63,-3.73,[],0,0,[],[]
22160280,22162270,CHI,CHN,0.0,649,pause,NA,NA,NA,NA,0.0,0,-14.64,-5.99,[],0,1990,"[{'start': 22160.28, 'end': 22162.27}]",[]
22162270,22163440,NA,OLN,0.0,649,pause,NA,NA,NA,NA,0.0,0,-32.91,-17.98,[],0,0,[],[]
22163440,22164240,CHI,CHN,0.0,649,pause,NA,NA,NA,NA,0.0,0,-15.63,-5.57,[],0,460,"[{'start': 22163.67, 'end': 22164.13}]",[]
22164240,22165040,NA,NOF,0.0,649,pause,NA,NA,NA,NA,0.0,0,-42.69,-37.28,[],0,0,[],[]
22165040,22167760,CHI,CHN,0.0,649,CIC,BC,0,NT,FI,2.0,2110,-14.38,-4.28,"[{'Canonical-syllable': '0', 'Growl': '0', 'High-freq-energy': '0', 'Long-island': '0', 'Low-tilt-spectrum': '1', 'Medium-island': '1', 'Short-island': '0', 'Squeal': '1', 'Typical-entropy': '1', 'Voicing-quality': '1', 'Wide-band': '0', 'Xlong-island': '0', 'seq': '1', 'end': 22165.53, 'start': 22165.04}, {'Canonical-syllable': '0', 'Growl': '0', 'High-freq-energy': '0', 'Long-island': '1', 'Low-tilt-spectrum': '2', 'Medium-island': '1', 'Short-island': '0', 'Squeal': '2', 'Typical-entropy': '2', 'Voicing-quality': '2', 'Wide-band': '0', 'Xlong-island': '0', 'seq': '2', 'end': 22167.76, 'start': 22166.14}]",0,0,[],[]
22167760,22168560,NA,NOF,0.0,649,CIC,NA,NA,NA,NA,0.0,0,-40.15,-32.88,[],0,0,[],[]
22168560,22169780,CHI,CHN,0.0,649,CIC,RC,0,TIMI,FH,1.0,1220,-15.0,-2.98,"[{'Canonical-syllable': '1', 'Growl': '0', 'High-freq-energy': '0', 'Long-island': '0', 'Low-tilt-spectrum': '0', 'Medium-island': '2', 'Short-island': '0', 'Squeal': '1', 'Typical-entropy': '2', 'Voicing-quality': '2', 'Wide-band': '0', 'Xlong-island': '0', 'seq': '1', 'end': 22169.78, 'start': 22168.82}]",0,0,[],[]
22169780,22170780,CHI,CHN,0.0,649,CIC,NA,NA,NA,NA,0.0,0,-19.28,-8.31,[],0,550,"[{'start': 22170.12, 'end': 22170.67}]",[]
22170780,22171780,MAL,MAN,2.94,649,CIC,EC,1,TIMR,FI,0.0,0,-29.14,-21.38,[],0,0,[],[]
22171780,22173390,NA,OLN,0.0,650,pause,NA,NA,NA,NA,0.0,0,-20.94,-6.91,[],0,0,[],[]
22173390,22174850,CHI,CHN,0.0,650,pause,NA,NA,NA,NA,0.0,0,-14.89,-7.07,[],0,1460,"[{'start': 22173.39, 'end': 22174.85}]",[]
22174850,22178620,NA,OLN,0.0,650,pause,NA,NA,NA,NA,0.0,0,-19.35,-6.4,[],0,0,[],[]
22178620,22180320,CHI,CHN,0.0,650,pause,NA,NA,NA,NA,0.0,0,-15.93,-6.51,[],0,1520,"[{'start': 22178.62, 'end': 22180.14}]",[]
22180320,22181440,NA,OLN,0.0,650,pause,NA,NA,NA,NA,0.0,0,-15.53,-10.03,[],0,0,[],[]
22181440,22182130,CHI,CHN,0.0,650,CIC,BC,0,NT,FI,1.0,690,-17.76,-11.47,"[{'Canonical-syllable': '1', 'Growl': '1', 'High-freq-energy': '0', 'Long-island': '0', 'Low-tilt-spectrum': '0', 'Medium-island': '1', 'Short-island': '0', 'Squeal': '0', 'Typical-entropy': '1', 'Voicing-quality': '2', 'Wide-band': '0', 'Xlong-island': '0', 'seq': '1', 'end': 22182.13, 'start': 22181.44}]",0,0,[],[]
22182130,22183130,CHI,CHN,0.0,650,CIC,NA,NA,NA,NA,0.0,0,-15.71,-10.05,[],0,1000,"[{'start': 22182.13, 'end': 22183.13}]",[]
22183130,22184060,OCH,CXN,0.0,650,CIC,RC,0,NT,FI,0.0,0,-13.59,-6.3,[],0,0,[],[]
22184060,22184890,NA,OLN,0.0,650,CIC,NA,NA,NA,NA,0.0,0,-23.16,-17.39,[],0,0,[],[]
22184890,22185750,FEM,FAN,6.3,650,CIC,RC,0,NT,FI,0.0,0,-19.25,-10.08,[],0,0,[],[]
22185750,22186630,NA,OLN,0.0,650,CIC,NA,NA,NA,NA,0.0,0,-30.41,-23.39,[],0,0,[],[]
22186630,22187670,MAL,MAN,4.58,650,CIC,RC,0,TIMI,FI,0.0,0,-20.76,-12.22,[],0,0,[],[]
22187670,22189380,NA,OLN,0.0,650,CIC,NA,NA,NA,NA,0.0,0,-17.48,-7.85,[],0,0,[],[]
22189380,22189980,CHI,CHN,0.0,650,CIC,RC,1,TIMR,FI,1.0,600,-13.02,-2.99,"[{'Canonical-syllable': '1', 'Growl': '0', 'High-freq-energy': '0', 'Long-island': '0', 'Low-tilt-spectrum': '0', 'Medium-island': '1', 'Short-island': '0', 'Squeal': '0', 'Typical-entropy': '1', 'Voicing-quality': '1', 'Wide-band': '0', 'Xlong-island': '0', 'seq': '1', 'end': 22189.98, 'start': 22189.59}]",0,0,[],[]
22189980,22190990,CHI,CHN,0.0,650,CIC,NA,NA,NA,NA,0.0,0,-19.39,-10.76,[],0,1010,"[{'start': 22189.98, 'end': 22190.99}]",[]
22190990,22191790,NA,OLN,0.0,650,CIC,NA,NA,NA,NA,0.0,0,-17.8,-7.99,[],0,0,[],[]
22191790,22192790,OCH,CXN,0.0,650,CIC,RC,1,NT,FI,0.0,0,-17.29,-9.09,[],0,0,[],[]
22192790,22193790,NA,OLN,0.0,650,CIC,NA,NA,NA,NA,0.0,0,-22.43,-8.63,[],0,0,[],[]
22193790,22194390,CHI,CHN,0.0,650,CIC,RC,1,NT,FI,1.0,400,-14.29,-4.37,"[{'Canonical-syllable': '1', 'Growl': '0', 'High-freq-energy': '0', 'Long-island': '0', 'Low-tilt-spectrum': '0', 'Medium-island': '1', 'Short-island': '0', 'Squeal': '0', 'Typical-entropy': '1', 'Voicing-quality': '1', 'Wide-band': '0', 'Xlong-island': '0', 'seq': '1', 'end': 22194.19, 'start': 22193.79}]",0,0,[],[]
22194390,22195190,NA,OLN,0.0,650,CIC,NA,NA,NA,NA,0.0,0,-17.42,-10.61,[],0,0,[],[]
22195190,22196100,CHI,CHN,0.0,650,CIC,NA,NA,NA,NA,0.0,0,-13.84,-5.88,[],0,910,"[{'start': 22195.19, 'end': 22196.1}]",[]
22196100,22196900,OCH,CXN,0.0,650,CIC,RC,1,NT,FI,0.0,0,-17.07,-5.5,[],0,0,[],[]
22196900,22197920,CHI,CHN,0.0,650,CIC,NA,NA,NA,NA,0.0,0,-13.7,-5.76,[],0,920,"[{'start': 22197.0, 'end': 22197.92}]",[]
22197920,22198590,CHI,CHN,0.0,650,CIC,NA,NA,NA,NA,0.0,0,-18.49,-12.01,[],0,670,"[{'start': 22197.92, 'end': 22198.59}]",[]
22198590,22199860,NA,OLN,0.0,650,CIC,NA,NA,NA,NA,0.0,0,-17.22,-3.05,[],0,0,[],[]
22199860,22201310,CHI,CHN,0.0,650,CIC,RC,1,NT,FI,1.0,1450,-13.07,-3.32,"[{'Canonical-syllable': '1', 'Growl': '0', 'High-freq-energy': '0', 'Long-island': '1', 'Low-tilt-spectrum': '2', 'Medium-island': '0', 'Short-island': '2', 'Squeal': '2', 'Typical-entropy': '3', 'Voicing-quality': '3', 'Wide-band': '0', 'Xlong-island': '0', 'seq': '1', 'end': 22201.31, 'start': 22199.86}]",0,0,[],[]
22201310,22202110,CHI,CHN,0.0,650,CIC,NA,NA,NA,NA,0.0,0,-16.44,-8.1,[],0,800,"[{'start': 22201.31, 'end': 22202.11}]",[]
22202110,22202710,OCH,CXN,0.0,650,CIC,RC,1,NT,FI,0.0,0,-15.66,-8.24,[],0,0,[],[]
22202710,22203510,OCH,CXN,0.0,650,CIC,RC,1,NT,FH,0.0,0,-18.12,-9.61,[],0,0,[],[]
22203510,22204300,CHI,CHN,0.0,650,CIC,NA,NA,NA,NA,0.0,0,-14.26,-4.57,[],0,790,"[{'start': 22203.51, 'end': 22204.3}]",[]
22204300,22205190,NA,OLN,0.0,650,CIC,NA,NA,NA,NA,0.0,0,-19.08,-4.62,[],0,0,[],[]
22205190,22205870,CHI,CHN,0.0,650,CIC,NA,NA,NA,NA,0.0,0,-14.0,-4.53,[],0,520,"[{'start': 22205.19, 'end': 22205.71}]",[]
22205870,22206670,OCH,CXN,0.0,650,CIC,RC,1,NT,FH,0.0,0,-17.06,-9.59,[],0,0,[],[]
22206670,22207470,NA,OLF,0.0,650,CIC,NA,NA,NA,NA,0.0,0,-32.68,-20.08,[],0,0,[],[]
22207470,22208370,FEM,FAN,4.16,650,CIC,RC,1,NT,FI,0.0,0,-26.9,-15.97,[],0,0,[],[]
22208370,22209170,NA,NOF,0.0,650,CIC,NA,NA,NA,NA,0.0,0,-33.78,-19.13,[],0,0,[],[]
22209170,22211290,NA,OLN,0.0,650,CIC,NA,NA,NA,NA,0.0,0,-34.14,-22.5,[],0,0,[],[]
22211290,22212290,FEM,FAN,5.29,650,CIC,RC,1,NT,FH,0.0,0,-23.16,-15.29,[],0,0,[],[]
22212290,22213090,NA,NON,0.0,650,CIC,NA,NA,NA,NA,0.0,0,-30.45,-20.4,[],0,0,[],[]
22213090,22213780,CHI,CHN,0.0,650,CIC,NA,NA,NA,NA,0.0,0,-18.06,-11.38,[],0,690,"[{'start': 22213.09, 'end': 22213.29}]","[{'start': 22213.29, 'end': 22213.78}]"
22213780,22214640,NA,OLN,0.0,650,CIC,NA,NA,NA,NA,0.0,0,-16.07,-7.99,[],0,0,[],[]
22214640,22215640,MAL,MAN,3.8,650,CIC,RC,1,NT,FI,0.0,0,-23.14,-12.56,[],0,0,[],[]
22215640,22217210,OCH,CXN,0.0,650,CIC,RC,1,NT,FI,0.0,0,-24.7,-13.19,[],0,0,[],[]
22217210,22218220,OCH,CXN,0.0,650,CIC,RC,1,NT,FH,0.0,0,-18.9,-9.79,[],0,0,[],[]
22218220,22220380,FEM,FAN,9.31,650,CIC,RC,1,TIFI,FI,0.0,0,-21.96,-8.78,[],0,0,[],[]
22220380,22222630,NA,OLN,0.0,650,CIC,NA,NA,NA,NA,0.0,0,-29.91,-12.13,[],0,0,[],[]
22222630,22223230,CHI,CHN,0.0,650,CIC,RC,2,TIFR,FI,1.0,600,-18.21,-11.32,"[{'Canonical-syllable': '1', 'Growl': '0', 'High-freq-energy': '1', 'Long-island': '0', 'Low-tilt-spectrum': '1', 'Medium-island': '1', 'Short-island': '0', 'Squeal': '0', 'Typical-entropy': '1', 'Voicing-quality': '1', 'Wide-band': '0', 'Xlong-island': '0', 'seq': '1', 'end': 22223.23, 'start': 22222.74}]",0,0,[],[]
22223230,22224390,NA,OLN,0.0,650,CIC,NA,NA,NA,NA,0.0,0,-18.34,-5.15,[],0,0,[],[]
22224390,22225000,CHI,CHN,0.0,650,CIC,RC,2,NT,FH,1.0,390,-20.45,-8.18,"[{'Canonical-syllable': '0', 'Growl': '0', 'High-freq-energy': '0', 'Long-island': '0', 'Low-tilt-spectrum': '0', 'Medium-island': '0', 'Short-island': '1', 'Squeal': '0', 'Typical-entropy': '1', 'Voicing-quality': '1', 'Wide-band': '0', 'Xlong-island': '0', 'seq': '1', 'end': 22224.78, 'start': 22224.54}]",0,0,[],[]
22225000,22226640,NA,OLN,0.0,650,CIC,NA,NA,NA,NA,0.0,0,-14.63,-2.75,[],0,0,[],[]
22226640,22227630,OCH,CXN,0.0,650,CIC,RC,2,NT,FI,0.0,0,-14.55,-4.09,[],0,0,[],[]
22227630,22228580,NA,OLN,0.0,650,CIC,NA,NA,NA,NA,0.0,0,-19.54,-10.51,[],0,0,[],[]
22228580,22229180,OCH,CXN,0.0,650,CIC,RC,2,NT,FH,0.0,0,-22.96,-13.95,[],0,0,[],[]
22229180,22229990,NA,OLN,0.0,650,CIC,NA,NA,NA,NA,0.0,0,-27.15,-19.9,[],0,0,[],[]
22229990,22230630,CHI,CHN,0.0,650,CIC,RC,2,TIMI,FI,1.0,430,-15.46,-9.06,"[{'Canonical-syllable': '1', 'Growl': '0', 'High-freq-energy': '0', 'Long-island': '0', 'Low-tilt-spectrum': '1', 'Medium-island': '1', 'Short-island': '0', 'Squeal': '0', 'Typical-entropy': '1', 'Voicing-quality': '1', 'Wide-band': '0', 'Xlong-island': '0', 'seq': '1', 'end': 22230.42, 'start': 22229.99}]",0,0,[],[]
22230630,22231630,MAL,MAN,5.72,650,CIC,RC,3,TIMR,FI,0.0,0,-22.4,-16.34,[],0,0,[],[]
22231630,22233070,NA,OLN,0.0,650,CIC,NA,NA,NA,NA,0.0,0,-26.34,-12.94,[],0,0,[],[]
22233070,22234100,OCH,CXN,0.0,650,CIC,RC,3,NT,FI,0.0,0,-21.11,-12.11,[],0,0,[],[]
22234100,22235040,NA,NOF,0.0,650,CIC,NA,NA,NA,NA,0.0,0,-40.82,-34.82,[],0,0,[],[]
22235040,22236040,FEM,FAN,2.4,650,CIC,RC,3,TIFI,FI,0.0,0,-20.15,-8.43,[],0,0,[],[]
22236040,22236840,NA,NOF,0.0,650,CIC,NA,NA,NA,NA,0.0,0,-44.59,-39.7,[],0,0,[],[]
22236840,22237650,NA,OLN,0.0,650,CIC,NA,NA,NA,NA,0.0,0,-18.02,-2.32,[],0,0,[],[]
22237650,22238390,CHI,CHN,0.0,650,CIC,RC,4,TIFR,FI,1.0,540,-18.58,-10.25,"[{'Canonical-syllable': '0', 'Growl': '0', 'High-freq-energy': '0', 'Long-island': '0', 'Low-tilt-spectrum': '0', 'Medium-island': '1', 'Short-island': '1', 'Squeal': '0', 'Typical-entropy': '2', 'Voicing-quality': '2', 'Wide-band': '0', 'Xlong-island': '0', 'seq': '1', 'end': 22238.19, 'start': 22237.65}]",0,0,[],[]
22238390,22239390,MAL,MAN,5.01,650,CIC,RC,4,TIME,FI,0.0,0,-16.91,-6.73,[],0,0,[],[]
22239390,22240300,OCH,CXN,0.0,650,CIC,RC,4,NT,FI,0.0,0,-17.69,-4.13,[],0,0,[],[]
22240300,22241140,CHI,CHN,0.0,650,CIC,RC,4,NT,FI,1.0,840,-23.67,-14.18,"[{'Canonical-syllable': '1', 'Growl': '0', 'High-freq-energy': '0', 'Long-island': '0', 'Low-tilt-spectrum': '1', 'Medium-island': '1', 'Short-island': '1', 'Squeal': '0', 'Typical-entropy': '2', 'Voicing-quality': '2', 'Wide-band': '0', 'Xlong-island': '0', 'seq': '1', 'end': 22241.14, 'start': 22240.3}]",0,0,[],[]
22241140,22242040,CHI,CHN,0.0,650,CIC,RC,4,NT,FH,1.0,900,-16.78,-9.39,"[{'Canonical-syllable': '0', 'Growl': '0', 'High-freq-energy': '0', 'Long-island': '1', 'Low-tilt-spectrum': '1', 'Medium-island': '0', 'Short-island': '0', 'Squeal': '0', 'Typical-entropy': '1', 'Voicing-quality': '1', 'Wide-band': '0', 'Xlong-island': '0', 'seq': '1', 'end': 22242.04, 'start': 22241.14}]",0,0,[],[]
22242040,22243030,NA,OLN,0.0,650,CIC,NA,NA,NA,NA,0.0,0,-15.74,-7.53,[],0,0,[],[]
22243030,22244000,OCH,CXN,0.0,650,CIC,RC,4,NT,FI,0.0,0,-14.58,-7.48,[],0,0,[],[]
22244000,22245730,CHI,CHN,0.0,650,CIC,NA,NA,NA,NA,0.0,0,-16.45,-2.58,[],0,1730,"[{'start': 22244.0, 'end': 22245.73}]",[]
22245730,22246820,OCH,CXN,0.0,650,CIC,RC,4,NT,FH,0.0,0,-15.14,-6.38,[],0,0,[],[]
22246820,22247420,CHI,CHN,0.0,650,CIC,RC,4,TIMI,FI,1.0,600,-18.99,-13.49,"[{'Canonical-syllable': '0', 'Growl': '0', 'High-freq-energy': '0', 'Long-island': '0', 'Low-tilt-spectrum': '1', 'Medium-island': '1', 'Short-island': '0', 'Squeal': '0', 'Typical-entropy': '1', 'Voicing-quality': '1', 'Wide-band': '0', 'Xlong-island': '0', 'seq': '1', 'end': 22247.42, 'start': 22246.82}]",0,0,[],[]
22247420,22249140,MAL,MAN,6.23,650,CIC,RC,5,TIMR,FI,0.0,0,-23.0,-12.7,[],0,0,[],[]
22249140,22250290,CHI,CHN,0.0,650,CIC,RC,5,TIME,FI,1.0,1150,-15.66,-3.81,"[{'Canonical-syllable': '1', 'Growl': '0', 'High-freq-energy': '0', 'Long-island': '0', 'Low-tilt-spectrum': '0', 'Medium-island': '2', 'Short-island': '0', 'Squeal': '0', 'Typical-entropy': '2', 'Voicing-quality': '2', 'Wide-band': '0', 'Xlong-island': '0', 'seq': '1', 'end': 22250.29, 'start': 22249.38}]",0,0,[],[]
22250290,22251350,OCH,CXN,0.0,650,CIC,RC,5,NT,FI,0.0,0,-17.1,-10.11,[],0,0,[],[]
22251350,22252360,MAL,MAN,2.48,650,CIC,RC,5,TIMI,FI,0.0,0,-17.27,-9.71,[],0,0,[],[]
22252360,22253160,NA,TVF,0.0,650,CIC,NA,NA,NA,NA,0.0,0,-35.5,-21.77,[],0,0,[],[]
22253160,22254240,CHI,CHN,0.0,650,CIC,RC,6,TIMR,FI,2.0,750,-13.91,-2.76,"[{'Canonical-syllable': '1', 'Growl': '0', 'High-freq-energy': '0', 'Long-island': '0', 'Low-tilt-spectrum': '1', 'Medium-island': '0', 'Short-island': '1', 'Squeal': '0', 'Typical-entropy': '1', 'Voicing-quality': '1', 'Wide-band': '0', 'Xlong-island': '0', 'seq': '1', 'end': 22253.43, 'start': 22253.16}, {'Canonical-syllable': '1', 'Growl': '0', 'High-freq-energy': '0', 'Long-island': '0', 'Low-tilt-spectrum': '0', 'Medium-island': '1', 'Short-island': '0', 'Squeal': '0', 'Typical-entropy': '1', 'Voicing-quality': '1', 'Wide-band': '0', 'Xlong-island': '0', 'seq': '2', 'end': 22254.24, 'start': 22253.76}]",0,0,[],[]
22254240,22255240,MAL,MAN,2.65,650,CIC,RC,6,TIMI,FI,0.0,0,-16.21,-7.8,[],0,0,[],[]
22255240,22256480,NA,OLN,0.0,650,CIC,NA,NA,NA,NA,0.0,0,-16.56,-6.4,[],0,0,[],[]
22256480,22257350,CHI,CHN,0.0,650,CIC,RC,7,TIMR,FI,1.0,870,-13.96,-3.73,"[{'Canonical-syllable': '0', 'Growl': '0', 'High-freq-energy': '1', 'Long-island': '0', 'Low-tilt-spectrum': '2', 'Medium-island': '1', 'Short-island': '1', 'Squeal': '0', 'Typical-entropy': '2', 'Voicing-quality': '2', 'Wide-band': '0', 'Xlong-island': '0', 'seq': '1', 'end': 22257.35, 'start': 22256.48}]",0,0,[],[]
22257350,22258150,NA,OLN,0.0,650,CIC,NA,NA,NA,NA,0.0,0,-35.33,-28.59,[],0,0,[],[]
22258150,22260330,CHI,CHN,0.0,650,CIC,NA,NA,NA,NA,0.0,0,-16.33,-5.99,[],0,2180,"[{'start': 22258.15, 'end': 22260.33}]",[]
22260330,22261590,NA,OLN,0.0,650,CIC,NA,NA,NA,NA,0.0,0,-16.93,-9.17,[],0,0,[],[]
22261590,22262320,CHI,CHN,0.0,650,CIC,EC,7,NT,FH,1.0,120,-19.46,-8.52,"[{'Canonical-syllable': '0', 'Growl': '0', 'High-freq-energy': '0', 'Long-island': '0', 'Low-tilt-spectrum': '0', 'Medium-island': '0', 'Short-island': '0', 'Squeal': '0', 'Typical-entropy': '1', 'Voicing-quality': '1', 'Wide-band': '1', 'Xlong-island': '0', 'seq': '1', 'end': 22262.32, 'start': 22262.2}]",0,0,[],[]
22262320,22264090,NA,OLN,0.0,651,pause,NA,NA,NA,NA,0.0,0,-19.1,-10.09,[],0,0,[],[]
22264090,22264890,NA,NOF,0.0,651,pause,NA,NA,NA,NA,0.0,0,-19.18,-4.2,[],0,0,[],[]
22264890,22266560,NA,OLN,0.0,651,pause,NA,NA,NA,NA,0.0,0,-20.68,-8.21,[],0,0,[],[]
22266560,22269010,CHI,CHN,0.0,651,pause,NA,NA,NA,NA,0.0,0,-15.41,-5.12,[],0,2450,"[{'start': 22266.56, 'end': 22269.01}]",[]
22269010,22269810,NA,NOF,0.0,651,pause,NA,NA,NA,NA,0.0,0,-39.13,-27.36,[],0,0,[],[]
22269810,22270810,NA,OLN,0.0,651,pause,NA,NA,NA,NA,0.0,0,-29.87,-24.32,[],0,0,[],[]
22270810,22271610,OCH,CXN,0.0,651,XIOCC,BC,0,NT,FI,0.0,0,-30.93,-24.68,[],0,0,[],[]
22271610,22272900,NA,NOF,0.0,651,XIOCC,NA,NA,NA,NA,0.0,0,-32.03,-15.48,[],0,0,[],[]
22272900,22273700,NA,OLN,0.0,651,XIOCC,NA,NA,NA,NA,0.0,0,-19.05,-6.41,[],0,0,[],[]
22273700,22274680,CHI,CHN,0.0,651,XIOCC,EC,0,NT,FI,1.0,980,-15.24,-8.49,"[{'Canonical-syllable': '0', 'Growl': '0', 'High-freq-energy': '0', 'Long-island': '0', 'Low-tilt-spectrum': '0', 'Medium-island': '0', 'Short-island': '0', 'Squeal': '0', 'Typical-entropy': '1', 'Voicing-quality': '1', 'Wide-band': '0', 'Xlong-island': '1', 'seq': '1', 'end': 22274.68, 'start': 22273.7}]",0,0,[],[]
22274680,22275680,CHI,CHN,0.0,652,pause,NA,NA,NA,NA,0.0,0,-15.49,-7.67,[],0,880,"[{'start': 22274.68, 'end': 22275.56}]",[]
22275680,22279140,CHI,CHN,0.0,652,pause,NA,NA,NA,NA,0.0,0,-15.24,-4.49,[],0,3140,"[{'start': 22275.84, 'end': 22278.53}, {'start': 22278.69, 'end': 22279.14}]",[]
22279140,22280410,NA,OLN,0.0,652,pause,NA,NA,NA,NA,0.0,0,-15.73,-1.28,[],0,0,[],[]
22280410,22281010,CHI,CHN,0.0,652,pause,NA,NA,NA,NA,0.0,0,-17.0,-7.69,[],0,410,"[{'start': 22280.6, 'end': 22281.01}]",[]
22281010,22281810,NA,OLN,0.0,652,pause,NA,NA,NA,NA,0.0,0,-25.76,-20.79,[],0,0,[],[]
22281810,22283320,CHI,CHN,0.0,652,CIC,BC,0,TIFI,FI,1.0,1510,-15.41,-11.1,"[{'Canonical-syllable': '0', 'Growl': '0', 'High-freq-energy': '0', 'Long-island': '0', 'Low-tilt-spectrum': '0', 'Medium-island': '0', 'Short-island': '0', 'Squeal': '0', 'Typical-entropy': '0', 'Voicing-quality': '1', 'Wide-band': '0', 'Xlong-island': '1', 'seq': '1', 'end': 22283.32, 'start': 22281.81}]",0,0,[],[]
22283320,22284970,NA,OLN,0.0,652,CIC,NA,NA,NA,NA,0.0,0,-17.0,-5.46,[],0,0,[],[]
22284970,22287510,CHI,CHN,0.0,652,CIC,NA,NA,NA,NA,0.0,0,-14.33,-4.7,[],0,2070,"[{'start': 22284.97, 'end': 22286.13}, {'start': 22286.46, 'end': 22287.37}]",[]
22287510,22288740,FEM,FAN,9.47,652,CIC,RC,1,TIFR,FI,0.0,0,-18.6,-7.76,[],0,0,[],[]
22288740,22289660,NA,OLN,0.0,652,CIC,NA,NA,NA,NA,0.0,0,-33.09,-22.05,[],0,0,[],[]
22289660,22290670,FEM,FAN,2.94,652,CIC,RC,1,NT,FH,0.0,0,-23.41,-13.1,[],0,0,[],[]
22290670,22292190,NA,OLN,0.0,652,CIC,NA,NA,NA,NA,0.0,0,-33.9,-24.27,[],0,0,[],[]
22292190,22292790,CHI,CHN,0.0,652,CIC,NA,NA,NA,NA,0.0,0,-18.87,-9.92,[],0,120,"[{'start': 22292.67, 'end': 22292.79}]",[]
22292790,22293620,NA,OLN,0.0,652,CIC,NA,NA,NA,NA,0.0,0,-26.5,-18.13,[],0,0,[],[]
22293620,22295090,CHI,CHN,0.0,652,CIC,NA,NA,NA,NA,0.0,0,-17.18,-5.84,[],0,1300,"[{'start': 22293.79, 'end': 22295.09}]",[]
22295090,22296240,MAL,MAN,6.56,652,CIC,RC,1,NT,FI,0.0,0,-15.35,-9.66,[],0,0,[],[]
22296240,22297500,CHI,CHN,0.0,652,CIC,RC,1,TIME,FI,2.0,480,-12.4,-2.89,"[{'Canonical-syllable': '0', 'Growl': '0', 'High-freq-energy': '0', 'Long-island': '0', 'Low-tilt-spectrum': '1', 'Medium-island': '0', 'Short-island': '1', 'Squeal': '1', 'Typical-entropy': '1', 'Voicing-quality': '0', 'Wide-band': '0', 'Xlong-island': '0', 'seq': '1', 'end': 22296.42, 'start': 22296.24}, {'Canonical-syllable': '0', 'Growl': '0', 'High-freq-energy': '0', 'Long-island': '0', 'Low-tilt-spectrum': '1', 'Medium-island': '1', 'Short-island': '0', 'Squeal': '1', 'Typical-entropy': '1', 'Voicing-quality': '1', 'Wide-band': '0', 'Xlong-island': '0', 'seq': '2', 'end': 22297.5, 'start': 22297.2}]",0,540,"[{'start': 22296.66, 'end': 22297.2}]",[]
22297500,22298800,CHI,CHN,0.0,652,CIC,RC,1,TIMI,FH,1.0,1300,-17.11,-9.49,"[{'Canonical-syllable': '2', 'Growl': '0', 'High-freq-energy': '0', 'Long-island': '0', 'Low-tilt-spectrum': '0', 'Medium-island': '2', 'Short-island': '1', 'Squeal': '0', 'Typical-entropy': '0', 'Voicing-quality': '3', 'Wide-band': '0', 'Xlong-island': '0', 'seq': '1', 'end': 22298.8, 'start': 22297.5}]",0,0,[],[]
22298800,22299520,NA,OLN,0.0,652,CIC,NA,NA,NA,NA,0.0,0,-18.45,-10.53,[],0,0,[],[]
22299520,22300740,MAL,MAN,3.66,652,CIC,RC,2,TIMR,FI,0.0,0,-15.79,-12.23,[],0,0,[],[]
22300740,22301550,NA,NOF,0.0,652,CIC,NA,NA,NA,NA,0.0,0,-34.38,-26.45,[],0,0,[],[]
22301550,22302350,CHI,CHN,0.0,652,CIC,RC,2,TIME,FI,1.0,710,-12.99,-5.05,"[{'Canonical-syllable': '0', 'Growl': '1', 'High-freq-energy': '0', 'Long-island': '0', 'Low-tilt-spectrum': '2', 'Medium-island': '1', 'Short-island': '0', 'Squeal': '0', 'Typical-entropy': '1', 'Voicing-quality': '2', 'Wide-band': '0', 'Xlong-island': '0', 'seq': '1', 'end': 22302.26, 'start': 22301.55}]",0,0,[],[]
22302350,22303020,CHI,CHN,0.0,652,CIC,NA,NA,NA,NA,0.0,0,-15.46,-6.3,[],0,670,"[{'start': 22302.35, 'end': 22302.67}]","[{'start': 22302.67, 'end': 22303.02}]"
22303020,22304180,CHI,CHN,0.0,652,CIC,RC,2,NT,FH,1.0,950,-16.04,-7.04,"[{'Canonical-syllable': '0', 'Growl': '0', 'High-freq-energy': '0', 'Long-island': '0', 'Low-tilt-spectrum': '0', 'Medium-island': '0', 'Short-island': '0', 'Squeal': '0', 'Typical-entropy': '0', 'Voicing-quality': '1', 'Wide-band': '0', 'Xlong-island': '1', 'seq': '1', 'end': 22303.97, 'start': 22303.02}]",0,0,[],[]
22304180,22306290,NA,OLN,0.0,652,CIC,NA,NA,NA,NA,0.0,0,-21.13,-4.7,[],0,0,[],[]
22306290,22307630,CHI,CHN,0.0,652,CIC,RC,2,NT,FH,1.0,1340,-13.74,-3.95,"[{'Canonical-syllable': '0', 'Growl': '1', 'High-freq-energy': '0', 'Long-island': '0', 'Low-tilt-spectrum': '1', 'Medium-island': '1', 'Short-island': '1', 'Squeal': '0', 'Typical-entropy': '4', 'Voicing-quality': '5', 'Wide-band': '0', 'Xlong-island': '0', 'seq': '1', 'end': 22307.63, 'start': 22306.29}]",0,0,[],[]
22307630,22308760,NA,OLN,0.0,652,CIC,NA,NA,NA,NA,0.0,0,-12.75,-3.16,[],0,0,[],[]
22308760,22309600,CHI,CHN,0.0,652,CIC,RC,2,NT,FH,1.0,840,-16.56,-10.14,"[{'Canonical-syllable': '0', 'Growl': '0', 'High-freq-energy': '0', 'Long-island': '1', 'Low-tilt-spectrum': '0', 'Medium-island': '0', 'Short-island': '0', 'Squeal': '0', 'Typical-entropy': '1', 'Voicing-quality': '1', 'Wide-band': '0', 'Xlong-island': '0', 'seq': '1', 'end': 22309.6, 'start': 22308.76}]",0,0,[],[]
22309600,22310640,NA,NON,0.0,652,CIC,NA,NA,NA,NA,0.0,0,-15.39,-4.67,[],0,0,[],[]
22310640,22311760,NA,OLN,0.0,652,CIC,NA,NA,NA,NA,0.0,0,-22.35,-11.05,[],0,0,[],[]
22311760,22312730,NA,NON,0.0,652,CIC,NA,NA,NA,NA,0.0,0,-21.15,-3.28,[],0,0,[],[]
22312730,22313640,CHI,CHN,0.0,652,CIC,RC,2,NT,FH,1.0,910,-18.02,-10.42,"[{'Canonical-syllable': '1', 'Growl': '1', 'High-freq-energy': '1', 'Long-island': '0', 'Low-tilt-spectrum': '2', 'Medium-island': '1', 'Short-island': '1', 'Squeal': '0', 'Typical-entropy': '2', 'Voicing-quality': '1', 'Wide-band': '1', 'Xlong-island': '0', 'seq': '1', 'end': 22313.64, 'start': 22312.73}]",0,0,[],[]
22313640,22314610,NA,OLN,0.0,652,CIC,NA,NA,NA,NA,0.0,0,-24.72,-15.52,[],0,0,[],[]
22314610,22315330,CHI,CHN,0.0,652,CIC,RC,2,NT,FH,1.0,720,-16.05,-6.32,"[{'Canonical-syllable': '0', 'Growl': '1', 'High-freq-energy': '1', 'Long-island': '0', 'Low-tilt-spectrum': '2', 'Medium-island': '1', 'Short-island': '0', 'Squeal': '0', 'Typical-entropy': '2', 'Voicing-quality': '2', 'Wide-band': '0', 'Xlong-island': '0', 'seq': '1', 'end': 22315.33, 'start': 22314.61}]",0,0,[],[]
22315330,22316130,NA,NON,0.0,652,CIC,NA,NA,NA,NA,0.0,0,-33.81,-19.8,[],0,0,[],[]
22316130,22316810,CHI,CHN,0.0,652,CIC,NA,NA,NA,NA,0.0,0,-19.33,-8.35,[],0,680,"[{'start': 22316.13, 'end': 22316.57}]","[{'start': 22316.57, 'end': 22316.81}]"
22316810,22317650,NA,OLN,0.0,652,CIC,NA,NA,NA,NA,0.0,0,-25.07,-10.14,[],0,0,[],[]
22317650,22319390,OCH,CXN,0.0,652,CIC,RC,2,NT,FI,0.0,0,-16.49,-7.9,[],0,0,[],[]
22319390,22320190,NA,OLN,0.0,652,CIC,NA,NA,NA,NA,0.0,0,-22.61,-10.05,[],0,0,[],[]
22320190,22321190,CHI,CHN,0.0,652,CIC,RC,2,NT,FI,1.0,1000,-15.06,-7.52,"[{'Canonical-syllable': '0', 'Growl': '0', 'High-freq-energy': '0', 'Long-island': '0', 'Low-tilt-spectrum': '1', 'Medium-island': '2', 'Short-island': '0', 'Squeal': '0', 'Typical-entropy': '1', 'Voicing-quality': '2', 'Wide-band': '0', 'Xlong-island': '0', 'seq': '1', 'end': 22321.19, 'start': 22320.19}]",0,0,[],[]
22321190,22321990,NA,FAF,0.0,652,CIC,NA,NA,NA,NA,0.0,0,-46.01,-38.59,[],0,0,[],[]
22321990,22322820,NA,OLF,0.0,652,CIC,NA,NA,NA,NA,0.0,0,-42.63,-38.6,[],0,0,[],[]
22322820,22323880,NA,OLN,0.0,652,CIC,NA,NA,NA,NA,0.0,0,-36.11,-25.93,[],0,0,[],[]
22323880,22324790,NA,NOF,0.0,652,CIC,NA,NA,NA,NA,0.0,0,-31.11,-20.11,[],0,0,[],[]
22324790,22325660,NA,OLN,0.0,652,CIC,NA,NA,NA,NA,0.0,0,-29.42,-17.31,[],0,0,[],[]
22325660,22326680,OCH,CXN,0.0,652,CIC,RC,2,NT,FI,0.0,0,-18.64,-6.17,[],0,0,[],[]
22326680,22327590,CHI,CHN,0.0,652,CIC,RC,2,NT,FI,1.0,560,-18.71,-10.94,"[{'Canonical-syllable': '1', 'Growl': '0', 'High-freq-energy': '0', 'Long-island': '0', 'Low-tilt-spectrum': '0', 'Medium-island': '1', 'Short-island': '0', 'Squeal': '0', 'Typical-entropy': '0', 'Voicing-quality': '1', 'Wide-band': '0', 'Xlong-island': '0', 'seq': '1', 'end': 22327.59, 'start': 22327.03}]",0,0,[],[]
22327590,22328390,NA,OLF,0.0,652,CIC,NA,NA,NA,NA,0.0,0,-27.16,-13.67,[],0,0,[],[]
22328390,22329990,CHI,CHN,0.0,652,CIC,NA,NA,NA,NA,0.0,0,-15.02,-4.5,[],0,1600,"[{'start': 22328.39, 'end': 22329.99}]",[]
22329990,22330860,NA,OLF,0.0,652,CIC,NA,NA,NA,NA,0.0,0,-31.02,-16.94,[],0,0,[],[]
22330860,22331860,CHI,CHN,0.0,652,CIC,RC,2,NT,FH,1.0,1000,-16.6,-8.11,"[{'Canonical-syllable': '1', 'Growl': '0', 'High-freq-energy': '0', 'Long-island': '0', 'Low-tilt-spectrum': '0', 'Medium-island': '1', 'Short-island': '0', 'Squeal': '0', 'Typical-entropy': '1', 'Voicing-quality': '2', 'Wide-band': '0', 'Xlong-island': '0', 'seq': '1', 'end': 22331.86, 'start': 22330.99}]",0,0,[],[]
22331860,22332660,NA,OLN,0.0,652,CIC,NA,NA,NA,NA,0.0,0,-25.96,-15.8,[],0,0,[],[]
22332660,22334590,CHI,CHN,0.0,652,CIC,RC,2,NT,FH,1.0,1930,-17.88,-10.74,"[{'Canonical-syllable': '0', 'Growl': '0', 'High-freq-energy': '0', 'Long-island': '2', 'Low-tilt-spectrum': '1', 'Medium-island': '0', 'Short-island': '0', 'Squeal': '0', 'Typical-entropy': '1', 'Voicing-quality': '2', 'Wide-band': '1', 'Xlong-island': '0', 'seq': '1', 'end': 22334.59, 'start': 22332.66}]",0,0,[],[]
22334590,22336170,NA,NOF,0.0,652,CIC,NA,NA,NA,NA,0.0,0,-40.34,-29.14,[],0,0,[],[]
22336170,22337470,CHI,CHN,0.0,652,CIC,NA,NA,NA,NA,0.0,0,-14.26,-3.84,[],0,1200,"[{'start': 22336.27, 'end': 22337.47}]",[]
22337470,22339560,CHI,CHN,0.0,652,CIC,RC,2,NT,FH,2.0,1240,-16.63,-2.4,"[{'Canonical-syllable': '0', 'Growl': '0', 'High-freq-energy': '0', 'Long-island': '0', 'Low-tilt-spectrum': '0', 'Medium-island': '0', 'Short-island': '1', 'Squeal': '0', 'Typical-entropy': '0', 'Voicing-quality': '2', 'Wide-band': '0', 'Xlong-island': '0', 'seq': '1', 'end': 22338.0, 'start': 22337.47}, {'Canonical-syllable': '0', 'Growl': '0', 'High-freq-energy': '0', 'Long-island': '0', 'Low-tilt-spectrum': '0', 'Medium-island': '1', 'Short-island': '0', 'Squeal': '0', 'Typical-entropy': '0', 'Voicing-quality': '3', 'Wide-band': '0', 'Xlong-island': '0', 'seq': '2', 'end': 22339.34, 'start': 22338.63}]",0,0,[],[]
22339560,22340420,CHI,CHN,0.0,652,CIC,NA,NA,NA,NA,0.0,0,-13.28,-2.9,[],0,760,"[{'start': 22339.56, 'end': 22340.32}]",[]
22340420,22342190,NA,OLN,0.0,652,CIC,NA,NA,NA,NA,0.0,0,-16.28,-3.26,[],0,0,[],[]
22342190,22343870,NA,OLF,0.0,652,CIC,NA,NA,NA,NA,0.0,0,-18.44,-4.79,[],0,0,[],[]
22343870,22344730,CHI,CHN,0.0,652,CIC,RC,2,NT,FH,1.0,860,-14.77,-4.24,"[{'Canonical-syllable': '1', 'Growl': '0', 'High-freq-energy': '0', 'Long-island': '0', 'Low-tilt-spectrum': '1', 'Medium-island': '0', 'Short-island': '3', 'Squeal': '0', 'Typical-entropy': '2', 'Voicing-quality': '3', 'Wide-band': '0', 'Xlong-island': '0', 'seq': '1', 'end': 22344.73, 'start': 22343.99}]",0,0,[],[]
22344730,22345790,NA,OLF,0.0,652,CIC,NA,NA,NA,NA,0.0,0,-17.51,-3.78,[],0,0,[],[]
22345790,22347920,CHI,CHN,0.0,652,CIC,NA,NA,NA,NA,0.0,0,-15.07,-5.63,[],0,2130,"[{'start': 22345.79, 'end': 22347.92}]",[]
22347920,22349590,NA,OLN,0.0,652,CIC,NA,NA,NA,NA,0.0,0,-15.17,-3.99,[],0,0,[],[]
22349590,22350640,CHI,CHN,0.0,652,CIC,EC,2,NT,FH,1.0,1050,-14.31,-4.91,"[{'Canonical-syllable': '1', 'Growl': '0', 'High-freq-energy': '0', 'Long-island': '0', 'Low-tilt-spectrum': '0', 'Medium-island': '1', 'Short-island': '2', 'Squeal': '0', 'Typical-entropy': '2', 'Voicing-quality': '3', 'Wide-band': '0', 'Xlong-island': '0', 'seq': '1', 'end': 22350.64, 'start': 22349.59}]",0,0,[],[]
22350640,22351480,NA,OLN,0.0,653,pause,NA,NA,NA,NA,0.0,0,-19.71,-9.4,[],0,0,[],[]
22351480,22354280,CHI,CHN,0.0,653,pause,NA,NA,NA,NA,0.0,0,-14.86,-5.24,[],0,2580,"[{'start': 22351.48, 'end': 22352.78}, {'start': 22353.0, 'end': 22354.28}]",[]
22354280,22355350,CHI,CHN,0.0,653,pause,NA,NA,NA,NA,0.0,0,-17.41,-7.55,[],0,940,"[{'start': 22354.28, 'end': 22355.22}]",[]
22355350,22356670,CHI,CHN,0.0,653,pause,NA,NA,NA,NA,0.0,0,-15.71,-5.75,[],0,990,"[{'start': 22355.68, 'end': 22356.67}]",[]
22356670,22357780,OCH,CXN,0.0,653,XIC,BC,0,NT,FI,0.0,0,-16.69,-3.84,[],0,0,[],[]
22357780,22358390,OCH,CXN,0.0,653,XIC,RC,0,NT,FH,0.0,0,-13.07,-4.82,[],0,0,[],[]
22358390,22359190,OCH,CXN,0.0,653,XIC,RC,0,NT,FH,0.0,0,-22.68,-15.14,[],0,0,[],[]
22359190,22360220,FEM,FAN,9.34,653,XIC,RC,0,NT,FI,0.0,0,-16.8,-4.86,[],0,0,[],[]
22360220,22361030,OCH,CXN,0.0,653,XIC,RC,0,NT,FI,0.0,0,-21.89,-13.2,[],0,0,[],[]
22361030,22362170,CHI,CHN,0.0,653,XIC,NA,NA,NA,NA,0.0,0,-15.43,-9.91,[],0,970,"[{'start': 22361.2, 'end': 22362.17}]",[]
22362170,22363350,CHI,CHN,0.0,653,XIC,NA,NA,NA,NA,0.0,0,-15.59,-7.94,[],0,1180,"[{'start': 22362.17, 'end': 22363.35}]",[]
22363350,22364430,NA,OLN,0.0,653,XIC,NA,NA,NA,NA,0.0,0,-18.25,-6.45,[],0,0,[],[]
22364430,22365260,CHI,CHN,0.0,653,XIC,RC,0,NT,FI,1.0,830,-14.73,-10.86,"[{'Canonical-syllable': '0', 'Growl': '0', 'High-freq-energy': '0', 'Long-island': '1', 'Low-tilt-spectrum': '0', 'Medium-island': '0', 'Short-island': '0', 'Squeal': '0', 'Typical-entropy': '0', 'Voicing-quality': '1', 'Wide-band': '0', 'Xlong-island': '0', 'seq': '1', 'end': 22365.26, 'start': 22364.43}]",0,0,[],[]
22365260,22366800,NA,OLN,0.0,653,XIC,NA,NA,NA,NA,0.0,0,-30.03,-23.3,[],0,0,[],[]
22366800,22367490,CHI,CHN,0.0,653,XIC,RC,0,TIFI,FH,1.0,690,-14.63,-6.28,"[{'Canonical-syllable': '0', 'Growl': '0', 'High-freq-energy': '0', 'Long-island': '1', 'Low-tilt-spectrum': '0', 'Medium-island': '0', 'Short-island': '0', 'Squeal': '0', 'Typical-entropy': '1', 'Voicing-quality': '1', 'Wide-band': '0', 'Xlong-island': '0', 'seq': '1', 'end': 22367.49, 'start': 22366.8}]",0,0,[],[]
22367490,22368490,FEM,FAN,2.73,653,XIC,RC,1,TIFR,FI,0.0,0,-21.9,-10.64,[],0,0,[],[]
22368490,22369290,NA,OLN,0.0,653,XIC,NA,NA,NA,NA,0.0,0,-22.32,-13.16,[],0,0,[],[]
22369290,22370340,CHI,CHN,0.0,653,XIC,RC,1,TIFE,FI,1.0,1050,-14.38,-6.92,"[{'Canonical-syllable': '0', 'Growl': '0', 'High-freq-energy': '1', 'Long-island': '0', 'Low-tilt-spectrum': '1', 'Medium-island': '0', 'Short-island': '0', 'Squeal': '0', 'Typical-entropy': '1', 'Voicing-quality': '1', 'Wide-band': '0', 'Xlong-island': '1', 'seq': '1', 'end': 22370.34, 'start': 22369.29}]",0,0,[],[]
22370340,22371140,OCH,CXN,0.0,653,XIC,RC,1,NT,FI,0.0,0,-17.09,-5.94,[],0,0,[],[]
22371140,22371750,CHI,CHN,0.0,653,XIC,EC,1,NT,FI,1.0,610,-17.7,-10.61,"[{'Canonical-syllable': '0', 'Growl': '0', 'High-freq-energy': '0', 'Long-island': '0', 'Low-tilt-spectrum': '0', 'Medium-island': '0', 'Short-island': '2', 'Squeal': '0', 'Typical-entropy': '0', 'Voicing-quality': '2', 'Wide-band': '1', 'Xlong-island': '0', 'seq': '1', 'end': 22371.75, 'start': 22371.14}]",0,0,[],[]
22371750,22374690,NA,OLN,0.0,654,pause,NA,NA,NA,NA,0.0,0,-25.65,-14.13,[],0,0,[],[]
22374690,22375650,CHI,CHN,0.0,654,pause,NA,NA,NA,NA,0.0,0,-15.5,-8.06,[],0,960,"[{'start': 22374.69, 'end': 22375.65}]",[]
22375650,22376450,NA,OLN,0.0,654,pause,NA,NA,NA,NA,0.0,0,-16.29,-6.76,[],0,0,[],[]
22376450,22377450,CHI,CHN,0.0,654,pause,NA,NA,NA,NA,0.0,0,-18.02,-10.99,[],0,1000,"[{'start': 22376.45, 'end': 22377.45}]",[]
22377450,22378250,NA,OLN,0.0,654,pause,NA,NA,NA,NA,0.0,0,-16.38,-7.71,[],0,0,[],[]
22378250,22379250,FEM,FAN,5.29,654,AICF,BC,0,TIFI,FI,0.0,0,-17.94,-7.89,[],0,0,[],[]
22379250,22380180,NA,OLN,0.0,654,AICF,NA,NA,NA,NA,0.0,0,-18.29,-9.71,[],0,0,[],[]
22380180,22380780,CHI,CHN,0.0,654,AICF,NA,NA,NA,NA,0.0,0,-14.29,-9.09,[],0,600,"[{'start': 22380.18, 'end': 22380.78}]",[]
22380780,22381610,NA,OLN,0.0,654,AICF,NA,NA,NA,NA,0.0,0,-14.86,-5.16,[],0,0,[],[]
22381610,22382490,CHI,CHN,0.0,654,AICF,RC,1,TIFR,FI,1.0,720,-16.0,-6.06,"[{'Canonical-syllable': '0', 'Growl': '0', 'High-freq-energy': '1', 'Long-island': '0', 'Low-tilt-spectrum': '1', 'Medium-island': '2', 'Short-island': '0', 'Squeal': '1', 'Typical-entropy': '2', 'Voicing-quality': '2', 'Wide-band': '0', 'Xlong-island': '0', 'seq': '1', 'end': 22382.33, 'start': 22381.61}]",0,0,[],[]
22382490,22383380,NA,OLN,0.0,654,AICF,NA,NA,NA,NA,0.0,0,-22.74,-7.58,[],0,0,[],[]
22383380,22384020,CHI,CHN,0.0,654,AICF,NA,NA,NA,NA,0.0,0,-14.54,-3.39,[],0,330,"[{'start': 22383.49, 'end': 22383.82}]",[]
22384020,22385010,NA,OLN,0.0,654,AICF,NA,NA,NA,NA,0.0,0,-23.3,-13.31,[],0,0,[],[]
22385010,22388140,OCH,CXN,0.0,654,AICF,RC,1,NT,FI,0.0,0,-17.2,-9.08,[],0,0,[],[]
22388140,22389610,OCH,CXN,0.0,654,AICF,RC,1,NT,FH,0.0,0,-24.04,-11.06,[],0,0,[],[]
22389610,22390350,CHI,CHN,0.0,654,AICF,NA,NA,NA,NA,0.0,0,-16.71,-7.24,[],0,740,"[{'start': 22389.61, 'end': 22390.35}]",[]
22390350,22391650,OCH,CXN,0.0,654,AICF,RC,1,NT,FH,0.0,0,-17.28,-7.91,[],0,0,[],[]
22391650,22392680,CHI,CHN,0.0,654,AICF,NA,NA,NA,NA,0.0,0,-15.17,-10.41,[],0,1030,"[{'start': 22391.65, 'end': 22392.68}]",[]
22392680,22393840,NA,OLN,0.0,654,AICF,NA,NA,NA,NA,0.0,0,-20.71,-7.82,[],0,0,[],[]
22393840,22394770,CHI,CHN,0.0,654,AICF,RC,1,NT,FI,1.0,930,-16.46,-10.16,"[{'Canonical-syllable': '0', 'Growl': '0', 'High-freq-energy': '0', 'Long-island': '1', 'Low-tilt-spectrum': '0', 'Medium-island': '0', 'Short-island': '0', 'Squeal': '0', 'Typical-entropy': '0', 'Voicing-quality': '1', 'Wide-band': '0', 'Xlong-island': '0', 'seq': '1', 'end': 22394.77, 'start': 22394.06}]",0,0,[],[]
22394770,22395580,OCH,CXN,0.0,654,AICF,RC,1,NT,FI,0.0,0,-17.84,-7.78,[],0,0,[],[]
22395580,22396580,CHI,CHN,0.0,654,AICF,RC,1,NT,FI,1.0,710,-13.93,-3.21,"[{'Canonical-syllable': '0', 'Growl': '0', 'High-freq-energy': '0', 'Long-island': '1', 'Low-tilt-spectrum': '0', 'Medium-island': '0', 'Short-island': '0', 'Squeal': '0', 'Typical-entropy': '1', 'Voicing-quality': '1', 'Wide-band': '0', 'Xlong-island': '0', 'seq': '1', 'end': 22396.29, 'start': 22395.58}]",0,0,[],[]
22396580,22397520,OCH,CXN,0.0,654,AICF,RC,1,NT,FI,0.0,0,-17.08,-8.16,[],0,0,[],[]
22397520,22398210,CHI,CHN,0.0,654,AICF,NA,NA,NA,NA,0.0,0,-16.3,-11.56,[],0,690,"[{'start': 22397.52, 'end': 22398.21}]",[]
22398210,22399020,OCH,CXN,0.0,654,AICF,RC,1,NT,FH,0.0,0,-24.09,-14.29,[],0,0,[],[]
22399020,22400030,CHI,CHN,0.0,654,AICF,NA,NA,NA,NA,0.0,0,-13.83,-4.87,[],0,1010,"[{'start': 22399.02, 'end': 22400.03}]",[]
22400030,22401210,NA,OLN,0.0,654,AICF,NA,NA,NA,NA,0.0,0,-19.03,-5.22,[],0,0,[],[]
22401210,22404200,CHI,CHN,0.0,654,AICF,RC,1,TIFI,FI,2.0,2380,-14.54,-2.54,"[{'Canonical-syllable': '0', 'Growl': '0', 'High-freq-energy': '0', 'Long-island': '0', 'Low-tilt-spectrum': '0', 'Medium-island': '0', 'Short-island': '0', 'Squeal': '1', 'Typical-entropy': '1', 'Voicing-quality': '1', 'Wide-band': '0', 'Xlong-island': '1', 'seq': '1', 'end': 22402.21, 'start': 22401.29}, {'Canonical-syllable': '0', 'Growl': '0', 'High-freq-energy': '0', 'Long-island': '0', 'Low-tilt-spectrum': '1', 'Medium-island': '1', 'Short-island': '2', 'Squeal': '3', 'Typical-entropy': '2', 'Voicing-quality': '4', 'Wide-band': '0', 'Xlong-island': '0', 'seq': '2', 'end': 22404.2, 'start': 22402.82}]",0,0,[],[]
22404200,22405240,CHI,CHN,0.0,654,AICF,NA,NA,NA,NA,0.0,0,-16.43,-4.94,[],0,960,"[{'start': 22404.28, 'end': 22405.24}]",[]
22405240,22406370,NA,OLN,0.0,654,AICF,NA,NA,NA,NA,0.0,0,-21.02,-3.88,[],0,0,[],[]
22406370,22408180,FEM,FAN,8.39,654,AICF,EC,2,TIFR,FI,0.0,0,-21.54,-10.57,[],0,0,[],[]
22408180,22408980,NA,OLN,0.0,655,pause,NA,NA,NA,NA,0.0,0,-29.3,-17.91,[],0,0,[],[]
22408980,22412490,CHI,CHN,0.0,655,pause,NA,NA,NA,NA,0.0,0,-14.94,-7.81,[],0,3510,"[{'start': 22408.98, 'end': 22412.49}]",[]
22412490,22413730,CHI,CHN,0.0,655,pause,NA,NA,NA,NA,0.0,0,-17.06,-9.63,[],0,1100,"[{'start': 22412.49, 'end': 22413.59}]",[]
22413730,22414850,CHI,CHN,0.0,655,pause,NA,NA,NA,NA,0.0,0,-14.66,-7.14,[],0,1120,"[{'start': 22413.73, 'end': 22414.85}]",[]
22414850,22415950,FEM,FAN,8.11,655,AICF,BC,0,NT,FI,0.0,0,-20.53,-12.59,[],0,0,[],[]
22415950,22416780,NA,OLN,0.0,655,AICF,NA,NA,NA,NA,0.0,0,-18.47,-7.95,[],0,0,[],[]
22416780,22417580,OCH,CXN,0.0,655,AICF,RC,0,NT,FI,0.0,0,-18.03,-6.93,[],0,0,[],[]
22417580,22418650,CHI,CHN,0.0,655,AICF,NA,NA,NA,NA,0.0,0,-14.68,-6.65,[],0,1070,"[{'start': 22417.58, 'end': 22418.65}]",[]
22418650,22419880,FEM,FAN,2.32,655,AICF,RC,0,NT,FI,0.0,0,-30.35,-23.81,[],0,0,[],[]
22419880,22420480,CHI,CHN,0.0,655,AICF,NA,NA,NA,NA,0.0,0,-14.14,-7.93,[],0,600,"[{'start': 22419.88, 'end': 22420.48}]",[]
22420480,22421280,OCH,CXN,0.0,655,AICF,RC,0,NT,FI,0.0,0,-16.27,-7.49,[],0,0,[],[]
22421280,22422240,CHI,CHN,0.0,655,AICF,NA,NA,NA,NA,0.0,0,-13.92,-8.85,[],0,960,"[{'start': 22421.28, 'end': 22422.24}]",[]
22422240,22424080,OCH,CXN,0.0,655,AICF,RC,0,NT,FH,0.0,0,-15.07,-5.29,[],0,0,[],[]
22424080,22425140,CHI,CHN,0.0,655,AICF,NA,NA,NA,NA,0.0,0,-16.12,-9.0,[],0,1060,"[{'start': 22424.08, 'end': 22425.14}]",[]
22425140,22426140,FEM,FAN,5.35,655,AICF,RC,0,NT,FI,0.0,0,-26.36,-17.66,[],0,0,[],[]
22426140,22426970,CHI,CHN,0.0,655,AICF,NA,NA,NA,NA,0.0,0,-14.84,-5.63,[],0,570,"[{'start': 22426.4, 'end': 22426.97}]",[]
22426970,22428220,OCH,CXN,0.0,655,AICF,RC,0,NT,FI,0.0,0,-15.79,-7.72,[],0,0,[],[]
22428220,22429980,CHI,CHN,0.0,655,AICF,NA,NA,NA,NA,0.0,0,-14.56,-6.05,[],0,1760,"[{'start': 22428.22, 'end': 22429.98}]",[]
22429980,22431190,NA,OLN,0.0,655,AICF,NA,NA,NA,NA,0.0,0,-25.32,-14.76,[],0,0,[],[]
22431190,22432170,CHI,CHN,0.0,655,AICF,NA,NA,NA,NA,0.0,0,-13.63,-2.54,[],0,890,"[{'start': 22431.19, 'end': 22432.08}]",[]
22432170,22432770,CHI,CHN,0.0,655,AICF,NA,NA,NA,NA,0.0,0,-19.98,-9.02,[],0,490,"[{'start': 22432.17, 'end': 22432.66}]",[]
22432770,22436040,FEM,FAN,15.08,655,AICF,RC,0,TIFI,FI,0.0,0,-20.98,-3.73,[],0,0,[],[]
22436040,22436860,NA,MAF,0.0,655,AICF,NA,NA,NA,NA,0.0,0,-47.19,-41.13,[],0,0,[],[]
22436860,22437860,CHI,CHN,0.0,655,AICF,RC,1,TIFR,FI,1.0,530,-27.46,-17.01,"[{'Canonical-syllable': '0', 'Growl': '0', 'High-freq-energy': '0', 'Long-island': '0', 'Low-tilt-spectrum': '1', 'Medium-island': '1', 'Short-island': '0', 'Squeal': '0', 'Typical-entropy': '1', 'Voicing-quality': '1', 'Wide-band': '0', 'Xlong-island': '0', 'seq': '1', 'end': 22437.39, 'start': 22437.13}]",0,0,[],[]
22437860,22438660,NA,NOF,0.0,655,AICF,NA,NA,NA,NA,0.0,0,-38.38,-21.84,[],0,0,[],[]
22438660,22439280,CHI,CHN,0.0,655,AICF,NA,NA,NA,NA,0.0,0,-15.15,-7.17,[],0,510,"[{'start': 22438.77, 'end': 22438.97}]","[{'start': 22438.97, 'end': 22439.28}]"
22439280,22440410,NA,OLN,0.0,655,AICF,NA,NA,NA,NA,0.0,0,-13.87,-1.41,[],0,0,[],[]
22440410,22441920,FEM,FAN,10.12,655,AICF,RC,1,TIFI,FI,0.0,0,-16.54,-2.18,[],0,0,[],[]
22441920,22442750,NA,OLN,0.0,655,AICF,NA,NA,NA,NA,0.0,0,-22.57,-11.33,[],0,0,[],[]
22442750,22443450,CHI,CHN,0.0,655,AICF,NA,NA,NA,NA,0.0,0,-13.38,-3.67,[],0,700,"[{'start': 22442.75, 'end': 22443.45}]",[]
22443450,22444450,CHI,CHN,0.0,655,AICF,NA,NA,NA,NA,0.0,0,-15.47,-7.81,[],0,1000,"[{'start': 22443.45, 'end': 22443.99}]","[{'start': 22443.99, 'end': 22444.45}]"
22444450,22445110,CHI,CHN,0.0,655,AICF,RC,2,TIFR,FI,1.0,660,-16.28,-6.69,"[{'Canonical-syllable': '1', 'Growl': '0', 'High-freq-energy': '0', 'Long-island': '0', 'Low-tilt-spectrum': '0', 'Medium-island': '1', 'Short-island': '0', 'Squeal': '0', 'Typical-entropy': '0', 'Voicing-quality': '1', 'Wide-band': '0', 'Xlong-island': '0', 'seq': '1', 'end': 22445.11, 'start': 22444.62}]",0,0,[],[]
22445110,22446470,NA,OLN,0.0,655,AICF,NA,NA,NA,NA,0.0,0,-15.57,-5.01,[],0,0,[],[]
22446470,22447070,FEM,FAN,1.91,655,AICF,RC,2,TIFE,FI,0.0,0,-17.46,-7.05,[],0,0,[],[]
22447070,22448010,NA,OLN,0.0,655,AICF,NA,NA,NA,NA,0.0,0,-13.47,-0.84,[],0,0,[],[]
22448010,22449510,FEM,FAN,10.78,655,AICF,RC,2,TIFI,FH,0.0,0,-15.41,-7.28,[],0,0,[],[]
22449510,22450330,NA,OLN,0.0,655,AICF,NA,NA,NA,NA,0.0,0,-15.64,-10.35,[],0,0,[],[]
22450330,22451140,CHI,CHN,0.0,655,AICF,RC,3,TIFR,FI,1.0,810,-14.44,-3.09,"[{'Canonical-syllable': '1', 'Growl': '0', 'High-freq-energy': '0', 'Long-island': '0', 'Low-tilt-spectrum': '0', 'Medium-island': '1', 'Short-island': '0', 'Squeal': '0', 'Typical-entropy': '2', 'Voicing-quality': '2', 'Wide-band': '0', 'Xlong-island': '0', 'seq': '1', 'end': 22451.14, 'start': 22450.33}]",0,0,[],[]
22451140,22454240,NA,OLN,0.0,655,AICF,NA,NA,NA,NA,0.0,0,-16.48,-6.07,[],0,0,[],[]
22454240,22455240,FEM,FAN,3.73,655,AICF,RC,3,TIFI,FI,0.0,0,-26.07,-18.89,[],0,0,[],[]
22455240,22456110,NA,OLN,0.0,655,AICF,NA,NA,NA,NA,0.0,0,-31.47,-26.38,[],0,0,[],[]
22456110,22457120,NA,NOF,0.0,655,AICF,NA,NA,NA,NA,0.0,0,-40.66,-33.67,[],0,0,[],[]
22457120,22458210,CHI,CHN,0.0,655,AICF,RC,4,TIFR,FI,1.0,1090,-13.65,-3.5,"[{'Canonical-syllable': '0', 'Growl': '1', 'High-freq-energy': '0', 'Long-island': '0', 'Low-tilt-spectrum': '3', 'Medium-island': '1', 'Short-island': '1', 'Squeal': '0', 'Typical-entropy': '3', 'Voicing-quality': '3', 'Wide-band': '0', 'Xlong-island': '0', 'seq': '1', 'end': 22458.21, 'start': 22457.12}]",0,0,[],[]
22458210,22459870,FEM,FAN,11.02,655,AICF,RC,4,TIFE,FI,0.0,0,-18.45,-10.17,[],0,0,[],[]
22459870,22460670,NA,OLN,0.0,655,AICF,NA,NA,NA,NA,0.0,0,-33.51,-22.13,[],0,0,[],[]
22460670,22462770,FEM,FAN,9.56,655,AICF,EC,4,NT,FH,0.0,0,-22.47,-11.18,[],0,0,[],[]
22462770,22468870,NA,OLN,0.0,656,pause,NA,NA,NA,NA,0.0,0,-26.55,-11.11,[],0,0,[],[]
22468870,22469680,NA,NOF,0.0,656,pause,NA,NA,NA,NA,0.0,0,-37.75,-28.89,[],0,0,[],[]
22469680,22470680,NA,FAF,0.0,656,pause,NA,NA,NA,NA,0.0,0,-46.74,-33.89,[],0,0,[],[]
22470680,22472060,NA,NOF,0.0,656,pause,NA,NA,NA,NA,0.0,0,-43.76,-28.71,[],0,0,[],[]
22472060,22473770,NA,OLN,0.0,656,pause,NA,NA,NA,NA,0.0,0,-30.55,-14.5,[],0,0,[],[]
22473770,22474640,NA,NON,0.0,656,pause,NA,NA,NA,NA,0.0,0,-17.79,-5.29,[],0,0,[],[]
22474640,22475250,NA,FAF,0.0,656,pause,NA,NA,NA,NA,0.0,0,-47.62,-41.96,[],0,0,[],[]
22475250,22476100,NA,NOF,0.0,656,pause,NA,NA,NA,NA,0.0,0,-38.61,-25.15,[],0,0,[],[]
22476100,22477570,NA,FAF,0.0,656,pause,NA,NA,NA,NA,0.0,0,-40.39,-29.37,[],0,0,[],[]
22477570,22480150,NA,OLN,0.0,656,pause,NA,NA,NA,NA,0.0,0,-24.09,-6.9,[],0,0,[],[]
22480150,22481510,NA,NON,0.0,656,pause,NA,NA,NA,NA,0.0,0,-25.48,-12.48,[],0,0,[],[]
22481510,22484380,NA,OLN,0.0,656,pause,NA,NA,NA,NA,0.0,0,-20.54,-3.63,[],0,0,[],[]
22484380,22485390,OCH,CXN,0.0,656,XM,EC,0,NT,FI,0.0,0,-22.58,-12.12,[],0,0,[],[]
22485390,22486720,NA,OLN,0.0,657,pause,NA,NA,NA,NA,0.0,0,-23.85,-13.91,[],0,0,[],[]
22486720,22487880,NA,NOF,0.0,657,pause,NA,NA,NA,NA,0.0,0,-17.67,-5.03,[],0,0,[],[]
22487880,22490440,NA,OLN,0.0,657,pause,NA,NA,NA,NA,0.0,0,-33.88,-19.37,[],0,0,[],[]
22490440,22491440,FEM,FAN,7.06,657,AIOCCXF,BC,0,NT,FI,0.0,0,-25.17,-17.22,[],0,0,[],[]
22491440,22492410,OCH,CXN,0.0,657,AIOCCXF,RC,0,NT,FI,0.0,0,-15.59,-5.34,[],0,0,[],[]
22492410,22493460,OCH,CXN,0.0,657,AIOCCXF,RC,0,NT,FH,0.0,0,-21.66,-7.79,[],0,0,[],[]
22493460,22494290,OCH,CXN,0.0,657,AIOCCXF,RC,0,NT,FH,0.0,0,-17.28,-6.37,[],0,0,[],[]
22494290,22496040,NA,OLN,0.0,657,AIOCCXF,NA,NA,NA,NA,0.0,0,-17.81,-7.2,[],0,0,[],[]
22496040,22496840,OCH,CXN,0.0,657,AIOCCXF,RC,0,NT,FH,0.0,0,-17.99,-9.21,[],0,0,[],[]
22496840,22500600,NA,OLN,0.0,657,AIOCCXF,NA,NA,NA,NA,0.0,0,-15.06,-2.15,[],0,0,[],[]
22500600,22501200,OCH,CXN,0.0,657,AIOCCXF,RC,0,NT,FH,0.0,0,-17.53,-8.76,[],0,0,[],[]
22501200,22502000,NA,OLN,0.0,657,AIOCCXF,NA,NA,NA,NA,0.0,0,-15.07,-3.08,[],0,0,[],[]
22502000,22502800,CHI,CHN,0.0,657,AIOCCXF,NA,NA,NA,NA,0.0,0,-16.78,-9.25,[],0,800,"[{'start': 22502.0, 'end': 22502.8}]",[]
22502800,22503840,CHI,CHN,0.0,657,AIOCCXF,RC,0,NT,FI,2.0,410,-14.58,-2.78,"[{'Canonical-syllable': '1', 'Growl': '0', 'High-freq-energy': '0', 'Long-island': '0', 'Low-tilt-spectrum': '0', 'Medium-island': '0', 'Short-island': '1', 'Squeal': '0', 'Typical-entropy': '1', 'Voicing-quality': '1', 'Wide-band': '0', 'Xlong-island': '0', 'seq': '1', 'end': 22502.94, 'start': 22502.8}, {'Canonical-syllable': '1', 'Growl': '0', 'High-freq-energy': '0', 'Long-island': '0', 'Low-tilt-spectrum': '0', 'Medium-island': '1', 'Short-island': '0', 'Squeal': '0', 'Typical-entropy': '1', 'Voicing-quality': '1', 'Wide-band': '0', 'Xlong-island': '0', 'seq': '2', 'end': 22503.73, 'start': 22503.46}]",0,0,[],[]
22503840,22504640,CHI,CHN,0.0,657,AIOCCXF,RC,0,NT,FH,1.0,680,-17.49,-8.46,"[{'Canonical-syllable': '0', 'Growl': '1', 'High-freq-energy': '1', 'Long-island': '0', 'Low-tilt-spectrum': '0', 'Medium-island': '0', 'Short-island': '2', 'Squeal': '0', 'Typical-entropy': '2', 'Voicing-quality': '2', 'Wide-band': '0', 'Xlong-island': '0', 'seq': '1', 'end': 22504.52, 'start': 22503.84}]",0,0,[],[]
22504640,22505500,NA,OLN,0.0,657,AIOCCXF,NA,NA,NA,NA,0.0,0,-18.88,-8.32,[],0,0,[],[]
22505500,22506600,CHI,CHN,0.0,657,AIOCCXF,RC,0,NT,FH,1.0,1100,-15.53,-6.57,"[{'Canonical-syllable': '0', 'Growl': '0', 'High-freq-energy': '0', 'Long-island': '0', 'Low-tilt-spectrum': '0', 'Medium-island': '1', 'Short-island': '1', 'Squeal': '0', 'Typical-entropy': '2', 'Voicing-quality': '2', 'Wide-band': '0', 'Xlong-island': '0', 'seq': '1', 'end': 22506.6, 'start': 22505.5}]",0,0,[],[]
22506600,22507750,CHI,CHN,0.0,657,AIOCCXF,RC,0,NT,FH,2.0,740,-19.25,-6.81,"[{'Canonical-syllable': '0', 'Growl': '1', 'High-freq-energy': '0', 'Long-island': '0', 'Low-tilt-spectrum': '0', 'Medium-island': '1', 'Short-island': '1', 'Squeal': '0', 'Typical-entropy': '2', 'Voicing-quality': '2', 'Wide-band': '0', 'Xlong-island': '0', 'seq': '1', 'end': 22507.18, 'start': 22506.6}, {'Canonical-syllable': '0', 'Growl': '0', 'High-freq-energy': '0', 'Long-island': '0', 'Low-tilt-spectrum': '0', 'Medium-island': '0', 'Short-island': '1', 'Squeal': '0', 'Typical-entropy': '1', 'Voicing-quality': '1', 'Wide-band': '1', 'Xlong-island': '0', 'seq': '2', 'end': 22507.75, 'start': 22507.59}]",0,0,[],[]
22507750,22508520,CHI,CHN,0.0,657,AIOCCXF,RC,0,NT,FH,1.0,770,-14.48,-4.65,"[{'Canonical-syllable': '0', 'Growl': '0', 'High-freq-energy': '0', 'Long-island': '0', 'Low-tilt-spectrum': '1', 'Medium-island': '0', 'Short-island': '2', 'Squeal': '0', 'Typical-entropy': '3', 'Voicing-quality': '3', 'Wide-band': '0', 'Xlong-island': '0', 'seq': '1', 'end': 22508.52, 'start': 22507.75}]",0,0,[],[]
22508520,22509810,OCH,CXN,0.0,657,AIOCCXF,RC,0,NT,FI,0.0,0,-17.56,-2.6,[],0,0,[],[]
22509810,22510940,MAL,MAN,6.92,657,AIOCCXF,RC,0,NT,FI,0.0,0,-19.23,-11.55,[],0,0,[],[]
22510940,22511940,FEM,FAN,5.65,657,AIOCCXF,RC,0,NT,FI,0.0,0,-23.28,-14.39,[],0,0,[],[]
22511940,22512860,OCH,CXN,0.0,657,AIOCCXF,RC,0,NT,FI,0.0,0,-30.36,-23.54,[],0,0,[],[]
22512860,22513690,NA,OLN,0.0,657,AIOCCXF,NA,NA,NA,NA,0.0,0,-26.42,-18.04,[],0,0,[],[]
22513690,22514740,CHI,CHN,0.0,657,AIOCCXF,RC,0,NT,FI,1.0,850,-19.16,-12.16,"[{'Canonical-syllable': '2', 'Growl': '0', 'High-freq-energy': '0', 'Long-island': '0', 'Low-tilt-spectrum': '0', 'Medium-island': '1', 'Short-island': '1', 'Squeal': '0', 'Typical-entropy': '0', 'Voicing-quality': '2', 'Wide-band': '0', 'Xlong-island': '0', 'seq': '1', 'end': 22514.54, 'start': 22513.69}]",0,0,[],[]
22514740,22515560,NA,OLN,0.0,657,AIOCCXF,NA,NA,NA,NA,0.0,0,-26.05,-14.63,[],0,0,[],[]
22515560,22516480,OCH,CXN,0.0,657,AIOCCXF,RC,0,NT,FI,0.0,0,-16.37,-5.67,[],0,0,[],[]
22516480,22517280,NA,OLN,0.0,657,AIOCCXF,NA,NA,NA,NA,0.0,0,-25.56,-12.99,[],0,0,[],[]
22517280,22518630,CHI,CHN,0.0,657,AIOCCXF,NA,NA,NA,NA,0.0,0,-14.13,-4.44,[],0,1230,"[{'start': 22517.28, 'end': 22518.51}]",[]
22518630,22519470,NA,OLN,0.0,657,AIOCCXF,NA,NA,NA,NA,0.0,0,-17.03,-11.12,[],0,0,[],[]
22519470,22520400,CHI,CHN,0.0,657,AIOCCXF,NA,NA,NA,NA,0.0,0,-16.16,-5.22,[],0,710,"[{'start': 22519.47, 'end': 22520.1}, {'start': 22520.32, 'end': 22520.4}]",[]
22520400,22521730,OCH,CXN,0.0,657,AIOCCXF,RC,0,NT,FH,0.0,0,-16.43,-4.16,[],0,0,[],[]
22521730,22522330,CHI,CHN,0.0,657,AIOCCXF,NA,NA,NA,NA,0.0,0,-12.82,-10.61,[],0,600,"[{'start': 22521.73, 'end': 22522.33}]",[]
22522330,22523190,OCH,CXN,0.0,657,AIOCCXF,RC,0,NT,FH,0.0,0,-18.62,-12.9,[],0,0,[],[]
22523190,22524390,FEM,FAN,4.33,657,AIOCCXF,EC,0,NT,FI,0.0,0,-22.82,-17.04,[],0,0,[],[]
22524390,22525200,NA,OLN,0.0,658,pause,NA,NA,NA,NA,0.0,0,-24.37,-16.2,[],0,0,[],[]
22525200,22525800,CHI,CHN,0.0,658,pause,NA,NA,NA,NA,0.0,0,-17.05,-6.14,[],0,600,"[{'start': 22525.2, 'end': 22525.8}]",[]
22525800,22527090,NA,OLN,0.0,658,pause,NA,NA,NA,NA,0.0,0,-22.85,-6.45,[],0,0,[],[]
22527090,22527830,CHI,CHN,0.0,658,pause,NA,NA,NA,NA,0.0,0,-12.99,-3.27,[],0,740,"[{'start': 22527.09, 'end': 22527.83}]",[]
22527830,22528630,NA,OLN,0.0,658,pause,NA,NA,NA,NA,0.0,0,-20.57,-5.4,[],0,0,[],[]
22528630,22529230,CHI,CHN,0.0,658,pause,NA,NA,NA,NA,0.0,0,-17.96,-14.15,[],0,600,"[{'start': 22528.63, 'end': 22529.23}]",[]
22529230,22530030,NA,OLN,0.0,658,pause,NA,NA,NA,NA,0.0,0,-28.39,-19.37,[],0,0,[],[]
22530030,22531040,CHI,CHN,0.0,658,CM,BC,0,NT,FI,1.0,1010,-14.6,-11.11,"[{'Canonical-syllable': '1', 'Growl': '0', 'High-freq-energy': '0', 'Long-island': '0', 'Low-tilt-spectrum': '0', 'Medium-island': '1', 'Short-island': '2', 'Squeal': '0', 'Typical-entropy': '1', 'Voicing-quality': '3', 'Wide-band': '0', 'Xlong-island': '0', 'seq': '1', 'end': 22531.04, 'start': 22530.03}]",0,0,[],[]
22531040,22532340,CHI,CHN,0.0,658,CM,EC,0,NT,FH,1.0,380,-20.15,-8.39,"[{'Canonical-syllable': '1', 'Growl': '0', 'High-freq-energy': '0', 'Long-island': '0', 'Low-tilt-spectrum': '0', 'Medium-island': '1', 'Short-island': '0', 'Squeal': '0', 'Typical-entropy': '0', 'Voicing-quality': '1', 'Wide-band': '0', 'Xlong-island': '0', 'seq': '1', 'end': 22532.34, 'start': 22531.96}]",0,0,[],[]
22532340,22533710,CHI,CHN,0.0,659,pause,NA,NA,NA,NA,0.0,0,-9.47,-2.89,[],0,1060,"[{'start': 22532.34, 'end': 22532.94}, {'start': 22533.25, 'end': 22533.71}]",[]
22533710,22534510,NA,OLF,0.0,659,pause,NA,NA,NA,NA,0.0,0,-34.1,-24.07,[],0,0,[],[]
22534510,22535520,CHI,CHN,0.0,659,pause,NA,NA,NA,NA,0.0,0,-15.56,-9.21,[],0,1010,"[{'start': 22534.51, 'end': 22535.52}]",[]
22535520,22537420,NA,OLF,0.0,659,pause,NA,NA,NA,NA,0.0,0,-42.09,-33.07,[],0,0,[],[]
22537420,22538500,CHI,CHN,0.0,659,CIC,BC,0,TIFI,FI,1.0,1080,-12.37,-1.95,"[{'Canonical-syllable': '0', 'Growl': '1', 'High-freq-energy': '0', 'Long-island': '0', 'Low-tilt-spectrum': '3', 'Medium-island': '1', 'Short-island': '2', 'Squeal': '0', 'Typical-entropy': '3', 'Voicing-quality': '3', 'Wide-band': '0', 'Xlong-island': '0', 'seq': '1', 'end': 22538.5, 'start': 22537.42}]",0,0,[],[]
22538500,22539540,NA,OLN,0.0,659,CIC,NA,NA,NA,NA,0.0,0,-28.63,-19.37,[],0,0,[],[]
22539540,22540540,FEM,FAN,3.66,659,CIC,RC,1,TIFR,FI,0.0,0,-17.74,-11.03,[],0,0,[],[]
22540540,22541140,FEM,FAN,0.64,659,CIC,RC,1,NT,FH,0.0,0,-19.82,-13.77,[],0,0,[],[]
22541140,22542060,NA,MAF,0.0,659,CIC,NA,NA,NA,NA,0.0,0,-34.14,-22.88,[],0,0,[],[]
22542060,22543640,CHI,CHN,0.0,659,CIC,RC,1,TIMI,FI,1.0,900,-17.33,-11.18,"[{'Canonical-syllable': '0', 'Growl': '0', 'High-freq-energy': '0', 'Long-island': '0', 'Low-tilt-spectrum': '1', 'Medium-island': '1', 'Short-island': '1', 'Squeal': '0', 'Typical-entropy': '1', 'Voicing-quality': '2', 'Wide-band': '1', 'Xlong-island': '0', 'seq': '1', 'end': 22543.64, 'start': 22542.74}]",0,0,[],[]
22543640,22544490,CHI,CHN,0.0,659,CIC,NA,NA,NA,NA,0.0,0,-11.35,-3.92,[],0,390,"[{'start': 22544.1, 'end': 22544.49}]",[]
22544490,22545290,NA,OLF,0.0,659,CIC,NA,NA,NA,NA,0.0,0,-43.82,-37.53,[],0,0,[],[]
22545290,22546290,MAL,MAN,4.41,659,CIC,EC,2,TIMR,FI,0.0,0,-35.45,-28.58,[],0,0,[],[]
22546290,22547490,NA,OLN,0.0,660,pause,NA,NA,NA,NA,0.0,0,-15.12,-3.66,[],0,0,[],[]
22547490,22550020,CHI,CHN,0.0,660,pause,NA,NA,NA,NA,0.0,0,-14.98,-3.1,[],0,2360,"[{'start': 22547.66, 'end': 22550.02}]",[]
22550020,22551170,NA,OLN,0.0,660,pause,NA,NA,NA,NA,0.0,0,-24.61,-6.72,[],0,0,[],[]
22551170,22551770,CHI,CHN,0.0,660,pause,NA,NA,NA,NA,0.0,0,-15.15,-3.44,[],0,500,"[{'start': 22551.17, 'end': 22551.67}]",[]
22551770,22553030,NA,NOF,0.0,660,pause,NA,NA,NA,NA,0.0,0,-34.2,-24.74,[],0,0,[],[]
22553030,22553630,CHI,CHN,0.0,660,CIC,BC,0,TIFI,FI,1.0,340,-16.07,-9.76,"[{'Canonical-syllable': '0', 'Growl': '0', 'High-freq-energy': '0', 'Long-island': '0', 'Low-tilt-spectrum': '1', 'Medium-island': '1', 'Short-island': '0', 'Squeal': '0', 'Typical-entropy': '1', 'Voicing-quality': '1', 'Wide-band': '0', 'Xlong-island': '0', 'seq': '1', 'end': 22553.37, 'start': 22553.03}]",0,0,[],[]
22553630,22554870,FEM,FAN,4.74,660,CIC,RC,1,TIFR,FI,0.0,0,-29.54,-21.11,[],0,0,[],[]
22554870,22555990,NA,SIL,0.0,660,CIC,NA,NA,NA,NA,0.0,0,-44.64,-42.39,[],0,0,[],[]
22555990,22557710,FEM,FAN,7.46,660,CIC,RC,1,NT,FH,0.0,0,-23.23,-8.24,[],0,0,[],[]
22557710,22558660,CHI,CHN,0.0,660,CIC,RC,1,TIFE,FI,1.0,430,-13.72,-3.78,"[{'Canonical-syllable': '0', 'Growl': '0', 'High-freq-energy': '0', 'Long-island': '0', 'Low-tilt-spectrum': '1', 'Medium-island': '1', 'Short-island': '0', 'Squeal': '0', 'Typical-entropy': '1', 'Voicing-quality': '1', 'Wide-band': '0', 'Xlong-island': '0', 'seq': '1', 'end': 22558.66, 'start': 22558.23}]",0,0,[],[]
22558660,22559660,CHI,CHN,0.0,660,CIC,EC,1,NT,FH,1.0,130,-19.9,-5.69,"[{'Canonical-syllable': '0', 'Growl': '1', 'High-freq-energy': '0', 'Long-island': '0', 'Low-tilt-spectrum': '0', 'Medium-island': '0', 'Short-island': '1', 'Squeal': '0', 'Typical-entropy': '1', 'Voicing-quality': '1', 'Wide-band': '0', 'Xlong-island': '0', 'seq': '1', 'end': 22559.34, 'start': 22559.21}]",0,0,[],[]
22559660,22561030,NA,NOF,0.0,661,pause,NA,NA,NA,NA,0.0,0,-33.22,-19.01,[],0,0,[],[]
22561030,22561830,NA,SIL,0.0,661,pause,NA,NA,NA,NA,0.0,0,-42.48,-39.79,[],0,0,[],[]
22561830,22562630,NA,NOF,0.0,661,pause,NA,NA,NA,NA,0.0,0,-36.22,-27.21,[],0,0,[],[]
22562630,22565100,NA,OLN,0.0,661,pause,NA,NA,NA,NA,0.0,0,-26.71,-12.09,[],0,0,[],[]
22565100,22565710,NA,FAF,0.0,661,pause,NA,NA,NA,NA,0.0,0,-43.92,-38.25,[],0,0,[],[]
22565710,22567140,NA,OLF,0.0,661,pause,NA,NA,NA,NA,0.0,0,-23.25,-11.46,[],0,0,[],[]
22567140,22568650,CHI,CHN,0.0,661,CIC,BC,0,TIFI,FI,1.0,1510,-17.92,-9.71,"[{'Canonical-syllable': '1', 'Growl': '0', 'High-freq-energy': '0', 'Long-island': '0', 'Low-tilt-spectrum': '2', 'Medium-island': '2', 'Short-island': '1', 'Squeal': '0', 'Typical-entropy': '3', 'Voicing-quality': '4', 'Wide-band': '0', 'Xlong-island': '0', 'seq': '1', 'end': 22568.65, 'start': 22567.14}]",0,0,[],[]
22568650,22569960,NA,NOF,0.0,661,CIC,NA,NA,NA,NA,0.0,0,-36.72,-26.87,[],0,0,[],[]
22569960,22570960,FEM,FAN,2.44,661,CIC,RC,1,TIFR,FI,0.0,0,-19.7,-10.93,[],0,0,[],[]
22570960,22572160,NA,OLF,0.0,661,CIC,NA,NA,NA,NA,0.0,0,-38.06,-26.5,[],0,0,[],[]
22572160,22574480,FEM,FAN,6.49,661,CIC,RC,1,NT,FH,0.0,0,-22.93,-10.66,[],0,0,[],[]
22574480,22577710,NA,OLN,0.0,661,CIC,NA,NA,NA,NA,0.0,0,-27.16,-16.17,[],0,0,[],[]
22577710,22578510,NA,NON,0.0,661,CIC,NA,NA,NA,NA,0.0,0,-36.18,-30.04,[],0,0,[],[]
22578510,22580590,MAL,MAN,9.1,661,CIC,RC,1,NT,FI,0.0,0,-26.55,-16.82,[],0,0,[],[]
22580590,22581480,NA,OLN,0.0,661,CIC,NA,NA,NA,NA,0.0,0,-28.41,-15.08,[],0,0,[],[]
22581480,22582280,OCH,CXN,0.0,661,CIC,RC,1,NT,FI,0.0,0,-26.6,-19.36,[],0,0,[],[]
22582280,22583280,NA,MAF,0.0,661,CIC,NA,NA,NA,NA,0.0,0,-36.47,-29.88,[],0,0,[],[]
22583280,22584130,OCH,CXN,0.0,661,CIC,RC,1,NT,FH,0.0,0,-22.99,-9.61,[],0,0,[],[]
22584130,22585180,NA,OLN,0.0,661,CIC,NA,NA,NA,NA,0.0,0,-27.3,-9.04,[],0,0,[],[]
22585180,22586330,CHI,CHN,0.0,661,CIC,EC,1,NT,FI,1.0,1150,-15.64,-6.88,"[{'Canonical-syllable': '3', 'Growl': '0', 'High-freq-energy': '0', 'Long-island': '0', 'Low-tilt-spectrum': '1', 'Medium-island': '2', 'Short-island': '1', 'Squeal': '0', 'Typical-entropy': '3', 'Voicing-quality': '3', 'Wide-band': '0', 'Xlong-island': '0', 'seq': '1', 'end': 22586.33, 'start': 22585.18}]",0,0,[],[]
22586330,22587400,NA,OLN,0.0,662,pause,NA,NA,NA,NA,0.0,0,-21.54,-8.57,[],0,0,[],[]
22587400,22588310,NA,NON,0.0,662,pause,NA,NA,NA,NA,0.0,0,-18.79,-5.92,[],0,0,[],[]
22588310,22589850,NA,OLN,0.0,662,pause,NA,NA,NA,NA,0.0,0,-21.74,-5.06,[],0,0,[],[]
22589850,22590820,NA,NON,0.0,662,pause,NA,NA,NA,NA,0.0,0,-23.3,-8.44,[],0,0,[],[]
22590820,22595230,NA,OLN,0.0,662,pause,NA,NA,NA,NA,0.0,0,-23.1,-4.64,[],0,0,[],[]
22595230,22596900,NA,NON,0.0,662,pause,NA,NA,NA,NA,0.0,0,-21.44,-7.75,[],0,0,[],[]
22596900,22597660,CHI,CHN,0.0,662,pause,NA,NA,NA,NA,0.0,0,-14.76,-5.21,[],0,760,"[{'start': 22596.9, 'end': 22597.66}]",[]
22597660,22598460,CHI,CHN,0.0,662,pause,NA,NA,NA,NA,0.0,0,-15.06,-4.53,[],0,410,"[{'start': 22597.91, 'end': 22598.14}, {'start': 22598.28, 'end': 22598.46}]",[]
22598460,22599060,CHI,CHN,0.0,662,pause,NA,NA,NA,NA,0.0,0,-16.15,-3.84,[],0,390,"[{'start': 22598.67, 'end': 22599.06}]",[]
22599060,22603070,NA,OLN,0.0,662,pause,NA,NA,NA,NA,0.0,0,-20.1,-2.65,[],0,0,[],[]
22603070,22606820,NA,NOF,0.0,662,pause,NA,NA,NA,NA,0.0,0,-29.29,-6.38,[],0,0,[],[]
22606820,22607620,NA,OLF,0.0,662,pause,NA,NA,NA,NA,0.0,0,-32.21,-17.87,[],0,0,[],[]
22607620,22608490,NA,NOF,0.0,662,pause,NA,NA,NA,NA,0.0,0,-25.0,-9.24,[],0,0,[],[]
22608490,22610670,NA,OLN,0.0,662,pause,NA,NA,NA,NA,0.0,0,-25.21,-10.9,[],0,0,[],[]
22610670,22613550,NA,NOF,0.0,662,pause,NA,NA,NA,NA,0.0,0,-22.74,-4.65,[],0,0,[],[]
22613550,22614580,NA,OLN,0.0,662,pause,NA,NA,NA,NA,0.0,0,-24.94,-14.07,[],0,0,[],[]
22614580,22615390,NA,NOF,0.0,662,pause,NA,NA,NA,NA,0.0,0,-39.22,-31.41,[],0,0,[],[]
22615390,22616190,NA,OLF,0.0,662,pause,NA,NA,NA,NA,0.0,0,-32.27,-16.45,[],0,0,[],[]
22616190,22617120,NA,NON,0.0,662,pause,NA,NA,NA,NA,0.0,0,-28.96,-19.3,[],0,0,[],[]
22617120,22618120,CHI,CHN,0.0,662,CM,EC,0,NT,FI,1.0,310,-23.35,-12.75,"[{'Canonical-syllable': '0', 'Growl': '0', 'High-freq-energy': '0', 'Long-island': '0', 'Low-tilt-spectrum': '0', 'Medium-island': '1', 'Short-island': '0', 'Squeal': '0', 'Typical-entropy': '1', 'Voicing-quality': '1', 'Wide-band': '0', 'Xlong-island': '0', 'seq': '1', 'end': 22617.81, 'start': 22617.5}]",0,0,[],[]
22618120,22619840,NA,OLN,0.0,663,pause,NA,NA,NA,NA,0.0,0,-23.87,-10.75,[],0,0,[],[]
22619840,22620850,NA,NOF,0.0,663,pause,NA,NA,NA,NA,0.0,0,-35.2,-26.22,[],0,0,[],[]
22620850,22621680,NA,OLN,0.0,663,pause,NA,NA,NA,NA,0.0,0,-32.71,-26.66,[],0,0,[],[]
22621680,22623330,NA,NOF,0.0,663,pause,NA,NA,NA,NA,0.0,0,-35.3,-21.73,[],0,0,[],[]
22623330,22625400,NA,OLN,0.0,663,pause,NA,NA,NA,NA,0.0,0,-27.11,-11.9,[],0,0,[],[]
22625400,22631930,NA,NOF,0.0,663,pause,NA,NA,NA,NA,0.0,0,-33.26,-19.8,[],0,0,[],[]
22631930,22632730,NA,SIL,0.0,663,pause,NA,NA,NA,NA,0.0,0,-52.96,-46.17,[],0,0,[],[]
22632730,22633880,NA,NOF,0.0,663,pause,NA,NA,NA,NA,0.0,0,-47.21,-32.56,[],0,0,[],[]
22633880,22634840,NA,SIL,0.0,663,pause,NA,NA,NA,NA,0.0,0,-47.85,-30.64,[],0,0,[],[]
22634840,22635810,NA,NOF,0.0,663,pause,NA,NA,NA,NA,0.0,0,-42.41,-27.5,[],0,0,[],[]
22635810,22636610,NA,SIL,0.0,663,pause,NA,NA,NA,NA,0.0,0,-45.93,-30.58,[],0,0,[],[]
22636610,22637660,NA,NOF,0.0,663,pause,NA,NA,NA,NA,0.0,0,-20.31,-6.64,[],0,0,[],[]
22637660,22638510,NA,SIL,0.0,663,pause,NA,NA,NA,NA,0.0,0,-47.56,-37.17,[],0,0,[],[]
22638510,22640780,NA,NOF,0.0,663,pause,NA,NA,NA,NA,0.0,0,-42.99,-35.37,[],0,0,[],[]
22640780,22641770,NA,SIL,0.0,663,pause,NA,NA,NA,NA,0.0,0,-48.09,-37.78,[],0,0,[],[]
22641770,22642570,NA,NOF,0.0,663,pause,NA,NA,NA,NA,0.0,0,-46.2,-33.36,[],0,0,[],[]
22642570,22643370,NA,SIL,0.0,663,pause,NA,NA,NA,NA,0.0,0,-54.11,-48.45,[],0,0,[],[]
22643370,22651120,NA,NOF,0.0,663,pause,NA,NA,NA,NA,0.0,0,-31.85,-4.22,[],0,0,[],[]
22651120,22652330,NA,SIL,0.0,663,pause,NA,NA,NA,NA,0.0,0,-45.75,-35.22,[],0,0,[],[]
22652330,22653210,NA,NOF,0.0,663,pause,NA,NA,NA,NA,0.0,0,-47.92,-36.18,[],0,0,[],[]
22653210,22654010,NA,OLF,0.0,663,pause,NA,NA,NA,NA,0.0,0,-33.18,-25.41,[],0,0,[],[]
22654010,22655230,NA,NOF,0.0,663,pause,NA,NA,NA,NA,0.0,0,-43.59,-28.09,[],0,0,[],[]
22655230,22657430,CHI,CHN,0.0,663,CIOCX,BC,0,NT,FI,2.0,1640,-18.0,-10.85,"[{'Canonical-syllable': '1', 'Growl': '0', 'High-freq-energy': '0', 'Long-island': '1', 'Low-tilt-spectrum': '0', 'Medium-island': '0', 'Short-island': '1', 'Squeal': '0', 'Typical-entropy': '1', 'Voicing-quality': '3', 'Wide-band': '0', 'Xlong-island': '0', 'seq': '1', 'end': 22656.42, 'start': 22655.23}, {'Canonical-syllable': '0', 'Growl': '0', 'High-freq-energy': '0', 'Long-island': '0', 'Low-tilt-spectrum': '0', 'Medium-island': '1', 'Short-island': '0', 'Squeal': '0', 'Typical-entropy': '0', 'Voicing-quality': '1', 'Wide-band': '0', 'Xlong-island': '0', 'seq': '2', 'end': 22657.32, 'start': 22656.87}]",0,0,[],[]
22657430,22658230,NA,SIL,0.0,663,CIOCX,NA,NA,NA,NA,0.0,0,-49.99,-37.52,[],0,0,[],[]
22658230,22659370,CHI,CHN,0.0,663,CIOCX,RC,0,NT,FH,2.0,190,-30.99,-18.54,"[{'Canonical-syllable': '0', 'Growl': '0', 'High-freq-energy': '0', 'Long-island': '0', 'Low-tilt-spectrum': '0', 'Medium-island': '0', 'Short-island': '0', 'Squeal': '0', 'Typical-entropy': '0', 'Voicing-quality': '1', 'Wide-band': '0', 'Xlong-island': '0', 'seq': '1', 'end': 22658.34, 'start': 22658.23}, {'Canonical-syllable': '0', 'Growl': '1', 'High-freq-energy': '0', 'Long-island': '0', 'Low-tilt-spectrum': '0', 'Medium-island': '0', 'Short-island': '0', 'Squeal': '0', 'Typical-entropy': '0', 'Voicing-quality': '1', 'Wide-band': '0', 'Xlong-island': '0', 'seq': '2', 'end': 22659.22, 'start': 22659.14}]",0,0,[],[]
22659370,22661770,OCH,CXN,0.0,663,CIOCX,RC,0,NT,FI,0.0,0,-42.72,-33.49,[],0,0,[],[]
22661770,22662410,NA,CHF,0.0,663,CIOCX,NA,NA,NA,NA,0.0,0,-38.11,-28.65,[],0,560,[],"[{'start': 22661.77, 'end': 22662.33}]"
22662410,22663710,OCH,CXN,0.0,663,CIOCX,RC,0,NT,FH,0.0,0,-41.99,-28.32,[],0,0,[],[]
22663710,22664570,NA,OLF,0.0,663,CIOCX,NA,NA,NA,NA,0.0,0,-35.48,-27.76,[],0,0,[],[]
22664570,22665710,NA,NOF,0.0,663,CIOCX,NA,NA,NA,NA,0.0,0,-36.53,-25.24,[],0,0,[],[]
22665710,22667080,OCH,CXN,0.0,663,CIOCX,EC,0,NT,FH,0.0,0,-34.91,-23.68,[],0,0,[],[]
22667080,22668130,NA,SIL,0.0,664,pause,NA,NA,NA,NA,0.0,0,-37.18,-27.55,[],0,0,[],[]
22668130,22668930,NA,CXF,0.0,664,pause,NA,NA,NA,NA,0.0,0,-47.76,-37.75,[],0,0,[],[]
22668930,22672880,NA,SIL,0.0,664,pause,NA,NA,NA,NA,0.0,0,-56.72,-45.21,[],0,0,[],[]
22672880,22673890,CHI,CHN,0.0,664,pause,NA,NA,NA,NA,0.0,0,-16.85,-8.33,[],0,490,"[{'start': 22673.4, 'end': 22673.89}]",[]
22673890,22674510,CHI,CHN,0.0,664,CM,EC,0,NT,FI,1.0,260,-22.8,-14.97,"[{'Canonical-syllable': '0', 'Growl': '0', 'High-freq-energy': '0', 'Long-island': '0', 'Low-tilt-spectrum': '1', 'Medium-island': '1', 'Short-island': '0', 'Squeal': '0', 'Typical-entropy': '1', 'Voicing-quality': '1', 'Wide-band': '0', 'Xlong-island': '0', 'seq': '1', 'end': 22674.15, 'start': 22673.89}]",0,0,[],[]
22674510,22675700,NA,SIL,0.0,665,pause,NA,NA,NA,NA,0.0,0,-56.21,-46.79,[],0,0,[],[]
22675700,22676600,CHI,CHN,0.0,665,pause,NA,NA,NA,NA,0.0,0,-9.91,-3.19,[],0,900,"[{'start': 22675.7, 'end': 22676.6}]",[]
22676600,22677600,CHI,CHN,0.0,665,pause,NA,NA,NA,NA,0.0,0,-24.05,-12.06,[],0,180,"[{'start': 22676.6, 'end': 22676.78}]",[]
22677600,22678920,NA,SIL,0.0,665,pause,NA,NA,NA,NA,0.0,0,-34.04,-21.23,[],0,0,[],[]
22678920,22679920,NA,NOF,0.0,665,pause,NA,NA,NA,NA,0.0,0,-38.34,-33.51,[],0,0,[],[]
22679920,22681350,CHI,CHN,0.0,665,CIC,BC,0,NT,FI,1.0,1180,-16.76,-6.83,"[{'Canonical-syllable': '1', 'Growl': '0', 'High-freq-energy': '0', 'Long-island': '0', 'Low-tilt-spectrum': '0', 'Medium-island': '1', 'Short-island': '2', 'Squeal': '1', 'Typical-entropy': '0', 'Voicing-quality': '4', 'Wide-band': '0', 'Xlong-island': '0', 'seq': '1', 'end': 22681.1, 'start': 22679.92}]",0,0,[],[]
22681350,22682940,NA,SIL,0.0,665,CIC,NA,NA,NA,NA,0.0,0,-43.42,-39.7,[],0,0,[],[]
22682940,22684240,CHI,CHN,0.0,665,CIC,RC,0,TIFI,FH,1.0,720,-19.75,-11.91,"[{'Canonical-syllable': '1', 'Growl': '0', 'High-freq-energy': '0', 'Long-island': '0', 'Low-tilt-spectrum': '1', 'Medium-island': '1', 'Short-island': '1', 'Squeal': '0', 'Typical-entropy': '0', 'Voicing-quality': '2', 'Wide-band': '0', 'Xlong-island': '0', 'seq': '1', 'end': 22684.24, 'start': 22683.52}]",0,0,[],[]
22684240,22685040,NA,SIL,0.0,665,CIC,NA,NA,NA,NA,0.0,0,-44.42,-36.02,[],0,0,[],[]
22685040,22686090,FEM,FAN,2.85,665,CIC,RC,1,TIFR,FI,0.0,0,-26.86,-12.43,[],0,0,[],[]
22686090,22687140,CHI,CHN,0.0,665,CIC,RC,1,TIFE,FI,1.0,690,-16.79,-9.91,"[{'Canonical-syllable': '0', 'Growl': '0', 'High-freq-energy': '0', 'Long-island': '1', 'Low-tilt-spectrum': '0', 'Medium-island': '0', 'Short-island': '0', 'Squeal': '0', 'Typical-entropy': '1', 'Voicing-quality': '1', 'Wide-band': '0', 'Xlong-island': '0', 'seq': '1', 'end': 22686.78, 'start': 22686.09}]",0,0,[],[]
22687140,22687960,NA,SIL,0.0,665,CIC,NA,NA,NA,NA,0.0,0,-50.56,-44.4,[],0,0,[],[]
22687960,22688760,NA,NOF,0.0,665,CIC,NA,NA,NA,NA,0.0,0,-48.01,-42.73,[],0,0,[],[]
22688760,22691610,NA,SIL,0.0,665,CIC,NA,NA,NA,NA,0.0,0,-44.97,-23.8,[],0,0,[],[]
22691610,22692540,OCH,CXN,0.0,665,CIC,EC,1,NT,FI,0.0,0,-37.69,-26.63,[],0,0,[],[]
22692540,22693350,NA,OLF,0.0,666,pause,NA,NA,NA,NA,0.0,0,-40.24,-30.76,[],0,0,[],[]
22693350,22694270,NA,CXF,0.0,666,pause,NA,NA,NA,NA,0.0,0,-47.15,-40.44,[],0,0,[],[]
22694270,22695340,NA,FAF,0.0,666,pause,NA,NA,NA,NA,0.0,0,-43.36,-31.13,[],0,0,[],[]
22695340,22696340,NA,MAF,0.0,666,pause,NA,NA,NA,NA,0.0,0,-48.99,-41.63,[],0,0,[],[]
22696340,22698460,NA,SIL,0.0,666,pause,NA,NA,NA,NA,0.0,0,-54.42,-41.24,[],0,0,[],[]
22698460,22699480,NA,TVF,0.0,666,pause,NA,NA,NA,NA,0.0,0,-46.68,-39.41,[],0,0,[],[]
22699480,22700530,NA,CXF,0.0,666,pause,NA,NA,NA,NA,0.0,0,-51.04,-45.48,[],0,0,[],[]
22700530,22704460,NA,SIL,0.0,666,pause,NA,NA,NA,NA,0.0,0,-51.5,-39.53,[],0,0,[],[]
22704460,22706410,NA,NON,0.0,666,pause,NA,NA,NA,NA,0.0,0,-30.82,-12.84,[],0,0,[],[]
22706410,22708070,FEM,FAN,7.13,666,AIOCCXF,BC,0,NT,FI,0.0,0,-37.69,-24.26,[],0,0,[],[]
22708070,22708870,OCH,CXN,0.0,666,AIOCCXF,RC,0,NT,FI,0.0,0,-41.25,-35.0,[],0,0,[],[]
22708870,22709680,CHI,CHN,0.0,666,AIOCCXF,RC,0,NT,FI,1.0,810,-15.23,-7.24,"[{'Canonical-syllable': '2', 'Growl': '0', 'High-freq-energy': '2', 'Long-island': '0', 'Low-tilt-spectrum': '1', 'Medium-island': '1', 'Short-island': '1', 'Squeal': '0', 'Typical-entropy': '2', 'Voicing-quality': '2', 'Wide-band': '0', 'Xlong-island': '0', 'seq': '1', 'end': 22709.68, 'start': 22708.87}]",0,0,[],[]
22709680,22710480,NA,SIL,0.0,666,AIOCCXF,NA,NA,NA,NA,0.0,0,-51.3,-39.43,[],0,0,[],[]
22710480,22711620,CHI,CHN,0.0,666,AIOCCXF,RC,0,NT,FH,1.0,930,-16.26,-7.05,"[{'Canonical-syllable': '1', 'Growl': '1', 'High-freq-energy': '0', 'Long-island': '0', 'Low-tilt-spectrum': '2', 'Medium-island': '2', 'Short-island': '0', 'Squeal': '0', 'Typical-entropy': '2', 'Voicing-quality': '2', 'Wide-band': '0', 'Xlong-island': '0', 'seq': '1', 'end': 22711.41, 'start': 22710.48}]",0,0,[],[]
22711620,22712610,CHI,CHN,0.0,666,AIOCCXF,NA,NA,NA,NA,0.0,0,-18.28,-10.96,[],0,990,"[{'start': 22711.62, 'end': 22712.61}]",[]
22712610,22714580,CHI,CHN,0.0,666,AIOCCXF,NA,NA,NA,NA,0.0,0,-16.73,-4.47,[],0,1460,"[{'start': 22712.81, 'end': 22714.27}]",[]
22714580,22715890,NA,SIL,0.0,666,AIOCCXF,NA,NA,NA,NA,0.0,0,-54.29,-44.35,[],0,0,[],[]
22715890,22717220,CHI,CHN,0.0,666,AIOCCXF,RC,0,NT,FH,1.0,870,-16.47,-3.3,"[{'Canonical-syllable': '2', 'Growl': '0', 'High-freq-energy': '0', 'Long-island': '0', 'Low-tilt-spectrum': '1', 'Medium-island': '1', 'Short-island': '2', 'Squeal': '0', 'Typical-entropy': '3', 'Voicing-quality': '3', 'Wide-band': '0', 'Xlong-island': '0', 'seq': '1', 'end': 22716.76, 'start': 22715.89}]",0,0,[],[]
22717220,22718820,NA,SIL,0.0,666,AIOCCXF,NA,NA,NA,NA,0.0,0,-33.03,-11.75,[],0,0,[],[]
22718820,22719540,CHI,CHN,0.0,666,AIOCCXF,RC,0,NT,FH,1.0,720,-16.54,-6.07,"[{'Canonical-syllable': '0', 'Growl': '0', 'High-freq-energy': '0', 'Long-island': '0', 'Low-tilt-spectrum': '0', 'Medium-island': '1', 'Short-island': '0', 'Squeal': '0', 'Typical-entropy': '0', 'Voicing-quality': '1', 'Wide-band': '0', 'Xlong-island': '0', 'seq': '1', 'end': 22719.54, 'start': 22719.06}]",0,0,[],[]
22719540,22720730,CHI,CHN,0.0,666,AIOCCXF,RC,0,NT,FH,1.0,1190,-17.72,-8.51,"[{'Canonical-syllable': '2', 'Growl': '0', 'High-freq-energy': '0', 'Long-island': '0', 'Low-tilt-spectrum': '0', 'Medium-island': '1', 'Short-island': '3', 'Squeal': '0', 'Typical-entropy': '4', 'Voicing-quality': '4', 'Wide-band': '0', 'Xlong-island': '0', 'seq': '1', 'end': 22720.73, 'start': 22719.54}]",0,0,[],[]
22720730,22721540,NA,OLN,0.0,666,AIOCCXF,NA,NA,NA,NA,0.0,0,-17.49,-9.04,[],0,0,[],[]
22721540,22723090,OCH,CXN,0.0,666,AIOCCXF,RC,0,NT,FI,0.0,0,-21.83,-14.93,[],0,0,[],[]
22723090,22724100,CHI,CHN,0.0,666,AIOCCXF,RC,0,NT,FI,1.0,1010,-14.67,-6.29,"[{'Canonical-syllable': '1', 'Growl': '0', 'High-freq-energy': '0', 'Long-island': '1', 'Low-tilt-spectrum': '1', 'Medium-island': '0', 'Short-island': '1', 'Squeal': '0', 'Typical-entropy': '2', 'Voicing-quality': '2', 'Wide-band': '0', 'Xlong-island': '0', 'seq': '1', 'end': 22724.1, 'start': 22723.09}]",0,0,[],[]
22724100,22725230,OCH,CXN,0.0,666,AIOCCXF,RC,0,NT,FI,0.0,0,-21.87,-10.28,[],0,0,[],[]
22725230,22726050,OCH,CXN,0.0,666,AIOCCXF,RC,0,NT,FH,0.0,0,-33.73,-25.57,[],0,0,[],[]
22726050,22728130,NA,NOF,0.0,666,AIOCCXF,NA,NA,NA,NA,0.0,0,-40.65,-25.99,[],0,0,[],[]
22728130,22729200,OCH,CXN,0.0,666,AIOCCXF,RC,0,NT,FH,0.0,0,-36.37,-28.55,[],0,0,[],[]
22729200,22730200,CHI,CHN,0.0,666,AIOCCXF,RC,0,NT,FI,1.0,550,-28.47,-15.97,"[{'Canonical-syllable': '1', 'Growl': '1', 'High-freq-energy': '1', 'Long-island': '0', 'Low-tilt-spectrum': '2', 'Medium-island': '0', 'Short-island': '2', 'Squeal': '0', 'Typical-entropy': '2', 'Voicing-quality': '1', 'Wide-band': '0', 'Xlong-island': '0', 'seq': '1', 'end': 22730.2, 'start': 22729.65}]",0,0,[],[]
22730200,22731150,CHI,CHN,0.0,666,AIOCCXF,RC,0,NT,FH,2.0,640,-17.82,-9.02,"[{'Canonical-syllable': '0', 'Growl': '0', 'High-freq-energy': '0', 'Long-island': '0', 'Low-tilt-spectrum': '0', 'Medium-island': '0', 'Short-island': '0', 'Squeal': '0', 'Typical-entropy': '0', 'Voicing-quality': '1', 'Wide-band': '0', 'Xlong-island': '0', 'seq': '1', 'end': 22730.31, 'start': 22730.2}, {'Canonical-syllable': '0', 'Growl': '0', 'High-freq-energy': '0', 'Long-island': '0', 'Low-tilt-spectrum': '0', 'Medium-island': '1', 'Short-island': '0', 'Squeal': '0', 'Typical-entropy': '1', 'Voicing-quality': '1', 'Wide-band': '0', 'Xlong-island': '0', 'seq': '2', 'end': 22731.15, 'start': 22730.62}]",0,0,[],[]
22731150,22731950,CHI,CHN,0.0,666,AIOCCXF,RC,0,NT,FH,1.0,800,-26.03,-12.64,"[{'Canonical-syllable': '0', 'Growl': '2', 'High-freq-energy': '1', 'Long-island': '0', 'Low-tilt-spectrum': '1', 'Medium-island': '0', 'Short-island': '2', 'Squeal': '1', 'Typical-entropy': '3', 'Voicing-quality': '0', 'Wide-band': '0', 'Xlong-island': '0', 'seq': '1', 'end': 22731.95, 'start': 22731.25}]",0,0,[],[]
22731950,22732590,CHI,CHN,0.0,666,AIOCCXF,RC,0,NT,FH,1.0,640,-14.0,-4.85,"[{'Canonical-syllable': '1', 'Growl': '0', 'High-freq-energy': '0', 'Long-island': '0', 'Low-tilt-spectrum': '1', 'Medium-island': '1', 'Short-island': '1', 'Squeal': '0', 'Typical-entropy': '2', 'Voicing-quality': '3', 'Wide-band': '0', 'Xlong-island': '0', 'seq': '1', 'end': 22732.59, 'start': 22731.95}]",0,0,[],[]
22732590,22733390,OCH,CXN,0.0,666,AIOCCXF,RC,0,NT,FI,0.0,0,-17.0,-8.76,[],0,0,[],[]
22733390,22734080,CHI,CHN,0.0,666,AIOCCXF,RC,0,NT,FI,1.0,560,-15.74,-10.85,"[{'Canonical-syllable': '0', 'Growl': '0', 'High-freq-energy': '0', 'Long-island': '0', 'Low-tilt-spectrum': '0', 'Medium-island': '1', 'Short-island': '0', 'Squeal': '0', 'Typical-entropy': '2', 'Voicing-quality': '2', 'Wide-band': '0', 'Xlong-island': '0', 'seq': '1', 'end': 22733.95, 'start': 22733.39}]",0,0,[],[]
22734080,22735410,NA,OLN,0.0,666,AIOCCXF,NA,NA,NA,NA,0.0,0,-22.17,-8.72,[],0,0,[],[]
22735410,22736010,CHI,CHN,0.0,666,AIOCCXF,RC,0,NT,FH,1.0,600,-13.56,-5.17,"[{'Canonical-syllable': '0', 'Growl': '1', 'High-freq-energy': '0', 'Long-island': '0', 'Low-tilt-spectrum': '2', 'Medium-island': '1', 'Short-island': '0', 'Squeal': '1', 'Typical-entropy': '2', 'Voicing-quality': '2', 'Wide-band': '0', 'Xlong-island': '0', 'seq': '1', 'end': 22736.01, 'start': 22735.41}]",0,0,[],[]
22736010,22736860,NA,OLN,0.0,666,AIOCCXF,NA,NA,NA,NA,0.0,0,-21.74,-5.35,[],0,0,[],[]
22736860,22737490,CHI,CHN,0.0,666,AIOCCXF,EC,0,NT,FH,1.0,630,-14.97,-6.2,"[{'Canonical-syllable': '0', 'Growl': '0', 'High-freq-energy': '0', 'Long-island': '0', 'Low-tilt-spectrum': '1', 'Medium-island': '1', 'Short-island': '0', 'Squeal': '0', 'Typical-entropy': '1', 'Voicing-quality': '1', 'Wide-band': '0', 'Xlong-island': '0', 'seq': '1', 'end': 22737.49, 'start': 22736.86}]",0,0,[],[]
22737490,22738850,CHI,CHN,0.0,667,pause,NA,NA,NA,NA,0.0,0,-15.87,-2.62,[],0,290,"[{'start': 22737.99, 'end': 22738.28}]",[]
22738850,22739530,CHI,CHN,0.0,667,pause,NA,NA,NA,NA,0.0,0,-19.34,-9.15,[],0,680,"[{'start': 22738.85, 'end': 22739.53}]",[]
22739530,22742160,NA,OLN,0.0,667,pause,NA,NA,NA,NA,0.0,0,-24.15,-10.89,[],0,0,[],[]
22742160,22744090,CHI,CHN,0.0,667,pause,NA,NA,NA,NA,0.0,0,-15.23,-5.07,[],0,1930,"[{'start': 22742.16, 'end': 22744.09}]",[]
22744090,22745090,CHI,CHN,0.0,667,CIC,BC,0,NT,FI,1.0,210,-21.04,-6.79,"[{'Canonical-syllable': '1', 'Growl': '0', 'High-freq-energy': '0', 'Long-island': '0', 'Low-tilt-spectrum': '0', 'Medium-island': '0', 'Short-island': '1', 'Squeal': '0', 'Typical-entropy': '1', 'Voicing-quality': '1', 'Wide-band': '0', 'Xlong-island': '0', 'seq': '1', 'end': 22745.01, 'start': 22744.8}]",0,0,[],[]
22745090,22746960,NA,OLN,0.0,667,CIC,NA,NA,NA,NA,0.0,0,-18.03,-9.6,[],0,0,[],[]
22746960,22747560,CHI,CHN,0.0,667,CIC,RC,0,NT,FH,1.0,170,-16.38,-7.42,"[{'Canonical-syllable': '0', 'Growl': '0', 'High-freq-energy': '0', 'Long-island': '0', 'Low-tilt-spectrum': '1', 'Medium-island': '0', 'Short-island': '1', 'Squeal': '0', 'Typical-entropy': '1', 'Voicing-quality': '1', 'Wide-band': '0', 'Xlong-island': '0', 'seq': '1', 'end': 22747.56, 'start': 22747.39}]",0,0,[],[]
22747560,22748850,NA,OLN,0.0,667,CIC,NA,NA,NA,NA,0.0,0,-20.48,-12.64,[],0,0,[],[]
22748850,22749490,CHI,CHN,0.0,667,CIC,NA,NA,NA,NA,0.0,0,-13.43,-4.08,[],0,640,"[{'start': 22748.85, 'end': 22749.49}]",[]
22749490,22750300,NA,OLN,0.0,667,CIC,NA,NA,NA,NA,0.0,0,-16.12,-11.35,[],0,0,[],[]
22750300,22752220,CHI,CHN,0.0,667,CIC,RC,0,NT,FH,2.0,1470,-14.99,-3.49,"[{'Canonical-syllable': '0', 'Growl': '0', 'High-freq-energy': '0', 'Long-island': '1', 'Low-tilt-spectrum': '1', 'Medium-island': '0', 'Short-island': '0', 'Squeal': '0', 'Typical-entropy': '1', 'Voicing-quality': '1', 'Wide-band': '0', 'Xlong-island': '0', 'seq': '1', 'end': 22751.31, 'start': 22750.44}, {'Canonical-syllable': '0', 'Growl': '0', 'High-freq-energy': '1', 'Long-island': '0', 'Low-tilt-spectrum': '0', 'Medium-island': '1', 'Short-island': '0', 'Squeal': '1', 'Typical-entropy': '1', 'Voicing-quality': '1', 'Wide-band': '0', 'Xlong-island': '0', 'seq': '2', 'end': 22752.22, 'start': 22751.76}]",0,0,[],[]
22752220,22753240,CHI,CHN,0.0,667,CIC,RC,0,NT,FH,1.0,900,-18.63,-8.12,"[{'Canonical-syllable': '0', 'Growl': '0', 'High-freq-energy': '0', 'Long-island': '0', 'Low-tilt-spectrum': '0', 'Medium-island': '0', 'Short-island': '3', 'Squeal': '1', 'Typical-entropy': '2', 'Voicing-quality': '2', 'Wide-band': '0', 'Xlong-island': '0', 'seq': '1', 'end': 22753.12, 'start': 22752.22}]",0,0,[],[]
22753240,22754110,CHI,CHN,0.0,667,CIC,NA,NA,NA,NA,0.0,0,-15.9,-6.28,[],0,220,"[{'start': 22753.89, 'end': 22754.11}]",[]
22754110,22755360,CHI,CHN,0.0,667,CIC,RC,0,NT,FH,2.0,740,-20.48,-10.27,"[{'Canonical-syllable': '1', 'Growl': '0', 'High-freq-energy': '0', 'Long-island': '0', 'Low-tilt-spectrum': '0', 'Medium-island': '0', 'Short-island': '1', 'Squeal': '0', 'Typical-entropy': '0', 'Voicing-quality': '1', 'Wide-band': '0', 'Xlong-island': '0', 'seq': '1', 'end': 22754.55, 'start': 22754.3}, {'Canonical-syllable': '0', 'Growl': '0', 'High-freq-energy': '0', 'Long-island': '0', 'Low-tilt-spectrum': '0', 'Medium-island': '1', 'Short-island': '0', 'Squeal': '0', 'Typical-entropy': '1', 'Voicing-quality': '1', 'Wide-band': '0', 'Xlong-island': '0', 'seq': '2', 'end': 22755.2, 'start': 22754.9}]",0,0,[],[]
22755360,22756520,CHI,CHN,0.0,667,CIC,NA,NA,NA,NA,0.0,0,-13.8,-2.13,[],0,430,"[{'start': 22756.09, 'end': 22756.52}]",[]
22756520,22757790,OCH,CXN,0.0,667,CIC,RC,0,NT,FI,0.0,0,-16.01,-5.78,[],0,0,[],[]
22757790,22758640,CHI,CHN,0.0,667,CIC,RC,0,TIMI,FI,1.0,520,-15.61,-10.14,"[{'Canonical-syllable': '0', 'Growl': '0', 'High-freq-energy': '1', 'Long-island': '0', 'Low-tilt-spectrum': '0', 'Medium-island': '1', 'Short-island': '0', 'Squeal': '1', 'Typical-entropy': '1', 'Voicing-quality': '1', 'Wide-band': '0', 'Xlong-island': '0', 'seq': '1', 'end': 22758.31, 'start': 22757.79}]",0,0,[],[]
22758640,22759640,MAL,MAN,4.68,667,CIC,EC,1,TIMR,FI,0.0,0,-17.68,-9.39,[],0,0,[],[]
22759640,22761140,CHI,CHN,0.0,668,pause,NA,NA,NA,NA,0.0,0,-14.05,-2.34,[],0,1320,"[{'start': 22759.82, 'end': 22761.14}]",[]
22761140,22761950,NA,OLN,0.0,668,pause,NA,NA,NA,NA,0.0,0,-17.94,-6.43,[],0,0,[],[]
22761950,22762880,CHI,CHN,0.0,668,pause,NA,NA,NA,NA,0.0,0,-14.62,-7.57,[],0,610,"[{'start': 22762.27, 'end': 22762.88}]",[]
22762880,22764000,CHI,CHN,0.0,668,pause,NA,NA,NA,NA,0.0,0,-16.81,-8.62,[],0,1120,"[{'start': 22762.88, 'end': 22764.0}]",[]
22764000,22764660,CHI,CHN,0.0,668,pause,NA,NA,NA,NA,0.0,0,-15.29,-12.0,[],0,570,"[{'start': 22764.0, 'end': 22764.57}]",[]
22764660,22765480,NA,NON,0.0,668,pause,NA,NA,NA,NA,0.0,0,-33.59,-26.54,[],0,0,[],[]
22765480,22767140,CHI,CHN,0.0,668,pause,NA,NA,NA,NA,0.0,0,-14.5,-6.56,[],0,1660,"[{'start': 22765.48, 'end': 22767.14}]",[]
22767140,22767940,NA,OLN,0.0,668,pause,NA,NA,NA,NA,0.0,0,-12.23,-0.5,[],0,0,[],[]
22767940,22768700,CHI,CHN,0.0,668,pause,NA,NA,NA,NA,0.0,0,-14.91,-4.89,[],0,760,"[{'start': 22767.94, 'end': 22768.7}]",[]
22768700,22769830,NA,OLN,0.0,668,pause,NA,NA,NA,NA,0.0,0,-14.23,-4.13,[],0,0,[],[]
22769830,22771580,CHI,CHN,0.0,668,pause,NA,NA,NA,NA,0.0,0,-15.09,-3.28,[],0,1750,"[{'start': 22769.83, 'end': 22771.58}]",[]
22771580,22773380,CHI,CHN,0.0,668,CIC,BC,0,NT,FI,1.0,1610,-17.11,-5.46,"[{'Canonical-syllable': '1', 'Growl': '0', 'High-freq-energy': '0', 'Long-island': '0', 'Low-tilt-spectrum': '0', 'Medium-island': '2', 'Short-island': '2', 'Squeal': '1', 'Typical-entropy': '2', 'Voicing-quality': '5', 'Wide-band': '0', 'Xlong-island': '0', 'seq': '1', 'end': 22773.19, 'start': 22771.58}]",0,0,[],[]
22773380,22774920,NA,NON,0.0,668,CIC,NA,NA,NA,NA,0.0,0,-28.53,-17.33,[],0,0,[],[]
22774920,22776650,NA,OLN,0.0,668,CIC,NA,NA,NA,NA,0.0,0,-25.78,-10.67,[],0,0,[],[]
22776650,22779000,CHI,CHN,0.0,668,CIC,RC,0,NT,FH,3.0,1680,-17.19,-7.59,"[{'Canonical-syllable': '0', 'Growl': '0', 'High-freq-energy': '0', 'Long-island': '1', 'Low-tilt-spectrum': '1', 'Medium-island': '0', 'Short-island': '0', 'Squeal': '0', 'Typical-entropy': '1', 'Voicing-quality': '1', 'Wide-band': '0', 'Xlong-island': '0', 'seq': '1', 'end': 22777.49, 'start': 22776.65}, {'Canonical-syllable': '0', 'Growl': '0', 'High-freq-energy': '0', 'Long-island': '0', 'Low-tilt-spectrum': '1', 'Medium-island': '0', 'Short-island': '1', 'Squeal': '1', 'Typical-entropy': '1', 'Voicing-quality': '0', 'Wide-band': '0', 'Xlong-island': '0', 'seq': '2', 'end': 22777.96, 'start': 22777.82}, {'Canonical-syllable': '0', 'Growl': '0', 'High-freq-energy': '0', 'Long-island': '0', 'Low-tilt-spectrum': '0', 'Medium-island': '1', 'Short-island': '0', 'Squeal': '0', 'Typical-entropy': '1', 'Voicing-quality': '1', 'Wide-band': '0', 'Xlong-island': '0', 'seq': '3', 'end': 22779.0, 'start': 22778.3}]",0,0,[],[]
22779000,22779610,CHI,CHN,0.0,668,CIC,RC,0,NT,FH,1.0,610,-15.78,-3.77,"[{'Canonical-syllable': '0', 'Growl': '0', 'High-freq-energy': '0', 'Long-island': '0', 'Low-tilt-spectrum': '0', 'Medium-island': '0', 'Short-island': '1', 'Squeal': '0', 'Typical-entropy': '0', 'Voicing-quality': '1', 'Wide-band': '0', 'Xlong-island': '0', 'seq': '1', 'end': 22779.61, 'start': 22779.15}]",0,0,[],[]
22779610,22781410,CHI,CHN,0.0,668,CIC,RC,0,NT,FH,1.0,1800,-15.72,-6.62,"[{'Canonical-syllable': '2', 'Growl': '0', 'High-freq-energy': '0', 'Long-island': '0', 'Low-tilt-spectrum': '1', 'Medium-island': '3', 'Short-island': '1', 'Squeal': '0', 'Typical-entropy': '3', 'Voicing-quality': '4', 'Wide-band': '0', 'Xlong-island': '0', 'seq': '1', 'end': 22781.41, 'start': 22779.61}]",0,0,[],[]
22781410,22782010,CHI,CHN,0.0,668,CIC,RC,0,TIFI,FH,1.0,600,-17.14,-9.07,"[{'Canonical-syllable': '2', 'Growl': '0', 'High-freq-energy': '0', 'Long-island': '0', 'Low-tilt-spectrum': '0', 'Medium-island': '0', 'Short-island': '2', 'Squeal': '0', 'Typical-entropy': '1', 'Voicing-quality': '2', 'Wide-band': '0', 'Xlong-island': '0', 'seq': '1', 'end': 22782.01, 'start': 22781.41}]",0,0,[],[]
22782010,22783300,NA,OLN,0.0,668,CIC,NA,NA,NA,NA,0.0,0,-30.46,-23.51,[],0,0,[],[]
22783300,22783920,FEM,FAN,4.07,668,CIC,RC,1,TIFR,FI,0.0,0,-29.76,-20.3,[],0,0,[],[]
22783920,22784780,NA,OLN,0.0,668,CIC,NA,NA,NA,NA,0.0,0,-22.84,-5.7,[],0,0,[],[]
22784780,22785490,CHI,CHN,0.0,668,CIC,RC,1,TIMI,FI,1.0,710,-15.92,-8.31,"[{'Canonical-syllable': '1', 'Growl': '1', 'High-freq-energy': '0', 'Long-island': '0', 'Low-tilt-spectrum': '2', 'Medium-island': '1', 'Short-island': '1', 'Squeal': '0', 'Typical-entropy': '2', 'Voicing-quality': '2', 'Wide-band': '0', 'Xlong-island': '0', 'seq': '1', 'end': 22785.49, 'start': 22784.78}]",0,0,[],[]
22785490,22786490,MAL,MAN,4.44,668,CIC,RC,2,TIMR,FI,0.0,0,-24.35,-12.34,[],0,0,[],[]
22786490,22787910,CHI,CHN,0.0,668,CIC,RC,2,TIME,FI,2.0,490,-20.86,-9.64,"[{'Canonical-syllable': '1', 'Growl': '0', 'High-freq-energy': '0', 'Long-island': '0', 'Low-tilt-spectrum': '0', 'Medium-island': '1', 'Short-island': '0', 'Squeal': '0', 'Typical-entropy': '1', 'Voicing-quality': '1', 'Wide-band': '0', 'Xlong-island': '0', 'seq': '1', 'end': 22787.21, 'start': 22786.86}, {'Canonical-syllable': '0', 'Growl': '0', 'High-freq-energy': '0', 'Long-island': '0', 'Low-tilt-spectrum': '0', 'Medium-island': '0', 'Short-island': '0', 'Squeal': '0', 'Typical-entropy': '0', 'Voicing-quality': '1', 'Wide-band': '0', 'Xlong-island': '0', 'seq': '2', 'end': 22787.91, 'start': 22787.77}]",0,0,[],[]
22787910,22788510,CHI,CHN,0.0,668,CIC,RC,2,NT,FH,1.0,440,-17.9,-6.69,"[{'Canonical-syllable': '0', 'Growl': '0', 'High-freq-energy': '0', 'Long-island': '0', 'Low-tilt-spectrum': '0', 'Medium-island': '1', 'Short-island': '0', 'Squeal': '0', 'Typical-entropy': '1', 'Voicing-quality': '1', 'Wide-band': '0', 'Xlong-island': '0', 'seq': '1', 'end': 22788.35, 'start': 22788.04}]",0,0,[],[]
22788510,22789310,NA,OLN,0.0,668,CIC,NA,NA,NA,NA,0.0,0,-35.62,-29.55,[],0,0,[],[]
22789310,22789910,CHI,CHN,0.0,668,CIC,RC,2,TIMI,FH,1.0,600,-10.34,-3.48,"[{'Canonical-syllable': '1', 'Growl': '0', 'High-freq-energy': '0', 'Long-island': '0', 'Low-tilt-spectrum': '2', 'Medium-island': '1', 'Short-island': '1', 'Squeal': '0', 'Typical-entropy': '2', 'Voicing-quality': '2', 'Wide-band': '0', 'Xlong-island': '0', 'seq': '1', 'end': 22789.91, 'start': 22789.31}]",0,0,[],[]
22789910,22790910,CHI,CHN,0.0,668,CIC,NA,NA,NA,NA,0.0,0,-21.34,-15.95,[],0,640,"[{'start': 22789.91, 'end': 22790.55}]",[]
22790910,22791920,MAL,MAN,5.7,668,CIC,RC,3,TIMR,FI,0.0,0,-27.55,-19.61,[],0,0,[],[]
22791920,22792980,NA,NON,0.0,668,CIC,NA,NA,NA,NA,0.0,0,-30.72,-21.24,[],0,0,[],[]
22792980,22794050,CHI,CHN,0.0,668,CIC,NA,NA,NA,NA,0.0,0,-12.56,-1.99,[],0,430,"[{'start': 22793.54, 'end': 22793.97}]",[]
22794050,22795050,CHI,CHN,0.0,668,CIC,EC,3,TIME,FI,1.0,110,-20.39,-10.54,"[{'Canonical-syllable': '0', 'Growl': '0', 'High-freq-energy': '0', 'Long-island': '0', 'Low-tilt-spectrum': '1', 'Medium-island': '0', 'Short-island': '0', 'Squeal': '0', 'Typical-entropy': '1', 'Voicing-quality': '1', 'Wide-band': '0', 'Xlong-island': '0', 'seq': '1', 'end': 22794.16, 'start': 22794.05}]",0,0,[],[]
22795050,22797590,CHI,CHN,0.0,669,pause,NA,NA,NA,NA,0.0,0,-15.03,-4.47,[],0,1970,"[{'start': 22795.62, 'end': 22797.59}]",[]
22797590,22800320,NA,OLN,0.0,669,pause,NA,NA,NA,NA,0.0,0,-26.77,-13.51,[],0,0,[],[]
22800320,22801310,NA,NOF,0.0,669,pause,NA,NA,NA,NA,0.0,0,-44.44,-39.59,[],0,0,[],[]
22801310,22802050,CHI,CHN,0.0,669,CIC,BC,0,TIFI,FI,1.0,740,-16.54,-6.93,"[{'Canonical-syllable': '2', 'Growl': '0', 'High-freq-energy': '0', 'Long-island': '0', 'Low-tilt-spectrum': '0', 'Medium-island': '0', 'Short-island': '2', 'Squeal': '0', 'Typical-entropy': '0', 'Voicing-quality': '3', 'Wide-band': '0', 'Xlong-island': '0', 'seq': '1', 'end': 22802.05, 'start': 22801.31}]",0,0,[],[]
22802050,22803050,FEM,FAN,6.19,669,CIC,RC,1,TIFR,FI,0.0,0,-27.48,-18.59,[],0,0,[],[]
22803050,22804080,MAL,MAN,5.71,669,CIC,RC,1,NT,FI,0.0,0,-36.04,-27.32,[],0,0,[],[]
22804080,22804880,OCH,CXN,0.0,669,CIC,RC,1,NT,FI,0.0,0,-31.63,-28.94,[],0,0,[],[]
22804880,22805900,CHI,CHN,0.0,669,CIC,RC,1,TIFI,FI,1.0,370,-23.83,-14.17,"[{'Canonical-syllable': '0', 'Growl': '0', 'High-freq-energy': '0', 'Long-island': '0', 'Low-tilt-spectrum': '0', 'Medium-island': '1', 'Short-island': '0', 'Squeal': '0', 'Typical-entropy': '1', 'Voicing-quality': '1', 'Wide-band': '0', 'Xlong-island': '0', 'seq': '1', 'end': 22805.9, 'start': 22805.53}]",0,0,[],[]
22805900,22807140,NA,NOF,0.0,669,CIC,NA,NA,NA,NA,0.0,0,-48.96,-40.24,[],0,0,[],[]
22807140,22807740,FEM,FAN,5.81,669,CIC,RC,2,TIFR,FI,0.0,0,-30.03,-26.26,[],0,0,[],[]
22807740,22808680,NA,OLN,0.0,669,CIC,NA,NA,NA,NA,0.0,0,-33.67,-27.31,[],0,0,[],[]
22808680,22809480,NA,NOF,0.0,669,CIC,NA,NA,NA,NA,0.0,0,-40.38,-32.11,[],0,0,[],[]
22809480,22810310,OCH,CXN,0.0,669,CIC,EC,2,NT,FI,0.0,0,-38.18,-31.71,[],0,0,[],[]
22810310,22811780,NA,OLN,0.0,670,pause,NA,NA,NA,NA,0.0,0,-32.72,-18.1,[],0,0,[],[]
22811780,22812700,NA,FAF,0.0,670,pause,NA,NA,NA,NA,0.0,0,-40.87,-24.74,[],0,0,[],[]
22812700,22813510,NA,OLN,0.0,670,pause,NA,NA,NA,NA,0.0,0,-35.97,-29.2,[],0,0,[],[]
22813510,22815770,NA,NOF,0.0,670,pause,NA,NA,NA,NA,0.0,0,-22.55,-7.9,[],0,0,[],[]
22815770,22816570,NA,OLF,0.0,670,pause,NA,NA,NA,NA,0.0,0,-36.51,-28.01,[],0,0,[],[]
22816570,22818030,NA,NOF,0.0,670,pause,NA,NA,NA,NA,0.0,0,-37.75,-31.28,[],0,0,[],[]
22818030,22818830,NA,OLF,0.0,670,pause,NA,NA,NA,NA,0.0,0,-38.5,-33.11,[],0,0,[],[]
22818830,22819640,NA,NOF,0.0,670,pause,NA,NA,NA,NA,0.0,0,-32.18,-19.34,[],0,0,[],[]
22819640,22820570,NA,OLF,0.0,670,pause,NA,NA,NA,NA,0.0,0,-39.18,-32.74,[],0,0,[],[]
22820570,22822170,NA,NOF,0.0,670,pause,NA,NA,NA,NA,0.0,0,-43.65,-30.51,[],0,0,[],[]
22822170,22823970,FEM,FAN,6.4,670,AIOCF,BC,0,NT,FI,0.0,0,-41.31,-29.41,[],0,0,[],[]
22823970,22824770,OCH,CXN,0.0,670,AIOCF,EC,0,NT,FI,0.0,0,-43.35,-38.68,[],0,0,[],[]
22824770,22830960,NA,NOF,0.0,671,pause,NA,NA,NA,NA,0.0,0,-43.65,-30.0,[],0,0,[],[]
22830960,22833510,NA,OLF,0.0,671,pause,NA,NA,NA,NA,0.0,0,-38.47,-32.88,[],0,0,[],[]
22833510,22835010,NA,NOF,0.0,671,pause,NA,NA,NA,NA,0.0,0,-21.76,-3.91,[],0,0,[],[]
22835010,22835620,CHI,CHN,0.0,671,CIOCX,BC,0,NT,FI,1.0,610,-31.15,-25.28,"[{'Canonical-syllable': '0', 'Growl': '1', 'High-freq-energy': '1', 'Long-island': '0', 'Low-tilt-spectrum': '1', 'Medium-island': '1', 'Short-island': '0', 'Squeal': '0', 'Typical-entropy': '1', 'Voicing-quality': '1', 'Wide-band': '0', 'Xlong-island': '0', 'seq': '1', 'end': 22835.62, 'start': 22835.01}]",0,0,[],[]
22835620,22836420,NA,NON,0.0,671,CIOCX,NA,NA,NA,NA,0.0,0,-27.85,-24.65,[],0,0,[],[]
22836420,22837020,CHI,CHN,0.0,671,CIOCX,RC,0,NT,FH,1.0,600,-31.46,-25.33,"[{'Canonical-syllable': '0', 'Growl': '1', 'High-freq-energy': '1', 'Long-island': '0', 'Low-tilt-spectrum': '1', 'Medium-island': '1', 'Short-island': '0', 'Squeal': '0', 'Typical-entropy': '1', 'Voicing-quality': '1', 'Wide-band': '0', 'Xlong-island': '0', 'seq': '1', 'end': 22837.02, 'start': 22836.42}]",0,0,[],[]
22837020,22838420,NA,NON,0.0,671,CIOCX,NA,NA,NA,NA,0.0,0,-32.02,-16.79,[],0,0,[],[]
22838420,22839590,CHI,CHN,0.0,671,CIOCX,RC,0,NT,FH,1.0,1010,-26.03,-15.43,"[{'Canonical-syllable': '1', 'Growl': '1', 'High-freq-energy': '2', 'Long-island': '0', 'Low-tilt-spectrum': '3', 'Medium-island': '1', 'Short-island': '1', 'Squeal': '0', 'Typical-entropy': '3', 'Voicing-quality': '2', 'Wide-band': '1', 'Xlong-island': '0', 'seq': '1', 'end': 22839.43, 'start': 22838.42}]",0,0,[],[]
22839590,22840630,CHI,CHN,0.0,671,CIOCX,NA,NA,NA,NA,0.0,0,-24.01,-16.52,[],0,1040,"[{'start': 22839.59, 'end': 22840.63}]",[]
22840630,22841330,CHI,CHN,0.0,671,CIOCX,RC,0,NT,FH,1.0,150,-24.19,-13.88,"[{'Canonical-syllable': '0', 'Growl': '0', 'High-freq-energy': '1', 'Long-island': '0', 'Low-tilt-spectrum': '1', 'Medium-island': '0', 'Short-island': '0', 'Squeal': '0', 'Typical-entropy': '1', 'Voicing-quality': '1', 'Wide-band': '0', 'Xlong-island': '0', 'seq': '1', 'end': 22841.33, 'start': 22841.18}]",0,0,[],[]
22841330,22842340,CHI,CHN,0.0,671,CIOCX,RC,0,NT,FH,1.0,1010,-25.11,-16.53,"[{'Canonical-syllable': '0', 'Growl': '0', 'High-freq-energy': '2', 'Long-island': '1', 'Low-tilt-spectrum': '2', 'Medium-island': '0', 'Short-island': '1', 'Squeal': '0', 'Typical-entropy': '2', 'Voicing-quality': '1', 'Wide-band': '0', 'Xlong-island': '0', 'seq': '1', 'end': 22842.34, 'start': 22841.33}]",0,0,[],[]
22842340,22843900,OCH,CXN,0.0,671,CIOCX,EC,0,NT,FI,0.0,0,-33.12,-24.36,[],0,0,[],[]
22843900,22845380,NA,NON,0.0,672,pause,NA,NA,NA,NA,0.0,0,-18.04,-2.34,[],0,0,[],[]
22845380,22846320,CHI,CHN,0.0,672,pause,NA,NA,NA,NA,0.0,0,-23.03,-15.27,[],0,940,[],"[{'start': 22845.38, 'end': 22846.32}]"
22846320,22847990,NA,NON,0.0,672,pause,NA,NA,NA,NA,0.0,0,-25.08,-15.6,[],0,0,[],[]
22847990,22848630,CHI,CHN,0.0,672,pause,NA,NA,NA,NA,0.0,0,-20.21,-11.0,[],0,280,"[{'start': 22847.99, 'end': 22848.27}]",[]
22848630,22849520,NA,NON,0.0,672,pause,NA,NA,NA,NA,0.0,0,-29.56,-19.16,[],0,0,[],[]
22849520,22850150,CHI,CHN,0.0,672,CM,BC,0,NT,FI,1.0,630,-23.71,-15.74,"[{'Canonical-syllable': '0', 'Growl': '0', 'High-freq-energy': '1', 'Long-island': '0', 'Low-tilt-spectrum': '1', 'Medium-island': '1', 'Short-island': '0', 'Squeal': '0', 'Typical-entropy': '1', 'Voicing-quality': '0', 'Wide-band': '0', 'Xlong-island': '0', 'seq': '1', 'end': 22850.15, 'start': 22849.52}]",0,0,[],[]
22850150,22850950,CHI,CHN,0.0,672,CM,EC,0,NT,FH,1.0,800,-22.14,-14.87,"[{'Canonical-syllable': '0', 'Growl': '0', 'High-freq-energy': '2', 'Long-island': '0', 'Low-tilt-spectrum': '2', 'Medium-island': '1', 'Short-island': '1', 'Squeal': '0', 'Typical-entropy': '2', 'Voicing-quality': '1', 'Wide-band': '0', 'Xlong-island': '0', 'seq': '1', 'end': 22850.95, 'start': 22850.15}]",0,0,[],[]
22850950,22852270,CHI,CHN,0.0,673,pause,NA,NA,NA,NA,0.0,0,-19.2,-8.99,[],0,830,"[{'start': 22851.44, 'end': 22852.27}]",[]
22852270,22856300,NA,NON,0.0,673,pause,NA,NA,NA,NA,0.0,0,-28.78,-9.44,[],0,0,[],[]
22856300,22857620,NA,OLN,0.0,673,pause,NA,NA,NA,NA,0.0,0,-22.01,-13.82,[],0,0,[],[]
22857620,22858420,NA,SIL,0.0,673,pause,NA,NA,NA,NA,0.0,0,-42.59,-31.6,[],0,0,[],[]
22858420,22859560,CHI,CHN,0.0,673,CM,EC,0,NT,FI,1.0,1140,-25.98,-18.63,"[{'Canonical-syllable': '0', 'Growl': '0', 'High-freq-energy': '1', 'Long-island': '0', 'Low-tilt-spectrum': '1', 'Medium-island': '0', 'Short-island': '0', 'Squeal': '1', 'Typical-entropy': '1', 'Voicing-quality': '1', 'Wide-band': '0', 'Xlong-island': '1', 'seq': '1', 'end': 22859.56, 'start': 22858.42}]",0,0,[],[]
22859560,22860880,NA,SIL,0.0,674,pause,NA,NA,NA,NA,0.0,0,-49.97,-34.13,[],0,0,[],[]
22860880,22861700,NA,NOF,0.0,674,pause,NA,NA,NA,NA,0.0,0,-37.21,-22.69,[],0,0,[],[]
22861700,22862970,NA,SIL,0.0,674,pause,NA,NA,NA,NA,0.0,0,-51.93,-42.79,[],0,0,[],[]
22862970,22867570,NA,NON,0.0,674,pause,NA,NA,NA,NA,0.0,0,-31.77,-22.47,[],0,0,[],[]
22867570,22868700,NA,OLN,0.0,674,pause,NA,NA,NA,NA,0.0,0,-25.72,-17.35,[],0,0,[],[]
22868700,22870550,NA,NOF,0.0,674,pause,NA,NA,NA,NA,0.0,0,-30.0,-17.02,[],0,0,[],[]
22870550,22872370,OCH,CXN,0.0,674,XM,EC,0,NT,FI,0.0,0,-30.85,-19.29,[],0,0,[],[]
22872370,22873320,NA,NON,0.0,675,pause,NA,NA,NA,NA,0.0,0,-32.58,-21.06,[],0,0,[],[]
22873320,22874120,NA,OLN,0.0,675,pause,NA,NA,NA,NA,0.0,0,-33.22,-25.2,[],0,0,[],[]
22874120,22878160,NA,NOF,0.0,675,pause,NA,NA,NA,NA,0.0,0,-41.31,-24.89,[],0,0,[],[]
22878160,22880000,OCH,CXN,0.0,675,XIOCA,BC,0,NT,FI,0.0,0,-28.51,-18.32,[],0,0,[],[]
22880000,22881610,NA,NOF,0.0,675,XIOCA,NA,NA,NA,NA,0.0,0,-37.79,-22.18,[],0,0,[],[]
22881610,22882410,OCH,CXN,0.0,675,XIOCA,RC,0,NT,FH,0.0,0,-29.29,-20.19,[],0,0,[],[]
22882410,22883450,NA,OLN,0.0,675,XIOCA,NA,NA,NA,NA,0.0,0,-25.94,-17.53,[],0,0,[],[]
22883450,22884340,FEM,FAN,1.3,675,XIOCA,RC,0,NT,FI,0.0,0,-36.85,-24.21,[],0,0,[],[]
22884340,22885830,OCH,CXN,0.0,675,XIOCA,RC,0,NT,FI,0.0,0,-31.37,-22.51,[],0,0,[],[]
22885830,22886630,NA,OLN,0.0,675,XIOCA,NA,NA,NA,NA,0.0,0,-32.45,-24.36,[],0,0,[],[]
22886630,22887470,FEM,FAN,0.88,675,XIOCA,EC,0,NT,FI,0.0,0,-26.58,-17.07,[],0,0,[],[]
22887470,22888270,NA,NON,0.0,676,pause,NA,NA,NA,NA,0.0,0,-37.82,-30.22,[],0,0,[],[]
22888270,22889070,NA,OLF,0.0,676,pause,NA,NA,NA,NA,0.0,0,-37.97,-29.34,[],0,0,[],[]
22889070,22892630,NA,NOF,0.0,676,pause,NA,NA,NA,NA,0.0,0,-37.09,-22.46,[],0,0,[],[]
22892630,22893250,OCH,CXN,0.0,676,XIOCAC,BC,0,NT,FI,0.0,0,-33.94,-23.55,[],0,0,[],[]
22893250,22894050,NA,NOF,0.0,676,XIOCAC,NA,NA,NA,NA,0.0,0,-36.81,-23.32,[],0,0,[],[]
22894050,22896100,OCH,CXN,0.0,676,XIOCAC,RC,0,NT,FH,0.0,0,-32.25,-23.1,[],0,0,[],[]
22896100,22897130,NA,NON,0.0,676,XIOCAC,NA,NA,NA,NA,0.0,0,-30.96,-18.04,[],0,0,[],[]
22897130,22898040,OCH,CXN,0.0,676,XIOCAC,RC,0,NT,FH,0.0,0,-32.88,-25.24,[],0,0,[],[]
22898040,22900320,FEM,FAN,8.92,676,XIOCAC,RC,0,NT,FI,0.0,0,-29.06,-18.9,[],0,0,[],[]
22900320,22902350,OCH,CXN,0.0,676,XIOCAC,RC,0,NT,FI,0.0,0,-31.29,-22.24,[],0,0,[],[]
22902350,22903110,CHI,CHN,0.0,676,XIOCAC,RC,0,NT,FI,2.0,290,-29.31,-19.99,"[{'Canonical-syllable': '0', 'Growl': '1', 'High-freq-energy': '1', 'Long-island': '0', 'Low-tilt-spectrum': '1', 'Medium-island': '0', 'Short-island': '0', 'Squeal': '0', 'Typical-entropy': '1', 'Voicing-quality': '0', 'Wide-band': '0', 'Xlong-island': '0', 'seq': '1', 'end': 22902.44, 'start': 22902.35}, {'Canonical-syllable': '0', 'Growl': '1', 'High-freq-energy': '1', 'Long-island': '0', 'Low-tilt-spectrum': '1', 'Medium-island': '0', 'Short-island': '1', 'Squeal': '0', 'Typical-entropy': '1', 'Voicing-quality': '0', 'Wide-band': '0', 'Xlong-island': '0', 'seq': '2', 'end': 22903.11, 'start': 22902.91}]",0,0,[],[]
22903110,22906320,OCH,CXN,0.0,676,XIOCAC,RC,0,NT,FI,0.0,0,-28.86,-19.53,[],0,0,[],[]
22906320,22907120,NA,SIL,0.0,676,XIOCAC,NA,NA,NA,NA,0.0,0,-50.37,-41.2,[],0,0,[],[]
22907120,22907960,NA,NON,0.0,676,XIOCAC,NA,NA,NA,NA,0.0,0,-46.04,-36.15,[],0,0,[],[]
22907960,22908800,NA,CXF,0.0,676,XIOCAC,NA,NA,NA,NA,0.0,0,-44.19,-40.36,[],0,0,[],[]
22908800,22909600,NA,NOF,0.0,676,XIOCAC,NA,NA,NA,NA,0.0,0,-44.61,-33.98,[],0,0,[],[]
22909600,22910480,OCH,CXN,0.0,676,XIOCAC,RC,0,NT,FH,0.0,0,-30.44,-22.3,[],0,0,[],[]
22910480,22911830,FEM,FAN,3.25,676,XIOCAC,RC,0,NT,FI,0.0,0,-27.76,-16.72,[],0,0,[],[]
22911830,22913010,OCH,CXN,0.0,676,XIOCAC,RC,0,NT,FI,0.0,0,-28.64,-19.33,[],0,0,[],[]
22913010,22913620,CHI,CHN,0.0,676,XIOCAC,NA,NA,NA,NA,0.0,0,-36.41,-28.03,[],0,120,"[{'start': 22913.5, 'end': 22913.62}]",[]
22913620,22914440,FEM,FAN,4.53,676,XIOCAC,RC,0,NT,FI,0.0,0,-32.48,-25.5,[],0,0,[],[]
22914440,22915500,OCH,CXN,0.0,676,XIOCAC,RC,0,NT,FI,0.0,0,-37.63,-29.92,[],0,0,[],[]
22915500,22916850,NA,FAF,0.0,676,XIOCAC,NA,NA,NA,NA,0.0,0,-46.51,-32.39,[],0,0,[],[]
22916850,22917670,NA,SIL,0.0,676,XIOCAC,NA,NA,NA,NA,0.0,0,-54.4,-42.3,[],0,0,[],[]
22917670,22919340,CHI,CHN,0.0,676,XIOCAC,EC,0,NT,FI,2.0,980,-28.02,-16.87,"[{'Canonical-syllable': '0', 'Growl': '0', 'High-freq-energy': '1', 'Long-island': '0', 'Low-tilt-spectrum': '1', 'Medium-island': '0', 'Short-island': '0', 'Squeal': '0', 'Typical-entropy': '1', 'Voicing-quality': '0', 'Wide-band': '0', 'Xlong-island': '0', 'seq': '1', 'end': 22917.81, 'start': 22917.67}, {'Canonical-syllable': '0', 'Growl': '0', 'High-freq-energy': '3', 'Long-island': '0', 'Low-tilt-spectrum': '3', 'Medium-island': '0', 'Short-island': '2', 'Squeal': '0', 'Typical-entropy': '3', 'Voicing-quality': '0', 'Wide-band': '0', 'Xlong-island': '0', 'seq': '2', 'end': 22919.34, 'start': 22918.5}]",0,0,[],[]
22919340,22921760,NA,NOF,0.0,677,pause,NA,NA,NA,NA,0.0,0,-34.97,-18.37,[],0,0,[],[]
22921760,22922360,NA,CHF,0.0,677,pause,NA,NA,NA,NA,0.0,0,-39.25,-35.16,[],0,600,[],"[{'start': 22921.76, 'end': 22922.36}]"
22922360,22923360,NA,NOF,0.0,677,pause,NA,NA,NA,NA,0.0,0,-34.68,-21.42,[],0,0,[],[]
22923360,22924230,NA,SIL,0.0,677,pause,NA,NA,NA,NA,0.0,0,-50.53,-40.19,[],0,0,[],[]
22924230,22928940,NA,NOF,0.0,677,pause,NA,NA,NA,NA,0.0,0,-36.69,-23.24,[],0,0,[],[]
22928940,22929740,NA,OLN,0.0,677,pause,NA,NA,NA,NA,0.0,0,-37.0,-29.22,[],0,0,[],[]
22929740,22930890,NA,NON,0.0,677,pause,NA,NA,NA,NA,0.0,0,-34.71,-27.13,[],0,0,[],[]
22930890,22932790,OCH,CXN,0.0,677,XIC,BC,0,NT,FI,0.0,0,-33.59,-22.86,[],0,0,[],[]
22932790,22933590,NA,NOF,0.0,677,XIC,NA,NA,NA,NA,0.0,0,-38.38,-24.02,[],0,0,[],[]
22933590,22934750,FEM,FAN,3.56,677,XIC,RC,0,NT,FI,0.0,0,-28.68,-18.93,[],0,0,[],[]
22934750,22937000,NA,NOF,0.0,677,XIC,NA,NA,NA,NA,0.0,0,-32.73,-20.31,[],0,0,[],[]
22937000,22938830,OCH,CXN,0.0,677,XIC,RC,0,NT,FI,0.0,0,-29.78,-20.62,[],0,0,[],[]
22938830,22939630,NA,NON,0.0,677,XIC,NA,NA,NA,NA,0.0,0,-33.44,-23.43,[],0,0,[],[]
22939630,22942210,OCH,CXN,0.0,677,XIC,RC,0,NT,FH,0.0,0,-33.02,-24.73,[],0,0,[],[]
22942210,22942880,OCH,CXN,0.0,677,XIC,RC,0,NT,FH,0.0,0,-34.49,-26.43,[],0,0,[],[]
22942880,22943680,OCH,CXN,0.0,677,XIC,RC,0,NT,FH,0.0,0,-32.23,-25.4,[],0,0,[],[]
22943680,22944280,OCH,CXN,0.0,677,XIC,RC,0,NT,FH,0.0,0,-33.48,-25.82,[],0,0,[],[]
22944280,22945940,OCH,CXN,0.0,677,XIC,RC,0,NT,FH,0.0,0,-29.82,-20.48,[],0,0,[],[]
22945940,22947490,NA,NOF,0.0,677,XIC,NA,NA,NA,NA,0.0,0,-37.72,-23.47,[],0,0,[],[]
22947490,22948290,OCH,CXN,0.0,677,XIC,RC,0,NT,FH,0.0,0,-36.13,-29.14,[],0,0,[],[]
22948290,22950890,FEM,FAN,4.62,677,XIC,RC,0,NT,FI,0.0,0,-30.64,-19.87,[],0,0,[],[]
22950890,22952900,OCH,CXN,0.0,677,XIC,RC,0,NT,FI,0.0,0,-30.44,-21.37,[],0,0,[],[]
22952900,22953870,NA,OLF,0.0,677,XIC,NA,NA,NA,NA,0.0,0,-46.31,-39.85,[],0,0,[],[]
22953870,22954740,NA,SIL,0.0,677,XIC,NA,NA,NA,NA,0.0,0,-47.72,-31.84,[],0,0,[],[]
22954740,22955970,OCH,CXN,0.0,677,XIC,RC,0,NT,FH,0.0,0,-28.11,-15.75,[],0,0,[],[]
22955970,22956830,FEM,FAN,0.0,677,XIC,NA,NA,NA,NA,0.0,0,-26.67,-16.83,[],860,0,[],[]
22956830,22957640,OCH,CXN,0.0,677,XIC,RC,0,NT,FH,0.0,0,-31.41,-22.73,[],0,0,[],[]
22957640,22958640,FEM,FAN,2.82,677,XIC,RC,0,NT,FI,0.0,0,-27.78,-19.58,[],0,0,[],[]
22958640,22961460,OCH,CXN,0.0,677,XIC,RC,0,NT,FI,0.0,0,-30.91,-20.95,[],0,0,[],[]
22961460,22962260,NA,CHF,0.0,677,XIC,NA,NA,NA,NA,0.0,0,-37.06,-23.29,[],0,90,"[{'start': 22962.17, 'end': 22962.26}]",[]
22962260,22963060,FEM,FAN,3.32,677,XIC,RC,0,NT,FI,0.0,0,-34.37,-27.83,[],0,0,[],[]
22963060,22964200,FEM,FAN,3.69,677,XIC,RC,0,TIFI,FH,0.0,0,-30.22,-20.22,[],0,0,[],[]
22964200,22964800,NA,CHF,0.0,677,XIC,RC,1,TIFR,FI,1.0,250,-38.45,-29.93,"[{'Canonical-syllable': '0', 'Growl': '1', 'High-freq-energy': '1', 'Long-island': '0', 'Low-tilt-spectrum': '1', 'Medium-island': '0', 'Short-island': '1', 'Squeal': '0', 'Typical-entropy': '1', 'Voicing-quality': '0', 'Wide-band': '0', 'Xlong-island': '0', 'seq': '1', 'end': 22964.45, 'start': 22964.2}]",0,0,[],[]
22964800,22965600,NA,OLN,0.0,677,XIC,NA,NA,NA,NA,0.0,0,-37.98,-35.09,[],0,0,[],[]
22965600,22966750,NA,NON,0.0,677,XIC,NA,NA,NA,NA,0.0,0,-36.88,-24.03,[],0,0,[],[]
22966750,22968030,FEM,FAN,6.14,677,XIC,RC,1,TIFE,FI,0.0,0,-31.73,-24.03,[],0,0,[],[]
22968030,22969030,FEM,FAN,0.03,677,XIC,RC,1,NT,FH,0.0,0,-30.07,-22.52,[],0,0,[],[]
22969030,22969870,OCH,CXN,0.0,677,XIC,RC,1,NT,FI,0.0,0,-33.8,-24.97,[],0,0,[],[]
22969870,22971120,FEM,FAN,5.22,677,XIC,EC,1,NT,FI,0.0,0,-35.09,-24.26,[],0,0,[],[]
22971120,22971920,NA,NOF,0.0,678,pause,NA,NA,NA,NA,0.0,0,-38.74,-26.15,[],0,0,[],[]
22971920,22972920,NA,OLN,0.0,678,pause,NA,NA,NA,NA,0.0,0,-36.19,-24.9,[],0,0,[],[]
22972920,22973920,CHI,CHN,0.0,678,pause,NA,NA,NA,NA,0.0,0,-34.93,-23.57,[],0,180,"[{'start': 22973.74, 'end': 22973.92}]",[]
22973920,22975050,NA,NOF,0.0,678,pause,NA,NA,NA,NA,0.0,0,-40.1,-25.05,[],0,0,[],[]
22975050,22975670,NA,OLN,0.0,678,pause,NA,NA,NA,NA,0.0,0,-32.44,-22.76,[],0,0,[],[]
22975670,22976820,NA,NOF,0.0,678,pause,NA,NA,NA,NA,0.0,0,-40.73,-27.48,[],0,0,[],[]
22976820,22978080,CHI,CHN,0.0,678,CIC,BC,0,TIFI,FI,1.0,1260,-41.8,-33.71,"[{'Canonical-syllable': '0', 'Growl': '1', 'High-freq-energy': '0', 'Long-island': '0', 'Low-tilt-spectrum': '1', 'Medium-island': '0', 'Short-island': '0', 'Squeal': '0', 'Typical-entropy': '0', 'Voicing-quality': '1', 'Wide-band': '0', 'Xlong-island': '1', 'seq': '1', 'end': 22978.08, 'start': 22976.82}]",0,0,[],[]
22978080,22978890,NA,NOF,0.0,678,CIC,NA,NA,NA,NA,0.0,0,-44.69,-34.65,[],0,0,[],[]
22978890,22979490,NA,OLN,0.0,678,CIC,NA,NA,NA,NA,0.0,0,-42.31,-31.81,[],0,0,[],[]
22979490,22980630,NA,FAF,0.0,678,CIC,NA,NA,NA,NA,0.0,0,-46.14,-35.16,[],0,0,[],[]
22980630,22981490,NA,NOF,0.0,678,CIC,NA,NA,NA,NA,0.0,0,-38.43,-24.97,[],0,0,[],[]
22981490,22982490,FEM,FAN,3.94,678,CIC,RC,1,TIFR,FI,0.0,0,-31.53,-23.34,[],0,0,[],[]
22982490,22983290,NA,NON,0.0,678,CIC,NA,NA,NA,NA,0.0,0,-24.01,-13.81,[],0,0,[],[]
22983290,22985920,OCH,CXN,0.0,678,CIC,RC,1,NT,FI,0.0,0,-26.98,-16.41,[],0,0,[],[]
22985920,22986720,NA,NON,0.0,678,CIC,NA,NA,NA,NA,0.0,0,-33.85,-22.88,[],0,0,[],[]
22986720,22987600,NA,OLN,0.0,678,CIC,NA,NA,NA,NA,0.0,0,-31.53,-22.16,[],0,0,[],[]
22987600,22988570,NA,NOF,0.0,678,CIC,NA,NA,NA,NA,0.0,0,-35.28,-27.42,[],0,0,[],[]
22988570,22989500,OCH,CXN,0.0,678,CIC,RC,1,NT,FH,0.0,0,-29.43,-20.48,[],0,0,[],[]
22989500,22991060,NA,NOF,0.0,678,CIC,NA,NA,NA,NA,0.0,0,-32.22,-20.79,[],0,0,[],[]
22991060,22992060,NA,TVF,0.0,678,CIC,NA,NA,NA,NA,0.0,0,-45.19,-39.71,[],0,0,[],[]
22992060,22993080,NA,NOF,0.0,678,CIC,NA,NA,NA,NA,0.0,0,-29.9,-16.59,[],0,0,[],[]
22993080,22994200,OCH,CXN,0.0,678,CIC,RC,1,NT,FH,0.0,0,-33.82,-22.56,[],0,0,[],[]
22994200,22995000,NA,NON,0.0,678,CIC,NA,NA,NA,NA,0.0,0,-31.35,-20.2,[],0,0,[],[]
22995000,22996150,OCH,CXN,0.0,678,CIC,RC,1,NT,FH,0.0,0,-31.23,-23.21,[],0,0,[],[]
22996150,22997000,NA,NON,0.0,678,CIC,NA,NA,NA,NA,0.0,0,-37.37,-27.48,[],0,0,[],[]
22997000,22997800,OCH,CXN,0.0,678,CIC,RC,1,NT,FH,0.0,0,-39.94,-29.05,[],0,0,[],[]
22997800,22998700,NA,SIL,0.0,678,CIC,NA,NA,NA,NA,0.0,0,-50.0,-34.4,[],0,0,[],[]
22998700,23000110,NA,OLF,0.0,678,CIC,NA,NA,NA,NA,0.0,0,-40.39,-32.41,[],0,0,[],[]
23000110,23001110,FEM,FAN,6.15,678,CIC,EC,1,NT,FI,0.0,0,-36.39,-28.3,[],0,0,[],[]
23001110,23002040,NA,FAF,0.0,679,pause,NA,NA,NA,NA,0.0,0,-44.47,-29.75,[],0,0,[],[]
23002040,23002920,NA,SIL,0.0,679,pause,NA,NA,NA,NA,0.0,0,-50.23,-44.17,[],0,0,[],[]
23002920,23004670,NA,NOF,0.0,679,pause,NA,NA,NA,NA,0.0,0,-41.47,-31.68,[],0,0,[],[]
23004670,23005940,NA,TVF,0.0,679,pause,NA,NA,NA,NA,0.0,0,-48.49,-44.14,[],0,0,[],[]
23005940,23007590,NA,NON,0.0,679,pause,NA,NA,NA,NA,0.0,0,-45.38,-40.12,[],0,0,[],[]
23007590,23008400,OCH,CXN,0.0,679,XIOCAC,BC,0,NT,FI,0.0,0,-37.13,-26.35,[],0,0,[],[]
23008400,23011230,NA,NON,0.0,679,XIOCAC,NA,NA,NA,NA,0.0,0,-37.99,-30.42,[],0,0,[],[]
23011230,23015080,OCH,CXN,0.0,679,XIOCAC,RC,0,NT,FH,0.0,0,-30.05,-21.23,[],0,0,[],[]
23015080,23015870,NA,FAF,0.0,679,XIOCAC,NA,NA,NA,NA,0.0,0,-43.09,-33.46,[],0,0,[],[]
23015870,23016670,NA,NON,0.0,679,XIOCAC,NA,NA,NA,NA,0.0,0,-40.43,-33.23,[],0,0,[],[]
23016670,23017470,NA,OLN,0.0,679,XIOCAC,NA,NA,NA,NA,0.0,0,-27.3,-18.09,[],0,0,[],[]
23017470,23019910,NA,NON,0.0,679,XIOCAC,NA,NA,NA,NA,0.0,0,-29.66,-20.95,[],0,0,[],[]
23019910,23020510,CHI,CHN,0.0,679,XIOCAC,RC,0,NT,FI,1.0,600,-28.34,-22.47,"[{'Canonical-syllable': '0', 'Growl': '0', 'High-freq-energy': '1', 'Long-island': '0', 'Low-tilt-spectrum': '1', 'Medium-island': '1', 'Short-island': '0', 'Squeal': '0', 'Typical-entropy': '1', 'Voicing-quality': '1', 'Wide-band': '0', 'Xlong-island': '0', 'seq': '1', 'end': 23020.51, 'start': 23019.91}]",0,0,[],[]
23020510,23022270,NA,NON,0.0,679,XIOCAC,NA,NA,NA,NA,0.0,0,-28.32,-19.4,[],0,0,[],[]
23022270,23023750,OCH,CXN,0.0,679,XIOCAC,RC,0,NT,FI,0.0,0,-30.78,-25.15,[],0,0,[],[]
23023750,23024980,CHI,CHN,0.0,679,XIOCAC,RC,0,NT,FI,1.0,1230,-28.04,-19.66,"[{'Canonical-syllable': '0', 'Growl': '1', 'High-freq-energy': '2', 'Long-island': '0', 'Low-tilt-spectrum': '2', 'Medium-island': '0', 'Short-island': '0', 'Squeal': '0', 'Typical-entropy': '2', 'Voicing-quality': '1', 'Wide-band': '0', 'Xlong-island': '1', 'seq': '1', 'end': 23024.98, 'start': 23023.75}]",0,0,[],[]
23024980,23026150,OCH,CXN,0.0,679,XIOCAC,RC,0,NT,FI,0.0,0,-26.1,-20.84,[],0,0,[],[]
23026150,23028600,NA,NON,0.0,679,XIOCAC,NA,NA,NA,NA,0.0,0,-28.17,-17.52,[],0,0,[],[]
23028600,23029640,CHI,CHN,0.0,679,XIOCAC,RC,0,NT,FI,1.0,1040,-31.6,-25.93,"[{'Canonical-syllable': '0', 'Growl': '1', 'High-freq-energy': '1', 'Long-island': '0', 'Low-tilt-spectrum': '1', 'Medium-island': '0', 'Short-island': '0', 'Squeal': '0', 'Typical-entropy': '1', 'Voicing-quality': '1', 'Wide-band': '0', 'Xlong-island': '1', 'seq': '1', 'end': 23029.64, 'start': 23028.6}]",0,0,[],[]
23029640,23030450,NA,NON,0.0,679,XIOCAC,NA,NA,NA,NA,0.0,0,-27.03,-18.8,[],0,0,[],[]
23030450,23031050,OCH,CXN,0.0,679,XIOCAC,RC,0,NT,FI,0.0,0,-27.46,-24.51,[],0,0,[],[]
23031050,23032060,OCH,CXN,0.0,679,XIOCAC,RC,0,NT,FH,0.0,0,-27.93,-25.13,[],0,0,[],[]
23032060,23034050,NA,NON,0.0,679,XIOCAC,NA,NA,NA,NA,0.0,0,-26.3,-22.68,[],0,0,[],[]
23034050,23035810,OCH,CXN,0.0,679,XIOCAC,RC,0,NT,FH,0.0,0,-25.77,-22.66,[],0,0,[],[]
23035810,23036610,NA,OLN,0.0,679,XIOCAC,NA,NA,NA,NA,0.0,0,-34.5,-27.14,[],0,0,[],[]
23036610,23037450,NA,SIL,0.0,679,XIOCAC,NA,NA,NA,NA,0.0,0,-48.49,-38.11,[],0,0,[],[]
23037450,23038330,FEM,FAN,5.24,679,XIOCAC,EC,0,NT,FI,0.0,0,-32.38,-19.77,[],0,0,[],[]
23038330,23039130,NA,SIL,0.0,680,pause,NA,NA,NA,NA,0.0,0,-51.04,-44.49,[],0,0,[],[]
23039130,23041440,NA,NOF,0.0,680,pause,NA,NA,NA,NA,0.0,0,-44.47,-36.3,[],0,0,[],[]
23041440,23042240,NA,SIL,0.0,680,pause,NA,NA,NA,NA,0.0,0,-44.36,-31.18,[],0,0,[],[]
23042240,23044890,NA,NOF,0.0,680,pause,NA,NA,NA,NA,0.0,0,-44.74,-36.62,[],0,0,[],[]
23044890,23046360,NA,OLF,0.0,680,pause,NA,NA,NA,NA,0.0,0,-40.74,-28.42,[],0,0,[],[]
23046360,23049500,NA,NOF,0.0,680,pause,NA,NA,NA,NA,0.0,0,-44.48,-33.27,[],0,0,[],[]
23049500,23050490,NA,CXF,0.0,680,pause,NA,NA,NA,NA,0.0,0,-43.37,-32.83,[],0,0,[],[]
23050490,23051710,NA,NON,0.0,680,pause,NA,NA,NA,NA,0.0,0,-33.69,-25.7,[],0,0,[],[]
23051710,23052570,NA,OLN,0.0,680,pause,NA,NA,NA,NA,0.0,0,-37.16,-29.64,[],0,0,[],[]
23052570,23057630,NA,NOF,0.0,680,pause,NA,NA,NA,NA,0.0,0,-39.48,-26.35,[],0,0,[],[]
23057630,23058460,NA,CXF,0.0,680,pause,NA,NA,NA,NA,0.0,0,-42.43,-39.51,[],0,0,[],[]
23058460,23059630,NA,NON,0.0,680,pause,NA,NA,NA,NA,0.0,0,-32.87,-26.12,[],0,0,[],[]
23059630,23061640,NA,OLN,0.0,680,pause,NA,NA,NA,NA,0.0,0,-29.76,-19.44,[],0,0,[],[]
23061640,23062500,NA,NON,0.0,680,pause,NA,NA,NA,NA,0.0,0,-26.9,-19.27,[],0,0,[],[]
23062500,23063300,NA,OLN,0.0,680,pause,NA,NA,NA,NA,0.0,0,-25.8,-18.33,[],0,0,[],[]
23063300,23065450,NA,NOF,0.0,680,pause,NA,NA,NA,NA,0.0,0,-42.07,-36.07,[],0,0,[],[]
23065450,23066160,NA,MAF,0.0,680,pause,NA,NA,NA,NA,0.0,0,-45.39,-38.87,[],0,0,[],[]
23066160,23066970,NA,NOF,0.0,680,pause,NA,NA,NA,NA,0.0,0,-37.61,-28.7,[],0,0,[],[]
23066970,23068210,NA,SIL,0.0,680,pause,NA,NA,NA,NA,0.0,0,-45.59,-35.92,[],0,0,[],[]
23068210,23069010,NA,NOF,0.0,680,pause,NA,NA,NA,NA,0.0,0,-39.18,-29.37,[],0,0,[],[]
23069010,23069810,OCH,CXN,0.0,680,XIC,BC,0,NT,FI,0.0,0,-34.87,-29.83,[],0,0,[],[]
23069810,23072570,NA,NOF,0.0,680,XIC,NA,NA,NA,NA,0.0,0,-41.24,-25.85,[],0,0,[],[]
23072570,23074540,CHI,CHN,0.0,680,XIC,NA,NA,NA,NA,0.0,0,-29.77,-21.68,[],0,1970,"[{'start': 23072.57, 'end': 23074.36}]","[{'start': 23074.36, 'end': 23074.54}]"
23074540,23075910,FEM,FAN,3.97,680,XIC,RC,0,NT,FI,0.0,0,-30.71,-21.12,[],0,0,[],[]
23075910,23076880,NA,NON,0.0,680,XIC,NA,NA,NA,NA,0.0,0,-30.01,-17.48,[],0,0,[],[]
23076880,23077830,NA,OLN,0.0,680,XIC,NA,NA,NA,NA,0.0,0,-26.36,-24.08,[],0,0,[],[]
23077830,23078630,OCH,CXN,0.0,680,XIC,RC,0,NT,FI,0.0,0,-28.66,-24.13,[],0,0,[],[]
23078630,23079890,NA,FAF,0.0,680,XIC,NA,NA,NA,NA,0.0,0,-34.77,-23.61,[],0,0,[],[]
23079890,23081720,FEM,FAN,6.29,680,XIC,RC,0,TIFI,FI,0.0,0,-27.9,-14.63,[],0,0,[],[]
23081720,23082780,NA,NOF,0.0,680,XIC,NA,NA,NA,NA,0.0,0,-43.25,-30.44,[],0,0,[],[]
23082780,23084330,CHI,CHN,0.0,680,XIC,RC,1,TIFR,FI,1.0,1550,-15.82,-11.14,"[{'Canonical-syllable': '1', 'Growl': '0', 'High-freq-energy': '0', 'Long-island': '0', 'Low-tilt-spectrum': '0', 'Medium-island': '2', 'Short-island': '2', 'Squeal': '0', 'Typical-entropy': '2', 'Voicing-quality': '4', 'Wide-band': '0', 'Xlong-island': '0', 'seq': '1', 'end': 23084.33, 'start': 23082.78}]",0,0,[],[]
23084330,23085460,NA,CXF,0.0,680,XIC,NA,NA,NA,NA,0.0,0,-36.74,-28.39,[],0,0,[],[]
23085460,23086450,NA,NOF,0.0,680,XIC,NA,NA,NA,NA,0.0,0,-35.77,-23.98,[],0,0,[],[]
23086450,23087550,FEM,FAN,5.04,680,XIC,RC,1,TIFI,FI,0.0,0,-33.02,-18.64,[],0,0,[],[]
23087550,23088990,CHI,CHN,0.0,680,XIC,RC,2,TIFR,FI,2.0,1080,-18.55,-11.39,"[{'Canonical-syllable': '0', 'Growl': '0', 'High-freq-energy': '0', 'Long-island': '0', 'Low-tilt-spectrum': '0', 'Medium-island': '0', 'Short-island': '1', 'Squeal': '0', 'Typical-entropy': '0', 'Voicing-quality': '1', 'Wide-band': '0', 'Xlong-island': '0', 'seq': '1', 'end': 23087.81, 'start': 23087.55}, {'Canonical-syllable': '0', 'Growl': '0', 'High-freq-energy': '0', 'Long-island': '1', 'Low-tilt-spectrum': '0', 'Medium-island': '0', 'Short-island': '0', 'Squeal': '0', 'Typical-entropy': '0', 'Voicing-quality': '1', 'Wide-band': '0', 'Xlong-island': '0', 'seq': '2', 'end': 23088.99, 'start': 23088.17}]",0,0,[],[]
23088990,23090160,NA,OLN,0.0,680,XIC,NA,NA,NA,NA,0.0,0,-35.88,-31.26,[],0,0,[],[]
23090160,23092070,CHI,CHN,0.0,680,XIC,RC,2,NT,FH,1.0,1910,-16.26,-10.82,"[{'Canonical-syllable': '2', 'Growl': '1', 'High-freq-energy': '0', 'Long-island': '0', 'Low-tilt-spectrum': '0', 'Medium-island': '3', 'Short-island': '1', 'Squeal': '0', 'Typical-entropy': '0', 'Voicing-quality': '4', 'Wide-band': '0', 'Xlong-island': '0', 'seq': '1', 'end': 23092.07, 'start': 23090.16}]",0,0,[],[]
23092070,23093480,FEM,FAN,5.1,680,XIC,RC,2,TIFI,FI,0.0,0,-30.56,-22.97,[],0,0,[],[]
23093480,23094690,NA,NOF,0.0,680,XIC,NA,NA,NA,NA,0.0,0,-34.45,-23.3,[],0,0,[],[]
23094690,23095510,NA,OLN,0.0,680,XIC,NA,NA,NA,NA,0.0,0,-33.59,-26.17,[],0,0,[],[]
23095510,23096790,CHI,CHN,0.0,680,XIC,RC,3,TIFR,FI,1.0,1280,-15.6,-9.86,"[{'Canonical-syllable': '0', 'Growl': '0', 'High-freq-energy': '0', 'Long-island': '1', 'Low-tilt-spectrum': '1', 'Medium-island': '0', 'Short-island': '1', 'Squeal': '0', 'Typical-entropy': '2', 'Voicing-quality': '1', 'Wide-band': '0', 'Xlong-island': '0', 'seq': '1', 'end': 23096.79, 'start': 23095.51}]",0,0,[],[]
23096790,23098310,OCH,CXN,0.0,680,XIC,RC,3,NT,FI,0.0,0,-33.7,-24.48,[],0,0,[],[]
23098310,23099160,NA,OLN,0.0,680,XIC,NA,NA,NA,NA,0.0,0,-23.53,-6.8,[],0,0,[],[]
23099160,23100180,NA,NON,0.0,680,XIC,NA,NA,NA,NA,0.0,0,-35.18,-27.42,[],0,0,[],[]
23100180,23101590,OCH,CXN,0.0,680,XIC,RC,3,NT,FH,0.0,0,-37.65,-27.24,[],0,0,[],[]
23101590,23102430,NA,NOF,0.0,680,XIC,NA,NA,NA,NA,0.0,0,-35.37,-26.64,[],0,0,[],[]
23102430,23103620,FEM,FAN,2.8,680,XIC,RC,3,NT,FI,0.0,0,-36.98,-27.23,[],0,0,[],[]
23103620,23104500,OCH,CXN,0.0,680,XIC,RC,3,NT,FI,0.0,0,-32.49,-23.03,[],0,0,[],[]
23104500,23105100,FEM,FAN,3.01,680,XIC,EC,3,NT,FI,0.0,0,-30.78,-20.67,[],0,0,[],[]
23105100,23108790,NA,NOF,0.0,681,pause,NA,NA,NA,NA,0.0,0,-45.57,-35.26,[],0,0,[],[]
23108790,23109610,NA,CXF,0.0,681,pause,NA,NA,NA,NA,0.0,0,-43.08,-33.19,[],0,0,[],[]
23109610,23110410,NA,NOF,0.0,681,pause,NA,NA,NA,NA,0.0,0,-48.06,-39.15,[],0,0,[],[]
23110410,23112840,OCH,CXN,0.0,681,XIC,BC,0,NT,FI,0.0,0,-35.76,-25.78,[],0,0,[],[]
23112840,23113850,CHI,CHN,0.0,681,XIC,RC,0,NT,FI,1.0,880,-34.59,-24.92,"[{'Canonical-syllable': '0', 'Growl': '1', 'High-freq-energy': '1', 'Long-island': '1', 'Low-tilt-spectrum': '2', 'Medium-island': '0', 'Short-island': '0', 'Squeal': '0', 'Typical-entropy': '2', 'Voicing-quality': '1', 'Wide-band': '0', 'Xlong-island': '0', 'seq': '1', 'end': 23113.72, 'start': 23112.84}]",0,0,[],[]
23113850,23114650,NA,OLN,0.0,681,XIC,NA,NA,NA,NA,0.0,0,-37.08,-30.28,[],0,0,[],[]
23114650,23115570,NA,NOF,0.0,681,XIC,NA,NA,NA,NA,0.0,0,-34.57,-22.71,[],0,0,[],[]
23115570,23116460,OCH,CXN,0.0,681,XIC,RC,0,NT,FI,0.0,0,-29.98,-24.94,[],0,0,[],[]
23116460,23117100,CHI,CHN,0.0,681,XIC,RC,0,NT,FI,1.0,560,-32.41,-23.09,"[{'Canonical-syllable': '0', 'Growl': '0', 'High-freq-energy': '1', 'Long-island': '0', 'Low-tilt-spectrum': '1', 'Medium-island': '1', 'Short-island': '0', 'Squeal': '0', 'Typical-entropy': '1', 'Voicing-quality': '1', 'Wide-band': '0', 'Xlong-island': '0', 'seq': '1', 'end': 23117.02, 'start': 23116.76}]",0,0,[],[]
23117100,23118560,OCH,CXN,0.0,681,XIC,RC,0,NT,FI,0.0,0,-31.06,-24.88,[],0,0,[],[]
23118560,23119490,NA,NON,0.0,681,XIC,NA,NA,NA,NA,0.0,0,-33.54,-21.22,[],0,0,[],[]
23119490,23122590,OCH,CXN,0.0,681,XIC,RC,0,NT,FH,0.0,0,-28.3,-18.6,[],0,0,[],[]
23122590,23123630,NA,MAF,0.0,681,XIC,NA,NA,NA,NA,0.0,0,-40.15,-26.53,[],0,0,[],[]
23123630,23124450,OCH,CXN,0.0,681,XIC,RC,0,NT,FH,0.0,0,-28.64,-24.57,[],0,0,[],[]
23124450,23125560,CHI,CHN,0.0,681,XIC,RC,0,NT,FI,1.0,650,-16.25,-10.34,"[{'Canonical-syllable': '0', 'Growl': '0', 'High-freq-energy': '0', 'Long-island': '1', 'Low-tilt-spectrum': '0', 'Medium-island': '0', 'Short-island': '0', 'Squeal': '0', 'Typical-entropy': '0', 'Voicing-quality': '1', 'Wide-band': '0', 'Xlong-island': '0', 'seq': '1', 'end': 23125.56, 'start': 23124.91}]",0,0,[],[]
23125560,23126390,CHI,CHN,0.0,681,XIC,RC,0,NT,FH,1.0,500,-23.49,-17.36,"[{'Canonical-syllable': '1', 'Growl': '1', 'High-freq-energy': '2', 'Long-island': '0', 'Low-tilt-spectrum': '1', 'Medium-island': '1', 'Short-island': '0', 'Squeal': '0', 'Typical-entropy': '2', 'Voicing-quality': '2', 'Wide-band': '0', 'Xlong-island': '0', 'seq': '1', 'end': 23126.06, 'start': 23125.56}]",0,0,[],[]
23126390,23127010,FEM,FAN,0.0,681,XIC,NA,NA,NA,NA,0.0,0,-32.65,-28.58,[],620,0,[],[]
23127010,23127940,OCH,CXN,0.0,681,XIC,RC,0,NT,FI,0.0,0,-31.61,-27.61,[],0,0,[],[]
23127940,23130050,CHI,CHN,0.0,681,XIC,RC,0,TIFI,FI,2.0,1600,-17.81,-8.65,"[{'Canonical-syllable': '0', 'Growl': '0', 'High-freq-energy': '0', 'Long-island': '0', 'Low-tilt-spectrum': '0', 'Medium-island': '1', 'Short-island': '0', 'Squeal': '0', 'Typical-entropy': '0', 'Voicing-quality': '1', 'Wide-band': '0', 'Xlong-island': '0', 'seq': '1', 'end': 23128.49, 'start': 23127.94}, {'Canonical-syllable': '1', 'Growl': '0', 'High-freq-energy': '0', 'Long-island': '0', 'Low-tilt-spectrum': '0', 'Medium-island': '2', 'Short-island': '0', 'Squeal': '0', 'Typical-entropy': '0', 'Voicing-quality': '2', 'Wide-band': '1', 'Xlong-island': '0', 'seq': '2', 'end': 23130.05, 'start': 23129.0}]",0,0,[],[]
23130050,23131190,NA,NOF,0.0,681,XIC,NA,NA,NA,NA,0.0,0,-40.48,-26.57,[],0,0,[],[]
23131190,23133650,FEM,FAN,8.8,681,XIC,RC,1,TIFR,FI,0.0,0,-32.55,-25.9,[],0,0,[],[]
23133650,23134480,MAL,MAN,3.18,681,XIC,RC,1,NT,FI,0.0,0,-39.7,-28.43,[],0,0,[],[]
23134480,23135970,OCH,CXN,0.0,681,XIC,EC,1,NT,FI,0.0,0,-31.18,-19.95,[],0,0,[],[]
23135970,23136890,NA,NOF,0.0,682,pause,NA,NA,NA,NA,0.0,0,-31.72,-20.94,[],0,0,[],[]
23136890,23137900,NA,MAF,0.0,682,pause,NA,NA,NA,NA,0.0,0,-42.18,-33.52,[],0,0,[],[]
23137900,23139470,NA,FAF,0.0,682,pause,NA,NA,NA,NA,0.0,0,-46.18,-34.93,[],0,0,[],[]
23139470,23140220,NA,CHF,0.0,682,pause,NA,NA,NA,NA,0.0,0,-48.38,-42.98,[],0,750,[],"[{'start': 23139.47, 'end': 23140.22}]"
23140220,23141080,NA,NOF,0.0,682,pause,NA,NA,NA,NA,0.0,0,-42.74,-28.81,[],0,0,[],[]
23141080,23141950,OCH,CXN,0.0,682,XIOCAC,BC,0,NT,FI,0.0,0,-27.77,-20.6,[],0,0,[],[]
23141950,23143410,NA,NOF,0.0,682,XIOCAC,NA,NA,NA,NA,0.0,0,-48.11,-38.86,[],0,0,[],[]
23143410,23145320,OCH,CXN,0.0,682,XIOCAC,RC,0,NT,FH,0.0,0,-33.89,-26.4,[],0,0,[],[]
23145320,23146610,NA,NOF,0.0,682,XIOCAC,NA,NA,NA,NA,0.0,0,-45.73,-39.12,[],0,0,[],[]
23146610,23148050,OCH,CXN,0.0,682,XIOCAC,RC,0,NT,FH,0.0,0,-32.91,-20.85,[],0,0,[],[]
23148050,23148650,NA,NOF,0.0,682,XIOCAC,NA,NA,NA,NA,0.0,0,-48.12,-37.33,[],0,0,[],[]
23148650,23149870,OCH,CXN,0.0,682,XIOCAC,RC,0,NT,FH,0.0,0,-32.55,-24.1,[],0,0,[],[]
23149870,23151010,FEM,FAN,2.08,682,XIOCAC,RC,0,NT,FI,0.0,0,-35.1,-26.94,[],0,0,[],[]
23151010,23152380,OCH,CXN,0.0,682,XIOCAC,RC,0,NT,FI,0.0,0,-33.24,-25.76,[],0,0,[],[]
23152380,23153430,FEM,FAN,6.54,682,XIOCAC,RC,0,NT,FI,0.0,0,-38.73,-28.65,[],0,0,[],[]
23153430,23154030,NA,CHF,0.0,682,XIOCAC,NA,NA,NA,NA,0.0,0,-46.33,-40.43,[],0,600,[],"[{'start': 23153.43, 'end': 23154.03}]"
23154030,23157620,NA,NOF,0.0,682,XIOCAC,NA,NA,NA,NA,0.0,0,-41.79,-27.98,[],0,0,[],[]
23157620,23170140,OCH,CXN,0.0,682,XIOCAC,RC,0,NT,FI,0.0,0,-32.71,-20.34,[],0,0,[],[]
23170140,23170740,CHI,CHN,0.0,682,XIOCAC,RC,0,NT,FI,1.0,240,-36.15,-26.75,"[{'Canonical-syllable': '0', 'Growl': '0', 'High-freq-energy': '1', 'Long-island': '0', 'Low-tilt-spectrum': '1', 'Medium-island': '0', 'Short-island': '0', 'Squeal': '0', 'Typical-entropy': '1', 'Voicing-quality': '0', 'Wide-band': '0', 'Xlong-island': '0', 'seq': '1', 'end': 23170.74, 'start': 23170.5}]",0,0,[],[]
23170740,23172450,OCH,CXN,0.0,682,XIOCAC,RC,0,NT,FI,0.0,0,-32.53,-26.44,[],0,0,[],[]
23172450,23173300,NA,MAF,0.0,682,XIOCAC,NA,NA,NA,NA,0.0,0,-32.82,-23.15,[],0,0,[],[]
23173300,23174100,OCH,CXN,0.0,682,XIOCAC,RC,0,NT,FH,0.0,0,-32.4,-27.59,[],0,0,[],[]
23174100,23174900,NA,NOF,0.0,682,XIOCAC,NA,NA,NA,NA,0.0,0,-42.87,-35.21,[],0,0,[],[]
23174900,23175700,NA,CXF,0.0,682,XIOCAC,NA,NA,NA,NA,0.0,0,-43.19,-31.0,[],0,0,[],[]
23175700,23177050,NA,NOF,0.0,682,XIOCAC,NA,NA,NA,NA,0.0,0,-46.78,-39.18,[],0,0,[],[]
23177050,23178370,OCH,CXN,0.0,682,XIOCAC,RC,0,NT,FH,0.0,0,-32.14,-24.02,[],0,0,[],[]
23178370,23178970,NA,CXF,0.0,682,XIOCAC,NA,NA,NA,NA,0.0,0,-41.37,-32.18,[],0,0,[],[]
23178970,23180930,OCH,CXN,0.0,682,XIOCAC,RC,0,NT,FH,0.0,0,-31.81,-21.11,[],0,0,[],[]
23180930,23181730,NA,NOF,0.0,682,XIOCAC,NA,NA,NA,NA,0.0,0,-39.57,-26.91,[],0,0,[],[]
23181730,23182890,FEM,FAN,6.83,682,XIOCAC,RC,0,NT,FI,0.0,0,-35.57,-26.68,[],0,0,[],[]
23182890,23183830,NA,NOF,0.0,682,XIOCAC,NA,NA,NA,NA,0.0,0,-40.18,-23.79,[],0,0,[],[]
23183830,23186530,OCH,CXN,0.0,682,XIOCAC,RC,0,NT,FI,0.0,0,-31.14,-21.93,[],0,0,[],[]
23186530,23187330,NA,OLN,0.0,682,XIOCAC,NA,NA,NA,NA,0.0,0,-31.31,-21.78,[],0,0,[],[]
23187330,23188130,OCH,CXN,0.0,682,XIOCAC,RC,0,NT,FH,0.0,0,-32.66,-23.05,[],0,0,[],[]
23188130,23189130,NA,FAF,0.0,682,XIOCAC,NA,NA,NA,NA,0.0,0,-33.51,-26.34,[],0,0,[],[]
23189130,23190930,OCH,CXN,0.0,682,XIOCAC,RC,0,NT,FH,0.0,0,-33.37,-25.89,[],0,0,[],[]
23190930,23192010,NA,OLN,0.0,682,XIOCAC,NA,NA,NA,NA,0.0,0,-32.49,-21.83,[],0,0,[],[]
23192010,23193840,OCH,CXN,0.0,682,XIOCAC,RC,0,NT,FH,0.0,0,-34.57,-23.84,[],0,0,[],[]
23193840,23194550,NA,CHF,0.0,682,XIOCAC,NA,NA,NA,NA,0.0,0,-37.04,-25.62,[],0,140,[],"[{'start': 23193.84, 'end': 23193.98}]"
23194550,23196570,NA,NOF,0.0,682,XIOCAC,NA,NA,NA,NA,0.0,0,-45.82,-36.2,[],0,0,[],[]
23196570,23197570,NA,TVF,0.0,682,XIOCAC,NA,NA,NA,NA,0.0,0,-47.31,-41.89,[],0,0,[],[]
23197570,23199430,OCH,CXN,0.0,682,XIOCAC,RC,0,NT,FH,0.0,0,-34.26,-26.1,[],0,0,[],[]
23199430,23200030,FEM,FAN,0.0,682,XIOCAC,NA,NA,NA,NA,0.0,0,-33.37,-20.87,[],600,0,[],[]
23200030,23201950,OCH,CXN,0.0,682,XIOCAC,RC,0,NT,FH,0.0,0,-32.92,-24.21,[],0,0,[],[]
23201950,23202550,NA,FAF,0.0,682,XIOCAC,NA,NA,NA,NA,0.0,0,-50.12,-44.4,[],0,0,[],[]
23202550,23203920,OCH,CXN,0.0,682,XIOCAC,RC,0,NT,FH,0.0,0,-33.35,-27.25,[],0,0,[],[]
23203920,23204760,NA,OLN,0.0,682,XIOCAC,NA,NA,NA,NA,0.0,0,-32.33,-27.58,[],0,0,[],[]
23204760,23207540,OCH,CXN,0.0,682,XIOCAC,RC,0,NT,FH,0.0,0,-36.28,-25.91,[],0,0,[],[]
23207540,23208550,OCH,CXN,0.0,682,XIOCAC,RC,0,NT,FH,0.0,0,-32.06,-21.38,[],0,0,[],[]
23208550,23211460,OCH,CXN,0.0,682,XIOCAC,RC,0,NT,FH,0.0,0,-31.54,-19.92,[],0,0,[],[]
23211460,23212930,NA,NOF,0.0,682,XIOCAC,NA,NA,NA,NA,0.0,0,-34.79,-21.48,[],0,0,[],[]
23212930,23213740,OCH,CXN,0.0,682,XIOCAC,EC,0,NT,FH,0.0,0,-33.89,-27.86,[],0,0,[],[]
23213740,23214550,NA,OLN,0.0,683,pause,NA,NA,NA,NA,0.0,0,-28.34,-22.66,[],0,0,[],[]
23214550,23215150,CHI,CHN,0.0,683,pause,NA,NA,NA,NA,0.0,0,-23.85,-15.8,[],0,600,"[{'start': 23214.55, 'end': 23215.15}]",[]
23215150,23215950,NA,NON,0.0,683,pause,NA,NA,NA,NA,0.0,0,-25.78,-13.08,[],0,0,[],[]
23215950,23217920,NA,OLN,0.0,683,pause,NA,NA,NA,NA,0.0,0,-32.09,-21.05,[],0,0,[],[]
23217920,23218720,NA,OLF,0.0,683,pause,NA,NA,NA,NA,0.0,0,-17.25,-3.72,[],0,0,[],[]
23218720,23219560,NA,OLN,0.0,683,pause,NA,NA,NA,NA,0.0,0,-29.16,-20.59,[],0,0,[],[]
23219560,23224050,NA,NON,0.0,683,pause,NA,NA,NA,NA,0.0,0,-42.07,-31.4,[],0,0,[],[]
23224050,23226790,OCH,CXN,0.0,683,XIOCA,BC,0,NT,FI,0.0,0,-33.61,-24.56,[],0,0,[],[]
23226790,23227790,NA,NON,0.0,683,XIOCA,NA,NA,NA,NA,0.0,0,-29.7,-20.96,[],0,0,[],[]
23227790,23228590,NA,OLN,0.0,683,XIOCA,NA,NA,NA,NA,0.0,0,-27.82,-21.98,[],0,0,[],[]
23228590,23229850,NA,NOF,0.0,683,XIOCA,NA,NA,NA,NA,0.0,0,-38.15,-25.99,[],0,0,[],[]
23229850,23230760,FEM,FAN,5.11,683,XIOCA,RC,0,NT,FI,0.0,0,-37.58,-25.19,[],0,0,[],[]
23230760,23231560,NA,OLF,0.0,683,XIOCA,NA,NA,NA,NA,0.0,0,-31.6,-25.24,[],0,0,[],[]
23231560,23232670,NA,FAF,0.0,683,XIOCA,NA,NA,NA,NA,0.0,0,-41.89,-30.19,[],0,0,[],[]
23232670,23234440,OCH,CXN,0.0,683,XIOCA,RC,0,NT,FI,0.0,0,-34.32,-26.84,[],0,0,[],[]
23234440,23235460,NA,SIL,0.0,683,XIOCA,NA,NA,NA,NA,0.0,0,-48.37,-39.16,[],0,0,[],[]
23235460,23238160,NA,NOF,0.0,683,XIOCA,NA,NA,NA,NA,0.0,0,-46.69,-36.51,[],0,0,[],[]
23238160,23238960,OCH,CXN,0.0,683,XIOCA,RC,0,NT,FH,0.0,0,-39.49,-29.64,[],0,0,[],[]
23238960,23240150,NA,NOF,0.0,683,XIOCA,NA,NA,NA,NA,0.0,0,-46.37,-37.47,[],0,0,[],[]
23240150,23243950,OCH,CXN,0.0,683,XIOCA,RC,0,NT,FH,0.0,0,-35.95,-26.71,[],0,0,[],[]
23243950,23245410,NA,NOF,0.0,683,XIOCA,NA,NA,NA,NA,0.0,0,-38.39,-26.21,[],0,0,[],[]
23245410,23246880,OCH,CXN,0.0,683,XIOCA,RC,0,NT,FH,0.0,0,-31.33,-21.61,[],0,0,[],[]
23246880,23247940,NA,SIL,0.0,683,XIOCA,NA,NA,NA,NA,0.0,0,-49.21,-40.49,[],0,0,[],[]
23247940,23248740,OCH,CXN,0.0,683,XIOCA,EC,0,NT,FH,0.0,0,-33.92,-28.18,[],0,0,[],[]
23248740,23249540,NA,SIL,0.0,684,pause,NA,NA,NA,NA,0.0,0,-51.51,-44.64,[],0,0,[],[]
23249540,23250340,NA,NOF,0.0,684,pause,NA,NA,NA,NA,0.0,0,-50.74,-44.75,[],0,0,[],[]
23250340,23251250,NA,SIL,0.0,684,pause,NA,NA,NA,NA,0.0,0,-52.74,-49.37,[],0,0,[],[]
23251250,23254090,NA,NON,0.0,684,pause,NA,NA,NA,NA,0.0,0,-30.92,-20.51,[],0,0,[],[]
23254090,23254890,OCH,CXN,0.0,684,XM,BC,0,NT,FI,0.0,0,-38.46,-32.68,[],0,0,[],[]
23254890,23255510,NA,NON,0.0,684,XM,NA,NA,NA,NA,0.0,0,-34.3,-29.01,[],0,0,[],[]
23255510,23256340,OCH,CXN,0.0,684,XM,RC,0,NT,FH,0.0,0,-34.24,-29.12,[],0,0,[],[]
23256340,23257700,NA,NON,0.0,684,XM,NA,NA,NA,NA,0.0,0,-37.57,-27.7,[],0,0,[],[]
23257700,23258520,OCH,CXN,0.0,684,XM,RC,0,NT,FH,0.0,0,-28.49,-23.59,[],0,0,[],[]
23258520,23259490,NA,NON,0.0,684,XM,NA,NA,NA,NA,0.0,0,-31.93,-27.65,[],0,0,[],[]
23259490,23260770,NA,OLN,0.0,684,XM,NA,NA,NA,NA,0.0,0,-31.43,-25.18,[],0,0,[],[]
23260770,23261570,NA,NOF,0.0,684,XM,NA,NA,NA,NA,0.0,0,-40.19,-30.55,[],0,0,[],[]
23261570,23262210,CHI,CHN,0.0,684,XM,NA,NA,NA,NA,0.0,0,-31.95,-27.19,[],0,640,"[{'start': 23261.57, 'end': 23261.89}]","[{'start': 23261.89, 'end': 23262.21}]"
23262210,23263010,NA,NON,0.0,684,XM,NA,NA,NA,NA,0.0,0,-29.91,-21.15,[],0,0,[],[]
23263010,23263840,OCH,CXN,0.0,684,XM,RC,0,NT,FH,0.0,0,-31.1,-23.87,[],0,0,[],[]
23263840,23264660,NA,OLN,0.0,684,XM,NA,NA,NA,NA,0.0,0,-31.7,-23.0,[],0,0,[],[]
23264660,23265520,OCH,CXN,0.0,684,XM,EC,0,NT,FH,0.0,0,-32.03,-23.98,[],0,0,[],[]
23265520,23266320,NA,OLN,0.0,685,pause,NA,NA,NA,NA,0.0,0,-29.71,-22.74,[],0,0,[],[]
23266320,23267920,NA,NON,0.0,685,pause,NA,NA,NA,NA,0.0,0,-30.03,-23.36,[],0,0,[],[]
23267920,23268720,NA,OLN,0.0,685,pause,NA,NA,NA,NA,0.0,0,-33.27,-27.88,[],0,0,[],[]
23268720,23270480,NA,NOF,0.0,685,pause,NA,NA,NA,NA,0.0,0,-37.1,-27.28,[],0,0,[],[]
23270480,23271580,NA,SIL,0.0,685,pause,NA,NA,NA,NA,0.0,0,-48.91,-41.26,[],0,0,[],[]
23271580,23272580,FEM,FAN,2.53,685,AIOCCXF,BC,0,NT,FI,0.0,0,-30.15,-21.22,[],0,0,[],[]
23272580,23274210,OCH,CXN,0.0,685,AIOCCXF,RC,0,NT,FI,0.0,0,-34.12,-27.52,[],0,0,[],[]
23274210,23275010,NA,OLN,0.0,685,AIOCCXF,NA,NA,NA,NA,0.0,0,-35.52,-28.47,[],0,0,[],[]
23275010,23275880,OCH,CXN,0.0,685,AIOCCXF,RC,0,NT,FH,0.0,0,-31.99,-25.82,[],0,0,[],[]
23275880,23276890,FEM,FAN,1.47,685,AIOCCXF,RC,0,NT,FI,0.0,0,-35.61,-29.08,[],0,0,[],[]
23276890,23277990,OCH,CXN,0.0,685,AIOCCXF,RC,0,NT,FI,0.0,0,-35.74,-28.01,[],0,0,[],[]
23277990,23278790,NA,CHF,0.0,685,AIOCCXF,RC,0,NT,FI,1.0,90,-40.39,-25.0,"[{'Canonical-syllable': '0', 'Growl': '0', 'High-freq-energy': '0', 'Long-island': '0', 'Low-tilt-spectrum': '0', 'Medium-island': '0', 'Short-island': '0', 'Squeal': '0', 'Typical-entropy': '0', 'Voicing-quality': '0', 'Wide-band': '0', 'Xlong-island': '0', 'seq': '1', 'end': 23278.79, 'start': 23278.7}]",0,0,[],[]
23278790,23279790,OCH,CXN,0.0,685,AIOCCXF,RC,0,NT,FI,0.0,0,-34.93,-26.3,[],0,0,[],[]
23279790,23282500,OCH,CXN,0.0,685,AIOCCXF,RC,0,NT,FH,0.0,0,-33.33,-20.57,[],0,0,[],[]
23282500,23284250,NA,CXF,0.0,685,AIOCCXF,NA,NA,NA,NA,0.0,0,-43.85,-31.27,[],0,0,[],[]
23284250,23285200,OCH,CXN,0.0,685,AIOCCXF,RC,0,NT,FH,0.0,0,-33.5,-27.68,[],0,0,[],[]
23285200,23285850,NA,OLN,0.0,685,AIOCCXF,NA,NA,NA,NA,0.0,0,-32.02,-26.4,[],0,0,[],[]
23285850,23286680,NA,CXF,0.0,685,AIOCCXF,NA,NA,NA,NA,0.0,0,-41.37,-33.03,[],0,0,[],[]
23286680,23288450,OCH,CXN,0.0,685,AIOCCXF,RC,0,NT,FH,0.0,0,-35.81,-27.29,[],0,0,[],[]
23288450,23289250,OCH,CXN,0.0,685,AIOCCXF,RC,0,NT,FH,0.0,0,-30.67,-22.22,[],0,0,[],[]
23289250,23290050,NA,OLN,0.0,685,AIOCCXF,NA,NA,NA,NA,0.0,0,-31.86,-26.86,[],0,0,[],[]
23290050,23291270,OCH,CXN,0.0,685,AIOCCXF,RC,0,NT,FH,0.0,0,-31.64,-28.42,[],0,0,[],[]
23291270,23292070,NA,NON,0.0,685,AIOCCXF,NA,NA,NA,NA,0.0,0,-40.56,-36.96,[],0,0,[],[]
23292070,23295730,OCH,CXN,0.0,685,AIOCCXF,RC,0,NT,FH,0.0,0,-29.1,-22.9,[],0,0,[],[]
23295730,23296530,NA,OLF,0.0,685,AIOCCXF,NA,NA,NA,NA,0.0,0,-39.1,-33.54,[],0,0,[],[]
23296530,23299560,NA,NOF,0.0,685,AIOCCXF,NA,NA,NA,NA,0.0,0,-42.82,-32.6,[],0,0,[],[]
23299560,23301690,OCH,CXN,0.0,685,AIOCCXF,RC,0,NT,FH,0.0,0,-39.03,-31.02,[],0,0,[],[]
23301690,23302490,NA,NOF,0.0,685,AIOCCXF,NA,NA,NA,NA,0.0,0,-43.68,-34.09,[],0,0,[],[]
23302490,23303370,OCH,CXN,0.0,685,AIOCCXF,RC,0,NT,FH,0.0,0,-31.27,-25.14,[],0,0,[],[]
23303370,23304470,FEM,FAN,0.0,685,AIOCCXF,NA,NA,NA,NA,0.0,0,-32.16,-26.02,[],1100,0,[],[]
23304470,23305790,OCH,CXN,0.0,685,AIOCCXF,RC,0,NT,FH,0.0,0,-34.84,-24.43,[],0,0,[],[]
23305790,23306900,OCH,CXN,0.0,685,AIOCCXF,RC,0,NT,FH,0.0,0,-29.63,-21.98,[],0,0,[],[]
23306900,23307890,NA,SIL,0.0,685,AIOCCXF,NA,NA,NA,NA,0.0,0,-48.04,-40.56,[],0,0,[],[]
23307890,23311910,OCH,CXN,0.0,685,AIOCCXF,RC,0,NT,FH,0.0,0,-33.61,-24.58,[],0,0,[],[]
23311910,23313380,OCH,CXN,0.0,685,AIOCCXF,RC,0,NT,FH,0.0,0,-36.51,-26.71,[],0,0,[],[]
23313380,23314390,NA,NON,0.0,685,AIOCCXF,NA,NA,NA,NA,0.0,0,-28.44,-20.0,[],0,0,[],[]
23314390,23315800,OCH,CXN,0.0,685,AIOCCXF,RC,0,NT,FH,0.0,0,-29.65,-23.05,[],0,0,[],[]
23315800,23316850,OCH,CXN,0.0,685,AIOCCXF,RC,0,NT,FH,0.0,0,-38.06,-25.96,[],0,0,[],[]
23316850,23320510,OCH,CXN,0.0,685,AIOCCXF,EC,0,NT,FH,0.0,0,-33.75,-23.9,[],0,0,[],[]
23320510,23321470,NA,NON,0.0,686,pause,NA,NA,NA,NA,0.0,0,-34.19,-21.84,[],0,0,[],[]
23321470,23322650,NA,OLN,0.0,686,pause,NA,NA,NA,NA,0.0,0,-39.58,-32.88,[],0,0,[],[]
23322650,23323450,NA,TVN,0.0,686,pause,NA,NA,NA,NA,0.0,0,-45.06,-37.29,[],0,0,[],[]
23323450,23325670,NA,NOF,0.0,686,pause,NA,NA,NA,NA,0.0,0,-41.83,-33.6,[],0,0,[],[]
23325670,23326680,NA,SIL,0.0,686,pause,NA,NA,NA,NA,0.0,0,-52.39,-44.85,[],0,0,[],[]
23326680,23327810,OCH,CXN,0.0,686,XIOCA,BC,0,NT,FI,0.0,0,-33.97,-25.55,[],0,0,[],[]
23327810,23330200,NA,NOF,0.0,686,XIOCA,NA,NA,NA,NA,0.0,0,-38.23,-19.99,[],0,0,[],[]
23330200,23331230,FEM,FAN,2.41,686,XIOCA,RC,0,NT,FI,0.0,0,-35.31,-24.19,[],0,0,[],[]
23331230,23332060,NA,CHF,0.0,686,XIOCA,NA,NA,NA,NA,0.0,0,-47.9,-39.14,[],0,830,[],"[{'start': 23331.23, 'end': 23332.06}]"
23332060,23333060,FEM,FAN,1.37,686,XIOCA,EC,0,NT,FH,0.0,0,-41.62,-29.74,[],0,0,[],[]
23333060,23351000,NA,NOF,0.0,687,pause,NA,NA,NA,NA,0.0,0,-39.46,-24.35,[],0,0,[],[]
23351000,23352020,NA,CXF,0.0,687,pause,NA,NA,NA,NA,0.0,0,-37.72,-27.54,[],0,0,[],[]
23352020,23354310,NA,NON,0.0,687,pause,NA,NA,NA,NA,0.0,0,-33.76,-25.37,[],0,0,[],[]
23354310,23354990,CHI,CHN,0.0,687,pause,NA,NA,NA,NA,0.0,0,-31.33,-26.57,[],0,680,[],"[{'start': 23354.31, 'end': 23354.99}]"
23354990,23355790,OCH,CXN,0.0,687,XIOCC,BC,0,NT,FI,0.0,0,-31.67,-27.81,[],0,0,[],[]
23355790,23358050,NA,NON,0.0,687,XIOCC,NA,NA,NA,NA,0.0,0,-33.83,-24.94,[],0,0,[],[]
23358050,23358850,OCH,CXN,0.0,687,XIOCC,RC,0,NT,FH,0.0,0,-34.84,-27.76,[],0,0,[],[]
23358850,23359450,CHI,CHN,0.0,687,XIOCC,RC,0,NT,FI,1.0,600,-31.9,-22.31,"[{'Canonical-syllable': '0', 'Growl': '1', 'High-freq-energy': '1', 'Long-island': '0', 'Low-tilt-spectrum': '1', 'Medium-island': '1', 'Short-island': '0', 'Squeal': '0', 'Typical-entropy': '1', 'Voicing-quality': '1', 'Wide-band': '0', 'Xlong-island': '0', 'seq': '1', 'end': 23359.45, 'start': 23358.85}]",0,0,[],[]
23359450,23360680,OCH,CXN,0.0,687,XIOCC,EC,0,NT,FI,0.0,0,-29.29,-21.09,[],0,0,[],[]
23360680,23361480,NA,NON,0.0,688,pause,NA,NA,NA,NA,0.0,0,-33.7,-22.12,[],0,0,[],[]
23361480,23364060,NA,OLN,0.0,688,pause,NA,NA,NA,NA,0.0,0,-28.31,-19.04,[],0,0,[],[]
23364060,23365130,NA,NON,0.0,688,pause,NA,NA,NA,NA,0.0,0,-27.97,-21.5,[],0,0,[],[]
23365130,23366370,NA,OLN,0.0,688,pause,NA,NA,NA,NA,0.0,0,-28.15,-23.96,[],0,0,[],[]
23366370,23367180,OCH,CXN,0.0,688,XIOCA,BC,0,NT,FI,0.0,0,-30.95,-21.88,[],0,0,[],[]
23367180,23371440,NA,NOF,0.0,688,XIOCA,NA,NA,NA,NA,0.0,0,-42.56,-26.18,[],0,0,[],[]
23371440,23372680,FEM,FAN,5.97,688,XIOCA,RC,0,NT,FI,0.0,0,-38.47,-30.12,[],0,0,[],[]
23372680,23375800,NA,NOF,0.0,688,XIOCA,NA,NA,NA,NA,0.0,0,-48.93,-39.06,[],0,0,[],[]
23375800,23377020,OCH,CXN,0.0,688,XIOCA,EC,0,NT,FI,0.0,0,-32.06,-21.82,[],0,0,[],[]
23377020,23382100,NA,SIL,0.0,689,pause,NA,NA,NA,NA,0.0,0,-49.9,-39.97,[],0,0,[],[]
23382100,23382900,OCH,CXN,0.0,689,XIOCAC,BC,0,NT,FI,0.0,0,-33.29,-25.41,[],0,0,[],[]
23382900,23383700,NA,FAF,0.0,689,XIOCAC,NA,NA,NA,NA,0.0,0,-40.05,-29.18,[],0,0,[],[]
23383700,23387220,OCH,CXN,0.0,689,XIOCAC,RC,0,NT,FH,0.0,0,-32.85,-20.72,[],0,0,[],[]
23387220,23389360,FEM,FAN,9.35,689,XIOCAC,RC,0,NT,FI,0.0,0,-32.41,-24.94,[],0,0,[],[]
23389360,23392560,NA,NON,0.0,689,XIOCAC,NA,NA,NA,NA,0.0,0,-41.58,-31.5,[],0,0,[],[]
23392560,23394180,OCH,CXN,0.0,689,XIOCAC,RC,0,NT,FI,0.0,0,-33.1,-26.02,[],0,0,[],[]
23394180,23395200,NA,NON,0.0,689,XIOCAC,NA,NA,NA,NA,0.0,0,-38.44,-31.84,[],0,0,[],[]
23395200,23396030,OCH,CXN,0.0,689,XIOCAC,RC,0,NT,FH,0.0,0,-31.43,-23.56,[],0,0,[],[]
23396030,23396890,NA,NON,0.0,689,XIOCAC,NA,NA,NA,NA,0.0,0,-31.85,-22.35,[],0,0,[],[]
23396890,23397700,OCH,CXN,0.0,689,XIOCAC,RC,0,NT,FH,0.0,0,-28.21,-23.71,[],0,0,[],[]
23397700,23402290,NA,NOF,0.0,689,XIOCAC,NA,NA,NA,NA,0.0,0,-37.58,-26.3,[],0,0,[],[]
23402290,23403540,OCH,CXN,0.0,689,XIOCAC,RC,0,NT,FH,0.0,0,-30.74,-22.27,[],0,0,[],[]
23403540,23404340,NA,OLN,0.0,689,XIOCAC,NA,NA,NA,NA,0.0,0,-30.34,-22.54,[],0,0,[],[]
23404340,23405200,OCH,CXN,0.0,689,XIOCAC,RC,0,NT,FH,0.0,0,-30.33,-24.62,[],0,0,[],[]
23405200,23406200,CHI,CHN,0.0,689,XIOCAC,RC,0,NT,FI,1.0,1000,-31.56,-24.65,"[{'Canonical-syllable': '0', 'Growl': '0', 'High-freq-energy': '1', 'Long-island': '0', 'Low-tilt-spectrum': '1', 'Medium-island': '0', 'Short-island': '0', 'Squeal': '1', 'Typical-entropy': '1', 'Voicing-quality': '1', 'Wide-band': '0', 'Xlong-island': '1', 'seq': '1', 'end': 23406.2, 'start': 23405.2}]",0,0,[],[]
23406200,23407000,OCH,CXN,0.0,689,XIOCAC,RC,0,NT,FI,0.0,0,-30.49,-23.58,[],0,0,[],[]
23407000,23409500,NA,SIL,0.0,689,XIOCAC,NA,NA,NA,NA,0.0,0,-50.3,-40.18,[],0,0,[],[]
23409500,23410310,NA,NON,0.0,689,XIOCAC,NA,NA,NA,NA,0.0,0,-29.45,-18.7,[],0,0,[],[]
23410310,23411110,OCH,CXN,0.0,689,XIOCAC,EC,0,NT,FH,0.0,0,-27.31,-21.87,[],0,0,[],[]
23411110,23423940,NA,SIL,0.0,690,pause,NA,NA,NA,NA,0.0,0,-45.8,-22.68,[],0,0,[],[]
23423940,23426630,NA,NOF,0.0,690,pause,NA,NA,NA,NA,0.0,0,-39.98,-31.77,[],0,0,[],[]
23426630,23427670,NA,FAF,0.0,690,pause,NA,NA,NA,NA,0.0,0,-38.55,-34.65,[],0,0,[],[]
23427670,23428510,NA,NOF,0.0,690,pause,NA,NA,NA,NA,0.0,0,-40.22,-36.24,[],0,0,[],[]
23428510,23429110,NA,CHF,0.0,690,CM,EC,0,NT,FI,1.0,600,-42.22,-37.83,"[{'Canonical-syllable': '0', 'Growl': '0', 'High-freq-energy': '0', 'Long-island': '0', 'Low-tilt-spectrum': '1', 'Medium-island': '1', 'Short-island': '0', 'Squeal': '1', 'Typical-entropy': '0', 'Voicing-quality': '1', 'Wide-band': '0', 'Xlong-island': '0', 'seq': '1', 'end': 23429.11, 'start': 23428.51}]",0,0,[],[]
23429110,23430820,NA,NOF,0.0,691,pause,NA,NA,NA,NA,0.0,0,-40.94,-32.82,[],0,0,[],[]
23430820,23431910,NA,FAF,0.0,691,pause,NA,NA,NA,NA,0.0,0,-41.58,-36.33,[],0,0,[],[]
23431910,23432710,NA,NOF,0.0,691,pause,NA,NA,NA,NA,0.0,0,-43.05,-37.75,[],0,0,[],[]
23432710,23435510,NA,FAF,0.0,691,pause,NA,NA,NA,NA,0.0,0,-40.42,-30.81,[],0,0,[],[]
23435510,23436310,NA,NOF,0.0,691,pause,NA,NA,NA,NA,0.0,0,-37.99,-28.78,[],0,0,[],[]
23436310,23437110,NA,SIL,0.0,691,pause,NA,NA,NA,NA,0.0,0,-45.25,-37.34,[],0,0,[],[]
23437110,23437980,OCH,CXN,0.0,691,XM,BC,0,NT,FI,0.0,0,-32.52,-22.55,[],0,0,[],[]
23437980,23439040,NA,FAF,0.0,691,XM,NA,NA,NA,NA,0.0,0,-37.01,-26.36,[],0,0,[],[]
23439040,23439650,OCH,CXN,0.0,691,XM,EC,0,NT,FH,0.0,0,-35.11,-23.99,[],0,0,[],[]
23439650,23440530,NA,TVF,0.0,692,pause,NA,NA,NA,NA,0.0,0,-43.76,-36.51,[],0,0,[],[]
23440530,23441330,NA,OLF,0.0,692,pause,NA,NA,NA,NA,0.0,0,-43.2,-35.89,[],0,0,[],[]
23441330,23442260,FEM,FAN,0.0,692,pause,NA,NA,NA,NA,0.0,0,-39.8,-33.48,[],930,0,[],[]
23442260,23443830,NA,FAF,0.0,692,pause,NA,NA,NA,NA,0.0,0,-42.61,-35.18,[],0,0,[],[]
23443830,23446160,NA,NOF,0.0,692,pause,NA,NA,NA,NA,0.0,0,-41.92,-34.44,[],0,0,[],[]
23446160,23447290,OCH,CXN,0.0,692,XIOCAC,BC,0,NT,FI,0.0,0,-36.2,-30.49,[],0,0,[],[]
23447290,23448090,NA,SIL,0.0,692,XIOCAC,NA,NA,NA,NA,0.0,0,-47.67,-40.76,[],0,0,[],[]
23448090,23449550,FEM,FAN,3.59,692,XIOCAC,RC,0,NT,FI,0.0,0,-40.23,-29.73,[],0,0,[],[]
23449550,23451720,OCH,CXN,0.0,692,XIOCAC,RC,0,NT,FI,0.0,0,-38.71,-28.64,[],0,0,[],[]
23451720,23455430,NA,SIL,0.0,692,XIOCAC,NA,NA,NA,NA,0.0,0,-48.71,-42.41,[],0,0,[],[]
23455430,23456670,NA,CHF,0.0,692,XIOCAC,EC,0,NT,FI,1.0,1240,-44.44,-39.14,"[{'Canonical-syllable': '0', 'Growl': '0', 'High-freq-energy': '0', 'Long-island': '0', 'Low-tilt-spectrum': '1', 'Medium-island': '0', 'Short-island': '0', 'Squeal': '0', 'Typical-entropy': '0', 'Voicing-quality': '1', 'Wide-band': '0', 'Xlong-island': '1', 'seq': '1', 'end': 23456.67, 'start': 23455.43}]",0,0,[],[]
23456670,23467160,NA,SIL,0.0,693,pause,NA,NA,NA,NA,0.0,0,-48.73,-37.13,[],0,0,[],[]
23467160,23467960,NA,NOF,0.0,693,pause,NA,NA,NA,NA,0.0,0,-47.7,-42.95,[],0,0,[],[]
23467960,23469990,NA,SIL,0.0,693,pause,NA,NA,NA,NA,0.0,0,-49.71,-45.98,[],0,0,[],[]
23469990,23470990,NA,NOF,0.0,693,pause,NA,NA,NA,NA,0.0,0,-45.41,-37.7,[],0,0,[],[]
23470990,23472740,NA,SIL,0.0,693,pause,NA,NA,NA,NA,0.0,0,-49.73,-42.16,[],0,0,[],[]
23472740,23473560,NA,CHF,0.0,693,CM,EC,0,NT,FI,1.0,820,-47.61,-44.31,"[{'Canonical-syllable': '0', 'Growl': '0', 'High-freq-energy': '0', 'Long-island': '1', 'Low-tilt-spectrum': '1', 'Medium-island': '0', 'Short-island': '0', 'Squeal': '1', 'Typical-entropy': '0', 'Voicing-quality': '1', 'Wide-band': '0', 'Xlong-island': '0', 'seq': '1', 'end': 23473.56, 'start': 23472.74}]",0,0,[],[]
23473560,23487930,NA,SIL,0.0,694,pause,NA,NA,NA,NA,0.0,0,-49.43,-39.02,[],0,0,[],[]
23487930,23488750,NA,NOF,0.0,694,pause,NA,NA,NA,NA,0.0,0,-47.58,-44.75,[],0,0,[],[]
23488750,23490860,NA,SIL,0.0,694,pause,NA,NA,NA,NA,0.0,0,-46.97,-37.38,[],0,0,[],[]
23490860,23491940,NA,NOF,0.0,694,pause,NA,NA,NA,NA,0.0,0,-46.22,-43.36,[],0,0,[],[]
23491940,23492740,NA,SIL,0.0,694,pause,NA,NA,NA,NA,0.0,0,-48.16,-42.65,[],0,0,[],[]
23492740,23493540,NA,NOF,0.0,694,pause,NA,NA,NA,NA,0.0,0,-45.99,-35.55,[],0,0,[],[]
23493540,23494430,NA,SIL,0.0,694,pause,NA,NA,NA,NA,0.0,0,-55.22,-48.41,[],0,0,[],[]
23494430,23495430,MAL,MAN,4.56,694,AICM,BC,0,TIMI,FI,0.0,0,-33.12,-26.43,[],0,0,[],[]
23495430,23496880,CHI,CHN,0.0,694,AICM,RC,1,TIMR,FI,1.0,510,-20.68,-11.36,"[{'Canonical-syllable': '0', 'Growl': '0', 'High-freq-energy': '0', 'Long-island': '0', 'Low-tilt-spectrum': '0', 'Medium-island': '1', 'Short-island': '0', 'Squeal': '0', 'Typical-entropy': '0', 'Voicing-quality': '1', 'Wide-band': '0', 'Xlong-island': '0', 'seq': '1', 'end': 23496.44, 'start': 23495.93}]",0,0,[],[]
23496880,23498090,MAL,MAN,6.82,694,AICM,RC,1,TIME,FI,0.0,0,-36.06,-27.56,[],0,0,[],[]
23498090,23499330,FEM,FAN,7.75,694,AICM,RC,1,NT,FI,0.0,0,-23.45,-16.36,[],0,0,[],[]
23499330,23502600,NA,SIL,0.0,694,AICM,NA,NA,NA,NA,0.0,0,-45.18,-31.1,[],0,0,[],[]
23502600,23503500,NA,OLN,0.0,694,AICM,NA,NA,NA,NA,0.0,0,-35.8,-23.46,[],0,0,[],[]
23503500,23504300,OCH,CXN,0.0,694,AICM,RC,1,NT,FI,0.0,0,-32.62,-25.26,[],0,0,[],[]
23504300,23505410,NA,NON,0.0,694,AICM,NA,NA,NA,NA,0.0,0,-34.68,-24.73,[],0,0,[],[]
23505410,23506010,OCH,CXN,0.0,694,AICM,RC,1,NT,FH,0.0,0,-36.66,-27.11,[],0,0,[],[]
23506010,23508590,OCH,CXN,0.0,694,AICM,RC,1,NT,FH,0.0,0,-36.8,-27.96,[],0,0,[],[]
23508590,23510330,FEM,FAN,5.09,694,AICM,RC,1,TIFI,FI,0.0,0,-34.46,-24.67,[],0,0,[],[]
23510330,23511130,NA,NON,0.0,694,AICM,NA,NA,NA,NA,0.0,0,-34.65,-28.26,[],0,0,[],[]
23511130,23512130,CHI,CHN,0.0,694,AICM,RC,2,TIFR,FI,1.0,1000,-35.37,-27.7,"[{'Canonical-syllable': '0', 'Growl': '2', 'High-freq-energy': '1', 'Long-island': '0', 'Low-tilt-spectrum': '2', 'Medium-island': '1', 'Short-island': '0', 'Squeal': '0', 'Typical-entropy': '1', 'Voicing-quality': '1', 'Wide-band': '0', 'Xlong-island': '0', 'seq': '1', 'end': 23512.13, 'start': 23511.13}]",0,0,[],[]
23512130,23512730,CHI,CHN,0.0,694,AICM,RC,2,NT,FH,1.0,600,-34.6,-28.17,"[{'Canonical-syllable': '0', 'Growl': '0', 'High-freq-energy': '0', 'Long-island': '0', 'Low-tilt-spectrum': '1', 'Medium-island': '1', 'Short-island': '0', 'Squeal': '1', 'Typical-entropy': '1', 'Voicing-quality': '1', 'Wide-band': '0', 'Xlong-island': '0', 'seq': '1', 'end': 23512.73, 'start': 23512.13}]",0,0,[],[]
23512730,23513680,NA,OLN,0.0,694,AICM,NA,NA,NA,NA,0.0,0,-33.38,-24.95,[],0,0,[],[]
23513680,23515230,OCH,CXN,0.0,694,AICM,RC,2,NT,FI,0.0,0,-35.91,-24.53,[],0,0,[],[]
23515230,23517080,OCH,CXN,0.0,694,AICM,RC,2,NT,FH,0.0,0,-34.78,-28.22,[],0,0,[],[]
23517080,23519720,FEM,FAN,9.63,694,AICM,RC,2,NT,FI,0.0,0,-36.5,-26.81,[],0,0,[],[]
23519720,23521120,NA,NOF,0.0,694,AICM,NA,NA,NA,NA,0.0,0,-43.33,-25.84,[],0,0,[],[]
23521120,23521980,OCH,CXN,0.0,694,AICM,RC,2,NT,FI,0.0,0,-34.6,-25.32,[],0,0,[],[]
23521980,23522780,NA,CHF,0.0,694,AICM,RC,2,NT,FI,1.0,350,-43.83,-33.09,"[{'Canonical-syllable': '0', 'Growl': '0', 'High-freq-energy': '0', 'Long-island': '0', 'Low-tilt-spectrum': '1', 'Medium-island': '1', 'Short-island': '0', 'Squeal': '1', 'Typical-entropy': '0', 'Voicing-quality': '1', 'Wide-band': '0', 'Xlong-island': '0', 'seq': '1', 'end': 23522.33, 'start': 23521.98}]",0,0,[],[]
23522780,23524370,OCH,CXN,0.0,694,AICM,RC,2,NT,FI,0.0,0,-34.64,-23.68,[],0,0,[],[]
23524370,23525230,NA,NOF,0.0,694,AICM,NA,NA,NA,NA,0.0,0,-37.95,-26.36,[],0,0,[],[]
23525230,23529250,OCH,CXN,0.0,694,AICM,RC,2,NT,FH,0.0,0,-36.76,-26.46,[],0,0,[],[]
23529250,23530250,OCH,CXN,0.0,694,AICM,RC,2,NT,FH,0.0,0,-41.72,-33.37,[],0,0,[],[]
23530250,23531790,OCH,CXN,0.0,694,AICM,RC,2,NT,FH,0.0,0,-38.89,-30.96,[],0,0,[],[]
23531790,23532780,NA,OLN,0.0,694,AICM,NA,NA,NA,NA,0.0,0,-22.31,-10.17,[],0,0,[],[]
23532780,23533580,NA,SIL,0.0,694,AICM,NA,NA,NA,NA,0.0,0,-51.55,-45.89,[],0,0,[],[]
23533580,23534880,NA,NOF,0.0,694,AICM,NA,NA,NA,NA,0.0,0,-39.33,-29.89,[],0,0,[],[]
23534880,23535480,FEM,FAN,5.33,694,AICM,RC,2,NT,FI,0.0,0,-23.29,-12.56,[],0,0,[],[]
23535480,23536630,FEM,FAN,6.06,694,AICM,RC,2,NT,FH,0.0,0,-23.9,-14.17,[],0,0,[],[]
23536630,23538620,OCH,CXN,0.0,694,AICM,RC,2,NT,FI,0.0,0,-37.31,-28.22,[],0,0,[],[]
23538620,23539580,NA,OLN,0.0,694,AICM,NA,NA,NA,NA,0.0,0,-26.42,-19.63,[],0,0,[],[]
23539580,23540380,OCH,CXN,0.0,694,AICM,RC,2,NT,FH,0.0,0,-34.18,-27.6,[],0,0,[],[]
23540380,23541220,NA,OLN,0.0,694,AICM,NA,NA,NA,NA,0.0,0,-37.53,-30.04,[],0,0,[],[]
23541220,23542230,NA,CHF,0.0,694,AICM,RC,2,NT,FI,1.0,880,-39.86,-29.56,"[{'Canonical-syllable': '0', 'Growl': '3', 'High-freq-energy': '1', 'Long-island': '0', 'Low-tilt-spectrum': '3', 'Medium-island': '1', 'Short-island': '2', 'Squeal': '0', 'Typical-entropy': '1', 'Voicing-quality': '2', 'Wide-band': '1', 'Xlong-island': '0', 'seq': '1', 'end': 23542.1, 'start': 23541.22}]",0,0,[],[]
23542230,23543030,NA,SIL,0.0,694,AICM,NA,NA,NA,NA,0.0,0,-52.95,-43.5,[],0,0,[],[]
23543030,23544350,NA,NOF,0.0,694,AICM,NA,NA,NA,NA,0.0,0,-45.6,-34.09,[],0,0,[],[]
23544350,23546160,OCH,CXN,0.0,694,AICM,RC,2,NT,FI,0.0,0,-43.33,-31.7,[],0,0,[],[]
23546160,23547180,NA,NOF,0.0,694,AICM,NA,NA,NA,NA,0.0,0,-42.73,-35.8,[],0,0,[],[]
23547180,23548090,OCH,CXN,0.0,694,AICM,RC,2,NT,FH,0.0,0,-38.62,-26.92,[],0,0,[],[]
23548090,23551430,NA,SIL,0.0,694,AICM,NA,NA,NA,NA,0.0,0,-41.42,-27.26,[],0,0,[],[]
23551430,23552030,NA,CHF,0.0,694,AICM,EC,2,NT,FI,1.0,600,-41.42,-33.42,"[{'Canonical-syllable': '0', 'Growl': '0', 'High-freq-energy': '0', 'Long-island': '0', 'Low-tilt-spectrum': '1', 'Medium-island': '1', 'Short-island': '0', 'Squeal': '0', 'Typical-entropy': '0', 'Voicing-quality': '1', 'Wide-band': '0', 'Xlong-island': '0', 'seq': '1', 'end': 23552.03, 'start': 23551.43}]",0,0,[],[]
23552030,23552830,NA,SIL,0.0,695,pause,NA,NA,NA,NA,0.0,0,-44.83,-36.49,[],0,0,[],[]
23552830,23554470,NA,NOF,0.0,695,pause,NA,NA,NA,NA,0.0,0,-50.62,-45.29,[],0,0,[],[]
23554470,23557720,NA,SIL,0.0,695,pause,NA,NA,NA,NA,0.0,0,-48.55,-30.03,[],0,0,[],[]
23557720,23558560,NA,NOF,0.0,695,pause,NA,NA,NA,NA,0.0,0,-45.38,-37.37,[],0,0,[],[]
23558560,23562730,NA,SIL,0.0,695,pause,NA,NA,NA,NA,0.0,0,-47.67,-34.64,[],0,0,[],[]
23562730,23563730,MAL,MAN,5.13,695,AMM,EC,0,NT,FI,0.0,0,-24.12,-14.82,[],0,0,[],[]
23563730,23568250,NA,SIL,0.0,696,pause,NA,NA,NA,NA,0.0,0,-54.12,-35.47,[],0,0,[],[]
23568250,23569060,NA,NOF,0.0,696,pause,NA,NA,NA,NA,0.0,0,-35.9,-20.19,[],0,0,[],[]
23569060,23571160,NA,SIL,0.0,696,pause,NA,NA,NA,NA,0.0,0,-46.04,-34.37,[],0,0,[],[]
23571160,23573170,NA,NON,0.0,696,pause,NA,NA,NA,NA,0.0,0,-33.16,-25.37,[],0,0,[],[]
23573170,23573770,NA,CHF,0.0,696,CIC,BC,0,TIMI,FI,1.0,600,-33.1,-26.66,"[{'Canonical-syllable': '0', 'Growl': '1', 'High-freq-energy': '1', 'Long-island': '0', 'Low-tilt-spectrum': '1', 'Medium-island': '1', 'Short-island': '0', 'Squeal': '0', 'Typical-entropy': '1', 'Voicing-quality': '1', 'Wide-band': '0', 'Xlong-island': '0', 'seq': '1', 'end': 23573.77, 'start': 23573.17}]",0,0,[],[]
23573770,23576190,NA,NON,0.0,696,CIC,NA,NA,NA,NA,0.0,0,-39.09,-26.39,[],0,0,[],[]
23576190,23577040,NA,OLF,0.0,696,CIC,NA,NA,NA,NA,0.0,0,-36.59,-28.97,[],0,0,[],[]
23577040,23578040,MAL,MAN,3.37,696,CIC,RC,1,TIMR,FI,0.0,0,-36.1,-29.52,[],0,0,[],[]
23578040,23580480,OCH,CXN,0.0,696,CIC,RC,1,NT,FI,0.0,0,-33.19,-24.19,[],0,0,[],[]
23580480,23581880,NA,NON,0.0,696,CIC,NA,NA,NA,NA,0.0,0,-35.76,-27.38,[],0,0,[],[]
23581880,23583270,OCH,CXN,0.0,696,CIC,RC,1,NT,FH,0.0,0,-34.14,-26.5,[],0,0,[],[]
23583270,23584070,NA,SIL,0.0,696,CIC,NA,NA,NA,NA,0.0,0,-52.42,-39.53,[],0,0,[],[]
23584070,23585090,OCH,CXN,0.0,696,CIC,RC,1,NT,FH,0.0,0,-34.36,-26.91,[],0,0,[],[]
23585090,23585890,NA,SIL,0.0,696,CIC,NA,NA,NA,NA,0.0,0,-44.84,-34.08,[],0,0,[],[]
23585890,23586880,OCH,CXN,0.0,696,CIC,RC,1,NT,FH,0.0,0,-37.98,-26.44,[],0,0,[],[]
23586880,23587520,OCH,CXN,0.0,696,CIC,RC,1,NT,FH,0.0,0,-38.79,-31.21,[],0,0,[],[]
23587520,23588400,FEM,FAN,0.22,696,CIC,RC,1,NT,FI,0.0,0,-36.18,-26.87,[],0,0,[],[]
23588400,23590070,OCH,CXN,0.0,696,CIC,RC,1,NT,FI,0.0,0,-34.59,-26.26,[],0,0,[],[]
23590070,23591140,CHI,CHN,0.0,696,CIC,NA,NA,NA,NA,0.0,0,-36.53,-27.45,[],0,1070,"[{'start': 23590.07, 'end': 23591.14}]",[]
23591140,23592240,OCH,CXN,0.0,696,CIC,RC,1,NT,FH,0.0,0,-33.32,-25.28,[],0,0,[],[]
23592240,23593280,OCH,CXN,0.0,696,CIC,RC,1,NT,FH,0.0,0,-34.62,-24.76,[],0,0,[],[]
23593280,23595120,NA,NON,0.0,696,CIC,NA,NA,NA,NA,0.0,0,-41.12,-26.68,[],0,0,[],[]
23595120,23596620,OCH,CXN,0.0,696,CIC,RC,1,NT,FH,0.0,0,-38.13,-29.52,[],0,0,[],[]
23596620,23597420,NA,NOF,0.0,696,CIC,NA,NA,NA,NA,0.0,0,-41.64,-35.2,[],0,0,[],[]
23597420,23599240,OCH,CXN,0.0,696,CIC,RC,1,NT,FH,0.0,0,-35.26,-27.62,[],0,0,[],[]
23599240,23601830,NA,NON,0.0,696,CIC,NA,NA,NA,NA,0.0,0,-43.23,-32.91,[],0,0,[],[]
23601830,23603800,NA,SIL,0.0,696,CIC,NA,NA,NA,NA,0.0,0,-49.33,-34.5,[],0,0,[],[]
23603800,23605230,OCH,CXN,0.0,696,CIC,RC,1,NT,FH,0.0,0,-35.54,-26.91,[],0,0,[],[]
23605230,23606280,FEM,FAN,4.25,696,CIC,RC,1,NT,FI,0.0,0,-38.52,-28.69,[],0,0,[],[]
23606280,23607100,OCH,CXN,0.0,696,CIC,RC,1,NT,FI,0.0,0,-38.39,-31.01,[],0,0,[],[]
23607100,23608120,FEM,FAN,4.0,696,CIC,RC,1,NT,FI,0.0,0,-39.05,-31.44,[],0,0,[],[]
23608120,23608920,FEM,FAN,2.64,696,CIC,RC,1,TIFI,FH,0.0,0,-34.35,-26.58,[],0,0,[],[]
23608920,23610170,CHI,CHN,0.0,696,CIC,RC,2,TIFR,FI,1.0,1250,-37.18,-27.29,"[{'Canonical-syllable': '0', 'Growl': '1', 'High-freq-energy': '3', 'Long-island': '0', 'Low-tilt-spectrum': '4', 'Medium-island': '0', 'Short-island': '3', 'Squeal': '2', 'Typical-entropy': '3', 'Voicing-quality': '0', 'Wide-band': '1', 'Xlong-island': '0', 'seq': '1', 'end': 23610.17, 'start': 23608.92}]",0,0,[],[]
23610170,23611980,FEM,FAN,7.75,696,CIC,RC,2,TIFE,FI,0.0,0,-32.56,-19.22,[],0,0,[],[]
23611980,23613040,NA,NOF,0.0,696,CIC,NA,NA,NA,NA,0.0,0,-39.7,-30.7,[],0,0,[],[]
23613040,23618910,OCH,CXN,0.0,696,CIC,RC,2,NT,FI,0.0,0,-33.88,-24.74,[],0,0,[],[]
23618910,23620630,NA,SIL,0.0,696,CIC,NA,NA,NA,NA,0.0,0,-48.72,-41.62,[],0,0,[],[]
23620630,23621430,OCH,CXN,0.0,696,CIC,RC,2,NT,FH,0.0,0,-33.94,-27.75,[],0,0,[],[]
23621430,23622230,NA,OLN,0.0,696,CIC,NA,NA,NA,NA,0.0,0,-28.14,-19.86,[],0,0,[],[]
23622230,23623300,FEM,FAN,2.86,696,CIC,RC,2,NT,FI,0.0,0,-30.1,-21.1,[],0,0,[],[]
23623300,23625140,OCH,CXN,0.0,696,CIC,RC,2,NT,FI,0.0,0,-34.07,-27.76,[],0,0,[],[]
23625140,23626160,NA,OLF,0.0,696,CIC,NA,NA,NA,NA,0.0,0,-45.67,-39.51,[],0,0,[],[]
23626160,23626960,NA,SIL,0.0,696,CIC,NA,NA,NA,NA,0.0,0,-39.0,-29.36,[],0,0,[],[]
23626960,23628040,FEM,FAN,7.24,696,CIC,RC,2,NT,FI,0.0,0,-35.22,-27.99,[],0,0,[],[]
23628040,23629750,OCH,CXN,0.0,696,CIC,RC,2,NT,FI,0.0,0,-37.06,-26.69,[],0,0,[],[]
23629750,23630830,OCH,CXN,0.0,696,CIC,RC,2,NT,FH,0.0,0,-22.15,-11.02,[],0,0,[],[]
23630830,23631770,OCH,CXN,0.0,696,CIC,RC,2,NT,FH,0.0,0,-37.47,-29.77,[],0,0,[],[]
23631770,23632880,OCH,CXN,0.0,696,CIC,RC,2,NT,FH,0.0,0,-34.34,-22.74,[],0,0,[],[]
23632880,23634800,OCH,CXN,0.0,696,CIC,RC,2,NT,FH,0.0,0,-27.93,-16.92,[],0,0,[],[]
23634800,23635890,FEM,FAN,2.9,696,CIC,RC,2,NT,FI,0.0,0,-30.15,-20.49,[],0,0,[],[]
23635890,23636690,NA,MAF,0.0,696,CIC,NA,NA,NA,NA,0.0,0,-47.15,-38.67,[],0,0,[],[]
23636690,23637490,NA,OLN,0.0,696,CIC,NA,NA,NA,NA,0.0,0,-35.7,-29.15,[],0,0,[],[]
23637490,23641110,OCH,CXN,0.0,696,CIC,RC,2,NT,FI,0.0,0,-36.65,-27.1,[],0,0,[],[]
23641110,23641910,NA,SIL,0.0,696,CIC,NA,NA,NA,NA,0.0,0,-49.0,-43.73,[],0,0,[],[]
23641910,23642710,OCH,CXN,0.0,696,CIC,EC,2,NT,FH,0.0,0,-37.5,-31.91,[],0,0,[],[]
23642710,23643730,NA,FAF,0.0,697,pause,NA,NA,NA,NA,0.0,0,-43.02,-32.75,[],0,0,[],[]
23643730,23644570,NA,NOF,0.0,697,pause,NA,NA,NA,NA,0.0,0,-45.88,-39.83,[],0,0,[],[]
23644570,23645790,NA,SIL,0.0,697,pause,NA,NA,NA,NA,0.0,0,-47.91,-41.26,[],0,0,[],[]
23645790,23646910,NA,NON,0.0,697,pause,NA,NA,NA,NA,0.0,0,-42.05,-30.03,[],0,0,[],[]
23646910,23647710,NA,SIL,0.0,697,pause,NA,NA,NA,NA,0.0,0,-47.33,-36.16,[],0,0,[],[]
23647710,23649200,OCH,CXN,0.0,697,XIOCAC,BC,0,NT,FI,0.0,0,-33.16,-25.16,[],0,0,[],[]
23649200,23650000,NA,NOF,0.0,697,XIOCAC,NA,NA,NA,NA,0.0,0,-41.26,-36.46,[],0,0,[],[]
23650000,23651070,OCH,CXN,0.0,697,XIOCAC,RC,0,NT,FH,0.0,0,-41.16,-32.1,[],0,0,[],[]
23651070,23652490,OCH,CXN,0.0,697,XIOCAC,RC,0,NT,FH,0.0,0,-37.39,-27.54,[],0,0,[],[]
23652490,23653400,NA,MAF,0.0,697,XIOCAC,NA,NA,NA,NA,0.0,0,-40.92,-33.43,[],0,0,[],[]
23653400,23654030,CHI,CHN,0.0,697,XIOCAC,RC,0,NT,FI,1.0,450,-37.33,-27.0,"[{'Canonical-syllable': '0', 'Growl': '1', 'High-freq-energy': '1', 'Long-island': '0', 'Low-tilt-spectrum': '2', 'Medium-island': '0', 'Short-island': '2', 'Squeal': '0', 'Typical-entropy': '2', 'Voicing-quality': '0', 'Wide-band': '0', 'Xlong-island': '0', 'seq': '1', 'end': 23653.85, 'start': 23653.4}]",0,0,[],[]
23654030,23655360,OCH,CXN,0.0,697,XIOCAC,RC,0,NT,FI,0.0,0,-35.59,-27.14,[],0,0,[],[]
23655360,23656320,NA,NOF,0.0,697,XIOCAC,NA,NA,NA,NA,0.0,0,-48.93,-36.57,[],0,0,[],[]
23656320,23658060,OCH,CXN,0.0,697,XIOCAC,RC,0,NT,FH,0.0,0,-34.84,-25.04,[],0,0,[],[]
23658060,23658660,NA,CHF,0.0,697,XIOCAC,NA,NA,NA,NA,0.0,0,-40.18,-35.1,[],0,600,[],"[{'start': 23658.06, 'end': 23658.66}]"
23658660,23659800,NA,SIL,0.0,697,XIOCAC,NA,NA,NA,NA,0.0,0,-52.46,-41.25,[],0,0,[],[]
23659800,23660800,OCH,CXN,0.0,697,XIOCAC,RC,0,NT,FH,0.0,0,-37.25,-27.41,[],0,0,[],[]
23660800,23662500,OCH,CXN,0.0,697,XIOCAC,RC,0,NT,FH,0.0,0,-34.65,-26.46,[],0,0,[],[]
23662500,23663300,NA,FAF,0.0,697,XIOCAC,NA,NA,NA,NA,0.0,0,-38.51,-28.34,[],0,0,[],[]
23663300,23664100,NA,SIL,0.0,697,XIOCAC,NA,NA,NA,NA,0.0,0,-45.58,-33.14,[],0,0,[],[]
23664100,23665460,OCH,CXN,0.0,697,XIOCAC,RC,0,NT,FH,0.0,0,-34.94,-25.79,[],0,0,[],[]
23665460,23666060,NA,NOF,0.0,697,XIOCAC,NA,NA,NA,NA,0.0,0,-42.87,-36.14,[],0,0,[],[]
23666060,23667350,OCH,CXN,0.0,697,XIOCAC,RC,0,NT,FH,0.0,0,-37.14,-27.86,[],0,0,[],[]
23667350,23668390,FEM,FAN,3.45,697,XIOCAC,RC,0,NT,FI,0.0,0,-37.47,-27.97,[],0,0,[],[]
23668390,23669470,NA,NOF,0.0,697,XIOCAC,NA,NA,NA,NA,0.0,0,-44.78,-35.08,[],0,0,[],[]
23669470,23671960,OCH,CXN,0.0,697,XIOCAC,RC,0,NT,FI,0.0,0,-39.03,-31.01,[],0,0,[],[]
23671960,23672760,NA,FAF,0.0,697,XIOCAC,NA,NA,NA,NA,0.0,0,-38.48,-31.76,[],0,0,[],[]
23672760,23673970,OCH,CXN,0.0,697,XIOCAC,RC,0,NT,FH,0.0,0,-34.32,-28.15,[],0,0,[],[]
23673970,23674770,NA,CHF,0.0,697,XIOCAC,RC,0,NT,FI,2.0,380,-43.13,-33.5,"[{'Canonical-syllable': '0', 'Growl': '1', 'High-freq-energy': '0', 'Long-island': '0', 'Low-tilt-spectrum': '1', 'Medium-island': '1', 'Short-island': '0', 'Squeal': '0', 'Typical-entropy': '0', 'Voicing-quality': '0', 'Wide-band': '0', 'Xlong-island': '0', 'seq': '1', 'end': 23674.27, 'start': 23673.97}, {'Canonical-syllable': '0', 'Growl': '0', 'High-freq-energy': '0', 'Long-island': '0', 'Low-tilt-spectrum': '0', 'Medium-island': '0', 'Short-island': '0', 'Squeal': '0', 'Typical-entropy': '0', 'Voicing-quality': '0', 'Wide-band': '0', 'Xlong-island': '0', 'seq': '2', 'end': 23674.77, 'start': 23674.69}]",0,0,[],[]
23674770,23676000,OCH,CXN,0.0,697,XIOCAC,RC,0,NT,FI,0.0,0,-30.27,-21.41,[],0,0,[],[]
23676000,23676750,OCH,CXN,0.0,697,XIOCAC,RC,0,NT,FH,0.0,0,-36.57,-28.42,[],0,0,[],[]
23676750,23679160,OCH,CXN,0.0,697,XIOCAC,RC,0,NT,FH,0.0,0,-32.6,-23.46,[],0,0,[],[]
23679160,23679960,NA,NOF,0.0,697,XIOCAC,NA,NA,NA,NA,0.0,0,-43.09,-31.88,[],0,0,[],[]
23679960,23681280,OCH,CXN,0.0,697,XIOCAC,EC,0,NT,FH,0.0,0,-39.56,-28.97,[],0,0,[],[]
23681280,23685980,NA,SIL,0.0,698,pause,NA,NA,NA,NA,0.0,0,-47.97,-33.86,[],0,0,[],[]
23685980,23686780,NA,NOF,0.0,698,pause,NA,NA,NA,NA,0.0,0,-50.12,-45.22,[],0,0,[],[]
23686780,23697970,NA,SIL,0.0,698,pause,NA,NA,NA,NA,0.0,0,-50.59,-35.57,[],0,0,[],[]
23697970,23698770,NA,CXF,0.0,698,pause,NA,NA,NA,NA,0.0,0,-47.12,-38.09,[],0,0,[],[]
23698770,23706080,NA,SIL,0.0,698,pause,NA,NA,NA,NA,0.0,0,-55.52,-43.39,[],0,0,[],[]
23706080,23706990,NA,NOF,0.0,698,pause,NA,NA,NA,NA,0.0,0,-40.83,-32.41,[],0,0,[],[]
23706990,23708500,NA,OLN,0.0,698,pause,NA,NA,NA,NA,0.0,0,-32.99,-20.85,[],0,0,[],[]
23708500,23710750,NA,NOF,0.0,698,pause,NA,NA,NA,NA,0.0,0,-41.73,-28.76,[],0,0,[],[]
23710750,23711760,NA,FAF,0.0,698,pause,NA,NA,NA,NA,0.0,0,-44.54,-34.9,[],0,0,[],[]
23711760,23712560,NA,OLN,0.0,698,pause,NA,NA,NA,NA,0.0,0,-32.88,-26.36,[],0,0,[],[]
23712560,23713890,FEM,FAN,1.28,698,AIOCF,BC,0,NT,FI,0.0,0,-34.05,-25.01,[],0,0,[],[]
23713890,23714970,OCH,CXN,0.0,698,AIOCF,EC,0,NT,FI,0.0,0,-31.84,-21.87,[],0,0,[],[]
23714970,23715770,NA,OLN,0.0,699,pause,NA,NA,NA,NA,0.0,0,-35.04,-25.97,[],0,0,[],[]
23715770,23716570,NA,OLF,0.0,699,pause,NA,NA,NA,NA,0.0,0,-46.55,-39.8,[],0,0,[],[]
23716570,23718480,NA,SIL,0.0,699,pause,NA,NA,NA,NA,0.0,0,-48.63,-35.1,[],0,0,[],[]
23718480,23719490,NA,TVN,0.0,699,pause,NA,NA,NA,NA,0.0,0,-46.75,-40.56,[],0,0,[],[]
23719490,23720570,NA,CXF,0.0,699,pause,NA,NA,NA,NA,0.0,0,-45.34,-33.77,[],0,0,[],[]
23720570,23721570,NA,FAF,0.0,699,pause,NA,NA,NA,NA,0.0,0,-39.33,-20.7,[],0,0,[],[]
23721570,23722720,NA,SIL,0.0,699,pause,NA,NA,NA,NA,0.0,0,-52.66,-45.93,[],0,0,[],[]
23722720,23726000,NA,NOF,0.0,699,pause,NA,NA,NA,NA,0.0,0,-42.6,-24.6,[],0,0,[],[]
23726000,23726900,NA,OLF,0.0,699,pause,NA,NA,NA,NA,0.0,0,-46.15,-40.04,[],0,0,[],[]
23726900,23727970,NA,SIL,0.0,699,pause,NA,NA,NA,NA,0.0,0,-53.44,-44.84,[],0,0,[],[]
23727970,23729290,NA,NOF,0.0,699,pause,NA,NA,NA,NA,0.0,0,-46.31,-34.76,[],0,0,[],[]
23729290,23730120,NA,OLF,0.0,699,pause,NA,NA,NA,NA,0.0,0,-24.28,-7.42,[],0,0,[],[]
23730120,23731060,NA,NOF,0.0,699,pause,NA,NA,NA,NA,0.0,0,-26.85,-16.53,[],0,0,[],[]
23731060,23733260,NA,OLN,0.0,699,pause,NA,NA,NA,NA,0.0,0,-23.5,-8.07,[],0,0,[],[]
23733260,23734280,NA,NON,0.0,699,pause,NA,NA,NA,NA,0.0,0,-29.66,-19.82,[],0,0,[],[]
23734280,23735700,NA,OLN,0.0,699,pause,NA,NA,NA,NA,0.0,0,-26.68,-17.54,[],0,0,[],[]
23735700,23737190,OCH,CXN,0.0,699,XM,EC,0,NT,FI,0.0,0,-31.02,-23.07,[],0,0,[],[]
23737190,23738280,NA,OLN,0.0,700,pause,NA,NA,NA,NA,0.0,0,-28.26,-21.4,[],0,0,[],[]
23738280,23739530,NA,FAF,0.0,700,pause,NA,NA,NA,NA,0.0,0,-42.72,-32.33,[],0,0,[],[]
23739530,23740950,NA,OLF,0.0,700,pause,NA,NA,NA,NA,0.0,0,-32.13,-11.71,[],0,0,[],[]
23740950,23741760,NA,SIL,0.0,700,pause,NA,NA,NA,NA,0.0,0,-49.55,-39.8,[],0,0,[],[]
23741760,23742560,NA,OLF,0.0,700,pause,NA,NA,NA,NA,0.0,0,-38.12,-29.63,[],0,0,[],[]
23742560,23743390,NA,NOF,0.0,700,pause,NA,NA,NA,NA,0.0,0,-39.41,-29.3,[],0,0,[],[]
23743390,23744200,NA,OLF,0.0,700,pause,NA,NA,NA,NA,0.0,0,-33.76,-25.32,[],0,0,[],[]
23744200,23745110,NA,NOF,0.0,700,pause,NA,NA,NA,NA,0.0,0,-40.26,-29.64,[],0,0,[],[]
23745110,23746000,NA,OLF,0.0,700,pause,NA,NA,NA,NA,0.0,0,-39.03,-30.31,[],0,0,[],[]
23746000,23747940,NA,NOF,0.0,700,pause,NA,NA,NA,NA,0.0,0,-38.76,-23.73,[],0,0,[],[]
23747940,23749080,NA,OLN,0.0,700,pause,NA,NA,NA,NA,0.0,0,-32.95,-23.57,[],0,0,[],[]
23749080,23750080,NA,FAF,0.0,700,pause,NA,NA,NA,NA,0.0,0,-37.83,-26.59,[],0,0,[],[]
23750080,23751270,NA,NOF,0.0,700,pause,NA,NA,NA,NA,0.0,0,-37.68,-26.55,[],0,0,[],[]
23751270,23752080,NA,OLN,0.0,700,pause,NA,NA,NA,NA,0.0,0,-35.85,-28.44,[],0,0,[],[]
23752080,23752700,CHI,CHN,0.0,700,CIOCAX,BC,0,NT,FI,1.0,470,-29.56,-17.34,"[{'Canonical-syllable': '0', 'Growl': '2', 'High-freq-energy': '2', 'Long-island': '0', 'Low-tilt-spectrum': '2', 'Medium-island': '0', 'Short-island': '2', 'Squeal': '0', 'Typical-entropy': '2', 'Voicing-quality': '0', 'Wide-band': '0', 'Xlong-island': '0', 'seq': '1', 'end': 23752.55, 'start': 23752.08}]",0,0,[],[]
23752700,23755330,NA,OLN,0.0,700,CIOCAX,NA,NA,NA,NA,0.0,0,-26.81,-6.51,[],0,0,[],[]
23755330,23756140,OCH,CXN,0.0,700,CIOCAX,RC,0,NT,FI,0.0,0,-28.84,-23.25,[],0,0,[],[]
23756140,23756940,NA,OLN,0.0,700,CIOCAX,NA,NA,NA,NA,0.0,0,-34.48,-24.54,[],0,0,[],[]
23756940,23758300,OCH,CXN,0.0,700,CIOCAX,RC,0,NT,FH,0.0,0,-23.8,-14.05,[],0,0,[],[]
23758300,23759640,FEM,FAN,4.33,700,CIOCAX,EC,0,NT,FI,0.0,0,-37.53,-26.11,[],0,0,[],[]
23759640,23760640,NA,NOF,0.0,701,pause,NA,NA,NA,NA,0.0,0,-41.61,-31.84,[],0,0,[],[]
23760640,23762440,NA,OLN,0.0,701,pause,NA,NA,NA,NA,0.0,0,-21.75,-8.55,[],0,0,[],[]
23762440,23763430,NA,OLF,0.0,701,pause,NA,NA,NA,NA,0.0,0,-27.03,-14.51,[],0,0,[],[]
23763430,23769530,NA,OLN,0.0,701,pause,NA,NA,NA,NA,0.0,0,-30.76,-9.79,[],0,0,[],[]
23769530,23770330,NA,NON,0.0,701,pause,NA,NA,NA,NA,0.0,0,-35.88,-28.51,[],0,0,[],[]
23770330,23771130,NA,OLN,0.0,701,pause,NA,NA,NA,NA,0.0,0,-33.99,-23.73,[],0,0,[],[]
23771130,23771930,NA,NOF,0.0,701,pause,NA,NA,NA,NA,0.0,0,-30.21,-18.64,[],0,0,[],[]
23771930,23772930,FEM,FAN,5.57,701,AMF,EC,0,NT,FI,0.0,0,-23.36,-13.75,[],0,0,[],[]
23772930,23774160,NA,OLN,0.0,702,pause,NA,NA,NA,NA,0.0,0,-24.17,-14.03,[],0,0,[],[]
23774160,23775040,NA,NON,0.0,702,pause,NA,NA,NA,NA,0.0,0,-22.37,-7.59,[],0,0,[],[]
23775040,23780830,NA,OLN,0.0,702,pause,NA,NA,NA,NA,0.0,0,-25.18,-8.29,[],0,0,[],[]
23780830,23781630,NA,CXF,0.0,702,pause,NA,NA,NA,NA,0.0,0,-37.88,-29.3,[],0,0,[],[]
23781630,23782960,NA,OLN,0.0,702,pause,NA,NA,NA,NA,0.0,0,-38.86,-29.33,[],0,0,[],[]
23782960,23784080,FEM,FAN,3.95,702,AIOCF,BC,0,NT,FI,0.0,0,-38.82,-29.83,[],0,0,[],[]
23784080,23786070,NA,FAF,0.0,702,AIOCF,NA,NA,NA,NA,0.0,0,-41.18,-32.77,[],0,0,[],[]
23786070,23787040,NA,NOF,0.0,702,AIOCF,NA,NA,NA,NA,0.0,0,-42.54,-33.54,[],0,0,[],[]
23787040,23787840,OCH,CXN,0.0,702,AIOCF,RC,0,NT,FI,0.0,0,-29.1,-20.7,[],0,0,[],[]
23787840,23788640,NA,OLN,0.0,702,AIOCF,NA,NA,NA,NA,0.0,0,-30.09,-22.57,[],0,0,[],[]
23788640,23789530,OCH,CXN,0.0,702,AIOCF,RC,0,NT,FH,0.0,0,-42.59,-31.74,[],0,0,[],[]
23789530,23790800,NA,OLN,0.0,702,AIOCF,NA,NA,NA,NA,0.0,0,-39.74,-34.59,[],0,0,[],[]
23790800,23791660,OCH,CXN,0.0,702,AIOCF,RC,0,NT,FH,0.0,0,-40.39,-32.2,[],0,0,[],[]
23791660,23792460,NA,OLF,0.0,702,AIOCF,NA,NA,NA,NA,0.0,0,-40.0,-31.32,[],0,0,[],[]
23792460,23793440,FEM,FAN,3.44,702,AIOCF,RC,0,NT,FI,0.0,0,-39.07,-31.97,[],0,0,[],[]
23793440,23794870,FEM,FAN,3.4,702,AIOCF,RC,0,NT,FH,0.0,0,-31.43,-18.85,[],0,0,[],[]
23794870,23796130,MAL,MAN,3.35,702,AIOCF,RC,0,NT,FI,0.0,0,-40.46,-31.12,[],0,0,[],[]
23796130,23796940,FEM,FAN,2.27,702,AIOCF,RC,0,NT,FI,0.0,0,-40.54,-32.13,[],0,0,[],[]
23796940,23798120,NA,NOF,0.0,702,AIOCF,NA,NA,NA,NA,0.0,0,-42.76,-31.04,[],0,0,[],[]
23798120,23799350,FEM,FAN,6.87,702,AIOCF,EC,0,NT,FH,0.0,0,-21.96,-11.66,[],0,0,[],[]
23799350,23800150,NA,OLN,0.0,703,pause,NA,NA,NA,NA,0.0,0,-38.02,-28.94,[],0,0,[],[]
23800150,23802670,NA,NOF,0.0,703,pause,NA,NA,NA,NA,0.0,0,-38.49,-20.69,[],0,0,[],[]
23802670,23803470,NA,OLN,0.0,703,pause,NA,NA,NA,NA,0.0,0,-20.61,-7.66,[],0,0,[],[]
23803470,23804740,NA,NON,0.0,703,pause,NA,NA,NA,NA,0.0,0,-28.55,-19.56,[],0,0,[],[]
23804740,23805640,NA,OLN,0.0,703,pause,NA,NA,NA,NA,0.0,0,-39.38,-31.24,[],0,0,[],[]
23805640,23806670,FEM,FAN,3.48,703,AMF,BC,0,NT,FI,0.0,0,-40.66,-30.61,[],0,0,[],[]
23806670,23808300,NA,CXF,0.0,703,AMF,NA,NA,NA,NA,0.0,0,-44.93,-35.75,[],0,0,[],[]
23808300,23809310,NA,NOF,0.0,703,AMF,NA,NA,NA,NA,0.0,0,-42.26,-32.6,[],0,0,[],[]
23809310,23810220,NA,CXF,0.0,703,AMF,NA,NA,NA,NA,0.0,0,-43.56,-34.91,[],0,0,[],[]
23810220,23811550,NA,NOF,0.0,703,AMF,NA,NA,NA,NA,0.0,0,-49.07,-41.17,[],0,0,[],[]
23811550,23812630,MAL,MAN,7.54,703,AMF,EC,0,NT,FI,0.0,0,-35.28,-27.28,[],0,0,[],[]
23812630,23813820,NA,SIL,0.0,704,pause,NA,NA,NA,NA,0.0,0,-53.1,-46.45,[],0,0,[],[]
23813820,23814820,NA,TVF,0.0,704,pause,NA,NA,NA,NA,0.0,0,-41.2,-36.22,[],0,0,[],[]
23814820,23816530,NA,OLF,0.0,704,pause,NA,NA,NA,NA,0.0,0,-33.55,-12.89,[],0,0,[],[]
23816530,23817460,NA,OLN,0.0,704,pause,NA,NA,NA,NA,0.0,0,-31.8,-21.18,[],0,0,[],[]
23817460,23818460,NA,OLF,0.0,704,pause,NA,NA,NA,NA,0.0,0,-42.79,-34.69,[],0,0,[],[]
23818460,23819260,NA,NOF,0.0,704,pause,NA,NA,NA,NA,0.0,0,-43.19,-32.89,[],0,0,[],[]
23819260,23820280,NA,MAF,0.0,704,pause,NA,NA,NA,NA,0.0,0,-39.99,-27.82,[],0,0,[],[]
23820280,23821160,NA,NON,0.0,704,pause,NA,NA,NA,NA,0.0,0,-38.72,-29.18,[],0,0,[],[]
23821160,23822230,NA,CXF,0.0,704,pause,NA,NA,NA,NA,0.0,0,-49.7,-42.35,[],0,0,[],[]
23822230,23823060,NA,NOF,0.0,704,pause,NA,NA,NA,NA,0.0,0,-51.64,-47.61,[],0,0,[],[]
23823060,23823890,NA,CXF,0.0,704,pause,NA,NA,NA,NA,0.0,0,-45.53,-40.28,[],0,0,[],[]
23823890,23825480,NA,OLF,0.0,704,pause,NA,NA,NA,NA,0.0,0,-45.64,-31.4,[],0,0,[],[]
23825480,23826610,OCH,CXN,0.0,704,XIOCA,BC,0,NT,FI,0.0,0,-35.85,-27.08,[],0,0,[],[]
23826610,23827660,NA,FAF,0.0,704,XIOCA,NA,NA,NA,NA,0.0,0,-41.78,-31.92,[],0,0,[],[]
23827660,23828460,OCH,CXN,0.0,704,XIOCA,RC,0,NT,FH,0.0,0,-39.93,-29.36,[],0,0,[],[]
23828460,23830040,NA,FAF,0.0,704,XIOCA,NA,NA,NA,NA,0.0,0,-39.47,-33.35,[],0,0,[],[]
23830040,23831610,NA,NOF,0.0,704,XIOCA,NA,NA,NA,NA,0.0,0,-41.25,-30.31,[],0,0,[],[]
23831610,23832610,OCH,CXN,0.0,704,XIOCA,RC,0,NT,FH,0.0,0,-21.0,-13.54,[],0,0,[],[]
23832610,23834000,NA,NON,0.0,704,XIOCA,NA,NA,NA,NA,0.0,0,-37.57,-27.38,[],0,0,[],[]
23834000,23834800,NA,OLN,0.0,704,XIOCA,NA,NA,NA,NA,0.0,0,-36.52,-28.05,[],0,0,[],[]
23834800,23835600,OCH,CXN,0.0,704,XIOCA,RC,0,NT,FH,0.0,0,-35.59,-27.48,[],0,0,[],[]
23835600,23837370,NA,NOF,0.0,704,XIOCA,NA,NA,NA,NA,0.0,0,-43.1,-34.46,[],0,0,[],[]
23837370,23838310,NA,OLN,0.0,704,XIOCA,NA,NA,NA,NA,0.0,0,-25.02,-15.82,[],0,0,[],[]
23838310,23839120,FEM,FAN,1.14,704,XIOCA,EC,0,NT,FI,0.0,0,-37.09,-27.4,[],0,0,[],[]
23839120,23840650,NA,FAF,0.0,705,pause,NA,NA,NA,NA,0.0,0,-45.43,-33.01,[],0,0,[],[]
23840650,23842650,NA,SIL,0.0,705,pause,NA,NA,NA,NA,0.0,0,-52.18,-42.84,[],0,0,[],[]
23842650,23843650,NA,TVN,0.0,705,pause,NA,NA,NA,NA,0.0,0,-46.14,-39.66,[],0,0,[],[]
23843650,23844450,NA,NOF,0.0,705,pause,NA,NA,NA,NA,0.0,0,-49.48,-42.53,[],0,0,[],[]
23844450,23845250,NA,CXF,0.0,705,pause,NA,NA,NA,NA,0.0,0,-44.38,-38.93,[],0,0,[],[]
23845250,23846710,NA,MAF,0.0,705,pause,NA,NA,NA,NA,0.0,0,-47.56,-36.94,[],0,0,[],[]
23846710,23848700,NA,SIL,0.0,705,pause,NA,NA,NA,NA,0.0,0,-48.88,-38.95,[],0,0,[],[]
23848700,23849570,NA,NOF,0.0,705,pause,NA,NA,NA,NA,0.0,0,-47.68,-43.47,[],0,0,[],[]
23849570,23851460,NA,SIL,0.0,705,pause,NA,NA,NA,NA,0.0,0,-51.23,-45.02,[],0,0,[],[]
23851460,23853010,NA,NOF,0.0,705,pause,NA,NA,NA,NA,0.0,0,-49.22,-44.36,[],0,0,[],[]
23853010,23854370,OCH,CXN,0.0,705,XM,BC,0,NT,FI,0.0,0,-30.67,-22.79,[],0,0,[],[]
23854370,23856220,NA,SIL,0.0,705,XM,NA,NA,NA,NA,0.0,0,-47.53,-41.63,[],0,0,[],[]
23856220,23857340,OCH,CXN,0.0,705,XM,EC,0,NT,FH,0.0,0,-36.41,-26.0,[],0,0,[],[]
23857340,23858150,NA,SIL,0.0,706,pause,NA,NA,NA,NA,0.0,0,-49.38,-43.7,[],0,0,[],[]
23858150,23859220,NA,NOF,0.0,706,pause,NA,NA,NA,NA,0.0,0,-46.72,-38.5,[],0,0,[],[]
23859220,23862620,NA,SIL,0.0,706,pause,NA,NA,NA,NA,0.0,0,-47.56,-37.24,[],0,0,[],[]
23862620,23863670,NA,NOF,0.0,706,pause,NA,NA,NA,NA,0.0,0,-35.66,-16.78,[],0,0,[],[]
23863670,23864520,NA,SIL,0.0,706,pause,NA,NA,NA,NA,0.0,0,-49.64,-44.21,[],0,0,[],[]
23864520,23865520,MAL,MAN,4.95,706,AIOCM,BC,0,NT,FI,0.0,0,-38.04,-29.75,[],0,0,[],[]
23865520,23866590,NA,NOF,0.0,706,AIOCM,NA,NA,NA,NA,0.0,0,-47.59,-40.57,[],0,0,[],[]
23866590,23868240,NA,SIL,0.0,706,AIOCM,NA,NA,NA,NA,0.0,0,-48.56,-42.17,[],0,0,[],[]
23868240,23869570,FEM,FAN,6.37,706,AIOCM,RC,0,NT,FI,0.0,0,-24.63,-13.27,[],0,0,[],[]
23869570,23871580,NA,NOF,0.0,706,AIOCM,NA,NA,NA,NA,0.0,0,-46.4,-35.56,[],0,0,[],[]
23871580,23873030,NA,SIL,0.0,706,AIOCM,NA,NA,NA,NA,0.0,0,-47.06,-36.11,[],0,0,[],[]
23873030,23874140,OCH,CXN,0.0,706,AIOCM,RC,0,NT,FI,0.0,0,-44.2,-38.57,[],0,0,[],[]
23874140,23876040,NA,FAF,0.0,706,AIOCM,NA,NA,NA,NA,0.0,0,-47.52,-37.36,[],0,0,[],[]
23876040,23877310,NA,SIL,0.0,706,AIOCM,NA,NA,NA,NA,0.0,0,-53.91,-45.6,[],0,0,[],[]
23877310,23878200,NA,NOF,0.0,706,AIOCM,NA,NA,NA,NA,0.0,0,-46.81,-39.21,[],0,0,[],[]
23878200,23879040,NA,OLF,0.0,706,AIOCM,NA,NA,NA,NA,0.0,0,-44.92,-39.94,[],0,0,[],[]
23879040,23879850,OCH,CXN,0.0,706,AIOCM,EC,0,NT,FH,0.0,0,-17.33,-8.03,[],0,0,[],[]
23879850,23882040,CHI,CHN,0.0,707,pause,NA,NA,NA,NA,0.0,0,-14.36,-3.84,[],0,2110,"[{'start': 23879.85, 'end': 23881.96}]",[]
23882040,23883040,NA,TVN,0.0,707,pause,NA,NA,NA,NA,0.0,0,-39.26,-28.86,[],0,0,[],[]
23883040,23885140,NA,OLN,0.0,707,pause,NA,NA,NA,NA,0.0,0,-25.51,-14.23,[],0,0,[],[]
23885140,23886140,CHI,CHN,0.0,707,CIOCX,BC,0,NT,FI,1.0,750,-19.86,-11.12,"[{'Canonical-syllable': '0', 'Growl': '0', 'High-freq-energy': '0', 'Long-island': '1', 'Low-tilt-spectrum': '0', 'Medium-island': '0', 'Short-island': '0', 'Squeal': '0', 'Typical-entropy': '1', 'Voicing-quality': '1', 'Wide-band': '0', 'Xlong-island': '0', 'seq': '1', 'end': 23885.89, 'start': 23885.14}]",0,0,[],[]
23886140,23888110,NA,NON,0.0,707,CIOCX,NA,NA,NA,NA,0.0,0,-38.72,-29.1,[],0,0,[],[]
23888110,23888720,OCH,CXN,0.0,707,CIOCX,RC,0,NT,FI,0.0,0,-16.52,-7.43,[],0,0,[],[]
23888720,23890850,NA,NOF,0.0,707,CIOCX,NA,NA,NA,NA,0.0,0,-33.13,-17.56,[],0,0,[],[]
23890850,23892120,NA,OLF,0.0,707,CIOCX,NA,NA,NA,NA,0.0,0,-18.79,-3.51,[],0,0,[],[]
23892120,23894090,OCH,CXN,0.0,707,CIOCX,EC,0,NT,FH,0.0,0,-17.79,-7.17,[],0,0,[],[]
23894090,23898820,NA,NON,0.0,708,pause,NA,NA,NA,NA,0.0,0,-26.71,-4.68,[],0,0,[],[]
23898820,23900950,NA,OLN,0.0,708,pause,NA,NA,NA,NA,0.0,0,-39.46,-34.03,[],0,0,[],[]
23900950,23904210,NA,NOF,0.0,708,pause,NA,NA,NA,NA,0.0,0,-40.45,-22.59,[],0,0,[],[]
23904210,23905930,NA,OLF,0.0,708,pause,NA,NA,NA,NA,0.0,0,-34.73,-21.15,[],0,0,[],[]
23905930,23906880,NA,NOF,0.0,708,pause,NA,NA,NA,NA,0.0,0,-43.59,-31.42,[],0,0,[],[]
23906880,23908250,NA,OLF,0.0,708,pause,NA,NA,NA,NA,0.0,0,-36.2,-22.79,[],0,0,[],[]
23908250,23909050,NA,NON,0.0,708,pause,NA,NA,NA,NA,0.0,0,-34.09,-25.5,[],0,0,[],[]
23909050,23909910,NA,OLN,0.0,708,pause,NA,NA,NA,NA,0.0,0,-35.69,-30.56,[],0,0,[],[]
23909910,23910610,CHI,CHN,0.0,708,CM,EC,0,NT,FI,1.0,700,-31.85,-26.19,"[{'Canonical-syllable': '0', 'Growl': '1', 'High-freq-energy': '1', 'Long-island': '1', 'Low-tilt-spectrum': '1', 'Medium-island': '0', 'Short-island': '0', 'Squeal': '0', 'Typical-entropy': '1', 'Voicing-quality': '1', 'Wide-band': '0', 'Xlong-island': '0', 'seq': '1', 'end': 23910.61, 'start': 23909.91}]",0,0,[],[]
23910610,23912400,NA,NON,0.0,709,pause,NA,NA,NA,NA,0.0,0,-37.44,-19.1,[],0,0,[],[]
23912400,23914730,NA,SIL,0.0,709,pause,NA,NA,NA,NA,0.0,0,-46.59,-28.16,[],0,0,[],[]
23914730,23919050,NA,NOF,0.0,709,pause,NA,NA,NA,NA,0.0,0,-36.75,-19.47,[],0,0,[],[]
23919050,23919890,NA,SIL,0.0,709,pause,NA,NA,NA,NA,0.0,0,-52.94,-46.12,[],0,0,[],[]
23919890,23920760,NA,NOF,0.0,709,pause,NA,NA,NA,NA,0.0,0,-41.31,-32.92,[],0,0,[],[]
23920760,23921560,NA,SIL,0.0,709,pause,NA,NA,NA,NA,0.0,0,-48.33,-40.83,[],0,0,[],[]
23921560,23922670,NA,NOF,0.0,709,pause,NA,NA,NA,NA,0.0,0,-42.17,-36.69,[],0,0,[],[]
23922670,23923630,NA,OLF,0.0,709,pause,NA,NA,NA,NA,0.0,0,-40.24,-34.41,[],0,0,[],[]
23923630,23925000,NA,NOF,0.0,709,pause,NA,NA,NA,NA,0.0,0,-41.21,-33.83,[],0,0,[],[]
23925000,23925990,NA,OLN,0.0,709,pause,NA,NA,NA,NA,0.0,0,-36.43,-31.74,[],0,0,[],[]
23925990,23934890,NA,OLF,0.0,709,pause,NA,NA,NA,NA,0.0,0,-37.05,-20.59,[],0,0,[],[]
23934890,23943790,NA,NOF,0.0,709,pause,NA,NA,NA,NA,0.0,0,-36.31,-15.0,[],0,0,[],[]
23943790,23944590,NA,OLF,0.0,709,pause,NA,NA,NA,NA,0.0,0,-33.87,-24.99,[],0,0,[],[]
23944590,23947220,NA,NOF,0.0,709,pause,NA,NA,NA,NA,0.0,0,-22.87,-5.42,[],0,0,[],[]
23947220,23948090,NA,OLF,0.0,709,pause,NA,NA,NA,NA,0.0,0,-35.98,-28.07,[],0,0,[],[]
23948090,23948900,NA,NOF,0.0,709,pause,NA,NA,NA,NA,0.0,0,-36.23,-22.97,[],0,0,[],[]
23948900,23949760,NA,OLF,0.0,709,pause,NA,NA,NA,NA,0.0,0,-36.65,-28.73,[],0,0,[],[]
23949760,23951160,NA,NOF,0.0,709,pause,NA,NA,NA,NA,0.0,0,-22.52,-7.54,[],0,0,[],[]
23951160,23952390,NA,OLN,0.0,709,pause,NA,NA,NA,NA,0.0,0,-20.45,-2.71,[],0,0,[],[]
23952390,23954650,NA,NOF,0.0,709,pause,NA,NA,NA,NA,0.0,0,-25.67,-8.79,[],0,0,[],[]
23954650,23955600,NA,OLF,0.0,709,pause,NA,NA,NA,NA,0.0,0,-26.61,-11.08,[],0,0,[],[]
23955600,23959270,NA,NOF,0.0,709,pause,NA,NA,NA,NA,0.0,0,-41.17,-28.27,[],0,0,[],[]
23959270,23960390,OCH,CXN,0.0,709,XIC,BC,0,NT,FI,0.0,0,-32.94,-24.68,[],0,0,[],[]
23960390,23960990,CHI,CHN,0.0,709,XIC,NA,NA,NA,NA,0.0,0,-14.35,-8.94,[],0,520,"[{'start': 23960.47, 'end': 23960.99}]",[]
23960990,23961790,NA,OLN,0.0,709,XIC,NA,NA,NA,NA,0.0,0,-30.9,-20.47,[],0,0,[],[]
23961790,23962590,OCH,CXN,0.0,709,XIC,RC,0,NT,FH,0.0,0,-27.66,-22.39,[],0,0,[],[]
23962590,23963660,NA,OLN,0.0,709,XIC,NA,NA,NA,NA,0.0,0,-19.86,-10.35,[],0,0,[],[]
23963660,23964990,OCH,CXN,0.0,709,XIC,RC,0,NT,FH,0.0,0,-18.54,-11.43,[],0,0,[],[]
23964990,23965970,NA,OLN,0.0,709,XIC,NA,NA,NA,NA,0.0,0,-28.26,-21.31,[],0,0,[],[]
23965970,23966640,CHI,CHN,0.0,709,XIC,NA,NA,NA,NA,0.0,0,-15.99,-8.5,[],0,670,"[{'start': 23965.97, 'end': 23966.39}]","[{'start': 23966.39, 'end': 23966.64}]"
23966640,23968020,OCH,CXN,0.0,709,XIC,RC,0,NT,FH,0.0,0,-17.15,-11.38,[],0,0,[],[]
23968020,23969230,CHI,CHN,0.0,709,XIC,RC,0,NT,FI,1.0,700,-19.3,-7.0,"[{'Canonical-syllable': '0', 'Growl': '0', 'High-freq-energy': '0', 'Long-island': '1', 'Low-tilt-spectrum': '0', 'Medium-island': '0', 'Short-island': '0', 'Squeal': '0', 'Typical-entropy': '1', 'Voicing-quality': '1', 'Wide-band': '0', 'Xlong-island': '0', 'seq': '1', 'end': 23969.23, 'start': 23968.53}]",0,0,[],[]
23969230,23970880,NA,OLN,0.0,709,XIC,NA,NA,NA,NA,0.0,0,-29.99,-22.31,[],0,0,[],[]
23970880,23971880,NA,NOF,0.0,709,XIC,NA,NA,NA,NA,0.0,0,-29.31,-14.56,[],0,0,[],[]
23971880,23972500,OCH,CXN,0.0,709,XIC,RC,0,NT,FI,0.0,0,-16.22,-9.31,[],0,0,[],[]
23972500,23973640,NA,OLN,0.0,709,XIC,NA,NA,NA,NA,0.0,0,-29.25,-20.75,[],0,0,[],[]
23973640,23974970,OCH,CXN,0.0,709,XIC,RC,0,NT,FH,0.0,0,-19.64,-11.73,[],0,0,[],[]
23974970,23975850,CHI,CHN,0.0,709,XIC,RC,0,TIFI,FI,2.0,550,-18.78,-11.55,"[{'Canonical-syllable': '0', 'Growl': '0', 'High-freq-energy': '0', 'Long-island': '0', 'Low-tilt-spectrum': '0', 'Medium-island': '1', 'Short-island': '0', 'Squeal': '0', 'Typical-entropy': '1', 'Voicing-quality': '1', 'Wide-band': '0', 'Xlong-island': '0', 'seq': '1', 'end': 23975.4, 'start': 23974.97}, {'Canonical-syllable': '0', 'Growl': '1', 'High-freq-energy': '0', 'Long-island': '0', 'Low-tilt-spectrum': '0', 'Medium-island': '0', 'Short-island': '0', 'Squeal': '0', 'Typical-entropy': '0', 'Voicing-quality': '1', 'Wide-band': '0', 'Xlong-island': '0', 'seq': '2', 'end': 23975.85, 'start': 23975.73}]",0,0,[],[]
23975850,23976920,FEM,FAN,6.95,709,XIC,RC,1,TIFR,FI,0.0,0,-29.68,-21.79,[],0,0,[],[]
23976920,23977520,CHI,CHN,0.0,709,XIC,RC,1,TIFE,FI,1.0,600,-23.08,-17.71,"[{'Canonical-syllable': '0', 'Growl': '0', 'High-freq-energy': '0', 'Long-island': '0', 'Low-tilt-spectrum': '0', 'Medium-island': '1', 'Short-island': '0', 'Squeal': '0', 'Typical-entropy': '1', 'Voicing-quality': '1', 'Wide-band': '0', 'Xlong-island': '0', 'seq': '1', 'end': 23977.52, 'start': 23977.22}]",0,0,[],[]
23977520,23978870,OCH,CXN,0.0,709,XIC,RC,1,NT,FI,0.0,0,-23.46,-15.77,[],0,0,[],[]
23978870,23979760,OCH,CXN,0.0,709,XIC,RC,1,NT,FH,0.0,0,-27.87,-21.41,[],0,0,[],[]
23979760,23982030,FEM,FAN,9.78,709,XIC,RC,1,TIFI,FI,0.0,0,-30.69,-19.59,[],0,0,[],[]
23982030,23982840,CHI,CHN,0.0,709,XIC,RC,2,TIFR,FI,1.0,810,-15.53,-11.25,"[{'Canonical-syllable': '0', 'Growl': '0', 'High-freq-energy': '0', 'Long-island': '1', 'Low-tilt-spectrum': '0', 'Medium-island': '0', 'Short-island': '0', 'Squeal': '0', 'Typical-entropy': '1', 'Voicing-quality': '1', 'Wide-band': '0', 'Xlong-island': '0', 'seq': '1', 'end': 23982.84, 'start': 23982.03}]",0,0,[],[]
23982840,23984420,NA,NOF,0.0,709,XIC,NA,NA,NA,NA,0.0,0,-24.05,-8.86,[],0,0,[],[]
23984420,23985240,NA,OLF,0.0,709,XIC,NA,NA,NA,NA,0.0,0,-23.17,-8.15,[],0,0,[],[]
23985240,23986370,NA,NOF,0.0,709,XIC,NA,NA,NA,NA,0.0,0,-36.45,-22.75,[],0,0,[],[]
23986370,23986970,OCH,CXN,0.0,709,XIC,RC,2,NT,FI,0.0,0,-20.76,-12.54,[],0,0,[],[]
23986970,23989010,OCH,CXN,0.0,709,XIC,RC,2,NT,FH,0.0,0,-19.23,-10.93,[],0,0,[],[]
23989010,23989980,NA,OLN,0.0,709,XIC,NA,NA,NA,NA,0.0,0,-28.0,-18.26,[],0,0,[],[]
23989980,23991000,FEM,FAN,5.34,709,XIC,RC,2,NT,FI,0.0,0,-23.08,-16.46,[],0,0,[],[]
23991000,23992510,NA,OLN,0.0,709,XIC,NA,NA,NA,NA,0.0,0,-24.0,-12.94,[],0,0,[],[]
23992510,23994230,OCH,CXN,0.0,709,XIC,RC,2,NT,FI,0.0,0,-27.87,-19.79,[],0,0,[],[]
23994230,23995390,NA,NOF,0.0,709,XIC,NA,NA,NA,NA,0.0,0,-43.07,-35.67,[],0,0,[],[]
23995390,23996430,OCH,CXN,0.0,709,XIC,RC,2,NT,FH,0.0,0,-15.45,-8.6,[],0,0,[],[]
23996430,23998080,NA,OLN,0.0,709,XIC,NA,NA,NA,NA,0.0,0,-27.66,-16.36,[],0,0,[],[]
23998080,24000700,FEM,FAN,12.5,709,XIC,RC,2,NT,FI,0.0,0,-27.6,-16.05,[],0,0,[],[]
24000700,24002050,NA,OLN,0.0,709,XIC,NA,NA,NA,NA,0.0,0,-35.94,-27.57,[],0,0,[],[]
24002050,24003050,FEM,FAN,0.58,709,XIC,RC,2,NT,FH,0.0,0,-35.57,-27.52,[],0,0,[],[]
24003050,24004460,NA,NOF,0.0,709,XIC,NA,NA,NA,NA,0.0,0,-49.87,-37.91,[],0,0,[],[]
24004460,24006480,FEM,FAN,7.39,709,XIC,RC,2,NT,FH,0.0,0,-21.82,-5.17,[],0,0,[],[]
24006480,24008200,NA,FAF,0.0,709,XIC,NA,NA,NA,NA,0.0,0,-44.38,-30.02,[],0,0,[],[]
24008200,24009370,OCH,CXN,0.0,709,XIC,RC,2,NT,FI,0.0,0,-29.54,-21.84,[],0,0,[],[]
24009370,24010170,NA,NOF,0.0,709,XIC,NA,NA,NA,NA,0.0,0,-39.78,-25.77,[],0,0,[],[]
24010170,24011210,NA,MAF,0.0,709,XIC,NA,NA,NA,NA,0.0,0,-39.49,-26.38,[],0,0,[],[]
24011210,24012040,NA,CXF,0.0,709,XIC,NA,NA,NA,NA,0.0,0,-43.91,-35.47,[],0,0,[],[]
24012040,24013270,NA,NOF,0.0,709,XIC,NA,NA,NA,NA,0.0,0,-42.64,-32.43,[],0,0,[],[]
24013270,24014270,OCH,CXN,0.0,709,XIC,RC,2,NT,FH,0.0,0,-20.15,-10.04,[],0,0,[],[]
24014270,24015630,OCH,CXN,0.0,709,XIC,RC,2,NT,FH,0.0,0,-18.52,-11.52,[],0,0,[],[]
24015630,24016730,NA,OLF,0.0,709,XIC,NA,NA,NA,NA,0.0,0,-48.76,-40.86,[],0,0,[],[]
24016730,24017770,OCH,CXN,0.0,709,XIC,RC,2,NT,FH,0.0,0,-22.83,-14.29,[],0,0,[],[]
24017770,24018380,OCH,CXN,0.0,709,XIC,EC,2,NT,FH,0.0,0,-18.94,-13.71,[],0,0,[],[]
24018380,24019660,NA,NOF,0.0,710,pause,NA,NA,NA,NA,0.0,0,-28.64,-12.27,[],0,0,[],[]
24019660,24021290,NA,OLF,0.0,710,pause,NA,NA,NA,NA,0.0,0,-42.97,-33.31,[],0,0,[],[]
24021290,24022320,NA,FAF,0.0,710,pause,NA,NA,NA,NA,0.0,0,-41.81,-35.51,[],0,0,[],[]
24022320,24023460,NA,TVF,0.0,710,pause,NA,NA,NA,NA,0.0,0,-43.47,-35.74,[],0,0,[],[]
24023460,24025730,NA,MAF,0.0,710,pause,NA,NA,NA,NA,0.0,0,-41.05,-24.23,[],0,0,[],[]
24025730,24026530,OCH,CXN,0.0,710,XM,BC,0,NT,FI,0.0,0,-37.93,-27.79,[],0,0,[],[]
24026530,24028110,OCH,CXN,0.0,710,XM,EC,0,NT,FH,0.0,0,-25.6,-14.78,[],0,0,[],[]
24028110,24028910,NA,SIL,0.0,711,pause,NA,NA,NA,NA,0.0,0,-45.75,-33.38,[],0,0,[],[]
24028910,24029980,NA,NOF,0.0,711,pause,NA,NA,NA,NA,0.0,0,-42.82,-33.14,[],0,0,[],[]
24029980,24031060,NA,SIL,0.0,711,pause,NA,NA,NA,NA,0.0,0,-43.29,-31.47,[],0,0,[],[]
24031060,24031880,NA,NOF,0.0,711,pause,NA,NA,NA,NA,0.0,0,-46.5,-39.7,[],0,0,[],[]
24031880,24032930,NA,SIL,0.0,711,pause,NA,NA,NA,NA,0.0,0,-48.46,-38.63,[],0,0,[],[]
24032930,24034350,NA,NOF,0.0,711,pause,NA,NA,NA,NA,0.0,0,-42.21,-27.89,[],0,0,[],[]
24034350,24035180,NA,SIL,0.0,711,pause,NA,NA,NA,NA,0.0,0,-41.83,-33.2,[],0,0,[],[]
24035180,24036250,NA,MAF,0.0,711,pause,NA,NA,NA,NA,0.0,0,-39.43,-27.55,[],0,0,[],[]
24036250,24037200,NA,SIL,0.0,711,pause,NA,NA,NA,NA,0.0,0,-49.25,-39.69,[],0,0,[],[]
24037200,24038000,NA,CXF,0.0,711,pause,NA,NA,NA,NA,0.0,0,-48.58,-42.48,[],0,0,[],[]
24038000,24038970,NA,SIL,0.0,711,pause,NA,NA,NA,NA,0.0,0,-52.88,-44.75,[],0,0,[],[]
24038970,24040090,NA,NOF,0.0,711,pause,NA,NA,NA,NA,0.0,0,-44.1,-35.11,[],0,0,[],[]
24040090,24040890,NA,CXF,0.0,711,pause,NA,NA,NA,NA,0.0,0,-49.09,-42.01,[],0,0,[],[]
24040890,24042650,NA,TVF,0.0,711,pause,NA,NA,NA,NA,0.0,0,-52.31,-47.39,[],0,0,[],[]
24042650,24049920,NA,SIL,0.0,711,pause,NA,NA,NA,NA,0.0,0,-49.93,-34.1,[],0,0,[],[]
24049920,24051040,NA,TVF,0.0,711,pause,NA,NA,NA,NA,0.0,0,-51.04,-41.89,[],0,0,[],[]
24051040,24051930,NA,CXF,0.0,711,pause,NA,NA,NA,NA,0.0,0,-48.48,-42.0,[],0,0,[],[]
24051930,24052730,NA,SIL,0.0,711,pause,NA,NA,NA,NA,0.0,0,-51.75,-42.39,[],0,0,[],[]
24052730,24053530,NA,NOF,0.0,711,pause,NA,NA,NA,NA,0.0,0,-51.3,-45.58,[],0,0,[],[]
24053530,24057330,NA,SIL,0.0,711,pause,NA,NA,NA,NA,0.0,0,-49.65,-35.92,[],0,0,[],[]
24057330,24058130,NA,TVF,0.0,711,pause,NA,NA,NA,NA,0.0,0,-47.28,-41.09,[],0,0,[],[]
24058130,24059530,NA,OLF,0.0,711,pause,NA,NA,NA,NA,0.0,0,-49.04,-42.67,[],0,0,[],[]
24059530,24060950,NA,TVF,0.0,711,pause,NA,NA,NA,NA,0.0,0,-51.84,-44.97,[],0,0,[],[]
24060950,24061750,NA,SIL,0.0,711,pause,NA,NA,NA,NA,0.0,0,-53.85,-48.47,[],0,0,[],[]
24061750,24062750,NA,TVF,0.0,711,pause,NA,NA,NA,NA,0.0,0,-48.27,-41.96,[],0,0,[],[]
24062750,24063550,NA,SIL,0.0,711,pause,NA,NA,NA,NA,0.0,0,-56.48,-51.8,[],0,0,[],[]
24063550,24064550,NA,TVN,0.0,711,pause,NA,NA,NA,NA,0.0,0,-47.94,-42.41,[],0,0,[],[]
24064550,24065330,CHI,CHN,0.0,711,pause,NA,NA,NA,NA,0.0,0,-23.48,-15.77,[],0,360,"[{'start': 24064.97, 'end': 24065.33}]",[]
24065330,24066340,OCH,CXN,0.0,711,XIOCC,BC,0,NT,FI,0.0,0,-18.56,-11.92,[],0,0,[],[]
24066340,24067360,OCH,CXN,0.0,711,XIOCC,RC,0,NT,FH,0.0,0,-17.48,-11.79,[],0,0,[],[]
24067360,24068140,CHI,CHN,0.0,711,XIOCC,RC,0,NT,FI,1.0,780,-21.24,-17.08,"[{'Canonical-syllable': '0', 'Growl': '0', 'High-freq-energy': '0', 'Long-island': '1', 'Low-tilt-spectrum': '0', 'Medium-island': '0', 'Short-island': '0', 'Squeal': '0', 'Typical-entropy': '0', 'Voicing-quality': '1', 'Wide-band': '0', 'Xlong-island': '0', 'seq': '1', 'end': 24068.14, 'start': 24067.36}]",0,0,[],[]
24068140,24069210,NA,TVF,0.0,711,XIOCC,NA,NA,NA,NA,0.0,0,-41.88,-33.49,[],0,0,[],[]
24069210,24070030,OCH,CXN,0.0,711,XIOCC,EC,0,NT,FI,0.0,0,-42.83,-35.33,[],0,0,[],[]
24070030,24070870,NA,NOF,0.0,712,pause,NA,NA,NA,NA,0.0,0,-37.78,-28.44,[],0,0,[],[]
24070870,24071670,NA,CXF,0.0,712,pause,NA,NA,NA,NA,0.0,0,-48.79,-37.55,[],0,0,[],[]
24071670,24072500,NA,SIL,0.0,712,pause,NA,NA,NA,NA,0.0,0,-54.3,-46.6,[],0,0,[],[]
24072500,24073300,NA,OLF,0.0,712,pause,NA,NA,NA,NA,0.0,0,-44.21,-39.47,[],0,0,[],[]
24073300,24074100,NA,NOF,0.0,712,pause,NA,NA,NA,NA,0.0,0,-41.48,-36.98,[],0,0,[],[]
24074100,24075260,NA,OLF,0.0,712,pause,NA,NA,NA,NA,0.0,0,-29.57,-14.11,[],0,0,[],[]
24075260,24076140,NA,NOF,0.0,712,pause,NA,NA,NA,NA,0.0,0,-32.55,-21.05,[],0,0,[],[]
24076140,24078640,NA,OLN,0.0,712,pause,NA,NA,NA,NA,0.0,0,-32.81,-16.6,[],0,0,[],[]
24078640,24079670,NA,MAF,0.0,712,pause,NA,NA,NA,NA,0.0,0,-45.46,-37.97,[],0,0,[],[]
24079670,24080780,NA,OLF,0.0,712,pause,NA,NA,NA,NA,0.0,0,-32.21,-18.61,[],0,0,[],[]
24080780,24081380,CHI,CHN,0.0,712,CM,EC,0,NT,FI,1.0,480,-18.37,-12.31,"[{'Canonical-syllable': '0', 'Growl': '0', 'High-freq-energy': '0', 'Long-island': '0', 'Low-tilt-spectrum': '0', 'Medium-island': '1', 'Short-island': '0', 'Squeal': '0', 'Typical-entropy': '0', 'Voicing-quality': '1', 'Wide-band': '0', 'Xlong-island': '0', 'seq': '1', 'end': 24081.26, 'start': 24080.78}]",0,0,[],[]
24081380,24083280,NA,OLF,0.0,713,pause,NA,NA,NA,NA,0.0,0,-31.31,-10.71,[],0,0,[],[]
24083280,24084660,NA,NOF,0.0,713,pause,NA,NA,NA,NA,0.0,0,-35.11,-20.63,[],0,0,[],[]
24084660,24085650,NA,TVF,0.0,713,pause,NA,NA,NA,NA,0.0,0,-39.3,-33.44,[],0,0,[],[]
24085650,24087570,NA,TVF,0.0,713,pause,NA,NA,NA,NA,0.0,0,-44.58,-33.11,[],0,0,[],[]
24087570,24089050,NA,SIL,0.0,713,pause,NA,NA,NA,NA,0.0,0,-44.48,-34.33,[],0,0,[],[]
24089050,24090190,CHI,CHN,0.0,713,CM,BC,0,NT,FI,1.0,150,-23.75,-9.79,"[{'Canonical-syllable': '0', 'Growl': '1', 'High-freq-energy': '0', 'Long-island': '0', 'Low-tilt-spectrum': '0', 'Medium-island': '0', 'Short-island': '1', 'Squeal': '0', 'Typical-entropy': '1', 'Voicing-quality': '1', 'Wide-band': '0', 'Xlong-island': '0', 'seq': '1', 'end': 24089.77, 'start': 24089.62}]",0,0,[],[]
24090190,24091230,CHI,CHN,0.0,713,CM,RC,0,NT,FH,1.0,1040,-15.93,-11.63,"[{'Canonical-syllable': '0', 'Growl': '0', 'High-freq-energy': '0', 'Long-island': '1', 'Low-tilt-spectrum': '0', 'Medium-island': '0', 'Short-island': '0', 'Squeal': '0', 'Typical-entropy': '0', 'Voicing-quality': '2', 'Wide-band': '0', 'Xlong-island': '0', 'seq': '1', 'end': 24091.23, 'start': 24090.19}]",0,0,[],[]
24091230,24092510,CHI,CHN,0.0,713,CM,RC,0,NT,FH,1.0,1050,-15.77,-12.09,"[{'Canonical-syllable': '0', 'Growl': '0', 'High-freq-energy': '0', 'Long-island': '0', 'Low-tilt-spectrum': '0', 'Medium-island': '0', 'Short-island': '0', 'Squeal': '0', 'Typical-entropy': '0', 'Voicing-quality': '1', 'Wide-band': '0', 'Xlong-island': '1', 'seq': '1', 'end': 24092.28, 'start': 24091.23}]",0,0,[],[]
24092510,24093310,CHI,CHN,0.0,713,CM,RC,0,NT,FH,1.0,800,-15.7,-12.86,"[{'Canonical-syllable': '0', 'Growl': '0', 'High-freq-energy': '0', 'Long-island': '1', 'Low-tilt-spectrum': '0', 'Medium-island': '0', 'Short-island': '0', 'Squeal': '0', 'Typical-entropy': '0', 'Voicing-quality': '1', 'Wide-band': '0', 'Xlong-island': '0', 'seq': '1', 'end': 24093.31, 'start': 24092.51}]",0,0,[],[]
24093310,24094830,NA,TVF,0.0,713,CM,NA,NA,NA,NA,0.0,0,-40.34,-31.05,[],0,0,[],[]
24094830,24095430,CHI,CHN,0.0,713,CM,EC,0,NT,FH,1.0,520,-18.1,-8.71,"[{'Canonical-syllable': '0', 'Growl': '0', 'High-freq-energy': '0', 'Long-island': '0', 'Low-tilt-spectrum': '0', 'Medium-island': '1', 'Short-island': '0', 'Squeal': '0', 'Typical-entropy': '0', 'Voicing-quality': '1', 'Wide-band': '0', 'Xlong-island': '0', 'seq': '1', 'end': 24095.35, 'start': 24094.95}]",0,0,[],[]
24095430,24096450,NA,TVN,0.0,714,pause,NA,NA,NA,NA,0.0,0,-34.64,-24.42,[],0,0,[],[]
24096450,24097250,NA,NON,0.0,714,pause,NA,NA,NA,NA,0.0,0,-36.22,-29.84,[],0,0,[],[]
24097250,24102330,NA,TVN,0.0,714,pause,NA,NA,NA,NA,0.0,0,-39.23,-29.41,[],0,0,[],[]
24102330,24103870,NA,OLF,0.0,714,pause,NA,NA,NA,NA,0.0,0,-32.51,-20.18,[],0,0,[],[]
24103870,24105020,NA,TVF,0.0,714,pause,NA,NA,NA,NA,0.0,0,-42.7,-36.38,[],0,0,[],[]
24105020,24106260,CHI,CHN,0.0,714,CIC,BC,0,NT,FI,1.0,1240,-20.26,-14.81,"[{'Canonical-syllable': '1', 'Growl': '0', 'High-freq-energy': '0', 'Long-island': '1', 'Low-tilt-spectrum': '0', 'Medium-island': '1', 'Short-island': '0', 'Squeal': '0', 'Typical-entropy': '0', 'Voicing-quality': '2', 'Wide-band': '0', 'Xlong-island': '0', 'seq': '1', 'end': 24106.26, 'start': 24105.02}]",0,0,[],[]
24106260,24106920,CHI,CHN,0.0,714,CIC,RC,0,NT,FH,1.0,660,-26.27,-22.88,"[{'Canonical-syllable': '0', 'Growl': '0', 'High-freq-energy': '0', 'Long-island': '1', 'Low-tilt-spectrum': '0', 'Medium-island': '0', 'Short-island': '0', 'Squeal': '0', 'Typical-entropy': '0', 'Voicing-quality': '1', 'Wide-band': '0', 'Xlong-island': '0', 'seq': '1', 'end': 24106.92, 'start': 24106.26}]",0,0,[],[]
24106920,24107800,OCH,CXN,0.0,714,CIC,RC,0,NT,FI,0.0,0,-37.57,-29.8,[],0,0,[],[]
24107800,24108800,OCH,CXN,0.0,714,CIC,RC,0,NT,FH,0.0,0,-22.0,-14.96,[],0,0,[],[]
24108800,24109520,CHI,CHN,0.0,714,CIC,RC,0,TIFI,FI,1.0,720,-18.52,-10.55,"[{'Canonical-syllable': '0', 'Growl': '0', 'High-freq-energy': '0', 'Long-island': '0', 'Low-tilt-spectrum': '0', 'Medium-island': '1', 'Short-island': '1', 'Squeal': '0', 'Typical-entropy': '0', 'Voicing-quality': '2', 'Wide-band': '0', 'Xlong-island': '0', 'seq': '1', 'end': 24109.52, 'start': 24108.8}]",0,0,[],[]
24109520,24111140,FEM,FAN,10.35,714,CIC,RC,1,TIFR,FI,0.0,0,-27.56,-19.86,[],0,0,[],[]
24111140,24111740,CHI,CHN,0.0,714,CIC,RC,1,TIFE,FI,1.0,600,-20.54,-14.48,"[{'Canonical-syllable': '1', 'Growl': '0', 'High-freq-energy': '0', 'Long-island': '0', 'Low-tilt-spectrum': '0', 'Medium-island': '1', 'Short-island': '0', 'Squeal': '0', 'Typical-entropy': '1', 'Voicing-quality': '1', 'Wide-band': '0', 'Xlong-island': '0', 'seq': '1', 'end': 24111.74, 'start': 24111.34}]",0,0,[],[]
24111740,24112820,OCH,CXN,0.0,714,CIC,RC,1,NT,FI,0.0,0,-27.54,-15.46,[],0,0,[],[]
24112820,24114640,FEM,FAN,8.35,714,CIC,RC,1,NT,FI,0.0,0,-28.65,-19.0,[],0,0,[],[]
24114640,24115640,NA,TVF,0.0,714,CIC,NA,NA,NA,NA,0.0,0,-48.25,-40.15,[],0,0,[],[]
24115640,24117480,FEM,FAN,6.63,714,CIC,RC,1,NT,FH,0.0,0,-34.65,-26.43,[],0,0,[],[]
24117480,24119250,NA,SIL,0.0,714,CIC,NA,NA,NA,NA,0.0,0,-52.5,-41.32,[],0,0,[],[]
24119250,24120460,FEM,FAN,2.79,714,CIC,RC,1,NT,FH,0.0,0,-36.55,-27.2,[],0,0,[],[]
24120460,24121260,NA,OLF,0.0,714,CIC,NA,NA,NA,NA,0.0,0,-37.65,-29.04,[],0,0,[],[]
24121260,24122100,OCH,CXN,0.0,714,CIC,RC,1,NT,FI,0.0,0,-26.06,-17.58,[],0,0,[],[]
24122100,24122840,FEM,FAN,0.0,714,CIC,NA,NA,NA,NA,0.0,0,-33.21,-24.62,[],740,0,[],[]
24122840,24123680,CHI,CHN,0.0,714,CIC,RC,1,NT,FI,1.0,840,-32.39,-25.16,"[{'Canonical-syllable': '0', 'Growl': '0', 'High-freq-energy': '0', 'Long-island': '0', 'Low-tilt-spectrum': '1', 'Medium-island': '1', 'Short-island': '0', 'Squeal': '0', 'Typical-entropy': '1', 'Voicing-quality': '2', 'Wide-band': '0', 'Xlong-island': '0', 'seq': '1', 'end': 24123.68, 'start': 24123.14}]",0,0,[],[]
24123680,24126050,OCH,CXN,0.0,714,CIC,RC,1,NT,FI,0.0,0,-30.9,-20.1,[],0,0,[],[]
24126050,24126900,NA,SIL,0.0,714,CIC,NA,NA,NA,NA,0.0,0,-58.86,-53.48,[],0,0,[],[]
24126900,24127500,OCH,CXN,0.0,714,CIC,RC,1,NT,FH,0.0,0,-28.21,-17.97,[],0,0,[],[]
24127500,24129380,NA,NOF,0.0,714,CIC,NA,NA,NA,NA,0.0,0,-42.77,-23.57,[],0,0,[],[]
24129380,24130310,OCH,CXN,0.0,714,CIC,RC,1,NT,FH,0.0,0,-26.57,-17.73,[],0,0,[],[]
24130310,24131310,CHI,CHN,0.0,714,CIC,RC,1,NT,FI,1.0,1000,-21.47,-12.36,"[{'Canonical-syllable': '1', 'Growl': '2', 'High-freq-energy': '0', 'Long-island': '0', 'Low-tilt-spectrum': '0', 'Medium-island': '0', 'Short-island': '2', 'Squeal': '0', 'Typical-entropy': '0', 'Voicing-quality': '3', 'Wide-band': '0', 'Xlong-island': '0', 'seq': '1', 'end': 24131.31, 'start': 24130.31}]",0,0,[],[]
24131310,24132740,OCH,CXN,0.0,714,CIC,RC,1,NT,FI,0.0,0,-28.11,-20.39,[],0,0,[],[]
24132740,24133340,OCH,CXN,0.0,714,CIC,RC,1,NT,FH,0.0,0,-29.12,-23.24,[],0,0,[],[]
24133340,24134170,OCH,CXN,0.0,714,CIC,RC,1,NT,FH,0.0,0,-29.27,-21.31,[],0,0,[],[]
24134170,24134770,OCH,CXN,0.0,714,CIC,RC,1,NT,FH,0.0,0,-28.56,-19.62,[],0,0,[],[]
24134770,24136220,OCH,CXN,0.0,714,CIC,RC,1,NT,FH,0.0,0,-29.5,-22.8,[],0,0,[],[]
24136220,24137460,OCH,CXN,0.0,714,CIC,RC,1,NT,FH,0.0,0,-28.26,-19.53,[],0,0,[],[]
24137460,24138260,NA,SIL,0.0,714,CIC,NA,NA,NA,NA,0.0,0,-50.64,-42.39,[],0,0,[],[]
24138260,24139710,FEM,FAN,6.1,714,CIC,RC,1,NT,FI,0.0,0,-36.57,-26.36,[],0,0,[],[]
24139710,24140510,OCH,CXN,0.0,714,CIC,RC,1,NT,FI,0.0,0,-34.8,-28.43,[],0,0,[],[]
24140510,24141520,NA,FAF,0.0,714,CIC,NA,NA,NA,NA,0.0,0,-41.26,-34.76,[],0,0,[],[]
24141520,24142760,NA,NOF,0.0,714,CIC,NA,NA,NA,NA,0.0,0,-33.8,-15.21,[],0,0,[],[]
24142760,24143950,NA,SIL,0.0,714,CIC,NA,NA,NA,NA,0.0,0,-54.0,-40.75,[],0,0,[],[]
24143950,24144610,OCH,CXN,0.0,714,CIC,RC,1,NT,FH,0.0,0,-29.33,-22.59,[],0,0,[],[]
24144610,24145900,OCH,CXN,0.0,714,CIC,RC,1,NT,FH,0.0,0,-26.59,-21.42,[],0,0,[],[]
24145900,24146910,NA,NOF,0.0,714,CIC,NA,NA,NA,NA,0.0,0,-49.36,-39.93,[],0,0,[],[]
24146910,24147740,NA,SIL,0.0,714,CIC,NA,NA,NA,NA,0.0,0,-59.28,-54.71,[],0,0,[],[]
24147740,24149140,OCH,CXN,0.0,714,CIC,RC,1,NT,FH,0.0,0,-30.36,-24.28,[],0,0,[],[]
24149140,24150650,NA,SIL,0.0,714,CIC,NA,NA,NA,NA,0.0,0,-59.4,-54.5,[],0,0,[],[]
24150650,24152900,OCH,CXN,0.0,714,CIC,RC,1,NT,FH,0.0,0,-29.14,-21.32,[],0,0,[],[]
24152900,24155240,NA,SIL,0.0,714,CIC,NA,NA,NA,NA,0.0,0,-58.67,-41.76,[],0,0,[],[]
24155240,24156310,OCH,CXN,0.0,714,CIC,RC,1,NT,FH,0.0,0,-32.66,-24.51,[],0,0,[],[]
24156310,24158190,NA,SIL,0.0,714,CIC,NA,NA,NA,NA,0.0,0,-53.55,-40.63,[],0,0,[],[]
24158190,24159360,FEM,FAN,3.5,714,CIC,RC,1,NT,FI,0.0,0,-31.6,-20.39,[],0,0,[],[]
24159360,24159960,OCH,CXN,0.0,714,CIC,RC,1,NT,FI,0.0,0,-35.79,-28.67,[],0,0,[],[]
24159960,24162720,NA,SIL,0.0,714,CIC,NA,NA,NA,NA,0.0,0,-58.81,-51.08,[],0,0,[],[]
24162720,24164170,OCH,CXN,0.0,714,CIC,RC,1,NT,FH,0.0,0,-28.2,-21.39,[],0,0,[],[]
24164170,24165300,FEM,FAN,8.4,714,CIC,RC,1,NT,FI,0.0,0,-33.58,-24.22,[],0,0,[],[]
24165300,24169570,NA,SIL,0.0,714,CIC,NA,NA,NA,NA,0.0,0,-60.4,-49.66,[],0,0,[],[]
24169570,24170180,OCH,CXN,0.0,714,CIC,EC,1,NT,FI,0.0,0,-35.12,-29.84,[],0,0,[],[]
24170180,24171540,NA,NOF,0.0,715,pause,NA,NA,NA,NA,0.0,0,-44.86,-38.01,[],0,0,[],[]
24171540,24172340,NA,SIL,0.0,715,pause,NA,NA,NA,NA,0.0,0,-52.68,-41.62,[],0,0,[],[]
24172340,24173140,NA,MAF,0.0,715,pause,NA,NA,NA,NA,0.0,0,-48.15,-36.42,[],0,0,[],[]
24173140,24179150,NA,SIL,0.0,715,pause,NA,NA,NA,NA,0.0,0,-37.48,-14.29,[],0,0,[],[]
24179150,24179950,NA,NOF,0.0,715,pause,NA,NA,NA,NA,0.0,0,-39.74,-31.31,[],0,0,[],[]
24179950,24180780,NA,SIL,0.0,715,pause,NA,NA,NA,NA,0.0,0,-42.2,-35.68,[],0,0,[],[]
24180780,24181890,FEM,FAN,3.18,715,AMF,EC,0,NT,FI,0.0,0,-33.98,-23.41,[],0,0,[],[]
24181890,24188600,NA,SIL,0.0,716,pause,NA,NA,NA,NA,0.0,0,-60.29,-48.39,[],0,0,[],[]
24188600,24190280,CHI,CHN,0.0,716,CIC,BC,0,NT,FI,2.0,1330,-21.87,-11.43,"[{'Canonical-syllable': '2', 'Growl': '0', 'High-freq-energy': '0', 'Long-island': '0', 'Low-tilt-spectrum': '0', 'Medium-island': '1', 'Short-island': '2', 'Squeal': '0', 'Typical-entropy': '0', 'Voicing-quality': '3', 'Wide-band': '0', 'Xlong-island': '0', 'seq': '1', 'end': 24189.62, 'start': 24188.6}, {'Canonical-syllable': '0', 'Growl': '0', 'High-freq-energy': '0', 'Long-island': '0', 'Low-tilt-spectrum': '0', 'Medium-island': '1', 'Short-island': '0', 'Squeal': '0', 'Typical-entropy': '0', 'Voicing-quality': '1', 'Wide-band': '0', 'Xlong-island': '0', 'seq': '2', 'end': 24190.28, 'start': 24189.97}]",0,0,[],[]
24190280,24191380,NA,NOF,0.0,716,CIC,NA,NA,NA,NA,0.0,0,-50.06,-44.13,[],0,0,[],[]
24191380,24192440,NA,SIL,0.0,716,CIC,NA,NA,NA,NA,0.0,0,-51.77,-41.86,[],0,0,[],[]
24192440,24193040,OCH,CXN,0.0,716,CIC,RC,0,NT,FI,0.0,0,-20.3,-12.65,[],0,0,[],[]
24193040,24195070,NA,SIL,0.0,716,CIC,NA,NA,NA,NA,0.0,0,-58.09,-50.87,[],0,0,[],[]
24195070,24196040,NA,NOF,0.0,716,CIC,NA,NA,NA,NA,0.0,0,-25.75,-9.47,[],0,0,[],[]
24196040,24197240,NA,SIL,0.0,716,CIC,NA,NA,NA,NA,0.0,0,-37.88,-23.04,[],0,0,[],[]
24197240,24198240,OCH,CXN,0.0,716,CIC,RC,0,NT,FH,0.0,0,-18.66,-7.86,[],0,0,[],[]
24198240,24199330,NA,SIL,0.0,716,CIC,NA,NA,NA,NA,0.0,0,-53.46,-49.58,[],0,0,[],[]
24199330,24200030,CHI,CHN,0.0,716,CIC,RC,0,TIFI,FI,1.0,700,-15.68,-10.82,"[{'Canonical-syllable': '1', 'Growl': '0', 'High-freq-energy': '0', 'Long-island': '0', 'Low-tilt-spectrum': '0', 'Medium-island': '1', 'Short-island': '1', 'Squeal': '0', 'Typical-entropy': '1', 'Voicing-quality': '2', 'Wide-band': '0', 'Xlong-island': '0', 'seq': '1', 'end': 24200.03, 'start': 24199.44}]",0,0,[],[]
24200030,24202230,FEM,FAN,6.43,716,CIC,RC,1,TIFR,FI,0.0,0,-21.2,-12.01,[],0,0,[],[]
24202230,24203260,NA,TVF,0.0,716,CIC,NA,NA,NA,NA,0.0,0,-48.35,-39.72,[],0,0,[],[]
24203260,24204210,OCH,CXN,0.0,716,CIC,RC,1,NT,FI,0.0,0,-42.6,-33.41,[],0,0,[],[]
24204210,24205210,NA,TVF,0.0,716,CIC,NA,NA,NA,NA,0.0,0,-52.97,-49.14,[],0,0,[],[]
24205210,24205810,CHI,CHN,0.0,716,CIC,RC,1,NT,FI,1.0,180,-26.82,-16.86,"[{'Canonical-syllable': '0', 'Growl': '1', 'High-freq-energy': '0', 'Long-island': '0', 'Low-tilt-spectrum': '0', 'Medium-island': '0', 'Short-island': '1', 'Squeal': '0', 'Typical-entropy': '0', 'Voicing-quality': '1', 'Wide-band': '0', 'Xlong-island': '0', 'seq': '1', 'end': 24205.39, 'start': 24205.21}]",0,0,[],[]
24205810,24208020,NA,NOF,0.0,716,CIC,NA,NA,NA,NA,0.0,0,-32.86,-19.35,[],0,0,[],[]
24208020,24208730,CHI,CHN,0.0,716,CIC,RC,1,NT,FH,1.0,470,-23.49,-17.86,"[{'Canonical-syllable': '1', 'Growl': '0', 'High-freq-energy': '0', 'Long-island': '0', 'Low-tilt-spectrum': '0', 'Medium-island': '1', 'Short-island': '0', 'Squeal': '0', 'Typical-entropy': '0', 'Voicing-quality': '1', 'Wide-band': '0', 'Xlong-island': '0', 'seq': '1', 'end': 24208.49, 'start': 24208.02}]",0,0,[],[]
24208730,24209670,NA,OLF,0.0,716,CIC,NA,NA,NA,NA,0.0,0,-43.07,-35.11,[],0,0,[],[]
24209670,24210520,NA,SIL,0.0,716,CIC,NA,NA,NA,NA,0.0,0,-51.86,-48.45,[],0,0,[],[]
24210520,24211390,NA,NOF,0.0,716,CIC,NA,NA,NA,NA,0.0,0,-30.92,-16.48,[],0,0,[],[]
24211390,24212190,OCH,CXN,0.0,716,CIC,RC,1,NT,FI,0.0,0,-25.84,-14.85,[],0,0,[],[]
24212190,24214970,NA,NOF,0.0,716,CIC,NA,NA,NA,NA,0.0,0,-39.89,-28.13,[],0,0,[],[]
24214970,24215620,CHI,CHN,0.0,716,CIC,RC,1,TIFI,FI,1.0,650,-24.81,-21.22,"[{'Canonical-syllable': '1', 'Growl': '0', 'High-freq-energy': '0', 'Long-island': '0', 'Low-tilt-spectrum': '0', 'Medium-island': '1', 'Short-island': '0', 'Squeal': '0', 'Typical-entropy': '0', 'Voicing-quality': '1', 'Wide-band': '0', 'Xlong-island': '0', 'seq': '1', 'end': 24215.62, 'start': 24214.97}]",0,0,[],[]
24215620,24216720,NA,OLF,0.0,716,CIC,NA,NA,NA,NA,0.0,0,-36.43,-26.96,[],0,0,[],[]
24216720,24217540,FEM,FAN,0.72,716,CIC,EC,2,TIFR,FI,0.0,0,-36.35,-27.32,[],0,0,[],[]
24217540,24219400,NA,NOF,0.0,717,pause,NA,NA,NA,NA,0.0,0,-45.72,-33.47,[],0,0,[],[]
24219400,24222300,NA,SIL,0.0,717,pause,NA,NA,NA,NA,0.0,0,-54.65,-42.51,[],0,0,[],[]
24222300,24224540,NA,NOF,0.0,717,pause,NA,NA,NA,NA,0.0,0,-47.88,-32.53,[],0,0,[],[]
24224540,24225980,OCH,CXN,0.0,717,XIOCC,BC,0,NT,FI,0.0,0,-29.92,-21.87,[],0,0,[],[]
24225980,24227210,NA,NOF,0.0,717,XIOCC,NA,NA,NA,NA,0.0,0,-43.15,-31.04,[],0,0,[],[]
24227210,24228010,NA,OLN,0.0,717,XIOCC,NA,NA,NA,NA,0.0,0,-27.72,-21.15,[],0,0,[],[]
24228010,24228650,CHI,CHN,0.0,717,XIOCC,EC,0,NT,FI,1.0,640,-30.67,-25.02,"[{'Canonical-syllable': '0', 'Growl': '2', 'High-freq-energy': '0', 'Long-island': '0', 'Low-tilt-spectrum': '2', 'Medium-island': '1', 'Short-island': '0', 'Squeal': '0', 'Typical-entropy': '2', 'Voicing-quality': '2', 'Wide-band': '0', 'Xlong-island': '0', 'seq': '1', 'end': 24228.65, 'start': 24228.01}]",0,0,[],[]
24228650,24234180,NA,NOF,0.0,718,pause,NA,NA,NA,NA,0.0,0,-40.59,-25.2,[],0,0,[],[]
24234180,24234980,OCH,CXN,0.0,718,XM,EC,0,NT,FI,0.0,0,-19.31,-11.94,[],0,0,[],[]
24234980,24236070,NA,OLN,0.0,719,pause,NA,NA,NA,NA,0.0,0,-27.02,-16.69,[],0,0,[],[]
24236070,24237870,NA,NOF,0.0,719,pause,NA,NA,NA,NA,0.0,0,-25.01,-6.42,[],0,0,[],[]
24237870,24239350,NA,SIL,0.0,719,pause,NA,NA,NA,NA,0.0,0,-29.41,-9.11,[],0,0,[],[]
24239350,24240170,NA,NOF,0.0,719,pause,NA,NA,NA,NA,0.0,0,-29.68,-11.24,[],0,0,[],[]
24240170,24241680,NA,SIL,0.0,719,pause,NA,NA,NA,NA,0.0,0,-40.93,-26.23,[],0,0,[],[]
24241680,24242930,NA,MAF,0.0,719,pause,NA,NA,NA,NA,0.0,0,-31.24,-16.39,[],0,0,[],[]
24242930,24243770,NA,OLF,0.0,719,pause,NA,NA,NA,NA,0.0,0,-31.13,-12.56,[],0,0,[],[]
24243770,24244770,NA,TVF,0.0,719,pause,NA,NA,NA,NA,0.0,0,-42.0,-33.79,[],0,0,[],[]
24244770,24245770,NA,MAF,0.0,719,pause,NA,NA,NA,NA,0.0,0,-34.29,-16.58,[],0,0,[],[]
24245770,24246680,NA,OLF,0.0,719,pause,NA,NA,NA,NA,0.0,0,-37.5,-20.05,[],0,0,[],[]
24246680,24247480,NA,SIL,0.0,719,pause,NA,NA,NA,NA,0.0,0,-35.95,-18.04,[],0,0,[],[]
24247480,24248280,NA,NOF,0.0,719,pause,NA,NA,NA,NA,0.0,0,-29.86,-11.72,[],0,0,[],[]
24248280,24249120,NA,OLF,0.0,719,pause,NA,NA,NA,NA,0.0,0,-35.68,-28.62,[],0,0,[],[]
24249120,24250040,NA,NOF,0.0,719,pause,NA,NA,NA,NA,0.0,0,-37.24,-26.3,[],0,0,[],[]
24250040,24251380,NA,MAF,0.0,719,pause,NA,NA,NA,NA,0.0,0,-33.96,-16.07,[],0,0,[],[]
24251380,24252690,NA,TVF,0.0,719,pause,NA,NA,NA,NA,0.0,0,-33.06,-14.6,[],0,0,[],[]
24252690,24253690,NA,MAF,0.0,719,pause,NA,NA,NA,NA,0.0,0,-37.42,-19.45,[],0,0,[],[]
24253690,24256150,NA,TVF,0.0,719,pause,NA,NA,NA,NA,0.0,0,-41.71,-20.41,[],0,0,[],[]
24256150,24257020,NA,SIL,0.0,719,pause,NA,NA,NA,NA,0.0,0,-35.33,-23.07,[],0,0,[],[]
24257020,24258840,NA,TVF,0.0,719,pause,NA,NA,NA,NA,0.0,0,-47.91,-38.43,[],0,0,[],[]
24258840,24261200,NA,SIL,0.0,719,pause,NA,NA,NA,NA,0.0,0,-47.96,-39.71,[],0,0,[],[]
24261200,24262620,NA,TVN,0.0,719,pause,NA,NA,NA,NA,0.0,0,-51.03,-42.8,[],0,0,[],[]
24262620,24263850,NA,NOF,0.0,719,pause,NA,NA,NA,NA,0.0,0,-43.61,-32.59,[],0,0,[],[]
24263850,24264670,NA,OLN,0.0,719,pause,NA,NA,NA,NA,0.0,0,-25.47,-16.89,[],0,0,[],[]
24264670,24265560,NA,NOF,0.0,719,pause,NA,NA,NA,NA,0.0,0,-22.4,-6.87,[],0,0,[],[]
24265560,24266380,NA,OLF,0.0,719,pause,NA,NA,NA,NA,0.0,0,-30.08,-17.86,[],0,0,[],[]
24266380,24267370,NA,NOF,0.0,719,pause,NA,NA,NA,NA,0.0,0,-35.71,-24.2,[],0,0,[],[]
24267370,24268190,NA,OLF,0.0,719,pause,NA,NA,NA,NA,0.0,0,-41.42,-30.68,[],0,0,[],[]
24268190,24269010,NA,NOF,0.0,719,pause,NA,NA,NA,NA,0.0,0,-38.52,-24.05,[],0,0,[],[]
24269010,24270170,NA,OLN,0.0,719,pause,NA,NA,NA,NA,0.0,0,-27.04,-14.88,[],0,0,[],[]
24270170,24271920,NA,NOF,0.0,719,pause,NA,NA,NA,NA,0.0,0,-37.85,-22.5,[],0,0,[],[]
24271920,24273220,NA,OLF,0.0,719,pause,NA,NA,NA,NA,0.0,0,-33.17,-17.47,[],0,0,[],[]
24273220,24275780,NA,NOF,0.0,719,pause,NA,NA,NA,NA,0.0,0,-41.76,-28.41,[],0,0,[],[]
24275780,24276740,NA,OLF,0.0,719,pause,NA,NA,NA,NA,0.0,0,-35.75,-23.09,[],0,0,[],[]
24276740,24278870,NA,NOF,0.0,719,pause,NA,NA,NA,NA,0.0,0,-36.27,-24.72,[],0,0,[],[]
24278870,24281420,NA,OLN,0.0,719,pause,NA,NA,NA,NA,0.0,0,-22.72,-9.66,[],0,0,[],[]
24281420,24282220,NA,NOF,0.0,719,pause,NA,NA,NA,NA,0.0,0,-38.39,-29.22,[],0,0,[],[]
24282220,24283100,NA,OLF,0.0,719,pause,NA,NA,NA,NA,0.0,0,-25.78,-12.18,[],0,0,[],[]
24283100,24287650,NA,NOF,0.0,719,pause,NA,NA,NA,NA,0.0,0,-41.09,-25.65,[],0,0,[],[]
24287650,24288450,NA,OLF,0.0,719,pause,NA,NA,NA,NA,0.0,0,-38.43,-24.99,[],0,0,[],[]
24288450,24290530,NA,NOF,0.0,719,pause,NA,NA,NA,NA,0.0,0,-36.52,-19.79,[],0,0,[],[]
24290530,24291490,NA,SIL,0.0,719,pause,NA,NA,NA,NA,0.0,0,-44.12,-30.39,[],0,0,[],[]
24291490,24294650,NA,FAF,0.0,719,pause,NA,NA,NA,NA,0.0,0,-44.48,-35.53,[],0,0,[],[]
24294650,24295880,NA,NOF,0.0,719,pause,NA,NA,NA,NA,0.0,0,-40.06,-28.76,[],0,0,[],[]
24295880,24296680,NA,OLF,0.0,719,pause,NA,NA,NA,NA,0.0,0,-22.5,-9.63,[],0,0,[],[]
24296680,24298900,NA,NOF,0.0,719,pause,NA,NA,NA,NA,0.0,0,-26.66,-7.94,[],0,0,[],[]
24298900,24299900,NA,MAF,0.0,719,pause,NA,NA,NA,NA,0.0,0,-46.86,-36.73,[],0,0,[],[]
24299900,24300700,NA,SIL,0.0,719,pause,NA,NA,NA,NA,0.0,0,-51.02,-47.52,[],0,0,[],[]
24300700,24301700,NA,MAF,0.0,719,pause,NA,NA,NA,NA,0.0,0,-40.96,-29.7,[],0,0,[],[]
24301700,24303550,NA,SIL,0.0,719,pause,NA,NA,NA,NA,0.0,0,-45.5,-33.53,[],0,0,[],[]
24303550,24304570,NA,TVF,0.0,719,pause,NA,NA,NA,NA,0.0,0,-46.88,-34.93,[],0,0,[],[]
24304570,24305540,NA,FAF,0.0,719,pause,NA,NA,NA,NA,0.0,0,-45.26,-28.84,[],0,0,[],[]
24305540,24307290,NA,SIL,0.0,719,pause,NA,NA,NA,NA,0.0,0,-48.08,-39.88,[],0,0,[],[]
24307290,24308700,NA,MAF,0.0,719,pause,NA,NA,NA,NA,0.0,0,-47.08,-36.27,[],0,0,[],[]
24308700,24310770,NA,NOF,0.0,719,pause,NA,NA,NA,NA,0.0,0,-47.67,-38.55,[],0,0,[],[]
24310770,24311570,NA,FAF,0.0,719,pause,NA,NA,NA,NA,0.0,0,-44.01,-37.99,[],0,0,[],[]
24311570,24320040,NA,NOF,0.0,719,pause,NA,NA,NA,NA,0.0,0,-24.49,-2.92,[],0,0,[],[]
24320040,24320890,NA,OLF,0.0,719,pause,NA,NA,NA,NA,0.0,0,-18.8,-7.52,[],0,0,[],[]
24320890,24322010,NA,NOF,0.0,719,pause,NA,NA,NA,NA,0.0,0,-35.9,-27.73,[],0,0,[],[]
24322010,24322960,NA,OLF,0.0,719,pause,NA,NA,NA,NA,0.0,0,-37.05,-24.51,[],0,0,[],[]
24322960,24324230,NA,NOF,0.0,719,pause,NA,NA,NA,NA,0.0,0,-25.64,-8.59,[],0,0,[],[]
24324230,24325030,NA,OLF,0.0,719,pause,NA,NA,NA,NA,0.0,0,-23.2,-10.79,[],0,0,[],[]
24325030,24327870,NA,NOF,0.0,719,pause,NA,NA,NA,NA,0.0,0,-29.9,-6.94,[],0,0,[],[]
24327870,24328670,NA,OLF,0.0,719,pause,NA,NA,NA,NA,0.0,0,-41.14,-29.5,[],0,0,[],[]
24328670,24336790,NA,NOF,0.0,719,pause,NA,NA,NA,NA,0.0,0,-49.26,-39.28,[],0,0,[],[]
24336790,24338270,NA,OLF,0.0,719,pause,NA,NA,NA,NA,0.0,0,-32.39,-19.17,[],0,0,[],[]
24338270,24346890,NA,NOF,0.0,719,pause,NA,NA,NA,NA,0.0,0,-33.91,-9.17,[],0,0,[],[]
24346890,24347730,NA,OLF,0.0,719,pause,NA,NA,NA,NA,0.0,0,-30.82,-20.01,[],0,0,[],[]
24347730,24350400,NA,NOF,0.0,719,pause,NA,NA,NA,NA,0.0,0,-28.76,-10.15,[],0,0,[],[]
24350400,24352150,NA,SIL,0.0,719,pause,NA,NA,NA,NA,0.0,0,-50.27,-43.29,[],0,0,[],[]
24352150,24352950,NA,NOF,0.0,719,pause,NA,NA,NA,NA,0.0,0,-47.1,-36.89,[],0,0,[],[]
24352950,24359730,NA,SIL,0.0,719,pause,NA,NA,NA,NA,0.0,0,-50.67,-43.18,[],0,0,[],[]
24359730,24360530,NA,NOF,0.0,719,pause,NA,NA,NA,NA,0.0,0,-43.39,-32.73,[],0,0,[],[]
24360530,24367030,NA,SIL,0.0,719,pause,NA,NA,NA,NA,0.0,0,-52.92,-41.23,[],0,0,[],[]
24367030,24370920,NA,NOF,0.0,719,pause,NA,NA,NA,NA,0.0,0,-40.15,-22.91,[],0,0,[],[]
24370920,24371720,NA,SIL,0.0,719,pause,NA,NA,NA,NA,0.0,0,-54.11,-49.6,[],0,0,[],[]
24371720,24373680,NA,TVF,0.0,719,pause,NA,NA,NA,NA,0.0,0,-50.39,-42.21,[],0,0,[],[]
24373680,24379850,NA,NOF,0.0,719,pause,NA,NA,NA,NA,0.0,0,-30.22,-8.06,[],0,0,[],[]
24379850,24383500,NA,SIL,0.0,719,pause,NA,NA,NA,NA,0.0,0,-51.61,-40.96,[],0,0,[],[]
24383500,24384660,NA,MAF,0.0,719,pause,NA,NA,NA,NA,0.0,0,-47.41,-36.89,[],0,0,[],[]
24384660,24386770,NA,SIL,0.0,719,pause,NA,NA,NA,NA,0.0,0,-52.96,-46.39,[],0,0,[],[]
24386770,24388240,NA,TVF,0.0,719,pause,NA,NA,NA,NA,0.0,0,-47.24,-40.27,[],0,0,[],[]
24388240,24390100,NA,SIL,0.0,719,pause,NA,NA,NA,NA,0.0,0,-51.98,-37.1,[],0,0,[],[]
24390100,24393890,NA,TVF,0.0,719,pause,NA,NA,NA,NA,0.0,0,-49.26,-39.47,[],0,0,[],[]
24393890,24395950,NA,SIL,0.0,719,pause,NA,NA,NA,NA,0.0,0,-52.72,-45.47,[],0,0,[],[]
24395950,24399360,NA,TVF,0.0,719,pause,NA,NA,NA,NA,0.0,0,-49.76,-41.36,[],0,0,[],[]
24399360,24408390,NA,NOF,0.0,719,pause,NA,NA,NA,NA,0.0,0,-43.22,-18.71,[],0,0,[],[]
24408390,24409390,NA,FAF,0.0,719,pause,NA,NA,NA,NA,0.0,0,-50.35,-45.98,[],0,0,[],[]
24409390,24410710,NA,NOF,0.0,719,pause,NA,NA,NA,NA,0.0,0,-52.51,-47.2,[],0,0,[],[]
24410710,24413960,NA,MAF,0.0,719,pause,NA,NA,NA,NA,0.0,0,-47.71,-38.52,[],0,0,[],[]
24413960,24414960,NA,TVF,0.0,719,pause,NA,NA,NA,NA,0.0,0,-50.28,-46.71,[],0,0,[],[]
24414960,24416010,NA,MAF,0.0,719,pause,NA,NA,NA,NA,0.0,0,-51.47,-47.81,[],0,0,[],[]
24416010,24418600,NA,TVF,0.0,719,pause,NA,NA,NA,NA,0.0,0,-47.91,-36.32,[],0,0,[],[]
24418600,24419400,NA,FAF,0.0,719,pause,NA,NA,NA,NA,0.0,0,-48.58,-40.84,[],0,0,[],[]
24419400,24420470,NA,MAF,0.0,719,pause,NA,NA,NA,NA,0.0,0,-43.59,-34.84,[],0,0,[],[]
24420470,24421500,NA,TVF,0.0,719,pause,NA,NA,NA,NA,0.0,0,-46.87,-42.88,[],0,0,[],[]
24421500,24424300,NA,NOF,0.0,719,pause,NA,NA,NA,NA,0.0,0,-46.9,-36.12,[],0,0,[],[]
24424300,24425380,NA,MAF,0.0,719,pause,NA,NA,NA,NA,0.0,0,-43.09,-31.92,[],0,0,[],[]
24425380,24434390,NA,NOF,0.0,719,pause,NA,NA,NA,NA,0.0,0,-43.85,-24.83,[],0,0,[],[]
24434390,24435390,NA,OLF,0.0,719,pause,NA,NA,NA,NA,0.0,0,-44.24,-36.53,[],0,0,[],[]
24435390,24436190,NA,SIL,0.0,719,pause,NA,NA,NA,NA,0.0,0,-51.6,-46.2,[],0,0,[],[]
24436190,24437940,NA,TVF,0.0,719,pause,NA,NA,NA,NA,0.0,0,-52.71,-48.69,[],0,0,[],[]
24437940,24438740,NA,SIL,0.0,719,pause,NA,NA,NA,NA,0.0,0,-53.48,-48.8,[],0,0,[],[]
24438740,24443990,NA,TVF,0.0,719,pause,NA,NA,NA,NA,0.0,0,-49.56,-39.39,[],0,0,[],[]
24443990,24447620,NA,SIL,0.0,719,pause,NA,NA,NA,NA,0.0,0,-50.49,-38.85,[],0,0,[],[]
24447620,24449230,NA,TVF,0.0,719,pause,NA,NA,NA,NA,0.0,0,-48.89,-42.82,[],0,0,[],[]
24449230,24450230,NA,FAF,0.0,719,pause,NA,NA,NA,NA,0.0,0,-44.6,-38.52,[],0,0,[],[]
24450230,24452230,NA,TVF,0.0,719,pause,NA,NA,NA,NA,0.0,0,-46.71,-35.87,[],0,0,[],[]
24452230,24453200,NA,SIL,0.0,719,pause,NA,NA,NA,NA,0.0,0,-47.6,-41.73,[],0,0,[],[]
24453200,24454250,NA,TVF,0.0,719,pause,NA,NA,NA,NA,0.0,0,-45.77,-39.77,[],0,0,[],[]
24454250,24455050,NA,OLF,0.0,719,pause,NA,NA,NA,NA,0.0,0,-41.56,-36.09,[],0,0,[],[]
24455050,24457590,NA,SIL,0.0,719,pause,NA,NA,NA,NA,0.0,0,-49.68,-39.69,[],0,0,[],[]
24457590,24458650,NA,MAF,0.0,719,pause,NA,NA,NA,NA,0.0,0,-49.43,-44.34,[],0,0,[],[]
24458650,24459470,NA,CXF,0.0,719,pause,NA,NA,NA,NA,0.0,0,-44.32,-37.78,[],0,0,[],[]
24459470,24461080,NA,SIL,0.0,719,pause,NA,NA,NA,NA,0.0,0,-48.58,-40.82,[],0,0,[],[]
24461080,24462160,NA,TVF,0.0,719,pause,NA,NA,NA,NA,0.0,0,-41.7,-35.77,[],0,0,[],[]
24462160,24462960,NA,SIL,0.0,719,pause,NA,NA,NA,NA,0.0,0,-45.49,-33.91,[],0,0,[],[]
24462960,24464870,NA,TVF,0.0,719,pause,NA,NA,NA,NA,0.0,0,-52.88,-44.21,[],0,0,[],[]
24464870,24466730,NA,SIL,0.0,719,pause,NA,NA,NA,NA,0.0,0,-54.72,-48.81,[],0,0,[],[]
24466730,24467790,NA,TVN,0.0,719,pause,NA,NA,NA,NA,0.0,0,-47.46,-39.94,[],0,0,[],[]
24467790,24468590,NA,SIL,0.0,719,pause,NA,NA,NA,NA,0.0,0,-51.8,-35.82,[],0,0,[],[]
24468590,24473460,NA,NOF,0.0,719,pause,NA,NA,NA,NA,0.0,0,-39.46,-21.28,[],0,0,[],[]
24473460,24474480,NA,OLF,0.0,719,pause,NA,NA,NA,NA,0.0,0,-36.21,-26.37,[],0,0,[],[]
24474480,24476070,NA,FAF,0.0,719,pause,NA,NA,NA,NA,0.0,0,-43.61,-37.18,[],0,0,[],[]
24476070,24476940,NA,SIL,0.0,719,pause,NA,NA,NA,NA,0.0,0,-51.69,-45.26,[],0,0,[],[]
24476940,24479530,NA,MAF,0.0,719,pause,NA,NA,NA,NA,0.0,0,-50.64,-42.17,[],0,0,[],[]
24479530,24485540,NA,NOF,0.0,719,pause,NA,NA,NA,NA,0.0,0,-46.56,-30.3,[],0,0,[],[]
24485540,24486590,NA,TVF,0.0,719,pause,NA,NA,NA,NA,0.0,0,-48.74,-41.59,[],0,0,[],[]
24486590,24487830,NA,FAF,0.0,719,pause,NA,NA,NA,NA,0.0,0,-41.7,-33.69,[],0,0,[],[]
24487830,24489010,NA,CXF,0.0,719,pause,NA,NA,NA,NA,0.0,0,-39.35,-33.38,[],0,0,[],[]
24489010,24490010,NA,FAF,0.0,719,pause,NA,NA,NA,NA,0.0,0,-39.56,-31.95,[],0,0,[],[]
24490010,24490810,NA,SIL,0.0,719,pause,NA,NA,NA,NA,0.0,0,-48.13,-42.96,[],0,0,[],[]
24490810,24493330,NA,TVF,0.0,719,pause,NA,NA,NA,NA,0.0,0,-48.33,-43.04,[],0,0,[],[]
24493330,24494310,NA,NOF,0.0,719,pause,NA,NA,NA,NA,0.0,0,-43.72,-36.39,[],0,0,[],[]
24494310,24498310,NA,OLN,0.0,719,pause,NA,NA,NA,NA,0.0,0,-37.47,-23.83,[],0,0,[],[]
24498310,24500410,NA,TVN,0.0,719,pause,NA,NA,NA,NA,0.0,0,-38.66,-31.12,[],0,0,[],[]
24500410,24501210,NA,NOF,0.0,719,pause,NA,NA,NA,NA,0.0,0,-39.7,-29.16,[],0,0,[],[]
24501210,24502230,NA,TVN,0.0,719,pause,NA,NA,NA,NA,0.0,0,-41.56,-38.81,[],0,0,[],[]
24502230,24503980,NA,OLN,0.0,719,pause,NA,NA,NA,NA,0.0,0,-38.13,-32.74,[],0,0,[],[]
24503980,24506130,NA,NOF,0.0,719,pause,NA,NA,NA,NA,0.0,0,-44.01,-38.93,[],0,0,[],[]
24506130,24507100,NA,OLF,0.0,719,pause,NA,NA,NA,NA,0.0,0,-41.91,-35.55,[],0,0,[],[]
24507100,24508170,NA,NOF,0.0,719,pause,NA,NA,NA,NA,0.0,0,-44.46,-40.72,[],0,0,[],[]
24508170,24509230,NA,OLF,0.0,719,pause,NA,NA,NA,NA,0.0,0,-39.5,-35.15,[],0,0,[],[]
24509230,24510820,NA,NOF,0.0,719,pause,NA,NA,NA,NA,0.0,0,-42.02,-36.3,[],0,0,[],[]
24510820,24511980,NA,OLN,0.0,719,pause,NA,NA,NA,NA,0.0,0,-36.93,-30.07,[],0,0,[],[]
24511980,24512840,NA,NOF,0.0,719,pause,NA,NA,NA,NA,0.0,0,-43.69,-39.33,[],0,0,[],[]
24512840,24514320,NA,OLF,0.0,719,pause,NA,NA,NA,NA,0.0,0,-36.37,-24.75,[],0,0,[],[]
24514320,24515640,NA,NOF,0.0,719,pause,NA,NA,NA,NA,0.0,0,-24.84,-7.89,[],0,0,[],[]
24515640,24516650,CHI,CHN,0.0,719,CM,EC,0,NT,FI,1.0,1010,-17.97,-10.44,"[{'Canonical-syllable': '0', 'Growl': '0', 'High-freq-energy': '0', 'Long-island': '0', 'Low-tilt-spectrum': '0', 'Medium-island': '0', 'Short-island': '0', 'Squeal': '0', 'Typical-entropy': '1', 'Voicing-quality': '1', 'Wide-band': '0', 'Xlong-island': '1', 'seq': '1', 'end': 24516.65, 'start': 24515.64}]",0,0,[],[]
24516650,24520360,NA,NOF,0.0,720,pause,NA,NA,NA,NA,0.0,0,-27.42,-6.78,[],0,0,[],[]
24520360,24521160,NA,SIL,0.0,720,pause,NA,NA,NA,NA,0.0,0,-40.45,-26.62,[],0,0,[],[]
24521160,24522480,NA,NOF,0.0,720,pause,NA,NA,NA,NA,0.0,0,-26.58,-11.96,[],0,0,[],[]
24522480,24523560,NA,SIL,0.0,720,pause,NA,NA,NA,NA,0.0,0,-46.93,-33.72,[],0,0,[],[]
24523560,24525290,NA,OLF,0.0,720,pause,NA,NA,NA,NA,0.0,0,-24.67,-6.53,[],0,0,[],[]
24525290,24526770,NA,NOF,0.0,720,pause,NA,NA,NA,NA,0.0,0,-40.04,-29.68,[],0,0,[],[]
24526770,24527770,NA,TVN,0.0,720,pause,NA,NA,NA,NA,0.0,0,-47.32,-34.04,[],0,0,[],[]
24527770,24534060,NA,TVF,0.0,720,pause,NA,NA,NA,NA,0.0,0,-45.77,-34.83,[],0,0,[],[]
24534060,24534870,NA,SIL,0.0,720,pause,NA,NA,NA,NA,0.0,0,-37.94,-22.1,[],0,0,[],[]
24534870,24537180,NA,NOF,0.0,720,pause,NA,NA,NA,NA,0.0,0,-37.66,-25.84,[],0,0,[],[]
24537180,24538340,NA,OLN,0.0,720,pause,NA,NA,NA,NA,0.0,0,-30.36,-17.1,[],0,0,[],[]
24538340,24541280,NA,NOF,0.0,720,pause,NA,NA,NA,NA,0.0,0,-29.2,-10.28,[],0,0,[],[]
24541280,24543650,NA,SIL,0.0,720,pause,NA,NA,NA,NA,0.0,0,-42.43,-21.86,[],0,0,[],[]
24543650,24544630,NA,NOF,0.0,720,pause,NA,NA,NA,NA,0.0,0,-43.74,-36.51,[],0,0,[],[]
24544630,24545880,NA,TVF,0.0,720,pause,NA,NA,NA,NA,0.0,0,-46.47,-41.3,[],0,0,[],[]
24545880,24546810,NA,SIL,0.0,720,pause,NA,NA,NA,NA,0.0,0,-47.89,-43.92,[],0,0,[],[]
24546810,24551340,NA,TVF,0.0,720,pause,NA,NA,NA,NA,0.0,0,-47.86,-42.75,[],0,0,[],[]
24551340,24552170,NA,SIL,0.0,720,pause,NA,NA,NA,NA,0.0,0,-37.84,-19.23,[],0,0,[],[]
24552170,24554580,NA,OLF,0.0,720,pause,NA,NA,NA,NA,0.0,0,-21.38,-3.33,[],0,0,[],[]
24554580,24557350,NA,SIL,0.0,720,pause,NA,NA,NA,NA,0.0,0,-47.47,-42.64,[],0,0,[],[]
24557350,24558400,NA,TVF,0.0,720,pause,NA,NA,NA,NA,0.0,0,-48.43,-43.61,[],0,0,[],[]
24558400,24559630,NA,SIL,0.0,720,pause,NA,NA,NA,NA,0.0,0,-48.93,-44.27,[],0,0,[],[]
24559630,24560430,NA,NOF,0.0,720,pause,NA,NA,NA,NA,0.0,0,-48.32,-44.0,[],0,0,[],[]
24560430,24563070,NA,TVF,0.0,720,pause,NA,NA,NA,NA,0.0,0,-44.79,-29.48,[],0,0,[],[]
24563070,24567510,NA,SIL,0.0,720,pause,NA,NA,NA,NA,0.0,0,-44.35,-26.87,[],0,0,[],[]
24567510,24568560,NA,TVF,0.0,720,pause,NA,NA,NA,NA,0.0,0,-48.36,-42.73,[],0,0,[],[]
24568560,24570540,NA,NOF,0.0,720,pause,NA,NA,NA,NA,0.0,0,-38.93,-28.35,[],0,0,[],[]
24570540,24571340,NA,OLF,0.0,720,pause,NA,NA,NA,NA,0.0,0,-20.51,-6.32,[],0,0,[],[]
24571340,24572880,NA,NOF,0.0,720,pause,NA,NA,NA,NA,0.0,0,-40.76,-27.77,[],0,0,[],[]
24572880,24576930,NA,SIL,0.0,720,pause,NA,NA,NA,NA,0.0,0,-48.44,-42.97,[],0,0,[],[]
24576930,24577920,NA,OLF,0.0,720,pause,NA,NA,NA,NA,0.0,0,-26.55,-18.9,[],0,0,[],[]
24577920,24581040,NA,SIL,0.0,720,pause,NA,NA,NA,NA,0.0,0,-48.34,-43.22,[],0,0,[],[]
24581040,24581840,NA,NON,0.0,720,pause,NA,NA,NA,NA,0.0,0,-38.39,-28.06,[],0,0,[],[]
24581840,24585870,NA,SIL,0.0,720,pause,NA,NA,NA,NA,0.0,0,-48.81,-41.26,[],0,0,[],[]
24585870,24587820,NA,TVF,0.0,720,pause,NA,NA,NA,NA,0.0,0,-47.11,-42.9,[],0,0,[],[]
24587820,24588780,NA,OLF,0.0,720,pause,NA,NA,NA,NA,0.0,0,-46.38,-42.62,[],0,0,[],[]
24588780,24589840,NA,TVF,0.0,720,pause,NA,NA,NA,NA,0.0,0,-46.86,-42.23,[],0,0,[],[]
24589840,24591120,NA,SIL,0.0,720,pause,NA,NA,NA,NA,0.0,0,-46.25,-41.77,[],0,0,[],[]
24591120,24592150,NA,TVF,0.0,720,pause,NA,NA,NA,NA,0.0,0,-45.48,-40.67,[],0,0,[],[]
24592150,24596610,NA,SIL,0.0,720,pause,NA,NA,NA,NA,0.0,0,-48.25,-38.59,[],0,0,[],[]
24596610,24597710,NA,NOF,0.0,720,pause,NA,NA,NA,NA,0.0,0,-42.28,-29.27,[],0,0,[],[]
24597710,24598510,NA,SIL,0.0,720,pause,NA,NA,NA,NA,0.0,0,-44.67,-34.93,[],0,0,[],[]
24598510,24599330,NA,NOF,0.0,720,pause,NA,NA,NA,NA,0.0,0,-39.56,-26.59,[],0,0,[],[]
24599330,24602090,NA,SIL,0.0,720,pause,NA,NA,NA,NA,0.0,0,-49.01,-43.15,[],0,0,[],[]
24602090,24603130,NA,TVN,0.0,720,pause,NA,NA,NA,NA,0.0,0,-48.72,-44.82,[],0,0,[],[]
24603130,24604340,NA,SIL,0.0,720,pause,NA,NA,NA,NA,0.0,0,-49.57,-44.3,[],0,0,[],[]
24604340,24606110,NA,TVN,0.0,720,pause,NA,NA,NA,NA,0.0,0,-48.11,-43.77,[],0,0,[],[]
24606110,24608690,NA,SIL,0.0,720,pause,NA,NA,NA,NA,0.0,0,-49.5,-42.67,[],0,0,[],[]
24608690,24609490,NA,NOF,0.0,720,pause,NA,NA,NA,NA,0.0,0,-46.3,-41.3,[],0,0,[],[]
24609490,24613420,NA,SIL,0.0,720,pause,NA,NA,NA,NA,0.0,0,-46.71,-32.42,[],0,0,[],[]
24613420,24614220,NA,NOF,0.0,720,pause,NA,NA,NA,NA,0.0,0,-46.15,-36.95,[],0,0,[],[]
24614220,24616670,NA,SIL,0.0,720,pause,NA,NA,NA,NA,0.0,0,-49.43,-45.25,[],0,0,[],[]
24616670,24617990,NA,TVF,0.0,720,pause,NA,NA,NA,NA,0.0,0,-48.83,-45.22,[],0,0,[],[]
24617990,24619900,NA,SIL,0.0,720,pause,NA,NA,NA,NA,0.0,0,-48.07,-37.11,[],0,0,[],[]
24619900,24620900,NA,TVF,0.0,720,pause,NA,NA,NA,NA,0.0,0,-47.67,-41.03,[],0,0,[],[]
24620900,24623840,NA,SIL,0.0,720,pause,NA,NA,NA,NA,0.0,0,-47.91,-40.26,[],0,0,[],[]
24623840,24624640,NA,TVF,0.0,720,pause,NA,NA,NA,NA,0.0,0,-47.55,-44.14,[],0,0,[],[]
24624640,24632460,NA,SIL,0.0,720,pause,NA,NA,NA,NA,0.0,0,-49.4,-40.63,[],0,0,[],[]
24632460,24633260,NA,NOF,0.0,720,pause,NA,NA,NA,NA,0.0,0,-45.95,-38.66,[],0,0,[],[]
24633260,24634750,NA,TVN,0.0,720,pause,NA,NA,NA,NA,0.0,0,-47.18,-37.88,[],0,0,[],[]
24634750,24635670,NA,SIL,0.0,720,pause,NA,NA,NA,NA,0.0,0,-47.09,-40.81,[],0,0,[],[]
24635670,24636570,NA,NOF,0.0,720,pause,NA,NA,NA,NA,0.0,0,-41.07,-30.74,[],0,0,[],[]
24636570,24638740,NA,SIL,0.0,720,pause,NA,NA,NA,NA,0.0,0,-48.78,-44.82,[],0,0,[],[]
24638740,24639800,NA,TVF,0.0,720,pause,NA,NA,NA,NA,0.0,0,-46.29,-39.32,[],0,0,[],[]
24639800,24641220,NA,SIL,0.0,720,pause,NA,NA,NA,NA,0.0,0,-49.84,-44.5,[],0,0,[],[]
24641220,24642220,NA,TVF,0.0,720,pause,NA,NA,NA,NA,0.0,0,-49.28,-44.72,[],0,0,[],[]
24642220,24647410,NA,SIL,0.0,720,pause,NA,NA,NA,NA,0.0,0,-49.94,-41.35,[],0,0,[],[]
24647410,24648590,NA,TVN,0.0,720,pause,NA,NA,NA,NA,0.0,0,-49.22,-44.62,[],0,0,[],[]
24648590,24650040,NA,SIL,0.0,720,pause,NA,NA,NA,NA,0.0,0,-49.45,-42.73,[],0,0,[],[]
24650040,24651080,NA,TVF,0.0,720,pause,NA,NA,NA,NA,0.0,0,-49.4,-45.15,[],0,0,[],[]
24651080,24652060,NA,NOF,0.0,720,pause,NA,NA,NA,NA,0.0,0,-44.34,-32.2,[],0,0,[],[]
24652060,24653620,NA,SIL,0.0,720,pause,NA,NA,NA,NA,0.0,0,-40.28,-20.84,[],0,0,[],[]
24653620,24654630,NA,NOF,0.0,720,pause,NA,NA,NA,NA,0.0,0,-19.52,-1.68,[],0,0,[],[]
24654630,24658680,NA,SIL,0.0,720,pause,NA,NA,NA,NA,0.0,0,-48.49,-42.53,[],0,0,[],[]
24658680,24659480,NA,TVF,0.0,720,pause,NA,NA,NA,NA,0.0,0,-48.67,-42.6,[],0,0,[],[]
24659480,24661930,NA,SIL,0.0,720,pause,NA,NA,NA,NA,0.0,0,-50.36,-44.54,[],0,0,[],[]
24661930,24662950,NA,TVN,0.0,720,pause,NA,NA,NA,NA,0.0,0,-50.09,-45.1,[],0,0,[],[]
24662950,24664470,NA,SIL,0.0,720,pause,NA,NA,NA,NA,0.0,0,-48.64,-40.94,[],0,0,[],[]
24664470,24665470,NA,TVF,0.0,720,pause,NA,NA,NA,NA,0.0,0,-50.4,-44.72,[],0,0,[],[]
24665470,24677890,NA,SIL,0.0,720,pause,NA,NA,NA,NA,0.0,0,-48.88,-33.39,[],0,0,[],[]
24677890,24678990,NA,TVF,0.0,720,pause,NA,NA,NA,NA,0.0,0,-44.99,-34.95,[],0,0,[],[]
24678990,24685740,NA,SIL,0.0,720,pause,NA,NA,NA,NA,0.0,0,-49.38,-39.55,[],0,0,[],[]
24685740,24686610,NA,TVF,0.0,720,pause,NA,NA,NA,NA,0.0,0,-45.51,-38.28,[],0,0,[],[]
24686610,24687410,NA,SIL,0.0,720,pause,NA,NA,NA,NA,0.0,0,-48.73,-43.69,[],0,0,[],[]
24687410,24690320,NA,NOF,0.0,720,pause,NA,NA,NA,NA,0.0,0,-44.65,-32.93,[],0,0,[],[]
24690320,24691900,NA,TVF,0.0,720,pause,NA,NA,NA,NA,0.0,0,-42.81,-36.04,[],0,0,[],[]
24691900,24694020,NA,NOF,0.0,720,pause,NA,NA,NA,NA,0.0,0,-45.94,-41.86,[],0,0,[],[]
24694020,24696790,NA,TVN,0.0,720,pause,NA,NA,NA,NA,0.0,0,-47.04,-42.02,[],0,0,[],[]
24696790,24697590,NA,NOF,0.0,720,pause,NA,NA,NA,NA,0.0,0,-47.6,-43.34,[],0,0,[],[]
24697590,24699110,NA,TVF,0.0,720,pause,NA,NA,NA,NA,0.0,0,-45.87,-42.33,[],0,0,[],[]
24699110,24700640,NA,NOF,0.0,720,pause,NA,NA,NA,NA,0.0,0,-36.66,-21.02,[],0,0,[],[]
24700640,24702930,NA,SIL,0.0,720,pause,NA,NA,NA,NA,0.0,0,-46.12,-31.45,[],0,0,[],[]
24702930,24703730,NA,TVF,0.0,720,pause,NA,NA,NA,NA,0.0,0,-48.1,-43.17,[],0,0,[],[]
24703730,24705100,NA,SIL,0.0,720,pause,NA,NA,NA,NA,0.0,0,-47.5,-40.23,[],0,0,[],[]
24705100,24706600,NA,TVF,0.0,720,pause,NA,NA,NA,NA,0.0,0,-47.69,-43.86,[],0,0,[],[]
24706600,24707450,NA,CXF,0.0,720,pause,NA,NA,NA,NA,0.0,0,-46.7,-37.99,[],0,0,[],[]
24707450,24713130,NA,SIL,0.0,720,pause,NA,NA,NA,NA,0.0,0,-49.86,-43.7,[],0,0,[],[]
24713130,24714130,NA,TVF,0.0,720,pause,NA,NA,NA,NA,0.0,0,-48.58,-42.48,[],0,0,[],[]
24714130,24715210,NA,SIL,0.0,720,pause,NA,NA,NA,NA,0.0,0,-49.93,-44.68,[],0,0,[],[]
24715210,24716320,NA,TVF,0.0,720,pause,NA,NA,NA,NA,0.0,0,-48.05,-40.61,[],0,0,[],[]
24716320,24717500,NA,SIL,0.0,720,pause,NA,NA,NA,NA,0.0,0,-49.83,-45.51,[],0,0,[],[]
24717500,24718820,NA,TVF,0.0,720,pause,NA,NA,NA,NA,0.0,0,-49.1,-44.63,[],0,0,[],[]
24718820,24720570,NA,SIL,0.0,720,pause,NA,NA,NA,NA,0.0,0,-50.16,-46.22,[],0,0,[],[]
24720570,24721920,NA,NOF,0.0,720,pause,NA,NA,NA,NA,0.0,0,-34.29,-17.58,[],0,0,[],[]
24721920,24791260,NA,SIL,0.0,720,pause,NA,NA,NA,NA,0.0,0,-49.74,-39.72,[],0,0,[],[]
24791260,24793560,NA,SIL,0.0,720,pause,NA,NA,NA,NA,0.0,0,-46.97,-36.99,[],0,0,[],[]
24793560,24794360,NA,NOF,0.0,720,pause,NA,NA,NA,NA,0.0,0,-46.53,-42.45,[],0,0,[],[]
24794360,24799070,NA,SIL,0.0,720,pause,NA,NA,NA,NA,0.0,0,-49.35,-40.72,[],0,0,[],[]
24799070,24799870,NA,TVF,0.0,720,pause,NA,NA,NA,NA,0.0,0,-44.62,-37.98,[],0,0,[],[]
24799870,24811110,NA,SIL,0.0,720,pause,NA,NA,NA,NA,0.0,0,-48.93,-39.83,[],0,0,[],[]
24811110,24811910,NA,NOF,0.0,720,pause,NA,NA,NA,NA,0.0,0,-45.52,-37.17,[],0,0,[],[]
24811910,24814470,NA,SIL,0.0,720,pause,NA,NA,NA,NA,0.0,0,-47.38,-35.41,[],0,0,[],[]
24814470,24815520,NA,NOF,0.0,720,pause,NA,NA,NA,NA,0.0,0,-41.07,-32.37,[],0,0,[],[]
24815520,24816560,NA,SIL,0.0,720,pause,NA,NA,NA,NA,0.0,0,-48.78,-42.54,[],0,0,[],[]
24816560,24817360,NA,OLF,0.0,720,pause,NA,NA,NA,NA,0.0,0,-45.24,-38.18,[],0,0,[],[]
24817360,24827510,NA,SIL,0.0,720,pause,NA,NA,NA,NA,0.0,0,-49.55,-40.18,[],0,0,[],[]
24827510,24828670,NA,NOF,0.0,720,pause,NA,NA,NA,NA,0.0,0,-43.31,-35.67,[],0,0,[],[]
24828670,24833420,NA,SIL,0.0,720,pause,NA,NA,NA,NA,0.0,0,-50.01,-45.29,[],0,0,[],[]
24833420,24834310,NA,NOF,0.0,720,pause,NA,NA,NA,NA,0.0,0,-47.92,-42.64,[],0,0,[],[]
24834310,24836020,NA,SIL,0.0,720,pause,NA,NA,NA,NA,0.0,0,-48.09,-40.0,[],0,0,[],[]
24836020,24837180,NA,NOF,0.0,720,pause,NA,NA,NA,NA,0.0,0,-42.06,-33.79,[],0,0,[],[]
24837180,24837980,NA,OLF,0.0,720,pause,NA,NA,NA,NA,0.0,0,-37.63,-27.11,[],0,0,[],[]
24837980,24839760,NA,NOF,0.0,720,pause,NA,NA,NA,NA,0.0,0,-42.25,-28.47,[],0,0,[],[]
24839760,24840610,NA,SIL,0.0,720,pause,NA,NA,NA,NA,0.0,0,-47.57,-40.24,[],0,0,[],[]
24840610,24841410,NA,TVF,0.0,720,pause,NA,NA,NA,NA,0.0,0,-46.44,-42.65,[],0,0,[],[]
24841410,24842210,NA,SIL,0.0,720,pause,NA,NA,NA,NA,0.0,0,-48.38,-44.55,[],0,0,[],[]
24842210,24843020,NA,CXF,0.0,720,pause,NA,NA,NA,NA,0.0,0,-45.73,-38.06,[],0,0,[],[]
24843020,24844100,NA,SIL,0.0,720,pause,NA,NA,NA,NA,0.0,0,-48.05,-36.7,[],0,0,[],[]
24844100,24844900,NA,NOF,0.0,720,pause,NA,NA,NA,NA,0.0,0,-43.37,-35.79,[],0,0,[],[]
24844900,24845700,NA,SIL,0.0,720,pause,NA,NA,NA,NA,0.0,0,-49.71,-46.06,[],0,0,[],[]
24845700,24849290,NA,NOF,0.0,720,pause,NA,NA,NA,NA,0.0,0,-32.05,-8.87,[],0,0,[],[]
24849290,24854870,NA,SIL,0.0,720,pause,NA,NA,NA,NA,0.0,0,-48.66,-35.92,[],0,0,[],[]
24854870,24855670,NA,OLF,0.0,720,pause,NA,NA,NA,NA,0.0,0,-42.61,-33.01,[],0,0,[],[]
24855670,24856990,NA,SIL,0.0,720,pause,NA,NA,NA,NA,0.0,0,-49.7,-44.06,[],0,0,[],[]
24856990,24857990,NA,FAF,0.0,720,pause,NA,NA,NA,NA,0.0,0,-42.88,-32.53,[],0,0,[],[]
24857990,24864360,NA,SIL,0.0,720,pause,NA,NA,NA,NA,0.0,0,-49.32,-36.11,[],0,0,[],[]
24864360,24865160,NA,NOF,0.0,720,pause,NA,NA,NA,NA,0.0,0,-43.28,-35.74,[],0,0,[],[]
24865160,24872670,NA,SIL,0.0,720,pause,NA,NA,NA,NA,0.0,0,-50.07,-43.79,[],0,0,[],[]
24872670,24873510,NA,NOF,0.0,720,pause,NA,NA,NA,NA,0.0,0,-46.67,-40.32,[],0,0,[],[]
24873510,24875250,NA,SIL,0.0,720,pause,NA,NA,NA,NA,0.0,0,-49.48,-44.44,[],0,0,[],[]
24875250,24876250,NA,TVF,0.0,720,pause,NA,NA,NA,NA,0.0,0,-48.65,-45.48,[],0,0,[],[]
24876250,24877850,NA,SIL,0.0,720,pause,NA,NA,NA,NA,0.0,0,-48.99,-43.6,[],0,0,[],[]
24877850,24878660,NA,OLF,0.0,720,pause,NA,NA,NA,NA,0.0,0,-37.94,-28.14,[],0,0,[],[]
24878660,24880090,NA,SIL,0.0,720,pause,NA,NA,NA,NA,0.0,0,-48.66,-44.33,[],0,0,[],[]
24880090,24881100,NA,TVF,0.0,720,pause,NA,NA,NA,NA,0.0,0,-47.33,-40.4,[],0,0,[],[]
24881100,24894490,NA,SIL,0.0,720,pause,NA,NA,NA,NA,0.0,0,-49.92,-43.25,[],0,0,[],[]
24894490,24895630,NA,TVF,0.0,720,pause,NA,NA,NA,NA,0.0,0,-49.31,-44.66,[],0,0,[],[]
24895630,24899090,NA,SIL,0.0,720,pause,NA,NA,NA,NA,0.0,0,-49.26,-40.98,[],0,0,[],[]
24899090,24899950,NA,NOF,0.0,720,pause,NA,NA,NA,NA,0.0,0,-35.27,-22.93,[],0,0,[],[]
24899950,24900750,NA,SIL,0.0,720,pause,NA,NA,NA,NA,0.0,0,-48.98,-45.97,[],0,0,[],[]
24900750,24901550,NA,NOF,0.0,720,pause,NA,NA,NA,NA,0.0,0,-47.48,-43.45,[],0,0,[],[]
24901550,24902640,NA,SIL,0.0,720,pause,NA,NA,NA,NA,0.0,0,-49.06,-45.27,[],0,0,[],[]
24902640,24903440,NA,TVF,0.0,720,pause,NA,NA,NA,NA,0.0,0,-48.4,-45.4,[],0,0,[],[]
24903440,24905050,NA,SIL,0.0,720,pause,NA,NA,NA,NA,0.0,0,-48.61,-42.22,[],0,0,[],[]
24905050,24905890,NA,NOF,0.0,720,pause,NA,NA,NA,NA,0.0,0,-46.32,-40.96,[],0,0,[],[]
24905890,24911520,NA,SIL,0.0,720,pause,NA,NA,NA,NA,0.0,0,-49.56,-42.9,[],0,0,[],[]
24911520,24912320,NA,NOF,0.0,720,pause,NA,NA,NA,NA,0.0,0,-46.19,-40.23,[],0,0,[],[]
24912320,24914250,NA,SIL,0.0,720,pause,NA,NA,NA,NA,0.0,0,-49.98,-43.68,[],0,0,[],[]
24914250,24915050,NA,NOF,0.0,720,pause,NA,NA,NA,NA,0.0,0,-49.77,-46.84,[],0,0,[],[]
24915050,24916260,NA,SIL,0.0,720,pause,NA,NA,NA,NA,0.0,0,-51.71,-47.64,[],0,0,[],[]
24916260,24917800,NA,NOF,0.0,720,pause,NA,NA,NA,NA,0.0,0,-48.07,-44.59,[],0,0,[],[]
24917800,24918770,NA,SIL,0.0,720,pause,NA,NA,NA,NA,0.0,0,-51.85,-46.72,[],0,0,[],[]
24918770,24919650,NA,NOF,0.0,720,pause,NA,NA,NA,NA,0.0,0,-48.22,-44.39,[],0,0,[],[]
24919650,24926420,NA,SIL,0.0,720,pause,NA,NA,NA,NA,0.0,0,-50.42,-37.97,[],0,0,[],[]
24926420,24927220,NA,FAF,0.0,720,pause,NA,NA,NA,NA,0.0,0,-48.46,-42.22,[],0,0,[],[]
24927220,24928020,NA,SIL,0.0,720,pause,NA,NA,NA,NA,0.0,0,-48.27,-39.87,[],0,0,[],[]
24928020,24928820,NA,NOF,0.0,720,pause,NA,NA,NA,NA,0.0,0,-47.77,-41.26,[],0,0,[],[]
24928820,24929620,NA,SIL,0.0,720,pause,NA,NA,NA,NA,0.0,0,-51.28,-44.73,[],0,0,[],[]
24929620,24930420,NA,NOF,0.0,720,pause,NA,NA,NA,NA,0.0,0,-47.85,-42.3,[],0,0,[],[]
24930420,24932850,NA,SIL,0.0,720,pause,NA,NA,NA,NA,0.0,0,-51.45,-45.96,[],0,0,[],[]
24932850,24933650,NA,NOF,0.0,720,pause,NA,NA,NA,NA,0.0,0,-48.96,-41.33,[],0,0,[],[]
24933650,24937280,NA,SIL,0.0,720,pause,NA,NA,NA,NA,0.0,0,-51.41,-45.44,[],0,0,[],[]
24937280,24938100,NA,NOF,0.0,720,pause,NA,NA,NA,NA,0.0,0,-49.35,-44.47,[],0,0,[],[]
24938100,24942510,NA,SIL,0.0,720,pause,NA,NA,NA,NA,0.0,0,-50.22,-40.76,[],0,0,[],[]
24942510,24943310,NA,NOF,0.0,720,pause,NA,NA,NA,NA,0.0,0,-49.25,-43.69,[],0,0,[],[]
24943310,24946150,NA,SIL,0.0,720,pause,NA,NA,NA,NA,0.0,0,-52.01,-46.5,[],0,0,[],[]
24946150,24947760,NA,NOF,0.0,720,pause,NA,NA,NA,NA,0.0,0,-49.14,-44.1,[],0,0,[],[]
24947760,24953770,NA,SIL,0.0,720,pause,NA,NA,NA,NA,0.0,0,-51.01,-42.68,[],0,0,[],[]
24953770,24954980,NA,NOF,0.0,720,pause,NA,NA,NA,NA,0.0,0,-42.06,-33.2,[],0,0,[],[]
24954980,24967050,NA,SIL,0.0,720,pause,NA,NA,NA,NA,0.0,0,-50.85,-43.44,[],0,0,[],[]
24967050,24969480,NA,NOF,0.0,720,pause,NA,NA,NA,NA,0.0,0,-47.35,-40.72,[],0,0,[],[]
24969480,24970900,NA,TVF,0.0,720,pause,NA,NA,NA,NA,0.0,0,-48.91,-39.87,[],0,0,[],[]
24970900,24972470,NA,NOF,0.0,720,pause,NA,NA,NA,NA,0.0,0,-48.7,-44.9,[],0,0,[],[]
24972470,24976240,NA,SIL,0.0,720,pause,NA,NA,NA,NA,0.0,0,-49.43,-38.28,[],0,0,[],[]
24976240,24977040,NA,CXF,0.0,720,pause,NA,NA,NA,NA,0.0,0,-48.55,-40.7,[],0,0,[],[]
24977040,24978240,NA,SIL,0.0,720,pause,NA,NA,NA,NA,0.0,0,-49.51,-45.58,[],0,0,[],[]
24978240,24979040,NA,CXF,0.0,720,pause,NA,NA,NA,NA,0.0,0,-46.47,-40.47,[],0,0,[],[]
24979040,24980200,NA,SIL,0.0,720,pause,NA,NA,NA,NA,0.0,0,-47.94,-38.11,[],0,0,[],[]
24980200,24981000,NA,TVF,0.0,720,pause,NA,NA,NA,NA,0.0,0,-43.86,-36.23,[],0,0,[],[]
24981000,24984160,NA,SIL,0.0,720,pause,NA,NA,NA,NA,0.0,0,-47.68,-34.08,[],0,0,[],[]
24984160,24985190,NA,TVF,0.0,720,pause,NA,NA,NA,NA,0.0,0,-48.85,-42.04,[],0,0,[],[]
24985190,24986030,NA,SIL,0.0,720,pause,NA,NA,NA,NA,0.0,0,-48.67,-42.9,[],0,0,[],[]
24986030,24986840,NA,CXF,0.0,720,pause,NA,NA,NA,NA,0.0,0,-47.87,-40.52,[],0,0,[],[]
24986840,24991210,NA,SIL,0.0,720,pause,NA,NA,NA,NA,0.0,0,-49.6,-44.08,[],0,0,[],[]
24991210,24992010,NA,TVF,0.0,720,pause,NA,NA,NA,NA,0.0,0,-47.82,-44.81,[],0,0,[],[]
24992010,24994870,NA,SIL,0.0,720,pause,NA,NA,NA,NA,0.0,0,-50.42,-44.1,[],0,0,[],[]
24994870,24995910,NA,TVF,0.0,720,pause,NA,NA,NA,NA,0.0,0,-49.67,-46.04,[],0,0,[],[]
24995910,24996850,NA,SIL,0.0,720,pause,NA,NA,NA,NA,0.0,0,-50.33,-46.84,[],0,0,[],[]
24996850,24997680,NA,TVF,0.0,720,pause,NA,NA,NA,NA,0.0,0,-47.95,-42.43,[],0,0,[],[]
24997680,24998610,NA,SIL,0.0,720,pause,NA,NA,NA,NA,0.0,0,-48.26,-40.82,[],0,0,[],[]
24998610,24999410,NA,NOF,0.0,720,pause,NA,NA,NA,NA,0.0,0,-28.95,-16.68,[],0,0,[],[]
24999410,25004530,NA,SIL,0.0,720,pause,NA,NA,NA,NA,0.0,0,-50.14,-37.17,[],0,0,[],[]
25004530,25005960,NA,FAF,0.0,720,pause,NA,NA,NA,NA,0.0,0,-43.85,-31.6,[],0,0,[],[]
25005960,25007550,NA,SIL,0.0,720,pause,NA,NA,NA,NA,0.0,0,-47.35,-35.67,[],0,0,[],[]
25007550,25008480,NA,NOF,0.0,720,pause,NA,NA,NA,NA,0.0,0,-46.26,-39.64,[],0,0,[],[]
25008480,25015900,NA,SIL,0.0,720,pause,NA,NA,NA,NA,0.0,0,-43.0,-22.2,[],0,0,[],[]
25015900,25019760,NA,NOF,0.0,720,pause,NA,NA,NA,NA,0.0,0,-26.99,-9.24,[],0,0,[],[]
25019760,25020570,NA,OLF,0.0,720,pause,NA,NA,NA,NA,0.0,0,-27.64,-11.76,[],0,0,[],[]
25020570,25021510,NA,NOF,0.0,720,pause,NA,NA,NA,NA,0.0,0,-35.33,-23.5,[],0,0,[],[]
25021510,25022320,NA,SIL,0.0,720,pause,NA,NA,NA,NA,0.0,0,-45.21,-37.28,[],0,0,[],[]
25022320,25023170,NA,NOF,0.0,720,pause,NA,NA,NA,NA,0.0,0,-40.77,-31.39,[],0,0,[],[]
25023170,25041490,NA,SIL,0.0,720,pause,NA,NA,NA,NA,0.0,0,-49.81,-34.44,[],0,0,[],[]
25041490,25042650,NA,TVF,0.0,720,pause,NA,NA,NA,NA,0.0,0,-47.16,-42.6,[],0,0,[],[]
25042650,25047530,NA,SIL,0.0,720,pause,NA,NA,NA,NA,0.0,0,-49.58,-37.38,[],0,0,[],[]
25047530,25048540,NA,TVF,0.0,720,pause,NA,NA,NA,NA,0.0,0,-50.78,-46.22,[],0,0,[],[]
25048540,25049980,NA,SIL,0.0,720,pause,NA,NA,NA,NA,0.0,0,-49.38,-43.38,[],0,0,[],[]
25049980,25051280,NA,TVF,0.0,720,pause,NA,NA,NA,NA,0.0,0,-44.56,-35.14,[],0,0,[],[]
25051280,25053000,NA,SIL,0.0,720,pause,NA,NA,NA,NA,0.0,0,-51.54,-39.58,[],0,0,[],[]
25053000,25054000,NA,TVF,0.0,720,pause,NA,NA,NA,NA,0.0,0,-48.06,-41.06,[],0,0,[],[]
25054000,25054950,NA,SIL,0.0,720,pause,NA,NA,NA,NA,0.0,0,-49.15,-38.92,[],0,0,[],[]
25054950,25056220,NA,TVF,0.0,720,pause,NA,NA,NA,NA,0.0,0,-46.41,-37.67,[],0,0,[],[]
25056220,25057020,NA,SIL,0.0,720,pause,NA,NA,NA,NA,0.0,0,-48.21,-40.29,[],0,0,[],[]
25057020,25058840,NA,TVF,0.0,720,pause,NA,NA,NA,NA,0.0,0,-46.21,-39.98,[],0,0,[],[]
25058840,25059660,NA,SIL,0.0,720,pause,NA,NA,NA,NA,0.0,0,-51.67,-44.7,[],0,0,[],[]
25059660,25060670,NA,TVF,0.0,720,pause,NA,NA,NA,NA,0.0,0,-49.54,-43.48,[],0,0,[],[]
25060670,25061510,NA,SIL,0.0,720,pause,NA,NA,NA,NA,0.0,0,-50.14,-44.72,[],0,0,[],[]
25061510,25064990,NA,TVF,0.0,720,pause,NA,NA,NA,NA,0.0,0,-50.3,-41.88,[],0,0,[],[]
25064990,25065920,NA,SIL,0.0,720,pause,NA,NA,NA,NA,0.0,0,-48.85,-39.8,[],0,0,[],[]
25065920,25067090,NA,TVF,0.0,720,pause,NA,NA,NA,NA,0.0,0,-45.45,-34.97,[],0,0,[],[]
25067090,25068650,NA,SIL,0.0,720,pause,NA,NA,NA,NA,0.0,0,-46.0,-32.06,[],0,0,[],[]
25068650,25069710,NA,TVF,0.0,720,pause,NA,NA,NA,NA,0.0,0,-49.95,-44.53,[],0,0,[],[]
25069710,25070530,NA,SIL,0.0,720,pause,NA,NA,NA,NA,0.0,0,-49.7,-40.99,[],0,0,[],[]
25070530,25073500,NA,TVF,0.0,720,pause,NA,NA,NA,NA,0.0,0,-47.06,-37.48,[],0,0,[],[]
25073500,25074850,NA,SIL,0.0,720,pause,NA,NA,NA,NA,0.0,0,-49.33,-42.2,[],0,0,[],[]
25074850,25075850,NA,TVF,0.0,720,pause,NA,NA,NA,NA,0.0,0,-49.94,-41.07,[],0,0,[],[]
25075850,25078950,NA,SIL,0.0,720,pause,NA,NA,NA,NA,0.0,0,-52.01,-41.27,[],0,0,[],[]
25078950,25079950,NA,TVF,0.0,720,pause,NA,NA,NA,NA,0.0,0,-49.78,-40.01,[],0,0,[],[]
25079950,25083490,NA,SIL,0.0,720,pause,NA,NA,NA,NA,0.0,0,-50.06,-37.73,[],0,0,[],[]
25083490,25084530,NA,TVF,0.0,720,pause,NA,NA,NA,NA,0.0,0,-48.37,-42.19,[],0,0,[],[]
25084530,25086450,NA,SIL,0.0,720,pause,NA,NA,NA,NA,0.0,0,-53.46,-47.56,[],0,0,[],[]
25086450,25087470,NA,TVN,0.0,720,pause,NA,NA,NA,NA,0.0,0,-51.06,-40.64,[],0,0,[],[]
25087470,25090430,NA,SIL,0.0,720,pause,NA,NA,NA,NA,0.0,0,-49.65,-34.75,[],0,0,[],[]
25090430,25091430,NA,TVF,0.0,720,pause,NA,NA,NA,NA,0.0,0,-50.16,-41.61,[],0,0,[],[]
25091430,25092480,NA,SIL,0.0,720,pause,NA,NA,NA,NA,0.0,0,-52.51,-41.9,[],0,0,[],[]
25092480,25093480,NA,TVF,0.0,720,pause,NA,NA,NA,NA,0.0,0,-49.56,-41.88,[],0,0,[],[]
25093480,25101210,NA,SIL,0.0,720,pause,NA,NA,NA,NA,0.0,0,-53.91,-43.21,[],0,0,[],[]
25101210,25102520,NA,TVF,0.0,720,pause,NA,NA,NA,NA,0.0,0,-49.88,-43.36,[],0,0,[],[]
25102520,25103360,NA,SIL,0.0,720,pause,NA,NA,NA,NA,0.0,0,-53.06,-48.97,[],0,0,[],[]
25103360,25104360,NA,TVF,0.0,720,pause,NA,NA,NA,NA,0.0,0,-51.83,-43.83,[],0,0,[],[]
25104360,25105620,NA,SIL,0.0,720,pause,NA,NA,NA,NA,0.0,0,-53.98,-46.49,[],0,0,[],[]
25105620,25106620,NA,TVF,0.0,720,pause,NA,NA,NA,NA,0.0,0,-50.88,-45.01,[],0,0,[],[]
25106620,25115790,NA,SIL,0.0,720,pause,NA,NA,NA,NA,0.0,0,-54.27,-45.76,[],0,0,[],[]
25115790,25116790,NA,TVF,0.0,720,pause,NA,NA,NA,NA,0.0,0,-51.17,-45.73,[],0,0,[],[]
25116790,25121680,NA,SIL,0.0,720,pause,NA,NA,NA,NA,0.0,0,-53.73,-44.39,[],0,0,[],[]
25121680,25122680,NA,TVF,0.0,720,pause,NA,NA,NA,NA,0.0,0,-53.99,-50.18,[],0,0,[],[]
25122680,25132880,NA,SIL,0.0,720,pause,NA,NA,NA,NA,0.0,0,-54.6,-47.87,[],0,0,[],[]
25132880,25135170,NA,TVF,0.0,720,pause,NA,NA,NA,NA,0.0,0,-50.51,-42.4,[],0,0,[],[]
25135170,25137110,NA,SIL,0.0,720,pause,NA,NA,NA,NA,0.0,0,-54.19,-46.53,[],0,0,[],[]
25137110,25138580,NA,TVF,0.0,720,pause,NA,NA,NA,NA,0.0,0,-51.41,-43.21,[],0,0,[],[]
25138580,25141780,NA,SIL,0.0,720,pause,NA,NA,NA,NA,0.0,0,-53.64,-43.88,[],0,0,[],[]
25141780,25142800,NA,TVF,0.0,720,pause,NA,NA,NA,NA,0.0,0,-51.76,-45.56,[],0,0,[],[]
25142800,25145850,NA,SIL,0.0,720,pause,NA,NA,NA,NA,0.0,0,-54.66,-46.36,[],0,0,[],[]
25145850,25146850,NA,TVN,0.0,720,pause,NA,NA,NA,NA,0.0,0,-53.59,-46.52,[],0,0,[],[]
25146850,25148250,NA,SIL,0.0,720,pause,NA,NA,NA,NA,0.0,0,-53.26,-44.12,[],0,0,[],[]
25148250,25149560,NA,TVF,0.0,720,pause,NA,NA,NA,NA,0.0,0,-49.58,-42.18,[],0,0,[],[]
25149560,25150920,NA,SIL,0.0,720,pause,NA,NA,NA,NA,0.0,0,-53.33,-45.59,[],0,0,[],[]
25150920,25152810,NA,TVF,0.0,720,pause,NA,NA,NA,NA,0.0,0,-49.66,-38.52,[],0,0,[],[]
25152810,25155750,NA,SIL,0.0,720,pause,NA,NA,NA,NA,0.0,0,-54.81,-46.78,[],0,0,[],[]
25155750,25156750,NA,TVF,0.0,720,pause,NA,NA,NA,NA,0.0,0,-56.01,-51.74,[],0,0,[],[]
25156750,25157690,NA,SIL,0.0,720,pause,NA,NA,NA,NA,0.0,0,-54.9,-48.34,[],0,0,[],[]
25157690,25158690,NA,TVF,0.0,720,pause,NA,NA,NA,NA,0.0,0,-53.38,-47.74,[],0,0,[],[]
25158690,25159790,NA,SIL,0.0,720,pause,NA,NA,NA,NA,0.0,0,-54.58,-49.46,[],0,0,[],[]
25159790,25160790,NA,TVF,0.0,720,pause,NA,NA,NA,NA,0.0,0,-54.55,-49.53,[],0,0,[],[]
25160790,25162680,NA,SIL,0.0,720,pause,NA,NA,NA,NA,0.0,0,-54.17,-47.55,[],0,0,[],[]
25162680,25163680,NA,TVF,0.0,720,pause,NA,NA,NA,NA,0.0,0,-52.99,-48.78,[],0,0,[],[]
25163680,25165740,NA,SIL,0.0,720,pause,NA,NA,NA,NA,0.0,0,-53.02,-46.44,[],0,0,[],[]
25165740,25166980,NA,TVF,0.0,720,pause,NA,NA,NA,NA,0.0,0,-52.99,-46.37,[],0,0,[],[]
25166980,25173130,NA,SIL,0.0,720,pause,NA,NA,NA,NA,0.0,0,-51.49,-29.67,[],0,0,[],[]
25173130,25174240,NA,TVF,0.0,720,pause,NA,NA,NA,NA,0.0,0,-50.83,-44.2,[],0,0,[],[]
25174240,25177870,NA,SIL,0.0,720,pause,NA,NA,NA,NA,0.0,0,-52.7,-40.76,[],0,0,[],[]
25177870,25178900,NA,TVF,0.0,720,pause,NA,NA,NA,NA,0.0,0,-53.17,-48.06,[],0,0,[],[]
25178900,25189030,NA,SIL,0.0,720,pause,NA,NA,NA,NA,0.0,0,-53.67,-45.31,[],0,0,[],[]
25189030,25190040,NA,TVF,0.0,720,pause,NA,NA,NA,NA,0.0,0,-49.56,-45.62,[],0,0,[],[]
25190040,25194560,NA,SIL,0.0,720,pause,NA,NA,NA,NA,0.0,0,-52.9,-44.22,[],0,0,[],[]
25194560,25195750,NA,TVF,0.0,720,pause,NA,NA,NA,NA,0.0,0,-48.04,-42.82,[],0,0,[],[]
25195750,25197290,NA,SIL,0.0,720,pause,NA,NA,NA,NA,0.0,0,-49.59,-40.66,[],0,0,[],[]
25197290,25199110,NA,TVF,0.0,720,pause,NA,NA,NA,NA,0.0,0,-49.4,-44.0,[],0,0,[],[]
25199110,25199910,NA,SIL,0.0,720,pause,NA,NA,NA,NA,0.0,0,-45.27,-39.68,[],0,0,[],[]
25199910,25204780,NA,TVF,0.0,720,pause,NA,NA,NA,NA,0.0,0,-46.1,-37.59,[],0,0,[],[]
25204780,25206450,NA,SIL,0.0,720,pause,NA,NA,NA,NA,0.0,0,-48.9,-43.77,[],0,0,[],[]
25206450,25207550,NA,MAF,0.0,720,pause,NA,NA,NA,NA,0.0,0,-43.08,-30.73,[],0,0,[],[]
25207550,25210220,NA,TVN,0.0,720,pause,NA,NA,NA,NA,0.0,0,-44.59,-36.65,[],0,0,[],[]
25210220,25212110,NA,SIL,0.0,720,pause,NA,NA,NA,NA,0.0,0,-50.1,-44.95,[],0,0,[],[]
25212110,25213110,NA,TVF,0.0,720,pause,NA,NA,NA,NA,0.0,0,-47.89,-40.95,[],0,0,[],[]
25213110,25213940,NA,SIL,0.0,720,pause,NA,NA,NA,NA,0.0,0,-50.36,-45.61,[],0,0,[],[]
25213940,25218620,NA,TVF,0.0,720,pause,NA,NA,NA,NA,0.0,0,-47.53,-40.17,[],0,0,[],[]
25218620,25219710,NA,SIL,0.0,720,pause,NA,NA,NA,NA,0.0,0,-51.54,-46.23,[],0,0,[],[]
25219710,25227470,NA,TVF,0.0,720,pause,NA,NA,NA,NA,0.0,0,-47.19,-38.63,[],0,0,[],[]
25227470,25231790,NA,SIL,0.0,720,pause,NA,NA,NA,NA,0.0,0,-48.98,-40.62,[],0,0,[],[]
25231790,25232790,NA,TVF,0.0,720,pause,NA,NA,NA,NA,0.0,0,-48.31,-41.94,[],0,0,[],[]
25232790,25237000,NA,SIL,0.0,720,pause,NA,NA,NA,NA,0.0,0,-49.13,-39.41,[],0,0,[],[]
25237000,25239760,NA,TVF,0.0,720,pause,NA,NA,NA,NA,0.0,0,-45.67,-36.01,[],0,0,[],[]
25239760,25242350,NA,SIL,0.0,720,pause,NA,NA,NA,NA,0.0,0,-49.66,-43.02,[],0,0,[],[]
25242350,25243390,NA,TVF,0.0,720,pause,NA,NA,NA,NA,0.0,0,-49.83,-45.11,[],0,0,[],[]
25243390,25244450,NA,SIL,0.0,720,pause,NA,NA,NA,NA,0.0,0,-46.51,-40.56,[],0,0,[],[]
25244450,25245760,NA,TVF,0.0,720,pause,NA,NA,NA,NA,0.0,0,-49.83,-45.84,[],0,0,[],[]
25245760,25247340,NA,SIL,0.0,720,pause,NA,NA,NA,NA,0.0,0,-50.57,-44.52,[],0,0,[],[]
25247340,25248840,NA,TVF,0.0,720,pause,NA,NA,NA,NA,0.0,0,-49.0,-42.2,[],0,0,[],[]
25248840,25250040,NA,SIL,0.0,720,pause,NA,NA,NA,NA,0.0,0,-50.55,-44.75,[],0,0,[],[]
25250040,25252730,NA,TVF,0.0,720,pause,NA,NA,NA,NA,0.0,0,-50.76,-44.13,[],0,0,[],[]
25252730,25253530,NA,SIL,0.0,720,pause,NA,NA,NA,NA,0.0,0,-50.06,-44.75,[],0,0,[],[]
25253530,25255320,NA,TVF,0.0,720,pause,NA,NA,NA,NA,0.0,0,-49.75,-42.52,[],0,0,[],[]
25255320,25258830,NA,SIL,0.0,720,pause,NA,NA,NA,NA,0.0,0,-55.51,-48.93,[],0,0,[],[]
25258830,25261610,NA,NOF,0.0,720,pause,NA,NA,NA,NA,0.0,0,-35.98,-21.29,[],0,0,[],[]
25261610,25264910,NA,SIL,0.0,720,pause,NA,NA,NA,NA,0.0,0,-52.82,-40.32,[],0,0,[],[]
25264910,25266150,NA,TVF,0.0,720,pause,NA,NA,NA,NA,0.0,0,-55.06,-47.42,[],0,0,[],[]
25266150,25266950,NA,SIL,0.0,720,pause,NA,NA,NA,NA,0.0,0,-54.87,-48.94,[],0,0,[],[]
25266950,25268090,NA,TVF,0.0,720,pause,NA,NA,NA,NA,0.0,0,-54.23,-48.11,[],0,0,[],[]
25268090,25268990,NA,SIL,0.0,720,pause,NA,NA,NA,NA,0.0,0,-52.74,-43.8,[],0,0,[],[]
25268990,25269990,NA,TVF,0.0,720,pause,NA,NA,NA,NA,0.0,0,-52.93,-46.8,[],0,0,[],[]
25269990,25270840,NA,SIL,0.0,720,pause,NA,NA,NA,NA,0.0,0,-53.36,-47.32,[],0,0,[],[]
25270840,25271920,NA,TVF,0.0,720,pause,NA,NA,NA,NA,0.0,0,-52.38,-47.6,[],0,0,[],[]
25271920,25272820,NA,SIL,0.0,720,pause,NA,NA,NA,NA,0.0,0,-52.79,-48.55,[],0,0,[],[]
25272820,25274100,NA,TVF,0.0,720,pause,NA,NA,NA,NA,0.0,0,-50.22,-42.66,[],0,0,[],[]
25274100,25275250,NA,SIL,0.0,720,pause,NA,NA,NA,NA,0.0,0,-42.52,-23.21,[],0,0,[],[]
25275250,25276050,NA,OLF,0.0,720,pause,NA,NA,NA,NA,0.0,0,-36.9,-28.14,[],0,0,[],[]
25276050,25277950,NA,SIL,0.0,720,pause,NA,NA,NA,NA,0.0,0,-45.08,-25.76,[],0,0,[],[]
25277950,25281580,NA,TVF,0.0,720,pause,NA,NA,NA,NA,0.0,0,-47.66,-40.4,[],0,0,[],[]
25281580,25283730,NA,OLF,0.0,720,pause,NA,NA,NA,NA,0.0,0,-28.03,-6.65,[],0,0,[],[]
25283730,25285660,NA,TVF,0.0,720,pause,NA,NA,NA,NA,0.0,0,-48.9,-42.93,[],0,0,[],[]
25285660,25286460,NA,SIL,0.0,720,pause,NA,NA,NA,NA,0.0,0,-49.97,-46.16,[],0,0,[],[]
25286460,25288680,NA,TVF,0.0,720,pause,NA,NA,NA,NA,0.0,0,-46.44,-41.57,[],0,0,[],[]
25288680,25290570,NA,SIL,0.0,720,pause,NA,NA,NA,NA,0.0,0,-50.57,-45.01,[],0,0,[],[]
25290570,25291580,NA,TVF,0.0,720,pause,NA,NA,NA,NA,0.0,0,-47.98,-40.17,[],0,0,[],[]
25291580,25292390,NA,SIL,0.0,720,pause,NA,NA,NA,NA,0.0,0,-50.81,-46.0,[],0,0,[],[]
25292390,25293590,NA,TVF,0.0,720,pause,NA,NA,NA,NA,0.0,0,-49.39,-43.68,[],0,0,[],[]
25293590,25294900,NA,SIL,0.0,720,pause,NA,NA,NA,NA,0.0,0,-48.89,-39.17,[],0,0,[],[]
25294900,25296000,NA,TVN,0.0,720,pause,NA,NA,NA,NA,0.0,0,-50.11,-46.2,[],0,0,[],[]
25296000,25297720,NA,SIL,0.0,720,pause,NA,NA,NA,NA,0.0,0,-51.15,-44.59,[],0,0,[],[]
25297720,25299280,NA,TVF,0.0,720,pause,NA,NA,NA,NA,0.0,0,-47.03,-38.97,[],0,0,[],[]
25299280,25300410,NA,SIL,0.0,720,pause,NA,NA,NA,NA,0.0,0,-49.95,-45.0,[],0,0,[],[]
25300410,25301410,NA,TVF,0.0,720,pause,NA,NA,NA,NA,0.0,0,-51.03,-46.48,[],0,0,[],[]
25301410,25302810,NA,SIL,0.0,720,pause,NA,NA,NA,NA,0.0,0,-50.65,-40.83,[],0,0,[],[]
25302810,25305670,NA,TVF,0.0,720,pause,NA,NA,NA,NA,0.0,0,-47.57,-42.67,[],0,0,[],[]
25305670,25306790,NA,SIL,0.0,720,pause,NA,NA,NA,NA,0.0,0,-51.27,-44.37,[],0,0,[],[]
25306790,25314370,NA,TVF,0.0,720,pause,NA,NA,NA,NA,0.0,0,-48.26,-35.06,[],0,0,[],[]
25314370,25325820,NA,NON,0.0,720,pause,NA,NA,NA,NA,0.0,0,-51.84,-43.69,[],0,0,[],[]
25325820,25327270,NA,SIL,0.0,720,pause,NA,NA,NA,NA,0.0,0,-54.46,-46.69,[],0,0,[],[]
25327270,25333620,NA,NON,0.0,720,pause,NA,NA,NA,NA,0.0,0,-54.18,-47.55,[],0,0,[],[]
25333620,25334520,NA,SIL,0.0,720,pause,NA,NA,NA,NA,0.0,0,-54.35,-49.55,[],0,0,[],[]
25334520,25336610,NA,TVF,0.0,720,pause,NA,NA,NA,NA,0.0,0,-53.19,-45.29,[],0,0,[],[]
25336610,25337840,NA,SIL,0.0,720,pause,NA,NA,NA,NA,0.0,0,-54.31,-48.68,[],0,0,[],[]
25337840,25338860,NA,TVF,0.0,720,pause,NA,NA,NA,NA,0.0,0,-54.75,-50.11,[],0,0,[],[]
25338860,25342490,NA,SIL,0.0,720,pause,NA,NA,NA,NA,0.0,0,-54.42,-48.73,[],0,0,[],[]
25342490,25344240,NA,TVF,0.0,720,pause,NA,NA,NA,NA,0.0,0,-53.67,-44.37,[],0,0,[],[]
25344240,25345040,NA,SIL,0.0,720,pause,NA,NA,NA,NA,0.0,0,-53.58,-49.2,[],0,0,[],[]
25345040,25346250,NA,TVF,0.0,720,pause,NA,NA,NA,NA,0.0,0,-53.87,-48.4,[],0,0,[],[]
25346250,25347080,NA,SIL,0.0,720,pause,NA,NA,NA,NA,0.0,0,-53.5,-47.65,[],0,0,[],[]
25347080,25348090,NA,TVF,0.0,720,pause,NA,NA,NA,NA,0.0,0,-51.2,-40.03,[],0,0,[],[]
25348090,25349370,NA,SIL,0.0,720,pause,NA,NA,NA,NA,0.0,0,-55.45,-50.35,[],0,0,[],[]
25349370,25350370,NA,TVF,0.0,720,pause,NA,NA,NA,NA,0.0,0,-54.97,-50.66,[],0,0,[],[]
25350370,25357620,NA,NON,0.0,720,pause,NA,NA,NA,NA,0.0,0,-50.74,-40.78,[],0,0,[],[]
25357620,25362890,NA,TVF,0.0,720,pause,NA,NA,NA,NA,0.0,0,-49.8,-39.53,[],0,0,[],[]
25362890,25364750,NA,SIL,0.0,720,pause,NA,NA,NA,NA,0.0,0,-49.23,-44.87,[],0,0,[],[]
25364750,25365950,NA,TVF,0.0,720,pause,NA,NA,NA,NA,0.0,0,-47.84,-40.09,[],0,0,[],[]
25365950,25366750,NA,SIL,0.0,720,pause,NA,NA,NA,NA,0.0,0,-48.4,-42.83,[],0,0,[],[]
25366750,25368020,NA,TVF,0.0,720,pause,NA,NA,NA,NA,0.0,0,-49.92,-43.06,[],0,0,[],[]
25368020,25369280,NA,SIL,0.0,720,pause,NA,NA,NA,NA,0.0,0,-51.94,-45.39,[],0,0,[],[]
25369280,25373820,NA,TVF,0.0,720,pause,NA,NA,NA,NA,0.0,0,-49.76,-40.83,[],0,0,[],[]
25373820,25374730,NA,SIL,0.0,720,pause,NA,NA,NA,NA,0.0,0,-51.1,-46.4,[],0,0,[],[]
25374730,25380420,NA,TVF,0.0,720,pause,NA,NA,NA,NA,0.0,0,-50.77,-44.56,[],0,0,[],[]
25380420,25381220,NA,SIL,0.0,720,pause,NA,NA,NA,NA,0.0,0,-51.66,-46.68,[],0,0,[],[]
25381220,25383930,NA,TVF,0.0,720,pause,NA,NA,NA,NA,0.0,0,-50.85,-42.59,[],0,0,[],[]
25383930,25385480,NA,SIL,0.0,720,pause,NA,NA,NA,NA,0.0,0,-51.87,-44.75,[],0,0,[],[]
25385480,25388670,NA,TVF,0.0,720,pause,NA,NA,NA,NA,0.0,0,-51.16,-40.42,[],0,0,[],[]
25388670,25395220,NA,NON,0.0,720,pause,NA,NA,NA,NA,0.0,0,-53.55,-45.41,[],0,0,[],[]
25395220,25396450,NA,TVF,0.0,720,pause,NA,NA,NA,NA,0.0,0,-50.2,-40.81,[],0,0,[],[]
25396450,25397280,NA,SIL,0.0,720,pause,NA,NA,NA,NA,0.0,0,-40.14,-24.8,[],0,0,[],[]
25397280,25398560,NA,NOF,0.0,720,pause,NA,NA,NA,NA,0.0,0,-43.82,-30.6,[],0,0,[],[]
25398560,25401610,NA,SIL,0.0,720,pause,NA,NA,NA,NA,0.0,0,-50.92,-40.36,[],0,0,[],[]
25401610,25402610,NA,TVF,0.0,720,pause,NA,NA,NA,NA,0.0,0,-52.24,-46.57,[],0,0,[],[]
25402610,25404060,NA,SIL,0.0,720,pause,NA,NA,NA,NA,0.0,0,-52.66,-45.74,[],0,0,[],[]
25404060,25404870,NA,NOF,0.0,720,pause,NA,NA,NA,NA,0.0,0,-43.47,-29.78,[],0,0,[],[]
25404870,25406670,NA,SIL,0.0,720,pause,NA,NA,NA,NA,0.0,0,-52.4,-43.89,[],0,0,[],[]
25406670,25407580,NA,NOF,0.0,720,pause,NA,NA,NA,NA,0.0,0,-38.43,-26.51,[],0,0,[],[]
25407580,25412840,NA,SIL,0.0,720,pause,NA,NA,NA,NA,0.0,0,-52.61,-36.53,[],0,0,[],[]
25412840,25413980,NA,TVF,0.0,720,pause,NA,NA,NA,NA,0.0,0,-52.45,-44.43,[],0,0,[],[]
25413980,25415920,NA,SIL,0.0,720,pause,NA,NA,NA,NA,0.0,0,-54.94,-45.99,[],0,0,[],[]
25415920,25417160,NA,NOF,0.0,720,pause,NA,NA,NA,NA,0.0,0,-30.66,-11.18,[],0,0,[],[]
25417160,25419500,NA,SIL,0.0,720,pause,NA,NA,NA,NA,0.0,0,-50.91,-40.17,[],0,0,[],[]
25419500,25420890,NA,NOF,0.0,720,pause,NA,NA,NA,NA,0.0,0,-42.66,-36.5,[],0,0,[],[]
25420890,25422030,NA,OLF,0.0,720,pause,NA,NA,NA,NA,0.0,0,-35.03,-25.22,[],0,0,[],[]
25422030,25425150,NA,SIL,0.0,720,pause,NA,NA,NA,NA,0.0,0,-52.81,-43.18,[],0,0,[],[]
25425150,25426640,NA,NOF,0.0,720,pause,NA,NA,NA,NA,0.0,0,-44.83,-35.37,[],0,0,[],[]
25426640,25430680,NA,SIL,0.0,720,pause,NA,NA,NA,NA,0.0,0,-53.96,-45.7,[],0,0,[],[]
25430680,25431710,NA,TVF,0.0,720,pause,NA,NA,NA,NA,0.0,0,-50.97,-45.59,[],0,0,[],[]
25431710,25432820,NA,SIL,0.0,720,pause,NA,NA,NA,NA,0.0,0,-54.22,-48.6,[],0,0,[],[]
25432820,25433760,CHI,CHN,0.0,720,CM,EC,0,NT,FI,1.0,940,-20.13,-13.92,"[{'Canonical-syllable': '1', 'Growl': '0', 'High-freq-energy': '0', 'Long-island': '0', 'Low-tilt-spectrum': '0', 'Medium-island': '2', 'Short-island': '0', 'Squeal': '0', 'Typical-entropy': '0', 'Voicing-quality': '2', 'Wide-band': '0', 'Xlong-island': '0', 'seq': '1', 'end': 25433.76, 'start': 25432.99}]",0,0,[],[]
25433760,25435060,NA,SIL,0.0,721,pause,NA,NA,NA,NA,0.0,0,-45.31,-33.64,[],0,0,[],[]
25435060,25435860,NA,OLF,0.0,721,pause,NA,NA,NA,NA,0.0,0,-41.89,-30.6,[],0,0,[],[]
25435860,25441650,NA,SIL,0.0,721,pause,NA,NA,NA,NA,0.0,0,-52.77,-42.11,[],0,0,[],[]
25441650,25443240,NA,TVF,0.0,721,pause,NA,NA,NA,NA,0.0,0,-50.68,-38.81,[],0,0,[],[]
25443240,25444990,NA,SIL,0.0,721,pause,NA,NA,NA,NA,0.0,0,-52.2,-43.5,[],0,0,[],[]
25444990,25445890,NA,TVF,0.0,721,pause,NA,NA,NA,NA,0.0,0,-51.04,-44.49,[],0,0,[],[]
25445890,25461660,NA,SIL,0.0,721,pause,NA,NA,NA,NA,0.0,0,-53.85,-37.96,[],0,0,[],[]
25461660,25462710,NA,TVF,0.0,721,pause,NA,NA,NA,NA,0.0,0,-47.99,-38.78,[],0,0,[],[]
25462710,25463520,NA,SIL,0.0,721,pause,NA,NA,NA,NA,0.0,0,-51.31,-47.64,[],0,0,[],[]
25463520,25464540,NA,TVF,0.0,721,pause,NA,NA,NA,NA,0.0,0,-44.37,-31.79,[],0,0,[],[]
25464540,25465340,NA,SIL,0.0,721,pause,NA,NA,NA,NA,0.0,0,-50.48,-46.59,[],0,0,[],[]
25465340,25466140,NA,TVF,0.0,721,pause,NA,NA,NA,NA,0.0,0,-45.61,-41.02,[],0,0,[],[]
25466140,25467410,NA,TVF,0.0,721,pause,NA,NA,NA,NA,0.0,0,-47.0,-42.15,[],0,0,[],[]
25467410,25469620,NA,OLF,0.0,721,pause,NA,NA,NA,NA,0.0,0,-45.21,-36.76,[],0,0,[],[]
25469620,25470620,NA,TVN,0.0,721,pause,NA,NA,NA,NA,0.0,0,-47.9,-42.88,[],0,0,[],[]
25470620,25473040,NA,TVF,0.0,721,pause,NA,NA,NA,NA,0.0,0,-48.37,-42.54,[],0,0,[],[]
25473040,25473840,NA,TVF,0.0,721,pause,NA,NA,NA,NA,0.0,0,-40.21,-31.71,[],0,0,[],[]
25473840,25474860,NA,TVF,0.0,721,pause,NA,NA,NA,NA,0.0,0,-42.3,-34.85,[],0,0,[],[]
25474860,25476230,NA,SIL,0.0,721,pause,NA,NA,NA,NA,0.0,0,-49.45,-41.16,[],0,0,[],[]
25476230,25479480,NA,TVF,0.0,721,pause,NA,NA,NA,NA,0.0,0,-47.28,-39.08,[],0,0,[],[]
25479480,25480540,NA,SIL,0.0,721,pause,NA,NA,NA,NA,0.0,0,-48.2,-36.06,[],0,0,[],[]
25480540,25481730,NA,TVF,0.0,721,pause,NA,NA,NA,NA,0.0,0,-44.26,-37.4,[],0,0,[],[]
25481730,25482540,NA,SIL,0.0,721,pause,NA,NA,NA,NA,0.0,0,-48.57,-38.26,[],0,0,[],[]
25482540,25483700,NA,TVF,0.0,721,pause,NA,NA,NA,NA,0.0,0,-48.58,-41.4,[],0,0,[],[]
25483700,25484710,NA,MAF,0.0,721,pause,NA,NA,NA,NA,0.0,0,-46.15,-38.84,[],0,0,[],[]
25484710,25486320,NA,SIL,0.0,721,pause,NA,NA,NA,NA,0.0,0,-51.82,-46.83,[],0,0,[],[]
25486320,25488990,NA,TVF,0.0,721,pause,NA,NA,NA,NA,0.0,0,-46.94,-40.12,[],0,0,[],[]
25488990,25489890,NA,TVF,0.0,721,pause,NA,NA,NA,NA,0.0,0,-46.78,-39.27,[],0,0,[],[]
25489890,25495330,NA,TVF,0.0,721,pause,NA,NA,NA,NA,0.0,0,-45.24,-36.91,[],0,0,[],[]
25495330,25496140,NA,SIL,0.0,721,pause,NA,NA,NA,NA,0.0,0,-47.84,-41.45,[],0,0,[],[]
25496140,25500530,NA,TVN,0.0,721,pause,NA,NA,NA,NA,0.0,0,-46.35,-40.61,[],0,0,[],[]
25500530,25503090,NA,SIL,0.0,721,pause,NA,NA,NA,NA,0.0,0,-57.27,-49.78,[],0,0,[],[]
25503090,25504130,NA,TVF,0.0,721,pause,NA,NA,NA,NA,0.0,0,-53.09,-46.71,[],0,0,[],[]
25504130,25509010,NA,SIL,0.0,721,pause,NA,NA,NA,NA,0.0,0,-53.76,-44.94,[],0,0,[],[]
25509010,25511330,NA,TVF,0.0,721,pause,NA,NA,NA,NA,0.0,0,-51.42,-43.53,[],0,0,[],[]
25511330,25513270,NA,SIL,0.0,721,pause,NA,NA,NA,NA,0.0,0,-53.32,-44.72,[],0,0,[],[]
25513270,25514410,NA,TVN,0.0,721,pause,NA,NA,NA,NA,0.0,0,-50.73,-43.45,[],0,0,[],[]
25514410,25515210,NA,TVF,0.0,721,pause,NA,NA,NA,NA,0.0,0,-49.73,-42.4,[],0,0,[],[]
25515210,25516320,NA,TVN,0.0,721,pause,NA,NA,NA,NA,0.0,0,-49.84,-44.27,[],0,0,[],[]
25516320,25518070,NA,SIL,0.0,721,pause,NA,NA,NA,NA,0.0,0,-51.67,-42.52,[],0,0,[],[]
25518070,25519200,NA,TVN,0.0,721,pause,NA,NA,NA,NA,0.0,0,-50.52,-43.64,[],0,0,[],[]
25519200,25521000,NA,SIL,0.0,721,pause,NA,NA,NA,NA,0.0,0,-51.21,-39.75,[],0,0,[],[]
25521000,25522000,NA,TVF,0.0,721,pause,NA,NA,NA,NA,0.0,0,-51.31,-45.6,[],0,0,[],[]
25522000,25526440,NA,SIL,0.0,721,pause,NA,NA,NA,NA,0.0,0,-53.25,-42.61,[],0,0,[],[]
25526440,25527460,NA,FAF,0.0,721,pause,NA,NA,NA,NA,0.0,0,-49.79,-42.43,[],0,0,[],[]
25527460,25531710,NA,SIL,0.0,721,pause,NA,NA,NA,NA,0.0,0,-54.88,-46.7,[],0,0,[],[]
25531710,25532710,NA,FAF,0.0,721,pause,NA,NA,NA,NA,0.0,0,-43.02,-34.56,[],0,0,[],[]
25532710,25534520,NA,TVF,0.0,721,pause,NA,NA,NA,NA,0.0,0,-49.27,-41.53,[],0,0,[],[]
25534520,25535320,NA,SIL,0.0,721,pause,NA,NA,NA,NA,0.0,0,-52.21,-42.78,[],0,0,[],[]
25535320,25536320,NA,TVF,0.0,721,pause,NA,NA,NA,NA,0.0,0,-48.91,-43.69,[],0,0,[],[]
25536320,25537120,NA,CXF,0.0,721,pause,NA,NA,NA,NA,0.0,0,-46.84,-37.48,[],0,0,[],[]
25537120,25538430,NA,SIL,0.0,721,pause,NA,NA,NA,NA,0.0,0,-53.2,-47.01,[],0,0,[],[]
25538430,25539930,NA,CXF,0.0,721,pause,NA,NA,NA,NA,0.0,0,-44.99,-35.0,[],0,0,[],[]
25539930,25541710,NA,NOF,0.0,721,pause,NA,NA,NA,NA,0.0,0,-30.04,-9.96,[],0,0,[],[]
25541710,25544140,NA,SIL,0.0,721,pause,NA,NA,NA,NA,0.0,0,-52.78,-45.59,[],0,0,[],[]
25544140,25545220,NA,TVF,0.0,721,pause,NA,NA,NA,NA,0.0,0,-49.96,-43.16,[],0,0,[],[]
25545220,25546090,NA,FAF,0.0,721,pause,NA,NA,NA,NA,0.0,0,-51.55,-46.68,[],0,0,[],[]
25546090,25547230,NA,SIL,0.0,721,pause,NA,NA,NA,NA,0.0,0,-53.09,-47.16,[],0,0,[],[]
25547230,25548230,NA,TVF,0.0,721,pause,NA,NA,NA,NA,0.0,0,-53.8,-50.19,[],0,0,[],[]
25548230,25549040,NA,SIL,0.0,721,pause,NA,NA,NA,NA,0.0,0,-56.02,-50.84,[],0,0,[],[]
25549040,25549840,NA,CXF,0.0,721,pause,NA,NA,NA,NA,0.0,0,-49.94,-42.94,[],0,0,[],[]
25549840,25554180,NA,SIL,0.0,721,pause,NA,NA,NA,NA,0.0,0,-53.8,-45.63,[],0,0,[],[]
25554180,25555210,NA,FAF,0.0,721,pause,NA,NA,NA,NA,0.0,0,-48.67,-37.5,[],0,0,[],[]
25555210,25557110,NA,SIL,0.0,721,pause,NA,NA,NA,NA,0.0,0,-54.69,-47.64,[],0,0,[],[]
25557110,25557940,NA,FAF,0.0,721,pause,NA,NA,NA,NA,0.0,0,-52.91,-49.15,[],0,0,[],[]
25557940,25560080,NA,SIL,0.0,721,pause,NA,NA,NA,NA,0.0,0,-53.64,-47.63,[],0,0,[],[]
25560080,25561270,NA,CXF,0.0,721,pause,NA,NA,NA,NA,0.0,0,-45.29,-33.69,[],0,0,[],[]
25561270,25562740,NA,SIL,0.0,721,pause,NA,NA,NA,NA,0.0,0,-49.74,-40.83,[],0,0,[],[]
25562740,25563560,NA,MAF,0.0,721,pause,NA,NA,NA,NA,0.0,0,-53.52,-49.07,[],0,0,[],[]
25563560,25571410,NA,SIL,0.0,721,pause,NA,NA,NA,NA,0.0,0,-55.04,-42.59,[],0,0,[],[]
25571410,25572740,NA,NOF,0.0,721,pause,NA,NA,NA,NA,0.0,0,-47.63,-40.47,[],0,0,[],[]
25572740,25578700,NA,SIL,0.0,721,pause,NA,NA,NA,NA,0.0,0,-54.37,-48.37,[],0,0,[],[]
25578700,25579700,NA,TVF,0.0,721,pause,NA,NA,NA,NA,0.0,0,-50.94,-42.78,[],0,0,[],[]
25579700,25580610,NA,SIL,0.0,721,pause,NA,NA,NA,NA,0.0,0,-50.5,-41.67,[],0,0,[],[]
25580610,25582670,NA,TVF,0.0,721,pause,NA,NA,NA,NA,0.0,0,-49.63,-44.52,[],0,0,[],[]
25582670,25584620,NA,SIL,0.0,721,pause,NA,NA,NA,NA,0.0,0,-49.83,-41.69,[],0,0,[],[]
25584620,25586070,NA,TVF,0.0,721,pause,NA,NA,NA,NA,0.0,0,-49.47,-41.1,[],0,0,[],[]
25586070,25587360,NA,FAF,0.0,721,pause,NA,NA,NA,NA,0.0,0,-46.92,-39.64,[],0,0,[],[]
25587360,25589020,NA,SIL,0.0,721,pause,NA,NA,NA,NA,0.0,0,-52.05,-43.9,[],0,0,[],[]
25589020,25590350,NA,CXF,0.0,721,pause,NA,NA,NA,NA,0.0,0,-50.27,-42.8,[],0,0,[],[]
25590350,25591560,NA,TVF,0.0,721,pause,NA,NA,NA,NA,0.0,0,-49.26,-41.66,[],0,0,[],[]
25591560,25594940,NA,SIL,0.0,721,pause,NA,NA,NA,NA,0.0,0,-52.27,-43.91,[],0,0,[],[]
25594940,25595740,NA,CXF,0.0,721,pause,NA,NA,NA,NA,0.0,0,-50.49,-45.76,[],0,0,[],[]
25595740,25596700,NA,SIL,0.0,721,pause,NA,NA,NA,NA,0.0,0,-47.8,-39.43,[],0,0,[],[]
25596700,25598790,NA,NOF,0.0,721,pause,NA,NA,NA,NA,0.0,0,-34.3,-17.86,[],0,0,[],[]
25598790,25600000,NA,SIL,0.0,721,pause,NA,NA,NA,NA,0.0,0,-51.34,-44.28,[],0,0,[],[]
25600000,25600900,NA,NOF,0.0,721,pause,NA,NA,NA,NA,0.0,0,-33.31,-19.49,[],0,0,[],[]
25600900,25603130,NA,SIL,0.0,721,pause,NA,NA,NA,NA,0.0,0,-52.17,-41.79,[],0,0,[],[]
25603130,25604170,NA,FAF,0.0,721,pause,NA,NA,NA,NA,0.0,0,-37.65,-25.31,[],0,0,[],[]
25604170,25605150,NA,SIL,0.0,721,pause,NA,NA,NA,NA,0.0,0,-42.16,-25.42,[],0,0,[],[]
25605150,25605950,NA,NOF,0.0,721,pause,NA,NA,NA,NA,0.0,0,-46.48,-35.26,[],0,0,[],[]
25605950,25608230,NA,SIL,0.0,721,pause,NA,NA,NA,NA,0.0,0,-52.73,-41.47,[],0,0,[],[]
25608230,25609230,NA,TVF,0.0,721,pause,NA,NA,NA,NA,0.0,0,-51.33,-46.36,[],0,0,[],[]
25609230,25611440,NA,SIL,0.0,721,pause,NA,NA,NA,NA,0.0,0,-50.72,-40.8,[],0,0,[],[]
25611440,25612240,NA,NOF,0.0,721,pause,NA,NA,NA,NA,0.0,0,-48.79,-44.3,[],0,0,[],[]
25612240,25613200,NA,SIL,0.0,721,pause,NA,NA,NA,NA,0.0,0,-53.48,-49.91,[],0,0,[],[]
25613200,25614370,NA,TVF,0.0,721,pause,NA,NA,NA,NA,0.0,0,-50.17,-45.6,[],0,0,[],[]
25614370,25615680,NA,SIL,0.0,721,pause,NA,NA,NA,NA,0.0,0,-52.76,-47.01,[],0,0,[],[]
25615680,25616480,NA,CXF,0.0,721,pause,NA,NA,NA,NA,0.0,0,-47.09,-38.78,[],0,0,[],[]
25616480,25617530,NA,TVF,0.0,721,pause,NA,NA,NA,NA,0.0,0,-50.67,-46.77,[],0,0,[],[]
25617530,25619820,NA,SIL,0.0,721,pause,NA,NA,NA,NA,0.0,0,-51.33,-42.69,[],0,0,[],[]
25619820,25620820,NA,TVF,0.0,721,pause,NA,NA,NA,NA,0.0,0,-48.34,-41.31,[],0,0,[],[]
25620820,25621670,NA,SIL,0.0,721,pause,NA,NA,NA,NA,0.0,0,-52.86,-46.54,[],0,0,[],[]
25621670,25622830,NA,TVF,0.0,721,pause,NA,NA,NA,NA,0.0,0,-51.73,-45.52,[],0,0,[],[]
25622830,25625560,NA,SIL,0.0,721,pause,NA,NA,NA,NA,0.0,0,-51.87,-40.48,[],0,0,[],[]
25625560,25626560,NA,TVF,0.0,721,pause,NA,NA,NA,NA,0.0,0,-49.13,-40.61,[],0,0,[],[]
25626560,25628780,NA,NOF,0.0,721,pause,NA,NA,NA,NA,0.0,0,-36.14,-22.09,[],0,0,[],[]
25628780,25629780,NA,SIL,0.0,721,pause,NA,NA,NA,NA,0.0,0,-48.77,-40.43,[],0,0,[],[]
25629780,25632130,NA,OLF,0.0,721,pause,NA,NA,NA,NA,0.0,0,-35.33,-22.1,[],0,0,[],[]
25632130,25634760,NA,SIL,0.0,721,pause,NA,NA,NA,NA,0.0,0,-48.02,-34.43,[],0,0,[],[]
25634760,25636250,NA,TVF,0.0,721,pause,NA,NA,NA,NA,0.0,0,-50.12,-43.17,[],0,0,[],[]
25636250,25639460,NA,SIL,0.0,721,pause,NA,NA,NA,NA,0.0,0,-51.66,-44.18,[],0,0,[],[]
25639460,25641080,NA,TVF,0.0,721,pause,NA,NA,NA,NA,0.0,0,-51.06,-44.27,[],0,0,[],[]
25641080,25645530,NA,SIL,0.0,721,pause,NA,NA,NA,NA,0.0,0,-43.6,-21.28,[],0,0,[],[]
25645530,25649830,NA,TVF,0.0,721,pause,NA,NA,NA,NA,0.0,0,-49.39,-37.94,[],0,0,[],[]
25649830,25651200,NA,OLF,0.0,721,pause,NA,NA,NA,NA,0.0,0,-33.38,-18.39,[],0,0,[],[]
25651200,25653130,NA,SIL,0.0,721,pause,NA,NA,NA,NA,0.0,0,-45.92,-32.7,[],0,0,[],[]
25653130,25654790,NA,TVF,0.0,721,pause,NA,NA,NA,NA,0.0,0,-49.62,-41.85,[],0,0,[],[]
25654790,25658310,NA,SIL,0.0,721,pause,NA,NA,NA,NA,0.0,0,-50.48,-41.32,[],0,0,[],[]
25658310,25660510,NA,TVF,0.0,721,pause,NA,NA,NA,NA,0.0,0,-48.68,-37.72,[],0,0,[],[]
25660510,25661680,NA,SIL,0.0,721,pause,NA,NA,NA,NA,0.0,0,-52.01,-43.03,[],0,0,[],[]
25661680,25665890,NA,TVF,0.0,721,pause,NA,NA,NA,NA,0.0,0,-51.07,-42.7,[],0,0,[],[]
25665890,25668620,NA,SIL,0.0,721,pause,NA,NA,NA,NA,0.0,0,-50.84,-35.31,[],0,0,[],[]
25668620,25669450,NA,OLF,0.0,721,pause,NA,NA,NA,NA,0.0,0,-39.13,-31.5,[],0,0,[],[]
25669450,25670590,NA,SIL,0.0,721,pause,NA,NA,NA,NA,0.0,0,-51.05,-39.28,[],0,0,[],[]
25670590,25672890,NA,TVF,0.0,721,pause,NA,NA,NA,NA,0.0,0,-49.21,-39.49,[],0,0,[],[]
25672890,25674580,NA,SIL,0.0,721,pause,NA,NA,NA,NA,0.0,0,-51.05,-44.66,[],0,0,[],[]
25674580,25675770,NA,TVF,0.0,721,pause,NA,NA,NA,NA,0.0,0,-50.5,-42.92,[],0,0,[],[]
25675770,25676570,NA,NOF,0.0,721,pause,NA,NA,NA,NA,0.0,0,-45.36,-34.34,[],0,0,[],[]
25676570,25677640,NA,SIL,0.0,721,pause,NA,NA,NA,NA,0.0,0,-50.6,-41.98,[],0,0,[],[]
25677640,25678890,NA,NOF,0.0,721,pause,NA,NA,NA,NA,0.0,0,-41.59,-25.79,[],0,0,[],[]
25678890,25680770,NA,SIL,0.0,721,pause,NA,NA,NA,NA,0.0,0,-46.37,-33.6,[],0,0,[],[]
25680770,25687920,NA,NON,0.0,721,pause,NA,NA,NA,NA,0.0,0,-51.21,-40.41,[],0,0,[],[]
25687920,25689720,NA,SIL,0.0,721,pause,NA,NA,NA,NA,0.0,0,-49.18,-41.18,[],0,0,[],[]
25689720,25693890,NA,TVF,0.0,721,pause,NA,NA,NA,NA,0.0,0,-49.34,-36.36,[],0,0,[],[]
25693890,25694730,NA,SIL,0.0,721,pause,NA,NA,NA,NA,0.0,0,-49.69,-41.57,[],0,0,[],[]
25694730,25699950,NA,TVF,0.0,721,pause,NA,NA,NA,NA,0.0,0,-48.15,-40.16,[],0,0,[],[]
25699950,25700790,NA,SIL,0.0,721,pause,NA,NA,NA,NA,0.0,0,-49.79,-42.62,[],0,0,[],[]
25700790,25702220,NA,TVF,0.0,721,pause,NA,NA,NA,NA,0.0,0,-48.25,-35.37,[],0,0,[],[]
25702220,25703570,NA,SIL,0.0,721,pause,NA,NA,NA,NA,0.0,0,-50.75,-45.1,[],0,0,[],[]
25703570,25706100,NA,TVF,0.0,721,pause,NA,NA,NA,NA,0.0,0,-50.58,-44.04,[],0,0,[],[]
25706100,25706900,NA,SIL,0.0,721,pause,NA,NA,NA,NA,0.0,0,-51.14,-40.53,[],0,0,[],[]
25706900,25708570,NA,TVF,0.0,721,pause,NA,NA,NA,NA,0.0,0,-50.31,-40.55,[],0,0,[],[]
25708570,25709410,NA,SIL,0.0,721,pause,NA,NA,NA,NA,0.0,0,-47.6,-40.74,[],0,0,[],[]
25709410,25712280,NA,TVF,0.0,721,pause,NA,NA,NA,NA,0.0,0,-50.04,-41.25,[],0,0,[],[]
25712280,25714070,NA,SIL,0.0,721,pause,NA,NA,NA,NA,0.0,0,-51.51,-42.0,[],0,0,[],[]
25714070,25718810,NA,TVF,0.0,721,pause,NA,NA,NA,NA,0.0,0,-49.81,-41.76,[],0,0,[],[]
25718810,25719620,NA,SIL,0.0,721,pause,NA,NA,NA,NA,0.0,0,-52.03,-45.03,[],0,0,[],[]
25719620,25721020,NA,TVF,0.0,721,pause,NA,NA,NA,NA,0.0,0,-51.26,-43.93,[],0,0,[],[]
25721020,25721820,NA,SIL,0.0,721,pause,NA,NA,NA,NA,0.0,0,-49.72,-39.24,[],0,0,[],[]
25721820,25722820,NA,TVF,0.0,721,pause,NA,NA,NA,NA,0.0,0,-48.08,-35.63,[],0,0,[],[]
25722820,25724100,NA,SIL,0.0,721,pause,NA,NA,NA,NA,0.0,0,-48.58,-42.91,[],0,0,[],[]
25724100,25725180,NA,TVF,0.0,721,pause,NA,NA,NA,NA,0.0,0,-49.59,-44.49,[],0,0,[],[]
25725180,25726150,NA,SIL,0.0,721,pause,NA,NA,NA,NA,0.0,0,-51.89,-44.77,[],0,0,[],[]
25726150,25728570,NA,TVF,0.0,721,pause,NA,NA,NA,NA,0.0,0,-50.62,-44.55,[],0,0,[],[]
25728570,25729370,NA,SIL,0.0,721,pause,NA,NA,NA,NA,0.0,0,-49.62,-41.8,[],0,0,[],[]
25729370,25739440,NA,TVF,0.0,721,pause,NA,NA,NA,NA,0.0,0,-49.02,-36.74,[],0,0,[],[]
25739440,25740240,NA,SIL,0.0,721,pause,NA,NA,NA,NA,0.0,0,-49.16,-42.57,[],0,0,[],[]
25740240,25741890,NA,TVF,0.0,721,pause,NA,NA,NA,NA,0.0,0,-50.01,-44.3,[],0,0,[],[]
25741890,25742870,NA,SIL,0.0,721,pause,NA,NA,NA,NA,0.0,0,-47.78,-42.54,[],0,0,[],[]
25742870,25743900,NA,TVF,0.0,721,pause,NA,NA,NA,NA,0.0,0,-50.15,-42.78,[],0,0,[],[]
25743900,25744940,NA,SIL,0.0,721,pause,NA,NA,NA,NA,0.0,0,-52.36,-46.02,[],0,0,[],[]
25744940,25745990,NA,TVF,0.0,721,pause,NA,NA,NA,NA,0.0,0,-52.29,-42.67,[],0,0,[],[]
25745990,25747530,NA,NOF,0.0,721,pause,NA,NA,NA,NA,0.0,0,-36.75,-22.03,[],0,0,[],[]
25747530,25749030,NA,SIL,0.0,721,pause,NA,NA,NA,NA,0.0,0,-48.08,-38.45,[],0,0,[],[]
25749030,25762760,NA,TVF,0.0,721,pause,NA,NA,NA,NA,0.0,0,-44.95,-34.19,[],0,0,[],[]
25762760,25763780,NA,SIL,0.0,721,pause,NA,NA,NA,NA,0.0,0,-48.22,-41.13,[],0,0,[],[]
25763780,25764780,NA,TVF,0.0,721,pause,NA,NA,NA,NA,0.0,0,-51.28,-43.7,[],0,0,[],[]
25764780,25766170,NA,SIL,0.0,721,pause,NA,NA,NA,NA,0.0,0,-52.36,-44.66,[],0,0,[],[]
25766170,25770080,NA,TVF,0.0,721,pause,NA,NA,NA,NA,0.0,0,-48.06,-38.96,[],0,0,[],[]
25770080,25770910,NA,SIL,0.0,721,pause,NA,NA,NA,NA,0.0,0,-49.31,-38.57,[],0,0,[],[]
25770910,25771950,NA,TVF,0.0,721,pause,NA,NA,NA,NA,0.0,0,-43.57,-36.45,[],0,0,[],[]
25771950,25775600,NA,SIL,0.0,721,pause,NA,NA,NA,NA,0.0,0,-50.8,-41.48,[],0,0,[],[]
25775600,25776620,NA,TVF,0.0,721,pause,NA,NA,NA,NA,0.0,0,-52.44,-45.49,[],0,0,[],[]
25776620,25778750,NA,SIL,0.0,721,pause,NA,NA,NA,NA,0.0,0,-46.64,-25.71,[],0,0,[],[]
25778750,25779750,NA,TVF,0.0,721,pause,NA,NA,NA,NA,0.0,0,-51.03,-43.45,[],0,0,[],[]
25779750,25780670,NA,SIL,0.0,721,pause,NA,NA,NA,NA,0.0,0,-48.43,-42.57,[],0,0,[],[]
25780670,25786820,NA,NON,0.0,721,pause,NA,NA,NA,NA,0.0,0,-51.67,-40.22,[],0,0,[],[]
25786820,25788900,NA,SIL,0.0,721,pause,NA,NA,NA,NA,0.0,0,-53.16,-44.64,[],0,0,[],[]
25788900,25790480,NA,TVF,0.0,721,pause,NA,NA,NA,NA,0.0,0,-50.09,-41.71,[],0,0,[],[]
25790480,25791350,NA,SIL,0.0,721,pause,NA,NA,NA,NA,0.0,0,-53.08,-43.7,[],0,0,[],[]
25791350,25792710,NA,TVF,0.0,721,pause,NA,NA,NA,NA,0.0,0,-53.35,-44.04,[],0,0,[],[]
25792710,25797680,NA,SIL,0.0,721,pause,NA,NA,NA,NA,0.0,0,-51.36,-39.58,[],0,0,[],[]
25797680,25798680,NA,TVF,0.0,721,pause,NA,NA,NA,NA,0.0,0,-52.2,-44.15,[],0,0,[],[]
25798680,25800300,NA,SIL,0.0,721,pause,NA,NA,NA,NA,0.0,0,-52.43,-41.92,[],0,0,[],[]
25800300,25801830,NA,TVF,0.0,721,pause,NA,NA,NA,NA,0.0,0,-52.34,-43.43,[],0,0,[],[]
25801830,25802710,NA,SIL,0.0,721,pause,NA,NA,NA,NA,0.0,0,-52.34,-45.81,[],0,0,[],[]
25802710,25804710,NA,TVF,0.0,721,pause,NA,NA,NA,NA,0.0,0,-51.92,-43.6,[],0,0,[],[]
25804710,25805600,NA,SIL,0.0,721,pause,NA,NA,NA,NA,0.0,0,-51.23,-41.27,[],0,0,[],[]
25805600,25806710,NA,TVF,0.0,721,pause,NA,NA,NA,NA,0.0,0,-50.95,-43.08,[],0,0,[],[]
25806710,25809700,NA,SIL,0.0,721,pause,NA,NA,NA,NA,0.0,0,-52.42,-41.95,[],0,0,[],[]
25809700,25810940,NA,TVF,0.0,721,pause,NA,NA,NA,NA,0.0,0,-52.15,-46.4,[],0,0,[],[]
25810940,25811740,NA,SIL,0.0,721,pause,NA,NA,NA,NA,0.0,0,-51.98,-44.39,[],0,0,[],[]
25811740,25814540,NA,TVF,0.0,721,pause,NA,NA,NA,NA,0.0,0,-51.41,-42.2,[],0,0,[],[]
25814540,25815340,NA,SIL,0.0,721,pause,NA,NA,NA,NA,0.0,0,-51.81,-45.46,[],0,0,[],[]
25815340,25817470,NA,TVF,0.0,721,pause,NA,NA,NA,NA,0.0,0,-48.8,-40.05,[],0,0,[],[]
25817470,25818270,NA,SIL,0.0,721,pause,NA,NA,NA,NA,0.0,0,-51.95,-44.15,[],0,0,[],[]
25818270,25822970,NA,TVF,0.0,721,pause,NA,NA,NA,NA,0.0,0,-48.71,-39.51,[],0,0,[],[]
25822970,25825720,NA,SIL,0.0,721,pause,NA,NA,NA,NA,0.0,0,-52.14,-41.39,[],0,0,[],[]
25825720,25826860,NA,TVF,0.0,721,pause,NA,NA,NA,NA,0.0,0,-49.33,-41.23,[],0,0,[],[]
25826860,25831080,NA,SIL,0.0,721,pause,NA,NA,NA,NA,0.0,0,-46.5,-26.95,[],0,0,[],[]
25831080,25832100,NA,TVF,0.0,721,pause,NA,NA,NA,NA,0.0,0,-48.27,-39.36,[],0,0,[],[]
25832100,25833770,NA,SIL,0.0,721,pause,NA,NA,NA,NA,0.0,0,-45.09,-29.89,[],0,0,[],[]
25833770,25835270,NA,TVF,0.0,721,pause,NA,NA,NA,NA,0.0,0,-50.27,-43.06,[],0,0,[],[]
25835270,25836380,NA,SIL,0.0,721,pause,NA,NA,NA,NA,0.0,0,-52.67,-44.23,[],0,0,[],[]
25836380,25840660,NA,TVF,0.0,721,pause,NA,NA,NA,NA,0.0,0,-51.51,-41.77,[],0,0,[],[]
25840660,25841690,NA,SIL,0.0,721,pause,NA,NA,NA,NA,0.0,0,-52.09,-43.47,[],0,0,[],[]
25841690,25843270,NA,TVF,0.0,721,pause,NA,NA,NA,NA,0.0,0,-52.06,-43.48,[],0,0,[],[]
25843270,25844140,NA,SIL,0.0,721,pause,NA,NA,NA,NA,0.0,0,-52.32,-41.75,[],0,0,[],[]
25844140,25846430,NA,TVF,0.0,721,pause,NA,NA,NA,NA,0.0,0,-51.81,-44.19,[],0,0,[],[]
25846430,25847420,NA,SIL,0.0,721,pause,NA,NA,NA,NA,0.0,0,-51.82,-44.23,[],0,0,[],[]
25847420,25848440,NA,TVF,0.0,721,pause,NA,NA,NA,NA,0.0,0,-50.57,-43.47,[],0,0,[],[]
25848440,25850430,NA,SIL,0.0,721,pause,NA,NA,NA,NA,0.0,0,-51.56,-42.74,[],0,0,[],[]
25850430,25852760,NA,TVF,0.0,721,pause,NA,NA,NA,NA,0.0,0,-49.94,-41.84,[],0,0,[],[]
25852760,25856580,NA,SIL,0.0,721,pause,NA,NA,NA,NA,0.0,0,-45.99,-23.74,[],0,0,[],[]
25856580,25857720,NA,TVF,0.0,721,pause,NA,NA,NA,NA,0.0,0,-48.55,-40.95,[],0,0,[],[]
25857720,25860010,NA,SIL,0.0,721,pause,NA,NA,NA,NA,0.0,0,-50.66,-40.58,[],0,0,[],[]
25860010,25861300,NA,TVF,0.0,721,pause,NA,NA,NA,NA,0.0,0,-51.49,-44.03,[],0,0,[],[]
25861300,25862350,NA,SIL,0.0,721,pause,NA,NA,NA,NA,0.0,0,-51.85,-43.67,[],0,0,[],[]
25862350,25863940,NA,TVF,0.0,721,pause,NA,NA,NA,NA,0.0,0,-50.9,-42.81,[],0,0,[],[]
25863940,25865200,NA,SIL,0.0,721,pause,NA,NA,NA,NA,0.0,0,-51.17,-43.87,[],0,0,[],[]
25865200,25866210,NA,CXF,0.0,721,pause,NA,NA,NA,NA,0.0,0,-48.86,-40.77,[],0,0,[],[]
25866210,25867010,NA,SIL,0.0,721,pause,NA,NA,NA,NA,0.0,0,-51.17,-44.56,[],0,0,[],[]
25867010,25869090,NA,TVF,0.0,721,pause,NA,NA,NA,NA,0.0,0,-49.87,-42.57,[],0,0,[],[]
25869090,25871760,NA,SIL,0.0,721,pause,NA,NA,NA,NA,0.0,0,-51.7,-41.63,[],0,0,[],[]
25871760,25873440,NA,TVF,0.0,721,pause,NA,NA,NA,NA,0.0,0,-52.21,-44.28,[],0,0,[],[]
25873440,25875120,NA,SIL,0.0,721,pause,NA,NA,NA,NA,0.0,0,-45.02,-23.66,[],0,0,[],[]
25875120,25876120,NA,TVF,0.0,721,pause,NA,NA,NA,NA,0.0,0,-50.89,-42.42,[],0,0,[],[]
25876120,25878480,NA,SIL,0.0,721,pause,NA,NA,NA,NA,0.0,0,-49.18,-35.95,[],0,0,[],[]
25878480,25879480,NA,TVF,0.0,721,pause,NA,NA,NA,NA,0.0,0,-50.34,-42.06,[],0,0,[],[]
25879480,25880280,NA,SIL,0.0,721,pause,NA,NA,NA,NA,0.0,0,-51.43,-45.63,[],0,0,[],[]
25880280,25882120,NA,TVF,0.0,721,pause,NA,NA,NA,NA,0.0,0,-48.94,-40.76,[],0,0,[],[]
25882120,25886500,NA,SIL,0.0,721,pause,NA,NA,NA,NA,0.0,0,-48.58,-32.43,[],0,0,[],[]
25886500,25889370,NA,TVF,0.0,721,pause,NA,NA,NA,NA,0.0,0,-48.35,-39.08,[],0,0,[],[]
25889370,25890430,NA,SIL,0.0,721,pause,NA,NA,NA,NA,0.0,0,-51.44,-43.07,[],0,0,[],[]
25890430,25892510,NA,TVF,0.0,721,pause,NA,NA,NA,NA,0.0,0,-48.77,-36.64,[],0,0,[],[]
25892510,25894600,NA,SIL,0.0,721,pause,NA,NA,NA,NA,0.0,0,-49.49,-37.95,[],0,0,[],[]
25894600,25895400,NA,OLN,0.0,721,pause,NA,NA,NA,NA,0.0,0,-29.7,-20.68,[],0,0,[],[]
25895400,25896400,FEM,FAN,0.0,721,pause,NA,NA,NA,NA,0.0,0,-30.63,-24.74,[],1000,0,[],[]
25896400,25897320,NA,OLF,0.0,721,pause,NA,NA,NA,NA,0.0,0,-40.93,-30.33,[],0,0,[],[]
25897320,25898560,FEM,FAN,2.12,721,AMF,EC,0,NT,FI,0.0,0,-33.41,-22.73,[],0,0,[],[]
25898560,25902030,NA,SIL,0.0,722,pause,NA,NA,NA,NA,0.0,0,-50.3,-40.0,[],0,0,[],[]
25902030,25903030,NA,TVF,0.0,722,pause,NA,NA,NA,NA,0.0,0,-51.86,-45.0,[],0,0,[],[]
25903030,25905470,NA,SIL,0.0,722,pause,NA,NA,NA,NA,0.0,0,-50.63,-42.25,[],0,0,[],[]
25905470,25906270,NA,NOF,0.0,722,pause,NA,NA,NA,NA,0.0,0,-46.34,-37.5,[],0,0,[],[]
25906270,25908170,NA,SIL,0.0,722,pause,NA,NA,NA,NA,0.0,0,-50.31,-40.39,[],0,0,[],[]
25908170,25908970,NA,NOF,0.0,722,pause,NA,NA,NA,NA,0.0,0,-36.51,-19.89,[],0,0,[],[]
25908970,25911090,NA,SIL,0.0,722,pause,NA,NA,NA,NA,0.0,0,-40.52,-22.0,[],0,0,[],[]
25911090,25912400,NA,NOF,0.0,722,pause,NA,NA,NA,NA,0.0,0,-26.79,-9.42,[],0,0,[],[]
25912400,25913760,NA,SIL,0.0,722,pause,NA,NA,NA,NA,0.0,0,-50.23,-43.43,[],0,0,[],[]
25913760,25914790,NA,NOF,0.0,722,pause,NA,NA,NA,NA,0.0,0,-40.27,-28.51,[],0,0,[],[]
25914790,25915610,NA,OLN,0.0,722,pause,NA,NA,NA,NA,0.0,0,-22.5,-11.63,[],0,0,[],[]
25915610,25916250,NA,CHF,0.0,722,CM,EC,0,NT,FI,2.0,240,-35.94,-24.21,"[{'Canonical-syllable': '0', 'Growl': '1', 'High-freq-energy': '0', 'Long-island': '0', 'Low-tilt-spectrum': '0', 'Medium-island': '0', 'Short-island': '1', 'Squeal': '0', 'Typical-entropy': '0', 'Voicing-quality': '0', 'Wide-band': '0', 'Xlong-island': '0', 'seq': '1', 'end': 25915.76, 'start': 25915.61}, {'Canonical-syllable': '0', 'Growl': '0', 'High-freq-energy': '0', 'Long-island': '0', 'Low-tilt-spectrum': '0', 'Medium-island': '0', 'Short-island': '0', 'Squeal': '0', 'Typical-entropy': '0', 'Voicing-quality': '0', 'Wide-band': '0', 'Xlong-island': '0', 'seq': '2', 'end': 25916.25, 'start': 25916.16}]",0,0,[],[]
25916250,25918430,NA,NOF,0.0,723,pause,NA,NA,NA,NA,0.0,0,-31.92,-20.98,[],0,0,[],[]
25918430,25919690,NA,OLN,0.0,723,pause,NA,NA,NA,NA,0.0,0,-30.23,-20.82,[],0,0,[],[]
25919690,25921200,NA,NOF,0.0,723,pause,NA,NA,NA,NA,0.0,0,-38.49,-28.89,[],0,0,[],[]
25921200,25922220,NA,OLN,0.0,723,pause,NA,NA,NA,NA,0.0,0,-29.35,-22.03,[],0,0,[],[]
25922220,25925580,NA,NOF,0.0,723,pause,NA,NA,NA,NA,0.0,0,-35.1,-16.11,[],0,0,[],[]
25925580,25926380,NA,SIL,0.0,723,pause,NA,NA,NA,NA,0.0,0,-38.43,-27.58,[],0,0,[],[]
25926380,25927440,NA,NOF,0.0,723,pause,NA,NA,NA,NA,0.0,0,-36.09,-24.42,[],0,0,[],[]
25927440,25929150,NA,OLF,0.0,723,pause,NA,NA,NA,NA,0.0,0,-41.43,-31.01,[],0,0,[],[]
25929150,25931060,NA,SIL,0.0,723,pause,NA,NA,NA,NA,0.0,0,-56.35,-50.3,[],0,0,[],[]
25931060,25931870,NA,NOF,0.0,723,pause,NA,NA,NA,NA,0.0,0,-20.35,-8.67,[],0,0,[],[]
25931870,25933910,NA,SIL,0.0,723,pause,NA,NA,NA,NA,0.0,0,-47.39,-39.45,[],0,0,[],[]
25933910,25934880,NA,NOF,0.0,723,pause,NA,NA,NA,NA,0.0,0,-20.56,-4.83,[],0,0,[],[]
25934880,25939480,NA,SIL,0.0,723,pause,NA,NA,NA,NA,0.0,0,-49.94,-36.64,[],0,0,[],[]
25939480,25940790,NA,FAF,0.0,723,pause,NA,NA,NA,NA,0.0,0,-48.52,-33.39,[],0,0,[],[]
25940790,25941590,NA,SIL,0.0,723,pause,NA,NA,NA,NA,0.0,0,-54.32,-50.25,[],0,0,[],[]
25941590,25942390,NA,NOF,0.0,723,pause,NA,NA,NA,NA,0.0,0,-36.91,-25.19,[],0,0,[],[]
25942390,25943520,NA,MAF,0.0,723,pause,NA,NA,NA,NA,0.0,0,-45.3,-29.74,[],0,0,[],[]
25943520,25949990,NA,SIL,0.0,723,pause,NA,NA,NA,NA,0.0,0,-51.74,-31.79,[],0,0,[],[]
25949990,25950790,NA,NOF,0.0,723,pause,NA,NA,NA,NA,0.0,0,-18.08,-5.25,[],0,0,[],[]
25950790,25951790,NA,FAF,0.0,723,pause,NA,NA,NA,NA,0.0,0,-35.74,-19.7,[],0,0,[],[]
25951790,25952590,NA,NOF,0.0,723,pause,NA,NA,NA,NA,0.0,0,-26.11,-10.07,[],0,0,[],[]
25952590,25953190,NA,FAF,0.0,723,pause,NA,NA,NA,NA,0.0,0,-40.93,-28.65,[],0,0,[],[]
25953190,25955980,NA,NOF,0.0,723,pause,NA,NA,NA,NA,0.0,0,-37.03,-16.52,[],0,0,[],[]
25955980,25960270,NA,SIL,0.0,723,pause,NA,NA,NA,NA,0.0,0,-51.83,-41.67,[],0,0,[],[]
25960270,25961270,NA,FAF,0.0,723,pause,NA,NA,NA,NA,0.0,0,-39.54,-24.36,[],0,0,[],[]
25961270,25965110,NA,SIL,0.0,723,pause,NA,NA,NA,NA,0.0,0,-53.07,-42.04,[],0,0,[],[]
25965110,25966110,NA,TVF,0.0,723,pause,NA,NA,NA,NA,0.0,0,-52.65,-46.97,[],0,0,[],[]
25966110,25968650,NA,SIL,0.0,723,pause,NA,NA,NA,NA,0.0,0,-55.49,-45.64,[],0,0,[],[]
25968650,25970140,NA,TVF,0.0,723,pause,NA,NA,NA,NA,0.0,0,-52.41,-42.46,[],0,0,[],[]
25970140,25975970,NA,SIL,0.0,723,pause,NA,NA,NA,NA,0.0,0,-54.7,-47.45,[],0,0,[],[]
25975970,25976770,NA,NOF,0.0,723,pause,NA,NA,NA,NA,0.0,0,-51.74,-43.96,[],0,0,[],[]
25976770,25977620,NA,SIL,0.0,723,pause,NA,NA,NA,NA,0.0,0,-55.26,-50.08,[],0,0,[],[]
25977620,25978770,NA,NOF,0.0,723,pause,NA,NA,NA,NA,0.0,0,-49.38,-39.9,[],0,0,[],[]
25978770,25980710,NA,SIL,0.0,723,pause,NA,NA,NA,NA,0.0,0,-52.75,-46.63,[],0,0,[],[]
25980710,25981740,NA,NON,0.0,723,pause,NA,NA,NA,NA,0.0,0,-18.74,-5.49,[],0,0,[],[]
25981740,25983540,NA,SIL,0.0,723,pause,NA,NA,NA,NA,0.0,0,-46.27,-33.44,[],0,0,[],[]
25983540,25984740,NA,FAF,0.0,723,pause,NA,NA,NA,NA,0.0,0,-47.63,-41.96,[],0,0,[],[]
25984740,25985610,NA,SIL,0.0,723,pause,NA,NA,NA,NA,0.0,0,-49.29,-44.44,[],0,0,[],[]
25985610,25989660,NA,NOF,0.0,723,pause,NA,NA,NA,NA,0.0,0,-21.95,-6.39,[],0,0,[],[]
25989660,25990620,NA,SIL,0.0,723,pause,NA,NA,NA,NA,0.0,0,-49.41,-42.95,[],0,0,[],[]
25990620,25992400,NA,NOF,0.0,723,pause,NA,NA,NA,NA,0.0,0,-23.17,-4.05,[],0,0,[],[]
25992400,25993270,NA,OLN,0.0,723,pause,NA,NA,NA,NA,0.0,0,-20.67,-5.38,[],0,0,[],[]
25993270,25995090,NA,SIL,0.0,723,pause,NA,NA,NA,NA,0.0,0,-43.0,-25.87,[],0,0,[],[]
25995090,25996060,NA,NOF,0.0,723,pause,NA,NA,NA,NA,0.0,0,-46.97,-38.41,[],0,0,[],[]
25996060,25997150,NA,SIL,0.0,723,pause,NA,NA,NA,NA,0.0,0,-50.74,-43.61,[],0,0,[],[]
25997150,25997950,NA,OLF,0.0,723,pause,NA,NA,NA,NA,0.0,0,-38.46,-25.22,[],0,0,[],[]
25997950,25998970,NA,NOF,0.0,723,pause,NA,NA,NA,NA,0.0,0,-45.79,-40.74,[],0,0,[],[]
25998970,25999900,CHI,CHN,0.0,723,CM,BC,0,NT,FI,1.0,760,-26.76,-17.04,"[{'Canonical-syllable': '0', 'Growl': '0', 'High-freq-energy': '1', 'Long-island': '1', 'Low-tilt-spectrum': '1', 'Medium-island': '0', 'Short-island': '0', 'Squeal': '0', 'Typical-entropy': '1', 'Voicing-quality': '1', 'Wide-band': '0', 'Xlong-island': '0', 'seq': '1', 'end': 25999.73, 'start': 25998.97}]",0,0,[],[]
25999900,26002610,NA,NOF,0.0,723,CM,NA,NA,NA,NA,0.0,0,-33.39,-17.89,[],0,0,[],[]
26002610,26003610,CHI,CHN,0.0,723,CM,RC,0,NT,FH,1.0,1000,-25.14,-18.92,"[{'Canonical-syllable': '0', 'Growl': '1', 'High-freq-energy': '1', 'Long-island': '0', 'Low-tilt-spectrum': '1', 'Medium-island': '0', 'Short-island': '0', 'Squeal': '0', 'Typical-entropy': '1', 'Voicing-quality': '1', 'Wide-band': '0', 'Xlong-island': '1', 'seq': '1', 'end': 26003.61, 'start': 26002.61}]",0,0,[],[]
26003610,26005960,NA,NOF,0.0,723,CM,NA,NA,NA,NA,0.0,0,-33.23,-14.59,[],0,0,[],[]
26005960,26006960,CHI,CHN,0.0,723,CM,RC,0,NT,FH,1.0,1000,-23.7,-15.58,"[{'Canonical-syllable': '0', 'Growl': '1', 'High-freq-energy': '1', 'Long-island': '0', 'Low-tilt-spectrum': '1', 'Medium-island': '0', 'Short-island': '0', 'Squeal': '0', 'Typical-entropy': '1', 'Voicing-quality': '1', 'Wide-band': '0', 'Xlong-island': '1', 'seq': '1', 'end': 26006.96, 'start': 26005.96}]",0,0,[],[]
26006960,26007760,NA,NON,0.0,723,CM,NA,NA,NA,NA,0.0,0,-31.58,-18.33,[],0,0,[],[]
26007760,26008420,CHI,CHN,0.0,723,CM,RC,0,NT,FH,1.0,660,-25.69,-14.83,"[{'Canonical-syllable': '0', 'Growl': '1', 'High-freq-energy': '1', 'Long-island': '1', 'Low-tilt-spectrum': '1', 'Medium-island': '0', 'Short-island': '0', 'Squeal': '0', 'Typical-entropy': '1', 'Voicing-quality': '1', 'Wide-band': '0', 'Xlong-island': '0', 'seq': '1', 'end': 26008.42, 'start': 26007.76}]",0,0,[],[]
26008420,26009330,NA,NOF,0.0,723,CM,NA,NA,NA,NA,0.0,0,-32.97,-21.4,[],0,0,[],[]
26009330,26009960,CHI,CHN,0.0,723,CM,EC,0,NT,FH,1.0,630,-26.6,-19.21,"[{'Canonical-syllable': '0', 'Growl': '1', 'High-freq-energy': '1', 'Long-island': '0', 'Low-tilt-spectrum': '1', 'Medium-island': '1', 'Short-island': '0', 'Squeal': '0', 'Typical-entropy': '1', 'Voicing-quality': '1', 'Wide-band': '1', 'Xlong-island': '0', 'seq': '1', 'end': 26009.96, 'start': 26009.33}]",0,0,[],[]
26009960,26011730,NA,NOF,0.0,724,pause,NA,NA,NA,NA,0.0,0,-35.79,-18.74,[],0,0,[],[]
26011730,26012580,NA,SIL,0.0,724,pause,NA,NA,NA,NA,0.0,0,-48.4,-38.75,[],0,0,[],[]
26012580,26013380,NA,NOF,0.0,724,pause,NA,NA,NA,NA,0.0,0,-36.13,-24.45,[],0,0,[],[]
26013380,26014230,NA,SIL,0.0,724,pause,NA,NA,NA,NA,0.0,0,-55.92,-52.05,[],0,0,[],[]
26014230,26015410,NA,NOF,0.0,724,pause,NA,NA,NA,NA,0.0,0,-41.55,-26.55,[],0,0,[],[]
26015410,26017960,NA,SIL,0.0,724,pause,NA,NA,NA,NA,0.0,0,-53.63,-40.67,[],0,0,[],[]
26017960,26018760,NA,NOF,0.0,724,pause,NA,NA,NA,NA,0.0,0,-26.13,-11.59,[],0,0,[],[]
26018760,26019560,NA,SIL,0.0,724,pause,NA,NA,NA,NA,0.0,0,-52.12,-44.08,[],0,0,[],[]
26019560,26020570,CHI,CHN,0.0,724,CM,EC,0,NT,FI,1.0,1010,-27.77,-21.18,"[{'Canonical-syllable': '0', 'Growl': '1', 'High-freq-energy': '1', 'Long-island': '0', 'Low-tilt-spectrum': '1', 'Medium-island': '0', 'Short-island': '0', 'Squeal': '0', 'Typical-entropy': '1', 'Voicing-quality': '1', 'Wide-band': '0', 'Xlong-island': '1', 'seq': '1', 'end': 26020.57, 'start': 26019.56}]",0,0,[],[]
26020570,26023310,NA,NON,0.0,725,pause,NA,NA,NA,NA,0.0,0,-24.13,-8.37,[],0,0,[],[]
26023310,26024110,NA,SIL,0.0,725,pause,NA,NA,NA,NA,0.0,0,-47.72,-37.71,[],0,0,[],[]
26024110,26024950,NA,NOF,0.0,725,pause,NA,NA,NA,NA,0.0,0,-47.34,-42.98,[],0,0,[],[]
26024950,26025750,NA,FAF,0.0,725,pause,NA,NA,NA,NA,0.0,0,-47.4,-42.05,[],0,0,[],[]
26025750,26028110,NA,NOF,0.0,725,pause,NA,NA,NA,NA,0.0,0,-33.93,-16.72,[],0,0,[],[]
26028110,26028920,NA,SIL,0.0,725,pause,NA,NA,NA,NA,0.0,0,-52.82,-47.48,[],0,0,[],[]
26028920,26030670,NA,NOF,0.0,725,pause,NA,NA,NA,NA,0.0,0,-50.72,-42.75,[],0,0,[],[]
26030670,26032060,NA,SIL,0.0,725,pause,NA,NA,NA,NA,0.0,0,-56.36,-47.23,[],0,0,[],[]
26032060,26033430,NA,NOF,0.0,725,pause,NA,NA,NA,NA,0.0,0,-51.46,-43.49,[],0,0,[],[]
26033430,26037820,NA,SIL,0.0,725,pause,NA,NA,NA,NA,0.0,0,-51.63,-36.24,[],0,0,[],[]
26037820,26038620,NA,NOF,0.0,725,pause,NA,NA,NA,NA,0.0,0,-49.06,-43.09,[],0,0,[],[]
26038620,26044450,NA,SIL,0.0,725,pause,NA,NA,NA,NA,0.0,0,-52.97,-38.65,[],0,0,[],[]
26044450,26045530,NA,CXF,0.0,725,pause,NA,NA,NA,NA,0.0,0,-48.5,-32.38,[],0,0,[],[]
26045530,26046330,NA,SIL,0.0,725,pause,NA,NA,NA,NA,0.0,0,-52.12,-47.63,[],0,0,[],[]
26046330,26047420,NA,NOF,0.0,725,pause,NA,NA,NA,NA,0.0,0,-40.77,-21.41,[],0,0,[],[]
26047420,26048230,NA,SIL,0.0,725,pause,NA,NA,NA,NA,0.0,0,-51.25,-44.64,[],0,0,[],[]
26048230,26050660,NA,NOF,0.0,725,pause,NA,NA,NA,NA,0.0,0,-29.34,-12.82,[],0,0,[],[]
26050660,26051650,NA,OLF,0.0,725,pause,NA,NA,NA,NA,0.0,0,-41.19,-37.2,[],0,0,[],[]
26051650,26052500,NA,NOF,0.0,725,pause,NA,NA,NA,NA,0.0,0,-46.48,-41.91,[],0,0,[],[]
26052500,26053320,NA,OLF,0.0,725,pause,NA,NA,NA,NA,0.0,0,-42.05,-35.76,[],0,0,[],[]
26053320,26054480,NA,NOF,0.0,725,pause,NA,NA,NA,NA,0.0,0,-51.73,-45.82,[],0,0,[],[]
26054480,26055080,NA,CHF,0.0,725,pause,NA,NA,NA,NA,0.0,0,-35.79,-26.81,[],0,350,[],"[{'start': 26054.59, 'end': 26054.94}]"
26055080,26056240,NA,CXF,0.0,725,pause,NA,NA,NA,NA,0.0,0,-47.47,-40.0,[],0,0,[],[]
26056240,26057040,NA,OLF,0.0,725,pause,NA,NA,NA,NA,0.0,0,-30.99,-18.57,[],0,0,[],[]
26057040,26058000,OCH,CXN,0.0,725,XIOCA,BC,0,NT,FI,0.0,0,-41.85,-34.11,[],0,0,[],[]
26058000,26059400,NA,FAF,0.0,725,XIOCA,NA,NA,NA,NA,0.0,0,-37.79,-27.31,[],0,0,[],[]
26059400,26060550,NA,NOF,0.0,725,XIOCA,NA,NA,NA,NA,0.0,0,-48.54,-40.77,[],0,0,[],[]
26060550,26061150,OCH,CXN,0.0,725,XIOCA,RC,0,NT,FH,0.0,0,-32.24,-26.08,[],0,0,[],[]
26061150,26062150,NA,FAF,0.0,725,XIOCA,NA,NA,NA,NA,0.0,0,-44.2,-36.98,[],0,0,[],[]
26062150,26063360,NA,NOF,0.0,725,XIOCA,NA,NA,NA,NA,0.0,0,-49.39,-43.27,[],0,0,[],[]
26063360,26064160,OCH,CXN,0.0,725,XIOCA,RC,0,NT,FH,0.0,0,-45.93,-37.26,[],0,0,[],[]
26064160,26065220,FEM,FAN,6.83,725,XIOCA,EC,0,NT,FI,0.0,0,-35.12,-26.21,[],0,0,[],[]
26065220,26066310,NA,OLF,0.0,726,pause,NA,NA,NA,NA,0.0,0,-46.93,-39.73,[],0,0,[],[]
26066310,26067300,NA,SIL,0.0,726,pause,NA,NA,NA,NA,0.0,0,-48.56,-39.76,[],0,0,[],[]
26067300,26068400,NA,TVF,0.0,726,pause,NA,NA,NA,NA,0.0,0,-48.67,-43.02,[],0,0,[],[]
26068400,26069200,NA,CXF,0.0,726,pause,NA,NA,NA,NA,0.0,0,-35.31,-25.97,[],0,0,[],[]
26069200,26070630,NA,FAF,0.0,726,pause,NA,NA,NA,NA,0.0,0,-45.31,-32.8,[],0,0,[],[]
26070630,26071800,NA,SIL,0.0,726,pause,NA,NA,NA,NA,0.0,0,-52.11,-46.89,[],0,0,[],[]
26071800,26072800,NA,TVF,0.0,726,pause,NA,NA,NA,NA,0.0,0,-51.65,-45.1,[],0,0,[],[]
26072800,26074940,NA,SIL,0.0,726,pause,NA,NA,NA,NA,0.0,0,-50.36,-39.16,[],0,0,[],[]
26074940,26076480,NA,NOF,0.0,726,pause,NA,NA,NA,NA,0.0,0,-45.35,-33.78,[],0,0,[],[]
26076480,26077280,NA,SIL,0.0,726,pause,NA,NA,NA,NA,0.0,0,-50.7,-46.87,[],0,0,[],[]
26077280,26078080,OCH,CXN,0.0,726,XM,BC,0,NT,FI,0.0,0,-38.17,-29.29,[],0,0,[],[]
26078080,26079100,NA,CXF,0.0,726,XM,NA,NA,NA,NA,0.0,0,-43.24,-26.94,[],0,0,[],[]
26079100,26080180,NA,NOF,0.0,726,XM,NA,NA,NA,NA,0.0,0,-49.94,-43.59,[],0,0,[],[]
26080180,26080980,NA,CXF,0.0,726,XM,NA,NA,NA,NA,0.0,0,-37.81,-27.06,[],0,0,[],[]
26080980,26082020,NA,TVN,0.0,726,XM,NA,NA,NA,NA,0.0,0,-49.71,-44.65,[],0,0,[],[]
26082020,26082830,OCH,CXN,0.0,726,XM,EC,0,NT,FH,0.0,0,-50.07,-40.93,[],0,0,[],[]
26082830,26083630,NA,TVF,0.0,727,pause,NA,NA,NA,NA,0.0,0,-43.93,-33.37,[],0,0,[],[]
26083630,26084980,NA,OLF,0.0,727,pause,NA,NA,NA,NA,0.0,0,-39.91,-33.98,[],0,0,[],[]
26084980,26085980,NA,TVF,0.0,727,pause,NA,NA,NA,NA,0.0,0,-42.11,-32.15,[],0,0,[],[]
26085980,26087490,NA,FAF,0.0,727,pause,NA,NA,NA,NA,0.0,0,-40.94,-28.2,[],0,0,[],[]
26087490,26088310,NA,SIL,0.0,727,pause,NA,NA,NA,NA,0.0,0,-57.28,-48.53,[],0,0,[],[]
26088310,26089510,NA,TVF,0.0,727,pause,NA,NA,NA,NA,0.0,0,-51.04,-44.22,[],0,0,[],[]
26089510,26090670,NA,CXF,0.0,727,pause,NA,NA,NA,NA,0.0,0,-49.98,-41.98,[],0,0,[],[]
26090670,26091770,NA,TVN,0.0,727,pause,NA,NA,NA,NA,0.0,0,-43.62,-27.6,[],0,0,[],[]
26091770,26094680,NA,CXF,0.0,727,pause,NA,NA,NA,NA,0.0,0,-46.73,-36.95,[],0,0,[],[]
26094680,26095480,NA,SIL,0.0,727,pause,NA,NA,NA,NA,0.0,0,-41.43,-31.58,[],0,0,[],[]
26095480,26096420,NA,CXF,0.0,727,pause,NA,NA,NA,NA,0.0,0,-48.88,-43.72,[],0,0,[],[]
26096420,26097660,NA,SIL,0.0,727,pause,NA,NA,NA,NA,0.0,0,-52.03,-43.86,[],0,0,[],[]
26097660,26098630,NA,CXF,0.0,727,pause,NA,NA,NA,NA,0.0,0,-49.48,-45.39,[],0,0,[],[]
26098630,26100910,NA,SIL,0.0,727,pause,NA,NA,NA,NA,0.0,0,-54.28,-49.03,[],0,0,[],[]
26100910,26101710,NA,NOF,0.0,727,pause,NA,NA,NA,NA,0.0,0,-51.22,-43.78,[],0,0,[],[]
26101710,26102600,NA,SIL,0.0,727,pause,NA,NA,NA,NA,0.0,0,-54.08,-43.92,[],0,0,[],[]
26102600,26104910,NA,TVF,0.0,727,pause,NA,NA,NA,NA,0.0,0,-50.15,-43.28,[],0,0,[],[]
26104910,26105710,NA,SIL,0.0,727,pause,NA,NA,NA,NA,0.0,0,-50.51,-43.0,[],0,0,[],[]
26105710,26106510,NA,CXF,0.0,727,pause,NA,NA,NA,NA,0.0,0,-49.27,-40.82,[],0,0,[],[]
26106510,26109890,NA,SIL,0.0,727,pause,NA,NA,NA,NA,0.0,0,-52.95,-47.93,[],0,0,[],[]
26109890,26110710,NA,NOF,0.0,727,pause,NA,NA,NA,NA,0.0,0,-50.61,-47.16,[],0,0,[],[]
26110710,26112020,NA,SIL,0.0,727,pause,NA,NA,NA,NA,0.0,0,-52.7,-44.71,[],0,0,[],[]
26112020,26112820,NA,NOF,0.0,727,pause,NA,NA,NA,NA,0.0,0,-50.15,-45.68,[],0,0,[],[]
26112820,26115520,NA,TVF,0.0,727,pause,NA,NA,NA,NA,0.0,0,-46.6,-40.12,[],0,0,[],[]
26115520,26116420,NA,OLF,0.0,727,pause,NA,NA,NA,NA,0.0,0,-43.3,-35.83,[],0,0,[],[]
26116420,26117280,NA,SIL,0.0,727,pause,NA,NA,NA,NA,0.0,0,-53.16,-48.93,[],0,0,[],[]
26117280,26120010,NA,TVF,0.0,727,pause,NA,NA,NA,NA,0.0,0,-47.68,-39.69,[],0,0,[],[]
26120010,26121010,NA,FAF,0.0,727,pause,NA,NA,NA,NA,0.0,0,-43.74,-37.78,[],0,0,[],[]
26121010,26122170,NA,TVF,0.0,727,pause,NA,NA,NA,NA,0.0,0,-47.61,-42.99,[],0,0,[],[]
26122170,26124070,NA,SIL,0.0,727,pause,NA,NA,NA,NA,0.0,0,-52.3,-45.13,[],0,0,[],[]
26124070,26125070,NA,CXF,0.0,727,pause,NA,NA,NA,NA,0.0,0,-48.17,-40.75,[],0,0,[],[]
26125070,26125880,NA,NOF,0.0,727,pause,NA,NA,NA,NA,0.0,0,-44.58,-39.35,[],0,0,[],[]
26125880,26126960,NA,SIL,0.0,727,pause,NA,NA,NA,NA,0.0,0,-54.14,-49.08,[],0,0,[],[]
26126960,26128300,NA,MAF,0.0,727,pause,NA,NA,NA,NA,0.0,0,-43.5,-36.84,[],0,0,[],[]
26128300,26130590,NA,NOF,0.0,727,pause,NA,NA,NA,NA,0.0,0,-48.32,-41.81,[],0,0,[],[]
26130590,26133120,NA,TVF,0.0,727,pause,NA,NA,NA,NA,0.0,0,-48.72,-41.0,[],0,0,[],[]
26133120,26134080,NA,SIL,0.0,727,pause,NA,NA,NA,NA,0.0,0,-51.96,-48.56,[],0,0,[],[]
26134080,26134950,NA,CXF,0.0,727,pause,NA,NA,NA,NA,0.0,0,-41.85,-25.1,[],0,0,[],[]
26134950,26136570,NA,SIL,0.0,727,pause,NA,NA,NA,NA,0.0,0,-55.67,-51.89,[],0,0,[],[]
26136570,26137570,NA,MAF,0.0,727,pause,NA,NA,NA,NA,0.0,0,-43.47,-37.37,[],0,0,[],[]
26137570,26141010,NA,SIL,0.0,727,pause,NA,NA,NA,NA,0.0,0,-51.2,-36.3,[],0,0,[],[]
26141010,26142130,NA,TVF,0.0,727,pause,NA,NA,NA,NA,0.0,0,-47.19,-42.19,[],0,0,[],[]
26142130,26142930,NA,SIL,0.0,727,pause,NA,NA,NA,NA,0.0,0,-52.69,-45.56,[],0,0,[],[]
26142930,26147280,NA,TVF,0.0,727,pause,NA,NA,NA,NA,0.0,0,-47.48,-37.77,[],0,0,[],[]
26147280,26150710,NA,SIL,0.0,727,pause,NA,NA,NA,NA,0.0,0,-51.8,-38.7,[],0,0,[],[]
26150710,26151780,NA,TVF,0.0,727,pause,NA,NA,NA,NA,0.0,0,-45.39,-36.0,[],0,0,[],[]
26151780,26156050,NA,SIL,0.0,727,pause,NA,NA,NA,NA,0.0,0,-52.45,-37.78,[],0,0,[],[]
26156050,26156940,OCH,CXN,0.0,727,XM,EC,0,NT,FI,0.0,0,-35.3,-29.4,[],0,0,[],[]
26156940,26158790,NA,NOF,0.0,728,pause,NA,NA,NA,NA,0.0,0,-47.58,-38.5,[],0,0,[],[]
26158790,26160130,NA,FAF,0.0,728,pause,NA,NA,NA,NA,0.0,0,-46.9,-35.0,[],0,0,[],[]
26160130,26163630,NA,SIL,0.0,728,pause,NA,NA,NA,NA,0.0,0,-46.42,-29.67,[],0,0,[],[]
26163630,26164840,NA,NOF,0.0,728,pause,NA,NA,NA,NA,0.0,0,-48.85,-41.79,[],0,0,[],[]
26164840,26166890,NA,SIL,0.0,728,pause,NA,NA,NA,NA,0.0,0,-45.54,-31.43,[],0,0,[],[]
26166890,26167690,NA,CXF,0.0,728,pause,NA,NA,NA,NA,0.0,0,-46.81,-35.23,[],0,0,[],[]
26167690,26169160,NA,SIL,0.0,728,pause,NA,NA,NA,NA,0.0,0,-53.59,-47.22,[],0,0,[],[]
26169160,26170160,NA,TVF,0.0,728,pause,NA,NA,NA,NA,0.0,0,-50.48,-41.97,[],0,0,[],[]
26170160,26176170,NA,SIL,0.0,728,pause,NA,NA,NA,NA,0.0,0,-50.36,-38.72,[],0,0,[],[]
26176170,26176970,NA,FAF,0.0,728,pause,NA,NA,NA,NA,0.0,0,-44.9,-31.69,[],0,0,[],[]
26176970,26178630,NA,SIL,0.0,728,pause,NA,NA,NA,NA,0.0,0,-47.41,-32.57,[],0,0,[],[]
26178630,26180660,NA,CXF,0.0,728,pause,NA,NA,NA,NA,0.0,0,-44.03,-30.85,[],0,0,[],[]
26180660,26181820,NA,MAF,0.0,728,pause,NA,NA,NA,NA,0.0,0,-33.79,-16.64,[],0,0,[],[]
26181820,26182910,NA,OLF,0.0,728,pause,NA,NA,NA,NA,0.0,0,-34.56,-16.24,[],0,0,[],[]
26182910,26183820,NA,SIL,0.0,728,pause,NA,NA,NA,NA,0.0,0,-42.63,-27.16,[],0,0,[],[]
26183820,26185300,NA,TVF,0.0,728,pause,NA,NA,NA,NA,0.0,0,-45.54,-32.71,[],0,0,[],[]
26185300,26186110,NA,MAF,0.0,728,pause,NA,NA,NA,NA,0.0,0,-37.27,-20.75,[],0,0,[],[]
26186110,26187410,NA,SIL,0.0,728,pause,NA,NA,NA,NA,0.0,0,-45.66,-29.35,[],0,0,[],[]
26187410,26188920,NA,TVF,0.0,728,pause,NA,NA,NA,NA,0.0,0,-35.11,-19.65,[],0,0,[],[]
26188920,26189720,NA,SIL,0.0,728,pause,NA,NA,NA,NA,0.0,0,-38.8,-23.54,[],0,0,[],[]
26189720,26191140,NA,NOF,0.0,728,pause,NA,NA,NA,NA,0.0,0,-41.54,-28.15,[],0,0,[],[]
26191140,26192200,NA,FAF,0.0,728,pause,NA,NA,NA,NA,0.0,0,-35.2,-19.17,[],0,0,[],[]
26192200,26193590,NA,NOF,0.0,728,pause,NA,NA,NA,NA,0.0,0,-45.89,-32.39,[],0,0,[],[]
26193590,26197250,NA,OLF,0.0,728,pause,NA,NA,NA,NA,0.0,0,-41.01,-32.82,[],0,0,[],[]
26197250,26198450,NA,NOF,0.0,728,pause,NA,NA,NA,NA,0.0,0,-36.9,-20.15,[],0,0,[],[]
26198450,26199110,NA,CXF,0.0,728,pause,NA,NA,NA,NA,0.0,0,-45.06,-34.08,[],0,0,[],[]
26199110,26200290,NA,NOF,0.0,728,pause,NA,NA,NA,NA,0.0,0,-49.33,-44.22,[],0,0,[],[]
26200290,26202180,NA,OLF,0.0,728,pause,NA,NA,NA,NA,0.0,0,-40.39,-21.88,[],0,0,[],[]
26202180,26204660,NA,TVF,0.0,728,pause,NA,NA,NA,NA,0.0,0,-44.82,-31.47,[],0,0,[],[]
26204660,26205460,NA,OLF,0.0,728,pause,NA,NA,NA,NA,0.0,0,-41.53,-26.65,[],0,0,[],[]
26205460,26206260,NA,SIL,0.0,728,pause,NA,NA,NA,NA,0.0,0,-53.08,-47.76,[],0,0,[],[]
26206260,26207140,NA,FAF,0.0,728,pause,NA,NA,NA,NA,0.0,0,-47.39,-35.58,[],0,0,[],[]
26207140,26207940,NA,SIL,0.0,728,pause,NA,NA,NA,NA,0.0,0,-53.31,-45.1,[],0,0,[],[]
26207940,26209330,NA,OLF,0.0,728,pause,NA,NA,NA,NA,0.0,0,-30.68,-10.49,[],0,0,[],[]
26209330,26212330,NA,NOF,0.0,728,pause,NA,NA,NA,NA,0.0,0,-28.73,-4.62,[],0,0,[],[]
26212330,26214620,NA,OLF,0.0,728,pause,NA,NA,NA,NA,0.0,0,-35.24,-18.36,[],0,0,[],[]
26214620,26215880,NA,NOF,0.0,728,pause,NA,NA,NA,NA,0.0,0,-39.32,-23.23,[],0,0,[],[]
26215880,26216680,NA,SIL,0.0,728,pause,NA,NA,NA,NA,0.0,0,-49.7,-40.49,[],0,0,[],[]
26216680,26219130,NA,NOF,0.0,728,pause,NA,NA,NA,NA,0.0,0,-47.53,-39.42,[],0,0,[],[]
26219130,26219950,NA,OLF,0.0,728,pause,NA,NA,NA,NA,0.0,0,-28.75,-15.71,[],0,0,[],[]
26219950,26222000,NA,NOF,0.0,728,pause,NA,NA,NA,NA,0.0,0,-32.49,-11.78,[],0,0,[],[]
26222000,26223140,NA,SIL,0.0,728,pause,NA,NA,NA,NA,0.0,0,-55.8,-50.66,[],0,0,[],[]
26223140,26223940,NA,CHF,0.0,728,pause,NA,NA,NA,NA,0.0,0,-51.4,-44.5,[],0,800,[],"[{'start': 26223.14, 'end': 26223.94}]"
26223940,26224740,NA,SIL,0.0,728,pause,NA,NA,NA,NA,0.0,0,-53.79,-47.15,[],0,0,[],[]
26224740,26226340,NA,FAF,0.0,728,pause,NA,NA,NA,NA,0.0,0,-46.26,-39.0,[],0,0,[],[]
26226340,26232910,NA,NOF,0.0,728,pause,NA,NA,NA,NA,0.0,0,-44.36,-21.89,[],0,0,[],[]
26232910,26233990,NA,TVF,0.0,728,pause,NA,NA,NA,NA,0.0,0,-49.15,-40.95,[],0,0,[],[]
26233990,26235020,NA,SIL,0.0,728,pause,NA,NA,NA,NA,0.0,0,-51.3,-46.37,[],0,0,[],[]
26235020,26236340,NA,OLF,0.0,728,pause,NA,NA,NA,NA,0.0,0,-40.33,-31.91,[],0,0,[],[]
26236340,26239170,NA,NOF,0.0,728,pause,NA,NA,NA,NA,0.0,0,-42.97,-29.61,[],0,0,[],[]
26239170,26240740,NA,SIL,0.0,728,pause,NA,NA,NA,NA,0.0,0,-50.79,-41.94,[],0,0,[],[]
26240740,26242740,NA,NOF,0.0,728,pause,NA,NA,NA,NA,0.0,0,-45.34,-31.51,[],0,0,[],[]
26242740,26244130,NA,SIL,0.0,728,pause,NA,NA,NA,NA,0.0,0,-49.68,-42.68,[],0,0,[],[]
26244130,26245700,NA,NOF,0.0,728,pause,NA,NA,NA,NA,0.0,0,-40.46,-25.43,[],0,0,[],[]
26245700,26246930,NA,SIL,0.0,728,pause,NA,NA,NA,NA,0.0,0,-51.48,-42.13,[],0,0,[],[]
26246930,26247970,NA,TVF,0.0,728,pause,NA,NA,NA,NA,0.0,0,-48.27,-43.89,[],0,0,[],[]
26247970,26249490,NA,OLF,0.0,728,pause,NA,NA,NA,NA,0.0,0,-40.63,-33.66,[],0,0,[],[]
26249490,26250470,NA,NOF,0.0,728,pause,NA,NA,NA,NA,0.0,0,-44.16,-33.59,[],0,0,[],[]
26250470,26251500,NA,OLN,0.0,728,pause,NA,NA,NA,NA,0.0,0,-38.88,-35.27,[],0,0,[],[]
26251500,26252300,NA,NOF,0.0,728,pause,NA,NA,NA,NA,0.0,0,-42.04,-36.18,[],0,0,[],[]
26252300,26253370,NA,TVF,0.0,728,pause,NA,NA,NA,NA,0.0,0,-42.77,-36.28,[],0,0,[],[]
26253370,26254260,NA,CXF,0.0,728,pause,NA,NA,NA,NA,0.0,0,-40.79,-31.84,[],0,0,[],[]
26254260,26255260,NA,TVF,0.0,728,pause,NA,NA,NA,NA,0.0,0,-45.61,-41.48,[],0,0,[],[]
26255260,26262050,NA,OLF,0.0,728,pause,NA,NA,NA,NA,0.0,0,-24.46,-4.29,[],0,0,[],[]
26262050,26262850,NA,NOF,0.0,728,pause,NA,NA,NA,NA,0.0,0,-40.89,-36.88,[],0,0,[],[]
26262850,26263730,NA,OLF,0.0,728,pause,NA,NA,NA,NA,0.0,0,-38.03,-26.81,[],0,0,[],[]
26263730,26264750,NA,TVF,0.0,728,pause,NA,NA,NA,NA,0.0,0,-40.93,-34.99,[],0,0,[],[]
26264750,26266420,NA,OLF,0.0,728,pause,NA,NA,NA,NA,0.0,0,-40.9,-31.18,[],0,0,[],[]
26266420,26268500,NA,NOF,0.0,728,pause,NA,NA,NA,NA,0.0,0,-41.46,-25.42,[],0,0,[],[]
26268500,26269300,NA,SIL,0.0,728,pause,NA,NA,NA,NA,0.0,0,-46.77,-41.67,[],0,0,[],[]
26269300,26270350,NA,TVF,0.0,728,pause,NA,NA,NA,NA,0.0,0,-41.22,-30.34,[],0,0,[],[]
26270350,26271340,NA,OLF,0.0,728,pause,NA,NA,NA,NA,0.0,0,-36.62,-23.09,[],0,0,[],[]
26271340,26272740,NA,SIL,0.0,728,pause,NA,NA,NA,NA,0.0,0,-48.49,-41.72,[],0,0,[],[]
26272740,26273540,NA,FAF,0.0,728,pause,NA,NA,NA,NA,0.0,0,-50.29,-46.26,[],0,0,[],[]
26273540,26274350,NA,SIL,0.0,728,pause,NA,NA,NA,NA,0.0,0,-50.22,-45.11,[],0,0,[],[]
26274350,26276380,NA,OLF,0.0,728,pause,NA,NA,NA,NA,0.0,0,-22.63,-5.77,[],0,0,[],[]
26276380,26277180,NA,SIL,0.0,728,pause,NA,NA,NA,NA,0.0,0,-48.26,-43.31,[],0,0,[],[]
26277180,26277990,NA,NOF,0.0,728,pause,NA,NA,NA,NA,0.0,0,-46.32,-42.12,[],0,0,[],[]
26277990,26278790,NA,CXF,0.0,728,pause,NA,NA,NA,NA,0.0,0,-43.0,-34.53,[],0,0,[],[]
26278790,26279800,NA,TVF,0.0,728,pause,NA,NA,NA,NA,0.0,0,-47.6,-42.61,[],0,0,[],[]
26279800,26280600,NA,CXF,0.0,728,pause,NA,NA,NA,NA,0.0,0,-45.73,-38.05,[],0,0,[],[]
26280600,26281750,NA,SIL,0.0,728,pause,NA,NA,NA,NA,0.0,0,-54.0,-48.79,[],0,0,[],[]
26281750,26282560,NA,CXF,0.0,728,pause,NA,NA,NA,NA,0.0,0,-46.77,-42.02,[],0,0,[],[]
26282560,26283700,NA,NOF,0.0,728,pause,NA,NA,NA,NA,0.0,0,-45.49,-37.28,[],0,0,[],[]
26283700,26284630,NA,OLF,0.0,728,pause,NA,NA,NA,NA,0.0,0,-28.21,-16.99,[],0,0,[],[]
26284630,26285790,NA,NOF,0.0,728,pause,NA,NA,NA,NA,0.0,0,-41.93,-31.95,[],0,0,[],[]
26285790,26286530,CHI,CHN,0.0,728,pause,NA,NA,NA,NA,0.0,0,-23.85,-8.75,[],0,0,[],[]
26286530,26290790,NA,NOF,0.0,728,pause,NA,NA,NA,NA,0.0,0,-31.97,-12.63,[],0,0,[],[]
26290790,26291590,NA,OLN,0.0,728,pause,NA,NA,NA,NA,0.0,0,-33.39,-24.47,[],0,0,[],[]
26291590,26292240,NA,CHF,0.0,728,pause,NA,NA,NA,NA,0.0,0,-42.2,-30.63,[],0,650,[],"[{'start': 26291.59, 'end': 26292.24}]"
26292240,26293240,NA,TVF,0.0,728,pause,NA,NA,NA,NA,0.0,0,-48.87,-45.37,[],0,0,[],[]
26293240,26295500,NA,OLF,0.0,728,pause,NA,NA,NA,NA,0.0,0,-45.27,-34.37,[],0,0,[],[]
26295500,26296550,NA,FAF,0.0,728,pause,NA,NA,NA,NA,0.0,0,-40.54,-31.93,[],0,0,[],[]
26296550,26297200,NA,CHF,0.0,728,CM,EC,0,NT,FI,1.0,200,-42.6,-32.16,"[{'Canonical-syllable': '0', 'Growl': '1', 'High-freq-energy': '0', 'Long-island': '0', 'Low-tilt-spectrum': '1', 'Medium-island': '0', 'Short-island': '1', 'Squeal': '0', 'Typical-entropy': '0', 'Voicing-quality': '1', 'Wide-band': '0', 'Xlong-island': '0', 'seq': '1', 'end': 26297.2, 'start': 26297.0}]",0,0,[],[]
26297200,26298500,NA,FAF,0.0,729,pause,NA,NA,NA,NA,0.0,0,-48.03,-38.85,[],0,0,[],[]
26298500,26300360,NA,SIL,0.0,729,pause,NA,NA,NA,NA,0.0,0,-55.94,-48.14,[],0,0,[],[]
26300360,26301350,NA,CXF,0.0,729,pause,NA,NA,NA,NA,0.0,0,-48.36,-41.15,[],0,0,[],[]
26301350,26302150,NA,SIL,0.0,729,pause,NA,NA,NA,NA,0.0,0,-55.34,-47.81,[],0,0,[],[]
26302150,26302950,NA,CXF,0.0,729,pause,NA,NA,NA,NA,0.0,0,-49.46,-41.61,[],0,0,[],[]
26302950,26307220,NA,SIL,0.0,729,pause,NA,NA,NA,NA,0.0,0,-53.68,-48.1,[],0,0,[],[]
26307220,26308040,NA,NOF,0.0,729,pause,NA,NA,NA,NA,0.0,0,-48.75,-43.31,[],0,0,[],[]
26308040,26308840,NA,SIL,0.0,729,pause,NA,NA,NA,NA,0.0,0,-51.29,-47.03,[],0,0,[],[]
26308840,26309640,NA,CHF,0.0,729,pause,NA,NA,NA,NA,0.0,0,-41.05,-30.37,[],0,800,[],"[{'start': 26308.84, 'end': 26309.64}]"
26309640,26311990,NA,SIL,0.0,729,pause,NA,NA,NA,NA,0.0,0,-54.78,-47.49,[],0,0,[],[]
26311990,26313770,NA,NOF,0.0,729,pause,NA,NA,NA,NA,0.0,0,-50.8,-43.89,[],0,0,[],[]
26313770,26314580,NA,SIL,0.0,729,pause,NA,NA,NA,NA,0.0,0,-55.87,-49.99,[],0,0,[],[]
26314580,26315410,NA,NOF,0.0,729,pause,NA,NA,NA,NA,0.0,0,-48.38,-41.29,[],0,0,[],[]
26315410,26320200,NA,SIL,0.0,729,pause,NA,NA,NA,NA,0.0,0,-53.5,-43.87,[],0,0,[],[]
26320200,26321570,NA,NOF,0.0,729,pause,NA,NA,NA,NA,0.0,0,-50.03,-41.64,[],0,0,[],[]
26321570,26324020,NA,SIL,0.0,729,pause,NA,NA,NA,NA,0.0,0,-54.09,-42.8,[],0,0,[],[]
26324020,26324820,NA,NOF,0.0,729,pause,NA,NA,NA,NA,0.0,0,-38.37,-29.1,[],0,0,[],[]
26324820,26330120,NA,SIL,0.0,729,pause,NA,NA,NA,NA,0.0,0,-56.18,-46.79,[],0,0,[],[]
26330120,26331890,NA,NOF,0.0,729,pause,NA,NA,NA,NA,0.0,0,-51.71,-46.45,[],0,0,[],[]
26331890,26332690,NA,SIL,0.0,729,pause,NA,NA,NA,NA,0.0,0,-55.06,-47.54,[],0,0,[],[]
26332690,26338990,NA,NOF,0.0,729,pause,NA,NA,NA,NA,0.0,0,-42.4,-23.65,[],0,0,[],[]
26338990,26340570,NA,SIL,0.0,729,pause,NA,NA,NA,NA,0.0,0,-53.85,-49.0,[],0,0,[],[]
26340570,26341410,CHI,CHN,0.0,729,CM,BC,0,NT,FI,1.0,840,-29.49,-24.16,"[{'Canonical-syllable': '0', 'Growl': '1', 'High-freq-energy': '1', 'Long-island': '1', 'Low-tilt-spectrum': '1', 'Medium-island': '0', 'Short-island': '0', 'Squeal': '0', 'Typical-entropy': '1', 'Voicing-quality': '1', 'Wide-band': '1', 'Xlong-island': '0', 'seq': '1', 'end': 26341.41, 'start': 26340.57}]",0,0,[],[]
26341410,26342210,NA,NOF,0.0,729,CM,NA,NA,NA,NA,0.0,0,-35.72,-25.8,[],0,0,[],[]
26342210,26343210,CHI,CHN,0.0,729,CM,EC,0,NT,FH,1.0,1000,-31.12,-23.93,"[{'Canonical-syllable': '0', 'Growl': '1', 'High-freq-energy': '1', 'Long-island': '0', 'Low-tilt-spectrum': '1', 'Medium-island': '0', 'Short-island': '0', 'Squeal': '0', 'Typical-entropy': '1', 'Voicing-quality': '1', 'Wide-band': '0', 'Xlong-island': '1', 'seq': '1', 'end': 26343.21, 'start': 26342.21}]",0,0,[],[]
26343210,26346750,NA,NOF,0.0,730,pause,NA,NA,NA,NA,0.0,0,-30.55,-9.28,[],0,0,[],[]
26346750,26349630,NA,SIL,0.0,730,pause,NA,NA,NA,NA,0.0,0,-52.84,-41.4,[],0,0,[],[]
26349630,26351180,NA,NOF,0.0,730,pause,NA,NA,NA,NA,0.0,0,-47.91,-34.0,[],0,0,[],[]
26351180,26352050,NA,SIL,0.0,730,pause,NA,NA,NA,NA,0.0,0,-58.31,-54.47,[],0,0,[],[]
26352050,26353900,NA,NOF,0.0,730,pause,NA,NA,NA,NA,0.0,0,-48.32,-36.64,[],0,0,[],[]
26353900,26354500,OCH,CXN,0.0,730,XIOCA,BC,0,NT,FI,0.0,0,-34.32,-27.82,[],0,0,[],[]
26354500,26355500,OCH,CXN,0.0,730,XIOCA,RC,0,NT,FH,0.0,0,-38.82,-28.5,[],0,0,[],[]
26355500,26356900,NA,SIL,0.0,730,XIOCA,NA,NA,NA,NA,0.0,0,-56.8,-50.54,[],0,0,[],[]
26356900,26357830,NA,FAF,0.0,730,XIOCA,NA,NA,NA,NA,0.0,0,-52.19,-40.27,[],0,0,[],[]
26357830,26358440,FEM,FAN,2.27,730,XIOCA,EC,0,NT,FI,0.0,0,-36.32,-31.22,[],0,0,[],[]
26358440,26359240,NA,SIL,0.0,731,pause,NA,NA,NA,NA,0.0,0,-49.36,-38.07,[],0,0,[],[]
26359240,26360580,NA,FAF,0.0,731,pause,NA,NA,NA,NA,0.0,0,-41.32,-31.92,[],0,0,[],[]
26360580,26363070,NA,NOF,0.0,731,pause,NA,NA,NA,NA,0.0,0,-45.76,-34.31,[],0,0,[],[]
26363070,26363870,NA,SIL,0.0,731,pause,NA,NA,NA,NA,0.0,0,-47.63,-37.74,[],0,0,[],[]
26363870,26365300,NA,MAF,0.0,731,pause,NA,NA,NA,NA,0.0,0,-43.7,-38.49,[],0,0,[],[]
26365300,26366410,NA,TVN,0.0,731,pause,NA,NA,NA,NA,0.0,0,-46.49,-39.77,[],0,0,[],[]
26366410,26367210,NA,SIL,0.0,731,pause,NA,NA,NA,NA,0.0,0,-55.74,-51.88,[],0,0,[],[]
26367210,26368510,NA,NOF,0.0,731,pause,NA,NA,NA,NA,0.0,0,-45.67,-35.11,[],0,0,[],[]
26368510,26369510,NA,TVN,0.0,731,pause,NA,NA,NA,NA,0.0,0,-43.84,-38.49,[],0,0,[],[]
26369510,26371660,NA,NOF,0.0,731,pause,NA,NA,NA,NA,0.0,0,-44.0,-34.01,[],0,0,[],[]
26371660,26373770,NA,OLF,0.0,731,pause,NA,NA,NA,NA,0.0,0,-43.1,-31.56,[],0,0,[],[]
26373770,26377340,NA,TVF,0.0,731,pause,NA,NA,NA,NA,0.0,0,-42.18,-35.07,[],0,0,[],[]
26377340,26378140,NA,OLF,0.0,731,pause,NA,NA,NA,NA,0.0,0,-26.13,-8.5,[],0,0,[],[]
26378140,26381820,NA,SIL,0.0,731,pause,NA,NA,NA,NA,0.0,0,-54.72,-44.61,[],0,0,[],[]
26381820,26382660,NA,NOF,0.0,731,pause,NA,NA,NA,NA,0.0,0,-50.71,-45.45,[],0,0,[],[]
26382660,26383860,NA,SIL,0.0,731,pause,NA,NA,NA,NA,0.0,0,-52.59,-48.16,[],0,0,[],[]
26383860,26385380,NA,NOF,0.0,731,pause,NA,NA,NA,NA,0.0,0,-46.84,-34.2,[],0,0,[],[]
26385380,26386220,NA,SIL,0.0,731,pause,NA,NA,NA,NA,0.0,0,-51.04,-37.69,[],0,0,[],[]
26386220,26389560,NA,NOF,0.0,731,pause,NA,NA,NA,NA,0.0,0,-43.55,-24.33,[],0,0,[],[]
26389560,26391090,NA,SIL,0.0,731,pause,NA,NA,NA,NA,0.0,0,-52.37,-46.23,[],0,0,[],[]
26391090,26391890,NA,NOF,0.0,731,pause,NA,NA,NA,NA,0.0,0,-47.25,-39.29,[],0,0,[],[]
26391890,26394870,NA,OLF,0.0,731,pause,NA,NA,NA,NA,0.0,0,-44.07,-34.4,[],0,0,[],[]
26394870,26396370,NA,NOF,0.0,731,pause,NA,NA,NA,NA,0.0,0,-38.16,-27.61,[],0,0,[],[]
26396370,26397750,NA,OLF,0.0,731,pause,NA,NA,NA,NA,0.0,0,-34.36,-22.41,[],0,0,[],[]
26397750,26398560,NA,CXF,0.0,731,pause,NA,NA,NA,NA,0.0,0,-40.27,-35.7,[],0,0,[],[]
26398560,26399560,NA,TVF,0.0,731,pause,NA,NA,NA,NA,0.0,0,-44.44,-38.74,[],0,0,[],[]
26399560,26400670,NA,NOF,0.0,731,pause,NA,NA,NA,NA,0.0,0,-44.5,-37.18,[],0,0,[],[]
26400670,26401520,NA,OLF,0.0,731,pause,NA,NA,NA,NA,0.0,0,-38.0,-31.0,[],0,0,[],[]
26401520,26403460,NA,NOF,0.0,731,pause,NA,NA,NA,NA,0.0,0,-46.75,-41.01,[],0,0,[],[]
26403460,26404460,NA,MAF,0.0,731,pause,NA,NA,NA,NA,0.0,0,-45.63,-39.66,[],0,0,[],[]
26404460,26405460,NA,TVF,0.0,731,pause,NA,NA,NA,NA,0.0,0,-48.67,-43.27,[],0,0,[],[]
26405460,26406420,NA,SIL,0.0,731,pause,NA,NA,NA,NA,0.0,0,-49.84,-44.53,[],0,0,[],[]
26406420,26407220,NA,OLF,0.0,731,pause,NA,NA,NA,NA,0.0,0,-43.9,-38.48,[],0,0,[],[]
26407220,26409480,NA,TVF,0.0,731,pause,NA,NA,NA,NA,0.0,0,-48.58,-43.78,[],0,0,[],[]
26409480,26412480,NA,SIL,0.0,731,pause,NA,NA,NA,NA,0.0,0,-53.48,-43.4,[],0,0,[],[]
26412480,26416650,NA,NOF,0.0,731,pause,NA,NA,NA,NA,0.0,0,-45.37,-36.52,[],0,0,[],[]
26416650,26417460,NA,SIL,0.0,731,pause,NA,NA,NA,NA,0.0,0,-53.71,-47.43,[],0,0,[],[]
26417460,26418260,NA,FAF,0.0,731,pause,NA,NA,NA,NA,0.0,0,-52.6,-45.26,[],0,0,[],[]
26418260,26420850,NA,SIL,0.0,731,pause,NA,NA,NA,NA,0.0,0,-46.31,-25.68,[],0,0,[],[]
26420850,26421850,NA,MAF,0.0,731,pause,NA,NA,NA,NA,0.0,0,-44.32,-28.14,[],0,0,[],[]
26421850,26424560,NA,NOF,0.0,731,pause,NA,NA,NA,NA,0.0,0,-48.02,-34.33,[],0,0,[],[]
26424560,26425750,NA,SIL,0.0,731,pause,NA,NA,NA,NA,0.0,0,-49.42,-38.22,[],0,0,[],[]
26425750,26427630,NA,TVF,0.0,731,pause,NA,NA,NA,NA,0.0,0,-52.35,-43.68,[],0,0,[],[]
26427630,26428430,NA,SIL,0.0,731,pause,NA,NA,NA,NA,0.0,0,-54.36,-47.68,[],0,0,[],[]
26428430,26429580,NA,NOF,0.0,731,pause,NA,NA,NA,NA,0.0,0,-49.73,-40.38,[],0,0,[],[]
26429580,26432250,NA,SIL,0.0,731,pause,NA,NA,NA,NA,0.0,0,-55.58,-47.92,[],0,0,[],[]
26432250,26434600,NA,NOF,0.0,731,pause,NA,NA,NA,NA,0.0,0,-30.04,-7.82,[],0,0,[],[]
26434600,26435700,NA,OLF,0.0,731,pause,NA,NA,NA,NA,0.0,0,-17.4,-2.65,[],0,0,[],[]
26435700,26440810,NA,NOF,0.0,731,pause,NA,NA,NA,NA,0.0,0,-40.66,-24.8,[],0,0,[],[]
26440810,26441640,NA,OLF,0.0,731,pause,NA,NA,NA,NA,0.0,0,-26.57,-12.34,[],0,0,[],[]
26441640,26444200,NA,NOF,0.0,731,pause,NA,NA,NA,NA,0.0,0,-40.37,-27.34,[],0,0,[],[]
26444200,26445090,NA,SIL,0.0,731,pause,NA,NA,NA,NA,0.0,0,-53.86,-47.65,[],0,0,[],[]
26445090,26445950,NA,NOF,0.0,731,pause,NA,NA,NA,NA,0.0,0,-43.53,-30.88,[],0,0,[],[]
26445950,26446930,NA,SIL,0.0,731,pause,NA,NA,NA,NA,0.0,0,-53.87,-45.25,[],0,0,[],[]
26446930,26452200,NA,NOF,0.0,731,pause,NA,NA,NA,NA,0.0,0,-33.15,-13.07,[],0,0,[],[]
26452200,26453170,NA,OLN,0.0,731,pause,NA,NA,NA,NA,0.0,0,-17.99,-7.43,[],0,0,[],[]
26453170,26453770,CHI,CHN,0.0,731,pause,NA,NA,NA,NA,0.0,0,-26.87,-17.78,[],0,490,[],"[{'start': 26453.17, 'end': 26453.66}]"
26453770,26455240,NA,NOF,0.0,731,pause,NA,NA,NA,NA,0.0,0,-46.31,-36.19,[],0,0,[],[]
26455240,26456110,NA,OLF,0.0,731,pause,NA,NA,NA,NA,0.0,0,-34.36,-24.51,[],0,0,[],[]
26456110,26457660,NA,NOF,0.0,731,pause,NA,NA,NA,NA,0.0,0,-38.42,-20.64,[],0,0,[],[]
26457660,26458860,NA,CXF,0.0,731,pause,NA,NA,NA,NA,0.0,0,-41.44,-33.09,[],0,0,[],[]
26458860,26460500,NA,SIL,0.0,731,pause,NA,NA,NA,NA,0.0,0,-52.95,-46.51,[],0,0,[],[]
26460500,26461300,FEM,FAN,0.45,731,AMF,EC,0,NT,FI,0.0,0,-42.83,-33.5,[],0,0,[],[]
26461300,26462100,NA,NOF,0.0,732,pause,NA,NA,NA,NA,0.0,0,-47.59,-41.42,[],0,0,[],[]
26462100,26463100,NA,SIL,0.0,732,pause,NA,NA,NA,NA,0.0,0,-51.83,-46.69,[],0,0,[],[]
26463100,26464440,NA,TVF,0.0,732,pause,NA,NA,NA,NA,0.0,0,-51.32,-45.35,[],0,0,[],[]
26464440,26465690,NA,NOF,0.0,732,pause,NA,NA,NA,NA,0.0,0,-43.04,-24.72,[],0,0,[],[]
26465690,26466690,NA,FAF,0.0,732,pause,NA,NA,NA,NA,0.0,0,-45.95,-30.62,[],0,0,[],[]
26466690,26467690,NA,TVF,0.0,732,pause,NA,NA,NA,NA,0.0,0,-50.96,-45.92,[],0,0,[],[]
26467690,26470130,NA,NOF,0.0,732,pause,NA,NA,NA,NA,0.0,0,-37.07,-21.23,[],0,0,[],[]
26470130,26472080,NA,OLN,0.0,732,pause,NA,NA,NA,NA,0.0,0,-19.64,-5.09,[],0,0,[],[]
26472080,26473060,NA,NOF,0.0,732,pause,NA,NA,NA,NA,0.0,0,-26.24,-19.87,[],0,0,[],[]
26473060,26474070,NA,MAF,0.0,732,pause,NA,NA,NA,NA,0.0,0,-45.39,-35.85,[],0,0,[],[]
26474070,26474870,OCH,CXN,0.0,732,XM,EC,0,NT,FI,0.0,0,-39.13,-31.49,[],0,0,[],[]
26474870,26476490,NA,FAF,0.0,733,pause,NA,NA,NA,NA,0.0,0,-48.33,-39.87,[],0,0,[],[]
26476490,26478760,NA,SIL,0.0,733,pause,NA,NA,NA,NA,0.0,0,-52.29,-44.67,[],0,0,[],[]
26478760,26482540,NA,NOF,0.0,733,pause,NA,NA,NA,NA,0.0,0,-42.89,-33.45,[],0,0,[],[]
26482540,26483850,NA,FAF,0.0,733,pause,NA,NA,NA,NA,0.0,0,-46.4,-40.8,[],0,0,[],[]
26483850,26484730,NA,SIL,0.0,733,pause,NA,NA,NA,NA,0.0,0,-52.8,-46.47,[],0,0,[],[]
26484730,26485740,NA,TVN,0.0,733,pause,NA,NA,NA,NA,0.0,0,-48.89,-43.07,[],0,0,[],[]
26485740,26486720,NA,SIL,0.0,733,pause,NA,NA,NA,NA,0.0,0,-50.63,-43.81,[],0,0,[],[]
26486720,26487720,NA,FAF,0.0,733,pause,NA,NA,NA,NA,0.0,0,-47.55,-41.25,[],0,0,[],[]
26487720,26488940,NA,SIL,0.0,733,pause,NA,NA,NA,NA,0.0,0,-50.55,-44.01,[],0,0,[],[]
26488940,26491840,NA,NOF,0.0,733,pause,NA,NA,NA,NA,0.0,0,-44.5,-32.5,[],0,0,[],[]
26491840,26492840,NA,FAF,0.0,733,pause,NA,NA,NA,NA,0.0,0,-41.31,-32.32,[],0,0,[],[]
26492840,26493640,NA,NOF,0.0,733,pause,NA,NA,NA,NA,0.0,0,-46.41,-31.01,[],0,0,[],[]
26493640,26495170,NA,SIL,0.0,733,pause,NA,NA,NA,NA,0.0,0,-50.24,-37.57,[],0,0,[],[]
26495170,26496740,NA,NOF,0.0,733,pause,NA,NA,NA,NA,0.0,0,-38.33,-20.67,[],0,0,[],[]
26496740,26497620,NA,SIL,0.0,733,pause,NA,NA,NA,NA,0.0,0,-53.26,-46.38,[],0,0,[],[]
26497620,26498420,NA,NOF,0.0,733,pause,NA,NA,NA,NA,0.0,0,-49.21,-42.71,[],0,0,[],[]
26498420,26499220,NA,SIL,0.0,733,pause,NA,NA,NA,NA,0.0,0,-46.28,-39.28,[],0,0,[],[]
26499220,26501660,NA,NOF,0.0,733,pause,NA,NA,NA,NA,0.0,0,-46.18,-35.26,[],0,0,[],[]
26501660,26502660,NA,TVF,0.0,733,pause,NA,NA,NA,NA,0.0,0,-42.96,-33.23,[],0,0,[],[]
26502660,26503600,NA,NOF,0.0,733,pause,NA,NA,NA,NA,0.0,0,-41.9,-35.18,[],0,0,[],[]
26503600,26504600,NA,TVN,0.0,733,pause,NA,NA,NA,NA,0.0,0,-43.13,-37.59,[],0,0,[],[]
26504600,26506860,NA,FAF,0.0,733,pause,NA,NA,NA,NA,0.0,0,-43.5,-35.83,[],0,0,[],[]
26506860,26507680,NA,MAF,0.0,733,pause,NA,NA,NA,NA,0.0,0,-49.04,-44.7,[],0,0,[],[]
26507680,26508480,NA,OLF,0.0,733,pause,NA,NA,NA,NA,0.0,0,-39.46,-30.57,[],0,0,[],[]
26508480,26509470,NA,NOF,0.0,733,pause,NA,NA,NA,NA,0.0,0,-27.46,-12.08,[],0,0,[],[]
26509470,26510500,NA,TVF,0.0,733,pause,NA,NA,NA,NA,0.0,0,-44.67,-35.02,[],0,0,[],[]
26510500,26511640,NA,NOF,0.0,733,pause,NA,NA,NA,NA,0.0,0,-44.67,-35.37,[],0,0,[],[]
26511640,26512660,NA,OLF,0.0,733,pause,NA,NA,NA,NA,0.0,0,-32.04,-18.07,[],0,0,[],[]
26512660,26516370,NA,NOF,0.0,733,pause,NA,NA,NA,NA,0.0,0,-41.7,-28.44,[],0,0,[],[]
26516370,26517180,NA,SIL,0.0,733,pause,NA,NA,NA,NA,0.0,0,-51.57,-40.39,[],0,0,[],[]
26517180,26517980,NA,FAF,0.0,733,pause,NA,NA,NA,NA,0.0,0,-47.38,-40.31,[],0,0,[],[]
26517980,26518780,NA,SIL,0.0,733,pause,NA,NA,NA,NA,0.0,0,-52.89,-46.47,[],0,0,[],[]
26518780,26519940,NA,NOF,0.0,733,pause,NA,NA,NA,NA,0.0,0,-42.53,-30.78,[],0,0,[],[]
26519940,26521140,NA,SIL,0.0,733,pause,NA,NA,NA,NA,0.0,0,-44.57,-30.9,[],0,0,[],[]
26521140,26522690,NA,OLF,0.0,733,pause,NA,NA,NA,NA,0.0,0,-45.72,-32.62,[],0,0,[],[]
26522690,26523570,NA,SIL,0.0,733,pause,NA,NA,NA,NA,0.0,0,-48.26,-38.35,[],0,0,[],[]
26523570,26524460,NA,CXF,0.0,733,pause,NA,NA,NA,NA,0.0,0,-51.76,-43.71,[],0,0,[],[]
26524460,26525150,NA,FAF,0.0,733,pause,NA,NA,NA,NA,0.0,0,-45.15,-35.33,[],0,0,[],[]
26525150,26527890,NA,NOF,0.0,733,pause,NA,NA,NA,NA,0.0,0,-45.71,-33.79,[],0,0,[],[]
26527890,26528950,NA,SIL,0.0,733,pause,NA,NA,NA,NA,0.0,0,-51.58,-40.64,[],0,0,[],[]
26528950,26530210,NA,NOF,0.0,733,pause,NA,NA,NA,NA,0.0,0,-48.74,-41.74,[],0,0,[],[]
26530210,26531140,NA,SIL,0.0,733,pause,NA,NA,NA,NA,0.0,0,-51.16,-47.1,[],0,0,[],[]
26531140,26531940,NA,CXF,0.0,733,pause,NA,NA,NA,NA,0.0,0,-45.52,-38.83,[],0,0,[],[]
26531940,26532740,NA,NOF,0.0,733,pause,NA,NA,NA,NA,0.0,0,-31.33,-16.03,[],0,0,[],[]
26532740,26533540,NA,SIL,0.0,733,pause,NA,NA,NA,NA,0.0,0,-50.93,-45.33,[],0,0,[],[]
26533540,26534540,NA,FAF,0.0,733,pause,NA,NA,NA,NA,0.0,0,-47.8,-43.14,[],0,0,[],[]
26534540,26538200,NA,SIL,0.0,733,pause,NA,NA,NA,NA,0.0,0,-51.84,-43.04,[],0,0,[],[]
26538200,26539700,NA,TVN,0.0,733,pause,NA,NA,NA,NA,0.0,0,-48.76,-38.78,[],0,0,[],[]
26539700,26541000,NA,SIL,0.0,733,pause,NA,NA,NA,NA,0.0,0,-53.67,-44.88,[],0,0,[],[]
26541000,26542210,NA,CXF,0.0,733,pause,NA,NA,NA,NA,0.0,0,-51.38,-46.02,[],0,0,[],[]
26542210,26544000,NA,TVF,0.0,733,pause,NA,NA,NA,NA,0.0,0,-47.41,-39.81,[],0,0,[],[]
26544000,26546420,NA,SIL,0.0,733,pause,NA,NA,NA,NA,0.0,0,-51.94,-42.89,[],0,0,[],[]
26546420,26550020,NA,TVF,0.0,733,pause,NA,NA,NA,NA,0.0,0,-48.21,-41.6,[],0,0,[],[]
26550020,26551620,NA,SIL,0.0,733,pause,NA,NA,NA,NA,0.0,0,-51.14,-42.83,[],0,0,[],[]
26551620,26552420,NA,NOF,0.0,733,pause,NA,NA,NA,NA,0.0,0,-47.17,-40.74,[],0,0,[],[]
26552420,26553260,NA,TVF,0.0,733,pause,NA,NA,NA,NA,0.0,0,-52.31,-48.41,[],0,0,[],[]
26553260,26554280,NA,SIL,0.0,733,pause,NA,NA,NA,NA,0.0,0,-53.08,-48.4,[],0,0,[],[]
26554280,26555080,NA,TVF,0.0,733,pause,NA,NA,NA,NA,0.0,0,-47.69,-41.01,[],0,0,[],[]
26555080,26555880,NA,SIL,0.0,733,pause,NA,NA,NA,NA,0.0,0,-51.79,-47.94,[],0,0,[],[]
26555880,26557110,NA,CXF,0.0,733,pause,NA,NA,NA,NA,0.0,0,-48.05,-42.54,[],0,0,[],[]
26557110,26557920,NA,SIL,0.0,733,pause,NA,NA,NA,NA,0.0,0,-49.97,-44.64,[],0,0,[],[]
26557920,26559510,NA,TVF,0.0,733,pause,NA,NA,NA,NA,0.0,0,-48.33,-40.26,[],0,0,[],[]
26559510,26560310,NA,SIL,0.0,733,pause,NA,NA,NA,NA,0.0,0,-52.61,-48.22,[],0,0,[],[]
26560310,26562830,NA,NOF,0.0,733,pause,NA,NA,NA,NA,0.0,0,-43.11,-28.38,[],0,0,[],[]
26562830,26563700,OCH,CXN,0.0,733,XM,BC,0,NT,FI,0.0,0,-38.31,-29.52,[],0,0,[],[]
26563700,26564890,NA,NOF,0.0,733,XM,NA,NA,NA,NA,0.0,0,-41.87,-32.9,[],0,0,[],[]
26564890,26565690,OCH,CXN,0.0,733,XM,EC,0,NT,FH,0.0,0,-37.78,-28.41,[],0,0,[],[]
26565690,26566560,NA,NOF,0.0,734,pause,NA,NA,NA,NA,0.0,0,-50.19,-43.79,[],0,0,[],[]
26566560,26567360,NA,CXF,0.0,734,pause,NA,NA,NA,NA,0.0,0,-46.45,-40.0,[],0,0,[],[]
26567360,26568930,NA,NOF,0.0,734,pause,NA,NA,NA,NA,0.0,0,-48.71,-41.39,[],0,0,[],[]
26568930,26570100,NA,TVF,0.0,734,pause,NA,NA,NA,NA,0.0,0,-48.12,-42.62,[],0,0,[],[]
26570100,26570980,NA,SIL,0.0,734,pause,NA,NA,NA,NA,0.0,0,-52.07,-47.79,[],0,0,[],[]
26570980,26574090,NA,TVF,0.0,734,pause,NA,NA,NA,NA,0.0,0,-46.95,-34.87,[],0,0,[],[]
26574090,26575760,NA,SIL,0.0,734,pause,NA,NA,NA,NA,0.0,0,-50.89,-45.15,[],0,0,[],[]
26575760,26576950,NA,TVN,0.0,734,pause,NA,NA,NA,NA,0.0,0,-48.86,-42.53,[],0,0,[],[]
26576950,26577950,NA,FAF,0.0,734,pause,NA,NA,NA,NA,0.0,0,-45.96,-39.32,[],0,0,[],[]
26577950,26579810,NA,SIL,0.0,734,pause,NA,NA,NA,NA,0.0,0,-50.69,-45.61,[],0,0,[],[]
26579810,26580810,FEM,FAN,5.43,734,AIOCF,BC,0,NT,FI,0.0,0,-35.66,-25.07,[],0,0,[],[]
26580810,26582300,NA,NOF,0.0,734,AIOCF,NA,NA,NA,NA,0.0,0,-46.53,-34.22,[],0,0,[],[]
26582300,26584820,NA,OLF,0.0,734,AIOCF,NA,NA,NA,NA,0.0,0,-47.2,-37.29,[],0,0,[],[]
26584820,26587460,OCH,CXN,0.0,734,AIOCF,EC,0,NT,FI,0.0,0,-28.43,-17.62,[],0,0,[],[]
26587460,26588480,NA,TVF,0.0,735,pause,NA,NA,NA,NA,0.0,0,-47.39,-40.25,[],0,0,[],[]
26588480,26592570,NA,NOF,0.0,735,pause,NA,NA,NA,NA,0.0,0,-22.32,-3.65,[],0,0,[],[]
26592570,26593590,OCH,CXN,0.0,735,XIOCAC,BC,0,NT,FI,0.0,0,-32.11,-24.5,[],0,0,[],[]
26593590,26594970,NA,NOF,0.0,735,XIOCAC,NA,NA,NA,NA,0.0,0,-40.63,-26.48,[],0,0,[],[]
26594970,26595980,NA,FAF,0.0,735,XIOCAC,NA,NA,NA,NA,0.0,0,-44.43,-36.4,[],0,0,[],[]
26595980,26597290,NA,NOF,0.0,735,XIOCAC,NA,NA,NA,NA,0.0,0,-25.97,-8.24,[],0,0,[],[]
26597290,26598090,NA,CXF,0.0,735,XIOCAC,NA,NA,NA,NA,0.0,0,-47.05,-35.55,[],0,0,[],[]
26598090,26599240,OCH,CXN,0.0,735,XIOCAC,RC,0,NT,FH,0.0,0,-28.95,-14.6,[],0,0,[],[]
26599240,26599880,OCH,CXN,0.0,735,XIOCAC,RC,0,NT,FH,0.0,0,-28.93,-25.1,[],0,0,[],[]
26599880,26600680,OCH,CXN,0.0,735,XIOCAC,RC,0,NT,FH,0.0,0,-35.38,-30.6,[],0,0,[],[]
26600680,26601480,NA,CXF,0.0,735,XIOCAC,NA,NA,NA,NA,0.0,0,-50.25,-45.13,[],0,0,[],[]
26601480,26602610,NA,OLN,0.0,735,XIOCAC,NA,NA,NA,NA,0.0,0,-21.56,-8.61,[],0,0,[],[]
26602610,26603380,CHI,CHN,0.0,735,XIOCAC,RC,0,NT,FI,1.0,520,-29.38,-21.92,"[{'Canonical-syllable': '0', 'Growl': '0', 'High-freq-energy': '0', 'Long-island': '0', 'Low-tilt-spectrum': '0', 'Medium-island': '1', 'Short-island': '0', 'Squeal': '0', 'Typical-entropy': '1', 'Voicing-quality': '1', 'Wide-band': '0', 'Xlong-island': '0', 'seq': '1', 'end': 26603.13, 'start': 26602.73}]",0,0,[],[]
26603380,26605370,OCH,CXN,0.0,735,XIOCAC,RC,0,NT,FI,0.0,0,-31.15,-21.36,[],0,0,[],[]
26605370,26606180,NA,OLF,0.0,735,XIOCAC,NA,NA,NA,NA,0.0,0,-45.78,-40.04,[],0,0,[],[]
26606180,26606790,OCH,CXN,0.0,735,XIOCAC,RC,0,NT,FH,0.0,0,-33.28,-22.56,[],0,0,[],[]
26606790,26607830,NA,TVF,0.0,735,XIOCAC,NA,NA,NA,NA,0.0,0,-47.33,-41.65,[],0,0,[],[]
26607830,26609350,FEM,FAN,8.41,735,XIOCAC,EC,0,NT,FI,0.0,0,-28.55,-17.38,[],0,0,[],[]
26609350,26610170,NA,NOF,0.0,736,pause,NA,NA,NA,NA,0.0,0,-45.72,-38.46,[],0,0,[],[]
26610170,26611270,NA,OLN,0.0,736,pause,NA,NA,NA,NA,0.0,0,-31.92,-20.19,[],0,0,[],[]
26611270,26612230,NA,NOF,0.0,736,pause,NA,NA,NA,NA,0.0,0,-24.53,-8.41,[],0,0,[],[]
26612230,26613060,NA,OLN,0.0,736,pause,NA,NA,NA,NA,0.0,0,-23.38,-9.47,[],0,0,[],[]
26613060,26613890,NA,NOF,0.0,736,pause,NA,NA,NA,NA,0.0,0,-26.42,-16.87,[],0,0,[],[]
26613890,26614850,NA,OLF,0.0,736,pause,NA,NA,NA,NA,0.0,0,-37.9,-29.85,[],0,0,[],[]
26614850,26616150,NA,NOF,0.0,736,pause,NA,NA,NA,NA,0.0,0,-44.81,-33.98,[],0,0,[],[]
26616150,26618030,NA,SIL,0.0,736,pause,NA,NA,NA,NA,0.0,0,-43.69,-32.7,[],0,0,[],[]
26618030,26618830,OCH,CXN,0.0,736,XM,EC,0,NT,FI,0.0,0,-31.22,-23.21,[],0,0,[],[]
26618830,26620650,NA,NOF,0.0,737,pause,NA,NA,NA,NA,0.0,0,-24.75,-11.87,[],0,0,[],[]
26620650,26622280,NA,OLF,0.0,737,pause,NA,NA,NA,NA,0.0,0,-27.17,-10.03,[],0,0,[],[]
26622280,26622880,FEM,FAN,0.0,737,pause,NA,NA,NA,NA,0.0,0,-34.64,-26.1,[],600,0,[],[]
26622880,26624330,NA,NOF,0.0,737,pause,NA,NA,NA,NA,0.0,0,-35.62,-19.64,[],0,0,[],[]
26624330,26627190,NA,OLF,0.0,737,pause,NA,NA,NA,NA,0.0,0,-26.17,-9.03,[],0,0,[],[]
26627190,26633310,NA,NOF,0.0,737,pause,NA,NA,NA,NA,0.0,0,-32.36,-9.29,[],0,0,[],[]
26633310,26634110,NA,CXF,0.0,737,pause,NA,NA,NA,NA,0.0,0,-42.09,-30.74,[],0,0,[],[]
26634110,26637190,NA,NOF,0.0,737,pause,NA,NA,NA,NA,0.0,0,-43.37,-32.49,[],0,0,[],[]
26637190,26638040,NA,SIL,0.0,737,pause,NA,NA,NA,NA,0.0,0,-52.01,-45.32,[],0,0,[],[]
26638040,26639830,NA,CXF,0.0,737,pause,NA,NA,NA,NA,0.0,0,-47.61,-34.82,[],0,0,[],[]
26639830,26640890,OCH,CXN,0.0,737,XM,BC,0,NT,FI,0.0,0,-31.57,-19.69,[],0,0,[],[]
26640890,26641690,NA,NOF,0.0,737,XM,NA,NA,NA,NA,0.0,0,-43.65,-33.78,[],0,0,[],[]
26641690,26642490,OCH,CXN,0.0,737,XM,EC,0,NT,FH,0.0,0,-34.0,-23.77,[],0,0,[],[]
26642490,26643860,NA,NOF,0.0,738,pause,NA,NA,NA,NA,0.0,0,-45.24,-34.63,[],0,0,[],[]
26643860,26645680,NA,OLF,0.0,738,pause,NA,NA,NA,NA,0.0,0,-26.02,-9.27,[],0,0,[],[]
26645680,26646480,NA,NOF,0.0,738,pause,NA,NA,NA,NA,0.0,0,-32.58,-18.13,[],0,0,[],[]
26646480,26647280,NA,OLN,0.0,738,pause,NA,NA,NA,NA,0.0,0,-20.56,-11.53,[],0,0,[],[]
26647280,26648110,NA,NOF,0.0,738,pause,NA,NA,NA,NA,0.0,0,-37.33,-29.28,[],0,0,[],[]
26648110,26648920,NA,OLF,0.0,738,pause,NA,NA,NA,NA,0.0,0,-23.55,-11.83,[],0,0,[],[]
26648920,26649730,NA,NOF,0.0,738,pause,NA,NA,NA,NA,0.0,0,-40.34,-26.92,[],0,0,[],[]
26649730,26650730,NA,FAF,0.0,738,pause,NA,NA,NA,NA,0.0,0,-40.23,-27.6,[],0,0,[],[]
26650730,26651540,NA,SIL,0.0,738,pause,NA,NA,NA,NA,0.0,0,-47.02,-40.64,[],0,0,[],[]
26651540,26653440,NA,NOF,0.0,738,pause,NA,NA,NA,NA,0.0,0,-44.51,-31.39,[],0,0,[],[]
26653440,26654440,NA,FAF,0.0,738,pause,NA,NA,NA,NA,0.0,0,-44.71,-33.41,[],0,0,[],[]
26654440,26656030,NA,SIL,0.0,738,pause,NA,NA,NA,NA,0.0,0,-48.47,-33.37,[],0,0,[],[]
26656030,26657830,NA,FAF,0.0,738,pause,NA,NA,NA,NA,0.0,0,-38.85,-20.84,[],0,0,[],[]
26657830,26658830,NA,TVF,0.0,738,pause,NA,NA,NA,NA,0.0,0,-47.85,-40.24,[],0,0,[],[]
26658830,26659630,NA,SIL,0.0,738,pause,NA,NA,NA,NA,0.0,0,-54.7,-46.79,[],0,0,[],[]
26659630,26660430,NA,NOF,0.0,738,pause,NA,NA,NA,NA,0.0,0,-47.68,-36.28,[],0,0,[],[]
26660430,26661230,NA,SIL,0.0,738,pause,NA,NA,NA,NA,0.0,0,-56.96,-53.71,[],0,0,[],[]
26661230,26663370,NA,TVF,0.0,738,pause,NA,NA,NA,NA,0.0,0,-52.38,-44.61,[],0,0,[],[]
26663370,26667790,NA,NOF,0.0,738,pause,NA,NA,NA,NA,0.0,0,-34.58,-13.91,[],0,0,[],[]
26667790,26668590,NA,SIL,0.0,738,pause,NA,NA,NA,NA,0.0,0,-52.16,-47.46,[],0,0,[],[]
26668590,26670120,NA,MAF,0.0,738,pause,NA,NA,NA,NA,0.0,0,-44.73,-29.75,[],0,0,[],[]
26670120,26670990,NA,CXF,0.0,738,pause,NA,NA,NA,NA,0.0,0,-49.01,-43.46,[],0,0,[],[]
26670990,26672060,NA,TVF,0.0,738,pause,NA,NA,NA,NA,0.0,0,-48.48,-43.38,[],0,0,[],[]
26672060,26673630,NA,NOF,0.0,738,pause,NA,NA,NA,NA,0.0,0,-47.71,-42.29,[],0,0,[],[]
26673630,26674630,NA,TVN,0.0,738,pause,NA,NA,NA,NA,0.0,0,-46.32,-40.28,[],0,0,[],[]
26674630,26675430,NA,TVF,0.0,738,pause,NA,NA,NA,NA,0.0,0,-49.1,-42.97,[],0,0,[],[]
26675430,26676420,NA,CXF,0.0,738,pause,NA,NA,NA,NA,0.0,0,-48.0,-41.86,[],0,0,[],[]
26676420,26678220,NA,TVF,0.0,738,pause,NA,NA,NA,NA,0.0,0,-49.32,-41.0,[],0,0,[],[]
26678220,26679090,NA,CXF,0.0,738,pause,NA,NA,NA,NA,0.0,0,-42.13,-26.5,[],0,0,[],[]
26679090,26682320,NA,TVF,0.0,738,pause,NA,NA,NA,NA,0.0,0,-48.6,-34.98,[],0,0,[],[]
26682320,26683160,NA,SIL,0.0,738,pause,NA,NA,NA,NA,0.0,0,-51.97,-43.92,[],0,0,[],[]
26683160,26685260,NA,TVF,0.0,738,pause,NA,NA,NA,NA,0.0,0,-37.0,-16.74,[],0,0,[],[]
26685260,26686290,NA,SIL,0.0,738,pause,NA,NA,NA,NA,0.0,0,-54.04,-47.55,[],0,0,[],[]
26686290,26688310,NA,TVF,0.0,738,pause,NA,NA,NA,NA,0.0,0,-49.38,-35.54,[],0,0,[],[]
26688310,26689350,NA,SIL,0.0,738,pause,NA,NA,NA,NA,0.0,0,-52.83,-44.81,[],0,0,[],[]
26689350,26694530,NA,TVF,0.0,738,pause,NA,NA,NA,NA,0.0,0,-48.8,-37.36,[],0,0,[],[]
26694530,26696240,NA,TVN,0.0,738,pause,NA,NA,NA,NA,0.0,0,-48.47,-39.38,[],0,0,[],[]
26696240,26697040,NA,CXF,0.0,738,pause,NA,NA,NA,NA,0.0,0,-45.19,-32.01,[],0,0,[],[]
26697040,26704740,NA,TVF,0.0,738,pause,NA,NA,NA,NA,0.0,0,-49.63,-40.39,[],0,0,[],[]
26704740,26705620,NA,SIL,0.0,738,pause,NA,NA,NA,NA,0.0,0,-51.7,-48.52,[],0,0,[],[]
26705620,26707710,NA,TVF,0.0,738,pause,NA,NA,NA,NA,0.0,0,-49.1,-44.23,[],0,0,[],[]
26707710,26708510,NA,SIL,0.0,738,pause,NA,NA,NA,NA,0.0,0,-53.97,-49.19,[],0,0,[],[]
26708510,26713150,NA,TVF,0.0,738,pause,NA,NA,NA,NA,0.0,0,-40.35,-14.98,[],0,0,[],[]
26713150,26713950,NA,SIL,0.0,738,pause,NA,NA,NA,NA,0.0,0,-52.82,-47.06,[],0,0,[],[]
26713950,26714950,NA,MAF,0.0,738,pause,NA,NA,NA,NA,0.0,0,-28.58,-9.66,[],0,0,[],[]
26714950,26715950,NA,FAF,0.0,738,pause,NA,NA,NA,NA,0.0,0,-44.72,-28.83,[],0,0,[],[]
26715950,26716750,NA,SIL,0.0,738,pause,NA,NA,NA,NA,0.0,0,-49.59,-37.37,[],0,0,[],[]
26716750,26717560,OCH,CXN,0.0,738,XM,EC,0,NT,FI,0.0,0,-51.34,-44.98,[],0,0,[],[]
26717560,26718810,NA,TVF,0.0,739,pause,NA,NA,NA,NA,0.0,0,-51.25,-44.46,[],0,0,[],[]
26718810,26719740,NA,SIL,0.0,739,pause,NA,NA,NA,NA,0.0,0,-55.38,-48.01,[],0,0,[],[]
26719740,26722950,NA,TVF,0.0,739,pause,NA,NA,NA,NA,0.0,0,-46.01,-25.27,[],0,0,[],[]
26722950,26723750,NA,SIL,0.0,739,pause,NA,NA,NA,NA,0.0,0,-52.11,-45.09,[],0,0,[],[]
26723750,26724750,NA,TVF,0.0,739,pause,NA,NA,NA,NA,0.0,0,-29.03,-9.76,[],0,0,[],[]
26724750,26725550,NA,SIL,0.0,739,pause,NA,NA,NA,NA,0.0,0,-54.61,-48.48,[],0,0,[],[]
26725550,26726840,NA,TVN,0.0,739,pause,NA,NA,NA,NA,0.0,0,-51.95,-47.09,[],0,0,[],[]
26726840,26727700,NA,SIL,0.0,739,pause,NA,NA,NA,NA,0.0,0,-36.65,-18.78,[],0,0,[],[]
26727700,26729640,NA,TVF,0.0,739,pause,NA,NA,NA,NA,0.0,0,-49.67,-41.89,[],0,0,[],[]
26729640,26730590,NA,SIL,0.0,739,pause,NA,NA,NA,NA,0.0,0,-34.06,-15.41,[],0,0,[],[]
26730590,26731400,NA,OLN,0.0,739,pause,NA,NA,NA,NA,0.0,0,-19.73,-5.19,[],0,0,[],[]
26731400,26732250,NA,CXF,0.0,739,pause,NA,NA,NA,NA,0.0,0,-47.17,-38.98,[],0,0,[],[]
26732250,26733050,NA,SIL,0.0,739,pause,NA,NA,NA,NA,0.0,0,-48.98,-38.06,[],0,0,[],[]
26733050,26734180,NA,TVF,0.0,739,pause,NA,NA,NA,NA,0.0,0,-47.8,-41.86,[],0,0,[],[]
26734180,26739490,NA,SIL,0.0,739,pause,NA,NA,NA,NA,0.0,0,-52.24,-40.49,[],0,0,[],[]
26739490,26740770,NA,TVF,0.0,739,pause,NA,NA,NA,NA,0.0,0,-51.32,-46.19,[],0,0,[],[]
26740770,26741570,NA,SIL,0.0,739,pause,NA,NA,NA,NA,0.0,0,-54.21,-49.23,[],0,0,[],[]
26741570,26742680,NA,TVF,0.0,739,pause,NA,NA,NA,NA,0.0,0,-51.65,-47.38,[],0,0,[],[]
26742680,26743490,NA,SIL,0.0,739,pause,NA,NA,NA,NA,0.0,0,-55.22,-50.62,[],0,0,[],[]
26743490,26744290,NA,CXF,0.0,739,pause,NA,NA,NA,NA,0.0,0,-50.12,-44.2,[],0,0,[],[]
26744290,26745090,NA,SIL,0.0,739,pause,NA,NA,NA,NA,0.0,0,-52.02,-44.94,[],0,0,[],[]
26745090,26746100,NA,TVF,0.0,739,pause,NA,NA,NA,NA,0.0,0,-48.98,-44.05,[],0,0,[],[]
26746100,26747230,NA,SIL,0.0,739,pause,NA,NA,NA,NA,0.0,0,-53.17,-45.63,[],0,0,[],[]
26747230,26748310,FEM,FAN,1.58,739,AMF,EC,0,NT,FI,0.0,0,-40.29,-30.09,[],0,0,[],[]
26748310,26749890,NA,SIL,0.0,740,pause,NA,NA,NA,NA,0.0,0,-52.2,-45.16,[],0,0,[],[]
26749890,26750690,NA,NOF,0.0,740,pause,NA,NA,NA,NA,0.0,0,-50.7,-47.03,[],0,0,[],[]
26750690,26751490,NA,CXF,0.0,740,pause,NA,NA,NA,NA,0.0,0,-41.72,-25.22,[],0,0,[],[]
26751490,26752890,NA,SIL,0.0,740,pause,NA,NA,NA,NA,0.0,0,-52.65,-49.28,[],0,0,[],[]
26752890,26753950,NA,TVF,0.0,740,pause,NA,NA,NA,NA,0.0,0,-45.73,-33.93,[],0,0,[],[]
26753950,26756410,NA,SIL,0.0,740,pause,NA,NA,NA,NA,0.0,0,-53.26,-44.24,[],0,0,[],[]
26756410,26757940,NA,TVF,0.0,740,pause,NA,NA,NA,NA,0.0,0,-41.05,-21.47,[],0,0,[],[]
26757940,26758740,NA,SIL,0.0,740,pause,NA,NA,NA,NA,0.0,0,-54.61,-50.2,[],0,0,[],[]
26758740,26759740,NA,TVN,0.0,740,pause,NA,NA,NA,NA,0.0,0,-52.66,-47.46,[],0,0,[],[]
26759740,26760660,NA,SIL,0.0,740,pause,NA,NA,NA,NA,0.0,0,-52.89,-46.36,[],0,0,[],[]
26760660,26763200,NA,TVF,0.0,740,pause,NA,NA,NA,NA,0.0,0,-48.36,-30.13,[],0,0,[],[]
26763200,26766330,NA,SIL,0.0,740,pause,NA,NA,NA,NA,0.0,0,-51.16,-36.67,[],0,0,[],[]
26766330,26767330,NA,TVF,0.0,740,pause,NA,NA,NA,NA,0.0,0,-30.67,-13.05,[],0,0,[],[]
26767330,26768260,NA,SIL,0.0,740,pause,NA,NA,NA,NA,0.0,0,-47.39,-34.54,[],0,0,[],[]
26768260,26770100,NA,TVF,0.0,740,pause,NA,NA,NA,NA,0.0,0,-29.58,-9.59,[],0,0,[],[]
26770100,26770910,NA,SIL,0.0,740,pause,NA,NA,NA,NA,0.0,0,-52.48,-48.62,[],0,0,[],[]
26770910,26772250,NA,TVN,0.0,740,pause,NA,NA,NA,NA,0.0,0,-47.61,-41.58,[],0,0,[],[]
26772250,26773630,NA,CXF,0.0,740,pause,NA,NA,NA,NA,0.0,0,-51.14,-43.62,[],0,0,[],[]
26773630,26774930,NA,TVN,0.0,740,pause,NA,NA,NA,NA,0.0,0,-45.86,-29.95,[],0,0,[],[]
26774930,26777680,NA,TVF,0.0,740,pause,NA,NA,NA,NA,0.0,0,-41.85,-24.76,[],0,0,[],[]
26777680,26778730,NA,MAF,0.0,740,pause,NA,NA,NA,NA,0.0,0,-42.33,-32.44,[],0,0,[],[]
26778730,26779820,NA,TVF,0.0,740,pause,NA,NA,NA,NA,0.0,0,-47.19,-38.08,[],0,0,[],[]
26779820,26780630,NA,NOF,0.0,740,pause,NA,NA,NA,NA,0.0,0,-46.46,-41.62,[],0,0,[],[]
26780630,26781700,NA,TVN,0.0,740,pause,NA,NA,NA,NA,0.0,0,-48.15,-43.37,[],0,0,[],[]
26781700,26782700,NA,CXF,0.0,740,pause,NA,NA,NA,NA,0.0,0,-27.72,-8.97,[],0,0,[],[]
26782700,26784890,NA,TVF,0.0,740,pause,NA,NA,NA,NA,0.0,0,-50.79,-40.63,[],0,0,[],[]
26784890,26785790,NA,SIL,0.0,740,pause,NA,NA,NA,NA,0.0,0,-48.18,-31.81,[],0,0,[],[]
26785790,26786890,NA,TVF,0.0,740,pause,NA,NA,NA,NA,0.0,0,-46.52,-33.53,[],0,0,[],[]
26786890,26787970,NA,FAF,0.0,740,pause,NA,NA,NA,NA,0.0,0,-40.91,-27.52,[],0,0,[],[]
26787970,26788970,NA,TVF,0.0,740,pause,NA,NA,NA,NA,0.0,0,-43.7,-27.28,[],0,0,[],[]
26788970,26789880,NA,CXF,0.0,740,pause,NA,NA,NA,NA,0.0,0,-45.23,-30.96,[],0,0,[],[]
26789880,26791180,NA,TVF,0.0,740,pause,NA,NA,NA,NA,0.0,0,-49.24,-37.03,[],0,0,[],[]
26791180,26792300,NA,CXF,0.0,740,pause,NA,NA,NA,NA,0.0,0,-48.18,-43.61,[],0,0,[],[]
26792300,26793500,NA,TVF,0.0,740,pause,NA,NA,NA,NA,0.0,0,-49.18,-39.77,[],0,0,[],[]
26793500,26794300,NA,CXF,0.0,740,pause,NA,NA,NA,NA,0.0,0,-48.39,-44.06,[],0,0,[],[]
26794300,26795560,NA,TVF,0.0,740,pause,NA,NA,NA,NA,0.0,0,-51.35,-44.33,[],0,0,[],[]
26795560,26796360,NA,CXF,0.0,740,pause,NA,NA,NA,NA,0.0,0,-47.99,-42.74,[],0,0,[],[]
26796360,26797490,NA,MAF,0.0,740,pause,NA,NA,NA,NA,0.0,0,-49.83,-42.83,[],0,0,[],[]
26797490,26799390,NA,NOF,0.0,740,pause,NA,NA,NA,NA,0.0,0,-47.67,-42.78,[],0,0,[],[]
26799390,26801290,NA,TVF,0.0,740,pause,NA,NA,NA,NA,0.0,0,-40.58,-22.16,[],0,0,[],[]
26801290,26802090,NA,CXF,0.0,740,pause,NA,NA,NA,NA,0.0,0,-50.53,-44.06,[],0,0,[],[]
26802090,26802890,NA,SIL,0.0,740,pause,NA,NA,NA,NA,0.0,0,-54.62,-50.3,[],0,0,[],[]
26802890,26804090,NA,TVF,0.0,740,pause,NA,NA,NA,NA,0.0,0,-52.96,-49.62,[],0,0,[],[]
26804090,26805890,NA,SIL,0.0,740,pause,NA,NA,NA,NA,0.0,0,-53.05,-38.37,[],0,0,[],[]
26805890,26813970,NA,TVF,0.0,740,pause,NA,NA,NA,NA,0.0,0,-51.61,-40.28,[],0,0,[],[]
26813970,26814770,NA,SIL,0.0,740,pause,NA,NA,NA,NA,0.0,0,-54.68,-49.51,[],0,0,[],[]
26814770,26815570,NA,NOF,0.0,740,pause,NA,NA,NA,NA,0.0,0,-52.03,-48.8,[],0,0,[],[]
26815570,26817910,NA,SIL,0.0,740,pause,NA,NA,NA,NA,0.0,0,-50.86,-42.19,[],0,0,[],[]
26817910,26820570,NA,NOF,0.0,740,pause,NA,NA,NA,NA,0.0,0,-36.62,-15.74,[],0,0,[],[]
26820570,26821170,NA,OLN,0.0,740,pause,NA,NA,NA,NA,0.0,0,-34.34,-24.41,[],0,0,[],[]
26821170,26821980,NA,NOF,0.0,740,pause,NA,NA,NA,NA,0.0,0,-45.83,-40.44,[],0,0,[],[]
26821980,26822780,NA,FAF,0.0,740,pause,NA,NA,NA,NA,0.0,0,-45.21,-37.35,[],0,0,[],[]
26822780,26826200,NA,SIL,0.0,740,pause,NA,NA,NA,NA,0.0,0,-48.19,-31.46,[],0,0,[],[]
26826200,26827030,NA,CXF,0.0,740,pause,NA,NA,NA,NA,0.0,0,-45.16,-31.03,[],0,0,[],[]
26827030,26829700,NA,SIL,0.0,740,pause,NA,NA,NA,NA,0.0,0,-51.45,-46.02,[],0,0,[],[]
26829700,26831490,NA,TVF,0.0,740,pause,NA,NA,NA,NA,0.0,0,-51.14,-47.39,[],0,0,[],[]
26831490,26832300,NA,SIL,0.0,740,pause,NA,NA,NA,NA,0.0,0,-53.54,-49.93,[],0,0,[],[]
26832300,26833300,NA,TVF,0.0,740,pause,NA,NA,NA,NA,0.0,0,-51.73,-45.39,[],0,0,[],[]
26833300,26834100,NA,SIL,0.0,740,pause,NA,NA,NA,NA,0.0,0,-54.31,-50.55,[],0,0,[],[]
26834100,26835230,NA,TVF,0.0,740,pause,NA,NA,NA,NA,0.0,0,-48.01,-42.64,[],0,0,[],[]
26835230,26836040,NA,NOF,0.0,740,pause,NA,NA,NA,NA,0.0,0,-48.23,-41.32,[],0,0,[],[]
26836040,26837440,NA,SIL,0.0,740,pause,NA,NA,NA,NA,0.0,0,-52.68,-47.81,[],0,0,[],[]
26837440,26838440,NA,NOF,0.0,740,pause,NA,NA,NA,NA,0.0,0,-49.1,-44.31,[],0,0,[],[]
26838440,26839500,NA,SIL,0.0,740,pause,NA,NA,NA,NA,0.0,0,-50.01,-44.78,[],0,0,[],[]
26839500,26843290,NA,TVF,0.0,740,pause,NA,NA,NA,NA,0.0,0,-49.96,-40.51,[],0,0,[],[]
26843290,26843890,OCH,CXN,0.0,740,XM,EC,0,NT,FI,0.0,0,-49.86,-44.78,[],0,0,[],[]
26843890,26844920,NA,NON,0.0,741,pause,NA,NA,NA,NA,0.0,0,-45.54,-38.8,[],0,0,[],[]
26844920,26847030,NA,TVF,0.0,741,pause,NA,NA,NA,NA,0.0,0,-49.52,-39.96,[],0,0,[],[]
26847030,26847900,NA,NON,0.0,741,pause,NA,NA,NA,NA,0.0,0,-33.56,-20.61,[],0,0,[],[]
26847900,26848870,NA,OLN,0.0,741,pause,NA,NA,NA,NA,0.0,0,-20.36,-8.13,[],0,0,[],[]
26848870,26850020,NA,NOF,0.0,741,pause,NA,NA,NA,NA,0.0,0,-24.61,-8.77,[],0,0,[],[]
26850020,26850620,FEM,FAN,0.24,741,AMF,EC,0,NT,FI,0.0,0,-29.07,-21.13,[],0,0,[],[]
26850620,26852200,NA,NOF,0.0,742,pause,NA,NA,NA,NA,0.0,0,-18.82,-5.75,[],0,0,[],[]
26852200,26853000,NA,SIL,0.0,742,pause,NA,NA,NA,NA,0.0,0,-48.46,-43.11,[],0,0,[],[]
26853000,26855050,NA,NOF,0.0,742,pause,NA,NA,NA,NA,0.0,0,-28.96,-7.85,[],0,0,[],[]
26855050,26856310,NA,SIL,0.0,742,pause,NA,NA,NA,NA,0.0,0,-49.83,-43.2,[],0,0,[],[]
26856310,26857380,NA,NOF,0.0,742,pause,NA,NA,NA,NA,0.0,0,-44.29,-28.72,[],0,0,[],[]
26857380,26859950,NA,SIL,0.0,742,pause,NA,NA,NA,NA,0.0,0,-50.58,-46.26,[],0,0,[],[]
26859950,26860950,NA,TVF,0.0,742,pause,NA,NA,NA,NA,0.0,0,-44.58,-36.07,[],0,0,[],[]
26860950,26868910,NA,SIL,0.0,742,pause,NA,NA,NA,NA,0.0,0,-49.52,-44.31,[],0,0,[],[]
26868910,26870720,NA,FAF,0.0,742,pause,NA,NA,NA,NA,0.0,0,-44.56,-35.01,[],0,0,[],[]
26870720,26872000,NA,SIL,0.0,742,pause,NA,NA,NA,NA,0.0,0,-51.24,-43.5,[],0,0,[],[]
26872000,26872800,NA,TVF,0.0,742,pause,NA,NA,NA,NA,0.0,0,-48.12,-42.6,[],0,0,[],[]
26872800,26873960,NA,SIL,0.0,742,pause,NA,NA,NA,NA,0.0,0,-49.96,-40.21,[],0,0,[],[]
26873960,26874920,NA,OLF,0.0,742,pause,NA,NA,NA,NA,0.0,0,-44.77,-37.66,[],0,0,[],[]
26874920,26875920,NA,TVF,0.0,742,pause,NA,NA,NA,NA,0.0,0,-43.61,-35.09,[],0,0,[],[]
26875920,26877470,NA,SIL,0.0,742,pause,NA,NA,NA,NA,0.0,0,-49.27,-38.27,[],0,0,[],[]
26877470,26878270,NA,FAF,0.0,742,pause,NA,NA,NA,NA,0.0,0,-46.45,-42.03,[],0,0,[],[]
26878270,26879070,NA,SIL,0.0,742,pause,NA,NA,NA,NA,0.0,0,-49.94,-46.17,[],0,0,[],[]
26879070,26880070,NA,FAF,0.0,742,pause,NA,NA,NA,NA,0.0,0,-47.93,-40.39,[],0,0,[],[]
26880070,26881600,NA,TVF,0.0,742,pause,NA,NA,NA,NA,0.0,0,-50.16,-43.33,[],0,0,[],[]
26881600,26883790,NA,SIL,0.0,742,pause,NA,NA,NA,NA,0.0,0,-48.87,-39.81,[],0,0,[],[]
26883790,26884790,NA,NOF,0.0,742,pause,NA,NA,NA,NA,0.0,0,-50.22,-41.76,[],0,0,[],[]
26884790,26889360,NA,SIL,0.0,742,pause,NA,NA,NA,NA,0.0,0,-49.57,-41.03,[],0,0,[],[]
26889360,26890450,NA,TVF,0.0,742,pause,NA,NA,NA,NA,0.0,0,-46.86,-37.66,[],0,0,[],[]
26890450,26892020,NA,SIL,0.0,742,pause,NA,NA,NA,NA,0.0,0,-49.86,-41.59,[],0,0,[],[]
26892020,26892820,NA,TVF,0.0,742,pause,NA,NA,NA,NA,0.0,0,-46.79,-42.14,[],0,0,[],[]
26892820,26894130,NA,SIL,0.0,742,pause,NA,NA,NA,NA,0.0,0,-50.03,-44.84,[],0,0,[],[]
26894130,26895130,NA,FAF,0.0,742,pause,NA,NA,NA,NA,0.0,0,-40.3,-31.46,[],0,0,[],[]
26895130,26904510,NA,SIL,0.0,742,pause,NA,NA,NA,NA,0.0,0,-50.97,-44.14,[],0,0,[],[]
26904510,26905510,NA,TVN,0.0,742,pause,NA,NA,NA,NA,0.0,0,-46.5,-38.25,[],0,0,[],[]
26905510,26908430,NA,SIL,0.0,742,pause,NA,NA,NA,NA,0.0,0,-49.23,-40.54,[],0,0,[],[]
26908430,26910080,NA,NOF,0.0,742,pause,NA,NA,NA,NA,0.0,0,-44.6,-36.25,[],0,0,[],[]
26910080,26910880,NA,OLF,0.0,742,pause,NA,NA,NA,NA,0.0,0,-39.37,-31.87,[],0,0,[],[]
26910880,26911900,NA,MAF,0.0,742,pause,NA,NA,NA,NA,0.0,0,-42.68,-36.46,[],0,0,[],[]
26911900,26912700,NA,OLF,0.0,742,pause,NA,NA,NA,NA,0.0,0,-37.96,-29.51,[],0,0,[],[]
26912700,26913500,NA,NOF,0.0,742,pause,NA,NA,NA,NA,0.0,0,-43.96,-35.68,[],0,0,[],[]
26913500,26915020,NA,MAF,0.0,742,pause,NA,NA,NA,NA,0.0,0,-44.6,-35.01,[],0,0,[],[]
26915020,26917040,NA,SIL,0.0,742,pause,NA,NA,NA,NA,0.0,0,-48.53,-41.77,[],0,0,[],[]
26917040,26917840,NA,MAF,0.0,742,pause,NA,NA,NA,NA,0.0,0,-44.35,-36.55,[],0,0,[],[]
26917840,26918640,NA,SIL,0.0,742,pause,NA,NA,NA,NA,0.0,0,-47.79,-43.9,[],0,0,[],[]
26918640,26919940,NA,MAF,0.0,742,pause,NA,NA,NA,NA,0.0,0,-45.01,-39.05,[],0,0,[],[]
26919940,26922970,NA,TVF,0.0,742,pause,NA,NA,NA,NA,0.0,0,-44.68,-34.57,[],0,0,[],[]
26922970,26925680,NA,SIL,0.0,742,pause,NA,NA,NA,NA,0.0,0,-48.37,-37.38,[],0,0,[],[]
26925680,26926710,NA,TVF,0.0,742,pause,NA,NA,NA,NA,0.0,0,-45.04,-35.86,[],0,0,[],[]
26926710,26927870,NA,FAF,0.0,742,pause,NA,NA,NA,NA,0.0,0,-44.44,-36.29,[],0,0,[],[]
26927870,26929890,NA,TVN,0.0,742,pause,NA,NA,NA,NA,0.0,0,-48.86,-42.05,[],0,0,[],[]
26929890,26933300,NA,SIL,0.0,742,pause,NA,NA,NA,NA,0.0,0,-48.19,-43.12,[],0,0,[],[]
26933300,26934410,NA,CXF,0.0,742,pause,NA,NA,NA,NA,0.0,0,-41.0,-37.05,[],0,0,[],[]
26934410,26936070,NA,OLN,0.0,742,pause,NA,NA,NA,NA,0.0,0,-28.53,-8.14,[],0,0,[],[]
26936070,26936870,NA,NOF,0.0,742,pause,NA,NA,NA,NA,0.0,0,-38.57,-28.81,[],0,0,[],[]
26936870,26938700,NA,OLF,0.0,742,pause,NA,NA,NA,NA,0.0,0,-31.17,-17.44,[],0,0,[],[]
26938700,26940390,NA,NOF,0.0,742,pause,NA,NA,NA,NA,0.0,0,-36.77,-20.31,[],0,0,[],[]
26940390,26941230,NA,SIL,0.0,742,pause,NA,NA,NA,NA,0.0,0,-43.18,-35.69,[],0,0,[],[]
26941230,26942220,NA,OLF,0.0,742,pause,NA,NA,NA,NA,0.0,0,-32.3,-12.77,[],0,0,[],[]
26942220,26943480,NA,SIL,0.0,742,pause,NA,NA,NA,NA,0.0,0,-41.59,-25.27,[],0,0,[],[]
26943480,26944480,NA,MAF,0.0,742,pause,NA,NA,NA,NA,0.0,0,-43.81,-36.85,[],0,0,[],[]
26944480,26945780,NA,FAF,0.0,742,pause,NA,NA,NA,NA,0.0,0,-39.5,-29.46,[],0,0,[],[]
26945780,26946970,NA,SIL,0.0,742,pause,NA,NA,NA,NA,0.0,0,-45.41,-39.86,[],0,0,[],[]
26946970,26947940,NA,NOF,0.0,742,pause,NA,NA,NA,NA,0.0,0,-44.33,-38.1,[],0,0,[],[]
26947940,26948940,NA,TVF,0.0,742,pause,NA,NA,NA,NA,0.0,0,-45.7,-38.86,[],0,0,[],[]
26948940,26950420,NA,SIL,0.0,742,pause,NA,NA,NA,NA,0.0,0,-46.3,-39.67,[],0,0,[],[]
26950420,26956540,NA,NOF,0.0,742,pause,NA,NA,NA,NA,0.0,0,-35.17,-13.22,[],0,0,[],[]
26956540,26957580,NA,OLN,0.0,742,pause,NA,NA,NA,NA,0.0,0,-37.15,-27.2,[],0,0,[],[]
26957580,26958380,NA,NOF,0.0,742,pause,NA,NA,NA,NA,0.0,0,-42.01,-33.43,[],0,0,[],[]
26958380,26961070,NA,OLN,0.0,742,pause,NA,NA,NA,NA,0.0,0,-26.37,-15.55,[],0,0,[],[]
26961070,26961870,NA,NOF,0.0,742,pause,NA,NA,NA,NA,0.0,0,-32.44,-14.67,[],0,0,[],[]
26961870,26963020,NA,OLN,0.0,742,pause,NA,NA,NA,NA,0.0,0,-19.35,-5.69,[],0,0,[],[]
26963020,26963930,NA,NOF,0.0,742,pause,NA,NA,NA,NA,0.0,0,-33.51,-21.3,[],0,0,[],[]
26963930,26964730,NA,SIL,0.0,742,pause,NA,NA,NA,NA,0.0,0,-42.25,-36.49,[],0,0,[],[]
26964730,26965740,NA,NOF,0.0,742,pause,NA,NA,NA,NA,0.0,0,-39.44,-32.45,[],0,0,[],[]
26965740,26969410,NA,SIL,0.0,742,pause,NA,NA,NA,NA,0.0,0,-43.56,-34.73,[],0,0,[],[]
26969410,26970670,NA,NOF,0.0,742,pause,NA,NA,NA,NA,0.0,0,-41.8,-33.22,[],0,0,[],[]
26970670,26971840,NA,SIL,0.0,742,pause,NA,NA,NA,NA,0.0,0,-42.49,-35.41,[],0,0,[],[]
26971840,26972640,NA,NOF,0.0,742,pause,NA,NA,NA,NA,0.0,0,-41.37,-36.37,[],0,0,[],[]
26972640,26975340,NA,SIL,0.0,742,pause,NA,NA,NA,NA,0.0,0,-43.57,-27.6,[],0,0,[],[]
26975340,26976340,NA,TVF,0.0,742,pause,NA,NA,NA,NA,0.0,0,-44.6,-36.87,[],0,0,[],[]
26976340,26978230,NA,SIL,0.0,742,pause,NA,NA,NA,NA,0.0,0,-45.67,-37.31,[],0,0,[],[]
26978230,26982900,NA,NOF,0.0,742,pause,NA,NA,NA,NA,0.0,0,-36.52,-19.2,[],0,0,[],[]
26982900,26983910,NA,SIL,0.0,742,pause,NA,NA,NA,NA,0.0,0,-50.62,-47.25,[],0,0,[],[]
26983910,26984920,NA,FAF,0.0,742,pause,NA,NA,NA,NA,0.0,0,-46.58,-36.03,[],0,0,[],[]
26984920,26985930,NA,NOF,0.0,742,pause,NA,NA,NA,NA,0.0,0,-45.83,-35.54,[],0,0,[],[]
26985930,26986820,NA,OLF,0.0,742,pause,NA,NA,NA,NA,0.0,0,-43.76,-38.82,[],0,0,[],[]
26986820,26988010,NA,TVF,0.0,742,pause,NA,NA,NA,NA,0.0,0,-48.51,-42.0,[],0,0,[],[]
26988010,26988840,NA,SIL,0.0,742,pause,NA,NA,NA,NA,0.0,0,-51.16,-46.03,[],0,0,[],[]
26988840,26991600,NA,TVF,0.0,742,pause,NA,NA,NA,NA,0.0,0,-50.06,-44.25,[],0,0,[],[]
26991600,26993940,NA,SIL,0.0,742,pause,NA,NA,NA,NA,0.0,0,-51.01,-45.87,[],0,0,[],[]
26993940,26995970,NA,NOF,0.0,742,pause,NA,NA,NA,NA,0.0,0,-47.7,-31.95,[],0,0,[],[]
26995970,26997090,NA,SIL,0.0,742,pause,NA,NA,NA,NA,0.0,0,-51.12,-47.31,[],0,0,[],[]
26997090,26998670,NA,MAF,0.0,742,pause,NA,NA,NA,NA,0.0,0,-45.98,-37.1,[],0,0,[],[]
26998670,27001570,NA,TVF,0.0,742,pause,NA,NA,NA,NA,0.0,0,-48.85,-40.38,[],0,0,[],[]
27001570,27003170,NA,SIL,0.0,742,pause,NA,NA,NA,NA,0.0,0,-49.74,-44.72,[],0,0,[],[]
27003170,27004170,NA,MAF,0.0,742,pause,NA,NA,NA,NA,0.0,0,-47.53,-42.45,[],0,0,[],[]
27004170,27004970,NA,NOF,0.0,742,pause,NA,NA,NA,NA,0.0,0,-47.91,-44.87,[],0,0,[],[]
27004970,27009390,NA,SIL,0.0,742,pause,NA,NA,NA,NA,0.0,0,-50.2,-43.01,[],0,0,[],[]
27009390,27010330,OCH,CXN,0.0,742,XM,EC,0,NT,FI,0.0,0,-49.69,-44.12,[],0,0,[],[]
27010330,27011650,NA,SIL,0.0,743,pause,NA,NA,NA,NA,0.0,0,-51.81,-47.5,[],0,0,[],[]
27011650,27013460,NA,NOF,0.0,743,pause,NA,NA,NA,NA,0.0,0,-47.89,-39.99,[],0,0,[],[]
27013460,27014280,NA,SIL,0.0,743,pause,NA,NA,NA,NA,0.0,0,-47.13,-41.81,[],0,0,[],[]
27014280,27018450,NA,NOF,0.0,743,pause,NA,NA,NA,NA,0.0,0,-31.52,-10.09,[],0,0,[],[]
27018450,27020120,NA,SIL,0.0,743,pause,NA,NA,NA,NA,0.0,0,-50.26,-46.21,[],0,0,[],[]
27020120,27021840,NA,TVF,0.0,743,pause,NA,NA,NA,NA,0.0,0,-48.8,-42.75,[],0,0,[],[]
27021840,27022640,NA,SIL,0.0,743,pause,NA,NA,NA,NA,0.0,0,-51.25,-44.61,[],0,0,[],[]
27022640,27023640,NA,TVF,0.0,743,pause,NA,NA,NA,NA,0.0,0,-50.54,-45.96,[],0,0,[],[]
27023640,27025400,NA,SIL,0.0,743,pause,NA,NA,NA,NA,0.0,0,-51.53,-45.29,[],0,0,[],[]
27025400,27029300,NA,TVF,0.0,743,pause,NA,NA,NA,NA,0.0,0,-48.95,-40.91,[],0,0,[],[]
27029300,27031830,NA,SIL,0.0,743,pause,NA,NA,NA,NA,0.0,0,-51.96,-47.77,[],0,0,[],[]
27031830,27032950,NA,TVF,0.0,743,pause,NA,NA,NA,NA,0.0,0,-50.42,-46.13,[],0,0,[],[]
27032950,27034240,NA,SIL,0.0,743,pause,NA,NA,NA,NA,0.0,0,-51.49,-47.41,[],0,0,[],[]
27034240,27035560,NA,NOF,0.0,743,pause,NA,NA,NA,NA,0.0,0,-41.78,-26.08,[],0,0,[],[]
27035560,27036360,NA,OLF,0.0,743,pause,NA,NA,NA,NA,0.0,0,-29.94,-19.71,[],0,0,[],[]
27036360,27040210,NA,NOF,0.0,743,pause,NA,NA,NA,NA,0.0,0,-39.94,-21.74,[],0,0,[],[]
27040210,27041810,NA,SIL,0.0,743,pause,NA,NA,NA,NA,0.0,0,-48.73,-41.29,[],0,0,[],[]
27041810,27042610,OCH,CXN,0.0,743,XM,EC,0,NT,FI,0.0,0,-32.03,-19.74,[],0,0,[],[]
27042610,27044160,NA,NOF,0.0,744,pause,NA,NA,NA,NA,0.0,0,-32.24,-19.53,[],0,0,[],[]
27044160,27045150,NA,OLF,0.0,744,pause,NA,NA,NA,NA,0.0,0,-15.65,-4.53,[],0,0,[],[]
27045150,27045960,NA,NOF,0.0,744,pause,NA,NA,NA,NA,0.0,0,-15.0,-4.51,[],0,0,[],[]
27045960,27046760,NA,OLN,0.0,744,pause,NA,NA,NA,NA,0.0,0,-16.97,-6.32,[],0,0,[],[]
27046760,27047560,NA,NOF,0.0,744,pause,NA,NA,NA,NA,0.0,0,-27.4,-12.03,[],0,0,[],[]
27047560,27048360,NA,OLN,0.0,744,pause,NA,NA,NA,NA,0.0,0,-18.57,-9.46,[],0,0,[],[]
27048360,27049280,NA,NOF,0.0,744,pause,NA,NA,NA,NA,0.0,0,-14.77,-5.54,[],0,0,[],[]
27049280,27050100,NA,OLN,0.0,744,pause,NA,NA,NA,NA,0.0,0,-20.42,-7.51,[],0,0,[],[]
27050100,27055300,NA,NOF,0.0,744,pause,NA,NA,NA,NA,0.0,0,-39.88,-20.11,[],0,0,[],[]
27055300,27056100,NA,OLF,0.0,744,pause,NA,NA,NA,NA,0.0,0,-30.15,-17.98,[],0,0,[],[]
27056100,27058510,NA,NOF,0.0,744,pause,NA,NA,NA,NA,0.0,0,-36.28,-23.22,[],0,0,[],[]
27058510,27060300,NA,OLF,0.0,744,pause,NA,NA,NA,NA,0.0,0,-31.65,-15.51,[],0,0,[],[]
27060300,27060950,OCH,CXN,0.0,744,XM,EC,0,NT,FI,0.0,0,-24.68,-16.34,[],0,0,[],[]
27060950,27062260,NA,NOF,0.0,745,pause,NA,NA,NA,NA,0.0,0,-40.51,-31.65,[],0,0,[],[]
27062260,27063060,NA,OLF,0.0,745,pause,NA,NA,NA,NA,0.0,0,-37.44,-24.3,[],0,0,[],[]
27063060,27067330,NA,NOF,0.0,745,pause,NA,NA,NA,NA,0.0,0,-37.44,-13.88,[],0,0,[],[]
27067330,27069180,NA,SIL,0.0,745,pause,NA,NA,NA,NA,0.0,0,-51.7,-41.9,[],0,0,[],[]
27069180,27070010,NA,FAF,0.0,745,pause,NA,NA,NA,NA,0.0,0,-40.16,-21.71,[],0,0,[],[]
27070010,27072110,NA,SIL,0.0,745,pause,NA,NA,NA,NA,0.0,0,-47.8,-29.28,[],0,0,[],[]
27072110,27073420,NA,NOF,0.0,745,pause,NA,NA,NA,NA,0.0,0,-50.85,-46.58,[],0,0,[],[]
27073420,27074640,NA,SIL,0.0,745,pause,NA,NA,NA,NA,0.0,0,-49.68,-40.64,[],0,0,[],[]
27074640,27075810,NA,TVF,0.0,745,pause,NA,NA,NA,NA,0.0,0,-50.26,-41.34,[],0,0,[],[]
27075810,27082350,NA,NOF,0.0,745,pause,NA,NA,NA,NA,0.0,0,-39.99,-24.11,[],0,0,[],[]
27082350,27083530,NA,SIL,0.0,745,pause,NA,NA,NA,NA,0.0,0,-51.5,-47.61,[],0,0,[],[]
27083530,27084400,FEM,FAN,0.0,745,pause,NA,NA,NA,NA,0.0,0,-42.94,-35.02,[],870,0,[],[]
27084400,27085550,OCH,CXN,0.0,745,XIOCA,BC,0,NT,FI,0.0,0,-32.11,-18.53,[],0,0,[],[]
27085550,27086360,NA,OLN,0.0,745,XIOCA,NA,NA,NA,NA,0.0,0,-36.35,-27.92,[],0,0,[],[]
27086360,27087830,OCH,CXN,0.0,745,XIOCA,RC,0,NT,FH,0.0,0,-32.15,-22.62,[],0,0,[],[]
27087830,27088640,NA,NOF,0.0,745,XIOCA,NA,NA,NA,NA,0.0,0,-47.97,-39.08,[],0,0,[],[]
27088640,27089240,FEM,FAN,2.75,745,XIOCA,RC,0,NT,FI,0.0,0,-39.15,-31.35,[],0,0,[],[]
27089240,27090080,NA,SIL,0.0,745,XIOCA,NA,NA,NA,NA,0.0,0,-50.73,-46.75,[],0,0,[],[]
27090080,27090880,NA,OLF,0.0,745,XIOCA,NA,NA,NA,NA,0.0,0,-48.3,-39.57,[],0,0,[],[]
27090880,27091850,OCH,CXN,0.0,745,XIOCA,EC,0,NT,FI,0.0,0,-29.3,-23.42,[],0,0,[],[]
27091850,27092870,NA,OLF,0.0,746,pause,NA,NA,NA,NA,0.0,0,-35.44,-23.92,[],0,0,[],[]
27092870,27095340,NA,NOF,0.0,746,pause,NA,NA,NA,NA,0.0,0,-45.73,-34.1,[],0,0,[],[]
27095340,27097050,NA,SIL,0.0,746,pause,NA,NA,NA,NA,0.0,0,-52.85,-48.05,[],0,0,[],[]
27097050,27097970,OCH,CXN,0.0,746,XM,BC,0,NT,FI,0.0,0,-40.17,-30.48,[],0,0,[],[]
27097970,27098880,OCH,CXN,0.0,746,XM,EC,0,NT,FH,0.0,0,-35.48,-26.44,[],0,0,[],[]
27098880,27099870,NA,NOF,0.0,747,pause,NA,NA,NA,NA,0.0,0,-28.52,-9.98,[],0,0,[],[]
27099870,27104170,NA,SIL,0.0,747,pause,NA,NA,NA,NA,0.0,0,-51.33,-35.72,[],0,0,[],[]
27104170,27105180,NA,NOF,0.0,747,pause,NA,NA,NA,NA,0.0,0,-47.78,-37.62,[],0,0,[],[]
27105180,27109300,NA,SIL,0.0,747,pause,NA,NA,NA,NA,0.0,0,-52.39,-43.49,[],0,0,[],[]
27109300,27111010,NA,TVF,0.0,747,pause,NA,NA,NA,NA,0.0,0,-44.66,-39.23,[],0,0,[],[]
27111010,27112490,NA,SIL,0.0,747,pause,NA,NA,NA,NA,0.0,0,-50.25,-39.13,[],0,0,[],[]
27112490,27113290,NA,NOF,0.0,747,pause,NA,NA,NA,NA,0.0,0,-47.13,-42.35,[],0,0,[],[]
27113290,27114090,NA,SIL,0.0,747,pause,NA,NA,NA,NA,0.0,0,-48.34,-37.22,[],0,0,[],[]
27114090,27121910,NA,OLF,0.0,747,pause,NA,NA,NA,NA,0.0,0,-24.24,-2.67,[],0,0,[],[]
27121910,27122890,NA,NON,0.0,747,pause,NA,NA,NA,NA,0.0,0,-14.54,-3.95,[],0,0,[],[]
27122890,27124090,NA,OLN,0.0,747,pause,NA,NA,NA,NA,0.0,0,-14.46,-3.36,[],0,0,[],[]
27124090,27126450,NA,NOF,0.0,747,pause,NA,NA,NA,NA,0.0,0,-41.54,-28.53,[],0,0,[],[]
27126450,27127450,NA,MAF,0.0,747,pause,NA,NA,NA,NA,0.0,0,-27.42,-9.04,[],0,0,[],[]
27127450,27128460,NA,FAF,0.0,747,pause,NA,NA,NA,NA,0.0,0,-43.77,-30.83,[],0,0,[],[]
27128460,27130530,NA,TVF,0.0,747,pause,NA,NA,NA,NA,0.0,0,-47.0,-39.66,[],0,0,[],[]
27130530,27131560,NA,NOF,0.0,747,pause,NA,NA,NA,NA,0.0,0,-44.42,-40.31,[],0,0,[],[]
27131560,27132560,NA,TVF,0.0,747,pause,NA,NA,NA,NA,0.0,0,-41.77,-33.22,[],0,0,[],[]
27132560,27133500,NA,SIL,0.0,747,pause,NA,NA,NA,NA,0.0,0,-52.63,-48.73,[],0,0,[],[]
27133500,27134500,NA,TVF,0.0,747,pause,NA,NA,NA,NA,0.0,0,-44.08,-34.11,[],0,0,[],[]
27134500,27137900,NA,TVF,0.0,747,pause,NA,NA,NA,NA,0.0,0,-47.27,-39.29,[],0,0,[],[]
27137900,27138790,NA,SIL,0.0,747,pause,NA,NA,NA,NA,0.0,0,-51.71,-43.97,[],0,0,[],[]
27138790,27139800,NA,TVF,0.0,747,pause,NA,NA,NA,NA,0.0,0,-42.69,-38.45,[],0,0,[],[]
27139800,27140860,NA,MAF,0.0,747,pause,NA,NA,NA,NA,0.0,0,-45.39,-41.08,[],0,0,[],[]
27140860,27143020,NA,TVF,0.0,747,pause,NA,NA,NA,NA,0.0,0,-43.53,-23.86,[],0,0,[],[]
27143020,27143960,NA,NOF,0.0,747,pause,NA,NA,NA,NA,0.0,0,-45.57,-38.09,[],0,0,[],[]
27143960,27145360,NA,TVF,0.0,747,pause,NA,NA,NA,NA,0.0,0,-44.86,-37.8,[],0,0,[],[]
27145360,27147940,NA,CXF,0.0,747,pause,NA,NA,NA,NA,0.0,0,-44.09,-35.77,[],0,0,[],[]
27147940,27148940,NA,TVF,0.0,747,pause,NA,NA,NA,NA,0.0,0,-48.02,-42.99,[],0,0,[],[]
27148940,27149780,NA,NOF,0.0,747,pause,NA,NA,NA,NA,0.0,0,-37.21,-18.88,[],0,0,[],[]
27149780,27152060,NA,TVF,0.0,747,pause,NA,NA,NA,NA,0.0,0,-48.93,-42.16,[],0,0,[],[]
27152060,27153100,NA,SIL,0.0,747,pause,NA,NA,NA,NA,0.0,0,-53.48,-49.38,[],0,0,[],[]
27153100,27154890,NA,TVN,0.0,747,pause,NA,NA,NA,NA,0.0,0,-40.7,-22.88,[],0,0,[],[]
27154890,27155690,NA,TVF,0.0,747,pause,NA,NA,NA,NA,0.0,0,-34.28,-18.3,[],0,0,[],[]
27155690,27161920,NA,TVF,0.0,747,pause,NA,NA,NA,NA,0.0,0,-40.56,-18.53,[],0,0,[],[]
27161920,27163800,NA,OLF,0.0,747,pause,NA,NA,NA,NA,0.0,0,-37.45,-17.82,[],0,0,[],[]
27163800,27164640,NA,SIL,0.0,747,pause,NA,NA,NA,NA,0.0,0,-47.96,-45.05,[],0,0,[],[]
27164640,27167920,NA,TVN,0.0,747,pause,NA,NA,NA,NA,0.0,0,-42.02,-30.6,[],0,0,[],[]
27167920,27169110,NA,NOF,0.0,747,pause,NA,NA,NA,NA,0.0,0,-33.09,-17.57,[],0,0,[],[]
27169110,27174120,NA,TVN,0.0,747,pause,NA,NA,NA,NA,0.0,0,-47.16,-41.0,[],0,0,[],[]
27174120,27176710,NA,TVF,0.0,747,pause,NA,NA,NA,NA,0.0,0,-44.54,-37.22,[],0,0,[],[]
27176710,27177720,NA,FAF,0.0,747,pause,NA,NA,NA,NA,0.0,0,-43.78,-34.72,[],0,0,[],[]
27177720,27178520,NA,SIL,0.0,747,pause,NA,NA,NA,NA,0.0,0,-47.31,-38.68,[],0,0,[],[]
27178520,27179960,NA,TVN,0.0,747,pause,NA,NA,NA,NA,0.0,0,-46.8,-43.12,[],0,0,[],[]
27179960,27181100,NA,CXF,0.0,747,pause,NA,NA,NA,NA,0.0,0,-43.47,-37.1,[],0,0,[],[]
27181100,27182110,NA,TVF,0.0,747,pause,NA,NA,NA,NA,0.0,0,-46.94,-41.19,[],0,0,[],[]
27182110,27185420,NA,TVF,0.0,747,pause,NA,NA,NA,NA,0.0,0,-43.42,-33.84,[],0,0,[],[]
27185420,27186230,NA,TVF,0.0,747,pause,NA,NA,NA,NA,0.0,0,-44.27,-37.18,[],0,0,[],[]
27186230,27187230,NA,SIL,0.0,747,pause,NA,NA,NA,NA,0.0,0,-49.23,-42.62,[],0,0,[],[]
27187230,27188560,NA,TVF,0.0,747,pause,NA,NA,NA,NA,0.0,0,-44.03,-33.99,[],0,0,[],[]
27188560,27189610,NA,TVF,0.0,747,pause,NA,NA,NA,NA,0.0,0,-40.03,-28.23,[],0,0,[],[]
27189610,27190660,NA,TVF,0.0,747,pause,NA,NA,NA,NA,0.0,0,-40.33,-32.15,[],0,0,[],[]
27190660,27192310,NA,OLF,0.0,747,pause,NA,NA,NA,NA,0.0,0,-30.91,-18.57,[],0,0,[],[]
27192310,27193330,OCH,CXN,0.0,747,XM,EC,0,NT,FI,0.0,0,-30.64,-25.58,[],0,0,[],[]
27193330,27194330,NA,OLF,0.0,748,pause,NA,NA,NA,NA,0.0,0,-40.78,-29.13,[],0,0,[],[]
27194330,27195360,NA,FAF,0.0,748,pause,NA,NA,NA,NA,0.0,0,-41.76,-31.79,[],0,0,[],[]
27195360,27197050,NA,OLF,0.0,748,pause,NA,NA,NA,NA,0.0,0,-43.61,-34.6,[],0,0,[],[]
27197050,27198380,NA,MAF,0.0,748,pause,NA,NA,NA,NA,0.0,0,-43.32,-37.48,[],0,0,[],[]
27198380,27199670,NA,OLF,0.0,748,pause,NA,NA,NA,NA,0.0,0,-43.81,-33.42,[],0,0,[],[]
27199670,27201560,NA,TVN,0.0,748,pause,NA,NA,NA,NA,0.0,0,-40.18,-34.51,[],0,0,[],[]
27201560,27204020,NA,OLF,0.0,748,pause,NA,NA,NA,NA,0.0,0,-35.55,-25.56,[],0,0,[],[]
27204020,27207050,NA,NOF,0.0,748,pause,NA,NA,NA,NA,0.0,0,-41.48,-30.73,[],0,0,[],[]
27207050,27208060,NA,SIL,0.0,748,pause,NA,NA,NA,NA,0.0,0,-44.37,-33.42,[],0,0,[],[]
27208060,27209350,NA,FAF,0.0,748,pause,NA,NA,NA,NA,0.0,0,-40.03,-25.68,[],0,0,[],[]
27209350,27210160,NA,SIL,0.0,748,pause,NA,NA,NA,NA,0.0,0,-50.65,-44.94,[],0,0,[],[]
27210160,27211070,NA,OLF,0.0,748,pause,NA,NA,NA,NA,0.0,0,-43.41,-32.57,[],0,0,[],[]
27211070,27214730,NA,NOF,0.0,748,pause,NA,NA,NA,NA,0.0,0,-32.76,-9.09,[],0,0,[],[]
27214730,27215530,NA,CXF,0.0,748,pause,NA,NA,NA,NA,0.0,0,-47.6,-39.22,[],0,0,[],[]
27215530,27218910,NA,NOF,0.0,748,pause,NA,NA,NA,NA,0.0,0,-25.81,-6.26,[],0,0,[],[]
27218910,27219730,NA,OLN,0.0,748,pause,NA,NA,NA,NA,0.0,0,-14.84,-4.01,[],0,0,[],[]
27219730,27221420,NA,OLF,0.0,748,pause,NA,NA,NA,NA,0.0,0,-35.45,-23.34,[],0,0,[],[]
27221420,27223280,NA,NOF,0.0,748,pause,NA,NA,NA,NA,0.0,0,-40.69,-29.68,[],0,0,[],[]
27223280,27224180,NA,OLF,0.0,748,pause,NA,NA,NA,NA,0.0,0,-42.1,-30.98,[],0,0,[],[]
27224180,27225460,NA,NOF,0.0,748,pause,NA,NA,NA,NA,0.0,0,-40.73,-30.61,[],0,0,[],[]
27225460,27226260,NA,OLF,0.0,748,pause,NA,NA,NA,NA,0.0,0,-27.7,-11.36,[],0,0,[],[]
27226260,27227490,NA,NON,0.0,748,pause,NA,NA,NA,NA,0.0,0,-29.68,-16.07,[],0,0,[],[]
27227490,27228290,NA,OLN,0.0,748,pause,NA,NA,NA,NA,0.0,0,-16.76,-4.25,[],0,0,[],[]
27228290,27229680,NA,NOF,0.0,748,pause,NA,NA,NA,NA,0.0,0,-36.12,-18.9,[],0,0,[],[]
27229680,27230660,NA,OLF,0.0,748,pause,NA,NA,NA,NA,0.0,0,-30.28,-18.45,[],0,0,[],[]
27230660,27232070,NA,NOF,0.0,748,pause,NA,NA,NA,NA,0.0,0,-43.87,-34.77,[],0,0,[],[]
27232070,27232970,NA,OLF,0.0,748,pause,NA,NA,NA,NA,0.0,0,-27.21,-14.91,[],0,0,[],[]
27232970,27236850,NA,NOF,0.0,748,pause,NA,NA,NA,NA,0.0,0,-41.69,-21.64,[],0,0,[],[]
27236850,27238960,NA,SIL,0.0,748,pause,NA,NA,NA,NA,0.0,0,-50.97,-32.18,[],0,0,[],[]
27238960,27240710,NA,NOF,0.0,748,pause,NA,NA,NA,NA,0.0,0,-24.05,-4.29,[],0,0,[],[]
27240710,27241510,NA,OLF,0.0,748,pause,NA,NA,NA,NA,0.0,0,-27.62,-10.98,[],0,0,[],[]
27241510,27242340,NA,NOF,0.0,748,pause,NA,NA,NA,NA,0.0,0,-19.95,-4.38,[],0,0,[],[]
27242340,27243360,NA,OLF,0.0,748,pause,NA,NA,NA,NA,0.0,0,-18.89,-4.36,[],0,0,[],[]
27243360,27244740,NA,SIL,0.0,748,pause,NA,NA,NA,NA,0.0,0,-47.06,-31.3,[],0,0,[],[]
27244740,27245780,NA,NOF,0.0,748,pause,NA,NA,NA,NA,0.0,0,-49.66,-43.31,[],0,0,[],[]
27245780,27248670,NA,SIL,0.0,748,pause,NA,NA,NA,NA,0.0,0,-51.74,-40.35,[],0,0,[],[]
27248670,27249470,NA,NOF,0.0,748,pause,NA,NA,NA,NA,0.0,0,-50.23,-40.35,[],0,0,[],[]
27249470,27253120,NA,SIL,0.0,748,pause,NA,NA,NA,NA,0.0,0,-52.81,-46.57,[],0,0,[],[]
27253120,27254760,NA,NOF,0.0,748,pause,NA,NA,NA,NA,0.0,0,-45.37,-29.77,[],0,0,[],[]
27254760,27255560,NA,OLF,0.0,748,pause,NA,NA,NA,NA,0.0,0,-45.83,-41.02,[],0,0,[],[]
27255560,27259850,NA,NOF,0.0,748,pause,NA,NA,NA,NA,0.0,0,-36.3,-10.68,[],0,0,[],[]
27259850,27260450,NA,FAF,0.0,748,pause,NA,NA,NA,NA,0.0,0,-48.3,-44.07,[],0,0,[],[]
27260450,27265150,NA,NOF,0.0,748,pause,NA,NA,NA,NA,0.0,0,-47.2,-27.96,[],0,0,[],[]
27265150,27266120,NA,SIL,0.0,748,pause,NA,NA,NA,NA,0.0,0,-53.51,-40.64,[],0,0,[],[]
27266120,27267080,NA,FAF,0.0,748,pause,NA,NA,NA,NA,0.0,0,-21.43,-4.78,[],0,0,[],[]
27267080,27269500,NA,SIL,0.0,748,pause,NA,NA,NA,NA,0.0,0,-46.92,-27.59,[],0,0,[],[]
27269500,27270840,NA,NOF,0.0,748,pause,NA,NA,NA,NA,0.0,0,-48.06,-36.76,[],0,0,[],[]
27270840,27272110,NA,TVF,0.0,748,pause,NA,NA,NA,NA,0.0,0,-48.85,-42.87,[],0,0,[],[]
27272110,27273140,NA,SIL,0.0,748,pause,NA,NA,NA,NA,0.0,0,-49.63,-40.33,[],0,0,[],[]
27273140,27276000,NA,NOF,0.0,748,pause,NA,NA,NA,NA,0.0,0,-28.16,-5.7,[],0,0,[],[]
27276000,27277340,NA,TVF,0.0,748,pause,NA,NA,NA,NA,0.0,0,-49.4,-41.67,[],0,0,[],[]
27277340,27279910,NA,SIL,0.0,748,pause,NA,NA,NA,NA,0.0,0,-50.96,-33.17,[],0,0,[],[]
27279910,27280720,NA,TVF,0.0,748,pause,NA,NA,NA,NA,0.0,0,-52.76,-42.69,[],0,0,[],[]
27280720,27281590,NA,SIL,0.0,748,pause,NA,NA,NA,NA,0.0,0,-52.72,-45.81,[],0,0,[],[]
27281590,27282980,NA,NOF,0.0,748,pause,NA,NA,NA,NA,0.0,0,-41.12,-22.38,[],0,0,[],[]
27282980,27286340,NA,TVF,0.0,748,pause,NA,NA,NA,NA,0.0,0,-46.32,-39.31,[],0,0,[],[]
27286340,27287180,NA,NOF,0.0,748,pause,NA,NA,NA,NA,0.0,0,-44.61,-41.58,[],0,0,[],[]
27287180,27288010,NA,OLF,0.0,748,pause,NA,NA,NA,NA,0.0,0,-33.34,-17.53,[],0,0,[],[]
27288010,27293460,NA,NOF,0.0,748,pause,NA,NA,NA,NA,0.0,0,-34.83,-13.37,[],0,0,[],[]
27293460,27294280,NA,SIL,0.0,748,pause,NA,NA,NA,NA,0.0,0,-51.86,-43.49,[],0,0,[],[]
27294280,27295410,NA,MAF,0.0,748,pause,NA,NA,NA,NA,0.0,0,-43.81,-31.8,[],0,0,[],[]
27295410,27296260,NA,SIL,0.0,748,pause,NA,NA,NA,NA,0.0,0,-48.08,-40.2,[],0,0,[],[]
27296260,27297080,NA,CXF,0.0,748,pause,NA,NA,NA,NA,0.0,0,-44.35,-36.66,[],0,0,[],[]
27297080,27298440,NA,NOF,0.0,748,pause,NA,NA,NA,NA,0.0,0,-47.78,-33.68,[],0,0,[],[]
27298440,27299440,NA,FAF,0.0,748,pause,NA,NA,NA,NA,0.0,0,-50.58,-41.64,[],0,0,[],[]
27299440,27308480,NA,NOF,0.0,748,pause,NA,NA,NA,NA,0.0,0,-32.73,-10.37,[],0,0,[],[]
27308480,27309810,NA,OLF,0.0,748,pause,NA,NA,NA,NA,0.0,0,-32.61,-18.27,[],0,0,[],[]
27309810,27310410,OCH,CXN,0.0,748,XM,EC,0,NT,FI,0.0,0,-31.48,-24.08,[],0,0,[],[]
27310410,27311230,NA,SIL,0.0,749,pause,NA,NA,NA,NA,0.0,0,-50.75,-45.9,[],0,0,[],[]
27311230,27312030,NA,OLF,0.0,749,pause,NA,NA,NA,NA,0.0,0,-42.17,-34.18,[],0,0,[],[]
27312030,27312830,NA,NOF,0.0,749,pause,NA,NA,NA,NA,0.0,0,-44.69,-34.34,[],0,0,[],[]
27312830,27317460,NA,SIL,0.0,749,pause,NA,NA,NA,NA,0.0,0,-51.6,-42.05,[],0,0,[],[]
27317460,27318580,NA,NOF,0.0,749,pause,NA,NA,NA,NA,0.0,0,-48.54,-36.41,[],0,0,[],[]
27318580,27319580,NA,TVF,0.0,749,pause,NA,NA,NA,NA,0.0,0,-49.61,-42.2,[],0,0,[],[]
27319580,27321760,NA,NOF,0.0,749,pause,NA,NA,NA,NA,0.0,0,-47.88,-30.32,[],0,0,[],[]
27321760,27322560,NA,SIL,0.0,749,pause,NA,NA,NA,NA,0.0,0,-48.42,-31.24,[],0,0,[],[]
27322560,27323460,NA,CXF,0.0,749,pause,NA,NA,NA,NA,0.0,0,-50.7,-41.86,[],0,0,[],[]
27323460,27324460,NA,TVF,0.0,749,pause,NA,NA,NA,NA,0.0,0,-50.76,-41.76,[],0,0,[],[]
27324460,27326420,NA,NOF,0.0,749,pause,NA,NA,NA,NA,0.0,0,-35.7,-18.21,[],0,0,[],[]
27326420,27327950,NA,SIL,0.0,749,pause,NA,NA,NA,NA,0.0,0,-51.3,-43.64,[],0,0,[],[]
27327950,27329010,NA,NOF,0.0,749,pause,NA,NA,NA,NA,0.0,0,-50.85,-39.22,[],0,0,[],[]
27329010,27329820,NA,SIL,0.0,749,pause,NA,NA,NA,NA,0.0,0,-55.2,-48.82,[],0,0,[],[]
27329820,27330620,NA,CXF,0.0,749,pause,NA,NA,NA,NA,0.0,0,-41.18,-32.45,[],0,0,[],[]
27330620,27331580,NA,SIL,0.0,749,pause,NA,NA,NA,NA,0.0,0,-48.43,-39.03,[],0,0,[],[]
27331580,27332380,NA,OLF,0.0,749,pause,NA,NA,NA,NA,0.0,0,-36.51,-25.91,[],0,0,[],[]
27332380,27333180,NA,NOF,0.0,749,pause,NA,NA,NA,NA,0.0,0,-38.94,-29.34,[],0,0,[],[]
27333180,27333980,OCH,CXN,0.0,749,XIOCC,BC,0,NT,FI,0.0,0,-33.28,-25.01,[],0,0,[],[]
27333980,27334660,NA,CHF,0.0,749,XIOCC,RC,0,NT,FI,2.0,320,-39.17,-30.0,"[{'Canonical-syllable': '0', 'Growl': '1', 'High-freq-energy': '0', 'Long-island': '0', 'Low-tilt-spectrum': '1', 'Medium-island': '0', 'Short-island': '0', 'Squeal': '0', 'Typical-entropy': '0', 'Voicing-quality': '0', 'Wide-band': '0', 'Xlong-island': '0', 'seq': '1', 'end': 27334.08, 'start': 27333.98}, {'Canonical-syllable': '0', 'Growl': '0', 'High-freq-energy': '0', 'Long-island': '0', 'Low-tilt-spectrum': '1', 'Medium-island': '0', 'Short-island': '1', 'Squeal': '0', 'Typical-entropy': '1', 'Voicing-quality': '1', 'Wide-band': '0', 'Xlong-island': '0', 'seq': '2', 'end': 27334.66, 'start': 27334.44}]",0,0,[],[]
27334660,27335810,NA,OLF,0.0,749,XIOCC,NA,NA,NA,NA,0.0,0,-43.45,-33.56,[],0,0,[],[]
27335810,27337010,OCH,CXN,0.0,749,XIOCC,EC,0,NT,FI,0.0,0,-35.2,-25.27,[],0,0,[],[]
27337010,27338420,NA,CXF,0.0,750,pause,NA,NA,NA,NA,0.0,0,-47.62,-37.77,[],0,0,[],[]
27338420,27339240,NA,SIL,0.0,750,pause,NA,NA,NA,NA,0.0,0,-52.42,-45.99,[],0,0,[],[]
27339240,27340500,NA,TVF,0.0,750,pause,NA,NA,NA,NA,0.0,0,-47.04,-42.45,[],0,0,[],[]
27340500,27341300,NA,OLF,0.0,750,pause,NA,NA,NA,NA,0.0,0,-46.17,-40.52,[],0,0,[],[]
27341300,27342300,NA,TVF,0.0,750,pause,NA,NA,NA,NA,0.0,0,-46.61,-41.72,[],0,0,[],[]
27342300,27343100,NA,NOF,0.0,750,pause,NA,NA,NA,NA,0.0,0,-47.2,-36.31,[],0,0,[],[]
27343100,27343900,NA,SIL,0.0,750,pause,NA,NA,NA,NA,0.0,0,-47.98,-43.28,[],0,0,[],[]
27343900,27345690,NA,NOF,0.0,750,pause,NA,NA,NA,NA,0.0,0,-47.0,-35.82,[],0,0,[],[]
27345690,27347840,NA,OLF,0.0,750,pause,NA,NA,NA,NA,0.0,0,-45.79,-35.58,[],0,0,[],[]
27347840,27348640,NA,TVF,0.0,750,pause,NA,NA,NA,NA,0.0,0,-47.38,-39.03,[],0,0,[],[]
27348640,27349520,NA,NOF,0.0,750,pause,NA,NA,NA,NA,0.0,0,-49.51,-41.33,[],0,0,[],[]
27349520,27350710,NA,SIL,0.0,750,pause,NA,NA,NA,NA,0.0,0,-52.59,-46.53,[],0,0,[],[]
27350710,27351510,NA,NOF,0.0,750,pause,NA,NA,NA,NA,0.0,0,-44.62,-32.43,[],0,0,[],[]
27351510,27352380,NA,SIL,0.0,750,pause,NA,NA,NA,NA,0.0,0,-51.56,-46.64,[],0,0,[],[]
27352380,27353310,NA,OLF,0.0,750,pause,NA,NA,NA,NA,0.0,0,-45.26,-35.39,[],0,0,[],[]
27353310,27354130,NA,SIL,0.0,750,pause,NA,NA,NA,NA,0.0,0,-49.37,-43.85,[],0,0,[],[]
27354130,27356710,NA,NOF,0.0,750,pause,NA,NA,NA,NA,0.0,0,-45.64,-36.21,[],0,0,[],[]
27356710,27357510,OCH,CXN,0.0,750,XM,EC,0,NT,FI,0.0,0,-35.3,-28.65,[],0,0,[],[]
27357510,27359280,NA,NOF,0.0,751,pause,NA,NA,NA,NA,0.0,0,-44.36,-35.63,[],0,0,[],[]
27359280,27360080,NA,OLF,0.0,751,pause,NA,NA,NA,NA,0.0,0,-46.76,-41.57,[],0,0,[],[]
27360080,27363100,NA,NOF,0.0,751,pause,NA,NA,NA,NA,0.0,0,-49.73,-41.79,[],0,0,[],[]
27363100,27364440,NA,SIL,0.0,751,pause,NA,NA,NA,NA,0.0,0,-53.77,-50.56,[],0,0,[],[]
27364440,27366240,NA,TVF,0.0,751,pause,NA,NA,NA,NA,0.0,0,-47.6,-40.82,[],0,0,[],[]
27366240,27369090,NA,SIL,0.0,751,pause,NA,NA,NA,NA,0.0,0,-50.07,-41.08,[],0,0,[],[]
27369090,27369890,NA,OLF,0.0,751,pause,NA,NA,NA,NA,0.0,0,-48.15,-46.04,[],0,0,[],[]
27369890,27370690,NA,TVF,0.0,751,pause,NA,NA,NA,NA,0.0,0,-46.76,-43.13,[],0,0,[],[]
27370690,27373080,NA,SIL,0.0,751,pause,NA,NA,NA,NA,0.0,0,-51.23,-44.88,[],0,0,[],[]
27373080,27373900,NA,NOF,0.0,751,pause,NA,NA,NA,NA,0.0,0,-48.93,-41.49,[],0,0,[],[]
27373900,27375110,NA,SIL,0.0,751,pause,NA,NA,NA,NA,0.0,0,-49.59,-40.73,[],0,0,[],[]
27375110,27379840,NA,NOF,0.0,751,pause,NA,NA,NA,NA,0.0,0,-40.18,-21.63,[],0,0,[],[]
27379840,27380670,NA,OLF,0.0,751,pause,NA,NA,NA,NA,0.0,0,-32.61,-18.95,[],0,0,[],[]
27380670,27385940,NA,NOF,0.0,751,pause,NA,NA,NA,NA,0.0,0,-38.4,-21.1,[],0,0,[],[]
27385940,27386940,NA,FAF,0.0,751,pause,NA,NA,NA,NA,0.0,0,-17.23,-3.04,[],0,0,[],[]
27386940,27390020,NA,NOF,0.0,751,pause,NA,NA,NA,NA,0.0,0,-42.95,-30.44,[],0,0,[],[]
27390020,27391210,NA,MAF,0.0,751,pause,NA,NA,NA,NA,0.0,0,-45.94,-34.65,[],0,0,[],[]
27391210,27392540,NA,SIL,0.0,751,pause,NA,NA,NA,NA,0.0,0,-43.98,-26.16,[],0,0,[],[]
27392540,27393790,NA,NOF,0.0,751,pause,NA,NA,NA,NA,0.0,0,-46.12,-34.07,[],0,0,[],[]
27393790,27394590,NA,SIL,0.0,751,pause,NA,NA,NA,NA,0.0,0,-47.51,-32.27,[],0,0,[],[]
27394590,27397290,NA,NOF,0.0,751,pause,NA,NA,NA,NA,0.0,0,-44.66,-32.99,[],0,0,[],[]
27397290,27398630,NA,OLF,0.0,751,pause,NA,NA,NA,NA,0.0,0,-45.37,-35.92,[],0,0,[],[]
27398630,27399620,NA,TVF,0.0,751,pause,NA,NA,NA,NA,0.0,0,-47.5,-43.51,[],0,0,[],[]
27399620,27401180,NA,SIL,0.0,751,pause,NA,NA,NA,NA,0.0,0,-52.64,-46.63,[],0,0,[],[]
27401180,27402130,NA,OLF,0.0,751,pause,NA,NA,NA,NA,0.0,0,-42.87,-33.78,[],0,0,[],[]
27402130,27402930,NA,TVF,0.0,751,pause,NA,NA,NA,NA,0.0,0,-46.27,-39.07,[],0,0,[],[]
27402930,27404560,NA,SIL,0.0,751,pause,NA,NA,NA,NA,0.0,0,-50.62,-34.48,[],0,0,[],[]
27404560,27406100,NA,TVF,0.0,751,pause,NA,NA,NA,NA,0.0,0,-48.66,-40.59,[],0,0,[],[]
27406100,27407590,NA,SIL,0.0,751,pause,NA,NA,NA,NA,0.0,0,-55.5,-51.08,[],0,0,[],[]
27407590,27409000,NA,NOF,0.0,751,pause,NA,NA,NA,NA,0.0,0,-46.47,-39.6,[],0,0,[],[]
27409000,27409880,NA,SIL,0.0,751,pause,NA,NA,NA,NA,0.0,0,-50.57,-46.13,[],0,0,[],[]
27409880,27411520,NA,NOF,0.0,751,pause,NA,NA,NA,NA,0.0,0,-47.39,-33.93,[],0,0,[],[]
27411520,27412390,NA,SIL,0.0,751,pause,NA,NA,NA,NA,0.0,0,-46.73,-32.99,[],0,0,[],[]
27412390,27413390,NA,TVF,0.0,751,pause,NA,NA,NA,NA,0.0,0,-44.05,-28.07,[],0,0,[],[]
27413390,27414770,NA,SIL,0.0,751,pause,NA,NA,NA,NA,0.0,0,-52.61,-46.19,[],0,0,[],[]
27414770,27418870,NA,NOF,0.0,751,pause,NA,NA,NA,NA,0.0,0,-47.93,-36.8,[],0,0,[],[]
27418870,27421280,NA,SIL,0.0,751,pause,NA,NA,NA,NA,0.0,0,-44.76,-22.69,[],0,0,[],[]
27421280,27429720,NA,NOF,0.0,751,pause,NA,NA,NA,NA,0.0,0,-24.82,-4.64,[],0,0,[],[]
27429720,27430670,NA,OLN,0.0,751,pause,NA,NA,NA,NA,0.0,0,-29.36,-18.03,[],0,0,[],[]
27430670,27437050,NA,NOF,0.0,751,pause,NA,NA,NA,NA,0.0,0,-38.6,-21.42,[],0,0,[],[]
27437050,27438460,NA,SIL,0.0,751,pause,NA,NA,NA,NA,0.0,0,-37.78,-17.71,[],0,0,[],[]
27438460,27440700,NA,NOF,0.0,751,pause,NA,NA,NA,NA,0.0,0,-48.8,-40.12,[],0,0,[],[]
27440700,27444750,NA,SIL,0.0,751,pause,NA,NA,NA,NA,0.0,0,-50.53,-41.2,[],0,0,[],[]
27444750,27445550,NA,NOF,0.0,751,pause,NA,NA,NA,NA,0.0,0,-50.09,-44.33,[],0,0,[],[]
27445550,27451500,NA,SIL,0.0,751,pause,NA,NA,NA,NA,0.0,0,-49.45,-35.23,[],0,0,[],[]
27451500,27452440,NA,NOF,0.0,751,pause,NA,NA,NA,NA,0.0,0,-49.86,-38.33,[],0,0,[],[]
27452440,27453450,NA,TVF,0.0,751,pause,NA,NA,NA,NA,0.0,0,-47.84,-42.86,[],0,0,[],[]
27453450,27455830,NA,SIL,0.0,751,pause,NA,NA,NA,NA,0.0,0,-53.14,-41.83,[],0,0,[],[]
27455830,27457270,NA,TVF,0.0,751,pause,NA,NA,NA,NA,0.0,0,-47.46,-38.45,[],0,0,[],[]
27457270,27458320,NA,SIL,0.0,751,pause,NA,NA,NA,NA,0.0,0,-50.31,-39.99,[],0,0,[],[]
27458320,27459760,NA,OLF,0.0,751,pause,NA,NA,NA,NA,0.0,0,-49.41,-41.8,[],0,0,[],[]
27459760,27464570,NA,SIL,0.0,751,pause,NA,NA,NA,NA,0.0,0,-49.66,-27.42,[],0,0,[],[]
27464570,27468190,NA,NON,0.0,751,pause,NA,NA,NA,NA,0.0,0,-36.1,-24.74,[],0,0,[],[]
27468190,27469010,NA,OLF,0.0,751,pause,NA,NA,NA,NA,0.0,0,-34.67,-21.81,[],0,0,[],[]
27469010,27472130,NA,NOF,0.0,751,pause,NA,NA,NA,NA,0.0,0,-40.51,-23.51,[],0,0,[],[]
27472130,27472930,NA,SIL,0.0,751,pause,NA,NA,NA,NA,0.0,0,-50.84,-45.07,[],0,0,[],[]
27472930,27473730,NA,NOF,0.0,751,pause,NA,NA,NA,NA,0.0,0,-44.92,-33.07,[],0,0,[],[]
27473730,27476080,NA,SIL,0.0,751,pause,NA,NA,NA,NA,0.0,0,-39.88,-18.61,[],0,0,[],[]
27476080,27476980,NA,NOF,0.0,751,pause,NA,NA,NA,NA,0.0,0,-45.32,-36.09,[],0,0,[],[]
27476980,27478490,NA,OLF,0.0,751,pause,NA,NA,NA,NA,0.0,0,-43.37,-35.98,[],0,0,[],[]
27478490,27479490,NA,FAF,0.0,751,pause,NA,NA,NA,NA,0.0,0,-41.65,-33.19,[],0,0,[],[]
27479490,27480490,NA,TVF,0.0,751,pause,NA,NA,NA,NA,0.0,0,-44.44,-34.14,[],0,0,[],[]
27480490,27483170,NA,SIL,0.0,751,pause,NA,NA,NA,NA,0.0,0,-53.61,-47.25,[],0,0,[],[]
27483170,27484170,NA,TVF,0.0,751,pause,NA,NA,NA,NA,0.0,0,-51.28,-45.41,[],0,0,[],[]
27484170,27484970,NA,SIL,0.0,751,pause,NA,NA,NA,NA,0.0,0,-51.86,-44.66,[],0,0,[],[]
27484970,27487100,NA,NOF,0.0,751,pause,NA,NA,NA,NA,0.0,0,-39.89,-19.74,[],0,0,[],[]
27487100,27487920,NA,SIL,0.0,751,pause,NA,NA,NA,NA,0.0,0,-45.23,-31.48,[],0,0,[],[]
27487920,27488790,NA,OLF,0.0,751,pause,NA,NA,NA,NA,0.0,0,-47.0,-34.52,[],0,0,[],[]
27488790,27490990,NA,SIL,0.0,751,pause,NA,NA,NA,NA,0.0,0,-51.66,-38.34,[],0,0,[],[]
27490990,27492020,NA,FAF,0.0,751,pause,NA,NA,NA,NA,0.0,0,-36.83,-21.4,[],0,0,[],[]
27492020,27493290,NA,SIL,0.0,751,pause,NA,NA,NA,NA,0.0,0,-49.87,-43.05,[],0,0,[],[]
27493290,27497020,NA,NOF,0.0,751,pause,NA,NA,NA,NA,0.0,0,-47.59,-32.71,[],0,0,[],[]
27497020,27502430,NA,SIL,0.0,751,pause,NA,NA,NA,NA,0.0,0,-47.96,-35.32,[],0,0,[],[]
27502430,27505420,NA,NOF,0.0,751,pause,NA,NA,NA,NA,0.0,0,-38.79,-20.01,[],0,0,[],[]
27505420,27506350,NA,OLN,0.0,751,pause,NA,NA,NA,NA,0.0,0,-32.46,-25.41,[],0,0,[],[]
27506350,27507190,NA,NOF,0.0,751,pause,NA,NA,NA,NA,0.0,0,-33.72,-20.59,[],0,0,[],[]
27507190,27508190,NA,MAF,0.0,751,pause,NA,NA,NA,NA,0.0,0,-37.31,-20.91,[],0,0,[],[]
27508190,27511580,NA,OLF,0.0,751,pause,NA,NA,NA,NA,0.0,0,-27.61,-4.72,[],0,0,[],[]
27511580,27512600,NA,TVF,0.0,751,pause,NA,NA,NA,NA,0.0,0,-43.87,-37.63,[],0,0,[],[]
27512600,27515830,NA,SIL,0.0,751,pause,NA,NA,NA,NA,0.0,0,-47.78,-27.05,[],0,0,[],[]
27515830,27516930,NA,MAF,0.0,751,pause,NA,NA,NA,NA,0.0,0,-44.83,-29.02,[],0,0,[],[]
27516930,27518140,NA,TVF,0.0,751,pause,NA,NA,NA,NA,0.0,0,-46.47,-38.61,[],0,0,[],[]
27518140,27518940,NA,SIL,0.0,751,pause,NA,NA,NA,NA,0.0,0,-49.12,-43.32,[],0,0,[],[]
27518940,27519990,NA,TVF,0.0,751,pause,NA,NA,NA,NA,0.0,0,-47.77,-44.28,[],0,0,[],[]
27519990,27521380,NA,SIL,0.0,751,pause,NA,NA,NA,NA,0.0,0,-48.09,-44.74,[],0,0,[],[]
27521380,27522180,NA,TVF,0.0,751,pause,NA,NA,NA,NA,0.0,0,-45.55,-38.19,[],0,0,[],[]
27522180,27523080,NA,SIL,0.0,751,pause,NA,NA,NA,NA,0.0,0,-50.01,-41.62,[],0,0,[],[]
27523080,27524080,NA,MAF,0.0,751,pause,NA,NA,NA,NA,0.0,0,-47.37,-34.31,[],0,0,[],[]
27524080,27526040,NA,SIL,0.0,751,pause,NA,NA,NA,NA,0.0,0,-50.96,-42.08,[],0,0,[],[]
27526040,27529040,NA,NOF,0.0,751,pause,NA,NA,NA,NA,0.0,0,-41.39,-23.33,[],0,0,[],[]
27529040,27531560,NA,TVF,0.0,751,pause,NA,NA,NA,NA,0.0,0,-40.76,-28.53,[],0,0,[],[]
27531560,27533960,NA,NOF,0.0,751,pause,NA,NA,NA,NA,0.0,0,-43.38,-30.41,[],0,0,[],[]
27533960,27534960,NA,TVF,0.0,751,pause,NA,NA,NA,NA,0.0,0,-47.76,-42.31,[],0,0,[],[]
27534960,27538290,NA,OLF,0.0,751,pause,NA,NA,NA,NA,0.0,0,-37.07,-13.94,[],0,0,[],[]
27538290,27540090,NA,NOF,0.0,751,pause,NA,NA,NA,NA,0.0,0,-34.71,-17.29,[],0,0,[],[]
27540090,27541310,NA,TVF,0.0,751,pause,NA,NA,NA,NA,0.0,0,-48.14,-44.92,[],0,0,[],[]
27541310,27542880,NA,NOF,0.0,751,pause,NA,NA,NA,NA,0.0,0,-46.33,-36.19,[],0,0,[],[]
27542880,27543890,NA,SIL,0.0,751,pause,NA,NA,NA,NA,0.0,0,-45.6,-33.11,[],0,0,[],[]
27543890,27545210,NA,TVF,0.0,751,pause,NA,NA,NA,NA,0.0,0,-43.88,-35.15,[],0,0,[],[]
27545210,27546060,NA,NOF,0.0,751,pause,NA,NA,NA,NA,0.0,0,-44.32,-33.67,[],0,0,[],[]
27546060,27546860,NA,OLF,0.0,751,pause,NA,NA,NA,NA,0.0,0,-36.45,-22.1,[],0,0,[],[]
27546860,27547660,NA,NOF,0.0,751,pause,NA,NA,NA,NA,0.0,0,-43.15,-35.67,[],0,0,[],[]
27547660,27548490,NA,OLF,0.0,751,pause,NA,NA,NA,NA,0.0,0,-33.44,-21.03,[],0,0,[],[]
27548490,27551460,NA,NOF,0.0,751,pause,NA,NA,NA,NA,0.0,0,-33.96,-18.34,[],0,0,[],[]
27551460,27554750,NA,SIL,0.0,751,pause,NA,NA,NA,NA,0.0,0,-51.02,-39.37,[],0,0,[],[]
27554750,27557250,NA,NOF,0.0,751,pause,NA,NA,NA,NA,0.0,0,-38.28,-21.71,[],0,0,[],[]
27557250,27561150,NA,SIL,0.0,751,pause,NA,NA,NA,NA,0.0,0,-48.3,-35.1,[],0,0,[],[]
27561150,27562740,NA,NOF,0.0,751,pause,NA,NA,NA,NA,0.0,0,-38.03,-26.95,[],0,0,[],[]
27562740,27563540,NA,OLF,0.0,751,pause,NA,NA,NA,NA,0.0,0,-41.44,-32.6,[],0,0,[],[]
27563540,27565120,NA,NOF,0.0,751,pause,NA,NA,NA,NA,0.0,0,-47.65,-39.48,[],0,0,[],[]
27565120,27566280,NA,SIL,0.0,751,pause,NA,NA,NA,NA,0.0,0,-54.08,-47.12,[],0,0,[],[]
27566280,27568120,NA,NOF,0.0,751,pause,NA,NA,NA,NA,0.0,0,-45.85,-38.17,[],0,0,[],[]
27568120,27568920,NA,SIL,0.0,751,pause,NA,NA,NA,NA,0.0,0,-51.83,-43.7,[],0,0,[],[]
27568920,27569720,NA,NOF,0.0,751,pause,NA,NA,NA,NA,0.0,0,-48.38,-40.39,[],0,0,[],[]
27569720,27571720,NA,SIL,0.0,751,pause,NA,NA,NA,NA,0.0,0,-56.3,-49.8,[],0,0,[],[]
27571720,27572320,NA,FAF,0.0,751,pause,NA,NA,NA,NA,0.0,0,-36.38,-25.31,[],0,0,[],[]
27572320,27574220,NA,NOF,0.0,751,pause,NA,NA,NA,NA,0.0,0,-30.28,-17.14,[],0,0,[],[]
27574220,27575050,NA,SIL,0.0,751,pause,NA,NA,NA,NA,0.0,0,-49.54,-43.79,[],0,0,[],[]
27575050,27575990,NA,NOF,0.0,751,pause,NA,NA,NA,NA,0.0,0,-45.62,-38.97,[],0,0,[],[]
27575990,27578150,NA,MAF,0.0,751,pause,NA,NA,NA,NA,0.0,0,-44.93,-35.39,[],0,0,[],[]
27578150,27579470,NA,SIL,0.0,751,pause,NA,NA,NA,NA,0.0,0,-46.09,-35.23,[],0,0,[],[]
27579470,27583650,NA,NOF,0.0,751,pause,NA,NA,NA,NA,0.0,0,-39.09,-24.26,[],0,0,[],[]
27583650,27584850,NA,SIL,0.0,751,pause,NA,NA,NA,NA,0.0,0,-53.04,-49.64,[],0,0,[],[]
27584850,27586130,NA,NOF,0.0,751,pause,NA,NA,NA,NA,0.0,0,-48.55,-37.24,[],0,0,[],[]
27586130,27586950,NA,SIL,0.0,751,pause,NA,NA,NA,NA,0.0,0,-48.75,-41.28,[],0,0,[],[]
27586950,27587840,CHI,CHN,0.0,751,pause,NA,NA,NA,NA,0.0,0,-18.04,-3.24,[],0,450,"[{'start': 27587.39, 'end': 27587.84}]",[]
27587840,27589520,NA,NOF,0.0,751,pause,NA,NA,NA,NA,0.0,0,-47.33,-34.16,[],0,0,[],[]
27589520,27590550,NA,MAF,0.0,751,pause,NA,NA,NA,NA,0.0,0,-46.31,-38.52,[],0,0,[],[]
27590550,27591970,NA,FAF,0.0,751,pause,NA,NA,NA,NA,0.0,0,-46.7,-36.41,[],0,0,[],[]
27591970,27593150,NA,SIL,0.0,751,pause,NA,NA,NA,NA,0.0,0,-51.16,-43.98,[],0,0,[],[]
27593150,27593970,NA,NOF,0.0,751,pause,NA,NA,NA,NA,0.0,0,-50.0,-44.44,[],0,0,[],[]
27593970,27594770,NA,SIL,0.0,751,pause,NA,NA,NA,NA,0.0,0,-51.98,-45.07,[],0,0,[],[]
27594770,27595670,NA,TVF,0.0,751,pause,NA,NA,NA,NA,0.0,0,-46.96,-40.34,[],0,0,[],[]
27595670,27597780,NA,NOF,0.0,751,pause,NA,NA,NA,NA,0.0,0,-47.86,-36.69,[],0,0,[],[]
27597780,27598590,NA,SIL,0.0,751,pause,NA,NA,NA,NA,0.0,0,-52.91,-46.97,[],0,0,[],[]
27598590,27600030,NA,NOF,0.0,751,pause,NA,NA,NA,NA,0.0,0,-46.38,-37.77,[],0,0,[],[]
27600030,27600630,NA,TVF,0.0,751,pause,NA,NA,NA,NA,0.0,0,-43.05,-33.9,[],0,0,[],[]
27600630,27601550,NA,NOF,0.0,751,pause,NA,NA,NA,NA,0.0,0,-43.9,-34.24,[],0,0,[],[]
27601550,27602160,NA,CHF,0.0,751,pause,NA,NA,NA,NA,0.0,0,-40.7,-33.24,[],0,510,[],"[{'start': 27601.55, 'end': 27602.06}]"
27602160,27605500,NA,NOF,0.0,751,pause,NA,NA,NA,NA,0.0,0,-25.38,-5.78,[],0,0,[],[]
27605500,27606100,OCH,CXN,0.0,751,XM,EC,0,NT,FI,0.0,0,-25.65,-11.87,[],0,0,[],[]
27606100,27607180,NA,FAF,0.0,752,pause,NA,NA,NA,NA,0.0,0,-42.25,-31.41,[],0,0,[],[]
27607180,27609790,NA,NOF,0.0,752,pause,NA,NA,NA,NA,0.0,0,-44.85,-36.36,[],0,0,[],[]
27609790,27610740,NA,SIL,0.0,752,pause,NA,NA,NA,NA,0.0,0,-54.0,-43.77,[],0,0,[],[]
27610740,27612750,NA,FAF,0.0,752,pause,NA,NA,NA,NA,0.0,0,-48.67,-40.6,[],0,0,[],[]
27612750,27615420,NA,SIL,0.0,752,pause,NA,NA,NA,NA,0.0,0,-50.99,-33.5,[],0,0,[],[]
27615420,27616240,NA,NOF,0.0,752,pause,NA,NA,NA,NA,0.0,0,-49.36,-43.76,[],0,0,[],[]
27616240,27616840,NA,CXF,0.0,752,pause,NA,NA,NA,NA,0.0,0,-44.79,-37.59,[],0,0,[],[]
27616840,27617640,NA,NOF,0.0,752,pause,NA,NA,NA,NA,0.0,0,-47.81,-40.79,[],0,0,[],[]
27617640,27618240,OCH,CXN,0.0,752,XM,EC,0,NT,FI,0.0,0,-35.85,-27.78,[],0,0,[],[]
27618240,27619660,NA,OLF,0.0,753,pause,NA,NA,NA,NA,0.0,0,-45.12,-31.06,[],0,0,[],[]
27619660,27625090,NA,SIL,0.0,753,pause,NA,NA,NA,NA,0.0,0,-52.78,-43.76,[],0,0,[],[]
27625090,27625900,NA,CXF,0.0,753,pause,NA,NA,NA,NA,0.0,0,-49.32,-43.59,[],0,0,[],[]
27625900,27626810,NA,SIL,0.0,753,pause,NA,NA,NA,NA,0.0,0,-49.82,-43.8,[],0,0,[],[]
27626810,27629320,NA,NOF,0.0,753,pause,NA,NA,NA,NA,0.0,0,-50.76,-43.36,[],0,0,[],[]
27629320,27630120,NA,CXF,0.0,753,pause,NA,NA,NA,NA,0.0,0,-48.88,-44.41,[],0,0,[],[]
27630120,27631650,NA,SIL,0.0,753,pause,NA,NA,NA,NA,0.0,0,-52.1,-40.88,[],0,0,[],[]
27631650,27633500,NA,NOF,0.0,753,pause,NA,NA,NA,NA,0.0,0,-26.69,-8.76,[],0,0,[],[]
27633500,27634300,NA,CXF,0.0,753,pause,NA,NA,NA,NA,0.0,0,-37.02,-30.8,[],0,0,[],[]
27634300,27637650,NA,NOF,0.0,753,pause,NA,NA,NA,NA,0.0,0,-22.53,-1.52,[],0,0,[],[]
27637650,27638450,NA,OLF,0.0,753,pause,NA,NA,NA,NA,0.0,0,-31.44,-17.66,[],0,0,[],[]
27638450,27639290,NA,NOF,0.0,753,pause,NA,NA,NA,NA,0.0,0,-39.84,-28.24,[],0,0,[],[]
27639290,27640120,NA,OLN,0.0,753,pause,NA,NA,NA,NA,0.0,0,-33.83,-23.38,[],0,0,[],[]
27640120,27641250,NA,NOF,0.0,753,pause,NA,NA,NA,NA,0.0,0,-19.88,-4.33,[],0,0,[],[]
27641250,27642250,NA,FAF,0.0,753,pause,NA,NA,NA,NA,0.0,0,-39.97,-26.49,[],0,0,[],[]
27642250,27649380,NA,NOF,0.0,753,pause,NA,NA,NA,NA,0.0,0,-40.08,-17.14,[],0,0,[],[]
27649380,27650000,NA,CHF,0.0,753,CM,EC,0,NT,FI,1.0,620,-44.53,-35.95,"[{'Canonical-syllable': '0', 'Growl': '1', 'High-freq-energy': '0', 'Long-island': '0', 'Low-tilt-spectrum': '1', 'Medium-island': '1', 'Short-island': '0', 'Squeal': '0', 'Typical-entropy': '0', 'Voicing-quality': '1', 'Wide-band': '0', 'Xlong-island': '0', 'seq': '1', 'end': 27650.0, 'start': 27649.38}]",0,0,[],[]
27650000,27651660,NA,NOF,0.0,754,pause,NA,NA,NA,NA,0.0,0,-39.94,-22.16,[],0,0,[],[]
27651660,27652510,NA,SIL,0.0,754,pause,NA,NA,NA,NA,0.0,0,-47.96,-43.68,[],0,0,[],[]
27652510,27653510,NA,TVF,0.0,754,pause,NA,NA,NA,NA,0.0,0,-44.07,-34.48,[],0,0,[],[]
27653510,27654320,NA,TVF,0.0,754,pause,NA,NA,NA,NA,0.0,0,-44.72,-36.39,[],0,0,[],[]
27654320,27655860,NA,SIL,0.0,754,pause,NA,NA,NA,NA,0.0,0,-44.99,-35.11,[],0,0,[],[]
27655860,27657890,NA,OLF,0.0,754,pause,NA,NA,NA,NA,0.0,0,-38.94,-22.4,[],0,0,[],[]
27657890,27658690,NA,NOF,0.0,754,pause,NA,NA,NA,NA,0.0,0,-35.81,-21.4,[],0,0,[],[]
27658690,27660290,NA,OLF,0.0,754,pause,NA,NA,NA,NA,0.0,0,-43.46,-37.95,[],0,0,[],[]
27660290,27661090,NA,OLN,0.0,754,pause,NA,NA,NA,NA,0.0,0,-33.29,-26.58,[],0,0,[],[]
27661090,27662040,NA,SIL,0.0,754,pause,NA,NA,NA,NA,0.0,0,-48.34,-42.4,[],0,0,[],[]
27662040,27663900,NA,TVF,0.0,754,pause,NA,NA,NA,NA,0.0,0,-44.65,-37.06,[],0,0,[],[]
27663900,27664700,NA,TVF,0.0,754,pause,NA,NA,NA,NA,0.0,0,-44.73,-36.98,[],0,0,[],[]
27664700,27665560,NA,SIL,0.0,754,pause,NA,NA,NA,NA,0.0,0,-48.62,-42.26,[],0,0,[],[]
27665560,27666560,NA,TVF,0.0,754,pause,NA,NA,NA,NA,0.0,0,-48.51,-38.23,[],0,0,[],[]
27666560,27667810,NA,SIL,0.0,754,pause,NA,NA,NA,NA,0.0,0,-46.45,-36.92,[],0,0,[],[]
27667810,27668620,NA,TVF,0.0,754,pause,NA,NA,NA,NA,0.0,0,-44.55,-38.81,[],0,0,[],[]
27668620,27669600,NA,SIL,0.0,754,pause,NA,NA,NA,NA,0.0,0,-47.17,-39.7,[],0,0,[],[]
27669600,27670450,NA,TVF,0.0,754,pause,NA,NA,NA,NA,0.0,0,-43.57,-35.18,[],0,0,[],[]
27670450,27671350,NA,NOF,0.0,754,pause,NA,NA,NA,NA,0.0,0,-42.11,-32.53,[],0,0,[],[]
27671350,27672350,NA,TVN,0.0,754,pause,NA,NA,NA,NA,0.0,0,-44.88,-38.28,[],0,0,[],[]
27672350,27673170,NA,TVF,0.0,754,pause,NA,NA,NA,NA,0.0,0,-39.86,-24.38,[],0,0,[],[]
27673170,27674950,NA,SIL,0.0,754,pause,NA,NA,NA,NA,0.0,0,-35.29,-13.14,[],0,0,[],[]
27674950,27684460,NA,NOF,0.0,754,pause,NA,NA,NA,NA,0.0,0,-30.38,-6.39,[],0,0,[],[]
27684460,27685260,NA,SIL,0.0,754,pause,NA,NA,NA,NA,0.0,0,-37.3,-22.53,[],0,0,[],[]
27685260,27688050,NA,OLF,0.0,754,pause,NA,NA,NA,NA,0.0,0,-41.33,-26.19,[],0,0,[],[]
27688050,27688860,NA,SIL,0.0,754,pause,NA,NA,NA,NA,0.0,0,-46.12,-40.78,[],0,0,[],[]
27688860,27689670,NA,OLF,0.0,754,pause,NA,NA,NA,NA,0.0,0,-42.21,-37.54,[],0,0,[],[]
27689670,27692390,NA,NOF,0.0,754,pause,NA,NA,NA,NA,0.0,0,-21.16,-4.74,[],0,0,[],[]
27692390,27693390,FEM,FAN,3.5,754,AMF,EC,0,NT,FI,0.0,0,-30.83,-19.88,[],0,0,[],[]
27693390,27694690,NA,TVF,0.0,755,pause,NA,NA,NA,NA,0.0,0,-45.41,-39.44,[],0,0,[],[]
27694690,27697190,NA,TVF,0.0,755,pause,NA,NA,NA,NA,0.0,0,-43.8,-24.17,[],0,0,[],[]
27697190,27699260,NA,NOF,0.0,755,pause,NA,NA,NA,NA,0.0,0,-46.3,-36.46,[],0,0,[],[]
27699260,27700250,NA,OLF,0.0,755,pause,NA,NA,NA,NA,0.0,0,-36.9,-27.74,[],0,0,[],[]
27700250,27701910,NA,NOF,0.0,755,pause,NA,NA,NA,NA,0.0,0,-29.83,-13.92,[],0,0,[],[]
27701910,27702710,NA,SIL,0.0,755,pause,NA,NA,NA,NA,0.0,0,-47.69,-35.56,[],0,0,[],[]
27702710,27703710,OCH,CXN,0.0,755,XM,EC,0,NT,FI,0.0,0,-29.26,-17.74,[],0,0,[],[]
27703710,27704790,NA,NOF,0.0,756,pause,NA,NA,NA,NA,0.0,0,-30.67,-18.09,[],0,0,[],[]
27704790,27705590,NA,SIL,0.0,756,pause,NA,NA,NA,NA,0.0,0,-52.46,-43.8,[],0,0,[],[]
27705590,27706410,NA,TVF,0.0,756,pause,NA,NA,NA,NA,0.0,0,-49.9,-45.45,[],0,0,[],[]
27706410,27707210,NA,TVF,0.0,756,pause,NA,NA,NA,NA,0.0,0,-49.45,-45.83,[],0,0,[],[]
27707210,27709520,NA,NOF,0.0,756,pause,NA,NA,NA,NA,0.0,0,-46.48,-31.53,[],0,0,[],[]
27709520,27710520,NA,FAF,0.0,756,pause,NA,NA,NA,NA,0.0,0,-44.01,-36.37,[],0,0,[],[]
27710520,27712150,NA,NOF,0.0,756,pause,NA,NA,NA,NA,0.0,0,-28.62,-10.4,[],0,0,[],[]
27712150,27713910,NA,OLF,0.0,756,pause,NA,NA,NA,NA,0.0,0,-32.88,-22.74,[],0,0,[],[]
27713910,27717280,NA,NOF,0.0,756,pause,NA,NA,NA,NA,0.0,0,-33.2,-16.07,[],0,0,[],[]
27717280,27718050,NA,OLF,0.0,756,pause,NA,NA,NA,NA,0.0,0,-40.95,-34.9,[],0,0,[],[]
27718050,27719640,NA,CXF,0.0,756,pause,NA,NA,NA,NA,0.0,0,-45.65,-38.75,[],0,0,[],[]
27719640,27720590,NA,NOF,0.0,756,pause,NA,NA,NA,NA,0.0,0,-48.09,-41.93,[],0,0,[],[]
27720590,27721390,NA,OLF,0.0,756,pause,NA,NA,NA,NA,0.0,0,-36.19,-24.39,[],0,0,[],[]
27721390,27722300,NA,NOF,0.0,756,pause,NA,NA,NA,NA,0.0,0,-37.63,-25.06,[],0,0,[],[]
27722300,27723480,NA,OLF,0.0,756,pause,NA,NA,NA,NA,0.0,0,-22.95,-9.42,[],0,0,[],[]
27723480,27724290,NA,NOF,0.0,756,pause,NA,NA,NA,NA,0.0,0,-42.49,-34.36,[],0,0,[],[]
27724290,27725090,NA,OLF,0.0,756,pause,NA,NA,NA,NA,0.0,0,-19.78,-4.0,[],0,0,[],[]
27725090,27725890,NA,NOF,0.0,756,pause,NA,NA,NA,NA,0.0,0,-18.97,-2.45,[],0,0,[],[]
27725890,27728530,NA,SIL,0.0,756,pause,NA,NA,NA,NA,0.0,0,-51.74,-41.29,[],0,0,[],[]
27728530,27729330,NA,NOF,0.0,756,pause,NA,NA,NA,NA,0.0,0,-50.65,-44.39,[],0,0,[],[]
27729330,27729930,CHI,CHN,0.0,756,pause,NA,NA,NA,NA,0.0,0,-32.02,-21.97,[],0,600,"[{'start': 27729.33, 'end': 27729.66}]","[{'start': 27729.66, 'end': 27729.93}]"
27729930,27730730,NA,NOF,0.0,756,pause,NA,NA,NA,NA,0.0,0,-43.04,-30.54,[],0,0,[],[]
27730730,27731530,NA,SIL,0.0,756,pause,NA,NA,NA,NA,0.0,0,-53.63,-43.96,[],0,0,[],[]
27731530,27732540,FEM,FAN,3.79,756,AICF,BC,0,TIFI,FI,0.0,0,-38.04,-27.73,[],0,0,[],[]
27732540,27733470,NA,TVF,0.0,756,AICF,NA,NA,NA,NA,0.0,0,-48.47,-41.76,[],0,0,[],[]
27733470,27734390,CHI,CHN,0.0,756,AICF,EC,1,TIFR,FI,1.0,920,-32.93,-26.54,"[{'Canonical-syllable': '0', 'Growl': '0', 'High-freq-energy': '1', 'Long-island': '1', 'Low-tilt-spectrum': '1', 'Medium-island': '0', 'Short-island': '0', 'Squeal': '0', 'Typical-entropy': '1', 'Voicing-quality': '1', 'Wide-band': '0', 'Xlong-island': '0', 'seq': '1', 'end': 27734.39, 'start': 27733.47}]",0,0,[],[]
27734390,27735200,NA,SIL,0.0,757,pause,NA,NA,NA,NA,0.0,0,-54.32,-46.99,[],0,0,[],[]
27735200,27736010,NA,CXF,0.0,757,pause,NA,NA,NA,NA,0.0,0,-47.92,-43.62,[],0,0,[],[]
27736010,27737030,NA,FAF,0.0,757,pause,NA,NA,NA,NA,0.0,0,-38.05,-24.65,[],0,0,[],[]
27737030,27738570,NA,NOF,0.0,757,pause,NA,NA,NA,NA,0.0,0,-47.81,-40.55,[],0,0,[],[]
27738570,27739430,NA,CXF,0.0,757,pause,NA,NA,NA,NA,0.0,0,-47.24,-36.88,[],0,0,[],[]
27739430,27740440,NA,FAF,0.0,757,pause,NA,NA,NA,NA,0.0,0,-44.68,-36.46,[],0,0,[],[]
27740440,27741240,NA,NOF,0.0,757,pause,NA,NA,NA,NA,0.0,0,-44.94,-36.81,[],0,0,[],[]
27741240,27742040,NA,CXF,0.0,757,pause,NA,NA,NA,NA,0.0,0,-50.93,-46.46,[],0,0,[],[]
27742040,27743230,NA,FAF,0.0,757,pause,NA,NA,NA,NA,0.0,0,-50.02,-44.41,[],0,0,[],[]
27743230,27744610,NA,MAF,0.0,757,pause,NA,NA,NA,NA,0.0,0,-48.12,-39.77,[],0,0,[],[]
27744610,27745470,NA,SIL,0.0,757,pause,NA,NA,NA,NA,0.0,0,-52.05,-42.64,[],0,0,[],[]
27745470,27746340,NA,TVF,0.0,757,pause,NA,NA,NA,NA,0.0,0,-47.77,-43.66,[],0,0,[],[]
27746340,27747170,NA,OLF,0.0,757,pause,NA,NA,NA,NA,0.0,0,-40.52,-29.96,[],0,0,[],[]
27747170,27751500,NA,NOF,0.0,757,pause,NA,NA,NA,NA,0.0,0,-42.43,-24.46,[],0,0,[],[]
27751500,27752340,NA,SIL,0.0,757,pause,NA,NA,NA,NA,0.0,0,-52.37,-44.71,[],0,0,[],[]
27752340,27753350,NA,TVF,0.0,757,pause,NA,NA,NA,NA,0.0,0,-40.81,-23.51,[],0,0,[],[]
27753350,27754910,NA,OLF,0.0,757,pause,NA,NA,NA,NA,0.0,0,-49.97,-44.65,[],0,0,[],[]
27754910,27755830,NA,SIL,0.0,757,pause,NA,NA,NA,NA,0.0,0,-51.38,-38.14,[],0,0,[],[]
27755830,27756880,NA,TVF,0.0,757,pause,NA,NA,NA,NA,0.0,0,-49.12,-44.2,[],0,0,[],[]
27756880,27757880,NA,TVF,0.0,757,pause,NA,NA,NA,NA,0.0,0,-48.55,-41.05,[],0,0,[],[]
27757880,27762270,NA,NOF,0.0,757,pause,NA,NA,NA,NA,0.0,0,-27.2,-1.98,[],0,0,[],[]
27762270,27763070,NA,CXF,0.0,757,pause,NA,NA,NA,NA,0.0,0,-43.56,-33.79,[],0,0,[],[]
27763070,27765060,NA,NOF,0.0,757,pause,NA,NA,NA,NA,0.0,0,-47.4,-41.68,[],0,0,[],[]
27765060,27766620,NA,CXF,0.0,757,pause,NA,NA,NA,NA,0.0,0,-38.4,-27.44,[],0,0,[],[]
27766620,27767420,NA,SIL,0.0,757,pause,NA,NA,NA,NA,0.0,0,-51.47,-41.76,[],0,0,[],[]
27767420,27768100,NA,FAF,0.0,757,pause,NA,NA,NA,NA,0.0,0,-36.05,-25.5,[],0,0,[],[]
27768100,27768950,NA,NOF,0.0,757,pause,NA,NA,NA,NA,0.0,0,-46.97,-40.67,[],0,0,[],[]
27768950,27770760,NA,SIL,0.0,757,pause,NA,NA,NA,NA,0.0,0,-42.65,-25.69,[],0,0,[],[]
27770760,27771760,NA,FAF,0.0,757,pause,NA,NA,NA,NA,0.0,0,-41.51,-32.05,[],0,0,[],[]
27771760,27772650,NA,MAF,0.0,757,pause,NA,NA,NA,NA,0.0,0,-41.27,-27.75,[],0,0,[],[]
27772650,27773840,NA,FAF,0.0,757,pause,NA,NA,NA,NA,0.0,0,-39.77,-27.52,[],0,0,[],[]
27773840,27774780,NA,SIL,0.0,757,pause,NA,NA,NA,NA,0.0,0,-48.55,-40.79,[],0,0,[],[]
27774780,27776000,NA,MAF,0.0,757,pause,NA,NA,NA,NA,0.0,0,-40.69,-26.15,[],0,0,[],[]
27776000,27777020,NA,FAF,0.0,757,pause,NA,NA,NA,NA,0.0,0,-39.49,-27.44,[],0,0,[],[]
27777020,27779100,NA,MAF,0.0,757,pause,NA,NA,NA,NA,0.0,0,-41.02,-24.6,[],0,0,[],[]
27779100,27779900,NA,SIL,0.0,757,pause,NA,NA,NA,NA,0.0,0,-45.14,-34.24,[],0,0,[],[]
27779900,27780510,NA,CHF,0.0,757,pause,NA,NA,NA,NA,0.0,0,-37.67,-27.17,[],0,320,[],"[{'start': 27779.9, 'end': 27780.22}]"
27780510,27782170,NA,SIL,0.0,757,pause,NA,NA,NA,NA,0.0,0,-49.19,-35.56,[],0,0,[],[]
27782170,27783370,NA,FAF,0.0,757,pause,NA,NA,NA,NA,0.0,0,-44.46,-34.98,[],0,0,[],[]
27783370,27784200,NA,SIL,0.0,757,pause,NA,NA,NA,NA,0.0,0,-49.32,-43.08,[],0,0,[],[]
27784200,27786230,NA,FAF,0.0,757,pause,NA,NA,NA,NA,0.0,0,-46.55,-36.22,[],0,0,[],[]
27786230,27787170,NA,SIL,0.0,757,pause,NA,NA,NA,NA,0.0,0,-53.82,-48.64,[],0,0,[],[]
27787170,27787970,NA,CXF,0.0,757,pause,NA,NA,NA,NA,0.0,0,-50.93,-45.21,[],0,0,[],[]
27787970,27789100,NA,SIL,0.0,757,pause,NA,NA,NA,NA,0.0,0,-55.53,-42.57,[],0,0,[],[]
27789100,27789700,NA,CXF,0.0,757,pause,NA,NA,NA,NA,0.0,0,-42.59,-37.87,[],0,0,[],[]
27789700,27791270,NA,NOF,0.0,757,pause,NA,NA,NA,NA,0.0,0,-48.37,-40.66,[],0,0,[],[]
27791270,27792390,NA,SIL,0.0,757,pause,NA,NA,NA,NA,0.0,0,-53.5,-48.42,[],0,0,[],[]
27792390,27793580,OCH,CXN,0.0,757,XM,BC,0,NT,FI,0.0,0,-35.68,-26.53,[],0,0,[],[]
27793580,27794940,NA,SIL,0.0,757,XM,NA,NA,NA,NA,0.0,0,-51.73,-42.51,[],0,0,[],[]
27794940,27795790,NA,TVF,0.0,757,XM,NA,NA,NA,NA,0.0,0,-50.62,-44.54,[],0,0,[],[]
27795790,27796590,NA,CXF,0.0,757,XM,NA,NA,NA,NA,0.0,0,-50.51,-42.49,[],0,0,[],[]
27796590,27797500,NA,SIL,0.0,757,XM,NA,NA,NA,NA,0.0,0,-53.6,-48.09,[],0,0,[],[]
27797500,27798120,OCH,CXN,0.0,757,XM,EC,0,NT,FH,0.0,0,-37.94,-32.31,[],0,0,[],[]
27798120,27799250,NA,FAF,0.0,758,pause,NA,NA,NA,NA,0.0,0,-44.26,-36.95,[],0,0,[],[]
27799250,27800050,NA,SIL,0.0,758,pause,NA,NA,NA,NA,0.0,0,-53.27,-48.84,[],0,0,[],[]
27800050,27800920,NA,FAF,0.0,758,pause,NA,NA,NA,NA,0.0,0,-49.17,-40.76,[],0,0,[],[]
27800920,27802620,NA,NOF,0.0,758,pause,NA,NA,NA,NA,0.0,0,-50.04,-42.11,[],0,0,[],[]
27802620,27804080,NA,SIL,0.0,758,pause,NA,NA,NA,NA,0.0,0,-51.35,-36.18,[],0,0,[],[]
27804080,27804900,NA,TVF,0.0,758,pause,NA,NA,NA,NA,0.0,0,-50.8,-41.06,[],0,0,[],[]
27804900,27806440,NA,SIL,0.0,758,pause,NA,NA,NA,NA,0.0,0,-53.25,-43.47,[],0,0,[],[]
27806440,27807270,NA,CXF,0.0,758,pause,NA,NA,NA,NA,0.0,0,-50.76,-44.39,[],0,0,[],[]
27807270,27808530,NA,SIL,0.0,758,pause,NA,NA,NA,NA,0.0,0,-54.79,-49.35,[],0,0,[],[]
27808530,27809330,NA,TVF,0.0,758,pause,NA,NA,NA,NA,0.0,0,-52.54,-49.0,[],0,0,[],[]
27809330,27810510,NA,SIL,0.0,758,pause,NA,NA,NA,NA,0.0,0,-54.38,-48.42,[],0,0,[],[]
27810510,27811450,NA,NOF,0.0,758,pause,NA,NA,NA,NA,0.0,0,-49.97,-45.05,[],0,0,[],[]
27811450,27816890,NA,SIL,0.0,758,pause,NA,NA,NA,NA,0.0,0,-54.01,-45.69,[],0,0,[],[]
27816890,27817710,NA,CXF,0.0,758,pause,NA,NA,NA,NA,0.0,0,-42.28,-27.82,[],0,0,[],[]
27817710,27818900,NA,NOF,0.0,758,pause,NA,NA,NA,NA,0.0,0,-46.69,-38.82,[],0,0,[],[]
27818900,27819930,NA,SIL,0.0,758,pause,NA,NA,NA,NA,0.0,0,-52.53,-46.47,[],0,0,[],[]
27819930,27820930,NA,FAF,0.0,758,pause,NA,NA,NA,NA,0.0,0,-42.01,-31.88,[],0,0,[],[]
27820930,27822580,NA,SIL,0.0,758,pause,NA,NA,NA,NA,0.0,0,-54.18,-46.54,[],0,0,[],[]
27822580,27823720,NA,NOF,0.0,758,pause,NA,NA,NA,NA,0.0,0,-25.8,-6.8,[],0,0,[],[]
27823720,27824520,NA,SIL,0.0,758,pause,NA,NA,NA,NA,0.0,0,-50.2,-38.55,[],0,0,[],[]
27824520,27825330,NA,CXF,0.0,758,pause,NA,NA,NA,NA,0.0,0,-40.35,-33.57,[],0,0,[],[]
27825330,27826330,NA,TVF,0.0,758,pause,NA,NA,NA,NA,0.0,0,-48.58,-42.04,[],0,0,[],[]
27826330,27826930,FEM,FAN,2.57,758,AMF,EC,0,NT,FI,0.0,0,-38.74,-33.21,[],0,0,[],[]
27826930,27827810,NA,SIL,0.0,759,pause,NA,NA,NA,NA,0.0,0,-52.12,-48.93,[],0,0,[],[]
27827810,27830280,NA,NOF,0.0,759,pause,NA,NA,NA,NA,0.0,0,-46.48,-32.48,[],0,0,[],[]
27830280,27831120,NA,CXF,0.0,759,pause,NA,NA,NA,NA,0.0,0,-39.05,-27.22,[],0,0,[],[]
27831120,27831920,NA,SIL,0.0,759,pause,NA,NA,NA,NA,0.0,0,-45.68,-31.36,[],0,0,[],[]
27831920,27834120,NA,NOF,0.0,759,pause,NA,NA,NA,NA,0.0,0,-38.42,-25.61,[],0,0,[],[]
27834120,27834920,NA,OLN,0.0,759,pause,NA,NA,NA,NA,0.0,0,-35.86,-28.47,[],0,0,[],[]
27834920,27836230,NA,NOF,0.0,759,pause,NA,NA,NA,NA,0.0,0,-17.1,-3.41,[],0,0,[],[]
27836230,27837550,NA,OLN,0.0,759,pause,NA,NA,NA,NA,0.0,0,-30.56,-19.63,[],0,0,[],[]
27837550,27839480,NA,NOF,0.0,759,pause,NA,NA,NA,NA,0.0,0,-38.21,-22.37,[],0,0,[],[]
27839480,27840280,NA,SIL,0.0,759,pause,NA,NA,NA,NA,0.0,0,-47.57,-40.43,[],0,0,[],[]
27840280,27841080,NA,OLF,0.0,759,pause,NA,NA,NA,NA,0.0,0,-19.09,-6.36,[],0,0,[],[]
27841080,27843120,NA,SIL,0.0,759,pause,NA,NA,NA,NA,0.0,0,-50.32,-39.9,[],0,0,[],[]
27843120,27844600,NA,NOF,0.0,759,pause,NA,NA,NA,NA,0.0,0,-42.36,-28.57,[],0,0,[],[]
27844600,27845200,FEM,FAN,2.33,759,AMF,EC,0,NT,FI,0.0,0,-35.06,-26.13,[],0,0,[],[]
27845200,27846540,NA,NOF,0.0,760,pause,NA,NA,NA,NA,0.0,0,-49.15,-43.54,[],0,0,[],[]
27846540,27847540,NA,FAF,0.0,760,pause,NA,NA,NA,NA,0.0,0,-44.45,-31.76,[],0,0,[],[]
27847540,27851070,NA,SIL,0.0,760,pause,NA,NA,NA,NA,0.0,0,-47.91,-30.51,[],0,0,[],[]
27851070,27852170,NA,TVF,0.0,760,pause,NA,NA,NA,NA,0.0,0,-45.75,-32.06,[],0,0,[],[]
27852170,27853650,NA,NOF,0.0,760,pause,NA,NA,NA,NA,0.0,0,-38.41,-24.15,[],0,0,[],[]
27853650,27855150,NA,OLF,0.0,760,pause,NA,NA,NA,NA,0.0,0,-33.4,-22.95,[],0,0,[],[]
27855150,27856220,NA,NOF,0.0,760,pause,NA,NA,NA,NA,0.0,0,-47.39,-39.79,[],0,0,[],[]
27856220,27857020,NA,SIL,0.0,760,pause,NA,NA,NA,NA,0.0,0,-38.12,-23.56,[],0,0,[],[]
27857020,27857880,NA,FAF,0.0,760,pause,NA,NA,NA,NA,0.0,0,-39.41,-25.61,[],0,0,[],[]
27857880,27858680,NA,SIL,0.0,760,pause,NA,NA,NA,NA,0.0,0,-39.4,-22.99,[],0,0,[],[]
27858680,27861730,NA,NOF,0.0,760,pause,NA,NA,NA,NA,0.0,0,-33.47,-12.42,[],0,0,[],[]
27861730,27864070,NA,OLN,0.0,760,pause,NA,NA,NA,NA,0.0,0,-28.2,-16.67,[],0,0,[],[]
27864070,27870260,NA,NOF,0.0,760,pause,NA,NA,NA,NA,0.0,0,-23.44,-3.95,[],0,0,[],[]
27870260,27871690,NA,FAF,0.0,760,pause,NA,NA,NA,NA,0.0,0,-40.91,-30.43,[],0,0,[],[]
27871690,27874940,NA,SIL,0.0,760,pause,NA,NA,NA,NA,0.0,0,-38.65,-17.19,[],0,0,[],[]
27874940,27875740,NA,NOF,0.0,760,pause,NA,NA,NA,NA,0.0,0,-43.53,-37.29,[],0,0,[],[]
27875740,27877500,NA,SIL,0.0,760,pause,NA,NA,NA,NA,0.0,0,-44.84,-39.39,[],0,0,[],[]
27877500,27878540,NA,TVF,0.0,760,pause,NA,NA,NA,NA,0.0,0,-41.84,-25.8,[],0,0,[],[]
27878540,27879540,NA,TVF,0.0,760,pause,NA,NA,NA,NA,0.0,0,-44.75,-40.06,[],0,0,[],[]
27879540,27881050,NA,SIL,0.0,760,pause,NA,NA,NA,NA,0.0,0,-45.75,-41.54,[],0,0,[],[]
27881050,27883390,NA,NOF,0.0,760,pause,NA,NA,NA,NA,0.0,0,-41.17,-29.79,[],0,0,[],[]
27883390,27887130,NA,OLF,0.0,760,pause,NA,NA,NA,NA,0.0,0,-38.28,-22.14,[],0,0,[],[]
27887130,27888530,NA,NOF,0.0,760,pause,NA,NA,NA,NA,0.0,0,-39.67,-27.84,[],0,0,[],[]
27888530,27891120,NA,OLF,0.0,760,pause,NA,NA,NA,NA,0.0,0,-31.03,-17.42,[],0,0,[],[]
27891120,27893170,NA,NOF,0.0,760,pause,NA,NA,NA,NA,0.0,0,-36.7,-23.62,[],0,0,[],[]
27893170,27893970,NA,SIL,0.0,760,pause,NA,NA,NA,NA,0.0,0,-48.02,-42.11,[],0,0,[],[]
27893970,27899470,NA,NOF,0.0,760,pause,NA,NA,NA,NA,0.0,0,-22.78,-2.68,[],0,0,[],[]
27899470,27900990,NA,OLN,0.0,760,pause,NA,NA,NA,NA,0.0,0,-26.06,-8.47,[],0,0,[],[]
27900990,27901930,NA,NON,0.0,760,pause,NA,NA,NA,NA,0.0,0,-25.76,-11.58,[],0,0,[],[]
27901930,27902750,NA,OLF,0.0,760,pause,NA,NA,NA,NA,0.0,0,-19.88,-4.67,[],0,0,[],[]
27902750,27903680,NA,NOF,0.0,760,pause,NA,NA,NA,NA,0.0,0,-41.73,-27.38,[],0,0,[],[]
27903680,27905000,NA,SIL,0.0,760,pause,NA,NA,NA,NA,0.0,0,-48.51,-45.15,[],0,0,[],[]
27905000,27905800,NA,NOF,0.0,760,pause,NA,NA,NA,NA,0.0,0,-43.03,-28.38,[],0,0,[],[]
27905800,27906780,NA,SIL,0.0,760,pause,NA,NA,NA,NA,0.0,0,-47.67,-44.85,[],0,0,[],[]
27906780,27913460,NA,NOF,0.0,760,pause,NA,NA,NA,NA,0.0,0,-37.61,-22.47,[],0,0,[],[]
27913460,27916110,NA,SIL,0.0,760,pause,NA,NA,NA,NA,0.0,0,-45.28,-34.98,[],0,0,[],[]
27916110,27916940,NA,NOF,0.0,760,pause,NA,NA,NA,NA,0.0,0,-44.78,-38.74,[],0,0,[],[]
27916940,27917850,NA,SIL,0.0,760,pause,NA,NA,NA,NA,0.0,0,-44.62,-36.04,[],0,0,[],[]
27917850,27918450,NA,CHF,0.0,760,pause,NA,NA,NA,NA,0.0,0,-42.54,-36.18,[],0,600,[],"[{'start': 27917.85, 'end': 27918.45}]"
27918450,27919250,NA,TVF,0.0,760,pause,NA,NA,NA,NA,0.0,0,-43.62,-36.27,[],0,0,[],[]
27919250,27920610,NA,SIL,0.0,760,pause,NA,NA,NA,NA,0.0,0,-45.24,-35.46,[],0,0,[],[]
27920610,27921410,NA,NOF,0.0,760,pause,NA,NA,NA,NA,0.0,0,-45.01,-37.5,[],0,0,[],[]
27921410,27923220,NA,SIL,0.0,760,pause,NA,NA,NA,NA,0.0,0,-46.96,-32.52,[],0,0,[],[]
27923220,27924710,NA,NOF,0.0,760,pause,NA,NA,NA,NA,0.0,0,-20.12,-3.55,[],0,0,[],[]
27924710,27925820,NA,SIL,0.0,760,pause,NA,NA,NA,NA,0.0,0,-44.29,-35.48,[],0,0,[],[]
27925820,27927050,NA,TVF,0.0,760,pause,NA,NA,NA,NA,0.0,0,-44.27,-37.32,[],0,0,[],[]
27927050,27927850,NA,SIL,0.0,760,pause,NA,NA,NA,NA,0.0,0,-45.27,-42.24,[],0,0,[],[]
27927850,27928850,NA,TVF,0.0,760,pause,NA,NA,NA,NA,0.0,0,-45.43,-39.38,[],0,0,[],[]
27928850,27929650,NA,SIL,0.0,760,pause,NA,NA,NA,NA,0.0,0,-46.16,-42.65,[],0,0,[],[]
27929650,27930650,NA,TVF,0.0,760,pause,NA,NA,NA,NA,0.0,0,-45.4,-40.54,[],0,0,[],[]
27930650,27933950,NA,SIL,0.0,760,pause,NA,NA,NA,NA,0.0,0,-46.18,-34.08,[],0,0,[],[]
27933950,27934760,NA,TVF,0.0,760,pause,NA,NA,NA,NA,0.0,0,-46.34,-41.85,[],0,0,[],[]
27934760,27935860,NA,SIL,0.0,760,pause,NA,NA,NA,NA,0.0,0,-46.95,-41.27,[],0,0,[],[]
27935860,27936660,NA,NOF,0.0,760,pause,NA,NA,NA,NA,0.0,0,-40.93,-28.13,[],0,0,[],[]
27936660,27938220,NA,SIL,0.0,760,pause,NA,NA,NA,NA,0.0,0,-43.9,-28.97,[],0,0,[],[]
27938220,27939570,NA,TVN,0.0,760,pause,NA,NA,NA,NA,0.0,0,-43.4,-29.49,[],0,0,[],[]
27939570,27943120,NA,NOF,0.0,760,pause,NA,NA,NA,NA,0.0,0,-43.44,-26.19,[],0,0,[],[]
27943120,27943920,NA,SIL,0.0,760,pause,NA,NA,NA,NA,0.0,0,-46.99,-43.54,[],0,0,[],[]
27943920,27944720,NA,NOF,0.0,760,pause,NA,NA,NA,NA,0.0,0,-39.0,-26.4,[],0,0,[],[]
27944720,27945710,NA,SIL,0.0,760,pause,NA,NA,NA,NA,0.0,0,-47.58,-43.29,[],0,0,[],[]
27945710,27947080,NA,NOF,0.0,760,pause,NA,NA,NA,NA,0.0,0,-45.81,-38.56,[],0,0,[],[]
27947080,27949160,NA,SIL,0.0,760,pause,NA,NA,NA,NA,0.0,0,-47.22,-40.24,[],0,0,[],[]
27949160,27950650,NA,NOF,0.0,760,pause,NA,NA,NA,NA,0.0,0,-46.03,-39.95,[],0,0,[],[]
27950650,27952140,NA,SIL,0.0,760,pause,NA,NA,NA,NA,0.0,0,-44.21,-28.44,[],0,0,[],[]
27952140,27952940,NA,NOF,0.0,760,pause,NA,NA,NA,NA,0.0,0,-45.06,-39.28,[],0,0,[],[]
27952940,27953740,NA,SIL,0.0,760,pause,NA,NA,NA,NA,0.0,0,-42.91,-30.02,[],0,0,[],[]
27953740,27954540,NA,NOF,0.0,760,pause,NA,NA,NA,NA,0.0,0,-43.86,-31.06,[],0,0,[],[]
27954540,27958170,NA,SIL,0.0,760,pause,NA,NA,NA,NA,0.0,0,-46.36,-31.91,[],0,0,[],[]
27958170,27958990,NA,FAF,0.0,760,pause,NA,NA,NA,NA,0.0,0,-44.25,-37.15,[],0,0,[],[]
27958990,27959800,NA,SIL,0.0,760,pause,NA,NA,NA,NA,0.0,0,-45.32,-41.4,[],0,0,[],[]
27959800,27965900,NA,NOF,0.0,760,pause,NA,NA,NA,NA,0.0,0,-31.76,-5.36,[],0,0,[],[]
27965900,27966700,NA,SIL,0.0,760,pause,NA,NA,NA,NA,0.0,0,-43.94,-35.87,[],0,0,[],[]
27966700,27967910,NA,NOF,0.0,760,pause,NA,NA,NA,NA,0.0,0,-33.28,-19.26,[],0,0,[],[]
27967910,27969360,NA,SIL,0.0,760,pause,NA,NA,NA,NA,0.0,0,-42.05,-27.79,[],0,0,[],[]
27969360,27970500,NA,TVF,0.0,760,pause,NA,NA,NA,NA,0.0,0,-43.9,-32.83,[],0,0,[],[]
27970500,27972110,NA,SIL,0.0,760,pause,NA,NA,NA,NA,0.0,0,-44.05,-36.91,[],0,0,[],[]
27972110,27973200,NA,TVF,0.0,760,pause,NA,NA,NA,NA,0.0,0,-43.78,-37.42,[],0,0,[],[]
27973200,27975730,NA,SIL,0.0,760,pause,NA,NA,NA,NA,0.0,0,-43.28,-28.03,[],0,0,[],[]
27975730,27982220,NA,NOF,0.0,760,pause,NA,NA,NA,NA,0.0,0,-36.74,-19.5,[],0,0,[],[]
27982220,27983060,NA,SIL,0.0,760,pause,NA,NA,NA,NA,0.0,0,-47.9,-43.4,[],0,0,[],[]
27983060,27985910,NA,NOF,0.0,760,pause,NA,NA,NA,NA,0.0,0,-41.56,-22.23,[],0,0,[],[]
27985910,27986710,NA,SIL,0.0,760,pause,NA,NA,NA,NA,0.0,0,-45.09,-41.97,[],0,0,[],[]
27986710,27987620,NA,NOF,0.0,760,pause,NA,NA,NA,NA,0.0,0,-42.83,-37.58,[],0,0,[],[]
27987620,27988430,NA,SIL,0.0,760,pause,NA,NA,NA,NA,0.0,0,-44.41,-36.78,[],0,0,[],[]
27988430,27990400,NA,NOF,0.0,760,pause,NA,NA,NA,NA,0.0,0,-32.21,-18.29,[],0,0,[],[]
27990400,27994600,NA,SIL,0.0,760,pause,NA,NA,NA,NA,0.0,0,-44.45,-35.79,[],0,0,[],[]
27994600,27995530,NA,NOF,0.0,760,pause,NA,NA,NA,NA,0.0,0,-45.54,-40.73,[],0,0,[],[]
27995530,27996420,NA,OLF,0.0,760,pause,NA,NA,NA,NA,0.0,0,-36.02,-28.72,[],0,0,[],[]
27996420,28000490,NA,SIL,0.0,760,pause,NA,NA,NA,NA,0.0,0,-46.19,-36.51,[],0,0,[],[]
28000490,28002490,NA,NOF,0.0,760,pause,NA,NA,NA,NA,0.0,0,-43.56,-33.45,[],0,0,[],[]
28002490,28003290,NA,SIL,0.0,760,pause,NA,NA,NA,NA,0.0,0,-40.71,-31.51,[],0,0,[],[]
28003290,28004340,NA,FAF,0.0,760,pause,NA,NA,NA,NA,0.0,0,-39.83,-26.2,[],0,0,[],[]
28004340,28008350,NA,SIL,0.0,760,pause,NA,NA,NA,NA,0.0,0,-45.72,-30.83,[],0,0,[],[]
28008350,28009150,NA,CXF,0.0,760,pause,NA,NA,NA,NA,0.0,0,-39.71,-32.88,[],0,0,[],[]
28009150,28010040,NA,SIL,0.0,760,pause,NA,NA,NA,NA,0.0,0,-47.42,-43.64,[],0,0,[],[]
28010040,28010840,NA,NOF,0.0,760,pause,NA,NA,NA,NA,0.0,0,-17.39,-5.21,[],0,0,[],[]
28010840,28011800,NA,SIL,0.0,760,pause,NA,NA,NA,NA,0.0,0,-43.82,-39.43,[],0,0,[],[]
28011800,28013320,NA,NOF,0.0,760,pause,NA,NA,NA,NA,0.0,0,-25.44,-4.57,[],0,0,[],[]
28013320,28017790,NA,SIL,0.0,760,pause,NA,NA,NA,NA,0.0,0,-41.7,-20.1,[],0,0,[],[]
28017790,28018680,NA,NOF,0.0,760,pause,NA,NA,NA,NA,0.0,0,-43.16,-31.77,[],0,0,[],[]
28018680,28020930,NA,SIL,0.0,760,pause,NA,NA,NA,NA,0.0,0,-46.89,-42.17,[],0,0,[],[]
28020930,28021730,NA,CHF,0.0,760,pause,NA,NA,NA,NA,0.0,0,-44.39,-31.03,[],0,800,[],"[{'start': 28020.93, 'end': 28021.73}]"
28021730,28023830,NA,SIL,0.0,760,pause,NA,NA,NA,NA,0.0,0,-46.02,-38.42,[],0,0,[],[]
28023830,28024830,NA,NOF,0.0,760,pause,NA,NA,NA,NA,0.0,0,-44.35,-38.1,[],0,0,[],[]
28024830,28027360,NA,SIL,0.0,760,pause,NA,NA,NA,NA,0.0,0,-47.21,-41.92,[],0,0,[],[]
28027360,28028160,NA,NOF,0.0,760,pause,NA,NA,NA,NA,0.0,0,-36.63,-20.34,[],0,0,[],[]
28028160,28029110,NA,SIL,0.0,760,pause,NA,NA,NA,NA,0.0,0,-47.45,-42.65,[],0,0,[],[]
28029110,28031300,NA,NOF,0.0,760,pause,NA,NA,NA,NA,0.0,0,-21.01,-3.24,[],0,0,[],[]
28031300,28034210,NA,SIL,0.0,760,pause,NA,NA,NA,NA,0.0,0,-46.44,-40.01,[],0,0,[],[]
28034210,28035770,NA,FAF,0.0,760,pause,NA,NA,NA,NA,0.0,0,-42.87,-28.0,[],0,0,[],[]
28035770,28037660,NA,SIL,0.0,760,pause,NA,NA,NA,NA,0.0,0,-43.38,-25.68,[],0,0,[],[]
28037660,28039370,NA,TVF,0.0,760,pause,NA,NA,NA,NA,0.0,0,-45.13,-35.92,[],0,0,[],[]
28039370,28040180,NA,SIL,0.0,760,pause,NA,NA,NA,NA,0.0,0,-45.69,-41.16,[],0,0,[],[]
28040180,28041830,NA,TVF,0.0,760,pause,NA,NA,NA,NA,0.0,0,-44.91,-36.9,[],0,0,[],[]
28041830,28042740,NA,SIL,0.0,760,pause,NA,NA,NA,NA,0.0,0,-43.76,-28.49,[],0,0,[],[]
28042740,28045530,NA,TVF,0.0,760,pause,NA,NA,NA,NA,0.0,0,-44.57,-29.05,[],0,0,[],[]
28045530,28046330,NA,SIL,0.0,760,pause,NA,NA,NA,NA,0.0,0,-41.1,-26.22,[],0,0,[],[]
28046330,28047330,NA,TVF,0.0,760,pause,NA,NA,NA,NA,0.0,0,-44.49,-32.38,[],0,0,[],[]
28047330,28048390,NA,SIL,0.0,760,pause,NA,NA,NA,NA,0.0,0,-45.98,-41.42,[],0,0,[],[]
28048390,28049390,NA,TVN,0.0,760,pause,NA,NA,NA,NA,0.0,0,-46.16,-41.54,[],0,0,[],[]
28049390,28050570,NA,SIL,0.0,760,pause,NA,NA,NA,NA,0.0,0,-42.92,-26.71,[],0,0,[],[]
28050570,28051570,NA,TVF,0.0,760,pause,NA,NA,NA,NA,0.0,0,-44.22,-30.67,[],0,0,[],[]
28051570,28054480,NA,SIL,0.0,760,pause,NA,NA,NA,NA,0.0,0,-39.66,-17.71,[],0,0,[],[]
28054480,28055480,NA,TVF,0.0,760,pause,NA,NA,NA,NA,0.0,0,-45.07,-36.12,[],0,0,[],[]
28055480,28058290,NA,SIL,0.0,760,pause,NA,NA,NA,NA,0.0,0,-46.72,-38.13,[],0,0,[],[]
28058290,28061590,NA,NOF,0.0,760,pause,NA,NA,NA,NA,0.0,0,-42.9,-34.38,[],0,0,[],[]
28061590,28063120,NA,SIL,0.0,760,pause,NA,NA,NA,NA,0.0,0,-47.14,-32.08,[],0,0,[],[]
28063120,28064260,NA,NOF,0.0,760,pause,NA,NA,NA,NA,0.0,0,-42.45,-36.73,[],0,0,[],[]
28064260,28065160,NA,SIL,0.0,760,pause,NA,NA,NA,NA,0.0,0,-46.67,-42.67,[],0,0,[],[]
28065160,28066860,NA,NOF,0.0,760,pause,NA,NA,NA,NA,0.0,0,-42.47,-30.18,[],0,0,[],[]
28066860,28067660,NA,SIL,0.0,760,pause,NA,NA,NA,NA,0.0,0,-47.26,-43.63,[],0,0,[],[]
28067660,28068460,NA,OLF,0.0,760,pause,NA,NA,NA,NA,0.0,0,-18.72,-8.55,[],0,0,[],[]
28068460,28071510,NA,NOF,0.0,760,pause,NA,NA,NA,NA,0.0,0,-28.4,-8.69,[],0,0,[],[]
28071510,28072310,NA,SIL,0.0,760,pause,NA,NA,NA,NA,0.0,0,-46.1,-41.34,[],0,0,[],[]
28072310,28073710,NA,MAF,0.0,760,pause,NA,NA,NA,NA,0.0,0,-44.38,-38.18,[],0,0,[],[]
28073710,28076660,NA,SIL,0.0,760,pause,NA,NA,NA,NA,0.0,0,-46.34,-37.31,[],0,0,[],[]
28076660,28078060,NA,NOF,0.0,760,pause,NA,NA,NA,NA,0.0,0,-45.31,-34.43,[],0,0,[],[]
28078060,28079150,NA,SIL,0.0,760,pause,NA,NA,NA,NA,0.0,0,-47.85,-44.06,[],0,0,[],[]
28079150,28085380,NA,NOF,0.0,760,pause,NA,NA,NA,NA,0.0,0,-31.44,-4.96,[],0,0,[],[]
28085380,28086250,NA,OLN,0.0,760,pause,NA,NA,NA,NA,0.0,0,-32.07,-23.29,[],0,0,[],[]
28086250,28087050,NA,NOF,0.0,760,pause,NA,NA,NA,NA,0.0,0,-19.33,-5.38,[],0,0,[],[]
28087050,28087850,NA,OLN,0.0,760,pause,NA,NA,NA,NA,0.0,0,-29.73,-21.6,[],0,0,[],[]
28087850,28091020,NA,NOF,0.0,760,pause,NA,NA,NA,NA,0.0,0,-21.03,-2.14,[],0,0,[],[]
28091020,28091950,NA,OLF,0.0,760,pause,NA,NA,NA,NA,0.0,0,-22.03,-9.04,[],0,0,[],[]
28091950,28093130,NA,NOF,0.0,760,pause,NA,NA,NA,NA,0.0,0,-39.73,-26.05,[],0,0,[],[]
28093130,28094140,NA,OLN,0.0,760,pause,NA,NA,NA,NA,0.0,0,-22.93,-7.77,[],0,0,[],[]
28094140,28095870,NA,NOF,0.0,760,pause,NA,NA,NA,NA,0.0,0,-41.14,-26.17,[],0,0,[],[]
28095870,28096720,NA,SIL,0.0,760,pause,NA,NA,NA,NA,0.0,0,-43.02,-30.49,[],0,0,[],[]
28096720,28098110,NA,NOF,0.0,760,pause,NA,NA,NA,NA,0.0,0,-26.19,-8.49,[],0,0,[],[]
28098110,28099000,NA,OLF,0.0,760,pause,NA,NA,NA,NA,0.0,0,-30.84,-17.98,[],0,0,[],[]
28099000,28100060,NA,NOF,0.0,760,pause,NA,NA,NA,NA,0.0,0,-17.29,-4.45,[],0,0,[],[]
28100060,28105560,NA,SIL,0.0,760,pause,NA,NA,NA,NA,0.0,0,-45.81,-29.53,[],0,0,[],[]
28105560,28106440,NA,NOF,0.0,760,pause,NA,NA,NA,NA,0.0,0,-44.62,-31.46,[],0,0,[],[]
28106440,28107300,NA,SIL,0.0,760,pause,NA,NA,NA,NA,0.0,0,-40.67,-26.06,[],0,0,[],[]
28107300,28108990,NA,NOF,0.0,760,pause,NA,NA,NA,NA,0.0,0,-37.34,-26.31,[],0,0,[],[]
28108990,28110540,NA,SIL,0.0,760,pause,NA,NA,NA,NA,0.0,0,-46.43,-38.74,[],0,0,[],[]
28110540,28111160,NA,TVF,0.0,760,pause,NA,NA,NA,NA,0.0,0,-43.81,-37.29,[],0,0,[],[]
28111160,28113540,NA,NOF,0.0,760,pause,NA,NA,NA,NA,0.0,0,-42.89,-26.65,[],0,0,[],[]
28113540,28114140,CHI,CHN,0.0,760,CM,EC,0,NT,FI,1.0,600,-17.44,-12.78,"[{'Canonical-syllable': '0', 'Growl': '0', 'High-freq-energy': '0', 'Long-island': '0', 'Low-tilt-spectrum': '1', 'Medium-island': '1', 'Short-island': '0', 'Squeal': '0', 'Typical-entropy': '1', 'Voicing-quality': '1', 'Wide-band': '0', 'Xlong-island': '0', 'seq': '1', 'end': 28114.14, 'start': 28113.73}]",0,0,[],[]
28114140,28117170,NA,TVF,0.0,761,pause,NA,NA,NA,NA,0.0,0,-44.17,-32.29,[],0,0,[],[]
28117170,28118190,FEM,FAN,0.0,761,pause,NA,NA,NA,NA,0.0,0,-29.01,-19.55,[],1020,0,[],[]
28118190,28119900,NA,OLF,0.0,761,pause,NA,NA,NA,NA,0.0,0,-36.42,-23.35,[],0,0,[],[]
28119900,28120500,CHI,CHN,0.0,761,CIOCX,BC,0,NT,FI,1.0,450,-25.45,-13.64,"[{'Canonical-syllable': '1', 'Growl': '0', 'High-freq-energy': '0', 'Long-island': '0', 'Low-tilt-spectrum': '0', 'Medium-island': '0', 'Short-island': '1', 'Squeal': '0', 'Typical-entropy': '1', 'Voicing-quality': '1', 'Wide-band': '0', 'Xlong-island': '0', 'seq': '1', 'end': 28120.35, 'start': 28120.19}]",0,0,[],[]
28120500,28121360,NA,OLF,0.0,761,CIOCX,NA,NA,NA,NA,0.0,0,-35.59,-24.13,[],0,0,[],[]
28121360,28122550,OCH,CXN,0.0,761,CIOCX,RC,0,NT,FI,0.0,0,-25.06,-13.72,[],0,0,[],[]
28122550,28123600,OCH,CXN,0.0,761,CIOCX,RC,0,NT,FH,0.0,0,-37.29,-30.27,[],0,0,[],[]
28123600,28125900,NA,OLN,0.0,761,CIOCX,NA,NA,NA,NA,0.0,0,-22.37,-3.93,[],0,0,[],[]
28125900,28126780,NA,NOF,0.0,761,CIOCX,NA,NA,NA,NA,0.0,0,-36.54,-24.25,[],0,0,[],[]
28126780,28128500,NA,OLN,0.0,761,CIOCX,NA,NA,NA,NA,0.0,0,-24.68,-10.58,[],0,0,[],[]
28128500,28129440,CHI,CHN,0.0,761,CIOCX,EC,0,NT,FI,1.0,940,-19.76,-10.09,"[{'Canonical-syllable': '0', 'Growl': '0', 'High-freq-energy': '0', 'Long-island': '1', 'Low-tilt-spectrum': '0', 'Medium-island': '0', 'Short-island': '0', 'Squeal': '0', 'Typical-entropy': '1', 'Voicing-quality': '1', 'Wide-band': '0', 'Xlong-island': '0', 'seq': '1', 'end': 28129.44, 'start': 28128.5}]",0,0,[],[]
28129440,28133150,NA,NOF,0.0,762,pause,NA,NA,NA,NA,0.0,0,-41.91,-25.82,[],0,0,[],[]
28133150,28134720,NA,SIL,0.0,762,pause,NA,NA,NA,NA,0.0,0,-47.23,-42.82,[],0,0,[],[]
28134720,28135790,NA,TVN,0.0,762,pause,NA,NA,NA,NA,0.0,0,-41.72,-36.45,[],0,0,[],[]
28135790,28137010,NA,TVF,0.0,762,pause,NA,NA,NA,NA,0.0,0,-45.39,-40.06,[],0,0,[],[]
28137010,28139060,NA,SIL,0.0,762,pause,NA,NA,NA,NA,0.0,0,-46.13,-40.18,[],0,0,[],[]
28139060,28140490,NA,TVF,0.0,762,pause,NA,NA,NA,NA,0.0,0,-42.19,-35.55,[],0,0,[],[]
28140490,28142090,NA,SIL,0.0,762,pause,NA,NA,NA,NA,0.0,0,-47.26,-41.85,[],0,0,[],[]
28142090,28144810,NA,NOF,0.0,762,pause,NA,NA,NA,NA,0.0,0,-39.09,-24.04,[],0,0,[],[]
28144810,28145820,NA,TVF,0.0,762,pause,NA,NA,NA,NA,0.0,0,-41.74,-35.93,[],0,0,[],[]
28145820,28146620,NA,OLF,0.0,762,pause,NA,NA,NA,NA,0.0,0,-37.18,-30.32,[],0,0,[],[]
28146620,28147420,NA,NOF,0.0,762,pause,NA,NA,NA,NA,0.0,0,-45.34,-38.36,[],0,0,[],[]
28147420,28148690,NA,SIL,0.0,762,pause,NA,NA,NA,NA,0.0,0,-47.77,-40.16,[],0,0,[],[]
28148690,28149670,NA,OLF,0.0,762,pause,NA,NA,NA,NA,0.0,0,-26.57,-9.47,[],0,0,[],[]
28149670,28150490,NA,SIL,0.0,762,pause,NA,NA,NA,NA,0.0,0,-47.15,-42.53,[],0,0,[],[]
28150490,28151290,NA,TVF,0.0,762,pause,NA,NA,NA,NA,0.0,0,-44.86,-36.32,[],0,0,[],[]
28151290,28152400,NA,SIL,0.0,762,pause,NA,NA,NA,NA,0.0,0,-48.72,-45.29,[],0,0,[],[]
28152400,28153230,NA,TVF,0.0,762,pause,NA,NA,NA,NA,0.0,0,-46.65,-43.28,[],0,0,[],[]
28153230,28157770,NA,SIL,0.0,762,pause,NA,NA,NA,NA,0.0,0,-47.31,-37.97,[],0,0,[],[]
28157770,28158580,NA,TVF,0.0,762,pause,NA,NA,NA,NA,0.0,0,-44.75,-40.65,[],0,0,[],[]
28158580,28159380,NA,SIL,0.0,762,pause,NA,NA,NA,NA,0.0,0,-46.7,-43.37,[],0,0,[],[]
28159380,28160650,NA,TVF,0.0,762,pause,NA,NA,NA,NA,0.0,0,-43.33,-35.09,[],0,0,[],[]
28160650,28161820,NA,NOF,0.0,762,pause,NA,NA,NA,NA,0.0,0,-40.34,-24.49,[],0,0,[],[]
28161820,28162860,NA,TVF,0.0,762,pause,NA,NA,NA,NA,0.0,0,-45.39,-40.94,[],0,0,[],[]
28162860,28163730,NA,NOF,0.0,762,pause,NA,NA,NA,NA,0.0,0,-46.43,-43.11,[],0,0,[],[]
28163730,28164530,NA,SIL,0.0,762,pause,NA,NA,NA,NA,0.0,0,-47.08,-41.29,[],0,0,[],[]
28164530,28165330,NA,NOF,0.0,762,pause,NA,NA,NA,NA,0.0,0,-34.89,-18.57,[],0,0,[],[]
28165330,28165930,FEM,FAN,0.0,762,pause,NA,NA,NA,NA,0.0,0,-33.52,-26.11,[],600,0,[],[]
28165930,28167130,NA,NOF,0.0,762,pause,NA,NA,NA,NA,0.0,0,-28.61,-13.48,[],0,0,[],[]
28167130,28167940,NA,SIL,0.0,762,pause,NA,NA,NA,NA,0.0,0,-45.78,-37.95,[],0,0,[],[]
28167940,28168550,CHI,CHN,0.0,762,CIOCX,BC,0,NT,FI,1.0,280,-17.16,-10.88,"[{'Canonical-syllable': '0', 'Growl': '0', 'High-freq-energy': '0', 'Long-island': '0', 'Low-tilt-spectrum': '1', 'Medium-island': '0', 'Short-island': '1', 'Squeal': '0', 'Typical-entropy': '1', 'Voicing-quality': '1', 'Wide-band': '0', 'Xlong-island': '0', 'seq': '1', 'end': 28168.55, 'start': 28168.27}]",0,0,[],[]
28168550,28169360,CHI,CHN,0.0,762,CIOCX,NA,NA,NA,NA,0.0,0,-19.38,-14.51,[],0,520,"[{'start': 28168.55, 'end': 28169.07}]",[]
28169360,28170550,NA,SIL,0.0,762,CIOCX,NA,NA,NA,NA,0.0,0,-46.27,-36.87,[],0,0,[],[]
28170550,28171150,CHI,CHN,0.0,762,CIOCX,RC,0,NT,FH,1.0,600,-18.9,-11.88,"[{'Canonical-syllable': '0', 'Growl': '0', 'High-freq-energy': '0', 'Long-island': '0', 'Low-tilt-spectrum': '0', 'Medium-island': '1', 'Short-island': '0', 'Squeal': '0', 'Typical-entropy': '0', 'Voicing-quality': '1', 'Wide-band': '0', 'Xlong-island': '0', 'seq': '1', 'end': 28171.15, 'start': 28170.84}]",0,0,[],[]
28171150,28172220,CHI,CHN,0.0,762,CIOCX,RC,0,NT,FH,1.0,950,-17.51,-11.64,"[{'Canonical-syllable': '0', 'Growl': '0', 'High-freq-energy': '0', 'Long-island': '1', 'Low-tilt-spectrum': '0', 'Medium-island': '0', 'Short-island': '0', 'Squeal': '0', 'Typical-entropy': '1', 'Voicing-quality': '1', 'Wide-band': '0', 'Xlong-island': '0', 'seq': '1', 'end': 28172.1, 'start': 28171.23}]",0,0,[],[]
28172220,28172880,CHI,CHN,0.0,762,CIOCX,RC,0,NT,FH,1.0,660,-15.45,-10.2,"[{'Canonical-syllable': '0', 'Growl': '0', 'High-freq-energy': '0', 'Long-island': '1', 'Low-tilt-spectrum': '1', 'Medium-island': '0', 'Short-island': '0', 'Squeal': '0', 'Typical-entropy': '0', 'Voicing-quality': '1', 'Wide-band': '0', 'Xlong-island': '0', 'seq': '1', 'end': 28172.88, 'start': 28172.22}]",0,0,[],[]
28172880,28173880,NA,SIL,0.0,762,CIOCX,NA,NA,NA,NA,0.0,0,-45.9,-37.1,[],0,0,[],[]
28173880,28174680,NA,NOF,0.0,762,CIOCX,NA,NA,NA,NA,0.0,0,-18.59,-2.53,[],0,0,[],[]
28174680,28175890,CHI,CHN,0.0,762,CIOCX,RC,0,NT,FH,1.0,1210,-17.65,-9.83,"[{'Canonical-syllable': '1', 'Growl': '0', 'High-freq-energy': '0', 'Long-island': '1', 'Low-tilt-spectrum': '0', 'Medium-island': '1', 'Short-island': '0', 'Squeal': '0', 'Typical-entropy': '2', 'Voicing-quality': '2', 'Wide-band': '0', 'Xlong-island': '0', 'seq': '1', 'end': 28175.89, 'start': 28174.68}]",0,0,[],[]
28175890,28176930,OCH,CXN,0.0,762,CIOCX,RC,0,NT,FI,0.0,0,-17.74,-10.46,[],0,0,[],[]
28176930,28177530,CHI,CHN,0.0,762,CIOCX,EC,0,NT,FI,1.0,420,-22.34,-17.44,"[{'Canonical-syllable': '0', 'Growl': '0', 'High-freq-energy': '0', 'Long-island': '0', 'Low-tilt-spectrum': '0', 'Medium-island': '1', 'Short-island': '0', 'Squeal': '0', 'Typical-entropy': '0', 'Voicing-quality': '1', 'Wide-band': '0', 'Xlong-island': '0', 'seq': '1', 'end': 28177.35, 'start': 28176.93}]",0,0,[],[]
28177530,28178330,NA,NOF,0.0,763,pause,NA,NA,NA,NA,0.0,0,-42.82,-35.41,[],0,0,[],[]
28178330,28179900,NA,SIL,0.0,763,pause,NA,NA,NA,NA,0.0,0,-47.21,-37.5,[],0,0,[],[]
28179900,28186330,NA,NOF,0.0,763,pause,NA,NA,NA,NA,0.0,0,-43.23,-29.53,[],0,0,[],[]
28186330,28187840,NA,SIL,0.0,763,pause,NA,NA,NA,NA,0.0,0,-47.93,-39.39,[],0,0,[],[]
28187840,28188640,NA,TVF,0.0,763,pause,NA,NA,NA,NA,0.0,0,-46.02,-39.82,[],0,0,[],[]
28188640,28191190,NA,SIL,0.0,763,pause,NA,NA,NA,NA,0.0,0,-48.48,-43.92,[],0,0,[],[]
28191190,28192290,NA,TVF,0.0,763,pause,NA,NA,NA,NA,0.0,0,-45.34,-42.47,[],0,0,[],[]
28192290,28193590,NA,SIL,0.0,763,pause,NA,NA,NA,NA,0.0,0,-47.88,-42.59,[],0,0,[],[]
28193590,28194390,NA,TVF,0.0,763,pause,NA,NA,NA,NA,0.0,0,-46.23,-40.5,[],0,0,[],[]
28194390,28197120,NA,SIL,0.0,763,pause,NA,NA,NA,NA,0.0,0,-47.81,-40.52,[],0,0,[],[]
28197120,28197950,NA,TVF,0.0,763,pause,NA,NA,NA,NA,0.0,0,-44.57,-38.31,[],0,0,[],[]
28197950,28198750,NA,SIL,0.0,763,pause,NA,NA,NA,NA,0.0,0,-48.75,-44.21,[],0,0,[],[]
28198750,28199930,NA,CXF,0.0,763,pause,NA,NA,NA,NA,0.0,0,-43.98,-35.79,[],0,0,[],[]
28199930,28202010,NA,SIL,0.0,763,pause,NA,NA,NA,NA,0.0,0,-47.24,-42.47,[],0,0,[],[]
28202010,28206930,NA,TVF,0.0,763,pause,NA,NA,NA,NA,0.0,0,-40.91,-30.95,[],0,0,[],[]
28206930,28207880,NA,NOF,0.0,763,pause,NA,NA,NA,NA,0.0,0,-42.2,-38.72,[],0,0,[],[]
28207880,28208690,NA,SIL,0.0,763,pause,NA,NA,NA,NA,0.0,0,-45.71,-42.3,[],0,0,[],[]
28208690,28210130,NA,TVF,0.0,763,pause,NA,NA,NA,NA,0.0,0,-44.82,-39.64,[],0,0,[],[]
28210130,28211360,NA,TVN,0.0,763,pause,NA,NA,NA,NA,0.0,0,-40.44,-35.45,[],0,0,[],[]
28211360,28213000,NA,NOF,0.0,763,pause,NA,NA,NA,NA,0.0,0,-39.38,-26.37,[],0,0,[],[]
28213000,28213800,NA,TVF,0.0,763,pause,NA,NA,NA,NA,0.0,0,-40.94,-34.71,[],0,0,[],[]
28213800,28214800,NA,TVN,0.0,763,pause,NA,NA,NA,NA,0.0,0,-41.87,-34.37,[],0,0,[],[]
28214800,28215660,NA,TVN,0.0,763,pause,NA,NA,NA,NA,0.0,0,-41.71,-36.36,[],0,0,[],[]
28215660,28216870,NA,TVN,0.0,763,pause,NA,NA,NA,NA,0.0,0,-37.11,-27.31,[],0,0,[],[]
28216870,28217780,NA,OLN,0.0,763,pause,NA,NA,NA,NA,0.0,0,-31.36,-26.8,[],0,0,[],[]
28217780,28218580,NA,SIL,0.0,763,pause,NA,NA,NA,NA,0.0,0,-48.79,-41.57,[],0,0,[],[]
28218580,28219860,NA,TVN,0.0,763,pause,NA,NA,NA,NA,0.0,0,-47.62,-40.69,[],0,0,[],[]
28219860,28220660,NA,SIL,0.0,763,pause,NA,NA,NA,NA,0.0,0,-49.17,-42.45,[],0,0,[],[]
28220660,28221580,NA,CXF,0.0,763,pause,NA,NA,NA,NA,0.0,0,-40.78,-34.21,[],0,0,[],[]
28221580,28232040,NA,NOF,0.0,763,pause,NA,NA,NA,NA,0.0,0,-39.34,-22.28,[],0,0,[],[]
28232040,28233480,NA,OLN,0.0,763,pause,NA,NA,NA,NA,0.0,0,-32.55,-26.5,[],0,0,[],[]
28233480,28234550,NA,NON,0.0,763,pause,NA,NA,NA,NA,0.0,0,-34.51,-26.08,[],0,0,[],[]
28234550,28235370,NA,TVF,0.0,763,pause,NA,NA,NA,NA,0.0,0,-36.25,-29.29,[],0,0,[],[]
28235370,28236740,NA,TVF,0.0,763,pause,NA,NA,NA,NA,0.0,0,-39.84,-34.21,[],0,0,[],[]
28236740,28237700,NA,TVF,0.0,763,pause,NA,NA,NA,NA,0.0,0,-42.02,-34.92,[],0,0,[],[]
28237700,28245830,NA,NOF,0.0,763,pause,NA,NA,NA,NA,0.0,0,-27.15,-5.03,[],0,0,[],[]
28245830,28246630,NA,OLF,0.0,763,pause,NA,NA,NA,NA,0.0,0,-18.62,-3.08,[],0,0,[],[]
28246630,28247810,NA,NOF,0.0,763,pause,NA,NA,NA,NA,0.0,0,-19.93,-3.89,[],0,0,[],[]
28247810,28248610,NA,OLF,0.0,763,pause,NA,NA,NA,NA,0.0,0,-16.88,-2.83,[],0,0,[],[]
28248610,28252570,NA,NOF,0.0,763,pause,NA,NA,NA,NA,0.0,0,-18.67,-1.91,[],0,0,[],[]
28252570,28254500,NA,TVN,0.0,763,pause,NA,NA,NA,NA,0.0,0,-41.35,-35.8,[],0,0,[],[]
28254500,28255740,NA,TVF,0.0,763,pause,NA,NA,NA,NA,0.0,0,-43.55,-37.25,[],0,0,[],[]
28255740,28256550,NA,TVF,0.0,763,pause,NA,NA,NA,NA,0.0,0,-43.43,-39.52,[],0,0,[],[]
28256550,28257460,NA,TVF,0.0,763,pause,NA,NA,NA,NA,0.0,0,-43.15,-37.78,[],0,0,[],[]
28257460,28260700,NA,TVN,0.0,763,pause,NA,NA,NA,NA,0.0,0,-45.44,-38.5,[],0,0,[],[]
28260700,28261780,NA,TVF,0.0,763,pause,NA,NA,NA,NA,0.0,0,-45.33,-39.61,[],0,0,[],[]
28261780,28262960,NA,TVN,0.0,763,pause,NA,NA,NA,NA,0.0,0,-44.63,-38.12,[],0,0,[],[]
28262960,28264240,NA,TVF,0.0,763,pause,NA,NA,NA,NA,0.0,0,-44.83,-39.31,[],0,0,[],[]
28264240,28265240,NA,TVF,0.0,763,pause,NA,NA,NA,NA,0.0,0,-43.12,-36.24,[],0,0,[],[]
28265240,28266240,FEM,FAN,6.35,763,AIOCF,BC,0,NT,FI,0.0,0,-29.87,-20.64,[],0,0,[],[]
28266240,28267060,OCH,CXN,0.0,763,AIOCF,RC,0,NT,FI,0.0,0,-29.33,-19.75,[],0,0,[],[]
28267060,28268400,NA,OLN,0.0,763,AIOCF,NA,NA,NA,NA,0.0,0,-26.29,-17.14,[],0,0,[],[]
28268400,28269200,OCH,CXN,0.0,763,AIOCF,RC,0,NT,FH,0.0,0,-26.75,-22.84,[],0,0,[],[]
28269200,28270450,NA,TVN,0.0,763,AIOCF,NA,NA,NA,NA,0.0,0,-38.92,-31.36,[],0,0,[],[]
28270450,28271780,OCH,CXN,0.0,763,AIOCF,RC,0,NT,FH,0.0,0,-25.79,-16.92,[],0,0,[],[]
28271780,28272790,OCH,CXN,0.0,763,AIOCF,RC,0,NT,FH,0.0,0,-27.7,-21.58,[],0,0,[],[]
28272790,28273590,NA,TVF,0.0,763,AIOCF,NA,NA,NA,NA,0.0,0,-40.09,-30.51,[],0,0,[],[]
28273590,28274940,OCH,CXN,0.0,763,AIOCF,RC,0,NT,FH,0.0,0,-26.29,-17.58,[],0,0,[],[]
28274940,28276150,NA,TVF,0.0,763,AIOCF,NA,NA,NA,NA,0.0,0,-40.6,-33.32,[],0,0,[],[]
28276150,28277940,NA,TVF,0.0,763,AIOCF,NA,NA,NA,NA,0.0,0,-41.32,-30.01,[],0,0,[],[]
28277940,28278740,NA,TVF,0.0,763,AIOCF,NA,NA,NA,NA,0.0,0,-45.01,-38.62,[],0,0,[],[]
28278740,28279540,OCH,CXN,0.0,763,AIOCF,RC,0,NT,FH,0.0,0,-22.76,-13.19,[],0,0,[],[]
28279540,28280910,OCH,CXN,0.0,763,AIOCF,EC,0,NT,FH,0.0,0,-31.53,-21.8,[],0,0,[],[]
28280910,28281720,NA,TVN,0.0,764,pause,NA,NA,NA,NA,0.0,0,-36.06,-28.14,[],0,0,[],[]
28281720,28282570,NA,OLN,0.0,764,pause,NA,NA,NA,NA,0.0,0,-33.26,-26.57,[],0,0,[],[]
28282570,28283590,NA,TVN,0.0,764,pause,NA,NA,NA,NA,0.0,0,-37.94,-33.81,[],0,0,[],[]
28283590,28288650,NA,TVN,0.0,764,pause,NA,NA,NA,NA,0.0,0,-27.36,-5.56,[],0,0,[],[]
28288650,28289930,OCH,CXN,0.0,764,XIOCA,BC,0,NT,FI,0.0,0,-28.81,-22.16,[],0,0,[],[]
28289930,28291120,FEM,FAN,4.99,764,XIOCA,EC,0,NT,FI,0.0,0,-21.99,-14.32,[],0,0,[],[]
28291120,28292280,NA,TVN,0.0,765,pause,NA,NA,NA,NA,0.0,0,-38.06,-33.43,[],0,0,[],[]
28292280,28293310,NA,TVN,0.0,765,pause,NA,NA,NA,NA,0.0,0,-46.33,-38.67,[],0,0,[],[]
28293310,28294120,NA,TVN,0.0,765,pause,NA,NA,NA,NA,0.0,0,-36.51,-27.19,[],0,0,[],[]
28294120,28295000,NA,SIL,0.0,765,pause,NA,NA,NA,NA,0.0,0,-47.03,-39.59,[],0,0,[],[]
28295000,28295980,NA,TVN,0.0,765,pause,NA,NA,NA,NA,0.0,0,-39.16,-32.27,[],0,0,[],[]
28295980,28296780,NA,TVN,0.0,765,pause,NA,NA,NA,NA,0.0,0,-44.08,-37.7,[],0,0,[],[]
28296780,28297850,NA,TVN,0.0,765,pause,NA,NA,NA,NA,0.0,0,-43.96,-37.37,[],0,0,[],[]
28297850,28299710,NA,TVN,0.0,765,pause,NA,NA,NA,NA,0.0,0,-43.03,-37.81,[],0,0,[],[]
28299710,28300790,NA,TVN,0.0,765,pause,NA,NA,NA,NA,0.0,0,-40.11,-35.54,[],0,0,[],[]
28300790,28302430,NA,TVN,0.0,765,pause,NA,NA,NA,NA,0.0,0,-40.77,-34.7,[],0,0,[],[]
28302430,28303590,NA,TVN,0.0,765,pause,NA,NA,NA,NA,0.0,0,-41.47,-35.12,[],0,0,[],[]
28303590,28304920,NA,TVN,0.0,765,pause,NA,NA,NA,NA,0.0,0,-42.07,-36.48,[],0,0,[],[]
28304920,28305730,NA,TVN,0.0,765,pause,NA,NA,NA,NA,0.0,0,-43.4,-37.66,[],0,0,[],[]
28305730,28309720,NA,TVN,0.0,765,pause,NA,NA,NA,NA,0.0,0,-40.79,-34.0,[],0,0,[],[]
28309720,28310790,NA,TVN,0.0,765,pause,NA,NA,NA,NA,0.0,0,-39.15,-32.18,[],0,0,[],[]
28310790,28311880,NA,TVN,0.0,765,pause,NA,NA,NA,NA,0.0,0,-41.57,-38.34,[],0,0,[],[]
28311880,28312680,NA,TVN,0.0,765,pause,NA,NA,NA,NA,0.0,0,-42.22,-37.71,[],0,0,[],[]
28312680,28313910,NA,TVN,0.0,765,pause,NA,NA,NA,NA,0.0,0,-40.19,-34.94,[],0,0,[],[]
28313910,28314760,NA,TVN,0.0,765,pause,NA,NA,NA,NA,0.0,0,-34.98,-25.35,[],0,0,[],[]
28314760,28316130,NA,TVN,0.0,765,pause,NA,NA,NA,NA,0.0,0,-37.12,-24.85,[],0,0,[],[]
28316130,28317340,NA,TVN,0.0,765,pause,NA,NA,NA,NA,0.0,0,-42.94,-30.83,[],0,0,[],[]
28317340,28319380,NA,TVN,0.0,765,pause,NA,NA,NA,NA,0.0,0,-43.22,-36.74,[],0,0,[],[]
28319380,28320730,NA,TVN,0.0,765,pause,NA,NA,NA,NA,0.0,0,-41.07,-35.91,[],0,0,[],[]
28320730,28321910,NA,TVN,0.0,765,pause,NA,NA,NA,NA,0.0,0,-39.88,-33.16,[],0,0,[],[]
28321910,28326500,NA,TVN,0.0,765,pause,NA,NA,NA,NA,0.0,0,-38.92,-32.93,[],0,0,[],[]
28326500,28328460,NA,TVN,0.0,765,pause,NA,NA,NA,NA,0.0,0,-37.11,-31.44,[],0,0,[],[]
28328460,28330090,NA,TVN,0.0,765,pause,NA,NA,NA,NA,0.0,0,-38.21,-32.41,[],0,0,[],[]
28330090,28333090,NA,TVN,0.0,765,pause,NA,NA,NA,NA,0.0,0,-38.85,-32.42,[],0,0,[],[]
28333090,28333920,NA,TVN,0.0,765,pause,NA,NA,NA,NA,0.0,0,-42.48,-35.37,[],0,0,[],[]
28333920,28335780,NA,TVN,0.0,765,pause,NA,NA,NA,NA,0.0,0,-38.91,-32.4,[],0,0,[],[]
28335780,28336650,NA,TVN,0.0,765,pause,NA,NA,NA,NA,0.0,0,-39.61,-32.07,[],0,0,[],[]
28336650,28337620,NA,TVN,0.0,765,pause,NA,NA,NA,NA,0.0,0,-39.15,-35.43,[],0,0,[],[]
28337620,28338620,NA,TVN,0.0,765,pause,NA,NA,NA,NA,0.0,0,-38.76,-33.71,[],0,0,[],[]
28338620,28339640,NA,TVN,0.0,765,pause,NA,NA,NA,NA,0.0,0,-38.02,-24.73,[],0,0,[],[]
28339640,28340900,NA,TVN,0.0,765,pause,NA,NA,NA,NA,0.0,0,-41.67,-35.4,[],0,0,[],[]
28340900,28342370,NA,TVN,0.0,765,pause,NA,NA,NA,NA,0.0,0,-40.37,-34.65,[],0,0,[],[]
28342370,28343530,NA,TVN,0.0,765,pause,NA,NA,NA,NA,0.0,0,-39.23,-35.44,[],0,0,[],[]
28343530,28344760,NA,TVN,0.0,765,pause,NA,NA,NA,NA,0.0,0,-37.2,-31.92,[],0,0,[],[]
28344760,28345750,NA,TVN,0.0,765,pause,NA,NA,NA,NA,0.0,0,-39.65,-34.46,[],0,0,[],[]
28345750,28347620,NA,TVN,0.0,765,pause,NA,NA,NA,NA,0.0,0,-41.3,-36.67,[],0,0,[],[]
28347620,28348690,NA,TVN,0.0,765,pause,NA,NA,NA,NA,0.0,0,-42.77,-37.49,[],0,0,[],[]
28348690,28349540,NA,TVN,0.0,765,pause,NA,NA,NA,NA,0.0,0,-40.65,-37.12,[],0,0,[],[]
28349540,28350360,NA,TVN,0.0,765,pause,NA,NA,NA,NA,0.0,0,-42.03,-38.78,[],0,0,[],[]
28350360,28352720,NA,TVN,0.0,765,pause,NA,NA,NA,NA,0.0,0,-40.31,-34.76,[],0,0,[],[]
28352720,28353520,NA,TVN,0.0,765,pause,NA,NA,NA,NA,0.0,0,-41.44,-36.21,[],0,0,[],[]
28353520,28354520,NA,TVN,0.0,765,pause,NA,NA,NA,NA,0.0,0,-40.71,-38.1,[],0,0,[],[]
28354520,28355460,NA,TVF,0.0,765,pause,NA,NA,NA,NA,0.0,0,-41.9,-37.99,[],0,0,[],[]
28355460,28356270,NA,TVN,0.0,765,pause,NA,NA,NA,NA,0.0,0,-40.64,-29.24,[],0,0,[],[]
28356270,28357710,NA,TVN,0.0,765,pause,NA,NA,NA,NA,0.0,0,-39.21,-32.41,[],0,0,[],[]
28357710,28360120,NA,TVN,0.0,765,pause,NA,NA,NA,NA,0.0,0,-42.55,-34.6,[],0,0,[],[]
28360120,28361130,NA,TVN,0.0,765,pause,NA,NA,NA,NA,0.0,0,-40.68,-33.92,[],0,0,[],[]
28361130,28366680,NA,TVN,0.0,765,pause,NA,NA,NA,NA,0.0,0,-39.39,-30.32,[],0,0,[],[]
28366680,28368790,NA,TVN,0.0,765,pause,NA,NA,NA,NA,0.0,0,-37.98,-31.33,[],0,0,[],[]
28368790,28369590,NA,TVN,0.0,765,pause,NA,NA,NA,NA,0.0,0,-39.11,-35.33,[],0,0,[],[]
28369590,28376160,NA,TVN,0.0,765,pause,NA,NA,NA,NA,0.0,0,-40.25,-25.61,[],0,0,[],[]
28376160,28377180,NA,TVN,0.0,765,pause,NA,NA,NA,NA,0.0,0,-37.89,-33.05,[],0,0,[],[]
28377180,28380540,NA,TVN,0.0,765,pause,NA,NA,NA,NA,0.0,0,-41.14,-33.27,[],0,0,[],[]
28380540,28381720,NA,TVN,0.0,765,pause,NA,NA,NA,NA,0.0,0,-39.82,-31.87,[],0,0,[],[]
28381720,28384840,NA,TVN,0.0,765,pause,NA,NA,NA,NA,0.0,0,-41.47,-32.38,[],0,0,[],[]
28384840,28385840,NA,TVN,0.0,765,pause,NA,NA,NA,NA,0.0,0,-34.89,-30.44,[],0,0,[],[]
28385840,28388490,NA,TVN,0.0,765,pause,NA,NA,NA,NA,0.0,0,-41.73,-31.57,[],0,0,[],[]
28388490,28389560,NA,TVN,0.0,765,pause,NA,NA,NA,NA,0.0,0,-42.98,-36.43,[],0,0,[],[]
28389560,28390890,NA,TVN,0.0,765,pause,NA,NA,NA,NA,0.0,0,-41.35,-36.94,[],0,0,[],[]
28390890,28391960,NA,TVN,0.0,765,pause,NA,NA,NA,NA,0.0,0,-38.6,-31.95,[],0,0,[],[]
28391960,28394200,NA,TVN,0.0,765,pause,NA,NA,NA,NA,0.0,0,-39.06,-31.02,[],0,0,[],[]
28394200,28395190,NA,TVN,0.0,765,pause,NA,NA,NA,NA,0.0,0,-39.82,-31.5,[],0,0,[],[]
28395190,28396880,NA,TVN,0.0,765,pause,NA,NA,NA,NA,0.0,0,-40.94,-33.14,[],0,0,[],[]
28396880,28397940,NA,TVN,0.0,765,pause,NA,NA,NA,NA,0.0,0,-38.96,-33.66,[],0,0,[],[]
28397940,28398990,NA,TVN,0.0,765,pause,NA,NA,NA,NA,0.0,0,-39.08,-30.92,[],0,0,[],[]
28398990,28400890,NA,TVN,0.0,765,pause,NA,NA,NA,NA,0.0,0,-41.16,-33.04,[],0,0,[],[]
28400890,28401720,NA,TVN,0.0,765,pause,NA,NA,NA,NA,0.0,0,-37.69,-31.54,[],0,0,[],[]
28401720,28403240,NA,TVN,0.0,765,pause,NA,NA,NA,NA,0.0,0,-39.16,-31.39,[],0,0,[],[]
28403240,28404300,NA,TVN,0.0,765,pause,NA,NA,NA,NA,0.0,0,-41.4,-29.11,[],0,0,[],[]
28404300,28405300,NA,TVN,0.0,765,pause,NA,NA,NA,NA,0.0,0,-40.62,-30.69,[],0,0,[],[]
28405300,28406270,NA,TVN,0.0,765,pause,NA,NA,NA,NA,0.0,0,-44.4,-38.71,[],0,0,[],[]
28406270,28407270,NA,TVF,0.0,765,pause,NA,NA,NA,NA,0.0,0,-42.2,-32.99,[],0,0,[],[]
28407270,28408240,NA,TVF,0.0,765,pause,NA,NA,NA,NA,0.0,0,-41.67,-34.15,[],0,0,[],[]
28408240,28410130,NA,TVN,0.0,765,pause,NA,NA,NA,NA,0.0,0,-41.47,-36.01,[],0,0,[],[]
28410130,28410940,NA,TVN,0.0,765,pause,NA,NA,NA,NA,0.0,0,-42.11,-33.34,[],0,0,[],[]
28410940,28412760,NA,TVN,0.0,765,pause,NA,NA,NA,NA,0.0,0,-40.5,-32.49,[],0,0,[],[]
28412760,28413760,NA,TVN,0.0,765,pause,NA,NA,NA,NA,0.0,0,-41.75,-35.26,[],0,0,[],[]
28413760,28414690,NA,TVN,0.0,765,pause,NA,NA,NA,NA,0.0,0,-43.89,-39.98,[],0,0,[],[]
28414690,28415710,NA,TVN,0.0,765,pause,NA,NA,NA,NA,0.0,0,-42.84,-35.94,[],0,0,[],[]
28415710,28416530,NA,TVN,0.0,765,pause,NA,NA,NA,NA,0.0,0,-36.49,-29.54,[],0,0,[],[]
28416530,28418330,NA,TVN,0.0,765,pause,NA,NA,NA,NA,0.0,0,-39.05,-30.87,[],0,0,[],[]
28418330,28419530,NA,TVN,0.0,765,pause,NA,NA,NA,NA,0.0,0,-38.24,-30.5,[],0,0,[],[]
28419530,28420810,NA,TVN,0.0,765,pause,NA,NA,NA,NA,0.0,0,-37.42,-29.71,[],0,0,[],[]
28420810,28422040,NA,TVN,0.0,765,pause,NA,NA,NA,NA,0.0,0,-41.08,-34.09,[],0,0,[],[]
28422040,28424020,NA,TVN,0.0,765,pause,NA,NA,NA,NA,0.0,0,-37.12,-28.77,[],0,0,[],[]
28424020,28425270,NA,TVN,0.0,765,pause,NA,NA,NA,NA,0.0,0,-46.33,-37.31,[],0,0,[],[]
28425270,28426740,NA,TVN,0.0,765,pause,NA,NA,NA,NA,0.0,0,-39.58,-34.92,[],0,0,[],[]
28426740,28427540,NA,TVN,0.0,765,pause,NA,NA,NA,NA,0.0,0,-38.0,-33.82,[],0,0,[],[]
28427540,28431700,NA,TVN,0.0,765,pause,NA,NA,NA,NA,0.0,0,-38.01,-28.82,[],0,0,[],[]
28431700,28434190,NA,TVN,0.0,765,pause,NA,NA,NA,NA,0.0,0,-40.99,-29.45,[],0,0,[],[]
28434190,28435290,NA,TVN,0.0,765,pause,NA,NA,NA,NA,0.0,0,-40.52,-33.86,[],0,0,[],[]
28435290,28436100,NA,TVN,0.0,765,pause,NA,NA,NA,NA,0.0,0,-37.96,-30.53,[],0,0,[],[]
28436100,28440780,NA,TVN,0.0,765,pause,NA,NA,NA,NA,0.0,0,-41.09,-30.76,[],0,0,[],[]
28440780,28441580,NA,TVN,0.0,765,pause,NA,NA,NA,NA,0.0,0,-39.08,-30.18,[],0,0,[],[]
28441580,28443100,NA,TVN,0.0,765,pause,NA,NA,NA,NA,0.0,0,-41.4,-32.12,[],0,0,[],[]
28443100,28443900,NA,TVN,0.0,765,pause,NA,NA,NA,NA,0.0,0,-39.9,-31.69,[],0,0,[],[]
28443900,28446630,NA,TVN,0.0,765,pause,NA,NA,NA,NA,0.0,0,-40.57,-30.81,[],0,0,[],[]
28446630,28451560,NA,TVN,0.0,765,pause,NA,NA,NA,NA,0.0,0,-43.31,-33.33,[],0,0,[],[]
28451560,28452560,NA,TVN,0.0,765,pause,NA,NA,NA,NA,0.0,0,-41.5,-32.56,[],0,0,[],[]
28452560,28453890,NA,TVN,0.0,765,pause,NA,NA,NA,NA,0.0,0,-38.9,-22.79,[],0,0,[],[]
28453890,28455590,NA,TVN,0.0,765,pause,NA,NA,NA,NA,0.0,0,-41.47,-33.91,[],0,0,[],[]
28455590,28456640,NA,TVN,0.0,765,pause,NA,NA,NA,NA,0.0,0,-43.12,-38.97,[],0,0,[],[]
28456640,28458810,NA,TVN,0.0,765,pause,NA,NA,NA,NA,0.0,0,-41.14,-33.42,[],0,0,[],[]
28458810,28462000,NA,TVN,0.0,765,pause,NA,NA,NA,NA,0.0,0,-45.83,-33.92,[],0,0,[],[]
28462000,28463040,NA,TVN,0.0,765,pause,NA,NA,NA,NA,0.0,0,-43.95,-35.98,[],0,0,[],[]
28463040,28464120,NA,TVN,0.0,765,pause,NA,NA,NA,NA,0.0,0,-46.25,-37.66,[],0,0,[],[]
28464120,28465230,NA,TVN,0.0,765,pause,NA,NA,NA,NA,0.0,0,-43.31,-37.9,[],0,0,[],[]
28465230,28468480,NA,TVN,0.0,765,pause,NA,NA,NA,NA,0.0,0,-42.59,-34.57,[],0,0,[],[]
28468480,28469090,NA,TVN,0.0,765,pause,NA,NA,NA,NA,0.0,0,-41.56,-35.87,[],0,0,[],[]
28469090,28470110,NA,TVN,0.0,765,pause,NA,NA,NA,NA,0.0,0,-41.0,-36.87,[],0,0,[],[]
28470110,28471210,NA,TVN,0.0,765,pause,NA,NA,NA,NA,0.0,0,-41.12,-35.79,[],0,0,[],[]
28471210,28472890,NA,TVN,0.0,765,pause,NA,NA,NA,NA,0.0,0,-38.94,-31.12,[],0,0,[],[]
28472890,28474650,NA,TVN,0.0,765,pause,NA,NA,NA,NA,0.0,0,-38.28,-30.55,[],0,0,[],[]
28474650,28475680,NA,TVN,0.0,765,pause,NA,NA,NA,NA,0.0,0,-36.25,-30.19,[],0,0,[],[]
28475680,28479820,NA,TVN,0.0,765,pause,NA,NA,NA,NA,0.0,0,-39.56,-30.86,[],0,0,[],[]
28479820,28480620,NA,TVN,0.0,765,pause,NA,NA,NA,NA,0.0,0,-39.61,-34.17,[],0,0,[],[]
28480620,28483190,NA,TVN,0.0,765,pause,NA,NA,NA,NA,0.0,0,-42.63,-35.66,[],0,0,[],[]
28483190,28483990,NA,TVN,0.0,765,pause,NA,NA,NA,NA,0.0,0,-37.38,-31.49,[],0,0,[],[]
28483990,28484990,NA,TVN,0.0,765,pause,NA,NA,NA,NA,0.0,0,-38.96,-33.65,[],0,0,[],[]
28484990,28485990,NA,TVN,0.0,765,pause,NA,NA,NA,NA,0.0,0,-38.11,-31.86,[],0,0,[],[]
28485990,28491220,NA,TVN,0.0,765,pause,NA,NA,NA,NA,0.0,0,-40.77,-33.53,[],0,0,[],[]
28491220,28492020,NA,TVN,0.0,765,pause,NA,NA,NA,NA,0.0,0,-44.28,-35.75,[],0,0,[],[]
28492020,28493030,NA,TVN,0.0,765,pause,NA,NA,NA,NA,0.0,0,-37.94,-31.13,[],0,0,[],[]
28493030,28494400,NA,TVN,0.0,765,pause,NA,NA,NA,NA,0.0,0,-37.02,-31.84,[],0,0,[],[]
28494400,28495370,NA,TVN,0.0,765,pause,NA,NA,NA,NA,0.0,0,-37.18,-32.41,[],0,0,[],[]
28495370,28502950,NA,TVN,0.0,765,pause,NA,NA,NA,NA,0.0,0,-42.12,-32.06,[],0,0,[],[]
28502950,28505420,NA,TVN,0.0,765,pause,NA,NA,NA,NA,0.0,0,-42.08,-34.45,[],0,0,[],[]
28505420,28510740,NA,TVN,0.0,765,pause,NA,NA,NA,NA,0.0,0,-39.22,-29.9,[],0,0,[],[]
28510740,28511840,NA,TVN,0.0,765,pause,NA,NA,NA,NA,0.0,0,-39.54,-31.39,[],0,0,[],[]
28511840,28515100,NA,TVN,0.0,765,pause,NA,NA,NA,NA,0.0,0,-40.21,-31.63,[],0,0,[],[]
28515100,28519920,NA,TVN,0.0,765,pause,NA,NA,NA,NA,0.0,0,-43.18,-36.42,[],0,0,[],[]
28519920,28521000,NA,TVN,0.0,765,pause,NA,NA,NA,NA,0.0,0,-41.25,-35.02,[],0,0,[],[]
28521000,28522920,NA,TVN,0.0,765,pause,NA,NA,NA,NA,0.0,0,-41.99,-35.15,[],0,0,[],[]
28522920,28523980,NA,TVN,0.0,765,pause,NA,NA,NA,NA,0.0,0,-39.73,-31.09,[],0,0,[],[]
28523980,28524980,NA,TVN,0.0,765,pause,NA,NA,NA,NA,0.0,0,-39.95,-32.53,[],0,0,[],[]
28524980,28525980,NA,TVN,0.0,765,pause,NA,NA,NA,NA,0.0,0,-41.71,-34.98,[],0,0,[],[]
28525980,28532180,NA,TVN,0.0,765,pause,NA,NA,NA,NA,0.0,0,-41.84,-33.27,[],0,0,[],[]
28532180,28533100,NA,TVN,0.0,765,pause,NA,NA,NA,NA,0.0,0,-41.57,-34.6,[],0,0,[],[]
28533100,28534200,NA,TVN,0.0,765,pause,NA,NA,NA,NA,0.0,0,-43.05,-36.57,[],0,0,[],[]
28534200,28535750,NA,TVN,0.0,765,pause,NA,NA,NA,NA,0.0,0,-37.75,-29.48,[],0,0,[],[]
28535750,28538450,NA,TVN,0.0,765,pause,NA,NA,NA,NA,0.0,0,-40.99,-33.0,[],0,0,[],[]
28538450,28539450,NA,TVN,0.0,765,pause,NA,NA,NA,NA,0.0,0,-42.67,-34.63,[],0,0,[],[]
28539450,28541730,NA,TVN,0.0,765,pause,NA,NA,NA,NA,0.0,0,-45.69,-39.65,[],0,0,[],[]
28541730,28545200,NA,TVN,0.0,765,pause,NA,NA,NA,NA,0.0,0,-42.02,-31.56,[],0,0,[],[]
28545200,28546590,NA,TVN,0.0,765,pause,NA,NA,NA,NA,0.0,0,-38.07,-29.6,[],0,0,[],[]
28546590,28548000,NA,TVN,0.0,765,pause,NA,NA,NA,NA,0.0,0,-43.77,-37.99,[],0,0,[],[]
28548000,28549360,NA,TVN,0.0,765,pause,NA,NA,NA,NA,0.0,0,-41.52,-30.96,[],0,0,[],[]
28549360,28550500,NA,TVN,0.0,765,pause,NA,NA,NA,NA,0.0,0,-37.54,-29.38,[],0,0,[],[]
28550500,28551340,NA,TVN,0.0,765,pause,NA,NA,NA,NA,0.0,0,-36.9,-29.76,[],0,0,[],[]
28551340,28552880,NA,TVN,0.0,765,pause,NA,NA,NA,NA,0.0,0,-41.0,-30.54,[],0,0,[],[]
28552880,28556010,NA,TVN,0.0,765,pause,NA,NA,NA,NA,0.0,0,-33.55,-19.68,[],0,0,[],[]
28556010,28557220,NA,TVN,0.0,765,pause,NA,NA,NA,NA,0.0,0,-43.18,-36.94,[],0,0,[],[]
28557220,28558240,NA,TVN,0.0,765,pause,NA,NA,NA,NA,0.0,0,-32.69,-22.76,[],0,0,[],[]
28558240,28559470,NA,TVN,0.0,765,pause,NA,NA,NA,NA,0.0,0,-36.14,-25.38,[],0,0,[],[]
28559470,28560590,NA,TVN,0.0,765,pause,NA,NA,NA,NA,0.0,0,-36.94,-25.68,[],0,0,[],[]
28560590,28562600,NA,TVN,0.0,765,pause,NA,NA,NA,NA,0.0,0,-32.27,-17.77,[],0,0,[],[]
28562600,28564120,OCH,CXN,0.0,765,XM,EC,0,NT,FI,0.0,0,-29.12,-9.68,[],0,0,[],[]
28564120,28564960,NA,TVN,0.0,766,pause,NA,NA,NA,NA,0.0,0,-33.67,-25.05,[],0,0,[],[]
28564960,28566320,NA,TVN,0.0,766,pause,NA,NA,NA,NA,0.0,0,-43.09,-31.69,[],0,0,[],[]
28566320,28567120,NA,TVF,0.0,766,pause,NA,NA,NA,NA,0.0,0,-47.04,-38.23,[],0,0,[],[]
28567120,28567940,NA,TVN,0.0,766,pause,NA,NA,NA,NA,0.0,0,-36.17,-27.99,[],0,0,[],[]
28567940,28569000,NA,TVN,0.0,766,pause,NA,NA,NA,NA,0.0,0,-29.7,-19.73,[],0,0,[],[]
28569000,28569800,CHI,CHN,0.0,766,pause,NA,NA,NA,NA,0.0,0,-27.82,-20.25,[],0,700,"[{'start': 28569.1, 'end': 28569.8}]",[]
28569800,28570600,NA,TVN,0.0,766,pause,NA,NA,NA,NA,0.0,0,-31.29,-18.99,[],0,0,[],[]
28570600,28571400,NA,TVN,0.0,766,pause,NA,NA,NA,NA,0.0,0,-29.57,-21.17,[],0,0,[],[]
28571400,28572270,NA,TVN,0.0,766,pause,NA,NA,NA,NA,0.0,0,-31.96,-23.27,[],0,0,[],[]
28572270,28573470,NA,TVN,0.0,766,pause,NA,NA,NA,NA,0.0,0,-30.43,-20.9,[],0,0,[],[]
28573470,28574930,NA,TVN,0.0,766,pause,NA,NA,NA,NA,0.0,0,-38.77,-33.91,[],0,0,[],[]
28574930,28576630,NA,OLN,0.0,766,pause,NA,NA,NA,NA,0.0,0,-29.58,-20.55,[],0,0,[],[]
28576630,28577750,OCH,CXN,0.0,766,XIOCC,BC,0,NT,FI,0.0,0,-27.2,-20.59,[],0,0,[],[]
28577750,28578690,CHI,CHN,0.0,766,XIOCC,RC,0,NT,FI,1.0,940,-24.25,-18.06,"[{'Canonical-syllable': '0', 'Growl': '1', 'High-freq-energy': '1', 'Long-island': '0', 'Low-tilt-spectrum': '2', 'Medium-island': '1', 'Short-island': '1', 'Squeal': '0', 'Typical-entropy': '1', 'Voicing-quality': '1', 'Wide-band': '0', 'Xlong-island': '0', 'seq': '1', 'end': 28578.69, 'start': 28577.87}]",0,0,[],[]
28578690,28579530,NA,OLN,0.0,766,XIOCC,NA,NA,NA,NA,0.0,0,-30.69,-22.29,[],0,0,[],[]
28579530,28580330,OCH,CXN,0.0,766,XIOCC,EC,0,NT,FI,0.0,0,-27.59,-19.89,[],0,0,[],[]
28580330,28582920,NA,TVN,0.0,767,pause,NA,NA,NA,NA,0.0,0,-32.88,-21.72,[],0,0,[],[]
28582920,28584430,NA,TVN,0.0,767,pause,NA,NA,NA,NA,0.0,0,-43.19,-31.15,[],0,0,[],[]
28584430,28585850,NA,TVN,0.0,767,pause,NA,NA,NA,NA,0.0,0,-46.67,-39.69,[],0,0,[],[]
28585850,28587750,NA,TVN,0.0,767,pause,NA,NA,NA,NA,0.0,0,-38.52,-21.97,[],0,0,[],[]
28587750,28589490,NA,TVN,0.0,767,pause,NA,NA,NA,NA,0.0,0,-42.37,-32.64,[],0,0,[],[]
28589490,28590780,NA,TVN,0.0,767,pause,NA,NA,NA,NA,0.0,0,-41.11,-33.02,[],0,0,[],[]
28590780,28591840,NA,TVN,0.0,767,pause,NA,NA,NA,NA,0.0,0,-41.16,-34.05,[],0,0,[],[]
28591840,28593640,NA,TVN,0.0,767,pause,NA,NA,NA,NA,0.0,0,-37.83,-28.05,[],0,0,[],[]
28593640,28596490,NA,TVN,0.0,767,pause,NA,NA,NA,NA,0.0,0,-41.75,-35.11,[],0,0,[],[]
28596490,28597620,NA,TVN,0.0,767,pause,NA,NA,NA,NA,0.0,0,-41.08,-33.55,[],0,0,[],[]
28597620,28599140,NA,TVN,0.0,767,pause,NA,NA,NA,NA,0.0,0,-41.95,-34.23,[],0,0,[],[]
28599140,28600430,NA,TVN,0.0,767,pause,NA,NA,NA,NA,0.0,0,-39.41,-32.59,[],0,0,[],[]
28600430,28601440,NA,TVF,0.0,767,pause,NA,NA,NA,NA,0.0,0,-49.37,-43.21,[],0,0,[],[]
28601440,28602270,NA,TVN,0.0,767,pause,NA,NA,NA,NA,0.0,0,-45.02,-37.12,[],0,0,[],[]
28602270,28605360,NA,TVN,0.0,767,pause,NA,NA,NA,NA,0.0,0,-43.01,-34.3,[],0,0,[],[]
28605360,28606980,NA,TVN,0.0,767,pause,NA,NA,NA,NA,0.0,0,-41.41,-34.96,[],0,0,[],[]
28606980,28610270,NA,TVN,0.0,767,pause,NA,NA,NA,NA,0.0,0,-42.13,-34.76,[],0,0,[],[]
28610270,28611070,NA,TVN,0.0,767,pause,NA,NA,NA,NA,0.0,0,-39.16,-35.82,[],0,0,[],[]
28611070,28614180,NA,TVN,0.0,767,pause,NA,NA,NA,NA,0.0,0,-40.84,-34.47,[],0,0,[],[]
28614180,28614980,NA,TVN,0.0,767,pause,NA,NA,NA,NA,0.0,0,-34.46,-30.11,[],0,0,[],[]
28614980,28617150,NA,TVN,0.0,767,pause,NA,NA,NA,NA,0.0,0,-39.75,-31.76,[],0,0,[],[]
28617150,28617950,NA,TVN,0.0,767,pause,NA,NA,NA,NA,0.0,0,-37.91,-31.31,[],0,0,[],[]
28617950,28620790,NA,TVN,0.0,767,pause,NA,NA,NA,NA,0.0,0,-39.01,-32.38,[],0,0,[],[]
28620790,28621830,NA,TVN,0.0,767,pause,NA,NA,NA,NA,0.0,0,-37.81,-30.19,[],0,0,[],[]
28621830,28622830,NA,TVN,0.0,767,pause,NA,NA,NA,NA,0.0,0,-35.41,-31.37,[],0,0,[],[]
28622830,28623660,NA,TVN,0.0,767,pause,NA,NA,NA,NA,0.0,0,-40.52,-33.16,[],0,0,[],[]
28623660,28625350,NA,TVN,0.0,767,pause,NA,NA,NA,NA,0.0,0,-39.35,-32.7,[],0,0,[],[]
28625350,28627970,OCH,CXN,0.0,767,XM,EC,0,NT,FI,0.0,0,-43.27,-33.51,[],0,0,[],[]
28627970,28628990,NA,TVN,0.0,768,pause,NA,NA,NA,NA,0.0,0,-38.59,-33.17,[],0,0,[],[]
28628990,28629800,NA,TVN,0.0,768,pause,NA,NA,NA,NA,0.0,0,-37.09,-33.72,[],0,0,[],[]
28629800,28631480,NA,TVN,0.0,768,pause,NA,NA,NA,NA,0.0,0,-37.63,-32.66,[],0,0,[],[]
28631480,28632390,NA,TVN,0.0,768,pause,NA,NA,NA,NA,0.0,0,-39.04,-31.78,[],0,0,[],[]
28632390,28637290,NA,TVN,0.0,768,pause,NA,NA,NA,NA,0.0,0,-39.52,-31.66,[],0,0,[],[]
28637290,28638210,NA,TVN,0.0,768,pause,NA,NA,NA,NA,0.0,0,-39.29,-35.32,[],0,0,[],[]
28638210,28641180,NA,TVN,0.0,768,pause,NA,NA,NA,NA,0.0,0,-41.02,-33.76,[],0,0,[],[]
28641180,28642020,NA,TVN,0.0,768,pause,NA,NA,NA,NA,0.0,0,-38.83,-33.69,[],0,0,[],[]
28642020,28643060,NA,TVN,0.0,768,pause,NA,NA,NA,NA,0.0,0,-39.53,-31.44,[],0,0,[],[]
28643060,28643960,NA,TVN,0.0,768,pause,NA,NA,NA,NA,0.0,0,-40.05,-33.51,[],0,0,[],[]
28643960,28646370,NA,TVN,0.0,768,pause,NA,NA,NA,NA,0.0,0,-39.58,-30.22,[],0,0,[],[]
28646370,28647390,NA,TVN,0.0,768,pause,NA,NA,NA,NA,0.0,0,-44.73,-36.79,[],0,0,[],[]
28647390,28651870,NA,TVN,0.0,768,pause,NA,NA,NA,NA,0.0,0,-37.34,-27.18,[],0,0,[],[]
28651870,28652930,NA,TVN,0.0,768,pause,NA,NA,NA,NA,0.0,0,-44.55,-37.29,[],0,0,[],[]
28652930,28655190,NA,TVN,0.0,768,pause,NA,NA,NA,NA,0.0,0,-39.68,-33.94,[],0,0,[],[]
28655190,28658270,NA,TVN,0.0,768,pause,NA,NA,NA,NA,0.0,0,-40.68,-31.44,[],0,0,[],[]
28658270,28659970,NA,TVN,0.0,768,pause,NA,NA,NA,NA,0.0,0,-38.74,-35.37,[],0,0,[],[]
28659970,28662750,NA,TVN,0.0,768,pause,NA,NA,NA,NA,0.0,0,-37.54,-28.59,[],0,0,[],[]
28662750,28663920,NA,TVN,0.0,768,pause,NA,NA,NA,NA,0.0,0,-39.33,-31.27,[],0,0,[],[]
28663920,28666470,NA,TVN,0.0,768,pause,NA,NA,NA,NA,0.0,0,-40.59,-33.48,[],0,0,[],[]
28666470,28667070,FEM,FAN,3.25,768,AIOCF,BC,0,NT,FI,0.0,0,-30.45,-21.19,[],0,0,[],[]
28667070,28668070,NA,OLF,0.0,768,AIOCF,NA,NA,NA,NA,0.0,0,-41.8,-25.69,[],0,0,[],[]
28668070,28668870,NA,SIL,0.0,768,AIOCF,NA,NA,NA,NA,0.0,0,-48.9,-45.92,[],0,0,[],[]
28668870,28669670,OCH,CXN,0.0,768,AIOCF,EC,0,NT,FI,0.0,0,-35.04,-26.34,[],0,0,[],[]
28669670,28670470,NA,NOF,0.0,769,pause,NA,NA,NA,NA,0.0,0,-40.68,-29.24,[],0,0,[],[]
28670470,28671420,NA,OLN,0.0,769,pause,NA,NA,NA,NA,0.0,0,-27.12,-20.05,[],0,0,[],[]
28671420,28672220,NA,TVN,0.0,769,pause,NA,NA,NA,NA,0.0,0,-43.35,-37.03,[],0,0,[],[]
28672220,28673020,NA,TVF,0.0,769,pause,NA,NA,NA,NA,0.0,0,-45.87,-34.84,[],0,0,[],[]
28673020,28674240,NA,TVN,0.0,769,pause,NA,NA,NA,NA,0.0,0,-41.82,-37.27,[],0,0,[],[]
28674240,28675630,NA,FAF,0.0,769,pause,NA,NA,NA,NA,0.0,0,-42.84,-35.74,[],0,0,[],[]
28675630,28676640,NA,MAF,0.0,769,pause,NA,NA,NA,NA,0.0,0,-45.8,-36.71,[],0,0,[],[]
28676640,28677540,NA,SIL,0.0,769,pause,NA,NA,NA,NA,0.0,0,-52.89,-48.49,[],0,0,[],[]
28677540,28680380,NA,TVF,0.0,769,pause,NA,NA,NA,NA,0.0,0,-31.64,-11.56,[],0,0,[],[]
28680380,28682450,NA,NOF,0.0,769,pause,NA,NA,NA,NA,0.0,0,-41.95,-25.99,[],0,0,[],[]
28682450,28684610,NA,OLF,0.0,769,pause,NA,NA,NA,NA,0.0,0,-29.0,-9.41,[],0,0,[],[]
28684610,28686010,NA,NOF,0.0,769,pause,NA,NA,NA,NA,0.0,0,-31.67,-13.61,[],0,0,[],[]
28686010,28686670,NA,CHF,0.0,769,CM,EC,0,NT,FI,1.0,100,-34.46,-18.72,"[{'Canonical-syllable': '0', 'Growl': '1', 'High-freq-energy': '0', 'Long-island': '0', 'Low-tilt-spectrum': '1', 'Medium-island': '0', 'Short-island': '0', 'Squeal': '0', 'Typical-entropy': '1', 'Voicing-quality': '0', 'Wide-band': '0', 'Xlong-island': '0', 'seq': '1', 'end': 28686.11, 'start': 28686.01}]",0,0,[],[]
28686670,28693830,NA,NOF,0.0,770,pause,NA,NA,NA,NA,0.0,0,-29.39,-8.39,[],0,0,[],[]
28693830,28694730,NA,TVF,0.0,770,pause,NA,NA,NA,NA,0.0,0,-46.86,-40.53,[],0,0,[],[]
28694730,28697260,NA,NOF,0.0,770,pause,NA,NA,NA,NA,0.0,0,-31.63,-17.53,[],0,0,[],[]
28697260,28698090,NA,SIL,0.0,770,pause,NA,NA,NA,NA,0.0,0,-52.3,-47.14,[],0,0,[],[]
28698090,28698890,NA,NOF,0.0,770,pause,NA,NA,NA,NA,0.0,0,-32.95,-22.76,[],0,0,[],[]
28698890,28699850,NA,OLN,0.0,770,pause,NA,NA,NA,NA,0.0,0,-30.3,-14.95,[],0,0,[],[]
28699850,28701120,NA,NOF,0.0,770,pause,NA,NA,NA,NA,0.0,0,-35.89,-18.48,[],0,0,[],[]
28701120,28701990,NA,OLF,0.0,770,pause,NA,NA,NA,NA,0.0,0,-25.78,-12.3,[],0,0,[],[]
28701990,28703050,NA,NOF,0.0,770,pause,NA,NA,NA,NA,0.0,0,-47.58,-31.47,[],0,0,[],[]
28703050,28703850,NA,OLF,0.0,770,pause,NA,NA,NA,NA,0.0,0,-16.35,-5.92,[],0,0,[],[]
28703850,28707580,NA,NOF,0.0,770,pause,NA,NA,NA,NA,0.0,0,-37.6,-18.47,[],0,0,[],[]
28707580,28708820,NA,TVF,0.0,770,pause,NA,NA,NA,NA,0.0,0,-46.66,-40.48,[],0,0,[],[]
28708820,28709620,NA,SIL,0.0,770,pause,NA,NA,NA,NA,0.0,0,-47.52,-43.45,[],0,0,[],[]
28709620,28711110,NA,TVF,0.0,770,pause,NA,NA,NA,NA,0.0,0,-41.85,-32.97,[],0,0,[],[]
28711110,28712690,NA,SIL,0.0,770,pause,NA,NA,NA,NA,0.0,0,-50.85,-45.78,[],0,0,[],[]
28712690,28715130,NA,TVF,0.0,770,pause,NA,NA,NA,NA,0.0,0,-36.99,-24.64,[],0,0,[],[]
28715130,28715960,NA,NOF,0.0,770,pause,NA,NA,NA,NA,0.0,0,-43.65,-34.12,[],0,0,[],[]
28715960,28716760,NA,SIL,0.0,770,pause,NA,NA,NA,NA,0.0,0,-47.57,-41.74,[],0,0,[],[]
28716760,28717660,NA,NOF,0.0,770,pause,NA,NA,NA,NA,0.0,0,-42.22,-32.93,[],0,0,[],[]
28717660,28718460,NA,SIL,0.0,770,pause,NA,NA,NA,NA,0.0,0,-48.49,-42.46,[],0,0,[],[]
28718460,28719820,NA,NOF,0.0,770,pause,NA,NA,NA,NA,0.0,0,-41.16,-24.96,[],0,0,[],[]
28719820,28721870,NA,TVF,0.0,770,pause,NA,NA,NA,NA,0.0,0,-44.63,-36.39,[],0,0,[],[]
28721870,28722770,NA,TVF,0.0,770,pause,NA,NA,NA,NA,0.0,0,-44.96,-39.51,[],0,0,[],[]
28722770,28723780,NA,TVF,0.0,770,pause,NA,NA,NA,NA,0.0,0,-43.02,-34.28,[],0,0,[],[]
28723780,28729240,NA,NOF,0.0,770,pause,NA,NA,NA,NA,0.0,0,-21.71,-2.96,[],0,0,[],[]
28729240,28730040,NA,OLF,0.0,770,pause,NA,NA,NA,NA,0.0,0,-30.89,-18.6,[],0,0,[],[]
28730040,28735120,NA,NOF,0.0,770,pause,NA,NA,NA,NA,0.0,0,-44.84,-28.77,[],0,0,[],[]
28735120,28735920,NA,OLF,0.0,770,pause,NA,NA,NA,NA,0.0,0,-14.11,-3.72,[],0,0,[],[]
28735920,28739400,NA,NOF,0.0,770,pause,NA,NA,NA,NA,0.0,0,-30.4,-7.16,[],0,0,[],[]
28739400,28740720,NA,FAF,0.0,770,pause,NA,NA,NA,NA,0.0,0,-42.24,-26.46,[],0,0,[],[]
28740720,28754680,NA,NOF,0.0,770,pause,NA,NA,NA,NA,0.0,0,-26.81,-3.7,[],0,0,[],[]
28754680,28755480,NA,OLF,0.0,770,pause,NA,NA,NA,NA,0.0,0,-26.18,-8.42,[],0,0,[],[]
28755480,28756380,NA,NON,0.0,770,pause,NA,NA,NA,NA,0.0,0,-13.35,-2.87,[],0,0,[],[]
28756380,28757180,NA,OLF,0.0,770,pause,NA,NA,NA,NA,0.0,0,-16.3,-4.22,[],0,0,[],[]
28757180,28758240,FEM,FAN,1.01,770,AMF,BC,0,NT,FI,0.0,0,-33.16,-23.02,[],0,0,[],[]
28758240,28759040,FEM,FAN,0.0,770,AMF,NA,NA,NA,NA,0.0,0,-33.2,-18.91,[],800,0,[],[]
28759040,28760430,NA,OLN,0.0,770,AMF,NA,NA,NA,NA,0.0,0,-13.24,-3.59,[],0,0,[],[]
28760430,28761230,FEM,FAN,8.27,770,AMF,RC,0,NT,FH,0.0,0,-39.63,-34.58,[],0,0,[],[]
28761230,28761830,FEM,FAN,2.57,770,AMF,EC,0,NT,FH,0.0,0,-29.62,-21.41,[],0,0,[],[]
28761830,28763170,NA,TVF,0.0,771,pause,NA,NA,NA,NA,0.0,0,-35.3,-21.93,[],0,0,[],[]
28763170,28764170,NA,TVF,0.0,771,pause,NA,NA,NA,NA,0.0,0,-43.47,-38.82,[],0,0,[],[]
28764170,28764970,NA,TVF,0.0,771,pause,NA,NA,NA,NA,0.0,0,-45.7,-42.31,[],0,0,[],[]
28764970,28766230,NA,TVF,0.0,771,pause,NA,NA,NA,NA,0.0,0,-42.21,-32.93,[],0,0,[],[]
28766230,28767370,NA,NOF,0.0,771,pause,NA,NA,NA,NA,0.0,0,-19.85,-3.44,[],0,0,[],[]
28767370,28768430,NA,TVF,0.0,771,pause,NA,NA,NA,NA,0.0,0,-45.56,-35.73,[],0,0,[],[]
28768430,28771490,NA,NOF,0.0,771,pause,NA,NA,NA,NA,0.0,0,-40.47,-26.37,[],0,0,[],[]
28771490,28773400,NA,TVF,0.0,771,pause,NA,NA,NA,NA,0.0,0,-47.76,-41.95,[],0,0,[],[]
28773400,28774300,NA,TVN,0.0,771,pause,NA,NA,NA,NA,0.0,0,-41.35,-30.42,[],0,0,[],[]
28774300,28775600,NA,NOF,0.0,771,pause,NA,NA,NA,NA,0.0,0,-46.27,-33.26,[],0,0,[],[]
28775600,28776470,NA,OLF,0.0,771,pause,NA,NA,NA,NA,0.0,0,-39.94,-32.78,[],0,0,[],[]
28776470,28778080,FEM,FAN,5.36,771,AICF,BC,0,TIFI,FI,0.0,0,-33.41,-13.66,[],0,0,[],[]
28778080,28778680,CHI,CHN,0.0,771,AICF,RC,1,TIFR,FI,1.0,600,-17.12,-4.95,"[{'Canonical-syllable': '0', 'Growl': '0', 'High-freq-energy': '0', 'Long-island': '0', 'Low-tilt-spectrum': '1', 'Medium-island': '1', 'Short-island': '1', 'Squeal': '0', 'Typical-entropy': '0', 'Voicing-quality': '2', 'Wide-band': '0', 'Xlong-island': '0', 'seq': '1', 'end': 28778.68, 'start': 28778.08}]",0,0,[],[]
28778680,28780150,CHI,CHN,0.0,771,AICF,EC,1,NT,FH,3.0,700,-19.16,-4.9,"[{'Canonical-syllable': '0', 'Growl': '1', 'High-freq-energy': '1', 'Long-island': '0', 'Low-tilt-spectrum': '2', 'Medium-island': '0', 'Short-island': '1', 'Squeal': '0', 'Typical-entropy': '2', 'Voicing-quality': '2', 'Wide-band': '0', 'Xlong-island': '0', 'seq': '1', 'end': 28779.08, 'start': 28778.68}, {'Canonical-syllable': '0', 'Growl': '1', 'High-freq-energy': '0', 'Long-island': '0', 'Low-tilt-spectrum': '1', 'Medium-island': '0', 'Short-island': '1', 'Squeal': '0', 'Typical-entropy': '1', 'Voicing-quality': '1', 'Wide-band': '0', 'Xlong-island': '0', 'seq': '2', 'end': 28779.64, 'start': 28779.45}, {'Canonical-syllable': '0', 'Growl': '1', 'High-freq-energy': '0', 'Long-island': '0', 'Low-tilt-spectrum': '1', 'Medium-island': '0', 'Short-island': '0', 'Squeal': '0', 'Typical-entropy': '0', 'Voicing-quality': '1', 'Wide-band': '0', 'Xlong-island': '0', 'seq': '3', 'end': 28780.15, 'start': 28780.04}]",0,0,[],[]
28780150,28781010,NA,OLN,0.0,772,pause,NA,NA,NA,NA,0.0,0,-28.54,-23.18,[],0,0,[],[]
28781010,28782740,NA,FAF,0.0,772,pause,NA,NA,NA,NA,0.0,0,-37.93,-20.02,[],0,0,[],[]
28782740,28785210,NA,OLN,0.0,772,pause,NA,NA,NA,NA,0.0,0,-37.85,-24.71,[],0,0,[],[]
28785210,28786010,OCH,CXN,0.0,772,XM,BC,0,NT,FI,0.0,0,-25.3,-16.09,[],0,0,[],[]
28786010,28787000,NA,NOF,0.0,772,XM,NA,NA,NA,NA,0.0,0,-37.8,-26.12,[],0,0,[],[]
28787000,28788200,OCH,CXN,0.0,772,XM,RC,0,NT,FH,0.0,0,-36.81,-28.15,[],0,0,[],[]
28788200,28789110,NA,NON,0.0,772,XM,NA,NA,NA,NA,0.0,0,-39.02,-28.68,[],0,0,[],[]
28789110,28789710,OCH,CXN,0.0,772,XM,RC,0,NT,FH,0.0,0,-21.43,-10.37,[],0,0,[],[]
28789710,28791020,OCH,CXN,0.0,772,XM,EC,0,NT,FH,0.0,0,-28.57,-22.09,[],0,0,[],[]
28791020,28792400,NA,FAF,0.0,773,pause,NA,NA,NA,NA,0.0,0,-38.59,-26.18,[],0,0,[],[]
28792400,28793400,NA,TVN,0.0,773,pause,NA,NA,NA,NA,0.0,0,-44.98,-38.7,[],0,0,[],[]
28793400,28795580,NA,NOF,0.0,773,pause,NA,NA,NA,NA,0.0,0,-40.71,-24.59,[],0,0,[],[]
28795580,28796580,NA,FAF,0.0,773,pause,NA,NA,NA,NA,0.0,0,-39.09,-23.93,[],0,0,[],[]
28796580,28800000,NA,NOF,0.0,773,pause,NA,NA,NA,NA,0.0,0,-43.46,-28.76,[],0,0,[],[]
28800000,28800800,NA,CXF,0.0,773,pause,NA,NA,NA,NA,0.0,0,-38.52,-32.23,[],0,0,[],[]
28800800,28802160,NA,OLF,0.0,773,pause,NA,NA,NA,NA,0.0,0,-37.76,-28.3,[],0,0,[],[]
28802160,28803590,FEM,FAN,6.7,773,AMF,EC,0,NT,FI,0.0,0,-40.5,-31.34,[],0,0,[],[]
28803590,28804520,NA,MAF,0.0,774,pause,NA,NA,NA,NA,0.0,0,-26.98,-13.35,[],0,0,[],[]
28804520,28805460,NA,OLF,0.0,774,pause,NA,NA,NA,NA,0.0,0,-35.91,-21.63,[],0,0,[],[]
28805460,28806550,NA,NOF,0.0,774,pause,NA,NA,NA,NA,0.0,0,-41.71,-26.63,[],0,0,[],[]
28806550,28807790,NA,SIL,0.0,774,pause,NA,NA,NA,NA,0.0,0,-48.19,-39.7,[],0,0,[],[]
28807790,28808860,NA,TVF,0.0,774,pause,NA,NA,NA,NA,0.0,0,-44.74,-31.44,[],0,0,[],[]
28808860,28809680,NA,TVF,0.0,774,pause,NA,NA,NA,NA,0.0,0,-42.65,-37.03,[],0,0,[],[]
28809680,28816220,NA,NOF,0.0,774,pause,NA,NA,NA,NA,0.0,0,-14.24,-1.79,[],0,0,[],[]
28816220,28817470,NA,OLF,0.0,774,pause,NA,NA,NA,NA,0.0,0,-16.64,-3.55,[],0,0,[],[]
28817470,28818550,NA,NOF,0.0,774,pause,NA,NA,NA,NA,0.0,0,-11.65,-3.36,[],0,0,[],[]
28818550,28819500,NA,OLN,0.0,774,pause,NA,NA,NA,NA,0.0,0,-20.92,-5.78,[],0,0,[],[]
28819500,28820340,NA,NOF,0.0,774,pause,NA,NA,NA,NA,0.0,0,-19.57,-5.07,[],0,0,[],[]
28820340,28822330,NA,OLN,0.0,774,pause,NA,NA,NA,NA,0.0,0,-26.39,-14.15,[],0,0,[],[]
28822330,28824640,NA,NOF,0.0,774,pause,NA,NA,NA,NA,0.0,0,-33.22,-17.97,[],0,0,[],[]
28824640,28825640,NA,TVF,0.0,774,pause,NA,NA,NA,NA,0.0,0,-40.39,-25.6,[],0,0,[],[]
28825640,28827900,NA,NOF,0.0,774,pause,NA,NA,NA,NA,0.0,0,-36.46,-19.03,[],0,0,[],[]
28827900,28828700,NA,OLF,0.0,774,pause,NA,NA,NA,NA,0.0,0,-21.27,-8.27,[],0,0,[],[]
28828700,28832240,NA,NOF,0.0,774,pause,NA,NA,NA,NA,0.0,0,-21.23,-2.57,[],0,0,[],[]
28832240,28837500,NA,OLF,0.0,774,pause,NA,NA,NA,NA,0.0,0,-20.11,-0.73,[],0,0,[],[]
28837500,28838360,NA,NOF,0.0,774,pause,NA,NA,NA,NA,0.0,0,-32.96,-18.79,[],0,0,[],[]
28838360,28839320,NA,OLF,0.0,774,pause,NA,NA,NA,NA,0.0,0,-22.78,-7.54,[],0,0,[],[]
28839320,28840620,NA,NOF,0.0,774,pause,NA,NA,NA,NA,0.0,0,-44.87,-32.13,[],0,0,[],[]
28840620,28841640,NA,OLF,0.0,774,pause,NA,NA,NA,NA,0.0,0,-20.21,-7.32,[],0,0,[],[]
28841640,28842450,NA,NOF,0.0,774,pause,NA,NA,NA,NA,0.0,0,-23.07,-8.75,[],0,0,[],[]
28842450,28843640,NA,OLF,0.0,774,pause,NA,NA,NA,NA,0.0,0,-17.52,-0.2,[],0,0,[],[]
28843640,28846690,NA,NOF,0.0,774,pause,NA,NA,NA,NA,0.0,0,-24.76,-6.98,[],0,0,[],[]
28846690,28848930,NA,OLF,0.0,774,pause,NA,NA,NA,NA,0.0,0,-28.73,-6.56,[],0,0,[],[]
28848930,28849820,NA,SIL,0.0,774,pause,NA,NA,NA,NA,0.0,0,-48.37,-31.63,[],0,0,[],[]
28849820,28854230,NA,NOF,0.0,774,pause,NA,NA,NA,NA,0.0,0,-34.52,-15.82,[],0,0,[],[]
28854230,28855560,NA,CXF,0.0,774,pause,NA,NA,NA,NA,0.0,0,-46.12,-39.4,[],0,0,[],[]
28855560,28856900,NA,SIL,0.0,774,pause,NA,NA,NA,NA,0.0,0,-50.72,-45.36,[],0,0,[],[]
28856900,28858020,NA,TVF,0.0,774,pause,NA,NA,NA,NA,0.0,0,-46.52,-39.92,[],0,0,[],[]
28858020,28859030,NA,SIL,0.0,774,pause,NA,NA,NA,NA,0.0,0,-50.43,-41.31,[],0,0,[],[]
28859030,28860840,NA,TVF,0.0,774,pause,NA,NA,NA,NA,0.0,0,-49.47,-42.83,[],0,0,[],[]
28860840,28861680,NA,SIL,0.0,774,pause,NA,NA,NA,NA,0.0,0,-53.84,-48.03,[],0,0,[],[]
28861680,28863360,NA,TVN,0.0,774,pause,NA,NA,NA,NA,0.0,0,-47.48,-38.26,[],0,0,[],[]
28863360,28864280,NA,TVF,0.0,774,pause,NA,NA,NA,NA,0.0,0,-47.79,-37.17,[],0,0,[],[]
28864280,28865640,NA,SIL,0.0,774,pause,NA,NA,NA,NA,0.0,0,-48.03,-36.46,[],0,0,[],[]
28865640,28867100,NA,TVF,0.0,774,pause,NA,NA,NA,NA,0.0,0,-54.41,-49.05,[],0,0,[],[]
28867100,28868120,NA,SIL,0.0,774,pause,NA,NA,NA,NA,0.0,0,-56.63,-49.02,[],0,0,[],[]
28868120,28869280,NA,NOF,0.0,774,pause,NA,NA,NA,NA,0.0,0,-32.93,-21.03,[],0,0,[],[]
28869280,28871340,NA,SIL,0.0,774,pause,NA,NA,NA,NA,0.0,0,-57.3,-49.48,[],0,0,[],[]
28871340,28872550,NA,TVF,0.0,774,pause,NA,NA,NA,NA,0.0,0,-53.2,-49.73,[],0,0,[],[]
28872550,28874630,NA,SIL,0.0,774,pause,NA,NA,NA,NA,0.0,0,-56.07,-42.64,[],0,0,[],[]
28874630,28875970,NA,TVF,0.0,774,pause,NA,NA,NA,NA,0.0,0,-50.07,-38.59,[],0,0,[],[]
28875970,28876990,NA,TVN,0.0,774,pause,NA,NA,NA,NA,0.0,0,-39.48,-29.37,[],0,0,[],[]
28876990,28877990,NA,TVF,0.0,774,pause,NA,NA,NA,NA,0.0,0,-50.85,-46.95,[],0,0,[],[]
28877990,28878790,NA,OLF,0.0,774,pause,NA,NA,NA,NA,0.0,0,-35.42,-27.31,[],0,0,[],[]
28878790,28879630,NA,SIL,0.0,774,pause,NA,NA,NA,NA,0.0,0,-55.67,-51.55,[],0,0,[],[]
28879630,28881050,NA,TVF,0.0,774,pause,NA,NA,NA,NA,0.0,0,-45.83,-40.76,[],0,0,[],[]
28881050,28882130,NA,TVN,0.0,774,pause,NA,NA,NA,NA,0.0,0,-44.99,-42.25,[],0,0,[],[]
28882130,28884180,NA,FAF,0.0,774,pause,NA,NA,NA,NA,0.0,0,-45.67,-35.71,[],0,0,[],[]
28884180,28886240,NA,NOF,0.0,774,pause,NA,NA,NA,NA,0.0,0,-40.7,-29.93,[],0,0,[],[]
28886240,28886840,CHI,CHN,0.0,774,CIOCAX,BC,0,NT,FI,1.0,220,-22.19,-11.78,"[{'Canonical-syllable': '1', 'Growl': '0', 'High-freq-energy': '0', 'Long-island': '0', 'Low-tilt-spectrum': '0', 'Medium-island': '0', 'Short-island': '1', 'Squeal': '0', 'Typical-entropy': '1', 'Voicing-quality': '1', 'Wide-band': '0', 'Xlong-island': '0', 'seq': '1', 'end': 28886.46, 'start': 28886.24}]",0,0,[],[]
28886840,28887640,OCH,CXN,0.0,774,CIOCAX,RC,0,NT,FI,0.0,0,-15.3,-10.65,[],0,0,[],[]
28887640,28888280,CHI,CHN,0.0,774,CIOCAX,RC,0,NT,FI,1.0,500,-17.38,-12.54,"[{'Canonical-syllable': '0', 'Growl': '0', 'High-freq-energy': '0', 'Long-island': '0', 'Low-tilt-spectrum': '0', 'Medium-island': '1', 'Short-island': '0', 'Squeal': '0', 'Typical-entropy': '1', 'Voicing-quality': '1', 'Wide-band': '0', 'Xlong-island': '0', 'seq': '1', 'end': 28888.14, 'start': 28887.64}]",0,0,[],[]
28888280,28889080,NA,OLF,0.0,774,CIOCAX,NA,NA,NA,NA,0.0,0,-42.44,-36.29,[],0,0,[],[]
28889080,28891110,CHI,CHN,0.0,774,CIOCAX,RC,0,NT,FH,2.0,1510,-21.78,-11.53,"[{'Canonical-syllable': '0', 'Growl': '1', 'High-freq-energy': '0', 'Long-island': '0', 'Low-tilt-spectrum': '0', 'Medium-island': '1', 'Short-island': '3', 'Squeal': '0', 'Typical-entropy': '1', 'Voicing-quality': '4', 'Wide-band': '0', 'Xlong-island': '0', 'seq': '1', 'end': 28890.42, 'start': 28889.08}, {'Canonical-syllable': '0', 'Growl': '0', 'High-freq-energy': '0', 'Long-island': '0', 'Low-tilt-spectrum': '0', 'Medium-island': '0', 'Short-island': '1', 'Squeal': '0', 'Typical-entropy': '0', 'Voicing-quality': '1', 'Wide-band': '0', 'Xlong-island': '0', 'seq': '2', 'end': 28891.11, 'start': 28890.94}]",0,0,[],[]
28891110,28892260,OCH,CXN,0.0,774,CIOCAX,RC,0,NT,FI,0.0,0,-22.19,-14.27,[],0,0,[],[]
28892260,28893260,OCH,CXN,0.0,774,CIOCAX,RC,0,NT,FH,0.0,0,-30.06,-21.43,[],0,0,[],[]
28893260,28894060,NA,NOF,0.0,774,CIOCAX,NA,NA,NA,NA,0.0,0,-38.36,-28.41,[],0,0,[],[]
28894060,28895230,OCH,CXN,0.0,774,CIOCAX,RC,0,NT,FH,0.0,0,-21.43,-13.97,[],0,0,[],[]
28895230,28896040,OCH,CXN,0.0,774,CIOCAX,RC,0,NT,FH,0.0,0,-20.69,-13.74,[],0,0,[],[]
28896040,28896850,OCH,CXN,0.0,774,CIOCAX,RC,0,NT,FH,0.0,0,-21.09,-12.26,[],0,0,[],[]
28896850,28897910,OCH,CXN,0.0,774,CIOCAX,RC,0,NT,FH,0.0,0,-30.68,-20.76,[],0,0,[],[]
28897910,28898880,NA,NOF,0.0,774,CIOCAX,NA,NA,NA,NA,0.0,0,-37.59,-25.22,[],0,0,[],[]
28898880,28900340,FEM,FAN,6.1,774,CIOCAX,RC,0,NT,FI,0.0,0,-34.04,-23.79,[],0,0,[],[]
28900340,28901270,NA,OLN,0.0,774,CIOCAX,NA,NA,NA,NA,0.0,0,-36.93,-26.35,[],0,0,[],[]
28901270,28903350,FEM,FAN,10.94,774,CIOCAX,RC,0,NT,FH,0.0,0,-35.8,-28.44,[],0,0,[],[]
28903350,28904190,NA,NOF,0.0,774,CIOCAX,NA,NA,NA,NA,0.0,0,-41.74,-28.34,[],0,0,[],[]
28904190,28905380,OCH,CXN,0.0,774,CIOCAX,RC,0,NT,FI,0.0,0,-28.79,-20.34,[],0,0,[],[]
28905380,28906070,OCH,CXN,0.0,774,CIOCAX,RC,0,NT,FH,0.0,0,-31.82,-21.15,[],0,0,[],[]
28906070,28907640,OCH,CXN,0.0,774,CIOCAX,RC,0,NT,FH,0.0,0,-29.99,-22.76,[],0,0,[],[]
28907640,28908480,NA,NOF,0.0,774,CIOCAX,NA,NA,NA,NA,0.0,0,-48.72,-39.89,[],0,0,[],[]
28908480,28909150,OCH,CXN,0.0,774,CIOCAX,EC,0,NT,FH,0.0,0,-26.13,-22.87,[],0,0,[],[]
28909150,28909950,NA,NOF,0.0,775,pause,NA,NA,NA,NA,0.0,0,-41.93,-32.56,[],0,0,[],[]
28909950,28910990,NA,OLN,0.0,775,pause,NA,NA,NA,NA,0.0,0,-32.6,-24.81,[],0,0,[],[]
28910990,28911790,NA,NOF,0.0,775,pause,NA,NA,NA,NA,0.0,0,-44.61,-34.77,[],0,0,[],[]
28911790,28912590,NA,SIL,0.0,775,pause,NA,NA,NA,NA,0.0,0,-50.73,-39.78,[],0,0,[],[]
28912590,28913470,NA,OLF,0.0,775,pause,NA,NA,NA,NA,0.0,0,-27.19,-14.7,[],0,0,[],[]
28913470,28914520,NA,NOF,0.0,775,pause,NA,NA,NA,NA,0.0,0,-44.92,-31.12,[],0,0,[],[]
28914520,28915320,NA,OLN,0.0,775,pause,NA,NA,NA,NA,0.0,0,-25.17,-15.68,[],0,0,[],[]
28915320,28916350,MAL,MAN,5.92,775,AMM,EC,0,NT,FI,0.0,0,-28.68,-21.38,[],0,0,[],[]
28916350,28920260,NA,NON,0.0,776,pause,NA,NA,NA,NA,0.0,0,-36.0,-20.15,[],0,0,[],[]
28920260,28921060,NA,SIL,0.0,776,pause,NA,NA,NA,NA,0.0,0,-55.55,-47.71,[],0,0,[],[]
28921060,28923310,NA,NOF,0.0,776,pause,NA,NA,NA,NA,0.0,0,-49.56,-39.58,[],0,0,[],[]
28923310,28924110,OCH,CXN,0.0,776,XIOCC,BC,0,NT,FI,0.0,0,-27.61,-19.78,[],0,0,[],[]
28924110,28925050,NA,NOF,0.0,776,XIOCC,NA,NA,NA,NA,0.0,0,-46.79,-34.58,[],0,0,[],[]
28925050,28926460,NA,SIL,0.0,776,XIOCC,NA,NA,NA,NA,0.0,0,-55.65,-46.38,[],0,0,[],[]
28926460,28927460,NA,NOF,0.0,776,XIOCC,NA,NA,NA,NA,0.0,0,-47.65,-37.97,[],0,0,[],[]
28927460,28928060,CHI,CHN,0.0,776,XIOCC,RC,0,NT,FI,1.0,600,-21.94,-12.44,"[{'Canonical-syllable': '1', 'Growl': '0', 'High-freq-energy': '0', 'Long-island': '0', 'Low-tilt-spectrum': '0', 'Medium-island': '0', 'Short-island': '1', 'Squeal': '0', 'Typical-entropy': '1', 'Voicing-quality': '1', 'Wide-band': '0', 'Xlong-island': '0', 'seq': '1', 'end': 28928.06, 'start': 28927.46}]",0,0,[],[]
28928060,28929060,OCH,CXN,0.0,776,XIOCC,EC,0,NT,FI,0.0,0,-29.02,-18.54,[],0,0,[],[]
28929060,28929910,NA,OLF,0.0,777,pause,NA,NA,NA,NA,0.0,0,-32.32,-26.1,[],0,0,[],[]
28929910,28936070,NA,NON,0.0,777,pause,NA,NA,NA,NA,0.0,0,-34.51,-19.54,[],0,0,[],[]
28936070,28936670,NA,OLN,0.0,777,pause,NA,NA,NA,NA,0.0,0,-26.31,-18.09,[],0,0,[],[]
28936670,28938130,NA,NOF,0.0,777,pause,NA,NA,NA,NA,0.0,0,-46.87,-36.04,[],0,0,[],[]
28938130,28939170,NA,OLN,0.0,777,pause,NA,NA,NA,NA,0.0,0,-23.94,-13.3,[],0,0,[],[]
28939170,28939970,NA,CXF,0.0,777,pause,NA,NA,NA,NA,0.0,0,-47.84,-36.05,[],0,0,[],[]
28939970,28942220,FEM,FAN,9.56,777,AIOCF,BC,0,NT,FI,0.0,0,-25.3,-12.53,[],0,0,[],[]
28942220,28943160,OCH,CXN,0.0,777,AIOCF,RC,0,NT,FI,0.0,0,-26.29,-19.34,[],0,0,[],[]
28943160,28943790,OCH,CXN,0.0,777,AIOCF,RC,0,NT,FH,0.0,0,-27.74,-22.8,[],0,0,[],[]
28943790,28945250,OCH,CXN,0.0,777,AIOCF,RC,0,NT,FH,0.0,0,-27.47,-17.48,[],0,0,[],[]
28945250,28946250,NA,MAF,0.0,777,AIOCF,NA,NA,NA,NA,0.0,0,-40.15,-31.06,[],0,0,[],[]
28946250,28948550,NA,NOF,0.0,777,AIOCF,NA,NA,NA,NA,0.0,0,-49.92,-37.62,[],0,0,[],[]
28948550,28951770,FEM,FAN,12.09,777,AIOCF,RC,0,NT,FI,0.0,0,-27.63,-18.85,[],0,0,[],[]
28951770,28952640,OCH,CXN,0.0,777,AIOCF,RC,0,NT,FI,0.0,0,-25.62,-17.99,[],0,0,[],[]
28952640,28953670,FEM,FAN,2.13,777,AIOCF,RC,0,NT,FI,0.0,0,-32.23,-22.08,[],0,0,[],[]
28953670,28956150,NA,OLN,0.0,777,AIOCF,NA,NA,NA,NA,0.0,0,-23.73,-14.17,[],0,0,[],[]
28956150,28957150,OCH,CXN,0.0,777,AIOCF,EC,0,NT,FI,0.0,0,-24.31,-18.86,[],0,0,[],[]
28957150,28965250,NA,OLN,0.0,778,pause,NA,NA,NA,NA,0.0,0,-26.86,-16.98,[],0,0,[],[]
28965250,28966050,OCH,CXN,0.0,778,XIOCC,BC,0,NT,FI,0.0,0,-21.14,-16.15,[],0,0,[],[]
28966050,28969400,NA,OLN,0.0,778,XIOCC,NA,NA,NA,NA,0.0,0,-27.8,-18.58,[],0,0,[],[]
28969400,28970400,OCH,CXN,0.0,778,XIOCC,RC,0,NT,FH,0.0,0,-18.7,-12.25,[],0,0,[],[]
28970400,28972190,NA,OLN,0.0,778,XIOCC,NA,NA,NA,NA,0.0,0,-33.85,-27.8,[],0,0,[],[]
28972190,28973320,CHI,CHN,0.0,778,XIOCC,EC,0,NT,FI,1.0,1130,-17.86,-10.3,"[{'Canonical-syllable': '1', 'Growl': '0', 'High-freq-energy': '0', 'Long-island': '0', 'Low-tilt-spectrum': '1', 'Medium-island': '2', 'Short-island': '1', 'Squeal': '0', 'Typical-entropy': '3', 'Voicing-quality': '3', 'Wide-band': '0', 'Xlong-island': '0', 'seq': '1', 'end': 28973.32, 'start': 28972.19}]",0,0,[],[]
28973320,29001150,NA,OLN,0.0,779,pause,NA,NA,NA,NA,0.0,0,-28.25,-12.81,[],0,0,[],[]
29001150,29002070,OCH,CXN,0.0,779,XM,BC,0,NT,FI,0.0,0,-23.42,-18.47,[],0,0,[],[]
29002070,29003460,NA,OLN,0.0,779,XM,NA,NA,NA,NA,0.0,0,-22.54,-14.17,[],0,0,[],[]
29003460,29004290,OCH,CXN,0.0,779,XM,EC,0,NT,FH,0.0,0,-21.96,-16.29,[],0,0,[],[]
29004290,29020160,NA,OLN,0.0,780,pause,NA,NA,NA,NA,0.0,0,-24.64,-10.35,[],0,0,[],[]
29020160,29021090,CHI,CHN,0.0,780,pause,NA,NA,NA,NA,0.0,0,-15.42,-11.99,[],0,930,"[{'start': 29020.16, 'end': 29021.09}]",[]
29021090,29028580,NA,OLN,0.0,780,pause,NA,NA,NA,NA,0.0,0,-26.4,-8.44,[],0,0,[],[]
29028580,29029180,OCH,CXN,0.0,780,XM,BC,0,NT,FI,0.0,0,-21.79,-14.43,[],0,0,[],[]
29029180,29029980,OCH,CXN,0.0,780,XM,EC,0,NT,FH,0.0,0,-24.44,-19.57,[],0,0,[],[]
29029980,29034250,NA,OLN,0.0,781,pause,NA,NA,NA,NA,0.0,0,-28.38,-14.36,[],0,0,[],[]
29034250,29035050,NA,OLF,0.0,781,pause,NA,NA,NA,NA,0.0,0,-33.12,-20.85,[],0,0,[],[]
29035050,29037030,NA,OLN,0.0,781,pause,NA,NA,NA,NA,0.0,0,-29.84,-21.44,[],0,0,[],[]
29037030,29038170,FEM,FAN,5.08,781,AICF,BC,0,NT,FI,0.0,0,-34.64,-28.93,[],0,0,[],[]
29038170,29039770,NA,OLN,0.0,781,AICF,NA,NA,NA,NA,0.0,0,-31.06,-20.64,[],0,0,[],[]
29039770,29040850,OCH,CXN,0.0,781,AICF,RC,0,NT,FI,0.0,0,-19.75,-12.6,[],0,0,[],[]
29040850,29041740,NA,OLN,0.0,781,AICF,NA,NA,NA,NA,0.0,0,-20.81,-10.51,[],0,0,[],[]
29041740,29042850,OCH,CXN,0.0,781,AICF,RC,0,NT,FH,0.0,0,-17.45,-9.21,[],0,0,[],[]
29042850,29043450,CHI,CHN,0.0,781,AICF,RC,0,TIFI,FI,1.0,280,-27.58,-20.85,"[{'Canonical-syllable': '0', 'Growl': '0', 'High-freq-energy': '0', 'Long-island': '0', 'Low-tilt-spectrum': '1', 'Medium-island': '1', 'Short-island': '0', 'Squeal': '0', 'Typical-entropy': '1', 'Voicing-quality': '1', 'Wide-band': '0', 'Xlong-island': '0', 'seq': '1', 'end': 29043.13, 'start': 29042.85}]",0,0,[],[]
29043450,29046140,FEM,FAN,10.3,781,AICF,RC,1,TIFR,FI,0.0,0,-36.28,-26.97,[],0,0,[],[]
29046140,29047810,NA,NOF,0.0,781,AICF,NA,NA,NA,NA,0.0,0,-32.92,-15.37,[],0,0,[],[]
29047810,29048650,NA,OLN,0.0,781,AICF,NA,NA,NA,NA,0.0,0,-31.12,-20.99,[],0,0,[],[]
29048650,29049700,OCH,CXN,0.0,781,AICF,RC,1,NT,FI,0.0,0,-18.7,-9.69,[],0,0,[],[]
29049700,29050700,CHI,CHN,0.0,781,AICF,RC,1,NT,FI,1.0,1000,-19.04,-9.68,"[{'Canonical-syllable': '0', 'Growl': '0', 'High-freq-energy': '1', 'Long-island': '0', 'Low-tilt-spectrum': '1', 'Medium-island': '2', 'Short-island': '0', 'Squeal': '0', 'Typical-entropy': '1', 'Voicing-quality': '3', 'Wide-band': '0', 'Xlong-island': '0', 'seq': '1', 'end': 29050.7, 'start': 29049.7}]",0,0,[],[]
29050700,29051640,NA,OLN,0.0,781,AICF,NA,NA,NA,NA,0.0,0,-19.85,-10.32,[],0,0,[],[]
29051640,29052770,CHI,CHN,0.0,781,AICF,RC,1,NT,FH,1.0,1130,-18.56,-10.87,"[{'Canonical-syllable': '1', 'Growl': '0', 'High-freq-energy': '0', 'Long-island': '1', 'Low-tilt-spectrum': '0', 'Medium-island': '0', 'Short-island': '1', 'Squeal': '0', 'Typical-entropy': '0', 'Voicing-quality': '2', 'Wide-band': '0', 'Xlong-island': '0', 'seq': '1', 'end': 29052.77, 'start': 29051.64}]",0,0,[],[]
29052770,29053740,NA,TVN,0.0,781,AICF,NA,NA,NA,NA,0.0,0,-29.93,-19.73,[],0,0,[],[]
29053740,29054420,CHI,CHN,0.0,781,AICF,RC,1,NT,FH,1.0,680,-17.25,-11.69,"[{'Canonical-syllable': '0', 'Growl': '0', 'High-freq-energy': '0', 'Long-island': '1', 'Low-tilt-spectrum': '0', 'Medium-island': '0', 'Short-island': '0', 'Squeal': '0', 'Typical-entropy': '0', 'Voicing-quality': '1', 'Wide-band': '0', 'Xlong-island': '0', 'seq': '1', 'end': 29054.42, 'start': 29053.74}]",0,0,[],[]
29054420,29055680,OCH,CXN,0.0,781,AICF,RC,1,NT,FI,0.0,0,-26.51,-18.46,[],0,0,[],[]
29055680,29056480,NA,OLF,0.0,781,AICF,NA,NA,NA,NA,0.0,0,-38.99,-25.17,[],0,0,[],[]
29056480,29057490,OCH,CXN,0.0,781,AICF,RC,1,NT,FH,0.0,0,-21.58,-14.13,[],0,0,[],[]
29057490,29058680,OCH,CXN,0.0,781,AICF,RC,1,NT,FH,0.0,0,-26.5,-18.78,[],0,0,[],[]
29058680,29060550,FEM,FAN,8.07,781,AICF,RC,1,TIFI,FI,0.0,0,-37.42,-28.25,[],0,0,[],[]
29060550,29061150,CHI,CHN,0.0,781,AICF,RC,2,TIFR,FI,1.0,600,-17.6,-13.0,"[{'Canonical-syllable': '0', 'Growl': '0', 'High-freq-energy': '0', 'Long-island': '0', 'Low-tilt-spectrum': '0', 'Medium-island': '1', 'Short-island': '0', 'Squeal': '0', 'Typical-entropy': '1', 'Voicing-quality': '1', 'Wide-band': '0', 'Xlong-island': '0', 'seq': '1', 'end': 29061.15, 'start': 29060.55}]",0,0,[],[]
29061150,29062870,OCH,CXN,0.0,781,AICF,RC,2,NT,FI,0.0,0,-23.03,-14.59,[],0,0,[],[]
29062870,29063670,OCH,CXN,0.0,781,AICF,RC,2,NT,FH,0.0,0,-31.79,-24.22,[],0,0,[],[]
29063670,29065570,FEM,FAN,9.84,781,AICF,RC,2,TIFI,FI,0.0,0,-25.47,-11.95,[],0,0,[],[]
29065570,29066170,CHI,CHN,0.0,781,AICF,RC,3,TIFR,FI,1.0,600,-18.67,-15.17,"[{'Canonical-syllable': '0', 'Growl': '1', 'High-freq-energy': '0', 'Long-island': '0', 'Low-tilt-spectrum': '0', 'Medium-island': '1', 'Short-island': '0', 'Squeal': '0', 'Typical-entropy': '2', 'Voicing-quality': '2', 'Wide-band': '0', 'Xlong-island': '0', 'seq': '1', 'end': 29066.17, 'start': 29065.57}]",0,0,[],[]
29066170,29068220,NA,OLF,0.0,781,AICF,NA,NA,NA,NA,0.0,0,-34.44,-22.22,[],0,0,[],[]
29068220,29069020,FEM,FAN,1.57,781,AICF,RC,3,TIFE,FI,0.0,0,-35.65,-22.31,[],0,0,[],[]
29069020,29070460,NA,OLF,0.0,781,AICF,NA,NA,NA,NA,0.0,0,-22.35,-6.64,[],0,0,[],[]
29070460,29071580,OCH,CXN,0.0,781,AICF,RC,3,NT,FI,0.0,0,-23.15,-15.95,[],0,0,[],[]
29071580,29073080,NA,OLF,0.0,781,AICF,NA,NA,NA,NA,0.0,0,-38.43,-27.31,[],0,0,[],[]
29073080,29074690,NA,TVF,0.0,781,AICF,NA,NA,NA,NA,0.0,0,-44.21,-29.97,[],0,0,[],[]
29074690,29075290,CHI,CHN,0.0,781,AICF,RC,3,NT,FI,1.0,600,-22.79,-18.15,"[{'Canonical-syllable': '0', 'Growl': '0', 'High-freq-energy': '0', 'Long-island': '0', 'Low-tilt-spectrum': '0', 'Medium-island': '1', 'Short-island': '0', 'Squeal': '0', 'Typical-entropy': '0', 'Voicing-quality': '1', 'Wide-band': '0', 'Xlong-island': '0', 'seq': '1', 'end': 29075.29, 'start': 29074.69}]",0,0,[],[]
29075290,29076180,OCH,CXN,0.0,781,AICF,RC,3,NT,FI,0.0,0,-33.76,-26.36,[],0,0,[],[]
29076180,29077180,NA,TVN,0.0,781,AICF,NA,NA,NA,NA,0.0,0,-42.95,-38.55,[],0,0,[],[]
29077180,29078850,NA,OLN,0.0,781,AICF,NA,NA,NA,NA,0.0,0,-20.17,-6.27,[],0,0,[],[]
29078850,29079850,CHI,CHN,0.0,781,AICF,RC,3,NT,FI,1.0,1000,-16.78,-7.79,"[{'Canonical-syllable': '0', 'Growl': '0', 'High-freq-energy': '0', 'Long-island': '0', 'Low-tilt-spectrum': '0', 'Medium-island': '2', 'Short-island': '0', 'Squeal': '0', 'Typical-entropy': '0', 'Voicing-quality': '2', 'Wide-band': '0', 'Xlong-island': '0', 'seq': '1', 'end': 29079.85, 'start': 29078.85}]",0,0,[],[]
29079850,29082120,OCH,CXN,0.0,781,AICF,RC,3,NT,FI,0.0,0,-30.02,-16.34,[],0,0,[],[]
29082120,29083120,CHI,CHN,0.0,781,AICF,RC,3,NT,FI,1.0,400,-23.18,-12.89,"[{'Canonical-syllable': '1', 'Growl': '0', 'High-freq-energy': '0', 'Long-island': '0', 'Low-tilt-spectrum': '0', 'Medium-island': '1', 'Short-island': '0', 'Squeal': '0', 'Typical-entropy': '1', 'Voicing-quality': '1', 'Wide-band': '0', 'Xlong-island': '0', 'seq': '1', 'end': 29082.99, 'start': 29082.59}]",0,0,[],[]
29083120,29083960,NA,NOF,0.0,781,AICF,NA,NA,NA,NA,0.0,0,-43.7,-37.48,[],0,0,[],[]
29083960,29085110,CHI,CHN,0.0,781,AICF,RC,3,NT,FH,1.0,1150,-18.88,-9.43,"[{'Canonical-syllable': '0', 'Growl': '0', 'High-freq-energy': '0', 'Long-island': '0', 'Low-tilt-spectrum': '0', 'Medium-island': '2', 'Short-island': '0', 'Squeal': '0', 'Typical-entropy': '0', 'Voicing-quality': '2', 'Wide-band': '0', 'Xlong-island': '0', 'seq': '1', 'end': 29085.11, 'start': 29083.96}]",0,0,[],[]
29085110,29088160,OCH,CXN,0.0,781,AICF,RC,3,NT,FI,0.0,0,-24.92,-9.28,[],0,0,[],[]
29088160,29089080,NA,OLF,0.0,781,AICF,NA,NA,NA,NA,0.0,0,-39.24,-31.38,[],0,0,[],[]
29089080,29090100,CHI,CHN,0.0,781,AICF,RC,3,NT,FI,2.0,650,-29.92,-21.01,"[{'Canonical-syllable': '0', 'Growl': '0', 'High-freq-energy': '0', 'Long-island': '0', 'Low-tilt-spectrum': '0', 'Medium-island': '1', 'Short-island': '0', 'Squeal': '0', 'Typical-entropy': '0', 'Voicing-quality': '1', 'Wide-band': '0', 'Xlong-island': '0', 'seq': '1', 'end': 29089.42, 'start': 29089.08}, {'Canonical-syllable': '0', 'Growl': '1', 'High-freq-energy': '0', 'Long-island': '0', 'Low-tilt-spectrum': '0', 'Medium-island': '0', 'Short-island': '0', 'Squeal': '0', 'Typical-entropy': '0', 'Voicing-quality': '1', 'Wide-band': '0', 'Xlong-island': '0', 'seq': '2', 'end': 29090.1, 'start': 29089.79}]",0,0,[],[]
29090100,29091580,OCH,CXN,0.0,781,AICF,RC,3,NT,FI,0.0,0,-23.26,-16.53,[],0,0,[],[]
29091580,29092420,OCH,CXN,0.0,781,AICF,RC,3,NT,FH,0.0,0,-23.85,-12.33,[],0,0,[],[]
29092420,29094780,OCH,CXN,0.0,781,AICF,RC,3,NT,FH,0.0,0,-24.13,-13.36,[],0,0,[],[]
29094780,29095660,NA,NOF,0.0,781,AICF,NA,NA,NA,NA,0.0,0,-43.33,-37.9,[],0,0,[],[]
29095660,29096900,CHI,CHN,0.0,781,AICF,RC,3,NT,FI,1.0,390,-18.87,-10.57,"[{'Canonical-syllable': '1', 'Growl': '0', 'High-freq-energy': '0', 'Long-island': '0', 'Low-tilt-spectrum': '0', 'Medium-island': '1', 'Short-island': '0', 'Squeal': '0', 'Typical-entropy': '1', 'Voicing-quality': '1', 'Wide-band': '0', 'Xlong-island': '0', 'seq': '1', 'end': 29096.9, 'start': 29096.51}]",0,0,[],[]
29096900,29098190,CHI,CHN,0.0,781,AICF,RC,3,TIFI,FH,1.0,1050,-19.53,-10.45,"[{'Canonical-syllable': '0', 'Growl': '0', 'High-freq-energy': '0', 'Long-island': '0', 'Low-tilt-spectrum': '1', 'Medium-island': '1', 'Short-island': '1', 'Squeal': '0', 'Typical-entropy': '1', 'Voicing-quality': '3', 'Wide-band': '0', 'Xlong-island': '0', 'seq': '1', 'end': 29097.95, 'start': 29096.9}]",0,0,[],[]
29098190,29099550,FEM,FAN,1.72,781,AICF,RC,4,TIFR,FI,0.0,0,-33.3,-21.63,[],0,0,[],[]
29099550,29100350,NA,OLF,0.0,781,AICF,NA,NA,NA,NA,0.0,0,-34.59,-25.35,[],0,0,[],[]
29100350,29101390,NA,NOF,0.0,781,AICF,NA,NA,NA,NA,0.0,0,-20.88,-7.11,[],0,0,[],[]
29101390,29102220,CHI,CHN,0.0,781,AICF,RC,4,TIFE,FI,2.0,430,-22.01,-12.76,"[{'Canonical-syllable': '2', 'Growl': '0', 'High-freq-energy': '0', 'Long-island': '0', 'Low-tilt-spectrum': '1', 'Medium-island': '0', 'Short-island': '2', 'Squeal': '0', 'Typical-entropy': '0', 'Voicing-quality': '2', 'Wide-band': '0', 'Xlong-island': '0', 'seq': '1', 'end': 29101.73, 'start': 29101.39}, {'Canonical-syllable': '0', 'Growl': '0', 'High-freq-energy': '0', 'Long-island': '0', 'Low-tilt-spectrum': '0', 'Medium-island': '0', 'Short-island': '0', 'Squeal': '0', 'Typical-entropy': '0', 'Voicing-quality': '0', 'Wide-band': '0', 'Xlong-island': '0', 'seq': '2', 'end': 29102.22, 'start': 29102.13}]",0,0,[],[]
29102220,29103240,FEM,FAN,0.0,781,AICF,NA,NA,NA,NA,0.0,0,-26.02,-15.75,[],1020,0,[],[]
29103240,29104190,NA,OLN,0.0,781,AICF,NA,NA,NA,NA,0.0,0,-25.84,-14.6,[],0,0,[],[]
29104190,29105350,CHI,CHN,0.0,781,AICF,RC,4,TIFI,FH,1.0,1160,-22.01,-14.77,"[{'Canonical-syllable': '1', 'Growl': '0', 'High-freq-energy': '0', 'Long-island': '0', 'Low-tilt-spectrum': '2', 'Medium-island': '2', 'Short-island': '1', 'Squeal': '0', 'Typical-entropy': '3', 'Voicing-quality': '3', 'Wide-band': '0', 'Xlong-island': '0', 'seq': '1', 'end': 29105.35, 'start': 29104.19}]",0,0,[],[]
29105350,29106310,NA,NOF,0.0,781,AICF,NA,NA,NA,NA,0.0,0,-35.96,-25.25,[],0,0,[],[]
29106310,29107640,FEM,FAN,4.26,781,AICF,RC,5,TIFR,FI,0.0,0,-29.22,-20.25,[],0,0,[],[]
29107640,29109040,NA,NOF,0.0,781,AICF,NA,NA,NA,NA,0.0,0,-37.2,-21.79,[],0,0,[],[]
29109040,29110000,CHI,CHN,0.0,781,AICF,RC,5,TIFE,FI,1.0,960,-23.9,-17.4,"[{'Canonical-syllable': '0', 'Growl': '0', 'High-freq-energy': '0', 'Long-island': '1', 'Low-tilt-spectrum': '0', 'Medium-island': '0', 'Short-island': '0', 'Squeal': '0', 'Typical-entropy': '0', 'Voicing-quality': '1', 'Wide-band': '0', 'Xlong-island': '0', 'seq': '1', 'end': 29110.0, 'start': 29109.04}]",0,0,[],[]
29110000,29111000,NA,NOF,0.0,781,AICF,NA,NA,NA,NA,0.0,0,-35.71,-19.77,[],0,0,[],[]
29111000,29112130,NA,OLN,0.0,781,AICF,NA,NA,NA,NA,0.0,0,-30.36,-16.93,[],0,0,[],[]
29112130,29113030,NA,NOF,0.0,781,AICF,NA,NA,NA,NA,0.0,0,-38.38,-28.85,[],0,0,[],[]
29113030,29114230,OCH,CXN,0.0,781,AICF,RC,5,NT,FI,0.0,0,-27.87,-19.93,[],0,0,[],[]
29114230,29115030,NA,NOF,0.0,781,AICF,NA,NA,NA,NA,0.0,0,-37.89,-26.84,[],0,0,[],[]
29115030,29115870,OCH,CXN,0.0,781,AICF,RC,5,NT,FH,0.0,0,-26.97,-17.27,[],0,0,[],[]
29115870,29116490,CHI,CHN,0.0,781,AICF,RC,5,NT,FI,1.0,460,-19.85,-15.65,"[{'Canonical-syllable': '0', 'Growl': '0', 'High-freq-energy': '0', 'Long-island': '0', 'Low-tilt-spectrum': '0', 'Medium-island': '1', 'Short-island': '0', 'Squeal': '0', 'Typical-entropy': '0', 'Voicing-quality': '1', 'Wide-band': '0', 'Xlong-island': '0', 'seq': '1', 'end': 29116.33, 'start': 29115.87}]",0,0,[],[]
29116490,29117400,NA,NOF,0.0,781,AICF,NA,NA,NA,NA,0.0,0,-36.16,-21.41,[],0,0,[],[]
29117400,29118240,NA,OLN,0.0,781,AICF,NA,NA,NA,NA,0.0,0,-33.31,-20.13,[],0,0,[],[]
29118240,29119480,NA,NOF,0.0,781,AICF,NA,NA,NA,NA,0.0,0,-23.0,-5.53,[],0,0,[],[]
29119480,29120700,CHI,CHN,0.0,781,AICF,RC,5,NT,FH,1.0,1220,-18.06,-11.89,"[{'Canonical-syllable': '1', 'Growl': '0', 'High-freq-energy': '0', 'Long-island': '0', 'Low-tilt-spectrum': '1', 'Medium-island': '1', 'Short-island': '2', 'Squeal': '0', 'Typical-entropy': '1', 'Voicing-quality': '3', 'Wide-band': '0', 'Xlong-island': '0', 'seq': '1', 'end': 29120.7, 'start': 29119.48}]",0,0,[],[]
29120700,29121470,CHI,CHN,0.0,781,AICF,NA,NA,NA,NA,0.0,0,-16.33,-10.48,[],0,770,"[{'start': 29120.7, 'end': 29121.47}]",[]
29121470,29122790,OCH,CXN,0.0,781,AICF,RC,5,NT,FI,0.0,0,-33.92,-20.61,[],0,0,[],[]
29122790,29123590,NA,OLN,0.0,781,AICF,NA,NA,NA,NA,0.0,0,-38.18,-31.78,[],0,0,[],[]
29123590,29125060,OCH,CXN,0.0,781,AICF,RC,5,NT,FH,0.0,0,-24.24,-15.31,[],0,0,[],[]
29125060,29125860,OCH,CXN,0.0,781,AICF,RC,5,NT,FH,0.0,0,-29.64,-19.32,[],0,0,[],[]
29125860,29126720,NA,OLN,0.0,781,AICF,NA,NA,NA,NA,0.0,0,-36.74,-29.33,[],0,0,[],[]
29126720,29127550,NA,NOF,0.0,781,AICF,NA,NA,NA,NA,0.0,0,-40.27,-27.85,[],0,0,[],[]
29127550,29128150,CHI,CHN,0.0,781,AICF,EC,5,NT,FI,1.0,260,-24.78,-15.71,"[{'Canonical-syllable': '0', 'Growl': '0', 'High-freq-energy': '0', 'Long-island': '0', 'Low-tilt-spectrum': '0', 'Medium-island': '0', 'Short-island': '1', 'Squeal': '0', 'Typical-entropy': '1', 'Voicing-quality': '1', 'Wide-band': '0', 'Xlong-island': '0', 'seq': '1', 'end': 29127.81, 'start': 29127.55}]",0,0,[],[]
29128150,29133230,NA,NOF,0.0,782,pause,NA,NA,NA,NA,0.0,0,-39.9,-26.36,[],0,0,[],[]
29133230,29134830,CHI,CHN,0.0,782,CIOCAX,BC,0,NT,FI,1.0,1600,-20.16,-13.41,"[{'Canonical-syllable': '1', 'Growl': '0', 'High-freq-energy': '0', 'Long-island': '0', 'Low-tilt-spectrum': '0', 'Medium-island': '1', 'Short-island': '0', 'Squeal': '0', 'Typical-entropy': '1', 'Voicing-quality': '2', 'Wide-band': '0', 'Xlong-island': '1', 'seq': '1', 'end': 29134.83, 'start': 29133.23}]",0,0,[],[]
29134830,29135630,NA,NOF,0.0,782,CIOCAX,NA,NA,NA,NA,0.0,0,-45.27,-34.98,[],0,0,[],[]
29135630,29136430,NA,TVF,0.0,782,CIOCAX,NA,NA,NA,NA,0.0,0,-42.53,-36.75,[],0,0,[],[]
29136430,29137470,NA,FAF,0.0,782,CIOCAX,NA,NA,NA,NA,0.0,0,-40.78,-24.84,[],0,0,[],[]
29137470,29139730,NA,NOF,0.0,782,CIOCAX,NA,NA,NA,NA,0.0,0,-23.1,-6.77,[],0,0,[],[]
29139730,29140790,OCH,CXN,0.0,782,CIOCAX,RC,0,NT,FI,0.0,0,-15.77,-4.46,[],0,0,[],[]
29140790,29141390,NA,OLN,0.0,782,CIOCAX,NA,NA,NA,NA,0.0,0,-29.6,-19.9,[],0,0,[],[]
29141390,29142690,FEM,FAN,5.93,782,CIOCAX,RC,0,NT,FI,0.0,0,-22.43,-12.94,[],0,0,[],[]
29142690,29143540,NA,NOF,0.0,782,CIOCAX,NA,NA,NA,NA,0.0,0,-40.8,-31.17,[],0,0,[],[]
29143540,29144810,OCH,CXN,0.0,782,CIOCAX,RC,0,NT,FI,0.0,0,-26.03,-17.13,[],0,0,[],[]
29144810,29147420,NA,NOF,0.0,782,CIOCAX,NA,NA,NA,NA,0.0,0,-34.47,-19.03,[],0,0,[],[]
29147420,29148420,FEM,FAN,4.58,782,CIOCAX,EC,0,NT,FI,0.0,0,-25.16,-17.67,[],0,0,[],[]
29148420,29151570,NA,NOF,0.0,783,pause,NA,NA,NA,NA,0.0,0,-43.53,-32.81,[],0,0,[],[]
29151570,29152520,NA,SIL,0.0,783,pause,NA,NA,NA,NA,0.0,0,-47.44,-40.95,[],0,0,[],[]
29152520,29157830,NA,NOF,0.0,783,pause,NA,NA,NA,NA,0.0,0,-21.77,-2.13,[],0,0,[],[]
29157830,29158740,FEM,FAN,2.67,783,AICF,BC,0,NT,FI,0.0,0,-31.15,-21.94,[],0,0,[],[]
29158740,29160040,OCH,CXN,0.0,783,AICF,RC,0,NT,FI,0.0,0,-20.11,-12.36,[],0,0,[],[]
29160040,29160870,NA,NOF,0.0,783,AICF,NA,NA,NA,NA,0.0,0,-48.05,-39.19,[],0,0,[],[]
29160870,29161670,NA,SIL,0.0,783,AICF,NA,NA,NA,NA,0.0,0,-50.11,-42.5,[],0,0,[],[]
29161670,29162490,NA,NOF,0.0,783,AICF,NA,NA,NA,NA,0.0,0,-47.76,-38.7,[],0,0,[],[]
29162490,29163590,NA,OLF,0.0,783,AICF,NA,NA,NA,NA,0.0,0,-35.96,-25.32,[],0,0,[],[]
29163590,29164620,FEM,FAN,2.07,783,AICF,RC,0,NT,FI,0.0,0,-28.08,-16.03,[],0,0,[],[]
29164620,29165510,NA,NOF,0.0,783,AICF,NA,NA,NA,NA,0.0,0,-41.38,-28.83,[],0,0,[],[]
29165510,29166510,OCH,CXN,0.0,783,AICF,RC,0,NT,FI,0.0,0,-29.71,-22.45,[],0,0,[],[]
29166510,29167310,NA,OLN,0.0,783,AICF,NA,NA,NA,NA,0.0,0,-34.68,-27.87,[],0,0,[],[]
29167310,29169990,NA,NOF,0.0,783,AICF,NA,NA,NA,NA,0.0,0,-41.46,-25.41,[],0,0,[],[]
29169990,29170790,OCH,CXN,0.0,783,AICF,RC,0,NT,FH,0.0,0,-34.36,-26.03,[],0,0,[],[]
29170790,29171610,NA,NOF,0.0,783,AICF,NA,NA,NA,NA,0.0,0,-39.47,-26.54,[],0,0,[],[]
29171610,29172950,OCH,CXN,0.0,783,AICF,RC,0,NT,FH,0.0,0,-17.72,-9.05,[],0,0,[],[]
29172950,29173890,NA,NOF,0.0,783,AICF,NA,NA,NA,NA,0.0,0,-48.53,-42.29,[],0,0,[],[]
29173890,29174890,CHI,CHN,0.0,783,AICF,RC,0,NT,FI,1.0,640,-17.9,-10.89,"[{'Canonical-syllable': '0', 'Growl': '0', 'High-freq-energy': '0', 'Long-island': '0', 'Low-tilt-spectrum': '0', 'Medium-island': '1', 'Short-island': '0', 'Squeal': '0', 'Typical-entropy': '1', 'Voicing-quality': '1', 'Wide-band': '0', 'Xlong-island': '0', 'seq': '1', 'end': 29174.53, 'start': 29173.89}]",0,0,[],[]
29174890,29175970,NA,NOF,0.0,783,AICF,NA,NA,NA,NA,0.0,0,-45.98,-31.06,[],0,0,[],[]
29175970,29177140,CHI,CHN,0.0,783,AICF,RC,0,NT,FH,1.0,760,-18.79,-11.66,"[{'Canonical-syllable': '0', 'Growl': '0', 'High-freq-energy': '0', 'Long-island': '1', 'Low-tilt-spectrum': '0', 'Medium-island': '0', 'Short-island': '0', 'Squeal': '0', 'Typical-entropy': '1', 'Voicing-quality': '1', 'Wide-band': '0', 'Xlong-island': '0', 'seq': '1', 'end': 29176.73, 'start': 29175.97}]",0,0,[],[]
29177140,29178110,NA,SIL,0.0,783,AICF,NA,NA,NA,NA,0.0,0,-55.6,-47.99,[],0,0,[],[]
29178110,29179350,OCH,CXN,0.0,783,AICF,RC,0,NT,FI,0.0,0,-18.56,-11.25,[],0,0,[],[]
29179350,29180470,NA,SIL,0.0,783,AICF,NA,NA,NA,NA,0.0,0,-52.4,-40.44,[],0,0,[],[]
29180470,29181690,CHI,CHN,0.0,783,AICF,RC,0,NT,FI,1.0,950,-18.38,-12.07,"[{'Canonical-syllable': '0', 'Growl': '0', 'High-freq-energy': '0', 'Long-island': '0', 'Low-tilt-spectrum': '0', 'Medium-island': '0', 'Short-island': '0', 'Squeal': '0', 'Typical-entropy': '1', 'Voicing-quality': '1', 'Wide-band': '0', 'Xlong-island': '1', 'seq': '1', 'end': 29181.42, 'start': 29180.47}]",0,0,[],[]
29181690,29183350,NA,NOF,0.0,783,AICF,NA,NA,NA,NA,0.0,0,-43.57,-32.15,[],0,0,[],[]
29183350,29184520,CHI,CHN,0.0,783,AICF,RC,0,TIFI,FH,1.0,790,-22.6,-14.97,"[{'Canonical-syllable': '0', 'Growl': '0', 'High-freq-energy': '0', 'Long-island': '1', 'Low-tilt-spectrum': '0', 'Medium-island': '0', 'Short-island': '0', 'Squeal': '0', 'Typical-entropy': '1', 'Voicing-quality': '1', 'Wide-band': '0', 'Xlong-island': '0', 'seq': '1', 'end': 29184.14, 'start': 29183.35}]",0,0,[],[]
29184520,29185360,NA,NOF,0.0,783,AICF,NA,NA,NA,NA,0.0,0,-45.39,-38.05,[],0,0,[],[]
29185360,29186610,FEM,FAN,4.93,783,AICF,RC,1,TIFR,FI,0.0,0,-31.78,-23.09,[],0,0,[],[]
29186610,29188480,NA,OLN,0.0,783,AICF,NA,NA,NA,NA,0.0,0,-24.91,-4.28,[],0,0,[],[]
29188480,29189310,NA,NOF,0.0,783,AICF,NA,NA,NA,NA,0.0,0,-44.98,-31.05,[],0,0,[],[]
29189310,29190310,OCH,CXN,0.0,783,AICF,RC,1,NT,FI,0.0,0,-31.38,-20.64,[],0,0,[],[]
29190310,29191490,NA,SIL,0.0,783,AICF,NA,NA,NA,NA,0.0,0,-54.75,-44.09,[],0,0,[],[]
29191490,29192090,OCH,CXN,0.0,783,AICF,RC,1,NT,FH,0.0,0,-32.77,-25.34,[],0,0,[],[]
29192090,29193210,NA,OLF,0.0,783,AICF,NA,NA,NA,NA,0.0,0,-48.67,-38.82,[],0,0,[],[]
29193210,29194650,CHI,CHN,0.0,783,AICF,RC,1,TIFI,FI,2.0,980,-21.62,-11.51,"[{'Canonical-syllable': '0', 'Growl': '1', 'High-freq-energy': '0', 'Long-island': '0', 'Low-tilt-spectrum': '0', 'Medium-island': '0', 'Short-island': '1', 'Squeal': '0', 'Typical-entropy': '0', 'Voicing-quality': '1', 'Wide-band': '0', 'Xlong-island': '0', 'seq': '1', 'end': 29193.36, 'start': 29193.21}, {'Canonical-syllable': '1', 'Growl': '0', 'High-freq-energy': '0', 'Long-island': '0', 'Low-tilt-spectrum': '0', 'Medium-island': '1', 'Short-island': '1', 'Squeal': '0', 'Typical-entropy': '2', 'Voicing-quality': '3', 'Wide-band': '0', 'Xlong-island': '0', 'seq': '2', 'end': 29194.53, 'start': 29193.7}]",0,0,[],[]
29194650,29195570,NA,NOF,0.0,783,AICF,NA,NA,NA,NA,0.0,0,-49.45,-40.27,[],0,0,[],[]
29195570,29196380,NA,SIL,0.0,783,AICF,NA,NA,NA,NA,0.0,0,-53.66,-46.67,[],0,0,[],[]
29196380,29197380,FEM,FAN,2.78,783,AICF,RC,2,TIFR,FI,0.0,0,-36.0,-28.92,[],0,0,[],[]
29197380,29198640,NA,NOF,0.0,783,AICF,NA,NA,NA,NA,0.0,0,-33.91,-18.93,[],0,0,[],[]
29198640,29199640,CHI,CHN,0.0,783,AICF,EC,2,TIFE,FI,1.0,900,-20.78,-13.73,"[{'Canonical-syllable': '0', 'Growl': '0', 'High-freq-energy': '0', 'Long-island': '1', 'Low-tilt-spectrum': '0', 'Medium-island': '0', 'Short-island': '0', 'Squeal': '0', 'Typical-entropy': '1', 'Voicing-quality': '1', 'Wide-band': '0', 'Xlong-island': '0', 'seq': '1', 'end': 29199.54, 'start': 29198.77}]",0,0,[],[]
29199640,29204230,NA,NOF,0.0,784,pause,NA,NA,NA,NA,0.0,0,-37.95,-20.91,[],0,0,[],[]
29204230,29205880,NA,SIL,0.0,784,pause,NA,NA,NA,NA,0.0,0,-43.54,-36.21,[],0,0,[],[]
29205880,29207950,NA,NOF,0.0,784,pause,NA,NA,NA,NA,0.0,0,-41.23,-28.87,[],0,0,[],[]
29207950,29209000,NA,SIL,0.0,784,pause,NA,NA,NA,NA,0.0,0,-50.95,-45.52,[],0,0,[],[]
29209000,29210010,CHI,CHN,0.0,784,CIOCAX,BC,0,NT,FI,2.0,640,-20.47,-10.0,"[{'Canonical-syllable': '1', 'Growl': '1', 'High-freq-energy': '0', 'Long-island': '0', 'Low-tilt-spectrum': '0', 'Medium-island': '0', 'Short-island': '1', 'Squeal': '0', 'Typical-entropy': '1', 'Voicing-quality': '2', 'Wide-band': '0', 'Xlong-island': '0', 'seq': '1', 'end': 29209.47, 'start': 29209.0}, {'Canonical-syllable': '0', 'Growl': '0', 'High-freq-energy': '0', 'Long-island': '0', 'Low-tilt-spectrum': '0', 'Medium-island': '0', 'Short-island': '1', 'Squeal': '0', 'Typical-entropy': '1', 'Voicing-quality': '1', 'Wide-band': '0', 'Xlong-island': '0', 'seq': '2', 'end': 29210.01, 'start': 29209.84}]",0,0,[],[]
29210010,29211190,NA,OLN,0.0,784,CIOCAX,NA,NA,NA,NA,0.0,0,-19.35,-8.83,[],0,0,[],[]
29211190,29212130,NA,NOF,0.0,784,CIOCAX,NA,NA,NA,NA,0.0,0,-34.26,-23.45,[],0,0,[],[]
29212130,29212730,CHI,CHN,0.0,784,CIOCAX,RC,0,NT,FH,1.0,600,-22.81,-16.32,"[{'Canonical-syllable': '0', 'Growl': '0', 'High-freq-energy': '0', 'Long-island': '0', 'Low-tilt-spectrum': '0', 'Medium-island': '1', 'Short-island': '0', 'Squeal': '0', 'Typical-entropy': '0', 'Voicing-quality': '1', 'Wide-band': '0', 'Xlong-island': '0', 'seq': '1', 'end': 29212.73, 'start': 29212.39}]",0,0,[],[]
29212730,29213530,NA,NOF,0.0,784,CIOCAX,NA,NA,NA,NA,0.0,0,-46.35,-37.9,[],0,0,[],[]
29213530,29214560,NA,SIL,0.0,784,CIOCAX,NA,NA,NA,NA,0.0,0,-45.66,-35.84,[],0,0,[],[]
29214560,29216220,NA,NOF,0.0,784,CIOCAX,NA,NA,NA,NA,0.0,0,-39.91,-27.29,[],0,0,[],[]
29216220,29217420,CHI,CHN,0.0,784,CIOCAX,RC,0,NT,FH,1.0,1070,-17.72,-11.21,"[{'Canonical-syllable': '0', 'Growl': '0', 'High-freq-energy': '0', 'Long-island': '0', 'Low-tilt-spectrum': '0', 'Medium-island': '0', 'Short-island': '0', 'Squeal': '0', 'Typical-entropy': '1', 'Voicing-quality': '1', 'Wide-band': '0', 'Xlong-island': '1', 'seq': '1', 'end': 29217.29, 'start': 29216.22}]",0,0,[],[]
29217420,29219470,NA,SIL,0.0,784,CIOCAX,NA,NA,NA,NA,0.0,0,-54.48,-44.75,[],0,0,[],[]
29219470,29220640,CHI,CHN,0.0,784,CIOCAX,RC,0,NT,FH,1.0,1020,-21.67,-15.24,"[{'Canonical-syllable': '0', 'Growl': '0', 'High-freq-energy': '0', 'Long-island': '0', 'Low-tilt-spectrum': '0', 'Medium-island': '0', 'Short-island': '0', 'Squeal': '0', 'Typical-entropy': '0', 'Voicing-quality': '1', 'Wide-band': '0', 'Xlong-island': '1', 'seq': '1', 'end': 29220.49, 'start': 29219.47}]",0,0,[],[]
29220640,29221790,NA,SIL,0.0,784,CIOCAX,NA,NA,NA,NA,0.0,0,-55.73,-51.43,[],0,0,[],[]
29221790,29222430,CHI,CHN,0.0,784,CIOCAX,RC,0,NT,FH,1.0,430,-21.03,-15.01,"[{'Canonical-syllable': '0', 'Growl': '0', 'High-freq-energy': '0', 'Long-island': '0', 'Low-tilt-spectrum': '0', 'Medium-island': '1', 'Short-island': '0', 'Squeal': '0', 'Typical-entropy': '0', 'Voicing-quality': '1', 'Wide-band': '0', 'Xlong-island': '0', 'seq': '1', 'end': 29222.22, 'start': 29221.79}]",0,0,[],[]
29222430,29223990,OCH,CXN,0.0,784,CIOCAX,RC,0,NT,FI,0.0,0,-20.44,-12.35,[],0,0,[],[]
29223990,29224790,NA,SIL,0.0,784,CIOCAX,NA,NA,NA,NA,0.0,0,-53.21,-47.26,[],0,0,[],[]
29224790,29225390,FEM,FAN,1.2,784,CIOCAX,EC,0,NT,FI,0.0,0,-25.35,-18.23,[],0,0,[],[]
29225390,29227320,NA,SIL,0.0,785,pause,NA,NA,NA,NA,0.0,0,-50.15,-34.54,[],0,0,[],[]
29227320,29230760,NA,NOF,0.0,785,pause,NA,NA,NA,NA,0.0,0,-39.95,-28.48,[],0,0,[],[]
29230760,29232270,NA,OLN,0.0,785,pause,NA,NA,NA,NA,0.0,0,-31.77,-21.25,[],0,0,[],[]
29232270,29237500,NA,NOF,0.0,785,pause,NA,NA,NA,NA,0.0,0,-33.62,-14.0,[],0,0,[],[]
29237500,29238310,NA,OLN,0.0,785,pause,NA,NA,NA,NA,0.0,0,-29.33,-16.22,[],0,0,[],[]
29238310,29239120,NA,NOF,0.0,785,pause,NA,NA,NA,NA,0.0,0,-40.66,-28.99,[],0,0,[],[]
29239120,29240720,NA,OLN,0.0,785,pause,NA,NA,NA,NA,0.0,0,-28.83,-18.54,[],0,0,[],[]
29240720,29244190,NA,NOF,0.0,785,pause,NA,NA,NA,NA,0.0,0,-37.83,-15.36,[],0,0,[],[]
29244190,29250690,NA,SIL,0.0,785,pause,NA,NA,NA,NA,0.0,0,-50.91,-31.0,[],0,0,[],[]
29250690,29251860,OCH,CXN,0.0,785,XIC,BC,0,NT,FI,0.0,0,-40.94,-32.84,[],0,0,[],[]
29251860,29252660,NA,OLN,0.0,785,XIC,NA,NA,NA,NA,0.0,0,-24.18,-13.08,[],0,0,[],[]
29252660,29254510,FEM,FAN,7.76,785,XIC,RC,0,TIFI,FI,0.0,0,-26.24,-17.37,[],0,0,[],[]
29254510,29255330,NA,NOF,0.0,785,XIC,NA,NA,NA,NA,0.0,0,-36.33,-26.02,[],0,0,[],[]
29255330,29255930,CHI,CHN,0.0,785,XIC,RC,1,TIFR,FI,1.0,470,-31.81,-25.65,"[{'Canonical-syllable': '0', 'Growl': '0', 'High-freq-energy': '0', 'Long-island': '0', 'Low-tilt-spectrum': '1', 'Medium-island': '1', 'Short-island': '0', 'Squeal': '1', 'Typical-entropy': '1', 'Voicing-quality': '1', 'Wide-band': '0', 'Xlong-island': '0', 'seq': '1', 'end': 29255.8, 'start': 29255.33}]",0,0,[],[]
29255930,29256860,NA,NON,0.0,785,XIC,NA,NA,NA,NA,0.0,0,-24.51,-8.39,[],0,0,[],[]
29256860,29258090,CHI,CHN,0.0,785,XIC,RC,1,NT,FH,1.0,1230,-27.99,-20.42,"[{'Canonical-syllable': '0', 'Growl': '2', 'High-freq-energy': '2', 'Long-island': '0', 'Low-tilt-spectrum': '2', 'Medium-island': '2', 'Short-island': '1', 'Squeal': '1', 'Typical-entropy': '3', 'Voicing-quality': '2', 'Wide-band': '0', 'Xlong-island': '0', 'seq': '1', 'end': 29258.09, 'start': 29256.86}]",0,0,[],[]
29258090,29259140,NA,TVN,0.0,785,XIC,NA,NA,NA,NA,0.0,0,-37.83,-25.45,[],0,0,[],[]
29259140,29259950,NA,SIL,0.0,785,XIC,NA,NA,NA,NA,0.0,0,-45.56,-33.28,[],0,0,[],[]
29259950,29260830,OCH,CXN,0.0,785,XIC,RC,1,NT,FI,0.0,0,-27.76,-18.19,[],0,0,[],[]
29260830,29261630,NA,OLN,0.0,785,XIC,NA,NA,NA,NA,0.0,0,-33.84,-25.24,[],0,0,[],[]
29261630,29264390,OCH,CXN,0.0,785,XIC,RC,1,NT,FH,0.0,0,-31.83,-22.97,[],0,0,[],[]
29264390,29265340,NA,NOF,0.0,785,XIC,NA,NA,NA,NA,0.0,0,-39.65,-25.81,[],0,0,[],[]
29265340,29266380,OCH,CXN,0.0,785,XIC,RC,1,NT,FH,0.0,0,-34.62,-24.89,[],0,0,[],[]
29266380,29267440,NA,NOF,0.0,785,XIC,NA,NA,NA,NA,0.0,0,-37.45,-26.43,[],0,0,[],[]
29267440,29269590,OCH,CXN,0.0,785,XIC,RC,1,NT,FH,0.0,0,-32.79,-22.63,[],0,0,[],[]
29269590,29270930,CHI,CHN,0.0,785,XIC,RC,1,NT,FI,1.0,1340,-34.54,-26.09,"[{'Canonical-syllable': '0', 'Growl': '1', 'High-freq-energy': '1', 'Long-island': '1', 'Low-tilt-spectrum': '3', 'Medium-island': '0', 'Short-island': '1', 'Squeal': '1', 'Typical-entropy': '2', 'Voicing-quality': '3', 'Wide-band': '0', 'Xlong-island': '0', 'seq': '1', 'end': 29270.93, 'start': 29269.73}]",0,0,[],[]
29270930,29271820,CHI,CHN,0.0,785,XIC,NA,NA,NA,NA,0.0,0,-33.36,-26.88,[],0,890,[],"[{'start': 29270.93, 'end': 29271.82}]"
29271820,29272750,OCH,CXN,0.0,785,XIC,RC,1,NT,FI,0.0,0,-33.87,-23.3,[],0,0,[],[]
29272750,29273570,NA,MAF,0.0,785,XIC,NA,NA,NA,NA,0.0,0,-41.38,-29.41,[],0,0,[],[]
29273570,29274440,OCH,CXN,0.0,785,XIC,EC,1,NT,FH,0.0,0,-38.22,-27.26,[],0,0,[],[]
29274440,29275310,NA,TVN,0.0,786,pause,NA,NA,NA,NA,0.0,0,-36.47,-25.02,[],0,0,[],[]
29275310,29276120,NA,NOF,0.0,786,pause,NA,NA,NA,NA,0.0,0,-36.48,-24.38,[],0,0,[],[]
29276120,29277880,NA,OLF,0.0,786,pause,NA,NA,NA,NA,0.0,0,-35.66,-21.75,[],0,0,[],[]
29277880,29279070,NA,NOF,0.0,786,pause,NA,NA,NA,NA,0.0,0,-32.22,-16.32,[],0,0,[],[]
29279070,29280280,NA,OLF,0.0,786,pause,NA,NA,NA,NA,0.0,0,-36.63,-27.26,[],0,0,[],[]
29280280,29281900,NA,NOF,0.0,786,pause,NA,NA,NA,NA,0.0,0,-41.95,-32.0,[],0,0,[],[]
29281900,29282730,NA,TVN,0.0,786,pause,NA,NA,NA,NA,0.0,0,-38.56,-29.75,[],0,0,[],[]
29282730,29283760,NA,OLF,0.0,786,pause,NA,NA,NA,NA,0.0,0,-39.22,-31.41,[],0,0,[],[]
29283760,29284560,NA,OLF,0.0,786,pause,NA,NA,NA,NA,0.0,0,-39.68,-31.69,[],0,0,[],[]
29284560,29285720,NA,MAF,0.0,786,pause,NA,NA,NA,NA,0.0,0,-39.08,-31.83,[],0,0,[],[]
29285720,29286790,NA,NON,0.0,786,pause,NA,NA,NA,NA,0.0,0,-33.8,-24.9,[],0,0,[],[]
29286790,29287620,OCH,CXN,0.0,786,XIC,BC,0,NT,FI,0.0,0,-28.29,-22.98,[],0,0,[],[]
29287620,29288710,OCH,CXN,0.0,786,XIC,RC,0,NT,FH,0.0,0,-31.15,-22.92,[],0,0,[],[]
29288710,29289520,NA,TVF,0.0,786,XIC,NA,NA,NA,NA,0.0,0,-45.97,-32.44,[],0,0,[],[]
29289520,29290120,NA,CHF,0.0,786,XIC,NA,NA,NA,NA,0.0,0,-42.84,-34.83,[],0,600,[],"[{'start': 29289.52, 'end': 29290.12}]"
29290120,29291370,NA,TVF,0.0,786,XIC,NA,NA,NA,NA,0.0,0,-47.06,-42.18,[],0,0,[],[]
29291370,29292180,CHI,CHN,0.0,786,XIC,RC,0,TIMI,FI,1.0,420,-28.16,-19.7,"[{'Canonical-syllable': '0', 'Growl': '0', 'High-freq-energy': '1', 'Long-island': '0', 'Low-tilt-spectrum': '1', 'Medium-island': '1', 'Short-island': '0', 'Squeal': '0', 'Typical-entropy': '1', 'Voicing-quality': '1', 'Wide-band': '0', 'Xlong-island': '0', 'seq': '1', 'end': 29292.18, 'start': 29291.76}]",0,0,[],[]
29292180,29293350,NA,TVN,0.0,786,XIC,NA,NA,NA,NA,0.0,0,-43.26,-37.62,[],0,0,[],[]
29293350,29294260,NA,TVF,0.0,786,XIC,NA,NA,NA,NA,0.0,0,-46.05,-42.68,[],0,0,[],[]
29294260,29295280,MAL,MAN,4.76,786,XIC,RC,1,TIMR,FI,0.0,0,-36.32,-28.54,[],0,0,[],[]
29295280,29296360,FEM,FAN,3.88,786,XIC,RC,1,NT,FI,0.0,0,-33.67,-20.41,[],0,0,[],[]
29296360,29297200,NA,NON,0.0,786,XIC,NA,NA,NA,NA,0.0,0,-32.54,-23.84,[],0,0,[],[]
29297200,29297800,CHI,CHN,0.0,786,XIC,RC,1,TIFE,FI,1.0,600,-31.3,-24.04,"[{'Canonical-syllable': '0', 'Growl': '0', 'High-freq-energy': '1', 'Long-island': '0', 'Low-tilt-spectrum': '1', 'Medium-island': '1', 'Short-island': '0', 'Squeal': '0', 'Typical-entropy': '1', 'Voicing-quality': '1', 'Wide-band': '0', 'Xlong-island': '0', 'seq': '1', 'end': 29297.8, 'start': 29297.46}]",0,0,[],[]
29297800,29298610,OCH,CXN,0.0,786,XIC,RC,1,NT,FI,0.0,0,-35.19,-29.66,[],0,0,[],[]
29298610,29300850,CHI,CHN,0.0,786,XIC,NA,NA,NA,NA,0.0,0,-33.63,-22.84,[],0,1840,"[{'start': 29299.01, 'end': 29300.85}]",[]
29300850,29301780,NA,CXF,0.0,786,XIC,NA,NA,NA,NA,0.0,0,-39.98,-27.37,[],0,0,[],[]
29301780,29303410,CHI,CHN,0.0,786,XIC,EC,1,NT,FI,2.0,1080,-27.46,-18.73,"[{'Canonical-syllable': '0', 'Growl': '0', 'High-freq-energy': '1', 'Long-island': '0', 'Low-tilt-spectrum': '1', 'Medium-island': '1', 'Short-island': '0', 'Squeal': '0', 'Typical-entropy': '1', 'Voicing-quality': '1', 'Wide-band': '0', 'Xlong-island': '0', 'seq': '1', 'end': 29302.13, 'start': 29301.78}, {'Canonical-syllable': '1', 'Growl': '0', 'High-freq-energy': '2', 'Long-island': '0', 'Low-tilt-spectrum': '2', 'Medium-island': '2', 'Short-island': '0', 'Squeal': '0', 'Typical-entropy': '2', 'Voicing-quality': '1', 'Wide-band': '0', 'Xlong-island': '0', 'seq': '2', 'end': 29303.41, 'start': 29302.68}]",0,0,[],[]
29303410,29304560,NA,NOF,0.0,787,pause,NA,NA,NA,NA,0.0,0,-40.55,-28.61,[],0,0,[],[]
29304560,29305460,NA,SIL,0.0,787,pause,NA,NA,NA,NA,0.0,0,-50.09,-42.18,[],0,0,[],[]
29305460,29306660,NA,NOF,0.0,787,pause,NA,NA,NA,NA,0.0,0,-45.8,-37.8,[],0,0,[],[]
29306660,29308450,NA,SIL,0.0,787,pause,NA,NA,NA,NA,0.0,0,-51.64,-43.85,[],0,0,[],[]
29308450,29310590,FEM,FAN,6.04,787,AIOCF,BC,0,NT,FI,0.0,0,-43.88,-34.12,[],0,0,[],[]
29310590,29311560,NA,TVF,0.0,787,AIOCF,NA,NA,NA,NA,0.0,0,-45.94,-34.51,[],0,0,[],[]
29311560,29312690,OCH,CXN,0.0,787,AIOCF,RC,0,NT,FI,0.0,0,-39.11,-28.17,[],0,0,[],[]
29312690,29313490,NA,CXF,0.0,787,AIOCF,NA,NA,NA,NA,0.0,0,-46.53,-35.76,[],0,0,[],[]
29313490,29314600,OCH,CXN,0.0,787,AIOCF,EC,0,NT,FH,0.0,0,-28.8,-22.1,[],0,0,[],[]
29314600,29315670,NA,NOF,0.0,788,pause,NA,NA,NA,NA,0.0,0,-40.45,-33.5,[],0,0,[],[]
29315670,29317040,NA,FAF,0.0,788,pause,NA,NA,NA,NA,0.0,0,-39.85,-25.49,[],0,0,[],[]
29317040,29317850,NA,MAF,0.0,788,pause,NA,NA,NA,NA,0.0,0,-50.8,-42.73,[],0,0,[],[]
29317850,29318990,NA,SIL,0.0,788,pause,NA,NA,NA,NA,0.0,0,-55.22,-50.05,[],0,0,[],[]
29318990,29321420,NA,NOF,0.0,788,pause,NA,NA,NA,NA,0.0,0,-39.31,-24.13,[],0,0,[],[]
29321420,29322230,NA,OLF,0.0,788,pause,NA,NA,NA,NA,0.0,0,-40.33,-30.87,[],0,0,[],[]
29322230,29324070,NA,NOF,0.0,788,pause,NA,NA,NA,NA,0.0,0,-41.62,-31.11,[],0,0,[],[]
29324070,29325110,NA,MAF,0.0,788,pause,NA,NA,NA,NA,0.0,0,-37.49,-31.0,[],0,0,[],[]
29325110,29326010,NA,NOF,0.0,788,pause,NA,NA,NA,NA,0.0,0,-39.98,-34.95,[],0,0,[],[]
29326010,29326830,NA,OLF,0.0,788,pause,NA,NA,NA,NA,0.0,0,-39.24,-32.41,[],0,0,[],[]
29326830,29327730,NA,NOF,0.0,788,pause,NA,NA,NA,NA,0.0,0,-46.41,-37.05,[],0,0,[],[]
29327730,29328730,NA,FAF,0.0,788,pause,NA,NA,NA,NA,0.0,0,-41.1,-31.97,[],0,0,[],[]
29328730,29331000,NA,NOF,0.0,788,pause,NA,NA,NA,NA,0.0,0,-35.7,-17.52,[],0,0,[],[]
29331000,29332650,OCH,CXN,0.0,788,XIC,BC,0,NT,FI,0.0,0,-20.94,-11.78,[],0,0,[],[]
29332650,29333560,NA,MAF,0.0,788,XIC,NA,NA,NA,NA,0.0,0,-41.13,-26.32,[],0,0,[],[]
29333560,29334290,CHI,CHN,0.0,788,XIC,RC,0,TIFI,FI,1.0,280,-30.37,-19.57,"[{'Canonical-syllable': '0', 'Growl': '0', 'High-freq-energy': '0', 'Long-island': '0', 'Low-tilt-spectrum': '0', 'Medium-island': '0', 'Short-island': '0', 'Squeal': '0', 'Typical-entropy': '1', 'Voicing-quality': '2', 'Wide-band': '0', 'Xlong-island': '0', 'seq': '1', 'end': 29333.84, 'start': 29333.56}]",0,0,[],[]
29334290,29336250,FEM,FAN,8.57,788,XIC,RC,1,TIFR,FI,0.0,0,-22.69,-13.08,[],0,0,[],[]
29336250,29336900,CHI,CHN,0.0,788,XIC,RC,1,TIFI,FI,1.0,650,-16.48,-9.16,"[{'Canonical-syllable': '0', 'Growl': '0', 'High-freq-energy': '0', 'Long-island': '0', 'Low-tilt-spectrum': '1', 'Medium-island': '0', 'Short-island': '1', 'Squeal': '0', 'Typical-entropy': '2', 'Voicing-quality': '2', 'Wide-band': '0', 'Xlong-island': '0', 'seq': '1', 'end': 29336.9, 'start': 29336.25}]",0,0,[],[]
29336900,29338100,FEM,FAN,4.77,788,XIC,RC,2,TIFR,FI,0.0,0,-24.66,-12.05,[],0,0,[],[]
29338100,29339080,NA,NOF,0.0,788,XIC,NA,NA,NA,NA,0.0,0,-42.84,-34.98,[],0,0,[],[]
29339080,29340780,FEM,FAN,4.68,788,XIC,RC,2,NT,FH,0.0,0,-19.97,-3.46,[],0,0,[],[]
29340780,29341390,CHI,CHN,0.0,788,XIC,RC,2,TIFI,FI,1.0,610,-16.87,-9.61,"[{'Canonical-syllable': '0', 'Growl': '0', 'High-freq-energy': '0', 'Long-island': '0', 'Low-tilt-spectrum': '0', 'Medium-island': '1', 'Short-island': '0', 'Squeal': '0', 'Typical-entropy': '0', 'Voicing-quality': '1', 'Wide-band': '0', 'Xlong-island': '0', 'seq': '1', 'end': 29341.39, 'start': 29340.78}]",0,0,[],[]
29341390,29343570,NA,OLN,0.0,788,XIC,NA,NA,NA,NA,0.0,0,-27.67,-12.91,[],0,0,[],[]
29343570,29344190,NA,CHF,0.0,788,XIC,NA,NA,NA,NA,0.0,0,-36.73,-31.76,[],0,370,"[{'start': 29343.82, 'end': 29344.19}]",[]
29344190,29345190,FEM,FAN,6.21,788,XIC,RC,3,TIFR,FI,0.0,0,-23.94,-14.16,[],0,0,[],[]
29345190,29345790,OCH,CXN,0.0,788,XIC,RC,3,NT,FI,0.0,0,-19.62,-13.67,[],0,0,[],[]
29345790,29346860,NA,FAF,0.0,788,XIC,NA,NA,NA,NA,0.0,0,-39.62,-29.7,[],0,0,[],[]
29346860,29347470,CHI,CHN,0.0,788,XIC,RC,3,NT,FI,1.0,610,-18.0,-11.9,"[{'Canonical-syllable': '2', 'Growl': '0', 'High-freq-energy': '0', 'Long-island': '0', 'Low-tilt-spectrum': '0', 'Medium-island': '0', 'Short-island': '2', 'Squeal': '0', 'Typical-entropy': '0', 'Voicing-quality': '2', 'Wide-band': '0', 'Xlong-island': '0', 'seq': '1', 'end': 29347.47, 'start': 29346.95}]",0,0,[],[]
29347470,29348630,CHI,CHN,0.0,788,XIC,RC,3,NT,FH,1.0,830,-18.46,-8.94,"[{'Canonical-syllable': '0', 'Growl': '0', 'High-freq-energy': '0', 'Long-island': '1', 'Low-tilt-spectrum': '0', 'Medium-island': '0', 'Short-island': '0', 'Squeal': '0', 'Typical-entropy': '0', 'Voicing-quality': '1', 'Wide-band': '0', 'Xlong-island': '0', 'seq': '1', 'end': 29348.3, 'start': 29347.47}]",0,0,[],[]
29348630,29349230,OCH,CXN,0.0,788,XIC,RC,3,NT,FI,0.0,0,-37.44,-29.12,[],0,0,[],[]
29349230,29350210,NA,FAF,0.0,788,XIC,NA,NA,NA,NA,0.0,0,-41.48,-32.12,[],0,0,[],[]
29350210,29352090,FEM,FAN,6.92,788,XIC,RC,3,NT,FI,0.0,0,-28.49,-7.13,[],0,0,[],[]
29352090,29353300,NA,TVF,0.0,788,XIC,NA,NA,NA,NA,0.0,0,-45.08,-35.76,[],0,0,[],[]
29353300,29354320,NA,MAF,0.0,788,XIC,NA,NA,NA,NA,0.0,0,-37.88,-29.79,[],0,0,[],[]
29354320,29356300,NA,NOF,0.0,788,XIC,NA,NA,NA,NA,0.0,0,-40.49,-29.32,[],0,0,[],[]
29356300,29357300,MAL,MAN,2.22,788,XIC,RC,3,NT,FI,0.0,0,-38.4,-30.09,[],0,0,[],[]
29357300,29358850,NA,FAF,0.0,788,XIC,NA,NA,NA,NA,0.0,0,-34.68,-26.89,[],0,0,[],[]
29358850,29359650,NA,TVF,0.0,788,XIC,NA,NA,NA,NA,0.0,0,-44.48,-35.32,[],0,0,[],[]
29359650,29360650,FEM,FAN,7.06,788,XIC,RC,3,NT,FI,0.0,0,-36.13,-31.03,[],0,0,[],[]
29360650,29361450,NA,SIL,0.0,788,XIC,NA,NA,NA,NA,0.0,0,-46.2,-35.35,[],0,0,[],[]
29361450,29363620,FEM,FAN,9.02,788,XIC,RC,3,NT,FH,0.0,0,-34.04,-25.23,[],0,0,[],[]
29363620,29364460,OCH,CXN,0.0,788,XIC,RC,3,NT,FI,0.0,0,-38.81,-30.79,[],0,0,[],[]
29364460,29365490,NA,TVN,0.0,788,XIC,NA,NA,NA,NA,0.0,0,-39.09,-33.82,[],0,0,[],[]
29365490,29366310,NA,NOF,0.0,788,XIC,NA,NA,NA,NA,0.0,0,-22.78,-4.93,[],0,0,[],[]
29366310,29368600,FEM,FAN,8.03,788,XIC,RC,3,NT,FI,0.0,0,-38.62,-29.58,[],0,0,[],[]
29368600,29369540,NA,SIL,0.0,788,XIC,NA,NA,NA,NA,0.0,0,-53.27,-46.25,[],0,0,[],[]
29369540,29371430,OCH,CXN,0.0,788,XIC,RC,3,NT,FI,0.0,0,-36.53,-32.46,[],0,0,[],[]
29371430,29372370,NA,TVF,0.0,788,XIC,NA,NA,NA,NA,0.0,0,-50.77,-42.88,[],0,0,[],[]
29372370,29374290,OCH,CXN,0.0,788,XIC,RC,3,NT,FH,0.0,0,-34.37,-30.67,[],0,0,[],[]
29374290,29375110,NA,SIL,0.0,788,XIC,NA,NA,NA,NA,0.0,0,-55.43,-46.17,[],0,0,[],[]
29375110,29376020,OCH,CXN,0.0,788,XIC,EC,3,NT,FH,0.0,0,-36.34,-30.64,[],0,0,[],[]
29376020,29376780,CHI,CHN,0.0,789,pause,NA,NA,NA,NA,0.0,0,-34.77,-31.23,[],0,760,[],"[{'start': 29376.02, 'end': 29376.78}]"
29376780,29377730,NA,NON,0.0,789,pause,NA,NA,NA,NA,0.0,0,-35.74,-33.04,[],0,0,[],[]
29377730,29380360,NA,SIL,0.0,789,pause,NA,NA,NA,NA,0.0,0,-56.38,-51.4,[],0,0,[],[]
29380360,29381210,NA,NOF,0.0,789,pause,NA,NA,NA,NA,0.0,0,-44.93,-35.78,[],0,0,[],[]
29381210,29382010,NA,SIL,0.0,789,pause,NA,NA,NA,NA,0.0,0,-56.64,-49.69,[],0,0,[],[]
29382010,29383010,NA,TVN,0.0,789,pause,NA,NA,NA,NA,0.0,0,-47.15,-38.12,[],0,0,[],[]
29383010,29383840,NA,SIL,0.0,789,pause,NA,NA,NA,NA,0.0,0,-48.86,-35.94,[],0,0,[],[]
29383840,29384840,NA,TVN,0.0,789,pause,NA,NA,NA,NA,0.0,0,-46.11,-38.34,[],0,0,[],[]
29384840,29385840,NA,MAF,0.0,789,pause,NA,NA,NA,NA,0.0,0,-38.89,-28.49,[],0,0,[],[]
29385840,29386840,NA,TVN,0.0,789,pause,NA,NA,NA,NA,0.0,0,-48.83,-43.43,[],0,0,[],[]
29386840,29388060,NA,TVF,0.0,789,pause,NA,NA,NA,NA,0.0,0,-46.13,-38.19,[],0,0,[],[]
29388060,29388860,NA,SIL,0.0,789,pause,NA,NA,NA,NA,0.0,0,-52.86,-45.68,[],0,0,[],[]
29388860,29390050,NA,TVN,0.0,789,pause,NA,NA,NA,NA,0.0,0,-47.6,-38.31,[],0,0,[],[]
29390050,29391050,NA,MAF,0.0,789,pause,NA,NA,NA,NA,0.0,0,-42.5,-34.15,[],0,0,[],[]
29391050,29391850,NA,SIL,0.0,789,pause,NA,NA,NA,NA,0.0,0,-51.39,-41.54,[],0,0,[],[]
29391850,29395400,CHI,CHN,0.0,789,CIC,BC,0,TIFI,FI,1.0,3550,-34.47,-24.67,"[{'Canonical-syllable': '0', 'Growl': '7', 'High-freq-energy': '5', 'Long-island': '1', 'Low-tilt-spectrum': '7', 'Medium-island': '3', 'Short-island': '1', 'Squeal': '0', 'Typical-entropy': '5', 'Voicing-quality': '3', 'Wide-band': '0', 'Xlong-island': '0', 'seq': '1', 'end': 29395.4, 'start': 29392.0}]",0,0,[],[]
29395400,29396010,NA,FAF,0.0,789,CIC,NA,NA,NA,NA,0.0,0,-36.39,-26.36,[],0,0,[],[]
29396010,29397040,FEM,FAN,3.03,789,CIC,RC,1,TIFR,FI,0.0,0,-34.42,-22.92,[],0,0,[],[]
29397040,29399160,NA,NOF,0.0,789,CIC,NA,NA,NA,NA,0.0,0,-36.24,-21.72,[],0,0,[],[]
29399160,29400530,NA,CHF,0.0,789,CIC,RC,1,TIFE,FI,1.0,1370,-28.22,-18.68,"[{'Canonical-syllable': '0', 'Growl': '3', 'High-freq-energy': '4', 'Long-island': '0', 'Low-tilt-spectrum': '3', 'Medium-island': '0', 'Short-island': '3', 'Squeal': '1', 'Typical-entropy': '4', 'Voicing-quality': '3', 'Wide-band': '0', 'Xlong-island': '0', 'seq': '1', 'end': 29400.53, 'start': 29399.16}]",0,0,[],[]
29400530,29401530,NA,MAF,0.0,789,CIC,NA,NA,NA,NA,0.0,0,-37.34,-29.18,[],0,0,[],[]
29401530,29402720,CHI,CHN,0.0,789,CIC,NA,NA,NA,NA,0.0,0,-32.51,-20.9,[],0,460,"[{'start': 29401.53, 'end': 29401.74}]","[{'start': 29401.74, 'end': 29401.99}]"
29402720,29403700,OCH,CXN,0.0,789,CIC,EC,1,NT,FI,0.0,0,-36.42,-25.33,[],0,0,[],[]
29403700,29404500,NA,SIL,0.0,790,pause,NA,NA,NA,NA,0.0,0,-54.26,-44.69,[],0,0,[],[]
29404500,29405500,NA,TVN,0.0,790,pause,NA,NA,NA,NA,0.0,0,-51.41,-42.45,[],0,0,[],[]
29405500,29410360,NA,SIL,0.0,790,pause,NA,NA,NA,NA,0.0,0,-56.19,-46.79,[],0,0,[],[]
29410360,29411220,FEM,FAN,6.86,790,AMF,EC,0,NT,FI,0.0,0,-23.86,-17.86,[],0,0,[],[]
29411220,29412120,NA,OLF,0.0,791,pause,NA,NA,NA,NA,0.0,0,-34.84,-24.02,[],0,0,[],[]
29412120,29412920,NA,NOF,0.0,791,pause,NA,NA,NA,NA,0.0,0,-41.48,-33.09,[],0,0,[],[]
29412920,29417010,NA,SIL,0.0,791,pause,NA,NA,NA,NA,0.0,0,-52.95,-38.42,[],0,0,[],[]
29417010,29419680,NA,NOF,0.0,791,pause,NA,NA,NA,NA,0.0,0,-30.27,-10.12,[],0,0,[],[]
29419680,29422080,NA,SIL,0.0,791,pause,NA,NA,NA,NA,0.0,0,-57.0,-50.72,[],0,0,[],[]
29422080,29422680,NA,FAF,0.0,791,pause,NA,NA,NA,NA,0.0,0,-43.29,-35.75,[],0,0,[],[]
29422680,29431030,NA,NON,0.0,791,pause,NA,NA,NA,NA,0.0,0,-57.56,-50.0,[],0,0,[],[]
29431030,29434270,NA,SIL,0.0,791,pause,NA,NA,NA,NA,0.0,0,-56.64,-42.11,[],0,0,[],[]
29434270,29435850,FEM,FAN,7.25,791,AMF,BC,0,NT,FI,0.0,0,-22.68,-15.68,[],0,0,[],[]
29435850,29436760,NA,SIL,0.0,791,AMF,NA,NA,NA,NA,0.0,0,-53.01,-42.62,[],0,0,[],[]
29436760,29437760,FEM,FAN,0.44,791,AMF,EC,0,NT,FH,0.0,0,-43.48,-32.99,[],0,0,[],[]
29437760,29449750,NA,SIL,0.0,792,pause,NA,NA,NA,NA,0.0,0,-56.29,-36.69,[],0,0,[],[]
29449750,29450820,NA,NOF,0.0,792,pause,NA,NA,NA,NA,0.0,0,-31.29,-15.61,[],0,0,[],[]
29450820,29464540,NA,SIL,0.0,792,pause,NA,NA,NA,NA,0.0,0,-56.14,-38.41,[],0,0,[],[]
29464540,29465500,NA,NOF,0.0,792,pause,NA,NA,NA,NA,0.0,0,-41.57,-31.85,[],0,0,[],[]
29465500,29469990,NA,SIL,0.0,792,pause,NA,NA,NA,NA,0.0,0,-51.53,-33.73,[],0,0,[],[]
29469990,29471740,NA,NOF,0.0,792,pause,NA,NA,NA,NA,0.0,0,-20.18,-5.23,[],0,0,[],[]
29471740,29473260,CHI,CHN,0.0,792,CIC,BC,0,TIFI,FI,1.0,1520,-22.69,-17.67,"[{'Canonical-syllable': '0', 'Growl': '1', 'High-freq-energy': '0', 'Long-island': '0', 'Low-tilt-spectrum': '1', 'Medium-island': '0', 'Short-island': '0', 'Squeal': '0', 'Typical-entropy': '1', 'Voicing-quality': '2', 'Wide-band': '0', 'Xlong-island': '1', 'seq': '1', 'end': 29473.26, 'start': 29471.74}]",0,0,[],[]
29473260,29474060,NA,OLN,0.0,792,CIC,NA,NA,NA,NA,0.0,0,-19.95,-5.2,[],0,0,[],[]
29474060,29475130,NA,NOF,0.0,792,CIC,NA,NA,NA,NA,0.0,0,-29.93,-12.57,[],0,0,[],[]
29475130,29475730,FEM,FAN,3.58,792,CIC,EC,1,TIFR,FI,0.0,0,-35.07,-29.27,[],0,0,[],[]
29475730,29493890,NA,SIL,0.0,793,pause,NA,NA,NA,NA,0.0,0,-55.1,-32.98,[],0,0,[],[]
29493890,29495530,NA,NOF,0.0,793,pause,NA,NA,NA,NA,0.0,0,-20.96,-5.51,[],0,0,[],[]
29495530,29496130,CHI,CHN,0.0,793,CM,EC,0,NT,FI,1.0,600,-36.87,-30.06,"[{'Canonical-syllable': '0', 'Growl': '1', 'High-freq-energy': '1', 'Long-island': '0', 'Low-tilt-spectrum': '1', 'Medium-island': '1', 'Short-island': '0', 'Squeal': '0', 'Typical-entropy': '1', 'Voicing-quality': '1', 'Wide-band': '1', 'Xlong-island': '0', 'seq': '1', 'end': 29496.13, 'start': 29495.79}]",0,0,[],[]
29496130,29505540,NA,SIL,0.0,794,pause,NA,NA,NA,NA,0.0,0,-52.78,-46.75,[],0,0,[],[]
29505540,29506830,NA,NOF,0.0,794,pause,NA,NA,NA,NA,0.0,0,-35.41,-19.67,[],0,0,[],[]
29506830,29509730,NA,SIL,0.0,794,pause,NA,NA,NA,NA,0.0,0,-52.26,-35.03,[],0,0,[],[]
29509730,29510930,NA,TVF,0.0,794,pause,NA,NA,NA,NA,0.0,0,-54.82,-45.62,[],0,0,[],[]
29510930,29512030,NA,NOF,0.0,794,pause,NA,NA,NA,NA,0.0,0,-50.75,-43.09,[],0,0,[],[]
29512030,29513030,NA,TVF,0.0,794,pause,NA,NA,NA,NA,0.0,0,-52.71,-45.91,[],0,0,[],[]
29513030,29513830,NA,SIL,0.0,794,pause,NA,NA,NA,NA,0.0,0,-54.66,-44.92,[],0,0,[],[]
29513830,29515400,OCH,CXN,0.0,794,XM,EC,0,NT,FI,0.0,0,-42.45,-36.34,[],0,0,[],[]
29515400,29516200,NA,NOF,0.0,795,pause,NA,NA,NA,NA,0.0,0,-46.4,-36.69,[],0,0,[],[]
29516200,29517580,NA,TVN,0.0,795,pause,NA,NA,NA,NA,0.0,0,-44.94,-36.33,[],0,0,[],[]
29517580,29518380,NA,OLN,0.0,795,pause,NA,NA,NA,NA,0.0,0,-32.68,-26.63,[],0,0,[],[]
29518380,29519380,NA,TVN,0.0,795,pause,NA,NA,NA,NA,0.0,0,-40.1,-28.53,[],0,0,[],[]
29519380,29521120,NA,FAF,0.0,795,pause,NA,NA,NA,NA,0.0,0,-44.42,-33.08,[],0,0,[],[]
29521120,29522120,NA,TVF,0.0,795,pause,NA,NA,NA,NA,0.0,0,-53.36,-42.27,[],0,0,[],[]
29522120,29523880,NA,SIL,0.0,795,pause,NA,NA,NA,NA,0.0,0,-55.14,-43.22,[],0,0,[],[]
29523880,29525130,NA,NOF,0.0,795,pause,NA,NA,NA,NA,0.0,0,-25.44,-5.3,[],0,0,[],[]
29525130,29528360,NA,SIL,0.0,795,pause,NA,NA,NA,NA,0.0,0,-53.83,-40.03,[],0,0,[],[]
29528360,29529260,NA,NOF,0.0,795,pause,NA,NA,NA,NA,0.0,0,-41.16,-28.21,[],0,0,[],[]
29529260,29547320,NA,SIL,0.0,795,pause,NA,NA,NA,NA,0.0,0,-57.06,-42.71,[],0,0,[],[]
29547320,29552000,NA,NOF,0.0,795,pause,NA,NA,NA,NA,0.0,0,-22.04,-5.94,[],0,0,[],[]
29552000,29555190,NA,SIL,0.0,795,pause,NA,NA,NA,NA,0.0,0,-52.8,-49.02,[],0,0,[],[]
29555190,29559670,NA,NOF,0.0,795,pause,NA,NA,NA,NA,0.0,0,-23.01,-3.13,[],0,0,[],[]
29559670,29613620,NA,SIL,0.0,795,pause,NA,NA,NA,NA,0.0,0,-56.51,-36.04,[],0,0,[],[]
29613620,29615460,NA,NOF,0.0,795,pause,NA,NA,NA,NA,0.0,0,-32.99,-12.44,[],0,0,[],[]
29615460,29651170,NA,SIL,0.0,795,pause,NA,NA,NA,NA,0.0,0,-56.11,-36.97,[],0,0,[],[]
29651170,29651850,FEM,FAN,3.77,795,AMF,EC,0,NT,FI,0.0,0,-32.34,-24.57,[],0,0,[],[]
29651850,29652850,NA,OLN,0.0,796,pause,NA,NA,NA,NA,0.0,0,-22.19,-7.72,[],0,0,[],[]
29652850,29655180,NA,NON,0.0,796,pause,NA,NA,NA,NA,0.0,0,-34.45,-21.66,[],0,0,[],[]
29655180,29656870,NA,FAF,0.0,796,pause,NA,NA,NA,NA,0.0,0,-35.51,-26.11,[],0,0,[],[]
29656870,29657700,NA,NOF,0.0,796,pause,NA,NA,NA,NA,0.0,0,-42.08,-35.26,[],0,0,[],[]
29657700,29658420,FEM,FAN,0.0,796,pause,NA,NA,NA,NA,0.0,0,-27.67,-20.87,[],720,0,[],[]
29658420,29660100,NA,OLF,0.0,796,pause,NA,NA,NA,NA,0.0,0,-19.56,-6.3,[],0,0,[],[]
29660100,29660910,NA,NOF,0.0,796,pause,NA,NA,NA,NA,0.0,0,-38.77,-28.72,[],0,0,[],[]
29660910,29661790,NA,CXF,0.0,796,pause,NA,NA,NA,NA,0.0,0,-36.63,-28.06,[],0,0,[],[]
29661790,29666420,NA,NOF,0.0,796,pause,NA,NA,NA,NA,0.0,0,-40.63,-28.0,[],0,0,[],[]
29666420,29667920,NA,SIL,0.0,796,pause,NA,NA,NA,NA,0.0,0,-49.9,-41.08,[],0,0,[],[]
29667920,29670410,NA,OLF,0.0,796,pause,NA,NA,NA,NA,0.0,0,-28.99,-9.76,[],0,0,[],[]
29670410,29671210,NA,SIL,0.0,796,pause,NA,NA,NA,NA,0.0,0,-46.73,-37.51,[],0,0,[],[]
29671210,29671810,FEM,FAN,5.44,796,AICF,BC,0,TIFI,FI,0.0,0,-28.39,-21.05,[],0,0,[],[]
29671810,29672610,NA,SIL,0.0,796,AICF,NA,NA,NA,NA,0.0,0,-48.91,-42.64,[],0,0,[],[]
29672610,29673980,NA,FAF,0.0,796,AICF,NA,NA,NA,NA,0.0,0,-40.3,-31.31,[],0,0,[],[]
29673980,29674780,NA,SIL,0.0,796,AICF,NA,NA,NA,NA,0.0,0,-48.51,-41.78,[],0,0,[],[]
29674780,29676260,NA,NOF,0.0,796,AICF,NA,NA,NA,NA,0.0,0,-26.76,-7.56,[],0,0,[],[]
29676260,29677100,CHI,CHN,0.0,796,AICF,RC,1,TIFR,FI,1.0,840,-15.31,-8.39,"[{'Canonical-syllable': '0', 'Growl': '1', 'High-freq-energy': '0', 'Long-island': '0', 'Low-tilt-spectrum': '2', 'Medium-island': '2', 'Short-island': '0', 'Squeal': '0', 'Typical-entropy': '2', 'Voicing-quality': '2', 'Wide-band': '0', 'Xlong-island': '0', 'seq': '1', 'end': 29677.1, 'start': 29676.26}]",0,0,[],[]
29677100,29678700,NA,NOF,0.0,796,AICF,NA,NA,NA,NA,0.0,0,-35.54,-23.35,[],0,0,[],[]
29678700,29679540,CHI,CHN,0.0,796,AICF,RC,1,NT,FH,1.0,840,-18.09,-12.69,"[{'Canonical-syllable': '0', 'Growl': '0', 'High-freq-energy': '0', 'Long-island': '0', 'Low-tilt-spectrum': '0', 'Medium-island': '1', 'Short-island': '0', 'Squeal': '0', 'Typical-entropy': '0', 'Voicing-quality': '2', 'Wide-band': '0', 'Xlong-island': '0', 'seq': '1', 'end': 29679.54, 'start': 29678.7}]",0,0,[],[]
29679540,29680940,NA,NOF,0.0,796,AICF,NA,NA,NA,NA,0.0,0,-51.54,-46.75,[],0,0,[],[]
29680940,29681760,NA,CXF,0.0,796,AICF,NA,NA,NA,NA,0.0,0,-46.39,-41.44,[],0,0,[],[]
29681760,29682580,NA,SIL,0.0,796,AICF,NA,NA,NA,NA,0.0,0,-55.09,-48.86,[],0,0,[],[]
29682580,29683590,OCH,CXN,0.0,796,AICF,RC,1,NT,FI,0.0,0,-24.42,-17.5,[],0,0,[],[]
29683590,29684760,NA,NOF,0.0,796,AICF,NA,NA,NA,NA,0.0,0,-39.94,-27.53,[],0,0,[],[]
29684760,29685970,NA,OLN,0.0,796,AICF,NA,NA,NA,NA,0.0,0,-20.08,-9.68,[],0,0,[],[]
29685970,29687000,NA,NOF,0.0,796,AICF,NA,NA,NA,NA,0.0,0,-28.65,-18.6,[],0,0,[],[]
29687000,29687800,CHI,CHN,0.0,796,AICF,RC,1,NT,FI,1.0,800,-15.25,-8.9,"[{'Canonical-syllable': '0', 'Growl': '0', 'High-freq-energy': '0', 'Long-island': '1', 'Low-tilt-spectrum': '0', 'Medium-island': '0', 'Short-island': '0', 'Squeal': '0', 'Typical-entropy': '0', 'Voicing-quality': '1', 'Wide-band': '0', 'Xlong-island': '0', 'seq': '1', 'end': 29687.8, 'start': 29687.0}]",0,0,[],[]
29687800,29688800,CHI,CHN,0.0,796,AICF,RC,1,NT,FH,1.0,790,-16.36,-9.37,"[{'Canonical-syllable': '2', 'Growl': '0', 'High-freq-energy': '0', 'Long-island': '0', 'Low-tilt-spectrum': '0', 'Medium-island': '1', 'Short-island': '2', 'Squeal': '0', 'Typical-entropy': '2', 'Voicing-quality': '3', 'Wide-band': '0', 'Xlong-island': '0', 'seq': '1', 'end': 29688.59, 'start': 29687.8}]",0,0,[],[]
29688800,29689400,OCH,CXN,0.0,796,AICF,RC,1,NT,FI,0.0,0,-16.57,-8.04,[],0,0,[],[]
29689400,29690930,NA,OLF,0.0,796,AICF,NA,NA,NA,NA,0.0,0,-39.75,-24.98,[],0,0,[],[]
29690930,29691830,NA,CXF,0.0,796,AICF,NA,NA,NA,NA,0.0,0,-36.28,-27.41,[],0,0,[],[]
29691830,29693500,NA,NOF,0.0,796,AICF,NA,NA,NA,NA,0.0,0,-29.33,-16.18,[],0,0,[],[]
29693500,29694180,CHI,CHN,0.0,796,AICF,RC,1,NT,FI,1.0,540,-16.7,-9.21,"[{'Canonical-syllable': '0', 'Growl': '0', 'High-freq-energy': '0', 'Long-island': '0', 'Low-tilt-spectrum': '0', 'Medium-island': '1', 'Short-island': '0', 'Squeal': '0', 'Typical-entropy': '0', 'Voicing-quality': '1', 'Wide-band': '0', 'Xlong-island': '0', 'seq': '1', 'end': 29694.04, 'start': 29693.58}]",0,0,[],[]
29694180,29695170,NA,SIL,0.0,796,AICF,NA,NA,NA,NA,0.0,0,-50.28,-43.51,[],0,0,[],[]
29695170,29696500,CHI,CHN,0.0,796,AICF,RC,1,NT,FH,1.0,690,-21.12,-11.6,"[{'Canonical-syllable': '0', 'Growl': '0', 'High-freq-energy': '0', 'Long-island': '0', 'Low-tilt-spectrum': '0', 'Medium-island': '1', 'Short-island': '1', 'Squeal': '0', 'Typical-entropy': '1', 'Voicing-quality': '2', 'Wide-band': '0', 'Xlong-island': '0', 'seq': '1', 'end': 29696.34, 'start': 29695.65}]",0,0,[],[]
29696500,29697100,CHI,CHN,0.0,796,AICF,RC,1,NT,FH,1.0,600,-20.67,-15.39,"[{'Canonical-syllable': '1', 'Growl': '0', 'High-freq-energy': '0', 'Long-island': '0', 'Low-tilt-spectrum': '0', 'Medium-island': '1', 'Short-island': '0', 'Squeal': '0', 'Typical-entropy': '0', 'Voicing-quality': '1', 'Wide-band': '0', 'Xlong-island': '0', 'seq': '1', 'end': 29697.1, 'start': 29696.5}]",0,0,[],[]
29697100,29697900,NA,SIL,0.0,796,AICF,NA,NA,NA,NA,0.0,0,-51.95,-46.25,[],0,0,[],[]
29697900,29698730,OCH,CXN,0.0,796,AICF,RC,1,NT,FI,0.0,0,-39.36,-30.06,[],0,0,[],[]
29698730,29699690,NA,NOF,0.0,796,AICF,NA,NA,NA,NA,0.0,0,-47.0,-38.5,[],0,0,[],[]
29699690,29700840,CHI,CHN,0.0,796,AICF,RC,1,NT,FI,1.0,1010,-18.29,-10.42,"[{'Canonical-syllable': '0', 'Growl': '0', 'High-freq-energy': '0', 'Long-island': '0', 'Low-tilt-spectrum': '0', 'Medium-island': '1', 'Short-island': '1', 'Squeal': '0', 'Typical-entropy': '0', 'Voicing-quality': '2', 'Wide-band': '0', 'Xlong-island': '0', 'seq': '1', 'end': 29700.7, 'start': 29699.9}]",0,0,[],[]
29700840,29702180,NA,NOF,0.0,796,AICF,NA,NA,NA,NA,0.0,0,-40.92,-30.44,[],0,0,[],[]
29702180,29703130,CHI,CHN,0.0,796,AICF,RC,1,NT,FH,1.0,950,-15.95,-7.6,"[{'Canonical-syllable': '0', 'Growl': '1', 'High-freq-energy': '0', 'Long-island': '0', 'Low-tilt-spectrum': '0', 'Medium-island': '1', 'Short-island': '1', 'Squeal': '0', 'Typical-entropy': '1', 'Voicing-quality': '2', 'Wide-band': '0', 'Xlong-island': '0', 'seq': '1', 'end': 29703.13, 'start': 29702.18}]",0,0,[],[]
29703130,29704880,NA,NOF,0.0,796,AICF,NA,NA,NA,NA,0.0,0,-39.37,-28.77,[],0,0,[],[]
29704880,29705480,CHI,CHN,0.0,796,AICF,RC,1,NT,FH,1.0,600,-18.18,-11.19,"[{'Canonical-syllable': '1', 'Growl': '0', 'High-freq-energy': '0', 'Long-island': '0', 'Low-tilt-spectrum': '0', 'Medium-island': '1', 'Short-island': '0', 'Squeal': '0', 'Typical-entropy': '0', 'Voicing-quality': '1', 'Wide-band': '0', 'Xlong-island': '0', 'seq': '1', 'end': 29705.48, 'start': 29704.88}]",0,0,[],[]
29705480,29706660,CHI,CHN,0.0,796,AICF,RC,1,NT,FH,1.0,650,-19.78,-10.89,"[{'Canonical-syllable': '1', 'Growl': '0', 'High-freq-energy': '0', 'Long-island': '0', 'Low-tilt-spectrum': '1', 'Medium-island': '1', 'Short-island': '1', 'Squeal': '0', 'Typical-entropy': '1', 'Voicing-quality': '2', 'Wide-band': '0', 'Xlong-island': '0', 'seq': '1', 'end': 29706.66, 'start': 29706.01}]",0,0,[],[]
29706660,29707260,CHI,CHN,0.0,796,AICF,RC,1,NT,FH,1.0,270,-21.94,-16.16,"[{'Canonical-syllable': '1', 'Growl': '0', 'High-freq-energy': '0', 'Long-island': '0', 'Low-tilt-spectrum': '0', 'Medium-island': '1', 'Short-island': '0', 'Squeal': '0', 'Typical-entropy': '0', 'Voicing-quality': '1', 'Wide-band': '0', 'Xlong-island': '0', 'seq': '1', 'end': 29706.93, 'start': 29706.66}]",0,0,[],[]
29707260,29708430,NA,CXF,0.0,796,AICF,NA,NA,NA,NA,0.0,0,-45.66,-40.03,[],0,0,[],[]
29708430,29709940,NA,NOF,0.0,796,AICF,NA,NA,NA,NA,0.0,0,-43.61,-34.07,[],0,0,[],[]
29709940,29710940,CHI,CHN,0.0,796,AICF,RC,1,NT,FH,1.0,1000,-22.89,-16.06,"[{'Canonical-syllable': '0', 'Growl': '0', 'High-freq-energy': '0', 'Long-island': '1', 'Low-tilt-spectrum': '0', 'Medium-island': '0', 'Short-island': '0', 'Squeal': '0', 'Typical-entropy': '1', 'Voicing-quality': '1', 'Wide-band': '0', 'Xlong-island': '0', 'seq': '1', 'end': 29710.94, 'start': 29710.24}]",0,0,[],[]
29710940,29712120,NA,NOF,0.0,796,AICF,NA,NA,NA,NA,0.0,0,-43.26,-34.65,[],0,0,[],[]
29712120,29712790,OCH,CXN,0.0,796,AICF,EC,1,NT,FI,0.0,0,-20.4,-14.99,[],0,0,[],[]
29712790,29717930,NA,NOF,0.0,797,pause,NA,NA,NA,NA,0.0,0,-37.43,-22.05,[],0,0,[],[]
29717930,29718810,NA,OLF,0.0,797,pause,NA,NA,NA,NA,0.0,0,-36.08,-28.28,[],0,0,[],[]
29718810,29724140,NA,NOF,0.0,797,pause,NA,NA,NA,NA,0.0,0,-33.78,-10.76,[],0,0,[],[]
29724140,29724940,NA,SIL,0.0,797,pause,NA,NA,NA,NA,0.0,0,-51.63,-44.28,[],0,0,[],[]
29724940,29726420,NA,NOF,0.0,797,pause,NA,NA,NA,NA,0.0,0,-44.93,-35.39,[],0,0,[],[]
29726420,29733770,NA,SIL,0.0,797,pause,NA,NA,NA,NA,0.0,0,-50.04,-37.18,[],0,0,[],[]
29733770,29734570,NA,NOF,0.0,797,pause,NA,NA,NA,NA,0.0,0,-40.99,-31.77,[],0,0,[],[]
29734570,29735380,NA,SIL,0.0,797,pause,NA,NA,NA,NA,0.0,0,-52.98,-50.14,[],0,0,[],[]
29735380,29736270,NA,NOF,0.0,797,pause,NA,NA,NA,NA,0.0,0,-37.18,-28.36,[],0,0,[],[]
29736270,29738060,NA,SIL,0.0,797,pause,NA,NA,NA,NA,0.0,0,-51.39,-46.53,[],0,0,[],[]
29738060,29739650,NA,NOF,0.0,797,pause,NA,NA,NA,NA,0.0,0,-49.14,-39.72,[],0,0,[],[]
29739650,29746890,NA,SIL,0.0,797,pause,NA,NA,NA,NA,0.0,0,-51.14,-35.35,[],0,0,[],[]
29746890,29747730,NA,NOF,0.0,797,pause,NA,NA,NA,NA,0.0,0,-49.14,-43.66,[],0,0,[],[]
29747730,29753220,NA,SIL,0.0,797,pause,NA,NA,NA,NA,0.0,0,-50.81,-34.63,[],0,0,[],[]
29753220,29756270,NA,NOF,0.0,797,pause,NA,NA,NA,NA,0.0,0,-47.15,-36.61,[],0,0,[],[]
29756270,29768980,NA,SIL,0.0,797,pause,NA,NA,NA,NA,0.0,0,-50.11,-34.71,[],0,0,[],[]
29768980,29775330,NA,NON,0.0,797,pause,NA,NA,NA,NA,0.0,0,-52.46,-48.32,[],0,0,[],[]
29775330,29781130,NA,SIL,0.0,797,pause,NA,NA,NA,NA,0.0,0,-52.4,-46.07,[],0,0,[],[]
29781130,29781730,FEM,FAN,2.65,797,AMF,BC,0,NT,FI,0.0,0,-33.68,-24.24,[],0,0,[],[]
29781730,29783440,NA,SIL,0.0,797,AMF,NA,NA,NA,NA,0.0,0,-52.46,-48.04,[],0,0,[],[]
29783440,29784440,FEM,FAN,7.24,797,AMF,EC,0,NT,FH,0.0,0,-36.76,-23.81,[],0,0,[],[]
29784440,29794650,NA,SIL,0.0,798,pause,NA,NA,NA,NA,0.0,0,-51.92,-43.14,[],0,0,[],[]
29794650,29795450,NA,NOF,0.0,798,pause,NA,NA,NA,NA,0.0,0,-30.68,-13.46,[],0,0,[],[]
29795450,29796370,NA,SIL,0.0,798,pause,NA,NA,NA,NA,0.0,0,-50.03,-44.53,[],0,0,[],[]
29796370,29798570,NA,NOF,0.0,798,pause,NA,NA,NA,NA,0.0,0,-36.47,-18.47,[],0,0,[],[]
29798570,29799370,NA,SIL,0.0,798,pause,NA,NA,NA,NA,0.0,0,-50.19,-45.26,[],0,0,[],[]
29799370,29800170,NA,NOF,0.0,798,pause,NA,NA,NA,NA,0.0,0,-46.94,-35.0,[],0,0,[],[]
29800170,29800970,NA,SIL,0.0,798,pause,NA,NA,NA,NA,0.0,0,-50.16,-42.19,[],0,0,[],[]
29800970,29803200,NA,NOF,0.0,798,pause,NA,NA,NA,NA,0.0,0,-38.04,-20.82,[],0,0,[],[]
29803200,29804550,NA,SIL,0.0,798,pause,NA,NA,NA,NA,0.0,0,-50.07,-38.37,[],0,0,[],[]
29804550,29805380,NA,NOF,0.0,798,pause,NA,NA,NA,NA,0.0,0,-46.5,-36.59,[],0,0,[],[]
29805380,29806180,NA,SIL,0.0,798,pause,NA,NA,NA,NA,0.0,0,-45.18,-30.66,[],0,0,[],[]
29806180,29813560,NA,NOF,0.0,798,pause,NA,NA,NA,NA,0.0,0,-40.28,-23.64,[],0,0,[],[]
29813560,29814360,NA,SIL,0.0,798,pause,NA,NA,NA,NA,0.0,0,-48.32,-38.7,[],0,0,[],[]
29814360,29815460,NA,OLF,0.0,798,pause,NA,NA,NA,NA,0.0,0,-39.35,-25.68,[],0,0,[],[]
29815460,29819650,NA,SIL,0.0,798,pause,NA,NA,NA,NA,0.0,0,-50.99,-36.53,[],0,0,[],[]
29819650,29821150,NA,NOF,0.0,798,pause,NA,NA,NA,NA,0.0,0,-46.32,-34.99,[],0,0,[],[]
29821150,29822730,NA,SIL,0.0,798,pause,NA,NA,NA,NA,0.0,0,-52.14,-47.73,[],0,0,[],[]
29822730,29823950,NA,NOF,0.0,798,pause,NA,NA,NA,NA,0.0,0,-33.71,-14.44,[],0,0,[],[]
29823950,29824900,NA,SIL,0.0,798,pause,NA,NA,NA,NA,0.0,0,-51.73,-47.24,[],0,0,[],[]
29824900,29829870,NA,NOF,0.0,798,pause,NA,NA,NA,NA,0.0,0,-31.35,-6.27,[],0,0,[],[]
29829870,29831270,NA,SIL,0.0,798,pause,NA,NA,NA,NA,0.0,0,-49.37,-36.53,[],0,0,[],[]
29831270,29833080,NA,NOF,0.0,798,pause,NA,NA,NA,NA,0.0,0,-39.71,-27.99,[],0,0,[],[]
29833080,29833770,FEM,FAN,0.78,798,AIOCF,BC,0,NT,FI,0.0,0,-29.2,-19.23,[],0,0,[],[]
29833770,29835150,NA,NOF,0.0,798,AIOCF,NA,NA,NA,NA,0.0,0,-41.06,-25.16,[],0,0,[],[]
29835150,29835760,OCH,CXN,0.0,798,AIOCF,RC,0,NT,FI,0.0,0,-27.07,-23.38,[],0,0,[],[]
29835760,29836560,NA,SIL,0.0,798,AIOCF,NA,NA,NA,NA,0.0,0,-51.33,-37.33,[],0,0,[],[]
29836560,29837780,FEM,FAN,4.29,798,AIOCF,EC,0,NT,FI,0.0,0,-27.92,-16.91,[],0,0,[],[]
29837780,29839070,NA,OLF,0.0,799,pause,NA,NA,NA,NA,0.0,0,-35.41,-24.62,[],0,0,[],[]
29839070,29840760,NA,NOF,0.0,799,pause,NA,NA,NA,NA,0.0,0,-40.31,-26.07,[],0,0,[],[]
29840760,29841560,NA,OLF,0.0,799,pause,NA,NA,NA,NA,0.0,0,-38.37,-27.28,[],0,0,[],[]
29841560,29851580,NA,NOF,0.0,799,pause,NA,NA,NA,NA,0.0,0,-32.05,-9.94,[],0,0,[],[]
29851580,29852400,NA,SIL,0.0,799,pause,NA,NA,NA,NA,0.0,0,-48.18,-36.68,[],0,0,[],[]
29852400,29854290,NA,NOF,0.0,799,pause,NA,NA,NA,NA,0.0,0,-45.99,-35.27,[],0,0,[],[]
29854290,29855590,CHI,CHN,0.0,799,CIOCAX,BC,0,NT,FI,2.0,820,-27.34,-18.38,"[{'Canonical-syllable': '0', 'Growl': '1', 'High-freq-energy': '0', 'Long-island': '0', 'Low-tilt-spectrum': '1', 'Medium-island': '0', 'Short-island': '0', 'Squeal': '0', 'Typical-entropy': '0', 'Voicing-quality': '1', 'Wide-band': '0', 'Xlong-island': '0', 'seq': '1', 'end': 29854.4, 'start': 29854.29}, {'Canonical-syllable': '1', 'Growl': '0', 'High-freq-energy': '0', 'Long-island': '0', 'Low-tilt-spectrum': '0', 'Medium-island': '1', 'Short-island': '0', 'Squeal': '0', 'Typical-entropy': '1', 'Voicing-quality': '1', 'Wide-band': '0', 'Xlong-island': '0', 'seq': '2', 'end': 29855.59, 'start': 29854.88}]",0,0,[],[]
29855590,29856440,OCH,CXN,0.0,799,CIOCAX,RC,0,NT,FI,0.0,0,-37.11,-28.39,[],0,0,[],[]
29856440,29858670,NA,OLN,0.0,799,CIOCAX,NA,NA,NA,NA,0.0,0,-21.03,-4.75,[],0,0,[],[]
29858670,29860620,CHI,CHN,0.0,799,CIOCAX,RC,0,NT,FI,2.0,780,-18.15,-7.67,"[{'Canonical-syllable': '0', 'Growl': '0', 'High-freq-energy': '0', 'Long-island': '0', 'Low-tilt-spectrum': '0', 'Medium-island': '1', 'Short-island': '0', 'Squeal': '0', 'Typical-entropy': '1', 'Voicing-quality': '1', 'Wide-band': '0', 'Xlong-island': '0', 'seq': '1', 'end': 29859.08, 'start': 29858.67}, {'Canonical-syllable': '0', 'Growl': '2', 'High-freq-energy': '0', 'Long-island': '0', 'Low-tilt-spectrum': '0', 'Medium-island': '0', 'Short-island': '2', 'Squeal': '0', 'Typical-entropy': '1', 'Voicing-quality': '2', 'Wide-band': '0', 'Xlong-island': '0', 'seq': '2', 'end': 29860.52, 'start': 29860.15}]",0,0,[],[]
29860620,29861420,OCH,CXN,0.0,799,CIOCAX,RC,0,NT,FI,0.0,0,-18.65,-12.64,[],0,0,[],[]
29861420,29862220,NA,OLN,0.0,799,CIOCAX,NA,NA,NA,NA,0.0,0,-40.56,-34.19,[],0,0,[],[]
29862220,29863190,NA,NOF,0.0,799,CIOCAX,NA,NA,NA,NA,0.0,0,-22.52,-6.28,[],0,0,[],[]
29863190,29863860,FEM,FAN,3.07,799,CIOCAX,EC,0,NT,FI,0.0,0,-23.71,-17.97,[],0,0,[],[]
29863860,29864890,NA,NOF,0.0,800,pause,NA,NA,NA,NA,0.0,0,-26.71,-10.2,[],0,0,[],[]
29864890,29866720,NA,OLF,0.0,800,pause,NA,NA,NA,NA,0.0,0,-30.6,-18.06,[],0,0,[],[]
29866720,29869860,NA,NOF,0.0,800,pause,NA,NA,NA,NA,0.0,0,-36.19,-13.64,[],0,0,[],[]
29869860,29870460,NA,FAF,0.0,800,pause,NA,NA,NA,NA,0.0,0,-40.12,-26.88,[],0,0,[],[]
29870460,29876980,NA,NOF,0.0,800,pause,NA,NA,NA,NA,0.0,0,-37.22,-14.04,[],0,0,[],[]
29876980,29878410,NA,SIL,0.0,800,pause,NA,NA,NA,NA,0.0,0,-56.61,-49.02,[],0,0,[],[]
29878410,29883530,NA,NOF,0.0,800,pause,NA,NA,NA,NA,0.0,0,-37.71,-15.86,[],0,0,[],[]
29883530,29884390,NA,SIL,0.0,800,pause,NA,NA,NA,NA,0.0,0,-57.37,-49.32,[],0,0,[],[]
29884390,29885480,FEM,FAN,2.46,800,AMF,EC,0,NT,FI,0.0,0,-27.23,-17.23,[],0,0,[],[]
29885480,29892260,NA,NOF,0.0,801,pause,NA,NA,NA,NA,0.0,0,-25.58,-3.56,[],0,0,[],[]
29892260,29893740,NA,OLF,0.0,801,pause,NA,NA,NA,NA,0.0,0,-32.07,-18.3,[],0,0,[],[]
29893740,29898930,NA,NOF,0.0,801,pause,NA,NA,NA,NA,0.0,0,-31.52,-8.62,[],0,0,[],[]
29898930,29899770,NA,OLN,0.0,801,pause,NA,NA,NA,NA,0.0,0,-35.53,-25.43,[],0,0,[],[]
29899770,29907200,NA,NOF,0.0,801,pause,NA,NA,NA,NA,0.0,0,-35.87,-14.23,[],0,0,[],[]
29907200,29908210,NA,SIL,0.0,801,pause,NA,NA,NA,NA,0.0,0,-50.51,-42.2,[],0,0,[],[]
29908210,29911680,NA,NOF,0.0,801,pause,NA,NA,NA,NA,0.0,0,-34.61,-18.69,[],0,0,[],[]
29911680,29912630,NA,OLF,0.0,801,pause,NA,NA,NA,NA,0.0,0,-32.91,-22.02,[],0,0,[],[]
29912630,29917030,NA,NOF,0.0,801,pause,NA,NA,NA,NA,0.0,0,-33.08,-16.71,[],0,0,[],[]
29917030,29917830,CHI,CHN,0.0,801,CIOCX,BC,0,NT,FI,1.0,800,-15.93,-10.49,"[{'Canonical-syllable': '0', 'Growl': '0', 'High-freq-energy': '0', 'Long-island': '1', 'Low-tilt-spectrum': '0', 'Medium-island': '0', 'Short-island': '0', 'Squeal': '0', 'Typical-entropy': '1', 'Voicing-quality': '1', 'Wide-band': '0', 'Xlong-island': '0', 'seq': '1', 'end': 29917.83, 'start': 29917.03}]",0,0,[],[]
29917830,29918960,NA,NOF,0.0,801,CIOCX,NA,NA,NA,NA,0.0,0,-23.25,-6.78,[],0,0,[],[]
29918960,29921070,NA,OLN,0.0,801,CIOCX,NA,NA,NA,NA,0.0,0,-22.32,-7.16,[],0,0,[],[]
29921070,29922140,OCH,CXN,0.0,801,CIOCX,RC,0,NT,FI,0.0,0,-14.46,-3.95,[],0,0,[],[]
29922140,29923990,CHI,CHN,0.0,801,CIOCX,EC,0,NT,FI,1.0,1850,-15.04,-5.65,"[{'Canonical-syllable': '2', 'Growl': '0', 'High-freq-energy': '1', 'Long-island': '0', 'Low-tilt-spectrum': '1', 'Medium-island': '2', 'Short-island': '2', 'Squeal': '0', 'Typical-entropy': '2', 'Voicing-quality': '5', 'Wide-band': '0', 'Xlong-island': '0', 'seq': '1', 'end': 29923.99, 'start': 29922.14}]",0,0,[],[]
29923990,29925100,NA,NOF,0.0,802,pause,NA,NA,NA,NA,0.0,0,-42.36,-32.65,[],0,0,[],[]
29925100,29926700,NA,SIL,0.0,802,pause,NA,NA,NA,NA,0.0,0,-44.24,-34.52,[],0,0,[],[]
29926700,29927330,CHI,CHN,0.0,802,pause,NA,NA,NA,NA,0.0,0,-28.71,-22.09,[],0,400,[],"[{'start': 29926.93, 'end': 29927.33}]"
29927330,29928130,NA,NOF,0.0,802,pause,NA,NA,NA,NA,0.0,0,-31.76,-20.18,[],0,0,[],[]
29928130,29929230,NA,SIL,0.0,802,pause,NA,NA,NA,NA,0.0,0,-44.01,-31.85,[],0,0,[],[]
29929230,29930030,NA,NOF,0.0,802,pause,NA,NA,NA,NA,0.0,0,-30.42,-22.33,[],0,0,[],[]
29930030,29930830,NA,SIL,0.0,802,pause,NA,NA,NA,NA,0.0,0,-30.78,-19.2,[],0,0,[],[]
29930830,29933200,NA,NOF,0.0,802,pause,NA,NA,NA,NA,0.0,0,-38.32,-22.43,[],0,0,[],[]
29933200,29934030,NA,OLF,0.0,802,pause,NA,NA,NA,NA,0.0,0,-41.93,-32.43,[],0,0,[],[]
29934030,29935480,NA,NOF,0.0,802,pause,NA,NA,NA,NA,0.0,0,-42.11,-34.66,[],0,0,[],[]
29935480,29936480,NA,MAF,0.0,802,pause,NA,NA,NA,NA,0.0,0,-45.68,-39.52,[],0,0,[],[]
29936480,29937570,NA,SIL,0.0,802,pause,NA,NA,NA,NA,0.0,0,-45.01,-34.55,[],0,0,[],[]
29937570,29938370,NA,NOF,0.0,802,pause,NA,NA,NA,NA,0.0,0,-45.87,-35.11,[],0,0,[],[]
29938370,29939170,NA,SIL,0.0,802,pause,NA,NA,NA,NA,0.0,0,-47.73,-38.32,[],0,0,[],[]
29939170,29942080,NA,NOF,0.0,802,pause,NA,NA,NA,NA,0.0,0,-34.64,-21.03,[],0,0,[],[]
29942080,29943110,NA,OLF,0.0,802,pause,NA,NA,NA,NA,0.0,0,-21.53,-7.18,[],0,0,[],[]
29943110,29944080,NA,NOF,0.0,802,pause,NA,NA,NA,NA,0.0,0,-33.85,-16.26,[],0,0,[],[]
29944080,29945190,NA,SIL,0.0,802,pause,NA,NA,NA,NA,0.0,0,-29.84,-17.15,[],0,0,[],[]
29945190,29948690,NA,NOF,0.0,802,pause,NA,NA,NA,NA,0.0,0,-30.03,-16.69,[],0,0,[],[]
29948690,29949500,NA,SIL,0.0,802,pause,NA,NA,NA,NA,0.0,0,-45.12,-39.31,[],0,0,[],[]
29949500,29952500,NA,NOF,0.0,802,pause,NA,NA,NA,NA,0.0,0,-37.09,-23.47,[],0,0,[],[]
29952500,29953670,NA,SIL,0.0,802,pause,NA,NA,NA,NA,0.0,0,-33.03,-21.92,[],0,0,[],[]
29953670,29955220,NA,NOF,0.0,802,pause,NA,NA,NA,NA,0.0,0,-29.11,-17.17,[],0,0,[],[]
29955220,29956310,NA,SIL,0.0,802,pause,NA,NA,NA,NA,0.0,0,-30.65,-17.58,[],0,0,[],[]
29956310,29957370,NA,NOF,0.0,802,pause,NA,NA,NA,NA,0.0,0,-30.39,-18.56,[],0,0,[],[]
29957370,29958660,NA,SIL,0.0,802,pause,NA,NA,NA,NA,0.0,0,-29.99,-17.01,[],0,0,[],[]
29958660,29960480,NA,NOF,0.0,802,pause,NA,NA,NA,NA,0.0,0,-25.4,-13.06,[],0,0,[],[]
29960480,29961400,NA,SIL,0.0,802,pause,NA,NA,NA,NA,0.0,0,-27.54,-16.56,[],0,0,[],[]
29961400,29962200,NA,MAF,0.0,802,pause,NA,NA,NA,NA,0.0,0,-22.66,-13.86,[],0,0,[],[]
29962200,29963060,NA,SIL,0.0,802,pause,NA,NA,NA,NA,0.0,0,-40.75,-31.81,[],0,0,[],[]
29963060,29963660,NA,TVF,0.0,802,pause,NA,NA,NA,NA,0.0,0,-20.01,-10.46,[],0,0,[],[]
29963660,29964470,NA,SIL,0.0,802,pause,NA,NA,NA,NA,0.0,0,-31.52,-18.4,[],0,0,[],[]
29964470,29967800,NA,NOF,0.0,802,pause,NA,NA,NA,NA,0.0,0,-25.59,-8.2,[],0,0,[],[]
29967800,29968920,NA,SIL,0.0,802,pause,NA,NA,NA,NA,0.0,0,-39.45,-29.83,[],0,0,[],[]
29968920,29969960,NA,NOF,0.0,802,pause,NA,NA,NA,NA,0.0,0,-35.97,-21.05,[],0,0,[],[]
29969960,29972400,NA,SIL,0.0,802,pause,NA,NA,NA,NA,0.0,0,-39.06,-22.93,[],0,0,[],[]
29972400,29978660,NA,NOF,0.0,802,pause,NA,NA,NA,NA,0.0,0,-33.08,-15.87,[],0,0,[],[]
29978660,29979830,NA,SIL,0.0,802,pause,NA,NA,NA,NA,0.0,0,-34.19,-22.33,[],0,0,[],[]
29979830,29980730,NA,NOF,0.0,802,pause,NA,NA,NA,NA,0.0,0,-33.94,-23.22,[],0,0,[],[]
29980730,29981560,NA,OLF,0.0,802,pause,NA,NA,NA,NA,0.0,0,-37.73,-27.76,[],0,0,[],[]
29981560,29982180,NA,MAF,0.0,802,pause,NA,NA,NA,NA,0.0,0,-32.79,-25.03,[],0,0,[],[]
29982180,29987030,NA,NOF,0.0,802,pause,NA,NA,NA,NA,0.0,0,-29.64,-13.73,[],0,0,[],[]
29987030,29987640,CHI,CHN,0.0,802,CM,EC,0,NT,FI,1.0,220,-17.28,-8.47,"[{'Canonical-syllable': '0', 'Growl': '0', 'High-freq-energy': '0', 'Long-island': '0', 'Low-tilt-spectrum': '1', 'Medium-island': '0', 'Short-island': '1', 'Squeal': '1', 'Typical-entropy': '1', 'Voicing-quality': '1', 'Wide-band': '0', 'Xlong-island': '0', 'seq': '1', 'end': 29987.25, 'start': 29987.03}]",0,0,[],[]
29987640,29988440,NA,NOF,0.0,803,pause,NA,NA,NA,NA,0.0,0,-27.34,-17.65,[],0,0,[],[]
29988440,29989240,NA,OLF,0.0,803,pause,NA,NA,NA,NA,0.0,0,-32.45,-23.45,[],0,0,[],[]
29989240,29990040,NA,NOF,0.0,803,pause,NA,NA,NA,NA,0.0,0,-34.94,-21.31,[],0,0,[],[]
29990040,29991160,NA,OLN,0.0,803,pause,NA,NA,NA,NA,0.0,0,-23.93,-14.97,[],0,0,[],[]
29991160,29999250,NA,NOF,0.0,803,pause,NA,NA,NA,NA,0.0,0,-31.7,-7.44,[],0,0,[],[]
29999250,30000200,NA,OLF,0.0,803,pause,NA,NA,NA,NA,0.0,0,-20.65,-7.57,[],0,0,[],[]
30000200,30001720,NA,NON,0.0,803,pause,NA,NA,NA,NA,0.0,0,-35.75,-27.56,[],0,0,[],[]
30001720,30002840,NA,OLF,0.0,803,pause,NA,NA,NA,NA,0.0,0,-35.11,-28.38,[],0,0,[],[]
30002840,30007870,NA,NOF,0.0,803,pause,NA,NA,NA,NA,0.0,0,-41.18,-27.41,[],0,0,[],[]
30007870,30008870,NA,FAF,0.0,803,pause,NA,NA,NA,NA,0.0,0,-27.85,-10.16,[],0,0,[],[]
30008870,30009670,NA,NOF,0.0,803,pause,NA,NA,NA,NA,0.0,0,-36.93,-26.24,[],0,0,[],[]
30009670,30010470,NA,OLF,0.0,803,pause,NA,NA,NA,NA,0.0,0,-33.49,-19.52,[],0,0,[],[]
30010470,30011320,NA,NON,0.0,803,pause,NA,NA,NA,NA,0.0,0,-23.04,-8.09,[],0,0,[],[]
30011320,30012290,NA,OLN,0.0,803,pause,NA,NA,NA,NA,0.0,0,-35.45,-28.95,[],0,0,[],[]
30012290,30013670,NA,NOF,0.0,803,pause,NA,NA,NA,NA,0.0,0,-39.29,-26.77,[],0,0,[],[]
30013670,30014500,NA,OLF,0.0,803,pause,NA,NA,NA,NA,0.0,0,-37.32,-27.15,[],0,0,[],[]
30014500,30015800,NA,NON,0.0,803,pause,NA,NA,NA,NA,0.0,0,-33.24,-19.57,[],0,0,[],[]
30015800,30016730,NA,OLF,0.0,803,pause,NA,NA,NA,NA,0.0,0,-33.71,-19.33,[],0,0,[],[]
30016730,30024130,NA,NOF,0.0,803,pause,NA,NA,NA,NA,0.0,0,-36.63,-14.68,[],0,0,[],[]
30024130,30024930,NA,OLF,0.0,803,pause,NA,NA,NA,NA,0.0,0,-37.46,-27.93,[],0,0,[],[]
30024930,30026430,NA,NOF,0.0,803,pause,NA,NA,NA,NA,0.0,0,-37.36,-25.23,[],0,0,[],[]
30026430,30028120,NA,SIL,0.0,803,pause,NA,NA,NA,NA,0.0,0,-52.89,-44.19,[],0,0,[],[]
30028120,30035850,NA,NOF,0.0,803,pause,NA,NA,NA,NA,0.0,0,-38.99,-23.47,[],0,0,[],[]
30035850,30036650,NA,SIL,0.0,803,pause,NA,NA,NA,NA,0.0,0,-45.2,-30.66,[],0,0,[],[]
30036650,30043660,NA,NOF,0.0,803,pause,NA,NA,NA,NA,0.0,0,-28.25,-6.76,[],0,0,[],[]
30043660,30046630,NA,SIL,0.0,803,pause,NA,NA,NA,NA,0.0,0,-43.78,-28.42,[],0,0,[],[]
30046630,30048160,NA,NOF,0.0,803,pause,NA,NA,NA,NA,0.0,0,-33.27,-23.21,[],0,0,[],[]
30048160,30049990,NA,SIL,0.0,803,pause,NA,NA,NA,NA,0.0,0,-44.0,-30.43,[],0,0,[],[]
30049990,30050790,NA,TVF,0.0,803,pause,NA,NA,NA,NA,0.0,0,-28.17,-17.08,[],0,0,[],[]
30050790,30058220,NA,SIL,0.0,803,pause,NA,NA,NA,NA,0.0,0,-45.5,-30.99,[],0,0,[],[]
30058220,30060380,NA,NON,0.0,803,pause,NA,NA,NA,NA,0.0,0,-22.19,-7.36,[],0,0,[],[]
30060380,30069730,NA,SIL,0.0,803,pause,NA,NA,NA,NA,0.0,0,-49.36,-32.76,[],0,0,[],[]
30069730,30070670,FEM,FAN,2.66,803,AMF,EC,0,NT,FI,0.0,0,-35.76,-27.91,[],0,0,[],[]
30070670,30073110,NA,NOF,0.0,804,pause,NA,NA,NA,NA,0.0,0,-23.36,-5.11,[],0,0,[],[]
30073110,30076790,NA,SIL,0.0,804,pause,NA,NA,NA,NA,0.0,0,-54.7,-43.6,[],0,0,[],[]
30076790,30077600,NA,OLN,0.0,804,pause,NA,NA,NA,NA,0.0,0,-24.04,-6.04,[],0,0,[],[]
30077600,30078820,NA,NOF,0.0,804,pause,NA,NA,NA,NA,0.0,0,-46.86,-35.44,[],0,0,[],[]
30078820,30080210,NA,SIL,0.0,804,pause,NA,NA,NA,NA,0.0,0,-53.4,-39.87,[],0,0,[],[]
30080210,30081220,NA,NOF,0.0,804,pause,NA,NA,NA,NA,0.0,0,-40.43,-32.1,[],0,0,[],[]
30081220,30082070,NA,OLN,0.0,804,pause,NA,NA,NA,NA,0.0,0,-16.67,-5.22,[],0,0,[],[]
30082070,30083930,NA,NOF,0.0,804,pause,NA,NA,NA,NA,0.0,0,-21.43,-4.46,[],0,0,[],[]
30083930,30096920,NA,SIL,0.0,804,pause,NA,NA,NA,NA,0.0,0,-49.53,-29.35,[],0,0,[],[]
30096920,30097720,NA,NOF,0.0,804,pause,NA,NA,NA,NA,0.0,0,-15.29,-3.62,[],0,0,[],[]
30097720,30098320,CHI,CHN,0.0,804,CM,EC,0,NT,FI,1.0,150,-23.85,-14.16,"[{'Canonical-syllable': '1', 'Growl': '0', 'High-freq-energy': '0', 'Long-island': '0', 'Low-tilt-spectrum': '0', 'Medium-island': '0', 'Short-island': '1', 'Squeal': '0', 'Typical-entropy': '0', 'Voicing-quality': '1', 'Wide-band': '0', 'Xlong-island': '0', 'seq': '1', 'end': 30097.87, 'start': 30097.72}]",0,0,[],[]
30098320,30100830,NA,NOF,0.0,805,pause,NA,NA,NA,NA,0.0,0,-45.99,-40.72,[],0,0,[],[]
30100830,30105040,NA,SIL,0.0,805,pause,NA,NA,NA,NA,0.0,0,-52.88,-46.13,[],0,0,[],[]
30105040,30106040,CHI,CHN,0.0,805,CIC,BC,0,NT,FI,1.0,770,-22.6,-11.32,"[{'Canonical-syllable': '0', 'Growl': '0', 'High-freq-energy': '0', 'Long-island': '0', 'Low-tilt-spectrum': '0', 'Medium-island': '1', 'Short-island': '0', 'Squeal': '0', 'Typical-entropy': '1', 'Voicing-quality': '1', 'Wide-band': '0', 'Xlong-island': '0', 'seq': '1', 'end': 30105.81, 'start': 30105.26}]",0,0,[],[]
30106040,30106730,CHI,CHN,0.0,805,CIC,RC,0,TIFI,FH,1.0,690,-18.31,-11.78,"[{'Canonical-syllable': '0', 'Growl': '0', 'High-freq-energy': '0', 'Long-island': '1', 'Low-tilt-spectrum': '0', 'Medium-island': '0', 'Short-island': '0', 'Squeal': '0', 'Typical-entropy': '1', 'Voicing-quality': '1', 'Wide-band': '0', 'Xlong-island': '0', 'seq': '1', 'end': 30106.73, 'start': 30106.04}]",0,0,[],[]
30106730,30107750,FEM,FAN,2.93,805,CIC,RC,1,TIFR,FI,0.0,0,-31.47,-16.28,[],0,0,[],[]
30107750,30108350,CHI,CHN,0.0,805,CIC,RC,1,TIFE,FI,1.0,600,-14.82,-5.99,"[{'Canonical-syllable': '0', 'Growl': '0', 'High-freq-energy': '1', 'Long-island': '0', 'Low-tilt-spectrum': '1', 'Medium-island': '1', 'Short-island': '0', 'Squeal': '0', 'Typical-entropy': '1', 'Voicing-quality': '1', 'Wide-band': '0', 'Xlong-island': '0', 'seq': '1', 'end': 30108.35, 'start': 30107.75}]",0,0,[],[]
30108350,30109360,CHI,CHN,0.0,805,CIC,RC,1,TIFI,FH,1.0,1010,-17.16,-7.36,"[{'Canonical-syllable': '0', 'Growl': '0', 'High-freq-energy': '1', 'Long-island': '0', 'Low-tilt-spectrum': '0', 'Medium-island': '2', 'Short-island': '0', 'Squeal': '0', 'Typical-entropy': '2', 'Voicing-quality': '2', 'Wide-band': '0', 'Xlong-island': '0', 'seq': '1', 'end': 30109.36, 'start': 30108.35}]",0,0,[],[]
30109360,30110200,FEM,FAN,4.91,805,CIC,RC,2,TIFR,FI,0.0,0,-34.11,-24.94,[],0,0,[],[]
30110200,30111900,FEM,FAN,7.97,805,CIC,RC,2,NT,FH,0.0,0,-40.38,-34.83,[],0,0,[],[]
30111900,30112950,NA,SIL,0.0,805,CIC,NA,NA,NA,NA,0.0,0,-50.61,-48.17,[],0,0,[],[]
30112950,30115140,CHI,CHN,0.0,805,CIC,RC,2,TIFE,FI,1.0,880,-20.95,-9.69,"[{'Canonical-syllable': '0', 'Growl': '0', 'High-freq-energy': '0', 'Long-island': '0', 'Low-tilt-spectrum': '0', 'Medium-island': '1', 'Short-island': '1', 'Squeal': '0', 'Typical-entropy': '2', 'Voicing-quality': '2', 'Wide-band': '0', 'Xlong-island': '0', 'seq': '1', 'end': 30115.05, 'start': 30114.17}]",0,0,[],[]
30115140,30115740,CHI,CHN,0.0,805,CIC,RC,2,NT,FH,1.0,410,-16.32,-9.39,"[{'Canonical-syllable': '0', 'Growl': '0', 'High-freq-energy': '0', 'Long-island': '0', 'Low-tilt-spectrum': '0', 'Medium-island': '1', 'Short-island': '0', 'Squeal': '0', 'Typical-entropy': '1', 'Voicing-quality': '1', 'Wide-band': '0', 'Xlong-island': '0', 'seq': '1', 'end': 30115.55, 'start': 30115.14}]",0,0,[],[]
30115740,30116760,CHI,CHN,0.0,805,CIC,RC,2,NT,FH,1.0,390,-20.98,-9.8,"[{'Canonical-syllable': '0', 'Growl': '0', 'High-freq-energy': '0', 'Long-island': '0', 'Low-tilt-spectrum': '0', 'Medium-island': '1', 'Short-island': '0', 'Squeal': '0', 'Typical-entropy': '1', 'Voicing-quality': '1', 'Wide-band': '0', 'Xlong-island': '0', 'seq': '1', 'end': 30116.76, 'start': 30116.37}]",0,0,[],[]
30116760,30117360,CHI,CHN,0.0,805,CIC,RC,2,TIFI,FH,1.0,600,-18.87,-11.3,"[{'Canonical-syllable': '1', 'Growl': '0', 'High-freq-energy': '0', 'Long-island': '0', 'Low-tilt-spectrum': '1', 'Medium-island': '1', 'Short-island': '1', 'Squeal': '0', 'Typical-entropy': '2', 'Voicing-quality': '2', 'Wide-band': '0', 'Xlong-island': '0', 'seq': '1', 'end': 30117.36, 'start': 30116.76}]",0,0,[],[]
30117360,30118310,FEM,FAN,4.96,805,CIC,RC,3,TIFR,FI,0.0,0,-37.75,-29.74,[],0,0,[],[]
30118310,30118940,FEM,FAN,8.3,805,CIC,RC,3,NT,FH,0.0,0,-21.59,-16.68,[],0,0,[],[]
30118940,30121110,NA,OLN,0.0,805,CIC,NA,NA,NA,NA,0.0,0,-18.47,-2.55,[],0,0,[],[]
30121110,30122380,OCH,CXN,0.0,805,CIC,RC,3,NT,FI,0.0,0,-16.7,-5.15,[],0,0,[],[]
30122380,30124050,NA,NOF,0.0,805,CIC,NA,NA,NA,NA,0.0,0,-23.93,-8.15,[],0,0,[],[]
30124050,30124860,FEM,FAN,2.37,805,CIC,RC,3,NT,FI,0.0,0,-40.26,-31.96,[],0,0,[],[]
30124860,30126230,FEM,FAN,1.54,805,CIC,RC,3,NT,FH,0.0,0,-37.33,-22.94,[],0,0,[],[]
30126230,30127030,NA,OLN,0.0,805,CIC,NA,NA,NA,NA,0.0,0,-33.41,-19.13,[],0,0,[],[]
30127030,30127830,NA,NOF,0.0,805,CIC,NA,NA,NA,NA,0.0,0,-29.93,-11.21,[],0,0,[],[]
30127830,30128630,OCH,CXN,0.0,805,CIC,RC,3,NT,FI,0.0,0,-37.51,-27.43,[],0,0,[],[]
30128630,30129430,NA,SIL,0.0,805,CIC,NA,NA,NA,NA,0.0,0,-45.8,-33.84,[],0,0,[],[]
30129430,30130740,NA,FAF,0.0,805,CIC,NA,NA,NA,NA,0.0,0,-28.49,-14.26,[],0,0,[],[]
30130740,30131540,NA,SIL,0.0,805,CIC,NA,NA,NA,NA,0.0,0,-42.2,-28.07,[],0,0,[],[]
30131540,30133030,FEM,FAN,9.75,805,CIC,RC,3,NT,FI,0.0,0,-34.62,-26.32,[],0,0,[],[]
30133030,30134040,NA,MAF,0.0,805,CIC,NA,NA,NA,NA,0.0,0,-36.04,-26.77,[],0,0,[],[]
30134040,30134850,NA,NOF,0.0,805,CIC,NA,NA,NA,NA,0.0,0,-44.18,-36.67,[],0,0,[],[]
30134850,30135890,FEM,FAN,5.73,805,CIC,RC,3,TIFI,FH,0.0,0,-23.51,-7.52,[],0,0,[],[]
30135890,30136800,NA,SIL,0.0,805,CIC,NA,NA,NA,NA,0.0,0,-27.01,-11.04,[],0,0,[],[]
30136800,30137800,CHI,CHN,0.0,805,CIC,RC,4,TIFR,FI,1.0,1000,-21.07,-13.52,"[{'Canonical-syllable': '1', 'Growl': '0', 'High-freq-energy': '0', 'Long-island': '0', 'Low-tilt-spectrum': '1', 'Medium-island': '1', 'Short-island': '2', 'Squeal': '0', 'Typical-entropy': '0', 'Voicing-quality': '3', 'Wide-band': '0', 'Xlong-island': '0', 'seq': '1', 'end': 30137.8, 'start': 30136.8}]",0,0,[],[]
30137800,30138420,OCH,CXN,0.0,805,CIC,RC,4,NT,FI,0.0,0,-17.53,-11.44,[],0,0,[],[]
30138420,30139420,NA,OLF,0.0,805,CIC,NA,NA,NA,NA,0.0,0,-36.23,-25.03,[],0,0,[],[]
30139420,30140430,NA,CXF,0.0,805,CIC,NA,NA,NA,NA,0.0,0,-41.49,-31.49,[],0,0,[],[]
30140430,30141230,NA,SIL,0.0,805,CIC,NA,NA,NA,NA,0.0,0,-48.44,-39.9,[],0,0,[],[]
30141230,30142270,CHI,CHN,0.0,805,CIC,RC,4,NT,FI,1.0,1040,-19.66,-8.18,"[{'Canonical-syllable': '0', 'Growl': '0', 'High-freq-energy': '1', 'Long-island': '0', 'Low-tilt-spectrum': '0', 'Medium-island': '2', 'Short-island': '0', 'Squeal': '1', 'Typical-entropy': '1', 'Voicing-quality': '2', 'Wide-band': '0', 'Xlong-island': '0', 'seq': '1', 'end': 30142.27, 'start': 30141.42}]",0,0,[],[]
30142270,30143080,NA,OLF,0.0,805,CIC,NA,NA,NA,NA,0.0,0,-31.47,-21.3,[],0,0,[],[]
30143080,30143880,NA,OLN,0.0,805,CIC,NA,NA,NA,NA,0.0,0,-15.73,-2.79,[],0,0,[],[]
30143880,30144860,CHI,CHN,0.0,805,CIC,RC,4,NT,FH,1.0,820,-15.13,-6.46,"[{'Canonical-syllable': '0', 'Growl': '0', 'High-freq-energy': '0', 'Long-island': '0', 'Low-tilt-spectrum': '1', 'Medium-island': '2', 'Short-island': '0', 'Squeal': '0', 'Typical-entropy': '2', 'Voicing-quality': '2', 'Wide-band': '0', 'Xlong-island': '0', 'seq': '1', 'end': 30144.7, 'start': 30143.88}]",0,0,[],[]
30144860,30145670,NA,OLN,0.0,805,CIC,NA,NA,NA,NA,0.0,0,-13.21,-3.74,[],0,0,[],[]
30145670,30147100,OCH,CXN,0.0,805,CIC,RC,4,NT,FI,0.0,0,-20.44,-9.88,[],0,0,[],[]
30147100,30147900,NA,OLN,0.0,805,CIC,NA,NA,NA,NA,0.0,0,-22.8,-11.0,[],0,0,[],[]
30147900,30149140,OCH,CXN,0.0,805,CIC,RC,4,NT,FH,0.0,0,-17.95,-4.16,[],0,0,[],[]
30149140,30150610,NA,NOF,0.0,805,CIC,NA,NA,NA,NA,0.0,0,-17.05,-2.18,[],0,0,[],[]
30150610,30152760,NA,SIL,0.0,805,CIC,NA,NA,NA,NA,0.0,0,-40.16,-36.19,[],0,0,[],[]
30152760,30153840,OCH,CXN,0.0,805,CIC,EC,4,NT,FH,0.0,0,-27.94,-17.57,[],0,0,[],[]
30153840,30154900,NA,OLN,0.0,806,pause,NA,NA,NA,NA,0.0,0,-26.36,-15.73,[],0,0,[],[]
30154900,30155720,NA,SIL,0.0,806,pause,NA,NA,NA,NA,0.0,0,-36.91,-28.82,[],0,0,[],[]
30155720,30156520,NA,CXF,0.0,806,pause,NA,NA,NA,NA,0.0,0,-15.73,-3.2,[],0,0,[],[]
30156520,30161580,NA,SIL,0.0,806,pause,NA,NA,NA,NA,0.0,0,-47.7,-40.61,[],0,0,[],[]
30161580,30162590,NA,TVF,0.0,806,pause,NA,NA,NA,NA,0.0,0,-50.82,-43.8,[],0,0,[],[]
30162590,30163460,NA,SIL,0.0,806,pause,NA,NA,NA,NA,0.0,0,-52.17,-43.26,[],0,0,[],[]
30163460,30164260,OCH,CXN,0.0,806,XM,EC,0,NT,FI,0.0,0,-43.87,-35.87,[],0,0,[],[]
30164260,30172920,NA,SIL,0.0,807,pause,NA,NA,NA,NA,0.0,0,-52.14,-38.39,[],0,0,[],[]
30172920,30173730,NA,CXF,0.0,807,pause,NA,NA,NA,NA,0.0,0,-37.35,-22.13,[],0,0,[],[]
30173730,30174770,NA,SIL,0.0,807,pause,NA,NA,NA,NA,0.0,0,-51.13,-39.78,[],0,0,[],[]
30174770,30175570,OCH,CXN,0.0,807,XM,EC,0,NT,FI,0.0,0,-41.7,-33.42,[],0,0,[],[]
30175570,30180230,NA,SIL,0.0,808,pause,NA,NA,NA,NA,0.0,0,-51.58,-40.24,[],0,0,[],[]
30180230,30181030,NA,CXF,0.0,808,pause,NA,NA,NA,NA,0.0,0,-41.33,-35.18,[],0,0,[],[]
30181030,30182670,NA,NOF,0.0,808,pause,NA,NA,NA,NA,0.0,0,-23.64,-4.67,[],0,0,[],[]
30182670,30183470,OCH,CXN,0.0,808,XM,EC,0,NT,FI,0.0,0,-36.65,-26.6,[],0,0,[],[]
30183470,30186500,NA,NOF,0.0,809,pause,NA,NA,NA,NA,0.0,0,-39.75,-28.76,[],0,0,[],[]
30186500,30187300,NA,OLF,0.0,809,pause,NA,NA,NA,NA,0.0,0,-23.71,-8.97,[],0,0,[],[]
30187300,30188480,NA,NOF,0.0,809,pause,NA,NA,NA,NA,0.0,0,-20.34,-6.61,[],0,0,[],[]
30188480,30189460,NA,OLN,0.0,809,pause,NA,NA,NA,NA,0.0,0,-20.91,-11.63,[],0,0,[],[]
30189460,30190550,OCH,CXN,0.0,809,XIOCC,BC,0,NT,FI,0.0,0,-32.13,-21.82,[],0,0,[],[]
30190550,30191600,CHI,CHN,0.0,809,XIOCC,EC,0,NT,FI,1.0,960,-18.0,-8.14,"[{'Canonical-syllable': '3', 'Growl': '0', 'High-freq-energy': '0', 'Long-island': '0', 'Low-tilt-spectrum': '0', 'Medium-island': '0', 'Short-island': '3', 'Squeal': '0', 'Typical-entropy': '2', 'Voicing-quality': '3', 'Wide-band': '0', 'Xlong-island': '0', 'seq': '1', 'end': 30191.51, 'start': 30190.76}]",0,0,[],[]
30191600,30194400,NA,NOF,0.0,810,pause,NA,NA,NA,NA,0.0,0,-30.14,-9.25,[],0,0,[],[]
30194400,30205630,NA,SIL,0.0,810,pause,NA,NA,NA,NA,0.0,0,-47.42,-30.79,[],0,0,[],[]
30205630,30206440,OCH,CXN,0.0,810,XM,EC,0,NT,FI,0.0,0,-41.19,-30.77,[],0,0,[],[]
30206440,30207360,NA,SIL,0.0,811,pause,NA,NA,NA,NA,0.0,0,-46.82,-33.9,[],0,0,[],[]
30207360,30211190,NA,NOF,0.0,811,pause,NA,NA,NA,NA,0.0,0,-17.59,-2.42,[],0,0,[],[]
30211190,30212000,NA,OLN,0.0,811,pause,NA,NA,NA,NA,0.0,0,-28.6,-15.98,[],0,0,[],[]
30212000,30214310,NA,NON,0.0,811,pause,NA,NA,NA,NA,0.0,0,-25.54,-9.81,[],0,0,[],[]
30214310,30215110,NA,OLF,0.0,811,pause,NA,NA,NA,NA,0.0,0,-20.43,-3.28,[],0,0,[],[]
30215110,30215930,NA,NOF,0.0,811,pause,NA,NA,NA,NA,0.0,0,-26.98,-11.69,[],0,0,[],[]
30215930,30217330,FEM,FAN,7.83,811,AMF,EC,0,NT,FI,0.0,0,-32.8,-21.8,[],0,0,[],[]
30217330,30219160,NA,SIL,0.0,812,pause,NA,NA,NA,NA,0.0,0,-25.25,-7.47,[],0,0,[],[]
30219160,30219960,NA,NOF,0.0,812,pause,NA,NA,NA,NA,0.0,0,-30.73,-16.26,[],0,0,[],[]
30219960,30221690,NA,SIL,0.0,812,pause,NA,NA,NA,NA,0.0,0,-44.7,-34.51,[],0,0,[],[]
30221690,30222580,NA,NOF,0.0,812,pause,NA,NA,NA,NA,0.0,0,-21.4,-1.94,[],0,0,[],[]
30222580,30224730,NA,NON,0.0,812,pause,NA,NA,NA,NA,0.0,0,-21.26,-3.25,[],0,0,[],[]
30224730,30225530,NA,OLN,0.0,812,pause,NA,NA,NA,NA,0.0,0,-22.94,-7.59,[],0,0,[],[]
30225530,30226540,OCH,CXN,0.0,812,XIOCA,BC,0,NT,FI,0.0,0,-19.58,-9.54,[],0,0,[],[]
30226540,30227860,NA,OLN,0.0,812,XIOCA,NA,NA,NA,NA,0.0,0,-32.45,-24.91,[],0,0,[],[]
30227860,30229960,NA,NOF,0.0,812,XIOCA,NA,NA,NA,NA,0.0,0,-33.45,-23.24,[],0,0,[],[]
30229960,30231070,FEM,FAN,5.01,812,XIOCA,RC,0,NT,FI,0.0,0,-39.96,-28.83,[],0,0,[],[]
30231070,30232600,NA,FAF,0.0,812,XIOCA,NA,NA,NA,NA,0.0,0,-37.76,-26.48,[],0,0,[],[]
30232600,30234760,NA,SIL,0.0,812,XIOCA,NA,NA,NA,NA,0.0,0,-46.9,-34.09,[],0,0,[],[]
30234760,30235360,OCH,CXN,0.0,812,XIOCA,EC,0,NT,FI,0.0,0,-24.58,-18.61,[],0,0,[],[]
30235360,30237050,NA,NOF,0.0,813,pause,NA,NA,NA,NA,0.0,0,-34.6,-14.29,[],0,0,[],[]
30237050,30238480,NA,SIL,0.0,813,pause,NA,NA,NA,NA,0.0,0,-41.59,-29.41,[],0,0,[],[]
30238480,30239290,NA,NOF,0.0,813,pause,NA,NA,NA,NA,0.0,0,-41.6,-24.13,[],0,0,[],[]
30239290,30240550,NA,SIL,0.0,813,pause,NA,NA,NA,NA,0.0,0,-51.35,-40.63,[],0,0,[],[]
30240550,30241460,NA,NOF,0.0,813,pause,NA,NA,NA,NA,0.0,0,-35.71,-25.1,[],0,0,[],[]
30241460,30242300,NA,OLN,0.0,813,pause,NA,NA,NA,NA,0.0,0,-34.34,-23.44,[],0,0,[],[]
30242300,30243240,NA,NOF,0.0,813,pause,NA,NA,NA,NA,0.0,0,-37.46,-27.57,[],0,0,[],[]
30243240,30244180,NA,SIL,0.0,813,pause,NA,NA,NA,NA,0.0,0,-47.88,-37.55,[],0,0,[],[]
30244180,30245430,NA,NOF,0.0,813,pause,NA,NA,NA,NA,0.0,0,-29.71,-16.58,[],0,0,[],[]
30245430,30246390,OCH,CXN,0.0,813,XIOCC,BC,0,NT,FI,0.0,0,-22.32,-15.9,[],0,0,[],[]
30246390,30247780,NA,OLN,0.0,813,XIOCC,NA,NA,NA,NA,0.0,0,-18.88,-4.86,[],0,0,[],[]
30247780,30248660,NA,NON,0.0,813,XIOCC,NA,NA,NA,NA,0.0,0,-25.25,-8.13,[],0,0,[],[]
30248660,30249470,NA,OLF,0.0,813,XIOCC,NA,NA,NA,NA,0.0,0,-39.21,-25.9,[],0,0,[],[]
30249470,30250390,NA,NOF,0.0,813,XIOCC,NA,NA,NA,NA,0.0,0,-31.57,-17.18,[],0,0,[],[]
30250390,30251390,OCH,CXN,0.0,813,XIOCC,RC,0,NT,FH,0.0,0,-25.2,-12.65,[],0,0,[],[]
30251390,30252370,NA,OLN,0.0,813,XIOCC,NA,NA,NA,NA,0.0,0,-32.59,-15.47,[],0,0,[],[]
30252370,30253170,NA,NOF,0.0,813,XIOCC,NA,NA,NA,NA,0.0,0,-17.97,-3.22,[],0,0,[],[]
30253170,30254040,OCH,CXN,0.0,813,XIOCC,RC,0,NT,FH,0.0,0,-28.79,-20.39,[],0,0,[],[]
30254040,30255170,NA,TVN,0.0,813,XIOCC,NA,NA,NA,NA,0.0,0,-30.31,-22.84,[],0,0,[],[]
30255170,30255980,NA,SIL,0.0,813,XIOCC,NA,NA,NA,NA,0.0,0,-44.9,-37.17,[],0,0,[],[]
30255980,30257640,NA,TVF,0.0,813,XIOCC,NA,NA,NA,NA,0.0,0,-41.22,-31.91,[],0,0,[],[]
30257640,30258240,CHI,CHN,0.0,813,XIOCC,RC,0,NT,FI,1.0,600,-14.09,-7.45,"[{'Canonical-syllable': '1', 'Growl': '0', 'High-freq-energy': '0', 'Long-island': '0', 'Low-tilt-spectrum': '0', 'Medium-island': '1', 'Short-island': '0', 'Squeal': '0', 'Typical-entropy': '1', 'Voicing-quality': '1', 'Wide-band': '0', 'Xlong-island': '0', 'seq': '1', 'end': 30258.24, 'start': 30257.64}]",0,0,[],[]
30258240,30259540,OCH,CXN,0.0,813,XIOCC,RC,0,NT,FI,0.0,0,-17.18,-9.49,[],0,0,[],[]
30259540,30260370,NA,SIL,0.0,813,XIOCC,NA,NA,NA,NA,0.0,0,-49.54,-40.1,[],0,0,[],[]
30260370,30261170,NA,NOF,0.0,813,XIOCC,NA,NA,NA,NA,0.0,0,-44.32,-35.38,[],0,0,[],[]
30261170,30262100,NA,SIL,0.0,813,XIOCC,NA,NA,NA,NA,0.0,0,-51.17,-40.26,[],0,0,[],[]
30262100,30262700,CHI,CHN,0.0,813,XIOCC,RC,0,NT,FI,1.0,600,-14.38,-10.49,"[{'Canonical-syllable': '0', 'Growl': '0', 'High-freq-energy': '0', 'Long-island': '0', 'Low-tilt-spectrum': '0', 'Medium-island': '1', 'Short-island': '0', 'Squeal': '0', 'Typical-entropy': '0', 'Voicing-quality': '1', 'Wide-band': '0', 'Xlong-island': '0', 'seq': '1', 'end': 30262.7, 'start': 30262.25}]",0,0,[],[]
30262700,30263730,CHI,CHN,0.0,813,XIOCC,RC,0,NT,FH,1.0,870,-20.27,-9.52,"[{'Canonical-syllable': '1', 'Growl': '0', 'High-freq-energy': '0', 'Long-island': '0', 'Low-tilt-spectrum': '0', 'Medium-island': '1', 'Short-island': '1', 'Squeal': '0', 'Typical-entropy': '0', 'Voicing-quality': '2', 'Wide-band': '0', 'Xlong-island': '0', 'seq': '1', 'end': 30263.57, 'start': 30262.7}]",0,0,[],[]
30263730,30264610,NA,NOF,0.0,813,XIOCC,NA,NA,NA,NA,0.0,0,-18.11,-5.86,[],0,0,[],[]
30264610,30265300,CHI,CHN,0.0,813,XIOCC,RC,0,NT,FH,1.0,230,-31.58,-23.91,"[{'Canonical-syllable': '1', 'Growl': '0', 'High-freq-energy': '0', 'Long-island': '0', 'Low-tilt-spectrum': '0', 'Medium-island': '0', 'Short-island': '1', 'Squeal': '0', 'Typical-entropy': '1', 'Voicing-quality': '1', 'Wide-band': '0', 'Xlong-island': '0', 'seq': '1', 'end': 30265.3, 'start': 30265.07}]",0,0,[],[]
30265300,30266930,OCH,CXN,0.0,813,XIOCC,EC,0,NT,FI,0.0,0,-37.94,-27.82,[],0,0,[],[]
30266930,30271740,NA,SIL,0.0,814,pause,NA,NA,NA,NA,0.0,0,-47.43,-34.08,[],0,0,[],[]
30271740,30272640,NA,NOF,0.0,814,pause,NA,NA,NA,NA,0.0,0,-33.38,-16.7,[],0,0,[],[]
30272640,30273900,OCH,CXN,0.0,814,XIOCC,BC,0,NT,FI,0.0,0,-35.78,-26.16,[],0,0,[],[]
30273900,30274810,NA,OLN,0.0,814,XIOCC,NA,NA,NA,NA,0.0,0,-24.63,-13.6,[],0,0,[],[]
30274810,30275760,CHI,CHN,0.0,814,XIOCC,RC,0,NT,FI,1.0,810,-15.3,-2.57,"[{'Canonical-syllable': '1', 'Growl': '0', 'High-freq-energy': '0', 'Long-island': '1', 'Low-tilt-spectrum': '0', 'Medium-island': '0', 'Short-island': '1', 'Squeal': '0', 'Typical-entropy': '1', 'Voicing-quality': '2', 'Wide-band': '0', 'Xlong-island': '0', 'seq': '1', 'end': 30275.62, 'start': 30274.81}]",0,0,[],[]
30275760,30276770,NA,OLN,0.0,814,XIOCC,NA,NA,NA,NA,0.0,0,-17.2,-4.53,[],0,0,[],[]
30276770,30277590,OCH,CXN,0.0,814,XIOCC,RC,0,NT,FI,0.0,0,-20.66,-2.69,[],0,0,[],[]
30277590,30279970,NA,SIL,0.0,814,XIOCC,NA,NA,NA,NA,0.0,0,-45.09,-33.86,[],0,0,[],[]
30279970,30280880,OCH,CXN,0.0,814,XIOCC,RC,0,NT,FH,0.0,0,-34.66,-25.82,[],0,0,[],[]
30280880,30281990,CHI,CHN,0.0,814,XIOCC,RC,0,NT,FI,1.0,590,-19.72,-11.9,"[{'Canonical-syllable': '0', 'Growl': '0', 'High-freq-energy': '0', 'Long-island': '0', 'Low-tilt-spectrum': '0', 'Medium-island': '1', 'Short-island': '0', 'Squeal': '0', 'Typical-entropy': '0', 'Voicing-quality': '1', 'Wide-band': '0', 'Xlong-island': '0', 'seq': '1', 'end': 30281.99, 'start': 30281.4}]",0,0,[],[]
30281990,30282890,CHI,CHN,0.0,814,XIOCC,EC,0,NT,FH,1.0,900,-21.62,-10.62,"[{'Canonical-syllable': '1', 'Growl': '1', 'High-freq-energy': '0', 'Long-island': '0', 'Low-tilt-spectrum': '1', 'Medium-island': '1', 'Short-island': '1', 'Squeal': '0', 'Typical-entropy': '0', 'Voicing-quality': '2', 'Wide-band': '0', 'Xlong-island': '0', 'seq': '1', 'end': 30282.89, 'start': 30282.23}]",0,0,[],[]
30282890,30285730,NA,NOF,0.0,815,pause,NA,NA,NA,NA,0.0,0,-22.52,-6.22,[],0,0,[],[]
30285730,30286710,NA,SIL,0.0,815,pause,NA,NA,NA,NA,0.0,0,-47.05,-38.85,[],0,0,[],[]
30286710,30291080,NA,NOF,0.0,815,pause,NA,NA,NA,NA,0.0,0,-27.8,-6.39,[],0,0,[],[]
30291080,30291770,CHI,CHN,0.0,815,CIC,BC,0,TIFI,FI,1.0,690,-15.26,-6.97,"[{'Canonical-syllable': '0', 'Growl': '0', 'High-freq-energy': '0', 'Long-island': '1', 'Low-tilt-spectrum': '0', 'Medium-island': '0', 'Short-island': '0', 'Squeal': '0', 'Typical-entropy': '0', 'Voicing-quality': '1', 'Wide-band': '0', 'Xlong-island': '0', 'seq': '1', 'end': 30291.77, 'start': 30291.08}]",0,0,[],[]
30291770,30294010,FEM,FAN,7.12,815,CIC,RC,1,TIFR,FI,0.0,0,-17.88,-4.28,[],0,0,[],[]
30294010,30295660,FEM,FAN,6.96,815,CIC,RC,1,NT,FH,0.0,0,-34.97,-25.34,[],0,0,[],[]
30295660,30296460,NA,OLN,0.0,815,CIC,NA,NA,NA,NA,0.0,0,-25.5,-13.53,[],0,0,[],[]
30296460,30297920,NA,NON,0.0,815,CIC,NA,NA,NA,NA,0.0,0,-22.89,-6.16,[],0,0,[],[]
30297920,30299110,CHI,CHN,0.0,815,CIC,RC,1,TIFE,FI,1.0,1190,-14.88,-10.24,"[{'Canonical-syllable': '0', 'Growl': '0', 'High-freq-energy': '0', 'Long-island': '0', 'Low-tilt-spectrum': '0', 'Medium-island': '1', 'Short-island': '1', 'Squeal': '0', 'Typical-entropy': '0', 'Voicing-quality': '3', 'Wide-band': '0', 'Xlong-island': '0', 'seq': '1', 'end': 30299.11, 'start': 30297.92}]",0,0,[],[]
30299110,30300110,CHI,CHN,0.0,815,CIC,RC,1,NT,FH,1.0,1000,-23.05,-15.95,"[{'Canonical-syllable': '0', 'Growl': '0', 'High-freq-energy': '0', 'Long-island': '0', 'Low-tilt-spectrum': '1', 'Medium-island': '2', 'Short-island': '1', 'Squeal': '0', 'Typical-entropy': '2', 'Voicing-quality': '3', 'Wide-band': '0', 'Xlong-island': '0', 'seq': '1', 'end': 30300.11, 'start': 30299.11}]",0,0,[],[]
30300110,30300910,NA,FAF,0.0,815,CIC,NA,NA,NA,NA,0.0,0,-43.88,-34.62,[],0,0,[],[]
30300910,30301510,CHI,CHN,0.0,815,CIC,RC,1,NT,FH,1.0,440,-19.19,-14.21,"[{'Canonical-syllable': '0', 'Growl': '0', 'High-freq-energy': '0', 'Long-island': '0', 'Low-tilt-spectrum': '0', 'Medium-island': '1', 'Short-island': '0', 'Squeal': '0', 'Typical-entropy': '1', 'Voicing-quality': '1', 'Wide-band': '0', 'Xlong-island': '0', 'seq': '1', 'end': 30301.35, 'start': 30300.91}]",0,0,[],[]
30301510,30302590,OCH,CXN,0.0,815,CIC,RC,1,NT,FI,0.0,0,-22.35,-5.2,[],0,0,[],[]
30302590,30303960,FEM,FAN,4.89,815,CIC,RC,1,TIFI,FI,0.0,0,-22.36,-5.95,[],0,0,[],[]
30303960,30304740,CHI,CHN,0.0,815,CIC,RC,2,TIFR,FI,1.0,700,-14.21,-10.85,"[{'Canonical-syllable': '0', 'Growl': '0', 'High-freq-energy': '0', 'Long-island': '1', 'Low-tilt-spectrum': '0', 'Medium-island': '0', 'Short-island': '0', 'Squeal': '0', 'Typical-entropy': '0', 'Voicing-quality': '1', 'Wide-band': '0', 'Xlong-island': '0', 'seq': '1', 'end': 30304.66, 'start': 30303.96}]",0,0,[],[]
30304740,30305540,NA,OLN,0.0,815,CIC,NA,NA,NA,NA,0.0,0,-30.54,-19.31,[],0,0,[],[]
30305540,30306340,NA,NOF,0.0,815,CIC,NA,NA,NA,NA,0.0,0,-46.01,-36.69,[],0,0,[],[]
30306340,30307680,OCH,CXN,0.0,815,CIC,RC,2,NT,FI,0.0,0,-34.6,-25.63,[],0,0,[],[]
30307680,30308660,CHI,CHN,0.0,815,CIC,RC,2,NT,FI,1.0,320,-20.91,-10.53,"[{'Canonical-syllable': '1', 'Growl': '0', 'High-freq-energy': '0', 'Long-island': '0', 'Low-tilt-spectrum': '0', 'Medium-island': '1', 'Short-island': '0', 'Squeal': '0', 'Typical-entropy': '1', 'Voicing-quality': '1', 'Wide-band': '0', 'Xlong-island': '0', 'seq': '1', 'end': 30308.54, 'start': 30308.22}]",0,0,[],[]
30308660,30309530,NA,SIL,0.0,815,CIC,NA,NA,NA,NA,0.0,0,-54.9,-46.03,[],0,0,[],[]
30309530,30310680,CHI,CHN,0.0,815,CIC,RC,2,NT,FH,1.0,410,-21.23,-11.03,"[{'Canonical-syllable': '0', 'Growl': '0', 'High-freq-energy': '0', 'Long-island': '0', 'Low-tilt-spectrum': '0', 'Medium-island': '1', 'Short-island': '0', 'Squeal': '0', 'Typical-entropy': '1', 'Voicing-quality': '1', 'Wide-band': '0', 'Xlong-island': '0', 'seq': '1', 'end': 30309.94, 'start': 30309.53}]",0,0,[],[]
30310680,30311480,NA,NOF,0.0,815,CIC,NA,NA,NA,NA,0.0,0,-29.44,-15.02,[],0,0,[],[]
30311480,30312280,OCH,CXN,0.0,815,CIC,RC,2,NT,FI,0.0,0,-35.05,-26.84,[],0,0,[],[]
30312280,30313080,NA,NOF,0.0,815,CIC,NA,NA,NA,NA,0.0,0,-46.57,-37.54,[],0,0,[],[]
30313080,30313680,CHI,CHN,0.0,815,CIC,RC,2,NT,FI,1.0,430,-20.12,-11.31,"[{'Canonical-syllable': '1', 'Growl': '0', 'High-freq-energy': '0', 'Long-island': '0', 'Low-tilt-spectrum': '1', 'Medium-island': '0', 'Short-island': '1', 'Squeal': '0', 'Typical-entropy': '1', 'Voicing-quality': '2', 'Wide-band': '0', 'Xlong-island': '0', 'seq': '1', 'end': 30313.51, 'start': 30313.08}]",0,0,[],[]
30313680,30314560,NA,SIL,0.0,815,CIC,NA,NA,NA,NA,0.0,0,-53.26,-44.01,[],0,0,[],[]
30314560,30315290,CHI,CHN,0.0,815,CIC,RC,2,NT,FH,1.0,730,-17.02,-11.29,"[{'Canonical-syllable': '0', 'Growl': '0', 'High-freq-energy': '0', 'Long-island': '1', 'Low-tilt-spectrum': '0', 'Medium-island': '0', 'Short-island': '0', 'Squeal': '0', 'Typical-entropy': '0', 'Voicing-quality': '1', 'Wide-band': '0', 'Xlong-island': '0', 'seq': '1', 'end': 30315.29, 'start': 30314.64}]",0,0,[],[]
30315290,30316290,OCH,CXN,0.0,815,CIC,RC,2,NT,FI,0.0,0,-39.44,-31.17,[],0,0,[],[]
30316290,30317090,NA,SIL,0.0,815,CIC,NA,NA,NA,NA,0.0,0,-53.87,-46.55,[],0,0,[],[]
30317090,30317690,CHI,CHN,0.0,815,CIC,RC,2,NT,FI,1.0,600,-18.76,-11.81,"[{'Canonical-syllable': '0', 'Growl': '1', 'High-freq-energy': '0', 'Long-island': '0', 'Low-tilt-spectrum': '0', 'Medium-island': '0', 'Short-island': '2', 'Squeal': '0', 'Typical-entropy': '2', 'Voicing-quality': '2', 'Wide-band': '0', 'Xlong-island': '0', 'seq': '1', 'end': 30317.69, 'start': 30317.09}]",0,0,[],[]
30317690,30318600,NA,OLN,0.0,815,CIC,NA,NA,NA,NA,0.0,0,-16.51,-9.41,[],0,0,[],[]
30318600,30319360,CHI,CHN,0.0,815,CIC,RC,2,TIFI,FH,1.0,690,-15.81,-10.06,"[{'Canonical-syllable': '1', 'Growl': '0', 'High-freq-energy': '0', 'Long-island': '0', 'Low-tilt-spectrum': '0', 'Medium-island': '2', 'Short-island': '0', 'Squeal': '0', 'Typical-entropy': '1', 'Voicing-quality': '2', 'Wide-band': '0', 'Xlong-island': '0', 'seq': '1', 'end': 30319.29, 'start': 30318.6}]",0,0,[],[]
30319360,30320380,FEM,FAN,4.18,815,CIC,RC,3,TIFR,FI,0.0,0,-39.24,-28.85,[],0,0,[],[]
30320380,30321300,OCH,CXN,0.0,815,CIC,RC,3,NT,FI,0.0,0,-23.16,-15.82,[],0,0,[],[]
30321300,30322100,NA,OLN,0.0,815,CIC,NA,NA,NA,NA,0.0,0,-32.17,-21.42,[],0,0,[],[]
30322100,30322900,FEM,FAN,4.64,815,CIC,RC,3,NT,FI,0.0,0,-36.06,-27.52,[],0,0,[],[]
30322900,30324160,FEM,FAN,7.35,815,CIC,RC,3,TIFI,FH,0.0,0,-33.73,-24.3,[],0,0,[],[]
30324160,30326220,NA,NOF,0.0,815,CIC,NA,NA,NA,NA,0.0,0,-40.74,-27.29,[],0,0,[],[]
30326220,30327230,CHI,CHN,0.0,815,CIC,RC,4,TIFR,FI,1.0,430,-31.23,-20.98,"[{'Canonical-syllable': '0', 'Growl': '0', 'High-freq-energy': '0', 'Long-island': '0', 'Low-tilt-spectrum': '1', 'Medium-island': '1', 'Short-island': '0', 'Squeal': '0', 'Typical-entropy': '1', 'Voicing-quality': '1', 'Wide-band': '1', 'Xlong-island': '0', 'seq': '1', 'end': 30326.65, 'start': 30326.22}]",0,0,[],[]
30327230,30328240,CHI,CHN,0.0,815,CIC,RC,4,NT,FH,2.0,620,-20.6,-10.75,"[{'Canonical-syllable': '0', 'Growl': '0', 'High-freq-energy': '0', 'Long-island': '0', 'Low-tilt-spectrum': '0', 'Medium-island': '1', 'Short-island': '0', 'Squeal': '0', 'Typical-entropy': '0', 'Voicing-quality': '1', 'Wide-band': '1', 'Xlong-island': '0', 'seq': '1', 'end': 30327.6, 'start': 30327.34}, {'Canonical-syllable': '0', 'Growl': '0', 'High-freq-energy': '0', 'Long-island': '0', 'Low-tilt-spectrum': '0', 'Medium-island': '0', 'Short-island': '1', 'Squeal': '0', 'Typical-entropy': '1', 'Voicing-quality': '1', 'Wide-band': '0', 'Xlong-island': '0', 'seq': '2', 'end': 30328.24, 'start': 30327.99}]",0,0,[],[]
30328240,30329040,NA,OLN,0.0,815,CIC,NA,NA,NA,NA,0.0,0,-21.7,-9.67,[],0,0,[],[]
30329040,30329840,NA,FAF,0.0,815,CIC,NA,NA,NA,NA,0.0,0,-47.45,-36.24,[],0,0,[],[]
30329840,30331330,CHI,CHN,0.0,815,CIC,RC,4,NT,FH,1.0,1300,-20.84,-7.52,"[{'Canonical-syllable': '0', 'Growl': '2', 'High-freq-energy': '1', 'Long-island': '0', 'Low-tilt-spectrum': '0', 'Medium-island': '1', 'Short-island': '1', 'Squeal': '0', 'Typical-entropy': '1', 'Voicing-quality': '6', 'Wide-band': '1', 'Xlong-island': '0', 'seq': '1', 'end': 30331.14, 'start': 30329.84}]",0,0,[],[]
30331330,30332300,OCH,CXN,0.0,815,CIC,EC,4,NT,FI,0.0,0,-42.47,-35.01,[],0,0,[],[]
30332300,30333480,NA,NOF,0.0,816,pause,NA,NA,NA,NA,0.0,0,-31.47,-17.39,[],0,0,[],[]
30333480,30336500,NA,OLF,0.0,816,pause,NA,NA,NA,NA,0.0,0,-21.69,-5.44,[],0,0,[],[]
30336500,30337330,NA,OLN,0.0,816,pause,NA,NA,NA,NA,0.0,0,-33.81,-25.05,[],0,0,[],[]
30337330,30338340,FEM,FAN,4.73,816,AICF,BC,0,TIFI,FI,0.0,0,-23.22,-9.96,[],0,0,[],[]
30338340,30339670,NA,NON,0.0,816,AICF,NA,NA,NA,NA,0.0,0,-37.72,-27.54,[],0,0,[],[]
30339670,30341430,CHI,CHN,0.0,816,AICF,RC,1,TIFR,FI,1.0,1760,-17.64,-7.14,"[{'Canonical-syllable': '1', 'Growl': '0', 'High-freq-energy': '0', 'Long-island': '1', 'Low-tilt-spectrum': '0', 'Medium-island': '2', 'Short-island': '0', 'Squeal': '0', 'Typical-entropy': '1', 'Voicing-quality': '3', 'Wide-band': '0', 'Xlong-island': '0', 'seq': '1', 'end': 30341.43, 'start': 30339.67}]",0,0,[],[]
30341430,30343690,NA,OLN,0.0,816,AICF,NA,NA,NA,NA,0.0,0,-19.85,-7.58,[],0,0,[],[]
30343690,30344860,OCH,CXN,0.0,816,AICF,RC,1,NT,FI,0.0,0,-23.32,-18.27,[],0,0,[],[]
30344860,30349020,NA,OLN,0.0,816,AICF,NA,NA,NA,NA,0.0,0,-23.33,-17.06,[],0,0,[],[]
30349020,30349640,CHI,CHN,0.0,816,AICF,EC,1,NT,FI,1.0,620,-17.05,-12.63,"[{'Canonical-syllable': '0', 'Growl': '0', 'High-freq-energy': '0', 'Long-island': '0', 'Low-tilt-spectrum': '0', 'Medium-island': '1', 'Short-island': '0', 'Squeal': '0', 'Typical-entropy': '0', 'Voicing-quality': '1', 'Wide-band': '0', 'Xlong-island': '0', 'seq': '1', 'end': 30349.64, 'start': 30349.13}]",0,0,[],[]
30349640,30356960,NA,OLN,0.0,817,pause,NA,NA,NA,NA,0.0,0,-24.93,-14.73,[],0,0,[],[]
30356960,30359810,NA,TVN,0.0,817,pause,NA,NA,NA,NA,0.0,0,-27.91,-20.61,[],0,0,[],[]
30359810,30367490,NA,OLN,0.0,817,pause,NA,NA,NA,NA,0.0,0,-22.55,-12.76,[],0,0,[],[]
30367490,30370270,OCH,CXN,0.0,817,XIOCC,BC,0,NT,FI,0.0,0,-20.58,-10.93,[],0,0,[],[]
30370270,30371070,OCH,CXN,0.0,817,XIOCC,RC,0,NT,FH,0.0,0,-23.35,-14.0,[],0,0,[],[]
30371070,30372540,NA,TVN,0.0,817,XIOCC,NA,NA,NA,NA,0.0,0,-30.91,-24.07,[],0,0,[],[]
30372540,30373640,OCH,CXN,0.0,817,XIOCC,RC,0,NT,FH,0.0,0,-24.39,-17.6,[],0,0,[],[]
30373640,30374360,OCH,CXN,0.0,817,XIOCC,RC,0,NT,FH,0.0,0,-20.23,-15.2,[],0,0,[],[]
30374360,30375840,NA,TVN,0.0,817,XIOCC,NA,NA,NA,NA,0.0,0,-28.33,-20.88,[],0,0,[],[]
30375840,30376440,NA,TVN,0.0,817,XIOCC,NA,NA,NA,NA,0.0,0,-25.13,-21.17,[],0,0,[],[]
30376440,30377440,NA,TVN,0.0,817,XIOCC,NA,NA,NA,NA,0.0,0,-25.1,-19.34,[],0,0,[],[]
30377440,30378250,OCH,CXN,0.0,817,XIOCC,RC,0,NT,FH,0.0,0,-14.31,-5.09,[],0,0,[],[]
30378250,30379640,CHI,CHN,0.0,817,XIOCC,RC,0,NT,FI,1.0,1080,-18.04,-9.18,"[{'Canonical-syllable': '0', 'Growl': '0', 'High-freq-energy': '0', 'Long-island': '0', 'Low-tilt-spectrum': '1', 'Medium-island': '2', 'Short-island': '0', 'Squeal': '1', 'Typical-entropy': '1', 'Voicing-quality': '2', 'Wide-band': '0', 'Xlong-island': '0', 'seq': '1', 'end': 30379.33, 'start': 30378.43}]",0,0,[],[]
30379640,30381000,NA,TVN,0.0,817,XIOCC,NA,NA,NA,NA,0.0,0,-26.88,-19.56,[],0,0,[],[]
30381000,30381800,NA,OLN,0.0,817,XIOCC,NA,NA,NA,NA,0.0,0,-22.94,-12.13,[],0,0,[],[]
30381800,30382600,OCH,CXN,0.0,817,XIOCC,EC,0,NT,FI,0.0,0,-20.95,-11.81,[],0,0,[],[]
30382600,30383400,NA,TVN,0.0,818,pause,NA,NA,NA,NA,0.0,0,-25.85,-19.43,[],0,0,[],[]
30383400,30384400,NA,TVN,0.0,818,pause,NA,NA,NA,NA,0.0,0,-25.88,-19.86,[],0,0,[],[]
30384400,30385410,NA,TVN,0.0,818,pause,NA,NA,NA,NA,0.0,0,-27.36,-20.41,[],0,0,[],[]
30385410,30387020,NA,TVN,0.0,818,pause,NA,NA,NA,NA,0.0,0,-23.11,-12.68,[],0,0,[],[]
30387020,30388170,NA,TVN,0.0,818,pause,NA,NA,NA,NA,0.0,0,-27.24,-20.86,[],0,0,[],[]
30388170,30388990,NA,TVN,0.0,818,pause,NA,NA,NA,NA,0.0,0,-26.57,-19.29,[],0,0,[],[]
30388990,30390110,NA,TVN,0.0,818,pause,NA,NA,NA,NA,0.0,0,-24.36,-14.28,[],0,0,[],[]
30390110,30391250,NA,TVF,0.0,818,pause,NA,NA,NA,NA,0.0,0,-25.45,-17.34,[],0,0,[],[]
30391250,30392320,NA,TVN,0.0,818,pause,NA,NA,NA,NA,0.0,0,-29.94,-22.9,[],0,0,[],[]
30392320,30393840,NA,TVN,0.0,818,pause,NA,NA,NA,NA,0.0,0,-29.89,-22.16,[],0,0,[],[]
30393840,30395260,NA,TVN,0.0,818,pause,NA,NA,NA,NA,0.0,0,-32.2,-25.76,[],0,0,[],[]
30395260,30396060,NA,TVN,0.0,818,pause,NA,NA,NA,NA,0.0,0,-31.42,-26.92,[],0,0,[],[]
30396060,30397270,NA,TVN,0.0,818,pause,NA,NA,NA,NA,0.0,0,-29.23,-24.23,[],0,0,[],[]
30397270,30398720,NA,TVN,0.0,818,pause,NA,NA,NA,NA,0.0,0,-23.98,-16.98,[],0,0,[],[]
30398720,30399790,NA,TVN,0.0,818,pause,NA,NA,NA,NA,0.0,0,-23.85,-16.54,[],0,0,[],[]
30399790,30400860,NA,TVN,0.0,818,pause,NA,NA,NA,NA,0.0,0,-23.95,-18.56,[],0,0,[],[]
30400860,30402360,NA,TVN,0.0,818,pause,NA,NA,NA,NA,0.0,0,-22.84,-16.16,[],0,0,[],[]
30402360,30406130,NA,TVN,0.0,818,pause,NA,NA,NA,NA,0.0,0,-21.23,-11.86,[],0,0,[],[]
30406130,30407140,NA,TVN,0.0,818,pause,NA,NA,NA,NA,0.0,0,-24.2,-15.19,[],0,0,[],[]
30407140,30408400,NA,TVN,0.0,818,pause,NA,NA,NA,NA,0.0,0,-23.24,-12.82,[],0,0,[],[]
30408400,30409550,NA,TVN,0.0,818,pause,NA,NA,NA,NA,0.0,0,-25.0,-19.07,[],0,0,[],[]
30409550,30413650,NA,TVN,0.0,818,pause,NA,NA,NA,NA,0.0,0,-21.85,-12.4,[],0,0,[],[]
30413650,30414650,NA,TVN,0.0,818,pause,NA,NA,NA,NA,0.0,0,-20.5,-13.52,[],0,0,[],[]
30414650,30415450,NA,TVN,0.0,818,pause,NA,NA,NA,NA,0.0,0,-22.68,-16.15,[],0,0,[],[]
30415450,30417240,NA,TVN,0.0,818,pause,NA,NA,NA,NA,0.0,0,-26.58,-19.09,[],0,0,[],[]
30417240,30418110,NA,TVN,0.0,818,pause,NA,NA,NA,NA,0.0,0,-27.45,-20.66,[],0,0,[],[]
30418110,30419990,NA,TVN,0.0,818,pause,NA,NA,NA,NA,0.0,0,-25.94,-15.93,[],0,0,[],[]
30419990,30424390,NA,TVN,0.0,818,pause,NA,NA,NA,NA,0.0,0,-21.26,-11.6,[],0,0,[],[]
30424390,30425390,NA,TVN,0.0,818,pause,NA,NA,NA,NA,0.0,0,-22.35,-14.65,[],0,0,[],[]
30425390,30427570,MAL,MAN,9.89,818,AMM,EC,0,NT,FI,0.0,0,-20.58,-12.64,[],0,0,[],[]
30427570,30429170,NA,TVN,0.0,819,pause,NA,NA,NA,NA,0.0,0,-19.8,-12.74,[],0,0,[],[]
30429170,30430170,NA,TVN,0.0,819,pause,NA,NA,NA,NA,0.0,0,-20.83,-11.93,[],0,0,[],[]
30430170,30433180,NA,TVN,0.0,819,pause,NA,NA,NA,NA,0.0,0,-23.73,-12.32,[],0,0,[],[]
30433180,30434130,NA,TVN,0.0,819,pause,NA,NA,NA,NA,0.0,0,-21.28,-13.18,[],0,0,[],[]
30434130,30436030,NA,TVN,0.0,819,pause,NA,NA,NA,NA,0.0,0,-22.42,-12.21,[],0,0,[],[]
30436030,30437070,NA,OLN,0.0,819,pause,NA,NA,NA,NA,0.0,0,-18.51,-12.05,[],0,0,[],[]
30437070,30437680,OCH,CXN,0.0,819,XM,EC,0,NT,FI,0.0,0,-16.91,-13.01,[],0,0,[],[]
30437680,30438840,NA,OLN,0.0,820,pause,NA,NA,NA,NA,0.0,0,-18.37,-11.89,[],0,0,[],[]
30438840,30439840,NA,TVN,0.0,820,pause,NA,NA,NA,NA,0.0,0,-23.12,-15.97,[],0,0,[],[]
30439840,30442410,NA,TVN,0.0,820,pause,NA,NA,NA,NA,0.0,0,-20.48,-11.42,[],0,0,[],[]
30442410,30444790,NA,TVN,0.0,820,pause,NA,NA,NA,NA,0.0,0,-22.09,-13.57,[],0,0,[],[]
30444790,30447030,NA,TVN,0.0,820,pause,NA,NA,NA,NA,0.0,0,-20.49,-11.46,[],0,0,[],[]
30447030,30449330,NA,TVN,0.0,820,pause,NA,NA,NA,NA,0.0,0,-21.08,-12.75,[],0,0,[],[]
30449330,30450170,NA,TVN,0.0,820,pause,NA,NA,NA,NA,0.0,0,-23.28,-14.24,[],0,0,[],[]
30450170,30451470,NA,TVN,0.0,820,pause,NA,NA,NA,NA,0.0,0,-23.75,-15.47,[],0,0,[],[]
30451470,30452270,NA,TVN,0.0,820,pause,NA,NA,NA,NA,0.0,0,-23.2,-16.81,[],0,0,[],[]
30452270,30453610,NA,TVN,0.0,820,pause,NA,NA,NA,NA,0.0,0,-25.95,-19.48,[],0,0,[],[]
30453610,30454420,NA,TVN,0.0,820,pause,NA,NA,NA,NA,0.0,0,-20.1,-11.25,[],0,0,[],[]
30454420,30456060,NA,TVN,0.0,820,pause,NA,NA,NA,NA,0.0,0,-22.45,-15.54,[],0,0,[],[]
30456060,30457510,NA,TVN,0.0,820,pause,NA,NA,NA,NA,0.0,0,-20.57,-12.8,[],0,0,[],[]
30457510,30458720,NA,TVN,0.0,820,pause,NA,NA,NA,NA,0.0,0,-23.92,-15.21,[],0,0,[],[]
30458720,30459550,NA,TVF,0.0,820,pause,NA,NA,NA,NA,0.0,0,-20.79,-12.31,[],0,0,[],[]
30459550,30460690,NA,TVN,0.0,820,pause,NA,NA,NA,NA,0.0,0,-24.71,-17.98,[],0,0,[],[]
30460690,30461620,NA,TVN,0.0,820,pause,NA,NA,NA,NA,0.0,0,-24.27,-15.03,[],0,0,[],[]
30461620,30462620,NA,TVN,0.0,820,pause,NA,NA,NA,NA,0.0,0,-24.82,-18.17,[],0,0,[],[]
30462620,30464290,MAL,MAN,12.24,820,AMM,EC,0,NT,FI,0.0,0,-24.46,-17.59,[],0,0,[],[]
30464290,30465440,NA,TVN,0.0,821,pause,NA,NA,NA,NA,0.0,0,-30.13,-22.63,[],0,0,[],[]
30465440,30467260,NA,TVN,0.0,821,pause,NA,NA,NA,NA,0.0,0,-29.46,-23.9,[],0,0,[],[]
30467260,30468270,NA,TVN,0.0,821,pause,NA,NA,NA,NA,0.0,0,-24.34,-18.75,[],0,0,[],[]
30468270,30469530,NA,TVN,0.0,821,pause,NA,NA,NA,NA,0.0,0,-24.35,-17.6,[],0,0,[],[]
30469530,30470670,NA,TVN,0.0,821,pause,NA,NA,NA,NA,0.0,0,-21.0,-14.48,[],0,0,[],[]
30470670,30475170,NA,TVN,0.0,821,pause,NA,NA,NA,NA,0.0,0,-20.36,-12.42,[],0,0,[],[]
30475170,30476170,MAL,MAN,4.76,821,AMM,EC,0,NT,FI,0.0,0,-20.53,-13.19,[],0,0,[],[]
30476170,30477580,NA,TVN,0.0,822,pause,NA,NA,NA,NA,0.0,0,-21.14,-13.65,[],0,0,[],[]
30477580,30478580,NA,TVN,0.0,822,pause,NA,NA,NA,NA,0.0,0,-23.93,-16.87,[],0,0,[],[]
30478580,30480420,NA,TVN,0.0,822,pause,NA,NA,NA,NA,0.0,0,-29.48,-20.35,[],0,0,[],[]
30480420,30484530,NA,TVN,0.0,822,pause,NA,NA,NA,NA,0.0,0,-27.39,-19.28,[],0,0,[],[]
30484530,30486260,NA,TVN,0.0,822,pause,NA,NA,NA,NA,0.0,0,-23.13,-16.2,[],0,0,[],[]
30486260,30487720,NA,TVN,0.0,822,pause,NA,NA,NA,NA,0.0,0,-24.98,-17.45,[],0,0,[],[]
30487720,30489250,NA,TVN,0.0,822,pause,NA,NA,NA,NA,0.0,0,-21.89,-12.36,[],0,0,[],[]
30489250,30490310,NA,TVN,0.0,822,pause,NA,NA,NA,NA,0.0,0,-22.53,-14.71,[],0,0,[],[]
30490310,30491380,NA,TVN,0.0,822,pause,NA,NA,NA,NA,0.0,0,-19.95,-11.44,[],0,0,[],[]
30491380,30492380,NA,TVN,0.0,822,pause,NA,NA,NA,NA,0.0,0,-23.02,-14.81,[],0,0,[],[]
30492380,30493810,NA,TVN,0.0,822,pause,NA,NA,NA,NA,0.0,0,-21.71,-12.53,[],0,0,[],[]
30493810,30497560,NA,TVN,0.0,822,pause,NA,NA,NA,NA,0.0,0,-24.01,-14.29,[],0,0,[],[]
30497560,30498560,OCH,CXN,0.0,822,XM,BC,0,NT,FI,0.0,0,-15.78,-8.32,[],0,0,[],[]
30498560,30500220,CHI,CHN,0.0,822,XM,NA,NA,NA,NA,0.0,0,-16.24,-11.08,[],0,1660,"[{'start': 30498.56, 'end': 30500.22}]",[]
30500220,30501890,OCH,CXN,0.0,822,XM,EC,0,NT,FH,0.0,0,-21.39,-12.59,[],0,0,[],[]
30501890,30503680,NA,NOF,0.0,823,pause,NA,NA,NA,NA,0.0,0,-29.46,-20.06,[],0,0,[],[]
30503680,30504990,NA,TVF,0.0,823,pause,NA,NA,NA,NA,0.0,0,-30.76,-21.19,[],0,0,[],[]
30504990,30506460,NA,TVN,0.0,823,pause,NA,NA,NA,NA,0.0,0,-31.7,-24.03,[],0,0,[],[]
30506460,30507600,NA,TVN,0.0,823,pause,NA,NA,NA,NA,0.0,0,-30.66,-21.88,[],0,0,[],[]
30507600,30508410,NA,TVF,0.0,823,pause,NA,NA,NA,NA,0.0,0,-34.01,-28.01,[],0,0,[],[]
30508410,30509420,MAL,MAN,3.42,823,AICM,BC,0,NT,FI,0.0,0,-32.26,-24.58,[],0,0,[],[]
30509420,30510500,FEM,FAN,3.54,823,AICM,RC,0,NT,FI,0.0,0,-26.19,-20.15,[],0,0,[],[]
30510500,30512180,MAL,MAN,9.99,823,AICM,RC,0,NT,FI,0.0,0,-27.77,-21.66,[],0,0,[],[]
30512180,30513120,NA,OLN,0.0,823,AICM,NA,NA,NA,NA,0.0,0,-15.08,-1.35,[],0,0,[],[]
30513120,30514160,MAL,MAN,5.38,823,AICM,RC,0,TIMI,FH,0.0,0,-15.63,-3.36,[],0,0,[],[]
30514160,30514980,NA,TVN,0.0,823,AICM,NA,NA,NA,NA,0.0,0,-30.4,-24.26,[],0,0,[],[]
30514980,30516340,CHI,CHN,0.0,823,AICM,RC,1,TIMR,FI,1.0,1360,-14.98,-9.52,"[{'Canonical-syllable': '1', 'Growl': '0', 'High-freq-energy': '0', 'Long-island': '1', 'Low-tilt-spectrum': '0', 'Medium-island': '1', 'Short-island': '0', 'Squeal': '0', 'Typical-entropy': '1', 'Voicing-quality': '2', 'Wide-band': '0', 'Xlong-island': '0', 'seq': '1', 'end': 30516.34, 'start': 30514.98}]",0,0,[],[]
30516340,30517190,CHI,CHN,0.0,823,AICM,RC,1,NT,FH,1.0,680,-13.38,-3.96,"[{'Canonical-syllable': '0', 'Growl': '0', 'High-freq-energy': '0', 'Long-island': '1', 'Low-tilt-spectrum': '1', 'Medium-island': '0', 'Short-island': '0', 'Squeal': '1', 'Typical-entropy': '1', 'Voicing-quality': '1', 'Wide-band': '0', 'Xlong-island': '0', 'seq': '1', 'end': 30517.02, 'start': 30516.34}]",0,0,[],[]
30517190,30517990,OCH,CXN,0.0,823,AICM,RC,1,NT,FI,0.0,0,-18.01,-5.03,[],0,0,[],[]
30517990,30520330,CHI,CHN,0.0,823,AICM,RC,1,NT,FI,1.0,1840,-17.43,-7.71,"[{'Canonical-syllable': '0', 'Growl': '1', 'High-freq-energy': '0', 'Long-island': '1', 'Low-tilt-spectrum': '2', 'Medium-island': '1', 'Short-island': '2', 'Squeal': '0', 'Typical-entropy': '2', 'Voicing-quality': '4', 'Wide-band': '0', 'Xlong-island': '0', 'seq': '1', 'end': 30520.33, 'start': 30518.49}]",0,0,[],[]
30520330,30521170,CHI,CHN,0.0,823,AICM,RC,1,NT,FH,1.0,840,-14.09,-11.57,"[{'Canonical-syllable': '0', 'Growl': '0', 'High-freq-energy': '0', 'Long-island': '1', 'Low-tilt-spectrum': '1', 'Medium-island': '0', 'Short-island': '0', 'Squeal': '0', 'Typical-entropy': '0', 'Voicing-quality': '1', 'Wide-band': '0', 'Xlong-island': '0', 'seq': '1', 'end': 30521.17, 'start': 30520.33}]",0,0,[],[]
30521170,30522030,NA,OLN,0.0,823,AICM,NA,NA,NA,NA,0.0,0,-18.86,-6.52,[],0,0,[],[]
30522030,30522630,OCH,CXN,0.0,823,AICM,RC,1,NT,FI,0.0,0,-25.74,-21.61,[],0,0,[],[]
30522630,30523690,NA,OLN,0.0,823,AICM,NA,NA,NA,NA,0.0,0,-19.29,-9.06,[],0,0,[],[]
30523690,30524710,OCH,CXN,0.0,823,AICM,RC,1,NT,FH,0.0,0,-17.32,-10.99,[],0,0,[],[]
30524710,30525510,OCH,CXN,0.0,823,AICM,RC,1,NT,FH,0.0,0,-25.41,-17.92,[],0,0,[],[]
30525510,30526900,NA,OLF,0.0,823,AICM,NA,NA,NA,NA,0.0,0,-35.5,-28.3,[],0,0,[],[]
30526900,30527730,OCH,CXN,0.0,823,AICM,RC,1,NT,FH,0.0,0,-16.28,-8.69,[],0,0,[],[]
30527730,30530400,OCH,CXN,0.0,823,AICM,RC,1,NT,FH,0.0,0,-17.88,-9.89,[],0,0,[],[]
30530400,30531910,MAL,MAN,7.47,823,AICM,RC,1,NT,FI,0.0,0,-23.52,-13.63,[],0,0,[],[]
30531910,30533580,OCH,CXN,0.0,823,AICM,RC,1,NT,FI,0.0,0,-17.58,-10.75,[],0,0,[],[]
30533580,30535270,FEM,FAN,9.36,823,AICM,RC,1,TIFI,FI,0.0,0,-21.73,-12.63,[],0,0,[],[]
30535270,30538590,CHI,CHN,0.0,823,AICM,NA,NA,NA,NA,0.0,0,-14.47,-4.22,[],0,3320,"[{'start': 30535.27, 'end': 30538.59}]",[]
30538590,30539590,CHI,CHN,0.0,823,AICM,RC,2,TIFR,FI,1.0,1000,-14.2,-5.42,"[{'Canonical-syllable': '0', 'Growl': '0', 'High-freq-energy': '2', 'Long-island': '0', 'Low-tilt-spectrum': '2', 'Medium-island': '2', 'Short-island': '0', 'Squeal': '2', 'Typical-entropy': '2', 'Voicing-quality': '1', 'Wide-band': '0', 'Xlong-island': '0', 'seq': '1', 'end': 30539.59, 'start': 30538.69}]",0,0,[],[]
30539590,30541120,NA,OLN,0.0,823,AICM,NA,NA,NA,NA,0.0,0,-24.12,-11.3,[],0,0,[],[]
30541120,30542640,CHI,CHN,0.0,823,AICM,NA,NA,NA,NA,0.0,0,-17.05,-8.95,[],0,1520,"[{'start': 30541.12, 'end': 30542.64}]",[]
30542640,30543720,NA,OLN,0.0,823,AICM,NA,NA,NA,NA,0.0,0,-30.58,-20.27,[],0,0,[],[]
30543720,30544590,OCH,CXN,0.0,823,AICM,RC,2,NT,FI,0.0,0,-19.92,-11.86,[],0,0,[],[]
30544590,30546800,NA,OLN,0.0,823,AICM,NA,NA,NA,NA,0.0,0,-20.2,-3.47,[],0,0,[],[]
30546800,30547800,CHI,CHN,0.0,823,AICM,RC,2,NT,FI,2.0,370,-22.35,-11.21,"[{'Canonical-syllable': '0', 'Growl': '1', 'High-freq-energy': '0', 'Long-island': '0', 'Low-tilt-spectrum': '1', 'Medium-island': '0', 'Short-island': '1', 'Squeal': '0', 'Typical-entropy': '1', 'Voicing-quality': '0', 'Wide-band': '0', 'Xlong-island': '0', 'seq': '1', 'end': 30546.98, 'start': 30546.8}, {'Canonical-syllable': '0', 'Growl': '0', 'High-freq-energy': '0', 'Long-island': '0', 'Low-tilt-spectrum': '0', 'Medium-island': '0', 'Short-island': '1', 'Squeal': '0', 'Typical-entropy': '0', 'Voicing-quality': '1', 'Wide-band': '0', 'Xlong-island': '0', 'seq': '2', 'end': 30547.8, 'start': 30547.61}]",0,0,[],[]
30547800,30549210,CHI,CHN,0.0,823,AICM,RC,2,NT,FH,1.0,1410,-17.67,-11.5,"[{'Canonical-syllable': '0', 'Growl': '1', 'High-freq-energy': '0', 'Long-island': '0', 'Low-tilt-spectrum': '0', 'Medium-island': '1', 'Short-island': '2', 'Squeal': '0', 'Typical-entropy': '1', 'Voicing-quality': '4', 'Wide-band': '0', 'Xlong-island': '0', 'seq': '1', 'end': 30549.21, 'start': 30547.8}]",0,0,[],[]
30549210,30550130,NA,OLN,0.0,823,AICM,NA,NA,NA,NA,0.0,0,-17.95,-2.96,[],0,0,[],[]
30550130,30552590,OCH,CXN,0.0,823,AICM,RC,2,NT,FI,0.0,0,-16.26,-10.64,[],0,0,[],[]
30552590,30554150,CHI,CHN,0.0,823,AICM,RC,2,TIMI,FI,1.0,1450,-19.06,-10.03,"[{'Canonical-syllable': '2', 'Growl': '2', 'High-freq-energy': '0', 'Long-island': '0', 'Low-tilt-spectrum': '3', 'Medium-island': '3', 'Short-island': '0', 'Squeal': '0', 'Typical-entropy': '4', 'Voicing-quality': '4', 'Wide-band': '0', 'Xlong-island': '0', 'seq': '1', 'end': 30554.04, 'start': 30552.59}]",0,0,[],[]
30554150,30554980,NA,OLN,0.0,823,AICM,NA,NA,NA,NA,0.0,0,-22.6,-11.42,[],0,0,[],[]
30554980,30556000,MAL,MAN,4.25,823,AICM,RC,3,TIMR,FI,0.0,0,-29.83,-22.21,[],0,0,[],[]
30556000,30557590,CHI,CHN,0.0,823,AICM,RC,3,TIME,FI,1.0,1590,-16.63,-6.63,"[{'Canonical-syllable': '2', 'Growl': '2', 'High-freq-energy': '0', 'Long-island': '0', 'Low-tilt-spectrum': '1', 'Medium-island': '2', 'Short-island': '1', 'Squeal': '0', 'Typical-entropy': '3', 'Voicing-quality': '5', 'Wide-band': '0', 'Xlong-island': '0', 'seq': '1', 'end': 30557.59, 'start': 30556.09}]",0,0,[],[]
30557590,30558400,NA,NON,0.0,823,AICM,NA,NA,NA,NA,0.0,0,-34.1,-28.56,[],0,0,[],[]
30558400,30559340,NA,OLN,0.0,823,AICM,NA,NA,NA,NA,0.0,0,-21.29,-12.64,[],0,0,[],[]
30559340,30560070,CHI,CHN,0.0,823,AICM,RC,3,NT,FH,1.0,730,-18.69,-12.74,"[{'Canonical-syllable': '1', 'Growl': '0', 'High-freq-energy': '0', 'Long-island': '0', 'Low-tilt-spectrum': '0', 'Medium-island': '1', 'Short-island': '1', 'Squeal': '0', 'Typical-entropy': '2', 'Voicing-quality': '3', 'Wide-band': '0', 'Xlong-island': '0', 'seq': '1', 'end': 30560.07, 'start': 30559.34}]",0,0,[],[]
30560070,30561270,NA,OLN,0.0,823,AICM,NA,NA,NA,NA,0.0,0,-22.67,-11.37,[],0,0,[],[]
30561270,30562790,OCH,CXN,0.0,823,AICM,RC,3,NT,FI,0.0,0,-23.81,-15.19,[],0,0,[],[]
30562790,30564260,NA,OLN,0.0,823,AICM,NA,NA,NA,NA,0.0,0,-30.37,-15.83,[],0,0,[],[]
30564260,30565050,CHI,CHN,0.0,823,AICM,EC,3,NT,FI,2.0,350,-20.77,-8.79,"[{'Canonical-syllable': '0', 'Growl': '0', 'High-freq-energy': '1', 'Long-island': '0', 'Low-tilt-spectrum': '1', 'Medium-island': '0', 'Short-island': '0', 'Squeal': '0', 'Typical-entropy': '1', 'Voicing-quality': '1', 'Wide-band': '0', 'Xlong-island': '0', 'seq': '1', 'end': 30564.37, 'start': 30564.26}, {'Canonical-syllable': '0', 'Growl': '0', 'High-freq-energy': '0', 'Long-island': '0', 'Low-tilt-spectrum': '0', 'Medium-island': '0', 'Short-island': '1', 'Squeal': '0', 'Typical-entropy': '1', 'Voicing-quality': '1', 'Wide-band': '0', 'Xlong-island': '0', 'seq': '2', 'end': 30565.05, 'start': 30564.81}]",0,0,[],[]
30565050,30565850,NA,NON,0.0,824,pause,NA,NA,NA,NA,0.0,0,-24.32,-7.95,[],0,0,[],[]
30565850,30567320,NA,OLN,0.0,824,pause,NA,NA,NA,NA,0.0,0,-24.49,-9.13,[],0,0,[],[]
30567320,30569680,NA,OLF,0.0,824,pause,NA,NA,NA,NA,0.0,0,-35.16,-24.14,[],0,0,[],[]
30569680,30570480,NA,NOF,0.0,824,pause,NA,NA,NA,NA,0.0,0,-36.37,-31.44,[],0,0,[],[]
30570480,30574230,NA,OLN,0.0,824,pause,NA,NA,NA,NA,0.0,0,-25.13,-11.66,[],0,0,[],[]
30574230,30574990,CHI,CHN,0.0,824,CIOCAX,BC,0,NT,FI,1.0,760,-14.64,-7.44,"[{'Canonical-syllable': '0', 'Growl': '0', 'High-freq-energy': '0', 'Long-island': '0', 'Low-tilt-spectrum': '1', 'Medium-island': '2', 'Short-island': '0', 'Squeal': '0', 'Typical-entropy': '1', 'Voicing-quality': '2', 'Wide-band': '0', 'Xlong-island': '0', 'seq': '1', 'end': 30574.99, 'start': 30574.23}]",0,0,[],[]
30574990,30576130,NA,OLN,0.0,824,CIOCAX,NA,NA,NA,NA,0.0,0,-21.65,-10.53,[],0,0,[],[]
30576130,30577460,CHI,CHN,0.0,824,CIOCAX,RC,0,NT,FH,2.0,1020,-18.28,-10.82,"[{'Canonical-syllable': '0', 'Growl': '1', 'High-freq-energy': '0', 'Long-island': '0', 'Low-tilt-spectrum': '1', 'Medium-island': '0', 'Short-island': '1', 'Squeal': '0', 'Typical-entropy': '1', 'Voicing-quality': '0', 'Wide-band': '0', 'Xlong-island': '0', 'seq': '1', 'end': 30576.36, 'start': 30576.13}, {'Canonical-syllable': '0', 'Growl': '1', 'High-freq-energy': '0', 'Long-island': '0', 'Low-tilt-spectrum': '2', 'Medium-island': '1', 'Short-island': '1', 'Squeal': '0', 'Typical-entropy': '2', 'Voicing-quality': '2', 'Wide-band': '0', 'Xlong-island': '0', 'seq': '2', 'end': 30577.46, 'start': 30576.67}]",0,0,[],[]
30577460,30578340,NA,OLN,0.0,824,CIOCAX,NA,NA,NA,NA,0.0,0,-21.3,-11.92,[],0,0,[],[]
30578340,30579320,CHI,CHN,0.0,824,CIOCAX,RC,0,NT,FH,1.0,980,-15.72,-5.79,"[{'Canonical-syllable': '1', 'Growl': '0', 'High-freq-energy': '0', 'Long-island': '0', 'Low-tilt-spectrum': '2', 'Medium-island': '1', 'Short-island': '2', 'Squeal': '0', 'Typical-entropy': '3', 'Voicing-quality': '3', 'Wide-band': '0', 'Xlong-island': '0', 'seq': '1', 'end': 30579.32, 'start': 30578.34}]",0,0,[],[]
30579320,30580550,CHI,CHN,0.0,824,CIOCAX,RC,0,NT,FH,1.0,1230,-17.79,-8.66,"[{'Canonical-syllable': '3', 'Growl': '1', 'High-freq-energy': '0', 'Long-island': '0', 'Low-tilt-spectrum': '1', 'Medium-island': '1', 'Short-island': '3', 'Squeal': '0', 'Typical-entropy': '1', 'Voicing-quality': '4', 'Wide-band': '0', 'Xlong-island': '0', 'seq': '1', 'end': 30580.55, 'start': 30579.32}]",0,0,[],[]
30580550,30581540,NA,OLN,0.0,824,CIOCAX,NA,NA,NA,NA,0.0,0,-22.36,-14.48,[],0,0,[],[]
30581540,30582860,OCH,CXN,0.0,824,CIOCAX,RC,0,NT,FI,0.0,0,-24.19,-18.33,[],0,0,[],[]
30582860,30583690,NA,OLN,0.0,824,CIOCAX,NA,NA,NA,NA,0.0,0,-28.68,-22.59,[],0,0,[],[]
30583690,30584600,FEM,FAN,2.18,824,CIOCAX,RC,0,NT,FI,0.0,0,-25.42,-18.8,[],0,0,[],[]
30584600,30585730,OCH,CXN,0.0,824,CIOCAX,RC,0,NT,FI,0.0,0,-18.72,-7.55,[],0,0,[],[]
30585730,30588370,NA,OLN,0.0,824,CIOCAX,NA,NA,NA,NA,0.0,0,-20.3,-7.4,[],0,0,[],[]
30588370,30589780,CHI,CHN,0.0,824,CIOCAX,NA,NA,NA,NA,0.0,0,-24.07,-12.68,[],0,1410,"[{'start': 30588.37, 'end': 30589.78}]",[]
30589780,30590620,CHI,CHN,0.0,824,CIOCAX,NA,NA,NA,NA,0.0,0,-14.97,-8.89,[],0,840,"[{'start': 30589.78, 'end': 30590.62}]",[]
30590620,30591720,CHI,CHN,0.0,824,CIOCAX,EC,0,NT,FI,1.0,910,-17.53,-10.01,"[{'Canonical-syllable': '1', 'Growl': '0', 'High-freq-energy': '0', 'Long-island': '0', 'Low-tilt-spectrum': '0', 'Medium-island': '2', 'Short-island': '0', 'Squeal': '0', 'Typical-entropy': '1', 'Voicing-quality': '2', 'Wide-band': '0', 'Xlong-island': '0', 'seq': '1', 'end': 30591.53, 'start': 30590.62}]",0,0,[],[]
30591720,30593290,NA,OLN,0.0,825,pause,NA,NA,NA,NA,0.0,0,-36.69,-29.45,[],0,0,[],[]
30593290,30594190,NA,NON,0.0,825,pause,NA,NA,NA,NA,0.0,0,-31.3,-24.36,[],0,0,[],[]
30594190,30595030,NA,OLF,0.0,825,pause,NA,NA,NA,NA,0.0,0,-29.58,-20.1,[],0,0,[],[]
30595030,30595950,NA,NOF,0.0,825,pause,NA,NA,NA,NA,0.0,0,-31.47,-21.36,[],0,0,[],[]
30595950,30596910,NA,OLN,0.0,825,pause,NA,NA,NA,NA,0.0,0,-30.13,-20.48,[],0,0,[],[]
30596910,30597910,CHI,CHN,0.0,825,CM,EC,0,NT,FI,1.0,920,-26.77,-16.66,"[{'Canonical-syllable': '0', 'Growl': '1', 'High-freq-energy': '1', 'Long-island': '0', 'Low-tilt-spectrum': '1', 'Medium-island': '1', 'Short-island': '1', 'Squeal': '0', 'Typical-entropy': '1', 'Voicing-quality': '1', 'Wide-band': '1', 'Xlong-island': '0', 'seq': '1', 'end': 30597.83, 'start': 30597.05}]",0,0,[],[]
30597910,30598860,NA,NOF,0.0,826,pause,NA,NA,NA,NA,0.0,0,-38.89,-28.45,[],0,0,[],[]
30598860,30599660,NA,OLF,0.0,826,pause,NA,NA,NA,NA,0.0,0,-39.65,-33.64,[],0,0,[],[]
30599660,30605090,NA,NOF,0.0,826,pause,NA,NA,NA,NA,0.0,0,-33.1,-13.08,[],0,0,[],[]
30605090,30605690,CHI,CHN,0.0,826,CIC,BC,0,TIFI,FI,1.0,600,-27.95,-21.29,"[{'Canonical-syllable': '1', 'Growl': '0', 'High-freq-energy': '0', 'Long-island': '0', 'Low-tilt-spectrum': '1', 'Medium-island': '1', 'Short-island': '0', 'Squeal': '0', 'Typical-entropy': '1', 'Voicing-quality': '1', 'Wide-band': '0', 'Xlong-island': '0', 'seq': '1', 'end': 30605.69, 'start': 30605.36}]",0,0,[],[]
30605690,30606690,NA,OLN,0.0,826,CIC,NA,NA,NA,NA,0.0,0,-22.13,-14.93,[],0,0,[],[]
30606690,30607690,FEM,FAN,6.54,826,CIC,RC,1,TIFR,FI,0.0,0,-27.62,-19.95,[],0,0,[],[]
30607690,30608690,MAL,MAN,4.62,826,CIC,RC,1,NT,FI,0.0,0,-27.1,-17.15,[],0,0,[],[]
30608690,30609290,OCH,CXN,0.0,826,CIC,RC,1,NT,FI,0.0,0,-24.6,-18.44,[],0,0,[],[]
30609290,30610090,CHI,CHN,0.0,826,CIC,RC,1,NT,FI,1.0,610,-19.07,-11.69,"[{'Canonical-syllable': '0', 'Growl': '0', 'High-freq-energy': '0', 'Long-island': '0', 'Low-tilt-spectrum': '0', 'Medium-island': '1', 'Short-island': '0', 'Squeal': '0', 'Typical-entropy': '0', 'Voicing-quality': '1', 'Wide-band': '0', 'Xlong-island': '0', 'seq': '1', 'end': 30609.9, 'start': 30609.4}]",0,0,[],[]
30610090,30611530,NA,OLN,0.0,826,CIC,NA,NA,NA,NA,0.0,0,-25.82,-19.14,[],0,0,[],[]
30611530,30613220,OCH,CXN,0.0,826,CIC,RC,1,NT,FI,0.0,0,-21.65,-13.64,[],0,0,[],[]
30613220,30614020,NA,NON,0.0,826,CIC,NA,NA,NA,NA,0.0,0,-30.68,-17.23,[],0,0,[],[]
30614020,30614990,NA,OLN,0.0,826,CIC,NA,NA,NA,NA,0.0,0,-17.91,-10.17,[],0,0,[],[]
30614990,30616620,OCH,CXN,0.0,826,CIC,RC,1,NT,FH,0.0,0,-21.29,-12.64,[],0,0,[],[]
30616620,30618100,FEM,FAN,6.67,826,CIC,RC,1,NT,FI,0.0,0,-18.88,-10.62,[],0,0,[],[]
30618100,30619120,NA,OLN,0.0,826,CIC,NA,NA,NA,NA,0.0,0,-25.06,-16.98,[],0,0,[],[]
30619120,30620120,OCH,CXN,0.0,826,CIC,RC,1,NT,FI,0.0,0,-18.64,-10.35,[],0,0,[],[]
30620120,30624080,NA,OLN,0.0,826,CIC,NA,NA,NA,NA,0.0,0,-22.73,-10.08,[],0,0,[],[]
30624080,30625230,MAL,MAN,7.59,826,CIC,RC,1,NT,FI,0.0,0,-24.47,-17.5,[],0,0,[],[]
30625230,30626060,NA,NON,0.0,826,CIC,NA,NA,NA,NA,0.0,0,-34.89,-21.27,[],0,0,[],[]
30626060,30627160,OCH,CXN,0.0,826,CIC,RC,1,NT,FI,0.0,0,-20.8,-8.71,[],0,0,[],[]
30627160,30627990,NA,OLN,0.0,826,CIC,NA,NA,NA,NA,0.0,0,-27.13,-15.05,[],0,0,[],[]
30627990,30629000,MAL,MAN,4.24,826,CIC,RC,1,NT,FI,0.0,0,-21.75,-11.94,[],0,0,[],[]
30629000,30629800,NA,OLN,0.0,826,CIC,NA,NA,NA,NA,0.0,0,-22.02,-15.77,[],0,0,[],[]
30629800,30631040,OCH,CXN,0.0,826,CIC,RC,1,NT,FI,0.0,0,-16.21,-2.85,[],0,0,[],[]
30631040,30632050,OCH,CXN,0.0,826,CIC,RC,1,NT,FH,0.0,0,-18.87,-11.79,[],0,0,[],[]
30632050,30632870,NA,OLN,0.0,826,CIC,NA,NA,NA,NA,0.0,0,-17.81,-10.86,[],0,0,[],[]
30632870,30633470,CHI,CHN,0.0,826,CIC,NA,NA,NA,NA,0.0,0,-17.43,-13.53,[],0,440,"[{'start': 30632.87, 'end': 30633.31}]",[]
30633470,30634780,NA,OLN,0.0,826,CIC,NA,NA,NA,NA,0.0,0,-23.19,-11.24,[],0,0,[],[]
30634780,30636090,OCH,CXN,0.0,826,CIC,RC,1,NT,FH,0.0,0,-18.88,-9.12,[],0,0,[],[]
30636090,30637320,CHI,CHN,0.0,826,CIC,NA,NA,NA,NA,0.0,0,-15.56,-7.28,[],0,1230,"[{'start': 30636.09, 'end': 30637.32}]",[]
30637320,30638200,NA,OLN,0.0,826,CIC,NA,NA,NA,NA,0.0,0,-23.48,-15.13,[],0,0,[],[]
30638200,30639380,CHI,CHN,0.0,826,CIC,NA,NA,NA,NA,0.0,0,-15.46,-7.64,[],0,1180,"[{'start': 30638.2, 'end': 30639.38}]",[]
30639380,30640280,NA,NOF,0.0,826,CIC,NA,NA,NA,NA,0.0,0,-36.55,-25.79,[],0,0,[],[]
30640280,30640900,CHI,CHN,0.0,826,CIC,NA,NA,NA,NA,0.0,0,-13.96,-8.72,[],0,620,"[{'start': 30640.28, 'end': 30640.9}]",[]
30640900,30641710,OCH,CXN,0.0,826,CIC,RC,1,NT,FH,0.0,0,-19.6,-11.37,[],0,0,[],[]
30641710,30642980,NA,OLN,0.0,826,CIC,NA,NA,NA,NA,0.0,0,-20.66,-10.58,[],0,0,[],[]
30642980,30643960,OCH,CXN,0.0,826,CIC,RC,1,NT,FH,0.0,0,-16.33,-9.73,[],0,0,[],[]
30643960,30645510,NA,OLN,0.0,826,CIC,NA,NA,NA,NA,0.0,0,-30.27,-19.98,[],0,0,[],[]
30645510,30646510,FEM,FAN,3.84,826,CIC,EC,1,NT,FI,0.0,0,-22.61,-10.79,[],0,0,[],[]
30646510,30650090,NA,OLN,0.0,827,pause,NA,NA,NA,NA,0.0,0,-28.67,-13.26,[],0,0,[],[]
30650090,30651930,NA,NOF,0.0,827,pause,NA,NA,NA,NA,0.0,0,-33.86,-17.97,[],0,0,[],[]
30651930,30652730,OCH,CXN,0.0,827,XIC,BC,0,NT,FI,0.0,0,-21.89,-5.72,[],0,0,[],[]
30652730,30657020,NA,OLN,0.0,827,XIC,NA,NA,NA,NA,0.0,0,-27.73,-13.89,[],0,0,[],[]
30657020,30658180,OCH,CXN,0.0,827,XIC,RC,0,NT,FH,0.0,0,-16.28,-9.15,[],0,0,[],[]
30658180,30658980,NA,OLN,0.0,827,XIC,NA,NA,NA,NA,0.0,0,-22.49,-16.64,[],0,0,[],[]
30658980,30659980,OCH,CXN,0.0,827,XIC,RC,0,NT,FH,0.0,0,-26.87,-19.78,[],0,0,[],[]
30659980,30662790,NA,OLN,0.0,827,XIC,NA,NA,NA,NA,0.0,0,-22.9,-12.31,[],0,0,[],[]
30662790,30664270,OCH,CXN,0.0,827,XIC,RC,0,NT,FH,0.0,0,-24.39,-13.96,[],0,0,[],[]
30664270,30666130,NA,OLN,0.0,827,XIC,NA,NA,NA,NA,0.0,0,-22.36,-11.84,[],0,0,[],[]
30666130,30666830,CHI,CHN,0.0,827,XIC,RC,0,TIMI,FI,1.0,700,-18.39,-13.22,"[{'Canonical-syllable': '0', 'Growl': '0', 'High-freq-energy': '0', 'Long-island': '1', 'Low-tilt-spectrum': '0', 'Medium-island': '0', 'Short-island': '0', 'Squeal': '0', 'Typical-entropy': '1', 'Voicing-quality': '1', 'Wide-band': '0', 'Xlong-island': '0', 'seq': '1', 'end': 30666.83, 'start': 30666.13}]",0,0,[],[]
30666830,30667680,NA,OLN,0.0,827,XIC,NA,NA,NA,NA,0.0,0,-24.87,-15.38,[],0,0,[],[]
30667680,30669140,NA,OLF,0.0,827,XIC,NA,NA,NA,NA,0.0,0,-38.24,-27.36,[],0,0,[],[]
30669140,30670420,MAL,MAN,3.57,827,XIC,EC,1,TIMR,FI,0.0,0,-36.18,-28.13,[],0,0,[],[]
30670420,30671370,NA,NOF,0.0,828,pause,NA,NA,NA,NA,0.0,0,-44.47,-36.23,[],0,0,[],[]
30671370,30672480,NA,FAF,0.0,828,pause,NA,NA,NA,NA,0.0,0,-36.31,-28.4,[],0,0,[],[]
30672480,30673330,NA,OLN,0.0,828,pause,NA,NA,NA,NA,0.0,0,-12.13,-3.75,[],0,0,[],[]
30673330,30675020,NA,NOF,0.0,828,pause,NA,NA,NA,NA,0.0,0,-16.77,-3.38,[],0,0,[],[]
30675020,30676700,NA,OLN,0.0,828,pause,NA,NA,NA,NA,0.0,0,-26.22,-6.77,[],0,0,[],[]
30676700,30677500,OCH,CXN,0.0,828,XIC,BC,0,NT,FI,0.0,0,-14.71,-8.8,[],0,0,[],[]
30677500,30678130,OCH,CXN,0.0,828,XIC,RC,0,NT,FH,0.0,0,-14.32,-9.81,[],0,0,[],[]
30678130,30679040,OCH,CXN,0.0,828,XIC,RC,0,NT,FH,0.0,0,-16.95,-10.16,[],0,0,[],[]
30679040,30679930,NA,OLN,0.0,828,XIC,NA,NA,NA,NA,0.0,0,-25.08,-19.41,[],0,0,[],[]
30679930,30680830,OCH,CXN,0.0,828,XIC,RC,0,NT,FH,0.0,0,-26.99,-20.61,[],0,0,[],[]
30680830,30681830,FEM,FAN,1.14,828,XIC,RC,0,NT,FI,0.0,0,-32.9,-26.96,[],0,0,[],[]
30681830,30684320,NA,OLN,0.0,828,XIC,NA,NA,NA,NA,0.0,0,-25.99,-13.0,[],0,0,[],[]
30684320,30685320,FEM,FAN,2.4,828,XIC,RC,0,TIFI,FH,0.0,0,-33.23,-23.32,[],0,0,[],[]
30685320,30690080,NA,OLN,0.0,828,XIC,NA,NA,NA,NA,0.0,0,-22.46,-11.55,[],0,0,[],[]
30690080,30690760,CHI,CHN,0.0,828,XIC,RC,1,TIFR,FI,1.0,680,-19.14,-14.03,"[{'Canonical-syllable': '0', 'Growl': '0', 'High-freq-energy': '0', 'Long-island': '1', 'Low-tilt-spectrum': '1', 'Medium-island': '0', 'Short-island': '0', 'Squeal': '0', 'Typical-entropy': '1', 'Voicing-quality': '1', 'Wide-band': '0', 'Xlong-island': '0', 'seq': '1', 'end': 30690.76, 'start': 30690.08}]",0,0,[],[]
30690760,30691640,OCH,CXN,0.0,828,XIC,RC,1,NT,FI,0.0,0,-29.24,-22.76,[],0,0,[],[]
30691640,30693990,CHI,CHN,0.0,828,XIC,RC,1,NT,FI,2.0,1600,-20.27,-9.94,"[{'Canonical-syllable': '0', 'Growl': '0', 'High-freq-energy': '0', 'Long-island': '0', 'Low-tilt-spectrum': '1', 'Medium-island': '1', 'Short-island': '0', 'Squeal': '0', 'Typical-entropy': '1', 'Voicing-quality': '0', 'Wide-band': '0', 'Xlong-island': '0', 'seq': '1', 'end': 30692.31, 'start': 30691.79}, {'Canonical-syllable': '1', 'Growl': '0', 'High-freq-energy': '0', 'Long-island': '0', 'Low-tilt-spectrum': '0', 'Medium-island': '2', 'Short-island': '1', 'Squeal': '0', 'Typical-entropy': '2', 'Voicing-quality': '3', 'Wide-band': '0', 'Xlong-island': '0', 'seq': '2', 'end': 30693.87, 'start': 30692.94}]",0,0,[],[]
30693990,30695560,NA,OLN,0.0,828,XIC,NA,NA,NA,NA,0.0,0,-17.56,-7.48,[],0,0,[],[]
30695560,30696170,CHI,CHN,0.0,828,XIC,RC,1,TIMI,FH,1.0,610,-14.49,-9.13,"[{'Canonical-syllable': '0', 'Growl': '0', 'High-freq-energy': '0', 'Long-island': '0', 'Low-tilt-spectrum': '1', 'Medium-island': '1', 'Short-island': '1', 'Squeal': '0', 'Typical-entropy': '2', 'Voicing-quality': '2', 'Wide-band': '0', 'Xlong-island': '0', 'seq': '1', 'end': 30696.17, 'start': 30695.56}]",0,0,[],[]
30696170,30697510,NA,OLN,0.0,828,XIC,NA,NA,NA,NA,0.0,0,-20.08,-13.15,[],0,0,[],[]
30697510,30698680,MAL,MAN,9.69,828,XIC,RC,2,TIMR,FI,0.0,0,-24.84,-14.61,[],0,0,[],[]
30698680,30699610,NA,OLN,0.0,828,XIC,NA,NA,NA,NA,0.0,0,-18.6,-8.02,[],0,0,[],[]
30699610,30700210,CHI,CHN,0.0,828,XIC,RC,2,TIME,FI,1.0,600,-14.14,-9.13,"[{'Canonical-syllable': '2', 'Growl': '0', 'High-freq-energy': '0', 'Long-island': '0', 'Low-tilt-spectrum': '1', 'Medium-island': '1', 'Short-island': '1', 'Squeal': '0', 'Typical-entropy': '2', 'Voicing-quality': '2', 'Wide-band': '0', 'Xlong-island': '0', 'seq': '1', 'end': 30700.21, 'start': 30699.61}]",0,0,[],[]
30700210,30701800,OCH,CXN,0.0,828,XIC,RC,2,NT,FI,0.0,0,-19.19,-11.08,[],0,0,[],[]
30701800,30703140,NA,OLN,0.0,828,XIC,NA,NA,NA,NA,0.0,0,-23.47,-14.54,[],0,0,[],[]
30703140,30704140,FEM,FAN,5.71,828,XIC,RC,2,NT,FI,0.0,0,-23.86,-18.45,[],0,0,[],[]
30704140,30705010,NA,OLN,0.0,828,XIC,NA,NA,NA,NA,0.0,0,-23.99,-12.8,[],0,0,[],[]
30705010,30706240,FEM,FAN,7.44,828,XIC,RC,2,NT,FH,0.0,0,-25.53,-16.58,[],0,0,[],[]
30706240,30707100,OCH,CXN,0.0,828,XIC,EC,2,NT,FI,0.0,0,-27.82,-21.1,[],0,0,[],[]
30707100,30707900,NA,OLN,0.0,829,pause,NA,NA,NA,NA,0.0,0,-19.61,-6.86,[],0,0,[],[]
30707900,30708780,CHI,CHN,0.0,829,pause,NA,NA,NA,NA,0.0,0,-13.9,-6.24,[],0,880,"[{'start': 30707.9, 'end': 30708.78}]",[]
30708780,30713020,NA,OLN,0.0,829,pause,NA,NA,NA,NA,0.0,0,-16.91,-0.99,[],0,0,[],[]
30713020,30713860,OCH,CXN,0.0,829,XM,EC,0,NT,FI,0.0,0,-15.29,-6.16,[],0,0,[],[]
30713860,30714660,NA,NON,0.0,830,pause,NA,NA,NA,NA,0.0,0,-28.04,-20.05,[],0,0,[],[]
30714660,30719690,NA,OLN,0.0,830,pause,NA,NA,NA,NA,0.0,0,-17.34,-3.75,[],0,0,[],[]
30719690,30721770,MAL,MAN,8.01,830,AMM,BC,0,NT,FI,0.0,0,-25.67,-13.77,[],0,0,[],[]
30721770,30724900,NA,OLN,0.0,830,AMM,NA,NA,NA,NA,0.0,0,-32.27,-18.56,[],0,0,[],[]
30724900,30725900,MAL,MAN,4.64,830,AMM,EC,0,NT,FH,0.0,0,-31.87,-22.68,[],0,0,[],[]
30725900,30727200,NA,OLN,0.0,831,pause,NA,NA,NA,NA,0.0,0,-27.58,-11.45,[],0,0,[],[]
30727200,30728000,NA,NOF,0.0,831,pause,NA,NA,NA,NA,0.0,0,-36.14,-23.53,[],0,0,[],[]
30728000,30729790,NA,OLF,0.0,831,pause,NA,NA,NA,NA,0.0,0,-33.23,-16.91,[],0,0,[],[]
30729790,30730840,NA,NOF,0.0,831,pause,NA,NA,NA,NA,0.0,0,-43.79,-37.0,[],0,0,[],[]
30730840,30732370,NA,OLF,0.0,831,pause,NA,NA,NA,NA,0.0,0,-41.65,-29.01,[],0,0,[],[]
30732370,30733280,NA,NOF,0.0,831,pause,NA,NA,NA,NA,0.0,0,-17.47,-4.47,[],0,0,[],[]
30733280,30734440,NA,OLF,0.0,831,pause,NA,NA,NA,NA,0.0,0,-37.52,-28.45,[],0,0,[],[]
30734440,30735450,MAL,MAN,6.8,831,AMM,EC,0,NT,FI,0.0,0,-33.42,-23.3,[],0,0,[],[]
30735450,30744000,NA,OLN,0.0,832,pause,NA,NA,NA,NA,0.0,0,-26.04,-4.04,[],0,0,[],[]
30744000,30745090,NA,NON,0.0,832,pause,NA,NA,NA,NA,0.0,0,-26.58,-13.18,[],0,0,[],[]
30745090,30747810,NA,OLN,0.0,832,pause,NA,NA,NA,NA,0.0,0,-24.39,-10.64,[],0,0,[],[]
30747810,30748810,MAL,MAN,6.88,832,AICM,BC,0,NT,FI,0.0,0,-21.91,-4.21,[],0,0,[],[]
30748810,30751470,NA,OLN,0.0,832,AICM,NA,NA,NA,NA,0.0,0,-26.29,-17.68,[],0,0,[],[]
30751470,30752560,MAL,MAN,3.56,832,AICM,RC,0,TIMI,FH,0.0,0,-27.06,-17.31,[],0,0,[],[]
30752560,30754780,NA,OLN,0.0,832,AICM,NA,NA,NA,NA,0.0,0,-36.75,-27.53,[],0,0,[],[]
30754780,30755380,CHI,CHN,0.0,832,AICM,RC,1,TIMR,FI,1.0,530,-15.9,-11.2,"[{'Canonical-syllable': '1', 'Growl': '0', 'High-freq-energy': '0', 'Long-island': '0', 'Low-tilt-spectrum': '0', 'Medium-island': '1', 'Short-island': '0', 'Squeal': '0', 'Typical-entropy': '1', 'Voicing-quality': '1', 'Wide-band': '0', 'Xlong-island': '0', 'seq': '1', 'end': 30755.31, 'start': 30754.78}]",0,0,[],[]
30755380,30756430,NA,OLN,0.0,832,AICM,NA,NA,NA,NA,0.0,0,-27.22,-15.64,[],0,0,[],[]
30756430,30757330,CHI,CHN,0.0,832,AICM,EC,1,NT,FH,1.0,900,-22.97,-17.16,"[{'Canonical-syllable': '0', 'Growl': '0', 'High-freq-energy': '0', 'Long-island': '0', 'Low-tilt-spectrum': '0', 'Medium-island': '1', 'Short-island': '1', 'Squeal': '0', 'Typical-entropy': '1', 'Voicing-quality': '2', 'Wide-band': '0', 'Xlong-island': '0', 'seq': '1', 'end': 30757.33, 'start': 30756.43}]",0,0,[],[]
30757330,30758130,NA,OLN,0.0,833,pause,NA,NA,NA,NA,0.0,0,-35.35,-23.11,[],0,0,[],[]
30758130,30759160,NA,NOF,0.0,833,pause,NA,NA,NA,NA,0.0,0,-31.37,-15.86,[],0,0,[],[]
30759160,30762310,NA,OLN,0.0,833,pause,NA,NA,NA,NA,0.0,0,-30.55,-15.81,[],0,0,[],[]
30762310,30763110,NA,NOF,0.0,833,pause,NA,NA,NA,NA,0.0,0,-36.9,-23.87,[],0,0,[],[]
30763110,30763910,NA,FAF,0.0,833,pause,NA,NA,NA,NA,0.0,0,-39.96,-31.51,[],0,0,[],[]
30763910,30764710,NA,NOF,0.0,833,pause,NA,NA,NA,NA,0.0,0,-36.42,-26.96,[],0,0,[],[]
30764710,30765510,NA,OLF,0.0,833,pause,NA,NA,NA,NA,0.0,0,-42.28,-33.73,[],0,0,[],[]
30765510,30766460,NA,NOF,0.0,833,pause,NA,NA,NA,NA,0.0,0,-45.2,-39.96,[],0,0,[],[]
30766460,30767880,NA,MAF,0.0,833,pause,NA,NA,NA,NA,0.0,0,-40.44,-30.33,[],0,0,[],[]
30767880,30768830,NA,NOF,0.0,833,pause,NA,NA,NA,NA,0.0,0,-45.06,-39.73,[],0,0,[],[]
30768830,30769800,NA,OLF,0.0,833,pause,NA,NA,NA,NA,0.0,0,-35.01,-25.46,[],0,0,[],[]
30769800,30770990,NA,NOF,0.0,833,pause,NA,NA,NA,NA,0.0,0,-35.25,-18.05,[],0,0,[],[]
30770990,30772920,NA,CXF,0.0,833,pause,NA,NA,NA,NA,0.0,0,-39.82,-29.96,[],0,0,[],[]
30772920,30775050,NA,NOF,0.0,833,pause,NA,NA,NA,NA,0.0,0,-26.89,-10.21,[],0,0,[],[]
30775050,30775850,NA,OLF,0.0,833,pause,NA,NA,NA,NA,0.0,0,-45.15,-38.35,[],0,0,[],[]
30775850,30777180,NA,NOF,0.0,833,pause,NA,NA,NA,NA,0.0,0,-39.73,-29.8,[],0,0,[],[]
30777180,30778070,NA,OLF,0.0,833,pause,NA,NA,NA,NA,0.0,0,-38.03,-23.86,[],0,0,[],[]
30778070,30781610,NA,NOF,0.0,833,pause,NA,NA,NA,NA,0.0,0,-27.09,-4.48,[],0,0,[],[]
30781610,30782450,NA,OLF,0.0,833,pause,NA,NA,NA,NA,0.0,0,-44.11,-40.09,[],0,0,[],[]
30782450,30785240,NA,NOF,0.0,833,pause,NA,NA,NA,NA,0.0,0,-24.84,-5.65,[],0,0,[],[]
30785240,30786040,NA,OLF,0.0,833,pause,NA,NA,NA,NA,0.0,0,-41.74,-35.06,[],0,0,[],[]
30786040,30787360,NA,NOF,0.0,833,pause,NA,NA,NA,NA,0.0,0,-41.27,-27.23,[],0,0,[],[]
30787360,30788190,NA,CXF,0.0,833,pause,NA,NA,NA,NA,0.0,0,-39.6,-31.99,[],0,0,[],[]
30788190,30790370,NA,OLN,0.0,833,pause,NA,NA,NA,NA,0.0,0,-17.42,-1.97,[],0,0,[],[]
30790370,30790970,NA,CHF,0.0,833,CM,EC,0,NT,FI,1.0,600,-36.43,-30.22,"[{'Canonical-syllable': '0', 'Growl': '1', 'High-freq-energy': '0', 'Long-island': '0', 'Low-tilt-spectrum': '1', 'Medium-island': '1', 'Short-island': '0', 'Squeal': '0', 'Typical-entropy': '0', 'Voicing-quality': '1', 'Wide-band': '0', 'Xlong-island': '0', 'seq': '1', 'end': 30790.97, 'start': 30790.37}]",0,0,[],[]
30790970,30792290,NA,OLF,0.0,834,pause,NA,NA,NA,NA,0.0,0,-37.0,-24.67,[],0,0,[],[]
30792290,30793090,NA,OLF,0.0,834,pause,NA,NA,NA,NA,0.0,0,-15.33,-3.61,[],0,0,[],[]
30793090,30794400,NA,OLN,0.0,834,pause,NA,NA,NA,NA,0.0,0,-33.2,-20.65,[],0,0,[],[]
30794400,30796410,NA,NOF,0.0,834,pause,NA,NA,NA,NA,0.0,0,-16.78,-2.34,[],0,0,[],[]
30796410,30797690,NA,OLF,0.0,834,pause,NA,NA,NA,NA,0.0,0,-36.43,-31.88,[],0,0,[],[]
30797690,30798930,NA,FAF,0.0,834,pause,NA,NA,NA,NA,0.0,0,-36.55,-29.97,[],0,0,[],[]
30798930,30801040,NA,OLF,0.0,834,pause,NA,NA,NA,NA,0.0,0,-31.72,-10.91,[],0,0,[],[]
30801040,30802040,NA,FAF,0.0,834,pause,NA,NA,NA,NA,0.0,0,-39.69,-32.73,[],0,0,[],[]
30802040,30803410,NA,OLN,0.0,834,pause,NA,NA,NA,NA,0.0,0,-34.95,-26.89,[],0,0,[],[]
30803410,30804540,OCH,CXN,0.0,834,XM,EC,0,NT,FI,0.0,0,-36.24,-29.04,[],0,0,[],[]
30804540,30806120,NA,OLF,0.0,835,pause,NA,NA,NA,NA,0.0,0,-40.0,-30.67,[],0,0,[],[]
30806120,30807160,NA,FAF,0.0,835,pause,NA,NA,NA,NA,0.0,0,-42.93,-34.04,[],0,0,[],[]
30807160,30808370,NA,OLF,0.0,835,pause,NA,NA,NA,NA,0.0,0,-39.61,-28.65,[],0,0,[],[]
30808370,30809530,NA,MAF,0.0,835,pause,NA,NA,NA,NA,0.0,0,-39.66,-28.56,[],0,0,[],[]
30809530,30810390,NA,OLF,0.0,835,pause,NA,NA,NA,NA,0.0,0,-42.52,-32.4,[],0,0,[],[]
30810390,30811200,NA,NOF,0.0,835,pause,NA,NA,NA,NA,0.0,0,-39.72,-27.87,[],0,0,[],[]
30811200,30812360,NA,OLF,0.0,835,pause,NA,NA,NA,NA,0.0,0,-40.6,-32.6,[],0,0,[],[]
30812360,30813160,NA,CXF,0.0,835,pause,NA,NA,NA,NA,0.0,0,-42.33,-34.94,[],0,0,[],[]
30813160,30813980,NA,NOF,0.0,835,pause,NA,NA,NA,NA,0.0,0,-45.72,-37.23,[],0,0,[],[]
30813980,30815000,NA,FAF,0.0,835,pause,NA,NA,NA,NA,0.0,0,-39.32,-29.61,[],0,0,[],[]
30815000,30815910,NA,OLF,0.0,835,pause,NA,NA,NA,NA,0.0,0,-37.98,-29.79,[],0,0,[],[]
30815910,30816710,NA,NOF,0.0,835,pause,NA,NA,NA,NA,0.0,0,-41.1,-31.97,[],0,0,[],[]
30816710,30817350,CHI,CHN,0.0,835,CIC,BC,0,TIFI,FI,1.0,640,-17.47,-11.99,"[{'Canonical-syllable': '0', 'Growl': '0', 'High-freq-energy': '0', 'Long-island': '0', 'Low-tilt-spectrum': '0', 'Medium-island': '1', 'Short-island': '0', 'Squeal': '0', 'Typical-entropy': '1', 'Voicing-quality': '1', 'Wide-band': '0', 'Xlong-island': '0', 'seq': '1', 'end': 30817.35, 'start': 30816.71}]",0,0,[],[]
30817350,30818480,NA,OLF,0.0,835,CIC,NA,NA,NA,NA,0.0,0,-36.78,-27.95,[],0,0,[],[]
30818480,30820960,FEM,FAN,8.34,835,CIC,RC,1,TIFR,FI,0.0,0,-31.39,-21.02,[],0,0,[],[]
30820960,30821960,NA,NOF,0.0,835,CIC,NA,NA,NA,NA,0.0,0,-41.24,-31.8,[],0,0,[],[]
30821960,30824810,FEM,FAN,10.72,835,CIC,RC,1,NT,FH,0.0,0,-25.19,-14.85,[],0,0,[],[]
30824810,30825450,CHI,CHN,0.0,835,CIC,NA,NA,NA,NA,0.0,0,-16.16,-10.28,[],0,410,"[{'start': 30825.04, 'end': 30825.45}]",[]
30825450,30826650,FEM,FAN,6.43,835,CIC,RC,1,NT,FH,0.0,0,-25.47,-15.69,[],0,0,[],[]
30826650,30828460,NA,NOF,0.0,835,CIC,NA,NA,NA,NA,0.0,0,-44.06,-36.14,[],0,0,[],[]
30828460,30829420,CHI,CHN,0.0,835,CIC,RC,1,TIFE,FI,1.0,320,-20.04,-9.77,"[{'Canonical-syllable': '1', 'Growl': '0', 'High-freq-energy': '0', 'Long-island': '0', 'Low-tilt-spectrum': '1', 'Medium-island': '1', 'Short-island': '0', 'Squeal': '0', 'Typical-entropy': '1', 'Voicing-quality': '1', 'Wide-band': '0', 'Xlong-island': '0', 'seq': '1', 'end': 30829.42, 'start': 30829.1}]",0,0,[],[]
30829420,30830440,CHI,CHN,0.0,835,CIC,RC,1,TIFI,FH,1.0,490,-23.65,-15.37,"[{'Canonical-syllable': '1', 'Growl': '0', 'High-freq-energy': '0', 'Long-island': '0', 'Low-tilt-spectrum': '1', 'Medium-island': '1', 'Short-island': '0', 'Squeal': '0', 'Typical-entropy': '2', 'Voicing-quality': '2', 'Wide-band': '0', 'Xlong-island': '0', 'seq': '1', 'end': 30830.3, 'start': 30829.81}]",0,0,[],[]
30830440,30831370,NA,OLN,0.0,835,CIC,NA,NA,NA,NA,0.0,0,-23.79,-8.58,[],0,0,[],[]
30831370,30832980,FEM,FAN,2.09,835,CIC,RC,2,TIFR,FI,0.0,0,-31.06,-19.94,[],0,0,[],[]
30832980,30833990,NA,NOF,0.0,835,CIC,NA,NA,NA,NA,0.0,0,-36.28,-24.66,[],0,0,[],[]
30833990,30836140,NA,OLF,0.0,835,CIC,NA,NA,NA,NA,0.0,0,-31.59,-16.57,[],0,0,[],[]
30836140,30836940,NA,NOF,0.0,835,CIC,NA,NA,NA,NA,0.0,0,-42.0,-34.48,[],0,0,[],[]
30836940,30837940,CHI,CHN,0.0,835,CIC,RC,2,TIFE,FI,1.0,530,-20.7,-12.23,"[{'Canonical-syllable': '0', 'Growl': '0', 'High-freq-energy': '0', 'Long-island': '0', 'Low-tilt-spectrum': '0', 'Medium-island': '1', 'Short-island': '0', 'Squeal': '0', 'Typical-entropy': '1', 'Voicing-quality': '1', 'Wide-band': '0', 'Xlong-island': '0', 'seq': '1', 'end': 30837.84, 'start': 30837.31}]",0,0,[],[]
30837940,30839380,NA,OLN,0.0,835,CIC,NA,NA,NA,NA,0.0,0,-38.96,-29.51,[],0,0,[],[]
30839380,30840440,FEM,FAN,0.0,835,CIC,NA,NA,NA,NA,0.0,0,-33.03,-21.14,[],1060,0,[],[]
30840440,30841140,CHI,CHN,0.0,835,CIC,EC,2,NT,FH,1.0,580,-17.06,-12.19,"[{'Canonical-syllable': '0', 'Growl': '0', 'High-freq-energy': '0', 'Long-island': '0', 'Low-tilt-spectrum': '0', 'Medium-island': '1', 'Short-island': '0', 'Squeal': '0', 'Typical-entropy': '0', 'Voicing-quality': '1', 'Wide-band': '0', 'Xlong-island': '0', 'seq': '1', 'end': 30841.02, 'start': 30840.44}]",0,0,[],[]
30841140,30842000,NA,NOF,0.0,836,pause,NA,NA,NA,NA,0.0,0,-42.97,-31.82,[],0,0,[],[]
30842000,30842800,NA,OLF,0.0,836,pause,NA,NA,NA,NA,0.0,0,-42.8,-33.79,[],0,0,[],[]
30842800,30843600,NA,NOF,0.0,836,pause,NA,NA,NA,NA,0.0,0,-39.36,-29.51,[],0,0,[],[]
30843600,30845730,NA,OLN,0.0,836,pause,NA,NA,NA,NA,0.0,0,-36.24,-21.3,[],0,0,[],[]
30845730,30846340,CHI,CHN,0.0,836,pause,NA,NA,NA,NA,0.0,0,-26.37,-9.95,[],0,0,[],[]
30846340,30847650,NA,NOF,0.0,836,pause,NA,NA,NA,NA,0.0,0,-39.96,-27.16,[],0,0,[],[]
30847650,30848650,NA,OLF,0.0,836,pause,NA,NA,NA,NA,0.0,0,-41.72,-34.74,[],0,0,[],[]
30848650,30849530,NA,NOF,0.0,836,pause,NA,NA,NA,NA,0.0,0,-39.64,-30.69,[],0,0,[],[]
30849530,30850150,CHI,CHN,0.0,836,CM,EC,0,NT,FI,1.0,620,-35.37,-24.89,"[{'Canonical-syllable': '0', 'Growl': '1', 'High-freq-energy': '0', 'Long-island': '0', 'Low-tilt-spectrum': '1', 'Medium-island': '1', 'Short-island': '0', 'Squeal': '0', 'Typical-entropy': '1', 'Voicing-quality': '1', 'Wide-band': '0', 'Xlong-island': '0', 'seq': '1', 'end': 30850.15, 'start': 30849.53}]",0,0,[],[]
30850150,30851260,NA,NOF,0.0,837,pause,NA,NA,NA,NA,0.0,0,-41.09,-32.36,[],0,0,[],[]
30851260,30852120,NA,OLF,0.0,837,pause,NA,NA,NA,NA,0.0,0,-33.11,-20.83,[],0,0,[],[]
30852120,30853700,NA,NOF,0.0,837,pause,NA,NA,NA,NA,0.0,0,-41.77,-29.31,[],0,0,[],[]
30853700,30854500,NA,OLF,0.0,837,pause,NA,NA,NA,NA,0.0,0,-24.82,-9.66,[],0,0,[],[]
30854500,30855300,NA,NOF,0.0,837,pause,NA,NA,NA,NA,0.0,0,-39.15,-26.78,[],0,0,[],[]
30855300,30856100,OCH,CXN,0.0,837,XIC,BC,0,NT,FI,0.0,0,-31.61,-23.57,[],0,0,[],[]
30856100,30858260,NA,OLN,0.0,837,XIC,NA,NA,NA,NA,0.0,0,-26.84,-15.84,[],0,0,[],[]
30858260,30859150,NA,NOF,0.0,837,XIC,NA,NA,NA,NA,0.0,0,-43.18,-33.08,[],0,0,[],[]
30859150,30859950,NA,OLF,0.0,837,XIC,NA,NA,NA,NA,0.0,0,-43.93,-36.14,[],0,0,[],[]
30859950,30860750,NA,NOF,0.0,837,XIC,NA,NA,NA,NA,0.0,0,-39.71,-32.26,[],0,0,[],[]
30860750,30861840,OCH,CXN,0.0,837,XIC,RC,0,NT,FH,0.0,0,-23.19,-11.78,[],0,0,[],[]
30861840,30862640,NA,NOF,0.0,837,XIC,NA,NA,NA,NA,0.0,0,-33.28,-26.02,[],0,0,[],[]
30862640,30863790,NA,OLN,0.0,837,XIC,NA,NA,NA,NA,0.0,0,-22.01,-5.17,[],0,0,[],[]
30863790,30864780,NA,NOF,0.0,837,XIC,NA,NA,NA,NA,0.0,0,-18.04,-0.87,[],0,0,[],[]
30864780,30865390,CHI,CHN,0.0,837,XIC,RC,0,TIFI,FI,1.0,610,-17.36,-9.95,"[{'Canonical-syllable': '0', 'Growl': '0', 'High-freq-energy': '0', 'Long-island': '0', 'Low-tilt-spectrum': '1', 'Medium-island': '1', 'Short-island': '0', 'Squeal': '0', 'Typical-entropy': '1', 'Voicing-quality': '1', 'Wide-band': '0', 'Xlong-island': '0', 'seq': '1', 'end': 30865.39, 'start': 30865.04}]",0,0,[],[]
30865390,30867840,FEM,FAN,9.84,837,XIC,RC,1,TIFR,FI,0.0,0,-25.7,-14.89,[],0,0,[],[]
30867840,30869160,NA,OLN,0.0,837,XIC,NA,NA,NA,NA,0.0,0,-35.55,-27.02,[],0,0,[],[]
30869160,30869760,CHI,CHN,0.0,837,XIC,NA,NA,NA,NA,0.0,0,-16.12,-10.22,[],0,600,"[{'start': 30869.16, 'end': 30869.76}]",[]
30869760,30870810,OCH,CXN,0.0,837,XIC,RC,1,NT,FI,0.0,0,-16.09,-8.28,[],0,0,[],[]
30870810,30875120,NA,OLN,0.0,837,XIC,NA,NA,NA,NA,0.0,0,-31.61,-21.32,[],0,0,[],[]
30875120,30876120,CHI,CHN,0.0,837,XIC,RC,1,NT,FI,1.0,1000,-16.51,-8.81,"[{'Canonical-syllable': '0', 'Growl': '0', 'High-freq-energy': '0', 'Long-island': '0', 'Low-tilt-spectrum': '1', 'Medium-island': '2', 'Short-island': '0', 'Squeal': '0', 'Typical-entropy': '1', 'Voicing-quality': '2', 'Wide-band': '0', 'Xlong-island': '0', 'seq': '1', 'end': 30876.12, 'start': 30875.21}]",0,0,[],[]
30876120,30879160,NA,OLN,0.0,837,XIC,NA,NA,NA,NA,0.0,0,-30.84,-17.01,[],0,0,[],[]
30879160,30879760,CHI,CHN,0.0,837,XIC,RC,1,NT,FH,1.0,440,-15.86,-8.96,"[{'Canonical-syllable': '0', 'Growl': '0', 'High-freq-energy': '0', 'Long-island': '0', 'Low-tilt-spectrum': '1', 'Medium-island': '1', 'Short-island': '0', 'Squeal': '0', 'Typical-entropy': '1', 'Voicing-quality': '1', 'Wide-band': '0', 'Xlong-island': '0', 'seq': '1', 'end': 30879.6, 'start': 30879.16}]",0,0,[],[]
30879760,30881510,NA,OLN,0.0,837,XIC,NA,NA,NA,NA,0.0,0,-26.2,-12.72,[],0,0,[],[]
30881510,30882510,CHI,CHN,0.0,837,XIC,RC,1,NT,FH,1.0,1000,-15.9,-8.8,"[{'Canonical-syllable': '0', 'Growl': '0', 'High-freq-energy': '0', 'Long-island': '1', 'Low-tilt-spectrum': '0', 'Medium-island': '0', 'Short-island': '0', 'Squeal': '0', 'Typical-entropy': '1', 'Voicing-quality': '1', 'Wide-band': '0', 'Xlong-island': '0', 'seq': '1', 'end': 30882.51, 'start': 30881.68}]",0,0,[],[]
30882510,30883110,CHI,CHN,0.0,837,XIC,RC,1,NT,FH,1.0,330,-19.77,-9.79,"[{'Canonical-syllable': '0', 'Growl': '0', 'High-freq-energy': '0', 'Long-island': '0', 'Low-tilt-spectrum': '1', 'Medium-island': '1', 'Short-island': '0', 'Squeal': '0', 'Typical-entropy': '1', 'Voicing-quality': '1', 'Wide-band': '0', 'Xlong-island': '0', 'seq': '1', 'end': 30882.84, 'start': 30882.51}]",0,0,[],[]
30883110,30885710,NA,NOF,0.0,837,XIC,NA,NA,NA,NA,0.0,0,-41.81,-25.9,[],0,0,[],[]
30885710,30886880,CHI,CHN,0.0,837,XIC,RC,1,TIFI,FH,1.0,1170,-20.86,-13.06,"[{'Canonical-syllable': '0', 'Growl': '0', 'High-freq-energy': '0', 'Long-island': '0', 'Low-tilt-spectrum': '1', 'Medium-island': '2', 'Short-island': '1', 'Squeal': '0', 'Typical-entropy': '1', 'Voicing-quality': '3', 'Wide-band': '0', 'Xlong-island': '0', 'seq': '1', 'end': 30886.88, 'start': 30885.71}]",0,0,[],[]
30886880,30887920,NA,OLN,0.0,837,XIC,NA,NA,NA,NA,0.0,0,-22.46,-6.36,[],0,0,[],[]
30887920,30888930,NA,NOF,0.0,837,XIC,NA,NA,NA,NA,0.0,0,-37.75,-27.47,[],0,0,[],[]
30888930,30889730,NA,OLN,0.0,837,XIC,NA,NA,NA,NA,0.0,0,-21.17,-10.68,[],0,0,[],[]
30889730,30890350,CHI,CHN,0.0,837,XIC,NA,NA,NA,NA,0.0,0,-14.22,-10.92,[],0,620,"[{'start': 30889.73, 'end': 30890.35}]",[]
30890350,30891360,FEM,FAN,2.52,837,XIC,EC,2,TIFR,FI,0.0,0,-30.79,-23.69,[],0,0,[],[]
30891360,30892230,NA,OLF,0.0,838,pause,NA,NA,NA,NA,0.0,0,-34.3,-29.7,[],0,0,[],[]
30892230,30894930,NA,NOF,0.0,838,pause,NA,NA,NA,NA,0.0,0,-37.32,-22.56,[],0,0,[],[]
30894930,30898570,NA,OLN,0.0,838,pause,NA,NA,NA,NA,0.0,0,-22.26,-5.22,[],0,0,[],[]
30898570,30899570,FEM,FAN,2.77,838,AICF,BC,0,NT,FI,0.0,0,-32.77,-24.9,[],0,0,[],[]
30899570,30901130,NA,OLN,0.0,838,AICF,NA,NA,NA,NA,0.0,0,-29.91,-22.81,[],0,0,[],[]
30901130,30902250,FEM,FAN,5.47,838,AICF,RC,0,TIFI,FH,0.0,0,-32.65,-23.26,[],0,0,[],[]
30902250,30904080,NA,OLN,0.0,838,AICF,NA,NA,NA,NA,0.0,0,-22.88,-10.6,[],0,0,[],[]
30904080,30904700,CHI,CHN,0.0,838,AICF,EC,1,TIFR,FI,1.0,620,-17.0,-10.27,"[{'Canonical-syllable': '0', 'Growl': '0', 'High-freq-energy': '0', 'Long-island': '0', 'Low-tilt-spectrum': '1', 'Medium-island': '1', 'Short-island': '0', 'Squeal': '0', 'Typical-entropy': '1', 'Voicing-quality': '2', 'Wide-band': '0', 'Xlong-island': '0', 'seq': '1', 'end': 30904.7, 'start': 30904.08}]",0,0,[],[]
30904700,30911740,NA,OLN,0.0,839,pause,NA,NA,NA,NA,0.0,0,-26.92,-10.15,[],0,0,[],[]
30911740,30912740,FEM,FAN,8.09,839,AMF,EC,0,NT,FI,0.0,0,-22.02,-12.68,[],0,0,[],[]
30912740,30921570,NA,OLN,0.0,840,pause,NA,NA,NA,NA,0.0,0,-30.62,-15.67,[],0,0,[],[]
30921570,30922370,OCH,CXN,0.0,840,XIC,BC,0,NT,FI,0.0,0,-26.63,-18.81,[],0,0,[],[]
30922370,30923860,NA,OLN,0.0,840,XIC,NA,NA,NA,NA,0.0,0,-30.01,-19.63,[],0,0,[],[]
30923860,30925290,FEM,FAN,7.31,840,XIC,RC,0,NT,FI,0.0,0,-32.64,-27.08,[],0,0,[],[]
30925290,30927580,NA,OLN,0.0,840,XIC,NA,NA,NA,NA,0.0,0,-22.2,-12.74,[],0,0,[],[]
30927580,30928380,OCH,CXN,0.0,840,XIC,RC,0,NT,FI,0.0,0,-18.9,-10.23,[],0,0,[],[]
30928380,30930090,NA,OLN,0.0,840,XIC,NA,NA,NA,NA,0.0,0,-23.71,-15.07,[],0,0,[],[]
30930090,30930690,CHI,CHN,0.0,840,XIC,RC,0,TIMI,FI,1.0,600,-17.84,-12.43,"[{'Canonical-syllable': '0', 'Growl': '0', 'High-freq-energy': '0', 'Long-island': '0', 'Low-tilt-spectrum': '1', 'Medium-island': '1', 'Short-island': '0', 'Squeal': '0', 'Typical-entropy': '1', 'Voicing-quality': '1', 'Wide-band': '0', 'Xlong-island': '0', 'seq': '1', 'end': 30930.69, 'start': 30930.09}]",0,0,[],[]
30930690,30931690,MAL,MAN,4.02,840,XIC,RC,1,TIMR,FI,0.0,0,-29.2,-20.11,[],0,0,[],[]
30931690,30932590,NA,NOF,0.0,840,XIC,NA,NA,NA,NA,0.0,0,-41.49,-37.04,[],0,0,[],[]
30932590,30935360,NA,OLN,0.0,840,XIC,NA,NA,NA,NA,0.0,0,-28.76,-18.98,[],0,0,[],[]
30935360,30936290,OCH,CXN,0.0,840,XIC,RC,1,NT,FI,0.0,0,-28.35,-20.08,[],0,0,[],[]
30936290,30939060,NA,OLN,0.0,840,XIC,NA,NA,NA,NA,0.0,0,-26.35,-14.67,[],0,0,[],[]
30939060,30940650,OCH,CXN,0.0,840,XIC,RC,1,NT,FH,0.0,0,-20.87,-11.82,[],0,0,[],[]
30940650,30941510,NA,OLN,0.0,840,XIC,NA,NA,NA,NA,0.0,0,-29.96,-21.29,[],0,0,[],[]
30941510,30942310,OCH,CXN,0.0,840,XIC,RC,1,NT,FH,0.0,0,-26.76,-20.81,[],0,0,[],[]
30942310,30944430,NA,OLN,0.0,840,XIC,NA,NA,NA,NA,0.0,0,-22.18,-4.83,[],0,0,[],[]
30944430,30945490,OCH,CXN,0.0,840,XIC,RC,1,NT,FH,0.0,0,-25.0,-13.25,[],0,0,[],[]
30945490,30949560,NA,OLN,0.0,840,XIC,NA,NA,NA,NA,0.0,0,-26.77,-14.2,[],0,0,[],[]
30949560,30950410,OCH,CXN,0.0,840,XIC,RC,1,NT,FH,0.0,0,-15.61,-6.5,[],0,0,[],[]
30950410,30951410,OCH,CXN,0.0,840,XIC,RC,1,NT,FH,0.0,0,-20.18,-11.13,[],0,0,[],[]
30951410,30952860,NA,OLN,0.0,840,XIC,NA,NA,NA,NA,0.0,0,-30.8,-19.75,[],0,0,[],[]
30952860,30953940,OCH,CXN,0.0,840,XIC,RC,1,NT,FH,0.0,0,-24.06,-14.37,[],0,0,[],[]
30953940,30955520,NA,OLN,0.0,840,XIC,NA,NA,NA,NA,0.0,0,-20.81,-13.71,[],0,0,[],[]
30955520,30956560,FEM,FAN,6.79,840,XIC,RC,1,NT,FI,0.0,0,-23.25,-10.09,[],0,0,[],[]
30956560,30957810,NA,OLN,0.0,840,XIC,NA,NA,NA,NA,0.0,0,-26.79,-18.75,[],0,0,[],[]
30957810,30958830,MAL,MAN,6.07,840,XIC,RC,1,NT,FI,0.0,0,-29.99,-22.99,[],0,0,[],[]
30958830,30961090,NA,OLN,0.0,840,XIC,NA,NA,NA,NA,0.0,0,-28.37,-17.73,[],0,0,[],[]
30961090,30962100,MAL,MAN,0.0,840,XIC,NA,NA,NA,NA,0.0,0,-28.17,-22.42,[],1010,0,[],[]
30962100,30963680,NA,OLF,0.0,840,XIC,NA,NA,NA,NA,0.0,0,-34.12,-22.42,[],0,0,[],[]
30963680,30965040,MAL,MAN,1.54,840,XIC,RC,1,TIMI,FH,0.0,0,-31.82,-25.16,[],0,0,[],[]
30965040,30966330,NA,OLF,0.0,840,XIC,NA,NA,NA,NA,0.0,0,-43.18,-33.4,[],0,0,[],[]
30966330,30967620,NA,OLN,0.0,840,XIC,NA,NA,NA,NA,0.0,0,-29.19,-21.35,[],0,0,[],[]
30967620,30968230,CHI,CHN,0.0,840,XIC,RC,2,TIMR,FI,1.0,610,-21.32,-15.67,"[{'Canonical-syllable': '0', 'Growl': '0', 'High-freq-energy': '0', 'Long-island': '0', 'Low-tilt-spectrum': '0', 'Medium-island': '1', 'Short-island': '0', 'Squeal': '0', 'Typical-entropy': '0', 'Voicing-quality': '1', 'Wide-band': '0', 'Xlong-island': '0', 'seq': '1', 'end': 30968.23, 'start': 30967.79}]",0,0,[],[]
30968230,30969520,OCH,CXN,0.0,840,XIC,RC,2,NT,FI,0.0,0,-24.67,-17.16,[],0,0,[],[]
30969520,30971030,NA,OLN,0.0,840,XIC,NA,NA,NA,NA,0.0,0,-28.17,-20.33,[],0,0,[],[]
30971030,30972070,FEM,FAN,3.66,840,XIC,RC,2,NT,FI,0.0,0,-33.63,-24.95,[],0,0,[],[]
30972070,30972870,OCH,CXN,0.0,840,XIC,RC,2,NT,FI,0.0,0,-32.08,-24.83,[],0,0,[],[]
30972870,30973670,NA,OLN,0.0,840,XIC,NA,NA,NA,NA,0.0,0,-27.15,-18.03,[],0,0,[],[]
30973670,30974890,NA,NOF,0.0,840,XIC,NA,NA,NA,NA,0.0,0,-49.88,-44.44,[],0,0,[],[]
30974890,30975900,OCH,CXN,0.0,840,XIC,RC,2,NT,FH,0.0,0,-17.37,-11.14,[],0,0,[],[]
30975900,30976700,MAL,MAN,5.18,840,XIC,RC,2,NT,FI,0.0,0,-26.02,-18.72,[],0,0,[],[]
30976700,30977700,OCH,CXN,0.0,840,XIC,RC,2,NT,FI,0.0,0,-20.63,-11.15,[],0,0,[],[]
30977700,30978840,MAL,MAN,7.09,840,XIC,RC,2,TIMI,FI,0.0,0,-26.13,-21.23,[],0,0,[],[]
30978840,30980000,NA,OLN,0.0,840,XIC,NA,NA,NA,NA,0.0,0,-30.48,-22.79,[],0,0,[],[]
30980000,30980610,CHI,CHN,0.0,840,XIC,RC,3,TIMR,FI,1.0,610,-24.8,-17.72,"[{'Canonical-syllable': '1', 'Growl': '0', 'High-freq-energy': '0', 'Long-island': '0', 'Low-tilt-spectrum': '0', 'Medium-island': '1', 'Short-island': '0', 'Squeal': '0', 'Typical-entropy': '1', 'Voicing-quality': '1', 'Wide-band': '0', 'Xlong-island': '0', 'seq': '1', 'end': 30980.61, 'start': 30980.0}]",0,0,[],[]
30980610,30981950,FEM,FAN,1.93,840,XIC,RC,3,TIFE,FI,0.0,0,-22.65,-11.13,[],0,0,[],[]
30981950,30982910,OCH,CXN,0.0,840,XIC,RC,3,NT,FI,0.0,0,-16.57,-10.72,[],0,0,[],[]
30982910,30985870,NA,OLN,0.0,840,XIC,NA,NA,NA,NA,0.0,0,-24.18,-12.8,[],0,0,[],[]
30985870,30986500,OCH,CXN,0.0,840,XIC,RC,3,NT,FH,0.0,0,-22.37,-16.15,[],0,0,[],[]
30986500,30987360,NA,OLN,0.0,840,XIC,NA,NA,NA,NA,0.0,0,-18.02,-10.91,[],0,0,[],[]
30987360,30988630,MAL,MAN,3.49,840,XIC,RC,3,NT,FI,0.0,0,-25.74,-20.31,[],0,0,[],[]
30988630,30989580,NA,OLN,0.0,840,XIC,NA,NA,NA,NA,0.0,0,-22.3,-5.01,[],0,0,[],[]
30989580,30991420,NA,NOF,0.0,840,XIC,NA,NA,NA,NA,0.0,0,-32.74,-15.91,[],0,0,[],[]
30991420,30992410,NA,OLN,0.0,840,XIC,NA,NA,NA,NA,0.0,0,-21.25,-9.78,[],0,0,[],[]
30992410,30993240,OCH,CXN,0.0,840,XIC,RC,3,NT,FI,0.0,0,-29.9,-19.64,[],0,0,[],[]
30993240,30994270,NA,OLN,0.0,840,XIC,NA,NA,NA,NA,0.0,0,-30.35,-12.16,[],0,0,[],[]
30994270,30995290,FEM,FAN,3.82,840,XIC,RC,3,NT,FI,0.0,0,-26.47,-19.0,[],0,0,[],[]
30995290,30996500,NA,OLN,0.0,840,XIC,NA,NA,NA,NA,0.0,0,-28.08,-20.42,[],0,0,[],[]
30996500,30997500,MAL,MAN,5.31,840,XIC,EC,3,NT,FI,0.0,0,-24.35,-15.66,[],0,0,[],[]
30997500,30999140,NA,OLN,0.0,841,pause,NA,NA,NA,NA,0.0,0,-25.59,-18.03,[],0,0,[],[]
30999140,30999940,NA,NOF,0.0,841,pause,NA,NA,NA,NA,0.0,0,-37.69,-28.68,[],0,0,[],[]
30999940,31002480,NA,OLN,0.0,841,pause,NA,NA,NA,NA,0.0,0,-29.72,-20.48,[],0,0,[],[]
31002480,31003460,NA,NOF,0.0,841,pause,NA,NA,NA,NA,0.0,0,-34.4,-23.58,[],0,0,[],[]
31003460,31004340,OCH,CXN,0.0,841,XM,EC,0,NT,FI,0.0,0,-26.2,-20.46,[],0,0,[],[]
31004340,31007830,NA,OLN,0.0,842,pause,NA,NA,NA,NA,0.0,0,-28.46,-21.19,[],0,0,[],[]
31007830,31008640,NA,NOF,0.0,842,pause,NA,NA,NA,NA,0.0,0,-38.21,-22.76,[],0,0,[],[]
31008640,31009440,NA,OLN,0.0,842,pause,NA,NA,NA,NA,0.0,0,-29.99,-25.15,[],0,0,[],[]
31009440,31010240,OCH,CXN,0.0,842,XIC,BC,0,NT,FI,0.0,0,-32.65,-25.69,[],0,0,[],[]
31010240,31012530,NA,OLN,0.0,842,XIC,NA,NA,NA,NA,0.0,0,-21.65,-3.54,[],0,0,[],[]
31012530,31014070,NA,NOF,0.0,842,XIC,NA,NA,NA,NA,0.0,0,-41.75,-26.0,[],0,0,[],[]
31014070,31015070,MAL,MAN,4.07,842,XIC,RC,0,TIMI,FI,0.0,0,-27.66,-17.39,[],0,0,[],[]
31015070,31016590,NA,OLN,0.0,842,XIC,NA,NA,NA,NA,0.0,0,-23.43,-6.69,[],0,0,[],[]
31016590,31017190,CHI,CHN,0.0,842,XIC,RC,1,TIMR,FI,1.0,600,-20.4,-8.99,"[{'Canonical-syllable': '0', 'Growl': '2', 'High-freq-energy': '0', 'Long-island': '0', 'Low-tilt-spectrum': '2', 'Medium-island': '1', 'Short-island': '1', 'Squeal': '0', 'Typical-entropy': '2', 'Voicing-quality': '1', 'Wide-band': '0', 'Xlong-island': '0', 'seq': '1', 'end': 31017.19, 'start': 31016.59}]",0,0,[],[]
31017190,31018790,NA,OLN,0.0,842,XIC,NA,NA,NA,NA,0.0,0,-19.59,-4.34,[],0,0,[],[]
31018790,31019600,OCH,CXN,0.0,842,XIC,RC,1,NT,FI,0.0,0,-29.27,-18.31,[],0,0,[],[]
31019600,31021300,NA,NOF,0.0,842,XIC,NA,NA,NA,NA,0.0,0,-23.11,-4.77,[],0,0,[],[]
31021300,31022420,NA,OLN,0.0,842,XIC,NA,NA,NA,NA,0.0,0,-19.36,-5.32,[],0,0,[],[]
31022420,31023460,FEM,FAN,2.99,842,XIC,RC,1,NT,FI,0.0,0,-23.56,-15.86,[],0,0,[],[]
31023460,31024770,NA,OLN,0.0,842,XIC,NA,NA,NA,NA,0.0,0,-23.49,-8.4,[],0,0,[],[]
31024770,31025770,FEM,FAN,2.43,842,XIC,RC,1,NT,FH,0.0,0,-24.36,-17.13,[],0,0,[],[]
31025770,31026660,NA,OLN,0.0,842,XIC,NA,NA,NA,NA,0.0,0,-27.12,-19.93,[],0,0,[],[]
31026660,31027690,FEM,FAN,0.0,842,XIC,NA,NA,NA,NA,0.0,0,-27.92,-19.16,[],1030,0,[],[]
31027690,31028490,NA,OLN,0.0,842,XIC,NA,NA,NA,NA,0.0,0,-28.91,-22.73,[],0,0,[],[]
31028490,31029490,FEM,FAN,1.63,842,XIC,RC,1,NT,FH,0.0,0,-30.58,-21.94,[],0,0,[],[]
31029490,31030370,NA,OLN,0.0,842,XIC,NA,NA,NA,NA,0.0,0,-35.38,-27.58,[],0,0,[],[]
31030370,31031390,MAL,MAN,0.0,842,XIC,NA,NA,NA,NA,0.0,0,-34.54,-27.24,[],1020,0,[],[]
31031390,31034070,NA,OLN,0.0,842,XIC,NA,NA,NA,NA,0.0,0,-24.03,-7.97,[],0,0,[],[]
31034070,31036700,FEM,FAN,10.86,842,XIC,RC,1,NT,FH,0.0,0,-24.02,-12.69,[],0,0,[],[]
31036700,31037500,NA,OLN,0.0,842,XIC,NA,NA,NA,NA,0.0,0,-31.82,-21.29,[],0,0,[],[]
31037500,31039040,FEM,FAN,8.57,842,XIC,RC,1,NT,FH,0.0,0,-24.85,-15.44,[],0,0,[],[]
31039040,31041630,NA,OLN,0.0,842,XIC,NA,NA,NA,NA,0.0,0,-18.79,-3.59,[],0,0,[],[]
31041630,31042390,OCH,CXN,0.0,842,XIC,RC,1,NT,FI,0.0,0,-20.9,-12.07,[],0,0,[],[]
31042390,31043240,NA,NOF,0.0,842,XIC,NA,NA,NA,NA,0.0,0,-33.85,-20.26,[],0,0,[],[]
31043240,31044040,OCH,CXN,0.0,842,XIC,RC,1,NT,FH,0.0,0,-32.51,-23.65,[],0,0,[],[]
31044040,31045000,NA,OLN,0.0,842,XIC,NA,NA,NA,NA,0.0,0,-15.77,-3.06,[],0,0,[],[]
31045000,31046160,FEM,FAN,5.11,842,XIC,RC,1,TIFI,FI,0.0,0,-25.69,-19.34,[],0,0,[],[]
31046160,31046810,CHI,CHN,0.0,842,XIC,RC,2,TIFR,FI,1.0,130,-28.55,-19.14,"[{'Canonical-syllable': '0', 'Growl': '0', 'High-freq-energy': '0', 'Long-island': '0', 'Low-tilt-spectrum': '0', 'Medium-island': '0', 'Short-island': '0', 'Squeal': '0', 'Typical-entropy': '1', 'Voicing-quality': '1', 'Wide-band': '0', 'Xlong-island': '0', 'seq': '1', 'end': 31046.81, 'start': 31046.68}]",0,0,[],[]
31046810,31047920,FEM,FAN,7.03,842,XIC,RC,2,TIFE,FI,0.0,0,-28.02,-20.11,[],0,0,[],[]
31047920,31048970,NA,OLN,0.0,842,XIC,NA,NA,NA,NA,0.0,0,-26.99,-19.45,[],0,0,[],[]
31048970,31049970,FEM,FAN,3.88,842,XIC,RC,2,TIFI,FH,0.0,0,-31.28,-21.13,[],0,0,[],[]
31049970,31050790,NA,OLN,0.0,842,XIC,NA,NA,NA,NA,0.0,0,-27.06,-19.58,[],0,0,[],[]
31050790,31051590,CHI,CHN,0.0,842,XIC,NA,NA,NA,NA,0.0,0,-44.57,-34.94,[],0,800,[],"[{'start': 31050.79, 'end': 31051.59}]"
31051590,31052460,NA,OLF,0.0,842,XIC,NA,NA,NA,NA,0.0,0,-26.31,-12.59,[],0,0,[],[]
31052460,31053470,NA,MAF,0.0,842,XIC,NA,NA,NA,NA,0.0,0,-26.22,-15.57,[],0,0,[],[]
31053470,31054200,CHI,CHN,0.0,842,XIC,RC,3,TIFR,FI,1.0,730,-14.39,-11.32,"[{'Canonical-syllable': '0', 'Growl': '0', 'High-freq-energy': '0', 'Long-island': '1', 'Low-tilt-spectrum': '0', 'Medium-island': '0', 'Short-island': '0', 'Squeal': '0', 'Typical-entropy': '1', 'Voicing-quality': '1', 'Wide-band': '0', 'Xlong-island': '0', 'seq': '1', 'end': 31054.2, 'start': 31053.47}]",0,0,[],[]
31054200,31055700,FEM,FAN,1.18,842,XIC,RC,3,TIFI,FI,0.0,0,-32.94,-23.95,[],0,0,[],[]
31055700,31056500,NA,OLN,0.0,842,XIC,NA,NA,NA,NA,0.0,0,-34.22,-19.7,[],0,0,[],[]
31056500,31057390,CHI,CHN,0.0,842,XIC,RC,4,TIFR,FI,1.0,650,-17.34,-11.78,"[{'Canonical-syllable': '0', 'Growl': '0', 'High-freq-energy': '0', 'Long-island': '1', 'Low-tilt-spectrum': '0', 'Medium-island': '0', 'Short-island': '0', 'Squeal': '0', 'Typical-entropy': '1', 'Voicing-quality': '1', 'Wide-band': '0', 'Xlong-island': '0', 'seq': '1', 'end': 31057.15, 'start': 31056.5}]",0,0,[],[]
31057390,31058200,NA,OLN,0.0,842,XIC,NA,NA,NA,NA,0.0,0,-17.7,-3.84,[],0,0,[],[]
31058200,31058860,CHI,CHN,0.0,842,XIC,RC,4,NT,FH,1.0,660,-15.33,-8.73,"[{'Canonical-syllable': '1', 'Growl': '0', 'High-freq-energy': '0', 'Long-island': '0', 'Low-tilt-spectrum': '0', 'Medium-island': '1', 'Short-island': '0', 'Squeal': '0', 'Typical-entropy': '1', 'Voicing-quality': '1', 'Wide-band': '0', 'Xlong-island': '0', 'seq': '1', 'end': 31058.86, 'start': 31058.2}]",0,0,[],[]
31058860,31059990,FEM,FAN,3.31,842,XIC,RC,4,TIFI,FI,0.0,0,-26.9,-21.24,[],0,0,[],[]
31059990,31061400,NA,OLN,0.0,842,XIC,NA,NA,NA,NA,0.0,0,-24.44,-13.13,[],0,0,[],[]
31061400,31062130,CHI,CHN,0.0,842,XIC,RC,5,TIFR,FI,1.0,730,-13.54,-9.78,"[{'Canonical-syllable': '0', 'Growl': '0', 'High-freq-energy': '0', 'Long-island': '1', 'Low-tilt-spectrum': '1', 'Medium-island': '0', 'Short-island': '0', 'Squeal': '0', 'Typical-entropy': '1', 'Voicing-quality': '1', 'Wide-band': '0', 'Xlong-island': '0', 'seq': '1', 'end': 31062.13, 'start': 31061.4}]",0,0,[],[]
31062130,31063290,NA,OLN,0.0,842,XIC,NA,NA,NA,NA,0.0,0,-19.94,-9.87,[],0,0,[],[]
31063290,31063920,CHI,CHN,0.0,842,XIC,NA,NA,NA,NA,0.0,0,-14.12,-6.77,[],0,630,"[{'start': 31063.29, 'end': 31063.92}]",[]
31063920,31064720,CHI,CHN,0.0,842,XIC,NA,NA,NA,NA,0.0,0,-15.68,-9.78,[],0,800,"[{'start': 31063.92, 'end': 31064.72}]",[]
31064720,31065670,NA,OLN,0.0,842,XIC,NA,NA,NA,NA,0.0,0,-14.64,-6.37,[],0,0,[],[]
31065670,31066490,CHI,CHN,0.0,842,XIC,RC,5,NT,FH,1.0,820,-14.54,-6.93,"[{'Canonical-syllable': '0', 'Growl': '0', 'High-freq-energy': '0', 'Long-island': '1', 'Low-tilt-spectrum': '1', 'Medium-island': '0', 'Short-island': '0', 'Squeal': '0', 'Typical-entropy': '0', 'Voicing-quality': '1', 'Wide-band': '0', 'Xlong-island': '0', 'seq': '1', 'end': 31066.49, 'start': 31065.67}]",0,0,[],[]
31066490,31069960,NA,OLN,0.0,842,XIC,NA,NA,NA,NA,0.0,0,-20.15,-2.06,[],0,0,[],[]
31069960,31070760,OCH,CXN,0.0,842,XIC,RC,5,NT,FI,0.0,0,-17.38,-4.14,[],0,0,[],[]
31070760,31072310,NA,OLN,0.0,842,XIC,NA,NA,NA,NA,0.0,0,-25.06,-7.97,[],0,0,[],[]
31072310,31072910,CHI,CHN,0.0,842,XIC,NA,NA,NA,NA,0.0,0,-13.36,-5.84,[],0,520,"[{'start': 31072.39, 'end': 31072.91}]",[]
31072910,31073710,OCH,CXN,0.0,842,XIC,RC,5,NT,FH,0.0,0,-18.96,-11.38,[],0,0,[],[]
31073710,31074740,FEM,FAN,4.56,842,XIC,RC,5,NT,FI,0.0,0,-30.91,-21.97,[],0,0,[],[]
31074740,31076590,NA,OLN,0.0,842,XIC,NA,NA,NA,NA,0.0,0,-23.94,-8.82,[],0,0,[],[]
31076590,31077910,OCH,CXN,0.0,842,XIC,RC,5,NT,FI,0.0,0,-20.65,-10.75,[],0,0,[],[]
31077910,31078710,OCH,CXN,0.0,842,XIC,RC,5,NT,FH,0.0,0,-14.93,-7.0,[],0,0,[],[]
31078710,31080070,NA,OLN,0.0,842,XIC,NA,NA,NA,NA,0.0,0,-19.63,-8.25,[],0,0,[],[]
31080070,31081140,OCH,CXN,0.0,842,XIC,RC,5,NT,FH,0.0,0,-16.99,-10.7,[],0,0,[],[]
31081140,31082370,OCH,CXN,0.0,842,XIC,RC,5,NT,FH,0.0,0,-23.66,-13.65,[],0,0,[],[]
31082370,31084580,NA,OLN,0.0,842,XIC,NA,NA,NA,NA,0.0,0,-28.05,-15.98,[],0,0,[],[]
31084580,31085730,OCH,CXN,0.0,842,XIC,RC,5,NT,FH,0.0,0,-28.17,-21.47,[],0,0,[],[]
31085730,31087120,OCH,CXN,0.0,842,XIC,RC,5,NT,FH,0.0,0,-19.35,-12.65,[],0,0,[],[]
31087120,31088390,NA,OLN,0.0,842,XIC,NA,NA,NA,NA,0.0,0,-26.61,-10.9,[],0,0,[],[]
31088390,31089400,FEM,FAN,4.69,842,XIC,RC,5,NT,FI,0.0,0,-26.83,-18.02,[],0,0,[],[]
31089400,31090230,NA,OLN,0.0,842,XIC,NA,NA,NA,NA,0.0,0,-26.52,-15.84,[],0,0,[],[]
31090230,31091230,FEM,FAN,1.65,842,XIC,RC,5,NT,FH,0.0,0,-30.11,-23.59,[],0,0,[],[]
31091230,31092030,NA,OLF,0.0,842,XIC,NA,NA,NA,NA,0.0,0,-38.5,-30.38,[],0,0,[],[]
31092030,31092630,OCH,CXN,0.0,842,XIC,RC,5,NT,FI,0.0,0,-27.73,-18.9,[],0,0,[],[]
31092630,31093790,NA,OLN,0.0,842,XIC,NA,NA,NA,NA,0.0,0,-35.75,-28.55,[],0,0,[],[]
31093790,31094700,NA,NOF,0.0,842,XIC,NA,NA,NA,NA,0.0,0,-33.48,-21.73,[],0,0,[],[]
31094700,31095700,FEM,FAN,7.78,842,XIC,EC,5,NT,FI,0.0,0,-22.27,-12.69,[],0,0,[],[]
31095700,31101090,NA,OLN,0.0,843,pause,NA,NA,NA,NA,0.0,0,-20.8,-3.34,[],0,0,[],[]
31101090,31101920,OCH,CXN,0.0,843,XIOCA,BC,0,NT,FI,0.0,0,-35.82,-29.22,[],0,0,[],[]
31101920,31102760,NA,NOF,0.0,843,XIOCA,NA,NA,NA,NA,0.0,0,-18.07,-6.54,[],0,0,[],[]
31102760,31104060,NA,OLN,0.0,843,XIOCA,NA,NA,NA,NA,0.0,0,-25.14,-14.1,[],0,0,[],[]
31104060,31104860,OCH,CXN,0.0,843,XIOCA,RC,0,NT,FH,0.0,0,-32.73,-23.73,[],0,0,[],[]
31104860,31105920,NA,OLN,0.0,843,XIOCA,NA,NA,NA,NA,0.0,0,-30.46,-21.47,[],0,0,[],[]
31105920,31106720,NA,NOF,0.0,843,XIOCA,NA,NA,NA,NA,0.0,0,-35.11,-23.66,[],0,0,[],[]
31106720,31107550,OCH,CXN,0.0,843,XIOCA,RC,0,NT,FH,0.0,0,-24.4,-12.84,[],0,0,[],[]
31107550,31108470,NA,OLF,0.0,843,XIOCA,NA,NA,NA,NA,0.0,0,-35.41,-26.73,[],0,0,[],[]
31108470,31109270,NA,FAF,0.0,843,XIOCA,NA,NA,NA,NA,0.0,0,-36.13,-30.42,[],0,0,[],[]
31109270,31110270,NA,OLN,0.0,843,XIOCA,NA,NA,NA,NA,0.0,0,-30.44,-18.6,[],0,0,[],[]
31110270,31111140,NA,NOF,0.0,843,XIOCA,NA,NA,NA,NA,0.0,0,-15.89,-3.22,[],0,0,[],[]
31111140,31112440,FEM,FAN,2.94,843,XIOCA,RC,0,NT,FI,0.0,0,-33.9,-24.54,[],0,0,[],[]
31112440,31113260,NA,NOF,0.0,843,XIOCA,NA,NA,NA,NA,0.0,0,-22.31,-7.25,[],0,0,[],[]
31113260,31114060,OCH,CXN,0.0,843,XIOCA,RC,0,NT,FI,0.0,0,-21.49,-4.74,[],0,0,[],[]
31114060,31114880,NA,NOF,0.0,843,XIOCA,NA,NA,NA,NA,0.0,0,-38.96,-31.37,[],0,0,[],[]
31114880,31116800,NA,OLN,0.0,843,XIOCA,NA,NA,NA,NA,0.0,0,-32.36,-22.88,[],0,0,[],[]
31116800,31117800,MAL,MAN,5.69,843,XIOCA,RC,0,NT,FI,0.0,0,-25.89,-18.1,[],0,0,[],[]
31117800,31118640,NA,OLF,0.0,843,XIOCA,NA,NA,NA,NA,0.0,0,-41.94,-36.43,[],0,0,[],[]
31118640,31121090,MAL,MAN,9.78,843,XIOCA,RC,0,NT,FH,0.0,0,-26.39,-16.56,[],0,0,[],[]
31121090,31121950,NA,OLN,0.0,843,XIOCA,NA,NA,NA,NA,0.0,0,-31.3,-25.06,[],0,0,[],[]
31121950,31122950,MAL,MAN,0.58,843,XIOCA,RC,0,NT,FH,0.0,0,-32.98,-27.13,[],0,0,[],[]
31122950,31126060,NA,OLN,0.0,843,XIOCA,NA,NA,NA,NA,0.0,0,-27.34,-17.9,[],0,0,[],[]
31126060,31127730,MAL,MAN,7.97,843,XIOCA,RC,0,NT,FH,0.0,0,-23.73,-13.01,[],0,0,[],[]
31127730,31128530,NA,OLN,0.0,843,XIOCA,NA,NA,NA,NA,0.0,0,-33.67,-26.11,[],0,0,[],[]
31128530,31130250,MAL,MAN,6.37,843,XIOCA,RC,0,NT,FH,0.0,0,-25.58,-17.18,[],0,0,[],[]
31130250,31131490,NA,OLN,0.0,843,XIOCA,NA,NA,NA,NA,0.0,0,-18.52,-4.95,[],0,0,[],[]
31131490,31132490,MAL,MAN,1.67,843,XIOCA,RC,0,NT,FH,0.0,0,-23.1,-12.94,[],0,0,[],[]
31132490,31133290,NA,CXF,0.0,843,XIOCA,NA,NA,NA,NA,0.0,0,-38.34,-27.04,[],0,0,[],[]
31133290,31134090,NA,OLN,0.0,843,XIOCA,NA,NA,NA,NA,0.0,0,-29.39,-17.3,[],0,0,[],[]
31134090,31135290,FEM,FAN,0.0,843,XIOCA,NA,NA,NA,NA,0.0,0,-24.36,-15.73,[],1200,0,[],[]
31135290,31136820,MAL,MAN,6.74,843,XIOCA,RC,0,NT,FH,0.0,0,-27.87,-20.06,[],0,0,[],[]
31136820,31137970,NA,OLN,0.0,843,XIOCA,NA,NA,NA,NA,0.0,0,-34.59,-24.97,[],0,0,[],[]
31137970,31139120,MAL,MAN,8.63,843,XIOCA,EC,0,NT,FH,0.0,0,-27.2,-17.49,[],0,0,[],[]
31139120,31140840,NA,OLF,0.0,844,pause,NA,NA,NA,NA,0.0,0,-35.18,-26.55,[],0,0,[],[]
31140840,31141640,NA,NOF,0.0,844,pause,NA,NA,NA,NA,0.0,0,-42.01,-33.96,[],0,0,[],[]
31141640,31142600,NA,OLF,0.0,844,pause,NA,NA,NA,NA,0.0,0,-36.42,-20.1,[],0,0,[],[]
31142600,31143400,NA,CXF,0.0,844,pause,NA,NA,NA,NA,0.0,0,-38.56,-31.02,[],0,0,[],[]
31143400,31144940,NA,OLN,0.0,844,pause,NA,NA,NA,NA,0.0,0,-35.52,-28.75,[],0,0,[],[]
31144940,31145810,OCH,CXN,0.0,844,XIOCA,BC,0,NT,FI,0.0,0,-41.35,-33.59,[],0,0,[],[]
31145810,31148640,NA,OLN,0.0,844,XIOCA,NA,NA,NA,NA,0.0,0,-33.71,-23.4,[],0,0,[],[]
31148640,31149830,FEM,FAN,6.58,844,XIOCA,RC,0,NT,FI,0.0,0,-27.52,-16.03,[],0,0,[],[]
31149830,31151580,NA,OLN,0.0,844,XIOCA,NA,NA,NA,NA,0.0,0,-25.88,-14.22,[],0,0,[],[]
31151580,31152380,NA,OLF,0.0,844,XIOCA,NA,NA,NA,NA,0.0,0,-43.39,-34.18,[],0,0,[],[]
31152380,31153180,NA,OLN,0.0,844,XIOCA,NA,NA,NA,NA,0.0,0,-27.44,-18.82,[],0,0,[],[]
31153180,31154010,NA,NOF,0.0,844,XIOCA,NA,NA,NA,NA,0.0,0,-44.54,-37.42,[],0,0,[],[]
31154010,31155020,OCH,CXN,0.0,844,XIOCA,RC,0,NT,FI,0.0,0,-22.76,-10.87,[],0,0,[],[]
31155020,31156190,NA,OLN,0.0,844,XIOCA,NA,NA,NA,NA,0.0,0,-25.06,-11.79,[],0,0,[],[]
31156190,31157190,FEM,FAN,8.07,844,XIOCA,RC,0,NT,FI,0.0,0,-26.22,-14.62,[],0,0,[],[]
31157190,31158160,NA,OLN,0.0,844,XIOCA,NA,NA,NA,NA,0.0,0,-28.08,-20.03,[],0,0,[],[]
31158160,31159210,MAL,MAN,4.31,844,XIOCA,RC,0,NT,FI,0.0,0,-24.74,-16.74,[],0,0,[],[]
31159210,31160790,NA,OLN,0.0,844,XIOCA,NA,NA,NA,NA,0.0,0,-22.75,-14.51,[],0,0,[],[]
31160790,31161590,OCH,CXN,0.0,844,XIOCA,RC,0,NT,FI,0.0,0,-23.62,-14.76,[],0,0,[],[]
31161590,31164720,NA,OLN,0.0,844,XIOCA,NA,NA,NA,NA,0.0,0,-23.09,-7.24,[],0,0,[],[]
31164720,31165720,OCH,CXN,0.0,844,XIOCA,RC,0,NT,FH,0.0,0,-27.75,-18.39,[],0,0,[],[]
31165720,31167050,NA,OLN,0.0,844,XIOCA,NA,NA,NA,NA,0.0,0,-28.62,-17.01,[],0,0,[],[]
31167050,31168510,FEM,FAN,5.8,844,XIOCA,RC,0,NT,FI,0.0,0,-30.38,-20.3,[],0,0,[],[]
31168510,31170260,NA,TVF,0.0,844,XIOCA,NA,NA,NA,NA,0.0,0,-48.03,-42.09,[],0,0,[],[]
31170260,31171100,OCH,CXN,0.0,844,XIOCA,RC,0,NT,FI,0.0,0,-32.93,-21.53,[],0,0,[],[]
31171100,31172550,MAL,MAN,6.26,844,XIOCA,RC,0,NT,FI,0.0,0,-34.17,-25.55,[],0,0,[],[]
31172550,31174180,NA,OLN,0.0,844,XIOCA,NA,NA,NA,NA,0.0,0,-37.48,-29.87,[],0,0,[],[]
31174180,31175180,MAL,MAN,3.11,844,XIOCA,RC,0,NT,FH,0.0,0,-35.67,-27.66,[],0,0,[],[]
31175180,31176110,NA,OLF,0.0,844,XIOCA,NA,NA,NA,NA,0.0,0,-32.91,-19.21,[],0,0,[],[]
31176110,31177330,NA,MAF,0.0,844,XIOCA,NA,NA,NA,NA,0.0,0,-37.33,-24.29,[],0,0,[],[]
31177330,31178150,OCH,CXN,0.0,844,XIOCA,RC,0,NT,FI,0.0,0,-17.2,-8.91,[],0,0,[],[]
31178150,31179150,NA,OLF,0.0,844,XIOCA,NA,NA,NA,NA,0.0,0,-34.21,-21.92,[],0,0,[],[]
31179150,31179960,OCH,CXN,0.0,844,XIOCA,RC,0,NT,FH,0.0,0,-27.38,-20.93,[],0,0,[],[]
31179960,31180960,MAL,MAN,13.39,844,XIOCA,RC,0,NT,FI,0.0,0,-26.03,-19.61,[],0,0,[],[]
31180960,31181970,FEM,FAN,9.81,844,XIOCA,RC,0,NT,FI,0.0,0,-26.78,-16.33,[],0,0,[],[]
31181970,31183430,NA,OLN,0.0,844,XIOCA,NA,NA,NA,NA,0.0,0,-23.97,-13.32,[],0,0,[],[]
31183430,31184430,FEM,FAN,5.35,844,XIOCA,RC,0,NT,FH,0.0,0,-23.5,-15.03,[],0,0,[],[]
31184430,31185750,NA,OLN,0.0,844,XIOCA,NA,NA,NA,NA,0.0,0,-23.96,-12.88,[],0,0,[],[]
31185750,31187160,MAL,MAN,9.71,844,XIOCA,RC,0,NT,FI,0.0,0,-28.04,-19.66,[],0,0,[],[]
31187160,31188740,NA,NOF,0.0,844,XIOCA,NA,NA,NA,NA,0.0,0,-43.02,-32.23,[],0,0,[],[]
31188740,31189740,MAL,MAN,4.78,844,XIOCA,RC,0,NT,FH,0.0,0,-27.67,-22.83,[],0,0,[],[]
31189740,31191290,NA,OLN,0.0,844,XIOCA,NA,NA,NA,NA,0.0,0,-28.95,-21.21,[],0,0,[],[]
31191290,31192690,MAL,MAN,4.88,844,XIOCA,RC,0,NT,FH,0.0,0,-25.3,-15.32,[],0,0,[],[]
31192690,31193560,OCH,CXN,0.0,844,XIOCA,EC,0,NT,FI,0.0,0,-31.78,-25.04,[],0,0,[],[]
31193560,31194920,NA,OLN,0.0,845,pause,NA,NA,NA,NA,0.0,0,-31.42,-24.04,[],0,0,[],[]
31194920,31195920,MAL,MAN,0.0,845,pause,NA,NA,NA,NA,0.0,0,-35.64,-29.17,[],1000,0,[],[]
31195920,31198700,NA,OLN,0.0,845,pause,NA,NA,NA,NA,0.0,0,-24.72,-7.76,[],0,0,[],[]
31198700,31199660,OCH,CXN,0.0,845,XM,EC,0,NT,FI,0.0,0,-30.44,-22.08,[],0,0,[],[]
31199660,31200830,NA,OLN,0.0,846,pause,NA,NA,NA,NA,0.0,0,-32.85,-24.28,[],0,0,[],[]
31200830,31202070,NA,MAF,0.0,846,pause,NA,NA,NA,NA,0.0,0,-35.08,-24.18,[],0,0,[],[]
31202070,31202870,NA,NOF,0.0,846,pause,NA,NA,NA,NA,0.0,0,-37.73,-28.3,[],0,0,[],[]
31202870,31205330,NA,OLN,0.0,846,pause,NA,NA,NA,NA,0.0,0,-29.2,-20.0,[],0,0,[],[]
31205330,31206140,NA,OLF,0.0,846,pause,NA,NA,NA,NA,0.0,0,-37.37,-29.77,[],0,0,[],[]
31206140,31208500,NA,OLN,0.0,846,pause,NA,NA,NA,NA,0.0,0,-26.95,-16.45,[],0,0,[],[]
31208500,31209540,FEM,FAN,5.42,846,AICF,BC,0,NT,FI,0.0,0,-25.04,-16.73,[],0,0,[],[]
31209540,31210360,NA,OLN,0.0,846,AICF,NA,NA,NA,NA,0.0,0,-19.58,-14.9,[],0,0,[],[]
31210360,31211610,FEM,FAN,6.22,846,AICF,RC,0,NT,FH,0.0,0,-24.38,-16.6,[],0,0,[],[]
31211610,31212770,OCH,CXN,0.0,846,AICF,RC,0,NT,FI,0.0,0,-15.02,-7.66,[],0,0,[],[]
31212770,31213880,NA,OLN,0.0,846,AICF,NA,NA,NA,NA,0.0,0,-17.74,-10.01,[],0,0,[],[]
31213880,31214880,MAL,MAN,1.55,846,AICF,RC,0,NT,FI,0.0,0,-29.73,-23.36,[],0,0,[],[]
31214880,31215680,OCH,CXN,0.0,846,AICF,RC,0,NT,FI,0.0,0,-27.42,-19.56,[],0,0,[],[]
31215680,31217720,MAL,MAN,8.96,846,AICF,RC,0,NT,FI,0.0,0,-25.86,-17.37,[],0,0,[],[]
31217720,31219070,FEM,FAN,5.38,846,AICF,RC,0,NT,FI,0.0,0,-23.03,-11.48,[],0,0,[],[]
31219070,31220040,NA,NOF,0.0,846,AICF,NA,NA,NA,NA,0.0,0,-43.59,-31.52,[],0,0,[],[]
31220040,31220900,NA,OLN,0.0,846,AICF,NA,NA,NA,NA,0.0,0,-28.2,-23.19,[],0,0,[],[]
31220900,31221930,FEM,FAN,6.54,846,AICF,RC,0,NT,FH,0.0,0,-35.77,-26.07,[],0,0,[],[]
31221930,31222980,MAL,MAN,4.82,846,AICF,RC,0,NT,FI,0.0,0,-29.75,-22.69,[],0,0,[],[]
31222980,31223790,NA,OLN,0.0,846,AICF,NA,NA,NA,NA,0.0,0,-24.31,-15.55,[],0,0,[],[]
31223790,31225330,MAL,MAN,9.51,846,AICF,RC,0,NT,FH,0.0,0,-28.3,-19.0,[],0,0,[],[]
31225330,31226330,FEM,FAN,5.27,846,AICF,RC,0,NT,FI,0.0,0,-26.68,-20.27,[],0,0,[],[]
31226330,31227330,NA,MAF,0.0,846,AICF,NA,NA,NA,NA,0.0,0,-35.9,-25.64,[],0,0,[],[]
31227330,31229990,NA,OLN,0.0,846,AICF,NA,NA,NA,NA,0.0,0,-25.55,-15.38,[],0,0,[],[]
31229990,31231830,FEM,FAN,7.57,846,AICF,RC,0,NT,FH,0.0,0,-31.61,-23.13,[],0,0,[],[]
31231830,31233760,NA,OLN,0.0,846,AICF,NA,NA,NA,NA,0.0,0,-29.91,-21.84,[],0,0,[],[]
31233760,31234690,OCH,CXN,0.0,846,AICF,RC,0,NT,FI,0.0,0,-36.46,-28.77,[],0,0,[],[]
31234690,31235620,NA,FAF,0.0,846,AICF,NA,NA,NA,NA,0.0,0,-38.04,-30.69,[],0,0,[],[]
31235620,31237850,MAL,MAN,10.5,846,AICF,RC,0,NT,FI,0.0,0,-26.18,-18.79,[],0,0,[],[]
31237850,31238850,FEM,FAN,5.55,846,AICF,RC,0,NT,FI,0.0,0,-24.56,-15.03,[],0,0,[],[]
31238850,31239690,NA,OLN,0.0,846,AICF,NA,NA,NA,NA,0.0,0,-23.85,-16.73,[],0,0,[],[]
31239690,31240690,FEM,FAN,6.46,846,AICF,RC,0,NT,FH,0.0,0,-26.46,-17.75,[],0,0,[],[]
31240690,31241690,MAL,MAN,4.0,846,AICF,RC,0,NT,FI,0.0,0,-23.24,-16.19,[],0,0,[],[]
31241690,31242490,NA,OLN,0.0,846,AICF,NA,NA,NA,NA,0.0,0,-23.3,-15.68,[],0,0,[],[]
31242490,31243490,MAL,MAN,1.71,846,AICF,RC,0,NT,FH,0.0,0,-20.93,-14.93,[],0,0,[],[]
31243490,31245450,NA,OLN,0.0,846,AICF,NA,NA,NA,NA,0.0,0,-25.72,-18.17,[],0,0,[],[]
31245450,31246520,FEM,FAN,14.01,846,AICF,RC,0,NT,FI,0.0,0,-25.34,-19.36,[],0,0,[],[]
31246520,31247520,MAL,MAN,3.96,846,AICF,RC,0,NT,FI,0.0,0,-20.72,-11.98,[],0,0,[],[]
31247520,31248850,OCH,CXN,0.0,846,AICF,RC,0,NT,FI,0.0,0,-18.9,-11.0,[],0,0,[],[]
31248850,31250050,NA,OLN,0.0,846,AICF,NA,NA,NA,NA,0.0,0,-30.6,-20.22,[],0,0,[],[]
31250050,31251340,FEM,FAN,5.16,846,AICF,RC,0,NT,FI,0.0,0,-26.64,-18.63,[],0,0,[],[]
31251340,31253140,NA,OLN,0.0,846,AICF,NA,NA,NA,NA,0.0,0,-26.63,-11.74,[],0,0,[],[]
31253140,31254290,OCH,CXN,0.0,846,AICF,RC,0,NT,FI,0.0,0,-34.81,-25.48,[],0,0,[],[]
31254290,31255090,NA,OLN,0.0,846,AICF,NA,NA,NA,NA,0.0,0,-31.71,-25.56,[],0,0,[],[]
31255090,31255890,NA,CXF,0.0,846,AICF,NA,NA,NA,NA,0.0,0,-40.22,-31.38,[],0,0,[],[]
31255890,31257190,FEM,FAN,9.21,846,AICF,RC,0,NT,FI,0.0,0,-35.02,-27.23,[],0,0,[],[]
31257190,31258040,NA,CXF,0.0,846,AICF,NA,NA,NA,NA,0.0,0,-45.36,-31.81,[],0,0,[],[]
31258040,31259350,OCH,CXN,0.0,846,AICF,RC,0,NT,FI,0.0,0,-25.45,-10.57,[],0,0,[],[]
31259350,31260460,OCH,CXN,0.0,846,AICF,RC,0,NT,FH,0.0,0,-16.94,-9.59,[],0,0,[],[]
31260460,31261350,NA,OLN,0.0,846,AICF,NA,NA,NA,NA,0.0,0,-28.39,-18.65,[],0,0,[],[]
31261350,31262540,CHI,CHN,0.0,846,AICF,NA,NA,NA,NA,0.0,0,-16.47,-8.31,[],0,1010,"[{'start': 31261.53, 'end': 31262.54}]",[]
31262540,31263520,NA,OLN,0.0,846,AICF,NA,NA,NA,NA,0.0,0,-19.15,-10.9,[],0,0,[],[]
31263520,31264520,FEM,FAN,0.0,846,AICF,NA,NA,NA,NA,0.0,0,-21.45,-10.47,[],1000,0,[],[]
31264520,31265600,CHI,CHN,0.0,846,AICF,RC,0,TIFI,FI,1.0,1080,-16.31,-10.99,"[{'Canonical-syllable': '0', 'Growl': '0', 'High-freq-energy': '0', 'Long-island': '0', 'Low-tilt-spectrum': '0', 'Medium-island': '0', 'Short-island': '0', 'Squeal': '0', 'Typical-entropy': '1', 'Voicing-quality': '1', 'Wide-band': '0', 'Xlong-island': '1', 'seq': '1', 'end': 31265.6, 'start': 31264.52}]",0,0,[],[]
31265600,31267430,FEM,FAN,8.78,846,AICF,EC,1,TIFR,FI,0.0,0,-21.52,-12.15,[],0,0,[],[]
31267430,31270220,NA,OLN,0.0,847,pause,NA,NA,NA,NA,0.0,0,-22.59,-7.5,[],0,0,[],[]
31270220,31270850,CHI,CHN,0.0,847,pause,NA,NA,NA,NA,0.0,0,-22.04,-17.01,[],0,320,"[{'start': 31270.53, 'end': 31270.85}]",[]
31270850,31275930,NA,OLN,0.0,847,pause,NA,NA,NA,NA,0.0,0,-23.4,-4.04,[],0,0,[],[]
31275930,31277100,NA,NOF,0.0,847,pause,NA,NA,NA,NA,0.0,0,-37.8,-26.42,[],0,0,[],[]
31277100,31278380,NA,OLN,0.0,847,pause,NA,NA,NA,NA,0.0,0,-28.03,-16.86,[],0,0,[],[]
31278380,31279480,FEM,FAN,2.27,847,AIOCCXF,BC,0,NT,FI,0.0,0,-25.1,-7.57,[],0,0,[],[]
31279480,31280530,NA,NOF,0.0,847,AIOCCXF,NA,NA,NA,NA,0.0,0,-23.28,-8.41,[],0,0,[],[]
31280530,31282050,NA,OLN,0.0,847,AIOCCXF,NA,NA,NA,NA,0.0,0,-27.85,-19.22,[],0,0,[],[]
31282050,31283090,OCH,CXN,0.0,847,AIOCCXF,RC,0,NT,FI,0.0,0,-30.57,-23.1,[],0,0,[],[]
31283090,31284010,NA,OLF,0.0,847,AIOCCXF,NA,NA,NA,NA,0.0,0,-33.83,-21.77,[],0,0,[],[]
31284010,31285950,OCH,CXN,0.0,847,AIOCCXF,RC,0,NT,FH,0.0,0,-24.45,-17.85,[],0,0,[],[]
31285950,31286750,OCH,CXN,0.0,847,AIOCCXF,RC,0,NT,FH,0.0,0,-23.62,-16.77,[],0,0,[],[]
31286750,31287870,NA,OLN,0.0,847,AIOCCXF,NA,NA,NA,NA,0.0,0,-29.7,-23.78,[],0,0,[],[]
31287870,31289130,OCH,CXN,0.0,847,AIOCCXF,RC,0,NT,FH,0.0,0,-38.26,-27.75,[],0,0,[],[]
31289130,31290140,NA,NOF,0.0,847,AIOCCXF,NA,NA,NA,NA,0.0,0,-34.25,-22.39,[],0,0,[],[]
31290140,31291380,NA,OLN,0.0,847,AIOCCXF,NA,NA,NA,NA,0.0,0,-26.68,-10.81,[],0,0,[],[]
31291380,31292380,CHI,CHN,0.0,847,AIOCCXF,RC,0,NT,FI,1.0,870,-17.96,-9.18,"[{'Canonical-syllable': '2', 'Growl': '0', 'High-freq-energy': '0', 'Long-island': '0', 'Low-tilt-spectrum': '0', 'Medium-island': '1', 'Short-island': '1', 'Squeal': '0', 'Typical-entropy': '1', 'Voicing-quality': '2', 'Wide-band': '0', 'Xlong-island': '0', 'seq': '1', 'end': 31292.25, 'start': 31291.62}]",0,0,[],[]
31292380,31293180,NA,OLN,0.0,847,AIOCCXF,NA,NA,NA,NA,0.0,0,-24.09,-13.19,[],0,0,[],[]
31293180,31294220,OCH,CXN,0.0,847,AIOCCXF,RC,0,NT,FI,0.0,0,-32.98,-24.51,[],0,0,[],[]
31294220,31295480,NA,OLN,0.0,847,AIOCCXF,NA,NA,NA,NA,0.0,0,-22.76,-14.48,[],0,0,[],[]
31295480,31296310,OCH,CXN,0.0,847,AIOCCXF,RC,0,NT,FH,0.0,0,-25.87,-17.82,[],0,0,[],[]
31296310,31297880,FEM,FAN,7.27,847,AIOCCXF,EC,0,NT,FI,0.0,0,-26.53,-16.31,[],0,0,[],[]
31297880,31298830,NA,OLN,0.0,848,pause,NA,NA,NA,NA,0.0,0,-32.84,-26.11,[],0,0,[],[]
31298830,31299630,NA,NOF,0.0,848,pause,NA,NA,NA,NA,0.0,0,-39.75,-32.05,[],0,0,[],[]
31299630,31304420,NA,OLN,0.0,848,pause,NA,NA,NA,NA,0.0,0,-28.03,-5.92,[],0,0,[],[]
31304420,31305930,FEM,FAN,6.72,848,AMF,EC,0,NT,FI,0.0,0,-28.58,-20.27,[],0,0,[],[]
31305930,31307570,NA,OLN,0.0,849,pause,NA,NA,NA,NA,0.0,0,-26.75,-18.4,[],0,0,[],[]
31307570,31308370,NA,NOF,0.0,849,pause,NA,NA,NA,NA,0.0,0,-38.74,-31.04,[],0,0,[],[]
31308370,31309970,NA,OLN,0.0,849,pause,NA,NA,NA,NA,0.0,0,-27.28,-20.46,[],0,0,[],[]
31309970,31310850,NA,NOF,0.0,849,pause,NA,NA,NA,NA,0.0,0,-43.2,-35.15,[],0,0,[],[]
31310850,31313010,NA,OLN,0.0,849,pause,NA,NA,NA,NA,0.0,0,-25.89,-17.13,[],0,0,[],[]
31313010,31314280,FEM,FAN,6.5,849,AIOCF,BC,0,NT,FI,0.0,0,-23.56,-14.39,[],0,0,[],[]
31314280,31315350,OCH,CXN,0.0,849,AIOCF,RC,0,NT,FI,0.0,0,-29.11,-21.29,[],0,0,[],[]
31315350,31316360,NA,OLN,0.0,849,AIOCF,NA,NA,NA,NA,0.0,0,-21.57,-6.94,[],0,0,[],[]
31316360,31317580,FEM,FAN,6.78,849,AIOCF,RC,0,NT,FI,0.0,0,-26.28,-18.19,[],0,0,[],[]
31317580,31318900,NA,OLN,0.0,849,AIOCF,NA,NA,NA,NA,0.0,0,-18.99,-5.05,[],0,0,[],[]
31318900,31319980,FEM,FAN,1.86,849,AIOCF,RC,0,NT,FH,0.0,0,-32.65,-24.88,[],0,0,[],[]
31319980,31320780,NA,OLN,0.0,849,AIOCF,NA,NA,NA,NA,0.0,0,-29.61,-23.69,[],0,0,[],[]
31320780,31324040,FEM,FAN,14.54,849,AIOCF,RC,0,NT,FH,0.0,0,-28.28,-17.78,[],0,0,[],[]
31324040,31325840,NA,OLN,0.0,849,AIOCF,NA,NA,NA,NA,0.0,0,-24.32,-8.04,[],0,0,[],[]
31325840,31327650,FEM,FAN,8.05,849,AIOCF,EC,0,NT,FH,0.0,0,-26.44,-12.19,[],0,0,[],[]
31327650,31332800,NA,OLN,0.0,850,pause,NA,NA,NA,NA,0.0,0,-24.81,-6.47,[],0,0,[],[]
31332800,31333630,NA,NOF,0.0,850,pause,NA,NA,NA,NA,0.0,0,-38.18,-28.63,[],0,0,[],[]
31333630,31335970,NA,OLN,0.0,850,pause,NA,NA,NA,NA,0.0,0,-25.69,-16.07,[],0,0,[],[]
31335970,31337030,FEM,FAN,6.6,850,AIOCF,BC,0,NT,FI,0.0,0,-28.49,-18.14,[],0,0,[],[]
31337030,31338400,NA,OLN,0.0,850,AIOCF,NA,NA,NA,NA,0.0,0,-30.11,-23.58,[],0,0,[],[]
31338400,31339410,MAL,MAN,4.44,850,AIOCF,RC,0,NT,FI,0.0,0,-26.29,-19.8,[],0,0,[],[]
31339410,31340210,NA,OLN,0.0,850,AIOCF,NA,NA,NA,NA,0.0,0,-32.61,-22.86,[],0,0,[],[]
31340210,31341090,OCH,CXN,0.0,850,AIOCF,RC,0,NT,FI,0.0,0,-29.74,-23.01,[],0,0,[],[]
31341090,31342850,NA,OLN,0.0,850,AIOCF,NA,NA,NA,NA,0.0,0,-27.07,-6.91,[],0,0,[],[]
31342850,31343980,MAL,MAN,10.95,850,AIOCF,RC,0,NT,FI,0.0,0,-30.35,-21.65,[],0,0,[],[]
31343980,31347930,NA,OLN,0.0,850,AIOCF,NA,NA,NA,NA,0.0,0,-29.68,-16.94,[],0,0,[],[]
31347930,31349160,FEM,FAN,6.63,850,AIOCF,RC,0,NT,FI,0.0,0,-30.8,-21.88,[],0,0,[],[]
31349160,31350350,NA,OLN,0.0,850,AIOCF,NA,NA,NA,NA,0.0,0,-32.03,-21.39,[],0,0,[],[]
31350350,31351390,NA,NOF,0.0,850,AIOCF,NA,NA,NA,NA,0.0,0,-43.01,-37.78,[],0,0,[],[]
31351390,31352210,NA,OLN,0.0,850,AIOCF,NA,NA,NA,NA,0.0,0,-13.09,-2.73,[],0,0,[],[]
31352210,31353440,FEM,FAN,3.5,850,AIOCF,EC,0,NT,FH,0.0,0,-29.88,-23.42,[],0,0,[],[]
31353440,31362660,NA,OLN,0.0,851,pause,NA,NA,NA,NA,0.0,0,-21.47,-4.1,[],0,0,[],[]
31362660,31363870,FEM,FAN,2.94,851,AICF,BC,0,NT,FI,0.0,0,-28.34,-18.91,[],0,0,[],[]
31363870,31364810,NA,OLN,0.0,851,AICF,NA,NA,NA,NA,0.0,0,-19.07,-7.89,[],0,0,[],[]
31364810,31365810,FEM,FAN,5.21,851,AICF,RC,0,NT,FH,0.0,0,-26.14,-18.51,[],0,0,[],[]
31365810,31366680,NA,OLN,0.0,851,AICF,NA,NA,NA,NA,0.0,0,-30.42,-19.91,[],0,0,[],[]
31366680,31368740,MAL,MAN,6.51,851,AICF,RC,0,NT,FI,0.0,0,-25.12,-16.34,[],0,0,[],[]
31368740,31369740,NA,OLN,0.0,851,AICF,NA,NA,NA,NA,0.0,0,-22.97,-16.51,[],0,0,[],[]
31369740,31370740,MAL,MAN,4.18,851,AICF,RC,0,NT,FH,0.0,0,-25.43,-18.66,[],0,0,[],[]
31370740,31371800,NA,OLN,0.0,851,AICF,NA,NA,NA,NA,0.0,0,-14.13,-4.48,[],0,0,[],[]
31371800,31373120,FEM,FAN,3.58,851,AICF,RC,0,NT,FI,0.0,0,-25.6,-18.96,[],0,0,[],[]
31373120,31374180,MAL,MAN,0.8,851,AICF,RC,0,NT,FI,0.0,0,-21.58,-11.64,[],0,0,[],[]
31374180,31375010,NA,OLN,0.0,851,AICF,NA,NA,NA,NA,0.0,0,-20.42,-12.61,[],0,0,[],[]
31375010,31376070,FEM,FAN,3.03,851,AICF,RC,0,NT,FI,0.0,0,-21.06,-11.63,[],0,0,[],[]
31376070,31377390,MAL,MAN,2.4,851,AICF,RC,0,NT,FI,0.0,0,-25.77,-19.09,[],0,0,[],[]
31377390,31378560,NA,OLN,0.0,851,AICF,NA,NA,NA,NA,0.0,0,-18.22,-4.14,[],0,0,[],[]
31378560,31379870,FEM,FAN,5.14,851,AICF,RC,0,NT,FI,0.0,0,-26.06,-10.33,[],0,0,[],[]
31379870,31380930,NA,OLN,0.0,851,AICF,NA,NA,NA,NA,0.0,0,-25.37,-16.09,[],0,0,[],[]
31380930,31381930,NA,TVN,0.0,851,AICF,NA,NA,NA,NA,0.0,0,-25.67,-12.97,[],0,0,[],[]
31381930,31383380,MAL,MAN,6.87,851,AICF,RC,0,NT,FI,0.0,0,-27.19,-11.95,[],0,0,[],[]
31383380,31385540,NA,OLN,0.0,851,AICF,NA,NA,NA,NA,0.0,0,-26.43,-14.69,[],0,0,[],[]
31385540,31386540,MAL,MAN,4.22,851,AICF,RC,0,NT,FH,0.0,0,-18.96,-8.17,[],0,0,[],[]
31386540,31388070,NA,OLN,0.0,851,AICF,NA,NA,NA,NA,0.0,0,-24.72,-12.63,[],0,0,[],[]
31388070,31389100,MAL,MAN,3.37,851,AICF,RC,0,NT,FH,0.0,0,-12.72,-3.64,[],0,0,[],[]
31389100,31389900,NA,OLN,0.0,851,AICF,NA,NA,NA,NA,0.0,0,-32.26,-19.81,[],0,0,[],[]
31389900,31391270,MAL,MAN,4.81,851,AICF,RC,0,NT,FH,0.0,0,-18.29,-4.55,[],0,0,[],[]
31391270,31392260,NA,OLN,0.0,851,AICF,NA,NA,NA,NA,0.0,0,-27.57,-19.46,[],0,0,[],[]
31392260,31393660,MAL,MAN,12.32,851,AICF,RC,0,TIMI,FH,0.0,0,-30.13,-20.56,[],0,0,[],[]
31393660,31394590,NA,OLF,0.0,851,AICF,NA,NA,NA,NA,0.0,0,-36.26,-26.25,[],0,0,[],[]
31394590,31395220,NA,CHF,0.0,851,AICF,RC,1,TIMR,FI,1.0,630,-38.6,-29.77,"[{'Canonical-syllable': '0', 'Growl': '0', 'High-freq-energy': '0', 'Long-island': '0', 'Low-tilt-spectrum': '1', 'Medium-island': '1', 'Short-island': '0', 'Squeal': '0', 'Typical-entropy': '1', 'Voicing-quality': '1', 'Wide-band': '0', 'Xlong-island': '0', 'seq': '1', 'end': 31395.22, 'start': 31394.59}]",0,0,[],[]
31395220,31396070,NA,OLN,0.0,851,AICF,NA,NA,NA,NA,0.0,0,-33.43,-22.4,[],0,0,[],[]
31396070,31397270,MAL,MAN,0.87,851,AICF,RC,1,TIME,FI,0.0,0,-25.63,-17.34,[],0,0,[],[]
31397270,31398800,NA,OLN,0.0,851,AICF,NA,NA,NA,NA,0.0,0,-24.17,-16.73,[],0,0,[],[]
31398800,31401330,MAL,MAN,8.13,851,AICF,RC,1,NT,FH,0.0,0,-27.2,-16.09,[],0,0,[],[]
31401330,31403330,NA,OLN,0.0,851,AICF,NA,NA,NA,NA,0.0,0,-22.14,-4.88,[],0,0,[],[]
31403330,31404870,MAL,MAN,8.13,851,AICF,RC,1,NT,FH,0.0,0,-22.79,-12.68,[],0,0,[],[]
31404870,31405670,NA,NOF,0.0,851,AICF,NA,NA,NA,NA,0.0,0,-41.45,-31.65,[],0,0,[],[]
31405670,31407550,MAL,MAN,7.88,851,AICF,RC,1,NT,FH,0.0,0,-28.4,-17.91,[],0,0,[],[]
31407550,31408350,NA,OLN,0.0,851,AICF,NA,NA,NA,NA,0.0,0,-17.36,-6.16,[],0,0,[],[]
31408350,31409350,MAL,MAN,5.69,851,AICF,RC,1,NT,FH,0.0,0,-28.06,-17.29,[],0,0,[],[]
31409350,31410480,NA,OLN,0.0,851,AICF,NA,NA,NA,NA,0.0,0,-25.93,-11.16,[],0,0,[],[]
31410480,31411620,MAL,MAN,4.27,851,AICF,RC,1,NT,FH,0.0,0,-28.38,-19.56,[],0,0,[],[]
31411620,31413200,NA,OLN,0.0,851,AICF,NA,NA,NA,NA,0.0,0,-21.22,-4.27,[],0,0,[],[]
31413200,31414340,FEM,FAN,3.36,851,AICF,RC,1,NT,FI,0.0,0,-30.3,-19.43,[],0,0,[],[]
31414340,31415420,NA,OLN,0.0,851,AICF,NA,NA,NA,NA,0.0,0,-33.41,-24.97,[],0,0,[],[]
31415420,31417490,MAL,MAN,8.62,851,AICF,RC,1,NT,FI,0.0,0,-18.25,-7.07,[],0,0,[],[]
31417490,31418550,FEM,FAN,4.63,851,AICF,RC,1,NT,FI,0.0,0,-18.64,-12.61,[],0,0,[],[]
31418550,31419880,MAL,MAN,3.77,851,AICF,RC,1,NT,FI,0.0,0,-22.18,-15.52,[],0,0,[],[]
31419880,31421860,NA,OLN,0.0,851,AICF,NA,NA,NA,NA,0.0,0,-23.35,-5.98,[],0,0,[],[]
31421860,31424680,MAL,MAN,12.44,851,AICF,RC,1,NT,FH,0.0,0,-20.8,-10.49,[],0,0,[],[]
31424680,31425750,NA,OLN,0.0,851,AICF,NA,NA,NA,NA,0.0,0,-20.42,-5.93,[],0,0,[],[]
31425750,31426750,MAL,MAN,4.02,851,AICF,RC,1,NT,FH,0.0,0,-20.6,-14.76,[],0,0,[],[]
31426750,31427730,NA,OLN,0.0,851,AICF,NA,NA,NA,NA,0.0,0,-26.72,-17.44,[],0,0,[],[]
31427730,31431410,MAL,MAN,14.17,851,AICF,RC,1,NT,FH,0.0,0,-22.49,-15.62,[],0,0,[],[]
31431410,31432650,FEM,FAN,4.46,851,AICF,RC,1,NT,FI,0.0,0,-31.76,-22.13,[],0,0,[],[]
31432650,31436980,NA,OLN,0.0,851,AICF,NA,NA,NA,NA,0.0,0,-27.63,-5.48,[],0,0,[],[]
31436980,31438100,MAL,MAN,5.18,851,AICF,RC,1,NT,FI,0.0,0,-26.7,-19.12,[],0,0,[],[]
31438100,31440270,NA,OLN,0.0,851,AICF,NA,NA,NA,NA,0.0,0,-28.72,-16.19,[],0,0,[],[]
31440270,31441270,MAL,MAN,3.75,851,AICF,EC,1,NT,FH,0.0,0,-26.62,-20.62,[],0,0,[],[]
31441270,31446360,NA,OLN,0.0,852,pause,NA,NA,NA,NA,0.0,0,-22.58,-11.33,[],0,0,[],[]
31446360,31447410,FEM,FAN,5.34,852,AMF,BC,0,NT,FI,0.0,0,-28.22,-18.87,[],0,0,[],[]
31447410,31450270,NA,OLN,0.0,852,AMF,NA,NA,NA,NA,0.0,0,-23.77,-15.12,[],0,0,[],[]
31450270,31451300,FEM,FAN,6.78,852,AMF,RC,0,NT,FH,0.0,0,-21.79,-14.13,[],0,0,[],[]
31451300,31452830,NA,OLN,0.0,852,AMF,NA,NA,NA,NA,0.0,0,-20.11,-3.27,[],0,0,[],[]
31452830,31453830,FEM,FAN,6.21,852,AMF,RC,0,NT,FH,0.0,0,-24.42,-16.55,[],0,0,[],[]
31453830,31458800,NA,OLN,0.0,852,AMF,NA,NA,NA,NA,0.0,0,-22.81,-12.11,[],0,0,[],[]
31458800,31460060,MAL,MAN,4.05,852,AMF,EC,0,NT,FI,0.0,0,-26.14,-17.45,[],0,0,[],[]
31460060,31465170,NA,OLN,0.0,853,pause,NA,NA,NA,NA,0.0,0,-25.08,-12.38,[],0,0,[],[]
31465170,31466740,MAL,MAN,5.97,853,AMM,BC,0,NT,FI,0.0,0,-29.75,-21.05,[],0,0,[],[]
31466740,31468590,NA,OLN,0.0,853,AMM,NA,NA,NA,NA,0.0,0,-24.7,-12.79,[],0,0,[],[]
31468590,31469590,MAL,MAN,3.39,853,AMM,EC,0,NT,FH,0.0,0,-26.54,-19.29,[],0,0,[],[]
31469590,31476210,NA,OLN,0.0,854,pause,NA,NA,NA,NA,0.0,0,-22.43,-11.04,[],0,0,[],[]
31476210,31477210,MAL,MAN,7.0,854,AIOCM,BC,0,NT,FI,0.0,0,-25.51,-20.05,[],0,0,[],[]
31477210,31478010,NA,OLN,0.0,854,AIOCM,NA,NA,NA,NA,0.0,0,-24.51,-19.36,[],0,0,[],[]
31478010,31478810,OCH,CXN,0.0,854,AIOCM,RC,0,NT,FI,0.0,0,-25.84,-20.08,[],0,0,[],[]
31478810,31483030,NA,OLN,0.0,854,AIOCM,NA,NA,NA,NA,0.0,0,-23.85,-3.93,[],0,0,[],[]
31483030,31484820,MAL,MAN,7.26,854,AIOCM,RC,0,NT,FI,0.0,0,-26.93,-14.39,[],0,0,[],[]
31484820,31486020,NA,OLN,0.0,854,AIOCM,NA,NA,NA,NA,0.0,0,-16.2,-2.97,[],0,0,[],[]
31486020,31487020,FEM,FAN,6.72,854,AIOCM,EC,0,NT,FI,0.0,0,-26.44,-16.28,[],0,0,[],[]
31487020,31492590,NA,OLN,0.0,855,pause,NA,NA,NA,NA,0.0,0,-19.02,-7.55,[],0,0,[],[]
31492590,31493630,MAL,MAN,7.17,855,AICM,BC,0,NT,FI,0.0,0,-25.06,-18.39,[],0,0,[],[]
31493630,31494570,NA,OLN,0.0,855,AICM,NA,NA,NA,NA,0.0,0,-17.62,-9.27,[],0,0,[],[]
31494570,31495370,OCH,CXN,0.0,855,AICM,RC,0,NT,FI,0.0,0,-14.21,-2.83,[],0,0,[],[]
31495370,31497770,NA,OLN,0.0,855,AICM,NA,NA,NA,NA,0.0,0,-22.06,-12.74,[],0,0,[],[]
31497770,31498780,FEM,FAN,7.05,855,AICM,RC,0,NT,FI,0.0,0,-21.17,-7.9,[],0,0,[],[]
31498780,31501920,NA,OLN,0.0,855,AICM,NA,NA,NA,NA,0.0,0,-20.05,-7.17,[],0,0,[],[]
31501920,31503230,MAL,MAN,6.53,855,AICM,RC,0,TIMI,FI,0.0,0,-25.98,-20.1,[],0,0,[],[]
31503230,31506680,NA,OLN,0.0,855,AICM,NA,NA,NA,NA,0.0,0,-17.87,-2.53,[],0,0,[],[]
31506680,31507680,CHI,CHN,0.0,855,AICM,RC,1,TIMR,FI,1.0,1000,-19.46,-10.9,"[{'Canonical-syllable': '1', 'Growl': '0', 'High-freq-energy': '0', 'Long-island': '0', 'Low-tilt-spectrum': '1', 'Medium-island': '2', 'Short-island': '0', 'Squeal': '0', 'Typical-entropy': '2', 'Voicing-quality': '2', 'Wide-band': '0', 'Xlong-island': '0', 'seq': '1', 'end': 31507.68, 'start': 31506.79}]",0,0,[],[]
31507680,31508730,MAL,MAN,5.44,855,AICM,EC,1,TIME,FI,0.0,0,-25.75,-19.08,[],0,0,[],[]
31508730,31509690,NA,OLN,0.0,856,pause,NA,NA,NA,NA,0.0,0,-18.09,-5.8,[],0,0,[],[]
31509690,31510490,NA,NON,0.0,856,pause,NA,NA,NA,NA,0.0,0,-24.87,-10.13,[],0,0,[],[]
31510490,31512670,NA,OLN,0.0,856,pause,NA,NA,NA,NA,0.0,0,-25.39,-5.27,[],0,0,[],[]
31512670,31513800,NA,NON,0.0,856,pause,NA,NA,NA,NA,0.0,0,-29.77,-21.4,[],0,0,[],[]
31513800,31519730,NA,OLN,0.0,856,pause,NA,NA,NA,NA,0.0,0,-20.53,-3.43,[],0,0,[],[]
31519730,31520340,FEM,FAN,1.83,856,AMF,BC,0,NT,FI,0.0,0,-19.33,-11.95,[],0,0,[],[]
31520340,31523770,NA,OLN,0.0,856,AMF,NA,NA,NA,NA,0.0,0,-23.11,-13.6,[],0,0,[],[]
31523770,31524790,MAL,MAN,6.49,856,AMF,EC,0,NT,FI,0.0,0,-23.86,-17.62,[],0,0,[],[]
31524790,31533140,NA,OLN,0.0,857,pause,NA,NA,NA,NA,0.0,0,-20.64,-3.8,[],0,0,[],[]
31533140,31534310,MAL,MAN,6.19,857,AMM,BC,0,NT,FI,0.0,0,-28.21,-21.55,[],0,0,[],[]
31534310,31535170,NA,OLN,0.0,857,AMM,NA,NA,NA,NA,0.0,0,-31.4,-21.43,[],0,0,[],[]
31535170,31538020,MAL,MAN,13.76,857,AMM,RC,0,NT,FH,0.0,0,-24.45,-17.38,[],0,0,[],[]
31538020,31538840,NA,OLN,0.0,857,AMM,NA,NA,NA,NA,0.0,0,-32.87,-27.1,[],0,0,[],[]
31538840,31539930,MAL,MAN,8.37,857,AMM,RC,0,NT,FH,0.0,0,-26.92,-18.08,[],0,0,[],[]
31539930,31541340,NA,OLN,0.0,857,AMM,NA,NA,NA,NA,0.0,0,-25.9,-17.68,[],0,0,[],[]
31541340,31542340,FEM,FAN,2.81,857,AMM,RC,0,NT,FI,0.0,0,-28.04,-20.86,[],0,0,[],[]
31542340,31543470,NA,OLN,0.0,857,AMM,NA,NA,NA,NA,0.0,0,-19.86,-11.75,[],0,0,[],[]
31543470,31544490,FEM,FAN,7.26,857,AMM,RC,0,NT,FH,0.0,0,-20.82,-5.1,[],0,0,[],[]
31544490,31546020,MAL,MAN,6.16,857,AMM,EC,0,NT,FI,0.0,0,-24.78,-17.78,[],0,0,[],[]
31546020,31548660,NA,OLN,0.0,858,pause,NA,NA,NA,NA,0.0,0,-17.27,-3.4,[],0,0,[],[]
31548660,31549570,NA,NON,0.0,858,pause,NA,NA,NA,NA,0.0,0,-36.4,-28.23,[],0,0,[],[]
31549570,31554850,NA,OLN,0.0,858,pause,NA,NA,NA,NA,0.0,0,-25.0,-16.56,[],0,0,[],[]
31554850,31555650,OCH,CXN,0.0,858,XM,EC,0,NT,FI,0.0,0,-29.27,-19.22,[],0,0,[],[]
31555650,31562490,NA,OLN,0.0,859,pause,NA,NA,NA,NA,0.0,0,-22.78,-3.47,[],0,0,[],[]
31562490,31563500,FEM,FAN,0.0,859,pause,NA,NA,NA,NA,0.0,0,-25.64,-15.9,[],1010,0,[],[]
31563500,31568050,NA,OLN,0.0,859,pause,NA,NA,NA,NA,0.0,0,-23.93,-14.55,[],0,0,[],[]
31568050,31569050,MAL,MAN,8.79,859,AMM,BC,0,NT,FI,0.0,0,-31.03,-23.95,[],0,0,[],[]
31569050,31570500,NA,OLN,0.0,859,AMM,NA,NA,NA,NA,0.0,0,-19.59,-11.4,[],0,0,[],[]
31570500,31572840,MAL,MAN,9.53,859,AMM,RC,0,NT,FH,0.0,0,-28.42,-19.27,[],0,0,[],[]
31572840,31573870,FEM,FAN,3.43,859,AMM,RC,0,NT,FI,0.0,0,-32.07,-26.53,[],0,0,[],[]
31573870,31574870,MAL,MAN,5.25,859,AMM,RC,0,NT,FI,0.0,0,-28.71,-19.49,[],0,0,[],[]
31574870,31575670,NA,OLN,0.0,859,AMM,NA,NA,NA,NA,0.0,0,-28.87,-20.56,[],0,0,[],[]
31575670,31576690,MAL,MAN,4.8,859,AMM,RC,0,NT,FH,0.0,0,-21.77,-14.12,[],0,0,[],[]
31576690,31577630,NA,OLN,0.0,859,AMM,NA,NA,NA,NA,0.0,0,-25.73,-13.47,[],0,0,[],[]
31577630,31578640,MAL,MAN,5.84,859,AMM,RC,0,NT,FH,0.0,0,-27.73,-18.9,[],0,0,[],[]
31578640,31580070,NA,OLN,0.0,859,AMM,NA,NA,NA,NA,0.0,0,-26.66,-15.39,[],0,0,[],[]
31580070,31581070,MAL,MAN,4.14,859,AMM,RC,0,NT,FH,0.0,0,-25.56,-14.69,[],0,0,[],[]
31581070,31583430,NA,OLN,0.0,859,AMM,NA,NA,NA,NA,0.0,0,-19.8,-4.53,[],0,0,[],[]
31583430,31586570,MAL,MAN,14.37,859,AMM,RC,0,NT,FH,0.0,0,-21.93,-7.49,[],0,0,[],[]
31586570,31590670,NA,OLN,0.0,859,AMM,NA,NA,NA,NA,0.0,0,-19.11,-9.98,[],0,0,[],[]
31590670,31591670,MAL,MAN,0.34,859,AMM,RC,0,NT,FH,0.0,0,-25.25,-18.29,[],0,0,[],[]
31591670,31593630,NA,OLN,0.0,859,AMM,NA,NA,NA,NA,0.0,0,-18.96,-8.35,[],0,0,[],[]
31593630,31596060,FEM,FAN,8.62,859,AMM,RC,0,NT,FI,0.0,0,-19.06,-6.14,[],0,0,[],[]
31596060,31597330,NA,OLN,0.0,859,AMM,NA,NA,NA,NA,0.0,0,-23.31,-5.01,[],0,0,[],[]
31597330,31598410,FEM,FAN,5.52,859,AMM,RC,0,NT,FH,0.0,0,-26.4,-17.64,[],0,0,[],[]
31598410,31600680,NA,OLN,0.0,859,AMM,NA,NA,NA,NA,0.0,0,-21.06,-9.69,[],0,0,[],[]
31600680,31601720,FEM,FAN,6.84,859,AMM,RC,0,NT,FH,0.0,0,-19.98,-12.92,[],0,0,[],[]
31601720,31603380,MAL,MAN,7.86,859,AMM,RC,0,NT,FI,0.0,0,-22.54,-15.57,[],0,0,[],[]
31603380,31607830,NA,OLN,0.0,859,AMM,NA,NA,NA,NA,0.0,0,-24.14,-7.48,[],0,0,[],[]
31607830,31608840,FEM,FAN,7.47,859,AMM,RC,0,NT,FI,0.0,0,-28.15,-19.88,[],0,0,[],[]
31608840,31610090,NA,OLN,0.0,859,AMM,NA,NA,NA,NA,0.0,0,-24.11,-16.69,[],0,0,[],[]
31610090,31611850,MAL,MAN,7.5,859,AMM,RC,0,NT,FI,0.0,0,-25.25,-15.28,[],0,0,[],[]
31611850,31613480,NA,OLN,0.0,859,AMM,NA,NA,NA,NA,0.0,0,-24.27,-15.48,[],0,0,[],[]
31613480,31614480,MAL,MAN,4.76,859,AMM,EC,0,NT,FH,0.0,0,-24.57,-14.74,[],0,0,[],[]
31614480,31621220,NA,OLN,0.0,860,pause,NA,NA,NA,NA,0.0,0,-24.67,-10.1,[],0,0,[],[]
31621220,31622220,FEM,FAN,5.52,860,AMF,BC,0,NT,FI,0.0,0,-25.36,-17.17,[],0,0,[],[]
31622220,31624730,MAL,MAN,10.75,860,AMF,RC,0,NT,FI,0.0,0,-24.62,-13.6,[],0,0,[],[]
31624730,31626090,NA,OLN,0.0,860,AMF,NA,NA,NA,NA,0.0,0,-22.8,-16.15,[],0,0,[],[]
31626090,31627680,MAL,MAN,10.41,860,AMF,RC,0,NT,FH,0.0,0,-22.43,-14.15,[],0,0,[],[]
31627680,31628770,FEM,FAN,4.32,860,AMF,RC,0,NT,FI,0.0,0,-27.04,-15.14,[],0,0,[],[]
31628770,31630510,NA,OLN,0.0,860,AMF,NA,NA,NA,NA,0.0,0,-22.14,-15.2,[],0,0,[],[]
31630510,31631660,MAL,MAN,6.86,860,AMF,RC,0,NT,FI,0.0,0,-21.19,-16.21,[],0,0,[],[]
31631660,31632600,FEM,FAN,4.31,860,AMF,RC,0,NT,FI,0.0,0,-22.62,-12.84,[],0,0,[],[]
31632600,31636750,MAL,MAN,16.93,860,AMF,RC,0,NT,FI,0.0,0,-22.67,-11.84,[],0,0,[],[]
31636750,31638390,NA,OLN,0.0,860,AMF,NA,NA,NA,NA,0.0,0,-25.13,-16.46,[],0,0,[],[]
31638390,31638990,CHI,CHN,0.0,860,AMF,NA,NA,NA,NA,0.0,0,-21.45,-12.65,[],0,440,[],"[{'start': 31638.39, 'end': 31638.83}]"
31638990,31640550,NA,OLN,0.0,860,AMF,NA,NA,NA,NA,0.0,0,-25.37,-15.94,[],0,0,[],[]
31640550,31641960,MAL,MAN,5.82,860,AMF,RC,0,NT,FH,0.0,0,-22.81,-15.24,[],0,0,[],[]
31641960,31644140,NA,OLN,0.0,860,AMF,NA,NA,NA,NA,0.0,0,-20.3,-12.2,[],0,0,[],[]
31644140,31645140,FEM,FAN,3.39,860,AMF,RC,0,NT,FI,0.0,0,-30.85,-21.92,[],0,0,[],[]
31645140,31646030,NA,OLN,0.0,860,AMF,NA,NA,NA,NA,0.0,0,-25.64,-18.89,[],0,0,[],[]
31646030,31647040,MAL,MAN,5.74,860,AMF,EC,0,NT,FI,0.0,0,-15.76,-10.19,[],0,0,[],[]
31647040,31649360,NA,OLN,0.0,861,pause,NA,NA,NA,NA,0.0,0,-18.89,-10.55,[],0,0,[],[]
31649360,31650360,MAL,MAN,0.0,861,pause,NA,NA,NA,NA,0.0,0,-20.44,-14.42,[],1000,0,[],[]
31650360,31653990,NA,OLN,0.0,861,pause,NA,NA,NA,NA,0.0,0,-22.58,-13.44,[],0,0,[],[]
31653990,31655110,MAL,MAN,9.14,861,AICM,BC,0,TIMI,FI,0.0,0,-24.87,-18.2,[],0,0,[],[]
31655110,31656110,CHI,CHN,0.0,861,AICM,RC,1,TIMR,FI,1.0,770,-19.3,-4.56,"[{'Canonical-syllable': '1', 'Growl': '0', 'High-freq-energy': '0', 'Long-island': '0', 'Low-tilt-spectrum': '0', 'Medium-island': '1', 'Short-island': '1', 'Squeal': '0', 'Typical-entropy': '2', 'Voicing-quality': '2', 'Wide-band': '0', 'Xlong-island': '0', 'seq': '1', 'end': 31655.88, 'start': 31655.33}]",0,0,[],[]
31656110,31656950,NA,OLN,0.0,861,AICM,NA,NA,NA,NA,0.0,0,-20.38,-9.51,[],0,0,[],[]
31656950,31657950,MAL,MAN,9.05,861,AICM,RC,1,TIME,FI,0.0,0,-21.3,-13.5,[],0,0,[],[]
31657950,31660050,NA,OLN,0.0,861,AICM,NA,NA,NA,NA,0.0,0,-21.62,-12.81,[],0,0,[],[]
31660050,31661050,MAL,MAN,13.63,861,AICM,EC,1,NT,FH,0.0,0,-28.27,-22.06,[],0,0,[],[]
31661050,31665640,NA,OLN,0.0,862,pause,NA,NA,NA,NA,0.0,0,-24.94,-13.66,[],0,0,[],[]
31665640,31666440,NA,NOF,0.0,862,pause,NA,NA,NA,NA,0.0,0,-39.43,-28.84,[],0,0,[],[]
31666440,31667240,NA,OLF,0.0,862,pause,NA,NA,NA,NA,0.0,0,-34.05,-23.15,[],0,0,[],[]
31667240,31668270,MAL,MAN,0.0,862,pause,NA,NA,NA,NA,0.0,0,-26.11,-19.47,[],1030,0,[],[]
31668270,31669280,FEM,FAN,8.06,862,AIOCF,BC,0,NT,FI,0.0,0,-26.47,-16.43,[],0,0,[],[]
31669280,31670090,NA,OLN,0.0,862,AIOCF,NA,NA,NA,NA,0.0,0,-20.67,-11.92,[],0,0,[],[]
31670090,31671120,FEM,FAN,6.31,862,AIOCF,RC,0,NT,FH,0.0,0,-21.88,-12.74,[],0,0,[],[]
31671120,31674010,NA,OLN,0.0,862,AIOCF,NA,NA,NA,NA,0.0,0,-21.92,-5.04,[],0,0,[],[]
31674010,31674830,OCH,CXN,0.0,862,AIOCF,RC,0,NT,FI,0.0,0,-39.98,-33.16,[],0,0,[],[]
31674830,31676700,MAL,MAN,9.26,862,AIOCF,RC,0,NT,FI,0.0,0,-26.17,-18.77,[],0,0,[],[]
31676700,31680210,NA,OLN,0.0,862,AIOCF,NA,NA,NA,NA,0.0,0,-17.74,-1.87,[],0,0,[],[]
31680210,31681740,MAL,MAN,10.65,862,AIOCF,RC,0,NT,FH,0.0,0,-23.14,-11.7,[],0,0,[],[]
31681740,31683590,NA,OLN,0.0,862,AIOCF,NA,NA,NA,NA,0.0,0,-31.28,-22.62,[],0,0,[],[]
31683590,31684390,OCH,CXN,0.0,862,AIOCF,RC,0,NT,FI,0.0,0,-36.85,-31.56,[],0,0,[],[]
31684390,31685330,MAL,MAN,2.37,862,AIOCF,RC,0,NT,FI,0.0,0,-29.9,-21.95,[],0,0,[],[]
31685330,31686330,NA,TVN,0.0,862,AIOCF,NA,NA,NA,NA,0.0,0,-29.7,-19.51,[],0,0,[],[]
31686330,31688380,NA,OLN,0.0,862,AIOCF,NA,NA,NA,NA,0.0,0,-24.93,-5.92,[],0,0,[],[]
31688380,31689420,FEM,FAN,3.87,862,AIOCF,RC,0,NT,FI,0.0,0,-22.74,-12.14,[],0,0,[],[]
31689420,31690440,MAL,MAN,4.8,862,AIOCF,RC,0,NT,FI,0.0,0,-26.91,-20.42,[],0,0,[],[]
31690440,31694920,NA,OLN,0.0,862,AIOCF,NA,NA,NA,NA,0.0,0,-24.05,-12.18,[],0,0,[],[]
31694920,31695920,FEM,FAN,5.33,862,AIOCF,RC,0,NT,FI,0.0,0,-20.98,-7.17,[],0,0,[],[]
31695920,31697320,NA,OLN,0.0,862,AIOCF,NA,NA,NA,NA,0.0,0,-22.63,-12.97,[],0,0,[],[]
31697320,31698410,MAL,MAN,4.08,862,AIOCF,EC,0,NT,FI,0.0,0,-23.42,-16.59,[],0,0,[],[]
31698410,31703530,NA,OLN,0.0,863,pause,NA,NA,NA,NA,0.0,0,-22.43,-5.62,[],0,0,[],[]
31703530,31704530,FEM,FAN,6.44,863,AMF,BC,0,NT,FI,0.0,0,-22.35,-9.44,[],0,0,[],[]
31704530,31705460,NA,OLN,0.0,863,AMF,NA,NA,NA,NA,0.0,0,-22.02,-16.37,[],0,0,[],[]
31705460,31706720,FEM,FAN,8.4,863,AMF,RC,0,NT,FH,0.0,0,-22.67,-16.18,[],0,0,[],[]
31706720,31709230,NA,OLN,0.0,863,AMF,NA,NA,NA,NA,0.0,0,-21.82,-3.65,[],0,0,[],[]
31709230,31710300,FEM,FAN,5.39,863,AMF,EC,0,NT,FH,0.0,0,-28.32,-19.25,[],0,0,[],[]
31710300,31712230,NA,OLN,0.0,864,pause,NA,NA,NA,NA,0.0,0,-24.38,-16.84,[],0,0,[],[]
31712230,31713230,MAL,MAN,0.0,864,pause,NA,NA,NA,NA,0.0,0,-25.25,-20.23,[],1000,0,[],[]
31713230,31716600,NA,OLN,0.0,864,pause,NA,NA,NA,NA,0.0,0,-21.38,-10.38,[],0,0,[],[]
31716600,31717610,MAL,MAN,7.57,864,AIOCM,BC,0,NT,FI,0.0,0,-28.92,-22.43,[],0,0,[],[]
31717610,31720440,NA,OLN,0.0,864,AIOCM,NA,NA,NA,NA,0.0,0,-25.44,-17.31,[],0,0,[],[]
31720440,31721610,FEM,FAN,6.49,864,AIOCM,RC,0,NT,FI,0.0,0,-21.13,-13.81,[],0,0,[],[]
31721610,31722600,NA,OLN,0.0,864,AIOCM,NA,NA,NA,NA,0.0,0,-21.7,-13.18,[],0,0,[],[]
31722600,31723810,FEM,FAN,6.74,864,AIOCM,RC,0,NT,FH,0.0,0,-24.89,-18.16,[],0,0,[],[]
31723810,31724770,NA,OLN,0.0,864,AIOCM,NA,NA,NA,NA,0.0,0,-25.48,-16.24,[],0,0,[],[]
31724770,31725770,MAL,MAN,0.0,864,AIOCM,NA,NA,NA,NA,0.0,0,-32.01,-22.62,[],1000,0,[],[]
31725770,31726580,NA,OLN,0.0,864,AIOCM,NA,NA,NA,NA,0.0,0,-35.53,-25.52,[],0,0,[],[]
31726580,31727690,MAL,MAN,4.0,864,AIOCM,RC,0,NT,FI,0.0,0,-25.85,-18.46,[],0,0,[],[]
31727690,31728820,NA,OLN,0.0,864,AIOCM,NA,NA,NA,NA,0.0,0,-21.71,-11.3,[],0,0,[],[]
31728820,31729940,MAL,MAN,5.07,864,AIOCM,RC,0,NT,FH,0.0,0,-27.11,-20.02,[],0,0,[],[]
31729940,31730740,NA,OLN,0.0,864,AIOCM,NA,NA,NA,NA,0.0,0,-14.54,-3.03,[],0,0,[],[]
31730740,31732400,FEM,FAN,7.43,864,AIOCM,RC,0,NT,FI,0.0,0,-28.16,-18.51,[],0,0,[],[]
31732400,31734340,NA,OLN,0.0,864,AIOCM,NA,NA,NA,NA,0.0,0,-24.45,-15.94,[],0,0,[],[]
31734340,31735750,MAL,MAN,7.5,864,AIOCM,RC,0,NT,FI,0.0,0,-32.24,-24.24,[],0,0,[],[]
31735750,31737040,NA,OLN,0.0,864,AIOCM,NA,NA,NA,NA,0.0,0,-24.74,-16.87,[],0,0,[],[]
31737040,31738040,MAL,MAN,5.71,864,AIOCM,RC,0,NT,FH,0.0,0,-23.03,-15.61,[],0,0,[],[]
31738040,31739010,NA,OLN,0.0,864,AIOCM,NA,NA,NA,NA,0.0,0,-26.7,-11.53,[],0,0,[],[]
31739010,31740500,MAL,MAN,6.52,864,AIOCM,RC,0,NT,FH,0.0,0,-30.33,-21.99,[],0,0,[],[]
31740500,31741510,OCH,CXN,0.0,864,AIOCM,RC,0,NT,FI,0.0,0,-25.21,-15.37,[],0,0,[],[]
31741510,31742510,NA,MAF,0.0,864,AIOCM,NA,NA,NA,NA,0.0,0,-36.15,-27.35,[],0,0,[],[]
31742510,31744490,NA,OLF,0.0,864,AIOCM,NA,NA,NA,NA,0.0,0,-38.18,-29.67,[],0,0,[],[]
31744490,31745790,MAL,MAN,4.94,864,AIOCM,RC,0,NT,FI,0.0,0,-36.3,-28.34,[],0,0,[],[]
31745790,31746590,FEM,FAN,0.0,864,AIOCM,NA,NA,NA,NA,0.0,0,-30.15,-19.89,[],800,0,[],[]
31746590,31747920,MAL,MAN,7.54,864,AIOCM,RC,0,NT,FH,0.0,0,-30.25,-19.76,[],0,0,[],[]
31747920,31748730,NA,OLN,0.0,864,AIOCM,NA,NA,NA,NA,0.0,0,-30.31,-21.02,[],0,0,[],[]
31748730,31752160,MAL,MAN,14.61,864,AIOCM,RC,0,NT,FH,0.0,0,-27.21,-14.13,[],0,0,[],[]
31752160,31753320,NA,OLN,0.0,864,AIOCM,NA,NA,NA,NA,0.0,0,-30.01,-19.78,[],0,0,[],[]
31753320,31754320,MAL,MAN,2.32,864,AIOCM,RC,0,NT,FH,0.0,0,-29.67,-21.3,[],0,0,[],[]
31754320,31757540,NA,OLN,0.0,864,AIOCM,NA,NA,NA,NA,0.0,0,-24.85,-15.97,[],0,0,[],[]
31757540,31758870,MAL,MAN,9.64,864,AIOCM,RC,0,NT,FH,0.0,0,-28.9,-19.66,[],0,0,[],[]
31758870,31760030,NA,FAF,0.0,864,AIOCM,NA,NA,NA,NA,0.0,0,-33.06,-23.77,[],0,0,[],[]
31760030,31761040,NA,MAF,0.0,864,AIOCM,NA,NA,NA,NA,0.0,0,-34.81,-25.1,[],0,0,[],[]
31761040,31761850,NA,OLN,0.0,864,AIOCM,NA,NA,NA,NA,0.0,0,-26.56,-18.8,[],0,0,[],[]
31761850,31762890,MAL,MAN,5.36,864,AIOCM,RC,0,NT,FH,0.0,0,-28.24,-20.4,[],0,0,[],[]
31762890,31764010,NA,OLN,0.0,864,AIOCM,NA,NA,NA,NA,0.0,0,-13.9,-2.0,[],0,0,[],[]
31764010,31764710,NA,MAF,0.0,864,AIOCM,NA,NA,NA,NA,0.0,0,-35.24,-27.82,[],0,0,[],[]
31764710,31765710,FEM,FAN,2.32,864,AIOCM,RC,0,NT,FI,0.0,0,-30.45,-23.33,[],0,0,[],[]
31765710,31766990,NA,OLN,0.0,864,AIOCM,NA,NA,NA,NA,0.0,0,-24.22,-17.11,[],0,0,[],[]
31766990,31768610,MAL,MAN,10.05,864,AIOCM,RC,0,NT,FI,0.0,0,-28.01,-21.65,[],0,0,[],[]
31768610,31770240,NA,OLN,0.0,864,AIOCM,NA,NA,NA,NA,0.0,0,-24.89,-18.15,[],0,0,[],[]
31770240,31771240,MAL,MAN,6.15,864,AIOCM,RC,0,NT,FH,0.0,0,-23.62,-13.83,[],0,0,[],[]
31771240,31772070,NA,OLN,0.0,864,AIOCM,NA,NA,NA,NA,0.0,0,-27.43,-19.42,[],0,0,[],[]
31772070,31773170,MAL,MAN,6.34,864,AIOCM,RC,0,NT,FH,0.0,0,-30.81,-23.55,[],0,0,[],[]
31773170,31774030,NA,OLN,0.0,864,AIOCM,NA,NA,NA,NA,0.0,0,-27.4,-21.38,[],0,0,[],[]
31774030,31775170,MAL,MAN,0.92,864,AIOCM,RC,0,NT,FH,0.0,0,-35.84,-29.61,[],0,0,[],[]
31775170,31776970,FEM,FAN,6.9,864,AIOCM,RC,0,NT,FI,0.0,0,-31.91,-22.47,[],0,0,[],[]
31776970,31779930,NA,OLN,0.0,864,AIOCM,NA,NA,NA,NA,0.0,0,-30.02,-19.98,[],0,0,[],[]
31779930,31781510,MAL,MAN,7.93,864,AIOCM,RC,0,NT,FI,0.0,0,-34.81,-27.68,[],0,0,[],[]
31781510,31783700,NA,OLF,0.0,864,AIOCM,NA,NA,NA,NA,0.0,0,-35.73,-26.34,[],0,0,[],[]
31783700,31786410,MAL,MAN,11.25,864,AIOCM,RC,0,NT,FH,0.0,0,-30.58,-21.31,[],0,0,[],[]
31786410,31787810,NA,OLN,0.0,864,AIOCM,NA,NA,NA,NA,0.0,0,-26.26,-9.24,[],0,0,[],[]
31787810,31788610,NA,NOF,0.0,864,AIOCM,NA,NA,NA,NA,0.0,0,-43.77,-33.87,[],0,0,[],[]
31788610,31789610,MAL,MAN,5.07,864,AIOCM,RC,0,NT,FH,0.0,0,-30.55,-22.54,[],0,0,[],[]
31789610,31790410,NA,OLN,0.0,864,AIOCM,NA,NA,NA,NA,0.0,0,-18.35,-12.8,[],0,0,[],[]
31790410,31791650,MAL,MAN,5.67,864,AIOCM,RC,0,NT,FH,0.0,0,-24.87,-14.97,[],0,0,[],[]
31791650,31792670,FEM,FAN,10.58,864,AIOCM,RC,0,NT,FI,0.0,0,-24.65,-15.64,[],0,0,[],[]
31792670,31796580,NA,OLN,0.0,864,AIOCM,NA,NA,NA,NA,0.0,0,-21.19,-9.76,[],0,0,[],[]
31796580,31797790,MAL,MAN,5.91,864,AIOCM,RC,0,NT,FI,0.0,0,-27.91,-21.58,[],0,0,[],[]
31797790,31800660,NA,OLN,0.0,864,AIOCM,NA,NA,NA,NA,0.0,0,-22.95,-11.12,[],0,0,[],[]
31800660,31801660,MAL,MAN,5.84,864,AIOCM,RC,0,NT,FH,0.0,0,-26.25,-19.99,[],0,0,[],[]
31801660,31802660,FEM,FAN,6.76,864,AIOCM,RC,0,NT,FI,0.0,0,-29.76,-23.57,[],0,0,[],[]
31802660,31804210,NA,OLN,0.0,864,AIOCM,NA,NA,NA,NA,0.0,0,-23.8,-13.6,[],0,0,[],[]
31804210,31805210,MAL,MAN,0.0,864,AIOCM,NA,NA,NA,NA,0.0,0,-23.82,-17.19,[],1000,0,[],[]
31805210,31806680,NA,OLN,0.0,864,AIOCM,NA,NA,NA,NA,0.0,0,-21.7,-10.96,[],0,0,[],[]
31806680,31807880,MAL,MAN,8.64,864,AIOCM,RC,0,NT,FI,0.0,0,-25.27,-18.89,[],0,0,[],[]
31807880,31809050,NA,OLN,0.0,864,AIOCM,NA,NA,NA,NA,0.0,0,-20.81,-13.97,[],0,0,[],[]
31809050,31810150,FEM,FAN,6.1,864,AIOCM,RC,0,NT,FI,0.0,0,-22.56,-12.93,[],0,0,[],[]
31810150,31811150,MAL,MAN,8.92,864,AIOCM,EC,0,NT,FI,0.0,0,-23.8,-18.19,[],0,0,[],[]
31811150,31818120,NA,OLN,0.0,865,pause,NA,NA,NA,NA,0.0,0,-25.0,-16.4,[],0,0,[],[]
31818120,31819190,FEM,FAN,4.81,865,AMF,EC,0,NT,FI,0.0,0,-27.55,-20.81,[],0,0,[],[]
31819190,31825570,NA,OLN,0.0,866,pause,NA,NA,NA,NA,0.0,0,-24.61,-13.01,[],0,0,[],[]
31825570,31826790,OCH,CXN,0.0,866,XIOCA,BC,0,NT,FI,0.0,0,-25.01,-13.45,[],0,0,[],[]
31826790,31828270,NA,OLN,0.0,866,XIOCA,NA,NA,NA,NA,0.0,0,-21.43,-7.24,[],0,0,[],[]
31828270,31829300,OCH,CXN,0.0,866,XIOCA,RC,0,NT,FH,0.0,0,-28.47,-21.08,[],0,0,[],[]
31829300,31830180,NA,OLN,0.0,866,XIOCA,NA,NA,NA,NA,0.0,0,-24.68,-15.84,[],0,0,[],[]
31830180,31831180,FEM,FAN,5.78,866,XIOCA,RC,0,NT,FI,0.0,0,-22.7,-15.64,[],0,0,[],[]
31831180,31832800,NA,OLN,0.0,866,XIOCA,NA,NA,NA,NA,0.0,0,-21.35,-10.7,[],0,0,[],[]
31832800,31833630,OCH,CXN,0.0,866,XIOCA,RC,0,NT,FI,0.0,0,-29.09,-17.81,[],0,0,[],[]
31833630,31837650,NA,OLN,0.0,866,XIOCA,NA,NA,NA,NA,0.0,0,-24.58,-16.49,[],0,0,[],[]
31837650,31838790,FEM,FAN,4.8,866,XIOCA,RC,0,NT,FI,0.0,0,-24.36,-16.21,[],0,0,[],[]
31838790,31842700,NA,OLN,0.0,866,XIOCA,NA,NA,NA,NA,0.0,0,-23.23,-5.63,[],0,0,[],[]
31842700,31843700,MAL,MAN,5.8,866,XIOCA,RC,0,NT,FI,0.0,0,-26.79,-19.69,[],0,0,[],[]
31843700,31844570,NA,OLN,0.0,866,XIOCA,NA,NA,NA,NA,0.0,0,-26.82,-20.27,[],0,0,[],[]
31844570,31845710,MAL,MAN,4.84,866,XIOCA,RC,0,NT,FH,0.0,0,-28.65,-23.16,[],0,0,[],[]
31845710,31847090,FEM,FAN,3.82,866,XIOCA,RC,0,NT,FI,0.0,0,-28.47,-20.17,[],0,0,[],[]
31847090,31849130,NA,OLN,0.0,866,XIOCA,NA,NA,NA,NA,0.0,0,-17.94,-4.02,[],0,0,[],[]
31849130,31850380,FEM,FAN,2.88,866,XIOCA,RC,0,NT,FH,0.0,0,-33.11,-21.75,[],0,0,[],[]
31850380,31851870,MAL,MAN,5.25,866,XIOCA,RC,0,NT,FI,0.0,0,-33.04,-26.87,[],0,0,[],[]
31851870,31853600,FEM,FAN,9.41,866,XIOCA,RC,0,NT,FI,0.0,0,-28.9,-18.4,[],0,0,[],[]
31853600,31854610,NA,OLN,0.0,866,XIOCA,NA,NA,NA,NA,0.0,0,-18.03,-10.44,[],0,0,[],[]
31854610,31856260,MAL,MAN,7.63,866,XIOCA,RC,0,NT,FI,0.0,0,-26.67,-15.21,[],0,0,[],[]
31856260,31857350,OCH,CXN,0.0,866,XIOCA,RC,0,NT,FI,0.0,0,-15.04,-8.74,[],0,0,[],[]
31857350,31858440,OCH,CXN,0.0,866,XIOCA,RC,0,NT,FH,0.0,0,-19.71,-10.43,[],0,0,[],[]
31858440,31860040,NA,OLN,0.0,866,XIOCA,NA,NA,NA,NA,0.0,0,-20.15,-10.31,[],0,0,[],[]
31860040,31861190,MAL,MAN,10.14,866,XIOCA,RC,0,NT,FI,0.0,0,-18.59,-11.97,[],0,0,[],[]
31861190,31862950,NA,OLN,0.0,866,XIOCA,NA,NA,NA,NA,0.0,0,-24.08,-15.36,[],0,0,[],[]
31862950,31864480,FEM,FAN,7.64,866,XIOCA,RC,0,NT,FI,0.0,0,-25.42,-17.43,[],0,0,[],[]
31864480,31865280,MAL,MAN,0.0,866,XIOCA,NA,NA,NA,NA,0.0,0,-31.65,-22.38,[],800,0,[],[]
31865280,31867010,FEM,FAN,6.23,866,XIOCA,RC,0,NT,FH,0.0,0,-25.92,-19.42,[],0,0,[],[]
31867010,31867820,NA,OLN,0.0,866,XIOCA,NA,NA,NA,NA,0.0,0,-22.84,-14.52,[],0,0,[],[]
31867820,31868820,MAL,MAN,8.25,866,XIOCA,RC,0,NT,FI,0.0,0,-23.32,-15.63,[],0,0,[],[]
31868820,31870390,NA,OLN,0.0,866,XIOCA,NA,NA,NA,NA,0.0,0,-24.91,-16.7,[],0,0,[],[]
31870390,31871480,FEM,FAN,2.27,866,XIOCA,RC,0,NT,FI,0.0,0,-26.6,-20.56,[],0,0,[],[]
31871480,31873990,NA,OLN,0.0,866,XIOCA,NA,NA,NA,NA,0.0,0,-26.14,-15.96,[],0,0,[],[]
31873990,31876300,MAL,MAN,10.2,866,XIOCA,RC,0,NT,FI,0.0,0,-26.21,-17.88,[],0,0,[],[]
31876300,31877350,NA,OLN,0.0,866,XIOCA,NA,NA,NA,NA,0.0,0,-31.09,-21.1,[],0,0,[],[]
31877350,31879040,FEM,FAN,5.72,866,XIOCA,RC,0,NT,FI,0.0,0,-16.42,-2.99,[],0,0,[],[]
31879040,31880040,MAL,MAN,2.11,866,XIOCA,RC,0,NT,FI,0.0,0,-21.26,-5.34,[],0,0,[],[]
31880040,31882000,NA,OLN,0.0,866,XIOCA,NA,NA,NA,NA,0.0,0,-29.11,-22.04,[],0,0,[],[]
31882000,31883080,MAL,MAN,3.1,866,XIOCA,RC,0,NT,FH,0.0,0,-27.92,-21.97,[],0,0,[],[]
31883080,31884180,NA,OLN,0.0,866,XIOCA,NA,NA,NA,NA,0.0,0,-25.66,-14.39,[],0,0,[],[]
31884180,31885180,MAL,MAN,6.1,866,XIOCA,RC,0,NT,FH,0.0,0,-27.54,-19.95,[],0,0,[],[]
31885180,31886090,NA,MAF,0.0,866,XIOCA,NA,NA,NA,NA,0.0,0,-43.93,-36.54,[],0,0,[],[]
31886090,31887530,FEM,FAN,4.84,866,XIOCA,RC,0,NT,FI,0.0,0,-23.24,-13.9,[],0,0,[],[]
31887530,31888370,NA,OLN,0.0,866,XIOCA,NA,NA,NA,NA,0.0,0,-24.84,-19.74,[],0,0,[],[]
31888370,31891160,FEM,FAN,12.4,866,XIOCA,RC,0,NT,FH,0.0,0,-26.93,-20.07,[],0,0,[],[]
31891160,31892690,NA,OLN,0.0,866,XIOCA,NA,NA,NA,NA,0.0,0,-27.44,-19.57,[],0,0,[],[]
31892690,31894660,FEM,FAN,7.94,866,XIOCA,RC,0,NT,FH,0.0,0,-26.9,-20.29,[],0,0,[],[]
31894660,31896720,NA,OLN,0.0,866,XIOCA,NA,NA,NA,NA,0.0,0,-26.91,-18.07,[],0,0,[],[]
31896720,31898070,MAL,MAN,8.31,866,XIOCA,RC,0,NT,FI,0.0,0,-21.79,-15.83,[],0,0,[],[]
31898070,31898890,NA,OLN,0.0,866,XIOCA,NA,NA,NA,NA,0.0,0,-18.84,-13.38,[],0,0,[],[]
31898890,31899890,OCH,CXN,0.0,866,XIOCA,RC,0,NT,FI,0.0,0,-25.17,-15.65,[],0,0,[],[]
31899890,31900690,NA,OLN,0.0,866,XIOCA,NA,NA,NA,NA,0.0,0,-16.93,-11.4,[],0,0,[],[]
31900690,31901750,FEM,FAN,8.92,866,XIOCA,RC,0,NT,FI,0.0,0,-25.25,-15.64,[],0,0,[],[]
31901750,31902550,NA,OLN,0.0,866,XIOCA,NA,NA,NA,NA,0.0,0,-30.17,-21.25,[],0,0,[],[]
31902550,31904110,FEM,FAN,4.69,866,XIOCA,RC,0,NT,FH,0.0,0,-30.28,-20.79,[],0,0,[],[]
31904110,31907470,NA,OLN,0.0,866,XIOCA,NA,NA,NA,NA,0.0,0,-24.37,-7.38,[],0,0,[],[]
31907470,31908610,FEM,FAN,6.11,866,XIOCA,RC,0,NT,FH,0.0,0,-28.07,-21.55,[],0,0,[],[]
31908610,31909840,NA,OLN,0.0,866,XIOCA,NA,NA,NA,NA,0.0,0,-28.5,-20.04,[],0,0,[],[]
31909840,31910850,FEM,FAN,6.16,866,XIOCA,RC,0,NT,FH,0.0,0,-29.37,-21.47,[],0,0,[],[]
31910850,31912120,NA,OLF,0.0,866,XIOCA,NA,NA,NA,NA,0.0,0,-37.43,-27.54,[],0,0,[],[]
31912120,31913120,FEM,FAN,3.08,866,XIOCA,RC,0,NT,FH,0.0,0,-26.57,-18.03,[],0,0,[],[]
31913120,31914230,NA,OLN,0.0,866,XIOCA,NA,NA,NA,NA,0.0,0,-31.22,-22.98,[],0,0,[],[]
31914230,31915820,MAL,MAN,7.92,866,XIOCA,RC,0,NT,FI,0.0,0,-30.11,-22.47,[],0,0,[],[]
31915820,31916850,NA,CXF,0.0,866,XIOCA,NA,NA,NA,NA,0.0,0,-37.11,-27.73,[],0,0,[],[]
31916850,31918670,FEM,FAN,5.73,866,XIOCA,RC,0,NT,FI,0.0,0,-29.13,-22.89,[],0,0,[],[]
31918670,31920840,MAL,MAN,6.63,866,XIOCA,RC,0,NT,FI,0.0,0,-28.55,-18.53,[],0,0,[],[]
31920840,31921710,NA,OLN,0.0,866,XIOCA,NA,NA,NA,NA,0.0,0,-26.89,-18.61,[],0,0,[],[]
31921710,31925090,MAL,MAN,11.94,866,XIOCA,RC,0,NT,FH,0.0,0,-29.61,-20.03,[],0,0,[],[]
31925090,31925890,NA,OLN,0.0,866,XIOCA,NA,NA,NA,NA,0.0,0,-29.13,-23.04,[],0,0,[],[]
31925890,31926890,FEM,FAN,3.17,866,XIOCA,RC,0,NT,FI,0.0,0,-31.61,-25.16,[],0,0,[],[]
31926890,31928120,MAL,MAN,7.42,866,XIOCA,RC,0,NT,FI,0.0,0,-30.19,-18.76,[],0,0,[],[]
31928120,31930630,NA,OLN,0.0,866,XIOCA,NA,NA,NA,NA,0.0,0,-22.9,-12.82,[],0,0,[],[]
31930630,31931700,MAL,MAN,6.0,866,XIOCA,RC,0,NT,FH,0.0,0,-28.87,-23.44,[],0,0,[],[]
31931700,31932670,NA,OLN,0.0,866,XIOCA,NA,NA,NA,NA,0.0,0,-21.18,-13.58,[],0,0,[],[]
31932670,31934000,FEM,FAN,6.23,866,XIOCA,RC,0,NT,FI,0.0,0,-21.59,-5.73,[],0,0,[],[]
31934000,31936750,NA,OLN,0.0,866,XIOCA,NA,NA,NA,NA,0.0,0,-18.39,-2.93,[],0,0,[],[]
31936750,31937750,FEM,FAN,5.29,866,XIOCA,RC,0,NT,FH,0.0,0,-20.53,-9.21,[],0,0,[],[]
31937750,31939100,NA,OLN,0.0,866,XIOCA,NA,NA,NA,NA,0.0,0,-21.16,-11.7,[],0,0,[],[]
31939100,31940200,FEM,FAN,7.52,866,XIOCA,RC,0,NT,FH,0.0,0,-17.54,-2.98,[],0,0,[],[]
31940200,31942210,NA,OLN,0.0,866,XIOCA,NA,NA,NA,NA,0.0,0,-20.99,-11.0,[],0,0,[],[]
31942210,31943570,FEM,FAN,14.8,866,XIOCA,RC,0,NT,FH,0.0,0,-22.03,-10.82,[],0,0,[],[]
31943570,31944570,NA,OLN,0.0,866,XIOCA,NA,NA,NA,NA,0.0,0,-20.28,-10.5,[],0,0,[],[]
31944570,31946000,MAL,MAN,8.09,866,XIOCA,RC,0,NT,FI,0.0,0,-25.93,-19.32,[],0,0,[],[]
31946000,31946840,OCH,CXN,0.0,866,XIOCA,RC,0,NT,FI,0.0,0,-30.61,-24.61,[],0,0,[],[]
31946840,31948150,NA,OLN,0.0,866,XIOCA,NA,NA,NA,NA,0.0,0,-18.86,-11.86,[],0,0,[],[]
31948150,31949920,MAL,MAN,9.74,866,XIOCA,RC,0,NT,FI,0.0,0,-26.02,-17.75,[],0,0,[],[]
31949920,31951210,NA,OLN,0.0,866,XIOCA,NA,NA,NA,NA,0.0,0,-25.1,-12.05,[],0,0,[],[]
31951210,31952370,FEM,FAN,4.65,866,XIOCA,EC,0,NT,FI,0.0,0,-22.18,-12.87,[],0,0,[],[]
31952370,31953210,NA,OLN,0.0,867,pause,NA,NA,NA,NA,0.0,0,-22.4,-16.8,[],0,0,[],[]
31953210,31954440,NA,MAF,0.0,867,pause,NA,NA,NA,NA,0.0,0,-37.14,-28.17,[],0,0,[],[]
31954440,31957810,NA,OLN,0.0,867,pause,NA,NA,NA,NA,0.0,0,-24.7,-11.71,[],0,0,[],[]
31957810,31959590,FEM,FAN,8.42,867,AIOCF,BC,0,NT,FI,0.0,0,-26.96,-17.97,[],0,0,[],[]
31959590,31960530,NA,OLN,0.0,867,AIOCF,NA,NA,NA,NA,0.0,0,-22.6,-14.64,[],0,0,[],[]
31960530,31961530,FEM,FAN,5.39,867,AIOCF,RC,0,NT,FH,0.0,0,-24.11,-16.03,[],0,0,[],[]
31961530,31962940,MAL,MAN,7.17,867,AIOCF,RC,0,NT,FI,0.0,0,-24.55,-18.61,[],0,0,[],[]
31962940,31964010,NA,OLN,0.0,867,AIOCF,NA,NA,NA,NA,0.0,0,-16.78,-11.2,[],0,0,[],[]
31964010,31965020,MAL,MAN,5.62,867,AIOCF,RC,0,NT,FH,0.0,0,-29.48,-22.33,[],0,0,[],[]
31965020,31968730,NA,OLN,0.0,867,AIOCF,NA,NA,NA,NA,0.0,0,-21.78,-9.21,[],0,0,[],[]
31968730,31969660,OCH,CXN,0.0,867,AIOCF,RC,0,NT,FI,0.0,0,-33.71,-24.62,[],0,0,[],[]
31969660,31970970,FEM,FAN,1.93,867,AIOCF,RC,0,NT,FI,0.0,0,-28.66,-20.51,[],0,0,[],[]
31970970,31971970,MAL,MAN,5.44,867,AIOCF,RC,0,NT,FI,0.0,0,-26.7,-17.98,[],0,0,[],[]
31971970,31973120,NA,OLN,0.0,867,AIOCF,NA,NA,NA,NA,0.0,0,-21.79,-13.15,[],0,0,[],[]
31973120,31973920,OCH,CXN,0.0,867,AIOCF,RC,0,NT,FI,0.0,0,-29.63,-23.63,[],0,0,[],[]
31973920,31976320,MAL,MAN,10.6,867,AIOCF,RC,0,NT,FI,0.0,0,-22.7,-12.49,[],0,0,[],[]
31976320,31979770,NA,OLN,0.0,867,AIOCF,NA,NA,NA,NA,0.0,0,-21.78,-13.27,[],0,0,[],[]
31979770,31982040,MAL,MAN,9.99,867,AIOCF,RC,0,NT,FH,0.0,0,-27.1,-19.4,[],0,0,[],[]
31982040,31982840,NA,OLN,0.0,867,AIOCF,NA,NA,NA,NA,0.0,0,-25.82,-15.77,[],0,0,[],[]
31982840,31983850,OCH,CXN,0.0,867,AIOCF,RC,0,NT,FI,0.0,0,-20.55,-12.23,[],0,0,[],[]
31983850,31987430,NA,OLN,0.0,867,AIOCF,NA,NA,NA,NA,0.0,0,-21.99,-13.34,[],0,0,[],[]
31987430,31988030,OCH,CXN,0.0,867,AIOCF,EC,0,NT,FH,0.0,0,-14.79,-8.24,[],0,0,[],[]
31988030,31989250,NA,OLN,0.0,868,pause,NA,NA,NA,NA,0.0,0,-23.96,-18.13,[],0,0,[],[]
31989250,31990250,FEM,FAN,0.0,868,pause,NA,NA,NA,NA,0.0,0,-23.67,-17.34,[],1000,0,[],[]
31990250,31994520,NA,OLN,0.0,868,pause,NA,NA,NA,NA,0.0,0,-21.32,-11.78,[],0,0,[],[]
31994520,31995130,CHI,CHN,0.0,868,pause,NA,NA,NA,NA,0.0,0,-13.45,-7.77,[],0,610,"[{'start': 31994.52, 'end': 31995.13}]",[]
31995130,31995930,CHI,CHN,0.0,868,pause,NA,NA,NA,NA,0.0,0,-15.02,-11.54,[],0,800,"[{'start': 31995.13, 'end': 31995.93}]",[]
31995930,31996930,OCH,CXN,0.0,868,XIOCA,BC,0,NT,FI,0.0,0,-17.72,-11.86,[],0,0,[],[]
31996930,31998750,NA,OLN,0.0,868,XIOCA,NA,NA,NA,NA,0.0,0,-21.45,-14.26,[],0,0,[],[]
31998750,31999750,FEM,FAN,0.32,868,XIOCA,RC,0,NT,FI,0.0,0,-22.54,-14.98,[],0,0,[],[]
31999750,32001110,MAL,MAN,5.7,868,XIOCA,RC,0,NT,FI,0.0,0,-22.74,-16.4,[],0,0,[],[]
32001110,32002130,NA,OLN,0.0,868,XIOCA,NA,NA,NA,NA,0.0,0,-22.02,-15.47,[],0,0,[],[]
32002130,32003130,MAL,MAN,3.41,868,XIOCA,RC,0,NT,FH,0.0,0,-26.55,-20.1,[],0,0,[],[]
32003130,32005400,NA,OLN,0.0,868,XIOCA,NA,NA,NA,NA,0.0,0,-13.51,-3.65,[],0,0,[],[]
32005400,32006400,OCH,CXN,0.0,868,XIOCA,RC,0,NT,FI,0.0,0,-15.78,-7.44,[],0,0,[],[]
32006400,32009470,NA,OLN,0.0,868,XIOCA,NA,NA,NA,NA,0.0,0,-17.01,-5.36,[],0,0,[],[]
32009470,32010470,FEM,FAN,2.89,868,XIOCA,RC,0,NT,FI,0.0,0,-19.99,-12.84,[],0,0,[],[]
32010470,32011390,NA,OLN,0.0,868,XIOCA,NA,NA,NA,NA,0.0,0,-18.07,-10.41,[],0,0,[],[]
32011390,32014400,MAL,MAN,12.91,868,XIOCA,RC,0,NT,FI,0.0,0,-27.01,-16.5,[],0,0,[],[]
32014400,32016820,NA,OLN,0.0,868,XIOCA,NA,NA,NA,NA,0.0,0,-28.03,-17.06,[],0,0,[],[]
32016820,32017840,FEM,FAN,1.74,868,XIOCA,RC,0,NT,FI,0.0,0,-24.92,-18.3,[],0,0,[],[]
32017840,32019760,NA,OLN,0.0,868,XIOCA,NA,NA,NA,NA,0.0,0,-23.65,-15.0,[],0,0,[],[]
32019760,32021080,MAL,MAN,8.28,868,XIOCA,RC,0,NT,FI,0.0,0,-24.11,-16.54,[],0,0,[],[]
32021080,32024490,NA,OLN,0.0,868,XIOCA,NA,NA,NA,NA,0.0,0,-21.44,-11.87,[],0,0,[],[]
32024490,32025820,MAL,MAN,6.62,868,XIOCA,RC,0,NT,FH,0.0,0,-27.19,-19.63,[],0,0,[],[]
32025820,32026820,FEM,FAN,5.88,868,XIOCA,EC,0,NT,FI,0.0,0,-31.2,-20.86,[],0,0,[],[]
32026820,32040390,NA,OLN,0.0,869,pause,NA,NA,NA,NA,0.0,0,-19.84,-4.68,[],0,0,[],[]
32040390,32041390,MAL,MAN,0.0,869,pause,NA,NA,NA,NA,0.0,0,-29.06,-20.32,[],1000,0,[],[]
32041390,32043250,NA,OLN,0.0,869,pause,NA,NA,NA,NA,0.0,0,-21.52,-8.76,[],0,0,[],[]
32043250,32044260,FEM,FAN,4.18,869,AICF,BC,0,NT,FI,0.0,0,-25.16,-18.18,[],0,0,[],[]
32044260,32045810,NA,OLN,0.0,869,AICF,NA,NA,NA,NA,0.0,0,-22.75,-16.49,[],0,0,[],[]
32045810,32046810,FEM,FAN,3.77,869,AICF,RC,0,NT,FH,0.0,0,-19.77,-11.89,[],0,0,[],[]
32046810,32047780,NA,OLN,0.0,869,AICF,NA,NA,NA,NA,0.0,0,-23.73,-18.32,[],0,0,[],[]
32047780,32048780,FEM,FAN,3.75,869,AICF,RC,0,NT,FH,0.0,0,-24.63,-17.64,[],0,0,[],[]
32048780,32051230,NA,OLN,0.0,869,AICF,NA,NA,NA,NA,0.0,0,-21.09,-15.25,[],0,0,[],[]
32051230,32052230,FEM,FAN,4.39,869,AICF,RC,0,NT,FH,0.0,0,-26.66,-19.78,[],0,0,[],[]
32052230,32053030,NA,OLN,0.0,869,AICF,NA,NA,NA,NA,0.0,0,-22.02,-17.11,[],0,0,[],[]
32053030,32054170,FEM,FAN,6.13,869,AICF,RC,0,NT,FH,0.0,0,-28.54,-19.48,[],0,0,[],[]
32054170,32055010,NA,OLN,0.0,869,AICF,NA,NA,NA,NA,0.0,0,-24.49,-18.7,[],0,0,[],[]
32055010,32056020,FEM,FAN,5.84,869,AICF,RC,0,NT,FH,0.0,0,-23.15,-15.47,[],0,0,[],[]
32056020,32056820,NA,OLN,0.0,869,AICF,NA,NA,NA,NA,0.0,0,-21.77,-14.71,[],0,0,[],[]
32056820,32057820,FEM,FAN,1.57,869,AICF,RC,0,NT,FH,0.0,0,-22.25,-15.89,[],0,0,[],[]
32057820,32060820,NA,OLN,0.0,869,AICF,NA,NA,NA,NA,0.0,0,-20.32,-12.52,[],0,0,[],[]
32060820,32061620,OCH,CXN,0.0,869,AICF,RC,0,NT,FI,0.0,0,-35.81,-27.98,[],0,0,[],[]
32061620,32062950,NA,OLN,0.0,869,AICF,NA,NA,NA,NA,0.0,0,-20.38,-11.7,[],0,0,[],[]
32062950,32063970,MAL,MAN,8.93,869,AICF,RC,0,NT,FI,0.0,0,-25.08,-17.02,[],0,0,[],[]
32063970,32065610,NA,OLN,0.0,869,AICF,NA,NA,NA,NA,0.0,0,-19.43,-12.0,[],0,0,[],[]
32065610,32066610,FEM,FAN,3.38,869,AICF,RC,0,NT,FI,0.0,0,-22.85,-16.96,[],0,0,[],[]
32066610,32067510,NA,OLN,0.0,869,AICF,NA,NA,NA,NA,0.0,0,-25.86,-21.14,[],0,0,[],[]
32067510,32068670,FEM,FAN,6.03,869,AICF,RC,0,NT,FH,0.0,0,-27.11,-19.99,[],0,0,[],[]
32068670,32070220,NA,OLN,0.0,869,AICF,NA,NA,NA,NA,0.0,0,-23.89,-17.54,[],0,0,[],[]
32070220,32071230,OCH,CXN,0.0,869,AICF,RC,0,NT,FI,0.0,0,-16.61,-10.35,[],0,0,[],[]
32071230,32071830,CHI,CHN,0.0,869,AICF,NA,NA,NA,NA,0.0,0,-16.98,-13.34,[],0,600,"[{'start': 32071.23, 'end': 32071.83}]",[]
32071830,32072880,FEM,FAN,4.33,869,AICF,RC,0,NT,FI,0.0,0,-25.48,-18.36,[],0,0,[],[]
32072880,32073790,NA,OLN,0.0,869,AICF,NA,NA,NA,NA,0.0,0,-22.52,-17.15,[],0,0,[],[]
32073790,32075050,FEM,FAN,5.47,869,AICF,RC,0,NT,FH,0.0,0,-27.0,-19.09,[],0,0,[],[]
32075050,32076120,NA,OLN,0.0,869,AICF,NA,NA,NA,NA,0.0,0,-15.91,-9.68,[],0,0,[],[]
32076120,32077030,CHI,CHN,0.0,869,AICF,NA,NA,NA,NA,0.0,0,-12.62,-10.53,[],0,910,"[{'start': 32076.12, 'end': 32077.03}]",[]
32077030,32077910,OCH,CXN,0.0,869,AICF,RC,0,NT,FI,0.0,0,-18.5,-13.13,[],0,0,[],[]
32077910,32078770,NA,OLN,0.0,869,AICF,NA,NA,NA,NA,0.0,0,-20.78,-11.91,[],0,0,[],[]
32078770,32080160,FEM,FAN,8.12,869,AICF,RC,0,NT,FI,0.0,0,-24.49,-17.46,[],0,0,[],[]
32080160,32081170,MAL,MAN,5.75,869,AICF,RC,0,NT,FI,0.0,0,-28.98,-17.64,[],0,0,[],[]
32081170,32082710,NA,OLN,0.0,869,AICF,NA,NA,NA,NA,0.0,0,-20.96,-14.05,[],0,0,[],[]
32082710,32083730,CHI,CHN,0.0,869,AICF,NA,NA,NA,NA,0.0,0,-15.09,-3.52,[],0,1020,"[{'start': 32082.71, 'end': 32083.58}]","[{'start': 32083.58, 'end': 32083.73}]"
32083730,32084730,FEM,FAN,6.42,869,AICF,RC,0,NT,FI,0.0,0,-20.37,-11.11,[],0,0,[],[]
32084730,32085740,MAL,MAN,5.23,869,AICF,RC,0,NT,FI,0.0,0,-23.97,-15.96,[],0,0,[],[]
32085740,32086740,FEM,FAN,6.88,869,AICF,RC,0,NT,FI,0.0,0,-21.01,-11.11,[],0,0,[],[]
32086740,32089390,NA,OLN,0.0,869,AICF,NA,NA,NA,NA,0.0,0,-22.56,-9.02,[],0,0,[],[]
32089390,32090300,OCH,CXN,0.0,869,AICF,RC,0,NT,FI,0.0,0,-23.15,-15.49,[],0,0,[],[]
32090300,32091100,NA,NOF,0.0,869,AICF,NA,NA,NA,NA,0.0,0,-47.15,-40.61,[],0,0,[],[]
32091100,32093590,FEM,FAN,11.35,869,AICF,RC,0,TIFI,FI,0.0,0,-25.21,-14.38,[],0,0,[],[]
32093590,32094390,NA,OLN,0.0,869,AICF,NA,NA,NA,NA,0.0,0,-22.22,-15.54,[],0,0,[],[]
32094390,32094990,CHI,CHN,0.0,869,AICF,RC,1,TIFR,FI,1.0,460,-18.6,-8.2,"[{'Canonical-syllable': '0', 'Growl': '0', 'High-freq-energy': '0', 'Long-island': '0', 'Low-tilt-spectrum': '0', 'Medium-island': '1', 'Short-island': '0', 'Squeal': '0', 'Typical-entropy': '1', 'Voicing-quality': '1', 'Wide-band': '0', 'Xlong-island': '0', 'seq': '1', 'end': 32094.85, 'start': 32094.39}]",0,0,[],[]
32094990,32097440,NA,OLN,0.0,869,AICF,NA,NA,NA,NA,0.0,0,-21.12,-8.32,[],0,0,[],[]
32097440,32098440,FEM,FAN,4.91,869,AICF,RC,1,TIFE,FI,0.0,0,-28.39,-12.03,[],0,0,[],[]
32098440,32099470,MAL,MAN,5.01,869,AICF,RC,1,NT,FI,0.0,0,-28.71,-19.4,[],0,0,[],[]
32099470,32101300,NA,OLN,0.0,869,AICF,NA,NA,NA,NA,0.0,0,-22.32,-7.11,[],0,0,[],[]
32101300,32102620,FEM,FAN,6.35,869,AICF,RC,1,NT,FI,0.0,0,-22.21,-9.72,[],0,0,[],[]
32102620,32103420,NA,OLN,0.0,869,AICF,NA,NA,NA,NA,0.0,0,-17.74,-9.29,[],0,0,[],[]
32103420,32105080,FEM,FAN,7.7,869,AICF,RC,1,NT,FH,0.0,0,-30.56,-19.28,[],0,0,[],[]
32105080,32106100,MAL,MAN,0.37,869,AICF,RC,1,NT,FI,0.0,0,-27.32,-20.16,[],0,0,[],[]
32106100,32106930,NA,OLN,0.0,869,AICF,NA,NA,NA,NA,0.0,0,-26.5,-17.64,[],0,0,[],[]
32106930,32107960,MAL,MAN,1.22,869,AICF,RC,1,NT,FH,0.0,0,-29.54,-21.7,[],0,0,[],[]
32107960,32109600,NA,OLN,0.0,869,AICF,NA,NA,NA,NA,0.0,0,-22.58,-5.68,[],0,0,[],[]
32109600,32110400,NA,OLF,0.0,869,AICF,NA,NA,NA,NA,0.0,0,-41.63,-32.26,[],0,0,[],[]
32110400,32111970,MAL,MAN,5.62,869,AICF,RC,1,NT,FH,0.0,0,-31.66,-22.1,[],0,0,[],[]
32111970,32112860,NA,OLN,0.0,869,AICF,NA,NA,NA,NA,0.0,0,-21.48,-11.86,[],0,0,[],[]
32112860,32113860,FEM,FAN,4.86,869,AICF,RC,1,NT,FI,0.0,0,-21.93,-13.9,[],0,0,[],[]
32113860,32114880,NA,OLN,0.0,869,AICF,NA,NA,NA,NA,0.0,0,-31.75,-22.66,[],0,0,[],[]
32114880,32115680,NA,OLF,0.0,869,AICF,NA,NA,NA,NA,0.0,0,-28.28,-17.87,[],0,0,[],[]
32115680,32118250,NA,OLN,0.0,869,AICF,NA,NA,NA,NA,0.0,0,-20.04,-10.38,[],0,0,[],[]
32118250,32119290,MAL,MAN,3.5,869,AICF,RC,1,NT,FI,0.0,0,-24.42,-17.14,[],0,0,[],[]
32119290,32120620,NA,OLN,0.0,869,AICF,NA,NA,NA,NA,0.0,0,-26.08,-13.7,[],0,0,[],[]
32120620,32121620,MAL,MAN,5.69,869,AICF,RC,1,NT,FH,0.0,0,-26.61,-21.42,[],0,0,[],[]
32121620,32122610,NA,OLN,0.0,869,AICF,NA,NA,NA,NA,0.0,0,-24.62,-16.57,[],0,0,[],[]
32122610,32123660,FEM,FAN,6.33,869,AICF,RC,1,NT,FI,0.0,0,-19.83,-9.47,[],0,0,[],[]
32123660,32125550,NA,OLN,0.0,869,AICF,NA,NA,NA,NA,0.0,0,-20.15,-6.86,[],0,0,[],[]
32125550,32128130,MAL,MAN,11.96,869,AICF,RC,1,NT,FI,0.0,0,-24.02,-4.32,[],0,0,[],[]
32128130,32129650,FEM,FAN,5.23,869,AICF,RC,1,NT,FI,0.0,0,-22.46,-14.42,[],0,0,[],[]
32129650,32132460,NA,OLN,0.0,869,AICF,NA,NA,NA,NA,0.0,0,-24.32,-11.9,[],0,0,[],[]
32132460,32133460,FEM,FAN,9.2,869,AICF,RC,1,NT,FH,0.0,0,-28.66,-20.68,[],0,0,[],[]
32133460,32134760,MAL,MAN,4.57,869,AICF,RC,1,NT,FI,0.0,0,-27.06,-21.29,[],0,0,[],[]
32134760,32136580,NA,OLN,0.0,869,AICF,NA,NA,NA,NA,0.0,0,-24.22,-9.59,[],0,0,[],[]
32136580,32137590,MAL,MAN,5.39,869,AICF,RC,1,NT,FH,0.0,0,-26.63,-18.82,[],0,0,[],[]
32137590,32138850,OCH,CXN,0.0,869,AICF,RC,1,NT,FI,0.0,0,-27.95,-18.06,[],0,0,[],[]
32138850,32140560,NA,OLN,0.0,869,AICF,NA,NA,NA,NA,0.0,0,-24.77,-16.6,[],0,0,[],[]
32140560,32141560,MAL,MAN,3.96,869,AICF,RC,1,NT,FI,0.0,0,-27.56,-18.8,[],0,0,[],[]
32141560,32142370,NA,OLN,0.0,869,AICF,NA,NA,NA,NA,0.0,0,-21.83,-13.66,[],0,0,[],[]
32142370,32143370,FEM,FAN,3.96,869,AICF,RC,1,NT,FI,0.0,0,-28.61,-21.46,[],0,0,[],[]
32143370,32144390,NA,OLN,0.0,869,AICF,NA,NA,NA,NA,0.0,0,-24.34,-15.45,[],0,0,[],[]
32144390,32146620,FEM,FAN,10.23,869,AICF,RC,1,NT,FH,0.0,0,-28.93,-19.93,[],0,0,[],[]
32146620,32149760,NA,OLN,0.0,869,AICF,NA,NA,NA,NA,0.0,0,-28.38,-21.12,[],0,0,[],[]
32149760,32150760,FEM,FAN,4.74,869,AICF,RC,1,NT,FH,0.0,0,-18.73,-11.54,[],0,0,[],[]
32150760,32154280,NA,OLN,0.0,869,AICF,NA,NA,NA,NA,0.0,0,-22.39,-14.88,[],0,0,[],[]
32154280,32155760,FEM,FAN,9.35,869,AICF,RC,1,NT,FH,0.0,0,-25.42,-12.71,[],0,0,[],[]
32155760,32156560,NA,OLN,0.0,869,AICF,NA,NA,NA,NA,0.0,0,-26.85,-20.92,[],0,0,[],[]
32156560,32158330,FEM,FAN,8.38,869,AICF,RC,1,NT,FH,0.0,0,-29.99,-21.1,[],0,0,[],[]
32158330,32159380,NA,OLN,0.0,869,AICF,NA,NA,NA,NA,0.0,0,-26.76,-17.7,[],0,0,[],[]
32159380,32160550,MAL,MAN,1.16,869,AICF,RC,1,NT,FI,0.0,0,-24.85,-20.0,[],0,0,[],[]
32160550,32161850,NA,OLN,0.0,869,AICF,NA,NA,NA,NA,0.0,0,-25.32,-18.68,[],0,0,[],[]
32161850,32162880,MAL,MAN,6.04,869,AICF,RC,1,NT,FH,0.0,0,-24.46,-16.47,[],0,0,[],[]
32162880,32164410,NA,OLN,0.0,869,AICF,NA,NA,NA,NA,0.0,0,-20.24,-13.05,[],0,0,[],[]
32164410,32165800,MAL,MAN,8.06,869,AICF,RC,1,NT,FH,0.0,0,-23.9,-14.75,[],0,0,[],[]
32165800,32166600,NA,OLN,0.0,869,AICF,NA,NA,NA,NA,0.0,0,-30.17,-23.11,[],0,0,[],[]
32166600,32167600,NA,MAF,0.0,869,AICF,NA,NA,NA,NA,0.0,0,-34.98,-29.24,[],0,0,[],[]
32167600,32169360,NA,OLN,0.0,869,AICF,NA,NA,NA,NA,0.0,0,-27.84,-16.75,[],0,0,[],[]
32169360,32170760,FEM,FAN,5.37,869,AICF,RC,1,NT,FI,0.0,0,-27.48,-15.37,[],0,0,[],[]
32170760,32172280,NA,OLN,0.0,869,AICF,NA,NA,NA,NA,0.0,0,-24.11,-17.23,[],0,0,[],[]
32172280,32173290,MAL,MAN,4.31,869,AICF,RC,1,NT,FI,0.0,0,-36.95,-26.41,[],0,0,[],[]
32173290,32176200,NA,OLN,0.0,869,AICF,NA,NA,NA,NA,0.0,0,-25.32,-15.41,[],0,0,[],[]
32176200,32177230,MAL,MAN,7.61,869,AICF,RC,1,NT,FH,0.0,0,-27.31,-20.69,[],0,0,[],[]
32177230,32180840,NA,OLN,0.0,869,AICF,NA,NA,NA,NA,0.0,0,-24.87,-15.33,[],0,0,[],[]
32180840,32182410,FEM,FAN,8.95,869,AICF,RC,1,NT,FI,0.0,0,-29.24,-20.27,[],0,0,[],[]
32182410,32183410,MAL,MAN,4.74,869,AICF,RC,1,NT,FI,0.0,0,-23.17,-7.23,[],0,0,[],[]
32183410,32185810,NA,OLN,0.0,869,AICF,NA,NA,NA,NA,0.0,0,-28.94,-20.65,[],0,0,[],[]
32185810,32187670,FEM,FAN,7.47,869,AICF,EC,1,NT,FI,0.0,0,-28.73,-20.82,[],0,0,[],[]
32187670,32189570,NA,OLN,0.0,870,pause,NA,NA,NA,NA,0.0,0,-29.39,-17.22,[],0,0,[],[]
32189570,32191030,NA,NOF,0.0,870,pause,NA,NA,NA,NA,0.0,0,-42.6,-28.62,[],0,0,[],[]
32191030,32211400,NA,OLN,0.0,870,pause,NA,NA,NA,NA,0.0,0,-28.22,-4.18,[],0,0,[],[]
32211400,32212400,FEM,FAN,4.02,870,AMF,EC,0,NT,FI,0.0,0,-25.0,-16.8,[],0,0,[],[]
32212400,32220780,NA,OLF,0.0,871,pause,NA,NA,NA,NA,0.0,0,-34.41,-17.89,[],0,0,[],[]
32220780,32222370,NA,MAF,0.0,871,pause,NA,NA,NA,NA,0.0,0,-40.56,-33.57,[],0,0,[],[]
32222370,32223690,NA,OLF,0.0,871,pause,NA,NA,NA,NA,0.0,0,-39.01,-33.23,[],0,0,[],[]
32223690,32225990,NA,NOF,0.0,871,pause,NA,NA,NA,NA,0.0,0,-41.82,-31.39,[],0,0,[],[]
32225990,32228700,NA,OLF,0.0,871,pause,NA,NA,NA,NA,0.0,0,-38.44,-27.04,[],0,0,[],[]
32228700,32229930,NA,NOF,0.0,871,pause,NA,NA,NA,NA,0.0,0,-45.03,-41.86,[],0,0,[],[]
32229930,32241270,NA,OLN,0.0,871,pause,NA,NA,NA,NA,0.0,0,-24.05,-4.37,[],0,0,[],[]
32241270,32242270,FEM,FAN,5.72,871,AIOCF,BC,0,NT,FI,0.0,0,-32.62,-25.58,[],0,0,[],[]
32242270,32243070,NA,OLN,0.0,871,AIOCF,NA,NA,NA,NA,0.0,0,-33.36,-25.48,[],0,0,[],[]
32243070,32244070,OCH,CXN,0.0,871,AIOCF,RC,0,NT,FI,0.0,0,-28.5,-20.18,[],0,0,[],[]
32244070,32245030,NA,OLN,0.0,871,AIOCF,NA,NA,NA,NA,0.0,0,-25.62,-20.32,[],0,0,[],[]
32245030,32246440,FEM,FAN,8.23,871,AIOCF,RC,0,NT,FI,0.0,0,-28.68,-20.8,[],0,0,[],[]
32246440,32248370,NA,OLN,0.0,871,AIOCF,NA,NA,NA,NA,0.0,0,-15.69,-3.86,[],0,0,[],[]
32248370,32249170,NA,NOF,0.0,871,AIOCF,NA,NA,NA,NA,0.0,0,-37.62,-31.56,[],0,0,[],[]
32249170,32250630,NA,OLN,0.0,871,AIOCF,NA,NA,NA,NA,0.0,0,-25.59,-15.79,[],0,0,[],[]
32250630,32251670,FEM,FAN,4.97,871,AIOCF,RC,0,NT,FH,0.0,0,-33.66,-27.73,[],0,0,[],[]
32251670,32252960,MAL,MAN,7.43,871,AIOCF,EC,0,NT,FI,0.0,0,-27.96,-19.33,[],0,0,[],[]
32252960,32258000,NA,OLN,0.0,872,pause,NA,NA,NA,NA,0.0,0,-28.92,-16.35,[],0,0,[],[]
32258000,32261180,NA,OLF,0.0,872,pause,NA,NA,NA,NA,0.0,0,-36.49,-22.94,[],0,0,[],[]
32261180,32263380,NA,NOF,0.0,872,pause,NA,NA,NA,NA,0.0,0,-37.16,-23.78,[],0,0,[],[]
32263380,32265750,NA,OLF,0.0,872,pause,NA,NA,NA,NA,0.0,0,-37.61,-25.68,[],0,0,[],[]
32265750,32266600,NA,CXF,0.0,872,pause,NA,NA,NA,NA,0.0,0,-36.6,-27.95,[],0,0,[],[]
32266600,32267400,NA,OLF,0.0,872,pause,NA,NA,NA,NA,0.0,0,-37.73,-29.6,[],0,0,[],[]
32267400,32268200,OCH,CXN,0.0,872,XM,BC,0,NT,FI,0.0,0,-32.59,-25.96,[],0,0,[],[]
32268200,32269020,NA,OLF,0.0,872,XM,NA,NA,NA,NA,0.0,0,-42.03,-34.11,[],0,0,[],[]
32269020,32270120,OCH,CXN,0.0,872,XM,EC,0,NT,FH,0.0,0,-35.21,-27.38,[],0,0,[],[]
32270120,32272330,NA,OLN,0.0,873,pause,NA,NA,NA,NA,0.0,0,-38.22,-30.57,[],0,0,[],[]
32272330,32273290,NA,NOF,0.0,873,pause,NA,NA,NA,NA,0.0,0,-43.91,-39.51,[],0,0,[],[]
32273290,32279880,NA,OLN,0.0,873,pause,NA,NA,NA,NA,0.0,0,-27.72,-3.68,[],0,0,[],[]
32279880,32280700,NA,CXF,0.0,873,pause,NA,NA,NA,NA,0.0,0,-37.1,-32.11,[],0,0,[],[]
32280700,32293190,NA,OLF,0.0,873,pause,NA,NA,NA,NA,0.0,0,-31.9,-10.57,[],0,0,[],[]
32293190,32294090,NA,CXF,0.0,873,pause,NA,NA,NA,NA,0.0,0,-42.5,-37.78,[],0,0,[],[]
32294090,32295300,NA,OLF,0.0,873,pause,NA,NA,NA,NA,0.0,0,-44.38,-40.91,[],0,0,[],[]
32295300,32296100,NA,NOF,0.0,873,pause,NA,NA,NA,NA,0.0,0,-45.2,-40.06,[],0,0,[],[]
32296100,32299060,NA,OLF,0.0,873,pause,NA,NA,NA,NA,0.0,0,-37.09,-25.62,[],0,0,[],[]
32299060,32300930,NA,NOF,0.0,873,pause,NA,NA,NA,NA,0.0,0,-36.19,-22.23,[],0,0,[],[]
32300930,32302420,NA,OLF,0.0,873,pause,NA,NA,NA,NA,0.0,0,-25.91,-11.86,[],0,0,[],[]
32302420,32303360,NA,NOF,0.0,873,pause,NA,NA,NA,NA,0.0,0,-35.23,-27.0,[],0,0,[],[]
32303360,32308290,NA,OLN,0.0,873,pause,NA,NA,NA,NA,0.0,0,-24.26,-1.37,[],0,0,[],[]
32308290,32310060,NA,NOF,0.0,873,pause,NA,NA,NA,NA,0.0,0,-39.84,-32.93,[],0,0,[],[]
32310060,32316080,NA,OLN,0.0,873,pause,NA,NA,NA,NA,0.0,0,-33.65,-20.76,[],0,0,[],[]
32316080,32316880,OCH,CXN,0.0,873,XM,EC,0,NT,FI,0.0,0,-37.28,-29.9,[],0,0,[],[]
32316880,32319940,NA,OLN,0.0,874,pause,NA,NA,NA,NA,0.0,0,-35.55,-18.68,[],0,0,[],[]
32319940,32320740,NA,OLF,0.0,874,pause,NA,NA,NA,NA,0.0,0,-34.38,-26.37,[],0,0,[],[]
32320740,32333200,NA,OLN,0.0,874,pause,NA,NA,NA,NA,0.0,0,-30.26,-11.58,[],0,0,[],[]
32333200,32334000,NA,NON,0.0,874,pause,NA,NA,NA,NA,0.0,0,-37.17,-27.59,[],0,0,[],[]
32334000,32334810,NA,OLN,0.0,874,pause,NA,NA,NA,NA,0.0,0,-22.83,-14.07,[],0,0,[],[]
32334810,32335860,MAL,MAN,0.0,874,pause,NA,NA,NA,NA,0.0,0,-24.63,-15.77,[],1050,0,[],[]
32335860,32336710,NA,OLN,0.0,874,pause,NA,NA,NA,NA,0.0,0,-28.07,-19.19,[],0,0,[],[]
32336710,32337920,MAL,MAN,6.25,874,AMM,BC,0,NT,FI,0.0,0,-28.48,-17.97,[],0,0,[],[]
32337920,32339010,FEM,FAN,7.43,874,AMM,RC,0,NT,FI,0.0,0,-22.96,-14.63,[],0,0,[],[]
32339010,32340150,NA,OLN,0.0,874,AMM,NA,NA,NA,NA,0.0,0,-27.49,-20.32,[],0,0,[],[]
32340150,32341170,FEM,FAN,4.25,874,AMM,EC,0,NT,FH,0.0,0,-30.65,-22.9,[],0,0,[],[]
32341170,32342480,NA,OLN,0.0,875,pause,NA,NA,NA,NA,0.0,0,-35.93,-28.13,[],0,0,[],[]
32342480,32343530,NA,FAF,0.0,875,pause,NA,NA,NA,NA,0.0,0,-39.93,-33.12,[],0,0,[],[]
32343530,32345420,NA,OLN,0.0,875,pause,NA,NA,NA,NA,0.0,0,-37.05,-31.81,[],0,0,[],[]
32345420,32351490,NA,OLF,0.0,875,pause,NA,NA,NA,NA,0.0,0,-37.44,-26.26,[],0,0,[],[]
32351490,32352290,OCH,CXN,0.0,875,XIOCA,BC,0,NT,FI,0.0,0,-35.26,-28.83,[],0,0,[],[]
32352290,32353610,NA,OLN,0.0,875,XIOCA,NA,NA,NA,NA,0.0,0,-30.62,-20.82,[],0,0,[],[]
32353610,32354640,MAL,MAN,3.12,875,XIOCA,RC,0,NT,FI,0.0,0,-30.88,-23.9,[],0,0,[],[]
32354640,32355440,NA,OLN,0.0,875,XIOCA,NA,NA,NA,NA,0.0,0,-27.08,-19.28,[],0,0,[],[]
32355440,32356910,MAL,MAN,8.36,875,XIOCA,RC,0,NT,FH,0.0,0,-30.73,-20.94,[],0,0,[],[]
32356910,32359160,NA,OLN,0.0,875,XIOCA,NA,NA,NA,NA,0.0,0,-25.23,-17.57,[],0,0,[],[]
32359160,32360210,FEM,FAN,4.84,875,XIOCA,EC,0,NT,FI,0.0,0,-27.06,-19.23,[],0,0,[],[]
32360210,32363000,NA,OLN,0.0,876,pause,NA,NA,NA,NA,0.0,0,-25.44,-14.27,[],0,0,[],[]
32363000,32363800,NA,FAF,0.0,876,pause,NA,NA,NA,NA,0.0,0,-43.72,-34.57,[],0,0,[],[]
32363800,32367000,NA,OLN,0.0,876,pause,NA,NA,NA,NA,0.0,0,-22.3,-4.67,[],0,0,[],[]
32367000,32368710,MAL,MAN,6.69,876,AIOCM,BC,0,NT,FI,0.0,0,-27.67,-17.0,[],0,0,[],[]
32368710,32369590,NA,OLN,0.0,876,AIOCM,NA,NA,NA,NA,0.0,0,-28.8,-23.25,[],0,0,[],[]
32369590,32370590,MAL,MAN,0.65,876,AIOCM,RC,0,NT,FH,0.0,0,-32.12,-26.76,[],0,0,[],[]
32370590,32372840,NA,OLN,0.0,876,AIOCM,NA,NA,NA,NA,0.0,0,-20.2,-4.55,[],0,0,[],[]
32372840,32373850,OCH,CXN,0.0,876,AIOCM,EC,0,NT,FI,0.0,0,-14.81,-6.96,[],0,0,[],[]
32373850,32381270,NA,OLN,0.0,877,pause,NA,NA,NA,NA,0.0,0,-28.49,-15.67,[],0,0,[],[]
32381270,32382110,NA,NOF,0.0,877,pause,NA,NA,NA,NA,0.0,0,-33.3,-17.84,[],0,0,[],[]
32382110,32391730,NA,OLF,0.0,877,pause,NA,NA,NA,NA,0.0,0,-34.9,-17.88,[],0,0,[],[]
32391730,32392730,MAL,MAN,4.32,877,AIOCCXM,BC,0,NT,FI,0.0,0,-22.64,-5.81,[],0,0,[],[]
32392730,32393890,NA,OLN,0.0,877,AIOCCXM,NA,NA,NA,NA,0.0,0,-27.25,-17.12,[],0,0,[],[]
32393890,32394690,OCH,CXN,0.0,877,AIOCCXM,RC,0,NT,FI,0.0,0,-20.03,-13.05,[],0,0,[],[]
32394690,32395500,NA,OLN,0.0,877,AIOCCXM,NA,NA,NA,NA,0.0,0,-25.37,-16.34,[],0,0,[],[]
32395500,32396600,OCH,CXN,0.0,877,AIOCCXM,RC,0,NT,FH,0.0,0,-15.43,-7.3,[],0,0,[],[]
32396600,32397200,OCH,CXN,0.0,877,AIOCCXM,RC,0,NT,FH,0.0,0,-17.07,-8.69,[],0,0,[],[]
32397200,32398000,NA,OLN,0.0,877,AIOCCXM,NA,NA,NA,NA,0.0,0,-34.86,-22.95,[],0,0,[],[]
32398000,32398960,OCH,CXN,0.0,877,AIOCCXM,RC,0,NT,FH,0.0,0,-16.91,-9.8,[],0,0,[],[]
32398960,32400120,NA,OLN,0.0,877,AIOCCXM,NA,NA,NA,NA,0.0,0,-20.31,-11.02,[],0,0,[],[]
32400120,32401170,CHI,CHN,0.0,877,AIOCCXM,RC,0,NT,FI,1.0,1050,-14.25,-9.34,"[{'Canonical-syllable': '0', 'Growl': '0', 'High-freq-energy': '0', 'Long-island': '1', 'Low-tilt-spectrum': '2', 'Medium-island': '0', 'Short-island': '1', 'Squeal': '0', 'Typical-entropy': '1', 'Voicing-quality': '2', 'Wide-band': '0', 'Xlong-island': '0', 'seq': '1', 'end': 32401.17, 'start': 32400.12}]",0,0,[],[]
32401170,32402480,NA,OLN,0.0,877,AIOCCXM,NA,NA,NA,NA,0.0,0,-21.6,-11.58,[],0,0,[],[]
32402480,32403310,OCH,CXN,0.0,877,AIOCCXM,RC,0,NT,FI,0.0,0,-18.42,-10.97,[],0,0,[],[]
32403310,32404350,CHI,CHN,0.0,877,AIOCCXM,NA,NA,NA,NA,0.0,0,-13.35,-8.08,[],0,1040,"[{'start': 32403.31, 'end': 32404.35}]",[]
32404350,32405920,OCH,CXN,0.0,877,AIOCCXM,RC,0,NT,FH,0.0,0,-18.95,-7.78,[],0,0,[],[]
32405920,32406650,CHI,CHN,0.0,877,AIOCCXM,NA,NA,NA,NA,0.0,0,-20.02,-11.1,[],0,290,"[{'start': 32405.92, 'end': 32406.21}]",[]
32406650,32408200,NA,OLN,0.0,877,AIOCCXM,NA,NA,NA,NA,0.0,0,-36.17,-27.15,[],0,0,[],[]
32408200,32409040,OCH,CXN,0.0,877,AIOCCXM,RC,0,NT,FH,0.0,0,-29.35,-17.21,[],0,0,[],[]
32409040,32412040,NA,OLN,0.0,877,AIOCCXM,NA,NA,NA,NA,0.0,0,-31.67,-16.35,[],0,0,[],[]
32412040,32412840,OCH,CXN,0.0,877,AIOCCXM,RC,0,NT,FH,0.0,0,-18.31,-8.91,[],0,0,[],[]
32412840,32414280,CHI,CHN,0.0,877,AIOCCXM,NA,NA,NA,NA,0.0,0,-15.8,-7.18,[],0,1440,"[{'start': 32412.84, 'end': 32414.17}]","[{'start': 32414.17, 'end': 32414.28}]"
32414280,32415600,MAL,MAN,6.71,877,AIOCCXM,RC,0,NT,FI,0.0,0,-26.55,-20.87,[],0,0,[],[]
32415600,32417850,NA,OLF,0.0,877,AIOCCXM,NA,NA,NA,NA,0.0,0,-31.31,-17.45,[],0,0,[],[]
32417850,32418870,MAL,MAN,8.59,877,AIOCCXM,RC,0,NT,FH,0.0,0,-29.38,-23.6,[],0,0,[],[]
32418870,32419690,NA,OLF,0.0,877,AIOCCXM,NA,NA,NA,NA,0.0,0,-42.52,-33.35,[],0,0,[],[]
32419690,32420490,NA,NOF,0.0,877,AIOCCXM,NA,NA,NA,NA,0.0,0,-41.75,-30.3,[],0,0,[],[]
32420490,32422630,NA,OLN,0.0,877,AIOCCXM,NA,NA,NA,NA,0.0,0,-29.65,-14.67,[],0,0,[],[]
32422630,32423880,OCH,CXN,0.0,877,AIOCCXM,RC,0,NT,FI,0.0,0,-19.23,-11.2,[],0,0,[],[]
32423880,32426000,NA,OLN,0.0,877,AIOCCXM,NA,NA,NA,NA,0.0,0,-16.89,-2.39,[],0,0,[],[]
32426000,32426800,NA,NOF,0.0,877,AIOCCXM,NA,NA,NA,NA,0.0,0,-10.71,-3.13,[],0,0,[],[]
32426800,32427650,NA,OLN,0.0,877,AIOCCXM,NA,NA,NA,NA,0.0,0,-17.14,-4.01,[],0,0,[],[]
32427650,32428250,CHI,CHN,0.0,877,AIOCCXM,RC,0,NT,FI,1.0,600,-17.78,-11.17,"[{'Canonical-syllable': '0', 'Growl': '0', 'High-freq-energy': '0', 'Long-island': '0', 'Low-tilt-spectrum': '1', 'Medium-island': '1', 'Short-island': '0', 'Squeal': '0', 'Typical-entropy': '2', 'Voicing-quality': '1', 'Wide-band': '0', 'Xlong-island': '0', 'seq': '1', 'end': 32428.25, 'start': 32427.65}]",0,0,[],[]
32428250,32431830,NA,OLN,0.0,877,AIOCCXM,NA,NA,NA,NA,0.0,0,-17.59,-3.63,[],0,0,[],[]
32431830,32432870,OCH,CXN,0.0,877,AIOCCXM,RC,0,NT,FI,0.0,0,-14.58,-4.72,[],0,0,[],[]
32432870,32433560,OCH,CXN,0.0,877,AIOCCXM,RC,0,NT,FH,0.0,0,-14.65,-2.31,[],0,0,[],[]
32433560,32434820,OCH,CXN,0.0,877,AIOCCXM,RC,0,NT,FH,0.0,0,-16.29,-5.31,[],0,0,[],[]
32434820,32437220,NA,OLN,0.0,877,AIOCCXM,NA,NA,NA,NA,0.0,0,-16.96,-7.62,[],0,0,[],[]
32437220,32438020,OCH,CXN,0.0,877,AIOCCXM,RC,0,NT,FH,0.0,0,-15.47,-8.68,[],0,0,[],[]
32438020,32439400,NA,OLN,0.0,877,AIOCCXM,NA,NA,NA,NA,0.0,0,-29.31,-16.48,[],0,0,[],[]
32439400,32441900,FEM,FAN,12.27,877,AIOCCXM,RC,0,NT,FI,0.0,0,-19.34,-9.76,[],0,0,[],[]
32441900,32444240,NA,OLN,0.0,877,AIOCCXM,NA,NA,NA,NA,0.0,0,-24.11,-7.96,[],0,0,[],[]
32444240,32444920,CHI,CHN,0.0,877,AIOCCXM,NA,NA,NA,NA,0.0,0,-13.53,-5.74,[],0,680,"[{'start': 32444.24, 'end': 32444.92}]",[]
32444920,32445780,OCH,CXN,0.0,877,AIOCCXM,RC,0,NT,FI,0.0,0,-17.91,-7.21,[],0,0,[],[]
32445780,32447120,NA,OLN,0.0,877,AIOCCXM,NA,NA,NA,NA,0.0,0,-19.82,-6.62,[],0,0,[],[]
32447120,32447720,CHI,CHN,0.0,877,AIOCCXM,NA,NA,NA,NA,0.0,0,-12.15,-4.3,[],0,600,"[{'start': 32447.12, 'end': 32447.72}]",[]
32447720,32449090,NA,OLN,0.0,877,AIOCCXM,NA,NA,NA,NA,0.0,0,-22.87,-9.46,[],0,0,[],[]
32449090,32450040,CHI,CHN,0.0,877,AIOCCXM,RC,0,NT,FI,1.0,850,-16.34,-10.15,"[{'Canonical-syllable': '0', 'Growl': '0', 'High-freq-energy': '0', 'Long-island': '1', 'Low-tilt-spectrum': '1', 'Medium-island': '0', 'Short-island': '0', 'Squeal': '0', 'Typical-entropy': '2', 'Voicing-quality': '1', 'Wide-band': '0', 'Xlong-island': '0', 'seq': '1', 'end': 32449.94, 'start': 32449.09}]",0,0,[],[]
32450040,32450840,OCH,CXN,0.0,877,AIOCCXM,RC,0,NT,FI,0.0,0,-32.07,-24.44,[],0,0,[],[]
32450840,32454580,NA,OLN,0.0,877,AIOCCXM,NA,NA,NA,NA,0.0,0,-28.37,-18.36,[],0,0,[],[]
32454580,32455380,OCH,CXN,0.0,877,AIOCCXM,RC,0,NT,FH,0.0,0,-20.71,-13.55,[],0,0,[],[]
32455380,32456180,NA,OLN,0.0,877,AIOCCXM,NA,NA,NA,NA,0.0,0,-21.17,-15.71,[],0,0,[],[]
32456180,32457700,OCH,CXN,0.0,877,AIOCCXM,RC,0,NT,FH,0.0,0,-30.65,-21.51,[],0,0,[],[]
32457700,32458960,NA,OLN,0.0,877,AIOCCXM,NA,NA,NA,NA,0.0,0,-24.7,-14.3,[],0,0,[],[]
32458960,32460220,FEM,FAN,8.71,877,AIOCCXM,RC,0,NT,FI,0.0,0,-27.11,-18.37,[],0,0,[],[]
32460220,32461320,OCH,CXN,0.0,877,AIOCCXM,EC,0,NT,FI,0.0,0,-26.95,-16.86,[],0,0,[],[]
32461320,32467940,NA,OLN,0.0,878,pause,NA,NA,NA,NA,0.0,0,-21.8,-7.66,[],0,0,[],[]
32467940,32468740,OCH,CXN,0.0,878,XIC,BC,0,NT,FI,0.0,0,-29.99,-23.08,[],0,0,[],[]
32468740,32470140,NA,OLN,0.0,878,XIC,NA,NA,NA,NA,0.0,0,-33.96,-24.57,[],0,0,[],[]
32470140,32471590,FEM,FAN,8.1,878,XIC,RC,0,NT,FI,0.0,0,-30.25,-20.23,[],0,0,[],[]
32471590,32473100,MAL,MAN,7.46,878,XIC,RC,0,TIMI,FI,0.0,0,-30.21,-21.79,[],0,0,[],[]
32473100,32474120,NA,NOF,0.0,878,XIC,NA,NA,NA,NA,0.0,0,-43.25,-36.2,[],0,0,[],[]
32474120,32475720,NA,OLN,0.0,878,XIC,NA,NA,NA,NA,0.0,0,-27.03,-18.09,[],0,0,[],[]
32475720,32477390,CHI,CHN,0.0,878,XIC,RC,1,TIMR,FI,1.0,1670,-18.77,-10.27,"[{'Canonical-syllable': '0', 'Growl': '2', 'High-freq-energy': '0', 'Long-island': '0', 'Low-tilt-spectrum': '1', 'Medium-island': '3', 'Short-island': '0', 'Squeal': '0', 'Typical-entropy': '3', 'Voicing-quality': '3', 'Wide-band': '0', 'Xlong-island': '0', 'seq': '1', 'end': 32477.39, 'start': 32475.72}]",0,0,[],[]
32477390,32478390,MAL,MAN,7.28,878,XIC,RC,1,TIME,FI,0.0,0,-24.96,-17.5,[],0,0,[],[]
32478390,32479190,NA,OLN,0.0,878,XIC,NA,NA,NA,NA,0.0,0,-30.64,-23.55,[],0,0,[],[]
32479190,32480240,OCH,CXN,0.0,878,XIC,RC,1,NT,FI,0.0,0,-24.56,-11.71,[],0,0,[],[]
32480240,32484490,NA,OLN,0.0,878,XIC,NA,NA,NA,NA,0.0,0,-19.25,-9.48,[],0,0,[],[]
32484490,32485290,OCH,CXN,0.0,878,XIC,RC,1,NT,FH,0.0,0,-18.95,-11.73,[],0,0,[],[]
32485290,32485890,CHI,CHN,0.0,878,XIC,RC,1,NT,FI,1.0,600,-16.0,-8.85,"[{'Canonical-syllable': '0', 'Growl': '0', 'High-freq-energy': '2', 'Long-island': '0', 'Low-tilt-spectrum': '2', 'Medium-island': '1', 'Short-island': '0', 'Squeal': '0', 'Typical-entropy': '2', 'Voicing-quality': '2', 'Wide-band': '0', 'Xlong-island': '0', 'seq': '1', 'end': 32485.89, 'start': 32485.29}]",0,0,[],[]
32485890,32486730,OCH,CXN,0.0,878,XIC,RC,1,NT,FI,0.0,0,-14.18,-5.57,[],0,0,[],[]
32486730,32487330,OCH,CXN,0.0,878,XIC,RC,1,NT,FH,0.0,0,-14.35,-8.33,[],0,0,[],[]
32487330,32488130,NA,OLN,0.0,878,XIC,NA,NA,NA,NA,0.0,0,-28.26,-19.03,[],0,0,[],[]
32488130,32489140,OCH,CXN,0.0,878,XIC,RC,1,NT,FH,0.0,0,-19.97,-10.98,[],0,0,[],[]
32489140,32490830,NA,OLN,0.0,878,XIC,NA,NA,NA,NA,0.0,0,-21.38,-10.74,[],0,0,[],[]
32490830,32491450,CHI,CHN,0.0,878,XIC,RC,1,NT,FI,1.0,620,-15.17,-8.5,"[{'Canonical-syllable': '1', 'Growl': '0', 'High-freq-energy': '0', 'Long-island': '0', 'Low-tilt-spectrum': '0', 'Medium-island': '1', 'Short-island': '1', 'Squeal': '0', 'Typical-entropy': '2', 'Voicing-quality': '2', 'Wide-band': '0', 'Xlong-island': '0', 'seq': '1', 'end': 32491.45, 'start': 32490.83}]",0,0,[],[]
32491450,32492590,CHI,CHN,0.0,878,XIC,RC,1,NT,FH,1.0,1140,-19.9,-11.65,"[{'Canonical-syllable': '0', 'Growl': '1', 'High-freq-energy': '0', 'Long-island': '1', 'Low-tilt-spectrum': '0', 'Medium-island': '0', 'Short-island': '1', 'Squeal': '0', 'Typical-entropy': '2', 'Voicing-quality': '2', 'Wide-band': '0', 'Xlong-island': '0', 'seq': '1', 'end': 32492.59, 'start': 32491.45}]",0,0,[],[]
32492590,32493210,CHI,CHN,0.0,878,XIC,RC,1,NT,FH,1.0,620,-17.16,-9.59,"[{'Canonical-syllable': '1', 'Growl': '0', 'High-freq-energy': '0', 'Long-island': '0', 'Low-tilt-spectrum': '1', 'Medium-island': '0', 'Short-island': '1', 'Squeal': '0', 'Typical-entropy': '2', 'Voicing-quality': '3', 'Wide-band': '0', 'Xlong-island': '0', 'seq': '1', 'end': 32493.21, 'start': 32492.59}]",0,0,[],[]
32493210,32494530,CHI,CHN,0.0,878,XIC,RC,1,TIFI,FH,1.0,1320,-18.47,-9.67,"[{'Canonical-syllable': '0', 'Growl': '0', 'High-freq-energy': '1', 'Long-island': '0', 'Low-tilt-spectrum': '1', 'Medium-island': '3', 'Short-island': '0', 'Squeal': '0', 'Typical-entropy': '3', 'Voicing-quality': '3', 'Wide-band': '0', 'Xlong-island': '0', 'seq': '1', 'end': 32494.53, 'start': 32493.21}]",0,0,[],[]
32494530,32495330,NA,OLN,0.0,878,XIC,NA,NA,NA,NA,0.0,0,-20.25,-11.51,[],0,0,[],[]
32495330,32496600,FEM,FAN,6.84,878,XIC,RC,2,TIFR,FI,0.0,0,-22.71,-14.77,[],0,0,[],[]
32496600,32497600,NA,OLN,0.0,878,XIC,NA,NA,NA,NA,0.0,0,-23.51,-13.8,[],0,0,[],[]
32497600,32498810,OCH,CXN,0.0,878,XIC,RC,2,NT,FI,0.0,0,-18.64,-8.76,[],0,0,[],[]
32498810,32499410,CHI,CHN,0.0,878,XIC,RC,2,NT,FI,1.0,600,-15.58,-8.98,"[{'Canonical-syllable': '0', 'Growl': '0', 'High-freq-energy': '1', 'Long-island': '0', 'Low-tilt-spectrum': '1', 'Medium-island': '1', 'Short-island': '0', 'Squeal': '0', 'Typical-entropy': '1', 'Voicing-quality': '1', 'Wide-band': '0', 'Xlong-island': '0', 'seq': '1', 'end': 32499.41, 'start': 32498.93}]",0,0,[],[]
32499410,32501710,OCH,CXN,0.0,878,XIC,RC,2,NT,FI,0.0,0,-20.56,-9.61,[],0,0,[],[]
32501710,32502780,CHI,CHN,0.0,878,XIC,RC,2,NT,FI,1.0,1070,-18.58,-12.16,"[{'Canonical-syllable': '0', 'Growl': '1', 'High-freq-energy': '0', 'Long-island': '0', 'Low-tilt-spectrum': '1', 'Medium-island': '2', 'Short-island': '0', 'Squeal': '0', 'Typical-entropy': '2', 'Voicing-quality': '3', 'Wide-band': '0', 'Xlong-island': '0', 'seq': '1', 'end': 32502.78, 'start': 32501.81}]",0,0,[],[]
32502780,32503590,NA,OLN,0.0,878,XIC,NA,NA,NA,NA,0.0,0,-20.48,-12.75,[],0,0,[],[]
32503590,32504590,OCH,CXN,0.0,878,XIC,RC,2,NT,FI,0.0,0,-17.6,-6.87,[],0,0,[],[]
32504590,32505400,OCH,CXN,0.0,878,XIC,RC,2,NT,FH,0.0,0,-20.47,-14.69,[],0,0,[],[]
32505400,32506900,FEM,FAN,5.8,878,XIC,RC,2,NT,FI,0.0,0,-27.84,-19.24,[],0,0,[],[]
32506900,32508130,NA,OLN,0.0,878,XIC,NA,NA,NA,NA,0.0,0,-32.53,-22.22,[],0,0,[],[]
32508130,32509890,OCH,CXN,0.0,878,XIC,RC,2,NT,FI,0.0,0,-20.45,-12.2,[],0,0,[],[]
32509890,32511090,NA,OLN,0.0,878,XIC,NA,NA,NA,NA,0.0,0,-19.12,-12.41,[],0,0,[],[]
32511090,32511890,OCH,CXN,0.0,878,XIC,RC,2,NT,FH,0.0,0,-18.2,-6.16,[],0,0,[],[]
32511890,32513860,NA,OLN,0.0,878,XIC,NA,NA,NA,NA,0.0,0,-21.09,-6.85,[],0,0,[],[]
32513860,32514860,FEM,FAN,6.23,878,XIC,RC,2,NT,FI,0.0,0,-21.95,-14.09,[],0,0,[],[]
32514860,32516630,NA,OLN,0.0,878,XIC,NA,NA,NA,NA,0.0,0,-27.93,-15.48,[],0,0,[],[]
32516630,32517430,OCH,CXN,0.0,878,XIC,RC,2,NT,FI,0.0,0,-27.68,-20.75,[],0,0,[],[]
32517430,32518470,FEM,FAN,0.07,878,XIC,RC,2,NT,FI,0.0,0,-23.47,-14.81,[],0,0,[],[]
32518470,32519360,NA,OLN,0.0,878,XIC,NA,NA,NA,NA,0.0,0,-27.59,-22.38,[],0,0,[],[]
32519360,32520160,NA,NOF,0.0,878,XIC,NA,NA,NA,NA,0.0,0,-34.57,-27.76,[],0,0,[],[]
32520160,32520960,NA,OLF,0.0,878,XIC,NA,NA,NA,NA,0.0,0,-34.99,-23.16,[],0,0,[],[]
32520960,32521980,NA,FAF,0.0,878,XIC,NA,NA,NA,NA,0.0,0,-35.84,-25.25,[],0,0,[],[]
32521980,32522870,OCH,CXN,0.0,878,XIC,RC,2,NT,FI,0.0,0,-22.92,-8.71,[],0,0,[],[]
32522870,32524860,NA,OLN,0.0,878,XIC,NA,NA,NA,NA,0.0,0,-20.11,-2.85,[],0,0,[],[]
32524860,32526010,OCH,CXN,0.0,878,XIC,EC,2,NT,FH,0.0,0,-22.02,-12.34,[],0,0,[],[]
32526010,32527380,NA,OLN,0.0,879,pause,NA,NA,NA,NA,0.0,0,-30.32,-23.73,[],0,0,[],[]
32527380,32528190,NA,NOF,0.0,879,pause,NA,NA,NA,NA,0.0,0,-25.99,-12.98,[],0,0,[],[]
32528190,32530140,NA,OLN,0.0,879,pause,NA,NA,NA,NA,0.0,0,-23.41,-6.65,[],0,0,[],[]
32530140,32530940,NA,OLF,0.0,879,pause,NA,NA,NA,NA,0.0,0,-20.31,-6.65,[],0,0,[],[]
32530940,32533230,NA,OLN,0.0,879,pause,NA,NA,NA,NA,0.0,0,-30.0,-18.87,[],0,0,[],[]
32533230,32534560,FEM,FAN,8.08,879,AMF,EC,0,NT,FI,0.0,0,-23.07,-16.56,[],0,0,[],[]
32534560,32535500,NA,OLN,0.0,880,pause,NA,NA,NA,NA,0.0,0,-27.33,-18.74,[],0,0,[],[]
32535500,32536300,NA,NOF,0.0,880,pause,NA,NA,NA,NA,0.0,0,-36.28,-22.6,[],0,0,[],[]
32536300,32539320,NA,OLN,0.0,880,pause,NA,NA,NA,NA,0.0,0,-28.45,-12.11,[],0,0,[],[]
32539320,32540120,NA,OLF,0.0,880,pause,NA,NA,NA,NA,0.0,0,-18.2,-7.53,[],0,0,[],[]
32540120,32546230,NA,OLN,0.0,880,pause,NA,NA,NA,NA,0.0,0,-18.01,-3.77,[],0,0,[],[]
32546230,32547220,CHI,CHN,0.0,880,CIOCX,BC,0,NT,FI,1.0,910,-16.89,-9.88,"[{'Canonical-syllable': '0', 'Growl': '0', 'High-freq-energy': '0', 'Long-island': '1', 'Low-tilt-spectrum': '0', 'Medium-island': '0', 'Short-island': '0', 'Squeal': '0', 'Typical-entropy': '1', 'Voicing-quality': '1', 'Wide-band': '0', 'Xlong-island': '0', 'seq': '1', 'end': 32547.14, 'start': 32546.34}]",0,0,[],[]
32547220,32548020,NA,OLN,0.0,880,CIOCX,NA,NA,NA,NA,0.0,0,-19.01,-6.74,[],0,0,[],[]
32548020,32548860,OCH,CXN,0.0,880,CIOCX,EC,0,NT,FI,0.0,0,-28.07,-16.58,[],0,0,[],[]
32548860,32556350,NA,OLN,0.0,881,pause,NA,NA,NA,NA,0.0,0,-24.07,-5.85,[],0,0,[],[]
32556350,32558050,FEM,FAN,7.33,881,AICF,BC,0,NT,FI,0.0,0,-21.11,-6.62,[],0,0,[],[]
32558050,32560010,OCH,CXN,0.0,881,AICF,RC,0,NT,FI,0.0,0,-21.98,-5.89,[],0,0,[],[]
32560010,32563380,NA,OLN,0.0,881,AICF,NA,NA,NA,NA,0.0,0,-18.17,-4.38,[],0,0,[],[]
32563380,32564180,NA,NOF,0.0,881,AICF,NA,NA,NA,NA,0.0,0,-35.68,-23.89,[],0,0,[],[]
32564180,32564980,FEM,FAN,5.42,881,AICF,RC,0,TIFI,FI,0.0,0,-28.05,-19.74,[],0,0,[],[]
32564980,32565810,NA,NOF,0.0,881,AICF,NA,NA,NA,NA,0.0,0,-40.31,-32.89,[],0,0,[],[]
32565810,32567260,CHI,CHN,0.0,881,AICF,RC,1,TIFR,FI,2.0,920,-18.07,-9.54,"[{'Canonical-syllable': '1', 'Growl': '0', 'High-freq-energy': '0', 'Long-island': '0', 'Low-tilt-spectrum': '0', 'Medium-island': '0', 'Short-island': '1', 'Squeal': '0', 'Typical-entropy': '1', 'Voicing-quality': '1', 'Wide-band': '0', 'Xlong-island': '0', 'seq': '1', 'end': 32566.06, 'start': 32565.81}, {'Canonical-syllable': '1', 'Growl': '0', 'High-freq-energy': '0', 'Long-island': '0', 'Low-tilt-spectrum': '1', 'Medium-island': '2', 'Short-island': '0', 'Squeal': '0', 'Typical-entropy': '2', 'Voicing-quality': '2', 'Wide-band': '0', 'Xlong-island': '0', 'seq': '2', 'end': 32567.26, 'start': 32566.59}]",0,0,[],[]
32567260,32568590,NA,OLN,0.0,881,AICF,NA,NA,NA,NA,0.0,0,-26.24,-16.88,[],0,0,[],[]
32568590,32569920,OCH,CXN,0.0,881,AICF,RC,1,NT,FI,0.0,0,-18.14,-7.11,[],0,0,[],[]
32569920,32570920,FEM,FAN,5.31,881,AICF,RC,1,TIFI,FI,0.0,0,-20.49,-12.0,[],0,0,[],[]
32570920,32571750,CHI,CHN,0.0,881,AICF,NA,NA,NA,NA,0.0,0,-11.02,-2.6,[],0,510,"[{'start': 32571.24, 'end': 32571.75}]",[]
32571750,32572550,CHI,CHN,0.0,881,AICF,RC,2,TIFR,FI,1.0,800,-19.09,-11.28,"[{'Canonical-syllable': '0', 'Growl': '0', 'High-freq-energy': '1', 'Long-island': '1', 'Low-tilt-spectrum': '1', 'Medium-island': '0', 'Short-island': '0', 'Squeal': '0', 'Typical-entropy': '1', 'Voicing-quality': '1', 'Wide-band': '0', 'Xlong-island': '0', 'seq': '1', 'end': 32572.55, 'start': 32571.75}]",0,0,[],[]
32572550,32573360,NA,NOF,0.0,881,AICF,NA,NA,NA,NA,0.0,0,-41.08,-34.3,[],0,0,[],[]
32573360,32575980,NA,OLN,0.0,881,AICF,NA,NA,NA,NA,0.0,0,-25.81,-15.54,[],0,0,[],[]
32575980,32576720,OCH,CXN,0.0,881,AICF,RC,2,NT,FI,0.0,0,-20.42,-10.4,[],0,0,[],[]
32576720,32577520,OCH,CXN,0.0,881,AICF,RC,2,NT,FH,0.0,0,-17.74,-7.46,[],0,0,[],[]
32577520,32580920,NA,OLN,0.0,881,AICF,NA,NA,NA,NA,0.0,0,-20.05,-7.51,[],0,0,[],[]
32580920,32581720,OCH,CXN,0.0,881,AICF,RC,2,NT,FH,0.0,0,-23.61,-13.73,[],0,0,[],[]
32581720,32582520,NA,OLN,0.0,881,AICF,NA,NA,NA,NA,0.0,0,-30.97,-17.46,[],0,0,[],[]
32582520,32583320,OCH,CXN,0.0,881,AICF,RC,2,NT,FH,0.0,0,-26.41,-15.96,[],0,0,[],[]
32583320,32585210,NA,OLN,0.0,881,AICF,NA,NA,NA,NA,0.0,0,-29.04,-12.92,[],0,0,[],[]
32585210,32586210,FEM,FAN,8.03,881,AICF,RC,2,NT,FI,0.0,0,-29.46,-19.33,[],0,0,[],[]
32586210,32588220,NA,OLN,0.0,881,AICF,NA,NA,NA,NA,0.0,0,-22.65,-11.48,[],0,0,[],[]
32588220,32589110,NA,NOF,0.0,881,AICF,NA,NA,NA,NA,0.0,0,-34.81,-22.56,[],0,0,[],[]
32589110,32589920,OCH,CXN,0.0,881,AICF,RC,2,NT,FI,0.0,0,-19.21,-11.44,[],0,0,[],[]
32589920,32590890,NA,OLN,0.0,881,AICF,NA,NA,NA,NA,0.0,0,-18.53,-11.25,[],0,0,[],[]
32590890,32591760,CHI,CHN,0.0,881,AICF,RC,2,TIMI,FI,1.0,870,-22.54,-16.76,"[{'Canonical-syllable': '0', 'Growl': '0', 'High-freq-energy': '0', 'Long-island': '1', 'Low-tilt-spectrum': '0', 'Medium-island': '0', 'Short-island': '0', 'Squeal': '0', 'Typical-entropy': '0', 'Voicing-quality': '1', 'Wide-band': '0', 'Xlong-island': '0', 'seq': '1', 'end': 32591.76, 'start': 32590.89}]",0,0,[],[]
32591760,32594080,NA,OLN,0.0,881,AICF,NA,NA,NA,NA,0.0,0,-19.39,-8.08,[],0,0,[],[]
32594080,32595080,MAL,MAN,7.83,881,AICF,RC,3,TIMR,FI,0.0,0,-29.78,-22.14,[],0,0,[],[]
32595080,32598440,NA,OLN,0.0,881,AICF,NA,NA,NA,NA,0.0,0,-24.59,-8.99,[],0,0,[],[]
32598440,32599240,NA,NOF,0.0,881,AICF,NA,NA,NA,NA,0.0,0,-38.49,-26.13,[],0,0,[],[]
32599240,32600440,MAL,MAN,3.91,881,AICF,RC,3,NT,FH,0.0,0,-27.36,-18.39,[],0,0,[],[]
32600440,32603170,NA,OLN,0.0,881,AICF,NA,NA,NA,NA,0.0,0,-30.81,-19.91,[],0,0,[],[]
32603170,32604290,OCH,CXN,0.0,881,AICF,RC,3,NT,FI,0.0,0,-28.32,-13.25,[],0,0,[],[]
32604290,32606610,NA,OLN,0.0,881,AICF,NA,NA,NA,NA,0.0,0,-23.97,-6.01,[],0,0,[],[]
32606610,32607450,OCH,CXN,0.0,881,AICF,RC,3,NT,FH,0.0,0,-34.2,-24.78,[],0,0,[],[]
32607450,32608260,NA,OLN,0.0,881,AICF,NA,NA,NA,NA,0.0,0,-38.19,-31.46,[],0,0,[],[]
32608260,32609060,NA,NOF,0.0,881,AICF,NA,NA,NA,NA,0.0,0,-42.22,-31.42,[],0,0,[],[]
32609060,32611020,NA,OLN,0.0,881,AICF,NA,NA,NA,NA,0.0,0,-25.85,-16.82,[],0,0,[],[]
32611020,32612020,FEM,FAN,2.27,881,AICF,RC,3,NT,FI,0.0,0,-23.23,-14.94,[],0,0,[],[]
32612020,32614510,NA,OLN,0.0,881,AICF,NA,NA,NA,NA,0.0,0,-21.45,-12.5,[],0,0,[],[]
32614510,32615510,FEM,FAN,1.69,881,AICF,RC,3,NT,FH,0.0,0,-22.27,-16.18,[],0,0,[],[]
32615510,32617130,NA,OLN,0.0,881,AICF,NA,NA,NA,NA,0.0,0,-23.79,-18.22,[],0,0,[],[]
32617130,32619010,FEM,FAN,8.11,881,AICF,EC,3,NT,FH,0.0,0,-24.84,-18.52,[],0,0,[],[]
32619010,32623590,NA,OLN,0.0,882,pause,NA,NA,NA,NA,0.0,0,-27.84,-10.65,[],0,0,[],[]
32623590,32624390,NA,NOF,0.0,882,pause,NA,NA,NA,NA,0.0,0,-40.47,-29.96,[],0,0,[],[]
32624390,32629430,NA,OLN,0.0,882,pause,NA,NA,NA,NA,0.0,0,-27.95,-14.97,[],0,0,[],[]
32629430,32631530,MAL,MAN,10.52,882,AICM,BC,0,NT,FI,0.0,0,-27.48,-17.8,[],0,0,[],[]
32631530,32633140,NA,OLN,0.0,882,AICM,NA,NA,NA,NA,0.0,0,-31.2,-13.84,[],0,0,[],[]
32633140,32634730,MAL,MAN,8.31,882,AICM,RC,0,NT,FH,0.0,0,-25.38,-18.63,[],0,0,[],[]
32634730,32636100,NA,OLN,0.0,882,AICM,NA,NA,NA,NA,0.0,0,-32.1,-26.08,[],0,0,[],[]
32636100,32637560,NA,NOF,0.0,882,AICM,NA,NA,NA,NA,0.0,0,-40.66,-27.32,[],0,0,[],[]
32637560,32638360,NA,OLF,0.0,882,AICM,NA,NA,NA,NA,0.0,0,-36.61,-30.69,[],0,0,[],[]
32638360,32639810,MAL,MAN,5.0,882,AICM,RC,0,NT,FH,0.0,0,-31.48,-21.98,[],0,0,[],[]
32639810,32640840,NA,OLN,0.0,882,AICM,NA,NA,NA,NA,0.0,0,-31.14,-21.72,[],0,0,[],[]
32640840,32641840,MAL,MAN,6.53,882,AICM,RC,0,NT,FH,0.0,0,-27.54,-23.69,[],0,0,[],[]
32641840,32642650,NA,OLN,0.0,882,AICM,NA,NA,NA,NA,0.0,0,-38.18,-30.38,[],0,0,[],[]
32642650,32643680,MAL,MAN,3.98,882,AICM,RC,0,NT,FH,0.0,0,-28.66,-19.14,[],0,0,[],[]
32643680,32645530,NA,OLN,0.0,882,AICM,NA,NA,NA,NA,0.0,0,-30.99,-16.92,[],0,0,[],[]
32645530,32647090,FEM,FAN,9.07,882,AICM,RC,0,TIFI,FI,0.0,0,-24.89,-18.14,[],0,0,[],[]
32647090,32647880,CHI,CHN,0.0,882,AICM,RC,1,TIFR,FI,1.0,790,-22.77,-16.49,"[{'Canonical-syllable': '0', 'Growl': '1', 'High-freq-energy': '0', 'Long-island': '0', 'Low-tilt-spectrum': '1', 'Medium-island': '2', 'Short-island': '0', 'Squeal': '0', 'Typical-entropy': '2', 'Voicing-quality': '2', 'Wide-band': '0', 'Xlong-island': '0', 'seq': '1', 'end': 32647.88, 'start': 32647.09}]",0,0,[],[]
32647880,32650030,NA,OLN,0.0,882,AICM,NA,NA,NA,NA,0.0,0,-23.23,-11.91,[],0,0,[],[]
32650030,32651030,OCH,CXN,0.0,882,AICM,RC,1,NT,FI,0.0,0,-21.39,-13.84,[],0,0,[],[]
32651030,32651830,NA,OLN,0.0,882,AICM,NA,NA,NA,NA,0.0,0,-32.15,-26.42,[],0,0,[],[]
32651830,32653400,CHI,CHN,0.0,882,AICM,EC,1,NT,FI,1.0,1060,-18.69,-11.95,"[{'Canonical-syllable': '0', 'Growl': '1', 'High-freq-energy': '0', 'Long-island': '1', 'Low-tilt-spectrum': '0', 'Medium-island': '0', 'Short-island': '1', 'Squeal': '0', 'Typical-entropy': '1', 'Voicing-quality': '2', 'Wide-band': '0', 'Xlong-island': '0', 'seq': '1', 'end': 32653.27, 'start': 32652.21}]",0,0,[],[]
32653400,32656250,NA,OLN,0.0,883,pause,NA,NA,NA,NA,0.0,0,-28.26,-17.15,[],0,0,[],[]
32656250,32657440,NA,OLF,0.0,883,pause,NA,NA,NA,NA,0.0,0,-17.48,-3.87,[],0,0,[],[]
32657440,32659430,NA,OLN,0.0,883,pause,NA,NA,NA,NA,0.0,0,-27.64,-8.35,[],0,0,[],[]
32659430,32660690,MAL,MAN,7.76,883,AMM,BC,0,NT,FI,0.0,0,-29.8,-19.32,[],0,0,[],[]
32660690,32661490,NA,OLF,0.0,883,AMM,NA,NA,NA,NA,0.0,0,-19.12,-4.47,[],0,0,[],[]
32661490,32662580,MAL,MAN,3.22,883,AMM,RC,0,NT,FH,0.0,0,-31.4,-23.12,[],0,0,[],[]
32662580,32665320,NA,OLN,0.0,883,AMM,NA,NA,NA,NA,0.0,0,-30.32,-19.06,[],0,0,[],[]
32665320,32666320,FEM,FAN,2.8,883,AMM,RC,0,NT,FI,0.0,0,-31.16,-24.18,[],0,0,[],[]
32666320,32669950,NA,OLN,0.0,883,AMM,NA,NA,NA,NA,0.0,0,-27.08,-12.52,[],0,0,[],[]
32669950,32671110,MAL,MAN,5.15,883,AMM,RC,0,NT,FI,0.0,0,-24.51,-16.35,[],0,0,[],[]
32671110,32673320,NA,OLN,0.0,883,AMM,NA,NA,NA,NA,0.0,0,-21.85,-5.65,[],0,0,[],[]
32673320,32674320,FEM,FAN,0.0,883,AMM,NA,NA,NA,NA,0.0,0,-26.61,-19.72,[],1000,0,[],[]
32674320,32675550,NA,OLN,0.0,883,AMM,NA,NA,NA,NA,0.0,0,-15.32,-4.05,[],0,0,[],[]
32675550,32676680,FEM,FAN,3.06,883,AMM,EC,0,NT,FI,0.0,0,-26.57,-18.92,[],0,0,[],[]
32676680,32683530,NA,OLN,0.0,884,pause,NA,NA,NA,NA,0.0,0,-20.31,-4.68,[],0,0,[],[]
32683530,32685090,FEM,FAN,8.36,884,AICF,BC,0,TIFI,FI,0.0,0,-25.25,-17.47,[],0,0,[],[]
32685090,32685980,NA,OLN,0.0,884,AICF,NA,NA,NA,NA,0.0,0,-29.15,-18.68,[],0,0,[],[]
32685980,32687020,CHI,CHN,0.0,884,AICF,RC,1,TIFR,FI,1.0,1040,-17.44,-8.36,"[{'Canonical-syllable': '0', 'Growl': '0', 'High-freq-energy': '0', 'Long-island': '1', 'Low-tilt-spectrum': '1', 'Medium-island': '0', 'Short-island': '0', 'Squeal': '0', 'Typical-entropy': '1', 'Voicing-quality': '1', 'Wide-band': '0', 'Xlong-island': '0', 'seq': '1', 'end': 32687.02, 'start': 32685.98}]",0,0,[],[]
32687020,32687670,OCH,CXN,0.0,884,AICF,RC,1,NT,FI,0.0,0,-15.79,-10.44,[],0,0,[],[]
32687670,32688680,FEM,FAN,5.16,884,AICF,RC,1,NT,FI,0.0,0,-27.27,-18.53,[],0,0,[],[]
32688680,32690060,NA,OLN,0.0,884,AICF,NA,NA,NA,NA,0.0,0,-29.42,-17.21,[],0,0,[],[]
32690060,32691060,FEM,FAN,3.3,884,AICF,RC,1,NT,FH,0.0,0,-31.42,-25.59,[],0,0,[],[]
32691060,32693510,OCH,CXN,0.0,884,AICF,EC,1,NT,FI,0.0,0,-33.18,-16.25,[],0,0,[],[]
32693510,32696190,NA,OLF,0.0,885,pause,NA,NA,NA,NA,0.0,0,-36.11,-29.1,[],0,0,[],[]
32696190,32697190,NA,MAF,0.0,885,pause,NA,NA,NA,NA,0.0,0,-35.69,-24.33,[],0,0,[],[]
32697190,32700050,NA,OLN,0.0,885,pause,NA,NA,NA,NA,0.0,0,-27.8,-10.82,[],0,0,[],[]
32700050,32701150,OCH,CXN,0.0,885,XIOCA,BC,0,NT,FI,0.0,0,-16.33,-10.31,[],0,0,[],[]
32701150,32705010,NA,OLN,0.0,885,XIOCA,NA,NA,NA,NA,0.0,0,-26.15,-16.4,[],0,0,[],[]
32705010,32706040,MAL,MAN,3.08,885,XIOCA,RC,0,NT,FI,0.0,0,-26.16,-16.45,[],0,0,[],[]
32706040,32707420,OCH,CXN,0.0,885,XIOCA,RC,0,NT,FI,0.0,0,-35.87,-21.69,[],0,0,[],[]
32707420,32708700,MAL,MAN,8.23,885,XIOCA,RC,0,NT,FI,0.0,0,-28.52,-19.97,[],0,0,[],[]
32708700,32709880,NA,OLN,0.0,885,XIOCA,NA,NA,NA,NA,0.0,0,-25.53,-13.53,[],0,0,[],[]
32709880,32712380,FEM,FAN,8.57,885,XIOCA,RC,0,NT,FI,0.0,0,-20.35,-2.57,[],0,0,[],[]
32712380,32713650,NA,OLN,0.0,885,XIOCA,NA,NA,NA,NA,0.0,0,-28.01,-18.51,[],0,0,[],[]
32713650,32714820,MAL,MAN,2.83,885,XIOCA,RC,0,NT,FI,0.0,0,-30.26,-22.54,[],0,0,[],[]
32714820,32715890,FEM,FAN,3.34,885,XIOCA,RC,0,NT,FI,0.0,0,-27.56,-20.95,[],0,0,[],[]
32715890,32717480,NA,OLN,0.0,885,XIOCA,NA,NA,NA,NA,0.0,0,-32.43,-22.81,[],0,0,[],[]
32717480,32719780,FEM,FAN,11.16,885,XIOCA,RC,0,NT,FH,0.0,0,-25.28,-15.41,[],0,0,[],[]
32719780,32720840,NA,OLN,0.0,885,XIOCA,NA,NA,NA,NA,0.0,0,-26.64,-16.92,[],0,0,[],[]
32720840,32721820,OCH,CXN,0.0,885,XIOCA,EC,0,NT,FI,0.0,0,-28.91,-22.79,[],0,0,[],[]
32721820,32723820,NA,OLN,0.0,886,pause,NA,NA,NA,NA,0.0,0,-27.94,-18.32,[],0,0,[],[]
32723820,32724620,NA,NOF,0.0,886,pause,NA,NA,NA,NA,0.0,0,-38.09,-27.49,[],0,0,[],[]
32724620,32727120,NA,OLF,0.0,886,pause,NA,NA,NA,NA,0.0,0,-26.93,-4.23,[],0,0,[],[]
32727120,32728030,NA,NON,0.0,886,pause,NA,NA,NA,NA,0.0,0,-25.32,-7.28,[],0,0,[],[]
32728030,32731900,NA,OLN,0.0,886,pause,NA,NA,NA,NA,0.0,0,-24.81,-6.44,[],0,0,[],[]
32731900,32732990,FEM,FAN,6.39,886,AICF,BC,0,NT,FI,0.0,0,-25.39,-15.41,[],0,0,[],[]
32732990,32735630,NA,OLN,0.0,886,AICF,NA,NA,NA,NA,0.0,0,-27.83,-15.85,[],0,0,[],[]
32735630,32736580,OCH,CXN,0.0,886,AICF,RC,0,NT,FI,0.0,0,-34.48,-26.3,[],0,0,[],[]
32736580,32737390,NA,OLN,0.0,886,AICF,NA,NA,NA,NA,0.0,0,-33.64,-23.76,[],0,0,[],[]
32737390,32739530,OCH,CXN,0.0,886,AICF,RC,0,NT,FH,0.0,0,-20.43,-6.35,[],0,0,[],[]
32739530,32740740,NA,OLN,0.0,886,AICF,NA,NA,NA,NA,0.0,0,-29.67,-17.83,[],0,0,[],[]
32740740,32741890,NA,CXF,0.0,886,AICF,NA,NA,NA,NA,0.0,0,-41.31,-31.48,[],0,0,[],[]
32741890,32742710,OCH,CXN,0.0,886,AICF,RC,0,NT,FH,0.0,0,-24.95,-12.36,[],0,0,[],[]
32742710,32743460,CHI,CHN,0.0,886,AICF,RC,0,TIFI,FI,1.0,630,-20.68,-10.11,"[{'Canonical-syllable': '0', 'Growl': '0', 'High-freq-energy': '0', 'Long-island': '0', 'Low-tilt-spectrum': '1', 'Medium-island': '1', 'Short-island': '0', 'Squeal': '0', 'Typical-entropy': '1', 'Voicing-quality': '1', 'Wide-band': '0', 'Xlong-island': '0', 'seq': '1', 'end': 32743.34, 'start': 32742.94}]",0,0,[],[]
32743460,32744600,FEM,FAN,5.31,886,AICF,RC,1,TIFR,FI,0.0,0,-20.03,-10.72,[],0,0,[],[]
32744600,32745500,NA,OLF,0.0,886,AICF,NA,NA,NA,NA,0.0,0,-35.8,-26.38,[],0,0,[],[]
32745500,32746500,MAL,MAN,3.05,886,AICF,RC,1,NT,FI,0.0,0,-34.41,-24.35,[],0,0,[],[]
32746500,32747670,OCH,CXN,0.0,886,AICF,RC,1,NT,FI,0.0,0,-22.77,-16.12,[],0,0,[],[]
32747670,32749460,NA,OLF,0.0,886,AICF,NA,NA,NA,NA,0.0,0,-39.13,-29.45,[],0,0,[],[]
32749460,32750670,NA,NOF,0.0,886,AICF,NA,NA,NA,NA,0.0,0,-44.86,-37.18,[],0,0,[],[]
32750670,32751630,NA,OLF,0.0,886,AICF,NA,NA,NA,NA,0.0,0,-42.19,-31.9,[],0,0,[],[]
32751630,32752920,OCH,CXN,0.0,886,AICF,RC,1,NT,FH,0.0,0,-38.38,-29.76,[],0,0,[],[]
32752920,32753750,NA,OLF,0.0,886,AICF,NA,NA,NA,NA,0.0,0,-46.77,-41.09,[],0,0,[],[]
32753750,32754940,NA,MAF,0.0,886,AICF,NA,NA,NA,NA,0.0,0,-39.91,-29.16,[],0,0,[],[]
32754940,32756280,NA,OLF,0.0,886,AICF,NA,NA,NA,NA,0.0,0,-36.75,-24.24,[],0,0,[],[]
32756280,32757080,OCH,CXN,0.0,886,AICF,RC,1,NT,FH,0.0,0,-25.55,-18.06,[],0,0,[],[]
32757080,32758000,NA,NOF,0.0,886,AICF,NA,NA,NA,NA,0.0,0,-35.42,-23.63,[],0,0,[],[]
32758000,32758800,OCH,CXN,0.0,886,AICF,EC,1,NT,FH,0.0,0,-30.97,-21.0,[],0,0,[],[]
32758800,32765090,NA,OLF,0.0,887,pause,NA,NA,NA,NA,0.0,0,-32.58,-14.02,[],0,0,[],[]
32765090,32766200,CHI,CHN,0.0,887,CM,EC,0,NT,FI,1.0,1110,-19.9,-4.41,"[{'Canonical-syllable': '1', 'Growl': '0', 'High-freq-energy': '0', 'Long-island': '0', 'Low-tilt-spectrum': '0', 'Medium-island': '2', 'Short-island': '0', 'Squeal': '0', 'Typical-entropy': '1', 'Voicing-quality': '3', 'Wide-band': '0', 'Xlong-island': '0', 'seq': '1', 'end': 32766.2, 'start': 32765.09}]",0,0,[],[]
32766200,32773640,NA,OLF,0.0,888,pause,NA,NA,NA,NA,0.0,0,-30.55,-6.89,[],0,0,[],[]
32773640,32774700,NA,MAF,0.0,888,pause,NA,NA,NA,NA,0.0,0,-44.01,-39.99,[],0,0,[],[]
32774700,32776040,FEM,FAN,3.87,888,AMF,BC,0,NT,FI,0.0,0,-27.86,-18.25,[],0,0,[],[]
32776040,32776840,NA,OLF,0.0,888,AMF,NA,NA,NA,NA,0.0,0,-22.45,-5.49,[],0,0,[],[]
32776840,32777440,FEM,FAN,1.68,888,AMF,RC,0,NT,FH,0.0,0,-25.08,-19.21,[],0,0,[],[]
32777440,32778670,NA,OLF,0.0,888,AMF,NA,NA,NA,NA,0.0,0,-40.4,-32.39,[],0,0,[],[]
32778670,32779860,FEM,FAN,5.76,888,AMF,EC,0,NT,FH,0.0,0,-24.94,-18.47,[],0,0,[],[]
32779860,32782210,NA,OLF,0.0,889,pause,NA,NA,NA,NA,0.0,0,-39.91,-32.34,[],0,0,[],[]
32782210,32783210,NA,FAF,0.0,889,pause,NA,NA,NA,NA,0.0,0,-38.68,-28.19,[],0,0,[],[]
32783210,32789820,NA,OLF,0.0,889,pause,NA,NA,NA,NA,0.0,0,-33.61,-20.74,[],0,0,[],[]
32789820,32790620,NA,NOF,0.0,889,pause,NA,NA,NA,NA,0.0,0,-42.14,-36.71,[],0,0,[],[]
32790620,32795710,NA,OLF,0.0,889,pause,NA,NA,NA,NA,0.0,0,-32.51,-6.37,[],0,0,[],[]
32795710,32796510,NA,NOF,0.0,889,pause,NA,NA,NA,NA,0.0,0,-44.48,-36.05,[],0,0,[],[]
32796510,32803670,NA,OLN,0.0,889,pause,NA,NA,NA,NA,0.0,0,-37.51,-30.53,[],0,0,[],[]
32803670,32805840,NA,NON,0.0,889,pause,NA,NA,NA,NA,0.0,0,-34.39,-27.65,[],0,0,[],[]
32805840,32809350,NA,OLN,0.0,889,pause,NA,NA,NA,NA,0.0,0,-32.94,-27.12,[],0,0,[],[]
32809350,32810250,OCH,CXN,0.0,889,XM,EC,0,NT,FI,0.0,0,-27.45,-21.81,[],0,0,[],[]
32810250,32812080,NA,OLN,0.0,890,pause,NA,NA,NA,NA,0.0,0,-24.77,-16.32,[],0,0,[],[]
32812080,32812690,CHI,CHN,0.0,890,pause,NA,NA,NA,NA,0.0,0,-19.42,-13.87,[],0,610,[],"[{'start': 32812.08, 'end': 32812.69}]"
32812690,32829380,NA,OLN,0.0,890,pause,NA,NA,NA,NA,0.0,0,-33.21,-8.78,[],0,0,[],[]
32829380,32830410,MAL,MAN,0.0,890,pause,NA,NA,NA,NA,0.0,0,-38.24,-33.84,[],1030,0,[],[]
32830410,32833220,NA,OLN,0.0,890,pause,NA,NA,NA,NA,0.0,0,-18.36,-2.22,[],0,0,[],[]
32833220,32834030,OCH,CXN,0.0,890,XM,EC,0,NT,FI,0.0,0,-35.68,-27.45,[],0,0,[],[]
32834030,32837260,NA,OLF,0.0,891,pause,NA,NA,NA,NA,0.0,0,-38.49,-25.32,[],0,0,[],[]
32837260,32838350,NA,MAF,0.0,891,pause,NA,NA,NA,NA,0.0,0,-41.73,-33.42,[],0,0,[],[]
32838350,32844120,NA,OLF,0.0,891,pause,NA,NA,NA,NA,0.0,0,-34.86,-13.59,[],0,0,[],[]
32844120,32844980,NA,CXF,0.0,891,pause,NA,NA,NA,NA,0.0,0,-37.85,-30.72,[],0,0,[],[]
32844980,32861130,NA,OLF,0.0,891,pause,NA,NA,NA,NA,0.0,0,-33.15,-5.54,[],0,0,[],[]
32861130,32862460,NA,MAF,0.0,891,pause,NA,NA,NA,NA,0.0,0,-41.98,-35.29,[],0,0,[],[]
32862460,32868040,NA,OLF,0.0,891,pause,NA,NA,NA,NA,0.0,0,-38.51,-29.17,[],0,0,[],[]
32868040,32868850,NA,CXF,0.0,891,pause,NA,NA,NA,NA,0.0,0,-42.6,-37.27,[],0,0,[],[]
32868850,32869850,NA,MAF,0.0,891,pause,NA,NA,NA,NA,0.0,0,-44.17,-38.12,[],0,0,[],[]
32869850,32870680,NA,FAF,0.0,891,pause,NA,NA,NA,NA,0.0,0,-46.1,-39.38,[],0,0,[],[]
32870680,32876550,NA,OLF,0.0,891,pause,NA,NA,NA,NA,0.0,0,-35.73,-14.4,[],0,0,[],[]
32876550,32877700,OCH,CXN,0.0,891,XM,BC,0,NT,FI,0.0,0,-29.93,-22.27,[],0,0,[],[]
32877700,32880390,NA,OLN,0.0,891,XM,NA,NA,NA,NA,0.0,0,-33.43,-24.11,[],0,0,[],[]
32880390,32882840,OCH,CXN,0.0,891,XM,RC,0,NT,FH,0.0,0,-30.89,-20.57,[],0,0,[],[]
32882840,32883920,NA,FAF,0.0,891,XM,NA,NA,NA,NA,0.0,0,-45.42,-37.65,[],0,0,[],[]
32883920,32884840,NA,OLN,0.0,891,XM,NA,NA,NA,NA,0.0,0,-39.72,-34.65,[],0,0,[],[]
32884840,32885640,OCH,CXN,0.0,891,XM,RC,0,NT,FH,0.0,0,-25.99,-19.08,[],0,0,[],[]
32885640,32887130,NA,OLN,0.0,891,XM,NA,NA,NA,NA,0.0,0,-33.25,-25.06,[],0,0,[],[]
32887130,32889060,OCH,CXN,0.0,891,XM,EC,0,NT,FH,0.0,0,-30.63,-23.29,[],0,0,[],[]
32889060,32892040,NA,OLF,0.0,892,pause,NA,NA,NA,NA,0.0,0,-35.47,-21.81,[],0,0,[],[]
32892040,32893180,NA,NOF,0.0,892,pause,NA,NA,NA,NA,0.0,0,-21.1,-5.44,[],0,0,[],[]
32893180,32898210,NA,OLN,0.0,892,pause,NA,NA,NA,NA,0.0,0,-32.34,-13.37,[],0,0,[],[]
32898210,32899020,OCH,CXN,0.0,892,XM,EC,0,NT,FI,0.0,0,-37.03,-31.05,[],0,0,[],[]
32899020,32903330,NA,OLN,0.0,893,pause,NA,NA,NA,NA,0.0,0,-37.08,-28.57,[],0,0,[],[]
32903330,32907420,NA,OLF,0.0,893,pause,NA,NA,NA,NA,0.0,0,-39.25,-31.28,[],0,0,[],[]
32907420,32908220,NA,NOF,0.0,893,pause,NA,NA,NA,NA,0.0,0,-41.94,-37.08,[],0,0,[],[]
32908220,32914910,NA,OLF,0.0,893,pause,NA,NA,NA,NA,0.0,0,-36.82,-24.74,[],0,0,[],[]
32914910,32916020,NA,MAF,0.0,893,pause,NA,NA,NA,NA,0.0,0,-41.33,-35.38,[],0,0,[],[]
32916020,32927570,NA,OLF,0.0,893,pause,NA,NA,NA,NA,0.0,0,-36.62,-23.51,[],0,0,[],[]
32927570,32928370,NA,MAF,0.0,893,pause,NA,NA,NA,NA,0.0,0,-43.26,-36.15,[],0,0,[],[]
32928370,32933180,NA,OLF,0.0,893,pause,NA,NA,NA,NA,0.0,0,-38.92,-29.89,[],0,0,[],[]
32933180,32934180,MAL,MAN,4.43,893,AIOCCXM,BC,0,NT,FI,0.0,0,-32.0,-14.51,[],0,0,[],[]
32934180,32937590,NA,OLN,0.0,893,AIOCCXM,NA,NA,NA,NA,0.0,0,-35.01,-25.08,[],0,0,[],[]
32937590,32938400,OCH,CXN,0.0,893,AIOCCXM,RC,0,NT,FI,0.0,0,-22.74,-14.98,[],0,0,[],[]
32938400,32939230,NA,OLN,0.0,893,AIOCCXM,NA,NA,NA,NA,0.0,0,-31.69,-23.13,[],0,0,[],[]
32939230,32940200,CHI,CHN,0.0,893,AIOCCXM,RC,0,NT,FI,1.0,970,-16.23,-10.62,"[{'Canonical-syllable': '0', 'Growl': '0', 'High-freq-energy': '0', 'Long-island': '0', 'Low-tilt-spectrum': '1', 'Medium-island': '0', 'Short-island': '0', 'Squeal': '0', 'Typical-entropy': '1', 'Voicing-quality': '1', 'Wide-band': '0', 'Xlong-island': '1', 'seq': '1', 'end': 32940.2, 'start': 32939.23}]",0,0,[],[]
32940200,32941080,NA,OLN,0.0,893,AIOCCXM,NA,NA,NA,NA,0.0,0,-29.54,-17.01,[],0,0,[],[]
32941080,32941910,OCH,CXN,0.0,893,AIOCCXM,RC,0,NT,FI,0.0,0,-18.69,-10.34,[],0,0,[],[]
32941910,32942920,NA,OLN,0.0,893,AIOCCXM,NA,NA,NA,NA,0.0,0,-21.24,-6.77,[],0,0,[],[]
32942920,32943530,CHI,CHN,0.0,893,AIOCCXM,NA,NA,NA,NA,0.0,0,-21.98,-15.21,[],0,500,[],"[{'start': 32942.92, 'end': 32943.42}]"
32943530,32944330,NA,OLN,0.0,893,AIOCCXM,NA,NA,NA,NA,0.0,0,-30.35,-22.08,[],0,0,[],[]
32944330,32945170,OCH,CXN,0.0,893,AIOCCXM,EC,0,NT,FH,0.0,0,-26.56,-21.39,[],0,0,[],[]
32945170,32949060,NA,OLN,0.0,894,pause,NA,NA,NA,NA,0.0,0,-22.17,-3.88,[],0,0,[],[]
32949060,32950500,CHI,CHN,0.0,894,pause,NA,NA,NA,NA,0.0,0,-14.8,-8.64,[],0,1440,"[{'start': 32949.06, 'end': 32950.5}]",[]
32950500,32953250,NA,OLN,0.0,894,pause,NA,NA,NA,NA,0.0,0,-27.53,-16.06,[],0,0,[],[]
32953250,32953850,OCH,CXN,0.0,894,XIOCA,BC,0,NT,FI,0.0,0,-15.15,-8.45,[],0,0,[],[]
32953850,32955080,OCH,CXN,0.0,894,XIOCA,RC,0,NT,FH,0.0,0,-17.37,-8.69,[],0,0,[],[]
32955080,32956260,FEM,FAN,8.82,894,XIOCA,RC,0,NT,FI,0.0,0,-29.59,-23.09,[],0,0,[],[]
32956260,32957090,NA,OLN,0.0,894,XIOCA,NA,NA,NA,NA,0.0,0,-28.17,-18.4,[],0,0,[],[]
32957090,32958630,OCH,CXN,0.0,894,XIOCA,RC,0,NT,FI,0.0,0,-20.17,-10.36,[],0,0,[],[]
32958630,32959230,OCH,CXN,0.0,894,XIOCA,RC,0,NT,FH,0.0,0,-13.5,-10.07,[],0,0,[],[]
32959230,32960370,OCH,CXN,0.0,894,XIOCA,RC,0,NT,FH,0.0,0,-19.67,-10.35,[],0,0,[],[]
32960370,32961500,FEM,FAN,3.67,894,XIOCA,RC,0,NT,FI,0.0,0,-34.09,-25.9,[],0,0,[],[]
32961500,32962650,OCH,CXN,0.0,894,XIOCA,RC,0,NT,FI,0.0,0,-17.8,-11.37,[],0,0,[],[]
32962650,32963690,NA,OLN,0.0,894,XIOCA,NA,NA,NA,NA,0.0,0,-31.83,-24.23,[],0,0,[],[]
32963690,32964490,NA,FAF,0.0,894,XIOCA,NA,NA,NA,NA,0.0,0,-38.84,-29.26,[],0,0,[],[]
32964490,32965430,OCH,CXN,0.0,894,XIOCA,RC,0,NT,FH,0.0,0,-25.18,-20.23,[],0,0,[],[]
32965430,32966050,OCH,CXN,0.0,894,XIOCA,RC,0,NT,FH,0.0,0,-24.42,-18.78,[],0,0,[],[]
32966050,32967360,NA,OLN,0.0,894,XIOCA,NA,NA,NA,NA,0.0,0,-36.63,-27.44,[],0,0,[],[]
32967360,32968460,OCH,CXN,0.0,894,XIOCA,RC,0,NT,FH,0.0,0,-24.25,-19.94,[],0,0,[],[]
32968460,32969260,NA,OLN,0.0,894,XIOCA,NA,NA,NA,NA,0.0,0,-24.54,-18.73,[],0,0,[],[]
32969260,32970010,OCH,CXN,0.0,894,XIOCA,RC,0,NT,FH,0.0,0,-24.0,-18.57,[],0,0,[],[]
32970010,32970830,OCH,CXN,0.0,894,XIOCA,RC,0,NT,FH,0.0,0,-19.19,-15.21,[],0,0,[],[]
32970830,32971450,OCH,CXN,0.0,894,XIOCA,RC,0,NT,FH,0.0,0,-20.93,-12.3,[],0,0,[],[]
32971450,32972360,NA,OLN,0.0,894,XIOCA,NA,NA,NA,NA,0.0,0,-18.3,-8.86,[],0,0,[],[]
32972360,32973360,FEM,FAN,8.21,894,XIOCA,EC,0,NT,FI,0.0,0,-21.85,-13.87,[],0,0,[],[]
32973360,32977470,NA,OLN,0.0,895,pause,NA,NA,NA,NA,0.0,0,-25.77,-12.99,[],0,0,[],[]
32977470,32978470,NA,FAF,0.0,895,pause,NA,NA,NA,NA,0.0,0,-34.95,-21.96,[],0,0,[],[]
32978470,32979300,NA,OLN,0.0,895,pause,NA,NA,NA,NA,0.0,0,-19.81,-14.46,[],0,0,[],[]
32979300,32979910,OCH,CXN,0.0,895,XIOCA,BC,0,NT,FI,0.0,0,-23.32,-17.17,[],0,0,[],[]
32979910,32980800,OCH,CXN,0.0,895,XIOCA,RC,0,NT,FH,0.0,0,-32.02,-27.3,[],0,0,[],[]
32980800,32981810,NA,OLN,0.0,895,XIOCA,NA,NA,NA,NA,0.0,0,-29.67,-22.4,[],0,0,[],[]
32981810,32982610,OCH,CXN,0.0,895,XIOCA,RC,0,NT,FH,0.0,0,-27.72,-19.63,[],0,0,[],[]
32982610,32986030,NA,OLN,0.0,895,XIOCA,NA,NA,NA,NA,0.0,0,-20.14,-11.29,[],0,0,[],[]
32986030,32987090,MAL,MAN,6.37,895,XIOCA,RC,0,NT,FI,0.0,0,-26.49,-19.92,[],0,0,[],[]
32987090,32988570,FEM,FAN,5.4,895,XIOCA,RC,0,NT,FI,0.0,0,-24.27,-16.96,[],0,0,[],[]
32988570,32989710,NA,NOF,0.0,895,XIOCA,NA,NA,NA,NA,0.0,0,-48.11,-41.55,[],0,0,[],[]
32989710,32990580,NA,OLF,0.0,895,XIOCA,NA,NA,NA,NA,0.0,0,-32.35,-22.48,[],0,0,[],[]
32990580,32991650,MAL,MAN,4.4,895,XIOCA,EC,0,NT,FI,0.0,0,-25.1,-16.3,[],0,0,[],[]
32991650,32996830,NA,OLN,0.0,896,pause,NA,NA,NA,NA,0.0,0,-26.63,-16.13,[],0,0,[],[]
32996830,32998020,MAL,MAN,10.42,896,AIOCM,BC,0,NT,FI,0.0,0,-30.37,-22.44,[],0,0,[],[]
32998020,32999020,OCH,CXN,0.0,896,AIOCM,RC,0,NT,FI,0.0,0,-31.9,-21.72,[],0,0,[],[]
32999020,32999870,NA,OLN,0.0,896,AIOCM,NA,NA,NA,NA,0.0,0,-33.41,-27.98,[],0,0,[],[]
32999870,33000840,OCH,CXN,0.0,896,AIOCM,EC,0,NT,FH,0.0,0,-31.87,-25.63,[],0,0,[],[]
33000840,33001770,NA,OLF,0.0,897,pause,NA,NA,NA,NA,0.0,0,-39.79,-33.24,[],0,0,[],[]
33001770,33002770,NA,MAF,0.0,897,pause,NA,NA,NA,NA,0.0,0,-36.24,-27.49,[],0,0,[],[]
33002770,33003680,NA,OLF,0.0,897,pause,NA,NA,NA,NA,0.0,0,-41.24,-33.95,[],0,0,[],[]
33003680,33004690,NA,MAF,0.0,897,pause,NA,NA,NA,NA,0.0,0,-40.44,-35.05,[],0,0,[],[]
33004690,33011130,NA,OLF,0.0,897,pause,NA,NA,NA,NA,0.0,0,-33.56,-9.33,[],0,0,[],[]
33011130,33011940,NA,NOF,0.0,897,pause,NA,NA,NA,NA,0.0,0,-40.11,-26.79,[],0,0,[],[]
33011940,33013400,NA,OLF,0.0,897,pause,NA,NA,NA,NA,0.0,0,-27.26,-11.74,[],0,0,[],[]
33013400,33014210,NA,NOF,0.0,897,pause,NA,NA,NA,NA,0.0,0,-31.55,-17.9,[],0,0,[],[]
33014210,33015640,NA,OLF,0.0,897,pause,NA,NA,NA,NA,0.0,0,-42.2,-32.3,[],0,0,[],[]
33015640,33016780,NA,MAF,0.0,897,pause,NA,NA,NA,NA,0.0,0,-42.79,-35.12,[],0,0,[],[]
33016780,33017580,NA,OLF,0.0,897,pause,NA,NA,NA,NA,0.0,0,-39.93,-34.48,[],0,0,[],[]
33017580,33018590,OCH,CXN,0.0,897,XM,EC,0,NT,FI,0.0,0,-28.45,-19.33,[],0,0,[],[]
33018590,33020470,NA,MAF,0.0,898,pause,NA,NA,NA,NA,0.0,0,-35.97,-19.2,[],0,0,[],[]
33020470,33021280,NA,NOF,0.0,898,pause,NA,NA,NA,NA,0.0,0,-21.3,-11.02,[],0,0,[],[]
33021280,33022560,NA,OLF,0.0,898,pause,NA,NA,NA,NA,0.0,0,-24.27,-5.36,[],0,0,[],[]
33022560,33023510,NA,NOF,0.0,898,pause,NA,NA,NA,NA,0.0,0,-43.65,-36.18,[],0,0,[],[]
33023510,33024530,NA,MAF,0.0,898,pause,NA,NA,NA,NA,0.0,0,-39.4,-30.65,[],0,0,[],[]
33024530,33025410,OCH,CXN,0.0,898,XIOCA,BC,0,NT,FI,0.0,0,-40.06,-29.94,[],0,0,[],[]
33025410,33028910,NA,OLN,0.0,898,XIOCA,NA,NA,NA,NA,0.0,0,-23.5,-5.39,[],0,0,[],[]
33028910,33030400,OCH,CXN,0.0,898,XIOCA,RC,0,NT,FH,0.0,0,-35.14,-28.28,[],0,0,[],[]
33030400,33034800,NA,OLF,0.0,898,XIOCA,NA,NA,NA,NA,0.0,0,-25.1,-6.33,[],0,0,[],[]
33034800,33035920,MAL,MAN,1.24,898,XIOCA,RC,0,NT,FI,0.0,0,-33.65,-24.16,[],0,0,[],[]
33035920,33038340,NA,OLN,0.0,898,XIOCA,NA,NA,NA,NA,0.0,0,-35.45,-26.39,[],0,0,[],[]
33038340,33039590,OCH,CXN,0.0,898,XIOCA,RC,0,NT,FI,0.0,0,-31.61,-23.72,[],0,0,[],[]
33039590,33040590,NA,MAF,0.0,898,XIOCA,NA,NA,NA,NA,0.0,0,-35.58,-28.38,[],0,0,[],[]
33040590,33041750,NA,OLN,0.0,898,XIOCA,NA,NA,NA,NA,0.0,0,-22.57,-9.46,[],0,0,[],[]
33041750,33042760,OCH,CXN,0.0,898,XIOCA,RC,0,NT,FH,0.0,0,-32.93,-25.01,[],0,0,[],[]
33042760,33043590,OCH,CXN,0.0,898,XIOCA,RC,0,NT,FH,0.0,0,-32.19,-24.3,[],0,0,[],[]
33043590,33044760,NA,TVN,0.0,898,XIOCA,NA,NA,NA,NA,0.0,0,-34.75,-24.98,[],0,0,[],[]
33044760,33045580,NA,OLN,0.0,898,XIOCA,NA,NA,NA,NA,0.0,0,-33.73,-24.28,[],0,0,[],[]
33045580,33046550,OCH,CXN,0.0,898,XIOCA,RC,0,NT,FH,0.0,0,-36.67,-24.91,[],0,0,[],[]
33046550,33047370,NA,OLN,0.0,898,XIOCA,NA,NA,NA,NA,0.0,0,-31.06,-17.59,[],0,0,[],[]
33047370,33048180,NA,NON,0.0,898,XIOCA,NA,NA,NA,NA,0.0,0,-25.38,-9.56,[],0,0,[],[]
33048180,33049210,NA,OLN,0.0,898,XIOCA,NA,NA,NA,NA,0.0,0,-34.95,-25.79,[],0,0,[],[]
33049210,33050280,OCH,CXN,0.0,898,XIOCA,EC,0,NT,FH,0.0,0,-34.01,-24.74,[],0,0,[],[]
33050280,33053280,NA,OLN,0.0,899,pause,NA,NA,NA,NA,0.0,0,-37.51,-28.68,[],0,0,[],[]
33053280,33054110,NA,NOF,0.0,899,pause,NA,NA,NA,NA,0.0,0,-37.86,-31.28,[],0,0,[],[]
33054110,33058950,NA,OLN,0.0,899,pause,NA,NA,NA,NA,0.0,0,-27.42,-6.83,[],0,0,[],[]
33058950,33059550,CHI,CHN,0.0,899,CM,EC,0,NT,FI,1.0,600,-28.71,-16.54,"[{'Canonical-syllable': '0', 'Growl': '1', 'High-freq-energy': '1', 'Long-island': '0', 'Low-tilt-spectrum': '1', 'Medium-island': '1', 'Short-island': '0', 'Squeal': '0', 'Typical-entropy': '1', 'Voicing-quality': '1', 'Wide-band': '0', 'Xlong-island': '0', 'seq': '1', 'end': 33059.55, 'start': 33058.95}]",0,0,[],[]
33059550,33061310,NA,OLN,0.0,900,pause,NA,NA,NA,NA,0.0,0,-25.76,-7.94,[],0,0,[],[]
33061310,33062220,NA,NON,0.0,900,pause,NA,NA,NA,NA,0.0,0,-29.36,-19.24,[],0,0,[],[]
33062220,33066180,NA,OLN,0.0,900,pause,NA,NA,NA,NA,0.0,0,-29.6,-8.29,[],0,0,[],[]
33066180,33067180,NA,OLF,0.0,900,pause,NA,NA,NA,NA,0.0,0,-35.97,-29.87,[],0,0,[],[]
33067180,33069580,NA,OLN,0.0,900,pause,NA,NA,NA,NA,0.0,0,-34.52,-25.96,[],0,0,[],[]
33069580,33070510,FEM,FAN,4.18,900,AMF,EC,0,NT,FI,0.0,0,-31.47,-25.31,[],0,0,[],[]
33070510,33077560,NA,OLN,0.0,901,pause,NA,NA,NA,NA,0.0,0,-31.0,-9.95,[],0,0,[],[]
33077560,33078360,NA,NON,0.0,901,pause,NA,NA,NA,NA,0.0,0,-28.59,-21.98,[],0,0,[],[]
33078360,33079610,NA,OLN,0.0,901,pause,NA,NA,NA,NA,0.0,0,-30.28,-23.48,[],0,0,[],[]
33079610,33080760,MAL,MAN,9.84,901,AMM,EC,0,NT,FI,0.0,0,-35.57,-30.03,[],0,0,[],[]
33080760,33081620,NA,OLF,0.0,902,pause,NA,NA,NA,NA,0.0,0,-39.68,-34.93,[],0,0,[],[]
33081620,33082880,NA,MAF,0.0,902,pause,NA,NA,NA,NA,0.0,0,-39.15,-33.81,[],0,0,[],[]
33082880,33093450,NA,OLN,0.0,902,pause,NA,NA,NA,NA,0.0,0,-35.88,-27.9,[],0,0,[],[]
33093450,33094380,NA,OLF,0.0,902,pause,NA,NA,NA,NA,0.0,0,-41.22,-33.44,[],0,0,[],[]
33094380,33107550,NA,OLN,0.0,902,pause,NA,NA,NA,NA,0.0,0,-35.25,-24.78,[],0,0,[],[]
33107550,33108630,MAL,MAN,0.0,902,pause,NA,NA,NA,NA,0.0,0,-36.1,-26.12,[],1080,0,[],[]
33108630,33110380,NA,OLN,0.0,902,pause,NA,NA,NA,NA,0.0,0,-36.4,-28.6,[],0,0,[],[]
33110380,33111220,NA,FAF,0.0,902,pause,NA,NA,NA,NA,0.0,0,-42.02,-35.34,[],0,0,[],[]
33111220,33112800,NA,OLN,0.0,902,pause,NA,NA,NA,NA,0.0,0,-30.43,-10.65,[],0,0,[],[]
33112800,33115560,OCH,CXN,0.0,902,XIC,BC,0,NT,FI,0.0,0,-40.92,-33.02,[],0,0,[],[]
33115560,33116240,NA,CHF,0.0,902,XIC,NA,NA,NA,NA,0.0,0,-39.63,-32.74,[],0,680,[],"[{'start': 33115.56, 'end': 33116.24}]"
33116240,33118750,NA,OLN,0.0,902,XIC,NA,NA,NA,NA,0.0,0,-35.76,-25.94,[],0,0,[],[]
33118750,33119770,MAL,MAN,5.46,902,XIC,RC,0,NT,FI,0.0,0,-37.95,-28.1,[],0,0,[],[]
33119770,33120570,NA,CXF,0.0,902,XIC,NA,NA,NA,NA,0.0,0,-40.32,-35.33,[],0,0,[],[]
33120570,33123120,NA,OLF,0.0,902,XIC,NA,NA,NA,NA,0.0,0,-39.24,-30.83,[],0,0,[],[]
33123120,33124170,MAL,MAN,3.7,902,XIC,RC,0,NT,FH,0.0,0,-38.26,-29.49,[],0,0,[],[]
33124170,33125080,NA,OLN,0.0,902,XIC,NA,NA,NA,NA,0.0,0,-34.62,-30.09,[],0,0,[],[]
33125080,33126180,OCH,CXN,0.0,902,XIC,RC,0,NT,FI,0.0,0,-30.47,-20.92,[],0,0,[],[]
33126180,33127400,OCH,CXN,0.0,902,XIC,RC,0,NT,FH,0.0,0,-30.17,-20.46,[],0,0,[],[]
33127400,33130240,NA,OLN,0.0,902,XIC,NA,NA,NA,NA,0.0,0,-34.2,-15.38,[],0,0,[],[]
33130240,33131060,NA,NOF,0.0,902,XIC,NA,NA,NA,NA,0.0,0,-37.48,-28.11,[],0,0,[],[]
33131060,33132060,OCH,CXN,0.0,902,XIC,RC,0,NT,FH,0.0,0,-21.03,-12.79,[],0,0,[],[]
33132060,33133320,NA,OLN,0.0,902,XIC,NA,NA,NA,NA,0.0,0,-22.53,-5.06,[],0,0,[],[]
33133320,33134290,OCH,CXN,0.0,902,XIC,RC,0,NT,FH,0.0,0,-35.06,-27.12,[],0,0,[],[]
33134290,33136530,NA,OLN,0.0,902,XIC,NA,NA,NA,NA,0.0,0,-25.89,-13.26,[],0,0,[],[]
33136530,33137540,NA,TVN,0.0,902,XIC,NA,NA,NA,NA,0.0,0,-40.63,-31.97,[],0,0,[],[]
33137540,33139080,NA,OLN,0.0,902,XIC,NA,NA,NA,NA,0.0,0,-25.76,-17.31,[],0,0,[],[]
33139080,33140390,OCH,CXN,0.0,902,XIC,RC,0,NT,FH,0.0,0,-30.15,-23.66,[],0,0,[],[]
33140390,33141190,NA,OLN,0.0,902,XIC,NA,NA,NA,NA,0.0,0,-37.89,-26.99,[],0,0,[],[]
33141190,33143490,OCH,CXN,0.0,902,XIC,RC,0,NT,FH,0.0,0,-17.65,-9.52,[],0,0,[],[]
33143490,33144400,NA,OLN,0.0,902,XIC,NA,NA,NA,NA,0.0,0,-21.52,-12.53,[],0,0,[],[]
33144400,33145200,OCH,CXN,0.0,902,XIC,RC,0,NT,FH,0.0,0,-22.47,-14.39,[],0,0,[],[]
33145200,33145800,CHI,CHN,0.0,902,XIC,RC,0,NT,FI,1.0,600,-15.58,-8.44,"[{'Canonical-syllable': '1', 'Growl': '0', 'High-freq-energy': '0', 'Long-island': '0', 'Low-tilt-spectrum': '1', 'Medium-island': '0', 'Short-island': '2', 'Squeal': '1', 'Typical-entropy': '2', 'Voicing-quality': '2', 'Wide-band': '0', 'Xlong-island': '0', 'seq': '1', 'end': 33145.8, 'start': 33145.3}]",0,0,[],[]
33145800,33147270,NA,OLN,0.0,902,XIC,NA,NA,NA,NA,0.0,0,-19.55,-10.26,[],0,0,[],[]
33147270,33147980,CHI,CHN,0.0,902,XIC,NA,NA,NA,NA,0.0,0,-14.28,-4.18,[],0,380,"[{'start': 33147.27, 'end': 33147.65}]",[]
33147980,33149330,OCH,CXN,0.0,902,XIC,RC,0,NT,FI,0.0,0,-22.23,-8.42,[],0,0,[],[]
33149330,33150160,CHI,CHN,0.0,902,XIC,RC,0,NT,FI,1.0,240,-20.02,-9.73,"[{'Canonical-syllable': '0', 'Growl': '0', 'High-freq-energy': '0', 'Long-island': '0', 'Low-tilt-spectrum': '1', 'Medium-island': '0', 'Short-island': '1', 'Squeal': '0', 'Typical-entropy': '1', 'Voicing-quality': '1', 'Wide-band': '0', 'Xlong-island': '0', 'seq': '1', 'end': 33149.57, 'start': 33149.33}]",0,0,[],[]
33150160,33151030,OCH,CXN,0.0,902,XIC,RC,0,NT,FI,0.0,0,-36.18,-30.24,[],0,0,[],[]
33151030,33152720,NA,OLF,0.0,902,XIC,NA,NA,NA,NA,0.0,0,-29.76,-13.22,[],0,0,[],[]
33152720,33153720,CHI,CHN,0.0,902,XIC,RC,0,NT,FI,1.0,1000,-14.98,-9.58,"[{'Canonical-syllable': '0', 'Growl': '0', 'High-freq-energy': '0', 'Long-island': '0', 'Low-tilt-spectrum': '1', 'Medium-island': '0', 'Short-island': '0', 'Squeal': '0', 'Typical-entropy': '0', 'Voicing-quality': '1', 'Wide-band': '0', 'Xlong-island': '1', 'seq': '1', 'end': 33153.72, 'start': 33152.72}]",0,0,[],[]
33153720,33154530,NA,OLF,0.0,902,XIC,NA,NA,NA,NA,0.0,0,-34.92,-19.98,[],0,0,[],[]
33154530,33155350,NA,NOF,0.0,902,XIC,NA,NA,NA,NA,0.0,0,-46.38,-39.08,[],0,0,[],[]
33155350,33156260,CHI,CHN,0.0,902,XIC,NA,NA,NA,NA,0.0,0,-15.83,-9.56,[],0,740,"[{'start': 33155.52, 'end': 33156.26}]",[]
33156260,33157070,OCH,CXN,0.0,902,XIC,RC,0,NT,FI,0.0,0,-22.26,-16.48,[],0,0,[],[]
33157070,33158070,CHI,CHN,0.0,902,XIC,RC,0,TIFI,FI,1.0,1000,-16.47,-6.45,"[{'Canonical-syllable': '0', 'Growl': '0', 'High-freq-energy': '0', 'Long-island': '0', 'Low-tilt-spectrum': '0', 'Medium-island': '1', 'Short-island': '0', 'Squeal': '0', 'Typical-entropy': '1', 'Voicing-quality': '2', 'Wide-band': '0', 'Xlong-island': '0', 'seq': '1', 'end': 33158.07, 'start': 33157.33}]",0,0,[],[]
33158070,33161250,NA,OLN,0.0,902,XIC,NA,NA,NA,NA,0.0,0,-25.34,-7.61,[],0,0,[],[]
33161250,33162250,CHI,CHN,0.0,902,XIC,NA,NA,NA,NA,0.0,0,-17.96,-10.89,[],0,770,"[{'start': 33161.48, 'end': 33162.25}]",[]
33162250,33163050,NA,OLN,0.0,902,XIC,NA,NA,NA,NA,0.0,0,-20.62,-10.51,[],0,0,[],[]
33163050,33164100,FEM,FAN,4.82,902,XIC,RC,1,TIFR,FI,0.0,0,-23.21,-13.57,[],0,0,[],[]
33164100,33165100,MAL,MAN,9.28,902,XIC,RC,1,NT,FI,0.0,0,-27.69,-22.01,[],0,0,[],[]
33165100,33166380,NA,OLN,0.0,902,XIC,NA,NA,NA,NA,0.0,0,-20.96,-5.71,[],0,0,[],[]
33166380,33167380,FEM,FAN,3.21,902,XIC,EC,1,NT,FI,0.0,0,-30.51,-21.51,[],0,0,[],[]
33167380,33169950,NA,OLN,0.0,903,pause,NA,NA,NA,NA,0.0,0,-26.36,-15.35,[],0,0,[],[]
33169950,33170760,NA,OLF,0.0,903,pause,NA,NA,NA,NA,0.0,0,-39.41,-29.84,[],0,0,[],[]
33170760,33191160,NA,OLN,0.0,903,pause,NA,NA,NA,NA,0.0,0,-26.45,-4.51,[],0,0,[],[]
33191160,33191790,CHI,CHN,0.0,903,pause,NA,NA,NA,NA,0.0,0,-20.58,-16.64,[],0,630,"[{'start': 33191.16, 'end': 33191.79}]",[]
33191790,33194320,NA,OLN,0.0,903,pause,NA,NA,NA,NA,0.0,0,-25.1,-15.99,[],0,0,[],[]
33194320,33196010,NA,NON,0.0,903,pause,NA,NA,NA,NA,0.0,0,-23.45,-12.27,[],0,0,[],[]
33196010,33197510,NA,OLF,0.0,903,pause,NA,NA,NA,NA,0.0,0,-28.76,-14.37,[],0,0,[],[]
33197510,33199580,NA,TVF,0.0,903,pause,NA,NA,NA,NA,0.0,0,-42.95,-31.51,[],0,0,[],[]
33199580,33201120,NA,OLF,0.0,903,pause,NA,NA,NA,NA,0.0,0,-38.28,-25.49,[],0,0,[],[]
33201120,33202150,FEM,FAN,3.64,903,AMF,EC,0,NT,FI,0.0,0,-17.13,-2.52,[],0,0,[],[]
33202150,33202950,NA,OLF,0.0,904,pause,NA,NA,NA,NA,0.0,0,-40.65,-36.96,[],0,0,[],[]
33202950,33203750,NA,NOF,0.0,904,pause,NA,NA,NA,NA,0.0,0,-34.75,-20.53,[],0,0,[],[]
33203750,33204550,NA,CXF,0.0,904,pause,NA,NA,NA,NA,0.0,0,-40.08,-32.73,[],0,0,[],[]
33204550,33205500,NA,OLF,0.0,904,pause,NA,NA,NA,NA,0.0,0,-40.35,-31.37,[],0,0,[],[]
33205500,33206680,NA,NON,0.0,904,pause,NA,NA,NA,NA,0.0,0,-18.14,-0.97,[],0,0,[],[]
33206680,33207480,NA,MAF,0.0,904,pause,NA,NA,NA,NA,0.0,0,-36.66,-25.52,[],0,0,[],[]
33207480,33208290,NA,NON,0.0,904,pause,NA,NA,NA,NA,0.0,0,-25.58,-9.97,[],0,0,[],[]
33208290,33213840,NA,OLF,0.0,904,pause,NA,NA,NA,NA,0.0,0,-33.91,-10.01,[],0,0,[],[]
33213840,33215060,NA,MAF,0.0,904,pause,NA,NA,NA,NA,0.0,0,-35.64,-29.7,[],0,0,[],[]
33215060,33218760,NA,OLF,0.0,904,pause,NA,NA,NA,NA,0.0,0,-37.48,-29.44,[],0,0,[],[]
33218760,33219630,NA,NON,0.0,904,pause,NA,NA,NA,NA,0.0,0,-33.5,-28.38,[],0,0,[],[]
33219630,33223050,NA,OLN,0.0,904,pause,NA,NA,NA,NA,0.0,0,-31.7,-13.93,[],0,0,[],[]
33223050,33223850,NA,NON,0.0,904,pause,NA,NA,NA,NA,0.0,0,-33.15,-29.12,[],0,0,[],[]
33223850,33224650,NA,OLF,0.0,904,pause,NA,NA,NA,NA,0.0,0,-33.73,-26.91,[],0,0,[],[]
33224650,33225450,NA,NOF,0.0,904,pause,NA,NA,NA,NA,0.0,0,-38.23,-34.27,[],0,0,[],[]
33225450,33229430,NA,OLN,0.0,904,pause,NA,NA,NA,NA,0.0,0,-20.73,-2.91,[],0,0,[],[]
33229430,33230230,NA,NON,0.0,904,pause,NA,NA,NA,NA,0.0,0,-31.33,-24.76,[],0,0,[],[]
33230230,33234510,NA,OLN,0.0,904,pause,NA,NA,NA,NA,0.0,0,-33.23,-24.95,[],0,0,[],[]
33234510,33235320,NA,NON,0.0,904,pause,NA,NA,NA,NA,0.0,0,-36.51,-28.75,[],0,0,[],[]
33235320,33236150,NA,OLN,0.0,904,pause,NA,NA,NA,NA,0.0,0,-32.36,-27.48,[],0,0,[],[]
33236150,33236950,NA,NON,0.0,904,pause,NA,NA,NA,NA,0.0,0,-35.24,-27.27,[],0,0,[],[]
33236950,33240660,NA,OLN,0.0,904,pause,NA,NA,NA,NA,0.0,0,-34.62,-24.32,[],0,0,[],[]
33240660,33241580,CHI,CHN,0.0,904,pause,NA,NA,NA,NA,0.0,0,-34.83,-26.75,[],0,920,[],"[{'start': 33240.66, 'end': 33241.58}]"
33241580,33246560,NA,OLN,0.0,904,pause,NA,NA,NA,NA,0.0,0,-34.0,-27.1,[],0,0,[],[]
33246560,33247160,CHI,CHN,0.0,904,pause,NA,NA,NA,NA,0.0,0,-26.86,-13.04,[],0,90,[],"[{'start': 33246.93, 'end': 33247.02}]"
33247160,33250690,NA,OLN,0.0,904,pause,NA,NA,NA,NA,0.0,0,-31.66,-17.02,[],0,0,[],[]
33250690,33251490,NA,NON,0.0,904,pause,NA,NA,NA,NA,0.0,0,-32.12,-24.71,[],0,0,[],[]
33251490,33252860,NA,OLN,0.0,904,pause,NA,NA,NA,NA,0.0,0,-28.75,-9.83,[],0,0,[],[]
33252860,33253660,NA,NON,0.0,904,pause,NA,NA,NA,NA,0.0,0,-29.82,-25.32,[],0,0,[],[]
33253660,33260660,NA,OLN,0.0,904,pause,NA,NA,NA,NA,0.0,0,-36.26,-27.96,[],0,0,[],[]
33260660,33261460,NA,NOF,0.0,904,pause,NA,NA,NA,NA,0.0,0,-36.45,-30.92,[],0,0,[],[]
33261460,33264840,NA,OLF,0.0,904,pause,NA,NA,NA,NA,0.0,0,-37.67,-31.4,[],0,0,[],[]
33264840,33265840,NA,MAF,0.0,904,pause,NA,NA,NA,NA,0.0,0,-39.09,-32.93,[],0,0,[],[]
33265840,33268370,NA,OLF,0.0,904,pause,NA,NA,NA,NA,0.0,0,-38.95,-30.57,[],0,0,[],[]
33268370,33269170,NA,CXF,0.0,904,pause,NA,NA,NA,NA,0.0,0,-39.82,-34.16,[],0,0,[],[]
33269170,33270920,NA,OLN,0.0,904,pause,NA,NA,NA,NA,0.0,0,-36.21,-26.12,[],0,0,[],[]
33270920,33271920,NA,TVN,0.0,904,pause,NA,NA,NA,NA,0.0,0,-34.79,-27.67,[],0,0,[],[]
33271920,33272720,NA,OLF,0.0,904,pause,NA,NA,NA,NA,0.0,0,-39.01,-33.66,[],0,0,[],[]
33272720,33273720,NA,TVF,0.0,904,pause,NA,NA,NA,NA,0.0,0,-39.24,-29.72,[],0,0,[],[]
33273720,33278260,NA,OLF,0.0,904,pause,NA,NA,NA,NA,0.0,0,-38.44,-31.08,[],0,0,[],[]
33278260,33279430,NA,TVF,0.0,904,pause,NA,NA,NA,NA,0.0,0,-40.31,-33.91,[],0,0,[],[]
33279430,33281830,NA,OLN,0.0,904,pause,NA,NA,NA,NA,0.0,0,-38.02,-32.41,[],0,0,[],[]
33281830,33282830,NA,TVN,0.0,904,pause,NA,NA,NA,NA,0.0,0,-38.19,-32.51,[],0,0,[],[]
33282830,33283630,NA,OLN,0.0,904,pause,NA,NA,NA,NA,0.0,0,-36.93,-28.16,[],0,0,[],[]
33283630,33284680,NA,MAF,0.0,904,pause,NA,NA,NA,NA,0.0,0,-39.11,-31.71,[],0,0,[],[]
33284680,33288000,NA,OLF,0.0,904,pause,NA,NA,NA,NA,0.0,0,-34.08,-20.2,[],0,0,[],[]
33288000,33288810,OCH,CXN,0.0,904,XM,BC,0,NT,FI,0.0,0,-31.39,-26.85,[],0,0,[],[]
33288810,33290740,NA,OLN,0.0,904,XM,NA,NA,NA,NA,0.0,0,-38.28,-32.39,[],0,0,[],[]
33290740,33291790,OCH,CXN,0.0,904,XM,EC,0,NT,FH,0.0,0,-31.78,-26.31,[],0,0,[],[]
33291790,33293900,NA,OLN,0.0,905,pause,NA,NA,NA,NA,0.0,0,-34.53,-23.94,[],0,0,[],[]
33293900,33294900,NA,TVN,0.0,905,pause,NA,NA,NA,NA,0.0,0,-36.47,-26.06,[],0,0,[],[]
33294900,33296000,NA,OLN,0.0,905,pause,NA,NA,NA,NA,0.0,0,-33.32,-24.7,[],0,0,[],[]
33296000,33297250,NA,TVN,0.0,905,pause,NA,NA,NA,NA,0.0,0,-36.54,-31.07,[],0,0,[],[]
33297250,33298250,NA,MAF,0.0,905,pause,NA,NA,NA,NA,0.0,0,-40.08,-32.72,[],0,0,[],[]
33298250,33299600,NA,OLN,0.0,905,pause,NA,NA,NA,NA,0.0,0,-39.33,-31.24,[],0,0,[],[]
33299600,33301180,NA,TVN,0.0,905,pause,NA,NA,NA,NA,0.0,0,-39.14,-32.95,[],0,0,[],[]
33301180,33301910,CHI,CHN,0.0,905,CIOCX,BC,0,NT,FI,1.0,730,-37.65,-31.51,"[{'Canonical-syllable': '0', 'Growl': '0', 'High-freq-energy': '0', 'Long-island': '1', 'Low-tilt-spectrum': '1', 'Medium-island': '0', 'Short-island': '0', 'Squeal': '1', 'Typical-entropy': '1', 'Voicing-quality': '1', 'Wide-band': '0', 'Xlong-island': '0', 'seq': '1', 'end': 33301.91, 'start': 33301.18}]",0,0,[],[]
33301910,33304610,NA,OLN,0.0,905,CIOCX,NA,NA,NA,NA,0.0,0,-36.68,-28.29,[],0,0,[],[]
33304610,33305410,OCH,CXN,0.0,905,CIOCX,RC,0,NT,FI,0.0,0,-31.54,-23.39,[],0,0,[],[]
33305410,33306210,NA,OLN,0.0,905,CIOCX,NA,NA,NA,NA,0.0,0,-36.05,-28.06,[],0,0,[],[]
33306210,33307020,OCH,CXN,0.0,905,CIOCX,RC,0,NT,FH,0.0,0,-34.42,-23.28,[],0,0,[],[]
33307020,33311980,NA,OLN,0.0,905,CIOCX,NA,NA,NA,NA,0.0,0,-36.02,-24.94,[],0,0,[],[]
33311980,33312990,OCH,CXN,0.0,905,CIOCX,EC,0,NT,FH,0.0,0,-34.69,-27.63,[],0,0,[],[]
33312990,33317310,NA,OLF,0.0,906,pause,NA,NA,NA,NA,0.0,0,-36.87,-26.49,[],0,0,[],[]
33317310,33318540,NA,MAF,0.0,906,pause,NA,NA,NA,NA,0.0,0,-42.71,-35.69,[],0,0,[],[]
33318540,33319350,OCH,CXN,0.0,906,XM,EC,0,NT,FI,0.0,0,-31.65,-24.9,[],0,0,[],[]
33319350,33321050,NA,OLN,0.0,907,pause,NA,NA,NA,NA,0.0,0,-36.59,-28.53,[],0,0,[],[]
33321050,33322700,NA,MAF,0.0,907,pause,NA,NA,NA,NA,0.0,0,-42.48,-35.64,[],0,0,[],[]
33322700,33324080,NA,OLF,0.0,907,pause,NA,NA,NA,NA,0.0,0,-40.08,-33.28,[],0,0,[],[]
33324080,33325090,NA,TVF,0.0,907,pause,NA,NA,NA,NA,0.0,0,-43.13,-35.68,[],0,0,[],[]
33325090,33327640,NA,OLN,0.0,907,pause,NA,NA,NA,NA,0.0,0,-34.98,-24.84,[],0,0,[],[]
33327640,33328790,NA,TVN,0.0,907,pause,NA,NA,NA,NA,0.0,0,-32.86,-27.63,[],0,0,[],[]
33328790,33331260,NA,OLN,0.0,907,pause,NA,NA,NA,NA,0.0,0,-32.97,-25.55,[],0,0,[],[]
33331260,33332260,NA,MAF,0.0,907,pause,NA,NA,NA,NA,0.0,0,-38.55,-26.57,[],0,0,[],[]
33332260,33335600,NA,OLN,0.0,907,pause,NA,NA,NA,NA,0.0,0,-36.38,-25.86,[],0,0,[],[]
33335600,33336600,NA,MAF,0.0,907,pause,NA,NA,NA,NA,0.0,0,-42.15,-35.71,[],0,0,[],[]
33336600,33339290,NA,OLN,0.0,907,pause,NA,NA,NA,NA,0.0,0,-37.86,-29.52,[],0,0,[],[]
33339290,33340100,OCH,CXN,0.0,907,XM,EC,0,NT,FI,0.0,0,-32.73,-23.54,[],0,0,[],[]
33340100,33343160,NA,OLN,0.0,908,pause,NA,NA,NA,NA,0.0,0,-35.31,-23.9,[],0,0,[],[]
33343160,33344170,NA,MAF,0.0,908,pause,NA,NA,NA,NA,0.0,0,-43.1,-37.52,[],0,0,[],[]
33344170,33345730,NA,OLN,0.0,908,pause,NA,NA,NA,NA,0.0,0,-35.15,-23.59,[],0,0,[],[]
33345730,33346540,NA,NON,0.0,908,pause,NA,NA,NA,NA,0.0,0,-34.36,-29.35,[],0,0,[],[]
33346540,33347630,NA,OLF,0.0,908,pause,NA,NA,NA,NA,0.0,0,-36.2,-29.53,[],0,0,[],[]
33347630,33348780,MAL,MAN,5.65,908,AIOCM,BC,0,NT,FI,0.0,0,-40.66,-32.89,[],0,0,[],[]
33348780,33353110,NA,OLN,0.0,908,AIOCM,NA,NA,NA,NA,0.0,0,-35.28,-26.66,[],0,0,[],[]
33353110,33353910,OCH,CXN,0.0,908,AIOCM,EC,0,NT,FI,0.0,0,-32.28,-24.82,[],0,0,[],[]
33353910,33362720,NA,OLN,0.0,909,pause,NA,NA,NA,NA,0.0,0,-36.48,-25.6,[],0,0,[],[]
33362720,33363530,NA,CXF,0.0,909,pause,NA,NA,NA,NA,0.0,0,-40.01,-31.25,[],0,0,[],[]
33363530,33369560,NA,OLN,0.0,909,pause,NA,NA,NA,NA,0.0,0,-35.63,-19.09,[],0,0,[],[]
33369560,33370380,OCH,CXN,0.0,909,XM,EC,0,NT,FI,0.0,0,-36.22,-29.41,[],0,0,[],[]
33370380,33379120,NA,OLN,0.0,910,pause,NA,NA,NA,NA,0.0,0,-37.62,-25.47,[],0,0,[],[]
33379120,33379990,OCH,CXN,0.0,910,XM,EC,0,NT,FI,0.0,0,-35.23,-28.74,[],0,0,[],[]
33379990,33382950,NA,OLN,0.0,911,pause,NA,NA,NA,NA,0.0,0,-36.29,-24.79,[],0,0,[],[]
33382950,33384000,NA,MAF,0.0,911,pause,NA,NA,NA,NA,0.0,0,-39.67,-31.24,[],0,0,[],[]
33384000,33385470,NA,OLN,0.0,911,pause,NA,NA,NA,NA,0.0,0,-35.75,-27.89,[],0,0,[],[]
33385470,33386270,OCH,CXN,0.0,911,XM,BC,0,NT,FI,0.0,0,-34.95,-26.4,[],0,0,[],[]
33386270,33388010,NA,OLN,0.0,911,XM,NA,NA,NA,NA,0.0,0,-35.23,-24.94,[],0,0,[],[]
33388010,33388820,OCH,CXN,0.0,911,XM,RC,0,NT,FH,0.0,0,-36.59,-29.95,[],0,0,[],[]
33388820,33391770,NA,OLN,0.0,911,XM,NA,NA,NA,NA,0.0,0,-37.01,-28.44,[],0,0,[],[]
33391770,33392570,OCH,CXN,0.0,911,XM,RC,0,NT,FH,0.0,0,-37.77,-31.42,[],0,0,[],[]
33392570,33393380,NA,OLF,0.0,911,XM,NA,NA,NA,NA,0.0,0,-40.94,-33.41,[],0,0,[],[]
33393380,33394460,OCH,CXN,0.0,911,XM,EC,0,NT,FH,0.0,0,-34.62,-26.27,[],0,0,[],[]
33394460,33397130,NA,TVN,0.0,912,pause,NA,NA,NA,NA,0.0,0,-36.76,-29.85,[],0,0,[],[]
33397130,33399460,NA,OLF,0.0,912,pause,NA,NA,NA,NA,0.0,0,-40.46,-34.26,[],0,0,[],[]
33399460,33400460,MAL,MAN,0.0,912,pause,NA,NA,NA,NA,0.0,0,-40.43,-35.51,[],1000,0,[],[]
33400460,33401260,NA,OLF,0.0,912,pause,NA,NA,NA,NA,0.0,0,-38.56,-30.93,[],0,0,[],[]
33401260,33402280,MAL,MAN,0.0,912,pause,NA,NA,NA,NA,0.0,0,-39.38,-30.95,[],1020,0,[],[]
33402280,33403080,NA,CXF,0.0,912,pause,NA,NA,NA,NA,0.0,0,-38.94,-32.83,[],0,0,[],[]
33403080,33404430,NA,MAF,0.0,912,pause,NA,NA,NA,NA,0.0,0,-41.13,-34.01,[],0,0,[],[]
33404430,33405230,NA,OLF,0.0,912,pause,NA,NA,NA,NA,0.0,0,-42.09,-32.82,[],0,0,[],[]
33405230,33406300,NA,MAF,0.0,912,pause,NA,NA,NA,NA,0.0,0,-41.11,-36.45,[],0,0,[],[]
33406300,33407880,NA,OLF,0.0,912,pause,NA,NA,NA,NA,0.0,0,-41.09,-35.99,[],0,0,[],[]
33407880,33408990,NA,MAF,0.0,912,pause,NA,NA,NA,NA,0.0,0,-42.34,-35.52,[],0,0,[],[]
33408990,33410570,NA,OLF,0.0,912,pause,NA,NA,NA,NA,0.0,0,-40.43,-33.73,[],0,0,[],[]
33410570,33412280,OCH,CXN,0.0,912,XIOCA,BC,0,NT,FI,0.0,0,-36.94,-28.76,[],0,0,[],[]
33412280,33413080,NA,OLN,0.0,912,XIOCA,NA,NA,NA,NA,0.0,0,-37.42,-29.45,[],0,0,[],[]
33413080,33414500,OCH,CXN,0.0,912,XIOCA,RC,0,NT,FH,0.0,0,-35.89,-27.31,[],0,0,[],[]
33414500,33415300,NA,OLN,0.0,912,XIOCA,NA,NA,NA,NA,0.0,0,-39.94,-31.27,[],0,0,[],[]
33415300,33416910,NA,OLF,0.0,912,XIOCA,NA,NA,NA,NA,0.0,0,-40.55,-33.62,[],0,0,[],[]
33416910,33417980,NA,TVN,0.0,912,XIOCA,NA,NA,NA,NA,0.0,0,-36.27,-30.07,[],0,0,[],[]
33417980,33419100,NA,OLF,0.0,912,XIOCA,NA,NA,NA,NA,0.0,0,-40.24,-33.27,[],0,0,[],[]
33419100,33420740,OCH,CXN,0.0,912,XIOCA,RC,0,NT,FH,0.0,0,-38.86,-29.4,[],0,0,[],[]
33420740,33423410,NA,OLN,0.0,912,XIOCA,NA,NA,NA,NA,0.0,0,-35.34,-30.09,[],0,0,[],[]
33423410,33424430,NA,MAF,0.0,912,XIOCA,NA,NA,NA,NA,0.0,0,-33.99,-25.45,[],0,0,[],[]
33424430,33425240,OCH,CXN,0.0,912,XIOCA,RC,0,NT,FH,0.0,0,-31.42,-22.6,[],0,0,[],[]
33425240,33426140,NA,OLN,0.0,912,XIOCA,NA,NA,NA,NA,0.0,0,-31.96,-22.96,[],0,0,[],[]
33426140,33426740,OCH,CXN,0.0,912,XIOCA,RC,0,NT,FH,0.0,0,-29.1,-24.86,[],0,0,[],[]
33426740,33430400,NA,OLN,0.0,912,XIOCA,NA,NA,NA,NA,0.0,0,-34.08,-23.22,[],0,0,[],[]
33430400,33431540,MAL,MAN,2.95,912,XIOCA,EC,0,NT,FI,0.0,0,-36.78,-30.76,[],0,0,[],[]
33431540,33435030,NA,OLF,0.0,913,pause,NA,NA,NA,NA,0.0,0,-38.37,-28.89,[],0,0,[],[]
33435030,33435840,NA,CXF,0.0,913,pause,NA,NA,NA,NA,0.0,0,-40.25,-35.2,[],0,0,[],[]
33435840,33439410,NA,OLF,0.0,913,pause,NA,NA,NA,NA,0.0,0,-38.09,-29.19,[],0,0,[],[]
33439410,33440410,NA,TVF,0.0,913,pause,NA,NA,NA,NA,0.0,0,-39.58,-35.86,[],0,0,[],[]
33440410,33441640,NA,OLF,0.0,913,pause,NA,NA,NA,NA,0.0,0,-40.19,-34.71,[],0,0,[],[]
33441640,33442570,NA,CXF,0.0,913,pause,NA,NA,NA,NA,0.0,0,-39.39,-33.88,[],0,0,[],[]
33442570,33443910,NA,OLF,0.0,913,pause,NA,NA,NA,NA,0.0,0,-39.23,-30.46,[],0,0,[],[]
33443910,33444710,OCH,CXN,0.0,913,XM,BC,0,NT,FI,0.0,0,-40.66,-34.55,[],0,0,[],[]
33444710,33446830,NA,OLN,0.0,913,XM,NA,NA,NA,NA,0.0,0,-35.78,-26.82,[],0,0,[],[]
33446830,33447630,OCH,CXN,0.0,913,XM,EC,0,NT,FH,0.0,0,-35.42,-28.1,[],0,0,[],[]
33447630,33453870,NA,OLN,0.0,914,pause,NA,NA,NA,NA,0.0,0,-36.07,-25.9,[],0,0,[],[]
33453870,33455680,OCH,CXN,0.0,914,XM,EC,0,NT,FI,0.0,0,-33.31,-22.83,[],0,0,[],[]
33455680,33456620,NA,OLN,0.0,915,pause,NA,NA,NA,NA,0.0,0,-38.3,-30.92,[],0,0,[],[]
33456620,33457440,NA,CXF,0.0,915,pause,NA,NA,NA,NA,0.0,0,-38.55,-32.55,[],0,0,[],[]
33457440,33459680,NA,OLF,0.0,915,pause,NA,NA,NA,NA,0.0,0,-38.03,-25.46,[],0,0,[],[]
33459680,33460720,NA,TVF,0.0,915,pause,NA,NA,NA,NA,0.0,0,-40.91,-35.69,[],0,0,[],[]
33460720,33462510,NA,OLN,0.0,915,pause,NA,NA,NA,NA,0.0,0,-38.25,-30.07,[],0,0,[],[]
33462510,33463510,NA,OLF,0.0,915,pause,NA,NA,NA,NA,0.0,0,-39.95,-31.09,[],0,0,[],[]
33463510,33467170,NA,OLN,0.0,915,pause,NA,NA,NA,NA,0.0,0,-34.63,-23.67,[],0,0,[],[]
33467170,33468080,OCH,CXN,0.0,915,XM,EC,0,NT,FI,0.0,0,-33.89,-25.69,[],0,0,[],[]
33468080,33475140,NA,OLN,0.0,916,pause,NA,NA,NA,NA,0.0,0,-36.97,-30.21,[],0,0,[],[]
33475140,33476160,NA,FAF,0.0,916,pause,NA,NA,NA,NA,0.0,0,-40.88,-35.66,[],0,0,[],[]
33476160,33477070,NA,OLF,0.0,916,pause,NA,NA,NA,NA,0.0,0,-40.53,-35.03,[],0,0,[],[]
33477070,33477940,OCH,CXN,0.0,916,XM,BC,0,NT,FI,0.0,0,-32.34,-21.69,[],0,0,[],[]
33477940,33478920,NA,OLF,0.0,916,XM,NA,NA,NA,NA,0.0,0,-36.77,-25.26,[],0,0,[],[]
33478920,33479950,OCH,CXN,0.0,916,XM,EC,0,NT,FH,0.0,0,-35.54,-25.87,[],0,0,[],[]
33479950,33496510,NA,OLN,0.0,917,pause,NA,NA,NA,NA,0.0,0,-35.01,-21.95,[],0,0,[],[]
33496510,33497310,OCH,CXN,0.0,917,XM,EC,0,NT,FI,0.0,0,-31.24,-25.36,[],0,0,[],[]
33497310,33500580,NA,OLN,0.0,918,pause,NA,NA,NA,NA,0.0,0,-21.27,-3.95,[],0,0,[],[]
33500580,33501390,NA,CXF,0.0,918,pause,NA,NA,NA,NA,0.0,0,-34.35,-31.56,[],0,0,[],[]
33501390,33502320,NA,OLN,0.0,918,pause,NA,NA,NA,NA,0.0,0,-35.41,-32.17,[],0,0,[],[]
33502320,33503120,NA,NOF,0.0,918,pause,NA,NA,NA,NA,0.0,0,-32.98,-22.69,[],0,0,[],[]
33503120,33506400,NA,OLN,0.0,918,pause,NA,NA,NA,NA,0.0,0,-33.99,-25.39,[],0,0,[],[]
33506400,33507260,NA,CHF,0.0,918,pause,NA,NA,NA,NA,0.0,0,-30.95,-22.72,[],0,860,[],"[{'start': 33506.4, 'end': 33507.26}]"
33507260,33508280,NA,OLN,0.0,918,pause,NA,NA,NA,NA,0.0,0,-29.66,-20.57,[],0,0,[],[]
33508280,33509080,NA,NON,0.0,918,pause,NA,NA,NA,NA,0.0,0,-31.47,-26.6,[],0,0,[],[]
33509080,33533960,NA,OLN,0.0,918,pause,NA,NA,NA,NA,0.0,0,-31.54,-18.36,[],0,0,[],[]
33533960,33534770,NA,NON,0.0,918,pause,NA,NA,NA,NA,0.0,0,-33.27,-24.82,[],0,0,[],[]
33534770,33535780,NA,OLN,0.0,918,pause,NA,NA,NA,NA,0.0,0,-30.33,-20.23,[],0,0,[],[]
33535780,33536580,NA,NON,0.0,918,pause,NA,NA,NA,NA,0.0,0,-27.68,-21.65,[],0,0,[],[]
33536580,33537700,NA,OLF,0.0,918,pause,NA,NA,NA,NA,0.0,0,-29.9,-21.81,[],0,0,[],[]
33537700,33538380,CHI,CHN,0.0,918,pause,NA,NA,NA,NA,0.0,0,-24.08,-17.19,[],0,680,[],"[{'start': 33537.7, 'end': 33538.38}]"
33538380,33539940,NA,OLN,0.0,918,pause,NA,NA,NA,NA,0.0,0,-32.5,-20.78,[],0,0,[],[]
33539940,33540970,NA,NON,0.0,918,pause,NA,NA,NA,NA,0.0,0,-29.26,-20.75,[],0,0,[],[]
33540970,33549120,NA,OLN,0.0,918,pause,NA,NA,NA,NA,0.0,0,-34.29,-23.72,[],0,0,[],[]
33549120,33550240,NA,TVN,0.0,918,pause,NA,NA,NA,NA,0.0,0,-29.76,-23.25,[],0,0,[],[]
33550240,33552280,NA,OLN,0.0,918,pause,NA,NA,NA,NA,0.0,0,-25.12,-8.19,[],0,0,[],[]
33552280,33553080,OCH,CXN,0.0,918,XM,BC,0,NT,FI,0.0,0,-25.35,-19.24,[],0,0,[],[]
33553080,33555690,NA,OLN,0.0,918,XM,NA,NA,NA,NA,0.0,0,-26.71,-9.97,[],0,0,[],[]
33555690,33556540,OCH,CXN,0.0,918,XM,EC,0,NT,FH,0.0,0,-31.45,-22.89,[],0,0,[],[]
33556540,33559260,NA,OLN,0.0,919,pause,NA,NA,NA,NA,0.0,0,-34.26,-22.18,[],0,0,[],[]
33559260,33559860,NA,CHF,0.0,919,pause,NA,NA,NA,NA,0.0,0,-36.61,-30.83,[],0,600,[],"[{'start': 33559.26, 'end': 33559.86}]"
33559860,33563860,NA,OLN,0.0,919,pause,NA,NA,NA,NA,0.0,0,-35.68,-26.76,[],0,0,[],[]
33563860,33564660,OCH,CXN,0.0,919,XM,BC,0,NT,FI,0.0,0,-32.35,-24.21,[],0,0,[],[]
33564660,33565700,NA,OLF,0.0,919,XM,NA,NA,NA,NA,0.0,0,-38.64,-31.37,[],0,0,[],[]
33565700,33566510,NA,NOF,0.0,919,XM,NA,NA,NA,NA,0.0,0,-37.64,-29.48,[],0,0,[],[]
33566510,33567700,NA,OLN,0.0,919,XM,NA,NA,NA,NA,0.0,0,-27.99,-17.14,[],0,0,[],[]
33567700,33568500,OCH,CXN,0.0,919,XM,EC,0,NT,FH,0.0,0,-29.34,-20.62,[],0,0,[],[]
33568500,33575570,NA,OLN,0.0,920,pause,NA,NA,NA,NA,0.0,0,-33.74,-18.73,[],0,0,[],[]
33575570,33576370,OCH,CXN,0.0,920,XM,EC,0,NT,FI,0.0,0,-26.79,-19.06,[],0,0,[],[]
33576370,33582510,NA,OLN,0.0,921,pause,NA,NA,NA,NA,0.0,0,-33.64,-22.36,[],0,0,[],[]
33582510,33584730,OCH,CXN,0.0,921,XIOCA,BC,0,NT,FI,0.0,0,-30.8,-22.85,[],0,0,[],[]
33584730,33585570,NA,OLN,0.0,921,XIOCA,NA,NA,NA,NA,0.0,0,-38.27,-32.91,[],0,0,[],[]
33585570,33586370,OCH,CXN,0.0,921,XIOCA,RC,0,NT,FH,0.0,0,-32.62,-23.08,[],0,0,[],[]
33586370,33587890,NA,OLF,0.0,921,XIOCA,NA,NA,NA,NA,0.0,0,-38.29,-32.84,[],0,0,[],[]
33587890,33588690,NA,NOF,0.0,921,XIOCA,NA,NA,NA,NA,0.0,0,-41.39,-34.01,[],0,0,[],[]
33588690,33589670,OCH,CXN,0.0,921,XIOCA,RC,0,NT,FH,0.0,0,-33.97,-26.2,[],0,0,[],[]
33589670,33590690,NA,FAF,0.0,921,XIOCA,NA,NA,NA,NA,0.0,0,-39.38,-27.74,[],0,0,[],[]
33590690,33591530,OCH,CXN,0.0,921,XIOCA,RC,0,NT,FH,0.0,0,-35.55,-29.22,[],0,0,[],[]
33591530,33592330,NA,OLN,0.0,921,XIOCA,NA,NA,NA,NA,0.0,0,-32.63,-24.98,[],0,0,[],[]
33592330,33593240,FEM,FAN,2.8,921,XIOCA,RC,0,NT,FI,0.0,0,-35.78,-29.27,[],0,0,[],[]
33593240,33594090,NA,OLN,0.0,921,XIOCA,NA,NA,NA,NA,0.0,0,-32.06,-20.86,[],0,0,[],[]
33594090,33594950,OCH,CXN,0.0,921,XIOCA,RC,0,NT,FI,0.0,0,-33.5,-25.2,[],0,0,[],[]
33594950,33595760,NA,OLN,0.0,921,XIOCA,NA,NA,NA,NA,0.0,0,-37.63,-28.71,[],0,0,[],[]
33595760,33596570,FEM,FAN,2.29,921,XIOCA,EC,0,NT,FI,0.0,0,-34.73,-26.29,[],0,0,[],[]
33596570,33598780,NA,OLN,0.0,922,pause,NA,NA,NA,NA,0.0,0,-32.21,-22.26,[],0,0,[],[]
33598780,33599580,NA,NOF,0.0,922,pause,NA,NA,NA,NA,0.0,0,-42.06,-36.41,[],0,0,[],[]
33599580,33600420,NA,OLF,0.0,922,pause,NA,NA,NA,NA,0.0,0,-41.67,-36.83,[],0,0,[],[]
33600420,33601740,NA,MAF,0.0,922,pause,NA,NA,NA,NA,0.0,0,-41.39,-36.35,[],0,0,[],[]
33601740,33604250,NA,OLN,0.0,922,pause,NA,NA,NA,NA,0.0,0,-31.2,-20.71,[],0,0,[],[]
33604250,33605630,OCH,CXN,0.0,922,XIOCAC,BC,0,NT,FI,0.0,0,-31.22,-23.33,[],0,0,[],[]
33605630,33606430,NA,OLN,0.0,922,XIOCAC,NA,NA,NA,NA,0.0,0,-28.25,-21.47,[],0,0,[],[]
33606430,33607230,OCH,CXN,0.0,922,XIOCAC,RC,0,NT,FH,0.0,0,-30.29,-22.51,[],0,0,[],[]
33607230,33608230,MAL,MAN,1.12,922,XIOCAC,RC,0,NT,FI,0.0,0,-35.69,-24.61,[],0,0,[],[]
33608230,33609250,NA,CXF,0.0,922,XIOCAC,NA,NA,NA,NA,0.0,0,-35.38,-26.68,[],0,0,[],[]
33609250,33611010,NA,OLF,0.0,922,XIOCAC,NA,NA,NA,NA,0.0,0,-34.67,-24.04,[],0,0,[],[]
33611010,33611850,OCH,CXN,0.0,922,XIOCAC,RC,0,NT,FI,0.0,0,-24.96,-17.64,[],0,0,[],[]
33611850,33613030,NA,OLN,0.0,922,XIOCAC,NA,NA,NA,NA,0.0,0,-36.96,-29.36,[],0,0,[],[]
33613030,33613830,OCH,CXN,0.0,922,XIOCAC,RC,0,NT,FH,0.0,0,-31.88,-26.63,[],0,0,[],[]
33613830,33614640,NA,NOF,0.0,922,XIOCAC,NA,NA,NA,NA,0.0,0,-36.89,-23.88,[],0,0,[],[]
33614640,33615440,OCH,CXN,0.0,922,XIOCAC,RC,0,NT,FH,0.0,0,-27.73,-20.9,[],0,0,[],[]
33615440,33617860,NA,OLN,0.0,922,XIOCAC,NA,NA,NA,NA,0.0,0,-28.71,-18.2,[],0,0,[],[]
33617860,33618660,OCH,CXN,0.0,922,XIOCAC,RC,0,NT,FH,0.0,0,-26.66,-19.8,[],0,0,[],[]
33618660,33620090,NA,OLN,0.0,922,XIOCAC,NA,NA,NA,NA,0.0,0,-31.59,-21.84,[],0,0,[],[]
33620090,33620780,CHI,CHN,0.0,922,XIOCAC,RC,0,NT,FI,1.0,550,-16.32,-7.57,"[{'Canonical-syllable': '1', 'Growl': '0', 'High-freq-energy': '0', 'Long-island': '0', 'Low-tilt-spectrum': '1', 'Medium-island': '1', 'Short-island': '0', 'Squeal': '0', 'Typical-entropy': '1', 'Voicing-quality': '1', 'Wide-band': '0', 'Xlong-island': '0', 'seq': '1', 'end': 33620.64, 'start': 33620.2}]",0,0,[],[]
33620780,33621640,NA,OLN,0.0,922,XIOCAC,NA,NA,NA,NA,0.0,0,-33.6,-24.88,[],0,0,[],[]
33621640,33624500,OCH,CXN,0.0,922,XIOCAC,EC,0,NT,FI,0.0,0,-21.99,-8.62,[],0,0,[],[]
33624500,33626010,NA,OLN,0.0,923,pause,NA,NA,NA,NA,0.0,0,-29.8,-14.16,[],0,0,[],[]
33626010,33626940,NA,NOF,0.0,923,pause,NA,NA,NA,NA,0.0,0,-25.39,-7.96,[],0,0,[],[]
33626940,33630670,NA,OLN,0.0,923,pause,NA,NA,NA,NA,0.0,0,-22.14,-3.28,[],0,0,[],[]
33630670,33631470,NA,NON,0.0,923,pause,NA,NA,NA,NA,0.0,0,-21.68,-6.41,[],0,0,[],[]
33631470,33632270,OCH,CXN,0.0,923,XM,BC,0,NT,FI,0.0,0,-24.21,-18.71,[],0,0,[],[]
33632270,33633270,NA,TVN,0.0,923,XM,NA,NA,NA,NA,0.0,0,-30.56,-16.03,[],0,0,[],[]
33633270,33634140,NA,OLN,0.0,923,XM,NA,NA,NA,NA,0.0,0,-32.11,-24.56,[],0,0,[],[]
33634140,33635000,OCH,CXN,0.0,923,XM,RC,0,NT,FH,0.0,0,-30.54,-20.21,[],0,0,[],[]
33635000,33637920,NA,OLN,0.0,923,XM,NA,NA,NA,NA,0.0,0,-28.94,-20.13,[],0,0,[],[]
33637920,33638720,OCH,CXN,0.0,923,XM,RC,0,NT,FH,0.0,0,-33.25,-25.11,[],0,0,[],[]
33638720,33640730,NA,OLN,0.0,923,XM,NA,NA,NA,NA,0.0,0,-35.92,-25.55,[],0,0,[],[]
33640730,33641660,OCH,CXN,0.0,923,XM,RC,0,NT,FH,0.0,0,-27.7,-16.89,[],0,0,[],[]
33641660,33642460,NA,OLN,0.0,923,XM,NA,NA,NA,NA,0.0,0,-33.77,-25.37,[],0,0,[],[]
33642460,33643260,OCH,CXN,0.0,923,XM,RC,0,NT,FH,0.0,0,-33.73,-25.32,[],0,0,[],[]
33643260,33647220,NA,OLN,0.0,923,XM,NA,NA,NA,NA,0.0,0,-34.85,-25.57,[],0,0,[],[]
33647220,33648020,OCH,CXN,0.0,923,XM,EC,0,NT,FH,0.0,0,-32.48,-24.83,[],0,0,[],[]
33648020,33662160,NA,OLN,0.0,924,pause,NA,NA,NA,NA,0.0,0,-33.83,-18.96,[],0,0,[],[]
33662160,33663140,OCH,CXN,0.0,924,XIOCA,BC,0,NT,FI,0.0,0,-35.36,-29.65,[],0,0,[],[]
33663140,33664230,NA,OLF,0.0,924,XIOCA,NA,NA,NA,NA,0.0,0,-39.45,-29.69,[],0,0,[],[]
33664230,33665040,OCH,CXN,0.0,924,XIOCA,RC,0,NT,FH,0.0,0,-36.07,-29.73,[],0,0,[],[]
33665040,33668920,NA,OLN,0.0,924,XIOCA,NA,NA,NA,NA,0.0,0,-35.53,-19.35,[],0,0,[],[]
33668920,33669720,OCH,CXN,0.0,924,XIOCA,RC,0,NT,FH,0.0,0,-34.7,-25.07,[],0,0,[],[]
33669720,33671790,NA,OLN,0.0,924,XIOCA,NA,NA,NA,NA,0.0,0,-35.19,-20.41,[],0,0,[],[]
33671790,33672660,OCH,CXN,0.0,924,XIOCA,RC,0,NT,FH,0.0,0,-34.17,-28.83,[],0,0,[],[]
33672660,33673460,NA,OLN,0.0,924,XIOCA,NA,NA,NA,NA,0.0,0,-33.96,-26.47,[],0,0,[],[]
33673460,33674260,OCH,CXN,0.0,924,XIOCA,RC,0,NT,FH,0.0,0,-32.93,-27.29,[],0,0,[],[]
33674260,33678640,NA,OLN,0.0,924,XIOCA,NA,NA,NA,NA,0.0,0,-36.23,-26.52,[],0,0,[],[]
33678640,33679450,OCH,CXN,0.0,924,XIOCA,RC,0,NT,FH,0.0,0,-31.6,-23.42,[],0,0,[],[]
33679450,33680650,NA,OLN,0.0,924,XIOCA,NA,NA,NA,NA,0.0,0,-27.12,-12.08,[],0,0,[],[]
33680650,33681500,OCH,CXN,0.0,924,XIOCA,RC,0,NT,FH,0.0,0,-33.83,-26.41,[],0,0,[],[]
33681500,33682640,NA,OLN,0.0,924,XIOCA,NA,NA,NA,NA,0.0,0,-34.44,-28.55,[],0,0,[],[]
33682640,33683700,OCH,CXN,0.0,924,XIOCA,RC,0,NT,FH,0.0,0,-33.15,-24.82,[],0,0,[],[]
33683700,33688680,NA,OLN,0.0,924,XIOCA,NA,NA,NA,NA,0.0,0,-35.4,-27.25,[],0,0,[],[]
33688680,33689950,MAL,MAN,9.28,924,XIOCA,RC,0,NT,FI,0.0,0,-35.89,-29.53,[],0,0,[],[]
33689950,33691150,NA,OLN,0.0,924,XIOCA,NA,NA,NA,NA,0.0,0,-34.95,-28.51,[],0,0,[],[]
33691150,33691950,OCH,CXN,0.0,924,XIOCA,RC,0,NT,FI,0.0,0,-32.16,-23.9,[],0,0,[],[]
33691950,33696300,NA,OLN,0.0,924,XIOCA,NA,NA,NA,NA,0.0,0,-31.3,-19.95,[],0,0,[],[]
33696300,33697130,OCH,CXN,0.0,924,XIOCA,RC,0,NT,FH,0.0,0,-32.93,-26.09,[],0,0,[],[]
33697130,33698200,NA,OLN,0.0,924,XIOCA,NA,NA,NA,NA,0.0,0,-38.48,-30.8,[],0,0,[],[]
33698200,33699000,OCH,CXN,0.0,924,XIOCA,RC,0,NT,FH,0.0,0,-35.95,-28.14,[],0,0,[],[]
33699000,33699800,NA,OLF,0.0,924,XIOCA,NA,NA,NA,NA,0.0,0,-37.26,-30.61,[],0,0,[],[]
33699800,33700940,OCH,CXN,0.0,924,XIOCA,RC,0,NT,FH,0.0,0,-36.44,-30.01,[],0,0,[],[]
33700940,33703280,NA,OLF,0.0,924,XIOCA,NA,NA,NA,NA,0.0,0,-41.11,-36.56,[],0,0,[],[]
33703280,33704080,NA,CXF,0.0,924,XIOCA,NA,NA,NA,NA,0.0,0,-40.75,-33.93,[],0,0,[],[]
33704080,33704960,NA,OLN,0.0,924,XIOCA,NA,NA,NA,NA,0.0,0,-36.82,-30.9,[],0,0,[],[]
33704960,33706510,OCH,CXN,0.0,924,XIOCA,EC,0,NT,FH,0.0,0,-31.78,-21.42,[],0,0,[],[]
33706510,33707340,NA,OLN,0.0,925,pause,NA,NA,NA,NA,0.0,0,-29.29,-21.86,[],0,0,[],[]
33707340,33708340,NA,TVN,0.0,925,pause,NA,NA,NA,NA,0.0,0,-34.41,-29.52,[],0,0,[],[]
33708340,33723520,NA,OLN,0.0,925,pause,NA,NA,NA,NA,0.0,0,-37.39,-26.62,[],0,0,[],[]
33723520,33724320,OCH,CXN,0.0,925,XM,EC,0,NT,FI,0.0,0,-39.08,-32.15,[],0,0,[],[]
33724320,33741260,NA,OLN,0.0,926,pause,NA,NA,NA,NA,0.0,0,-36.91,-23.67,[],0,0,[],[]
33741260,33742060,OCH,CXN,0.0,926,XM,EC,0,NT,FI,0.0,0,-33.71,-27.85,[],0,0,[],[]
33742060,33743760,NA,OLN,0.0,927,pause,NA,NA,NA,NA,0.0,0,-33.99,-27.21,[],0,0,[],[]
33743760,33744760,NA,TVF,0.0,927,pause,NA,NA,NA,NA,0.0,0,-42.27,-30.14,[],0,0,[],[]
33744760,33745560,NA,OLN,0.0,927,pause,NA,NA,NA,NA,0.0,0,-34.93,-26.62,[],0,0,[],[]
33745560,33746560,NA,TVF,0.0,927,pause,NA,NA,NA,NA,0.0,0,-33.42,-17.29,[],0,0,[],[]
33746560,33747380,NA,OLN,0.0,927,pause,NA,NA,NA,NA,0.0,0,-32.29,-21.66,[],0,0,[],[]
33747380,33748560,NA,TVF,0.0,927,pause,NA,NA,NA,NA,0.0,0,-34.44,-19.75,[],0,0,[],[]
33748560,33750810,NA,OLF,0.0,927,pause,NA,NA,NA,NA,0.0,0,-42.3,-35.65,[],0,0,[],[]
33750810,33751610,NA,CXF,0.0,927,pause,NA,NA,NA,NA,0.0,0,-39.42,-28.96,[],0,0,[],[]
33751610,33753760,NA,OLF,0.0,927,pause,NA,NA,NA,NA,0.0,0,-37.92,-26.88,[],0,0,[],[]
33753760,33754910,NA,TVN,0.0,927,pause,NA,NA,NA,NA,0.0,0,-33.06,-28.26,[],0,0,[],[]
33754910,33765530,NA,OLN,0.0,927,pause,NA,NA,NA,NA,0.0,0,-35.34,-24.67,[],0,0,[],[]
33765530,33766390,OCH,CXN,0.0,927,XIOCC,BC,0,NT,FI,0.0,0,-37.4,-28.94,[],0,0,[],[]
33766390,33767340,NA,OLN,0.0,927,XIOCC,NA,NA,NA,NA,0.0,0,-31.22,-21.39,[],0,0,[],[]
33767340,33767940,CHI,CHN,0.0,927,XIOCC,RC,0,NT,FI,1.0,600,-16.61,-10.59,"[{'Canonical-syllable': '0', 'Growl': '0', 'High-freq-energy': '0', 'Long-island': '0', 'Low-tilt-spectrum': '0', 'Medium-island': '1', 'Short-island': '0', 'Squeal': '0', 'Typical-entropy': '1', 'Voicing-quality': '1', 'Wide-band': '0', 'Xlong-island': '0', 'seq': '1', 'end': 33767.94, 'start': 33767.42}]",0,0,[],[]
33767940,33770340,NA,OLN,0.0,927,XIOCC,NA,NA,NA,NA,0.0,0,-31.18,-16.53,[],0,0,[],[]
33770340,33771630,OCH,CXN,0.0,927,XIOCC,EC,0,NT,FI,0.0,0,-36.64,-26.38,[],0,0,[],[]
33771630,33772680,NA,OLN,0.0,928,pause,NA,NA,NA,NA,0.0,0,-36.04,-25.57,[],0,0,[],[]
33772680,33773750,NA,MAF,0.0,928,pause,NA,NA,NA,NA,0.0,0,-42.05,-35.76,[],0,0,[],[]
33773750,33775770,NA,OLN,0.0,928,pause,NA,NA,NA,NA,0.0,0,-37.23,-28.07,[],0,0,[],[]
33775770,33776870,NA,TVF,0.0,928,pause,NA,NA,NA,NA,0.0,0,-40.63,-31.94,[],0,0,[],[]
33776870,33777680,OCH,CXN,0.0,928,XM,BC,0,NT,FI,0.0,0,-33.66,-28.71,[],0,0,[],[]
33777680,33781880,NA,OLN,0.0,928,XM,NA,NA,NA,NA,0.0,0,-34.18,-25.11,[],0,0,[],[]
33781880,33782690,OCH,CXN,0.0,928,XM,RC,0,NT,FH,0.0,0,-35.25,-27.98,[],0,0,[],[]
33782690,33783920,NA,OLN,0.0,928,XM,NA,NA,NA,NA,0.0,0,-35.27,-25.83,[],0,0,[],[]
33783920,33788040,OCH,CXN,0.0,928,XM,RC,0,NT,FH,0.0,0,-33.26,-25.38,[],0,0,[],[]
33788040,33789420,NA,OLF,0.0,928,XM,NA,NA,NA,NA,0.0,0,-38.05,-28.11,[],0,0,[],[]
33789420,33790220,OCH,CXN,0.0,928,XM,RC,0,NT,FH,0.0,0,-36.6,-31.28,[],0,0,[],[]
33790220,33791020,NA,OLF,0.0,928,XM,NA,NA,NA,NA,0.0,0,-46.11,-39.55,[],0,0,[],[]
33791020,33791850,OCH,CXN,0.0,928,XM,RC,0,NT,FH,0.0,0,-32.01,-24.53,[],0,0,[],[]
33791850,33793430,NA,OLN,0.0,928,XM,NA,NA,NA,NA,0.0,0,-34.28,-26.1,[],0,0,[],[]
33793430,33794720,OCH,CXN,0.0,928,XM,RC,0,NT,FH,0.0,0,-36.86,-27.12,[],0,0,[],[]
33794720,33798490,NA,OLN,0.0,928,XM,NA,NA,NA,NA,0.0,0,-34.88,-24.39,[],0,0,[],[]
33798490,33799650,OCH,CXN,0.0,928,XM,RC,0,NT,FH,0.0,0,-35.29,-27.21,[],0,0,[],[]
33799650,33800730,NA,FAF,0.0,928,XM,NA,NA,NA,NA,0.0,0,-37.45,-27.59,[],0,0,[],[]
33800730,33801800,NA,OLN,0.0,928,XM,NA,NA,NA,NA,0.0,0,-38.8,-31.5,[],0,0,[],[]
33801800,33802870,OCH,CXN,0.0,928,XM,RC,0,NT,FH,0.0,0,-34.53,-26.18,[],0,0,[],[]
33802870,33803800,NA,OLN,0.0,928,XM,NA,NA,NA,NA,0.0,0,-33.79,-25.86,[],0,0,[],[]
33803800,33805260,OCH,CXN,0.0,928,XM,RC,0,NT,FH,0.0,0,-32.27,-24.91,[],0,0,[],[]
33805260,33806060,NA,OLF,0.0,928,XM,NA,NA,NA,NA,0.0,0,-37.2,-25.73,[],0,0,[],[]
33806060,33807340,OCH,CXN,0.0,928,XM,RC,0,NT,FH,0.0,0,-35.81,-27.75,[],0,0,[],[]
33807340,33810970,NA,OLN,0.0,928,XM,NA,NA,NA,NA,0.0,0,-35.57,-26.05,[],0,0,[],[]
33810970,33812710,OCH,CXN,0.0,928,XM,RC,0,NT,FH,0.0,0,-30.3,-22.0,[],0,0,[],[]
33812710,33814140,NA,OLN,0.0,928,XM,NA,NA,NA,NA,0.0,0,-33.34,-25.19,[],0,0,[],[]
33814140,33814940,OCH,CXN,0.0,928,XM,RC,0,NT,FH,0.0,0,-33.12,-26.56,[],0,0,[],[]
33814940,33815990,NA,OLF,0.0,928,XM,NA,NA,NA,NA,0.0,0,-43.07,-36.71,[],0,0,[],[]
33815990,33817050,OCH,CXN,0.0,928,XM,RC,0,NT,FH,0.0,0,-35.23,-26.24,[],0,0,[],[]
33817050,33820240,NA,OLN,0.0,928,XM,NA,NA,NA,NA,0.0,0,-37.18,-24.77,[],0,0,[],[]
33820240,33822000,OCH,CXN,0.0,928,XM,RC,0,NT,FH,0.0,0,-32.18,-24.81,[],0,0,[],[]
33822000,33822810,NA,OLN,0.0,928,XM,NA,NA,NA,NA,0.0,0,-33.88,-25.76,[],0,0,[],[]
33822810,33823620,OCH,CXN,0.0,928,XM,RC,0,NT,FH,0.0,0,-37.93,-26.6,[],0,0,[],[]
33823620,33824690,NA,OLN,0.0,928,XM,NA,NA,NA,NA,0.0,0,-34.52,-25.43,[],0,0,[],[]
33824690,33825550,OCH,CXN,0.0,928,XM,RC,0,NT,FH,0.0,0,-33.06,-27.14,[],0,0,[],[]
33825550,33826620,NA,OLN,0.0,928,XM,NA,NA,NA,NA,0.0,0,-34.17,-25.71,[],0,0,[],[]
33826620,33827620,NA,FAF,0.0,928,XM,NA,NA,NA,NA,0.0,0,-44.04,-37.69,[],0,0,[],[]
33827620,33829450,NA,OLN,0.0,928,XM,NA,NA,NA,NA,0.0,0,-33.03,-26.87,[],0,0,[],[]
33829450,33830350,OCH,CXN,0.0,928,XM,RC,0,NT,FH,0.0,0,-30.19,-23.01,[],0,0,[],[]
33830350,33831320,NA,OLN,0.0,928,XM,NA,NA,NA,NA,0.0,0,-32.11,-24.23,[],0,0,[],[]
33831320,33833500,OCH,CXN,0.0,928,XM,RC,0,NT,FH,0.0,0,-31.13,-24.03,[],0,0,[],[]
33833500,33834340,NA,OLF,0.0,928,XM,NA,NA,NA,NA,0.0,0,-41.71,-33.02,[],0,0,[],[]
33834340,33835190,OCH,CXN,0.0,928,XM,RC,0,NT,FH,0.0,0,-32.12,-23.35,[],0,0,[],[]
33835190,33836190,NA,OLF,0.0,928,XM,NA,NA,NA,NA,0.0,0,-39.55,-29.52,[],0,0,[],[]
33836190,33837820,OCH,CXN,0.0,928,XM,EC,0,NT,FH,0.0,0,-33.47,-26.66,[],0,0,[],[]
33837820,33842020,NA,OLF,0.0,929,pause,NA,NA,NA,NA,0.0,0,-38.31,-28.89,[],0,0,[],[]
33842020,33842650,CHI,CHN,0.0,929,pause,NA,NA,NA,NA,0.0,0,-35.79,-29.16,[],0,630,[],"[{'start': 33842.02, 'end': 33842.65}]"
33842650,33843650,NA,MAF,0.0,929,pause,NA,NA,NA,NA,0.0,0,-38.17,-27.05,[],0,0,[],[]
33843650,33844600,NA,OLF,0.0,929,pause,NA,NA,NA,NA,0.0,0,-40.94,-34.09,[],0,0,[],[]
33844600,33845460,OCH,CXN,0.0,929,XM,EC,0,NT,FI,0.0,0,-29.22,-22.6,[],0,0,[],[]
33845460,33848690,NA,OLN,0.0,930,pause,NA,NA,NA,NA,0.0,0,-33.52,-21.55,[],0,0,[],[]
33848690,33850310,NA,MAF,0.0,930,pause,NA,NA,NA,NA,0.0,0,-41.83,-34.88,[],0,0,[],[]
33850310,33865740,NA,OLF,0.0,930,pause,NA,NA,NA,NA,0.0,0,-38.72,-24.1,[],0,0,[],[]
33865740,33866880,OCH,CXN,0.0,930,XM,BC,0,NT,FI,0.0,0,-30.61,-20.93,[],0,0,[],[]
33866880,33868330,NA,OLN,0.0,930,XM,NA,NA,NA,NA,0.0,0,-35.7,-27.28,[],0,0,[],[]
33868330,33869420,OCH,CXN,0.0,930,XM,EC,0,NT,FH,0.0,0,-33.74,-26.13,[],0,0,[],[]
33869420,33875310,NA,OLF,0.0,931,pause,NA,NA,NA,NA,0.0,0,-40.06,-33.09,[],0,0,[],[]
33875310,33876110,OCH,CXN,0.0,931,XM,BC,0,NT,FI,0.0,0,-32.51,-26.37,[],0,0,[],[]
33876110,33877140,NA,OLN,0.0,931,XM,NA,NA,NA,NA,0.0,0,-31.64,-22.44,[],0,0,[],[]
33877140,33877940,OCH,CXN,0.0,931,XM,RC,0,NT,FH,0.0,0,-32.19,-25.69,[],0,0,[],[]
33877940,33878740,NA,OLF,0.0,931,XM,NA,NA,NA,NA,0.0,0,-42.36,-34.99,[],0,0,[],[]
33878740,33879550,OCH,CXN,0.0,931,XM,EC,0,NT,FH,0.0,0,-36.6,-29.1,[],0,0,[],[]
33879550,33882080,NA,OLF,0.0,932,pause,NA,NA,NA,NA,0.0,0,-38.24,-26.62,[],0,0,[],[]
33882080,33882880,NA,NOF,0.0,932,pause,NA,NA,NA,NA,0.0,0,-42.35,-36.2,[],0,0,[],[]
33882880,33884820,NA,OLN,0.0,932,pause,NA,NA,NA,NA,0.0,0,-31.98,-23.79,[],0,0,[],[]
33884820,33885620,OCH,CXN,0.0,932,XM,BC,0,NT,FI,0.0,0,-38.28,-29.74,[],0,0,[],[]
33885620,33886600,NA,OLF,0.0,932,XM,NA,NA,NA,NA,0.0,0,-46.45,-38.77,[],0,0,[],[]
33886600,33887410,NA,OLN,0.0,932,XM,NA,NA,NA,NA,0.0,0,-36.71,-30.71,[],0,0,[],[]
33887410,33888410,NA,MAF,0.0,932,XM,NA,NA,NA,NA,0.0,0,-39.22,-32.53,[],0,0,[],[]
33888410,33890440,NA,OLF,0.0,932,XM,NA,NA,NA,NA,0.0,0,-39.38,-31.9,[],0,0,[],[]
33890440,33891370,OCH,CXN,0.0,932,XM,EC,0,NT,FH,0.0,0,-33.0,-25.85,[],0,0,[],[]
33891370,33892370,NA,OLN,0.0,933,pause,NA,NA,NA,NA,0.0,0,-32.17,-25.77,[],0,0,[],[]
33892370,33893380,NA,FAF,0.0,933,pause,NA,NA,NA,NA,0.0,0,-34.12,-27.06,[],0,0,[],[]
33893380,33894910,NA,OLF,0.0,933,pause,NA,NA,NA,NA,0.0,0,-36.11,-27.77,[],0,0,[],[]
33894910,33895910,NA,TVN,0.0,933,pause,NA,NA,NA,NA,0.0,0,-35.14,-29.84,[],0,0,[],[]
33895910,33898520,NA,OLN,0.0,933,pause,NA,NA,NA,NA,0.0,0,-36.33,-26.62,[],0,0,[],[]
33898520,33899520,MAL,MAN,7.07,933,AIOCM,BC,0,NT,FI,0.0,0,-35.49,-28.44,[],0,0,[],[]
33899520,33901600,NA,OLN,0.0,933,AIOCM,NA,NA,NA,NA,0.0,0,-35.4,-27.35,[],0,0,[],[]
33901600,33902400,OCH,CXN,0.0,933,AIOCM,RC,0,NT,FI,0.0,0,-37.19,-30.29,[],0,0,[],[]
33902400,33903200,NA,OLN,0.0,933,AIOCM,NA,NA,NA,NA,0.0,0,-36.41,-29.03,[],0,0,[],[]
33903200,33905150,MAL,MAN,6.12,933,AIOCM,EC,0,NT,FI,0.0,0,-37.26,-29.92,[],0,0,[],[]
33905150,33905950,NA,CXF,0.0,934,pause,NA,NA,NA,NA,0.0,0,-39.07,-32.88,[],0,0,[],[]
33905950,33908120,NA,OLF,0.0,934,pause,NA,NA,NA,NA,0.0,0,-40.46,-34.38,[],0,0,[],[]
33908120,33909360,NA,MAF,0.0,934,pause,NA,NA,NA,NA,0.0,0,-39.46,-33.91,[],0,0,[],[]
33909360,33910870,NA,OLN,0.0,934,pause,NA,NA,NA,NA,0.0,0,-36.12,-29.52,[],0,0,[],[]
33910870,33911710,OCH,CXN,0.0,934,XM,BC,0,NT,FI,0.0,0,-36.99,-32.73,[],0,0,[],[]
33911710,33913540,NA,OLN,0.0,934,XM,NA,NA,NA,NA,0.0,0,-33.95,-24.91,[],0,0,[],[]
33913540,33914340,OCH,CXN,0.0,934,XM,EC,0,NT,FH,0.0,0,-33.95,-29.06,[],0,0,[],[]
33914340,33915140,NA,OLN,0.0,935,pause,NA,NA,NA,NA,0.0,0,-36.71,-31.91,[],0,0,[],[]
33915140,33916140,NA,MAF,0.0,935,pause,NA,NA,NA,NA,0.0,0,-42.22,-36.99,[],0,0,[],[]
33916140,33920700,NA,OLN,0.0,935,pause,NA,NA,NA,NA,0.0,0,-35.42,-26.13,[],0,0,[],[]
33920700,33921970,OCH,CXN,0.0,935,XM,BC,0,NT,FI,0.0,0,-31.98,-24.3,[],0,0,[],[]
33921970,33924810,NA,OLN,0.0,935,XM,NA,NA,NA,NA,0.0,0,-35.71,-24.92,[],0,0,[],[]
33924810,33925810,NA,TVN,0.0,935,XM,NA,NA,NA,NA,0.0,0,-37.73,-31.33,[],0,0,[],[]
33925810,33926710,OCH,CXN,0.0,935,XM,RC,0,NT,FH,0.0,0,-34.59,-29.74,[],0,0,[],[]
33926710,33931300,NA,OLN,0.0,935,XM,NA,NA,NA,NA,0.0,0,-33.58,-22.03,[],0,0,[],[]
33931300,33932100,OCH,CXN,0.0,935,XM,EC,0,NT,FH,0.0,0,-31.68,-22.22,[],0,0,[],[]
33932100,33933900,NA,OLN,0.0,936,pause,NA,NA,NA,NA,0.0,0,-35.9,-28.52,[],0,0,[],[]
33933900,33935000,NA,MAF,0.0,936,pause,NA,NA,NA,NA,0.0,0,-37.61,-28.7,[],0,0,[],[]
33935000,33939310,NA,OLN,0.0,936,pause,NA,NA,NA,NA,0.0,0,-36.59,-27.75,[],0,0,[],[]
33939310,33940460,MAL,MAN,6.3,936,AIOCM,BC,0,NT,FI,0.0,0,-35.61,-27.39,[],0,0,[],[]
33940460,33941290,NA,OLF,0.0,936,AIOCM,NA,NA,NA,NA,0.0,0,-34.83,-28.12,[],0,0,[],[]
33941290,33942340,MAL,MAN,7.11,936,AIOCM,RC,0,NT,FH,0.0,0,-34.69,-27.69,[],0,0,[],[]
33942340,33943930,NA,OLN,0.0,936,AIOCM,NA,NA,NA,NA,0.0,0,-35.59,-27.92,[],0,0,[],[]
33943930,33944930,FEM,FAN,2.54,936,AIOCM,RC,0,NT,FI,0.0,0,-35.72,-27.01,[],0,0,[],[]
33944930,33945730,NA,OLN,0.0,936,AIOCM,NA,NA,NA,NA,0.0,0,-35.98,-28.31,[],0,0,[],[]
33945730,33946810,OCH,CXN,0.0,936,AIOCM,RC,0,NT,FI,0.0,0,-28.04,-20.62,[],0,0,[],[]
33946810,33947940,NA,TVN,0.0,936,AIOCM,NA,NA,NA,NA,0.0,0,-36.99,-32.41,[],0,0,[],[]
33947940,33948750,NA,OLN,0.0,936,AIOCM,NA,NA,NA,NA,0.0,0,-36.9,-32.47,[],0,0,[],[]
33948750,33949820,NA,MAF,0.0,936,AIOCM,NA,NA,NA,NA,0.0,0,-37.14,-30.48,[],0,0,[],[]
33949820,33950990,NA,OLN,0.0,936,AIOCM,NA,NA,NA,NA,0.0,0,-32.75,-24.4,[],0,0,[],[]
33950990,33952000,OCH,CXN,0.0,936,AIOCM,EC,0,NT,FH,0.0,0,-32.15,-23.99,[],0,0,[],[]
33952000,33956410,NA,OLN,0.0,937,pause,NA,NA,NA,NA,0.0,0,-32.06,-23.0,[],0,0,[],[]
33956410,33957410,NA,TVN,0.0,937,pause,NA,NA,NA,NA,0.0,0,-28.07,-23.96,[],0,0,[],[]
33957410,33958310,NA,OLN,0.0,937,pause,NA,NA,NA,NA,0.0,0,-33.83,-27.49,[],0,0,[],[]
33958310,33959310,FEM,FAN,0.0,937,pause,NA,NA,NA,NA,0.0,0,-35.9,-30.29,[],1000,0,[],[]
33959310,33964270,NA,OLN,0.0,937,pause,NA,NA,NA,NA,0.0,0,-33.3,-22.87,[],0,0,[],[]
33964270,33965350,NA,MAF,0.0,937,pause,NA,NA,NA,NA,0.0,0,-41.58,-33.51,[],0,0,[],[]
33965350,33966930,NA,OLF,0.0,937,pause,NA,NA,NA,NA,0.0,0,-41.79,-30.21,[],0,0,[],[]
33966930,33969190,NA,MAF,0.0,937,pause,NA,NA,NA,NA,0.0,0,-41.43,-29.71,[],0,0,[],[]
33969190,33970160,NA,OLF,0.0,937,pause,NA,NA,NA,NA,0.0,0,-43.29,-38.3,[],0,0,[],[]
33970160,33971160,NA,MAF,0.0,937,pause,NA,NA,NA,NA,0.0,0,-44.41,-39.0,[],0,0,[],[]
33971160,33972230,NA,TVF,0.0,937,pause,NA,NA,NA,NA,0.0,0,-40.59,-29.52,[],0,0,[],[]
33972230,33973380,NA,OLF,0.0,937,pause,NA,NA,NA,NA,0.0,0,-42.15,-36.93,[],0,0,[],[]
33973380,33974470,NA,MAF,0.0,937,pause,NA,NA,NA,NA,0.0,0,-41.81,-37.7,[],0,0,[],[]
33974470,33976260,NA,OLF,0.0,937,pause,NA,NA,NA,NA,0.0,0,-42.27,-31.43,[],0,0,[],[]
33976260,33977270,NA,MAF,0.0,937,pause,NA,NA,NA,NA,0.0,0,-43.17,-34.44,[],0,0,[],[]
33977270,33978300,NA,FAF,0.0,937,pause,NA,NA,NA,NA,0.0,0,-41.24,-32.45,[],0,0,[],[]
33978300,33979100,NA,OLN,0.0,937,pause,NA,NA,NA,NA,0.0,0,-33.09,-21.65,[],0,0,[],[]
33979100,33979900,NA,OLF,0.0,937,pause,NA,NA,NA,NA,0.0,0,-36.4,-23.22,[],0,0,[],[]
33979900,33982260,NA,OLN,0.0,937,pause,NA,NA,NA,NA,0.0,0,-28.71,-13.9,[],0,0,[],[]
33982260,33982860,CHI,CHN,0.0,937,CM,EC,0,NT,FI,1.0,600,-24.85,-20.58,"[{'Canonical-syllable': '0', 'Growl': '0', 'High-freq-energy': '1', 'Long-island': '0', 'Low-tilt-spectrum': '1', 'Medium-island': '1', 'Short-island': '0', 'Squeal': '0', 'Typical-entropy': '1', 'Voicing-quality': '1', 'Wide-band': '0', 'Xlong-island': '0', 'seq': '1', 'end': 33982.86, 'start': 33982.26}]",0,0,[],[]
33982860,33986990,NA,OLN,0.0,938,pause,NA,NA,NA,NA,0.0,0,-30.77,-18.23,[],0,0,[],[]
33986990,33988260,NA,TVN,0.0,938,pause,NA,NA,NA,NA,0.0,0,-39.42,-33.4,[],0,0,[],[]
33988260,33989850,NA,OLN,0.0,938,pause,NA,NA,NA,NA,0.0,0,-31.91,-25.48,[],0,0,[],[]
33989850,33990650,OCH,CXN,0.0,938,XM,BC,0,NT,FI,0.0,0,-26.95,-20.71,[],0,0,[],[]
33990650,33994330,NA,OLN,0.0,938,XM,NA,NA,NA,NA,0.0,0,-34.28,-19.62,[],0,0,[],[]
33994330,33995350,OCH,CXN,0.0,938,XM,RC,0,NT,FH,0.0,0,-33.19,-23.86,[],0,0,[],[]
33995350,33997430,NA,OLN,0.0,938,XM,NA,NA,NA,NA,0.0,0,-33.62,-20.42,[],0,0,[],[]
33997430,33998260,OCH,CXN,0.0,938,XM,RC,0,NT,FH,0.0,0,-32.36,-25.17,[],0,0,[],[]
33998260,33999210,NA,OLN,0.0,938,XM,NA,NA,NA,NA,0.0,0,-30.69,-17.86,[],0,0,[],[]
33999210,34000010,OCH,CXN,0.0,938,XM,RC,0,NT,FH,0.0,0,-28.89,-20.11,[],0,0,[],[]
34000010,34001680,NA,OLN,0.0,938,XM,NA,NA,NA,NA,0.0,0,-36.18,-28.13,[],0,0,[],[]
34001680,34002490,OCH,CXN,0.0,938,XM,RC,0,NT,FH,0.0,0,-31.92,-24.89,[],0,0,[],[]
34002490,34006860,NA,OLN,0.0,938,XM,NA,NA,NA,NA,0.0,0,-30.55,-19.05,[],0,0,[],[]
34006860,34008060,OCH,CXN,0.0,938,XM,RC,0,NT,FH,0.0,0,-30.47,-23.94,[],0,0,[],[]
34008060,34008860,NA,OLN,0.0,938,XM,NA,NA,NA,NA,0.0,0,-29.91,-20.85,[],0,0,[],[]
34008860,34009660,OCH,CXN,0.0,938,XM,EC,0,NT,FH,0.0,0,-29.9,-21.16,[],0,0,[],[]
34009660,34012120,NA,OLF,0.0,939,pause,NA,NA,NA,NA,0.0,0,-40.51,-32.28,[],0,0,[],[]
34012120,34013120,NA,FAF,0.0,939,pause,NA,NA,NA,NA,0.0,0,-39.86,-32.03,[],0,0,[],[]
34013120,34022800,NA,OLN,0.0,939,pause,NA,NA,NA,NA,0.0,0,-31.24,-18.23,[],0,0,[],[]
34022800,34023600,OCH,CXN,0.0,939,XIOCC,BC,0,NT,FI,0.0,0,-32.24,-29.31,[],0,0,[],[]
34023600,34026060,NA,OLN,0.0,939,XIOCC,NA,NA,NA,NA,0.0,0,-33.47,-25.24,[],0,0,[],[]
34026060,34026860,OCH,CXN,0.0,939,XIOCC,RC,0,NT,FH,0.0,0,-31.09,-25.26,[],0,0,[],[]
34026860,34028040,NA,OLN,0.0,939,XIOCC,NA,NA,NA,NA,0.0,0,-29.04,-16.11,[],0,0,[],[]
34028040,34028930,OCH,CXN,0.0,939,XIOCC,RC,0,NT,FH,0.0,0,-26.96,-19.0,[],0,0,[],[]
34028930,34029730,NA,OLN,0.0,939,XIOCC,NA,NA,NA,NA,0.0,0,-29.4,-20.0,[],0,0,[],[]
34029730,34030350,CHI,CHN,0.0,939,XIOCC,RC,0,NT,FI,1.0,310,-27.02,-19.37,"[{'Canonical-syllable': '1', 'Growl': '0', 'High-freq-energy': '1', 'Long-island': '0', 'Low-tilt-spectrum': '1', 'Medium-island': '1', 'Short-island': '0', 'Squeal': '0', 'Typical-entropy': '1', 'Voicing-quality': '1', 'Wide-band': '0', 'Xlong-island': '0', 'seq': '1', 'end': 34030.04, 'start': 34029.73}]",0,0,[],[]
34030350,34033650,NA,OLN,0.0,939,XIOCC,NA,NA,NA,NA,0.0,0,-28.21,-18.79,[],0,0,[],[]
34033650,34034480,OCH,CXN,0.0,939,XIOCC,EC,0,NT,FI,0.0,0,-35.01,-24.77,[],0,0,[],[]
34034480,34035410,NA,OLN,0.0,940,pause,NA,NA,NA,NA,0.0,0,-30.87,-20.89,[],0,0,[],[]
34035410,34036440,NA,FAF,0.0,940,pause,NA,NA,NA,NA,0.0,0,-38.34,-25.01,[],0,0,[],[]
34036440,34039190,NA,OLN,0.0,940,pause,NA,NA,NA,NA,0.0,0,-33.08,-18.93,[],0,0,[],[]
34039190,34042010,NA,MAF,0.0,940,pause,NA,NA,NA,NA,0.0,0,-38.13,-24.91,[],0,0,[],[]
34042010,34057190,NA,OLN,0.0,940,pause,NA,NA,NA,NA,0.0,0,-31.44,-10.05,[],0,0,[],[]
34057190,34058340,OCH,CXN,0.0,940,XM,EC,0,NT,FI,0.0,0,-33.88,-25.09,[],0,0,[],[]
34058340,34066200,NA,OLN,0.0,941,pause,NA,NA,NA,NA,0.0,0,-34.0,-21.21,[],0,0,[],[]
34066200,34067000,OCH,CXN,0.0,941,XIOCA,BC,0,NT,FI,0.0,0,-33.61,-24.33,[],0,0,[],[]
34067000,34069550,NA,OLN,0.0,941,XIOCA,NA,NA,NA,NA,0.0,0,-33.92,-24.67,[],0,0,[],[]
34069550,34070350,OCH,CXN,0.0,941,XIOCA,RC,0,NT,FH,0.0,0,-34.29,-23.38,[],0,0,[],[]
34070350,34072260,NA,OLN,0.0,941,XIOCA,NA,NA,NA,NA,0.0,0,-32.99,-23.13,[],0,0,[],[]
34072260,34074110,OCH,CXN,0.0,941,XIOCA,RC,0,NT,FH,0.0,0,-33.85,-23.69,[],0,0,[],[]
34074110,34074950,NA,OLN,0.0,941,XIOCA,NA,NA,NA,NA,0.0,0,-37.0,-29.75,[],0,0,[],[]
34074950,34075950,FEM,FAN,6.34,941,XIOCA,RC,0,NT,FI,0.0,0,-36.42,-29.3,[],0,0,[],[]
34075950,34078730,NA,OLN,0.0,941,XIOCA,NA,NA,NA,NA,0.0,0,-35.62,-25.82,[],0,0,[],[]
34078730,34080020,OCH,CXN,0.0,941,XIOCA,EC,0,NT,FI,0.0,0,-31.12,-24.36,[],0,0,[],[]
34080020,34085070,NA,OLN,0.0,942,pause,NA,NA,NA,NA,0.0,0,-34.45,-20.82,[],0,0,[],[]
34085070,34085940,OCH,CXN,0.0,942,XM,EC,0,NT,FI,0.0,0,-31.32,-24.72,[],0,0,[],[]
34085940,34090590,NA,OLF,0.0,943,pause,NA,NA,NA,NA,0.0,0,-30.56,-11.54,[],0,0,[],[]
34090590,34091590,NA,MAF,0.0,943,pause,NA,NA,NA,NA,0.0,0,-39.83,-33.75,[],0,0,[],[]
34091590,34101780,NA,OLN,0.0,943,pause,NA,NA,NA,NA,0.0,0,-33.76,-20.87,[],0,0,[],[]
34101780,34102410,FEM,FAN,2.99,943,AMF,EC,0,NT,FI,0.0,0,-32.81,-26.35,[],0,0,[],[]
34102410,34105730,NA,OLN,0.0,944,pause,NA,NA,NA,NA,0.0,0,-35.48,-25.13,[],0,0,[],[]
34105730,34106730,NA,MAF,0.0,944,pause,NA,NA,NA,NA,0.0,0,-35.92,-28.7,[],0,0,[],[]
34106730,34109270,NA,OLN,0.0,944,pause,NA,NA,NA,NA,0.0,0,-35.15,-25.95,[],0,0,[],[]
34109270,34110280,MAL,MAN,3.99,944,AMM,EC,0,NT,FI,0.0,0,-31.71,-25.99,[],0,0,[],[]
34110280,34115150,NA,OLN,0.0,945,pause,NA,NA,NA,NA,0.0,0,-34.98,-26.83,[],0,0,[],[]
34115150,34116150,FEM,FAN,0.0,945,pause,NA,NA,NA,NA,0.0,0,-30.03,-25.1,[],1000,0,[],[]
34116150,34124000,NA,OLN,0.0,945,pause,NA,NA,NA,NA,0.0,0,-34.68,-21.78,[],0,0,[],[]
34124000,34124900,OCH,CXN,0.0,945,XM,BC,0,NT,FI,0.0,0,-26.33,-20.1,[],0,0,[],[]
34124900,34125890,NA,OLN,0.0,945,XM,NA,NA,NA,NA,0.0,0,-27.46,-12.58,[],0,0,[],[]
34125890,34126700,OCH,CXN,0.0,945,XM,EC,0,NT,FH,0.0,0,-26.11,-18.81,[],0,0,[],[]
34126700,34134070,NA,OLN,0.0,946,pause,NA,NA,NA,NA,0.0,0,-24.68,-5.41,[],0,0,[],[]
34134070,34134670,CHI,CHN,0.0,946,CIOCX,BC,0,NT,FI,1.0,370,-14.54,-4.92,"[{'Canonical-syllable': '0', 'Growl': '0', 'High-freq-energy': '1', 'Long-island': '0', 'Low-tilt-spectrum': '1', 'Medium-island': '1', 'Short-island': '0', 'Squeal': '0', 'Typical-entropy': '1', 'Voicing-quality': '1', 'Wide-band': '0', 'Xlong-island': '0', 'seq': '1', 'end': 34134.44, 'start': 34134.07}]",0,0,[],[]
34134670,34136120,NA,OLN,0.0,946,CIOCX,NA,NA,NA,NA,0.0,0,-25.76,-17.13,[],0,0,[],[]
34136120,34136920,OCH,CXN,0.0,946,CIOCX,EC,0,NT,FI,0.0,0,-31.73,-24.23,[],0,0,[],[]
34136920,34137890,NA,OLN,0.0,947,pause,NA,NA,NA,NA,0.0,0,-31.19,-19.2,[],0,0,[],[]
34137890,34138730,NA,NON,0.0,947,pause,NA,NA,NA,NA,0.0,0,-33.77,-26.58,[],0,0,[],[]
34138730,34146150,NA,OLN,0.0,947,pause,NA,NA,NA,NA,0.0,0,-18.2,-4.76,[],0,0,[],[]
34146150,34146920,CHI,CHN,0.0,947,CIOCX,BC,0,NT,FI,1.0,320,-22.73,-13.84,"[{'Canonical-syllable': '1', 'Growl': '1', 'High-freq-energy': '1', 'Long-island': '0', 'Low-tilt-spectrum': '2', 'Medium-island': '0', 'Short-island': '1', 'Squeal': '0', 'Typical-entropy': '2', 'Voicing-quality': '1', 'Wide-band': '0', 'Xlong-island': '0', 'seq': '1', 'end': 34146.92, 'start': 34146.6}]",0,0,[],[]
34146920,34147920,OCH,CXN,0.0,947,CIOCX,RC,0,NT,FI,0.0,0,-22.49,-13.33,[],0,0,[],[]
34147920,34148520,CHI,CHN,0.0,947,CIOCX,EC,0,NT,FI,1.0,600,-18.47,-11.06,"[{'Canonical-syllable': '0', 'Growl': '0', 'High-freq-energy': '2', 'Long-island': '0', 'Low-tilt-spectrum': '2', 'Medium-island': '0', 'Short-island': '1', 'Squeal': '0', 'Typical-entropy': '2', 'Voicing-quality': '1', 'Wide-band': '1', 'Xlong-island': '0', 'seq': '1', 'end': 34148.52, 'start': 34147.92}]",0,0,[],[]
34148520,34155320,NA,OLN,0.0,948,pause,NA,NA,NA,NA,0.0,0,-22.36,-6.05,[],0,0,[],[]
34155320,34155920,CHI,CHN,0.0,948,CM,BC,0,NT,FI,1.0,600,-19.88,-12.82,"[{'Canonical-syllable': '0', 'Growl': '1', 'High-freq-energy': '2', 'Long-island': '0', 'Low-tilt-spectrum': '2', 'Medium-island': '1', 'Short-island': '0', 'Squeal': '0', 'Typical-entropy': '2', 'Voicing-quality': '1', 'Wide-band': '0', 'Xlong-island': '0', 'seq': '1', 'end': 34155.92, 'start': 34155.42}]",0,0,[],[]
34155920,34157700,NA,OLN,0.0,948,CM,NA,NA,NA,NA,0.0,0,-22.38,-10.69,[],0,0,[],[]
34157700,34158300,CHI,CHN,0.0,948,CM,EC,0,NT,FH,1.0,480,-18.84,-11.86,"[{'Canonical-syllable': '0', 'Growl': '0', 'High-freq-energy': '1', 'Long-island': '0', 'Low-tilt-spectrum': '1', 'Medium-island': '1', 'Short-island': '0', 'Squeal': '0', 'Typical-entropy': '1', 'Voicing-quality': '1', 'Wide-band': '0', 'Xlong-island': '0', 'seq': '1', 'end': 34158.18, 'start': 34157.7}]",0,0,[],[]
34158300,34162780,NA,OLN,0.0,949,pause,NA,NA,NA,NA,0.0,0,-20.74,-6.44,[],0,0,[],[]
34162780,34163770,CHI,CHN,0.0,949,pause,NA,NA,NA,NA,0.0,0,-20.27,-8.72,[],0,580,"[{'start': 34162.78, 'end': 34163.36}]",[]
34163770,34165660,NA,OLN,0.0,949,pause,NA,NA,NA,NA,0.0,0,-20.85,-11.72,[],0,0,[],[]
34165660,34166680,OCH,CXN,0.0,949,XM,EC,0,NT,FI,0.0,0,-37.31,-26.62,[],0,0,[],[]
34166680,34167540,NA,OLF,0.0,950,pause,NA,NA,NA,NA,0.0,0,-39.98,-32.05,[],0,0,[],[]
34167540,34168930,NA,NON,0.0,950,pause,NA,NA,NA,NA,0.0,0,-23.85,-13.9,[],0,0,[],[]
34168930,34170510,CHI,CHN,0.0,950,pause,NA,NA,NA,NA,0.0,0,-16.8,-10.91,[],0,1580,"[{'start': 34168.93, 'end': 34170.51}]",[]
34170510,34171340,CHI,CHN,0.0,950,pause,NA,NA,NA,NA,0.0,0,-18.55,-9.58,[],0,690,"[{'start': 34170.65, 'end': 34171.34}]",[]
34171340,34173860,NA,OLN,0.0,950,pause,NA,NA,NA,NA,0.0,0,-29.6,-12.67,[],0,0,[],[]
34173860,34174880,NA,MAF,0.0,950,pause,NA,NA,NA,NA,0.0,0,-41.63,-31.3,[],0,0,[],[]
34174880,34177070,NA,OLF,0.0,950,pause,NA,NA,NA,NA,0.0,0,-36.55,-29.84,[],0,0,[],[]
34177070,34178120,NA,MAF,0.0,950,pause,NA,NA,NA,NA,0.0,0,-38.76,-31.17,[],0,0,[],[]
34178120,34179720,NA,OLN,0.0,950,pause,NA,NA,NA,NA,0.0,0,-23.13,-11.84,[],0,0,[],[]
34179720,34180330,CHI,CHN,0.0,950,CIOCX,BC,0,NT,FI,1.0,450,-22.25,-12.25,"[{'Canonical-syllable': '0', 'Growl': '1', 'High-freq-energy': '2', 'Long-island': '0', 'Low-tilt-spectrum': '0', 'Medium-island': '0', 'Short-island': '2', 'Squeal': '0', 'Typical-entropy': '2', 'Voicing-quality': '1', 'Wide-band': '1', 'Xlong-island': '0', 'seq': '1', 'end': 34180.17, 'start': 34179.72}]",0,0,[],[]
34180330,34181150,OCH,CXN,0.0,950,CIOCX,EC,0,NT,FI,0.0,0,-24.93,-16.53,[],0,0,[],[]
34181150,34182420,NA,OLN,0.0,951,pause,NA,NA,NA,NA,0.0,0,-34.49,-22.72,[],0,0,[],[]
34182420,34183020,NA,CHF,0.0,951,pause,NA,NA,NA,NA,0.0,0,-27.15,-17.46,[],0,110,"[{'start': 34182.91, 'end': 34183.02}]",[]
34183020,34184060,NA,OLF,0.0,951,pause,NA,NA,NA,NA,0.0,0,-41.33,-34.55,[],0,0,[],[]
34184060,34185160,NA,MAF,0.0,951,pause,NA,NA,NA,NA,0.0,0,-40.93,-33.91,[],0,0,[],[]
34185160,34187730,NA,OLF,0.0,951,pause,NA,NA,NA,NA,0.0,0,-37.3,-21.71,[],0,0,[],[]
34187730,34188530,OCH,CXN,0.0,951,XM,EC,0,NT,FI,0.0,0,-27.53,-21.25,[],0,0,[],[]
34188530,34194680,NA,OLN,0.0,952,pause,NA,NA,NA,NA,0.0,0,-30.35,-19.3,[],0,0,[],[]
34194680,34195480,OCH,CXN,0.0,952,XM,BC,0,NT,FI,0.0,0,-31.2,-26.07,[],0,0,[],[]
34195480,34198360,NA,OLN,0.0,952,XM,NA,NA,NA,NA,0.0,0,-29.4,-17.57,[],0,0,[],[]
34198360,34199180,OCH,CXN,0.0,952,XM,EC,0,NT,FH,0.0,0,-31.54,-23.99,[],0,0,[],[]
34199180,34205480,NA,OLN,0.0,953,pause,NA,NA,NA,NA,0.0,0,-30.93,-21.46,[],0,0,[],[]
34205480,34206110,OCH,CXN,0.0,953,XM,EC,0,NT,FI,0.0,0,-28.32,-22.06,[],0,0,[],[]
34206110,34208350,NA,OLN,0.0,954,pause,NA,NA,NA,NA,0.0,0,-32.38,-20.91,[],0,0,[],[]
34208350,34208960,CHI,CHN,0.0,954,pause,NA,NA,NA,NA,0.0,0,-28.51,-19.5,[],0,610,[],"[{'start': 34208.35, 'end': 34208.96}]"
34208960,34211620,NA,OLF,0.0,954,pause,NA,NA,NA,NA,0.0,0,-38.44,-26.83,[],0,0,[],[]
34211620,34212420,NA,NOF,0.0,954,pause,NA,NA,NA,NA,0.0,0,-35.86,-27.33,[],0,0,[],[]
34212420,34217610,NA,OLF,0.0,954,pause,NA,NA,NA,NA,0.0,0,-37.33,-27.74,[],0,0,[],[]
34217610,34218610,NA,MAF,0.0,954,pause,NA,NA,NA,NA,0.0,0,-39.56,-31.69,[],0,0,[],[]
34218610,34220510,NA,OLF,0.0,954,pause,NA,NA,NA,NA,0.0,0,-36.35,-21.84,[],0,0,[],[]
34220510,34221110,CHI,CHN,0.0,954,pause,NA,NA,NA,NA,0.0,0,-25.12,-15.88,[],0,300,[],"[{'start': 34220.71, 'end': 34221.01}]"
34221110,34221950,NA,NOF,0.0,954,pause,NA,NA,NA,NA,0.0,0,-37.0,-28.32,[],0,0,[],[]
34221950,34222790,NA,MAF,0.0,954,pause,NA,NA,NA,NA,0.0,0,-36.96,-28.17,[],0,0,[],[]
34222790,34223790,NA,TVN,0.0,954,pause,NA,NA,NA,NA,0.0,0,-36.11,-28.81,[],0,0,[],[]
34223790,34228320,NA,OLN,0.0,954,pause,NA,NA,NA,NA,0.0,0,-33.42,-21.53,[],0,0,[],[]
34228320,34229350,MAL,MAN,2.84,954,AMM,EC,0,NT,FI,0.0,0,-38.29,-28.88,[],0,0,[],[]
34229350,34230900,NA,TVF,0.0,955,pause,NA,NA,NA,NA,0.0,0,-40.55,-34.11,[],0,0,[],[]
34230900,34231990,NA,MAF,0.0,955,pause,NA,NA,NA,NA,0.0,0,-43.99,-37.46,[],0,0,[],[]
34231990,34232800,NA,FAF,0.0,955,pause,NA,NA,NA,NA,0.0,0,-44.26,-38.34,[],0,0,[],[]
34232800,34234780,NA,MAF,0.0,955,pause,NA,NA,NA,NA,0.0,0,-40.7,-33.83,[],0,0,[],[]
34234780,34235660,NA,NOF,0.0,955,pause,NA,NA,NA,NA,0.0,0,-36.34,-32.67,[],0,0,[],[]
34235660,34238720,NA,OLF,0.0,955,pause,NA,NA,NA,NA,0.0,0,-39.14,-32.91,[],0,0,[],[]
34238720,34239720,NA,TVF,0.0,955,pause,NA,NA,NA,NA,0.0,0,-42.83,-37.25,[],0,0,[],[]
34239720,34240520,OCH,CXN,0.0,955,XM,EC,0,NT,FI,0.0,0,-37.97,-32.82,[],0,0,[],[]
34240520,34243170,NA,OLF,0.0,956,pause,NA,NA,NA,NA,0.0,0,-40.97,-34.07,[],0,0,[],[]
34243170,34244990,NA,TVN,0.0,956,pause,NA,NA,NA,NA,0.0,0,-34.26,-29.35,[],0,0,[],[]
34244990,34245850,NA,OLN,0.0,956,pause,NA,NA,NA,NA,0.0,0,-36.49,-26.29,[],0,0,[],[]
34245850,34246900,OCH,CXN,0.0,956,XM,EC,0,NT,FI,0.0,0,-29.05,-22.25,[],0,0,[],[]
34246900,34250280,NA,OLN,0.0,957,pause,NA,NA,NA,NA,0.0,0,-32.94,-19.36,[],0,0,[],[]
34250280,34251280,NA,MAF,0.0,957,pause,NA,NA,NA,NA,0.0,0,-40.88,-32.46,[],0,0,[],[]
34251280,34252840,NA,OLN,0.0,957,pause,NA,NA,NA,NA,0.0,0,-31.15,-24.13,[],0,0,[],[]
34252840,34253680,NA,NON,0.0,957,pause,NA,NA,NA,NA,0.0,0,-34.9,-33.13,[],0,0,[],[]
34253680,34256280,NA,OLN,0.0,957,pause,NA,NA,NA,NA,0.0,0,-35.19,-29.11,[],0,0,[],[]
34256280,34257080,OCH,CXN,0.0,957,XM,BC,0,NT,FI,0.0,0,-33.87,-29.12,[],0,0,[],[]
34257080,34257880,NA,OLN,0.0,957,XM,NA,NA,NA,NA,0.0,0,-34.63,-30.64,[],0,0,[],[]
34257880,34258990,NA,NON,0.0,957,XM,NA,NA,NA,NA,0.0,0,-33.07,-29.39,[],0,0,[],[]
34258990,34259790,OCH,CXN,0.0,957,XM,RC,0,NT,FH,0.0,0,-23.57,-15.5,[],0,0,[],[]
34259790,34260790,NA,TVN,0.0,957,XM,NA,NA,NA,NA,0.0,0,-30.24,-23.72,[],0,0,[],[]
34260790,34264550,NA,OLN,0.0,957,XM,NA,NA,NA,NA,0.0,0,-26.39,-15.27,[],0,0,[],[]
34264550,34265710,OCH,CXN,0.0,957,XM,RC,0,NT,FH,0.0,0,-25.01,-15.9,[],0,0,[],[]
34265710,34269190,NA,OLN,0.0,957,XM,NA,NA,NA,NA,0.0,0,-27.83,-16.76,[],0,0,[],[]
34269190,34270250,OCH,CXN,0.0,957,XM,RC,0,NT,FH,0.0,0,-28.26,-18.64,[],0,0,[],[]
34270250,34275110,NA,OLN,0.0,957,XM,NA,NA,NA,NA,0.0,0,-27.9,-15.13,[],0,0,[],[]
34275110,34276000,OCH,CXN,0.0,957,XM,RC,0,NT,FH,0.0,0,-36.8,-29.75,[],0,0,[],[]
34276000,34276800,NA,NOF,0.0,957,XM,NA,NA,NA,NA,0.0,0,-40.63,-35.0,[],0,0,[],[]
34276800,34278260,OCH,CXN,0.0,957,XM,RC,0,NT,FH,0.0,0,-32.74,-23.7,[],0,0,[],[]
34278260,34279280,NA,TVN,0.0,957,XM,NA,NA,NA,NA,0.0,0,-34.65,-23.62,[],0,0,[],[]
34279280,34281860,NA,OLN,0.0,957,XM,NA,NA,NA,NA,0.0,0,-30.46,-18.95,[],0,0,[],[]
34281860,34282670,OCH,CXN,0.0,957,XM,EC,0,NT,FH,0.0,0,-29.97,-20.17,[],0,0,[],[]
34282670,34291060,NA,OLN,0.0,958,pause,NA,NA,NA,NA,0.0,0,-23.24,-5.59,[],0,0,[],[]
34291060,34291680,CHI,CHN,0.0,958,pause,NA,NA,NA,NA,0.0,0,-19.01,-6.85,[],0,140,"[{'start': 34291.54, 'end': 34291.68}]",[]
34291680,34295100,NA,OLN,0.0,958,pause,NA,NA,NA,NA,0.0,0,-19.34,-4.46,[],0,0,[],[]
34295100,34296290,NA,NON,0.0,958,pause,NA,NA,NA,NA,0.0,0,-27.18,-18.61,[],0,0,[],[]
34296290,34298780,NA,OLN,0.0,958,pause,NA,NA,NA,NA,0.0,0,-29.56,-19.84,[],0,0,[],[]
34298780,34299580,OCH,CXN,0.0,958,XIOCC,BC,0,NT,FI,0.0,0,-25.78,-17.84,[],0,0,[],[]
34299580,34300570,NA,OLN,0.0,958,XIOCC,NA,NA,NA,NA,0.0,0,-23.26,-13.9,[],0,0,[],[]
34300570,34301170,CHI,CHN,0.0,958,XIOCC,NA,NA,NA,NA,0.0,0,-16.42,-13.69,[],0,600,"[{'start': 34300.57, 'end': 34301.17}]",[]
34301170,34302040,NA,OLN,0.0,958,XIOCC,NA,NA,NA,NA,0.0,0,-22.65,-14.32,[],0,0,[],[]
34302040,34303010,CHI,CHN,0.0,958,XIOCC,RC,0,NT,FI,1.0,970,-21.5,-15.56,"[{'Canonical-syllable': '0', 'Growl': '0', 'High-freq-energy': '1', 'Long-island': '0', 'Low-tilt-spectrum': '1', 'Medium-island': '0', 'Short-island': '0', 'Squeal': '0', 'Typical-entropy': '1', 'Voicing-quality': '1', 'Wide-band': '0', 'Xlong-island': '1', 'seq': '1', 'end': 34303.01, 'start': 34302.04}]",0,0,[],[]
34303010,34303820,CHI,CHN,0.0,958,XIOCC,NA,NA,NA,NA,0.0,0,-18.47,-10.74,[],0,810,"[{'start': 34303.01, 'end': 34303.82}]",[]
34303820,34304620,OCH,CXN,0.0,958,XIOCC,RC,0,NT,FI,0.0,0,-16.81,-10.15,[],0,0,[],[]
34304620,34305420,NA,OLN,0.0,958,XIOCC,NA,NA,NA,NA,0.0,0,-21.81,-16.68,[],0,0,[],[]
34305420,34306030,CHI,CHN,0.0,958,XIOCC,EC,0,NT,FI,1.0,610,-21.4,-14.85,"[{'Canonical-syllable': '0', 'Growl': '1', 'High-freq-energy': '0', 'Long-island': '0', 'Low-tilt-spectrum': '1', 'Medium-island': '1', 'Short-island': '0', 'Squeal': '0', 'Typical-entropy': '1', 'Voicing-quality': '1', 'Wide-band': '0', 'Xlong-island': '0', 'seq': '1', 'end': 34306.03, 'start': 34305.42}]",0,0,[],[]
34306030,34311400,NA,OLN,0.0,959,pause,NA,NA,NA,NA,0.0,0,-19.14,-4.63,[],0,0,[],[]
34311400,34312000,CHI,CHN,0.0,959,pause,NA,NA,NA,NA,0.0,0,-15.0,-4.81,[],0,160,"[{'start': 34311.84, 'end': 34312.0}]",[]
34312000,34313460,NA,OLN,0.0,959,pause,NA,NA,NA,NA,0.0,0,-18.18,-10.91,[],0,0,[],[]
34313460,34314060,CHI,CHN,0.0,959,CIOCX,BC,0,NT,FI,1.0,500,-19.73,-12.49,"[{'Canonical-syllable': '0', 'Growl': '0', 'High-freq-energy': '1', 'Long-island': '0', 'Low-tilt-spectrum': '1', 'Medium-island': '1', 'Short-island': '0', 'Squeal': '0', 'Typical-entropy': '1', 'Voicing-quality': '1', 'Wide-band': '0', 'Xlong-island': '0', 'seq': '1', 'end': 34313.96, 'start': 34313.46}]",0,0,[],[]
34314060,34316440,NA,OLN,0.0,959,CIOCX,NA,NA,NA,NA,0.0,0,-18.42,-3.37,[],0,0,[],[]
34316440,34317040,CHI,CHN,0.0,959,CIOCX,NA,NA,NA,NA,0.0,0,-16.36,-5.94,[],0,600,"[{'start': 34316.44, 'end': 34317.04}]",[]
34317040,34317970,NA,OLN,0.0,959,CIOCX,NA,NA,NA,NA,0.0,0,-18.69,-11.44,[],0,0,[],[]
34317970,34318570,CHI,CHN,0.0,959,CIOCX,RC,0,NT,FH,1.0,600,-17.22,-11.51,"[{'Canonical-syllable': '0', 'Growl': '0', 'High-freq-energy': '1', 'Long-island': '0', 'Low-tilt-spectrum': '1', 'Medium-island': '1', 'Short-island': '0', 'Squeal': '0', 'Typical-entropy': '1', 'Voicing-quality': '1', 'Wide-band': '0', 'Xlong-island': '0', 'seq': '1', 'end': 34318.57, 'start': 34317.97}]",0,0,[],[]
34318570,34319380,NA,OLN,0.0,959,CIOCX,NA,NA,NA,NA,0.0,0,-18.37,-11.48,[],0,0,[],[]
34319380,34319980,CHI,CHN,0.0,959,CIOCX,RC,0,NT,FH,1.0,600,-15.05,-6.59,"[{'Canonical-syllable': '0', 'Growl': '0', 'High-freq-energy': '1', 'Long-island': '0', 'Low-tilt-spectrum': '1', 'Medium-island': '1', 'Short-island': '0', 'Squeal': '0', 'Typical-entropy': '1', 'Voicing-quality': '1', 'Wide-band': '0', 'Xlong-island': '0', 'seq': '1', 'end': 34319.98, 'start': 34319.38}]",0,0,[],[]
34319980,34320780,OCH,CXN,0.0,959,CIOCX,RC,0,NT,FI,0.0,0,-19.88,-11.94,[],0,0,[],[]
34320780,34321380,CHI,CHN,0.0,959,CIOCX,RC,0,NT,FI,1.0,600,-18.37,-11.8,"[{'Canonical-syllable': '0', 'Growl': '1', 'High-freq-energy': '3', 'Long-island': '0', 'Low-tilt-spectrum': '3', 'Medium-island': '0', 'Short-island': '2', 'Squeal': '1', 'Typical-entropy': '3', 'Voicing-quality': '2', 'Wide-band': '0', 'Xlong-island': '0', 'seq': '1', 'end': 34321.38, 'start': 34320.78}]",0,0,[],[]
34321380,34322430,NA,OLN,0.0,959,CIOCX,NA,NA,NA,NA,0.0,0,-18.92,-12.41,[],0,0,[],[]
34322430,34323030,CHI,CHN,0.0,959,CIOCX,RC,0,NT,FH,1.0,600,-18.03,-11.49,"[{'Canonical-syllable': '0', 'Growl': '1', 'High-freq-energy': '2', 'Long-island': '0', 'Low-tilt-spectrum': '2', 'Medium-island': '1', 'Short-island': '0', 'Squeal': '0', 'Typical-entropy': '2', 'Voicing-quality': '2', 'Wide-band': '0', 'Xlong-island': '0', 'seq': '1', 'end': 34323.03, 'start': 34322.43}]",0,0,[],[]
34323030,34323950,CHI,CHN,0.0,959,CIOCX,EC,0,NT,FH,1.0,920,-20.47,-12.39,"[{'Canonical-syllable': '0', 'Growl': '1', 'High-freq-energy': '2', 'Long-island': '0', 'Low-tilt-spectrum': '2', 'Medium-island': '1', 'Short-island': '0', 'Squeal': '0', 'Typical-entropy': '2', 'Voicing-quality': '1', 'Wide-band': '0', 'Xlong-island': '0', 'seq': '1', 'end': 34323.95, 'start': 34323.17}]",0,0,[],[]
34323950,34326670,NA,OLN,0.0,960,pause,NA,NA,NA,NA,0.0,0,-17.0,-4.06,[],0,0,[],[]
34326670,34327780,NA,NON,0.0,960,pause,NA,NA,NA,NA,0.0,0,-16.57,-5.64,[],0,0,[],[]
34327780,34328620,NA,OLN,0.0,960,pause,NA,NA,NA,NA,0.0,0,-18.14,-7.27,[],0,0,[],[]
34328620,34329730,CHI,CHN,0.0,960,pause,NA,NA,NA,NA,0.0,0,-17.27,-9.23,[],0,1110,"[{'start': 34328.62, 'end': 34329.73}]",[]
34329730,34336800,NA,OLN,0.0,960,pause,NA,NA,NA,NA,0.0,0,-23.39,-5.13,[],0,0,[],[]
34336800,34337600,OCH,CXN,0.0,960,XIOCC,BC,0,NT,FI,0.0,0,-20.76,-15.22,[],0,0,[],[]
34337600,34338890,NA,OLN,0.0,960,XIOCC,NA,NA,NA,NA,0.0,0,-21.31,-10.72,[],0,0,[],[]
34338890,34339490,CHI,CHN,0.0,960,XIOCC,EC,0,NT,FI,1.0,600,-16.77,-9.17,"[{'Canonical-syllable': '0', 'Growl': '0', 'High-freq-energy': '1', 'Long-island': '0', 'Low-tilt-spectrum': '1', 'Medium-island': '1', 'Short-island': '0', 'Squeal': '1', 'Typical-entropy': '0', 'Voicing-quality': '1', 'Wide-band': '0', 'Xlong-island': '0', 'seq': '1', 'end': 34339.49, 'start': 34339.06}]",0,0,[],[]
34339490,34340290,NA,TVF,0.0,961,pause,NA,NA,NA,NA,0.0,0,-28.95,-15.76,[],0,0,[],[]
34340290,34341290,NA,MAF,0.0,961,pause,NA,NA,NA,NA,0.0,0,-26.89,-13.49,[],0,0,[],[]
34341290,34344760,NA,OLN,0.0,961,pause,NA,NA,NA,NA,0.0,0,-25.56,-16.18,[],0,0,[],[]
34344760,34345800,NA,NOF,0.0,961,pause,NA,NA,NA,NA,0.0,0,-37.21,-32.32,[],0,0,[],[]
34345800,34346800,NA,MAF,0.0,961,pause,NA,NA,NA,NA,0.0,0,-39.15,-33.32,[],0,0,[],[]
34346800,34353500,NA,OLN,0.0,961,pause,NA,NA,NA,NA,0.0,0,-30.09,-20.44,[],0,0,[],[]
34353500,34354340,NA,NOF,0.0,961,pause,NA,NA,NA,NA,0.0,0,-38.42,-30.1,[],0,0,[],[]
34354340,34355980,NA,OLF,0.0,961,pause,NA,NA,NA,NA,0.0,0,-39.71,-34.07,[],0,0,[],[]
34355980,34356780,OCH,CXN,0.0,961,XM,BC,0,NT,FI,0.0,0,-29.45,-22.89,[],0,0,[],[]
34356780,34360570,NA,OLN,0.0,961,XM,NA,NA,NA,NA,0.0,0,-26.35,-11.69,[],0,0,[],[]
34360570,34361370,OCH,CXN,0.0,961,XM,RC,0,NT,FH,0.0,0,-25.07,-15.91,[],0,0,[],[]
34361370,34363920,NA,OLN,0.0,961,XM,NA,NA,NA,NA,0.0,0,-30.77,-17.73,[],0,0,[],[]
34363920,34364730,OCH,CXN,0.0,961,XM,RC,0,NT,FH,0.0,0,-29.65,-22.04,[],0,0,[],[]
34364730,34366150,NA,OLN,0.0,961,XM,NA,NA,NA,NA,0.0,0,-34.94,-22.56,[],0,0,[],[]
34366150,34366990,OCH,CXN,0.0,961,XM,RC,0,NT,FH,0.0,0,-25.11,-17.72,[],0,0,[],[]
34366990,34368200,NA,OLN,0.0,961,XM,NA,NA,NA,NA,0.0,0,-22.39,-14.91,[],0,0,[],[]
34368200,34369000,OCH,CXN,0.0,961,XM,RC,0,NT,FH,0.0,0,-26.12,-20.3,[],0,0,[],[]
34369000,34370910,NA,OLN,0.0,961,XM,NA,NA,NA,NA,0.0,0,-30.18,-19.55,[],0,0,[],[]
34370910,34372850,OCH,CXN,0.0,961,XM,RC,0,NT,FH,0.0,0,-26.3,-19.08,[],0,0,[],[]
34372850,34374810,NA,OLN,0.0,961,XM,NA,NA,NA,NA,0.0,0,-27.29,-14.49,[],0,0,[],[]
34374810,34376020,OCH,CXN,0.0,961,XM,EC,0,NT,FH,0.0,0,-26.3,-17.35,[],0,0,[],[]
34376020,34382780,NA,OLN,0.0,962,pause,NA,NA,NA,NA,0.0,0,-28.38,-15.09,[],0,0,[],[]
34382780,34383580,OCH,CXN,0.0,962,XM,BC,0,NT,FI,0.0,0,-24.37,-16.17,[],0,0,[],[]
34383580,34387230,NA,OLN,0.0,962,XM,NA,NA,NA,NA,0.0,0,-24.78,-15.39,[],0,0,[],[]
34387230,34388120,OCH,CXN,0.0,962,XM,RC,0,NT,FH,0.0,0,-24.67,-12.77,[],0,0,[],[]
34388120,34390120,NA,OLN,0.0,962,XM,NA,NA,NA,NA,0.0,0,-28.71,-19.65,[],0,0,[],[]
34390120,34390980,OCH,CXN,0.0,962,XM,RC,0,NT,FH,0.0,0,-21.14,-12.35,[],0,0,[],[]
34390980,34392450,NA,OLN,0.0,962,XM,NA,NA,NA,NA,0.0,0,-28.0,-15.4,[],0,0,[],[]
34392450,34393470,OCH,CXN,0.0,962,XM,RC,0,NT,FH,0.0,0,-22.71,-16.7,[],0,0,[],[]
34393470,34395430,NA,OLN,0.0,962,XM,NA,NA,NA,NA,0.0,0,-28.05,-13.55,[],0,0,[],[]
34395430,34396230,OCH,CXN,0.0,962,XM,RC,0,NT,FH,0.0,0,-27.66,-21.02,[],0,0,[],[]
34396230,34397060,NA,OLN,0.0,962,XM,NA,NA,NA,NA,0.0,0,-24.76,-15.5,[],0,0,[],[]
34397060,34398060,OCH,CXN,0.0,962,XM,RC,0,NT,FH,0.0,0,-23.39,-12.91,[],0,0,[],[]
34398060,34401640,NA,OLN,0.0,962,XM,NA,NA,NA,NA,0.0,0,-27.88,-15.91,[],0,0,[],[]
34401640,34402440,OCH,CXN,0.0,962,XM,RC,0,NT,FH,0.0,0,-28.69,-21.84,[],0,0,[],[]
34402440,34405150,NA,OLN,0.0,962,XM,NA,NA,NA,NA,0.0,0,-24.38,-8.33,[],0,0,[],[]
34405150,34405950,OCH,CXN,0.0,962,XM,RC,0,NT,FH,0.0,0,-24.06,-16.44,[],0,0,[],[]
34405950,34406780,NA,OLN,0.0,962,XM,NA,NA,NA,NA,0.0,0,-26.19,-15.95,[],0,0,[],[]
34406780,34407580,OCH,CXN,0.0,962,XM,RC,0,NT,FH,0.0,0,-27.29,-18.07,[],0,0,[],[]
34407580,34408410,NA,OLN,0.0,962,XM,NA,NA,NA,NA,0.0,0,-25.69,-16.04,[],0,0,[],[]
34408410,34409580,OCH,CXN,0.0,962,XM,EC,0,NT,FH,0.0,0,-31.56,-23.01,[],0,0,[],[]
34409580,34422290,NA,OLN,0.0,963,pause,NA,NA,NA,NA,0.0,0,-32.03,-17.09,[],0,0,[],[]
34422290,34424190,NA,OLF,0.0,963,pause,NA,NA,NA,NA,0.0,0,-35.26,-19.84,[],0,0,[],[]
34424190,34424790,CHI,CHN,0.0,963,CM,EC,0,NT,FI,1.0,600,-18.04,-10.49,"[{'Canonical-syllable': '0', 'Growl': '0', 'High-freq-energy': '0', 'Long-island': '0', 'Low-tilt-spectrum': '0', 'Medium-island': '1', 'Short-island': '0', 'Squeal': '0', 'Typical-entropy': '1', 'Voicing-quality': '1', 'Wide-band': '0', 'Xlong-island': '0', 'seq': '1', 'end': 34424.79, 'start': 34424.19}]",0,0,[],[]
34424790,34429240,NA,OLN,0.0,964,pause,NA,NA,NA,NA,0.0,0,-24.39,-6.61,[],0,0,[],[]
34429240,34429840,CHI,CHN,0.0,964,pause,NA,NA,NA,NA,0.0,0,-27.62,-18.4,[],0,600,[],"[{'start': 34429.24, 'end': 34429.84}]"
34429840,34432880,NA,OLF,0.0,964,pause,NA,NA,NA,NA,0.0,0,-37.02,-26.23,[],0,0,[],[]
34432880,34433880,MAL,MAN,0.0,964,pause,NA,NA,NA,NA,0.0,0,-36.15,-29.66,[],1000,0,[],[]
34433880,34439880,NA,OLF,0.0,964,pause,NA,NA,NA,NA,0.0,0,-34.95,-21.9,[],0,0,[],[]
34439880,34440990,NA,MAF,0.0,964,pause,NA,NA,NA,NA,0.0,0,-42.37,-37.04,[],0,0,[],[]
34440990,34441790,NA,OLN,0.0,964,pause,NA,NA,NA,NA,0.0,0,-37.48,-29.3,[],0,0,[],[]
34441790,34442990,NA,MAF,0.0,964,pause,NA,NA,NA,NA,0.0,0,-40.92,-35.39,[],0,0,[],[]
34442990,34444880,NA,OLF,0.0,964,pause,NA,NA,NA,NA,0.0,0,-40.68,-33.19,[],0,0,[],[]
34444880,34445930,NA,MAF,0.0,964,pause,NA,NA,NA,NA,0.0,0,-39.8,-30.35,[],0,0,[],[]
34445930,34451420,NA,OLF,0.0,964,pause,NA,NA,NA,NA,0.0,0,-43.77,-35.97,[],0,0,[],[]
34451420,34452420,NA,MAF,0.0,964,pause,NA,NA,NA,NA,0.0,0,-39.54,-29.34,[],0,0,[],[]
34452420,34453350,NA,OLF,0.0,964,pause,NA,NA,NA,NA,0.0,0,-42.06,-37.05,[],0,0,[],[]
34453350,34455210,NA,NOF,0.0,964,pause,NA,NA,NA,NA,0.0,0,-43.96,-39.01,[],0,0,[],[]
34455210,34456270,NA,OLF,0.0,964,pause,NA,NA,NA,NA,0.0,0,-42.48,-38.8,[],0,0,[],[]
34456270,34457750,NA,NOF,0.0,964,pause,NA,NA,NA,NA,0.0,0,-44.3,-40.24,[],0,0,[],[]
34457750,34460950,NA,OLF,0.0,964,pause,NA,NA,NA,NA,0.0,0,-40.65,-34.54,[],0,0,[],[]
34460950,34461750,NA,NOF,0.0,964,pause,NA,NA,NA,NA,0.0,0,-42.42,-39.62,[],0,0,[],[]
34461750,34464380,NA,OLF,0.0,964,pause,NA,NA,NA,NA,0.0,0,-27.96,-6.98,[],0,0,[],[]
34464380,34465390,NA,OLN,0.0,964,pause,NA,NA,NA,NA,0.0,0,-25.31,-6.12,[],0,0,[],[]
34465390,34465990,CHI,CHN,0.0,964,CIOCX,BC,0,NT,FI,1.0,380,-26.51,-18.05,"[{'Canonical-syllable': '1', 'Growl': '0', 'High-freq-energy': '1', 'Long-island': '0', 'Low-tilt-spectrum': '1', 'Medium-island': '1', 'Short-island': '0', 'Squeal': '0', 'Typical-entropy': '1', 'Voicing-quality': '1', 'Wide-band': '0', 'Xlong-island': '0', 'seq': '1', 'end': 34465.77, 'start': 34465.39}]",0,0,[],[]
34465990,34466790,CHI,CHN,0.0,964,CIOCX,NA,NA,NA,NA,0.0,0,-23.08,-15.5,[],0,800,"[{'start': 34465.99, 'end': 34466.79}]",[]
34466790,34469080,NA,OLN,0.0,964,CIOCX,NA,NA,NA,NA,0.0,0,-27.14,-17.34,[],0,0,[],[]
34469080,34469900,NA,NOF,0.0,964,CIOCX,NA,NA,NA,NA,0.0,0,-36.37,-25.5,[],0,0,[],[]
34469900,34470950,NA,OLN,0.0,964,CIOCX,NA,NA,NA,NA,0.0,0,-28.49,-15.37,[],0,0,[],[]
34470950,34471830,OCH,CXN,0.0,964,CIOCX,EC,0,NT,FI,0.0,0,-30.74,-23.26,[],0,0,[],[]
34471830,34473910,NA,OLN,0.0,965,pause,NA,NA,NA,NA,0.0,0,-30.57,-20.43,[],0,0,[],[]
34473910,34475000,NA,FAF,0.0,965,pause,NA,NA,NA,NA,0.0,0,-33.15,-23.85,[],0,0,[],[]
34475000,34476730,NA,OLN,0.0,965,pause,NA,NA,NA,NA,0.0,0,-35.46,-26.46,[],0,0,[],[]
34476730,34477580,NA,NOF,0.0,965,pause,NA,NA,NA,NA,0.0,0,-42.85,-37.62,[],0,0,[],[]
34477580,34485890,NA,OLF,0.0,965,pause,NA,NA,NA,NA,0.0,0,-36.47,-26.46,[],0,0,[],[]
34485890,34487090,NA,NOF,0.0,965,pause,NA,NA,NA,NA,0.0,0,-38.19,-26.84,[],0,0,[],[]
34487090,34489610,NA,OLF,0.0,965,pause,NA,NA,NA,NA,0.0,0,-43.6,-35.22,[],0,0,[],[]
34489610,34490410,OCH,CXN,0.0,965,XM,EC,0,NT,FI,0.0,0,-35.78,-26.96,[],0,0,[],[]
34490410,34492110,NA,OLN,0.0,966,pause,NA,NA,NA,NA,0.0,0,-37.16,-29.61,[],0,0,[],[]
34492110,34492930,NA,CXF,0.0,966,pause,NA,NA,NA,NA,0.0,0,-42.7,-36.73,[],0,0,[],[]
34492930,34494690,NA,OLF,0.0,966,pause,NA,NA,NA,NA,0.0,0,-32.2,-13.18,[],0,0,[],[]
34494690,34495890,NA,FAF,0.0,966,pause,NA,NA,NA,NA,0.0,0,-43.79,-35.56,[],0,0,[],[]
34495890,34496690,NA,OLF,0.0,966,pause,NA,NA,NA,NA,0.0,0,-41.75,-34.27,[],0,0,[],[]
34496690,34498190,NA,FAF,0.0,966,pause,NA,NA,NA,NA,0.0,0,-44.98,-37.08,[],0,0,[],[]
34498190,34499200,NA,MAF,0.0,966,pause,NA,NA,NA,NA,0.0,0,-40.43,-30.69,[],0,0,[],[]
34499200,34501350,NA,OLF,0.0,966,pause,NA,NA,NA,NA,0.0,0,-41.83,-30.91,[],0,0,[],[]
34501350,34502960,NA,OLN,0.0,966,pause,NA,NA,NA,NA,0.0,0,-33.41,-22.71,[],0,0,[],[]
34502960,34503760,OCH,CXN,0.0,966,XM,EC,0,NT,FI,0.0,0,-33.08,-26.68,[],0,0,[],[]
34503760,34508690,NA,OLF,0.0,967,pause,NA,NA,NA,NA,0.0,0,-33.93,-19.09,[],0,0,[],[]
34508690,34511490,NA,NOF,0.0,967,pause,NA,NA,NA,NA,0.0,0,-33.68,-17.4,[],0,0,[],[]
34511490,34512500,OCH,CXN,0.0,967,XIOCA,BC,0,NT,FI,0.0,0,-33.04,-25.91,[],0,0,[],[]
34512500,34514640,NA,NOF,0.0,967,XIOCA,NA,NA,NA,NA,0.0,0,-32.31,-20.76,[],0,0,[],[]
34514640,34515640,OCH,CXN,0.0,967,XIOCA,RC,0,NT,FH,0.0,0,-26.8,-17.98,[],0,0,[],[]
34515640,34516890,OCH,CXN,0.0,967,XIOCA,RC,0,NT,FH,0.0,0,-29.91,-20.41,[],0,0,[],[]
34516890,34518210,FEM,FAN,7.73,967,XIOCA,RC,0,NT,FI,0.0,0,-30.6,-23.51,[],0,0,[],[]
34518210,34519010,OCH,CXN,0.0,967,XIOCA,RC,0,NT,FI,0.0,0,-38.99,-29.56,[],0,0,[],[]
34519010,34520120,NA,OLF,0.0,967,XIOCA,NA,NA,NA,NA,0.0,0,-43.34,-39.03,[],0,0,[],[]
34520120,34521410,OCH,CXN,0.0,967,XIOCA,RC,0,NT,FH,0.0,0,-26.07,-16.53,[],0,0,[],[]
34521410,34522550,FEM,FAN,4.41,967,XIOCA,RC,0,NT,FI,0.0,0,-25.16,-12.83,[],0,0,[],[]
34522550,34523360,OCH,CXN,0.0,967,XIOCA,RC,0,NT,FI,0.0,0,-37.83,-31.3,[],0,0,[],[]
34523360,34524730,NA,OLF,0.0,967,XIOCA,NA,NA,NA,NA,0.0,0,-38.12,-28.95,[],0,0,[],[]
34524730,34525760,FEM,FAN,5.79,967,XIOCA,RC,0,NT,FI,0.0,0,-28.1,-19.35,[],0,0,[],[]
34525760,34526990,OCH,CXN,0.0,967,XIOCA,RC,0,NT,FI,0.0,0,-25.94,-18.93,[],0,0,[],[]
34526990,34528270,NA,OLN,0.0,967,XIOCA,NA,NA,NA,NA,0.0,0,-33.95,-25.57,[],0,0,[],[]
34528270,34530250,OCH,CXN,0.0,967,XIOCA,RC,0,NT,FH,0.0,0,-38.3,-27.44,[],0,0,[],[]
34530250,34531400,FEM,FAN,4.24,967,XIOCA,RC,0,NT,FI,0.0,0,-33.56,-23.61,[],0,0,[],[]
34531400,34532200,NA,OLN,0.0,967,XIOCA,NA,NA,NA,NA,0.0,0,-30.67,-22.76,[],0,0,[],[]
34532200,34533280,OCH,CXN,0.0,967,XIOCA,RC,0,NT,FI,0.0,0,-33.57,-27.04,[],0,0,[],[]
34533280,34534530,MAL,MAN,4.74,967,XIOCA,RC,0,NT,FI,0.0,0,-24.66,-17.86,[],0,0,[],[]
34534530,34535580,NA,OLN,0.0,967,XIOCA,NA,NA,NA,NA,0.0,0,-27.05,-18.54,[],0,0,[],[]
34535580,34536680,FEM,FAN,4.38,967,XIOCA,RC,0,NT,FI,0.0,0,-29.61,-20.68,[],0,0,[],[]
34536680,34537940,NA,OLN,0.0,967,XIOCA,NA,NA,NA,NA,0.0,0,-23.62,-16.19,[],0,0,[],[]
34537940,34538850,OCH,CXN,0.0,967,XIOCA,RC,0,NT,FI,0.0,0,-27.2,-20.78,[],0,0,[],[]
34538850,34539850,OCH,CXN,0.0,967,XIOCA,RC,0,NT,FH,0.0,0,-30.77,-22.06,[],0,0,[],[]
34539850,34543660,NA,OLN,0.0,967,XIOCA,NA,NA,NA,NA,0.0,0,-23.35,-6.28,[],0,0,[],[]
34543660,34544470,OCH,CXN,0.0,967,XIOCA,EC,0,NT,FH,0.0,0,-35.38,-31.01,[],0,0,[],[]
34544470,34548270,NA,OLN,0.0,968,pause,NA,NA,NA,NA,0.0,0,-23.4,-10.74,[],0,0,[],[]
34548270,34549210,NA,NON,0.0,968,pause,NA,NA,NA,NA,0.0,0,-17.42,-2.15,[],0,0,[],[]
34549210,34550520,NA,OLN,0.0,968,pause,NA,NA,NA,NA,0.0,0,-24.83,-13.13,[],0,0,[],[]
34550520,34551520,MAL,MAN,3.41,968,AMM,EC,0,NT,FI,0.0,0,-26.57,-16.38,[],0,0,[],[]
34551520,34564800,NA,OLN,0.0,969,pause,NA,NA,NA,NA,0.0,0,-30.7,-18.47,[],0,0,[],[]
34564800,34565600,OCH,CXN,0.0,969,XIOCA,BC,0,NT,FI,0.0,0,-29.29,-23.58,[],0,0,[],[]
34565600,34568550,NA,OLN,0.0,969,XIOCA,NA,NA,NA,NA,0.0,0,-27.17,-17.15,[],0,0,[],[]
34568550,34569550,MAL,MAN,7.0,969,XIOCA,EC,0,NT,FI,0.0,0,-24.55,-18.98,[],0,0,[],[]
34569550,34574290,NA,OLN,0.0,970,pause,NA,NA,NA,NA,0.0,0,-28.51,-19.06,[],0,0,[],[]
34574290,34575130,NA,NON,0.0,970,pause,NA,NA,NA,NA,0.0,0,-32.04,-25.52,[],0,0,[],[]
34575130,34576030,NA,OLN,0.0,970,pause,NA,NA,NA,NA,0.0,0,-30.83,-21.18,[],0,0,[],[]
34576030,34576660,NA,NON,0.0,970,pause,NA,NA,NA,NA,0.0,0,-37.63,-30.63,[],0,0,[],[]
34576660,34577630,NA,OLN,0.0,970,pause,NA,NA,NA,NA,0.0,0,-35.89,-28.36,[],0,0,[],[]
34577630,34578600,NA,NON,0.0,970,pause,NA,NA,NA,NA,0.0,0,-38.06,-32.31,[],0,0,[],[]
34578600,34580430,NA,OLN,0.0,970,pause,NA,NA,NA,NA,0.0,0,-34.34,-24.21,[],0,0,[],[]
34580430,34581690,NA,NON,0.0,970,pause,NA,NA,NA,NA,0.0,0,-36.81,-30.5,[],0,0,[],[]
34581690,34582870,NA,OLF,0.0,970,pause,NA,NA,NA,NA,0.0,0,-22.02,-5.76,[],0,0,[],[]
34582870,34583470,NA,CHF,0.0,970,CIOCX,BC,0,NT,FI,1.0,600,-33.34,-26.32,"[{'Canonical-syllable': '0', 'Growl': '0', 'High-freq-energy': '0', 'Long-island': '0', 'Low-tilt-spectrum': '1', 'Medium-island': '1', 'Short-island': '0', 'Squeal': '0', 'Typical-entropy': '1', 'Voicing-quality': '1', 'Wide-band': '0', 'Xlong-island': '0', 'seq': '1', 'end': 34583.47, 'start': 34582.87}]",0,0,[],[]
34583470,34584410,NA,OLN,0.0,970,CIOCX,NA,NA,NA,NA,0.0,0,-35.41,-27.54,[],0,0,[],[]
34584410,34585300,OCH,CXN,0.0,970,CIOCX,EC,0,NT,FI,0.0,0,-30.52,-23.05,[],0,0,[],[]
34585300,34587250,NA,OLN,0.0,971,pause,NA,NA,NA,NA,0.0,0,-28.86,-19.62,[],0,0,[],[]
34587250,34587850,CHI,CHN,0.0,971,pause,NA,NA,NA,NA,0.0,0,-33.64,-29.47,[],0,600,[],"[{'start': 34587.25, 'end': 34587.85}]"
34587850,34592270,NA,OLN,0.0,971,pause,NA,NA,NA,NA,0.0,0,-24.87,-4.74,[],0,0,[],[]
34592270,34592990,CHI,CHN,0.0,971,CIOCX,BC,0,NT,FI,1.0,720,-16.6,-5.41,"[{'Canonical-syllable': '0', 'Growl': '0', 'High-freq-energy': '1', 'Long-island': '1', 'Low-tilt-spectrum': '1', 'Medium-island': '0', 'Short-island': '0', 'Squeal': '0', 'Typical-entropy': '1', 'Voicing-quality': '1', 'Wide-band': '0', 'Xlong-island': '0', 'seq': '1', 'end': 34592.99, 'start': 34592.27}]",0,0,[],[]
34592990,34593810,NA,NON,0.0,971,CIOCX,NA,NA,NA,NA,0.0,0,-18.58,-14.33,[],0,0,[],[]
34593810,34594460,CHI,CHN,0.0,971,CIOCX,NA,NA,NA,NA,0.0,0,-21.36,-15.71,[],0,650,"[{'start': 34593.81, 'end': 34594.46}]",[]
34594460,34596350,NA,OLN,0.0,971,CIOCX,NA,NA,NA,NA,0.0,0,-22.19,-6.45,[],0,0,[],[]
34596350,34598750,OCH,CXN,0.0,971,CIOCX,RC,0,NT,FI,0.0,0,-24.09,-15.94,[],0,0,[],[]
34598750,34599730,NA,OLN,0.0,971,CIOCX,NA,NA,NA,NA,0.0,0,-19.64,-7.4,[],0,0,[],[]
34599730,34600990,CHI,CHN,0.0,971,CIOCX,EC,0,NT,FI,1.0,1260,-20.85,-11.73,"[{'Canonical-syllable': '0', 'Growl': '0', 'High-freq-energy': '1', 'Long-island': '0', 'Low-tilt-spectrum': '1', 'Medium-island': '0', 'Short-island': '0', 'Squeal': '0', 'Typical-entropy': '1', 'Voicing-quality': '1', 'Wide-band': '0', 'Xlong-island': '1', 'seq': '1', 'end': 34600.99, 'start': 34599.73}]",0,0,[],[]
34600990,34602040,NA,NON,0.0,972,pause,NA,NA,NA,NA,0.0,0,-21.72,-8.01,[],0,0,[],[]
34602040,34603220,NA,OLN,0.0,972,pause,NA,NA,NA,NA,0.0,0,-27.75,-14.31,[],0,0,[],[]
34603220,34604600,NA,NON,0.0,972,pause,NA,NA,NA,NA,0.0,0,-21.72,-6.41,[],0,0,[],[]
34604600,34611680,NA,OLN,0.0,972,pause,NA,NA,NA,NA,0.0,0,-27.15,-17.63,[],0,0,[],[]
34611680,34612590,NA,NON,0.0,972,pause,NA,NA,NA,NA,0.0,0,-28.71,-24.13,[],0,0,[],[]
34612590,34613190,OCH,CXN,0.0,972,XM,BC,0,NT,FI,0.0,0,-25.36,-20.32,[],0,0,[],[]
34613190,34614000,NA,OLN,0.0,972,XM,NA,NA,NA,NA,0.0,0,-32.88,-25.74,[],0,0,[],[]
34614000,34615020,OCH,CXN,0.0,972,XM,EC,0,NT,FH,0.0,0,-30.86,-21.54,[],0,0,[],[]
34615020,34616760,NA,OLN,0.0,973,pause,NA,NA,NA,NA,0.0,0,-35.09,-24.18,[],0,0,[],[]
34616760,34617860,NA,TVF,0.0,973,pause,NA,NA,NA,NA,0.0,0,-40.25,-34.36,[],0,0,[],[]
34617860,34619020,NA,FAF,0.0,973,pause,NA,NA,NA,NA,0.0,0,-44.11,-36.15,[],0,0,[],[]
34619020,34620270,NA,MAF,0.0,973,pause,NA,NA,NA,NA,0.0,0,-43.62,-34.53,[],0,0,[],[]
34620270,34620870,NA,TVF,0.0,973,pause,NA,NA,NA,NA,0.0,0,-35.53,-27.03,[],0,0,[],[]
34620870,34621910,NA,OLF,0.0,973,pause,NA,NA,NA,NA,0.0,0,-43.22,-35.83,[],0,0,[],[]
34621910,34622730,NA,TVF,0.0,973,pause,NA,NA,NA,NA,0.0,0,-46.3,-39.87,[],0,0,[],[]
34622730,34623530,NA,TVF,0.0,973,pause,NA,NA,NA,NA,0.0,0,-45.2,-39.65,[],0,0,[],[]
34623530,34624940,NA,FAF,0.0,973,pause,NA,NA,NA,NA,0.0,0,-44.02,-38.43,[],0,0,[],[]
34624940,34626160,NA,OLF,0.0,973,pause,NA,NA,NA,NA,0.0,0,-43.54,-38.96,[],0,0,[],[]
34626160,34627080,NA,CXF,0.0,973,pause,NA,NA,NA,NA,0.0,0,-41.88,-35.82,[],0,0,[],[]
34627080,34628550,NA,FAF,0.0,973,pause,NA,NA,NA,NA,0.0,0,-35.02,-20.13,[],0,0,[],[]
34628550,34629550,NA,MAF,0.0,973,pause,NA,NA,NA,NA,0.0,0,-42.78,-35.51,[],0,0,[],[]
34629550,34630980,FEM,FAN,4.8,973,AMF,EC,0,NT,FI,0.0,0,-31.52,-18.27,[],0,0,[],[]
34630980,34631800,NA,OLF,0.0,974,pause,NA,NA,NA,NA,0.0,0,-41.61,-32.85,[],0,0,[],[]
34631800,34632820,NA,FAF,0.0,974,pause,NA,NA,NA,NA,0.0,0,-44.77,-39.39,[],0,0,[],[]
34632820,34633620,NA,CXF,0.0,974,pause,NA,NA,NA,NA,0.0,0,-43.24,-35.82,[],0,0,[],[]
34633620,34634830,NA,FAF,0.0,974,pause,NA,NA,NA,NA,0.0,0,-41.18,-34.12,[],0,0,[],[]
34634830,34638520,NA,OLF,0.0,974,pause,NA,NA,NA,NA,0.0,0,-40.17,-32.74,[],0,0,[],[]
34638520,34640220,NA,NOF,0.0,974,pause,NA,NA,NA,NA,0.0,0,-22.35,-6.42,[],0,0,[],[]
34640220,34641030,NA,OLF,0.0,974,pause,NA,NA,NA,NA,0.0,0,-41.48,-34.89,[],0,0,[],[]
34641030,34643440,NA,NOF,0.0,974,pause,NA,NA,NA,NA,0.0,0,-41.34,-28.35,[],0,0,[],[]
34643440,34644490,NA,CXF,0.0,974,pause,NA,NA,NA,NA,0.0,0,-36.21,-27.79,[],0,0,[],[]
34644490,34645940,NA,OLN,0.0,974,pause,NA,NA,NA,NA,0.0,0,-37.94,-26.49,[],0,0,[],[]
34645940,34646950,NA,CXF,0.0,974,pause,NA,NA,NA,NA,0.0,0,-36.93,-25.68,[],0,0,[],[]
34646950,34648240,NA,OLF,0.0,974,pause,NA,NA,NA,NA,0.0,0,-39.15,-30.54,[],0,0,[],[]
34648240,34649230,NA,CXF,0.0,974,pause,NA,NA,NA,NA,0.0,0,-41.12,-31.88,[],0,0,[],[]
34649230,34650470,NA,TVF,0.0,974,pause,NA,NA,NA,NA,0.0,0,-42.72,-34.2,[],0,0,[],[]
34650470,34652390,OCH,CXN,0.0,974,XM,EC,0,NT,FI,0.0,0,-31.58,-21.64,[],0,0,[],[]
34652390,34653420,NA,MAF,0.0,975,pause,NA,NA,NA,NA,0.0,0,-40.0,-31.4,[],0,0,[],[]
34653420,34654230,NA,CXF,0.0,975,pause,NA,NA,NA,NA,0.0,0,-41.67,-30.56,[],0,0,[],[]
34654230,34655280,NA,OLF,0.0,975,pause,NA,NA,NA,NA,0.0,0,-36.58,-30.11,[],0,0,[],[]
34655280,34656880,NA,CXF,0.0,975,pause,NA,NA,NA,NA,0.0,0,-39.36,-30.48,[],0,0,[],[]
34656880,34657880,NA,MAF,0.0,975,pause,NA,NA,NA,NA,0.0,0,-43.66,-38.16,[],0,0,[],[]
34657880,34658700,NA,OLF,0.0,975,pause,NA,NA,NA,NA,0.0,0,-34.95,-25.86,[],0,0,[],[]
34658700,34659540,NA,NOF,0.0,975,pause,NA,NA,NA,NA,0.0,0,-45.12,-40.69,[],0,0,[],[]
34659540,34660350,NA,CXF,0.0,975,pause,NA,NA,NA,NA,0.0,0,-41.67,-36.14,[],0,0,[],[]
34660350,34661440,NA,OLF,0.0,975,pause,NA,NA,NA,NA,0.0,0,-43.26,-35.17,[],0,0,[],[]
34661440,34662240,NA,SIL,0.0,975,pause,NA,NA,NA,NA,0.0,0,-50.83,-44.41,[],0,0,[],[]
34662240,34663150,NA,NOF,0.0,975,pause,NA,NA,NA,NA,0.0,0,-43.85,-35.23,[],0,0,[],[]
34663150,34664440,NA,TVF,0.0,975,pause,NA,NA,NA,NA,0.0,0,-45.59,-40.6,[],0,0,[],[]
34664440,34665440,NA,MAF,0.0,975,pause,NA,NA,NA,NA,0.0,0,-37.15,-24.09,[],0,0,[],[]
34665440,34667350,NA,TVN,0.0,975,pause,NA,NA,NA,NA,0.0,0,-43.63,-36.8,[],0,0,[],[]
34667350,34668420,NA,MAF,0.0,975,pause,NA,NA,NA,NA,0.0,0,-49.56,-41.07,[],0,0,[],[]
34668420,34669580,NA,TVF,0.0,975,pause,NA,NA,NA,NA,0.0,0,-44.03,-38.02,[],0,0,[],[]
34669580,34671030,NA,MAF,0.0,975,pause,NA,NA,NA,NA,0.0,0,-42.83,-31.98,[],0,0,[],[]
34671030,34673370,NA,TVF,0.0,975,pause,NA,NA,NA,NA,0.0,0,-43.77,-30.27,[],0,0,[],[]
34673370,34676420,NA,MAF,0.0,975,pause,NA,NA,NA,NA,0.0,0,-45.16,-39.07,[],0,0,[],[]
34676420,34677460,NA,TVN,0.0,975,pause,NA,NA,NA,NA,0.0,0,-44.02,-37.43,[],0,0,[],[]
34677460,34681060,NA,MAF,0.0,975,pause,NA,NA,NA,NA,0.0,0,-44.62,-30.9,[],0,0,[],[]
34681060,34682230,NA,OLF,0.0,975,pause,NA,NA,NA,NA,0.0,0,-46.46,-40.25,[],0,0,[],[]
34682230,34684460,NA,MAF,0.0,975,pause,NA,NA,NA,NA,0.0,0,-45.18,-38.29,[],0,0,[],[]
34684460,34685260,NA,SIL,0.0,975,pause,NA,NA,NA,NA,0.0,0,-50.66,-43.94,[],0,0,[],[]
34685260,34686310,NA,MAF,0.0,975,pause,NA,NA,NA,NA,0.0,0,-45.52,-38.69,[],0,0,[],[]
34686310,34687180,NA,NOF,0.0,975,pause,NA,NA,NA,NA,0.0,0,-47.85,-39.35,[],0,0,[],[]
34687180,34689110,NA,MAF,0.0,975,pause,NA,NA,NA,NA,0.0,0,-44.45,-37.57,[],0,0,[],[]
34689110,34689910,NA,SIL,0.0,975,pause,NA,NA,NA,NA,0.0,0,-49.08,-39.93,[],0,0,[],[]
34689910,34694600,NA,TVF,0.0,975,pause,NA,NA,NA,NA,0.0,0,-45.66,-37.31,[],0,0,[],[]
34694600,34696890,NA,OLF,0.0,975,pause,NA,NA,NA,NA,0.0,0,-43.65,-35.77,[],0,0,[],[]
34696890,34698270,NA,MAF,0.0,975,pause,NA,NA,NA,NA,0.0,0,-46.34,-38.45,[],0,0,[],[]
34698270,34699900,NA,TVF,0.0,975,pause,NA,NA,NA,NA,0.0,0,-47.87,-43.22,[],0,0,[],[]
34699900,34700930,NA,MAF,0.0,975,pause,NA,NA,NA,NA,0.0,0,-43.84,-32.65,[],0,0,[],[]
34700930,34702870,NA,SIL,0.0,975,pause,NA,NA,NA,NA,0.0,0,-49.37,-39.71,[],0,0,[],[]
34702870,34703890,NA,TVF,0.0,975,pause,NA,NA,NA,NA,0.0,0,-43.68,-36.01,[],0,0,[],[]
34703890,34705820,NA,MAF,0.0,975,pause,NA,NA,NA,NA,0.0,0,-37.09,-22.58,[],0,0,[],[]
34705820,34706970,NA,TVF,0.0,975,pause,NA,NA,NA,NA,0.0,0,-44.92,-37.83,[],0,0,[],[]
34706970,34708420,NA,MAF,0.0,975,pause,NA,NA,NA,NA,0.0,0,-46.77,-38.47,[],0,0,[],[]
34708420,34709240,NA,SIL,0.0,975,pause,NA,NA,NA,NA,0.0,0,-52.43,-44.33,[],0,0,[],[]
34709240,34710840,NA,TVN,0.0,975,pause,NA,NA,NA,NA,0.0,0,-44.57,-36.07,[],0,0,[],[]
34710840,34712780,NA,MAF,0.0,975,pause,NA,NA,NA,NA,0.0,0,-47.77,-39.28,[],0,0,[],[]
34712780,34713580,NA,CXF,0.0,975,pause,NA,NA,NA,NA,0.0,0,-46.15,-40.24,[],0,0,[],[]
34713580,34714380,NA,OLF,0.0,975,pause,NA,NA,NA,NA,0.0,0,-40.76,-32.45,[],0,0,[],[]
34714380,34715880,NA,MAF,0.0,975,pause,NA,NA,NA,NA,0.0,0,-44.64,-37.04,[],0,0,[],[]
34715880,34717010,NA,OLF,0.0,975,pause,NA,NA,NA,NA,0.0,0,-43.64,-34.83,[],0,0,[],[]
34717010,34717940,NA,SIL,0.0,975,pause,NA,NA,NA,NA,0.0,0,-49.55,-41.09,[],0,0,[],[]
34717940,34719040,NA,MAF,0.0,975,pause,NA,NA,NA,NA,0.0,0,-45.71,-38.28,[],0,0,[],[]
34719040,34720160,NA,TVF,0.0,975,pause,NA,NA,NA,NA,0.0,0,-45.3,-38.88,[],0,0,[],[]
34720160,34721160,NA,CXF,0.0,975,pause,NA,NA,NA,NA,0.0,0,-45.34,-37.72,[],0,0,[],[]
34721160,34721960,NA,OLF,0.0,975,pause,NA,NA,NA,NA,0.0,0,-39.99,-33.22,[],0,0,[],[]
34721960,34723000,NA,NOF,0.0,975,pause,NA,NA,NA,NA,0.0,0,-46.36,-40.98,[],0,0,[],[]
34723000,34724040,NA,TVF,0.0,975,pause,NA,NA,NA,NA,0.0,0,-44.61,-36.08,[],0,0,[],[]
34724040,34725040,NA,MAF,0.0,975,pause,NA,NA,NA,NA,0.0,0,-39.98,-28.97,[],0,0,[],[]
34725040,34725920,NA,OLF,0.0,975,pause,NA,NA,NA,NA,0.0,0,-44.94,-35.43,[],0,0,[],[]
34725920,34727880,NA,SIL,0.0,975,pause,NA,NA,NA,NA,0.0,0,-50.47,-42.61,[],0,0,[],[]
34727880,34728710,NA,TVF,0.0,975,pause,NA,NA,NA,NA,0.0,0,-45.65,-39.92,[],0,0,[],[]
34728710,34730270,NA,MAF,0.0,975,pause,NA,NA,NA,NA,0.0,0,-44.33,-36.44,[],0,0,[],[]
34730270,34731090,OCH,CXN,0.0,975,XM,BC,0,NT,FI,0.0,0,-37.34,-26.31,[],0,0,[],[]
34731090,34731890,NA,MAF,0.0,975,XM,NA,NA,NA,NA,0.0,0,-44.67,-37.02,[],0,0,[],[]
34731890,34732730,OCH,CXN,0.0,975,XM,RC,0,NT,FH,0.0,0,-33.56,-28.44,[],0,0,[],[]
34732730,34733730,NA,TVF,0.0,975,XM,NA,NA,NA,NA,0.0,0,-42.76,-34.27,[],0,0,[],[]
34733730,34734830,NA,OLN,0.0,975,XM,NA,NA,NA,NA,0.0,0,-34.7,-23.61,[],0,0,[],[]
34734830,34735630,OCH,CXN,0.0,975,XM,EC,0,NT,FH,0.0,0,-34.13,-27.35,[],0,0,[],[]
34735630,34736630,NA,FAF,0.0,976,pause,NA,NA,NA,NA,0.0,0,-38.15,-30.77,[],0,0,[],[]
34736630,34739110,NA,OLF,0.0,976,pause,NA,NA,NA,NA,0.0,0,-40.99,-31.23,[],0,0,[],[]
34739110,34740110,NA,TVF,0.0,976,pause,NA,NA,NA,NA,0.0,0,-35.79,-26.92,[],0,0,[],[]
34740110,34744230,NA,OLF,0.0,976,pause,NA,NA,NA,NA,0.0,0,-37.27,-24.81,[],0,0,[],[]
34744230,34745060,OCH,CXN,0.0,976,XM,EC,0,NT,FI,0.0,0,-34.57,-21.13,[],0,0,[],[]
34745060,34746160,NA,OLF,0.0,977,pause,NA,NA,NA,NA,0.0,0,-34.78,-25.32,[],0,0,[],[]
34746160,34747200,NA,MAF,0.0,977,pause,NA,NA,NA,NA,0.0,0,-39.27,-30.79,[],0,0,[],[]
34747200,34748450,NA,TVF,0.0,977,pause,NA,NA,NA,NA,0.0,0,-40.91,-27.51,[],0,0,[],[]
34748450,34750210,NA,NOF,0.0,977,pause,NA,NA,NA,NA,0.0,0,-40.73,-29.81,[],0,0,[],[]
34750210,34751210,NA,MAF,0.0,977,pause,NA,NA,NA,NA,0.0,0,-32.78,-21.84,[],0,0,[],[]
34751210,34752210,OCH,CXN,0.0,977,XIC,BC,0,NT,FI,0.0,0,-24.15,-12.18,[],0,0,[],[]
34752210,34753270,NA,MAF,0.0,977,XIC,NA,NA,NA,NA,0.0,0,-38.82,-25.9,[],0,0,[],[]
34753270,34754290,CHI,CHN,0.0,977,XIC,RC,0,NT,FI,1.0,1020,-25.64,-20.05,"[{'Canonical-syllable': '1', 'Growl': '0', 'High-freq-energy': '0', 'Long-island': '0', 'Low-tilt-spectrum': '0', 'Medium-island': '1', 'Short-island': '1', 'Squeal': '0', 'Typical-entropy': '0', 'Voicing-quality': '2', 'Wide-band': '0', 'Xlong-island': '0', 'seq': '1', 'end': 34754.29, 'start': 34753.27}]",0,0,[],[]
34754290,34756330,NA,OLN,0.0,977,XIC,NA,NA,NA,NA,0.0,0,-32.06,-20.81,[],0,0,[],[]
34756330,34757480,NA,CXF,0.0,977,XIC,NA,NA,NA,NA,0.0,0,-42.07,-36.43,[],0,0,[],[]
34757480,34758500,OCH,CXN,0.0,977,XIC,RC,0,NT,FI,0.0,0,-31.89,-24.0,[],0,0,[],[]
34758500,34759570,NA,TVF,0.0,977,XIC,NA,NA,NA,NA,0.0,0,-35.31,-26.97,[],0,0,[],[]
34759570,34760420,NA,OLF,0.0,977,XIC,NA,NA,NA,NA,0.0,0,-37.77,-31.91,[],0,0,[],[]
34760420,34762510,FEM,FAN,11.33,977,XIC,RC,0,NT,FI,0.0,0,-26.25,-17.29,[],0,0,[],[]
34762510,34763390,NA,OLF,0.0,977,XIC,NA,NA,NA,NA,0.0,0,-39.08,-31.67,[],0,0,[],[]
34763390,34764830,OCH,CXN,0.0,977,XIC,RC,0,NT,FI,0.0,0,-31.96,-24.75,[],0,0,[],[]
34764830,34766060,NA,OLN,0.0,977,XIC,NA,NA,NA,NA,0.0,0,-29.86,-20.9,[],0,0,[],[]
34766060,34767390,FEM,FAN,9.66,977,XIC,RC,0,NT,FI,0.0,0,-25.16,-17.42,[],0,0,[],[]
34767390,34768390,NA,MAF,0.0,977,XIC,NA,NA,NA,NA,0.0,0,-34.16,-21.4,[],0,0,[],[]
34768390,34769520,FEM,FAN,3.68,977,XIC,RC,0,TIFI,FH,0.0,0,-27.06,-19.79,[],0,0,[],[]
34769520,34770560,NA,MAF,0.0,977,XIC,NA,NA,NA,NA,0.0,0,-43.86,-32.03,[],0,0,[],[]
34770560,34771500,NA,TVF,0.0,977,XIC,NA,NA,NA,NA,0.0,0,-41.23,-29.62,[],0,0,[],[]
34771500,34772790,CHI,CHN,0.0,977,XIC,RC,1,TIFR,FI,1.0,1290,-24.06,-17.48,"[{'Canonical-syllable': '1', 'Growl': '1', 'High-freq-energy': '0', 'Long-island': '1', 'Low-tilt-spectrum': '1', 'Medium-island': '0', 'Short-island': '1', 'Squeal': '0', 'Typical-entropy': '2', 'Voicing-quality': '3', 'Wide-band': '0', 'Xlong-island': '0', 'seq': '1', 'end': 34772.79, 'start': 34771.5}]",0,0,[],[]
34772790,34773820,NA,OLF,0.0,977,XIC,NA,NA,NA,NA,0.0,0,-35.35,-25.55,[],0,0,[],[]
34773820,34774740,OCH,CXN,0.0,977,XIC,RC,1,NT,FI,0.0,0,-39.67,-31.25,[],0,0,[],[]
34774740,34775780,NA,OLF,0.0,977,XIC,NA,NA,NA,NA,0.0,0,-44.88,-37.36,[],0,0,[],[]
34775780,34777050,OCH,CXN,0.0,977,XIC,RC,1,NT,FH,0.0,0,-29.69,-23.0,[],0,0,[],[]
34777050,34777900,OCH,CXN,0.0,977,XIC,RC,1,NT,FH,0.0,0,-35.1,-28.42,[],0,0,[],[]
34777900,34779350,NA,OLF,0.0,977,XIC,NA,NA,NA,NA,0.0,0,-35.18,-23.98,[],0,0,[],[]
34779350,34780150,OCH,CXN,0.0,977,XIC,RC,1,NT,FH,0.0,0,-37.28,-32.66,[],0,0,[],[]
34780150,34780990,NA,OLF,0.0,977,XIC,NA,NA,NA,NA,0.0,0,-39.02,-33.71,[],0,0,[],[]
34780990,34782070,NA,TVF,0.0,977,XIC,NA,NA,NA,NA,0.0,0,-37.83,-32.23,[],0,0,[],[]
34782070,34783100,NA,OLF,0.0,977,XIC,NA,NA,NA,NA,0.0,0,-40.0,-30.65,[],0,0,[],[]
34783100,34786510,OCH,CXN,0.0,977,XIC,RC,1,NT,FH,0.0,0,-30.9,-18.58,[],0,0,[],[]
34786510,34787320,NA,OLN,0.0,977,XIC,NA,NA,NA,NA,0.0,0,-35.43,-25.95,[],0,0,[],[]
34787320,34788120,OCH,CXN,0.0,977,XIC,RC,1,NT,FH,0.0,0,-32.03,-20.82,[],0,0,[],[]
34788120,34789030,NA,NOF,0.0,977,XIC,NA,NA,NA,NA,0.0,0,-47.45,-41.97,[],0,0,[],[]
34789030,34789830,OCH,CXN,0.0,977,XIC,EC,1,NT,FH,0.0,0,-36.78,-26.56,[],0,0,[],[]
34789830,34793190,NA,OLF,0.0,978,pause,NA,NA,NA,NA,0.0,0,-35.37,-28.72,[],0,0,[],[]
34793190,34793990,NA,NOF,0.0,978,pause,NA,NA,NA,NA,0.0,0,-37.77,-26.02,[],0,0,[],[]
34793990,34795800,NA,OLF,0.0,978,pause,NA,NA,NA,NA,0.0,0,-38.96,-32.32,[],0,0,[],[]
34795800,34796600,OCH,CXN,0.0,978,XM,BC,0,NT,FI,0.0,0,-38.7,-34.24,[],0,0,[],[]
34796600,34797400,NA,OLN,0.0,978,XM,NA,NA,NA,NA,0.0,0,-33.88,-19.33,[],0,0,[],[]
34797400,34799050,OCH,CXN,0.0,978,XM,EC,0,NT,FH,0.0,0,-25.46,-16.61,[],0,0,[],[]
34799050,34799860,NA,NOF,0.0,979,pause,NA,NA,NA,NA,0.0,0,-40.28,-30.05,[],0,0,[],[]
34799860,34804840,NA,OLN,0.0,979,pause,NA,NA,NA,NA,0.0,0,-33.57,-19.78,[],0,0,[],[]
34804840,34805930,FEM,FAN,5.45,979,AMF,EC,0,NT,FI,0.0,0,-23.98,-18.7,[],0,0,[],[]
34805930,34806750,NA,OLN,0.0,980,pause,NA,NA,NA,NA,0.0,0,-26.96,-18.58,[],0,0,[],[]
34806750,34807550,NA,NON,0.0,980,pause,NA,NA,NA,NA,0.0,0,-37.84,-32.0,[],0,0,[],[]
34807550,34808380,NA,OLN,0.0,980,pause,NA,NA,NA,NA,0.0,0,-36.07,-31.63,[],0,0,[],[]
34808380,34809180,NA,NOF,0.0,980,pause,NA,NA,NA,NA,0.0,0,-37.97,-31.71,[],0,0,[],[]
34809180,34810000,NA,OLN,0.0,980,pause,NA,NA,NA,NA,0.0,0,-36.89,-33.52,[],0,0,[],[]
34810000,34810830,NA,NOF,0.0,980,pause,NA,NA,NA,NA,0.0,0,-42.7,-37.97,[],0,0,[],[]
34810830,34812350,NA,OLN,0.0,980,pause,NA,NA,NA,NA,0.0,0,-35.66,-28.83,[],0,0,[],[]
34812350,34813170,NA,NON,0.0,980,pause,NA,NA,NA,NA,0.0,0,-37.89,-31.84,[],0,0,[],[]
34813170,34814840,NA,OLN,0.0,980,pause,NA,NA,NA,NA,0.0,0,-34.49,-24.73,[],0,0,[],[]
34814840,34815850,NA,FAF,0.0,980,pause,NA,NA,NA,NA,0.0,0,-38.45,-33.54,[],0,0,[],[]
34815850,34816650,NA,OLN,0.0,980,pause,NA,NA,NA,NA,0.0,0,-37.27,-33.54,[],0,0,[],[]
34816650,34817320,CHI,CHN,0.0,980,CIC,BC,0,TIFI,FI,1.0,670,-38.74,-34.97,"[{'Canonical-syllable': '0', 'Growl': '1', 'High-freq-energy': '1', 'Long-island': '1', 'Low-tilt-spectrum': '1', 'Medium-island': '0', 'Short-island': '0', 'Squeal': '0', 'Typical-entropy': '1', 'Voicing-quality': '1', 'Wide-band': '0', 'Xlong-island': '0', 'seq': '1', 'end': 34817.32, 'start': 34816.65}]",0,0,[],[]
34817320,34818180,NA,OLN,0.0,980,CIC,NA,NA,NA,NA,0.0,0,-35.97,-31.36,[],0,0,[],[]
34818180,34818780,FEM,FAN,8.44,980,CIC,EC,1,TIFR,FI,0.0,0,-34.38,-29.78,[],0,0,[],[]
34818780,34821070,NA,OLN,0.0,981,pause,NA,NA,NA,NA,0.0,0,-29.19,-18.47,[],0,0,[],[]
34821070,34821870,NA,NON,0.0,981,pause,NA,NA,NA,NA,0.0,0,-29.28,-24.47,[],0,0,[],[]
34821870,34823170,NA,OLN,0.0,981,pause,NA,NA,NA,NA,0.0,0,-35.08,-27.63,[],0,0,[],[]
34823170,34824010,NA,NON,0.0,981,pause,NA,NA,NA,NA,0.0,0,-29.2,-23.15,[],0,0,[],[]
34824010,34826130,NA,OLN,0.0,981,pause,NA,NA,NA,NA,0.0,0,-34.95,-27.06,[],0,0,[],[]
34826130,34827200,OCH,CXN,0.0,981,XM,EC,0,NT,FI,0.0,0,-33.91,-27.17,[],0,0,[],[]
34827200,34829070,NA,OLN,0.0,982,pause,NA,NA,NA,NA,0.0,0,-36.24,-30.22,[],0,0,[],[]
34829070,34830340,NA,NON,0.0,982,pause,NA,NA,NA,NA,0.0,0,-38.57,-32.33,[],0,0,[],[]
34830340,34831480,NA,OLN,0.0,982,pause,NA,NA,NA,NA,0.0,0,-32.34,-26.72,[],0,0,[],[]
34831480,34832080,CHI,CHN,0.0,982,pause,NA,NA,NA,NA,0.0,0,-27.37,-19.94,[],0,600,[],"[{'start': 34831.48, 'end': 34832.08}]"
34832080,34833610,NA,OLN,0.0,982,pause,NA,NA,NA,NA,0.0,0,-30.72,-21.24,[],0,0,[],[]
34833610,34834490,NA,NOF,0.0,982,pause,NA,NA,NA,NA,0.0,0,-39.7,-32.84,[],0,0,[],[]
34834490,34837560,NA,OLN,0.0,982,pause,NA,NA,NA,NA,0.0,0,-38.93,-31.06,[],0,0,[],[]
34837560,34838370,OCH,CXN,0.0,982,XM,BC,0,NT,FI,0.0,0,-36.35,-28.19,[],0,0,[],[]
34838370,34839170,NA,OLN,0.0,982,XM,NA,NA,NA,NA,0.0,0,-38.35,-33.11,[],0,0,[],[]
34839170,34840060,OCH,CXN,0.0,982,XM,EC,0,NT,FH,0.0,0,-31.97,-27.08,[],0,0,[],[]
34840060,34841250,NA,OLF,0.0,983,pause,NA,NA,NA,NA,0.0,0,-41.35,-36.31,[],0,0,[],[]
34841250,34843910,NA,TVN,0.0,983,pause,NA,NA,NA,NA,0.0,0,-40.59,-35.13,[],0,0,[],[]
34843910,34845260,NA,OLN,0.0,983,pause,NA,NA,NA,NA,0.0,0,-36.25,-25.14,[],0,0,[],[]
34845260,34846840,NA,TVF,0.0,983,pause,NA,NA,NA,NA,0.0,0,-37.1,-25.04,[],0,0,[],[]
34846840,34850890,NA,OLF,0.0,983,pause,NA,NA,NA,NA,0.0,0,-38.02,-29.1,[],0,0,[],[]
34850890,34853180,NA,MAF,0.0,983,pause,NA,NA,NA,NA,0.0,0,-34.71,-18.6,[],0,0,[],[]
34853180,34854010,NA,CXF,0.0,983,pause,NA,NA,NA,NA,0.0,0,-38.49,-33.53,[],0,0,[],[]
34854010,34854810,NA,OLF,0.0,983,pause,NA,NA,NA,NA,0.0,0,-38.26,-34.38,[],0,0,[],[]
34854810,34855610,NA,CXF,0.0,983,pause,NA,NA,NA,NA,0.0,0,-39.21,-33.43,[],0,0,[],[]
34855610,34856450,NA,OLF,0.0,983,pause,NA,NA,NA,NA,0.0,0,-38.14,-31.58,[],0,0,[],[]
34856450,34857930,OCH,CXN,0.0,983,XM,EC,0,NT,FI,0.0,0,-35.8,-27.88,[],0,0,[],[]
34857930,34858740,NA,OLF,0.0,984,pause,NA,NA,NA,NA,0.0,0,-35.71,-28.27,[],0,0,[],[]
34858740,34860040,NA,TVF,0.0,984,pause,NA,NA,NA,NA,0.0,0,-34.97,-26.41,[],0,0,[],[]
34860040,34860840,NA,OLF,0.0,984,pause,NA,NA,NA,NA,0.0,0,-37.52,-32.26,[],0,0,[],[]
34860840,34861840,NA,TVN,0.0,984,pause,NA,NA,NA,NA,0.0,0,-34.06,-26.76,[],0,0,[],[]
34861840,34863600,NA,OLN,0.0,984,pause,NA,NA,NA,NA,0.0,0,-34.55,-28.68,[],0,0,[],[]
34863600,34864480,OCH,CXN,0.0,984,XM,BC,0,NT,FI,0.0,0,-38.05,-31.85,[],0,0,[],[]
34864480,34865740,NA,OLF,0.0,984,XM,NA,NA,NA,NA,0.0,0,-38.82,-33.79,[],0,0,[],[]
34865740,34867420,NA,TVN,0.0,984,XM,NA,NA,NA,NA,0.0,0,-36.86,-30.66,[],0,0,[],[]
34867420,34869090,OCH,CXN,0.0,984,XM,EC,0,NT,FH,0.0,0,-37.15,-26.73,[],0,0,[],[]
34869090,34870070,NA,OLF,0.0,985,pause,NA,NA,NA,NA,0.0,0,-40.04,-31.17,[],0,0,[],[]
34870070,34871690,NA,TVF,0.0,985,pause,NA,NA,NA,NA,0.0,0,-35.64,-28.7,[],0,0,[],[]
34871690,34872700,NA,CXF,0.0,985,pause,NA,NA,NA,NA,0.0,0,-38.01,-29.82,[],0,0,[],[]
34872700,34874170,NA,OLF,0.0,985,pause,NA,NA,NA,NA,0.0,0,-37.41,-31.83,[],0,0,[],[]
34874170,34874970,OCH,CXN,0.0,985,XM,BC,0,NT,FI,0.0,0,-28.41,-21.1,[],0,0,[],[]
34874970,34875870,NA,OLN,0.0,985,XM,NA,NA,NA,NA,0.0,0,-33.07,-23.28,[],0,0,[],[]
34875870,34876670,OCH,CXN,0.0,985,XM,EC,0,NT,FH,0.0,0,-32.36,-26.45,[],0,0,[],[]
34876670,34883340,NA,OLF,0.0,986,pause,NA,NA,NA,NA,0.0,0,-38.16,-22.64,[],0,0,[],[]
34883340,34884140,NA,NOF,0.0,986,pause,NA,NA,NA,NA,0.0,0,-40.68,-33.92,[],0,0,[],[]
34884140,34885680,NA,OLF,0.0,986,pause,NA,NA,NA,NA,0.0,0,-41.37,-35.14,[],0,0,[],[]
34885680,34886680,NA,MAF,0.0,986,pause,NA,NA,NA,NA,0.0,0,-41.18,-36.04,[],0,0,[],[]
34886680,34888770,NA,OLF,0.0,986,pause,NA,NA,NA,NA,0.0,0,-35.86,-23.75,[],0,0,[],[]
34888770,34889780,MAL,MAN,4.95,986,AMM,EC,0,NT,FI,0.0,0,-32.71,-26.63,[],0,0,[],[]
34889780,34896660,NA,OLF,0.0,987,pause,NA,NA,NA,NA,0.0,0,-35.08,-15.23,[],0,0,[],[]
34896660,34897700,OCH,CXN,0.0,987,XM,EC,0,NT,FI,0.0,0,-34.22,-28.58,[],0,0,[],[]
34897700,34901200,NA,OLN,0.0,988,pause,NA,NA,NA,NA,0.0,0,-36.64,-28.01,[],0,0,[],[]
34901200,34902190,NA,OLF,0.0,988,pause,NA,NA,NA,NA,0.0,0,-41.22,-28.41,[],0,0,[],[]
34902190,34905820,NA,OLN,0.0,988,pause,NA,NA,NA,NA,0.0,0,-37.35,-25.84,[],0,0,[],[]
34905820,34906900,NA,CXF,0.0,988,pause,NA,NA,NA,NA,0.0,0,-36.13,-27.9,[],0,0,[],[]
34906900,34908070,NA,TVN,0.0,988,pause,NA,NA,NA,NA,0.0,0,-38.63,-31.19,[],0,0,[],[]
34908070,34909280,NA,CXF,0.0,988,pause,NA,NA,NA,NA,0.0,0,-38.01,-32.21,[],0,0,[],[]
34909280,34911400,NA,OLN,0.0,988,pause,NA,NA,NA,NA,0.0,0,-33.62,-19.89,[],0,0,[],[]
34911400,34912200,OCH,CXN,0.0,988,XM,BC,0,NT,FI,0.0,0,-35.87,-27.36,[],0,0,[],[]
34912200,34913520,NA,OLN,0.0,988,XM,NA,NA,NA,NA,0.0,0,-32.61,-22.83,[],0,0,[],[]
34913520,34914480,OCH,CXN,0.0,988,XM,EC,0,NT,FH,0.0,0,-35.88,-28.7,[],0,0,[],[]
34914480,34918180,NA,OLN,0.0,989,pause,NA,NA,NA,NA,0.0,0,-32.35,-17.38,[],0,0,[],[]
34918180,34919080,NA,NOF,0.0,989,pause,NA,NA,NA,NA,0.0,0,-30.25,-16.28,[],0,0,[],[]
34919080,34923140,NA,OLN,0.0,989,pause,NA,NA,NA,NA,0.0,0,-23.26,-4.81,[],0,0,[],[]
34923140,34924070,NA,NON,0.0,989,pause,NA,NA,NA,NA,0.0,0,-26.09,-11.21,[],0,0,[],[]
34924070,34926260,NA,OLN,0.0,989,pause,NA,NA,NA,NA,0.0,0,-28.95,-17.2,[],0,0,[],[]
34926260,34927470,NA,NOF,0.0,989,pause,NA,NA,NA,NA,0.0,0,-29.81,-17.61,[],0,0,[],[]
34927470,34928700,NA,OLN,0.0,989,pause,NA,NA,NA,NA,0.0,0,-22.43,-9.47,[],0,0,[],[]
34928700,34932870,NA,NOF,0.0,989,pause,NA,NA,NA,NA,0.0,0,-32.76,-18.32,[],0,0,[],[]
34932870,34933700,NA,OLF,0.0,989,pause,NA,NA,NA,NA,0.0,0,-36.5,-27.2,[],0,0,[],[]
34933700,34934660,NA,NOF,0.0,989,pause,NA,NA,NA,NA,0.0,0,-32.97,-20.35,[],0,0,[],[]
34934660,34935650,NA,OLF,0.0,989,pause,NA,NA,NA,NA,0.0,0,-42.72,-39.35,[],0,0,[],[]
34935650,34936740,NA,NOF,0.0,989,pause,NA,NA,NA,NA,0.0,0,-38.25,-24.61,[],0,0,[],[]
34936740,34941530,NA,OLF,0.0,989,pause,NA,NA,NA,NA,0.0,0,-36.6,-24.52,[],0,0,[],[]
34941530,34942400,NA,NOF,0.0,989,pause,NA,NA,NA,NA,0.0,0,-30.74,-20.81,[],0,0,[],[]
34942400,34943300,NA,OLN,0.0,989,pause,NA,NA,NA,NA,0.0,0,-37.24,-29.66,[],0,0,[],[]
34943300,34944140,OCH,CXN,0.0,989,XM,BC,0,NT,FI,0.0,0,-29.08,-22.17,[],0,0,[],[]
34944140,34946420,NA,OLN,0.0,989,XM,NA,NA,NA,NA,0.0,0,-35.11,-18.85,[],0,0,[],[]
34946420,34947720,OCH,CXN,0.0,989,XM,RC,0,NT,FH,0.0,0,-36.61,-28.66,[],0,0,[],[]
34947720,34949630,NA,OLF,0.0,989,XM,NA,NA,NA,NA,0.0,0,-35.24,-25.38,[],0,0,[],[]
34949630,34950500,NA,CXF,0.0,989,XM,NA,NA,NA,NA,0.0,0,-40.65,-33.68,[],0,0,[],[]
34950500,34951370,NA,OLF,0.0,989,XM,NA,NA,NA,NA,0.0,0,-37.59,-30.92,[],0,0,[],[]
34951370,34952230,OCH,CXN,0.0,989,XM,RC,0,NT,FH,0.0,0,-33.51,-24.18,[],0,0,[],[]
34952230,34954650,NA,OLN,0.0,989,XM,NA,NA,NA,NA,0.0,0,-30.74,-20.8,[],0,0,[],[]
34954650,34955630,OCH,CXN,0.0,989,XM,EC,0,NT,FH,0.0,0,-34.43,-25.54,[],0,0,[],[]
34955630,34958640,NA,OLF,0.0,990,pause,NA,NA,NA,NA,0.0,0,-39.44,-31.36,[],0,0,[],[]
34958640,34961360,NA,OLN,0.0,990,pause,NA,NA,NA,NA,0.0,0,-37.65,-29.89,[],0,0,[],[]
34961360,34962310,NA,NOF,0.0,990,pause,NA,NA,NA,NA,0.0,0,-43.97,-38.68,[],0,0,[],[]
34962310,34966670,NA,OLN,0.0,990,pause,NA,NA,NA,NA,0.0,0,-35.71,-20.77,[],0,0,[],[]
34966670,34967470,OCH,CXN,0.0,990,XM,BC,0,NT,FI,0.0,0,-37.79,-31.41,[],0,0,[],[]
34967470,34968340,NA,OLF,0.0,990,XM,NA,NA,NA,NA,0.0,0,-40.31,-35.37,[],0,0,[],[]
34968340,34969150,OCH,CXN,0.0,990,XM,RC,0,NT,FH,0.0,0,-35.69,-26.73,[],0,0,[],[]
34969150,34969790,NA,CHF,0.0,990,XM,NA,NA,NA,NA,0.0,0,-34.72,-25.18,[],0,640,[],"[{'start': 34969.15, 'end': 34969.79}]"
34969790,34970590,OCH,CXN,0.0,990,XM,RC,0,NT,FH,0.0,0,-35.27,-29.4,[],0,0,[],[]
34970590,34973750,NA,OLF,0.0,990,XM,NA,NA,NA,NA,0.0,0,-32.25,-10.09,[],0,0,[],[]
34973750,34974550,OCH,CXN,0.0,990,XM,RC,0,NT,FH,0.0,0,-35.58,-27.71,[],0,0,[],[]
34974550,34975850,NA,OLF,0.0,990,XM,NA,NA,NA,NA,0.0,0,-38.85,-30.51,[],0,0,[],[]
34975850,34977890,NA,NOF,0.0,990,XM,NA,NA,NA,NA,0.0,0,-44.01,-38.52,[],0,0,[],[]
34977890,34979430,OCH,CXN,0.0,990,XM,RC,0,NT,FH,0.0,0,-35.95,-30.4,[],0,0,[],[]
34979430,34980340,NA,OLF,0.0,990,XM,NA,NA,NA,NA,0.0,0,-40.15,-32.13,[],0,0,[],[]
34980340,34981320,OCH,CXN,0.0,990,XM,RC,0,NT,FH,0.0,0,-35.56,-28.35,[],0,0,[],[]
34981320,34984800,NA,OLN,0.0,990,XM,NA,NA,NA,NA,0.0,0,-38.15,-30.01,[],0,0,[],[]
34984800,34986050,OCH,CXN,0.0,990,XM,EC,0,NT,FH,0.0,0,-33.94,-26.89,[],0,0,[],[]
34986050,34986860,NA,OLN,0.0,991,pause,NA,NA,NA,NA,0.0,0,-18.29,-4.43,[],0,0,[],[]
34986860,34987660,NA,NOF,0.0,991,pause,NA,NA,NA,NA,0.0,0,-40.65,-35.88,[],0,0,[],[]
34987660,34992540,NA,OLN,0.0,991,pause,NA,NA,NA,NA,0.0,0,-34.0,-11.78,[],0,0,[],[]
34992540,34993190,NA,CHF,0.0,991,pause,NA,NA,NA,NA,0.0,0,-39.28,-34.12,[],0,650,[],"[{'start': 34992.54, 'end': 34993.19}]"
34993190,34994760,NA,OLN,0.0,991,pause,NA,NA,NA,NA,0.0,0,-36.13,-29.11,[],0,0,[],[]
34994760,34995360,NA,CHF,0.0,991,pause,NA,NA,NA,NA,0.0,0,-39.08,-33.96,[],0,600,[],"[{'start': 34994.76, 'end': 34995.36}]"
34995360,34996160,NA,OLN,0.0,991,pause,NA,NA,NA,NA,0.0,0,-36.45,-31.87,[],0,0,[],[]
34996160,34996910,NA,MAF,0.0,991,pause,NA,NA,NA,NA,0.0,0,-40.87,-36.66,[],0,0,[],[]
34996910,35005200,NA,OLN,0.0,991,pause,NA,NA,NA,NA,0.0,0,-28.88,-5.42,[],0,0,[],[]
35005200,35006000,NA,NON,0.0,991,pause,NA,NA,NA,NA,0.0,0,-20.89,-4.83,[],0,0,[],[]
35006000,35009480,NA,OLN,0.0,991,pause,NA,NA,NA,NA,0.0,0,-32.23,-21.76,[],0,0,[],[]
35009480,35010300,NA,NON,0.0,991,pause,NA,NA,NA,NA,0.0,0,-30.87,-24.17,[],0,0,[],[]
35010300,35013730,NA,OLN,0.0,991,pause,NA,NA,NA,NA,0.0,0,-27.31,-6.84,[],0,0,[],[]
35013730,35014580,NA,NON,0.0,991,pause,NA,NA,NA,NA,0.0,0,-27.66,-22.62,[],0,0,[],[]
35014580,35015820,NA,OLN,0.0,991,pause,NA,NA,NA,NA,0.0,0,-32.25,-27.85,[],0,0,[],[]
35015820,35016710,NA,NON,0.0,991,pause,NA,NA,NA,NA,0.0,0,-32.95,-28.63,[],0,0,[],[]
35016710,35019320,NA,OLN,0.0,991,pause,NA,NA,NA,NA,0.0,0,-30.83,-21.11,[],0,0,[],[]
35019320,35021470,NA,NOF,0.0,991,pause,NA,NA,NA,NA,0.0,0,-22.68,-8.88,[],0,0,[],[]
35021470,35022270,OCH,CXN,0.0,991,XM,EC,0,NT,FI,0.0,0,-33.65,-18.74,[],0,0,[],[]
35022270,35024050,NA,OLF,0.0,992,pause,NA,NA,NA,NA,0.0,0,-39.75,-32.23,[],0,0,[],[]
35024050,35024870,NA,NOF,0.0,992,pause,NA,NA,NA,NA,0.0,0,-43.99,-37.92,[],0,0,[],[]
35024870,35026260,NA,OLF,0.0,992,pause,NA,NA,NA,NA,0.0,0,-39.99,-34.56,[],0,0,[],[]
35026260,35027130,NA,NOF,0.0,992,pause,NA,NA,NA,NA,0.0,0,-42.7,-37.45,[],0,0,[],[]
35027130,35030030,NA,OLN,0.0,992,pause,NA,NA,NA,NA,0.0,0,-34.64,-25.48,[],0,0,[],[]
35030030,35030830,OCH,CXN,0.0,992,XM,BC,0,NT,FI,0.0,0,-33.3,-24.54,[],0,0,[],[]
35030830,35031830,NA,NOF,0.0,992,XM,NA,NA,NA,NA,0.0,0,-42.74,-38.32,[],0,0,[],[]
35031830,35034090,NA,OLN,0.0,992,XM,NA,NA,NA,NA,0.0,0,-35.24,-25.04,[],0,0,[],[]
35034090,35035030,OCH,CXN,0.0,992,XM,EC,0,NT,FH,0.0,0,-31.63,-26.28,[],0,0,[],[]
35035030,35036710,NA,OLN,0.0,993,pause,NA,NA,NA,NA,0.0,0,-27.43,-10.92,[],0,0,[],[]
35036710,35037530,NA,NOF,0.0,993,pause,NA,NA,NA,NA,0.0,0,-27.9,-15.09,[],0,0,[],[]
35037530,35038920,NA,OLN,0.0,993,pause,NA,NA,NA,NA,0.0,0,-35.16,-20.54,[],0,0,[],[]
35038920,35039720,NA,NOF,0.0,993,pause,NA,NA,NA,NA,0.0,0,-39.15,-33.9,[],0,0,[],[]
35039720,35045310,NA,OLN,0.0,993,pause,NA,NA,NA,NA,0.0,0,-25.41,-5.11,[],0,0,[],[]
35045310,35046360,FEM,FAN,3.38,993,AIOCF,BC,0,NT,FI,0.0,0,-31.37,-18.58,[],0,0,[],[]
35046360,35047450,OCH,CXN,0.0,993,AIOCF,RC,0,NT,FI,0.0,0,-27.76,-18.73,[],0,0,[],[]
35047450,35048410,NA,OLN,0.0,993,AIOCF,NA,NA,NA,NA,0.0,0,-23.78,-11.97,[],0,0,[],[]
35048410,35049350,OCH,CXN,0.0,993,AIOCF,RC,0,NT,FH,0.0,0,-28.39,-15.0,[],0,0,[],[]
35049350,35053080,NA,OLN,0.0,993,AIOCF,NA,NA,NA,NA,0.0,0,-29.02,-18.98,[],0,0,[],[]
35053080,35053950,OCH,CXN,0.0,993,AIOCF,RC,0,NT,FH,0.0,0,-34.28,-26.41,[],0,0,[],[]
35053950,35054950,FEM,FAN,3.53,993,AIOCF,RC,0,NT,FI,0.0,0,-35.18,-28.96,[],0,0,[],[]
35054950,35057240,NA,OLN,0.0,993,AIOCF,NA,NA,NA,NA,0.0,0,-33.83,-25.34,[],0,0,[],[]
35057240,35058290,OCH,CXN,0.0,993,AIOCF,RC,0,NT,FI,0.0,0,-29.97,-19.73,[],0,0,[],[]
35058290,35061880,NA,OLN,0.0,993,AIOCF,NA,NA,NA,NA,0.0,0,-33.23,-24.47,[],0,0,[],[]
35061880,35062880,OCH,CXN,0.0,993,AIOCF,RC,0,NT,FH,0.0,0,-26.7,-18.93,[],0,0,[],[]
35062880,35063880,NA,FAF,0.0,993,AIOCF,NA,NA,NA,NA,0.0,0,-34.52,-24.33,[],0,0,[],[]
35063880,35065660,NA,OLN,0.0,993,AIOCF,NA,NA,NA,NA,0.0,0,-36.34,-26.43,[],0,0,[],[]
35065660,35066660,FEM,FAN,6.36,993,AIOCF,RC,0,NT,FI,0.0,0,-34.36,-25.32,[],0,0,[],[]
35066660,35068060,NA,OLN,0.0,993,AIOCF,NA,NA,NA,NA,0.0,0,-34.16,-23.74,[],0,0,[],[]
35068060,35069060,FEM,FAN,5.07,993,AIOCF,EC,0,NT,FH,0.0,0,-37.19,-28.93,[],0,0,[],[]
35069060,35070150,NA,OLN,0.0,994,pause,NA,NA,NA,NA,0.0,0,-37.77,-31.67,[],0,0,[],[]
35070150,35071750,NA,NOF,0.0,994,pause,NA,NA,NA,NA,0.0,0,-41.07,-32.04,[],0,0,[],[]
35071750,35078750,NA,OLN,0.0,994,pause,NA,NA,NA,NA,0.0,0,-33.97,-16.21,[],0,0,[],[]
35078750,35079750,NA,FAF,0.0,994,pause,NA,NA,NA,NA,0.0,0,-41.0,-33.33,[],0,0,[],[]
35079750,35080610,NA,OLF,0.0,994,pause,NA,NA,NA,NA,0.0,0,-38.97,-31.54,[],0,0,[],[]
35080610,35081590,NA,NOF,0.0,994,pause,NA,NA,NA,NA,0.0,0,-41.31,-34.3,[],0,0,[],[]
35081590,35082790,OCH,CXN,0.0,994,XIOCA,BC,0,NT,FI,0.0,0,-26.1,-16.64,[],0,0,[],[]
35082790,35086430,NA,OLN,0.0,994,XIOCA,NA,NA,NA,NA,0.0,0,-37.88,-29.6,[],0,0,[],[]
35086430,35087230,OCH,CXN,0.0,994,XIOCA,RC,0,NT,FH,0.0,0,-33.8,-22.65,[],0,0,[],[]
35087230,35088100,NA,OLN,0.0,994,XIOCA,NA,NA,NA,NA,0.0,0,-33.32,-24.49,[],0,0,[],[]
35088100,35089300,MAL,MAN,7.27,994,XIOCA,EC,0,NT,FI,0.0,0,-31.75,-23.92,[],0,0,[],[]
35089300,35094340,NA,OLN,0.0,995,pause,NA,NA,NA,NA,0.0,0,-37.1,-28.94,[],0,0,[],[]
35094340,35095470,NA,FAF,0.0,995,pause,NA,NA,NA,NA,0.0,0,-39.3,-31.23,[],0,0,[],[]
35095470,35096500,NA,OLN,0.0,995,pause,NA,NA,NA,NA,0.0,0,-24.71,-17.32,[],0,0,[],[]
35096500,35097240,CHI,CHN,0.0,995,CIOCX,BC,0,NT,FI,1.0,740,-17.87,-13.57,"[{'Canonical-syllable': '1', 'Growl': '0', 'High-freq-energy': '0', 'Long-island': '0', 'Low-tilt-spectrum': '0', 'Medium-island': '0', 'Short-island': '3', 'Squeal': '0', 'Typical-entropy': '1', 'Voicing-quality': '3', 'Wide-band': '1', 'Xlong-island': '0', 'seq': '1', 'end': 35097.24, 'start': 35096.5}]",0,0,[],[]
35097240,35098290,NA,OLN,0.0,995,CIOCX,NA,NA,NA,NA,0.0,0,-31.0,-19.03,[],0,0,[],[]
35098290,35099290,NA,MAF,0.0,995,CIOCX,NA,NA,NA,NA,0.0,0,-41.21,-35.82,[],0,0,[],[]
35099290,35100120,NA,OLF,0.0,995,CIOCX,NA,NA,NA,NA,0.0,0,-40.04,-32.98,[],0,0,[],[]
35100120,35100920,OCH,CXN,0.0,995,CIOCX,EC,0,NT,FI,0.0,0,-34.62,-27.12,[],0,0,[],[]
35100920,35107350,NA,OLF,0.0,996,pause,NA,NA,NA,NA,0.0,0,-25.56,-4.42,[],0,0,[],[]
35107350,35107960,NA,CHF,0.0,996,CIOCX,BC,0,NT,FI,1.0,610,-38.53,-30.28,"[{'Canonical-syllable': '0', 'Growl': '1', 'High-freq-energy': '1', 'Long-island': '0', 'Low-tilt-spectrum': '1', 'Medium-island': '1', 'Short-island': '0', 'Squeal': '0', 'Typical-entropy': '1', 'Voicing-quality': '1', 'Wide-band': '0', 'Xlong-island': '0', 'seq': '1', 'end': 35107.96, 'start': 35107.35}]",0,0,[],[]
35107960,35110850,NA,OLN,0.0,996,CIOCX,NA,NA,NA,NA,0.0,0,-31.36,-21.73,[],0,0,[],[]
35110850,35111650,OCH,CXN,0.0,996,CIOCX,EC,0,NT,FI,0.0,0,-33.97,-27.99,[],0,0,[],[]
35111650,35114720,NA,OLN,0.0,997,pause,NA,NA,NA,NA,0.0,0,-35.36,-17.64,[],0,0,[],[]
35114720,35115520,NA,CXF,0.0,997,pause,NA,NA,NA,NA,0.0,0,-40.26,-30.65,[],0,0,[],[]
35115520,35117190,NA,OLN,0.0,997,pause,NA,NA,NA,NA,0.0,0,-33.2,-20.08,[],0,0,[],[]
35117190,35118370,NA,FAF,0.0,997,pause,NA,NA,NA,NA,0.0,0,-37.93,-27.78,[],0,0,[],[]
35118370,35119270,NA,OLF,0.0,997,pause,NA,NA,NA,NA,0.0,0,-41.63,-30.6,[],0,0,[],[]
35119270,35120110,NA,OLN,0.0,997,pause,NA,NA,NA,NA,0.0,0,-33.35,-25.08,[],0,0,[],[]
35120110,35122090,NA,NON,0.0,997,pause,NA,NA,NA,NA,0.0,0,-38.4,-30.0,[],0,0,[],[]
35122090,35123050,CHI,CHN,0.0,997,CIOCAX,BC,0,NT,FI,1.0,960,-29.02,-20.02,"[{'Canonical-syllable': '0', 'Growl': '0', 'High-freq-energy': '1', 'Long-island': '0', 'Low-tilt-spectrum': '1', 'Medium-island': '0', 'Short-island': '0', 'Squeal': '0', 'Typical-entropy': '1', 'Voicing-quality': '1', 'Wide-band': '0', 'Xlong-island': '1', 'seq': '1', 'end': 35123.05, 'start': 35122.09}]",0,0,[],[]
35123050,35123850,OCH,CXN,0.0,997,CIOCAX,RC,0,NT,FI,0.0,0,-32.25,-27.23,[],0,0,[],[]
35123850,35126570,FEM,FAN,10.27,997,CIOCAX,RC,0,NT,FI,0.0,0,-34.69,-24.18,[],0,0,[],[]
35126570,35127410,OCH,CXN,0.0,997,CIOCAX,RC,0,NT,FI,0.0,0,-31.95,-21.38,[],0,0,[],[]
35127410,35128260,NA,OLN,0.0,997,CIOCAX,NA,NA,NA,NA,0.0,0,-38.6,-32.85,[],0,0,[],[]
35128260,35129540,NA,FAF,0.0,997,CIOCAX,NA,NA,NA,NA,0.0,0,-45.53,-35.53,[],0,0,[],[]
35129540,35130340,NA,CXF,0.0,997,CIOCAX,NA,NA,NA,NA,0.0,0,-42.44,-36.61,[],0,0,[],[]
35130340,35131390,NA,FAF,0.0,997,CIOCAX,NA,NA,NA,NA,0.0,0,-39.44,-29.92,[],0,0,[],[]
35131390,35132390,NA,TVF,0.0,997,CIOCAX,NA,NA,NA,NA,0.0,0,-39.08,-29.44,[],0,0,[],[]
35132390,35133190,OCH,CXN,0.0,997,CIOCAX,RC,0,NT,FH,0.0,0,-41.77,-35.64,[],0,0,[],[]
35133190,35134110,NA,OLF,0.0,997,CIOCAX,NA,NA,NA,NA,0.0,0,-40.59,-29.81,[],0,0,[],[]
35134110,35135260,NA,FAF,0.0,997,CIOCAX,NA,NA,NA,NA,0.0,0,-42.21,-34.9,[],0,0,[],[]
35135260,35136080,NA,TVF,0.0,997,CIOCAX,NA,NA,NA,NA,0.0,0,-44.54,-40.25,[],0,0,[],[]
35136080,35137810,OCH,CXN,0.0,997,CIOCAX,EC,0,NT,FH,0.0,0,-28.15,-19.31,[],0,0,[],[]
35137810,35139700,NA,OLN,0.0,998,pause,NA,NA,NA,NA,0.0,0,-36.81,-28.05,[],0,0,[],[]
35139700,35140500,NA,OLF,0.0,998,pause,NA,NA,NA,NA,0.0,0,-25.98,-16.0,[],0,0,[],[]
35140500,35142370,NA,FAF,0.0,998,pause,NA,NA,NA,NA,0.0,0,-37.6,-27.31,[],0,0,[],[]
35142370,35143210,NA,OLN,0.0,998,pause,NA,NA,NA,NA,0.0,0,-27.87,-20.32,[],0,0,[],[]
35143210,35144020,NA,NOF,0.0,998,pause,NA,NA,NA,NA,0.0,0,-42.38,-35.21,[],0,0,[],[]
35144020,35146890,NA,OLF,0.0,998,pause,NA,NA,NA,NA,0.0,0,-40.05,-30.1,[],0,0,[],[]
35146890,35148120,FEM,FAN,4.41,998,AMF,EC,0,NT,FI,0.0,0,-40.07,-30.46,[],0,0,[],[]
35148120,35150200,NA,TVN,0.0,999,pause,NA,NA,NA,NA,0.0,0,-42.0,-33.86,[],0,0,[],[]
35150200,35151070,NA,TVF,0.0,999,pause,NA,NA,NA,NA,0.0,0,-39.54,-34.0,[],0,0,[],[]
35151070,35154150,NA,TVN,0.0,999,pause,NA,NA,NA,NA,0.0,0,-43.02,-34.93,[],0,0,[],[]
35154150,35155100,NA,OLF,0.0,999,pause,NA,NA,NA,NA,0.0,0,-39.78,-33.43,[],0,0,[],[]
35155100,35165690,NA,TVN,0.0,999,pause,NA,NA,NA,NA,0.0,0,-40.56,-30.58,[],0,0,[],[]
35165690,35166760,NA,FAF,0.0,999,pause,NA,NA,NA,NA,0.0,0,-38.66,-31.06,[],0,0,[],[]
35166760,35168470,NA,MAF,0.0,999,pause,NA,NA,NA,NA,0.0,0,-41.53,-33.5,[],0,0,[],[]
35168470,35170000,NA,TVF,0.0,999,pause,NA,NA,NA,NA,0.0,0,-43.7,-34.87,[],0,0,[],[]
35170000,35171310,NA,OLF,0.0,999,pause,NA,NA,NA,NA,0.0,0,-38.64,-29.59,[],0,0,[],[]
35171310,35172320,NA,FAF,0.0,999,pause,NA,NA,NA,NA,0.0,0,-41.96,-33.2,[],0,0,[],[]
35172320,35175060,NA,TVN,0.0,999,pause,NA,NA,NA,NA,0.0,0,-43.01,-35.3,[],0,0,[],[]
35175060,35175860,OCH,CXN,0.0,999,XIOCA,BC,0,NT,FI,0.0,0,-39.93,-31.72,[],0,0,[],[]
35175860,35176900,FEM,FAN,3.37,999,XIOCA,RC,0,NT,FI,0.0,0,-40.17,-32.79,[],0,0,[],[]
35176900,35179010,MAL,MAN,7.65,999,XIOCA,RC,0,NT,FI,0.0,0,-40.09,-31.77,[],0,0,[],[]
35179010,35180330,FEM,FAN,5.96,999,XIOCA,EC,0,NT,FI,0.0,0,-38.14,-29.6,[],0,0,[],[]
35180330,35182770,NA,TVN,0.0,1000,pause,NA,NA,NA,NA,0.0,0,-44.85,-36.11,[],0,0,[],[]
35182770,35184390,NA,MAF,0.0,1000,pause,NA,NA,NA,NA,0.0,0,-45.64,-37.0,[],0,0,[],[]
35184390,35185390,NA,TVF,0.0,1000,pause,NA,NA,NA,NA,0.0,0,-47.38,-40.35,[],0,0,[],[]
35185390,35186420,FEM,FAN,7.12,1000,AMF,EC,0,NT,FI,0.0,0,-36.81,-29.21,[],0,0,[],[]
35186420,35189760,NA,TVF,0.0,1001,pause,NA,NA,NA,NA,0.0,0,-43.18,-30.73,[],0,0,[],[]
35189760,35190570,NA,NOF,0.0,1001,pause,NA,NA,NA,NA,0.0,0,-45.72,-37.98,[],0,0,[],[]
35190570,35191640,NA,TVN,0.0,1001,pause,NA,NA,NA,NA,0.0,0,-47.13,-41.15,[],0,0,[],[]
35191640,35192650,FEM,FAN,2.15,1001,AMF,EC,0,NT,FI,0.0,0,-39.63,-29.68,[],0,0,[],[]
35192650,35193650,NA,TVF,0.0,1002,pause,NA,NA,NA,NA,0.0,0,-42.14,-34.59,[],0,0,[],[]
35193650,35194450,NA,OLF,0.0,1002,pause,NA,NA,NA,NA,0.0,0,-37.85,-26.9,[],0,0,[],[]
35194450,35195450,NA,TVN,0.0,1002,pause,NA,NA,NA,NA,0.0,0,-28.61,-15.1,[],0,0,[],[]
35195450,35196280,NA,NOF,0.0,1002,pause,NA,NA,NA,NA,0.0,0,-18.84,-12.12,[],0,0,[],[]
35196280,35197610,NA,OLN,0.0,1002,pause,NA,NA,NA,NA,0.0,0,-36.34,-26.74,[],0,0,[],[]
35197610,35198620,NA,FAF,0.0,1002,pause,NA,NA,NA,NA,0.0,0,-44.83,-37.72,[],0,0,[],[]
35198620,35199640,NA,MAF,0.0,1002,pause,NA,NA,NA,NA,0.0,0,-43.27,-35.91,[],0,0,[],[]
35199640,35200480,OCH,CXN,0.0,1002,XM,EC,0,NT,FI,0.0,0,-39.07,-28.39,[],0,0,[],[]
35200480,35201420,NA,NOF,0.0,1003,pause,NA,NA,NA,NA,0.0,0,-44.03,-37.05,[],0,0,[],[]
35201420,35204230,NA,OLN,0.0,1003,pause,NA,NA,NA,NA,0.0,0,-36.13,-27.59,[],0,0,[],[]
35204230,35205230,NA,TVF,0.0,1003,pause,NA,NA,NA,NA,0.0,0,-45.01,-39.23,[],0,0,[],[]
35205230,35206180,NA,NOF,0.0,1003,pause,NA,NA,NA,NA,0.0,0,-47.92,-41.67,[],0,0,[],[]
35206180,35207350,NA,SIL,0.0,1003,pause,NA,NA,NA,NA,0.0,0,-49.61,-41.97,[],0,0,[],[]
35207350,35208150,NA,NOF,0.0,1003,pause,NA,NA,NA,NA,0.0,0,-50.2,-45.14,[],0,0,[],[]
35208150,35209310,NA,TVF,0.0,1003,pause,NA,NA,NA,NA,0.0,0,-47.49,-41.14,[],0,0,[],[]
35209310,35213830,NA,OLF,0.0,1003,pause,NA,NA,NA,NA,0.0,0,-28.1,-15.35,[],0,0,[],[]
35213830,35214650,NA,NOF,0.0,1003,pause,NA,NA,NA,NA,0.0,0,-41.63,-33.53,[],0,0,[],[]
35214650,35217350,NA,OLF,0.0,1003,pause,NA,NA,NA,NA,0.0,0,-32.99,-22.85,[],0,0,[],[]
35217350,35218400,NA,FAF,0.0,1003,pause,NA,NA,NA,NA,0.0,0,-44.85,-36.65,[],0,0,[],[]
35218400,35219690,NA,OLF,0.0,1003,pause,NA,NA,NA,NA,0.0,0,-42.76,-34.81,[],0,0,[],[]
35219690,35220940,OCH,CXN,0.0,1003,XM,EC,0,NT,FI,0.0,0,-45.43,-38.55,[],0,0,[],[]
35220940,35221740,NA,OLF,0.0,1004,pause,NA,NA,NA,NA,0.0,0,-30.31,-21.87,[],0,0,[],[]
35221740,35224350,NA,OLN,0.0,1004,pause,NA,NA,NA,NA,0.0,0,-27.47,-15.79,[],0,0,[],[]
35224350,35225150,NA,OLF,0.0,1004,pause,NA,NA,NA,NA,0.0,0,-44.37,-35.45,[],0,0,[],[]
35225150,35226900,NA,NOF,0.0,1004,pause,NA,NA,NA,NA,0.0,0,-44.86,-38.65,[],0,0,[],[]
35226900,35227710,NA,CXF,0.0,1004,pause,NA,NA,NA,NA,0.0,0,-44.83,-35.81,[],0,0,[],[]
35227710,35231180,NA,OLN,0.0,1004,pause,NA,NA,NA,NA,0.0,0,-32.1,-23.45,[],0,0,[],[]
35231180,35232410,NA,NOF,0.0,1004,pause,NA,NA,NA,NA,0.0,0,-34.1,-22.55,[],0,0,[],[]
35232410,35233640,NA,OLN,0.0,1004,pause,NA,NA,NA,NA,0.0,0,-36.69,-28.7,[],0,0,[],[]
35233640,35235660,NA,OLF,0.0,1004,pause,NA,NA,NA,NA,0.0,0,-37.1,-26.93,[],0,0,[],[]
35235660,35236940,NA,NON,0.0,1004,pause,NA,NA,NA,NA,0.0,0,-39.07,-31.42,[],0,0,[],[]
35236940,35237760,NA,OLF,0.0,1004,pause,NA,NA,NA,NA,0.0,0,-43.0,-38.99,[],0,0,[],[]
35237760,35238910,NA,NOF,0.0,1004,pause,NA,NA,NA,NA,0.0,0,-44.67,-41.2,[],0,0,[],[]
35238910,35240020,NA,SIL,0.0,1004,pause,NA,NA,NA,NA,0.0,0,-46.91,-38.06,[],0,0,[],[]
35240020,35242370,NA,TVF,0.0,1004,pause,NA,NA,NA,NA,0.0,0,-44.82,-38.25,[],0,0,[],[]
35242370,35243390,NA,OLN,0.0,1004,pause,NA,NA,NA,NA,0.0,0,-17.35,-5.0,[],0,0,[],[]
35243390,35245080,NA,NOF,0.0,1004,pause,NA,NA,NA,NA,0.0,0,-31.45,-12.03,[],0,0,[],[]
35245080,35246010,NA,OLN,0.0,1004,pause,NA,NA,NA,NA,0.0,0,-29.77,-19.78,[],0,0,[],[]
35246010,35247660,NA,TVF,0.0,1004,pause,NA,NA,NA,NA,0.0,0,-44.08,-36.68,[],0,0,[],[]
35247660,35249910,NA,SIL,0.0,1004,pause,NA,NA,NA,NA,0.0,0,-42.58,-31.66,[],0,0,[],[]
35249910,35250980,NA,NOF,0.0,1004,pause,NA,NA,NA,NA,0.0,0,-29.71,-18.8,[],0,0,[],[]
35250980,35252260,NA,OLF,0.0,1004,pause,NA,NA,NA,NA,0.0,0,-37.25,-31.54,[],0,0,[],[]
35252260,35253090,NA,NOF,0.0,1004,pause,NA,NA,NA,NA,0.0,0,-41.07,-33.32,[],0,0,[],[]
35253090,35254270,NA,TVN,0.0,1004,pause,NA,NA,NA,NA,0.0,0,-44.06,-32.4,[],0,0,[],[]
35254270,35255100,NA,SIL,0.0,1004,pause,NA,NA,NA,NA,0.0,0,-47.41,-41.57,[],0,0,[],[]
35255100,35257000,NA,TVN,0.0,1004,pause,NA,NA,NA,NA,0.0,0,-40.45,-32.0,[],0,0,[],[]
35257000,35259190,NA,OLN,0.0,1004,pause,NA,NA,NA,NA,0.0,0,-33.16,-21.49,[],0,0,[],[]
35259190,35260420,NA,NOF,0.0,1004,pause,NA,NA,NA,NA,0.0,0,-22.9,-8.92,[],0,0,[],[]
35260420,35262290,NA,OLF,0.0,1004,pause,NA,NA,NA,NA,0.0,0,-40.39,-30.29,[],0,0,[],[]
35262290,35269880,NA,NOF,0.0,1004,pause,NA,NA,NA,NA,0.0,0,-36.64,-15.51,[],0,0,[],[]
35269880,35272150,NA,OLF,0.0,1004,pause,NA,NA,NA,NA,0.0,0,-38.26,-20.55,[],0,0,[],[]
35272150,35273450,NA,CXF,0.0,1004,pause,NA,NA,NA,NA,0.0,0,-44.89,-36.81,[],0,0,[],[]
35273450,35274910,NA,OLF,0.0,1004,pause,NA,NA,NA,NA,0.0,0,-38.92,-29.3,[],0,0,[],[]
35274910,35275740,OCH,CXN,0.0,1004,XM,EC,0,NT,FI,0.0,0,-35.51,-28.01,[],0,0,[],[]
35275740,35276970,NA,OLN,0.0,1005,pause,NA,NA,NA,NA,0.0,0,-36.64,-23.3,[],0,0,[],[]
35276970,35277820,NA,SIL,0.0,1005,pause,NA,NA,NA,NA,0.0,0,-38.52,-33.18,[],0,0,[],[]
35277820,35279640,NA,OLF,0.0,1005,pause,NA,NA,NA,NA,0.0,0,-36.7,-20.02,[],0,0,[],[]
35279640,35280650,NA,SIL,0.0,1005,pause,NA,NA,NA,NA,0.0,0,-49.38,-40.63,[],0,0,[],[]
35280650,35283170,NA,OLF,0.0,1005,pause,NA,NA,NA,NA,0.0,0,-35.84,-17.82,[],0,0,[],[]
35283170,35284580,NA,NOF,0.0,1005,pause,NA,NA,NA,NA,0.0,0,-45.84,-38.21,[],0,0,[],[]
35284580,35285720,NA,SIL,0.0,1005,pause,NA,NA,NA,NA,0.0,0,-47.95,-34.09,[],0,0,[],[]
35285720,35288030,NA,OLF,0.0,1005,pause,NA,NA,NA,NA,0.0,0,-21.82,-3.44,[],0,0,[],[]
35288030,35290490,NA,NOF,0.0,1005,pause,NA,NA,NA,NA,0.0,0,-43.48,-33.72,[],0,0,[],[]
35290490,35291090,NA,FAF,0.0,1005,pause,NA,NA,NA,NA,0.0,0,-43.34,-37.9,[],0,0,[],[]
35291090,35291970,NA,NOF,0.0,1005,pause,NA,NA,NA,NA,0.0,0,-43.77,-38.31,[],0,0,[],[]
35291970,35292910,NA,CXF,0.0,1005,pause,NA,NA,NA,NA,0.0,0,-46.66,-39.4,[],0,0,[],[]
35292910,35293710,NA,TVF,0.0,1005,pause,NA,NA,NA,NA,0.0,0,-45.33,-34.22,[],0,0,[],[]
35293710,35294680,NA,SIL,0.0,1005,pause,NA,NA,NA,NA,0.0,0,-50.31,-42.67,[],0,0,[],[]
35294680,35295710,NA,NOF,0.0,1005,pause,NA,NA,NA,NA,0.0,0,-48.59,-42.72,[],0,0,[],[]
35295710,35297940,NA,FAF,0.0,1005,pause,NA,NA,NA,NA,0.0,0,-44.81,-37.63,[],0,0,[],[]
35297940,35299280,NA,MAF,0.0,1005,pause,NA,NA,NA,NA,0.0,0,-45.32,-39.03,[],0,0,[],[]
35299280,35300080,NA,OLF,0.0,1005,pause,NA,NA,NA,NA,0.0,0,-38.52,-30.55,[],0,0,[],[]
35300080,35300890,NA,NOF,0.0,1005,pause,NA,NA,NA,NA,0.0,0,-39.15,-28.8,[],0,0,[],[]
35300890,35301890,FEM,FAN,3.97,1005,AMF,EC,0,NT,FI,0.0,0,-36.88,-25.81,[],0,0,[],[]
35301890,35302690,NA,NOF,0.0,1006,pause,NA,NA,NA,NA,0.0,0,-40.86,-28.56,[],0,0,[],[]
35302690,35309460,NA,OLF,0.0,1006,pause,NA,NA,NA,NA,0.0,0,-32.12,-18.28,[],0,0,[],[]
35309460,35310260,NA,TVF,0.0,1006,pause,NA,NA,NA,NA,0.0,0,-46.14,-41.18,[],0,0,[],[]
35310260,35311430,NA,OLF,0.0,1006,pause,NA,NA,NA,NA,0.0,0,-42.52,-39.19,[],0,0,[],[]
35311430,35312680,NA,MAF,0.0,1006,pause,NA,NA,NA,NA,0.0,0,-40.64,-26.75,[],0,0,[],[]
35312680,35317330,NA,NOF,0.0,1006,pause,NA,NA,NA,NA,0.0,0,-42.74,-23.36,[],0,0,[],[]
35317330,35318940,NA,SIL,0.0,1006,pause,NA,NA,NA,NA,0.0,0,-50.63,-40.8,[],0,0,[],[]
35318940,35320060,NA,OLF,0.0,1006,pause,NA,NA,NA,NA,0.0,0,-34.48,-17.66,[],0,0,[],[]
35320060,35320860,NA,SIL,0.0,1006,pause,NA,NA,NA,NA,0.0,0,-49.56,-41.86,[],0,0,[],[]
35320860,35321920,NA,NOF,0.0,1006,pause,NA,NA,NA,NA,0.0,0,-43.56,-30.51,[],0,0,[],[]
35321920,35323250,NA,SIL,0.0,1006,pause,NA,NA,NA,NA,0.0,0,-57.06,-48.16,[],0,0,[],[]
35323250,35325380,NA,NOF,0.0,1006,pause,NA,NA,NA,NA,0.0,0,-45.0,-35.17,[],0,0,[],[]
35325380,35326600,NA,SIL,0.0,1006,pause,NA,NA,NA,NA,0.0,0,-53.66,-45.95,[],0,0,[],[]
35326600,35327410,NA,NOF,0.0,1006,pause,NA,NA,NA,NA,0.0,0,-41.77,-31.31,[],0,0,[],[]
35327410,35328850,NA,OLF,0.0,1006,pause,NA,NA,NA,NA,0.0,0,-36.22,-25.65,[],0,0,[],[]
35328850,35329920,NA,MAF,0.0,1006,pause,NA,NA,NA,NA,0.0,0,-42.84,-34.01,[],0,0,[],[]
35329920,35330720,NA,NOF,0.0,1006,pause,NA,NA,NA,NA,0.0,0,-45.31,-39.87,[],0,0,[],[]
35330720,35333330,NA,CXF,0.0,1006,pause,NA,NA,NA,NA,0.0,0,-41.34,-31.9,[],0,0,[],[]
35333330,35334610,NA,OLF,0.0,1006,pause,NA,NA,NA,NA,0.0,0,-33.84,-25.39,[],0,0,[],[]
35334610,35335580,NA,OLN,0.0,1006,pause,NA,NA,NA,NA,0.0,0,-23.92,-7.35,[],0,0,[],[]
35335580,35337020,NA,NON,0.0,1006,pause,NA,NA,NA,NA,0.0,0,-19.67,-6.6,[],0,0,[],[]
35337020,35337830,NA,OLN,0.0,1006,pause,NA,NA,NA,NA,0.0,0,-30.5,-23.76,[],0,0,[],[]
35337830,35338630,NA,NOF,0.0,1006,pause,NA,NA,NA,NA,0.0,0,-37.32,-27.07,[],0,0,[],[]
35338630,35339680,NA,OLF,0.0,1006,pause,NA,NA,NA,NA,0.0,0,-41.26,-31.58,[],0,0,[],[]
35339680,35341360,NA,TVN,0.0,1006,pause,NA,NA,NA,NA,0.0,0,-43.08,-30.37,[],0,0,[],[]
35341360,35342170,FEM,FAN,5.86,1006,AIOCF,BC,0,NT,FI,0.0,0,-38.86,-30.52,[],0,0,[],[]
35342170,35342970,NA,TVF,0.0,1006,AIOCF,NA,NA,NA,NA,0.0,0,-45.62,-37.88,[],0,0,[],[]
35342970,35345080,NA,FAF,0.0,1006,AIOCF,NA,NA,NA,NA,0.0,0,-41.85,-32.6,[],0,0,[],[]
35345080,35346330,NA,TVF,0.0,1006,AIOCF,NA,NA,NA,NA,0.0,0,-44.41,-37.92,[],0,0,[],[]
35346330,35348270,OCH,CXN,0.0,1006,AIOCF,EC,0,NT,FI,0.0,0,-40.3,-33.28,[],0,0,[],[]
35348270,35349530,NA,TVF,0.0,1007,pause,NA,NA,NA,NA,0.0,0,-43.38,-37.53,[],0,0,[],[]
35349530,35350330,NA,FAF,0.0,1007,pause,NA,NA,NA,NA,0.0,0,-44.31,-39.12,[],0,0,[],[]
35350330,35351130,NA,TVF,0.0,1007,pause,NA,NA,NA,NA,0.0,0,-38.76,-31.67,[],0,0,[],[]
35351130,35351930,NA,MAF,0.0,1007,pause,NA,NA,NA,NA,0.0,0,-43.75,-37.75,[],0,0,[],[]
35351930,35353080,NA,TVF,0.0,1007,pause,NA,NA,NA,NA,0.0,0,-44.04,-35.86,[],0,0,[],[]
35353080,35353880,NA,OLF,0.0,1007,pause,NA,NA,NA,NA,0.0,0,-41.77,-28.59,[],0,0,[],[]
35353880,35355200,NA,FAF,0.0,1007,pause,NA,NA,NA,NA,0.0,0,-43.69,-34.28,[],0,0,[],[]
35355200,35356020,NA,SIL,0.0,1007,pause,NA,NA,NA,NA,0.0,0,-46.33,-39.83,[],0,0,[],[]
35356020,35357440,NA,TVN,0.0,1007,pause,NA,NA,NA,NA,0.0,0,-43.6,-34.99,[],0,0,[],[]
35357440,35358550,NA,SIL,0.0,1007,pause,NA,NA,NA,NA,0.0,0,-43.9,-37.02,[],0,0,[],[]
35358550,35360780,NA,TVF,0.0,1007,pause,NA,NA,NA,NA,0.0,0,-42.42,-35.71,[],0,0,[],[]
35360780,35362100,NA,TVN,0.0,1007,pause,NA,NA,NA,NA,0.0,0,-43.38,-35.52,[],0,0,[],[]
35362100,35363060,NA,SIL,0.0,1007,pause,NA,NA,NA,NA,0.0,0,-46.62,-39.66,[],0,0,[],[]
35363060,35364120,NA,TVF,0.0,1007,pause,NA,NA,NA,NA,0.0,0,-43.35,-36.98,[],0,0,[],[]
35364120,35365050,NA,SIL,0.0,1007,pause,NA,NA,NA,NA,0.0,0,-45.02,-36.0,[],0,0,[],[]
35365050,35365850,NA,CXF,0.0,1007,pause,NA,NA,NA,NA,0.0,0,-42.98,-34.92,[],0,0,[],[]
35365850,35366850,NA,TVF,0.0,1007,pause,NA,NA,NA,NA,0.0,0,-44.44,-39.97,[],0,0,[],[]
35366850,35367800,NA,SIL,0.0,1007,pause,NA,NA,NA,NA,0.0,0,-48.35,-42.43,[],0,0,[],[]
35367800,35368600,NA,MAF,0.0,1007,pause,NA,NA,NA,NA,0.0,0,-42.75,-37.35,[],0,0,[],[]
35368600,35370950,NA,TVF,0.0,1007,pause,NA,NA,NA,NA,0.0,0,-41.25,-32.6,[],0,0,[],[]
35370950,35372980,NA,TVN,0.0,1007,pause,NA,NA,NA,NA,0.0,0,-41.68,-32.07,[],0,0,[],[]
35372980,35373780,NA,OLF,0.0,1007,pause,NA,NA,NA,NA,0.0,0,-39.92,-34.59,[],0,0,[],[]
35373780,35374580,NA,SIL,0.0,1007,pause,NA,NA,NA,NA,0.0,0,-44.77,-38.34,[],0,0,[],[]
35374580,35375650,NA,TVN,0.0,1007,pause,NA,NA,NA,NA,0.0,0,-42.22,-36.83,[],0,0,[],[]
35375650,35376990,NA,OLF,0.0,1007,pause,NA,NA,NA,NA,0.0,0,-39.87,-34.85,[],0,0,[],[]
35376990,35378930,NA,SIL,0.0,1007,pause,NA,NA,NA,NA,0.0,0,-49.66,-43.44,[],0,0,[],[]
35378930,35379940,NA,TVN,0.0,1007,pause,NA,NA,NA,NA,0.0,0,-43.71,-35.7,[],0,0,[],[]
35379940,35381240,NA,SIL,0.0,1007,pause,NA,NA,NA,NA,0.0,0,-47.88,-38.95,[],0,0,[],[]
35381240,35382370,NA,FAF,0.0,1007,pause,NA,NA,NA,NA,0.0,0,-44.18,-34.17,[],0,0,[],[]
35382370,35385740,NA,TVF,0.0,1007,pause,NA,NA,NA,NA,0.0,0,-41.54,-31.08,[],0,0,[],[]
35385740,35386540,NA,CXF,0.0,1007,pause,NA,NA,NA,NA,0.0,0,-41.27,-35.04,[],0,0,[],[]
35386540,35388910,NA,TVF,0.0,1007,pause,NA,NA,NA,NA,0.0,0,-41.46,-32.56,[],0,0,[],[]
35388910,35389720,NA,CXF,0.0,1007,pause,NA,NA,NA,NA,0.0,0,-42.85,-34.46,[],0,0,[],[]
35389720,35395080,NA,TVF,0.0,1007,pause,NA,NA,NA,NA,0.0,0,-44.98,-35.69,[],0,0,[],[]
35395080,35396110,NA,SIL,0.0,1007,pause,NA,NA,NA,NA,0.0,0,-49.2,-40.89,[],0,0,[],[]
35396110,35398170,NA,OLN,0.0,1007,pause,NA,NA,NA,NA,0.0,0,-25.84,-10.82,[],0,0,[],[]
35398170,35399630,NA,NOF,0.0,1007,pause,NA,NA,NA,NA,0.0,0,-41.3,-30.77,[],0,0,[],[]
35399630,35401520,FEM,FAN,8.76,1007,AMF,BC,0,NT,FI,0.0,0,-37.01,-25.51,[],0,0,[],[]
35401520,35402700,NA,TVF,0.0,1007,AMF,NA,NA,NA,NA,0.0,0,-51.21,-45.65,[],0,0,[],[]
35402700,35403710,FEM,FAN,0.19,1007,AMF,EC,0,NT,FH,0.0,0,-37.33,-28.03,[],0,0,[],[]
35403710,35406370,NA,MAF,0.0,1008,pause,NA,NA,NA,NA,0.0,0,-48.55,-43.6,[],0,0,[],[]
35406370,35409390,NA,OLN,0.0,1008,pause,NA,NA,NA,NA,0.0,0,-34.58,-26.91,[],0,0,[],[]
35409390,35410390,NA,TVF,0.0,1008,pause,NA,NA,NA,NA,0.0,0,-37.82,-31.19,[],0,0,[],[]
35410390,35411580,NA,OLN,0.0,1008,pause,NA,NA,NA,NA,0.0,0,-34.06,-25.76,[],0,0,[],[]
35411580,35412600,FEM,FAN,1.66,1008,AMF,EC,0,NT,FI,0.0,0,-36.03,-30.32,[],0,0,[],[]
35412600,35417920,NA,OLF,0.0,1009,pause,NA,NA,NA,NA,0.0,0,-35.93,-24.43,[],0,0,[],[]
35417920,35418980,NA,TVF,0.0,1009,pause,NA,NA,NA,NA,0.0,0,-41.18,-32.9,[],0,0,[],[]
35418980,35420270,OCH,CXN,0.0,1009,XM,EC,0,NT,FI,0.0,0,-31.85,-27.57,[],0,0,[],[]
35420270,35422200,NA,OLN,0.0,1010,pause,NA,NA,NA,NA,0.0,0,-32.31,-24.28,[],0,0,[],[]
35422200,35423250,NA,FAF,0.0,1010,pause,NA,NA,NA,NA,0.0,0,-40.77,-33.44,[],0,0,[],[]
35423250,35426380,NA,OLF,0.0,1010,pause,NA,NA,NA,NA,0.0,0,-36.94,-26.92,[],0,0,[],[]
35426380,35427840,NA,TVF,0.0,1010,pause,NA,NA,NA,NA,0.0,0,-39.25,-31.7,[],0,0,[],[]
35427840,35428700,NA,OLF,0.0,1010,pause,NA,NA,NA,NA,0.0,0,-36.75,-31.74,[],0,0,[],[]
35428700,35429500,FEM,FAN,3.79,1010,AIOCF,BC,0,NT,FI,0.0,0,-38.91,-30.29,[],0,0,[],[]
35429500,35431910,NA,FAF,0.0,1010,AIOCF,NA,NA,NA,NA,0.0,0,-37.99,-23.87,[],0,0,[],[]
35431910,35433350,NA,OLF,0.0,1010,AIOCF,NA,NA,NA,NA,0.0,0,-19.42,-3.76,[],0,0,[],[]
35433350,35434860,OCH,CXN,0.0,1010,AIOCF,RC,0,NT,FI,0.0,0,-36.85,-26.95,[],0,0,[],[]
35434860,35435930,NA,FAF,0.0,1010,AIOCF,NA,NA,NA,NA,0.0,0,-40.31,-33.43,[],0,0,[],[]
35435930,35439100,NA,OLN,0.0,1010,AIOCF,NA,NA,NA,NA,0.0,0,-26.43,-5.92,[],0,0,[],[]
35439100,35440100,FEM,FAN,6.96,1010,AIOCF,EC,0,NT,FI,0.0,0,-39.05,-31.92,[],0,0,[],[]
35440100,35440700,NA,CHF,0.0,1011,pause,NA,NA,NA,NA,0.0,0,-41.48,-33.58,[],0,600,[],"[{'start': 35440.1, 'end': 35440.7}]"
35440700,35441780,NA,OLF,0.0,1011,pause,NA,NA,NA,NA,0.0,0,-24.01,-12.8,[],0,0,[],[]
35441780,35443230,NA,TVN,0.0,1011,pause,NA,NA,NA,NA,0.0,0,-45.17,-35.16,[],0,0,[],[]
35443230,35444900,NA,NOF,0.0,1011,pause,NA,NA,NA,NA,0.0,0,-42.23,-30.37,[],0,0,[],[]
35444900,35447400,NA,OLF,0.0,1011,pause,NA,NA,NA,NA,0.0,0,-41.24,-27.5,[],0,0,[],[]
35447400,35448400,NA,MAF,0.0,1011,pause,NA,NA,NA,NA,0.0,0,-42.4,-34.85,[],0,0,[],[]
35448400,35449400,NA,FAF,0.0,1011,pause,NA,NA,NA,NA,0.0,0,-40.83,-32.11,[],0,0,[],[]
35449400,35450430,NA,TVF,0.0,1011,pause,NA,NA,NA,NA,0.0,0,-41.91,-33.76,[],0,0,[],[]
35450430,35451430,NA,FAF,0.0,1011,pause,NA,NA,NA,NA,0.0,0,-42.62,-37.68,[],0,0,[],[]
35451430,35452300,NA,OLF,0.0,1011,pause,NA,NA,NA,NA,0.0,0,-39.94,-35.18,[],0,0,[],[]
35452300,35453300,NA,MAF,0.0,1011,pause,NA,NA,NA,NA,0.0,0,-44.89,-37.29,[],0,0,[],[]
35453300,35454300,NA,TVN,0.0,1011,pause,NA,NA,NA,NA,0.0,0,-40.39,-29.75,[],0,0,[],[]
35454300,35455100,NA,OLN,0.0,1011,pause,NA,NA,NA,NA,0.0,0,-37.85,-29.41,[],0,0,[],[]
35455100,35455900,NA,NOF,0.0,1011,pause,NA,NA,NA,NA,0.0,0,-46.71,-35.82,[],0,0,[],[]
35455900,35457010,NA,TVN,0.0,1011,pause,NA,NA,NA,NA,0.0,0,-39.65,-31.57,[],0,0,[],[]
35457010,35458020,NA,FAF,0.0,1011,pause,NA,NA,NA,NA,0.0,0,-42.88,-36.84,[],0,0,[],[]
35458020,35458820,NA,SIL,0.0,1011,pause,NA,NA,NA,NA,0.0,0,-51.42,-44.8,[],0,0,[],[]
35458820,35459850,NA,FAF,0.0,1011,pause,NA,NA,NA,NA,0.0,0,-40.92,-35.5,[],0,0,[],[]
35459850,35460650,NA,OLF,0.0,1011,pause,NA,NA,NA,NA,0.0,0,-39.05,-32.3,[],0,0,[],[]
35460650,35461900,NA,FAF,0.0,1011,pause,NA,NA,NA,NA,0.0,0,-42.53,-36.33,[],0,0,[],[]
35461900,35462730,NA,OLN,0.0,1011,pause,NA,NA,NA,NA,0.0,0,-39.16,-32.43,[],0,0,[],[]
35462730,35463780,NA,FAF,0.0,1011,pause,NA,NA,NA,NA,0.0,0,-39.08,-33.71,[],0,0,[],[]
35463780,35465110,NA,TVN,0.0,1011,pause,NA,NA,NA,NA,0.0,0,-39.95,-33.77,[],0,0,[],[]
35465110,35466620,MAL,MAN,1.38,1011,AMM,BC,0,NT,FI,0.0,0,-41.04,-33.1,[],0,0,[],[]
35466620,35467810,NA,TVN,0.0,1011,AMM,NA,NA,NA,NA,0.0,0,-41.17,-32.75,[],0,0,[],[]
35467810,35469040,FEM,FAN,7.43,1011,AMM,RC,0,NT,FI,0.0,0,-38.51,-30.94,[],0,0,[],[]
35469040,35470220,MAL,MAN,0.5,1011,AMM,EC,0,NT,FI,0.0,0,-40.22,-32.62,[],0,0,[],[]
35470220,35472320,NA,TVN,0.0,1012,pause,NA,NA,NA,NA,0.0,0,-41.98,-36.77,[],0,0,[],[]
35472320,35473160,NA,CXF,0.0,1012,pause,NA,NA,NA,NA,0.0,0,-40.45,-33.68,[],0,0,[],[]
35473160,35474280,NA,TVF,0.0,1012,pause,NA,NA,NA,NA,0.0,0,-43.91,-39.32,[],0,0,[],[]
35474280,35475290,NA,FAF,0.0,1012,pause,NA,NA,NA,NA,0.0,0,-43.34,-38.08,[],0,0,[],[]
35475290,35476390,NA,OLN,0.0,1012,pause,NA,NA,NA,NA,0.0,0,-38.81,-31.72,[],0,0,[],[]
35476390,35477850,NA,FAF,0.0,1012,pause,NA,NA,NA,NA,0.0,0,-42.99,-36.96,[],0,0,[],[]
35477850,35478650,NA,OLN,0.0,1012,pause,NA,NA,NA,NA,0.0,0,-38.29,-31.49,[],0,0,[],[]
35478650,35481790,NA,FAF,0.0,1012,pause,NA,NA,NA,NA,0.0,0,-40.02,-27.16,[],0,0,[],[]
35481790,35484250,NA,TVN,0.0,1012,pause,NA,NA,NA,NA,0.0,0,-41.22,-34.38,[],0,0,[],[]
35484250,35485820,FEM,FAN,5.91,1012,AMF,BC,0,NT,FI,0.0,0,-39.58,-29.15,[],0,0,[],[]
35485820,35486840,NA,MAF,0.0,1012,AMF,NA,NA,NA,NA,0.0,0,-39.93,-33.69,[],0,0,[],[]
35486840,35489100,FEM,FAN,10.05,1012,AMF,RC,0,NT,FH,0.0,0,-39.11,-30.96,[],0,0,[],[]
35489100,35490190,NA,MAF,0.0,1012,AMF,NA,NA,NA,NA,0.0,0,-40.92,-34.2,[],0,0,[],[]
35490190,35491520,FEM,FAN,8.09,1012,AMF,EC,0,NT,FH,0.0,0,-40.21,-31.51,[],0,0,[],[]
35491520,35492520,NA,TVF,0.0,1013,pause,NA,NA,NA,NA,0.0,0,-44.43,-33.98,[],0,0,[],[]
35492520,35493570,NA,FAF,0.0,1013,pause,NA,NA,NA,NA,0.0,0,-40.4,-33.1,[],0,0,[],[]
35493570,35494570,NA,TVN,0.0,1013,pause,NA,NA,NA,NA,0.0,0,-38.78,-32.04,[],0,0,[],[]
35494570,35496100,NA,FAF,0.0,1013,pause,NA,NA,NA,NA,0.0,0,-39.28,-32.37,[],0,0,[],[]
35496100,35496900,NA,CXF,0.0,1013,pause,NA,NA,NA,NA,0.0,0,-41.09,-34.87,[],0,0,[],[]
35496900,35497930,NA,TVN,0.0,1013,pause,NA,NA,NA,NA,0.0,0,-39.65,-31.76,[],0,0,[],[]
35497930,35499310,NA,FAF,0.0,1013,pause,NA,NA,NA,NA,0.0,0,-39.71,-33.78,[],0,0,[],[]
35499310,35501160,NA,TVN,0.0,1013,pause,NA,NA,NA,NA,0.0,0,-41.02,-32.75,[],0,0,[],[]
35501160,35502040,OCH,CXN,0.0,1013,XIOCA,BC,0,NT,FI,0.0,0,-39.4,-30.68,[],0,0,[],[]
35502040,35503180,MAL,MAN,4.99,1013,XIOCA,RC,0,NT,FI,0.0,0,-42.21,-35.52,[],0,0,[],[]
35503180,35504360,NA,FAF,0.0,1013,XIOCA,NA,NA,NA,NA,0.0,0,-39.32,-31.17,[],0,0,[],[]
35504360,35505370,NA,TVF,0.0,1013,XIOCA,NA,NA,NA,NA,0.0,0,-43.54,-36.28,[],0,0,[],[]
35505370,35506600,FEM,FAN,2.75,1013,XIOCA,RC,0,NT,FI,0.0,0,-39.97,-31.05,[],0,0,[],[]
35506600,35508240,OCH,CXN,0.0,1013,XIOCA,RC,0,NT,FI,0.0,0,-40.9,-30.6,[],0,0,[],[]
35508240,35509240,FEM,FAN,5.31,1013,XIOCA,RC,0,NT,FI,0.0,0,-42.13,-34.02,[],0,0,[],[]
35509240,35510680,NA,TVN,0.0,1013,XIOCA,NA,NA,NA,NA,0.0,0,-43.21,-31.17,[],0,0,[],[]
35510680,35511750,NA,FAF,0.0,1013,XIOCA,NA,NA,NA,NA,0.0,0,-40.32,-31.65,[],0,0,[],[]
35511750,35512910,FEM,FAN,6.69,1013,XIOCA,RC,0,NT,FH,0.0,0,-40.01,-30.86,[],0,0,[],[]
35512910,35514850,FEM,FAN,7.4,1013,XIOCA,RC,0,NT,FH,0.0,0,-40.69,-29.88,[],0,0,[],[]
35514850,35516060,NA,TVF,0.0,1013,XIOCA,NA,NA,NA,NA,0.0,0,-46.5,-37.93,[],0,0,[],[]
35516060,35517410,NA,FAF,0.0,1013,XIOCA,NA,NA,NA,NA,0.0,0,-40.63,-28.59,[],0,0,[],[]
35517410,35518600,NA,OLF,0.0,1013,XIOCA,NA,NA,NA,NA,0.0,0,-29.26,-16.62,[],0,0,[],[]
35518600,35519680,NA,TVF,0.0,1013,XIOCA,NA,NA,NA,NA,0.0,0,-37.07,-22.45,[],0,0,[],[]
35519680,35520610,OCH,CXN,0.0,1013,XIOCA,RC,0,NT,FI,0.0,0,-29.92,-23.94,[],0,0,[],[]
35520610,35522290,NA,OLF,0.0,1013,XIOCA,NA,NA,NA,NA,0.0,0,-43.88,-35.73,[],0,0,[],[]
35522290,35523300,NA,MAF,0.0,1013,XIOCA,NA,NA,NA,NA,0.0,0,-41.97,-38.64,[],0,0,[],[]
35523300,35524350,OCH,CXN,0.0,1013,XIOCA,RC,0,NT,FH,0.0,0,-21.75,-13.57,[],0,0,[],[]
35524350,35525170,NA,OLF,0.0,1013,XIOCA,NA,NA,NA,NA,0.0,0,-37.79,-26.87,[],0,0,[],[]
35525170,35526230,NA,FAF,0.0,1013,XIOCA,NA,NA,NA,NA,0.0,0,-37.46,-26.74,[],0,0,[],[]
35526230,35527030,NA,OLF,0.0,1013,XIOCA,NA,NA,NA,NA,0.0,0,-43.99,-39.44,[],0,0,[],[]
35527030,35528050,NA,MAF,0.0,1013,XIOCA,NA,NA,NA,NA,0.0,0,-42.9,-38.74,[],0,0,[],[]
35528050,35529130,FEM,FAN,2.59,1013,XIOCA,RC,0,NT,FI,0.0,0,-38.0,-29.09,[],0,0,[],[]
35529130,35530340,NA,MAF,0.0,1013,XIOCA,NA,NA,NA,NA,0.0,0,-44.6,-39.89,[],0,0,[],[]
35530340,35530940,OCH,CXN,0.0,1013,XIOCA,RC,0,NT,FI,0.0,0,-22.23,-16.24,[],0,0,[],[]
35530940,35533260,NA,OLF,0.0,1013,XIOCA,NA,NA,NA,NA,0.0,0,-41.2,-34.86,[],0,0,[],[]
35533260,35534260,FEM,FAN,2.68,1013,XIOCA,RC,0,NT,FI,0.0,0,-28.46,-21.54,[],0,0,[],[]
35534260,35535070,NA,OLN,0.0,1013,XIOCA,NA,NA,NA,NA,0.0,0,-38.88,-30.92,[],0,0,[],[]
35535070,35535880,NA,OLF,0.0,1013,XIOCA,NA,NA,NA,NA,0.0,0,-38.98,-29.58,[],0,0,[],[]
35535880,35537140,FEM,FAN,3.34,1013,XIOCA,EC,0,NT,FH,0.0,0,-30.31,-21.07,[],0,0,[],[]
35537140,35541140,NA,NOF,0.0,1014,pause,NA,NA,NA,NA,0.0,0,-41.61,-25.1,[],0,0,[],[]
35541140,35542660,NA,OLF,0.0,1014,pause,NA,NA,NA,NA,0.0,0,-25.19,-9.45,[],0,0,[],[]
35542660,35543460,NA,CXF,0.0,1014,pause,NA,NA,NA,NA,0.0,0,-38.16,-26.76,[],0,0,[],[]
35543460,35544400,NA,OLF,0.0,1014,pause,NA,NA,NA,NA,0.0,0,-39.79,-28.37,[],0,0,[],[]
35544400,35545240,NA,NOF,0.0,1014,pause,NA,NA,NA,NA,0.0,0,-40.15,-32.42,[],0,0,[],[]
35545240,35548300,NA,OLN,0.0,1014,pause,NA,NA,NA,NA,0.0,0,-37.07,-24.88,[],0,0,[],[]
35548300,35549660,NA,TVN,0.0,1014,pause,NA,NA,NA,NA,0.0,0,-43.94,-38.67,[],0,0,[],[]
35549660,35550770,NA,OLF,0.0,1014,pause,NA,NA,NA,NA,0.0,0,-36.35,-19.8,[],0,0,[],[]
35550770,35551600,FEM,FAN,1.21,1014,AMF,EC,0,NT,FI,0.0,0,-40.07,-32.62,[],0,0,[],[]
35551600,35553250,NA,TVF,0.0,1015,pause,NA,NA,NA,NA,0.0,0,-52.92,-48.92,[],0,0,[],[]
35553250,35554080,NA,SIL,0.0,1015,pause,NA,NA,NA,NA,0.0,0,-48.73,-43.34,[],0,0,[],[]
35554080,35554920,NA,OLN,0.0,1015,pause,NA,NA,NA,NA,0.0,0,-42.15,-34.84,[],0,0,[],[]
35554920,35556060,NA,FAF,0.0,1015,pause,NA,NA,NA,NA,0.0,0,-41.04,-33.7,[],0,0,[],[]
35556060,35557610,NA,OLF,0.0,1015,pause,NA,NA,NA,NA,0.0,0,-33.73,-21.69,[],0,0,[],[]
35557610,35558660,FEM,FAN,4.11,1015,AMF,EC,0,NT,FI,0.0,0,-21.27,-11.06,[],0,0,[],[]
35558660,35559660,NA,TVF,0.0,1016,pause,NA,NA,NA,NA,0.0,0,-43.43,-35.0,[],0,0,[],[]
35559660,35560470,NA,OLF,0.0,1016,pause,NA,NA,NA,NA,0.0,0,-41.77,-34.8,[],0,0,[],[]
35560470,35561320,NA,NON,0.0,1016,pause,NA,NA,NA,NA,0.0,0,-25.29,-13.63,[],0,0,[],[]
35561320,35562870,NA,OLN,0.0,1016,pause,NA,NA,NA,NA,0.0,0,-24.28,-12.52,[],0,0,[],[]
35562870,35563880,NA,FAF,0.0,1016,pause,NA,NA,NA,NA,0.0,0,-42.33,-35.19,[],0,0,[],[]
35563880,35564740,NA,OLF,0.0,1016,pause,NA,NA,NA,NA,0.0,0,-40.71,-34.36,[],0,0,[],[]
35564740,35565740,NA,TVF,0.0,1016,pause,NA,NA,NA,NA,0.0,0,-42.85,-35.3,[],0,0,[],[]
35565740,35567260,NA,OLF,0.0,1016,pause,NA,NA,NA,NA,0.0,0,-37.93,-31.98,[],0,0,[],[]
35567260,35568910,NA,MAF,0.0,1016,pause,NA,NA,NA,NA,0.0,0,-38.54,-29.28,[],0,0,[],[]
35568910,35569980,NA,SIL,0.0,1016,pause,NA,NA,NA,NA,0.0,0,-44.15,-33.43,[],0,0,[],[]
35569980,35570790,NA,CXF,0.0,1016,pause,NA,NA,NA,NA,0.0,0,-44.02,-37.04,[],0,0,[],[]
35570790,35571830,NA,TVF,0.0,1016,pause,NA,NA,NA,NA,0.0,0,-45.48,-38.18,[],0,0,[],[]
35571830,35573070,NA,SIL,0.0,1016,pause,NA,NA,NA,NA,0.0,0,-45.24,-35.81,[],0,0,[],[]
35573070,35574120,NA,OLN,0.0,1016,pause,NA,NA,NA,NA,0.0,0,-35.76,-29.95,[],0,0,[],[]
35574120,35575160,NA,FAF,0.0,1016,pause,NA,NA,NA,NA,0.0,0,-31.09,-22.0,[],0,0,[],[]
35575160,35581920,NA,OLN,0.0,1016,pause,NA,NA,NA,NA,0.0,0,-30.38,-18.88,[],0,0,[],[]
35581920,35582520,FEM,FAN,0.0,1016,pause,NA,NA,NA,NA,0.0,0,-34.27,-25.16,[],600,0,[],[]
35582520,35585490,NA,OLN,0.0,1016,pause,NA,NA,NA,NA,0.0,0,-33.67,-20.38,[],0,0,[],[]
35585490,35586520,NA,NOF,0.0,1016,pause,NA,NA,NA,NA,0.0,0,-39.98,-28.88,[],0,0,[],[]
35586520,35588450,NA,OLN,0.0,1016,pause,NA,NA,NA,NA,0.0,0,-26.85,-16.66,[],0,0,[],[]
35588450,35589050,CHI,CHN,0.0,1016,CIOCAX,BC,0,NT,FI,1.0,530,-18.05,-11.27,"[{'Canonical-syllable': '1', 'Growl': '0', 'High-freq-energy': '0', 'Long-island': '0', 'Low-tilt-spectrum': '0', 'Medium-island': '0', 'Short-island': '2', 'Squeal': '0', 'Typical-entropy': '2', 'Voicing-quality': '2', 'Wide-band': '0', 'Xlong-island': '0', 'seq': '1', 'end': 35588.98, 'start': 35588.45}]",0,0,[],[]
35589050,35590170,CHI,CHN,0.0,1016,CIOCAX,NA,NA,NA,NA,0.0,0,-20.98,-8.72,[],0,340,"[{'start': 35589.83, 'end': 35590.17}]",[]
35590170,35591010,OCH,CXN,0.0,1016,CIOCAX,RC,0,NT,FI,0.0,0,-22.32,-13.99,[],0,0,[],[]
35591010,35591840,NA,OLF,0.0,1016,CIOCAX,NA,NA,NA,NA,0.0,0,-43.53,-38.67,[],0,0,[],[]
35591840,35593320,NA,NOF,0.0,1016,CIOCAX,NA,NA,NA,NA,0.0,0,-42.44,-29.31,[],0,0,[],[]
35593320,35594150,NA,OLF,0.0,1016,CIOCAX,NA,NA,NA,NA,0.0,0,-30.25,-16.31,[],0,0,[],[]
35594150,35594950,NA,NOF,0.0,1016,CIOCAX,NA,NA,NA,NA,0.0,0,-43.23,-32.84,[],0,0,[],[]
35594950,35596070,OCH,CXN,0.0,1016,CIOCAX,RC,0,NT,FH,0.0,0,-25.91,-17.1,[],0,0,[],[]
35596070,35597180,NA,NOF,0.0,1016,CIOCAX,NA,NA,NA,NA,0.0,0,-46.16,-38.24,[],0,0,[],[]
35597180,35598520,NA,OLN,0.0,1016,CIOCAX,NA,NA,NA,NA,0.0,0,-31.14,-22.01,[],0,0,[],[]
35598520,35599340,CHI,CHN,0.0,1016,CIOCAX,RC,0,NT,FI,1.0,120,-26.35,-14.76,"[{'Canonical-syllable': '0', 'Growl': '0', 'High-freq-energy': '0', 'Long-island': '0', 'Low-tilt-spectrum': '0', 'Medium-island': '0', 'Short-island': '0', 'Squeal': '0', 'Typical-entropy': '1', 'Voicing-quality': '1', 'Wide-band': '1', 'Xlong-island': '0', 'seq': '1', 'end': 35599.34, 'start': 35599.22}]",0,0,[],[]
35599340,35600660,NA,OLN,0.0,1016,CIOCAX,NA,NA,NA,NA,0.0,0,-31.83,-20.17,[],0,0,[],[]
35600660,35601550,NA,NOF,0.0,1016,CIOCAX,NA,NA,NA,NA,0.0,0,-43.49,-34.86,[],0,0,[],[]
35601550,35602350,OCH,CXN,0.0,1016,CIOCAX,RC,0,NT,FI,0.0,0,-38.91,-29.24,[],0,0,[],[]
35602350,35604080,FEM,FAN,7.29,1016,CIOCAX,EC,0,NT,FI,0.0,0,-26.46,-16.83,[],0,0,[],[]
35604080,35605660,NA,NOF,0.0,1017,pause,NA,NA,NA,NA,0.0,0,-41.32,-29.89,[],0,0,[],[]
35605660,35607790,NA,OLN,0.0,1017,pause,NA,NA,NA,NA,0.0,0,-28.25,-14.3,[],0,0,[],[]
35607790,35608620,NA,NOF,0.0,1017,pause,NA,NA,NA,NA,0.0,0,-39.65,-25.57,[],0,0,[],[]
35608620,35610010,NA,TVF,0.0,1017,pause,NA,NA,NA,NA,0.0,0,-45.49,-37.92,[],0,0,[],[]
35610010,35612490,NA,SIL,0.0,1017,pause,NA,NA,NA,NA,0.0,0,-47.34,-34.36,[],0,0,[],[]
35612490,35613630,NA,FAF,0.0,1017,pause,NA,NA,NA,NA,0.0,0,-43.43,-34.77,[],0,0,[],[]
35613630,35614770,NA,TVF,0.0,1017,pause,NA,NA,NA,NA,0.0,0,-45.1,-35.93,[],0,0,[],[]
35614770,35615680,NA,MAF,0.0,1017,pause,NA,NA,NA,NA,0.0,0,-43.78,-36.6,[],0,0,[],[]
35615680,35617150,NA,SIL,0.0,1017,pause,NA,NA,NA,NA,0.0,0,-46.12,-37.93,[],0,0,[],[]
35617150,35617960,NA,NOF,0.0,1017,pause,NA,NA,NA,NA,0.0,0,-43.04,-31.92,[],0,0,[],[]
35617960,35619110,NA,TVF,0.0,1017,pause,NA,NA,NA,NA,0.0,0,-46.72,-38.96,[],0,0,[],[]
35619110,35619940,NA,SIL,0.0,1017,pause,NA,NA,NA,NA,0.0,0,-46.84,-35.82,[],0,0,[],[]
35619940,35622480,NA,TVF,0.0,1017,pause,NA,NA,NA,NA,0.0,0,-46.54,-37.08,[],0,0,[],[]
35622480,35623410,NA,SIL,0.0,1017,pause,NA,NA,NA,NA,0.0,0,-49.26,-40.28,[],0,0,[],[]
35623410,35624780,NA,TVF,0.0,1017,pause,NA,NA,NA,NA,0.0,0,-46.98,-39.26,[],0,0,[],[]
35624780,35627440,NA,SIL,0.0,1017,pause,NA,NA,NA,NA,0.0,0,-50.2,-40.58,[],0,0,[],[]
35627440,35628250,NA,CXF,0.0,1017,pause,NA,NA,NA,NA,0.0,0,-50.15,-41.65,[],0,0,[],[]
35628250,35631330,NA,TVF,0.0,1017,pause,NA,NA,NA,NA,0.0,0,-49.64,-41.7,[],0,0,[],[]
35631330,35632490,NA,SIL,0.0,1017,pause,NA,NA,NA,NA,0.0,0,-53.8,-44.09,[],0,0,[],[]
35632490,35633870,NA,TVF,0.0,1017,pause,NA,NA,NA,NA,0.0,0,-50.33,-41.54,[],0,0,[],[]
35633870,35635030,NA,SIL,0.0,1017,pause,NA,NA,NA,NA,0.0,0,-47.91,-42.03,[],0,0,[],[]
35635030,35636050,NA,TVF,0.0,1017,pause,NA,NA,NA,NA,0.0,0,-44.34,-37.69,[],0,0,[],[]
35636050,35636860,NA,SIL,0.0,1017,pause,NA,NA,NA,NA,0.0,0,-49.0,-42.39,[],0,0,[],[]
35636860,35638140,NA,FAF,0.0,1017,pause,NA,NA,NA,NA,0.0,0,-46.8,-39.9,[],0,0,[],[]
35638140,35639760,NA,SIL,0.0,1017,pause,NA,NA,NA,NA,0.0,0,-49.17,-41.44,[],0,0,[],[]
35639760,35642040,NA,TVF,0.0,1017,pause,NA,NA,NA,NA,0.0,0,-45.37,-38.08,[],0,0,[],[]
35642040,35642840,NA,SIL,0.0,1017,pause,NA,NA,NA,NA,0.0,0,-50.3,-40.41,[],0,0,[],[]
35642840,35643870,NA,TVF,0.0,1017,pause,NA,NA,NA,NA,0.0,0,-49.04,-43.58,[],0,0,[],[]
35643870,35645030,NA,SIL,0.0,1017,pause,NA,NA,NA,NA,0.0,0,-50.97,-40.59,[],0,0,[],[]
35645030,35646030,NA,TVF,0.0,1017,pause,NA,NA,NA,NA,0.0,0,-51.21,-42.59,[],0,0,[],[]
35646030,35647610,NA,SIL,0.0,1017,pause,NA,NA,NA,NA,0.0,0,-52.69,-42.5,[],0,0,[],[]
35647610,35648610,NA,FAF,0.0,1017,pause,NA,NA,NA,NA,0.0,0,-43.8,-35.86,[],0,0,[],[]
35648610,35649860,NA,SIL,0.0,1017,pause,NA,NA,NA,NA,0.0,0,-50.46,-37.9,[],0,0,[],[]
35649860,35651230,NA,TVF,0.0,1017,pause,NA,NA,NA,NA,0.0,0,-50.16,-39.53,[],0,0,[],[]
35651230,35652300,NA,SIL,0.0,1017,pause,NA,NA,NA,NA,0.0,0,-49.91,-42.26,[],0,0,[],[]
35652300,35657530,NA,TVF,0.0,1017,pause,NA,NA,NA,NA,0.0,0,-45.07,-37.2,[],0,0,[],[]
35657530,35658370,NA,FAF,0.0,1017,pause,NA,NA,NA,NA,0.0,0,-46.03,-38.83,[],0,0,[],[]
35658370,35659370,NA,TVN,0.0,1017,pause,NA,NA,NA,NA,0.0,0,-45.22,-37.6,[],0,0,[],[]
35659370,35660400,NA,SIL,0.0,1017,pause,NA,NA,NA,NA,0.0,0,-55.21,-42.86,[],0,0,[],[]
35660400,35661850,NA,TVN,0.0,1017,pause,NA,NA,NA,NA,0.0,0,-45.78,-35.94,[],0,0,[],[]
35661850,35662650,NA,SIL,0.0,1017,pause,NA,NA,NA,NA,0.0,0,-47.84,-39.75,[],0,0,[],[]
35662650,35663450,NA,CXF,0.0,1017,pause,NA,NA,NA,NA,0.0,0,-44.16,-37.04,[],0,0,[],[]
35663450,35665200,FEM,FAN,6.77,1017,AMF,BC,0,NT,FI,0.0,0,-45.5,-38.2,[],0,0,[],[]
35665200,35666010,NA,CXF,0.0,1017,AMF,NA,NA,NA,NA,0.0,0,-44.39,-33.14,[],0,0,[],[]
35666010,35667010,NA,TVF,0.0,1017,AMF,NA,NA,NA,NA,0.0,0,-47.81,-38.68,[],0,0,[],[]
35667010,35668070,NA,FAF,0.0,1017,AMF,NA,NA,NA,NA,0.0,0,-45.72,-38.8,[],0,0,[],[]
35668070,35669870,NA,SIL,0.0,1017,AMF,NA,NA,NA,NA,0.0,0,-52.27,-40.97,[],0,0,[],[]
35669870,35670670,FEM,FAN,0.24,1017,AMF,EC,0,NT,FH,0.0,0,-43.95,-35.27,[],0,0,[],[]
35670670,35671670,NA,TVF,0.0,1018,pause,NA,NA,NA,NA,0.0,0,-45.7,-30.65,[],0,0,[],[]
35671670,35672900,NA,TVN,0.0,1018,pause,NA,NA,NA,NA,0.0,0,-52.31,-42.64,[],0,0,[],[]
35672900,35675710,NA,SIL,0.0,1018,pause,NA,NA,NA,NA,0.0,0,-55.44,-43.22,[],0,0,[],[]
35675710,35677080,NA,TVF,0.0,1018,pause,NA,NA,NA,NA,0.0,0,-51.46,-43.67,[],0,0,[],[]
35677080,35678510,NA,FAF,0.0,1018,pause,NA,NA,NA,NA,0.0,0,-48.52,-41.65,[],0,0,[],[]
35678510,35679750,NA,SIL,0.0,1018,pause,NA,NA,NA,NA,0.0,0,-51.48,-43.21,[],0,0,[],[]
35679750,35680830,NA,TVN,0.0,1018,pause,NA,NA,NA,NA,0.0,0,-44.74,-33.16,[],0,0,[],[]
35680830,35683800,NA,OLN,0.0,1018,pause,NA,NA,NA,NA,0.0,0,-20.62,-5.49,[],0,0,[],[]
35683800,35684400,OCH,CXN,0.0,1018,XIOCA,BC,0,NT,FI,0.0,0,-17.33,-9.95,[],0,0,[],[]
35684400,35685220,NA,OLN,0.0,1018,XIOCA,NA,NA,NA,NA,0.0,0,-26.78,-17.83,[],0,0,[],[]
35685220,35686410,NA,NOF,0.0,1018,XIOCA,NA,NA,NA,NA,0.0,0,-43.55,-35.89,[],0,0,[],[]
35686410,35687350,OCH,CXN,0.0,1018,XIOCA,RC,0,NT,FH,0.0,0,-29.4,-18.12,[],0,0,[],[]
35687350,35688380,NA,OLN,0.0,1018,XIOCA,NA,NA,NA,NA,0.0,0,-18.53,-3.14,[],0,0,[],[]
35688380,35689730,FEM,FAN,4.89,1018,XIOCA,EC,0,NT,FI,0.0,0,-27.57,-18.84,[],0,0,[],[]
35689730,35691940,NA,OLF,0.0,1019,pause,NA,NA,NA,NA,0.0,0,-44.24,-35.39,[],0,0,[],[]
35691940,35692830,NA,NOF,0.0,1019,pause,NA,NA,NA,NA,0.0,0,-48.9,-43.63,[],0,0,[],[]
35692830,35693630,NA,OLF,0.0,1019,pause,NA,NA,NA,NA,0.0,0,-47.26,-41.77,[],0,0,[],[]
35693630,35694500,NA,NOF,0.0,1019,pause,NA,NA,NA,NA,0.0,0,-50.18,-43.02,[],0,0,[],[]
35694500,35695410,NA,OLF,0.0,1019,pause,NA,NA,NA,NA,0.0,0,-45.52,-39.84,[],0,0,[],[]
35695410,35697460,OCH,CXN,0.0,1019,XIOCA,BC,0,NT,FI,0.0,0,-35.98,-22.36,[],0,0,[],[]
35697460,35698740,FEM,FAN,5.18,1019,XIOCA,RC,0,NT,FI,0.0,0,-36.66,-27.67,[],0,0,[],[]
35698740,35699850,OCH,CXN,0.0,1019,XIOCA,RC,0,NT,FI,0.0,0,-38.76,-27.21,[],0,0,[],[]
35699850,35701240,OCH,CXN,0.0,1019,XIOCA,RC,0,NT,FH,0.0,0,-40.48,-29.64,[],0,0,[],[]
35701240,35702040,OCH,CXN,0.0,1019,XIOCA,RC,0,NT,FH,0.0,0,-31.29,-19.52,[],0,0,[],[]
35702040,35702640,FEM,FAN,0.62,1019,XIOCA,EC,0,NT,FI,0.0,0,-39.57,-28.84,[],0,0,[],[]
35702640,35704170,NA,FAF,0.0,1020,pause,NA,NA,NA,NA,0.0,0,-43.93,-34.78,[],0,0,[],[]
35704170,35706280,NA,OLF,0.0,1020,pause,NA,NA,NA,NA,0.0,0,-36.82,-25.79,[],0,0,[],[]
35706280,35707080,NA,CXF,0.0,1020,pause,NA,NA,NA,NA,0.0,0,-45.44,-39.79,[],0,0,[],[]
35707080,35707880,NA,OLF,0.0,1020,pause,NA,NA,NA,NA,0.0,0,-38.55,-30.55,[],0,0,[],[]
35707880,35708680,NA,NOF,0.0,1020,pause,NA,NA,NA,NA,0.0,0,-42.28,-34.56,[],0,0,[],[]
35708680,35711890,NA,OLF,0.0,1020,pause,NA,NA,NA,NA,0.0,0,-33.04,-22.64,[],0,0,[],[]
35711890,35712700,NA,NOF,0.0,1020,pause,NA,NA,NA,NA,0.0,0,-41.0,-28.15,[],0,0,[],[]
35712700,35713500,FEM,FAN,2.56,1020,AMF,EC,0,NT,FI,0.0,0,-22.27,-6.17,[],0,0,[],[]
35713500,35714300,NA,NOF,0.0,1021,pause,NA,NA,NA,NA,0.0,0,-40.61,-30.01,[],0,0,[],[]
35714300,35715740,NA,OLN,0.0,1021,pause,NA,NA,NA,NA,0.0,0,-36.13,-26.81,[],0,0,[],[]
35715740,35716610,NA,CXF,0.0,1021,pause,NA,NA,NA,NA,0.0,0,-43.19,-37.02,[],0,0,[],[]
35716610,35718400,NA,TVF,0.0,1021,pause,NA,NA,NA,NA,0.0,0,-44.14,-37.42,[],0,0,[],[]
35718400,35721560,NA,CXF,0.0,1021,pause,NA,NA,NA,NA,0.0,0,-46.06,-39.05,[],0,0,[],[]
35721560,35722760,NA,SIL,0.0,1021,pause,NA,NA,NA,NA,0.0,0,-46.95,-36.81,[],0,0,[],[]
35722760,35723560,FEM,FAN,6.27,1021,AMF,EC,0,NT,FI,0.0,0,-41.93,-37.29,[],0,0,[],[]
35723560,35725840,NA,FAF,0.0,1022,pause,NA,NA,NA,NA,0.0,0,-45.85,-36.71,[],0,0,[],[]
35725840,35728540,NA,SIL,0.0,1022,pause,NA,NA,NA,NA,0.0,0,-51.94,-45.67,[],0,0,[],[]
35728540,35729540,NA,TVF,0.0,1022,pause,NA,NA,NA,NA,0.0,0,-41.27,-34.29,[],0,0,[],[]
35729540,35730370,NA,CXF,0.0,1022,pause,NA,NA,NA,NA,0.0,0,-41.05,-32.65,[],0,0,[],[]
35730370,35731480,NA,MAF,0.0,1022,pause,NA,NA,NA,NA,0.0,0,-46.9,-39.71,[],0,0,[],[]
35731480,35732570,OCH,CXN,0.0,1022,XM,EC,0,NT,FI,0.0,0,-43.77,-32.3,[],0,0,[],[]
35732570,35734370,NA,CXF,0.0,1023,pause,NA,NA,NA,NA,0.0,0,-45.47,-34.47,[],0,0,[],[]
35734370,35739410,NA,OLN,0.0,1023,pause,NA,NA,NA,NA,0.0,0,-35.94,-25.72,[],0,0,[],[]
35739410,35741720,NA,SIL,0.0,1023,pause,NA,NA,NA,NA,0.0,0,-53.97,-43.3,[],0,0,[],[]
35741720,35743770,NA,FAF,0.0,1023,pause,NA,NA,NA,NA,0.0,0,-44.22,-36.45,[],0,0,[],[]
35743770,35744790,NA,TVN,0.0,1023,pause,NA,NA,NA,NA,0.0,0,-45.01,-37.17,[],0,0,[],[]
35744790,35745900,NA,SIL,0.0,1023,pause,NA,NA,NA,NA,0.0,0,-53.65,-50.15,[],0,0,[],[]
35745900,35746980,NA,TVN,0.0,1023,pause,NA,NA,NA,NA,0.0,0,-42.51,-34.55,[],0,0,[],[]
35746980,35748230,OCH,CXN,0.0,1023,XIC,BC,0,NT,FI,0.0,0,-38.13,-31.85,[],0,0,[],[]
35748230,35752580,FEM,FAN,12.78,1023,XIC,RC,0,NT,FI,0.0,0,-42.98,-32.88,[],0,0,[],[]
35752580,35753380,NA,SIL,0.0,1023,XIC,NA,NA,NA,NA,0.0,0,-53.0,-43.1,[],0,0,[],[]
35753380,35755000,FEM,FAN,4.65,1023,XIC,RC,0,TIFI,FH,0.0,0,-43.53,-33.95,[],0,0,[],[]
35755000,35755820,NA,CXF,0.0,1023,XIC,NA,NA,NA,NA,0.0,0,-41.31,-31.77,[],0,0,[],[]
35755820,35757130,NA,OLF,0.0,1023,XIC,NA,NA,NA,NA,0.0,0,-40.96,-34.72,[],0,0,[],[]
35757130,35757970,NA,TVF,0.0,1023,XIC,NA,NA,NA,NA,0.0,0,-39.71,-30.86,[],0,0,[],[]
35757970,35758970,CHI,CHN,0.0,1023,XIC,EC,1,TIFR,FI,1.0,780,-23.36,-7.97,"[{'Canonical-syllable': '1', 'Growl': '2', 'High-freq-energy': '0', 'Long-island': '0', 'Low-tilt-spectrum': '1', 'Medium-island': '0', 'Short-island': '3', 'Squeal': '0', 'Typical-entropy': '3', 'Voicing-quality': '2', 'Wide-band': '1', 'Xlong-island': '0', 'seq': '1', 'end': 35758.75, 'start': 35758.08}]",0,0,[],[]
35758970,35760050,NA,NOF,0.0,1024,pause,NA,NA,NA,NA,0.0,0,-41.28,-30.22,[],0,0,[],[]
35760050,35761050,NA,MAF,0.0,1024,pause,NA,NA,NA,NA,0.0,0,-40.55,-34.6,[],0,0,[],[]
35761050,35762180,NA,NOF,0.0,1024,pause,NA,NA,NA,NA,0.0,0,-43.71,-35.64,[],0,0,[],[]
35762180,35762980,NA,OLF,0.0,1024,pause,NA,NA,NA,NA,0.0,0,-46.45,-42.34,[],0,0,[],[]
35762980,35766300,NA,TVF,0.0,1024,pause,NA,NA,NA,NA,0.0,0,-44.93,-35.35,[],0,0,[],[]
35766300,35767520,NA,CXF,0.0,1024,pause,NA,NA,NA,NA,0.0,0,-44.18,-35.03,[],0,0,[],[]
35767520,35770470,NA,NOF,0.0,1024,pause,NA,NA,NA,NA,0.0,0,-40.64,-26.11,[],0,0,[],[]
35770470,35771270,NA,OLF,0.0,1024,pause,NA,NA,NA,NA,0.0,0,-43.32,-35.72,[],0,0,[],[]
35771270,35773380,NA,NOF,0.0,1024,pause,NA,NA,NA,NA,0.0,0,-39.22,-27.12,[],0,0,[],[]
35773380,35775190,NA,OLF,0.0,1024,pause,NA,NA,NA,NA,0.0,0,-30.55,-19.43,[],0,0,[],[]
35775190,35776000,NA,NOF,0.0,1024,pause,NA,NA,NA,NA,0.0,0,-35.88,-26.5,[],0,0,[],[]
35776000,35777240,NA,OLN,0.0,1024,pause,NA,NA,NA,NA,0.0,0,-22.33,-12.0,[],0,0,[],[]
35777240,35779200,NA,NOF,0.0,1024,pause,NA,NA,NA,NA,0.0,0,-35.44,-17.75,[],0,0,[],[]
35779200,35780000,NA,OLF,0.0,1024,pause,NA,NA,NA,NA,0.0,0,-41.74,-32.76,[],0,0,[],[]
35780000,35780800,NA,CXF,0.0,1024,pause,NA,NA,NA,NA,0.0,0,-40.6,-32.77,[],0,0,[],[]
35780800,35781870,NA,SIL,0.0,1024,pause,NA,NA,NA,NA,0.0,0,-46.79,-39.89,[],0,0,[],[]
35781870,35782700,NA,OLF,0.0,1024,pause,NA,NA,NA,NA,0.0,0,-43.87,-36.25,[],0,0,[],[]
35782700,35783500,NA,SIL,0.0,1024,pause,NA,NA,NA,NA,0.0,0,-47.19,-40.08,[],0,0,[],[]
35783500,35784300,NA,OLF,0.0,1024,pause,NA,NA,NA,NA,0.0,0,-46.33,-42.1,[],0,0,[],[]
35784300,35785370,NA,TVF,0.0,1024,pause,NA,NA,NA,NA,0.0,0,-43.5,-37.46,[],0,0,[],[]
35785370,35787970,NA,CXF,0.0,1024,pause,NA,NA,NA,NA,0.0,0,-44.22,-36.53,[],0,0,[],[]
35787970,35789000,NA,FAF,0.0,1024,pause,NA,NA,NA,NA,0.0,0,-43.62,-35.04,[],0,0,[],[]
35789000,35790110,NA,CXF,0.0,1024,pause,NA,NA,NA,NA,0.0,0,-41.41,-31.44,[],0,0,[],[]
35790110,35790910,NA,TVF,0.0,1024,pause,NA,NA,NA,NA,0.0,0,-43.5,-36.5,[],0,0,[],[]
35790910,35791910,NA,FAF,0.0,1024,pause,NA,NA,NA,NA,0.0,0,-44.2,-38.25,[],0,0,[],[]
35791910,35793560,NA,SIL,0.0,1024,pause,NA,NA,NA,NA,0.0,0,-45.73,-39.1,[],0,0,[],[]
35793560,35794820,NA,CXF,0.0,1024,pause,NA,NA,NA,NA,0.0,0,-44.67,-32.39,[],0,0,[],[]
35794820,35798210,NA,SIL,0.0,1024,pause,NA,NA,NA,NA,0.0,0,-48.45,-36.88,[],0,0,[],[]
35798210,35799050,NA,NOF,0.0,1024,pause,NA,NA,NA,NA,0.0,0,-45.92,-35.81,[],0,0,[],[]
35799050,35800100,OCH,CXN,0.0,1024,XM,BC,0,NT,FI,0.0,0,-42.96,-31.37,[],0,0,[],[]
35800100,35800900,NA,SIL,0.0,1024,XM,NA,NA,NA,NA,0.0,0,-48.25,-39.91,[],0,0,[],[]
35800900,35801760,NA,CXF,0.0,1024,XM,NA,NA,NA,NA,0.0,0,-45.03,-36.53,[],0,0,[],[]
35801760,35802700,NA,SIL,0.0,1024,XM,NA,NA,NA,NA,0.0,0,-47.94,-39.63,[],0,0,[],[]
35802700,35803390,OCH,CXN,0.0,1024,XM,EC,0,NT,FH,0.0,0,-27.06,-21.76,[],0,0,[],[]
35803390,35804890,NA,SIL,0.0,1025,pause,NA,NA,NA,NA,0.0,0,-45.2,-31.71,[],0,0,[],[]
35804890,35805810,NA,CXF,0.0,1025,pause,NA,NA,NA,NA,0.0,0,-43.52,-36.54,[],0,0,[],[]
35805810,35808270,NA,SIL,0.0,1025,pause,NA,NA,NA,NA,0.0,0,-50.11,-37.78,[],0,0,[],[]
35808270,35809630,NA,NOF,0.0,1025,pause,NA,NA,NA,NA,0.0,0,-38.84,-24.88,[],0,0,[],[]
35809630,35812640,NA,OLN,0.0,1025,pause,NA,NA,NA,NA,0.0,0,-18.59,-8.45,[],0,0,[],[]
35812640,35813540,NA,NON,0.0,1025,pause,NA,NA,NA,NA,0.0,0,-33.97,-25.01,[],0,0,[],[]
35813540,35814740,NA,OLF,0.0,1025,pause,NA,NA,NA,NA,0.0,0,-39.6,-28.95,[],0,0,[],[]
35814740,35815810,NA,FAF,0.0,1025,pause,NA,NA,NA,NA,0.0,0,-41.65,-30.67,[],0,0,[],[]
35815810,35816640,OCH,CXN,0.0,1025,XM,BC,0,NT,FI,0.0,0,-42.66,-32.92,[],0,0,[],[]
35816640,35817640,NA,FAF,0.0,1025,XM,NA,NA,NA,NA,0.0,0,-47.29,-38.83,[],0,0,[],[]
35817640,35818630,OCH,CXN,0.0,1025,XM,RC,0,NT,FH,0.0,0,-44.39,-35.28,[],0,0,[],[]
35818630,35819460,NA,OLF,0.0,1025,XM,NA,NA,NA,NA,0.0,0,-39.64,-30.62,[],0,0,[],[]
35819460,35820300,NA,CXF,0.0,1025,XM,NA,NA,NA,NA,0.0,0,-44.7,-37.41,[],0,0,[],[]
35820300,35821540,NA,TVF,0.0,1025,XM,NA,NA,NA,NA,0.0,0,-42.54,-35.0,[],0,0,[],[]
35821540,35824780,OCH,CXN,0.0,1025,XM,RC,0,NT,FH,0.0,0,-42.88,-34.57,[],0,0,[],[]
35824780,35825610,NA,OLN,0.0,1025,XM,NA,NA,NA,NA,0.0,0,-40.91,-34.99,[],0,0,[],[]
35825610,35828380,OCH,CXN,0.0,1025,XM,RC,0,NT,FH,0.0,0,-41.57,-33.86,[],0,0,[],[]
35828380,35829610,NA,OLN,0.0,1025,XM,NA,NA,NA,NA,0.0,0,-39.52,-34.07,[],0,0,[],[]
35829610,35833180,OCH,CXN,0.0,1025,XM,RC,0,NT,FH,0.0,0,-40.92,-32.99,[],0,0,[],[]
35833180,35834470,NA,TVF,0.0,1025,XM,NA,NA,NA,NA,0.0,0,-45.98,-40.84,[],0,0,[],[]
35834470,35835270,NA,OLF,0.0,1025,XM,NA,NA,NA,NA,0.0,0,-45.25,-36.66,[],0,0,[],[]
35835270,35836270,NA,CXF,0.0,1025,XM,NA,NA,NA,NA,0.0,0,-45.18,-36.93,[],0,0,[],[]
35836270,35837390,OCH,CXN,0.0,1025,XM,RC,0,NT,FH,0.0,0,-42.09,-34.78,[],0,0,[],[]
35837390,35838390,OCH,CXN,0.0,1025,XM,RC,0,NT,FH,0.0,0,-41.79,-34.06,[],0,0,[],[]
35838390,35839330,OCH,CXN,0.0,1025,XM,EC,0,NT,FH,0.0,0,-40.7,-30.21,[],0,0,[],[]
35839330,35843280,NA,TVF,0.0,1026,pause,NA,NA,NA,NA,0.0,0,-34.22,-16.01,[],0,0,[],[]
35843280,35846300,NA,OLF,0.0,1026,pause,NA,NA,NA,NA,0.0,0,-36.19,-22.02,[],0,0,[],[]
35846300,35847100,NA,NOF,0.0,1026,pause,NA,NA,NA,NA,0.0,0,-43.9,-36.3,[],0,0,[],[]
35847100,35848140,NA,CXF,0.0,1026,pause,NA,NA,NA,NA,0.0,0,-42.39,-35.36,[],0,0,[],[]
35848140,35854320,NA,OLF,0.0,1026,pause,NA,NA,NA,NA,0.0,0,-40.47,-25.41,[],0,0,[],[]
35854320,35855630,NA,TVF,0.0,1026,pause,NA,NA,NA,NA,0.0,0,-45.97,-42.23,[],0,0,[],[]
35855630,35856810,NA,OLF,0.0,1026,pause,NA,NA,NA,NA,0.0,0,-40.54,-31.74,[],0,0,[],[]
35856810,35858510,NA,OLN,0.0,1026,pause,NA,NA,NA,NA,0.0,0,-20.52,-10.93,[],0,0,[],[]
35858510,35859660,NA,NON,0.0,1026,pause,NA,NA,NA,NA,0.0,0,-20.85,-8.2,[],0,0,[],[]
35859660,35861590,NA,OLN,0.0,1026,pause,NA,NA,NA,NA,0.0,0,-26.8,-14.04,[],0,0,[],[]
35861590,35862390,NA,NON,0.0,1026,pause,NA,NA,NA,NA,0.0,0,-27.05,-17.51,[],0,0,[],[]
35862390,35863220,NA,OLF,0.0,1026,pause,NA,NA,NA,NA,0.0,0,-38.95,-30.24,[],0,0,[],[]
35863220,35864630,NA,TVN,0.0,1026,pause,NA,NA,NA,NA,0.0,0,-41.46,-35.47,[],0,0,[],[]
35864630,35865540,NA,OLF,0.0,1026,pause,NA,NA,NA,NA,0.0,0,-42.33,-35.88,[],0,0,[],[]
35865540,35866380,OCH,CXN,0.0,1026,XM,EC,0,NT,FI,0.0,0,-40.63,-35.04,[],0,0,[],[]
35866380,35868170,NA,TVF,0.0,1027,pause,NA,NA,NA,NA,0.0,0,-41.6,-33.81,[],0,0,[],[]
35868170,35868970,NA,OLF,0.0,1027,pause,NA,NA,NA,NA,0.0,0,-38.96,-33.17,[],0,0,[],[]
35868970,35869990,NA,TVF,0.0,1027,pause,NA,NA,NA,NA,0.0,0,-38.18,-32.11,[],0,0,[],[]
35869990,35870960,NA,CXF,0.0,1027,pause,NA,NA,NA,NA,0.0,0,-39.54,-34.83,[],0,0,[],[]
35870960,35872360,NA,OLF,0.0,1027,pause,NA,NA,NA,NA,0.0,0,-42.29,-34.75,[],0,0,[],[]
35872360,35873220,NA,FAF,0.0,1027,pause,NA,NA,NA,NA,0.0,0,-43.01,-37.88,[],0,0,[],[]
35873220,35874020,NA,SIL,0.0,1027,pause,NA,NA,NA,NA,0.0,0,-49.67,-41.64,[],0,0,[],[]
35874020,35874620,FEM,FAN,7.51,1027,AMF,EC,0,NT,FI,0.0,0,-40.14,-31.27,[],0,0,[],[]
35874620,35877010,NA,SIL,0.0,1028,pause,NA,NA,NA,NA,0.0,0,-50.68,-36.34,[],0,0,[],[]
35877010,35878290,NA,TVF,0.0,1028,pause,NA,NA,NA,NA,0.0,0,-47.48,-40.55,[],0,0,[],[]
35878290,35879090,NA,SIL,0.0,1028,pause,NA,NA,NA,NA,0.0,0,-47.87,-40.2,[],0,0,[],[]
35879090,35882370,NA,OLF,0.0,1028,pause,NA,NA,NA,NA,0.0,0,-35.16,-24.26,[],0,0,[],[]
35882370,35883200,NA,CXF,0.0,1028,pause,NA,NA,NA,NA,0.0,0,-39.01,-31.95,[],0,0,[],[]
35883200,35884000,NA,OLN,0.0,1028,pause,NA,NA,NA,NA,0.0,0,-39.18,-25.76,[],0,0,[],[]
35884000,35885000,NA,OLF,0.0,1028,pause,NA,NA,NA,NA,0.0,0,-19.08,-4.97,[],0,0,[],[]
35885000,35887140,NA,OLN,0.0,1028,pause,NA,NA,NA,NA,0.0,0,-28.05,-15.74,[],0,0,[],[]
35887140,35890510,NA,OLF,0.0,1028,pause,NA,NA,NA,NA,0.0,0,-37.15,-30.56,[],0,0,[],[]
35890510,35891320,NA,CXF,0.0,1028,pause,NA,NA,NA,NA,0.0,0,-37.31,-31.41,[],0,0,[],[]
35891320,35892490,NA,TVF,0.0,1028,pause,NA,NA,NA,NA,0.0,0,-49.09,-42.75,[],0,0,[],[]
35892490,35893560,NA,OLF,0.0,1028,pause,NA,NA,NA,NA,0.0,0,-41.7,-36.33,[],0,0,[],[]
35893560,35894820,NA,TVN,0.0,1028,pause,NA,NA,NA,NA,0.0,0,-38.53,-33.4,[],0,0,[],[]
35894820,35898780,NA,OLN,0.0,1028,pause,NA,NA,NA,NA,0.0,0,-29.35,-11.57,[],0,0,[],[]
35898780,35899930,NA,NOF,0.0,1028,pause,NA,NA,NA,NA,0.0,0,-37.03,-31.49,[],0,0,[],[]
35899930,35900900,NA,OLN,0.0,1028,pause,NA,NA,NA,NA,0.0,0,-36.73,-33.87,[],0,0,[],[]
35900900,35901730,OCH,CXN,0.0,1028,XM,EC,0,NT,FI,0.0,0,-36.85,-33.27,[],0,0,[],[]
35901730,35902860,NA,OLN,0.0,1029,pause,NA,NA,NA,NA,0.0,0,-32.12,-21.32,[],0,0,[],[]
35902860,35903910,MAL,MAN,0.0,1029,pause,NA,NA,NA,NA,0.0,0,-25.04,-19.85,[],1050,0,[],[]
35903910,35905200,NA,NOF,0.0,1029,pause,NA,NA,NA,NA,0.0,0,-37.71,-27.19,[],0,0,[],[]
35905200,35906000,NA,OLF,0.0,1029,pause,NA,NA,NA,NA,0.0,0,-42.68,-36.91,[],0,0,[],[]
35906000,35906850,NA,SIL,0.0,1029,pause,NA,NA,NA,NA,0.0,0,-47.38,-41.89,[],0,0,[],[]
35906850,35908950,NA,OLF,0.0,1029,pause,NA,NA,NA,NA,0.0,0,-36.03,-23.55,[],0,0,[],[]
35908950,35909760,NA,NOF,0.0,1029,pause,NA,NA,NA,NA,0.0,0,-39.25,-30.12,[],0,0,[],[]
35909760,35911680,NA,CXF,0.0,1029,pause,NA,NA,NA,NA,0.0,0,-40.2,-36.38,[],0,0,[],[]
35911680,35915290,NA,TVF,0.0,1029,pause,NA,NA,NA,NA,0.0,0,-40.56,-34.16,[],0,0,[],[]
35915290,35916090,NA,CXF,0.0,1029,pause,NA,NA,NA,NA,0.0,0,-41.12,-36.75,[],0,0,[],[]
35916090,35917160,NA,OLF,0.0,1029,pause,NA,NA,NA,NA,0.0,0,-40.97,-37.71,[],0,0,[],[]
35917160,35918170,NA,MAF,0.0,1029,pause,NA,NA,NA,NA,0.0,0,-41.17,-36.66,[],0,0,[],[]
35918170,35919790,NA,CXF,0.0,1029,pause,NA,NA,NA,NA,0.0,0,-40.82,-35.96,[],0,0,[],[]
35919790,35920660,NA,NOF,0.0,1029,pause,NA,NA,NA,NA,0.0,0,-40.68,-36.29,[],0,0,[],[]
35920660,35922070,NA,CXF,0.0,1029,pause,NA,NA,NA,NA,0.0,0,-37.58,-30.71,[],0,0,[],[]
35922070,35922870,NA,OLN,0.0,1029,pause,NA,NA,NA,NA,0.0,0,-36.19,-32.43,[],0,0,[],[]
35922870,35923670,NA,TVF,0.0,1029,pause,NA,NA,NA,NA,0.0,0,-36.56,-28.72,[],0,0,[],[]
35923670,35927710,NA,OLN,0.0,1029,pause,NA,NA,NA,NA,0.0,0,-30.74,-15.65,[],0,0,[],[]
35927710,35929000,OCH,CXN,0.0,1029,XIC,BC,0,NT,FI,0.0,0,-30.93,-27.57,[],0,0,[],[]
35929000,35929830,NA,OLN,0.0,1029,XIC,NA,NA,NA,NA,0.0,0,-30.91,-28.2,[],0,0,[],[]
35929830,35932130,OCH,CXN,0.0,1029,XIC,RC,0,NT,FH,0.0,0,-28.81,-19.49,[],0,0,[],[]
35932130,35932930,NA,OLN,0.0,1029,XIC,NA,NA,NA,NA,0.0,0,-33.41,-29.47,[],0,0,[],[]
35932930,35933890,NA,CXF,0.0,1029,XIC,NA,NA,NA,NA,0.0,0,-32.01,-25.5,[],0,0,[],[]
35933890,35934740,NA,OLF,0.0,1029,XIC,NA,NA,NA,NA,0.0,0,-34.68,-27.53,[],0,0,[],[]
35934740,35936700,OCH,CXN,0.0,1029,XIC,RC,0,NT,FH,0.0,0,-25.84,-18.11,[],0,0,[],[]
35936700,35938710,CHI,CHN,0.0,1029,XIC,RC,0,NT,FI,1.0,2009,-30.84,-20.78,"[{'Canonical-syllable': '0', 'Growl': '2', 'High-freq-energy': '1', 'Long-island': '0', 'Low-tilt-spectrum': '5', 'Medium-island': '0', 'Short-island': '3', 'Squeal': '1', 'Typical-entropy': '6', 'Voicing-quality': '5', 'Wide-band': '1', 'Xlong-island': '0', 'seq': '1', 'end': 35938.71, 'start': 35936.98}]",0,0,[],[]
35938710,35940790,OCH,CXN,0.0,1029,XIC,RC,0,NT,FI,0.0,0,-29.02,-20.32,[],0,0,[],[]
35940790,35941590,NA,NON,0.0,1029,XIC,NA,NA,NA,NA,0.0,0,-33.77,-23.53,[],0,0,[],[]
35941590,35942390,OCH,CXN,0.0,1029,XIC,RC,0,NT,FH,0.0,0,-43.25,-38.75,[],0,0,[],[]
35942390,35943390,NA,TVN,0.0,1029,XIC,NA,NA,NA,NA,0.0,0,-40.84,-35.94,[],0,0,[],[]
35943390,35945920,OCH,CXN,0.0,1029,XIC,RC,0,NT,FH,0.0,0,-29.6,-20.11,[],0,0,[],[]
35945920,35946750,NA,OLN,0.0,1029,XIC,NA,NA,NA,NA,0.0,0,-34.32,-25.53,[],0,0,[],[]
35946750,35948250,MAL,MAN,7.06,1029,XIC,RC,0,TIMI,FI,0.0,0,-34.91,-23.57,[],0,0,[],[]
35948250,35949460,NA,OLN,0.0,1029,XIC,NA,NA,NA,NA,0.0,0,-37.63,-29.82,[],0,0,[],[]
35949460,35950110,CHI,CHN,0.0,1029,XIC,RC,1,TIMR,FI,1.0,650,-29.67,-22.13,"[{'Canonical-syllable': '0', 'Growl': '1', 'High-freq-energy': '1', 'Long-island': '1', 'Low-tilt-spectrum': '1', 'Medium-island': '0', 'Short-island': '0', 'Squeal': '0', 'Typical-entropy': '1', 'Voicing-quality': '1', 'Wide-band': '0', 'Xlong-island': '0', 'seq': '1', 'end': 35950.11, 'start': 35949.46}]",0,0,[],[]
35950110,35951960,OCH,CXN,0.0,1029,XIC,RC,1,NT,FI,0.0,0,-33.11,-25.43,[],0,0,[],[]
35951960,35952870,NA,OLN,0.0,1029,XIC,NA,NA,NA,NA,0.0,0,-29.22,-23.46,[],0,0,[],[]
35952870,35953880,OCH,CXN,0.0,1029,XIC,RC,1,NT,FH,0.0,0,-31.0,-23.59,[],0,0,[],[]
35953880,35954850,OCH,CXN,0.0,1029,XIC,RC,1,NT,FH,0.0,0,-29.73,-22.94,[],0,0,[],[]
35954850,35956880,NA,OLN,0.0,1029,XIC,NA,NA,NA,NA,0.0,0,-31.63,-22.81,[],0,0,[],[]
35956880,35957680,OCH,CXN,0.0,1029,XIC,RC,1,NT,FH,0.0,0,-29.4,-22.04,[],0,0,[],[]
35957680,35958570,NA,OLN,0.0,1029,XIC,NA,NA,NA,NA,0.0,0,-34.03,-25.15,[],0,0,[],[]
35958570,35960460,OCH,CXN,0.0,1029,XIC,RC,1,NT,FH,0.0,0,-28.98,-22.11,[],0,0,[],[]
35960460,35961560,NA,OLN,0.0,1029,XIC,NA,NA,NA,NA,0.0,0,-31.1,-24.33,[],0,0,[],[]
35961560,35964880,OCH,CXN,0.0,1029,XIC,RC,1,NT,FH,0.0,0,-33.64,-19.69,[],0,0,[],[]
35964880,35965880,OCH,CXN,0.0,1029,XIC,RC,1,NT,FH,0.0,0,-32.58,-26.13,[],0,0,[],[]
35965880,35967830,NA,OLN,0.0,1029,XIC,NA,NA,NA,NA,0.0,0,-32.56,-26.71,[],0,0,[],[]
35967830,35968830,FEM,FAN,2.85,1029,XIC,RC,1,NT,FI,0.0,0,-30.87,-24.58,[],0,0,[],[]
35968830,35971350,NA,OLN,0.0,1029,XIC,NA,NA,NA,NA,0.0,0,-32.55,-24.84,[],0,0,[],[]
35971350,35972150,OCH,CXN,0.0,1029,XIC,RC,1,NT,FI,0.0,0,-33.26,-24.72,[],0,0,[],[]
35972150,35973160,NA,TVF,0.0,1029,XIC,NA,NA,NA,NA,0.0,0,-48.68,-37.93,[],0,0,[],[]
35973160,35974570,OCH,CXN,0.0,1029,XIC,RC,1,NT,FH,0.0,0,-43.15,-32.32,[],0,0,[],[]
35974570,35975720,NA,TVF,0.0,1029,XIC,NA,NA,NA,NA,0.0,0,-46.24,-35.54,[],0,0,[],[]
35975720,35979870,OCH,CXN,0.0,1029,XIC,EC,1,NT,FH,0.0,0,-42.49,-32.42,[],0,0,[],[]
35979870,35980670,NA,SIL,0.0,1030,pause,NA,NA,NA,NA,0.0,0,-50.62,-42.52,[],0,0,[],[]
35980670,35981470,NA,CXF,0.0,1030,pause,NA,NA,NA,NA,0.0,0,-40.32,-32.73,[],0,0,[],[]
35981470,35982630,NA,TVN,0.0,1030,pause,NA,NA,NA,NA,0.0,0,-43.59,-36.14,[],0,0,[],[]
35982630,35986160,NA,CXF,0.0,1030,pause,NA,NA,NA,NA,0.0,0,-40.67,-30.71,[],0,0,[],[]
35986160,35987970,NA,TVF,0.0,1030,pause,NA,NA,NA,NA,0.0,0,-40.08,-31.38,[],0,0,[],[]
35987970,35989420,NA,OLF,0.0,1030,pause,NA,NA,NA,NA,0.0,0,-29.41,-10.54,[],0,0,[],[]
35989420,35990530,MAL,MAN,8.43,1030,AIOCM,BC,0,NT,FI,0.0,0,-41.43,-32.36,[],0,0,[],[]
35990530,35992530,OCH,CXN,0.0,1030,AIOCM,RC,0,NT,FI,0.0,0,-41.52,-33.01,[],0,0,[],[]
35992530,35993870,NA,TVN,0.0,1030,AIOCM,NA,NA,NA,NA,0.0,0,-44.55,-33.2,[],0,0,[],[]
35993870,35995900,OCH,CXN,0.0,1030,AIOCM,RC,0,NT,FH,0.0,0,-42.93,-32.7,[],0,0,[],[]
35995900,35997660,NA,TVN,0.0,1030,AIOCM,NA,NA,NA,NA,0.0,0,-43.16,-31.95,[],0,0,[],[]
35997660,35998780,OCH,CXN,0.0,1030,AIOCM,RC,0,NT,FH,0.0,0,-44.17,-33.13,[],0,0,[],[]
35998780,36000170,NA,TVN,0.0,1030,AIOCM,NA,NA,NA,NA,0.0,0,-43.2,-31.96,[],0,0,[],[]
36000170,36001030,OCH,CXN,0.0,1030,AIOCM,RC,0,NT,FH,0.0,0,-42.42,-34.63,[],0,0,[],[]
36001030,36003800,NA,TVN,0.0,1030,AIOCM,NA,NA,NA,NA,0.0,0,-45.64,-36.86,[],0,0,[],[]
36003800,36004800,OCH,CXN,0.0,1030,AIOCM,RC,0,NT,FH,0.0,0,-44.74,-36.28,[],0,0,[],[]
36004800,36005870,NA,CXF,0.0,1030,AIOCM,NA,NA,NA,NA,0.0,0,-41.44,-29.94,[],0,0,[],[]
36005870,36007110,NA,TVF,0.0,1030,AIOCM,NA,NA,NA,NA,0.0,0,-44.23,-37.74,[],0,0,[],[]
36007110,36008160,NA,OLF,0.0,1030,AIOCM,NA,NA,NA,NA,0.0,0,-36.49,-31.21,[],0,0,[],[]
36008160,36009630,NA,SIL,0.0,1030,AIOCM,NA,NA,NA,NA,0.0,0,-49.35,-39.01,[],0,0,[],[]
36009630,36011890,OCH,CXN,0.0,1030,AIOCM,EC,0,NT,FH,0.0,0,-46.44,-34.66,[],0,0,[],[]
36011890,36013100,NA,TVN,0.0,1031,pause,NA,NA,NA,NA,0.0,0,-40.75,-31.39,[],0,0,[],[]
36013100,36014610,NA,SIL,0.0,1031,pause,NA,NA,NA,NA,0.0,0,-56.41,-46.45,[],0,0,[],[]
36014610,36016960,NA,TVN,0.0,1031,pause,NA,NA,NA,NA,0.0,0,-41.77,-31.11,[],0,0,[],[]
36016960,36017860,NA,SIL,0.0,1031,pause,NA,NA,NA,NA,0.0,0,-51.92,-42.75,[],0,0,[],[]
36017860,36018820,NA,TVF,0.0,1031,pause,NA,NA,NA,NA,0.0,0,-46.43,-38.69,[],0,0,[],[]
36018820,36019790,NA,SIL,0.0,1031,pause,NA,NA,NA,NA,0.0,0,-50.12,-44.93,[],0,0,[],[]
36019790,36020940,NA,TVN,0.0,1031,pause,NA,NA,NA,NA,0.0,0,-40.26,-31.33,[],0,0,[],[]
36020940,36023110,OCH,CXN,0.0,1031,XIOCA,BC,0,NT,FI,0.0,0,-41.64,-30.55,[],0,0,[],[]
36023110,36023910,NA,SIL,0.0,1031,XIOCA,NA,NA,NA,NA,0.0,0,-53.73,-43.7,[],0,0,[],[]
36023910,36024880,OCH,CXN,0.0,1031,XIOCA,RC,0,NT,FH,0.0,0,-44.1,-34.01,[],0,0,[],[]
36024880,36026030,NA,TVF,0.0,1031,XIOCA,NA,NA,NA,NA,0.0,0,-45.65,-34.99,[],0,0,[],[]
36026030,36026850,NA,NON,0.0,1031,XIOCA,NA,NA,NA,NA,0.0,0,-45.9,-35.23,[],0,0,[],[]
36026850,36028230,NA,TVN,0.0,1031,XIOCA,NA,NA,NA,NA,0.0,0,-40.35,-31.45,[],0,0,[],[]
36028230,36029030,OCH,CXN,0.0,1031,XIOCA,RC,0,NT,FH,0.0,0,-40.37,-32.39,[],0,0,[],[]
36029030,36029830,NA,SIL,0.0,1031,XIOCA,NA,NA,NA,NA,0.0,0,-50.21,-37.71,[],0,0,[],[]
36029830,36030840,OCH,CXN,0.0,1031,XIOCA,RC,0,NT,FH,0.0,0,-42.37,-31.08,[],0,0,[],[]
36030840,36031850,NA,TVN,0.0,1031,XIOCA,NA,NA,NA,NA,0.0,0,-46.22,-35.93,[],0,0,[],[]
36031850,36032700,NA,SIL,0.0,1031,XIOCA,NA,NA,NA,NA,0.0,0,-58.59,-51.21,[],0,0,[],[]
36032700,36034660,NA,TVN,0.0,1031,XIOCA,NA,NA,NA,NA,0.0,0,-47.51,-38.25,[],0,0,[],[]
36034660,36035930,MAL,MAN,2.55,1031,XIOCA,EC,0,NT,FI,0.0,0,-46.0,-34.97,[],0,0,[],[]
36035930,36037690,NA,TVN,0.0,1032,pause,NA,NA,NA,NA,0.0,0,-44.8,-33.92,[],0,0,[],[]
36037690,36039040,NA,SIL,0.0,1032,pause,NA,NA,NA,NA,0.0,0,-52.98,-46.77,[],0,0,[],[]
36039040,36040010,NA,CXF,0.0,1032,pause,NA,NA,NA,NA,0.0,0,-44.39,-34.84,[],0,0,[],[]
36040010,36043350,NA,TVF,0.0,1032,pause,NA,NA,NA,NA,0.0,0,-44.19,-30.72,[],0,0,[],[]
36043350,36044670,FEM,FAN,5.95,1032,AMF,EC,0,NT,FI,0.0,0,-40.63,-31.94,[],0,0,[],[]
36044670,36047280,NA,TVN,0.0,1033,pause,NA,NA,NA,NA,0.0,0,-42.87,-31.02,[],0,0,[],[]
36047280,36048350,NA,SIL,0.0,1033,pause,NA,NA,NA,NA,0.0,0,-54.48,-44.24,[],0,0,[],[]
36048350,36049590,NA,TVF,0.0,1033,pause,NA,NA,NA,NA,0.0,0,-47.76,-36.73,[],0,0,[],[]
36049590,36050940,NA,FAF,0.0,1033,pause,NA,NA,NA,NA,0.0,0,-40.95,-32.31,[],0,0,[],[]
36050940,36052360,NA,TVF,0.0,1033,pause,NA,NA,NA,NA,0.0,0,-42.5,-34.29,[],0,0,[],[]
36052360,36056300,FEM,FAN,10.16,1033,AIOCCXF,BC,0,NT,FI,0.0,0,-32.66,-21.06,[],0,0,[],[]
36056300,36058980,OCH,CXN,0.0,1033,AIOCCXF,RC,0,NT,FI,0.0,0,-43.5,-33.74,[],0,0,[],[]
36058980,36059580,FEM,FAN,1.42,1033,AIOCCXF,RC,0,NT,FI,0.0,0,-24.93,-18.53,[],0,0,[],[]
36059580,36060710,OCH,CXN,0.0,1033,AIOCCXF,RC,0,NT,FI,0.0,0,-40.65,-32.39,[],0,0,[],[]
36060710,36061710,FEM,FAN,6.58,1033,AIOCCXF,RC,0,NT,FI,0.0,0,-44.03,-33.16,[],0,0,[],[]
36061710,36068720,OCH,CXN,0.0,1033,AIOCCXF,RC,0,NT,FI,0.0,0,-43.8,-34.98,[],0,0,[],[]
36068720,36070640,FEM,FAN,8.44,1033,AIOCCXF,RC,0,NT,FI,0.0,0,-43.86,-35.05,[],0,0,[],[]
36070640,36071440,OCH,CXN,0.0,1033,AIOCCXF,RC,0,NT,FI,0.0,0,-40.68,-33.21,[],0,0,[],[]
36071440,36072510,FEM,FAN,3.86,1033,AIOCCXF,RC,0,NT,FI,0.0,0,-39.53,-33.13,[],0,0,[],[]
36072510,36077840,OCH,CXN,0.0,1033,AIOCCXF,RC,0,NT,FI,0.0,0,-42.88,-32.91,[],0,0,[],[]
36077840,36078640,NA,SIL,0.0,1033,AIOCCXF,NA,NA,NA,NA,0.0,0,-49.43,-41.7,[],0,0,[],[]
36078640,36079940,NA,TVF,0.0,1033,AIOCCXF,NA,NA,NA,NA,0.0,0,-43.78,-36.99,[],0,0,[],[]
36079940,36080940,MAL,MAN,1.65,1033,AIOCCXF,RC,0,NT,FI,0.0,0,-43.85,-35.98,[],0,0,[],[]
36080940,36081940,NA,TVF,0.0,1033,AIOCCXF,NA,NA,NA,NA,0.0,0,-46.91,-38.61,[],0,0,[],[]
36081940,36083810,OCH,CXN,0.0,1033,AIOCCXF,RC,0,NT,FI,0.0,0,-41.67,-30.93,[],0,0,[],[]
36083810,36086200,NA,OLF,0.0,1033,AIOCCXF,NA,NA,NA,NA,0.0,0,-24.37,-3.38,[],0,0,[],[]
36086200,36087000,OCH,CXN,0.0,1033,AIOCCXF,RC,0,NT,FH,0.0,0,-37.4,-32.85,[],0,0,[],[]
36087000,36087800,NA,OLN,0.0,1033,AIOCCXF,NA,NA,NA,NA,0.0,0,-32.97,-28.78,[],0,0,[],[]
36087800,36089270,FEM,FAN,0.0,1033,AIOCCXF,NA,NA,NA,NA,0.0,0,-30.47,-25.75,[],1470,0,[],[]
36089270,36090070,OCH,CXN,0.0,1033,AIOCCXF,RC,0,NT,FH,0.0,0,-29.01,-24.68,[],0,0,[],[]
36090070,36091150,FEM,FAN,0.0,1033,AIOCCXF,NA,NA,NA,NA,0.0,0,-30.56,-25.8,[],1080,0,[],[]
36091150,36094020,NA,OLN,0.0,1033,AIOCCXF,NA,NA,NA,NA,0.0,0,-30.44,-24.35,[],0,0,[],[]
36094020,36094920,NA,NON,0.0,1033,AIOCCXF,NA,NA,NA,NA,0.0,0,-30.7,-25.55,[],0,0,[],[]
36094920,36095530,CHI,CHN,0.0,1033,AIOCCXF,EC,0,NT,FI,1.0,610,-31.58,-25.07,"[{'Canonical-syllable': '0', 'Growl': '1', 'High-freq-energy': '1', 'Long-island': '0', 'Low-tilt-spectrum': '1', 'Medium-island': '1', 'Short-island': '0', 'Squeal': '0', 'Typical-entropy': '1', 'Voicing-quality': '1', 'Wide-band': '0', 'Xlong-island': '0', 'seq': '1', 'end': 36095.53, 'start': 36094.92}]",0,0,[],[]
36095530,36097890,NA,OLN,0.0,1034,pause,NA,NA,NA,NA,0.0,0,-30.03,-23.18,[],0,0,[],[]
36097890,36098730,NA,NON,0.0,1034,pause,NA,NA,NA,NA,0.0,0,-30.16,-26.5,[],0,0,[],[]
36098730,36099950,NA,OLN,0.0,1034,pause,NA,NA,NA,NA,0.0,0,-32.94,-26.26,[],0,0,[],[]
36099950,36100900,NA,NON,0.0,1034,pause,NA,NA,NA,NA,0.0,0,-29.02,-23.72,[],0,0,[],[]
36100900,36101870,NA,OLN,0.0,1034,pause,NA,NA,NA,NA,0.0,0,-32.23,-26.97,[],0,0,[],[]
36101870,36103920,NA,NON,0.0,1034,pause,NA,NA,NA,NA,0.0,0,-31.22,-24.51,[],0,0,[],[]
36103920,36104720,NA,OLN,0.0,1034,pause,NA,NA,NA,NA,0.0,0,-31.38,-26.14,[],0,0,[],[]
36104720,36106100,NA,NON,0.0,1034,pause,NA,NA,NA,NA,0.0,0,-33.17,-27.21,[],0,0,[],[]
36106100,36107370,NA,OLN,0.0,1034,pause,NA,NA,NA,NA,0.0,0,-33.7,-26.13,[],0,0,[],[]
36107370,36108170,NA,NON,0.0,1034,pause,NA,NA,NA,NA,0.0,0,-34.57,-26.95,[],0,0,[],[]
36108170,36109990,NA,OLN,0.0,1034,pause,NA,NA,NA,NA,0.0,0,-33.62,-27.55,[],0,0,[],[]
36109990,36112080,NA,NON,0.0,1034,pause,NA,NA,NA,NA,0.0,0,-34.27,-26.23,[],0,0,[],[]
36112080,36113120,NA,OLN,0.0,1034,pause,NA,NA,NA,NA,0.0,0,-35.14,-26.42,[],0,0,[],[]
36113120,36113720,OCH,CXN,0.0,1034,XM,EC,0,NT,FI,0.0,0,-32.26,-26.27,[],0,0,[],[]
36113720,36115280,NA,OLN,0.0,1035,pause,NA,NA,NA,NA,0.0,0,-33.08,-26.96,[],0,0,[],[]
36115280,36116790,NA,TVN,0.0,1035,pause,NA,NA,NA,NA,0.0,0,-45.48,-42.13,[],0,0,[],[]
36116790,36117790,NA,FAF,0.0,1035,pause,NA,NA,NA,NA,0.0,0,-36.71,-28.85,[],0,0,[],[]
36117790,36119480,NA,OLF,0.0,1035,pause,NA,NA,NA,NA,0.0,0,-41.19,-35.47,[],0,0,[],[]
36119480,36121070,NA,TVF,0.0,1035,pause,NA,NA,NA,NA,0.0,0,-42.99,-36.04,[],0,0,[],[]
36121070,36121870,NA,OLF,0.0,1035,pause,NA,NA,NA,NA,0.0,0,-39.43,-30.64,[],0,0,[],[]
36121870,36122670,NA,CXF,0.0,1035,pause,NA,NA,NA,NA,0.0,0,-37.57,-30.86,[],0,0,[],[]
36122670,36123830,NA,TVN,0.0,1035,pause,NA,NA,NA,NA,0.0,0,-39.13,-33.68,[],0,0,[],[]
36123830,36128170,NA,OLF,0.0,1035,pause,NA,NA,NA,NA,0.0,0,-34.91,-15.07,[],0,0,[],[]
36128170,36129700,NA,TVF,0.0,1035,pause,NA,NA,NA,NA,0.0,0,-45.5,-39.17,[],0,0,[],[]
36129700,36130870,NA,SIL,0.0,1035,pause,NA,NA,NA,NA,0.0,0,-46.5,-38.79,[],0,0,[],[]
36130870,36132240,OCH,CXN,0.0,1035,XM,EC,0,NT,FI,0.0,0,-24.89,-11.3,[],0,0,[],[]
36132240,36133390,NA,OLN,0.0,1036,pause,NA,NA,NA,NA,0.0,0,-22.54,-10.38,[],0,0,[],[]
36133390,36134510,NA,FAF,0.0,1036,pause,NA,NA,NA,NA,0.0,0,-48.8,-41.18,[],0,0,[],[]
36134510,36137260,NA,SIL,0.0,1036,pause,NA,NA,NA,NA,0.0,0,-51.26,-45.76,[],0,0,[],[]
36137260,36138060,NA,OLF,0.0,1036,pause,NA,NA,NA,NA,0.0,0,-41.41,-34.7,[],0,0,[],[]
36138060,36139070,FEM,FAN,0.0,1036,pause,NA,NA,NA,NA,0.0,0,-31.93,-26.38,[],1010,0,[],[]
36139070,36142670,NA,OLN,0.0,1036,pause,NA,NA,NA,NA,0.0,0,-32.21,-23.26,[],0,0,[],[]
36142670,36143680,OCH,CXN,0.0,1036,XM,EC,0,NT,FI,0.0,0,-32.7,-26.57,[],0,0,[],[]
36143680,36144920,NA,OLN,0.0,1037,pause,NA,NA,NA,NA,0.0,0,-33.89,-25.08,[],0,0,[],[]
36144920,36146280,NA,TVN,0.0,1037,pause,NA,NA,NA,NA,0.0,0,-41.61,-34.71,[],0,0,[],[]
36146280,36147080,NA,SIL,0.0,1037,pause,NA,NA,NA,NA,0.0,0,-49.4,-42.91,[],0,0,[],[]
36147080,36148640,NA,OLN,0.0,1037,pause,NA,NA,NA,NA,0.0,0,-30.35,-24.99,[],0,0,[],[]
36148640,36149440,NA,NOF,0.0,1037,pause,NA,NA,NA,NA,0.0,0,-39.35,-27.43,[],0,0,[],[]
36149440,36150040,NA,CHF,0.0,1037,CIC,BC,0,TIFI,FI,1.0,600,-38.53,-26.77,"[{'Canonical-syllable': '0', 'Growl': '1', 'High-freq-energy': '1', 'Long-island': '0', 'Low-tilt-spectrum': '2', 'Medium-island': '0', 'Short-island': '2', 'Squeal': '0', 'Typical-entropy': '1', 'Voicing-quality': '0', 'Wide-band': '0', 'Xlong-island': '0', 'seq': '1', 'end': 36150.04, 'start': 36149.44}]",0,0,[],[]
36150040,36150850,NA,NOF,0.0,1037,CIC,NA,NA,NA,NA,0.0,0,-40.32,-32.75,[],0,0,[],[]
36150850,36151850,FEM,FAN,2.59,1037,CIC,RC,1,TIFR,FI,0.0,0,-32.53,-24.9,[],0,0,[],[]
36151850,36152980,OCH,CXN,0.0,1037,CIC,RC,1,NT,FI,0.0,0,-33.39,-25.28,[],0,0,[],[]
36152980,36153830,NA,OLN,0.0,1037,CIC,NA,NA,NA,NA,0.0,0,-29.43,-21.59,[],0,0,[],[]
36153830,36154830,OCH,CXN,0.0,1037,CIC,RC,1,NT,FH,0.0,0,-27.25,-20.78,[],0,0,[],[]
36154830,36156970,NA,OLN,0.0,1037,CIC,NA,NA,NA,NA,0.0,0,-34.62,-26.25,[],0,0,[],[]
36156970,36157820,OCH,CXN,0.0,1037,CIC,RC,1,NT,FH,0.0,0,-35.52,-28.2,[],0,0,[],[]
36157820,36159060,NA,OLN,0.0,1037,CIC,NA,NA,NA,NA,0.0,0,-28.07,-17.11,[],0,0,[],[]
36159060,36160440,OCH,CXN,0.0,1037,CIC,RC,1,NT,FH,0.0,0,-34.31,-24.53,[],0,0,[],[]
36160440,36161260,NA,OLN,0.0,1037,CIC,NA,NA,NA,NA,0.0,0,-35.78,-27.19,[],0,0,[],[]
36161260,36162080,OCH,CXN,0.0,1037,CIC,RC,1,NT,FH,0.0,0,-34.54,-25.97,[],0,0,[],[]
36162080,36164890,NA,OLN,0.0,1037,CIC,NA,NA,NA,NA,0.0,0,-35.52,-26.38,[],0,0,[],[]
36164890,36166090,FEM,FAN,0.23,1037,CIC,RC,1,NT,FI,0.0,0,-33.88,-23.94,[],0,0,[],[]
36166090,36166920,NA,OLN,0.0,1037,CIC,NA,NA,NA,NA,0.0,0,-34.03,-28.56,[],0,0,[],[]
36166920,36168640,FEM,FAN,4.41,1037,CIC,RC,1,NT,FH,0.0,0,-34.92,-26.01,[],0,0,[],[]
36168640,36169440,NA,OLN,0.0,1037,CIC,NA,NA,NA,NA,0.0,0,-32.84,-24.85,[],0,0,[],[]
36169440,36171710,FEM,FAN,4.82,1037,CIC,RC,1,NT,FH,0.0,0,-36.98,-26.44,[],0,0,[],[]
36171710,36172510,OCH,CXN,0.0,1037,CIC,RC,1,NT,FI,0.0,0,-34.3,-26.04,[],0,0,[],[]
36172510,36174610,NA,OLN,0.0,1037,CIC,NA,NA,NA,NA,0.0,0,-33.77,-23.5,[],0,0,[],[]
36174610,36175450,OCH,CXN,0.0,1037,CIC,RC,1,NT,FH,0.0,0,-35.53,-27.85,[],0,0,[],[]
36175450,36176650,NA,OLN,0.0,1037,CIC,NA,NA,NA,NA,0.0,0,-37.19,-27.9,[],0,0,[],[]
36176650,36178090,FEM,FAN,3.94,1037,CIC,RC,1,NT,FI,0.0,0,-37.79,-28.78,[],0,0,[],[]
36178090,36179210,OCH,CXN,0.0,1037,CIC,RC,1,NT,FI,0.0,0,-34.77,-27.73,[],0,0,[],[]
36179210,36180020,NA,OLN,0.0,1037,CIC,NA,NA,NA,NA,0.0,0,-32.46,-26.06,[],0,0,[],[]
36180020,36182010,OCH,CXN,0.0,1037,CIC,RC,1,NT,FH,0.0,0,-34.98,-25.44,[],0,0,[],[]
36182010,36183380,NA,OLN,0.0,1037,CIC,NA,NA,NA,NA,0.0,0,-31.34,-23.72,[],0,0,[],[]
36183380,36185360,OCH,CXN,0.0,1037,CIC,RC,1,NT,FH,0.0,0,-35.56,-24.33,[],0,0,[],[]
36185360,36186160,NA,OLN,0.0,1037,CIC,NA,NA,NA,NA,0.0,0,-31.65,-24.07,[],0,0,[],[]
36186160,36187180,FEM,FAN,1.52,1037,CIC,RC,1,NT,FI,0.0,0,-31.76,-24.43,[],0,0,[],[]
36187180,36188000,OCH,CXN,0.0,1037,CIC,RC,1,NT,FI,0.0,0,-34.72,-25.93,[],0,0,[],[]
36188000,36188800,NA,OLF,0.0,1037,CIC,NA,NA,NA,NA,0.0,0,-40.86,-25.93,[],0,0,[],[]
36188800,36190400,OCH,CXN,0.0,1037,CIC,RC,1,NT,FH,0.0,0,-32.43,-25.07,[],0,0,[],[]
36190400,36191530,FEM,FAN,3.69,1037,CIC,RC,1,NT,FI,0.0,0,-33.36,-23.62,[],0,0,[],[]
36191530,36192330,OCH,CXN,0.0,1037,CIC,RC,1,NT,FI,0.0,0,-33.95,-22.83,[],0,0,[],[]
36192330,36193660,NA,OLN,0.0,1037,CIC,NA,NA,NA,NA,0.0,0,-38.67,-28.4,[],0,0,[],[]
36193660,36194540,OCH,CXN,0.0,1037,CIC,RC,1,NT,FH,0.0,0,-31.94,-26.15,[],0,0,[],[]
36194540,36196240,NA,OLN,0.0,1037,CIC,NA,NA,NA,NA,0.0,0,-36.07,-29.46,[],0,0,[],[]
36196240,36197040,OCH,CXN,0.0,1037,CIC,RC,1,NT,FH,0.0,0,-31.38,-25.43,[],0,0,[],[]
36197040,36198340,NA,OLN,0.0,1037,CIC,NA,NA,NA,NA,0.0,0,-31.33,-25.04,[],0,0,[],[]
36198340,36199440,OCH,CXN,0.0,1037,CIC,RC,1,NT,FH,0.0,0,-30.34,-22.3,[],0,0,[],[]
36199440,36200330,NA,OLN,0.0,1037,CIC,NA,NA,NA,NA,0.0,0,-38.11,-31.17,[],0,0,[],[]
36200330,36201150,OCH,CXN,0.0,1037,CIC,RC,1,NT,FH,0.0,0,-29.68,-24.08,[],0,0,[],[]
36201150,36201960,NA,OLN,0.0,1037,CIC,NA,NA,NA,NA,0.0,0,-36.0,-27.95,[],0,0,[],[]
36201960,36203180,OCH,CXN,0.0,1037,CIC,RC,1,NT,FH,0.0,0,-32.04,-24.75,[],0,0,[],[]
36203180,36203980,NA,OLN,0.0,1037,CIC,NA,NA,NA,NA,0.0,0,-30.53,-23.63,[],0,0,[],[]
36203980,36204820,OCH,CXN,0.0,1037,CIC,RC,1,NT,FH,0.0,0,-29.55,-23.9,[],0,0,[],[]
36204820,36206650,NA,OLN,0.0,1037,CIC,NA,NA,NA,NA,0.0,0,-32.47,-24.08,[],0,0,[],[]
36206650,36208900,OCH,CXN,0.0,1037,CIC,RC,1,NT,FH,0.0,0,-28.38,-23.3,[],0,0,[],[]
36208900,36210230,NA,NON,0.0,1037,CIC,NA,NA,NA,NA,0.0,0,-29.08,-24.17,[],0,0,[],[]
36210230,36211200,NA,OLN,0.0,1037,CIC,NA,NA,NA,NA,0.0,0,-30.84,-26.41,[],0,0,[],[]
36211200,36212480,NA,NON,0.0,1037,CIC,NA,NA,NA,NA,0.0,0,-29.83,-24.82,[],0,0,[],[]
36212480,36213290,CHI,CHN,0.0,1037,CIC,RC,1,NT,FI,1.0,810,-31.26,-28.17,"[{'Canonical-syllable': '0', 'Growl': '0', 'High-freq-energy': '1', 'Long-island': '1', 'Low-tilt-spectrum': '1', 'Medium-island': '0', 'Short-island': '0', 'Squeal': '0', 'Typical-entropy': '1', 'Voicing-quality': '1', 'Wide-band': '0', 'Xlong-island': '0', 'seq': '1', 'end': 36213.29, 'start': 36212.48}]",0,0,[],[]
36213290,36214110,NA,OLN,0.0,1037,CIC,NA,NA,NA,NA,0.0,0,-30.08,-25.45,[],0,0,[],[]
36214110,36214920,OCH,CXN,0.0,1037,CIC,RC,1,NT,FI,0.0,0,-30.51,-26.07,[],0,0,[],[]
36214920,36218190,NA,OLN,0.0,1037,CIC,NA,NA,NA,NA,0.0,0,-32.96,-26.88,[],0,0,[],[]
36218190,36219030,OCH,CXN,0.0,1037,CIC,EC,1,NT,FH,0.0,0,-29.94,-25.99,[],0,0,[],[]
36219030,36220250,NA,OLN,0.0,1038,pause,NA,NA,NA,NA,0.0,0,-30.53,-26.33,[],0,0,[],[]
36220250,36221310,NA,NON,0.0,1038,pause,NA,NA,NA,NA,0.0,0,-28.95,-24.33,[],0,0,[],[]
36221310,36222230,NA,OLN,0.0,1038,pause,NA,NA,NA,NA,0.0,0,-29.63,-25.34,[],0,0,[],[]
36222230,36225700,NA,NON,0.0,1038,pause,NA,NA,NA,NA,0.0,0,-35.25,-28.7,[],0,0,[],[]
36225700,36228140,NA,OLN,0.0,1038,pause,NA,NA,NA,NA,0.0,0,-31.11,-26.24,[],0,0,[],[]
36228140,36228940,NA,NON,0.0,1038,pause,NA,NA,NA,NA,0.0,0,-30.32,-27.62,[],0,0,[],[]
36228940,36230430,NA,OLN,0.0,1038,pause,NA,NA,NA,NA,0.0,0,-33.76,-28.69,[],0,0,[],[]
36230430,36231300,NA,NON,0.0,1038,pause,NA,NA,NA,NA,0.0,0,-29.04,-26.87,[],0,0,[],[]
36231300,36232420,NA,OLN,0.0,1038,pause,NA,NA,NA,NA,0.0,0,-29.74,-26.23,[],0,0,[],[]
36232420,36233800,NA,NON,0.0,1038,pause,NA,NA,NA,NA,0.0,0,-30.66,-25.12,[],0,0,[],[]
36233800,36234670,NA,OLN,0.0,1038,pause,NA,NA,NA,NA,0.0,0,-33.72,-29.88,[],0,0,[],[]
36234670,36235470,NA,NON,0.0,1038,pause,NA,NA,NA,NA,0.0,0,-33.08,-27.86,[],0,0,[],[]
36235470,36237980,NA,OLN,0.0,1038,pause,NA,NA,NA,NA,0.0,0,-29.35,-22.03,[],0,0,[],[]
36237980,36238780,NA,NON,0.0,1038,pause,NA,NA,NA,NA,0.0,0,-27.09,-16.79,[],0,0,[],[]
36238780,36242490,NA,OLN,0.0,1038,pause,NA,NA,NA,NA,0.0,0,-31.09,-22.98,[],0,0,[],[]
36242490,36243290,NA,NON,0.0,1038,pause,NA,NA,NA,NA,0.0,0,-35.82,-30.77,[],0,0,[],[]
36243290,36244630,NA,OLN,0.0,1038,pause,NA,NA,NA,NA,0.0,0,-25.86,-19.9,[],0,0,[],[]
36244630,36245430,NA,NON,0.0,1038,pause,NA,NA,NA,NA,0.0,0,-36.13,-32.28,[],0,0,[],[]
36245430,36246030,CHI,CHN,0.0,1038,pause,NA,NA,NA,NA,0.0,0,-30.5,-22.54,[],0,600,[],"[{'start': 36245.43, 'end': 36246.03}]"
36246030,36247060,NA,NON,0.0,1038,pause,NA,NA,NA,NA,0.0,0,-33.14,-22.22,[],0,0,[],[]
36247060,36249520,NA,OLN,0.0,1038,pause,NA,NA,NA,NA,0.0,0,-32.39,-23.7,[],0,0,[],[]
36249520,36250880,NA,NON,0.0,1038,pause,NA,NA,NA,NA,0.0,0,-29.81,-24.64,[],0,0,[],[]
36250880,36252420,NA,OLN,0.0,1038,pause,NA,NA,NA,NA,0.0,0,-30.31,-27.82,[],0,0,[],[]
36252420,36253030,CHI,CHN,0.0,1038,CM,EC,0,NT,FI,1.0,610,-31.25,-23.13,"[{'Canonical-syllable': '0', 'Growl': '1', 'High-freq-energy': '1', 'Long-island': '0', 'Low-tilt-spectrum': '1', 'Medium-island': '1', 'Short-island': '0', 'Squeal': '0', 'Typical-entropy': '1', 'Voicing-quality': '1', 'Wide-band': '0', 'Xlong-island': '0', 'seq': '1', 'end': 36253.03, 'start': 36252.42}]",0,0,[],[]
36253030,36253920,NA,OLN,0.0,1039,pause,NA,NA,NA,NA,0.0,0,-27.23,-22.78,[],0,0,[],[]
36253920,36254950,NA,NON,0.0,1039,pause,NA,NA,NA,NA,0.0,0,-29.09,-25.1,[],0,0,[],[]
36254950,36257940,NA,OLN,0.0,1039,pause,NA,NA,NA,NA,0.0,0,-30.54,-23.26,[],0,0,[],[]
36257940,36258740,NA,NON,0.0,1039,pause,NA,NA,NA,NA,0.0,0,-30.35,-26.52,[],0,0,[],[]
36258740,36262810,NA,OLN,0.0,1039,pause,NA,NA,NA,NA,0.0,0,-28.54,-23.02,[],0,0,[],[]
36262810,36263630,NA,NON,0.0,1039,pause,NA,NA,NA,NA,0.0,0,-25.28,-22.96,[],0,0,[],[]
36263630,36264470,OCH,CXN,0.0,1039,XM,BC,0,NT,FI,0.0,0,-28.26,-24.06,[],0,0,[],[]
36264470,36265270,NA,OLN,0.0,1039,XM,NA,NA,NA,NA,0.0,0,-27.97,-24.52,[],0,0,[],[]
36265270,36266070,NA,NON,0.0,1039,XM,NA,NA,NA,NA,0.0,0,-31.82,-26.34,[],0,0,[],[]
36266070,36266870,OCH,CXN,0.0,1039,XM,EC,0,NT,FH,0.0,0,-27.52,-24.54,[],0,0,[],[]
36266870,36268260,NA,OLN,0.0,1040,pause,NA,NA,NA,NA,0.0,0,-27.93,-20.37,[],0,0,[],[]
36268260,36269200,NA,NON,0.0,1040,pause,NA,NA,NA,NA,0.0,0,-34.63,-28.06,[],0,0,[],[]
36269200,36270000,NA,OLN,0.0,1040,pause,NA,NA,NA,NA,0.0,0,-36.99,-31.16,[],0,0,[],[]
36270000,36271940,NA,NOF,0.0,1040,pause,NA,NA,NA,NA,0.0,0,-41.86,-34.82,[],0,0,[],[]
36271940,36275910,NA,OLN,0.0,1040,pause,NA,NA,NA,NA,0.0,0,-36.1,-28.27,[],0,0,[],[]
36275910,36276740,NA,NOF,0.0,1040,pause,NA,NA,NA,NA,0.0,0,-41.48,-37.64,[],0,0,[],[]
36276740,36280900,NA,OLN,0.0,1040,pause,NA,NA,NA,NA,0.0,0,-33.1,-22.56,[],0,0,[],[]
36280900,36282240,OCH,CXN,0.0,1040,XIOCA,BC,0,NT,FI,0.0,0,-34.86,-27.35,[],0,0,[],[]
36282240,36283150,NA,OLN,0.0,1040,XIOCA,NA,NA,NA,NA,0.0,0,-34.15,-27.92,[],0,0,[],[]
36283150,36284460,FEM,FAN,1.25,1040,XIOCA,RC,0,NT,FI,0.0,0,-35.71,-29.42,[],0,0,[],[]
36284460,36285550,NA,OLF,0.0,1040,XIOCA,NA,NA,NA,NA,0.0,0,-39.26,-29.75,[],0,0,[],[]
36285550,36286430,OCH,CXN,0.0,1040,XIOCA,RC,0,NT,FI,0.0,0,-37.17,-29.5,[],0,0,[],[]
36286430,36290570,NA,OLN,0.0,1040,XIOCA,NA,NA,NA,NA,0.0,0,-35.95,-23.7,[],0,0,[],[]
36290570,36291690,OCH,CXN,0.0,1040,XIOCA,RC,0,NT,FH,0.0,0,-37.58,-24.85,[],0,0,[],[]
36291690,36292490,NA,SIL,0.0,1040,XIOCA,NA,NA,NA,NA,0.0,0,-51.06,-44.3,[],0,0,[],[]
36292490,36293400,NA,OLN,0.0,1040,XIOCA,NA,NA,NA,NA,0.0,0,-32.9,-24.7,[],0,0,[],[]
36293400,36294200,NA,FAF,0.0,1040,XIOCA,NA,NA,NA,NA,0.0,0,-43.69,-37.1,[],0,0,[],[]
36294200,36296070,OCH,CXN,0.0,1040,XIOCA,RC,0,NT,FH,0.0,0,-38.96,-30.46,[],0,0,[],[]
36296070,36297220,FEM,FAN,5.9,1040,XIOCA,RC,0,NT,FI,0.0,0,-34.14,-25.4,[],0,0,[],[]
36297220,36298030,OCH,CXN,0.0,1040,XIOCA,RC,0,NT,FI,0.0,0,-38.34,-30.42,[],0,0,[],[]
36298030,36299060,OCH,CXN,0.0,1040,XIOCA,RC,0,NT,FH,0.0,0,-38.04,-28.64,[],0,0,[],[]
36299060,36301190,NA,OLN,0.0,1040,XIOCA,NA,NA,NA,NA,0.0,0,-34.68,-27.09,[],0,0,[],[]
36301190,36303290,FEM,FAN,8.5,1040,XIOCA,RC,0,NT,FI,0.0,0,-35.82,-27.67,[],0,0,[],[]
36303290,36305000,NA,OLN,0.0,1040,XIOCA,NA,NA,NA,NA,0.0,0,-35.08,-25.1,[],0,0,[],[]
36305000,36306340,FEM,FAN,6.3,1040,XIOCA,RC,0,NT,FH,0.0,0,-36.54,-29.07,[],0,0,[],[]
36306340,36307370,OCH,CXN,0.0,1040,XIOCA,RC,0,NT,FI,0.0,0,-34.41,-23.64,[],0,0,[],[]
36307370,36308210,NA,OLN,0.0,1040,XIOCA,NA,NA,NA,NA,0.0,0,-33.88,-26.56,[],0,0,[],[]
36308210,36309090,OCH,CXN,0.0,1040,XIOCA,EC,0,NT,FH,0.0,0,-32.38,-27.81,[],0,0,[],[]
36309090,36311340,NA,OLN,0.0,1041,pause,NA,NA,NA,NA,0.0,0,-34.13,-26.33,[],0,0,[],[]
36311340,36311940,NA,FAF,0.0,1041,pause,NA,NA,NA,NA,0.0,0,-35.51,-28.81,[],0,0,[],[]
36311940,36316550,NA,OLN,0.0,1041,pause,NA,NA,NA,NA,0.0,0,-31.58,-15.18,[],0,0,[],[]
36316550,36317970,NA,TVF,0.0,1041,pause,NA,NA,NA,NA,0.0,0,-39.52,-31.04,[],0,0,[],[]
36317970,36334780,NA,OLN,0.0,1041,pause,NA,NA,NA,NA,0.0,0,-28.32,-5.51,[],0,0,[],[]
36334780,36335660,NA,NOF,0.0,1041,pause,NA,NA,NA,NA,0.0,0,-35.28,-24.08,[],0,0,[],[]
36335660,36337870,NA,OLN,0.0,1041,pause,NA,NA,NA,NA,0.0,0,-29.58,-14.05,[],0,0,[],[]
36337870,36338910,OCH,CXN,0.0,1041,XIOCA,BC,0,NT,FI,0.0,0,-30.63,-17.84,[],0,0,[],[]
36338910,36343610,NA,OLN,0.0,1041,XIOCA,NA,NA,NA,NA,0.0,0,-26.45,-15.38,[],0,0,[],[]
36343610,36344560,OCH,CXN,0.0,1041,XIOCA,RC,0,NT,FH,0.0,0,-30.82,-24.11,[],0,0,[],[]
36344560,36348400,NA,OLN,0.0,1041,XIOCA,NA,NA,NA,NA,0.0,0,-32.79,-21.07,[],0,0,[],[]
36348400,36349530,FEM,FAN,1.85,1041,XIOCA,RC,0,NT,FI,0.0,0,-31.03,-16.64,[],0,0,[],[]
36349530,36351210,CHI,CHN,0.0,1041,XIOCA,NA,NA,NA,NA,0.0,0,-22.8,-12.46,[],0,670,"[{'start': 36350.11, 'end': 36350.7}]","[{'start': 36350.7, 'end': 36350.78}]"
36351210,36352010,NA,NON,0.0,1041,XIOCA,NA,NA,NA,NA,0.0,0,-19.01,-12.82,[],0,0,[],[]
36352010,36352990,OCH,CXN,0.0,1041,XIOCA,RC,0,NT,FI,0.0,0,-31.46,-22.77,[],0,0,[],[]
36352990,36355910,NA,OLN,0.0,1041,XIOCA,NA,NA,NA,NA,0.0,0,-30.11,-16.95,[],0,0,[],[]
36355910,36357870,OCH,CXN,0.0,1041,XIOCA,RC,0,NT,FH,0.0,0,-29.54,-19.37,[],0,0,[],[]
36357870,36358890,OCH,CXN,0.0,1041,XIOCA,RC,0,NT,FH,0.0,0,-26.04,-15.5,[],0,0,[],[]
36358890,36359690,OCH,CXN,0.0,1041,XIOCA,RC,0,NT,FH,0.0,0,-27.97,-17.4,[],0,0,[],[]
36359690,36361560,NA,OLN,0.0,1041,XIOCA,NA,NA,NA,NA,0.0,0,-29.7,-15.62,[],0,0,[],[]
36361560,36362560,OCH,CXN,0.0,1041,XIOCA,RC,0,NT,FH,0.0,0,-28.03,-18.98,[],0,0,[],[]
36362560,36363380,OCH,CXN,0.0,1041,XIOCA,RC,0,NT,FH,0.0,0,-25.69,-14.79,[],0,0,[],[]
36363380,36365610,NA,OLN,0.0,1041,XIOCA,NA,NA,NA,NA,0.0,0,-26.37,-16.72,[],0,0,[],[]
36365610,36366610,OCH,CXN,0.0,1041,XIOCA,RC,0,NT,FH,0.0,0,-29.8,-20.76,[],0,0,[],[]
36366610,36367940,NA,OLN,0.0,1041,XIOCA,NA,NA,NA,NA,0.0,0,-28.04,-20.05,[],0,0,[],[]
36367940,36369000,OCH,CXN,0.0,1041,XIOCA,EC,0,NT,FH,0.0,0,-24.49,-21.93,[],0,0,[],[]
36369000,36371500,NA,OLN,0.0,1042,pause,NA,NA,NA,NA,0.0,0,-24.91,-17.48,[],0,0,[],[]
36371500,36372300,NA,NOF,0.0,1042,pause,NA,NA,NA,NA,0.0,0,-28.9,-25.11,[],0,0,[],[]
36372300,36374510,NA,OLN,0.0,1042,pause,NA,NA,NA,NA,0.0,0,-26.53,-16.81,[],0,0,[],[]
36374510,36375130,CHI,CHN,0.0,1042,CM,EC,0,NT,FI,1.0,620,-19.22,-15.31,"[{'Canonical-syllable': '0', 'Growl': '0', 'High-freq-energy': '1', 'Long-island': '0', 'Low-tilt-spectrum': '1', 'Medium-island': '1', 'Short-island': '0', 'Squeal': '1', 'Typical-entropy': '1', 'Voicing-quality': '1', 'Wide-band': '0', 'Xlong-island': '0', 'seq': '1', 'end': 36375.13, 'start': 36374.51}]",0,0,[],[]
36375130,36376410,NA,OLN,0.0,1043,pause,NA,NA,NA,NA,0.0,0,-31.8,-26.78,[],0,0,[],[]
36376410,36377740,NA,NOF,0.0,1043,pause,NA,NA,NA,NA,0.0,0,-24.1,-17.56,[],0,0,[],[]
36377740,36382940,NA,OLN,0.0,1043,pause,NA,NA,NA,NA,0.0,0,-31.26,-19.67,[],0,0,[],[]
36382940,36383750,OCH,CXN,0.0,1043,XM,BC,0,NT,FI,0.0,0,-32.33,-25.9,[],0,0,[],[]
36383750,36384580,NA,OLN,0.0,1043,XM,NA,NA,NA,NA,0.0,0,-29.94,-22.68,[],0,0,[],[]
36384580,36385380,OCH,CXN,0.0,1043,XM,EC,0,NT,FH,0.0,0,-18.35,-14.01,[],0,0,[],[]
36385380,36386720,NA,OLN,0.0,1044,pause,NA,NA,NA,NA,0.0,0,-24.93,-16.15,[],0,0,[],[]
36386720,36387520,NA,NON,0.0,1044,pause,NA,NA,NA,NA,0.0,0,-27.5,-18.65,[],0,0,[],[]
36387520,36392090,NA,OLN,0.0,1044,pause,NA,NA,NA,NA,0.0,0,-19.8,-5.7,[],0,0,[],[]
36392090,36396030,NA,NON,0.0,1044,pause,NA,NA,NA,NA,0.0,0,-19.68,-3.52,[],0,0,[],[]
36396030,36396630,CHI,CHN,0.0,1044,CM,EC,0,NT,FI,1.0,600,-25.62,-19.87,"[{'Canonical-syllable': '0', 'Growl': '1', 'High-freq-energy': '1', 'Long-island': '0', 'Low-tilt-spectrum': '1', 'Medium-island': '1', 'Short-island': '0', 'Squeal': '0', 'Typical-entropy': '1', 'Voicing-quality': '1', 'Wide-band': '0', 'Xlong-island': '0', 'seq': '1', 'end': 36396.63, 'start': 36396.03}]",0,0,[],[]
36396630,36398030,NA,NON,0.0,1045,pause,NA,NA,NA,NA,0.0,0,-25.28,-15.76,[],0,0,[],[]
36398030,36399120,NA,OLN,0.0,1045,pause,NA,NA,NA,NA,0.0,0,-29.26,-20.56,[],0,0,[],[]
36399120,36400020,NA,NON,0.0,1045,pause,NA,NA,NA,NA,0.0,0,-28.62,-21.35,[],0,0,[],[]
36400020,36404620,NA,OLN,0.0,1045,pause,NA,NA,NA,NA,0.0,0,-22.91,-6.14,[],0,0,[],[]
36404620,36406290,NA,NON,0.0,1045,pause,NA,NA,NA,NA,0.0,0,-23.56,-17.48,[],0,0,[],[]
36406290,36410190,NA,OLN,0.0,1045,pause,NA,NA,NA,NA,0.0,0,-21.86,-5.15,[],0,0,[],[]
36410190,36411380,NA,NON,0.0,1045,pause,NA,NA,NA,NA,0.0,0,-18.75,-8.59,[],0,0,[],[]
36411380,36414000,CHI,CHN,0.0,1045,CIOCX,BC,0,NT,FI,1.0,2620,-16.91,-9.4,"[{'Canonical-syllable': '0', 'Growl': '1', 'High-freq-energy': '1', 'Long-island': '0', 'Low-tilt-spectrum': '1', 'Medium-island': '0', 'Short-island': '0', 'Squeal': '0', 'Typical-entropy': '1', 'Voicing-quality': '1', 'Wide-band': '0', 'Xlong-island': '1', 'seq': '1', 'end': 36414.0, 'start': 36411.38}]",0,0,[],[]
36414000,36415530,NA,OLN,0.0,1045,CIOCX,NA,NA,NA,NA,0.0,0,-20.29,-9.96,[],0,0,[],[]
36415530,36416160,CHI,CHN,0.0,1045,CIOCX,RC,0,NT,FH,1.0,630,-13.66,-4.24,"[{'Canonical-syllable': '0', 'Growl': '1', 'High-freq-energy': '1', 'Long-island': '0', 'Low-tilt-spectrum': '1', 'Medium-island': '1', 'Short-island': '0', 'Squeal': '0', 'Typical-entropy': '1', 'Voicing-quality': '1', 'Wide-band': '0', 'Xlong-island': '0', 'seq': '1', 'end': 36416.16, 'start': 36415.53}]",0,0,[],[]
36416160,36417000,OCH,CXN,0.0,1045,CIOCX,RC,0,NT,FI,0.0,0,-22.66,-16.38,[],0,0,[],[]
36417000,36417830,NA,NON,0.0,1045,CIOCX,NA,NA,NA,NA,0.0,0,-15.99,-5.85,[],0,0,[],[]
36417830,36420060,NA,OLN,0.0,1045,CIOCX,NA,NA,NA,NA,0.0,0,-33.49,-23.85,[],0,0,[],[]
36420060,36420660,CHI,CHN,0.0,1045,CIOCX,RC,0,NT,FI,1.0,600,-26.77,-18.27,"[{'Canonical-syllable': '0', 'Growl': '1', 'High-freq-energy': '1', 'Long-island': '0', 'Low-tilt-spectrum': '1', 'Medium-island': '1', 'Short-island': '0', 'Squeal': '0', 'Typical-entropy': '1', 'Voicing-quality': '1', 'Wide-band': '0', 'Xlong-island': '0', 'seq': '1', 'end': 36420.66, 'start': 36420.06}]",0,0,[],[]
36420660,36421590,CHI,CHN,0.0,1045,CIOCX,EC,0,NT,FH,1.0,930,-26.67,-21.84,"[{'Canonical-syllable': '0', 'Growl': '0', 'High-freq-energy': '1', 'Long-island': '1', 'Low-tilt-spectrum': '1', 'Medium-island': '0', 'Short-island': '0', 'Squeal': '0', 'Typical-entropy': '1', 'Voicing-quality': '1', 'Wide-band': '0', 'Xlong-island': '0', 'seq': '1', 'end': 36421.59, 'start': 36420.66}]",0,0,[],[]
36421590,36422510,NA,OLN,0.0,1046,pause,NA,NA,NA,NA,0.0,0,-28.35,-24.01,[],0,0,[],[]
36422510,36423310,NA,NON,0.0,1046,pause,NA,NA,NA,NA,0.0,0,-27.21,-20.63,[],0,0,[],[]
36423310,36424320,NA,OLN,0.0,1046,pause,NA,NA,NA,NA,0.0,0,-27.75,-20.15,[],0,0,[],[]
36424320,36425120,NA,NON,0.0,1046,pause,NA,NA,NA,NA,0.0,0,-30.56,-25.86,[],0,0,[],[]
36425120,36426580,NA,OLN,0.0,1046,pause,NA,NA,NA,NA,0.0,0,-28.78,-13.68,[],0,0,[],[]
36426580,36427810,NA,NON,0.0,1046,pause,NA,NA,NA,NA,0.0,0,-21.58,-11.15,[],0,0,[],[]
36427810,36429030,NA,OLN,0.0,1046,pause,NA,NA,NA,NA,0.0,0,-18.51,-6.16,[],0,0,[],[]
36429030,36429650,CHI,CHN,0.0,1046,CM,EC,0,NT,FI,1.0,620,-19.26,-11.64,"[{'Canonical-syllable': '0', 'Growl': '1', 'High-freq-energy': '2', 'Long-island': '0', 'Low-tilt-spectrum': '2', 'Medium-island': '1', 'Short-island': '0', 'Squeal': '0', 'Typical-entropy': '2', 'Voicing-quality': '0', 'Wide-band': '0', 'Xlong-island': '0', 'seq': '1', 'end': 36429.65, 'start': 36429.12}]",0,0,[],[]
36429650,36432070,NA,NON,0.0,1047,pause,NA,NA,NA,NA,0.0,0,-28.97,-20.05,[],0,0,[],[]
36432070,36432910,NA,OLN,0.0,1047,pause,NA,NA,NA,NA,0.0,0,-25.52,-12.33,[],0,0,[],[]
36432910,36433710,NA,NON,0.0,1047,pause,NA,NA,NA,NA,0.0,0,-24.73,-17.05,[],0,0,[],[]
36433710,36435390,NA,OLN,0.0,1047,pause,NA,NA,NA,NA,0.0,0,-28.48,-16.0,[],0,0,[],[]
36435390,36436260,NA,NON,0.0,1047,pause,NA,NA,NA,NA,0.0,0,-22.92,-14.86,[],0,0,[],[]
36436260,36438770,NA,OLN,0.0,1047,pause,NA,NA,NA,NA,0.0,0,-21.45,-6.45,[],0,0,[],[]
36438770,36439420,CHI,CHN,0.0,1047,CM,EC,0,NT,FI,1.0,560,-21.5,-8.48,"[{'Canonical-syllable': '0', 'Growl': '1', 'High-freq-energy': '1', 'Long-island': '0', 'Low-tilt-spectrum': '2', 'Medium-island': '1', 'Short-island': '0', 'Squeal': '1', 'Typical-entropy': '2', 'Voicing-quality': '0', 'Wide-band': '1', 'Xlong-island': '0', 'seq': '1', 'end': 36439.33, 'start': 36438.77}]",0,0,[],[]
36439420,36440670,NA,OLN,0.0,1048,pause,NA,NA,NA,NA,0.0,0,-22.88,-12.83,[],0,0,[],[]
36440670,36441470,NA,NON,0.0,1048,pause,NA,NA,NA,NA,0.0,0,-19.57,-10.71,[],0,0,[],[]
36441470,36446730,NA,OLN,0.0,1048,pause,NA,NA,NA,NA,0.0,0,-25.62,-10.18,[],0,0,[],[]
36446730,36447640,CHI,CHN,0.0,1048,CIOCX,BC,0,NT,FI,1.0,910,-21.43,-18.93,"[{'Canonical-syllable': '0', 'Growl': '1', 'High-freq-energy': '1', 'Long-island': '1', 'Low-tilt-spectrum': '1', 'Medium-island': '0', 'Short-island': '0', 'Squeal': '0', 'Typical-entropy': '1', 'Voicing-quality': '1', 'Wide-band': '0', 'Xlong-island': '0', 'seq': '1', 'end': 36447.64, 'start': 36446.73}]",0,0,[],[]
36447640,36448640,NA,OLN,0.0,1048,CIOCX,NA,NA,NA,NA,0.0,0,-26.03,-19.26,[],0,0,[],[]
36448640,36449790,OCH,CXN,0.0,1048,CIOCX,RC,0,NT,FI,0.0,0,-26.17,-17.87,[],0,0,[],[]
36449790,36450480,CHI,CHN,0.0,1048,CIOCX,RC,0,NT,FI,1.0,690,-23.69,-19.05,"[{'Canonical-syllable': '0', 'Growl': '1', 'High-freq-energy': '1', 'Long-island': '1', 'Low-tilt-spectrum': '1', 'Medium-island': '0', 'Short-island': '0', 'Squeal': '0', 'Typical-entropy': '1', 'Voicing-quality': '1', 'Wide-band': '0', 'Xlong-island': '0', 'seq': '1', 'end': 36450.48, 'start': 36449.79}]",0,0,[],[]
36450480,36451280,OCH,CXN,0.0,1048,CIOCX,RC,0,NT,FI,0.0,0,-22.55,-15.49,[],0,0,[],[]
36451280,36452120,NA,OLN,0.0,1048,CIOCX,NA,NA,NA,NA,0.0,0,-15.71,-5.55,[],0,0,[],[]
36452120,36453360,OCH,CXN,0.0,1048,CIOCX,EC,0,NT,FH,0.0,0,-17.8,-11.39,[],0,0,[],[]
36453360,36454790,NA,NON,0.0,1049,pause,NA,NA,NA,NA,0.0,0,-24.12,-18.87,[],0,0,[],[]
36454790,36455510,CHI,CHN,0.0,1049,pause,NA,NA,NA,NA,0.0,0,-26.97,-20.24,[],0,720,[],"[{'start': 36454.79, 'end': 36455.51}]"
36455510,36460660,NA,OLN,0.0,1049,pause,NA,NA,NA,NA,0.0,0,-29.38,-20.64,[],0,0,[],[]
36460660,36461280,OCH,CXN,0.0,1049,XM,EC,0,NT,FI,0.0,0,-30.94,-22.71,[],0,0,[],[]
36461280,36462080,NA,NOF,0.0,1050,pause,NA,NA,NA,NA,0.0,0,-38.83,-29.99,[],0,0,[],[]
36462080,36462880,NA,TVN,0.0,1050,pause,NA,NA,NA,NA,0.0,0,-43.16,-37.98,[],0,0,[],[]
36462880,36464060,NA,MAF,0.0,1050,pause,NA,NA,NA,NA,0.0,0,-47.68,-40.75,[],0,0,[],[]
36464060,36465980,NA,OLN,0.0,1050,pause,NA,NA,NA,NA,0.0,0,-21.72,-6.51,[],0,0,[],[]
36465980,36466780,NA,NON,0.0,1050,pause,NA,NA,NA,NA,0.0,0,-17.56,-8.92,[],0,0,[],[]
36466780,36468160,NA,OLN,0.0,1050,pause,NA,NA,NA,NA,0.0,0,-15.3,-4.96,[],0,0,[],[]
36468160,36468780,CHI,CHN,0.0,1050,CIOCX,BC,0,NT,FI,1.0,620,-19.06,-11.31,"[{'Canonical-syllable': '0', 'Growl': '0', 'High-freq-energy': '1', 'Long-island': '0', 'Low-tilt-spectrum': '1', 'Medium-island': '1', 'Short-island': '0', 'Squeal': '0', 'Typical-entropy': '1', 'Voicing-quality': '1', 'Wide-band': '0', 'Xlong-island': '0', 'seq': '1', 'end': 36468.78, 'start': 36468.16}]",0,0,[],[]
36468780,36470220,NA,NON,0.0,1050,CIOCX,NA,NA,NA,NA,0.0,0,-18.87,-7.01,[],0,0,[],[]
36470220,36471050,OCH,CXN,0.0,1050,CIOCX,RC,0,NT,FI,0.0,0,-32.69,-23.98,[],0,0,[],[]
36471050,36471730,CHI,CHN,0.0,1050,CIOCX,RC,0,NT,FI,1.0,680,-19.41,-12.71,"[{'Canonical-syllable': '0', 'Growl': '0', 'High-freq-energy': '1', 'Long-island': '1', 'Low-tilt-spectrum': '1', 'Medium-island': '0', 'Short-island': '0', 'Squeal': '0', 'Typical-entropy': '1', 'Voicing-quality': '1', 'Wide-band': '0', 'Xlong-island': '0', 'seq': '1', 'end': 36471.73, 'start': 36471.05}]",0,0,[],[]
36471730,36472540,OCH,CXN,0.0,1050,CIOCX,EC,0,NT,FI,0.0,0,-32.38,-16.58,[],0,0,[],[]
36472540,36473680,NA,OLN,0.0,1051,pause,NA,NA,NA,NA,0.0,0,-17.27,-6.77,[],0,0,[],[]
36473680,36474780,NA,NON,0.0,1051,pause,NA,NA,NA,NA,0.0,0,-23.41,-12.18,[],0,0,[],[]
36474780,36477710,NA,OLN,0.0,1051,pause,NA,NA,NA,NA,0.0,0,-17.4,-3.87,[],0,0,[],[]
36477710,36478310,CHI,CHN,0.0,1051,pause,NA,NA,NA,NA,0.0,0,-27.86,-25.89,[],0,600,"[{'start': 36477.71, 'end': 36478.31}]",[]
36478310,36479900,NA,OLN,0.0,1051,pause,NA,NA,NA,NA,0.0,0,-26.64,-16.43,[],0,0,[],[]
36479900,36481380,FEM,FAN,6.14,1051,AIOCCXF,BC,0,NT,FI,0.0,0,-30.51,-18.9,[],0,0,[],[]
36481380,36482180,NA,OLN,0.0,1051,AIOCCXF,NA,NA,NA,NA,0.0,0,-25.59,-19.67,[],0,0,[],[]
36482180,36483430,OCH,CXN,0.0,1051,AIOCCXF,RC,0,NT,FI,0.0,0,-26.19,-14.38,[],0,0,[],[]
36483430,36486810,NA,OLN,0.0,1051,AIOCCXF,NA,NA,NA,NA,0.0,0,-28.04,-15.74,[],0,0,[],[]
36486810,36487880,CHI,CHN,0.0,1051,AIOCCXF,EC,0,NT,FI,1.0,960,-16.22,-9.08,"[{'Canonical-syllable': '1', 'Growl': '0', 'High-freq-energy': '0', 'Long-island': '1', 'Low-tilt-spectrum': '0', 'Medium-island': '0', 'Short-island': '1', 'Squeal': '0', 'Typical-entropy': '1', 'Voicing-quality': '2', 'Wide-band': '0', 'Xlong-island': '0', 'seq': '1', 'end': 36487.77, 'start': 36486.81}]",0,0,[],[]
36487880,36490280,NA,NON,0.0,1052,pause,NA,NA,NA,NA,0.0,0,-27.93,-16.99,[],0,0,[],[]
36490280,36491180,NA,OLN,0.0,1052,pause,NA,NA,NA,NA,0.0,0,-36.35,-24.75,[],0,0,[],[]
36491180,36492040,NA,NON,0.0,1052,pause,NA,NA,NA,NA,0.0,0,-26.22,-17.84,[],0,0,[],[]
36492040,36492840,NA,OLN,0.0,1052,pause,NA,NA,NA,NA,0.0,0,-29.83,-22.58,[],0,0,[],[]
36492840,36493730,NA,NON,0.0,1052,pause,NA,NA,NA,NA,0.0,0,-34.71,-27.84,[],0,0,[],[]
36493730,36495020,NA,OLN,0.0,1052,pause,NA,NA,NA,NA,0.0,0,-37.14,-31.97,[],0,0,[],[]
36495020,36495820,NA,NON,0.0,1052,pause,NA,NA,NA,NA,0.0,0,-29.82,-19.2,[],0,0,[],[]
36495820,36497910,NA,OLN,0.0,1052,pause,NA,NA,NA,NA,0.0,0,-27.78,-15.08,[],0,0,[],[]
36497910,36498780,NA,NON,0.0,1052,pause,NA,NA,NA,NA,0.0,0,-21.78,-14.29,[],0,0,[],[]
36498780,36500150,NA,OLN,0.0,1052,pause,NA,NA,NA,NA,0.0,0,-28.61,-17.69,[],0,0,[],[]
36500150,36501150,OCH,CXN,0.0,1052,XM,BC,0,NT,FI,0.0,0,-33.11,-25.09,[],0,0,[],[]
36501150,36505610,NA,OLN,0.0,1052,XM,NA,NA,NA,NA,0.0,0,-35.31,-20.11,[],0,0,[],[]
36505610,36506440,OCH,CXN,0.0,1052,XM,RC,0,NT,FH,0.0,0,-33.42,-25.49,[],0,0,[],[]
36506440,36507340,NA,TVN,0.0,1052,XM,NA,NA,NA,NA,0.0,0,-37.03,-29.23,[],0,0,[],[]
36507340,36508150,OCH,CXN,0.0,1052,XM,EC,0,NT,FH,0.0,0,-30.67,-25.61,[],0,0,[],[]
36508150,36516290,NA,OLN,0.0,1053,pause,NA,NA,NA,NA,0.0,0,-31.54,-13.36,[],0,0,[],[]
36516290,36516920,FEM,FAN,2.65,1053,AMF,EC,0,NT,FI,0.0,0,-29.94,-21.02,[],0,0,[],[]
36516920,36518890,NA,OLN,0.0,1054,pause,NA,NA,NA,NA,0.0,0,-35.21,-27.28,[],0,0,[],[]
36518890,36519690,NA,NOF,0.0,1054,pause,NA,NA,NA,NA,0.0,0,-41.52,-30.29,[],0,0,[],[]
36519690,36526960,NA,OLN,0.0,1054,pause,NA,NA,NA,NA,0.0,0,-30.98,-16.8,[],0,0,[],[]
36526960,36527780,NA,OLF,0.0,1054,pause,NA,NA,NA,NA,0.0,0,-29.96,-18.37,[],0,0,[],[]
36527780,36530130,NA,OLN,0.0,1054,pause,NA,NA,NA,NA,0.0,0,-34.76,-22.93,[],0,0,[],[]
36530130,36530930,OCH,CXN,0.0,1054,XIC,BC,0,NT,FI,0.0,0,-29.63,-23.81,[],0,0,[],[]
36530930,36532960,NA,OLN,0.0,1054,XIC,NA,NA,NA,NA,0.0,0,-36.54,-24.52,[],0,0,[],[]
36532960,36534190,FEM,FAN,5.68,1054,XIC,RC,0,TIFI,FI,0.0,0,-33.05,-24.98,[],0,0,[],[]
36534190,36536920,NA,OLN,0.0,1054,XIC,NA,NA,NA,NA,0.0,0,-32.6,-19.05,[],0,0,[],[]
36536920,36537650,CHI,CHN,0.0,1054,XIC,RC,1,TIFR,FI,1.0,730,-28.85,-21.7,"[{'Canonical-syllable': '0', 'Growl': '0', 'High-freq-energy': '1', 'Long-island': '1', 'Low-tilt-spectrum': '1', 'Medium-island': '0', 'Short-island': '0', 'Squeal': '0', 'Typical-entropy': '1', 'Voicing-quality': '1', 'Wide-band': '0', 'Xlong-island': '0', 'seq': '1', 'end': 36537.65, 'start': 36536.92}]",0,0,[],[]
36537650,36538450,NA,OLN,0.0,1054,XIC,NA,NA,NA,NA,0.0,0,-23.32,-9.41,[],0,0,[],[]
36538450,36539250,OCH,CXN,0.0,1054,XIC,RC,1,NT,FI,0.0,0,-34.25,-25.36,[],0,0,[],[]
36539250,36540280,NA,OLN,0.0,1054,XIC,NA,NA,NA,NA,0.0,0,-31.6,-25.32,[],0,0,[],[]
36540280,36540880,CHI,CHN,0.0,1054,XIC,RC,1,NT,FI,1.0,600,-30.08,-22.09,"[{'Canonical-syllable': '0', 'Growl': '1', 'High-freq-energy': '1', 'Long-island': '0', 'Low-tilt-spectrum': '1', 'Medium-island': '1', 'Short-island': '0', 'Squeal': '0', 'Typical-entropy': '1', 'Voicing-quality': '1', 'Wide-band': '0', 'Xlong-island': '0', 'seq': '1', 'end': 36540.88, 'start': 36540.28}]",0,0,[],[]
36540880,36543590,NA,OLN,0.0,1054,XIC,NA,NA,NA,NA,0.0,0,-31.73,-23.71,[],0,0,[],[]
36543590,36544580,OCH,CXN,0.0,1054,XIC,RC,1,NT,FI,0.0,0,-32.32,-24.84,[],0,0,[],[]
36544580,36547030,NA,OLN,0.0,1054,XIC,NA,NA,NA,NA,0.0,0,-34.67,-26.2,[],0,0,[],[]
36547030,36547990,NA,NON,0.0,1054,XIC,NA,NA,NA,NA,0.0,0,-28.38,-21.17,[],0,0,[],[]
36547990,36549160,OCH,CXN,0.0,1054,XIC,RC,1,NT,FH,0.0,0,-32.21,-22.84,[],0,0,[],[]
36549160,36549760,CHI,CHN,0.0,1054,XIC,RC,1,NT,FI,1.0,600,-26.8,-20.91,"[{'Canonical-syllable': '0', 'Growl': '0', 'High-freq-energy': '1', 'Long-island': '0', 'Low-tilt-spectrum': '1', 'Medium-island': '1', 'Short-island': '0', 'Squeal': '1', 'Typical-entropy': '1', 'Voicing-quality': '1', 'Wide-band': '0', 'Xlong-island': '0', 'seq': '1', 'end': 36549.76, 'start': 36549.16}]",0,0,[],[]
36549760,36550890,OCH,CXN,0.0,1054,XIC,RC,1,NT,FI,0.0,0,-32.03,-25.19,[],0,0,[],[]
36550890,36551820,NA,OLN,0.0,1054,XIC,NA,NA,NA,NA,0.0,0,-30.29,-24.38,[],0,0,[],[]
36551820,36552630,OCH,CXN,0.0,1054,XIC,EC,1,NT,FH,0.0,0,-32.73,-25.66,[],0,0,[],[]
36552630,36553740,NA,OLN,0.0,1055,pause,NA,NA,NA,NA,0.0,0,-29.64,-19.84,[],0,0,[],[]
36553740,36554610,CHI,CHN,0.0,1055,pause,NA,NA,NA,NA,0.0,0,-31.68,-26.04,[],0,580,"[{'start': 36553.74, 'end': 36554.1}, {'start': 36554.39, 'end': 36554.61}]",[]
36554610,36555410,NA,NON,0.0,1055,pause,NA,NA,NA,NA,0.0,0,-31.37,-23.27,[],0,0,[],[]
36555410,36558950,NA,OLN,0.0,1055,pause,NA,NA,NA,NA,0.0,0,-30.3,-15.21,[],0,0,[],[]
36558950,36559950,OCH,CXN,0.0,1055,XM,EC,0,NT,FI,0.0,0,-28.77,-10.82,[],0,0,[],[]
36559950,36560820,NA,OLN,0.0,1056,pause,NA,NA,NA,NA,0.0,0,-37.03,-27.91,[],0,0,[],[]
36560820,36561980,NA,FAF,0.0,1056,pause,NA,NA,NA,NA,0.0,0,-38.08,-31.19,[],0,0,[],[]
36561980,36563290,NA,TVN,0.0,1056,pause,NA,NA,NA,NA,0.0,0,-36.26,-25.53,[],0,0,[],[]
36563290,36564090,NA,OLF,0.0,1056,pause,NA,NA,NA,NA,0.0,0,-42.47,-37.11,[],0,0,[],[]
36564090,36565090,NA,FAF,0.0,1056,pause,NA,NA,NA,NA,0.0,0,-39.44,-28.69,[],0,0,[],[]
36565090,36566190,NA,OLF,0.0,1056,pause,NA,NA,NA,NA,0.0,0,-29.81,-9.78,[],0,0,[],[]
36566190,36569000,NA,TVF,0.0,1056,pause,NA,NA,NA,NA,0.0,0,-41.76,-35.52,[],0,0,[],[]
36569000,36570290,NA,MAF,0.0,1056,pause,NA,NA,NA,NA,0.0,0,-36.83,-28.28,[],0,0,[],[]
36570290,36571320,NA,OLF,0.0,1056,pause,NA,NA,NA,NA,0.0,0,-40.1,-32.35,[],0,0,[],[]
36571320,36572400,NA,MAF,0.0,1056,pause,NA,NA,NA,NA,0.0,0,-39.42,-32.19,[],0,0,[],[]
36572400,36573600,NA,FAF,0.0,1056,pause,NA,NA,NA,NA,0.0,0,-36.15,-30.19,[],0,0,[],[]
36573600,36574570,NA,OLN,0.0,1056,pause,NA,NA,NA,NA,0.0,0,-33.09,-26.34,[],0,0,[],[]
36574570,36575570,FEM,FAN,0.0,1056,pause,NA,NA,NA,NA,0.0,0,-25.93,-16.77,[],1000,0,[],[]
36575570,36576910,NA,OLN,0.0,1056,pause,NA,NA,NA,NA,0.0,0,-32.57,-16.38,[],0,0,[],[]
36576910,36578030,NA,OLF,0.0,1056,pause,NA,NA,NA,NA,0.0,0,-35.35,-29.32,[],0,0,[],[]
36578030,36579930,OCH,CXN,0.0,1056,XM,EC,0,NT,FI,0.0,0,-21.78,-8.25,[],0,0,[],[]
36579930,36585750,NA,OLN,0.0,1057,pause,NA,NA,NA,NA,0.0,0,-27.58,-6.98,[],0,0,[],[]
36585750,36586550,NA,NON,0.0,1057,pause,NA,NA,NA,NA,0.0,0,-29.76,-25.28,[],0,0,[],[]
36586550,36590800,NA,OLN,0.0,1057,pause,NA,NA,NA,NA,0.0,0,-29.06,-15.35,[],0,0,[],[]
36590800,36591420,NA,CHF,0.0,1057,CM,EC,0,NT,FI,1.0,620,-40.35,-37.76,"[{'Canonical-syllable': '0', 'Growl': '1', 'High-freq-energy': '0', 'Long-island': '0', 'Low-tilt-spectrum': '1', 'Medium-island': '1', 'Short-island': '0', 'Squeal': '0', 'Typical-entropy': '0', 'Voicing-quality': '1', 'Wide-band': '0', 'Xlong-island': '0', 'seq': '1', 'end': 36591.42, 'start': 36590.8}]",0,0,[],[]
36591420,36592560,NA,OLN,0.0,1058,pause,NA,NA,NA,NA,0.0,0,-34.14,-23.68,[],0,0,[],[]
36592560,36593260,FEM,FAN,0.0,1058,pause,NA,NA,NA,NA,0.0,0,-32.03,-26.96,[],700,0,[],[]
36593260,36594070,NA,OLN,0.0,1058,pause,NA,NA,NA,NA,0.0,0,-34.23,-25.6,[],0,0,[],[]
36594070,36595370,NA,NON,0.0,1058,pause,NA,NA,NA,NA,0.0,0,-33.41,-29.18,[],0,0,[],[]
36595370,36596250,NA,OLN,0.0,1058,pause,NA,NA,NA,NA,0.0,0,-30.27,-26.7,[],0,0,[],[]
36596250,36597160,NA,NON,0.0,1058,pause,NA,NA,NA,NA,0.0,0,-28.01,-23.2,[],0,0,[],[]
36597160,36598240,OCH,CXN,0.0,1058,XM,EC,0,NT,FI,0.0,0,-28.03,-25.38,[],0,0,[],[]
36598240,36599040,NA,OLN,0.0,1059,pause,NA,NA,NA,NA,0.0,0,-30.86,-26.29,[],0,0,[],[]
36599040,36600340,NA,NON,0.0,1059,pause,NA,NA,NA,NA,0.0,0,-26.92,-20.56,[],0,0,[],[]
36600340,36601940,NA,OLN,0.0,1059,pause,NA,NA,NA,NA,0.0,0,-29.78,-21.8,[],0,0,[],[]
36601940,36604360,NA,OLF,0.0,1059,pause,NA,NA,NA,NA,0.0,0,-37.63,-28.71,[],0,0,[],[]
36604360,36605370,NA,FAF,0.0,1059,pause,NA,NA,NA,NA,0.0,0,-37.39,-28.58,[],0,0,[],[]
36605370,36607010,NA,OLF,0.0,1059,pause,NA,NA,NA,NA,0.0,0,-37.72,-30.55,[],0,0,[],[]
36607010,36608010,NA,FAF,0.0,1059,pause,NA,NA,NA,NA,0.0,0,-41.52,-35.76,[],0,0,[],[]
36608010,36609190,OCH,CXN,0.0,1059,XM,EC,0,NT,FI,0.0,0,-38.94,-30.02,[],0,0,[],[]
36609190,36611300,NA,OLF,0.0,1060,pause,NA,NA,NA,NA,0.0,0,-38.81,-33.48,[],0,0,[],[]
36611300,36612240,NA,CXF,0.0,1060,pause,NA,NA,NA,NA,0.0,0,-42.12,-32.61,[],0,0,[],[]
36612240,36615620,NA,OLF,0.0,1060,pause,NA,NA,NA,NA,0.0,0,-36.96,-22.07,[],0,0,[],[]
36615620,36616620,MAL,MAN,5.31,1060,AMM,EC,0,NT,FI,0.0,0,-37.72,-27.61,[],0,0,[],[]
36616620,36617570,NA,MAF,0.0,1061,pause,NA,NA,NA,NA,0.0,0,-40.58,-33.18,[],0,0,[],[]
36617570,36621940,NA,OLF,0.0,1061,pause,NA,NA,NA,NA,0.0,0,-39.28,-30.17,[],0,0,[],[]
36621940,36622940,NA,TVN,0.0,1061,pause,NA,NA,NA,NA,0.0,0,-33.09,-25.93,[],0,0,[],[]
36622940,36626570,NA,OLN,0.0,1061,pause,NA,NA,NA,NA,0.0,0,-30.68,-10.71,[],0,0,[],[]
36626570,36627240,CHI,CHN,0.0,1061,CIC,BC,0,TIFI,FI,1.0,670,-19.68,-16.55,"[{'Canonical-syllable': '0', 'Growl': '0', 'High-freq-energy': '0', 'Long-island': '1', 'Low-tilt-spectrum': '0', 'Medium-island': '0', 'Short-island': '0', 'Squeal': '0', 'Typical-entropy': '0', 'Voicing-quality': '1', 'Wide-band': '0', 'Xlong-island': '0', 'seq': '1', 'end': 36627.24, 'start': 36626.57}]",0,0,[],[]
36627240,36628620,NA,OLN,0.0,1061,CIC,NA,NA,NA,NA,0.0,0,-31.93,-21.21,[],0,0,[],[]
36628620,36629650,FEM,FAN,4.72,1061,CIC,EC,1,TIFR,FI,0.0,0,-36.07,-29.41,[],0,0,[],[]
36629650,36644680,NA,OLN,0.0,1062,pause,NA,NA,NA,NA,0.0,0,-33.84,-22.35,[],0,0,[],[]
36644680,36645480,OCH,CXN,0.0,1062,XM,BC,0,NT,FI,0.0,0,-28.54,-17.33,[],0,0,[],[]
36645480,36647160,NA,OLN,0.0,1062,XM,NA,NA,NA,NA,0.0,0,-24.91,-17.04,[],0,0,[],[]
36647160,36647960,OCH,CXN,0.0,1062,XM,EC,0,NT,FH,0.0,0,-27.3,-21.32,[],0,0,[],[]
36647960,36651080,NA,OLN,0.0,1063,pause,NA,NA,NA,NA,0.0,0,-28.15,-11.97,[],0,0,[],[]
36651080,36651880,NA,CXF,0.0,1063,pause,NA,NA,NA,NA,0.0,0,-42.28,-35.92,[],0,0,[],[]
36651880,36665310,NA,OLN,0.0,1063,pause,NA,NA,NA,NA,0.0,0,-32.4,-19.95,[],0,0,[],[]
36665310,36666320,OCH,CXN,0.0,1063,XM,BC,0,NT,FI,0.0,0,-27.37,-19.92,[],0,0,[],[]
36666320,36667450,NA,OLN,0.0,1063,XM,NA,NA,NA,NA,0.0,0,-32.47,-25.79,[],0,0,[],[]
36667450,36668250,OCH,CXN,0.0,1063,XM,EC,0,NT,FH,0.0,0,-36.56,-27.45,[],0,0,[],[]
36668250,36671630,NA,OLN,0.0,1064,pause,NA,NA,NA,NA,0.0,0,-27.56,-18.42,[],0,0,[],[]
36671630,36672440,CHI,CHN,0.0,1064,pause,NA,NA,NA,NA,0.0,0,-17.32,-5.01,[],0,810,"[{'start': 36671.63, 'end': 36672.44}]",[]
36672440,36673460,MAL,MAN,0.0,1064,pause,NA,NA,NA,NA,0.0,0,-32.44,-25.9,[],1020,0,[],[]
36673460,36677290,NA,OLN,0.0,1064,pause,NA,NA,NA,NA,0.0,0,-24.23,-9.34,[],0,0,[],[]
36677290,36679530,FEM,FAN,12.37,1064,AIOCF,BC,0,NT,FI,0.0,0,-25.97,-16.68,[],0,0,[],[]
36679530,36680510,NA,OLN,0.0,1064,AIOCF,NA,NA,NA,NA,0.0,0,-32.51,-25.36,[],0,0,[],[]
36680510,36681510,MAL,MAN,0.0,1064,AIOCF,NA,NA,NA,NA,0.0,0,-30.89,-19.68,[],1000,0,[],[]
36681510,36682520,NA,FAF,0.0,1064,AIOCF,NA,NA,NA,NA,0.0,0,-33.33,-21.82,[],0,0,[],[]
36682520,36684310,NA,OLF,0.0,1064,AIOCF,NA,NA,NA,NA,0.0,0,-34.13,-26.52,[],0,0,[],[]
36684310,36685330,MAL,MAN,4.9,1064,AIOCF,RC,0,NT,FI,0.0,0,-33.11,-23.47,[],0,0,[],[]
36685330,36686790,NA,OLN,0.0,1064,AIOCF,NA,NA,NA,NA,0.0,0,-33.77,-27.32,[],0,0,[],[]
36686790,36687590,NA,OLF,0.0,1064,AIOCF,NA,NA,NA,NA,0.0,0,-43.13,-32.46,[],0,0,[],[]
36687590,36688470,NA,CXF,0.0,1064,AIOCF,NA,NA,NA,NA,0.0,0,-44.45,-36.9,[],0,0,[],[]
36688470,36689180,CHI,CHN,0.0,1064,AIOCF,NA,NA,NA,NA,0.0,0,-20.77,-14.84,[],0,370,"[{'start': 36688.81, 'end': 36689.18}]",[]
36689180,36690190,OCH,CXN,0.0,1064,AIOCF,RC,0,NT,FI,0.0,0,-28.6,-21.4,[],0,0,[],[]
36690190,36690990,NA,OLN,0.0,1064,AIOCF,NA,NA,NA,NA,0.0,0,-27.04,-18.85,[],0,0,[],[]
36690990,36691990,FEM,FAN,7.21,1064,AIOCF,RC,0,NT,FI,0.0,0,-24.15,-14.88,[],0,0,[],[]
36691990,36692840,NA,OLN,0.0,1064,AIOCF,NA,NA,NA,NA,0.0,0,-27.17,-21.7,[],0,0,[],[]
36692840,36693650,NA,NOF,0.0,1064,AIOCF,NA,NA,NA,NA,0.0,0,-41.55,-32.07,[],0,0,[],[]
36693650,36695560,NA,OLN,0.0,1064,AIOCF,NA,NA,NA,NA,0.0,0,-28.27,-18.27,[],0,0,[],[]
36695560,36696160,OCH,CXN,0.0,1064,AIOCF,RC,0,NT,FI,0.0,0,-24.26,-14.81,[],0,0,[],[]
36696160,36696960,NA,OLN,0.0,1064,AIOCF,NA,NA,NA,NA,0.0,0,-30.42,-22.09,[],0,0,[],[]
36696960,36697760,OCH,CXN,0.0,1064,AIOCF,RC,0,NT,FH,0.0,0,-24.87,-19.26,[],0,0,[],[]
36697760,36698760,NA,NOF,0.0,1064,AIOCF,NA,NA,NA,NA,0.0,0,-37.97,-30.31,[],0,0,[],[]
36698760,36699560,NA,OLN,0.0,1064,AIOCF,NA,NA,NA,NA,0.0,0,-26.16,-18.2,[],0,0,[],[]
36699560,36700370,OCH,CXN,0.0,1064,AIOCF,RC,0,NT,FH,0.0,0,-25.71,-16.68,[],0,0,[],[]
36700370,36701410,NA,OLN,0.0,1064,AIOCF,NA,NA,NA,NA,0.0,0,-33.56,-26.01,[],0,0,[],[]
36701410,36702230,NA,NON,0.0,1064,AIOCF,NA,NA,NA,NA,0.0,0,-31.85,-19.46,[],0,0,[],[]
36702230,36703030,NA,OLN,0.0,1064,AIOCF,NA,NA,NA,NA,0.0,0,-36.21,-26.77,[],0,0,[],[]
36703030,36703980,NA,NOF,0.0,1064,AIOCF,NA,NA,NA,NA,0.0,0,-39.08,-26.45,[],0,0,[],[]
36703980,36705060,NA,OLN,0.0,1064,AIOCF,NA,NA,NA,NA,0.0,0,-29.95,-22.83,[],0,0,[],[]
36705060,36705660,FEM,FAN,0.5,1064,AIOCF,EC,0,NT,FI,0.0,0,-26.48,-23.05,[],0,0,[],[]
36705660,36711540,NA,OLN,0.0,1065,pause,NA,NA,NA,NA,0.0,0,-33.17,-22.25,[],0,0,[],[]
36711540,36712140,CHI,CHN,0.0,1065,CM,EC,0,NT,FI,1.0,600,-19.63,-11.74,"[{'Canonical-syllable': '0', 'Growl': '0', 'High-freq-energy': '1', 'Long-island': '0', 'Low-tilt-spectrum': '1', 'Medium-island': '1', 'Short-island': '0', 'Squeal': '0', 'Typical-entropy': '1', 'Voicing-quality': '1', 'Wide-band': '0', 'Xlong-island': '0', 'seq': '1', 'end': 36712.14, 'start': 36711.54}]",0,0,[],[]
36712140,36712940,NA,OLN,0.0,1066,pause,NA,NA,NA,NA,0.0,0,-21.18,-13.19,[],0,0,[],[]
36712940,36715440,NA,NON,0.0,1066,pause,NA,NA,NA,NA,0.0,0,-29.92,-21.79,[],0,0,[],[]
36715440,36716240,NA,OLF,0.0,1066,pause,NA,NA,NA,NA,0.0,0,-37.6,-31.35,[],0,0,[],[]
36716240,36718000,NA,NON,0.0,1066,pause,NA,NA,NA,NA,0.0,0,-37.4,-32.08,[],0,0,[],[]
36718000,36726960,NA,OLN,0.0,1066,pause,NA,NA,NA,NA,0.0,0,-27.27,-10.31,[],0,0,[],[]
36726960,36727820,OCH,CXN,0.0,1066,XIOCC,BC,0,NT,FI,0.0,0,-26.52,-20.12,[],0,0,[],[]
36727820,36728860,OCH,CXN,0.0,1066,XIOCC,RC,0,NT,FH,0.0,0,-24.99,-18.78,[],0,0,[],[]
36728860,36729990,NA,OLN,0.0,1066,XIOCC,NA,NA,NA,NA,0.0,0,-30.39,-23.89,[],0,0,[],[]
36729990,36730990,CHI,CHN,0.0,1066,XIOCC,RC,0,NT,FI,1.0,840,-19.82,-12.83,"[{'Canonical-syllable': '1', 'Growl': '0', 'High-freq-energy': '0', 'Long-island': '1', 'Low-tilt-spectrum': '1', 'Medium-island': '0', 'Short-island': '1', 'Squeal': '0', 'Typical-entropy': '2', 'Voicing-quality': '2', 'Wide-band': '0', 'Xlong-island': '0', 'seq': '1', 'end': 36730.83, 'start': 36729.99}]",0,0,[],[]
36730990,36733400,NA,OLN,0.0,1066,XIOCC,NA,NA,NA,NA,0.0,0,-30.6,-13.71,[],0,0,[],[]
36733400,36734990,OCH,CXN,0.0,1066,XIOCC,RC,0,NT,FI,0.0,0,-19.79,-12.91,[],0,0,[],[]
36734990,36735790,NA,OLN,0.0,1066,XIOCC,NA,NA,NA,NA,0.0,0,-26.16,-14.4,[],0,0,[],[]
36735790,36736950,OCH,CXN,0.0,1066,XIOCC,RC,0,NT,FH,0.0,0,-21.41,-14.86,[],0,0,[],[]
36736950,36737750,NA,OLN,0.0,1066,XIOCC,NA,NA,NA,NA,0.0,0,-28.21,-20.03,[],0,0,[],[]
36737750,36738780,OCH,CXN,0.0,1066,XIOCC,RC,0,NT,FH,0.0,0,-22.38,-13.76,[],0,0,[],[]
36738780,36739760,OCH,CXN,0.0,1066,XIOCC,EC,0,NT,FH,0.0,0,-25.5,-13.25,[],0,0,[],[]
36739760,36741290,NA,OLF,0.0,1067,pause,NA,NA,NA,NA,0.0,0,-36.86,-25.49,[],0,0,[],[]
36741290,36743830,NA,NOF,0.0,1067,pause,NA,NA,NA,NA,0.0,0,-43.79,-35.97,[],0,0,[],[]
36743830,36744970,NA,OLN,0.0,1067,pause,NA,NA,NA,NA,0.0,0,-25.58,-15.45,[],0,0,[],[]
36744970,36745970,OCH,CXN,0.0,1067,XIC,BC,0,NT,FI,0.0,0,-24.17,-13.81,[],0,0,[],[]
36745970,36747130,NA,OLN,0.0,1067,XIC,NA,NA,NA,NA,0.0,0,-26.9,-18.81,[],0,0,[],[]
36747130,36748130,MAL,MAN,0.0,1067,XIC,NA,NA,NA,NA,0.0,0,-37.31,-25.67,[],1000,0,[],[]
36748130,36749200,NA,TVN,0.0,1067,XIC,NA,NA,NA,NA,0.0,0,-41.89,-35.92,[],0,0,[],[]
36749200,36750460,NA,MAF,0.0,1067,XIC,NA,NA,NA,NA,0.0,0,-40.73,-34.16,[],0,0,[],[]
36750460,36751460,OCH,CXN,0.0,1067,XIC,RC,0,NT,FH,0.0,0,-31.07,-20.59,[],0,0,[],[]
36751460,36752460,MAL,MAN,3.59,1067,XIC,RC,0,NT,FI,0.0,0,-39.63,-30.82,[],0,0,[],[]
36752460,36754200,NA,OLN,0.0,1067,XIC,NA,NA,NA,NA,0.0,0,-26.11,-12.65,[],0,0,[],[]
36754200,36755260,NA,NOF,0.0,1067,XIC,NA,NA,NA,NA,0.0,0,-43.37,-37.54,[],0,0,[],[]
36755260,36756260,OCH,CXN,0.0,1067,XIC,RC,0,NT,FI,0.0,0,-33.04,-21.38,[],0,0,[],[]
36756260,36757930,NA,NON,0.0,1067,XIC,NA,NA,NA,NA,0.0,0,-44.71,-38.8,[],0,0,[],[]
36757930,36759120,NA,TVN,0.0,1067,XIC,NA,NA,NA,NA,0.0,0,-37.57,-30.87,[],0,0,[],[]
36759120,36760250,NA,OLF,0.0,1067,XIC,NA,NA,NA,NA,0.0,0,-43.43,-38.13,[],0,0,[],[]
36760250,36761250,FEM,FAN,0.99,1067,XIC,RC,0,TIFI,FI,0.0,0,-27.56,-16.0,[],0,0,[],[]
36761250,36762080,NA,OLF,0.0,1067,XIC,NA,NA,NA,NA,0.0,0,-34.77,-25.74,[],0,0,[],[]
36762080,36762980,CHI,CHN,0.0,1067,XIC,RC,1,TIFR,FI,1.0,900,-24.47,-16.46,"[{'Canonical-syllable': '0', 'Growl': '1', 'High-freq-energy': '0', 'Long-island': '0', 'Low-tilt-spectrum': '2', 'Medium-island': '0', 'Short-island': '2', 'Squeal': '0', 'Typical-entropy': '3', 'Voicing-quality': '2', 'Wide-band': '1', 'Xlong-island': '0', 'seq': '1', 'end': 36762.98, 'start': 36762.08}]",0,0,[],[]
36762980,36764590,NA,OLN,0.0,1067,XIC,NA,NA,NA,NA,0.0,0,-28.17,-17.09,[],0,0,[],[]
36764590,36765690,OCH,CXN,0.0,1067,XIC,RC,1,NT,FI,0.0,0,-20.84,-14.59,[],0,0,[],[]
36765690,36767980,NA,OLN,0.0,1067,XIC,NA,NA,NA,NA,0.0,0,-25.5,-17.16,[],0,0,[],[]
36767980,36768980,OCH,CXN,0.0,1067,XIC,RC,1,NT,FH,0.0,0,-23.97,-18.22,[],0,0,[],[]
36768980,36770010,NA,OLF,0.0,1067,XIC,NA,NA,NA,NA,0.0,0,-37.34,-26.8,[],0,0,[],[]
36770010,36771940,OCH,CXN,0.0,1067,XIC,EC,1,NT,FH,0.0,0,-21.52,-9.09,[],0,0,[],[]
36771940,36779840,NA,OLN,0.0,1068,pause,NA,NA,NA,NA,0.0,0,-30.82,-18.0,[],0,0,[],[]
36779840,36780640,OCH,CXN,0.0,1068,XIC,BC,0,NT,FI,0.0,0,-22.1,-19.36,[],0,0,[],[]
36780640,36781440,NA,OLF,0.0,1068,XIC,NA,NA,NA,NA,0.0,0,-31.19,-22.78,[],0,0,[],[]
36781440,36782380,OCH,CXN,0.0,1068,XIC,RC,0,NT,FH,0.0,0,-25.34,-19.59,[],0,0,[],[]
36782380,36784540,NA,OLN,0.0,1068,XIC,NA,NA,NA,NA,0.0,0,-35.94,-24.45,[],0,0,[],[]
36784540,36785560,NA,MAF,0.0,1068,XIC,NA,NA,NA,NA,0.0,0,-39.72,-34.35,[],0,0,[],[]
36785560,36786510,NA,NOF,0.0,1068,XIC,NA,NA,NA,NA,0.0,0,-46.84,-40.7,[],0,0,[],[]
36786510,36787850,OCH,CXN,0.0,1068,XIC,RC,0,NT,FH,0.0,0,-24.59,-15.37,[],0,0,[],[]
36787850,36789110,NA,OLN,0.0,1068,XIC,NA,NA,NA,NA,0.0,0,-30.91,-21.43,[],0,0,[],[]
36789110,36790140,FEM,FAN,6.54,1068,XIC,RC,0,TIFI,FI,0.0,0,-24.66,-13.88,[],0,0,[],[]
36790140,36793550,NA,OLF,0.0,1068,XIC,NA,NA,NA,NA,0.0,0,-33.39,-19.61,[],0,0,[],[]
36793550,36794170,CHI,CHN,0.0,1068,XIC,RC,1,TIFR,FI,1.0,400,-21.29,-13.19,"[{'Canonical-syllable': '1', 'Growl': '0', 'High-freq-energy': '0', 'Long-island': '0', 'Low-tilt-spectrum': '0', 'Medium-island': '1', 'Short-island': '0', 'Squeal': '0', 'Typical-entropy': '1', 'Voicing-quality': '1', 'Wide-band': '0', 'Xlong-island': '0', 'seq': '1', 'end': 36793.95, 'start': 36793.55}]",0,0,[],[]
36794170,36796320,NA,OLN,0.0,1068,XIC,NA,NA,NA,NA,0.0,0,-29.02,-17.36,[],0,0,[],[]
36796320,36797320,OCH,CXN,0.0,1068,XIC,RC,1,NT,FI,0.0,0,-20.98,-9.37,[],0,0,[],[]
36797320,36798260,CHI,CHN,0.0,1068,XIC,RC,1,NT,FI,1.0,580,-18.77,-11.01,"[{'Canonical-syllable': '1', 'Growl': '0', 'High-freq-energy': '0', 'Long-island': '0', 'Low-tilt-spectrum': '0', 'Medium-island': '1', 'Short-island': '0', 'Squeal': '0', 'Typical-entropy': '0', 'Voicing-quality': '1', 'Wide-band': '0', 'Xlong-island': '0', 'seq': '1', 'end': 36798.26, 'start': 36797.68}]",0,0,[],[]
36798260,36800450,NA,OLN,0.0,1068,XIC,NA,NA,NA,NA,0.0,0,-26.4,-8.01,[],0,0,[],[]
36800450,36801320,OCH,CXN,0.0,1068,XIC,RC,1,NT,FI,0.0,0,-22.44,-13.39,[],0,0,[],[]
36801320,36801920,OCH,CXN,0.0,1068,XIC,RC,1,NT,FH,0.0,0,-21.82,-15.14,[],0,0,[],[]
36801920,36803310,NA,OLN,0.0,1068,XIC,NA,NA,NA,NA,0.0,0,-25.26,-14.39,[],0,0,[],[]
36803310,36804320,OCH,CXN,0.0,1068,XIC,RC,1,NT,FH,0.0,0,-22.73,-14.99,[],0,0,[],[]
36804320,36808960,NA,OLN,0.0,1068,XIC,NA,NA,NA,NA,0.0,0,-22.44,-6.19,[],0,0,[],[]
36808960,36809960,CHI,CHN,0.0,1068,XIC,RC,1,NT,FI,1.0,710,-19.9,-9.6,"[{'Canonical-syllable': '0', 'Growl': '0', 'High-freq-energy': '0', 'Long-island': '1', 'Low-tilt-spectrum': '0', 'Medium-island': '0', 'Short-island': '0', 'Squeal': '0', 'Typical-entropy': '1', 'Voicing-quality': '1', 'Wide-band': '0', 'Xlong-island': '0', 'seq': '1', 'end': 36809.67, 'start': 36808.96}]",0,0,[],[]
36809960,36811320,NA,OLN,0.0,1068,XIC,NA,NA,NA,NA,0.0,0,-25.52,-16.25,[],0,0,[],[]
36811320,36812160,OCH,CXN,0.0,1068,XIC,RC,1,NT,FI,0.0,0,-22.79,-15.9,[],0,0,[],[]
36812160,36815720,NA,OLN,0.0,1068,XIC,NA,NA,NA,NA,0.0,0,-24.53,-11.17,[],0,0,[],[]
36815720,36816500,OCH,CXN,0.0,1068,XIC,RC,1,NT,FH,0.0,0,-18.46,-12.37,[],0,0,[],[]
36816500,36818710,NA,OLN,0.0,1068,XIC,NA,NA,NA,NA,0.0,0,-23.03,-14.73,[],0,0,[],[]
36818710,36820430,CHI,CHN,0.0,1068,XIC,RC,1,NT,FI,1.0,1410,-18.32,-6.39,"[{'Canonical-syllable': '2', 'Growl': '1', 'High-freq-energy': '0', 'Long-island': '0', 'Low-tilt-spectrum': '1', 'Medium-island': '2', 'Short-island': '1', 'Squeal': '0', 'Typical-entropy': '2', 'Voicing-quality': '4', 'Wide-band': '0', 'Xlong-island': '0', 'seq': '1', 'end': 36820.43, 'start': 36819.02}]",0,0,[],[]
36820430,36822970,NA,OLN,0.0,1068,XIC,NA,NA,NA,NA,0.0,0,-33.62,-22.55,[],0,0,[],[]
36822970,36823970,OCH,CXN,0.0,1068,XIC,EC,1,NT,FI,0.0,0,-21.08,-11.03,[],0,0,[],[]
36823970,36833550,NA,OLN,0.0,1069,pause,NA,NA,NA,NA,0.0,0,-28.18,-10.44,[],0,0,[],[]
36833550,36834560,OCH,CXN,0.0,1069,XM,BC,0,NT,FI,0.0,0,-19.07,-11.16,[],0,0,[],[]
36834560,36835400,OCH,CXN,0.0,1069,XM,RC,0,NT,FH,0.0,0,-21.92,-13.98,[],0,0,[],[]
36835400,36837490,NA,OLN,0.0,1069,XM,NA,NA,NA,NA,0.0,0,-25.43,-14.64,[],0,0,[],[]
36837490,36838490,OCH,CXN,0.0,1069,XM,RC,0,NT,FH,0.0,0,-18.17,-6.59,[],0,0,[],[]
36838490,36839320,NA,OLN,0.0,1069,XM,NA,NA,NA,NA,0.0,0,-24.47,-16.64,[],0,0,[],[]
36839320,36840120,OCH,CXN,0.0,1069,XM,EC,0,NT,FH,0.0,0,-20.27,-9.23,[],0,0,[],[]
36840120,36845210,NA,OLN,0.0,1070,pause,NA,NA,NA,NA,0.0,0,-30.51,-17.61,[],0,0,[],[]
36845210,36846150,NA,NON,0.0,1070,pause,NA,NA,NA,NA,0.0,0,-38.1,-30.7,[],0,0,[],[]
36846150,36850580,NA,OLN,0.0,1070,pause,NA,NA,NA,NA,0.0,0,-27.44,-9.83,[],0,0,[],[]
36850580,36851380,CHI,CHN,0.0,1070,CM,BC,0,NT,FI,1.0,800,-19.56,-14.43,"[{'Canonical-syllable': '0', 'Growl': '0', 'High-freq-energy': '0', 'Long-island': '1', 'Low-tilt-spectrum': '1', 'Medium-island': '0', 'Short-island': '0', 'Squeal': '0', 'Typical-entropy': '1', 'Voicing-quality': '1', 'Wide-band': '0', 'Xlong-island': '0', 'seq': '1', 'end': 36851.38, 'start': 36850.58}]",0,0,[],[]
36851380,36852570,NA,OLN,0.0,1070,CM,NA,NA,NA,NA,0.0,0,-36.6,-26.37,[],0,0,[],[]
36852570,36853570,CHI,CHN,0.0,1070,CM,EC,0,NT,FH,1.0,470,-23.49,-15.62,"[{'Canonical-syllable': '1', 'Growl': '0', 'High-freq-energy': '0', 'Long-island': '0', 'Low-tilt-spectrum': '0', 'Medium-island': '1', 'Short-island': '0', 'Squeal': '0', 'Typical-entropy': '1', 'Voicing-quality': '1', 'Wide-band': '0', 'Xlong-island': '0', 'seq': '1', 'end': 36853.04, 'start': 36852.57}]",0,0,[],[]
36853570,36860700,NA,OLN,0.0,1071,pause,NA,NA,NA,NA,0.0,0,-34.69,-21.61,[],0,0,[],[]
36860700,36861700,FEM,FAN,0.0,1071,pause,NA,NA,NA,NA,0.0,0,-22.97,-10.41,[],1000,0,[],[]
36861700,36862690,NA,OLN,0.0,1071,pause,NA,NA,NA,NA,0.0,0,-28.93,-18.3,[],0,0,[],[]
36862690,36863690,OCH,CXN,0.0,1071,XM,EC,0,NT,FI,0.0,0,-23.95,-16.65,[],0,0,[],[]
36863690,36874740,NA,OLN,0.0,1072,pause,NA,NA,NA,NA,0.0,0,-31.41,-17.63,[],0,0,[],[]
36874740,36875930,OCH,CXN,0.0,1072,XIOCAC,BC,0,NT,FI,0.0,0,-20.01,-9.29,[],0,0,[],[]
36875930,36876790,NA,OLN,0.0,1072,XIOCAC,NA,NA,NA,NA,0.0,0,-29.17,-20.35,[],0,0,[],[]
36876790,36877790,OCH,CXN,0.0,1072,XIOCAC,RC,0,NT,FH,0.0,0,-24.4,-15.01,[],0,0,[],[]
36877790,36881330,NA,OLN,0.0,1072,XIOCAC,NA,NA,NA,NA,0.0,0,-35.55,-27.95,[],0,0,[],[]
36881330,36882360,CHI,CHN,0.0,1072,XIOCAC,RC,0,NT,FI,1.0,910,-21.21,-9.74,"[{'Canonical-syllable': '1', 'Growl': '1', 'High-freq-energy': '0', 'Long-island': '0', 'Low-tilt-spectrum': '0', 'Medium-island': '1', 'Short-island': '1', 'Squeal': '0', 'Typical-entropy': '3', 'Voicing-quality': '3', 'Wide-band': '0', 'Xlong-island': '0', 'seq': '1', 'end': 36882.24, 'start': 36881.33}]",0,0,[],[]
36882360,36883250,NA,OLN,0.0,1072,XIOCAC,NA,NA,NA,NA,0.0,0,-26.41,-10.71,[],0,0,[],[]
36883250,36884010,OCH,CXN,0.0,1072,XIOCAC,RC,0,NT,FI,0.0,0,-20.54,-7.68,[],0,0,[],[]
36884010,36884820,NA,OLN,0.0,1072,XIOCAC,NA,NA,NA,NA,0.0,0,-25.81,-19.75,[],0,0,[],[]
36884820,36885930,OCH,CXN,0.0,1072,XIOCAC,RC,0,NT,FH,0.0,0,-22.68,-17.28,[],0,0,[],[]
36885930,36888900,NA,OLN,0.0,1072,XIOCAC,NA,NA,NA,NA,0.0,0,-25.77,-16.64,[],0,0,[],[]
36888900,36889510,FEM,FAN,7.21,1072,XIOCAC,RC,0,NT,FI,0.0,0,-24.07,-17.31,[],0,0,[],[]
36889510,36890320,NA,OLN,0.0,1072,XIOCAC,NA,NA,NA,NA,0.0,0,-29.9,-17.81,[],0,0,[],[]
36890320,36891090,OCH,CXN,0.0,1072,XIOCAC,RC,0,NT,FI,0.0,0,-22.13,-16.71,[],0,0,[],[]
36891090,36892250,NA,OLN,0.0,1072,XIOCAC,NA,NA,NA,NA,0.0,0,-32.91,-19.67,[],0,0,[],[]
36892250,36893480,CHI,CHN,0.0,1072,XIOCAC,RC,0,NT,FI,1.0,1230,-18.16,-12.1,"[{'Canonical-syllable': '1', 'Growl': '0', 'High-freq-energy': '0', 'Long-island': '0', 'Low-tilt-spectrum': '0', 'Medium-island': '2', 'Short-island': '1', 'Squeal': '0', 'Typical-entropy': '2', 'Voicing-quality': '4', 'Wide-band': '1', 'Xlong-island': '0', 'seq': '1', 'end': 36893.48, 'start': 36892.25}]",0,0,[],[]
36893480,36894280,NA,OLN,0.0,1072,XIOCAC,NA,NA,NA,NA,0.0,0,-25.07,-19.26,[],0,0,[],[]
36894280,36894920,OCH,CXN,0.0,1072,XIOCAC,RC,0,NT,FI,0.0,0,-19.52,-13.26,[],0,0,[],[]
36894920,36896100,NA,OLN,0.0,1072,XIOCAC,NA,NA,NA,NA,0.0,0,-21.62,-12.86,[],0,0,[],[]
36896100,36896710,CHI,CHN,0.0,1072,XIOCAC,RC,0,NT,FI,1.0,610,-18.74,-10.97,"[{'Canonical-syllable': '1', 'Growl': '0', 'High-freq-energy': '0', 'Long-island': '0', 'Low-tilt-spectrum': '0', 'Medium-island': '1', 'Short-island': '0', 'Squeal': '0', 'Typical-entropy': '0', 'Voicing-quality': '1', 'Wide-band': '0', 'Xlong-island': '0', 'seq': '1', 'end': 36896.71, 'start': 36896.39}]",0,0,[],[]
36896710,36897710,CHI,CHN,0.0,1072,XIOCAC,RC,0,NT,FH,1.0,1000,-18.22,-9.73,"[{'Canonical-syllable': '1', 'Growl': '0', 'High-freq-energy': '0', 'Long-island': '0', 'Low-tilt-spectrum': '0', 'Medium-island': '1', 'Short-island': '1', 'Squeal': '0', 'Typical-entropy': '1', 'Voicing-quality': '3', 'Wide-band': '1', 'Xlong-island': '0', 'seq': '1', 'end': 36897.71, 'start': 36896.71}]",0,0,[],[]
36897710,36898520,OCH,CXN,0.0,1072,XIOCAC,RC,0,NT,FI,0.0,0,-25.17,-16.06,[],0,0,[],[]
36898520,36900680,OCH,CXN,0.0,1072,XIOCAC,RC,0,NT,FH,0.0,0,-20.15,-8.49,[],0,0,[],[]
36900680,36902770,NA,OLN,0.0,1072,XIOCAC,NA,NA,NA,NA,0.0,0,-31.42,-19.13,[],0,0,[],[]
36902770,36904760,OCH,CXN,0.0,1072,XIOCAC,RC,0,NT,FH,0.0,0,-18.78,-8.49,[],0,0,[],[]
36904760,36905560,NA,OLN,0.0,1072,XIOCAC,NA,NA,NA,NA,0.0,0,-17.93,-10.71,[],0,0,[],[]
36905560,36906560,OCH,CXN,0.0,1072,XIOCAC,RC,0,NT,FH,0.0,0,-24.53,-17.42,[],0,0,[],[]
36906560,36908100,NA,OLN,0.0,1072,XIOCAC,NA,NA,NA,NA,0.0,0,-22.12,-13.63,[],0,0,[],[]
36908100,36909100,OCH,CXN,0.0,1072,XIOCAC,RC,0,NT,FH,0.0,0,-20.33,-12.2,[],0,0,[],[]
36909100,36910400,NA,OLN,0.0,1072,XIOCAC,NA,NA,NA,NA,0.0,0,-33.68,-25.85,[],0,0,[],[]
36910400,36911000,OCH,CXN,0.0,1072,XIOCAC,RC,0,NT,FH,0.0,0,-20.11,-14.22,[],0,0,[],[]
36911000,36912470,NA,OLN,0.0,1072,XIOCAC,NA,NA,NA,NA,0.0,0,-32.36,-21.26,[],0,0,[],[]
36912470,36914250,OCH,CXN,0.0,1072,XIOCAC,RC,0,NT,FH,0.0,0,-20.43,-10.61,[],0,0,[],[]
36914250,36916780,NA,OLN,0.0,1072,XIOCAC,NA,NA,NA,NA,0.0,0,-22.82,-0.52,[],0,0,[],[]
36916780,36917780,OCH,CXN,0.0,1072,XIOCAC,RC,0,NT,FH,0.0,0,-23.96,-14.22,[],0,0,[],[]
36917780,36919040,NA,OLN,0.0,1072,XIOCAC,NA,NA,NA,NA,0.0,0,-29.39,-18.89,[],0,0,[],[]
36919040,36921430,OCH,CXN,0.0,1072,XIOCAC,RC,0,NT,FH,0.0,0,-18.66,-9.46,[],0,0,[],[]
36921430,36922420,NA,OLN,0.0,1072,XIOCAC,NA,NA,NA,NA,0.0,0,-36.02,-31.64,[],0,0,[],[]
36922420,36923020,CHI,CHN,0.0,1072,XIOCAC,RC,0,NT,FI,1.0,600,-21.87,-17.21,"[{'Canonical-syllable': '0', 'Growl': '0', 'High-freq-energy': '0', 'Long-island': '0', 'Low-tilt-spectrum': '0', 'Medium-island': '1', 'Short-island': '0', 'Squeal': '0', 'Typical-entropy': '1', 'Voicing-quality': '1', 'Wide-band': '0', 'Xlong-island': '0', 'seq': '1', 'end': 36923.02, 'start': 36922.51}]",0,0,[],[]
36923020,36924350,CHI,CHN,0.0,1072,XIOCAC,RC,0,NT,FH,2.0,950,-20.63,-11.35,"[{'Canonical-syllable': '0', 'Growl': '0', 'High-freq-energy': '0', 'Long-island': '0', 'Low-tilt-spectrum': '0', 'Medium-island': '0', 'Short-island': '1', 'Squeal': '0', 'Typical-entropy': '0', 'Voicing-quality': '1', 'Wide-band': '0', 'Xlong-island': '0', 'seq': '1', 'end': 36923.25, 'start': 36923.1}, {'Canonical-syllable': '0', 'Growl': '0', 'High-freq-energy': '0', 'Long-island': '0', 'Low-tilt-spectrum': '0', 'Medium-island': '1', 'Short-island': '0', 'Squeal': '0', 'Typical-entropy': '2', 'Voicing-quality': '2', 'Wide-band': '0', 'Xlong-island': '0', 'seq': '2', 'end': 36924.35, 'start': 36923.63}]",0,0,[],[]
36924350,36927630,NA,OLN,0.0,1072,XIOCAC,NA,NA,NA,NA,0.0,0,-24.34,-12.0,[],0,0,[],[]
36927630,36928440,OCH,CXN,0.0,1072,XIOCAC,RC,0,NT,FI,0.0,0,-19.91,-11.75,[],0,0,[],[]
36928440,36929250,NA,OLN,0.0,1072,XIOCAC,NA,NA,NA,NA,0.0,0,-25.24,-14.61,[],0,0,[],[]
36929250,36930250,OCH,CXN,0.0,1072,XIOCAC,RC,0,NT,FH,0.0,0,-24.43,-15.88,[],0,0,[],[]
36930250,36932410,NA,OLN,0.0,1072,XIOCAC,NA,NA,NA,NA,0.0,0,-29.17,-22.64,[],0,0,[],[]
36932410,36934090,OCH,CXN,0.0,1072,XIOCAC,RC,0,NT,FH,0.0,0,-18.72,-8.18,[],0,0,[],[]
36934090,36935080,OCH,CXN,0.0,1072,XIOCAC,RC,0,NT,FH,0.0,0,-23.08,-12.61,[],0,0,[],[]
36935080,36936580,OCH,CXN,0.0,1072,XIOCAC,EC,0,NT,FH,0.0,0,-27.84,-18.47,[],0,0,[],[]
36936580,36939330,NA,OLN,0.0,1073,pause,NA,NA,NA,NA,0.0,0,-25.64,-14.45,[],0,0,[],[]
36939330,36940330,MAL,MAN,0.0,1073,pause,NA,NA,NA,NA,0.0,0,-34.86,-28.86,[],1000,0,[],[]
36940330,36942900,NA,OLN,0.0,1073,pause,NA,NA,NA,NA,0.0,0,-37.14,-30.92,[],0,0,[],[]
36942900,36943920,OCH,CXN,0.0,1073,XIOCA,BC,0,NT,FI,0.0,0,-17.83,-9.5,[],0,0,[],[]
36943920,36944720,NA,OLN,0.0,1073,XIOCA,NA,NA,NA,NA,0.0,0,-23.74,-14.79,[],0,0,[],[]
36944720,36945520,OCH,CXN,0.0,1073,XIOCA,RC,0,NT,FH,0.0,0,-26.06,-18.68,[],0,0,[],[]
36945520,36946640,OCH,CXN,0.0,1073,XIOCA,RC,0,NT,FH,0.0,0,-24.44,-16.52,[],0,0,[],[]
36946640,36947440,NA,OLN,0.0,1073,XIOCA,NA,NA,NA,NA,0.0,0,-32.75,-22.05,[],0,0,[],[]
36947440,36948450,FEM,FAN,5.52,1073,XIOCA,RC,0,NT,FI,0.0,0,-26.37,-10.18,[],0,0,[],[]
36948450,36951780,NA,OLN,0.0,1073,XIOCA,NA,NA,NA,NA,0.0,0,-36.12,-23.36,[],0,0,[],[]
36951780,36952600,OCH,CXN,0.0,1073,XIOCA,RC,0,NT,FI,0.0,0,-30.59,-24.36,[],0,0,[],[]
36952600,36954370,NA,OLN,0.0,1073,XIOCA,NA,NA,NA,NA,0.0,0,-25.69,-12.08,[],0,0,[],[]
36954370,36955570,OCH,CXN,0.0,1073,XIOCA,EC,0,NT,FH,0.0,0,-21.67,-14.69,[],0,0,[],[]
36955570,36961870,NA,OLF,0.0,1074,pause,NA,NA,NA,NA,0.0,0,-26.88,-3.71,[],0,0,[],[]
36961870,36962670,OCH,CXN,0.0,1074,XIOCAC,BC,0,NT,FI,0.0,0,-41.16,-36.78,[],0,0,[],[]
36962670,36965420,NA,OLN,0.0,1074,XIOCAC,NA,NA,NA,NA,0.0,0,-28.2,-16.78,[],0,0,[],[]
36965420,36966560,OCH,CXN,0.0,1074,XIOCAC,RC,0,NT,FH,0.0,0,-19.83,-13.11,[],0,0,[],[]
36966560,36967710,NA,OLF,0.0,1074,XIOCAC,NA,NA,NA,NA,0.0,0,-38.06,-28.62,[],0,0,[],[]
36967710,36968440,CHI,CHN,0.0,1074,XIOCAC,RC,0,NT,FI,1.0,730,-17.88,-10.31,"[{'Canonical-syllable': '0', 'Growl': '0', 'High-freq-energy': '0', 'Long-island': '0', 'Low-tilt-spectrum': '0', 'Medium-island': '1', 'Short-island': '1', 'Squeal': '0', 'Typical-entropy': '0', 'Voicing-quality': '2', 'Wide-band': '0', 'Xlong-island': '0', 'seq': '1', 'end': 36968.44, 'start': 36967.71}]",0,0,[],[]
36968440,36970190,OCH,CXN,0.0,1074,XIOCAC,RC,0,NT,FI,0.0,0,-26.38,-20.27,[],0,0,[],[]
36970190,36970990,NA,OLF,0.0,1074,XIOCAC,NA,NA,NA,NA,0.0,0,-38.51,-32.15,[],0,0,[],[]
36970990,36973030,FEM,FAN,9.6,1074,XIOCAC,EC,0,NT,FI,0.0,0,-24.39,-17.79,[],0,0,[],[]
36973030,36974860,NA,OLF,0.0,1075,pause,NA,NA,NA,NA,0.0,0,-33.51,-22.73,[],0,0,[],[]
36974860,36975900,NA,TVF,0.0,1075,pause,NA,NA,NA,NA,0.0,0,-38.95,-26.9,[],0,0,[],[]
36975900,36978150,NA,OLN,0.0,1075,pause,NA,NA,NA,NA,0.0,0,-34.07,-25.01,[],0,0,[],[]
36978150,36979170,NA,CXF,0.0,1075,pause,NA,NA,NA,NA,0.0,0,-40.88,-35.09,[],0,0,[],[]
36979170,36980230,OCH,CXN,0.0,1075,XIC,BC,0,NT,FI,0.0,0,-21.85,-10.99,[],0,0,[],[]
36980230,36981360,MAL,MAN,3.54,1075,XIC,RC,0,NT,FI,0.0,0,-28.59,-18.6,[],0,0,[],[]
36981360,36982360,FEM,FAN,3.19,1075,XIC,RC,0,NT,FI,0.0,0,-25.15,-16.05,[],0,0,[],[]
36982360,36983460,NA,CXF,0.0,1075,XIC,NA,NA,NA,NA,0.0,0,-41.76,-33.97,[],0,0,[],[]
36983460,36985120,NA,OLN,0.0,1075,XIC,NA,NA,NA,NA,0.0,0,-29.21,-20.35,[],0,0,[],[]
36985120,36986140,NA,MAF,0.0,1075,XIC,NA,NA,NA,NA,0.0,0,-41.9,-35.42,[],0,0,[],[]
36986140,36987770,FEM,FAN,11.7,1075,XIC,RC,0,TIFI,FH,0.0,0,-29.79,-21.16,[],0,0,[],[]
36987770,36989160,NA,OLN,0.0,1075,XIC,NA,NA,NA,NA,0.0,0,-18.82,-4.64,[],0,0,[],[]
36989160,36990390,CHI,CHN,0.0,1075,XIC,RC,1,TIFR,FI,1.0,1230,-18.89,-11.28,"[{'Canonical-syllable': '0', 'Growl': '0', 'High-freq-energy': '0', 'Long-island': '0', 'Low-tilt-spectrum': '0', 'Medium-island': '0', 'Short-island': '0', 'Squeal': '0', 'Typical-entropy': '1', 'Voicing-quality': '1', 'Wide-band': '0', 'Xlong-island': '1', 'seq': '1', 'end': 36990.39, 'start': 36989.16}]",0,0,[],[]
36990390,36991400,NA,OLN,0.0,1075,XIC,NA,NA,NA,NA,0.0,0,-30.6,-19.95,[],0,0,[],[]
36991400,36993400,FEM,FAN,7.35,1075,XIC,RC,1,TIFE,FI,0.0,0,-23.37,-14.71,[],0,0,[],[]
36993400,36994560,MAL,MAN,0.0,1075,XIC,NA,NA,NA,NA,0.0,0,-35.54,-29.38,[],1160,0,[],[]
36994560,36996170,FEM,FAN,9.46,1075,XIC,RC,1,NT,FH,0.0,0,-29.06,-17.69,[],0,0,[],[]
36996170,36998750,NA,OLN,0.0,1075,XIC,NA,NA,NA,NA,0.0,0,-26.04,-14.2,[],0,0,[],[]
36998750,36999420,FEM,FAN,3.63,1075,XIC,EC,1,NT,FH,0.0,0,-22.34,-16.6,[],0,0,[],[]
36999420,37000400,NA,OLF,0.0,1076,pause,NA,NA,NA,NA,0.0,0,-37.69,-31.88,[],0,0,[],[]
37000400,37001400,FEM,FAN,0.0,1076,pause,NA,NA,NA,NA,0.0,0,-27.19,-18.82,[],1000,0,[],[]
37001400,37010860,NA,OLN,0.0,1076,pause,NA,NA,NA,NA,0.0,0,-35.39,-22.79,[],0,0,[],[]
37010860,37011880,FEM,FAN,3.9,1076,AICF,BC,0,TIFI,FI,0.0,0,-31.86,-21.74,[],0,0,[],[]
37011880,37014330,NA,OLN,0.0,1076,AICF,NA,NA,NA,NA,0.0,0,-34.83,-20.73,[],0,0,[],[]
37014330,37015080,CHI,CHN,0.0,1076,AICF,RC,1,TIFR,FI,1.0,750,-22.13,-19.44,"[{'Canonical-syllable': '0', 'Growl': '0', 'High-freq-energy': '0', 'Long-island': '1', 'Low-tilt-spectrum': '0', 'Medium-island': '0', 'Short-island': '0', 'Squeal': '0', 'Typical-entropy': '0', 'Voicing-quality': '1', 'Wide-band': '0', 'Xlong-island': '0', 'seq': '1', 'end': 37015.08, 'start': 37014.33}]",0,0,[],[]
37015080,37018270,NA,OLN,0.0,1076,AICF,NA,NA,NA,NA,0.0,0,-26.83,-14.75,[],0,0,[],[]
37018270,37019270,FEM,FAN,2.81,1076,AICF,RC,1,TIFI,FI,0.0,0,-27.32,-16.85,[],0,0,[],[]
37019270,37020560,NA,OLN,0.0,1076,AICF,NA,NA,NA,NA,0.0,0,-29.64,-19.21,[],0,0,[],[]
37020560,37021220,CHI,CHN,0.0,1076,AICF,RC,2,TIFR,FI,1.0,660,-25.67,-19.74,"[{'Canonical-syllable': '1', 'Growl': '0', 'High-freq-energy': '0', 'Long-island': '0', 'Low-tilt-spectrum': '0', 'Medium-island': '0', 'Short-island': '2', 'Squeal': '0', 'Typical-entropy': '1', 'Voicing-quality': '2', 'Wide-band': '0', 'Xlong-island': '0', 'seq': '1', 'end': 37021.22, 'start': 37020.56}]",0,0,[],[]
37021220,37022020,NA,OLN,0.0,1076,AICF,NA,NA,NA,NA,0.0,0,-18.98,-12.72,[],0,0,[],[]
37022020,37023020,FEM,FAN,2.23,1076,AICF,RC,2,TIFE,FI,0.0,0,-26.29,-14.28,[],0,0,[],[]
37023020,37024860,NA,OLN,0.0,1076,AICF,NA,NA,NA,NA,0.0,0,-31.15,-19.26,[],0,0,[],[]
37024860,37025460,FEM,FAN,2.01,1076,AICF,EC,2,NT,FH,0.0,0,-21.17,-11.85,[],0,0,[],[]
37025460,37026260,NA,OLN,0.0,1077,pause,NA,NA,NA,NA,0.0,0,-28.85,-19.94,[],0,0,[],[]
37026260,37027260,NA,FAF,0.0,1077,pause,NA,NA,NA,NA,0.0,0,-36.32,-28.56,[],0,0,[],[]
37027260,37031960,NA,OLN,0.0,1077,pause,NA,NA,NA,NA,0.0,0,-28.45,-11.76,[],0,0,[],[]
37031960,37032590,CHI,CHN,0.0,1077,CIC,BC,0,NT,FI,1.0,150,-24.04,-14.81,"[{'Canonical-syllable': '0', 'Growl': '1', 'High-freq-energy': '0', 'Long-island': '0', 'Low-tilt-spectrum': '0', 'Medium-island': '0', 'Short-island': '0', 'Squeal': '0', 'Typical-entropy': '0', 'Voicing-quality': '1', 'Wide-band': '0', 'Xlong-island': '0', 'seq': '1', 'end': 37032.59, 'start': 37032.44}]",0,0,[],[]
37032590,37034210,NA,OLN,0.0,1077,CIC,NA,NA,NA,NA,0.0,0,-27.21,-14.04,[],0,0,[],[]
37034210,37035020,OCH,CXN,0.0,1077,CIC,RC,0,NT,FI,0.0,0,-17.51,-11.39,[],0,0,[],[]
37035020,37036170,OCH,CXN,0.0,1077,CIC,RC,0,NT,FH,0.0,0,-18.12,-9.3,[],0,0,[],[]
37036170,37039860,NA,OLN,0.0,1077,CIC,NA,NA,NA,NA,0.0,0,-25.49,-9.93,[],0,0,[],[]
37039860,37041460,FEM,FAN,7.8,1077,CIC,RC,0,NT,FI,0.0,0,-23.17,-13.84,[],0,0,[],[]
37041460,37042090,FEM,FAN,2.07,1077,CIC,RC,0,TIFI,FH,0.0,0,-23.65,-15.49,[],0,0,[],[]
37042090,37042940,NA,OLN,0.0,1077,CIC,NA,NA,NA,NA,0.0,0,-21.55,-11.07,[],0,0,[],[]
37042940,37044250,CHI,CHN,0.0,1077,CIC,RC,1,TIFR,FI,1.0,1310,-17.67,-8.38,"[{'Canonical-syllable': '2', 'Growl': '0', 'High-freq-energy': '0', 'Long-island': '0', 'Low-tilt-spectrum': '0', 'Medium-island': '1', 'Short-island': '2', 'Squeal': '0', 'Typical-entropy': '1', 'Voicing-quality': '3', 'Wide-band': '0', 'Xlong-island': '0', 'seq': '1', 'end': 37044.25, 'start': 37042.94}]",0,0,[],[]
37044250,37045130,NA,OLN,0.0,1077,CIC,NA,NA,NA,NA,0.0,0,-27.45,-18.09,[],0,0,[],[]
37045130,37046590,OCH,CXN,0.0,1077,CIC,RC,1,NT,FI,0.0,0,-18.81,-11.28,[],0,0,[],[]
37046590,37047480,CHI,CHN,0.0,1077,CIC,RC,1,TIFI,FI,1.0,890,-17.64,-11.37,"[{'Canonical-syllable': '1', 'Growl': '0', 'High-freq-energy': '0', 'Long-island': '0', 'Low-tilt-spectrum': '0', 'Medium-island': '1', 'Short-island': '1', 'Squeal': '0', 'Typical-entropy': '1', 'Voicing-quality': '2', 'Wide-band': '0', 'Xlong-island': '0', 'seq': '1', 'end': 37047.48, 'start': 37046.59}]",0,0,[],[]
37047480,37048910,FEM,FAN,2.77,1077,CIC,RC,2,TIFR,FI,0.0,0,-23.29,-14.3,[],0,0,[],[]
37048910,37050660,NA,OLN,0.0,1077,CIC,NA,NA,NA,NA,0.0,0,-26.17,-11.99,[],0,0,[],[]
37050660,37051920,CHI,CHN,0.0,1077,CIC,RC,2,TIFE,FI,1.0,1260,-16.59,-10.28,"[{'Canonical-syllable': '1', 'Growl': '0', 'High-freq-energy': '0', 'Long-island': '1', 'Low-tilt-spectrum': '0', 'Medium-island': '1', 'Short-island': '0', 'Squeal': '0', 'Typical-entropy': '2', 'Voicing-quality': '2', 'Wide-band': '0', 'Xlong-island': '0', 'seq': '1', 'end': 37051.92, 'start': 37050.66}]",0,0,[],[]
37051920,37054690,NA,OLN,0.0,1077,CIC,NA,NA,NA,NA,0.0,0,-34.88,-27.88,[],0,0,[],[]
37054690,37055490,OCH,CXN,0.0,1077,CIC,RC,2,NT,FI,0.0,0,-38.12,-33.22,[],0,0,[],[]
37055490,37056310,NA,OLN,0.0,1077,CIC,NA,NA,NA,NA,0.0,0,-38.02,-33.46,[],0,0,[],[]
37056310,37057110,OCH,CXN,0.0,1077,CIC,RC,2,NT,FH,0.0,0,-30.54,-21.63,[],0,0,[],[]
37057110,37059060,NA,OLN,0.0,1077,CIC,NA,NA,NA,NA,0.0,0,-27.66,-19.55,[],0,0,[],[]
37059060,37060250,MAL,MAN,4.61,1077,CIC,RC,2,NT,FI,0.0,0,-26.71,-18.37,[],0,0,[],[]
37060250,37061520,OCH,CXN,0.0,1077,CIC,RC,2,NT,FI,0.0,0,-21.86,-14.99,[],0,0,[],[]
37061520,37063500,NA,OLN,0.0,1077,CIC,NA,NA,NA,NA,0.0,0,-33.25,-24.76,[],0,0,[],[]
37063500,37064500,OCH,CXN,0.0,1077,CIC,EC,2,NT,FH,0.0,0,-26.82,-18.38,[],0,0,[],[]
37064500,37070040,NA,OLN,0.0,1078,pause,NA,NA,NA,NA,0.0,0,-34.05,-13.43,[],0,0,[],[]
37070040,37070840,NA,CXF,0.0,1078,pause,NA,NA,NA,NA,0.0,0,-37.16,-32.05,[],0,0,[],[]
37070840,37081340,NA,OLN,0.0,1078,pause,NA,NA,NA,NA,0.0,0,-30.87,-15.59,[],0,0,[],[]
37081340,37082030,CHI,CHN,0.0,1078,pause,NA,NA,NA,NA,0.0,0,-24.38,-18.03,[],0,690,"[{'start': 37081.34, 'end': 37082.03}]",[]
37082030,37085180,NA,OLN,0.0,1078,pause,NA,NA,NA,NA,0.0,0,-23.55,-6.21,[],0,0,[],[]
37085180,37085980,NA,NOF,0.0,1078,pause,NA,NA,NA,NA,0.0,0,-18.06,-5.4,[],0,0,[],[]
37085980,37087740,NA,OLN,0.0,1078,pause,NA,NA,NA,NA,0.0,0,-23.51,-8.94,[],0,0,[],[]
37087740,37088340,OCH,CXN,0.0,1078,XM,EC,0,NT,FI,0.0,0,-24.36,-21.02,[],0,0,[],[]
37088340,37097570,NA,OLN,0.0,1079,pause,NA,NA,NA,NA,0.0,0,-31.3,-12.73,[],0,0,[],[]
37097570,37098370,OCH,CXN,0.0,1079,XM,BC,0,NT,FI,0.0,0,-33.58,-29.51,[],0,0,[],[]
37098370,37100620,NA,OLN,0.0,1079,XM,NA,NA,NA,NA,0.0,0,-33.21,-26.4,[],0,0,[],[]
37100620,37101510,OCH,CXN,0.0,1079,XM,EC,0,NT,FH,0.0,0,-32.81,-29.01,[],0,0,[],[]
37101510,37102390,NA,OLN,0.0,1080,pause,NA,NA,NA,NA,0.0,0,-35.35,-31.11,[],0,0,[],[]
37102390,37103460,NA,TVN,0.0,1080,pause,NA,NA,NA,NA,0.0,0,-33.15,-28.8,[],0,0,[],[]
37103460,37105810,NA,OLN,0.0,1080,pause,NA,NA,NA,NA,0.0,0,-32.69,-27.28,[],0,0,[],[]
37105810,37106880,MAL,MAN,0.0,1080,pause,NA,NA,NA,NA,0.0,0,-32.36,-27.25,[],1070,0,[],[]
37106880,37108320,NA,OLN,0.0,1080,pause,NA,NA,NA,NA,0.0,0,-34.07,-26.94,[],0,0,[],[]
37108320,37111610,NA,OLF,0.0,1080,pause,NA,NA,NA,NA,0.0,0,-35.28,-30.0,[],0,0,[],[]
37111610,37112410,NA,TVN,0.0,1080,pause,NA,NA,NA,NA,0.0,0,-34.05,-27.14,[],0,0,[],[]
37112410,37113810,NA,OLF,0.0,1080,pause,NA,NA,NA,NA,0.0,0,-35.3,-28.42,[],0,0,[],[]
37113810,37114780,OCH,CXN,0.0,1080,XM,BC,0,NT,FI,0.0,0,-33.38,-28.68,[],0,0,[],[]
37114780,37116420,NA,OLN,0.0,1080,XM,NA,NA,NA,NA,0.0,0,-33.71,-27.48,[],0,0,[],[]
37116420,37117430,FEM,FAN,0.0,1080,XM,NA,NA,NA,NA,0.0,0,-31.21,-25.96,[],1010,0,[],[]
37117430,37118490,NA,OLN,0.0,1080,XM,NA,NA,NA,NA,0.0,0,-31.08,-25.82,[],0,0,[],[]
37118490,37119490,OCH,CXN,0.0,1080,XM,EC,0,NT,FH,0.0,0,-31.3,-27.92,[],0,0,[],[]
37119490,37126280,NA,OLN,0.0,1081,pause,NA,NA,NA,NA,0.0,0,-27.56,-4.69,[],0,0,[],[]
37126280,37127290,NA,MAF,0.0,1081,pause,NA,NA,NA,NA,0.0,0,-37.13,-32.89,[],0,0,[],[]
37127290,37136030,NA,OLN,0.0,1081,pause,NA,NA,NA,NA,0.0,0,-33.91,-23.21,[],0,0,[],[]
37136030,37137030,NA,MAF,0.0,1081,pause,NA,NA,NA,NA,0.0,0,-38.99,-33.3,[],0,0,[],[]
37137030,37137890,NA,OLF,0.0,1081,pause,NA,NA,NA,NA,0.0,0,-39.36,-32.65,[],0,0,[],[]
37137890,37138920,NA,MAF,0.0,1081,pause,NA,NA,NA,NA,0.0,0,-37.58,-32.94,[],0,0,[],[]
37138920,37139720,NA,OLF,0.0,1081,pause,NA,NA,NA,NA,0.0,0,-38.18,-34.94,[],0,0,[],[]
37139720,37140720,MAL,MAN,0.0,1081,pause,NA,NA,NA,NA,0.0,0,-35.42,-31.18,[],1000,0,[],[]
37140720,37141840,NA,OLF,0.0,1081,pause,NA,NA,NA,NA,0.0,0,-36.84,-32.16,[],0,0,[],[]
37141840,37142850,NA,CXF,0.0,1081,pause,NA,NA,NA,NA,0.0,0,-37.01,-33.68,[],0,0,[],[]
37142850,37143850,NA,FAF,0.0,1081,pause,NA,NA,NA,NA,0.0,0,-39.26,-34.92,[],0,0,[],[]
37143850,37145120,NA,TVF,0.0,1081,pause,NA,NA,NA,NA,0.0,0,-39.53,-34.8,[],0,0,[],[]
37145120,37145920,NA,OLF,0.0,1081,pause,NA,NA,NA,NA,0.0,0,-37.99,-33.44,[],0,0,[],[]
37145920,37146730,NA,NON,0.0,1081,pause,NA,NA,NA,NA,0.0,0,-26.56,-22.78,[],0,0,[],[]
37146730,37147540,NA,OLN,0.0,1081,pause,NA,NA,NA,NA,0.0,0,-34.13,-27.17,[],0,0,[],[]
37147540,37148470,NA,NOF,0.0,1081,pause,NA,NA,NA,NA,0.0,0,-45.43,-37.27,[],0,0,[],[]
37148470,37151400,NA,SIL,0.0,1081,pause,NA,NA,NA,NA,0.0,0,-50.85,-37.75,[],0,0,[],[]
37151400,37154010,NA,TVF,0.0,1081,pause,NA,NA,NA,NA,0.0,0,-46.49,-36.74,[],0,0,[],[]
37154010,37155260,NA,SIL,0.0,1081,pause,NA,NA,NA,NA,0.0,0,-54.7,-46.37,[],0,0,[],[]
37155260,37157620,OCH,CXN,0.0,1081,XM,EC,0,NT,FI,0.0,0,-43.65,-32.68,[],0,0,[],[]
37157620,37158470,NA,SIL,0.0,1082,pause,NA,NA,NA,NA,0.0,0,-47.03,-37.65,[],0,0,[],[]
37158470,37159590,NA,CXF,0.0,1082,pause,NA,NA,NA,NA,0.0,0,-39.07,-32.95,[],0,0,[],[]
37159590,37160600,NA,TVN,0.0,1082,pause,NA,NA,NA,NA,0.0,0,-42.29,-34.94,[],0,0,[],[]
37160600,37162410,NA,SIL,0.0,1082,pause,NA,NA,NA,NA,0.0,0,-50.91,-38.43,[],0,0,[],[]
37162410,37163950,NA,TVN,0.0,1082,pause,NA,NA,NA,NA,0.0,0,-44.16,-36.45,[],0,0,[],[]
37163950,37165030,NA,SIL,0.0,1082,pause,NA,NA,NA,NA,0.0,0,-48.48,-38.74,[],0,0,[],[]
37165030,37165830,NA,CXF,0.0,1082,pause,NA,NA,NA,NA,0.0,0,-41.26,-32.34,[],0,0,[],[]
37165830,37166830,NA,MAF,0.0,1082,pause,NA,NA,NA,NA,0.0,0,-48.06,-40.56,[],0,0,[],[]
37166830,37169760,NA,SIL,0.0,1082,pause,NA,NA,NA,NA,0.0,0,-51.05,-35.79,[],0,0,[],[]
37169760,37171350,NA,CXF,0.0,1082,pause,NA,NA,NA,NA,0.0,0,-42.27,-32.3,[],0,0,[],[]
37171350,37172500,NA,TVF,0.0,1082,pause,NA,NA,NA,NA,0.0,0,-47.69,-39.64,[],0,0,[],[]
37172500,37173310,NA,SIL,0.0,1082,pause,NA,NA,NA,NA,0.0,0,-51.05,-45.2,[],0,0,[],[]
37173310,37174290,NA,CXF,0.0,1082,pause,NA,NA,NA,NA,0.0,0,-43.48,-34.31,[],0,0,[],[]
37174290,37175730,NA,SIL,0.0,1082,pause,NA,NA,NA,NA,0.0,0,-46.54,-35.37,[],0,0,[],[]
37175730,37177480,NA,TVF,0.0,1082,pause,NA,NA,NA,NA,0.0,0,-50.87,-45.12,[],0,0,[],[]
37177480,37179460,NA,SIL,0.0,1082,pause,NA,NA,NA,NA,0.0,0,-49.33,-37.94,[],0,0,[],[]
37179460,37181100,NA,TVF,0.0,1082,pause,NA,NA,NA,NA,0.0,0,-50.89,-41.94,[],0,0,[],[]
37181100,37182200,NA,NOF,0.0,1082,pause,NA,NA,NA,NA,0.0,0,-45.18,-33.63,[],0,0,[],[]
37182200,37183200,NA,TVF,0.0,1082,pause,NA,NA,NA,NA,0.0,0,-50.02,-38.35,[],0,0,[],[]
37183200,37186800,NA,SIL,0.0,1082,pause,NA,NA,NA,NA,0.0,0,-52.72,-38.23,[],0,0,[],[]
37186800,37187810,OCH,CXN,0.0,1082,XM,BC,0,NT,FI,0.0,0,-44.36,-35.04,[],0,0,[],[]
37187810,37188410,NA,SIL,0.0,1082,XM,NA,NA,NA,NA,0.0,0,-45.16,-35.32,[],0,0,[],[]
37188410,37190170,OCH,CXN,0.0,1082,XM,RC,0,NT,FH,0.0,0,-43.49,-32.51,[],0,0,[],[]
37190170,37192760,NA,SIL,0.0,1082,XM,NA,NA,NA,NA,0.0,0,-50.83,-37.22,[],0,0,[],[]
37192760,37193560,OCH,CXN,0.0,1082,XM,RC,0,NT,FH,0.0,0,-43.18,-29.59,[],0,0,[],[]
37193560,37195200,NA,SIL,0.0,1082,XM,NA,NA,NA,NA,0.0,0,-50.49,-37.85,[],0,0,[],[]
37195200,37196000,OCH,CXN,0.0,1082,XM,EC,0,NT,FH,0.0,0,-43.06,-36.49,[],0,0,[],[]
37196000,37198160,NA,SIL,0.0,1083,pause,NA,NA,NA,NA,0.0,0,-50.54,-38.26,[],0,0,[],[]
37198160,37199430,NA,CXF,0.0,1083,pause,NA,NA,NA,NA,0.0,0,-44.44,-37.68,[],0,0,[],[]
37199430,37200230,NA,SIL,0.0,1083,pause,NA,NA,NA,NA,0.0,0,-54.84,-45.51,[],0,0,[],[]
37200230,37201920,NA,NOF,0.0,1083,pause,NA,NA,NA,NA,0.0,0,-42.3,-33.14,[],0,0,[],[]
37201920,37202920,NA,TVF,0.0,1083,pause,NA,NA,NA,NA,0.0,0,-47.34,-35.87,[],0,0,[],[]
37202920,37205850,NA,SIL,0.0,1083,pause,NA,NA,NA,NA,0.0,0,-50.97,-35.11,[],0,0,[],[]
37205850,37211340,OCH,CXN,0.0,1083,XM,EC,0,NT,FI,0.0,0,-44.37,-33.48,[],0,0,[],[]
37211340,37212140,NA,SIL,0.0,1084,pause,NA,NA,NA,NA,0.0,0,-50.05,-38.72,[],0,0,[],[]
37212140,37213140,NA,TVN,0.0,1084,pause,NA,NA,NA,NA,0.0,0,-44.26,-36.09,[],0,0,[],[]
37213140,37214760,NA,SIL,0.0,1084,pause,NA,NA,NA,NA,0.0,0,-43.87,-30.76,[],0,0,[],[]
37214760,37215610,NA,CXF,0.0,1084,pause,NA,NA,NA,NA,0.0,0,-44.46,-37.78,[],0,0,[],[]
37215610,37216440,NA,NOF,0.0,1084,pause,NA,NA,NA,NA,0.0,0,-42.31,-34.12,[],0,0,[],[]
37216440,37218280,OCH,CXN,0.0,1084,XM,BC,0,NT,FI,0.0,0,-36.5,-28.54,[],0,0,[],[]
37218280,37219110,NA,OLN,0.0,1084,XM,NA,NA,NA,NA,0.0,0,-32.36,-27.46,[],0,0,[],[]
37219110,37220190,OCH,CXN,0.0,1084,XM,RC,0,NT,FH,0.0,0,-31.44,-27.57,[],0,0,[],[]
37220190,37222390,NA,OLF,0.0,1084,XM,NA,NA,NA,NA,0.0,0,-34.18,-27.67,[],0,0,[],[]
37222390,37223490,OCH,CXN,0.0,1084,XM,RC,0,NT,FH,0.0,0,-32.43,-26.64,[],0,0,[],[]
37223490,37224510,OCH,CXN,0.0,1084,XM,RC,0,NT,FH,0.0,0,-32.85,-26.58,[],0,0,[],[]
37224510,37225480,OCH,CXN,0.0,1084,XM,RC,0,NT,FH,0.0,0,-30.79,-27.4,[],0,0,[],[]
37225480,37226280,NA,NON,0.0,1084,XM,NA,NA,NA,NA,0.0,0,-30.08,-22.03,[],0,0,[],[]
37226280,37227530,OCH,CXN,0.0,1084,XM,RC,0,NT,FH,0.0,0,-26.34,-20.05,[],0,0,[],[]
37227530,37229090,NA,OLN,0.0,1084,XM,NA,NA,NA,NA,0.0,0,-31.92,-25.69,[],0,0,[],[]
37229090,37230140,NA,TVF,0.0,1084,XM,NA,NA,NA,NA,0.0,0,-38.61,-34.77,[],0,0,[],[]
37230140,37231700,OCH,CXN,0.0,1084,XM,EC,0,NT,FH,0.0,0,-38.46,-30.91,[],0,0,[],[]
37231700,37233910,NA,OLF,0.0,1085,pause,NA,NA,NA,NA,0.0,0,-39.3,-34.3,[],0,0,[],[]
37233910,37235090,NA,TVF,0.0,1085,pause,NA,NA,NA,NA,0.0,0,-37.94,-33.3,[],0,0,[],[]
37235090,37236240,NA,OLF,0.0,1085,pause,NA,NA,NA,NA,0.0,0,-37.25,-29.05,[],0,0,[],[]
37236240,37237050,NA,CXF,0.0,1085,pause,NA,NA,NA,NA,0.0,0,-39.66,-35.32,[],0,0,[],[]
37237050,37238440,NA,TVF,0.0,1085,pause,NA,NA,NA,NA,0.0,0,-42.19,-35.67,[],0,0,[],[]
37238440,37239240,NA,SIL,0.0,1085,pause,NA,NA,NA,NA,0.0,0,-45.86,-39.37,[],0,0,[],[]
37239240,37243700,OCH,CXN,0.0,1085,XIC,BC,0,NT,FI,0.0,0,-38.08,-28.85,[],0,0,[],[]
37243700,37245130,OCH,CXN,0.0,1085,XIC,RC,0,NT,FH,0.0,0,-24.45,-16.48,[],0,0,[],[]
37245130,37245730,CHI,CHN,0.0,1085,XIC,RC,0,NT,FI,1.0,440,-16.13,-11.61,"[{'Canonical-syllable': '0', 'Growl': '0', 'High-freq-energy': '0', 'Long-island': '0', 'Low-tilt-spectrum': '0', 'Medium-island': '1', 'Short-island': '0', 'Squeal': '0', 'Typical-entropy': '1', 'Voicing-quality': '1', 'Wide-band': '0', 'Xlong-island': '0', 'seq': '1', 'end': 37245.57, 'start': 37245.13}]",0,0,[],[]
37245730,37246730,NA,TVF,0.0,1085,XIC,NA,NA,NA,NA,0.0,0,-45.87,-38.29,[],0,0,[],[]
37246730,37247410,CHI,CHN,0.0,1085,XIC,RC,0,NT,FH,1.0,570,-26.39,-22.04,"[{'Canonical-syllable': '1', 'Growl': '0', 'High-freq-energy': '0', 'Long-island': '0', 'Low-tilt-spectrum': '0', 'Medium-island': '1', 'Short-island': '0', 'Squeal': '0', 'Typical-entropy': '0', 'Voicing-quality': '1', 'Wide-band': '0', 'Xlong-island': '0', 'seq': '1', 'end': 37247.3, 'start': 37246.73}]",0,0,[],[]
37247410,37250980,NA,OLN,0.0,1085,XIC,NA,NA,NA,NA,0.0,0,-24.73,-6.16,[],0,0,[],[]
37250980,37252910,CHI,CHN,0.0,1085,XIC,RC,0,NT,FH,1.0,1930,-15.8,-9.54,"[{'Canonical-syllable': '0', 'Growl': '0', 'High-freq-energy': '0', 'Long-island': '2', 'Low-tilt-spectrum': '0', 'Medium-island': '1', 'Short-island': '0', 'Squeal': '0', 'Typical-entropy': '2', 'Voicing-quality': '3', 'Wide-band': '0', 'Xlong-island': '0', 'seq': '1', 'end': 37252.91, 'start': 37250.98}]",0,0,[],[]
37252910,37253790,NA,OLN,0.0,1085,XIC,NA,NA,NA,NA,0.0,0,-22.72,-9.99,[],0,0,[],[]
37253790,37254560,CHI,CHN,0.0,1085,XIC,RC,0,NT,FH,1.0,770,-14.95,-10.06,"[{'Canonical-syllable': '0', 'Growl': '0', 'High-freq-energy': '0', 'Long-island': '0', 'Low-tilt-spectrum': '0', 'Medium-island': '1', 'Short-island': '0', 'Squeal': '0', 'Typical-entropy': '0', 'Voicing-quality': '2', 'Wide-band': '0', 'Xlong-island': '0', 'seq': '1', 'end': 37254.56, 'start': 37253.79}]",0,0,[],[]
37254560,37255850,OCH,CXN,0.0,1085,XIC,RC,0,NT,FI,0.0,0,-23.81,-16.82,[],0,0,[],[]
37255850,37256650,OCH,CXN,0.0,1085,XIC,RC,0,NT,FH,0.0,0,-30.31,-20.2,[],0,0,[],[]
37256650,37258090,CHI,CHN,0.0,1085,XIC,RC,0,NT,FI,2.0,870,-18.31,-8.45,"[{'Canonical-syllable': '0', 'Growl': '0', 'High-freq-energy': '0', 'Long-island': '0', 'Low-tilt-spectrum': '0', 'Medium-island': '1', 'Short-island': '0', 'Squeal': '0', 'Typical-entropy': '1', 'Voicing-quality': '1', 'Wide-band': '0', 'Xlong-island': '0', 'seq': '1', 'end': 37257.05, 'start': 37256.65}, {'Canonical-syllable': '0', 'Growl': '0', 'High-freq-energy': '0', 'Long-island': '0', 'Low-tilt-spectrum': '0', 'Medium-island': '1', 'Short-island': '0', 'Squeal': '0', 'Typical-entropy': '0', 'Voicing-quality': '1', 'Wide-band': '0', 'Xlong-island': '0', 'seq': '2', 'end': 37258.09, 'start': 37257.62}]",0,0,[],[]
37258090,37259150,NA,OLN,0.0,1085,XIC,NA,NA,NA,NA,0.0,0,-19.26,-1.98,[],0,0,[],[]
37259150,37260240,OCH,CXN,0.0,1085,XIC,RC,0,NT,FI,0.0,0,-20.96,-11.65,[],0,0,[],[]
37260240,37261520,CHI,CHN,0.0,1085,XIC,RC,0,NT,FI,1.0,1280,-14.77,-3.38,"[{'Canonical-syllable': '0', 'Growl': '0', 'High-freq-energy': '0', 'Long-island': '1', 'Low-tilt-spectrum': '1', 'Medium-island': '1', 'Short-island': '0', 'Squeal': '0', 'Typical-entropy': '1', 'Voicing-quality': '2', 'Wide-band': '0', 'Xlong-island': '0', 'seq': '1', 'end': 37261.52, 'start': 37260.24}]",0,0,[],[]
37261520,37262690,CHI,CHN,0.0,1085,XIC,RC,0,NT,FH,1.0,1170,-17.94,-10.35,"[{'Canonical-syllable': '0', 'Growl': '0', 'High-freq-energy': '0', 'Long-island': '0', 'Low-tilt-spectrum': '0', 'Medium-island': '3', 'Short-island': '0', 'Squeal': '0', 'Typical-entropy': '0', 'Voicing-quality': '3', 'Wide-band': '0', 'Xlong-island': '0', 'seq': '1', 'end': 37262.69, 'start': 37261.52}]",0,0,[],[]
37262690,37263750,OCH,CXN,0.0,1085,XIC,RC,0,NT,FI,0.0,0,-34.54,-21.69,[],0,0,[],[]
37263750,37264920,NA,OLN,0.0,1085,XIC,NA,NA,NA,NA,0.0,0,-30.26,-22.22,[],0,0,[],[]
37264920,37266670,FEM,FAN,8.49,1085,XIC,RC,0,NT,FI,0.0,0,-24.78,-13.5,[],0,0,[],[]
37266670,37267500,OCH,CXN,0.0,1085,XIC,RC,0,NT,FI,0.0,0,-37.48,-30.45,[],0,0,[],[]
37267500,37268920,OCH,CXN,0.0,1085,XIC,RC,0,NT,FH,0.0,0,-30.47,-23.26,[],0,0,[],[]
37268920,37269520,CHI,CHN,0.0,1085,XIC,RC,0,TIFI,FI,1.0,600,-28.37,-24.04,"[{'Canonical-syllable': '0', 'Growl': '1', 'High-freq-energy': '0', 'Long-island': '0', 'Low-tilt-spectrum': '1', 'Medium-island': '0', 'Short-island': '1', 'Squeal': '0', 'Typical-entropy': '0', 'Voicing-quality': '1', 'Wide-band': '0', 'Xlong-island': '0', 'seq': '1', 'end': 37269.52, 'start': 37268.92}]",0,0,[],[]
37269520,37270630,FEM,FAN,5.65,1085,XIC,RC,1,TIFR,FI,0.0,0,-34.45,-23.02,[],0,0,[],[]
37270630,37271560,NA,OLN,0.0,1085,XIC,NA,NA,NA,NA,0.0,0,-33.49,-25.41,[],0,0,[],[]
37271560,37272690,OCH,CXN,0.0,1085,XIC,RC,1,NT,FI,0.0,0,-27.07,-17.69,[],0,0,[],[]
37272690,37273490,NA,OLN,0.0,1085,XIC,NA,NA,NA,NA,0.0,0,-32.62,-24.6,[],0,0,[],[]
37273490,37274290,NA,NOF,0.0,1085,XIC,NA,NA,NA,NA,0.0,0,-40.92,-31.65,[],0,0,[],[]
37274290,37275090,NA,OLN,0.0,1085,XIC,NA,NA,NA,NA,0.0,0,-39.33,-32.29,[],0,0,[],[]
37275090,37276130,FEM,FAN,5.12,1085,XIC,RC,1,NT,FI,0.0,0,-33.09,-25.68,[],0,0,[],[]
37276130,37277360,NA,OLN,0.0,1085,XIC,NA,NA,NA,NA,0.0,0,-33.99,-25.5,[],0,0,[],[]
37277360,37278370,NA,TVF,0.0,1085,XIC,NA,NA,NA,NA,0.0,0,-42.11,-33.52,[],0,0,[],[]
37278370,37279320,OCH,CXN,0.0,1085,XIC,RC,1,NT,FI,0.0,0,-32.19,-24.56,[],0,0,[],[]
37279320,37280320,NA,TVF,0.0,1085,XIC,NA,NA,NA,NA,0.0,0,-40.58,-33.87,[],0,0,[],[]
37280320,37281140,OCH,CXN,0.0,1085,XIC,RC,1,NT,FH,0.0,0,-31.94,-24.93,[],0,0,[],[]
37281140,37282060,NA,OLF,0.0,1085,XIC,NA,NA,NA,NA,0.0,0,-31.44,-21.14,[],0,0,[],[]
37282060,37282660,CHI,CHN,0.0,1085,XIC,RC,1,NT,FI,1.0,600,-17.43,-12.28,"[{'Canonical-syllable': '0', 'Growl': '0', 'High-freq-energy': '0', 'Long-island': '0', 'Low-tilt-spectrum': '0', 'Medium-island': '1', 'Short-island': '0', 'Squeal': '0', 'Typical-entropy': '1', 'Voicing-quality': '1', 'Wide-band': '0', 'Xlong-island': '0', 'seq': '1', 'end': 37282.66, 'start': 37282.06}]",0,0,[],[]
37282660,37283520,OCH,CXN,0.0,1085,XIC,RC,1,NT,FI,0.0,0,-26.34,-18.21,[],0,0,[],[]
37283520,37284120,CHI,CHN,0.0,1085,XIC,RC,1,NT,FI,1.0,600,-26.82,-21.51,"[{'Canonical-syllable': '0', 'Growl': '1', 'High-freq-energy': '2', 'Long-island': '0', 'Low-tilt-spectrum': '2', 'Medium-island': '0', 'Short-island': '2', 'Squeal': '0', 'Typical-entropy': '2', 'Voicing-quality': '2', 'Wide-band': '0', 'Xlong-island': '0', 'seq': '1', 'end': 37284.12, 'start': 37283.66}]",0,0,[],[]
37284120,37284970,NA,NON,0.0,1085,XIC,NA,NA,NA,NA,0.0,0,-29.42,-18.9,[],0,0,[],[]
37284970,37286830,OCH,CXN,0.0,1085,XIC,RC,1,NT,FI,0.0,0,-24.77,-13.89,[],0,0,[],[]
37286830,37287910,NA,OLN,0.0,1085,XIC,NA,NA,NA,NA,0.0,0,-23.0,-9.75,[],0,0,[],[]
37287910,37288910,MAL,MAN,1.02,1085,XIC,EC,1,NT,FI,0.0,0,-36.77,-28.86,[],0,0,[],[]
37288910,37291830,NA,OLF,0.0,1086,pause,NA,NA,NA,NA,0.0,0,-25.93,-10.64,[],0,0,[],[]
37291830,37292840,NA,MAF,0.0,1086,pause,NA,NA,NA,NA,0.0,0,-41.62,-33.15,[],0,0,[],[]
37292840,37293930,NA,TVF,0.0,1086,pause,NA,NA,NA,NA,0.0,0,-41.05,-27.69,[],0,0,[],[]
37293930,37294730,NA,SIL,0.0,1086,pause,NA,NA,NA,NA,0.0,0,-50.56,-40.6,[],0,0,[],[]
37294730,37295890,OCH,CXN,0.0,1086,XM,BC,0,NT,FI,0.0,0,-39.46,-32.06,[],0,0,[],[]
37295890,37297130,OCH,CXN,0.0,1086,XM,RC,0,NT,FH,0.0,0,-39.77,-30.2,[],0,0,[],[]
37297130,37298390,OCH,CXN,0.0,1086,XM,RC,0,NT,FH,0.0,0,-36.54,-28.83,[],0,0,[],[]
37298390,37299970,NA,OLN,0.0,1086,XM,NA,NA,NA,NA,0.0,0,-35.6,-17.47,[],0,0,[],[]
37299970,37300770,NA,SIL,0.0,1086,XM,NA,NA,NA,NA,0.0,0,-44.95,-37.17,[],0,0,[],[]
37300770,37301850,OCH,CXN,0.0,1086,XM,RC,0,NT,FH,0.0,0,-38.64,-31.93,[],0,0,[],[]
37301850,37303640,NA,OLN,0.0,1086,XM,NA,NA,NA,NA,0.0,0,-34.0,-26.34,[],0,0,[],[]
37303640,37304440,OCH,CXN,0.0,1086,XM,RC,0,NT,FH,0.0,0,-36.03,-27.09,[],0,0,[],[]
37304440,37307330,NA,OLN,0.0,1086,XM,NA,NA,NA,NA,0.0,0,-22.77,-7.12,[],0,0,[],[]
37307330,37308930,OCH,CXN,0.0,1086,XM,EC,0,NT,FH,0.0,0,-40.36,-32.11,[],0,0,[],[]
37308930,37310810,NA,TVN,0.0,1087,pause,NA,NA,NA,NA,0.0,0,-45.63,-35.25,[],0,0,[],[]
37310810,37312610,NA,MAF,0.0,1087,pause,NA,NA,NA,NA,0.0,0,-43.87,-34.89,[],0,0,[],[]
37312610,37314340,NA,TVF,0.0,1087,pause,NA,NA,NA,NA,0.0,0,-46.98,-36.29,[],0,0,[],[]
37314340,37315140,NA,FAF,0.0,1087,pause,NA,NA,NA,NA,0.0,0,-46.62,-39.73,[],0,0,[],[]
37315140,37317200,MAL,MAN,6.29,1087,AMM,BC,0,NT,FI,0.0,0,-44.26,-37.78,[],0,0,[],[]
37317200,37318200,NA,TVN,0.0,1087,AMM,NA,NA,NA,NA,0.0,0,-43.95,-37.55,[],0,0,[],[]
37318200,37319240,MAL,MAN,5.48,1087,AMM,EC,0,NT,FH,0.0,0,-43.37,-36.15,[],0,0,[],[]
37319240,37320320,NA,TVF,0.0,1088,pause,NA,NA,NA,NA,0.0,0,-41.79,-34.48,[],0,0,[],[]
37320320,37321390,NA,MAF,0.0,1088,pause,NA,NA,NA,NA,0.0,0,-43.83,-36.5,[],0,0,[],[]
37321390,37322390,NA,TVN,0.0,1088,pause,NA,NA,NA,NA,0.0,0,-49.94,-43.28,[],0,0,[],[]
37322390,37323770,NA,SIL,0.0,1088,pause,NA,NA,NA,NA,0.0,0,-49.33,-40.31,[],0,0,[],[]
37323770,37324820,NA,TVF,0.0,1088,pause,NA,NA,NA,NA,0.0,0,-51.28,-43.16,[],0,0,[],[]
37324820,37325830,NA,SIL,0.0,1088,pause,NA,NA,NA,NA,0.0,0,-50.44,-42.3,[],0,0,[],[]
37325830,37327110,NA,OLF,0.0,1088,pause,NA,NA,NA,NA,0.0,0,-46.8,-35.57,[],0,0,[],[]
37327110,37328630,OCH,CXN,0.0,1088,XM,BC,0,NT,FI,0.0,0,-32.31,-14.79,[],0,0,[],[]
37328630,37329950,NA,SIL,0.0,1088,XM,NA,NA,NA,NA,0.0,0,-44.95,-26.47,[],0,0,[],[]
37329950,37331650,OCH,CXN,0.0,1088,XM,EC,0,NT,FH,0.0,0,-38.33,-29.77,[],0,0,[],[]
37331650,37332450,NA,OLF,0.0,1089,pause,NA,NA,NA,NA,0.0,0,-31.52,-22.66,[],0,0,[],[]
37332450,37333250,NA,CXF,0.0,1089,pause,NA,NA,NA,NA,0.0,0,-45.86,-37.71,[],0,0,[],[]
37333250,37335020,NA,NOF,0.0,1089,pause,NA,NA,NA,NA,0.0,0,-20.56,-4.79,[],0,0,[],[]
37335020,37336780,NA,OLF,0.0,1089,pause,NA,NA,NA,NA,0.0,0,-26.45,-11.62,[],0,0,[],[]
37336780,37337670,NA,NOF,0.0,1089,pause,NA,NA,NA,NA,0.0,0,-30.81,-18.95,[],0,0,[],[]
37337670,37341490,NA,OLN,0.0,1089,pause,NA,NA,NA,NA,0.0,0,-31.41,-15.06,[],0,0,[],[]
37341490,37343630,OCH,CXN,0.0,1089,XM,BC,0,NT,FI,0.0,0,-23.58,-11.17,[],0,0,[],[]
37343630,37344430,NA,NON,0.0,1089,XM,NA,NA,NA,NA,0.0,0,-38.35,-27.68,[],0,0,[],[]
37344430,37345250,NA,OLN,0.0,1089,XM,NA,NA,NA,NA,0.0,0,-24.4,-18.59,[],0,0,[],[]
37345250,37348210,OCH,CXN,0.0,1089,XM,RC,0,NT,FH,0.0,0,-26.45,-15.14,[],0,0,[],[]
37348210,37349010,NA,OLN,0.0,1089,XM,NA,NA,NA,NA,0.0,0,-27.19,-21.89,[],0,0,[],[]
37349010,37350170,OCH,CXN,0.0,1089,XM,RC,0,NT,FH,0.0,0,-28.91,-19.52,[],0,0,[],[]
37350170,37352000,NA,OLN,0.0,1089,XM,NA,NA,NA,NA,0.0,0,-31.85,-20.86,[],0,0,[],[]
37352000,37352720,OCH,CXN,0.0,1089,XM,RC,0,NT,FH,0.0,0,-26.33,-18.46,[],0,0,[],[]
37352720,37353530,OCH,CXN,0.0,1089,XM,RC,0,NT,FH,0.0,0,-24.84,-19.3,[],0,0,[],[]
37353530,37354340,NA,NOF,0.0,1089,XM,NA,NA,NA,NA,0.0,0,-45.0,-36.88,[],0,0,[],[]
37354340,37355170,NA,OLN,0.0,1089,XM,NA,NA,NA,NA,0.0,0,-26.4,-21.76,[],0,0,[],[]
37355170,37356030,NA,NOF,0.0,1089,XM,NA,NA,NA,NA,0.0,0,-34.16,-24.64,[],0,0,[],[]
37356030,37356960,OCH,CXN,0.0,1089,XM,RC,0,NT,FH,0.0,0,-19.24,-12.7,[],0,0,[],[]
37356960,37358620,NA,OLN,0.0,1089,XM,NA,NA,NA,NA,0.0,0,-26.12,-15.07,[],0,0,[],[]
37358620,37359580,OCH,CXN,0.0,1089,XM,RC,0,NT,FH,0.0,0,-34.72,-25.73,[],0,0,[],[]
37359580,37360380,NA,TVF,0.0,1089,XM,NA,NA,NA,NA,0.0,0,-49.15,-41.64,[],0,0,[],[]
37360380,37361470,NA,OLF,0.0,1089,XM,NA,NA,NA,NA,0.0,0,-39.98,-35.11,[],0,0,[],[]
37361470,37362270,OCH,CXN,0.0,1089,XM,EC,0,NT,FH,0.0,0,-39.64,-31.4,[],0,0,[],[]
37362270,37363420,NA,MAF,0.0,1090,pause,NA,NA,NA,NA,0.0,0,-40.2,-32.89,[],0,0,[],[]
37363420,37364220,NA,OLF,0.0,1090,pause,NA,NA,NA,NA,0.0,0,-41.19,-37.28,[],0,0,[],[]
37364220,37365020,NA,CXF,0.0,1090,pause,NA,NA,NA,NA,0.0,0,-46.35,-38.51,[],0,0,[],[]
37365020,37366030,NA,TVF,0.0,1090,pause,NA,NA,NA,NA,0.0,0,-44.06,-36.71,[],0,0,[],[]
37366030,37366830,NA,CXF,0.0,1090,pause,NA,NA,NA,NA,0.0,0,-45.03,-32.12,[],0,0,[],[]
37366830,37367880,NA,TVF,0.0,1090,pause,NA,NA,NA,NA,0.0,0,-40.73,-34.37,[],0,0,[],[]
37367880,37368850,NA,OLF,0.0,1090,pause,NA,NA,NA,NA,0.0,0,-40.55,-33.63,[],0,0,[],[]
37368850,37370090,NA,CXF,0.0,1090,pause,NA,NA,NA,NA,0.0,0,-43.18,-37.36,[],0,0,[],[]
37370090,37371020,NA,OLF,0.0,1090,pause,NA,NA,NA,NA,0.0,0,-42.58,-34.05,[],0,0,[],[]
37371020,37372020,NA,TVF,0.0,1090,pause,NA,NA,NA,NA,0.0,0,-42.12,-36.06,[],0,0,[],[]
37372020,37373490,NA,OLF,0.0,1090,pause,NA,NA,NA,NA,0.0,0,-28.67,-17.94,[],0,0,[],[]
37373490,37374290,NA,NOF,0.0,1090,pause,NA,NA,NA,NA,0.0,0,-41.74,-34.71,[],0,0,[],[]
37374290,37375090,NA,CXF,0.0,1090,pause,NA,NA,NA,NA,0.0,0,-41.96,-35.32,[],0,0,[],[]
37375090,37376260,NA,OLF,0.0,1090,pause,NA,NA,NA,NA,0.0,0,-40.51,-30.25,[],0,0,[],[]
37376260,37377080,NA,NOF,0.0,1090,pause,NA,NA,NA,NA,0.0,0,-46.62,-41.97,[],0,0,[],[]
37377080,37378220,NA,TVF,0.0,1090,pause,NA,NA,NA,NA,0.0,0,-45.38,-36.97,[],0,0,[],[]
37378220,37379210,OCH,CXN,0.0,1090,XM,EC,0,NT,FI,0.0,0,-41.73,-31.21,[],0,0,[],[]
37379210,37381240,NA,OLF,0.0,1091,pause,NA,NA,NA,NA,0.0,0,-22.84,-6.36,[],0,0,[],[]
37381240,37382070,NA,NOF,0.0,1091,pause,NA,NA,NA,NA,0.0,0,-43.23,-34.83,[],0,0,[],[]
37382070,37382870,NA,TVF,0.0,1091,pause,NA,NA,NA,NA,0.0,0,-44.91,-36.21,[],0,0,[],[]
37382870,37385600,NA,SIL,0.0,1091,pause,NA,NA,NA,NA,0.0,0,-50.79,-44.54,[],0,0,[],[]
37385600,37387350,NA,TVF,0.0,1091,pause,NA,NA,NA,NA,0.0,0,-49.84,-38.79,[],0,0,[],[]
37387350,37388150,NA,SIL,0.0,1091,pause,NA,NA,NA,NA,0.0,0,-51.81,-48.35,[],0,0,[],[]
37388150,37389190,NA,MAF,0.0,1091,pause,NA,NA,NA,NA,0.0,0,-48.94,-41.91,[],0,0,[],[]
37389190,37390230,NA,TVN,0.0,1091,pause,NA,NA,NA,NA,0.0,0,-42.18,-35.74,[],0,0,[],[]
37390230,37391040,NA,OLF,0.0,1091,pause,NA,NA,NA,NA,0.0,0,-45.39,-41.01,[],0,0,[],[]
37391040,37392040,NA,TVF,0.0,1091,pause,NA,NA,NA,NA,0.0,0,-38.92,-32.72,[],0,0,[],[]
37392040,37394210,NA,OLF,0.0,1091,pause,NA,NA,NA,NA,0.0,0,-37.29,-29.92,[],0,0,[],[]
37394210,37395310,NA,TVF,0.0,1091,pause,NA,NA,NA,NA,0.0,0,-43.38,-39.67,[],0,0,[],[]
37395310,37396960,NA,OLF,0.0,1091,pause,NA,NA,NA,NA,0.0,0,-42.14,-34.02,[],0,0,[],[]
37396960,37397960,MAL,MAN,0.0,1091,pause,NA,NA,NA,NA,0.0,0,-37.67,-31.85,[],1000,0,[],[]
37397960,37398960,NA,TVF,0.0,1091,pause,NA,NA,NA,NA,0.0,0,-42.7,-39.97,[],0,0,[],[]
37398960,37403090,NA,OLF,0.0,1091,pause,NA,NA,NA,NA,0.0,0,-41.61,-31.26,[],0,0,[],[]
37403090,37405080,NA,NOF,0.0,1091,pause,NA,NA,NA,NA,0.0,0,-45.16,-33.47,[],0,0,[],[]
37405080,37410750,NA,OLF,0.0,1091,pause,NA,NA,NA,NA,0.0,0,-32.6,-12.24,[],0,0,[],[]
37410750,37411750,NA,MAF,0.0,1091,pause,NA,NA,NA,NA,0.0,0,-40.17,-33.71,[],0,0,[],[]
37411750,37413230,NA,OLN,0.0,1091,pause,NA,NA,NA,NA,0.0,0,-35.61,-24.64,[],0,0,[],[]
37413230,37414370,NA,MAF,0.0,1091,pause,NA,NA,NA,NA,0.0,0,-39.28,-32.71,[],0,0,[],[]
37414370,37416210,NA,OLF,0.0,1091,pause,NA,NA,NA,NA,0.0,0,-35.79,-21.86,[],0,0,[],[]
37416210,37417020,NA,NOF,0.0,1091,pause,NA,NA,NA,NA,0.0,0,-46.09,-41.77,[],0,0,[],[]
37417020,37419390,NA,OLN,0.0,1091,pause,NA,NA,NA,NA,0.0,0,-35.49,-22.34,[],0,0,[],[]
37419390,37420750,OCH,CXN,0.0,1091,XIOCA,BC,0,NT,FI,0.0,0,-37.68,-30.62,[],0,0,[],[]
37420750,37421550,NA,OLF,0.0,1091,XIOCA,NA,NA,NA,NA,0.0,0,-37.54,-27.4,[],0,0,[],[]
37421550,37422430,NA,OLN,0.0,1091,XIOCA,NA,NA,NA,NA,0.0,0,-33.4,-26.09,[],0,0,[],[]
37422430,37423430,FEM,FAN,6.23,1091,XIOCA,EC,0,NT,FI,0.0,0,-33.01,-24.89,[],0,0,[],[]
37423430,37433170,NA,OLN,0.0,1092,pause,NA,NA,NA,NA,0.0,0,-30.14,-13.06,[],0,0,[],[]
37433170,37434170,FEM,FAN,3.94,1092,AMF,EC,0,NT,FI,0.0,0,-25.43,-16.23,[],0,0,[],[]
37434170,37439190,NA,OLN,0.0,1093,pause,NA,NA,NA,NA,0.0,0,-20.39,-9.98,[],0,0,[],[]
37439190,37440330,MAL,MAN,3.26,1093,AICM,BC,0,TIMI,FI,0.0,0,-19.13,-9.67,[],0,0,[],[]
37440330,37442350,NA,OLN,0.0,1093,AICM,NA,NA,NA,NA,0.0,0,-26.83,-15.71,[],0,0,[],[]
37442350,37442950,CHI,CHN,0.0,1093,AICM,RC,1,TIMR,FI,1.0,310,-20.46,-12.53,"[{'Canonical-syllable': '0', 'Growl': '0', 'High-freq-energy': '0', 'Long-island': '0', 'Low-tilt-spectrum': '0', 'Medium-island': '1', 'Short-island': '0', 'Squeal': '0', 'Typical-entropy': '0', 'Voicing-quality': '1', 'Wide-band': '0', 'Xlong-island': '0', 'seq': '1', 'end': 37442.66, 'start': 37442.35}]",0,0,[],[]
37442950,37445620,NA,OLN,0.0,1093,AICM,NA,NA,NA,NA,0.0,0,-22.9,-9.5,[],0,0,[],[]
37445620,37446500,OCH,CXN,0.0,1093,AICM,RC,1,NT,FI,0.0,0,-24.04,-15.13,[],0,0,[],[]
37446500,37447550,NA,OLN,0.0,1093,AICM,NA,NA,NA,NA,0.0,0,-28.3,-19.04,[],0,0,[],[]
37447550,37451680,FEM,FAN,16.93,1093,AICM,RC,1,TIFI,FI,0.0,0,-18.33,-8.83,[],0,0,[],[]
37451680,37452920,NA,OLN,0.0,1093,AICM,NA,NA,NA,NA,0.0,0,-32.42,-26.79,[],0,0,[],[]
37452920,37453520,CHI,CHN,0.0,1093,AICM,RC,2,TIFR,FI,1.0,600,-16.26,-10.57,"[{'Canonical-syllable': '0', 'Growl': '0', 'High-freq-energy': '0', 'Long-island': '0', 'Low-tilt-spectrum': '0', 'Medium-island': '1', 'Short-island': '0', 'Squeal': '0', 'Typical-entropy': '1', 'Voicing-quality': '1', 'Wide-band': '0', 'Xlong-island': '0', 'seq': '1', 'end': 37453.52, 'start': 37452.92}]",0,0,[],[]
37453520,37454330,NA,OLN,0.0,1093,AICM,NA,NA,NA,NA,0.0,0,-23.79,-17.7,[],0,0,[],[]
37454330,37455860,FEM,FAN,5.05,1093,AICM,RC,2,TIFE,FI,0.0,0,-23.75,-15.62,[],0,0,[],[]
37455860,37457160,MAL,MAN,7.26,1093,AICM,RC,2,NT,FI,0.0,0,-22.67,-15.7,[],0,0,[],[]
37457160,37458360,NA,OLN,0.0,1093,AICM,NA,NA,NA,NA,0.0,0,-33.32,-25.67,[],0,0,[],[]
37458360,37459580,FEM,FAN,5.06,1093,AICM,RC,2,TIFI,FI,0.0,0,-20.66,-11.7,[],0,0,[],[]
37459580,37460180,CHI,CHN,0.0,1093,AICM,RC,3,TIFR,FI,1.0,600,-17.0,-9.62,"[{'Canonical-syllable': '0', 'Growl': '0', 'High-freq-energy': '0', 'Long-island': '0', 'Low-tilt-spectrum': '1', 'Medium-island': '1', 'Short-island': '0', 'Squeal': '0', 'Typical-entropy': '1', 'Voicing-quality': '1', 'Wide-band': '0', 'Xlong-island': '0', 'seq': '1', 'end': 37460.18, 'start': 37459.58}]",0,0,[],[]
37460180,37464310,NA,OLN,0.0,1093,AICM,NA,NA,NA,NA,0.0,0,-25.53,-14.28,[],0,0,[],[]
37464310,37465630,FEM,FAN,5.61,1093,AICM,RC,3,TIFE,FI,0.0,0,-18.34,-11.39,[],0,0,[],[]
37465630,37467440,NA,OLN,0.0,1093,AICM,NA,NA,NA,NA,0.0,0,-25.34,-19.33,[],0,0,[],[]
37467440,37468240,OCH,CXN,0.0,1093,AICM,RC,3,NT,FI,0.0,0,-29.2,-23.81,[],0,0,[],[]
37468240,37469020,CHI,CHN,0.0,1093,AICM,RC,3,NT,FI,1.0,780,-15.67,-9.32,"[{'Canonical-syllable': '1', 'Growl': '0', 'High-freq-energy': '0', 'Long-island': '0', 'Low-tilt-spectrum': '1', 'Medium-island': '0', 'Short-island': '2', 'Squeal': '0', 'Typical-entropy': '1', 'Voicing-quality': '3', 'Wide-band': '0', 'Xlong-island': '0', 'seq': '1', 'end': 37469.02, 'start': 37468.42}]",0,0,[],[]
37469020,37470460,NA,OLN,0.0,1093,AICM,NA,NA,NA,NA,0.0,0,-27.91,-15.93,[],0,0,[],[]
37470460,37471270,CHI,CHN,0.0,1093,AICM,RC,3,NT,FH,1.0,610,-17.19,-9.77,"[{'Canonical-syllable': '0', 'Growl': '0', 'High-freq-energy': '0', 'Long-island': '1', 'Low-tilt-spectrum': '0', 'Medium-island': '0', 'Short-island': '0', 'Squeal': '0', 'Typical-entropy': '1', 'Voicing-quality': '1', 'Wide-band': '0', 'Xlong-island': '0', 'seq': '1', 'end': 37471.07, 'start': 37470.46}]",0,0,[],[]
37471270,37472490,NA,OLF,0.0,1093,AICM,NA,NA,NA,NA,0.0,0,-37.14,-29.19,[],0,0,[],[]
37472490,37473760,CHI,CHN,0.0,1093,AICM,RC,3,NT,FH,1.0,960,-20.42,-14.92,"[{'Canonical-syllable': '0', 'Growl': '0', 'High-freq-energy': '0', 'Long-island': '0', 'Low-tilt-spectrum': '0', 'Medium-island': '0', 'Short-island': '0', 'Squeal': '0', 'Typical-entropy': '0', 'Voicing-quality': '1', 'Wide-band': '0', 'Xlong-island': '1', 'seq': '1', 'end': 37473.76, 'start': 37472.8}]",0,0,[],[]
37473760,37476030,NA,OLN,0.0,1093,AICM,NA,NA,NA,NA,0.0,0,-19.77,-11.37,[],0,0,[],[]
37476030,37476830,OCH,CXN,0.0,1093,AICM,RC,3,NT,FI,0.0,0,-20.15,-13.68,[],0,0,[],[]
37476830,37478960,NA,OLN,0.0,1093,AICM,NA,NA,NA,NA,0.0,0,-20.83,-7.66,[],0,0,[],[]
37478960,37480190,CHI,CHN,0.0,1093,AICM,RC,3,NT,FI,2.0,570,-24.26,-11.13,"[{'Canonical-syllable': '0', 'Growl': '0', 'High-freq-energy': '0', 'Long-island': '0', 'Low-tilt-spectrum': '0', 'Medium-island': '0', 'Short-island': '1', 'Squeal': '0', 'Typical-entropy': '1', 'Voicing-quality': '1', 'Wide-band': '1', 'Xlong-island': '0', 'seq': '1', 'end': 37479.09, 'start': 37478.96}, {'Canonical-syllable': '1', 'Growl': '0', 'High-freq-energy': '0', 'Long-island': '0', 'Low-tilt-spectrum': '0', 'Medium-island': '0', 'Short-island': '2', 'Squeal': '0', 'Typical-entropy': '2', 'Voicing-quality': '2', 'Wide-band': '0', 'Xlong-island': '0', 'seq': '2', 'end': 37480.19, 'start': 37479.75}]",0,0,[],[]
37480190,37481380,NA,OLF,0.0,1093,AICM,NA,NA,NA,NA,0.0,0,-19.33,-1.4,[],0,0,[],[]
37481380,37482180,OCH,CXN,0.0,1093,AICM,EC,3,NT,FI,0.0,0,-27.75,-20.82,[],0,0,[],[]
37482180,37489310,NA,OLN,0.0,1094,pause,NA,NA,NA,NA,0.0,0,-20.18,-3.16,[],0,0,[],[]
37489310,37490310,CHI,CHN,0.0,1094,CM,EC,0,NT,FI,1.0,1000,-19.5,-13.09,"[{'Canonical-syllable': '0', 'Growl': '1', 'High-freq-energy': '0', 'Long-island': '1', 'Low-tilt-spectrum': '1', 'Medium-island': '0', 'Short-island': '1', 'Squeal': '0', 'Typical-entropy': '2', 'Voicing-quality': '1', 'Wide-band': '0', 'Xlong-island': '0', 'seq': '1', 'end': 37490.31, 'start': 37489.31}]",0,0,[],[]
37490310,37499350,NA,OLN,0.0,1095,pause,NA,NA,NA,NA,0.0,0,-20.76,-2.6,[],0,0,[],[]
37499350,37500550,NA,NON,0.0,1095,pause,NA,NA,NA,NA,0.0,0,-13.5,-3.01,[],0,0,[],[]
37500550,37502160,NA,OLN,0.0,1095,pause,NA,NA,NA,NA,0.0,0,-24.17,-8.79,[],0,0,[],[]
37502160,37503170,NA,FAF,0.0,1095,pause,NA,NA,NA,NA,0.0,0,-40.71,-28.63,[],0,0,[],[]
37503170,37504090,NA,OLF,0.0,1095,pause,NA,NA,NA,NA,0.0,0,-40.2,-31.47,[],0,0,[],[]
37504090,37505590,NA,OLN,0.0,1095,pause,NA,NA,NA,NA,0.0,0,-20.7,-8.0,[],0,0,[],[]
37505590,37506460,NA,NOF,0.0,1095,pause,NA,NA,NA,NA,0.0,0,-25.91,-9.32,[],0,0,[],[]
37506460,37507880,NA,OLN,0.0,1095,pause,NA,NA,NA,NA,0.0,0,-21.81,-10.37,[],0,0,[],[]
37507880,37508940,CHI,CHN,0.0,1095,pause,NA,NA,NA,NA,0.0,0,-14.57,-9.3,[],0,1060,"[{'start': 37507.88, 'end': 37508.94}]",[]
37508940,37510450,NA,OLN,0.0,1095,pause,NA,NA,NA,NA,0.0,0,-29.35,-21.98,[],0,0,[],[]
37510450,37511450,MAL,MAN,0.0,1095,pause,NA,NA,NA,NA,0.0,0,-31.35,-24.82,[],1000,0,[],[]
37511450,37517800,NA,OLN,0.0,1095,pause,NA,NA,NA,NA,0.0,0,-25.61,-11.58,[],0,0,[],[]
37517800,37518850,FEM,FAN,3.47,1095,AICF,BC,0,NT,FI,0.0,0,-26.56,-15.65,[],0,0,[],[]
37518850,37520450,NA,OLN,0.0,1095,AICF,NA,NA,NA,NA,0.0,0,-25.54,-17.09,[],0,0,[],[]
37520450,37521450,MAL,MAN,5.33,1095,AICF,RC,0,NT,FI,0.0,0,-26.57,-21.83,[],0,0,[],[]
37521450,37523690,NA,OLN,0.0,1095,AICF,NA,NA,NA,NA,0.0,0,-23.02,-14.9,[],0,0,[],[]
37523690,37524690,MAL,MAN,6.23,1095,AICF,RC,0,NT,FH,0.0,0,-24.4,-18.87,[],0,0,[],[]
37524690,37525710,FEM,FAN,5.87,1095,AICF,RC,0,NT,FI,0.0,0,-23.32,-14.18,[],0,0,[],[]
37525710,37526510,NA,OLN,0.0,1095,AICF,NA,NA,NA,NA,0.0,0,-16.64,-9.89,[],0,0,[],[]
37526510,37527380,OCH,CXN,0.0,1095,AICF,RC,0,NT,FI,0.0,0,-19.92,-9.24,[],0,0,[],[]
37527380,37530060,NA,OLN,0.0,1095,AICF,NA,NA,NA,NA,0.0,0,-18.45,-7.26,[],0,0,[],[]
37530060,37530660,CHI,CHN,0.0,1095,AICF,RC,0,NT,FI,1.0,600,-22.23,-15.51,"[{'Canonical-syllable': '0', 'Growl': '0', 'High-freq-energy': '0', 'Long-island': '0', 'Low-tilt-spectrum': '0', 'Medium-island': '1', 'Short-island': '0', 'Squeal': '0', 'Typical-entropy': '1', 'Voicing-quality': '1', 'Wide-band': '0', 'Xlong-island': '0', 'seq': '1', 'end': 37530.66, 'start': 37530.06}]",0,0,[],[]
37530660,37531470,NA,MAF,0.0,1095,AICF,NA,NA,NA,NA,0.0,0,-31.4,-19.41,[],0,0,[],[]
37531470,37532280,OCH,CXN,0.0,1095,AICF,RC,0,NT,FI,0.0,0,-24.12,-15.24,[],0,0,[],[]
37532280,37533270,FEM,FAN,11.77,1095,AICF,RC,0,NT,FI,0.0,0,-30.64,-24.59,[],0,0,[],[]
37533270,37536680,NA,OLN,0.0,1095,AICF,NA,NA,NA,NA,0.0,0,-28.0,-15.35,[],0,0,[],[]
37536680,37537680,MAL,MAN,13.63,1095,AICF,RC,0,TIMI,FI,0.0,0,-25.42,-17.77,[],0,0,[],[]
37537680,37538780,NA,OLN,0.0,1095,AICF,NA,NA,NA,NA,0.0,0,-29.17,-17.22,[],0,0,[],[]
37538780,37539860,CHI,CHN,0.0,1095,AICF,RC,1,TIMR,FI,1.0,1080,-15.83,-9.89,"[{'Canonical-syllable': '0', 'Growl': '0', 'High-freq-energy': '0', 'Long-island': '0', 'Low-tilt-spectrum': '1', 'Medium-island': '2', 'Short-island': '0', 'Squeal': '0', 'Typical-entropy': '1', 'Voicing-quality': '2', 'Wide-band': '0', 'Xlong-island': '0', 'seq': '1', 'end': 37539.86, 'start': 37538.78}]",0,0,[],[]
37539860,37540950,CHI,CHN,0.0,1095,AICF,RC,1,NT,FH,1.0,770,-19.42,-12.61,"[{'Canonical-syllable': '0', 'Growl': '1', 'High-freq-energy': '1', 'Long-island': '0', 'Low-tilt-spectrum': '1', 'Medium-island': '1', 'Short-island': '0', 'Squeal': '0', 'Typical-entropy': '1', 'Voicing-quality': '2', 'Wide-band': '0', 'Xlong-island': '0', 'seq': '1', 'end': 37540.95, 'start': 37540.18}]",0,0,[],[]
37540950,37544580,NA,OLN,0.0,1095,AICF,NA,NA,NA,NA,0.0,0,-35.07,-23.29,[],0,0,[],[]
37544580,37545840,CHI,CHN,0.0,1095,AICF,EC,1,NT,FH,1.0,910,-16.88,-7.82,"[{'Canonical-syllable': '0', 'Growl': '0', 'High-freq-energy': '0', 'Long-island': '1', 'Low-tilt-spectrum': '0', 'Medium-island': '0', 'Short-island': '0', 'Squeal': '0', 'Typical-entropy': '0', 'Voicing-quality': '1', 'Wide-band': '0', 'Xlong-island': '0', 'seq': '1', 'end': 37545.49, 'start': 37544.67}]",0,0,[],[]
37545840,37547180,MAL,MAN,0.0,1096,pause,NA,NA,NA,NA,0.0,0,-22.79,-16.79,[],1340,0,[],[]
37547180,37547980,NA,OLN,0.0,1096,pause,NA,NA,NA,NA,0.0,0,-24.78,-18.27,[],0,0,[],[]
37547980,37550170,NA,OLF,0.0,1096,pause,NA,NA,NA,NA,0.0,0,-32.46,-15.58,[],0,0,[],[]
37550170,37552570,NA,TVF,0.0,1096,pause,NA,NA,NA,NA,0.0,0,-40.58,-28.55,[],0,0,[],[]
37552570,37553370,NA,OLF,0.0,1096,pause,NA,NA,NA,NA,0.0,0,-42.07,-28.62,[],0,0,[],[]
37553370,37555290,NA,TVF,0.0,1096,pause,NA,NA,NA,NA,0.0,0,-40.17,-31.17,[],0,0,[],[]
37555290,37556490,NA,OLN,0.0,1096,pause,NA,NA,NA,NA,0.0,0,-20.77,-10.23,[],0,0,[],[]
37556490,37557090,CHI,CHN,0.0,1096,CM,EC,0,NT,FI,1.0,380,-15.27,-7.12,"[{'Canonical-syllable': '1', 'Growl': '0', 'High-freq-energy': '0', 'Long-island': '0', 'Low-tilt-spectrum': '0', 'Medium-island': '0', 'Short-island': '2', 'Squeal': '0', 'Typical-entropy': '1', 'Voicing-quality': '2', 'Wide-band': '0', 'Xlong-island': '0', 'seq': '1', 'end': 37556.87, 'start': 37556.49}]",0,0,[],[]
37557090,37558180,NA,TVN,0.0,1097,pause,NA,NA,NA,NA,0.0,0,-36.26,-28.72,[],0,0,[],[]
37558180,37559850,NA,OLN,0.0,1097,pause,NA,NA,NA,NA,0.0,0,-33.33,-24.93,[],0,0,[],[]
37559850,37560830,NA,CXF,0.0,1097,pause,NA,NA,NA,NA,0.0,0,-41.01,-34.03,[],0,0,[],[]
37560830,37562790,NA,TVF,0.0,1097,pause,NA,NA,NA,NA,0.0,0,-41.39,-35.47,[],0,0,[],[]
37562790,37563840,OCH,CXN,0.0,1097,XM,EC,0,NT,FI,0.0,0,-40.33,-33.64,[],0,0,[],[]
37563840,37564840,NA,TVF,0.0,1098,pause,NA,NA,NA,NA,0.0,0,-43.55,-35.89,[],0,0,[],[]
37564840,37566150,NA,FAF,0.0,1098,pause,NA,NA,NA,NA,0.0,0,-36.17,-26.15,[],0,0,[],[]
37566150,37567270,NA,TVN,0.0,1098,pause,NA,NA,NA,NA,0.0,0,-37.47,-29.19,[],0,0,[],[]
37567270,37577480,NA,OLN,0.0,1098,pause,NA,NA,NA,NA,0.0,0,-27.54,-8.2,[],0,0,[],[]
37577480,37578520,NA,TVN,0.0,1098,pause,NA,NA,NA,NA,0.0,0,-34.4,-24.71,[],0,0,[],[]
37578520,37579760,NA,OLN,0.0,1098,pause,NA,NA,NA,NA,0.0,0,-36.26,-29.0,[],0,0,[],[]
37579760,37581120,OCH,CXN,0.0,1098,XM,EC,0,NT,FI,0.0,0,-31.27,-20.82,[],0,0,[],[]
37581120,37586320,NA,OLN,0.0,1099,pause,NA,NA,NA,NA,0.0,0,-25.3,-8.84,[],0,0,[],[]
37586320,37587120,OCH,CXN,0.0,1099,XM,EC,0,NT,FI,0.0,0,-37.48,-31.21,[],0,0,[],[]
37587120,37592480,NA,OLN,0.0,1100,pause,NA,NA,NA,NA,0.0,0,-27.72,-10.73,[],0,0,[],[]
37592480,37593540,MAL,MAN,8.19,1100,AIOCM,BC,0,NT,FI,0.0,0,-31.45,-23.56,[],0,0,[],[]
37593540,37594520,NA,OLN,0.0,1100,AIOCM,NA,NA,NA,NA,0.0,0,-34.07,-25.54,[],0,0,[],[]
37594520,37595320,NA,CXF,0.0,1100,AIOCM,NA,NA,NA,NA,0.0,0,-34.17,-25.49,[],0,0,[],[]
37595320,37596210,NA,OLN,0.0,1100,AIOCM,NA,NA,NA,NA,0.0,0,-34.26,-27.8,[],0,0,[],[]
37596210,37597850,OCH,CXN,0.0,1100,AIOCM,RC,0,NT,FI,0.0,0,-34.06,-27.31,[],0,0,[],[]
37597850,37599430,NA,OLN,0.0,1100,AIOCM,NA,NA,NA,NA,0.0,0,-35.57,-30.56,[],0,0,[],[]
37599430,37600440,MAL,MAN,3.47,1100,AIOCM,RC,0,NT,FI,0.0,0,-37.2,-31.03,[],0,0,[],[]
37600440,37601420,NA,OLN,0.0,1100,AIOCM,NA,NA,NA,NA,0.0,0,-35.13,-26.45,[],0,0,[],[]
37601420,37602230,OCH,CXN,0.0,1100,AIOCM,RC,0,NT,FI,0.0,0,-34.01,-25.78,[],0,0,[],[]
37602230,37603040,NA,OLF,0.0,1100,AIOCM,NA,NA,NA,NA,0.0,0,-41.05,-35.94,[],0,0,[],[]
37603040,37603840,OCH,CXN,0.0,1100,AIOCM,EC,0,NT,FH,0.0,0,-35.4,-29.39,[],0,0,[],[]
37603840,37604840,NA,TVF,0.0,1101,pause,NA,NA,NA,NA,0.0,0,-42.61,-30.37,[],0,0,[],[]
37604840,37605640,NA,OLF,0.0,1101,pause,NA,NA,NA,NA,0.0,0,-41.08,-35.71,[],0,0,[],[]
37605640,37606650,NA,MAF,0.0,1101,pause,NA,NA,NA,NA,0.0,0,-40.6,-34.02,[],0,0,[],[]
37606650,37607460,NA,OLN,0.0,1101,pause,NA,NA,NA,NA,0.0,0,-31.46,-21.01,[],0,0,[],[]
37607460,37608460,MAL,MAN,0.0,1101,pause,NA,NA,NA,NA,0.0,0,-39.37,-32.52,[],1000,0,[],[]
37608460,37610480,NA,OLN,0.0,1101,pause,NA,NA,NA,NA,0.0,0,-34.69,-25.97,[],0,0,[],[]
37610480,37611480,NA,TVN,0.0,1101,pause,NA,NA,NA,NA,0.0,0,-38.09,-32.47,[],0,0,[],[]
37611480,37613870,NA,OLN,0.0,1101,pause,NA,NA,NA,NA,0.0,0,-36.4,-27.0,[],0,0,[],[]
37613870,37614920,OCH,CXN,0.0,1101,XM,EC,0,NT,FI,0.0,0,-38.18,-31.27,[],0,0,[],[]
37614920,37616000,NA,TVN,0.0,1102,pause,NA,NA,NA,NA,0.0,0,-33.8,-24.51,[],0,0,[],[]
37616000,37616920,NA,OLN,0.0,1102,pause,NA,NA,NA,NA,0.0,0,-34.33,-28.12,[],0,0,[],[]
37616920,37617920,NA,TVF,0.0,1102,pause,NA,NA,NA,NA,0.0,0,-37.53,-29.05,[],0,0,[],[]
37617920,37621250,NA,OLN,0.0,1102,pause,NA,NA,NA,NA,0.0,0,-32.3,-19.18,[],0,0,[],[]
37621250,37622490,NA,TVF,0.0,1102,pause,NA,NA,NA,NA,0.0,0,-37.67,-28.8,[],0,0,[],[]
37622490,37623820,NA,OLF,0.0,1102,pause,NA,NA,NA,NA,0.0,0,-32.86,-22.37,[],0,0,[],[]
37623820,37624430,FEM,FAN,0.0,1102,pause,NA,NA,NA,NA,0.0,0,-22.36,-16.56,[],610,0,[],[]
37624430,37627850,NA,OLN,0.0,1102,pause,NA,NA,NA,NA,0.0,0,-31.65,-20.18,[],0,0,[],[]
37627850,37628650,OCH,CXN,0.0,1102,XM,EC,0,NT,FI,0.0,0,-29.25,-22.42,[],0,0,[],[]
37628650,37631890,NA,OLN,0.0,1103,pause,NA,NA,NA,NA,0.0,0,-34.33,-26.53,[],0,0,[],[]
37631890,37632690,NA,NON,0.0,1103,pause,NA,NA,NA,NA,0.0,0,-34.93,-30.1,[],0,0,[],[]
37632690,37634390,NA,OLF,0.0,1103,pause,NA,NA,NA,NA,0.0,0,-39.44,-32.33,[],0,0,[],[]
37634390,37635580,NA,TVF,0.0,1103,pause,NA,NA,NA,NA,0.0,0,-40.1,-29.58,[],0,0,[],[]
37635580,37636390,NA,OLF,0.0,1103,pause,NA,NA,NA,NA,0.0,0,-36.18,-26.76,[],0,0,[],[]
37636390,37637390,FEM,FAN,0.0,1103,pause,NA,NA,NA,NA,0.0,0,-20.08,-13.3,[],1000,0,[],[]
37637390,37639400,NA,OLN,0.0,1103,pause,NA,NA,NA,NA,0.0,0,-35.58,-27.24,[],0,0,[],[]
37639400,37640430,FEM,FAN,3.17,1103,AMF,EC,0,NT,FI,0.0,0,-32.92,-24.25,[],0,0,[],[]
37640430,37641570,NA,OLN,0.0,1104,pause,NA,NA,NA,NA,0.0,0,-33.4,-26.34,[],0,0,[],[]
37641570,37642570,NA,TVN,0.0,1104,pause,NA,NA,NA,NA,0.0,0,-36.23,-30.38,[],0,0,[],[]
37642570,37646750,NA,OLN,0.0,1104,pause,NA,NA,NA,NA,0.0,0,-35.32,-27.09,[],0,0,[],[]
37646750,37647930,NA,TVN,0.0,1104,pause,NA,NA,NA,NA,0.0,0,-31.34,-26.12,[],0,0,[],[]
37647930,37649340,NA,OLF,0.0,1104,pause,NA,NA,NA,NA,0.0,0,-38.8,-27.36,[],0,0,[],[]
37649340,37650170,OCH,CXN,0.0,1104,XM,BC,0,NT,FI,0.0,0,-31.36,-26.36,[],0,0,[],[]
37650170,37651300,NA,OLN,0.0,1104,XM,NA,NA,NA,NA,0.0,0,-29.63,-21.9,[],0,0,[],[]
37651300,37652100,NA,OLF,0.0,1104,XM,NA,NA,NA,NA,0.0,0,-42.36,-35.04,[],0,0,[],[]
37652100,37653450,NA,OLN,0.0,1104,XM,NA,NA,NA,NA,0.0,0,-33.21,-26.28,[],0,0,[],[]
37653450,37654360,NA,NON,0.0,1104,XM,NA,NA,NA,NA,0.0,0,-34.13,-31.68,[],0,0,[],[]
37654360,37655160,OCH,CXN,0.0,1104,XM,RC,0,NT,FH,0.0,0,-38.26,-26.65,[],0,0,[],[]
37655160,37656430,NA,OLF,0.0,1104,XM,NA,NA,NA,NA,0.0,0,-36.34,-28.26,[],0,0,[],[]
37656430,37657560,OCH,CXN,0.0,1104,XM,RC,0,NT,FH,0.0,0,-30.77,-20.86,[],0,0,[],[]
37657560,37659330,NA,OLN,0.0,1104,XM,NA,NA,NA,NA,0.0,0,-34.4,-25.5,[],0,0,[],[]
37659330,37661030,OCH,CXN,0.0,1104,XM,RC,0,NT,FH,0.0,0,-36.85,-28.37,[],0,0,[],[]
37661030,37663620,NA,OLF,0.0,1104,XM,NA,NA,NA,NA,0.0,0,-36.95,-25.52,[],0,0,[],[]
37663620,37665370,NA,TVN,0.0,1104,XM,NA,NA,NA,NA,0.0,0,-40.63,-30.17,[],0,0,[],[]
37665370,37666290,OCH,CXN,0.0,1104,XM,EC,0,NT,FH,0.0,0,-31.35,-23.16,[],0,0,[],[]
37666290,37671270,NA,OLN,0.0,1105,pause,NA,NA,NA,NA,0.0,0,-34.22,-20.51,[],0,0,[],[]
37671270,37672350,NA,TVN,0.0,1105,pause,NA,NA,NA,NA,0.0,0,-33.91,-25.85,[],0,0,[],[]
37672350,37675090,NA,OLN,0.0,1105,pause,NA,NA,NA,NA,0.0,0,-32.53,-22.97,[],0,0,[],[]
37675090,37675890,OCH,CXN,0.0,1105,XM,EC,0,NT,FI,0.0,0,-31.2,-28.42,[],0,0,[],[]
37675890,37677220,NA,OLN,0.0,1106,pause,NA,NA,NA,NA,0.0,0,-23.93,-9.13,[],0,0,[],[]
37677220,37678250,NA,TVN,0.0,1106,pause,NA,NA,NA,NA,0.0,0,-31.46,-27.23,[],0,0,[],[]
37678250,37679050,NA,OLN,0.0,1106,pause,NA,NA,NA,NA,0.0,0,-33.92,-27.12,[],0,0,[],[]
37679050,37679850,NA,NOF,0.0,1106,pause,NA,NA,NA,NA,0.0,0,-22.15,-7.73,[],0,0,[],[]
37679850,37681300,NA,OLN,0.0,1106,pause,NA,NA,NA,NA,0.0,0,-29.92,-19.75,[],0,0,[],[]
37681300,37682100,OCH,CXN,0.0,1106,XM,EC,0,NT,FI,0.0,0,-32.23,-22.69,[],0,0,[],[]
37682100,37684830,NA,OLN,0.0,1107,pause,NA,NA,NA,NA,0.0,0,-29.1,-13.17,[],0,0,[],[]
37684830,37685970,NA,NOF,0.0,1107,pause,NA,NA,NA,NA,0.0,0,-43.41,-40.58,[],0,0,[],[]
37685970,37687220,NA,TVN,0.0,1107,pause,NA,NA,NA,NA,0.0,0,-35.16,-27.22,[],0,0,[],[]
37687220,37688020,NA,NON,0.0,1107,pause,NA,NA,NA,NA,0.0,0,-26.26,-19.03,[],0,0,[],[]
37688020,37689840,NA,OLF,0.0,1107,pause,NA,NA,NA,NA,0.0,0,-37.99,-17.61,[],0,0,[],[]
37689840,37691030,NA,MAF,0.0,1107,pause,NA,NA,NA,NA,0.0,0,-42.91,-36.28,[],0,0,[],[]
37691030,37692720,NA,OLN,0.0,1107,pause,NA,NA,NA,NA,0.0,0,-35.05,-22.35,[],0,0,[],[]
37692720,37693520,OCH,CXN,0.0,1107,XM,EC,0,NT,FI,0.0,0,-28.36,-19.89,[],0,0,[],[]
37693520,37697440,NA,OLF,0.0,1108,pause,NA,NA,NA,NA,0.0,0,-37.67,-21.4,[],0,0,[],[]
37697440,37698270,NA,NOF,0.0,1108,pause,NA,NA,NA,NA,0.0,0,-34.99,-20.01,[],0,0,[],[]
37698270,37700510,NA,OLF,0.0,1108,pause,NA,NA,NA,NA,0.0,0,-29.42,-17.48,[],0,0,[],[]
37700510,37701320,NA,NOF,0.0,1108,pause,NA,NA,NA,NA,0.0,0,-29.62,-16.01,[],0,0,[],[]
37701320,37702800,NA,OLN,0.0,1108,pause,NA,NA,NA,NA,0.0,0,-34.75,-27.65,[],0,0,[],[]
37702800,37704280,OCH,CXN,0.0,1108,XM,EC,0,NT,FI,0.0,0,-34.27,-26.15,[],0,0,[],[]
37704280,37706110,NA,OLN,0.0,1109,pause,NA,NA,NA,NA,0.0,0,-36.62,-28.59,[],0,0,[],[]
37706110,37706960,NA,NOF,0.0,1109,pause,NA,NA,NA,NA,0.0,0,-40.93,-34.15,[],0,0,[],[]
37706960,37709060,NA,OLF,0.0,1109,pause,NA,NA,NA,NA,0.0,0,-37.67,-28.64,[],0,0,[],[]
37709060,37710340,NA,NOF,0.0,1109,pause,NA,NA,NA,NA,0.0,0,-38.21,-30.69,[],0,0,[],[]
37710340,37711650,OCH,CXN,0.0,1109,XM,EC,0,NT,FI,0.0,0,-33.92,-26.58,[],0,0,[],[]
37711650,37712800,NA,OLN,0.0,1110,pause,NA,NA,NA,NA,0.0,0,-35.21,-29.41,[],0,0,[],[]
37712800,37714030,NA,CXF,0.0,1110,pause,NA,NA,NA,NA,0.0,0,-40.25,-33.39,[],0,0,[],[]
37714030,37716070,NA,FAF,0.0,1110,pause,NA,NA,NA,NA,0.0,0,-37.64,-28.91,[],0,0,[],[]
37716070,37717150,NA,TVF,0.0,1110,pause,NA,NA,NA,NA,0.0,0,-41.43,-35.1,[],0,0,[],[]
37717150,37719170,NA,OLN,0.0,1110,pause,NA,NA,NA,NA,0.0,0,-39.12,-31.9,[],0,0,[],[]
37719170,37720030,OCH,CXN,0.0,1110,XM,BC,0,NT,FI,0.0,0,-37.2,-30.48,[],0,0,[],[]
37720030,37721920,NA,OLF,0.0,1110,XM,NA,NA,NA,NA,0.0,0,-41.32,-33.78,[],0,0,[],[]
37721920,37722720,OCH,CXN,0.0,1110,XM,EC,0,NT,FH,0.0,0,-37.25,-33.99,[],0,0,[],[]
37722720,37723540,NA,OLF,0.0,1111,pause,NA,NA,NA,NA,0.0,0,-39.3,-33.5,[],0,0,[],[]
37723540,37724560,NA,FAF,0.0,1111,pause,NA,NA,NA,NA,0.0,0,-44.82,-39.58,[],0,0,[],[]
37724560,37728470,NA,OLF,0.0,1111,pause,NA,NA,NA,NA,0.0,0,-35.87,-25.16,[],0,0,[],[]
37728470,37729650,NA,FAF,0.0,1111,pause,NA,NA,NA,NA,0.0,0,-39.61,-29.33,[],0,0,[],[]
37729650,37731070,NA,OLN,0.0,1111,pause,NA,NA,NA,NA,0.0,0,-38.74,-34.22,[],0,0,[],[]
37731070,37732140,NA,TVF,0.0,1111,pause,NA,NA,NA,NA,0.0,0,-44.21,-38.3,[],0,0,[],[]
37732140,37732940,NA,FAF,0.0,1111,pause,NA,NA,NA,NA,0.0,0,-41.78,-32.08,[],0,0,[],[]
37732940,37734690,NA,TVN,0.0,1111,pause,NA,NA,NA,NA,0.0,0,-38.66,-32.44,[],0,0,[],[]
37734690,37736460,NA,OLN,0.0,1111,pause,NA,NA,NA,NA,0.0,0,-36.32,-30.38,[],0,0,[],[]
37736460,37737480,NA,TVF,0.0,1111,pause,NA,NA,NA,NA,0.0,0,-42.96,-38.02,[],0,0,[],[]
37737480,37744890,NA,OLF,0.0,1111,pause,NA,NA,NA,NA,0.0,0,-36.29,-23.52,[],0,0,[],[]
37744890,37746850,OCH,CXN,0.0,1111,XM,BC,0,NT,FI,0.0,0,-33.41,-25.86,[],0,0,[],[]
37746850,37748710,NA,OLF,0.0,1111,XM,NA,NA,NA,NA,0.0,0,-40.99,-30.28,[],0,0,[],[]
37748710,37750120,NA,TVN,0.0,1111,XM,NA,NA,NA,NA,0.0,0,-37.14,-28.45,[],0,0,[],[]
37750120,37751120,OCH,CXN,0.0,1111,XM,RC,0,NT,FH,0.0,0,-35.08,-26.74,[],0,0,[],[]
37751120,37752190,NA,CXF,0.0,1111,XM,NA,NA,NA,NA,0.0,0,-38.91,-30.07,[],0,0,[],[]
37752190,37753700,NA,TVN,0.0,1111,XM,NA,NA,NA,NA,0.0,0,-36.23,-26.96,[],0,0,[],[]
37753700,37754740,OCH,CXN,0.0,1111,XM,EC,0,NT,FH,0.0,0,-33.42,-25.97,[],0,0,[],[]
37754740,37755550,NA,OLF,0.0,1112,pause,NA,NA,NA,NA,0.0,0,-37.62,-30.72,[],0,0,[],[]
37755550,37756550,NA,TVN,0.0,1112,pause,NA,NA,NA,NA,0.0,0,-36.22,-27.44,[],0,0,[],[]
37756550,37758040,NA,OLN,0.0,1112,pause,NA,NA,NA,NA,0.0,0,-36.77,-29.83,[],0,0,[],[]
37758040,37759360,NA,NOF,0.0,1112,pause,NA,NA,NA,NA,0.0,0,-46.17,-39.33,[],0,0,[],[]
37759360,37760630,NA,MAF,0.0,1112,pause,NA,NA,NA,NA,0.0,0,-41.16,-35.65,[],0,0,[],[]
37760630,37761830,NA,OLF,0.0,1112,pause,NA,NA,NA,NA,0.0,0,-43.85,-38.87,[],0,0,[],[]
37761830,37762810,NA,CXF,0.0,1112,pause,NA,NA,NA,NA,0.0,0,-45.24,-41.13,[],0,0,[],[]
37762810,37764230,NA,TVN,0.0,1112,pause,NA,NA,NA,NA,0.0,0,-36.17,-25.79,[],0,0,[],[]
37764230,37766040,OCH,CXN,0.0,1112,XM,EC,0,NT,FI,0.0,0,-29.31,-19.36,[],0,0,[],[]
37766040,37766870,NA,OLF,0.0,1113,pause,NA,NA,NA,NA,0.0,0,-40.44,-29.62,[],0,0,[],[]
37766870,37767710,NA,CXF,0.0,1113,pause,NA,NA,NA,NA,0.0,0,-41.17,-35.59,[],0,0,[],[]
37767710,37768710,NA,MAF,0.0,1113,pause,NA,NA,NA,NA,0.0,0,-43.54,-36.38,[],0,0,[],[]
37768710,37769720,NA,FAF,0.0,1113,pause,NA,NA,NA,NA,0.0,0,-40.6,-34.6,[],0,0,[],[]
37769720,37770520,NA,OLF,0.0,1113,pause,NA,NA,NA,NA,0.0,0,-42.83,-33.31,[],0,0,[],[]
37770520,37771380,NA,CXF,0.0,1113,pause,NA,NA,NA,NA,0.0,0,-45.85,-40.15,[],0,0,[],[]
37771380,37772520,NA,MAF,0.0,1113,pause,NA,NA,NA,NA,0.0,0,-43.07,-36.97,[],0,0,[],[]
37772520,37774280,NA,FAF,0.0,1113,pause,NA,NA,NA,NA,0.0,0,-37.24,-25.24,[],0,0,[],[]
37774280,37775340,NA,NOF,0.0,1113,pause,NA,NA,NA,NA,0.0,0,-45.6,-35.07,[],0,0,[],[]
37775340,37776140,NA,OLF,0.0,1113,pause,NA,NA,NA,NA,0.0,0,-44.23,-39.87,[],0,0,[],[]
37776140,37777340,NA,CXF,0.0,1113,pause,NA,NA,NA,NA,0.0,0,-44.57,-40.0,[],0,0,[],[]
37777340,37778340,NA,MAF,0.0,1113,pause,NA,NA,NA,NA,0.0,0,-46.37,-40.41,[],0,0,[],[]
37778340,37779140,NA,CXF,0.0,1113,pause,NA,NA,NA,NA,0.0,0,-42.04,-35.78,[],0,0,[],[]
37779140,37780790,NA,MAF,0.0,1113,pause,NA,NA,NA,NA,0.0,0,-37.03,-23.08,[],0,0,[],[]
37780790,37781630,NA,CXF,0.0,1113,pause,NA,NA,NA,NA,0.0,0,-45.86,-39.2,[],0,0,[],[]
37781630,37782430,NA,OLF,0.0,1113,pause,NA,NA,NA,NA,0.0,0,-42.53,-35.55,[],0,0,[],[]
37782430,37784040,MAL,MAN,3.74,1113,AMM,EC,0,NT,FI,0.0,0,-26.17,-15.81,[],0,0,[],[]
37784040,37785730,NA,OLF,0.0,1114,pause,NA,NA,NA,NA,0.0,0,-42.6,-36.1,[],0,0,[],[]
37785730,37786910,NA,MAF,0.0,1114,pause,NA,NA,NA,NA,0.0,0,-44.7,-39.92,[],0,0,[],[]
37786910,37788620,NA,TVF,0.0,1114,pause,NA,NA,NA,NA,0.0,0,-41.84,-33.07,[],0,0,[],[]
37788620,37789620,NA,MAF,0.0,1114,pause,NA,NA,NA,NA,0.0,0,-41.67,-35.1,[],0,0,[],[]
37789620,37790420,NA,CXF,0.0,1114,pause,NA,NA,NA,NA,0.0,0,-47.82,-40.92,[],0,0,[],[]
37790420,37791220,NA,OLF,0.0,1114,pause,NA,NA,NA,NA,0.0,0,-45.17,-41.68,[],0,0,[],[]
37791220,37792020,NA,CXF,0.0,1114,pause,NA,NA,NA,NA,0.0,0,-43.57,-39.58,[],0,0,[],[]
37792020,37793020,NA,OLF,0.0,1114,pause,NA,NA,NA,NA,0.0,0,-43.12,-39.05,[],0,0,[],[]
37793020,37794190,NA,CXF,0.0,1114,pause,NA,NA,NA,NA,0.0,0,-40.84,-29.81,[],0,0,[],[]
37794190,37795190,NA,MAF,0.0,1114,pause,NA,NA,NA,NA,0.0,0,-41.97,-31.34,[],0,0,[],[]
37795190,37796560,NA,FAF,0.0,1114,pause,NA,NA,NA,NA,0.0,0,-44.45,-38.7,[],0,0,[],[]
37796560,37797360,NA,CXF,0.0,1114,pause,NA,NA,NA,NA,0.0,0,-44.32,-36.45,[],0,0,[],[]
37797360,37798940,NA,OLF,0.0,1114,pause,NA,NA,NA,NA,0.0,0,-43.42,-38.13,[],0,0,[],[]
37798940,37799910,NA,NOF,0.0,1114,pause,NA,NA,NA,NA,0.0,0,-45.65,-37.89,[],0,0,[],[]
37799910,37801010,NA,CXF,0.0,1114,pause,NA,NA,NA,NA,0.0,0,-43.39,-38.21,[],0,0,[],[]
37801010,37802140,NA,MAF,0.0,1114,pause,NA,NA,NA,NA,0.0,0,-44.01,-28.98,[],0,0,[],[]
37802140,37803080,NA,OLF,0.0,1114,pause,NA,NA,NA,NA,0.0,0,-25.64,-8.2,[],0,0,[],[]
37803080,37803870,CHI,CHN,0.0,1114,pause,NA,NA,NA,NA,0.0,0,-24.09,-19.1,[],0,790,"[{'start': 37803.08, 'end': 37803.87}]",[]
37803870,37804700,NA,OLN,0.0,1114,pause,NA,NA,NA,NA,0.0,0,-29.37,-13.56,[],0,0,[],[]
37804700,37808260,NA,OLF,0.0,1114,pause,NA,NA,NA,NA,0.0,0,-33.52,-18.97,[],0,0,[],[]
37808260,37809280,NA,TVF,0.0,1114,pause,NA,NA,NA,NA,0.0,0,-41.56,-35.14,[],0,0,[],[]
37809280,37811850,NA,OLN,0.0,1114,pause,NA,NA,NA,NA,0.0,0,-35.18,-26.7,[],0,0,[],[]
37811850,37812850,FEM,FAN,4.91,1114,AMF,EC,0,NT,FI,0.0,0,-19.8,-11.95,[],0,0,[],[]
37812850,37814070,NA,MAF,0.0,1115,pause,NA,NA,NA,NA,0.0,0,-37.12,-26.09,[],0,0,[],[]
37814070,37815130,NA,FAF,0.0,1115,pause,NA,NA,NA,NA,0.0,0,-28.51,-20.23,[],0,0,[],[]
37815130,37815980,NA,OLF,0.0,1115,pause,NA,NA,NA,NA,0.0,0,-37.13,-31.2,[],0,0,[],[]
37815980,37816980,NA,FAF,0.0,1115,pause,NA,NA,NA,NA,0.0,0,-38.13,-30.49,[],0,0,[],[]
37816980,37817910,NA,OLN,0.0,1115,pause,NA,NA,NA,NA,0.0,0,-33.11,-25.06,[],0,0,[],[]
37817910,37818910,NA,MAF,0.0,1115,pause,NA,NA,NA,NA,0.0,0,-34.65,-29.0,[],0,0,[],[]
37818910,37823790,NA,OLF,0.0,1115,pause,NA,NA,NA,NA,0.0,0,-29.05,-10.89,[],0,0,[],[]
37823790,37824910,NA,MAF,0.0,1115,pause,NA,NA,NA,NA,0.0,0,-35.59,-30.7,[],0,0,[],[]
37824910,37827430,NA,OLF,0.0,1115,pause,NA,NA,NA,NA,0.0,0,-35.8,-30.05,[],0,0,[],[]
37827430,37828240,NA,CXF,0.0,1115,pause,NA,NA,NA,NA,0.0,0,-41.78,-35.48,[],0,0,[],[]
37828240,37829960,NA,OLF,0.0,1115,pause,NA,NA,NA,NA,0.0,0,-40.31,-32.46,[],0,0,[],[]
37829960,37831130,NA,TVF,0.0,1115,pause,NA,NA,NA,NA,0.0,0,-45.18,-39.17,[],0,0,[],[]
37831130,37832380,NA,NOF,0.0,1115,pause,NA,NA,NA,NA,0.0,0,-34.14,-18.1,[],0,0,[],[]
37832380,37833370,NA,OLF,0.0,1115,pause,NA,NA,NA,NA,0.0,0,-23.96,-9.7,[],0,0,[],[]
37833370,37834230,NA,NOF,0.0,1115,pause,NA,NA,NA,NA,0.0,0,-40.75,-29.74,[],0,0,[],[]
37834230,37841530,NA,OLF,0.0,1115,pause,NA,NA,NA,NA,0.0,0,-34.32,-20.11,[],0,0,[],[]
37841530,37842840,OCH,CXN,0.0,1115,XM,EC,0,NT,FI,0.0,0,-28.53,-17.61,[],0,0,[],[]
37842840,37848150,NA,OLN,0.0,1116,pause,NA,NA,NA,NA,0.0,0,-24.95,-5.38,[],0,0,[],[]
37848150,37848990,OCH,CXN,0.0,1116,XM,EC,0,NT,FI,0.0,0,-34.2,-25.82,[],0,0,[],[]
37848990,37850620,NA,OLF,0.0,1117,pause,NA,NA,NA,NA,0.0,0,-34.85,-25.87,[],0,0,[],[]
37850620,37851700,NA,TVF,0.0,1117,pause,NA,NA,NA,NA,0.0,0,-36.22,-32.02,[],0,0,[],[]
37851700,37853580,NA,OLN,0.0,1117,pause,NA,NA,NA,NA,0.0,0,-31.96,-22.14,[],0,0,[],[]
37853580,37854380,NA,CXF,0.0,1117,pause,NA,NA,NA,NA,0.0,0,-36.63,-33.62,[],0,0,[],[]
37854380,37861040,NA,OLN,0.0,1117,pause,NA,NA,NA,NA,0.0,0,-34.0,-25.39,[],0,0,[],[]
37861040,37861850,NA,CXF,0.0,1117,pause,NA,NA,NA,NA,0.0,0,-37.24,-28.32,[],0,0,[],[]
37861850,37867360,NA,OLN,0.0,1117,pause,NA,NA,NA,NA,0.0,0,-33.53,-20.07,[],0,0,[],[]
37867360,37868390,MAL,MAN,0.0,1117,pause,NA,NA,NA,NA,0.0,0,-31.38,-23.74,[],1030,0,[],[]
37868390,37870270,OCH,CXN,0.0,1117,XIOCC,BC,0,NT,FI,0.0,0,-21.99,-12.04,[],0,0,[],[]
37870270,37871540,NA,OLF,0.0,1117,XIOCC,NA,NA,NA,NA,0.0,0,-37.47,-28.56,[],0,0,[],[]
37871540,37872170,NA,CHF,0.0,1117,XIOCC,EC,0,NT,FI,1.0,630,-35.15,-26.47,"[{'Canonical-syllable': '0', 'Growl': '0', 'High-freq-energy': '0', 'Long-island': '0', 'Low-tilt-spectrum': '1', 'Medium-island': '1', 'Short-island': '0', 'Squeal': '1', 'Typical-entropy': '1', 'Voicing-quality': '1', 'Wide-band': '0', 'Xlong-island': '0', 'seq': '1', 'end': 37872.17, 'start': 37871.54}]",0,0,[],[]
37872170,37883180,NA,OLN,0.0,1118,pause,NA,NA,NA,NA,0.0,0,-32.67,-14.23,[],0,0,[],[]
37883180,37884030,NA,NOF,0.0,1118,pause,NA,NA,NA,NA,0.0,0,-42.24,-38.23,[],0,0,[],[]
37884030,37888720,NA,OLN,0.0,1118,pause,NA,NA,NA,NA,0.0,0,-35.4,-23.25,[],0,0,[],[]
37888720,37889870,OCH,CXN,0.0,1118,XM,EC,0,NT,FI,0.0,0,-30.22,-22.15,[],0,0,[],[]
37889870,37891950,NA,OLF,0.0,1119,pause,NA,NA,NA,NA,0.0,0,-27.55,-7.26,[],0,0,[],[]
37891950,37893000,NA,FAF,0.0,1119,pause,NA,NA,NA,NA,0.0,0,-33.43,-20.68,[],0,0,[],[]
37893000,37893820,NA,NOF,0.0,1119,pause,NA,NA,NA,NA,0.0,0,-40.53,-31.88,[],0,0,[],[]
37893820,37894620,NA,OLN,0.0,1119,pause,NA,NA,NA,NA,0.0,0,-33.56,-22.24,[],0,0,[],[]
37894620,37895840,NA,NON,0.0,1119,pause,NA,NA,NA,NA,0.0,0,-22.67,-11.9,[],0,0,[],[]
37895840,37897470,NA,OLN,0.0,1119,pause,NA,NA,NA,NA,0.0,0,-27.27,-18.8,[],0,0,[],[]
37897470,37898090,CHI,CHN,0.0,1119,pause,NA,NA,NA,NA,0.0,0,-24.96,-15.74,[],0,620,[],"[{'start': 37897.47, 'end': 37898.09}]"
37898090,37900220,NA,OLN,0.0,1119,pause,NA,NA,NA,NA,0.0,0,-32.2,-22.2,[],0,0,[],[]
37900220,37902300,OCH,CXN,0.0,1119,XM,BC,0,NT,FI,0.0,0,-30.57,-20.09,[],0,0,[],[]
37902300,37906090,NA,OLN,0.0,1119,XM,NA,NA,NA,NA,0.0,0,-33.7,-20.41,[],0,0,[],[]
37906090,37906890,OCH,CXN,0.0,1119,XM,EC,0,NT,FH,0.0,0,-33.26,-29.03,[],0,0,[],[]
37906890,37908380,NA,OLN,0.0,1120,pause,NA,NA,NA,NA,0.0,0,-33.12,-26.69,[],0,0,[],[]
37908380,37910340,NA,NOF,0.0,1120,pause,NA,NA,NA,NA,0.0,0,-35.66,-28.64,[],0,0,[],[]
37910340,37915270,NA,OLN,0.0,1120,pause,NA,NA,NA,NA,0.0,0,-34.21,-19.9,[],0,0,[],[]
37915270,37917310,NA,NON,0.0,1120,pause,NA,NA,NA,NA,0.0,0,-28.93,-21.44,[],0,0,[],[]
37917310,37920100,NA,OLN,0.0,1120,pause,NA,NA,NA,NA,0.0,0,-34.18,-26.92,[],0,0,[],[]
37920100,37921310,NA,MAF,0.0,1120,pause,NA,NA,NA,NA,0.0,0,-37.83,-30.96,[],0,0,[],[]
37921310,37927330,NA,OLN,0.0,1120,pause,NA,NA,NA,NA,0.0,0,-35.41,-23.68,[],0,0,[],[]
37927330,37928460,NA,NON,0.0,1120,pause,NA,NA,NA,NA,0.0,0,-33.29,-28.12,[],0,0,[],[]
37928460,37929690,NA,OLN,0.0,1120,pause,NA,NA,NA,NA,0.0,0,-31.24,-26.07,[],0,0,[],[]
37929690,37930640,NA,NON,0.0,1120,pause,NA,NA,NA,NA,0.0,0,-20.86,-6.59,[],0,0,[],[]
37930640,37932320,NA,OLN,0.0,1120,pause,NA,NA,NA,NA,0.0,0,-24.83,-5.51,[],0,0,[],[]
37932320,37933190,CHI,CHN,0.0,1120,CIOCX,BC,0,NT,FI,1.0,870,-26.12,-20.96,"[{'Canonical-syllable': '0', 'Growl': '1', 'High-freq-energy': '1', 'Long-island': '1', 'Low-tilt-spectrum': '1', 'Medium-island': '0', 'Short-island': '0', 'Squeal': '0', 'Typical-entropy': '1', 'Voicing-quality': '1', 'Wide-band': '0', 'Xlong-island': '0', 'seq': '1', 'end': 37933.19, 'start': 37932.32}]",0,0,[],[]
37933190,37933990,NA,OLN,0.0,1120,CIOCX,NA,NA,NA,NA,0.0,0,-24.49,-16.77,[],0,0,[],[]
37933990,37934910,OCH,CXN,0.0,1120,CIOCX,RC,0,NT,FI,0.0,0,-19.27,-15.15,[],0,0,[],[]
37934910,37935790,NA,OLN,0.0,1120,CIOCX,NA,NA,NA,NA,0.0,0,-16.94,-5.11,[],0,0,[],[]
37935790,37936590,OCH,CXN,0.0,1120,CIOCX,RC,0,NT,FH,0.0,0,-23.5,-21.03,[],0,0,[],[]
37936590,37939550,NA,OLN,0.0,1120,CIOCX,NA,NA,NA,NA,0.0,0,-25.51,-5.74,[],0,0,[],[]
37939550,37940790,OCH,CXN,0.0,1120,CIOCX,EC,0,NT,FH,0.0,0,-29.72,-19.15,[],0,0,[],[]
37940790,37946690,NA,OLN,0.0,1121,pause,NA,NA,NA,NA,0.0,0,-29.11,-14.23,[],0,0,[],[]
37946690,37947300,CHI,CHN,0.0,1121,pause,NA,NA,NA,NA,0.0,0,-20.61,-14.06,[],0,480,[],"[{'start': 37946.69, 'end': 37947.17}]"
37947300,37950260,NA,OLN,0.0,1121,pause,NA,NA,NA,NA,0.0,0,-32.8,-23.64,[],0,0,[],[]
37950260,37951260,NA,TVN,0.0,1121,pause,NA,NA,NA,NA,0.0,0,-34.12,-28.27,[],0,0,[],[]
37951260,37956720,NA,OLN,0.0,1121,pause,NA,NA,NA,NA,0.0,0,-34.42,-21.53,[],0,0,[],[]
37956720,37957990,NA,TVN,0.0,1121,pause,NA,NA,NA,NA,0.0,0,-39.2,-33.87,[],0,0,[],[]
37957990,37958820,NA,OLN,0.0,1121,pause,NA,NA,NA,NA,0.0,0,-31.58,-20.71,[],0,0,[],[]
37958820,37959600,CHI,CHN,0.0,1121,CM,BC,0,NT,FI,1.0,780,-32.13,-23.67,"[{'Canonical-syllable': '0', 'Growl': '0', 'High-freq-energy': '1', 'Long-island': '1', 'Low-tilt-spectrum': '1', 'Medium-island': '0', 'Short-island': '0', 'Squeal': '0', 'Typical-entropy': '1', 'Voicing-quality': '1', 'Wide-band': '0', 'Xlong-island': '0', 'seq': '1', 'end': 37959.6, 'start': 37958.82}]",0,0,[],[]
37959600,37961160,NA,NON,0.0,1121,CM,NA,NA,NA,NA,0.0,0,-31.46,-24.3,[],0,0,[],[]
37961160,37961990,NA,OLN,0.0,1121,CM,NA,NA,NA,NA,0.0,0,-25.6,-19.42,[],0,0,[],[]
37961990,37962790,CHI,CHN,0.0,1121,CM,EC,0,NT,FH,1.0,800,-20.39,-16.43,"[{'Canonical-syllable': '0', 'Growl': '0', 'High-freq-energy': '1', 'Long-island': '1', 'Low-tilt-spectrum': '1', 'Medium-island': '0', 'Short-island': '0', 'Squeal': '0', 'Typical-entropy': '1', 'Voicing-quality': '1', 'Wide-band': '0', 'Xlong-island': '0', 'seq': '1', 'end': 37962.79, 'start': 37961.99}]",0,0,[],[]
37962790,37964310,NA,NON,0.0,1122,pause,NA,NA,NA,NA,0.0,0,-26.84,-17.79,[],0,0,[],[]
37964310,37964930,NA,OLN,0.0,1122,pause,NA,NA,NA,NA,0.0,0,-29.55,-16.71,[],0,0,[],[]
37964930,37965880,NA,NON,0.0,1122,pause,NA,NA,NA,NA,0.0,0,-32.28,-28.67,[],0,0,[],[]
37965880,37966990,NA,OLN,0.0,1122,pause,NA,NA,NA,NA,0.0,0,-22.95,-16.33,[],0,0,[],[]
37966990,37967590,CHI,CHN,0.0,1122,pause,NA,NA,NA,NA,0.0,0,-25.03,-23.04,[],0,600,"[{'start': 37966.99, 'end': 37967.59}]",[]
37967590,37968390,NA,OLN,0.0,1122,pause,NA,NA,NA,NA,0.0,0,-19.23,-12.91,[],0,0,[],[]
37968390,37969190,NA,NON,0.0,1122,pause,NA,NA,NA,NA,0.0,0,-20.06,-8.42,[],0,0,[],[]
37969190,37973140,NA,OLN,0.0,1122,pause,NA,NA,NA,NA,0.0,0,-19.68,-4.44,[],0,0,[],[]
37973140,37974090,NA,NON,0.0,1122,pause,NA,NA,NA,NA,0.0,0,-33.44,-27.98,[],0,0,[],[]
37974090,37976650,NA,OLF,0.0,1122,pause,NA,NA,NA,NA,0.0,0,-38.92,-31.21,[],0,0,[],[]
37976650,37977450,OCH,CXN,0.0,1122,XIOCC,BC,0,NT,FI,0.0,0,-31.69,-26.7,[],0,0,[],[]
37977450,37978330,NA,OLN,0.0,1122,XIOCC,NA,NA,NA,NA,0.0,0,-32.41,-26.96,[],0,0,[],[]
37978330,37979130,OCH,CXN,0.0,1122,XIOCC,RC,0,NT,FH,0.0,0,-34.31,-29.48,[],0,0,[],[]
37979130,37980980,NA,OLF,0.0,1122,XIOCC,NA,NA,NA,NA,0.0,0,-39.07,-22.59,[],0,0,[],[]
37980980,37981810,NA,CXF,0.0,1122,XIOCC,NA,NA,NA,NA,0.0,0,-34.81,-20.49,[],0,0,[],[]
37981810,37983390,NA,NON,0.0,1122,XIOCC,NA,NA,NA,NA,0.0,0,-25.25,-16.88,[],0,0,[],[]
37983390,37984810,CHI,CHN,0.0,1122,XIOCC,RC,0,NT,FI,1.0,1420,-21.85,-13.56,"[{'Canonical-syllable': '0', 'Growl': '1', 'High-freq-energy': '1', 'Long-island': '0', 'Low-tilt-spectrum': '1', 'Medium-island': '0', 'Short-island': '0', 'Squeal': '0', 'Typical-entropy': '1', 'Voicing-quality': '1', 'Wide-band': '0', 'Xlong-island': '1', 'seq': '1', 'end': 37984.81, 'start': 37983.48}]",0,0,[],[]
37984810,37985620,OCH,CXN,0.0,1122,XIOCC,RC,0,NT,FI,0.0,0,-25.92,-19.49,[],0,0,[],[]
37985620,37987780,NA,OLN,0.0,1122,XIOCC,NA,NA,NA,NA,0.0,0,-34.15,-28.22,[],0,0,[],[]
37987780,37988780,NA,TVN,0.0,1122,XIOCC,NA,NA,NA,NA,0.0,0,-36.86,-32.53,[],0,0,[],[]
37988780,37989690,NA,OLN,0.0,1122,XIOCC,NA,NA,NA,NA,0.0,0,-28.08,-22.6,[],0,0,[],[]
37989690,37990690,CHI,CHN,0.0,1122,XIOCC,EC,0,NT,FI,1.0,860,-20.79,-13.98,"[{'Canonical-syllable': '0', 'Growl': '0', 'High-freq-energy': '0', 'Long-island': '1', 'Low-tilt-spectrum': '0', 'Medium-island': '0', 'Short-island': '0', 'Squeal': '0', 'Typical-entropy': '1', 'Voicing-quality': '1', 'Wide-band': '0', 'Xlong-island': '0', 'seq': '1', 'end': 37990.55, 'start': 37989.69}]",0,0,[],[]
37990690,37995690,NA,OLN,0.0,1123,pause,NA,NA,NA,NA,0.0,0,-24.91,-6.05,[],0,0,[],[]
37995690,37998110,NA,NON,0.0,1123,pause,NA,NA,NA,NA,0.0,0,-29.83,-25.97,[],0,0,[],[]
37998110,37999300,NA,OLN,0.0,1123,pause,NA,NA,NA,NA,0.0,0,-27.19,-20.1,[],0,0,[],[]
37999300,38001130,CHI,CHN,0.0,1123,CIOCX,BC,0,NT,FI,1.0,1830,-18.79,-9.98,"[{'Canonical-syllable': '0', 'Growl': '4', 'High-freq-energy': '4', 'Long-island': '0', 'Low-tilt-spectrum': '5', 'Medium-island': '2', 'Short-island': '3', 'Squeal': '0', 'Typical-entropy': '5', 'Voicing-quality': '1', 'Wide-band': '0', 'Xlong-island': '0', 'seq': '1', 'end': 38001.13, 'start': 37999.3}]",0,0,[],[]
38001130,38002710,NA,OLN,0.0,1123,CIOCX,NA,NA,NA,NA,0.0,0,-32.53,-24.27,[],0,0,[],[]
38002710,38003510,NA,CXF,0.0,1123,CIOCX,NA,NA,NA,NA,0.0,0,-37.43,-32.89,[],0,0,[],[]
38003510,38005390,NA,OLN,0.0,1123,CIOCX,NA,NA,NA,NA,0.0,0,-24.82,-5.88,[],0,0,[],[]
38005390,38006320,OCH,CXN,0.0,1123,CIOCX,RC,0,NT,FI,0.0,0,-32.92,-24.79,[],0,0,[],[]
38006320,38007180,NA,OLN,0.0,1123,CIOCX,NA,NA,NA,NA,0.0,0,-38.22,-31.3,[],0,0,[],[]
38007180,38008110,OCH,CXN,0.0,1123,CIOCX,EC,0,NT,FH,0.0,0,-38.31,-33.06,[],0,0,[],[]
38008110,38008910,NA,NON,0.0,1124,pause,NA,NA,NA,NA,0.0,0,-38.92,-32.19,[],0,0,[],[]
38008910,38010450,NA,OLN,0.0,1124,pause,NA,NA,NA,NA,0.0,0,-36.52,-30.49,[],0,0,[],[]
38010450,38011250,NA,NOF,0.0,1124,pause,NA,NA,NA,NA,0.0,0,-41.89,-36.46,[],0,0,[],[]
38011250,38018800,NA,OLN,0.0,1124,pause,NA,NA,NA,NA,0.0,0,-23.9,-2.61,[],0,0,[],[]
38018800,38019610,NA,NON,0.0,1124,pause,NA,NA,NA,NA,0.0,0,-30.65,-26.68,[],0,0,[],[]
38019610,38020550,OCH,CXN,0.0,1124,XIOCC,BC,0,NT,FI,0.0,0,-32.38,-25.33,[],0,0,[],[]
38020550,38022720,NA,OLN,0.0,1124,XIOCC,NA,NA,NA,NA,0.0,0,-32.98,-26.76,[],0,0,[],[]
38022720,38024430,OCH,CXN,0.0,1124,XIOCC,RC,0,NT,FH,0.0,0,-25.7,-13.37,[],0,0,[],[]
38024430,38025680,NA,OLN,0.0,1124,XIOCC,NA,NA,NA,NA,0.0,0,-26.8,-19.14,[],0,0,[],[]
38025680,38026300,CHI,CHN,0.0,1124,XIOCC,RC,0,NT,FI,1.0,620,-16.33,-11.23,"[{'Canonical-syllable': '0', 'Growl': '0', 'High-freq-energy': '0', 'Long-island': '0', 'Low-tilt-spectrum': '1', 'Medium-island': '1', 'Short-island': '0', 'Squeal': '0', 'Typical-entropy': '1', 'Voicing-quality': '1', 'Wide-band': '0', 'Xlong-island': '0', 'seq': '1', 'end': 38026.3, 'start': 38025.68}]",0,0,[],[]
38026300,38030180,NA,OLN,0.0,1124,XIOCC,NA,NA,NA,NA,0.0,0,-26.61,-17.15,[],0,0,[],[]
38030180,38031050,OCH,CXN,0.0,1124,XIOCC,RC,0,NT,FI,0.0,0,-36.4,-27.6,[],0,0,[],[]
38031050,38031950,OCH,CXN,0.0,1124,XIOCC,RC,0,NT,FH,0.0,0,-22.4,-12.01,[],0,0,[],[]
38031950,38033030,NA,TVN,0.0,1124,XIOCC,NA,NA,NA,NA,0.0,0,-32.21,-25.85,[],0,0,[],[]
38033030,38033830,CHI,CHN,0.0,1124,XIOCC,RC,0,NT,FI,1.0,800,-15.49,-10.95,"[{'Canonical-syllable': '0', 'Growl': '0', 'High-freq-energy': '0', 'Long-island': '1', 'Low-tilt-spectrum': '0', 'Medium-island': '0', 'Short-island': '0', 'Squeal': '0', 'Typical-entropy': '0', 'Voicing-quality': '1', 'Wide-band': '0', 'Xlong-island': '0', 'seq': '1', 'end': 38033.83, 'start': 38033.14}]",0,0,[],[]
38033830,38035060,OCH,CXN,0.0,1124,XIOCC,RC,0,NT,FI,0.0,0,-16.7,-11.15,[],0,0,[],[]
38035060,38037540,NA,OLN,0.0,1124,XIOCC,NA,NA,NA,NA,0.0,0,-27.61,-15.97,[],0,0,[],[]
38037540,38039930,OCH,CXN,0.0,1124,XIOCC,EC,0,NT,FH,0.0,0,-26.21,-14.73,[],0,0,[],[]
38039930,38040930,NA,TVN,0.0,1125,pause,NA,NA,NA,NA,0.0,0,-31.41,-26.15,[],0,0,[],[]
38040930,38041730,NA,OLN,0.0,1125,pause,NA,NA,NA,NA,0.0,0,-32.56,-22.65,[],0,0,[],[]
38041730,38042330,CHI,CHN,0.0,1125,pause,NA,NA,NA,NA,0.0,0,-14.92,-6.73,[],0,600,"[{'start': 38041.73, 'end': 38042.33}]",[]
38042330,38048000,NA,OLN,0.0,1125,pause,NA,NA,NA,NA,0.0,0,-34.48,-22.17,[],0,0,[],[]
38048000,38049380,CHI,CHN,0.0,1125,CIC,BC,0,TIMI,FI,1.0,1380,-23.82,-16.47,"[{'Canonical-syllable': '0', 'Growl': '0', 'High-freq-energy': '1', 'Long-island': '0', 'Low-tilt-spectrum': '1', 'Medium-island': '0', 'Short-island': '0', 'Squeal': '0', 'Typical-entropy': '1', 'Voicing-quality': '1', 'Wide-band': '0', 'Xlong-island': '1', 'seq': '1', 'end': 38049.38, 'start': 38048.0}]",0,0,[],[]
38049380,38050180,NA,OLN,0.0,1125,CIC,NA,NA,NA,NA,0.0,0,-26.21,-19.73,[],0,0,[],[]
38050180,38050780,CHI,CHN,0.0,1125,CIC,NA,NA,NA,NA,0.0,0,-27.0,-21.65,[],0,600,[],"[{'start': 38050.18, 'end': 38050.78}]"
38050780,38052220,NA,OLN,0.0,1125,CIC,NA,NA,NA,NA,0.0,0,-29.96,-23.03,[],0,0,[],[]
38052220,38053040,NA,NOF,0.0,1125,CIC,NA,NA,NA,NA,0.0,0,-29.5,-18.98,[],0,0,[],[]
38053040,38054240,NA,OLN,0.0,1125,CIC,NA,NA,NA,NA,0.0,0,-35.38,-29.27,[],0,0,[],[]
38054240,38055300,MAL,MAN,2.47,1125,CIC,RC,1,TIMR,FI,0.0,0,-34.65,-28.42,[],0,0,[],[]
38055300,38057450,NA,OLN,0.0,1125,CIC,NA,NA,NA,NA,0.0,0,-36.2,-28.38,[],0,0,[],[]
38057450,38058050,CHI,CHN,0.0,1125,CIC,RC,1,TIME,FI,1.0,600,-32.42,-28.07,"[{'Canonical-syllable': '0', 'Growl': '0', 'High-freq-energy': '1', 'Long-island': '0', 'Low-tilt-spectrum': '1', 'Medium-island': '1', 'Short-island': '0', 'Squeal': '0', 'Typical-entropy': '1', 'Voicing-quality': '1', 'Wide-band': '0', 'Xlong-island': '0', 'seq': '1', 'end': 38058.05, 'start': 38057.45}]",0,0,[],[]
38058050,38058850,OCH,CXN,0.0,1125,CIC,EC,1,NT,FI,0.0,0,-36.57,-29.2,[],0,0,[],[]
38058850,38063880,NA,OLN,0.0,1126,pause,NA,NA,NA,NA,0.0,0,-34.99,-22.61,[],0,0,[],[]
38063880,38064480,NA,CHF,0.0,1126,pause,NA,NA,NA,NA,0.0,0,-34.58,-30.98,[],0,600,[],"[{'start': 38063.88, 'end': 38064.48}]"
38064480,38065280,NA,NOF,0.0,1126,pause,NA,NA,NA,NA,0.0,0,-33.39,-28.78,[],0,0,[],[]
38065280,38066280,NA,FAF,0.0,1126,pause,NA,NA,NA,NA,0.0,0,-35.47,-26.26,[],0,0,[],[]
38066280,38068690,NA,OLN,0.0,1126,pause,NA,NA,NA,NA,0.0,0,-35.43,-25.36,[],0,0,[],[]
38068690,38069560,NA,NON,0.0,1126,pause,NA,NA,NA,NA,0.0,0,-35.23,-29.82,[],0,0,[],[]
38069560,38072980,NA,OLN,0.0,1126,pause,NA,NA,NA,NA,0.0,0,-35.09,-26.62,[],0,0,[],[]
38072980,38073790,OCH,CXN,0.0,1126,XM,EC,0,NT,FI,0.0,0,-34.66,-31.61,[],0,0,[],[]
38073790,38077600,NA,OLN,0.0,1127,pause,NA,NA,NA,NA,0.0,0,-37.06,-29.07,[],0,0,[],[]
38077600,38078400,NA,NOF,0.0,1127,pause,NA,NA,NA,NA,0.0,0,-38.5,-33.85,[],0,0,[],[]
38078400,38079220,NA,CXF,0.0,1127,pause,NA,NA,NA,NA,0.0,0,-38.54,-34.33,[],0,0,[],[]
38079220,38081090,NA,FAF,0.0,1127,pause,NA,NA,NA,NA,0.0,0,-39.86,-33.29,[],0,0,[],[]
38081090,38081890,NA,OLF,0.0,1127,pause,NA,NA,NA,NA,0.0,0,-40.23,-33.63,[],0,0,[],[]
38081890,38082710,OCH,CXN,0.0,1127,XIOCA,BC,0,NT,FI,0.0,0,-38.13,-33.22,[],0,0,[],[]
38082710,38085570,NA,OLN,0.0,1127,XIOCA,NA,NA,NA,NA,0.0,0,-37.9,-30.73,[],0,0,[],[]
38085570,38086570,NA,TVF,0.0,1127,XIOCA,NA,NA,NA,NA,0.0,0,-42.28,-35.69,[],0,0,[],[]
38086570,38087470,NA,OLF,0.0,1127,XIOCA,NA,NA,NA,NA,0.0,0,-38.62,-31.45,[],0,0,[],[]
38087470,38088750,FEM,FAN,5.66,1127,XIOCA,EC,0,NT,FI,0.0,0,-37.68,-28.22,[],0,0,[],[]
38088750,38089560,NA,NON,0.0,1128,pause,NA,NA,NA,NA,0.0,0,-42.03,-38.98,[],0,0,[],[]
38089560,38091190,NA,FAF,0.0,1128,pause,NA,NA,NA,NA,0.0,0,-43.08,-38.36,[],0,0,[],[]
38091190,38092210,NA,TVF,0.0,1128,pause,NA,NA,NA,NA,0.0,0,-40.45,-34.85,[],0,0,[],[]
38092210,38093210,NA,MAF,0.0,1128,pause,NA,NA,NA,NA,0.0,0,-40.08,-35.94,[],0,0,[],[]
38093210,38094010,NA,NOF,0.0,1128,pause,NA,NA,NA,NA,0.0,0,-37.39,-33.43,[],0,0,[],[]
38094010,38095010,NA,FAF,0.0,1128,pause,NA,NA,NA,NA,0.0,0,-43.65,-39.85,[],0,0,[],[]
38095010,38095860,NA,CXF,0.0,1128,pause,NA,NA,NA,NA,0.0,0,-39.07,-30.1,[],0,0,[],[]
38095860,38097170,NA,OLN,0.0,1128,pause,NA,NA,NA,NA,0.0,0,-36.16,-26.78,[],0,0,[],[]
38097170,38098000,NA,NON,0.0,1128,pause,NA,NA,NA,NA,0.0,0,-33.5,-29.63,[],0,0,[],[]
38098000,38103010,NA,OLN,0.0,1128,pause,NA,NA,NA,NA,0.0,0,-35.16,-27.95,[],0,0,[],[]
38103010,38103870,NA,NON,0.0,1128,pause,NA,NA,NA,NA,0.0,0,-35.75,-28.34,[],0,0,[],[]
38103870,38105110,NA,OLN,0.0,1128,pause,NA,NA,NA,NA,0.0,0,-34.42,-27.87,[],0,0,[],[]
38105110,38106310,NA,NON,0.0,1128,pause,NA,NA,NA,NA,0.0,0,-33.91,-27.07,[],0,0,[],[]
38106310,38107480,MAL,MAN,0.0,1128,pause,NA,NA,NA,NA,0.0,0,-35.58,-26.66,[],1170,0,[],[]
38107480,38108830,FEM,FAN,0.0,1128,pause,NA,NA,NA,NA,0.0,0,-31.67,-25.59,[],1350,0,[],[]
38108830,38111770,NA,OLN,0.0,1128,pause,NA,NA,NA,NA,0.0,0,-36.45,-27.58,[],0,0,[],[]
38111770,38112620,NA,NON,0.0,1128,pause,NA,NA,NA,NA,0.0,0,-32.26,-23.59,[],0,0,[],[]
38112620,38113490,OCH,CXN,0.0,1128,XM,EC,0,NT,FI,0.0,0,-35.26,-27.63,[],0,0,[],[]
38113490,38116400,NA,FAF,0.0,1129,pause,NA,NA,NA,NA,0.0,0,-41.97,-31.31,[],0,0,[],[]
38116400,38121840,NA,TVF,0.0,1129,pause,NA,NA,NA,NA,0.0,0,-40.87,-26.89,[],0,0,[],[]
38121840,38122850,NA,FAF,0.0,1129,pause,NA,NA,NA,NA,0.0,0,-42.89,-35.43,[],0,0,[],[]
38122850,38123850,NA,TVF,0.0,1129,pause,NA,NA,NA,NA,0.0,0,-45.13,-36.44,[],0,0,[],[]
38123850,38124670,NA,SIL,0.0,1129,pause,NA,NA,NA,NA,0.0,0,-49.76,-43.42,[],0,0,[],[]
38124670,38125680,NA,TVF,0.0,1129,pause,NA,NA,NA,NA,0.0,0,-46.34,-38.84,[],0,0,[],[]
38125680,38126480,NA,CXF,0.0,1129,pause,NA,NA,NA,NA,0.0,0,-37.99,-29.52,[],0,0,[],[]
38126480,38127480,NA,FAF,0.0,1129,pause,NA,NA,NA,NA,0.0,0,-36.49,-25.41,[],0,0,[],[]
38127480,38128390,NA,OLF,0.0,1129,pause,NA,NA,NA,NA,0.0,0,-35.32,-23.59,[],0,0,[],[]
38128390,38129590,FEM,FAN,1.27,1129,AICF,BC,0,NT,FI,0.0,0,-43.55,-35.51,[],0,0,[],[]
38129590,38130670,OCH,CXN,0.0,1129,AICF,RC,0,NT,FI,0.0,0,-43.8,-34.11,[],0,0,[],[]
38130670,38132080,FEM,FAN,3.97,1129,AICF,RC,0,TIFI,FI,0.0,0,-21.33,-12.16,[],0,0,[],[]
38132080,38132690,CHI,CHN,0.0,1129,AICF,RC,1,TIFR,FI,1.0,610,-17.92,-11.43,"[{'Canonical-syllable': '0', 'Growl': '0', 'High-freq-energy': '0', 'Long-island': '0', 'Low-tilt-spectrum': '1', 'Medium-island': '1', 'Short-island': '0', 'Squeal': '0', 'Typical-entropy': '1', 'Voicing-quality': '1', 'Wide-band': '0', 'Xlong-island': '0', 'seq': '1', 'end': 38132.69, 'start': 38132.17}]",0,0,[],[]
38132690,38135340,FEM,FAN,8.97,1129,AICF,RC,1,TIFE,FI,0.0,0,-26.32,-16.88,[],0,0,[],[]
38135340,38136350,MAL,MAN,3.86,1129,AICF,RC,1,NT,FI,0.0,0,-40.6,-30.99,[],0,0,[],[]
38136350,38137370,OCH,CXN,0.0,1129,AICF,EC,1,NT,FI,0.0,0,-19.36,-9.78,[],0,0,[],[]
38137370,38138980,NA,SIL,0.0,1130,pause,NA,NA,NA,NA,0.0,0,-53.24,-47.44,[],0,0,[],[]
38138980,38140350,NA,OLN,0.0,1130,pause,NA,NA,NA,NA,0.0,0,-31.66,-27.25,[],0,0,[],[]
38140350,38141450,NA,TVN,0.0,1130,pause,NA,NA,NA,NA,0.0,0,-39.25,-32.13,[],0,0,[],[]
38141450,38142700,NA,FAF,0.0,1130,pause,NA,NA,NA,NA,0.0,0,-43.51,-36.78,[],0,0,[],[]
38142700,38148110,NA,TVN,0.0,1130,pause,NA,NA,NA,NA,0.0,0,-43.28,-34.31,[],0,0,[],[]
38148110,38149220,NA,FAF,0.0,1130,pause,NA,NA,NA,NA,0.0,0,-41.86,-35.66,[],0,0,[],[]
38149220,38150860,NA,TVF,0.0,1130,pause,NA,NA,NA,NA,0.0,0,-44.92,-33.43,[],0,0,[],[]
38150860,38151890,NA,CXF,0.0,1130,pause,NA,NA,NA,NA,0.0,0,-43.99,-34.51,[],0,0,[],[]
38151890,38154630,NA,TVN,0.0,1130,pause,NA,NA,NA,NA,0.0,0,-44.13,-30.56,[],0,0,[],[]
38154630,38156290,OCH,CXN,0.0,1130,XIOCA,BC,0,NT,FI,0.0,0,-39.22,-29.48,[],0,0,[],[]
38156290,38157530,NA,TVN,0.0,1130,XIOCA,NA,NA,NA,NA,0.0,0,-43.73,-33.05,[],0,0,[],[]
38157530,38161360,OCH,CXN,0.0,1130,XIOCA,RC,0,NT,FH,0.0,0,-41.31,-29.49,[],0,0,[],[]
38161360,38162420,FEM,FAN,5.31,1130,XIOCA,EC,0,NT,FI,0.0,0,-40.43,-33.14,[],0,0,[],[]
38162420,38165170,NA,TVN,0.0,1131,pause,NA,NA,NA,NA,0.0,0,-41.12,-32.19,[],0,0,[],[]
38165170,38165970,NA,OLF,0.0,1131,pause,NA,NA,NA,NA,0.0,0,-42.22,-35.29,[],0,0,[],[]
38165970,38168400,NA,TVF,0.0,1131,pause,NA,NA,NA,NA,0.0,0,-43.41,-33.72,[],0,0,[],[]
38168400,38169680,OCH,CXN,0.0,1131,XIOCA,BC,0,NT,FI,0.0,0,-43.69,-35.75,[],0,0,[],[]
38169680,38170710,NA,TVF,0.0,1131,XIOCA,NA,NA,NA,NA,0.0,0,-46.6,-36.87,[],0,0,[],[]
38170710,38171510,NA,SIL,0.0,1131,XIOCA,NA,NA,NA,NA,0.0,0,-56.42,-47.81,[],0,0,[],[]
38171510,38172860,FEM,FAN,6.13,1131,XIOCA,RC,0,NT,FI,0.0,0,-39.86,-31.25,[],0,0,[],[]
38172860,38173660,NA,SIL,0.0,1131,XIOCA,NA,NA,NA,NA,0.0,0,-54.38,-46.86,[],0,0,[],[]
38173660,38175240,NA,FAF,0.0,1131,XIOCA,NA,NA,NA,NA,0.0,0,-37.78,-28.41,[],0,0,[],[]
38175240,38176580,NA,TVN,0.0,1131,XIOCA,NA,NA,NA,NA,0.0,0,-43.6,-35.25,[],0,0,[],[]
38176580,38177870,FEM,FAN,5.9,1131,XIOCA,EC,0,NT,FH,0.0,0,-37.56,-27.74,[],0,0,[],[]
38177870,38179700,NA,TVF,0.0,1132,pause,NA,NA,NA,NA,0.0,0,-44.61,-35.27,[],0,0,[],[]
38179700,38180830,NA,OLF,0.0,1132,pause,NA,NA,NA,NA,0.0,0,-34.49,-29.23,[],0,0,[],[]
38180830,38182460,NA,TVN,0.0,1132,pause,NA,NA,NA,NA,0.0,0,-40.28,-34.02,[],0,0,[],[]
38182460,38184100,NA,OLN,0.0,1132,pause,NA,NA,NA,NA,0.0,0,-29.04,-19.23,[],0,0,[],[]
38184100,38185450,NA,TVN,0.0,1132,pause,NA,NA,NA,NA,0.0,0,-36.8,-27.17,[],0,0,[],[]
38185450,38186610,NA,TVF,0.0,1132,pause,NA,NA,NA,NA,0.0,0,-47.13,-42.06,[],0,0,[],[]
38186610,38187410,NA,TVF,0.0,1132,pause,NA,NA,NA,NA,0.0,0,-42.15,-32.9,[],0,0,[],[]
38187410,38189570,NA,TVN,0.0,1132,pause,NA,NA,NA,NA,0.0,0,-35.38,-25.11,[],0,0,[],[]
38189570,38190700,NA,TVN,0.0,1132,pause,NA,NA,NA,NA,0.0,0,-38.67,-30.84,[],0,0,[],[]
38190700,38191810,NA,MAF,0.0,1132,pause,NA,NA,NA,NA,0.0,0,-39.66,-32.26,[],0,0,[],[]
38191810,38193210,NA,TVF,0.0,1132,pause,NA,NA,NA,NA,0.0,0,-43.22,-35.23,[],0,0,[],[]
38193210,38194220,NA,TVF,0.0,1132,pause,NA,NA,NA,NA,0.0,0,-39.62,-31.38,[],0,0,[],[]
38194220,38196440,NA,OLN,0.0,1132,pause,NA,NA,NA,NA,0.0,0,-33.66,-24.51,[],0,0,[],[]
38196440,38200360,NA,MAF,0.0,1132,pause,NA,NA,NA,NA,0.0,0,-36.39,-29.61,[],0,0,[],[]
38200360,38201400,NA,TVN,0.0,1132,pause,NA,NA,NA,NA,0.0,0,-35.49,-30.29,[],0,0,[],[]
38201400,38202540,MAL,MAN,0.0,1132,pause,NA,NA,NA,NA,0.0,0,-34.7,-30.23,[],1140,0,[],[]
38202540,38203630,NA,OLN,0.0,1132,pause,NA,NA,NA,NA,0.0,0,-33.68,-28.65,[],0,0,[],[]
38203630,38206580,MAL,MAN,0.0,1132,pause,NA,NA,NA,NA,0.0,0,-33.22,-24.19,[],2950,0,[],[]
38206580,38207380,NA,OLF,0.0,1132,pause,NA,NA,NA,NA,0.0,0,-35.62,-29.42,[],0,0,[],[]
38207380,38208380,NA,MAF,0.0,1132,pause,NA,NA,NA,NA,0.0,0,-34.61,-27.05,[],0,0,[],[]
38208380,38210130,NA,TVF,0.0,1132,pause,NA,NA,NA,NA,0.0,0,-39.03,-30.55,[],0,0,[],[]
38210130,38211880,NA,OLN,0.0,1132,pause,NA,NA,NA,NA,0.0,0,-30.51,-21.86,[],0,0,[],[]
38211880,38212950,MAL,MAN,0.0,1132,pause,NA,NA,NA,NA,0.0,0,-29.96,-24.86,[],1070,0,[],[]
38212950,38213970,NA,TVN,0.0,1132,pause,NA,NA,NA,NA,0.0,0,-38.08,-31.85,[],0,0,[],[]
38213970,38215490,FEM,FAN,9.24,1132,AMF,EC,0,NT,FI,0.0,0,-16.97,-9.79,[],0,0,[],[]
38215490,38219720,NA,TVN,0.0,1133,pause,NA,NA,NA,NA,0.0,0,-40.97,-29.19,[],0,0,[],[]
38219720,38220920,NA,FAF,0.0,1133,pause,NA,NA,NA,NA,0.0,0,-40.75,-33.13,[],0,0,[],[]
38220920,38223570,NA,TVF,0.0,1133,pause,NA,NA,NA,NA,0.0,0,-45.61,-35.87,[],0,0,[],[]
38223570,38224390,NA,OLF,0.0,1133,pause,NA,NA,NA,NA,0.0,0,-39.9,-34.05,[],0,0,[],[]
38224390,38225200,NA,SIL,0.0,1133,pause,NA,NA,NA,NA,0.0,0,-45.78,-40.65,[],0,0,[],[]
38225200,38226490,NA,OLN,0.0,1133,pause,NA,NA,NA,NA,0.0,0,-33.36,-26.16,[],0,0,[],[]
38226490,38230790,NA,TVN,0.0,1133,pause,NA,NA,NA,NA,0.0,0,-34.33,-20.68,[],0,0,[],[]
38230790,38231990,NA,OLN,0.0,1133,pause,NA,NA,NA,NA,0.0,0,-31.48,-18.85,[],0,0,[],[]
38231990,38232990,NA,TVN,0.0,1133,pause,NA,NA,NA,NA,0.0,0,-41.79,-34.61,[],0,0,[],[]
38232990,38237050,NA,OLN,0.0,1133,pause,NA,NA,NA,NA,0.0,0,-31.21,-20.17,[],0,0,[],[]
38237050,38238050,OCH,CXN,0.0,1133,XIOCAC,BC,0,NT,FI,0.0,0,-23.96,-18.08,[],0,0,[],[]
38238050,38240050,NA,OLN,0.0,1133,XIOCAC,NA,NA,NA,NA,0.0,0,-28.9,-19.2,[],0,0,[],[]
38240050,38241750,CHI,CHN,0.0,1133,XIOCAC,RC,0,NT,FI,1.0,1700,-22.0,-14.21,"[{'Canonical-syllable': '0', 'Growl': '0', 'High-freq-energy': '0', 'Long-island': '0', 'Low-tilt-spectrum': '0', 'Medium-island': '1', 'Short-island': '1', 'Squeal': '0', 'Typical-entropy': '0', 'Voicing-quality': '3', 'Wide-band': '0', 'Xlong-island': '1', 'seq': '1', 'end': 38241.75, 'start': 38240.05}]",0,0,[],[]
38241750,38242550,NA,FAF,0.0,1133,XIOCAC,NA,NA,NA,NA,0.0,0,-46.24,-38.81,[],0,0,[],[]
38242550,38244780,NA,CXF,0.0,1133,XIOCAC,NA,NA,NA,NA,0.0,0,-40.0,-29.92,[],0,0,[],[]
38244780,38245780,MAL,MAN,0.0,1133,XIOCAC,NA,NA,NA,NA,0.0,0,-41.48,-36.4,[],1000,0,[],[]
38245780,38248770,OCH,CXN,0.0,1133,XIOCAC,RC,0,NT,FI,0.0,0,-35.54,-26.38,[],0,0,[],[]
38248770,38249580,NA,OLN,0.0,1133,XIOCAC,NA,NA,NA,NA,0.0,0,-26.56,-17.75,[],0,0,[],[]
38249580,38250580,FEM,FAN,6.05,1133,XIOCAC,RC,0,NT,FI,0.0,0,-34.3,-22.42,[],0,0,[],[]
38250580,38251560,NA,OLN,0.0,1133,XIOCAC,NA,NA,NA,NA,0.0,0,-22.43,-10.25,[],0,0,[],[]
38251560,38252480,OCH,CXN,0.0,1133,XIOCAC,RC,0,NT,FI,0.0,0,-29.73,-20.72,[],0,0,[],[]
38252480,38253970,NA,OLN,0.0,1133,XIOCAC,NA,NA,NA,NA,0.0,0,-31.5,-23.29,[],0,0,[],[]
38253970,38254820,OCH,CXN,0.0,1133,XIOCAC,RC,0,NT,FH,0.0,0,-29.79,-23.4,[],0,0,[],[]
38254820,38256310,NA,OLN,0.0,1133,XIOCAC,NA,NA,NA,NA,0.0,0,-24.52,-13.72,[],0,0,[],[]
38256310,38257600,CHI,CHN,0.0,1133,XIOCAC,RC,0,NT,FI,1.0,1190,-18.68,-11.39,"[{'Canonical-syllable': '0', 'Growl': '0', 'High-freq-energy': '0', 'Long-island': '1', 'Low-tilt-spectrum': '1', 'Medium-island': '0', 'Short-island': '1', 'Squeal': '0', 'Typical-entropy': '2', 'Voicing-quality': '3', 'Wide-band': '1', 'Xlong-island': '0', 'seq': '1', 'end': 38257.5, 'start': 38256.31}]",0,0,[],[]
38257600,38259500,NA,OLN,0.0,1133,XIOCAC,NA,NA,NA,NA,0.0,0,-31.62,-23.41,[],0,0,[],[]
38259500,38260500,OCH,CXN,0.0,1133,XIOCAC,RC,0,NT,FI,0.0,0,-20.23,-12.21,[],0,0,[],[]
38260500,38261400,NA,OLN,0.0,1133,XIOCAC,NA,NA,NA,NA,0.0,0,-29.39,-19.93,[],0,0,[],[]
38261400,38262470,OCH,CXN,0.0,1133,XIOCAC,EC,0,NT,FH,0.0,0,-22.43,-12.43,[],0,0,[],[]
38262470,38272650,NA,OLN,0.0,1134,pause,NA,NA,NA,NA,0.0,0,-29.04,-14.1,[],0,0,[],[]
38272650,38273460,OCH,CXN,0.0,1134,XIOCC,BC,0,NT,FI,0.0,0,-32.77,-23.86,[],0,0,[],[]
38273460,38276230,NA,OLN,0.0,1134,XIOCC,NA,NA,NA,NA,0.0,0,-29.6,-16.76,[],0,0,[],[]
38276230,38277260,CHI,CHN,0.0,1134,XIOCC,RC,0,NT,FI,1.0,910,-20.48,-12.85,"[{'Canonical-syllable': '0', 'Growl': '0', 'High-freq-energy': '0', 'Long-island': '0', 'Low-tilt-spectrum': '0', 'Medium-island': '0', 'Short-island': '0', 'Squeal': '0', 'Typical-entropy': '1', 'Voicing-quality': '1', 'Wide-band': '0', 'Xlong-island': '1', 'seq': '1', 'end': 38277.14, 'start': 38276.23}]",0,0,[],[]
38277260,38278060,NA,NOF,0.0,1134,XIOCC,NA,NA,NA,NA,0.0,0,-43.91,-34.36,[],0,0,[],[]
38278060,38278880,NA,OLN,0.0,1134,XIOCC,NA,NA,NA,NA,0.0,0,-21.39,-15.8,[],0,0,[],[]
38278880,38279710,OCH,CXN,0.0,1134,XIOCC,RC,0,NT,FI,0.0,0,-22.91,-16.02,[],0,0,[],[]
38279710,38280510,NA,OLN,0.0,1134,XIOCC,NA,NA,NA,NA,0.0,0,-26.63,-16.5,[],0,0,[],[]
38280510,38281390,NA,TVF,0.0,1134,XIOCC,NA,NA,NA,NA,0.0,0,-47.36,-40.5,[],0,0,[],[]
38281390,38282390,CHI,CHN,0.0,1134,XIOCC,RC,0,NT,FI,1.0,1000,-21.2,-14.63,"[{'Canonical-syllable': '0', 'Growl': '0', 'High-freq-energy': '0', 'Long-island': '0', 'Low-tilt-spectrum': '0', 'Medium-island': '0', 'Short-island': '0', 'Squeal': '0', 'Typical-entropy': '0', 'Voicing-quality': '1', 'Wide-band': '0', 'Xlong-island': '1', 'seq': '1', 'end': 38282.39, 'start': 38281.39}]",0,0,[],[]
38282390,38283190,OCH,CXN,0.0,1134,XIOCC,RC,0,NT,FI,0.0,0,-23.2,-17.63,[],0,0,[],[]
38283190,38284890,OCH,CXN,0.0,1134,XIOCC,RC,0,NT,FH,0.0,0,-26.63,-18.4,[],0,0,[],[]
38284890,38286800,NA,OLN,0.0,1134,XIOCC,NA,NA,NA,NA,0.0,0,-31.54,-18.63,[],0,0,[],[]
38286800,38287800,CHI,CHN,0.0,1134,XIOCC,RC,0,NT,FI,1.0,1000,-18.06,-8.86,"[{'Canonical-syllable': '0', 'Growl': '0', 'High-freq-energy': '0', 'Long-island': '0', 'Low-tilt-spectrum': '3', 'Medium-island': '1', 'Short-island': '1', 'Squeal': '0', 'Typical-entropy': '2', 'Voicing-quality': '3', 'Wide-band': '1', 'Xlong-island': '0', 'seq': '1', 'end': 38287.8, 'start': 38286.8}]",0,0,[],[]
38287800,38288600,NA,OLN,0.0,1134,XIOCC,NA,NA,NA,NA,0.0,0,-20.46,-10.82,[],0,0,[],[]
38288600,38289200,CHI,CHN,0.0,1134,XIOCC,RC,0,NT,FH,1.0,280,-19.9,-10.02,"[{'Canonical-syllable': '1', 'Growl': '0', 'High-freq-energy': '0', 'Long-island': '0', 'Low-tilt-spectrum': '1', 'Medium-island': '0', 'Short-island': '1', 'Squeal': '0', 'Typical-entropy': '1', 'Voicing-quality': '1', 'Wide-band': '0', 'Xlong-island': '0', 'seq': '1', 'end': 38289.2, 'start': 38288.92}]",0,0,[],[]
38289200,38290000,OCH,CXN,0.0,1134,XIOCC,RC,0,NT,FI,0.0,0,-26.85,-14.92,[],0,0,[],[]
38290000,38292250,NA,OLN,0.0,1134,XIOCC,NA,NA,NA,NA,0.0,0,-24.5,-12.33,[],0,0,[],[]
38292250,38293350,OCH,CXN,0.0,1134,XIOCC,RC,0,NT,FH,0.0,0,-20.42,-12.36,[],0,0,[],[]
38293350,38296110,NA,OLN,0.0,1134,XIOCC,NA,NA,NA,NA,0.0,0,-25.95,-13.95,[],0,0,[],[]
38296110,38296970,OCH,CXN,0.0,1134,XIOCC,RC,0,NT,FH,0.0,0,-18.66,-11.2,[],0,0,[],[]
38296970,38297970,OCH,CXN,0.0,1134,XIOCC,RC,0,NT,FH,0.0,0,-17.71,-8.56,[],0,0,[],[]
38297970,38299730,NA,OLN,0.0,1134,XIOCC,NA,NA,NA,NA,0.0,0,-20.92,-6.45,[],0,0,[],[]
38299730,38300530,CHI,CHN,0.0,1134,XIOCC,RC,0,NT,FI,1.0,800,-19.6,-11.19,"[{'Canonical-syllable': '1', 'Growl': '0', 'High-freq-energy': '0', 'Long-island': '0', 'Low-tilt-spectrum': '1', 'Medium-island': '1', 'Short-island': '1', 'Squeal': '0', 'Typical-entropy': '2', 'Voicing-quality': '2', 'Wide-band': '0', 'Xlong-island': '0', 'seq': '1', 'end': 38300.53, 'start': 38299.73}]",0,0,[],[]
38300530,38301750,OCH,CXN,0.0,1134,XIOCC,RC,0,NT,FI,0.0,0,-21.46,-13.95,[],0,0,[],[]
38301750,38304770,NA,OLF,0.0,1134,XIOCC,NA,NA,NA,NA,0.0,0,-36.23,-25.16,[],0,0,[],[]
38304770,38305570,OCH,CXN,0.0,1134,XIOCC,EC,0,NT,FH,0.0,0,-41.12,-35.36,[],0,0,[],[]
38305570,38306420,NA,NOF,0.0,1135,pause,NA,NA,NA,NA,0.0,0,-30.8,-19.65,[],0,0,[],[]
38306420,38308330,NA,SIL,0.0,1135,pause,NA,NA,NA,NA,0.0,0,-53.68,-49.68,[],0,0,[],[]
38308330,38310280,NA,TVF,0.0,1135,pause,NA,NA,NA,NA,0.0,0,-44.94,-40.76,[],0,0,[],[]
38310280,38314520,NA,OLF,0.0,1135,pause,NA,NA,NA,NA,0.0,0,-42.35,-30.92,[],0,0,[],[]
38314520,38315540,NA,FAF,0.0,1135,pause,NA,NA,NA,NA,0.0,0,-42.77,-37.69,[],0,0,[],[]
38315540,38316340,OCH,CXN,0.0,1135,XIOCA,BC,0,NT,FI,0.0,0,-25.72,-18.9,[],0,0,[],[]
38316340,38317340,FEM,FAN,5.09,1135,XIOCA,EC,0,NT,FI,0.0,0,-30.14,-21.59,[],0,0,[],[]
38317340,38318480,NA,TVN,0.0,1136,pause,NA,NA,NA,NA,0.0,0,-42.17,-36.62,[],0,0,[],[]
38318480,38324950,NA,OLN,0.0,1136,pause,NA,NA,NA,NA,0.0,0,-31.09,-14.37,[],0,0,[],[]
38324950,38325600,CHI,CHN,0.0,1136,pause,NA,NA,NA,NA,0.0,0,-11.49,-0.54,[],0,650,"[{'start': 38324.95, 'end': 38325.6}]",[]
38325600,38327070,FEM,FAN,6.5,1136,AICF,BC,0,TIFI,FI,0.0,0,-26.22,-17.02,[],0,0,[],[]
38327070,38328590,NA,OLN,0.0,1136,AICF,NA,NA,NA,NA,0.0,0,-19.92,-10.44,[],0,0,[],[]
38328590,38329890,CHI,CHN,0.0,1136,AICF,RC,1,TIFR,FI,1.0,1300,-22.17,-8.22,"[{'Canonical-syllable': '0', 'Growl': '0', 'High-freq-energy': '0', 'Long-island': '0', 'Low-tilt-spectrum': '3', 'Medium-island': '1', 'Short-island': '0', 'Squeal': '0', 'Typical-entropy': '3', 'Voicing-quality': '4', 'Wide-band': '0', 'Xlong-island': '0', 'seq': '1', 'end': 38329.89, 'start': 38328.59}]",0,0,[],[]
38329890,38331860,NA,OLN,0.0,1136,AICF,NA,NA,NA,NA,0.0,0,-23.1,-10.46,[],0,0,[],[]
38331860,38332870,FEM,FAN,4.79,1136,AICF,EC,1,TIFE,FI,0.0,0,-20.16,-10.39,[],0,0,[],[]
38332870,38341120,NA,OLN,0.0,1137,pause,NA,NA,NA,NA,0.0,0,-22.94,-7.08,[],0,0,[],[]
38341120,38341810,CHI,CHN,0.0,1137,CIC,BC,0,NT,FI,1.0,690,-16.35,-7.61,"[{'Canonical-syllable': '0', 'Growl': '0', 'High-freq-energy': '0', 'Long-island': '0', 'Low-tilt-spectrum': '1', 'Medium-island': '1', 'Short-island': '1', 'Squeal': '0', 'Typical-entropy': '2', 'Voicing-quality': '2', 'Wide-band': '0', 'Xlong-island': '0', 'seq': '1', 'end': 38341.81, 'start': 38341.12}]",0,0,[],[]
38341810,38343550,NA,OLN,0.0,1137,CIC,NA,NA,NA,NA,0.0,0,-19.97,-12.15,[],0,0,[],[]
38343550,38345160,OCH,CXN,0.0,1137,CIC,RC,0,NT,FI,0.0,0,-17.8,-10.23,[],0,0,[],[]
38345160,38346180,OCH,CXN,0.0,1137,CIC,RC,0,NT,FH,0.0,0,-25.33,-16.91,[],0,0,[],[]
38346180,38350670,NA,OLN,0.0,1137,CIC,NA,NA,NA,NA,0.0,0,-24.6,-9.19,[],0,0,[],[]
38350670,38351840,FEM,FAN,1.08,1137,CIC,RC,0,NT,FI,0.0,0,-24.89,-11.82,[],0,0,[],[]
38351840,38352890,MAL,MAN,7.11,1137,CIC,RC,0,NT,FI,0.0,0,-29.8,-22.71,[],0,0,[],[]
38352890,38353990,NA,NOF,0.0,1137,CIC,NA,NA,NA,NA,0.0,0,-48.72,-34.98,[],0,0,[],[]
38353990,38355130,FEM,FAN,5.04,1137,CIC,RC,0,NT,FI,0.0,0,-28.59,-17.57,[],0,0,[],[]
38355130,38355930,NA,OLN,0.0,1137,CIC,NA,NA,NA,NA,0.0,0,-28.34,-20.48,[],0,0,[],[]
38355930,38357310,FEM,FAN,4.58,1137,CIC,RC,0,NT,FH,0.0,0,-18.25,-2.84,[],0,0,[],[]
38357310,38358110,NA,OLN,0.0,1137,CIC,NA,NA,NA,NA,0.0,0,-33.71,-24.9,[],0,0,[],[]
38358110,38359110,FEM,FAN,1.89,1137,CIC,RC,0,TIFI,FH,0.0,0,-27.41,-15.76,[],0,0,[],[]
38359110,38359910,NA,OLN,0.0,1137,CIC,NA,NA,NA,NA,0.0,0,-20.51,-14.96,[],0,0,[],[]
38359910,38361020,CHI,CHN,0.0,1137,CIC,RC,1,TIFR,FI,1.0,1030,-19.26,-11.87,"[{'Canonical-syllable': '0', 'Growl': '0', 'High-freq-energy': '0', 'Long-island': '0', 'Low-tilt-spectrum': '0', 'Medium-island': '2', 'Short-island': '0', 'Squeal': '0', 'Typical-entropy': '2', 'Voicing-quality': '2', 'Wide-band': '0', 'Xlong-island': '0', 'seq': '1', 'end': 38360.94, 'start': 38359.91}]",0,0,[],[]
38361020,38361930,NA,OLN,0.0,1137,CIC,NA,NA,NA,NA,0.0,0,-20.78,-14.31,[],0,0,[],[]
38361930,38362930,FEM,FAN,5.37,1137,CIC,RC,1,TIFE,FI,0.0,0,-25.38,-18.32,[],0,0,[],[]
38362930,38363730,OCH,CXN,0.0,1137,CIC,RC,1,NT,FI,0.0,0,-17.35,-10.64,[],0,0,[],[]
38363730,38366350,NA,OLN,0.0,1137,CIC,NA,NA,NA,NA,0.0,0,-22.42,-11.71,[],0,0,[],[]
38366350,38367160,OCH,CXN,0.0,1137,CIC,RC,1,NT,FH,0.0,0,-35.29,-28.1,[],0,0,[],[]
38367160,38368740,NA,OLF,0.0,1137,CIC,NA,NA,NA,NA,0.0,0,-36.99,-29.34,[],0,0,[],[]
38368740,38370290,FEM,FAN,7.41,1137,CIC,RC,1,NT,FI,0.0,0,-30.72,-21.26,[],0,0,[],[]
38370290,38371450,OCH,CXN,0.0,1137,CIC,RC,1,NT,FI,0.0,0,-28.45,-19.29,[],0,0,[],[]
38371450,38373330,FEM,FAN,9.2,1137,CIC,RC,1,TIFI,FI,0.0,0,-31.6,-23.33,[],0,0,[],[]
38373330,38374470,NA,OLF,0.0,1137,CIC,NA,NA,NA,NA,0.0,0,-39.42,-28.24,[],0,0,[],[]
38374470,38375560,NA,MAF,0.0,1137,CIC,NA,NA,NA,NA,0.0,0,-40.31,-30.8,[],0,0,[],[]
38375560,38376160,CHI,CHN,0.0,1137,CIC,RC,2,TIFR,FI,1.0,200,-20.47,-9.57,"[{'Canonical-syllable': '0', 'Growl': '0', 'High-freq-energy': '0', 'Long-island': '0', 'Low-tilt-spectrum': '1', 'Medium-island': '0', 'Short-island': '1', 'Squeal': '0', 'Typical-entropy': '1', 'Voicing-quality': '1', 'Wide-band': '0', 'Xlong-island': '0', 'seq': '1', 'end': 38376.16, 'start': 38375.96}]",0,0,[],[]
38376160,38377320,NA,OLF,0.0,1137,CIC,NA,NA,NA,NA,0.0,0,-35.43,-26.58,[],0,0,[],[]
38377320,38378070,CHI,CHN,0.0,1137,CIC,NA,NA,NA,NA,0.0,0,-13.7,-3.57,[],0,330,"[{'start': 38377.59, 'end': 38377.92}]",[]
38378070,38379510,NA,OLN,0.0,1137,CIC,NA,NA,NA,NA,0.0,0,-21.03,-3.83,[],0,0,[],[]
38379510,38380180,CHI,CHN,0.0,1137,CIC,RC,2,NT,FH,1.0,130,-13.5,-2.79,"[{'Canonical-syllable': '0', 'Growl': '1', 'High-freq-energy': '1', 'Long-island': '0', 'Low-tilt-spectrum': '1', 'Medium-island': '0', 'Short-island': '1', 'Squeal': '0', 'Typical-entropy': '1', 'Voicing-quality': '0', 'Wide-band': '0', 'Xlong-island': '0', 'seq': '1', 'end': 38379.64, 'start': 38379.51}]",0,0,[],[]
38380180,38381640,NA,OLN,0.0,1137,CIC,NA,NA,NA,NA,0.0,0,-26.97,-11.22,[],0,0,[],[]
38381640,38382700,MAL,MAN,5.9,1137,CIC,RC,2,TIME,FI,0.0,0,-35.16,-29.06,[],0,0,[],[]
38382700,38383500,NA,OLF,0.0,1137,CIC,NA,NA,NA,NA,0.0,0,-36.75,-29.14,[],0,0,[],[]
38383500,38384450,NA,NOF,0.0,1137,CIC,NA,NA,NA,NA,0.0,0,-42.67,-36.0,[],0,0,[],[]
38384450,38386510,NA,OLF,0.0,1137,CIC,NA,NA,NA,NA,0.0,0,-34.91,-21.34,[],0,0,[],[]
38386510,38387310,OCH,CXN,0.0,1137,CIC,EC,2,NT,FI,0.0,0,-32.87,-24.22,[],0,0,[],[]
38387310,38389050,NA,OLN,0.0,1138,pause,NA,NA,NA,NA,0.0,0,-18.27,-4.86,[],0,0,[],[]
38389050,38390760,NA,NOF,0.0,1138,pause,NA,NA,NA,NA,0.0,0,-39.04,-26.75,[],0,0,[],[]
38390760,38392490,NA,OLN,0.0,1138,pause,NA,NA,NA,NA,0.0,0,-27.41,-10.48,[],0,0,[],[]
38392490,38393800,MAL,MAN,9.7,1138,AICM,BC,0,NT,FI,0.0,0,-25.76,-16.96,[],0,0,[],[]
38393800,38395480,OCH,CXN,0.0,1138,AICM,RC,0,NT,FI,0.0,0,-26.73,-14.5,[],0,0,[],[]
38395480,38396830,NA,OLN,0.0,1138,AICM,NA,NA,NA,NA,0.0,0,-19.51,-10.67,[],0,0,[],[]
38396830,38397650,NA,NOF,0.0,1138,AICM,NA,NA,NA,NA,0.0,0,-36.72,-23.94,[],0,0,[],[]
38397650,38398650,FEM,FAN,4.84,1138,AICM,RC,0,NT,FI,0.0,0,-25.85,-15.38,[],0,0,[],[]
38398650,38399770,NA,NOF,0.0,1138,AICM,NA,NA,NA,NA,0.0,0,-37.45,-27.66,[],0,0,[],[]
38399770,38400770,FEM,FAN,6.53,1138,AICM,RC,0,NT,FH,0.0,0,-22.13,-12.2,[],0,0,[],[]
38400770,38401620,OCH,CXN,0.0,1138,AICM,RC,0,NT,FI,0.0,0,-32.23,-27.7,[],0,0,[],[]
38401620,38402420,NA,OLN,0.0,1138,AICM,NA,NA,NA,NA,0.0,0,-31.14,-19.79,[],0,0,[],[]
38402420,38403340,OCH,CXN,0.0,1138,AICM,RC,0,NT,FH,0.0,0,-24.81,-14.94,[],0,0,[],[]
38403340,38404170,NA,OLN,0.0,1138,AICM,NA,NA,NA,NA,0.0,0,-21.94,-14.27,[],0,0,[],[]
38404170,38404970,OCH,CXN,0.0,1138,AICM,RC,0,NT,FH,0.0,0,-23.23,-14.67,[],0,0,[],[]
38404970,38405980,FEM,FAN,4.51,1138,AICM,RC,0,NT,FI,0.0,0,-34.04,-29.09,[],0,0,[],[]
38405980,38407310,OCH,CXN,0.0,1138,AICM,RC,0,NT,FI,0.0,0,-24.68,-16.27,[],0,0,[],[]
38407310,38410480,FEM,FAN,14.18,1138,AICM,RC,0,NT,FI,0.0,0,-30.14,-17.71,[],0,0,[],[]
38410480,38414170,NA,OLN,0.0,1138,AICM,NA,NA,NA,NA,0.0,0,-21.03,-8.28,[],0,0,[],[]
38414170,38415170,MAL,MAN,6.12,1138,AICM,RC,0,NT,FI,0.0,0,-25.52,-14.6,[],0,0,[],[]
38415170,38416040,NA,OLN,0.0,1138,AICM,NA,NA,NA,NA,0.0,0,-26.66,-19.04,[],0,0,[],[]
38416040,38417550,FEM,FAN,5.65,1138,AICM,RC,0,NT,FI,0.0,0,-23.9,-11.63,[],0,0,[],[]
38417550,38418550,MAL,MAN,2.89,1138,AICM,RC,0,NT,FI,0.0,0,-25.41,-17.8,[],0,0,[],[]
38418550,38419350,NA,OLN,0.0,1138,AICM,NA,NA,NA,NA,0.0,0,-33.31,-22.87,[],0,0,[],[]
38419350,38420640,MAL,MAN,4.91,1138,AICM,RC,0,NT,FH,0.0,0,-21.49,-14.85,[],0,0,[],[]
38420640,38421710,NA,NOF,0.0,1138,AICM,NA,NA,NA,NA,0.0,0,-40.0,-30.23,[],0,0,[],[]
38421710,38422610,NA,OLN,0.0,1138,AICM,NA,NA,NA,NA,0.0,0,-20.02,-11.53,[],0,0,[],[]
38422610,38423610,FEM,FAN,5.29,1138,AICM,RC,0,NT,FI,0.0,0,-17.44,-10.03,[],0,0,[],[]
38423610,38424610,MAL,MAN,6.61,1138,AICM,RC,0,NT,FI,0.0,0,-27.44,-20.47,[],0,0,[],[]
38424610,38425530,NA,OLN,0.0,1138,AICM,NA,NA,NA,NA,0.0,0,-30.52,-21.07,[],0,0,[],[]
38425530,38426690,FEM,FAN,4.54,1138,AICM,RC,0,NT,FI,0.0,0,-27.64,-21.43,[],0,0,[],[]
38426690,38428130,NA,OLN,0.0,1138,AICM,NA,NA,NA,NA,0.0,0,-35.81,-26.38,[],0,0,[],[]
38428130,38429130,FEM,FAN,4.12,1138,AICM,RC,0,NT,FH,0.0,0,-24.08,-15.17,[],0,0,[],[]
38429130,38430710,MAL,MAN,4.91,1138,AICM,RC,0,NT,FI,0.0,0,-32.9,-22.11,[],0,0,[],[]
38430710,38431950,NA,NOF,0.0,1138,AICM,NA,NA,NA,NA,0.0,0,-43.94,-35.29,[],0,0,[],[]
38431950,38432750,OCH,CXN,0.0,1138,AICM,RC,0,NT,FI,0.0,0,-37.89,-29.74,[],0,0,[],[]
38432750,38433550,NA,NOF,0.0,1138,AICM,NA,NA,NA,NA,0.0,0,-44.45,-36.82,[],0,0,[],[]
38433550,38434350,MAL,MAN,0.0,1138,AICM,NA,NA,NA,NA,0.0,0,-35.04,-27.65,[],800,0,[],[]
38434350,38435390,CHI,CHN,0.0,1138,AICM,RC,0,TIMI,FI,1.0,1040,-15.74,-8.09,"[{'Canonical-syllable': '0', 'Growl': '0', 'High-freq-energy': '0', 'Long-island': '0', 'Low-tilt-spectrum': '0', 'Medium-island': '0', 'Short-island': '0', 'Squeal': '0', 'Typical-entropy': '1', 'Voicing-quality': '1', 'Wide-band': '0', 'Xlong-island': '1', 'seq': '1', 'end': 38435.39, 'start': 38434.35}]",0,0,[],[]
38435390,38439490,NA,OLN,0.0,1138,AICM,NA,NA,NA,NA,0.0,0,-20.99,-5.54,[],0,0,[],[]
38439490,38440660,MAL,MAN,10.08,1138,AICM,RC,1,TIMR,FI,0.0,0,-21.37,-10.84,[],0,0,[],[]
38440660,38441760,OCH,CXN,0.0,1138,AICM,RC,1,NT,FI,0.0,0,-32.46,-24.19,[],0,0,[],[]
38441760,38442800,NA,NOF,0.0,1138,AICM,NA,NA,NA,NA,0.0,0,-38.11,-27.27,[],0,0,[],[]
38442800,38443640,OCH,CXN,0.0,1138,AICM,RC,1,NT,FH,0.0,0,-25.19,-19.98,[],0,0,[],[]
38443640,38444950,NA,OLN,0.0,1138,AICM,NA,NA,NA,NA,0.0,0,-27.2,-17.65,[],0,0,[],[]
38444950,38445810,NA,OLF,0.0,1138,AICM,NA,NA,NA,NA,0.0,0,-41.96,-35.05,[],0,0,[],[]
38445810,38446810,NA,FAF,0.0,1138,AICM,NA,NA,NA,NA,0.0,0,-40.19,-32.44,[],0,0,[],[]
38446810,38447670,NA,OLF,0.0,1138,AICM,NA,NA,NA,NA,0.0,0,-45.63,-37.74,[],0,0,[],[]
38447670,38449430,OCH,CXN,0.0,1138,AICM,RC,1,NT,FH,0.0,0,-26.77,-15.33,[],0,0,[],[]
38449430,38450300,NA,OLN,0.0,1138,AICM,NA,NA,NA,NA,0.0,0,-26.3,-18.18,[],0,0,[],[]
38450300,38452730,FEM,FAN,10.73,1138,AICM,RC,1,NT,FI,0.0,0,-32.27,-22.99,[],0,0,[],[]
38452730,38453530,NA,MAF,0.0,1138,AICM,NA,NA,NA,NA,0.0,0,-38.0,-27.91,[],0,0,[],[]
38453530,38454450,NA,NOF,0.0,1138,AICM,NA,NA,NA,NA,0.0,0,-44.43,-36.37,[],0,0,[],[]
38454450,38455260,NA,OLN,0.0,1138,AICM,NA,NA,NA,NA,0.0,0,-21.4,-12.08,[],0,0,[],[]
38455260,38456040,CHI,CHN,0.0,1138,AICM,NA,NA,NA,NA,0.0,0,-18.19,-8.28,[],0,780,"[{'start': 38455.26, 'end': 38456.04}]",[]
38456040,38457620,NA,OLN,0.0,1138,AICM,NA,NA,NA,NA,0.0,0,-20.05,-4.83,[],0,0,[],[]
38457620,38458880,FEM,FAN,9.53,1138,AICM,EC,1,NT,FH,0.0,0,-25.28,-17.97,[],0,0,[],[]
38458880,38464870,NA,OLN,0.0,1139,pause,NA,NA,NA,NA,0.0,0,-19.96,-8.36,[],0,0,[],[]
38464870,38465520,CHI,CHN,0.0,1139,CIOCAX,BC,0,NT,FI,1.0,650,-13.02,-3.26,"[{'Canonical-syllable': '0', 'Growl': '0', 'High-freq-energy': '0', 'Long-island': '1', 'Low-tilt-spectrum': '1', 'Medium-island': '0', 'Short-island': '0', 'Squeal': '0', 'Typical-entropy': '1', 'Voicing-quality': '1', 'Wide-band': '0', 'Xlong-island': '0', 'seq': '1', 'end': 38465.52, 'start': 38464.87}]",0,0,[],[]
38465520,38466320,NA,OLN,0.0,1139,CIOCAX,NA,NA,NA,NA,0.0,0,-21.5,-10.15,[],0,0,[],[]
38466320,38466920,CHI,CHN,0.0,1139,CIOCAX,RC,0,NT,FH,1.0,600,-15.05,-4.69,"[{'Canonical-syllable': '0', 'Growl': '0', 'High-freq-energy': '0', 'Long-island': '0', 'Low-tilt-spectrum': '2', 'Medium-island': '0', 'Short-island': '2', 'Squeal': '0', 'Typical-entropy': '0', 'Voicing-quality': '2', 'Wide-band': '0', 'Xlong-island': '0', 'seq': '1', 'end': 38466.92, 'start': 38466.32}]",0,0,[],[]
38466920,38467720,NA,OLN,0.0,1139,CIOCAX,NA,NA,NA,NA,0.0,0,-23.61,-13.84,[],0,0,[],[]
38467720,38469120,OCH,CXN,0.0,1139,CIOCAX,RC,0,NT,FI,0.0,0,-15.0,-7.88,[],0,0,[],[]
38469120,38470120,OCH,CXN,0.0,1139,CIOCAX,RC,0,NT,FH,0.0,0,-30.06,-16.79,[],0,0,[],[]
38470120,38470760,CHI,CHN,0.0,1139,CIOCAX,RC,0,NT,FI,1.0,640,-15.74,-7.14,"[{'Canonical-syllable': '0', 'Growl': '0', 'High-freq-energy': '0', 'Long-island': '0', 'Low-tilt-spectrum': '1', 'Medium-island': '1', 'Short-island': '1', 'Squeal': '0', 'Typical-entropy': '1', 'Voicing-quality': '2', 'Wide-band': '0', 'Xlong-island': '0', 'seq': '1', 'end': 38470.76, 'start': 38470.12}]",0,0,[],[]
38470760,38472770,NA,OLN,0.0,1139,CIOCAX,NA,NA,NA,NA,0.0,0,-24.17,-16.99,[],0,0,[],[]
38472770,38474270,OCH,CXN,0.0,1139,CIOCAX,RC,0,NT,FI,0.0,0,-18.19,-7.75,[],0,0,[],[]
38474270,38475500,NA,OLN,0.0,1139,CIOCAX,NA,NA,NA,NA,0.0,0,-26.23,-16.9,[],0,0,[],[]
38475500,38476790,FEM,FAN,5.51,1139,CIOCAX,RC,0,NT,FI,0.0,0,-19.86,-11.27,[],0,0,[],[]
38476790,38477640,NA,OLN,0.0,1139,CIOCAX,NA,NA,NA,NA,0.0,0,-24.84,-14.47,[],0,0,[],[]
38477640,38479500,FEM,FAN,7.55,1139,CIOCAX,RC,0,NT,FH,0.0,0,-21.0,-7.9,[],0,0,[],[]
38479500,38480300,NA,OLN,0.0,1139,CIOCAX,NA,NA,NA,NA,0.0,0,-28.27,-14.35,[],0,0,[],[]
38480300,38480900,CHI,CHN,0.0,1139,CIOCAX,NA,NA,NA,NA,0.0,0,-14.15,-7.61,[],0,600,"[{'start': 38480.3, 'end': 38480.9}]",[]
38480900,38481700,OCH,CXN,0.0,1139,CIOCAX,RC,0,NT,FI,0.0,0,-16.26,-8.74,[],0,0,[],[]
38481700,38483120,FEM,FAN,8.48,1139,CIOCAX,RC,0,NT,FI,0.0,0,-20.56,-12.76,[],0,0,[],[]
38483120,38484410,OCH,CXN,0.0,1139,CIOCAX,RC,0,NT,FI,0.0,0,-18.83,-10.0,[],0,0,[],[]
38484410,38485010,CHI,CHN,0.0,1139,CIOCAX,NA,NA,NA,NA,0.0,0,-24.45,-14.23,[],0,330,"[{'start': 38484.41, 'end': 38484.61}, {'start': 38484.88, 'end': 38485.01}]",[]
38485010,38485890,NA,OLN,0.0,1139,CIOCAX,NA,NA,NA,NA,0.0,0,-17.1,-6.51,[],0,0,[],[]
38485890,38486900,FEM,FAN,4.69,1139,CIOCAX,EC,0,NT,FI,0.0,0,-28.52,-21.11,[],0,0,[],[]
38486900,38495390,NA,OLN,0.0,1140,pause,NA,NA,NA,NA,0.0,0,-21.56,-1.35,[],0,0,[],[]
38495390,38496960,FEM,FAN,4.81,1140,AICF,BC,0,NT,FI,0.0,0,-27.91,-17.5,[],0,0,[],[]
38496960,38498540,NA,OLN,0.0,1140,AICF,NA,NA,NA,NA,0.0,0,-21.97,-12.17,[],0,0,[],[]
38498540,38499540,FEM,FAN,4.76,1140,AICF,RC,0,TIFI,FH,0.0,0,-18.17,-6.73,[],0,0,[],[]
38499540,38501150,NA,OLN,0.0,1140,AICF,NA,NA,NA,NA,0.0,0,-16.89,-3.34,[],0,0,[],[]
38501150,38502150,CHI,CHN,0.0,1140,AICF,RC,1,TIFR,FI,1.0,1000,-13.78,-2.86,"[{'Canonical-syllable': '0', 'Growl': '0', 'High-freq-energy': '0', 'Long-island': '0', 'Low-tilt-spectrum': '1', 'Medium-island': '0', 'Short-island': '0', 'Squeal': '0', 'Typical-entropy': '1', 'Voicing-quality': '1', 'Wide-band': '0', 'Xlong-island': '1', 'seq': '1', 'end': 38502.15, 'start': 38501.15}]",0,0,[],[]
38502150,38503060,NA,OLN,0.0,1140,AICF,NA,NA,NA,NA,0.0,0,-14.2,-6.85,[],0,0,[],[]
38503060,38503730,CHI,CHN,0.0,1140,AICF,RC,1,NT,FH,1.0,670,-15.88,-9.52,"[{'Canonical-syllable': '1', 'Growl': '0', 'High-freq-energy': '0', 'Long-island': '0', 'Low-tilt-spectrum': '2', 'Medium-island': '1', 'Short-island': '1', 'Squeal': '0', 'Typical-entropy': '2', 'Voicing-quality': '2', 'Wide-band': '0', 'Xlong-island': '0', 'seq': '1', 'end': 38503.73, 'start': 38503.06}]",0,0,[],[]
38503730,38506090,NA,OLN,0.0,1140,AICF,NA,NA,NA,NA,0.0,0,-17.36,-4.6,[],0,0,[],[]
38506090,38507260,OCH,CXN,0.0,1140,AICF,RC,1,NT,FI,0.0,0,-21.27,-14.22,[],0,0,[],[]
38507260,38508030,OCH,CXN,0.0,1140,AICF,RC,1,NT,FH,0.0,0,-15.07,-5.46,[],0,0,[],[]
38508030,38509380,NA,OLN,0.0,1140,AICF,NA,NA,NA,NA,0.0,0,-31.51,-23.72,[],0,0,[],[]
38509380,38510390,FEM,FAN,8.16,1140,AICF,RC,1,NT,FI,0.0,0,-23.33,-15.79,[],0,0,[],[]
38510390,38511980,NA,OLN,0.0,1140,AICF,NA,NA,NA,NA,0.0,0,-20.22,-8.91,[],0,0,[],[]
38511980,38513390,OCH,CXN,0.0,1140,AICF,RC,1,NT,FI,0.0,0,-21.59,-12.85,[],0,0,[],[]
38513390,38514930,NA,OLN,0.0,1140,AICF,NA,NA,NA,NA,0.0,0,-20.89,-4.09,[],0,0,[],[]
38514930,38516100,OCH,CXN,0.0,1140,AICF,RC,1,NT,FH,0.0,0,-19.43,-5.58,[],0,0,[],[]
38516100,38519460,NA,OLN,0.0,1140,AICF,NA,NA,NA,NA,0.0,0,-22.51,-10.86,[],0,0,[],[]
38519460,38520300,OCH,CXN,0.0,1140,AICF,RC,1,NT,FH,0.0,0,-17.64,-9.46,[],0,0,[],[]
38520300,38521220,NA,OLN,0.0,1140,AICF,NA,NA,NA,NA,0.0,0,-24.38,-16.13,[],0,0,[],[]
38521220,38522010,CHI,CHN,0.0,1140,AICF,EC,1,NT,FI,1.0,710,-23.91,-15.22,"[{'Canonical-syllable': '1', 'Growl': '0', 'High-freq-energy': '0', 'Long-island': '0', 'Low-tilt-spectrum': '0', 'Medium-island': '2', 'Short-island': '0', 'Squeal': '0', 'Typical-entropy': '2', 'Voicing-quality': '2', 'Wide-band': '0', 'Xlong-island': '0', 'seq': '1', 'end': 38521.93, 'start': 38521.22}]",0,0,[],[]
38522010,38525610,NA,OLN,0.0,1141,pause,NA,NA,NA,NA,0.0,0,-24.0,-13.01,[],0,0,[],[]
38525610,38527800,NA,NOF,0.0,1141,pause,NA,NA,NA,NA,0.0,0,-26.87,-10.4,[],0,0,[],[]
38527800,38530590,NA,OLN,0.0,1141,pause,NA,NA,NA,NA,0.0,0,-21.31,-2.65,[],0,0,[],[]
38530590,38531590,FEM,FAN,7.71,1141,AICF,BC,0,NT,FI,0.0,0,-20.24,-10.37,[],0,0,[],[]
38531590,38534530,NA,OLN,0.0,1141,AICF,NA,NA,NA,NA,0.0,0,-18.48,-2.24,[],0,0,[],[]
38534530,38535580,FEM,FAN,5.97,1141,AICF,RC,0,NT,FH,0.0,0,-27.55,-21.28,[],0,0,[],[]
38535580,38537210,NA,OLN,0.0,1141,AICF,NA,NA,NA,NA,0.0,0,-27.74,-13.46,[],0,0,[],[]
38537210,38538210,FEM,FAN,8.05,1141,AICF,RC,0,NT,FH,0.0,0,-24.03,-14.87,[],0,0,[],[]
38538210,38539600,NA,OLN,0.0,1141,AICF,NA,NA,NA,NA,0.0,0,-20.55,-6.86,[],0,0,[],[]
38539600,38540600,FEM,FAN,8.13,1141,AICF,RC,0,TIFI,FH,0.0,0,-25.2,-17.25,[],0,0,[],[]
38540600,38542840,NA,OLN,0.0,1141,AICF,NA,NA,NA,NA,0.0,0,-23.35,-11.27,[],0,0,[],[]
38542840,38543900,CHI,CHN,0.0,1141,AICF,RC,1,TIFR,FI,2.0,720,-20.06,-12.58,"[{'Canonical-syllable': '0', 'Growl': '0', 'High-freq-energy': '0', 'Long-island': '1', 'Low-tilt-spectrum': '0', 'Medium-island': '0', 'Short-island': '0', 'Squeal': '0', 'Typical-entropy': '1', 'Voicing-quality': '1', 'Wide-band': '0', 'Xlong-island': '0', 'seq': '1', 'end': 38543.47, 'start': 38542.84}, {'Canonical-syllable': '0', 'Growl': '0', 'High-freq-energy': '0', 'Long-island': '0', 'Low-tilt-spectrum': '0', 'Medium-island': '0', 'Short-island': '0', 'Squeal': '0', 'Typical-entropy': '0', 'Voicing-quality': '0', 'Wide-band': '0', 'Xlong-island': '0', 'seq': '2', 'end': 38543.9, 'start': 38543.81}]",0,0,[],[]
38543900,38544810,OCH,CXN,0.0,1141,AICF,RC,1,NT,FI,0.0,0,-13.95,-7.07,[],0,0,[],[]
38544810,38545670,NA,OLN,0.0,1141,AICF,NA,NA,NA,NA,0.0,0,-16.67,-7.19,[],0,0,[],[]
38545670,38546520,OCH,CXN,0.0,1141,AICF,RC,1,NT,FH,0.0,0,-16.82,-8.84,[],0,0,[],[]
38546520,38548240,FEM,FAN,7.68,1141,AICF,RC,1,NT,FI,0.0,0,-17.97,-11.21,[],0,0,[],[]
38548240,38549060,NA,OLN,0.0,1141,AICF,NA,NA,NA,NA,0.0,0,-24.45,-19.19,[],0,0,[],[]
38549060,38550060,FEM,FAN,4.87,1141,AICF,EC,1,NT,FH,0.0,0,-29.33,-18.66,[],0,0,[],[]
38550060,38554190,NA,OLN,0.0,1142,pause,NA,NA,NA,NA,0.0,0,-23.77,-12.83,[],0,0,[],[]
38554190,38555680,NA,NOF,0.0,1142,pause,NA,NA,NA,NA,0.0,0,-40.88,-31.13,[],0,0,[],[]
38555680,38557110,FEM,FAN,1.82,1142,AIOCCXF,BC,0,NT,FI,0.0,0,-25.7,-18.99,[],0,0,[],[]
38557110,38558040,OCH,CXN,0.0,1142,AIOCCXF,RC,0,NT,FI,0.0,0,-16.76,-10.3,[],0,0,[],[]
38558040,38559040,MAL,MAN,5.93,1142,AIOCCXF,RC,0,NT,FI,0.0,0,-31.67,-17.97,[],0,0,[],[]
38559040,38561180,NA,OLN,0.0,1142,AIOCCXF,NA,NA,NA,NA,0.0,0,-19.1,-8.88,[],0,0,[],[]
38561180,38562220,FEM,FAN,4.95,1142,AIOCCXF,RC,0,NT,FI,0.0,0,-31.04,-23.67,[],0,0,[],[]
38562220,38563080,NA,OLN,0.0,1142,AIOCCXF,NA,NA,NA,NA,0.0,0,-24.36,-13.87,[],0,0,[],[]
38563080,38564160,OCH,CXN,0.0,1142,AIOCCXF,RC,0,NT,FI,0.0,0,-17.47,-8.88,[],0,0,[],[]
38564160,38564960,NA,OLN,0.0,1142,AIOCCXF,NA,NA,NA,NA,0.0,0,-26.51,-17.35,[],0,0,[],[]
38564960,38565570,CHI,CHN,0.0,1142,AIOCCXF,RC,0,NT,FI,1.0,610,-13.73,-4.61,"[{'Canonical-syllable': '0', 'Growl': '0', 'High-freq-energy': '1', 'Long-island': '0', 'Low-tilt-spectrum': '2', 'Medium-island': '0', 'Short-island': '2', 'Squeal': '0', 'Typical-entropy': '1', 'Voicing-quality': '1', 'Wide-band': '1', 'Xlong-island': '0', 'seq': '1', 'end': 38565.57, 'start': 38564.96}]",0,0,[],[]
38565570,38566600,OCH,CXN,0.0,1142,AIOCCXF,RC,0,NT,FI,0.0,0,-21.46,-10.95,[],0,0,[],[]
38566600,38570420,NA,OLN,0.0,1142,AIOCCXF,NA,NA,NA,NA,0.0,0,-18.72,-9.29,[],0,0,[],[]
38570420,38571870,OCH,CXN,0.0,1142,AIOCCXF,RC,0,NT,FH,0.0,0,-21.77,-14.1,[],0,0,[],[]
38571870,38575480,NA,OLN,0.0,1142,AIOCCXF,NA,NA,NA,NA,0.0,0,-19.64,-8.85,[],0,0,[],[]
38575480,38576570,FEM,FAN,3.6,1142,AIOCCXF,RC,0,NT,FI,0.0,0,-24.66,-18.43,[],0,0,[],[]
38576570,38577380,OCH,CXN,0.0,1142,AIOCCXF,EC,0,NT,FI,0.0,0,-13.73,-7.35,[],0,0,[],[]
38577380,38588980,NA,OLN,0.0,1143,pause,NA,NA,NA,NA,0.0,0,-12.56,-0.84,[],0,0,[],[]
38588980,38589580,CHI,CHN,0.0,1143,CIOCAX,BC,0,NT,FI,1.0,600,-19.57,-13.76,"[{'Canonical-syllable': '0', 'Growl': '1', 'High-freq-energy': '0', 'Long-island': '0', 'Low-tilt-spectrum': '1', 'Medium-island': '1', 'Short-island': '0', 'Squeal': '0', 'Typical-entropy': '1', 'Voicing-quality': '1', 'Wide-band': '0', 'Xlong-island': '0', 'seq': '1', 'end': 38589.58, 'start': 38588.98}]",0,0,[],[]
38589580,38591780,NA,OLN,0.0,1143,CIOCAX,NA,NA,NA,NA,0.0,0,-15.75,-3.4,[],0,0,[],[]
38591780,38592380,CHI,CHN,0.0,1143,CIOCAX,RC,0,NT,FH,1.0,600,-18.67,-14.2,"[{'Canonical-syllable': '0', 'Growl': '0', 'High-freq-energy': '0', 'Long-island': '0', 'Low-tilt-spectrum': '2', 'Medium-island': '1', 'Short-island': '0', 'Squeal': '0', 'Typical-entropy': '2', 'Voicing-quality': '2', 'Wide-band': '0', 'Xlong-island': '0', 'seq': '1', 'end': 38592.38, 'start': 38591.78}]",0,0,[],[]
38592380,38593350,NA,OLN,0.0,1143,CIOCAX,NA,NA,NA,NA,0.0,0,-24.17,-18.65,[],0,0,[],[]
38593350,38594620,CHI,CHN,0.0,1143,CIOCAX,NA,NA,NA,NA,0.0,0,-13.49,-4.8,[],0,1270,"[{'start': 38593.35, 'end': 38594.62}]",[]
38594620,38595520,OCH,CXN,0.0,1143,CIOCAX,RC,0,NT,FI,0.0,0,-19.8,-11.99,[],0,0,[],[]
38595520,38596840,FEM,FAN,5.32,1143,CIOCAX,EC,0,NT,FI,0.0,0,-17.48,-6.5,[],0,0,[],[]
38596840,38599550,NA,OLN,0.0,1144,pause,NA,NA,NA,NA,0.0,0,-21.19,-3.46,[],0,0,[],[]
38599550,38600170,CHI,CHN,0.0,1144,pause,NA,NA,NA,NA,0.0,0,-29.42,-23.09,[],0,620,"[{'start': 38599.55, 'end': 38599.7}]","[{'start': 38599.7, 'end': 38600.17}]"
38600170,38607870,NA,OLN,0.0,1144,pause,NA,NA,NA,NA,0.0,0,-14.11,-1.46,[],0,0,[],[]
38607870,38608480,CHI,CHN,0.0,1144,pause,NA,NA,NA,NA,0.0,0,-14.73,-5.41,[],0,430,"[{'start': 38608.05, 'end': 38608.48}]",[]
38608480,38612060,NA,OLN,0.0,1144,pause,NA,NA,NA,NA,0.0,0,-13.36,-2.64,[],0,0,[],[]
38612060,38612930,CHI,CHN,0.0,1144,pause,NA,NA,NA,NA,0.0,0,-13.97,-4.49,[],0,870,"[{'start': 38612.06, 'end': 38612.93}]",[]
38612930,38613900,NA,NOF,0.0,1144,pause,NA,NA,NA,NA,0.0,0,-16.34,-6.06,[],0,0,[],[]
38613900,38616010,NA,OLN,0.0,1144,pause,NA,NA,NA,NA,0.0,0,-11.6,-2.23,[],0,0,[],[]
38616010,38616810,NA,OLF,0.0,1144,pause,NA,NA,NA,NA,0.0,0,-10.62,-2.27,[],0,0,[],[]
38616810,38618240,NA,OLN,0.0,1144,pause,NA,NA,NA,NA,0.0,0,-9.22,-2.16,[],0,0,[],[]
38618240,38618960,CHI,CHN,0.0,1144,CM,BC,0,NT,FI,1.0,720,-14.16,-4.77,"[{'Canonical-syllable': '0', 'Growl': '0', 'High-freq-energy': '0', 'Long-island': '1', 'Low-tilt-spectrum': '1', 'Medium-island': '0', 'Short-island': '0', 'Squeal': '0', 'Typical-entropy': '1', 'Voicing-quality': '1', 'Wide-band': '0', 'Xlong-island': '0', 'seq': '1', 'end': 38618.96, 'start': 38618.24}]",0,0,[],[]
38618960,38623120,NA,OLN,0.0,1144,CM,NA,NA,NA,NA,0.0,0,-11.35,-2.77,[],0,0,[],[]
38623120,38623720,CHI,CHN,0.0,1144,CM,EC,0,NT,FH,1.0,600,-16.09,-11.08,"[{'Canonical-syllable': '2', 'Growl': '0', 'High-freq-energy': '0', 'Long-island': '0', 'Low-tilt-spectrum': '1', 'Medium-island': '1', 'Short-island': '1', 'Squeal': '0', 'Typical-entropy': '1', 'Voicing-quality': '2', 'Wide-band': '0', 'Xlong-island': '0', 'seq': '1', 'end': 38623.72, 'start': 38623.12}]",0,0,[],[]
38623720,38628540,NA,OLN,0.0,1145,pause,NA,NA,NA,NA,0.0,0,-24.63,-13.49,[],0,0,[],[]
38628540,38629280,CHI,CHN,0.0,1145,pause,NA,NA,NA,NA,0.0,0,-13.88,-6.08,[],0,740,"[{'start': 38628.54, 'end': 38629.28}]",[]
38629280,38630080,OCH,CXN,0.0,1145,XM,EC,0,NT,FI,0.0,0,-15.45,-10.83,[],0,0,[],[]
38630080,38632330,NA,OLN,0.0,1146,pause,NA,NA,NA,NA,0.0,0,-18.49,-9.4,[],0,0,[],[]
38632330,38632930,CHI,CHN,0.0,1146,pause,NA,NA,NA,NA,0.0,0,-14.5,-4.22,[],0,600,"[{'start': 38632.33, 'end': 38632.93}]",[]
38632930,38640740,NA,OLN,0.0,1146,pause,NA,NA,NA,NA,0.0,0,-11.64,-2.71,[],0,0,[],[]
38640740,38641820,CHI,CHN,0.0,1146,pause,NA,NA,NA,NA,0.0,0,-10.11,-3.8,[],0,1080,"[{'start': 38640.74, 'end': 38641.82}]",[]
38641820,38644570,NA,OLN,0.0,1146,pause,NA,NA,NA,NA,0.0,0,-13.09,-2.65,[],0,0,[],[]
38644570,38645180,CHI,CHN,0.0,1146,pause,NA,NA,NA,NA,0.0,0,-11.9,-4.69,[],0,610,"[{'start': 38644.57, 'end': 38645.18}]",[]
38645180,38645980,OCH,CXN,0.0,1146,XM,EC,0,NT,FI,0.0,0,-15.06,-11.01,[],0,0,[],[]
38645980,38647210,NA,OLN,0.0,1147,pause,NA,NA,NA,NA,0.0,0,-16.52,-10.81,[],0,0,[],[]
38647210,38648010,CHI,CHN,0.0,1147,pause,NA,NA,NA,NA,0.0,0,-14.02,-5.1,[],0,800,"[{'start': 38647.21, 'end': 38648.01}]",[]
38648010,38650770,NA,OLN,0.0,1147,pause,NA,NA,NA,NA,0.0,0,-10.49,-2.49,[],0,0,[],[]
38650770,38651440,CHI,CHN,0.0,1147,pause,NA,NA,NA,NA,0.0,0,-14.61,-8.59,[],0,670,"[{'start': 38650.77, 'end': 38651.44}]",[]
38651440,38655840,NA,OLN,0.0,1147,pause,NA,NA,NA,NA,0.0,0,-15.08,-1.67,[],0,0,[],[]
38655840,38656840,CHI,CHN,0.0,1147,CM,EC,0,NT,FI,1.0,1000,-13.28,-4.31,"[{'Canonical-syllable': '0', 'Growl': '0', 'High-freq-energy': '0', 'Long-island': '0', 'Low-tilt-spectrum': '1', 'Medium-island': '0', 'Short-island': '0', 'Squeal': '0', 'Typical-entropy': '1', 'Voicing-quality': '1', 'Wide-band': '0', 'Xlong-island': '1', 'seq': '1', 'end': 38656.84, 'start': 38655.84}]",0,0,[],[]
38656840,38662160,NA,OLN,0.0,1148,pause,NA,NA,NA,NA,0.0,0,-11.67,-2.43,[],0,0,[],[]
38662160,38663860,NA,NOF,0.0,1148,pause,NA,NA,NA,NA,0.0,0,-11.87,-3.86,[],0,0,[],[]
38663860,38667670,NA,OLN,0.0,1148,pause,NA,NA,NA,NA,0.0,0,-9.77,-2.18,[],0,0,[],[]
38667670,38668560,NA,OLF,0.0,1148,pause,NA,NA,NA,NA,0.0,0,-10.69,-2.82,[],0,0,[],[]
38668560,38671030,NA,OLN,0.0,1148,pause,NA,NA,NA,NA,0.0,0,-22.04,-8.15,[],0,0,[],[]
38671030,38671830,OCH,CXN,0.0,1148,XM,BC,0,NT,FI,0.0,0,-16.7,-7.31,[],0,0,[],[]
38671830,38672830,OCH,CXN,0.0,1148,XM,EC,0,NT,FH,0.0,0,-18.89,-9.45,[],0,0,[],[]
38672830,38674390,NA,OLN,0.0,1149,pause,NA,NA,NA,NA,0.0,0,-16.64,-3.04,[],0,0,[],[]
38674390,38675190,NA,NON,0.0,1149,pause,NA,NA,NA,NA,0.0,0,-13.63,-3.86,[],0,0,[],[]
38675190,38679040,NA,OLN,0.0,1149,pause,NA,NA,NA,NA,0.0,0,-9.53,-1.79,[],0,0,[],[]
38679040,38679770,CHI,CHN,0.0,1149,pause,NA,NA,NA,NA,0.0,0,-9.73,-2.55,[],0,730,[],"[{'start': 38679.04, 'end': 38679.77}]"
38679770,38684790,NA,OLN,0.0,1149,pause,NA,NA,NA,NA,0.0,0,-17.23,-1.8,[],0,0,[],[]
38684790,38685390,CHI,CHN,0.0,1149,CIOCX,BC,0,NT,FI,1.0,600,-14.25,-9.51,"[{'Canonical-syllable': '0', 'Growl': '0', 'High-freq-energy': '0', 'Long-island': '0', 'Low-tilt-spectrum': '0', 'Medium-island': '1', 'Short-island': '0', 'Squeal': '0', 'Typical-entropy': '0', 'Voicing-quality': '1', 'Wide-band': '0', 'Xlong-island': '0', 'seq': '1', 'end': 38685.39, 'start': 38684.79}]",0,0,[],[]
38685390,38686750,NA,OLN,0.0,1149,CIOCX,NA,NA,NA,NA,0.0,0,-17.95,-11.87,[],0,0,[],[]
38686750,38687500,CHI,CHN,0.0,1149,CIOCX,RC,0,NT,FH,1.0,630,-13.96,-7.4,"[{'Canonical-syllable': '0', 'Growl': '0', 'High-freq-energy': '0', 'Long-island': '0', 'Low-tilt-spectrum': '2', 'Medium-island': '2', 'Short-island': '0', 'Squeal': '1', 'Typical-entropy': '2', 'Voicing-quality': '2', 'Wide-band': '0', 'Xlong-island': '0', 'seq': '1', 'end': 38687.38, 'start': 38686.75}]",0,0,[],[]
38687500,38690430,NA,OLN,0.0,1149,CIOCX,NA,NA,NA,NA,0.0,0,-14.74,-2.65,[],0,0,[],[]
38690430,38691030,CHI,CHN,0.0,1149,CIOCX,NA,NA,NA,NA,0.0,0,-14.99,-5.68,[],0,240,"[{'start': 38690.57, 'end': 38690.81}]",[]
38691030,38691880,NA,OLN,0.0,1149,CIOCX,NA,NA,NA,NA,0.0,0,-13.05,-2.88,[],0,0,[],[]
38691880,38693240,OCH,CXN,0.0,1149,CIOCX,EC,0,NT,FI,0.0,0,-13.38,-4.37,[],0,0,[],[]
38693240,38699380,NA,OLN,0.0,1150,pause,NA,NA,NA,NA,0.0,0,-21.94,-9.87,[],0,0,[],[]
38699380,38700550,FEM,FAN,5.74,1150,AIOCCXF,BC,0,NT,FI,0.0,0,-25.47,-16.37,[],0,0,[],[]
38700550,38702130,NA,OLN,0.0,1150,AIOCCXF,NA,NA,NA,NA,0.0,0,-28.69,-17.37,[],0,0,[],[]
38702130,38702930,OCH,CXN,0.0,1150,AIOCCXF,RC,0,NT,FI,0.0,0,-17.74,-7.53,[],0,0,[],[]
38702930,38703920,CHI,CHN,0.0,1150,AIOCCXF,NA,NA,NA,NA,0.0,0,-14.03,-4.25,[],0,880,"[{'start': 38703.04, 'end': 38703.92}]",[]
38703920,38705330,NA,OLN,0.0,1150,AIOCCXF,NA,NA,NA,NA,0.0,0,-15.03,-3.8,[],0,0,[],[]
38705330,38706570,CHI,CHN,0.0,1150,AIOCCXF,RC,0,NT,FI,1.0,1240,-13.97,-3.2,"[{'Canonical-syllable': '0', 'Growl': '0', 'High-freq-energy': '1', 'Long-island': '1', 'Low-tilt-spectrum': '2', 'Medium-island': '1', 'Short-island': '0', 'Squeal': '2', 'Typical-entropy': '2', 'Voicing-quality': '2', 'Wide-band': '0', 'Xlong-island': '0', 'seq': '1', 'end': 38706.57, 'start': 38705.33}]",0,0,[],[]
38706570,38707470,NA,OLN,0.0,1150,AIOCCXF,NA,NA,NA,NA,0.0,0,-16.8,-7.67,[],0,0,[],[]
38707470,38708070,OCH,CXN,0.0,1150,AIOCCXF,RC,0,NT,FI,0.0,0,-15.84,-5.17,[],0,0,[],[]
38708070,38709080,NA,OLN,0.0,1150,AIOCCXF,NA,NA,NA,NA,0.0,0,-21.7,-13.0,[],0,0,[],[]
38709080,38710080,OCH,CXN,0.0,1150,AIOCCXF,RC,0,NT,FH,0.0,0,-25.57,-15.62,[],0,0,[],[]
38710080,38711400,NA,OLN,0.0,1150,AIOCCXF,NA,NA,NA,NA,0.0,0,-17.17,-9.09,[],0,0,[],[]
38711400,38712020,CHI,CHN,0.0,1150,AIOCCXF,EC,0,NT,FI,1.0,620,-21.18,-14.2,"[{'Canonical-syllable': '0', 'Growl': '0', 'High-freq-energy': '0', 'Long-island': '0', 'Low-tilt-spectrum': '1', 'Medium-island': '1', 'Short-island': '1', 'Squeal': '0', 'Typical-entropy': '2', 'Voicing-quality': '2', 'Wide-band': '0', 'Xlong-island': '0', 'seq': '1', 'end': 38712.02, 'start': 38711.4}]",0,0,[],[]
38712020,38718960,NA,OLN,0.0,1151,pause,NA,NA,NA,NA,0.0,0,-12.17,-2.22,[],0,0,[],[]
38718960,38719940,NA,NOF,0.0,1151,pause,NA,NA,NA,NA,0.0,0,-9.07,-1.77,[],0,0,[],[]
38719940,38723960,NA,OLN,0.0,1151,pause,NA,NA,NA,NA,0.0,0,-11.4,-2.4,[],0,0,[],[]
38723960,38724760,NA,NOF,0.0,1151,pause,NA,NA,NA,NA,0.0,0,-12.85,-3.69,[],0,0,[],[]
38724760,38725940,NA,OLN,0.0,1151,pause,NA,NA,NA,NA,0.0,0,-23.38,-12.84,[],0,0,[],[]
38725940,38726710,CHI,CHN,0.0,1151,CM,BC,0,NT,FI,1.0,770,-16.71,-11.06,"[{'Canonical-syllable': '1', 'Growl': '0', 'High-freq-energy': '0', 'Long-island': '0', 'Low-tilt-spectrum': '2', 'Medium-island': '2', 'Short-island': '0', 'Squeal': '0', 'Typical-entropy': '2', 'Voicing-quality': '2', 'Wide-band': '0', 'Xlong-island': '0', 'seq': '1', 'end': 38726.71, 'start': 38725.94}]",0,0,[],[]
38726710,38730820,NA,OLN,0.0,1151,CM,NA,NA,NA,NA,0.0,0,-11.83,-1.84,[],0,0,[],[]
38730820,38731520,CHI,CHN,0.0,1151,CM,EC,0,NT,FH,1.0,700,-15.76,-5.71,"[{'Canonical-syllable': '1', 'Growl': '2', 'High-freq-energy': '0', 'Long-island': '0', 'Low-tilt-spectrum': '3', 'Medium-island': '1', 'Short-island': '1', 'Squeal': '0', 'Typical-entropy': '3', 'Voicing-quality': '2', 'Wide-band': '1', 'Xlong-island': '0', 'seq': '1', 'end': 38731.52, 'start': 38730.82}]",0,0,[],[]
38731520,38732740,NA,NON,0.0,1152,pause,NA,NA,NA,NA,0.0,0,-10.04,-1.63,[],0,0,[],[]
38732740,38733630,NA,OLN,0.0,1152,pause,NA,NA,NA,NA,0.0,0,-12.41,-4.06,[],0,0,[],[]
38733630,38735210,NA,NOF,0.0,1152,pause,NA,NA,NA,NA,0.0,0,-7.75,-2.39,[],0,0,[],[]
38735210,38738830,NA,OLN,0.0,1152,pause,NA,NA,NA,NA,0.0,0,-9.46,-1.94,[],0,0,[],[]
38738830,38739630,NA,NOF,0.0,1152,pause,NA,NA,NA,NA,0.0,0,-10.29,-3.56,[],0,0,[],[]
38739630,38741860,NA,OLN,0.0,1152,pause,NA,NA,NA,NA,0.0,0,-11.75,-1.82,[],0,0,[],[]
38741860,38742680,CHI,CHN,0.0,1152,CM,EC,0,NT,FI,1.0,540,-19.09,-9.61,"[{'Canonical-syllable': '0', 'Growl': '0', 'High-freq-energy': '0', 'Long-island': '0', 'Low-tilt-spectrum': '2', 'Medium-island': '1', 'Short-island': '0', 'Squeal': '0', 'Typical-entropy': '2', 'Voicing-quality': '2', 'Wide-band': '0', 'Xlong-island': '0', 'seq': '1', 'end': 38742.4, 'start': 38741.86}]",0,0,[],[]
38742680,38749810,NA,OLN,0.0,1153,pause,NA,NA,NA,NA,0.0,0,-27.24,-10.76,[],0,0,[],[]
38749810,38750810,OCH,CXN,0.0,1153,XM,BC,0,NT,FI,0.0,0,-27.57,-20.85,[],0,0,[],[]
38750810,38751750,NA,OLN,0.0,1153,XM,NA,NA,NA,NA,0.0,0,-31.55,-19.47,[],0,0,[],[]
38751750,38752550,OCH,CXN,0.0,1153,XM,RC,0,NT,FH,0.0,0,-11.48,-2.2,[],0,0,[],[]
38752550,38756470,NA,OLN,0.0,1153,XM,NA,NA,NA,NA,0.0,0,-16.75,-3.04,[],0,0,[],[]
38756470,38757310,OCH,CXN,0.0,1153,XM,RC,0,NT,FH,0.0,0,-16.62,-8.89,[],0,0,[],[]
38757310,38758470,NA,OLN,0.0,1153,XM,NA,NA,NA,NA,0.0,0,-18.1,-10.08,[],0,0,[],[]
38758470,38759320,OCH,CXN,0.0,1153,XM,EC,0,NT,FH,0.0,0,-20.58,-14.28,[],0,0,[],[]
38759320,38763050,NA,OLN,0.0,1154,pause,NA,NA,NA,NA,0.0,0,-11.36,-1.68,[],0,0,[],[]
38763050,38763850,NA,NON,0.0,1154,pause,NA,NA,NA,NA,0.0,0,-28.45,-16.25,[],0,0,[],[]
38763850,38765080,NA,OLN,0.0,1154,pause,NA,NA,NA,NA,0.0,0,-18.55,-4.36,[],0,0,[],[]
38765080,38766650,CHI,CHN,0.0,1154,pause,NA,NA,NA,NA,0.0,0,-15.53,-7.97,[],0,1490,"[{'start': 38765.16, 'end': 38766.65}]",[]
38766650,38769030,NA,OLN,0.0,1154,pause,NA,NA,NA,NA,0.0,0,-19.81,-11.56,[],0,0,[],[]
38769030,38769630,FEM,FAN,5.88,1154,AMF,BC,0,NT,FI,0.0,0,-15.64,-7.43,[],0,0,[],[]
38769630,38771660,NA,OLN,0.0,1154,AMF,NA,NA,NA,NA,0.0,0,-24.21,-9.62,[],0,0,[],[]
38771660,38772300,CHI,CHN,0.0,1154,AMF,NA,NA,NA,NA,0.0,0,-14.1,-7.37,[],0,640,"[{'start': 38771.66, 'end': 38772.3}]",[]
38772300,38773100,NA,OLN,0.0,1154,AMF,NA,NA,NA,NA,0.0,0,-20.98,-12.43,[],0,0,[],[]
38773100,38774260,FEM,FAN,7.8,1154,AMF,EC,0,NT,FH,0.0,0,-15.39,-8.58,[],0,0,[],[]
38774260,38775830,NA,OLN,0.0,1155,pause,NA,NA,NA,NA,0.0,0,-18.88,-8.27,[],0,0,[],[]
38775830,38776750,CHI,CHN,0.0,1155,pause,NA,NA,NA,NA,0.0,0,-15.54,-6.28,[],0,790,"[{'start': 38775.83, 'end': 38776.62}]",[]
38776750,38778090,CHI,CHN,0.0,1155,pause,NA,NA,NA,NA,0.0,0,-21.16,-13.22,[],0,1340,"[{'start': 38776.75, 'end': 38778.09}]",[]
38778090,38779750,NA,OLN,0.0,1155,pause,NA,NA,NA,NA,0.0,0,-19.58,-10.51,[],0,0,[],[]
38779750,38780960,FEM,FAN,5.85,1155,AMF,BC,0,NT,FI,0.0,0,-28.44,-20.27,[],0,0,[],[]
38780960,38781850,NA,OLF,0.0,1155,AMF,NA,NA,NA,NA,0.0,0,-39.51,-30.98,[],0,0,[],[]
38781850,38782850,FEM,FAN,2.19,1155,AMF,EC,0,NT,FH,0.0,0,-26.17,-14.59,[],0,0,[],[]
38782850,38784020,CHI,CHN,0.0,1156,pause,NA,NA,NA,NA,0.0,0,-14.12,-2.77,[],0,1170,"[{'start': 38782.85, 'end': 38784.02}]",[]
38784020,38785020,CHI,CHN,0.0,1156,pause,NA,NA,NA,NA,0.0,0,-17.8,-7.98,[],0,540,"[{'start': 38784.36, 'end': 38784.9}]",[]
38785020,38789160,NA,OLN,0.0,1156,pause,NA,NA,NA,NA,0.0,0,-14.45,-2.79,[],0,0,[],[]
38789160,38789830,CHI,CHN,0.0,1156,CM,EC,0,NT,FI,1.0,670,-19.67,-8.08,"[{'Canonical-syllable': '1', 'Growl': '1', 'High-freq-energy': '0', 'Long-island': '0', 'Low-tilt-spectrum': '1', 'Medium-island': '0', 'Short-island': '2', 'Squeal': '0', 'Typical-entropy': '2', 'Voicing-quality': '1', 'Wide-band': '0', 'Xlong-island': '0', 'seq': '1', 'end': 38789.83, 'start': 38789.43}]",0,0,[],[]
38789830,38793000,NA,OLN,0.0,1157,pause,NA,NA,NA,NA,0.0,0,-24.29,-7.97,[],0,0,[],[]
38793000,38793810,NA,NON,0.0,1157,pause,NA,NA,NA,NA,0.0,0,-30.21,-24.95,[],0,0,[],[]
38793810,38795410,NA,OLN,0.0,1157,pause,NA,NA,NA,NA,0.0,0,-21.65,-7.51,[],0,0,[],[]
38795410,38796530,MAL,MAN,0.0,1157,pause,NA,NA,NA,NA,0.0,0,-23.31,-15.67,[],1120,0,[],[]
38796530,38801340,NA,OLN,0.0,1157,pause,NA,NA,NA,NA,0.0,0,-22.82,-14.21,[],0,0,[],[]
38801340,38802550,NA,NOF,0.0,1157,pause,NA,NA,NA,NA,0.0,0,-31.02,-19.22,[],0,0,[],[]
38802550,38803580,FEM,FAN,5.92,1157,AIOCCXF,BC,0,NT,FI,0.0,0,-22.9,-14.07,[],0,0,[],[]
38803580,38804380,OCH,CXN,0.0,1157,AIOCCXF,RC,0,NT,FI,0.0,0,-26.22,-18.45,[],0,0,[],[]
38804380,38806510,NA,OLN,0.0,1157,AIOCCXF,NA,NA,NA,NA,0.0,0,-24.02,-13.86,[],0,0,[],[]
38806510,38807620,CHI,CHN,0.0,1157,AIOCCXF,RC,0,NT,FI,1.0,1110,-20.12,-12.38,"[{'Canonical-syllable': '1', 'Growl': '0', 'High-freq-energy': '0', 'Long-island': '0', 'Low-tilt-spectrum': '1', 'Medium-island': '1', 'Short-island': '0', 'Squeal': '0', 'Typical-entropy': '3', 'Voicing-quality': '3', 'Wide-band': '0', 'Xlong-island': '0', 'seq': '1', 'end': 38807.62, 'start': 38806.51}]",0,0,[],[]
38807620,38808420,OCH,CXN,0.0,1157,AIOCCXF,RC,0,NT,FI,0.0,0,-22.96,-15.34,[],0,0,[],[]
38808420,38809770,NA,OLN,0.0,1157,AIOCCXF,NA,NA,NA,NA,0.0,0,-20.77,-7.02,[],0,0,[],[]
38809770,38810570,OCH,CXN,0.0,1157,AIOCCXF,RC,0,NT,FH,0.0,0,-20.24,-12.78,[],0,0,[],[]
38810570,38812090,NA,OLN,0.0,1157,AIOCCXF,NA,NA,NA,NA,0.0,0,-22.83,-11.65,[],0,0,[],[]
38812090,38812890,OCH,CXN,0.0,1157,AIOCCXF,EC,0,NT,FH,0.0,0,-20.86,-16.4,[],0,0,[],[]
38812890,38820480,NA,OLN,0.0,1158,pause,NA,NA,NA,NA,0.0,0,-20.68,-4.61,[],0,0,[],[]
38820480,38821350,OCH,CXN,0.0,1158,XM,BC,0,NT,FI,0.0,0,-21.35,-13.54,[],0,0,[],[]
38821350,38824990,NA,OLN,0.0,1158,XM,NA,NA,NA,NA,0.0,0,-22.17,-9.63,[],0,0,[],[]
38824990,38825600,OCH,CXN,0.0,1158,XM,RC,0,NT,FH,0.0,0,-13.37,-6.26,[],0,0,[],[]
38825600,38826540,OCH,CXN,0.0,1158,XM,RC,0,NT,FH,0.0,0,-16.89,-9.9,[],0,0,[],[]
38826540,38827370,NA,OLN,0.0,1158,XM,NA,NA,NA,NA,0.0,0,-25.52,-15.83,[],0,0,[],[]
38827370,38828110,CHI,CHN,0.0,1158,XM,NA,NA,NA,NA,0.0,0,-11.62,-2.78,[],0,740,"[{'start': 38827.37, 'end': 38828.11}]",[]
38828110,38829910,NA,OLN,0.0,1158,XM,NA,NA,NA,NA,0.0,0,-22.07,-12.87,[],0,0,[],[]
38829910,38830510,OCH,CXN,0.0,1158,XM,EC,0,NT,FH,0.0,0,-19.25,-10.6,[],0,0,[],[]
38830510,38838810,NA,OLN,0.0,1159,pause,NA,NA,NA,NA,0.0,0,-20.28,-6.55,[],0,0,[],[]
38838810,38839880,CHI,CHN,0.0,1159,pause,NA,NA,NA,NA,0.0,0,-12.88,-5.72,[],0,1070,"[{'start': 38838.81, 'end': 38839.88}]",[]
38839880,38840870,NA,OLN,0.0,1159,pause,NA,NA,NA,NA,0.0,0,-15.19,-2.26,[],0,0,[],[]
38840870,38841910,CHI,CHN,0.0,1159,pause,NA,NA,NA,NA,0.0,0,-15.29,-8.26,[],0,1040,"[{'start': 38840.87, 'end': 38841.91}]",[]
38841910,38843900,NA,OLN,0.0,1159,pause,NA,NA,NA,NA,0.0,0,-20.48,-10.88,[],0,0,[],[]
38843900,38844500,CHI,CHN,0.0,1159,CM,EC,0,NT,FI,1.0,520,-16.89,-7.21,"[{'Canonical-syllable': '0', 'Growl': '1', 'High-freq-energy': '0', 'Long-island': '0', 'Low-tilt-spectrum': '2', 'Medium-island': '0', 'Short-island': '2', 'Squeal': '1', 'Typical-entropy': '2', 'Voicing-quality': '2', 'Wide-band': '0', 'Xlong-island': '0', 'seq': '1', 'end': 38844.42, 'start': 38843.9}]",0,0,[],[]
38844500,38845300,NA,OLN,0.0,1160,pause,NA,NA,NA,NA,0.0,0,-15.17,-8.25,[],0,0,[],[]
38845300,38846530,CHI,CHN,0.0,1160,pause,NA,NA,NA,NA,0.0,0,-14.64,-7.69,[],0,1230,"[{'start': 38845.3, 'end': 38846.53}]",[]
38846530,38850380,NA,OLN,0.0,1160,pause,NA,NA,NA,NA,0.0,0,-16.73,-1.63,[],0,0,[],[]
38850380,38851290,OCH,CXN,0.0,1160,XM,EC,0,NT,FI,0.0,0,-14.92,-4.11,[],0,0,[],[]
38851290,38857430,NA,OLN,0.0,1161,pause,NA,NA,NA,NA,0.0,0,-13.57,-2.34,[],0,0,[],[]
38857430,38858030,CHI,CHN,0.0,1161,pause,NA,NA,NA,NA,0.0,0,-13.98,-7.94,[],0,480,"[{'start': 38857.43, 'end': 38857.91}]",[]
38858030,38860980,NA,OLN,0.0,1161,pause,NA,NA,NA,NA,0.0,0,-14.18,-3.05,[],0,0,[],[]
38860980,38861990,OCH,CXN,0.0,1161,XIOCC,BC,0,NT,FI,0.0,0,-18.67,-9.13,[],0,0,[],[]
38861990,38865830,NA,OLN,0.0,1161,XIOCC,NA,NA,NA,NA,0.0,0,-17.52,-4.31,[],0,0,[],[]
38865830,38866630,OCH,CXN,0.0,1161,XIOCC,RC,0,NT,FH,0.0,0,-16.68,-9.6,[],0,0,[],[]
38866630,38869830,NA,OLN,0.0,1161,XIOCC,NA,NA,NA,NA,0.0,0,-14.73,-2.26,[],0,0,[],[]
38869830,38871060,CHI,CHN,0.0,1161,XIOCC,NA,NA,NA,NA,0.0,0,-14.3,-8.49,[],0,1230,"[{'start': 38869.83, 'end': 38871.06}]",[]
38871060,38871860,OCH,CXN,0.0,1161,XIOCC,RC,0,NT,FH,0.0,0,-12.7,-2.69,[],0,0,[],[]
38871860,38873470,OCH,CXN,0.0,1161,XIOCC,RC,0,NT,FH,0.0,0,-19.38,-12.04,[],0,0,[],[]
38873470,38874520,OCH,CXN,0.0,1161,XIOCC,RC,0,NT,FH,0.0,0,-20.43,-10.1,[],0,0,[],[]
38874520,38875280,CHI,CHN,0.0,1161,XIOCC,RC,0,NT,FI,1.0,760,-15.17,-8.38,"[{'Canonical-syllable': '0', 'Growl': '0', 'High-freq-energy': '0', 'Long-island': '0', 'Low-tilt-spectrum': '1', 'Medium-island': '1', 'Short-island': '0', 'Squeal': '0', 'Typical-entropy': '1', 'Voicing-quality': '1', 'Wide-band': '0', 'Xlong-island': '0', 'seq': '1', 'end': 38875.28, 'start': 38874.65}]",0,0,[],[]
38875280,38876360,NA,OLN,0.0,1161,XIOCC,NA,NA,NA,NA,0.0,0,-22.19,-14.94,[],0,0,[],[]
38876360,38876980,CHI,CHN,0.0,1161,XIOCC,RC,0,NT,FH,1.0,620,-14.96,-5.96,"[{'Canonical-syllable': '1', 'Growl': '0', 'High-freq-energy': '0', 'Long-island': '0', 'Low-tilt-spectrum': '2', 'Medium-island': '1', 'Short-island': '1', 'Squeal': '1', 'Typical-entropy': '2', 'Voicing-quality': '2', 'Wide-band': '0', 'Xlong-island': '0', 'seq': '1', 'end': 38876.98, 'start': 38876.36}]",0,0,[],[]
38876980,38877780,NA,OLN,0.0,1161,XIOCC,NA,NA,NA,NA,0.0,0,-16.45,-7.69,[],0,0,[],[]
38877780,38878400,CHI,CHN,0.0,1161,XIOCC,EC,0,NT,FH,1.0,620,-15.56,-6.24,"[{'Canonical-syllable': '0', 'Growl': '0', 'High-freq-energy': '0', 'Long-island': '0', 'Low-tilt-spectrum': '2', 'Medium-island': '1', 'Short-island': '1', 'Squeal': '1', 'Typical-entropy': '1', 'Voicing-quality': '2', 'Wide-band': '0', 'Xlong-island': '0', 'seq': '1', 'end': 38878.4, 'start': 38877.78}]",0,0,[],[]
38878400,38890470,NA,OLN,0.0,1162,pause,NA,NA,NA,NA,0.0,0,-13.89,-2.66,[],0,0,[],[]
38890470,38891270,NA,NOF,0.0,1162,pause,NA,NA,NA,NA,0.0,0,-7.91,-2.18,[],0,0,[],[]
38891270,38896970,NA,OLN,0.0,1162,pause,NA,NA,NA,NA,0.0,0,-19.47,-4.1,[],0,0,[],[]
38896970,38897680,CHI,CHN,0.0,1162,pause,NA,NA,NA,NA,0.0,0,-18.35,-14.38,[],0,710,"[{'start': 38896.97, 'end': 38897.68}]",[]
38897680,38903350,NA,OLN,0.0,1162,pause,NA,NA,NA,NA,0.0,0,-18.04,-1.03,[],0,0,[],[]
38903350,38903990,CHI,CHN,0.0,1162,CM,EC,0,NT,FI,1.0,640,-15.65,-7.12,"[{'Canonical-syllable': '1', 'Growl': '0', 'High-freq-energy': '0', 'Long-island': '0', 'Low-tilt-spectrum': '2', 'Medium-island': '1', 'Short-island': '1', 'Squeal': '1', 'Typical-entropy': '2', 'Voicing-quality': '1', 'Wide-band': '0', 'Xlong-island': '0', 'seq': '1', 'end': 38903.99, 'start': 38903.35}]",0,0,[],[]
38903990,38910000,NA,OLN,0.0,1163,pause,NA,NA,NA,NA,0.0,0,-16.59,-3.7,[],0,0,[],[]
38910000,38910690,CHI,CHN,0.0,1163,pause,NA,NA,NA,NA,0.0,0,-14.98,-7.94,[],0,690,"[{'start': 38910.0, 'end': 38910.69}]",[]
38910690,38911510,NA,OLN,0.0,1163,pause,NA,NA,NA,NA,0.0,0,-20.57,-13.12,[],0,0,[],[]
38911510,38912400,OCH,CXN,0.0,1163,XM,EC,0,NT,FI,0.0,0,-23.31,-14.29,[],0,0,[],[]
38912400,38914020,CHI,CHN,0.0,1164,pause,NA,NA,NA,NA,0.0,0,-14.95,-7.61,[],0,1620,"[{'start': 38912.4, 'end': 38914.02}]",[]
38914020,38917430,NA,OLN,0.0,1164,pause,NA,NA,NA,NA,0.0,0,-12.25,-1.91,[],0,0,[],[]
38917430,38919000,CHI,CHN,0.0,1164,pause,NA,NA,NA,NA,0.0,0,-12.96,-3.51,[],0,1480,"[{'start': 38917.52, 'end': 38919.0}]",[]
38919000,38920000,CHI,CHN,0.0,1164,pause,NA,NA,NA,NA,0.0,0,-15.68,-4.87,[],0,870,"[{'start': 38919.13, 'end': 38920.0}]",[]
38920000,38920800,CHI,CHN,0.0,1164,CM,BC,0,NT,FI,1.0,800,-15.06,-11.62,"[{'Canonical-syllable': '0', 'Growl': '0', 'High-freq-energy': '0', 'Long-island': '1', 'Low-tilt-spectrum': '1', 'Medium-island': '0', 'Short-island': '0', 'Squeal': '0', 'Typical-entropy': '1', 'Voicing-quality': '1', 'Wide-band': '0', 'Xlong-island': '0', 'seq': '1', 'end': 38920.8, 'start': 38920.0}]",0,0,[],[]
38920800,38921650,NA,OLN,0.0,1164,CM,NA,NA,NA,NA,0.0,0,-22.99,-10.0,[],0,0,[],[]
38921650,38922330,CHI,CHN,0.0,1164,CM,EC,0,NT,FH,1.0,680,-13.28,-5.23,"[{'Canonical-syllable': '1', 'Growl': '0', 'High-freq-energy': '0', 'Long-island': '0', 'Low-tilt-spectrum': '2', 'Medium-island': '1', 'Short-island': '0', 'Squeal': '1', 'Typical-entropy': '2', 'Voicing-quality': '2', 'Wide-band': '0', 'Xlong-island': '0', 'seq': '1', 'end': 38922.33, 'start': 38921.65}]",0,0,[],[]
38922330,38930680,NA,OLN,0.0,1165,pause,NA,NA,NA,NA,0.0,0,-14.46,-1.98,[],0,0,[],[]
38930680,38931480,NA,NOF,0.0,1165,pause,NA,NA,NA,NA,0.0,0,-9.01,-1.12,[],0,0,[],[]
38931480,38932410,NA,OLN,0.0,1165,pause,NA,NA,NA,NA,0.0,0,-10.13,-1.88,[],0,0,[],[]
38932410,38933390,OCH,CXN,0.0,1165,XIOCC,BC,0,NT,FI,0.0,0,-17.73,-11.78,[],0,0,[],[]
38933390,38933990,OCH,CXN,0.0,1165,XIOCC,RC,0,NT,FH,0.0,0,-15.49,-8.41,[],0,0,[],[]
38933990,38936160,NA,OLN,0.0,1165,XIOCC,NA,NA,NA,NA,0.0,0,-18.01,-1.41,[],0,0,[],[]
38936160,38937190,CHI,CHN,0.0,1165,XIOCC,NA,NA,NA,NA,0.0,0,-14.17,-6.33,[],0,1030,"[{'start': 38936.16, 'end': 38937.19}]",[]
38937190,38938300,CHI,CHN,0.0,1165,XIOCC,RC,0,NT,FI,1.0,1110,-17.89,-10.39,"[{'Canonical-syllable': '0', 'Growl': '0', 'High-freq-energy': '0', 'Long-island': '0', 'Low-tilt-spectrum': '1', 'Medium-island': '2', 'Short-island': '0', 'Squeal': '0', 'Typical-entropy': '3', 'Voicing-quality': '3', 'Wide-band': '0', 'Xlong-island': '0', 'seq': '1', 'end': 38938.3, 'start': 38937.19}]",0,0,[],[]
38938300,38939100,OCH,CXN,0.0,1165,XIOCC,RC,0,NT,FI,0.0,0,-23.09,-14.5,[],0,0,[],[]
38939100,38943450,NA,OLN,0.0,1165,XIOCC,NA,NA,NA,NA,0.0,0,-18.6,-9.65,[],0,0,[],[]
38943450,38944050,OCH,CXN,0.0,1165,XIOCC,RC,0,NT,FH,0.0,0,-13.2,-8.39,[],0,0,[],[]
38944050,38945240,NA,OLN,0.0,1165,XIOCC,NA,NA,NA,NA,0.0,0,-17.31,-10.12,[],0,0,[],[]
38945240,38945840,CHI,CHN,0.0,1165,XIOCC,EC,0,NT,FI,1.0,600,-16.48,-12.73,"[{'Canonical-syllable': '0', 'Growl': '0', 'High-freq-energy': '0', 'Long-island': '0', 'Low-tilt-spectrum': '1', 'Medium-island': '1', 'Short-island': '0', 'Squeal': '0', 'Typical-entropy': '1', 'Voicing-quality': '1', 'Wide-band': '0', 'Xlong-island': '0', 'seq': '1', 'end': 38945.84, 'start': 38945.24}]",0,0,[],[]
38945840,38951500,NA,OLN,0.0,1166,pause,NA,NA,NA,NA,0.0,0,-22.41,-8.5,[],0,0,[],[]
38951500,38952510,FEM,FAN,2.46,1166,AICF,BC,0,TIFI,FI,0.0,0,-23.78,-16.71,[],0,0,[],[]
38952510,38955710,NA,OLN,0.0,1166,AICF,NA,NA,NA,NA,0.0,0,-22.63,-9.9,[],0,0,[],[]
38955710,38956310,CHI,CHN,0.0,1166,AICF,RC,1,TIFR,FI,1.0,600,-23.08,-12.86,"[{'Canonical-syllable': '1', 'Growl': '1', 'High-freq-energy': '1', 'Long-island': '0', 'Low-tilt-spectrum': '2', 'Medium-island': '0', 'Short-island': '2', 'Squeal': '0', 'Typical-entropy': '2', 'Voicing-quality': '1', 'Wide-band': '0', 'Xlong-island': '0', 'seq': '1', 'end': 38956.31, 'start': 38955.71}]",0,0,[],[]
38956310,38960780,NA,OLN,0.0,1166,AICF,NA,NA,NA,NA,0.0,0,-20.51,-3.65,[],0,0,[],[]
38960780,38961790,OCH,CXN,0.0,1166,AICF,RC,1,NT,FI,0.0,0,-22.23,-10.68,[],0,0,[],[]
38961790,38965990,NA,OLN,0.0,1166,AICF,NA,NA,NA,NA,0.0,0,-22.21,-5.17,[],0,0,[],[]
38965990,38966590,CHI,CHN,0.0,1166,AICF,RC,1,NT,FI,1.0,350,-21.55,-14.06,"[{'Canonical-syllable': '0', 'Growl': '0', 'High-freq-energy': '0', 'Long-island': '0', 'Low-tilt-spectrum': '1', 'Medium-island': '1', 'Short-island': '0', 'Squeal': '0', 'Typical-entropy': '1', 'Voicing-quality': '1', 'Wide-band': '0', 'Xlong-island': '0', 'seq': '1', 'end': 38966.34, 'start': 38965.99}]",0,0,[],[]
38966590,38967440,OCH,CXN,0.0,1166,AICF,RC,1,NT,FI,0.0,0,-17.08,-5.29,[],0,0,[],[]
38967440,38968320,NA,OLN,0.0,1166,AICF,NA,NA,NA,NA,0.0,0,-35.33,-22.64,[],0,0,[],[]
38968320,38969320,OCH,CXN,0.0,1166,AICF,EC,1,NT,FH,0.0,0,-27.66,-20.73,[],0,0,[],[]
38969320,38970820,NA,OLN,0.0,1167,pause,NA,NA,NA,NA,0.0,0,-26.37,-14.0,[],0,0,[],[]
38970820,38971620,NA,NON,0.0,1167,pause,NA,NA,NA,NA,0.0,0,-15.99,-5.3,[],0,0,[],[]
38971620,38973140,NA,OLN,0.0,1167,pause,NA,NA,NA,NA,0.0,0,-15.72,-2.92,[],0,0,[],[]
38973140,38974140,CHI,CHN,0.0,1167,pause,NA,NA,NA,NA,0.0,0,-17.84,-9.09,[],0,1000,"[{'start': 38973.14, 'end': 38974.14}]",[]
38974140,38975420,NA,OLN,0.0,1167,pause,NA,NA,NA,NA,0.0,0,-16.14,-1.83,[],0,0,[],[]
38975420,38976020,CHI,CHN,0.0,1167,pause,NA,NA,NA,NA,0.0,0,-13.77,-8.82,[],0,600,"[{'start': 38975.42, 'end': 38976.02}]",[]
38976020,38977480,NA,OLN,0.0,1167,pause,NA,NA,NA,NA,0.0,0,-18.66,-7.93,[],0,0,[],[]
38977480,38978330,OCH,CXN,0.0,1167,XIC,BC,0,NT,FI,0.0,0,-18.33,-8.58,[],0,0,[],[]
38978330,38980850,NA,OLN,0.0,1167,XIC,NA,NA,NA,NA,0.0,0,-24.32,-10.9,[],0,0,[],[]
38980850,38982100,CHI,CHN,0.0,1167,XIC,NA,NA,NA,NA,0.0,0,-14.41,-3.35,[],0,1250,"[{'start': 38980.85, 'end': 38982.1}]",[]
38982100,38982900,CHI,CHN,0.0,1167,XIC,RC,0,NT,FI,1.0,490,-22.91,-16.88,"[{'Canonical-syllable': '0', 'Growl': '0', 'High-freq-energy': '0', 'Long-island': '0', 'Low-tilt-spectrum': '1', 'Medium-island': '1', 'Short-island': '0', 'Squeal': '0', 'Typical-entropy': '1', 'Voicing-quality': '1', 'Wide-band': '0', 'Xlong-island': '0', 'seq': '1', 'end': 38982.59, 'start': 38982.23}]",0,0,[],[]
38982900,38984420,OCH,CXN,0.0,1167,XIC,RC,0,NT,FI,0.0,0,-27.03,-14.26,[],0,0,[],[]
38984420,38985230,NA,NOF,0.0,1167,XIC,NA,NA,NA,NA,0.0,0,-46.86,-41.73,[],0,0,[],[]
38985230,38986570,FEM,FAN,6.99,1167,XIC,RC,0,NT,FI,0.0,0,-27.51,-17.64,[],0,0,[],[]
38986570,38987620,MAL,MAN,3.72,1167,XIC,RC,0,NT,FI,0.0,0,-26.26,-18.95,[],0,0,[],[]
38987620,38988790,FEM,FAN,4.51,1167,XIC,RC,0,TIFI,FI,0.0,0,-21.78,-12.5,[],0,0,[],[]
38988790,38989390,CHI,CHN,0.0,1167,XIC,RC,1,TIFR,FI,1.0,480,-23.82,-19.74,"[{'Canonical-syllable': '1', 'Growl': '0', 'High-freq-energy': '0', 'Long-island': '0', 'Low-tilt-spectrum': '0', 'Medium-island': '1', 'Short-island': '0', 'Squeal': '0', 'Typical-entropy': '0', 'Voicing-quality': '1', 'Wide-band': '0', 'Xlong-island': '0', 'seq': '1', 'end': 38989.27, 'start': 38988.95}]",0,0,[],[]
38989390,38990380,NA,OLF,0.0,1167,XIC,NA,NA,NA,NA,0.0,0,-38.43,-29.52,[],0,0,[],[]
38990380,38991160,CHI,CHN,0.0,1167,XIC,NA,NA,NA,NA,0.0,0,-14.97,-5.61,[],0,780,"[{'start': 38990.38, 'end': 38991.16}]",[]
38991160,38992770,OCH,CXN,0.0,1167,XIC,RC,1,NT,FI,0.0,0,-18.1,-7.77,[],0,0,[],[]
38992770,38993380,CHI,CHN,0.0,1167,XIC,NA,NA,NA,NA,0.0,0,-15.66,-7.27,[],0,350,"[{'start': 38992.77, 'end': 38993.01}, {'start': 38993.27, 'end': 38993.38}]",[]
38993380,38994180,OCH,CXN,0.0,1167,XIC,RC,1,NT,FH,0.0,0,-16.72,-10.88,[],0,0,[],[]
38994180,38995240,FEM,FAN,3.47,1167,XIC,RC,1,NT,FI,0.0,0,-16.52,-3.32,[],0,0,[],[]
38995240,38997690,NA,OLN,0.0,1167,XIC,NA,NA,NA,NA,0.0,0,-17.14,-2.45,[],0,0,[],[]
38997690,38998850,FEM,FAN,6.27,1167,XIC,RC,1,NT,FH,0.0,0,-23.5,-15.3,[],0,0,[],[]
38998850,38999830,NA,OLN,0.0,1167,XIC,NA,NA,NA,NA,0.0,0,-23.46,-15.4,[],0,0,[],[]
38999830,39002030,FEM,FAN,8.99,1167,XIC,EC,1,NT,FH,0.0,0,-22.31,-10.99,[],0,0,[],[]
39002030,39006610,NA,OLN,0.0,1168,pause,NA,NA,NA,NA,0.0,0,-19.1,-9.85,[],0,0,[],[]
39006610,39007410,NA,NOF,0.0,1168,pause,NA,NA,NA,NA,0.0,0,-44.14,-35.56,[],0,0,[],[]
39007410,39008470,FEM,FAN,5.43,1168,AMF,EC,0,NT,FI,0.0,0,-24.42,-16.18,[],0,0,[],[]
39008470,39009480,NA,OLN,0.0,1169,pause,NA,NA,NA,NA,0.0,0,-25.56,-17.38,[],0,0,[],[]
39009480,39010280,NA,NOF,0.0,1169,pause,NA,NA,NA,NA,0.0,0,-45.56,-38.4,[],0,0,[],[]
39010280,39015660,NA,OLN,0.0,1169,pause,NA,NA,NA,NA,0.0,0,-23.88,-9.69,[],0,0,[],[]
39015660,39016260,CHI,CHN,0.0,1169,CIOCX,BC,0,NT,FI,1.0,600,-16.84,-10.83,"[{'Canonical-syllable': '1', 'Growl': '0', 'High-freq-energy': '1', 'Long-island': '0', 'Low-tilt-spectrum': '0', 'Medium-island': '1', 'Short-island': '0', 'Squeal': '0', 'Typical-entropy': '1', 'Voicing-quality': '1', 'Wide-band': '0', 'Xlong-island': '0', 'seq': '1', 'end': 39016.26, 'start': 39015.66}]",0,0,[],[]
39016260,39019560,NA,OLN,0.0,1169,CIOCX,NA,NA,NA,NA,0.0,0,-22.57,-10.26,[],0,0,[],[]
39019560,39020210,CHI,CHN,0.0,1169,CIOCX,NA,NA,NA,NA,0.0,0,-14.09,-6.03,[],0,650,"[{'start': 39019.56, 'end': 39020.21}]",[]
39020210,39021010,OCH,CXN,0.0,1169,CIOCX,RC,0,NT,FI,0.0,0,-20.39,-13.89,[],0,0,[],[]
39021010,39021980,NA,OLN,0.0,1169,CIOCX,NA,NA,NA,NA,0.0,0,-24.32,-11.55,[],0,0,[],[]
39021980,39023010,CHI,CHN,0.0,1169,CIOCX,EC,0,NT,FI,2.0,650,-18.83,-9.09,"[{'Canonical-syllable': '0', 'Growl': '0', 'High-freq-energy': '0', 'Long-island': '0', 'Low-tilt-spectrum': '0', 'Medium-island': '1', 'Short-island': '0', 'Squeal': '0', 'Typical-entropy': '1', 'Voicing-quality': '1', 'Wide-band': '0', 'Xlong-island': '0', 'seq': '1', 'end': 39022.41, 'start': 39021.98}, {'Canonical-syllable': '0', 'Growl': '0', 'High-freq-energy': '1', 'Long-island': '0', 'Low-tilt-spectrum': '1', 'Medium-island': '0', 'Short-island': '1', 'Squeal': '0', 'Typical-entropy': '1', 'Voicing-quality': '0', 'Wide-band': '0', 'Xlong-island': '0', 'seq': '2', 'end': 39023.01, 'start': 39022.79}]",0,0,[],[]
39023010,39026680,NA,OLN,0.0,1170,pause,NA,NA,NA,NA,0.0,0,-22.14,-9.2,[],0,0,[],[]
39026680,39027280,CHI,CHN,0.0,1170,pause,NA,NA,NA,NA,0.0,0,-15.77,-6.14,[],0,210,"[{'start': 39027.07, 'end': 39027.28}]",[]
39027280,39028290,CHI,CHN,0.0,1170,pause,NA,NA,NA,NA,0.0,0,-15.63,-5.54,[],0,600,"[{'start': 39027.4, 'end': 39028.0}]",[]
39028290,39028980,CHI,CHN,0.0,1170,pause,NA,NA,NA,NA,0.0,0,-15.2,-10.57,[],0,690,"[{'start': 39028.29, 'end': 39028.98}]",[]
39028980,39030780,NA,OLN,0.0,1170,pause,NA,NA,NA,NA,0.0,0,-28.16,-19.29,[],0,0,[],[]
39030780,39031480,CHI,CHN,0.0,1170,CIC,BC,0,TIFI,FI,1.0,700,-30.91,-21.81,"[{'Canonical-syllable': '0', 'Growl': '1', 'High-freq-energy': '0', 'Long-island': '0', 'Low-tilt-spectrum': '1', 'Medium-island': '1', 'Short-island': '0', 'Squeal': '0', 'Typical-entropy': '1', 'Voicing-quality': '1', 'Wide-band': '0', 'Xlong-island': '0', 'seq': '1', 'end': 39031.48, 'start': 39030.78}]",0,0,[],[]
39031480,39032430,NA,OLN,0.0,1170,CIC,NA,NA,NA,NA,0.0,0,-16.48,-6.57,[],0,0,[],[]
39032430,39033430,CHI,CHN,0.0,1170,CIC,NA,NA,NA,NA,0.0,0,-15.4,-4.81,[],0,780,"[{'start': 39032.56, 'end': 39033.34}]",[]
39033430,39034180,CHI,CHN,0.0,1170,CIC,NA,NA,NA,NA,0.0,0,-14.2,-7.71,[],0,750,"[{'start': 39033.43, 'end': 39034.18}]",[]
39034180,39035040,CHI,CHN,0.0,1170,CIC,NA,NA,NA,NA,0.0,0,-15.99,-11.59,[],0,860,"[{'start': 39034.18, 'end': 39035.04}]",[]
39035040,39035950,NA,OLN,0.0,1170,CIC,NA,NA,NA,NA,0.0,0,-31.17,-20.54,[],0,0,[],[]
39035950,39036950,FEM,FAN,1.69,1170,CIC,RC,1,TIFR,FI,0.0,0,-16.99,-4.44,[],0,0,[],[]
39036950,39038100,OCH,CXN,0.0,1170,CIC,RC,1,NT,FI,0.0,0,-14.2,-8.48,[],0,0,[],[]
39038100,39038900,NA,OLN,0.0,1170,CIC,NA,NA,NA,NA,0.0,0,-16.63,-8.06,[],0,0,[],[]
39038900,39039510,CHI,CHN,0.0,1170,CIC,NA,NA,NA,NA,0.0,0,-14.83,-10.29,[],0,440,"[{'start': 39038.9, 'end': 39039.34}]",[]
39039510,39040520,FEM,FAN,5.34,1170,CIC,RC,1,TIFI,FI,0.0,0,-21.17,-8.49,[],0,0,[],[]
39040520,39041340,NA,OLN,0.0,1170,CIC,NA,NA,NA,NA,0.0,0,-12.67,-4.55,[],0,0,[],[]
39041340,39041970,CHI,CHN,0.0,1170,CIC,NA,NA,NA,NA,0.0,0,-14.94,-4.81,[],0,630,"[{'start': 39041.34, 'end': 39041.97}]",[]
39041970,39043100,NA,OLN,0.0,1170,CIC,NA,NA,NA,NA,0.0,0,-20.37,-13.61,[],0,0,[],[]
39043100,39043700,CHI,CHN,0.0,1170,CIC,RC,2,TIFR,FI,1.0,600,-13.53,-5.74,"[{'Canonical-syllable': '0', 'Growl': '0', 'High-freq-energy': '1', 'Long-island': '0', 'Low-tilt-spectrum': '2', 'Medium-island': '0', 'Short-island': '2', 'Squeal': '1', 'Typical-entropy': '3', 'Voicing-quality': '3', 'Wide-band': '1', 'Xlong-island': '0', 'seq': '1', 'end': 39043.7, 'start': 39043.1}]",0,0,[],[]
39043700,39044510,NA,OLN,0.0,1170,CIC,NA,NA,NA,NA,0.0,0,-15.22,-2.34,[],0,0,[],[]
39044510,39045840,CHI,CHN,0.0,1170,CIC,EC,2,NT,FH,2.0,900,-15.14,-3.32,"[{'Canonical-syllable': '0', 'Growl': '0', 'High-freq-energy': '0', 'Long-island': '0', 'Low-tilt-spectrum': '1', 'Medium-island': '0', 'Short-island': '1', 'Squeal': '2', 'Typical-entropy': '2', 'Voicing-quality': '1', 'Wide-band': '0', 'Xlong-island': '0', 'seq': '1', 'end': 39044.85, 'start': 39044.51}, {'Canonical-syllable': '0', 'Growl': '0', 'High-freq-energy': '0', 'Long-island': '0', 'Low-tilt-spectrum': '0', 'Medium-island': '1', 'Short-island': '0', 'Squeal': '1', 'Typical-entropy': '1', 'Voicing-quality': '1', 'Wide-band': '0', 'Xlong-island': '0', 'seq': '2', 'end': 39045.41, 'start': 39045.15}]",0,0,[],[]
39045840,39046650,CHI,CHN,0.0,1171,pause,NA,NA,NA,NA,0.0,0,-17.58,-6.17,[],0,690,"[{'start': 39045.84, 'end': 39046.53}]",[]
39046650,39048730,NA,OLN,0.0,1171,pause,NA,NA,NA,NA,0.0,0,-12.15,-2.09,[],0,0,[],[]
39048730,39050260,CHI,CHN,0.0,1171,pause,NA,NA,NA,NA,0.0,0,-15.27,-5.5,[],0,1530,"[{'start': 39048.73, 'end': 39050.26}]",[]
39050260,39051910,NA,OLN,0.0,1171,pause,NA,NA,NA,NA,0.0,0,-20.86,-6.35,[],0,0,[],[]
39051910,39052910,CHI,CHN,0.0,1171,CIOCX,BC,0,NT,FI,1.0,1000,-23.61,-13.94,"[{'Canonical-syllable': '1', 'Growl': '0', 'High-freq-energy': '0', 'Long-island': '0', 'Low-tilt-spectrum': '2', 'Medium-island': '1', 'Short-island': '1', 'Squeal': '0', 'Typical-entropy': '2', 'Voicing-quality': '2', 'Wide-band': '0', 'Xlong-island': '0', 'seq': '1', 'end': 39052.91, 'start': 39051.91}]",0,0,[],[]
39052910,39056160,NA,OLN,0.0,1171,CIOCX,NA,NA,NA,NA,0.0,0,-23.38,-12.16,[],0,0,[],[]
39056160,39056760,OCH,CXN,0.0,1171,CIOCX,RC,0,NT,FI,0.0,0,-18.05,-11.27,[],0,0,[],[]
39056760,39058950,NA,OLN,0.0,1171,CIOCX,NA,NA,NA,NA,0.0,0,-15.47,-2.14,[],0,0,[],[]
39058950,39061540,CHI,CHN,0.0,1171,CIOCX,NA,NA,NA,NA,0.0,0,-14.55,-3.33,[],0,2330,"[{'start': 39058.95, 'end': 39059.81}, {'start': 39060.07, 'end': 39061.54}]",[]
39061540,39062340,OCH,CXN,0.0,1171,CIOCX,RC,0,NT,FH,0.0,0,-23.65,-13.48,[],0,0,[],[]
39062340,39064890,NA,OLN,0.0,1171,CIOCX,NA,NA,NA,NA,0.0,0,-15.45,-4.57,[],0,0,[],[]
39064890,39065510,CHI,CHN,0.0,1171,CIOCX,RC,0,NT,FI,1.0,620,-21.76,-13.95,"[{'Canonical-syllable': '0', 'Growl': '1', 'High-freq-energy': '0', 'Long-island': '0', 'Low-tilt-spectrum': '2', 'Medium-island': '1', 'Short-island': '0', 'Squeal': '0', 'Typical-entropy': '2', 'Voicing-quality': '2', 'Wide-band': '0', 'Xlong-island': '0', 'seq': '1', 'end': 39065.51, 'start': 39064.89}]",0,0,[],[]
39065510,39068110,NA,OLN,0.0,1171,CIOCX,NA,NA,NA,NA,0.0,0,-13.84,-2.94,[],0,0,[],[]
39068110,39068710,CHI,CHN,0.0,1171,CIOCX,RC,0,NT,FH,1.0,460,-20.05,-6.0,"[{'Canonical-syllable': '0', 'Growl': '0', 'High-freq-energy': '1', 'Long-island': '0', 'Low-tilt-spectrum': '1', 'Medium-island': '1', 'Short-island': '0', 'Squeal': '1', 'Typical-entropy': '1', 'Voicing-quality': '1', 'Wide-band': '0', 'Xlong-island': '0', 'seq': '1', 'end': 39068.57, 'start': 39068.11}]",0,0,[],[]
39068710,39070210,NA,OLN,0.0,1171,CIOCX,NA,NA,NA,NA,0.0,0,-11.17,-2.27,[],0,0,[],[]
39070210,39071010,OCH,CXN,0.0,1171,CIOCX,EC,0,NT,FI,0.0,0,-20.5,-14.0,[],0,0,[],[]
39071010,39071850,NA,NON,0.0,1172,pause,NA,NA,NA,NA,0.0,0,-10.87,-2.61,[],0,0,[],[]
39071850,39073440,NA,OLN,0.0,1172,pause,NA,NA,NA,NA,0.0,0,-14.12,-2.48,[],0,0,[],[]
39073440,39074060,CHI,CHN,0.0,1172,pause,NA,NA,NA,NA,0.0,0,-17.6,-11.49,[],0,520,[],"[{'start': 39073.44, 'end': 39073.96}]"
39074060,39080390,NA,OLN,0.0,1172,pause,NA,NA,NA,NA,0.0,0,-18.06,-8.62,[],0,0,[],[]
39080390,39081000,CHI,CHN,0.0,1172,pause,NA,NA,NA,NA,0.0,0,-14.89,-4.46,[],0,480,"[{'start': 39080.52, 'end': 39081.0}]",[]
39081000,39081800,CHI,CHN,0.0,1172,pause,NA,NA,NA,NA,0.0,0,-16.7,-10.67,[],0,500,"[{'start': 39081.0, 'end': 39081.5}]",[]
39081800,39082970,CHI,CHN,0.0,1172,pause,NA,NA,NA,NA,0.0,0,-14.63,-6.0,[],0,1050,"[{'start': 39081.92, 'end': 39082.97}]",[]
39082970,39083930,OCH,CXN,0.0,1172,XIC,BC,0,NT,FI,0.0,0,-16.48,-5.03,[],0,0,[],[]
39083930,39084590,CHI,CHN,0.0,1172,XIC,NA,NA,NA,NA,0.0,0,-13.95,-6.79,[],0,660,"[{'start': 39083.93, 'end': 39084.59}]",[]
39084590,39085590,CHI,CHN,0.0,1172,XIC,NA,NA,NA,NA,0.0,0,-18.22,-8.85,[],0,1000,"[{'start': 39084.59, 'end': 39085.59}]",[]
39085590,39086370,CHI,CHN,0.0,1172,XIC,NA,NA,NA,NA,0.0,0,-12.79,-4.03,[],0,780,"[{'start': 39085.59, 'end': 39086.37}]",[]
39086370,39087490,OCH,CXN,0.0,1172,XIC,RC,0,NT,FH,0.0,0,-18.38,-10.72,[],0,0,[],[]
39087490,39089530,NA,OLN,0.0,1172,XIC,NA,NA,NA,NA,0.0,0,-15.65,-3.46,[],0,0,[],[]
39089530,39090130,CHI,CHN,0.0,1172,XIC,RC,0,TIFI,FI,1.0,600,-13.58,-10.1,"[{'Canonical-syllable': '1', 'Growl': '0', 'High-freq-energy': '0', 'Long-island': '0', 'Low-tilt-spectrum': '0', 'Medium-island': '1', 'Short-island': '0', 'Squeal': '0', 'Typical-entropy': '0', 'Voicing-quality': '1', 'Wide-band': '0', 'Xlong-island': '0', 'seq': '1', 'end': 39090.13, 'start': 39089.53}]",0,0,[],[]
39090130,39093340,NA,OLN,0.0,1172,XIC,NA,NA,NA,NA,0.0,0,-17.87,-3.08,[],0,0,[],[]
39093340,39094810,FEM,FAN,6.49,1172,XIC,RC,1,TIFR,FI,0.0,0,-24.79,-17.24,[],0,0,[],[]
39094810,39095610,OCH,CXN,0.0,1172,XIC,RC,1,NT,FI,0.0,0,-15.44,-8.9,[],0,0,[],[]
39095610,39097060,CHI,CHN,0.0,1172,XIC,RC,1,NT,FI,1.0,1450,-17.62,-7.81,"[{'Canonical-syllable': '1', 'Growl': '0', 'High-freq-energy': '0', 'Long-island': '0', 'Low-tilt-spectrum': '2', 'Medium-island': '1', 'Short-island': '3', 'Squeal': '0', 'Typical-entropy': '4', 'Voicing-quality': '5', 'Wide-band': '0', 'Xlong-island': '0', 'seq': '1', 'end': 39097.06, 'start': 39095.61}]",0,0,[],[]
39097060,39098490,NA,OLN,0.0,1172,XIC,NA,NA,NA,NA,0.0,0,-31.55,-21.31,[],0,0,[],[]
39098490,39099490,OCH,CXN,0.0,1172,XIC,RC,1,NT,FI,0.0,0,-28.32,-18.05,[],0,0,[],[]
39099490,39100640,NA,OLN,0.0,1172,XIC,NA,NA,NA,NA,0.0,0,-23.34,-13.14,[],0,0,[],[]
39100640,39101410,CHI,CHN,0.0,1172,XIC,NA,NA,NA,NA,0.0,0,-14.99,-6.75,[],0,670,"[{'start': 39100.74, 'end': 39101.41}]",[]
39101410,39102570,OCH,CXN,0.0,1172,XIC,EC,1,NT,FH,0.0,0,-15.68,-5.07,[],0,0,[],[]
39102570,39108840,NA,OLN,0.0,1173,pause,NA,NA,NA,NA,0.0,0,-25.06,-7.91,[],0,0,[],[]
39108840,39110140,CHI,CHN,0.0,1173,pause,NA,NA,NA,NA,0.0,0,-15.94,-6.15,[],0,910,"[{'start': 39109.14, 'end': 39110.05}]",[]
39110140,39112410,NA,OLN,0.0,1173,pause,NA,NA,NA,NA,0.0,0,-17.86,-8.35,[],0,0,[],[]
39112410,39113210,OCH,CXN,0.0,1173,XIOCC,BC,0,NT,FI,0.0,0,-25.23,-14.91,[],0,0,[],[]
39113210,39114160,NA,OLN,0.0,1173,XIOCC,NA,NA,NA,NA,0.0,0,-30.05,-21.17,[],0,0,[],[]
39114160,39114890,CHI,CHN,0.0,1173,XIOCC,RC,0,NT,FI,1.0,730,-17.0,-3.54,"[{'Canonical-syllable': '0', 'Growl': '0', 'High-freq-energy': '0', 'Long-island': '0', 'Low-tilt-spectrum': '2', 'Medium-island': '1', 'Short-island': '0', 'Squeal': '0', 'Typical-entropy': '2', 'Voicing-quality': '2', 'Wide-band': '0', 'Xlong-island': '0', 'seq': '1', 'end': 39114.89, 'start': 39114.16}]",0,0,[],[]
39114890,39115760,NA,OLN,0.0,1173,XIOCC,NA,NA,NA,NA,0.0,0,-32.06,-23.26,[],0,0,[],[]
39115760,39116790,CHI,CHN,0.0,1173,XIOCC,RC,0,NT,FH,1.0,1030,-23.34,-13.72,"[{'Canonical-syllable': '0', 'Growl': '1', 'High-freq-energy': '0', 'Long-island': '1', 'Low-tilt-spectrum': '1', 'Medium-island': '0', 'Short-island': '0', 'Squeal': '0', 'Typical-entropy': '1', 'Voicing-quality': '1', 'Wide-band': '0', 'Xlong-island': '0', 'seq': '1', 'end': 39116.79, 'start': 39115.76}]",0,0,[],[]
39116790,39118090,NA,OLN,0.0,1173,XIOCC,NA,NA,NA,NA,0.0,0,-17.04,-3.57,[],0,0,[],[]
39118090,39118930,NA,NOF,0.0,1173,XIOCC,NA,NA,NA,NA,0.0,0,-9.23,-2.81,[],0,0,[],[]
39118930,39121180,NA,OLN,0.0,1173,XIOCC,NA,NA,NA,NA,0.0,0,-10.75,-2.07,[],0,0,[],[]
39121180,39121980,CHI,CHN,0.0,1173,XIOCC,RC,0,NT,FH,1.0,800,-15.27,-5.46,"[{'Canonical-syllable': '0', 'Growl': '0', 'High-freq-energy': '0', 'Long-island': '0', 'Low-tilt-spectrum': '1', 'Medium-island': '1', 'Short-island': '1', 'Squeal': '1', 'Typical-entropy': '1', 'Voicing-quality': '2', 'Wide-band': '0', 'Xlong-island': '0', 'seq': '1', 'end': 39121.98, 'start': 39121.18}]",0,0,[],[]
39121980,39122580,OCH,CXN,0.0,1173,XIOCC,RC,0,NT,FI,0.0,0,-16.07,-4.68,[],0,0,[],[]
39122580,39124160,OCH,CXN,0.0,1173,XIOCC,RC,0,NT,FH,0.0,0,-16.51,-7.61,[],0,0,[],[]
39124160,39125270,NA,OLN,0.0,1173,XIOCC,NA,NA,NA,NA,0.0,0,-21.15,-12.87,[],0,0,[],[]
39125270,39126070,OCH,CXN,0.0,1173,XIOCC,EC,0,NT,FH,0.0,0,-26.67,-17.37,[],0,0,[],[]
39126070,39135960,NA,OLN,0.0,1174,pause,NA,NA,NA,NA,0.0,0,-20.03,-4.94,[],0,0,[],[]
39135960,39136560,CHI,CHN,0.0,1174,CIC,BC,0,NT,FI,1.0,280,-19.22,-8.24,"[{'Canonical-syllable': '0', 'Growl': '0', 'High-freq-energy': '0', 'Long-island': '0', 'Low-tilt-spectrum': '0', 'Medium-island': '0', 'Short-island': '0', 'Squeal': '0', 'Typical-entropy': '2', 'Voicing-quality': '2', 'Wide-band': '0', 'Xlong-island': '0', 'seq': '1', 'end': 39136.24, 'start': 39135.96}]",0,0,[],[]
39136560,39141230,NA,OLN,0.0,1174,CIC,NA,NA,NA,NA,0.0,0,-25.22,-12.54,[],0,0,[],[]
39141230,39142140,OCH,CXN,0.0,1174,CIC,RC,0,NT,FI,0.0,0,-26.06,-19.13,[],0,0,[],[]
39142140,39143140,OCH,CXN,0.0,1174,CIC,RC,0,NT,FH,0.0,0,-20.17,-10.42,[],0,0,[],[]
39143140,39144180,OCH,CXN,0.0,1174,CIC,RC,0,NT,FH,0.0,0,-29.45,-22.03,[],0,0,[],[]
39144180,39148680,NA,OLN,0.0,1174,CIC,NA,NA,NA,NA,0.0,0,-21.25,-9.02,[],0,0,[],[]
39148680,39149680,FEM,FAN,5.82,1174,CIC,RC,0,NT,FI,0.0,0,-17.7,-11.32,[],0,0,[],[]
39149680,39151380,NA,OLN,0.0,1174,CIC,NA,NA,NA,NA,0.0,0,-17.45,-10.7,[],0,0,[],[]
39151380,39153650,OCH,CXN,0.0,1174,CIC,RC,0,NT,FI,0.0,0,-16.85,-5.8,[],0,0,[],[]
39153650,39154690,FEM,FAN,4.97,1174,CIC,RC,0,NT,FI,0.0,0,-18.72,-7.68,[],0,0,[],[]
39154690,39155730,NA,OLN,0.0,1174,CIC,NA,NA,NA,NA,0.0,0,-27.12,-15.84,[],0,0,[],[]
39155730,39156920,FEM,FAN,5.76,1174,CIC,RC,0,TIFI,FH,0.0,0,-24.07,-15.28,[],0,0,[],[]
39156920,39158190,NA,OLN,0.0,1174,CIC,NA,NA,NA,NA,0.0,0,-23.97,-15.45,[],0,0,[],[]
39158190,39159610,CHI,CHN,0.0,1174,CIC,RC,1,TIFR,FI,2.0,900,-16.74,-5.18,"[{'Canonical-syllable': '0', 'Growl': '0', 'High-freq-energy': '0', 'Long-island': '0', 'Low-tilt-spectrum': '0', 'Medium-island': '0', 'Short-island': '0', 'Squeal': '0', 'Typical-entropy': '1', 'Voicing-quality': '1', 'Wide-band': '0', 'Xlong-island': '0', 'seq': '1', 'end': 39158.31, 'start': 39158.19}, {'Canonical-syllable': '1', 'Growl': '1', 'High-freq-energy': '0', 'Long-island': '0', 'Low-tilt-spectrum': '2', 'Medium-island': '1', 'Short-island': '1', 'Squeal': '0', 'Typical-entropy': '2', 'Voicing-quality': '2', 'Wide-band': '0', 'Xlong-island': '0', 'seq': '2', 'end': 39159.61, 'start': 39158.83}]",0,0,[],[]
39159610,39161210,NA,OLN,0.0,1174,CIC,NA,NA,NA,NA,0.0,0,-19.93,-8.5,[],0,0,[],[]
39161210,39161810,CHI,CHN,0.0,1174,CIC,EC,1,NT,FH,1.0,600,-17.36,-11.53,"[{'Canonical-syllable': '0', 'Growl': '0', 'High-freq-energy': '0', 'Long-island': '0', 'Low-tilt-spectrum': '1', 'Medium-island': '1', 'Short-island': '0', 'Squeal': '0', 'Typical-entropy': '1', 'Voicing-quality': '1', 'Wide-band': '0', 'Xlong-island': '0', 'seq': '1', 'end': 39161.81, 'start': 39161.21}]",0,0,[],[]
39161810,39162610,NA,NON,0.0,1175,pause,NA,NA,NA,NA,0.0,0,-25.26,-20.05,[],0,0,[],[]
39162610,39165710,NA,OLN,0.0,1175,pause,NA,NA,NA,NA,0.0,0,-24.71,-13.47,[],0,0,[],[]
39165710,39166630,NA,NOF,0.0,1175,pause,NA,NA,NA,NA,0.0,0,-17.61,-6.38,[],0,0,[],[]
39166630,39169120,NA,OLN,0.0,1175,pause,NA,NA,NA,NA,0.0,0,-16.92,-4.28,[],0,0,[],[]
39169120,39170250,NA,NOF,0.0,1175,pause,NA,NA,NA,NA,0.0,0,-8.21,-2.37,[],0,0,[],[]
39170250,39172290,NA,OLN,0.0,1175,pause,NA,NA,NA,NA,0.0,0,-17.45,-2.53,[],0,0,[],[]
39172290,39172890,OCH,CXN,0.0,1175,XM,EC,0,NT,FI,0.0,0,-23.76,-18.24,[],0,0,[],[]
39172890,39176570,NA,OLN,0.0,1176,pause,NA,NA,NA,NA,0.0,0,-22.8,-11.49,[],0,0,[],[]
39176570,39177590,NA,NOF,0.0,1176,pause,NA,NA,NA,NA,0.0,0,-16.18,-4.54,[],0,0,[],[]
39177590,39178510,NA,OLN,0.0,1176,pause,NA,NA,NA,NA,0.0,0,-15.74,-7.68,[],0,0,[],[]
39178510,39179400,NA,NON,0.0,1176,pause,NA,NA,NA,NA,0.0,0,-17.06,-6.68,[],0,0,[],[]
39179400,39180770,CHI,CHN,0.0,1176,CM,EC,0,NT,FI,1.0,1370,-18.84,-11.41,"[{'Canonical-syllable': '1', 'Growl': '1', 'High-freq-energy': '2', 'Long-island': '0', 'Low-tilt-spectrum': '3', 'Medium-island': '2', 'Short-island': '1', 'Squeal': '0', 'Typical-entropy': '3', 'Voicing-quality': '2', 'Wide-band': '0', 'Xlong-island': '0', 'seq': '1', 'end': 39180.77, 'start': 39179.52}]",0,0,[],[]
39180770,39182360,NA,NON,0.0,1177,pause,NA,NA,NA,NA,0.0,0,-17.71,-3.81,[],0,0,[],[]
39182360,39184070,NA,OLN,0.0,1177,pause,NA,NA,NA,NA,0.0,0,-24.0,-5.85,[],0,0,[],[]
39184070,39189080,NA,NON,0.0,1177,pause,NA,NA,NA,NA,0.0,0,-31.57,-18.98,[],0,0,[],[]
39189080,39191180,OCH,CXN,0.0,1177,XIOCC,BC,0,NT,FI,0.0,0,-21.95,-12.64,[],0,0,[],[]
39191180,39192730,NA,OLN,0.0,1177,XIOCC,NA,NA,NA,NA,0.0,0,-26.5,-13.63,[],0,0,[],[]
39192730,39193330,CHI,CHN,0.0,1177,XIOCC,RC,0,NT,FI,1.0,600,-16.72,-9.75,"[{'Canonical-syllable': '1', 'Growl': '1', 'High-freq-energy': '1', 'Long-island': '0', 'Low-tilt-spectrum': '2', 'Medium-island': '1', 'Short-island': '0', 'Squeal': '0', 'Typical-entropy': '2', 'Voicing-quality': '2', 'Wide-band': '0', 'Xlong-island': '0', 'seq': '1', 'end': 39193.33, 'start': 39192.73}]",0,0,[],[]
39193330,39194290,NA,NON,0.0,1177,XIOCC,NA,NA,NA,NA,0.0,0,-35.15,-22.11,[],0,0,[],[]
39194290,39195300,CHI,CHN,0.0,1177,XIOCC,RC,0,NT,FH,1.0,1010,-17.61,-8.48,"[{'Canonical-syllable': '1', 'Growl': '0', 'High-freq-energy': '0', 'Long-island': '0', 'Low-tilt-spectrum': '0', 'Medium-island': '1', 'Short-island': '2', 'Squeal': '1', 'Typical-entropy': '1', 'Voicing-quality': '3', 'Wide-band': '1', 'Xlong-island': '0', 'seq': '1', 'end': 39195.3, 'start': 39194.39}]",0,0,[],[]
39195300,39195900,CHI,CHN,0.0,1177,XIOCC,RC,0,NT,FH,1.0,600,-16.25,-9.68,"[{'Canonical-syllable': '0', 'Growl': '0', 'High-freq-energy': '0', 'Long-island': '0', 'Low-tilt-spectrum': '0', 'Medium-island': '1', 'Short-island': '0', 'Squeal': '0', 'Typical-entropy': '1', 'Voicing-quality': '1', 'Wide-band': '0', 'Xlong-island': '0', 'seq': '1', 'end': 39195.9, 'start': 39195.3}]",0,0,[],[]
39195900,39198050,NA,OLN,0.0,1177,XIOCC,NA,NA,NA,NA,0.0,0,-25.43,-11.78,[],0,0,[],[]
39198050,39198890,CHI,CHN,0.0,1177,XIOCC,RC,0,NT,FH,1.0,840,-19.71,-8.72,"[{'Canonical-syllable': '0', 'Growl': '1', 'High-freq-energy': '0', 'Long-island': '0', 'Low-tilt-spectrum': '1', 'Medium-island': '1', 'Short-island': '0', 'Squeal': '0', 'Typical-entropy': '2', 'Voicing-quality': '2', 'Wide-band': '1', 'Xlong-island': '0', 'seq': '1', 'end': 39198.89, 'start': 39198.24}]",0,0,[],[]
39198890,39199820,NA,OLN,0.0,1177,XIOCC,NA,NA,NA,NA,0.0,0,-25.92,-9.75,[],0,0,[],[]
39199820,39201380,CHI,CHN,0.0,1177,XIOCC,EC,0,NT,FH,1.0,1560,-21.63,-10.3,"[{'Canonical-syllable': '1', 'Growl': '1', 'High-freq-energy': '0', 'Long-island': '0', 'Low-tilt-spectrum': '3', 'Medium-island': '2', 'Short-island': '1', 'Squeal': '0', 'Typical-entropy': '3', 'Voicing-quality': '4', 'Wide-band': '1', 'Xlong-island': '0', 'seq': '1', 'end': 39201.38, 'start': 39199.82}]",0,0,[],[]
39201380,39202180,NA,OLN,0.0,1178,pause,NA,NA,NA,NA,0.0,0,-19.35,-7.94,[],0,0,[],[]
39202180,39203160,CHI,CHN,0.0,1178,pause,NA,NA,NA,NA,0.0,0,-15.17,-4.75,[],0,980,"[{'start': 39202.18, 'end': 39203.16}]",[]
39203160,39206520,NA,OLN,0.0,1178,pause,NA,NA,NA,NA,0.0,0,-23.19,-3.43,[],0,0,[],[]
39206520,39207630,FEM,FAN,4.31,1178,AIOCCXF,BC,0,NT,FI,0.0,0,-30.81,-21.38,[],0,0,[],[]
39207630,39208430,NA,OLN,0.0,1178,AIOCCXF,NA,NA,NA,NA,0.0,0,-34.41,-26.45,[],0,0,[],[]
39208430,39209290,OCH,CXN,0.0,1178,AIOCCXF,RC,0,NT,FI,0.0,0,-21.41,-14.44,[],0,0,[],[]
39209290,39209890,CHI,CHN,0.0,1178,AIOCCXF,RC,0,NT,FI,1.0,270,-24.41,-16.73,"[{'Canonical-syllable': '0', 'Growl': '0', 'High-freq-energy': '0', 'Long-island': '0', 'Low-tilt-spectrum': '0', 'Medium-island': '0', 'Short-island': '1', 'Squeal': '0', 'Typical-entropy': '0', 'Voicing-quality': '1', 'Wide-band': '0', 'Xlong-island': '0', 'seq': '1', 'end': 39209.89, 'start': 39209.62}]",0,0,[],[]
39209890,39210980,CHI,CHN,0.0,1178,AIOCCXF,RC,0,NT,FH,1.0,1090,-25.66,-18.4,"[{'Canonical-syllable': '0', 'Growl': '1', 'High-freq-energy': '1', 'Long-island': '1', 'Low-tilt-spectrum': '2', 'Medium-island': '1', 'Short-island': '0', 'Squeal': '0', 'Typical-entropy': '2', 'Voicing-quality': '2', 'Wide-band': '0', 'Xlong-island': '0', 'seq': '1', 'end': 39210.98, 'start': 39209.89}]",0,0,[],[]
39210980,39211790,NA,NON,0.0,1178,AIOCCXF,NA,NA,NA,NA,0.0,0,-27.99,-21.91,[],0,0,[],[]
39211790,39214370,NA,OLN,0.0,1178,AIOCCXF,NA,NA,NA,NA,0.0,0,-24.19,-13.32,[],0,0,[],[]
39214370,39215190,NA,NOF,0.0,1178,AIOCCXF,NA,NA,NA,NA,0.0,0,-25.98,-10.06,[],0,0,[],[]
39215190,39215800,CHI,CHN,0.0,1178,AIOCCXF,RC,0,NT,FH,1.0,440,-24.23,-14.38,"[{'Canonical-syllable': '0', 'Growl': '1', 'High-freq-energy': '1', 'Long-island': '0', 'Low-tilt-spectrum': '1', 'Medium-island': '1', 'Short-island': '0', 'Squeal': '0', 'Typical-entropy': '1', 'Voicing-quality': '1', 'Wide-band': '0', 'Xlong-island': '0', 'seq': '1', 'end': 39215.63, 'start': 39215.19}]",0,0,[],[]
39215800,39216840,NA,NON,0.0,1178,AIOCCXF,NA,NA,NA,NA,0.0,0,-23.66,-11.78,[],0,0,[],[]
39216840,39217900,NA,OLN,0.0,1178,AIOCCXF,NA,NA,NA,NA,0.0,0,-20.23,-8.57,[],0,0,[],[]
39217900,39218500,CHI,CHN,0.0,1178,AIOCCXF,RC,0,NT,FH,1.0,600,-15.86,-11.6,"[{'Canonical-syllable': '0', 'Growl': '0', 'High-freq-energy': '0', 'Long-island': '0', 'Low-tilt-spectrum': '1', 'Medium-island': '1', 'Short-island': '0', 'Squeal': '0', 'Typical-entropy': '1', 'Voicing-quality': '1', 'Wide-band': '0', 'Xlong-island': '0', 'seq': '1', 'end': 39218.5, 'start': 39217.9}]",0,0,[],[]
39218500,39219640,NA,NOF,0.0,1178,AIOCCXF,NA,NA,NA,NA,0.0,0,-22.54,-16.11,[],0,0,[],[]
39219640,39220710,CHI,CHN,0.0,1178,AIOCCXF,RC,0,NT,FH,1.0,960,-13.82,-4.43,"[{'Canonical-syllable': '0', 'Growl': '0', 'High-freq-energy': '0', 'Long-island': '0', 'Low-tilt-spectrum': '1', 'Medium-island': '0', 'Short-island': '0', 'Squeal': '0', 'Typical-entropy': '1', 'Voicing-quality': '1', 'Wide-band': '0', 'Xlong-island': '1', 'seq': '1', 'end': 39220.6, 'start': 39219.64}]",0,0,[],[]
39220710,39221510,NA,NON,0.0,1178,AIOCCXF,NA,NA,NA,NA,0.0,0,-26.31,-18.83,[],0,0,[],[]
39221510,39222320,NA,OLN,0.0,1178,AIOCCXF,NA,NA,NA,NA,0.0,0,-18.7,-13.73,[],0,0,[],[]
39222320,39222930,CHI,CHN,0.0,1178,AIOCCXF,RC,0,NT,FH,1.0,610,-17.18,-12.72,"[{'Canonical-syllable': '0', 'Growl': '0', 'High-freq-energy': '0', 'Long-island': '0', 'Low-tilt-spectrum': '1', 'Medium-island': '1', 'Short-island': '0', 'Squeal': '0', 'Typical-entropy': '1', 'Voicing-quality': '1', 'Wide-band': '0', 'Xlong-island': '0', 'seq': '1', 'end': 39222.93, 'start': 39222.32}]",0,0,[],[]
39222930,39223920,NA,OLN,0.0,1178,AIOCCXF,NA,NA,NA,NA,0.0,0,-25.62,-17.55,[],0,0,[],[]
39223920,39226600,NA,NON,0.0,1178,AIOCCXF,NA,NA,NA,NA,0.0,0,-19.52,-3.43,[],0,0,[],[]
39226600,39228430,CHI,CHN,0.0,1178,AIOCCXF,RC,0,NT,FH,1.0,1050,-25.93,-16.5,"[{'Canonical-syllable': '0', 'Growl': '1', 'High-freq-energy': '0', 'Long-island': '0', 'Low-tilt-spectrum': '1', 'Medium-island': '0', 'Short-island': '0', 'Squeal': '0', 'Typical-entropy': '1', 'Voicing-quality': '1', 'Wide-band': '0', 'Xlong-island': '1', 'seq': '1', 'end': 39228.43, 'start': 39227.38}]",0,0,[],[]
39228430,39229230,OCH,CXN,0.0,1178,AIOCCXF,EC,0,NT,FI,0.0,0,-29.75,-19.27,[],0,0,[],[]
39229230,39232180,NA,NON,0.0,1179,pause,NA,NA,NA,NA,0.0,0,-19.58,-3.11,[],0,0,[],[]
39232180,39236380,NA,OLN,0.0,1179,pause,NA,NA,NA,NA,0.0,0,-26.11,-12.15,[],0,0,[],[]
39236380,39237180,NA,NON,0.0,1179,pause,NA,NA,NA,NA,0.0,0,-23.02,-8.34,[],0,0,[],[]
39237180,39238270,NA,OLN,0.0,1179,pause,NA,NA,NA,NA,0.0,0,-19.08,-4.35,[],0,0,[],[]
39238270,39239070,OCH,CXN,0.0,1179,XIC,BC,0,NT,FI,0.0,0,-16.02,-11.54,[],0,0,[],[]
39239070,39241050,NA,OLN,0.0,1179,XIC,NA,NA,NA,NA,0.0,0,-24.78,-17.52,[],0,0,[],[]
39241050,39241930,NA,NON,0.0,1179,XIC,NA,NA,NA,NA,0.0,0,-27.52,-19.59,[],0,0,[],[]
39241930,39242730,NA,OLN,0.0,1179,XIC,NA,NA,NA,NA,0.0,0,-21.48,-6.28,[],0,0,[],[]
39242730,39243660,CHI,CHN,0.0,1179,XIC,RC,0,NT,FI,1.0,930,-18.05,-10.36,"[{'Canonical-syllable': '0', 'Growl': '0', 'High-freq-energy': '0', 'Long-island': '0', 'Low-tilt-spectrum': '0', 'Medium-island': '1', 'Short-island': '0', 'Squeal': '0', 'Typical-entropy': '1', 'Voicing-quality': '2', 'Wide-band': '0', 'Xlong-island': '0', 'seq': '1', 'end': 39243.66, 'start': 39243.02}]",0,0,[],[]
39243660,39244650,OCH,CXN,0.0,1179,XIC,RC,0,NT,FI,0.0,0,-27.63,-17.68,[],0,0,[],[]
39244650,39245450,NA,NOF,0.0,1179,XIC,NA,NA,NA,NA,0.0,0,-40.64,-26.98,[],0,0,[],[]
39245450,39246810,NA,OLN,0.0,1179,XIC,NA,NA,NA,NA,0.0,0,-22.35,-5.98,[],0,0,[],[]
39246810,39248630,FEM,FAN,8.76,1179,XIC,RC,0,NT,FI,0.0,0,-21.69,-13.93,[],0,0,[],[]
39248630,39249630,MAL,MAN,4.72,1179,XIC,RC,0,NT,FI,0.0,0,-21.3,-5.13,[],0,0,[],[]
39249630,39251190,NA,OLN,0.0,1179,XIC,NA,NA,NA,NA,0.0,0,-32.85,-20.47,[],0,0,[],[]
39251190,39252190,FEM,FAN,1.14,1179,XIC,RC,0,TIFI,FI,0.0,0,-30.37,-21.07,[],0,0,[],[]
39252190,39253230,CHI,CHN,0.0,1179,XIC,RC,1,TIFR,FI,2.0,640,-19.38,-10.52,"[{'Canonical-syllable': '0', 'Growl': '0', 'High-freq-energy': '0', 'Long-island': '0', 'Low-tilt-spectrum': '0', 'Medium-island': '0', 'Short-island': '0', 'Squeal': '0', 'Typical-entropy': '0', 'Voicing-quality': '0', 'Wide-band': '0', 'Xlong-island': '0', 'seq': '1', 'end': 39252.28, 'start': 39252.19}, {'Canonical-syllable': '2', 'Growl': '0', 'High-freq-energy': '0', 'Long-island': '0', 'Low-tilt-spectrum': '1', 'Medium-island': '0', 'Short-island': '2', 'Squeal': '0', 'Typical-entropy': '2', 'Voicing-quality': '2', 'Wide-band': '0', 'Xlong-island': '0', 'seq': '2', 'end': 39253.23, 'start': 39252.68}]",0,0,[],[]
39253230,39254520,OCH,CXN,0.0,1179,XIC,RC,1,NT,FI,0.0,0,-19.0,-7.75,[],0,0,[],[]
39254520,39255330,NA,NOF,0.0,1179,XIC,NA,NA,NA,NA,0.0,0,-42.68,-34.09,[],0,0,[],[]
39255330,39256480,FEM,FAN,3.36,1179,XIC,RC,1,NT,FI,0.0,0,-27.2,-17.56,[],0,0,[],[]
39256480,39257280,NA,OLN,0.0,1179,XIC,NA,NA,NA,NA,0.0,0,-22.26,-15.33,[],0,0,[],[]
39257280,39258120,OCH,CXN,0.0,1179,XIC,RC,1,NT,FI,0.0,0,-28.35,-18.48,[],0,0,[],[]
39258120,39260320,NA,OLN,0.0,1179,XIC,NA,NA,NA,NA,0.0,0,-26.63,-14.23,[],0,0,[],[]
39260320,39261120,OCH,CXN,0.0,1179,XIC,RC,1,NT,FH,0.0,0,-24.3,-17.28,[],0,0,[],[]
39261120,39262120,MAL,MAN,10.8,1179,XIC,RC,1,NT,FI,0.0,0,-32.31,-22.58,[],0,0,[],[]
39262120,39263360,OCH,CXN,0.0,1179,XIC,RC,1,NT,FI,0.0,0,-26.29,-17.77,[],0,0,[],[]
39263360,39265090,NA,OLN,0.0,1179,XIC,NA,NA,NA,NA,0.0,0,-28.52,-20.89,[],0,0,[],[]
39265090,39265920,OCH,CXN,0.0,1179,XIC,RC,1,NT,FH,0.0,0,-35.12,-27.22,[],0,0,[],[]
39265920,39270850,NA,OLN,0.0,1179,XIC,NA,NA,NA,NA,0.0,0,-30.13,-19.16,[],0,0,[],[]
39270850,39271850,MAL,MAN,6.02,1179,XIC,RC,1,NT,FI,0.0,0,-27.27,-21.27,[],0,0,[],[]
39271850,39272650,OCH,CXN,0.0,1179,XIC,RC,1,NT,FI,0.0,0,-30.74,-21.73,[],0,0,[],[]
39272650,39274330,NA,OLN,0.0,1179,XIC,NA,NA,NA,NA,0.0,0,-28.16,-11.81,[],0,0,[],[]
39274330,39274950,CHI,CHN,0.0,1179,XIC,NA,NA,NA,NA,0.0,0,-16.64,-8.58,[],0,140,"[{'start': 39274.81, 'end': 39274.95}]",[]
39274950,39277060,NA,OLN,0.0,1179,XIC,NA,NA,NA,NA,0.0,0,-28.1,-11.99,[],0,0,[],[]
39277060,39277660,CHI,CHN,0.0,1179,XIC,RC,1,NT,FI,1.0,600,-16.27,-8.11,"[{'Canonical-syllable': '2', 'Growl': '0', 'High-freq-energy': '0', 'Long-island': '0', 'Low-tilt-spectrum': '0', 'Medium-island': '0', 'Short-island': '2', 'Squeal': '0', 'Typical-entropy': '1', 'Voicing-quality': '2', 'Wide-band': '0', 'Xlong-island': '0', 'seq': '1', 'end': 39277.66, 'start': 39277.06}]",0,0,[],[]
39277660,39278660,NA,OLN,0.0,1179,XIC,NA,NA,NA,NA,0.0,0,-24.67,-16.94,[],0,0,[],[]
39278660,39279460,OCH,CXN,0.0,1179,XIC,RC,1,NT,FI,0.0,0,-25.35,-14.32,[],0,0,[],[]
39279460,39280060,CHI,CHN,0.0,1179,XIC,RC,1,TIMI,FI,1.0,600,-24.02,-18.85,"[{'Canonical-syllable': '0', 'Growl': '0', 'High-freq-energy': '0', 'Long-island': '0', 'Low-tilt-spectrum': '0', 'Medium-island': '1', 'Short-island': '0', 'Squeal': '0', 'Typical-entropy': '1', 'Voicing-quality': '1', 'Wide-band': '0', 'Xlong-island': '0', 'seq': '1', 'end': 39280.06, 'start': 39279.46}]",0,0,[],[]
39280060,39281510,NA,OLN,0.0,1179,XIC,NA,NA,NA,NA,0.0,0,-23.38,-9.38,[],0,0,[],[]
39281510,39282510,MAL,MAN,6.68,1179,XIC,RC,2,TIMR,FI,0.0,0,-19.53,-9.81,[],0,0,[],[]
39282510,39284030,NA,OLN,0.0,1179,XIC,NA,NA,NA,NA,0.0,0,-28.83,-14.07,[],0,0,[],[]
39284030,39284840,OCH,CXN,0.0,1179,XIC,RC,2,NT,FI,0.0,0,-32.72,-26.49,[],0,0,[],[]
39284840,39285640,NA,CXF,0.0,1179,XIC,NA,NA,NA,NA,0.0,0,-41.86,-33.88,[],0,0,[],[]
39285640,39286640,MAL,MAN,5.07,1179,XIC,RC,2,NT,FI,0.0,0,-29.81,-19.71,[],0,0,[],[]
39286640,39287580,NA,NOF,0.0,1179,XIC,NA,NA,NA,NA,0.0,0,-43.61,-31.5,[],0,0,[],[]
39287580,39288760,OCH,CXN,0.0,1179,XIC,RC,2,NT,FI,0.0,0,-23.55,-15.51,[],0,0,[],[]
39288760,39291930,NA,OLN,0.0,1179,XIC,NA,NA,NA,NA,0.0,0,-25.42,-7.36,[],0,0,[],[]
39291930,39293230,OCH,CXN,0.0,1179,XIC,RC,2,NT,FH,0.0,0,-17.17,-9.42,[],0,0,[],[]
39293230,39294300,OCH,CXN,0.0,1179,XIC,EC,2,NT,FH,0.0,0,-17.1,-8.59,[],0,0,[],[]
39294300,39295290,NA,OLN,0.0,1180,pause,NA,NA,NA,NA,0.0,0,-35.21,-27.17,[],0,0,[],[]
39295290,39296350,NA,NOF,0.0,1180,pause,NA,NA,NA,NA,0.0,0,-34.82,-23.6,[],0,0,[],[]
39296350,39299540,NA,OLN,0.0,1180,pause,NA,NA,NA,NA,0.0,0,-25.96,-14.25,[],0,0,[],[]
39299540,39300540,MAL,MAN,4.86,1180,AIOCCXM,BC,0,NT,FI,0.0,0,-21.1,-13.31,[],0,0,[],[]
39300540,39301910,NA,OLN,0.0,1180,AIOCCXM,NA,NA,NA,NA,0.0,0,-26.96,-14.83,[],0,0,[],[]
39301910,39302910,OCH,CXN,0.0,1180,AIOCCXM,RC,0,NT,FI,0.0,0,-23.12,-17.92,[],0,0,[],[]
39302910,39303720,NA,OLN,0.0,1180,AIOCCXM,NA,NA,NA,NA,0.0,0,-27.61,-18.46,[],0,0,[],[]
39303720,39304720,CHI,CHN,0.0,1180,AIOCCXM,EC,0,NT,FI,1.0,1000,-21.88,-12.9,"[{'Canonical-syllable': '0', 'Growl': '0', 'High-freq-energy': '0', 'Long-island': '0', 'Low-tilt-spectrum': '0', 'Medium-island': '0', 'Short-island': '0', 'Squeal': '0', 'Typical-entropy': '1', 'Voicing-quality': '1', 'Wide-band': '0', 'Xlong-island': '1', 'seq': '1', 'end': 39304.72, 'start': 39303.72}]",0,0,[],[]
39304720,39306800,NA,OLN,0.0,1181,pause,NA,NA,NA,NA,0.0,0,-20.52,-3.75,[],0,0,[],[]
39306800,39308480,CHI,CHN,0.0,1181,pause,NA,NA,NA,NA,0.0,0,-15.26,-8.58,[],0,1680,"[{'start': 39306.8, 'end': 39308.48}]",[]
39308480,39310780,NA,OLN,0.0,1181,pause,NA,NA,NA,NA,0.0,0,-21.26,-5.72,[],0,0,[],[]
39310780,39312960,CHI,CHN,0.0,1181,pause,NA,NA,NA,NA,0.0,0,-13.74,-4.4,[],0,1970,"[{'start': 39310.78, 'end': 39311.6}, {'start': 39311.81, 'end': 39312.96}]",[]
39312960,39314000,NA,OLN,0.0,1181,pause,NA,NA,NA,NA,0.0,0,-32.81,-22.0,[],0,0,[],[]
39314000,39314620,CHI,CHN,0.0,1181,pause,NA,NA,NA,NA,0.0,0,-17.08,-11.68,[],0,620,"[{'start': 39314.0, 'end': 39314.62}]",[]
39314620,39319380,NA,OLN,0.0,1181,pause,NA,NA,NA,NA,0.0,0,-24.57,-11.21,[],0,0,[],[]
39319380,39320340,CHI,CHN,0.0,1181,pause,NA,NA,NA,NA,0.0,0,-15.86,-4.85,[],0,960,"[{'start': 39319.38, 'end': 39320.34}]",[]
39320340,39321140,NA,OLN,0.0,1181,pause,NA,NA,NA,NA,0.0,0,-30.05,-19.79,[],0,0,[],[]
39321140,39321940,OCH,CXN,0.0,1181,XM,EC,0,NT,FI,0.0,0,-20.11,-11.54,[],0,0,[],[]
39321940,39324270,NA,OLN,0.0,1182,pause,NA,NA,NA,NA,0.0,0,-34.58,-22.55,[],0,0,[],[]
39324270,39325390,NA,NOF,0.0,1182,pause,NA,NA,NA,NA,0.0,0,-39.97,-29.67,[],0,0,[],[]
39325390,39331780,NA,OLN,0.0,1182,pause,NA,NA,NA,NA,0.0,0,-23.43,-1.99,[],0,0,[],[]
39331780,39332910,CHI,CHN,0.0,1182,CIC,BC,0,TIMI,FI,1.0,1130,-21.33,-11.7,"[{'Canonical-syllable': '1', 'Growl': '1', 'High-freq-energy': '0', 'Long-island': '0', 'Low-tilt-spectrum': '0', 'Medium-island': '1', 'Short-island': '2', 'Squeal': '0', 'Typical-entropy': '2', 'Voicing-quality': '3', 'Wide-band': '0', 'Xlong-island': '0', 'seq': '1', 'end': 39332.91, 'start': 39331.89}]",0,0,[],[]
39332910,39333580,CHI,CHN,0.0,1182,CIC,NA,NA,NA,NA,0.0,0,-28.63,-20.0,[],0,250,"[{'start': 39332.91, 'end': 39333.16}]",[]
39333580,39334680,MAL,MAN,3.97,1182,CIC,RC,1,TIMR,FI,0.0,0,-28.1,-17.21,[],0,0,[],[]
39334680,39336470,FEM,FAN,7.3,1182,CIC,RC,1,NT,FI,0.0,0,-23.05,-14.87,[],0,0,[],[]
39336470,39337270,NA,OLN,0.0,1182,CIC,NA,NA,NA,NA,0.0,0,-25.81,-18.62,[],0,0,[],[]
39337270,39338120,OCH,CXN,0.0,1182,CIC,RC,1,NT,FI,0.0,0,-23.97,-17.31,[],0,0,[],[]
39338120,39338920,NA,OLN,0.0,1182,CIC,NA,NA,NA,NA,0.0,0,-23.63,-17.11,[],0,0,[],[]
39338920,39339580,CHI,CHN,0.0,1182,CIC,RC,1,TIFI,FI,1.0,660,-16.63,-10.92,"[{'Canonical-syllable': '0', 'Growl': '0', 'High-freq-energy': '0', 'Long-island': '0', 'Low-tilt-spectrum': '1', 'Medium-island': '1', 'Short-island': '0', 'Squeal': '0', 'Typical-entropy': '2', 'Voicing-quality': '2', 'Wide-band': '0', 'Xlong-island': '0', 'seq': '1', 'end': 39339.58, 'start': 39338.92}]",0,0,[],[]
39339580,39340540,NA,OLN,0.0,1182,CIC,NA,NA,NA,NA,0.0,0,-21.3,-14.53,[],0,0,[],[]
39340540,39342890,FEM,FAN,10.86,1182,CIC,RC,2,TIFR,FI,0.0,0,-22.25,-8.86,[],0,0,[],[]
39342890,39343730,NA,OLN,0.0,1182,CIC,NA,NA,NA,NA,0.0,0,-17.87,-10.69,[],0,0,[],[]
39343730,39345560,FEM,FAN,8.18,1182,CIC,RC,2,NT,FH,0.0,0,-23.7,-15.47,[],0,0,[],[]
39345560,39346360,NA,OLN,0.0,1182,CIC,NA,NA,NA,NA,0.0,0,-14.89,-7.85,[],0,0,[],[]
39346360,39346990,CHI,CHN,0.0,1182,CIC,RC,2,TIFI,FI,1.0,630,-17.16,-10.5,"[{'Canonical-syllable': '0', 'Growl': '0', 'High-freq-energy': '0', 'Long-island': '0', 'Low-tilt-spectrum': '1', 'Medium-island': '1', 'Short-island': '0', 'Squeal': '0', 'Typical-entropy': '1', 'Voicing-quality': '1', 'Wide-band': '0', 'Xlong-island': '0', 'seq': '1', 'end': 39346.99, 'start': 39346.36}]",0,0,[],[]
39346990,39348640,FEM,FAN,7.71,1182,CIC,RC,3,TIFR,FI,0.0,0,-19.53,-7.96,[],0,0,[],[]
39348640,39349440,NA,OLN,0.0,1182,CIC,NA,NA,NA,NA,0.0,0,-17.74,-7.08,[],0,0,[],[]
39349440,39350950,FEM,FAN,7.02,1182,CIC,RC,3,NT,FH,0.0,0,-20.22,-5.33,[],0,0,[],[]
39350950,39352540,NA,OLN,0.0,1182,CIC,NA,NA,NA,NA,0.0,0,-22.94,-13.9,[],0,0,[],[]
39352540,39353140,OCH,CXN,0.0,1182,CIC,RC,3,NT,FI,0.0,0,-20.84,-12.57,[],0,0,[],[]
39353140,39354020,NA,OLN,0.0,1182,CIC,NA,NA,NA,NA,0.0,0,-22.4,-8.48,[],0,0,[],[]
39354020,39355320,OCH,CXN,0.0,1182,CIC,RC,3,NT,FH,0.0,0,-17.17,-4.65,[],0,0,[],[]
39355320,39356890,NA,OLN,0.0,1182,CIC,NA,NA,NA,NA,0.0,0,-22.91,-9.3,[],0,0,[],[]
39356890,39357530,CHI,CHN,0.0,1182,CIC,RC,3,NT,FI,1.0,640,-25.36,-18.36,"[{'Canonical-syllable': '0', 'Growl': '1', 'High-freq-energy': '0', 'Long-island': '0', 'Low-tilt-spectrum': '1', 'Medium-island': '1', 'Short-island': '1', 'Squeal': '0', 'Typical-entropy': '2', 'Voicing-quality': '1', 'Wide-band': '0', 'Xlong-island': '0', 'seq': '1', 'end': 39357.53, 'start': 39356.89}]",0,0,[],[]
39357530,39360360,NA,OLN,0.0,1182,CIC,NA,NA,NA,NA,0.0,0,-20.8,-7.42,[],0,0,[],[]
39360360,39361170,NA,NON,0.0,1182,CIC,NA,NA,NA,NA,0.0,0,-32.65,-27.88,[],0,0,[],[]
39361170,39361940,CHI,CHN,0.0,1182,CIC,EC,3,NT,FH,1.0,770,-31.0,-25.46,"[{'Canonical-syllable': '0', 'Growl': '1', 'High-freq-energy': '1', 'Long-island': '1', 'Low-tilt-spectrum': '1', 'Medium-island': '0', 'Short-island': '0', 'Squeal': '0', 'Typical-entropy': '1', 'Voicing-quality': '1', 'Wide-band': '0', 'Xlong-island': '0', 'seq': '1', 'end': 39361.94, 'start': 39361.17}]",0,0,[],[]
39361940,39364510,NA,NON,0.0,1183,pause,NA,NA,NA,NA,0.0,0,-35.4,-26.75,[],0,0,[],[]
39364510,39367480,NA,OLN,0.0,1183,pause,NA,NA,NA,NA,0.0,0,-35.94,-25.37,[],0,0,[],[]
39367480,39368480,OCH,CXN,0.0,1183,XIOCC,BC,0,NT,FI,0.0,0,-26.65,-16.97,[],0,0,[],[]
39368480,39369290,NA,OLN,0.0,1183,XIOCC,NA,NA,NA,NA,0.0,0,-21.52,-12.53,[],0,0,[],[]
39369290,39370120,NA,NOF,0.0,1183,XIOCC,NA,NA,NA,NA,0.0,0,-40.59,-28.73,[],0,0,[],[]
39370120,39371140,NA,OLN,0.0,1183,XIOCC,NA,NA,NA,NA,0.0,0,-34.44,-22.36,[],0,0,[],[]
39371140,39372020,NA,NON,0.0,1183,XIOCC,NA,NA,NA,NA,0.0,0,-27.96,-21.57,[],0,0,[],[]
39372020,39372620,CHI,CHN,0.0,1183,XIOCC,EC,0,NT,FI,1.0,600,-30.94,-22.96,"[{'Canonical-syllable': '0', 'Growl': '2', 'High-freq-energy': '1', 'Long-island': '0', 'Low-tilt-spectrum': '2', 'Medium-island': '1', 'Short-island': '1', 'Squeal': '0', 'Typical-entropy': '2', 'Voicing-quality': '1', 'Wide-band': '0', 'Xlong-island': '0', 'seq': '1', 'end': 39372.62, 'start': 39372.02}]",0,0,[],[]
39372620,39373590,NA,NON,0.0,1184,pause,NA,NA,NA,NA,0.0,0,-31.17,-26.75,[],0,0,[],[]
39373590,39375630,NA,OLN,0.0,1184,pause,NA,NA,NA,NA,0.0,0,-26.79,-16.08,[],0,0,[],[]
39375630,39376890,NA,NON,0.0,1184,pause,NA,NA,NA,NA,0.0,0,-32.31,-22.96,[],0,0,[],[]
39376890,39377690,NA,OLN,0.0,1184,pause,NA,NA,NA,NA,0.0,0,-37.26,-30.9,[],0,0,[],[]
39377690,39378920,NA,NOF,0.0,1184,pause,NA,NA,NA,NA,0.0,0,-38.54,-29.41,[],0,0,[],[]
39378920,39379720,OCH,CXN,0.0,1184,XM,EC,0,NT,FI,0.0,0,-38.31,-31.13,[],0,0,[],[]
39379720,39380960,NA,OLN,0.0,1185,pause,NA,NA,NA,NA,0.0,0,-38.38,-32.67,[],0,0,[],[]
39380960,39382260,NA,NOF,0.0,1185,pause,NA,NA,NA,NA,0.0,0,-20.6,-5.46,[],0,0,[],[]
39382260,39383070,NA,OLN,0.0,1185,pause,NA,NA,NA,NA,0.0,0,-21.71,-4.98,[],0,0,[],[]
39383070,39385200,NA,NON,0.0,1185,pause,NA,NA,NA,NA,0.0,0,-18.44,-2.29,[],0,0,[],[]
39385200,39385860,NA,CHF,0.0,1185,pause,NA,NA,NA,NA,0.0,0,-38.82,-34.91,[],0,660,[],"[{'start': 39385.2, 'end': 39385.86}]"
39385860,39386710,NA,NOF,0.0,1185,pause,NA,NA,NA,NA,0.0,0,-35.73,-22.97,[],0,0,[],[]
39386710,39388580,NA,OLN,0.0,1185,pause,NA,NA,NA,NA,0.0,0,-22.93,-3.98,[],0,0,[],[]
39388580,39389830,NA,NOF,0.0,1185,pause,NA,NA,NA,NA,0.0,0,-33.59,-18.49,[],0,0,[],[]
39389830,39391770,NA,OLN,0.0,1185,pause,NA,NA,NA,NA,0.0,0,-16.73,-1.83,[],0,0,[],[]
39391770,39392940,NA,NON,0.0,1185,pause,NA,NA,NA,NA,0.0,0,-12.99,-2.6,[],0,0,[],[]
39392940,39394530,NA,OLN,0.0,1185,pause,NA,NA,NA,NA,0.0,0,-16.82,-2.99,[],0,0,[],[]
39394530,39396210,NA,NOF,0.0,1185,pause,NA,NA,NA,NA,0.0,0,-14.53,-2.07,[],0,0,[],[]
39396210,39397990,NA,OLF,0.0,1185,pause,NA,NA,NA,NA,0.0,0,-33.84,-18.3,[],0,0,[],[]
39397990,39398960,NA,NOF,0.0,1185,pause,NA,NA,NA,NA,0.0,0,-20.56,-4.52,[],0,0,[],[]
39398960,39400630,NA,OLF,0.0,1185,pause,NA,NA,NA,NA,0.0,0,-15.86,-4.0,[],0,0,[],[]
39400630,39401240,CHI,CHN,0.0,1185,pause,NA,NA,NA,NA,0.0,0,-14.45,-3.16,[],0,480,[],"[{'start': 39400.76, 'end': 39401.24}]"
39401240,39402110,NA,OLF,0.0,1185,pause,NA,NA,NA,NA,0.0,0,-14.11,-2.26,[],0,0,[],[]
39402110,39402790,CHI,CHN,0.0,1185,CIOCX,BC,0,NT,FI,1.0,540,-20.12,-11.06,"[{'Canonical-syllable': '0', 'Growl': '0', 'High-freq-energy': '0', 'Long-island': '0', 'Low-tilt-spectrum': '0', 'Medium-island': '1', 'Short-island': '0', 'Squeal': '0', 'Typical-entropy': '1', 'Voicing-quality': '1', 'Wide-band': '0', 'Xlong-island': '0', 'seq': '1', 'end': 39402.65, 'start': 39402.33}]",0,0,[],[]
39402790,39403700,OCH,CXN,0.0,1185,CIOCX,RC,0,NT,FI,0.0,0,-37.58,-31.98,[],0,0,[],[]
39403700,39405040,NA,NON,0.0,1185,CIOCX,NA,NA,NA,NA,0.0,0,-20.2,-2.5,[],0,0,[],[]
39405040,39406010,CHI,CHN,0.0,1185,CIOCX,EC,0,NT,FI,1.0,970,-19.92,-14.97,"[{'Canonical-syllable': '0', 'Growl': '0', 'High-freq-energy': '0', 'Long-island': '1', 'Low-tilt-spectrum': '0', 'Medium-island': '0', 'Short-island': '0', 'Squeal': '0', 'Typical-entropy': '0', 'Voicing-quality': '1', 'Wide-band': '0', 'Xlong-island': '0', 'seq': '1', 'end': 39406.01, 'start': 39405.12}]",0,0,[],[]
39406010,39406810,NA,OLN,0.0,1186,pause,NA,NA,NA,NA,0.0,0,-34.49,-25.05,[],0,0,[],[]
39406810,39409050,NA,NOF,0.0,1186,pause,NA,NA,NA,NA,0.0,0,-23.37,-5.2,[],0,0,[],[]
39409050,39411260,NA,OLF,0.0,1186,pause,NA,NA,NA,NA,0.0,0,-19.26,-3.58,[],0,0,[],[]
39411260,39411890,CHI,CHN,0.0,1186,CM,EC,0,NT,FI,1.0,510,-25.9,-17.92,"[{'Canonical-syllable': '0', 'Growl': '0', 'High-freq-energy': '0', 'Long-island': '0', 'Low-tilt-spectrum': '1', 'Medium-island': '1', 'Short-island': '0', 'Squeal': '0', 'Typical-entropy': '1', 'Voicing-quality': '1', 'Wide-band': '0', 'Xlong-island': '0', 'seq': '1', 'end': 39411.77, 'start': 39411.26}]",0,0,[],[]
39411890,39412960,NA,FAF,0.0,1187,pause,NA,NA,NA,NA,0.0,0,-37.09,-24.46,[],0,0,[],[]
39412960,39414500,NA,OLN,0.0,1187,pause,NA,NA,NA,NA,0.0,0,-27.82,-6.65,[],0,0,[],[]
39414500,39415550,NA,NON,0.0,1187,pause,NA,NA,NA,NA,0.0,0,-15.42,-2.86,[],0,0,[],[]
39415550,39416450,NA,OLF,0.0,1187,pause,NA,NA,NA,NA,0.0,0,-35.97,-23.81,[],0,0,[],[]
39416450,39417700,NA,NOF,0.0,1187,pause,NA,NA,NA,NA,0.0,0,-20.48,-4.12,[],0,0,[],[]
39417700,39418720,NA,MAF,0.0,1187,pause,NA,NA,NA,NA,0.0,0,-36.57,-27.91,[],0,0,[],[]
39418720,39419660,NA,OLN,0.0,1187,pause,NA,NA,NA,NA,0.0,0,-31.05,-18.43,[],0,0,[],[]
39419660,39420300,CHI,CHN,0.0,1187,CIOCX,BC,0,NT,FI,1.0,640,-36.04,-28.6,"[{'Canonical-syllable': '0', 'Growl': '0', 'High-freq-energy': '1', 'Long-island': '0', 'Low-tilt-spectrum': '1', 'Medium-island': '1', 'Short-island': '0', 'Squeal': '0', 'Typical-entropy': '1', 'Voicing-quality': '1', 'Wide-band': '0', 'Xlong-island': '0', 'seq': '1', 'end': 39420.3, 'start': 39419.66}]",0,0,[],[]
39420300,39421230,NA,OLF,0.0,1187,CIOCX,NA,NA,NA,NA,0.0,0,-37.1,-27.11,[],0,0,[],[]
39421230,39421840,CHI,CHN,0.0,1187,CIOCX,RC,0,NT,FH,1.0,160,-24.14,-16.14,"[{'Canonical-syllable': '0', 'Growl': '1', 'High-freq-energy': '0', 'Long-island': '0', 'Low-tilt-spectrum': '0', 'Medium-island': '0', 'Short-island': '1', 'Squeal': '0', 'Typical-entropy': '1', 'Voicing-quality': '1', 'Wide-band': '0', 'Xlong-island': '0', 'seq': '1', 'end': 39421.73, 'start': 39421.57}]",0,0,[],[]
39421840,39425470,NA,OLN,0.0,1187,CIOCX,NA,NA,NA,NA,0.0,0,-32.72,-19.24,[],0,0,[],[]
39425470,39426870,OCH,CXN,0.0,1187,CIOCX,RC,0,NT,FI,0.0,0,-33.17,-24.22,[],0,0,[],[]
39426870,39427670,NA,NOF,0.0,1187,CIOCX,NA,NA,NA,NA,0.0,0,-39.55,-27.66,[],0,0,[],[]
39427670,39428470,OCH,CXN,0.0,1187,CIOCX,EC,0,NT,FH,0.0,0,-34.64,-22.39,[],0,0,[],[]
39428470,39429610,NA,OLF,0.0,1188,pause,NA,NA,NA,NA,0.0,0,-37.62,-29.66,[],0,0,[],[]
39429610,39431800,NA,NOF,0.0,1188,pause,NA,NA,NA,NA,0.0,0,-44.18,-35.04,[],0,0,[],[]
39431800,39433640,NA,OLF,0.0,1188,pause,NA,NA,NA,NA,0.0,0,-37.58,-29.44,[],0,0,[],[]
39433640,39434520,OCH,CXN,0.0,1188,XM,BC,0,NT,FI,0.0,0,-32.59,-28.79,[],0,0,[],[]
39434520,39435500,NA,NOF,0.0,1188,XM,NA,NA,NA,NA,0.0,0,-34.65,-25.32,[],0,0,[],[]
39435500,39436300,OCH,CXN,0.0,1188,XM,EC,0,NT,FH,0.0,0,-32.34,-21.07,[],0,0,[],[]
39436300,39444950,NA,OLN,0.0,1189,pause,NA,NA,NA,NA,0.0,0,-27.03,-5.55,[],0,0,[],[]
39444950,39445950,NA,NOF,0.0,1189,pause,NA,NA,NA,NA,0.0,0,-20.43,-8.34,[],0,0,[],[]
39445950,39448240,NA,OLF,0.0,1189,pause,NA,NA,NA,NA,0.0,0,-13.18,-1.0,[],0,0,[],[]
39448240,39451240,NA,OLN,0.0,1189,pause,NA,NA,NA,NA,0.0,0,-17.08,-2.62,[],0,0,[],[]
39451240,39452310,NA,NOF,0.0,1189,pause,NA,NA,NA,NA,0.0,0,-28.09,-9.37,[],0,0,[],[]
39452310,39453110,NA,CXF,0.0,1189,pause,NA,NA,NA,NA,0.0,0,-40.89,-37.38,[],0,0,[],[]
39453110,39454370,NA,NOF,0.0,1189,pause,NA,NA,NA,NA,0.0,0,-38.28,-30.51,[],0,0,[],[]
39454370,39455590,NA,CXF,0.0,1189,pause,NA,NA,NA,NA,0.0,0,-43.28,-37.58,[],0,0,[],[]
39455590,39456460,NA,NOF,0.0,1189,pause,NA,NA,NA,NA,0.0,0,-41.44,-33.29,[],0,0,[],[]
39456460,39457690,NA,CXF,0.0,1189,pause,NA,NA,NA,NA,0.0,0,-41.51,-36.02,[],0,0,[],[]
39457690,39460470,NA,OLF,0.0,1189,pause,NA,NA,NA,NA,0.0,0,-38.62,-27.28,[],0,0,[],[]
39460470,39461310,NA,CXF,0.0,1189,pause,NA,NA,NA,NA,0.0,0,-36.2,-18.75,[],0,0,[],[]
39461310,39465080,NA,NOF,0.0,1189,pause,NA,NA,NA,NA,0.0,0,-43.07,-30.7,[],0,0,[],[]
39465080,39465850,NA,MAF,0.0,1189,pause,NA,NA,NA,NA,0.0,0,-43.34,-38.56,[],0,0,[],[]
39465850,39466720,NA,NOF,0.0,1189,pause,NA,NA,NA,NA,0.0,0,-43.93,-35.04,[],0,0,[],[]
39466720,39467730,NA,MAF,0.0,1189,pause,NA,NA,NA,NA,0.0,0,-41.7,-33.59,[],0,0,[],[]
39467730,39470370,NA,NOF,0.0,1189,pause,NA,NA,NA,NA,0.0,0,-41.11,-23.52,[],0,0,[],[]
39470370,39471090,CHI,CHN,0.0,1189,CIOCX,BC,0,NT,FI,1.0,720,-37.62,-30.75,"[{'Canonical-syllable': '0', 'Growl': '1', 'High-freq-energy': '1', 'Long-island': '1', 'Low-tilt-spectrum': '1', 'Medium-island': '0', 'Short-island': '0', 'Squeal': '0', 'Typical-entropy': '1', 'Voicing-quality': '1', 'Wide-band': '0', 'Xlong-island': '0', 'seq': '1', 'end': 39471.09, 'start': 39470.37}]",0,0,[],[]
39471090,39473430,NA,OLF,0.0,1189,CIOCX,NA,NA,NA,NA,0.0,0,-34.26,-14.22,[],0,0,[],[]
39473430,39474050,NA,CHF,0.0,1189,CIOCX,RC,0,NT,FH,1.0,620,-34.89,-27.7,"[{'Canonical-syllable': '0', 'Growl': '1', 'High-freq-energy': '0', 'Long-island': '0', 'Low-tilt-spectrum': '1', 'Medium-island': '1', 'Short-island': '0', 'Squeal': '0', 'Typical-entropy': '1', 'Voicing-quality': '1', 'Wide-band': '0', 'Xlong-island': '0', 'seq': '1', 'end': 39474.05, 'start': 39473.43}]",0,0,[],[]
39474050,39474960,NA,OLN,0.0,1189,CIOCX,NA,NA,NA,NA,0.0,0,-37.14,-30.41,[],0,0,[],[]
39474960,39475840,OCH,CXN,0.0,1189,CIOCX,RC,0,NT,FI,0.0,0,-38.7,-32.93,[],0,0,[],[]
39475840,39478110,NA,OLN,0.0,1189,CIOCX,NA,NA,NA,NA,0.0,0,-37.73,-32.11,[],0,0,[],[]
39478110,39479030,CHI,CHN,0.0,1189,CIOCX,EC,0,NT,FI,1.0,920,-33.75,-29.02,"[{'Canonical-syllable': '0', 'Growl': '1', 'High-freq-energy': '1', 'Long-island': '1', 'Low-tilt-spectrum': '1', 'Medium-island': '0', 'Short-island': '0', 'Squeal': '0', 'Typical-entropy': '1', 'Voicing-quality': '1', 'Wide-band': '0', 'Xlong-island': '0', 'seq': '1', 'end': 39479.03, 'start': 39478.11}]",0,0,[],[]
39479030,39481510,NA,OLN,0.0,1190,pause,NA,NA,NA,NA,0.0,0,-37.82,-30.92,[],0,0,[],[]
39481510,39482830,NA,MAF,0.0,1190,pause,NA,NA,NA,NA,0.0,0,-40.16,-32.05,[],0,0,[],[]
39482830,39487800,NA,OLN,0.0,1190,pause,NA,NA,NA,NA,0.0,0,-35.48,-21.62,[],0,0,[],[]
39487800,39489140,NA,FAF,0.0,1190,pause,NA,NA,NA,NA,0.0,0,-44.03,-38.17,[],0,0,[],[]
39489140,39491370,NA,OLN,0.0,1190,pause,NA,NA,NA,NA,0.0,0,-33.17,-22.56,[],0,0,[],[]
39491370,39492180,NA,NOF,0.0,1190,pause,NA,NA,NA,NA,0.0,0,-28.66,-16.44,[],0,0,[],[]
39492180,39492980,NA,OLF,0.0,1190,pause,NA,NA,NA,NA,0.0,0,-33.32,-21.37,[],0,0,[],[]
39492980,39494260,NA,NOF,0.0,1190,pause,NA,NA,NA,NA,0.0,0,-35.79,-24.2,[],0,0,[],[]
39494260,39495690,NA,OLF,0.0,1190,pause,NA,NA,NA,NA,0.0,0,-34.67,-22.35,[],0,0,[],[]
39495690,39496490,OCH,CXN,0.0,1190,XM,EC,0,NT,FI,0.0,0,-28.0,-20.63,[],0,0,[],[]
39496490,39499930,NA,OLN,0.0,1191,pause,NA,NA,NA,NA,0.0,0,-28.39,-12.84,[],0,0,[],[]
39499930,39501050,NA,FAF,0.0,1191,pause,NA,NA,NA,NA,0.0,0,-40.35,-29.92,[],0,0,[],[]
39501050,39506570,NA,OLN,0.0,1191,pause,NA,NA,NA,NA,0.0,0,-27.23,-11.54,[],0,0,[],[]
39506570,39507220,CHI,CHN,0.0,1191,CIOCX,BC,0,NT,FI,1.0,650,-27.79,-20.86,"[{'Canonical-syllable': '0', 'Growl': '1', 'High-freq-energy': '0', 'Long-island': '0', 'Low-tilt-spectrum': '1', 'Medium-island': '1', 'Short-island': '0', 'Squeal': '0', 'Typical-entropy': '1', 'Voicing-quality': '1', 'Wide-band': '0', 'Xlong-island': '0', 'seq': '1', 'end': 39507.22, 'start': 39506.75}]",0,0,[],[]
39507220,39508480,NA,OLN,0.0,1191,CIOCX,NA,NA,NA,NA,0.0,0,-24.29,-8.05,[],0,0,[],[]
39508480,39509280,OCH,CXN,0.0,1191,CIOCX,EC,0,NT,FI,0.0,0,-31.38,-26.31,[],0,0,[],[]
39509280,39511370,NA,OLN,0.0,1192,pause,NA,NA,NA,NA,0.0,0,-28.55,-13.42,[],0,0,[],[]
39511370,39512310,NA,NOF,0.0,1192,pause,NA,NA,NA,NA,0.0,0,-39.85,-30.66,[],0,0,[],[]
39512310,39514230,NA,OLF,0.0,1192,pause,NA,NA,NA,NA,0.0,0,-34.59,-22.13,[],0,0,[],[]
39514230,39516270,NA,NON,0.0,1192,pause,NA,NA,NA,NA,0.0,0,-34.84,-26.45,[],0,0,[],[]
39516270,39517070,OCH,CXN,0.0,1192,XIOCC,BC,0,NT,FI,0.0,0,-29.45,-20.85,[],0,0,[],[]
39517070,39518490,NA,NON,0.0,1192,XIOCC,NA,NA,NA,NA,0.0,0,-25.47,-18.21,[],0,0,[],[]
39518490,39519090,CHI,CHN,0.0,1192,XIOCC,RC,0,NT,FI,1.0,600,-17.29,-3.62,"[{'Canonical-syllable': '0', 'Growl': '1', 'High-freq-energy': '2', 'Long-island': '0', 'Low-tilt-spectrum': '2', 'Medium-island': '1', 'Short-island': '0', 'Squeal': '0', 'Typical-entropy': '2', 'Voicing-quality': '1', 'Wide-band': '1', 'Xlong-island': '0', 'seq': '1', 'end': 39519.09, 'start': 39518.49}]",0,0,[],[]
39519090,39520180,NA,NON,0.0,1192,XIOCC,NA,NA,NA,NA,0.0,0,-31.0,-24.62,[],0,0,[],[]
39520180,39521550,CHI,CHN,0.0,1192,XIOCC,RC,0,NT,FH,3.0,570,-22.17,-10.55,"[{'Canonical-syllable': '0', 'Growl': '1', 'High-freq-energy': '0', 'Long-island': '0', 'Low-tilt-spectrum': '1', 'Medium-island': '0', 'Short-island': '1', 'Squeal': '0', 'Typical-entropy': '1', 'Voicing-quality': '1', 'Wide-band': '1', 'Xlong-island': '0', 'seq': '1', 'end': 39520.54, 'start': 39520.35}, {'Canonical-syllable': '0', 'Growl': '1', 'High-freq-energy': '1', 'Long-island': '0', 'Low-tilt-spectrum': '1', 'Medium-island': '0', 'Short-island': '0', 'Squeal': '0', 'Typical-entropy': '1', 'Voicing-quality': '1', 'Wide-band': '0', 'Xlong-island': '0', 'seq': '2', 'end': 39521.02, 'start': 39520.92}, {'Canonical-syllable': '0', 'Growl': '1', 'High-freq-energy': '0', 'Long-island': '0', 'Low-tilt-spectrum': '1', 'Medium-island': '0', 'Short-island': '0', 'Squeal': '0', 'Typical-entropy': '0', 'Voicing-quality': '1', 'Wide-band': '0', 'Xlong-island': '0', 'seq': '3', 'end': 39521.55, 'start': 39521.44}]",0,0,[],[]
39521550,39522150,OCH,CXN,0.0,1192,XIOCC,EC,0,NT,FI,0.0,0,-19.02,-11.37,[],0,0,[],[]
39522150,39526140,NA,NOF,0.0,1193,pause,NA,NA,NA,NA,0.0,0,-36.37,-16.06,[],0,0,[],[]
39526140,39528340,NA,OLN,0.0,1193,pause,NA,NA,NA,NA,0.0,0,-27.55,-8.66,[],0,0,[],[]
39528340,39529150,NA,NOF,0.0,1193,pause,NA,NA,NA,NA,0.0,0,-38.97,-29.56,[],0,0,[],[]
39529150,39534390,NA,OLN,0.0,1193,pause,NA,NA,NA,NA,0.0,0,-34.99,-21.01,[],0,0,[],[]
39534390,39535340,CHI,CHN,0.0,1193,CIOCX,BC,0,NT,FI,1.0,950,-15.29,-10.28,"[{'Canonical-syllable': '0', 'Growl': '0', 'High-freq-energy': '0', 'Long-island': '0', 'Low-tilt-spectrum': '2', 'Medium-island': '2', 'Short-island': '0', 'Squeal': '0', 'Typical-entropy': '2', 'Voicing-quality': '2', 'Wide-band': '0', 'Xlong-island': '0', 'seq': '1', 'end': 39535.34, 'start': 39534.39}]",0,0,[],[]
39535340,39536140,OCH,CXN,0.0,1193,CIOCX,RC,0,NT,FI,0.0,0,-19.82,-11.61,[],0,0,[],[]
39536140,39540030,NA,OLN,0.0,1193,CIOCX,NA,NA,NA,NA,0.0,0,-27.59,-14.26,[],0,0,[],[]
39540030,39541030,OCH,CXN,0.0,1193,CIOCX,RC,0,NT,FH,0.0,0,-25.94,-18.57,[],0,0,[],[]
39541030,39543080,NA,OLN,0.0,1193,CIOCX,NA,NA,NA,NA,0.0,0,-30.29,-22.49,[],0,0,[],[]
39543080,39544830,NA,NON,0.0,1193,CIOCX,NA,NA,NA,NA,0.0,0,-32.78,-18.21,[],0,0,[],[]
39544830,39545430,CHI,CHN,0.0,1193,CIOCX,RC,0,NT,FI,1.0,510,-18.12,-10.97,"[{'Canonical-syllable': '0', 'Growl': '0', 'High-freq-energy': '0', 'Long-island': '0', 'Low-tilt-spectrum': '0', 'Medium-island': '1', 'Short-island': '0', 'Squeal': '0', 'Typical-entropy': '1', 'Voicing-quality': '1', 'Wide-band': '0', 'Xlong-island': '0', 'seq': '1', 'end': 39545.34, 'start': 39544.83}]",0,0,[],[]
39545430,39547210,NA,OLN,0.0,1193,CIOCX,NA,NA,NA,NA,0.0,0,-34.18,-24.31,[],0,0,[],[]
39547210,39548020,NA,NOF,0.0,1193,CIOCX,NA,NA,NA,NA,0.0,0,-37.86,-31.28,[],0,0,[],[]
39548020,39549060,CHI,CHN,0.0,1193,CIOCX,RC,0,NT,FH,1.0,900,-16.15,-7.39,"[{'Canonical-syllable': '0', 'Growl': '0', 'High-freq-energy': '0', 'Long-island': '0', 'Low-tilt-spectrum': '1', 'Medium-island': '0', 'Short-island': '3', 'Squeal': '1', 'Typical-entropy': '3', 'Voicing-quality': '4', 'Wide-band': '0', 'Xlong-island': '0', 'seq': '1', 'end': 39548.92, 'start': 39548.11}]",0,0,[],[]
39549060,39550180,NA,OLN,0.0,1193,CIOCX,NA,NA,NA,NA,0.0,0,-26.78,-16.92,[],0,0,[],[]
39550180,39551950,CHI,CHN,0.0,1193,CIOCX,RC,0,NT,FH,1.0,1680,-18.7,-11.46,"[{'Canonical-syllable': '0', 'Growl': '0', 'High-freq-energy': '0', 'Long-island': '1', 'Low-tilt-spectrum': '2', 'Medium-island': '2', 'Short-island': '0', 'Squeal': '0', 'Typical-entropy': '3', 'Voicing-quality': '3', 'Wide-band': '0', 'Xlong-island': '0', 'seq': '1', 'end': 39551.86, 'start': 39550.18}]",0,0,[],[]
39551950,39554850,NA,OLN,0.0,1193,CIOCX,NA,NA,NA,NA,0.0,0,-20.36,-3.13,[],0,0,[],[]
39554850,39555910,CHI,CHN,0.0,1193,CIOCX,RC,0,NT,FH,1.0,540,-22.11,-14.03,"[{'Canonical-syllable': '0', 'Growl': '0', 'High-freq-energy': '0', 'Long-island': '0', 'Low-tilt-spectrum': '0', 'Medium-island': '1', 'Short-island': '0', 'Squeal': '0', 'Typical-entropy': '1', 'Voicing-quality': '1', 'Wide-band': '0', 'Xlong-island': '0', 'seq': '1', 'end': 39555.39, 'start': 39554.85}]",0,0,[],[]
39555910,39556750,OCH,CXN,0.0,1193,CIOCX,RC,0,NT,FI,0.0,0,-28.14,-17.36,[],0,0,[],[]
39556750,39559180,NA,OLN,0.0,1193,CIOCX,NA,NA,NA,NA,0.0,0,-26.28,-12.45,[],0,0,[],[]
39559180,39560180,OCH,CXN,0.0,1193,CIOCX,RC,0,NT,FH,0.0,0,-22.72,-13.74,[],0,0,[],[]
39560180,39562700,NA,NON,0.0,1193,CIOCX,NA,NA,NA,NA,0.0,0,-27.92,-11.45,[],0,0,[],[]
39562700,39563330,OCH,CXN,0.0,1193,CIOCX,RC,0,NT,FH,0.0,0,-16.69,-10.31,[],0,0,[],[]
39563330,39564410,NA,NON,0.0,1193,CIOCX,NA,NA,NA,NA,0.0,0,-33.74,-26.45,[],0,0,[],[]
39564410,39565030,CHI,CHN,0.0,1193,CIOCX,NA,NA,NA,NA,0.0,0,-14.89,-8.07,[],0,440,"[{'start': 39564.59, 'end': 39565.03}]",[]
39565030,39565830,OCH,CXN,0.0,1193,CIOCX,RC,0,NT,FH,0.0,0,-17.79,-11.13,[],0,0,[],[]
39565830,39566950,NA,OLF,0.0,1193,CIOCX,NA,NA,NA,NA,0.0,0,-42.15,-38.8,[],0,0,[],[]
39566950,39567850,OCH,CXN,0.0,1193,CIOCX,RC,0,NT,FH,0.0,0,-18.41,-8.94,[],0,0,[],[]
39567850,39569100,CHI,CHN,0.0,1193,CIOCX,RC,0,NT,FI,1.0,1100,-14.64,-6.48,"[{'Canonical-syllable': '1', 'Growl': '0', 'High-freq-energy': '0', 'Long-island': '0', 'Low-tilt-spectrum': '2', 'Medium-island': '2', 'Short-island': '1', 'Squeal': '1', 'Typical-entropy': '2', 'Voicing-quality': '3', 'Wide-band': '0', 'Xlong-island': '0', 'seq': '1', 'end': 39568.95, 'start': 39567.85}]",0,0,[],[]
39569100,39570040,OCH,CXN,0.0,1193,CIOCX,RC,0,NT,FI,0.0,0,-17.67,-11.2,[],0,0,[],[]
39570040,39571060,NA,OLN,0.0,1193,CIOCX,NA,NA,NA,NA,0.0,0,-21.7,-5.94,[],0,0,[],[]
39571060,39571890,CHI,CHN,0.0,1193,CIOCX,RC,0,NT,FI,1.0,230,-20.47,-11.81,"[{'Canonical-syllable': '0', 'Growl': '0', 'High-freq-energy': '0', 'Long-island': '0', 'Low-tilt-spectrum': '0', 'Medium-island': '0', 'Short-island': '1', 'Squeal': '0', 'Typical-entropy': '0', 'Voicing-quality': '1', 'Wide-band': '0', 'Xlong-island': '0', 'seq': '1', 'end': 39571.89, 'start': 39571.66}]",0,0,[],[]
39571890,39572700,NA,OLN,0.0,1193,CIOCX,NA,NA,NA,NA,0.0,0,-35.03,-25.66,[],0,0,[],[]
39572700,39573700,CHI,CHN,0.0,1193,CIOCX,RC,0,NT,FH,1.0,470,-17.91,-10.4,"[{'Canonical-syllable': '0', 'Growl': '1', 'High-freq-energy': '0', 'Long-island': '0', 'Low-tilt-spectrum': '0', 'Medium-island': '1', 'Short-island': '0', 'Squeal': '0', 'Typical-entropy': '1', 'Voicing-quality': '1', 'Wide-band': '0', 'Xlong-island': '0', 'seq': '1', 'end': 39573.51, 'start': 39573.04}]",0,0,[],[]
39573700,39574320,CHI,CHN,0.0,1193,CIOCX,EC,0,NT,FH,1.0,620,-35.25,-30.35,"[{'Canonical-syllable': '0', 'Growl': '1', 'High-freq-energy': '1', 'Long-island': '0', 'Low-tilt-spectrum': '1', 'Medium-island': '1', 'Short-island': '0', 'Squeal': '0', 'Typical-entropy': '1', 'Voicing-quality': '1', 'Wide-band': '0', 'Xlong-island': '0', 'seq': '1', 'end': 39574.32, 'start': 39573.7}]",0,0,[],[]
39574320,39575610,NA,OLN,0.0,1194,pause,NA,NA,NA,NA,0.0,0,-33.15,-18.82,[],0,0,[],[]
39575610,39576590,CHI,CHN,0.0,1194,pause,NA,NA,NA,NA,0.0,0,-15.12,-9.55,[],0,750,"[{'start': 39575.61, 'end': 39576.36}]",[]
39576590,39582060,NA,OLN,0.0,1194,pause,NA,NA,NA,NA,0.0,0,-35.58,-19.26,[],0,0,[],[]
39582060,39582920,NA,NOF,0.0,1194,pause,NA,NA,NA,NA,0.0,0,-37.89,-31.17,[],0,0,[],[]
39582920,39583690,CHI,CHN,0.0,1194,CIOCX,BC,0,NT,FI,1.0,550,-16.59,-9.83,"[{'Canonical-syllable': '1', 'Growl': '0', 'High-freq-energy': '0', 'Long-island': '0', 'Low-tilt-spectrum': '1', 'Medium-island': '1', 'Short-island': '1', 'Squeal': '0', 'Typical-entropy': '1', 'Voicing-quality': '2', 'Wide-band': '0', 'Xlong-island': '0', 'seq': '1', 'end': 39583.47, 'start': 39582.92}]",0,0,[],[]
39583690,39584570,NA,NOF,0.0,1194,CIOCX,NA,NA,NA,NA,0.0,0,-38.89,-33.28,[],0,0,[],[]
39584570,39585570,CHI,CHN,0.0,1194,CIOCX,RC,0,NT,FH,1.0,440,-18.21,-9.17,"[{'Canonical-syllable': '0', 'Growl': '0', 'High-freq-energy': '0', 'Long-island': '0', 'Low-tilt-spectrum': '0', 'Medium-island': '1', 'Short-island': '0', 'Squeal': '0', 'Typical-entropy': '1', 'Voicing-quality': '1', 'Wide-band': '0', 'Xlong-island': '0', 'seq': '1', 'end': 39585.57, 'start': 39585.13}]",0,0,[],[]
39585570,39586240,CHI,CHN,0.0,1194,CIOCX,RC,0,NT,FH,1.0,670,-16.41,-8.21,"[{'Canonical-syllable': '0', 'Growl': '0', 'High-freq-energy': '1', 'Long-island': '0', 'Low-tilt-spectrum': '2', 'Medium-island': '1', 'Short-island': '0', 'Squeal': '0', 'Typical-entropy': '2', 'Voicing-quality': '2', 'Wide-band': '0', 'Xlong-island': '0', 'seq': '1', 'end': 39586.24, 'start': 39585.69}]",0,0,[],[]
39586240,39587390,CHI,CHN,0.0,1194,CIOCX,RC,0,NT,FH,1.0,1150,-15.4,-7.84,"[{'Canonical-syllable': '2', 'Growl': '0', 'High-freq-energy': '0', 'Long-island': '0', 'Low-tilt-spectrum': '0', 'Medium-island': '1', 'Short-island': '3', 'Squeal': '0', 'Typical-entropy': '1', 'Voicing-quality': '4', 'Wide-band': '0', 'Xlong-island': '0', 'seq': '1', 'end': 39587.39, 'start': 39586.24}]",0,0,[],[]
39587390,39588320,NA,OLN,0.0,1194,CIOCX,NA,NA,NA,NA,0.0,0,-29.13,-20.53,[],0,0,[],[]
39588320,39589120,NA,NOF,0.0,1194,CIOCX,NA,NA,NA,NA,0.0,0,-37.92,-27.72,[],0,0,[],[]
39589120,39589920,NA,OLN,0.0,1194,CIOCX,NA,NA,NA,NA,0.0,0,-34.5,-27.19,[],0,0,[],[]
39589920,39590720,OCH,CXN,0.0,1194,CIOCX,EC,0,NT,FI,0.0,0,-34.05,-29.49,[],0,0,[],[]
39590720,39596680,NA,OLN,0.0,1195,pause,NA,NA,NA,NA,0.0,0,-25.2,-10.96,[],0,0,[],[]
39596680,39597680,MAL,MAN,0.0,1195,pause,NA,NA,NA,NA,0.0,0,-36.0,-25.9,[],1000,0,[],[]
39597680,39599090,NA,OLN,0.0,1195,pause,NA,NA,NA,NA,0.0,0,-28.29,-19.86,[],0,0,[],[]
39599090,39601010,MAL,MAN,5.12,1195,AICM,BC,0,NT,FI,0.0,0,-30.25,-21.46,[],0,0,[],[]
39601010,39602120,NA,OLN,0.0,1195,AICM,NA,NA,NA,NA,0.0,0,-26.69,-20.83,[],0,0,[],[]
39602120,39602720,FEM,FAN,5.8,1195,AICM,RC,0,NT,FI,0.0,0,-32.1,-22.45,[],0,0,[],[]
39602720,39603820,OCH,CXN,0.0,1195,AICM,RC,0,NT,FI,0.0,0,-23.02,-14.63,[],0,0,[],[]
39603820,39604690,NA,OLN,0.0,1195,AICM,NA,NA,NA,NA,0.0,0,-21.72,-9.94,[],0,0,[],[]
39604690,39605290,CHI,CHN,0.0,1195,AICM,RC,0,NT,FI,1.0,230,-17.38,-9.92,"[{'Canonical-syllable': '1', 'Growl': '0', 'High-freq-energy': '1', 'Long-island': '0', 'Low-tilt-spectrum': '1', 'Medium-island': '0', 'Short-island': '1', 'Squeal': '0', 'Typical-entropy': '1', 'Voicing-quality': '1', 'Wide-band': '0', 'Xlong-island': '0', 'seq': '1', 'end': 39604.92, 'start': 39604.69}]",0,230,[],"[{'start': 39605.06, 'end': 39605.29}]"
39605290,39606460,OCH,CXN,0.0,1195,AICM,RC,0,NT,FI,0.0,0,-20.26,-8.97,[],0,0,[],[]
39606460,39607470,FEM,FAN,2.89,1195,AICM,RC,0,NT,FI,0.0,0,-26.75,-18.88,[],0,0,[],[]
39607470,39608340,OCH,CXN,0.0,1195,AICM,RC,0,NT,FI,0.0,0,-14.99,-8.31,[],0,0,[],[]
39608340,39609120,CHI,CHN,0.0,1195,AICM,RC,0,NT,FI,1.0,690,-17.93,-10.3,"[{'Canonical-syllable': '0', 'Growl': '0', 'High-freq-energy': '0', 'Long-island': '0', 'Low-tilt-spectrum': '1', 'Medium-island': '1', 'Short-island': '0', 'Squeal': '0', 'Typical-entropy': '1', 'Voicing-quality': '1', 'Wide-band': '0', 'Xlong-island': '0', 'seq': '1', 'end': 39609.03, 'start': 39608.51}]",0,0,[],[]
39609120,39609920,OCH,CXN,0.0,1195,AICM,RC,0,NT,FI,0.0,0,-32.18,-26.86,[],0,0,[],[]
39609920,39613810,NA,OLN,0.0,1195,AICM,NA,NA,NA,NA,0.0,0,-29.64,-19.09,[],0,0,[],[]
39613810,39614640,CHI,CHN,0.0,1195,AICM,RC,0,NT,FI,1.0,830,-14.92,-6.41,"[{'Canonical-syllable': '0', 'Growl': '0', 'High-freq-energy': '0', 'Long-island': '0', 'Low-tilt-spectrum': '2', 'Medium-island': '1', 'Short-island': '1', 'Squeal': '0', 'Typical-entropy': '2', 'Voicing-quality': '2', 'Wide-band': '0', 'Xlong-island': '0', 'seq': '1', 'end': 39614.64, 'start': 39613.81}]",0,0,[],[]
39614640,39616330,NA,OLN,0.0,1195,AICM,NA,NA,NA,NA,0.0,0,-29.24,-20.85,[],0,0,[],[]
39616330,39617370,CHI,CHN,0.0,1195,AICM,RC,0,NT,FH,1.0,870,-16.45,-9.88,"[{'Canonical-syllable': '0', 'Growl': '0', 'High-freq-energy': '0', 'Long-island': '0', 'Low-tilt-spectrum': '2', 'Medium-island': '1', 'Short-island': '1', 'Squeal': '0', 'Typical-entropy': '2', 'Voicing-quality': '2', 'Wide-band': '0', 'Xlong-island': '0', 'seq': '1', 'end': 39617.2, 'start': 39616.42}]",0,0,[],[]
39617370,39618170,CHI,CHN,0.0,1195,AICM,RC,0,NT,FH,1.0,800,-19.14,-10.46,"[{'Canonical-syllable': '0', 'Growl': '0', 'High-freq-energy': '0', 'Long-island': '0', 'Low-tilt-spectrum': '2', 'Medium-island': '1', 'Short-island': '1', 'Squeal': '0', 'Typical-entropy': '2', 'Voicing-quality': '2', 'Wide-band': '0', 'Xlong-island': '0', 'seq': '1', 'end': 39618.17, 'start': 39617.37}]",0,0,[],[]
39618170,39618830,OCH,CXN,0.0,1195,AICM,RC,0,NT,FI,0.0,0,-14.17,-8.17,[],0,0,[],[]
39618830,39619630,OCH,CXN,0.0,1195,AICM,RC,0,NT,FH,0.0,0,-23.56,-14.98,[],0,0,[],[]
39619630,39620230,CHI,CHN,0.0,1195,AICM,NA,NA,NA,NA,0.0,0,-13.55,-2.78,[],0,210,"[{'start': 39619.63, 'end': 39619.84}]",[]
39620230,39621330,CHI,CHN,0.0,1195,AICM,NA,NA,NA,NA,0.0,0,-15.74,-5.59,[],0,960,"[{'start': 39620.23, 'end': 39621.19}]",[]
39621330,39623790,NA,OLN,0.0,1195,AICM,NA,NA,NA,NA,0.0,0,-23.09,-14.35,[],0,0,[],[]
39623790,39624680,OCH,CXN,0.0,1195,AICM,RC,0,NT,FH,0.0,0,-27.67,-20.67,[],0,0,[],[]
39624680,39625600,NA,OLN,0.0,1195,AICM,NA,NA,NA,NA,0.0,0,-29.43,-23.02,[],0,0,[],[]
39625600,39626530,OCH,CXN,0.0,1195,AICM,RC,0,NT,FH,0.0,0,-28.44,-19.67,[],0,0,[],[]
39626530,39627460,NA,OLN,0.0,1195,AICM,NA,NA,NA,NA,0.0,0,-24.49,-15.31,[],0,0,[],[]
39627460,39628460,OCH,CXN,0.0,1195,AICM,RC,0,NT,FH,0.0,0,-24.43,-14.82,[],0,0,[],[]
39628460,39629750,OCH,CXN,0.0,1195,AICM,RC,0,NT,FH,0.0,0,-19.31,-11.75,[],0,0,[],[]
39629750,39630840,CHI,CHN,0.0,1195,AICM,RC,0,NT,FI,1.0,1010,-17.34,-10.11,"[{'Canonical-syllable': '0', 'Growl': '0', 'High-freq-energy': '1', 'Long-island': '1', 'Low-tilt-spectrum': '2', 'Medium-island': '1', 'Short-island': '0', 'Squeal': '0', 'Typical-entropy': '2', 'Voicing-quality': '2', 'Wide-band': '0', 'Xlong-island': '0', 'seq': '1', 'end': 39630.76, 'start': 39629.75}]",0,0,[],[]
39630840,39631640,OCH,CXN,0.0,1195,AICM,RC,0,NT,FI,0.0,0,-19.8,-13.74,[],0,0,[],[]
39631640,39632440,NA,OLN,0.0,1195,AICM,NA,NA,NA,NA,0.0,0,-23.53,-10.09,[],0,0,[],[]
39632440,39636180,CHI,CHN,0.0,1195,AICM,RC,0,NT,FI,1.0,3520,-17.9,-8.88,"[{'Canonical-syllable': '2', 'Growl': '0', 'High-freq-energy': '0', 'Long-island': '0', 'Low-tilt-spectrum': '3', 'Medium-island': '5', 'Short-island': '3', 'Squeal': '0', 'Typical-entropy': '8', 'Voicing-quality': '8', 'Wide-band': '0', 'Xlong-island': '0', 'seq': '1', 'end': 39635.96, 'start': 39632.44}]",0,0,[],[]
39636180,39637110,NA,OLN,0.0,1195,AICM,NA,NA,NA,NA,0.0,0,-28.33,-18.42,[],0,0,[],[]
39637110,39638160,CHI,CHN,0.0,1195,AICM,RC,0,TIFI,FH,1.0,1050,-22.89,-13.74,"[{'Canonical-syllable': '0', 'Growl': '0', 'High-freq-energy': '0', 'Long-island': '0', 'Low-tilt-spectrum': '1', 'Medium-island': '1', 'Short-island': '1', 'Squeal': '0', 'Typical-entropy': '2', 'Voicing-quality': '2', 'Wide-band': '0', 'Xlong-island': '0', 'seq': '1', 'end': 39638.16, 'start': 39637.36}]",0,0,[],[]
39638160,39638770,CHI,CHN,0.0,1195,AICM,NA,NA,NA,NA,0.0,0,-19.85,-11.43,[],0,200,"[{'start': 39638.29, 'end': 39638.49}]",[]
39638770,39640000,FEM,FAN,7.82,1195,AICM,RC,1,TIFR,FI,0.0,0,-23.2,-14.91,[],0,0,[],[]
39640000,39641040,NA,NOF,0.0,1195,AICM,NA,NA,NA,NA,0.0,0,-42.43,-27.52,[],0,0,[],[]
39641040,39642040,FEM,FAN,7.83,1195,AICM,RC,1,NT,FH,0.0,0,-23.34,-14.26,[],0,0,[],[]
39642040,39642860,NA,OLN,0.0,1195,AICM,NA,NA,NA,NA,0.0,0,-38.21,-27.81,[],0,0,[],[]
39642860,39643730,NA,NON,0.0,1195,AICM,NA,NA,NA,NA,0.0,0,-20.66,-4.42,[],0,0,[],[]
39643730,39644620,OCH,CXN,0.0,1195,AICM,RC,1,NT,FI,0.0,0,-27.39,-18.78,[],0,0,[],[]
39644620,39646660,NA,OLN,0.0,1195,AICM,NA,NA,NA,NA,0.0,0,-30.9,-22.08,[],0,0,[],[]
39646660,39647620,NA,NOF,0.0,1195,AICM,NA,NA,NA,NA,0.0,0,-38.39,-25.6,[],0,0,[],[]
39647620,39648420,OCH,CXN,0.0,1195,AICM,RC,1,NT,FH,0.0,0,-22.48,-8.66,[],0,0,[],[]
39648420,39649860,NA,OLN,0.0,1195,AICM,NA,NA,NA,NA,0.0,0,-29.69,-18.05,[],0,0,[],[]
39649860,39650810,OCH,CXN,0.0,1195,AICM,RC,1,NT,FH,0.0,0,-29.46,-19.12,[],0,0,[],[]
39650810,39653020,NA,OLN,0.0,1195,AICM,NA,NA,NA,NA,0.0,0,-27.55,-13.74,[],0,0,[],[]
39653020,39653640,CHI,CHN,0.0,1195,AICM,NA,NA,NA,NA,0.0,0,-13.74,-3.71,[],0,340,"[{'start': 39653.3, 'end': 39653.64}]",[]
39653640,39654670,OCH,CXN,0.0,1195,AICM,RC,1,NT,FH,0.0,0,-18.33,-5.08,[],0,0,[],[]
39654670,39655600,NA,OLN,0.0,1195,AICM,NA,NA,NA,NA,0.0,0,-24.91,-16.57,[],0,0,[],[]
39655600,39656400,OCH,CXN,0.0,1195,AICM,RC,1,NT,FH,0.0,0,-23.03,-16.0,[],0,0,[],[]
39656400,39657020,CHI,CHN,0.0,1195,AICM,RC,1,NT,FI,1.0,620,-17.16,-9.8,"[{'Canonical-syllable': '1', 'Growl': '0', 'High-freq-energy': '0', 'Long-island': '0', 'Low-tilt-spectrum': '0', 'Medium-island': '1', 'Short-island': '0', 'Squeal': '0', 'Typical-entropy': '1', 'Voicing-quality': '1', 'Wide-band': '0', 'Xlong-island': '0', 'seq': '1', 'end': 39657.02, 'start': 39656.66}]",0,0,[],[]
39657020,39658180,CHI,CHN,0.0,1195,AICM,RC,1,NT,FH,1.0,1160,-23.36,-16.78,"[{'Canonical-syllable': '0', 'Growl': '0', 'High-freq-energy': '0', 'Long-island': '0', 'Low-tilt-spectrum': '1', 'Medium-island': '2', 'Short-island': '1', 'Squeal': '0', 'Typical-entropy': '3', 'Voicing-quality': '3', 'Wide-band': '0', 'Xlong-island': '0', 'seq': '1', 'end': 39658.18, 'start': 39657.02}]",0,0,[],[]
39658180,39659860,NA,NON,0.0,1195,AICM,NA,NA,NA,NA,0.0,0,-35.47,-28.01,[],0,0,[],[]
39659860,39661030,NA,OLN,0.0,1195,AICM,NA,NA,NA,NA,0.0,0,-25.15,-16.65,[],0,0,[],[]
39661030,39661630,CHI,CHN,0.0,1195,AICM,EC,1,NT,FH,1.0,600,-27.42,-20.81,"[{'Canonical-syllable': '0', 'Growl': '0', 'High-freq-energy': '1', 'Long-island': '0', 'Low-tilt-spectrum': '1', 'Medium-island': '1', 'Short-island': '0', 'Squeal': '0', 'Typical-entropy': '1', 'Voicing-quality': '1', 'Wide-band': '0', 'Xlong-island': '0', 'seq': '1', 'end': 39661.63, 'start': 39661.03}]",0,0,[],[]
39661630,39662840,NA,OLN,0.0,1196,pause,NA,NA,NA,NA,0.0,0,-13.37,-4.17,[],0,0,[],[]
39662840,39663980,NA,NON,0.0,1196,pause,NA,NA,NA,NA,0.0,0,-28.26,-17.18,[],0,0,[],[]
39663980,39664780,NA,OLN,0.0,1196,pause,NA,NA,NA,NA,0.0,0,-37.56,-31.05,[],0,0,[],[]
39664780,39666950,NA,NON,0.0,1196,pause,NA,NA,NA,NA,0.0,0,-24.13,-7.32,[],0,0,[],[]
39666950,39667830,CHI,CHN,0.0,1196,CM,EC,0,NT,FI,1.0,500,-27.64,-15.0,"[{'Canonical-syllable': '0', 'Growl': '1', 'High-freq-energy': '1', 'Long-island': '0', 'Low-tilt-spectrum': '1', 'Medium-island': '1', 'Short-island': '0', 'Squeal': '0', 'Typical-entropy': '1', 'Voicing-quality': '1', 'Wide-band': '0', 'Xlong-island': '0', 'seq': '1', 'end': 39667.83, 'start': 39667.33}]",0,0,[],[]
39667830,39669250,NA,NON,0.0,1197,pause,NA,NA,NA,NA,0.0,0,-34.25,-23.33,[],0,0,[],[]
39669250,39672980,NA,OLN,0.0,1197,pause,NA,NA,NA,NA,0.0,0,-20.63,-4.37,[],0,0,[],[]
39672980,39673580,CHI,CHN,0.0,1197,CIC,BC,0,NT,FI,1.0,600,-15.36,-10.1,"[{'Canonical-syllable': '1', 'Growl': '0', 'High-freq-energy': '0', 'Long-island': '0', 'Low-tilt-spectrum': '0', 'Medium-island': '1', 'Short-island': '1', 'Squeal': '0', 'Typical-entropy': '0', 'Voicing-quality': '2', 'Wide-band': '0', 'Xlong-island': '0', 'seq': '1', 'end': 39673.58, 'start': 39672.98}]",0,0,[],[]
39673580,39676510,NA,OLN,0.0,1197,CIC,NA,NA,NA,NA,0.0,0,-22.6,-10.41,[],0,0,[],[]
39676510,39677890,CHI,CHN,0.0,1197,CIC,RC,0,NT,FH,2.0,810,-18.22,-3.74,"[{'Canonical-syllable': '0', 'Growl': '2', 'High-freq-energy': '1', 'Long-island': '0', 'Low-tilt-spectrum': '2', 'Medium-island': '0', 'Short-island': '1', 'Squeal': '0', 'Typical-entropy': '2', 'Voicing-quality': '0', 'Wide-band': '1', 'Xlong-island': '0', 'seq': '1', 'end': 39677.06, 'start': 39676.74}, {'Canonical-syllable': '0', 'Growl': '1', 'High-freq-energy': '1', 'Long-island': '0', 'Low-tilt-spectrum': '1', 'Medium-island': '0', 'Short-island': '1', 'Squeal': '0', 'Typical-entropy': '1', 'Voicing-quality': '0', 'Wide-band': '0', 'Xlong-island': '0', 'seq': '2', 'end': 39677.89, 'start': 39677.63}]",0,0,[],[]
39677890,39678920,CHI,CHN,0.0,1197,CIC,RC,0,NT,FH,1.0,470,-21.05,-10.6,"[{'Canonical-syllable': '0', 'Growl': '1', 'High-freq-energy': '0', 'Long-island': '0', 'Low-tilt-spectrum': '1', 'Medium-island': '0', 'Short-island': '2', 'Squeal': '0', 'Typical-entropy': '2', 'Voicing-quality': '2', 'Wide-band': '0', 'Xlong-island': '0', 'seq': '1', 'end': 39678.81, 'start': 39678.34}]",0,0,[],[]
39678920,39680070,CHI,CHN,0.0,1197,CIC,RC,0,NT,FH,1.0,740,-20.24,-9.37,"[{'Canonical-syllable': '1', 'Growl': '0', 'High-freq-energy': '1', 'Long-island': '0', 'Low-tilt-spectrum': '1', 'Medium-island': '1', 'Short-island': '0', 'Squeal': '0', 'Typical-entropy': '1', 'Voicing-quality': '1', 'Wide-band': '0', 'Xlong-island': '0', 'seq': '1', 'end': 39679.66, 'start': 39679.22}]",0,0,[],[]
39680070,39680910,NA,OLN,0.0,1197,CIC,NA,NA,NA,NA,0.0,0,-29.78,-21.09,[],0,0,[],[]
39680910,39681990,OCH,CXN,0.0,1197,CIC,RC,0,NT,FI,0.0,0,-27.13,-18.54,[],0,0,[],[]
39681990,39682790,NA,NOF,0.0,1197,CIC,NA,NA,NA,NA,0.0,0,-41.8,-34.12,[],0,0,[],[]
39682790,39683900,FEM,FAN,3.12,1197,CIC,RC,0,TIFI,FI,0.0,0,-22.67,-12.77,[],0,0,[],[]
39683900,39685630,NA,OLN,0.0,1197,CIC,NA,NA,NA,NA,0.0,0,-33.95,-25.58,[],0,0,[],[]
39685630,39686530,NA,NON,0.0,1197,CIC,NA,NA,NA,NA,0.0,0,-32.9,-25.96,[],0,0,[],[]
39686530,39687810,CHI,CHN,0.0,1197,CIC,RC,1,TIFR,FI,2.0,700,-19.16,-6.0,"[{'Canonical-syllable': '0', 'Growl': '1', 'High-freq-energy': '0', 'Long-island': '0', 'Low-tilt-spectrum': '1', 'Medium-island': '1', 'Short-island': '0', 'Squeal': '0', 'Typical-entropy': '2', 'Voicing-quality': '2', 'Wide-band': '0', 'Xlong-island': '0', 'seq': '1', 'end': 39687.15, 'start': 39686.53}, {'Canonical-syllable': '0', 'Growl': '0', 'High-freq-energy': '0', 'Long-island': '0', 'Low-tilt-spectrum': '0', 'Medium-island': '0', 'Short-island': '0', 'Squeal': '0', 'Typical-entropy': '0', 'Voicing-quality': '0', 'Wide-band': '0', 'Xlong-island': '0', 'seq': '2', 'end': 39687.81, 'start': 39687.73}]",0,0,[],[]
39687810,39689210,OCH,CXN,0.0,1197,CIC,RC,1,NT,FI,0.0,0,-15.68,-10.02,[],0,0,[],[]
39689210,39690240,NA,OLN,0.0,1197,CIC,NA,NA,NA,NA,0.0,0,-31.0,-19.82,[],0,0,[],[]
39690240,39691250,CHI,CHN,0.0,1197,CIC,RC,1,NT,FI,1.0,820,-22.28,-12.8,"[{'Canonical-syllable': '0', 'Growl': '1', 'High-freq-energy': '0', 'Long-island': '0', 'Low-tilt-spectrum': '2', 'Medium-island': '1', 'Short-island': '0', 'Squeal': '0', 'Typical-entropy': '2', 'Voicing-quality': '2', 'Wide-band': '0', 'Xlong-island': '0', 'seq': '1', 'end': 39691.06, 'start': 39690.24}]",0,0,[],[]
39691250,39692170,NA,OLF,0.0,1197,CIC,NA,NA,NA,NA,0.0,0,-37.24,-31.52,[],0,0,[],[]
39692170,39693080,CHI,CHN,0.0,1197,CIC,RC,1,NT,FH,1.0,910,-21.5,-14.33,"[{'Canonical-syllable': '1', 'Growl': '0', 'High-freq-energy': '0', 'Long-island': '0', 'Low-tilt-spectrum': '0', 'Medium-island': '1', 'Short-island': '1', 'Squeal': '0', 'Typical-entropy': '1', 'Voicing-quality': '3', 'Wide-band': '1', 'Xlong-island': '0', 'seq': '1', 'end': 39693.08, 'start': 39692.17}]",0,0,[],[]
39693080,39694530,NA,OLN,0.0,1197,CIC,NA,NA,NA,NA,0.0,0,-25.3,-15.35,[],0,0,[],[]
39694530,39695130,OCH,CXN,0.0,1197,CIC,RC,1,NT,FI,0.0,0,-17.43,-11.26,[],0,0,[],[]
39695130,39696360,NA,OLN,0.0,1197,CIC,NA,NA,NA,NA,0.0,0,-25.25,-12.32,[],0,0,[],[]
39696360,39696970,CHI,CHN,0.0,1197,CIC,NA,NA,NA,NA,0.0,0,-14.96,-5.35,[],0,360,"[{'start': 39696.53, 'end': 39696.89}]",[]
39696970,39697880,NA,OLN,0.0,1197,CIC,NA,NA,NA,NA,0.0,0,-18.52,-10.08,[],0,0,[],[]
39697880,39698880,CHI,CHN,0.0,1197,CIC,RC,1,TIFI,FI,1.0,1000,-15.91,-9.2,"[{'Canonical-syllable': '1', 'Growl': '1', 'High-freq-energy': '0', 'Long-island': '0', 'Low-tilt-spectrum': '0', 'Medium-island': '2', 'Short-island': '0', 'Squeal': '0', 'Typical-entropy': '2', 'Voicing-quality': '2', 'Wide-band': '0', 'Xlong-island': '0', 'seq': '1', 'end': 39698.88, 'start': 39697.88}]",0,0,[],[]
39698880,39703410,NA,OLN,0.0,1197,CIC,NA,NA,NA,NA,0.0,0,-16.16,-6.88,[],0,0,[],[]
39703410,39704440,FEM,FAN,9.5,1197,CIC,EC,2,TIFR,FI,0.0,0,-21.54,-13.29,[],0,0,[],[]
39704440,39709590,NA,OLN,0.0,1198,pause,NA,NA,NA,NA,0.0,0,-23.51,-4.81,[],0,0,[],[]
39709590,39711600,CHI,CHN,0.0,1198,CM,EC,0,NT,FI,1.0,2009,-16.61,-9.93,"[{'Canonical-syllable': '0', 'Growl': '0', 'High-freq-energy': '1', 'Long-island': '0', 'Low-tilt-spectrum': '1', 'Medium-island': '0', 'Short-island': '0', 'Squeal': '0', 'Typical-entropy': '1', 'Voicing-quality': '1', 'Wide-band': '0', 'Xlong-island': '1', 'seq': '1', 'end': 39711.6, 'start': 39709.59}]",0,0,[],[]
39711600,39718620,NA,OLN,0.0,1199,pause,NA,NA,NA,NA,0.0,0,-21.17,-2.88,[],0,0,[],[]
39718620,39719520,NA,NOF,0.0,1199,pause,NA,NA,NA,NA,0.0,0,-14.12,-2.68,[],0,0,[],[]
39719520,39720520,FEM,FAN,4.1,1199,AMF,EC,0,NT,FI,0.0,0,-26.0,-18.33,[],0,0,[],[]
39720520,39725140,NA,OLN,0.0,1200,pause,NA,NA,NA,NA,0.0,0,-30.21,-10.29,[],0,0,[],[]
39725140,39725940,NA,NON,0.0,1200,pause,NA,NA,NA,NA,0.0,0,-29.02,-17.09,[],0,0,[],[]
39725940,39729780,NA,OLN,0.0,1200,pause,NA,NA,NA,NA,0.0,0,-24.47,-8.28,[],0,0,[],[]
39729780,39730790,NA,NON,0.0,1200,pause,NA,NA,NA,NA,0.0,0,-31.68,-20.51,[],0,0,[],[]
39730790,39731590,OCH,CXN,0.0,1200,XIOCA,BC,0,NT,FI,0.0,0,-37.22,-31.73,[],0,0,[],[]
39731590,39732920,NA,OLN,0.0,1200,XIOCA,NA,NA,NA,NA,0.0,0,-33.23,-25.19,[],0,0,[],[]
39732920,39734070,NA,NON,0.0,1200,XIOCA,NA,NA,NA,NA,0.0,0,-20.98,-6.83,[],0,0,[],[]
39734070,39735070,MAL,MAN,2.67,1200,XIOCA,EC,0,NT,FI,0.0,0,-32.57,-26.14,[],0,0,[],[]
39735070,39742500,NA,OLN,0.0,1201,pause,NA,NA,NA,NA,0.0,0,-25.98,-11.89,[],0,0,[],[]
39742500,39743470,OCH,CXN,0.0,1201,XIC,BC,0,NT,FI,0.0,0,-32.86,-23.32,[],0,0,[],[]
39743470,39744440,NA,OLN,0.0,1201,XIC,NA,NA,NA,NA,0.0,0,-27.01,-12.69,[],0,0,[],[]
39744440,39745270,NA,OLF,0.0,1201,XIC,NA,NA,NA,NA,0.0,0,-11.59,-2.41,[],0,0,[],[]
39745270,39745870,OCH,CXN,0.0,1201,XIC,RC,0,NT,FH,0.0,0,-16.95,-6.18,[],0,0,[],[]
39745870,39747450,NA,OLN,0.0,1201,XIC,NA,NA,NA,NA,0.0,0,-28.85,-18.41,[],0,0,[],[]
39747450,39748080,CHI,CHN,0.0,1201,XIC,RC,0,NT,FI,1.0,630,-14.89,-8.49,"[{'Canonical-syllable': '2', 'Growl': '0', 'High-freq-energy': '1', 'Long-island': '0', 'Low-tilt-spectrum': '2', 'Medium-island': '1', 'Short-island': '1', 'Squeal': '0', 'Typical-entropy': '2', 'Voicing-quality': '2', 'Wide-band': '0', 'Xlong-island': '0', 'seq': '1', 'end': 39748.08, 'start': 39747.54}]",0,0,[],[]
39748080,39749160,NA,OLN,0.0,1201,XIC,NA,NA,NA,NA,0.0,0,-20.61,-10.32,[],0,0,[],[]
39749160,39749760,CHI,CHN,0.0,1201,XIC,RC,0,NT,FH,1.0,600,-17.89,-11.85,"[{'Canonical-syllable': '1', 'Growl': '0', 'High-freq-energy': '0', 'Long-island': '0', 'Low-tilt-spectrum': '0', 'Medium-island': '1', 'Short-island': '0', 'Squeal': '0', 'Typical-entropy': '0', 'Voicing-quality': '1', 'Wide-band': '0', 'Xlong-island': '0', 'seq': '1', 'end': 39749.76, 'start': 39749.39}]",0,0,[],[]
39749760,39750560,NA,OLN,0.0,1201,XIC,NA,NA,NA,NA,0.0,0,-32.21,-28.52,[],0,0,[],[]
39750560,39751360,OCH,CXN,0.0,1201,XIC,RC,0,NT,FI,0.0,0,-23.38,-13.92,[],0,0,[],[]
39751360,39752160,NA,OLN,0.0,1201,XIC,NA,NA,NA,NA,0.0,0,-22.18,-4.68,[],0,0,[],[]
39752160,39752960,OCH,CXN,0.0,1201,XIC,RC,0,NT,FH,0.0,0,-31.77,-26.26,[],0,0,[],[]
39752960,39754140,NA,OLF,0.0,1201,XIC,NA,NA,NA,NA,0.0,0,-36.86,-26.1,[],0,0,[],[]
39754140,39755140,FEM,FAN,7.3,1201,XIC,RC,0,NT,FI,0.0,0,-24.32,-15.45,[],0,0,[],[]
39755140,39755960,NA,OLN,0.0,1201,XIC,NA,NA,NA,NA,0.0,0,-30.92,-19.05,[],0,0,[],[]
39755960,39757060,OCH,CXN,0.0,1201,XIC,RC,0,NT,FI,0.0,0,-32.07,-24.04,[],0,0,[],[]
39757060,39757660,CHI,CHN,0.0,1201,XIC,RC,0,TIFI,FI,1.0,600,-17.44,-12.98,"[{'Canonical-syllable': '0', 'Growl': '0', 'High-freq-energy': '0', 'Long-island': '0', 'Low-tilt-spectrum': '0', 'Medium-island': '1', 'Short-island': '0', 'Squeal': '0', 'Typical-entropy': '1', 'Voicing-quality': '1', 'Wide-band': '0', 'Xlong-island': '0', 'seq': '1', 'end': 39757.66, 'start': 39757.2}]",0,0,[],[]
39757660,39758610,NA,OLN,0.0,1201,XIC,NA,NA,NA,NA,0.0,0,-27.08,-16.14,[],0,0,[],[]
39758610,39759670,FEM,FAN,5.53,1201,XIC,RC,1,TIFR,FI,0.0,0,-25.76,-17.49,[],0,0,[],[]
39759670,39761360,NA,OLN,0.0,1201,XIC,NA,NA,NA,NA,0.0,0,-21.48,-8.05,[],0,0,[],[]
39761360,39762360,CHI,CHN,0.0,1201,XIC,RC,1,TIFE,FI,1.0,1000,-15.93,-5.51,"[{'Canonical-syllable': '0', 'Growl': '1', 'High-freq-energy': '0', 'Long-island': '0', 'Low-tilt-spectrum': '0', 'Medium-island': '0', 'Short-island': '3', 'Squeal': '0', 'Typical-entropy': '2', 'Voicing-quality': '3', 'Wide-band': '0', 'Xlong-island': '0', 'seq': '1', 'end': 39762.36, 'start': 39761.5}]",0,0,[],[]
39762360,39763710,OCH,CXN,0.0,1201,XIC,RC,1,NT,FI,0.0,0,-16.01,-8.76,[],0,0,[],[]
39763710,39764510,NA,OLN,0.0,1201,XIC,NA,NA,NA,NA,0.0,0,-25.65,-15.54,[],0,0,[],[]
39764510,39765520,OCH,CXN,0.0,1201,XIC,RC,1,NT,FH,0.0,0,-17.22,-11.27,[],0,0,[],[]
39765520,39766890,NA,OLN,0.0,1201,XIC,NA,NA,NA,NA,0.0,0,-18.98,-9.39,[],0,0,[],[]
39766890,39767970,MAL,MAN,9.96,1201,XIC,RC,1,NT,FI,0.0,0,-28.69,-20.26,[],0,0,[],[]
39767970,39769090,NA,OLN,0.0,1201,XIC,NA,NA,NA,NA,0.0,0,-19.66,-10.1,[],0,0,[],[]
39769090,39770330,OCH,CXN,0.0,1201,XIC,RC,1,NT,FI,0.0,0,-17.21,-11.28,[],0,0,[],[]
39770330,39772450,NA,OLN,0.0,1201,XIC,NA,NA,NA,NA,0.0,0,-26.02,-13.44,[],0,0,[],[]
39772450,39773250,OCH,CXN,0.0,1201,XIC,EC,1,NT,FH,0.0,0,-37.37,-30.87,[],0,0,[],[]
39773250,39778460,NA,OLN,0.0,1202,pause,NA,NA,NA,NA,0.0,0,-21.39,-5.07,[],0,0,[],[]
39778460,39779260,OCH,CXN,0.0,1202,XIC,BC,0,NT,FI,0.0,0,-14.32,-4.72,[],0,0,[],[]
39779260,39779930,CHI,CHN,0.0,1202,XIC,NA,NA,NA,NA,0.0,0,-13.03,-4.11,[],0,670,"[{'start': 39779.26, 'end': 39779.93}]",[]
39779930,39781020,OCH,CXN,0.0,1202,XIC,RC,0,NT,FH,0.0,0,-21.15,-11.58,[],0,0,[],[]
39781020,39782110,NA,OLN,0.0,1202,XIC,NA,NA,NA,NA,0.0,0,-23.16,-15.64,[],0,0,[],[]
39782110,39783270,MAL,MAN,8.67,1202,XIC,RC,0,NT,FI,0.0,0,-27.16,-21.49,[],0,0,[],[]
39783270,39784180,NA,OLN,0.0,1202,XIC,NA,NA,NA,NA,0.0,0,-21.49,-12.2,[],0,0,[],[]
39784180,39785500,FEM,FAN,7.3,1202,XIC,RC,0,NT,FI,0.0,0,-22.72,-13.29,[],0,0,[],[]
39785500,39786320,NA,OLN,0.0,1202,XIC,NA,NA,NA,NA,0.0,0,-22.8,-11.94,[],0,0,[],[]
39786320,39787700,FEM,FAN,7.68,1202,XIC,RC,0,NT,FH,0.0,0,-19.86,-10.01,[],0,0,[],[]
39787700,39788730,NA,OLN,0.0,1202,XIC,NA,NA,NA,NA,0.0,0,-23.57,-17.53,[],0,0,[],[]
39788730,39789330,OCH,CXN,0.0,1202,XIC,RC,0,NT,FI,0.0,0,-19.02,-11.06,[],0,0,[],[]
39789330,39790410,MAL,MAN,2.86,1202,XIC,RC,0,NT,FI,0.0,0,-33.15,-21.57,[],0,0,[],[]
39790410,39791030,OCH,CXN,0.0,1202,XIC,RC,0,NT,FI,0.0,0,-17.96,-11.52,[],0,0,[],[]
39791030,39792370,NA,OLN,0.0,1202,XIC,NA,NA,NA,NA,0.0,0,-21.21,-8.6,[],0,0,[],[]
39792370,39792970,FEM,FAN,0.0,1202,XIC,NA,NA,NA,NA,0.0,0,-20.44,-13.74,[],600,0,[],[]
39792970,39795090,NA,NOF,0.0,1202,XIC,NA,NA,NA,NA,0.0,0,-21.64,-6.75,[],0,0,[],[]
39795090,39796100,OCH,CXN,0.0,1202,XIC,RC,0,NT,FH,0.0,0,-24.52,-15.28,[],0,0,[],[]
39796100,39796900,OCH,CXN,0.0,1202,XIC,RC,0,NT,FH,0.0,0,-31.0,-20.84,[],0,0,[],[]
39796900,39797520,CHI,CHN,0.0,1202,XIC,RC,0,NT,FI,1.0,620,-22.1,-19.08,"[{'Canonical-syllable': '0', 'Growl': '0', 'High-freq-energy': '0', 'Long-island': '0', 'Low-tilt-spectrum': '0', 'Medium-island': '1', 'Short-island': '0', 'Squeal': '0', 'Typical-entropy': '0', 'Voicing-quality': '1', 'Wide-band': '0', 'Xlong-island': '0', 'seq': '1', 'end': 39797.52, 'start': 39796.9}]",0,0,[],[]
39797520,39798640,NA,OLF,0.0,1202,XIC,NA,NA,NA,NA,0.0,0,-33.91,-21.44,[],0,0,[],[]
39798640,39799440,OCH,CXN,0.0,1202,XIC,RC,0,NT,FI,0.0,0,-35.96,-29.79,[],0,0,[],[]
39799440,39800240,NA,MAF,0.0,1202,XIC,NA,NA,NA,NA,0.0,0,-41.17,-34.32,[],0,0,[],[]
39800240,39801120,NA,OLN,0.0,1202,XIC,NA,NA,NA,NA,0.0,0,-25.77,-14.69,[],0,0,[],[]
39801120,39802120,FEM,FAN,4.78,1202,XIC,RC,0,NT,FI,0.0,0,-14.98,-8.4,[],0,0,[],[]
39802120,39802930,NA,OLN,0.0,1202,XIC,NA,NA,NA,NA,0.0,0,-27.2,-14.47,[],0,0,[],[]
39802930,39803730,OCH,CXN,0.0,1202,XIC,RC,0,NT,FI,0.0,0,-33.46,-27.42,[],0,0,[],[]
39803730,39805700,NA,OLN,0.0,1202,XIC,NA,NA,NA,NA,0.0,0,-17.34,-4.4,[],0,0,[],[]
39805700,39806860,OCH,CXN,0.0,1202,XIC,RC,0,NT,FH,0.0,0,-34.25,-26.92,[],0,0,[],[]
39806860,39808030,MAL,MAN,10.02,1202,XIC,RC,0,NT,FI,0.0,0,-25.77,-16.54,[],0,0,[],[]
39808030,39808840,NA,OLN,0.0,1202,XIC,NA,NA,NA,NA,0.0,0,-26.85,-19.01,[],0,0,[],[]
39808840,39811450,MAL,MAN,12.55,1202,XIC,RC,0,TIMI,FH,0.0,0,-28.98,-20.86,[],0,0,[],[]
39811450,39814040,NA,OLN,0.0,1202,XIC,NA,NA,NA,NA,0.0,0,-30.11,-18.01,[],0,0,[],[]
39814040,39814640,CHI,CHN,0.0,1202,XIC,NA,NA,NA,NA,0.0,0,-17.55,-8.2,[],0,180,"[{'start': 39814.46, 'end': 39814.64}]",[]
39814640,39816130,CHI,CHN,0.0,1202,XIC,RC,1,TIMR,FI,1.0,1490,-14.98,-8.22,"[{'Canonical-syllable': '0', 'Growl': '0', 'High-freq-energy': '0', 'Long-island': '1', 'Low-tilt-spectrum': '3', 'Medium-island': '0', 'Short-island': '2', 'Squeal': '3', 'Typical-entropy': '4', 'Voicing-quality': '4', 'Wide-band': '0', 'Xlong-island': '0', 'seq': '1', 'end': 39816.13, 'start': 39814.64}]",0,0,[],[]
39816130,39818250,MAL,MAN,8.0,1202,XIC,RC,1,TIME,FI,0.0,0,-24.63,-13.78,[],0,0,[],[]
39818250,39819700,NA,OLN,0.0,1202,XIC,NA,NA,NA,NA,0.0,0,-37.48,-29.13,[],0,0,[],[]
39819700,39821170,MAL,MAN,5.29,1202,XIC,EC,1,NT,FH,0.0,0,-30.07,-23.23,[],0,0,[],[]
39821170,39831660,NA,OLN,0.0,1203,pause,NA,NA,NA,NA,0.0,0,-19.0,-4.9,[],0,0,[],[]
39831660,39832660,MAL,MAN,6.1,1203,AICM,BC,0,TIMI,FI,0.0,0,-26.12,-17.71,[],0,0,[],[]
39832660,39833460,NA,OLN,0.0,1203,AICM,NA,NA,NA,NA,0.0,0,-15.26,-7.85,[],0,0,[],[]
39833460,39834320,CHI,CHN,0.0,1203,AICM,RC,1,TIMR,FI,1.0,860,-15.53,-8.98,"[{'Canonical-syllable': '0', 'Growl': '0', 'High-freq-energy': '0', 'Long-island': '1', 'Low-tilt-spectrum': '0', 'Medium-island': '0', 'Short-island': '0', 'Squeal': '0', 'Typical-entropy': '0', 'Voicing-quality': '1', 'Wide-band': '0', 'Xlong-island': '0', 'seq': '1', 'end': 39834.32, 'start': 39833.46}]",0,0,[],[]
39834320,39836280,NA,OLN,0.0,1203,AICM,NA,NA,NA,NA,0.0,0,-15.6,-10.56,[],0,0,[],[]
39836280,39837280,FEM,FAN,6.91,1203,AICM,RC,1,TIFI,FI,0.0,0,-20.89,-9.88,[],0,0,[],[]
39837280,39837880,CHI,CHN,0.0,1203,AICM,RC,2,TIFR,FI,1.0,600,-15.33,-8.92,"[{'Canonical-syllable': '1', 'Growl': '0', 'High-freq-energy': '0', 'Long-island': '0', 'Low-tilt-spectrum': '0', 'Medium-island': '1', 'Short-island': '0', 'Squeal': '0', 'Typical-entropy': '1', 'Voicing-quality': '1', 'Wide-band': '0', 'Xlong-island': '0', 'seq': '1', 'end': 39837.88, 'start': 39837.38}]",0,0,[],[]
39837880,39839490,NA,OLN,0.0,1203,AICM,NA,NA,NA,NA,0.0,0,-15.97,-8.04,[],0,0,[],[]
39839490,39841070,FEM,FAN,9.48,1203,AICM,EC,2,TIFE,FI,0.0,0,-25.99,-15.17,[],0,0,[],[]
39841070,39846740,NA,OLN,0.0,1204,pause,NA,NA,NA,NA,0.0,0,-21.34,-4.13,[],0,0,[],[]
39846740,39847740,MAL,MAN,2.23,1204,AICM,BC,0,NT,FI,0.0,0,-29.16,-21.8,[],0,0,[],[]
39847740,39850980,NA,OLN,0.0,1204,AICM,NA,NA,NA,NA,0.0,0,-22.48,-9.67,[],0,0,[],[]
39850980,39851980,MAL,MAN,6.76,1204,AICM,RC,0,TIMI,FH,0.0,0,-24.2,-13.61,[],0,0,[],[]
39851980,39853120,NA,OLN,0.0,1204,AICM,NA,NA,NA,NA,0.0,0,-26.11,-17.32,[],0,0,[],[]
39853120,39853910,CHI,CHN,0.0,1204,AICM,RC,1,TIMR,FI,1.0,790,-16.99,-9.76,"[{'Canonical-syllable': '0', 'Growl': '0', 'High-freq-energy': '1', 'Long-island': '0', 'Low-tilt-spectrum': '1', 'Medium-island': '1', 'Short-island': '0', 'Squeal': '0', 'Typical-entropy': '0', 'Voicing-quality': '3', 'Wide-band': '0', 'Xlong-island': '0', 'seq': '1', 'end': 39853.91, 'start': 39853.3}]",0,0,[],[]
39853910,39854910,CHI,CHN,0.0,1204,AICM,EC,1,NT,FH,1.0,1000,-16.99,-8.45,"[{'Canonical-syllable': '0', 'Growl': '0', 'High-freq-energy': '0', 'Long-island': '0', 'Low-tilt-spectrum': '0', 'Medium-island': '0', 'Short-island': '0', 'Squeal': '0', 'Typical-entropy': '1', 'Voicing-quality': '1', 'Wide-band': '0', 'Xlong-island': '1', 'seq': '1', 'end': 39854.91, 'start': 39853.91}]",0,0,[],[]
39854910,39864990,NA,OLN,0.0,1205,pause,NA,NA,NA,NA,0.0,0,-21.18,-3.81,[],0,0,[],[]
39864990,39866040,MAL,MAN,5.12,1205,AMM,EC,0,NT,FI,0.0,0,-24.5,-12.78,[],0,0,[],[]
39866040,39869180,NA,OLN,0.0,1206,pause,NA,NA,NA,NA,0.0,0,-23.66,-11.08,[],0,0,[],[]
39869180,39869780,CHI,CHN,0.0,1206,pause,NA,NA,NA,NA,0.0,0,-13.53,-8.79,[],0,600,"[{'start': 39869.18, 'end': 39869.78}]",[]
39869780,39870580,NA,OLN,0.0,1206,pause,NA,NA,NA,NA,0.0,0,-23.35,-8.85,[],0,0,[],[]
39870580,39871230,CHI,CHN,0.0,1206,pause,NA,NA,NA,NA,0.0,0,-13.39,-8.17,[],0,650,"[{'start': 39870.58, 'end': 39871.23}]",[]
39871230,39872090,NA,OLN,0.0,1206,pause,NA,NA,NA,NA,0.0,0,-19.8,-9.51,[],0,0,[],[]
39872090,39873100,CHI,CHN,0.0,1206,CIC,BC,0,TIMI,FI,1.0,1010,-16.59,-7.76,"[{'Canonical-syllable': '0', 'Growl': '0', 'High-freq-energy': '1', 'Long-island': '1', 'Low-tilt-spectrum': '1', 'Medium-island': '0', 'Short-island': '0', 'Squeal': '0', 'Typical-entropy': '1', 'Voicing-quality': '1', 'Wide-band': '0', 'Xlong-island': '0', 'seq': '1', 'end': 39873.1, 'start': 39872.27}]",0,0,[],[]
39873100,39874140,NA,OLN,0.0,1206,CIC,NA,NA,NA,NA,0.0,0,-28.96,-16.4,[],0,0,[],[]
39874140,39875140,MAL,MAN,4.5,1206,CIC,RC,1,TIMR,FI,0.0,0,-34.77,-23.25,[],0,0,[],[]
39875140,39875740,CHI,CHN,0.0,1206,CIC,RC,1,TIME,FI,1.0,600,-15.25,-3.16,"[{'Canonical-syllable': '0', 'Growl': '0', 'High-freq-energy': '0', 'Long-island': '0', 'Low-tilt-spectrum': '2', 'Medium-island': '0', 'Short-island': '1', 'Squeal': '1', 'Typical-entropy': '1', 'Voicing-quality': '2', 'Wide-band': '0', 'Xlong-island': '0', 'seq': '1', 'end': 39875.74, 'start': 39875.39}]",0,0,[],[]
39875740,39876720,NA,OLN,0.0,1206,CIC,NA,NA,NA,NA,0.0,0,-17.36,-8.73,[],0,0,[],[]
39876720,39877520,OCH,CXN,0.0,1206,CIC,RC,1,NT,FI,0.0,0,-12.23,-0.77,[],0,0,[],[]
39877520,39882140,NA,OLN,0.0,1206,CIC,NA,NA,NA,NA,0.0,0,-27.55,-9.23,[],0,0,[],[]
39882140,39882950,CHI,CHN,0.0,1206,CIC,RC,1,NT,FI,1.0,810,-13.42,-5.24,"[{'Canonical-syllable': '0', 'Growl': '0', 'High-freq-energy': '0', 'Long-island': '1', 'Low-tilt-spectrum': '1', 'Medium-island': '0', 'Short-island': '0', 'Squeal': '0', 'Typical-entropy': '1', 'Voicing-quality': '1', 'Wide-band': '0', 'Xlong-island': '0', 'seq': '1', 'end': 39882.95, 'start': 39882.14}]",0,0,[],[]
39882950,39884350,NA,OLN,0.0,1206,CIC,NA,NA,NA,NA,0.0,0,-19.51,-10.0,[],0,0,[],[]
39884350,39884950,OCH,CXN,0.0,1206,CIC,RC,1,NT,FI,0.0,0,-14.72,-10.37,[],0,0,[],[]
39884950,39885750,NA,OLN,0.0,1206,CIC,NA,NA,NA,NA,0.0,0,-22.1,-14.86,[],0,0,[],[]
39885750,39887300,FEM,FAN,3.31,1206,CIC,RC,1,TIFI,FI,0.0,0,-21.05,-9.15,[],0,0,[],[]
39887300,39889950,NA,OLN,0.0,1206,CIC,NA,NA,NA,NA,0.0,0,-22.8,-11.7,[],0,0,[],[]
39889950,39890930,CHI,CHN,0.0,1206,CIC,NA,NA,NA,NA,0.0,0,-15.6,-9.58,[],0,980,"[{'start': 39889.95, 'end': 39890.93}]",[]
39890930,39892000,NA,OLN,0.0,1206,CIC,NA,NA,NA,NA,0.0,0,-24.94,-16.59,[],0,0,[],[]
39892000,39892670,CHI,CHN,0.0,1206,CIC,EC,2,TIFR,FI,1.0,540,-19.13,-10.73,"[{'Canonical-syllable': '0', 'Growl': '0', 'High-freq-energy': '0', 'Long-island': '0', 'Low-tilt-spectrum': '0', 'Medium-island': '1', 'Short-island': '0', 'Squeal': '0', 'Typical-entropy': '1', 'Voicing-quality': '1', 'Wide-band': '0', 'Xlong-island': '0', 'seq': '1', 'end': 39892.54, 'start': 39892.0}]",0,0,[],[]
39892670,39895460,NA,OLN,0.0,1207,pause,NA,NA,NA,NA,0.0,0,-26.83,-7.04,[],0,0,[],[]
39895460,39899390,NA,NOF,0.0,1207,pause,NA,NA,NA,NA,0.0,0,-27.71,-5.32,[],0,0,[],[]
39899390,39899990,CHI,CHN,0.0,1207,CM,BC,0,NT,FI,1.0,350,-20.59,-7.61,"[{'Canonical-syllable': '0', 'Growl': '2', 'High-freq-energy': '0', 'Long-island': '0', 'Low-tilt-spectrum': '1', 'Medium-island': '0', 'Short-island': '1', 'Squeal': '0', 'Typical-entropy': '2', 'Voicing-quality': '2', 'Wide-band': '0', 'Xlong-island': '0', 'seq': '1', 'end': 39899.74, 'start': 39899.39}]",0,0,[],[]
39899990,39902820,NA,NOF,0.0,1207,CM,NA,NA,NA,NA,0.0,0,-20.4,-2.33,[],0,0,[],[]
39902820,39903630,NA,OLF,0.0,1207,CM,NA,NA,NA,NA,0.0,0,-19.07,-8.51,[],0,0,[],[]
39903630,39904790,NA,NOF,0.0,1207,CM,NA,NA,NA,NA,0.0,0,-22.77,-10.74,[],0,0,[],[]
39904790,39906920,CHI,CHN,0.0,1207,CM,RC,0,NT,FH,3.0,1140,-18.45,-8.37,"[{'Canonical-syllable': '1', 'Growl': '0', 'High-freq-energy': '0', 'Long-island': '0', 'Low-tilt-spectrum': '0', 'Medium-island': '0', 'Short-island': '1', 'Squeal': '0', 'Typical-entropy': '1', 'Voicing-quality': '1', 'Wide-band': '0', 'Xlong-island': '0', 'seq': '1', 'end': 39905.04, 'start': 39904.79}, {'Canonical-syllable': '0', 'Growl': '1', 'High-freq-energy': '0', 'Long-island': '0', 'Low-tilt-spectrum': '1', 'Medium-island': '1', 'Short-island': '0', 'Squeal': '0', 'Typical-entropy': '2', 'Voicing-quality': '2', 'Wide-band': '0', 'Xlong-island': '0', 'seq': '2', 'end': 39906.28, 'start': 39905.65}, {'Canonical-syllable': '0', 'Growl': '0', 'High-freq-energy': '0', 'Long-island': '0', 'Low-tilt-spectrum': '0', 'Medium-island': '0', 'Short-island': '1', 'Squeal': '0', 'Typical-entropy': '1', 'Voicing-quality': '1', 'Wide-band': '0', 'Xlong-island': '0', 'seq': '3', 'end': 39906.92, 'start': 39906.66}]",0,0,[],[]
39906920,39909160,NA,OLF,0.0,1207,CM,NA,NA,NA,NA,0.0,0,-36.41,-22.66,[],0,0,[],[]
39909160,39909960,NA,NOF,0.0,1207,CM,NA,NA,NA,NA,0.0,0,-17.38,-5.93,[],0,0,[],[]
39909960,39911450,NA,OLF,0.0,1207,CM,NA,NA,NA,NA,0.0,0,-35.13,-25.78,[],0,0,[],[]
39911450,39912050,CHI,CHN,0.0,1207,CM,EC,0,NT,FH,1.0,600,-15.89,-7.5,"[{'Canonical-syllable': '1', 'Growl': '0', 'High-freq-energy': '0', 'Long-island': '0', 'Low-tilt-spectrum': '0', 'Medium-island': '1', 'Short-island': '1', 'Squeal': '0', 'Typical-entropy': '2', 'Voicing-quality': '2', 'Wide-band': '1', 'Xlong-island': '0', 'seq': '1', 'end': 39912.05, 'start': 39911.45}]",0,0,[],[]
39912050,39918010,NA,OLN,0.0,1208,pause,NA,NA,NA,NA,0.0,0,-28.45,-12.77,[],0,0,[],[]
39918010,39918610,CHI,CHN,0.0,1208,pause,NA,NA,NA,NA,0.0,0,-19.48,-9.88,[],0,130,"[{'start': 39918.19, 'end': 39918.32}]",[]
39918610,39920860,NA,OLF,0.0,1208,pause,NA,NA,NA,NA,0.0,0,-24.47,-4.76,[],0,0,[],[]
39920860,39922220,FEM,FAN,5.97,1208,AMF,EC,0,NT,FI,0.0,0,-19.83,-9.5,[],0,0,[],[]
39922220,39923030,NA,SIL,0.0,1209,pause,NA,NA,NA,NA,0.0,0,-50.18,-44.65,[],0,0,[],[]
39923030,39929230,NA,OLN,0.0,1209,pause,NA,NA,NA,NA,0.0,0,-36.68,-21.8,[],0,0,[],[]
39929230,39930440,NA,FAF,0.0,1209,pause,NA,NA,NA,NA,0.0,0,-43.19,-34.95,[],0,0,[],[]
39930440,39931240,NA,OLF,0.0,1209,pause,NA,NA,NA,NA,0.0,0,-39.4,-32.12,[],0,0,[],[]
39931240,39932640,NA,CXF,0.0,1209,pause,NA,NA,NA,NA,0.0,0,-39.25,-31.76,[],0,0,[],[]
39932640,39934270,NA,OLF,0.0,1209,pause,NA,NA,NA,NA,0.0,0,-29.63,-11.25,[],0,0,[],[]
39934270,39935680,FEM,FAN,2.95,1209,AIOCCXF,BC,0,NT,FI,0.0,0,-28.69,-18.36,[],0,0,[],[]
39935680,39938430,NA,OLN,0.0,1209,AIOCCXF,NA,NA,NA,NA,0.0,0,-37.44,-26.71,[],0,0,[],[]
39938430,39939230,OCH,CXN,0.0,1209,AIOCCXF,RC,0,NT,FI,0.0,0,-37.81,-29.62,[],0,0,[],[]
39939230,39940160,CHI,CHN,0.0,1209,AIOCCXF,RC,0,NT,FI,1.0,470,-30.95,-20.24,"[{'Canonical-syllable': '0', 'Growl': '0', 'High-freq-energy': '1', 'Long-island': '0', 'Low-tilt-spectrum': '1', 'Medium-island': '1', 'Short-island': '0', 'Squeal': '1', 'Typical-entropy': '1', 'Voicing-quality': '0', 'Wide-band': '0', 'Xlong-island': '0', 'seq': '1', 'end': 39939.7, 'start': 39939.23}]",0,0,[],[]
39940160,39940960,NA,OLF,0.0,1209,AIOCCXF,NA,NA,NA,NA,0.0,0,-46.88,-40.04,[],0,0,[],[]
39940960,39941760,NA,SIL,0.0,1209,AIOCCXF,NA,NA,NA,NA,0.0,0,-49.17,-43.21,[],0,0,[],[]
39941760,39942760,NA,OLF,0.0,1209,AIOCCXF,NA,NA,NA,NA,0.0,0,-41.11,-32.99,[],0,0,[],[]
39942760,39943770,OCH,CXN,0.0,1209,AIOCCXF,RC,0,NT,FI,0.0,0,-16.33,-11.07,[],0,0,[],[]
39943770,39944800,NA,OLF,0.0,1209,AIOCCXF,NA,NA,NA,NA,0.0,0,-35.06,-19.89,[],0,0,[],[]
39944800,39945800,NA,TVF,0.0,1209,AIOCCXF,NA,NA,NA,NA,0.0,0,-45.66,-40.26,[],0,0,[],[]
39945800,39946800,FEM,FAN,0.0,1209,AIOCCXF,NA,NA,NA,NA,0.0,0,-39.25,-29.38,[],1000,0,[],[]
39946800,39947600,NA,NOF,0.0,1209,AIOCCXF,NA,NA,NA,NA,0.0,0,-37.03,-27.14,[],0,0,[],[]
39947600,39948660,NA,OLN,0.0,1209,AIOCCXF,NA,NA,NA,NA,0.0,0,-36.7,-26.4,[],0,0,[],[]
39948660,39949460,OCH,CXN,0.0,1209,AIOCCXF,RC,0,NT,FH,0.0,0,-36.63,-32.04,[],0,0,[],[]
39949460,39950280,NA,OLN,0.0,1209,AIOCCXF,NA,NA,NA,NA,0.0,0,-35.66,-28.37,[],0,0,[],[]
39950280,39951410,FEM,FAN,2.9,1209,AIOCCXF,RC,0,NT,FI,0.0,0,-36.41,-30.11,[],0,0,[],[]
39951410,39953100,NA,OLN,0.0,1209,AIOCCXF,NA,NA,NA,NA,0.0,0,-36.8,-25.94,[],0,0,[],[]
39953100,39953930,OCH,CXN,0.0,1209,AIOCCXF,RC,0,NT,FI,0.0,0,-37.18,-30.37,[],0,0,[],[]
39953930,39954600,NA,NON,0.0,1209,AIOCCXF,NA,NA,NA,NA,0.0,0,-34.66,-30.06,[],0,0,[],[]
39954600,39955400,NA,CXF,0.0,1209,AIOCCXF,NA,NA,NA,NA,0.0,0,-42.37,-34.33,[],0,0,[],[]
39955400,39956480,NA,FAF,0.0,1209,AIOCCXF,NA,NA,NA,NA,0.0,0,-44.17,-33.62,[],0,0,[],[]
39956480,39957530,NA,OLF,0.0,1209,AIOCCXF,NA,NA,NA,NA,0.0,0,-39.63,-27.83,[],0,0,[],[]
39957530,39958470,OCH,CXN,0.0,1209,AIOCCXF,EC,0,NT,FH,0.0,0,-38.7,-32.24,[],0,0,[],[]
39958470,39960720,NA,NOF,0.0,1210,pause,NA,NA,NA,NA,0.0,0,-42.25,-31.33,[],0,0,[],[]
39960720,39962530,NA,OLF,0.0,1210,pause,NA,NA,NA,NA,0.0,0,-36.75,-30.76,[],0,0,[],[]
39962530,39963330,NA,TVF,0.0,1210,pause,NA,NA,NA,NA,0.0,0,-46.77,-41.24,[],0,0,[],[]
39963330,39964130,NA,OLF,0.0,1210,pause,NA,NA,NA,NA,0.0,0,-42.47,-38.91,[],0,0,[],[]
39964130,39965130,NA,MAF,0.0,1210,pause,NA,NA,NA,NA,0.0,0,-37.76,-33.68,[],0,0,[],[]
39965130,39966090,NA,OLN,0.0,1210,pause,NA,NA,NA,NA,0.0,0,-35.74,-30.0,[],0,0,[],[]
39966090,39967280,NA,CXF,0.0,1210,pause,NA,NA,NA,NA,0.0,0,-44.39,-34.59,[],0,0,[],[]
39967280,39970470,NA,OLF,0.0,1210,pause,NA,NA,NA,NA,0.0,0,-40.39,-30.08,[],0,0,[],[]
39970470,39971290,NA,CXF,0.0,1210,pause,NA,NA,NA,NA,0.0,0,-46.2,-39.39,[],0,0,[],[]
39971290,39972330,NA,TVN,0.0,1210,pause,NA,NA,NA,NA,0.0,0,-45.11,-37.61,[],0,0,[],[]
39972330,39973970,NA,OLN,0.0,1210,pause,NA,NA,NA,NA,0.0,0,-39.09,-30.48,[],0,0,[],[]
39973970,39976430,OCH,CXN,0.0,1210,XIOCA,BC,0,NT,FI,0.0,0,-38.55,-32.12,[],0,0,[],[]
39976430,39977750,NA,FAF,0.0,1210,XIOCA,NA,NA,NA,NA,0.0,0,-42.3,-34.86,[],0,0,[],[]
39977750,39978550,NA,SIL,0.0,1210,XIOCA,NA,NA,NA,NA,0.0,0,-49.47,-44.36,[],0,0,[],[]
39978550,39979350,NA,CXF,0.0,1210,XIOCA,NA,NA,NA,NA,0.0,0,-41.41,-32.23,[],0,0,[],[]
39979350,39980550,FEM,FAN,4.94,1210,XIOCA,RC,0,NT,FI,0.0,0,-30.81,-25.0,[],0,0,[],[]
39980550,39981350,OCH,CXN,0.0,1210,XIOCA,EC,0,NT,FI,0.0,0,-38.46,-34.32,[],0,0,[],[]
39981350,39983240,NA,OLF,0.0,1211,pause,NA,NA,NA,NA,0.0,0,-39.66,-32.47,[],0,0,[],[]
39983240,39984090,NA,FAF,0.0,1211,pause,NA,NA,NA,NA,0.0,0,-38.38,-33.56,[],0,0,[],[]
39984090,39984960,NA,OLF,0.0,1211,pause,NA,NA,NA,NA,0.0,0,-43.12,-27.99,[],0,0,[],[]
39984960,39986780,NA,OLN,0.0,1211,pause,NA,NA,NA,NA,0.0,0,-36.9,-30.65,[],0,0,[],[]
39986780,39987380,FEM,FAN,0.0,1211,pause,NA,NA,NA,NA,0.0,0,-34.08,-30.15,[],600,0,[],[]
39987380,39988230,NA,OLN,0.0,1211,pause,NA,NA,NA,NA,0.0,0,-39.21,-31.26,[],0,0,[],[]
39988230,39990080,OCH,CXN,0.0,1211,XM,EC,0,NT,FI,0.0,0,-40.2,-29.47,[],0,0,[],[]
39990080,39991490,NA,OLF,0.0,1212,pause,NA,NA,NA,NA,0.0,0,-29.19,-12.86,[],0,0,[],[]
39991490,39992500,NA,FAF,0.0,1212,pause,NA,NA,NA,NA,0.0,0,-40.24,-31.85,[],0,0,[],[]
39992500,39993310,NA,NOF,0.0,1212,pause,NA,NA,NA,NA,0.0,0,-44.45,-33.15,[],0,0,[],[]
39993310,39996000,NA,OLN,0.0,1212,pause,NA,NA,NA,NA,0.0,0,-29.6,-14.0,[],0,0,[],[]
39996000,39996800,NA,NOF,0.0,1212,pause,NA,NA,NA,NA,0.0,0,-40.2,-35.86,[],0,0,[],[]
39996800,39998570,NA,OLF,0.0,1212,pause,NA,NA,NA,NA,0.0,0,-38.64,-31.88,[],0,0,[],[]
39998570,39999380,OCH,CXN,0.0,1212,XIOCA,BC,0,NT,FI,0.0,0,-36.81,-29.95,[],0,0,[],[]
39999380,40000240,NA,OLN,0.0,1212,XIOCA,NA,NA,NA,NA,0.0,0,-34.82,-29.99,[],0,0,[],[]
40000240,40001040,NA,NON,0.0,1212,XIOCA,NA,NA,NA,NA,0.0,0,-36.17,-28.62,[],0,0,[],[]
40001040,40001910,NA,OLN,0.0,1212,XIOCA,NA,NA,NA,NA,0.0,0,-36.01,-29.83,[],0,0,[],[]
40001910,40002720,OCH,CXN,0.0,1212,XIOCA,RC,0,NT,FH,0.0,0,-33.66,-24.27,[],0,0,[],[]
40002720,40004070,NA,OLN,0.0,1212,XIOCA,NA,NA,NA,NA,0.0,0,-34.13,-26.14,[],0,0,[],[]
40004070,40004870,NA,NOF,0.0,1212,XIOCA,NA,NA,NA,NA,0.0,0,-40.8,-30.63,[],0,0,[],[]
40004870,40006370,OCH,CXN,0.0,1212,XIOCA,RC,0,NT,FH,0.0,0,-26.06,-15.19,[],0,0,[],[]
40006370,40007250,NA,SIL,0.0,1212,XIOCA,NA,NA,NA,NA,0.0,0,-47.42,-36.38,[],0,0,[],[]
40007250,40008080,NA,MAF,0.0,1212,XIOCA,NA,NA,NA,NA,0.0,0,-45.11,-38.46,[],0,0,[],[]
40008080,40008880,NA,OLN,0.0,1212,XIOCA,NA,NA,NA,NA,0.0,0,-20.58,-12.51,[],0,0,[],[]
40008880,40010020,OCH,CXN,0.0,1212,XIOCA,RC,0,NT,FH,0.0,0,-29.64,-19.85,[],0,0,[],[]
40010020,40010870,NA,OLF,0.0,1212,XIOCA,NA,NA,NA,NA,0.0,0,-45.32,-38.17,[],0,0,[],[]
40010870,40011890,NA,NOF,0.0,1212,XIOCA,NA,NA,NA,NA,0.0,0,-45.19,-36.42,[],0,0,[],[]
40011890,40012900,NA,TVF,0.0,1212,XIOCA,NA,NA,NA,NA,0.0,0,-46.1,-39.91,[],0,0,[],[]
40012900,40014540,FEM,FAN,5.67,1212,XIOCA,EC,0,NT,FI,0.0,0,-35.29,-26.92,[],0,0,[],[]
40014540,40017910,NA,OLN,0.0,1213,pause,NA,NA,NA,NA,0.0,0,-33.16,-20.99,[],0,0,[],[]
40017910,40018510,MAL,MAN,0.0,1213,pause,NA,NA,NA,NA,0.0,0,-35.98,-32.09,[],600,0,[],[]
40018510,40021830,NA,OLN,0.0,1213,pause,NA,NA,NA,NA,0.0,0,-34.39,-21.83,[],0,0,[],[]
40021830,40022430,CHI,CHN,0.0,1213,CM,EC,0,NT,FI,1.0,600,-33.37,-28.36,"[{'Canonical-syllable': '0', 'Growl': '1', 'High-freq-energy': '1', 'Long-island': '0', 'Low-tilt-spectrum': '1', 'Medium-island': '1', 'Short-island': '0', 'Squeal': '0', 'Typical-entropy': '1', 'Voicing-quality': '1', 'Wide-band': '0', 'Xlong-island': '0', 'seq': '1', 'end': 40022.43, 'start': 40021.83}]",0,0,[],[]
40022430,40028190,NA,OLN,0.0,1214,pause,NA,NA,NA,NA,0.0,0,-35.56,-22.19,[],0,0,[],[]
40028190,40029160,NA,NON,0.0,1214,pause,NA,NA,NA,NA,0.0,0,-33.66,-28.96,[],0,0,[],[]
40029160,40030030,NA,OLF,0.0,1214,pause,NA,NA,NA,NA,0.0,0,-39.6,-35.23,[],0,0,[],[]
40030030,40030830,NA,TVN,0.0,1214,pause,NA,NA,NA,NA,0.0,0,-43.52,-35.86,[],0,0,[],[]
40030830,40031650,NA,OLF,0.0,1214,pause,NA,NA,NA,NA,0.0,0,-39.25,-26.8,[],0,0,[],[]
40031650,40032260,CHI,CHN,0.0,1214,pause,NA,NA,NA,NA,0.0,0,-14.24,-10.51,[],0,610,"[{'start': 40031.65, 'end': 40032.26}]",[]
40032260,40034930,NA,OLN,0.0,1214,pause,NA,NA,NA,NA,0.0,0,-20.99,-11.32,[],0,0,[],[]
40034930,40037770,NA,OLF,0.0,1214,pause,NA,NA,NA,NA,0.0,0,-26.7,-5.51,[],0,0,[],[]
40037770,40038770,NA,TVF,0.0,1214,pause,NA,NA,NA,NA,0.0,0,-40.42,-26.44,[],0,0,[],[]
40038770,40039400,CHI,CHN,0.0,1214,CIOCX,BC,0,NT,FI,1.0,630,-14.4,-9.73,"[{'Canonical-syllable': '1', 'Growl': '0', 'High-freq-energy': '0', 'Long-island': '0', 'Low-tilt-spectrum': '1', 'Medium-island': '1', 'Short-island': '0', 'Squeal': '0', 'Typical-entropy': '1', 'Voicing-quality': '1', 'Wide-band': '0', 'Xlong-island': '0', 'seq': '1', 'end': 40039.4, 'start': 40038.77}]",0,0,[],[]
40039400,40040210,NA,OLF,0.0,1214,CIOCX,NA,NA,NA,NA,0.0,0,-38.56,-30.94,[],0,0,[],[]
40040210,40040810,CHI,CHN,0.0,1214,CIOCX,NA,NA,NA,NA,0.0,0,-14.96,-10.1,[],0,400,"[{'start': 40040.41, 'end': 40040.81}]",[]
40040810,40042460,OCH,CXN,0.0,1214,CIOCX,EC,0,NT,FI,0.0,0,-17.75,-4.78,[],0,0,[],[]
40042460,40043070,CHI,CHN,0.0,1215,pause,NA,NA,NA,NA,0.0,0,-14.98,-8.9,[],0,610,"[{'start': 40042.46, 'end': 40043.07}]",[]
40043070,40043990,CHI,CHN,0.0,1215,pause,NA,NA,NA,NA,0.0,0,-19.5,-13.43,[],0,920,"[{'start': 40043.07, 'end': 40043.87}]","[{'start': 40043.87, 'end': 40043.99}]"
40043990,40044870,CHI,CHN,0.0,1215,pause,NA,NA,NA,NA,0.0,0,-17.1,-9.39,[],0,880,"[{'start': 40043.99, 'end': 40044.87}]",[]
40044870,40045870,NA,MAF,0.0,1215,pause,NA,NA,NA,NA,0.0,0,-39.25,-32.56,[],0,0,[],[]
40045870,40052000,NA,OLN,0.0,1215,pause,NA,NA,NA,NA,0.0,0,-34.04,-19.16,[],0,0,[],[]
40052000,40052680,CHI,CHN,0.0,1215,pause,NA,NA,NA,NA,0.0,0,-20.94,-10.76,[],0,270,[],"[{'start': 40052.41, 'end': 40052.68}]"
40052680,40053670,NA,OLN,0.0,1215,pause,NA,NA,NA,NA,0.0,0,-35.33,-29.24,[],0,0,[],[]
40053670,40054280,CHI,CHN,0.0,1215,pause,NA,NA,NA,NA,0.0,0,-19.7,-8.53,[],0,610,"[{'start': 40053.67, 'end': 40054.03}]","[{'start': 40054.03, 'end': 40054.28}]"
40054280,40062200,NA,OLN,0.0,1215,pause,NA,NA,NA,NA,0.0,0,-25.76,-1.84,[],0,0,[],[]
40062200,40063000,OCH,CXN,0.0,1215,XM,BC,0,NT,FI,0.0,0,-22.68,-13.01,[],0,0,[],[]
40063000,40064050,NA,OLN,0.0,1215,XM,NA,NA,NA,NA,0.0,0,-35.55,-30.46,[],0,0,[],[]
40064050,40064690,OCH,CXN,0.0,1215,XM,EC,0,NT,FH,0.0,0,-20.65,-9.74,[],0,0,[],[]
40064690,40076560,NA,OLN,0.0,1216,pause,NA,NA,NA,NA,0.0,0,-32.77,-19.17,[],0,0,[],[]
40076560,40077170,CHI,CHN,0.0,1216,CIOCX,BC,0,NT,FI,1.0,160,-25.05,-17.68,"[{'Canonical-syllable': '0', 'Growl': '0', 'High-freq-energy': '0', 'Long-island': '0', 'Low-tilt-spectrum': '1', 'Medium-island': '0', 'Short-island': '1', 'Squeal': '0', 'Typical-entropy': '1', 'Voicing-quality': '1', 'Wide-band': '0', 'Xlong-island': '0', 'seq': '1', 'end': 40077.17, 'start': 40077.01}]",0,0,[],[]
40077170,40078170,OCH,CXN,0.0,1216,CIOCX,RC,0,NT,FI,0.0,0,-22.35,-14.3,[],0,0,[],[]
40078170,40080160,CHI,CHN,0.0,1216,CIOCX,RC,0,NT,FI,1.0,1990,-15.79,-5.58,"[{'Canonical-syllable': '1', 'Growl': '0', 'High-freq-energy': '0', 'Long-island': '1', 'Low-tilt-spectrum': '4', 'Medium-island': '0', 'Short-island': '3', 'Squeal': '0', 'Typical-entropy': '4', 'Voicing-quality': '4', 'Wide-band': '0', 'Xlong-island': '0', 'seq': '1', 'end': 40080.16, 'start': 40078.17}]",0,0,[],[]
40080160,40082440,NA,OLN,0.0,1216,CIOCX,NA,NA,NA,NA,0.0,0,-22.33,-11.76,[],0,0,[],[]
40082440,40083140,CHI,CHN,0.0,1216,CIOCX,RC,0,NT,FH,1.0,700,-17.88,-9.63,"[{'Canonical-syllable': '1', 'Growl': '0', 'High-freq-energy': '0', 'Long-island': '0', 'Low-tilt-spectrum': '2', 'Medium-island': '0', 'Short-island': '1', 'Squeal': '0', 'Typical-entropy': '2', 'Voicing-quality': '2', 'Wide-band': '0', 'Xlong-island': '0', 'seq': '1', 'end': 40083.14, 'start': 40082.44}]",0,0,[],[]
40083140,40083950,OCH,CXN,0.0,1216,CIOCX,RC,0,NT,FI,0.0,0,-29.14,-17.12,[],0,0,[],[]
40083950,40084950,CHI,CHN,0.0,1216,CIOCX,RC,0,NT,FI,2.0,580,-19.89,-9.59,"[{'Canonical-syllable': '0', 'Growl': '0', 'High-freq-energy': '0', 'Long-island': '0', 'Low-tilt-spectrum': '1', 'Medium-island': '1', 'Short-island': '0', 'Squeal': '0', 'Typical-entropy': '1', 'Voicing-quality': '1', 'Wide-band': '0', 'Xlong-island': '0', 'seq': '1', 'end': 40084.29, 'start': 40083.95}, {'Canonical-syllable': '0', 'Growl': '1', 'High-freq-energy': '0', 'Long-island': '0', 'Low-tilt-spectrum': '1', 'Medium-island': '0', 'Short-island': '1', 'Squeal': '0', 'Typical-entropy': '1', 'Voicing-quality': '1', 'Wide-band': '0', 'Xlong-island': '0', 'seq': '2', 'end': 40084.85, 'start': 40084.61}]",0,0,[],[]
40084950,40085800,OCH,CXN,0.0,1216,CIOCX,RC,0,NT,FI,0.0,0,-26.94,-19.47,[],0,0,[],[]
40085800,40089100,NA,OLN,0.0,1216,CIOCX,NA,NA,NA,NA,0.0,0,-19.11,-3.24,[],0,0,[],[]
40089100,40090010,OCH,CXN,0.0,1216,CIOCX,RC,0,NT,FH,0.0,0,-20.83,-12.41,[],0,0,[],[]
40090010,40091090,OCH,CXN,0.0,1216,CIOCX,RC,0,NT,FH,0.0,0,-19.38,-12.76,[],0,0,[],[]
40091090,40092170,NA,NOF,0.0,1216,CIOCX,NA,NA,NA,NA,0.0,0,-39.38,-28.0,[],0,0,[],[]
40092170,40095320,NA,OLN,0.0,1216,CIOCX,NA,NA,NA,NA,0.0,0,-28.88,-15.14,[],0,0,[],[]
40095320,40096920,CHI,CHN,0.0,1216,CIOCX,RC,0,NT,FI,1.0,1480,-14.09,-4.11,"[{'Canonical-syllable': '3', 'Growl': '0', 'High-freq-energy': '0', 'Long-island': '0', 'Low-tilt-spectrum': '1', 'Medium-island': '1', 'Short-island': '4', 'Squeal': '0', 'Typical-entropy': '4', 'Voicing-quality': '5', 'Wide-band': '0', 'Xlong-island': '0', 'seq': '1', 'end': 40096.8, 'start': 40095.32}]",0,0,[],[]
40096920,40097720,OCH,CXN,0.0,1216,CIOCX,RC,0,NT,FI,0.0,0,-18.76,-9.65,[],0,0,[],[]
40097720,40099020,NA,OLN,0.0,1216,CIOCX,NA,NA,NA,NA,0.0,0,-21.83,-7.02,[],0,0,[],[]
40099020,40099820,NA,NON,0.0,1216,CIOCX,NA,NA,NA,NA,0.0,0,-30.44,-16.04,[],0,0,[],[]
40099820,40100420,CHI,CHN,0.0,1216,CIOCX,RC,0,NT,FI,1.0,600,-21.23,-12.66,"[{'Canonical-syllable': '1', 'Growl': '0', 'High-freq-energy': '0', 'Long-island': '0', 'Low-tilt-spectrum': '1', 'Medium-island': '0', 'Short-island': '1', 'Squeal': '0', 'Typical-entropy': '2', 'Voicing-quality': '2', 'Wide-band': '0', 'Xlong-island': '0', 'seq': '1', 'end': 40100.42, 'start': 40099.82}]",0,0,[],[]
40100420,40101220,NA,OLN,0.0,1216,CIOCX,NA,NA,NA,NA,0.0,0,-21.07,-10.33,[],0,0,[],[]
40101220,40101900,CHI,CHN,0.0,1216,CIOCX,RC,0,NT,FH,1.0,680,-18.55,-12.48,"[{'Canonical-syllable': '1', 'Growl': '0', 'High-freq-energy': '0', 'Long-island': '0', 'Low-tilt-spectrum': '1', 'Medium-island': '1', 'Short-island': '1', 'Squeal': '0', 'Typical-entropy': '2', 'Voicing-quality': '2', 'Wide-band': '0', 'Xlong-island': '0', 'seq': '1', 'end': 40101.9, 'start': 40101.22}]",0,0,[],[]
40101900,40103070,OCH,CXN,0.0,1216,CIOCX,RC,0,NT,FI,0.0,0,-18.26,-3.31,[],0,0,[],[]
40103070,40107380,NA,OLN,0.0,1216,CIOCX,NA,NA,NA,NA,0.0,0,-22.04,-9.98,[],0,0,[],[]
40107380,40108230,CHI,CHN,0.0,1216,CIOCX,RC,0,NT,FI,1.0,850,-13.6,-4.01,"[{'Canonical-syllable': '0', 'Growl': '0', 'High-freq-energy': '0', 'Long-island': '0', 'Low-tilt-spectrum': '1', 'Medium-island': '1', 'Short-island': '1', 'Squeal': '0', 'Typical-entropy': '2', 'Voicing-quality': '2', 'Wide-band': '0', 'Xlong-island': '0', 'seq': '1', 'end': 40108.23, 'start': 40107.46}]",0,0,[],[]
40108230,40109380,OCH,CXN,0.0,1216,CIOCX,RC,0,NT,FI,0.0,0,-16.35,-9.09,[],0,0,[],[]
40109380,40110350,NA,OLN,0.0,1216,CIOCX,NA,NA,NA,NA,0.0,0,-26.62,-18.21,[],0,0,[],[]
40110350,40111150,OCH,CXN,0.0,1216,CIOCX,RC,0,NT,FH,0.0,0,-27.08,-21.39,[],0,0,[],[]
40111150,40111950,NA,OLN,0.0,1216,CIOCX,NA,NA,NA,NA,0.0,0,-37.52,-29.81,[],0,0,[],[]
40111950,40112550,CHI,CHN,0.0,1216,CIOCX,RC,0,NT,FI,1.0,600,-13.53,-4.89,"[{'Canonical-syllable': '1', 'Growl': '1', 'High-freq-energy': '0', 'Long-island': '0', 'Low-tilt-spectrum': '1', 'Medium-island': '0', 'Short-island': '2', 'Squeal': '0', 'Typical-entropy': '2', 'Voicing-quality': '2', 'Wide-band': '0', 'Xlong-island': '0', 'seq': '1', 'end': 40112.55, 'start': 40111.95}]",0,0,[],[]
40112550,40113360,CHI,CHN,0.0,1216,CIOCX,RC,0,NT,FH,1.0,700,-16.89,-8.87,"[{'Canonical-syllable': '0', 'Growl': '0', 'High-freq-energy': '0', 'Long-island': '0', 'Low-tilt-spectrum': '1', 'Medium-island': '1', 'Short-island': '1', 'Squeal': '0', 'Typical-entropy': '3', 'Voicing-quality': '3', 'Wide-band': '1', 'Xlong-island': '0', 'seq': '1', 'end': 40113.25, 'start': 40112.55}]",0,0,[],[]
40113360,40114510,CHI,CHN,0.0,1216,CIOCX,RC,0,NT,FH,1.0,1150,-14.4,-1.9,"[{'Canonical-syllable': '1', 'Growl': '0', 'High-freq-energy': '0', 'Long-island': '0', 'Low-tilt-spectrum': '2', 'Medium-island': '0', 'Short-island': '3', 'Squeal': '0', 'Typical-entropy': '3', 'Voicing-quality': '4', 'Wide-band': '0', 'Xlong-island': '0', 'seq': '1', 'end': 40114.51, 'start': 40113.36}]",0,0,[],[]
40114510,40117130,NA,OLN,0.0,1216,CIOCX,NA,NA,NA,NA,0.0,0,-25.88,-6.88,[],0,0,[],[]
40117130,40117930,OCH,CXN,0.0,1216,CIOCX,RC,0,NT,FI,0.0,0,-28.1,-16.89,[],0,0,[],[]
40117930,40121380,NA,OLN,0.0,1216,CIOCX,NA,NA,NA,NA,0.0,0,-23.93,-5.6,[],0,0,[],[]
40121380,40121980,CHI,CHN,0.0,1216,CIOCX,EC,0,NT,FI,1.0,600,-20.23,-11.84,"[{'Canonical-syllable': '0', 'Growl': '0', 'High-freq-energy': '0', 'Long-island': '0', 'Low-tilt-spectrum': '1', 'Medium-island': '0', 'Short-island': '1', 'Squeal': '0', 'Typical-entropy': '1', 'Voicing-quality': '1', 'Wide-band': '0', 'Xlong-island': '0', 'seq': '1', 'end': 40121.98, 'start': 40121.38}]",0,0,[],[]
40121980,40127450,NA,OLN,0.0,1217,pause,NA,NA,NA,NA,0.0,0,-23.9,-4.9,[],0,0,[],[]
40127450,40128550,NA,NON,0.0,1217,pause,NA,NA,NA,NA,0.0,0,-22.6,-16.61,[],0,0,[],[]
40128550,40133770,NA,OLN,0.0,1217,pause,NA,NA,NA,NA,0.0,0,-30.31,-14.38,[],0,0,[],[]
40133770,40134570,NA,NON,0.0,1217,pause,NA,NA,NA,NA,0.0,0,-31.46,-24.67,[],0,0,[],[]
40134570,40135170,CHI,CHN,0.0,1217,pause,NA,NA,NA,NA,0.0,0,-16.55,-11.17,[],0,600,"[{'start': 40134.57, 'end': 40134.86}]","[{'start': 40134.86, 'end': 40135.17}]"
40135170,40136460,NA,NON,0.0,1217,pause,NA,NA,NA,NA,0.0,0,-19.35,-6.93,[],0,0,[],[]
40136460,40138380,NA,OLN,0.0,1217,pause,NA,NA,NA,NA,0.0,0,-32.11,-19.05,[],0,0,[],[]
40138380,40139200,OCH,CXN,0.0,1217,XIOCC,BC,0,NT,FI,0.0,0,-16.46,-8.24,[],0,0,[],[]
40139200,40140040,CHI,CHN,0.0,1217,XIOCC,RC,0,NT,FI,1.0,840,-16.5,-9.44,"[{'Canonical-syllable': '1', 'Growl': '0', 'High-freq-energy': '0', 'Long-island': '0', 'Low-tilt-spectrum': '0', 'Medium-island': '2', 'Short-island': '1', 'Squeal': '0', 'Typical-entropy': '2', 'Voicing-quality': '3', 'Wide-band': '0', 'Xlong-island': '0', 'seq': '1', 'end': 40140.04, 'start': 40139.2}]",0,0,[],[]
40140040,40142800,NA,OLN,0.0,1217,XIOCC,NA,NA,NA,NA,0.0,0,-23.12,-8.17,[],0,0,[],[]
40142800,40143600,OCH,CXN,0.0,1217,XIOCC,RC,0,NT,FI,0.0,0,-35.46,-30.35,[],0,0,[],[]
40143600,40147380,NA,OLN,0.0,1217,XIOCC,NA,NA,NA,NA,0.0,0,-29.55,-17.23,[],0,0,[],[]
40147380,40148630,CHI,CHN,0.0,1217,XIOCC,RC,0,NT,FI,2.0,710,-20.67,-11.37,"[{'Canonical-syllable': '0', 'Growl': '1', 'High-freq-energy': '1', 'Long-island': '0', 'Low-tilt-spectrum': '2', 'Medium-island': '1', 'Short-island': '1', 'Squeal': '0', 'Typical-entropy': '2', 'Voicing-quality': '1', 'Wide-band': '0', 'Xlong-island': '0', 'seq': '1', 'end': 40147.87, 'start': 40147.38}, {'Canonical-syllable': '0', 'Growl': '1', 'High-freq-energy': '0', 'Long-island': '0', 'Low-tilt-spectrum': '1', 'Medium-island': '0', 'Short-island': '1', 'Squeal': '0', 'Typical-entropy': '1', 'Voicing-quality': '0', 'Wide-band': '0', 'Xlong-island': '0', 'seq': '2', 'end': 40148.63, 'start': 40148.41}]",0,0,[],[]
40148630,40149690,CHI,CHN,0.0,1217,XIOCC,RC,0,NT,FH,1.0,1060,-21.63,-13.53,"[{'Canonical-syllable': '1', 'Growl': '1', 'High-freq-energy': '0', 'Long-island': '0', 'Low-tilt-spectrum': '4', 'Medium-island': '1', 'Short-island': '2', 'Squeal': '0', 'Typical-entropy': '3', 'Voicing-quality': '3', 'Wide-band': '1', 'Xlong-island': '0', 'seq': '1', 'end': 40149.69, 'start': 40148.63}]",0,0,[],[]
40149690,40152280,NA,NON,0.0,1217,XIOCC,NA,NA,NA,NA,0.0,0,-28.53,-16.56,[],0,0,[],[]
40152280,40152890,CHI,CHN,0.0,1217,XIOCC,EC,0,NT,FH,1.0,290,-21.62,-9.36,"[{'Canonical-syllable': '0', 'Growl': '1', 'High-freq-energy': '0', 'Long-island': '0', 'Low-tilt-spectrum': '1', 'Medium-island': '1', 'Short-island': '0', 'Squeal': '0', 'Typical-entropy': '1', 'Voicing-quality': '1', 'Wide-band': '0', 'Xlong-island': '0', 'seq': '1', 'end': 40152.57, 'start': 40152.28}]",0,0,[],[]
40152890,40154780,NA,OLN,0.0,1218,pause,NA,NA,NA,NA,0.0,0,-36.63,-24.73,[],0,0,[],[]
40154780,40156780,NA,OLF,0.0,1218,pause,NA,NA,NA,NA,0.0,0,-41.82,-28.19,[],0,0,[],[]
40156780,40158140,NA,CXF,0.0,1218,pause,NA,NA,NA,NA,0.0,0,-44.32,-39.09,[],0,0,[],[]
40158140,40159250,NA,NOF,0.0,1218,pause,NA,NA,NA,NA,0.0,0,-47.13,-38.71,[],0,0,[],[]
40159250,40160050,NA,OLF,0.0,1218,pause,NA,NA,NA,NA,0.0,0,-43.6,-37.66,[],0,0,[],[]
40160050,40162010,NA,NOF,0.0,1218,pause,NA,NA,NA,NA,0.0,0,-45.89,-38.84,[],0,0,[],[]
40162010,40162610,NA,CHF,0.0,1218,pause,NA,NA,NA,NA,0.0,0,-46.27,-40.1,[],0,600,[],"[{'start': 40162.01, 'end': 40162.61}]"
40162610,40164000,NA,OLF,0.0,1218,pause,NA,NA,NA,NA,0.0,0,-49.74,-38.51,[],0,0,[],[]
40164000,40165980,OCH,CXN,0.0,1218,XIOCC,BC,0,NT,FI,0.0,0,-32.31,-22.24,[],0,0,[],[]
40165980,40166920,NA,OLN,0.0,1218,XIOCC,NA,NA,NA,NA,0.0,0,-41.43,-34.37,[],0,0,[],[]
40166920,40167720,NA,FAF,0.0,1218,XIOCC,NA,NA,NA,NA,0.0,0,-42.6,-34.95,[],0,0,[],[]
40167720,40168700,NA,OLF,0.0,1218,XIOCC,NA,NA,NA,NA,0.0,0,-37.11,-28.31,[],0,0,[],[]
40168700,40169590,OCH,CXN,0.0,1218,XIOCC,RC,0,NT,FH,0.0,0,-28.89,-18.73,[],0,0,[],[]
40169590,40170870,NA,OLN,0.0,1218,XIOCC,NA,NA,NA,NA,0.0,0,-27.55,-13.59,[],0,0,[],[]
40170870,40171940,OCH,CXN,0.0,1218,XIOCC,RC,0,NT,FH,0.0,0,-23.37,-16.52,[],0,0,[],[]
40171940,40173440,NA,OLF,0.0,1218,XIOCC,NA,NA,NA,NA,0.0,0,-37.41,-27.87,[],0,0,[],[]
40173440,40174440,CHI,CHN,0.0,1218,XIOCC,RC,0,NT,FI,1.0,320,-22.7,-11.51,"[{'Canonical-syllable': '1', 'Growl': '0', 'High-freq-energy': '0', 'Long-island': '0', 'Low-tilt-spectrum': '1', 'Medium-island': '1', 'Short-island': '0', 'Squeal': '0', 'Typical-entropy': '1', 'Voicing-quality': '1', 'Wide-band': '0', 'Xlong-island': '0', 'seq': '1', 'end': 40174.44, 'start': 40174.12}]",0,0,[],[]
40174440,40175440,OCH,CXN,0.0,1218,XIOCC,RC,0,NT,FI,0.0,0,-24.05,-17.36,[],0,0,[],[]
40175440,40177870,NA,OLN,0.0,1218,XIOCC,NA,NA,NA,NA,0.0,0,-27.38,-11.81,[],0,0,[],[]
40177870,40178470,CHI,CHN,0.0,1218,XIOCC,RC,0,NT,FI,1.0,600,-24.77,-20.63,"[{'Canonical-syllable': '0', 'Growl': '1', 'High-freq-energy': '0', 'Long-island': '0', 'Low-tilt-spectrum': '1', 'Medium-island': '1', 'Short-island': '1', 'Squeal': '0', 'Typical-entropy': '1', 'Voicing-quality': '1', 'Wide-band': '0', 'Xlong-island': '0', 'seq': '1', 'end': 40178.47, 'start': 40177.87}]",0,0,[],[]
40178470,40179400,OCH,CXN,0.0,1218,XIOCC,EC,0,NT,FI,0.0,0,-31.58,-21.13,[],0,0,[],[]
40179400,40184840,NA,OLN,0.0,1219,pause,NA,NA,NA,NA,0.0,0,-31.51,-18.46,[],0,0,[],[]
40184840,40185650,NA,CXF,0.0,1219,pause,NA,NA,NA,NA,0.0,0,-38.72,-26.94,[],0,0,[],[]
40185650,40191090,NA,OLN,0.0,1219,pause,NA,NA,NA,NA,0.0,0,-27.04,-16.32,[],0,0,[],[]
40191090,40191920,NA,NON,0.0,1219,pause,NA,NA,NA,NA,0.0,0,-27.92,-17.88,[],0,0,[],[]
40191920,40194310,NA,OLN,0.0,1219,pause,NA,NA,NA,NA,0.0,0,-20.68,-5.62,[],0,0,[],[]
40194310,40195330,OCH,CXN,0.0,1219,XM,BC,0,NT,FI,0.0,0,-15.28,-6.58,[],0,0,[],[]
40195330,40197330,OCH,CXN,0.0,1219,XM,RC,0,NT,FH,0.0,0,-21.16,-9.64,[],0,0,[],[]
40197330,40201500,NA,OLN,0.0,1219,XM,NA,NA,NA,NA,0.0,0,-24.46,-13.72,[],0,0,[],[]
40201500,40202520,OCH,CXN,0.0,1219,XM,RC,0,NT,FH,0.0,0,-30.92,-22.88,[],0,0,[],[]
40202520,40203980,NA,OLN,0.0,1219,XM,NA,NA,NA,NA,0.0,0,-21.72,-10.03,[],0,0,[],[]
40203980,40204580,CHI,CHN,0.0,1219,XM,NA,NA,NA,NA,0.0,0,-15.54,-5.6,[],0,600,"[{'start': 40203.98, 'end': 40204.58}]",[]
40204580,40205380,OCH,CXN,0.0,1219,XM,RC,0,NT,FH,0.0,0,-19.12,-11.56,[],0,0,[],[]
40205380,40206540,NA,OLN,0.0,1219,XM,NA,NA,NA,NA,0.0,0,-17.71,-11.46,[],0,0,[],[]
40206540,40207210,CHI,CHN,0.0,1219,XM,NA,NA,NA,NA,0.0,0,-13.81,-4.51,[],0,670,"[{'start': 40206.54, 'end': 40206.85}]","[{'start': 40206.85, 'end': 40207.21}]"
40207210,40208020,NA,OLN,0.0,1219,XM,NA,NA,NA,NA,0.0,0,-29.01,-19.9,[],0,0,[],[]
40208020,40208740,CHI,CHN,0.0,1219,XM,NA,NA,NA,NA,0.0,0,-14.86,-9.47,[],0,720,"[{'start': 40208.02, 'end': 40208.74}]",[]
40208740,40209540,OCH,CXN,0.0,1219,XM,RC,0,NT,FH,0.0,0,-16.84,-7.03,[],0,0,[],[]
40209540,40210540,OCH,CXN,0.0,1219,XM,RC,0,NT,FH,0.0,0,-24.42,-16.37,[],0,0,[],[]
40210540,40211380,OCH,CXN,0.0,1219,XM,RC,0,NT,FH,0.0,0,-30.2,-23.61,[],0,0,[],[]
40211380,40212720,NA,OLN,0.0,1219,XM,NA,NA,NA,NA,0.0,0,-33.85,-24.67,[],0,0,[],[]
40212720,40213520,OCH,CXN,0.0,1219,XM,EC,0,NT,FH,0.0,0,-28.24,-23.25,[],0,0,[],[]
40213520,40215130,NA,OLN,0.0,1220,pause,NA,NA,NA,NA,0.0,0,-24.79,-9.65,[],0,0,[],[]
40215130,40215930,NA,NON,0.0,1220,pause,NA,NA,NA,NA,0.0,0,-30.86,-25.48,[],0,0,[],[]
40215930,40217270,NA,OLN,0.0,1220,pause,NA,NA,NA,NA,0.0,0,-29.22,-24.4,[],0,0,[],[]
40217270,40218740,NA,NON,0.0,1220,pause,NA,NA,NA,NA,0.0,0,-28.45,-18.85,[],0,0,[],[]
40218740,40221200,NA,OLN,0.0,1220,pause,NA,NA,NA,NA,0.0,0,-29.21,-18.02,[],0,0,[],[]
40221200,40221810,CHI,CHN,0.0,1220,pause,NA,NA,NA,NA,0.0,0,-13.15,-5.49,[],0,500,"[{'start': 40221.2, 'end': 40221.7}]",[]
40221810,40222810,CHI,CHN,0.0,1220,CIOCX,BC,0,NT,FI,1.0,890,-17.98,-11.03,"[{'Canonical-syllable': '0', 'Growl': '0', 'High-freq-energy': '0', 'Long-island': '0', 'Low-tilt-spectrum': '1', 'Medium-island': '1', 'Short-island': '0', 'Squeal': '0', 'Typical-entropy': '2', 'Voicing-quality': '3', 'Wide-band': '1', 'Xlong-island': '0', 'seq': '1', 'end': 40222.7, 'start': 40221.81}]",0,0,[],[]
40222810,40223610,NA,OLN,0.0,1220,CIOCX,NA,NA,NA,NA,0.0,0,-12.18,-3.78,[],0,0,[],[]
40223610,40225120,OCH,CXN,0.0,1220,CIOCX,RC,0,NT,FI,0.0,0,-31.22,-24.99,[],0,0,[],[]
40225120,40228110,NA,OLN,0.0,1220,CIOCX,NA,NA,NA,NA,0.0,0,-20.16,-3.62,[],0,0,[],[]
40228110,40228770,CHI,CHN,0.0,1220,CIOCX,RC,0,NT,FI,1.0,570,-15.12,-4.36,"[{'Canonical-syllable': '0', 'Growl': '0', 'High-freq-energy': '0', 'Long-island': '0', 'Low-tilt-spectrum': '2', 'Medium-island': '1', 'Short-island': '1', 'Squeal': '1', 'Typical-entropy': '2', 'Voicing-quality': '0', 'Wide-band': '1', 'Xlong-island': '0', 'seq': '1', 'end': 40228.68, 'start': 40228.11}]",0,0,[],[]
40228770,40230470,NA,OLN,0.0,1220,CIOCX,NA,NA,NA,NA,0.0,0,-17.65,-3.28,[],0,0,[],[]
40230470,40231670,CHI,CHN,0.0,1220,CIOCX,RC,0,NT,FH,1.0,1100,-18.44,-6.04,"[{'Canonical-syllable': '0', 'Growl': '0', 'High-freq-energy': '0', 'Long-island': '0', 'Low-tilt-spectrum': '2', 'Medium-island': '2', 'Short-island': '1', 'Squeal': '0', 'Typical-entropy': '2', 'Voicing-quality': '3', 'Wide-band': '0', 'Xlong-island': '0', 'seq': '1', 'end': 40231.57, 'start': 40230.55}]",0,0,[],[]
40231670,40232490,NA,NON,0.0,1220,CIOCX,NA,NA,NA,NA,0.0,0,-21.52,-6.56,[],0,0,[],[]
40232490,40233090,CHI,CHN,0.0,1220,CIOCX,RC,0,NT,FH,1.0,600,-16.92,-10.69,"[{'Canonical-syllable': '0', 'Growl': '0', 'High-freq-energy': '0', 'Long-island': '0', 'Low-tilt-spectrum': '1', 'Medium-island': '1', 'Short-island': '0', 'Squeal': '0', 'Typical-entropy': '1', 'Voicing-quality': '1', 'Wide-band': '0', 'Xlong-island': '0', 'seq': '1', 'end': 40233.09, 'start': 40232.49}]",0,0,[],[]
40233090,40236150,NA,OLN,0.0,1220,CIOCX,NA,NA,NA,NA,0.0,0,-17.24,-4.92,[],0,0,[],[]
40236150,40237980,CHI,CHN,0.0,1220,CIOCX,RC,0,NT,FH,1.0,1670,-14.24,-2.58,"[{'Canonical-syllable': '3', 'Growl': '0', 'High-freq-energy': '0', 'Long-island': '0', 'Low-tilt-spectrum': '6', 'Medium-island': '1', 'Short-island': '5', 'Squeal': '0', 'Typical-entropy': '6', 'Voicing-quality': '5', 'Wide-band': '0', 'Xlong-island': '0', 'seq': '1', 'end': 40237.82, 'start': 40236.15}]",0,0,[],[]
40237980,40238810,NA,OLN,0.0,1220,CIOCX,NA,NA,NA,NA,0.0,0,-19.07,-11.42,[],0,0,[],[]
40238810,40239490,CHI,CHN,0.0,1220,CIOCX,RC,0,NT,FH,1.0,680,-15.43,-10.18,"[{'Canonical-syllable': '0', 'Growl': '1', 'High-freq-energy': '1', 'Long-island': '0', 'Low-tilt-spectrum': '0', 'Medium-island': '0', 'Short-island': '2', 'Squeal': '0', 'Typical-entropy': '1', 'Voicing-quality': '2', 'Wide-band': '0', 'Xlong-island': '0', 'seq': '1', 'end': 40239.49, 'start': 40238.81}]",0,0,[],[]
40239490,40240390,NA,OLN,0.0,1220,CIOCX,NA,NA,NA,NA,0.0,0,-21.53,-9.6,[],0,0,[],[]
40240390,40240990,CHI,CHN,0.0,1220,CIOCX,RC,0,NT,FH,1.0,600,-17.25,-7.07,"[{'Canonical-syllable': '0', 'Growl': '0', 'High-freq-energy': '0', 'Long-island': '0', 'Low-tilt-spectrum': '0', 'Medium-island': '1', 'Short-island': '0', 'Squeal': '0', 'Typical-entropy': '1', 'Voicing-quality': '1', 'Wide-band': '0', 'Xlong-island': '0', 'seq': '1', 'end': 40240.99, 'start': 40240.5}]",0,0,[],[]
40240990,40242240,NA,OLN,0.0,1220,CIOCX,NA,NA,NA,NA,0.0,0,-20.79,-9.65,[],0,0,[],[]
40242240,40243260,CHI,CHN,0.0,1220,CIOCX,RC,0,NT,FH,1.0,1020,-19.25,-8.71,"[{'Canonical-syllable': '0', 'Growl': '0', 'High-freq-energy': '0', 'Long-island': '1', 'Low-tilt-spectrum': '1', 'Medium-island': '0', 'Short-island': '0', 'Squeal': '0', 'Typical-entropy': '1', 'Voicing-quality': '1', 'Wide-band': '0', 'Xlong-island': '0', 'seq': '1', 'end': 40243.26, 'start': 40242.34}]",0,0,[],[]
40243260,40244910,NA,OLN,0.0,1220,CIOCX,NA,NA,NA,NA,0.0,0,-20.21,-7.64,[],0,0,[],[]
40244910,40245850,NA,NON,0.0,1220,CIOCX,NA,NA,NA,NA,0.0,0,-25.25,-17.47,[],0,0,[],[]
40245850,40247300,NA,OLN,0.0,1220,CIOCX,NA,NA,NA,NA,0.0,0,-22.95,-7.95,[],0,0,[],[]
40247300,40248130,OCH,CXN,0.0,1220,CIOCX,RC,0,NT,FI,0.0,0,-24.83,-16.85,[],0,0,[],[]
40248130,40248960,NA,OLN,0.0,1220,CIOCX,NA,NA,NA,NA,0.0,0,-21.84,-4.16,[],0,0,[],[]
40248960,40250180,OCH,CXN,0.0,1220,CIOCX,RC,0,NT,FH,0.0,0,-27.03,-9.51,[],0,0,[],[]
40250180,40251420,NA,OLN,0.0,1220,CIOCX,NA,NA,NA,NA,0.0,0,-35.85,-25.33,[],0,0,[],[]
40251420,40253760,NA,NOF,0.0,1220,CIOCX,NA,NA,NA,NA,0.0,0,-36.93,-17.44,[],0,0,[],[]
40253760,40255460,OCH,CXN,0.0,1220,CIOCX,RC,0,NT,FH,0.0,0,-29.66,-22.77,[],0,0,[],[]
40255460,40256950,NA,OLN,0.0,1220,CIOCX,NA,NA,NA,NA,0.0,0,-25.27,-12.32,[],0,0,[],[]
40256950,40257750,NA,NOF,0.0,1220,CIOCX,NA,NA,NA,NA,0.0,0,-30.66,-18.82,[],0,0,[],[]
40257750,40258350,CHI,CHN,0.0,1220,CIOCX,RC,0,NT,FI,1.0,600,-16.52,-6.86,"[{'Canonical-syllable': '1', 'Growl': '0', 'High-freq-energy': '0', 'Long-island': '0', 'Low-tilt-spectrum': '1', 'Medium-island': '1', 'Short-island': '0', 'Squeal': '0', 'Typical-entropy': '1', 'Voicing-quality': '1', 'Wide-band': '0', 'Xlong-island': '0', 'seq': '1', 'end': 40258.35, 'start': 40257.98}]",0,0,[],[]
40258350,40259490,OCH,CXN,0.0,1220,CIOCX,RC,0,NT,FI,0.0,0,-17.44,-11.49,[],0,0,[],[]
40259490,40260650,NA,OLN,0.0,1220,CIOCX,NA,NA,NA,NA,0.0,0,-27.44,-16.41,[],0,0,[],[]
40260650,40261450,OCH,CXN,0.0,1220,CIOCX,EC,0,NT,FH,0.0,0,-27.35,-20.55,[],0,0,[],[]
40261450,40264370,NA,OLN,0.0,1221,pause,NA,NA,NA,NA,0.0,0,-32.14,-16.83,[],0,0,[],[]
40264370,40268230,NA,NON,0.0,1221,pause,NA,NA,NA,NA,0.0,0,-27.94,-21.95,[],0,0,[],[]
40268230,40269370,NA,OLN,0.0,1221,pause,NA,NA,NA,NA,0.0,0,-24.48,-19.01,[],0,0,[],[]
40269370,40270180,NA,NON,0.0,1221,pause,NA,NA,NA,NA,0.0,0,-33.33,-26.42,[],0,0,[],[]
40270180,40272160,NA,OLN,0.0,1221,pause,NA,NA,NA,NA,0.0,0,-22.19,-3.28,[],0,0,[],[]
40272160,40272990,NA,NON,0.0,1221,pause,NA,NA,NA,NA,0.0,0,-30.71,-23.68,[],0,0,[],[]
40272990,40273600,CHI,CHN,0.0,1221,CM,EC,0,NT,FI,1.0,610,-25.26,-21.3,"[{'Canonical-syllable': '0', 'Growl': '0', 'High-freq-energy': '0', 'Long-island': '0', 'Low-tilt-spectrum': '1', 'Medium-island': '1', 'Short-island': '0', 'Squeal': '0', 'Typical-entropy': '1', 'Voicing-quality': '1', 'Wide-band': '1', 'Xlong-island': '0', 'seq': '1', 'end': 40273.6, 'start': 40272.99}]",0,0,[],[]
40273600,40276430,NA,OLN,0.0,1222,pause,NA,NA,NA,NA,0.0,0,-19.33,-4.94,[],0,0,[],[]
40276430,40277230,NA,NON,0.0,1222,pause,NA,NA,NA,NA,0.0,0,-28.1,-21.3,[],0,0,[],[]
40277230,40279870,NA,OLN,0.0,1222,pause,NA,NA,NA,NA,0.0,0,-22.74,-15.06,[],0,0,[],[]
40279870,40280670,OCH,CXN,0.0,1222,XIOCC,BC,0,NT,FI,0.0,0,-22.71,-14.64,[],0,0,[],[]
40280670,40281490,NA,OLN,0.0,1222,XIOCC,NA,NA,NA,NA,0.0,0,-26.13,-18.18,[],0,0,[],[]
40281490,40282090,CHI,CHN,0.0,1222,XIOCC,EC,0,NT,FI,1.0,600,-27.49,-22.05,"[{'Canonical-syllable': '0', 'Growl': '1', 'High-freq-energy': '1', 'Long-island': '0', 'Low-tilt-spectrum': '1', 'Medium-island': '1', 'Short-island': '0', 'Squeal': '0', 'Typical-entropy': '1', 'Voicing-quality': '1', 'Wide-band': '0', 'Xlong-island': '0', 'seq': '1', 'end': 40282.09, 'start': 40281.49}]",0,0,[],[]
40282090,40283890,NA,OLN,0.0,1223,pause,NA,NA,NA,NA,0.0,0,-28.24,-19.51,[],0,0,[],[]
40283890,40285880,NA,NON,0.0,1223,pause,NA,NA,NA,NA,0.0,0,-26.01,-9.28,[],0,0,[],[]
40285880,40288040,NA,OLN,0.0,1223,pause,NA,NA,NA,NA,0.0,0,-15.85,-3.7,[],0,0,[],[]
40288040,40290320,NA,NOF,0.0,1223,pause,NA,NA,NA,NA,0.0,0,-17.53,-3.6,[],0,0,[],[]
40290320,40292630,NA,OLN,0.0,1223,pause,NA,NA,NA,NA,0.0,0,-25.0,-11.44,[],0,0,[],[]
40292630,40293430,NA,NON,0.0,1223,pause,NA,NA,NA,NA,0.0,0,-31.1,-26.02,[],0,0,[],[]
40293430,40294560,NA,OLN,0.0,1223,pause,NA,NA,NA,NA,0.0,0,-28.54,-24.19,[],0,0,[],[]
40294560,40295360,NA,NON,0.0,1223,pause,NA,NA,NA,NA,0.0,0,-29.94,-24.81,[],0,0,[],[]
40295360,40296110,CHI,CHN,0.0,1223,CM,EC,0,NT,FI,1.0,750,-21.1,-13.74,"[{'Canonical-syllable': '0', 'Growl': '2', 'High-freq-energy': '0', 'Long-island': '0', 'Low-tilt-spectrum': '2', 'Medium-island': '1', 'Short-island': '1', 'Squeal': '0', 'Typical-entropy': '2', 'Voicing-quality': '2', 'Wide-band': '0', 'Xlong-island': '0', 'seq': '1', 'end': 40296.11, 'start': 40295.36}]",0,0,[],[]
40296110,40298060,NA,NON,0.0,1224,pause,NA,NA,NA,NA,0.0,0,-29.78,-22.89,[],0,0,[],[]
40298060,40298890,NA,OLN,0.0,1224,pause,NA,NA,NA,NA,0.0,0,-28.25,-15.77,[],0,0,[],[]
40298890,40302430,NA,NON,0.0,1224,pause,NA,NA,NA,NA,0.0,0,-18.82,-3.06,[],0,0,[],[]
40302430,40303230,NA,OLN,0.0,1224,pause,NA,NA,NA,NA,0.0,0,-34.76,-27.26,[],0,0,[],[]
40303230,40304530,CHI,CHN,0.0,1224,CIC,BC,0,NT,FI,1.0,930,-19.84,-10.28,"[{'Canonical-syllable': '0', 'Growl': '1', 'High-freq-energy': '0', 'Long-island': '0', 'Low-tilt-spectrum': '2', 'Medium-island': '2', 'Short-island': '0', 'Squeal': '0', 'Typical-entropy': '2', 'Voicing-quality': '2', 'Wide-band': '0', 'Xlong-island': '0', 'seq': '1', 'end': 40304.16, 'start': 40303.23}]",0,0,[],[]
40304530,40306910,NA,OLN,0.0,1224,CIC,NA,NA,NA,NA,0.0,0,-29.6,-8.47,[],0,0,[],[]
40306910,40307710,NA,NON,0.0,1224,CIC,NA,NA,NA,NA,0.0,0,-32.46,-23.25,[],0,0,[],[]
40307710,40308310,CHI,CHN,0.0,1224,CIC,NA,NA,NA,NA,0.0,0,-13.59,-4.49,[],0,510,"[{'start': 40307.8, 'end': 40308.31}]",[]
40308310,40309110,CHI,CHN,0.0,1224,CIC,RC,0,NT,FH,1.0,560,-16.89,-7.7,"[{'Canonical-syllable': '0', 'Growl': '0', 'High-freq-energy': '0', 'Long-island': '0', 'Low-tilt-spectrum': '0', 'Medium-island': '1', 'Short-island': '0', 'Squeal': '0', 'Typical-entropy': '1', 'Voicing-quality': '1', 'Wide-band': '0', 'Xlong-island': '0', 'seq': '1', 'end': 40308.87, 'start': 40308.53}]",0,0,[],[]
40309110,40310270,CHI,CHN,0.0,1224,CIC,RC,0,NT,FH,1.0,530,-16.62,-5.35,"[{'Canonical-syllable': '0', 'Growl': '0', 'High-freq-energy': '0', 'Long-island': '0', 'Low-tilt-spectrum': '2', 'Medium-island': '0', 'Short-island': '2', 'Squeal': '0', 'Typical-entropy': '2', 'Voicing-quality': '2', 'Wide-band': '0', 'Xlong-island': '0', 'seq': '1', 'end': 40310.02, 'start': 40309.49}]",0,0,[],[]
40310270,40311440,OCH,CXN,0.0,1224,CIC,RC,0,NT,FI,0.0,0,-17.17,-4.93,[],0,0,[],[]
40311440,40312050,CHI,CHN,0.0,1224,CIC,RC,0,NT,FI,1.0,610,-24.19,-14.7,"[{'Canonical-syllable': '1', 'Growl': '1', 'High-freq-energy': '1', 'Long-island': '0', 'Low-tilt-spectrum': '2', 'Medium-island': '0', 'Short-island': '2', 'Squeal': '0', 'Typical-entropy': '2', 'Voicing-quality': '2', 'Wide-band': '0', 'Xlong-island': '0', 'seq': '1', 'end': 40312.05, 'start': 40311.44}]",0,0,[],[]
40312050,40312860,NA,OLN,0.0,1224,CIC,NA,NA,NA,NA,0.0,0,-27.86,-12.55,[],0,0,[],[]
40312860,40314120,CHI,CHN,0.0,1224,CIC,RC,0,TIFI,FH,1.0,1260,-16.35,-6.3,"[{'Canonical-syllable': '0', 'Growl': '0', 'High-freq-energy': '0', 'Long-island': '0', 'Low-tilt-spectrum': '1', 'Medium-island': '2', 'Short-island': '0', 'Squeal': '0', 'Typical-entropy': '1', 'Voicing-quality': '2', 'Wide-band': '0', 'Xlong-island': '0', 'seq': '1', 'end': 40314.12, 'start': 40313.03}]",0,0,[],[]
40314120,40316250,NA,OLN,0.0,1224,CIC,NA,NA,NA,NA,0.0,0,-23.89,-9.83,[],0,0,[],[]
40316250,40317250,FEM,FAN,6.08,1224,CIC,EC,1,TIFR,FI,0.0,0,-20.76,-15.24,[],0,0,[],[]
40317250,40322780,NA,OLN,0.0,1225,pause,NA,NA,NA,NA,0.0,0,-20.73,-3.19,[],0,0,[],[]
40322780,40323580,NA,NON,0.0,1225,pause,NA,NA,NA,NA,0.0,0,-17.13,-6.52,[],0,0,[],[]
40323580,40325610,NA,OLN,0.0,1225,pause,NA,NA,NA,NA,0.0,0,-23.78,-6.81,[],0,0,[],[]
40325610,40326610,NA,NON,0.0,1225,pause,NA,NA,NA,NA,0.0,0,-23.63,-8.98,[],0,0,[],[]
40326610,40328430,NA,OLN,0.0,1225,pause,NA,NA,NA,NA,0.0,0,-23.48,-11.17,[],0,0,[],[]
40328430,40329610,NA,NON,0.0,1225,pause,NA,NA,NA,NA,0.0,0,-23.31,-5.86,[],0,0,[],[]
40329610,40330230,CHI,CHN,0.0,1225,pause,NA,NA,NA,NA,0.0,0,-15.8,-11.04,[],0,620,"[{'start': 40329.61, 'end': 40330.23}]",[]
40330230,40333520,NA,OLN,0.0,1225,pause,NA,NA,NA,NA,0.0,0,-20.03,-3.69,[],0,0,[],[]
40333520,40334320,NA,NON,0.0,1225,pause,NA,NA,NA,NA,0.0,0,-37.27,-30.08,[],0,0,[],[]
40334320,40336410,CHI,CHN,0.0,1225,CIOCX,BC,0,NT,FI,1.0,2090,-18.65,-12.06,"[{'Canonical-syllable': '0', 'Growl': '1', 'High-freq-energy': '0', 'Long-island': '2', 'Low-tilt-spectrum': '1', 'Medium-island': '0', 'Short-island': '1', 'Squeal': '0', 'Typical-entropy': '2', 'Voicing-quality': '3', 'Wide-band': '0', 'Xlong-island': '0', 'seq': '1', 'end': 40336.41, 'start': 40334.32}]",0,0,[],[]
40336410,40340480,NA,OLN,0.0,1225,CIOCX,NA,NA,NA,NA,0.0,0,-29.25,-8.31,[],0,0,[],[]
40340480,40341200,CHI,CHN,0.0,1225,CIOCX,RC,0,NT,FH,1.0,720,-13.01,-5.54,"[{'Canonical-syllable': '0', 'Growl': '0', 'High-freq-energy': '0', 'Long-island': '1', 'Low-tilt-spectrum': '1', 'Medium-island': '0', 'Short-island': '0', 'Squeal': '0', 'Typical-entropy': '1', 'Voicing-quality': '1', 'Wide-band': '0', 'Xlong-island': '0', 'seq': '1', 'end': 40341.2, 'start': 40340.48}]",0,0,[],[]
40341200,40343680,OCH,CXN,0.0,1225,CIOCX,RC,0,NT,FI,0.0,0,-18.78,-6.46,[],0,0,[],[]
40343680,40344580,NA,OLN,0.0,1225,CIOCX,NA,NA,NA,NA,0.0,0,-21.55,-5.25,[],0,0,[],[]
40344580,40345720,OCH,CXN,0.0,1225,CIOCX,RC,0,NT,FH,0.0,0,-17.51,-11.43,[],0,0,[],[]
40345720,40346560,CHI,CHN,0.0,1225,CIOCX,RC,0,NT,FI,1.0,840,-18.96,-11.56,"[{'Canonical-syllable': '0', 'Growl': '0', 'High-freq-energy': '0', 'Long-island': '0', 'Low-tilt-spectrum': '1', 'Medium-island': '1', 'Short-island': '1', 'Squeal': '0', 'Typical-entropy': '1', 'Voicing-quality': '2', 'Wide-band': '0', 'Xlong-island': '0', 'seq': '1', 'end': 40346.56, 'start': 40345.72}]",0,0,[],[]
40346560,40347710,CHI,CHN,0.0,1225,CIOCX,RC,0,NT,FH,1.0,810,-22.52,-13.22,"[{'Canonical-syllable': '1', 'Growl': '0', 'High-freq-energy': '0', 'Long-island': '0', 'Low-tilt-spectrum': '1', 'Medium-island': '1', 'Short-island': '1', 'Squeal': '0', 'Typical-entropy': '2', 'Voicing-quality': '2', 'Wide-band': '0', 'Xlong-island': '0', 'seq': '1', 'end': 40347.37, 'start': 40346.56}]",0,0,[],[]
40347710,40348890,OCH,CXN,0.0,1225,CIOCX,RC,0,NT,FI,0.0,0,-24.63,-16.96,[],0,0,[],[]
40348890,40350040,NA,OLN,0.0,1225,CIOCX,NA,NA,NA,NA,0.0,0,-29.35,-14.94,[],0,0,[],[]
40350040,40350770,CHI,CHN,0.0,1225,CIOCX,NA,NA,NA,NA,0.0,0,-15.92,-11.45,[],0,620,"[{'start': 40350.04, 'end': 40350.66}]",[]
40350770,40351770,OCH,CXN,0.0,1225,CIOCX,EC,0,NT,FH,0.0,0,-20.71,-10.23,[],0,0,[],[]
40351770,40355020,NA,OLF,0.0,1226,pause,NA,NA,NA,NA,0.0,0,-39.51,-24.61,[],0,0,[],[]
40355020,40361380,NA,OLN,0.0,1226,pause,NA,NA,NA,NA,0.0,0,-27.73,-14.97,[],0,0,[],[]
40361380,40362400,FEM,FAN,8.16,1226,AMF,BC,0,NT,FI,0.0,0,-22.36,-12.08,[],0,0,[],[]
40362400,40366540,NA,OLN,0.0,1226,AMF,NA,NA,NA,NA,0.0,0,-25.14,-13.74,[],0,0,[],[]
40366540,40367920,MAL,MAN,8.82,1226,AMF,EC,0,NT,FI,0.0,0,-27.5,-19.11,[],0,0,[],[]
40367920,40375100,NA,OLN,0.0,1227,pause,NA,NA,NA,NA,0.0,0,-20.62,-2.85,[],0,0,[],[]
40375100,40376400,NA,NOF,0.0,1227,pause,NA,NA,NA,NA,0.0,0,-27.03,-10.53,[],0,0,[],[]
40376400,40379360,NA,OLN,0.0,1227,pause,NA,NA,NA,NA,0.0,0,-34.39,-23.33,[],0,0,[],[]
40379360,40380380,FEM,FAN,0.0,1227,pause,NA,NA,NA,NA,0.0,0,-26.11,-16.34,[],1020,0,[],[]
40380380,40381740,NA,OLN,0.0,1227,pause,NA,NA,NA,NA,0.0,0,-33.87,-26.98,[],0,0,[],[]
40381740,40382340,NA,CHF,0.0,1227,pause,NA,NA,NA,NA,0.0,0,-39.55,-29.87,[],0,600,[],"[{'start': 40381.74, 'end': 40382.34}]"
40382340,40383140,NA,OLF,0.0,1227,pause,NA,NA,NA,NA,0.0,0,-40.29,-33.63,[],0,0,[],[]
40383140,40384380,OCH,CXN,0.0,1227,XIOCAC,BC,0,NT,FI,0.0,0,-20.95,-11.66,[],0,0,[],[]
40384380,40386150,NA,OLN,0.0,1227,XIOCAC,NA,NA,NA,NA,0.0,0,-25.53,-16.25,[],0,0,[],[]
40386150,40387230,OCH,CXN,0.0,1227,XIOCAC,RC,0,NT,FH,0.0,0,-31.52,-21.47,[],0,0,[],[]
40387230,40389610,NA,OLF,0.0,1227,XIOCAC,NA,NA,NA,NA,0.0,0,-16.23,-2.49,[],0,0,[],[]
40389610,40390700,NA,FAF,0.0,1227,XIOCAC,NA,NA,NA,NA,0.0,0,-32.96,-18.36,[],0,0,[],[]
40390700,40391600,NA,OLN,0.0,1227,XIOCAC,NA,NA,NA,NA,0.0,0,-27.44,-11.49,[],0,0,[],[]
40391600,40392600,CHI,CHN,0.0,1227,XIOCAC,RC,0,NT,FI,1.0,1000,-19.44,-12.56,"[{'Canonical-syllable': '0', 'Growl': '0', 'High-freq-energy': '0', 'Long-island': '0', 'Low-tilt-spectrum': '1', 'Medium-island': '1', 'Short-island': '1', 'Squeal': '0', 'Typical-entropy': '2', 'Voicing-quality': '2', 'Wide-band': '0', 'Xlong-island': '0', 'seq': '1', 'end': 40392.6, 'start': 40391.6}]",0,0,[],[]
40392600,40393400,NA,OLF,0.0,1227,XIOCAC,NA,NA,NA,NA,0.0,0,-38.98,-31.59,[],0,0,[],[]
40393400,40394260,OCH,CXN,0.0,1227,XIOCAC,RC,0,NT,FI,0.0,0,-34.36,-28.04,[],0,0,[],[]
40394260,40395280,NA,OLN,0.0,1227,XIOCAC,NA,NA,NA,NA,0.0,0,-36.14,-25.14,[],0,0,[],[]
40395280,40396080,NA,OLF,0.0,1227,XIOCAC,NA,NA,NA,NA,0.0,0,-33.08,-17.75,[],0,0,[],[]
40396080,40397850,NA,OLN,0.0,1227,XIOCAC,NA,NA,NA,NA,0.0,0,-37.53,-25.39,[],0,0,[],[]
40397850,40398450,FEM,FAN,0.64,1227,XIOCAC,EC,0,NT,FI,0.0,0,-31.15,-14.77,[],0,0,[],[]
40398450,40399780,NA,OLN,0.0,1228,pause,NA,NA,NA,NA,0.0,0,-37.71,-24.35,[],0,0,[],[]
40399780,40400590,NA,FAF,0.0,1228,pause,NA,NA,NA,NA,0.0,0,-14.74,-3.77,[],0,0,[],[]
40400590,40402920,NA,OLN,0.0,1228,pause,NA,NA,NA,NA,0.0,0,-22.05,-3.19,[],0,0,[],[]
40402920,40407800,NA,OLF,0.0,1228,pause,NA,NA,NA,NA,0.0,0,-39.22,-25.43,[],0,0,[],[]
40407800,40408630,NA,NON,0.0,1228,pause,NA,NA,NA,NA,0.0,0,-23.03,-12.78,[],0,0,[],[]
40408630,40410180,NA,FAF,0.0,1228,pause,NA,NA,NA,NA,0.0,0,-40.18,-31.05,[],0,0,[],[]
40410180,40413260,NA,OLF,0.0,1228,pause,NA,NA,NA,NA,0.0,0,-41.01,-28.49,[],0,0,[],[]
40413260,40414340,NA,NOF,0.0,1228,pause,NA,NA,NA,NA,0.0,0,-34.92,-17.34,[],0,0,[],[]
40414340,40416490,NA,OLF,0.0,1228,pause,NA,NA,NA,NA,0.0,0,-35.67,-16.92,[],0,0,[],[]
40416490,40417570,NA,NOF,0.0,1228,pause,NA,NA,NA,NA,0.0,0,-38.04,-30.06,[],0,0,[],[]
40417570,40420290,NA,OLF,0.0,1228,pause,NA,NA,NA,NA,0.0,0,-37.31,-27.23,[],0,0,[],[]
40420290,40421090,NA,NOF,0.0,1228,pause,NA,NA,NA,NA,0.0,0,-21.44,-7.3,[],0,0,[],[]
40421090,40424360,NA,OLN,0.0,1228,pause,NA,NA,NA,NA,0.0,0,-34.34,-20.57,[],0,0,[],[]
40424360,40424980,CHI,CHN,0.0,1228,CIOCX,BC,0,NT,FI,1.0,620,-18.26,-10.77,"[{'Canonical-syllable': '1', 'Growl': '0', 'High-freq-energy': '0', 'Long-island': '0', 'Low-tilt-spectrum': '0', 'Medium-island': '1', 'Short-island': '1', 'Squeal': '0', 'Typical-entropy': '1', 'Voicing-quality': '2', 'Wide-band': '0', 'Xlong-island': '0', 'seq': '1', 'end': 40424.98, 'start': 40424.36}]",0,0,[],[]
40424980,40426020,CHI,CHN,0.0,1228,CIOCX,RC,0,NT,FH,1.0,830,-21.54,-14.38,"[{'Canonical-syllable': '0', 'Growl': '1', 'High-freq-energy': '0', 'Long-island': '1', 'Low-tilt-spectrum': '0', 'Medium-island': '0', 'Short-island': '0', 'Squeal': '0', 'Typical-entropy': '1', 'Voicing-quality': '2', 'Wide-band': '0', 'Xlong-island': '0', 'seq': '1', 'end': 40425.81, 'start': 40424.98}]",0,0,[],[]
40426020,40426660,CHI,CHN,0.0,1228,CIOCX,RC,0,NT,FH,1.0,280,-22.2,-13.64,"[{'Canonical-syllable': '0', 'Growl': '0', 'High-freq-energy': '0', 'Long-island': '0', 'Low-tilt-spectrum': '0', 'Medium-island': '0', 'Short-island': '1', 'Squeal': '0', 'Typical-entropy': '0', 'Voicing-quality': '1', 'Wide-band': '0', 'Xlong-island': '0', 'seq': '1', 'end': 40426.66, 'start': 40426.38}]",0,0,[],[]
40426660,40427460,OCH,CXN,0.0,1228,CIOCX,RC,0,NT,FI,0.0,0,-16.37,-11.35,[],0,0,[],[]
40427460,40428990,OCH,CXN,0.0,1228,CIOCX,EC,0,NT,FH,0.0,0,-18.58,-10.83,[],0,0,[],[]
40428990,40430330,NA,OLF,0.0,1229,pause,NA,NA,NA,NA,0.0,0,-35.84,-25.51,[],0,0,[],[]
40430330,40431370,NA,CXF,0.0,1229,pause,NA,NA,NA,NA,0.0,0,-42.95,-34.26,[],0,0,[],[]
40431370,40432810,NA,FAF,0.0,1229,pause,NA,NA,NA,NA,0.0,0,-20.92,-4.56,[],0,0,[],[]
40432810,40433690,NA,CXF,0.0,1229,pause,NA,NA,NA,NA,0.0,0,-40.71,-31.26,[],0,0,[],[]
40433690,40435200,NA,FAF,0.0,1229,pause,NA,NA,NA,NA,0.0,0,-39.67,-31.45,[],0,0,[],[]
40435200,40436120,NA,OLN,0.0,1229,pause,NA,NA,NA,NA,0.0,0,-18.58,-3.39,[],0,0,[],[]
40436120,40437140,NA,FAF,0.0,1229,pause,NA,NA,NA,NA,0.0,0,-41.38,-30.0,[],0,0,[],[]
40437140,40437940,NA,NOF,0.0,1229,pause,NA,NA,NA,NA,0.0,0,-48.91,-40.32,[],0,0,[],[]
40437940,40440160,NA,OLF,0.0,1229,pause,NA,NA,NA,NA,0.0,0,-37.76,-24.18,[],0,0,[],[]
40440160,40441180,FEM,FAN,0.24,1229,AICF,BC,0,TIFI,FI,0.0,0,-25.98,-12.85,[],0,0,[],[]
40441180,40441920,CHI,CHN,0.0,1229,AICF,EC,1,TIFR,FI,1.0,740,-16.19,-9.33,"[{'Canonical-syllable': '1', 'Growl': '0', 'High-freq-energy': '0', 'Long-island': '0', 'Low-tilt-spectrum': '0', 'Medium-island': '1', 'Short-island': '2', 'Squeal': '0', 'Typical-entropy': '2', 'Voicing-quality': '3', 'Wide-band': '0', 'Xlong-island': '0', 'seq': '1', 'end': 40441.92, 'start': 40441.18}]",0,0,[],[]
40441920,40443620,NA,OLN,0.0,1230,pause,NA,NA,NA,NA,0.0,0,-28.9,-16.91,[],0,0,[],[]
40443620,40444360,NA,CHF,0.0,1230,pause,NA,NA,NA,NA,0.0,0,-36.48,-27.48,[],0,740,[],"[{'start': 40443.62, 'end': 40444.36}]"
40444360,40445910,NA,NOF,0.0,1230,pause,NA,NA,NA,NA,0.0,0,-36.63,-24.9,[],0,0,[],[]
40445910,40446930,NA,OLF,0.0,1230,pause,NA,NA,NA,NA,0.0,0,-41.0,-33.39,[],0,0,[],[]
40446930,40447710,NA,CHF,0.0,1230,CIC,BC,0,NT,FI,1.0,580,-36.94,-25.1,"[{'Canonical-syllable': '0', 'Growl': '1', 'High-freq-energy': '0', 'Long-island': '0', 'Low-tilt-spectrum': '1', 'Medium-island': '1', 'Short-island': '0', 'Squeal': '0', 'Typical-entropy': '1', 'Voicing-quality': '0', 'Wide-band': '1', 'Xlong-island': '0', 'seq': '1', 'end': 40447.51, 'start': 40446.93}]",0,0,[],[]
40447710,40449760,NA,OLF,0.0,1230,CIC,NA,NA,NA,NA,0.0,0,-41.76,-32.82,[],0,0,[],[]
40449760,40450360,OCH,CXN,0.0,1230,CIC,RC,0,NT,FI,0.0,0,-18.21,-10.75,[],0,0,[],[]
40450360,40451450,NA,OLF,0.0,1230,CIC,NA,NA,NA,NA,0.0,0,-31.74,-19.37,[],0,0,[],[]
40451450,40452440,CHI,CHN,0.0,1230,CIC,RC,0,NT,FI,1.0,730,-17.46,-10.44,"[{'Canonical-syllable': '0', 'Growl': '0', 'High-freq-energy': '0', 'Long-island': '1', 'Low-tilt-spectrum': '0', 'Medium-island': '0', 'Short-island': '0', 'Squeal': '0', 'Typical-entropy': '1', 'Voicing-quality': '1', 'Wide-band': '0', 'Xlong-island': '0', 'seq': '1', 'end': 40452.18, 'start': 40451.45}]",0,0,[],[]
40452440,40454200,OCH,CXN,0.0,1230,CIC,RC,0,NT,FI,0.0,0,-18.53,-11.2,[],0,0,[],[]
40454200,40455890,NA,OLN,0.0,1230,CIC,NA,NA,NA,NA,0.0,0,-33.32,-23.52,[],0,0,[],[]
40455890,40457320,OCH,CXN,0.0,1230,CIC,RC,0,NT,FH,0.0,0,-33.32,-26.59,[],0,0,[],[]
40457320,40458440,FEM,FAN,9.34,1230,CIC,RC,0,NT,FI,0.0,0,-26.87,-18.97,[],0,0,[],[]
40458440,40459240,NA,OLN,0.0,1230,CIC,NA,NA,NA,NA,0.0,0,-29.98,-18.86,[],0,0,[],[]
40459240,40460230,OCH,CXN,0.0,1230,CIC,RC,0,NT,FI,0.0,0,-23.34,-15.73,[],0,0,[],[]
40460230,40461340,NA,OLN,0.0,1230,CIC,NA,NA,NA,NA,0.0,0,-33.56,-26.21,[],0,0,[],[]
40461340,40462570,CHI,CHN,0.0,1230,CIC,RC,0,TIFI,FI,2.0,560,-21.75,-12.01,"[{'Canonical-syllable': '1', 'Growl': '0', 'High-freq-energy': '0', 'Long-island': '0', 'Low-tilt-spectrum': '1', 'Medium-island': '1', 'Short-island': '0', 'Squeal': '0', 'Typical-entropy': '1', 'Voicing-quality': '1', 'Wide-band': '0', 'Xlong-island': '0', 'seq': '1', 'end': 40461.65, 'start': 40461.34}, {'Canonical-syllable': '1', 'Growl': '0', 'High-freq-energy': '0', 'Long-island': '0', 'Low-tilt-spectrum': '0', 'Medium-island': '0', 'Short-island': '1', 'Squeal': '0', 'Typical-entropy': '1', 'Voicing-quality': '1', 'Wide-band': '0', 'Xlong-island': '0', 'seq': '2', 'end': 40462.57, 'start': 40462.32}]",0,0,[],[]
40462570,40463380,NA,OLN,0.0,1230,CIC,NA,NA,NA,NA,0.0,0,-23.35,-17.7,[],0,0,[],[]
40463380,40466160,FEM,FAN,11.59,1230,CIC,RC,1,TIFR,FI,0.0,0,-23.41,-10.24,[],0,0,[],[]
40466160,40466990,NA,OLF,0.0,1230,CIC,NA,NA,NA,NA,0.0,0,-37.77,-31.0,[],0,0,[],[]
40466990,40467590,CHI,CHN,0.0,1230,CIC,RC,1,TIFI,FI,1.0,510,-21.21,-13.03,"[{'Canonical-syllable': '1', 'Growl': '0', 'High-freq-energy': '0', 'Long-island': '0', 'Low-tilt-spectrum': '1', 'Medium-island': '1', 'Short-island': '0', 'Squeal': '0', 'Typical-entropy': '0', 'Voicing-quality': '2', 'Wide-band': '0', 'Xlong-island': '0', 'seq': '1', 'end': 40467.5, 'start': 40467.07}]",0,0,[],[]
40467590,40468650,NA,OLF,0.0,1230,CIC,NA,NA,NA,NA,0.0,0,-41.54,-34.18,[],0,0,[],[]
40468650,40469890,FEM,FAN,6.62,1230,CIC,RC,2,TIFR,FI,0.0,0,-20.83,-12.79,[],0,0,[],[]
40469890,40471660,NA,CXF,0.0,1230,CIC,NA,NA,NA,NA,0.0,0,-43.67,-33.99,[],0,0,[],[]
40471660,40472470,NA,NOF,0.0,1230,CIC,NA,NA,NA,NA,0.0,0,-46.8,-39.73,[],0,0,[],[]
40472470,40473420,OCH,CXN,0.0,1230,CIC,RC,2,NT,FI,0.0,0,-32.6,-21.73,[],0,0,[],[]
40473420,40474130,OCH,CXN,0.0,1230,CIC,EC,2,NT,FH,0.0,0,-31.89,-25.68,[],0,0,[],[]
40474130,40475110,CHI,CHN,0.0,1231,pause,NA,NA,NA,NA,0.0,0,-16.74,-10.84,[],0,780,"[{'start': 40474.33, 'end': 40475.11}]",[]
40475110,40480870,NA,OLF,0.0,1231,pause,NA,NA,NA,NA,0.0,0,-28.27,-8.39,[],0,0,[],[]
40480870,40481670,OCH,CXN,0.0,1231,XIOCA,BC,0,NT,FI,0.0,0,-18.33,-6.85,[],0,0,[],[]
40481670,40484420,NA,OLN,0.0,1231,XIOCA,NA,NA,NA,NA,0.0,0,-30.35,-17.78,[],0,0,[],[]
40484420,40485220,OCH,CXN,0.0,1231,XIOCA,RC,0,NT,FH,0.0,0,-23.39,-16.21,[],0,0,[],[]
40485220,40488680,NA,OLN,0.0,1231,XIOCA,NA,NA,NA,NA,0.0,0,-26.95,-15.64,[],0,0,[],[]
40488680,40489570,OCH,CXN,0.0,1231,XIOCA,RC,0,NT,FH,0.0,0,-27.71,-19.65,[],0,0,[],[]
40489570,40490580,FEM,FAN,2.85,1231,XIOCA,EC,0,NT,FI,0.0,0,-30.43,-23.76,[],0,0,[],[]
40490580,40502180,NA,OLN,0.0,1232,pause,NA,NA,NA,NA,0.0,0,-23.65,-6.74,[],0,0,[],[]
40502180,40503440,NA,NOF,0.0,1232,pause,NA,NA,NA,NA,0.0,0,-37.36,-26.0,[],0,0,[],[]
40503440,40504680,NA,OLF,0.0,1232,pause,NA,NA,NA,NA,0.0,0,-40.81,-30.1,[],0,0,[],[]
40504680,40505850,NA,FAF,0.0,1232,pause,NA,NA,NA,NA,0.0,0,-37.27,-24.76,[],0,0,[],[]
40505850,40507010,NA,NOF,0.0,1232,pause,NA,NA,NA,NA,0.0,0,-40.91,-30.83,[],0,0,[],[]
40507010,40507810,OCH,CXN,0.0,1232,XIC,BC,0,NT,FI,0.0,0,-27.3,-20.08,[],0,0,[],[]
40507810,40508610,NA,OLN,0.0,1232,XIC,NA,NA,NA,NA,0.0,0,-26.48,-20.82,[],0,0,[],[]
40508610,40510930,NA,NOF,0.0,1232,XIC,NA,NA,NA,NA,0.0,0,-42.91,-30.82,[],0,0,[],[]
40510930,40511740,NA,OLN,0.0,1232,XIC,NA,NA,NA,NA,0.0,0,-36.37,-27.55,[],0,0,[],[]
40511740,40512650,NA,NON,0.0,1232,XIC,NA,NA,NA,NA,0.0,0,-36.97,-30.39,[],0,0,[],[]
40512650,40513850,FEM,FAN,6.61,1232,XIC,RC,0,TIFI,FI,0.0,0,-40.96,-32.63,[],0,0,[],[]
40513850,40516640,NA,NOF,0.0,1232,XIC,NA,NA,NA,NA,0.0,0,-41.69,-28.84,[],0,0,[],[]
40516640,40517250,CHI,CHN,0.0,1232,XIC,RC,1,TIFR,FI,1.0,610,-29.21,-25.08,"[{'Canonical-syllable': '0', 'Growl': '0', 'High-freq-energy': '1', 'Long-island': '0', 'Low-tilt-spectrum': '1', 'Medium-island': '1', 'Short-island': '0', 'Squeal': '0', 'Typical-entropy': '1', 'Voicing-quality': '1', 'Wide-band': '0', 'Xlong-island': '0', 'seq': '1', 'end': 40517.25, 'start': 40516.75}]",0,0,[],[]
40517250,40518050,NA,NOF,0.0,1232,XIC,NA,NA,NA,NA,0.0,0,-44.12,-38.21,[],0,0,[],[]
40518050,40519050,CHI,CHN,0.0,1232,XIC,RC,1,NT,FH,1.0,1000,-18.17,-10.52,"[{'Canonical-syllable': '1', 'Growl': '0', 'High-freq-energy': '0', 'Long-island': '0', 'Low-tilt-spectrum': '0', 'Medium-island': '1', 'Short-island': '2', 'Squeal': '0', 'Typical-entropy': '1', 'Voicing-quality': '3', 'Wide-band': '1', 'Xlong-island': '0', 'seq': '1', 'end': 40519.05, 'start': 40518.05}]",0,0,[],[]
40519050,40519910,NA,OLF,0.0,1232,XIC,NA,NA,NA,NA,0.0,0,-37.7,-25.68,[],0,0,[],[]
40519910,40521150,CHI,CHN,0.0,1232,XIC,RC,1,NT,FH,1.0,910,-23.34,-16.88,"[{'Canonical-syllable': '0', 'Growl': '0', 'High-freq-energy': '0', 'Long-island': '1', 'Low-tilt-spectrum': '0', 'Medium-island': '0', 'Short-island': '0', 'Squeal': '0', 'Typical-entropy': '0', 'Voicing-quality': '1', 'Wide-band': '0', 'Xlong-island': '0', 'seq': '1', 'end': 40521.15, 'start': 40520.24}]",0,0,[],[]
40521150,40522170,OCH,CXN,0.0,1232,XIC,RC,1,NT,FI,0.0,0,-28.88,-20.88,[],0,0,[],[]
40522170,40524050,NA,NOF,0.0,1232,XIC,NA,NA,NA,NA,0.0,0,-42.5,-29.58,[],0,0,[],[]
40524050,40524810,CHI,CHN,0.0,1232,XIC,RC,1,TIFI,FI,1.0,760,-15.48,-9.77,"[{'Canonical-syllable': '0', 'Growl': '0', 'High-freq-energy': '0', 'Long-island': '1', 'Low-tilt-spectrum': '1', 'Medium-island': '0', 'Short-island': '0', 'Squeal': '0', 'Typical-entropy': '1', 'Voicing-quality': '1', 'Wide-band': '0', 'Xlong-island': '0', 'seq': '1', 'end': 40524.81, 'start': 40524.05}]",0,0,[],[]
40524810,40525610,NA,OLN,0.0,1232,XIC,NA,NA,NA,NA,0.0,0,-30.76,-19.57,[],0,0,[],[]
40525610,40526880,NA,NON,0.0,1232,XIC,NA,NA,NA,NA,0.0,0,-38.86,-33.47,[],0,0,[],[]
40526880,40528000,NA,OLN,0.0,1232,XIC,NA,NA,NA,NA,0.0,0,-37.97,-30.93,[],0,0,[],[]
40528000,40529140,NA,NOF,0.0,1232,XIC,NA,NA,NA,NA,0.0,0,-35.53,-26.49,[],0,0,[],[]
40529140,40530210,FEM,FAN,7.03,1232,XIC,RC,2,TIFR,FI,0.0,0,-15.45,-11.67,[],0,0,[],[]
40530210,40531020,NA,OLN,0.0,1232,XIC,NA,NA,NA,NA,0.0,0,-32.54,-23.56,[],0,0,[],[]
40531020,40531970,CHI,CHN,0.0,1232,XIC,RC,2,TIFE,FI,1.0,160,-22.03,-11.66,"[{'Canonical-syllable': '1', 'Growl': '0', 'High-freq-energy': '0', 'Long-island': '0', 'Low-tilt-spectrum': '0', 'Medium-island': '0', 'Short-island': '1', 'Squeal': '0', 'Typical-entropy': '1', 'Voicing-quality': '1', 'Wide-band': '0', 'Xlong-island': '0', 'seq': '1', 'end': 40531.97, 'start': 40531.81}]",0,0,[],[]
40531970,40533100,CHI,CHN,0.0,1232,XIC,RC,2,NT,FH,2.0,380,-20.92,-9.67,"[{'Canonical-syllable': '0', 'Growl': '0', 'High-freq-energy': '1', 'Long-island': '0', 'Low-tilt-spectrum': '0', 'Medium-island': '0', 'Short-island': '0', 'Squeal': '0', 'Typical-entropy': '1', 'Voicing-quality': '0', 'Wide-band': '0', 'Xlong-island': '0', 'seq': '1', 'end': 40532.08, 'start': 40531.97}, {'Canonical-syllable': '0', 'Growl': '0', 'High-freq-energy': '0', 'Long-island': '0', 'Low-tilt-spectrum': '0', 'Medium-island': '0', 'Short-island': '0', 'Squeal': '0', 'Typical-entropy': '1', 'Voicing-quality': '1', 'Wide-band': '0', 'Xlong-island': '0', 'seq': '2', 'end': 40533.1, 'start': 40532.83}]",0,0,[],[]
40533100,40533920,NA,OLF,0.0,1232,XIC,NA,NA,NA,NA,0.0,0,-38.23,-27.0,[],0,0,[],[]
40533920,40536450,CHI,CHN,0.0,1232,XIC,RC,2,NT,FH,2.0,890,-18.71,-3.02,"[{'Canonical-syllable': '1', 'Growl': '0', 'High-freq-energy': '0', 'Long-island': '0', 'Low-tilt-spectrum': '0', 'Medium-island': '0', 'Short-island': '1', 'Squeal': '0', 'Typical-entropy': '1', 'Voicing-quality': '1', 'Wide-band': '0', 'Xlong-island': '0', 'seq': '1', 'end': 40534.14, 'start': 40533.92}, {'Canonical-syllable': '0', 'Growl': '0', 'High-freq-energy': '0', 'Long-island': '0', 'Low-tilt-spectrum': '1', 'Medium-island': '0', 'Short-island': '1', 'Squeal': '0', 'Typical-entropy': '2', 'Voicing-quality': '2', 'Wide-band': '1', 'Xlong-island': '0', 'seq': '2', 'end': 40535.12, 'start': 40534.45}]",0,0,[],[]
40536450,40537250,NA,OLN,0.0,1232,XIC,NA,NA,NA,NA,0.0,0,-35.98,-30.85,[],0,0,[],[]
40537250,40538130,NA,NON,0.0,1232,XIC,NA,NA,NA,NA,0.0,0,-32.68,-28.84,[],0,0,[],[]
40538130,40538810,CHI,CHN,0.0,1232,XIC,NA,NA,NA,NA,0.0,0,-24.26,-11.29,[],0,110,[],"[{'start': 40538.62, 'end': 40538.73}]"
40538810,40539890,NA,OLN,0.0,1232,XIC,NA,NA,NA,NA,0.0,0,-35.2,-26.35,[],0,0,[],[]
40539890,40541020,CHI,CHN,0.0,1232,XIC,RC,2,NT,FH,1.0,990,-18.51,-12.85,"[{'Canonical-syllable': '0', 'Growl': '0', 'High-freq-energy': '0', 'Long-island': '0', 'Low-tilt-spectrum': '0', 'Medium-island': '0', 'Short-island': '0', 'Squeal': '0', 'Typical-entropy': '0', 'Voicing-quality': '1', 'Wide-band': '0', 'Xlong-island': '1', 'seq': '1', 'end': 40540.88, 'start': 40539.89}]",0,0,[],[]
40541020,40542650,OCH,CXN,0.0,1232,XIC,EC,2,NT,FI,0.0,0,-23.12,-14.58,[],0,0,[],[]
40542650,40543580,NA,OLF,0.0,1233,pause,NA,NA,NA,NA,0.0,0,-36.68,-22.8,[],0,0,[],[]
40543580,40544190,CHI,CHN,0.0,1233,pause,NA,NA,NA,NA,0.0,0,-19.29,-14.1,[],0,610,"[{'start': 40543.58, 'end': 40544.19}]",[]
40544190,40545040,NA,NOF,0.0,1233,pause,NA,NA,NA,NA,0.0,0,-41.68,-35.29,[],0,0,[],[]
40545040,40546730,NA,OLF,0.0,1233,pause,NA,NA,NA,NA,0.0,0,-38.59,-26.77,[],0,0,[],[]
40546730,40547730,NA,NOF,0.0,1233,pause,NA,NA,NA,NA,0.0,0,-35.74,-23.37,[],0,0,[],[]
40547730,40548970,NA,OLN,0.0,1233,pause,NA,NA,NA,NA,0.0,0,-26.63,-16.64,[],0,0,[],[]
40548970,40549920,OCH,CXN,0.0,1233,XIOCC,BC,0,NT,FI,0.0,0,-23.04,-14.11,[],0,0,[],[]
40549920,40551000,NA,OLN,0.0,1233,XIOCC,NA,NA,NA,NA,0.0,0,-31.41,-24.46,[],0,0,[],[]
40551000,40551800,NA,NON,0.0,1233,XIOCC,NA,NA,NA,NA,0.0,0,-34.13,-28.85,[],0,0,[],[]
40551800,40553230,CHI,CHN,0.0,1233,XIOCC,RC,0,NT,FI,1.0,1430,-18.95,-12.93,"[{'Canonical-syllable': '1', 'Growl': '0', 'High-freq-energy': '0', 'Long-island': '0', 'Low-tilt-spectrum': '2', 'Medium-island': '3', 'Short-island': '0', 'Squeal': '0', 'Typical-entropy': '2', 'Voicing-quality': '3', 'Wide-band': '0', 'Xlong-island': '0', 'seq': '1', 'end': 40553.23, 'start': 40551.8}]",0,0,[],[]
40553230,40554730,NA,OLN,0.0,1233,XIOCC,NA,NA,NA,NA,0.0,0,-36.12,-26.14,[],0,0,[],[]
40554730,40556950,NA,NON,0.0,1233,XIOCC,NA,NA,NA,NA,0.0,0,-35.72,-27.78,[],0,0,[],[]
40556950,40557760,OCH,CXN,0.0,1233,XIOCC,RC,0,NT,FI,0.0,0,-33.74,-28.18,[],0,0,[],[]
40557760,40558560,NA,OLN,0.0,1233,XIOCC,NA,NA,NA,NA,0.0,0,-37.38,-31.77,[],0,0,[],[]
40558560,40559560,NA,NOF,0.0,1233,XIOCC,NA,NA,NA,NA,0.0,0,-36.74,-21.9,[],0,0,[],[]
40559560,40560600,CHI,CHN,0.0,1233,XIOCC,RC,0,NT,FI,1.0,850,-21.1,-15.22,"[{'Canonical-syllable': '1', 'Growl': '0', 'High-freq-energy': '0', 'Long-island': '0', 'Low-tilt-spectrum': '2', 'Medium-island': '1', 'Short-island': '0', 'Squeal': '0', 'Typical-entropy': '2', 'Voicing-quality': '2', 'Wide-band': '0', 'Xlong-island': '0', 'seq': '1', 'end': 40560.41, 'start': 40559.56}]",0,0,[],[]
40560600,40561960,OCH,CXN,0.0,1233,XIOCC,RC,0,NT,FI,0.0,0,-29.66,-20.15,[],0,0,[],[]
40561960,40563440,OCH,CXN,0.0,1233,XIOCC,RC,0,NT,FH,0.0,0,-33.49,-22.33,[],0,0,[],[]
40563440,40565220,NA,OLN,0.0,1233,XIOCC,NA,NA,NA,NA,0.0,0,-26.85,-18.06,[],0,0,[],[]
40565220,40565830,CHI,CHN,0.0,1233,XIOCC,RC,0,NT,FI,1.0,610,-25.47,-19.78,"[{'Canonical-syllable': '0', 'Growl': '0', 'High-freq-energy': '0', 'Long-island': '0', 'Low-tilt-spectrum': '1', 'Medium-island': '1', 'Short-island': '0', 'Squeal': '0', 'Typical-entropy': '1', 'Voicing-quality': '1', 'Wide-band': '0', 'Xlong-island': '0', 'seq': '1', 'end': 40565.83, 'start': 40565.22}]",0,0,[],[]
40565830,40566630,NA,NON,0.0,1233,XIOCC,NA,NA,NA,NA,0.0,0,-33.34,-25.27,[],0,0,[],[]
40566630,40567230,CHI,CHN,0.0,1233,XIOCC,EC,0,NT,FH,1.0,440,-20.41,-15.09,"[{'Canonical-syllable': '0', 'Growl': '0', 'High-freq-energy': '0', 'Long-island': '0', 'Low-tilt-spectrum': '1', 'Medium-island': '1', 'Short-island': '0', 'Squeal': '0', 'Typical-entropy': '1', 'Voicing-quality': '1', 'Wide-band': '0', 'Xlong-island': '0', 'seq': '1', 'end': 40567.07, 'start': 40566.63}]",0,0,[],[]
40567230,40568040,NA,NOF,0.0,1234,pause,NA,NA,NA,NA,0.0,0,-36.39,-27.52,[],0,0,[],[]
40568040,40571520,NA,OLN,0.0,1234,pause,NA,NA,NA,NA,0.0,0,-27.53,-10.1,[],0,0,[],[]
40571520,40572240,CHI,CHN,0.0,1234,pause,NA,NA,NA,NA,0.0,0,-15.53,-3.75,[],0,0,[],[]
40572240,40573750,NA,OLN,0.0,1234,pause,NA,NA,NA,NA,0.0,0,-35.52,-21.26,[],0,0,[],[]
40573750,40574580,NA,OLF,0.0,1234,pause,NA,NA,NA,NA,0.0,0,-22.12,-7.88,[],0,0,[],[]
40574580,40575380,NA,OLN,0.0,1234,pause,NA,NA,NA,NA,0.0,0,-25.07,-14.99,[],0,0,[],[]
40575380,40576180,NA,NOF,0.0,1234,pause,NA,NA,NA,NA,0.0,0,-18.63,-8.81,[],0,0,[],[]
40576180,40578330,NA,OLN,0.0,1234,pause,NA,NA,NA,NA,0.0,0,-23.09,-8.12,[],0,0,[],[]
40578330,40579130,NA,NON,0.0,1234,pause,NA,NA,NA,NA,0.0,0,-16.64,-4.67,[],0,0,[],[]
40579130,40580300,NA,OLN,0.0,1234,pause,NA,NA,NA,NA,0.0,0,-33.21,-25.37,[],0,0,[],[]
40580300,40581490,NA,NON,0.0,1234,pause,NA,NA,NA,NA,0.0,0,-16.71,-3.46,[],0,0,[],[]
40581490,40582300,NA,OLN,0.0,1234,pause,NA,NA,NA,NA,0.0,0,-19.37,-6.11,[],0,0,[],[]
40582300,40585070,NA,NON,0.0,1234,pause,NA,NA,NA,NA,0.0,0,-16.74,-3.08,[],0,0,[],[]
40585070,40586290,CHI,CHN,0.0,1234,CIOCX,BC,0,NT,FI,1.0,1220,-15.11,-9.86,"[{'Canonical-syllable': '1', 'Growl': '0', 'High-freq-energy': '0', 'Long-island': '1', 'Low-tilt-spectrum': '2', 'Medium-island': '1', 'Short-island': '0', 'Squeal': '0', 'Typical-entropy': '2', 'Voicing-quality': '2', 'Wide-band': '0', 'Xlong-island': '0', 'seq': '1', 'end': 40586.29, 'start': 40585.07}]",0,0,[],[]
40586290,40587130,NA,OLF,0.0,1234,CIOCX,NA,NA,NA,NA,0.0,0,-30.96,-19.17,[],0,0,[],[]
40587130,40587940,OCH,CXN,0.0,1234,CIOCX,RC,0,NT,FI,0.0,0,-32.52,-23.12,[],0,0,[],[]
40587940,40588770,NA,NOF,0.0,1234,CIOCX,NA,NA,NA,NA,0.0,0,-26.1,-7.8,[],0,0,[],[]
40588770,40589430,NA,CHF,0.0,1234,CIOCX,EC,0,NT,FI,1.0,660,-36.16,-23.14,"[{'Canonical-syllable': '0', 'Growl': '2', 'High-freq-energy': '0', 'Long-island': '0', 'Low-tilt-spectrum': '2', 'Medium-island': '1', 'Short-island': '1', 'Squeal': '0', 'Typical-entropy': '1', 'Voicing-quality': '0', 'Wide-band': '1', 'Xlong-island': '0', 'seq': '1', 'end': 40589.43, 'start': 40588.77}]",0,0,[],[]
40589430,40590820,NA,NOF,0.0,1235,pause,NA,NA,NA,NA,0.0,0,-46.3,-38.46,[],0,0,[],[]
40590820,40593250,NA,OLN,0.0,1235,pause,NA,NA,NA,NA,0.0,0,-22.17,-6.4,[],0,0,[],[]
40593250,40595520,NA,NOF,0.0,1235,pause,NA,NA,NA,NA,0.0,0,-21.85,-6.28,[],0,0,[],[]
40595520,40596710,CHI,CHN,0.0,1235,CM,EC,0,NT,FI,1.0,1190,-18.54,-10.42,"[{'Canonical-syllable': '1', 'Growl': '0', 'High-freq-energy': '0', 'Long-island': '1', 'Low-tilt-spectrum': '0', 'Medium-island': '1', 'Short-island': '0', 'Squeal': '0', 'Typical-entropy': '0', 'Voicing-quality': '3', 'Wide-band': '0', 'Xlong-island': '0', 'seq': '1', 'end': 40596.71, 'start': 40595.52}]",0,0,[],[]
40596710,40597870,NA,OLN,0.0,1236,pause,NA,NA,NA,NA,0.0,0,-22.08,-10.99,[],0,0,[],[]
40597870,40599640,NA,NOF,0.0,1236,pause,NA,NA,NA,NA,0.0,0,-39.63,-32.62,[],0,0,[],[]
40599640,40601160,NA,OLF,0.0,1236,pause,NA,NA,NA,NA,0.0,0,-39.61,-32.42,[],0,0,[],[]
40601160,40601970,NA,NOF,0.0,1236,pause,NA,NA,NA,NA,0.0,0,-41.44,-30.22,[],0,0,[],[]
40601970,40602770,NA,OLN,0.0,1236,pause,NA,NA,NA,NA,0.0,0,-39.51,-30.9,[],0,0,[],[]
40602770,40603570,NA,NOF,0.0,1236,pause,NA,NA,NA,NA,0.0,0,-34.75,-19.53,[],0,0,[],[]
40603570,40610410,NA,OLN,0.0,1236,pause,NA,NA,NA,NA,0.0,0,-35.01,-18.78,[],0,0,[],[]
40610410,40611410,NA,CXF,0.0,1236,pause,NA,NA,NA,NA,0.0,0,-40.41,-33.67,[],0,0,[],[]
40611410,40612660,NA,OLN,0.0,1236,pause,NA,NA,NA,NA,0.0,0,-33.06,-20.94,[],0,0,[],[]
40612660,40613320,CHI,CHN,0.0,1236,CIC,BC,0,TIFI,FI,1.0,660,-18.05,-12.72,"[{'Canonical-syllable': '0', 'Growl': '0', 'High-freq-energy': '0', 'Long-island': '1', 'Low-tilt-spectrum': '0', 'Medium-island': '0', 'Short-island': '0', 'Squeal': '0', 'Typical-entropy': '1', 'Voicing-quality': '1', 'Wide-band': '0', 'Xlong-island': '0', 'seq': '1', 'end': 40613.32, 'start': 40612.66}]",0,0,[],[]
40613320,40614340,FEM,FAN,0.76,1236,CIC,RC,1,TIFR,FI,0.0,0,-28.25,-19.5,[],0,0,[],[]
40614340,40618400,NA,OLN,0.0,1236,CIC,NA,NA,NA,NA,0.0,0,-26.36,-13.76,[],0,0,[],[]
40618400,40619210,OCH,CXN,0.0,1236,CIC,EC,1,NT,FI,0.0,0,-25.36,-18.18,[],0,0,[],[]
40619210,40632960,NA,OLN,0.0,1237,pause,NA,NA,NA,NA,0.0,0,-24.23,-3.77,[],0,0,[],[]
40632960,40634120,NA,NON,0.0,1237,pause,NA,NA,NA,NA,0.0,0,-35.4,-28.12,[],0,0,[],[]
40634120,40635740,NA,OLN,0.0,1237,pause,NA,NA,NA,NA,0.0,0,-35.22,-25.26,[],0,0,[],[]
40635740,40636830,OCH,CXN,0.0,1237,XM,EC,0,NT,FI,0.0,0,-36.05,-25.26,[],0,0,[],[]
40636830,40638040,NA,NOF,0.0,1238,pause,NA,NA,NA,NA,0.0,0,-43.23,-34.96,[],0,0,[],[]
40638040,40639160,NA,OLN,0.0,1238,pause,NA,NA,NA,NA,0.0,0,-35.98,-27.79,[],0,0,[],[]
40639160,40639960,NA,NON,0.0,1238,pause,NA,NA,NA,NA,0.0,0,-27.77,-19.57,[],0,0,[],[]
40639960,40640880,NA,OLN,0.0,1238,pause,NA,NA,NA,NA,0.0,0,-31.66,-22.15,[],0,0,[],[]
40640880,40641750,NA,NOF,0.0,1238,pause,NA,NA,NA,NA,0.0,0,-14.25,-4.13,[],0,0,[],[]
40641750,40645010,NA,OLN,0.0,1238,pause,NA,NA,NA,NA,0.0,0,-24.58,-10.35,[],0,0,[],[]
40645010,40646010,MAL,MAN,0.82,1238,AICM,BC,0,TIMI,FI,0.0,0,-28.97,-15.84,[],0,0,[],[]
40646010,40648500,NA,OLN,0.0,1238,AICM,NA,NA,NA,NA,0.0,0,-29.23,-12.12,[],0,0,[],[]
40648500,40649500,CHI,CHN,0.0,1238,AICM,RC,1,TIMR,FI,1.0,500,-17.6,-9.74,"[{'Canonical-syllable': '0', 'Growl': '0', 'High-freq-energy': '0', 'Long-island': '0', 'Low-tilt-spectrum': '0', 'Medium-island': '1', 'Short-island': '0', 'Squeal': '0', 'Typical-entropy': '1', 'Voicing-quality': '1', 'Wide-band': '0', 'Xlong-island': '0', 'seq': '1', 'end': 40649.5, 'start': 40649.0}]",0,0,[],[]
40649500,40650950,NA,OLN,0.0,1238,AICM,NA,NA,NA,NA,0.0,0,-33.23,-20.33,[],0,0,[],[]
40650950,40651770,CHI,CHN,0.0,1238,AICM,RC,1,NT,FH,1.0,820,-17.0,-9.65,"[{'Canonical-syllable': '1', 'Growl': '0', 'High-freq-energy': '0', 'Long-island': '0', 'Low-tilt-spectrum': '1', 'Medium-island': '0', 'Short-island': '2', 'Squeal': '0', 'Typical-entropy': '2', 'Voicing-quality': '3', 'Wide-band': '0', 'Xlong-island': '0', 'seq': '1', 'end': 40651.77, 'start': 40650.95}]",0,0,[],[]
40651770,40652590,OCH,CXN,0.0,1238,AICM,RC,1,NT,FI,0.0,0,-16.7,-7.6,[],0,0,[],[]
40652590,40653390,NA,OLN,0.0,1238,AICM,NA,NA,NA,NA,0.0,0,-26.15,-16.4,[],0,0,[],[]
40653390,40654330,OCH,CXN,0.0,1238,AICM,RC,1,NT,FH,0.0,0,-24.45,-14.28,[],0,0,[],[]
40654330,40655170,NA,OLN,0.0,1238,AICM,NA,NA,NA,NA,0.0,0,-27.67,-20.06,[],0,0,[],[]
40655170,40655770,CHI,CHN,0.0,1238,AICM,NA,NA,NA,NA,0.0,0,-15.1,-6.37,[],0,460,"[{'start': 40655.31, 'end': 40655.77}]",[]
40655770,40656570,OCH,CXN,0.0,1238,AICM,RC,1,NT,FH,0.0,0,-17.7,-11.23,[],0,0,[],[]
40656570,40657170,CHI,CHN,0.0,1238,AICM,NA,NA,NA,NA,0.0,0,-14.76,-7.88,[],0,490,"[{'start': 40656.57, 'end': 40657.06}]",[]
40657170,40658460,NA,OLN,0.0,1238,AICM,NA,NA,NA,NA,0.0,0,-19.15,-5.88,[],0,0,[],[]
40658460,40660280,CHI,CHN,0.0,1238,AICM,RC,1,NT,FI,1.0,1250,-16.3,-2.93,"[{'Canonical-syllable': '0', 'Growl': '0', 'High-freq-energy': '0', 'Long-island': '0', 'Low-tilt-spectrum': '0', 'Medium-island': '1', 'Short-island': '2', 'Squeal': '0', 'Typical-entropy': '0', 'Voicing-quality': '4', 'Wide-band': '0', 'Xlong-island': '0', 'seq': '1', 'end': 40659.71, 'start': 40658.57}]",0,0,[],[]
40660280,40661620,NA,OLN,0.0,1238,AICM,NA,NA,NA,NA,0.0,0,-31.77,-20.23,[],0,0,[],[]
40661620,40662460,OCH,CXN,0.0,1238,AICM,RC,1,NT,FI,0.0,0,-29.5,-24.01,[],0,0,[],[]
40662460,40664520,NA,OLN,0.0,1238,AICM,NA,NA,NA,NA,0.0,0,-16.62,-4.95,[],0,0,[],[]
40664520,40665520,OCH,CXN,0.0,1238,AICM,RC,1,NT,FH,0.0,0,-37.16,-29.72,[],0,0,[],[]
40665520,40666190,CHI,CHN,0.0,1238,AICM,RC,1,TIFI,FI,1.0,670,-16.36,-8.04,"[{'Canonical-syllable': '0', 'Growl': '0', 'High-freq-energy': '0', 'Long-island': '0', 'Low-tilt-spectrum': '1', 'Medium-island': '1', 'Short-island': '0', 'Squeal': '0', 'Typical-entropy': '1', 'Voicing-quality': '1', 'Wide-band': '0', 'Xlong-island': '0', 'seq': '1', 'end': 40666.19, 'start': 40665.62}]",0,0,[],[]
40666190,40667830,FEM,FAN,7.06,1238,AICM,RC,2,TIFR,FI,0.0,0,-23.34,-13.79,[],0,0,[],[]
40667830,40668430,CHI,CHN,0.0,1238,AICM,RC,2,TIFE,FI,1.0,600,-16.63,-11.85,"[{'Canonical-syllable': '1', 'Growl': '0', 'High-freq-energy': '0', 'Long-island': '0', 'Low-tilt-spectrum': '0', 'Medium-island': '1', 'Short-island': '0', 'Squeal': '0', 'Typical-entropy': '0', 'Voicing-quality': '1', 'Wide-band': '0', 'Xlong-island': '0', 'seq': '1', 'end': 40668.43, 'start': 40668.13}]",0,0,[],[]
40668430,40669420,NA,OLN,0.0,1238,AICM,NA,NA,NA,NA,0.0,0,-17.1,-9.52,[],0,0,[],[]
40669420,40670230,OCH,CXN,0.0,1238,AICM,RC,2,NT,FI,0.0,0,-24.39,-17.39,[],0,0,[],[]
40670230,40671230,OCH,CXN,0.0,1238,AICM,RC,2,NT,FH,0.0,0,-26.5,-20.93,[],0,0,[],[]
40671230,40672070,OCH,CXN,0.0,1238,AICM,RC,2,NT,FH,0.0,0,-27.54,-23.48,[],0,0,[],[]
40672070,40673140,NA,OLN,0.0,1238,AICM,NA,NA,NA,NA,0.0,0,-18.85,-9.26,[],0,0,[],[]
40673140,40674140,CHI,CHN,0.0,1238,AICM,RC,2,NT,FI,1.0,1000,-20.41,-11.93,"[{'Canonical-syllable': '0', 'Growl': '2', 'High-freq-energy': '1', 'Long-island': '0', 'Low-tilt-spectrum': '1', 'Medium-island': '1', 'Short-island': '1', 'Squeal': '0', 'Typical-entropy': '2', 'Voicing-quality': '1', 'Wide-band': '0', 'Xlong-island': '0', 'seq': '1', 'end': 40674.14, 'start': 40673.36}]",0,0,[],[]
40674140,40678430,NA,OLN,0.0,1238,AICM,NA,NA,NA,NA,0.0,0,-24.85,-12.85,[],0,0,[],[]
40678430,40679110,OCH,CXN,0.0,1238,AICM,RC,2,NT,FI,0.0,0,-26.16,-21.54,[],0,0,[],[]
40679110,40681690,NA,OLN,0.0,1238,AICM,NA,NA,NA,NA,0.0,0,-29.44,-20.71,[],0,0,[],[]
40681690,40682660,OCH,CXN,0.0,1238,AICM,RC,2,NT,FH,0.0,0,-23.72,-18.76,[],0,0,[],[]
40682660,40683710,OCH,CXN,0.0,1238,AICM,RC,2,NT,FH,0.0,0,-23.62,-14.18,[],0,0,[],[]
40683710,40684510,OCH,CXN,0.0,1238,AICM,RC,2,NT,FH,0.0,0,-22.3,-12.07,[],0,0,[],[]
40684510,40686590,CHI,CHN,0.0,1238,AICM,RC,2,NT,FI,1.0,1430,-21.99,-13.2,"[{'Canonical-syllable': '0', 'Growl': '0', 'High-freq-energy': '0', 'Long-island': '1', 'Low-tilt-spectrum': '1', 'Medium-island': '1', 'Short-island': '0', 'Squeal': '0', 'Typical-entropy': '2', 'Voicing-quality': '2', 'Wide-band': '0', 'Xlong-island': '0', 'seq': '1', 'end': 40685.94, 'start': 40684.72}]",0,0,[],[]
40686590,40688520,NA,OLN,0.0,1238,AICM,NA,NA,NA,NA,0.0,0,-32.8,-20.3,[],0,0,[],[]
40688520,40690280,OCH,CXN,0.0,1238,AICM,RC,2,NT,FI,0.0,0,-31.78,-19.83,[],0,0,[],[]
40690280,40691170,NA,OLN,0.0,1238,AICM,NA,NA,NA,NA,0.0,0,-30.48,-23.66,[],0,0,[],[]
40691170,40692180,NA,NON,0.0,1238,AICM,NA,NA,NA,NA,0.0,0,-37.61,-30.14,[],0,0,[],[]
40692180,40692780,CHI,CHN,0.0,1238,AICM,NA,NA,NA,NA,0.0,0,-16.44,-5.37,[],0,250,"[{'start': 40692.53, 'end': 40692.78}]",[]
40692780,40693580,NA,OLN,0.0,1238,AICM,NA,NA,NA,NA,0.0,0,-29.65,-17.2,[],0,0,[],[]
40693580,40694370,CHI,CHN,0.0,1238,AICM,RC,2,TIFI,FI,1.0,790,-14.71,-5.74,"[{'Canonical-syllable': '1', 'Growl': '0', 'High-freq-energy': '0', 'Long-island': '0', 'Low-tilt-spectrum': '2', 'Medium-island': '2', 'Short-island': '0', 'Squeal': '0', 'Typical-entropy': '2', 'Voicing-quality': '3', 'Wide-band': '0', 'Xlong-island': '0', 'seq': '1', 'end': 40694.37, 'start': 40693.58}]",0,0,[],[]
40694370,40698420,NA,OLN,0.0,1238,AICM,NA,NA,NA,NA,0.0,0,-28.07,-14.33,[],0,0,[],[]
40698420,40699420,FEM,FAN,6.08,1238,AICM,RC,3,TIFR,FI,0.0,0,-19.94,-11.51,[],0,0,[],[]
40699420,40702000,NA,OLN,0.0,1238,AICM,NA,NA,NA,NA,0.0,0,-22.28,-5.04,[],0,0,[],[]
40702000,40703010,NA,FAF,0.0,1238,AICM,NA,NA,NA,NA,0.0,0,-42.1,-34.15,[],0,0,[],[]
40703010,40703840,NA,OLN,0.0,1238,AICM,NA,NA,NA,NA,0.0,0,-21.36,-6.31,[],0,0,[],[]
40703840,40705400,OCH,CXN,0.0,1238,AICM,EC,3,NT,FI,0.0,0,-22.69,-10.55,[],0,0,[],[]
40705400,40707400,NA,OLN,0.0,1239,pause,NA,NA,NA,NA,0.0,0,-30.95,-16.86,[],0,0,[],[]
40707400,40708490,NA,NOF,0.0,1239,pause,NA,NA,NA,NA,0.0,0,-20.48,-6.44,[],0,0,[],[]
40708490,40712360,NA,OLF,0.0,1239,pause,NA,NA,NA,NA,0.0,0,-37.75,-27.27,[],0,0,[],[]
40712360,40713100,OCH,CXN,0.0,1239,XIOCAC,BC,0,NT,FI,0.0,0,-31.23,-27.19,[],0,0,[],[]
40713100,40714530,NA,OLN,0.0,1239,XIOCAC,NA,NA,NA,NA,0.0,0,-38.22,-24.92,[],0,0,[],[]
40714530,40715500,OCH,CXN,0.0,1239,XIOCAC,RC,0,NT,FH,0.0,0,-29.8,-21.46,[],0,0,[],[]
40715500,40717540,NA,OLN,0.0,1239,XIOCAC,NA,NA,NA,NA,0.0,0,-32.13,-21.56,[],0,0,[],[]
40717540,40718340,OCH,CXN,0.0,1239,XIOCAC,RC,0,NT,FH,0.0,0,-20.51,-11.48,[],0,0,[],[]
40718340,40719150,NA,OLF,0.0,1239,XIOCAC,NA,NA,NA,NA,0.0,0,-30.99,-18.94,[],0,0,[],[]
40719150,40720150,OCH,CXN,0.0,1239,XIOCAC,RC,0,NT,FH,0.0,0,-23.97,-18.29,[],0,0,[],[]
40720150,40721400,OCH,CXN,0.0,1239,XIOCAC,RC,0,NT,FH,0.0,0,-17.1,-7.07,[],0,0,[],[]
40721400,40722520,CHI,CHN,0.0,1239,XIOCAC,NA,NA,NA,NA,0.0,0,-16.52,-3.16,[],0,1120,"[{'start': 40721.4, 'end': 40722.52}]",[]
40722520,40723380,NA,OLF,0.0,1239,XIOCAC,NA,NA,NA,NA,0.0,0,-35.68,-24.21,[],0,0,[],[]
40723380,40723980,OCH,CXN,0.0,1239,XIOCAC,RC,0,NT,FH,0.0,0,-22.76,-17.23,[],0,0,[],[]
40723980,40725600,NA,OLN,0.0,1239,XIOCAC,NA,NA,NA,NA,0.0,0,-17.8,-5.84,[],0,0,[],[]
40725600,40726650,CHI,CHN,0.0,1239,XIOCAC,RC,0,NT,FI,1.0,1050,-20.62,-15.47,"[{'Canonical-syllable': '0', 'Growl': '0', 'High-freq-energy': '0', 'Long-island': '0', 'Low-tilt-spectrum': '1', 'Medium-island': '0', 'Short-island': '0', 'Squeal': '0', 'Typical-entropy': '1', 'Voicing-quality': '1', 'Wide-band': '0', 'Xlong-island': '1', 'seq': '1', 'end': 40726.65, 'start': 40725.6}]",0,0,[],[]
40726650,40727470,NA,OLN,0.0,1239,XIOCAC,NA,NA,NA,NA,0.0,0,-30.68,-26.01,[],0,0,[],[]
40727470,40728360,OCH,CXN,0.0,1239,XIOCAC,RC,0,NT,FI,0.0,0,-32.78,-21.0,[],0,0,[],[]
40728360,40729420,NA,OLN,0.0,1239,XIOCAC,NA,NA,NA,NA,0.0,0,-36.43,-30.33,[],0,0,[],[]
40729420,40730020,NA,CHF,0.0,1239,XIOCAC,NA,NA,NA,NA,0.0,0,-41.19,-37.41,[],0,600,[],"[{'start': 40729.42, 'end': 40730.02}]"
40730020,40731440,FEM,FAN,4.99,1239,XIOCAC,EC,0,NT,FI,0.0,0,-26.06,-15.65,[],0,0,[],[]
40731440,40732310,CHI,CHN,0.0,1240,pause,NA,NA,NA,NA,0.0,0,-28.55,-18.7,[],0,870,"[{'start': 40731.44, 'end': 40731.83}]","[{'start': 40731.83, 'end': 40732.31}]"
40732310,40733460,NA,OLF,0.0,1240,pause,NA,NA,NA,NA,0.0,0,-43.52,-37.09,[],0,0,[],[]
40733460,40734300,NA,CHF,0.0,1240,pause,NA,NA,NA,NA,0.0,0,-42.74,-28.87,[],0,840,[],"[{'start': 40733.46, 'end': 40734.3}]"
40734300,40735580,NA,OLF,0.0,1240,pause,NA,NA,NA,NA,0.0,0,-40.17,-33.97,[],0,0,[],[]
40735580,40736620,FEM,FAN,0.0,1240,pause,NA,NA,NA,NA,0.0,0,-25.44,-14.61,[],1040,0,[],[]
40736620,40741090,NA,OLN,0.0,1240,pause,NA,NA,NA,NA,0.0,0,-36.07,-26.84,[],0,0,[],[]
40741090,40742140,OCH,CXN,0.0,1240,XM,EC,0,NT,FI,0.0,0,-27.18,-21.8,[],0,0,[],[]
40742140,40748750,NA,OLN,0.0,1241,pause,NA,NA,NA,NA,0.0,0,-27.23,-9.85,[],0,0,[],[]
40748750,40749880,NA,NON,0.0,1241,pause,NA,NA,NA,NA,0.0,0,-28.07,-17.41,[],0,0,[],[]
40749880,40758400,NA,OLN,0.0,1241,pause,NA,NA,NA,NA,0.0,0,-19.57,-5.4,[],0,0,[],[]
40758400,40759230,CHI,CHN,0.0,1241,CIOCX,BC,0,NT,FI,1.0,830,-14.68,-4.72,"[{'Canonical-syllable': '0', 'Growl': '0', 'High-freq-energy': '1', 'Long-island': '0', 'Low-tilt-spectrum': '2', 'Medium-island': '1', 'Short-island': '1', 'Squeal': '3', 'Typical-entropy': '3', 'Voicing-quality': '3', 'Wide-band': '0', 'Xlong-island': '0', 'seq': '1', 'end': 40759.23, 'start': 40758.4}]",0,0,[],[]
40759230,40762620,NA,OLN,0.0,1241,CIOCX,NA,NA,NA,NA,0.0,0,-24.93,-13.63,[],0,0,[],[]
40762620,40763230,NA,NON,0.0,1241,CIOCX,NA,NA,NA,NA,0.0,0,-32.99,-23.95,[],0,0,[],[]
40763230,40764030,NA,OLN,0.0,1241,CIOCX,NA,NA,NA,NA,0.0,0,-31.66,-24.84,[],0,0,[],[]
40764030,40764830,OCH,CXN,0.0,1241,CIOCX,RC,0,NT,FI,0.0,0,-27.24,-18.93,[],0,0,[],[]
40764830,40767050,NA,OLN,0.0,1241,CIOCX,NA,NA,NA,NA,0.0,0,-34.38,-22.63,[],0,0,[],[]
40767050,40767710,CHI,CHN,0.0,1241,CIOCX,RC,0,NT,FI,1.0,520,-22.72,-15.9,"[{'Canonical-syllable': '0', 'Growl': '0', 'High-freq-energy': '0', 'Long-island': '0', 'Low-tilt-spectrum': '1', 'Medium-island': '0', 'Short-island': '1', 'Squeal': '0', 'Typical-entropy': '2', 'Voicing-quality': '2', 'Wide-band': '0', 'Xlong-island': '0', 'seq': '1', 'end': 40767.57, 'start': 40767.05}]",0,0,[],[]
40767710,40768560,NA,NOF,0.0,1241,CIOCX,NA,NA,NA,NA,0.0,0,-46.47,-39.41,[],0,0,[],[]
40768560,40769850,OCH,CXN,0.0,1241,CIOCX,RC,0,NT,FI,0.0,0,-31.25,-21.81,[],0,0,[],[]
40769850,40773780,NA,OLN,0.0,1241,CIOCX,NA,NA,NA,NA,0.0,0,-29.71,-7.92,[],0,0,[],[]
40773780,40774820,CHI,CHN,0.0,1241,CIOCX,NA,NA,NA,NA,0.0,0,-21.27,-10.54,[],0,320,"[{'start': 40774.5, 'end': 40774.82}]",[]
40774820,40775420,CHI,CHN,0.0,1241,CIOCX,RC,0,NT,FI,1.0,280,-16.58,-7.45,"[{'Canonical-syllable': '0', 'Growl': '0', 'High-freq-energy': '1', 'Long-island': '0', 'Low-tilt-spectrum': '1', 'Medium-island': '1', 'Short-island': '0', 'Squeal': '0', 'Typical-entropy': '1', 'Voicing-quality': '1', 'Wide-band': '0', 'Xlong-island': '0', 'seq': '1', 'end': 40775.1, 'start': 40774.82}]",0,0,[],[]
40775420,40776220,NA,OLF,0.0,1241,CIOCX,NA,NA,NA,NA,0.0,0,-40.89,-34.84,[],0,0,[],[]
40776220,40776870,CHI,CHN,0.0,1241,CIOCX,RC,0,NT,FH,1.0,410,-20.04,-12.71,"[{'Canonical-syllable': '0', 'Growl': '0', 'High-freq-energy': '0', 'Long-island': '0', 'Low-tilt-spectrum': '0', 'Medium-island': '1', 'Short-island': '0', 'Squeal': '0', 'Typical-entropy': '1', 'Voicing-quality': '1', 'Wide-band': '0', 'Xlong-island': '0', 'seq': '1', 'end': 40776.63, 'start': 40776.22}]",0,0,[],[]
40776870,40777950,NA,OLN,0.0,1241,CIOCX,NA,NA,NA,NA,0.0,0,-38.64,-32.68,[],0,0,[],[]
40777950,40778670,CHI,CHN,0.0,1241,CIOCX,NA,NA,NA,NA,0.0,0,-19.76,-10.92,[],0,430,"[{'start': 40778.24, 'end': 40778.41}]","[{'start': 40778.41, 'end': 40778.67}]"
40778670,40779510,NA,NON,0.0,1241,CIOCX,NA,NA,NA,NA,0.0,0,-26.83,-20.86,[],0,0,[],[]
40779510,40780110,CHI,CHN,0.0,1241,CIOCX,RC,0,NT,FH,1.0,600,-20.51,-14.2,"[{'Canonical-syllable': '1', 'Growl': '0', 'High-freq-energy': '0', 'Long-island': '0', 'Low-tilt-spectrum': '1', 'Medium-island': '1', 'Short-island': '0', 'Squeal': '0', 'Typical-entropy': '1', 'Voicing-quality': '1', 'Wide-band': '0', 'Xlong-island': '0', 'seq': '1', 'end': 40780.11, 'start': 40779.51}]",0,0,[],[]
40780110,40780910,NA,OLN,0.0,1241,CIOCX,NA,NA,NA,NA,0.0,0,-31.16,-24.08,[],0,0,[],[]
40780910,40781710,NA,NON,0.0,1241,CIOCX,NA,NA,NA,NA,0.0,0,-30.77,-23.16,[],0,0,[],[]
40781710,40782510,NA,OLN,0.0,1241,CIOCX,NA,NA,NA,NA,0.0,0,-36.25,-29.03,[],0,0,[],[]
40782510,40783310,NA,NON,0.0,1241,CIOCX,NA,NA,NA,NA,0.0,0,-33.29,-25.72,[],0,0,[],[]
40783310,40784110,OCH,CXN,0.0,1241,CIOCX,RC,0,NT,FI,0.0,0,-17.9,-7.93,[],0,0,[],[]
40784110,40785000,NA,NON,0.0,1241,CIOCX,NA,NA,NA,NA,0.0,0,-30.47,-22.77,[],0,0,[],[]
40785000,40786710,CHI,CHN,0.0,1241,CIOCX,NA,NA,NA,NA,0.0,0,-18.11,-7.36,[],0,410,"[{'start': 40785.71, 'end': 40786.12}]",[]
40786710,40787510,OCH,CXN,0.0,1241,CIOCX,RC,0,NT,FH,0.0,0,-17.23,-6.45,[],0,0,[],[]
40787510,40788680,NA,OLN,0.0,1241,CIOCX,NA,NA,NA,NA,0.0,0,-31.27,-23.77,[],0,0,[],[]
40788680,40789660,OCH,CXN,0.0,1241,CIOCX,RC,0,NT,FH,0.0,0,-17.68,-11.27,[],0,0,[],[]
40789660,40790460,NA,NON,0.0,1241,CIOCX,NA,NA,NA,NA,0.0,0,-29.75,-23.14,[],0,0,[],[]
40790460,40791060,CHI,CHN,0.0,1241,CIOCX,RC,0,NT,FI,1.0,600,-23.85,-16.79,"[{'Canonical-syllable': '0', 'Growl': '1', 'High-freq-energy': '2', 'Long-island': '0', 'Low-tilt-spectrum': '2', 'Medium-island': '1', 'Short-island': '0', 'Squeal': '0', 'Typical-entropy': '2', 'Voicing-quality': '1', 'Wide-band': '0', 'Xlong-island': '0', 'seq': '1', 'end': 40791.06, 'start': 40790.46}]",0,0,[],[]
40791060,40792150,NA,OLN,0.0,1241,CIOCX,NA,NA,NA,NA,0.0,0,-23.88,-16.57,[],0,0,[],[]
40792150,40793190,NA,NON,0.0,1241,CIOCX,NA,NA,NA,NA,0.0,0,-26.54,-18.41,[],0,0,[],[]
40793190,40793800,CHI,CHN,0.0,1241,CIOCX,RC,0,NT,FH,1.0,610,-20.96,-14.75,"[{'Canonical-syllable': '0', 'Growl': '0', 'High-freq-energy': '1', 'Long-island': '0', 'Low-tilt-spectrum': '1', 'Medium-island': '1', 'Short-island': '0', 'Squeal': '0', 'Typical-entropy': '1', 'Voicing-quality': '1', 'Wide-band': '0', 'Xlong-island': '0', 'seq': '1', 'end': 40793.8, 'start': 40793.19}]",0,0,[],[]
40793800,40795280,NA,NON,0.0,1241,CIOCX,NA,NA,NA,NA,0.0,0,-26.54,-12.67,[],0,0,[],[]
40795280,40797720,NA,OLN,0.0,1241,CIOCX,NA,NA,NA,NA,0.0,0,-22.28,-10.72,[],0,0,[],[]
40797720,40798550,OCH,CXN,0.0,1241,CIOCX,EC,0,NT,FI,0.0,0,-16.06,-3.88,[],0,0,[],[]
40798550,40803230,NA,OLN,0.0,1242,pause,NA,NA,NA,NA,0.0,0,-33.48,-20.81,[],0,0,[],[]
40803230,40804030,NA,NOF,0.0,1242,pause,NA,NA,NA,NA,0.0,0,-35.92,-27.02,[],0,0,[],[]
40804030,40806340,NA,OLN,0.0,1242,pause,NA,NA,NA,NA,0.0,0,-27.81,-8.76,[],0,0,[],[]
40806340,40807230,NA,NON,0.0,1242,pause,NA,NA,NA,NA,0.0,0,-31.62,-18.87,[],0,0,[],[]
40807230,40808270,OCH,CXN,0.0,1242,XIOCC,BC,0,NT,FI,0.0,0,-24.04,-11.73,[],0,0,[],[]
40808270,40809150,NA,NOF,0.0,1242,XIOCC,NA,NA,NA,NA,0.0,0,-37.48,-29.7,[],0,0,[],[]
40809150,40810480,CHI,CHN,0.0,1242,XIOCC,NA,NA,NA,NA,0.0,0,-15.94,-7.8,[],0,1220,"[{'start': 40809.15, 'end': 40810.37}]",[]
40810480,40811340,NA,OLN,0.0,1242,XIOCC,NA,NA,NA,NA,0.0,0,-22.05,-10.52,[],0,0,[],[]
40811340,40812160,OCH,CXN,0.0,1242,XIOCC,RC,0,NT,FH,0.0,0,-24.12,-16.84,[],0,0,[],[]
40812160,40812880,OCH,CXN,0.0,1242,XIOCC,RC,0,NT,FH,0.0,0,-19.58,-8.65,[],0,0,[],[]
40812880,40813780,NA,OLN,0.0,1242,XIOCC,NA,NA,NA,NA,0.0,0,-19.54,-9.59,[],0,0,[],[]
40813780,40814470,CHI,CHN,0.0,1242,XIOCC,EC,0,NT,FI,1.0,690,-29.26,-25.57,"[{'Canonical-syllable': '0', 'Growl': '1', 'High-freq-energy': '1', 'Long-island': '1', 'Low-tilt-spectrum': '1', 'Medium-island': '0', 'Short-island': '0', 'Squeal': '0', 'Typical-entropy': '1', 'Voicing-quality': '1', 'Wide-band': '0', 'Xlong-island': '0', 'seq': '1', 'end': 40814.47, 'start': 40813.78}]",0,0,[],[]
40814470,40816620,NA,OLN,0.0,1243,pause,NA,NA,NA,NA,0.0,0,-27.18,-18.21,[],0,0,[],[]
40816620,40817650,NA,NON,0.0,1243,pause,NA,NA,NA,NA,0.0,0,-30.51,-25.38,[],0,0,[],[]
40817650,40819100,NA,OLN,0.0,1243,pause,NA,NA,NA,NA,0.0,0,-29.88,-16.8,[],0,0,[],[]
40819100,40820290,NA,NON,0.0,1243,pause,NA,NA,NA,NA,0.0,0,-32.69,-27.79,[],0,0,[],[]
40820290,40821580,NA,OLN,0.0,1243,pause,NA,NA,NA,NA,0.0,0,-25.29,-14.52,[],0,0,[],[]
40821580,40822380,OCH,CXN,0.0,1243,XM,BC,0,NT,FI,0.0,0,-32.05,-24.13,[],0,0,[],[]
40822380,40824650,NA,OLN,0.0,1243,XM,NA,NA,NA,NA,0.0,0,-29.35,-16.69,[],0,0,[],[]
40824650,40825450,NA,NOF,0.0,1243,XM,NA,NA,NA,NA,0.0,0,-34.42,-26.43,[],0,0,[],[]
40825450,40826340,NA,OLN,0.0,1243,XM,NA,NA,NA,NA,0.0,0,-39.6,-33.12,[],0,0,[],[]
40826340,40827420,OCH,CXN,0.0,1243,XM,RC,0,NT,FH,0.0,0,-18.79,-9.27,[],0,0,[],[]
40827420,40828550,NA,OLF,0.0,1243,XM,NA,NA,NA,NA,0.0,0,-33.11,-19.89,[],0,0,[],[]
40828550,40829350,NA,NON,0.0,1243,XM,NA,NA,NA,NA,0.0,0,-37.06,-32.1,[],0,0,[],[]
40829350,40830150,OCH,CXN,0.0,1243,XM,EC,0,NT,FH,0.0,0,-26.7,-21.59,[],0,0,[],[]
40830150,40830830,NA,NON,0.0,1244,pause,NA,NA,NA,NA,0.0,0,-33.81,-29.84,[],0,0,[],[]
40830830,40832750,NA,OLN,0.0,1244,pause,NA,NA,NA,NA,0.0,0,-26.78,-19.01,[],0,0,[],[]
40832750,40833670,NA,NON,0.0,1244,pause,NA,NA,NA,NA,0.0,0,-32.7,-28.4,[],0,0,[],[]
40833670,40835170,NA,OLN,0.0,1244,pause,NA,NA,NA,NA,0.0,0,-33.67,-21.19,[],0,0,[],[]
40835170,40835970,NA,NON,0.0,1244,pause,NA,NA,NA,NA,0.0,0,-27.92,-19.17,[],0,0,[],[]
40835970,40837390,NA,OLN,0.0,1244,pause,NA,NA,NA,NA,0.0,0,-26.97,-20.99,[],0,0,[],[]
40837390,40837990,CHI,CHN,0.0,1244,CIC,BC,0,NT,FI,1.0,600,-27.67,-22.3,"[{'Canonical-syllable': '0', 'Growl': '0', 'High-freq-energy': '0', 'Long-island': '0', 'Low-tilt-spectrum': '1', 'Medium-island': '1', 'Short-island': '0', 'Squeal': '0', 'Typical-entropy': '1', 'Voicing-quality': '1', 'Wide-band': '0', 'Xlong-island': '0', 'seq': '1', 'end': 40837.99, 'start': 40837.39}]",0,0,[],[]
40837990,40838940,NA,NON,0.0,1244,CIC,NA,NA,NA,NA,0.0,0,-29.74,-24.15,[],0,0,[],[]
40838940,40840050,CHI,CHN,0.0,1244,CIC,RC,0,NT,FH,1.0,1110,-17.06,-6.89,"[{'Canonical-syllable': '0', 'Growl': '1', 'High-freq-energy': '0', 'Long-island': '0', 'Low-tilt-spectrum': '3', 'Medium-island': '1', 'Short-island': '2', 'Squeal': '0', 'Typical-entropy': '4', 'Voicing-quality': '4', 'Wide-band': '0', 'Xlong-island': '0', 'seq': '1', 'end': 40840.05, 'start': 40839.04}]",0,0,[],[]
40840050,40841490,NA,OLN,0.0,1244,CIC,NA,NA,NA,NA,0.0,0,-28.54,-20.53,[],0,0,[],[]
40841490,40842840,NA,NON,0.0,1244,CIC,NA,NA,NA,NA,0.0,0,-31.25,-20.28,[],0,0,[],[]
40842840,40843450,CHI,CHN,0.0,1244,CIC,RC,0,TIFI,FH,1.0,530,-16.51,-9.36,"[{'Canonical-syllable': '0', 'Growl': '0', 'High-freq-energy': '0', 'Long-island': '0', 'Low-tilt-spectrum': '1', 'Medium-island': '1', 'Short-island': '0', 'Squeal': '0', 'Typical-entropy': '1', 'Voicing-quality': '1', 'Wide-band': '0', 'Xlong-island': '0', 'seq': '1', 'end': 40843.37, 'start': 40842.92}]",0,0,[],[]
40843450,40844250,NA,OLN,0.0,1244,CIC,NA,NA,NA,NA,0.0,0,-24.13,-8.62,[],0,0,[],[]
40844250,40845250,FEM,FAN,7.85,1244,CIC,EC,1,TIFR,FI,0.0,0,-23.26,-10.93,[],0,0,[],[]
40845250,40848140,NA,OLF,0.0,1245,pause,NA,NA,NA,NA,0.0,0,-33.34,-18.25,[],0,0,[],[]
40848140,40849800,NA,OLN,0.0,1245,pause,NA,NA,NA,NA,0.0,0,-40.16,-32.16,[],0,0,[],[]
40849800,40851610,NA,CXF,0.0,1245,pause,NA,NA,NA,NA,0.0,0,-45.07,-34.87,[],0,0,[],[]
40851610,40852490,NA,OLF,0.0,1245,pause,NA,NA,NA,NA,0.0,0,-43.59,-36.98,[],0,0,[],[]
40852490,40854390,NA,OLN,0.0,1245,pause,NA,NA,NA,NA,0.0,0,-31.4,-18.02,[],0,0,[],[]
40854390,40855200,NA,NOF,0.0,1245,pause,NA,NA,NA,NA,0.0,0,-42.69,-36.58,[],0,0,[],[]
40855200,40856000,OCH,CXN,0.0,1245,XIOCC,BC,0,NT,FI,0.0,0,-37.19,-27.5,[],0,0,[],[]
40856000,40856800,NA,OLF,0.0,1245,XIOCC,NA,NA,NA,NA,0.0,0,-38.49,-29.53,[],0,0,[],[]
40856800,40857980,NA,OLN,0.0,1245,XIOCC,NA,NA,NA,NA,0.0,0,-34.69,-26.42,[],0,0,[],[]
40857980,40859300,NA,OLF,0.0,1245,XIOCC,NA,NA,NA,NA,0.0,0,-35.24,-17.9,[],0,0,[],[]
40859300,40860340,CHI,CHN,0.0,1245,XIOCC,RC,0,NT,FI,1.0,930,-15.76,-8.67,"[{'Canonical-syllable': '0', 'Growl': '0', 'High-freq-energy': '0', 'Long-island': '0', 'Low-tilt-spectrum': '0', 'Medium-island': '2', 'Short-island': '0', 'Squeal': '0', 'Typical-entropy': '1', 'Voicing-quality': '2', 'Wide-band': '0', 'Xlong-island': '0', 'seq': '1', 'end': 40860.23, 'start': 40859.3}]",0,0,[],[]
40860340,40862800,NA,OLN,0.0,1245,XIOCC,NA,NA,NA,NA,0.0,0,-26.08,-12.14,[],0,0,[],[]
40862800,40863640,OCH,CXN,0.0,1245,XIOCC,EC,0,NT,FI,0.0,0,-25.08,-18.4,[],0,0,[],[]
40863640,40864960,NA,OLF,0.0,1246,pause,NA,NA,NA,NA,0.0,0,-33.24,-17.06,[],0,0,[],[]
40864960,40865760,NA,NOF,0.0,1246,pause,NA,NA,NA,NA,0.0,0,-20.32,-8.66,[],0,0,[],[]
40865760,40867030,NA,OLN,0.0,1246,pause,NA,NA,NA,NA,0.0,0,-34.25,-20.19,[],0,0,[],[]
40867030,40867860,NA,NON,0.0,1246,pause,NA,NA,NA,NA,0.0,0,-38.37,-30.12,[],0,0,[],[]
40867860,40869380,NA,OLF,0.0,1246,pause,NA,NA,NA,NA,0.0,0,-39.7,-32.74,[],0,0,[],[]
40869380,40871830,NA,NOF,0.0,1246,pause,NA,NA,NA,NA,0.0,0,-34.86,-22.19,[],0,0,[],[]
40871830,40872660,NA,CXF,0.0,1246,pause,NA,NA,NA,NA,0.0,0,-39.55,-29.43,[],0,0,[],[]
40872660,40873720,NA,NOF,0.0,1246,pause,NA,NA,NA,NA,0.0,0,-38.73,-25.8,[],0,0,[],[]
40873720,40874400,NA,CHF,0.0,1246,pause,NA,NA,NA,NA,0.0,0,-42.54,-38.38,[],0,680,[],"[{'start': 40873.72, 'end': 40874.4}]"
40874400,40876000,NA,NOF,0.0,1246,pause,NA,NA,NA,NA,0.0,0,-28.54,-15.88,[],0,0,[],[]
40876000,40876820,NA,OLF,0.0,1246,pause,NA,NA,NA,NA,0.0,0,-34.66,-20.48,[],0,0,[],[]
40876820,40878130,NA,FAF,0.0,1246,pause,NA,NA,NA,NA,0.0,0,-42.39,-32.24,[],0,0,[],[]
40878130,40879050,NA,NOF,0.0,1246,pause,NA,NA,NA,NA,0.0,0,-42.34,-30.61,[],0,0,[],[]
40879050,40880050,CHI,CHN,0.0,1246,CIOCX,BC,0,NT,FI,1.0,1000,-21.15,-13.19,"[{'Canonical-syllable': '0', 'Growl': '0', 'High-freq-energy': '0', 'Long-island': '0', 'Low-tilt-spectrum': '0', 'Medium-island': '1', 'Short-island': '1', 'Squeal': '0', 'Typical-entropy': '2', 'Voicing-quality': '2', 'Wide-band': '0', 'Xlong-island': '0', 'seq': '1', 'end': 40880.05, 'start': 40879.05}]",0,0,[],[]
40880050,40881990,OCH,CXN,0.0,1246,CIOCX,RC,0,NT,FI,0.0,0,-25.44,-14.1,[],0,0,[],[]
40881990,40884540,NA,OLF,0.0,1246,CIOCX,NA,NA,NA,NA,0.0,0,-22.14,-6.71,[],0,0,[],[]
40884540,40885710,CHI,CHN,0.0,1246,CIOCX,RC,0,NT,FI,1.0,910,-17.45,-9.64,"[{'Canonical-syllable': '1', 'Growl': '0', 'High-freq-energy': '0', 'Long-island': '0', 'Low-tilt-spectrum': '1', 'Medium-island': '2', 'Short-island': '1', 'Squeal': '0', 'Typical-entropy': '1', 'Voicing-quality': '3', 'Wide-band': '0', 'Xlong-island': '0', 'seq': '1', 'end': 40885.45, 'start': 40884.54}]",0,0,[],[]
40885710,40886390,CHI,CHN,0.0,1246,CIOCX,RC,0,NT,FH,1.0,680,-22.34,-17.7,"[{'Canonical-syllable': '0', 'Growl': '0', 'High-freq-energy': '0', 'Long-island': '1', 'Low-tilt-spectrum': '0', 'Medium-island': '0', 'Short-island': '0', 'Squeal': '0', 'Typical-entropy': '0', 'Voicing-quality': '1', 'Wide-band': '0', 'Xlong-island': '0', 'seq': '1', 'end': 40886.39, 'start': 40885.71}]",0,0,[],[]
40886390,40887330,OCH,CXN,0.0,1246,CIOCX,RC,0,NT,FI,0.0,0,-25.49,-15.74,[],0,0,[],[]
40887330,40888690,NA,OLN,0.0,1246,CIOCX,NA,NA,NA,NA,0.0,0,-32.21,-17.98,[],0,0,[],[]
40888690,40889720,CHI,CHN,0.0,1246,CIOCX,RC,0,NT,FI,1.0,920,-16.04,-10.37,"[{'Canonical-syllable': '0', 'Growl': '0', 'High-freq-energy': '0', 'Long-island': '0', 'Low-tilt-spectrum': '1', 'Medium-island': '2', 'Short-island': '0', 'Squeal': '0', 'Typical-entropy': '0', 'Voicing-quality': '2', 'Wide-band': '0', 'Xlong-island': '0', 'seq': '1', 'end': 40889.61, 'start': 40888.69}]",0,0,[],[]
40889720,40890830,OCH,CXN,0.0,1246,CIOCX,RC,0,NT,FI,0.0,0,-17.95,-12.11,[],0,0,[],[]
40890830,40891840,NA,OLF,0.0,1246,CIOCX,NA,NA,NA,NA,0.0,0,-42.16,-31.03,[],0,0,[],[]
40891840,40892640,OCH,CXN,0.0,1246,CIOCX,RC,0,NT,FH,0.0,0,-20.32,-12.9,[],0,0,[],[]
40892640,40893930,CHI,CHN,0.0,1246,CIOCX,NA,NA,NA,NA,0.0,0,-22.94,-14.99,[],0,780,"[{'start': 40892.64, 'end': 40893.42}]",[]
40893930,40895530,OCH,CXN,0.0,1246,CIOCX,EC,0,NT,FH,0.0,0,-22.79,-12.97,[],0,0,[],[]
40895530,40899160,NA,OLN,0.0,1247,pause,NA,NA,NA,NA,0.0,0,-34.6,-16.41,[],0,0,[],[]
40899160,40900360,NA,FAF,0.0,1247,pause,NA,NA,NA,NA,0.0,0,-38.68,-20.96,[],0,0,[],[]
40900360,40902410,NA,OLN,0.0,1247,pause,NA,NA,NA,NA,0.0,0,-29.45,-20.19,[],0,0,[],[]
40902410,40903210,NA,NON,0.0,1247,pause,NA,NA,NA,NA,0.0,0,-24.69,-8.3,[],0,0,[],[]
40903210,40904720,NA,OLN,0.0,1247,pause,NA,NA,NA,NA,0.0,0,-22.7,-6.4,[],0,0,[],[]
40904720,40905720,FEM,FAN,6.81,1247,AIOCCXF,BC,0,NT,FI,0.0,0,-30.86,-20.22,[],0,0,[],[]
40905720,40906530,OCH,CXN,0.0,1247,AIOCCXF,RC,0,NT,FI,0.0,0,-32.62,-25.16,[],0,0,[],[]
40906530,40907680,NA,OLF,0.0,1247,AIOCCXF,NA,NA,NA,NA,0.0,0,-39.26,-32.69,[],0,0,[],[]
40907680,40909190,CHI,CHN,0.0,1247,AIOCCXF,EC,0,NT,FI,1.0,1510,-18.82,-8.25,"[{'Canonical-syllable': '0', 'Growl': '0', 'High-freq-energy': '0', 'Long-island': '0', 'Low-tilt-spectrum': '1', 'Medium-island': '1', 'Short-island': '2', 'Squeal': '0', 'Typical-entropy': '2', 'Voicing-quality': '4', 'Wide-band': '0', 'Xlong-island': '0', 'seq': '1', 'end': 40909.19, 'start': 40907.68}]",0,0,[],[]
40909190,40910980,NA,OLN,0.0,1248,pause,NA,NA,NA,NA,0.0,0,-34.97,-21.85,[],0,0,[],[]
40910980,40912040,NA,MAF,0.0,1248,pause,NA,NA,NA,NA,0.0,0,-38.03,-29.43,[],0,0,[],[]
40912040,40913640,NA,OLN,0.0,1248,pause,NA,NA,NA,NA,0.0,0,-36.51,-26.16,[],0,0,[],[]
40913640,40914660,NA,NOF,0.0,1248,pause,NA,NA,NA,NA,0.0,0,-37.25,-24.63,[],0,0,[],[]
40914660,40916020,NA,OLF,0.0,1248,pause,NA,NA,NA,NA,0.0,0,-31.35,-18.71,[],0,0,[],[]
40916020,40916870,NA,NOF,0.0,1248,pause,NA,NA,NA,NA,0.0,0,-38.92,-24.52,[],0,0,[],[]
40916870,40918540,NA,OLN,0.0,1248,pause,NA,NA,NA,NA,0.0,0,-35.85,-27.57,[],0,0,[],[]
40918540,40920140,FEM,FAN,7.75,1248,AIOCCXF,BC,0,NT,FI,0.0,0,-19.82,-12.81,[],0,0,[],[]
40920140,40921000,OCH,CXN,0.0,1248,AIOCCXF,RC,0,NT,FI,0.0,0,-25.75,-18.6,[],0,0,[],[]
40921000,40921890,NA,OLN,0.0,1248,AIOCCXF,NA,NA,NA,NA,0.0,0,-35.06,-24.92,[],0,0,[],[]
40921890,40922690,NA,NOF,0.0,1248,AIOCCXF,NA,NA,NA,NA,0.0,0,-42.21,-32.62,[],0,0,[],[]
40922690,40924690,FEM,FAN,9.45,1248,AIOCCXF,RC,0,NT,FI,0.0,0,-19.11,-8.85,[],0,0,[],[]
40924690,40927320,OCH,CXN,0.0,1248,AIOCCXF,RC,0,NT,FI,0.0,0,-24.72,-11.58,[],0,0,[],[]
40927320,40928120,NA,NOF,0.0,1248,AIOCCXF,NA,NA,NA,NA,0.0,0,-39.71,-30.67,[],0,0,[],[]
40928120,40929660,CHI,CHN,0.0,1248,AIOCCXF,RC,0,NT,FI,1.0,1220,-15.8,-7.36,"[{'Canonical-syllable': '0', 'Growl': '0', 'High-freq-energy': '0', 'Long-island': '1', 'Low-tilt-spectrum': '0', 'Medium-island': '1', 'Short-island': '0', 'Squeal': '0', 'Typical-entropy': '0', 'Voicing-quality': '2', 'Wide-band': '0', 'Xlong-island': '0', 'seq': '1', 'end': 40929.34, 'start': 40928.12}]",0,0,[],[]
40929660,40930680,NA,OLF,0.0,1248,AIOCCXF,NA,NA,NA,NA,0.0,0,-39.36,-31.07,[],0,0,[],[]
40930680,40931550,NA,NOF,0.0,1248,AIOCCXF,NA,NA,NA,NA,0.0,0,-40.82,-27.35,[],0,0,[],[]
40931550,40933020,OCH,CXN,0.0,1248,AIOCCXF,RC,0,NT,FI,0.0,0,-27.2,-16.28,[],0,0,[],[]
40933020,40934060,NA,OLF,0.0,1248,AIOCCXF,NA,NA,NA,NA,0.0,0,-38.14,-33.79,[],0,0,[],[]
40934060,40935220,CHI,CHN,0.0,1248,AIOCCXF,RC,0,NT,FI,1.0,850,-18.67,-11.42,"[{'Canonical-syllable': '0', 'Growl': '1', 'High-freq-energy': '0', 'Long-island': '0', 'Low-tilt-spectrum': '0', 'Medium-island': '1', 'Short-island': '0', 'Squeal': '0', 'Typical-entropy': '1', 'Voicing-quality': '2', 'Wide-band': '0', 'Xlong-island': '0', 'seq': '1', 'end': 40934.91, 'start': 40934.29}]",0,0,[],[]
40935220,40936400,OCH,CXN,0.0,1248,AIOCCXF,RC,0,NT,FI,0.0,0,-30.47,-21.19,[],0,0,[],[]
40936400,40937620,NA,OLN,0.0,1248,AIOCCXF,NA,NA,NA,NA,0.0,0,-24.5,-13.73,[],0,0,[],[]
40937620,40939190,OCH,CXN,0.0,1248,AIOCCXF,RC,0,NT,FH,0.0,0,-23.11,-8.85,[],0,0,[],[]
40939190,40940000,NA,OLF,0.0,1248,AIOCCXF,NA,NA,NA,NA,0.0,0,-40.52,-31.52,[],0,0,[],[]
40940000,40941010,CHI,CHN,0.0,1248,AIOCCXF,RC,0,NT,FI,1.0,800,-20.87,-11.31,"[{'Canonical-syllable': '2', 'Growl': '1', 'High-freq-energy': '0', 'Long-island': '0', 'Low-tilt-spectrum': '0', 'Medium-island': '0', 'Short-island': '2', 'Squeal': '0', 'Typical-entropy': '3', 'Voicing-quality': '4', 'Wide-band': '0', 'Xlong-island': '0', 'seq': '1', 'end': 40940.8, 'start': 40940.0}]",0,0,[],[]
40941010,40942180,NA,NOF,0.0,1248,AIOCCXF,NA,NA,NA,NA,0.0,0,-44.72,-35.94,[],0,0,[],[]
40942180,40943590,OCH,CXN,0.0,1248,AIOCCXF,RC,0,NT,FI,0.0,0,-22.97,-13.32,[],0,0,[],[]
40943590,40944620,NA,OLN,0.0,1248,AIOCCXF,NA,NA,NA,NA,0.0,0,-30.12,-20.17,[],0,0,[],[]
40944620,40945460,OCH,CXN,0.0,1248,AIOCCXF,RC,0,NT,FH,0.0,0,-33.86,-27.61,[],0,0,[],[]
40945460,40946280,NA,NOF,0.0,1248,AIOCCXF,NA,NA,NA,NA,0.0,0,-42.48,-31.94,[],0,0,[],[]
40946280,40947100,NA,OLF,0.0,1248,AIOCCXF,NA,NA,NA,NA,0.0,0,-38.12,-33.59,[],0,0,[],[]
40947100,40948360,FEM,FAN,8.48,1248,AIOCCXF,RC,0,NT,FI,0.0,0,-27.07,-16.56,[],0,0,[],[]
40948360,40949180,NA,OLF,0.0,1248,AIOCCXF,NA,NA,NA,NA,0.0,0,-33.99,-18.22,[],0,0,[],[]
40949180,40949980,NA,NOF,0.0,1248,AIOCCXF,NA,NA,NA,NA,0.0,0,-44.95,-34.09,[],0,0,[],[]
40949980,40951090,OCH,CXN,0.0,1248,AIOCCXF,RC,0,NT,FI,0.0,0,-31.61,-24.25,[],0,0,[],[]
40951090,40952800,CHI,CHN,0.0,1248,AIOCCXF,RC,0,NT,FI,1.0,680,-17.89,-6.38,"[{'Canonical-syllable': '0', 'Growl': '0', 'High-freq-energy': '0', 'Long-island': '0', 'Low-tilt-spectrum': '0', 'Medium-island': '1', 'Short-island': '1', 'Squeal': '0', 'Typical-entropy': '0', 'Voicing-quality': '2', 'Wide-band': '0', 'Xlong-island': '0', 'seq': '1', 'end': 40952.8, 'start': 40952.12}]",0,0,[],[]
40952800,40954750,NA,OLF,0.0,1248,AIOCCXF,NA,NA,NA,NA,0.0,0,-40.67,-33.85,[],0,0,[],[]
40954750,40955350,CHI,CHN,0.0,1248,AIOCCXF,RC,0,NT,FH,1.0,420,-20.17,-13.95,"[{'Canonical-syllable': '0', 'Growl': '0', 'High-freq-energy': '0', 'Long-island': '0', 'Low-tilt-spectrum': '0', 'Medium-island': '1', 'Short-island': '0', 'Squeal': '0', 'Typical-entropy': '0', 'Voicing-quality': '1', 'Wide-band': '0', 'Xlong-island': '0', 'seq': '1', 'end': 40955.17, 'start': 40954.89}]",0,0,[],[]
40955350,40956240,NA,NOF,0.0,1248,AIOCCXF,NA,NA,NA,NA,0.0,0,-43.25,-34.03,[],0,0,[],[]
40956240,40956900,CHI,CHN,0.0,1248,AIOCCXF,RC,0,NT,FH,1.0,660,-24.01,-13.61,"[{'Canonical-syllable': '2', 'Growl': '0', 'High-freq-energy': '0', 'Long-island': '0', 'Low-tilt-spectrum': '0', 'Medium-island': '0', 'Short-island': '2', 'Squeal': '0', 'Typical-entropy': '0', 'Voicing-quality': '2', 'Wide-band': '0', 'Xlong-island': '0', 'seq': '1', 'end': 40956.9, 'start': 40956.4}]",0,0,[],[]
40956900,40958830,NA,OLN,0.0,1248,AIOCCXF,NA,NA,NA,NA,0.0,0,-37.75,-26.75,[],0,0,[],[]
40958830,40959640,OCH,CXN,0.0,1248,AIOCCXF,RC,0,NT,FI,0.0,0,-35.72,-26.44,[],0,0,[],[]
40959640,40960490,NA,OLF,0.0,1248,AIOCCXF,NA,NA,NA,NA,0.0,0,-33.23,-22.51,[],0,0,[],[]
40960490,40961570,NA,NOF,0.0,1248,AIOCCXF,NA,NA,NA,NA,0.0,0,-46.55,-40.22,[],0,0,[],[]
40961570,40962680,CHI,CHN,0.0,1248,AIOCCXF,RC,0,NT,FI,1.0,1110,-17.63,-10.48,"[{'Canonical-syllable': '1', 'Growl': '0', 'High-freq-energy': '0', 'Long-island': '0', 'Low-tilt-spectrum': '1', 'Medium-island': '0', 'Short-island': '3', 'Squeal': '0', 'Typical-entropy': '3', 'Voicing-quality': '4', 'Wide-band': '1', 'Xlong-island': '0', 'seq': '1', 'end': 40962.68, 'start': 40961.57}]",0,0,[],[]
40962680,40963490,OCH,CXN,0.0,1248,AIOCCXF,RC,0,NT,FI,0.0,0,-28.59,-19.36,[],0,0,[],[]
40963490,40965050,NA,OLN,0.0,1248,AIOCCXF,NA,NA,NA,NA,0.0,0,-30.77,-20.8,[],0,0,[],[]
40965050,40966000,OCH,CXN,0.0,1248,AIOCCXF,RC,0,NT,FH,0.0,0,-37.15,-29.32,[],0,0,[],[]
40966000,40966710,CHI,CHN,0.0,1248,AIOCCXF,RC,0,NT,FI,1.0,410,-17.4,-6.83,"[{'Canonical-syllable': '2', 'Growl': '0', 'High-freq-energy': '0', 'Long-island': '0', 'Low-tilt-spectrum': '0', 'Medium-island': '0', 'Short-island': '2', 'Squeal': '0', 'Typical-entropy': '2', 'Voicing-quality': '2', 'Wide-band': '0', 'Xlong-island': '0', 'seq': '1', 'end': 40966.41, 'start': 40966.0}]",0,0,[],[]
40966710,40968240,CHI,CHN,0.0,1248,AIOCCXF,RC,0,NT,FH,1.0,1390,-16.21,-9.45,"[{'Canonical-syllable': '1', 'Growl': '0', 'High-freq-energy': '0', 'Long-island': '0', 'Low-tilt-spectrum': '0', 'Medium-island': '2', 'Short-island': '2', 'Squeal': '0', 'Typical-entropy': '0', 'Voicing-quality': '4', 'Wide-band': '0', 'Xlong-island': '0', 'seq': '1', 'end': 40968.1, 'start': 40966.71}]",0,0,[],[]
40968240,40968990,OCH,CXN,0.0,1248,AIOCCXF,RC,0,NT,FI,0.0,0,-19.7,-11.36,[],0,0,[],[]
40968990,40971820,OCH,CXN,0.0,1248,AIOCCXF,RC,0,NT,FH,0.0,0,-19.4,-6.52,[],0,0,[],[]
40971820,40972430,CHI,CHN,0.0,1248,AIOCCXF,RC,0,NT,FI,1.0,440,-17.18,-11.43,"[{'Canonical-syllable': '0', 'Growl': '0', 'High-freq-energy': '1', 'Long-island': '0', 'Low-tilt-spectrum': '0', 'Medium-island': '1', 'Short-island': '0', 'Squeal': '0', 'Typical-entropy': '1', 'Voicing-quality': '1', 'Wide-band': '0', 'Xlong-island': '0', 'seq': '1', 'end': 40972.26, 'start': 40971.82}]",0,0,[],[]
40972430,40973610,OCH,CXN,0.0,1248,AIOCCXF,RC,0,NT,FI,0.0,0,-24.16,-14.29,[],0,0,[],[]
40973610,40974220,CHI,CHN,0.0,1248,AIOCCXF,RC,0,NT,FI,1.0,610,-17.74,-9.53,"[{'Canonical-syllable': '0', 'Growl': '0', 'High-freq-energy': '1', 'Long-island': '0', 'Low-tilt-spectrum': '2', 'Medium-island': '0', 'Short-island': '1', 'Squeal': '0', 'Typical-entropy': '2', 'Voicing-quality': '2', 'Wide-band': '0', 'Xlong-island': '0', 'seq': '1', 'end': 40974.22, 'start': 40973.81}]",0,0,[],[]
40974220,40975230,OCH,CXN,0.0,1248,AIOCCXF,RC,0,NT,FI,0.0,0,-20.76,-11.81,[],0,0,[],[]
40975230,40976200,NA,NON,0.0,1248,AIOCCXF,NA,NA,NA,NA,0.0,0,-21.23,-5.91,[],0,0,[],[]
40976200,40980000,OCH,CXN,0.0,1248,AIOCCXF,RC,0,NT,FH,0.0,0,-19.44,-6.47,[],0,0,[],[]
40980000,40981410,CHI,CHN,0.0,1248,AIOCCXF,NA,NA,NA,NA,0.0,0,-18.52,-7.61,[],0,810,"[{'start': 40980.0, 'end': 40980.81}]",[]
40981410,40983700,OCH,CXN,0.0,1248,AIOCCXF,RC,0,NT,FH,0.0,0,-16.54,-4.0,[],0,0,[],[]
40983700,40984300,CHI,CHN,0.0,1248,AIOCCXF,NA,NA,NA,NA,0.0,0,-14.89,-5.85,[],0,600,"[{'start': 40983.7, 'end': 40984.3}]",[]
40984300,40985100,OCH,CXN,0.0,1248,AIOCCXF,RC,0,NT,FH,0.0,0,-16.89,-9.75,[],0,0,[],[]
40985100,40986540,NA,OLF,0.0,1248,AIOCCXF,NA,NA,NA,NA,0.0,0,-41.51,-33.32,[],0,0,[],[]
40986540,40987550,FEM,FAN,6.21,1248,AIOCCXF,RC,0,NT,FI,0.0,0,-17.65,-3.7,[],0,0,[],[]
40987550,40988710,NA,OLN,0.0,1248,AIOCCXF,NA,NA,NA,NA,0.0,0,-16.95,-2.87,[],0,0,[],[]
40988710,40989570,NA,NOF,0.0,1248,AIOCCXF,NA,NA,NA,NA,0.0,0,-24.58,-7.85,[],0,0,[],[]
40989570,40990430,NA,OLF,0.0,1248,AIOCCXF,NA,NA,NA,NA,0.0,0,-41.68,-31.52,[],0,0,[],[]
40990430,40993580,OCH,CXN,0.0,1248,AIOCCXF,RC,0,NT,FI,0.0,0,-17.47,-6.77,[],0,0,[],[]
40993580,40994390,NA,NOF,0.0,1248,AIOCCXF,NA,NA,NA,NA,0.0,0,-44.01,-33.35,[],0,0,[],[]
40994390,40995730,OCH,CXN,0.0,1248,AIOCCXF,RC,0,NT,FH,0.0,0,-16.05,-6.63,[],0,0,[],[]
40995730,40996330,OCH,CXN,0.0,1248,AIOCCXF,RC,0,NT,FH,0.0,0,-16.5,-3.0,[],0,0,[],[]
40996330,40997570,OCH,CXN,0.0,1248,AIOCCXF,RC,0,NT,FH,0.0,0,-17.14,-8.35,[],0,0,[],[]
40997570,40998810,NA,OLF,0.0,1248,AIOCCXF,NA,NA,NA,NA,0.0,0,-39.47,-27.41,[],0,0,[],[]
40998810,40999520,CHI,CHN,0.0,1248,AIOCCXF,RC,0,NT,FI,1.0,710,-21.72,-16.37,"[{'Canonical-syllable': '0', 'Growl': '1', 'High-freq-energy': '0', 'Long-island': '0', 'Low-tilt-spectrum': '0', 'Medium-island': '1', 'Short-island': '1', 'Squeal': '0', 'Typical-entropy': '1', 'Voicing-quality': '2', 'Wide-band': '0', 'Xlong-island': '0', 'seq': '1', 'end': 40999.52, 'start': 40998.81}]",0,0,[],[]
40999520,41000320,NA,OLF,0.0,1248,AIOCCXF,NA,NA,NA,NA,0.0,0,-37.79,-29.71,[],0,0,[],[]
41000320,41000950,CHI,CHN,0.0,1248,AIOCCXF,RC,0,NT,FH,1.0,630,-14.85,-8.96,"[{'Canonical-syllable': '0', 'Growl': '0', 'High-freq-energy': '0', 'Long-island': '0', 'Low-tilt-spectrum': '1', 'Medium-island': '1', 'Short-island': '0', 'Squeal': '0', 'Typical-entropy': '1', 'Voicing-quality': '1', 'Wide-band': '0', 'Xlong-island': '0', 'seq': '1', 'end': 41000.95, 'start': 41000.32}]",0,0,[],[]
41000950,41001960,CHI,CHN,0.0,1248,AIOCCXF,RC,0,NT,FH,1.0,770,-19.91,-9.07,"[{'Canonical-syllable': '2', 'Growl': '0', 'High-freq-energy': '2', 'Long-island': '0', 'Low-tilt-spectrum': '0', 'Medium-island': '0', 'Short-island': '2', 'Squeal': '0', 'Typical-entropy': '3', 'Voicing-quality': '3', 'Wide-band': '0', 'Xlong-island': '0', 'seq': '1', 'end': 41001.72, 'start': 41001.09}]",0,0,[],[]
41001960,41003270,OCH,CXN,0.0,1248,AIOCCXF,RC,0,NT,FI,0.0,0,-27.17,-17.78,[],0,0,[],[]
41003270,41004250,NA,OLF,0.0,1248,AIOCCXF,NA,NA,NA,NA,0.0,0,-38.22,-27.94,[],0,0,[],[]
41004250,41005460,CHI,CHN,0.0,1248,AIOCCXF,RC,0,NT,FI,1.0,1210,-15.26,-10.63,"[{'Canonical-syllable': '0', 'Growl': '0', 'High-freq-energy': '0', 'Long-island': '0', 'Low-tilt-spectrum': '0', 'Medium-island': '0', 'Short-island': '0', 'Squeal': '0', 'Typical-entropy': '0', 'Voicing-quality': '1', 'Wide-band': '0', 'Xlong-island': '1', 'seq': '1', 'end': 41005.46, 'start': 41004.25}]",0,0,[],[]
41005460,41006720,OCH,CXN,0.0,1248,AIOCCXF,RC,0,NT,FI,0.0,0,-16.16,-7.18,[],0,0,[],[]
41006720,41007670,CHI,CHN,0.0,1248,AIOCCXF,RC,0,NT,FI,2.0,330,-22.77,-14.85,"[{'Canonical-syllable': '0', 'Growl': '0', 'High-freq-energy': '0', 'Long-island': '0', 'Low-tilt-spectrum': '1', 'Medium-island': '0', 'Short-island': '0', 'Squeal': '0', 'Typical-entropy': '1', 'Voicing-quality': '0', 'Wide-band': '0', 'Xlong-island': '0', 'seq': '1', 'end': 41006.8, 'start': 41006.72}, {'Canonical-syllable': '1', 'Growl': '0', 'High-freq-energy': '1', 'Long-island': '0', 'Low-tilt-spectrum': '1', 'Medium-island': '0', 'Short-island': '1', 'Squeal': '0', 'Typical-entropy': '1', 'Voicing-quality': '1', 'Wide-band': '0', 'Xlong-island': '0', 'seq': '2', 'end': 41007.67, 'start': 41007.42}]",0,0,[],[]
41007670,41008950,OCH,CXN,0.0,1248,AIOCCXF,RC,0,NT,FI,0.0,0,-18.03,-5.97,[],0,0,[],[]
41008950,41009760,NA,OLF,0.0,1248,AIOCCXF,NA,NA,NA,NA,0.0,0,-42.13,-36.19,[],0,0,[],[]
41009760,41010600,CHI,CHN,0.0,1248,AIOCCXF,RC,0,NT,FI,1.0,670,-23.77,-14.85,"[{'Canonical-syllable': '0', 'Growl': '0', 'High-freq-energy': '0', 'Long-island': '0', 'Low-tilt-spectrum': '0', 'Medium-island': '1', 'Short-island': '0', 'Squeal': '0', 'Typical-entropy': '0', 'Voicing-quality': '1', 'Wide-band': '0', 'Xlong-island': '0', 'seq': '1', 'end': 41010.43, 'start': 41009.92}]",0,0,[],[]
41010600,41011490,OCH,CXN,0.0,1248,AIOCCXF,RC,0,NT,FI,0.0,0,-30.07,-23.01,[],0,0,[],[]
41011490,41013050,NA,OLN,0.0,1248,AIOCCXF,NA,NA,NA,NA,0.0,0,-35.16,-27.43,[],0,0,[],[]
41013050,41013810,NA,CHF,0.0,1248,AIOCCXF,NA,NA,NA,NA,0.0,0,-42.32,-35.2,[],0,760,[],"[{'start': 41013.05, 'end': 41013.81}]"
41013810,41015410,NA,OLN,0.0,1248,AIOCCXF,NA,NA,NA,NA,0.0,0,-36.7,-21.73,[],0,0,[],[]
41015410,41016890,OCH,CXN,0.0,1248,AIOCCXF,RC,0,NT,FH,0.0,0,-27.31,-18.86,[],0,0,[],[]
41016890,41018070,NA,OLF,0.0,1248,AIOCCXF,NA,NA,NA,NA,0.0,0,-37.1,-28.28,[],0,0,[],[]
41018070,41018970,OCH,CXN,0.0,1248,AIOCCXF,EC,0,NT,FH,0.0,0,-32.05,-25.92,[],0,0,[],[]
41018970,41022080,NA,OLF,0.0,1249,pause,NA,NA,NA,NA,0.0,0,-33.49,-14.32,[],0,0,[],[]
41022080,41022880,NA,NOF,0.0,1249,pause,NA,NA,NA,NA,0.0,0,-30.53,-22.41,[],0,0,[],[]
41022880,41024270,NA,OLF,0.0,1249,pause,NA,NA,NA,NA,0.0,0,-36.75,-26.93,[],0,0,[],[]
41024270,41025270,CHI,CHN,0.0,1249,CM,EC,0,NT,FI,1.0,120,-17.01,-2.4,"[{'Canonical-syllable': '0', 'Growl': '0', 'High-freq-energy': '0', 'Long-island': '0', 'Low-tilt-spectrum': '0', 'Medium-island': '0', 'Short-island': '1', 'Squeal': '0', 'Typical-entropy': '1', 'Voicing-quality': '1', 'Wide-band': '0', 'Xlong-island': '0', 'seq': '1', 'end': 41024.88, 'start': 41024.76}]",0,0,[],[]
41025270,41025990,CHI,CHN,0.0,1250,pause,NA,NA,NA,NA,0.0,0,-17.96,-3.14,[],0,720,"[{'start': 41025.27, 'end': 41025.99}]",[]
41025990,41027440,NA,OLF,0.0,1250,pause,NA,NA,NA,NA,0.0,0,-27.82,-9.34,[],0,0,[],[]
41027440,41028440,NA,FAF,0.0,1250,pause,NA,NA,NA,NA,0.0,0,-34.44,-22.35,[],0,0,[],[]
41028440,41030810,NA,OLN,0.0,1250,pause,NA,NA,NA,NA,0.0,0,-33.19,-22.36,[],0,0,[],[]
41030810,41031810,NA,TVF,0.0,1250,pause,NA,NA,NA,NA,0.0,0,-38.27,-31.52,[],0,0,[],[]
41031810,41038060,NA,OLF,0.0,1250,pause,NA,NA,NA,NA,0.0,0,-30.45,-11.29,[],0,0,[],[]
41038060,41038950,OCH,CXN,0.0,1250,XIOCC,BC,0,NT,FI,0.0,0,-33.56,-24.22,[],0,0,[],[]
41038950,41040820,NA,OLF,0.0,1250,XIOCC,NA,NA,NA,NA,0.0,0,-24.08,-6.86,[],0,0,[],[]
41040820,41043610,OCH,CXN,0.0,1250,XIOCC,RC,0,NT,FH,0.0,0,-26.6,-16.23,[],0,0,[],[]
41043610,41044650,OCH,CXN,0.0,1250,XIOCC,RC,0,NT,FH,0.0,0,-29.63,-21.04,[],0,0,[],[]
41044650,41045980,NA,OLF,0.0,1250,XIOCC,NA,NA,NA,NA,0.0,0,-40.26,-34.14,[],0,0,[],[]
41045980,41046590,CHI,CHN,0.0,1250,XIOCC,RC,0,NT,FI,1.0,610,-14.38,-10.7,"[{'Canonical-syllable': '0', 'Growl': '0', 'High-freq-energy': '0', 'Long-island': '0', 'Low-tilt-spectrum': '0', 'Medium-island': '1', 'Short-island': '0', 'Squeal': '0', 'Typical-entropy': '1', 'Voicing-quality': '1', 'Wide-band': '0', 'Xlong-island': '0', 'seq': '1', 'end': 41046.59, 'start': 41045.98}]",0,0,[],[]
41046590,41047590,OCH,CXN,0.0,1250,XIOCC,RC,0,NT,FI,0.0,0,-15.84,-8.48,[],0,0,[],[]
41047590,41048460,OCH,CXN,0.0,1250,XIOCC,RC,0,NT,FH,0.0,0,-21.63,-9.82,[],0,0,[],[]
41048460,41049300,OCH,CXN,0.0,1250,XIOCC,RC,0,NT,FH,0.0,0,-40.49,-35.31,[],0,0,[],[]
41049300,41049900,CHI,CHN,0.0,1250,XIOCC,RC,0,NT,FI,1.0,600,-14.35,-7.51,"[{'Canonical-syllable': '0', 'Growl': '0', 'High-freq-energy': '0', 'Long-island': '0', 'Low-tilt-spectrum': '0', 'Medium-island': '1', 'Short-island': '0', 'Squeal': '1', 'Typical-entropy': '2', 'Voicing-quality': '2', 'Wide-band': '0', 'Xlong-island': '0', 'seq': '1', 'end': 41049.9, 'start': 41049.3}]",0,0,[],[]
41049900,41051940,OCH,CXN,0.0,1250,XIOCC,RC,0,NT,FI,0.0,0,-19.17,-3.66,[],0,0,[],[]
41051940,41052750,NA,OLN,0.0,1250,XIOCC,NA,NA,NA,NA,0.0,0,-31.39,-18.34,[],0,0,[],[]
41052750,41053600,OCH,CXN,0.0,1250,XIOCC,RC,0,NT,FH,0.0,0,-25.12,-14.21,[],0,0,[],[]
41053600,41054600,OCH,CXN,0.0,1250,XIOCC,RC,0,NT,FH,0.0,0,-18.24,-6.73,[],0,0,[],[]
41054600,41055680,OCH,CXN,0.0,1250,XIOCC,RC,0,NT,FH,0.0,0,-27.02,-13.87,[],0,0,[],[]
41055680,41056580,NA,OLN,0.0,1250,XIOCC,NA,NA,NA,NA,0.0,0,-23.64,-14.36,[],0,0,[],[]
41056580,41057430,OCH,CXN,0.0,1250,XIOCC,EC,0,NT,FH,0.0,0,-28.11,-16.18,[],0,0,[],[]
41057430,41058230,NA,NOF,0.0,1251,pause,NA,NA,NA,NA,0.0,0,-45.45,-39.16,[],0,0,[],[]
41058230,41061210,NA,OLF,0.0,1251,pause,NA,NA,NA,NA,0.0,0,-38.07,-27.83,[],0,0,[],[]
41061210,41062340,NA,MAF,0.0,1251,pause,NA,NA,NA,NA,0.0,0,-44.5,-33.18,[],0,0,[],[]
41062340,41063140,NA,OLF,0.0,1251,pause,NA,NA,NA,NA,0.0,0,-46.0,-41.34,[],0,0,[],[]
41063140,41063790,NA,CHF,0.0,1251,pause,NA,NA,NA,NA,0.0,0,-38.13,-24.82,[],0,500,[],"[{'start': 41063.14, 'end': 41063.64}]"
41063790,41064590,NA,OLN,0.0,1251,pause,NA,NA,NA,NA,0.0,0,-37.47,-32.01,[],0,0,[],[]
41064590,41065390,OCH,CXN,0.0,1251,XIOCC,BC,0,NT,FI,0.0,0,-26.68,-20.6,[],0,0,[],[]
41065390,41066190,NA,OLN,0.0,1251,XIOCC,NA,NA,NA,NA,0.0,0,-27.01,-13.6,[],0,0,[],[]
41066190,41067050,CHI,CHN,0.0,1251,XIOCC,EC,0,NT,FI,1.0,690,-19.76,-9.12,"[{'Canonical-syllable': '1', 'Growl': '0', 'High-freq-energy': '1', 'Long-island': '0', 'Low-tilt-spectrum': '1', 'Medium-island': '1', 'Short-island': '2', 'Squeal': '0', 'Typical-entropy': '2', 'Voicing-quality': '3', 'Wide-band': '1', 'Xlong-island': '0', 'seq': '1', 'end': 41066.88, 'start': 41066.19}]",0,0,[],[]
41067050,41072990,NA,OLN,0.0,1252,pause,NA,NA,NA,NA,0.0,0,-34.19,-18.24,[],0,0,[],[]
41072990,41074010,CHI,CHN,0.0,1252,CIOCX,BC,0,NT,FI,1.0,580,-18.62,-12.18,"[{'Canonical-syllable': '0', 'Growl': '0', 'High-freq-energy': '0', 'Long-island': '0', 'Low-tilt-spectrum': '0', 'Medium-island': '1', 'Short-island': '0', 'Squeal': '0', 'Typical-entropy': '0', 'Voicing-quality': '1', 'Wide-band': '0', 'Xlong-island': '0', 'seq': '1', 'end': 41074.01, 'start': 41073.43}]",0,0,[],[]
41074010,41074620,CHI,CHN,0.0,1252,CIOCX,RC,0,NT,FH,1.0,610,-20.32,-11.88,"[{'Canonical-syllable': '1', 'Growl': '0', 'High-freq-energy': '0', 'Long-island': '0', 'Low-tilt-spectrum': '1', 'Medium-island': '0', 'Short-island': '2', 'Squeal': '0', 'Typical-entropy': '2', 'Voicing-quality': '2', 'Wide-band': '0', 'Xlong-island': '0', 'seq': '1', 'end': 41074.62, 'start': 41074.12}]",0,0,[],[]
41074620,41075420,OCH,CXN,0.0,1252,CIOCX,EC,0,NT,FI,0.0,0,-35.72,-26.14,[],0,0,[],[]
41075420,41076290,MAL,MAN,0.0,1253,pause,NA,NA,NA,NA,0.0,0,-34.62,-26.54,[],870,0,[],[]
41076290,41077280,NA,NOF,0.0,1253,pause,NA,NA,NA,NA,0.0,0,-32.16,-15.33,[],0,0,[],[]
41077280,41078080,NA,CXF,0.0,1253,pause,NA,NA,NA,NA,0.0,0,-41.07,-34.15,[],0,0,[],[]
41078080,41078680,NA,CHF,0.0,1253,pause,NA,NA,NA,NA,0.0,0,-46.07,-42.0,[],0,600,[],"[{'start': 41078.08, 'end': 41078.68}]"
41078680,41079950,NA,NOF,0.0,1253,pause,NA,NA,NA,NA,0.0,0,-46.85,-41.47,[],0,0,[],[]
41079950,41084300,NA,OLF,0.0,1253,pause,NA,NA,NA,NA,0.0,0,-34.48,-14.46,[],0,0,[],[]
41084300,41087970,NA,NOF,0.0,1253,pause,NA,NA,NA,NA,0.0,0,-36.81,-16.69,[],0,0,[],[]
41087970,41088770,NA,OLF,0.0,1253,pause,NA,NA,NA,NA,0.0,0,-39.55,-29.81,[],0,0,[],[]
41088770,41089950,NA,FAF,0.0,1253,pause,NA,NA,NA,NA,0.0,0,-37.13,-27.0,[],0,0,[],[]
41089950,41090860,NA,CXF,0.0,1253,pause,NA,NA,NA,NA,0.0,0,-41.22,-33.48,[],0,0,[],[]
41090860,41092330,NA,OLF,0.0,1253,pause,NA,NA,NA,NA,0.0,0,-39.64,-29.35,[],0,0,[],[]
41092330,41093210,OCH,CXN,0.0,1253,XIOCA,BC,0,NT,FI,0.0,0,-32.97,-25.97,[],0,0,[],[]
41093210,41095270,NA,OLN,0.0,1253,XIOCA,NA,NA,NA,NA,0.0,0,-35.07,-25.89,[],0,0,[],[]
41095270,41096090,OCH,CXN,0.0,1253,XIOCA,RC,0,NT,FH,0.0,0,-33.67,-27.58,[],0,0,[],[]
41096090,41099250,NA,OLN,0.0,1253,XIOCA,NA,NA,NA,NA,0.0,0,-35.53,-24.22,[],0,0,[],[]
41099250,41100250,FEM,FAN,0.54,1253,XIOCA,RC,0,NT,FI,0.0,0,-24.62,-16.54,[],0,0,[],[]
41100250,41101830,NA,NOF,0.0,1253,XIOCA,NA,NA,NA,NA,0.0,0,-45.95,-36.15,[],0,0,[],[]
41101830,41102630,OCH,CXN,0.0,1253,XIOCA,RC,0,NT,FI,0.0,0,-31.25,-25.04,[],0,0,[],[]
41102630,41104810,NA,OLF,0.0,1253,XIOCA,NA,NA,NA,NA,0.0,0,-45.14,-32.49,[],0,0,[],[]
41104810,41106060,OCH,CXN,0.0,1253,XIOCA,EC,0,NT,FH,0.0,0,-32.32,-23.83,[],0,0,[],[]
41106060,41107150,NA,OLF,0.0,1254,pause,NA,NA,NA,NA,0.0,0,-37.43,-31.03,[],0,0,[],[]
41107150,41108310,NA,NOF,0.0,1254,pause,NA,NA,NA,NA,0.0,0,-44.97,-37.37,[],0,0,[],[]
41108310,41109320,NA,OLF,0.0,1254,pause,NA,NA,NA,NA,0.0,0,-36.83,-22.32,[],0,0,[],[]
41109320,41110360,NA,MAF,0.0,1254,pause,NA,NA,NA,NA,0.0,0,-37.87,-31.13,[],0,0,[],[]
41110360,41113640,NA,OLF,0.0,1254,pause,NA,NA,NA,NA,0.0,0,-39.81,-33.17,[],0,0,[],[]
41113640,41114520,NA,CXF,0.0,1254,pause,NA,NA,NA,NA,0.0,0,-39.75,-33.66,[],0,0,[],[]
41114520,41115810,NA,OLF,0.0,1254,pause,NA,NA,NA,NA,0.0,0,-40.75,-30.55,[],0,0,[],[]
41115810,41116620,NA,CXF,0.0,1254,pause,NA,NA,NA,NA,0.0,0,-40.37,-32.23,[],0,0,[],[]
41116620,41120380,NA,OLF,0.0,1254,pause,NA,NA,NA,NA,0.0,0,-39.28,-33.0,[],0,0,[],[]
41120380,41121440,NA,NOF,0.0,1254,pause,NA,NA,NA,NA,0.0,0,-37.05,-19.9,[],0,0,[],[]
41121440,41123320,NA,OLF,0.0,1254,pause,NA,NA,NA,NA,0.0,0,-36.01,-15.84,[],0,0,[],[]
41123320,41124370,NA,CXF,0.0,1254,pause,NA,NA,NA,NA,0.0,0,-43.64,-36.29,[],0,0,[],[]
41124370,41125290,NA,OLF,0.0,1254,pause,NA,NA,NA,NA,0.0,0,-42.52,-37.1,[],0,0,[],[]
41125290,41126980,NA,NOF,0.0,1254,pause,NA,NA,NA,NA,0.0,0,-42.66,-30.42,[],0,0,[],[]
41126980,41127920,NA,OLF,0.0,1254,pause,NA,NA,NA,NA,0.0,0,-39.68,-29.84,[],0,0,[],[]
41127920,41130830,NA,NON,0.0,1254,pause,NA,NA,NA,NA,0.0,0,-36.86,-28.64,[],0,0,[],[]
41130830,41131860,NA,OLF,0.0,1254,pause,NA,NA,NA,NA,0.0,0,-38.03,-32.67,[],0,0,[],[]
41131860,41134570,NA,NON,0.0,1254,pause,NA,NA,NA,NA,0.0,0,-31.31,-22.46,[],0,0,[],[]
41134570,41135200,CHI,CHN,0.0,1254,CIOCX,BC,0,NT,FI,1.0,630,-29.81,-24.72,"[{'Canonical-syllable': '0', 'Growl': '1', 'High-freq-energy': '1', 'Long-island': '0', 'Low-tilt-spectrum': '1', 'Medium-island': '1', 'Short-island': '0', 'Squeal': '0', 'Typical-entropy': '1', 'Voicing-quality': '1', 'Wide-band': '0', 'Xlong-island': '0', 'seq': '1', 'end': 41135.2, 'start': 41134.57}]",0,0,[],[]
41135200,41136200,OCH,CXN,0.0,1254,CIOCX,RC,0,NT,FI,0.0,0,-24.44,-20.19,[],0,0,[],[]
41136200,41137680,NA,OLF,0.0,1254,CIOCX,NA,NA,NA,NA,0.0,0,-40.73,-30.76,[],0,0,[],[]
41137680,41138510,NA,NOF,0.0,1254,CIOCX,NA,NA,NA,NA,0.0,0,-39.06,-29.2,[],0,0,[],[]
41138510,41139320,NA,OLF,0.0,1254,CIOCX,NA,NA,NA,NA,0.0,0,-38.73,-28.82,[],0,0,[],[]
41139320,41140120,NA,NOF,0.0,1254,CIOCX,NA,NA,NA,NA,0.0,0,-39.38,-25.71,[],0,0,[],[]
41140120,41140920,OCH,CXN,0.0,1254,CIOCX,RC,0,NT,FH,0.0,0,-34.5,-25.53,[],0,0,[],[]
41140920,41142860,NA,OLN,0.0,1254,CIOCX,NA,NA,NA,NA,0.0,0,-28.95,-18.03,[],0,0,[],[]
41142860,41143830,OCH,CXN,0.0,1254,CIOCX,RC,0,NT,FH,0.0,0,-26.46,-10.31,[],0,0,[],[]
41143830,41144870,CHI,CHN,0.0,1254,CIOCX,RC,0,NT,FI,1.0,420,-18.16,-5.78,"[{'Canonical-syllable': '0', 'Growl': '0', 'High-freq-energy': '0', 'Long-island': '0', 'Low-tilt-spectrum': '0', 'Medium-island': '1', 'Short-island': '0', 'Squeal': '0', 'Typical-entropy': '0', 'Voicing-quality': '1', 'Wide-band': '0', 'Xlong-island': '0', 'seq': '1', 'end': 41144.87, 'start': 41144.45}]",0,0,[],[]
41144870,41147080,NA,OLN,0.0,1254,CIOCX,NA,NA,NA,NA,0.0,0,-18.63,-4.84,[],0,0,[],[]
41147080,41148160,OCH,CXN,0.0,1254,CIOCX,RC,0,NT,FI,0.0,0,-31.62,-24.89,[],0,0,[],[]
41148160,41150670,NA,OLN,0.0,1254,CIOCX,NA,NA,NA,NA,0.0,0,-18.87,-3.47,[],0,0,[],[]
41150670,41152440,OCH,CXN,0.0,1254,CIOCX,RC,0,NT,FH,0.0,0,-30.1,-18.44,[],0,0,[],[]
41152440,41153360,NA,NOF,0.0,1254,CIOCX,NA,NA,NA,NA,0.0,0,-44.95,-38.37,[],0,0,[],[]
41153360,41154180,NA,OLN,0.0,1254,CIOCX,NA,NA,NA,NA,0.0,0,-24.29,-11.06,[],0,0,[],[]
41154180,41154990,OCH,CXN,0.0,1254,CIOCX,RC,0,NT,FH,0.0,0,-17.24,-8.11,[],0,0,[],[]
41154990,41156140,NA,OLN,0.0,1254,CIOCX,NA,NA,NA,NA,0.0,0,-19.9,-7.45,[],0,0,[],[]
41156140,41157280,CHI,CHN,0.0,1254,CIOCX,RC,0,NT,FI,1.0,1140,-22.57,-14.47,"[{'Canonical-syllable': '2', 'Growl': '0', 'High-freq-energy': '1', 'Long-island': '0', 'Low-tilt-spectrum': '3', 'Medium-island': '1', 'Short-island': '2', 'Squeal': '0', 'Typical-entropy': '3', 'Voicing-quality': '3', 'Wide-band': '0', 'Xlong-island': '0', 'seq': '1', 'end': 41157.28, 'start': 41156.14}]",0,0,[],[]
41157280,41158330,NA,FAF,0.0,1254,CIOCX,NA,NA,NA,NA,0.0,0,-26.82,-15.78,[],0,0,[],[]
41158330,41159340,OCH,CXN,0.0,1254,CIOCX,RC,0,NT,FI,0.0,0,-28.47,-17.07,[],0,0,[],[]
41159340,41160140,OCH,CXN,0.0,1254,CIOCX,RC,0,NT,FH,0.0,0,-27.08,-18.62,[],0,0,[],[]
41160140,41160940,NA,OLN,0.0,1254,CIOCX,NA,NA,NA,NA,0.0,0,-34.52,-24.45,[],0,0,[],[]
41160940,41161890,OCH,CXN,0.0,1254,CIOCX,EC,0,NT,FH,0.0,0,-33.24,-23.2,[],0,0,[],[]
41161890,41163870,NA,OLF,0.0,1255,pause,NA,NA,NA,NA,0.0,0,-37.14,-25.11,[],0,0,[],[]
41163870,41164670,NA,NOF,0.0,1255,pause,NA,NA,NA,NA,0.0,0,-46.6,-33.9,[],0,0,[],[]
41164670,41165670,NA,FAF,0.0,1255,pause,NA,NA,NA,NA,0.0,0,-34.64,-25.5,[],0,0,[],[]
41165670,41166540,NA,OLF,0.0,1255,pause,NA,NA,NA,NA,0.0,0,-38.73,-25.2,[],0,0,[],[]
41166540,41168180,NA,NOF,0.0,1255,pause,NA,NA,NA,NA,0.0,0,-42.84,-26.3,[],0,0,[],[]
41168180,41169240,OCH,CXN,0.0,1255,XM,EC,0,NT,FI,0.0,0,-26.04,-12.92,[],0,0,[],[]
41169240,41171850,NA,OLF,0.0,1256,pause,NA,NA,NA,NA,0.0,0,-39.43,-28.71,[],0,0,[],[]
41171850,41173300,NA,FAF,0.0,1256,pause,NA,NA,NA,NA,0.0,0,-42.32,-31.69,[],0,0,[],[]
41173300,41174330,NA,SIL,0.0,1256,pause,NA,NA,NA,NA,0.0,0,-50.17,-39.29,[],0,0,[],[]
41174330,41175290,OCH,CXN,0.0,1256,XIC,BC,0,NT,FI,0.0,0,-34.29,-26.26,[],0,0,[],[]
41175290,41177730,NA,OLN,0.0,1256,XIC,NA,NA,NA,NA,0.0,0,-30.08,-12.24,[],0,0,[],[]
41177730,41179120,CHI,CHN,0.0,1256,XIC,RC,0,NT,FI,2.0,930,-21.04,-9.24,"[{'Canonical-syllable': '0', 'Growl': '0', 'High-freq-energy': '0', 'Long-island': '0', 'Low-tilt-spectrum': '0', 'Medium-island': '1', 'Short-island': '0', 'Squeal': '0', 'Typical-entropy': '2', 'Voicing-quality': '2', 'Wide-band': '1', 'Xlong-island': '0', 'seq': '1', 'end': 41178.29, 'start': 41177.73}, {'Canonical-syllable': '0', 'Growl': '0', 'High-freq-energy': '0', 'Long-island': '0', 'Low-tilt-spectrum': '1', 'Medium-island': '1', 'Short-island': '0', 'Squeal': '0', 'Typical-entropy': '1', 'Voicing-quality': '1', 'Wide-band': '0', 'Xlong-island': '0', 'seq': '2', 'end': 41179.12, 'start': 41178.75}]",0,0,[],[]
41179120,41180720,NA,OLF,0.0,1256,XIC,NA,NA,NA,NA,0.0,0,-35.03,-21.56,[],0,0,[],[]
41180720,41181580,OCH,CXN,0.0,1256,XIC,RC,0,NT,FI,0.0,0,-40.14,-32.0,[],0,0,[],[]
41181580,41182800,CHI,CHN,0.0,1256,XIC,RC,0,NT,FI,1.0,320,-24.19,-12.08,"[{'Canonical-syllable': '0', 'Growl': '0', 'High-freq-energy': '0', 'Long-island': '0', 'Low-tilt-spectrum': '0', 'Medium-island': '0', 'Short-island': '1', 'Squeal': '0', 'Typical-entropy': '1', 'Voicing-quality': '2', 'Wide-band': '0', 'Xlong-island': '0', 'seq': '1', 'end': 41182.8, 'start': 41182.48}]",0,0,[],[]
41182800,41183610,NA,OLN,0.0,1256,XIC,NA,NA,NA,NA,0.0,0,-30.19,-20.53,[],0,0,[],[]
41183610,41184210,CHI,CHN,0.0,1256,XIC,RC,0,NT,FH,1.0,600,-16.82,-11.56,"[{'Canonical-syllable': '1', 'Growl': '0', 'High-freq-energy': '1', 'Long-island': '0', 'Low-tilt-spectrum': '1', 'Medium-island': '1', 'Short-island': '0', 'Squeal': '0', 'Typical-entropy': '1', 'Voicing-quality': '2', 'Wide-band': '0', 'Xlong-island': '0', 'seq': '1', 'end': 41184.21, 'start': 41183.61}]",0,0,[],[]
41184210,41185010,OCH,CXN,0.0,1256,XIC,RC,0,NT,FI,0.0,0,-20.6,-14.57,[],0,0,[],[]
41185010,41185930,CHI,CHN,0.0,1256,XIC,NA,NA,NA,NA,0.0,0,-16.16,-6.34,[],0,920,"[{'start': 41185.01, 'end': 41185.93}]",[]
41185930,41188100,CHI,CHN,0.0,1256,XIC,RC,0,NT,FI,2.0,1620,-17.78,-5.65,"[{'Canonical-syllable': '1', 'Growl': '0', 'High-freq-energy': '0', 'Long-island': '0', 'Low-tilt-spectrum': '0', 'Medium-island': '2', 'Short-island': '1', 'Squeal': '0', 'Typical-entropy': '1', 'Voicing-quality': '4', 'Wide-band': '0', 'Xlong-island': '0', 'seq': '1', 'end': 41187.42, 'start': 41185.93}, {'Canonical-syllable': '0', 'Growl': '1', 'High-freq-energy': '0', 'Long-island': '0', 'Low-tilt-spectrum': '0', 'Medium-island': '0', 'Short-island': '0', 'Squeal': '0', 'Typical-entropy': '0', 'Voicing-quality': '1', 'Wide-band': '0', 'Xlong-island': '0', 'seq': '2', 'end': 41188.1, 'start': 41187.97}]",0,0,[],[]
41188100,41188900,OCH,CXN,0.0,1256,XIC,RC,0,NT,FI,0.0,0,-21.69,-14.72,[],0,0,[],[]
41188900,41189720,FEM,FAN,11.24,1256,XIC,RC,0,NT,FI,0.0,0,-28.56,-24.09,[],0,0,[],[]
41189720,41190540,OCH,CXN,0.0,1256,XIC,RC,0,NT,FI,0.0,0,-30.24,-20.58,[],0,0,[],[]
41190540,41191770,NA,OLN,0.0,1256,XIC,NA,NA,NA,NA,0.0,0,-26.07,-12.01,[],0,0,[],[]
41191770,41192800,CHI,CHN,0.0,1256,XIC,RC,0,NT,FI,1.0,1030,-18.03,-9.59,"[{'Canonical-syllable': '0', 'Growl': '1', 'High-freq-energy': '0', 'Long-island': '0', 'Low-tilt-spectrum': '1', 'Medium-island': '1', 'Short-island': '2', 'Squeal': '0', 'Typical-entropy': '3', 'Voicing-quality': '2', 'Wide-band': '0', 'Xlong-island': '0', 'seq': '1', 'end': 41192.8, 'start': 41191.77}]",0,0,[],[]
41192800,41193600,OCH,CXN,0.0,1256,XIC,RC,0,NT,FI,0.0,0,-20.81,-8.61,[],0,0,[],[]
41193600,41194600,FEM,FAN,4.36,1256,XIC,RC,0,NT,FI,0.0,0,-30.45,-16.61,[],0,0,[],[]
41194600,41195980,OCH,CXN,0.0,1256,XIC,RC,0,NT,FI,0.0,0,-32.95,-24.82,[],0,0,[],[]
41195980,41200220,NA,OLN,0.0,1256,XIC,NA,NA,NA,NA,0.0,0,-32.56,-21.12,[],0,0,[],[]
41200220,41202490,CHI,CHN,0.0,1256,XIC,RC,0,TIFI,FI,2.0,1670,-17.26,-6.86,"[{'Canonical-syllable': '0', 'Growl': '0', 'High-freq-energy': '0', 'Long-island': '0', 'Low-tilt-spectrum': '0', 'Medium-island': '2', 'Short-island': '0', 'Squeal': '0', 'Typical-entropy': '2', 'Voicing-quality': '2', 'Wide-band': '0', 'Xlong-island': '0', 'seq': '1', 'end': 41201.15, 'start': 41200.22}, {'Canonical-syllable': '1', 'Growl': '1', 'High-freq-energy': '0', 'Long-island': '0', 'Low-tilt-spectrum': '0', 'Medium-island': '1', 'Short-island': '1', 'Squeal': '0', 'Typical-entropy': '1', 'Voicing-quality': '3', 'Wide-band': '1', 'Xlong-island': '0', 'seq': '2', 'end': 41202.4, 'start': 41201.66}]",0,0,[],[]
41202490,41204370,NA,OLN,0.0,1256,XIC,NA,NA,NA,NA,0.0,0,-28.81,-20.7,[],0,0,[],[]
41204370,41205390,FEM,FAN,8.17,1256,XIC,RC,1,TIFR,FI,0.0,0,-25.87,-18.69,[],0,0,[],[]
41205390,41206940,NA,OLN,0.0,1256,XIC,NA,NA,NA,NA,0.0,0,-19.69,-10.31,[],0,0,[],[]
41206940,41207960,MAL,MAN,6.98,1256,XIC,RC,1,NT,FI,0.0,0,-26.7,-18.56,[],0,0,[],[]
41207960,41208790,NA,OLN,0.0,1256,XIC,NA,NA,NA,NA,0.0,0,-27.86,-21.24,[],0,0,[],[]
41208790,41209850,CHI,CHN,0.0,1256,XIC,EC,1,TIME,FI,1.0,1060,-19.91,-11.89,"[{'Canonical-syllable': '0', 'Growl': '0', 'High-freq-energy': '1', 'Long-island': '1', 'Low-tilt-spectrum': '1', 'Medium-island': '0', 'Short-island': '0', 'Squeal': '0', 'Typical-entropy': '1', 'Voicing-quality': '1', 'Wide-band': '0', 'Xlong-island': '0', 'seq': '1', 'end': 41209.85, 'start': 41208.97}]",0,0,[],[]
41209850,41211050,NA,OLN,0.0,1257,pause,NA,NA,NA,NA,0.0,0,-19.47,-9.19,[],0,0,[],[]
41211050,41211650,CHI,CHN,0.0,1257,pause,NA,NA,NA,NA,0.0,0,-24.71,-16.36,[],0,600,[],"[{'start': 41211.05, 'end': 41211.65}]"
41211650,41214960,NA,OLN,0.0,1257,pause,NA,NA,NA,NA,0.0,0,-17.5,-9.51,[],0,0,[],[]
41214960,41215760,OCH,CXN,0.0,1257,XIOCAC,BC,0,NT,FI,0.0,0,-18.95,-11.05,[],0,0,[],[]
41215760,41216560,NA,NON,0.0,1257,XIOCAC,NA,NA,NA,NA,0.0,0,-25.1,-9.78,[],0,0,[],[]
41216560,41218280,NA,OLN,0.0,1257,XIOCAC,NA,NA,NA,NA,0.0,0,-22.14,-10.92,[],0,0,[],[]
41218280,41219610,NA,NON,0.0,1257,XIOCAC,NA,NA,NA,NA,0.0,0,-29.18,-24.81,[],0,0,[],[]
41219610,41220410,OCH,CXN,0.0,1257,XIOCAC,RC,0,NT,FH,0.0,0,-24.67,-15.46,[],0,0,[],[]
41220410,41221310,NA,OLN,0.0,1257,XIOCAC,NA,NA,NA,NA,0.0,0,-24.8,-17.49,[],0,0,[],[]
41221310,41221910,CHI,CHN,0.0,1257,XIOCAC,RC,0,NT,FI,1.0,600,-21.37,-13.69,"[{'Canonical-syllable': '0', 'Growl': '1', 'High-freq-energy': '0', 'Long-island': '0', 'Low-tilt-spectrum': '1', 'Medium-island': '1', 'Short-island': '0', 'Squeal': '0', 'Typical-entropy': '1', 'Voicing-quality': '1', 'Wide-band': '0', 'Xlong-island': '0', 'seq': '1', 'end': 41221.91, 'start': 41221.31}]",0,0,[],[]
41221910,41224260,NA,OLN,0.0,1257,XIOCAC,NA,NA,NA,NA,0.0,0,-20.09,-5.2,[],0,0,[],[]
41224260,41225060,NA,NON,0.0,1257,XIOCAC,NA,NA,NA,NA,0.0,0,-24.25,-11.6,[],0,0,[],[]
41225060,41226380,OCH,CXN,0.0,1257,XIOCAC,RC,0,NT,FI,0.0,0,-22.41,-15.17,[],0,0,[],[]
41226380,41229140,NA,OLN,0.0,1257,XIOCAC,NA,NA,NA,NA,0.0,0,-23.48,-9.94,[],0,0,[],[]
41229140,41230110,NA,NON,0.0,1257,XIOCAC,NA,NA,NA,NA,0.0,0,-30.52,-18.71,[],0,0,[],[]
41230110,41230910,NA,OLN,0.0,1257,XIOCAC,NA,NA,NA,NA,0.0,0,-23.09,-18.2,[],0,0,[],[]
41230910,41232670,FEM,FAN,7.87,1257,XIOCAC,RC,0,NT,FI,0.0,0,-19.5,-11.27,[],0,0,[],[]
41232670,41233540,NA,OLN,0.0,1257,XIOCAC,NA,NA,NA,NA,0.0,0,-26.95,-18.24,[],0,0,[],[]
41233540,41234540,MAL,MAN,7.21,1257,XIOCAC,RC,0,NT,FI,0.0,0,-21.31,-13.88,[],0,0,[],[]
41234540,41237460,NA,OLN,0.0,1257,XIOCAC,NA,NA,NA,NA,0.0,0,-18.47,-9.93,[],0,0,[],[]
41237460,41238670,OCH,CXN,0.0,1257,XIOCAC,RC,0,NT,FI,0.0,0,-24.24,-16.66,[],0,0,[],[]
41238670,41240650,NA,OLN,0.0,1257,XIOCAC,NA,NA,NA,NA,0.0,0,-25.98,-13.97,[],0,0,[],[]
41240650,41241250,NA,NON,0.0,1257,XIOCAC,NA,NA,NA,NA,0.0,0,-32.36,-26.3,[],0,0,[],[]
41241250,41242050,NA,OLN,0.0,1257,XIOCAC,NA,NA,NA,NA,0.0,0,-17.28,-4.8,[],0,0,[],[]
41242050,41242900,NA,NON,0.0,1257,XIOCAC,NA,NA,NA,NA,0.0,0,-26.68,-14.79,[],0,0,[],[]
41242900,41244400,CHI,CHN,0.0,1257,XIOCAC,RC,0,NT,FI,1.0,1230,-14.52,-3.03,"[{'Canonical-syllable': '0', 'Growl': '0', 'High-freq-energy': '0', 'Long-island': '0', 'Low-tilt-spectrum': '1', 'Medium-island': '0', 'Short-island': '0', 'Squeal': '0', 'Typical-entropy': '0', 'Voicing-quality': '1', 'Wide-band': '0', 'Xlong-island': '1', 'seq': '1', 'end': 41244.13, 'start': 41242.9}]",0,0,[],[]
41244400,41245460,OCH,CXN,0.0,1257,XIOCAC,RC,0,NT,FI,0.0,0,-22.11,-15.65,[],0,0,[],[]
41245460,41246190,CHI,CHN,0.0,1257,XIOCAC,EC,0,NT,FI,2.0,390,-15.75,-4.27,"[{'Canonical-syllable': '0', 'Growl': '1', 'High-freq-energy': '0', 'Long-island': '0', 'Low-tilt-spectrum': '1', 'Medium-island': '0', 'Short-island': '0', 'Squeal': '0', 'Typical-entropy': '1', 'Voicing-quality': '1', 'Wide-band': '0', 'Xlong-island': '0', 'seq': '1', 'end': 41245.56, 'start': 41245.46}, {'Canonical-syllable': '0', 'Growl': '0', 'High-freq-energy': '0', 'Long-island': '0', 'Low-tilt-spectrum': '1', 'Medium-island': '0', 'Short-island': '1', 'Squeal': '0', 'Typical-entropy': '1', 'Voicing-quality': '1', 'Wide-band': '0', 'Xlong-island': '0', 'seq': '2', 'end': 41246.19, 'start': 41245.9}]",0,0,[],[]
41246190,41250270,NA,OLN,0.0,1258,pause,NA,NA,NA,NA,0.0,0,-23.38,-7.05,[],0,0,[],[]
41250270,41251120,NA,NON,0.0,1258,pause,NA,NA,NA,NA,0.0,0,-28.74,-16.88,[],0,0,[],[]
41251120,41256900,NA,OLN,0.0,1258,pause,NA,NA,NA,NA,0.0,0,-20.36,-4.13,[],0,0,[],[]
41256900,41257760,OCH,CXN,0.0,1258,XIC,BC,0,NT,FI,0.0,0,-29.49,-18.67,[],0,0,[],[]
41257760,41259520,OCH,CXN,0.0,1258,XIC,RC,0,NT,FH,0.0,0,-17.54,-7.39,[],0,0,[],[]
41259520,41261470,NA,OLN,0.0,1258,XIC,NA,NA,NA,NA,0.0,0,-31.51,-23.03,[],0,0,[],[]
41261470,41262480,OCH,CXN,0.0,1258,XIC,RC,0,NT,FH,0.0,0,-26.85,-20.54,[],0,0,[],[]
41262480,41263800,NA,OLN,0.0,1258,XIC,NA,NA,NA,NA,0.0,0,-34.08,-23.47,[],0,0,[],[]
41263800,41264820,CHI,CHN,0.0,1258,XIC,RC,0,TIFI,FI,1.0,700,-17.99,-9.7,"[{'Canonical-syllable': '0', 'Growl': '0', 'High-freq-energy': '0', 'Long-island': '0', 'Low-tilt-spectrum': '0', 'Medium-island': '1', 'Short-island': '1', 'Squeal': '0', 'Typical-entropy': '1', 'Voicing-quality': '2', 'Wide-band': '0', 'Xlong-island': '0', 'seq': '1', 'end': 41264.5, 'start': 41263.8}]",0,0,[],[]
41264820,41265700,NA,NOF,0.0,1258,XIC,NA,NA,NA,NA,0.0,0,-46.61,-38.84,[],0,0,[],[]
41265700,41266710,FEM,FAN,6.06,1258,XIC,EC,1,TIFR,FI,0.0,0,-25.37,-16.88,[],0,0,[],[]
41266710,41270970,NA,OLN,0.0,1259,pause,NA,NA,NA,NA,0.0,0,-35.35,-24.5,[],0,0,[],[]
41270970,41272110,NA,OLF,0.0,1259,pause,NA,NA,NA,NA,0.0,0,-43.84,-35.0,[],0,0,[],[]
41272110,41273360,NA,FAF,0.0,1259,pause,NA,NA,NA,NA,0.0,0,-45.25,-38.97,[],0,0,[],[]
41273360,41274380,NA,OLF,0.0,1259,pause,NA,NA,NA,NA,0.0,0,-44.38,-40.38,[],0,0,[],[]
41274380,41275180,OCH,CXN,0.0,1259,XIOCA,BC,0,NT,FI,0.0,0,-26.56,-19.56,[],0,0,[],[]
41275180,41275990,NA,NOF,0.0,1259,XIOCA,NA,NA,NA,NA,0.0,0,-45.55,-39.11,[],0,0,[],[]
41275990,41277600,OCH,CXN,0.0,1259,XIOCA,RC,0,NT,FH,0.0,0,-28.32,-17.85,[],0,0,[],[]
41277600,41278600,NA,MAF,0.0,1259,XIOCA,NA,NA,NA,NA,0.0,0,-35.9,-26.72,[],0,0,[],[]
41278600,41280300,NA,OLF,0.0,1259,XIOCA,NA,NA,NA,NA,0.0,0,-42.37,-29.38,[],0,0,[],[]
41280300,41281100,NA,NOF,0.0,1259,XIOCA,NA,NA,NA,NA,0.0,0,-45.86,-39.41,[],0,0,[],[]
41281100,41281900,OCH,CXN,0.0,1259,XIOCA,RC,0,NT,FH,0.0,0,-28.04,-19.16,[],0,0,[],[]
41281900,41283550,FEM,FAN,4.98,1259,XIOCA,EC,0,NT,FI,0.0,0,-30.98,-22.17,[],0,0,[],[]
41283550,41284450,NA,CXF,0.0,1260,pause,NA,NA,NA,NA,0.0,0,-47.83,-39.69,[],0,0,[],[]
41284450,41287510,NA,OLF,0.0,1260,pause,NA,NA,NA,NA,0.0,0,-42.48,-32.07,[],0,0,[],[]
41287510,41288750,NA,FAF,0.0,1260,pause,NA,NA,NA,NA,0.0,0,-44.57,-38.11,[],0,0,[],[]
41288750,41290420,NA,CXF,0.0,1260,pause,NA,NA,NA,NA,0.0,0,-44.85,-34.85,[],0,0,[],[]
41290420,41291290,NA,OLF,0.0,1260,pause,NA,NA,NA,NA,0.0,0,-43.12,-37.95,[],0,0,[],[]
41291290,41292320,NA,FAF,0.0,1260,pause,NA,NA,NA,NA,0.0,0,-45.07,-35.55,[],0,0,[],[]
41292320,41293130,NA,CXF,0.0,1260,pause,NA,NA,NA,NA,0.0,0,-45.42,-38.53,[],0,0,[],[]
41293130,41294140,NA,FAF,0.0,1260,pause,NA,NA,NA,NA,0.0,0,-44.07,-37.58,[],0,0,[],[]
41294140,41295480,MAL,MAN,10.74,1260,AIOCM,BC,0,NT,FI,0.0,0,-33.61,-21.03,[],0,0,[],[]
41295480,41296280,OCH,CXN,0.0,1260,AIOCM,RC,0,NT,FI,0.0,0,-32.13,-19.57,[],0,0,[],[]
41296280,41297400,OCH,CXN,0.0,1260,AIOCM,RC,0,NT,FH,0.0,0,-30.92,-17.69,[],0,0,[],[]
41297400,41299460,NA,OLF,0.0,1260,AIOCM,NA,NA,NA,NA,0.0,0,-37.87,-26.92,[],0,0,[],[]
41299460,41300490,OCH,CXN,0.0,1260,AIOCM,EC,0,NT,FH,0.0,0,-31.65,-22.14,[],0,0,[],[]
41300490,41301560,NA,OLN,0.0,1261,pause,NA,NA,NA,NA,0.0,0,-38.59,-30.95,[],0,0,[],[]
41301560,41302360,NA,CXF,0.0,1261,pause,NA,NA,NA,NA,0.0,0,-40.24,-32.1,[],0,0,[],[]
41302360,41303780,NA,FAF,0.0,1261,pause,NA,NA,NA,NA,0.0,0,-43.24,-34.05,[],0,0,[],[]
41303780,41304880,NA,MAF,0.0,1261,pause,NA,NA,NA,NA,0.0,0,-44.22,-36.92,[],0,0,[],[]
41304880,41305720,NA,OLF,0.0,1261,pause,NA,NA,NA,NA,0.0,0,-40.98,-35.19,[],0,0,[],[]
41305720,41306610,OCH,CXN,0.0,1261,XIOCAC,BC,0,NT,FI,0.0,0,-32.48,-20.93,[],0,0,[],[]
41306610,41307220,FEM,FAN,8.4,1261,XIOCAC,RC,0,NT,FI,0.0,0,-28.54,-20.74,[],0,0,[],[]
41307220,41308550,NA,OLN,0.0,1261,XIOCAC,NA,NA,NA,NA,0.0,0,-33.71,-26.54,[],0,0,[],[]
41308550,41309640,NA,FAF,0.0,1261,XIOCAC,NA,NA,NA,NA,0.0,0,-36.25,-27.18,[],0,0,[],[]
41309640,41310440,OCH,CXN,0.0,1261,XIOCAC,RC,0,NT,FI,0.0,0,-25.8,-18.83,[],0,0,[],[]
41310440,41311730,NA,MAF,0.0,1261,XIOCAC,NA,NA,NA,NA,0.0,0,-43.14,-38.2,[],0,0,[],[]
41311730,41312880,NA,NOF,0.0,1261,XIOCAC,NA,NA,NA,NA,0.0,0,-48.65,-36.29,[],0,0,[],[]
41312880,41314830,NA,OLF,0.0,1261,XIOCAC,NA,NA,NA,NA,0.0,0,-30.18,-11.26,[],0,0,[],[]
41314830,41315870,FEM,FAN,4.29,1261,XIOCAC,RC,0,NT,FI,0.0,0,-39.21,-29.47,[],0,0,[],[]
41315870,41316680,NA,OLN,0.0,1261,XIOCAC,NA,NA,NA,NA,0.0,0,-36.03,-29.53,[],0,0,[],[]
41316680,41317480,NA,OLF,0.0,1261,XIOCAC,NA,NA,NA,NA,0.0,0,-43.58,-35.57,[],0,0,[],[]
41317480,41318490,NA,MAF,0.0,1261,XIOCAC,NA,NA,NA,NA,0.0,0,-40.99,-36.7,[],0,0,[],[]
41318490,41319780,OCH,CXN,0.0,1261,XIOCAC,RC,0,NT,FI,0.0,0,-25.12,-16.57,[],0,0,[],[]
41319780,41320840,NA,MAF,0.0,1261,XIOCAC,NA,NA,NA,NA,0.0,0,-44.34,-37.69,[],0,0,[],[]
41320840,41321640,OCH,CXN,0.0,1261,XIOCAC,RC,0,NT,FH,0.0,0,-28.2,-22.07,[],0,0,[],[]
41321640,41323160,NA,OLN,0.0,1261,XIOCAC,NA,NA,NA,NA,0.0,0,-33.07,-26.2,[],0,0,[],[]
41323160,41324250,FEM,FAN,7.35,1261,XIOCAC,RC,0,NT,FI,0.0,0,-35.67,-28.95,[],0,0,[],[]
41324250,41325150,NA,OLN,0.0,1261,XIOCAC,NA,NA,NA,NA,0.0,0,-26.09,-17.75,[],0,0,[],[]
41325150,41325990,OCH,CXN,0.0,1261,XIOCAC,RC,0,NT,FI,0.0,0,-25.78,-20.45,[],0,0,[],[]
41325990,41326850,OCH,CXN,0.0,1261,XIOCAC,RC,0,NT,FH,0.0,0,-28.51,-17.6,[],0,0,[],[]
41326850,41327730,NA,OLF,0.0,1261,XIOCAC,NA,NA,NA,NA,0.0,0,-42.79,-34.06,[],0,0,[],[]
41327730,41328740,NA,NOF,0.0,1261,XIOCAC,NA,NA,NA,NA,0.0,0,-48.37,-41.7,[],0,0,[],[]
41328740,41329380,CHI,CHN,0.0,1261,XIOCAC,RC,0,NT,FI,1.0,370,-19.32,-6.29,"[{'Canonical-syllable': '0', 'Growl': '0', 'High-freq-energy': '0', 'Long-island': '0', 'Low-tilt-spectrum': '2', 'Medium-island': '0', 'Short-island': '1', 'Squeal': '0', 'Typical-entropy': '2', 'Voicing-quality': '1', 'Wide-band': '0', 'Xlong-island': '0', 'seq': '1', 'end': 41329.11, 'start': 41328.74}]",0,0,[],[]
41329380,41330960,NA,OLN,0.0,1261,XIOCAC,NA,NA,NA,NA,0.0,0,-17.37,-4.58,[],0,0,[],[]
41330960,41331990,OCH,CXN,0.0,1261,XIOCAC,RC,0,NT,FI,0.0,0,-23.24,-16.0,[],0,0,[],[]
41331990,41333200,NA,OLF,0.0,1261,XIOCAC,NA,NA,NA,NA,0.0,0,-42.78,-34.5,[],0,0,[],[]
41333200,41334320,CHI,CHN,0.0,1261,XIOCAC,RC,0,NT,FI,1.0,790,-30.16,-23.66,"[{'Canonical-syllable': '0', 'Growl': '0', 'High-freq-energy': '1', 'Long-island': '1', 'Low-tilt-spectrum': '1', 'Medium-island': '0', 'Short-island': '0', 'Squeal': '0', 'Typical-entropy': '1', 'Voicing-quality': '1', 'Wide-band': '0', 'Xlong-island': '0', 'seq': '1', 'end': 41333.99, 'start': 41333.31}]",0,0,[],[]
41334320,41335340,NA,OLF,0.0,1261,XIOCAC,NA,NA,NA,NA,0.0,0,-44.95,-35.12,[],0,0,[],[]
41335340,41336400,CHI,CHN,0.0,1261,XIOCAC,RC,0,NT,FH,1.0,1060,-26.99,-19.5,"[{'Canonical-syllable': '0', 'Growl': '0', 'High-freq-energy': '1', 'Long-island': '1', 'Low-tilt-spectrum': '1', 'Medium-island': '0', 'Short-island': '0', 'Squeal': '0', 'Typical-entropy': '1', 'Voicing-quality': '1', 'Wide-band': '0', 'Xlong-island': '0', 'seq': '1', 'end': 41336.4, 'start': 41335.34}]",0,0,[],[]
41336400,41337650,NA,NON,0.0,1261,XIOCAC,NA,NA,NA,NA,0.0,0,-28.76,-18.67,[],0,0,[],[]
41337650,41338510,NA,OLN,0.0,1261,XIOCAC,NA,NA,NA,NA,0.0,0,-31.33,-25.63,[],0,0,[],[]
41338510,41339170,CHI,CHN,0.0,1261,XIOCAC,NA,NA,NA,NA,0.0,0,-19.28,-11.12,[],0,510,"[{'start': 41338.51, 'end': 41338.65}]","[{'start': 41338.65, 'end': 41339.02}]"
41339170,41340170,CHI,CHN,0.0,1261,XIOCAC,RC,0,NT,FH,2.0,400,-19.44,-5.38,"[{'Canonical-syllable': '1', 'Growl': '0', 'High-freq-energy': '0', 'Long-island': '0', 'Low-tilt-spectrum': '0', 'Medium-island': '0', 'Short-island': '1', 'Squeal': '0', 'Typical-entropy': '0', 'Voicing-quality': '1', 'Wide-band': '0', 'Xlong-island': '0', 'seq': '1', 'end': 41339.43, 'start': 41339.3}, {'Canonical-syllable': '0', 'Growl': '0', 'High-freq-energy': '0', 'Long-island': '0', 'Low-tilt-spectrum': '0', 'Medium-island': '0', 'Short-island': '0', 'Squeal': '0', 'Typical-entropy': '1', 'Voicing-quality': '1', 'Wide-band': '1', 'Xlong-island': '0', 'seq': '2', 'end': 41340.17, 'start': 41340.03}]",0,0,[],[]
41340170,41340850,CHI,CHN,0.0,1261,XIOCAC,RC,0,NT,FH,1.0,680,-22.27,-14.86,"[{'Canonical-syllable': '0', 'Growl': '0', 'High-freq-energy': '0', 'Long-island': '0', 'Low-tilt-spectrum': '1', 'Medium-island': '1', 'Short-island': '0', 'Squeal': '0', 'Typical-entropy': '1', 'Voicing-quality': '1', 'Wide-band': '0', 'Xlong-island': '0', 'seq': '1', 'end': 41340.85, 'start': 41340.28}]",0,0,[],[]
41340850,41342210,OCH,CXN,0.0,1261,XIOCAC,RC,0,NT,FI,0.0,0,-17.49,-4.45,[],0,0,[],[]
41342210,41343010,OCH,CXN,0.0,1261,XIOCAC,RC,0,NT,FH,0.0,0,-14.96,-10.68,[],0,0,[],[]
41343010,41343640,CHI,CHN,0.0,1261,XIOCAC,NA,NA,NA,NA,0.0,0,-23.81,-15.52,[],0,220,"[{'start': 41343.01, 'end': 41343.23}]",[]
41343640,41345120,OCH,CXN,0.0,1261,XIOCAC,RC,0,NT,FH,0.0,0,-17.02,-10.69,[],0,0,[],[]
41345120,41347270,NA,OLN,0.0,1261,XIOCAC,NA,NA,NA,NA,0.0,0,-24.64,-6.1,[],0,0,[],[]
41347270,41348070,CHI,CHN,0.0,1261,XIOCAC,NA,NA,NA,NA,0.0,0,-15.71,-6.2,[],0,540,"[{'start': 41347.36, 'end': 41347.9}]",[]
41348070,41349280,CHI,CHN,0.0,1261,XIOCAC,RC,0,NT,FI,1.0,1210,-15.81,-6.66,"[{'Canonical-syllable': '0', 'Growl': '0', 'High-freq-energy': '0', 'Long-island': '0', 'Low-tilt-spectrum': '0', 'Medium-island': '0', 'Short-island': '0', 'Squeal': '0', 'Typical-entropy': '0', 'Voicing-quality': '2', 'Wide-band': '0', 'Xlong-island': '1', 'seq': '1', 'end': 41349.28, 'start': 41348.07}]",0,0,[],[]
41349280,41352260,NA,OLN,0.0,1261,XIOCAC,NA,NA,NA,NA,0.0,0,-31.53,-23.02,[],0,0,[],[]
41352260,41352860,CHI,CHN,0.0,1261,XIOCAC,EC,0,NT,FH,1.0,270,-19.43,-10.2,"[{'Canonical-syllable': '0', 'Growl': '0', 'High-freq-energy': '0', 'Long-island': '0', 'Low-tilt-spectrum': '1', 'Medium-island': '1', 'Short-island': '0', 'Squeal': '0', 'Typical-entropy': '1', 'Voicing-quality': '1', 'Wide-band': '0', 'Xlong-island': '0', 'seq': '1', 'end': 41352.53, 'start': 41352.26}]",0,0,[],[]
41352860,41358120,NA,OLN,0.0,1262,pause,NA,NA,NA,NA,0.0,0,-34.65,-25.36,[],0,0,[],[]
41358120,41359120,CHI,CHN,0.0,1262,CM,EC,0,NT,FI,1.0,540,-17.43,-10.88,"[{'Canonical-syllable': '0', 'Growl': '0', 'High-freq-energy': '0', 'Long-island': '0', 'Low-tilt-spectrum': '0', 'Medium-island': '1', 'Short-island': '0', 'Squeal': '0', 'Typical-entropy': '1', 'Voicing-quality': '1', 'Wide-band': '0', 'Xlong-island': '0', 'seq': '1', 'end': 41358.66, 'start': 41358.12}]",0,0,[],[]
41359120,41363440,NA,OLN,0.0,1263,pause,NA,NA,NA,NA,0.0,0,-30.65,-16.61,[],0,0,[],[]
41363440,41364240,NA,NON,0.0,1263,pause,NA,NA,NA,NA,0.0,0,-38.42,-35.25,[],0,0,[],[]
41364240,41364840,CHI,CHN,0.0,1263,CM,EC,0,NT,FI,1.0,600,-19.88,-13.28,"[{'Canonical-syllable': '1', 'Growl': '0', 'High-freq-energy': '0', 'Long-island': '0', 'Low-tilt-spectrum': '1', 'Medium-island': '1', 'Short-island': '0', 'Squeal': '0', 'Typical-entropy': '1', 'Voicing-quality': '1', 'Wide-band': '0', 'Xlong-island': '0', 'seq': '1', 'end': 41364.84, 'start': 41364.36}]",0,0,[],[]
41364840,41365640,NA,NOF,0.0,1264,pause,NA,NA,NA,NA,0.0,0,-39.15,-30.51,[],0,0,[],[]
41365640,41366440,NA,OLN,0.0,1264,pause,NA,NA,NA,NA,0.0,0,-27.07,-18.87,[],0,0,[],[]
41366440,41367240,NA,NOF,0.0,1264,pause,NA,NA,NA,NA,0.0,0,-40.7,-35.58,[],0,0,[],[]
41367240,41375490,NA,OLN,0.0,1264,pause,NA,NA,NA,NA,0.0,0,-29.89,-11.31,[],0,0,[],[]
41375490,41376490,CHI,CHN,0.0,1264,CM,BC,0,NT,FI,1.0,780,-17.56,-9.98,"[{'Canonical-syllable': '1', 'Growl': '0', 'High-freq-energy': '0', 'Long-island': '0', 'Low-tilt-spectrum': '2', 'Medium-island': '1', 'Short-island': '1', 'Squeal': '0', 'Typical-entropy': '1', 'Voicing-quality': '2', 'Wide-band': '0', 'Xlong-island': '0', 'seq': '1', 'end': 41376.27, 'start': 41375.65}]",0,0,[],[]
41376490,41377180,CHI,CHN,0.0,1264,CM,RC,0,NT,FH,1.0,690,-17.36,-10.02,"[{'Canonical-syllable': '1', 'Growl': '0', 'High-freq-energy': '0', 'Long-island': '0', 'Low-tilt-spectrum': '2', 'Medium-island': '2', 'Short-island': '0', 'Squeal': '0', 'Typical-entropy': '2', 'Voicing-quality': '2', 'Wide-band': '0', 'Xlong-island': '0', 'seq': '1', 'end': 41377.18, 'start': 41376.49}]",0,0,[],[]
41377180,41379110,NA,OLN,0.0,1264,CM,NA,NA,NA,NA,0.0,0,-25.1,-14.68,[],0,0,[],[]
41379110,41380370,CHI,CHN,0.0,1264,CM,EC,0,NT,FH,1.0,710,-23.12,-12.52,"[{'Canonical-syllable': '2', 'Growl': '0', 'High-freq-energy': '0', 'Long-island': '0', 'Low-tilt-spectrum': '2', 'Medium-island': '0', 'Short-island': '2', 'Squeal': '0', 'Typical-entropy': '2', 'Voicing-quality': '2', 'Wide-band': '0', 'Xlong-island': '0', 'seq': '1', 'end': 41379.82, 'start': 41379.41}]",0,0,[],[]
41380370,41383490,NA,OLN,0.0,1265,pause,NA,NA,NA,NA,0.0,0,-23.81,-11.98,[],0,0,[],[]
41383490,41384340,NA,NON,0.0,1265,pause,NA,NA,NA,NA,0.0,0,-34.75,-31.19,[],0,0,[],[]
41384340,41388030,NA,OLN,0.0,1265,pause,NA,NA,NA,NA,0.0,0,-25.04,-14.44,[],0,0,[],[]
41388030,41388830,NA,NON,0.0,1265,pause,NA,NA,NA,NA,0.0,0,-37.54,-28.55,[],0,0,[],[]
41388830,41394100,NA,OLN,0.0,1265,pause,NA,NA,NA,NA,0.0,0,-22.11,-4.15,[],0,0,[],[]
41394100,41395290,NA,NOF,0.0,1265,pause,NA,NA,NA,NA,0.0,0,-37.87,-29.44,[],0,0,[],[]
41395290,41398210,NA,OLN,0.0,1265,pause,NA,NA,NA,NA,0.0,0,-32.94,-21.49,[],0,0,[],[]
41398210,41399100,NA,NON,0.0,1265,pause,NA,NA,NA,NA,0.0,0,-21.96,-5.84,[],0,0,[],[]
41399100,41401700,NA,OLN,0.0,1265,pause,NA,NA,NA,NA,0.0,0,-22.32,-2.63,[],0,0,[],[]
41401700,41402500,NA,NON,0.0,1265,pause,NA,NA,NA,NA,0.0,0,-29.79,-22.76,[],0,0,[],[]
41402500,41403140,OCH,CXN,0.0,1265,XIOCC,BC,0,NT,FI,0.0,0,-16.84,-8.83,[],0,0,[],[]
41403140,41404020,NA,OLN,0.0,1265,XIOCC,NA,NA,NA,NA,0.0,0,-37.12,-33.04,[],0,0,[],[]
41404020,41405070,OCH,CXN,0.0,1265,XIOCC,RC,0,NT,FH,0.0,0,-16.75,-7.18,[],0,0,[],[]
41405070,41405670,CHI,CHN,0.0,1265,XIOCC,NA,NA,NA,NA,0.0,0,-15.09,-10.2,[],0,600,"[{'start': 41405.07, 'end': 41405.67}]",[]
41405670,41407210,NA,OLN,0.0,1265,XIOCC,NA,NA,NA,NA,0.0,0,-34.05,-26.63,[],0,0,[],[]
41407210,41407810,CHI,CHN,0.0,1265,XIOCC,EC,0,NT,FI,1.0,600,-20.39,-13.47,"[{'Canonical-syllable': '1', 'Growl': '1', 'High-freq-energy': '1', 'Long-island': '0', 'Low-tilt-spectrum': '2', 'Medium-island': '0', 'Short-island': '2', 'Squeal': '0', 'Typical-entropy': '2', 'Voicing-quality': '1', 'Wide-band': '0', 'Xlong-island': '0', 'seq': '1', 'end': 41407.81, 'start': 41407.29}]",0,0,[],[]
41407810,41421750,NA,OLN,0.0,1266,pause,NA,NA,NA,NA,0.0,0,-30.49,-17.56,[],0,0,[],[]
41421750,41422550,NA,NOF,0.0,1266,pause,NA,NA,NA,NA,0.0,0,-35.25,-27.58,[],0,0,[],[]
41422550,41427540,NA,OLN,0.0,1266,pause,NA,NA,NA,NA,0.0,0,-32.16,-20.14,[],0,0,[],[]
41427540,41428340,OCH,CXN,0.0,1266,XM,EC,0,NT,FI,0.0,0,-19.32,-15.13,[],0,0,[],[]
41428340,41435280,NA,OLN,0.0,1267,pause,NA,NA,NA,NA,0.0,0,-18.67,-0.39,[],0,0,[],[]
41435280,41437020,NA,NON,0.0,1267,pause,NA,NA,NA,NA,0.0,0,-27.74,-14.0,[],0,0,[],[]
41437020,41440200,NA,OLN,0.0,1267,pause,NA,NA,NA,NA,0.0,0,-27.29,-14.83,[],0,0,[],[]
41440200,41441360,CHI,CHN,0.0,1267,CM,EC,0,NT,FI,1.0,1160,-17.05,-9.43,"[{'Canonical-syllable': '0', 'Growl': '1', 'High-freq-energy': '0', 'Long-island': '0', 'Low-tilt-spectrum': '0', 'Medium-island': '2', 'Short-island': '1', 'Squeal': '0', 'Typical-entropy': '1', 'Voicing-quality': '4', 'Wide-band': '0', 'Xlong-island': '0', 'seq': '1', 'end': 41441.36, 'start': 41440.2}]",0,0,[],[]
41441360,41444140,NA,OLN,0.0,1268,pause,NA,NA,NA,NA,0.0,0,-27.85,-15.31,[],0,0,[],[]
41444140,41444940,NA,NON,0.0,1268,pause,NA,NA,NA,NA,0.0,0,-35.39,-26.97,[],0,0,[],[]
41444940,41446090,NA,OLN,0.0,1268,pause,NA,NA,NA,NA,0.0,0,-34.31,-23.28,[],0,0,[],[]
41446090,41447060,NA,NON,0.0,1268,pause,NA,NA,NA,NA,0.0,0,-32.87,-22.66,[],0,0,[],[]
41447060,41448640,NA,OLN,0.0,1268,pause,NA,NA,NA,NA,0.0,0,-24.67,-8.1,[],0,0,[],[]
41448640,41449480,NA,NON,0.0,1268,pause,NA,NA,NA,NA,0.0,0,-24.55,-13.4,[],0,0,[],[]
41449480,41451230,NA,OLN,0.0,1268,pause,NA,NA,NA,NA,0.0,0,-33.74,-24.16,[],0,0,[],[]
41451230,41452620,NA,NON,0.0,1268,pause,NA,NA,NA,NA,0.0,0,-33.93,-21.55,[],0,0,[],[]
41452620,41453910,NA,OLN,0.0,1268,pause,NA,NA,NA,NA,0.0,0,-34.91,-30.86,[],0,0,[],[]
41453910,41454730,NA,NON,0.0,1268,pause,NA,NA,NA,NA,0.0,0,-32.46,-24.02,[],0,0,[],[]
41454730,41455530,CHI,CHN,0.0,1268,CIOCAX,BC,0,NT,FI,2.0,370,-18.27,-6.1,"[{'Canonical-syllable': '0', 'Growl': '0', 'High-freq-energy': '0', 'Long-island': '0', 'Low-tilt-spectrum': '1', 'Medium-island': '0', 'Short-island': '1', 'Squeal': '0', 'Typical-entropy': '1', 'Voicing-quality': '1', 'Wide-band': '0', 'Xlong-island': '0', 'seq': '1', 'end': 41454.93, 'start': 41454.73}, {'Canonical-syllable': '0', 'Growl': '0', 'High-freq-energy': '0', 'Long-island': '0', 'Low-tilt-spectrum': '1', 'Medium-island': '0', 'Short-island': '1', 'Squeal': '0', 'Typical-entropy': '1', 'Voicing-quality': '1', 'Wide-band': '0', 'Xlong-island': '0', 'seq': '2', 'end': 41455.43, 'start': 41455.26}]",0,0,[],[]
41455530,41456580,OCH,CXN,0.0,1268,CIOCAX,RC,0,NT,FI,0.0,0,-15.99,-8.4,[],0,0,[],[]
41456580,41457200,CHI,CHN,0.0,1268,CIOCAX,RC,0,NT,FI,1.0,440,-18.46,-13.11,"[{'Canonical-syllable': '0', 'Growl': '0', 'High-freq-energy': '0', 'Long-island': '0', 'Low-tilt-spectrum': '1', 'Medium-island': '1', 'Short-island': '0', 'Squeal': '0', 'Typical-entropy': '1', 'Voicing-quality': '1', 'Wide-band': '0', 'Xlong-island': '0', 'seq': '1', 'end': 41457.02, 'start': 41456.68}]",0,0,[],[]
41457200,41458300,OCH,CXN,0.0,1268,CIOCAX,RC,0,NT,FI,0.0,0,-26.02,-14.17,[],0,0,[],[]
41458300,41459120,NA,OLN,0.0,1268,CIOCAX,NA,NA,NA,NA,0.0,0,-31.87,-24.63,[],0,0,[],[]
41459120,41460210,FEM,FAN,5.93,1268,CIOCAX,RC,0,NT,FI,0.0,0,-25.27,-15.54,[],0,0,[],[]
41460210,41461070,OCH,CXN,0.0,1268,CIOCAX,RC,0,NT,FI,0.0,0,-26.74,-19.42,[],0,0,[],[]
41461070,41462210,NA,OLN,0.0,1268,CIOCAX,NA,NA,NA,NA,0.0,0,-19.49,-10.21,[],0,0,[],[]
41462210,41463140,OCH,CXN,0.0,1268,CIOCAX,RC,0,NT,FH,0.0,0,-20.3,-9.98,[],0,0,[],[]
41463140,41464120,CHI,CHN,0.0,1268,CIOCAX,RC,0,NT,FI,1.0,980,-16.84,-11.15,"[{'Canonical-syllable': '0', 'Growl': '0', 'High-freq-energy': '0', 'Long-island': '0', 'Low-tilt-spectrum': '1', 'Medium-island': '1', 'Short-island': '1', 'Squeal': '0', 'Typical-entropy': '2', 'Voicing-quality': '2', 'Wide-band': '0', 'Xlong-island': '0', 'seq': '1', 'end': 41464.12, 'start': 41463.14}]",0,0,[],[]
41464120,41465020,NA,OLN,0.0,1268,CIOCAX,NA,NA,NA,NA,0.0,0,-39.49,-34.0,[],0,0,[],[]
41465020,41465820,NA,NON,0.0,1268,CIOCAX,NA,NA,NA,NA,0.0,0,-42.21,-37.24,[],0,0,[],[]
41465820,41466820,CHI,CHN,0.0,1268,CIOCAX,EC,0,NT,FH,1.0,800,-18.8,-10.26,"[{'Canonical-syllable': '1', 'Growl': '0', 'High-freq-energy': '0', 'Long-island': '0', 'Low-tilt-spectrum': '1', 'Medium-island': '1', 'Short-island': '1', 'Squeal': '0', 'Typical-entropy': '1', 'Voicing-quality': '2', 'Wide-band': '0', 'Xlong-island': '0', 'seq': '1', 'end': 41466.62, 'start': 41465.82}]",0,0,[],[]
41466820,41468290,NA,OLN,0.0,1269,pause,NA,NA,NA,NA,0.0,0,-28.79,-19.75,[],0,0,[],[]
41468290,41469300,NA,NON,0.0,1269,pause,NA,NA,NA,NA,0.0,0,-33.89,-28.13,[],0,0,[],[]
41469300,41472550,NA,OLN,0.0,1269,pause,NA,NA,NA,NA,0.0,0,-32.92,-23.54,[],0,0,[],[]
41472550,41474110,NA,NON,0.0,1269,pause,NA,NA,NA,NA,0.0,0,-30.83,-24.47,[],0,0,[],[]
41474110,41476800,NA,OLN,0.0,1269,pause,NA,NA,NA,NA,0.0,0,-28.11,-17.43,[],0,0,[],[]
41476800,41477600,NA,NON,0.0,1269,pause,NA,NA,NA,NA,0.0,0,-34.87,-30.54,[],0,0,[],[]
41477600,41481700,NA,OLN,0.0,1269,pause,NA,NA,NA,NA,0.0,0,-25.76,-9.48,[],0,0,[],[]
41481700,41482530,NA,NON,0.0,1269,pause,NA,NA,NA,NA,0.0,0,-15.42,-2.55,[],0,0,[],[]
41482530,41483230,CHI,CHN,0.0,1269,CIOCAX,BC,0,NT,FI,1.0,700,-14.98,-9.52,"[{'Canonical-syllable': '0', 'Growl': '0', 'High-freq-energy': '0', 'Long-island': '1', 'Low-tilt-spectrum': '1', 'Medium-island': '0', 'Short-island': '0', 'Squeal': '0', 'Typical-entropy': '1', 'Voicing-quality': '1', 'Wide-band': '0', 'Xlong-island': '0', 'seq': '1', 'end': 41483.23, 'start': 41482.53}]",0,0,[],[]
41483230,41484880,CHI,CHN,0.0,1269,CIOCAX,RC,0,NT,FH,1.0,1560,-20.62,-11.72,"[{'Canonical-syllable': '0', 'Growl': '3', 'High-freq-energy': '1', 'Long-island': '0', 'Low-tilt-spectrum': '4', 'Medium-island': '1', 'Short-island': '3', 'Squeal': '0', 'Typical-entropy': '4', 'Voicing-quality': '4', 'Wide-band': '0', 'Xlong-island': '0', 'seq': '1', 'end': 41484.79, 'start': 41483.23}]",0,0,[],[]
41484880,41485680,NA,OLN,0.0,1269,CIOCAX,NA,NA,NA,NA,0.0,0,-35.91,-30.88,[],0,0,[],[]
41485680,41487440,OCH,CXN,0.0,1269,CIOCAX,RC,0,NT,FI,0.0,0,-26.41,-18.56,[],0,0,[],[]
41487440,41488150,CHI,CHN,0.0,1269,CIOCAX,NA,NA,NA,NA,0.0,0,-13.56,-8.41,[],0,710,"[{'start': 41487.44, 'end': 41488.15}]",[]
41488150,41489160,NA,OLN,0.0,1269,CIOCAX,NA,NA,NA,NA,0.0,0,-18.55,-4.14,[],0,0,[],[]
41489160,41490190,FEM,FAN,4.3,1269,CIOCAX,RC,0,NT,FI,0.0,0,-26.48,-16.65,[],0,0,[],[]
41490190,41491000,NA,OLN,0.0,1269,CIOCAX,NA,NA,NA,NA,0.0,0,-15.76,-6.78,[],0,0,[],[]
41491000,41491830,OCH,CXN,0.0,1269,CIOCAX,RC,0,NT,FI,0.0,0,-15.31,-8.43,[],0,0,[],[]
41491830,41492630,NA,OLN,0.0,1269,CIOCAX,NA,NA,NA,NA,0.0,0,-17.17,-9.49,[],0,0,[],[]
41492630,41493440,OCH,CXN,0.0,1269,CIOCAX,EC,0,NT,FH,0.0,0,-21.14,-12.14,[],0,0,[],[]
41493440,41503160,NA,OLN,0.0,1270,pause,NA,NA,NA,NA,0.0,0,-22.02,-1.44,[],0,0,[],[]
41503160,41504160,CHI,CHN,0.0,1270,CIC,BC,0,TIMI,FI,1.0,1000,-20.66,-14.14,"[{'Canonical-syllable': '0', 'Growl': '0', 'High-freq-energy': '0', 'Long-island': '1', 'Low-tilt-spectrum': '1', 'Medium-island': '0', 'Short-island': '0', 'Squeal': '0', 'Typical-entropy': '1', 'Voicing-quality': '1', 'Wide-band': '0', 'Xlong-island': '0', 'seq': '1', 'end': 41504.16, 'start': 41503.28}]",0,0,[],[]
41504160,41506340,NA,OLN,0.0,1270,CIC,NA,NA,NA,NA,0.0,0,-25.24,-16.12,[],0,0,[],[]
41506340,41507340,MAL,MAN,6.9,1270,CIC,RC,1,TIMR,FI,0.0,0,-31.18,-25.5,[],0,0,[],[]
41507340,41510550,NA,OLN,0.0,1270,CIC,NA,NA,NA,NA,0.0,0,-25.3,-12.52,[],0,0,[],[]
41510550,41511480,OCH,CXN,0.0,1270,CIC,RC,1,NT,FI,0.0,0,-18.03,-10.21,[],0,0,[],[]
41511480,41512560,NA,OLN,0.0,1270,CIC,NA,NA,NA,NA,0.0,0,-25.45,-18.25,[],0,0,[],[]
41512560,41513430,OCH,CXN,0.0,1270,CIC,EC,1,NT,FH,0.0,0,-23.18,-12.95,[],0,0,[],[]
41513430,41519000,NA,OLN,0.0,1271,pause,NA,NA,NA,NA,0.0,0,-21.22,-3.37,[],0,0,[],[]
41519000,41519990,OCH,CXN,0.0,1271,XM,EC,0,NT,FI,0.0,0,-29.35,-21.32,[],0,0,[],[]
41519990,41527570,NA,OLN,0.0,1272,pause,NA,NA,NA,NA,0.0,0,-35.15,-25.31,[],0,0,[],[]
41527570,41528370,NA,NON,0.0,1272,pause,NA,NA,NA,NA,0.0,0,-36.28,-25.77,[],0,0,[],[]
41528370,41532480,NA,OLN,0.0,1272,pause,NA,NA,NA,NA,0.0,0,-32.44,-23.1,[],0,0,[],[]
41532480,41533310,OCH,CXN,0.0,1272,XM,BC,0,NT,FI,0.0,0,-30.59,-24.02,[],0,0,[],[]
41533310,41536630,NA,OLN,0.0,1272,XM,NA,NA,NA,NA,0.0,0,-36.49,-25.61,[],0,0,[],[]
41536630,41537500,OCH,CXN,0.0,1272,XM,RC,0,NT,FH,0.0,0,-25.05,-17.21,[],0,0,[],[]
41537500,41539190,NA,OLN,0.0,1272,XM,NA,NA,NA,NA,0.0,0,-30.18,-21.2,[],0,0,[],[]
41539190,41540080,NA,NOF,0.0,1272,XM,NA,NA,NA,NA,0.0,0,-40.65,-34.46,[],0,0,[],[]
41540080,41541750,NA,OLF,0.0,1272,XM,NA,NA,NA,NA,0.0,0,-40.4,-32.51,[],0,0,[],[]
41541750,41542560,OCH,CXN,0.0,1272,XM,EC,0,NT,FH,0.0,0,-35.56,-28.55,[],0,0,[],[]
41542560,41544820,NA,OLF,0.0,1273,pause,NA,NA,NA,NA,0.0,0,-32.18,-12.43,[],0,0,[],[]
41544820,41545820,NA,MAF,0.0,1273,pause,NA,NA,NA,NA,0.0,0,-36.67,-29.83,[],0,0,[],[]
41545820,41548660,NA,OLN,0.0,1273,pause,NA,NA,NA,NA,0.0,0,-27.85,-9.66,[],0,0,[],[]
41548660,41549490,NA,NON,0.0,1273,pause,NA,NA,NA,NA,0.0,0,-35.42,-29.86,[],0,0,[],[]
41549490,41552600,NA,OLN,0.0,1273,pause,NA,NA,NA,NA,0.0,0,-29.57,-17.38,[],0,0,[],[]
41552600,41553520,OCH,CXN,0.0,1273,XIC,BC,0,NT,FI,0.0,0,-26.88,-19.75,[],0,0,[],[]
41553520,41555510,NA,OLN,0.0,1273,XIC,NA,NA,NA,NA,0.0,0,-30.14,-17.07,[],0,0,[],[]
41555510,41556510,CHI,CHN,0.0,1273,XIC,RC,0,TIMI,FI,1.0,1000,-27.02,-20.95,"[{'Canonical-syllable': '0', 'Growl': '1', 'High-freq-energy': '0', 'Long-island': '0', 'Low-tilt-spectrum': '1', 'Medium-island': '0', 'Short-island': '0', 'Squeal': '0', 'Typical-entropy': '1', 'Voicing-quality': '1', 'Wide-band': '0', 'Xlong-island': '1', 'seq': '1', 'end': 41556.51, 'start': 41555.51}]",0,0,[],[]
41556510,41557770,NA,OLN,0.0,1273,XIC,NA,NA,NA,NA,0.0,0,-33.03,-26.82,[],0,0,[],[]
41557770,41558830,MAL,MAN,0.56,1273,XIC,RC,1,TIMR,FI,0.0,0,-34.53,-21.25,[],0,0,[],[]
41558830,41560110,NA,OLN,0.0,1273,XIC,NA,NA,NA,NA,0.0,0,-31.83,-26.73,[],0,0,[],[]
41560110,41560910,NA,OLF,0.0,1273,XIC,NA,NA,NA,NA,0.0,0,-42.46,-35.59,[],0,0,[],[]
41560910,41563100,NA,OLN,0.0,1273,XIC,NA,NA,NA,NA,0.0,0,-26.78,-14.75,[],0,0,[],[]
41563100,41563950,OCH,CXN,0.0,1273,XIC,EC,1,NT,FI,0.0,0,-29.39,-22.86,[],0,0,[],[]
41563950,41565470,NA,OLN,0.0,1274,pause,NA,NA,NA,NA,0.0,0,-31.88,-20.78,[],0,0,[],[]
41565470,41567030,NA,NON,0.0,1274,pause,NA,NA,NA,NA,0.0,0,-31.58,-16.57,[],0,0,[],[]
41567030,41569310,NA,OLN,0.0,1274,pause,NA,NA,NA,NA,0.0,0,-28.25,-14.93,[],0,0,[],[]
41569310,41570330,FEM,FAN,2.36,1274,AIOCF,BC,0,NT,FI,0.0,0,-15.81,-4.16,[],0,0,[],[]
41570330,41572530,NA,OLN,0.0,1274,AIOCF,NA,NA,NA,NA,0.0,0,-34.95,-25.04,[],0,0,[],[]
41572530,41573540,NA,FAF,0.0,1274,AIOCF,NA,NA,NA,NA,0.0,0,-34.14,-23.09,[],0,0,[],[]
41573540,41574950,NA,OLF,0.0,1274,AIOCF,NA,NA,NA,NA,0.0,0,-32.1,-24.74,[],0,0,[],[]
41574950,41576550,OCH,CXN,0.0,1274,AIOCF,RC,0,NT,FI,0.0,0,-28.98,-16.74,[],0,0,[],[]
41576550,41577550,NA,FAF,0.0,1274,AIOCF,NA,NA,NA,NA,0.0,0,-42.91,-35.22,[],0,0,[],[]
41577550,41578350,NA,OLF,0.0,1274,AIOCF,NA,NA,NA,NA,0.0,0,-40.44,-34.49,[],0,0,[],[]
41578350,41579970,NA,NOF,0.0,1274,AIOCF,NA,NA,NA,NA,0.0,0,-42.71,-33.73,[],0,0,[],[]
41579970,41581270,MAL,MAN,6.84,1274,AIOCF,RC,0,NT,FI,0.0,0,-34.45,-28.46,[],0,0,[],[]
41581270,41582890,NA,OLN,0.0,1274,AIOCF,NA,NA,NA,NA,0.0,0,-34.41,-23.48,[],0,0,[],[]
41582890,41583690,OCH,CXN,0.0,1274,AIOCF,EC,0,NT,FI,0.0,0,-30.12,-23.2,[],0,0,[],[]
41583690,41585560,NA,OLN,0.0,1275,pause,NA,NA,NA,NA,0.0,0,-31.05,-16.29,[],0,0,[],[]
41585560,41586470,NA,NOF,0.0,1275,pause,NA,NA,NA,NA,0.0,0,-44.58,-37.53,[],0,0,[],[]
41586470,41587270,NA,OLN,0.0,1275,pause,NA,NA,NA,NA,0.0,0,-31.07,-24.93,[],0,0,[],[]
41587270,41588270,NA,OLF,0.0,1275,pause,NA,NA,NA,NA,0.0,0,-38.49,-29.5,[],0,0,[],[]
41588270,41589590,NA,OLN,0.0,1275,pause,NA,NA,NA,NA,0.0,0,-34.46,-24.57,[],0,0,[],[]
41589590,41590390,OCH,CXN,0.0,1275,XM,BC,0,NT,FI,0.0,0,-24.6,-17.46,[],0,0,[],[]
41590390,41591190,NA,OLN,0.0,1275,XM,NA,NA,NA,NA,0.0,0,-28.89,-20.85,[],0,0,[],[]
41591190,41591990,NA,NOF,0.0,1275,XM,NA,NA,NA,NA,0.0,0,-39.87,-26.51,[],0,0,[],[]
41591990,41593140,OCH,CXN,0.0,1275,XM,RC,0,NT,FH,0.0,0,-29.73,-20.32,[],0,0,[],[]
41593140,41593940,NA,NOF,0.0,1275,XM,NA,NA,NA,NA,0.0,0,-41.65,-31.37,[],0,0,[],[]
41593940,41595600,OCH,CXN,0.0,1275,XM,EC,0,NT,FH,0.0,0,-32.39,-21.81,[],0,0,[],[]
41595600,41597120,NA,NOF,0.0,1276,pause,NA,NA,NA,NA,0.0,0,-37.97,-20.37,[],0,0,[],[]
41597120,41598950,NA,OLN,0.0,1276,pause,NA,NA,NA,NA,0.0,0,-25.67,-9.6,[],0,0,[],[]
41598950,41599750,NA,NOF,0.0,1276,pause,NA,NA,NA,NA,0.0,0,-42.49,-34.02,[],0,0,[],[]
41599750,41608340,NA,OLN,0.0,1276,pause,NA,NA,NA,NA,0.0,0,-30.62,-7.9,[],0,0,[],[]
41608340,41609140,NA,NOF,0.0,1276,pause,NA,NA,NA,NA,0.0,0,-44.88,-39.47,[],0,0,[],[]
41609140,41610370,NA,OLF,0.0,1276,pause,NA,NA,NA,NA,0.0,0,-41.33,-32.26,[],0,0,[],[]
41610370,41611170,NA,NOF,0.0,1276,pause,NA,NA,NA,NA,0.0,0,-42.37,-33.24,[],0,0,[],[]
41611170,41613260,NA,OLF,0.0,1276,pause,NA,NA,NA,NA,0.0,0,-17.87,-1.13,[],0,0,[],[]
41613260,41614060,OCH,CXN,0.0,1276,XIC,BC,0,NT,FI,0.0,0,-24.61,-16.38,[],0,0,[],[]
41614060,41614860,NA,OLF,0.0,1276,XIC,NA,NA,NA,NA,0.0,0,-41.41,-32.87,[],0,0,[],[]
41614860,41615660,OCH,CXN,0.0,1276,XIC,RC,0,NT,FH,0.0,0,-33.6,-23.07,[],0,0,[],[]
41615660,41616460,NA,NOF,0.0,1276,XIC,NA,NA,NA,NA,0.0,0,-46.1,-41.23,[],0,0,[],[]
41616460,41617470,NA,MAF,0.0,1276,XIC,NA,NA,NA,NA,0.0,0,-40.47,-32.84,[],0,0,[],[]
41617470,41619350,NA,OLN,0.0,1276,XIC,NA,NA,NA,NA,0.0,0,-34.26,-24.45,[],0,0,[],[]
41619350,41620370,MAL,MAN,1.74,1276,XIC,RC,0,NT,FI,0.0,0,-36.89,-28.25,[],0,0,[],[]
41620370,41621870,NA,OLF,0.0,1276,XIC,NA,NA,NA,NA,0.0,0,-39.63,-33.95,[],0,0,[],[]
41621870,41624000,FEM,FAN,9.17,1276,XIC,RC,0,NT,FI,0.0,0,-29.34,-20.5,[],0,0,[],[]
41624000,41625550,NA,NOF,0.0,1276,XIC,NA,NA,NA,NA,0.0,0,-42.49,-25.92,[],0,0,[],[]
41625550,41626350,NA,OLF,0.0,1276,XIC,NA,NA,NA,NA,0.0,0,-34.91,-17.09,[],0,0,[],[]
41626350,41627300,NA,NOF,0.0,1276,XIC,NA,NA,NA,NA,0.0,0,-48.4,-42.09,[],0,0,[],[]
41627300,41629390,MAL,MAN,6.55,1276,XIC,RC,0,NT,FI,0.0,0,-35.25,-26.79,[],0,0,[],[]
41629390,41630800,OCH,CXN,0.0,1276,XIC,RC,0,NT,FI,0.0,0,-32.22,-25.44,[],0,0,[],[]
41630800,41631920,NA,OLN,0.0,1276,XIC,NA,NA,NA,NA,0.0,0,-31.32,-13.31,[],0,0,[],[]
41631920,41632730,OCH,CXN,0.0,1276,XIC,RC,0,NT,FH,0.0,0,-27.36,-20.49,[],0,0,[],[]
41632730,41634100,NA,OLN,0.0,1276,XIC,NA,NA,NA,NA,0.0,0,-35.1,-27.57,[],0,0,[],[]
41634100,41635010,OCH,CXN,0.0,1276,XIC,RC,0,NT,FH,0.0,0,-33.8,-24.2,[],0,0,[],[]
41635010,41638060,NA,OLF,0.0,1276,XIC,NA,NA,NA,NA,0.0,0,-23.0,-4.62,[],0,0,[],[]
41638060,41638920,OCH,CXN,0.0,1276,XIC,RC,0,NT,FH,0.0,0,-38.83,-28.98,[],0,0,[],[]
41638920,41640760,NA,OLF,0.0,1276,XIC,NA,NA,NA,NA,0.0,0,-41.13,-34.47,[],0,0,[],[]
41640760,41641760,NA,MAF,0.0,1276,XIC,NA,NA,NA,NA,0.0,0,-34.48,-19.54,[],0,0,[],[]
41641760,41643660,NA,NOF,0.0,1276,XIC,NA,NA,NA,NA,0.0,0,-35.9,-21.48,[],0,0,[],[]
41643660,41644950,MAL,MAN,8.92,1276,XIC,RC,0,TIMI,FI,0.0,0,-36.7,-28.76,[],0,0,[],[]
41644950,41648720,NA,OLF,0.0,1276,XIC,NA,NA,NA,NA,0.0,0,-29.19,-7.18,[],0,0,[],[]
41648720,41649540,NA,NON,0.0,1276,XIC,NA,NA,NA,NA,0.0,0,-35.34,-28.47,[],0,0,[],[]
41649540,41650590,CHI,CHN,0.0,1276,XIC,RC,1,TIMR,FI,1.0,1050,-31.46,-23.3,"[{'Canonical-syllable': '0', 'Growl': '1', 'High-freq-energy': '1', 'Long-island': '0', 'Low-tilt-spectrum': '1', 'Medium-island': '0', 'Short-island': '0', 'Squeal': '0', 'Typical-entropy': '1', 'Voicing-quality': '1', 'Wide-band': '0', 'Xlong-island': '1', 'seq': '1', 'end': 41650.59, 'start': 41649.54}]",0,0,[],[]
41650590,41651700,NA,OLN,0.0,1276,XIC,NA,NA,NA,NA,0.0,0,-28.32,-20.01,[],0,0,[],[]
41651700,41652540,OCH,CXN,0.0,1276,XIC,RC,1,NT,FI,0.0,0,-33.33,-26.09,[],0,0,[],[]
41652540,41653790,NA,OLN,0.0,1276,XIC,NA,NA,NA,NA,0.0,0,-27.3,-17.07,[],0,0,[],[]
41653790,41654930,OCH,CXN,0.0,1276,XIC,EC,1,NT,FH,0.0,0,-29.57,-21.24,[],0,0,[],[]
41654930,41656040,NA,MAF,0.0,1277,pause,NA,NA,NA,NA,0.0,0,-38.98,-29.29,[],0,0,[],[]
41656040,41660850,NA,OLF,0.0,1277,pause,NA,NA,NA,NA,0.0,0,-40.49,-28.1,[],0,0,[],[]
41660850,41662020,NA,MAF,0.0,1277,pause,NA,NA,NA,NA,0.0,0,-39.36,-30.6,[],0,0,[],[]
41662020,41663090,NA,OLF,0.0,1277,pause,NA,NA,NA,NA,0.0,0,-34.32,-19.06,[],0,0,[],[]
41663090,41663890,OCH,CXN,0.0,1277,XM,EC,0,NT,FI,0.0,0,-40.58,-29.96,[],0,0,[],[]
41663890,41664890,NA,MAF,0.0,1278,pause,NA,NA,NA,NA,0.0,0,-47.34,-39.25,[],0,0,[],[]
41664890,41665850,NA,SIL,0.0,1278,pause,NA,NA,NA,NA,0.0,0,-49.4,-41.91,[],0,0,[],[]
41665850,41667070,NA,TVF,0.0,1278,pause,NA,NA,NA,NA,0.0,0,-46.42,-36.95,[],0,0,[],[]
41667070,41668050,NA,NOF,0.0,1278,pause,NA,NA,NA,NA,0.0,0,-21.83,-5.88,[],0,0,[],[]
41668050,41668850,NA,OLF,0.0,1278,pause,NA,NA,NA,NA,0.0,0,-28.52,-12.61,[],0,0,[],[]
41668850,41669710,NA,NOF,0.0,1278,pause,NA,NA,NA,NA,0.0,0,-46.92,-38.13,[],0,0,[],[]
41669710,41670740,NA,OLF,0.0,1278,pause,NA,NA,NA,NA,0.0,0,-36.96,-30.01,[],0,0,[],[]
41670740,41671760,NA,FAF,0.0,1278,pause,NA,NA,NA,NA,0.0,0,-37.0,-29.95,[],0,0,[],[]
41671760,41672770,NA,OLF,0.0,1278,pause,NA,NA,NA,NA,0.0,0,-39.72,-29.71,[],0,0,[],[]
41672770,41673570,NA,NOF,0.0,1278,pause,NA,NA,NA,NA,0.0,0,-50.42,-45.19,[],0,0,[],[]
41673570,41674370,NA,OLF,0.0,1278,pause,NA,NA,NA,NA,0.0,0,-41.07,-33.92,[],0,0,[],[]
41674370,41675190,NA,NOF,0.0,1278,pause,NA,NA,NA,NA,0.0,0,-40.14,-29.35,[],0,0,[],[]
41675190,41678550,NA,OLN,0.0,1278,pause,NA,NA,NA,NA,0.0,0,-30.11,-11.21,[],0,0,[],[]
41678550,41679710,NA,NOF,0.0,1278,pause,NA,NA,NA,NA,0.0,0,-47.62,-40.63,[],0,0,[],[]
41679710,41680550,NA,OLF,0.0,1278,pause,NA,NA,NA,NA,0.0,0,-40.48,-29.91,[],0,0,[],[]
41680550,41681550,NA,MAF,0.0,1278,pause,NA,NA,NA,NA,0.0,0,-42.26,-36.63,[],0,0,[],[]
41681550,41682350,NA,OLN,0.0,1278,pause,NA,NA,NA,NA,0.0,0,-27.0,-19.51,[],0,0,[],[]
41682350,41683510,OCH,CXN,0.0,1278,XIOCAC,BC,0,NT,FI,0.0,0,-29.49,-23.56,[],0,0,[],[]
41683510,41684110,OCH,CXN,0.0,1278,XIOCAC,RC,0,NT,FH,0.0,0,-28.13,-21.37,[],0,0,[],[]
41684110,41685520,FEM,FAN,3.82,1278,XIOCAC,RC,0,NT,FI,0.0,0,-25.64,-16.4,[],0,0,[],[]
41685520,41686320,OCH,CXN,0.0,1278,XIOCAC,RC,0,NT,FI,0.0,0,-29.88,-22.33,[],0,0,[],[]
41686320,41689090,NA,OLF,0.0,1278,XIOCAC,NA,NA,NA,NA,0.0,0,-36.16,-22.89,[],0,0,[],[]
41689090,41689890,OCH,CXN,0.0,1278,XIOCAC,RC,0,NT,FH,0.0,0,-20.2,-9.75,[],0,0,[],[]
41689890,41690730,CHI,CHN,0.0,1278,XIOCAC,RC,0,NT,FI,1.0,750,-24.37,-17.93,"[{'Canonical-syllable': '0', 'Growl': '0', 'High-freq-energy': '1', 'Long-island': '1', 'Low-tilt-spectrum': '1', 'Medium-island': '0', 'Short-island': '0', 'Squeal': '0', 'Typical-entropy': '1', 'Voicing-quality': '1', 'Wide-band': '0', 'Xlong-island': '0', 'seq': '1', 'end': 41690.64, 'start': 41689.89}]",0,0,[],[]
41690730,41691800,CHI,CHN,0.0,1278,XIOCAC,RC,0,NT,FH,1.0,350,-19.91,-9.6,"[{'Canonical-syllable': '1', 'Growl': '0', 'High-freq-energy': '0', 'Long-island': '0', 'Low-tilt-spectrum': '1', 'Medium-island': '0', 'Short-island': '1', 'Squeal': '0', 'Typical-entropy': '2', 'Voicing-quality': '2', 'Wide-band': '0', 'Xlong-island': '0', 'seq': '1', 'end': 41691.49, 'start': 41691.14}]",0,0,[],[]
41691800,41692620,NA,NON,0.0,1278,XIOCAC,NA,NA,NA,NA,0.0,0,-37.73,-29.95,[],0,0,[],[]
41692620,41694780,NA,OLN,0.0,1278,XIOCAC,NA,NA,NA,NA,0.0,0,-33.96,-28.3,[],0,0,[],[]
41694780,41695380,CHI,CHN,0.0,1278,XIOCAC,RC,0,NT,FH,1.0,600,-32.17,-28.26,"[{'Canonical-syllable': '0', 'Growl': '1', 'High-freq-energy': '1', 'Long-island': '0', 'Low-tilt-spectrum': '1', 'Medium-island': '1', 'Short-island': '0', 'Squeal': '0', 'Typical-entropy': '1', 'Voicing-quality': '1', 'Wide-band': '0', 'Xlong-island': '0', 'seq': '1', 'end': 41695.38, 'start': 41694.78}]",0,0,[],[]
41695380,41696230,NA,NON,0.0,1278,XIOCAC,NA,NA,NA,NA,0.0,0,-36.75,-29.33,[],0,0,[],[]
41696230,41697010,CHI,CHN,0.0,1278,XIOCAC,RC,0,NT,FH,1.0,780,-32.09,-20.08,"[{'Canonical-syllable': '0', 'Growl': '1', 'High-freq-energy': '1', 'Long-island': '1', 'Low-tilt-spectrum': '1', 'Medium-island': '0', 'Short-island': '0', 'Squeal': '0', 'Typical-entropy': '1', 'Voicing-quality': '0', 'Wide-band': '0', 'Xlong-island': '0', 'seq': '1', 'end': 41697.01, 'start': 41696.23}]",0,0,[],[]
41697010,41699720,NA,NOF,0.0,1278,XIOCAC,NA,NA,NA,NA,0.0,0,-31.7,-9.46,[],0,0,[],[]
41699720,41700660,NA,OLF,0.0,1278,XIOCAC,NA,NA,NA,NA,0.0,0,-28.43,-11.41,[],0,0,[],[]
41700660,41701660,OCH,CXN,0.0,1278,XIOCAC,EC,0,NT,FI,0.0,0,-27.3,-18.47,[],0,0,[],[]
41701660,41702500,NA,OLF,0.0,1279,pause,NA,NA,NA,NA,0.0,0,-39.71,-32.89,[],0,0,[],[]
41702500,41703770,NA,NOF,0.0,1279,pause,NA,NA,NA,NA,0.0,0,-42.46,-35.4,[],0,0,[],[]
41703770,41704600,NA,OLN,0.0,1279,pause,NA,NA,NA,NA,0.0,0,-38.3,-29.8,[],0,0,[],[]
41704600,41706870,NA,NOF,0.0,1279,pause,NA,NA,NA,NA,0.0,0,-33.61,-16.08,[],0,0,[],[]
41706870,41707680,NA,SIL,0.0,1279,pause,NA,NA,NA,NA,0.0,0,-48.18,-40.74,[],0,0,[],[]
41707680,41709060,NA,MAF,0.0,1279,pause,NA,NA,NA,NA,0.0,0,-40.68,-35.55,[],0,0,[],[]
41709060,41710190,NA,NOF,0.0,1279,pause,NA,NA,NA,NA,0.0,0,-43.15,-34.3,[],0,0,[],[]
41710190,41711190,NA,MAF,0.0,1279,pause,NA,NA,NA,NA,0.0,0,-47.32,-41.3,[],0,0,[],[]
41711190,41712580,OCH,CXN,0.0,1279,XM,EC,0,NT,FI,0.0,0,-28.98,-16.4,[],0,0,[],[]
41712580,41713520,NA,OLF,0.0,1280,pause,NA,NA,NA,NA,0.0,0,-39.46,-31.82,[],0,0,[],[]
41713520,41715450,NA,FAF,0.0,1280,pause,NA,NA,NA,NA,0.0,0,-40.26,-27.12,[],0,0,[],[]
41715450,41716380,NA,SIL,0.0,1280,pause,NA,NA,NA,NA,0.0,0,-49.93,-45.03,[],0,0,[],[]
41716380,41717660,NA,OLF,0.0,1280,pause,NA,NA,NA,NA,0.0,0,-48.99,-43.79,[],0,0,[],[]
41717660,41718680,NA,MAF,0.0,1280,pause,NA,NA,NA,NA,0.0,0,-47.53,-38.08,[],0,0,[],[]
41718680,41719640,NA,SIL,0.0,1280,pause,NA,NA,NA,NA,0.0,0,-51.94,-47.15,[],0,0,[],[]
41719640,41720520,NA,OLF,0.0,1280,pause,NA,NA,NA,NA,0.0,0,-42.3,-30.94,[],0,0,[],[]
41720520,41721380,NA,CXF,0.0,1280,pause,NA,NA,NA,NA,0.0,0,-39.48,-29.45,[],0,0,[],[]
41721380,41722380,NA,FAF,0.0,1280,pause,NA,NA,NA,NA,0.0,0,-44.44,-35.23,[],0,0,[],[]
41722380,41723210,NA,NOF,0.0,1280,pause,NA,NA,NA,NA,0.0,0,-48.02,-41.21,[],0,0,[],[]
41723210,41724390,NA,MAF,0.0,1280,pause,NA,NA,NA,NA,0.0,0,-38.65,-26.83,[],0,0,[],[]
41724390,41725510,NA,OLF,0.0,1280,pause,NA,NA,NA,NA,0.0,0,-40.29,-31.37,[],0,0,[],[]
41725510,41726390,NA,NOF,0.0,1280,pause,NA,NA,NA,NA,0.0,0,-47.38,-34.64,[],0,0,[],[]
41726390,41727210,NA,SIL,0.0,1280,pause,NA,NA,NA,NA,0.0,0,-50.19,-43.42,[],0,0,[],[]
41727210,41728010,NA,OLF,0.0,1280,pause,NA,NA,NA,NA,0.0,0,-43.42,-36.45,[],0,0,[],[]
41728010,41728810,NA,NOF,0.0,1280,pause,NA,NA,NA,NA,0.0,0,-36.02,-26.29,[],0,0,[],[]
41728810,41729890,NA,OLF,0.0,1280,pause,NA,NA,NA,NA,0.0,0,-39.89,-31.77,[],0,0,[],[]
41729890,41732390,NA,NON,0.0,1280,pause,NA,NA,NA,NA,0.0,0,-34.29,-16.5,[],0,0,[],[]
41732390,41733230,NA,OLF,0.0,1280,pause,NA,NA,NA,NA,0.0,0,-38.52,-31.68,[],0,0,[],[]
41733230,41734250,NA,FAF,0.0,1280,pause,NA,NA,NA,NA,0.0,0,-39.79,-29.07,[],0,0,[],[]
41734250,41735760,NA,OLF,0.0,1280,pause,NA,NA,NA,NA,0.0,0,-40.42,-26.99,[],0,0,[],[]
41735760,41737180,NA,NOF,0.0,1280,pause,NA,NA,NA,NA,0.0,0,-41.84,-27.94,[],0,0,[],[]
41737180,41742510,NA,OLN,0.0,1280,pause,NA,NA,NA,NA,0.0,0,-32.41,-18.05,[],0,0,[],[]
41742510,41743330,NA,NON,0.0,1280,pause,NA,NA,NA,NA,0.0,0,-35.67,-28.86,[],0,0,[],[]
41743330,41744140,NA,OLN,0.0,1280,pause,NA,NA,NA,NA,0.0,0,-35.61,-28.46,[],0,0,[],[]
41744140,41744980,NA,NOF,0.0,1280,pause,NA,NA,NA,NA,0.0,0,-46.8,-43.06,[],0,0,[],[]
41744980,41745590,CHI,CHN,0.0,1280,pause,NA,NA,NA,NA,0.0,0,-15.13,-6.18,[],0,610,"[{'start': 41744.98, 'end': 41745.59}]",[]
41745590,41747380,OCH,CXN,0.0,1280,XIOCC,BC,0,NT,FI,0.0,0,-22.21,-8.83,[],0,0,[],[]
41747380,41748180,CHI,CHN,0.0,1280,XIOCC,NA,NA,NA,NA,0.0,0,-14.78,-6.52,[],0,800,"[{'start': 41747.38, 'end': 41748.18}]",[]
41748180,41749850,CHI,CHN,0.0,1280,XIOCC,RC,0,NT,FI,2.0,1330,-17.3,-9.19,"[{'Canonical-syllable': '0', 'Growl': '0', 'High-freq-energy': '0', 'Long-island': '0', 'Low-tilt-spectrum': '0', 'Medium-island': '0', 'Short-island': '1', 'Squeal': '0', 'Typical-entropy': '0', 'Voicing-quality': '1', 'Wide-band': '0', 'Xlong-island': '0', 'seq': '1', 'end': 41748.38, 'start': 41748.18}, {'Canonical-syllable': '1', 'Growl': '0', 'High-freq-energy': '0', 'Long-island': '0', 'Low-tilt-spectrum': '1', 'Medium-island': '0', 'Short-island': '4', 'Squeal': '0', 'Typical-entropy': '2', 'Voicing-quality': '4', 'Wide-band': '1', 'Xlong-island': '0', 'seq': '2', 'end': 41749.85, 'start': 41748.72}]",0,0,[],[]
41749850,41750650,NA,OLN,0.0,1280,XIOCC,NA,NA,NA,NA,0.0,0,-26.58,-14.08,[],0,0,[],[]
41750650,41751450,OCH,CXN,0.0,1280,XIOCC,RC,0,NT,FI,0.0,0,-14.96,-7.71,[],0,0,[],[]
41751450,41752060,CHI,CHN,0.0,1280,XIOCC,RC,0,NT,FI,1.0,610,-16.35,-8.83,"[{'Canonical-syllable': '0', 'Growl': '0', 'High-freq-energy': '0', 'Long-island': '0', 'Low-tilt-spectrum': '0', 'Medium-island': '1', 'Short-island': '0', 'Squeal': '0', 'Typical-entropy': '1', 'Voicing-quality': '1', 'Wide-band': '0', 'Xlong-island': '0', 'seq': '1', 'end': 41752.06, 'start': 41751.45}]",0,0,[],[]
41752060,41753070,NA,OLF,0.0,1280,XIOCC,NA,NA,NA,NA,0.0,0,-41.46,-31.12,[],0,0,[],[]
41753070,41754020,OCH,CXN,0.0,1280,XIOCC,EC,0,NT,FI,0.0,0,-33.38,-23.18,[],0,0,[],[]
41754020,41755040,NA,NOF,0.0,1281,pause,NA,NA,NA,NA,0.0,0,-41.33,-31.29,[],0,0,[],[]
41755040,41755840,NA,OLN,0.0,1281,pause,NA,NA,NA,NA,0.0,0,-34.74,-24.33,[],0,0,[],[]
41755840,41757180,NA,NOF,0.0,1281,pause,NA,NA,NA,NA,0.0,0,-39.53,-25.12,[],0,0,[],[]
41757180,41757980,NA,OLF,0.0,1281,pause,NA,NA,NA,NA,0.0,0,-46.04,-42.01,[],0,0,[],[]
41757980,41758790,NA,NOF,0.0,1281,pause,NA,NA,NA,NA,0.0,0,-48.73,-46.38,[],0,0,[],[]
41758790,41759590,NA,OLF,0.0,1281,pause,NA,NA,NA,NA,0.0,0,-44.8,-38.27,[],0,0,[],[]
41759590,41760880,NA,SIL,0.0,1281,pause,NA,NA,NA,NA,0.0,0,-50.34,-46.2,[],0,0,[],[]
41760880,41761710,NA,CXF,0.0,1281,pause,NA,NA,NA,NA,0.0,0,-33.97,-25.39,[],0,0,[],[]
41761710,41762660,NA,NON,0.0,1281,pause,NA,NA,NA,NA,0.0,0,-18.43,-3.08,[],0,0,[],[]
41762660,41764040,NA,OLN,0.0,1281,pause,NA,NA,NA,NA,0.0,0,-15.09,-3.48,[],0,0,[],[]
41764040,41764840,NA,OLF,0.0,1281,pause,NA,NA,NA,NA,0.0,0,-15.09,-3.7,[],0,0,[],[]
41764840,41765640,OCH,CXN,0.0,1281,XM,EC,0,NT,FI,0.0,0,-29.16,-22.45,[],0,0,[],[]
41765640,41766910,NA,OLN,0.0,1282,pause,NA,NA,NA,NA,0.0,0,-17.78,-3.64,[],0,0,[],[]
41766910,41768170,NA,NOF,0.0,1282,pause,NA,NA,NA,NA,0.0,0,-36.99,-21.7,[],0,0,[],[]
41768170,41770720,NA,OLN,0.0,1282,pause,NA,NA,NA,NA,0.0,0,-32.43,-13.68,[],0,0,[],[]
41770720,41771730,NA,FAF,0.0,1282,pause,NA,NA,NA,NA,0.0,0,-42.74,-36.97,[],0,0,[],[]
41771730,41773180,NA,OLF,0.0,1282,pause,NA,NA,NA,NA,0.0,0,-38.35,-30.24,[],0,0,[],[]
41773180,41774000,NA,CXF,0.0,1282,pause,NA,NA,NA,NA,0.0,0,-38.78,-33.18,[],0,0,[],[]
41774000,41774910,NA,OLN,0.0,1282,pause,NA,NA,NA,NA,0.0,0,-30.96,-17.14,[],0,0,[],[]
41774910,41775960,NA,FAF,0.0,1282,pause,NA,NA,NA,NA,0.0,0,-35.7,-23.54,[],0,0,[],[]
41775960,41778050,NA,OLF,0.0,1282,pause,NA,NA,NA,NA,0.0,0,-39.01,-32.68,[],0,0,[],[]
41778050,41779810,NA,MAF,0.0,1282,pause,NA,NA,NA,NA,0.0,0,-39.62,-28.0,[],0,0,[],[]
41779810,41780620,NA,FAF,0.0,1282,pause,NA,NA,NA,NA,0.0,0,-46.24,-36.49,[],0,0,[],[]
41780620,41781220,NA,CHF,0.0,1282,CIC,BC,0,TIMI,FI,1.0,600,-40.23,-34.76,"[{'Canonical-syllable': '0', 'Growl': '0', 'High-freq-energy': '0', 'Long-island': '0', 'Low-tilt-spectrum': '1', 'Medium-island': '1', 'Short-island': '0', 'Squeal': '0', 'Typical-entropy': '0', 'Voicing-quality': '1', 'Wide-band': '0', 'Xlong-island': '0', 'seq': '1', 'end': 41781.22, 'start': 41780.62}]",0,0,[],[]
41781220,41783010,NA,FAF,0.0,1282,CIC,NA,NA,NA,NA,0.0,0,-40.31,-32.39,[],0,0,[],[]
41783010,41784090,MAL,MAN,2.61,1282,CIC,RC,1,TIMR,FI,0.0,0,-37.53,-28.53,[],0,0,[],[]
41784090,41785320,FEM,FAN,1.24,1282,CIC,EC,1,NT,FI,0.0,0,-39.62,-32.31,[],0,0,[],[]
41785320,41796210,NA,OLN,0.0,1283,pause,NA,NA,NA,NA,0.0,0,-27.32,-6.24,[],0,0,[],[]
41796210,41797110,NA,FAF,0.0,1283,pause,NA,NA,NA,NA,0.0,0,-46.98,-40.95,[],0,0,[],[]
41797110,41799260,NA,OLF,0.0,1283,pause,NA,NA,NA,NA,0.0,0,-37.89,-23.73,[],0,0,[],[]
41799260,41800300,NA,MAF,0.0,1283,pause,NA,NA,NA,NA,0.0,0,-45.14,-39.32,[],0,0,[],[]
41800300,41801370,NA,OLN,0.0,1283,pause,NA,NA,NA,NA,0.0,0,-33.54,-28.39,[],0,0,[],[]
41801370,41802380,FEM,FAN,3.16,1283,AMF,EC,0,NT,FI,0.0,0,-36.26,-29.27,[],0,0,[],[]
41802380,41803190,NA,CXF,0.0,1284,pause,NA,NA,NA,NA,0.0,0,-40.25,-34.78,[],0,0,[],[]
41803190,41804590,NA,MAF,0.0,1284,pause,NA,NA,NA,NA,0.0,0,-39.17,-30.84,[],0,0,[],[]
41804590,41806200,NA,OLN,0.0,1284,pause,NA,NA,NA,NA,0.0,0,-32.42,-23.63,[],0,0,[],[]
41806200,41808000,NA,CXF,0.0,1284,pause,NA,NA,NA,NA,0.0,0,-36.59,-28.51,[],0,0,[],[]
41808000,41809860,NA,OLF,0.0,1284,pause,NA,NA,NA,NA,0.0,0,-34.32,-27.17,[],0,0,[],[]
41809860,41811090,OCH,CXN,0.0,1284,XM,BC,0,NT,FI,0.0,0,-38.96,-26.24,[],0,0,[],[]
41811090,41811690,OCH,CXN,0.0,1284,XM,EC,0,NT,FH,0.0,0,-29.93,-15.07,[],0,0,[],[]
41811690,41812740,NA,FAF,0.0,1285,pause,NA,NA,NA,NA,0.0,0,-46.16,-38.11,[],0,0,[],[]
41812740,41813940,NA,CXF,0.0,1285,pause,NA,NA,NA,NA,0.0,0,-38.64,-32.48,[],0,0,[],[]
41813940,41819260,NA,OLF,0.0,1285,pause,NA,NA,NA,NA,0.0,0,-26.18,-2.84,[],0,0,[],[]
41819260,41820290,NA,FAF,0.0,1285,pause,NA,NA,NA,NA,0.0,0,-40.34,-31.71,[],0,0,[],[]
41820290,41821090,NA,OLF,0.0,1285,pause,NA,NA,NA,NA,0.0,0,-38.6,-30.68,[],0,0,[],[]
41821090,41822380,NA,FAF,0.0,1285,pause,NA,NA,NA,NA,0.0,0,-40.11,-34.8,[],0,0,[],[]
41822380,41823190,OCH,CXN,0.0,1285,XM,EC,0,NT,FI,0.0,0,-30.64,-18.4,[],0,0,[],[]
41823190,41826280,NA,OLN,0.0,1286,pause,NA,NA,NA,NA,0.0,0,-32.87,-23.94,[],0,0,[],[]
41826280,41827280,NA,FAF,0.0,1286,pause,NA,NA,NA,NA,0.0,0,-37.49,-31.18,[],0,0,[],[]
41827280,41832630,NA,OLN,0.0,1286,pause,NA,NA,NA,NA,0.0,0,-24.36,-6.22,[],0,0,[],[]
41832630,41833670,NA,FAF,0.0,1286,pause,NA,NA,NA,NA,0.0,0,-42.65,-37.22,[],0,0,[],[]
41833670,41834470,NA,OLF,0.0,1286,pause,NA,NA,NA,NA,0.0,0,-26.19,-8.19,[],0,0,[],[]
41834470,41835470,NA,MAF,0.0,1286,pause,NA,NA,NA,NA,0.0,0,-40.4,-35.72,[],0,0,[],[]
41835470,41836410,NA,OLF,0.0,1286,pause,NA,NA,NA,NA,0.0,0,-42.72,-35.94,[],0,0,[],[]
41836410,41837230,NA,MAF,0.0,1286,pause,NA,NA,NA,NA,0.0,0,-45.89,-40.22,[],0,0,[],[]
41837230,41838050,NA,NOF,0.0,1286,pause,NA,NA,NA,NA,0.0,0,-19.2,-8.09,[],0,0,[],[]
41838050,41840880,NA,OLN,0.0,1286,pause,NA,NA,NA,NA,0.0,0,-21.43,-4.59,[],0,0,[],[]
41840880,41841890,NA,FAF,0.0,1286,pause,NA,NA,NA,NA,0.0,0,-37.73,-30.46,[],0,0,[],[]
41841890,41843600,NA,OLN,0.0,1286,pause,NA,NA,NA,NA,0.0,0,-30.4,-14.54,[],0,0,[],[]
41843600,41845090,OCH,CXN,0.0,1286,XIOCAC,BC,0,NT,FI,0.0,0,-22.75,-12.03,[],0,0,[],[]
41845090,41846400,NA,NOF,0.0,1286,XIOCAC,NA,NA,NA,NA,0.0,0,-35.95,-18.53,[],0,0,[],[]
41846400,41847740,MAL,MAN,5.51,1286,XIOCAC,RC,0,NT,FI,0.0,0,-29.84,-23.2,[],0,0,[],[]
41847740,41849880,FEM,FAN,8.99,1286,XIOCAC,RC,0,NT,FI,0.0,0,-25.87,-16.49,[],0,0,[],[]
41849880,41851950,NA,OLN,0.0,1286,XIOCAC,NA,NA,NA,NA,0.0,0,-21.24,-5.85,[],0,0,[],[]
41851950,41852550,OCH,CXN,0.0,1286,XIOCAC,RC,0,NT,FI,0.0,0,-38.38,-29.1,[],0,0,[],[]
41852550,41853370,NA,OLF,0.0,1286,XIOCAC,NA,NA,NA,NA,0.0,0,-36.26,-28.72,[],0,0,[],[]
41853370,41854380,OCH,CXN,0.0,1286,XIOCAC,RC,0,NT,FH,0.0,0,-17.68,-11.61,[],0,0,[],[]
41854380,41855390,NA,OLN,0.0,1286,XIOCAC,NA,NA,NA,NA,0.0,0,-30.35,-20.15,[],0,0,[],[]
41855390,41856390,OCH,CXN,0.0,1286,XIOCAC,RC,0,NT,FH,0.0,0,-19.04,-10.9,[],0,0,[],[]
41856390,41857290,NA,OLN,0.0,1286,XIOCAC,NA,NA,NA,NA,0.0,0,-24.92,-18.17,[],0,0,[],[]
41857290,41858390,OCH,CXN,0.0,1286,XIOCAC,RC,0,NT,FH,0.0,0,-25.2,-16.79,[],0,0,[],[]
41858390,41859200,NA,OLN,0.0,1286,XIOCAC,NA,NA,NA,NA,0.0,0,-24.62,-16.32,[],0,0,[],[]
41859200,41860630,FEM,FAN,5.33,1286,XIOCAC,RC,0,NT,FI,0.0,0,-24.96,-14.86,[],0,0,[],[]
41860630,41861820,NA,OLF,0.0,1286,XIOCAC,NA,NA,NA,NA,0.0,0,-25.85,-8.12,[],0,0,[],[]
41861820,41862900,OCH,CXN,0.0,1286,XIOCAC,RC,0,NT,FI,0.0,0,-16.24,-9.79,[],0,0,[],[]
41862900,41865600,NA,OLN,0.0,1286,XIOCAC,NA,NA,NA,NA,0.0,0,-23.96,-12.38,[],0,0,[],[]
41865600,41866610,OCH,CXN,0.0,1286,XIOCAC,RC,0,NT,FH,0.0,0,-16.96,-8.54,[],0,0,[],[]
41866610,41867440,NA,OLN,0.0,1286,XIOCAC,NA,NA,NA,NA,0.0,0,-28.02,-16.04,[],0,0,[],[]
41867440,41868410,OCH,CXN,0.0,1286,XIOCAC,RC,0,NT,FH,0.0,0,-30.78,-18.11,[],0,0,[],[]
41868410,41869440,NA,OLN,0.0,1286,XIOCAC,NA,NA,NA,NA,0.0,0,-32.76,-20.61,[],0,0,[],[]
41869440,41870370,FEM,FAN,13.44,1286,XIOCAC,RC,0,NT,FI,0.0,0,-33.99,-27.38,[],0,0,[],[]
41870370,41871580,NA,OLF,0.0,1286,XIOCAC,NA,NA,NA,NA,0.0,0,-37.83,-30.18,[],0,0,[],[]
41871580,41872580,OCH,CXN,0.0,1286,XIOCAC,RC,0,NT,FI,0.0,0,-23.46,-16.86,[],0,0,[],[]
41872580,41874180,NA,OLF,0.0,1286,XIOCAC,NA,NA,NA,NA,0.0,0,-36.11,-21.37,[],0,0,[],[]
41874180,41876220,CHI,CHN,0.0,1286,XIOCAC,RC,0,NT,FI,1.0,1920,-16.38,-9.27,"[{'Canonical-syllable': '1', 'Growl': '0', 'High-freq-energy': '0', 'Long-island': '1', 'Low-tilt-spectrum': '0', 'Medium-island': '2', 'Short-island': '0', 'Squeal': '0', 'Typical-entropy': '2', 'Voicing-quality': '3', 'Wide-band': '0', 'Xlong-island': '0', 'seq': '1', 'end': 41876.1, 'start': 41874.18}]",0,0,[],[]
41876220,41877120,CHI,CHN,0.0,1286,XIOCAC,NA,NA,NA,NA,0.0,0,-16.09,-10.38,[],0,900,"[{'start': 41876.22, 'end': 41877.12}]",[]
41877120,41879530,NA,OLN,0.0,1286,XIOCAC,NA,NA,NA,NA,0.0,0,-30.82,-18.02,[],0,0,[],[]
41879530,41880730,OCH,CXN,0.0,1286,XIOCAC,RC,0,NT,FI,0.0,0,-15.11,-8.82,[],0,0,[],[]
41880730,41881650,NA,OLN,0.0,1286,XIOCAC,NA,NA,NA,NA,0.0,0,-17.1,-11.9,[],0,0,[],[]
41881650,41882720,NA,TVN,0.0,1286,XIOCAC,NA,NA,NA,NA,0.0,0,-27.8,-22.84,[],0,0,[],[]
41882720,41883320,OCH,CXN,0.0,1286,XIOCAC,EC,0,NT,FH,0.0,0,-15.72,-9.46,[],0,0,[],[]
41883320,41889680,NA,OLN,0.0,1287,pause,NA,NA,NA,NA,0.0,0,-20.83,-11.99,[],0,0,[],[]
41889680,41890350,CHI,CHN,0.0,1287,CM,EC,0,NT,FI,1.0,670,-20.41,-16.4,"[{'Canonical-syllable': '0', 'Growl': '0', 'High-freq-energy': '0', 'Long-island': '1', 'Low-tilt-spectrum': '1', 'Medium-island': '0', 'Short-island': '0', 'Squeal': '0', 'Typical-entropy': '1', 'Voicing-quality': '1', 'Wide-band': '0', 'Xlong-island': '0', 'seq': '1', 'end': 41890.35, 'start': 41889.68}]",0,0,[],[]
41890350,41891800,NA,OLN,0.0,1288,pause,NA,NA,NA,NA,0.0,0,-24.99,-18.84,[],0,0,[],[]
41891800,41893590,NA,TVN,0.0,1288,pause,NA,NA,NA,NA,0.0,0,-30.19,-24.98,[],0,0,[],[]
41893590,41895380,NA,OLN,0.0,1288,pause,NA,NA,NA,NA,0.0,0,-29.46,-21.4,[],0,0,[],[]
41895380,41896180,OCH,CXN,0.0,1288,XIOCC,BC,0,NT,FI,0.0,0,-22.6,-14.86,[],0,0,[],[]
41896180,41899620,NA,OLN,0.0,1288,XIOCC,NA,NA,NA,NA,0.0,0,-30.94,-22.19,[],0,0,[],[]
41899620,41901100,OCH,CXN,0.0,1288,XIOCC,RC,0,NT,FH,0.0,0,-16.9,-4.79,[],0,0,[],[]
41901100,41901900,NA,OLN,0.0,1288,XIOCC,NA,NA,NA,NA,0.0,0,-35.34,-29.24,[],0,0,[],[]
41901900,41903860,OCH,CXN,0.0,1288,XIOCC,RC,0,NT,FH,0.0,0,-17.11,-6.21,[],0,0,[],[]
41903860,41904490,OCH,CXN,0.0,1288,XIOCC,RC,0,NT,FH,0.0,0,-16.93,-10.31,[],0,0,[],[]
41904490,41905290,NA,OLF,0.0,1288,XIOCC,NA,NA,NA,NA,0.0,0,-34.36,-21.17,[],0,0,[],[]
41905290,41906090,OCH,CXN,0.0,1288,XIOCC,RC,0,NT,FH,0.0,0,-23.47,-16.25,[],0,0,[],[]
41906090,41906820,CHI,CHN,0.0,1288,XIOCC,RC,0,NT,FI,1.0,620,-17.89,-10.26,"[{'Canonical-syllable': '0', 'Growl': '0', 'High-freq-energy': '0', 'Long-island': '0', 'Low-tilt-spectrum': '2', 'Medium-island': '0', 'Short-island': '3', 'Squeal': '0', 'Typical-entropy': '3', 'Voicing-quality': '3', 'Wide-band': '0', 'Xlong-island': '0', 'seq': '1', 'end': 41906.71, 'start': 41906.09}]",0,0,[],[]
41906820,41907770,OCH,CXN,0.0,1288,XIOCC,RC,0,NT,FI,0.0,0,-30.42,-24.2,[],0,0,[],[]
41907770,41908570,NA,OLF,0.0,1288,XIOCC,NA,NA,NA,NA,0.0,0,-34.15,-26.13,[],0,0,[],[]
41908570,41909390,OCH,CXN,0.0,1288,XIOCC,EC,0,NT,FH,0.0,0,-35.23,-27.75,[],0,0,[],[]
41909390,41910640,NA,MAF,0.0,1289,pause,NA,NA,NA,NA,0.0,0,-37.75,-30.86,[],0,0,[],[]
41910640,41911440,NA,OLF,0.0,1289,pause,NA,NA,NA,NA,0.0,0,-43.23,-35.83,[],0,0,[],[]
41911440,41914390,NA,OLN,0.0,1289,pause,NA,NA,NA,NA,0.0,0,-34.86,-24.8,[],0,0,[],[]
41914390,41915950,OCH,CXN,0.0,1289,XIC,BC,0,NT,FI,0.0,0,-28.6,-21.06,[],0,0,[],[]
41915950,41916750,NA,OLF,0.0,1289,XIC,NA,NA,NA,NA,0.0,0,-30.45,-20.61,[],0,0,[],[]
41916750,41918040,OCH,CXN,0.0,1289,XIC,RC,0,NT,FH,0.0,0,-28.24,-21.8,[],0,0,[],[]
41918040,41919330,FEM,FAN,6.89,1289,XIC,RC,0,TIFI,FI,0.0,0,-28.29,-21.09,[],0,0,[],[]
41919330,41920250,CHI,CHN,0.0,1289,XIC,RC,1,TIFR,FI,1.0,920,-13.93,-4.19,"[{'Canonical-syllable': '0', 'Growl': '0', 'High-freq-energy': '0', 'Long-island': '0', 'Low-tilt-spectrum': '1', 'Medium-island': '2', 'Short-island': '0', 'Squeal': '0', 'Typical-entropy': '1', 'Voicing-quality': '2', 'Wide-band': '0', 'Xlong-island': '0', 'seq': '1', 'end': 41920.25, 'start': 41919.33}]",0,0,[],[]
41920250,41921050,OCH,CXN,0.0,1289,XIC,RC,1,NT,FI,0.0,0,-22.19,-12.15,[],0,0,[],[]
41921050,41922590,FEM,FAN,3.61,1289,XIC,RC,1,NT,FI,0.0,0,-27.1,-18.49,[],0,0,[],[]
41922590,41925720,NA,OLF,0.0,1289,XIC,NA,NA,NA,NA,0.0,0,-28.93,-11.5,[],0,0,[],[]
41925720,41926730,MAL,MAN,9.71,1289,XIC,RC,1,NT,FI,0.0,0,-35.72,-29.48,[],0,0,[],[]
41926730,41928040,NA,MAF,0.0,1289,XIC,NA,NA,NA,NA,0.0,0,-45.37,-33.16,[],0,0,[],[]
41928040,41929400,NA,OLN,0.0,1289,XIC,NA,NA,NA,NA,0.0,0,-36.41,-27.83,[],0,0,[],[]
41929400,41930700,NA,MAF,0.0,1289,XIC,NA,NA,NA,NA,0.0,0,-37.97,-29.18,[],0,0,[],[]
41930700,41931500,OCH,CXN,0.0,1289,XIC,EC,1,NT,FI,0.0,0,-41.49,-36.33,[],0,0,[],[]
41931500,41932830,NA,NOF,0.0,1290,pause,NA,NA,NA,NA,0.0,0,-44.31,-33.3,[],0,0,[],[]
41932830,41942960,NA,OLN,0.0,1290,pause,NA,NA,NA,NA,0.0,0,-28.02,-12.18,[],0,0,[],[]
41942960,41944470,FEM,FAN,9.6,1290,AMF,BC,0,NT,FI,0.0,0,-22.6,-13.24,[],0,0,[],[]
41944470,41947210,NA,OLN,0.0,1290,AMF,NA,NA,NA,NA,0.0,0,-22.57,-11.44,[],0,0,[],[]
41947210,41948220,MAL,MAN,3.77,1290,AMF,RC,0,NT,FI,0.0,0,-24.12,-16.89,[],0,0,[],[]
41948220,41951790,NA,OLN,0.0,1290,AMF,NA,NA,NA,NA,0.0,0,-26.28,-13.65,[],0,0,[],[]
41951790,41952790,FEM,FAN,3.06,1290,AMF,RC,0,NT,FI,0.0,0,-24.74,-16.87,[],0,0,[],[]
41952790,41953770,NA,OLN,0.0,1290,AMF,NA,NA,NA,NA,0.0,0,-24.04,-17.17,[],0,0,[],[]
41953770,41954870,MAL,MAN,3.13,1290,AMF,RC,0,NT,FI,0.0,0,-32.53,-24.36,[],0,0,[],[]
41954870,41955940,FEM,FAN,4.13,1290,AMF,RC,0,NT,FI,0.0,0,-26.34,-16.5,[],0,0,[],[]
41955940,41956940,MAL,MAN,2.73,1290,AMF,RC,0,NT,FI,0.0,0,-29.12,-20.85,[],0,0,[],[]
41956940,41958570,NA,OLN,0.0,1290,AMF,NA,NA,NA,NA,0.0,0,-30.54,-21.02,[],0,0,[],[]
41958570,41959600,FEM,FAN,6.35,1290,AMF,RC,0,NT,FI,0.0,0,-27.85,-20.18,[],0,0,[],[]
41959600,41963950,NA,OLN,0.0,1290,AMF,NA,NA,NA,NA,0.0,0,-24.33,-5.89,[],0,0,[],[]
41963950,41964950,FEM,FAN,4.7,1290,AMF,RC,0,NT,FH,0.0,0,-27.8,-19.11,[],0,0,[],[]
41964950,41966750,NA,OLN,0.0,1290,AMF,NA,NA,NA,NA,0.0,0,-21.29,-11.64,[],0,0,[],[]
41966750,41968080,FEM,FAN,5.35,1290,AMF,RC,0,NT,FH,0.0,0,-24.32,-16.33,[],0,0,[],[]
41968080,41971010,NA,OLN,0.0,1290,AMF,NA,NA,NA,NA,0.0,0,-19.14,-9.5,[],0,0,[],[]
41971010,41972120,MAL,MAN,3.12,1290,AMF,RC,0,NT,FI,0.0,0,-24.05,-15.36,[],0,0,[],[]
41972120,41972920,NA,OLN,0.0,1290,AMF,NA,NA,NA,NA,0.0,0,-34.84,-25.86,[],0,0,[],[]
41972920,41973730,NA,NOF,0.0,1290,AMF,NA,NA,NA,NA,0.0,0,-45.68,-38.25,[],0,0,[],[]
41973730,41974730,MAL,MAN,7.11,1290,AMF,RC,0,NT,FH,0.0,0,-22.99,-13.37,[],0,0,[],[]
41974730,41976950,NA,OLN,0.0,1290,AMF,NA,NA,NA,NA,0.0,0,-15.79,-3.61,[],0,0,[],[]
41976950,41978740,FEM,FAN,9.48,1290,AMF,EC,0,NT,FI,0.0,0,-27.18,-21.16,[],0,0,[],[]
41978740,41979860,NA,OLN,0.0,1291,pause,NA,NA,NA,NA,0.0,0,-23.4,-14.18,[],0,0,[],[]
41979860,41980660,NA,NOF,0.0,1291,pause,NA,NA,NA,NA,0.0,0,-36.03,-25.95,[],0,0,[],[]
41980660,41983950,NA,OLN,0.0,1291,pause,NA,NA,NA,NA,0.0,0,-25.09,-10.42,[],0,0,[],[]
41983950,41985030,FEM,FAN,4.72,1291,AIOCF,BC,0,NT,FI,0.0,0,-20.0,-8.8,[],0,0,[],[]
41985030,41988880,NA,OLN,0.0,1291,AIOCF,NA,NA,NA,NA,0.0,0,-27.63,-7.35,[],0,0,[],[]
41988880,41990600,OCH,CXN,0.0,1291,AIOCF,EC,0,NT,FI,0.0,0,-29.51,-20.23,[],0,0,[],[]
41990600,41994960,NA,OLN,0.0,1292,pause,NA,NA,NA,NA,0.0,0,-35.62,-27.38,[],0,0,[],[]
41994960,41995810,NA,NOF,0.0,1292,pause,NA,NA,NA,NA,0.0,0,-43.33,-34.13,[],0,0,[],[]
41995810,41996810,MAL,MAN,6.52,1292,AMM,EC,0,NT,FI,0.0,0,-34.4,-25.08,[],0,0,[],[]
41996810,41999700,NA,OLN,0.0,1293,pause,NA,NA,NA,NA,0.0,0,-35.42,-24.89,[],0,0,[],[]
41999700,42000710,NA,NOF,0.0,1293,pause,NA,NA,NA,NA,0.0,0,-34.14,-25.18,[],0,0,[],[]
42000710,42003300,NA,OLF,0.0,1293,pause,NA,NA,NA,NA,0.0,0,-34.74,-19.29,[],0,0,[],[]
42003300,42004190,NA,NOF,0.0,1293,pause,NA,NA,NA,NA,0.0,0,-21.0,-7.52,[],0,0,[],[]
42004190,42010130,NA,OLN,0.0,1293,pause,NA,NA,NA,NA,0.0,0,-25.1,-4.31,[],0,0,[],[]
42010130,42010980,NA,NON,0.0,1293,pause,NA,NA,NA,NA,0.0,0,-31.79,-26.25,[],0,0,[],[]
42010980,42011930,OCH,CXN,0.0,1293,XM,EC,0,NT,FI,0.0,0,-33.93,-25.63,[],0,0,[],[]
42011930,42018560,NA,OLN,0.0,1294,pause,NA,NA,NA,NA,0.0,0,-25.62,-6.2,[],0,0,[],[]
42018560,42021060,NA,NOF,0.0,1294,pause,NA,NA,NA,NA,0.0,0,-32.0,-12.39,[],0,0,[],[]
42021060,42025730,NA,OLF,0.0,1294,pause,NA,NA,NA,NA,0.0,0,-39.1,-27.14,[],0,0,[],[]
42025730,42026850,NA,NOF,0.0,1294,pause,NA,NA,NA,NA,0.0,0,-36.35,-24.16,[],0,0,[],[]
42026850,42027650,NA,TVF,0.0,1294,pause,NA,NA,NA,NA,0.0,0,-46.47,-39.67,[],0,0,[],[]
42027650,42028950,NA,OLF,0.0,1294,pause,NA,NA,NA,NA,0.0,0,-39.79,-26.64,[],0,0,[],[]
42028950,42029780,NA,NOF,0.0,1294,pause,NA,NA,NA,NA,0.0,0,-23.26,-9.24,[],0,0,[],[]
42029780,42038000,NA,OLN,0.0,1294,pause,NA,NA,NA,NA,0.0,0,-30.35,-11.16,[],0,0,[],[]
42038000,42039000,OCH,CXN,0.0,1294,XM,EC,0,NT,FI,0.0,0,-21.5,-15.23,[],0,0,[],[]
42039000,42040010,NA,OLN,0.0,1295,pause,NA,NA,NA,NA,0.0,0,-22.72,-8.95,[],0,0,[],[]
42040010,42041240,NA,NON,0.0,1295,pause,NA,NA,NA,NA,0.0,0,-16.1,-3.01,[],0,0,[],[]
42041240,42042080,NA,OLN,0.0,1295,pause,NA,NA,NA,NA,0.0,0,-32.97,-26.83,[],0,0,[],[]
42042080,42042880,NA,NON,0.0,1295,pause,NA,NA,NA,NA,0.0,0,-35.36,-27.69,[],0,0,[],[]
42042880,42044240,NA,OLN,0.0,1295,pause,NA,NA,NA,NA,0.0,0,-32.35,-21.67,[],0,0,[],[]
42044240,42047110,NA,NON,0.0,1295,pause,NA,NA,NA,NA,0.0,0,-18.22,-3.94,[],0,0,[],[]
42047110,42047920,NA,OLN,0.0,1295,pause,NA,NA,NA,NA,0.0,0,-34.65,-26.36,[],0,0,[],[]
42047920,42048820,NA,NON,0.0,1295,pause,NA,NA,NA,NA,0.0,0,-34.17,-27.53,[],0,0,[],[]
42048820,42050030,NA,OLN,0.0,1295,pause,NA,NA,NA,NA,0.0,0,-35.46,-29.33,[],0,0,[],[]
42050030,42051010,NA,NON,0.0,1295,pause,NA,NA,NA,NA,0.0,0,-37.56,-30.99,[],0,0,[],[]
42051010,42051970,NA,OLN,0.0,1295,pause,NA,NA,NA,NA,0.0,0,-34.87,-26.47,[],0,0,[],[]
42051970,42052780,NA,NON,0.0,1295,pause,NA,NA,NA,NA,0.0,0,-35.25,-27.04,[],0,0,[],[]
42052780,42053760,NA,OLN,0.0,1295,pause,NA,NA,NA,NA,0.0,0,-36.81,-30.25,[],0,0,[],[]
42053760,42054760,NA,MAF,0.0,1295,pause,NA,NA,NA,NA,0.0,0,-43.41,-38.02,[],0,0,[],[]
42054760,42056040,NA,NON,0.0,1295,pause,NA,NA,NA,NA,0.0,0,-37.12,-27.61,[],0,0,[],[]
42056040,42057620,NA,OLN,0.0,1295,pause,NA,NA,NA,NA,0.0,0,-32.14,-20.93,[],0,0,[],[]
42057620,42059260,NA,NON,0.0,1295,pause,NA,NA,NA,NA,0.0,0,-36.53,-27.94,[],0,0,[],[]
42059260,42060720,NA,OLF,0.0,1295,pause,NA,NA,NA,NA,0.0,0,-38.99,-29.66,[],0,0,[],[]
42060720,42063740,NA,NON,0.0,1295,pause,NA,NA,NA,NA,0.0,0,-20.3,-3.2,[],0,0,[],[]
42063740,42064760,NA,OLN,0.0,1295,pause,NA,NA,NA,NA,0.0,0,-26.47,-13.88,[],0,0,[],[]
42064760,42065640,CHI,CHN,0.0,1295,CIOCX,BC,0,NT,FI,1.0,880,-14.78,-9.48,"[{'Canonical-syllable': '0', 'Growl': '0', 'High-freq-energy': '1', 'Long-island': '1', 'Low-tilt-spectrum': '1', 'Medium-island': '0', 'Short-island': '0', 'Squeal': '0', 'Typical-entropy': '1', 'Voicing-quality': '1', 'Wide-band': '0', 'Xlong-island': '0', 'seq': '1', 'end': 42065.64, 'start': 42064.76}]",0,0,[],[]
42065640,42066690,NA,OLN,0.0,1295,CIOCX,NA,NA,NA,NA,0.0,0,-30.39,-22.58,[],0,0,[],[]
42066690,42067300,CHI,CHN,0.0,1295,CIOCX,RC,0,NT,FH,1.0,610,-15.17,-8.97,"[{'Canonical-syllable': '1', 'Growl': '0', 'High-freq-energy': '0', 'Long-island': '0', 'Low-tilt-spectrum': '1', 'Medium-island': '1', 'Short-island': '0', 'Squeal': '0', 'Typical-entropy': '1', 'Voicing-quality': '1', 'Wide-band': '0', 'Xlong-island': '0', 'seq': '1', 'end': 42067.3, 'start': 42066.69}]",0,0,[],[]
42067300,42068320,CHI,CHN,0.0,1295,CIOCX,RC,0,NT,FH,1.0,1020,-18.22,-9.65,"[{'Canonical-syllable': '0', 'Growl': '2', 'High-freq-energy': '1', 'Long-island': '0', 'Low-tilt-spectrum': '2', 'Medium-island': '1', 'Short-island': '0', 'Squeal': '0', 'Typical-entropy': '2', 'Voicing-quality': '1', 'Wide-band': '1', 'Xlong-island': '0', 'seq': '1', 'end': 42068.32, 'start': 42067.3}]",0,0,[],[]
42068320,42069120,OCH,CXN,0.0,1295,CIOCX,RC,0,NT,FI,0.0,0,-18.11,-11.33,[],0,0,[],[]
42069120,42070180,OCH,CXN,0.0,1295,CIOCX,RC,0,NT,FH,0.0,0,-26.96,-13.93,[],0,0,[],[]
42070180,42071050,NA,OLN,0.0,1295,CIOCX,NA,NA,NA,NA,0.0,0,-24.52,-16.86,[],0,0,[],[]
42071050,42071850,OCH,CXN,0.0,1295,CIOCX,RC,0,NT,FH,0.0,0,-32.05,-25.89,[],0,0,[],[]
42071850,42072650,NA,OLN,0.0,1295,CIOCX,NA,NA,NA,NA,0.0,0,-27.29,-13.82,[],0,0,[],[]
42072650,42074330,OCH,CXN,0.0,1295,CIOCX,EC,0,NT,FH,0.0,0,-20.4,-10.81,[],0,0,[],[]
42074330,42075210,NA,NON,0.0,1296,pause,NA,NA,NA,NA,0.0,0,-34.16,-27.61,[],0,0,[],[]
42075210,42076540,NA,OLN,0.0,1296,pause,NA,NA,NA,NA,0.0,0,-25.28,-19.87,[],0,0,[],[]
42076540,42079110,NA,NON,0.0,1296,pause,NA,NA,NA,NA,0.0,0,-15.49,-2.24,[],0,0,[],[]
42079110,42080440,NA,OLN,0.0,1296,pause,NA,NA,NA,NA,0.0,0,-29.48,-23.16,[],0,0,[],[]
42080440,42081280,OCH,CXN,0.0,1296,XM,EC,0,NT,FI,0.0,0,-21.78,-5.29,[],0,0,[],[]
42081280,42082120,CHI,CHN,0.0,1297,pause,NA,NA,NA,NA,0.0,0,-26.34,-19.64,[],0,320,"[{'start': 42081.8, 'end': 42082.12}]",[]
42082120,42082920,NA,NOF,0.0,1297,pause,NA,NA,NA,NA,0.0,0,-40.28,-31.42,[],0,0,[],[]
42082920,42083960,NA,OLN,0.0,1297,pause,NA,NA,NA,NA,0.0,0,-27.74,-15.82,[],0,0,[],[]
42083960,42085970,NA,NON,0.0,1297,pause,NA,NA,NA,NA,0.0,0,-39.05,-32.36,[],0,0,[],[]
42085970,42086810,NA,OLN,0.0,1297,pause,NA,NA,NA,NA,0.0,0,-37.82,-31.0,[],0,0,[],[]
42086810,42087410,OCH,CXN,0.0,1297,XIOCC,BC,0,NT,FI,0.0,0,-20.07,-11.01,[],0,0,[],[]
42087410,42088470,NA,OLN,0.0,1297,XIOCC,NA,NA,NA,NA,0.0,0,-34.35,-28.56,[],0,0,[],[]
42088470,42089120,CHI,CHN,0.0,1297,XIOCC,RC,0,NT,FI,1.0,650,-15.77,-7.66,"[{'Canonical-syllable': '1', 'Growl': '0', 'High-freq-energy': '0', 'Long-island': '0', 'Low-tilt-spectrum': '2', 'Medium-island': '1', 'Short-island': '1', 'Squeal': '0', 'Typical-entropy': '2', 'Voicing-quality': '2', 'Wide-band': '0', 'Xlong-island': '0', 'seq': '1', 'end': 42089.12, 'start': 42088.58}]",0,0,[],[]
42089120,42090120,CHI,CHN,0.0,1297,XIOCC,RC,0,NT,FH,1.0,610,-18.65,-9.29,"[{'Canonical-syllable': '1', 'Growl': '0', 'High-freq-energy': '0', 'Long-island': '0', 'Low-tilt-spectrum': '1', 'Medium-island': '1', 'Short-island': '1', 'Squeal': '0', 'Typical-entropy': '1', 'Voicing-quality': '2', 'Wide-band': '0', 'Xlong-island': '0', 'seq': '1', 'end': 42089.73, 'start': 42089.12}]",0,0,[],[]
42090120,42093430,NA,OLN,0.0,1297,XIOCC,NA,NA,NA,NA,0.0,0,-20.63,-3.88,[],0,0,[],[]
42093430,42094260,NA,NON,0.0,1297,XIOCC,NA,NA,NA,NA,0.0,0,-36.21,-24.39,[],0,0,[],[]
42094260,42094860,CHI,CHN,0.0,1297,XIOCC,NA,NA,NA,NA,0.0,0,-16.53,-9.81,[],0,450,"[{'start': 42094.41, 'end': 42094.86}]",[]
42094860,42095990,CHI,CHN,0.0,1297,XIOCC,RC,0,NT,FH,1.0,440,-24.9,-13.91,"[{'Canonical-syllable': '1', 'Growl': '0', 'High-freq-energy': '0', 'Long-island': '0', 'Low-tilt-spectrum': '1', 'Medium-island': '0', 'Short-island': '1', 'Squeal': '0', 'Typical-entropy': '1', 'Voicing-quality': '1', 'Wide-band': '0', 'Xlong-island': '0', 'seq': '1', 'end': 42095.3, 'start': 42095.06}]",0,0,[],[]
42095990,42099120,NA,OLN,0.0,1297,XIOCC,NA,NA,NA,NA,0.0,0,-29.39,-16.71,[],0,0,[],[]
42099120,42099920,NA,NON,0.0,1297,XIOCC,NA,NA,NA,NA,0.0,0,-32.42,-26.88,[],0,0,[],[]
42099920,42101030,CHI,CHN,0.0,1297,XIOCC,EC,0,NT,FH,1.0,1110,-17.24,-9.93,"[{'Canonical-syllable': '0', 'Growl': '0', 'High-freq-energy': '0', 'Long-island': '0', 'Low-tilt-spectrum': '1', 'Medium-island': '2', 'Short-island': '0', 'Squeal': '0', 'Typical-entropy': '1', 'Voicing-quality': '2', 'Wide-band': '0', 'Xlong-island': '0', 'seq': '1', 'end': 42101.03, 'start': 42099.92}]",0,0,[],[]
42101030,42103850,NA,NON,0.0,1298,pause,NA,NA,NA,NA,0.0,0,-32.44,-15.6,[],0,0,[],[]
42103850,42104720,NA,OLN,0.0,1298,pause,NA,NA,NA,NA,0.0,0,-35.32,-20.59,[],0,0,[],[]
42104720,42106130,NA,NON,0.0,1298,pause,NA,NA,NA,NA,0.0,0,-34.32,-27.58,[],0,0,[],[]
42106130,42107480,CHI,CHN,0.0,1298,CM,EC,0,NT,FI,1.0,1350,-14.29,-3.15,"[{'Canonical-syllable': '0', 'Growl': '0', 'High-freq-energy': '0', 'Long-island': '1', 'Low-tilt-spectrum': '2', 'Medium-island': '1', 'Short-island': '0', 'Squeal': '0', 'Typical-entropy': '2', 'Voicing-quality': '2', 'Wide-band': '0', 'Xlong-island': '0', 'seq': '1', 'end': 42107.48, 'start': 42106.13}]",0,0,[],[]
42107480,42108280,NA,NON,0.0,1299,pause,NA,NA,NA,NA,0.0,0,-30.64,-21.93,[],0,0,[],[]
42108280,42109930,NA,OLN,0.0,1299,pause,NA,NA,NA,NA,0.0,0,-30.99,-16.74,[],0,0,[],[]
42109930,42110850,NA,NOF,0.0,1299,pause,NA,NA,NA,NA,0.0,0,-42.78,-34.16,[],0,0,[],[]
42110850,42113200,NA,OLN,0.0,1299,pause,NA,NA,NA,NA,0.0,0,-34.47,-21.85,[],0,0,[],[]
42113200,42114020,NA,NON,0.0,1299,pause,NA,NA,NA,NA,0.0,0,-34.31,-23.67,[],0,0,[],[]
42114020,42116460,NA,OLN,0.0,1299,pause,NA,NA,NA,NA,0.0,0,-38.56,-31.92,[],0,0,[],[]
42116460,42117510,NA,NON,0.0,1299,pause,NA,NA,NA,NA,0.0,0,-36.11,-31.65,[],0,0,[],[]
42117510,42118850,NA,OLN,0.0,1299,pause,NA,NA,NA,NA,0.0,0,-31.46,-17.51,[],0,0,[],[]
42118850,42119910,NA,NON,0.0,1299,pause,NA,NA,NA,NA,0.0,0,-34.05,-26.67,[],0,0,[],[]
42119910,42122050,NA,OLN,0.0,1299,pause,NA,NA,NA,NA,0.0,0,-35.48,-20.66,[],0,0,[],[]
42122050,42132260,NA,NON,0.0,1299,pause,NA,NA,NA,NA,0.0,0,-20.06,-3.31,[],0,0,[],[]
42132260,42133460,NA,OLN,0.0,1299,pause,NA,NA,NA,NA,0.0,0,-33.34,-21.4,[],0,0,[],[]
42133460,42134410,NA,NON,0.0,1299,pause,NA,NA,NA,NA,0.0,0,-38.65,-31.38,[],0,0,[],[]
42134410,42135330,OCH,CXN,0.0,1299,XIOCC,BC,0,NT,FI,0.0,0,-17.62,-11.55,[],0,0,[],[]
42135330,42139810,NA,OLN,0.0,1299,XIOCC,NA,NA,NA,NA,0.0,0,-27.74,-9.12,[],0,0,[],[]
42139810,42140420,CHI,CHN,0.0,1299,XIOCC,RC,0,NT,FI,1.0,610,-16.83,-8.72,"[{'Canonical-syllable': '0', 'Growl': '0', 'High-freq-energy': '0', 'Long-island': '0', 'Low-tilt-spectrum': '1', 'Medium-island': '1', 'Short-island': '0', 'Squeal': '0', 'Typical-entropy': '1', 'Voicing-quality': '1', 'Wide-band': '0', 'Xlong-island': '0', 'seq': '1', 'end': 42140.42, 'start': 42139.89}]",0,0,[],[]
42140420,42141240,NA,NON,0.0,1299,XIOCC,NA,NA,NA,NA,0.0,0,-31.41,-24.55,[],0,0,[],[]
42141240,42141990,CHI,CHN,0.0,1299,XIOCC,RC,0,NT,FH,1.0,750,-16.43,-10.59,"[{'Canonical-syllable': '0', 'Growl': '1', 'High-freq-energy': '0', 'Long-island': '0', 'Low-tilt-spectrum': '2', 'Medium-island': '2', 'Short-island': '0', 'Squeal': '0', 'Typical-entropy': '2', 'Voicing-quality': '2', 'Wide-band': '0', 'Xlong-island': '0', 'seq': '1', 'end': 42141.99, 'start': 42141.24}]",0,0,[],[]
42141990,42145040,NA,NON,0.0,1299,XIOCC,NA,NA,NA,NA,0.0,0,-24.28,-5.22,[],0,0,[],[]
42145040,42145920,NA,OLN,0.0,1299,XIOCC,NA,NA,NA,NA,0.0,0,-32.8,-25.57,[],0,0,[],[]
42145920,42146720,OCH,CXN,0.0,1299,XIOCC,EC,0,NT,FI,0.0,0,-27.38,-20.36,[],0,0,[],[]
42146720,42148430,NA,NON,0.0,1300,pause,NA,NA,NA,NA,0.0,0,-28.17,-16.66,[],0,0,[],[]
42148430,42149290,NA,OLN,0.0,1300,pause,NA,NA,NA,NA,0.0,0,-25.1,-13.69,[],0,0,[],[]
42149290,42151740,NA,NON,0.0,1300,pause,NA,NA,NA,NA,0.0,0,-26.74,-17.12,[],0,0,[],[]
42151740,42152540,NA,OLN,0.0,1300,pause,NA,NA,NA,NA,0.0,0,-27.55,-19.62,[],0,0,[],[]
42152540,42153390,OCH,CXN,0.0,1300,XIOCC,BC,0,NT,FI,0.0,0,-22.01,-17.58,[],0,0,[],[]
42153390,42154200,NA,OLN,0.0,1300,XIOCC,NA,NA,NA,NA,0.0,0,-27.34,-17.62,[],0,0,[],[]
42154200,42155400,NA,NON,0.0,1300,XIOCC,NA,NA,NA,NA,0.0,0,-32.86,-26.29,[],0,0,[],[]
42155400,42156500,CHI,CHN,0.0,1300,XIOCC,RC,0,NT,FI,1.0,1100,-16.39,-8.93,"[{'Canonical-syllable': '1', 'Growl': '1', 'High-freq-energy': '0', 'Long-island': '0', 'Low-tilt-spectrum': '2', 'Medium-island': '2', 'Short-island': '0', 'Squeal': '0', 'Typical-entropy': '2', 'Voicing-quality': '2', 'Wide-band': '0', 'Xlong-island': '0', 'seq': '1', 'end': 42156.5, 'start': 42155.4}]",0,0,[],[]
42156500,42157470,OCH,CXN,0.0,1300,XIOCC,EC,0,NT,FI,0.0,0,-16.28,-9.94,[],0,0,[],[]
42157470,42161350,NA,OLN,0.0,1301,pause,NA,NA,NA,NA,0.0,0,-28.14,-9.82,[],0,0,[],[]
42161350,42162230,NA,NON,0.0,1301,pause,NA,NA,NA,NA,0.0,0,-30.78,-19.68,[],0,0,[],[]
42162230,42164210,NA,OLN,0.0,1301,pause,NA,NA,NA,NA,0.0,0,-24.2,-3.62,[],0,0,[],[]
42164210,42165310,NA,NON,0.0,1301,pause,NA,NA,NA,NA,0.0,0,-30.41,-23.97,[],0,0,[],[]
42165310,42167350,NA,OLN,0.0,1301,pause,NA,NA,NA,NA,0.0,0,-15.73,-3.41,[],0,0,[],[]
42167350,42168350,FEM,FAN,4.11,1301,AIOCCXF,BC,0,NT,FI,0.0,0,-20.15,-13.61,[],0,0,[],[]
42168350,42172200,NA,OLN,0.0,1301,AIOCCXF,NA,NA,NA,NA,0.0,0,-34.63,-22.11,[],0,0,[],[]
42172200,42173210,OCH,CXN,0.0,1301,AIOCCXF,RC,0,NT,FI,0.0,0,-24.65,-17.74,[],0,0,[],[]
42173210,42174160,NA,OLF,0.0,1301,AIOCCXF,NA,NA,NA,NA,0.0,0,-36.36,-24.67,[],0,0,[],[]
42174160,42174960,CHI,CHN,0.0,1301,AIOCCXF,EC,0,NT,FI,1.0,800,-16.43,-7.35,"[{'Canonical-syllable': '0', 'Growl': '0', 'High-freq-energy': '0', 'Long-island': '1', 'Low-tilt-spectrum': '0', 'Medium-island': '0', 'Short-island': '0', 'Squeal': '0', 'Typical-entropy': '1', 'Voicing-quality': '1', 'Wide-band': '0', 'Xlong-island': '0', 'seq': '1', 'end': 42174.96, 'start': 42174.16}]",0,0,[],[]
42174960,42180380,NA,OLN,0.0,1302,pause,NA,NA,NA,NA,0.0,0,-32.66,-16.19,[],0,0,[],[]
42180380,42181380,CHI,CHN,0.0,1302,CM,EC,0,NT,FI,1.0,1000,-18.89,-12.21,"[{'Canonical-syllable': '0', 'Growl': '0', 'High-freq-energy': '0', 'Long-island': '0', 'Low-tilt-spectrum': '0', 'Medium-island': '0', 'Short-island': '0', 'Squeal': '0', 'Typical-entropy': '1', 'Voicing-quality': '1', 'Wide-band': '0', 'Xlong-island': '1', 'seq': '1', 'end': 42181.38, 'start': 42180.38}]",0,0,[],[]
42181380,42187330,NA,OLN,0.0,1303,pause,NA,NA,NA,NA,0.0,0,-29.92,-18.86,[],0,0,[],[]
42187330,42188200,NA,TVF,0.0,1303,pause,NA,NA,NA,NA,0.0,0,-48.84,-41.93,[],0,0,[],[]
42188200,42190110,NA,OLF,0.0,1303,pause,NA,NA,NA,NA,0.0,0,-39.55,-29.57,[],0,0,[],[]
42190110,42194500,NA,TVN,0.0,1303,pause,NA,NA,NA,NA,0.0,0,-46.37,-36.65,[],0,0,[],[]
42194500,42195860,NA,TVN,0.0,1303,pause,NA,NA,NA,NA,0.0,0,-35.93,-26.33,[],0,0,[],[]
42195860,42197250,NA,TVN,0.0,1303,pause,NA,NA,NA,NA,0.0,0,-41.48,-31.54,[],0,0,[],[]
42197250,42198050,NA,NON,0.0,1303,pause,NA,NA,NA,NA,0.0,0,-9.83,-3.29,[],0,0,[],[]
42198050,42199230,NA,OLN,0.0,1303,pause,NA,NA,NA,NA,0.0,0,-35.91,-20.35,[],0,0,[],[]
42199230,42201380,OCH,CXN,0.0,1303,XIOCA,BC,0,NT,FI,0.0,0,-41.17,-30.1,[],0,0,[],[]
42201380,42202380,NA,TVN,0.0,1303,XIOCA,NA,NA,NA,NA,0.0,0,-42.16,-32.88,[],0,0,[],[]
42202380,42203770,NA,TVF,0.0,1303,XIOCA,NA,NA,NA,NA,0.0,0,-41.79,-33.57,[],0,0,[],[]
42203770,42205140,NA,TVN,0.0,1303,XIOCA,NA,NA,NA,NA,0.0,0,-41.96,-29.44,[],0,0,[],[]
42205140,42208080,OCH,CXN,0.0,1303,XIOCA,RC,0,NT,FH,0.0,0,-39.47,-29.93,[],0,0,[],[]
42208080,42209080,NA,TVN,0.0,1303,XIOCA,NA,NA,NA,NA,0.0,0,-40.26,-28.27,[],0,0,[],[]
42209080,42209880,NA,TVF,0.0,1303,XIOCA,NA,NA,NA,NA,0.0,0,-40.2,-31.7,[],0,0,[],[]
42209880,42212340,NA,TVF,0.0,1303,XIOCA,NA,NA,NA,NA,0.0,0,-43.13,-31.04,[],0,0,[],[]
42212340,42213530,MAL,MAN,0.09,1303,XIOCA,RC,0,NT,FI,0.0,0,-40.8,-30.45,[],0,0,[],[]
42213530,42214560,NA,TVF,0.0,1303,XIOCA,NA,NA,NA,NA,0.0,0,-43.49,-35.13,[],0,0,[],[]
42214560,42216110,NA,OLF,0.0,1303,XIOCA,NA,NA,NA,NA,0.0,0,-33.63,-16.52,[],0,0,[],[]
42216110,42217060,NA,NON,0.0,1303,XIOCA,NA,NA,NA,NA,0.0,0,-25.46,-15.14,[],0,0,[],[]
42217060,42218460,NA,TVF,0.0,1303,XIOCA,NA,NA,NA,NA,0.0,0,-48.11,-39.69,[],0,0,[],[]
42218460,42219260,OCH,CXN,0.0,1303,XIOCA,RC,0,NT,FI,0.0,0,-37.61,-30.48,[],0,0,[],[]
42219260,42221490,NA,SIL,0.0,1303,XIOCA,NA,NA,NA,NA,0.0,0,-59.57,-50.61,[],0,0,[],[]
42221490,42223190,OCH,CXN,0.0,1303,XIOCA,RC,0,NT,FH,0.0,0,-44.13,-32.27,[],0,0,[],[]
42223190,42224540,FEM,FAN,6.08,1303,XIOCA,EC,0,NT,FI,0.0,0,-43.87,-35.81,[],0,0,[],[]
42224540,42225610,NA,TVN,0.0,1304,pause,NA,NA,NA,NA,0.0,0,-45.33,-36.33,[],0,0,[],[]
42225610,42226660,NA,TVN,0.0,1304,pause,NA,NA,NA,NA,0.0,0,-44.12,-37.95,[],0,0,[],[]
42226660,42227460,NA,SIL,0.0,1304,pause,NA,NA,NA,NA,0.0,0,-52.89,-41.84,[],0,0,[],[]
42227460,42228270,NA,TVF,0.0,1304,pause,NA,NA,NA,NA,0.0,0,-49.01,-41.62,[],0,0,[],[]
42228270,42229180,NA,SIL,0.0,1304,pause,NA,NA,NA,NA,0.0,0,-45.72,-42.6,[],0,0,[],[]
42229180,42229990,NA,NOF,0.0,1304,pause,NA,NA,NA,NA,0.0,0,-46.11,-43.17,[],0,0,[],[]
42229990,42235720,NA,TVN,0.0,1304,pause,NA,NA,NA,NA,0.0,0,-40.15,-29.3,[],0,0,[],[]
42235720,42236880,NA,TVN,0.0,1304,pause,NA,NA,NA,NA,0.0,0,-39.6,-31.42,[],0,0,[],[]
42236880,42244900,OCH,CXN,0.0,1304,XM,EC,0,NT,FI,0.0,0,-42.17,-32.74,[],0,0,[],[]
42244900,42245930,NA,SIL,0.0,1305,pause,NA,NA,NA,NA,0.0,0,-56.18,-43.07,[],0,0,[],[]
42245930,42249700,NA,TVN,0.0,1305,pause,NA,NA,NA,NA,0.0,0,-41.03,-30.22,[],0,0,[],[]
42249700,42251130,NA,SIL,0.0,1305,pause,NA,NA,NA,NA,0.0,0,-52.47,-40.97,[],0,0,[],[]
42251130,42253270,NA,TVN,0.0,1305,pause,NA,NA,NA,NA,0.0,0,-39.32,-31.15,[],0,0,[],[]
42253270,42256450,NA,TVN,0.0,1305,pause,NA,NA,NA,NA,0.0,0,-39.24,-26.87,[],0,0,[],[]
42256450,42258230,NA,TVN,0.0,1305,pause,NA,NA,NA,NA,0.0,0,-42.25,-33.93,[],0,0,[],[]
42258230,42259860,NA,TVF,0.0,1305,pause,NA,NA,NA,NA,0.0,0,-42.66,-31.72,[],0,0,[],[]
42259860,42260670,NA,TVN,0.0,1305,pause,NA,NA,NA,NA,0.0,0,-37.96,-30.14,[],0,0,[],[]
42260670,42262020,NA,TVN,0.0,1305,pause,NA,NA,NA,NA,0.0,0,-41.4,-35.14,[],0,0,[],[]
42262020,42262820,NA,TVN,0.0,1305,pause,NA,NA,NA,NA,0.0,0,-39.91,-31.9,[],0,0,[],[]
42262820,42264460,NA,TVN,0.0,1305,pause,NA,NA,NA,NA,0.0,0,-40.05,-32.01,[],0,0,[],[]
42264460,42265720,NA,TVN,0.0,1305,pause,NA,NA,NA,NA,0.0,0,-39.41,-31.27,[],0,0,[],[]
42265720,42269160,NA,TVN,0.0,1305,pause,NA,NA,NA,NA,0.0,0,-40.65,-31.37,[],0,0,[],[]
42269160,42269850,NA,TVF,0.0,1305,pause,NA,NA,NA,NA,0.0,0,-40.99,-30.72,[],0,0,[],[]
42269850,42270900,NA,TVN,0.0,1305,pause,NA,NA,NA,NA,0.0,0,-41.4,-35.74,[],0,0,[],[]
42270900,42271710,NA,TVN,0.0,1305,pause,NA,NA,NA,NA,0.0,0,-41.46,-31.83,[],0,0,[],[]
42271710,42277200,NA,TVN,0.0,1305,pause,NA,NA,NA,NA,0.0,0,-42.77,-34.7,[],0,0,[],[]
42277200,42278000,NA,TVN,0.0,1305,pause,NA,NA,NA,NA,0.0,0,-29.22,-21.69,[],0,0,[],[]
42278000,42284090,NA,TVN,0.0,1305,pause,NA,NA,NA,NA,0.0,0,-42.35,-28.73,[],0,0,[],[]
42284090,42285280,NA,TVN,0.0,1305,pause,NA,NA,NA,NA,0.0,0,-43.01,-37.31,[],0,0,[],[]
42285280,42286980,OCH,CXN,0.0,1305,XIOCC,BC,0,NT,FI,0.0,0,-34.91,-25.31,[],0,0,[],[]
42286980,42287780,NA,OLN,0.0,1305,XIOCC,NA,NA,NA,NA,0.0,0,-34.91,-30.49,[],0,0,[],[]
42287780,42288660,NA,TVN,0.0,1305,XIOCC,NA,NA,NA,NA,0.0,0,-37.95,-32.83,[],0,0,[],[]
42288660,42289310,OCH,CXN,0.0,1305,XIOCC,RC,0,NT,FH,0.0,0,-26.56,-21.74,[],0,0,[],[]
42289310,42290600,NA,TVF,0.0,1305,XIOCC,NA,NA,NA,NA,0.0,0,-32.77,-18.38,[],0,0,[],[]
42290600,42292120,OCH,CXN,0.0,1305,XIOCC,RC,0,NT,FH,0.0,0,-25.02,-16.21,[],0,0,[],[]
42292120,42293260,OCH,CXN,0.0,1305,XIOCC,RC,0,NT,FH,0.0,0,-25.39,-19.58,[],0,0,[],[]
42293260,42294530,NA,TVN,0.0,1305,XIOCC,NA,NA,NA,NA,0.0,0,-42.27,-37.63,[],0,0,[],[]
42294530,42295620,OCH,CXN,0.0,1305,XIOCC,RC,0,NT,FH,0.0,0,-22.67,-16.49,[],0,0,[],[]
42295620,42296710,NA,OLN,0.0,1305,XIOCC,NA,NA,NA,NA,0.0,0,-28.14,-23.0,[],0,0,[],[]
42296710,42297470,CHI,CHN,0.0,1305,XIOCC,EC,0,NT,FI,1.0,760,-18.5,-11.66,"[{'Canonical-syllable': '0', 'Growl': '0', 'High-freq-energy': '0', 'Long-island': '1', 'Low-tilt-spectrum': '1', 'Medium-island': '0', 'Short-island': '0', 'Squeal': '0', 'Typical-entropy': '1', 'Voicing-quality': '1', 'Wide-band': '0', 'Xlong-island': '0', 'seq': '1', 'end': 42297.47, 'start': 42296.71}]",0,0,[],[]
42297470,42298370,NA,NON,0.0,1306,pause,NA,NA,NA,NA,0.0,0,-27.14,-15.31,[],0,0,[],[]
42298370,42299170,NA,OLN,0.0,1306,pause,NA,NA,NA,NA,0.0,0,-24.61,-20.08,[],0,0,[],[]
42299170,42300640,NA,NON,0.0,1306,pause,NA,NA,NA,NA,0.0,0,-28.85,-18.23,[],0,0,[],[]
42300640,42302040,NA,OLF,0.0,1306,pause,NA,NA,NA,NA,0.0,0,-37.7,-30.14,[],0,0,[],[]
42302040,42303280,NA,TVN,0.0,1306,pause,NA,NA,NA,NA,0.0,0,-33.76,-17.72,[],0,0,[],[]
42303280,42304480,OCH,CXN,0.0,1306,XM,EC,0,NT,FI,0.0,0,-34.26,-27.13,[],0,0,[],[]
42304480,42305480,NA,OLN,0.0,1307,pause,NA,NA,NA,NA,0.0,0,-33.79,-27.26,[],0,0,[],[]
42305480,42306880,NA,NON,0.0,1307,pause,NA,NA,NA,NA,0.0,0,-36.31,-31.55,[],0,0,[],[]
42306880,42308320,NA,OLN,0.0,1307,pause,NA,NA,NA,NA,0.0,0,-36.05,-30.78,[],0,0,[],[]
42308320,42309120,NA,TVN,0.0,1307,pause,NA,NA,NA,NA,0.0,0,-40.56,-36.78,[],0,0,[],[]
42309120,42309970,NA,TVN,0.0,1307,pause,NA,NA,NA,NA,0.0,0,-39.25,-34.63,[],0,0,[],[]
42309970,42311130,NA,TVN,0.0,1307,pause,NA,NA,NA,NA,0.0,0,-40.06,-33.54,[],0,0,[],[]
42311130,42313860,NA,TVN,0.0,1307,pause,NA,NA,NA,NA,0.0,0,-35.4,-28.58,[],0,0,[],[]
42313860,42314660,NA,OLN,0.0,1307,pause,NA,NA,NA,NA,0.0,0,-35.02,-26.62,[],0,0,[],[]
42314660,42315260,CHI,CHN,0.0,1307,CIOCX,BC,0,NT,FI,1.0,600,-13.71,-3.57,"[{'Canonical-syllable': '0', 'Growl': '0', 'High-freq-energy': '0', 'Long-island': '0', 'Low-tilt-spectrum': '1', 'Medium-island': '1', 'Short-island': '0', 'Squeal': '0', 'Typical-entropy': '1', 'Voicing-quality': '1', 'Wide-band': '0', 'Xlong-island': '0', 'seq': '1', 'end': 42315.26, 'start': 42314.66}]",0,0,[],[]
42315260,42316390,NA,OLN,0.0,1307,CIOCX,NA,NA,NA,NA,0.0,0,-22.62,-15.06,[],0,0,[],[]
42316390,42317190,OCH,CXN,0.0,1307,CIOCX,RC,0,NT,FI,0.0,0,-27.57,-17.91,[],0,0,[],[]
42317190,42318000,NA,OLN,0.0,1307,CIOCX,NA,NA,NA,NA,0.0,0,-32.5,-26.28,[],0,0,[],[]
42318000,42326580,OCH,CXN,0.0,1307,CIOCX,EC,0,NT,FH,0.0,0,-30.15,-18.6,[],0,0,[],[]
42326580,42327570,NA,OLN,0.0,1308,pause,NA,NA,NA,NA,0.0,0,-34.41,-26.05,[],0,0,[],[]
42327570,42328570,NA,TVN,0.0,1308,pause,NA,NA,NA,NA,0.0,0,-38.56,-29.54,[],0,0,[],[]
42328570,42329370,NA,TVN,0.0,1308,pause,NA,NA,NA,NA,0.0,0,-39.13,-34.57,[],0,0,[],[]
42329370,42330370,NA,TVN,0.0,1308,pause,NA,NA,NA,NA,0.0,0,-41.02,-36.39,[],0,0,[],[]
42330370,42331170,NA,TVN,0.0,1308,pause,NA,NA,NA,NA,0.0,0,-39.33,-33.73,[],0,0,[],[]
42331170,42332170,NA,TVN,0.0,1308,pause,NA,NA,NA,NA,0.0,0,-36.36,-29.6,[],0,0,[],[]
42332170,42333040,NA,TVN,0.0,1308,pause,NA,NA,NA,NA,0.0,0,-29.62,-13.32,[],0,0,[],[]
42333040,42337180,NA,TVN,0.0,1308,pause,NA,NA,NA,NA,0.0,0,-40.46,-33.47,[],0,0,[],[]
42337180,42337780,NA,TVN,0.0,1308,pause,NA,NA,NA,NA,0.0,0,-33.54,-25.23,[],0,0,[],[]
42337780,42342220,NA,TVN,0.0,1308,pause,NA,NA,NA,NA,0.0,0,-39.01,-29.12,[],0,0,[],[]
42342220,42343410,NA,TVN,0.0,1308,pause,NA,NA,NA,NA,0.0,0,-35.42,-28.99,[],0,0,[],[]
42343410,42345370,NA,TVN,0.0,1308,pause,NA,NA,NA,NA,0.0,0,-39.8,-33.65,[],0,0,[],[]
42345370,42346500,NA,TVN,0.0,1308,pause,NA,NA,NA,NA,0.0,0,-39.6,-29.85,[],0,0,[],[]
42346500,42349140,NA,TVN,0.0,1308,pause,NA,NA,NA,NA,0.0,0,-39.0,-32.32,[],0,0,[],[]
42349140,42350160,NA,TVF,0.0,1308,pause,NA,NA,NA,NA,0.0,0,-31.72,-13.18,[],0,0,[],[]
42350160,42354750,NA,TVN,0.0,1308,pause,NA,NA,NA,NA,0.0,0,-40.74,-31.49,[],0,0,[],[]
42354750,42355550,NA,SIL,0.0,1308,pause,NA,NA,NA,NA,0.0,0,-42.91,-36.7,[],0,0,[],[]
42355550,42356550,NA,TVN,0.0,1308,pause,NA,NA,NA,NA,0.0,0,-43.25,-38.55,[],0,0,[],[]
42356550,42357350,NA,SIL,0.0,1308,pause,NA,NA,NA,NA,0.0,0,-42.72,-37.3,[],0,0,[],[]
42357350,42358920,NA,TVN,0.0,1308,pause,NA,NA,NA,NA,0.0,0,-39.84,-31.33,[],0,0,[],[]
42358920,42361410,NA,TVF,0.0,1308,pause,NA,NA,NA,NA,0.0,0,-43.46,-35.41,[],0,0,[],[]
42361410,42362430,NA,TVF,0.0,1308,pause,NA,NA,NA,NA,0.0,0,-42.37,-34.15,[],0,0,[],[]
42362430,42363810,NA,FAF,0.0,1308,pause,NA,NA,NA,NA,0.0,0,-41.06,-31.2,[],0,0,[],[]
42363810,42365010,NA,TVF,0.0,1308,pause,NA,NA,NA,NA,0.0,0,-45.12,-37.35,[],0,0,[],[]
42365010,42366010,NA,TVF,0.0,1308,pause,NA,NA,NA,NA,0.0,0,-41.72,-32.89,[],0,0,[],[]
42366010,42368120,NA,TVN,0.0,1308,pause,NA,NA,NA,NA,0.0,0,-43.85,-32.71,[],0,0,[],[]
42368120,42369690,NA,TVF,0.0,1308,pause,NA,NA,NA,NA,0.0,0,-45.8,-36.12,[],0,0,[],[]
42369690,42373250,NA,TVN,0.0,1308,pause,NA,NA,NA,NA,0.0,0,-44.17,-35.5,[],0,0,[],[]
42373250,42376070,NA,FAF,0.0,1308,pause,NA,NA,NA,NA,0.0,0,-21.0,-4.48,[],0,0,[],[]
42376070,42377010,OCH,CXN,0.0,1308,XM,BC,0,NT,FI,0.0,0,-34.8,-21.19,[],0,0,[],[]
42377010,42378140,NA,OLF,0.0,1308,XM,NA,NA,NA,NA,0.0,0,-19.12,-5.26,[],0,0,[],[]
42378140,42381830,OCH,CXN,0.0,1308,XM,EC,0,NT,FH,0.0,0,-41.17,-23.67,[],0,0,[],[]
42381830,42383240,NA,NOF,0.0,1309,pause,NA,NA,NA,NA,0.0,0,-39.34,-22.84,[],0,0,[],[]
42383240,42384040,NA,SIL,0.0,1309,pause,NA,NA,NA,NA,0.0,0,-47.1,-37.25,[],0,0,[],[]
42384040,42384880,NA,NOF,0.0,1309,pause,NA,NA,NA,NA,0.0,0,-48.2,-44.45,[],0,0,[],[]
42384880,42385680,NA,SIL,0.0,1309,pause,NA,NA,NA,NA,0.0,0,-47.66,-43.24,[],0,0,[],[]
42385680,42386480,NA,OLF,0.0,1309,pause,NA,NA,NA,NA,0.0,0,-23.85,-9.13,[],0,0,[],[]
42386480,42387300,NA,TVF,0.0,1309,pause,NA,NA,NA,NA,0.0,0,-42.01,-36.34,[],0,0,[],[]
42387300,42388320,NA,MAF,0.0,1309,pause,NA,NA,NA,NA,0.0,0,-36.67,-20.35,[],0,0,[],[]
42388320,42389390,NA,TVN,0.0,1309,pause,NA,NA,NA,NA,0.0,0,-38.58,-31.27,[],0,0,[],[]
42389390,42390570,OCH,CXN,0.0,1309,XM,BC,0,NT,FI,0.0,0,-39.94,-27.76,[],0,0,[],[]
42390570,42391880,NA,TVF,0.0,1309,XM,NA,NA,NA,NA,0.0,0,-46.43,-40.84,[],0,0,[],[]
42391880,42392800,OCH,CXN,0.0,1309,XM,EC,0,NT,FH,0.0,0,-19.01,-5.51,[],0,0,[],[]
42392800,42393880,NA,TVN,0.0,1310,pause,NA,NA,NA,NA,0.0,0,-41.32,-31.56,[],0,0,[],[]
42393880,42394720,NA,CXF,0.0,1310,pause,NA,NA,NA,NA,0.0,0,-22.47,-6.14,[],0,0,[],[]
42394720,42396130,NA,TVF,0.0,1310,pause,NA,NA,NA,NA,0.0,0,-23.12,-6.51,[],0,0,[],[]
42396130,42396930,NA,NOF,0.0,1310,pause,NA,NA,NA,NA,0.0,0,-19.05,-6.79,[],0,0,[],[]
42396930,42397930,NA,TVF,0.0,1310,pause,NA,NA,NA,NA,0.0,0,-40.48,-26.52,[],0,0,[],[]
42397930,42399020,NA,CXF,0.0,1310,pause,NA,NA,NA,NA,0.0,0,-40.65,-28.34,[],0,0,[],[]
42399020,42400110,NA,OLF,0.0,1310,pause,NA,NA,NA,NA,0.0,0,-23.09,-7.1,[],0,0,[],[]
42400110,42406380,NA,TVF,0.0,1310,pause,NA,NA,NA,NA,0.0,0,-23.76,-4.21,[],0,0,[],[]
42406380,42407560,NA,OLF,0.0,1310,pause,NA,NA,NA,NA,0.0,0,-15.19,-3.82,[],0,0,[],[]
42407560,42408660,NA,TVF,0.0,1310,pause,NA,NA,NA,NA,0.0,0,-46.16,-35.88,[],0,0,[],[]
42408660,42410200,NA,TVF,0.0,1310,pause,NA,NA,NA,NA,0.0,0,-46.98,-41.51,[],0,0,[],[]
42410200,42411100,NA,OLF,0.0,1310,pause,NA,NA,NA,NA,0.0,0,-44.06,-38.23,[],0,0,[],[]
42411100,42414380,NA,NON,0.0,1310,pause,NA,NA,NA,NA,0.0,0,-30.2,-19.15,[],0,0,[],[]
42414380,42415200,NA,OLN,0.0,1310,pause,NA,NA,NA,NA,0.0,0,-34.18,-26.32,[],0,0,[],[]
42415200,42416880,NA,NON,0.0,1310,pause,NA,NA,NA,NA,0.0,0,-33.0,-14.81,[],0,0,[],[]
42416880,42417750,NA,OLN,0.0,1310,pause,NA,NA,NA,NA,0.0,0,-36.31,-23.33,[],0,0,[],[]
42417750,42420970,NA,NON,0.0,1310,pause,NA,NA,NA,NA,0.0,0,-23.3,-5.06,[],0,0,[],[]
42420970,42421820,NA,OLN,0.0,1310,pause,NA,NA,NA,NA,0.0,0,-35.44,-29.47,[],0,0,[],[]
42421820,42422860,OCH,CXN,0.0,1310,XM,EC,0,NT,FI,0.0,0,-41.37,-34.87,[],0,0,[],[]
42422860,42423980,NA,OLN,0.0,1311,pause,NA,NA,NA,NA,0.0,0,-40.5,-31.46,[],0,0,[],[]
42423980,42424780,NA,NON,0.0,1311,pause,NA,NA,NA,NA,0.0,0,-32.35,-26.06,[],0,0,[],[]
42424780,42425610,NA,OLN,0.0,1311,pause,NA,NA,NA,NA,0.0,0,-36.9,-29.87,[],0,0,[],[]
42425610,42426420,NA,NOF,0.0,1311,pause,NA,NA,NA,NA,0.0,0,-36.85,-21.38,[],0,0,[],[]
42426420,42427220,NA,TVF,0.0,1311,pause,NA,NA,NA,NA,0.0,0,-44.75,-38.43,[],0,0,[],[]
42427220,42429020,NA,TVF,0.0,1311,pause,NA,NA,NA,NA,0.0,0,-45.66,-36.59,[],0,0,[],[]
42429020,42430580,NA,TVF,0.0,1311,pause,NA,NA,NA,NA,0.0,0,-39.29,-31.22,[],0,0,[],[]
42430580,42431580,NA,TVN,0.0,1311,pause,NA,NA,NA,NA,0.0,0,-42.32,-34.81,[],0,0,[],[]
42431580,42433140,NA,CXF,0.0,1311,pause,NA,NA,NA,NA,0.0,0,-42.4,-36.24,[],0,0,[],[]
42433140,42433970,NA,FAF,0.0,1311,pause,NA,NA,NA,NA,0.0,0,-42.5,-35.0,[],0,0,[],[]
42433970,42435590,OCH,CXN,0.0,1311,XM,EC,0,NT,FI,0.0,0,-40.79,-31.92,[],0,0,[],[]
42435590,42436590,NA,OLF,0.0,1312,pause,NA,NA,NA,NA,0.0,0,-42.6,-37.18,[],0,0,[],[]
42436590,42437850,NA,TVF,0.0,1312,pause,NA,NA,NA,NA,0.0,0,-38.6,-26.94,[],0,0,[],[]
42437850,42438850,NA,TVN,0.0,1312,pause,NA,NA,NA,NA,0.0,0,-44.65,-35.73,[],0,0,[],[]
42438850,42440110,NA,CXF,0.0,1312,pause,NA,NA,NA,NA,0.0,0,-42.0,-30.84,[],0,0,[],[]
42440110,42441260,NA,TVN,0.0,1312,pause,NA,NA,NA,NA,0.0,0,-40.27,-31.07,[],0,0,[],[]
42441260,42442530,NA,TVF,0.0,1312,pause,NA,NA,NA,NA,0.0,0,-47.36,-39.62,[],0,0,[],[]
42442530,42443700,NA,TVF,0.0,1312,pause,NA,NA,NA,NA,0.0,0,-44.21,-35.19,[],0,0,[],[]
42443700,42444770,NA,NOF,0.0,1312,pause,NA,NA,NA,NA,0.0,0,-34.99,-24.01,[],0,0,[],[]
42444770,42445470,CHI,CHN,0.0,1312,pause,NA,NA,NA,NA,0.0,0,-30.21,-20.32,[],0,700,[],"[{'start': 42444.77, 'end': 42445.47}]"
42445470,42447980,NA,OLF,0.0,1312,pause,NA,NA,NA,NA,0.0,0,-19.25,-1.79,[],0,0,[],[]
42447980,42448790,OCH,CXN,0.0,1312,XIOCA,BC,0,NT,FI,0.0,0,-33.92,-22.66,[],0,0,[],[]
42448790,42451230,NA,OLN,0.0,1312,XIOCA,NA,NA,NA,NA,0.0,0,-34.16,-24.39,[],0,0,[],[]
42451230,42452180,NA,NOF,0.0,1312,XIOCA,NA,NA,NA,NA,0.0,0,-41.46,-33.0,[],0,0,[],[]
42452180,42453410,NA,OLN,0.0,1312,XIOCA,NA,NA,NA,NA,0.0,0,-35.4,-29.14,[],0,0,[],[]
42453410,42454060,FEM,FAN,2.1,1312,XIOCA,RC,0,NT,FI,0.0,0,-32.53,-25.5,[],0,0,[],[]
42454060,42455120,NA,OLN,0.0,1312,XIOCA,NA,NA,NA,NA,0.0,0,-33.55,-24.75,[],0,0,[],[]
42455120,42456120,FEM,FAN,2.63,1312,XIOCA,RC,0,NT,FH,0.0,0,-33.73,-26.69,[],0,0,[],[]
42456120,42456920,OCH,CXN,0.0,1312,XIOCA,RC,0,NT,FI,0.0,0,-35.39,-27.19,[],0,0,[],[]
42456920,42458480,FEM,FAN,7.92,1312,XIOCA,RC,0,NT,FI,0.0,0,-36.92,-28.33,[],0,0,[],[]
42458480,42459490,NA,MAF,0.0,1312,XIOCA,NA,NA,NA,NA,0.0,0,-36.74,-26.78,[],0,0,[],[]
42459490,42461150,OCH,CXN,0.0,1312,XIOCA,RC,0,NT,FI,0.0,0,-36.14,-26.97,[],0,0,[],[]
42461150,42462390,FEM,FAN,6.71,1312,XIOCA,RC,0,NT,FI,0.0,0,-34.42,-26.16,[],0,0,[],[]
42462390,42468140,OCH,CXN,0.0,1312,XIOCA,RC,0,NT,FI,0.0,0,-35.59,-23.78,[],0,0,[],[]
42468140,42468960,FEM,FAN,0.0,1312,XIOCA,NA,NA,NA,NA,0.0,0,-34.21,-19.97,[],820,0,[],[]
42468960,42469980,NA,TVN,0.0,1312,XIOCA,NA,NA,NA,NA,0.0,0,-38.79,-29.56,[],0,0,[],[]
42469980,42471150,NA,OLN,0.0,1312,XIOCA,NA,NA,NA,NA,0.0,0,-34.91,-25.85,[],0,0,[],[]
42471150,42472040,OCH,CXN,0.0,1312,XIOCA,RC,0,NT,FH,0.0,0,-38.55,-32.2,[],0,0,[],[]
42472040,42473060,NA,FAF,0.0,1312,XIOCA,NA,NA,NA,NA,0.0,0,-37.79,-28.63,[],0,0,[],[]
42473060,42475320,OCH,CXN,0.0,1312,XIOCA,EC,0,NT,FH,0.0,0,-38.1,-26.14,[],0,0,[],[]
42475320,42476350,NA,TVN,0.0,1313,pause,NA,NA,NA,NA,0.0,0,-38.78,-27.96,[],0,0,[],[]
42476350,42478890,NA,FAF,0.0,1313,pause,NA,NA,NA,NA,0.0,0,-41.29,-26.54,[],0,0,[],[]
42478890,42479690,NA,NOF,0.0,1313,pause,NA,NA,NA,NA,0.0,0,-43.98,-35.07,[],0,0,[],[]
42479690,42481460,NA,FAF,0.0,1313,pause,NA,NA,NA,NA,0.0,0,-39.46,-25.89,[],0,0,[],[]
42481460,42482260,NA,CXF,0.0,1313,pause,NA,NA,NA,NA,0.0,0,-41.15,-33.96,[],0,0,[],[]
42482260,42483270,NA,FAF,0.0,1313,pause,NA,NA,NA,NA,0.0,0,-43.91,-33.19,[],0,0,[],[]
42483270,42484070,NA,CXF,0.0,1313,pause,NA,NA,NA,NA,0.0,0,-42.57,-34.41,[],0,0,[],[]
42484070,42485430,NA,TVN,0.0,1313,pause,NA,NA,NA,NA,0.0,0,-39.23,-29.22,[],0,0,[],[]
42485430,42486670,OCH,CXN,0.0,1313,XIOCA,BC,0,NT,FI,0.0,0,-40.59,-34.57,[],0,0,[],[]
42486670,42488300,FEM,FAN,4.59,1313,XIOCA,RC,0,NT,FI,0.0,0,-38.79,-29.05,[],0,0,[],[]
42488300,42489350,NA,TVF,0.0,1313,XIOCA,NA,NA,NA,NA,0.0,0,-48.01,-40.16,[],0,0,[],[]
42489350,42490700,OCH,CXN,0.0,1313,XIOCA,RC,0,NT,FI,0.0,0,-42.68,-35.34,[],0,0,[],[]
42490700,42492110,NA,MAF,0.0,1313,XIOCA,NA,NA,NA,NA,0.0,0,-42.64,-33.16,[],0,0,[],[]
42492110,42492920,OCH,CXN,0.0,1313,XIOCA,RC,0,NT,FH,0.0,0,-38.15,-32.19,[],0,0,[],[]
42492920,42493850,NA,OLF,0.0,1313,XIOCA,NA,NA,NA,NA,0.0,0,-40.1,-32.03,[],0,0,[],[]
42493850,42494730,OCH,CXN,0.0,1313,XIOCA,EC,0,NT,FH,0.0,0,-39.24,-30.52,[],0,0,[],[]
42494730,42495540,NA,OLF,0.0,1314,pause,NA,NA,NA,NA,0.0,0,-38.51,-30.33,[],0,0,[],[]
42495540,42496540,NA,TVF,0.0,1314,pause,NA,NA,NA,NA,0.0,0,-42.32,-33.81,[],0,0,[],[]
42496540,42497340,NA,CXF,0.0,1314,pause,NA,NA,NA,NA,0.0,0,-38.86,-30.15,[],0,0,[],[]
42497340,42499040,NA,NOF,0.0,1314,pause,NA,NA,NA,NA,0.0,0,-19.59,-5.79,[],0,0,[],[]
42499040,42502560,NA,FAF,0.0,1314,pause,NA,NA,NA,NA,0.0,0,-40.07,-29.39,[],0,0,[],[]
42502560,42503740,NA,TVN,0.0,1314,pause,NA,NA,NA,NA,0.0,0,-43.11,-32.23,[],0,0,[],[]
42503740,42506100,NA,FAF,0.0,1314,pause,NA,NA,NA,NA,0.0,0,-42.79,-31.46,[],0,0,[],[]
42506100,42507140,NA,TVN,0.0,1314,pause,NA,NA,NA,NA,0.0,0,-37.45,-29.87,[],0,0,[],[]
42507140,42508610,NA,TVF,0.0,1314,pause,NA,NA,NA,NA,0.0,0,-43.27,-34.49,[],0,0,[],[]
42508610,42509650,NA,TVN,0.0,1314,pause,NA,NA,NA,NA,0.0,0,-39.88,-31.55,[],0,0,[],[]
42509650,42510760,FEM,FAN,4.31,1314,AIOCF,BC,0,NT,FI,0.0,0,-36.55,-26.55,[],0,0,[],[]
42510760,42511980,NA,TVN,0.0,1314,AIOCF,NA,NA,NA,NA,0.0,0,-39.71,-32.05,[],0,0,[],[]
42511980,42513060,FEM,FAN,3.13,1314,AIOCF,RC,0,NT,FH,0.0,0,-38.62,-30.33,[],0,0,[],[]
42513060,42513980,NA,OLN,0.0,1314,AIOCF,NA,NA,NA,NA,0.0,0,-36.87,-28.75,[],0,0,[],[]
42513980,42514980,OCH,CXN,0.0,1314,AIOCF,RC,0,NT,FI,0.0,0,-38.07,-30.88,[],0,0,[],[]
42514980,42515930,OCH,CXN,0.0,1314,AIOCF,EC,0,NT,FH,0.0,0,-36.29,-28.52,[],0,0,[],[]
42515930,42516730,NA,OLF,0.0,1315,pause,NA,NA,NA,NA,0.0,0,-35.59,-23.26,[],0,0,[],[]
42516730,42517820,NA,TVN,0.0,1315,pause,NA,NA,NA,NA,0.0,0,-39.03,-30.07,[],0,0,[],[]
42517820,42518770,NA,TVN,0.0,1315,pause,NA,NA,NA,NA,0.0,0,-37.28,-30.86,[],0,0,[],[]
42518770,42521610,NA,FAF,0.0,1315,pause,NA,NA,NA,NA,0.0,0,-39.13,-30.45,[],0,0,[],[]
42521610,42522610,NA,TVF,0.0,1315,pause,NA,NA,NA,NA,0.0,0,-44.49,-35.26,[],0,0,[],[]
42522610,42524080,NA,FAF,0.0,1315,pause,NA,NA,NA,NA,0.0,0,-38.1,-26.3,[],0,0,[],[]
42524080,42524880,NA,OLF,0.0,1315,pause,NA,NA,NA,NA,0.0,0,-39.53,-30.32,[],0,0,[],[]
42524880,42526210,NA,MAF,0.0,1315,pause,NA,NA,NA,NA,0.0,0,-41.38,-31.33,[],0,0,[],[]
42526210,42527270,FEM,FAN,2.13,1315,AMF,BC,0,NT,FI,0.0,0,-36.05,-27.07,[],0,0,[],[]
42527270,42528270,NA,TVF,0.0,1315,AMF,NA,NA,NA,NA,0.0,0,-43.08,-35.37,[],0,0,[],[]
42528270,42529080,NA,TVF,0.0,1315,AMF,NA,NA,NA,NA,0.0,0,-38.11,-30.09,[],0,0,[],[]
42529080,42530360,NA,TVN,0.0,1315,AMF,NA,NA,NA,NA,0.0,0,-39.03,-29.46,[],0,0,[],[]
42530360,42531310,NA,OLN,0.0,1315,AMF,NA,NA,NA,NA,0.0,0,-34.14,-27.85,[],0,0,[],[]
42531310,42533320,FEM,FAN,9.24,1315,AMF,RC,0,NT,FH,0.0,0,-35.87,-26.24,[],0,0,[],[]
42533320,42534420,NA,OLN,0.0,1315,AMF,NA,NA,NA,NA,0.0,0,-18.65,-5.15,[],0,0,[],[]
42534420,42537170,FEM,FAN,9.08,1315,AMF,RC,0,NT,FH,0.0,0,-23.23,-6.1,[],0,0,[],[]
42537170,42538000,FEM,FAN,5.08,1315,AMF,RC,0,NT,FH,0.0,0,-35.84,-29.6,[],0,0,[],[]
42538000,42539610,FEM,FAN,3.54,1315,AMF,RC,0,NT,FH,0.0,0,-36.41,-21.81,[],0,0,[],[]
42539610,42540560,NA,OLN,0.0,1315,AMF,NA,NA,NA,NA,0.0,0,-18.21,-4.72,[],0,0,[],[]
42540560,42541500,NA,NON,0.0,1315,AMF,NA,NA,NA,NA,0.0,0,-18.65,-4.82,[],0,0,[],[]
42541500,42544330,NA,OLN,0.0,1315,AMF,NA,NA,NA,NA,0.0,0,-35.3,-20.8,[],0,0,[],[]
42544330,42545330,FEM,FAN,0.44,1315,AMF,EC,0,NT,FH,0.0,0,-30.7,-18.64,[],0,0,[],[]
42545330,42546330,NA,TVF,0.0,1316,pause,NA,NA,NA,NA,0.0,0,-39.94,-32.35,[],0,0,[],[]
42546330,42550580,NA,OLN,0.0,1316,pause,NA,NA,NA,NA,0.0,0,-28.4,-15.82,[],0,0,[],[]
42550580,42551580,NA,TVN,0.0,1316,pause,NA,NA,NA,NA,0.0,0,-39.68,-33.78,[],0,0,[],[]
42551580,42552380,NA,TVF,0.0,1316,pause,NA,NA,NA,NA,0.0,0,-45.28,-36.04,[],0,0,[],[]
42552380,42554270,OCH,CXN,0.0,1316,XIC,BC,0,NT,FI,0.0,0,-29.17,-18.25,[],0,0,[],[]
42554270,42555280,FEM,FAN,0.53,1316,XIC,RC,0,NT,FI,0.0,0,-32.13,-20.33,[],0,0,[],[]
42555280,42556110,NA,OLN,0.0,1316,XIC,NA,NA,NA,NA,0.0,0,-30.2,-22.31,[],0,0,[],[]
42556110,42557120,FEM,FAN,3.27,1316,XIC,RC,0,NT,FH,0.0,0,-23.75,-16.25,[],0,0,[],[]
42557120,42558200,NA,OLN,0.0,1316,XIC,NA,NA,NA,NA,0.0,0,-26.19,-17.38,[],0,0,[],[]
42558200,42559300,FEM,FAN,1.07,1316,XIC,RC,0,NT,FH,0.0,0,-27.59,-18.61,[],0,0,[],[]
42559300,42560100,NA,OLN,0.0,1316,XIC,NA,NA,NA,NA,0.0,0,-26.47,-14.65,[],0,0,[],[]
42560100,42563440,FEM,FAN,13.52,1316,XIC,RC,0,NT,FH,0.0,0,-26.86,-13.2,[],0,0,[],[]
42563440,42564240,NA,OLN,0.0,1316,XIC,NA,NA,NA,NA,0.0,0,-24.67,-16.72,[],0,0,[],[]
42564240,42566160,FEM,FAN,6.86,1316,XIC,RC,0,TIFI,FH,0.0,0,-24.93,-14.87,[],0,0,[],[]
42566160,42566860,CHI,CHN,0.0,1316,XIC,RC,1,TIFR,FI,1.0,700,-24.92,-18.98,"[{'Canonical-syllable': '0', 'Growl': '2', 'High-freq-energy': '3', 'Long-island': '0', 'Low-tilt-spectrum': '3', 'Medium-island': '0', 'Short-island': '2', 'Squeal': '0', 'Typical-entropy': '3', 'Voicing-quality': '3', 'Wide-band': '0', 'Xlong-island': '0', 'seq': '1', 'end': 42566.86, 'start': 42566.16}]",0,0,[],[]
42566860,42569170,FEM,FAN,8.33,1316,XIC,RC,1,TIFE,FI,0.0,0,-30.14,-18.3,[],0,0,[],[]
42569170,42570170,NA,TVN,0.0,1316,XIC,NA,NA,NA,NA,0.0,0,-46.35,-38.55,[],0,0,[],[]
42570170,42572100,NA,FAF,0.0,1316,XIC,NA,NA,NA,NA,0.0,0,-41.06,-31.91,[],0,0,[],[]
42572100,42573080,NA,OLN,0.0,1316,XIC,NA,NA,NA,NA,0.0,0,-38.36,-29.39,[],0,0,[],[]
42573080,42574750,FEM,FAN,3.9,1316,XIC,RC,1,NT,FH,0.0,0,-36.06,-26.71,[],0,0,[],[]
42574750,42575670,NA,OLN,0.0,1316,XIC,NA,NA,NA,NA,0.0,0,-34.42,-25.8,[],0,0,[],[]
42575670,42577280,NA,NON,0.0,1316,XIC,NA,NA,NA,NA,0.0,0,-37.09,-26.95,[],0,0,[],[]
42577280,42578310,MAL,MAN,3.88,1316,XIC,RC,1,NT,FI,0.0,0,-32.69,-23.63,[],0,0,[],[]
42578310,42579370,NA,OLF,0.0,1316,XIC,NA,NA,NA,NA,0.0,0,-37.41,-28.11,[],0,0,[],[]
42579370,42580370,NA,FAF,0.0,1316,XIC,NA,NA,NA,NA,0.0,0,-40.15,-33.52,[],0,0,[],[]
42580370,42581170,NA,OLN,0.0,1316,XIC,NA,NA,NA,NA,0.0,0,-37.19,-29.07,[],0,0,[],[]
42581170,42583070,FEM,FAN,5.19,1316,XIC,RC,1,NT,FI,0.0,0,-36.24,-24.76,[],0,0,[],[]
42583070,42584300,NA,OLN,0.0,1316,XIC,NA,NA,NA,NA,0.0,0,-35.25,-23.95,[],0,0,[],[]
42584300,42585100,NA,FAF,0.0,1316,XIC,NA,NA,NA,NA,0.0,0,-40.77,-34.52,[],0,0,[],[]
42585100,42586850,OCH,CXN,0.0,1316,XIC,RC,1,NT,FI,0.0,0,-40.42,-31.58,[],0,0,[],[]
42586850,42588070,FEM,FAN,7.36,1316,XIC,RC,1,NT,FI,0.0,0,-40.8,-32.25,[],0,0,[],[]
42588070,42588880,NA,TVN,0.0,1316,XIC,NA,NA,NA,NA,0.0,0,-43.03,-38.54,[],0,0,[],[]
42588880,42590260,FEM,FAN,8.6,1316,XIC,EC,1,NT,FH,0.0,0,-38.07,-27.36,[],0,0,[],[]
42590260,42591270,NA,TVN,0.0,1317,pause,NA,NA,NA,NA,0.0,0,-39.22,-31.43,[],0,0,[],[]
42591270,42592490,NA,TVF,0.0,1317,pause,NA,NA,NA,NA,0.0,0,-42.81,-37.76,[],0,0,[],[]
42592490,42593330,NA,TVN,0.0,1317,pause,NA,NA,NA,NA,0.0,0,-38.94,-31.87,[],0,0,[],[]
42593330,42594330,NA,TVN,0.0,1317,pause,NA,NA,NA,NA,0.0,0,-38.53,-30.38,[],0,0,[],[]
42594330,42595250,NA,OLF,0.0,1317,pause,NA,NA,NA,NA,0.0,0,-39.11,-32.8,[],0,0,[],[]
42595250,42596250,NA,TVN,0.0,1317,pause,NA,NA,NA,NA,0.0,0,-40.39,-30.48,[],0,0,[],[]
42596250,42597080,NA,OLF,0.0,1317,pause,NA,NA,NA,NA,0.0,0,-39.77,-30.92,[],0,0,[],[]
42597080,42600470,NA,FAF,0.0,1317,pause,NA,NA,NA,NA,0.0,0,-42.14,-31.93,[],0,0,[],[]
42600470,42601470,NA,TVF,0.0,1317,pause,NA,NA,NA,NA,0.0,0,-44.77,-37.82,[],0,0,[],[]
42601470,42602360,OCH,CXN,0.0,1317,XIOCA,BC,0,NT,FI,0.0,0,-39.89,-31.1,[],0,0,[],[]
42602360,42603340,NA,OLN,0.0,1317,XIOCA,NA,NA,NA,NA,0.0,0,-40.07,-33.41,[],0,0,[],[]
42603340,42604180,OCH,CXN,0.0,1317,XIOCA,RC,0,NT,FH,0.0,0,-41.89,-34.13,[],0,0,[],[]
42604180,42605740,OCH,CXN,0.0,1317,XIOCA,RC,0,NT,FH,0.0,0,-35.9,-24.11,[],0,0,[],[]
42605740,42606810,NA,TVN,0.0,1317,XIOCA,NA,NA,NA,NA,0.0,0,-38.57,-29.39,[],0,0,[],[]
42606810,42609130,FEM,FAN,10.07,1317,XIOCA,RC,0,NT,FI,0.0,0,-37.87,-26.98,[],0,0,[],[]
42609130,42610380,OCH,CXN,0.0,1317,XIOCA,RC,0,NT,FI,0.0,0,-40.66,-30.53,[],0,0,[],[]
42610380,42611940,NA,TVF,0.0,1317,XIOCA,NA,NA,NA,NA,0.0,0,-43.9,-34.54,[],0,0,[],[]
42611940,42612740,OCH,CXN,0.0,1317,XIOCA,RC,0,NT,FH,0.0,0,-43.69,-33.47,[],0,0,[],[]
42612740,42613620,NA,TVN,0.0,1317,XIOCA,NA,NA,NA,NA,0.0,0,-41.27,-31.8,[],0,0,[],[]
42613620,42615670,OCH,CXN,0.0,1317,XIOCA,EC,0,NT,FH,0.0,0,-36.19,-28.21,[],0,0,[],[]
42615670,42617030,NA,FAF,0.0,1318,pause,NA,NA,NA,NA,0.0,0,-43.59,-36.9,[],0,0,[],[]
42617030,42617630,NA,OLF,0.0,1318,pause,NA,NA,NA,NA,0.0,0,-46.67,-41.14,[],0,0,[],[]
42617630,42619120,NA,TVN,0.0,1318,pause,NA,NA,NA,NA,0.0,0,-42.69,-35.2,[],0,0,[],[]
42619120,42619920,NA,TVN,0.0,1318,pause,NA,NA,NA,NA,0.0,0,-41.51,-33.49,[],0,0,[],[]
42619920,42621240,NA,TVN,0.0,1318,pause,NA,NA,NA,NA,0.0,0,-41.09,-34.9,[],0,0,[],[]
42621240,42625870,OCH,CXN,0.0,1318,XM,EC,0,NT,FI,0.0,0,-41.52,-29.56,[],0,0,[],[]
42625870,42626700,NA,TVF,0.0,1319,pause,NA,NA,NA,NA,0.0,0,-40.74,-32.04,[],0,0,[],[]
42626700,42628620,NA,TVF,0.0,1319,pause,NA,NA,NA,NA,0.0,0,-41.29,-33.32,[],0,0,[],[]
42628620,42629660,NA,TVF,0.0,1319,pause,NA,NA,NA,NA,0.0,0,-43.02,-34.41,[],0,0,[],[]
42629660,42630490,NA,CXF,0.0,1319,pause,NA,NA,NA,NA,0.0,0,-39.07,-29.68,[],0,0,[],[]
42630490,42631630,NA,TVN,0.0,1319,pause,NA,NA,NA,NA,0.0,0,-38.17,-29.63,[],0,0,[],[]
42631630,42632690,NA,TVN,0.0,1319,pause,NA,NA,NA,NA,0.0,0,-37.74,-27.49,[],0,0,[],[]
42632690,42633970,NA,TVN,0.0,1319,pause,NA,NA,NA,NA,0.0,0,-36.36,-28.64,[],0,0,[],[]
42633970,42636180,NA,FAF,0.0,1319,pause,NA,NA,NA,NA,0.0,0,-40.17,-25.5,[],0,0,[],[]
42636180,42637680,NA,TVN,0.0,1319,pause,NA,NA,NA,NA,0.0,0,-40.86,-34.03,[],0,0,[],[]
42637680,42638680,NA,TVN,0.0,1319,pause,NA,NA,NA,NA,0.0,0,-43.96,-32.75,[],0,0,[],[]
42638680,42639680,NA,TVN,0.0,1319,pause,NA,NA,NA,NA,0.0,0,-48.44,-42.62,[],0,0,[],[]
42639680,42640760,NA,TVF,0.0,1319,pause,NA,NA,NA,NA,0.0,0,-47.03,-40.4,[],0,0,[],[]
42640760,42641570,NA,TVF,0.0,1319,pause,NA,NA,NA,NA,0.0,0,-43.03,-38.39,[],0,0,[],[]
42641570,42643040,NA,TVF,0.0,1319,pause,NA,NA,NA,NA,0.0,0,-44.49,-37.58,[],0,0,[],[]
42643040,42644470,NA,TVN,0.0,1319,pause,NA,NA,NA,NA,0.0,0,-44.0,-33.83,[],0,0,[],[]
42644470,42645530,NA,TVF,0.0,1319,pause,NA,NA,NA,NA,0.0,0,-43.04,-35.01,[],0,0,[],[]
42645530,42646590,NA,TVF,0.0,1319,pause,NA,NA,NA,NA,0.0,0,-47.71,-43.16,[],0,0,[],[]
42646590,42647390,NA,CXF,0.0,1319,pause,NA,NA,NA,NA,0.0,0,-48.87,-43.47,[],0,0,[],[]
42647390,42648410,NA,FAF,0.0,1319,pause,NA,NA,NA,NA,0.0,0,-43.23,-31.62,[],0,0,[],[]
42648410,42650780,NA,TVN,0.0,1319,pause,NA,NA,NA,NA,0.0,0,-43.02,-33.07,[],0,0,[],[]
42650780,42652310,OCH,CXN,0.0,1319,XIOCA,BC,0,NT,FI,0.0,0,-38.89,-30.45,[],0,0,[],[]
42652310,42653760,NA,TVN,0.0,1319,XIOCA,NA,NA,NA,NA,0.0,0,-40.46,-30.82,[],0,0,[],[]
42653760,42654620,NA,OLN,0.0,1319,XIOCA,NA,NA,NA,NA,0.0,0,-38.85,-31.92,[],0,0,[],[]
42654620,42656570,FEM,FAN,5.24,1319,XIOCA,RC,0,NT,FI,0.0,0,-38.62,-27.0,[],0,0,[],[]
42656570,42659400,OCH,CXN,0.0,1319,XIOCA,RC,0,NT,FI,0.0,0,-41.55,-31.63,[],0,0,[],[]
42659400,42660450,NA,TVF,0.0,1319,XIOCA,NA,NA,NA,NA,0.0,0,-43.51,-33.0,[],0,0,[],[]
42660450,42661990,NA,TVN,0.0,1319,XIOCA,NA,NA,NA,NA,0.0,0,-41.64,-30.56,[],0,0,[],[]
42661990,42662990,NA,TVF,0.0,1319,XIOCA,NA,NA,NA,NA,0.0,0,-43.85,-36.55,[],0,0,[],[]
42662990,42663820,FEM,FAN,3.6,1319,XIOCA,EC,0,NT,FI,0.0,0,-37.42,-28.93,[],0,0,[],[]
42663820,42665010,NA,TVN,0.0,1320,pause,NA,NA,NA,NA,0.0,0,-40.69,-32.29,[],0,0,[],[]
42665010,42666540,NA,TVN,0.0,1320,pause,NA,NA,NA,NA,0.0,0,-41.39,-31.48,[],0,0,[],[]
42666540,42667390,NA,TVF,0.0,1320,pause,NA,NA,NA,NA,0.0,0,-41.24,-32.8,[],0,0,[],[]
42667390,42668410,NA,TVF,0.0,1320,pause,NA,NA,NA,NA,0.0,0,-40.7,-34.19,[],0,0,[],[]
42668410,42670270,NA,OLN,0.0,1320,pause,NA,NA,NA,NA,0.0,0,-36.81,-31.16,[],0,0,[],[]
42670270,42671620,NA,TVF,0.0,1320,pause,NA,NA,NA,NA,0.0,0,-44.77,-34.82,[],0,0,[],[]
42671620,42672660,NA,CXF,0.0,1320,pause,NA,NA,NA,NA,0.0,0,-39.42,-30.28,[],0,0,[],[]
42672660,42676970,NA,TVN,0.0,1320,pause,NA,NA,NA,NA,0.0,0,-43.43,-34.08,[],0,0,[],[]
42676970,42678880,NA,FAF,0.0,1320,pause,NA,NA,NA,NA,0.0,0,-41.33,-35.23,[],0,0,[],[]
42678880,42679680,NA,TVN,0.0,1320,pause,NA,NA,NA,NA,0.0,0,-40.27,-35.47,[],0,0,[],[]
42679680,42680680,NA,TVN,0.0,1320,pause,NA,NA,NA,NA,0.0,0,-40.42,-33.11,[],0,0,[],[]
42680680,42681870,NA,FAF,0.0,1320,pause,NA,NA,NA,NA,0.0,0,-42.73,-36.47,[],0,0,[],[]
42681870,42683870,NA,TVF,0.0,1320,pause,NA,NA,NA,NA,0.0,0,-42.68,-33.14,[],0,0,[],[]
42683870,42684680,NA,TVF,0.0,1320,pause,NA,NA,NA,NA,0.0,0,-39.68,-34.74,[],0,0,[],[]
42684680,42687950,NA,TVF,0.0,1320,pause,NA,NA,NA,NA,0.0,0,-41.71,-32.01,[],0,0,[],[]
42687950,42689460,NA,TVN,0.0,1320,pause,NA,NA,NA,NA,0.0,0,-40.96,-34.02,[],0,0,[],[]
42689460,42691030,NA,OLF,0.0,1320,pause,NA,NA,NA,NA,0.0,0,-38.26,-31.84,[],0,0,[],[]
42691030,42692590,NA,TVN,0.0,1320,pause,NA,NA,NA,NA,0.0,0,-42.13,-37.26,[],0,0,[],[]
42692590,42693760,NA,TVF,0.0,1320,pause,NA,NA,NA,NA,0.0,0,-42.26,-38.46,[],0,0,[],[]
42693760,42694790,NA,TVF,0.0,1320,pause,NA,NA,NA,NA,0.0,0,-38.64,-32.14,[],0,0,[],[]
42694790,42696200,NA,TVF,0.0,1320,pause,NA,NA,NA,NA,0.0,0,-38.42,-32.94,[],0,0,[],[]
42696200,42698810,NA,TVF,0.0,1320,pause,NA,NA,NA,NA,0.0,0,-39.91,-29.99,[],0,0,[],[]
42698810,42699840,NA,TVF,0.0,1320,pause,NA,NA,NA,NA,0.0,0,-41.87,-37.17,[],0,0,[],[]
42699840,42701190,NA,TVF,0.0,1320,pause,NA,NA,NA,NA,0.0,0,-45.95,-36.47,[],0,0,[],[]
42701190,42701990,NA,OLF,0.0,1320,pause,NA,NA,NA,NA,0.0,0,-41.26,-36.89,[],0,0,[],[]
42701990,42703270,NA,FAF,0.0,1320,pause,NA,NA,NA,NA,0.0,0,-39.92,-36.15,[],0,0,[],[]
42703270,42708310,NA,OLF,0.0,1320,pause,NA,NA,NA,NA,0.0,0,-38.16,-24.61,[],0,0,[],[]
42708310,42709310,FEM,FAN,3.88,1320,AMF,EC,0,NT,FI,0.0,0,-37.27,-31.19,[],0,0,[],[]
42709310,42710800,NA,OLN,0.0,1321,pause,NA,NA,NA,NA,0.0,0,-36.67,-31.81,[],0,0,[],[]
42710800,42711800,NA,TVF,0.0,1321,pause,NA,NA,NA,NA,0.0,0,-39.46,-32.99,[],0,0,[],[]
42711800,42712660,NA,TVF,0.0,1321,pause,NA,NA,NA,NA,0.0,0,-39.67,-35.46,[],0,0,[],[]
42712660,42715090,NA,TVF,0.0,1321,pause,NA,NA,NA,NA,0.0,0,-38.93,-29.38,[],0,0,[],[]
42715090,42716040,NA,TVF,0.0,1321,pause,NA,NA,NA,NA,0.0,0,-39.53,-33.59,[],0,0,[],[]
42716040,42717040,NA,TVF,0.0,1321,pause,NA,NA,NA,NA,0.0,0,-41.28,-34.86,[],0,0,[],[]
42717040,42718890,NA,OLN,0.0,1321,pause,NA,NA,NA,NA,0.0,0,-35.66,-23.99,[],0,0,[],[]
42718890,42719960,NA,TVF,0.0,1321,pause,NA,NA,NA,NA,0.0,0,-38.45,-26.75,[],0,0,[],[]
42719960,42723030,FEM,FAN,11.94,1321,AMF,EC,0,NT,FI,0.0,0,-36.54,-24.74,[],0,0,[],[]
42723030,42723830,NA,TVN,0.0,1322,pause,NA,NA,NA,NA,0.0,0,-36.39,-28.32,[],0,0,[],[]
42723830,42724830,NA,TVN,0.0,1322,pause,NA,NA,NA,NA,0.0,0,-37.32,-29.63,[],0,0,[],[]
42724830,42730080,NA,OLN,0.0,1322,pause,NA,NA,NA,NA,0.0,0,-35.84,-22.77,[],0,0,[],[]
42730080,42731370,NA,NON,0.0,1322,pause,NA,NA,NA,NA,0.0,0,-24.24,-13.28,[],0,0,[],[]
42731370,42732370,NA,TVF,0.0,1322,pause,NA,NA,NA,NA,0.0,0,-36.49,-27.46,[],0,0,[],[]
42732370,42741460,NA,OLF,0.0,1322,pause,NA,NA,NA,NA,0.0,0,-32.91,-6.3,[],0,0,[],[]
42741460,42742320,NA,NOF,0.0,1322,pause,NA,NA,NA,NA,0.0,0,-44.06,-36.83,[],0,0,[],[]
42742320,42745720,NA,OLN,0.0,1322,pause,NA,NA,NA,NA,0.0,0,-21.71,-6.08,[],0,0,[],[]
42745720,42746720,FEM,FAN,4.47,1322,AMF,BC,0,NT,FI,0.0,0,-16.62,-11.07,[],0,0,[],[]
42746720,42747770,NA,OLN,0.0,1322,AMF,NA,NA,NA,NA,0.0,0,-34.47,-27.17,[],0,0,[],[]
42747770,42748800,FEM,FAN,5.07,1322,AMF,EC,0,NT,FH,0.0,0,-36.13,-26.35,[],0,0,[],[]
42748800,42750210,NA,OLN,0.0,1323,pause,NA,NA,NA,NA,0.0,0,-36.81,-31.05,[],0,0,[],[]
42750210,42751030,NA,NON,0.0,1323,pause,NA,NA,NA,NA,0.0,0,-26.46,-21.12,[],0,0,[],[]
42751030,42751830,NA,OLF,0.0,1323,pause,NA,NA,NA,NA,0.0,0,-39.14,-33.66,[],0,0,[],[]
42751830,42753240,NA,NON,0.0,1323,pause,NA,NA,NA,NA,0.0,0,-31.97,-23.89,[],0,0,[],[]
42753240,42756470,NA,OLF,0.0,1323,pause,NA,NA,NA,NA,0.0,0,-38.27,-28.11,[],0,0,[],[]
42756470,42757790,NA,FAF,0.0,1323,pause,NA,NA,NA,NA,0.0,0,-38.49,-30.2,[],0,0,[],[]
42757790,42758770,NA,OLN,0.0,1323,pause,NA,NA,NA,NA,0.0,0,-38.27,-30.03,[],0,0,[],[]
42758770,42760240,NA,TVN,0.0,1323,pause,NA,NA,NA,NA,0.0,0,-41.34,-35.51,[],0,0,[],[]
42760240,42761330,NA,TVF,0.0,1323,pause,NA,NA,NA,NA,0.0,0,-40.62,-32.84,[],0,0,[],[]
42761330,42762570,NA,TVN,0.0,1323,pause,NA,NA,NA,NA,0.0,0,-45.6,-33.93,[],0,0,[],[]
42762570,42763550,NA,NON,0.0,1323,pause,NA,NA,NA,NA,0.0,0,-19.94,-3.25,[],0,0,[],[]
42763550,42764530,OCH,CXN,0.0,1323,XM,EC,0,NT,FI,0.0,0,-44.04,-36.71,[],0,0,[],[]
42764530,42767110,NA,TVF,0.0,1324,pause,NA,NA,NA,NA,0.0,0,-38.59,-15.56,[],0,0,[],[]
42767110,42770460,NA,TVN,0.0,1324,pause,NA,NA,NA,NA,0.0,0,-43.78,-27.24,[],0,0,[],[]
42770460,42771940,NA,OLF,0.0,1324,pause,NA,NA,NA,NA,0.0,0,-27.09,-9.71,[],0,0,[],[]
42771940,42782060,NA,TVN,0.0,1324,pause,NA,NA,NA,NA,0.0,0,-41.03,-32.68,[],0,0,[],[]
42782060,42782860,NA,TVF,0.0,1324,pause,NA,NA,NA,NA,0.0,0,-43.32,-36.48,[],0,0,[],[]
42782860,42783860,NA,TVN,0.0,1324,pause,NA,NA,NA,NA,0.0,0,-43.57,-35.56,[],0,0,[],[]
42783860,42784790,NA,OLF,0.0,1324,pause,NA,NA,NA,NA,0.0,0,-16.53,-4.06,[],0,0,[],[]
42784790,42785950,NA,TVN,0.0,1324,pause,NA,NA,NA,NA,0.0,0,-38.04,-26.32,[],0,0,[],[]
42785950,42789730,OCH,CXN,0.0,1324,XIOCA,BC,0,NT,FI,0.0,0,-42.09,-31.87,[],0,0,[],[]
42789730,42790730,FEM,FAN,6.29,1324,XIOCA,RC,0,NT,FI,0.0,0,-41.58,-35.38,[],0,0,[],[]
42790730,42791560,OCH,CXN,0.0,1324,XIOCA,RC,0,NT,FI,0.0,0,-41.49,-32.3,[],0,0,[],[]
42791560,42792610,NA,FAF,0.0,1324,XIOCA,NA,NA,NA,NA,0.0,0,-44.22,-37.37,[],0,0,[],[]
42792610,42793930,OCH,CXN,0.0,1324,XIOCA,RC,0,NT,FH,0.0,0,-39.72,-28.28,[],0,0,[],[]
42793930,42795470,OCH,CXN,0.0,1324,XIOCA,RC,0,NT,FH,0.0,0,-23.7,-4.77,[],0,0,[],[]
42795470,42796320,NA,CXF,0.0,1324,XIOCA,NA,NA,NA,NA,0.0,0,-22.9,-6.05,[],0,0,[],[]
42796320,42797320,NA,FAF,0.0,1324,XIOCA,NA,NA,NA,NA,0.0,0,-46.52,-35.38,[],0,0,[],[]
42797320,42799470,OCH,CXN,0.0,1324,XIOCA,RC,0,NT,FH,0.0,0,-43.86,-32.23,[],0,0,[],[]
42799470,42800330,NA,OLN,0.0,1324,XIOCA,NA,NA,NA,NA,0.0,0,-39.8,-34.31,[],0,0,[],[]
42800330,42802770,OCH,CXN,0.0,1324,XIOCA,RC,0,NT,FH,0.0,0,-35.02,-15.59,[],0,0,[],[]
42802770,42803770,NA,TVF,0.0,1324,XIOCA,NA,NA,NA,NA,0.0,0,-45.07,-36.59,[],0,0,[],[]
42803770,42805330,OCH,CXN,0.0,1324,XIOCA,RC,0,NT,FH,0.0,0,-43.05,-37.25,[],0,0,[],[]
42805330,42806370,NA,TVN,0.0,1324,XIOCA,NA,NA,NA,NA,0.0,0,-42.88,-36.26,[],0,0,[],[]
42806370,42807250,OCH,CXN,0.0,1324,XIOCA,EC,0,NT,FH,0.0,0,-43.46,-35.53,[],0,0,[],[]
42807250,42808690,NA,TVF,0.0,1325,pause,NA,NA,NA,NA,0.0,0,-48.2,-37.74,[],0,0,[],[]
42808690,42810500,NA,FAF,0.0,1325,pause,NA,NA,NA,NA,0.0,0,-43.57,-36.57,[],0,0,[],[]
42810500,42811300,NA,OLF,0.0,1325,pause,NA,NA,NA,NA,0.0,0,-21.72,-5.42,[],0,0,[],[]
42811300,42812510,NA,CXF,0.0,1325,pause,NA,NA,NA,NA,0.0,0,-42.84,-35.83,[],0,0,[],[]
42812510,42813540,FEM,FAN,4.42,1325,AIOCF,BC,0,NT,FI,0.0,0,-42.34,-35.32,[],0,0,[],[]
42813540,42815120,NA,CXF,0.0,1325,AIOCF,NA,NA,NA,NA,0.0,0,-17.61,-3.32,[],0,0,[],[]
42815120,42815920,NA,NON,0.0,1325,AIOCF,NA,NA,NA,NA,0.0,0,-14.37,-1.57,[],0,0,[],[]
42815920,42818230,OCH,CXN,0.0,1325,AIOCF,RC,0,NT,FI,0.0,0,-41.39,-35.78,[],0,0,[],[]
42818230,42819230,FEM,FAN,2.82,1325,AIOCF,RC,0,NT,FI,0.0,0,-40.04,-34.36,[],0,0,[],[]
42819230,42820030,OCH,CXN,0.0,1325,AIOCF,RC,0,NT,FI,0.0,0,-42.54,-36.06,[],0,0,[],[]
42820030,42821040,NA,TVN,0.0,1325,AIOCF,NA,NA,NA,NA,0.0,0,-39.76,-33.82,[],0,0,[],[]
42821040,42822810,NA,FAF,0.0,1325,AIOCF,NA,NA,NA,NA,0.0,0,-44.85,-34.45,[],0,0,[],[]
42822810,42824320,NA,TVF,0.0,1325,AIOCF,NA,NA,NA,NA,0.0,0,-44.06,-32.13,[],0,0,[],[]
42824320,42825640,OCH,CXN,0.0,1325,AIOCF,RC,0,NT,FH,0.0,0,-41.41,-23.0,[],0,0,[],[]
42825640,42826450,NA,CXF,0.0,1325,AIOCF,NA,NA,NA,NA,0.0,0,-47.61,-42.09,[],0,0,[],[]
42826450,42828340,OCH,CXN,0.0,1325,AIOCF,EC,0,NT,FH,0.0,0,-42.5,-35.75,[],0,0,[],[]
42828340,42829790,NA,TVF,0.0,1326,pause,NA,NA,NA,NA,0.0,0,-39.36,-20.83,[],0,0,[],[]
42829790,42831180,NA,TVF,0.0,1326,pause,NA,NA,NA,NA,0.0,0,-41.58,-35.35,[],0,0,[],[]
42831180,42832180,NA,FAF,0.0,1326,pause,NA,NA,NA,NA,0.0,0,-43.18,-38.29,[],0,0,[],[]
42832180,42833450,NA,TVN,0.0,1326,pause,NA,NA,NA,NA,0.0,0,-41.5,-33.55,[],0,0,[],[]
42833450,42834790,NA,TVF,0.0,1326,pause,NA,NA,NA,NA,0.0,0,-44.96,-37.48,[],0,0,[],[]
42834790,42836450,NA,TVF,0.0,1326,pause,NA,NA,NA,NA,0.0,0,-42.91,-32.55,[],0,0,[],[]
42836450,42837610,NA,TVN,0.0,1326,pause,NA,NA,NA,NA,0.0,0,-41.91,-35.12,[],0,0,[],[]
42837610,42838420,NA,FAF,0.0,1326,pause,NA,NA,NA,NA,0.0,0,-42.79,-34.03,[],0,0,[],[]
42838420,42839420,NA,TVF,0.0,1326,pause,NA,NA,NA,NA,0.0,0,-45.01,-39.44,[],0,0,[],[]
42839420,42840250,NA,OLN,0.0,1326,pause,NA,NA,NA,NA,0.0,0,-39.48,-34.95,[],0,0,[],[]
42840250,42841260,NA,TVF,0.0,1326,pause,NA,NA,NA,NA,0.0,0,-45.68,-40.01,[],0,0,[],[]
42841260,42842090,OCH,CXN,0.0,1326,XM,EC,0,NT,FI,0.0,0,-42.16,-34.72,[],0,0,[],[]
42842090,42844860,NA,FAF,0.0,1327,pause,NA,NA,NA,NA,0.0,0,-43.45,-37.13,[],0,0,[],[]
42844860,42845890,NA,TVF,0.0,1327,pause,NA,NA,NA,NA,0.0,0,-44.8,-32.86,[],0,0,[],[]
42845890,42847070,NA,TVN,0.0,1327,pause,NA,NA,NA,NA,0.0,0,-45.28,-38.48,[],0,0,[],[]
42847070,42848850,NA,TVF,0.0,1327,pause,NA,NA,NA,NA,0.0,0,-47.87,-38.47,[],0,0,[],[]
42848850,42850380,NA,CXF,0.0,1327,pause,NA,NA,NA,NA,0.0,0,-44.38,-36.65,[],0,0,[],[]
42850380,42851610,NA,FAF,0.0,1327,pause,NA,NA,NA,NA,0.0,0,-47.23,-40.3,[],0,0,[],[]
42851610,42852430,OCH,CXN,0.0,1327,XM,BC,0,NT,FI,0.0,0,-40.15,-33.45,[],0,0,[],[]
42852430,42853570,FEM,FAN,0.0,1327,XM,NA,NA,NA,NA,0.0,0,-45.05,-37.32,[],1140,0,[],[]
42853570,42854860,OCH,CXN,0.0,1327,XM,EC,0,NT,FH,0.0,0,-41.93,-34.85,[],0,0,[],[]
42854860,42856210,NA,TVN,0.0,1328,pause,NA,NA,NA,NA,0.0,0,-42.2,-31.51,[],0,0,[],[]
42856210,42857210,NA,TVN,0.0,1328,pause,NA,NA,NA,NA,0.0,0,-41.91,-34.0,[],0,0,[],[]
42857210,42858020,NA,TVN,0.0,1328,pause,NA,NA,NA,NA,0.0,0,-40.09,-32.07,[],0,0,[],[]
42858020,42859390,NA,TVN,0.0,1328,pause,NA,NA,NA,NA,0.0,0,-42.65,-33.17,[],0,0,[],[]
42859390,42860630,NA,TVN,0.0,1328,pause,NA,NA,NA,NA,0.0,0,-44.73,-37.23,[],0,0,[],[]
42860630,42861640,NA,TVN,0.0,1328,pause,NA,NA,NA,NA,0.0,0,-41.33,-34.55,[],0,0,[],[]
42861640,42862680,NA,TVF,0.0,1328,pause,NA,NA,NA,NA,0.0,0,-44.54,-36.36,[],0,0,[],[]
42862680,42863480,NA,TVN,0.0,1328,pause,NA,NA,NA,NA,0.0,0,-45.0,-37.96,[],0,0,[],[]
42863480,42865080,NA,TVN,0.0,1328,pause,NA,NA,NA,NA,0.0,0,-40.43,-31.47,[],0,0,[],[]
42865080,42865880,OCH,CXN,0.0,1328,XM,EC,0,NT,FI,0.0,0,-41.13,-32.41,[],0,0,[],[]
42865880,42867070,NA,TVF,0.0,1329,pause,NA,NA,NA,NA,0.0,0,-51.05,-42.41,[],0,0,[],[]
42867070,42867870,NA,CXF,0.0,1329,pause,NA,NA,NA,NA,0.0,0,-46.47,-38.63,[],0,0,[],[]
42867870,42868730,NA,FAF,0.0,1329,pause,NA,NA,NA,NA,0.0,0,-51.32,-44.4,[],0,0,[],[]
42868730,42871990,NA,CXF,0.0,1329,pause,NA,NA,NA,NA,0.0,0,-42.88,-34.94,[],0,0,[],[]
42871990,42873770,NA,TVN,0.0,1329,pause,NA,NA,NA,NA,0.0,0,-45.28,-31.81,[],0,0,[],[]
42873770,42875380,OCH,CXN,0.0,1329,XIOCA,BC,0,NT,FI,0.0,0,-41.58,-33.77,[],0,0,[],[]
42875380,42876430,FEM,FAN,7.31,1329,XIOCA,RC,0,NT,FI,0.0,0,-41.24,-29.4,[],0,0,[],[]
42876430,42877460,OCH,CXN,0.0,1329,XIOCA,RC,0,NT,FI,0.0,0,-42.34,-31.74,[],0,0,[],[]
42877460,42878630,NA,TVN,0.0,1329,XIOCA,NA,NA,NA,NA,0.0,0,-39.34,-33.07,[],0,0,[],[]
42878630,42879480,NA,OLN,0.0,1329,XIOCA,NA,NA,NA,NA,0.0,0,-40.23,-35.25,[],0,0,[],[]
42879480,42880680,NA,TVN,0.0,1329,XIOCA,NA,NA,NA,NA,0.0,0,-39.58,-31.56,[],0,0,[],[]
42880680,42881520,OCH,CXN,0.0,1329,XIOCA,EC,0,NT,FH,0.0,0,-36.94,-31.51,[],0,0,[],[]
42881520,42883600,NA,TVF,0.0,1330,pause,NA,NA,NA,NA,0.0,0,-44.8,-36.68,[],0,0,[],[]
42883600,42885320,NA,TVN,0.0,1330,pause,NA,NA,NA,NA,0.0,0,-43.97,-34.81,[],0,0,[],[]
42885320,42886490,NA,CXF,0.0,1330,pause,NA,NA,NA,NA,0.0,0,-42.63,-35.55,[],0,0,[],[]
42886490,42887490,NA,FAF,0.0,1330,pause,NA,NA,NA,NA,0.0,0,-41.63,-32.63,[],0,0,[],[]
42887490,42888290,NA,OLF,0.0,1330,pause,NA,NA,NA,NA,0.0,0,-43.89,-39.88,[],0,0,[],[]
42888290,42889280,OCH,CXN,0.0,1330,XM,EC,0,NT,FI,0.0,0,-42.11,-35.47,[],0,0,[],[]
42889280,42890300,NA,FAF,0.0,1331,pause,NA,NA,NA,NA,0.0,0,-43.95,-36.82,[],0,0,[],[]
42890300,42892310,NA,CXF,0.0,1331,pause,NA,NA,NA,NA,0.0,0,-41.35,-31.91,[],0,0,[],[]
42892310,42895060,NA,NOF,0.0,1331,pause,NA,NA,NA,NA,0.0,0,-49.5,-41.19,[],0,0,[],[]
42895060,42895880,NA,CXF,0.0,1331,pause,NA,NA,NA,NA,0.0,0,-43.23,-33.84,[],0,0,[],[]
42895880,42897110,NA,OLF,0.0,1331,pause,NA,NA,NA,NA,0.0,0,-46.25,-38.38,[],0,0,[],[]
42897110,42900830,NA,TVN,0.0,1331,pause,NA,NA,NA,NA,0.0,0,-42.7,-31.51,[],0,0,[],[]
42900830,42901860,NA,TVN,0.0,1331,pause,NA,NA,NA,NA,0.0,0,-41.99,-29.96,[],0,0,[],[]
42901860,42902700,OCH,CXN,0.0,1331,XM,BC,0,NT,FI,0.0,0,-39.54,-32.18,[],0,0,[],[]
42902700,42903720,NA,TVN,0.0,1331,XM,NA,NA,NA,NA,0.0,0,-48.23,-40.14,[],0,0,[],[]
42903720,42905220,NA,TVF,0.0,1331,XM,NA,NA,NA,NA,0.0,0,-43.98,-35.53,[],0,0,[],[]
42905220,42906310,OCH,CXN,0.0,1331,XM,RC,0,NT,FH,0.0,0,-41.97,-35.91,[],0,0,[],[]
42906310,42907520,NA,TVF,0.0,1331,XM,NA,NA,NA,NA,0.0,0,-46.62,-37.23,[],0,0,[],[]
42907520,42909520,NA,TVN,0.0,1331,XM,NA,NA,NA,NA,0.0,0,-44.6,-35.42,[],0,0,[],[]
42909520,42910520,NA,TVN,0.0,1331,XM,NA,NA,NA,NA,0.0,0,-40.53,-31.96,[],0,0,[],[]
42910520,42911320,OCH,CXN,0.0,1331,XM,RC,0,NT,FH,0.0,0,-39.58,-29.83,[],0,0,[],[]
42911320,42912510,NA,TVN,0.0,1331,XM,NA,NA,NA,NA,0.0,0,-45.25,-38.1,[],0,0,[],[]
42912510,42913310,OCH,CXN,0.0,1331,XM,EC,0,NT,FH,0.0,0,-43.2,-34.12,[],0,0,[],[]
42913310,42914460,NA,TVF,0.0,1332,pause,NA,NA,NA,NA,0.0,0,-41.77,-34.7,[],0,0,[],[]
42914460,42916560,NA,TVF,0.0,1332,pause,NA,NA,NA,NA,0.0,0,-45.98,-38.16,[],0,0,[],[]
42916560,42918860,NA,TVF,0.0,1332,pause,NA,NA,NA,NA,0.0,0,-43.16,-33.14,[],0,0,[],[]
42918860,42919870,NA,TVN,0.0,1332,pause,NA,NA,NA,NA,0.0,0,-44.72,-40.11,[],0,0,[],[]
42919870,42921250,NA,TVF,0.0,1332,pause,NA,NA,NA,NA,0.0,0,-46.05,-37.57,[],0,0,[],[]
42921250,42922180,NA,OLF,0.0,1332,pause,NA,NA,NA,NA,0.0,0,-39.55,-35.28,[],0,0,[],[]
42922180,42924520,NA,CXF,0.0,1332,pause,NA,NA,NA,NA,0.0,0,-40.51,-29.79,[],0,0,[],[]
42924520,42926190,NA,TVN,0.0,1332,pause,NA,NA,NA,NA,0.0,0,-45.36,-33.9,[],0,0,[],[]
42926190,42927000,NA,TVF,0.0,1332,pause,NA,NA,NA,NA,0.0,0,-43.69,-36.45,[],0,0,[],[]
42927000,42931700,NA,OLF,0.0,1332,pause,NA,NA,NA,NA,0.0,0,-42.36,-24.33,[],0,0,[],[]
42931700,42932700,NA,TVF,0.0,1332,pause,NA,NA,NA,NA,0.0,0,-41.05,-33.35,[],0,0,[],[]
42932700,42933580,NA,CXF,0.0,1332,pause,NA,NA,NA,NA,0.0,0,-49.29,-42.44,[],0,0,[],[]
42933580,42934600,NA,SIL,0.0,1332,pause,NA,NA,NA,NA,0.0,0,-51.51,-45.58,[],0,0,[],[]
42934600,42935430,NA,NOF,0.0,1332,pause,NA,NA,NA,NA,0.0,0,-45.64,-37.05,[],0,0,[],[]
42935430,42936430,FEM,FAN,3.39,1332,AMF,EC,0,NT,FI,0.0,0,-34.64,-25.12,[],0,0,[],[]
42936430,42937230,NA,NOF,0.0,1333,pause,NA,NA,NA,NA,0.0,0,-49.96,-43.99,[],0,0,[],[]
42937230,42938190,NA,OLN,0.0,1333,pause,NA,NA,NA,NA,0.0,0,-40.38,-33.8,[],0,0,[],[]
42938190,42939220,NA,NON,0.0,1333,pause,NA,NA,NA,NA,0.0,0,-25.47,-9.1,[],0,0,[],[]
42939220,42940300,NA,CXF,0.0,1333,pause,NA,NA,NA,NA,0.0,0,-42.52,-30.64,[],0,0,[],[]
42940300,42941190,NA,NOF,0.0,1333,pause,NA,NA,NA,NA,0.0,0,-38.97,-23.96,[],0,0,[],[]
42941190,42942170,NA,OLF,0.0,1333,pause,NA,NA,NA,NA,0.0,0,-34.42,-23.39,[],0,0,[],[]
42942170,42945270,NA,NOF,0.0,1333,pause,NA,NA,NA,NA,0.0,0,-38.86,-24.64,[],0,0,[],[]
42945270,42946100,OCH,CXN,0.0,1333,XIOCC,BC,0,NT,FI,0.0,0,-15.32,-7.62,[],0,0,[],[]
42946100,42946770,CHI,CHN,0.0,1333,XIOCC,RC,0,NT,FI,1.0,670,-12.43,-6.11,"[{'Canonical-syllable': '0', 'Growl': '0', 'High-freq-energy': '1', 'Long-island': '1', 'Low-tilt-spectrum': '1', 'Medium-island': '0', 'Short-island': '0', 'Squeal': '0', 'Typical-entropy': '1', 'Voicing-quality': '1', 'Wide-band': '0', 'Xlong-island': '0', 'seq': '1', 'end': 42946.77, 'start': 42946.1}]",0,0,[],[]
42946770,42947850,OCH,CXN,0.0,1333,XIOCC,RC,0,NT,FI,0.0,0,-29.24,-16.52,[],0,0,[],[]
42947850,42948530,OCH,CXN,0.0,1333,XIOCC,RC,0,NT,FH,0.0,0,-14.97,-7.4,[],0,0,[],[]
42948530,42950110,OCH,CXN,0.0,1333,XIOCC,EC,0,NT,FH,0.0,0,-17.74,-7.86,[],0,0,[],[]
42950110,42950720,CHI,CHN,0.0,1334,pause,NA,NA,NA,NA,0.0,0,-15.56,-8.73,[],0,530,"[{'start': 42950.11, 'end': 42950.64}]",[]
42950720,42951590,NA,NOF,0.0,1334,pause,NA,NA,NA,NA,0.0,0,-45.33,-38.49,[],0,0,[],[]
42951590,42953000,NA,OLF,0.0,1334,pause,NA,NA,NA,NA,0.0,0,-43.06,-33.61,[],0,0,[],[]
42953000,42954130,CHI,CHN,0.0,1334,pause,NA,NA,NA,NA,0.0,0,-14.28,-4.6,[],0,1130,"[{'start': 42953.0, 'end': 42954.13}]",[]
42954130,42955370,NA,OLF,0.0,1334,pause,NA,NA,NA,NA,0.0,0,-39.82,-26.63,[],0,0,[],[]
42955370,42956170,CHI,CHN,0.0,1334,CIC,BC,0,NT,FI,1.0,800,-13.14,-6.54,"[{'Canonical-syllable': '0', 'Growl': '0', 'High-freq-energy': '0', 'Long-island': '1', 'Low-tilt-spectrum': '1', 'Medium-island': '0', 'Short-island': '0', 'Squeal': '0', 'Typical-entropy': '1', 'Voicing-quality': '1', 'Wide-band': '0', 'Xlong-island': '0', 'seq': '1', 'end': 42956.17, 'start': 42955.37}]",0,0,[],[]
42956170,42957600,NA,OLF,0.0,1334,CIC,NA,NA,NA,NA,0.0,0,-39.32,-28.27,[],0,0,[],[]
42957600,42959120,NA,NOF,0.0,1334,CIC,NA,NA,NA,NA,0.0,0,-42.44,-28.76,[],0,0,[],[]
42959120,42960030,NA,OLF,0.0,1334,CIC,NA,NA,NA,NA,0.0,0,-42.37,-26.39,[],0,0,[],[]
42960030,42960630,CHI,CHN,0.0,1334,CIC,RC,0,NT,FH,1.0,600,-16.25,-5.84,"[{'Canonical-syllable': '0', 'Growl': '0', 'High-freq-energy': '0', 'Long-island': '0', 'Low-tilt-spectrum': '2', 'Medium-island': '0', 'Short-island': '1', 'Squeal': '0', 'Typical-entropy': '2', 'Voicing-quality': '2', 'Wide-band': '1', 'Xlong-island': '0', 'seq': '1', 'end': 42960.63, 'start': 42960.3}]",0,0,[],[]
42960630,42961910,CHI,CHN,0.0,1334,CIC,RC,0,TIMI,FH,1.0,1280,-15.52,-8.21,"[{'Canonical-syllable': '0', 'Growl': '0', 'High-freq-energy': '0', 'Long-island': '0', 'Low-tilt-spectrum': '0', 'Medium-island': '2', 'Short-island': '1', 'Squeal': '0', 'Typical-entropy': '1', 'Voicing-quality': '3', 'Wide-band': '0', 'Xlong-island': '0', 'seq': '1', 'end': 42961.91, 'start': 42960.63}]",0,0,[],[]
42961910,42962950,MAL,MAN,5.19,1334,CIC,RC,1,TIMR,FI,0.0,0,-34.29,-23.98,[],0,0,[],[]
42962950,42963980,CHI,CHN,0.0,1334,CIC,RC,1,TIME,FI,1.0,1030,-17.28,-7.36,"[{'Canonical-syllable': '0', 'Growl': '0', 'High-freq-energy': '0', 'Long-island': '0', 'Low-tilt-spectrum': '0', 'Medium-island': '1', 'Short-island': '1', 'Squeal': '0', 'Typical-entropy': '0', 'Voicing-quality': '2', 'Wide-band': '0', 'Xlong-island': '0', 'seq': '1', 'end': 42963.98, 'start': 42963.06}]",0,0,[],[]
42963980,42964890,OCH,CXN,0.0,1334,CIC,EC,1,NT,FI,0.0,0,-30.21,-23.31,[],0,0,[],[]
42964890,42967190,NA,OLF,0.0,1335,pause,NA,NA,NA,NA,0.0,0,-37.82,-27.01,[],0,0,[],[]
42967190,42968450,NA,NOF,0.0,1335,pause,NA,NA,NA,NA,0.0,0,-42.12,-27.2,[],0,0,[],[]
42968450,42970530,NA,OLF,0.0,1335,pause,NA,NA,NA,NA,0.0,0,-26.62,-9.47,[],0,0,[],[]
42970530,42971330,NA,NOF,0.0,1335,pause,NA,NA,NA,NA,0.0,0,-34.71,-22.32,[],0,0,[],[]
42971330,42974980,NA,OLN,0.0,1335,pause,NA,NA,NA,NA,0.0,0,-37.09,-27.64,[],0,0,[],[]
42974980,42975580,CHI,CHN,0.0,1335,pause,NA,NA,NA,NA,0.0,0,-15.72,-10.78,[],0,490,"[{'start': 42974.98, 'end': 42975.47}]",[]
42975580,42977150,CHI,CHN,0.0,1335,CIOCX,BC,0,NT,FI,1.0,1570,-16.7,-8.42,"[{'Canonical-syllable': '2', 'Growl': '0', 'High-freq-energy': '0', 'Long-island': '1', 'Low-tilt-spectrum': '0', 'Medium-island': '0', 'Short-island': '2', 'Squeal': '0', 'Typical-entropy': '1', 'Voicing-quality': '3', 'Wide-band': '0', 'Xlong-island': '0', 'seq': '1', 'end': 42977.15, 'start': 42975.73}]",0,0,[],[]
42977150,42979760,NA,OLN,0.0,1335,CIOCX,NA,NA,NA,NA,0.0,0,-19.29,-10.26,[],0,0,[],[]
42979760,42981000,OCH,CXN,0.0,1335,CIOCX,EC,0,NT,FI,0.0,0,-22.8,-13.44,[],0,0,[],[]
42981000,42989250,NA,OLN,0.0,1336,pause,NA,NA,NA,NA,0.0,0,-21.18,-1.77,[],0,0,[],[]
42989250,42990930,NA,NOF,0.0,1336,pause,NA,NA,NA,NA,0.0,0,-40.68,-32.14,[],0,0,[],[]
42990930,42991770,NA,OLF,0.0,1336,pause,NA,NA,NA,NA,0.0,0,-38.25,-30.73,[],0,0,[],[]
42991770,42993160,NA,NOF,0.0,1336,pause,NA,NA,NA,NA,0.0,0,-39.01,-26.96,[],0,0,[],[]
42993160,42994970,NA,OLF,0.0,1336,pause,NA,NA,NA,NA,0.0,0,-23.01,-5.1,[],0,0,[],[]
42994970,42995770,NA,NOF,0.0,1336,pause,NA,NA,NA,NA,0.0,0,-34.54,-20.77,[],0,0,[],[]
42995770,42996620,NA,OLF,0.0,1336,pause,NA,NA,NA,NA,0.0,0,-41.84,-36.4,[],0,0,[],[]
42996620,43000050,NA,NOF,0.0,1336,pause,NA,NA,NA,NA,0.0,0,-40.4,-24.07,[],0,0,[],[]
43000050,43000850,NA,OLF,0.0,1336,pause,NA,NA,NA,NA,0.0,0,-38.04,-27.33,[],0,0,[],[]
43000850,43001540,CHI,CHN,0.0,1336,CM,EC,0,NT,FI,1.0,690,-21.23,-12.02,"[{'Canonical-syllable': '0', 'Growl': '2', 'High-freq-energy': '0', 'Long-island': '0', 'Low-tilt-spectrum': '0', 'Medium-island': '0', 'Short-island': '1', 'Squeal': '0', 'Typical-entropy': '2', 'Voicing-quality': '3', 'Wide-band': '0', 'Xlong-island': '0', 'seq': '1', 'end': 43001.54, 'start': 43001.04}]",0,0,[],[]
43001540,43002550,NA,TVN,0.0,1337,pause,NA,NA,NA,NA,0.0,0,-37.94,-28.12,[],0,0,[],[]
43002550,43007590,NA,OLN,0.0,1337,pause,NA,NA,NA,NA,0.0,0,-26.23,-6.84,[],0,0,[],[]
43007590,43008190,CHI,CHN,0.0,1337,pause,NA,NA,NA,NA,0.0,0,-30.65,-20.0,[],0,600,[],"[{'start': 43007.59, 'end': 43008.19}]"
43008190,43010110,NA,OLF,0.0,1337,pause,NA,NA,NA,NA,0.0,0,-30.26,-12.68,[],0,0,[],[]
43010110,43011120,NA,TVF,0.0,1337,pause,NA,NA,NA,NA,0.0,0,-41.94,-33.63,[],0,0,[],[]
43011120,43011950,NA,CXF,0.0,1337,pause,NA,NA,NA,NA,0.0,0,-40.92,-31.71,[],0,0,[],[]
43011950,43013080,NA,OLF,0.0,1337,pause,NA,NA,NA,NA,0.0,0,-38.76,-29.18,[],0,0,[],[]
43013080,43013880,NA,NOF,0.0,1337,pause,NA,NA,NA,NA,0.0,0,-42.37,-31.98,[],0,0,[],[]
43013880,43014780,NA,CXF,0.0,1337,pause,NA,NA,NA,NA,0.0,0,-42.69,-34.1,[],0,0,[],[]
43014780,43016000,NA,TVN,0.0,1337,pause,NA,NA,NA,NA,0.0,0,-43.23,-36.92,[],0,0,[],[]
43016000,43016900,NA,TVF,0.0,1337,pause,NA,NA,NA,NA,0.0,0,-42.84,-34.29,[],0,0,[],[]
43016900,43018240,NA,TVF,0.0,1337,pause,NA,NA,NA,NA,0.0,0,-41.69,-34.06,[],0,0,[],[]
43018240,43019120,NA,TVN,0.0,1337,pause,NA,NA,NA,NA,0.0,0,-42.6,-31.32,[],0,0,[],[]
43019120,43021530,NA,TVF,0.0,1337,pause,NA,NA,NA,NA,0.0,0,-40.99,-29.33,[],0,0,[],[]
43021530,43022540,NA,TVN,0.0,1337,pause,NA,NA,NA,NA,0.0,0,-45.58,-37.03,[],0,0,[],[]
43022540,43023560,NA,TVF,0.0,1337,pause,NA,NA,NA,NA,0.0,0,-46.86,-41.32,[],0,0,[],[]
43023560,43024800,NA,TVF,0.0,1337,pause,NA,NA,NA,NA,0.0,0,-43.75,-35.6,[],0,0,[],[]
43024800,43025820,NA,TVN,0.0,1337,pause,NA,NA,NA,NA,0.0,0,-43.95,-37.2,[],0,0,[],[]
43025820,43026890,NA,FAF,0.0,1337,pause,NA,NA,NA,NA,0.0,0,-45.93,-34.65,[],0,0,[],[]
43026890,43027700,NA,TVF,0.0,1337,pause,NA,NA,NA,NA,0.0,0,-46.28,-41.52,[],0,0,[],[]
43027700,43028700,NA,TVN,0.0,1337,pause,NA,NA,NA,NA,0.0,0,-43.24,-36.48,[],0,0,[],[]
43028700,43029680,NA,TVN,0.0,1337,pause,NA,NA,NA,NA,0.0,0,-43.27,-32.52,[],0,0,[],[]
43029680,43030680,NA,TVF,0.0,1337,pause,NA,NA,NA,NA,0.0,0,-47.18,-37.9,[],0,0,[],[]
43030680,43031480,NA,TVN,0.0,1337,pause,NA,NA,NA,NA,0.0,0,-45.13,-37.28,[],0,0,[],[]
43031480,43032510,NA,TVF,0.0,1337,pause,NA,NA,NA,NA,0.0,0,-45.7,-39.71,[],0,0,[],[]
43032510,43036880,NA,TVF,0.0,1337,pause,NA,NA,NA,NA,0.0,0,-45.98,-37.93,[],0,0,[],[]
43036880,43037680,NA,OLF,0.0,1337,pause,NA,NA,NA,NA,0.0,0,-39.97,-37.18,[],0,0,[],[]
43037680,43038690,NA,TVN,0.0,1337,pause,NA,NA,NA,NA,0.0,0,-38.26,-35.69,[],0,0,[],[]
43038690,43039810,NA,TVN,0.0,1337,pause,NA,NA,NA,NA,0.0,0,-39.67,-35.37,[],0,0,[],[]
43039810,43041120,NA,TVF,0.0,1337,pause,NA,NA,NA,NA,0.0,0,-41.43,-32.34,[],0,0,[],[]
43041120,43041920,NA,TVF,0.0,1337,pause,NA,NA,NA,NA,0.0,0,-41.95,-36.82,[],0,0,[],[]
43041920,43044920,NA,TVF,0.0,1337,pause,NA,NA,NA,NA,0.0,0,-36.33,-20.6,[],0,0,[],[]
43044920,43046950,NA,TVN,0.0,1337,pause,NA,NA,NA,NA,0.0,0,-42.55,-34.8,[],0,0,[],[]
43046950,43047950,NA,TVF,0.0,1337,pause,NA,NA,NA,NA,0.0,0,-41.88,-32.79,[],0,0,[],[]
43047950,43049320,NA,TVN,0.0,1337,pause,NA,NA,NA,NA,0.0,0,-44.01,-37.07,[],0,0,[],[]
43049320,43050190,NA,TVF,0.0,1337,pause,NA,NA,NA,NA,0.0,0,-46.59,-41.68,[],0,0,[],[]
43050190,43052280,NA,TVN,0.0,1337,pause,NA,NA,NA,NA,0.0,0,-42.97,-36.14,[],0,0,[],[]
43052280,43053450,NA,TVF,0.0,1337,pause,NA,NA,NA,NA,0.0,0,-42.43,-33.9,[],0,0,[],[]
43053450,43055300,NA,TVF,0.0,1337,pause,NA,NA,NA,NA,0.0,0,-40.51,-29.85,[],0,0,[],[]
43055300,43056900,NA,TVN,0.0,1337,pause,NA,NA,NA,NA,0.0,0,-45.94,-35.64,[],0,0,[],[]
43056900,43058090,NA,TVF,0.0,1337,pause,NA,NA,NA,NA,0.0,0,-42.51,-35.97,[],0,0,[],[]
43058090,43059970,NA,TVF,0.0,1337,pause,NA,NA,NA,NA,0.0,0,-42.62,-32.62,[],0,0,[],[]
43059970,43060970,NA,TVN,0.0,1337,pause,NA,NA,NA,NA,0.0,0,-43.72,-36.44,[],0,0,[],[]
43060970,43062270,NA,CXF,0.0,1337,pause,NA,NA,NA,NA,0.0,0,-44.02,-35.22,[],0,0,[],[]
43062270,43063270,NA,TVN,0.0,1337,pause,NA,NA,NA,NA,0.0,0,-44.95,-35.41,[],0,0,[],[]
43063270,43065370,NA,CXF,0.0,1337,pause,NA,NA,NA,NA,0.0,0,-43.65,-31.69,[],0,0,[],[]
43065370,43067120,OCH,CXN,0.0,1337,XM,EC,0,NT,FI,0.0,0,-37.86,-22.87,[],0,0,[],[]
43067120,43068140,NA,NOF,0.0,1338,pause,NA,NA,NA,NA,0.0,0,-15.37,-1.39,[],0,0,[],[]
43068140,43072410,NA,CXF,0.0,1338,pause,NA,NA,NA,NA,0.0,0,-41.96,-31.2,[],0,0,[],[]
43072410,43073210,NA,OLF,0.0,1338,pause,NA,NA,NA,NA,0.0,0,-38.36,-31.25,[],0,0,[],[]
43073210,43074260,NA,TVF,0.0,1338,pause,NA,NA,NA,NA,0.0,0,-46.81,-43.77,[],0,0,[],[]
43074260,43075260,NA,TVF,0.0,1338,pause,NA,NA,NA,NA,0.0,0,-39.34,-30.55,[],0,0,[],[]
43075260,43076800,NA,TVN,0.0,1338,pause,NA,NA,NA,NA,0.0,0,-40.24,-34.34,[],0,0,[],[]
43076800,43077650,NA,TVF,0.0,1338,pause,NA,NA,NA,NA,0.0,0,-39.99,-35.7,[],0,0,[],[]
43077650,43080400,NA,TVF,0.0,1338,pause,NA,NA,NA,NA,0.0,0,-43.07,-38.19,[],0,0,[],[]
43080400,43081210,NA,OLF,0.0,1338,pause,NA,NA,NA,NA,0.0,0,-39.08,-28.95,[],0,0,[],[]
43081210,43085480,NA,TVF,0.0,1338,pause,NA,NA,NA,NA,0.0,0,-41.78,-33.33,[],0,0,[],[]
43085480,43086280,NA,TVF,0.0,1338,pause,NA,NA,NA,NA,0.0,0,-42.54,-37.07,[],0,0,[],[]
43086280,43087300,NA,TVN,0.0,1338,pause,NA,NA,NA,NA,0.0,0,-42.36,-37.13,[],0,0,[],[]
43087300,43089300,OCH,CXN,0.0,1338,XM,BC,0,NT,FI,0.0,0,-23.87,-15.4,[],0,0,[],[]
43089300,43090760,NA,TVF,0.0,1338,XM,NA,NA,NA,NA,0.0,0,-41.29,-31.11,[],0,0,[],[]
43090760,43091360,OCH,CXN,0.0,1338,XM,RC,0,NT,FH,0.0,0,-26.87,-22.88,[],0,0,[],[]
43091360,43092550,OCH,CXN,0.0,1338,XM,RC,0,NT,FH,0.0,0,-29.79,-23.87,[],0,0,[],[]
43092550,43094340,OCH,CXN,0.0,1338,XM,RC,0,NT,FH,0.0,0,-21.36,-9.03,[],0,0,[],[]
43094340,43097070,OCH,CXN,0.0,1338,XM,RC,0,NT,FH,0.0,0,-33.5,-22.95,[],0,0,[],[]
43097070,43097920,NA,OLF,0.0,1338,XM,NA,NA,NA,NA,0.0,0,-37.37,-23.65,[],0,0,[],[]
43097920,43098960,NA,TVF,0.0,1338,XM,NA,NA,NA,NA,0.0,0,-41.08,-31.63,[],0,0,[],[]
43098960,43100260,OCH,CXN,0.0,1338,XM,EC,0,NT,FH,0.0,0,-32.79,-24.26,[],0,0,[],[]
43100260,43101060,NA,OLF,0.0,1339,pause,NA,NA,NA,NA,0.0,0,-36.44,-29.27,[],0,0,[],[]
43101060,43102060,NA,TVN,0.0,1339,pause,NA,NA,NA,NA,0.0,0,-42.48,-35.58,[],0,0,[],[]
43102060,43104650,NA,TVF,0.0,1339,pause,NA,NA,NA,NA,0.0,0,-41.83,-31.86,[],0,0,[],[]
43104650,43105450,NA,CXF,0.0,1339,pause,NA,NA,NA,NA,0.0,0,-46.44,-36.61,[],0,0,[],[]
43105450,43108050,NA,TVF,0.0,1339,pause,NA,NA,NA,NA,0.0,0,-44.85,-36.22,[],0,0,[],[]
43108050,43108850,NA,TVF,0.0,1339,pause,NA,NA,NA,NA,0.0,0,-44.33,-37.1,[],0,0,[],[]
43108850,43109880,NA,TVF,0.0,1339,pause,NA,NA,NA,NA,0.0,0,-39.59,-34.19,[],0,0,[],[]
43109880,43110810,NA,OLN,0.0,1339,pause,NA,NA,NA,NA,0.0,0,-38.26,-31.88,[],0,0,[],[]
43110810,43112120,NA,TVF,0.0,1339,pause,NA,NA,NA,NA,0.0,0,-40.48,-27.62,[],0,0,[],[]
43112120,43112750,NA,CHF,0.0,1339,pause,NA,NA,NA,NA,0.0,0,-49.46,-44.27,[],0,630,[],"[{'start': 43112.12, 'end': 43112.75}]"
43112750,43117080,OCH,CXN,0.0,1339,XM,EC,0,NT,FI,0.0,0,-39.5,-30.26,[],0,0,[],[]
43117080,43118540,NA,TVF,0.0,1340,pause,NA,NA,NA,NA,0.0,0,-42.35,-32.89,[],0,0,[],[]
43118540,43119350,NA,TVN,0.0,1340,pause,NA,NA,NA,NA,0.0,0,-42.0,-36.11,[],0,0,[],[]
43119350,43120360,NA,TVN,0.0,1340,pause,NA,NA,NA,NA,0.0,0,-42.94,-37.33,[],0,0,[],[]
43120360,43121580,NA,TVN,0.0,1340,pause,NA,NA,NA,NA,0.0,0,-42.97,-36.71,[],0,0,[],[]
43121580,43125490,NA,TVN,0.0,1340,pause,NA,NA,NA,NA,0.0,0,-43.26,-35.28,[],0,0,[],[]
43125490,43126530,NA,TVF,0.0,1340,pause,NA,NA,NA,NA,0.0,0,-39.58,-33.14,[],0,0,[],[]
43126530,43127550,NA,TVF,0.0,1340,pause,NA,NA,NA,NA,0.0,0,-42.67,-33.76,[],0,0,[],[]
43127550,43128670,NA,TVN,0.0,1340,pause,NA,NA,NA,NA,0.0,0,-42.48,-31.69,[],0,0,[],[]
43128670,43129930,NA,TVF,0.0,1340,pause,NA,NA,NA,NA,0.0,0,-41.77,-32.78,[],0,0,[],[]
43129930,43130880,NA,TVN,0.0,1340,pause,NA,NA,NA,NA,0.0,0,-36.81,-28.04,[],0,0,[],[]
43130880,43131690,NA,TVN,0.0,1340,pause,NA,NA,NA,NA,0.0,0,-39.06,-32.54,[],0,0,[],[]
43131690,43132690,NA,TVN,0.0,1340,pause,NA,NA,NA,NA,0.0,0,-40.99,-33.36,[],0,0,[],[]
43132690,43134940,NA,TVN,0.0,1340,pause,NA,NA,NA,NA,0.0,0,-41.82,-30.07,[],0,0,[],[]
43134940,43136090,NA,TVF,0.0,1340,pause,NA,NA,NA,NA,0.0,0,-42.59,-36.83,[],0,0,[],[]
43136090,43136890,NA,TVF,0.0,1340,pause,NA,NA,NA,NA,0.0,0,-39.05,-31.17,[],0,0,[],[]
43136890,43137890,NA,TVF,0.0,1340,pause,NA,NA,NA,NA,0.0,0,-44.56,-37.67,[],0,0,[],[]
43137890,43139130,NA,NOF,0.0,1340,pause,NA,NA,NA,NA,0.0,0,-46.48,-40.07,[],0,0,[],[]
43139130,43141770,NA,TVF,0.0,1340,pause,NA,NA,NA,NA,0.0,0,-40.65,-28.74,[],0,0,[],[]
43141770,43142790,NA,TVN,0.0,1340,pause,NA,NA,NA,NA,0.0,0,-41.99,-34.86,[],0,0,[],[]
43142790,43143600,NA,CXF,0.0,1340,pause,NA,NA,NA,NA,0.0,0,-39.02,-31.03,[],0,0,[],[]
43143600,43144410,NA,OLF,0.0,1340,pause,NA,NA,NA,NA,0.0,0,-42.71,-32.65,[],0,0,[],[]
43144410,43145210,NA,NOF,0.0,1340,pause,NA,NA,NA,NA,0.0,0,-44.71,-38.63,[],0,0,[],[]
43145210,43146050,NA,TVF,0.0,1340,pause,NA,NA,NA,NA,0.0,0,-41.38,-37.19,[],0,0,[],[]
43146050,43146850,NA,CXF,0.0,1340,pause,NA,NA,NA,NA,0.0,0,-40.32,-30.73,[],0,0,[],[]
43146850,43147700,NA,OLF,0.0,1340,pause,NA,NA,NA,NA,0.0,0,-40.85,-32.86,[],0,0,[],[]
43147700,43149150,OCH,CXN,0.0,1340,XIOCC,BC,0,NT,FI,0.0,0,-19.78,-12.51,[],0,0,[],[]
43149150,43150010,NA,NOF,0.0,1340,XIOCC,NA,NA,NA,NA,0.0,0,-46.2,-40.88,[],0,0,[],[]
43150010,43151070,CHI,CHN,0.0,1340,XIOCC,RC,0,NT,FI,1.0,950,-19.31,-9.36,"[{'Canonical-syllable': '4', 'Growl': '0', 'High-freq-energy': '0', 'Long-island': '0', 'Low-tilt-spectrum': '0', 'Medium-island': '0', 'Short-island': '4', 'Squeal': '0', 'Typical-entropy': '1', 'Voicing-quality': '4', 'Wide-band': '0', 'Xlong-island': '0', 'seq': '1', 'end': 43150.96, 'start': 43150.01}]",0,0,[],[]
43151070,43151990,NA,OLN,0.0,1340,XIOCC,NA,NA,NA,NA,0.0,0,-29.86,-19.23,[],0,0,[],[]
43151990,43153670,NA,NON,0.0,1340,XIOCC,NA,NA,NA,NA,0.0,0,-26.07,-17.21,[],0,0,[],[]
43153670,43154310,CHI,CHN,0.0,1340,XIOCC,RC,0,NT,FH,1.0,180,-23.35,-11.92,"[{'Canonical-syllable': '0', 'Growl': '1', 'High-freq-energy': '1', 'Long-island': '0', 'Low-tilt-spectrum': '1', 'Medium-island': '0', 'Short-island': '1', 'Squeal': '0', 'Typical-entropy': '1', 'Voicing-quality': '0', 'Wide-band': '0', 'Xlong-island': '0', 'seq': '1', 'end': 43154.31, 'start': 43154.13}]",0,0,[],[]
43154310,43155330,CHI,CHN,0.0,1340,XIOCC,RC,0,NT,FH,1.0,690,-18.28,-11.17,"[{'Canonical-syllable': '1', 'Growl': '0', 'High-freq-energy': '0', 'Long-island': '0', 'Low-tilt-spectrum': '1', 'Medium-island': '2', 'Short-island': '0', 'Squeal': '0', 'Typical-entropy': '2', 'Voicing-quality': '2', 'Wide-band': '0', 'Xlong-island': '0', 'seq': '1', 'end': 43155.0, 'start': 43154.31}]",0,0,[],[]
43155330,43156360,NA,OLN,0.0,1340,XIOCC,NA,NA,NA,NA,0.0,0,-36.45,-29.34,[],0,0,[],[]
43156360,43157620,OCH,CXN,0.0,1340,XIOCC,EC,0,NT,FI,0.0,0,-22.62,-12.42,[],0,0,[],[]
43157620,43159050,NA,OLN,0.0,1341,pause,NA,NA,NA,NA,0.0,0,-23.66,-3.51,[],0,0,[],[]
43159050,43161030,NA,NOF,0.0,1341,pause,NA,NA,NA,NA,0.0,0,-40.46,-31.3,[],0,0,[],[]
43161030,43162420,NA,OLF,0.0,1341,pause,NA,NA,NA,NA,0.0,0,-39.45,-29.9,[],0,0,[],[]
43162420,43164700,NA,NOF,0.0,1341,pause,NA,NA,NA,NA,0.0,0,-32.35,-9.19,[],0,0,[],[]
43164700,43168520,NA,OLN,0.0,1341,pause,NA,NA,NA,NA,0.0,0,-35.69,-16.65,[],0,0,[],[]
43168520,43169530,FEM,FAN,4.75,1341,AIOCCXF,BC,0,NT,FI,0.0,0,-24.33,-15.84,[],0,0,[],[]
43169530,43170340,OCH,CXN,0.0,1341,AIOCCXF,RC,0,NT,FI,0.0,0,-23.13,-14.64,[],0,0,[],[]
43170340,43171460,FEM,FAN,7.31,1341,AIOCCXF,RC,0,NT,FI,0.0,0,-19.53,-11.65,[],0,0,[],[]
43171460,43172610,OCH,CXN,0.0,1341,AIOCCXF,RC,0,NT,FI,0.0,0,-16.96,-11.9,[],0,0,[],[]
43172610,43173590,NA,TVF,0.0,1341,AIOCCXF,NA,NA,NA,NA,0.0,0,-35.89,-24.23,[],0,0,[],[]
43173590,43175830,OCH,CXN,0.0,1341,AIOCCXF,RC,0,NT,FH,0.0,0,-19.04,-11.58,[],0,0,[],[]
43175830,43176490,CHI,CHN,0.0,1341,AIOCCXF,RC,0,NT,FI,1.0,660,-20.55,-16.17,"[{'Canonical-syllable': '0', 'Growl': '0', 'High-freq-energy': '0', 'Long-island': '1', 'Low-tilt-spectrum': '0', 'Medium-island': '0', 'Short-island': '0', 'Squeal': '0', 'Typical-entropy': '0', 'Voicing-quality': '1', 'Wide-band': '0', 'Xlong-island': '0', 'seq': '1', 'end': 43176.49, 'start': 43175.83}]",0,0,[],[]
43176490,43178320,OCH,CXN,0.0,1341,AIOCCXF,RC,0,NT,FI,0.0,0,-24.39,-14.64,[],0,0,[],[]
43178320,43178920,NA,TVF,0.0,1341,AIOCCXF,NA,NA,NA,NA,0.0,0,-46.24,-39.74,[],0,0,[],[]
43178920,43180040,NA,TVF,0.0,1341,AIOCCXF,NA,NA,NA,NA,0.0,0,-36.4,-28.62,[],0,0,[],[]
43180040,43181710,NA,TVN,0.0,1341,AIOCCXF,NA,NA,NA,NA,0.0,0,-46.19,-35.64,[],0,0,[],[]
43181710,43182530,OCH,CXN,0.0,1341,AIOCCXF,RC,0,NT,FH,0.0,0,-24.33,-17.97,[],0,0,[],[]
43182530,43183800,FEM,FAN,6.62,1341,AIOCCXF,RC,0,NT,FI,0.0,0,-36.01,-24.37,[],0,0,[],[]
43183800,43184600,OCH,CXN,0.0,1341,AIOCCXF,RC,0,NT,FI,0.0,0,-31.8,-15.69,[],0,0,[],[]
43184600,43185640,NA,FAF,0.0,1341,AIOCCXF,NA,NA,NA,NA,0.0,0,-40.08,-26.71,[],0,0,[],[]
43185640,43186470,NA,OLN,0.0,1341,AIOCCXF,NA,NA,NA,NA,0.0,0,-24.49,-15.19,[],0,0,[],[]
43186470,43188180,FEM,FAN,7.15,1341,AIOCCXF,RC,0,NT,FI,0.0,0,-33.77,-20.83,[],0,0,[],[]
43188180,43188980,OCH,CXN,0.0,1341,AIOCCXF,RC,0,NT,FI,0.0,0,-25.96,-18.26,[],0,0,[],[]
43188980,43189980,NA,OLN,0.0,1341,AIOCCXF,NA,NA,NA,NA,0.0,0,-31.44,-24.16,[],0,0,[],[]
43189980,43190990,OCH,CXN,0.0,1341,AIOCCXF,EC,0,NT,FH,0.0,0,-20.39,-9.37,[],0,0,[],[]
43190990,43198350,NA,OLN,0.0,1342,pause,NA,NA,NA,NA,0.0,0,-29.17,-4.97,[],0,0,[],[]
43198350,43199320,NA,NON,0.0,1342,pause,NA,NA,NA,NA,0.0,0,-31.79,-26.73,[],0,0,[],[]
43199320,43202260,NA,OLN,0.0,1342,pause,NA,NA,NA,NA,0.0,0,-38.04,-30.19,[],0,0,[],[]
43202260,43203260,NA,TVN,0.0,1342,pause,NA,NA,NA,NA,0.0,0,-37.97,-32.62,[],0,0,[],[]
43203260,43208590,NA,OLF,0.0,1342,pause,NA,NA,NA,NA,0.0,0,-38.93,-29.81,[],0,0,[],[]
43208590,43210280,NA,CXF,0.0,1342,pause,NA,NA,NA,NA,0.0,0,-36.98,-29.05,[],0,0,[],[]
43210280,43211340,NA,OLF,0.0,1342,pause,NA,NA,NA,NA,0.0,0,-37.91,-31.55,[],0,0,[],[]
43211340,43214140,NA,NOF,0.0,1342,pause,NA,NA,NA,NA,0.0,0,-43.45,-33.3,[],0,0,[],[]
43214140,43215480,NA,OLN,0.0,1342,pause,NA,NA,NA,NA,0.0,0,-27.59,-11.72,[],0,0,[],[]
43215480,43216990,OCH,CXN,0.0,1342,XIOCA,BC,0,NT,FI,0.0,0,-33.96,-26.32,[],0,0,[],[]
43216990,43218410,NA,FAF,0.0,1342,XIOCA,NA,NA,NA,NA,0.0,0,-38.51,-26.32,[],0,0,[],[]
43218410,43219310,NA,OLF,0.0,1342,XIOCA,NA,NA,NA,NA,0.0,0,-38.18,-28.92,[],0,0,[],[]
43219310,43219910,NA,CHF,0.0,1342,XIOCA,NA,NA,NA,NA,0.0,0,-42.34,-33.48,[],0,600,[],"[{'start': 43219.31, 'end': 43219.91}]"
43219910,43220710,NA,OLN,0.0,1342,XIOCA,NA,NA,NA,NA,0.0,0,-37.21,-29.58,[],0,0,[],[]
43220710,43221840,MAL,MAN,6.7,1342,XIOCA,RC,0,NT,FI,0.0,0,-42.44,-31.89,[],0,0,[],[]
43221840,43222990,FEM,FAN,5.5,1342,XIOCA,EC,0,NT,FI,0.0,0,-40.88,-33.76,[],0,0,[],[]
43222990,43223990,NA,TVN,0.0,1343,pause,NA,NA,NA,NA,0.0,0,-41.26,-35.46,[],0,0,[],[]
43223990,43224990,NA,TVF,0.0,1343,pause,NA,NA,NA,NA,0.0,0,-45.24,-38.65,[],0,0,[],[]
43224990,43226000,NA,TVF,0.0,1343,pause,NA,NA,NA,NA,0.0,0,-43.95,-35.3,[],0,0,[],[]
43226000,43227310,NA,MAF,0.0,1343,pause,NA,NA,NA,NA,0.0,0,-42.68,-34.4,[],0,0,[],[]
43227310,43228120,NA,OLN,0.0,1343,pause,NA,NA,NA,NA,0.0,0,-36.94,-30.14,[],0,0,[],[]
43228120,43229330,NA,TVN,0.0,1343,pause,NA,NA,NA,NA,0.0,0,-38.16,-29.89,[],0,0,[],[]
43229330,43230590,NA,FAF,0.0,1343,pause,NA,NA,NA,NA,0.0,0,-37.04,-28.45,[],0,0,[],[]
43230590,43234360,NA,TVF,0.0,1343,pause,NA,NA,NA,NA,0.0,0,-39.02,-27.65,[],0,0,[],[]
43234360,43236350,FEM,FAN,6.28,1343,AMF,BC,0,NT,FI,0.0,0,-39.3,-30.6,[],0,0,[],[]
43236350,43237600,NA,OLN,0.0,1343,AMF,NA,NA,NA,NA,0.0,0,-35.1,-25.35,[],0,0,[],[]
43237600,43238610,FEM,FAN,0.26,1343,AMF,RC,0,NT,FH,0.0,0,-40.41,-32.17,[],0,0,[],[]
43238610,43240670,NA,NOF,0.0,1343,AMF,NA,NA,NA,NA,0.0,0,-40.55,-31.54,[],0,0,[],[]
43240670,43241670,FEM,FAN,3.33,1343,AMF,EC,0,NT,FH,0.0,0,-35.92,-27.66,[],0,0,[],[]
43241670,43242840,NA,OLN,0.0,1344,pause,NA,NA,NA,NA,0.0,0,-35.59,-28.04,[],0,0,[],[]
43242840,43243860,NA,FAF,0.0,1344,pause,NA,NA,NA,NA,0.0,0,-40.93,-34.77,[],0,0,[],[]
43243860,43246420,NA,OLF,0.0,1344,pause,NA,NA,NA,NA,0.0,0,-36.55,-25.41,[],0,0,[],[]
43246420,43247510,NA,TVN,0.0,1344,pause,NA,NA,NA,NA,0.0,0,-40.67,-32.21,[],0,0,[],[]
43247510,43248350,NA,TVF,0.0,1344,pause,NA,NA,NA,NA,0.0,0,-40.17,-33.31,[],0,0,[],[]
43248350,43249250,FEM,FAN,1.02,1344,AMF,EC,0,NT,FI,0.0,0,-34.59,-26.76,[],0,0,[],[]
43249250,43250670,NA,OLN,0.0,1345,pause,NA,NA,NA,NA,0.0,0,-36.84,-30.12,[],0,0,[],[]
43250670,43251940,NA,OLF,0.0,1345,pause,NA,NA,NA,NA,0.0,0,-36.45,-27.64,[],0,0,[],[]
43251940,43253240,NA,MAF,0.0,1345,pause,NA,NA,NA,NA,0.0,0,-39.13,-28.66,[],0,0,[],[]
43253240,43254500,NA,OLF,0.0,1345,pause,NA,NA,NA,NA,0.0,0,-42.44,-32.46,[],0,0,[],[]
43254500,43257670,NA,NON,0.0,1345,pause,NA,NA,NA,NA,0.0,0,-35.33,-25.64,[],0,0,[],[]
43257670,43258510,NA,OLF,0.0,1345,pause,NA,NA,NA,NA,0.0,0,-38.12,-31.1,[],0,0,[],[]
43258510,43259740,NA,TVF,0.0,1345,pause,NA,NA,NA,NA,0.0,0,-46.99,-38.24,[],0,0,[],[]
43259740,43261890,NA,OLF,0.0,1345,pause,NA,NA,NA,NA,0.0,0,-41.75,-33.55,[],0,0,[],[]
43261890,43263110,NA,NOF,0.0,1345,pause,NA,NA,NA,NA,0.0,0,-39.05,-22.58,[],0,0,[],[]
43263110,43263930,NA,OLF,0.0,1345,pause,NA,NA,NA,NA,0.0,0,-43.9,-38.36,[],0,0,[],[]
43263930,43265980,NA,MAF,0.0,1345,pause,NA,NA,NA,NA,0.0,0,-41.57,-31.09,[],0,0,[],[]
43265980,43268030,NA,OLF,0.0,1345,pause,NA,NA,NA,NA,0.0,0,-17.34,-3.64,[],0,0,[],[]
43268030,43269030,NA,MAF,0.0,1345,pause,NA,NA,NA,NA,0.0,0,-38.05,-34.83,[],0,0,[],[]
43269030,43270030,NA,TVF,0.0,1345,pause,NA,NA,NA,NA,0.0,0,-38.95,-29.83,[],0,0,[],[]
43270030,43271030,MAL,MAN,5.15,1345,AMM,EC,0,NT,FI,0.0,0,-40.38,-35.17,[],0,0,[],[]
43271030,43272030,NA,TVN,0.0,1346,pause,NA,NA,NA,NA,0.0,0,-37.7,-29.86,[],0,0,[],[]
43272030,43272830,NA,TVF,0.0,1346,pause,NA,NA,NA,NA,0.0,0,-37.61,-30.05,[],0,0,[],[]
43272830,43274950,NA,SIL,0.0,1346,pause,NA,NA,NA,NA,0.0,0,-45.46,-40.6,[],0,0,[],[]
43274950,43277050,NA,MAF,0.0,1346,pause,NA,NA,NA,NA,0.0,0,-40.21,-34.53,[],0,0,[],[]
43277050,43278690,NA,TVF,0.0,1346,pause,NA,NA,NA,NA,0.0,0,-40.18,-28.9,[],0,0,[],[]
43278690,43282460,FEM,FAN,12.25,1346,AIOCF,BC,0,NT,FI,0.0,0,-22.25,-10.67,[],0,0,[],[]
43282460,43283260,NA,FAF,0.0,1346,AIOCF,NA,NA,NA,NA,0.0,0,-45.33,-33.23,[],0,0,[],[]
43283260,43284530,NA,OLN,0.0,1346,AIOCF,NA,NA,NA,NA,0.0,0,-32.74,-17.93,[],0,0,[],[]
43284530,43285540,OCH,CXN,0.0,1346,AIOCF,EC,0,NT,FI,0.0,0,-31.23,-22.85,[],0,0,[],[]
43285540,43286630,NA,OLN,0.0,1347,pause,NA,NA,NA,NA,0.0,0,-37.11,-30.12,[],0,0,[],[]
43286630,43287430,NA,NON,0.0,1347,pause,NA,NA,NA,NA,0.0,0,-34.91,-26.62,[],0,0,[],[]
43287430,43288500,NA,OLN,0.0,1347,pause,NA,NA,NA,NA,0.0,0,-39.71,-31.88,[],0,0,[],[]
43288500,43289360,NA,CXF,0.0,1347,pause,NA,NA,NA,NA,0.0,0,-43.75,-37.66,[],0,0,[],[]
43289360,43290360,NA,FAF,0.0,1347,pause,NA,NA,NA,NA,0.0,0,-44.63,-32.6,[],0,0,[],[]
43290360,43291160,NA,CXF,0.0,1347,pause,NA,NA,NA,NA,0.0,0,-40.34,-32.3,[],0,0,[],[]
43291160,43293310,NA,OLF,0.0,1347,pause,NA,NA,NA,NA,0.0,0,-40.5,-30.19,[],0,0,[],[]
43293310,43294620,NA,CXF,0.0,1347,pause,NA,NA,NA,NA,0.0,0,-42.82,-27.2,[],0,0,[],[]
43294620,43297500,NA,NOF,0.0,1347,pause,NA,NA,NA,NA,0.0,0,-25.47,-6.43,[],0,0,[],[]
43297500,43299060,NA,MAF,0.0,1347,pause,NA,NA,NA,NA,0.0,0,-46.8,-40.04,[],0,0,[],[]
43299060,43300150,NA,TVF,0.0,1347,pause,NA,NA,NA,NA,0.0,0,-41.57,-36.24,[],0,0,[],[]
43300150,43301030,NA,OLF,0.0,1347,pause,NA,NA,NA,NA,0.0,0,-41.69,-38.13,[],0,0,[],[]
43301030,43306020,NA,TVN,0.0,1347,pause,NA,NA,NA,NA,0.0,0,-40.55,-31.86,[],0,0,[],[]
43306020,43308230,NA,OLF,0.0,1347,pause,NA,NA,NA,NA,0.0,0,-37.72,-19.37,[],0,0,[],[]
43308230,43309750,NA,NOF,0.0,1347,pause,NA,NA,NA,NA,0.0,0,-16.85,-3.5,[],0,0,[],[]
43309750,43310980,NA,TVF,0.0,1347,pause,NA,NA,NA,NA,0.0,0,-41.21,-38.06,[],0,0,[],[]
43310980,43311830,NA,TVF,0.0,1347,pause,NA,NA,NA,NA,0.0,0,-40.21,-37.19,[],0,0,[],[]
43311830,43313110,NA,TVF,0.0,1347,pause,NA,NA,NA,NA,0.0,0,-38.96,-36.39,[],0,0,[],[]
43313110,43313970,NA,OLF,0.0,1347,pause,NA,NA,NA,NA,0.0,0,-16.2,-5.1,[],0,0,[],[]
43313970,43315070,NA,MAF,0.0,1347,pause,NA,NA,NA,NA,0.0,0,-32.8,-17.07,[],0,0,[],[]
43315070,43316440,CHI,CHN,0.0,1347,CIOCX,BC,0,NT,FI,1.0,860,-16.43,-3.49,"[{'Canonical-syllable': '0', 'Growl': '0', 'High-freq-energy': '0', 'Long-island': '0', 'Low-tilt-spectrum': '0', 'Medium-island': '1', 'Short-island': '0', 'Squeal': '0', 'Typical-entropy': '1', 'Voicing-quality': '2', 'Wide-band': '1', 'Xlong-island': '0', 'seq': '1', 'end': 43316.44, 'start': 43315.58}]",0,0,[],[]
43316440,43317070,CHI,CHN,0.0,1347,CIOCX,RC,0,NT,FH,1.0,630,-19.5,-15.91,"[{'Canonical-syllable': '0', 'Growl': '0', 'High-freq-energy': '0', 'Long-island': '0', 'Low-tilt-spectrum': '0', 'Medium-island': '1', 'Short-island': '0', 'Squeal': '0', 'Typical-entropy': '0', 'Voicing-quality': '1', 'Wide-band': '0', 'Xlong-island': '0', 'seq': '1', 'end': 43317.07, 'start': 43316.44}]",0,0,[],[]
43317070,43317880,OCH,CXN,0.0,1347,CIOCX,RC,0,NT,FI,0.0,0,-35.49,-28.0,[],0,0,[],[]
43317880,43318680,NA,OLN,0.0,1347,CIOCX,NA,NA,NA,NA,0.0,0,-18.22,-6.63,[],0,0,[],[]
43318680,43319480,OCH,CXN,0.0,1347,CIOCX,EC,0,NT,FH,0.0,0,-27.24,-19.61,[],0,0,[],[]
43319480,43321820,NA,OLN,0.0,1348,pause,NA,NA,NA,NA,0.0,0,-24.26,-3.65,[],0,0,[],[]
43321820,43323680,NA,NON,0.0,1348,pause,NA,NA,NA,NA,0.0,0,-20.56,-5.27,[],0,0,[],[]
43323680,43325760,NA,OLF,0.0,1348,pause,NA,NA,NA,NA,0.0,0,-38.77,-31.61,[],0,0,[],[]
43325760,43327090,NA,CXF,0.0,1348,pause,NA,NA,NA,NA,0.0,0,-37.05,-27.11,[],0,0,[],[]
43327090,43327910,NA,OLN,0.0,1348,pause,NA,NA,NA,NA,0.0,0,-36.65,-32.21,[],0,0,[],[]
43327910,43328710,OCH,CXN,0.0,1348,XIOCC,BC,0,NT,FI,0.0,0,-35.66,-28.86,[],0,0,[],[]
43328710,43329590,NA,NOF,0.0,1348,XIOCC,NA,NA,NA,NA,0.0,0,-42.9,-35.24,[],0,0,[],[]
43329590,43330470,NA,OLF,0.0,1348,XIOCC,NA,NA,NA,NA,0.0,0,-42.31,-32.2,[],0,0,[],[]
43330470,43331750,NA,TVN,0.0,1348,XIOCC,NA,NA,NA,NA,0.0,0,-43.12,-36.95,[],0,0,[],[]
43331750,43332870,NA,CXF,0.0,1348,XIOCC,NA,NA,NA,NA,0.0,0,-41.95,-33.03,[],0,0,[],[]
43332870,43333470,CHI,CHN,0.0,1348,XIOCC,RC,0,NT,FI,1.0,440,-19.88,-12.2,"[{'Canonical-syllable': '1', 'Growl': '0', 'High-freq-energy': '0', 'Long-island': '0', 'Low-tilt-spectrum': '0', 'Medium-island': '1', 'Short-island': '0', 'Squeal': '0', 'Typical-entropy': '1', 'Voicing-quality': '1', 'Wide-band': '0', 'Xlong-island': '0', 'seq': '1', 'end': 43333.31, 'start': 43332.87}]",0,0,[],[]
43333470,43334450,NA,OLN,0.0,1348,XIOCC,NA,NA,NA,NA,0.0,0,-34.36,-28.23,[],0,0,[],[]
43334450,43335060,CHI,CHN,0.0,1348,XIOCC,EC,0,NT,FH,1.0,460,-14.84,-3.91,"[{'Canonical-syllable': '0', 'Growl': '0', 'High-freq-energy': '0', 'Long-island': '0', 'Low-tilt-spectrum': '0', 'Medium-island': '1', 'Short-island': '0', 'Squeal': '0', 'Typical-entropy': '1', 'Voicing-quality': '1', 'Wide-band': '0', 'Xlong-island': '0', 'seq': '1', 'end': 43334.91, 'start': 43334.6}]",0,0,[],[]
43335060,43336660,NA,NOF,0.0,1349,pause,NA,NA,NA,NA,0.0,0,-41.25,-30.87,[],0,0,[],[]
43336660,43338230,NA,OLN,0.0,1349,pause,NA,NA,NA,NA,0.0,0,-29.5,-17.0,[],0,0,[],[]
43338230,43339240,NA,NOF,0.0,1349,pause,NA,NA,NA,NA,0.0,0,-32.21,-19.86,[],0,0,[],[]
43339240,43340070,NA,OLF,0.0,1349,pause,NA,NA,NA,NA,0.0,0,-15.2,-5.0,[],0,0,[],[]
43340070,43341250,NA,NOF,0.0,1349,pause,NA,NA,NA,NA,0.0,0,-29.58,-14.47,[],0,0,[],[]
43341250,43341900,CHI,CHN,0.0,1349,CIC,BC,0,NT,FI,1.0,650,-13.8,-9.35,"[{'Canonical-syllable': '1', 'Growl': '0', 'High-freq-energy': '1', 'Long-island': '0', 'Low-tilt-spectrum': '1', 'Medium-island': '1', 'Short-island': '0', 'Squeal': '0', 'Typical-entropy': '1', 'Voicing-quality': '1', 'Wide-band': '0', 'Xlong-island': '0', 'seq': '1', 'end': 43341.9, 'start': 43341.25}]",0,0,[],[]
43341900,43343160,OCH,CXN,0.0,1349,CIC,RC,0,NT,FI,0.0,0,-29.9,-18.05,[],0,0,[],[]
43343160,43344540,NA,OLN,0.0,1349,CIC,NA,NA,NA,NA,0.0,0,-26.3,-14.26,[],0,0,[],[]
43344540,43345360,OCH,CXN,0.0,1349,CIC,RC,0,NT,FH,0.0,0,-33.46,-26.5,[],0,0,[],[]
43345360,43346190,NA,OLN,0.0,1349,CIC,NA,NA,NA,NA,0.0,0,-36.4,-30.93,[],0,0,[],[]
43346190,43346790,CHI,CHN,0.0,1349,CIC,NA,NA,NA,NA,0.0,0,-15.07,-7.93,[],0,600,"[{'start': 43346.19, 'end': 43346.79}]",[]
43346790,43347800,FEM,FAN,4.98,1349,CIC,RC,0,NT,FI,0.0,0,-36.87,-26.4,[],0,0,[],[]
43347800,43348600,NA,OLN,0.0,1349,CIC,NA,NA,NA,NA,0.0,0,-36.27,-28.56,[],0,0,[],[]
43348600,43349400,NA,NOF,0.0,1349,CIC,NA,NA,NA,NA,0.0,0,-48.45,-43.64,[],0,0,[],[]
43349400,43350410,OCH,CXN,0.0,1349,CIC,RC,0,NT,FI,0.0,0,-21.76,-12.48,[],0,0,[],[]
43350410,43351220,OCH,CXN,0.0,1349,CIC,RC,0,NT,FH,0.0,0,-17.75,-7.65,[],0,0,[],[]
43351220,43352370,OCH,CXN,0.0,1349,CIC,RC,0,NT,FH,0.0,0,-17.57,-8.19,[],0,0,[],[]
43352370,43353260,CHI,CHN,0.0,1349,CIC,RC,0,NT,FI,1.0,770,-14.22,-4.77,"[{'Canonical-syllable': '0', 'Growl': '0', 'High-freq-energy': '0', 'Long-island': '0', 'Low-tilt-spectrum': '2', 'Medium-island': '1', 'Short-island': '1', 'Squeal': '0', 'Typical-entropy': '2', 'Voicing-quality': '2', 'Wide-band': '0', 'Xlong-island': '0', 'seq': '1', 'end': 43353.14, 'start': 43352.45}]",0,0,[],[]
43353260,43354070,OCH,CXN,0.0,1349,CIC,RC,0,NT,FI,0.0,0,-17.37,-9.09,[],0,0,[],[]
43354070,43355710,NA,OLN,0.0,1349,CIC,NA,NA,NA,NA,0.0,0,-21.87,-8.45,[],0,0,[],[]
43355710,43356750,FEM,FAN,2.46,1349,CIC,RC,0,TIFI,FI,0.0,0,-19.28,-5.4,[],0,0,[],[]
43356750,43358660,NA,OLN,0.0,1349,CIC,NA,NA,NA,NA,0.0,0,-33.31,-24.08,[],0,0,[],[]
43358660,43359700,CHI,CHN,0.0,1349,CIC,RC,1,TIFR,FI,1.0,1040,-16.44,-10.27,"[{'Canonical-syllable': '0', 'Growl': '0', 'High-freq-energy': '0', 'Long-island': '0', 'Low-tilt-spectrum': '0', 'Medium-island': '2', 'Short-island': '0', 'Squeal': '0', 'Typical-entropy': '1', 'Voicing-quality': '2', 'Wide-band': '0', 'Xlong-island': '0', 'seq': '1', 'end': 43359.7, 'start': 43358.66}]",0,0,[],[]
43359700,43360310,CHI,CHN,0.0,1349,CIC,RC,1,NT,FH,1.0,610,-16.65,-11.29,"[{'Canonical-syllable': '1', 'Growl': '0', 'High-freq-energy': '1', 'Long-island': '0', 'Low-tilt-spectrum': '1', 'Medium-island': '1', 'Short-island': '1', 'Squeal': '0', 'Typical-entropy': '1', 'Voicing-quality': '2', 'Wide-band': '0', 'Xlong-island': '0', 'seq': '1', 'end': 43360.31, 'start': 43359.7}]",0,0,[],[]
43360310,43361110,NA,OLF,0.0,1349,CIC,NA,NA,NA,NA,0.0,0,-35.12,-25.41,[],0,0,[],[]
43361110,43362380,OCH,CXN,0.0,1349,CIC,RC,1,NT,FI,0.0,0,-15.03,-9.23,[],0,0,[],[]
43362380,43363230,NA,OLN,0.0,1349,CIC,NA,NA,NA,NA,0.0,0,-19.36,-6.65,[],0,0,[],[]
43363230,43364690,FEM,FAN,5.87,1349,CIC,RC,1,NT,FI,0.0,0,-19.97,-4.86,[],0,0,[],[]
43364690,43365760,NA,OLF,0.0,1349,CIC,NA,NA,NA,NA,0.0,0,-22.7,-5.3,[],0,0,[],[]
43365760,43367460,OCH,CXN,0.0,1349,CIC,RC,1,NT,FI,0.0,0,-25.49,-16.95,[],0,0,[],[]
43367460,43372050,NA,OLN,0.0,1349,CIC,NA,NA,NA,NA,0.0,0,-18.48,-3.01,[],0,0,[],[]
43372050,43373570,FEM,FAN,6.94,1349,CIC,RC,1,NT,FI,0.0,0,-21.71,-11.79,[],0,0,[],[]
43373570,43374400,NA,OLF,0.0,1349,CIC,NA,NA,NA,NA,0.0,0,-37.83,-25.75,[],0,0,[],[]
43374400,43375210,OCH,CXN,0.0,1349,CIC,RC,1,NT,FI,0.0,0,-30.85,-26.27,[],0,0,[],[]
43375210,43376210,MAL,MAN,0.0,1349,CIC,NA,NA,NA,NA,0.0,0,-34.03,-27.46,[],1000,0,[],[]
43376210,43377010,OCH,CXN,0.0,1349,CIC,RC,1,NT,FH,0.0,0,-25.48,-16.91,[],0,0,[],[]
43377010,43379070,NA,OLN,0.0,1349,CIC,NA,NA,NA,NA,0.0,0,-28.25,-13.74,[],0,0,[],[]
43379070,43379920,OCH,CXN,0.0,1349,CIC,RC,1,NT,FH,0.0,0,-26.94,-20.52,[],0,0,[],[]
43379920,43380770,NA,OLN,0.0,1349,CIC,NA,NA,NA,NA,0.0,0,-17.91,-3.7,[],0,0,[],[]
43380770,43381640,OCH,CXN,0.0,1349,CIC,EC,1,NT,FH,0.0,0,-22.83,-13.44,[],0,0,[],[]
43381640,43382930,NA,OLN,0.0,1350,pause,NA,NA,NA,NA,0.0,0,-28.31,-21.93,[],0,0,[],[]
