segment_onset,segment_offset,speaker_type,lena_speaker,words,lena_block_number,lena_block_type,lena_conv_status,lena_response_count,lena_conv_turn_type,lena_conv_floor_type,utterances_count,utterances_length,average_db,peak_db,utterances,non_speech_length,child_cry_vfx_len,cries,vfxs
0,800,NA,SIL,0.0,1,pause,NA,NA,NA,NA,0.0,0,-41.02,-24.56,[],0,0,[],[]
800,5860,NA,NOF,0.0,1,pause,NA,NA,NA,NA,0.0,0,-18.11,-3.05,[],0,0,[],[]
5860,12280,NA,SIL,0.0,1,pause,NA,NA,NA,NA,0.0,0,-51.93,-42.38,[],0,0,[],[]
12280,13390,NA,NOF,0.0,1,pause,NA,NA,NA,NA,0.0,0,-20.9,-6.21,[],0,0,[],[]
13390,14230,NA,OLN,0.0,1,pause,NA,NA,NA,NA,0.0,0,-12.58,-4.4,[],0,0,[],[]
14230,18790,NA,NOF,0.0,1,pause,NA,NA,NA,NA,0.0,0,-31.39,-9.93,[],0,0,[],[]
18790,22050,NA,SIL,0.0,1,pause,NA,NA,NA,NA,0.0,0,-46.05,-37.31,[],0,0,[],[]
22050,23220,NA,MAF,0.0,1,pause,NA,NA,NA,NA,0.0,0,-42.08,-29.95,[],0,0,[],[]
23220,24860,NA,NOF,0.0,1,pause,NA,NA,NA,NA,0.0,0,-44.39,-39.61,[],0,0,[],[]
24860,26600,NA,OLF,0.0,1,pause,NA,NA,NA,NA,0.0,0,-45.02,-36.79,[],0,0,[],[]
26600,27540,NA,SIL,0.0,1,pause,NA,NA,NA,NA,0.0,0,-53.88,-49.49,[],0,0,[],[]
27540,31290,OCH,CXN,0.0,1,XIOCA,BC,0,NT,FI,0.0,0,-34.8,-20.23,[],0,0,[],[]
31290,32090,NA,SIL,0.0,1,XIOCA,NA,NA,NA,NA,0.0,0,-46.62,-35.35,[],0,0,[],[]
32090,33120,FEM,FAN,4.65,1,XIOCA,EC,0,NT,FI,0.0,0,-44.14,-38.53,[],0,0,[],[]
33120,36920,NA,SIL,0.0,2,pause,NA,NA,NA,NA,0.0,0,-49.25,-39.59,[],0,0,[],[]
36920,38130,NA,FAF,0.0,2,pause,NA,NA,NA,NA,0.0,0,-41.91,-33.77,[],0,0,[],[]
38130,39150,NA,SIL,0.0,2,pause,NA,NA,NA,NA,0.0,0,-51.06,-40.51,[],0,0,[],[]
39150,39950,NA,NOF,0.0,2,pause,NA,NA,NA,NA,0.0,0,-53.07,-44.55,[],0,0,[],[]
39950,40750,NA,OLN,0.0,2,pause,NA,NA,NA,NA,0.0,0,-30.1,-21.28,[],0,0,[],[]
40750,41500,CHI,CHN,0.0,2,CM,EC,0,NT,FI,1.0,750,-26.42,-19.45,"[{'Canonical-syllable': '0', 'Growl': '1', 'High-freq-energy': '0', 'Long-island': '1', 'Low-tilt-spectrum': '1', 'Medium-island': '0', 'Short-island': '0', 'Squeal': '0', 'Typical-entropy': '1', 'Voicing-quality': '1', 'Wide-band': '0', 'Xlong-island': '0', 'seq': '1', 'end': 41.5, 'start': 40.75}]",0,0,[],[]
41500,43230,NA,OLF,0.0,3,pause,NA,NA,NA,NA,0.0,0,-35.59,-27.55,[],0,0,[],[]
43230,44530,NA,SIL,0.0,3,pause,NA,NA,NA,NA,0.0,0,-53.42,-44.81,[],0,0,[],[]
44530,45740,FEM,FAN,0.0,3,pause,NA,NA,NA,NA,0.0,0,-38.98,-30.82,[],1210,0,[],[]
45740,46570,NA,OLF,0.0,3,pause,NA,NA,NA,NA,0.0,0,-39.01,-30.33,[],0,0,[],[]
46570,47510,NA,OLN,0.0,3,pause,NA,NA,NA,NA,0.0,0,-32.45,-23.21,[],0,0,[],[]
47510,48110,CHI,CHN,0.0,3,CIC,BC,0,NT,FI,1.0,600,-27.3,-19.18,"[{'Canonical-syllable': '0', 'Growl': '1', 'High-freq-energy': '1', 'Long-island': '0', 'Low-tilt-spectrum': '2', 'Medium-island': '0', 'Short-island': '1', 'Squeal': '0', 'Typical-entropy': '1', 'Voicing-quality': '1', 'Wide-band': '0', 'Xlong-island': '0', 'seq': '1', 'end': 48.11, 'start': 47.51}]",0,0,[],[]
48110,49880,OCH,CXN,0.0,3,CIC,RC,0,NT,FI,0.0,0,-24.03,-14.22,[],0,0,[],[]
49880,50780,NA,NOF,0.0,3,CIC,NA,NA,NA,NA,0.0,0,-41.87,-30.17,[],0,0,[],[]
50780,51820,FEM,FAN,3.48,3,CIC,RC,0,NT,FI,0.0,0,-33.62,-27.17,[],0,0,[],[]
51820,52620,NA,NOF,0.0,3,CIC,NA,NA,NA,NA,0.0,0,-52.41,-48.92,[],0,0,[],[]
52620,53480,NA,SIL,0.0,3,CIC,NA,NA,NA,NA,0.0,0,-54.47,-45.44,[],0,0,[],[]
53480,55180,FEM,FAN,7.27,3,CIC,RC,0,NT,FH,0.0,0,-33.95,-26.15,[],0,0,[],[]
55180,57040,NA,SIL,0.0,3,CIC,NA,NA,NA,NA,0.0,0,-54.78,-43.28,[],0,0,[],[]
57040,59360,FEM,FAN,9.8,3,CIC,RC,0,NT,FH,0.0,0,-34.19,-27.47,[],0,0,[],[]
59360,60360,MAL,MAN,5.43,3,CIC,RC,0,NT,FI,0.0,0,-36.8,-30.57,[],0,0,[],[]
60360,61360,FEM,FAN,0.9,3,CIC,RC,0,NT,FI,0.0,0,-41.31,-32.32,[],0,0,[],[]
61360,62370,MAL,MAN,3.27,3,CIC,RC,0,TIMI,FI,0.0,0,-36.14,-29.8,[],0,0,[],[]
62370,63600,NA,SIL,0.0,3,CIC,NA,NA,NA,NA,0.0,0,-61.28,-54.07,[],0,0,[],[]
63600,64780,CHI,CHN,0.0,3,CIC,RC,1,TIMR,FI,1.0,1180,-20.37,-10.15,"[{'Canonical-syllable': '2', 'Growl': '0', 'High-freq-energy': '0', 'Long-island': '0', 'Low-tilt-spectrum': '0', 'Medium-island': '2', 'Short-island': '0', 'Squeal': '0', 'Typical-entropy': '0', 'Voicing-quality': '2', 'Wide-band': '0', 'Xlong-island': '0', 'seq': '1', 'end': 64.78, 'start': 63.6}]",0,0,[],[]
64780,68560,FEM,FAN,13.9,3,CIC,RC,1,TIFE,FI,0.0,0,-29.37,-18.44,[],0,0,[],[]
68560,69730,CHI,CHN,0.0,3,CIC,NA,NA,NA,NA,0.0,0,-17.29,-7.87,[],0,1020,"[{'start': 68.56, 'end': 69.58}]",[]
69730,71320,FEM,FAN,4.77,3,CIC,RC,1,TIFI,FH,0.0,0,-25.58,-15.37,[],0,0,[],[]
71320,72270,NA,SIL,0.0,3,CIC,NA,NA,NA,NA,0.0,0,-59.42,-50.11,[],0,0,[],[]
72270,72870,CHI,CHN,0.0,3,CIC,RC,2,TIFR,FI,1.0,600,-28.52,-23.08,"[{'Canonical-syllable': '0', 'Growl': '0', 'High-freq-energy': '0', 'Long-island': '0', 'Low-tilt-spectrum': '0', 'Medium-island': '0', 'Short-island': '2', 'Squeal': '0', 'Typical-entropy': '1', 'Voicing-quality': '2', 'Wide-band': '0', 'Xlong-island': '0', 'seq': '1', 'end': 72.87, 'start': 72.27}]",0,0,[],[]
72870,74390,OCH,CXN,0.0,3,CIC,RC,2,NT,FI,0.0,0,-31.82,-25.07,[],0,0,[],[]
74390,75970,NA,TVN,0.0,3,CIC,NA,NA,NA,NA,0.0,0,-45.61,-37.63,[],0,0,[],[]
75970,76780,NA,SIL,0.0,3,CIC,NA,NA,NA,NA,0.0,0,-59.91,-47.94,[],0,0,[],[]
76780,77590,OCH,CXN,0.0,3,CIC,RC,2,NT,FH,0.0,0,-33.39,-27.6,[],0,0,[],[]
77590,78570,NA,SIL,0.0,3,CIC,NA,NA,NA,NA,0.0,0,-49.68,-40.85,[],0,0,[],[]
78570,79170,CHI,CHN,0.0,3,CIC,RC,2,NT,FI,1.0,600,-29.16,-22.56,"[{'Canonical-syllable': '1', 'Growl': '0', 'High-freq-energy': '0', 'Long-island': '0', 'Low-tilt-spectrum': '1', 'Medium-island': '1', 'Short-island': '0', 'Squeal': '0', 'Typical-entropy': '1', 'Voicing-quality': '1', 'Wide-band': '0', 'Xlong-island': '0', 'seq': '1', 'end': 79.17, 'start': 78.57}]",0,0,[],[]
79170,80920,NA,SIL,0.0,3,CIC,NA,NA,NA,NA,0.0,0,-62.23,-55.39,[],0,0,[],[]
80920,82750,OCH,CXN,0.0,3,CIC,RC,2,NT,FI,0.0,0,-28.87,-20.14,[],0,0,[],[]
82750,83900,NA,SIL,0.0,3,CIC,NA,NA,NA,NA,0.0,0,-56.68,-44.04,[],0,0,[],[]
83900,86080,OCH,CXN,0.0,3,CIC,RC,2,NT,FH,0.0,0,-29.92,-21.08,[],0,0,[],[]
86080,87600,NA,SIL,0.0,3,CIC,NA,NA,NA,NA,0.0,0,-58.96,-44.59,[],0,0,[],[]
87600,88200,OCH,CXN,0.0,3,CIC,RC,2,NT,FH,0.0,0,-30.55,-24.29,[],0,0,[],[]
88200,89840,OCH,CXN,0.0,3,CIC,RC,2,NT,FH,0.0,0,-34.09,-24.9,[],0,0,[],[]
89840,91200,NA,OLF,0.0,3,CIC,NA,NA,NA,NA,0.0,0,-43.21,-32.55,[],0,0,[],[]
91200,92380,OCH,CXN,0.0,3,CIC,RC,2,NT,FH,0.0,0,-42.99,-32.81,[],0,0,[],[]
92380,94070,FEM,FAN,6.69,3,CIC,EC,2,NT,FI,0.0,0,-39.55,-31.82,[],0,0,[],[]
94070,95070,NA,CXF,0.0,4,pause,NA,NA,NA,NA,0.0,0,-50.71,-41.02,[],0,0,[],[]
95070,96470,NA,SIL,0.0,4,pause,NA,NA,NA,NA,0.0,0,-55.98,-43.68,[],0,0,[],[]
96470,97470,NA,TVF,0.0,4,pause,NA,NA,NA,NA,0.0,0,-45.34,-33.95,[],0,0,[],[]
97470,99770,NA,SIL,0.0,4,pause,NA,NA,NA,NA,0.0,0,-62.58,-55.12,[],0,0,[],[]
99770,101290,FEM,FAN,6.28,4,AIOCF,BC,0,NT,FI,0.0,0,-35.36,-26.39,[],0,0,[],[]
101290,102450,NA,SIL,0.0,4,AIOCF,NA,NA,NA,NA,0.0,0,-57.9,-53.1,[],0,0,[],[]
102450,103980,OCH,CXN,0.0,4,AIOCF,RC,0,NT,FI,0.0,0,-31.31,-24.36,[],0,0,[],[]
103980,104580,OCH,CXN,0.0,4,AIOCF,RC,0,NT,FH,0.0,0,-37.79,-31.91,[],0,0,[],[]
104580,105950,OCH,CXN,0.0,4,AIOCF,RC,0,NT,FH,0.0,0,-34.34,-28.16,[],0,0,[],[]
105950,107040,NA,TVF,0.0,4,AIOCF,NA,NA,NA,NA,0.0,0,-41.84,-35.8,[],0,0,[],[]
107040,107840,NA,SIL,0.0,4,AIOCF,NA,NA,NA,NA,0.0,0,-49.95,-40.93,[],0,0,[],[]
107840,108740,FEM,FAN,0.0,4,AIOCF,NA,NA,NA,NA,0.0,0,-39.63,-32.57,[],900,0,[],[]
108740,109540,NA,SIL,0.0,4,AIOCF,NA,NA,NA,NA,0.0,0,-51.55,-41.29,[],0,0,[],[]
109540,110140,FEM,FAN,0.42,4,AIOCF,RC,0,NT,FI,0.0,0,-42.12,-38.15,[],0,0,[],[]
110140,111000,NA,SIL,0.0,4,AIOCF,NA,NA,NA,NA,0.0,0,-61.1,-48.94,[],0,0,[],[]
111000,112000,FEM,FAN,3.85,4,AIOCF,RC,0,NT,FH,0.0,0,-44.1,-39.61,[],0,0,[],[]
112000,113060,NA,TVF,0.0,4,AIOCF,NA,NA,NA,NA,0.0,0,-48.05,-41.18,[],0,0,[],[]
113060,114230,FEM,FAN,1.54,4,AIOCF,RC,0,NT,FH,0.0,0,-44.35,-38.39,[],0,0,[],[]
114230,115060,NA,SIL,0.0,4,AIOCF,NA,NA,NA,NA,0.0,0,-58.04,-47.71,[],0,0,[],[]
115060,117380,FEM,FAN,6.65,4,AIOCF,RC,0,NT,FH,0.0,0,-43.26,-35.84,[],0,0,[],[]
117380,120160,NA,SIL,0.0,4,AIOCF,NA,NA,NA,NA,0.0,0,-63.08,-53.72,[],0,0,[],[]
120160,121160,NA,TVN,0.0,4,AIOCF,NA,NA,NA,NA,0.0,0,-44.64,-37.41,[],0,0,[],[]
121160,122160,FEM,FAN,2.0,4,AIOCF,RC,0,NT,FH,0.0,0,-41.01,-31.32,[],0,0,[],[]
122160,122960,NA,CXF,0.0,4,AIOCF,NA,NA,NA,NA,0.0,0,-42.54,-36.27,[],0,0,[],[]
122960,124320,NA,SIL,0.0,4,AIOCF,NA,NA,NA,NA,0.0,0,-59.59,-47.74,[],0,0,[],[]
124320,124920,NA,CXF,0.0,4,AIOCF,NA,NA,NA,NA,0.0,0,-46.44,-40.37,[],0,0,[],[]
124920,125980,NA,SIL,0.0,4,AIOCF,NA,NA,NA,NA,0.0,0,-58.81,-52.37,[],0,0,[],[]
125980,127200,OCH,CXN,0.0,4,AIOCF,RC,0,NT,FI,0.0,0,-36.44,-27.54,[],0,0,[],[]
127200,128030,NA,TVF,0.0,4,AIOCF,NA,NA,NA,NA,0.0,0,-52.04,-43.67,[],0,0,[],[]
128030,128860,NA,CXF,0.0,4,AIOCF,NA,NA,NA,NA,0.0,0,-51.45,-40.79,[],0,0,[],[]
128860,129860,FEM,FAN,4.61,4,AIOCF,RC,0,NT,FI,0.0,0,-43.53,-36.74,[],0,0,[],[]
129860,130660,OCH,CXN,0.0,4,AIOCF,RC,0,NT,FI,0.0,0,-38.27,-29.68,[],0,0,[],[]
130660,135600,FEM,FAN,14.75,4,AIOCF,EC,0,NT,FI,0.0,0,-35.09,-21.95,[],0,0,[],[]
135600,137230,NA,SIL,0.0,5,pause,NA,NA,NA,NA,0.0,0,-56.81,-45.62,[],0,0,[],[]
137230,138030,NA,TVF,0.0,5,pause,NA,NA,NA,NA,0.0,0,-50.04,-43.56,[],0,0,[],[]
138030,141130,NA,SIL,0.0,5,pause,NA,NA,NA,NA,0.0,0,-54.5,-36.35,[],0,0,[],[]
141130,142280,NA,FAF,0.0,5,pause,NA,NA,NA,NA,0.0,0,-45.82,-37.49,[],0,0,[],[]
142280,143360,NA,SIL,0.0,5,pause,NA,NA,NA,NA,0.0,0,-61.0,-54.56,[],0,0,[],[]
143360,144960,OCH,CXN,0.0,5,XIOCA,BC,0,NT,FI,0.0,0,-42.49,-34.13,[],0,0,[],[]
144960,148560,NA,SIL,0.0,5,XIOCA,NA,NA,NA,NA,0.0,0,-53.2,-37.18,[],0,0,[],[]
148560,149800,FEM,FAN,3.15,5,XIOCA,RC,0,NT,FI,0.0,0,-37.97,-33.26,[],0,0,[],[]
149800,151130,NA,TVF,0.0,5,XIOCA,NA,NA,NA,NA,0.0,0,-41.57,-37.04,[],0,0,[],[]
151130,152050,NA,NOF,0.0,5,XIOCA,NA,NA,NA,NA,0.0,0,-54.92,-50.42,[],0,0,[],[]
152050,154280,OCH,CXN,0.0,5,XIOCA,RC,0,NT,FI,0.0,0,-36.98,-28.39,[],0,0,[],[]
154280,155790,FEM,FAN,5.17,5,XIOCA,RC,0,NT,FI,0.0,0,-45.87,-35.77,[],0,0,[],[]
155790,156590,NA,FAF,0.0,5,XIOCA,NA,NA,NA,NA,0.0,0,-44.43,-29.38,[],0,0,[],[]
156590,158190,FEM,FAN,7.19,5,XIOCA,EC,0,NT,FH,0.0,0,-40.1,-34.71,[],0,0,[],[]
158190,159020,NA,CXF,0.0,6,pause,NA,NA,NA,NA,0.0,0,-49.36,-43.19,[],0,0,[],[]
159020,160160,NA,SIL,0.0,6,pause,NA,NA,NA,NA,0.0,0,-53.62,-41.89,[],0,0,[],[]
160160,162980,NA,TVF,0.0,6,pause,NA,NA,NA,NA,0.0,0,-45.19,-33.89,[],0,0,[],[]
162980,163780,NA,SIL,0.0,6,pause,NA,NA,NA,NA,0.0,0,-62.02,-53.68,[],0,0,[],[]
163780,165130,NA,TVF,0.0,6,pause,NA,NA,NA,NA,0.0,0,-50.09,-43.23,[],0,0,[],[]
165130,165760,OCH,CXN,0.0,6,XIOCA,BC,0,NT,FI,0.0,0,-36.8,-32.55,[],0,0,[],[]
165760,166760,FEM,FAN,4.25,6,XIOCA,RC,0,NT,FI,0.0,0,-38.14,-30.93,[],0,0,[],[]
166760,167920,NA,SIL,0.0,6,XIOCA,NA,NA,NA,NA,0.0,0,-55.34,-49.57,[],0,0,[],[]
167920,168720,OCH,CXN,0.0,6,XIOCA,RC,0,NT,FI,0.0,0,-41.59,-37.3,[],0,0,[],[]
168720,169720,OCH,CXN,0.0,6,XIOCA,RC,0,NT,FH,0.0,0,-38.18,-33.72,[],0,0,[],[]
169720,170530,NA,SIL,0.0,6,XIOCA,NA,NA,NA,NA,0.0,0,-57.78,-51.99,[],0,0,[],[]
170530,171990,OCH,CXN,0.0,6,XIOCA,RC,0,NT,FH,0.0,0,-38.39,-33.59,[],0,0,[],[]
171990,172590,OCH,CXN,0.0,6,XIOCA,RC,0,NT,FH,0.0,0,-50.13,-41.3,[],0,0,[],[]
172590,173390,OCH,CXN,0.0,6,XIOCA,RC,0,NT,FH,0.0,0,-45.67,-39.25,[],0,0,[],[]
173390,174700,FEM,FAN,3.16,6,XIOCA,RC,0,NT,FI,0.0,0,-36.82,-29.9,[],0,0,[],[]
174700,175500,NA,SIL,0.0,6,XIOCA,NA,NA,NA,NA,0.0,0,-55.3,-42.88,[],0,0,[],[]
175500,176500,FEM,FAN,3.43,6,XIOCA,RC,0,NT,FH,0.0,0,-43.93,-35.33,[],0,0,[],[]
176500,177620,NA,SIL,0.0,6,XIOCA,NA,NA,NA,NA,0.0,0,-62.42,-58.01,[],0,0,[],[]
177620,178220,NA,FAF,0.0,6,XIOCA,NA,NA,NA,NA,0.0,0,-49.6,-41.32,[],0,0,[],[]
178220,179110,NA,SIL,0.0,6,XIOCA,NA,NA,NA,NA,0.0,0,-54.33,-47.52,[],0,0,[],[]
179110,180670,NA,NOF,0.0,6,XIOCA,NA,NA,NA,NA,0.0,0,-50.65,-44.55,[],0,0,[],[]
180670,182060,FEM,FAN,5.39,6,XIOCA,RC,0,NT,FH,0.0,0,-37.81,-28.53,[],0,0,[],[]
182060,182860,NA,SIL,0.0,6,XIOCA,NA,NA,NA,NA,0.0,0,-48.09,-36.36,[],0,0,[],[]
182860,183860,NA,FAF,0.0,6,XIOCA,NA,NA,NA,NA,0.0,0,-45.01,-35.25,[],0,0,[],[]
183860,184760,NA,SIL,0.0,6,XIOCA,NA,NA,NA,NA,0.0,0,-51.31,-43.26,[],0,0,[],[]
184760,185570,OCH,CXN,0.0,6,XIOCA,RC,0,NT,FI,0.0,0,-36.25,-29.24,[],0,0,[],[]
185570,186870,NA,FAF,0.0,6,XIOCA,NA,NA,NA,NA,0.0,0,-44.5,-37.18,[],0,0,[],[]
186870,187670,NA,MAF,0.0,6,XIOCA,NA,NA,NA,NA,0.0,0,-49.55,-43.79,[],0,0,[],[]
187670,189090,NA,FAF,0.0,6,XIOCA,NA,NA,NA,NA,0.0,0,-41.46,-28.85,[],0,0,[],[]
189090,189950,NA,NOF,0.0,6,XIOCA,NA,NA,NA,NA,0.0,0,-43.82,-36.07,[],0,0,[],[]
189950,190930,OCH,CXN,0.0,6,XIOCA,RC,0,NT,FH,0.0,0,-38.36,-27.09,[],0,0,[],[]
190930,191730,NA,SIL,0.0,6,XIOCA,NA,NA,NA,NA,0.0,0,-45.55,-35.42,[],0,0,[],[]
191730,193560,FEM,FAN,7.22,6,XIOCA,RC,0,NT,FI,0.0,0,-37.8,-32.34,[],0,0,[],[]
193560,195560,NA,CXF,0.0,6,XIOCA,NA,NA,NA,NA,0.0,0,-48.74,-41.41,[],0,0,[],[]
195560,196810,FEM,FAN,3.88,6,XIOCA,RC,0,NT,FH,0.0,0,-35.5,-28.11,[],0,0,[],[]
196810,198780,NA,SIL,0.0,6,XIOCA,NA,NA,NA,NA,0.0,0,-55.95,-47.52,[],0,0,[],[]
198780,200070,OCH,CXN,0.0,6,XIOCA,RC,0,NT,FI,0.0,0,-37.41,-32.13,[],0,0,[],[]
200070,200870,NA,SIL,0.0,6,XIOCA,NA,NA,NA,NA,0.0,0,-47.99,-36.64,[],0,0,[],[]
200870,201690,OCH,CXN,0.0,6,XIOCA,RC,0,NT,FH,0.0,0,-35.45,-28.63,[],0,0,[],[]
201690,202830,FEM,FAN,6.45,6,XIOCA,RC,0,NT,FI,0.0,0,-35.24,-28.97,[],0,0,[],[]
202830,203860,NA,TVF,0.0,6,XIOCA,NA,NA,NA,NA,0.0,0,-41.54,-34.54,[],0,0,[],[]
203860,205330,OCH,CXN,0.0,6,XIOCA,RC,0,NT,FI,0.0,0,-30.9,-22.26,[],0,0,[],[]
205330,206620,NA,TVN,0.0,6,XIOCA,NA,NA,NA,NA,0.0,0,-39.21,-33.59,[],0,0,[],[]
206620,208990,NA,SIL,0.0,6,XIOCA,NA,NA,NA,NA,0.0,0,-57.48,-46.66,[],0,0,[],[]
208990,211080,FEM,FAN,7.74,6,XIOCA,RC,0,NT,FI,0.0,0,-42.05,-34.46,[],0,0,[],[]
211080,212350,NA,SIL,0.0,6,XIOCA,NA,NA,NA,NA,0.0,0,-62.74,-56.64,[],0,0,[],[]
212350,214340,OCH,CXN,0.0,6,XIOCA,RC,0,NT,FI,0.0,0,-39.0,-29.11,[],0,0,[],[]
214340,216380,FEM,FAN,1.83,6,XIOCA,RC,0,NT,FI,0.0,0,-42.0,-33.88,[],0,0,[],[]
216380,217910,OCH,CXN,0.0,6,XIOCA,RC,0,NT,FI,0.0,0,-29.78,-19.3,[],0,0,[],[]
217910,218920,FEM,FAN,4.31,6,XIOCA,EC,0,NT,FI,0.0,0,-35.94,-21.87,[],0,0,[],[]
218920,219760,NA,SIL,0.0,7,pause,NA,NA,NA,NA,0.0,0,-45.36,-29.13,[],0,0,[],[]
219760,220760,NA,TVN,0.0,7,pause,NA,NA,NA,NA,0.0,0,-47.03,-38.82,[],0,0,[],[]
220760,223940,NA,SIL,0.0,7,pause,NA,NA,NA,NA,0.0,0,-52.09,-38.56,[],0,0,[],[]
223940,226240,OCH,CXN,0.0,7,XM,EC,0,NT,FI,0.0,0,-42.59,-31.3,[],0,0,[],[]
226240,228300,NA,FAF,0.0,8,pause,NA,NA,NA,NA,0.0,0,-46.22,-37.01,[],0,0,[],[]
228300,229370,NA,SIL,0.0,8,pause,NA,NA,NA,NA,0.0,0,-55.91,-49.66,[],0,0,[],[]
229370,230410,FEM,FAN,0.0,8,pause,NA,NA,NA,NA,0.0,0,-42.92,-34.89,[],1040,0,[],[]
230410,231580,NA,TVN,0.0,8,pause,NA,NA,NA,NA,0.0,0,-40.36,-34.9,[],0,0,[],[]
231580,232430,NA,SIL,0.0,8,pause,NA,NA,NA,NA,0.0,0,-62.5,-57.09,[],0,0,[],[]
232430,233230,NA,CXF,0.0,8,pause,NA,NA,NA,NA,0.0,0,-46.02,-40.77,[],0,0,[],[]
233230,234030,NA,SIL,0.0,8,pause,NA,NA,NA,NA,0.0,0,-55.26,-45.17,[],0,0,[],[]
234030,236530,OCH,CXN,0.0,8,XIC,BC,0,NT,FI,0.0,0,-33.1,-24.79,[],0,0,[],[]
236530,237530,FEM,FAN,6.49,8,XIC,RC,0,NT,FI,0.0,0,-45.17,-39.71,[],0,0,[],[]
237530,238330,NA,SIL,0.0,8,XIC,NA,NA,NA,NA,0.0,0,-61.09,-55.5,[],0,0,[],[]
238330,239330,NA,FAF,0.0,8,XIC,NA,NA,NA,NA,0.0,0,-44.0,-37.08,[],0,0,[],[]
239330,240660,NA,SIL,0.0,8,XIC,NA,NA,NA,NA,0.0,0,-58.45,-44.89,[],0,0,[],[]
240660,242200,OCH,CXN,0.0,8,XIC,RC,0,NT,FI,0.0,0,-33.3,-24.68,[],0,0,[],[]
242200,244300,FEM,FAN,9.39,8,XIC,RC,0,TIFI,FI,0.0,0,-36.87,-23.26,[],0,0,[],[]
244300,246200,NA,SIL,0.0,8,XIC,NA,NA,NA,NA,0.0,0,-53.66,-39.26,[],0,0,[],[]
246200,246800,CHI,CHN,0.0,8,XIC,RC,1,TIFR,FI,1.0,600,-24.87,-20.7,"[{'Canonical-syllable': '0', 'Growl': '0', 'High-freq-energy': '0', 'Long-island': '0', 'Low-tilt-spectrum': '0', 'Medium-island': '1', 'Short-island': '0', 'Squeal': '0', 'Typical-entropy': '0', 'Voicing-quality': '1', 'Wide-band': '0', 'Xlong-island': '0', 'seq': '1', 'end': 246.8, 'start': 246.2}]",0,0,[],[]
246800,248640,OCH,CXN,0.0,8,XIC,RC,1,NT,FI,0.0,0,-33.31,-23.46,[],0,0,[],[]
248640,250020,NA,SIL,0.0,8,XIC,NA,NA,NA,NA,0.0,0,-60.33,-53.96,[],0,0,[],[]
250020,250820,OCH,CXN,0.0,8,XIC,RC,1,NT,FH,0.0,0,-46.26,-38.62,[],0,0,[],[]
250820,251620,NA,SIL,0.0,8,XIC,NA,NA,NA,NA,0.0,0,-48.92,-35.84,[],0,0,[],[]
251620,253560,FEM,FAN,6.41,8,XIC,RC,1,NT,FI,0.0,0,-35.61,-27.81,[],0,0,[],[]
253560,254360,OCH,CXN,0.0,8,XIC,RC,1,NT,FI,0.0,0,-38.93,-27.0,[],0,0,[],[]
254360,254960,CHI,CHN,0.0,8,XIC,NA,NA,NA,NA,0.0,0,-30.31,-23.98,[],0,320,"[{'start': 254.36, 'end': 254.68}]",[]
254960,255780,OCH,CXN,0.0,8,XIC,RC,1,NT,FH,0.0,0,-30.53,-23.31,[],0,0,[],[]
255780,257510,CHI,CHN,0.0,8,XIC,NA,NA,NA,NA,0.0,0,-27.9,-16.76,[],0,1180,"[{'start': 256.33, 'end': 257.51}]",[]
257510,258760,OCH,CXN,0.0,8,XIC,RC,1,NT,FH,0.0,0,-27.68,-16.46,[],0,0,[],[]
258760,259940,NA,NOF,0.0,8,XIC,NA,NA,NA,NA,0.0,0,-39.41,-29.62,[],0,0,[],[]
259940,260770,NA,SIL,0.0,8,XIC,NA,NA,NA,NA,0.0,0,-58.29,-53.7,[],0,0,[],[]
260770,262220,OCH,CXN,0.0,8,XIC,RC,1,NT,FH,0.0,0,-38.86,-26.52,[],0,0,[],[]
262220,262940,OCH,CXN,0.0,8,XIC,RC,1,NT,FH,0.0,0,-33.31,-27.75,[],0,0,[],[]
262940,263990,NA,SIL,0.0,8,XIC,NA,NA,NA,NA,0.0,0,-61.51,-55.72,[],0,0,[],[]
263990,265050,NA,FAF,0.0,8,XIC,NA,NA,NA,NA,0.0,0,-50.37,-44.72,[],0,0,[],[]
265050,266370,OCH,CXN,0.0,8,XIC,EC,1,NT,FH,0.0,0,-50.28,-46.72,[],0,0,[],[]
266370,267180,NA,MAF,0.0,9,pause,NA,NA,NA,NA,0.0,0,-53.63,-47.43,[],0,0,[],[]
267180,273040,NA,SIL,0.0,9,pause,NA,NA,NA,NA,0.0,0,-61.96,-51.21,[],0,0,[],[]
273040,273860,OCH,CXN,0.0,9,XM,EC,0,NT,FI,0.0,0,-32.98,-25.59,[],0,0,[],[]
273860,274570,NA,CXF,0.0,10,pause,NA,NA,NA,NA,0.0,0,-47.32,-37.46,[],0,0,[],[]
274570,275370,NA,SIL,0.0,10,pause,NA,NA,NA,NA,0.0,0,-54.46,-48.55,[],0,0,[],[]
275370,276590,NA,TVF,0.0,10,pause,NA,NA,NA,NA,0.0,0,-44.77,-33.28,[],0,0,[],[]
276590,277390,NA,SIL,0.0,10,pause,NA,NA,NA,NA,0.0,0,-55.73,-47.92,[],0,0,[],[]
277390,278390,NA,TVF,0.0,10,pause,NA,NA,NA,NA,0.0,0,-47.16,-37.75,[],0,0,[],[]
278390,279190,NA,SIL,0.0,10,pause,NA,NA,NA,NA,0.0,0,-60.47,-52.09,[],0,0,[],[]
279190,281350,OCH,CXN,0.0,10,XIOCA,BC,0,NT,FI,0.0,0,-41.32,-28.64,[],0,0,[],[]
281350,282830,NA,SIL,0.0,10,XIOCA,NA,NA,NA,NA,0.0,0,-46.51,-31.57,[],0,0,[],[]
282830,283830,MAL,MAN,3.85,10,XIOCA,RC,0,NT,FI,0.0,0,-48.78,-40.45,[],0,0,[],[]
283830,284990,NA,SIL,0.0,10,XIOCA,NA,NA,NA,NA,0.0,0,-49.98,-38.08,[],0,0,[],[]
284990,285790,NA,NON,0.0,10,XIOCA,NA,NA,NA,NA,0.0,0,-49.59,-43.53,[],0,0,[],[]
285790,286760,NA,SIL,0.0,10,XIOCA,NA,NA,NA,NA,0.0,0,-60.46,-54.76,[],0,0,[],[]
286760,287600,OCH,CXN,0.0,10,XIOCA,EC,0,NT,FI,0.0,0,-47.13,-38.18,[],0,0,[],[]
287600,290740,NA,SIL,0.0,11,pause,NA,NA,NA,NA,0.0,0,-53.36,-36.58,[],0,0,[],[]
290740,291540,NA,FAF,0.0,11,pause,NA,NA,NA,NA,0.0,0,-49.9,-44.06,[],0,0,[],[]
291540,295830,NA,SIL,0.0,11,pause,NA,NA,NA,NA,0.0,0,-51.7,-31.12,[],0,0,[],[]
295830,296430,NA,MAF,0.0,11,pause,NA,NA,NA,NA,0.0,0,-46.23,-37.83,[],0,0,[],[]
296430,298100,NA,SIL,0.0,11,pause,NA,NA,NA,NA,0.0,0,-61.88,-56.9,[],0,0,[],[]
298100,298950,NA,NOF,0.0,11,pause,NA,NA,NA,NA,0.0,0,-55.68,-51.13,[],0,0,[],[]
298950,305050,NA,SIL,0.0,11,pause,NA,NA,NA,NA,0.0,0,-58.27,-40.49,[],0,0,[],[]
305050,305850,NA,NOF,0.0,11,pause,NA,NA,NA,NA,0.0,0,-40.91,-30.46,[],0,0,[],[]
305850,315430,NA,SIL,0.0,11,pause,NA,NA,NA,NA,0.0,0,-48.66,-30.0,[],0,0,[],[]
315430,317340,OCH,CXN,0.0,11,XM,EC,0,NT,FI,0.0,0,-34.02,-25.16,[],0,0,[],[]
317340,319890,NA,SIL,0.0,12,pause,NA,NA,NA,NA,0.0,0,-58.81,-47.48,[],0,0,[],[]
319890,320740,NA,NON,0.0,12,pause,NA,NA,NA,NA,0.0,0,-27.6,-11.04,[],0,0,[],[]
320740,322280,NA,SIL,0.0,12,pause,NA,NA,NA,NA,0.0,0,-56.94,-46.69,[],0,0,[],[]
322280,323560,NA,TVF,0.0,12,pause,NA,NA,NA,NA,0.0,0,-51.24,-44.07,[],0,0,[],[]
323560,324870,NA,SIL,0.0,12,pause,NA,NA,NA,NA,0.0,0,-55.27,-48.65,[],0,0,[],[]
324870,325880,NA,FAF,0.0,12,pause,NA,NA,NA,NA,0.0,0,-47.29,-40.14,[],0,0,[],[]
325880,326850,NA,SIL,0.0,12,pause,NA,NA,NA,NA,0.0,0,-56.72,-51.71,[],0,0,[],[]
326850,327980,OCH,CXN,0.0,12,XM,BC,0,NT,FI,0.0,0,-28.79,-20.24,[],0,0,[],[]
327980,329870,NA,SIL,0.0,12,XM,NA,NA,NA,NA,0.0,0,-56.27,-48.49,[],0,0,[],[]
329870,332010,OCH,CXN,0.0,12,XM,EC,0,NT,FH,0.0,0,-39.31,-31.7,[],0,0,[],[]
332010,334580,NA,SIL,0.0,13,pause,NA,NA,NA,NA,0.0,0,-52.84,-40.86,[],0,0,[],[]
334580,335380,NA,NOF,0.0,13,pause,NA,NA,NA,NA,0.0,0,-42.57,-30.18,[],0,0,[],[]
335380,336390,NA,TVF,0.0,13,pause,NA,NA,NA,NA,0.0,0,-47.12,-42.49,[],0,0,[],[]
336390,337260,NA,SIL,0.0,13,pause,NA,NA,NA,NA,0.0,0,-57.9,-51.52,[],0,0,[],[]
337260,338060,NA,NOF,0.0,13,pause,NA,NA,NA,NA,0.0,0,-52.87,-45.72,[],0,0,[],[]
338060,340200,NA,SIL,0.0,13,pause,NA,NA,NA,NA,0.0,0,-57.07,-49.14,[],0,0,[],[]
340200,342910,OCH,CXN,0.0,13,XIOCA,BC,0,NT,FI,0.0,0,-31.24,-19.56,[],0,0,[],[]
342910,343970,FEM,FAN,5.38,13,XIOCA,EC,0,NT,FI,0.0,0,-41.26,-32.22,[],0,0,[],[]
343970,345120,NA,TVF,0.0,14,pause,NA,NA,NA,NA,0.0,0,-45.24,-38.26,[],0,0,[],[]
345120,346780,NA,FAF,0.0,14,pause,NA,NA,NA,NA,0.0,0,-46.67,-41.29,[],0,0,[],[]
346780,349190,NA,SIL,0.0,14,pause,NA,NA,NA,NA,0.0,0,-60.81,-46.65,[],0,0,[],[]
349190,351760,OCH,CXN,0.0,14,XIC,BC,0,NT,FI,0.0,0,-35.02,-19.83,[],0,0,[],[]
351760,352840,NA,SIL,0.0,14,XIC,NA,NA,NA,NA,0.0,0,-52.68,-45.29,[],0,0,[],[]
352840,354460,OCH,CXN,0.0,14,XIC,RC,0,NT,FH,0.0,0,-33.5,-23.95,[],0,0,[],[]
354460,355890,FEM,FAN,5.27,14,XIC,RC,0,TIFI,FI,0.0,0,-38.98,-31.59,[],0,0,[],[]
355890,357280,NA,NOF,0.0,14,XIC,NA,NA,NA,NA,0.0,0,-40.88,-30.31,[],0,0,[],[]
357280,358100,NA,SIL,0.0,14,XIC,NA,NA,NA,NA,0.0,0,-55.39,-43.51,[],0,0,[],[]
358100,359510,CHI,CHN,0.0,14,XIC,RC,1,TIFR,FI,1.0,1410,-20.92,-13.51,"[{'Canonical-syllable': '0', 'Growl': '0', 'High-freq-energy': '0', 'Long-island': '1', 'Low-tilt-spectrum': '0', 'Medium-island': '1', 'Short-island': '0', 'Squeal': '0', 'Typical-entropy': '1', 'Voicing-quality': '2', 'Wide-band': '0', 'Xlong-island': '0', 'seq': '1', 'end': 359.51, 'start': 358.1}]",0,0,[],[]
359510,360380,NA,NOF,0.0,14,XIC,NA,NA,NA,NA,0.0,0,-42.92,-33.45,[],0,0,[],[]
360380,361840,NA,OLN,0.0,14,XIC,NA,NA,NA,NA,0.0,0,-35.06,-23.99,[],0,0,[],[]
361840,362900,NA,NOF,0.0,14,XIC,NA,NA,NA,NA,0.0,0,-47.08,-32.27,[],0,0,[],[]
362900,363710,NA,SIL,0.0,14,XIC,NA,NA,NA,NA,0.0,0,-49.17,-42.88,[],0,0,[],[]
363710,364880,OCH,CXN,0.0,14,XIC,RC,1,NT,FI,0.0,0,-31.61,-21.98,[],0,0,[],[]
364880,366060,CHI,CHN,0.0,14,XIC,RC,1,TIFI,FI,1.0,1180,-21.56,-9.86,"[{'Canonical-syllable': '0', 'Growl': '0', 'High-freq-energy': '0', 'Long-island': '1', 'Low-tilt-spectrum': '0', 'Medium-island': '0', 'Short-island': '0', 'Squeal': '0', 'Typical-entropy': '0', 'Voicing-quality': '1', 'Wide-band': '0', 'Xlong-island': '0', 'seq': '1', 'end': 366.06, 'start': 365.15}]",0,0,[],[]
366060,366860,NA,NOF,0.0,14,XIC,NA,NA,NA,NA,0.0,0,-45.54,-36.59,[],0,0,[],[]
366860,368000,FEM,FAN,0.86,14,XIC,RC,2,TIFR,FI,0.0,0,-31.77,-23.65,[],0,0,[],[]
368000,369400,OCH,CXN,0.0,14,XIC,RC,2,NT,FI,0.0,0,-31.14,-23.65,[],0,0,[],[]
369400,371070,NA,NOF,0.0,14,XIC,NA,NA,NA,NA,0.0,0,-42.63,-30.15,[],0,0,[],[]
371070,372470,FEM,FAN,6.44,14,XIC,RC,2,NT,FI,0.0,0,-36.95,-29.71,[],0,0,[],[]
372470,373780,NA,MAF,0.0,14,XIC,NA,NA,NA,NA,0.0,0,-41.62,-27.43,[],0,0,[],[]
373780,376510,NA,SIL,0.0,14,XIC,NA,NA,NA,NA,0.0,0,-57.16,-42.77,[],0,0,[],[]
376510,377810,OCH,CXN,0.0,14,XIC,RC,2,NT,FI,0.0,0,-25.78,-17.04,[],0,0,[],[]
377810,379410,NA,SIL,0.0,14,XIC,NA,NA,NA,NA,0.0,0,-49.93,-32.0,[],0,0,[],[]
379410,380780,FEM,FAN,3.18,14,XIC,RC,2,NT,FI,0.0,0,-31.59,-19.87,[],0,0,[],[]
380780,381590,NA,NOF,0.0,14,XIC,NA,NA,NA,NA,0.0,0,-48.21,-39.5,[],0,0,[],[]
381590,382620,OCH,CXN,0.0,14,XIC,RC,2,NT,FI,0.0,0,-34.36,-24.14,[],0,0,[],[]
382620,383420,NA,NOF,0.0,14,XIC,NA,NA,NA,NA,0.0,0,-47.84,-38.71,[],0,0,[],[]
383420,384420,FEM,FAN,2.5,14,XIC,RC,2,NT,FI,0.0,0,-37.36,-31.99,[],0,0,[],[]
384420,385220,NA,NON,0.0,14,XIC,NA,NA,NA,NA,0.0,0,-27.75,-13.9,[],0,0,[],[]
385220,386020,OCH,CXN,0.0,14,XIC,RC,2,NT,FI,0.0,0,-29.51,-22.43,[],0,0,[],[]
386020,386820,NA,OLN,0.0,14,XIC,NA,NA,NA,NA,0.0,0,-28.96,-18.09,[],0,0,[],[]
386820,387620,OCH,CXN,0.0,14,XIC,RC,2,NT,FH,0.0,0,-15.53,-10.08,[],0,0,[],[]
387620,388460,CHI,CHN,0.0,14,XIC,RC,2,NT,FI,1.0,840,-17.72,-12.3,"[{'Canonical-syllable': '1', 'Growl': '0', 'High-freq-energy': '0', 'Long-island': '0', 'Low-tilt-spectrum': '0', 'Medium-island': '1', 'Short-island': '1', 'Squeal': '0', 'Typical-entropy': '1', 'Voicing-quality': '2', 'Wide-band': '0', 'Xlong-island': '0', 'seq': '1', 'end': 388.46, 'start': 387.62}]",0,0,[],[]
388460,389280,NA,OLN,0.0,14,XIC,NA,NA,NA,NA,0.0,0,-25.69,-13.2,[],0,0,[],[]
389280,390160,NA,NOF,0.0,14,XIC,NA,NA,NA,NA,0.0,0,-37.66,-29.52,[],0,0,[],[]
390160,390760,NA,OLF,0.0,14,XIC,NA,NA,NA,NA,0.0,0,-28.68,-17.5,[],0,0,[],[]
390760,391580,NA,NOF,0.0,14,XIC,NA,NA,NA,NA,0.0,0,-41.4,-28.97,[],0,0,[],[]
391580,392470,CHI,CHN,0.0,14,XIC,NA,NA,NA,NA,0.0,0,-17.85,-12.69,[],0,890,"[{'start': 391.58, 'end': 392.47}]",[]
392470,394220,OCH,CXN,0.0,14,XIC,RC,2,NT,FI,0.0,0,-22.59,-14.73,[],0,0,[],[]
394220,395070,NA,OLN,0.0,14,XIC,NA,NA,NA,NA,0.0,0,-31.24,-20.05,[],0,0,[],[]
395070,396070,NA,FAF,0.0,14,XIC,NA,NA,NA,NA,0.0,0,-35.56,-27.89,[],0,0,[],[]
396070,396870,OCH,CXN,0.0,14,XIC,RC,2,NT,FH,0.0,0,-27.28,-20.62,[],0,0,[],[]
396870,397470,OCH,CXN,0.0,14,XIC,RC,2,NT,FH,0.0,0,-19.29,-15.45,[],0,0,[],[]
397470,398270,OCH,CXN,0.0,14,XIC,RC,2,NT,FH,0.0,0,-25.04,-18.16,[],0,0,[],[]
398270,399300,NA,MAF,0.0,14,XIC,NA,NA,NA,NA,0.0,0,-31.85,-17.84,[],0,0,[],[]
399300,400110,NA,OLN,0.0,14,XIC,NA,NA,NA,NA,0.0,0,-26.16,-13.06,[],0,0,[],[]
400110,401630,NA,NOF,0.0,14,XIC,NA,NA,NA,NA,0.0,0,-22.62,-6.27,[],0,0,[],[]
401630,402600,OCH,CXN,0.0,14,XIC,RC,2,NT,FH,0.0,0,-21.23,-9.64,[],0,0,[],[]
402600,404810,NA,NOF,0.0,14,XIC,NA,NA,NA,NA,0.0,0,-38.8,-22.11,[],0,0,[],[]
404810,405610,NA,OLN,0.0,14,XIC,NA,NA,NA,NA,0.0,0,-22.9,-11.87,[],0,0,[],[]
405610,406810,CHI,CHN,0.0,14,XIC,NA,NA,NA,NA,0.0,0,-25.58,-13.04,[],0,520,"[{'start': 405.93, 'end': 406.45}]",[]
406810,407940,FEM,FAN,4.55,14,XIC,RC,2,NT,FI,0.0,0,-29.76,-13.66,[],0,0,[],[]
407940,408740,NA,SIL,0.0,14,XIC,NA,NA,NA,NA,0.0,0,-32.42,-21.76,[],0,0,[],[]
408740,409540,OCH,CXN,0.0,14,XIC,RC,2,NT,FI,0.0,0,-23.02,-16.49,[],0,0,[],[]
409540,410160,OCH,CXN,0.0,14,XIC,RC,2,NT,FH,0.0,0,-32.82,-24.58,[],0,0,[],[]
410160,411260,OCH,CXN,0.0,14,XIC,RC,2,NT,FH,0.0,0,-27.48,-19.43,[],0,0,[],[]
411260,414000,CHI,CHN,0.0,14,XIC,NA,NA,NA,NA,0.0,0,-19.56,-13.93,[],0,2110,"[{'start': 411.41, 'end': 413.52}]",[]
414000,415160,NA,OLN,0.0,14,XIC,NA,NA,NA,NA,0.0,0,-32.34,-24.37,[],0,0,[],[]
415160,415980,OCH,CXN,0.0,14,XIC,RC,2,NT,FH,0.0,0,-17.93,-13.17,[],0,0,[],[]
415980,416580,CHI,CHN,0.0,14,XIC,NA,NA,NA,NA,0.0,0,-16.23,-11.61,[],0,600,"[{'start': 415.98, 'end': 416.58}]",[]
416580,417750,FEM,FAN,4.26,14,XIC,RC,2,NT,FI,0.0,0,-28.53,-19.0,[],0,0,[],[]
417750,418870,NA,OLF,0.0,14,XIC,NA,NA,NA,NA,0.0,0,-16.15,-4.03,[],0,0,[],[]
418870,420600,NA,NOF,0.0,14,XIC,NA,NA,NA,NA,0.0,0,-37.08,-26.46,[],0,0,[],[]
420600,421590,NA,SIL,0.0,14,XIC,NA,NA,NA,NA,0.0,0,-41.14,-29.16,[],0,0,[],[]
421590,422730,FEM,FAN,1.31,14,XIC,RC,2,NT,FH,0.0,0,-31.46,-19.36,[],0,0,[],[]
422730,423570,OCH,CXN,0.0,14,XIC,RC,2,NT,FI,0.0,0,-22.25,-11.21,[],0,0,[],[]
423570,426010,FEM,FAN,5.95,14,XIC,RC,2,NT,FI,0.0,0,-30.69,-19.12,[],0,0,[],[]
426010,426670,CHI,CHN,0.0,14,XIC,NA,NA,NA,NA,0.0,0,-21.51,-11.1,[],0,350,[],"[{'start': 426.01, 'end': 426.36}]"
426670,427560,NA,SIL,0.0,14,XIC,NA,NA,NA,NA,0.0,0,-49.23,-32.61,[],0,0,[],[]
427560,429030,FEM,FAN,4.79,14,XIC,RC,2,NT,FH,0.0,0,-23.18,-13.48,[],0,0,[],[]
429030,430370,OCH,CXN,0.0,14,XIC,RC,2,NT,FI,0.0,0,-24.95,-13.16,[],0,0,[],[]
430370,433440,FEM,FAN,11.13,14,XIC,RC,2,NT,FI,0.0,0,-22.43,-11.87,[],0,0,[],[]
433440,434490,NA,SIL,0.0,14,XIC,NA,NA,NA,NA,0.0,0,-51.19,-36.23,[],0,0,[],[]
434490,435090,CHI,CHN,0.0,14,XIC,NA,NA,NA,NA,0.0,0,-19.42,-12.07,[],0,450,"[{'start': 434.64, 'end': 435.09}]",[]
435090,436990,FEM,FAN,7.11,14,XIC,RC,2,NT,FH,0.0,0,-26.93,-16.68,[],0,0,[],[]
436990,440040,NA,SIL,0.0,14,XIC,NA,NA,NA,NA,0.0,0,-56.57,-41.73,[],0,0,[],[]
440040,440640,OCH,CXN,0.0,14,XIC,EC,2,NT,FI,0.0,0,-28.26,-17.23,[],0,0,[],[]
440640,445180,NA,SIL,0.0,15,pause,NA,NA,NA,NA,0.0,0,-53.22,-40.59,[],0,0,[],[]
445180,445870,FEM,FAN,0.0,15,pause,NA,NA,NA,NA,0.0,0,-29.01,-19.38,[],690,0,[],[]
445870,447910,FEM,FAN,2.3,15,AMF,EC,0,NT,FI,0.0,0,-30.25,-17.96,[],0,0,[],[]
447910,453820,NA,SIL,0.0,16,pause,NA,NA,NA,NA,0.0,0,-58.14,-38.6,[],0,0,[],[]
453820,457080,FEM,FAN,10.84,16,AICF,BC,0,TIFI,FI,0.0,0,-23.72,-12.89,[],0,0,[],[]
457080,457740,CHI,CHN,0.0,16,AICF,RC,1,TIFR,FI,1.0,210,-25.6,-18.71,"[{'Canonical-syllable': '0', 'Growl': '0', 'High-freq-energy': '0', 'Long-island': '0', 'Low-tilt-spectrum': '0', 'Medium-island': '0', 'Short-island': '1', 'Squeal': '0', 'Typical-entropy': '0', 'Voicing-quality': '1', 'Wide-band': '0', 'Xlong-island': '0', 'seq': '1', 'end': 457.74, 'start': 457.53}]",0,0,[],[]
457740,458750,FEM,FAN,6.09,16,AICF,RC,1,TIFE,FI,0.0,0,-24.34,-18.03,[],0,0,[],[]
458750,460480,OCH,CXN,0.0,16,AICF,RC,1,NT,FI,0.0,0,-28.46,-20.47,[],0,0,[],[]
460480,461750,NA,SIL,0.0,16,AICF,NA,NA,NA,NA,0.0,0,-54.97,-48.15,[],0,0,[],[]
461750,463090,FEM,FAN,3.98,16,AICF,RC,1,TIFI,FI,0.0,0,-34.52,-27.71,[],0,0,[],[]
463090,463890,NA,SIL,0.0,16,AICF,NA,NA,NA,NA,0.0,0,-42.55,-33.22,[],0,0,[],[]
463890,464970,FEM,FAN,0.0,16,AICF,NA,NA,NA,NA,0.0,0,-35.09,-27.8,[],1080,0,[],[]
464970,465800,CHI,CHN,0.0,16,AICF,RC,2,TIFR,FI,1.0,700,-17.05,-9.26,"[{'Canonical-syllable': '0', 'Growl': '0', 'High-freq-energy': '0', 'Long-island': '0', 'Low-tilt-spectrum': '0', 'Medium-island': '1', 'Short-island': '0', 'Squeal': '0', 'Typical-entropy': '1', 'Voicing-quality': '1', 'Wide-band': '0', 'Xlong-island': '0', 'seq': '1', 'end': 465.67, 'start': 465.14}]",0,0,[],[]
465800,467720,NA,SIL,0.0,16,AICF,NA,NA,NA,NA,0.0,0,-47.35,-34.74,[],0,0,[],[]
467720,469940,NA,NOF,0.0,16,AICF,NA,NA,NA,NA,0.0,0,-47.23,-34.46,[],0,0,[],[]
469940,472790,FEM,FAN,9.89,16,AICF,RC,2,TIFI,FI,0.0,0,-20.08,-9.05,[],0,0,[],[]
472790,473590,NA,SIL,0.0,16,AICF,NA,NA,NA,NA,0.0,0,-43.52,-32.4,[],0,0,[],[]
473590,474190,CHI,CHN,0.0,16,AICF,RC,3,TIFR,FI,1.0,600,-25.94,-18.57,"[{'Canonical-syllable': '0', 'Growl': '0', 'High-freq-energy': '0', 'Long-island': '0', 'Low-tilt-spectrum': '0', 'Medium-island': '0', 'Short-island': '2', 'Squeal': '0', 'Typical-entropy': '0', 'Voicing-quality': '2', 'Wide-band': '0', 'Xlong-island': '0', 'seq': '1', 'end': 474.19, 'start': 473.68}]",0,0,[],[]
474190,475190,OCH,CXN,0.0,16,AICF,RC,3,NT,FI,0.0,0,-34.18,-24.54,[],0,0,[],[]
475190,476190,FEM,FAN,1.0,16,AICF,RC,3,NT,FI,0.0,0,-35.53,-30.37,[],0,0,[],[]
476190,476990,NA,SIL,0.0,16,AICF,NA,NA,NA,NA,0.0,0,-49.29,-39.71,[],0,0,[],[]
476990,478020,FEM,FAN,5.29,16,AICF,RC,3,NT,FH,0.0,0,-26.24,-19.87,[],0,0,[],[]
478020,479060,NA,SIL,0.0,16,AICF,NA,NA,NA,NA,0.0,0,-61.43,-50.61,[],0,0,[],[]
479060,480060,FEM,FAN,6.76,16,AICF,RC,3,NT,FH,0.0,0,-36.38,-31.29,[],0,0,[],[]
480060,482230,NA,SIL,0.0,16,AICF,NA,NA,NA,NA,0.0,0,-62.28,-53.77,[],0,0,[],[]
482230,483230,FEM,FAN,3.52,16,AICF,RC,3,TIFI,FH,0.0,0,-35.23,-25.51,[],0,0,[],[]
483230,484170,NA,SIL,0.0,16,AICF,NA,NA,NA,NA,0.0,0,-60.54,-54.54,[],0,0,[],[]
484170,486320,CHI,CHN,0.0,16,AICF,RC,4,TIFR,FI,1.0,1370,-22.8,-11.95,"[{'Canonical-syllable': '2', 'Growl': '0', 'High-freq-energy': '0', 'Long-island': '0', 'Low-tilt-spectrum': '0', 'Medium-island': '2', 'Short-island': '1', 'Squeal': '0', 'Typical-entropy': '1', 'Voicing-quality': '3', 'Wide-band': '0', 'Xlong-island': '0', 'seq': '1', 'end': 486.06, 'start': 484.69}]",0,0,[],[]
486320,487120,NA,SIL,0.0,16,AICF,NA,NA,NA,NA,0.0,0,-47.06,-37.26,[],0,0,[],[]
487120,488120,FEM,FAN,2.84,16,AICF,EC,4,TIFE,FI,0.0,0,-35.35,-27.76,[],0,0,[],[]
488120,489930,NA,SIL,0.0,17,pause,NA,NA,NA,NA,0.0,0,-50.94,-35.55,[],0,0,[],[]
489930,490730,NA,OLF,0.0,17,pause,NA,NA,NA,NA,0.0,0,-25.79,-8.83,[],0,0,[],[]
490730,491530,NA,SIL,0.0,17,pause,NA,NA,NA,NA,0.0,0,-47.11,-39.62,[],0,0,[],[]
491530,492360,NA,OLF,0.0,17,pause,NA,NA,NA,NA,0.0,0,-21.37,-7.94,[],0,0,[],[]
492360,493370,NA,MAF,0.0,17,pause,NA,NA,NA,NA,0.0,0,-42.85,-29.78,[],0,0,[],[]
493370,494210,NA,OLF,0.0,17,pause,NA,NA,NA,NA,0.0,0,-38.88,-28.86,[],0,0,[],[]
494210,495530,NA,SIL,0.0,17,pause,NA,NA,NA,NA,0.0,0,-50.78,-39.48,[],0,0,[],[]
495530,496660,CHI,CHN,0.0,17,CIC,BC,0,TIFI,FI,2.0,810,-22.51,-14.93,"[{'Canonical-syllable': '0', 'Growl': '0', 'High-freq-energy': '0', 'Long-island': '0', 'Low-tilt-spectrum': '0', 'Medium-island': '1', 'Short-island': '0', 'Squeal': '0', 'Typical-entropy': '0', 'Voicing-quality': '1', 'Wide-band': '0', 'Xlong-island': '0', 'seq': '1', 'end': 496.11, 'start': 495.74}, {'Canonical-syllable': '1', 'Growl': '0', 'High-freq-energy': '0', 'Long-island': '0', 'Low-tilt-spectrum': '0', 'Medium-island': '0', 'Short-island': '1', 'Squeal': '0', 'Typical-entropy': '0', 'Voicing-quality': '1', 'Wide-band': '0', 'Xlong-island': '0', 'seq': '2', 'end': 496.66, 'start': 496.43}]",0,0,[],[]
496660,501280,FEM,FAN,16.23,17,CIC,RC,1,TIFR,FI,0.0,0,-29.92,-16.43,[],0,0,[],[]
501280,502420,NA,SIL,0.0,17,CIC,NA,NA,NA,NA,0.0,0,-59.79,-51.79,[],0,0,[],[]
502420,503220,NA,NOF,0.0,17,CIC,NA,NA,NA,NA,0.0,0,-50.53,-37.37,[],0,0,[],[]
503220,504100,NA,SIL,0.0,17,CIC,NA,NA,NA,NA,0.0,0,-59.44,-51.32,[],0,0,[],[]
504100,504710,FEM,FAN,5.25,17,CIC,RC,1,NT,FH,0.0,0,-37.49,-26.24,[],0,0,[],[]
504710,507120,NA,SIL,0.0,17,CIC,NA,NA,NA,NA,0.0,0,-54.74,-37.13,[],0,0,[],[]
507120,508480,CHI,CHN,0.0,17,CIC,RC,1,TIFI,FI,1.0,1280,-17.06,-7.13,"[{'Canonical-syllable': '0', 'Growl': '1', 'High-freq-energy': '2', 'Long-island': '0', 'Low-tilt-spectrum': '1', 'Medium-island': '0', 'Short-island': '0', 'Squeal': '1', 'Typical-entropy': '2', 'Voicing-quality': '1', 'Wide-band': '0', 'Xlong-island': '1', 'seq': '1', 'end': 508.4, 'start': 507.12}]",0,0,[],[]
508480,509420,NA,SIL,0.0,17,CIC,NA,NA,NA,NA,0.0,0,-39.25,-24.58,[],0,0,[],[]
509420,512870,FEM,FAN,12.71,17,CIC,RC,2,TIFR,FI,0.0,0,-22.53,-10.48,[],0,0,[],[]
512870,513480,FEM,FAN,3.65,17,CIC,RC,2,NT,FH,0.0,0,-30.32,-22.84,[],0,0,[],[]
513480,514530,FEM,FAN,6.43,17,CIC,RC,2,NT,FH,0.0,0,-29.43,-18.64,[],0,0,[],[]
514530,515460,OCH,CXN,0.0,17,CIC,RC,2,NT,FI,0.0,0,-35.95,-23.65,[],0,0,[],[]
515460,516510,NA,SIL,0.0,17,CIC,NA,NA,NA,NA,0.0,0,-53.48,-40.25,[],0,0,[],[]
516510,518890,FEM,FAN,9.75,17,CIC,RC,2,NT,FI,0.0,0,-19.76,-10.32,[],0,0,[],[]
518890,519490,FEM,FAN,5.68,17,CIC,RC,2,NT,FH,0.0,0,-23.72,-16.23,[],0,0,[],[]
519490,521420,NA,SIL,0.0,17,CIC,NA,NA,NA,NA,0.0,0,-52.74,-38.98,[],0,0,[],[]
521420,524860,FEM,FAN,8.34,17,CIC,RC,2,NT,FH,0.0,0,-34.69,-25.02,[],0,0,[],[]
524860,526860,NA,SIL,0.0,17,CIC,NA,NA,NA,NA,0.0,0,-46.29,-29.46,[],0,0,[],[]
526860,527460,FEM,FAN,2.75,17,CIC,RC,2,NT,FH,0.0,0,-28.14,-17.84,[],0,0,[],[]
527460,529160,NA,SIL,0.0,17,CIC,NA,NA,NA,NA,0.0,0,-46.51,-28.29,[],0,0,[],[]
529160,529760,FEM,FAN,2.57,17,CIC,EC,2,NT,FH,0.0,0,-30.54,-18.56,[],0,0,[],[]
529760,533690,NA,SIL,0.0,18,pause,NA,NA,NA,NA,0.0,0,-41.77,-18.6,[],0,0,[],[]
533690,535130,CHI,CHN,0.0,18,pause,NA,NA,NA,NA,0.0,0,-19.13,-11.84,[],0,920,"[{'start': 534.13, 'end': 535.05}]",[]
535130,536420,NA,SIL,0.0,18,pause,NA,NA,NA,NA,0.0,0,-55.42,-42.49,[],0,0,[],[]
536420,538270,CHI,CHN,0.0,18,CIC,BC,0,TIFI,FI,2.0,1460,-23.32,-12.44,"[{'Canonical-syllable': '0', 'Growl': '0', 'High-freq-energy': '0', 'Long-island': '0', 'Low-tilt-spectrum': '0', 'Medium-island': '0', 'Short-island': '1', 'Squeal': '0', 'Typical-entropy': '1', 'Voicing-quality': '1', 'Wide-band': '0', 'Xlong-island': '0', 'seq': '1', 'end': 536.73, 'start': 536.55}, {'Canonical-syllable': '0', 'Growl': '0', 'High-freq-energy': '0', 'Long-island': '1', 'Low-tilt-spectrum': '0', 'Medium-island': '0', 'Short-island': '1', 'Squeal': '0', 'Typical-entropy': '0', 'Voicing-quality': '2', 'Wide-band': '0', 'Xlong-island': '0', 'seq': '2', 'end': 538.27, 'start': 537.12}]",0,0,[],[]
538270,539310,FEM,FAN,6.08,18,CIC,RC,1,TIFR,FI,0.0,0,-33.47,-24.5,[],0,0,[],[]
539310,540110,NA,OLN,0.0,18,CIC,NA,NA,NA,NA,0.0,0,-19.07,-3.5,[],0,0,[],[]
540110,541190,CHI,CHN,0.0,18,CIC,RC,1,TIFI,FI,1.0,990,-17.82,-9.86,"[{'Canonical-syllable': '0', 'Growl': '0', 'High-freq-energy': '0', 'Long-island': '1', 'Low-tilt-spectrum': '0', 'Medium-island': '0', 'Short-island': '1', 'Squeal': '0', 'Typical-entropy': '1', 'Voicing-quality': '2', 'Wide-band': '0', 'Xlong-island': '0', 'seq': '1', 'end': 541.1, 'start': 540.11}]",0,0,[],[]
541190,542350,FEM,FAN,3.76,18,CIC,RC,2,TIFR,FI,0.0,0,-33.84,-24.16,[],0,0,[],[]
542350,543160,NA,SIL,0.0,18,CIC,NA,NA,NA,NA,0.0,0,-34.47,-20.42,[],0,0,[],[]
543160,543760,FEM,FAN,0.92,18,CIC,RC,2,NT,FH,0.0,0,-31.49,-20.05,[],0,0,[],[]
543760,545680,NA,SIL,0.0,18,CIC,NA,NA,NA,NA,0.0,0,-51.0,-36.85,[],0,0,[],[]
545680,546820,FEM,FAN,3.27,18,CIC,RC,2,NT,FH,0.0,0,-33.11,-23.07,[],0,0,[],[]
546820,547500,OCH,CXN,0.0,18,CIC,RC,2,NT,FI,0.0,0,-17.94,-8.84,[],0,0,[],[]
547500,548500,OCH,CXN,0.0,18,CIC,RC,2,NT,FH,0.0,0,-21.39,-10.3,[],0,0,[],[]
548500,549270,OCH,CXN,0.0,18,CIC,RC,2,NT,FH,0.0,0,-18.22,-7.67,[],0,0,[],[]
549270,550650,FEM,FAN,4.66,18,CIC,RC,2,NT,FI,0.0,0,-34.01,-27.15,[],0,0,[],[]
550650,551690,NA,SIL,0.0,18,CIC,NA,NA,NA,NA,0.0,0,-57.57,-45.63,[],0,0,[],[]
551690,552690,FEM,FAN,1.6,18,CIC,RC,2,TIFI,FH,0.0,0,-32.28,-25.69,[],0,0,[],[]
552690,553490,NA,SIL,0.0,18,CIC,NA,NA,NA,NA,0.0,0,-58.14,-51.04,[],0,0,[],[]
553490,554620,NA,NOF,0.0,18,CIC,NA,NA,NA,NA,0.0,0,-43.12,-28.15,[],0,0,[],[]
554620,555220,CHI,CHN,0.0,18,CIC,RC,3,TIFR,FI,1.0,600,-35.89,-30.5,"[{'Canonical-syllable': '0', 'Growl': '0', 'High-freq-energy': '0', 'Long-island': '0', 'Low-tilt-spectrum': '0', 'Medium-island': '1', 'Short-island': '0', 'Squeal': '0', 'Typical-entropy': '0', 'Voicing-quality': '1', 'Wide-band': '0', 'Xlong-island': '0', 'seq': '1', 'end': 555.22, 'start': 554.71}]",0,0,[],[]
555220,556020,NA,OLN,0.0,18,CIC,NA,NA,NA,NA,0.0,0,-28.24,-20.19,[],0,0,[],[]
556020,556620,CHI,CHN,0.0,18,CIC,RC,3,NT,FH,1.0,600,-19.19,-11.23,"[{'Canonical-syllable': '1', 'Growl': '0', 'High-freq-energy': '0', 'Long-island': '0', 'Low-tilt-spectrum': '0', 'Medium-island': '1', 'Short-island': '0', 'Squeal': '0', 'Typical-entropy': '1', 'Voicing-quality': '1', 'Wide-band': '0', 'Xlong-island': '0', 'seq': '1', 'end': 556.62, 'start': 556.02}]",0,0,[],[]
556620,557420,NA,MAF,0.0,18,CIC,NA,NA,NA,NA,0.0,0,-44.41,-34.79,[],0,0,[],[]
557420,558640,MAL,MAN,4.37,18,CIC,RC,3,TIME,FI,0.0,0,-38.74,-28.86,[],0,0,[],[]
558640,560280,NA,SIL,0.0,18,CIC,NA,NA,NA,NA,0.0,0,-46.77,-33.78,[],0,0,[],[]
560280,561080,NA,OLN,0.0,18,CIC,NA,NA,NA,NA,0.0,0,-32.69,-25.63,[],0,0,[],[]
561080,561710,CHI,CHN,0.0,18,CIC,NA,NA,NA,NA,0.0,0,-22.61,-18.25,[],0,630,"[{'start': 561.08, 'end': 561.71}]",[]
561710,562570,NA,SIL,0.0,18,CIC,NA,NA,NA,NA,0.0,0,-49.55,-39.29,[],0,0,[],[]
562570,563980,FEM,FAN,7.55,18,CIC,RC,3,NT,FI,0.0,0,-36.49,-27.99,[],0,0,[],[]
563980,564840,OCH,CXN,0.0,18,CIC,RC,3,NT,FI,0.0,0,-38.42,-30.25,[],0,0,[],[]
564840,566400,OCH,CXN,0.0,18,CIC,RC,3,NT,FH,0.0,0,-25.24,-14.04,[],0,0,[],[]
566400,569330,NA,SIL,0.0,18,CIC,NA,NA,NA,NA,0.0,0,-47.96,-32.14,[],0,0,[],[]
569330,570690,FEM,FAN,4.61,18,CIC,EC,3,NT,FI,0.0,0,-36.8,-30.21,[],0,0,[],[]
570690,573710,NA,SIL,0.0,19,pause,NA,NA,NA,NA,0.0,0,-56.57,-43.69,[],0,0,[],[]
573710,574560,NA,NOF,0.0,19,pause,NA,NA,NA,NA,0.0,0,-46.48,-31.9,[],0,0,[],[]
574560,577700,NA,SIL,0.0,19,pause,NA,NA,NA,NA,0.0,0,-57.49,-42.23,[],0,0,[],[]
577700,578930,OCH,CXN,0.0,19,XIOCA,BC,0,NT,FI,0.0,0,-22.3,-13.4,[],0,0,[],[]
578930,581410,FEM,FAN,8.72,19,XIOCA,RC,0,NT,FI,0.0,0,-32.06,-20.66,[],0,0,[],[]
581410,582210,NA,SIL,0.0,19,XIOCA,NA,NA,NA,NA,0.0,0,-35.54,-21.45,[],0,0,[],[]
582210,584640,FEM,FAN,6.98,19,XIOCA,RC,0,NT,FH,0.0,0,-37.84,-29.63,[],0,0,[],[]
584640,586020,NA,SIL,0.0,19,XIOCA,NA,NA,NA,NA,0.0,0,-58.59,-45.79,[],0,0,[],[]
586020,587020,NA,FAF,0.0,19,XIOCA,NA,NA,NA,NA,0.0,0,-40.64,-28.58,[],0,0,[],[]
587020,588140,NA,SIL,0.0,19,XIOCA,NA,NA,NA,NA,0.0,0,-61.38,-54.11,[],0,0,[],[]
588140,589260,FEM,FAN,6.23,19,XIOCA,RC,0,NT,FH,0.0,0,-40.3,-33.52,[],0,0,[],[]
589260,590620,NA,SIL,0.0,19,XIOCA,NA,NA,NA,NA,0.0,0,-44.61,-28.65,[],0,0,[],[]
590620,591930,NA,NOF,0.0,19,XIOCA,NA,NA,NA,NA,0.0,0,-40.79,-23.1,[],0,0,[],[]
591930,593580,OCH,CXN,0.0,19,XIOCA,RC,0,NT,FI,0.0,0,-28.97,-14.94,[],0,0,[],[]
593580,594260,OCH,CXN,0.0,19,XIOCA,RC,0,NT,FH,0.0,0,-19.41,-14.26,[],0,0,[],[]
594260,595540,FEM,FAN,5.62,19,XIOCA,RC,0,NT,FI,0.0,0,-32.6,-22.56,[],0,0,[],[]
595540,597360,NA,SIL,0.0,19,XIOCA,NA,NA,NA,NA,0.0,0,-41.19,-24.38,[],0,0,[],[]
597360,598370,FEM,FAN,2.9,19,XIOCA,RC,0,NT,FH,0.0,0,-36.12,-28.31,[],0,0,[],[]
598370,599530,MAL,MAN,4.45,19,XIOCA,RC,0,NT,FI,0.0,0,-39.8,-33.92,[],0,0,[],[]
599530,600180,OCH,CXN,0.0,19,XIOCA,RC,0,NT,FI,0.0,0,-31.38,-24.13,[],0,0,[],[]
600180,601710,NA,SIL,0.0,19,XIOCA,NA,NA,NA,NA,0.0,0,-58.92,-53.54,[],0,0,[],[]
601710,602510,OCH,CXN,0.0,19,XIOCA,RC,0,NT,FH,0.0,0,-23.4,-15.09,[],0,0,[],[]
602510,603880,FEM,FAN,4.84,19,XIOCA,RC,0,NT,FI,0.0,0,-34.57,-22.37,[],0,0,[],[]
603880,608760,NA,SIL,0.0,19,XIOCA,NA,NA,NA,NA,0.0,0,-44.35,-30.72,[],0,0,[],[]
608760,611360,FEM,FAN,9.89,19,XIOCA,RC,0,NT,FH,0.0,0,-32.18,-22.02,[],0,0,[],[]
611360,613750,NA,SIL,0.0,19,XIOCA,NA,NA,NA,NA,0.0,0,-59.61,-49.54,[],0,0,[],[]
613750,614830,OCH,CXN,0.0,19,XIOCA,EC,0,NT,FI,0.0,0,-22.1,-8.94,[],0,0,[],[]
614830,617500,NA,OLN,0.0,20,pause,NA,NA,NA,NA,0.0,0,-27.82,-16.59,[],0,0,[],[]
617500,618370,NA,NOF,0.0,20,pause,NA,NA,NA,NA,0.0,0,-27.95,-14.33,[],0,0,[],[]
618370,619370,NA,MAF,0.0,20,pause,NA,NA,NA,NA,0.0,0,-30.13,-15.56,[],0,0,[],[]
619370,620690,NA,SIL,0.0,20,pause,NA,NA,NA,NA,0.0,0,-47.73,-36.83,[],0,0,[],[]
620690,622420,NA,OLF,0.0,20,pause,NA,NA,NA,NA,0.0,0,-24.47,-9.72,[],0,0,[],[]
622420,623220,NA,SIL,0.0,20,pause,NA,NA,NA,NA,0.0,0,-47.66,-37.49,[],0,0,[],[]
623220,624340,NA,NOF,0.0,20,pause,NA,NA,NA,NA,0.0,0,-26.92,-10.04,[],0,0,[],[]
624340,625340,NA,FAF,0.0,20,pause,NA,NA,NA,NA,0.0,0,-42.06,-33.99,[],0,0,[],[]
625340,630030,NA,NON,0.0,20,pause,NA,NA,NA,NA,0.0,0,-30.96,-10.82,[],0,0,[],[]
630030,630640,FEM,FAN,0.0,20,pause,NA,NA,NA,NA,0.0,0,-29.92,-22.86,[],610,0,[],[]
630640,631440,NA,FAF,0.0,20,pause,NA,NA,NA,NA,0.0,0,-43.08,-33.22,[],0,0,[],[]
631440,632310,NA,OLF,0.0,20,pause,NA,NA,NA,NA,0.0,0,-39.22,-32.02,[],0,0,[],[]
632310,635090,NA,NOF,0.0,20,pause,NA,NA,NA,NA,0.0,0,-47.02,-37.1,[],0,0,[],[]
635090,636960,FEM,FAN,8.28,20,AIOCCXF,BC,0,NT,FI,0.0,0,-29.27,-17.78,[],0,0,[],[]
636960,637770,OCH,CXN,0.0,20,AIOCCXF,RC,0,NT,FI,0.0,0,-33.21,-26.59,[],0,0,[],[]
637770,638570,NA,NOF,0.0,20,AIOCCXF,NA,NA,NA,NA,0.0,0,-43.22,-28.44,[],0,0,[],[]
638570,639370,NA,SIL,0.0,20,AIOCCXF,NA,NA,NA,NA,0.0,0,-55.16,-45.26,[],0,0,[],[]
639370,640030,CHI,CHN,0.0,20,AIOCCXF,EC,0,NT,FI,1.0,240,-21.77,-14.29,"[{'Canonical-syllable': '0', 'Growl': '0', 'High-freq-energy': '0', 'Long-island': '0', 'Low-tilt-spectrum': '0', 'Medium-island': '0', 'Short-island': '1', 'Squeal': '0', 'Typical-entropy': '0', 'Voicing-quality': '1', 'Wide-band': '0', 'Xlong-island': '0', 'seq': '1', 'end': 640.03, 'start': 639.79}]",0,0,[],[]
640030,646890,NA,NOF,0.0,21,pause,NA,NA,NA,NA,0.0,0,-38.23,-20.98,[],0,0,[],[]
646890,647760,NA,OLN,0.0,21,pause,NA,NA,NA,NA,0.0,0,-26.11,-16.09,[],0,0,[],[]
647760,652670,NA,NOF,0.0,21,pause,NA,NA,NA,NA,0.0,0,-39.88,-23.26,[],0,0,[],[]
652670,653680,NA,SIL,0.0,21,pause,NA,NA,NA,NA,0.0,0,-56.51,-47.89,[],0,0,[],[]
653680,654680,FEM,FAN,0.81,21,AICF,BC,0,NT,FI,0.0,0,-40.07,-31.21,[],0,0,[],[]
654680,655590,NA,SIL,0.0,21,AICF,NA,NA,NA,NA,0.0,0,-61.28,-56.07,[],0,0,[],[]
655590,656700,NA,NOF,0.0,21,AICF,NA,NA,NA,NA,0.0,0,-44.57,-29.25,[],0,0,[],[]
656700,657700,MAL,MAN,2.64,21,AICF,RC,0,TIMI,FI,0.0,0,-32.02,-17.25,[],0,0,[],[]
657700,658300,NA,CHF,0.0,21,AICF,RC,1,TIMR,FI,1.0,310,-36.95,-27.54,"[{'Canonical-syllable': '0', 'Growl': '1', 'High-freq-energy': '0', 'Long-island': '0', 'Low-tilt-spectrum': '0', 'Medium-island': '1', 'Short-island': '0', 'Squeal': '0', 'Typical-entropy': '0', 'Voicing-quality': '1', 'Wide-band': '0', 'Xlong-island': '0', 'seq': '1', 'end': 658.01, 'start': 657.7}]",0,0,[],[]
658300,659490,NA,SIL,0.0,21,AICF,NA,NA,NA,NA,0.0,0,-59.26,-53.67,[],0,0,[],[]
659490,660090,NA,MAF,0.0,21,AICF,NA,NA,NA,NA,0.0,0,-45.84,-40.0,[],0,0,[],[]
660090,662850,NA,NOF,0.0,21,AICF,NA,NA,NA,NA,0.0,0,-41.18,-26.92,[],0,0,[],[]
662850,663450,CHI,CHN,0.0,21,AICF,RC,1,NT,FH,1.0,600,-20.61,-9.33,"[{'Canonical-syllable': '1', 'Growl': '0', 'High-freq-energy': '0', 'Long-island': '0', 'Low-tilt-spectrum': '0', 'Medium-island': '1', 'Short-island': '0', 'Squeal': '0', 'Typical-entropy': '0', 'Voicing-quality': '1', 'Wide-band': '0', 'Xlong-island': '0', 'seq': '1', 'end': 663.45, 'start': 663.12}]",0,0,[],[]
663450,664450,CHI,CHN,0.0,21,AICF,RC,1,NT,FH,1.0,810,-18.42,-11.97,"[{'Canonical-syllable': '0', 'Growl': '0', 'High-freq-energy': '0', 'Long-island': '0', 'Low-tilt-spectrum': '0', 'Medium-island': '1', 'Short-island': '1', 'Squeal': '0', 'Typical-entropy': '1', 'Voicing-quality': '2', 'Wide-band': '0', 'Xlong-island': '0', 'seq': '1', 'end': 664.26, 'start': 663.45}]",0,0,[],[]
664450,665430,NA,FAF,0.0,21,AICF,NA,NA,NA,NA,0.0,0,-41.18,-31.38,[],0,0,[],[]
665430,666440,MAL,MAN,3.59,21,AICF,RC,1,TIME,FI,0.0,0,-42.54,-34.16,[],0,0,[],[]
666440,667240,NA,SIL,0.0,21,AICF,NA,NA,NA,NA,0.0,0,-55.7,-46.74,[],0,0,[],[]
667240,668040,NA,NOF,0.0,21,AICF,NA,NA,NA,NA,0.0,0,-50.27,-43.0,[],0,0,[],[]
668040,669770,FEM,FAN,6.11,21,AICF,RC,1,TIFI,FI,0.0,0,-21.42,-9.25,[],0,0,[],[]
669770,671290,CHI,CHN,0.0,21,AICF,RC,2,TIFR,FI,1.0,1520,-14.53,-4.84,"[{'Canonical-syllable': '1', 'Growl': '0', 'High-freq-energy': '0', 'Long-island': '0', 'Low-tilt-spectrum': '1', 'Medium-island': '0', 'Short-island': '1', 'Squeal': '0', 'Typical-entropy': '2', 'Voicing-quality': '2', 'Wide-band': '0', 'Xlong-island': '1', 'seq': '1', 'end': 671.29, 'start': 669.77}]",0,0,[],[]
671290,672330,NA,NOF,0.0,21,AICF,NA,NA,NA,NA,0.0,0,-43.77,-33.32,[],0,0,[],[]
672330,673340,CHI,CHN,0.0,21,AICF,RC,2,NT,FH,2.0,500,-27.91,-19.09,"[{'Canonical-syllable': '0', 'Growl': '1', 'High-freq-energy': '0', 'Long-island': '0', 'Low-tilt-spectrum': '0', 'Medium-island': '0', 'Short-island': '0', 'Squeal': '0', 'Typical-entropy': '1', 'Voicing-quality': '0', 'Wide-band': '0', 'Xlong-island': '0', 'seq': '1', 'end': 672.51, 'start': 672.41}, {'Canonical-syllable': '1', 'Growl': '0', 'High-freq-energy': '0', 'Long-island': '0', 'Low-tilt-spectrum': '0', 'Medium-island': '1', 'Short-island': '0', 'Squeal': '0', 'Typical-entropy': '1', 'Voicing-quality': '1', 'Wide-band': '0', 'Xlong-island': '0', 'seq': '2', 'end': 673.34, 'start': 673.02}]",0,0,[],[]
673340,674240,OCH,CXN,0.0,21,AICF,RC,2,NT,FI,0.0,0,-18.24,-11.74,[],0,0,[],[]
674240,675830,NA,NON,0.0,21,AICF,NA,NA,NA,NA,0.0,0,-24.84,-9.72,[],0,0,[],[]
675830,676430,CHI,CHN,0.0,21,AICF,RC,2,NT,FI,1.0,600,-14.88,-5.06,"[{'Canonical-syllable': '1', 'Growl': '0', 'High-freq-energy': '1', 'Long-island': '0', 'Low-tilt-spectrum': '2', 'Medium-island': '1', 'Short-island': '1', 'Squeal': '0', 'Typical-entropy': '2', 'Voicing-quality': '2', 'Wide-band': '0', 'Xlong-island': '0', 'seq': '1', 'end': 676.43, 'start': 675.83}]",0,0,[],[]
676430,677280,NA,OLN,0.0,21,AICF,NA,NA,NA,NA,0.0,0,-29.61,-22.54,[],0,0,[],[]
677280,679150,CHI,CHN,0.0,21,AICF,RC,2,NT,FH,2.0,1510,-16.52,-8.43,"[{'Canonical-syllable': '0', 'Growl': '0', 'High-freq-energy': '0', 'Long-island': '1', 'Low-tilt-spectrum': '0', 'Medium-island': '1', 'Short-island': '0', 'Squeal': '0', 'Typical-entropy': '2', 'Voicing-quality': '2', 'Wide-band': '0', 'Xlong-island': '0', 'seq': '1', 'end': 678.52, 'start': 677.38}, {'Canonical-syllable': '1', 'Growl': '0', 'High-freq-energy': '0', 'Long-island': '0', 'Low-tilt-spectrum': '0', 'Medium-island': '0', 'Short-island': '1', 'Squeal': '0', 'Typical-entropy': '1', 'Voicing-quality': '1', 'Wide-band': '0', 'Xlong-island': '0', 'seq': '2', 'end': 679.15, 'start': 678.88}]",0,0,[],[]
679150,679950,NA,OLN,0.0,21,AICF,NA,NA,NA,NA,0.0,0,-19.26,-10.34,[],0,0,[],[]
679950,680590,CHI,CHN,0.0,21,AICF,RC,2,NT,FH,1.0,510,-15.37,-8.34,"[{'Canonical-syllable': '1', 'Growl': '0', 'High-freq-energy': '0', 'Long-island': '0', 'Low-tilt-spectrum': '0', 'Medium-island': '1', 'Short-island': '0', 'Squeal': '0', 'Typical-entropy': '1', 'Voicing-quality': '1', 'Wide-band': '0', 'Xlong-island': '0', 'seq': '1', 'end': 680.46, 'start': 679.95}]",0,0,[],[]
680590,681530,OCH,CXN,0.0,21,AICF,RC,2,NT,FI,0.0,0,-22.21,-11.93,[],0,0,[],[]
681530,682130,CHI,CHN,0.0,21,AICF,RC,2,NT,FI,1.0,600,-22.2,-15.39,"[{'Canonical-syllable': '1', 'Growl': '0', 'High-freq-energy': '0', 'Long-island': '0', 'Low-tilt-spectrum': '2', 'Medium-island': '1', 'Short-island': '1', 'Squeal': '0', 'Typical-entropy': '2', 'Voicing-quality': '2', 'Wide-band': '0', 'Xlong-island': '0', 'seq': '1', 'end': 682.13, 'start': 681.53}]",0,0,[],[]
682130,683740,CHI,CHN,0.0,21,AICF,RC,2,NT,FH,2.0,690,-20.15,-11.27,"[{'Canonical-syllable': '1', 'Growl': '0', 'High-freq-energy': '0', 'Long-island': '0', 'Low-tilt-spectrum': '0', 'Medium-island': '1', 'Short-island': '0', 'Squeal': '0', 'Typical-entropy': '0', 'Voicing-quality': '1', 'Wide-band': '0', 'Xlong-island': '0', 'seq': '1', 'end': 682.77, 'start': 682.51}, {'Canonical-syllable': '1', 'Growl': '0', 'High-freq-energy': '0', 'Long-island': '0', 'Low-tilt-spectrum': '0', 'Medium-island': '1', 'Short-island': '0', 'Squeal': '0', 'Typical-entropy': '0', 'Voicing-quality': '1', 'Wide-band': '0', 'Xlong-island': '0', 'seq': '2', 'end': 683.61, 'start': 683.18}]",0,0,[],[]
683740,685770,NA,NOF,0.0,21,AICF,NA,NA,NA,NA,0.0,0,-43.5,-30.21,[],0,0,[],[]
685770,687550,CHI,CHN,0.0,21,AICF,RC,2,NT,FH,1.0,1620,-15.57,-7.62,"[{'Canonical-syllable': '0', 'Growl': '0', 'High-freq-energy': '0', 'Long-island': '0', 'Low-tilt-spectrum': '0', 'Medium-island': '0', 'Short-island': '0', 'Squeal': '0', 'Typical-entropy': '1', 'Voicing-quality': '1', 'Wide-band': '0', 'Xlong-island': '1', 'seq': '1', 'end': 687.39, 'start': 685.77}]",0,0,[],[]
687550,688980,OCH,CXN,0.0,21,AICF,EC,2,NT,FI,0.0,0,-29.28,-22.64,[],0,0,[],[]
688980,689780,NA,OLF,0.0,22,pause,NA,NA,NA,NA,0.0,0,-38.24,-29.41,[],0,0,[],[]
689780,690580,NA,OLN,0.0,22,pause,NA,NA,NA,NA,0.0,0,-29.28,-20.91,[],0,0,[],[]
690580,691500,NA,NOF,0.0,22,pause,NA,NA,NA,NA,0.0,0,-43.84,-37.86,[],0,0,[],[]
691500,692300,NA,OLF,0.0,22,pause,NA,NA,NA,NA,0.0,0,-39.66,-33.75,[],0,0,[],[]
692300,693300,NA,FAF,0.0,22,pause,NA,NA,NA,NA,0.0,0,-40.3,-33.54,[],0,0,[],[]
693300,694110,NA,OLN,0.0,22,pause,NA,NA,NA,NA,0.0,0,-37.26,-27.44,[],0,0,[],[]
694110,695110,MAL,MAN,0.0,22,pause,NA,NA,NA,NA,0.0,0,-41.33,-32.41,[],1000,0,[],[]
695110,695910,NA,SIL,0.0,22,pause,NA,NA,NA,NA,0.0,0,-51.88,-39.6,[],0,0,[],[]
695910,697480,CHI,CHN,0.0,22,CIC,BC,0,TIMI,FI,1.0,1450,-15.42,-10.8,"[{'Canonical-syllable': '0', 'Growl': '0', 'High-freq-energy': '0', 'Long-island': '0', 'Low-tilt-spectrum': '0', 'Medium-island': '0', 'Short-island': '0', 'Squeal': '0', 'Typical-entropy': '0', 'Voicing-quality': '1', 'Wide-band': '0', 'Xlong-island': '1', 'seq': '1', 'end': 697.36, 'start': 696.0}]",0,0,[],[]
697480,698500,NA,OLF,0.0,22,CIC,NA,NA,NA,NA,0.0,0,-33.53,-25.69,[],0,0,[],[]
698500,699380,NA,NOF,0.0,22,CIC,NA,NA,NA,NA,0.0,0,-44.71,-35.85,[],0,0,[],[]
699380,700560,NA,OLF,0.0,22,CIC,NA,NA,NA,NA,0.0,0,-30.88,-24.3,[],0,0,[],[]
700560,702310,MAL,MAN,5.76,22,CIC,RC,1,TIMR,FI,0.0,0,-38.24,-32.55,[],0,0,[],[]
702310,703110,NA,SIL,0.0,22,CIC,NA,NA,NA,NA,0.0,0,-46.11,-32.05,[],0,0,[],[]
703110,704080,CHI,CHN,0.0,22,CIC,RC,1,TIFI,FI,1.0,970,-15.8,-9.53,"[{'Canonical-syllable': '0', 'Growl': '0', 'High-freq-energy': '0', 'Long-island': '1', 'Low-tilt-spectrum': '0', 'Medium-island': '0', 'Short-island': '0', 'Squeal': '0', 'Typical-entropy': '1', 'Voicing-quality': '1', 'Wide-band': '0', 'Xlong-island': '0', 'seq': '1', 'end': 704.08, 'start': 703.11}]",0,0,[],[]
704080,705480,FEM,FAN,6.05,22,CIC,RC,2,TIFR,FI,0.0,0,-30.65,-25.99,[],0,0,[],[]
705480,709140,NA,NOF,0.0,22,CIC,NA,NA,NA,NA,0.0,0,-29.28,-8.15,[],0,0,[],[]
709140,710000,CHI,CHN,0.0,22,CIC,RC,2,TIFE,FI,1.0,860,-24.88,-9.58,"[{'Canonical-syllable': '0', 'Growl': '1', 'High-freq-energy': '0', 'Long-island': '1', 'Low-tilt-spectrum': '0', 'Medium-island': '0', 'Short-island': '0', 'Squeal': '0', 'Typical-entropy': '1', 'Voicing-quality': '1', 'Wide-band': '0', 'Xlong-island': '0', 'seq': '1', 'end': 710.0, 'start': 709.14}]",0,0,[],[]
710000,711980,NA,NON,0.0,22,CIC,NA,NA,NA,NA,0.0,0,-32.71,-21.2,[],0,0,[],[]
711980,713390,NA,SIL,0.0,22,CIC,NA,NA,NA,NA,0.0,0,-46.78,-32.1,[],0,0,[],[]
713390,714830,CHI,CHN,0.0,22,CIC,RC,2,TIMI,FH,1.0,1260,-17.67,-11.8,"[{'Canonical-syllable': '0', 'Growl': '0', 'High-freq-energy': '0', 'Long-island': '0', 'Low-tilt-spectrum': '0', 'Medium-island': '0', 'Short-island': '0', 'Squeal': '0', 'Typical-entropy': '1', 'Voicing-quality': '1', 'Wide-band': '0', 'Xlong-island': '1', 'seq': '1', 'end': 714.65, 'start': 713.53}]",0,0,[],[]
714830,715920,MAL,MAN,4.37,22,CIC,RC,3,TIMR,FI,0.0,0,-44.04,-36.11,[],0,0,[],[]
715920,717050,CHI,CHN,0.0,22,CIC,RC,3,TIFI,FI,1.0,1130,-16.52,-11.13,"[{'Canonical-syllable': '0', 'Growl': '0', 'High-freq-energy': '0', 'Long-island': '0', 'Low-tilt-spectrum': '0', 'Medium-island': '0', 'Short-island': '0', 'Squeal': '0', 'Typical-entropy': '1', 'Voicing-quality': '1', 'Wide-band': '0', 'Xlong-island': '1', 'seq': '1', 'end': 717.05, 'start': 716.05}]",0,0,[],[]
717050,718050,FEM,FAN,2.19,22,CIC,RC,4,TIFR,FI,0.0,0,-36.62,-30.15,[],0,0,[],[]
718050,718880,NA,NOF,0.0,22,CIC,NA,NA,NA,NA,0.0,0,-55.51,-48.3,[],0,0,[],[]
718880,720290,CHI,CHN,0.0,22,CIC,RC,4,TIFE,FI,1.0,1410,-16.57,-9.35,"[{'Canonical-syllable': '0', 'Growl': '0', 'High-freq-energy': '0', 'Long-island': '0', 'Low-tilt-spectrum': '0', 'Medium-island': '2', 'Short-island': '0', 'Squeal': '0', 'Typical-entropy': '0', 'Voicing-quality': '2', 'Wide-band': '0', 'Xlong-island': '0', 'seq': '1', 'end': 720.29, 'start': 718.88}]",0,0,[],[]
720290,721440,OCH,CXN,0.0,22,CIC,RC,4,NT,FI,0.0,0,-22.17,-10.3,[],0,0,[],[]
721440,722500,NA,NOF,0.0,22,CIC,NA,NA,NA,NA,0.0,0,-43.14,-35.38,[],0,0,[],[]
722500,723740,NA,MAF,0.0,22,CIC,NA,NA,NA,NA,0.0,0,-40.91,-33.2,[],0,0,[],[]
723740,725160,CHI,CHN,0.0,22,CIC,RC,4,NT,FI,1.0,1420,-16.38,-9.92,"[{'Canonical-syllable': '0', 'Growl': '0', 'High-freq-energy': '0', 'Long-island': '0', 'Low-tilt-spectrum': '0', 'Medium-island': '0', 'Short-island': '0', 'Squeal': '0', 'Typical-entropy': '1', 'Voicing-quality': '1', 'Wide-band': '0', 'Xlong-island': '1', 'seq': '1', 'end': 725.16, 'start': 723.87}]",0,0,[],[]
725160,725960,OCH,CXN,0.0,22,CIC,RC,4,NT,FI,0.0,0,-24.47,-18.2,[],0,0,[],[]
725960,727690,NA,OLN,0.0,22,CIC,NA,NA,NA,NA,0.0,0,-32.92,-20.56,[],0,0,[],[]
727690,728770,CHI,CHN,0.0,22,CIC,RC,4,TIMI,FI,1.0,1080,-18.53,-10.09,"[{'Canonical-syllable': '0', 'Growl': '0', 'High-freq-energy': '0', 'Long-island': '0', 'Low-tilt-spectrum': '0', 'Medium-island': '1', 'Short-island': '1', 'Squeal': '0', 'Typical-entropy': '0', 'Voicing-quality': '2', 'Wide-band': '0', 'Xlong-island': '0', 'seq': '1', 'end': 728.77, 'start': 727.69}]",0,0,[],[]
728770,730500,NA,NOF,0.0,22,CIC,NA,NA,NA,NA,0.0,0,-41.87,-35.58,[],0,0,[],[]
730500,731300,NA,SIL,0.0,22,CIC,NA,NA,NA,NA,0.0,0,-56.26,-50.04,[],0,0,[],[]
731300,733090,MAL,MAN,6.41,22,CIC,RC,5,TIMR,FI,0.0,0,-35.09,-21.54,[],0,0,[],[]
733090,733890,NA,NOF,0.0,22,CIC,NA,NA,NA,NA,0.0,0,-47.19,-38.5,[],0,0,[],[]
733890,735140,CHI,CHN,0.0,22,CIC,RC,5,TIMI,FI,1.0,740,-20.2,-10.85,"[{'Canonical-syllable': '0', 'Growl': '0', 'High-freq-energy': '0', 'Long-island': '0', 'Low-tilt-spectrum': '0', 'Medium-island': '1', 'Short-island': '1', 'Squeal': '0', 'Typical-entropy': '2', 'Voicing-quality': '2', 'Wide-band': '0', 'Xlong-island': '0', 'seq': '1', 'end': 734.63, 'start': 733.89}]",0,0,[],[]
735140,737810,NA,SIL,0.0,22,CIC,NA,NA,NA,NA,0.0,0,-49.53,-38.09,[],0,0,[],[]
737810,739370,MAL,MAN,2.1,22,CIC,RC,6,TIMR,FI,0.0,0,-43.0,-35.96,[],0,0,[],[]
739370,740850,NA,SIL,0.0,22,CIC,NA,NA,NA,NA,0.0,0,-53.33,-42.85,[],0,0,[],[]
740850,744200,NA,NOF,0.0,22,CIC,NA,NA,NA,NA,0.0,0,-37.09,-21.22,[],0,0,[],[]
744200,745200,MAL,MAN,2.03,22,CIC,RC,6,NT,FH,0.0,0,-37.09,-32.94,[],0,0,[],[]
745200,746310,CHI,CHN,0.0,22,CIC,RC,6,TIME,FI,1.0,370,-23.05,-14.96,"[{'Canonical-syllable': '0', 'Growl': '0', 'High-freq-energy': '0', 'Long-island': '0', 'Low-tilt-spectrum': '0', 'Medium-island': '1', 'Short-island': '0', 'Squeal': '0', 'Typical-entropy': '0', 'Voicing-quality': '1', 'Wide-band': '0', 'Xlong-island': '0', 'seq': '1', 'end': 746.14, 'start': 745.77}]",0,0,[],[]
746310,747130,NA,SIL,0.0,22,CIC,NA,NA,NA,NA,0.0,0,-47.04,-36.76,[],0,0,[],[]
747130,748520,CHI,CHN,0.0,22,CIC,RC,6,NT,FH,1.0,1020,-25.5,-15.87,"[{'Canonical-syllable': '0', 'Growl': '0', 'High-freq-energy': '0', 'Long-island': '0', 'Low-tilt-spectrum': '0', 'Medium-island': '0', 'Short-island': '0', 'Squeal': '0', 'Typical-entropy': '1', 'Voicing-quality': '1', 'Wide-band': '0', 'Xlong-island': '1', 'seq': '1', 'end': 748.52, 'start': 747.5}]",0,0,[],[]
748520,749500,NA,NOF,0.0,22,CIC,NA,NA,NA,NA,0.0,0,-42.34,-32.4,[],0,0,[],[]
749500,750310,NA,OLF,0.0,22,CIC,NA,NA,NA,NA,0.0,0,-37.43,-32.25,[],0,0,[],[]
750310,750910,NA,CHF,0.0,22,CIC,RC,6,NT,FH,1.0,600,-38.25,-35.33,"[{'Canonical-syllable': '0', 'Growl': '0', 'High-freq-energy': '0', 'Long-island': '0', 'Low-tilt-spectrum': '1', 'Medium-island': '1', 'Short-island': '0', 'Squeal': '0', 'Typical-entropy': '0', 'Voicing-quality': '1', 'Wide-band': '0', 'Xlong-island': '0', 'seq': '1', 'end': 750.91, 'start': 750.31}]",0,0,[],[]
750910,754490,NA,NOF,0.0,22,CIC,NA,NA,NA,NA,0.0,0,-23.53,-5.63,[],0,0,[],[]
754490,755090,CHI,CHN,0.0,22,CIC,EC,6,NT,FH,1.0,440,-16.88,-12.14,"[{'Canonical-syllable': '0', 'Growl': '0', 'High-freq-energy': '0', 'Long-island': '0', 'Low-tilt-spectrum': '0', 'Medium-island': '1', 'Short-island': '0', 'Squeal': '0', 'Typical-entropy': '0', 'Voicing-quality': '1', 'Wide-band': '0', 'Xlong-island': '0', 'seq': '1', 'end': 754.93, 'start': 754.49}]",0,0,[],[]
755090,756500,NA,NOF,0.0,23,pause,NA,NA,NA,NA,0.0,0,-49.08,-38.75,[],0,0,[],[]
756500,757330,NA,OLN,0.0,23,pause,NA,NA,NA,NA,0.0,0,-32.82,-26.4,[],0,0,[],[]
757330,759230,CHI,CHN,0.0,23,pause,NA,NA,NA,NA,0.0,0,-15.44,-6.47,[],0,1900,"[{'start': 757.33, 'end': 759.23}]",[]
759230,761220,NA,OLF,0.0,23,pause,NA,NA,NA,NA,0.0,0,-21.43,-9.95,[],0,0,[],[]
761220,762030,NA,NOF,0.0,23,pause,NA,NA,NA,NA,0.0,0,-49.17,-39.73,[],0,0,[],[]
762030,762640,CHI,CHN,0.0,23,CM,EC,0,NT,FI,1.0,610,-32.01,-25.3,"[{'Canonical-syllable': '0', 'Growl': '1', 'High-freq-energy': '0', 'Long-island': '0', 'Low-tilt-spectrum': '1', 'Medium-island': '1', 'Short-island': '0', 'Squeal': '0', 'Typical-entropy': '1', 'Voicing-quality': '1', 'Wide-band': '0', 'Xlong-island': '0', 'seq': '1', 'end': 762.64, 'start': 762.03}]",0,0,[],[]
762640,763460,NA,OLN,0.0,24,pause,NA,NA,NA,NA,0.0,0,-36.21,-29.73,[],0,0,[],[]
763460,765930,NA,NOF,0.0,24,pause,NA,NA,NA,NA,0.0,0,-38.38,-24.17,[],0,0,[],[]
765930,766830,NA,SIL,0.0,24,pause,NA,NA,NA,NA,0.0,0,-55.53,-50.15,[],0,0,[],[]
766830,768620,NA,NOF,0.0,24,pause,NA,NA,NA,NA,0.0,0,-32.32,-15.33,[],0,0,[],[]
768620,769620,FEM,FAN,3.88,24,AICF,BC,0,NT,FI,0.0,0,-33.33,-25.32,[],0,0,[],[]
769620,772890,NA,NOF,0.0,24,AICF,NA,NA,NA,NA,0.0,0,-24.79,-5.67,[],0,0,[],[]
772890,774420,FEM,FAN,1.61,24,AICF,RC,0,TIFI,FH,0.0,0,-29.53,-15.46,[],0,0,[],[]
774420,775100,CHI,CHN,0.0,24,AICF,RC,1,TIFR,FI,1.0,520,-17.88,-7.94,"[{'Canonical-syllable': '0', 'Growl': '0', 'High-freq-energy': '0', 'Long-island': '0', 'Low-tilt-spectrum': '0', 'Medium-island': '1', 'Short-island': '0', 'Squeal': '0', 'Typical-entropy': '1', 'Voicing-quality': '1', 'Wide-band': '0', 'Xlong-island': '0', 'seq': '1', 'end': 774.94, 'start': 774.42}]",0,0,[],[]
775100,776130,MAL,MAN,3.51,24,AICF,RC,1,TIMI,FI,0.0,0,-38.34,-32.24,[],0,0,[],[]
776130,777280,NA,NOF,0.0,24,AICF,NA,NA,NA,NA,0.0,0,-45.42,-38.27,[],0,0,[],[]
777280,778190,CHI,CHN,0.0,24,AICF,RC,2,TIMR,FI,1.0,450,-19.73,-10.3,"[{'Canonical-syllable': '0', 'Growl': '0', 'High-freq-energy': '0', 'Long-island': '0', 'Low-tilt-spectrum': '0', 'Medium-island': '1', 'Short-island': '0', 'Squeal': '0', 'Typical-entropy': '1', 'Voicing-quality': '1', 'Wide-band': '0', 'Xlong-island': '0', 'seq': '1', 'end': 777.73, 'start': 777.28}]",0,0,[],[]
778190,779190,NA,SIL,0.0,24,AICF,NA,NA,NA,NA,0.0,0,-60.56,-55.54,[],0,0,[],[]
779190,780590,MAL,MAN,3.28,24,AICF,EC,2,TIME,FI,0.0,0,-34.04,-27.06,[],0,0,[],[]
780590,781500,NA,SIL,0.0,25,pause,NA,NA,NA,NA,0.0,0,-48.68,-38.76,[],0,0,[],[]
781500,782300,NA,NOF,0.0,25,pause,NA,NA,NA,NA,0.0,0,-38.66,-25.02,[],0,0,[],[]
782300,783910,NA,SIL,0.0,25,pause,NA,NA,NA,NA,0.0,0,-57.6,-49.08,[],0,0,[],[]
783910,787100,NA,NOF,0.0,25,pause,NA,NA,NA,NA,0.0,0,-39.84,-19.52,[],0,0,[],[]
787100,787900,MAL,MAN,0.05,25,AICM,BC,0,TIMI,FI,0.0,0,-33.66,-23.04,[],0,0,[],[]
787900,792240,NA,NOF,0.0,25,AICM,NA,NA,NA,NA,0.0,0,-35.64,-17.69,[],0,0,[],[]
792240,794680,CHI,CHN,0.0,25,AICM,RC,1,TIMR,FI,2.0,1480,-20.65,-9.87,"[{'Canonical-syllable': '0', 'Growl': '0', 'High-freq-energy': '0', 'Long-island': '0', 'Low-tilt-spectrum': '0', 'Medium-island': '2', 'Short-island': '0', 'Squeal': '0', 'Typical-entropy': '1', 'Voicing-quality': '1', 'Wide-band': '0', 'Xlong-island': '0', 'seq': '1', 'end': 793.09, 'start': 792.24}, {'Canonical-syllable': '0', 'Growl': '0', 'High-freq-energy': '1', 'Long-island': '0', 'Low-tilt-spectrum': '0', 'Medium-island': '1', 'Short-island': '1', 'Squeal': '0', 'Typical-entropy': '2', 'Voicing-quality': '2', 'Wide-band': '0', 'Xlong-island': '0', 'seq': '2', 'end': 794.68, 'start': 794.05}]",0,0,[],[]
794680,795680,CHI,CHN,0.0,25,AICM,RC,1,NT,FH,2.0,480,-23.67,-17.47,"[{'Canonical-syllable': '0', 'Growl': '0', 'High-freq-energy': '0', 'Long-island': '0', 'Low-tilt-spectrum': '0', 'Medium-island': '1', 'Short-island': '0', 'Squeal': '1', 'Typical-entropy': '0', 'Voicing-quality': '1', 'Wide-band': '0', 'Xlong-island': '0', 'seq': '1', 'end': 795.01, 'start': 794.68}, {'Canonical-syllable': '0', 'Growl': '0', 'High-freq-energy': '0', 'Long-island': '0', 'Low-tilt-spectrum': '0', 'Medium-island': '0', 'Short-island': '0', 'Squeal': '0', 'Typical-entropy': '0', 'Voicing-quality': '1', 'Wide-band': '0', 'Xlong-island': '0', 'seq': '2', 'end': 795.68, 'start': 795.53}]",0,0,[],[]
795680,796620,CHI,CHN,0.0,25,AICM,NA,NA,NA,NA,0.0,0,-20.71,-12.22,[],0,940,"[{'start': 795.68, 'end': 796.62}]",[]
796620,798010,OCH,CXN,0.0,25,AICM,EC,1,NT,FI,0.0,0,-18.26,-9.57,[],0,0,[],[]
798010,798790,CHI,CHN,0.0,26,pause,NA,NA,NA,NA,0.0,0,-20.73,-12.29,[],0,260,"[{'start': 798.53, 'end': 798.79}]",[]
798790,801080,NA,NOF,0.0,26,pause,NA,NA,NA,NA,0.0,0,-32.79,-13.19,[],0,0,[],[]
801080,803550,NA,SIL,0.0,26,pause,NA,NA,NA,NA,0.0,0,-59.27,-51.0,[],0,0,[],[]
803550,806190,NA,NOF,0.0,26,pause,NA,NA,NA,NA,0.0,0,-33.19,-11.26,[],0,0,[],[]
806190,807320,NA,MAF,0.0,26,pause,NA,NA,NA,NA,0.0,0,-37.3,-28.42,[],0,0,[],[]
807320,810410,NA,NOF,0.0,26,pause,NA,NA,NA,NA,0.0,0,-39.7,-19.33,[],0,0,[],[]
810410,811410,NA,MAF,0.0,26,pause,NA,NA,NA,NA,0.0,0,-42.7,-35.81,[],0,0,[],[]
811410,812240,NA,SIL,0.0,26,pause,NA,NA,NA,NA,0.0,0,-57.42,-51.97,[],0,0,[],[]
812240,813050,CHI,CHN,0.0,26,CIC,BC,0,NT,FI,1.0,810,-20.92,-14.23,"[{'Canonical-syllable': '1', 'Growl': '0', 'High-freq-energy': '0', 'Long-island': '0', 'Low-tilt-spectrum': '1', 'Medium-island': '1', 'Short-island': '1', 'Squeal': '0', 'Typical-entropy': '2', 'Voicing-quality': '2', 'Wide-band': '0', 'Xlong-island': '0', 'seq': '1', 'end': 813.05, 'start': 812.24}]",0,0,[],[]
813050,813910,NA,CXF,0.0,26,CIC,NA,NA,NA,NA,0.0,0,-44.27,-29.01,[],0,0,[],[]
813910,814960,NA,TVF,0.0,26,CIC,NA,NA,NA,NA,0.0,0,-43.74,-36.32,[],0,0,[],[]
814960,815930,NA,SIL,0.0,26,CIC,NA,NA,NA,NA,0.0,0,-58.21,-46.22,[],0,0,[],[]
815930,817050,CHI,CHN,0.0,26,CIC,RC,0,NT,FH,2.0,520,-21.73,-13.54,"[{'Canonical-syllable': '0', 'Growl': '0', 'High-freq-energy': '0', 'Long-island': '0', 'Low-tilt-spectrum': '1', 'Medium-island': '0', 'Short-island': '1', 'Squeal': '0', 'Typical-entropy': '1', 'Voicing-quality': '1', 'Wide-band': '0', 'Xlong-island': '0', 'seq': '1', 'end': 816.13, 'start': 815.93}, {'Canonical-syllable': '0', 'Growl': '0', 'High-freq-energy': '0', 'Long-island': '0', 'Low-tilt-spectrum': '1', 'Medium-island': '1', 'Short-island': '0', 'Squeal': '0', 'Typical-entropy': '1', 'Voicing-quality': '1', 'Wide-band': '0', 'Xlong-island': '0', 'seq': '2', 'end': 816.82, 'start': 816.5}]",0,0,[],[]
817050,817850,NA,NOF,0.0,26,CIC,NA,NA,NA,NA,0.0,0,-50.16,-40.87,[],0,0,[],[]
817850,818950,CHI,CHN,0.0,26,CIC,RC,0,NT,FH,1.0,1100,-21.75,-17.35,"[{'Canonical-syllable': '0', 'Growl': '0', 'High-freq-energy': '0', 'Long-island': '0', 'Low-tilt-spectrum': '1', 'Medium-island': '0', 'Short-island': '0', 'Squeal': '0', 'Typical-entropy': '1', 'Voicing-quality': '1', 'Wide-band': '0', 'Xlong-island': '1', 'seq': '1', 'end': 818.95, 'start': 817.85}]",0,0,[],[]
818950,819980,OCH,CXN,0.0,26,CIC,RC,0,NT,FI,0.0,0,-32.15,-22.81,[],0,0,[],[]
819980,821050,CHI,CHN,0.0,26,CIC,RC,0,NT,FI,1.0,620,-19.17,-12.18,"[{'Canonical-syllable': '0', 'Growl': '0', 'High-freq-energy': '0', 'Long-island': '0', 'Low-tilt-spectrum': '1', 'Medium-island': '1', 'Short-island': '0', 'Squeal': '0', 'Typical-entropy': '1', 'Voicing-quality': '1', 'Wide-band': '0', 'Xlong-island': '0', 'seq': '1', 'end': 820.6, 'start': 820.08}]",0,0,[],[]
821050,822800,NA,SIL,0.0,26,CIC,NA,NA,NA,NA,0.0,0,-59.88,-52.42,[],0,0,[],[]
822800,823400,CHI,CHN,0.0,26,CIC,RC,0,NT,FH,1.0,460,-30.13,-21.58,"[{'Canonical-syllable': '1', 'Growl': '0', 'High-freq-energy': '0', 'Long-island': '0', 'Low-tilt-spectrum': '0', 'Medium-island': '0', 'Short-island': '1', 'Squeal': '0', 'Typical-entropy': '1', 'Voicing-quality': '1', 'Wide-band': '0', 'Xlong-island': '0', 'seq': '1', 'end': 823.26, 'start': 823.05}]",0,0,[],[]
823400,825590,NA,SIL,0.0,26,CIC,NA,NA,NA,NA,0.0,0,-52.18,-43.6,[],0,0,[],[]
825590,826410,OCH,CXN,0.0,26,CIC,RC,0,NT,FI,0.0,0,-34.33,-27.77,[],0,0,[],[]
826410,827640,NA,SIL,0.0,26,CIC,NA,NA,NA,NA,0.0,0,-56.68,-51.27,[],0,0,[],[]
827640,829150,CHI,CHN,0.0,26,CIC,NA,NA,NA,NA,0.0,0,-20.08,-9.51,[],0,1170,"[{'start': 827.73, 'end': 828.51}, {'start': 828.67, 'end': 829.06}]",[]
829150,829950,OCH,CXN,0.0,26,CIC,RC,0,NT,FH,0.0,0,-41.3,-31.88,[],0,0,[],[]
829950,830850,CHI,CHN,0.0,26,CIC,RC,0,NT,FI,1.0,900,-16.93,-11.34,"[{'Canonical-syllable': '0', 'Growl': '0', 'High-freq-energy': '0', 'Long-island': '1', 'Low-tilt-spectrum': '0', 'Medium-island': '0', 'Short-island': '0', 'Squeal': '0', 'Typical-entropy': '0', 'Voicing-quality': '1', 'Wide-band': '0', 'Xlong-island': '0', 'seq': '1', 'end': 830.85, 'start': 829.95}]",0,0,[],[]
830850,831850,CHI,CHN,0.0,26,CIC,RC,0,NT,FH,1.0,820,-20.61,-13.96,"[{'Canonical-syllable': '0', 'Growl': '0', 'High-freq-energy': '0', 'Long-island': '0', 'Low-tilt-spectrum': '0', 'Medium-island': '2', 'Short-island': '0', 'Squeal': '0', 'Typical-entropy': '0', 'Voicing-quality': '2', 'Wide-band': '0', 'Xlong-island': '0', 'seq': '1', 'end': 831.67, 'start': 830.85}]",0,0,[],[]
831850,832450,FEM,FAN,0.0,26,CIC,NA,NA,NA,NA,0.0,0,-24.96,-20.41,[],600,0,[],[]
832450,834040,CHI,CHN,0.0,26,CIC,NA,NA,NA,NA,0.0,0,-22.22,-9.58,[],0,470,[],"[{'start': 833.48, 'end': 833.95}]"
834040,835360,NA,NOF,0.0,26,CIC,NA,NA,NA,NA,0.0,0,-35.65,-20.84,[],0,0,[],[]
835360,836480,CHI,CHN,0.0,26,CIC,RC,0,NT,FH,1.0,1120,-13.88,-5.04,"[{'Canonical-syllable': '0', 'Growl': '0', 'High-freq-energy': '1', 'Long-island': '1', 'Low-tilt-spectrum': '2', 'Medium-island': '0', 'Short-island': '1', 'Squeal': '0', 'Typical-entropy': '2', 'Voicing-quality': '2', 'Wide-band': '0', 'Xlong-island': '0', 'seq': '1', 'end': 836.48, 'start': 835.36}]",0,0,[],[]
836480,837400,NA,NON,0.0,26,CIC,NA,NA,NA,NA,0.0,0,-23.37,-7.62,[],0,0,[],[]
837400,838200,NA,OLF,0.0,26,CIC,NA,NA,NA,NA,0.0,0,-39.35,-26.13,[],0,0,[],[]
838200,839180,NA,NOF,0.0,26,CIC,NA,NA,NA,NA,0.0,0,-45.61,-37.72,[],0,0,[],[]
839180,839870,CHI,CHN,0.0,26,CIC,RC,0,TIFI,FH,1.0,690,-16.44,-11.26,"[{'Canonical-syllable': '1', 'Growl': '0', 'High-freq-energy': '0', 'Long-island': '0', 'Low-tilt-spectrum': '0', 'Medium-island': '1', 'Short-island': '0', 'Squeal': '0', 'Typical-entropy': '1', 'Voicing-quality': '1', 'Wide-band': '0', 'Xlong-island': '0', 'seq': '1', 'end': 839.87, 'start': 839.18}]",0,0,[],[]
839870,841030,FEM,FAN,4.51,26,CIC,RC,1,TIFR,FI,0.0,0,-34.48,-27.17,[],0,0,[],[]
841030,842600,CHI,CHN,0.0,26,CIC,RC,1,TIMI,FI,2.0,1110,-18.99,-11.17,"[{'Canonical-syllable': '0', 'Growl': '0', 'High-freq-energy': '0', 'Long-island': '0', 'Low-tilt-spectrum': '1', 'Medium-island': '0', 'Short-island': '1', 'Squeal': '0', 'Typical-entropy': '1', 'Voicing-quality': '1', 'Wide-band': '0', 'Xlong-island': '0', 'seq': '1', 'end': 841.39, 'start': 841.15}, {'Canonical-syllable': '0', 'Growl': '0', 'High-freq-energy': '0', 'Long-island': '1', 'Low-tilt-spectrum': '0', 'Medium-island': '0', 'Short-island': '0', 'Squeal': '0', 'Typical-entropy': '0', 'Voicing-quality': '1', 'Wide-band': '0', 'Xlong-island': '0', 'seq': '2', 'end': 842.6, 'start': 841.85}]",0,0,[],[]
842600,844610,MAL,MAN,6.41,26,CIC,RC,2,TIMR,FI,0.0,0,-33.43,-27.34,[],0,0,[],[]
844610,845560,FEM,FAN,5.67,26,CIC,RC,2,NT,FI,0.0,0,-35.99,-30.39,[],0,0,[],[]
845560,846890,NA,NOF,0.0,26,CIC,NA,NA,NA,NA,0.0,0,-49.97,-41.29,[],0,0,[],[]
846890,847730,NA,SIL,0.0,26,CIC,NA,NA,NA,NA,0.0,0,-54.35,-46.75,[],0,0,[],[]
847730,849150,CHI,CHN,0.0,26,CIC,RC,2,TIFE,FI,1.0,1020,-22.87,-15.58,"[{'Canonical-syllable': '1', 'Growl': '0', 'High-freq-energy': '0', 'Long-island': '0', 'Low-tilt-spectrum': '0', 'Medium-island': '2', 'Short-island': '0', 'Squeal': '0', 'Typical-entropy': '2', 'Voicing-quality': '2', 'Wide-band': '0', 'Xlong-island': '0', 'seq': '1', 'end': 848.75, 'start': 847.73}]",0,0,[],[]
849150,850140,NA,SIL,0.0,26,CIC,NA,NA,NA,NA,0.0,0,-44.11,-29.8,[],0,0,[],[]
850140,851430,NA,FAF,0.0,26,CIC,NA,NA,NA,NA,0.0,0,-49.74,-41.43,[],0,0,[],[]
851430,852540,OCH,CXN,0.0,26,CIC,RC,2,NT,FI,0.0,0,-15.89,-4.55,[],0,0,[],[]
852540,853870,MAL,MAN,4.41,26,CIC,RC,2,NT,FI,0.0,0,-32.24,-25.98,[],0,0,[],[]
853870,855960,NA,CXF,0.0,26,CIC,NA,NA,NA,NA,0.0,0,-48.42,-36.84,[],0,0,[],[]
855960,856850,NA,SIL,0.0,26,CIC,NA,NA,NA,NA,0.0,0,-54.38,-46.98,[],0,0,[],[]
856850,857450,NA,FAF,0.0,26,CIC,NA,NA,NA,NA,0.0,0,-46.87,-39.74,[],0,0,[],[]
857450,858660,NA,SIL,0.0,26,CIC,NA,NA,NA,NA,0.0,0,-54.73,-45.97,[],0,0,[],[]
858660,860000,MAL,MAN,5.86,26,CIC,EC,2,NT,FH,0.0,0,-32.93,-26.37,[],0,0,[],[]
860000,861330,NA,NOF,0.0,27,pause,NA,NA,NA,NA,0.0,0,-40.99,-24.97,[],0,0,[],[]
861330,862850,NA,SIL,0.0,27,pause,NA,NA,NA,NA,0.0,0,-55.84,-48.49,[],0,0,[],[]
862850,866580,NA,NOF,0.0,27,pause,NA,NA,NA,NA,0.0,0,-23.99,-4.98,[],0,0,[],[]
866580,867440,NA,SIL,0.0,27,pause,NA,NA,NA,NA,0.0,0,-48.31,-43.45,[],0,0,[],[]
867440,868640,NA,NOF,0.0,27,pause,NA,NA,NA,NA,0.0,0,-24.07,-5.07,[],0,0,[],[]
868640,869440,OCH,CXN,0.0,27,XIC,BC,0,NT,FI,0.0,0,-31.09,-26.38,[],0,0,[],[]
869440,870660,NA,SIL,0.0,27,XIC,NA,NA,NA,NA,0.0,0,-53.23,-49.45,[],0,0,[],[]
870660,872350,NA,NOF,0.0,27,XIC,NA,NA,NA,NA,0.0,0,-24.9,-9.18,[],0,0,[],[]
872350,873630,MAL,MAN,5.51,27,XIC,RC,0,TIMI,FI,0.0,0,-30.26,-24.79,[],0,0,[],[]
873630,874830,CHI,CHN,0.0,27,XIC,EC,1,TIMR,FI,1.0,1200,-27.9,-24.33,"[{'Canonical-syllable': '0', 'Growl': '1', 'High-freq-energy': '0', 'Long-island': '0', 'Low-tilt-spectrum': '0', 'Medium-island': '0', 'Short-island': '0', 'Squeal': '0', 'Typical-entropy': '0', 'Voicing-quality': '1', 'Wide-band': '0', 'Xlong-island': '1', 'seq': '1', 'end': 874.83, 'start': 873.63}]",0,0,[],[]
874830,879190,NA,SIL,0.0,28,pause,NA,NA,NA,NA,0.0,0,-55.21,-45.86,[],0,0,[],[]
879190,880190,NA,FAF,0.0,28,pause,NA,NA,NA,NA,0.0,0,-50.47,-43.33,[],0,0,[],[]
880190,880990,NA,CXF,0.0,28,pause,NA,NA,NA,NA,0.0,0,-49.68,-43.77,[],0,0,[],[]
880990,882320,NA,SIL,0.0,28,pause,NA,NA,NA,NA,0.0,0,-51.16,-43.43,[],0,0,[],[]
882320,882920,NA,MAF,0.0,28,pause,NA,NA,NA,NA,0.0,0,-37.55,-33.11,[],0,0,[],[]
882920,885030,NA,SIL,0.0,28,pause,NA,NA,NA,NA,0.0,0,-54.01,-45.9,[],0,0,[],[]
885030,886570,NA,NOF,0.0,28,pause,NA,NA,NA,NA,0.0,0,-39.85,-28.68,[],0,0,[],[]
886570,887600,NA,MAF,0.0,28,pause,NA,NA,NA,NA,0.0,0,-44.01,-37.5,[],0,0,[],[]
887600,888510,NA,NOF,0.0,28,pause,NA,NA,NA,NA,0.0,0,-50.76,-42.06,[],0,0,[],[]
888510,889310,NA,SIL,0.0,28,pause,NA,NA,NA,NA,0.0,0,-41.33,-35.17,[],0,0,[],[]
889310,890660,NA,CXF,0.0,28,pause,NA,NA,NA,NA,0.0,0,-46.8,-35.24,[],0,0,[],[]
890660,891490,CHI,CHN,0.0,28,CM,BC,0,NT,FI,1.0,830,-17.63,-14.34,"[{'Canonical-syllable': '0', 'Growl': '0', 'High-freq-energy': '0', 'Long-island': '1', 'Low-tilt-spectrum': '0', 'Medium-island': '0', 'Short-island': '0', 'Squeal': '0', 'Typical-entropy': '0', 'Voicing-quality': '1', 'Wide-band': '0', 'Xlong-island': '0', 'seq': '1', 'end': 891.49, 'start': 890.66}]",0,0,[],[]
891490,892630,NA,OLN,0.0,28,CM,NA,NA,NA,NA,0.0,0,-21.61,-11.24,[],0,0,[],[]
892630,893930,CHI,CHN,0.0,28,CM,EC,0,NT,FH,1.0,1300,-31.13,-23.58,"[{'Canonical-syllable': '0', 'Growl': '0', 'High-freq-energy': '0', 'Long-island': '0', 'Low-tilt-spectrum': '0', 'Medium-island': '0', 'Short-island': '0', 'Squeal': '0', 'Typical-entropy': '0', 'Voicing-quality': '1', 'Wide-band': '0', 'Xlong-island': '1', 'seq': '1', 'end': 893.93, 'start': 892.63}]",0,0,[],[]
893930,900190,NA,NOF,0.0,29,pause,NA,NA,NA,NA,0.0,0,-38.78,-16.74,[],0,0,[],[]
900190,902590,CHI,CHN,0.0,29,CIC,BC,0,NT,FI,2.0,1260,-24.77,-7.33,"[{'Canonical-syllable': '1', 'Growl': '0', 'High-freq-energy': '0', 'Long-island': '0', 'Low-tilt-spectrum': '2', 'Medium-island': '1', 'Short-island': '2', 'Squeal': '0', 'Typical-entropy': '2', 'Voicing-quality': '3', 'Wide-band': '0', 'Xlong-island': '0', 'seq': '1', 'end': 901.2, 'start': 900.28}, {'Canonical-syllable': '1', 'Growl': '0', 'High-freq-energy': '0', 'Long-island': '0', 'Low-tilt-spectrum': '0', 'Medium-island': '0', 'Short-island': '1', 'Squeal': '0', 'Typical-entropy': '0', 'Voicing-quality': '1', 'Wide-band': '0', 'Xlong-island': '0', 'seq': '2', 'end': 902.36, 'start': 902.11}]",0,0,[],[]
902590,903410,NA,NOF,0.0,29,CIC,NA,NA,NA,NA,0.0,0,-43.42,-30.9,[],0,0,[],[]
903410,905140,CHI,CHN,0.0,29,CIC,RC,0,TIMI,FH,1.0,1730,-25.79,-14.64,"[{'Canonical-syllable': '2', 'Growl': '1', 'High-freq-energy': '0', 'Long-island': '0', 'Low-tilt-spectrum': '3', 'Medium-island': '1', 'Short-island': '4', 'Squeal': '0', 'Typical-entropy': '2', 'Voicing-quality': '5', 'Wide-band': '0', 'Xlong-island': '0', 'seq': '1', 'end': 905.14, 'start': 903.41}]",0,0,[],[]
905140,906160,MAL,MAN,3.89,29,CIC,RC,1,TIMR,FI,0.0,0,-32.28,-27.39,[],0,0,[],[]
906160,907150,NA,NOF,0.0,29,CIC,NA,NA,NA,NA,0.0,0,-42.65,-26.14,[],0,0,[],[]
907150,910620,CHI,CHN,0.0,29,CIC,RC,1,TIMI,FI,1.0,3470,-22.58,-15.04,"[{'Canonical-syllable': '1', 'Growl': '0', 'High-freq-energy': '0', 'Long-island': '0', 'Low-tilt-spectrum': '4', 'Medium-island': '3', 'Short-island': '1', 'Squeal': '0', 'Typical-entropy': '3', 'Voicing-quality': '5', 'Wide-band': '0', 'Xlong-island': '1', 'seq': '1', 'end': 910.62, 'start': 907.15}]",0,0,[],[]
910620,912560,MAL,MAN,6.45,29,CIC,RC,2,TIMR,FI,0.0,0,-33.06,-27.44,[],0,0,[],[]
912560,913480,NA,NOF,0.0,29,CIC,NA,NA,NA,NA,0.0,0,-35.84,-24.81,[],0,0,[],[]
913480,917580,CHI,CHN,0.0,29,CIC,RC,2,TIME,FI,2.0,3570,-22.36,-12.84,"[{'Canonical-syllable': '0', 'Growl': '2', 'High-freq-energy': '0', 'Long-island': '0', 'Low-tilt-spectrum': '2', 'Medium-island': '0', 'Short-island': '3', 'Squeal': '0', 'Typical-entropy': '2', 'Voicing-quality': '3', 'Wide-band': '0', 'Xlong-island': '0', 'seq': '1', 'end': 914.25, 'start': 913.48}, {'Canonical-syllable': '2', 'Growl': '0', 'High-freq-energy': '0', 'Long-island': '0', 'Low-tilt-spectrum': '2', 'Medium-island': '5', 'Short-island': '1', 'Squeal': '0', 'Typical-entropy': '3', 'Voicing-quality': '6', 'Wide-band': '0', 'Xlong-island': '0', 'seq': '2', 'end': 917.58, 'start': 914.78}]",0,0,[],[]
917580,921000,NA,NOF,0.0,29,CIC,NA,NA,NA,NA,0.0,0,-30.8,-12.51,[],0,0,[],[]
921000,922710,CHI,CHN,0.0,29,CIC,RC,2,TIMI,FH,2.0,1340,-22.28,-12.87,"[{'Canonical-syllable': '1', 'Growl': '2', 'High-freq-energy': '0', 'Long-island': '0', 'Low-tilt-spectrum': '1', 'Medium-island': '1', 'Short-island': '1', 'Squeal': '0', 'Typical-entropy': '3', 'Voicing-quality': '2', 'Wide-band': '0', 'Xlong-island': '0', 'seq': '1', 'end': 922.13, 'start': 921.0}, {'Canonical-syllable': '0', 'Growl': '0', 'High-freq-energy': '0', 'Long-island': '0', 'Low-tilt-spectrum': '1', 'Medium-island': '0', 'Short-island': '1', 'Squeal': '0', 'Typical-entropy': '1', 'Voicing-quality': '1', 'Wide-band': '0', 'Xlong-island': '0', 'seq': '2', 'end': 922.71, 'start': 922.5}]",0,0,[],[]
922710,925120,MAL,MAN,7.74,29,CIC,RC,3,TIMR,FI,0.0,0,-30.28,-19.22,[],0,0,[],[]
925120,926010,NA,SIL,0.0,29,CIC,NA,NA,NA,NA,0.0,0,-53.01,-44.4,[],0,0,[],[]
926010,927790,NA,NOF,0.0,29,CIC,NA,NA,NA,NA,0.0,0,-44.03,-30.08,[],0,0,[],[]
927790,929940,CHI,CHN,0.0,29,CIC,RC,3,TIMI,FI,3.0,1430,-19.38,-13.79,"[{'Canonical-syllable': '0', 'Growl': '0', 'High-freq-energy': '0', 'Long-island': '0', 'Low-tilt-spectrum': '0', 'Medium-island': '0', 'Short-island': '0', 'Squeal': '0', 'Typical-entropy': '0', 'Voicing-quality': '0', 'Wide-band': '0', 'Xlong-island': '0', 'seq': '1', 'end': 927.88, 'start': 927.79}, {'Canonical-syllable': '0', 'Growl': '0', 'High-freq-energy': '0', 'Long-island': '0', 'Low-tilt-spectrum': '0', 'Medium-island': '1', 'Short-island': '0', 'Squeal': '0', 'Typical-entropy': '0', 'Voicing-quality': '1', 'Wide-band': '0', 'Xlong-island': '0', 'seq': '2', 'end': 928.48, 'start': 928.22}, {'Canonical-syllable': '0', 'Growl': '0', 'High-freq-energy': '0', 'Long-island': '0', 'Low-tilt-spectrum': '0', 'Medium-island': '0', 'Short-island': '0', 'Squeal': '0', 'Typical-entropy': '0', 'Voicing-quality': '1', 'Wide-band': '0', 'Xlong-island': '1', 'seq': '3', 'end': 929.94, 'start': 928.86}]",0,0,[],[]
929940,931620,MAL,MAN,4.89,29,CIC,EC,4,TIMR,FI,0.0,0,-26.69,-20.85,[],0,0,[],[]
931620,933180,NA,SIL,0.0,30,pause,NA,NA,NA,NA,0.0,0,-54.64,-49.17,[],0,0,[],[]
933180,935460,NA,NOF,0.0,30,pause,NA,NA,NA,NA,0.0,0,-29.67,-17.73,[],0,0,[],[]
935460,936260,NA,OLN,0.0,30,pause,NA,NA,NA,NA,0.0,0,-25.73,-20.5,[],0,0,[],[]
936260,946170,NA,NOF,0.0,30,pause,NA,NA,NA,NA,0.0,0,-28.79,-8.48,[],0,0,[],[]
946170,947090,NA,SIL,0.0,30,pause,NA,NA,NA,NA,0.0,0,-53.93,-49.61,[],0,0,[],[]
947090,947690,OCH,CXN,0.0,30,XIC,BC,0,NT,FI,0.0,0,-36.38,-28.89,[],0,0,[],[]
947690,948540,NA,OLN,0.0,30,XIC,NA,NA,NA,NA,0.0,0,-18.31,-13.19,[],0,0,[],[]
948540,951560,NA,SIL,0.0,30,XIC,NA,NA,NA,NA,0.0,0,-54.37,-43.19,[],0,0,[],[]
951560,952560,MAL,MAN,3.42,30,XIC,RC,0,NT,FI,0.0,0,-39.23,-32.83,[],0,0,[],[]
952560,953470,FEM,FAN,6.25,30,XIC,RC,0,NT,FI,0.0,0,-32.2,-23.75,[],0,0,[],[]
953470,954270,NA,SIL,0.0,30,XIC,NA,NA,NA,NA,0.0,0,-52.11,-45.15,[],0,0,[],[]
954270,955950,NA,NOF,0.0,30,XIC,NA,NA,NA,NA,0.0,0,-25.31,-6.35,[],0,0,[],[]
955950,956950,MAL,MAN,5.89,30,XIC,RC,0,TIMI,FI,0.0,0,-36.48,-27.47,[],0,0,[],[]
956950,958140,NA,NOF,0.0,30,XIC,NA,NA,NA,NA,0.0,0,-40.82,-28.17,[],0,0,[],[]
958140,958740,CHI,CHN,0.0,30,XIC,RC,1,TIMR,FI,1.0,520,-23.74,-14.26,"[{'Canonical-syllable': '0', 'Growl': '0', 'High-freq-energy': '0', 'Long-island': '0', 'Low-tilt-spectrum': '0', 'Medium-island': '1', 'Short-island': '0', 'Squeal': '0', 'Typical-entropy': '0', 'Voicing-quality': '1', 'Wide-band': '0', 'Xlong-island': '0', 'seq': '1', 'end': 958.66, 'start': 958.4}]",0,0,[],[]
958740,959660,NA,OLN,0.0,30,XIC,NA,NA,NA,NA,0.0,0,-22.4,-13.52,[],0,0,[],[]
959660,960560,CHI,CHN,0.0,30,XIC,RC,1,NT,FH,1.0,900,-18.91,-10.98,"[{'Canonical-syllable': '0', 'Growl': '0', 'High-freq-energy': '0', 'Long-island': '1', 'Low-tilt-spectrum': '0', 'Medium-island': '0', 'Short-island': '0', 'Squeal': '0', 'Typical-entropy': '1', 'Voicing-quality': '1', 'Wide-band': '0', 'Xlong-island': '0', 'seq': '1', 'end': 960.56, 'start': 959.66}]",0,0,[],[]
960560,962290,NA,NOF,0.0,30,XIC,NA,NA,NA,NA,0.0,0,-46.64,-34.68,[],0,0,[],[]
962290,963290,CHI,CHN,0.0,30,XIC,RC,1,NT,FH,2.0,680,-20.27,-8.37,"[{'Canonical-syllable': '0', 'Growl': '1', 'High-freq-energy': '0', 'Long-island': '0', 'Low-tilt-spectrum': '0', 'Medium-island': '0', 'Short-island': '1', 'Squeal': '0', 'Typical-entropy': '1', 'Voicing-quality': '1', 'Wide-band': '0', 'Xlong-island': '0', 'seq': '1', 'end': 962.74, 'start': 962.29}, {'Canonical-syllable': '0', 'Growl': '0', 'High-freq-energy': '0', 'Long-island': '0', 'Low-tilt-spectrum': '0', 'Medium-island': '0', 'Short-island': '1', 'Squeal': '0', 'Typical-entropy': '1', 'Voicing-quality': '1', 'Wide-band': '0', 'Xlong-island': '0', 'seq': '2', 'end': 963.29, 'start': 963.06}]",0,0,[],[]
963290,964090,NA,NOF,0.0,30,XIC,NA,NA,NA,NA,0.0,0,-31.59,-21.57,[],0,0,[],[]
964090,964710,CHI,CHN,0.0,30,XIC,EC,1,NT,FH,1.0,620,-16.5,-7.92,"[{'Canonical-syllable': '0', 'Growl': '0', 'High-freq-energy': '0', 'Long-island': '0', 'Low-tilt-spectrum': '1', 'Medium-island': '1', 'Short-island': '1', 'Squeal': '0', 'Typical-entropy': '2', 'Voicing-quality': '2', 'Wide-band': '0', 'Xlong-island': '0', 'seq': '1', 'end': 964.71, 'start': 964.09}]",0,0,[],[]
964710,965510,NA,OLN,0.0,31,pause,NA,NA,NA,NA,0.0,0,-30.74,-26.69,[],0,0,[],[]
965510,967510,NA,NOF,0.0,31,pause,NA,NA,NA,NA,0.0,0,-42.32,-33.86,[],0,0,[],[]
967510,968810,NA,SIL,0.0,31,pause,NA,NA,NA,NA,0.0,0,-46.59,-27.21,[],0,0,[],[]
968810,975710,NA,NOF,0.0,31,pause,NA,NA,NA,NA,0.0,0,-31.68,-15.57,[],0,0,[],[]
975710,976510,NA,OLF,0.0,31,pause,NA,NA,NA,NA,0.0,0,-41.33,-29.25,[],0,0,[],[]
976510,979190,MAL,MAN,7.5,31,AICM,BC,0,NT,FI,0.0,0,-33.21,-25.07,[],0,0,[],[]
979190,981980,NA,NOF,0.0,31,AICM,NA,NA,NA,NA,0.0,0,-33.41,-21.56,[],0,0,[],[]
981980,982980,MAL,MAN,3.82,31,AICM,RC,0,TIMI,FH,0.0,0,-23.56,-16.98,[],0,0,[],[]
982980,983820,NA,NOF,0.0,31,AICM,NA,NA,NA,NA,0.0,0,-49.19,-42.86,[],0,0,[],[]
983820,984420,CHI,CHN,0.0,31,AICM,EC,1,TIMR,FI,1.0,500,-26.58,-20.42,"[{'Canonical-syllable': '0', 'Growl': '1', 'High-freq-energy': '0', 'Long-island': '0', 'Low-tilt-spectrum': '0', 'Medium-island': '1', 'Short-island': '0', 'Squeal': '0', 'Typical-entropy': '0', 'Voicing-quality': '1', 'Wide-band': '0', 'Xlong-island': '0', 'seq': '1', 'end': 984.32, 'start': 984.06}]",0,0,[],[]
984420,988250,NA,NOF,0.0,32,pause,NA,NA,NA,NA,0.0,0,-44.32,-25.42,[],0,0,[],[]
988250,989360,MAL,MAN,0.0,32,pause,NA,NA,NA,NA,0.0,0,-20.25,-13.36,[],1110,0,[],[]
989360,990160,NA,SIL,0.0,32,pause,NA,NA,NA,NA,0.0,0,-45.69,-32.74,[],0,0,[],[]
990160,991170,FEM,FAN,3.98,32,AICF,BC,0,TIFI,FI,0.0,0,-23.52,-15.74,[],0,0,[],[]
991170,992860,NA,NON,0.0,32,AICF,NA,NA,NA,NA,0.0,0,-33.3,-19.96,[],0,0,[],[]
992860,993860,CHI,CHN,0.0,32,AICF,RC,1,TIFR,FI,1.0,540,-23.24,-15.45,"[{'Canonical-syllable': '1', 'Growl': '1', 'High-freq-energy': '0', 'Long-island': '0', 'Low-tilt-spectrum': '1', 'Medium-island': '0', 'Short-island': '2', 'Squeal': '0', 'Typical-entropy': '2', 'Voicing-quality': '2', 'Wide-band': '0', 'Xlong-island': '0', 'seq': '1', 'end': 993.4, 'start': 992.96}]",0,0,[],[]
993860,995190,CHI,CHN,0.0,32,AICF,RC,1,NT,FH,1.0,1330,-15.34,-9.84,"[{'Canonical-syllable': '1', 'Growl': '0', 'High-freq-energy': '0', 'Long-island': '0', 'Low-tilt-spectrum': '0', 'Medium-island': '0', 'Short-island': '1', 'Squeal': '0', 'Typical-entropy': '0', 'Voicing-quality': '2', 'Wide-band': '0', 'Xlong-island': '1', 'seq': '1', 'end': 995.19, 'start': 993.86}]",0,0,[],[]
995190,997090,MAL,MAN,5.69,32,AICF,EC,1,TIME,FI,0.0,0,-22.7,-16.13,[],0,0,[],[]
997090,998430,NA,NON,0.0,33,pause,NA,NA,NA,NA,0.0,0,-31.58,-13.63,[],0,0,[],[]
998430,999030,MAL,MAN,0.0,33,pause,NA,NA,NA,NA,0.0,0,-24.57,-20.08,[],600,0,[],[]
999030,1000150,NA,NOF,0.0,33,pause,NA,NA,NA,NA,0.0,0,-32.61,-17.49,[],0,0,[],[]
1000150,1001010,NA,SIL,0.0,33,pause,NA,NA,NA,NA,0.0,0,-53.58,-46.85,[],0,0,[],[]
1001010,1001810,NA,OLF,0.0,33,pause,NA,NA,NA,NA,0.0,0,-35.57,-19.64,[],0,0,[],[]
1001810,1003430,NA,NOF,0.0,33,pause,NA,NA,NA,NA,0.0,0,-43.8,-30.63,[],0,0,[],[]
1003430,1007380,MAL,MAN,14.5,33,AICM,BC,0,NT,FI,0.0,0,-26.23,-18.95,[],0,0,[],[]
1007380,1008390,NA,SIL,0.0,33,AICM,NA,NA,NA,NA,0.0,0,-50.37,-38.66,[],0,0,[],[]
1008390,1008990,FEM,FAN,0.0,33,AICM,NA,NA,NA,NA,0.0,0,-33.4,-28.25,[],600,0,[],[]
1008990,1010020,MAL,MAN,4.14,33,AICM,RC,0,TIMI,FH,0.0,0,-25.63,-20.81,[],0,0,[],[]
1010020,1011380,NA,SIL,0.0,33,AICM,NA,NA,NA,NA,0.0,0,-44.25,-28.25,[],0,0,[],[]
1011380,1012810,NA,NOF,0.0,33,AICM,NA,NA,NA,NA,0.0,0,-37.51,-23.88,[],0,0,[],[]
1012810,1013920,CHI,CHN,0.0,33,AICM,RC,1,TIMR,FI,2.0,700,-17.19,-12.0,"[{'Canonical-syllable': '0', 'Growl': '0', 'High-freq-energy': '0', 'Long-island': '0', 'Low-tilt-spectrum': '0', 'Medium-island': '0', 'Short-island': '1', 'Squeal': '0', 'Typical-entropy': '0', 'Voicing-quality': '1', 'Wide-band': '0', 'Xlong-island': '0', 'seq': '1', 'end': 1013.05, 'start': 1012.81}, {'Canonical-syllable': '0', 'Growl': '0', 'High-freq-energy': '0', 'Long-island': '0', 'Low-tilt-spectrum': '1', 'Medium-island': '1', 'Short-island': '0', 'Squeal': '0', 'Typical-entropy': '0', 'Voicing-quality': '1', 'Wide-band': '0', 'Xlong-island': '0', 'seq': '2', 'end': 1013.92, 'start': 1013.46}]",0,0,[],[]
1013920,1016000,MAL,MAN,2.95,33,AICM,RC,1,TIMI,FI,0.0,0,-31.09,-22.07,[],0,0,[],[]
1016000,1016800,NA,CHF,0.0,33,AICM,RC,2,TIMR,FI,1.0,310,-19.99,-6.35,"[{'Canonical-syllable': '0', 'Growl': '1', 'High-freq-energy': '1', 'Long-island': '0', 'Low-tilt-spectrum': '1', 'Medium-island': '1', 'Short-island': '0', 'Squeal': '0', 'Typical-entropy': '1', 'Voicing-quality': '1', 'Wide-band': '0', 'Xlong-island': '0', 'seq': '1', 'end': 1016.31, 'start': 1016.0}]",0,0,[],[]
1016800,1018720,CHI,CHN,0.0,33,AICM,RC,2,NT,FH,1.0,1380,-18.09,-11.32,"[{'Canonical-syllable': '1', 'Growl': '0', 'High-freq-energy': '0', 'Long-island': '0', 'Low-tilt-spectrum': '2', 'Medium-island': '1', 'Short-island': '0', 'Squeal': '0', 'Typical-entropy': '1', 'Voicing-quality': '2', 'Wide-band': '0', 'Xlong-island': '1', 'seq': '1', 'end': 1018.18, 'start': 1016.8}]",0,0,[],[]
1018720,1019760,MAL,MAN,0.21,33,AICM,RC,2,TIMI,FI,0.0,0,-25.32,-15.76,[],0,0,[],[]
1019760,1020560,NA,NOF,0.0,33,AICM,NA,NA,NA,NA,0.0,0,-35.24,-23.39,[],0,0,[],[]
1020560,1021350,CHI,CHN,0.0,33,AICM,RC,3,TIMR,FI,1.0,790,-18.45,-12.02,"[{'Canonical-syllable': '0', 'Growl': '0', 'High-freq-energy': '0', 'Long-island': '1', 'Low-tilt-spectrum': '0', 'Medium-island': '0', 'Short-island': '0', 'Squeal': '0', 'Typical-entropy': '0', 'Voicing-quality': '1', 'Wide-band': '0', 'Xlong-island': '0', 'seq': '1', 'end': 1021.35, 'start': 1020.56}]",0,0,[],[]
1021350,1022370,MAL,MAN,0.0,33,AICM,NA,NA,NA,NA,0.0,0,-27.48,-23.21,[],1020,0,[],[]
1022370,1024030,CHI,CHN,0.0,33,AICM,RC,3,NT,FH,2.0,910,-20.01,-10.03,"[{'Canonical-syllable': '0', 'Growl': '0', 'High-freq-energy': '0', 'Long-island': '0', 'Low-tilt-spectrum': '0', 'Medium-island': '0', 'Short-island': '0', 'Squeal': '0', 'Typical-entropy': '0', 'Voicing-quality': '1', 'Wide-band': '0', 'Xlong-island': '0', 'seq': '1', 'end': 1022.74, 'start': 1022.66}, {'Canonical-syllable': '0', 'Growl': '0', 'High-freq-energy': '0', 'Long-island': '0', 'Low-tilt-spectrum': '0', 'Medium-island': '1', 'Short-island': '0', 'Squeal': '0', 'Typical-entropy': '0', 'Voicing-quality': '1', 'Wide-band': '0', 'Xlong-island': '0', 'seq': '2', 'end': 1023.79, 'start': 1023.25}]",0,0,[],[]
1024030,1024860,NA,NOF,0.0,33,AICM,NA,NA,NA,NA,0.0,0,-44.83,-38.78,[],0,0,[],[]
1024860,1026830,CHI,CHN,0.0,33,AICM,RC,3,NT,FH,1.0,1970,-15.86,-9.05,"[{'Canonical-syllable': '0', 'Growl': '1', 'High-freq-energy': '0', 'Long-island': '0', 'Low-tilt-spectrum': '0', 'Medium-island': '0', 'Short-island': '1', 'Squeal': '0', 'Typical-entropy': '0', 'Voicing-quality': '2', 'Wide-band': '0', 'Xlong-island': '1', 'seq': '1', 'end': 1026.83, 'start': 1024.86}]",0,0,[],[]
1026830,1027760,NA,OLN,0.0,33,AICM,NA,NA,NA,NA,0.0,0,-27.87,-17.67,[],0,0,[],[]
1027760,1028830,MAL,MAN,3.69,33,AICM,RC,3,TIMI,FI,0.0,0,-25.62,-20.5,[],0,0,[],[]
1028830,1030910,CHI,CHN,0.0,33,AICM,RC,4,TIMR,FI,1.0,2080,-16.14,-11.29,"[{'Canonical-syllable': '0', 'Growl': '0', 'High-freq-energy': '0', 'Long-island': '0', 'Low-tilt-spectrum': '0', 'Medium-island': '0', 'Short-island': '0', 'Squeal': '0', 'Typical-entropy': '0', 'Voicing-quality': '1', 'Wide-band': '0', 'Xlong-island': '1', 'seq': '1', 'end': 1030.91, 'start': 1028.83}]",0,0,[],[]
1030910,1032050,MAL,MAN,0.0,33,AICM,NA,NA,NA,NA,0.0,0,-21.49,-16.76,[],1140,0,[],[]
1032050,1034200,NA,SIL,0.0,33,AICM,NA,NA,NA,NA,0.0,0,-46.48,-31.52,[],0,0,[],[]
1034200,1037040,CHI,CHN,0.0,33,AICM,RC,4,NT,FH,2.0,2490,-15.34,-5.3,"[{'Canonical-syllable': '1', 'Growl': '1', 'High-freq-energy': '1', 'Long-island': '1', 'Low-tilt-spectrum': '1', 'Medium-island': '0', 'Short-island': '1', 'Squeal': '0', 'Typical-entropy': '2', 'Voicing-quality': '3', 'Wide-band': '0', 'Xlong-island': '0', 'seq': '1', 'end': 1035.81, 'start': 1034.45}, {'Canonical-syllable': '1', 'Growl': '0', 'High-freq-energy': '0', 'Long-island': '0', 'Low-tilt-spectrum': '1', 'Medium-island': '1', 'Short-island': '1', 'Squeal': '0', 'Typical-entropy': '1', 'Voicing-quality': '2', 'Wide-band': '0', 'Xlong-island': '0', 'seq': '2', 'end': 1037.04, 'start': 1036.16}]",0,0,[],[]
1037040,1038370,MAL,MAN,7.32,33,AICM,RC,4,TIMI,FI,0.0,0,-23.12,-19.34,[],0,0,[],[]
1038370,1039240,NA,SIL,0.0,33,AICM,NA,NA,NA,NA,0.0,0,-46.81,-33.55,[],0,0,[],[]
1039240,1041810,CHI,CHN,0.0,33,AICM,RC,5,TIMR,FI,2.0,2060,-17.87,-7.2,"[{'Canonical-syllable': '0', 'Growl': '0', 'High-freq-energy': '0', 'Long-island': '0', 'Low-tilt-spectrum': '0', 'Medium-island': '0', 'Short-island': '1', 'Squeal': '0', 'Typical-entropy': '0', 'Voicing-quality': '1', 'Wide-band': '0', 'Xlong-island': '0', 'seq': '1', 'end': 1039.45, 'start': 1039.24}, {'Canonical-syllable': '0', 'Growl': '0', 'High-freq-energy': '0', 'Long-island': '0', 'Low-tilt-spectrum': '1', 'Medium-island': '0', 'Short-island': '2', 'Squeal': '0', 'Typical-entropy': '1', 'Voicing-quality': '3', 'Wide-band': '0', 'Xlong-island': '1', 'seq': '2', 'end': 1041.81, 'start': 1039.96}]",0,0,[],[]
1041810,1043340,NA,SIL,0.0,33,AICM,NA,NA,NA,NA,0.0,0,-51.57,-47.27,[],0,0,[],[]
1043340,1044340,MAL,MAN,6.15,33,AICM,RC,5,TIMI,FI,0.0,0,-24.94,-18.41,[],0,0,[],[]
1044340,1045140,NA,NOF,0.0,33,AICM,NA,NA,NA,NA,0.0,0,-43.04,-28.86,[],0,0,[],[]
1045140,1045760,CHI,CHN,0.0,33,AICM,RC,6,TIMR,FI,1.0,620,-19.84,-16.29,"[{'Canonical-syllable': '0', 'Growl': '0', 'High-freq-energy': '0', 'Long-island': '0', 'Low-tilt-spectrum': '0', 'Medium-island': '1', 'Short-island': '0', 'Squeal': '0', 'Typical-entropy': '1', 'Voicing-quality': '1', 'Wide-band': '0', 'Xlong-island': '0', 'seq': '1', 'end': 1045.76, 'start': 1045.14}]",0,0,[],[]
1045760,1047890,MAL,MAN,7.44,33,AICM,RC,6,TIMI,FI,0.0,0,-22.54,-15.44,[],0,0,[],[]
1047890,1050250,NA,NOF,0.0,33,AICM,NA,NA,NA,NA,0.0,0,-47.91,-39.17,[],0,0,[],[]
1050250,1052390,CHI,CHN,0.0,33,AICM,RC,7,TIMR,FI,1.0,2020,-15.54,-11.18,"[{'Canonical-syllable': '2', 'Growl': '0', 'High-freq-energy': '0', 'Long-island': '0', 'Low-tilt-spectrum': '0', 'Medium-island': '1', 'Short-island': '1', 'Squeal': '0', 'Typical-entropy': '0', 'Voicing-quality': '3', 'Wide-band': '0', 'Xlong-island': '1', 'seq': '1', 'end': 1052.27, 'start': 1050.25}]",0,0,[],[]
1052390,1053600,MAL,MAN,5.98,33,AICM,RC,7,TIMI,FI,0.0,0,-22.53,-17.17,[],0,0,[],[]
1053600,1054400,NA,NOF,0.0,33,AICM,NA,NA,NA,NA,0.0,0,-41.46,-28.43,[],0,0,[],[]
1054400,1055240,NA,SIL,0.0,33,AICM,NA,NA,NA,NA,0.0,0,-53.3,-48.09,[],0,0,[],[]
1055240,1057290,CHI,CHN,0.0,33,AICM,RC,8,TIMR,FI,1.0,2050,-16.51,-10.61,"[{'Canonical-syllable': '1', 'Growl': '0', 'High-freq-energy': '0', 'Long-island': '0', 'Low-tilt-spectrum': '0', 'Medium-island': '1', 'Short-island': '0', 'Squeal': '0', 'Typical-entropy': '0', 'Voicing-quality': '2', 'Wide-band': '0', 'Xlong-island': '1', 'seq': '1', 'end': 1057.29, 'start': 1055.51}]",0,0,[],[]
1057290,1058290,MAL,MAN,2.57,33,AICM,RC,8,TIMI,FI,0.0,0,-25.52,-20.6,[],0,0,[],[]
1058290,1059090,NA,OLF,0.0,33,AICM,NA,NA,NA,NA,0.0,0,-42.11,-36.47,[],0,0,[],[]
1059090,1060210,CHI,CHN,0.0,33,AICM,RC,9,TIMR,FI,1.0,1050,-16.33,-9.48,"[{'Canonical-syllable': '1', 'Growl': '0', 'High-freq-energy': '0', 'Long-island': '0', 'Low-tilt-spectrum': '0', 'Medium-island': '2', 'Short-island': '0', 'Squeal': '0', 'Typical-entropy': '0', 'Voicing-quality': '2', 'Wide-band': '0', 'Xlong-island': '0', 'seq': '1', 'end': 1060.14, 'start': 1059.09}]",0,0,[],[]
1060210,1061680,MAL,MAN,4.33,33,AICM,RC,9,TIMI,FI,0.0,0,-26.51,-18.03,[],0,0,[],[]
1061680,1062300,CHI,CHN,0.0,33,AICM,RC,10,TIMR,FI,1.0,450,-19.16,-10.94,"[{'Canonical-syllable': '0', 'Growl': '0', 'High-freq-energy': '0', 'Long-island': '0', 'Low-tilt-spectrum': '0', 'Medium-island': '0', 'Short-island': '1', 'Squeal': '0', 'Typical-entropy': '0', 'Voicing-quality': '1', 'Wide-band': '0', 'Xlong-island': '0', 'seq': '1', 'end': 1062.13, 'start': 1061.91}]",0,0,[],[]
1062300,1063500,NA,SIL,0.0,33,AICM,NA,NA,NA,NA,0.0,0,-45.54,-31.84,[],0,0,[],[]
1063500,1066690,CHI,CHN,0.0,33,AICM,RC,10,NT,FH,1.0,3190,-15.54,-9.67,"[{'Canonical-syllable': '0', 'Growl': '0', 'High-freq-energy': '0', 'Long-island': '0', 'Low-tilt-spectrum': '0', 'Medium-island': '0', 'Short-island': '0', 'Squeal': '0', 'Typical-entropy': '0', 'Voicing-quality': '2', 'Wide-band': '0', 'Xlong-island': '2', 'seq': '1', 'end': 1066.69, 'start': 1063.5}]",0,0,[],[]
1066690,1067720,NA,NON,0.0,33,AICM,NA,NA,NA,NA,0.0,0,-38.94,-28.82,[],0,0,[],[]
1067720,1068520,NA,OLF,0.0,33,AICM,NA,NA,NA,NA,0.0,0,-30.0,-26.03,[],0,0,[],[]
1068520,1070820,NA,NOF,0.0,33,AICM,NA,NA,NA,NA,0.0,0,-40.64,-24.63,[],0,0,[],[]
1070820,1071820,MAL,MAN,5.27,33,AICM,RC,10,TIMI,FI,0.0,0,-26.14,-20.3,[],0,0,[],[]
1071820,1073950,NA,NOF,0.0,33,AICM,NA,NA,NA,NA,0.0,0,-42.81,-31.07,[],0,0,[],[]
1073950,1076220,CHI,CHN,0.0,33,AICM,RC,11,TIMR,FI,2.0,1670,-17.75,-9.15,"[{'Canonical-syllable': '0', 'Growl': '0', 'High-freq-energy': '0', 'Long-island': '1', 'Low-tilt-spectrum': '0', 'Medium-island': '0', 'Short-island': '0', 'Squeal': '0', 'Typical-entropy': '0', 'Voicing-quality': '1', 'Wide-band': '0', 'Xlong-island': '0', 'seq': '1', 'end': 1074.65, 'start': 1073.95}, {'Canonical-syllable': '1', 'Growl': '1', 'High-freq-energy': '0', 'Long-island': '0', 'Low-tilt-spectrum': '0', 'Medium-island': '1', 'Short-island': '1', 'Squeal': '0', 'Typical-entropy': '0', 'Voicing-quality': '3', 'Wide-band': '0', 'Xlong-island': '0', 'seq': '2', 'end': 1076.22, 'start': 1075.25}]",0,0,[],[]
1076220,1077020,NA,OLN,0.0,33,AICM,NA,NA,NA,NA,0.0,0,-19.82,-11.5,[],0,0,[],[]
1077020,1077620,CHI,CHN,0.0,33,AICM,RC,11,NT,FH,1.0,470,-14.57,-11.47,"[{'Canonical-syllable': '0', 'Growl': '0', 'High-freq-energy': '0', 'Long-island': '0', 'Low-tilt-spectrum': '0', 'Medium-island': '1', 'Short-island': '0', 'Squeal': '0', 'Typical-entropy': '0', 'Voicing-quality': '1', 'Wide-band': '0', 'Xlong-island': '0', 'seq': '1', 'end': 1077.49, 'start': 1077.02}]",0,0,[],[]
1077620,1078690,NA,NOF,0.0,33,AICM,NA,NA,NA,NA,0.0,0,-36.15,-23.02,[],0,0,[],[]
1078690,1079490,NA,SIL,0.0,33,AICM,NA,NA,NA,NA,0.0,0,-48.99,-39.31,[],0,0,[],[]
1079490,1083020,CHI,CHN,0.0,33,AICM,RC,11,NT,FH,2.0,3070,-16.4,-9.47,"[{'Canonical-syllable': '0', 'Growl': '0', 'High-freq-energy': '0', 'Long-island': '1', 'Low-tilt-spectrum': '1', 'Medium-island': '2', 'Short-island': '0', 'Squeal': '0', 'Typical-entropy': '2', 'Voicing-quality': '3', 'Wide-band': '0', 'Xlong-island': '0', 'seq': '1', 'end': 1081.44, 'start': 1079.49}, {'Canonical-syllable': '1', 'Growl': '0', 'High-freq-energy': '0', 'Long-island': '1', 'Low-tilt-spectrum': '1', 'Medium-island': '0', 'Short-island': '1', 'Squeal': '0', 'Typical-entropy': '2', 'Voicing-quality': '2', 'Wide-band': '0', 'Xlong-island': '0', 'seq': '2', 'end': 1083.02, 'start': 1081.9}]",0,0,[],[]
1083020,1084370,MAL,MAN,6.02,33,AICM,RC,11,TIMI,FI,0.0,0,-24.98,-20.26,[],0,0,[],[]
1084370,1085170,NA,SIL,0.0,33,AICM,NA,NA,NA,NA,0.0,0,-48.64,-38.96,[],0,0,[],[]
1085170,1086330,CHI,CHN,0.0,33,AICM,RC,12,TIMR,FI,2.0,800,-21.52,-12.12,"[{'Canonical-syllable': '0', 'Growl': '0', 'High-freq-energy': '0', 'Long-island': '0', 'Low-tilt-spectrum': '0', 'Medium-island': '1', 'Short-island': '0', 'Squeal': '0', 'Typical-entropy': '1', 'Voicing-quality': '1', 'Wide-band': '0', 'Xlong-island': '0', 'seq': '1', 'end': 1085.71, 'start': 1085.17}, {'Canonical-syllable': '0', 'Growl': '1', 'High-freq-energy': '0', 'Long-island': '0', 'Low-tilt-spectrum': '0', 'Medium-island': '0', 'Short-island': '1', 'Squeal': '0', 'Typical-entropy': '0', 'Voicing-quality': '1', 'Wide-band': '0', 'Xlong-island': '0', 'seq': '2', 'end': 1086.33, 'start': 1086.07}]",0,0,[],[]
1086330,1087140,NA,SIL,0.0,33,AICM,NA,NA,NA,NA,0.0,0,-42.27,-29.99,[],0,0,[],[]
1087140,1087940,NA,NOF,0.0,33,AICM,NA,NA,NA,NA,0.0,0,-48.38,-43.24,[],0,0,[],[]
1087940,1088740,NA,SIL,0.0,33,AICM,NA,NA,NA,NA,0.0,0,-50.64,-44.75,[],0,0,[],[]
1088740,1089540,NA,NOF,0.0,33,AICM,NA,NA,NA,NA,0.0,0,-47.3,-36.46,[],0,0,[],[]
1089540,1091140,CHI,CHN,0.0,33,AICM,RC,12,NT,FH,2.0,970,-17.23,-8.4,"[{'Canonical-syllable': '0', 'Growl': '0', 'High-freq-energy': '0', 'Long-island': '0', 'Low-tilt-spectrum': '0', 'Medium-island': '0', 'Short-island': '1', 'Squeal': '0', 'Typical-entropy': '0', 'Voicing-quality': '1', 'Wide-band': '0', 'Xlong-island': '0', 'seq': '1', 'end': 1089.76, 'start': 1089.54}, {'Canonical-syllable': '0', 'Growl': '0', 'High-freq-energy': '0', 'Long-island': '1', 'Low-tilt-spectrum': '0', 'Medium-island': '0', 'Short-island': '0', 'Squeal': '0', 'Typical-entropy': '1', 'Voicing-quality': '1', 'Wide-band': '0', 'Xlong-island': '0', 'seq': '2', 'end': 1090.99, 'start': 1090.24}]",0,0,[],[]
1091140,1092420,MAL,MAN,0.0,33,AICM,NA,NA,NA,NA,0.0,0,-26.96,-21.9,[],1280,0,[],[]
1092420,1094260,NA,SIL,0.0,33,AICM,NA,NA,NA,NA,0.0,0,-53.01,-40.16,[],0,0,[],[]
1094260,1095850,NA,CHF,0.0,33,AICM,RC,12,NT,FH,1.0,250,-33.03,-21.52,"[{'Canonical-syllable': '0', 'Growl': '1', 'High-freq-energy': '0', 'Long-island': '0', 'Low-tilt-spectrum': '0', 'Medium-island': '0', 'Short-island': '1', 'Squeal': '0', 'Typical-entropy': '1', 'Voicing-quality': '1', 'Wide-band': '0', 'Xlong-island': '0', 'seq': '1', 'end': 1095.16, 'start': 1094.91}]",0,0,[],[]
1095850,1098040,CHI,CHN,0.0,33,AICM,EC,12,NT,FH,1.0,2190,-15.46,-11.24,"[{'Canonical-syllable': '1', 'Growl': '0', 'High-freq-energy': '0', 'Long-island': '1', 'Low-tilt-spectrum': '0', 'Medium-island': '2', 'Short-island': '1', 'Squeal': '0', 'Typical-entropy': '0', 'Voicing-quality': '4', 'Wide-band': '1', 'Xlong-island': '0', 'seq': '1', 'end': 1098.04, 'start': 1095.85}]",0,0,[],[]
1098040,1099220,NA,NOF,0.0,34,pause,NA,NA,NA,NA,0.0,0,-44.14,-32.75,[],0,0,[],[]
1099220,1101380,NA,SIL,0.0,34,pause,NA,NA,NA,NA,0.0,0,-49.95,-43.68,[],0,0,[],[]
1101380,1102750,NA,NOF,0.0,34,pause,NA,NA,NA,NA,0.0,0,-37.69,-17.45,[],0,0,[],[]
1102750,1103550,NA,SIL,0.0,34,pause,NA,NA,NA,NA,0.0,0,-49.28,-45.98,[],0,0,[],[]
1103550,1104550,MAL,MAN,0.0,34,pause,NA,NA,NA,NA,0.0,0,-23.05,-16.36,[],1000,0,[],[]
1104550,1106010,NA,NOF,0.0,34,pause,NA,NA,NA,NA,0.0,0,-45.15,-36.47,[],0,0,[],[]
1106010,1106820,NA,SIL,0.0,34,pause,NA,NA,NA,NA,0.0,0,-43.65,-38.7,[],0,0,[],[]
1106820,1107640,NA,NOF,0.0,34,pause,NA,NA,NA,NA,0.0,0,-44.48,-39.18,[],0,0,[],[]
1107640,1109070,CHI,CHN,0.0,34,CIC,BC,0,NT,FI,2.0,730,-17.82,-10.48,"[{'Canonical-syllable': '0', 'Growl': '0', 'High-freq-energy': '0', 'Long-island': '0', 'Low-tilt-spectrum': '0', 'Medium-island': '0', 'Short-island': '1', 'Squeal': '0', 'Typical-entropy': '1', 'Voicing-quality': '1', 'Wide-band': '0', 'Xlong-island': '0', 'seq': '1', 'end': 1107.87, 'start': 1107.64}, {'Canonical-syllable': '0', 'Growl': '0', 'High-freq-energy': '0', 'Long-island': '0', 'Low-tilt-spectrum': '0', 'Medium-island': '1', 'Short-island': '0', 'Squeal': '0', 'Typical-entropy': '0', 'Voicing-quality': '1', 'Wide-band': '0', 'Xlong-island': '0', 'seq': '2', 'end': 1109.07, 'start': 1108.57}]",0,0,[],[]
1109070,1109870,NA,NOF,0.0,34,CIC,NA,NA,NA,NA,0.0,0,-16.58,-5.11,[],0,0,[],[]
1109870,1110470,CHI,CHN,0.0,34,CIC,RC,0,NT,FH,1.0,170,-17.33,-7.01,"[{'Canonical-syllable': '1', 'Growl': '0', 'High-freq-energy': '0', 'Long-island': '0', 'Low-tilt-spectrum': '1', 'Medium-island': '0', 'Short-island': '1', 'Squeal': '0', 'Typical-entropy': '1', 'Voicing-quality': '1', 'Wide-band': '0', 'Xlong-island': '0', 'seq': '1', 'end': 1110.04, 'start': 1109.87}]",0,0,[],[]
1110470,1111330,NA,NOF,0.0,34,CIC,NA,NA,NA,NA,0.0,0,-38.09,-23.15,[],0,0,[],[]
1111330,1112410,CHI,CHN,0.0,34,CIC,RC,0,TIMI,FH,1.0,1080,-16.48,-9.12,"[{'Canonical-syllable': '0', 'Growl': '2', 'High-freq-energy': '0', 'Long-island': '0', 'Low-tilt-spectrum': '0', 'Medium-island': '2', 'Short-island': '0', 'Squeal': '0', 'Typical-entropy': '0', 'Voicing-quality': '3', 'Wide-band': '0', 'Xlong-island': '0', 'seq': '1', 'end': 1112.41, 'start': 1111.33}]",0,0,[],[]
1112410,1113430,MAL,MAN,4.54,34,CIC,RC,1,TIMR,FI,0.0,0,-31.0,-23.12,[],0,0,[],[]
1113430,1115040,NA,SIL,0.0,34,CIC,NA,NA,NA,NA,0.0,0,-43.42,-39.35,[],0,0,[],[]
1115040,1116080,NA,NOF,0.0,34,CIC,NA,NA,NA,NA,0.0,0,-43.57,-39.61,[],0,0,[],[]
1116080,1117460,NA,OLN,0.0,34,CIC,NA,NA,NA,NA,0.0,0,-28.01,-18.6,[],0,0,[],[]
1117460,1118310,NA,SIL,0.0,34,CIC,NA,NA,NA,NA,0.0,0,-43.83,-38.93,[],0,0,[],[]
1118310,1119510,FEM,FAN,2.87,34,CIC,RC,1,NT,FI,0.0,0,-23.26,-14.99,[],0,0,[],[]
1119510,1120620,NA,SIL,0.0,34,CIC,NA,NA,NA,NA,0.0,0,-44.95,-40.1,[],0,0,[],[]
1120620,1121770,MAL,MAN,5.75,34,CIC,RC,1,NT,FI,0.0,0,-23.01,-16.56,[],0,0,[],[]
1121770,1123110,NA,SIL,0.0,34,CIC,NA,NA,NA,NA,0.0,0,-44.48,-34.69,[],0,0,[],[]
1123110,1124240,NA,NOF,0.0,34,CIC,NA,NA,NA,NA,0.0,0,-32.66,-13.95,[],0,0,[],[]
1124240,1125500,NA,SIL,0.0,34,CIC,NA,NA,NA,NA,0.0,0,-44.94,-40.96,[],0,0,[],[]
1125500,1126500,MAL,MAN,3.32,34,CIC,RC,1,NT,FH,0.0,0,-27.31,-21.85,[],0,0,[],[]
1126500,1128150,NA,SIL,0.0,34,CIC,NA,NA,NA,NA,0.0,0,-44.67,-31.93,[],0,0,[],[]
1128150,1129340,NA,NOF,0.0,34,CIC,NA,NA,NA,NA,0.0,0,-33.04,-17.62,[],0,0,[],[]
1129340,1131250,CHI,CHN,0.0,34,CIC,RC,1,TIME,FI,1.0,1770,-15.46,-8.35,"[{'Canonical-syllable': '0', 'Growl': '0', 'High-freq-energy': '0', 'Long-island': '0', 'Low-tilt-spectrum': '0', 'Medium-island': '1', 'Short-island': '0', 'Squeal': '0', 'Typical-entropy': '1', 'Voicing-quality': '2', 'Wide-band': '0', 'Xlong-island': '1', 'seq': '1', 'end': 1131.11, 'start': 1129.34}]",0,0,[],[]
1131250,1133150,NA,NOF,0.0,34,CIC,NA,NA,NA,NA,0.0,0,-38.3,-25.11,[],0,0,[],[]
1133150,1133750,CHI,CHN,0.0,34,CIC,RC,1,TIMI,FH,1.0,600,-15.89,-10.25,"[{'Canonical-syllable': '1', 'Growl': '0', 'High-freq-energy': '0', 'Long-island': '0', 'Low-tilt-spectrum': '0', 'Medium-island': '1', 'Short-island': '0', 'Squeal': '0', 'Typical-entropy': '1', 'Voicing-quality': '1', 'Wide-band': '0', 'Xlong-island': '0', 'seq': '1', 'end': 1133.75, 'start': 1133.15}]",0,0,[],[]
1133750,1136320,NA,NON,0.0,34,CIC,NA,NA,NA,NA,0.0,0,-25.0,-14.3,[],0,0,[],[]
1136320,1137320,MAL,MAN,4.52,34,CIC,RC,2,TIMR,FI,0.0,0,-18.9,-10.41,[],0,0,[],[]
1137320,1139570,NA,OLN,0.0,34,CIC,NA,NA,NA,NA,0.0,0,-21.73,-6.76,[],0,0,[],[]
1139570,1140590,NA,MAF,0.0,34,CIC,NA,NA,NA,NA,0.0,0,-23.96,-16.7,[],0,0,[],[]
1140590,1141190,CHI,CHN,0.0,34,CIC,RC,2,TIME,FI,1.0,390,-22.85,-16.08,"[{'Canonical-syllable': '0', 'Growl': '0', 'High-freq-energy': '0', 'Long-island': '0', 'Low-tilt-spectrum': '0', 'Medium-island': '1', 'Short-island': '0', 'Squeal': '0', 'Typical-entropy': '0', 'Voicing-quality': '1', 'Wide-band': '0', 'Xlong-island': '0', 'seq': '1', 'end': 1140.98, 'start': 1140.59}]",0,0,[],[]
1141190,1142350,NA,NOF,0.0,34,CIC,NA,NA,NA,NA,0.0,0,-43.45,-36.67,[],0,0,[],[]
1142350,1142960,CHI,CHN,0.0,34,CIC,RC,2,NT,FH,1.0,610,-16.86,-14.79,"[{'Canonical-syllable': '0', 'Growl': '0', 'High-freq-energy': '0', 'Long-island': '0', 'Low-tilt-spectrum': '0', 'Medium-island': '1', 'Short-island': '0', 'Squeal': '0', 'Typical-entropy': '0', 'Voicing-quality': '1', 'Wide-band': '0', 'Xlong-island': '0', 'seq': '1', 'end': 1142.96, 'start': 1142.44}]",0,0,[],[]
1142960,1143960,FEM,FAN,0.0,34,CIC,NA,NA,NA,NA,0.0,0,-17.9,-15.19,[],1000,0,[],[]
1143960,1144560,CHI,CHN,0.0,34,CIC,RC,2,TIFI,FH,1.0,600,-15.43,-13.33,"[{'Canonical-syllable': '0', 'Growl': '0', 'High-freq-energy': '0', 'Long-island': '0', 'Low-tilt-spectrum': '0', 'Medium-island': '1', 'Short-island': '0', 'Squeal': '0', 'Typical-entropy': '0', 'Voicing-quality': '1', 'Wide-band': '0', 'Xlong-island': '0', 'seq': '1', 'end': 1144.56, 'start': 1143.96}]",0,0,[],[]
1144560,1145560,FEM,FAN,4.51,34,CIC,RC,3,TIFR,FI,0.0,0,-18.93,-15.01,[],0,0,[],[]
1145560,1148050,CHI,CHN,0.0,34,CIC,RC,3,TIFE,FI,1.0,2490,-18.65,-14.17,"[{'Canonical-syllable': '1', 'Growl': '1', 'High-freq-energy': '0', 'Long-island': '2', 'Low-tilt-spectrum': '0', 'Medium-island': '1', 'Short-island': '1', 'Squeal': '0', 'Typical-entropy': '0', 'Voicing-quality': '4', 'Wide-band': '0', 'Xlong-island': '0', 'seq': '1', 'end': 1148.05, 'start': 1145.56}]",0,0,[],[]
1148050,1149650,NA,OLF,0.0,34,CIC,NA,NA,NA,NA,0.0,0,-34.15,-19.72,[],0,0,[],[]
1149650,1151000,NA,SIL,0.0,34,CIC,NA,NA,NA,NA,0.0,0,-47.12,-42.23,[],0,0,[],[]
1151000,1152430,CHI,CHN,0.0,34,CIC,RC,3,NT,FH,1.0,1430,-17.22,-12.33,"[{'Canonical-syllable': '1', 'Growl': '0', 'High-freq-energy': '0', 'Long-island': '1', 'Low-tilt-spectrum': '0', 'Medium-island': '1', 'Short-island': '0', 'Squeal': '0', 'Typical-entropy': '0', 'Voicing-quality': '2', 'Wide-band': '0', 'Xlong-island': '0', 'seq': '1', 'end': 1152.43, 'start': 1151.08}]",0,0,[],[]
1152430,1153180,CHI,CHN,0.0,34,CIC,RC,3,NT,FH,1.0,750,-19.65,-17.43,"[{'Canonical-syllable': '0', 'Growl': '0', 'High-freq-energy': '0', 'Long-island': '1', 'Low-tilt-spectrum': '0', 'Medium-island': '0', 'Short-island': '0', 'Squeal': '0', 'Typical-entropy': '0', 'Voicing-quality': '1', 'Wide-band': '0', 'Xlong-island': '0', 'seq': '1', 'end': 1153.18, 'start': 1152.43}]",0,0,[],[]
1153180,1154790,CHI,CHN,0.0,34,CIC,RC,3,NT,FH,1.0,1380,-21.16,-17.8,"[{'Canonical-syllable': '0', 'Growl': '0', 'High-freq-energy': '0', 'Long-island': '0', 'Low-tilt-spectrum': '0', 'Medium-island': '0', 'Short-island': '0', 'Squeal': '0', 'Typical-entropy': '0', 'Voicing-quality': '1', 'Wide-band': '0', 'Xlong-island': '1', 'seq': '1', 'end': 1154.56, 'start': 1153.34}]",0,0,[],[]
1154790,1156340,FEM,FAN,0.0,34,CIC,NA,NA,NA,NA,0.0,0,-20.64,-14.65,[],1550,0,[],[]
1156340,1157520,NA,SIL,0.0,34,CIC,NA,NA,NA,NA,0.0,0,-45.66,-38.87,[],0,0,[],[]
1157520,1158990,NA,NOF,0.0,34,CIC,NA,NA,NA,NA,0.0,0,-43.82,-37.45,[],0,0,[],[]
1158990,1159640,CHI,CHN,0.0,34,CIC,RC,3,TIFI,FH,1.0,650,-18.97,-14.93,"[{'Canonical-syllable': '1', 'Growl': '0', 'High-freq-energy': '0', 'Long-island': '0', 'Low-tilt-spectrum': '0', 'Medium-island': '1', 'Short-island': '0', 'Squeal': '0', 'Typical-entropy': '0', 'Voicing-quality': '1', 'Wide-band': '0', 'Xlong-island': '0', 'seq': '1', 'end': 1159.64, 'start': 1158.99}]",0,0,[],[]
1159640,1161310,FEM,FAN,7.5,34,CIC,RC,4,TIFR,FI,0.0,0,-21.4,-14.65,[],0,0,[],[]
1161310,1162180,NA,OLN,0.0,34,CIC,NA,NA,NA,NA,0.0,0,-23.49,-17.86,[],0,0,[],[]
1162180,1163320,CHI,CHN,0.0,34,CIC,RC,4,TIFE,FI,1.0,1140,-20.13,-15.96,"[{'Canonical-syllable': '0', 'Growl': '0', 'High-freq-energy': '0', 'Long-island': '0', 'Low-tilt-spectrum': '0', 'Medium-island': '0', 'Short-island': '0', 'Squeal': '0', 'Typical-entropy': '0', 'Voicing-quality': '1', 'Wide-band': '0', 'Xlong-island': '1', 'seq': '1', 'end': 1163.32, 'start': 1162.18}]",0,0,[],[]
1163320,1164500,CHI,CHN,0.0,34,CIC,RC,4,NT,FH,1.0,1180,-17.47,-12.45,"[{'Canonical-syllable': '0', 'Growl': '0', 'High-freq-energy': '0', 'Long-island': '0', 'Low-tilt-spectrum': '0', 'Medium-island': '1', 'Short-island': '1', 'Squeal': '0', 'Typical-entropy': '0', 'Voicing-quality': '3', 'Wide-band': '1', 'Xlong-island': '0', 'seq': '1', 'end': 1164.5, 'start': 1163.32}]",0,0,[],[]
1164500,1165860,NA,SIL,0.0,34,CIC,NA,NA,NA,NA,0.0,0,-46.44,-40.72,[],0,0,[],[]
1165860,1166710,OCH,CXN,0.0,34,CIC,RC,4,NT,FI,0.0,0,-16.81,-7.05,[],0,0,[],[]
1166710,1167940,FEM,FAN,6.71,34,CIC,RC,4,TIFI,FI,0.0,0,-19.62,-11.45,[],0,0,[],[]
1167940,1168740,NA,NOF,0.0,34,CIC,NA,NA,NA,NA,0.0,0,-33.28,-16.24,[],0,0,[],[]
1168740,1170120,CHI,CHN,0.0,34,CIC,RC,5,TIFR,FI,1.0,1140,-14.73,-6.93,"[{'Canonical-syllable': '0', 'Growl': '0', 'High-freq-energy': '0', 'Long-island': '0', 'Low-tilt-spectrum': '0', 'Medium-island': '2', 'Short-island': '0', 'Squeal': '1', 'Typical-entropy': '2', 'Voicing-quality': '2', 'Wide-band': '0', 'Xlong-island': '0', 'seq': '1', 'end': 1169.88, 'start': 1168.74}]",0,0,[],[]
1170120,1171140,MAL,MAN,3.81,34,CIC,RC,5,TIMI,FI,0.0,0,-29.49,-20.88,[],0,0,[],[]
1171140,1172390,CHI,CHN,0.0,34,CIC,RC,6,TIMR,FI,1.0,1250,-18.08,-10.69,"[{'Canonical-syllable': '0', 'Growl': '0', 'High-freq-energy': '0', 'Long-island': '1', 'Low-tilt-spectrum': '0', 'Medium-island': '0', 'Short-island': '1', 'Squeal': '0', 'Typical-entropy': '0', 'Voicing-quality': '2', 'Wide-band': '0', 'Xlong-island': '0', 'seq': '1', 'end': 1172.39, 'start': 1171.14}]",0,0,[],[]
1172390,1173190,NA,OLN,0.0,34,CIC,NA,NA,NA,NA,0.0,0,-21.06,-15.33,[],0,0,[],[]
1173190,1174320,FEM,FAN,0.87,34,CIC,RC,6,TIFI,FI,0.0,0,-19.37,-15.1,[],0,0,[],[]
1174320,1175270,CHI,CHN,0.0,34,CIC,RC,7,TIFR,FI,1.0,950,-19.99,-17.12,"[{'Canonical-syllable': '0', 'Growl': '0', 'High-freq-energy': '0', 'Long-island': '1', 'Low-tilt-spectrum': '0', 'Medium-island': '0', 'Short-island': '0', 'Squeal': '0', 'Typical-entropy': '0', 'Voicing-quality': '1', 'Wide-band': '0', 'Xlong-island': '0', 'seq': '1', 'end': 1175.27, 'start': 1174.32}]",0,0,[],[]
1175270,1176460,NA,SIL,0.0,34,CIC,NA,NA,NA,NA,0.0,0,-47.89,-42.21,[],0,0,[],[]
1176460,1177100,FEM,FAN,8.48,34,CIC,RC,7,TIFI,FI,0.0,0,-21.3,-18.2,[],0,0,[],[]
1177100,1177930,NA,NOF,0.0,34,CIC,NA,NA,NA,NA,0.0,0,-41.01,-30.37,[],0,0,[],[]
1177930,1179770,CHI,CHN,0.0,34,CIC,RC,8,TIFR,FI,2.0,1420,-14.92,-7.51,"[{'Canonical-syllable': '0', 'Growl': '0', 'High-freq-energy': '0', 'Long-island': '0', 'Low-tilt-spectrum': '0', 'Medium-island': '1', 'Short-island': '0', 'Squeal': '0', 'Typical-entropy': '0', 'Voicing-quality': '1', 'Wide-band': '0', 'Xlong-island': '0', 'seq': '1', 'end': 1178.45, 'start': 1177.93}, {'Canonical-syllable': '0', 'Growl': '0', 'High-freq-energy': '0', 'Long-island': '1', 'Low-tilt-spectrum': '0', 'Medium-island': '0', 'Short-island': '0', 'Squeal': '0', 'Typical-entropy': '1', 'Voicing-quality': '1', 'Wide-band': '0', 'Xlong-island': '0', 'seq': '2', 'end': 1179.77, 'start': 1178.87}]",0,0,[],[]
1179770,1180700,NA,NOF,0.0,34,CIC,NA,NA,NA,NA,0.0,0,-47.05,-37.01,[],0,0,[],[]
1180700,1182340,FEM,FAN,7.08,34,CIC,RC,8,TIFI,FI,0.0,0,-26.62,-23.0,[],0,0,[],[]
1182340,1184130,CHI,CHN,0.0,34,CIC,RC,9,TIFR,FI,1.0,1790,-15.68,-8.11,"[{'Canonical-syllable': '0', 'Growl': '0', 'High-freq-energy': '0', 'Long-island': '0', 'Low-tilt-spectrum': '0', 'Medium-island': '1', 'Short-island': '0', 'Squeal': '0', 'Typical-entropy': '1', 'Voicing-quality': '2', 'Wide-band': '0', 'Xlong-island': '1', 'seq': '1', 'end': 1184.13, 'start': 1182.34}]",0,0,[],[]
1184130,1185550,MAL,MAN,8.93,34,CIC,RC,9,TIMI,FI,0.0,0,-24.47,-18.94,[],0,0,[],[]
1185550,1187230,CHI,CHN,0.0,34,CIC,RC,10,TIMR,FI,1.0,1420,-17.52,-5.13,"[{'Canonical-syllable': '0', 'Growl': '0', 'High-freq-energy': '0', 'Long-island': '0', 'Low-tilt-spectrum': '1', 'Medium-island': '2', 'Short-island': '1', 'Squeal': '0', 'Typical-entropy': '1', 'Voicing-quality': '3', 'Wide-band': '1', 'Xlong-island': '0', 'seq': '1', 'end': 1186.97, 'start': 1185.71}]",0,0,[],[]
1187230,1188270,MAL,MAN,5.03,34,CIC,RC,10,TIME,FI,0.0,0,-25.59,-20.96,[],0,0,[],[]
1188270,1189070,NA,OLN,0.0,34,CIC,NA,NA,NA,NA,0.0,0,-35.6,-21.92,[],0,0,[],[]
1189070,1190280,NA,SIL,0.0,34,CIC,NA,NA,NA,NA,0.0,0,-53.69,-48.24,[],0,0,[],[]
1190280,1190880,FEM,FAN,0.0,34,CIC,NA,NA,NA,NA,0.0,0,-31.68,-22.88,[],600,0,[],[]
1190880,1192020,NA,NON,0.0,34,CIC,NA,NA,NA,NA,0.0,0,-27.6,-12.09,[],0,0,[],[]
1192020,1193150,MAL,MAN,0.86,34,CIC,RC,10,TIMI,FH,0.0,0,-22.96,-14.46,[],0,0,[],[]
1193150,1193970,NA,OLF,0.0,34,CIC,NA,NA,NA,NA,0.0,0,-31.26,-23.2,[],0,0,[],[]
1193970,1194830,NA,SIL,0.0,34,CIC,NA,NA,NA,NA,0.0,0,-50.74,-39.92,[],0,0,[],[]
1194830,1196560,NA,NOF,0.0,34,CIC,NA,NA,NA,NA,0.0,0,-46.41,-36.49,[],0,0,[],[]
1196560,1198000,CHI,CHN,0.0,34,CIC,RC,11,TIMR,FI,1.0,1440,-16.47,-10.18,"[{'Canonical-syllable': '0', 'Growl': '0', 'High-freq-energy': '0', 'Long-island': '1', 'Low-tilt-spectrum': '0', 'Medium-island': '1', 'Short-island': '0', 'Squeal': '0', 'Typical-entropy': '1', 'Voicing-quality': '2', 'Wide-band': '0', 'Xlong-island': '0', 'seq': '1', 'end': 1198.0, 'start': 1196.56}]",0,0,[],[]
1198000,1198800,NA,NOF,0.0,34,CIC,NA,NA,NA,NA,0.0,0,-40.32,-30.65,[],0,0,[],[]
1198800,1199400,MAL,MAN,0.0,34,CIC,NA,NA,NA,NA,0.0,0,-32.28,-24.14,[],600,0,[],[]
1199400,1200200,NA,SIL,0.0,34,CIC,NA,NA,NA,NA,0.0,0,-50.32,-43.26,[],0,0,[],[]
1200200,1201200,MAL,MAN,1.89,34,CIC,RC,11,TIMI,FI,0.0,0,-35.36,-28.55,[],0,0,[],[]
1201200,1202390,NA,FAF,0.0,34,CIC,NA,NA,NA,NA,0.0,0,-43.24,-36.47,[],0,0,[],[]
1202390,1203430,NA,SIL,0.0,34,CIC,NA,NA,NA,NA,0.0,0,-50.94,-44.75,[],0,0,[],[]
1203430,1204260,CHI,CHN,0.0,34,CIC,RC,12,TIMR,FI,1.0,730,-17.63,-9.61,"[{'Canonical-syllable': '0', 'Growl': '1', 'High-freq-energy': '0', 'Long-island': '0', 'Low-tilt-spectrum': '0', 'Medium-island': '1', 'Short-island': '1', 'Squeal': '0', 'Typical-entropy': '2', 'Voicing-quality': '2', 'Wide-band': '0', 'Xlong-island': '0', 'seq': '1', 'end': 1204.16, 'start': 1203.43}]",0,0,[],[]
1204260,1205060,NA,OLF,0.0,34,CIC,NA,NA,NA,NA,0.0,0,-42.95,-35.31,[],0,0,[],[]
1205060,1206110,MAL,MAN,0.0,34,CIC,NA,NA,NA,NA,0.0,0,-27.54,-19.52,[],1050,0,[],[]
1206110,1207040,CHI,CHN,0.0,34,CIC,RC,12,NT,FH,1.0,540,-21.5,-12.47,"[{'Canonical-syllable': '1', 'Growl': '0', 'High-freq-energy': '0', 'Long-island': '0', 'Low-tilt-spectrum': '0', 'Medium-island': '1', 'Short-island': '0', 'Squeal': '0', 'Typical-entropy': '1', 'Voicing-quality': '1', 'Wide-band': '0', 'Xlong-island': '0', 'seq': '1', 'end': 1207.04, 'start': 1206.5}]",0,0,[],[]
1207040,1208060,MAL,MAN,1.04,34,CIC,RC,12,TIMI,FI,0.0,0,-32.07,-24.17,[],0,0,[],[]
1208060,1208780,CHI,CHN,0.0,34,CIC,RC,13,TIMR,FI,1.0,360,-22.32,-15.17,"[{'Canonical-syllable': '0', 'Growl': '0', 'High-freq-energy': '0', 'Long-island': '0', 'Low-tilt-spectrum': '0', 'Medium-island': '1', 'Short-island': '0', 'Squeal': '0', 'Typical-entropy': '0', 'Voicing-quality': '1', 'Wide-band': '0', 'Xlong-island': '0', 'seq': '1', 'end': 1208.78, 'start': 1208.42}]",0,0,[],[]
1208780,1209580,NA,NOF,0.0,34,CIC,NA,NA,NA,NA,0.0,0,-43.32,-33.44,[],0,0,[],[]
1209580,1210770,CHI,CHN,0.0,34,CIC,RC,13,NT,FH,1.0,1190,-17.11,-9.37,"[{'Canonical-syllable': '0', 'Growl': '0', 'High-freq-energy': '0', 'Long-island': '1', 'Low-tilt-spectrum': '0', 'Medium-island': '1', 'Short-island': '0', 'Squeal': '0', 'Typical-entropy': '0', 'Voicing-quality': '2', 'Wide-band': '0', 'Xlong-island': '0', 'seq': '1', 'end': 1210.77, 'start': 1209.58}]",0,0,[],[]
1210770,1211770,MAL,MAN,1.96,34,CIC,RC,13,TIME,FI,0.0,0,-29.5,-21.57,[],0,0,[],[]
1211770,1213030,NA,SIL,0.0,34,CIC,NA,NA,NA,NA,0.0,0,-54.11,-48.52,[],0,0,[],[]
1213030,1214660,MAL,MAN,4.4,34,CIC,RC,13,NT,FH,0.0,0,-34.01,-24.82,[],0,0,[],[]
1214660,1217760,NA,SIL,0.0,34,CIC,NA,NA,NA,NA,0.0,0,-51.12,-37.17,[],0,0,[],[]
1217760,1218760,MAL,MAN,2.4,34,CIC,RC,13,TIMI,FH,0.0,0,-32.65,-24.86,[],0,0,[],[]
1218760,1219570,NA,SIL,0.0,34,CIC,NA,NA,NA,NA,0.0,0,-51.91,-48.09,[],0,0,[],[]
1219570,1220310,CHI,CHN,0.0,34,CIC,RC,14,TIMR,FI,1.0,740,-19.3,-14.87,"[{'Canonical-syllable': '0', 'Growl': '0', 'High-freq-energy': '0', 'Long-island': '1', 'Low-tilt-spectrum': '0', 'Medium-island': '0', 'Short-island': '0', 'Squeal': '0', 'Typical-entropy': '0', 'Voicing-quality': '1', 'Wide-band': '0', 'Xlong-island': '0', 'seq': '1', 'end': 1220.31, 'start': 1219.57}]",0,0,[],[]
1220310,1221310,MAL,MAN,1.3,34,CIC,RC,14,TIMI,FI,0.0,0,-30.5,-25.17,[],0,0,[],[]
1221310,1222110,NA,SIL,0.0,34,CIC,NA,NA,NA,NA,0.0,0,-51.87,-43.2,[],0,0,[],[]
1222110,1222830,CHI,CHN,0.0,34,CIC,RC,15,TIMR,FI,1.0,720,-21.4,-15.56,"[{'Canonical-syllable': '0', 'Growl': '0', 'High-freq-energy': '0', 'Long-island': '1', 'Low-tilt-spectrum': '0', 'Medium-island': '0', 'Short-island': '0', 'Squeal': '0', 'Typical-entropy': '0', 'Voicing-quality': '1', 'Wide-band': '0', 'Xlong-island': '0', 'seq': '1', 'end': 1222.83, 'start': 1222.11}]",0,0,[],[]
1222830,1224050,MAL,MAN,8.99,34,CIC,RC,15,TIME,FI,0.0,0,-32.33,-25.57,[],0,0,[],[]
1224050,1224680,CHI,CHN,0.0,34,CIC,NA,NA,NA,NA,0.0,0,-26.97,-20.55,[],0,400,[],"[{'start': 1224.28, 'end': 1224.68}]"
1224680,1225900,MAL,MAN,2.04,34,CIC,EC,15,NT,FH,0.0,0,-36.81,-29.13,[],0,0,[],[]
1225900,1227390,NA,NOF,0.0,35,pause,NA,NA,NA,NA,0.0,0,-31.37,-19.87,[],0,0,[],[]
1227390,1228190,NA,OLF,0.0,35,pause,NA,NA,NA,NA,0.0,0,-35.52,-25.9,[],0,0,[],[]
1228190,1229710,NA,NOF,0.0,35,pause,NA,NA,NA,NA,0.0,0,-43.76,-33.98,[],0,0,[],[]
1229710,1231040,NA,OLF,0.0,35,pause,NA,NA,NA,NA,0.0,0,-30.71,-18.45,[],0,0,[],[]
1231040,1231870,NA,SIL,0.0,35,pause,NA,NA,NA,NA,0.0,0,-46.97,-42.43,[],0,0,[],[]
1231870,1233110,NA,OLF,0.0,35,pause,NA,NA,NA,NA,0.0,0,-41.53,-32.57,[],0,0,[],[]
1233110,1234100,OCH,CXN,0.0,35,XIC,BC,0,NT,FI,0.0,0,-44.01,-31.99,[],0,0,[],[]
1234100,1234900,CHI,CHN,0.0,35,XIC,RC,0,NT,FI,1.0,800,-26.68,-22.86,"[{'Canonical-syllable': '0', 'Growl': '0', 'High-freq-energy': '0', 'Long-island': '1', 'Low-tilt-spectrum': '0', 'Medium-island': '0', 'Short-island': '0', 'Squeal': '0', 'Typical-entropy': '0', 'Voicing-quality': '1', 'Wide-band': '0', 'Xlong-island': '0', 'seq': '1', 'end': 1234.9, 'start': 1234.1}]",0,0,[],[]
1234900,1235730,NA,SIL,0.0,35,XIC,NA,NA,NA,NA,0.0,0,-51.83,-46.78,[],0,0,[],[]
1235730,1236950,CHI,CHN,0.0,35,XIC,RC,0,TIMI,FH,1.0,860,-18.25,-10.82,"[{'Canonical-syllable': '0', 'Growl': '0', 'High-freq-energy': '0', 'Long-island': '1', 'Low-tilt-spectrum': '0', 'Medium-island': '0', 'Short-island': '0', 'Squeal': '0', 'Typical-entropy': '1', 'Voicing-quality': '1', 'Wide-band': '0', 'Xlong-island': '0', 'seq': '1', 'end': 1236.59, 'start': 1235.92}]",0,0,[],[]
1236950,1237790,NA,SIL,0.0,35,XIC,NA,NA,NA,NA,0.0,0,-47.67,-40.05,[],0,0,[],[]
1237790,1239070,MAL,MAN,1.23,35,XIC,RC,1,TIMR,FI,0.0,0,-30.25,-23.2,[],0,0,[],[]
1239070,1239870,NA,NOF,0.0,35,XIC,NA,NA,NA,NA,0.0,0,-32.13,-23.72,[],0,0,[],[]
1239870,1240470,FEM,FAN,3.2,35,XIC,RC,1,NT,FI,0.0,0,-30.07,-23.23,[],0,0,[],[]
1240470,1241270,NA,NOF,0.0,35,XIC,NA,NA,NA,NA,0.0,0,-44.73,-37.25,[],0,0,[],[]
1241270,1242080,CHI,CHN,0.0,35,XIC,RC,1,TIFE,FI,1.0,810,-21.1,-11.42,"[{'Canonical-syllable': '0', 'Growl': '1', 'High-freq-energy': '0', 'Long-island': '0', 'Low-tilt-spectrum': '0', 'Medium-island': '0', 'Short-island': '0', 'Squeal': '0', 'Typical-entropy': '1', 'Voicing-quality': '3', 'Wide-band': '0', 'Xlong-island': '0', 'seq': '1', 'end': 1242.08, 'start': 1241.27}]",0,0,[],[]
1242080,1243090,CHI,CHN,0.0,35,XIC,RC,1,NT,FH,1.0,1010,-15.7,-11.85,"[{'Canonical-syllable': '0', 'Growl': '1', 'High-freq-energy': '0', 'Long-island': '1', 'Low-tilt-spectrum': '0', 'Medium-island': '0', 'Short-island': '0', 'Squeal': '0', 'Typical-entropy': '0', 'Voicing-quality': '2', 'Wide-band': '0', 'Xlong-island': '0', 'seq': '1', 'end': 1243.09, 'start': 1242.22}]",0,0,[],[]
1243090,1243740,CHI,CHN,0.0,35,XIC,RC,1,TIMI,FH,1.0,220,-19.45,-12.19,"[{'Canonical-syllable': '0', 'Growl': '0', 'High-freq-energy': '0', 'Long-island': '0', 'Low-tilt-spectrum': '0', 'Medium-island': '0', 'Short-island': '1', 'Squeal': '0', 'Typical-entropy': '0', 'Voicing-quality': '1', 'Wide-band': '0', 'Xlong-island': '0', 'seq': '1', 'end': 1243.31, 'start': 1243.09}]",0,0,[],[]
1243740,1245850,MAL,MAN,5.72,35,XIC,RC,2,TIMR,FI,0.0,0,-30.67,-21.64,[],0,0,[],[]
1245850,1246680,CHI,CHN,0.0,35,XIC,RC,2,TIFI,FI,1.0,830,-15.04,-9.92,"[{'Canonical-syllable': '0', 'Growl': '0', 'High-freq-energy': '0', 'Long-island': '0', 'Low-tilt-spectrum': '0', 'Medium-island': '1', 'Short-island': '0', 'Squeal': '0', 'Typical-entropy': '1', 'Voicing-quality': '1', 'Wide-band': '0', 'Xlong-island': '0', 'seq': '1', 'end': 1246.68, 'start': 1246.08}]",0,0,[],[]
1246680,1247480,NA,NOF,0.0,35,XIC,NA,NA,NA,NA,0.0,0,-32.24,-24.05,[],0,0,[],[]
1247480,1248280,NA,OLF,0.0,35,XIC,NA,NA,NA,NA,0.0,0,-29.4,-20.16,[],0,0,[],[]
1248280,1249110,NA,SIL,0.0,35,XIC,NA,NA,NA,NA,0.0,0,-51.89,-46.19,[],0,0,[],[]
1249110,1250700,NA,NOF,0.0,35,XIC,NA,NA,NA,NA,0.0,0,-36.5,-27.26,[],0,0,[],[]
1250700,1251500,NA,SIL,0.0,35,XIC,NA,NA,NA,NA,0.0,0,-46.16,-33.75,[],0,0,[],[]
1251500,1252600,FEM,FAN,3.02,35,XIC,RC,3,TIFR,FI,0.0,0,-33.23,-22.59,[],0,0,[],[]
1252600,1254080,NA,SIL,0.0,35,XIC,NA,NA,NA,NA,0.0,0,-52.11,-47.43,[],0,0,[],[]
1254080,1254710,CHI,CHN,0.0,35,XIC,RC,3,TIMI,FI,1.0,450,-22.43,-17.25,"[{'Canonical-syllable': '0', 'Growl': '0', 'High-freq-energy': '0', 'Long-island': '0', 'Low-tilt-spectrum': '0', 'Medium-island': '1', 'Short-island': '0', 'Squeal': '0', 'Typical-entropy': '0', 'Voicing-quality': '1', 'Wide-band': '0', 'Xlong-island': '0', 'seq': '1', 'end': 1254.53, 'start': 1254.08}]",0,0,[],[]
1254710,1257050,MAL,MAN,7.54,35,XIC,RC,4,TIMR,FI,0.0,0,-31.21,-23.75,[],0,0,[],[]
1257050,1258190,NA,SIL,0.0,35,XIC,NA,NA,NA,NA,0.0,0,-51.67,-44.88,[],0,0,[],[]
1258190,1259250,MAL,MAN,2.83,35,XIC,RC,4,NT,FH,0.0,0,-33.84,-24.23,[],0,0,[],[]
1259250,1260340,FEM,FAN,3.86,35,XIC,RC,4,NT,FI,0.0,0,-35.98,-28.52,[],0,0,[],[]
1260340,1261600,NA,SIL,0.0,35,XIC,NA,NA,NA,NA,0.0,0,-41.36,-31.82,[],0,0,[],[]
1261600,1262600,FEM,FAN,0.0,35,XIC,NA,NA,NA,NA,0.0,0,-37.86,-30.04,[],1000,0,[],[]
1262600,1264160,MAL,MAN,2.56,35,XIC,RC,4,NT,FI,0.0,0,-38.5,-28.58,[],0,0,[],[]
1264160,1265860,NA,SIL,0.0,35,XIC,NA,NA,NA,NA,0.0,0,-51.56,-38.93,[],0,0,[],[]
1265860,1266870,MAL,MAN,2.46,35,XIC,RC,4,NT,FH,0.0,0,-27.73,-21.1,[],0,0,[],[]
1266870,1267870,FEM,FAN,4.39,35,XIC,EC,4,NT,FI,0.0,0,-29.29,-22.96,[],0,0,[],[]
1267870,1271460,NA,NOF,0.0,36,pause,NA,NA,NA,NA,0.0,0,-25.84,-6.36,[],0,0,[],[]
1271460,1272300,NA,OLF,0.0,36,pause,NA,NA,NA,NA,0.0,0,-39.11,-34.93,[],0,0,[],[]
1272300,1274270,NA,NOF,0.0,36,pause,NA,NA,NA,NA,0.0,0,-39.58,-30.93,[],0,0,[],[]
1274270,1275070,NA,OLF,0.0,36,pause,NA,NA,NA,NA,0.0,0,-35.79,-24.03,[],0,0,[],[]
1275070,1276670,NA,NOF,0.0,36,pause,NA,NA,NA,NA,0.0,0,-38.35,-26.29,[],0,0,[],[]
1276670,1277910,NA,OLN,0.0,36,pause,NA,NA,NA,NA,0.0,0,-24.16,-16.48,[],0,0,[],[]
1277910,1279340,NA,NOF,0.0,36,pause,NA,NA,NA,NA,0.0,0,-30.85,-12.58,[],0,0,[],[]
1279340,1280350,MAL,MAN,1.31,36,AICM,BC,0,TIMI,FI,0.0,0,-26.64,-20.8,[],0,0,[],[]
1280350,1282080,NA,MAF,0.0,36,AICM,NA,NA,NA,NA,0.0,0,-33.25,-23.99,[],0,0,[],[]
1282080,1283330,CHI,CHN,0.0,36,AICM,EC,1,TIMR,FI,1.0,1120,-19.03,-12.63,"[{'Canonical-syllable': '0', 'Growl': '1', 'High-freq-energy': '0', 'Long-island': '1', 'Low-tilt-spectrum': '0', 'Medium-island': '0', 'Short-island': '1', 'Squeal': '0', 'Typical-entropy': '0', 'Voicing-quality': '2', 'Wide-band': '0', 'Xlong-island': '0', 'seq': '1', 'end': 1283.2, 'start': 1282.08}]",0,0,[],[]
1283330,1284360,NA,NON,0.0,37,pause,NA,NA,NA,NA,0.0,0,-29.06,-16.94,[],0,0,[],[]
1284360,1285180,NA,OLN,0.0,37,pause,NA,NA,NA,NA,0.0,0,-26.02,-19.02,[],0,0,[],[]
1285180,1285980,NA,OLF,0.0,37,pause,NA,NA,NA,NA,0.0,0,-36.35,-21.08,[],0,0,[],[]
1285980,1286990,FEM,FAN,0.0,37,pause,NA,NA,NA,NA,0.0,0,-36.19,-29.15,[],1010,0,[],[]
1286990,1288330,NA,NON,0.0,37,pause,NA,NA,NA,NA,0.0,0,-44.39,-35.67,[],0,0,[],[]
1288330,1289170,FEM,FAN,8.35,37,AICF,BC,0,TIFI,FI,0.0,0,-37.63,-32.19,[],0,0,[],[]
1289170,1290170,NA,FAF,0.0,37,AICF,NA,NA,NA,NA,0.0,0,-44.45,-39.58,[],0,0,[],[]
1290170,1290970,NA,NOF,0.0,37,AICF,NA,NA,NA,NA,0.0,0,-42.29,-35.75,[],0,0,[],[]
1290970,1291870,NA,SIL,0.0,37,AICF,NA,NA,NA,NA,0.0,0,-51.68,-47.41,[],0,0,[],[]
1291870,1294970,CHI,CHN,0.0,37,AICF,RC,1,TIFR,FI,2.0,2230,-18.93,-8.57,"[{'Canonical-syllable': '1', 'Growl': '0', 'High-freq-energy': '0', 'Long-island': '0', 'Low-tilt-spectrum': '0', 'Medium-island': '0', 'Short-island': '1', 'Squeal': '0', 'Typical-entropy': '0', 'Voicing-quality': '1', 'Wide-band': '0', 'Xlong-island': '0', 'seq': '1', 'end': 1292.26, 'start': 1292.05}, {'Canonical-syllable': '2', 'Growl': '0', 'High-freq-energy': '0', 'Long-island': '0', 'Low-tilt-spectrum': '0', 'Medium-island': '2', 'Short-island': '2', 'Squeal': '0', 'Typical-entropy': '1', 'Voicing-quality': '4', 'Wide-band': '0', 'Xlong-island': '0', 'seq': '2', 'end': 1294.97, 'start': 1293.13}]",0,0,[],[]
1294970,1296330,MAL,MAN,1.8,37,AICF,EC,1,TIME,FI,0.0,0,-29.82,-24.27,[],0,0,[],[]
1296330,1298320,NA,NON,0.0,38,pause,NA,NA,NA,NA,0.0,0,-35.08,-26.03,[],0,0,[],[]
1298320,1299950,NA,OLN,0.0,38,pause,NA,NA,NA,NA,0.0,0,-23.82,-12.95,[],0,0,[],[]
1299950,1301650,NA,FAF,0.0,38,pause,NA,NA,NA,NA,0.0,0,-31.99,-20.1,[],0,0,[],[]
1301650,1303500,CHI,CHN,0.0,38,CM,BC,0,NT,FI,1.0,1850,-14.93,-10.11,"[{'Canonical-syllable': '0', 'Growl': '0', 'High-freq-energy': '0', 'Long-island': '1', 'Low-tilt-spectrum': '0', 'Medium-island': '1', 'Short-island': '1', 'Squeal': '0', 'Typical-entropy': '0', 'Voicing-quality': '3', 'Wide-band': '0', 'Xlong-island': '0', 'seq': '1', 'end': 1303.5, 'start': 1301.65}]",0,0,[],[]
1303500,1304550,CHI,CHN,0.0,38,CM,RC,0,NT,FH,1.0,540,-17.05,-10.89,"[{'Canonical-syllable': '1', 'Growl': '0', 'High-freq-energy': '0', 'Long-island': '0', 'Low-tilt-spectrum': '0', 'Medium-island': '1', 'Short-island': '0', 'Squeal': '0', 'Typical-entropy': '0', 'Voicing-quality': '1', 'Wide-band': '0', 'Xlong-island': '0', 'seq': '1', 'end': 1304.04, 'start': 1303.5}]",0,0,[],[]
1304550,1305180,FEM,FAN,0.0,38,CM,NA,NA,NA,NA,0.0,0,-22.57,-17.51,[],630,0,[],[]
1305180,1305990,NA,NOF,0.0,38,CM,NA,NA,NA,NA,0.0,0,-35.49,-27.77,[],0,0,[],[]
1305990,1307210,CHI,CHN,0.0,38,CM,RC,0,NT,FH,2.0,880,-19.99,-12.79,"[{'Canonical-syllable': '0', 'Growl': '0', 'High-freq-energy': '0', 'Long-island': '0', 'Low-tilt-spectrum': '0', 'Medium-island': '0', 'Short-island': '2', 'Squeal': '0', 'Typical-entropy': '0', 'Voicing-quality': '2', 'Wide-band': '0', 'Xlong-island': '0', 'seq': '1', 'end': 1306.68, 'start': 1305.99}, {'Canonical-syllable': '0', 'Growl': '0', 'High-freq-energy': '0', 'Long-island': '0', 'Low-tilt-spectrum': '0', 'Medium-island': '0', 'Short-island': '1', 'Squeal': '0', 'Typical-entropy': '0', 'Voicing-quality': '1', 'Wide-band': '0', 'Xlong-island': '0', 'seq': '2', 'end': 1307.21, 'start': 1307.02}]",0,0,[],[]
1307210,1308010,NA,OLF,0.0,38,CM,NA,NA,NA,NA,0.0,0,-32.97,-25.65,[],0,0,[],[]
1308010,1308840,NA,SIL,0.0,38,CM,NA,NA,NA,NA,0.0,0,-48.99,-43.02,[],0,0,[],[]
1308840,1309440,CHI,CHN,0.0,38,CM,RC,0,NT,FH,1.0,180,-18.86,-11.57,"[{'Canonical-syllable': '0', 'Growl': '0', 'High-freq-energy': '1', 'Long-island': '0', 'Low-tilt-spectrum': '0', 'Medium-island': '0', 'Short-island': '1', 'Squeal': '0', 'Typical-entropy': '1', 'Voicing-quality': '1', 'Wide-band': '0', 'Xlong-island': '0', 'seq': '1', 'end': 1309.44, 'start': 1309.26}]",0,0,[],[]
1309440,1310240,NA,OLN,0.0,38,CM,NA,NA,NA,NA,0.0,0,-23.65,-11.93,[],0,0,[],[]
1310240,1311590,CHI,CHN,0.0,38,CM,RC,0,NT,FH,1.0,1350,-20.84,-16.17,"[{'Canonical-syllable': '0', 'Growl': '0', 'High-freq-energy': '0', 'Long-island': '0', 'Low-tilt-spectrum': '0', 'Medium-island': '0', 'Short-island': '0', 'Squeal': '0', 'Typical-entropy': '0', 'Voicing-quality': '1', 'Wide-band': '0', 'Xlong-island': '1', 'seq': '1', 'end': 1311.59, 'start': 1310.24}]",0,0,[],[]
1311590,1313590,NA,NON,0.0,38,CM,NA,NA,NA,NA,0.0,0,-28.64,-17.15,[],0,0,[],[]
1313590,1314400,NA,OLN,0.0,38,CM,NA,NA,NA,NA,0.0,0,-19.17,-11.39,[],0,0,[],[]
1314400,1315320,CHI,CHN,0.0,38,CM,RC,0,NT,FH,1.0,790,-20.31,-13.82,"[{'Canonical-syllable': '0', 'Growl': '0', 'High-freq-energy': '0', 'Long-island': '1', 'Low-tilt-spectrum': '0', 'Medium-island': '0', 'Short-island': '0', 'Squeal': '0', 'Typical-entropy': '0', 'Voicing-quality': '1', 'Wide-band': '0', 'Xlong-island': '0', 'seq': '1', 'end': 1315.19, 'start': 1314.4}]",0,0,[],[]
1315320,1316320,NA,FAF,0.0,38,CM,NA,NA,NA,NA,0.0,0,-40.61,-31.64,[],0,0,[],[]
1316320,1317940,NA,NOF,0.0,38,CM,NA,NA,NA,NA,0.0,0,-49.21,-40.93,[],0,0,[],[]
1317940,1319130,CHI,CHN,0.0,38,CM,RC,0,NT,FH,1.0,1190,-18.51,-14.62,"[{'Canonical-syllable': '0', 'Growl': '0', 'High-freq-energy': '0', 'Long-island': '0', 'Low-tilt-spectrum': '0', 'Medium-island': '2', 'Short-island': '0', 'Squeal': '0', 'Typical-entropy': '0', 'Voicing-quality': '2', 'Wide-band': '0', 'Xlong-island': '0', 'seq': '1', 'end': 1319.13, 'start': 1317.94}]",0,0,[],[]
1319130,1320180,NA,FAF,0.0,38,CM,NA,NA,NA,NA,0.0,0,-43.41,-38.6,[],0,0,[],[]
1320180,1321350,NA,MAF,0.0,38,CM,NA,NA,NA,NA,0.0,0,-33.25,-22.63,[],0,0,[],[]
1321350,1322300,CHI,CHN,0.0,38,CM,RC,0,NT,FH,2.0,510,-20.64,-12.9,"[{'Canonical-syllable': '1', 'Growl': '0', 'High-freq-energy': '0', 'Long-island': '0', 'Low-tilt-spectrum': '1', 'Medium-island': '0', 'Short-island': '1', 'Squeal': '0', 'Typical-entropy': '1', 'Voicing-quality': '1', 'Wide-band': '0', 'Xlong-island': '0', 'seq': '1', 'end': 1321.55, 'start': 1321.35}, {'Canonical-syllable': '0', 'Growl': '0', 'High-freq-energy': '0', 'Long-island': '0', 'Low-tilt-spectrum': '0', 'Medium-island': '1', 'Short-island': '0', 'Squeal': '0', 'Typical-entropy': '0', 'Voicing-quality': '1', 'Wide-band': '0', 'Xlong-island': '0', 'seq': '2', 'end': 1322.19, 'start': 1321.88}]",0,0,[],[]
1322300,1323560,CHI,CHN,0.0,38,CM,RC,0,NT,FH,1.0,1260,-19.62,-13.38,"[{'Canonical-syllable': '0', 'Growl': '0', 'High-freq-energy': '0', 'Long-island': '1', 'Low-tilt-spectrum': '1', 'Medium-island': '0', 'Short-island': '1', 'Squeal': '0', 'Typical-entropy': '1', 'Voicing-quality': '1', 'Wide-band': '0', 'Xlong-island': '0', 'seq': '1', 'end': 1323.56, 'start': 1322.3}]",0,0,[],[]
1323560,1324330,CHI,CHN,0.0,38,CM,EC,0,NT,FH,1.0,480,-23.11,-16.04,"[{'Canonical-syllable': '1', 'Growl': '0', 'High-freq-energy': '0', 'Long-island': '0', 'Low-tilt-spectrum': '1', 'Medium-island': '1', 'Short-island': '0', 'Squeal': '0', 'Typical-entropy': '1', 'Voicing-quality': '1', 'Wide-band': '0', 'Xlong-island': '0', 'seq': '1', 'end': 1324.04, 'start': 1323.56}]",0,0,[],[]
1324330,1325140,NA,OLF,0.0,39,pause,NA,NA,NA,NA,0.0,0,-37.37,-23.22,[],0,0,[],[]
1325140,1328940,NA,NOF,0.0,39,pause,NA,NA,NA,NA,0.0,0,-29.02,-5.7,[],0,0,[],[]
1328940,1329740,NA,SIL,0.0,39,pause,NA,NA,NA,NA,0.0,0,-50.97,-45.07,[],0,0,[],[]
1329740,1330740,NA,FAF,0.0,39,pause,NA,NA,NA,NA,0.0,0,-41.92,-37.26,[],0,0,[],[]
1330740,1331540,NA,NOF,0.0,39,pause,NA,NA,NA,NA,0.0,0,-45.31,-40.95,[],0,0,[],[]
1331540,1332340,NA,SIL,0.0,39,pause,NA,NA,NA,NA,0.0,0,-51.19,-44.02,[],0,0,[],[]
1332340,1333340,NA,MAF,0.0,39,pause,NA,NA,NA,NA,0.0,0,-46.75,-40.11,[],0,0,[],[]
1333340,1334270,NA,SIL,0.0,39,pause,NA,NA,NA,NA,0.0,0,-50.67,-39.84,[],0,0,[],[]
1334270,1335280,FEM,FAN,3.54,39,AICF,BC,0,NT,FI,0.0,0,-31.64,-23.9,[],0,0,[],[]
1335280,1337290,MAL,MAN,7.22,39,AICF,RC,0,TIMI,FI,0.0,0,-30.16,-21.38,[],0,0,[],[]
1337290,1338140,NA,NOF,0.0,39,AICF,NA,NA,NA,NA,0.0,0,-38.07,-30.04,[],0,0,[],[]
1338140,1340610,CHI,CHN,0.0,39,AICF,RC,1,TIMR,FI,1.0,2360,-17.29,-9.64,"[{'Canonical-syllable': '0', 'Growl': '0', 'High-freq-energy': '0', 'Long-island': '0', 'Low-tilt-spectrum': '0', 'Medium-island': '4', 'Short-island': '1', 'Squeal': '0', 'Typical-entropy': '2', 'Voicing-quality': '5', 'Wide-band': '0', 'Xlong-island': '0', 'seq': '1', 'end': 1340.5, 'start': 1338.14}]",0,0,[],[]
1340610,1341610,FEM,FAN,3.24,39,AICF,RC,1,TIFI,FI,0.0,0,-37.05,-29.6,[],0,0,[],[]
1341610,1342410,NA,OLN,0.0,39,AICF,NA,NA,NA,NA,0.0,0,-27.6,-11.05,[],0,0,[],[]
1342410,1343440,CHI,CHN,0.0,39,AICF,RC,2,TIFR,FI,1.0,290,-19.24,-9.04,"[{'Canonical-syllable': '1', 'Growl': '0', 'High-freq-energy': '0', 'Long-island': '0', 'Low-tilt-spectrum': '0', 'Medium-island': '1', 'Short-island': '0', 'Squeal': '0', 'Typical-entropy': '1', 'Voicing-quality': '1', 'Wide-band': '0', 'Xlong-island': '0', 'seq': '1', 'end': 1342.7, 'start': 1342.41}]",0,0,[],[]
1343440,1344040,CHI,CHN,0.0,39,AICF,RC,2,NT,FH,1.0,600,-16.36,-11.91,"[{'Canonical-syllable': '1', 'Growl': '0', 'High-freq-energy': '0', 'Long-island': '0', 'Low-tilt-spectrum': '0', 'Medium-island': '1', 'Short-island': '0', 'Squeal': '0', 'Typical-entropy': '0', 'Voicing-quality': '1', 'Wide-band': '0', 'Xlong-island': '0', 'seq': '1', 'end': 1344.04, 'start': 1343.44}]",0,0,[],[]
1344040,1345350,MAL,MAN,3.2,39,AICF,RC,2,TIMI,FI,0.0,0,-29.91,-21.84,[],0,0,[],[]
1345350,1346150,NA,SIL,0.0,39,AICF,NA,NA,NA,NA,0.0,0,-43.57,-28.72,[],0,0,[],[]
1346150,1348450,CHI,CHN,0.0,39,AICF,RC,3,TIMR,FI,1.0,2300,-17.17,-8.53,"[{'Canonical-syllable': '0', 'Growl': '0', 'High-freq-energy': '0', 'Long-island': '1', 'Low-tilt-spectrum': '0', 'Medium-island': '0', 'Short-island': '0', 'Squeal': '0', 'Typical-entropy': '1', 'Voicing-quality': '2', 'Wide-band': '0', 'Xlong-island': '1', 'seq': '1', 'end': 1348.45, 'start': 1346.15}]",0,0,[],[]
1348450,1349520,NA,MAF,0.0,39,AICF,NA,NA,NA,NA,0.0,0,-39.78,-31.91,[],0,0,[],[]
1349520,1351050,NA,TVF,0.0,39,AICF,NA,NA,NA,NA,0.0,0,-43.92,-34.8,[],0,0,[],[]
1351050,1352060,NA,FAF,0.0,39,AICF,NA,NA,NA,NA,0.0,0,-37.55,-28.34,[],0,0,[],[]
1352060,1352690,CHI,CHN,0.0,39,AICF,RC,3,NT,FH,1.0,630,-25.06,-20.55,"[{'Canonical-syllable': '0', 'Growl': '0', 'High-freq-energy': '0', 'Long-island': '0', 'Low-tilt-spectrum': '1', 'Medium-island': '1', 'Short-island': '0', 'Squeal': '0', 'Typical-entropy': '1', 'Voicing-quality': '1', 'Wide-band': '0', 'Xlong-island': '0', 'seq': '1', 'end': 1352.69, 'start': 1352.06}]",0,0,[],[]
1352690,1354000,NA,SIL,0.0,39,AICF,NA,NA,NA,NA,0.0,0,-49.73,-40.23,[],0,0,[],[]
1354000,1355000,FEM,FAN,4.2,39,AICF,EC,3,TIFE,FI,0.0,0,-40.85,-33.24,[],0,0,[],[]
1355000,1355980,NA,MAF,0.0,40,pause,NA,NA,NA,NA,0.0,0,-45.83,-40.78,[],0,0,[],[]
1355980,1356780,NA,FAF,0.0,40,pause,NA,NA,NA,NA,0.0,0,-45.97,-39.34,[],0,0,[],[]
1356780,1357770,NA,SIL,0.0,40,pause,NA,NA,NA,NA,0.0,0,-50.4,-41.39,[],0,0,[],[]
1357770,1358580,NA,NOF,0.0,40,pause,NA,NA,NA,NA,0.0,0,-31.76,-14.17,[],0,0,[],[]
1358580,1359380,NA,SIL,0.0,40,pause,NA,NA,NA,NA,0.0,0,-53.04,-47.08,[],0,0,[],[]
1359380,1361530,NA,NOF,0.0,40,pause,NA,NA,NA,NA,0.0,0,-46.17,-36.57,[],0,0,[],[]
1361530,1362530,CHI,CHN,0.0,40,CIC,BC,0,NT,FI,1.0,490,-23.06,-13.24,"[{'Canonical-syllable': '1', 'Growl': '0', 'High-freq-energy': '0', 'Long-island': '0', 'Low-tilt-spectrum': '1', 'Medium-island': '0', 'Short-island': '2', 'Squeal': '0', 'Typical-entropy': '2', 'Voicing-quality': '2', 'Wide-band': '0', 'Xlong-island': '0', 'seq': '1', 'end': 1362.33, 'start': 1361.84}]",0,0,[],[]
1362530,1364180,CHI,CHN,0.0,40,CIC,RC,0,NT,FH,1.0,1650,-25.74,-19.77,"[{'Canonical-syllable': '1', 'Growl': '0', 'High-freq-energy': '0', 'Long-island': '0', 'Low-tilt-spectrum': '0', 'Medium-island': '3', 'Short-island': '0', 'Squeal': '0', 'Typical-entropy': '1', 'Voicing-quality': '3', 'Wide-band': '0', 'Xlong-island': '0', 'seq': '1', 'end': 1364.18, 'start': 1362.53}]",0,0,[],[]
1364180,1365070,OCH,CXN,0.0,40,CIC,RC,0,NT,FI,0.0,0,-31.2,-22.04,[],0,0,[],[]
1365070,1365740,CHI,CHN,0.0,40,CIC,RC,0,TIFI,FI,2.0,210,-34.6,-24.78,"[{'Canonical-syllable': '0', 'Growl': '0', 'High-freq-energy': '0', 'Long-island': '0', 'Low-tilt-spectrum': '0', 'Medium-island': '0', 'Short-island': '1', 'Squeal': '0', 'Typical-entropy': '0', 'Voicing-quality': '1', 'Wide-band': '0', 'Xlong-island': '0', 'seq': '1', 'end': 1365.2, 'start': 1365.07}, {'Canonical-syllable': '0', 'Growl': '1', 'High-freq-energy': '0', 'Long-island': '0', 'Low-tilt-spectrum': '1', 'Medium-island': '0', 'Short-island': '0', 'Squeal': '0', 'Typical-entropy': '1', 'Voicing-quality': '1', 'Wide-band': '0', 'Xlong-island': '0', 'seq': '2', 'end': 1365.63, 'start': 1365.55}]",0,0,[],[]
1365740,1367710,FEM,FAN,9.06,40,CIC,RC,1,TIFR,FI,0.0,0,-37.16,-30.09,[],0,0,[],[]
1367710,1368710,NA,MAF,0.0,40,CIC,NA,NA,NA,NA,0.0,0,-40.12,-29.81,[],0,0,[],[]
1368710,1369880,NA,NOF,0.0,40,CIC,NA,NA,NA,NA,0.0,0,-43.41,-32.98,[],0,0,[],[]
1369880,1371360,CHI,CHN,0.0,40,CIC,RC,1,TIFI,FI,2.0,1140,-22.07,-15.56,"[{'Canonical-syllable': '0', 'Growl': '0', 'High-freq-energy': '0', 'Long-island': '0', 'Low-tilt-spectrum': '0', 'Medium-island': '1', 'Short-island': '0', 'Squeal': '0', 'Typical-entropy': '0', 'Voicing-quality': '1', 'Wide-band': '0', 'Xlong-island': '0', 'seq': '1', 'end': 1370.48, 'start': 1369.88}, {'Canonical-syllable': '0', 'Growl': '0', 'High-freq-energy': '0', 'Long-island': '0', 'Low-tilt-spectrum': '1', 'Medium-island': '0', 'Short-island': '2', 'Squeal': '0', 'Typical-entropy': '1', 'Voicing-quality': '2', 'Wide-band': '0', 'Xlong-island': '0', 'seq': '2', 'end': 1371.36, 'start': 1370.82}]",0,0,[],[]
1371360,1372360,FEM,FAN,4.1,40,CIC,RC,2,TIFR,FI,0.0,0,-27.69,-18.36,[],0,0,[],[]
1372360,1373300,CHI,CHN,0.0,40,CIC,EC,2,TIFE,FI,1.0,400,-18.0,-7.05,"[{'Canonical-syllable': '0', 'Growl': '0', 'High-freq-energy': '0', 'Long-island': '0', 'Low-tilt-spectrum': '1', 'Medium-island': '1', 'Short-island': '0', 'Squeal': '0', 'Typical-entropy': '1', 'Voicing-quality': '1', 'Wide-band': '0', 'Xlong-island': '0', 'seq': '1', 'end': 1373.3, 'start': 1372.9}]",0,0,[],[]
1373300,1374110,NA,NON,0.0,41,pause,NA,NA,NA,NA,0.0,0,-28.45,-10.79,[],0,0,[],[]
1374110,1374920,NA,SIL,0.0,41,pause,NA,NA,NA,NA,0.0,0,-50.85,-45.58,[],0,0,[],[]
1374920,1377560,NA,NOF,0.0,41,pause,NA,NA,NA,NA,0.0,0,-43.67,-33.71,[],0,0,[],[]
1377560,1378460,NA,SIL,0.0,41,pause,NA,NA,NA,NA,0.0,0,-50.59,-45.37,[],0,0,[],[]
1378460,1380040,NA,NON,0.0,41,pause,NA,NA,NA,NA,0.0,0,-43.22,-36.97,[],0,0,[],[]
1380040,1381040,FEM,FAN,4.84,41,AICF,BC,0,NT,FI,0.0,0,-28.41,-24.38,[],0,0,[],[]
1381040,1382370,FEM,FAN,4.82,41,AICF,RC,0,NT,FH,0.0,0,-29.34,-23.62,[],0,0,[],[]
1382370,1386020,FEM,FAN,6.71,41,AICF,RC,0,NT,FH,0.0,0,-35.36,-26.49,[],0,0,[],[]
1386020,1387170,NA,OLN,0.0,41,AICF,NA,NA,NA,NA,0.0,0,-32.08,-24.91,[],0,0,[],[]
1387170,1388170,NA,MAF,0.0,41,AICF,NA,NA,NA,NA,0.0,0,-40.98,-34.48,[],0,0,[],[]
1388170,1388770,FEM,FAN,3.37,41,AICF,RC,0,TIFI,FH,0.0,0,-32.1,-29.62,[],0,0,[],[]
1388770,1390130,NA,MAF,0.0,41,AICF,NA,NA,NA,NA,0.0,0,-36.16,-30.23,[],0,0,[],[]
1390130,1391230,NA,FAF,0.0,41,AICF,NA,NA,NA,NA,0.0,0,-35.3,-29.03,[],0,0,[],[]
1391230,1392250,NA,OLN,0.0,41,AICF,NA,NA,NA,NA,0.0,0,-33.83,-25.97,[],0,0,[],[]
1392250,1392940,CHI,CHN,0.0,41,AICF,NA,NA,NA,NA,0.0,0,-24.96,-16.37,[],0,690,"[{'start': 1392.25, 'end': 1392.94}]",[]
1392940,1393940,CHI,CHN,0.0,41,AICF,RC,1,TIFR,FI,2.0,690,-23.73,-16.16,"[{'Canonical-syllable': '0', 'Growl': '1', 'High-freq-energy': '0', 'Long-island': '0', 'Low-tilt-spectrum': '0', 'Medium-island': '1', 'Short-island': '0', 'Squeal': '0', 'Typical-entropy': '0', 'Voicing-quality': '1', 'Wide-band': '0', 'Xlong-island': '0', 'seq': '1', 'end': 1393.34, 'start': 1392.94}, {'Canonical-syllable': '0', 'Growl': '1', 'High-freq-energy': '0', 'Long-island': '0', 'Low-tilt-spectrum': '0', 'Medium-island': '0', 'Short-island': '1', 'Squeal': '0', 'Typical-entropy': '0', 'Voicing-quality': '1', 'Wide-band': '0', 'Xlong-island': '0', 'seq': '2', 'end': 1393.94, 'start': 1393.65}]",0,0,[],[]
1393940,1394980,OCH,CXN,0.0,41,AICF,RC,1,NT,FI,0.0,0,-23.97,-15.7,[],0,0,[],[]
1394980,1395910,CHI,CHN,0.0,41,AICF,RC,1,TIFI,FI,1.0,930,-26.83,-19.69,"[{'Canonical-syllable': '0', 'Growl': '2', 'High-freq-energy': '0', 'Long-island': '0', 'Low-tilt-spectrum': '1', 'Medium-island': '1', 'Short-island': '1', 'Squeal': '0', 'Typical-entropy': '1', 'Voicing-quality': '2', 'Wide-band': '0', 'Xlong-island': '0', 'seq': '1', 'end': 1395.91, 'start': 1394.98}]",0,0,[],[]
1395910,1398060,FEM,FAN,5.52,41,AICF,RC,2,TIFR,FI,0.0,0,-26.61,-14.97,[],0,0,[],[]
1398060,1399060,NA,SIL,0.0,41,AICF,NA,NA,NA,NA,0.0,0,-47.39,-35.87,[],0,0,[],[]
1399060,1400060,NA,NOF,0.0,41,AICF,NA,NA,NA,NA,0.0,0,-42.65,-33.15,[],0,0,[],[]
1400060,1401140,NA,MAF,0.0,41,AICF,NA,NA,NA,NA,0.0,0,-41.25,-30.12,[],0,0,[],[]
1401140,1401740,CHI,CHN,0.0,41,AICF,RC,2,TIFE,FI,1.0,600,-29.82,-23.77,"[{'Canonical-syllable': '0', 'Growl': '0', 'High-freq-energy': '0', 'Long-island': '0', 'Low-tilt-spectrum': '0', 'Medium-island': '1', 'Short-island': '0', 'Squeal': '0', 'Typical-entropy': '1', 'Voicing-quality': '1', 'Wide-band': '0', 'Xlong-island': '0', 'seq': '1', 'end': 1401.74, 'start': 1401.33}]",0,0,[],[]
1401740,1402740,NA,MAF,0.0,41,AICF,NA,NA,NA,NA,0.0,0,-43.54,-37.66,[],0,0,[],[]
1402740,1403540,NA,NON,0.0,41,AICF,NA,NA,NA,NA,0.0,0,-34.95,-27.35,[],0,0,[],[]
1403540,1405140,CHI,CHN,0.0,41,AICF,RC,2,TIFI,FH,1.0,1600,-16.39,-5.43,"[{'Canonical-syllable': '2', 'Growl': '0', 'High-freq-energy': '0', 'Long-island': '0', 'Low-tilt-spectrum': '2', 'Medium-island': '3', 'Short-island': '0', 'Squeal': '0', 'Typical-entropy': '2', 'Voicing-quality': '3', 'Wide-band': '0', 'Xlong-island': '0', 'seq': '1', 'end': 1405.14, 'start': 1403.54}]",0,0,[],[]
1405140,1405950,NA,NON,0.0,41,AICF,NA,NA,NA,NA,0.0,0,-34.38,-25.15,[],0,0,[],[]
1405950,1406790,FEM,FAN,0.0,41,AICF,NA,NA,NA,NA,0.0,0,-34.18,-27.72,[],840,0,[],[]
1406790,1407590,NA,NOF,0.0,41,AICF,NA,NA,NA,NA,0.0,0,-42.15,-35.57,[],0,0,[],[]
1407590,1408600,FEM,FAN,3.6,41,AICF,RC,3,TIFR,FI,0.0,0,-26.9,-18.77,[],0,0,[],[]
1408600,1409770,NA,SIL,0.0,41,AICF,NA,NA,NA,NA,0.0,0,-49.7,-43.41,[],0,0,[],[]
1409770,1414290,FEM,FAN,16.91,41,AICF,RC,3,NT,FH,0.0,0,-31.85,-23.85,[],0,0,[],[]
1414290,1415180,NA,SIL,0.0,41,AICF,NA,NA,NA,NA,0.0,0,-49.54,-41.83,[],0,0,[],[]
1415180,1416300,OCH,CXN,0.0,41,AICF,RC,3,NT,FI,0.0,0,-29.88,-21.07,[],0,0,[],[]
1416300,1419270,NA,SIL,0.0,41,AICF,NA,NA,NA,NA,0.0,0,-52.09,-46.55,[],0,0,[],[]
1419270,1420230,NA,NOF,0.0,41,AICF,NA,NA,NA,NA,0.0,0,-48.46,-36.97,[],0,0,[],[]
1420230,1421630,OCH,CXN,0.0,41,AICF,RC,3,NT,FH,0.0,0,-24.16,-11.37,[],0,0,[],[]
1421630,1423960,NA,SIL,0.0,41,AICF,NA,NA,NA,NA,0.0,0,-50.65,-42.14,[],0,0,[],[]
1423960,1425530,FEM,FAN,7.03,41,AICF,RC,3,NT,FI,0.0,0,-30.77,-22.29,[],0,0,[],[]
1425530,1426150,FEM,FAN,5.53,41,AICF,RC,3,NT,FH,0.0,0,-30.01,-25.07,[],0,0,[],[]
1426150,1428990,FEM,FAN,11.59,41,AICF,RC,3,NT,FH,0.0,0,-31.61,-21.91,[],0,0,[],[]
1428990,1430430,NA,SIL,0.0,41,AICF,NA,NA,NA,NA,0.0,0,-47.31,-36.69,[],0,0,[],[]
1430430,1431430,FEM,FAN,8.76,41,AICF,RC,3,TIFI,FH,0.0,0,-35.1,-28.4,[],0,0,[],[]
1431430,1432040,CHI,CHN,0.0,41,AICF,RC,4,TIFR,FI,1.0,290,-17.83,-10.66,"[{'Canonical-syllable': '0', 'Growl': '0', 'High-freq-energy': '0', 'Long-island': '0', 'Low-tilt-spectrum': '1', 'Medium-island': '0', 'Short-island': '1', 'Squeal': '0', 'Typical-entropy': '1', 'Voicing-quality': '1', 'Wide-band': '0', 'Xlong-island': '0', 'seq': '1', 'end': 1432.04, 'start': 1431.75}]",0,0,[],[]
1432040,1433060,CHI,CHN,0.0,41,AICF,RC,4,NT,FH,1.0,410,-21.17,-11.39,"[{'Canonical-syllable': '0', 'Growl': '0', 'High-freq-energy': '0', 'Long-island': '0', 'Low-tilt-spectrum': '0', 'Medium-island': '1', 'Short-island': '0', 'Squeal': '0', 'Typical-entropy': '0', 'Voicing-quality': '1', 'Wide-band': '0', 'Xlong-island': '0', 'seq': '1', 'end': 1432.82, 'start': 1432.41}]",0,0,[],[]
1433060,1433660,CHI,CHN,0.0,41,AICF,RC,4,NT,FH,1.0,430,-20.7,-14.89,"[{'Canonical-syllable': '1', 'Growl': '0', 'High-freq-energy': '0', 'Long-island': '0', 'Low-tilt-spectrum': '0', 'Medium-island': '1', 'Short-island': '0', 'Squeal': '0', 'Typical-entropy': '1', 'Voicing-quality': '1', 'Wide-band': '0', 'Xlong-island': '0', 'seq': '1', 'end': 1433.49, 'start': 1433.06}]",0,0,[],[]
1433660,1434470,OCH,CXN,0.0,41,AICF,RC,4,NT,FI,0.0,0,-18.24,-5.2,[],0,0,[],[]
1434470,1435480,CHI,CHN,0.0,41,AICF,EC,4,NT,FI,1.0,780,-17.53,-8.59,"[{'Canonical-syllable': '0', 'Growl': '0', 'High-freq-energy': '0', 'Long-island': '1', 'Low-tilt-spectrum': '1', 'Medium-island': '0', 'Short-island': '0', 'Squeal': '0', 'Typical-entropy': '1', 'Voicing-quality': '1', 'Wide-band': '0', 'Xlong-island': '0', 'seq': '1', 'end': 1435.25, 'start': 1434.47}]",0,0,[],[]
1435480,1436450,NA,SIL,0.0,42,pause,NA,NA,NA,NA,0.0,0,-46.41,-35.22,[],0,0,[],[]
1436450,1437700,NA,FAF,0.0,42,pause,NA,NA,NA,NA,0.0,0,-37.14,-31.37,[],0,0,[],[]
1437700,1438700,NA,TVF,0.0,42,pause,NA,NA,NA,NA,0.0,0,-40.67,-29.84,[],0,0,[],[]
1438700,1439520,NA,SIL,0.0,42,pause,NA,NA,NA,NA,0.0,0,-48.62,-39.15,[],0,0,[],[]
1439520,1440520,NA,TVF,0.0,42,pause,NA,NA,NA,NA,0.0,0,-48.94,-42.03,[],0,0,[],[]
1440520,1441790,CHI,CHN,0.0,42,CIC,BC,0,TIFI,FI,1.0,1270,-21.19,-16.13,"[{'Canonical-syllable': '0', 'Growl': '0', 'High-freq-energy': '0', 'Long-island': '0', 'Low-tilt-spectrum': '0', 'Medium-island': '2', 'Short-island': '0', 'Squeal': '0', 'Typical-entropy': '0', 'Voicing-quality': '2', 'Wide-band': '0', 'Xlong-island': '0', 'seq': '1', 'end': 1441.79, 'start': 1440.52}]",0,0,[],[]
1441790,1443330,FEM,FAN,8.19,42,CIC,RC,1,TIFR,FI,0.0,0,-31.24,-25.96,[],0,0,[],[]
1443330,1444150,OCH,CXN,0.0,42,CIC,RC,1,NT,FI,0.0,0,-30.9,-24.86,[],0,0,[],[]
1444150,1445890,FEM,FAN,0.0,42,CIC,NA,NA,NA,NA,0.0,0,-25.94,-16.11,[],1740,0,[],[]
1445890,1446490,CHI,CHN,0.0,42,CIC,RC,1,TIFI,FI,1.0,600,-19.31,-16.8,"[{'Canonical-syllable': '0', 'Growl': '0', 'High-freq-energy': '0', 'Long-island': '0', 'Low-tilt-spectrum': '0', 'Medium-island': '1', 'Short-island': '0', 'Squeal': '0', 'Typical-entropy': '0', 'Voicing-quality': '1', 'Wide-band': '0', 'Xlong-island': '0', 'seq': '1', 'end': 1446.49, 'start': 1445.89}]",0,0,[],[]
1446490,1447490,FEM,FAN,13.47,42,CIC,RC,2,TIFR,FI,0.0,0,-26.24,-17.17,[],0,0,[],[]
1447490,1448790,NA,SIL,0.0,42,CIC,NA,NA,NA,NA,0.0,0,-50.89,-43.15,[],0,0,[],[]
1448790,1450140,CHI,CHN,0.0,42,CIC,RC,2,TIMI,FI,1.0,1350,-16.65,-8.97,"[{'Canonical-syllable': '0', 'Growl': '0', 'High-freq-energy': '0', 'Long-island': '0', 'Low-tilt-spectrum': '0', 'Medium-island': '0', 'Short-island': '0', 'Squeal': '0', 'Typical-entropy': '2', 'Voicing-quality': '2', 'Wide-band': '0', 'Xlong-island': '1', 'seq': '1', 'end': 1450.14, 'start': 1448.94}]",0,0,[],[]
1450140,1450970,NA,OLN,0.0,42,CIC,NA,NA,NA,NA,0.0,0,-24.94,-17.82,[],0,0,[],[]
1450970,1452090,MAL,MAN,4.99,42,CIC,RC,3,TIMR,FI,0.0,0,-31.56,-21.24,[],0,0,[],[]
1452090,1455080,FEM,FAN,12.44,42,CIC,RC,3,NT,FI,0.0,0,-31.17,-25.95,[],0,0,[],[]
1455080,1456080,MAL,MAN,0.5,42,CIC,RC,3,NT,FI,0.0,0,-34.3,-24.85,[],0,0,[],[]
1456080,1456680,CHI,CHN,0.0,42,CIC,RC,3,TIME,FI,1.0,600,-20.39,-13.61,"[{'Canonical-syllable': '0', 'Growl': '0', 'High-freq-energy': '0', 'Long-island': '0', 'Low-tilt-spectrum': '0', 'Medium-island': '0', 'Short-island': '1', 'Squeal': '0', 'Typical-entropy': '0', 'Voicing-quality': '1', 'Wide-band': '0', 'Xlong-island': '0', 'seq': '1', 'end': 1456.68, 'start': 1456.37}]",0,0,[],[]
1456680,1457480,NA,OLF,0.0,42,CIC,NA,NA,NA,NA,0.0,0,-41.47,-32.06,[],0,0,[],[]
1457480,1459570,CHI,CHN,0.0,42,CIC,RC,3,NT,FH,2.0,1510,-17.74,-8.99,"[{'Canonical-syllable': '0', 'Growl': '0', 'High-freq-energy': '0', 'Long-island': '0', 'Low-tilt-spectrum': '0', 'Medium-island': '1', 'Short-island': '0', 'Squeal': '0', 'Typical-entropy': '0', 'Voicing-quality': '1', 'Wide-band': '0', 'Xlong-island': '0', 'seq': '1', 'end': 1457.83, 'start': 1457.48}, {'Canonical-syllable': '1', 'Growl': '0', 'High-freq-energy': '0', 'Long-island': '0', 'Low-tilt-spectrum': '1', 'Medium-island': '2', 'Short-island': '0', 'Squeal': '0', 'Typical-entropy': '2', 'Voicing-quality': '2', 'Wide-band': '0', 'Xlong-island': '0', 'seq': '2', 'end': 1459.57, 'start': 1458.41}]",0,0,[],[]
1459570,1460370,NA,NOF,0.0,42,CIC,NA,NA,NA,NA,0.0,0,-41.3,-29.27,[],0,0,[],[]
1460370,1461370,NA,FAF,0.0,42,CIC,NA,NA,NA,NA,0.0,0,-37.53,-30.57,[],0,0,[],[]
1461370,1462170,NA,SIL,0.0,42,CIC,NA,NA,NA,NA,0.0,0,-44.83,-40.21,[],0,0,[],[]
1462170,1463200,NA,FAF,0.0,42,CIC,NA,NA,NA,NA,0.0,0,-41.21,-32.06,[],0,0,[],[]
1463200,1464370,CHI,CHN,0.0,42,CIC,RC,3,TIFI,FH,1.0,1170,-18.7,-12.14,"[{'Canonical-syllable': '0', 'Growl': '2', 'High-freq-energy': '0', 'Long-island': '0', 'Low-tilt-spectrum': '1', 'Medium-island': '2', 'Short-island': '1', 'Squeal': '0', 'Typical-entropy': '2', 'Voicing-quality': '3', 'Wide-band': '0', 'Xlong-island': '0', 'seq': '1', 'end': 1464.37, 'start': 1463.28}]",0,0,[],[]
1464370,1465260,NA,NOF,0.0,42,CIC,NA,NA,NA,NA,0.0,0,-42.12,-31.43,[],0,0,[],[]
1465260,1467100,FEM,FAN,5.29,42,CIC,RC,4,TIFR,FI,0.0,0,-35.37,-25.61,[],0,0,[],[]
1467100,1470580,NA,SIL,0.0,42,CIC,NA,NA,NA,NA,0.0,0,-52.49,-39.69,[],0,0,[],[]
1470580,1472080,CHI,CHN,0.0,42,CIC,RC,4,TIFI,FI,1.0,1190,-18.81,-13.29,"[{'Canonical-syllable': '1', 'Growl': '0', 'High-freq-energy': '0', 'Long-island': '0', 'Low-tilt-spectrum': '0', 'Medium-island': '2', 'Short-island': '0', 'Squeal': '0', 'Typical-entropy': '0', 'Voicing-quality': '2', 'Wide-band': '0', 'Xlong-island': '0', 'seq': '1', 'end': 1471.77, 'start': 1470.58}]",0,0,[],[]
1472080,1473600,NA,SIL,0.0,42,CIC,NA,NA,NA,NA,0.0,0,-54.54,-46.5,[],0,0,[],[]
1473600,1474600,FEM,FAN,4.69,42,CIC,RC,5,TIFR,FI,0.0,0,-33.77,-26.44,[],0,0,[],[]
1474600,1475910,NA,SIL,0.0,42,CIC,NA,NA,NA,NA,0.0,0,-53.11,-48.56,[],0,0,[],[]
1475910,1476940,FEM,FAN,1.75,42,CIC,RC,5,NT,FH,0.0,0,-34.73,-27.52,[],0,0,[],[]
1476940,1478330,NA,SIL,0.0,42,CIC,NA,NA,NA,NA,0.0,0,-53.07,-44.2,[],0,0,[],[]
1478330,1479330,OCH,CXN,0.0,42,CIC,RC,5,NT,FI,0.0,0,-18.81,-10.25,[],0,0,[],[]
1479330,1480080,CHI,CHN,0.0,42,CIC,RC,5,TIFI,FI,1.0,400,-20.79,-12.81,"[{'Canonical-syllable': '0', 'Growl': '0', 'High-freq-energy': '0', 'Long-island': '0', 'Low-tilt-spectrum': '0', 'Medium-island': '1', 'Short-island': '0', 'Squeal': '0', 'Typical-entropy': '1', 'Voicing-quality': '1', 'Wide-band': '0', 'Xlong-island': '0', 'seq': '1', 'end': 1479.73, 'start': 1479.33}]",0,0,[],[]
1480080,1481790,FEM,FAN,10.88,42,CIC,RC,6,TIFR,FI,0.0,0,-24.64,-16.53,[],0,0,[],[]
1481790,1482590,NA,SIL,0.0,42,CIC,NA,NA,NA,NA,0.0,0,-40.75,-26.17,[],0,0,[],[]
1482590,1483590,FEM,FAN,2.33,42,CIC,RC,6,NT,FH,0.0,0,-27.64,-19.2,[],0,0,[],[]
1483590,1485470,NA,NOF,0.0,42,CIC,NA,NA,NA,NA,0.0,0,-35.99,-20.19,[],0,0,[],[]
1485470,1487860,NA,SIL,0.0,42,CIC,NA,NA,NA,NA,0.0,0,-53.04,-46.6,[],0,0,[],[]
1487860,1490200,FEM,FAN,4.39,42,CIC,RC,6,NT,FH,0.0,0,-32.81,-24.82,[],0,0,[],[]
1490200,1492610,NA,SIL,0.0,42,CIC,NA,NA,NA,NA,0.0,0,-54.22,-48.68,[],0,0,[],[]
1492610,1494500,CHI,CHN,0.0,42,CIC,RC,6,TIFI,FI,2.0,1520,-18.02,-8.12,"[{'Canonical-syllable': '0', 'Growl': '0', 'High-freq-energy': '0', 'Long-island': '0', 'Low-tilt-spectrum': '0', 'Medium-island': '1', 'Short-island': '0', 'Squeal': '0', 'Typical-entropy': '0', 'Voicing-quality': '1', 'Wide-band': '0', 'Xlong-island': '0', 'seq': '1', 'end': 1493.06, 'start': 1492.61}, {'Canonical-syllable': '1', 'Growl': '0', 'High-freq-energy': '0', 'Long-island': '0', 'Low-tilt-spectrum': '2', 'Medium-island': '2', 'Short-island': '1', 'Squeal': '0', 'Typical-entropy': '2', 'Voicing-quality': '3', 'Wide-band': '0', 'Xlong-island': '0', 'seq': '2', 'end': 1494.5, 'start': 1493.43}]",0,0,[],[]
1494500,1495750,FEM,FAN,4.04,42,CIC,RC,7,TIFR,FI,0.0,0,-33.31,-24.47,[],0,0,[],[]
1495750,1496610,NA,SIL,0.0,42,CIC,NA,NA,NA,NA,0.0,0,-52.89,-43.65,[],0,0,[],[]
1496610,1497910,FEM,FAN,4.14,42,CIC,RC,7,NT,FH,0.0,0,-35.62,-29.58,[],0,0,[],[]
1497910,1499820,NA,SIL,0.0,42,CIC,NA,NA,NA,NA,0.0,0,-51.87,-36.95,[],0,0,[],[]
1499820,1500820,CHI,CHN,0.0,42,CIC,RC,7,TIFE,FI,1.0,1000,-18.36,-13.26,"[{'Canonical-syllable': '0', 'Growl': '0', 'High-freq-energy': '0', 'Long-island': '0', 'Low-tilt-spectrum': '1', 'Medium-island': '0', 'Short-island': '0', 'Squeal': '0', 'Typical-entropy': '0', 'Voicing-quality': '1', 'Wide-band': '0', 'Xlong-island': '1', 'seq': '1', 'end': 1500.82, 'start': 1499.82}]",0,0,[],[]
1500820,1501420,CHI,CHN,0.0,42,CIC,RC,7,NT,FH,1.0,430,-28.44,-24.85,"[{'Canonical-syllable': '0', 'Growl': '0', 'High-freq-energy': '0', 'Long-island': '0', 'Low-tilt-spectrum': '0', 'Medium-island': '1', 'Short-island': '0', 'Squeal': '0', 'Typical-entropy': '0', 'Voicing-quality': '1', 'Wide-band': '0', 'Xlong-island': '0', 'seq': '1', 'end': 1501.25, 'start': 1500.82}]",0,0,[],[]
1501420,1503610,NA,NOF,0.0,42,CIC,NA,NA,NA,NA,0.0,0,-45.51,-32.73,[],0,0,[],[]
1503610,1504700,CHI,CHN,0.0,42,CIC,RC,7,TIFI,FH,1.0,1090,-16.7,-12.45,"[{'Canonical-syllable': '0', 'Growl': '0', 'High-freq-energy': '0', 'Long-island': '0', 'Low-tilt-spectrum': '2', 'Medium-island': '2', 'Short-island': '0', 'Squeal': '1', 'Typical-entropy': '2', 'Voicing-quality': '2', 'Wide-band': '0', 'Xlong-island': '0', 'seq': '1', 'end': 1504.7, 'start': 1503.7}]",0,0,[],[]
1504700,1506200,FEM,FAN,3.28,42,CIC,EC,8,TIFR,FI,0.0,0,-30.49,-17.93,[],0,0,[],[]
1506200,1507000,NA,NOF,0.0,43,pause,NA,NA,NA,NA,0.0,0,-48.5,-41.11,[],0,0,[],[]
1507000,1507930,NA,SIL,0.0,43,pause,NA,NA,NA,NA,0.0,0,-52.3,-46.92,[],0,0,[],[]
1507930,1508730,NA,NOF,0.0,43,pause,NA,NA,NA,NA,0.0,0,-20.71,-4.86,[],0,0,[],[]
1508730,1509730,FEM,FAN,0.0,43,pause,NA,NA,NA,NA,0.0,0,-22.71,-4.31,[],1000,0,[],[]
1509730,1510650,NA,SIL,0.0,43,pause,NA,NA,NA,NA,0.0,0,-53.75,-48.65,[],0,0,[],[]
1510650,1511560,NA,NOF,0.0,43,pause,NA,NA,NA,NA,0.0,0,-50.61,-42.07,[],0,0,[],[]
1511560,1512360,NA,SIL,0.0,43,pause,NA,NA,NA,NA,0.0,0,-51.87,-44.07,[],0,0,[],[]
1512360,1513360,FEM,FAN,2.76,43,AICF,BC,0,TIFI,FI,0.0,0,-26.75,-18.08,[],0,0,[],[]
1513360,1514450,CHI,CHN,0.0,43,AICF,RC,1,TIFR,FI,1.0,960,-16.25,-12.13,"[{'Canonical-syllable': '0', 'Growl': '0', 'High-freq-energy': '0', 'Long-island': '0', 'Low-tilt-spectrum': '1', 'Medium-island': '0', 'Short-island': '0', 'Squeal': '0', 'Typical-entropy': '0', 'Voicing-quality': '1', 'Wide-band': '0', 'Xlong-island': '1', 'seq': '1', 'end': 1514.32, 'start': 1513.36}]",0,0,[],[]
1514450,1515390,NA,NOF,0.0,43,AICF,NA,NA,NA,NA,0.0,0,-34.99,-25.25,[],0,0,[],[]
1515390,1516990,CHI,CHN,0.0,43,AICF,RC,1,NT,FH,2.0,1190,-19.68,-11.23,"[{'Canonical-syllable': '0', 'Growl': '0', 'High-freq-energy': '0', 'Long-island': '0', 'Low-tilt-spectrum': '0', 'Medium-island': '1', 'Short-island': '0', 'Squeal': '0', 'Typical-entropy': '1', 'Voicing-quality': '1', 'Wide-band': '0', 'Xlong-island': '0', 'seq': '1', 'end': 1515.85, 'start': 1515.39}, {'Canonical-syllable': '0', 'Growl': '0', 'High-freq-energy': '0', 'Long-island': '1', 'Low-tilt-spectrum': '0', 'Medium-island': '0', 'Short-island': '0', 'Squeal': '0', 'Typical-entropy': '0', 'Voicing-quality': '1', 'Wide-band': '0', 'Xlong-island': '0', 'seq': '2', 'end': 1516.9, 'start': 1516.17}]",0,0,[],[]
1516990,1518670,NA,NOF,0.0,43,AICF,NA,NA,NA,NA,0.0,0,-33.23,-14.45,[],0,0,[],[]
1518670,1519670,CHI,CHN,0.0,43,AICF,RC,1,NT,FH,1.0,1000,-16.04,-11.14,"[{'Canonical-syllable': '0', 'Growl': '0', 'High-freq-energy': '0', 'Long-island': '1', 'Low-tilt-spectrum': '0', 'Medium-island': '0', 'Short-island': '0', 'Squeal': '0', 'Typical-entropy': '0', 'Voicing-quality': '1', 'Wide-band': '0', 'Xlong-island': '0', 'seq': '1', 'end': 1519.67, 'start': 1518.81}]",0,0,[],[]
1519670,1520550,FEM,FAN,6.09,43,AICF,RC,1,TIFE,FI,0.0,0,-25.23,-16.94,[],0,0,[],[]
1520550,1523140,FEM,FAN,10.79,43,AICF,RC,1,NT,FH,0.0,0,-31.04,-24.05,[],0,0,[],[]
1523140,1524180,NA,MAF,0.0,43,AICF,NA,NA,NA,NA,0.0,0,-37.67,-31.92,[],0,0,[],[]
1524180,1525640,FEM,FAN,5.31,43,AICF,EC,1,NT,FH,0.0,0,-34.7,-28.63,[],0,0,[],[]
1525640,1527330,NA,NOF,0.0,44,pause,NA,NA,NA,NA,0.0,0,-46.72,-34.46,[],0,0,[],[]
1527330,1529600,NA,SIL,0.0,44,pause,NA,NA,NA,NA,0.0,0,-54.05,-50.6,[],0,0,[],[]
1529600,1530600,NA,FAF,0.0,44,pause,NA,NA,NA,NA,0.0,0,-38.91,-34.16,[],0,0,[],[]
1530600,1532200,NA,SIL,0.0,44,pause,NA,NA,NA,NA,0.0,0,-49.08,-39.87,[],0,0,[],[]
1532200,1533950,NA,TVF,0.0,44,pause,NA,NA,NA,NA,0.0,0,-53.92,-48.81,[],0,0,[],[]
1533950,1535820,NA,SIL,0.0,44,pause,NA,NA,NA,NA,0.0,0,-53.55,-41.6,[],0,0,[],[]
1535820,1537340,CHI,CHN,0.0,44,CIC,BC,0,TIFI,FI,1.0,1520,-17.1,-11.09,"[{'Canonical-syllable': '2', 'Growl': '0', 'High-freq-energy': '0', 'Long-island': '0', 'Low-tilt-spectrum': '3', 'Medium-island': '1', 'Short-island': '3', 'Squeal': '0', 'Typical-entropy': '3', 'Voicing-quality': '4', 'Wide-band': '0', 'Xlong-island': '0', 'seq': '1', 'end': 1537.34, 'start': 1536.02}]",0,0,[],[]
1537340,1538550,FEM,FAN,3.6,44,CIC,RC,1,TIFR,FI,0.0,0,-35.21,-27.84,[],0,0,[],[]
1538550,1540210,NA,NOF,0.0,44,CIC,NA,NA,NA,NA,0.0,0,-41.37,-26.72,[],0,0,[],[]
1540210,1540840,CHI,CHN,0.0,44,CIC,RC,1,TIFE,FI,1.0,630,-20.61,-17.76,"[{'Canonical-syllable': '0', 'Growl': '0', 'High-freq-energy': '0', 'Long-island': '0', 'Low-tilt-spectrum': '0', 'Medium-island': '1', 'Short-island': '0', 'Squeal': '0', 'Typical-entropy': '0', 'Voicing-quality': '1', 'Wide-band': '0', 'Xlong-island': '0', 'seq': '1', 'end': 1540.84, 'start': 1540.33}]",0,0,[],[]
1540840,1541910,CHI,CHN,0.0,44,CIC,RC,1,NT,FH,1.0,960,-20.03,-15.77,"[{'Canonical-syllable': '0', 'Growl': '0', 'High-freq-energy': '0', 'Long-island': '0', 'Low-tilt-spectrum': '0', 'Medium-island': '0', 'Short-island': '0', 'Squeal': '0', 'Typical-entropy': '0', 'Voicing-quality': '1', 'Wide-band': '0', 'Xlong-island': '1', 'seq': '1', 'end': 1541.8, 'start': 1540.84}]",0,0,[],[]
1541910,1543340,NA,NOF,0.0,44,CIC,NA,NA,NA,NA,0.0,0,-47.62,-36.96,[],0,0,[],[]
1543340,1544700,CHI,CHN,0.0,44,CIC,EC,1,NT,FH,2.0,710,-27.29,-19.59,"[{'Canonical-syllable': '0', 'Growl': '0', 'High-freq-energy': '0', 'Long-island': '0', 'Low-tilt-spectrum': '0', 'Medium-island': '1', 'Short-island': '0', 'Squeal': '0', 'Typical-entropy': '0', 'Voicing-quality': '1', 'Wide-band': '0', 'Xlong-island': '0', 'seq': '1', 'end': 1543.8, 'start': 1543.34}, {'Canonical-syllable': '0', 'Growl': '0', 'High-freq-energy': '0', 'Long-island': '0', 'Low-tilt-spectrum': '0', 'Medium-island': '0', 'Short-island': '1', 'Squeal': '0', 'Typical-entropy': '1', 'Voicing-quality': '1', 'Wide-band': '1', 'Xlong-island': '0', 'seq': '2', 'end': 1544.53, 'start': 1544.28}]",0,0,[],[]
1544700,1545820,NA,NOF,0.0,45,pause,NA,NA,NA,NA,0.0,0,-45.08,-34.1,[],0,0,[],[]
1545820,1547160,NA,FAF,0.0,45,pause,NA,NA,NA,NA,0.0,0,-39.62,-31.42,[],0,0,[],[]
1547160,1547960,NA,NOF,0.0,45,pause,NA,NA,NA,NA,0.0,0,-46.83,-36.62,[],0,0,[],[]
1547960,1549250,NA,SIL,0.0,45,pause,NA,NA,NA,NA,0.0,0,-50.87,-39.74,[],0,0,[],[]
1549250,1550320,NA,TVF,0.0,45,pause,NA,NA,NA,NA,0.0,0,-51.96,-43.46,[],0,0,[],[]
1550320,1551310,NA,SIL,0.0,45,pause,NA,NA,NA,NA,0.0,0,-52.62,-44.92,[],0,0,[],[]
1551310,1552800,CHI,CHN,0.0,45,CIC,BC,0,NT,FI,1.0,1110,-17.62,-11.37,"[{'Canonical-syllable': '0', 'Growl': '0', 'High-freq-energy': '0', 'Long-island': '0', 'Low-tilt-spectrum': '0', 'Medium-island': '2', 'Short-island': '0', 'Squeal': '0', 'Typical-entropy': '1', 'Voicing-quality': '2', 'Wide-band': '0', 'Xlong-island': '0', 'seq': '1', 'end': 1552.42, 'start': 1551.31}]",0,0,[],[]
1552800,1554920,NA,NOF,0.0,45,CIC,NA,NA,NA,NA,0.0,0,-45.99,-34.61,[],0,0,[],[]
1554920,1556620,CHI,CHN,0.0,45,CIC,RC,0,TIFI,FH,1.0,1230,-19.34,-11.37,"[{'Canonical-syllable': '0', 'Growl': '0', 'High-freq-energy': '0', 'Long-island': '1', 'Low-tilt-spectrum': '1', 'Medium-island': '1', 'Short-island': '0', 'Squeal': '0', 'Typical-entropy': '2', 'Voicing-quality': '2', 'Wide-band': '0', 'Xlong-island': '0', 'seq': '1', 'end': 1556.15, 'start': 1554.92}]",0,0,[],[]
1556620,1557850,FEM,FAN,6.0,45,CIC,RC,1,TIFR,FI,0.0,0,-33.23,-28.76,[],0,0,[],[]
1557850,1558920,MAL,MAN,8.36,45,CIC,RC,1,NT,FI,0.0,0,-38.99,-33.51,[],0,0,[],[]
1558920,1560190,FEM,FAN,2.08,45,CIC,RC,1,NT,FI,0.0,0,-35.65,-26.81,[],0,0,[],[]
1560190,1561190,NA,TVN,0.0,45,CIC,NA,NA,NA,NA,0.0,0,-40.23,-32.37,[],0,0,[],[]
1561190,1562210,FEM,FAN,1.01,45,CIC,RC,1,NT,FH,0.0,0,-33.18,-23.45,[],0,0,[],[]
1562210,1563180,NA,SIL,0.0,45,CIC,NA,NA,NA,NA,0.0,0,-40.8,-33.87,[],0,0,[],[]
1563180,1565240,FEM,FAN,6.95,45,CIC,RC,1,NT,FH,0.0,0,-25.42,-15.87,[],0,0,[],[]
1565240,1565920,CHI,CHN,0.0,45,CIC,RC,1,TIFI,FI,1.0,680,-19.96,-15.55,"[{'Canonical-syllable': '0', 'Growl': '0', 'High-freq-energy': '0', 'Long-island': '0', 'Low-tilt-spectrum': '2', 'Medium-island': '1', 'Short-island': '1', 'Squeal': '0', 'Typical-entropy': '2', 'Voicing-quality': '2', 'Wide-band': '0', 'Xlong-island': '0', 'seq': '1', 'end': 1565.92, 'start': 1565.24}]",0,0,[],[]
1565920,1568090,FEM,FAN,6.89,45,CIC,RC,2,TIFR,FI,0.0,0,-33.37,-25.11,[],0,0,[],[]
1568090,1569030,NA,NOF,0.0,45,CIC,NA,NA,NA,NA,0.0,0,-47.4,-41.96,[],0,0,[],[]
1569030,1569870,OCH,CXN,0.0,45,CIC,RC,2,NT,FI,0.0,0,-29.3,-22.14,[],0,0,[],[]
1569870,1571230,OCH,CXN,0.0,45,CIC,RC,2,NT,FH,0.0,0,-19.27,-11.06,[],0,0,[],[]
1571230,1572030,NA,OLF,0.0,45,CIC,NA,NA,NA,NA,0.0,0,-34.91,-21.8,[],0,0,[],[]
1572030,1573120,FEM,FAN,2.65,45,CIC,RC,2,TIFI,FI,0.0,0,-27.12,-17.41,[],0,0,[],[]
1573120,1573900,CHI,CHN,0.0,45,CIC,RC,3,TIFR,FI,1.0,640,-16.02,-3.8,"[{'Canonical-syllable': '0', 'Growl': '0', 'High-freq-energy': '1', 'Long-island': '0', 'Low-tilt-spectrum': '1', 'Medium-island': '1', 'Short-island': '1', 'Squeal': '0', 'Typical-entropy': '2', 'Voicing-quality': '2', 'Wide-band': '0', 'Xlong-island': '0', 'seq': '1', 'end': 1573.76, 'start': 1573.12}]",0,0,[],[]
1573900,1574900,FEM,FAN,0.96,45,CIC,RC,3,TIFE,FI,0.0,0,-33.86,-24.73,[],0,0,[],[]
1574900,1576070,MAL,MAN,0.88,45,CIC,RC,3,NT,FI,0.0,0,-32.31,-21.2,[],0,0,[],[]
1576070,1577610,FEM,FAN,7.76,45,CIC,RC,3,NT,FI,0.0,0,-33.73,-27.17,[],0,0,[],[]
1577610,1578650,NA,TVN,0.0,45,CIC,NA,NA,NA,NA,0.0,0,-39.1,-33.22,[],0,0,[],[]
1578650,1579950,FEM,FAN,3.34,45,CIC,EC,3,NT,FH,0.0,0,-36.05,-28.67,[],0,0,[],[]
1579950,1580890,NA,NOF,0.0,46,pause,NA,NA,NA,NA,0.0,0,-44.98,-40.8,[],0,0,[],[]
1580890,1582100,NA,SIL,0.0,46,pause,NA,NA,NA,NA,0.0,0,-52.91,-47.78,[],0,0,[],[]
1582100,1582900,NA,OLF,0.0,46,pause,NA,NA,NA,NA,0.0,0,-42.46,-35.26,[],0,0,[],[]
1582900,1585040,NA,SIL,0.0,46,pause,NA,NA,NA,NA,0.0,0,-48.45,-34.6,[],0,0,[],[]
1585040,1585640,FEM,FAN,3.31,46,AICF,BC,0,NT,FI,0.0,0,-33.01,-29.17,[],0,0,[],[]
1585640,1586440,NA,OLF,0.0,46,AICF,NA,NA,NA,NA,0.0,0,-37.17,-31.07,[],0,0,[],[]
1586440,1588870,FEM,FAN,6.36,46,AICF,RC,0,NT,FH,0.0,0,-35.0,-27.52,[],0,0,[],[]
1588870,1589970,MAL,MAN,5.98,46,AICF,RC,0,NT,FI,0.0,0,-39.57,-33.24,[],0,0,[],[]
1589970,1591380,FEM,FAN,3.89,46,AICF,RC,0,NT,FI,0.0,0,-35.48,-27.06,[],0,0,[],[]
1591380,1592250,NA,SIL,0.0,46,AICF,NA,NA,NA,NA,0.0,0,-53.18,-48.99,[],0,0,[],[]
1592250,1595060,FEM,FAN,7.42,46,AICF,RC,0,TIFI,FH,0.0,0,-33.49,-22.4,[],0,0,[],[]
1595060,1596030,NA,SIL,0.0,46,AICF,NA,NA,NA,NA,0.0,0,-54.06,-44.0,[],0,0,[],[]
1596030,1596830,NA,NOF,0.0,46,AICF,NA,NA,NA,NA,0.0,0,-50.29,-46.94,[],0,0,[],[]
1596830,1597830,NA,FAF,0.0,46,AICF,NA,NA,NA,NA,0.0,0,-43.77,-34.66,[],0,0,[],[]
1597830,1598810,NA,SIL,0.0,46,AICF,NA,NA,NA,NA,0.0,0,-53.66,-49.5,[],0,0,[],[]
1598810,1599820,NA,FAF,0.0,46,AICF,NA,NA,NA,NA,0.0,0,-43.07,-34.94,[],0,0,[],[]
1599820,1600690,CHI,CHN,0.0,46,AICF,RC,1,TIFR,FI,1.0,870,-22.01,-12.34,"[{'Canonical-syllable': '0', 'Growl': '0', 'High-freq-energy': '0', 'Long-island': '0', 'Low-tilt-spectrum': '0', 'Medium-island': '0', 'Short-island': '2', 'Squeal': '0', 'Typical-entropy': '1', 'Voicing-quality': '3', 'Wide-band': '0', 'Xlong-island': '0', 'seq': '1', 'end': 1600.69, 'start': 1599.82}]",0,0,[],[]
1600690,1606480,FEM,FAN,19.06,46,AICF,EC,1,TIFE,FI,0.0,0,-36.52,-28.02,[],0,0,[],[]
1606480,1607290,NA,SIL,0.0,47,pause,NA,NA,NA,NA,0.0,0,-54.38,-49.84,[],0,0,[],[]
1607290,1608290,NA,TVF,0.0,47,pause,NA,NA,NA,NA,0.0,0,-53.6,-47.52,[],0,0,[],[]
1608290,1611990,NA,SIL,0.0,47,pause,NA,NA,NA,NA,0.0,0,-51.05,-35.32,[],0,0,[],[]
1611990,1613410,CHI,CHN,0.0,47,CIOCX,BC,0,NT,FI,2.0,850,-16.06,-9.27,"[{'Canonical-syllable': '0', 'Growl': '0', 'High-freq-energy': '1', 'Long-island': '0', 'Low-tilt-spectrum': '1', 'Medium-island': '0', 'Short-island': '1', 'Squeal': '0', 'Typical-entropy': '1', 'Voicing-quality': '1', 'Wide-band': '0', 'Xlong-island': '0', 'seq': '1', 'end': 1612.23, 'start': 1611.99}, {'Canonical-syllable': '0', 'Growl': '0', 'High-freq-energy': '1', 'Long-island': '1', 'Low-tilt-spectrum': '1', 'Medium-island': '0', 'Short-island': '0', 'Squeal': '0', 'Typical-entropy': '1', 'Voicing-quality': '1', 'Wide-band': '0', 'Xlong-island': '0', 'seq': '2', 'end': 1613.17, 'start': 1612.56}]",0,0,[],[]
1613410,1614210,NA,SIL,0.0,47,CIOCX,NA,NA,NA,NA,0.0,0,-49.82,-42.34,[],0,0,[],[]
1614210,1618190,CHI,CHN,0.0,47,CIOCX,RC,0,NT,FH,4.0,2180,-19.52,-11.54,"[{'Canonical-syllable': '0', 'Growl': '0', 'High-freq-energy': '0', 'Long-island': '0', 'Low-tilt-spectrum': '1', 'Medium-island': '0', 'Short-island': '1', 'Squeal': '0', 'Typical-entropy': '1', 'Voicing-quality': '1', 'Wide-band': '1', 'Xlong-island': '0', 'seq': '1', 'end': 1614.55, 'start': 1614.33}, {'Canonical-syllable': '1', 'Growl': '0', 'High-freq-energy': '0', 'Long-island': '0', 'Low-tilt-spectrum': '1', 'Medium-island': '1', 'Short-island': '0', 'Squeal': '0', 'Typical-entropy': '1', 'Voicing-quality': '1', 'Wide-band': '0', 'Xlong-island': '0', 'seq': '2', 'end': 1615.31, 'start': 1615.02}, {'Canonical-syllable': '1', 'Growl': '0', 'High-freq-energy': '0', 'Long-island': '0', 'Low-tilt-spectrum': '1', 'Medium-island': '0', 'Short-island': '1', 'Squeal': '0', 'Typical-entropy': '0', 'Voicing-quality': '1', 'Wide-band': '0', 'Xlong-island': '0', 'seq': '3', 'end': 1615.88, 'start': 1615.65}, {'Canonical-syllable': '0', 'Growl': '0', 'High-freq-energy': '2', 'Long-island': '0', 'Low-tilt-spectrum': '3', 'Medium-island': '2', 'Short-island': '1', 'Squeal': '0', 'Typical-entropy': '2', 'Voicing-quality': '3', 'Wide-band': '0', 'Xlong-island': '0', 'seq': '4', 'end': 1618.19, 'start': 1616.87}]",0,0,[],[]
1618190,1619190,OCH,CXN,0.0,47,CIOCX,EC,0,NT,FI,0.0,0,-30.12,-20.18,[],0,0,[],[]
1619190,1621940,NA,SIL,0.0,48,pause,NA,NA,NA,NA,0.0,0,-52.42,-37.81,[],0,0,[],[]
1621940,1622940,NA,FAF,0.0,48,pause,NA,NA,NA,NA,0.0,0,-39.29,-33.63,[],0,0,[],[]
1622940,1625810,NA,SIL,0.0,48,pause,NA,NA,NA,NA,0.0,0,-53.76,-44.55,[],0,0,[],[]
1625810,1627330,NA,TVF,0.0,48,pause,NA,NA,NA,NA,0.0,0,-54.58,-49.01,[],0,0,[],[]
1627330,1628670,NA,MAF,0.0,48,pause,NA,NA,NA,NA,0.0,0,-42.67,-32.34,[],0,0,[],[]
1628670,1629740,NA,SIL,0.0,48,pause,NA,NA,NA,NA,0.0,0,-43.61,-29.63,[],0,0,[],[]
1629740,1630670,CHI,CHN,0.0,48,CIC,BC,0,NT,FI,2.0,600,-16.61,-10.04,"[{'Canonical-syllable': '0', 'Growl': '0', 'High-freq-energy': '0', 'Long-island': '0', 'Low-tilt-spectrum': '0', 'Medium-island': '0', 'Short-island': '0', 'Squeal': '0', 'Typical-entropy': '0', 'Voicing-quality': '0', 'Wide-band': '0', 'Xlong-island': '0', 'seq': '1', 'end': 1629.83, 'start': 1629.74}, {'Canonical-syllable': '0', 'Growl': '0', 'High-freq-energy': '0', 'Long-island': '0', 'Low-tilt-spectrum': '1', 'Medium-island': '1', 'Short-island': '0', 'Squeal': '0', 'Typical-entropy': '1', 'Voicing-quality': '1', 'Wide-band': '0', 'Xlong-island': '0', 'seq': '2', 'end': 1630.67, 'start': 1630.16}]",0,0,[],[]
1630670,1631670,CHI,CHN,0.0,48,CIC,NA,NA,NA,NA,0.0,0,-17.25,-11.86,[],0,640,"[{'start': 1630.67, 'end': 1631.31}]",[]
1631670,1632630,NA,SIL,0.0,48,CIC,NA,NA,NA,NA,0.0,0,-54.59,-50.08,[],0,0,[],[]
1632630,1634060,CHI,CHN,0.0,48,CIC,RC,0,NT,FH,2.0,970,-18.86,-11.93,"[{'Canonical-syllable': '1', 'Growl': '0', 'High-freq-energy': '0', 'Long-island': '0', 'Low-tilt-spectrum': '0', 'Medium-island': '1', 'Short-island': '0', 'Squeal': '0', 'Typical-entropy': '0', 'Voicing-quality': '1', 'Wide-band': '0', 'Xlong-island': '0', 'seq': '1', 'end': 1632.97, 'start': 1632.63}, {'Canonical-syllable': '0', 'Growl': '0', 'High-freq-energy': '0', 'Long-island': '1', 'Low-tilt-spectrum': '0', 'Medium-island': '0', 'Short-island': '0', 'Squeal': '0', 'Typical-entropy': '1', 'Voicing-quality': '1', 'Wide-band': '0', 'Xlong-island': '0', 'seq': '2', 'end': 1633.97, 'start': 1633.34}]",0,0,[],[]
1634060,1635380,NA,NOF,0.0,48,CIC,NA,NA,NA,NA,0.0,0,-45.02,-38.88,[],0,0,[],[]
1635380,1636850,NA,SIL,0.0,48,CIC,NA,NA,NA,NA,0.0,0,-49.9,-36.5,[],0,0,[],[]
1636850,1638340,CHI,CHN,0.0,48,CIC,RC,0,NT,FH,1.0,1490,-16.96,-8.66,"[{'Canonical-syllable': '1', 'Growl': '0', 'High-freq-energy': '0', 'Long-island': '1', 'Low-tilt-spectrum': '0', 'Medium-island': '0', 'Short-island': '1', 'Squeal': '0', 'Typical-entropy': '2', 'Voicing-quality': '2', 'Wide-band': '0', 'Xlong-island': '0', 'seq': '1', 'end': 1638.34, 'start': 1637.15}]",0,0,[],[]
1638340,1639400,FEM,FAN,0.0,48,CIC,NA,NA,NA,NA,0.0,0,-32.42,-27.07,[],1060,0,[],[]
1639400,1640310,NA,SIL,0.0,48,CIC,NA,NA,NA,NA,0.0,0,-54.18,-45.96,[],0,0,[],[]
1640310,1641320,CHI,CHN,0.0,48,CIC,RC,0,TIFI,FH,1.0,1010,-19.61,-12.03,"[{'Canonical-syllable': '0', 'Growl': '0', 'High-freq-energy': '0', 'Long-island': '0', 'Low-tilt-spectrum': '0', 'Medium-island': '1', 'Short-island': '1', 'Squeal': '0', 'Typical-entropy': '2', 'Voicing-quality': '2', 'Wide-band': '0', 'Xlong-island': '0', 'seq': '1', 'end': 1641.32, 'start': 1640.31}]",0,0,[],[]
1641320,1642320,NA,MAF,0.0,48,CIC,NA,NA,NA,NA,0.0,0,-41.49,-33.44,[],0,0,[],[]
1642320,1643200,NA,SIL,0.0,48,CIC,NA,NA,NA,NA,0.0,0,-56.0,-48.91,[],0,0,[],[]
1643200,1644230,FEM,FAN,2.74,48,CIC,EC,1,TIFR,FI,0.0,0,-37.98,-32.36,[],0,0,[],[]
1644230,1646770,NA,TVF,0.0,49,pause,NA,NA,NA,NA,0.0,0,-55.88,-49.03,[],0,0,[],[]
1646770,1651560,NA,SIL,0.0,49,pause,NA,NA,NA,NA,0.0,0,-50.61,-35.99,[],0,0,[],[]
1651560,1652200,CHI,CHN,0.0,49,CIC,BC,0,TIFI,FI,1.0,640,-16.5,-8.61,"[{'Canonical-syllable': '0', 'Growl': '0', 'High-freq-energy': '0', 'Long-island': '0', 'Low-tilt-spectrum': '0', 'Medium-island': '1', 'Short-island': '1', 'Squeal': '0', 'Typical-entropy': '1', 'Voicing-quality': '2', 'Wide-band': '0', 'Xlong-island': '0', 'seq': '1', 'end': 1652.2, 'start': 1651.56}]",0,0,[],[]
1652200,1654300,FEM,FAN,8.22,49,CIC,RC,1,TIFR,FI,0.0,0,-24.83,-13.39,[],0,0,[],[]
1654300,1655300,NA,NOF,0.0,49,CIC,NA,NA,NA,NA,0.0,0,-46.22,-36.85,[],0,0,[],[]
1655300,1658110,FEM,FAN,8.24,49,CIC,RC,1,NT,FH,0.0,0,-36.2,-29.4,[],0,0,[],[]
1658110,1659350,MAL,MAN,5.9,49,CIC,RC,1,NT,FI,0.0,0,-38.08,-32.8,[],0,0,[],[]
1659350,1661550,FEM,FAN,4.06,49,CIC,RC,1,NT,FI,0.0,0,-37.03,-26.16,[],0,0,[],[]
1661550,1666320,NA,SIL,0.0,49,CIC,NA,NA,NA,NA,0.0,0,-51.52,-40.88,[],0,0,[],[]
1666320,1666980,CHI,CHN,0.0,49,CIC,RC,1,TIFE,FI,1.0,660,-16.05,-9.93,"[{'Canonical-syllable': '0', 'Growl': '0', 'High-freq-energy': '1', 'Long-island': '0', 'Low-tilt-spectrum': '1', 'Medium-island': '0', 'Short-island': '2', 'Squeal': '0', 'Typical-entropy': '2', 'Voicing-quality': '2', 'Wide-band': '0', 'Xlong-island': '0', 'seq': '1', 'end': 1666.98, 'start': 1666.46}]",0,0,[],[]
1666980,1668150,CHI,CHN,0.0,49,CIC,EC,1,NT,FH,1.0,550,-22.04,-12.28,"[{'Canonical-syllable': '0', 'Growl': '0', 'High-freq-energy': '0', 'Long-island': '0', 'Low-tilt-spectrum': '1', 'Medium-island': '1', 'Short-island': '0', 'Squeal': '0', 'Typical-entropy': '1', 'Voicing-quality': '1', 'Wide-band': '0', 'Xlong-island': '0', 'seq': '1', 'end': 1667.53, 'start': 1666.98}]",0,0,[],[]
1668150,1669520,NA,MAF,0.0,50,pause,NA,NA,NA,NA,0.0,0,-38.52,-31.08,[],0,0,[],[]
1669520,1671440,NA,SIL,0.0,50,pause,NA,NA,NA,NA,0.0,0,-52.73,-41.78,[],0,0,[],[]
1671440,1672730,NA,TVF,0.0,50,pause,NA,NA,NA,NA,0.0,0,-53.51,-49.52,[],0,0,[],[]
1672730,1673650,NA,SIL,0.0,50,pause,NA,NA,NA,NA,0.0,0,-53.67,-49.37,[],0,0,[],[]
1673650,1674450,NA,NOF,0.0,50,pause,NA,NA,NA,NA,0.0,0,-48.69,-44.25,[],0,0,[],[]
1674450,1676340,CHI,CHN,0.0,50,CM,EC,0,NT,FI,1.0,1890,-16.08,-7.91,"[{'Canonical-syllable': '1', 'Growl': '0', 'High-freq-energy': '1', 'Long-island': '0', 'Low-tilt-spectrum': '1', 'Medium-island': '2', 'Short-island': '3', 'Squeal': '0', 'Typical-entropy': '5', 'Voicing-quality': '5', 'Wide-band': '0', 'Xlong-island': '0', 'seq': '1', 'end': 1676.34, 'start': 1674.45}]",0,0,[],[]
1676340,1677140,NA,FAF,0.0,51,pause,NA,NA,NA,NA,0.0,0,-35.69,-29.0,[],0,0,[],[]
1677140,1678360,NA,NOF,0.0,51,pause,NA,NA,NA,NA,0.0,0,-39.74,-32.59,[],0,0,[],[]
1678360,1679160,NA,SIL,0.0,51,pause,NA,NA,NA,NA,0.0,0,-44.11,-32.48,[],0,0,[],[]
1679160,1680240,NA,NOF,0.0,51,pause,NA,NA,NA,NA,0.0,0,-42.92,-30.53,[],0,0,[],[]
1680240,1681810,NA,SIL,0.0,51,pause,NA,NA,NA,NA,0.0,0,-50.03,-44.24,[],0,0,[],[]
1681810,1683640,NA,MAF,0.0,51,pause,NA,NA,NA,NA,0.0,0,-49.05,-41.32,[],0,0,[],[]
1683640,1686100,NA,SIL,0.0,51,pause,NA,NA,NA,NA,0.0,0,-51.78,-45.31,[],0,0,[],[]
1686100,1686900,NA,OLN,0.0,51,pause,NA,NA,NA,NA,0.0,0,-31.69,-18.88,[],0,0,[],[]
1686900,1687750,CHI,CHN,0.0,51,CM,EC,0,NT,FI,1.0,850,-20.85,-15.04,"[{'Canonical-syllable': '0', 'Growl': '0', 'High-freq-energy': '0', 'Long-island': '0', 'Low-tilt-spectrum': '1', 'Medium-island': '1', 'Short-island': '1', 'Squeal': '0', 'Typical-entropy': '2', 'Voicing-quality': '2', 'Wide-band': '0', 'Xlong-island': '0', 'seq': '1', 'end': 1687.75, 'start': 1686.9}]",0,0,[],[]
1687750,1688550,NA,NOF,0.0,52,pause,NA,NA,NA,NA,0.0,0,-29.85,-13.77,[],0,0,[],[]
1688550,1689360,NA,MAF,0.0,52,pause,NA,NA,NA,NA,0.0,0,-36.11,-30.45,[],0,0,[],[]
1689360,1693550,NA,NOF,0.0,52,pause,NA,NA,NA,NA,0.0,0,-33.6,-14.87,[],0,0,[],[]
1693550,1694730,CHI,CHN,0.0,52,CIC,BC,0,TIFI,FI,1.0,1180,-18.49,-11.97,"[{'Canonical-syllable': '0', 'Growl': '0', 'High-freq-energy': '0', 'Long-island': '0', 'Low-tilt-spectrum': '1', 'Medium-island': '0', 'Short-island': '0', 'Squeal': '0', 'Typical-entropy': '1', 'Voicing-quality': '1', 'Wide-band': '0', 'Xlong-island': '1', 'seq': '1', 'end': 1694.73, 'start': 1693.55}]",0,0,[],[]
1694730,1695530,NA,OLN,0.0,52,CIC,NA,NA,NA,NA,0.0,0,-22.89,-8.52,[],0,0,[],[]
1695530,1696540,NA,NOF,0.0,52,CIC,NA,NA,NA,NA,0.0,0,-40.53,-27.18,[],0,0,[],[]
1696540,1697940,FEM,FAN,0.18,52,CIC,RC,1,TIFR,FI,0.0,0,-34.1,-28.99,[],0,0,[],[]
1697940,1699110,NA,OLN,0.0,52,CIC,NA,NA,NA,NA,0.0,0,-32.16,-26.71,[],0,0,[],[]
1699110,1700360,NA,FAF,0.0,52,CIC,NA,NA,NA,NA,0.0,0,-36.22,-30.55,[],0,0,[],[]
1700360,1701160,NA,SIL,0.0,52,CIC,NA,NA,NA,NA,0.0,0,-42.42,-34.99,[],0,0,[],[]
1701160,1702370,FEM,FAN,4.86,52,CIC,RC,1,NT,FH,0.0,0,-32.88,-26.73,[],0,0,[],[]
1702370,1703170,NA,SIL,0.0,52,CIC,NA,NA,NA,NA,0.0,0,-42.92,-32.27,[],0,0,[],[]
1703170,1705140,FEM,FAN,5.81,52,CIC,RC,1,NT,FH,0.0,0,-36.46,-31.14,[],0,0,[],[]
1705140,1705940,NA,SIL,0.0,52,CIC,NA,NA,NA,NA,0.0,0,-49.15,-45.61,[],0,0,[],[]
1705940,1706740,NA,NOF,0.0,52,CIC,NA,NA,NA,NA,0.0,0,-37.56,-21.08,[],0,0,[],[]
1706740,1707970,CHI,CHN,0.0,52,CIC,RC,1,TIFE,FI,1.0,1230,-15.85,-7.99,"[{'Canonical-syllable': '1', 'Growl': '0', 'High-freq-energy': '0', 'Long-island': '0', 'Low-tilt-spectrum': '1', 'Medium-island': '2', 'Short-island': '1', 'Squeal': '0', 'Typical-entropy': '2', 'Voicing-quality': '3', 'Wide-band': '0', 'Xlong-island': '0', 'seq': '1', 'end': 1707.97, 'start': 1706.74}]",0,0,[],[]
1707970,1708780,OCH,CXN,0.0,52,CIC,RC,1,NT,FI,0.0,0,-28.07,-23.78,[],0,0,[],[]
1708780,1709780,NA,FAF,0.0,52,CIC,NA,NA,NA,NA,0.0,0,-36.99,-31.35,[],0,0,[],[]
1709780,1713680,NA,SIL,0.0,52,CIC,NA,NA,NA,NA,0.0,0,-50.47,-45.92,[],0,0,[],[]
1713680,1714280,CHI,CHN,0.0,52,CIC,RC,1,TIFI,FI,1.0,390,-17.5,-10.02,"[{'Canonical-syllable': '0', 'Growl': '0', 'High-freq-energy': '0', 'Long-island': '0', 'Low-tilt-spectrum': '0', 'Medium-island': '0', 'Short-island': '1', 'Squeal': '0', 'Typical-entropy': '0', 'Voicing-quality': '1', 'Wide-band': '0', 'Xlong-island': '0', 'seq': '1', 'end': 1714.07, 'start': 1713.83}]",0,0,[],[]
1714280,1715170,NA,SIL,0.0,52,CIC,NA,NA,NA,NA,0.0,0,-50.46,-46.4,[],0,0,[],[]
1715170,1719040,FEM,FAN,12.93,52,CIC,EC,2,TIFR,FI,0.0,0,-28.19,-18.95,[],0,0,[],[]
1719040,1721760,NA,SIL,0.0,53,pause,NA,NA,NA,NA,0.0,0,-47.62,-32.09,[],0,0,[],[]
1721760,1722760,NA,FAF,0.0,53,pause,NA,NA,NA,NA,0.0,0,-40.44,-26.63,[],0,0,[],[]
1722760,1723850,NA,SIL,0.0,53,pause,NA,NA,NA,NA,0.0,0,-49.97,-39.51,[],0,0,[],[]
1723850,1724660,NA,NOF,0.0,53,pause,NA,NA,NA,NA,0.0,0,-45.12,-29.88,[],0,0,[],[]
1724660,1726250,NA,SIL,0.0,53,pause,NA,NA,NA,NA,0.0,0,-51.37,-46.36,[],0,0,[],[]
1726250,1726850,FEM,FAN,0.2,53,AICF,BC,0,NT,FI,0.0,0,-32.14,-25.84,[],0,0,[],[]
1726850,1727690,NA,SIL,0.0,53,AICF,NA,NA,NA,NA,0.0,0,-52.51,-47.85,[],0,0,[],[]
1727690,1729140,OCH,CXN,0.0,53,AICF,RC,0,NT,FI,0.0,0,-30.49,-22.02,[],0,0,[],[]
1729140,1730170,CHI,CHN,0.0,53,AICF,RC,0,TIFI,FI,1.0,1030,-19.55,-12.2,"[{'Canonical-syllable': '1', 'Growl': '0', 'High-freq-energy': '0', 'Long-island': '0', 'Low-tilt-spectrum': '0', 'Medium-island': '1', 'Short-island': '1', 'Squeal': '0', 'Typical-entropy': '1', 'Voicing-quality': '2', 'Wide-band': '0', 'Xlong-island': '0', 'seq': '1', 'end': 1730.17, 'start': 1729.14}]",0,0,[],[]
1730170,1731100,NA,SIL,0.0,53,AICF,NA,NA,NA,NA,0.0,0,-48.84,-44.61,[],0,0,[],[]
1731100,1732680,FEM,FAN,4.2,53,AICF,RC,1,TIFR,FI,0.0,0,-31.67,-27.33,[],0,0,[],[]
1732680,1733720,NA,NOF,0.0,53,AICF,NA,NA,NA,NA,0.0,0,-47.3,-38.26,[],0,0,[],[]
1733720,1734820,CHI,CHN,0.0,53,AICF,EC,1,TIFE,FI,1.0,820,-21.13,-14.56,"[{'Canonical-syllable': '2', 'Growl': '1', 'High-freq-energy': '0', 'Long-island': '0', 'Low-tilt-spectrum': '0', 'Medium-island': '0', 'Short-island': '3', 'Squeal': '0', 'Typical-entropy': '3', 'Voicing-quality': '3', 'Wide-band': '0', 'Xlong-island': '0', 'seq': '1', 'end': 1734.54, 'start': 1733.72}]",0,0,[],[]
1734820,1736090,NA,MAF,0.0,54,pause,NA,NA,NA,NA,0.0,0,-41.32,-34.5,[],0,0,[],[]
1736090,1737140,NA,SIL,0.0,54,pause,NA,NA,NA,NA,0.0,0,-47.53,-40.42,[],0,0,[],[]
1737140,1738090,NA,NOF,0.0,54,pause,NA,NA,NA,NA,0.0,0,-40.08,-35.38,[],0,0,[],[]
1738090,1739160,NA,SIL,0.0,54,pause,NA,NA,NA,NA,0.0,0,-47.68,-40.94,[],0,0,[],[]
1739160,1739960,NA,NOF,0.0,54,pause,NA,NA,NA,NA,0.0,0,-41.13,-28.82,[],0,0,[],[]
1739960,1740760,NA,SIL,0.0,54,pause,NA,NA,NA,NA,0.0,0,-48.48,-45.55,[],0,0,[],[]
1740760,1741430,CHI,CHN,0.0,54,CIC,BC,0,TIFI,FI,1.0,670,-17.96,-14.87,"[{'Canonical-syllable': '1', 'Growl': '0', 'High-freq-energy': '0', 'Long-island': '0', 'Low-tilt-spectrum': '0', 'Medium-island': '1', 'Short-island': '0', 'Squeal': '0', 'Typical-entropy': '0', 'Voicing-quality': '1', 'Wide-band': '0', 'Xlong-island': '0', 'seq': '1', 'end': 1741.43, 'start': 1740.76}]",0,0,[],[]
1741430,1742300,NA,SIL,0.0,54,CIC,NA,NA,NA,NA,0.0,0,-47.78,-43.46,[],0,0,[],[]
1742300,1743450,FEM,FAN,2.33,54,CIC,RC,1,TIFR,FI,0.0,0,-23.22,-18.4,[],0,0,[],[]
1743450,1745810,NA,SIL,0.0,54,CIC,NA,NA,NA,NA,0.0,0,-48.21,-41.47,[],0,0,[],[]
1745810,1748300,MAL,MAN,9.7,54,CIC,EC,1,NT,FI,0.0,0,-33.91,-24.46,[],0,0,[],[]
1748300,1749900,NA,SIL,0.0,55,pause,NA,NA,NA,NA,0.0,0,-48.63,-43.98,[],0,0,[],[]
1749900,1750900,NA,TVF,0.0,55,pause,NA,NA,NA,NA,0.0,0,-40.91,-33.28,[],0,0,[],[]
1750900,1755410,NA,SIL,0.0,55,pause,NA,NA,NA,NA,0.0,0,-47.28,-36.5,[],0,0,[],[]
1755410,1756500,NA,FAF,0.0,55,pause,NA,NA,NA,NA,0.0,0,-37.73,-32.17,[],0,0,[],[]
1756500,1758020,FEM,FAN,0.0,55,pause,NA,NA,NA,NA,0.0,0,-42.34,-33.7,[],1520,0,[],[]
1758020,1759990,NA,SIL,0.0,55,pause,NA,NA,NA,NA,0.0,0,-48.66,-43.92,[],0,0,[],[]
1759990,1763120,NA,NOF,0.0,55,pause,NA,NA,NA,NA,0.0,0,-36.74,-17.26,[],0,0,[],[]
1763120,1763920,NA,OLN,0.0,55,pause,NA,NA,NA,NA,0.0,0,-25.3,-16.44,[],0,0,[],[]
1763920,1764750,NA,NON,0.0,55,pause,NA,NA,NA,NA,0.0,0,-37.84,-30.02,[],0,0,[],[]
1764750,1766150,NA,OLN,0.0,55,pause,NA,NA,NA,NA,0.0,0,-30.55,-21.56,[],0,0,[],[]
1766150,1767840,NA,NOF,0.0,55,pause,NA,NA,NA,NA,0.0,0,-31.26,-14.55,[],0,0,[],[]
1767840,1770670,CHI,CHN,0.0,55,CM,BC,0,NT,FI,2.0,2120,-23.43,-14.43,"[{'Canonical-syllable': '1', 'Growl': '0', 'High-freq-energy': '0', 'Long-island': '0', 'Low-tilt-spectrum': '0', 'Medium-island': '1', 'Short-island': '0', 'Squeal': '0', 'Typical-entropy': '0', 'Voicing-quality': '1', 'Wide-band': '0', 'Xlong-island': '0', 'seq': '1', 'end': 1768.31, 'start': 1767.84}, {'Canonical-syllable': '1', 'Growl': '1', 'High-freq-energy': '0', 'Long-island': '0', 'Low-tilt-spectrum': '0', 'Medium-island': '2', 'Short-island': '2', 'Squeal': '0', 'Typical-entropy': '3', 'Voicing-quality': '4', 'Wide-band': '0', 'Xlong-island': '0', 'seq': '2', 'end': 1770.56, 'start': 1768.91}]",0,0,[],[]
1770670,1771990,NA,NOF,0.0,55,CM,NA,NA,NA,NA,0.0,0,-43.97,-32.28,[],0,0,[],[]
1771990,1772790,NA,SIL,0.0,55,CM,NA,NA,NA,NA,0.0,0,-48.56,-43.48,[],0,0,[],[]
1772790,1775180,NA,NOF,0.0,55,CM,NA,NA,NA,NA,0.0,0,-30.08,-12.64,[],0,0,[],[]
1775180,1775780,CHI,CHN,0.0,55,CM,RC,0,NT,FH,1.0,460,-28.54,-22.11,"[{'Canonical-syllable': '0', 'Growl': '1', 'High-freq-energy': '0', 'Long-island': '0', 'Low-tilt-spectrum': '0', 'Medium-island': '1', 'Short-island': '0', 'Squeal': '0', 'Typical-entropy': '0', 'Voicing-quality': '1', 'Wide-band': '0', 'Xlong-island': '0', 'seq': '1', 'end': 1775.64, 'start': 1775.29}]",0,0,[],[]
1775780,1776580,NA,CXF,0.0,55,CM,NA,NA,NA,NA,0.0,0,-45.98,-37.03,[],0,0,[],[]
1776580,1777190,CHI,CHN,0.0,55,CM,EC,0,NT,FH,1.0,610,-21.15,-16.47,"[{'Canonical-syllable': '0', 'Growl': '0', 'High-freq-energy': '0', 'Long-island': '0', 'Low-tilt-spectrum': '0', 'Medium-island': '1', 'Short-island': '0', 'Squeal': '0', 'Typical-entropy': '0', 'Voicing-quality': '1', 'Wide-band': '0', 'Xlong-island': '0', 'seq': '1', 'end': 1777.19, 'start': 1776.58}]",0,0,[],[]
1777190,1779200,NA,NOF,0.0,56,pause,NA,NA,NA,NA,0.0,0,-45.61,-35.0,[],0,0,[],[]
1779200,1780000,NA,SIL,0.0,56,pause,NA,NA,NA,NA,0.0,0,-48.12,-43.11,[],0,0,[],[]
1780000,1782350,NA,NOF,0.0,56,pause,NA,NA,NA,NA,0.0,0,-46.83,-32.48,[],0,0,[],[]
1782350,1785400,CHI,CHN,0.0,56,pause,NA,NA,NA,NA,0.0,0,-15.59,-5.65,[],0,3050,"[{'start': 1782.35, 'end': 1785.4}]",[]
1785400,1786200,NA,OLF,0.0,56,pause,NA,NA,NA,NA,0.0,0,-39.45,-27.58,[],0,0,[],[]
1786200,1787000,NA,NOF,0.0,56,pause,NA,NA,NA,NA,0.0,0,-34.11,-17.65,[],0,0,[],[]
1787000,1791870,CHI,CHN,0.0,56,pause,NA,NA,NA,NA,0.0,0,-14.54,-6.05,[],0,4630,"[{'start': 1787.0, 'end': 1791.63}]",[]
1791870,1793410,NA,NOF,0.0,56,pause,NA,NA,NA,NA,0.0,0,-38.07,-26.6,[],0,0,[],[]
1793410,1795460,CHI,CHN,0.0,56,pause,NA,NA,NA,NA,0.0,0,-16.75,-9.61,[],0,2050,"[{'start': 1793.41, 'end': 1795.46}]",[]
1795460,1796460,CHI,CHN,0.0,56,CM,BC,0,NT,FI,2.0,340,-26.67,-18.86,"[{'Canonical-syllable': '1', 'Growl': '0', 'High-freq-energy': '0', 'Long-island': '0', 'Low-tilt-spectrum': '0', 'Medium-island': '0', 'Short-island': '1', 'Squeal': '0', 'Typical-entropy': '0', 'Voicing-quality': '1', 'Wide-band': '0', 'Xlong-island': '0', 'seq': '1', 'end': 1795.7, 'start': 1795.46}, {'Canonical-syllable': '0', 'Growl': '0', 'High-freq-energy': '0', 'Long-island': '0', 'Low-tilt-spectrum': '0', 'Medium-island': '0', 'Short-island': '0', 'Squeal': '0', 'Typical-entropy': '0', 'Voicing-quality': '0', 'Wide-band': '0', 'Xlong-island': '0', 'seq': '2', 'end': 1796.46, 'start': 1796.36}]",0,0,[],[]
1796460,1798060,CHI,CHN,0.0,56,CM,RC,0,NT,FH,1.0,1500,-19.81,-11.79,"[{'Canonical-syllable': '0', 'Growl': '0', 'High-freq-energy': '1', 'Long-island': '0', 'Low-tilt-spectrum': '1', 'Medium-island': '3', 'Short-island': '0', 'Squeal': '0', 'Typical-entropy': '2', 'Voicing-quality': '3', 'Wide-band': '0', 'Xlong-island': '0', 'seq': '1', 'end': 1797.96, 'start': 1796.46}]",0,0,[],[]
1798060,1799780,NA,FAF,0.0,56,CM,NA,NA,NA,NA,0.0,0,-39.75,-23.84,[],0,0,[],[]
1799780,1801060,CHI,CHN,0.0,56,CM,NA,NA,NA,NA,0.0,0,-17.05,-8.44,[],0,960,"[{'start': 1799.78, 'end': 1800.74}]",[]
1801060,1802300,NA,FAF,0.0,56,CM,NA,NA,NA,NA,0.0,0,-44.38,-33.32,[],0,0,[],[]
1802300,1803710,CHI,CHN,0.0,56,CM,EC,0,NT,FH,1.0,1410,-18.38,-12.93,"[{'Canonical-syllable': '0', 'Growl': '0', 'High-freq-energy': '0', 'Long-island': '0', 'Low-tilt-spectrum': '0', 'Medium-island': '0', 'Short-island': '0', 'Squeal': '0', 'Typical-entropy': '1', 'Voicing-quality': '1', 'Wide-band': '0', 'Xlong-island': '1', 'seq': '1', 'end': 1803.71, 'start': 1802.4}]",0,0,[],[]
1803710,1804950,NA,SIL,0.0,57,pause,NA,NA,NA,NA,0.0,0,-44.56,-40.95,[],0,0,[],[]
1804950,1807170,NA,NOF,0.0,57,pause,NA,NA,NA,NA,0.0,0,-43.66,-34.34,[],0,0,[],[]
1807170,1808200,NA,SIL,0.0,57,pause,NA,NA,NA,NA,0.0,0,-47.52,-42.92,[],0,0,[],[]
1808200,1809000,NA,NOF,0.0,57,pause,NA,NA,NA,NA,0.0,0,-45.58,-41.49,[],0,0,[],[]
1809000,1810000,NA,FAF,0.0,57,pause,NA,NA,NA,NA,0.0,0,-40.22,-32.57,[],0,0,[],[]
1810000,1811150,NA,NOF,0.0,57,pause,NA,NA,NA,NA,0.0,0,-42.28,-37.28,[],0,0,[],[]
1811150,1812920,NA,MAF,0.0,57,pause,NA,NA,NA,NA,0.0,0,-36.44,-31.77,[],0,0,[],[]
1812920,1814080,NA,FAF,0.0,57,pause,NA,NA,NA,NA,0.0,0,-37.37,-31.96,[],0,0,[],[]
1814080,1815060,NA,OLF,0.0,57,pause,NA,NA,NA,NA,0.0,0,-30.61,-16.6,[],0,0,[],[]
1815060,1815880,NA,SIL,0.0,57,pause,NA,NA,NA,NA,0.0,0,-37.92,-33.83,[],0,0,[],[]
1815880,1817200,NA,NOF,0.0,57,pause,NA,NA,NA,NA,0.0,0,-36.61,-30.47,[],0,0,[],[]
1817200,1822510,NA,SIL,0.0,57,pause,NA,NA,NA,NA,0.0,0,-37.81,-30.98,[],0,0,[],[]
1822510,1827470,NA,NOF,0.0,57,pause,NA,NA,NA,NA,0.0,0,-35.58,-17.34,[],0,0,[],[]
1827470,1828590,NA,SIL,0.0,57,pause,NA,NA,NA,NA,0.0,0,-49.1,-40.75,[],0,0,[],[]
1828590,1829390,NA,OLF,0.0,57,pause,NA,NA,NA,NA,0.0,0,-35.4,-28.08,[],0,0,[],[]
1829390,1831450,NA,SIL,0.0,57,pause,NA,NA,NA,NA,0.0,0,-35.64,-32.11,[],0,0,[],[]
1831450,1833040,NA,NOF,0.0,57,pause,NA,NA,NA,NA,0.0,0,-35.14,-31.43,[],0,0,[],[]
1833040,1833850,NA,SIL,0.0,57,pause,NA,NA,NA,NA,0.0,0,-36.1,-32.26,[],0,0,[],[]
1833850,1839020,NA,NOF,0.0,57,pause,NA,NA,NA,NA,0.0,0,-36.86,-28.81,[],0,0,[],[]
1839020,1841100,NA,SIL,0.0,57,pause,NA,NA,NA,NA,0.0,0,-38.27,-33.95,[],0,0,[],[]
1841100,1841900,NA,NOF,0.0,57,pause,NA,NA,NA,NA,0.0,0,-36.92,-28.83,[],0,0,[],[]
1841900,1843640,NA,SIL,0.0,57,pause,NA,NA,NA,NA,0.0,0,-38.14,-31.94,[],0,0,[],[]
1843640,1845560,NA,MAF,0.0,57,pause,NA,NA,NA,NA,0.0,0,-37.26,-30.29,[],0,0,[],[]
1845560,1846480,NA,SIL,0.0,57,pause,NA,NA,NA,NA,0.0,0,-37.44,-30.76,[],0,0,[],[]
1846480,1847810,NA,NOF,0.0,57,pause,NA,NA,NA,NA,0.0,0,-36.91,-32.48,[],0,0,[],[]
1847810,1850120,NA,SIL,0.0,57,pause,NA,NA,NA,NA,0.0,0,-38.78,-33.06,[],0,0,[],[]
1850120,1851520,NA,NOF,0.0,57,pause,NA,NA,NA,NA,0.0,0,-31.95,-20.22,[],0,0,[],[]
1851520,1856800,NA,SIL,0.0,57,pause,NA,NA,NA,NA,0.0,0,-37.39,-31.94,[],0,0,[],[]
1856800,1857600,NA,MAF,0.0,57,pause,NA,NA,NA,NA,0.0,0,-36.63,-32.4,[],0,0,[],[]
1857600,1858970,NA,SIL,0.0,57,pause,NA,NA,NA,NA,0.0,0,-37.02,-32.31,[],0,0,[],[]
1858970,1860620,NA,NOF,0.0,57,pause,NA,NA,NA,NA,0.0,0,-37.32,-31.58,[],0,0,[],[]
1860620,1863240,NA,SIL,0.0,57,pause,NA,NA,NA,NA,0.0,0,-37.47,-32.08,[],0,0,[],[]
1863240,1872850,NA,NOF,0.0,57,pause,NA,NA,NA,NA,0.0,0,-34.1,-10.51,[],0,0,[],[]
1872850,1873970,NA,SIL,0.0,57,pause,NA,NA,NA,NA,0.0,0,-48.17,-42.81,[],0,0,[],[]
1873970,1875620,NA,NOF,0.0,57,pause,NA,NA,NA,NA,0.0,0,-33.7,-21.07,[],0,0,[],[]
1875620,1876420,NA,SIL,0.0,57,pause,NA,NA,NA,NA,0.0,0,-47.01,-40.58,[],0,0,[],[]
1876420,1877220,NA,FAF,0.0,57,pause,NA,NA,NA,NA,0.0,0,-31.56,-18.73,[],0,0,[],[]
1877220,1879740,NA,SIL,0.0,57,pause,NA,NA,NA,NA,0.0,0,-42.05,-28.48,[],0,0,[],[]
1879740,1881330,NA,NOF,0.0,57,pause,NA,NA,NA,NA,0.0,0,-37.32,-23.34,[],0,0,[],[]
1881330,1882420,CHI,CHN,0.0,57,pause,NA,NA,NA,NA,0.0,0,-14.13,-10.87,[],0,1090,"[{'start': 1881.33, 'end': 1882.42}]",[]
1882420,1883940,NA,OLF,0.0,57,pause,NA,NA,NA,NA,0.0,0,-21.11,-3.87,[],0,0,[],[]
1883940,1884780,NA,SIL,0.0,57,pause,NA,NA,NA,NA,0.0,0,-46.4,-42.26,[],0,0,[],[]
1884780,1886810,NA,NOF,0.0,57,pause,NA,NA,NA,NA,0.0,0,-44.22,-35.22,[],0,0,[],[]
1886810,1887410,CHI,CHN,0.0,57,CIOCX,BC,0,NT,FI,1.0,150,-22.92,-13.26,"[{'Canonical-syllable': '0', 'Growl': '0', 'High-freq-energy': '0', 'Long-island': '0', 'Low-tilt-spectrum': '1', 'Medium-island': '0', 'Short-island': '0', 'Squeal': '0', 'Typical-entropy': '1', 'Voicing-quality': '1', 'Wide-band': '0', 'Xlong-island': '0', 'seq': '1', 'end': 1887.41, 'start': 1887.26}]",0,0,[],[]
1887410,1888210,OCH,CXN,0.0,57,CIOCX,RC,0,NT,FI,0.0,0,-15.95,-7.49,[],0,0,[],[]
1888210,1890360,CHI,CHN,0.0,57,CIOCX,NA,NA,NA,NA,0.0,0,-14.31,-4.02,[],0,2150,"[{'start': 1888.21, 'end': 1890.36}]",[]
1890360,1892440,NA,NOF,0.0,57,CIOCX,NA,NA,NA,NA,0.0,0,-35.88,-20.63,[],0,0,[],[]
1892440,1893040,CHI,CHN,0.0,57,CIOCX,RC,0,NT,FI,1.0,600,-16.61,-10.08,"[{'Canonical-syllable': '0', 'Growl': '0', 'High-freq-energy': '1', 'Long-island': '0', 'Low-tilt-spectrum': '2', 'Medium-island': '1', 'Short-island': '1', 'Squeal': '0', 'Typical-entropy': '2', 'Voicing-quality': '2', 'Wide-band': '0', 'Xlong-island': '0', 'seq': '1', 'end': 1893.04, 'start': 1892.54}]",0,0,[],[]
1893040,1893840,OCH,CXN,0.0,57,CIOCX,EC,0,NT,FI,0.0,0,-17.16,-8.81,[],0,0,[],[]
1893840,1894870,CHI,CHN,0.0,58,pause,NA,NA,NA,NA,0.0,0,-15.52,-10.7,[],0,900,"[{'start': 1893.84, 'end': 1894.74}]",[]
1894870,1895790,NA,SIL,0.0,58,pause,NA,NA,NA,NA,0.0,0,-44.64,-39.54,[],0,0,[],[]
1895790,1896810,NA,FAF,0.0,58,pause,NA,NA,NA,NA,0.0,0,-43.43,-38.1,[],0,0,[],[]
1896810,1897990,NA,SIL,0.0,58,pause,NA,NA,NA,NA,0.0,0,-43.66,-37.13,[],0,0,[],[]
1897990,1899670,NA,NOF,0.0,58,pause,NA,NA,NA,NA,0.0,0,-38.64,-24.39,[],0,0,[],[]
1899670,1900480,NA,OLN,0.0,58,pause,NA,NA,NA,NA,0.0,0,-34.34,-29.15,[],0,0,[],[]
1900480,1901870,NA,NOF,0.0,58,pause,NA,NA,NA,NA,0.0,0,-25.28,-8.18,[],0,0,[],[]
1901870,1903520,MAL,MAN,6.95,58,AMM,BC,0,NT,FI,0.0,0,-37.27,-32.63,[],0,0,[],[]
1903520,1904630,FEM,FAN,6.68,58,AMM,EC,0,NT,FI,0.0,0,-38.07,-32.91,[],0,0,[],[]
1904630,1905600,NA,NOF,0.0,59,pause,NA,NA,NA,NA,0.0,0,-44.57,-39.28,[],0,0,[],[]
1905600,1910070,FEM,FAN,0.0,59,pause,NA,NA,NA,NA,0.0,0,-37.68,-28.75,[],4470,0,[],[]
1910070,1911260,NA,MAF,0.0,59,pause,NA,NA,NA,NA,0.0,0,-39.35,-34.56,[],0,0,[],[]
1911260,1912160,NA,SIL,0.0,59,pause,NA,NA,NA,NA,0.0,0,-43.74,-35.66,[],0,0,[],[]
1912160,1913650,NA,MAF,0.0,59,pause,NA,NA,NA,NA,0.0,0,-39.96,-30.51,[],0,0,[],[]
1913650,1915800,NA,FAF,0.0,59,pause,NA,NA,NA,NA,0.0,0,-39.69,-32.06,[],0,0,[],[]
1915800,1916620,NA,OLF,0.0,59,pause,NA,NA,NA,NA,0.0,0,-39.33,-33.3,[],0,0,[],[]
1916620,1918430,NA,FAF,0.0,59,pause,NA,NA,NA,NA,0.0,0,-42.11,-36.84,[],0,0,[],[]
1918430,1919380,NA,OLF,0.0,59,pause,NA,NA,NA,NA,0.0,0,-37.56,-27.39,[],0,0,[],[]
1919380,1920380,NA,MAF,0.0,59,pause,NA,NA,NA,NA,0.0,0,-39.24,-31.23,[],0,0,[],[]
1920380,1922320,NA,NOF,0.0,59,pause,NA,NA,NA,NA,0.0,0,-29.62,-20.88,[],0,0,[],[]
1922320,1923230,NA,OLN,0.0,59,pause,NA,NA,NA,NA,0.0,0,-24.27,-9.26,[],0,0,[],[]
1923230,1923880,OCH,CXN,0.0,59,XM,EC,0,NT,FI,0.0,0,-28.06,-17.85,[],0,0,[],[]
1923880,1925010,NA,OLN,0.0,60,pause,NA,NA,NA,NA,0.0,0,-37.13,-30.95,[],0,0,[],[]
1925010,1926010,NA,NOF,0.0,60,pause,NA,NA,NA,NA,0.0,0,-39.14,-27.65,[],0,0,[],[]
1926010,1927680,NA,OLN,0.0,60,pause,NA,NA,NA,NA,0.0,0,-31.32,-23.57,[],0,0,[],[]
1927680,1930640,NA,NOF,0.0,60,pause,NA,NA,NA,NA,0.0,0,-39.21,-28.28,[],0,0,[],[]
1930640,1932030,NA,MAF,0.0,60,pause,NA,NA,NA,NA,0.0,0,-42.8,-37.09,[],0,0,[],[]
1932030,1934820,NA,NOF,0.0,60,pause,NA,NA,NA,NA,0.0,0,-43.9,-38.12,[],0,0,[],[]
1934820,1935820,NA,MAF,0.0,60,pause,NA,NA,NA,NA,0.0,0,-41.74,-36.33,[],0,0,[],[]
1935820,1937080,NA,NOF,0.0,60,pause,NA,NA,NA,NA,0.0,0,-43.6,-33.85,[],0,0,[],[]
1937080,1938080,NA,FAF,0.0,60,pause,NA,NA,NA,NA,0.0,0,-30.04,-11.19,[],0,0,[],[]
1938080,1938960,NA,NOF,0.0,60,pause,NA,NA,NA,NA,0.0,0,-39.73,-25.98,[],0,0,[],[]
1938960,1939770,NA,OLF,0.0,60,pause,NA,NA,NA,NA,0.0,0,-37.95,-31.91,[],0,0,[],[]
1939770,1946030,NA,NOF,0.0,60,pause,NA,NA,NA,NA,0.0,0,-35.19,-9.31,[],0,0,[],[]
1946030,1947900,NA,SIL,0.0,60,pause,NA,NA,NA,NA,0.0,0,-45.36,-38.69,[],0,0,[],[]
1947900,1948700,NA,OLN,0.0,60,pause,NA,NA,NA,NA,0.0,0,-27.75,-15.13,[],0,0,[],[]
1948700,1950630,NA,NOF,0.0,60,pause,NA,NA,NA,NA,0.0,0,-44.12,-39.16,[],0,0,[],[]
1950630,1951630,NA,FAF,0.0,60,pause,NA,NA,NA,NA,0.0,0,-36.22,-26.33,[],0,0,[],[]
1951630,1952670,NA,OLN,0.0,60,pause,NA,NA,NA,NA,0.0,0,-27.31,-14.31,[],0,0,[],[]
1952670,1963540,NA,NOF,0.0,60,pause,NA,NA,NA,NA,0.0,0,-39.06,-26.75,[],0,0,[],[]
1963540,1964550,NA,MAF,0.0,60,pause,NA,NA,NA,NA,0.0,0,-34.11,-30.64,[],0,0,[],[]
1964550,1965380,NA,FAF,0.0,60,pause,NA,NA,NA,NA,0.0,0,-36.18,-31.22,[],0,0,[],[]
1965380,1966570,NA,SIL,0.0,60,pause,NA,NA,NA,NA,0.0,0,-39.71,-35.8,[],0,0,[],[]
1966570,1967520,NA,OLF,0.0,60,pause,NA,NA,NA,NA,0.0,0,-40.83,-34.88,[],0,0,[],[]
1967520,1968320,NA,SIL,0.0,60,pause,NA,NA,NA,NA,0.0,0,-43.54,-39.48,[],0,0,[],[]
1968320,1969150,NA,OLF,0.0,60,pause,NA,NA,NA,NA,0.0,0,-39.01,-34.16,[],0,0,[],[]
1969150,1974420,NA,NOF,0.0,60,pause,NA,NA,NA,NA,0.0,0,-42.19,-30.89,[],0,0,[],[]
1974420,1975510,NA,OLN,0.0,60,pause,NA,NA,NA,NA,0.0,0,-27.12,-11.24,[],0,0,[],[]
1975510,1986710,NA,NOF,0.0,60,pause,NA,NA,NA,NA,0.0,0,-35.24,-14.81,[],0,0,[],[]
1986710,1988280,NA,MAF,0.0,60,pause,NA,NA,NA,NA,0.0,0,-35.89,-29.24,[],0,0,[],[]
1988280,1989310,NA,NOF,0.0,60,pause,NA,NA,NA,NA,0.0,0,-29.5,-16.59,[],0,0,[],[]
1989310,1990130,NA,OLF,0.0,60,pause,NA,NA,NA,NA,0.0,0,-16.82,-5.66,[],0,0,[],[]
1990130,1995100,NA,NON,0.0,60,pause,NA,NA,NA,NA,0.0,0,-20.36,-2.68,[],0,0,[],[]
1995100,1995900,NA,OLF,0.0,60,pause,NA,NA,NA,NA,0.0,0,-28.13,-19.88,[],0,0,[],[]
1995900,1998950,NA,NOF,0.0,60,pause,NA,NA,NA,NA,0.0,0,-20.96,-2.55,[],0,0,[],[]
1998950,1999750,NA,OLF,0.0,60,pause,NA,NA,NA,NA,0.0,0,-34.41,-26.26,[],0,0,[],[]
1999750,2000880,NA,NOF,0.0,60,pause,NA,NA,NA,NA,0.0,0,-36.95,-31.65,[],0,0,[],[]
2000880,2001880,NA,MAF,0.0,60,pause,NA,NA,NA,NA,0.0,0,-34.08,-28.1,[],0,0,[],[]
2001880,2002680,NA,OLN,0.0,60,pause,NA,NA,NA,NA,0.0,0,-24.79,-7.84,[],0,0,[],[]
2002680,2003490,NA,NOF,0.0,60,pause,NA,NA,NA,NA,0.0,0,-24.83,-6.26,[],0,0,[],[]
2003490,2004310,NA,OLF,0.0,60,pause,NA,NA,NA,NA,0.0,0,-21.63,-3.78,[],0,0,[],[]
2004310,2007560,NA,NOF,0.0,60,pause,NA,NA,NA,NA,0.0,0,-41.56,-28.76,[],0,0,[],[]
2007560,2008720,CHI,CHN,0.0,60,CM,EC,0,NT,FI,1.0,1160,-13.96,-3.47,"[{'Canonical-syllable': '0', 'Growl': '0', 'High-freq-energy': '0', 'Long-island': '1', 'Low-tilt-spectrum': '2', 'Medium-island': '1', 'Short-island': '0', 'Squeal': '0', 'Typical-entropy': '2', 'Voicing-quality': '2', 'Wide-band': '0', 'Xlong-island': '0', 'seq': '1', 'end': 2008.72, 'start': 2007.56}]",0,0,[],[]
2008720,2009520,NA,NOF,0.0,61,pause,NA,NA,NA,NA,0.0,0,-36.6,-23.31,[],0,0,[],[]
2009520,2012270,NA,OLF,0.0,61,pause,NA,NA,NA,NA,0.0,0,-31.84,-14.68,[],0,0,[],[]
2012270,2013070,NA,NOF,0.0,61,pause,NA,NA,NA,NA,0.0,0,-39.68,-31.97,[],0,0,[],[]
2013070,2013870,NA,OLF,0.0,61,pause,NA,NA,NA,NA,0.0,0,-38.4,-33.43,[],0,0,[],[]
2013870,2017180,NA,NOF,0.0,61,pause,NA,NA,NA,NA,0.0,0,-38.28,-20.26,[],0,0,[],[]
2017180,2018180,CHI,CHN,0.0,61,CM,BC,0,NT,FI,1.0,1000,-19.17,-10.22,"[{'Canonical-syllable': '0', 'Growl': '0', 'High-freq-energy': '0', 'Long-island': '0', 'Low-tilt-spectrum': '2', 'Medium-island': '0', 'Short-island': '3', 'Squeal': '2', 'Typical-entropy': '3', 'Voicing-quality': '3', 'Wide-band': '0', 'Xlong-island': '0', 'seq': '1', 'end': 2018.18, 'start': 2017.18}]",0,0,[],[]
2018180,2019000,NA,SIL,0.0,61,CM,NA,NA,NA,NA,0.0,0,-48.93,-45.75,[],0,0,[],[]
2019000,2019840,NA,NOF,0.0,61,CM,NA,NA,NA,NA,0.0,0,-48.36,-43.05,[],0,0,[],[]
2019840,2020800,CHI,CHN,0.0,61,CM,EC,0,NT,FH,1.0,860,-22.65,-13.32,"[{'Canonical-syllable': '1', 'Growl': '0', 'High-freq-energy': '0', 'Long-island': '0', 'Low-tilt-spectrum': '1', 'Medium-island': '1', 'Short-island': '1', 'Squeal': '0', 'Typical-entropy': '1', 'Voicing-quality': '2', 'Wide-band': '0', 'Xlong-island': '0', 'seq': '1', 'end': 2020.7, 'start': 2019.92}]",0,0,[],[]
2020800,2021850,NA,CXF,0.0,62,pause,NA,NA,NA,NA,0.0,0,-43.04,-37.03,[],0,0,[],[]
2021850,2022710,NA,TVF,0.0,62,pause,NA,NA,NA,NA,0.0,0,-47.65,-42.47,[],0,0,[],[]
2022710,2025110,NA,SIL,0.0,62,pause,NA,NA,NA,NA,0.0,0,-48.86,-43.05,[],0,0,[],[]
2025110,2026060,NA,NOF,0.0,62,pause,NA,NA,NA,NA,0.0,0,-47.02,-39.9,[],0,0,[],[]
2026060,2028010,FEM,FAN,7.33,62,AICF,BC,0,TIFI,FI,0.0,0,-24.51,-13.89,[],0,0,[],[]
2028010,2028810,NA,NOF,0.0,62,AICF,NA,NA,NA,NA,0.0,0,-43.21,-33.25,[],0,0,[],[]
2028810,2029610,NA,CXF,0.0,62,AICF,NA,NA,NA,NA,0.0,0,-42.92,-37.02,[],0,0,[],[]
2029610,2030510,NA,SIL,0.0,62,AICF,NA,NA,NA,NA,0.0,0,-49.53,-45.45,[],0,0,[],[]
2030510,2031520,CHI,CHN,0.0,62,AICF,RC,1,TIFR,FI,1.0,480,-25.33,-19.26,"[{'Canonical-syllable': '1', 'Growl': '0', 'High-freq-energy': '0', 'Long-island': '0', 'Low-tilt-spectrum': '0', 'Medium-island': '1', 'Short-island': '0', 'Squeal': '0', 'Typical-entropy': '0', 'Voicing-quality': '1', 'Wide-band': '0', 'Xlong-island': '0', 'seq': '1', 'end': 2031.52, 'start': 2031.04}]",0,0,[],[]
2031520,2032120,CHI,CHN,0.0,62,AICF,RC,1,NT,FH,1.0,600,-28.21,-23.67,"[{'Canonical-syllable': '0', 'Growl': '0', 'High-freq-energy': '0', 'Long-island': '0', 'Low-tilt-spectrum': '0', 'Medium-island': '1', 'Short-island': '0', 'Squeal': '0', 'Typical-entropy': '0', 'Voicing-quality': '1', 'Wide-band': '1', 'Xlong-island': '0', 'seq': '1', 'end': 2032.12, 'start': 2031.52}]",0,0,[],[]
2032120,2032970,NA,NOF,0.0,62,AICF,NA,NA,NA,NA,0.0,0,-35.61,-24.6,[],0,0,[],[]
2032970,2033570,CHI,CHN,0.0,62,AICF,RC,1,NT,FH,1.0,600,-24.07,-18.17,"[{'Canonical-syllable': '0', 'Growl': '0', 'High-freq-energy': '0', 'Long-island': '0', 'Low-tilt-spectrum': '0', 'Medium-island': '1', 'Short-island': '0', 'Squeal': '0', 'Typical-entropy': '0', 'Voicing-quality': '1', 'Wide-band': '0', 'Xlong-island': '0', 'seq': '1', 'end': 2033.57, 'start': 2033.12}]",0,0,[],[]
2033570,2035240,NA,NOF,0.0,62,AICF,NA,NA,NA,NA,0.0,0,-40.93,-30.07,[],0,0,[],[]
2035240,2036940,OCH,CXN,0.0,62,AICF,EC,1,NT,FI,0.0,0,-24.56,-16.23,[],0,0,[],[]
2036940,2041930,NA,NOF,0.0,63,pause,NA,NA,NA,NA,0.0,0,-25.85,-4.85,[],0,0,[],[]
2041930,2043720,NA,OLN,0.0,63,pause,NA,NA,NA,NA,0.0,0,-23.67,-8.44,[],0,0,[],[]
2043720,2044910,NA,NOF,0.0,63,pause,NA,NA,NA,NA,0.0,0,-36.03,-18.76,[],0,0,[],[]
2044910,2049740,NA,OLN,0.0,63,pause,NA,NA,NA,NA,0.0,0,-16.31,-4.82,[],0,0,[],[]
2049740,2050540,NA,NOF,0.0,63,pause,NA,NA,NA,NA,0.0,0,-13.85,-4.39,[],0,0,[],[]
2050540,2052840,NA,OLF,0.0,63,pause,NA,NA,NA,NA,0.0,0,-14.7,-3.66,[],0,0,[],[]
2052840,2053760,NA,NOF,0.0,63,pause,NA,NA,NA,NA,0.0,0,-13.62,-4.76,[],0,0,[],[]
2053760,2055050,NA,OLN,0.0,63,pause,NA,NA,NA,NA,0.0,0,-14.94,-4.09,[],0,0,[],[]
2055050,2055950,NA,NOF,0.0,63,pause,NA,NA,NA,NA,0.0,0,-16.63,-3.38,[],0,0,[],[]
2055950,2057390,NA,SIL,0.0,63,pause,NA,NA,NA,NA,0.0,0,-46.17,-43.01,[],0,0,[],[]
2057390,2058640,NA,OLN,0.0,63,pause,NA,NA,NA,NA,0.0,0,-15.39,-5.33,[],0,0,[],[]
2058640,2059800,CHI,CHN,0.0,63,CIOCX,BC,0,NT,FI,1.0,1160,-17.52,-9.34,"[{'Canonical-syllable': '0', 'Growl': '0', 'High-freq-energy': '0', 'Long-island': '0', 'Low-tilt-spectrum': '1', 'Medium-island': '1', 'Short-island': '2', 'Squeal': '0', 'Typical-entropy': '2', 'Voicing-quality': '3', 'Wide-band': '0', 'Xlong-island': '0', 'seq': '1', 'end': 2059.8, 'start': 2058.64}]",0,0,[],[]
2059800,2060400,CHI,CHN,0.0,63,CIOCX,RC,0,NT,FH,1.0,600,-18.66,-12.93,"[{'Canonical-syllable': '0', 'Growl': '0', 'High-freq-energy': '0', 'Long-island': '0', 'Low-tilt-spectrum': '0', 'Medium-island': '1', 'Short-island': '0', 'Squeal': '0', 'Typical-entropy': '1', 'Voicing-quality': '1', 'Wide-band': '0', 'Xlong-island': '0', 'seq': '1', 'end': 2060.4, 'start': 2059.8}]",0,0,[],[]
2060400,2061200,NA,NOF,0.0,63,CIOCX,NA,NA,NA,NA,0.0,0,-49.36,-34.48,[],0,0,[],[]
2061200,2063480,OCH,CXN,0.0,63,CIOCX,EC,0,NT,FI,0.0,0,-32.75,-19.51,[],0,0,[],[]
2063480,2065150,NA,NOF,0.0,64,pause,NA,NA,NA,NA,0.0,0,-21.95,-8.69,[],0,0,[],[]
2065150,2066020,NA,OLN,0.0,64,pause,NA,NA,NA,NA,0.0,0,-20.49,-8.76,[],0,0,[],[]
2066020,2075610,NA,NOF,0.0,64,pause,NA,NA,NA,NA,0.0,0,-26.63,-5.16,[],0,0,[],[]
2075610,2076440,NA,OLF,0.0,64,pause,NA,NA,NA,NA,0.0,0,-37.3,-30.27,[],0,0,[],[]
2076440,2077620,MAL,MAN,3.22,64,AICM,BC,0,NT,FI,0.0,0,-36.78,-29.73,[],0,0,[],[]
2077620,2078430,NA,NOF,0.0,64,AICM,NA,NA,NA,NA,0.0,0,-41.97,-30.57,[],0,0,[],[]
2078430,2081290,CHI,CHN,0.0,64,AICM,NA,NA,NA,NA,0.0,0,-17.95,-7.94,[],0,2770,"[{'start': 2078.52, 'end': 2081.29}]",[]
2081290,2082900,OCH,CXN,0.0,64,AICM,RC,0,NT,FI,0.0,0,-30.39,-22.79,[],0,0,[],[]
2082900,2084540,NA,SIL,0.0,64,AICM,NA,NA,NA,NA,0.0,0,-55.59,-47.21,[],0,0,[],[]
2084540,2085760,FEM,FAN,5.35,64,AICM,RC,0,TIFI,FI,0.0,0,-33.12,-26.9,[],0,0,[],[]
2085760,2087190,NA,SIL,0.0,64,AICM,NA,NA,NA,NA,0.0,0,-58.47,-51.44,[],0,0,[],[]
2087190,2088040,CHI,CHN,0.0,64,AICM,RC,1,TIFR,FI,1.0,590,-24.1,-16.31,"[{'Canonical-syllable': '0', 'Growl': '0', 'High-freq-energy': '0', 'Long-island': '0', 'Low-tilt-spectrum': '0', 'Medium-island': '1', 'Short-island': '1', 'Squeal': '0', 'Typical-entropy': '2', 'Voicing-quality': '2', 'Wide-band': '0', 'Xlong-island': '0', 'seq': '1', 'end': 2087.78, 'start': 2087.19}]",0,0,[],[]
2088040,2089760,FEM,FAN,10.44,64,AICM,RC,1,TIFE,FI,0.0,0,-36.41,-27.91,[],0,0,[],[]
2089760,2091660,CHI,CHN,0.0,64,AICM,NA,NA,NA,NA,0.0,0,-13.96,-2.42,[],0,1420,"[{'start': 2090.24, 'end': 2091.66}]",[]
2091660,2092460,OCH,CXN,0.0,64,AICM,RC,1,NT,FI,0.0,0,-26.86,-14.68,[],0,0,[],[]
2092460,2093340,OCH,CXN,0.0,64,AICM,RC,1,NT,FH,0.0,0,-39.4,-35.07,[],0,0,[],[]
2093340,2094300,NA,NOF,0.0,64,AICM,NA,NA,NA,NA,0.0,0,-44.37,-38.98,[],0,0,[],[]
2094300,2095660,MAL,MAN,4.1,64,AICM,RC,1,NT,FI,0.0,0,-40.76,-34.15,[],0,0,[],[]
2095660,2096920,NA,TVF,0.0,64,AICM,NA,NA,NA,NA,0.0,0,-42.08,-36.48,[],0,0,[],[]
2096920,2097720,NA,NOF,0.0,64,AICM,NA,NA,NA,NA,0.0,0,-44.53,-36.95,[],0,0,[],[]
2097720,2099450,CHI,CHN,0.0,64,AICM,NA,NA,NA,NA,0.0,0,-14.24,-1.96,[],0,1730,"[{'start': 2097.72, 'end': 2099.45}]",[]
2099450,2100250,OCH,CXN,0.0,64,AICM,RC,1,NT,FI,0.0,0,-18.67,-6.95,[],0,0,[],[]
2100250,2101330,CHI,CHN,0.0,64,AICM,RC,1,TIFI,FI,1.0,980,-15.99,-11.51,"[{'Canonical-syllable': '0', 'Growl': '0', 'High-freq-energy': '0', 'Long-island': '0', 'Low-tilt-spectrum': '1', 'Medium-island': '0', 'Short-island': '0', 'Squeal': '0', 'Typical-entropy': '1', 'Voicing-quality': '1', 'Wide-band': '0', 'Xlong-island': '1', 'seq': '1', 'end': 2101.23, 'start': 2100.25}]",0,0,[],[]
2101330,2102210,NA,NOF,0.0,64,AICM,NA,NA,NA,NA,0.0,0,-37.68,-31.68,[],0,0,[],[]
2102210,2103560,NA,OLN,0.0,64,AICM,NA,NA,NA,NA,0.0,0,-32.68,-27.75,[],0,0,[],[]
2103560,2104370,NA,NOF,0.0,64,AICM,NA,NA,NA,NA,0.0,0,-33.31,-20.79,[],0,0,[],[]
2104370,2105170,NA,OLN,0.0,64,AICM,NA,NA,NA,NA,0.0,0,-31.8,-22.29,[],0,0,[],[]
2105170,2106180,FEM,FAN,2.88,64,AICM,RC,2,TIFR,FI,0.0,0,-38.52,-29.03,[],0,0,[],[]
2106180,2108920,NA,NOF,0.0,64,AICM,NA,NA,NA,NA,0.0,0,-44.08,-29.82,[],0,0,[],[]
2108920,2109520,CHI,CHN,0.0,64,AICM,NA,NA,NA,NA,0.0,0,-16.44,-9.67,[],0,450,"[{'start': 2109.07, 'end': 2109.52}]",[]
2109520,2110570,OCH,CXN,0.0,64,AICM,EC,2,NT,FI,0.0,0,-24.61,-14.87,[],0,0,[],[]
2110570,2111380,NA,OLN,0.0,65,pause,NA,NA,NA,NA,0.0,0,-32.1,-24.99,[],0,0,[],[]
2111380,2113600,CHI,CHN,0.0,65,pause,NA,NA,NA,NA,0.0,0,-14.71,-3.82,[],0,1440,"[{'start': 2111.76, 'end': 2112.25}, {'start': 2112.51, 'end': 2113.46}]",[]
2113600,2118970,NA,OLN,0.0,65,pause,NA,NA,NA,NA,0.0,0,-13.93,-3.54,[],0,0,[],[]
2118970,2119860,NA,NOF,0.0,65,pause,NA,NA,NA,NA,0.0,0,-14.76,-5.11,[],0,0,[],[]
2119860,2121710,NA,OLN,0.0,65,pause,NA,NA,NA,NA,0.0,0,-14.77,-5.12,[],0,0,[],[]
2121710,2123230,NA,NON,0.0,65,pause,NA,NA,NA,NA,0.0,0,-16.93,-4.52,[],0,0,[],[]
2123230,2124280,NA,OLN,0.0,65,pause,NA,NA,NA,NA,0.0,0,-13.69,-3.9,[],0,0,[],[]
2124280,2125470,NA,NOF,0.0,65,pause,NA,NA,NA,NA,0.0,0,-15.2,-4.93,[],0,0,[],[]
2125470,2126460,NA,OLF,0.0,65,pause,NA,NA,NA,NA,0.0,0,-16.63,-5.94,[],0,0,[],[]
2126460,2127460,NA,NOF,0.0,65,pause,NA,NA,NA,NA,0.0,0,-15.63,-5.37,[],0,0,[],[]
2127460,2129990,NA,OLF,0.0,65,pause,NA,NA,NA,NA,0.0,0,-14.36,-3.94,[],0,0,[],[]
2129990,2130800,NA,NOF,0.0,65,pause,NA,NA,NA,NA,0.0,0,-16.3,-4.31,[],0,0,[],[]
2130800,2132060,NA,OLN,0.0,65,pause,NA,NA,NA,NA,0.0,0,-15.04,-3.36,[],0,0,[],[]
2132060,2132860,NA,NOF,0.0,65,pause,NA,NA,NA,NA,0.0,0,-13.64,-5.24,[],0,0,[],[]
2132860,2134780,NA,OLN,0.0,65,pause,NA,NA,NA,NA,0.0,0,-14.34,-4.69,[],0,0,[],[]
2134780,2135750,NA,NOF,0.0,65,pause,NA,NA,NA,NA,0.0,0,-15.64,-4.7,[],0,0,[],[]
2135750,2136890,NA,OLN,0.0,65,pause,NA,NA,NA,NA,0.0,0,-16.69,-5.1,[],0,0,[],[]
2136890,2137700,NA,NOF,0.0,65,pause,NA,NA,NA,NA,0.0,0,-14.06,-4.42,[],0,0,[],[]
2137700,2138590,NA,OLN,0.0,65,pause,NA,NA,NA,NA,0.0,0,-14.85,-5.25,[],0,0,[],[]
2138590,2139670,NA,NOF,0.0,65,pause,NA,NA,NA,NA,0.0,0,-13.86,-3.69,[],0,0,[],[]
2139670,2140480,NA,OLN,0.0,65,pause,NA,NA,NA,NA,0.0,0,-15.59,-4.41,[],0,0,[],[]
2140480,2141280,NA,NOF,0.0,65,pause,NA,NA,NA,NA,0.0,0,-15.46,-4.59,[],0,0,[],[]
2141280,2143670,NA,OLF,0.0,65,pause,NA,NA,NA,NA,0.0,0,-13.98,-4.41,[],0,0,[],[]
2143670,2144490,NA,NON,0.0,65,pause,NA,NA,NA,NA,0.0,0,-14.67,-5.13,[],0,0,[],[]
2144490,2145900,NA,OLN,0.0,65,pause,NA,NA,NA,NA,0.0,0,-16.81,-4.92,[],0,0,[],[]
2145900,2146720,NA,NOF,0.0,65,pause,NA,NA,NA,NA,0.0,0,-14.29,-4.18,[],0,0,[],[]
2146720,2147530,NA,OLN,0.0,65,pause,NA,NA,NA,NA,0.0,0,-14.99,-6.23,[],0,0,[],[]
2147530,2149980,NA,NOF,0.0,65,pause,NA,NA,NA,NA,0.0,0,-22.24,-5.71,[],0,0,[],[]
2149980,2151780,CHI,CHN,0.0,65,CM,EC,0,NT,FI,3.0,1100,-17.87,-8.18,"[{'Canonical-syllable': '0', 'Growl': '0', 'High-freq-energy': '0', 'Long-island': '0', 'Low-tilt-spectrum': '0', 'Medium-island': '0', 'Short-island': '1', 'Squeal': '0', 'Typical-entropy': '1', 'Voicing-quality': '1', 'Wide-band': '0', 'Xlong-island': '0', 'seq': '1', 'end': 2150.2, 'start': 2149.98}, {'Canonical-syllable': '2', 'Growl': '0', 'High-freq-energy': '0', 'Long-island': '0', 'Low-tilt-spectrum': '0', 'Medium-island': '0', 'Short-island': '2', 'Squeal': '0', 'Typical-entropy': '2', 'Voicing-quality': '2', 'Wide-band': '0', 'Xlong-island': '0', 'seq': '2', 'end': 2151.16, 'start': 2150.54}, {'Canonical-syllable': '1', 'Growl': '0', 'High-freq-energy': '0', 'Long-island': '0', 'Low-tilt-spectrum': '0', 'Medium-island': '0', 'Short-island': '1', 'Squeal': '0', 'Typical-entropy': '1', 'Voicing-quality': '1', 'Wide-band': '0', 'Xlong-island': '0', 'seq': '3', 'end': 2151.78, 'start': 2151.52}]",0,0,[],[]
2151780,2154550,NA,NOF,0.0,66,pause,NA,NA,NA,NA,0.0,0,-30.93,-8.4,[],0,0,[],[]
2154550,2155350,NA,OLN,0.0,66,pause,NA,NA,NA,NA,0.0,0,-19.27,-5.57,[],0,0,[],[]
2155350,2164740,NA,NOF,0.0,66,pause,NA,NA,NA,NA,0.0,0,-24.81,-5.2,[],0,0,[],[]
2164740,2165560,NA,OLN,0.0,66,pause,NA,NA,NA,NA,0.0,0,-20.69,-5.49,[],0,0,[],[]
2165560,2166560,NA,NON,0.0,66,pause,NA,NA,NA,NA,0.0,0,-17.02,-5.16,[],0,0,[],[]
2166560,2167370,NA,OLF,0.0,66,pause,NA,NA,NA,NA,0.0,0,-16.41,-3.12,[],0,0,[],[]
2167370,2168730,NA,NON,0.0,66,pause,NA,NA,NA,NA,0.0,0,-15.33,-5.26,[],0,0,[],[]
2168730,2170010,NA,OLN,0.0,66,pause,NA,NA,NA,NA,0.0,0,-14.07,-5.06,[],0,0,[],[]
2170010,2172130,NA,NON,0.0,66,pause,NA,NA,NA,NA,0.0,0,-21.87,-4.89,[],0,0,[],[]
2172130,2173680,NA,OLF,0.0,66,pause,NA,NA,NA,NA,0.0,0,-14.88,-5.34,[],0,0,[],[]
2173680,2174510,NA,NOF,0.0,66,pause,NA,NA,NA,NA,0.0,0,-14.37,-4.92,[],0,0,[],[]
2174510,2179980,NA,OLF,0.0,66,pause,NA,NA,NA,NA,0.0,0,-13.51,-4.18,[],0,0,[],[]
2179980,2180900,NA,NOF,0.0,66,pause,NA,NA,NA,NA,0.0,0,-14.37,-5.67,[],0,0,[],[]
2180900,2181760,NA,OLN,0.0,66,pause,NA,NA,NA,NA,0.0,0,-14.6,-5.64,[],0,0,[],[]
2181760,2182670,NA,NON,0.0,66,pause,NA,NA,NA,NA,0.0,0,-13.6,-4.7,[],0,0,[],[]
2182670,2186890,NA,OLF,0.0,66,pause,NA,NA,NA,NA,0.0,0,-13.93,-4.07,[],0,0,[],[]
2186890,2187750,NA,NOF,0.0,66,pause,NA,NA,NA,NA,0.0,0,-13.71,-4.47,[],0,0,[],[]
2187750,2188670,NA,OLF,0.0,66,pause,NA,NA,NA,NA,0.0,0,-21.19,-7.2,[],0,0,[],[]
2188670,2189720,MAL,MAN,7.47,66,AMM,EC,0,NT,FI,0.0,0,-30.99,-24.78,[],0,0,[],[]
2189720,2192150,NA,SIL,0.0,67,pause,NA,NA,NA,NA,0.0,0,-47.96,-41.78,[],0,0,[],[]
2192150,2192970,NA,NOF,0.0,67,pause,NA,NA,NA,NA,0.0,0,-16.86,-3.92,[],0,0,[],[]
2192970,2193810,NA,OLF,0.0,67,pause,NA,NA,NA,NA,0.0,0,-16.89,-4.68,[],0,0,[],[]
2193810,2194610,NA,NON,0.0,67,pause,NA,NA,NA,NA,0.0,0,-12.64,-4.53,[],0,0,[],[]
2194610,2195410,NA,OLN,0.0,67,pause,NA,NA,NA,NA,0.0,0,-14.74,-4.36,[],0,0,[],[]
2195410,2196390,NA,NOF,0.0,67,pause,NA,NA,NA,NA,0.0,0,-30.26,-15.47,[],0,0,[],[]
2196390,2197190,NA,SIL,0.0,67,pause,NA,NA,NA,NA,0.0,0,-47.73,-42.27,[],0,0,[],[]
2197190,2198620,NA,NOF,0.0,67,pause,NA,NA,NA,NA,0.0,0,-47.62,-40.76,[],0,0,[],[]
2198620,2199460,NA,OLF,0.0,67,pause,NA,NA,NA,NA,0.0,0,-18.3,-6.02,[],0,0,[],[]
2199460,2201180,NA,NOF,0.0,67,pause,NA,NA,NA,NA,0.0,0,-31.44,-16.7,[],0,0,[],[]
2201180,2202510,NA,CXF,0.0,67,pause,NA,NA,NA,NA,0.0,0,-38.66,-29.38,[],0,0,[],[]
2202510,2203850,NA,SIL,0.0,67,pause,NA,NA,NA,NA,0.0,0,-52.03,-44.44,[],0,0,[],[]
2203850,2204650,OCH,CXN,0.0,67,XIC,BC,0,NT,FI,0.0,0,-36.41,-28.09,[],0,0,[],[]
2204650,2205640,CHI,CHN,0.0,67,XIC,RC,0,NT,FI,1.0,990,-16.42,-8.83,"[{'Canonical-syllable': '0', 'Growl': '0', 'High-freq-energy': '0', 'Long-island': '0', 'Low-tilt-spectrum': '2', 'Medium-island': '0', 'Short-island': '3', 'Squeal': '0', 'Typical-entropy': '2', 'Voicing-quality': '3', 'Wide-band': '0', 'Xlong-island': '0', 'seq': '1', 'end': 2205.64, 'start': 2204.65}]",0,0,[],[]
2205640,2206440,NA,NOF,0.0,67,XIC,NA,NA,NA,NA,0.0,0,-24.96,-14.91,[],0,0,[],[]
2206440,2207710,CHI,CHN,0.0,67,XIC,RC,0,TIMI,FH,1.0,1270,-18.69,-11.61,"[{'Canonical-syllable': '0', 'Growl': '1', 'High-freq-energy': '0', 'Long-island': '0', 'Low-tilt-spectrum': '3', 'Medium-island': '2', 'Short-island': '1', 'Squeal': '0', 'Typical-entropy': '4', 'Voicing-quality': '4', 'Wide-band': '0', 'Xlong-island': '0', 'seq': '1', 'end': 2207.71, 'start': 2206.44}]",0,0,[],[]
2207710,2208750,NA,OLN,0.0,67,XIC,NA,NA,NA,NA,0.0,0,-23.07,-12.97,[],0,0,[],[]
2208750,2209570,NA,NOF,0.0,67,XIC,NA,NA,NA,NA,0.0,0,-43.44,-34.83,[],0,0,[],[]
2209570,2210380,MAL,MAN,3.49,67,XIC,RC,1,TIMR,FI,0.0,0,-37.12,-31.75,[],0,0,[],[]
2210380,2211390,NA,SIL,0.0,67,XIC,NA,NA,NA,NA,0.0,0,-55.41,-48.22,[],0,0,[],[]
2211390,2212250,NA,NOF,0.0,67,XIC,NA,NA,NA,NA,0.0,0,-36.72,-26.26,[],0,0,[],[]
2212250,2213800,CHI,CHN,0.0,67,XIC,RC,1,TIME,FI,1.0,1550,-14.91,-4.78,"[{'Canonical-syllable': '2', 'Growl': '0', 'High-freq-energy': '0', 'Long-island': '0', 'Low-tilt-spectrum': '3', 'Medium-island': '2', 'Short-island': '1', 'Squeal': '0', 'Typical-entropy': '3', 'Voicing-quality': '2', 'Wide-band': '1', 'Xlong-island': '0', 'seq': '1', 'end': 2213.8, 'start': 2212.25}]",0,0,[],[]
2213800,2214690,NA,NOF,0.0,67,XIC,NA,NA,NA,NA,0.0,0,-22.63,-8.99,[],0,0,[],[]
2214690,2216850,CHI,CHN,0.0,67,XIC,EC,1,NT,FH,1.0,2160,-23.28,-14.82,"[{'Canonical-syllable': '0', 'Growl': '0', 'High-freq-energy': '0', 'Long-island': '0', 'Low-tilt-spectrum': '0', 'Medium-island': '1', 'Short-island': '0', 'Squeal': '0', 'Typical-entropy': '0', 'Voicing-quality': '2', 'Wide-band': '0', 'Xlong-island': '1', 'seq': '1', 'end': 2216.85, 'start': 2214.69}]",0,0,[],[]
2216850,2217800,NA,OLN,0.0,68,pause,NA,NA,NA,NA,0.0,0,-34.09,-25.19,[],0,0,[],[]
2217800,2218770,NA,NOF,0.0,68,pause,NA,NA,NA,NA,0.0,0,-29.74,-17.66,[],0,0,[],[]
2218770,2219920,NA,OLN,0.0,68,pause,NA,NA,NA,NA,0.0,0,-35.63,-29.92,[],0,0,[],[]
2219920,2220990,NA,NOF,0.0,68,pause,NA,NA,NA,NA,0.0,0,-40.2,-27.76,[],0,0,[],[]
2220990,2221790,NA,OLN,0.0,68,pause,NA,NA,NA,NA,0.0,0,-33.38,-23.88,[],0,0,[],[]
2221790,2226350,NA,NOF,0.0,68,pause,NA,NA,NA,NA,0.0,0,-35.6,-18.41,[],0,0,[],[]
2226350,2227190,NA,OLN,0.0,68,pause,NA,NA,NA,NA,0.0,0,-29.41,-10.97,[],0,0,[],[]
2227190,2228540,NA,NON,0.0,68,pause,NA,NA,NA,NA,0.0,0,-38.68,-28.36,[],0,0,[],[]
2228540,2229590,NA,OLN,0.0,68,pause,NA,NA,NA,NA,0.0,0,-30.62,-24.29,[],0,0,[],[]
2229590,2230190,CHI,CHN,0.0,68,CM,BC,0,NT,FI,1.0,600,-31.58,-25.26,"[{'Canonical-syllable': '0', 'Growl': '0', 'High-freq-energy': '0', 'Long-island': '0', 'Low-tilt-spectrum': '1', 'Medium-island': '1', 'Short-island': '0', 'Squeal': '0', 'Typical-entropy': '1', 'Voicing-quality': '1', 'Wide-band': '0', 'Xlong-island': '0', 'seq': '1', 'end': 2230.19, 'start': 2229.76}]",0,0,[],[]
2230190,2233240,NA,NON,0.0,68,CM,NA,NA,NA,NA,0.0,0,-28.59,-8.66,[],0,0,[],[]
2233240,2234840,CHI,CHN,0.0,68,CM,EC,0,NT,FH,1.0,1390,-22.45,-13.45,"[{'Canonical-syllable': '0', 'Growl': '0', 'High-freq-energy': '0', 'Long-island': '0', 'Low-tilt-spectrum': '0', 'Medium-island': '0', 'Short-island': '0', 'Squeal': '0', 'Typical-entropy': '0', 'Voicing-quality': '1', 'Wide-band': '0', 'Xlong-island': '1', 'seq': '1', 'end': 2234.63, 'start': 2233.39}]",0,0,[],[]
2234840,2235790,NA,OLF,0.0,69,pause,NA,NA,NA,NA,0.0,0,-37.11,-23.44,[],0,0,[],[]
2235790,2240630,NA,NOF,0.0,69,pause,NA,NA,NA,NA,0.0,0,-44.78,-30.38,[],0,0,[],[]
2240630,2241630,NA,MAF,0.0,69,pause,NA,NA,NA,NA,0.0,0,-39.98,-33.62,[],0,0,[],[]
2241630,2247540,NA,NOF,0.0,69,pause,NA,NA,NA,NA,0.0,0,-26.95,-5.94,[],0,0,[],[]
2247540,2248540,NA,OLN,0.0,69,pause,NA,NA,NA,NA,0.0,0,-19.66,-4.86,[],0,0,[],[]
2248540,2250040,NA,NOF,0.0,69,pause,NA,NA,NA,NA,0.0,0,-18.79,-4.66,[],0,0,[],[]
2250040,2251520,NA,OLN,0.0,69,pause,NA,NA,NA,NA,0.0,0,-16.02,-4.36,[],0,0,[],[]
2251520,2253540,NA,NOF,0.0,69,pause,NA,NA,NA,NA,0.0,0,-25.8,-5.11,[],0,0,[],[]
2253540,2255190,NA,OLN,0.0,69,pause,NA,NA,NA,NA,0.0,0,-16.7,-5.99,[],0,0,[],[]
2255190,2256030,CHI,CHN,0.0,69,CM,BC,0,NT,FI,1.0,840,-15.79,-5.58,"[{'Canonical-syllable': '0', 'Growl': '0', 'High-freq-energy': '0', 'Long-island': '1', 'Low-tilt-spectrum': '0', 'Medium-island': '0', 'Short-island': '0', 'Squeal': '0', 'Typical-entropy': '0', 'Voicing-quality': '1', 'Wide-band': '0', 'Xlong-island': '0', 'seq': '1', 'end': 2256.03, 'start': 2255.19}]",0,0,[],[]
2256030,2256830,CHI,CHN,0.0,69,CM,RC,0,NT,FH,1.0,800,-15.58,-6.15,"[{'Canonical-syllable': '0', 'Growl': '0', 'High-freq-energy': '0', 'Long-island': '1', 'Low-tilt-spectrum': '0', 'Medium-island': '0', 'Short-island': '0', 'Squeal': '0', 'Typical-entropy': '1', 'Voicing-quality': '1', 'Wide-band': '0', 'Xlong-island': '0', 'seq': '1', 'end': 2256.83, 'start': 2256.03}]",0,0,[],[]
2256830,2257520,CHI,CHN,0.0,69,CM,EC,0,NT,FH,1.0,690,-14.05,-5.12,"[{'Canonical-syllable': '0', 'Growl': '0', 'High-freq-energy': '0', 'Long-island': '1', 'Low-tilt-spectrum': '0', 'Medium-island': '0', 'Short-island': '0', 'Squeal': '0', 'Typical-entropy': '0', 'Voicing-quality': '1', 'Wide-band': '0', 'Xlong-island': '0', 'seq': '1', 'end': 2257.52, 'start': 2256.83}]",0,0,[],[]
2257520,2260060,NA,OLN,0.0,70,pause,NA,NA,NA,NA,0.0,0,-15.16,-4.08,[],0,0,[],[]
2260060,2260870,NA,NON,0.0,70,pause,NA,NA,NA,NA,0.0,0,-15.06,-5.37,[],0,0,[],[]
2260870,2261670,NA,OLN,0.0,70,pause,NA,NA,NA,NA,0.0,0,-17.52,-3.81,[],0,0,[],[]
2261670,2262500,NA,NOF,0.0,70,pause,NA,NA,NA,NA,0.0,0,-24.63,-9.12,[],0,0,[],[]
2262500,2265430,NA,OLN,0.0,70,pause,NA,NA,NA,NA,0.0,0,-20.16,-3.67,[],0,0,[],[]
2265430,2266990,NA,NOF,0.0,70,pause,NA,NA,NA,NA,0.0,0,-43.35,-28.15,[],0,0,[],[]
2266990,2267930,NA,OLF,0.0,70,pause,NA,NA,NA,NA,0.0,0,-25.8,-11.55,[],0,0,[],[]
2267930,2268920,NA,NOF,0.0,70,pause,NA,NA,NA,NA,0.0,0,-22.36,-6.12,[],0,0,[],[]
2268920,2270530,NA,OLN,0.0,70,pause,NA,NA,NA,NA,0.0,0,-14.6,-4.88,[],0,0,[],[]
2270530,2271330,NA,NOF,0.0,70,pause,NA,NA,NA,NA,0.0,0,-40.96,-33.13,[],0,0,[],[]
2271330,2272680,NA,OLN,0.0,70,pause,NA,NA,NA,NA,0.0,0,-22.84,-8.2,[],0,0,[],[]
2272680,2275180,NA,NOF,0.0,70,pause,NA,NA,NA,NA,0.0,0,-26.65,-8.57,[],0,0,[],[]
2275180,2276530,NA,OLF,0.0,70,pause,NA,NA,NA,NA,0.0,0,-21.89,-12.35,[],0,0,[],[]
2276530,2277860,NA,NOF,0.0,70,pause,NA,NA,NA,NA,0.0,0,-44.56,-33.62,[],0,0,[],[]
2277860,2278680,NA,FAF,0.0,70,pause,NA,NA,NA,NA,0.0,0,-41.59,-36.72,[],0,0,[],[]
2278680,2281300,NA,NOF,0.0,70,pause,NA,NA,NA,NA,0.0,0,-31.17,-14.89,[],0,0,[],[]
2281300,2282470,CHI,CHN,0.0,70,CIC,BC,0,NT,FI,1.0,1090,-16.82,-6.01,"[{'Canonical-syllable': '1', 'Growl': '1', 'High-freq-energy': '1', 'Long-island': '0', 'Low-tilt-spectrum': '1', 'Medium-island': '1', 'Short-island': '1', 'Squeal': '0', 'Typical-entropy': '2', 'Voicing-quality': '2', 'Wide-band': '0', 'Xlong-island': '0', 'seq': '1', 'end': 2282.39, 'start': 2281.3}]",0,0,[],[]
2282470,2283360,NA,NOF,0.0,70,CIC,NA,NA,NA,NA,0.0,0,-36.37,-25.45,[],0,0,[],[]
2283360,2284470,MAL,MAN,0.0,70,CIC,NA,NA,NA,NA,0.0,0,-31.03,-20.81,[],1110,0,[],[]
2284470,2285290,NA,SIL,0.0,70,CIC,NA,NA,NA,NA,0.0,0,-48.97,-38.85,[],0,0,[],[]
2285290,2286600,CHI,CHN,0.0,70,CIC,RC,0,NT,FH,1.0,940,-25.87,-16.04,"[{'Canonical-syllable': '0', 'Growl': '1', 'High-freq-energy': '1', 'Long-island': '1', 'Low-tilt-spectrum': '2', 'Medium-island': '0', 'Short-island': '1', 'Squeal': '0', 'Typical-entropy': '2', 'Voicing-quality': '2', 'Wide-band': '0', 'Xlong-island': '0', 'seq': '1', 'end': 2286.23, 'start': 2285.29}]",0,0,[],[]
2286600,2287630,NA,MAF,0.0,70,CIC,NA,NA,NA,NA,0.0,0,-35.78,-29.39,[],0,0,[],[]
2287630,2288430,NA,NOF,0.0,70,CIC,NA,NA,NA,NA,0.0,0,-46.01,-35.78,[],0,0,[],[]
2288430,2289440,CHI,CHN,0.0,70,CIC,RC,0,TIMI,FH,2.0,690,-21.11,-12.45,"[{'Canonical-syllable': '0', 'Growl': '0', 'High-freq-energy': '0', 'Long-island': '0', 'Low-tilt-spectrum': '0', 'Medium-island': '1', 'Short-island': '0', 'Squeal': '0', 'Typical-entropy': '1', 'Voicing-quality': '1', 'Wide-band': '0', 'Xlong-island': '0', 'seq': '1', 'end': 2288.73, 'start': 2288.43}, {'Canonical-syllable': '0', 'Growl': '0', 'High-freq-energy': '0', 'Long-island': '0', 'Low-tilt-spectrum': '1', 'Medium-island': '1', 'Short-island': '0', 'Squeal': '0', 'Typical-entropy': '1', 'Voicing-quality': '1', 'Wide-band': '0', 'Xlong-island': '0', 'seq': '2', 'end': 2289.44, 'start': 2289.05}]",0,0,[],[]
2289440,2291340,MAL,MAN,7.11,70,CIC,EC,1,TIMR,FI,0.0,0,-37.15,-22.6,[],0,0,[],[]
2291340,2292360,NA,SIL,0.0,71,pause,NA,NA,NA,NA,0.0,0,-54.49,-49.84,[],0,0,[],[]
2292360,2293360,NA,MAF,0.0,71,pause,NA,NA,NA,NA,0.0,0,-41.11,-32.84,[],0,0,[],[]
2293360,2294430,NA,SIL,0.0,71,pause,NA,NA,NA,NA,0.0,0,-55.38,-45.09,[],0,0,[],[]
2294430,2295430,MAL,MAN,0.0,71,pause,NA,NA,NA,NA,0.0,0,-45.82,-35.49,[],1000,0,[],[]
2295430,2298060,NA,SIL,0.0,71,pause,NA,NA,NA,NA,0.0,0,-56.16,-44.68,[],0,0,[],[]
2298060,2301200,NA,NOF,0.0,71,pause,NA,NA,NA,NA,0.0,0,-34.11,-15.11,[],0,0,[],[]
2301200,2303400,NA,SIL,0.0,71,pause,NA,NA,NA,NA,0.0,0,-56.65,-47.24,[],0,0,[],[]
2303400,2304040,CHI,CHN,0.0,71,CIC,BC,0,NT,FI,1.0,270,-29.63,-21.66,"[{'Canonical-syllable': '1', 'Growl': '0', 'High-freq-energy': '0', 'Long-island': '0', 'Low-tilt-spectrum': '0', 'Medium-island': '0', 'Short-island': '1', 'Squeal': '0', 'Typical-entropy': '0', 'Voicing-quality': '1', 'Wide-band': '0', 'Xlong-island': '0', 'seq': '1', 'end': 2304.04, 'start': 2303.77}]",0,0,[],[]
2304040,2305240,CHI,CHN,0.0,71,CIC,RC,0,NT,FH,1.0,390,-20.76,-12.36,"[{'Canonical-syllable': '0', 'Growl': '0', 'High-freq-energy': '0', 'Long-island': '0', 'Low-tilt-spectrum': '0', 'Medium-island': '1', 'Short-island': '0', 'Squeal': '0', 'Typical-entropy': '0', 'Voicing-quality': '1', 'Wide-band': '0', 'Xlong-island': '0', 'seq': '1', 'end': 2305.0, 'start': 2304.61}]",0,0,[],[]
2305240,2306190,CHI,CHN,0.0,71,CIC,RC,0,NT,FH,1.0,950,-23.0,-19.32,"[{'Canonical-syllable': '0', 'Growl': '0', 'High-freq-energy': '0', 'Long-island': '0', 'Low-tilt-spectrum': '0', 'Medium-island': '0', 'Short-island': '0', 'Squeal': '0', 'Typical-entropy': '0', 'Voicing-quality': '1', 'Wide-band': '0', 'Xlong-island': '1', 'seq': '1', 'end': 2306.19, 'start': 2305.24}]",0,0,[],[]
2306190,2306990,NA,SIL,0.0,71,CIC,NA,NA,NA,NA,0.0,0,-46.92,-30.77,[],0,0,[],[]
2306990,2308110,CHI,CHN,0.0,71,CIC,RC,0,TIMI,FH,1.0,1120,-23.76,-13.88,"[{'Canonical-syllable': '0', 'Growl': '2', 'High-freq-energy': '0', 'Long-island': '0', 'Low-tilt-spectrum': '1', 'Medium-island': '1', 'Short-island': '2', 'Squeal': '0', 'Typical-entropy': '1', 'Voicing-quality': '2', 'Wide-band': '0', 'Xlong-island': '0', 'seq': '1', 'end': 2308.11, 'start': 2306.99}]",0,0,[],[]
2308110,2309300,NA,OLN,0.0,71,CIC,NA,NA,NA,NA,0.0,0,-23.73,-14.78,[],0,0,[],[]
2309300,2309940,NA,FAF,0.0,71,CIC,NA,NA,NA,NA,0.0,0,-32.14,-27.08,[],0,0,[],[]
2309940,2313310,MAL,MAN,9.39,71,CIC,EC,1,TIMR,FI,0.0,0,-35.86,-22.9,[],0,0,[],[]
2313310,2317250,NA,NON,0.0,72,pause,NA,NA,NA,NA,0.0,0,-32.21,-13.89,[],0,0,[],[]
2317250,2319640,NA,SIL,0.0,72,pause,NA,NA,NA,NA,0.0,0,-54.18,-41.72,[],0,0,[],[]
2319640,2327660,NA,NOF,0.0,72,pause,NA,NA,NA,NA,0.0,0,-38.74,-14.1,[],0,0,[],[]
2327660,2330100,NA,SIL,0.0,72,pause,NA,NA,NA,NA,0.0,0,-52.46,-44.03,[],0,0,[],[]
2330100,2332620,NA,NOF,0.0,72,pause,NA,NA,NA,NA,0.0,0,-35.05,-12.28,[],0,0,[],[]
2332620,2333480,NA,SIL,0.0,72,pause,NA,NA,NA,NA,0.0,0,-57.62,-53.58,[],0,0,[],[]
2333480,2334530,NA,NOF,0.0,72,pause,NA,NA,NA,NA,0.0,0,-53.3,-47.35,[],0,0,[],[]
2334530,2335600,NA,SIL,0.0,72,pause,NA,NA,NA,NA,0.0,0,-57.45,-52.53,[],0,0,[],[]
2335600,2337100,NA,NOF,0.0,72,pause,NA,NA,NA,NA,0.0,0,-54.47,-46.95,[],0,0,[],[]
2337100,2338100,CHI,CHN,0.0,72,CM,BC,0,NT,FI,1.0,610,-18.83,-10.67,"[{'Canonical-syllable': '0', 'Growl': '0', 'High-freq-energy': '0', 'Long-island': '0', 'Low-tilt-spectrum': '0', 'Medium-island': '1', 'Short-island': '0', 'Squeal': '0', 'Typical-entropy': '1', 'Voicing-quality': '1', 'Wide-band': '0', 'Xlong-island': '0', 'seq': '1', 'end': 2337.71, 'start': 2337.1}]",0,0,[],[]
2338100,2338820,CHI,CHN,0.0,72,CM,RC,0,NT,FH,1.0,450,-25.48,-16.86,"[{'Canonical-syllable': '1', 'Growl': '0', 'High-freq-energy': '0', 'Long-island': '0', 'Low-tilt-spectrum': '0', 'Medium-island': '0', 'Short-island': '1', 'Squeal': '0', 'Typical-entropy': '1', 'Voicing-quality': '1', 'Wide-band': '0', 'Xlong-island': '0', 'seq': '1', 'end': 2338.55, 'start': 2338.31}]",0,0,[],[]
2338820,2339620,NA,SIL,0.0,72,CM,NA,NA,NA,NA,0.0,0,-55.42,-47.35,[],0,0,[],[]
2339620,2340430,NA,NOF,0.0,72,CM,NA,NA,NA,NA,0.0,0,-53.41,-39.78,[],0,0,[],[]
2340430,2343030,NA,SIL,0.0,72,CM,NA,NA,NA,NA,0.0,0,-57.97,-51.05,[],0,0,[],[]
2343030,2343630,CHI,CHN,0.0,72,CM,EC,0,NT,FH,1.0,430,-23.13,-15.82,"[{'Canonical-syllable': '0', 'Growl': '0', 'High-freq-energy': '0', 'Long-island': '0', 'Low-tilt-spectrum': '0', 'Medium-island': '1', 'Short-island': '0', 'Squeal': '0', 'Typical-entropy': '1', 'Voicing-quality': '1', 'Wide-band': '0', 'Xlong-island': '0', 'seq': '1', 'end': 2343.46, 'start': 2343.03}]",0,0,[],[]
2343630,2350010,NA,NOF,0.0,73,pause,NA,NA,NA,NA,0.0,0,-25.81,-3.77,[],0,0,[],[]
2350010,2350940,CHI,CHN,0.0,73,CIOCX,BC,0,NT,FI,1.0,560,-18.86,-8.59,"[{'Canonical-syllable': '0', 'Growl': '0', 'High-freq-energy': '0', 'Long-island': '0', 'Low-tilt-spectrum': '0', 'Medium-island': '1', 'Short-island': '0', 'Squeal': '0', 'Typical-entropy': '0', 'Voicing-quality': '1', 'Wide-band': '0', 'Xlong-island': '0', 'seq': '1', 'end': 2350.57, 'start': 2350.01}]",0,0,[],[]
2350940,2352220,NA,NOF,0.0,73,CIOCX,NA,NA,NA,NA,0.0,0,-43.93,-27.59,[],0,0,[],[]
2352220,2352820,CHI,CHN,0.0,73,CIOCX,RC,0,NT,FH,1.0,490,-26.98,-21.46,"[{'Canonical-syllable': '0', 'Growl': '0', 'High-freq-energy': '0', 'Long-island': '0', 'Low-tilt-spectrum': '0', 'Medium-island': '1', 'Short-island': '0', 'Squeal': '0', 'Typical-entropy': '0', 'Voicing-quality': '1', 'Wide-band': '0', 'Xlong-island': '0', 'seq': '1', 'end': 2352.71, 'start': 2352.36}]",0,0,[],[]
2352820,2353620,NA,SIL,0.0,73,CIOCX,NA,NA,NA,NA,0.0,0,-49.65,-43.21,[],0,0,[],[]
2353620,2354480,CHI,CHN,0.0,73,CIOCX,RC,0,NT,FH,1.0,860,-22.2,-15.3,"[{'Canonical-syllable': '1', 'Growl': '0', 'High-freq-energy': '0', 'Long-island': '0', 'Low-tilt-spectrum': '0', 'Medium-island': '1', 'Short-island': '1', 'Squeal': '0', 'Typical-entropy': '0', 'Voicing-quality': '2', 'Wide-band': '0', 'Xlong-island': '0', 'seq': '1', 'end': 2354.48, 'start': 2353.62}]",0,0,[],[]
2354480,2355700,OCH,CXN,0.0,73,CIOCX,RC,0,NT,FI,0.0,0,-30.2,-20.65,[],0,0,[],[]
2355700,2356500,NA,SIL,0.0,73,CIOCX,NA,NA,NA,NA,0.0,0,-52.96,-47.83,[],0,0,[],[]
2356500,2358170,NA,NOF,0.0,73,CIOCX,NA,NA,NA,NA,0.0,0,-41.76,-22.94,[],0,0,[],[]
2358170,2359420,CHI,CHN,0.0,73,CIOCX,RC,0,NT,FI,1.0,1250,-20.01,-7.99,"[{'Canonical-syllable': '1', 'Growl': '0', 'High-freq-energy': '0', 'Long-island': '1', 'Low-tilt-spectrum': '1', 'Medium-island': '0', 'Short-island': '1', 'Squeal': '0', 'Typical-entropy': '2', 'Voicing-quality': '2', 'Wide-band': '0', 'Xlong-island': '0', 'seq': '1', 'end': 2359.42, 'start': 2358.43}]",0,0,[],[]
2359420,2360220,NA,NOF,0.0,73,CIOCX,NA,NA,NA,NA,0.0,0,-40.63,-26.14,[],0,0,[],[]
2360220,2361180,CHI,CHN,0.0,73,CIOCX,NA,NA,NA,NA,0.0,0,-19.38,-8.15,[],0,960,"[{'start': 2360.22, 'end': 2361.18}]",[]
2361180,2364310,NA,NOF,0.0,73,CIOCX,NA,NA,NA,NA,0.0,0,-45.3,-22.53,[],0,0,[],[]
2364310,2365280,CHI,CHN,0.0,73,CIOCX,RC,0,NT,FH,2.0,450,-25.61,-18.82,"[{'Canonical-syllable': '0', 'Growl': '1', 'High-freq-energy': '0', 'Long-island': '0', 'Low-tilt-spectrum': '0', 'Medium-island': '0', 'Short-island': '1', 'Squeal': '0', 'Typical-entropy': '1', 'Voicing-quality': '1', 'Wide-band': '0', 'Xlong-island': '0', 'seq': '1', 'end': 2364.57, 'start': 2364.31}, {'Canonical-syllable': '1', 'Growl': '0', 'High-freq-energy': '0', 'Long-island': '0', 'Low-tilt-spectrum': '1', 'Medium-island': '0', 'Short-island': '1', 'Squeal': '0', 'Typical-entropy': '1', 'Voicing-quality': '1', 'Wide-band': '0', 'Xlong-island': '0', 'seq': '2', 'end': 2365.28, 'start': 2365.09}]",0,0,[],[]
2365280,2366370,OCH,CXN,0.0,73,CIOCX,RC,0,NT,FI,0.0,0,-26.73,-18.13,[],0,0,[],[]
2366370,2367410,NA,SIL,0.0,73,CIOCX,NA,NA,NA,NA,0.0,0,-56.7,-49.24,[],0,0,[],[]
2367410,2368950,CHI,CHN,0.0,73,CIOCX,EC,0,NT,FI,1.0,1540,-26.65,-17.03,"[{'Canonical-syllable': '1', 'Growl': '0', 'High-freq-energy': '0', 'Long-island': '0', 'Low-tilt-spectrum': '2', 'Medium-island': '2', 'Short-island': '1', 'Squeal': '0', 'Typical-entropy': '2', 'Voicing-quality': '3', 'Wide-band': '0', 'Xlong-island': '0', 'seq': '1', 'end': 2368.95, 'start': 2367.41}]",0,0,[],[]
2368950,2370810,NA,NOF,0.0,74,pause,NA,NA,NA,NA,0.0,0,-50.11,-38.52,[],0,0,[],[]
2370810,2372340,NA,SIL,0.0,74,pause,NA,NA,NA,NA,0.0,0,-54.48,-45.7,[],0,0,[],[]
2372340,2374140,NA,MAF,0.0,74,pause,NA,NA,NA,NA,0.0,0,-47.44,-35.19,[],0,0,[],[]
2374140,2375040,NA,SIL,0.0,74,pause,NA,NA,NA,NA,0.0,0,-60.76,-54.11,[],0,0,[],[]
2375040,2375640,CHI,CHN,0.0,74,CM,EC,0,NT,FI,1.0,420,-19.84,-12.46,"[{'Canonical-syllable': '0', 'Growl': '0', 'High-freq-energy': '0', 'Long-island': '0', 'Low-tilt-spectrum': '1', 'Medium-island': '0', 'Short-island': '1', 'Squeal': '0', 'Typical-entropy': '1', 'Voicing-quality': '1', 'Wide-band': '0', 'Xlong-island': '0', 'seq': '1', 'end': 2375.46, 'start': 2375.22}]",0,0,[],[]
2375640,2376440,NA,MAF,0.0,75,pause,NA,NA,NA,NA,0.0,0,-43.92,-35.86,[],0,0,[],[]
2376440,2378290,NA,SIL,0.0,75,pause,NA,NA,NA,NA,0.0,0,-55.27,-46.01,[],0,0,[],[]
2378290,2379810,NA,NOF,0.0,75,pause,NA,NA,NA,NA,0.0,0,-51.7,-43.85,[],0,0,[],[]
2379810,2381150,NA,SIL,0.0,75,pause,NA,NA,NA,NA,0.0,0,-50.4,-41.58,[],0,0,[],[]
2381150,2382150,CHI,CHN,0.0,75,CM,BC,0,NT,FI,1.0,930,-25.09,-13.58,"[{'Canonical-syllable': '0', 'Growl': '0', 'High-freq-energy': '0', 'Long-island': '0', 'Low-tilt-spectrum': '0', 'Medium-island': '2', 'Short-island': '0', 'Squeal': '0', 'Typical-entropy': '1', 'Voicing-quality': '2', 'Wide-band': '0', 'Xlong-island': '0', 'seq': '1', 'end': 2382.08, 'start': 2381.15}]",0,0,[],[]
2382150,2384620,NA,NOF,0.0,75,CM,NA,NA,NA,NA,0.0,0,-25.66,-7.98,[],0,0,[],[]
2384620,2386750,CHI,CHN,0.0,75,CM,RC,0,NT,FH,1.0,1790,-20.58,-11.71,"[{'Canonical-syllable': '3', 'Growl': '0', 'High-freq-energy': '1', 'Long-island': '0', 'Low-tilt-spectrum': '2', 'Medium-island': '3', 'Short-island': '1', 'Squeal': '0', 'Typical-entropy': '1', 'Voicing-quality': '4', 'Wide-band': '0', 'Xlong-island': '0', 'seq': '1', 'end': 2386.41, 'start': 2384.62}]",0,0,[],[]
2386750,2388000,NA,SIL,0.0,75,CM,NA,NA,NA,NA,0.0,0,-56.85,-46.84,[],0,0,[],[]
2388000,2388860,NA,NOF,0.0,75,CM,NA,NA,NA,NA,0.0,0,-51.1,-43.55,[],0,0,[],[]
2388860,2389670,NA,SIL,0.0,75,CM,NA,NA,NA,NA,0.0,0,-50.97,-44.68,[],0,0,[],[]
2389670,2390680,NA,TVF,0.0,75,CM,NA,NA,NA,NA,0.0,0,-55.65,-50.82,[],0,0,[],[]
2390680,2391490,NA,SIL,0.0,75,CM,NA,NA,NA,NA,0.0,0,-56.91,-49.63,[],0,0,[],[]
2391490,2392090,CHI,CHN,0.0,75,CM,EC,0,NT,FH,1.0,500,-14.35,-4.62,"[{'Canonical-syllable': '0', 'Growl': '0', 'High-freq-energy': '0', 'Long-island': '0', 'Low-tilt-spectrum': '1', 'Medium-island': '1', 'Short-island': '0', 'Squeal': '0', 'Typical-entropy': '1', 'Voicing-quality': '1', 'Wide-band': '0', 'Xlong-island': '0', 'seq': '1', 'end': 2391.99, 'start': 2391.58}]",0,0,[],[]
2392090,2395030,NA,SIL,0.0,76,pause,NA,NA,NA,NA,0.0,0,-52.25,-41.51,[],0,0,[],[]
2395030,2396210,NA,NOF,0.0,76,pause,NA,NA,NA,NA,0.0,0,-37.02,-18.56,[],0,0,[],[]
2396210,2397190,NA,SIL,0.0,76,pause,NA,NA,NA,NA,0.0,0,-53.04,-48.31,[],0,0,[],[]
2397190,2401650,NA,NOF,0.0,76,pause,NA,NA,NA,NA,0.0,0,-32.1,-13.13,[],0,0,[],[]
2401650,2402450,NA,OLF,0.0,76,pause,NA,NA,NA,NA,0.0,0,-42.89,-37.21,[],0,0,[],[]
2402450,2403380,NA,NON,0.0,76,pause,NA,NA,NA,NA,0.0,0,-32.76,-18.55,[],0,0,[],[]
2403380,2404700,CHI,CHN,0.0,76,CM,EC,0,NT,FI,1.0,1320,-18.28,-10.84,"[{'Canonical-syllable': '0', 'Growl': '0', 'High-freq-energy': '0', 'Long-island': '0', 'Low-tilt-spectrum': '1', 'Medium-island': '2', 'Short-island': '0', 'Squeal': '0', 'Typical-entropy': '1', 'Voicing-quality': '2', 'Wide-band': '0', 'Xlong-island': '0', 'seq': '1', 'end': 2404.7, 'start': 2403.38}]",0,0,[],[]
2404700,2409780,NA,NOF,0.0,77,pause,NA,NA,NA,NA,0.0,0,-36.33,-18.93,[],0,0,[],[]
2409780,2410580,NA,OLF,0.0,77,pause,NA,NA,NA,NA,0.0,0,-38.76,-32.28,[],0,0,[],[]
2410580,2411890,NA,NOF,0.0,77,pause,NA,NA,NA,NA,0.0,0,-42.5,-34.1,[],0,0,[],[]
2411890,2413970,CHI,CHN,0.0,77,CIOCX,BC,0,NT,FI,2.0,1450,-20.41,-10.83,"[{'Canonical-syllable': '1', 'Growl': '0', 'High-freq-energy': '0', 'Long-island': '0', 'Low-tilt-spectrum': '0', 'Medium-island': '1', 'Short-island': '0', 'Squeal': '0', 'Typical-entropy': '0', 'Voicing-quality': '1', 'Wide-band': '0', 'Xlong-island': '0', 'seq': '1', 'end': 2412.2, 'start': 2411.89}, {'Canonical-syllable': '2', 'Growl': '0', 'High-freq-energy': '0', 'Long-island': '0', 'Low-tilt-spectrum': '0', 'Medium-island': '1', 'Short-island': '2', 'Squeal': '0', 'Typical-entropy': '3', 'Voicing-quality': '3', 'Wide-band': '0', 'Xlong-island': '0', 'seq': '2', 'end': 2413.74, 'start': 2412.6}]",0,0,[],[]
2413970,2416800,NA,SIL,0.0,77,CIOCX,NA,NA,NA,NA,0.0,0,-49.85,-38.88,[],0,0,[],[]
2416800,2418840,NA,NOF,0.0,77,CIOCX,NA,NA,NA,NA,0.0,0,-48.32,-39.54,[],0,0,[],[]
2418840,2420100,OCH,CXN,0.0,77,CIOCX,EC,0,NT,FI,0.0,0,-16.74,-9.62,[],0,0,[],[]
2420100,2422050,NA,SIL,0.0,78,pause,NA,NA,NA,NA,0.0,0,-52.07,-33.45,[],0,0,[],[]
2422050,2425520,NA,NOF,0.0,78,pause,NA,NA,NA,NA,0.0,0,-21.97,-5.37,[],0,0,[],[]
2425520,2428800,CHI,CHN,0.0,78,CM,BC,0,NT,FI,1.0,2750,-18.14,-9.63,"[{'Canonical-syllable': '3', 'Growl': '0', 'High-freq-energy': '0', 'Long-island': '1', 'Low-tilt-spectrum': '2', 'Medium-island': '3', 'Short-island': '2', 'Squeal': '0', 'Typical-entropy': '2', 'Voicing-quality': '6', 'Wide-band': '0', 'Xlong-island': '0', 'seq': '1', 'end': 2428.27, 'start': 2425.52}]",0,0,[],[]
2428800,2429600,NA,SIL,0.0,78,CM,NA,NA,NA,NA,0.0,0,-49.15,-41.2,[],0,0,[],[]
2429600,2430450,NA,FAF,0.0,78,CM,NA,NA,NA,NA,0.0,0,-47.31,-36.67,[],0,0,[],[]
2430450,2432050,NA,TVF,0.0,78,CM,NA,NA,NA,NA,0.0,0,-51.3,-45.94,[],0,0,[],[]
2432050,2432790,CHI,CHN,0.0,78,CM,EC,0,NT,FH,1.0,620,-16.54,-10.12,"[{'Canonical-syllable': '1', 'Growl': '0', 'High-freq-energy': '0', 'Long-island': '0', 'Low-tilt-spectrum': '1', 'Medium-island': '1', 'Short-island': '0', 'Squeal': '0', 'Typical-entropy': '1', 'Voicing-quality': '1', 'Wide-band': '0', 'Xlong-island': '0', 'seq': '1', 'end': 2432.67, 'start': 2432.18}]",0,0,[],[]
2432790,2433990,NA,SIL,0.0,79,pause,NA,NA,NA,NA,0.0,0,-57.13,-47.94,[],0,0,[],[]
2433990,2436760,NA,NOF,0.0,79,pause,NA,NA,NA,NA,0.0,0,-32.23,-10.36,[],0,0,[],[]
2436760,2437760,NA,MAF,0.0,79,pause,NA,NA,NA,NA,0.0,0,-50.6,-44.02,[],0,0,[],[]
2437760,2438560,NA,SIL,0.0,79,pause,NA,NA,NA,NA,0.0,0,-53.7,-48.14,[],0,0,[],[]
2438560,2441930,NA,NOF,0.0,79,pause,NA,NA,NA,NA,0.0,0,-33.57,-16.8,[],0,0,[],[]
2441930,2442530,CHI,CHN,0.0,79,CIC,BC,0,NT,FI,1.0,600,-19.48,-14.29,"[{'Canonical-syllable': '0', 'Growl': '0', 'High-freq-energy': '1', 'Long-island': '0', 'Low-tilt-spectrum': '1', 'Medium-island': '1', 'Short-island': '0', 'Squeal': '0', 'Typical-entropy': '1', 'Voicing-quality': '1', 'Wide-band': '0', 'Xlong-island': '0', 'seq': '1', 'end': 2442.53, 'start': 2442.06}]",0,0,[],[]
2442530,2443330,NA,OLN,0.0,79,CIC,NA,NA,NA,NA,0.0,0,-22.87,-13.68,[],0,0,[],[]
2443330,2445040,CHI,CHN,0.0,79,CIC,RC,0,TIMI,FH,2.0,1370,-17.29,-10.28,"[{'Canonical-syllable': '1', 'Growl': '0', 'High-freq-energy': '1', 'Long-island': '0', 'Low-tilt-spectrum': '1', 'Medium-island': '1', 'Short-island': '1', 'Squeal': '0', 'Typical-entropy': '2', 'Voicing-quality': '2', 'Wide-band': '0', 'Xlong-island': '0', 'seq': '1', 'end': 2444.4, 'start': 2443.33}, {'Canonical-syllable': '0', 'Growl': '0', 'High-freq-energy': '0', 'Long-island': '0', 'Low-tilt-spectrum': '0', 'Medium-island': '1', 'Short-island': '0', 'Squeal': '0', 'Typical-entropy': '1', 'Voicing-quality': '1', 'Wide-band': '0', 'Xlong-island': '0', 'seq': '2', 'end': 2445.04, 'start': 2444.74}]",0,0,[],[]
2445040,2446180,NA,NOF,0.0,79,CIC,NA,NA,NA,NA,0.0,0,-42.9,-35.44,[],0,0,[],[]
2446180,2447180,MAL,MAN,2.11,79,CIC,RC,1,TIMR,FI,0.0,0,-29.3,-22.64,[],0,0,[],[]
2447180,2448280,NA,NOF,0.0,79,CIC,NA,NA,NA,NA,0.0,0,-36.84,-22.44,[],0,0,[],[]
2448280,2449090,NA,OLF,0.0,79,CIC,NA,NA,NA,NA,0.0,0,-35.63,-22.2,[],0,0,[],[]
2449090,2450910,NA,NOF,0.0,79,CIC,NA,NA,NA,NA,0.0,0,-27.96,-11.72,[],0,0,[],[]
2450910,2452690,CHI,CHN,0.0,79,CIC,EC,1,TIME,FI,2.0,1470,-20.26,-11.92,"[{'Canonical-syllable': '1', 'Growl': '1', 'High-freq-energy': '0', 'Long-island': '0', 'Low-tilt-spectrum': '1', 'Medium-island': '1', 'Short-island': '1', 'Squeal': '0', 'Typical-entropy': '1', 'Voicing-quality': '2', 'Wide-band': '0', 'Xlong-island': '0', 'seq': '1', 'end': 2451.99, 'start': 2451.13}, {'Canonical-syllable': '1', 'Growl': '0', 'High-freq-energy': '0', 'Long-island': '0', 'Low-tilt-spectrum': '0', 'Medium-island': '1', 'Short-island': '0', 'Squeal': '0', 'Typical-entropy': '0', 'Voicing-quality': '1', 'Wide-band': '0', 'Xlong-island': '0', 'seq': '2', 'end': 2452.69, 'start': 2452.3}]",0,0,[],[]
2452690,2453550,NA,NON,0.0,80,pause,NA,NA,NA,NA,0.0,0,-37.21,-31.3,[],0,0,[],[]
2453550,2454350,NA,OLF,0.0,80,pause,NA,NA,NA,NA,0.0,0,-27.67,-20.48,[],0,0,[],[]
2454350,2455200,NA,NOF,0.0,80,pause,NA,NA,NA,NA,0.0,0,-24.47,-7.89,[],0,0,[],[]
2455200,2456000,NA,OLN,0.0,80,pause,NA,NA,NA,NA,0.0,0,-27.93,-19.97,[],0,0,[],[]
2456000,2456800,NA,NOF,0.0,80,pause,NA,NA,NA,NA,0.0,0,-42.74,-35.61,[],0,0,[],[]
2456800,2457720,NA,OLN,0.0,80,pause,NA,NA,NA,NA,0.0,0,-16.68,-8.97,[],0,0,[],[]
2457720,2458710,CHI,CHN,0.0,80,CIC,BC,0,TIMI,FI,1.0,770,-16.04,-7.0,"[{'Canonical-syllable': '0', 'Growl': '0', 'High-freq-energy': '0', 'Long-island': '0', 'Low-tilt-spectrum': '1', 'Medium-island': '2', 'Short-island': '0', 'Squeal': '0', 'Typical-entropy': '1', 'Voicing-quality': '2', 'Wide-band': '0', 'Xlong-island': '0', 'seq': '1', 'end': 2458.49, 'start': 2457.72}]",0,0,[],[]
2458710,2459780,MAL,MAN,2.01,80,CIC,RC,1,TIMR,FI,0.0,0,-30.31,-16.39,[],0,0,[],[]
2459780,2461030,NA,NOF,0.0,80,CIC,NA,NA,NA,NA,0.0,0,-45.59,-36.37,[],0,0,[],[]
2461030,2461960,NA,OLN,0.0,80,CIC,NA,NA,NA,NA,0.0,0,-36.55,-25.61,[],0,0,[],[]
2461960,2463620,NA,NOF,0.0,80,CIC,NA,NA,NA,NA,0.0,0,-43.65,-31.08,[],0,0,[],[]
2463620,2464340,CHI,CHN,0.0,80,CIC,RC,1,TIME,FI,1.0,500,-15.01,-5.15,"[{'Canonical-syllable': '0', 'Growl': '0', 'High-freq-energy': '0', 'Long-island': '0', 'Low-tilt-spectrum': '0', 'Medium-island': '1', 'Short-island': '0', 'Squeal': '0', 'Typical-entropy': '0', 'Voicing-quality': '1', 'Wide-band': '0', 'Xlong-island': '0', 'seq': '1', 'end': 2464.12, 'start': 2463.62}]",0,0,[],[]
2464340,2465340,CHI,CHN,0.0,80,CIC,EC,1,NT,FH,1.0,1000,-16.41,-10.03,"[{'Canonical-syllable': '2', 'Growl': '0', 'High-freq-energy': '0', 'Long-island': '0', 'Low-tilt-spectrum': '2', 'Medium-island': '2', 'Short-island': '0', 'Squeal': '0', 'Typical-entropy': '1', 'Voicing-quality': '2', 'Wide-band': '0', 'Xlong-island': '0', 'seq': '1', 'end': 2465.34, 'start': 2464.34}]",0,0,[],[]
2465340,2466210,NA,OLF,0.0,81,pause,NA,NA,NA,NA,0.0,0,-38.06,-26.69,[],0,0,[],[]
2466210,2467240,NA,MAF,0.0,81,pause,NA,NA,NA,NA,0.0,0,-40.13,-35.14,[],0,0,[],[]
2467240,2470380,NA,NOF,0.0,81,pause,NA,NA,NA,NA,0.0,0,-40.01,-22.13,[],0,0,[],[]
2470380,2471380,NA,MAF,0.0,81,pause,NA,NA,NA,NA,0.0,0,-27.48,-12.69,[],0,0,[],[]
2471380,2474700,NA,NON,0.0,81,pause,NA,NA,NA,NA,0.0,0,-37.94,-20.95,[],0,0,[],[]
2474700,2475660,NA,OLN,0.0,81,pause,NA,NA,NA,NA,0.0,0,-19.95,-5.73,[],0,0,[],[]
2475660,2476480,NA,NON,0.0,81,pause,NA,NA,NA,NA,0.0,0,-14.43,-4.83,[],0,0,[],[]
2476480,2478590,NA,OLF,0.0,81,pause,NA,NA,NA,NA,0.0,0,-14.44,-3.77,[],0,0,[],[]
2478590,2479400,NA,NOF,0.0,81,pause,NA,NA,NA,NA,0.0,0,-13.91,-5.9,[],0,0,[],[]
2479400,2480210,NA,OLF,0.0,81,pause,NA,NA,NA,NA,0.0,0,-14.42,-5.14,[],0,0,[],[]
2480210,2481260,NA,NON,0.0,81,pause,NA,NA,NA,NA,0.0,0,-14.99,-5.02,[],0,0,[],[]
2481260,2482420,NA,OLF,0.0,81,pause,NA,NA,NA,NA,0.0,0,-15.19,-4.56,[],0,0,[],[]
2482420,2483350,NA,NOF,0.0,81,pause,NA,NA,NA,NA,0.0,0,-13.43,-4.78,[],0,0,[],[]
2483350,2486630,NA,OLN,0.0,81,pause,NA,NA,NA,NA,0.0,0,-16.25,-4.77,[],0,0,[],[]
2486630,2488250,CHI,CHN,0.0,81,CIOCX,BC,0,NT,FI,1.0,1280,-24.62,-16.23,"[{'Canonical-syllable': '3', 'Growl': '0', 'High-freq-energy': '0', 'Long-island': '0', 'Low-tilt-spectrum': '0', 'Medium-island': '2', 'Short-island': '1', 'Squeal': '0', 'Typical-entropy': '2', 'Voicing-quality': '3', 'Wide-band': '0', 'Xlong-island': '0', 'seq': '1', 'end': 2487.91, 'start': 2486.78}]",0,0,[],[]
2488250,2489330,NA,SIL,0.0,81,CIOCX,NA,NA,NA,NA,0.0,0,-52.44,-45.53,[],0,0,[],[]
2489330,2490360,CHI,CHN,0.0,81,CIOCX,RC,0,NT,FH,1.0,1030,-14.98,-8.96,"[{'Canonical-syllable': '0', 'Growl': '0', 'High-freq-energy': '0', 'Long-island': '0', 'Low-tilt-spectrum': '1', 'Medium-island': '0', 'Short-island': '0', 'Squeal': '0', 'Typical-entropy': '1', 'Voicing-quality': '1', 'Wide-band': '0', 'Xlong-island': '1', 'seq': '1', 'end': 2490.36, 'start': 2489.33}]",0,0,[],[]
2490360,2491360,CHI,CHN,0.0,81,CIOCX,RC,0,NT,FH,2.0,460,-18.95,-11.55,"[{'Canonical-syllable': '1', 'Growl': '0', 'High-freq-energy': '0', 'Long-island': '0', 'Low-tilt-spectrum': '0', 'Medium-island': '0', 'Short-island': '1', 'Squeal': '0', 'Typical-entropy': '0', 'Voicing-quality': '1', 'Wide-band': '0', 'Xlong-island': '0', 'seq': '1', 'end': 2490.5, 'start': 2490.36}, {'Canonical-syllable': '0', 'Growl': '0', 'High-freq-energy': '0', 'Long-island': '0', 'Low-tilt-spectrum': '1', 'Medium-island': '1', 'Short-island': '0', 'Squeal': '0', 'Typical-entropy': '1', 'Voicing-quality': '1', 'Wide-band': '0', 'Xlong-island': '0', 'seq': '2', 'end': 2491.36, 'start': 2491.04}]",0,0,[],[]
2491360,2492160,NA,OLN,0.0,81,CIOCX,NA,NA,NA,NA,0.0,0,-22.27,-9.86,[],0,0,[],[]
2492160,2493030,CHI,CHN,0.0,81,CIOCX,RC,0,NT,FH,1.0,760,-14.89,-4.7,"[{'Canonical-syllable': '1', 'Growl': '1', 'High-freq-energy': '0', 'Long-island': '0', 'Low-tilt-spectrum': '2', 'Medium-island': '0', 'Short-island': '2', 'Squeal': '1', 'Typical-entropy': '3', 'Voicing-quality': '3', 'Wide-band': '1', 'Xlong-island': '0', 'seq': '1', 'end': 2492.92, 'start': 2492.16}]",0,0,[],[]
2493030,2493960,OCH,CXN,0.0,81,CIOCX,RC,0,NT,FI,0.0,0,-14.24,-6.35,[],0,0,[],[]
2493960,2495490,NA,NOF,0.0,81,CIOCX,NA,NA,NA,NA,0.0,0,-39.8,-28.73,[],0,0,[],[]
2495490,2496110,OCH,CXN,0.0,81,CIOCX,RC,0,NT,FH,0.0,0,-25.17,-17.39,[],0,0,[],[]
2496110,2497460,CHI,CHN,0.0,81,CIOCX,RC,0,NT,FI,2.0,240,-24.83,-11.37,"[{'Canonical-syllable': '1', 'Growl': '0', 'High-freq-energy': '0', 'Long-island': '0', 'Low-tilt-spectrum': '0', 'Medium-island': '0', 'Short-island': '1', 'Squeal': '0', 'Typical-entropy': '0', 'Voicing-quality': '1', 'Wide-band': '0', 'Xlong-island': '0', 'seq': '1', 'end': 2496.25, 'start': 2496.11}, {'Canonical-syllable': '0', 'Growl': '0', 'High-freq-energy': '0', 'Long-island': '0', 'Low-tilt-spectrum': '0', 'Medium-island': '0', 'Short-island': '0', 'Squeal': '0', 'Typical-entropy': '0', 'Voicing-quality': '0', 'Wide-band': '0', 'Xlong-island': '0', 'seq': '2', 'end': 2497.46, 'start': 2497.36}]",0,0,[],[]
2497460,2498470,CHI,CHN,0.0,81,CIOCX,EC,0,NT,FH,2.0,380,-20.7,-12.67,"[{'Canonical-syllable': '0', 'Growl': '0', 'High-freq-energy': '0', 'Long-island': '0', 'Low-tilt-spectrum': '0', 'Medium-island': '0', 'Short-island': '0', 'Squeal': '0', 'Typical-entropy': '0', 'Voicing-quality': '1', 'Wide-band': '0', 'Xlong-island': '0', 'seq': '1', 'end': 2497.55, 'start': 2497.46}, {'Canonical-syllable': '0', 'Growl': '0', 'High-freq-energy': '0', 'Long-island': '0', 'Low-tilt-spectrum': '0', 'Medium-island': '1', 'Short-island': '0', 'Squeal': '0', 'Typical-entropy': '0', 'Voicing-quality': '1', 'Wide-band': '1', 'Xlong-island': '0', 'seq': '2', 'end': 2498.38, 'start': 2498.09}]",0,0,[],[]
2498470,2499280,NA,SIL,0.0,82,pause,NA,NA,NA,NA,0.0,0,-48.74,-45.52,[],0,0,[],[]
2499280,2503370,NA,NOF,0.0,82,pause,NA,NA,NA,NA,0.0,0,-43.97,-34.04,[],0,0,[],[]
2503370,2504450,NA,MAF,0.0,82,pause,NA,NA,NA,NA,0.0,0,-39.54,-28.97,[],0,0,[],[]
2504450,2507260,NA,NOF,0.0,82,pause,NA,NA,NA,NA,0.0,0,-41.1,-29.38,[],0,0,[],[]
2507260,2508270,MAL,MAN,0.0,82,pause,NA,NA,NA,NA,0.0,0,-38.67,-33.32,[],1010,0,[],[]
2508270,2509590,NA,NOF,0.0,82,pause,NA,NA,NA,NA,0.0,0,-40.61,-31.18,[],0,0,[],[]
2509590,2510590,NA,MAF,0.0,82,pause,NA,NA,NA,NA,0.0,0,-39.77,-29.65,[],0,0,[],[]
2510590,2511430,NA,NOF,0.0,82,pause,NA,NA,NA,NA,0.0,0,-45.23,-37.33,[],0,0,[],[]
2511430,2512480,NA,TVF,0.0,82,pause,NA,NA,NA,NA,0.0,0,-48.45,-41.11,[],0,0,[],[]
2512480,2513810,NA,MAF,0.0,82,pause,NA,NA,NA,NA,0.0,0,-46.73,-39.42,[],0,0,[],[]
2513810,2516000,NA,NOF,0.0,82,pause,NA,NA,NA,NA,0.0,0,-48.18,-40.94,[],0,0,[],[]
2516000,2517110,NA,MAF,0.0,82,pause,NA,NA,NA,NA,0.0,0,-47.17,-36.88,[],0,0,[],[]
2517110,2521450,NA,NOF,0.0,82,pause,NA,NA,NA,NA,0.0,0,-46.05,-34.6,[],0,0,[],[]
2521450,2522500,NA,FAF,0.0,82,pause,NA,NA,NA,NA,0.0,0,-42.56,-32.98,[],0,0,[],[]
2522500,2524300,NA,NOF,0.0,82,pause,NA,NA,NA,NA,0.0,0,-47.35,-39.92,[],0,0,[],[]
2524300,2524900,FEM,FAN,0.74,82,AMF,EC,0,NT,FI,0.0,0,-40.55,-32.81,[],0,0,[],[]
2524900,2529990,NA,NOF,0.0,83,pause,NA,NA,NA,NA,0.0,0,-37.17,-19.1,[],0,0,[],[]
2529990,2531540,NA,SIL,0.0,83,pause,NA,NA,NA,NA,0.0,0,-51.04,-43.27,[],0,0,[],[]
2531540,2532360,NA,NOF,0.0,83,pause,NA,NA,NA,NA,0.0,0,-48.67,-45.15,[],0,0,[],[]
2532360,2534330,NA,SIL,0.0,83,pause,NA,NA,NA,NA,0.0,0,-49.69,-40.71,[],0,0,[],[]
2534330,2537590,NA,NOF,0.0,83,pause,NA,NA,NA,NA,0.0,0,-24.91,-6.29,[],0,0,[],[]
2537590,2540780,NA,OLN,0.0,83,pause,NA,NA,NA,NA,0.0,0,-25.3,-10.75,[],0,0,[],[]
2540780,2545780,NA,NOF,0.0,83,pause,NA,NA,NA,NA,0.0,0,-30.98,-7.86,[],0,0,[],[]
2545780,2548000,NA,SIL,0.0,83,pause,NA,NA,NA,NA,0.0,0,-46.95,-32.03,[],0,0,[],[]
2548000,2549740,NA,NOF,0.0,83,pause,NA,NA,NA,NA,0.0,0,-35.86,-21.87,[],0,0,[],[]
2549740,2550680,NA,SIL,0.0,83,pause,NA,NA,NA,NA,0.0,0,-48.03,-41.41,[],0,0,[],[]
2550680,2551660,NA,FAF,0.0,83,pause,NA,NA,NA,NA,0.0,0,-47.08,-36.17,[],0,0,[],[]
2551660,2552820,NA,SIL,0.0,83,pause,NA,NA,NA,NA,0.0,0,-44.66,-31.62,[],0,0,[],[]
2552820,2556780,NA,NOF,0.0,83,pause,NA,NA,NA,NA,0.0,0,-32.88,-11.0,[],0,0,[],[]
2556780,2557900,CHI,CHN,0.0,83,CM,BC,0,NT,FI,1.0,560,-18.23,-11.53,"[{'Canonical-syllable': '0', 'Growl': '0', 'High-freq-energy': '0', 'Long-island': '0', 'Low-tilt-spectrum': '0', 'Medium-island': '1', 'Short-island': '0', 'Squeal': '0', 'Typical-entropy': '1', 'Voicing-quality': '1', 'Wide-band': '0', 'Xlong-island': '0', 'seq': '1', 'end': 2557.34, 'start': 2556.78}]",0,0,[],[]
2557900,2558500,CHI,CHN,0.0,83,CM,EC,0,NT,FH,1.0,600,-28.01,-21.97,"[{'Canonical-syllable': '0', 'Growl': '0', 'High-freq-energy': '0', 'Long-island': '0', 'Low-tilt-spectrum': '0', 'Medium-island': '1', 'Short-island': '0', 'Squeal': '0', 'Typical-entropy': '0', 'Voicing-quality': '1', 'Wide-band': '0', 'Xlong-island': '0', 'seq': '1', 'end': 2558.5, 'start': 2558.01}]",0,0,[],[]
2558500,2567030,NA,NOF,0.0,84,pause,NA,NA,NA,NA,0.0,0,-42.23,-24.18,[],0,0,[],[]
2567030,2567660,CHI,CHN,0.0,84,CM,EC,0,NT,FI,1.0,630,-9.94,-2.95,"[{'Canonical-syllable': '0', 'Growl': '0', 'High-freq-energy': '1', 'Long-island': '0', 'Low-tilt-spectrum': '1', 'Medium-island': '1', 'Short-island': '0', 'Squeal': '1', 'Typical-entropy': '1', 'Voicing-quality': '1', 'Wide-band': '0', 'Xlong-island': '0', 'seq': '1', 'end': 2567.66, 'start': 2567.03}]",0,0,[],[]
2567660,2583290,NA,NOF,0.0,85,pause,NA,NA,NA,NA,0.0,0,-37.58,-14.08,[],0,0,[],[]
2583290,2583890,CHI,CHN,0.0,85,CM,EC,0,NT,FI,1.0,600,-23.68,-19.09,"[{'Canonical-syllable': '0', 'Growl': '0', 'High-freq-energy': '0', 'Long-island': '0', 'Low-tilt-spectrum': '0', 'Medium-island': '1', 'Short-island': '0', 'Squeal': '0', 'Typical-entropy': '0', 'Voicing-quality': '1', 'Wide-band': '0', 'Xlong-island': '0', 'seq': '1', 'end': 2583.89, 'start': 2583.29}]",0,0,[],[]
2583890,2584700,NA,OLF,0.0,86,pause,NA,NA,NA,NA,0.0,0,-38.48,-28.05,[],0,0,[],[]
2584700,2587120,NA,NOF,0.0,86,pause,NA,NA,NA,NA,0.0,0,-39.6,-27.35,[],0,0,[],[]
2587120,2587920,NA,SIL,0.0,86,pause,NA,NA,NA,NA,0.0,0,-45.49,-31.55,[],0,0,[],[]
2587920,2591010,NA,NOF,0.0,86,pause,NA,NA,NA,NA,0.0,0,-32.59,-18.83,[],0,0,[],[]
2591010,2591950,NA,OLN,0.0,86,pause,NA,NA,NA,NA,0.0,0,-19.59,-4.56,[],0,0,[],[]
2591950,2594630,NA,NOF,0.0,86,pause,NA,NA,NA,NA,0.0,0,-34.91,-25.2,[],0,0,[],[]
2594630,2595460,NA,OLN,0.0,86,pause,NA,NA,NA,NA,0.0,0,-29.76,-19.04,[],0,0,[],[]
2595460,2598310,NA,NOF,0.0,86,pause,NA,NA,NA,NA,0.0,0,-28.1,-9.88,[],0,0,[],[]
2598310,2599320,NA,OLN,0.0,86,pause,NA,NA,NA,NA,0.0,0,-19.16,-4.97,[],0,0,[],[]
2599320,2601330,NA,NON,0.0,86,pause,NA,NA,NA,NA,0.0,0,-26.46,-6.02,[],0,0,[],[]
2601330,2602540,NA,OLF,0.0,86,pause,NA,NA,NA,NA,0.0,0,-36.98,-31.69,[],0,0,[],[]
2602540,2603620,NA,NON,0.0,86,pause,NA,NA,NA,NA,0.0,0,-36.21,-25.82,[],0,0,[],[]
2603620,2604420,NA,OLF,0.0,86,pause,NA,NA,NA,NA,0.0,0,-38.27,-28.42,[],0,0,[],[]
2604420,2605860,CHI,CHN,0.0,86,CM,BC,0,NT,FI,2.0,920,-27.39,-20.71,"[{'Canonical-syllable': '1', 'Growl': '0', 'High-freq-energy': '0', 'Long-island': '0', 'Low-tilt-spectrum': '0', 'Medium-island': '1', 'Short-island': '0', 'Squeal': '0', 'Typical-entropy': '0', 'Voicing-quality': '1', 'Wide-band': '0', 'Xlong-island': '0', 'seq': '1', 'end': 2604.74, 'start': 2604.42}, {'Canonical-syllable': '0', 'Growl': '0', 'High-freq-energy': '0', 'Long-island': '0', 'Low-tilt-spectrum': '0', 'Medium-island': '1', 'Short-island': '0', 'Squeal': '0', 'Typical-entropy': '0', 'Voicing-quality': '1', 'Wide-band': '0', 'Xlong-island': '0', 'seq': '2', 'end': 2605.86, 'start': 2605.26}]",0,0,[],[]
2605860,2606700,NA,OLF,0.0,86,CM,NA,NA,NA,NA,0.0,0,-37.46,-25.98,[],0,0,[],[]
2606700,2607300,CHI,CHN,0.0,86,CM,RC,0,NT,FH,1.0,600,-18.62,-9.99,"[{'Canonical-syllable': '0', 'Growl': '0', 'High-freq-energy': '0', 'Long-island': '0', 'Low-tilt-spectrum': '2', 'Medium-island': '0', 'Short-island': '1', 'Squeal': '0', 'Typical-entropy': '2', 'Voicing-quality': '2', 'Wide-band': '0', 'Xlong-island': '0', 'seq': '1', 'end': 2607.3, 'start': 2606.83}]",0,0,[],[]
2607300,2608100,NA,NOF,0.0,86,CM,NA,NA,NA,NA,0.0,0,-38.77,-27.63,[],0,0,[],[]
2608100,2609130,CHI,CHN,0.0,86,CM,RC,0,NT,FH,1.0,1030,-18.64,-10.14,"[{'Canonical-syllable': '1', 'Growl': '0', 'High-freq-energy': '0', 'Long-island': '0', 'Low-tilt-spectrum': '2', 'Medium-island': '2', 'Short-island': '0', 'Squeal': '0', 'Typical-entropy': '2', 'Voicing-quality': '2', 'Wide-band': '0', 'Xlong-island': '0', 'seq': '1', 'end': 2609.13, 'start': 2608.1}]",0,0,[],[]
2609130,2609970,NA,NOF,0.0,86,CM,NA,NA,NA,NA,0.0,0,-39.37,-29.84,[],0,0,[],[]
2609970,2613260,CHI,CHN,0.0,86,CM,EC,0,NT,FH,2.0,2790,-19.22,-10.36,"[{'Canonical-syllable': '0', 'Growl': '0', 'High-freq-energy': '0', 'Long-island': '1', 'Low-tilt-spectrum': '2', 'Medium-island': '0', 'Short-island': '0', 'Squeal': '0', 'Typical-entropy': '2', 'Voicing-quality': '3', 'Wide-band': '0', 'Xlong-island': '0', 'seq': '1', 'end': 2611.28, 'start': 2609.97}, {'Canonical-syllable': '0', 'Growl': '0', 'High-freq-energy': '0', 'Long-island': '1', 'Low-tilt-spectrum': '1', 'Medium-island': '0', 'Short-island': '2', 'Squeal': '0', 'Typical-entropy': '3', 'Voicing-quality': '3', 'Wide-band': '0', 'Xlong-island': '0', 'seq': '2', 'end': 2613.26, 'start': 2611.78}]",0,0,[],[]
2613260,2615780,NA,OLF,0.0,87,pause,NA,NA,NA,NA,0.0,0,-29.14,-6.87,[],0,0,[],[]
2615780,2617860,NA,NOF,0.0,87,pause,NA,NA,NA,NA,0.0,0,-29.54,-7.57,[],0,0,[],[]
2617860,2618820,NA,OLN,0.0,87,pause,NA,NA,NA,NA,0.0,0,-22.2,-5.55,[],0,0,[],[]
2618820,2620500,NA,NOF,0.0,87,pause,NA,NA,NA,NA,0.0,0,-41.07,-28.0,[],0,0,[],[]
2620500,2621830,NA,SIL,0.0,87,pause,NA,NA,NA,NA,0.0,0,-45.01,-40.15,[],0,0,[],[]
2621830,2623660,CHI,CHN,0.0,87,CIC,BC,0,NT,FI,2.0,1260,-17.78,-7.56,"[{'Canonical-syllable': '0', 'Growl': '0', 'High-freq-energy': '0', 'Long-island': '0', 'Low-tilt-spectrum': '1', 'Medium-island': '0', 'Short-island': '1', 'Squeal': '0', 'Typical-entropy': '1', 'Voicing-quality': '1', 'Wide-band': '0', 'Xlong-island': '0', 'seq': '1', 'end': 2622.16, 'start': 2621.98}, {'Canonical-syllable': '0', 'Growl': '0', 'High-freq-energy': '0', 'Long-island': '0', 'Low-tilt-spectrum': '0', 'Medium-island': '2', 'Short-island': '0', 'Squeal': '0', 'Typical-entropy': '1', 'Voicing-quality': '2', 'Wide-band': '0', 'Xlong-island': '0', 'seq': '2', 'end': 2623.46, 'start': 2622.53}]",0,0,[],[]
2623660,2624770,NA,OLN,0.0,87,CIC,NA,NA,NA,NA,0.0,0,-29.97,-18.51,[],0,0,[],[]
2624770,2626530,CHI,CHN,0.0,87,CIC,RC,0,TIFI,FH,2.0,1220,-18.23,-10.94,"[{'Canonical-syllable': '0', 'Growl': '0', 'High-freq-energy': '1', 'Long-island': '0', 'Low-tilt-spectrum': '1', 'Medium-island': '1', 'Short-island': '0', 'Squeal': '0', 'Typical-entropy': '1', 'Voicing-quality': '1', 'Wide-band': '0', 'Xlong-island': '0', 'seq': '1', 'end': 2625.35, 'start': 2624.77}, {'Canonical-syllable': '0', 'Growl': '0', 'High-freq-energy': '0', 'Long-island': '0', 'Low-tilt-spectrum': '1', 'Medium-island': '1', 'Short-island': '0', 'Squeal': '0', 'Typical-entropy': '1', 'Voicing-quality': '1', 'Wide-band': '0', 'Xlong-island': '0', 'seq': '2', 'end': 2626.53, 'start': 2625.89}]",0,0,[],[]
2626530,2628320,NA,OLN,0.0,87,CIC,NA,NA,NA,NA,0.0,0,-22.96,-12.22,[],0,0,[],[]
2628320,2629290,NA,SIL,0.0,87,CIC,NA,NA,NA,NA,0.0,0,-43.11,-37.33,[],0,0,[],[]
2629290,2630290,FEM,FAN,1.49,87,CIC,RC,1,TIFR,FI,0.0,0,-37.5,-27.44,[],0,0,[],[]
2630290,2631120,NA,FAF,0.0,87,CIC,NA,NA,NA,NA,0.0,0,-40.65,-30.53,[],0,0,[],[]
2631120,2632120,FEM,FAN,3.55,87,CIC,RC,1,NT,FH,0.0,0,-34.98,-27.54,[],0,0,[],[]
2632120,2633070,NA,NOF,0.0,87,CIC,NA,NA,NA,NA,0.0,0,-41.91,-37.98,[],0,0,[],[]
2633070,2633870,NA,OLF,0.0,87,CIC,NA,NA,NA,NA,0.0,0,-32.9,-21.27,[],0,0,[],[]
2633870,2635170,NA,NOF,0.0,87,CIC,NA,NA,NA,NA,0.0,0,-21.09,-2.84,[],0,0,[],[]
2635170,2635970,NA,OLF,0.0,87,CIC,NA,NA,NA,NA,0.0,0,-37.99,-32.22,[],0,0,[],[]
2635970,2636640,FEM,FAN,0.0,87,CIC,NA,NA,NA,NA,0.0,0,-28.86,-24.52,[],670,0,[],[]
2636640,2637820,CHI,CHN,0.0,87,CIC,RC,1,TIFE,FI,1.0,1100,-26.05,-17.86,"[{'Canonical-syllable': '1', 'Growl': '1', 'High-freq-energy': '0', 'Long-island': '0', 'Low-tilt-spectrum': '0', 'Medium-island': '2', 'Short-island': '1', 'Squeal': '0', 'Typical-entropy': '2', 'Voicing-quality': '3', 'Wide-band': '1', 'Xlong-island': '0', 'seq': '1', 'end': 2637.74, 'start': 2636.64}]",0,0,[],[]
2637820,2639470,CHI,CHN,0.0,87,CIC,RC,1,NT,FH,2.0,740,-24.06,-11.66,"[{'Canonical-syllable': '0', 'Growl': '0', 'High-freq-energy': '0', 'Long-island': '0', 'Low-tilt-spectrum': '0', 'Medium-island': '1', 'Short-island': '0', 'Squeal': '0', 'Typical-entropy': '1', 'Voicing-quality': '0', 'Wide-band': '0', 'Xlong-island': '0', 'seq': '1', 'end': 2638.13, 'start': 2637.82}, {'Canonical-syllable': '0', 'Growl': '0', 'High-freq-energy': '0', 'Long-island': '0', 'Low-tilt-spectrum': '0', 'Medium-island': '1', 'Short-island': '0', 'Squeal': '0', 'Typical-entropy': '0', 'Voicing-quality': '1', 'Wide-band': '0', 'Xlong-island': '0', 'seq': '2', 'end': 2639.47, 'start': 2639.04}]",0,0,[],[]
2639470,2640280,NA,OLF,0.0,87,CIC,NA,NA,NA,NA,0.0,0,-35.11,-27.34,[],0,0,[],[]
2640280,2641000,CHI,CHN,0.0,87,CIC,EC,1,NT,FH,1.0,720,-24.98,-15.2,"[{'Canonical-syllable': '0', 'Growl': '1', 'High-freq-energy': '0', 'Long-island': '0', 'Low-tilt-spectrum': '0', 'Medium-island': '2', 'Short-island': '0', 'Squeal': '0', 'Typical-entropy': '0', 'Voicing-quality': '2', 'Wide-band': '0', 'Xlong-island': '0', 'seq': '1', 'end': 2641.0, 'start': 2640.28}]",0,0,[],[]
2641000,2647080,NA,NOF,0.0,88,pause,NA,NA,NA,NA,0.0,0,-35.84,-14.05,[],0,0,[],[]
2647080,2648110,FEM,FAN,1.95,88,AMF,EC,0,NT,FI,0.0,0,-33.06,-24.19,[],0,0,[],[]
2648110,2649000,NA,OLF,0.0,89,pause,NA,NA,NA,NA,0.0,0,-27.66,-13.15,[],0,0,[],[]
2649000,2650220,NA,NOF,0.0,89,pause,NA,NA,NA,NA,0.0,0,-34.95,-19.89,[],0,0,[],[]
2650220,2651020,NA,OLF,0.0,89,pause,NA,NA,NA,NA,0.0,0,-36.43,-20.25,[],0,0,[],[]
2651020,2653800,NA,NOF,0.0,89,pause,NA,NA,NA,NA,0.0,0,-37.6,-17.71,[],0,0,[],[]
2653800,2654720,NA,OLF,0.0,89,pause,NA,NA,NA,NA,0.0,0,-27.31,-11.74,[],0,0,[],[]
2654720,2658630,NA,NOF,0.0,89,pause,NA,NA,NA,NA,0.0,0,-27.04,-7.79,[],0,0,[],[]
2658630,2659570,NA,OLN,0.0,89,pause,NA,NA,NA,NA,0.0,0,-19.75,-5.24,[],0,0,[],[]
2659570,2660530,NA,NOF,0.0,89,pause,NA,NA,NA,NA,0.0,0,-41.55,-35.07,[],0,0,[],[]
2660530,2661330,NA,SIL,0.0,89,pause,NA,NA,NA,NA,0.0,0,-42.31,-30.4,[],0,0,[],[]
2661330,2666880,NA,NOF,0.0,89,pause,NA,NA,NA,NA,0.0,0,-29.2,-8.0,[],0,0,[],[]
2666880,2667620,CHI,CHN,0.0,89,CIC,BC,0,TIFI,FI,2.0,230,-17.43,-5.82,"[{'Canonical-syllable': '0', 'Growl': '1', 'High-freq-energy': '1', 'Long-island': '0', 'Low-tilt-spectrum': '1', 'Medium-island': '0', 'Short-island': '0', 'Squeal': '0', 'Typical-entropy': '1', 'Voicing-quality': '1', 'Wide-band': '0', 'Xlong-island': '0', 'seq': '1', 'end': 2666.99, 'start': 2666.88}, {'Canonical-syllable': '0', 'Growl': '1', 'High-freq-energy': '0', 'Long-island': '0', 'Low-tilt-spectrum': '0', 'Medium-island': '0', 'Short-island': '0', 'Squeal': '0', 'Typical-entropy': '0', 'Voicing-quality': '1', 'Wide-band': '0', 'Xlong-island': '0', 'seq': '2', 'end': 2667.62, 'start': 2667.5}]",0,0,[],[]
2667620,2669760,NA,OLF,0.0,89,CIC,NA,NA,NA,NA,0.0,0,-25.16,-6.84,[],0,0,[],[]
2669760,2672200,NA,NOF,0.0,89,CIC,NA,NA,NA,NA,0.0,0,-37.87,-21.52,[],0,0,[],[]
2672200,2673200,FEM,FAN,4.83,89,CIC,EC,1,TIFR,FI,0.0,0,-31.93,-20.01,[],0,0,[],[]
2673200,2674800,NA,OLF,0.0,90,pause,NA,NA,NA,NA,0.0,0,-24.67,-9.48,[],0,0,[],[]
2674800,2675640,NA,NOF,0.0,90,pause,NA,NA,NA,NA,0.0,0,-30.5,-16.54,[],0,0,[],[]
2675640,2676440,NA,OLF,0.0,90,pause,NA,NA,NA,NA,0.0,0,-26.39,-10.72,[],0,0,[],[]
2676440,2680200,NA,NOF,0.0,90,pause,NA,NA,NA,NA,0.0,0,-30.6,-6.69,[],0,0,[],[]
2680200,2682310,NA,SIL,0.0,90,pause,NA,NA,NA,NA,0.0,0,-42.72,-34.68,[],0,0,[],[]
2682310,2683180,NA,OLF,0.0,90,pause,NA,NA,NA,NA,0.0,0,-36.35,-24.3,[],0,0,[],[]
2683180,2683980,NA,SIL,0.0,90,pause,NA,NA,NA,NA,0.0,0,-43.14,-37.13,[],0,0,[],[]
2683980,2685600,NA,OLF,0.0,90,pause,NA,NA,NA,NA,0.0,0,-27.49,-7.64,[],0,0,[],[]
2685600,2686470,NA,SIL,0.0,90,pause,NA,NA,NA,NA,0.0,0,-39.15,-25.99,[],0,0,[],[]
2686470,2687450,NA,NON,0.0,90,pause,NA,NA,NA,NA,0.0,0,-18.14,-4.08,[],0,0,[],[]
2687450,2688250,NA,SIL,0.0,90,pause,NA,NA,NA,NA,0.0,0,-36.74,-24.23,[],0,0,[],[]
2688250,2689400,FEM,FAN,4.96,90,AMF,BC,0,NT,FI,0.0,0,-30.92,-21.15,[],0,0,[],[]
2689400,2690200,NA,OLF,0.0,90,AMF,NA,NA,NA,NA,0.0,0,-26.08,-9.01,[],0,0,[],[]
2690200,2691240,FEM,FAN,4.8,90,AMF,RC,0,NT,FH,0.0,0,-36.59,-27.12,[],0,0,[],[]
2691240,2692310,NA,SIL,0.0,90,AMF,NA,NA,NA,NA,0.0,0,-41.57,-34.92,[],0,0,[],[]
2692310,2693250,NA,OLF,0.0,90,AMF,NA,NA,NA,NA,0.0,0,-22.58,-9.24,[],0,0,[],[]
2693250,2694810,NA,NON,0.0,90,AMF,NA,NA,NA,NA,0.0,0,-20.08,-6.06,[],0,0,[],[]
2694810,2695610,NA,SIL,0.0,90,AMF,NA,NA,NA,NA,0.0,0,-42.44,-38.0,[],0,0,[],[]
2695610,2698190,FEM,FAN,5.96,90,AMF,EC,0,NT,FH,0.0,0,-29.8,-12.07,[],0,0,[],[]
2698190,2700260,NA,NOF,0.0,91,pause,NA,NA,NA,NA,0.0,0,-36.68,-22.0,[],0,0,[],[]
2700260,2701070,NA,OLF,0.0,91,pause,NA,NA,NA,NA,0.0,0,-18.93,-3.16,[],0,0,[],[]
2701070,2701920,NA,NOF,0.0,91,pause,NA,NA,NA,NA,0.0,0,-41.6,-37.15,[],0,0,[],[]
2701920,2703120,NA,SIL,0.0,91,pause,NA,NA,NA,NA,0.0,0,-42.32,-36.85,[],0,0,[],[]
2703120,2703920,NA,OLF,0.0,91,pause,NA,NA,NA,NA,0.0,0,-24.67,-10.76,[],0,0,[],[]
2703920,2705760,NA,SIL,0.0,91,pause,NA,NA,NA,NA,0.0,0,-39.56,-29.98,[],0,0,[],[]
2705760,2706560,NA,NOF,0.0,91,pause,NA,NA,NA,NA,0.0,0,-40.3,-32.89,[],0,0,[],[]
2706560,2707360,NA,SIL,0.0,91,pause,NA,NA,NA,NA,0.0,0,-43.17,-39.13,[],0,0,[],[]
2707360,2708160,NA,OLF,0.0,91,pause,NA,NA,NA,NA,0.0,0,-38.86,-29.35,[],0,0,[],[]
2708160,2709170,NA,SIL,0.0,91,pause,NA,NA,NA,NA,0.0,0,-41.97,-35.6,[],0,0,[],[]
2709170,2710370,NA,OLF,0.0,91,pause,NA,NA,NA,NA,0.0,0,-31.39,-18.94,[],0,0,[],[]
2710370,2711910,CHI,CHN,0.0,91,CM,EC,0,NT,FI,1.0,1460,-17.11,-11.04,"[{'Canonical-syllable': '1', 'Growl': '0', 'High-freq-energy': '0', 'Long-island': '1', 'Low-tilt-spectrum': '0', 'Medium-island': '0', 'Short-island': '2', 'Squeal': '0', 'Typical-entropy': '1', 'Voicing-quality': '3', 'Wide-band': '0', 'Xlong-island': '0', 'seq': '1', 'end': 2711.83, 'start': 2710.37}]",0,0,[],[]
2711910,2720840,NA,OLF,0.0,92,pause,NA,NA,NA,NA,0.0,0,-35.33,-17.24,[],0,0,[],[]
2720840,2721640,NA,SIL,0.0,92,pause,NA,NA,NA,NA,0.0,0,-43.05,-39.1,[],0,0,[],[]
2721640,2722610,NA,OLF,0.0,92,pause,NA,NA,NA,NA,0.0,0,-36.7,-24.54,[],0,0,[],[]
2722610,2723410,NA,FAF,0.0,92,pause,NA,NA,NA,NA,0.0,0,-39.96,-32.86,[],0,0,[],[]
2723410,2725440,NA,SIL,0.0,92,pause,NA,NA,NA,NA,0.0,0,-40.35,-31.14,[],0,0,[],[]
2725440,2727480,FEM,FAN,6.68,92,AICF,BC,0,NT,FI,0.0,0,-30.51,-15.92,[],0,0,[],[]
2727480,2728080,FEM,FAN,8.1,92,AICF,RC,0,NT,FH,0.0,0,-29.87,-20.16,[],0,0,[],[]
2728080,2728910,NA,SIL,0.0,92,AICF,NA,NA,NA,NA,0.0,0,-42.45,-36.06,[],0,0,[],[]
2728910,2730080,NA,MAF,0.0,92,AICF,NA,NA,NA,NA,0.0,0,-39.61,-34.46,[],0,0,[],[]
2730080,2731310,FEM,FAN,0.17,92,AICF,RC,0,TIFI,FH,0.0,0,-31.39,-15.4,[],0,0,[],[]
2731310,2732350,CHI,CHN,0.0,92,AICF,EC,1,TIFR,FI,1.0,930,-15.63,-10.47,"[{'Canonical-syllable': '0', 'Growl': '0', 'High-freq-energy': '0', 'Long-island': '0', 'Low-tilt-spectrum': '0', 'Medium-island': '2', 'Short-island': '0', 'Squeal': '0', 'Typical-entropy': '0', 'Voicing-quality': '2', 'Wide-band': '0', 'Xlong-island': '0', 'seq': '1', 'end': 2732.24, 'start': 2731.31}]",0,0,[],[]
2732350,2733480,NA,SIL,0.0,93,pause,NA,NA,NA,NA,0.0,0,-39.16,-32.44,[],0,0,[],[]
2733480,2734490,FEM,FAN,0.0,93,pause,NA,NA,NA,NA,0.0,0,-38.12,-31.96,[],1010,0,[],[]
2734490,2735430,NA,SIL,0.0,93,pause,NA,NA,NA,NA,0.0,0,-43.08,-37.93,[],0,0,[],[]
2735430,2738440,NA,FAF,0.0,93,pause,NA,NA,NA,NA,0.0,0,-40.28,-34.46,[],0,0,[],[]
2738440,2739240,NA,SIL,0.0,93,pause,NA,NA,NA,NA,0.0,0,-41.67,-37.39,[],0,0,[],[]
2739240,2740680,FEM,FAN,1.28,93,AMF,EC,0,NT,FI,0.0,0,-38.11,-29.36,[],0,0,[],[]
2740680,2745590,NA,SIL,0.0,94,pause,NA,NA,NA,NA,0.0,0,-40.91,-21.66,[],0,0,[],[]
2745590,2747100,NA,NOF,0.0,94,pause,NA,NA,NA,NA,0.0,0,-36.57,-21.52,[],0,0,[],[]
2747100,2747910,NA,OLF,0.0,94,pause,NA,NA,NA,NA,0.0,0,-31.29,-18.22,[],0,0,[],[]
2747910,2749450,NA,NOF,0.0,94,pause,NA,NA,NA,NA,0.0,0,-35.11,-20.61,[],0,0,[],[]
2749450,2751550,CHI,CHN,0.0,94,CIOCX,BC,0,NT,FI,2.0,1630,-19.87,-10.85,"[{'Canonical-syllable': '2', 'Growl': '0', 'High-freq-energy': '0', 'Long-island': '0', 'Low-tilt-spectrum': '0', 'Medium-island': '1', 'Short-island': '2', 'Squeal': '0', 'Typical-entropy': '3', 'Voicing-quality': '3', 'Wide-band': '0', 'Xlong-island': '0', 'seq': '1', 'end': 2750.37, 'start': 2749.45}, {'Canonical-syllable': '1', 'Growl': '0', 'High-freq-energy': '0', 'Long-island': '0', 'Low-tilt-spectrum': '0', 'Medium-island': '0', 'Short-island': '2', 'Squeal': '0', 'Typical-entropy': '1', 'Voicing-quality': '2', 'Wide-band': '0', 'Xlong-island': '0', 'seq': '2', 'end': 2751.55, 'start': 2750.84}]",0,0,[],[]
2751550,2752640,NA,NOF,0.0,94,CIOCX,NA,NA,NA,NA,0.0,0,-41.52,-35.93,[],0,0,[],[]
2752640,2753400,CHI,CHN,0.0,94,CIOCX,RC,0,NT,FH,1.0,230,-21.73,-12.29,"[{'Canonical-syllable': '0', 'Growl': '0', 'High-freq-energy': '0', 'Long-island': '0', 'Low-tilt-spectrum': '0', 'Medium-island': '0', 'Short-island': '1', 'Squeal': '0', 'Typical-entropy': '0', 'Voicing-quality': '1', 'Wide-band': '0', 'Xlong-island': '0', 'seq': '1', 'end': 2752.87, 'start': 2752.64}]",0,0,[],[]
2753400,2754400,OCH,CXN,0.0,94,CIOCX,RC,0,NT,FI,0.0,0,-19.95,-9.84,[],0,0,[],[]
2754400,2755200,OCH,CXN,0.0,94,CIOCX,EC,0,NT,FH,0.0,0,-31.68,-20.59,[],0,0,[],[]
2755200,2756960,NA,OLF,0.0,95,pause,NA,NA,NA,NA,0.0,0,-36.7,-26.61,[],0,0,[],[]
2756960,2761050,NA,SIL,0.0,95,pause,NA,NA,NA,NA,0.0,0,-42.36,-33.18,[],0,0,[],[]
2761050,2761890,CHI,CHN,0.0,95,CM,BC,0,NT,FI,2.0,520,-19.2,-9.54,"[{'Canonical-syllable': '0', 'Growl': '0', 'High-freq-energy': '0', 'Long-island': '0', 'Low-tilt-spectrum': '0', 'Medium-island': '0', 'Short-island': '1', 'Squeal': '0', 'Typical-entropy': '1', 'Voicing-quality': '1', 'Wide-band': '0', 'Xlong-island': '0', 'seq': '1', 'end': 2761.4, 'start': 2761.22}, {'Canonical-syllable': '0', 'Growl': '1', 'High-freq-energy': '0', 'Long-island': '0', 'Low-tilt-spectrum': '0', 'Medium-island': '0', 'Short-island': '1', 'Squeal': '0', 'Typical-entropy': '0', 'Voicing-quality': '1', 'Wide-band': '0', 'Xlong-island': '0', 'seq': '2', 'end': 2761.89, 'start': 2761.72}]",0,0,[],[]
2761890,2762910,CHI,CHN,0.0,95,CM,RC,0,NT,FH,2.0,390,-23.68,-8.47,"[{'Canonical-syllable': '0', 'Growl': '0', 'High-freq-energy': '0', 'Long-island': '0', 'Low-tilt-spectrum': '0', 'Medium-island': '0', 'Short-island': '1', 'Squeal': '0', 'Typical-entropy': '0', 'Voicing-quality': '1', 'Wide-band': '0', 'Xlong-island': '0', 'seq': '1', 'end': 2762.13, 'start': 2761.89}, {'Canonical-syllable': '0', 'Growl': '1', 'High-freq-energy': '0', 'Long-island': '0', 'Low-tilt-spectrum': '0', 'Medium-island': '0', 'Short-island': '1', 'Squeal': '0', 'Typical-entropy': '1', 'Voicing-quality': '1', 'Wide-band': '0', 'Xlong-island': '0', 'seq': '2', 'end': 2762.72, 'start': 2762.57}]",0,0,[],[]
2762910,2763520,CHI,CHN,0.0,95,CM,EC,0,NT,FH,1.0,380,-19.34,-11.72,"[{'Canonical-syllable': '0', 'Growl': '0', 'High-freq-energy': '0', 'Long-island': '0', 'Low-tilt-spectrum': '0', 'Medium-island': '1', 'Short-island': '0', 'Squeal': '0', 'Typical-entropy': '1', 'Voicing-quality': '1', 'Wide-band': '0', 'Xlong-island': '0', 'seq': '1', 'end': 2763.29, 'start': 2762.99}]",0,0,[],[]
2763520,2764400,NA,SIL,0.0,96,pause,NA,NA,NA,NA,0.0,0,-41.4,-34.18,[],0,0,[],[]
2764400,2765210,NA,NOF,0.0,96,pause,NA,NA,NA,NA,0.0,0,-33.01,-18.74,[],0,0,[],[]
2765210,2769370,NA,SIL,0.0,96,pause,NA,NA,NA,NA,0.0,0,-42.53,-33.72,[],0,0,[],[]
2769370,2771730,CHI,CHN,0.0,96,CM,EC,0,NT,FI,2.0,1960,-17.41,-9.31,"[{'Canonical-syllable': '0', 'Growl': '0', 'High-freq-energy': '0', 'Long-island': '1', 'Low-tilt-spectrum': '0', 'Medium-island': '0', 'Short-island': '1', 'Squeal': '0', 'Typical-entropy': '1', 'Voicing-quality': '2', 'Wide-band': '0', 'Xlong-island': '0', 'seq': '1', 'end': 2770.52, 'start': 2769.37}, {'Canonical-syllable': '1', 'Growl': '0', 'High-freq-energy': '0', 'Long-island': '0', 'Low-tilt-spectrum': '0', 'Medium-island': '1', 'Short-island': '1', 'Squeal': '0', 'Typical-entropy': '2', 'Voicing-quality': '2', 'Wide-band': '0', 'Xlong-island': '0', 'seq': '2', 'end': 2771.73, 'start': 2770.92}]",0,0,[],[]
2771730,2774590,NA,NOF,0.0,97,pause,NA,NA,NA,NA,0.0,0,-35.75,-17.66,[],0,0,[],[]
2774590,2775490,NA,SIL,0.0,97,pause,NA,NA,NA,NA,0.0,0,-39.51,-31.41,[],0,0,[],[]
2775490,2776300,NA,NOF,0.0,97,pause,NA,NA,NA,NA,0.0,0,-42.01,-37.59,[],0,0,[],[]
2776300,2777100,NA,SIL,0.0,97,pause,NA,NA,NA,NA,0.0,0,-43.03,-38.88,[],0,0,[],[]
2777100,2778340,NA,NOF,0.0,97,pause,NA,NA,NA,NA,0.0,0,-30.23,-16.73,[],0,0,[],[]
2778340,2779660,CHI,CHN,0.0,97,CM,EC,0,NT,FI,2.0,990,-23.66,-16.22,"[{'Canonical-syllable': '0', 'Growl': '1', 'High-freq-energy': '0', 'Long-island': '0', 'Low-tilt-spectrum': '0', 'Medium-island': '0', 'Short-island': '0', 'Squeal': '0', 'Typical-entropy': '0', 'Voicing-quality': '1', 'Wide-band': '0', 'Xlong-island': '0', 'seq': '1', 'end': 2778.46, 'start': 2778.34}, {'Canonical-syllable': '0', 'Growl': '0', 'High-freq-energy': '0', 'Long-island': '1', 'Low-tilt-spectrum': '0', 'Medium-island': '0', 'Short-island': '0', 'Squeal': '0', 'Typical-entropy': '0', 'Voicing-quality': '1', 'Wide-band': '0', 'Xlong-island': '0', 'seq': '2', 'end': 2779.66, 'start': 2778.79}]",0,0,[],[]
2779660,2781100,NA,NOF,0.0,98,pause,NA,NA,NA,NA,0.0,0,-33.05,-15.97,[],0,0,[],[]
2781100,2784680,NA,SIL,0.0,98,pause,NA,NA,NA,NA,0.0,0,-42.61,-33.11,[],0,0,[],[]
2784680,2786170,NA,NOF,0.0,98,pause,NA,NA,NA,NA,0.0,0,-40.45,-28.92,[],0,0,[],[]
2786170,2787310,NA,MAF,0.0,98,pause,NA,NA,NA,NA,0.0,0,-38.13,-31.71,[],0,0,[],[]
2787310,2788110,NA,SIL,0.0,98,pause,NA,NA,NA,NA,0.0,0,-42.98,-38.66,[],0,0,[],[]
2788110,2789110,NA,TVF,0.0,98,pause,NA,NA,NA,NA,0.0,0,-41.04,-35.1,[],0,0,[],[]
2789110,2791490,NA,SIL,0.0,98,pause,NA,NA,NA,NA,0.0,0,-42.59,-37.28,[],0,0,[],[]
2791490,2792370,NA,MAF,0.0,98,pause,NA,NA,NA,NA,0.0,0,-37.9,-24.25,[],0,0,[],[]
2792370,2793180,NA,SIL,0.0,98,pause,NA,NA,NA,NA,0.0,0,-42.43,-36.88,[],0,0,[],[]
2793180,2794220,NA,NOF,0.0,98,pause,NA,NA,NA,NA,0.0,0,-37.89,-26.02,[],0,0,[],[]
2794220,2795220,FEM,FAN,3.97,98,AMF,EC,0,NT,FI,0.0,0,-33.94,-24.91,[],0,0,[],[]
2795220,2797320,NA,SIL,0.0,99,pause,NA,NA,NA,NA,0.0,0,-42.46,-35.03,[],0,0,[],[]
2797320,2798330,NA,MAF,0.0,99,pause,NA,NA,NA,NA,0.0,0,-39.66,-31.0,[],0,0,[],[]
2798330,2800510,NA,SIL,0.0,99,pause,NA,NA,NA,NA,0.0,0,-42.51,-36.93,[],0,0,[],[]
2800510,2801450,NA,NOF,0.0,99,pause,NA,NA,NA,NA,0.0,0,-41.47,-34.77,[],0,0,[],[]
2801450,2802550,NA,SIL,0.0,99,pause,NA,NA,NA,NA,0.0,0,-42.28,-36.98,[],0,0,[],[]
2802550,2803910,NA,NOF,0.0,99,pause,NA,NA,NA,NA,0.0,0,-41.88,-34.21,[],0,0,[],[]
2803910,2804910,NA,FAF,0.0,99,pause,NA,NA,NA,NA,0.0,0,-37.4,-28.13,[],0,0,[],[]
2804910,2806190,NA,OLF,0.0,99,pause,NA,NA,NA,NA,0.0,0,-35.65,-25.94,[],0,0,[],[]
2806190,2807730,NA,NOF,0.0,99,pause,NA,NA,NA,NA,0.0,0,-29.31,-10.73,[],0,0,[],[]
2807730,2808530,NA,SIL,0.0,99,pause,NA,NA,NA,NA,0.0,0,-42.24,-33.96,[],0,0,[],[]
2808530,2812860,NA,NOF,0.0,99,pause,NA,NA,NA,NA,0.0,0,-32.64,-13.34,[],0,0,[],[]
2812860,2813960,CHI,CHN,0.0,99,CM,EC,0,NT,FI,1.0,1100,-16.67,-11.71,"[{'Canonical-syllable': '3', 'Growl': '0', 'High-freq-energy': '0', 'Long-island': '0', 'Low-tilt-spectrum': '0', 'Medium-island': '2', 'Short-island': '1', 'Squeal': '0', 'Typical-entropy': '1', 'Voicing-quality': '3', 'Wide-band': '0', 'Xlong-island': '0', 'seq': '1', 'end': 2813.96, 'start': 2812.86}]",0,0,[],[]
2813960,2814810,NA,NOF,0.0,100,pause,NA,NA,NA,NA,0.0,0,-38.21,-28.19,[],0,0,[],[]
2814810,2816410,NA,FAF,0.0,100,pause,NA,NA,NA,NA,0.0,0,-37.61,-28.83,[],0,0,[],[]
2816410,2817210,NA,SIL,0.0,100,pause,NA,NA,NA,NA,0.0,0,-41.61,-32.34,[],0,0,[],[]
2817210,2818240,NA,NOF,0.0,100,pause,NA,NA,NA,NA,0.0,0,-38.13,-23.26,[],0,0,[],[]
2818240,2820250,NA,SIL,0.0,100,pause,NA,NA,NA,NA,0.0,0,-42.19,-31.78,[],0,0,[],[]
2820250,2821050,NA,NOF,0.0,100,pause,NA,NA,NA,NA,0.0,0,-40.7,-27.65,[],0,0,[],[]
2821050,2822300,CHI,CHN,0.0,100,CIC,BC,0,TIFI,FI,1.0,1250,-15.92,-11.37,"[{'Canonical-syllable': '0', 'Growl': '0', 'High-freq-energy': '0', 'Long-island': '0', 'Low-tilt-spectrum': '0', 'Medium-island': '2', 'Short-island': '0', 'Squeal': '0', 'Typical-entropy': '0', 'Voicing-quality': '2', 'Wide-band': '0', 'Xlong-island': '0', 'seq': '1', 'end': 2822.3, 'start': 2821.05}]",0,0,[],[]
2822300,2823100,NA,OLF,0.0,100,CIC,NA,NA,NA,NA,0.0,0,-20.95,-6.56,[],0,0,[],[]
2823100,2824350,NA,SIL,0.0,100,CIC,NA,NA,NA,NA,0.0,0,-42.84,-38.99,[],0,0,[],[]
2824350,2825350,FEM,FAN,5.91,100,CIC,RC,1,TIFR,FI,0.0,0,-38.0,-32.95,[],0,0,[],[]
2825350,2826240,NA,SIL,0.0,100,CIC,NA,NA,NA,NA,0.0,0,-42.54,-38.33,[],0,0,[],[]
2826240,2826900,CHI,CHN,0.0,100,CIC,RC,1,TIFE,FI,1.0,660,-20.72,-14.51,"[{'Canonical-syllable': '0', 'Growl': '1', 'High-freq-energy': '0', 'Long-island': '0', 'Low-tilt-spectrum': '0', 'Medium-island': '0', 'Short-island': '2', 'Squeal': '0', 'Typical-entropy': '1', 'Voicing-quality': '2', 'Wide-band': '0', 'Xlong-island': '0', 'seq': '1', 'end': 2826.9, 'start': 2826.38}]",0,0,[],[]
2826900,2827930,CHI,CHN,0.0,100,CIC,RC,1,NT,FH,2.0,440,-22.59,-14.04,"[{'Canonical-syllable': '0', 'Growl': '0', 'High-freq-energy': '0', 'Long-island': '0', 'Low-tilt-spectrum': '0', 'Medium-island': '1', 'Short-island': '0', 'Squeal': '0', 'Typical-entropy': '1', 'Voicing-quality': '1', 'Wide-band': '0', 'Xlong-island': '0', 'seq': '1', 'end': 2827.16, 'start': 2826.9}, {'Canonical-syllable': '0', 'Growl': '0', 'High-freq-energy': '0', 'Long-island': '0', 'Low-tilt-spectrum': '0', 'Medium-island': '0', 'Short-island': '1', 'Squeal': '0', 'Typical-entropy': '0', 'Voicing-quality': '1', 'Wide-band': '0', 'Xlong-island': '0', 'seq': '2', 'end': 2827.77, 'start': 2827.59}]",0,0,[],[]
2827930,2829550,CHI,CHN,0.0,100,CIC,RC,1,TIFI,FH,1.0,1620,-17.07,-10.44,"[{'Canonical-syllable': '0', 'Growl': '0', 'High-freq-energy': '0', 'Long-island': '0', 'Low-tilt-spectrum': '0', 'Medium-island': '1', 'Short-island': '0', 'Squeal': '0', 'Typical-entropy': '2', 'Voicing-quality': '2', 'Wide-band': '0', 'Xlong-island': '1', 'seq': '1', 'end': 2829.55, 'start': 2827.93}]",0,0,[],[]
2829550,2831260,FEM,FAN,7.25,100,CIC,RC,2,TIFR,FI,0.0,0,-25.91,-12.11,[],0,0,[],[]
2831260,2832070,NA,SIL,0.0,100,CIC,NA,NA,NA,NA,0.0,0,-42.71,-38.61,[],0,0,[],[]
2832070,2833400,FEM,FAN,9.61,100,CIC,EC,2,NT,FH,0.0,0,-34.64,-27.29,[],0,0,[],[]
2833400,2834200,NA,OLF,0.0,101,pause,NA,NA,NA,NA,0.0,0,-41.0,-34.01,[],0,0,[],[]
2834200,2836690,NA,SIL,0.0,101,pause,NA,NA,NA,NA,0.0,0,-41.87,-32.22,[],0,0,[],[]
2836690,2837610,NA,FAF,0.0,101,pause,NA,NA,NA,NA,0.0,0,-40.33,-31.33,[],0,0,[],[]
2837610,2838940,NA,SIL,0.0,101,pause,NA,NA,NA,NA,0.0,0,-42.79,-35.1,[],0,0,[],[]
2838940,2840790,NA,NOF,0.0,101,pause,NA,NA,NA,NA,0.0,0,-31.95,-14.51,[],0,0,[],[]
2840790,2841790,FEM,FAN,1.67,101,AMF,BC,0,NT,FI,0.0,0,-37.93,-28.46,[],0,0,[],[]
2841790,2843750,NA,OLF,0.0,101,AMF,NA,NA,NA,NA,0.0,0,-36.47,-16.68,[],0,0,[],[]
2843750,2844550,NA,SIL,0.0,101,AMF,NA,NA,NA,NA,0.0,0,-41.7,-31.83,[],0,0,[],[]
2844550,2845560,MAL,MAN,3.77,101,AMF,EC,0,NT,FI,0.0,0,-39.77,-34.28,[],0,0,[],[]
2845560,2846360,NA,SIL,0.0,102,pause,NA,NA,NA,NA,0.0,0,-37.99,-28.56,[],0,0,[],[]
2846360,2848270,NA,OLF,0.0,102,pause,NA,NA,NA,NA,0.0,0,-34.47,-20.68,[],0,0,[],[]
2848270,2851900,NA,SIL,0.0,102,pause,NA,NA,NA,NA,0.0,0,-38.53,-19.5,[],0,0,[],[]
2851900,2854920,FEM,FAN,10.81,102,AICF,BC,0,NT,FI,0.0,0,-30.94,-19.31,[],0,0,[],[]
2854920,2858270,NA,SIL,0.0,102,AICF,NA,NA,NA,NA,0.0,0,-41.01,-28.96,[],0,0,[],[]
2858270,2859270,FEM,FAN,1.36,102,AICF,RC,0,TIFI,FH,0.0,0,-30.09,-18.82,[],0,0,[],[]
2859270,2860310,NA,FAF,0.0,102,AICF,NA,NA,NA,NA,0.0,0,-27.67,-14.57,[],0,0,[],[]
2860310,2862910,NA,SIL,0.0,102,AICF,NA,NA,NA,NA,0.0,0,-41.4,-30.37,[],0,0,[],[]
2862910,2863610,NA,CHF,0.0,102,AICF,RC,1,TIFR,FI,1.0,560,-24.15,-11.34,"[{'Canonical-syllable': '0', 'Growl': '0', 'High-freq-energy': '0', 'Long-island': '0', 'Low-tilt-spectrum': '0', 'Medium-island': '0', 'Short-island': '1', 'Squeal': '0', 'Typical-entropy': '2', 'Voicing-quality': '0', 'Wide-band': '0', 'Xlong-island': '0', 'seq': '1', 'end': 2863.47, 'start': 2862.91}]",0,0,[],[]
2863610,2865570,NA,SIL,0.0,102,AICF,NA,NA,NA,NA,0.0,0,-41.1,-32.51,[],0,0,[],[]
2865570,2866550,CHI,CHN,0.0,102,AICF,RC,1,NT,FH,2.0,640,-23.14,-13.66,"[{'Canonical-syllable': '0', 'Growl': '0', 'High-freq-energy': '0', 'Long-island': '0', 'Low-tilt-spectrum': '0', 'Medium-island': '0', 'Short-island': '1', 'Squeal': '0', 'Typical-entropy': '0', 'Voicing-quality': '1', 'Wide-band': '0', 'Xlong-island': '0', 'seq': '1', 'end': 2865.75, 'start': 2865.57}, {'Canonical-syllable': '0', 'Growl': '1', 'High-freq-energy': '0', 'Long-island': '0', 'Low-tilt-spectrum': '0', 'Medium-island': '0', 'Short-island': '0', 'Squeal': '0', 'Typical-entropy': '1', 'Voicing-quality': '2', 'Wide-band': '0', 'Xlong-island': '0', 'seq': '2', 'end': 2866.55, 'start': 2866.09}]",0,0,[],[]
2866550,2868260,FEM,FAN,8.87,102,AICF,EC,1,TIFE,FI,0.0,0,-26.68,-13.61,[],0,0,[],[]
2868260,2869430,NA,SIL,0.0,103,pause,NA,NA,NA,NA,0.0,0,-42.66,-38.46,[],0,0,[],[]
2869430,2870460,NA,NOF,0.0,103,pause,NA,NA,NA,NA,0.0,0,-31.15,-13.51,[],0,0,[],[]
2870460,2871720,NA,SIL,0.0,103,pause,NA,NA,NA,NA,0.0,0,-39.94,-26.19,[],0,0,[],[]
2871720,2872530,NA,NOF,0.0,103,pause,NA,NA,NA,NA,0.0,0,-33.89,-19.2,[],0,0,[],[]
2872530,2873540,NA,FAF,0.0,103,pause,NA,NA,NA,NA,0.0,0,-32.23,-20.45,[],0,0,[],[]
2873540,2874340,NA,OLF,0.0,103,pause,NA,NA,NA,NA,0.0,0,-21.37,-5.53,[],0,0,[],[]
2874340,2875720,NA,SIL,0.0,103,pause,NA,NA,NA,NA,0.0,0,-37.72,-30.71,[],0,0,[],[]
2875720,2877030,NA,OLF,0.0,103,pause,NA,NA,NA,NA,0.0,0,-27.51,-13.18,[],0,0,[],[]
2877030,2877830,NA,SIL,0.0,103,pause,NA,NA,NA,NA,0.0,0,-40.58,-35.2,[],0,0,[],[]
2877830,2878960,NA,NOF,0.0,103,pause,NA,NA,NA,NA,0.0,0,-31.12,-16.16,[],0,0,[],[]
2878960,2879760,NA,OLF,0.0,103,pause,NA,NA,NA,NA,0.0,0,-28.79,-14.3,[],0,0,[],[]
2879760,2880960,NA,SIL,0.0,103,pause,NA,NA,NA,NA,0.0,0,-42.64,-35.94,[],0,0,[],[]
2880960,2881770,NA,OLF,0.0,103,pause,NA,NA,NA,NA,0.0,0,-40.54,-32.53,[],0,0,[],[]
2881770,2882570,NA,SIL,0.0,103,pause,NA,NA,NA,NA,0.0,0,-42.55,-36.92,[],0,0,[],[]
2882570,2883580,NA,NOF,0.0,103,pause,NA,NA,NA,NA,0.0,0,-26.1,-12.46,[],0,0,[],[]
2883580,2885630,NA,SIL,0.0,103,pause,NA,NA,NA,NA,0.0,0,-40.83,-25.2,[],0,0,[],[]
2885630,2886590,NA,NOF,0.0,103,pause,NA,NA,NA,NA,0.0,0,-40.2,-30.56,[],0,0,[],[]
2886590,2890760,NA,SIL,0.0,103,pause,NA,NA,NA,NA,0.0,0,-42.61,-35.15,[],0,0,[],[]
2890760,2891750,CHI,CHN,0.0,103,CM,BC,0,NT,FI,2.0,340,-27.06,-17.86,"[{'Canonical-syllable': '1', 'Growl': '0', 'High-freq-energy': '0', 'Long-island': '0', 'Low-tilt-spectrum': '0', 'Medium-island': '0', 'Short-island': '1', 'Squeal': '0', 'Typical-entropy': '0', 'Voicing-quality': '1', 'Wide-band': '0', 'Xlong-island': '0', 'seq': '1', 'end': 2890.96, 'start': 2890.76}, {'Canonical-syllable': '0', 'Growl': '1', 'High-freq-energy': '0', 'Long-island': '0', 'Low-tilt-spectrum': '0', 'Medium-island': '0', 'Short-island': '0', 'Squeal': '0', 'Typical-entropy': '0', 'Voicing-quality': '1', 'Wide-band': '0', 'Xlong-island': '0', 'seq': '2', 'end': 2891.75, 'start': 2891.61}]",0,0,[],[]
2891750,2892900,CHI,CHN,0.0,103,CM,EC,0,NT,FH,1.0,1150,-15.87,-11.51,"[{'Canonical-syllable': '1', 'Growl': '0', 'High-freq-energy': '0', 'Long-island': '0', 'Low-tilt-spectrum': '0', 'Medium-island': '2', 'Short-island': '1', 'Squeal': '0', 'Typical-entropy': '1', 'Voicing-quality': '3', 'Wide-band': '0', 'Xlong-island': '0', 'seq': '1', 'end': 2892.9, 'start': 2891.75}]",0,0,[],[]
2892900,2900360,NA,NOF,0.0,104,pause,NA,NA,NA,NA,0.0,0,-33.6,-14.74,[],0,0,[],[]
2900360,2901650,NA,SIL,0.0,104,pause,NA,NA,NA,NA,0.0,0,-42.35,-37.71,[],0,0,[],[]
2901650,2902480,NA,NOF,0.0,104,pause,NA,NA,NA,NA,0.0,0,-38.56,-28.19,[],0,0,[],[]
2902480,2903420,CHI,CHN,0.0,104,CM,EC,0,NT,FI,1.0,940,-23.91,-16.05,"[{'Canonical-syllable': '0', 'Growl': '3', 'High-freq-energy': '0', 'Long-island': '0', 'Low-tilt-spectrum': '0', 'Medium-island': '1', 'Short-island': '1', 'Squeal': '0', 'Typical-entropy': '0', 'Voicing-quality': '3', 'Wide-band': '1', 'Xlong-island': '0', 'seq': '1', 'end': 2903.42, 'start': 2902.48}]",0,0,[],[]
2903420,2912770,NA,SIL,0.0,105,pause,NA,NA,NA,NA,0.0,0,-42.28,-29.8,[],0,0,[],[]
2912770,2913770,NA,TVF,0.0,105,pause,NA,NA,NA,NA,0.0,0,-35.75,-27.54,[],0,0,[],[]
2913770,2915300,NA,SIL,0.0,105,pause,NA,NA,NA,NA,0.0,0,-43.17,-34.28,[],0,0,[],[]
2915300,2915900,NA,TVF,0.0,105,pause,NA,NA,NA,NA,0.0,0,-40.01,-35.63,[],0,0,[],[]
2915900,2916780,NA,SIL,0.0,105,pause,NA,NA,NA,NA,0.0,0,-42.63,-38.04,[],0,0,[],[]
2916780,2917780,MAL,MAN,2.74,105,AICM,BC,0,NT,FI,0.0,0,-33.07,-22.46,[],0,0,[],[]
2917780,2918630,NA,OLF,0.0,105,AICM,NA,NA,NA,NA,0.0,0,-37.47,-29.49,[],0,0,[],[]
2918630,2920050,MAL,MAN,4.4,105,AICM,RC,0,TIMI,FH,0.0,0,-36.29,-27.62,[],0,0,[],[]
2920050,2920940,NA,SIL,0.0,105,AICM,NA,NA,NA,NA,0.0,0,-42.88,-37.7,[],0,0,[],[]
2920940,2922230,NA,OLF,0.0,105,AICM,NA,NA,NA,NA,0.0,0,-34.51,-18.03,[],0,0,[],[]
2922230,2923060,CHI,CHN,0.0,105,AICM,RC,1,TIMR,FI,2.0,400,-18.26,-11.47,"[{'Canonical-syllable': '0', 'Growl': '0', 'High-freq-energy': '0', 'Long-island': '0', 'Low-tilt-spectrum': '0', 'Medium-island': '0', 'Short-island': '1', 'Squeal': '0', 'Typical-entropy': '0', 'Voicing-quality': '1', 'Wide-band': '0', 'Xlong-island': '0', 'seq': '1', 'end': 2922.5, 'start': 2922.23}, {'Canonical-syllable': '0', 'Growl': '1', 'High-freq-energy': '0', 'Long-island': '0', 'Low-tilt-spectrum': '0', 'Medium-island': '0', 'Short-island': '0', 'Squeal': '0', 'Typical-entropy': '0', 'Voicing-quality': '1', 'Wide-band': '1', 'Xlong-island': '0', 'seq': '2', 'end': 2923.06, 'start': 2922.93}]",0,0,[],[]
2923060,2924360,OCH,CXN,0.0,105,AICM,RC,1,NT,FI,0.0,0,-26.2,-15.35,[],0,0,[],[]
2924360,2925220,NA,SIL,0.0,105,AICM,NA,NA,NA,NA,0.0,0,-39.28,-31.07,[],0,0,[],[]
2925220,2925820,NA,CHF,0.0,105,AICM,NA,NA,NA,NA,0.0,0,-35.72,-21.72,[],0,160,[],"[{'start': 2925.55, 'end': 2925.71}]"
2925820,2926620,NA,SIL,0.0,105,AICM,NA,NA,NA,NA,0.0,0,-42.19,-35.81,[],0,0,[],[]
2926620,2927620,MAL,MAN,4.08,105,AICM,RC,1,NT,FI,0.0,0,-37.22,-27.33,[],0,0,[],[]
2927620,2928620,FEM,FAN,4.81,105,AICM,RC,1,NT,FI,0.0,0,-35.59,-25.52,[],0,0,[],[]
2928620,2929420,NA,NOF,0.0,105,AICM,NA,NA,NA,NA,0.0,0,-40.28,-32.62,[],0,0,[],[]
2929420,2930220,NA,SIL,0.0,105,AICM,NA,NA,NA,NA,0.0,0,-41.89,-35.17,[],0,0,[],[]
2930220,2931220,MAL,MAN,4.28,105,AICM,RC,1,TIMI,FI,0.0,0,-35.95,-27.22,[],0,0,[],[]
2931220,2932310,NA,SIL,0.0,105,AICM,NA,NA,NA,NA,0.0,0,-42.51,-37.31,[],0,0,[],[]
2932310,2933370,NA,MAF,0.0,105,AICM,NA,NA,NA,NA,0.0,0,-32.67,-18.41,[],0,0,[],[]
2933370,2934170,NA,SIL,0.0,105,AICM,NA,NA,NA,NA,0.0,0,-42.03,-35.22,[],0,0,[],[]
2934170,2935030,NA,NON,0.0,105,AICM,NA,NA,NA,NA,0.0,0,-41.05,-33.18,[],0,0,[],[]
2935030,2936110,CHI,CHN,0.0,105,AICM,RC,2,TIMR,FI,1.0,770,-17.36,-8.69,"[{'Canonical-syllable': '0', 'Growl': '0', 'High-freq-energy': '0', 'Long-island': '1', 'Low-tilt-spectrum': '0', 'Medium-island': '0', 'Short-island': '0', 'Squeal': '0', 'Typical-entropy': '1', 'Voicing-quality': '1', 'Wide-band': '0', 'Xlong-island': '0', 'seq': '1', 'end': 2935.8, 'start': 2935.03}]",0,0,[],[]
2936110,2937720,NA,SIL,0.0,105,AICM,NA,NA,NA,NA,0.0,0,-38.99,-24.11,[],0,0,[],[]
2937720,2938820,FEM,FAN,0.85,105,AICM,RC,2,TIFI,FI,0.0,0,-38.03,-29.62,[],0,0,[],[]
2938820,2939650,NA,OLF,0.0,105,AICM,NA,NA,NA,NA,0.0,0,-39.82,-35.28,[],0,0,[],[]
2939650,2940550,CHI,CHN,0.0,105,AICM,EC,3,TIFR,FI,1.0,900,-17.77,-8.19,"[{'Canonical-syllable': '0', 'Growl': '0', 'High-freq-energy': '0', 'Long-island': '1', 'Low-tilt-spectrum': '0', 'Medium-island': '0', 'Short-island': '0', 'Squeal': '0', 'Typical-entropy': '0', 'Voicing-quality': '1', 'Wide-band': '0', 'Xlong-island': '0', 'seq': '1', 'end': 2940.55, 'start': 2939.85}]",0,0,[],[]
2940550,2941390,NA,NOF,0.0,106,pause,NA,NA,NA,NA,0.0,0,-38.0,-28.25,[],0,0,[],[]
2941390,2942610,NA,FAF,0.0,106,pause,NA,NA,NA,NA,0.0,0,-26.06,-9.09,[],0,0,[],[]
2942610,2944190,NA,SIL,0.0,106,pause,NA,NA,NA,NA,0.0,0,-39.26,-26.12,[],0,0,[],[]
2944190,2945000,NA,OLF,0.0,106,pause,NA,NA,NA,NA,0.0,0,-40.29,-28.3,[],0,0,[],[]
2945000,2956930,NA,SIL,0.0,106,pause,NA,NA,NA,NA,0.0,0,-41.48,-18.66,[],0,0,[],[]
2956930,2958330,FEM,FAN,4.83,106,AMF,EC,0,NT,FI,0.0,0,-40.43,-33.33,[],0,0,[],[]
2958330,2959440,NA,SIL,0.0,107,pause,NA,NA,NA,NA,0.0,0,-41.55,-29.24,[],0,0,[],[]
2959440,2960240,NA,NOF,0.0,107,pause,NA,NA,NA,NA,0.0,0,-43.35,-32.99,[],0,0,[],[]
2960240,2962350,NA,SIL,0.0,107,pause,NA,NA,NA,NA,0.0,0,-45.4,-29.38,[],0,0,[],[]
2962350,2963430,NA,MAF,0.0,107,pause,NA,NA,NA,NA,0.0,0,-34.03,-16.74,[],0,0,[],[]
2963430,2972090,NA,SIL,0.0,107,pause,NA,NA,NA,NA,0.0,0,-41.86,-19.0,[],0,0,[],[]
2972090,2973230,NA,OLF,0.0,107,pause,NA,NA,NA,NA,0.0,0,-45.5,-36.24,[],0,0,[],[]
2973230,2981510,NA,SIL,0.0,107,pause,NA,NA,NA,NA,0.0,0,-46.39,-29.21,[],0,0,[],[]
2981510,2982510,FEM,FAN,0.0,107,pause,NA,NA,NA,NA,0.0,0,-38.9,-32.6,[],1000,0,[],[]
2982510,2983510,NA,MAF,0.0,107,pause,NA,NA,NA,NA,0.0,0,-45.47,-33.43,[],0,0,[],[]
2983510,2984670,NA,OLF,0.0,107,pause,NA,NA,NA,NA,0.0,0,-41.67,-26.13,[],0,0,[],[]
2984670,2991180,NA,SIL,0.0,107,pause,NA,NA,NA,NA,0.0,0,-47.25,-32.99,[],0,0,[],[]
2991180,2992190,MAL,MAN,7.9,107,AMM,BC,0,NT,FI,0.0,0,-39.14,-32.26,[],0,0,[],[]
2992190,2996780,NA,SIL,0.0,107,AMM,NA,NA,NA,NA,0.0,0,-46.43,-36.71,[],0,0,[],[]
2996780,2998090,FEM,FAN,0.69,107,AMM,RC,0,NT,FI,0.0,0,-36.53,-27.72,[],0,0,[],[]
2998090,3000780,NA,SIL,0.0,107,AMM,NA,NA,NA,NA,0.0,0,-36.17,-16.92,[],0,0,[],[]
3000780,3001710,NA,FAF,0.0,107,AMM,NA,NA,NA,NA,0.0,0,-24.77,-7.91,[],0,0,[],[]
3001710,3002710,FEM,FAN,5.53,107,AMM,EC,0,NT,FH,0.0,0,-34.47,-28.01,[],0,0,[],[]
3002710,3004020,NA,MAF,0.0,108,pause,NA,NA,NA,NA,0.0,0,-41.62,-32.44,[],0,0,[],[]
3004020,3004830,NA,NOF,0.0,108,pause,NA,NA,NA,NA,0.0,0,-40.59,-24.82,[],0,0,[],[]
3004830,3005630,NA,SIL,0.0,108,pause,NA,NA,NA,NA,0.0,0,-44.83,-34.24,[],0,0,[],[]
3005630,3007430,NA,NOF,0.0,108,pause,NA,NA,NA,NA,0.0,0,-28.09,-8.84,[],0,0,[],[]
3007430,3010610,NA,FAF,0.0,108,pause,NA,NA,NA,NA,0.0,0,-42.34,-28.67,[],0,0,[],[]
3010610,3013440,NA,SIL,0.0,108,pause,NA,NA,NA,NA,0.0,0,-51.02,-45.51,[],0,0,[],[]
3013440,3014250,NA,NOF,0.0,108,pause,NA,NA,NA,NA,0.0,0,-45.81,-32.11,[],0,0,[],[]
3014250,3015590,FEM,FAN,4.97,108,AMF,EC,0,NT,FI,0.0,0,-37.72,-28.7,[],0,0,[],[]
3015590,3016440,NA,OLF,0.0,109,pause,NA,NA,NA,NA,0.0,0,-40.69,-31.14,[],0,0,[],[]
3016440,3021710,NA,SIL,0.0,109,pause,NA,NA,NA,NA,0.0,0,-42.02,-22.43,[],0,0,[],[]
3021710,3023830,NA,NOF,0.0,109,pause,NA,NA,NA,NA,0.0,0,-39.48,-24.0,[],0,0,[],[]
3023830,3026120,NA,SIL,0.0,109,pause,NA,NA,NA,NA,0.0,0,-46.83,-35.16,[],0,0,[],[]
3026120,3027120,NA,MAF,0.0,109,pause,NA,NA,NA,NA,0.0,0,-37.88,-29.28,[],0,0,[],[]
3027120,3028060,NA,SIL,0.0,109,pause,NA,NA,NA,NA,0.0,0,-47.33,-39.37,[],0,0,[],[]
3028060,3029430,NA,CHF,0.0,109,CM,EC,0,NT,FI,2.0,450,-39.02,-25.21,"[{'Canonical-syllable': '0', 'Growl': '0', 'High-freq-energy': '1', 'Long-island': '0', 'Low-tilt-spectrum': '1', 'Medium-island': '0', 'Short-island': '1', 'Squeal': '1', 'Typical-entropy': '1', 'Voicing-quality': '0', 'Wide-band': '0', 'Xlong-island': '0', 'seq': '1', 'end': 3028.24, 'start': 3028.06}, {'Canonical-syllable': '0', 'Growl': '1', 'High-freq-energy': '0', 'Long-island': '0', 'Low-tilt-spectrum': '0', 'Medium-island': '0', 'Short-island': '1', 'Squeal': '0', 'Typical-entropy': '1', 'Voicing-quality': '1', 'Wide-band': '0', 'Xlong-island': '0', 'seq': '2', 'end': 3029.43, 'start': 3029.16}]",0,0,[],[]
3029430,3031690,NA,SIL,0.0,110,pause,NA,NA,NA,NA,0.0,0,-42.64,-25.49,[],0,0,[],[]
3031690,3033000,NA,CHF,0.0,110,pause,NA,NA,NA,NA,0.0,0,-35.46,-15.88,[],0,0,[],[]
3033000,3039210,NA,SIL,0.0,110,pause,NA,NA,NA,NA,0.0,0,-44.13,-29.9,[],0,0,[],[]
3039210,3040090,NA,OLF,0.0,110,pause,NA,NA,NA,NA,0.0,0,-43.58,-35.15,[],0,0,[],[]
3040090,3043170,NA,SIL,0.0,110,pause,NA,NA,NA,NA,0.0,0,-46.46,-33.22,[],0,0,[],[]
3043170,3044190,NA,FAF,0.0,110,pause,NA,NA,NA,NA,0.0,0,-31.54,-12.23,[],0,0,[],[]
3044190,3053190,NA,SIL,0.0,110,pause,NA,NA,NA,NA,0.0,0,-47.77,-32.4,[],0,0,[],[]
3053190,3054190,FEM,FAN,0.52,110,AMF,EC,0,NT,FI,0.0,0,-36.05,-28.81,[],0,0,[],[]
3054190,3055350,NA,SIL,0.0,111,pause,NA,NA,NA,NA,0.0,0,-47.05,-32.82,[],0,0,[],[]
3055350,3057670,NA,NOF,0.0,111,pause,NA,NA,NA,NA,0.0,0,-37.68,-17.92,[],0,0,[],[]
3057670,3059800,NA,SIL,0.0,111,pause,NA,NA,NA,NA,0.0,0,-47.94,-31.55,[],0,0,[],[]
3059800,3061150,NA,MAF,0.0,111,pause,NA,NA,NA,NA,0.0,0,-36.68,-27.54,[],0,0,[],[]
3061150,3061970,NA,NON,0.0,111,pause,NA,NA,NA,NA,0.0,0,-39.51,-27.94,[],0,0,[],[]
3061970,3064590,NA,MAF,0.0,111,pause,NA,NA,NA,NA,0.0,0,-35.96,-19.8,[],0,0,[],[]
3064590,3066040,NA,SIL,0.0,111,pause,NA,NA,NA,NA,0.0,0,-47.74,-37.66,[],0,0,[],[]
3066040,3067630,NA,MAF,0.0,111,pause,NA,NA,NA,NA,0.0,0,-39.07,-20.58,[],0,0,[],[]
3067630,3069030,NA,SIL,0.0,111,pause,NA,NA,NA,NA,0.0,0,-49.39,-39.98,[],0,0,[],[]
3069030,3069830,NA,MAF,0.0,111,pause,NA,NA,NA,NA,0.0,0,-45.65,-37.51,[],0,0,[],[]
3069830,3074200,NA,SIL,0.0,111,pause,NA,NA,NA,NA,0.0,0,-47.78,-36.47,[],0,0,[],[]
3074200,3075250,NA,FAF,0.0,111,pause,NA,NA,NA,NA,0.0,0,-40.8,-34.64,[],0,0,[],[]
3075250,3076250,NA,MAF,0.0,111,pause,NA,NA,NA,NA,0.0,0,-39.62,-29.61,[],0,0,[],[]
3076250,3083950,NA,SIL,0.0,111,pause,NA,NA,NA,NA,0.0,0,-46.34,-28.0,[],0,0,[],[]
3083950,3085080,NA,FAF,0.0,111,pause,NA,NA,NA,NA,0.0,0,-39.72,-34.48,[],0,0,[],[]
3085080,3089820,NA,MAF,0.0,111,pause,NA,NA,NA,NA,0.0,0,-41.72,-28.3,[],0,0,[],[]
3089820,3090730,NA,SIL,0.0,111,pause,NA,NA,NA,NA,0.0,0,-31.04,-16.17,[],0,0,[],[]
3090730,3091330,NA,FAF,0.0,111,pause,NA,NA,NA,NA,0.0,0,-26.31,-12.47,[],0,0,[],[]
3091330,3092180,NA,SIL,0.0,111,pause,NA,NA,NA,NA,0.0,0,-46.26,-31.81,[],0,0,[],[]
3092180,3094160,NA,MAF,0.0,111,pause,NA,NA,NA,NA,0.0,0,-41.44,-24.76,[],0,0,[],[]
3094160,3096390,NA,SIL,0.0,111,pause,NA,NA,NA,NA,0.0,0,-51.46,-38.63,[],0,0,[],[]
3096390,3097190,NA,MAF,0.0,111,pause,NA,NA,NA,NA,0.0,0,-37.6,-21.19,[],0,0,[],[]
3097190,3102090,NA,SIL,0.0,111,pause,NA,NA,NA,NA,0.0,0,-49.82,-33.97,[],0,0,[],[]
3102090,3103090,FEM,FAN,2.99,111,AICF,BC,0,NT,FI,0.0,0,-37.83,-28.33,[],0,0,[],[]
3103090,3104080,NA,SIL,0.0,111,AICF,NA,NA,NA,NA,0.0,0,-49.28,-34.47,[],0,0,[],[]
3104080,3106570,NA,NOF,0.0,111,AICF,NA,NA,NA,NA,0.0,0,-31.91,-11.82,[],0,0,[],[]
3106570,3108090,MAL,MAN,4.93,111,AICF,RC,0,TIMI,FI,0.0,0,-35.87,-21.37,[],0,0,[],[]
3108090,3109250,NA,SIL,0.0,111,AICF,NA,NA,NA,NA,0.0,0,-50.81,-43.91,[],0,0,[],[]
3109250,3110560,CHI,CHN,0.0,111,AICF,RC,1,TIMR,FI,1.0,870,-19.58,-9.67,"[{'Canonical-syllable': '1', 'Growl': '0', 'High-freq-energy': '0', 'Long-island': '0', 'Low-tilt-spectrum': '0', 'Medium-island': '1', 'Short-island': '1', 'Squeal': '0', 'Typical-entropy': '0', 'Voicing-quality': '2', 'Wide-band': '0', 'Xlong-island': '0', 'seq': '1', 'end': 3110.56, 'start': 3109.69}]",0,0,[],[]
3110560,3111560,MAL,MAN,6.42,111,AICF,RC,1,TIMI,FI,0.0,0,-32.71,-19.83,[],0,0,[],[]
3111560,3112360,NA,NOF,0.0,111,AICF,NA,NA,NA,NA,0.0,0,-35.65,-21.46,[],0,0,[],[]
3112360,3114100,NA,SIL,0.0,111,AICF,NA,NA,NA,NA,0.0,0,-38.87,-21.95,[],0,0,[],[]
3114100,3114900,NA,NOF,0.0,111,AICF,NA,NA,NA,NA,0.0,0,-44.82,-35.04,[],0,0,[],[]
3114900,3116330,NA,SIL,0.0,111,AICF,NA,NA,NA,NA,0.0,0,-55.48,-49.15,[],0,0,[],[]
3116330,3118110,CHI,CHN,0.0,111,AICF,RC,2,TIMR,FI,1.0,1560,-17.94,-8.14,"[{'Canonical-syllable': '1', 'Growl': '0', 'High-freq-energy': '0', 'Long-island': '0', 'Low-tilt-spectrum': '0', 'Medium-island': '1', 'Short-island': '3', 'Squeal': '0', 'Typical-entropy': '1', 'Voicing-quality': '4', 'Wide-band': '0', 'Xlong-island': '0', 'seq': '1', 'end': 3117.89, 'start': 3116.33}]",0,0,[],[]
3118110,3120100,NA,SIL,0.0,111,AICF,NA,NA,NA,NA,0.0,0,-56.4,-44.93,[],0,0,[],[]
3120100,3121720,FEM,FAN,5.63,111,AICF,RC,2,TIFI,FI,0.0,0,-35.97,-26.64,[],0,0,[],[]
3121720,3122820,NA,SIL,0.0,111,AICF,NA,NA,NA,NA,0.0,0,-47.57,-36.53,[],0,0,[],[]
3122820,3123700,CHI,CHN,0.0,111,AICF,EC,3,TIFR,FI,2.0,380,-26.85,-11.74,"[{'Canonical-syllable': '0', 'Growl': '1', 'High-freq-energy': '1', 'Long-island': '0', 'Low-tilt-spectrum': '1', 'Medium-island': '0', 'Short-island': '0', 'Squeal': '0', 'Typical-entropy': '1', 'Voicing-quality': '0', 'Wide-band': '0', 'Xlong-island': '0', 'seq': '1', 'end': 3122.93, 'start': 3122.82}, {'Canonical-syllable': '0', 'Growl': '0', 'High-freq-energy': '0', 'Long-island': '0', 'Low-tilt-spectrum': '1', 'Medium-island': '0', 'Short-island': '1', 'Squeal': '1', 'Typical-entropy': '1', 'Voicing-quality': '0', 'Wide-band': '1', 'Xlong-island': '0', 'seq': '2', 'end': 3123.7, 'start': 3123.43}]",0,0,[],[]
3123700,3124500,NA,NOF,0.0,112,pause,NA,NA,NA,NA,0.0,0,-48.14,-38.74,[],0,0,[],[]
3124500,3125570,NA,SIL,0.0,112,pause,NA,NA,NA,NA,0.0,0,-55.76,-49.95,[],0,0,[],[]
3125570,3126170,CHI,CHN,0.0,112,pause,NA,NA,NA,NA,0.0,0,-25.68,-9.51,[],0,150,"[{'start': 3125.85, 'end': 3126.0}]",[]
3126170,3128070,NA,SIL,0.0,112,pause,NA,NA,NA,NA,0.0,0,-48.5,-31.21,[],0,0,[],[]
3128070,3128990,NA,CHF,0.0,112,pause,NA,NA,NA,NA,0.0,0,-45.56,-38.55,[],0,920,[],"[{'start': 3128.07, 'end': 3128.99}]"
3128990,3129790,NA,SIL,0.0,112,pause,NA,NA,NA,NA,0.0,0,-46.76,-34.3,[],0,0,[],[]
3129790,3130390,CHI,CHN,0.0,112,CIOCX,BC,0,NT,FI,1.0,600,-18.58,-13.99,"[{'Canonical-syllable': '0', 'Growl': '0', 'High-freq-energy': '0', 'Long-island': '0', 'Low-tilt-spectrum': '0', 'Medium-island': '1', 'Short-island': '0', 'Squeal': '0', 'Typical-entropy': '1', 'Voicing-quality': '1', 'Wide-band': '0', 'Xlong-island': '0', 'seq': '1', 'end': 3130.39, 'start': 3129.87}]",0,0,[],[]
3130390,3131190,NA,CHF,0.0,112,CIOCX,NA,NA,NA,NA,0.0,0,-36.99,-19.81,[],0,0,[],[]
3131190,3132450,CHI,CHN,0.0,112,CIOCX,RC,0,NT,FH,1.0,1170,-27.01,-15.0,"[{'Canonical-syllable': '2', 'Growl': '0', 'High-freq-energy': '0', 'Long-island': '0', 'Low-tilt-spectrum': '0', 'Medium-island': '0', 'Short-island': '3', 'Squeal': '0', 'Typical-entropy': '0', 'Voicing-quality': '4', 'Wide-band': '0', 'Xlong-island': '0', 'seq': '1', 'end': 3132.36, 'start': 3131.19}]",0,0,[],[]
3132450,3133690,CHI,CHN,0.0,112,CIOCX,RC,0,NT,FH,1.0,690,-20.89,-10.19,"[{'Canonical-syllable': '1', 'Growl': '0', 'High-freq-energy': '0', 'Long-island': '0', 'Low-tilt-spectrum': '0', 'Medium-island': '1', 'Short-island': '1', 'Squeal': '0', 'Typical-entropy': '1', 'Voicing-quality': '2', 'Wide-band': '0', 'Xlong-island': '0', 'seq': '1', 'end': 3133.62, 'start': 3132.93}]",0,0,[],[]
3133690,3134290,OCH,CXN,0.0,112,CIOCX,EC,0,NT,FI,0.0,0,-27.31,-20.5,[],0,0,[],[]
3134290,3135090,NA,SIL,0.0,113,pause,NA,NA,NA,NA,0.0,0,-46.71,-36.14,[],0,0,[],[]
3135090,3136100,FEM,FAN,0.0,113,pause,NA,NA,NA,NA,0.0,0,-42.36,-33.77,[],1010,0,[],[]
3136100,3138150,NA,SIL,0.0,113,pause,NA,NA,NA,NA,0.0,0,-45.62,-29.05,[],0,0,[],[]
3138150,3139150,FEM,FAN,0.0,113,pause,NA,NA,NA,NA,0.0,0,-32.61,-21.09,[],1000,0,[],[]
3139150,3140640,NA,SIL,0.0,113,pause,NA,NA,NA,NA,0.0,0,-57.05,-48.04,[],0,0,[],[]
3140640,3141960,MAL,MAN,4.82,113,AMM,EC,0,NT,FI,0.0,0,-37.41,-20.47,[],0,0,[],[]
3141960,3143450,NA,SIL,0.0,114,pause,NA,NA,NA,NA,0.0,0,-51.29,-35.74,[],0,0,[],[]
3143450,3144450,NA,FAF,0.0,114,pause,NA,NA,NA,NA,0.0,0,-43.82,-34.16,[],0,0,[],[]
3144450,3145790,NA,SIL,0.0,114,pause,NA,NA,NA,NA,0.0,0,-39.94,-21.89,[],0,0,[],[]
3145790,3148740,NA,NOF,0.0,114,pause,NA,NA,NA,NA,0.0,0,-28.4,-9.06,[],0,0,[],[]
3148740,3149540,NA,SIL,0.0,114,pause,NA,NA,NA,NA,0.0,0,-44.23,-34.23,[],0,0,[],[]
3149540,3150340,NA,NOF,0.0,114,pause,NA,NA,NA,NA,0.0,0,-51.82,-45.39,[],0,0,[],[]
3150340,3152640,NA,SIL,0.0,114,pause,NA,NA,NA,NA,0.0,0,-50.82,-37.96,[],0,0,[],[]
3152640,3153490,NA,CHF,0.0,114,pause,NA,NA,NA,NA,0.0,0,-35.08,-22.01,[],0,550,[],"[{'start': 3152.64, 'end': 3153.19}]"
3153490,3154560,NA,SIL,0.0,114,pause,NA,NA,NA,NA,0.0,0,-47.97,-35.52,[],0,0,[],[]
3154560,3163310,NA,NOF,0.0,114,pause,NA,NA,NA,NA,0.0,0,-43.02,-27.33,[],0,0,[],[]
3163310,3164110,NA,OLF,0.0,114,pause,NA,NA,NA,NA,0.0,0,-21.9,-6.9,[],0,0,[],[]
3164110,3172840,NA,NOF,0.0,114,pause,NA,NA,NA,NA,0.0,0,-38.9,-15.26,[],0,0,[],[]
3172840,3173640,NA,OLN,0.0,114,pause,NA,NA,NA,NA,0.0,0,-33.62,-20.65,[],0,0,[],[]
3173640,3181150,NA,NOF,0.0,114,pause,NA,NA,NA,NA,0.0,0,-37.47,-16.36,[],0,0,[],[]
3181150,3181750,FEM,FAN,0.0,114,pause,NA,NA,NA,NA,0.0,0,-26.34,-13.72,[],600,0,[],[]
3181750,3206770,NA,NOF,0.0,114,pause,NA,NA,NA,NA,0.0,0,-39.26,-17.9,[],0,0,[],[]
3206770,3208980,CHI,CHN,0.0,114,CIC,BC,0,NT,FI,2.0,1740,-17.77,-8.39,"[{'Canonical-syllable': '1', 'Growl': '0', 'High-freq-energy': '0', 'Long-island': '0', 'Low-tilt-spectrum': '0', 'Medium-island': '2', 'Short-island': '1', 'Squeal': '0', 'Typical-entropy': '0', 'Voicing-quality': '3', 'Wide-band': '0', 'Xlong-island': '0', 'seq': '1', 'end': 3208.26, 'start': 3206.77}, {'Canonical-syllable': '0', 'Growl': '0', 'High-freq-energy': '0', 'Long-island': '0', 'Low-tilt-spectrum': '0', 'Medium-island': '0', 'Short-island': '1', 'Squeal': '0', 'Typical-entropy': '0', 'Voicing-quality': '1', 'Wide-band': '0', 'Xlong-island': '0', 'seq': '2', 'end': 3208.98, 'start': 3208.73}]",0,0,[],[]
3208980,3210540,NA,NOF,0.0,114,CIC,NA,NA,NA,NA,0.0,0,-46.63,-37.29,[],0,0,[],[]
3210540,3211530,NA,OLF,0.0,114,CIC,NA,NA,NA,NA,0.0,0,-34.52,-27.59,[],0,0,[],[]
3211530,3212480,NA,NOF,0.0,114,CIC,NA,NA,NA,NA,0.0,0,-46.01,-40.09,[],0,0,[],[]
3212480,3214900,CHI,CHN,0.0,114,CIC,RC,0,TIMI,FH,2.0,2029,-18.74,-6.5,"[{'Canonical-syllable': '0', 'Growl': '1', 'High-freq-energy': '0', 'Long-island': '0', 'Low-tilt-spectrum': '0', 'Medium-island': '1', 'Short-island': '0', 'Squeal': '0', 'Typical-entropy': '0', 'Voicing-quality': '2', 'Wide-band': '0', 'Xlong-island': '0', 'seq': '1', 'end': 3213.02, 'start': 3212.48}, {'Canonical-syllable': '0', 'Growl': '0', 'High-freq-energy': '0', 'Long-island': '1', 'Low-tilt-spectrum': '0', 'Medium-island': '1', 'Short-island': '1', 'Squeal': '0', 'Typical-entropy': '1', 'Voicing-quality': '3', 'Wide-band': '0', 'Xlong-island': '0', 'seq': '2', 'end': 3214.9, 'start': 3213.41}]",0,0,[],[]
3214900,3215900,MAL,MAN,4.99,114,CIC,RC,1,TIMR,FI,0.0,0,-29.8,-22.37,[],0,0,[],[]
3215900,3216700,NA,NOF,0.0,114,CIC,NA,NA,NA,NA,0.0,0,-47.45,-39.58,[],0,0,[],[]
3216700,3217300,CHI,CHN,0.0,114,CIC,RC,1,TIME,FI,1.0,480,-30.56,-25.11,"[{'Canonical-syllable': '0', 'Growl': '1', 'High-freq-energy': '0', 'Long-island': '0', 'Low-tilt-spectrum': '0', 'Medium-island': '1', 'Short-island': '0', 'Squeal': '0', 'Typical-entropy': '0', 'Voicing-quality': '1', 'Wide-band': '0', 'Xlong-island': '0', 'seq': '1', 'end': 3217.18, 'start': 3216.7}]",0,0,[],[]
3217300,3218100,NA,NOF,0.0,114,CIC,NA,NA,NA,NA,0.0,0,-40.74,-32.85,[],0,0,[],[]
3218100,3219310,CHI,CHN,0.0,114,CIC,EC,1,NT,FH,1.0,1210,-18.18,-9.4,"[{'Canonical-syllable': '0', 'Growl': '0', 'High-freq-energy': '0', 'Long-island': '0', 'Low-tilt-spectrum': '0', 'Medium-island': '1', 'Short-island': '1', 'Squeal': '0', 'Typical-entropy': '1', 'Voicing-quality': '3', 'Wide-band': '0', 'Xlong-island': '0', 'seq': '1', 'end': 3219.31, 'start': 3218.1}]",0,0,[],[]
3219310,3220180,NA,OLF,0.0,115,pause,NA,NA,NA,NA,0.0,0,-38.66,-30.25,[],0,0,[],[]
3220180,3228490,NA,NOF,0.0,115,pause,NA,NA,NA,NA,0.0,0,-34.82,-15.62,[],0,0,[],[]
3228490,3229450,NA,OLN,0.0,115,pause,NA,NA,NA,NA,0.0,0,-24.42,-15.97,[],0,0,[],[]
3229450,3235220,NA,NOF,0.0,115,pause,NA,NA,NA,NA,0.0,0,-37.7,-21.17,[],0,0,[],[]
3235220,3236040,CHI,CHN,0.0,115,CM,BC,0,NT,FI,1.0,820,-21.38,-13.98,"[{'Canonical-syllable': '1', 'Growl': '0', 'High-freq-energy': '0', 'Long-island': '0', 'Low-tilt-spectrum': '0', 'Medium-island': '0', 'Short-island': '3', 'Squeal': '0', 'Typical-entropy': '3', 'Voicing-quality': '3', 'Wide-band': '0', 'Xlong-island': '0', 'seq': '1', 'end': 3236.04, 'start': 3235.22}]",0,0,[],[]
3236040,3237040,CHI,CHN,0.0,115,CM,NA,NA,NA,NA,0.0,0,-26.82,-16.39,[],0,230,"[{'start': 3236.66, 'end': 3236.89}]",[]
3237040,3237650,CHI,CHN,0.0,115,CM,RC,0,NT,FH,1.0,200,-27.02,-17.99,"[{'Canonical-syllable': '0', 'Growl': '0', 'High-freq-energy': '0', 'Long-island': '0', 'Low-tilt-spectrum': '0', 'Medium-island': '0', 'Short-island': '1', 'Squeal': '0', 'Typical-entropy': '0', 'Voicing-quality': '1', 'Wide-band': '0', 'Xlong-island': '0', 'seq': '1', 'end': 3237.65, 'start': 3237.45}]",0,0,[],[]
3237650,3239140,CHI,CHN,0.0,115,CM,RC,0,NT,FH,1.0,740,-24.52,-13.27,"[{'Canonical-syllable': '0', 'Growl': '0', 'High-freq-energy': '0', 'Long-island': '0', 'Low-tilt-spectrum': '0', 'Medium-island': '0', 'Short-island': '3', 'Squeal': '0', 'Typical-entropy': '3', 'Voicing-quality': '3', 'Wide-band': '0', 'Xlong-island': '0', 'seq': '1', 'end': 3239.04, 'start': 3238.3}]",0,0,[],[]
3239140,3240160,CHI,CHN,0.0,115,CM,RC,0,NT,FH,1.0,1020,-18.39,-11.87,"[{'Canonical-syllable': '1', 'Growl': '0', 'High-freq-energy': '0', 'Long-island': '0', 'Low-tilt-spectrum': '0', 'Medium-island': '2', 'Short-island': '0', 'Squeal': '0', 'Typical-entropy': '0', 'Voicing-quality': '2', 'Wide-band': '0', 'Xlong-island': '0', 'seq': '1', 'end': 3240.16, 'start': 3239.22}]",0,0,[],[]
3240160,3241580,NA,NOF,0.0,115,CM,NA,NA,NA,NA,0.0,0,-43.54,-29.21,[],0,0,[],[]
3241580,3242710,CHI,CHN,0.0,115,CM,RC,0,NT,FH,1.0,1040,-18.18,-8.72,"[{'Canonical-syllable': '1', 'Growl': '0', 'High-freq-energy': '0', 'Long-island': '1', 'Low-tilt-spectrum': '0', 'Medium-island': '0', 'Short-island': '1', 'Squeal': '0', 'Typical-entropy': '0', 'Voicing-quality': '2', 'Wide-band': '0', 'Xlong-island': '0', 'seq': '1', 'end': 3242.62, 'start': 3241.58}]",0,0,[],[]
3242710,3243510,NA,NOF,0.0,115,CM,NA,NA,NA,NA,0.0,0,-45.8,-37.28,[],0,0,[],[]
3243510,3244340,CHI,CHN,0.0,115,CM,EC,0,NT,FH,1.0,830,-22.32,-14.17,"[{'Canonical-syllable': '1', 'Growl': '0', 'High-freq-energy': '0', 'Long-island': '0', 'Low-tilt-spectrum': '0', 'Medium-island': '1', 'Short-island': '1', 'Squeal': '0', 'Typical-entropy': '0', 'Voicing-quality': '2', 'Wide-band': '0', 'Xlong-island': '0', 'seq': '1', 'end': 3244.34, 'start': 3243.51}]",0,0,[],[]
3244340,3252100,NA,NOF,0.0,116,pause,NA,NA,NA,NA,0.0,0,-39.82,-21.41,[],0,0,[],[]
3252100,3254370,CHI,CHN,0.0,116,CM,BC,0,NT,FI,2.0,1760,-21.2,-12.52,"[{'Canonical-syllable': '0', 'Growl': '0', 'High-freq-energy': '0', 'Long-island': '1', 'Low-tilt-spectrum': '0', 'Medium-island': '0', 'Short-island': '0', 'Squeal': '0', 'Typical-entropy': '0', 'Voicing-quality': '1', 'Wide-band': '0', 'Xlong-island': '0', 'seq': '1', 'end': 3252.98, 'start': 3252.37}, {'Canonical-syllable': '1', 'Growl': '0', 'High-freq-energy': '0', 'Long-island': '0', 'Low-tilt-spectrum': '0', 'Medium-island': '1', 'Short-island': '0', 'Squeal': '0', 'Typical-entropy': '2', 'Voicing-quality': '2', 'Wide-band': '0', 'Xlong-island': '0', 'seq': '2', 'end': 3254.23, 'start': 3253.35}]",0,0,[],[]
3254370,3255170,NA,NOF,0.0,116,CM,NA,NA,NA,NA,0.0,0,-41.82,-35.7,[],0,0,[],[]
3255170,3255970,NA,OLF,0.0,116,CM,NA,NA,NA,NA,0.0,0,-38.09,-29.51,[],0,0,[],[]
3255970,3257180,NA,NOF,0.0,116,CM,NA,NA,NA,NA,0.0,0,-29.67,-12.52,[],0,0,[],[]
3257180,3257980,NA,OLN,0.0,116,CM,NA,NA,NA,NA,0.0,0,-24.42,-12.75,[],0,0,[],[]
3257980,3258620,CHI,CHN,0.0,116,CM,RC,0,NT,FH,1.0,640,-21.7,-13.09,"[{'Canonical-syllable': '0', 'Growl': '0', 'High-freq-energy': '0', 'Long-island': '0', 'Low-tilt-spectrum': '0', 'Medium-island': '0', 'Short-island': '2', 'Squeal': '0', 'Typical-entropy': '1', 'Voicing-quality': '2', 'Wide-band': '0', 'Xlong-island': '0', 'seq': '1', 'end': 3258.62, 'start': 3257.98}]",0,0,[],[]
3258620,3259440,NA,OLN,0.0,116,CM,NA,NA,NA,NA,0.0,0,-25.3,-11.17,[],0,0,[],[]
3259440,3262420,NA,NOF,0.0,116,CM,NA,NA,NA,NA,0.0,0,-32.94,-16.95,[],0,0,[],[]
3262420,3263020,CHI,CHN,0.0,116,CM,EC,0,NT,FH,1.0,520,-21.45,-13.06,"[{'Canonical-syllable': '0', 'Growl': '0', 'High-freq-energy': '1', 'Long-island': '0', 'Low-tilt-spectrum': '1', 'Medium-island': '1', 'Short-island': '0', 'Squeal': '0', 'Typical-entropy': '1', 'Voicing-quality': '1', 'Wide-band': '0', 'Xlong-island': '0', 'seq': '1', 'end': 3262.94, 'start': 3262.42}]",0,0,[],[]
3263020,3266020,NA,NON,0.0,117,pause,NA,NA,NA,NA,0.0,0,-31.03,-11.41,[],0,0,[],[]
3266020,3266820,NA,OLN,0.0,117,pause,NA,NA,NA,NA,0.0,0,-31.93,-21.45,[],0,0,[],[]
3266820,3269350,NA,NOF,0.0,117,pause,NA,NA,NA,NA,0.0,0,-31.09,-12.5,[],0,0,[],[]
3269350,3270150,NA,OLN,0.0,117,pause,NA,NA,NA,NA,0.0,0,-34.18,-21.96,[],0,0,[],[]
3270150,3271610,NA,NOF,0.0,117,pause,NA,NA,NA,NA,0.0,0,-28.15,-11.19,[],0,0,[],[]
3271610,3272700,CHI,CHN,0.0,117,CM,BC,0,NT,FI,1.0,560,-15.74,-9.81,"[{'Canonical-syllable': '0', 'Growl': '0', 'High-freq-energy': '0', 'Long-island': '0', 'Low-tilt-spectrum': '0', 'Medium-island': '1', 'Short-island': '0', 'Squeal': '0', 'Typical-entropy': '1', 'Voicing-quality': '1', 'Wide-band': '0', 'Xlong-island': '0', 'seq': '1', 'end': 3272.48, 'start': 3271.92}]",0,0,[],[]
3272700,3273300,CHI,CHN,0.0,117,CM,EC,0,NT,FH,1.0,280,-19.45,-11.39,"[{'Canonical-syllable': '0', 'Growl': '0', 'High-freq-energy': '0', 'Long-island': '0', 'Low-tilt-spectrum': '0', 'Medium-island': '0', 'Short-island': '1', 'Squeal': '0', 'Typical-entropy': '1', 'Voicing-quality': '1', 'Wide-band': '0', 'Xlong-island': '0', 'seq': '1', 'end': 3272.98, 'start': 3272.7}]",0,0,[],[]
3273300,3276110,NA,NON,0.0,118,pause,NA,NA,NA,NA,0.0,0,-34.74,-16.7,[],0,0,[],[]
3276110,3276910,CHI,CHN,0.0,118,pause,NA,NA,NA,NA,0.0,0,-17.59,-10.01,[],0,560,"[{'start': 3276.35, 'end': 3276.65}]","[{'start': 3276.65, 'end': 3276.91}]"
3276910,3277910,CHI,CHN,0.0,118,pause,NA,NA,NA,NA,0.0,0,-19.66,-11.22,[],0,380,[],"[{'start': 3276.91, 'end': 3277.29}]"
3277910,3278710,NA,OLN,0.0,118,pause,NA,NA,NA,NA,0.0,0,-15.84,-3.82,[],0,0,[],[]
3278710,3279500,CHI,CHN,0.0,118,CIC,BC,0,TIMI,FI,1.0,790,-14.84,-7.84,"[{'Canonical-syllable': '1', 'Growl': '0', 'High-freq-energy': '0', 'Long-island': '0', 'Low-tilt-spectrum': '1', 'Medium-island': '2', 'Short-island': '0', 'Squeal': '0', 'Typical-entropy': '2', 'Voicing-quality': '2', 'Wide-band': '0', 'Xlong-island': '0', 'seq': '1', 'end': 3279.5, 'start': 3278.71}]",0,0,[],[]
3279500,3281280,NA,NON,0.0,118,CIC,NA,NA,NA,NA,0.0,0,-17.81,-4.42,[],0,0,[],[]
3281280,3282310,MAL,MAN,9.6,118,CIC,EC,1,TIMR,FI,0.0,0,-37.96,-27.97,[],0,0,[],[]
3282310,3284290,NA,NOF,0.0,119,pause,NA,NA,NA,NA,0.0,0,-40.81,-27.72,[],0,0,[],[]
3284290,3285090,NA,OLN,0.0,119,pause,NA,NA,NA,NA,0.0,0,-27.57,-16.53,[],0,0,[],[]
3285090,3291600,NA,NOF,0.0,119,pause,NA,NA,NA,NA,0.0,0,-39.19,-21.03,[],0,0,[],[]
3291600,3292880,CHI,CHN,0.0,119,CM,BC,0,NT,FI,1.0,1280,-14.16,-8.52,"[{'Canonical-syllable': '0', 'Growl': '0', 'High-freq-energy': '0', 'Long-island': '0', 'Low-tilt-spectrum': '1', 'Medium-island': '0', 'Short-island': '0', 'Squeal': '0', 'Typical-entropy': '1', 'Voicing-quality': '1', 'Wide-band': '0', 'Xlong-island': '1', 'seq': '1', 'end': 3292.88, 'start': 3291.6}]",0,0,[],[]
3292880,3293680,CHI,CHN,0.0,119,CM,NA,NA,NA,NA,0.0,0,-18.78,-12.63,[],0,500,"[{'start': 3292.88, 'end': 3293.38}]",[]
3293680,3294540,NA,OLF,0.0,119,CM,NA,NA,NA,NA,0.0,0,-40.28,-32.85,[],0,0,[],[]
3294540,3296170,NA,NOF,0.0,119,CM,NA,NA,NA,NA,0.0,0,-46.67,-35.32,[],0,0,[],[]
3296170,3298080,CHI,CHN,0.0,119,CM,RC,0,NT,FH,1.0,1790,-13.72,-3.22,"[{'Canonical-syllable': '2', 'Growl': '1', 'High-freq-energy': '0', 'Long-island': '0', 'Low-tilt-spectrum': '6', 'Medium-island': '1', 'Short-island': '5', 'Squeal': '0', 'Typical-entropy': '6', 'Voicing-quality': '5', 'Wide-band': '0', 'Xlong-island': '0', 'seq': '1', 'end': 3297.96, 'start': 3296.25}]",0,0,[],[]
3298080,3298900,NA,NOF,0.0,119,CM,NA,NA,NA,NA,0.0,0,-47.06,-40.45,[],0,0,[],[]
3298900,3299700,NA,OLN,0.0,119,CM,NA,NA,NA,NA,0.0,0,-26.46,-18.64,[],0,0,[],[]
3299700,3300500,NA,NOF,0.0,119,CM,NA,NA,NA,NA,0.0,0,-43.49,-37.59,[],0,0,[],[]
3300500,3301300,CHI,CHN,0.0,119,CM,RC,0,NT,FH,1.0,800,-15.38,-7.02,"[{'Canonical-syllable': '0', 'Growl': '0', 'High-freq-energy': '0', 'Long-island': '1', 'Low-tilt-spectrum': '1', 'Medium-island': '0', 'Short-island': '0', 'Squeal': '0', 'Typical-entropy': '1', 'Voicing-quality': '1', 'Wide-band': '0', 'Xlong-island': '0', 'seq': '1', 'end': 3301.3, 'start': 3300.5}]",0,0,[],[]
3301300,3302840,CHI,CHN,0.0,119,CM,EC,0,NT,FH,1.0,1540,-15.85,-7.43,"[{'Canonical-syllable': '0', 'Growl': '0', 'High-freq-energy': '0', 'Long-island': '0', 'Low-tilt-spectrum': '1', 'Medium-island': '0', 'Short-island': '0', 'Squeal': '0', 'Typical-entropy': '1', 'Voicing-quality': '1', 'Wide-band': '0', 'Xlong-island': '1', 'seq': '1', 'end': 3302.84, 'start': 3301.3}]",0,0,[],[]
3302840,3304640,NA,OLN,0.0,120,pause,NA,NA,NA,NA,0.0,0,-20.73,-11.17,[],0,0,[],[]
3304640,3305660,NA,NOF,0.0,120,pause,NA,NA,NA,NA,0.0,0,-42.26,-27.2,[],0,0,[],[]
3305660,3306460,NA,OLN,0.0,120,pause,NA,NA,NA,NA,0.0,0,-35.11,-25.56,[],0,0,[],[]
3306460,3307360,NA,NON,0.0,120,pause,NA,NA,NA,NA,0.0,0,-14.87,-3.43,[],0,0,[],[]
3307360,3308400,NA,MAF,0.0,120,pause,NA,NA,NA,NA,0.0,0,-39.75,-32.28,[],0,0,[],[]
3308400,3309270,NA,NON,0.0,120,pause,NA,NA,NA,NA,0.0,0,-40.9,-32.54,[],0,0,[],[]
3309270,3311200,CHI,CHN,0.0,120,pause,NA,NA,NA,NA,0.0,0,-15.55,-2.9,[],0,1930,"[{'start': 3309.27, 'end': 3311.2}]",[]
3311200,3312000,NA,OLF,0.0,120,pause,NA,NA,NA,NA,0.0,0,-37.34,-30.53,[],0,0,[],[]
3312000,3314360,NA,NOF,0.0,120,pause,NA,NA,NA,NA,0.0,0,-39.54,-23.75,[],0,0,[],[]
3314360,3315160,NA,OLF,0.0,120,pause,NA,NA,NA,NA,0.0,0,-30.28,-19.96,[],0,0,[],[]
3315160,3317980,NA,NOF,0.0,120,pause,NA,NA,NA,NA,0.0,0,-36.9,-20.43,[],0,0,[],[]
3317980,3318630,CHI,CHN,0.0,120,pause,NA,NA,NA,NA,0.0,0,-15.39,-8.78,[],0,650,"[{'start': 3317.98, 'end': 3318.63}]",[]
3318630,3319430,NA,OLN,0.0,120,pause,NA,NA,NA,NA,0.0,0,-11.34,-2.59,[],0,0,[],[]
3319430,3320030,CHI,CHN,0.0,120,CIOCX,BC,0,NT,FI,1.0,600,-19.46,-12.67,"[{'Canonical-syllable': '0', 'Growl': '1', 'High-freq-energy': '0', 'Long-island': '0', 'Low-tilt-spectrum': '3', 'Medium-island': '0', 'Short-island': '1', 'Squeal': '0', 'Typical-entropy': '2', 'Voicing-quality': '3', 'Wide-band': '0', 'Xlong-island': '0', 'seq': '1', 'end': 3320.03, 'start': 3319.43}]",0,0,[],[]
3320030,3320830,CHI,CHN,0.0,120,CIOCX,RC,0,NT,FH,1.0,150,-26.68,-13.36,"[{'Canonical-syllable': '0', 'Growl': '0', 'High-freq-energy': '0', 'Long-island': '0', 'Low-tilt-spectrum': '0', 'Medium-island': '0', 'Short-island': '0', 'Squeal': '0', 'Typical-entropy': '0', 'Voicing-quality': '1', 'Wide-band': '0', 'Xlong-island': '0', 'seq': '1', 'end': 3320.83, 'start': 3320.68}]",0,0,[],[]
3320830,3321440,CHI,CHN,0.0,120,CIOCX,RC,0,NT,FH,2.0,270,-21.68,-14.06,"[{'Canonical-syllable': '0', 'Growl': '0', 'High-freq-energy': '0', 'Long-island': '0', 'Low-tilt-spectrum': '0', 'Medium-island': '0', 'Short-island': '0', 'Squeal': '0', 'Typical-entropy': '0', 'Voicing-quality': '1', 'Wide-band': '0', 'Xlong-island': '0', 'seq': '1', 'end': 3320.94, 'start': 3320.83}, {'Canonical-syllable': '0', 'Growl': '1', 'High-freq-energy': '0', 'Long-island': '0', 'Low-tilt-spectrum': '0', 'Medium-island': '0', 'Short-island': '1', 'Squeal': '0', 'Typical-entropy': '0', 'Voicing-quality': '1', 'Wide-band': '0', 'Xlong-island': '0', 'seq': '2', 'end': 3321.44, 'start': 3321.28}]",0,0,[],[]
3321440,3322560,OCH,CXN,0.0,120,CIOCX,RC,0,NT,FI,0.0,0,-32.81,-23.5,[],0,0,[],[]
3322560,3324150,CHI,CHN,0.0,120,CIOCX,RC,0,NT,FI,2.0,700,-21.73,-8.68,"[{'Canonical-syllable': '0', 'Growl': '0', 'High-freq-energy': '0', 'Long-island': '0', 'Low-tilt-spectrum': '0', 'Medium-island': '0', 'Short-island': '1', 'Squeal': '0', 'Typical-entropy': '0', 'Voicing-quality': '1', 'Wide-band': '0', 'Xlong-island': '0', 'seq': '1', 'end': 3322.84, 'start': 3322.66}, {'Canonical-syllable': '0', 'Growl': '0', 'High-freq-energy': '0', 'Long-island': '0', 'Low-tilt-spectrum': '2', 'Medium-island': '0', 'Short-island': '1', 'Squeal': '0', 'Typical-entropy': '2', 'Voicing-quality': '2', 'Wide-band': '0', 'Xlong-island': '0', 'seq': '2', 'end': 3324.15, 'start': 3323.73}]",0,0,[],[]
3324150,3325020,CHI,CHN,0.0,120,CIOCX,RC,0,NT,FH,1.0,770,-17.15,-5.68,"[{'Canonical-syllable': '0', 'Growl': '0', 'High-freq-energy': '0', 'Long-island': '0', 'Low-tilt-spectrum': '2', 'Medium-island': '2', 'Short-island': '0', 'Squeal': '0', 'Typical-entropy': '2', 'Voicing-quality': '2', 'Wide-band': '0', 'Xlong-island': '0', 'seq': '1', 'end': 3324.92, 'start': 3324.15}]",0,0,[],[]
3325020,3326630,CHI,CHN,0.0,120,CIOCX,RC,0,NT,FH,1.0,1610,-18.74,-11.52,"[{'Canonical-syllable': '1', 'Growl': '0', 'High-freq-energy': '0', 'Long-island': '0', 'Low-tilt-spectrum': '3', 'Medium-island': '2', 'Short-island': '2', 'Squeal': '0', 'Typical-entropy': '4', 'Voicing-quality': '4', 'Wide-band': '0', 'Xlong-island': '0', 'seq': '1', 'end': 3326.63, 'start': 3325.28}]",0,0,[],[]
3326630,3327540,NA,NOF,0.0,120,CIOCX,NA,NA,NA,NA,0.0,0,-39.31,-28.77,[],0,0,[],[]
3327540,3328340,CHI,CHN,0.0,120,CIOCX,RC,0,NT,FH,1.0,800,-20.02,-15.13,"[{'Canonical-syllable': '0', 'Growl': '0', 'High-freq-energy': '0', 'Long-island': '1', 'Low-tilt-spectrum': '1', 'Medium-island': '0', 'Short-island': '0', 'Squeal': '0', 'Typical-entropy': '1', 'Voicing-quality': '1', 'Wide-band': '0', 'Xlong-island': '0', 'seq': '1', 'end': 3328.34, 'start': 3327.54}]",0,0,[],[]
3328340,3329780,NA,NOF,0.0,120,CIOCX,NA,NA,NA,NA,0.0,0,-45.29,-34.07,[],0,0,[],[]
3329780,3332100,CHI,CHN,0.0,120,CIOCX,RC,0,NT,FH,2.0,2009,-18.64,-12.85,"[{'Canonical-syllable': '0', 'Growl': '0', 'High-freq-energy': '0', 'Long-island': '1', 'Low-tilt-spectrum': '0', 'Medium-island': '0', 'Short-island': '0', 'Squeal': '0', 'Typical-entropy': '1', 'Voicing-quality': '1', 'Wide-band': '0', 'Xlong-island': '0', 'seq': '1', 'end': 3330.44, 'start': 3329.78}, {'Canonical-syllable': '0', 'Growl': '0', 'High-freq-energy': '0', 'Long-island': '1', 'Low-tilt-spectrum': '0', 'Medium-island': '1', 'Short-island': '0', 'Squeal': '0', 'Typical-entropy': '2', 'Voicing-quality': '2', 'Wide-band': '0', 'Xlong-island': '0', 'seq': '2', 'end': 3332.1, 'start': 3330.75}]",0,0,[],[]
3332100,3333220,CHI,CHN,0.0,120,CIOCX,RC,0,NT,FH,1.0,1120,-19.26,-12.56,"[{'Canonical-syllable': '1', 'Growl': '0', 'High-freq-energy': '0', 'Long-island': '0', 'Low-tilt-spectrum': '0', 'Medium-island': '2', 'Short-island': '0', 'Squeal': '0', 'Typical-entropy': '1', 'Voicing-quality': '2', 'Wide-band': '0', 'Xlong-island': '0', 'seq': '1', 'end': 3333.22, 'start': 3332.29}]",0,0,[],[]
3333220,3334670,CHI,CHN,0.0,120,CIOCX,RC,0,NT,FH,2.0,780,-19.27,-13.58,"[{'Canonical-syllable': '0', 'Growl': '0', 'High-freq-energy': '0', 'Long-island': '0', 'Low-tilt-spectrum': '1', 'Medium-island': '1', 'Short-island': '0', 'Squeal': '0', 'Typical-entropy': '1', 'Voicing-quality': '1', 'Wide-band': '0', 'Xlong-island': '0', 'seq': '1', 'end': 3333.65, 'start': 3333.22}, {'Canonical-syllable': '0', 'Growl': '0', 'High-freq-energy': '0', 'Long-island': '0', 'Low-tilt-spectrum': '0', 'Medium-island': '1', 'Short-island': '0', 'Squeal': '0', 'Typical-entropy': '0', 'Voicing-quality': '1', 'Wide-band': '0', 'Xlong-island': '0', 'seq': '2', 'end': 3334.67, 'start': 3334.32}]",0,0,[],[]
3334670,3335830,CHI,CHN,0.0,120,CIOCX,RC,0,NT,FH,1.0,1160,-18.22,-11.95,"[{'Canonical-syllable': '0', 'Growl': '0', 'High-freq-energy': '0', 'Long-island': '0', 'Low-tilt-spectrum': '0', 'Medium-island': '2', 'Short-island': '0', 'Squeal': '0', 'Typical-entropy': '1', 'Voicing-quality': '2', 'Wide-band': '0', 'Xlong-island': '0', 'seq': '1', 'end': 3335.83, 'start': 3334.67}]",0,0,[],[]
3335830,3337420,NA,NOF,0.0,120,CIOCX,NA,NA,NA,NA,0.0,0,-40.38,-24.77,[],0,0,[],[]
3337420,3338620,NA,OLN,0.0,120,CIOCX,NA,NA,NA,NA,0.0,0,-31.63,-18.42,[],0,0,[],[]
3338620,3340070,NA,NON,0.0,120,CIOCX,NA,NA,NA,NA,0.0,0,-29.5,-10.85,[],0,0,[],[]
3340070,3340670,CHI,CHN,0.0,120,CIOCX,RC,0,NT,FH,1.0,400,-18.6,-12.28,"[{'Canonical-syllable': '0', 'Growl': '0', 'High-freq-energy': '0', 'Long-island': '0', 'Low-tilt-spectrum': '0', 'Medium-island': '1', 'Short-island': '0', 'Squeal': '0', 'Typical-entropy': '0', 'Voicing-quality': '1', 'Wide-band': '0', 'Xlong-island': '0', 'seq': '1', 'end': 3340.47, 'start': 3340.07}]",0,0,[],[]
3340670,3341570,NA,NOF,0.0,120,CIOCX,NA,NA,NA,NA,0.0,0,-22.21,-13.28,[],0,0,[],[]
3341570,3342370,NA,OLF,0.0,120,CIOCX,NA,NA,NA,NA,0.0,0,-20.41,-6.31,[],0,0,[],[]
3342370,3343210,NA,NOF,0.0,120,CIOCX,NA,NA,NA,NA,0.0,0,-49.49,-37.51,[],0,0,[],[]
3343210,3343810,CHI,CHN,0.0,120,CIOCX,EC,0,NT,FH,1.0,470,-21.72,-16.8,"[{'Canonical-syllable': '0', 'Growl': '0', 'High-freq-energy': '0', 'Long-island': '0', 'Low-tilt-spectrum': '0', 'Medium-island': '1', 'Short-island': '0', 'Squeal': '0', 'Typical-entropy': '0', 'Voicing-quality': '1', 'Wide-band': '0', 'Xlong-island': '0', 'seq': '1', 'end': 3343.68, 'start': 3343.21}]",0,0,[],[]
3343810,3346200,NA,NOF,0.0,121,pause,NA,NA,NA,NA,0.0,0,-23.32,-7.28,[],0,0,[],[]
3346200,3347000,NA,OLN,0.0,121,pause,NA,NA,NA,NA,0.0,0,-24.29,-18.4,[],0,0,[],[]
3347000,3347800,NA,NOF,0.0,121,pause,NA,NA,NA,NA,0.0,0,-35.87,-24.81,[],0,0,[],[]
3347800,3348600,NA,OLF,0.0,121,pause,NA,NA,NA,NA,0.0,0,-23.96,-6.71,[],0,0,[],[]
3348600,3352690,NA,NOF,0.0,121,pause,NA,NA,NA,NA,0.0,0,-31.65,-17.48,[],0,0,[],[]
3352690,3354770,CHI,CHN,0.0,121,pause,NA,NA,NA,NA,0.0,0,-16.34,-7.01,[],0,2080,"[{'start': 3352.69, 'end': 3354.77}]",[]
3354770,3355750,NA,NOF,0.0,121,pause,NA,NA,NA,NA,0.0,0,-39.68,-28.27,[],0,0,[],[]
3355750,3356550,CHI,CHN,0.0,121,CM,EC,0,NT,FI,1.0,800,-13.35,-4.39,"[{'Canonical-syllable': '0', 'Growl': '1', 'High-freq-energy': '0', 'Long-island': '0', 'Low-tilt-spectrum': '1', 'Medium-island': '1', 'Short-island': '1', 'Squeal': '0', 'Typical-entropy': '2', 'Voicing-quality': '2', 'Wide-band': '0', 'Xlong-island': '0', 'seq': '1', 'end': 3356.55, 'start': 3355.75}]",0,0,[],[]
3356550,3357440,NA,OLN,0.0,122,pause,NA,NA,NA,NA,0.0,0,-11.37,-2.18,[],0,0,[],[]
3357440,3358840,CHI,CHN,0.0,122,pause,NA,NA,NA,NA,0.0,0,-16.89,-5.18,[],0,1400,"[{'start': 3357.44, 'end': 3358.84}]",[]
3358840,3359640,NA,OLN,0.0,122,pause,NA,NA,NA,NA,0.0,0,-29.74,-21.2,[],0,0,[],[]
3359640,3361020,CHI,CHN,0.0,122,pause,NA,NA,NA,NA,0.0,0,-12.37,-3.13,[],0,1170,"[{'start': 3359.64, 'end': 3360.81}]",[]
3361020,3361820,NA,NON,0.0,122,pause,NA,NA,NA,NA,0.0,0,-34.35,-26.81,[],0,0,[],[]
3361820,3362710,CHI,CHN,0.0,122,CIOCX,BC,0,NT,FI,1.0,620,-17.43,-8.49,"[{'Canonical-syllable': '1', 'Growl': '0', 'High-freq-energy': '0', 'Long-island': '0', 'Low-tilt-spectrum': '2', 'Medium-island': '0', 'Short-island': '2', 'Squeal': '0', 'Typical-entropy': '2', 'Voicing-quality': '1', 'Wide-band': '0', 'Xlong-island': '0', 'seq': '1', 'end': 3362.44, 'start': 3361.91}]",0,0,[],[]
3362710,3363690,NA,NOF,0.0,122,CIOCX,NA,NA,NA,NA,0.0,0,-40.27,-33.18,[],0,0,[],[]
3363690,3364560,CHI,CHN,0.0,122,CIOCX,RC,0,NT,FH,1.0,870,-19.17,-10.13,"[{'Canonical-syllable': '1', 'Growl': '0', 'High-freq-energy': '0', 'Long-island': '0', 'Low-tilt-spectrum': '1', 'Medium-island': '1', 'Short-island': '1', 'Squeal': '0', 'Typical-entropy': '2', 'Voicing-quality': '1', 'Wide-band': '0', 'Xlong-island': '0', 'seq': '1', 'end': 3364.56, 'start': 3363.69}]",0,0,[],[]
3364560,3365430,CHI,CHN,0.0,122,CIOCX,RC,0,NT,FH,2.0,230,-26.3,-14.62,"[{'Canonical-syllable': '0', 'Growl': '0', 'High-freq-energy': '0', 'Long-island': '0', 'Low-tilt-spectrum': '1', 'Medium-island': '0', 'Short-island': '0', 'Squeal': '0', 'Typical-entropy': '1', 'Voicing-quality': '0', 'Wide-band': '0', 'Xlong-island': '0', 'seq': '1', 'end': 3364.66, 'start': 3364.56}, {'Canonical-syllable': '0', 'Growl': '0', 'High-freq-energy': '0', 'Long-island': '0', 'Low-tilt-spectrum': '1', 'Medium-island': '0', 'Short-island': '1', 'Squeal': '0', 'Typical-entropy': '1', 'Voicing-quality': '1', 'Wide-band': '0', 'Xlong-island': '0', 'seq': '2', 'end': 3365.35, 'start': 3365.22}]",0,0,[],[]
3365430,3366620,CHI,CHN,0.0,122,CIOCX,RC,0,NT,FH,1.0,1190,-16.97,-9.66,"[{'Canonical-syllable': '1', 'Growl': '0', 'High-freq-energy': '2', 'Long-island': '0', 'Low-tilt-spectrum': '1', 'Medium-island': '1', 'Short-island': '2', 'Squeal': '0', 'Typical-entropy': '2', 'Voicing-quality': '3', 'Wide-band': '0', 'Xlong-island': '0', 'seq': '1', 'end': 3366.62, 'start': 3365.43}]",0,0,[],[]
3366620,3367420,CHI,CHN,0.0,122,CIOCX,RC,0,NT,FH,1.0,800,-17.11,-9.22,"[{'Canonical-syllable': '0', 'Growl': '0', 'High-freq-energy': '1', 'Long-island': '0', 'Low-tilt-spectrum': '1', 'Medium-island': '1', 'Short-island': '1', 'Squeal': '0', 'Typical-entropy': '2', 'Voicing-quality': '2', 'Wide-band': '0', 'Xlong-island': '0', 'seq': '1', 'end': 3367.42, 'start': 3366.62}]",0,0,[],[]
3367420,3368310,OCH,CXN,0.0,122,CIOCX,RC,0,NT,FI,0.0,0,-24.95,-13.76,[],0,0,[],[]
3368310,3369530,CHI,CHN,0.0,122,CIOCX,EC,0,NT,FI,1.0,1220,-19.4,-9.97,"[{'Canonical-syllable': '0', 'Growl': '0', 'High-freq-energy': '0', 'Long-island': '1', 'Low-tilt-spectrum': '1', 'Medium-island': '0', 'Short-island': '1', 'Squeal': '0', 'Typical-entropy': '2', 'Voicing-quality': '2', 'Wide-band': '0', 'Xlong-island': '0', 'seq': '1', 'end': 3369.53, 'start': 3368.31}]",0,0,[],[]
3369530,3370940,NA,NOF,0.0,123,pause,NA,NA,NA,NA,0.0,0,-46.19,-36.26,[],0,0,[],[]
3370940,3372620,NA,OLN,0.0,123,pause,NA,NA,NA,NA,0.0,0,-29.15,-14.5,[],0,0,[],[]
3372620,3375050,NA,NON,0.0,123,pause,NA,NA,NA,NA,0.0,0,-31.75,-14.64,[],0,0,[],[]
3375050,3376110,CHI,CHN,0.0,123,pause,NA,NA,NA,NA,0.0,0,-14.27,-5.73,[],0,1060,"[{'start': 3375.05, 'end': 3376.11}]",[]
3376110,3377420,OCH,CXN,0.0,123,XM,EC,0,NT,FI,0.0,0,-23.85,-11.98,[],0,0,[],[]
3377420,3378340,NA,NOF,0.0,124,pause,NA,NA,NA,NA,0.0,0,-47.95,-43.03,[],0,0,[],[]
3378340,3381340,NA,SIL,0.0,124,pause,NA,NA,NA,NA,0.0,0,-50.82,-43.01,[],0,0,[],[]
3381340,3382530,NA,NOF,0.0,124,pause,NA,NA,NA,NA,0.0,0,-33.99,-22.43,[],0,0,[],[]
3382530,3383580,NA,OLN,0.0,124,pause,NA,NA,NA,NA,0.0,0,-20.21,-6.54,[],0,0,[],[]
3383580,3386990,NA,NOF,0.0,124,pause,NA,NA,NA,NA,0.0,0,-30.04,-10.99,[],0,0,[],[]
3386990,3387590,NA,FAF,0.0,124,pause,NA,NA,NA,NA,0.0,0,-35.15,-24.76,[],0,0,[],[]
3387590,3390470,NA,SIL,0.0,124,pause,NA,NA,NA,NA,0.0,0,-47.89,-33.74,[],0,0,[],[]
3390470,3391430,CHI,CHN,0.0,124,CM,BC,0,NT,FI,1.0,550,-15.76,-9.0,"[{'Canonical-syllable': '0', 'Growl': '0', 'High-freq-energy': '1', 'Long-island': '0', 'Low-tilt-spectrum': '1', 'Medium-island': '1', 'Short-island': '0', 'Squeal': '0', 'Typical-entropy': '1', 'Voicing-quality': '1', 'Wide-band': '0', 'Xlong-island': '0', 'seq': '1', 'end': 3391.43, 'start': 3390.88}]",0,0,[],[]
3391430,3392230,NA,OLN,0.0,124,CM,NA,NA,NA,NA,0.0,0,-18.28,-10.61,[],0,0,[],[]
3392230,3392880,CHI,CHN,0.0,124,CM,RC,0,NT,FH,1.0,650,-16.61,-10.88,"[{'Canonical-syllable': '0', 'Growl': '0', 'High-freq-energy': '0', 'Long-island': '1', 'Low-tilt-spectrum': '0', 'Medium-island': '0', 'Short-island': '0', 'Squeal': '0', 'Typical-entropy': '1', 'Voicing-quality': '1', 'Wide-band': '0', 'Xlong-island': '0', 'seq': '1', 'end': 3392.88, 'start': 3392.23}]",0,0,[],[]
3392880,3394270,NA,OLN,0.0,124,CM,NA,NA,NA,NA,0.0,0,-19.85,-10.98,[],0,0,[],[]
3394270,3395500,CHI,CHN,0.0,124,CM,RC,0,NT,FH,1.0,1230,-16.18,-7.96,"[{'Canonical-syllable': '0', 'Growl': '0', 'High-freq-energy': '0', 'Long-island': '1', 'Low-tilt-spectrum': '0', 'Medium-island': '1', 'Short-island': '0', 'Squeal': '0', 'Typical-entropy': '1', 'Voicing-quality': '2', 'Wide-band': '0', 'Xlong-island': '0', 'seq': '1', 'end': 3395.5, 'start': 3394.27}]",0,0,[],[]
3395500,3396500,CHI,CHN,0.0,124,CM,EC,0,NT,FH,2.0,530,-17.63,-9.49,"[{'Canonical-syllable': '0', 'Growl': '0', 'High-freq-energy': '0', 'Long-island': '0', 'Low-tilt-spectrum': '1', 'Medium-island': '1', 'Short-island': '0', 'Squeal': '0', 'Typical-entropy': '1', 'Voicing-quality': '1', 'Wide-band': '0', 'Xlong-island': '0', 'seq': '1', 'end': 3395.84, 'start': 3395.5}, {'Canonical-syllable': '1', 'Growl': '0', 'High-freq-energy': '0', 'Long-island': '0', 'Low-tilt-spectrum': '0', 'Medium-island': '0', 'Short-island': '1', 'Squeal': '0', 'Typical-entropy': '1', 'Voicing-quality': '1', 'Wide-band': '0', 'Xlong-island': '0', 'seq': '2', 'end': 3396.5, 'start': 3396.31}]",0,0,[],[]
3396500,3397100,CHI,CHN,0.0,125,pause,NA,NA,NA,NA,0.0,0,-15.42,-7.63,[],0,600,"[{'start': 3396.5, 'end': 3397.1}]",[]
3397100,3398530,NA,OLN,0.0,125,pause,NA,NA,NA,NA,0.0,0,-34.52,-21.28,[],0,0,[],[]
3398530,3402520,NA,NOF,0.0,125,pause,NA,NA,NA,NA,0.0,0,-37.64,-23.9,[],0,0,[],[]
3402520,3404690,NA,OLN,0.0,125,pause,NA,NA,NA,NA,0.0,0,-20.37,-7.58,[],0,0,[],[]
3404690,3406390,CHI,CHN,0.0,125,CIOCX,BC,0,NT,FI,1.0,1530,-15.12,-5.14,"[{'Canonical-syllable': '0', 'Growl': '0', 'High-freq-energy': '1', 'Long-island': '2', 'Low-tilt-spectrum': '1', 'Medium-island': '0', 'Short-island': '0', 'Squeal': '2', 'Typical-entropy': '2', 'Voicing-quality': '2', 'Wide-band': '0', 'Xlong-island': '0', 'seq': '1', 'end': 3406.22, 'start': 3404.69}]",0,0,[],[]
3406390,3407340,NA,OLN,0.0,125,CIOCX,NA,NA,NA,NA,0.0,0,-18.72,-8.81,[],0,0,[],[]
3407340,3409330,CHI,CHN,0.0,125,CIOCX,RC,0,NT,FH,1.0,1990,-18.12,-9.67,"[{'Canonical-syllable': '1', 'Growl': '1', 'High-freq-energy': '0', 'Long-island': '0', 'Low-tilt-spectrum': '2', 'Medium-island': '0', 'Short-island': '2', 'Squeal': '0', 'Typical-entropy': '3', 'Voicing-quality': '3', 'Wide-band': '0', 'Xlong-island': '1', 'seq': '1', 'end': 3409.33, 'start': 3407.34}]",0,0,[],[]
3409330,3410130,OCH,CXN,0.0,125,CIOCX,RC,0,NT,FI,0.0,0,-28.0,-18.99,[],0,0,[],[]
3410130,3411130,NA,FAF,0.0,125,CIOCX,NA,NA,NA,NA,0.0,0,-42.37,-34.83,[],0,0,[],[]
3411130,3413110,OCH,CXN,0.0,125,CIOCX,EC,0,NT,FH,0.0,0,-38.21,-29.85,[],0,0,[],[]
3413110,3414180,NA,NOF,0.0,126,pause,NA,NA,NA,NA,0.0,0,-27.48,-17.99,[],0,0,[],[]
3414180,3415540,NA,OLN,0.0,126,pause,NA,NA,NA,NA,0.0,0,-17.96,-8.08,[],0,0,[],[]
3415540,3417080,CHI,CHN,0.0,126,pause,NA,NA,NA,NA,0.0,0,-14.97,-3.45,[],0,1440,"[{'start': 3415.64, 'end': 3417.08}]",[]
3417080,3418020,NA,NON,0.0,126,pause,NA,NA,NA,NA,0.0,0,-19.68,-8.43,[],0,0,[],[]
3418020,3419820,NA,OLN,0.0,126,pause,NA,NA,NA,NA,0.0,0,-21.59,-10.75,[],0,0,[],[]
3419820,3420420,CHI,CHN,0.0,126,pause,NA,NA,NA,NA,0.0,0,-16.35,-6.93,[],0,600,"[{'start': 3419.82, 'end': 3420.42}]",[]
3420420,3421720,NA,OLN,0.0,126,pause,NA,NA,NA,NA,0.0,0,-32.52,-24.61,[],0,0,[],[]
3421720,3423140,CHI,CHN,0.0,126,CIC,BC,0,NT,FI,2.0,1060,-18.06,-8.11,"[{'Canonical-syllable': '0', 'Growl': '0', 'High-freq-energy': '0', 'Long-island': '0', 'Low-tilt-spectrum': '2', 'Medium-island': '0', 'Short-island': '2', 'Squeal': '0', 'Typical-entropy': '3', 'Voicing-quality': '3', 'Wide-band': '0', 'Xlong-island': '0', 'seq': '1', 'end': 3422.57, 'start': 3421.72}, {'Canonical-syllable': '1', 'Growl': '0', 'High-freq-energy': '0', 'Long-island': '0', 'Low-tilt-spectrum': '1', 'Medium-island': '0', 'Short-island': '1', 'Squeal': '0', 'Typical-entropy': '1', 'Voicing-quality': '1', 'Wide-band': '0', 'Xlong-island': '0', 'seq': '2', 'end': 3423.14, 'start': 3422.93}]",0,0,[],[]
3423140,3424190,OCH,CXN,0.0,126,CIC,RC,0,NT,FI,0.0,0,-35.78,-23.36,[],0,0,[],[]
3424190,3425320,NA,OLN,0.0,126,CIC,NA,NA,NA,NA,0.0,0,-30.73,-25.92,[],0,0,[],[]
3425320,3427020,CHI,CHN,0.0,126,CIC,RC,0,NT,FI,1.0,1390,-17.01,-4.35,"[{'Canonical-syllable': '0', 'Growl': '0', 'High-freq-energy': '0', 'Long-island': '1', 'Low-tilt-spectrum': '0', 'Medium-island': '1', 'Short-island': '0', 'Squeal': '1', 'Typical-entropy': '2', 'Voicing-quality': '2', 'Wide-band': '0', 'Xlong-island': '0', 'seq': '1', 'end': 3427.02, 'start': 3425.63}]",0,0,[],[]
3427020,3428810,NA,OLN,0.0,126,CIC,NA,NA,NA,NA,0.0,0,-21.13,-9.09,[],0,0,[],[]
3428810,3429410,CHI,CHN,0.0,126,CIC,NA,NA,NA,NA,0.0,0,-14.66,-10.32,[],0,500,"[{'start': 3428.91, 'end': 3429.41}]",[]
3429410,3430290,NA,OLF,0.0,126,CIC,NA,NA,NA,NA,0.0,0,-24.81,-14.07,[],0,0,[],[]
3430290,3431090,NA,NON,0.0,126,CIC,NA,NA,NA,NA,0.0,0,-23.04,-13.43,[],0,0,[],[]
3431090,3431750,CHI,CHN,0.0,126,CIC,RC,0,NT,FH,1.0,660,-17.83,-11.14,"[{'Canonical-syllable': '2', 'Growl': '0', 'High-freq-energy': '0', 'Long-island': '0', 'Low-tilt-spectrum': '0', 'Medium-island': '0', 'Short-island': '2', 'Squeal': '0', 'Typical-entropy': '1', 'Voicing-quality': '2', 'Wide-band': '0', 'Xlong-island': '0', 'seq': '1', 'end': 3431.75, 'start': 3431.09}]",0,0,[],[]
3431750,3433440,NA,NOF,0.0,126,CIC,NA,NA,NA,NA,0.0,0,-30.74,-14.55,[],0,0,[],[]
3433440,3434130,CHI,CHN,0.0,126,CIC,RC,0,TIFI,FH,1.0,690,-17.89,-11.24,"[{'Canonical-syllable': '1', 'Growl': '0', 'High-freq-energy': '0', 'Long-island': '0', 'Low-tilt-spectrum': '0', 'Medium-island': '1', 'Short-island': '0', 'Squeal': '0', 'Typical-entropy': '1', 'Voicing-quality': '2', 'Wide-band': '0', 'Xlong-island': '0', 'seq': '1', 'end': 3434.13, 'start': 3433.44}]",0,0,[],[]
3434130,3435030,NA,OLN,0.0,126,CIC,NA,NA,NA,NA,0.0,0,-22.17,-4.75,[],0,0,[],[]
3435030,3435830,NA,NON,0.0,126,CIC,NA,NA,NA,NA,0.0,0,-32.15,-18.47,[],0,0,[],[]
3435830,3437330,NA,OLN,0.0,126,CIC,NA,NA,NA,NA,0.0,0,-22.72,-8.42,[],0,0,[],[]
3437330,3438380,FEM,FAN,3.76,126,CIC,RC,1,TIFR,FI,0.0,0,-34.45,-26.66,[],0,0,[],[]
3438380,3439190,CHI,CHN,0.0,126,CIC,RC,1,TIFE,FI,1.0,810,-26.18,-18.84,"[{'Canonical-syllable': '0', 'Growl': '0', 'High-freq-energy': '0', 'Long-island': '1', 'Low-tilt-spectrum': '0', 'Medium-island': '0', 'Short-island': '0', 'Squeal': '0', 'Typical-entropy': '1', 'Voicing-quality': '1', 'Wide-band': '0', 'Xlong-island': '0', 'seq': '1', 'end': 3439.19, 'start': 3438.53}]",0,0,[],[]
3439190,3440480,NA,NOF,0.0,126,CIC,NA,NA,NA,NA,0.0,0,-21.61,-5.24,[],0,0,[],[]
3440480,3441580,NA,FAF,0.0,126,CIC,NA,NA,NA,NA,0.0,0,-38.41,-30.08,[],0,0,[],[]
3441580,3443410,CHI,CHN,0.0,126,CIC,RC,1,NT,FH,1.0,1710,-16.06,-5.31,"[{'Canonical-syllable': '1', 'Growl': '0', 'High-freq-energy': '0', 'Long-island': '1', 'Low-tilt-spectrum': '1', 'Medium-island': '1', 'Short-island': '2', 'Squeal': '0', 'Typical-entropy': '2', 'Voicing-quality': '4', 'Wide-band': '0', 'Xlong-island': '0', 'seq': '1', 'end': 3443.29, 'start': 3441.71}]",0,0,[],[]
3443410,3444660,CHI,CHN,0.0,126,CIC,RC,1,NT,FH,1.0,590,-22.59,-12.05,"[{'Canonical-syllable': '1', 'Growl': '0', 'High-freq-energy': '0', 'Long-island': '0', 'Low-tilt-spectrum': '0', 'Medium-island': '1', 'Short-island': '0', 'Squeal': '0', 'Typical-entropy': '0', 'Voicing-quality': '1', 'Wide-band': '0', 'Xlong-island': '0', 'seq': '1', 'end': 3444.0, 'start': 3443.7}]",0,0,[],[]
3444660,3445970,CHI,CHN,0.0,126,CIC,RC,1,TIFI,FH,1.0,1310,-16.33,-6.59,"[{'Canonical-syllable': '1', 'Growl': '0', 'High-freq-energy': '0', 'Long-island': '0', 'Low-tilt-spectrum': '1', 'Medium-island': '1', 'Short-island': '2', 'Squeal': '0', 'Typical-entropy': '2', 'Voicing-quality': '3', 'Wide-band': '0', 'Xlong-island': '0', 'seq': '1', 'end': 3445.97, 'start': 3444.89}]",0,0,[],[]
3445970,3447730,FEM,FAN,8.91,126,CIC,EC,2,TIFR,FI,0.0,0,-30.16,-17.69,[],0,0,[],[]
3447730,3448550,NA,SIL,0.0,127,pause,NA,NA,NA,NA,0.0,0,-50.3,-46.96,[],0,0,[],[]
3448550,3449350,NA,NOF,0.0,127,pause,NA,NA,NA,NA,0.0,0,-48.0,-41.76,[],0,0,[],[]
3449350,3450150,NA,SIL,0.0,127,pause,NA,NA,NA,NA,0.0,0,-51.38,-46.45,[],0,0,[],[]
3450150,3451680,NA,NOF,0.0,127,pause,NA,NA,NA,NA,0.0,0,-49.48,-43.95,[],0,0,[],[]
3451680,3453110,NA,SIL,0.0,127,pause,NA,NA,NA,NA,0.0,0,-48.55,-34.42,[],0,0,[],[]
3453110,3455090,NA,NOF,0.0,127,pause,NA,NA,NA,NA,0.0,0,-50.14,-44.08,[],0,0,[],[]
3455090,3456140,NA,OLN,0.0,127,pause,NA,NA,NA,NA,0.0,0,-32.21,-21.57,[],0,0,[],[]
3456140,3457270,CHI,CHN,0.0,127,CIC,BC,0,NT,FI,1.0,1130,-15.4,-9.94,"[{'Canonical-syllable': '1', 'Growl': '0', 'High-freq-energy': '0', 'Long-island': '1', 'Low-tilt-spectrum': '2', 'Medium-island': '1', 'Short-island': '0', 'Squeal': '0', 'Typical-entropy': '2', 'Voicing-quality': '2', 'Wide-band': '0', 'Xlong-island': '0', 'seq': '1', 'end': 3457.27, 'start': 3456.14}]",0,0,[],[]
3457270,3459280,NA,NOF,0.0,127,CIC,NA,NA,NA,NA,0.0,0,-35.66,-21.34,[],0,0,[],[]
3459280,3460340,NA,OLN,0.0,127,CIC,NA,NA,NA,NA,0.0,0,-33.95,-22.43,[],0,0,[],[]
3460340,3461160,OCH,CXN,0.0,127,CIC,RC,0,NT,FI,0.0,0,-22.36,-18.3,[],0,0,[],[]
3461160,3462280,CHI,CHN,0.0,127,CIC,RC,0,NT,FI,2.0,560,-26.25,-17.37,"[{'Canonical-syllable': '0', 'Growl': '0', 'High-freq-energy': '0', 'Long-island': '0', 'Low-tilt-spectrum': '0', 'Medium-island': '0', 'Short-island': '0', 'Squeal': '0', 'Typical-entropy': '0', 'Voicing-quality': '1', 'Wide-band': '0', 'Xlong-island': '0', 'seq': '1', 'end': 3461.24, 'start': 3461.16}, {'Canonical-syllable': '1', 'Growl': '1', 'High-freq-energy': '1', 'Long-island': '0', 'Low-tilt-spectrum': '1', 'Medium-island': '0', 'Short-island': '2', 'Squeal': '0', 'Typical-entropy': '1', 'Voicing-quality': '1', 'Wide-band': '1', 'Xlong-island': '0', 'seq': '2', 'end': 3462.21, 'start': 3461.73}]",0,0,[],[]
3462280,3463110,CHI,CHN,0.0,127,CIC,NA,NA,NA,NA,0.0,0,-12.19,-4.18,[],0,830,"[{'start': 3462.28, 'end': 3463.11}]",[]
3463110,3464110,CHI,CHN,0.0,127,CIC,RC,0,NT,FH,1.0,310,-24.64,-10.13,"[{'Canonical-syllable': '0', 'Growl': '0', 'High-freq-energy': '0', 'Long-island': '0', 'Low-tilt-spectrum': '1', 'Medium-island': '1', 'Short-island': '0', 'Squeal': '0', 'Typical-entropy': '1', 'Voicing-quality': '1', 'Wide-band': '0', 'Xlong-island': '0', 'seq': '1', 'end': 3463.42, 'start': 3463.11}]",0,0,[],[]
3464110,3464910,NA,SIL,0.0,127,CIC,NA,NA,NA,NA,0.0,0,-53.54,-47.15,[],0,0,[],[]
3464910,3465960,NA,NOF,0.0,127,CIC,NA,NA,NA,NA,0.0,0,-43.01,-31.83,[],0,0,[],[]
3465960,3466820,NA,OLF,0.0,127,CIC,NA,NA,NA,NA,0.0,0,-36.68,-32.36,[],0,0,[],[]
3466820,3468340,NA,NOF,0.0,127,CIC,NA,NA,NA,NA,0.0,0,-46.3,-34.96,[],0,0,[],[]
3468340,3469060,CHI,CHN,0.0,127,CIC,RC,0,TIFI,FH,1.0,720,-17.08,-11.79,"[{'Canonical-syllable': '2', 'Growl': '0', 'High-freq-energy': '0', 'Long-island': '0', 'Low-tilt-spectrum': '2', 'Medium-island': '0', 'Short-island': '2', 'Squeal': '0', 'Typical-entropy': '2', 'Voicing-quality': '2', 'Wide-band': '0', 'Xlong-island': '0', 'seq': '1', 'end': 3469.06, 'start': 3468.34}]",0,0,[],[]
3469060,3470760,FEM,FAN,0.9,127,CIC,RC,1,TIFR,FI,0.0,0,-20.87,-11.64,[],0,0,[],[]
3470760,3471880,NA,NOF,0.0,127,CIC,NA,NA,NA,NA,0.0,0,-30.69,-12.23,[],0,0,[],[]
3471880,3472490,CHI,CHN,0.0,127,CIC,NA,NA,NA,NA,0.0,0,-17.81,-8.37,[],0,480,"[{'start': 3472.01, 'end': 3472.39}]","[{'start': 3472.39, 'end': 3472.49}]"
3472490,3473490,FEM,FAN,1.37,127,CIC,RC,1,NT,FH,0.0,0,-25.34,-15.41,[],0,0,[],[]
3473490,3474950,NA,NOF,0.0,127,CIC,NA,NA,NA,NA,0.0,0,-46.27,-37.82,[],0,0,[],[]
3474950,3475940,CHI,CHN,0.0,127,CIC,RC,1,TIFI,FI,1.0,990,-17.07,-10.65,"[{'Canonical-syllable': '0', 'Growl': '0', 'High-freq-energy': '0', 'Long-island': '0', 'Low-tilt-spectrum': '0', 'Medium-island': '2', 'Short-island': '0', 'Squeal': '0', 'Typical-entropy': '1', 'Voicing-quality': '2', 'Wide-band': '0', 'Xlong-island': '0', 'seq': '1', 'end': 3475.94, 'start': 3474.95}]",0,0,[],[]
3475940,3476940,FEM,FAN,4.49,127,CIC,RC,2,TIFR,FI,0.0,0,-26.65,-16.91,[],0,0,[],[]
3476940,3478080,NA,NOF,0.0,127,CIC,NA,NA,NA,NA,0.0,0,-39.6,-27.57,[],0,0,[],[]
3478080,3478680,CHI,CHN,0.0,127,CIC,RC,2,TIFE,FI,1.0,280,-28.1,-20.49,"[{'Canonical-syllable': '0', 'Growl': '0', 'High-freq-energy': '0', 'Long-island': '0', 'Low-tilt-spectrum': '0', 'Medium-island': '0', 'Short-island': '1', 'Squeal': '0', 'Typical-entropy': '0', 'Voicing-quality': '1', 'Wide-band': '0', 'Xlong-island': '0', 'seq': '1', 'end': 3478.68, 'start': 3478.4}]",0,0,[],[]
3478680,3479480,NA,OLN,0.0,127,CIC,NA,NA,NA,NA,0.0,0,-25.57,-17.43,[],0,0,[],[]
3479480,3480350,CHI,CHN,0.0,127,CIC,RC,2,NT,FH,1.0,580,-17.63,-9.11,"[{'Canonical-syllable': '1', 'Growl': '1', 'High-freq-energy': '0', 'Long-island': '0', 'Low-tilt-spectrum': '1', 'Medium-island': '0', 'Short-island': '2', 'Squeal': '0', 'Typical-entropy': '2', 'Voicing-quality': '2', 'Wide-band': '0', 'Xlong-island': '0', 'seq': '1', 'end': 3480.06, 'start': 3479.48}]",0,0,[],[]
3480350,3482430,NA,NOF,0.0,127,CIC,NA,NA,NA,NA,0.0,0,-45.98,-35.65,[],0,0,[],[]
3482430,3483230,NA,OLN,0.0,127,CIC,NA,NA,NA,NA,0.0,0,-21.76,-7.36,[],0,0,[],[]
3483230,3484250,NA,NON,0.0,127,CIC,NA,NA,NA,NA,0.0,0,-27.8,-12.36,[],0,0,[],[]
3484250,3485250,CHI,CHN,0.0,127,CIC,RC,2,NT,FH,1.0,810,-21.19,-12.61,"[{'Canonical-syllable': '2', 'Growl': '1', 'High-freq-energy': '0', 'Long-island': '0', 'Low-tilt-spectrum': '3', 'Medium-island': '0', 'Short-island': '3', 'Squeal': '0', 'Typical-entropy': '3', 'Voicing-quality': '3', 'Wide-band': '0', 'Xlong-island': '0', 'seq': '1', 'end': 3485.06, 'start': 3484.36}]",0,0,[],[]
3485250,3486050,NA,OLN,0.0,127,CIC,NA,NA,NA,NA,0.0,0,-24.76,-14.25,[],0,0,[],[]
3486050,3486650,CHI,CHN,0.0,127,CIC,RC,2,NT,FH,1.0,600,-17.75,-11.07,"[{'Canonical-syllable': '0', 'Growl': '0', 'High-freq-energy': '0', 'Long-island': '0', 'Low-tilt-spectrum': '1', 'Medium-island': '1', 'Short-island': '0', 'Squeal': '0', 'Typical-entropy': '1', 'Voicing-quality': '1', 'Wide-band': '0', 'Xlong-island': '0', 'seq': '1', 'end': 3486.65, 'start': 3486.24}]",0,0,[],[]
3486650,3487470,NA,OLN,0.0,127,CIC,NA,NA,NA,NA,0.0,0,-13.53,-4.13,[],0,0,[],[]
3487470,3488270,NA,NOF,0.0,127,CIC,NA,NA,NA,NA,0.0,0,-35.84,-25.71,[],0,0,[],[]
3488270,3489200,CHI,CHN,0.0,127,CIC,NA,NA,NA,NA,0.0,0,-14.36,-5.05,[],0,930,"[{'start': 3488.27, 'end': 3489.2}]",[]
3489200,3490150,NA,OLF,0.0,127,CIC,NA,NA,NA,NA,0.0,0,-27.5,-11.71,[],0,0,[],[]
3490150,3491170,CHI,CHN,0.0,127,CIC,EC,2,NT,FH,1.0,1020,-16.06,-4.32,"[{'Canonical-syllable': '0', 'Growl': '0', 'High-freq-energy': '0', 'Long-island': '0', 'Low-tilt-spectrum': '0', 'Medium-island': '0', 'Short-island': '0', 'Squeal': '0', 'Typical-entropy': '1', 'Voicing-quality': '1', 'Wide-band': '0', 'Xlong-island': '1', 'seq': '1', 'end': 3491.17, 'start': 3490.15}]",0,0,[],[]
3491170,3492680,NA,NOF,0.0,128,pause,NA,NA,NA,NA,0.0,0,-40.89,-29.16,[],0,0,[],[]
3492680,3493480,NA,SIL,0.0,128,pause,NA,NA,NA,NA,0.0,0,-44.18,-30.43,[],0,0,[],[]
3493480,3496210,NA,NOF,0.0,128,pause,NA,NA,NA,NA,0.0,0,-34.62,-22.59,[],0,0,[],[]
3496210,3497210,FEM,FAN,0.0,128,pause,NA,NA,NA,NA,0.0,0,-33.91,-26.4,[],1000,0,[],[]
3497210,3498570,NA,NOF,0.0,128,pause,NA,NA,NA,NA,0.0,0,-49.39,-41.15,[],0,0,[],[]
3498570,3500090,FEM,FAN,3.24,128,AMF,BC,0,NT,FI,0.0,0,-28.71,-12.43,[],0,0,[],[]
3500090,3501000,NA,NON,0.0,128,AMF,NA,NA,NA,NA,0.0,0,-38.16,-32.58,[],0,0,[],[]
3501000,3501800,NA,OLN,0.0,128,AMF,NA,NA,NA,NA,0.0,0,-32.41,-21.46,[],0,0,[],[]
3501800,3502610,NA,NOF,0.0,128,AMF,NA,NA,NA,NA,0.0,0,-35.36,-21.79,[],0,0,[],[]
3502610,3503370,FEM,FAN,0.91,128,AMF,EC,0,NT,FH,0.0,0,-22.39,-7.83,[],0,0,[],[]
3503370,3505230,NA,OLN,0.0,129,pause,NA,NA,NA,NA,0.0,0,-32.04,-18.35,[],0,0,[],[]
3505230,3507090,NA,SIL,0.0,129,pause,NA,NA,NA,NA,0.0,0,-48.86,-40.6,[],0,0,[],[]
3507090,3508630,NA,NOF,0.0,129,pause,NA,NA,NA,NA,0.0,0,-45.44,-34.98,[],0,0,[],[]
3508630,3509870,NA,SIL,0.0,129,pause,NA,NA,NA,NA,0.0,0,-52.34,-42.45,[],0,0,[],[]
3509870,3510910,NA,MAF,0.0,129,pause,NA,NA,NA,NA,0.0,0,-46.56,-41.1,[],0,0,[],[]
3510910,3513110,NA,NOF,0.0,129,pause,NA,NA,NA,NA,0.0,0,-44.38,-33.32,[],0,0,[],[]
3513110,3513710,CHI,CHN,0.0,129,pause,NA,NA,NA,NA,0.0,0,-9.0,-3.16,[],0,520,"[{'start': 3513.11, 'end': 3513.63}]",[]
3513710,3516150,NA,NON,0.0,129,pause,NA,NA,NA,NA,0.0,0,-32.46,-19.88,[],0,0,[],[]
3516150,3517220,CHI,CHN,0.0,129,pause,NA,NA,NA,NA,0.0,0,-19.34,-11.67,[],0,950,"[{'start': 3516.15, 'end': 3517.1}]",[]
3517220,3518250,FEM,FAN,1.93,129,AICF,BC,0,TIFI,FI,0.0,0,-36.11,-31.38,[],0,0,[],[]
3518250,3519070,NA,NOF,0.0,129,AICF,NA,NA,NA,NA,0.0,0,-34.95,-26.4,[],0,0,[],[]
3519070,3519970,CHI,CHN,0.0,129,AICF,EC,1,TIFR,FI,1.0,900,-17.4,-11.54,"[{'Canonical-syllable': '0', 'Growl': '0', 'High-freq-energy': '0', 'Long-island': '1', 'Low-tilt-spectrum': '1', 'Medium-island': '0', 'Short-island': '0', 'Squeal': '0', 'Typical-entropy': '0', 'Voicing-quality': '1', 'Wide-band': '0', 'Xlong-island': '0', 'seq': '1', 'end': 3519.97, 'start': 3519.07}]",0,0,[],[]
3519970,3521120,NA,FAF,0.0,130,pause,NA,NA,NA,NA,0.0,0,-39.29,-31.65,[],0,0,[],[]
3521120,3522220,NA,OLF,0.0,130,pause,NA,NA,NA,NA,0.0,0,-38.04,-33.45,[],0,0,[],[]
3522220,3523130,NA,NON,0.0,130,pause,NA,NA,NA,NA,0.0,0,-33.55,-25.58,[],0,0,[],[]
3523130,3523930,NA,OLF,0.0,130,pause,NA,NA,NA,NA,0.0,0,-30.21,-18.27,[],0,0,[],[]
3523930,3525810,NA,NOF,0.0,130,pause,NA,NA,NA,NA,0.0,0,-36.66,-23.67,[],0,0,[],[]
3525810,3526820,CHI,CHN,0.0,130,CIC,BC,0,NT,FI,1.0,910,-18.87,-11.38,"[{'Canonical-syllable': '1', 'Growl': '0', 'High-freq-energy': '0', 'Long-island': '0', 'Low-tilt-spectrum': '1', 'Medium-island': '1', 'Short-island': '1', 'Squeal': '0', 'Typical-entropy': '2', 'Voicing-quality': '2', 'Wide-band': '0', 'Xlong-island': '0', 'seq': '1', 'end': 3526.72, 'start': 3526.04}]",0,0,[],[]
3526820,3527420,CHI,CHN,0.0,130,CIC,RC,0,NT,FH,1.0,600,-16.42,-10.43,"[{'Canonical-syllable': '0', 'Growl': '0', 'High-freq-energy': '0', 'Long-island': '0', 'Low-tilt-spectrum': '2', 'Medium-island': '0', 'Short-island': '2', 'Squeal': '0', 'Typical-entropy': '2', 'Voicing-quality': '2', 'Wide-band': '0', 'Xlong-island': '0', 'seq': '1', 'end': 3527.42, 'start': 3526.82}]",0,0,[],[]
3527420,3528800,CHI,CHN,0.0,130,CIC,RC,0,NT,FH,2.0,850,-20.8,-11.88,"[{'Canonical-syllable': '1', 'Growl': '0', 'High-freq-energy': '0', 'Long-island': '0', 'Low-tilt-spectrum': '0', 'Medium-island': '1', 'Short-island': '1', 'Squeal': '0', 'Typical-entropy': '0', 'Voicing-quality': '2', 'Wide-band': '0', 'Xlong-island': '0', 'seq': '1', 'end': 3528.18, 'start': 3527.42}, {'Canonical-syllable': '0', 'Growl': '1', 'High-freq-energy': '0', 'Long-island': '0', 'Low-tilt-spectrum': '0', 'Medium-island': '0', 'Short-island': '0', 'Squeal': '0', 'Typical-entropy': '1', 'Voicing-quality': '1', 'Wide-band': '0', 'Xlong-island': '0', 'seq': '2', 'end': 3528.73, 'start': 3528.64}]",0,0,[],[]
3528800,3529420,CHI,CHN,0.0,130,CIC,RC,0,TIFI,FH,1.0,440,-19.97,-14.46,"[{'Canonical-syllable': '0', 'Growl': '0', 'High-freq-energy': '0', 'Long-island': '0', 'Low-tilt-spectrum': '1', 'Medium-island': '1', 'Short-island': '0', 'Squeal': '0', 'Typical-entropy': '1', 'Voicing-quality': '1', 'Wide-band': '0', 'Xlong-island': '0', 'seq': '1', 'end': 3529.24, 'start': 3528.8}]",0,0,[],[]
3529420,3532130,NA,NOF,0.0,130,CIC,NA,NA,NA,NA,0.0,0,-35.91,-16.51,[],0,0,[],[]
3532130,3534360,FEM,FAN,6.58,130,CIC,RC,1,TIFR,FI,0.0,0,-33.0,-23.75,[],0,0,[],[]
3534360,3535740,NA,NOF,0.0,130,CIC,NA,NA,NA,NA,0.0,0,-24.91,-4.39,[],0,0,[],[]
3535740,3538410,FEM,FAN,9.14,130,CIC,RC,1,NT,FH,0.0,0,-40.11,-32.81,[],0,0,[],[]
3538410,3539950,NA,SIL,0.0,130,CIC,NA,NA,NA,NA,0.0,0,-52.99,-38.53,[],0,0,[],[]
3539950,3540950,FEM,FAN,4.2,130,CIC,EC,1,NT,FH,0.0,0,-41.15,-35.58,[],0,0,[],[]
3540950,3542780,NA,NOF,0.0,131,pause,NA,NA,NA,NA,0.0,0,-30.89,-8.96,[],0,0,[],[]
3542780,3543580,NA,SIL,0.0,131,pause,NA,NA,NA,NA,0.0,0,-45.76,-29.39,[],0,0,[],[]
3543580,3549630,NA,NOF,0.0,131,pause,NA,NA,NA,NA,0.0,0,-24.5,-3.6,[],0,0,[],[]
3549630,3550530,NA,SIL,0.0,131,pause,NA,NA,NA,NA,0.0,0,-47.86,-30.93,[],0,0,[],[]
3550530,3551690,NA,NOF,0.0,131,pause,NA,NA,NA,NA,0.0,0,-44.08,-28.98,[],0,0,[],[]
3551690,3553020,NA,SIL,0.0,131,pause,NA,NA,NA,NA,0.0,0,-47.85,-28.54,[],0,0,[],[]
3553020,3555190,NA,NOF,0.0,131,pause,NA,NA,NA,NA,0.0,0,-27.83,-6.19,[],0,0,[],[]
3555190,3556000,NA,SIL,0.0,131,pause,NA,NA,NA,NA,0.0,0,-43.65,-29.83,[],0,0,[],[]
3556000,3556870,NA,NOF,0.0,131,pause,NA,NA,NA,NA,0.0,0,-47.55,-34.61,[],0,0,[],[]
3556870,3561160,FEM,FAN,14.52,131,AICF,BC,0,NT,FI,0.0,0,-34.53,-27.19,[],0,0,[],[]
3561160,3562520,NA,NOF,0.0,131,AICF,NA,NA,NA,NA,0.0,0,-42.89,-27.89,[],0,0,[],[]
3562520,3563520,FEM,FAN,0.0,131,AICF,NA,NA,NA,NA,0.0,0,-28.32,-19.66,[],1000,0,[],[]
3563520,3564570,NA,CHF,0.0,131,AICF,NA,NA,NA,NA,0.0,0,-36.54,-19.39,[],0,0,[],[]
3564570,3565740,FEM,FAN,2.34,131,AICF,RC,0,NT,FH,0.0,0,-31.11,-26.0,[],0,0,[],[]
3565740,3566930,NA,NON,0.0,131,AICF,NA,NA,NA,NA,0.0,0,-20.74,-3.16,[],0,0,[],[]
3566930,3567980,OCH,CXN,0.0,131,AICF,RC,0,NT,FI,0.0,0,-22.28,-6.57,[],0,0,[],[]
3567980,3568900,NA,SIL,0.0,131,AICF,NA,NA,NA,NA,0.0,0,-46.21,-33.39,[],0,0,[],[]
3568900,3570720,NA,NOF,0.0,131,AICF,NA,NA,NA,NA,0.0,0,-20.9,-4.47,[],0,0,[],[]
3570720,3573950,FEM,FAN,11.35,131,AICF,RC,0,NT,FI,0.0,0,-29.67,-7.11,[],0,0,[],[]
3573950,3574640,OCH,CXN,0.0,131,AICF,RC,0,NT,FI,0.0,0,-21.78,-15.46,[],0,0,[],[]
3574640,3576590,FEM,FAN,9.42,131,AICF,RC,0,NT,FI,0.0,0,-27.0,-19.2,[],0,0,[],[]
3576590,3577520,NA,NOF,0.0,131,AICF,NA,NA,NA,NA,0.0,0,-43.52,-34.44,[],0,0,[],[]
3577520,3578450,NA,SIL,0.0,131,AICF,NA,NA,NA,NA,0.0,0,-51.58,-39.97,[],0,0,[],[]
3578450,3579490,NA,FAF,0.0,131,AICF,NA,NA,NA,NA,0.0,0,-50.27,-37.91,[],0,0,[],[]
3579490,3580600,NA,SIL,0.0,131,AICF,NA,NA,NA,NA,0.0,0,-51.4,-34.99,[],0,0,[],[]
3580600,3582080,FEM,FAN,6.41,131,AICF,RC,0,NT,FH,0.0,0,-34.97,-25.91,[],0,0,[],[]
3582080,3583320,MAL,MAN,4.24,131,AICF,RC,0,NT,FI,0.0,0,-39.1,-31.33,[],0,0,[],[]
3583320,3585700,FEM,FAN,8.17,131,AICF,RC,0,NT,FI,0.0,0,-36.73,-24.65,[],0,0,[],[]
3585700,3586300,FEM,FAN,2.93,131,AICF,RC,0,NT,FH,0.0,0,-31.67,-19.66,[],0,0,[],[]
3586300,3587740,FEM,FAN,0.0,131,AICF,NA,NA,NA,NA,0.0,0,-34.74,-26.32,[],1440,0,[],[]
3587740,3588340,NA,SIL,0.0,131,AICF,NA,NA,NA,NA,0.0,0,-48.32,-33.03,[],0,0,[],[]
3588340,3589400,FEM,FAN,4.54,131,AICF,RC,0,NT,FH,0.0,0,-33.3,-26.21,[],0,0,[],[]
3589400,3590000,NA,CHF,0.0,131,AICF,NA,NA,NA,NA,0.0,0,-35.27,-26.25,[],0,600,"[{'start': 3589.4, 'end': 3589.7}]","[{'start': 3589.7, 'end': 3590.0}]"
3590000,3590880,NA,OLN,0.0,131,AICF,NA,NA,NA,NA,0.0,0,-13.45,-3.72,[],0,0,[],[]
3590880,3594460,FEM,FAN,11.26,131,AICF,RC,0,TIFI,FH,0.0,0,-31.37,-14.78,[],0,0,[],[]
3594460,3595260,NA,NOF,0.0,131,AICF,NA,NA,NA,NA,0.0,0,-39.9,-29.86,[],0,0,[],[]
3595260,3595860,CHI,CHN,0.0,131,AICF,RC,1,TIFR,FI,1.0,600,-28.93,-23.85,"[{'Canonical-syllable': '1', 'Growl': '0', 'High-freq-energy': '0', 'Long-island': '0', 'Low-tilt-spectrum': '0', 'Medium-island': '1', 'Short-island': '0', 'Squeal': '0', 'Typical-entropy': '0', 'Voicing-quality': '1', 'Wide-band': '0', 'Xlong-island': '0', 'seq': '1', 'end': 3595.86, 'start': 3595.39}]",0,0,[],[]
3595860,3596660,NA,NOF,0.0,131,AICF,NA,NA,NA,NA,0.0,0,-38.81,-27.89,[],0,0,[],[]
3596660,3598530,CHI,CHN,0.0,131,AICF,RC,1,NT,FH,1.0,1870,-16.57,-11.75,"[{'Canonical-syllable': '1', 'Growl': '0', 'High-freq-energy': '0', 'Long-island': '1', 'Low-tilt-spectrum': '0', 'Medium-island': '1', 'Short-island': '1', 'Squeal': '0', 'Typical-entropy': '0', 'Voicing-quality': '3', 'Wide-band': '0', 'Xlong-island': '0', 'seq': '1', 'end': 3598.53, 'start': 3596.66}]",0,0,[],[]
3598530,3599730,FEM,FAN,0.81,131,AICF,RC,1,TIFE,FI,0.0,0,-30.21,-18.53,[],0,0,[],[]
3599730,3601020,NA,SIL,0.0,131,AICF,NA,NA,NA,NA,0.0,0,-51.31,-36.63,[],0,0,[],[]
3601020,3604890,FEM,FAN,13.27,131,AICF,RC,1,NT,FH,0.0,0,-34.59,-23.98,[],0,0,[],[]
3604890,3605900,MAL,MAN,4.82,131,AICF,RC,1,NT,FI,0.0,0,-36.56,-30.35,[],0,0,[],[]
3605900,3608250,FEM,FAN,7.82,131,AICF,RC,1,NT,FI,0.0,0,-21.2,-4.45,[],0,0,[],[]
3608250,3609220,FEM,FAN,0.0,131,AICF,NA,NA,NA,NA,0.0,0,-35.21,-31.05,[],970,0,[],[]
3609220,3612760,NA,NOF,0.0,131,AICF,NA,NA,NA,NA,0.0,0,-29.32,-5.42,[],0,0,[],[]
3612760,3615420,FEM,FAN,11.78,131,AICF,RC,1,NT,FH,0.0,0,-22.17,-5.68,[],0,0,[],[]
3615420,3616360,NA,SIL,0.0,131,AICF,NA,NA,NA,NA,0.0,0,-37.2,-26.48,[],0,0,[],[]
3616360,3618200,FEM,FAN,8.19,131,AICF,RC,1,NT,FH,0.0,0,-33.11,-25.88,[],0,0,[],[]
3618200,3619170,NA,SIL,0.0,131,AICF,NA,NA,NA,NA,0.0,0,-52.48,-42.39,[],0,0,[],[]
3619170,3622150,FEM,FAN,11.76,131,AICF,RC,1,NT,FH,0.0,0,-34.13,-22.14,[],0,0,[],[]
3622150,3622950,NA,FAF,0.0,131,AICF,NA,NA,NA,NA,0.0,0,-41.22,-30.18,[],0,0,[],[]
3622950,3625710,FEM,FAN,8.21,131,AICF,RC,1,TIFI,FH,0.0,0,-33.21,-25.72,[],0,0,[],[]
3625710,3626810,CHI,CHN,0.0,131,AICF,RC,2,TIFR,FI,1.0,1100,-30.91,-24.63,"[{'Canonical-syllable': '0', 'Growl': '0', 'High-freq-energy': '0', 'Long-island': '0', 'Low-tilt-spectrum': '1', 'Medium-island': '0', 'Short-island': '0', 'Squeal': '0', 'Typical-entropy': '1', 'Voicing-quality': '1', 'Wide-band': '0', 'Xlong-island': '1', 'seq': '1', 'end': 3626.81, 'start': 3625.71}]",0,0,[],[]
3626810,3628460,NA,NOF,0.0,131,AICF,NA,NA,NA,NA,0.0,0,-38.94,-25.79,[],0,0,[],[]
3628460,3631810,FEM,FAN,13.32,131,AICF,RC,2,TIFE,FI,0.0,0,-31.3,-20.41,[],0,0,[],[]
3631810,3632870,NA,NOF,0.0,131,AICF,NA,NA,NA,NA,0.0,0,-52.03,-37.85,[],0,0,[],[]
3632870,3633540,FEM,FAN,0.0,131,AICF,NA,NA,NA,NA,0.0,0,-29.66,-24.25,[],670,0,[],[]
3633540,3635230,FEM,FAN,6.84,131,AICF,RC,2,NT,FH,0.0,0,-33.17,-24.46,[],0,0,[],[]
3635230,3636230,MAL,MAN,4.81,131,AICF,RC,2,NT,FI,0.0,0,-34.16,-27.99,[],0,0,[],[]
3636230,3637720,FEM,FAN,5.53,131,AICF,RC,2,NT,FI,0.0,0,-36.51,-28.73,[],0,0,[],[]
3637720,3638410,FEM,FAN,1.22,131,AICF,RC,2,NT,FH,0.0,0,-35.46,-21.07,[],0,0,[],[]
3638410,3640000,FEM,FAN,5.3,131,AICF,RC,2,TIFI,FH,0.0,0,-34.02,-25.93,[],0,0,[],[]
3640000,3640800,NA,CHF,0.0,131,AICF,RC,3,TIFR,FI,2.0,480,-40.7,-33.12,"[{'Canonical-syllable': '0', 'Growl': '1', 'High-freq-energy': '0', 'Long-island': '0', 'Low-tilt-spectrum': '1', 'Medium-island': '0', 'Short-island': '1', 'Squeal': '0', 'Typical-entropy': '0', 'Voicing-quality': '1', 'Wide-band': '0', 'Xlong-island': '0', 'seq': '1', 'end': 3640.19, 'start': 3640.0}, {'Canonical-syllable': '0', 'Growl': '1', 'High-freq-energy': '0', 'Long-island': '0', 'Low-tilt-spectrum': '1', 'Medium-island': '0', 'Short-island': '1', 'Squeal': '0', 'Typical-entropy': '1', 'Voicing-quality': '1', 'Wide-band': '0', 'Xlong-island': '0', 'seq': '2', 'end': 3640.8, 'start': 3640.51}]",0,0,[],[]
3640800,3642250,FEM,FAN,3.48,131,AICF,RC,3,TIFE,FI,0.0,0,-35.26,-28.62,[],0,0,[],[]
3642250,3642850,FEM,FAN,0.64,131,AICF,RC,3,TIFI,FH,0.0,0,-28.46,-24.83,[],0,0,[],[]
3642850,3645160,NA,NOF,0.0,131,AICF,NA,NA,NA,NA,0.0,0,-40.29,-24.8,[],0,0,[],[]
3645160,3647700,CHI,CHN,0.0,131,AICF,RC,4,TIFR,FI,2.0,940,-18.42,-11.07,"[{'Canonical-syllable': '0', 'Growl': '0', 'High-freq-energy': '0', 'Long-island': '1', 'Low-tilt-spectrum': '1', 'Medium-island': '0', 'Short-island': '0', 'Squeal': '0', 'Typical-entropy': '1', 'Voicing-quality': '1', 'Wide-band': '0', 'Xlong-island': '0', 'seq': '1', 'end': 3645.84, 'start': 3645.16}, {'Canonical-syllable': '1', 'Growl': '0', 'High-freq-energy': '0', 'Long-island': '0', 'Low-tilt-spectrum': '1', 'Medium-island': '1', 'Short-island': '0', 'Squeal': '0', 'Typical-entropy': '1', 'Voicing-quality': '1', 'Wide-band': '0', 'Xlong-island': '0', 'seq': '2', 'end': 3646.52, 'start': 3646.26}]",0,0,[],[]
3647700,3648600,NA,NOF,0.0,131,AICF,NA,NA,NA,NA,0.0,0,-40.22,-27.04,[],0,0,[],[]
3648600,3651090,FEM,FAN,8.63,131,AICF,RC,4,TIFE,FI,0.0,0,-23.94,-14.26,[],0,0,[],[]
3651090,3651890,NA,SIL,0.0,131,AICF,NA,NA,NA,NA,0.0,0,-47.2,-35.54,[],0,0,[],[]
3651890,3655380,FEM,FAN,14.45,131,AICF,RC,4,NT,FH,0.0,0,-32.03,-25.05,[],0,0,[],[]
3655380,3656250,NA,SIL,0.0,131,AICF,NA,NA,NA,NA,0.0,0,-59.17,-48.91,[],0,0,[],[]
3656250,3657760,FEM,FAN,1.8,131,AICF,RC,4,NT,FH,0.0,0,-39.21,-31.46,[],0,0,[],[]
3657760,3658600,NA,SIL,0.0,131,AICF,NA,NA,NA,NA,0.0,0,-54.54,-37.95,[],0,0,[],[]
3658600,3659400,NA,NOF,0.0,131,AICF,NA,NA,NA,NA,0.0,0,-43.82,-27.5,[],0,0,[],[]
3659400,3660260,NA,SIL,0.0,131,AICF,NA,NA,NA,NA,0.0,0,-47.2,-31.6,[],0,0,[],[]
3660260,3661470,FEM,FAN,0.62,131,AICF,RC,4,NT,FH,0.0,0,-38.8,-28.02,[],0,0,[],[]
3661470,3664910,NA,NOF,0.0,131,AICF,NA,NA,NA,NA,0.0,0,-30.14,-12.09,[],0,0,[],[]
3664910,3666630,FEM,FAN,9.65,131,AICF,RC,4,NT,FH,0.0,0,-27.78,-20.64,[],0,0,[],[]
3666630,3667270,FEM,FAN,0.0,131,AICF,NA,NA,NA,NA,0.0,0,-31.75,-28.31,[],640,0,[],[]
3667270,3668630,FEM,FAN,7.41,131,AICF,RC,4,TIFI,FH,0.0,0,-31.26,-24.49,[],0,0,[],[]
3668630,3669440,CHI,CHN,0.0,131,AICF,RC,5,TIFR,FI,1.0,210,-37.58,-24.11,"[{'Canonical-syllable': '0', 'Growl': '1', 'High-freq-energy': '0', 'Long-island': '0', 'Low-tilt-spectrum': '0', 'Medium-island': '0', 'Short-island': '1', 'Squeal': '0', 'Typical-entropy': '1', 'Voicing-quality': '1', 'Wide-band': '0', 'Xlong-island': '0', 'seq': '1', 'end': 3668.84, 'start': 3668.63}]",0,0,[],[]
3669440,3670680,FEM,FAN,4.36,131,AICF,RC,5,TIFE,FI,0.0,0,-30.57,-25.84,[],0,0,[],[]
3670680,3671280,FEM,FAN,0.0,131,AICF,NA,NA,NA,NA,0.0,0,-32.16,-28.96,[],600,0,[],[]
3671280,3673420,FEM,FAN,9.77,131,AICF,RC,5,TIFI,FH,0.0,0,-33.11,-24.93,[],0,0,[],[]
3673420,3674090,CHI,CHN,0.0,131,AICF,RC,6,TIFR,FI,1.0,530,-16.12,-10.86,"[{'Canonical-syllable': '0', 'Growl': '0', 'High-freq-energy': '0', 'Long-island': '0', 'Low-tilt-spectrum': '0', 'Medium-island': '1', 'Short-island': '0', 'Squeal': '0', 'Typical-entropy': '1', 'Voicing-quality': '1', 'Wide-band': '0', 'Xlong-island': '0', 'seq': '1', 'end': 3673.95, 'start': 3673.42}]",0,0,[],[]
3674090,3676330,NA,NOF,0.0,131,AICF,NA,NA,NA,NA,0.0,0,-44.53,-24.19,[],0,0,[],[]
3676330,3677980,FEM,FAN,4.95,131,AICF,RC,6,TIFE,FI,0.0,0,-38.47,-29.84,[],0,0,[],[]
3677980,3678800,FEM,FAN,1.46,131,AICF,RC,6,NT,FH,0.0,0,-32.31,-24.55,[],0,0,[],[]
3678800,3680500,FEM,FAN,7.03,131,AICF,RC,6,TIFI,FH,0.0,0,-30.93,-24.52,[],0,0,[],[]
3680500,3681100,CHI,CHN,0.0,131,AICF,RC,7,TIFR,FI,1.0,600,-27.56,-24.39,"[{'Canonical-syllable': '1', 'Growl': '0', 'High-freq-energy': '0', 'Long-island': '0', 'Low-tilt-spectrum': '0', 'Medium-island': '1', 'Short-island': '0', 'Squeal': '0', 'Typical-entropy': '0', 'Voicing-quality': '1', 'Wide-band': '0', 'Xlong-island': '0', 'seq': '1', 'end': 3681.1, 'start': 3680.68}]",0,0,[],[]
3681100,3683110,FEM,FAN,4.44,131,AICF,RC,7,TIFI,FI,0.0,0,-28.4,-8.69,[],0,0,[],[]
3683110,3685840,CHI,CHN,0.0,131,AICF,RC,8,TIFR,FI,2.0,1920,-19.03,-9.96,"[{'Canonical-syllable': '0', 'Growl': '0', 'High-freq-energy': '0', 'Long-island': '0', 'Low-tilt-spectrum': '1', 'Medium-island': '1', 'Short-island': '0', 'Squeal': '0', 'Typical-entropy': '1', 'Voicing-quality': '1', 'Wide-band': '0', 'Xlong-island': '0', 'seq': '1', 'end': 3683.87, 'start': 3683.44}, {'Canonical-syllable': '0', 'Growl': '0', 'High-freq-energy': '0', 'Long-island': '0', 'Low-tilt-spectrum': '3', 'Medium-island': '2', 'Short-island': '1', 'Squeal': '0', 'Typical-entropy': '3', 'Voicing-quality': '4', 'Wide-band': '0', 'Xlong-island': '0', 'seq': '2', 'end': 3685.84, 'start': 3684.35}]",0,0,[],[]
3685840,3689220,FEM,FAN,11.18,131,AICF,RC,8,TIFI,FI,0.0,0,-32.25,-22.26,[],0,0,[],[]
3689220,3690860,CHI,CHN,0.0,131,AICF,RC,9,TIFR,FI,2.0,1200,-17.98,-9.69,"[{'Canonical-syllable': '0', 'Growl': '0', 'High-freq-energy': '0', 'Long-island': '1', 'Low-tilt-spectrum': '0', 'Medium-island': '0', 'Short-island': '0', 'Squeal': '0', 'Typical-entropy': '0', 'Voicing-quality': '1', 'Wide-band': '0', 'Xlong-island': '0', 'seq': '1', 'end': 3690.05, 'start': 3689.39}, {'Canonical-syllable': '1', 'Growl': '0', 'High-freq-energy': '0', 'Long-island': '0', 'Low-tilt-spectrum': '0', 'Medium-island': '1', 'Short-island': '0', 'Squeal': '0', 'Typical-entropy': '1', 'Voicing-quality': '1', 'Wide-band': '0', 'Xlong-island': '0', 'seq': '2', 'end': 3690.86, 'start': 3690.49}]",0,0,[],[]
3690860,3692590,NA,SIL,0.0,131,AICF,NA,NA,NA,NA,0.0,0,-54.55,-39.53,[],0,0,[],[]
3692590,3694250,FEM,FAN,6.99,131,AICF,RC,9,TIFE,FI,0.0,0,-33.37,-19.18,[],0,0,[],[]
3694250,3695230,NA,SIL,0.0,131,AICF,NA,NA,NA,NA,0.0,0,-59.3,-48.33,[],0,0,[],[]
3695230,3696720,FEM,FAN,6.77,131,AICF,RC,9,NT,FH,0.0,0,-33.44,-28.36,[],0,0,[],[]
3696720,3697940,NA,SIL,0.0,131,AICF,NA,NA,NA,NA,0.0,0,-60.59,-54.63,[],0,0,[],[]
3697940,3699260,NA,NOF,0.0,131,AICF,NA,NA,NA,NA,0.0,0,-52.73,-42.57,[],0,0,[],[]
3699260,3702070,FEM,FAN,11.65,131,AICF,RC,9,NT,FH,0.0,0,-30.46,-24.35,[],0,0,[],[]
3702070,3702870,NA,SIL,0.0,131,AICF,NA,NA,NA,NA,0.0,0,-45.42,-29.0,[],0,0,[],[]
3702870,3706140,FEM,FAN,12.68,131,AICF,RC,9,NT,FH,0.0,0,-32.18,-19.3,[],0,0,[],[]
3706140,3707080,NA,SIL,0.0,131,AICF,NA,NA,NA,NA,0.0,0,-49.46,-32.56,[],0,0,[],[]
3707080,3708430,FEM,FAN,2.22,131,AICF,RC,9,NT,FH,0.0,0,-33.98,-22.72,[],0,0,[],[]
3708430,3709030,FEM,FAN,2.21,131,AICF,RC,9,NT,FH,0.0,0,-31.92,-28.22,[],0,0,[],[]
3709030,3710030,FEM,FAN,7.24,131,AICF,RC,9,NT,FH,0.0,0,-33.11,-30.05,[],0,0,[],[]
3710030,3711110,NA,FAF,0.0,131,AICF,NA,NA,NA,NA,0.0,0,-40.19,-26.86,[],0,0,[],[]
3711110,3712570,FEM,FAN,2.16,131,AICF,RC,9,NT,FH,0.0,0,-30.84,-19.91,[],0,0,[],[]
3712570,3713440,NA,NON,0.0,131,AICF,NA,NA,NA,NA,0.0,0,-32.95,-23.75,[],0,0,[],[]
3713440,3714780,FEM,FAN,3.14,131,AICF,RC,9,NT,FH,0.0,0,-31.53,-27.92,[],0,0,[],[]
3714780,3715960,MAL,MAN,8.86,131,AICF,RC,9,NT,FI,0.0,0,-32.84,-18.48,[],0,0,[],[]
3715960,3716790,NA,SIL,0.0,131,AICF,NA,NA,NA,NA,0.0,0,-46.11,-34.28,[],0,0,[],[]
3716790,3718010,NA,NOF,0.0,131,AICF,NA,NA,NA,NA,0.0,0,-41.95,-27.79,[],0,0,[],[]
3718010,3718810,NA,SIL,0.0,131,AICF,NA,NA,NA,NA,0.0,0,-51.48,-38.07,[],0,0,[],[]
3718810,3722100,FEM,FAN,14.53,131,AICF,RC,9,NT,FI,0.0,0,-28.8,-19.61,[],0,0,[],[]
3722100,3722900,NA,OLN,0.0,131,AICF,NA,NA,NA,NA,0.0,0,-17.14,-0.84,[],0,0,[],[]
3722900,3727870,FEM,FAN,18.83,131,AICF,RC,9,TIFI,FH,0.0,0,-26.21,-3.2,[],0,0,[],[]
3727870,3728760,NA,NOF,0.0,131,AICF,NA,NA,NA,NA,0.0,0,-44.26,-26.55,[],0,0,[],[]
3728760,3729760,MAL,MAN,0.0,131,AICF,NA,NA,NA,NA,0.0,0,-22.61,-4.8,[],1000,0,[],[]
3729760,3731330,NA,NOF,0.0,131,AICF,NA,NA,NA,NA,0.0,0,-40.78,-21.98,[],0,0,[],[]
3731330,3732440,CHI,CHN,0.0,131,AICF,RC,10,TIFR,FI,2.0,890,-19.7,-10.71,"[{'Canonical-syllable': '0', 'Growl': '1', 'High-freq-energy': '0', 'Long-island': '0', 'Low-tilt-spectrum': '0', 'Medium-island': '0', 'Short-island': '1', 'Squeal': '0', 'Typical-entropy': '1', 'Voicing-quality': '1', 'Wide-band': '0', 'Xlong-island': '0', 'seq': '1', 'end': 3731.55, 'start': 3731.33}, {'Canonical-syllable': '1', 'Growl': '0', 'High-freq-energy': '0', 'Long-island': '0', 'Low-tilt-spectrum': '2', 'Medium-island': '0', 'Short-island': '2', 'Squeal': '0', 'Typical-entropy': '2', 'Voicing-quality': '2', 'Wide-band': '0', 'Xlong-island': '0', 'seq': '2', 'end': 3732.22, 'start': 3731.85}]",0,0,[],[]
3732440,3733110,CHI,CHN,0.0,131,AICF,RC,10,NT,FH,1.0,670,-23.5,-15.19,"[{'Canonical-syllable': '0', 'Growl': '0', 'High-freq-energy': '0', 'Long-island': '0', 'Low-tilt-spectrum': '0', 'Medium-island': '0', 'Short-island': '2', 'Squeal': '0', 'Typical-entropy': '1', 'Voicing-quality': '3', 'Wide-band': '0', 'Xlong-island': '0', 'seq': '1', 'end': 3733.11, 'start': 3732.44}]",0,0,[],[]
3733110,3736090,FEM,FAN,9.17,131,AICF,RC,10,TIFE,FI,0.0,0,-35.03,-12.49,[],0,0,[],[]
3736090,3737830,NA,NOF,0.0,131,AICF,NA,NA,NA,NA,0.0,0,-46.25,-32.12,[],0,0,[],[]
3737830,3738720,OCH,CXN,0.0,131,AICF,RC,10,NT,FI,0.0,0,-30.09,-19.96,[],0,0,[],[]
3738720,3741650,FEM,FAN,10.69,131,AICF,RC,10,NT,FI,0.0,0,-34.07,-24.7,[],0,0,[],[]
3741650,3743770,NA,NOF,0.0,131,AICF,NA,NA,NA,NA,0.0,0,-30.38,-8.97,[],0,0,[],[]
3743770,3744770,FEM,FAN,0.37,131,AICF,RC,10,TIFI,FH,0.0,0,-28.75,-16.71,[],0,0,[],[]
3744770,3745570,NA,NOF,0.0,131,AICF,NA,NA,NA,NA,0.0,0,-46.69,-40.77,[],0,0,[],[]
3745570,3746390,NA,CXF,0.0,131,AICF,NA,NA,NA,NA,0.0,0,-34.77,-25.45,[],0,0,[],[]
3746390,3747990,CHI,CHN,0.0,131,AICF,RC,11,TIFR,FI,1.0,1600,-27.39,-19.93,"[{'Canonical-syllable': '0', 'Growl': '0', 'High-freq-energy': '0', 'Long-island': '0', 'Low-tilt-spectrum': '0', 'Medium-island': '0', 'Short-island': '0', 'Squeal': '0', 'Typical-entropy': '0', 'Voicing-quality': '1', 'Wide-band': '0', 'Xlong-island': '1', 'seq': '1', 'end': 3747.99, 'start': 3746.39}]",0,0,[],[]
3747990,3749520,NA,NOF,0.0,131,AICF,NA,NA,NA,NA,0.0,0,-40.07,-19.37,[],0,0,[],[]
3749520,3752960,FEM,FAN,13.63,131,AICF,RC,11,TIFE,FI,0.0,0,-32.8,-23.33,[],0,0,[],[]
3752960,3753590,FEM,FAN,5.81,131,AICF,RC,11,TIFI,FH,0.0,0,-33.02,-28.22,[],0,0,[],[]
3753590,3755070,CHI,CHN,0.0,131,AICF,RC,12,TIFR,FI,2.0,880,-28.8,-19.53,"[{'Canonical-syllable': '0', 'Growl': '0', 'High-freq-energy': '0', 'Long-island': '0', 'Low-tilt-spectrum': '0', 'Medium-island': '1', 'Short-island': '0', 'Squeal': '0', 'Typical-entropy': '0', 'Voicing-quality': '1', 'Wide-band': '0', 'Xlong-island': '0', 'seq': '1', 'end': 3754.02, 'start': 3753.59}, {'Canonical-syllable': '0', 'Growl': '0', 'High-freq-energy': '1', 'Long-island': '0', 'Low-tilt-spectrum': '1', 'Medium-island': '1', 'Short-island': '0', 'Squeal': '0', 'Typical-entropy': '1', 'Voicing-quality': '1', 'Wide-band': '0', 'Xlong-island': '0', 'seq': '2', 'end': 3754.96, 'start': 3754.51}]",0,0,[],[]
3755070,3756090,FEM,FAN,4.27,131,AICF,RC,12,TIFI,FI,0.0,0,-28.6,-22.01,[],0,0,[],[]
3756090,3756890,NA,NOF,0.0,131,AICF,NA,NA,NA,NA,0.0,0,-53.13,-45.64,[],0,0,[],[]
3756890,3758180,NA,SIL,0.0,131,AICF,NA,NA,NA,NA,0.0,0,-56.15,-50.44,[],0,0,[],[]
3758180,3759130,NA,NOF,0.0,131,AICF,NA,NA,NA,NA,0.0,0,-38.34,-20.25,[],0,0,[],[]
3759130,3759730,CHI,CHN,0.0,131,AICF,RC,13,TIFR,FI,1.0,600,-19.31,-12.21,"[{'Canonical-syllable': '0', 'Growl': '0', 'High-freq-energy': '0', 'Long-island': '0', 'Low-tilt-spectrum': '1', 'Medium-island': '1', 'Short-island': '0', 'Squeal': '0', 'Typical-entropy': '0', 'Voicing-quality': '1', 'Wide-band': '0', 'Xlong-island': '0', 'seq': '1', 'end': 3759.73, 'start': 3759.34}]",0,0,[],[]
3759730,3761210,CHI,CHN,0.0,131,AICF,RC,13,NT,FH,1.0,1050,-23.81,-18.94,"[{'Canonical-syllable': '0', 'Growl': '0', 'High-freq-energy': '0', 'Long-island': '1', 'Low-tilt-spectrum': '1', 'Medium-island': '0', 'Short-island': '1', 'Squeal': '0', 'Typical-entropy': '1', 'Voicing-quality': '2', 'Wide-band': '0', 'Xlong-island': '0', 'seq': '1', 'end': 3761.21, 'start': 3760.16}]",0,0,[],[]
3761210,3762150,NA,NOF,0.0,131,AICF,NA,NA,NA,NA,0.0,0,-44.06,-32.93,[],0,0,[],[]
3762150,3763040,NA,SIL,0.0,131,AICF,NA,NA,NA,NA,0.0,0,-49.07,-39.75,[],0,0,[],[]
3763040,3764480,NA,NOF,0.0,131,AICF,NA,NA,NA,NA,0.0,0,-44.09,-29.5,[],0,0,[],[]
3764480,3765840,CHI,CHN,0.0,131,AICF,RC,13,NT,FH,1.0,550,-27.14,-17.57,"[{'Canonical-syllable': '0', 'Growl': '0', 'High-freq-energy': '0', 'Long-island': '0', 'Low-tilt-spectrum': '2', 'Medium-island': '0', 'Short-island': '2', 'Squeal': '0', 'Typical-entropy': '1', 'Voicing-quality': '2', 'Wide-band': '0', 'Xlong-island': '0', 'seq': '1', 'end': 3765.03, 'start': 3764.48}]",0,0,[],[]
3765840,3767610,CHI,CHN,0.0,131,AICF,RC,13,NT,FH,2.0,1220,-18.7,-10.15,"[{'Canonical-syllable': '0', 'Growl': '0', 'High-freq-energy': '0', 'Long-island': '0', 'Low-tilt-spectrum': '2', 'Medium-island': '0', 'Short-island': '2', 'Squeal': '0', 'Typical-entropy': '1', 'Voicing-quality': '2', 'Wide-band': '0', 'Xlong-island': '0', 'seq': '1', 'end': 3766.24, 'start': 3765.84}, {'Canonical-syllable': '0', 'Growl': '1', 'High-freq-energy': '0', 'Long-island': '0', 'Low-tilt-spectrum': '3', 'Medium-island': '0', 'Short-island': '3', 'Squeal': '0', 'Typical-entropy': '2', 'Voicing-quality': '3', 'Wide-band': '0', 'Xlong-island': '0', 'seq': '2', 'end': 3767.43, 'start': 3766.61}]",0,0,[],[]
3767610,3769340,FEM,FAN,7.05,131,AICF,RC,13,TIFE,FI,0.0,0,-34.29,-20.6,[],0,0,[],[]
3769340,3770390,MAL,MAN,4.81,131,AICF,RC,13,TIMI,FI,0.0,0,-38.01,-31.46,[],0,0,[],[]
3770390,3771190,NA,SIL,0.0,131,AICF,NA,NA,NA,NA,0.0,0,-46.05,-34.77,[],0,0,[],[]
3771190,3772320,CHI,CHN,0.0,131,AICF,RC,14,TIMR,FI,1.0,980,-20.41,-11.64,"[{'Canonical-syllable': '0', 'Growl': '0', 'High-freq-energy': '0', 'Long-island': '0', 'Low-tilt-spectrum': '0', 'Medium-island': '2', 'Short-island': '0', 'Squeal': '0', 'Typical-entropy': '1', 'Voicing-quality': '2', 'Wide-band': '0', 'Xlong-island': '0', 'seq': '1', 'end': 3772.17, 'start': 3771.19}]",0,0,[],[]
3772320,3773230,NA,NOF,0.0,131,AICF,NA,NA,NA,NA,0.0,0,-42.98,-26.75,[],0,0,[],[]
3773230,3774040,NA,SIL,0.0,131,AICF,NA,NA,NA,NA,0.0,0,-54.59,-40.09,[],0,0,[],[]
3774040,3775050,CHI,CHN,0.0,131,AICF,RC,14,NT,FH,1.0,630,-20.85,-12.81,"[{'Canonical-syllable': '1', 'Growl': '1', 'High-freq-energy': '0', 'Long-island': '0', 'Low-tilt-spectrum': '1', 'Medium-island': '1', 'Short-island': '1', 'Squeal': '0', 'Typical-entropy': '2', 'Voicing-quality': '2', 'Wide-band': '0', 'Xlong-island': '0', 'seq': '1', 'end': 3775.05, 'start': 3774.42}]",0,0,[],[]
3775050,3776060,FEM,FAN,0.0,131,AICF,NA,NA,NA,NA,0.0,0,-33.77,-27.56,[],1010,0,[],[]
3776060,3776860,NA,SIL,0.0,131,AICF,NA,NA,NA,NA,0.0,0,-49.44,-36.88,[],0,0,[],[]
3776860,3777480,CHI,CHN,0.0,131,AICF,RC,14,NT,FH,1.0,620,-22.45,-17.99,"[{'Canonical-syllable': '0', 'Growl': '0', 'High-freq-energy': '0', 'Long-island': '0', 'Low-tilt-spectrum': '0', 'Medium-island': '1', 'Short-island': '0', 'Squeal': '0', 'Typical-entropy': '1', 'Voicing-quality': '1', 'Wide-band': '0', 'Xlong-island': '0', 'seq': '1', 'end': 3777.48, 'start': 3777.06}]",0,0,[],[]
3777480,3778660,FEM,FAN,1.73,131,AICF,RC,14,TIFE,FI,0.0,0,-28.78,-22.24,[],0,0,[],[]
3778660,3779660,NA,OLN,0.0,131,AICF,NA,NA,NA,NA,0.0,0,-26.22,-13.85,[],0,0,[],[]
3779660,3781280,NA,NOF,0.0,131,AICF,NA,NA,NA,NA,0.0,0,-34.97,-19.02,[],0,0,[],[]
3781280,3782280,FEM,FAN,4.51,131,AICF,RC,14,NT,FH,0.0,0,-29.31,-18.87,[],0,0,[],[]
3782280,3782880,FEM,FAN,0.0,131,AICF,NA,NA,NA,NA,0.0,0,-31.29,-25.97,[],600,0,[],[]
3782880,3784460,FEM,FAN,6.12,131,AICF,RC,14,NT,FH,0.0,0,-33.24,-25.94,[],0,0,[],[]
3784460,3785260,NA,FAF,0.0,131,AICF,NA,NA,NA,NA,0.0,0,-38.2,-22.46,[],0,0,[],[]
3785260,3786030,OCH,CXN,0.0,131,AICF,RC,14,NT,FI,0.0,0,-28.64,-23.1,[],0,0,[],[]
3786030,3787030,FEM,FAN,3.55,131,AICF,RC,14,NT,FI,0.0,0,-30.77,-25.03,[],0,0,[],[]
3787030,3788490,CHI,CHN,0.0,131,AICF,NA,NA,NA,NA,0.0,0,-17.1,-8.14,[],0,910,"[{'start': 3787.03, 'end': 3787.94}]",[]
3788490,3789490,FEM,FAN,4.53,131,AICF,RC,14,TIFI,FH,0.0,0,-31.12,-21.87,[],0,0,[],[]
3789490,3791630,NA,SIL,0.0,131,AICF,NA,NA,NA,NA,0.0,0,-40.68,-20.45,[],0,0,[],[]
3791630,3794590,CHI,CHN,0.0,131,AICF,RC,15,TIFR,FI,3.0,1900,-21.89,-5.6,"[{'Canonical-syllable': '0', 'Growl': '0', 'High-freq-energy': '0', 'Long-island': '0', 'Low-tilt-spectrum': '1', 'Medium-island': '0', 'Short-island': '1', 'Squeal': '0', 'Typical-entropy': '1', 'Voicing-quality': '1', 'Wide-band': '0', 'Xlong-island': '0', 'seq': '1', 'end': 3792.03, 'start': 3791.83}, {'Canonical-syllable': '1', 'Growl': '0', 'High-freq-energy': '0', 'Long-island': '0', 'Low-tilt-spectrum': '0', 'Medium-island': '0', 'Short-island': '1', 'Squeal': '0', 'Typical-entropy': '0', 'Voicing-quality': '1', 'Wide-band': '0', 'Xlong-island': '0', 'seq': '2', 'end': 3792.55, 'start': 3792.34}, {'Canonical-syllable': '0', 'Growl': '1', 'High-freq-energy': '0', 'Long-island': '0', 'Low-tilt-spectrum': '4', 'Medium-island': '1', 'Short-island': '3', 'Squeal': '0', 'Typical-entropy': '4', 'Voicing-quality': '4', 'Wide-band': '0', 'Xlong-island': '0', 'seq': '3', 'end': 3794.59, 'start': 3793.3}]",0,0,[],[]
3794590,3795590,FEM,FAN,0.34,131,AICF,RC,15,TIFE,FI,0.0,0,-31.11,-23.94,[],0,0,[],[]
3795590,3798420,NA,NOF,0.0,131,AICF,NA,NA,NA,NA,0.0,0,-45.74,-33.51,[],0,0,[],[]
3798420,3801550,FEM,FAN,12.1,131,AICF,RC,15,TIFI,FH,0.0,0,-34.02,-27.52,[],0,0,[],[]
3801550,3802150,CHI,CHN,0.0,131,AICF,RC,16,TIFR,FI,1.0,600,-32.85,-31.11,"[{'Canonical-syllable': '0', 'Growl': '1', 'High-freq-energy': '0', 'Long-island': '0', 'Low-tilt-spectrum': '0', 'Medium-island': '1', 'Short-island': '0', 'Squeal': '0', 'Typical-entropy': '0', 'Voicing-quality': '1', 'Wide-band': '0', 'Xlong-island': '0', 'seq': '1', 'end': 3802.15, 'start': 3801.55}]",0,0,[],[]
3802150,3803180,FEM,FAN,1.08,131,AICF,RC,16,TIFE,FI,0.0,0,-37.33,-31.24,[],0,0,[],[]
3803180,3804360,MAL,MAN,5.41,131,AICF,RC,16,NT,FI,0.0,0,-36.07,-30.83,[],0,0,[],[]
3804360,3805730,FEM,FAN,2.86,131,AICF,RC,16,TIFI,FI,0.0,0,-37.28,-23.68,[],0,0,[],[]
3805730,3806450,CHI,CHN,0.0,131,AICF,RC,17,TIFR,FI,1.0,390,-32.37,-22.2,"[{'Canonical-syllable': '0', 'Growl': '0', 'High-freq-energy': '0', 'Long-island': '0', 'Low-tilt-spectrum': '0', 'Medium-island': '1', 'Short-island': '0', 'Squeal': '0', 'Typical-entropy': '0', 'Voicing-quality': '1', 'Wide-band': '0', 'Xlong-island': '0', 'seq': '1', 'end': 3806.12, 'start': 3805.83}]",0,0,[],[]
3806450,3809530,FEM,FAN,11.43,131,AICF,RC,17,TIFE,FI,0.0,0,-33.77,-27.69,[],0,0,[],[]
3809530,3810440,FEM,FAN,3.9,131,AICF,RC,17,NT,FH,0.0,0,-33.89,-26.24,[],0,0,[],[]
3810440,3812070,FEM,FAN,5.36,131,AICF,EC,17,NT,FH,0.0,0,-35.11,-28.94,[],0,0,[],[]
3812070,3813630,NA,NOF,0.0,132,pause,NA,NA,NA,NA,0.0,0,-36.8,-24.86,[],0,0,[],[]
3813630,3814370,CHI,CHN,0.0,132,pause,NA,NA,NA,NA,0.0,0,-25.88,-17.42,[],0,590,[],"[{'start': 3813.63, 'end': 3814.22}]"
3814370,3815970,NA,NOF,0.0,132,pause,NA,NA,NA,NA,0.0,0,-38.7,-26.19,[],0,0,[],[]
3815970,3816770,NA,SIL,0.0,132,pause,NA,NA,NA,NA,0.0,0,-54.37,-41.7,[],0,0,[],[]
3816770,3818340,NA,NOF,0.0,132,pause,NA,NA,NA,NA,0.0,0,-46.53,-33.52,[],0,0,[],[]
3818340,3821330,FEM,FAN,11.33,132,AICF,BC,0,NT,FI,0.0,0,-22.56,-11.35,[],0,0,[],[]
3821330,3822130,NA,NOF,0.0,132,AICF,NA,NA,NA,NA,0.0,0,-47.06,-32.06,[],0,0,[],[]
3822130,3824420,FEM,FAN,10.18,132,AICF,RC,0,NT,FH,0.0,0,-32.12,-22.32,[],0,0,[],[]
3824420,3825350,NA,NOF,0.0,132,AICF,NA,NA,NA,NA,0.0,0,-46.39,-30.95,[],0,0,[],[]
3825350,3826380,FEM,FAN,5.05,132,AICF,RC,0,NT,FH,0.0,0,-30.08,-24.38,[],0,0,[],[]
3826380,3827380,MAL,MAN,3.61,132,AICF,RC,0,NT,FI,0.0,0,-34.6,-29.59,[],0,0,[],[]
3827380,3828630,FEM,FAN,2.51,132,AICF,RC,0,NT,FI,0.0,0,-32.08,-25.04,[],0,0,[],[]
3828630,3829620,NA,SIL,0.0,132,AICF,NA,NA,NA,NA,0.0,0,-53.87,-39.34,[],0,0,[],[]
3829620,3830650,MAL,MAN,3.62,132,AICF,RC,0,NT,FI,0.0,0,-37.7,-30.0,[],0,0,[],[]
3830650,3832460,FEM,FAN,5.36,132,AICF,RC,0,NT,FI,0.0,0,-36.16,-28.54,[],0,0,[],[]
3832460,3833060,FEM,FAN,0.36,132,AICF,RC,0,TIFI,FH,0.0,0,-32.04,-28.07,[],0,0,[],[]
3833060,3836280,NA,NOF,0.0,132,AICF,NA,NA,NA,NA,0.0,0,-38.91,-22.7,[],0,0,[],[]
3836280,3837210,CHI,CHN,0.0,132,AICF,RC,1,TIFR,FI,1.0,830,-19.12,-14.89,"[{'Canonical-syllable': '0', 'Growl': '0', 'High-freq-energy': '0', 'Long-island': '1', 'Low-tilt-spectrum': '0', 'Medium-island': '0', 'Short-island': '0', 'Squeal': '0', 'Typical-entropy': '0', 'Voicing-quality': '1', 'Wide-band': '0', 'Xlong-island': '0', 'seq': '1', 'end': 3837.11, 'start': 3836.28}]",0,0,[],[]
3837210,3838010,NA,CXF,0.0,132,AICF,NA,NA,NA,NA,0.0,0,-44.79,-37.05,[],0,0,[],[]
3838010,3839040,FEM,FAN,2.5,132,AICF,RC,1,TIFE,FI,0.0,0,-34.65,-26.73,[],0,0,[],[]
3839040,3839670,FEM,FAN,2.81,132,AICF,RC,1,NT,FH,0.0,0,-34.46,-18.54,[],0,0,[],[]
3839670,3840720,FEM,FAN,4.11,132,AICF,RC,1,NT,FH,0.0,0,-30.62,-19.55,[],0,0,[],[]
3840720,3841720,MAL,MAN,5.76,132,AICF,RC,1,NT,FI,0.0,0,-31.22,-25.26,[],0,0,[],[]
3841720,3842520,NA,SIL,0.0,132,AICF,NA,NA,NA,NA,0.0,0,-48.12,-34.24,[],0,0,[],[]
3842520,3844070,FEM,FAN,3.74,132,AICF,RC,1,TIFI,FI,0.0,0,-33.44,-22.91,[],0,0,[],[]
3844070,3845050,NA,NOF,0.0,132,AICF,NA,NA,NA,NA,0.0,0,-50.81,-36.12,[],0,0,[],[]
3845050,3846050,CHI,CHN,0.0,132,AICF,RC,2,TIFR,FI,1.0,600,-30.04,-21.48,"[{'Canonical-syllable': '1', 'Growl': '0', 'High-freq-energy': '0', 'Long-island': '0', 'Low-tilt-spectrum': '0', 'Medium-island': '1', 'Short-island': '0', 'Squeal': '0', 'Typical-entropy': '0', 'Voicing-quality': '1', 'Wide-band': '0', 'Xlong-island': '0', 'seq': '1', 'end': 3845.65, 'start': 3845.35}]",0,0,[],[]
3846050,3846970,NA,SIL,0.0,132,AICF,NA,NA,NA,NA,0.0,0,-58.11,-42.67,[],0,0,[],[]
3846970,3850180,FEM,FAN,11.72,132,AICF,RC,2,TIFE,FI,0.0,0,-26.09,-4.95,[],0,0,[],[]
3850180,3851370,NA,NOF,0.0,132,AICF,NA,NA,NA,NA,0.0,0,-15.82,-4.81,[],0,0,[],[]
3851370,3852950,FEM,FAN,6.83,132,AICF,RC,2,NT,FH,0.0,0,-29.21,-8.64,[],0,0,[],[]
3852950,3854110,OCH,CXN,0.0,132,AICF,RC,2,NT,FI,0.0,0,-25.76,-8.71,[],0,0,[],[]
3854110,3855430,FEM,FAN,3.11,132,AICF,RC,2,TIFI,FI,0.0,0,-30.9,-22.88,[],0,0,[],[]
3855430,3856240,NA,SIL,0.0,132,AICF,NA,NA,NA,NA,0.0,0,-47.41,-42.67,[],0,0,[],[]
3856240,3857150,NA,NOF,0.0,132,AICF,NA,NA,NA,NA,0.0,0,-41.14,-33.31,[],0,0,[],[]
3857150,3857800,CHI,CHN,0.0,132,AICF,RC,3,TIFR,FI,1.0,650,-23.97,-19.52,"[{'Canonical-syllable': '0', 'Growl': '0', 'High-freq-energy': '0', 'Long-island': '0', 'Low-tilt-spectrum': '0', 'Medium-island': '1', 'Short-island': '0', 'Squeal': '0', 'Typical-entropy': '0', 'Voicing-quality': '1', 'Wide-band': '0', 'Xlong-island': '0', 'seq': '1', 'end': 3857.8, 'start': 3857.15}]",0,0,[],[]
3857800,3860450,NA,NOF,0.0,132,AICF,NA,NA,NA,NA,0.0,0,-21.57,-4.89,[],0,0,[],[]
3860450,3861280,NA,OLN,0.0,132,AICF,NA,NA,NA,NA,0.0,0,-33.82,-21.18,[],0,0,[],[]
3861280,3862280,FEM,FAN,2.51,132,AICF,RC,3,TIFE,FI,0.0,0,-26.33,-11.26,[],0,0,[],[]
3862280,3863100,NA,NOF,0.0,132,AICF,NA,NA,NA,NA,0.0,0,-42.59,-34.58,[],0,0,[],[]
3863100,3864610,FEM,FAN,5.2,132,AICF,RC,3,NT,FH,0.0,0,-32.04,-25.2,[],0,0,[],[]
3864610,3865260,FEM,FAN,7.22,132,AICF,RC,3,NT,FH,0.0,0,-29.26,-23.79,[],0,0,[],[]
3865260,3866380,FEM,FAN,2.6,132,AICF,RC,3,TIFI,FH,0.0,0,-35.73,-29.09,[],0,0,[],[]
3866380,3867800,NA,NOF,0.0,132,AICF,NA,NA,NA,NA,0.0,0,-44.9,-30.55,[],0,0,[],[]
3867800,3869710,CHI,CHN,0.0,132,AICF,RC,4,TIFR,FI,1.0,1450,-23.07,-13.2,"[{'Canonical-syllable': '0', 'Growl': '0', 'High-freq-energy': '0', 'Long-island': '0', 'Low-tilt-spectrum': '3', 'Medium-island': '1', 'Short-island': '3', 'Squeal': '0', 'Typical-entropy': '2', 'Voicing-quality': '4', 'Wide-band': '1', 'Xlong-island': '0', 'seq': '1', 'end': 3869.25, 'start': 3867.8}]",0,0,[],[]
3869710,3870570,NA,SIL,0.0,132,AICF,NA,NA,NA,NA,0.0,0,-55.89,-44.04,[],0,0,[],[]
3870570,3871370,NA,NOF,0.0,132,AICF,NA,NA,NA,NA,0.0,0,-47.26,-38.72,[],0,0,[],[]
3871370,3872170,CHI,CHN,0.0,132,AICF,RC,4,NT,FH,1.0,800,-21.36,-12.92,"[{'Canonical-syllable': '1', 'Growl': '1', 'High-freq-energy': '0', 'Long-island': '0', 'Low-tilt-spectrum': '2', 'Medium-island': '0', 'Short-island': '3', 'Squeal': '0', 'Typical-entropy': '1', 'Voicing-quality': '3', 'Wide-band': '0', 'Xlong-island': '0', 'seq': '1', 'end': 3872.17, 'start': 3871.37}]",0,0,[],[]
3872170,3873170,FEM,FAN,0.57,132,AICF,RC,4,TIFI,FI,0.0,0,-29.66,-21.33,[],0,0,[],[]
3873170,3873970,CHI,CHN,0.0,132,AICF,RC,5,TIFR,FI,1.0,90,-32.83,-20.24,"[{'Canonical-syllable': '0', 'Growl': '0', 'High-freq-energy': '0', 'Long-island': '0', 'Low-tilt-spectrum': '0', 'Medium-island': '0', 'Short-island': '0', 'Squeal': '0', 'Typical-entropy': '0', 'Voicing-quality': '0', 'Wide-band': '0', 'Xlong-island': '0', 'seq': '1', 'end': 3873.97, 'start': 3873.88}]",0,0,[],[]
3873970,3875760,FEM,FAN,8.2,132,AICF,RC,5,TIFE,FI,0.0,0,-29.36,-20.46,[],0,0,[],[]
3875760,3876610,NA,NOF,0.0,132,AICF,NA,NA,NA,NA,0.0,0,-28.07,-14.03,[],0,0,[],[]
3876610,3877610,FEM,FAN,1.63,132,AICF,RC,5,TIFI,FH,0.0,0,-30.62,-15.02,[],0,0,[],[]
3877610,3879250,NA,NOF,0.0,132,AICF,NA,NA,NA,NA,0.0,0,-36.82,-22.54,[],0,0,[],[]
3879250,3880700,CHI,CHN,0.0,132,AICF,RC,6,TIFR,FI,2.0,1070,-20.76,-12.71,"[{'Canonical-syllable': '1', 'Growl': '0', 'High-freq-energy': '0', 'Long-island': '0', 'Low-tilt-spectrum': '3', 'Medium-island': '0', 'Short-island': '3', 'Squeal': '0', 'Typical-entropy': '3', 'Voicing-quality': '3', 'Wide-band': '0', 'Xlong-island': '0', 'seq': '1', 'end': 3880.01, 'start': 3879.25}, {'Canonical-syllable': '0', 'Growl': '0', 'High-freq-energy': '0', 'Long-island': '0', 'Low-tilt-spectrum': '0', 'Medium-island': '1', 'Short-island': '0', 'Squeal': '0', 'Typical-entropy': '0', 'Voicing-quality': '1', 'Wide-band': '0', 'Xlong-island': '0', 'seq': '2', 'end': 3880.7, 'start': 3880.39}]",0,0,[],[]
3880700,3882010,FEM,FAN,5.07,132,AICF,RC,6,TIFI,FI,0.0,0,-38.17,-29.41,[],0,0,[],[]
3882010,3883190,NA,NOF,0.0,132,AICF,NA,NA,NA,NA,0.0,0,-41.45,-24.46,[],0,0,[],[]
3883190,3884480,CHI,CHN,0.0,132,AICF,RC,7,TIFR,FI,1.0,1290,-24.35,-16.25,"[{'Canonical-syllable': '0', 'Growl': '0', 'High-freq-energy': '0', 'Long-island': '0', 'Low-tilt-spectrum': '1', 'Medium-island': '1', 'Short-island': '3', 'Squeal': '0', 'Typical-entropy': '2', 'Voicing-quality': '4', 'Wide-band': '0', 'Xlong-island': '0', 'seq': '1', 'end': 3884.48, 'start': 3883.19}]",0,0,[],[]
3884480,3885810,CHI,CHN,0.0,132,AICF,RC,7,NT,FH,2.0,390,-32.34,-23.3,"[{'Canonical-syllable': '0', 'Growl': '0', 'High-freq-energy': '0', 'Long-island': '0', 'Low-tilt-spectrum': '0', 'Medium-island': '0', 'Short-island': '1', 'Squeal': '0', 'Typical-entropy': '0', 'Voicing-quality': '1', 'Wide-band': '0', 'Xlong-island': '0', 'seq': '1', 'end': 3884.62, 'start': 3884.48}, {'Canonical-syllable': '1', 'Growl': '0', 'High-freq-energy': '0', 'Long-island': '0', 'Low-tilt-spectrum': '0', 'Medium-island': '0', 'Short-island': '1', 'Squeal': '0', 'Typical-entropy': '0', 'Voicing-quality': '1', 'Wide-band': '0', 'Xlong-island': '0', 'seq': '2', 'end': 3885.56, 'start': 3885.31}]",0,0,[],[]
3885810,3886610,NA,SIL,0.0,132,AICF,NA,NA,NA,NA,0.0,0,-55.6,-43.87,[],0,0,[],[]
3886610,3889270,CHI,CHN,0.0,132,AICF,RC,7,NT,FH,2.0,1560,-23.0,-13.85,"[{'Canonical-syllable': '0', 'Growl': '0', 'High-freq-energy': '0', 'Long-island': '0', 'Low-tilt-spectrum': '0', 'Medium-island': '1', 'Short-island': '0', 'Squeal': '0', 'Typical-entropy': '0', 'Voicing-quality': '1', 'Wide-band': '0', 'Xlong-island': '0', 'seq': '1', 'end': 3886.91, 'start': 3886.61}, {'Canonical-syllable': '0', 'Growl': '0', 'High-freq-energy': '0', 'Long-island': '1', 'Low-tilt-spectrum': '1', 'Medium-island': '1', 'Short-island': '0', 'Squeal': '0', 'Typical-entropy': '2', 'Voicing-quality': '2', 'Wide-band': '0', 'Xlong-island': '0', 'seq': '2', 'end': 3888.99, 'start': 3887.73}]",0,0,[],[]
3889270,3890400,FEM,FAN,2.56,132,AICF,RC,7,TIFI,FI,0.0,0,-37.65,-29.84,[],0,0,[],[]
3890400,3891580,CHI,CHN,0.0,132,AICF,RC,8,TIFR,FI,1.0,1180,-13.98,-4.68,"[{'Canonical-syllable': '0', 'Growl': '0', 'High-freq-energy': '0', 'Long-island': '0', 'Low-tilt-spectrum': '2', 'Medium-island': '1', 'Short-island': '2', 'Squeal': '0', 'Typical-entropy': '2', 'Voicing-quality': '3', 'Wide-band': '0', 'Xlong-island': '0', 'seq': '1', 'end': 3891.58, 'start': 3890.51}]",0,0,[],[]
3891580,3892580,FEM,FAN,1.45,132,AICF,RC,8,TIFE,FI,0.0,0,-33.88,-25.93,[],0,0,[],[]
3892580,3894260,NA,NOF,0.0,132,AICF,NA,NA,NA,NA,0.0,0,-41.21,-31.87,[],0,0,[],[]
3894260,3895260,FEM,FAN,3.97,132,AICF,RC,8,NT,FH,0.0,0,-31.84,-26.54,[],0,0,[],[]
3895260,3896130,NA,OLN,0.0,132,AICF,NA,NA,NA,NA,0.0,0,-31.35,-21.61,[],0,0,[],[]
3896130,3897140,FEM,FAN,4.43,132,AICF,RC,8,NT,FH,0.0,0,-34.63,-29.2,[],0,0,[],[]
3897140,3898140,MAL,MAN,3.23,132,AICF,RC,8,NT,FI,0.0,0,-37.01,-28.33,[],0,0,[],[]
3898140,3900650,FEM,FAN,11.77,132,AICF,RC,8,TIFI,FI,0.0,0,-34.88,-27.39,[],0,0,[],[]
3900650,3902370,CHI,CHN,0.0,132,AICF,RC,9,TIFR,FI,1.0,970,-28.31,-19.11,"[{'Canonical-syllable': '0', 'Growl': '0', 'High-freq-energy': '0', 'Long-island': '1', 'Low-tilt-spectrum': '0', 'Medium-island': '0', 'Short-island': '1', 'Squeal': '0', 'Typical-entropy': '0', 'Voicing-quality': '2', 'Wide-band': '1', 'Xlong-island': '0', 'seq': '1', 'end': 3902.12, 'start': 3901.15}]",0,0,[],[]
3902370,3903190,NA,SIL,0.0,132,AICF,NA,NA,NA,NA,0.0,0,-52.97,-42.94,[],0,0,[],[]
3903190,3905510,FEM,FAN,4.68,132,AICF,RC,9,TIFI,FI,0.0,0,-24.87,-4.03,[],0,0,[],[]
3905510,3906260,CHI,CHN,0.0,132,AICF,RC,10,TIFR,FI,1.0,670,-28.8,-26.72,"[{'Canonical-syllable': '0', 'Growl': '0', 'High-freq-energy': '0', 'Long-island': '1', 'Low-tilt-spectrum': '0', 'Medium-island': '0', 'Short-island': '0', 'Squeal': '0', 'Typical-entropy': '0', 'Voicing-quality': '1', 'Wide-band': '0', 'Xlong-island': '0', 'seq': '1', 'end': 3906.18, 'start': 3905.51}]",0,0,[],[]
3906260,3907360,NA,SIL,0.0,132,AICF,NA,NA,NA,NA,0.0,0,-55.41,-43.51,[],0,0,[],[]
3907360,3907970,CHI,CHN,0.0,132,AICF,RC,10,NT,FH,1.0,610,-23.64,-19.18,"[{'Canonical-syllable': '0', 'Growl': '0', 'High-freq-energy': '0', 'Long-island': '0', 'Low-tilt-spectrum': '0', 'Medium-island': '1', 'Short-island': '0', 'Squeal': '0', 'Typical-entropy': '0', 'Voicing-quality': '1', 'Wide-band': '0', 'Xlong-island': '0', 'seq': '1', 'end': 3907.97, 'start': 3907.36}]",0,0,[],[]
3907970,3909000,CHI,CHN,0.0,132,AICF,RC,10,NT,FH,2.0,490,-21.07,-9.21,"[{'Canonical-syllable': '1', 'Growl': '0', 'High-freq-energy': '0', 'Long-island': '0', 'Low-tilt-spectrum': '0', 'Medium-island': '1', 'Short-island': '0', 'Squeal': '0', 'Typical-entropy': '0', 'Voicing-quality': '1', 'Wide-band': '0', 'Xlong-island': '0', 'seq': '1', 'end': 3908.27, 'start': 3907.97}, {'Canonical-syllable': '0', 'Growl': '0', 'High-freq-energy': '0', 'Long-island': '0', 'Low-tilt-spectrum': '0', 'Medium-island': '0', 'Short-island': '1', 'Squeal': '0', 'Typical-entropy': '1', 'Voicing-quality': '1', 'Wide-band': '0', 'Xlong-island': '0', 'seq': '2', 'end': 3908.86, 'start': 3908.67}]",0,0,[],[]
3909000,3909690,CHI,CHN,0.0,132,AICF,RC,10,NT,FH,1.0,560,-22.16,-15.76,"[{'Canonical-syllable': '0', 'Growl': '0', 'High-freq-energy': '0', 'Long-island': '0', 'Low-tilt-spectrum': '0', 'Medium-island': '1', 'Short-island': '0', 'Squeal': '0', 'Typical-entropy': '0', 'Voicing-quality': '1', 'Wide-band': '0', 'Xlong-island': '0', 'seq': '1', 'end': 3909.56, 'start': 3909.0}]",0,0,[],[]
3909690,3910520,NA,OLF,0.0,132,AICF,NA,NA,NA,NA,0.0,0,-17.5,-4.98,[],0,0,[],[]
3910520,3911920,NA,NOF,0.0,132,AICF,NA,NA,NA,NA,0.0,0,-43.27,-29.5,[],0,0,[],[]
3911920,3912880,NA,SIL,0.0,132,AICF,NA,NA,NA,NA,0.0,0,-44.97,-31.2,[],0,0,[],[]
3912880,3913920,NA,NOF,0.0,132,AICF,NA,NA,NA,NA,0.0,0,-45.57,-35.03,[],0,0,[],[]
3913920,3914970,CHI,CHN,0.0,132,AICF,RC,10,NT,FH,1.0,740,-24.43,-16.04,"[{'Canonical-syllable': '0', 'Growl': '0', 'High-freq-energy': '1', 'Long-island': '0', 'Low-tilt-spectrum': '1', 'Medium-island': '1', 'Short-island': '1', 'Squeal': '0', 'Typical-entropy': '2', 'Voicing-quality': '2', 'Wide-band': '0', 'Xlong-island': '0', 'seq': '1', 'end': 3914.66, 'start': 3913.92}]",0,0,[],[]
3914970,3916220,NA,SIL,0.0,132,AICF,NA,NA,NA,NA,0.0,0,-53.77,-50.4,[],0,0,[],[]
3916220,3918000,FEM,FAN,2.77,132,AICF,RC,10,TIFI,FI,0.0,0,-27.67,-15.9,[],0,0,[],[]
3918000,3918790,CHI,CHN,0.0,132,AICF,RC,11,TIFR,FI,1.0,400,-26.73,-18.37,"[{'Canonical-syllable': '0', 'Growl': '0', 'High-freq-energy': '0', 'Long-island': '0', 'Low-tilt-spectrum': '0', 'Medium-island': '1', 'Short-island': '0', 'Squeal': '0', 'Typical-entropy': '0', 'Voicing-quality': '1', 'Wide-band': '0', 'Xlong-island': '0', 'seq': '1', 'end': 3918.4, 'start': 3918.0}]",0,0,[],[]
3918790,3919820,FEM,FAN,2.01,132,AICF,RC,11,TIFI,FI,0.0,0,-39.33,-26.4,[],0,0,[],[]
3919820,3920620,NA,SIL,0.0,132,AICF,NA,NA,NA,NA,0.0,0,-39.11,-25.3,[],0,0,[],[]
3920620,3921660,CHI,CHN,0.0,132,AICF,RC,12,TIFR,FI,1.0,1040,-27.8,-21.3,"[{'Canonical-syllable': '0', 'Growl': '1', 'High-freq-energy': '0', 'Long-island': '1', 'Low-tilt-spectrum': '0', 'Medium-island': '0', 'Short-island': '1', 'Squeal': '0', 'Typical-entropy': '0', 'Voicing-quality': '2', 'Wide-band': '0', 'Xlong-island': '0', 'seq': '1', 'end': 3921.66, 'start': 3920.62}]",0,0,[],[]
3921660,3922460,OCH,CXN,0.0,132,AICF,RC,12,NT,FI,0.0,0,-42.83,-31.43,[],0,0,[],[]
3922460,3923520,FEM,FAN,5.92,132,AICF,RC,12,TIFI,FI,0.0,0,-31.33,-22.8,[],0,0,[],[]
3923520,3925200,CHI,CHN,0.0,132,AICF,RC,13,TIFR,FI,2.0,1110,-22.35,-13.05,"[{'Canonical-syllable': '0', 'Growl': '0', 'High-freq-energy': '0', 'Long-island': '0', 'Low-tilt-spectrum': '1', 'Medium-island': '1', 'Short-island': '0', 'Squeal': '0', 'Typical-entropy': '1', 'Voicing-quality': '1', 'Wide-band': '0', 'Xlong-island': '0', 'seq': '1', 'end': 3923.96, 'start': 3923.52}, {'Canonical-syllable': '1', 'Growl': '1', 'High-freq-energy': '0', 'Long-island': '0', 'Low-tilt-spectrum': '1', 'Medium-island': '1', 'Short-island': '0', 'Squeal': '0', 'Typical-entropy': '1', 'Voicing-quality': '2', 'Wide-band': '0', 'Xlong-island': '0', 'seq': '2', 'end': 3925.2, 'start': 3924.53}]",0,0,[],[]
3925200,3926210,CHI,CHN,0.0,132,AICF,RC,13,NT,FH,1.0,1010,-18.58,-9.25,"[{'Canonical-syllable': '1', 'Growl': '0', 'High-freq-energy': '0', 'Long-island': '0', 'Low-tilt-spectrum': '1', 'Medium-island': '1', 'Short-island': '2', 'Squeal': '0', 'Typical-entropy': '2', 'Voicing-quality': '2', 'Wide-band': '0', 'Xlong-island': '0', 'seq': '1', 'end': 3926.21, 'start': 3925.2}]",0,0,[],[]
3926210,3927210,FEM,FAN,0.0,132,AICF,NA,NA,NA,NA,0.0,0,-28.71,-23.65,[],1000,0,[],[]
3927210,3928010,NA,NON,0.0,132,AICF,NA,NA,NA,NA,0.0,0,-37.09,-29.07,[],0,0,[],[]
3928010,3929220,CHI,CHN,0.0,132,AICF,RC,13,NT,FH,1.0,960,-19.32,-6.07,"[{'Canonical-syllable': '2', 'Growl': '0', 'High-freq-energy': '0', 'Long-island': '0', 'Low-tilt-spectrum': '1', 'Medium-island': '1', 'Short-island': '1', 'Squeal': '0', 'Typical-entropy': '3', 'Voicing-quality': '3', 'Wide-band': '0', 'Xlong-island': '0', 'seq': '1', 'end': 3928.97, 'start': 3928.01}]",0,0,[],[]
3929220,3930060,NA,NOF,0.0,132,AICF,NA,NA,NA,NA,0.0,0,-43.49,-28.59,[],0,0,[],[]
3930060,3931750,FEM,FAN,6.12,132,AICF,RC,13,TIFE,FI,0.0,0,-36.88,-30.51,[],0,0,[],[]
3931750,3932760,NA,SIL,0.0,132,AICF,NA,NA,NA,NA,0.0,0,-52.09,-46.48,[],0,0,[],[]
3932760,3934180,FEM,FAN,3.93,132,AICF,RC,13,NT,FH,0.0,0,-35.27,-28.51,[],0,0,[],[]
3934180,3935280,NA,SIL,0.0,132,AICF,NA,NA,NA,NA,0.0,0,-48.85,-36.37,[],0,0,[],[]
3935280,3938160,FEM,FAN,5.12,132,AICF,RC,13,TIFI,FH,0.0,0,-37.85,-20.56,[],0,0,[],[]
3938160,3939720,NA,SIL,0.0,132,AICF,NA,NA,NA,NA,0.0,0,-56.95,-45.84,[],0,0,[],[]
3939720,3940700,NA,NOF,0.0,132,AICF,NA,NA,NA,NA,0.0,0,-33.94,-21.02,[],0,0,[],[]
3940700,3941300,CHI,CHN,0.0,132,AICF,RC,14,TIFR,FI,1.0,480,-17.58,-11.07,"[{'Canonical-syllable': '0', 'Growl': '0', 'High-freq-energy': '0', 'Long-island': '0', 'Low-tilt-spectrum': '0', 'Medium-island': '1', 'Short-island': '0', 'Squeal': '0', 'Typical-entropy': '0', 'Voicing-quality': '1', 'Wide-band': '0', 'Xlong-island': '0', 'seq': '1', 'end': 3941.18, 'start': 3940.83}]",0,0,[],[]
3941300,3942460,NA,NOF,0.0,132,AICF,NA,NA,NA,NA,0.0,0,-44.03,-29.92,[],0,0,[],[]
3942460,3944210,CHI,CHN,0.0,132,AICF,RC,14,NT,FH,1.0,1630,-16.99,-9.41,"[{'Canonical-syllable': '0', 'Growl': '1', 'High-freq-energy': '0', 'Long-island': '0', 'Low-tilt-spectrum': '0', 'Medium-island': '0', 'Short-island': '1', 'Squeal': '0', 'Typical-entropy': '0', 'Voicing-quality': '2', 'Wide-band': '0', 'Xlong-island': '1', 'seq': '1', 'end': 3944.09, 'start': 3942.46}]",0,0,[],[]
3944210,3945280,FEM,FAN,2.5,132,AICF,RC,14,TIFI,FI,0.0,0,-33.43,-26.48,[],0,0,[],[]
3945280,3946080,NA,SIL,0.0,132,AICF,NA,NA,NA,NA,0.0,0,-44.62,-35.19,[],0,0,[],[]
3946080,3947790,CHI,CHN,0.0,132,AICF,RC,15,TIFR,FI,2.0,1370,-19.79,-8.64,"[{'Canonical-syllable': '0', 'Growl': '0', 'High-freq-energy': '0', 'Long-island': '0', 'Low-tilt-spectrum': '0', 'Medium-island': '1', 'Short-island': '0', 'Squeal': '0', 'Typical-entropy': '0', 'Voicing-quality': '3', 'Wide-band': '1', 'Xlong-island': '0', 'seq': '1', 'end': 3946.84, 'start': 3946.08}, {'Canonical-syllable': '0', 'Growl': '0', 'High-freq-energy': '0', 'Long-island': '0', 'Low-tilt-spectrum': '1', 'Medium-island': '1', 'Short-island': '0', 'Squeal': '0', 'Typical-entropy': '0', 'Voicing-quality': '1', 'Wide-band': '0', 'Xlong-island': '0', 'seq': '2', 'end': 3947.79, 'start': 3947.18}]",0,0,[],[]
3947790,3949100,FEM,FAN,3.18,132,AICF,RC,15,TIFI,FI,0.0,0,-30.0,-21.76,[],0,0,[],[]
3949100,3949900,NA,SIL,0.0,132,AICF,NA,NA,NA,NA,0.0,0,-52.88,-40.59,[],0,0,[],[]
3949900,3950900,CHI,CHN,0.0,132,AICF,RC,16,TIFR,FI,1.0,550,-29.62,-21.45,"[{'Canonical-syllable': '1', 'Growl': '0', 'High-freq-energy': '0', 'Long-island': '0', 'Low-tilt-spectrum': '0', 'Medium-island': '1', 'Short-island': '0', 'Squeal': '0', 'Typical-entropy': '0', 'Voicing-quality': '1', 'Wide-band': '0', 'Xlong-island': '0', 'seq': '1', 'end': 3950.45, 'start': 3950.16}]",0,0,[],[]
3950900,3951700,OCH,CXN,0.0,132,AICF,RC,16,NT,FI,0.0,0,-25.43,-15.18,[],0,0,[],[]
3951700,3953500,CHI,CHN,0.0,132,AICF,RC,16,NT,FI,2.0,1470,-21.07,-3.44,"[{'Canonical-syllable': '0', 'Growl': '0', 'High-freq-energy': '0', 'Long-island': '0', 'Low-tilt-spectrum': '2', 'Medium-island': '0', 'Short-island': '2', 'Squeal': '0', 'Typical-entropy': '2', 'Voicing-quality': '2', 'Wide-band': '1', 'Xlong-island': '0', 'seq': '1', 'end': 3952.64, 'start': 3951.87}, {'Canonical-syllable': '0', 'Growl': '0', 'High-freq-energy': '0', 'Long-island': '0', 'Low-tilt-spectrum': '1', 'Medium-island': '1', 'Short-island': '0', 'Squeal': '0', 'Typical-entropy': '1', 'Voicing-quality': '1', 'Wide-band': '0', 'Xlong-island': '0', 'seq': '2', 'end': 3953.5, 'start': 3952.97}]",0,0,[],[]
3953500,3955110,NA,NON,0.0,132,AICF,NA,NA,NA,NA,0.0,0,-33.1,-19.56,[],0,0,[],[]
3955110,3957380,CHI,CHN,0.0,132,AICF,RC,16,NT,FH,2.0,1740,-22.48,-14.1,"[{'Canonical-syllable': '0', 'Growl': '3', 'High-freq-energy': '1', 'Long-island': '0', 'Low-tilt-spectrum': '2', 'Medium-island': '0', 'Short-island': '4', 'Squeal': '0', 'Typical-entropy': '3', 'Voicing-quality': '4', 'Wide-band': '1', 'Xlong-island': '0', 'seq': '1', 'end': 3956.22, 'start': 3955.11}, {'Canonical-syllable': '0', 'Growl': '0', 'High-freq-energy': '0', 'Long-island': '0', 'Low-tilt-spectrum': '1', 'Medium-island': '1', 'Short-island': '0', 'Squeal': '0', 'Typical-entropy': '1', 'Voicing-quality': '1', 'Wide-band': '0', 'Xlong-island': '0', 'seq': '2', 'end': 3957.38, 'start': 3956.75}]",0,0,[],[]
3957380,3959170,NA,NOF,0.0,132,AICF,NA,NA,NA,NA,0.0,0,-39.86,-32.59,[],0,0,[],[]
3959170,3959770,CHI,CHN,0.0,132,AICF,RC,16,NT,FH,1.0,600,-26.27,-15.01,"[{'Canonical-syllable': '0', 'Growl': '1', 'High-freq-energy': '0', 'Long-island': '0', 'Low-tilt-spectrum': '1', 'Medium-island': '0', 'Short-island': '0', 'Squeal': '0', 'Typical-entropy': '1', 'Voicing-quality': '1', 'Wide-band': '0', 'Xlong-island': '0', 'seq': '1', 'end': 3959.77, 'start': 3959.38}]",0,0,[],[]
3959770,3960790,CHI,CHN,0.0,132,AICF,RC,16,NT,FH,1.0,1020,-19.92,-10.93,"[{'Canonical-syllable': '1', 'Growl': '0', 'High-freq-energy': '0', 'Long-island': '0', 'Low-tilt-spectrum': '1', 'Medium-island': '0', 'Short-island': '2', 'Squeal': '0', 'Typical-entropy': '2', 'Voicing-quality': '4', 'Wide-band': '0', 'Xlong-island': '0', 'seq': '1', 'end': 3960.79, 'start': 3959.77}]",0,0,[],[]
3960790,3961390,CHI,CHN,0.0,132,AICF,RC,16,NT,FH,1.0,520,-23.74,-17.64,"[{'Canonical-syllable': '0', 'Growl': '0', 'High-freq-energy': '0', 'Long-island': '0', 'Low-tilt-spectrum': '0', 'Medium-island': '1', 'Short-island': '0', 'Squeal': '0', 'Typical-entropy': '1', 'Voicing-quality': '1', 'Wide-band': '0', 'Xlong-island': '0', 'seq': '1', 'end': 3961.31, 'start': 3960.79}]",0,0,[],[]
3961390,3962190,NA,SIL,0.0,132,AICF,NA,NA,NA,NA,0.0,0,-51.99,-37.71,[],0,0,[],[]
3962190,3964060,NA,NOF,0.0,132,AICF,NA,NA,NA,NA,0.0,0,-20.72,-5.12,[],0,0,[],[]
3964060,3965320,CHI,CHN,0.0,132,AICF,RC,16,NT,FH,1.0,1260,-26.94,-18.78,"[{'Canonical-syllable': '0', 'Growl': '0', 'High-freq-energy': '0', 'Long-island': '0', 'Low-tilt-spectrum': '0', 'Medium-island': '2', 'Short-island': '1', 'Squeal': '0', 'Typical-entropy': '1', 'Voicing-quality': '3', 'Wide-band': '0', 'Xlong-island': '0', 'seq': '1', 'end': 3965.32, 'start': 3964.06}]",0,0,[],[]
3965320,3966670,CHI,CHN,0.0,132,AICF,RC,16,NT,FH,1.0,500,-21.63,-11.18,"[{'Canonical-syllable': '0', 'Growl': '1', 'High-freq-energy': '0', 'Long-island': '0', 'Low-tilt-spectrum': '0', 'Medium-island': '0', 'Short-island': '2', 'Squeal': '0', 'Typical-entropy': '0', 'Voicing-quality': '2', 'Wide-band': '0', 'Xlong-island': '0', 'seq': '1', 'end': 3966.56, 'start': 3966.06}]",0,0,[],[]
3966670,3967790,CHI,CHN,0.0,132,AICF,RC,16,TIFI,FH,1.0,1120,-23.02,-16.39,"[{'Canonical-syllable': '0', 'Growl': '2', 'High-freq-energy': '0', 'Long-island': '0', 'Low-tilt-spectrum': '0', 'Medium-island': '1', 'Short-island': '2', 'Squeal': '0', 'Typical-entropy': '1', 'Voicing-quality': '3', 'Wide-band': '0', 'Xlong-island': '0', 'seq': '1', 'end': 3967.79, 'start': 3966.67}]",0,0,[],[]
3967790,3969230,FEM,FAN,4.0,132,AICF,RC,17,TIFR,FI,0.0,0,-23.32,-14.42,[],0,0,[],[]
3969230,3970210,OCH,CXN,0.0,132,AICF,RC,17,NT,FI,0.0,0,-32.91,-24.84,[],0,0,[],[]
3970210,3975720,FEM,FAN,17.92,132,AICF,RC,17,NT,FI,0.0,0,-31.95,-21.45,[],0,0,[],[]
3975720,3977220,NA,SIL,0.0,132,AICF,NA,NA,NA,NA,0.0,0,-57.47,-45.2,[],0,0,[],[]
3977220,3979720,FEM,FAN,8.0,132,AICF,EC,17,NT,FH,0.0,0,-35.75,-24.76,[],0,0,[],[]
3979720,3982190,NA,SIL,0.0,133,pause,NA,NA,NA,NA,0.0,0,-58.42,-49.37,[],0,0,[],[]
3982190,3983080,NA,NOF,0.0,133,pause,NA,NA,NA,NA,0.0,0,-51.01,-45.27,[],0,0,[],[]
3983080,3985360,NA,SIL,0.0,133,pause,NA,NA,NA,NA,0.0,0,-57.54,-49.19,[],0,0,[],[]
3985360,3986160,NA,NOF,0.0,133,pause,NA,NA,NA,NA,0.0,0,-53.08,-44.55,[],0,0,[],[]
3986160,3992070,NA,SIL,0.0,133,pause,NA,NA,NA,NA,0.0,0,-58.08,-49.44,[],0,0,[],[]
3992070,3993710,NA,NOF,0.0,133,pause,NA,NA,NA,NA,0.0,0,-52.36,-44.39,[],0,0,[],[]
3993710,3995160,NA,SIL,0.0,133,pause,NA,NA,NA,NA,0.0,0,-56.45,-48.88,[],0,0,[],[]
3995160,3996730,FEM,FAN,0.0,133,pause,NA,NA,NA,NA,0.0,0,-32.38,-24.04,[],1570,0,[],[]
3996730,3999370,NA,NOF,0.0,133,pause,NA,NA,NA,NA,0.0,0,-41.15,-31.88,[],0,0,[],[]
3999370,4003480,NA,SIL,0.0,133,pause,NA,NA,NA,NA,0.0,0,-55.71,-45.72,[],0,0,[],[]
4003480,4004980,NA,NOF,0.0,133,pause,NA,NA,NA,NA,0.0,0,-36.03,-16.51,[],0,0,[],[]
4004980,4007240,NA,SIL,0.0,133,pause,NA,NA,NA,NA,0.0,0,-59.62,-51.75,[],0,0,[],[]
4007240,4008540,NA,NOF,0.0,133,pause,NA,NA,NA,NA,0.0,0,-53.3,-46.42,[],0,0,[],[]
4008540,4009540,FEM,FAN,4.19,133,AMF,EC,0,NT,FI,0.0,0,-30.12,-24.9,[],0,0,[],[]
4009540,4010680,NA,NOF,0.0,134,pause,NA,NA,NA,NA,0.0,0,-31.35,-12.99,[],0,0,[],[]
4010680,4011480,NA,SIL,0.0,134,pause,NA,NA,NA,NA,0.0,0,-51.94,-44.03,[],0,0,[],[]
4011480,4012480,NA,MAF,0.0,134,pause,NA,NA,NA,NA,0.0,0,-49.33,-44.44,[],0,0,[],[]
4012480,4014540,NA,NOF,0.0,134,pause,NA,NA,NA,NA,0.0,0,-48.16,-33.31,[],0,0,[],[]
4014540,4015550,NA,MAF,0.0,134,pause,NA,NA,NA,NA,0.0,0,-51.44,-45.19,[],0,0,[],[]
4015550,4016400,NA,NOF,0.0,134,pause,NA,NA,NA,NA,0.0,0,-42.09,-34.48,[],0,0,[],[]
4016400,4017560,CHI,CHN,0.0,134,CIOCX,BC,0,NT,FI,2.0,820,-20.57,-9.36,"[{'Canonical-syllable': '0', 'Growl': '0', 'High-freq-energy': '0', 'Long-island': '0', 'Low-tilt-spectrum': '0', 'Medium-island': '0', 'Short-island': '1', 'Squeal': '0', 'Typical-entropy': '1', 'Voicing-quality': '1', 'Wide-band': '0', 'Xlong-island': '0', 'seq': '1', 'end': 4016.57, 'start': 4016.4}, {'Canonical-syllable': '1', 'Growl': '0', 'High-freq-energy': '0', 'Long-island': '0', 'Low-tilt-spectrum': '1', 'Medium-island': '1', 'Short-island': '1', 'Squeal': '0', 'Typical-entropy': '2', 'Voicing-quality': '2', 'Wide-band': '0', 'Xlong-island': '0', 'seq': '2', 'end': 4017.56, 'start': 4016.91}]",0,0,[],[]
4017560,4018400,NA,NOF,0.0,134,CIOCX,NA,NA,NA,NA,0.0,0,-48.07,-35.27,[],0,0,[],[]
4018400,4019400,NA,FAF,0.0,134,CIOCX,NA,NA,NA,NA,0.0,0,-43.41,-35.29,[],0,0,[],[]
4019400,4020340,NA,NOF,0.0,134,CIOCX,NA,NA,NA,NA,0.0,0,-50.88,-42.37,[],0,0,[],[]
4020340,4020940,CHI,CHN,0.0,134,CIOCX,RC,0,NT,FH,1.0,600,-22.04,-18.19,"[{'Canonical-syllable': '0', 'Growl': '0', 'High-freq-energy': '0', 'Long-island': '0', 'Low-tilt-spectrum': '0', 'Medium-island': '1', 'Short-island': '0', 'Squeal': '0', 'Typical-entropy': '0', 'Voicing-quality': '1', 'Wide-band': '0', 'Xlong-island': '0', 'seq': '1', 'end': 4020.94, 'start': 4020.34}]",0,0,[],[]
4020940,4022080,OCH,CXN,0.0,134,CIOCX,RC,0,NT,FI,0.0,0,-22.28,-15.56,[],0,0,[],[]
4022080,4022700,CHI,CHN,0.0,134,CIOCX,EC,0,NT,FI,1.0,620,-23.92,-17.46,"[{'Canonical-syllable': '0', 'Growl': '1', 'High-freq-energy': '0', 'Long-island': '0', 'Low-tilt-spectrum': '2', 'Medium-island': '0', 'Short-island': '2', 'Squeal': '0', 'Typical-entropy': '2', 'Voicing-quality': '2', 'Wide-band': '0', 'Xlong-island': '0', 'seq': '1', 'end': 4022.7, 'start': 4022.08}]",0,0,[],[]
4022700,4023500,NA,OLF,0.0,135,pause,NA,NA,NA,NA,0.0,0,-37.61,-29.23,[],0,0,[],[]
4023500,4026820,NA,NOF,0.0,135,pause,NA,NA,NA,NA,0.0,0,-48.54,-37.51,[],0,0,[],[]
4026820,4027860,NA,MAF,0.0,135,pause,NA,NA,NA,NA,0.0,0,-48.4,-38.93,[],0,0,[],[]
4027860,4028860,NA,TVF,0.0,135,pause,NA,NA,NA,NA,0.0,0,-51.64,-41.03,[],0,0,[],[]
4028860,4029660,NA,NOF,0.0,135,pause,NA,NA,NA,NA,0.0,0,-54.2,-52.17,[],0,0,[],[]
4029660,4030670,NA,MAF,0.0,135,pause,NA,NA,NA,NA,0.0,0,-47.69,-33.84,[],0,0,[],[]
4030670,4031730,FEM,FAN,4.52,135,AMF,EC,0,NT,FI,0.0,0,-36.19,-30.02,[],0,0,[],[]
4031730,4036320,NA,TVF,0.0,136,pause,NA,NA,NA,NA,0.0,0,-53.94,-41.71,[],0,0,[],[]
4036320,4037400,NA,MAF,0.0,136,pause,NA,NA,NA,NA,0.0,0,-53.46,-49.45,[],0,0,[],[]
4037400,4039110,NA,TVF,0.0,136,pause,NA,NA,NA,NA,0.0,0,-54.36,-52.59,[],0,0,[],[]
4039110,4040440,NA,MAF,0.0,136,pause,NA,NA,NA,NA,0.0,0,-54.59,-51.81,[],0,0,[],[]
4040440,4045410,NA,SIL,0.0,136,pause,NA,NA,NA,NA,0.0,0,-53.2,-31.17,[],0,0,[],[]
4045410,4046210,NA,NOF,0.0,136,pause,NA,NA,NA,NA,0.0,0,-50.2,-43.8,[],0,0,[],[]
4046210,4048530,FEM,FAN,7.0,136,AMF,EC,0,NT,FI,0.0,0,-32.27,-23.56,[],0,0,[],[]
4048530,4052900,NA,MAF,0.0,137,pause,NA,NA,NA,NA,0.0,0,-49.53,-45.37,[],0,0,[],[]
4052900,4059450,NA,NON,0.0,137,pause,NA,NA,NA,NA,0.0,0,-52.46,-47.47,[],0,0,[],[]
4059450,4062260,NA,SIL,0.0,137,pause,NA,NA,NA,NA,0.0,0,-60.6,-53.2,[],0,0,[],[]
4062260,4063600,NA,NOF,0.0,137,pause,NA,NA,NA,NA,0.0,0,-45.78,-39.67,[],0,0,[],[]
4063600,4065710,NA,SIL,0.0,137,pause,NA,NA,NA,NA,0.0,0,-55.77,-41.77,[],0,0,[],[]
4065710,4066710,FEM,FAN,2.35,137,AICF,BC,0,TIFI,FI,0.0,0,-41.55,-30.68,[],0,0,[],[]
4066710,4068170,NA,MAF,0.0,137,AICF,NA,NA,NA,NA,0.0,0,-48.04,-44.67,[],0,0,[],[]
4068170,4069820,NA,NOF,0.0,137,AICF,NA,NA,NA,NA,0.0,0,-48.65,-43.69,[],0,0,[],[]
4069820,4071130,CHI,CHN,0.0,137,AICF,RC,1,TIFR,FI,1.0,1310,-23.06,-13.7,"[{'Canonical-syllable': '1', 'Growl': '1', 'High-freq-energy': '0', 'Long-island': '0', 'Low-tilt-spectrum': '1', 'Medium-island': '1', 'Short-island': '3', 'Squeal': '0', 'Typical-entropy': '1', 'Voicing-quality': '4', 'Wide-band': '0', 'Xlong-island': '0', 'seq': '1', 'end': 4071.13, 'start': 4069.82}]",0,0,[],[]
4071130,4072170,NA,MAF,0.0,137,AICF,NA,NA,NA,NA,0.0,0,-48.83,-37.93,[],0,0,[],[]
4072170,4073180,NA,TVF,0.0,137,AICF,NA,NA,NA,NA,0.0,0,-51.52,-47.5,[],0,0,[],[]
4073180,4074960,NA,MAF,0.0,137,AICF,NA,NA,NA,NA,0.0,0,-48.67,-37.58,[],0,0,[],[]
4074960,4076050,FEM,FAN,3.16,137,AICF,RC,1,TIFE,FI,0.0,0,-31.1,-20.09,[],0,0,[],[]
4076050,4077630,NA,TVF,0.0,137,AICF,NA,NA,NA,NA,0.0,0,-51.13,-46.04,[],0,0,[],[]
4077630,4079120,MAL,MAN,5.41,137,AICF,EC,1,NT,FI,0.0,0,-35.71,-26.28,[],0,0,[],[]
4079120,4081130,NA,TVF,0.0,138,pause,NA,NA,NA,NA,0.0,0,-52.08,-42.88,[],0,0,[],[]
4081130,4082130,NA,MAF,0.0,138,pause,NA,NA,NA,NA,0.0,0,-50.26,-44.15,[],0,0,[],[]
4082130,4084030,NA,TVF,0.0,138,pause,NA,NA,NA,NA,0.0,0,-51.98,-46.9,[],0,0,[],[]
4084030,4084840,NA,SIL,0.0,138,pause,NA,NA,NA,NA,0.0,0,-53.42,-48.82,[],0,0,[],[]
4084840,4086230,NA,TVF,0.0,138,pause,NA,NA,NA,NA,0.0,0,-52.69,-46.45,[],0,0,[],[]
4086230,4087030,NA,SIL,0.0,138,pause,NA,NA,NA,NA,0.0,0,-52.08,-49.12,[],0,0,[],[]
4087030,4089390,NA,TVF,0.0,138,pause,NA,NA,NA,NA,0.0,0,-51.82,-47.15,[],0,0,[],[]
4089390,4090180,CHI,CHN,0.0,138,CM,EC,0,NT,FI,1.0,790,-21.47,-14.22,"[{'Canonical-syllable': '0', 'Growl': '0', 'High-freq-energy': '0', 'Long-island': '0', 'Low-tilt-spectrum': '0', 'Medium-island': '1', 'Short-island': '1', 'Squeal': '0', 'Typical-entropy': '1', 'Voicing-quality': '2', 'Wide-band': '0', 'Xlong-island': '0', 'seq': '1', 'end': 4090.18, 'start': 4089.39}]",0,0,[],[]
4090180,4091180,NA,MAF,0.0,139,pause,NA,NA,NA,NA,0.0,0,-50.63,-39.84,[],0,0,[],[]
4091180,4094160,NA,TVF,0.0,139,pause,NA,NA,NA,NA,0.0,0,-51.42,-42.97,[],0,0,[],[]
4094160,4095730,NA,NOF,0.0,139,pause,NA,NA,NA,NA,0.0,0,-49.89,-40.86,[],0,0,[],[]
4095730,4098370,NA,SIL,0.0,139,pause,NA,NA,NA,NA,0.0,0,-58.92,-48.58,[],0,0,[],[]
4098370,4099370,FEM,FAN,3.42,139,AMF,EC,0,NT,FI,0.0,0,-43.17,-36.96,[],0,0,[],[]
4099370,4100170,NA,SIL,0.0,140,pause,NA,NA,NA,NA,0.0,0,-48.06,-42.8,[],0,0,[],[]
4100170,4100990,NA,NOF,0.0,140,pause,NA,NA,NA,NA,0.0,0,-49.14,-43.48,[],0,0,[],[]
4100990,4103300,NA,MAF,0.0,140,pause,NA,NA,NA,NA,0.0,0,-49.13,-45.17,[],0,0,[],[]
4103300,4104300,NA,TVF,0.0,140,pause,NA,NA,NA,NA,0.0,0,-47.95,-43.21,[],0,0,[],[]
4104300,4113950,NA,NON,0.0,140,pause,NA,NA,NA,NA,0.0,0,-50.49,-38.2,[],0,0,[],[]
4113950,4129880,NA,SIL,0.0,140,pause,NA,NA,NA,NA,0.0,0,-58.25,-43.5,[],0,0,[],[]
4129880,4131630,NA,TVF,0.0,140,pause,NA,NA,NA,NA,0.0,0,-36.31,-26.75,[],0,0,[],[]
4131630,4132230,CHI,CHN,0.0,140,CIC,BC,0,TIFI,FI,1.0,160,-28.01,-20.26,"[{'Canonical-syllable': '0', 'Growl': '0', 'High-freq-energy': '0', 'Long-island': '0', 'Low-tilt-spectrum': '0', 'Medium-island': '0', 'Short-island': '1', 'Squeal': '0', 'Typical-entropy': '0', 'Voicing-quality': '1', 'Wide-band': '1', 'Xlong-island': '0', 'seq': '1', 'end': 4132.23, 'start': 4132.07}]",0,0,[],[]
4132230,4133230,FEM,FAN,3.64,140,CIC,EC,1,TIFR,FI,0.0,0,-23.75,-17.42,[],0,0,[],[]
4133230,4138030,NA,NOF,0.0,141,pause,NA,NA,NA,NA,0.0,0,-51.16,-42.13,[],0,0,[],[]
4138030,4145860,NA,SIL,0.0,141,pause,NA,NA,NA,NA,0.0,0,-53.97,-36.68,[],0,0,[],[]
4145860,4146860,FEM,FAN,5.19,141,AICF,BC,0,TIFI,FI,0.0,0,-26.87,-17.62,[],0,0,[],[]
4146860,4147990,NA,SIL,0.0,141,AICF,NA,NA,NA,NA,0.0,0,-56.76,-50.72,[],0,0,[],[]
4147990,4149410,NA,NOF,0.0,141,AICF,NA,NA,NA,NA,0.0,0,-51.2,-44.12,[],0,0,[],[]
4149410,4152130,CHI,CHN,0.0,141,AICF,RC,1,TIFR,FI,2.0,2020,-20.18,-11.39,"[{'Canonical-syllable': '0', 'Growl': '0', 'High-freq-energy': '0', 'Long-island': '0', 'Low-tilt-spectrum': '1', 'Medium-island': '0', 'Short-island': '1', 'Squeal': '0', 'Typical-entropy': '1', 'Voicing-quality': '2', 'Wide-band': '1', 'Xlong-island': '0', 'seq': '1', 'end': 4149.83, 'start': 4149.41}, {'Canonical-syllable': '4', 'Growl': '0', 'High-freq-energy': '0', 'Long-island': '0', 'Low-tilt-spectrum': '4', 'Medium-island': '2', 'Short-island': '2', 'Squeal': '0', 'Typical-entropy': '4', 'Voicing-quality': '4', 'Wide-band': '0', 'Xlong-island': '0', 'seq': '2', 'end': 4151.87, 'start': 4150.27}]",0,0,[],[]
4152130,4152940,NA,SIL,0.0,141,AICF,NA,NA,NA,NA,0.0,0,-54.33,-50.2,[],0,0,[],[]
4152940,4155430,CHI,CHN,0.0,141,AICF,RC,1,NT,FH,1.0,1920,-20.62,-11.22,"[{'Canonical-syllable': '1', 'Growl': '0', 'High-freq-energy': '0', 'Long-island': '0', 'Low-tilt-spectrum': '2', 'Medium-island': '1', 'Short-island': '3', 'Squeal': '0', 'Typical-entropy': '2', 'Voicing-quality': '4', 'Wide-band': '0', 'Xlong-island': '0', 'seq': '1', 'end': 4154.86, 'start': 4153.17}]",0,0,[],[]
4155430,4157630,FEM,FAN,7.29,141,AICF,RC,1,TIFE,FI,0.0,0,-35.85,-28.9,[],0,0,[],[]
4157630,4158770,OCH,CXN,0.0,141,AICF,RC,1,NT,FI,0.0,0,-31.43,-21.31,[],0,0,[],[]
4158770,4159580,NA,SIL,0.0,141,AICF,NA,NA,NA,NA,0.0,0,-54.47,-51.0,[],0,0,[],[]
4159580,4160180,OCH,CXN,0.0,141,AICF,RC,1,NT,FH,0.0,0,-37.11,-30.55,[],0,0,[],[]
4160180,4161340,FEM,FAN,1.61,141,AICF,RC,1,NT,FI,0.0,0,-34.81,-28.35,[],0,0,[],[]
4161340,4162460,MAL,MAN,3.2,141,AICF,RC,1,NT,FI,0.0,0,-35.09,-27.95,[],0,0,[],[]
4162460,4163550,FEM,FAN,3.07,141,AICF,RC,1,NT,FI,0.0,0,-36.05,-28.39,[],0,0,[],[]
4163550,4165050,MAL,MAN,5.7,141,AICF,EC,1,NT,FI,0.0,0,-39.88,-28.19,[],0,0,[],[]
4165050,4168720,NA,SIL,0.0,142,pause,NA,NA,NA,NA,0.0,0,-55.1,-47.09,[],0,0,[],[]
4168720,4169810,NA,TVF,0.0,142,pause,NA,NA,NA,NA,0.0,0,-54.71,-51.29,[],0,0,[],[]
4169810,4170840,NA,SIL,0.0,142,pause,NA,NA,NA,NA,0.0,0,-54.55,-50.59,[],0,0,[],[]
4170840,4172430,NA,TVF,0.0,142,pause,NA,NA,NA,NA,0.0,0,-52.29,-42.58,[],0,0,[],[]
4172430,4174340,NA,SIL,0.0,142,pause,NA,NA,NA,NA,0.0,0,-55.95,-51.28,[],0,0,[],[]
4174340,4175040,CHI,CHN,0.0,142,CIC,BC,0,TIFI,FI,1.0,700,-22.78,-17.34,"[{'Canonical-syllable': '0', 'Growl': '0', 'High-freq-energy': '0', 'Long-island': '0', 'Low-tilt-spectrum': '1', 'Medium-island': '1', 'Short-island': '0', 'Squeal': '0', 'Typical-entropy': '2', 'Voicing-quality': '2', 'Wide-band': '0', 'Xlong-island': '0', 'seq': '1', 'end': 4175.04, 'start': 4174.52}]",0,0,[],[]
4175040,4176040,FEM,FAN,2.61,142,CIC,RC,1,TIFR,FI,0.0,0,-28.83,-17.36,[],0,0,[],[]
4176040,4177450,CHI,CHN,0.0,142,CIC,EC,1,TIFE,FI,1.0,1410,-28.36,-18.55,"[{'Canonical-syllable': '1', 'Growl': '1', 'High-freq-energy': '0', 'Long-island': '0', 'Low-tilt-spectrum': '0', 'Medium-island': '1', 'Short-island': '2', 'Squeal': '0', 'Typical-entropy': '0', 'Voicing-quality': '3', 'Wide-band': '0', 'Xlong-island': '0', 'seq': '1', 'end': 4177.45, 'start': 4176.21}]",0,0,[],[]
4177450,4178440,NA,SIL,0.0,143,pause,NA,NA,NA,NA,0.0,0,-54.91,-49.04,[],0,0,[],[]
4178440,4179500,NA,TVF,0.0,143,pause,NA,NA,NA,NA,0.0,0,-55.73,-51.69,[],0,0,[],[]
4179500,4180310,NA,SIL,0.0,143,pause,NA,NA,NA,NA,0.0,0,-53.09,-47.38,[],0,0,[],[]
4180310,4182940,NA,NOF,0.0,143,pause,NA,NA,NA,NA,0.0,0,-49.1,-42.14,[],0,0,[],[]
4182940,4184560,NA,TVF,0.0,143,pause,NA,NA,NA,NA,0.0,0,-53.5,-40.99,[],0,0,[],[]
4184560,4185360,NA,SIL,0.0,143,pause,NA,NA,NA,NA,0.0,0,-55.92,-51.97,[],0,0,[],[]
4185360,4186360,NA,TVF,0.0,143,pause,NA,NA,NA,NA,0.0,0,-55.94,-51.93,[],0,0,[],[]
4186360,4187230,NA,SIL,0.0,143,pause,NA,NA,NA,NA,0.0,0,-55.55,-50.95,[],0,0,[],[]
4187230,4188290,NA,TVF,0.0,143,pause,NA,NA,NA,NA,0.0,0,-54.74,-49.73,[],0,0,[],[]
4188290,4189180,NA,SIL,0.0,143,pause,NA,NA,NA,NA,0.0,0,-55.45,-51.69,[],0,0,[],[]
4189180,4190300,NA,TVF,0.0,143,pause,NA,NA,NA,NA,0.0,0,-55.41,-50.12,[],0,0,[],[]
4190300,4195310,NA,SIL,0.0,143,pause,NA,NA,NA,NA,0.0,0,-55.69,-50.99,[],0,0,[],[]
4195310,4196390,FEM,FAN,1.68,143,AICF,BC,0,NT,FI,0.0,0,-33.35,-28.21,[],0,0,[],[]
4196390,4197670,NA,TVF,0.0,143,AICF,NA,NA,NA,NA,0.0,0,-44.84,-34.01,[],0,0,[],[]
4197670,4200490,FEM,FAN,5.5,143,AICF,RC,0,NT,FH,0.0,0,-39.19,-31.16,[],0,0,[],[]
4200490,4202200,NA,SIL,0.0,143,AICF,NA,NA,NA,NA,0.0,0,-55.12,-47.17,[],0,0,[],[]
4202200,4204490,FEM,FAN,6.66,143,AICF,RC,0,TIFI,FH,0.0,0,-29.33,-18.96,[],0,0,[],[]
4204490,4205720,NA,SIL,0.0,143,AICF,NA,NA,NA,NA,0.0,0,-55.22,-42.26,[],0,0,[],[]
4205720,4206370,CHI,CHN,0.0,143,AICF,RC,1,TIFR,FI,1.0,570,-32.93,-23.73,"[{'Canonical-syllable': '0', 'Growl': '2', 'High-freq-energy': '0', 'Long-island': '0', 'Low-tilt-spectrum': '0', 'Medium-island': '0', 'Short-island': '0', 'Squeal': '0', 'Typical-entropy': '0', 'Voicing-quality': '2', 'Wide-band': '0', 'Xlong-island': '0', 'seq': '1', 'end': 4206.29, 'start': 4205.83}]",0,0,[],[]
4206370,4207910,NA,SIL,0.0,143,AICF,NA,NA,NA,NA,0.0,0,-55.62,-46.27,[],0,0,[],[]
4207910,4208920,CHI,CHN,0.0,143,AICF,RC,1,NT,FH,1.0,1010,-28.6,-22.92,"[{'Canonical-syllable': '1', 'Growl': '0', 'High-freq-energy': '0', 'Long-island': '0', 'Low-tilt-spectrum': '0', 'Medium-island': '1', 'Short-island': '1', 'Squeal': '0', 'Typical-entropy': '0', 'Voicing-quality': '3', 'Wide-band': '0', 'Xlong-island': '0', 'seq': '1', 'end': 4208.92, 'start': 4208.0}]",0,0,[],[]
4208920,4209750,NA,SIL,0.0,143,AICF,NA,NA,NA,NA,0.0,0,-52.97,-48.42,[],0,0,[],[]
4209750,4210350,CHI,CHN,0.0,143,AICF,RC,1,NT,FH,1.0,280,-18.65,-12.46,"[{'Canonical-syllable': '1', 'Growl': '0', 'High-freq-energy': '0', 'Long-island': '0', 'Low-tilt-spectrum': '0', 'Medium-island': '0', 'Short-island': '1', 'Squeal': '0', 'Typical-entropy': '0', 'Voicing-quality': '1', 'Wide-band': '0', 'Xlong-island': '0', 'seq': '1', 'end': 4210.35, 'start': 4210.07}]",0,0,[],[]
4210350,4211440,CHI,CHN,0.0,143,AICF,RC,1,NT,FH,2.0,530,-25.12,-13.62,"[{'Canonical-syllable': '0', 'Growl': '1', 'High-freq-energy': '0', 'Long-island': '0', 'Low-tilt-spectrum': '1', 'Medium-island': '0', 'Short-island': '0', 'Squeal': '0', 'Typical-entropy': '1', 'Voicing-quality': '1', 'Wide-band': '0', 'Xlong-island': '0', 'seq': '1', 'end': 4210.43, 'start': 4210.35}, {'Canonical-syllable': '1', 'Growl': '0', 'High-freq-energy': '0', 'Long-island': '0', 'Low-tilt-spectrum': '0', 'Medium-island': '0', 'Short-island': '2', 'Squeal': '0', 'Typical-entropy': '0', 'Voicing-quality': '2', 'Wide-band': '0', 'Xlong-island': '0', 'seq': '2', 'end': 4211.29, 'start': 4210.84}]",0,0,[],[]
4211440,4214130,CHI,CHN,0.0,143,AICF,RC,1,NT,FH,3.0,1810,-27.98,-16.6,"[{'Canonical-syllable': '0', 'Growl': '0', 'High-freq-energy': '0', 'Long-island': '1', 'Low-tilt-spectrum': '0', 'Medium-island': '0', 'Short-island': '0', 'Squeal': '0', 'Typical-entropy': '1', 'Voicing-quality': '1', 'Wide-band': '0', 'Xlong-island': '0', 'seq': '1', 'end': 4212.16, 'start': 4211.44}, {'Canonical-syllable': '0', 'Growl': '2', 'High-freq-energy': '0', 'Long-island': '0', 'Low-tilt-spectrum': '2', 'Medium-island': '1', 'Short-island': '1', 'Squeal': '0', 'Typical-entropy': '2', 'Voicing-quality': '2', 'Wide-band': '0', 'Xlong-island': '0', 'seq': '2', 'end': 4213.27, 'start': 4212.61}, {'Canonical-syllable': '0', 'Growl': '0', 'High-freq-energy': '0', 'Long-island': '0', 'Low-tilt-spectrum': '0', 'Medium-island': '1', 'Short-island': '0', 'Squeal': '0', 'Typical-entropy': '0', 'Voicing-quality': '1', 'Wide-band': '0', 'Xlong-island': '0', 'seq': '3', 'end': 4214.13, 'start': 4213.7}]",0,0,[],[]
4214130,4214940,NA,OLN,0.0,143,AICF,NA,NA,NA,NA,0.0,0,-32.79,-24.59,[],0,0,[],[]
4214940,4215760,CHI,CHN,0.0,143,AICF,RC,1,NT,FH,1.0,820,-20.47,-11.59,"[{'Canonical-syllable': '0', 'Growl': '0', 'High-freq-energy': '0', 'Long-island': '0', 'Low-tilt-spectrum': '1', 'Medium-island': '1', 'Short-island': '1', 'Squeal': '0', 'Typical-entropy': '3', 'Voicing-quality': '3', 'Wide-band': '0', 'Xlong-island': '0', 'seq': '1', 'end': 4215.76, 'start': 4214.94}]",0,0,[],[]
4215760,4216720,NA,FAF,0.0,143,AICF,NA,NA,NA,NA,0.0,0,-43.25,-28.33,[],0,0,[],[]
4216720,4217530,NA,OLN,0.0,143,AICF,NA,NA,NA,NA,0.0,0,-31.89,-21.25,[],0,0,[],[]
4217530,4218550,FEM,FAN,0.15,143,AICF,RC,1,TIFI,FI,0.0,0,-32.44,-25.49,[],0,0,[],[]
4218550,4219190,CHI,CHN,0.0,143,AICF,RC,2,TIFR,FI,1.0,420,-22.99,-12.15,"[{'Canonical-syllable': '0', 'Growl': '1', 'High-freq-energy': '0', 'Long-island': '0', 'Low-tilt-spectrum': '0', 'Medium-island': '1', 'Short-island': '0', 'Squeal': '0', 'Typical-entropy': '1', 'Voicing-quality': '1', 'Wide-band': '0', 'Xlong-island': '0', 'seq': '1', 'end': 4218.97, 'start': 4218.55}]",0,0,[],[]
4219190,4220220,MAL,MAN,7.21,143,AICF,RC,2,TIME,FI,0.0,0,-29.32,-17.68,[],0,0,[],[]
4220220,4221020,NA,NOF,0.0,143,AICF,NA,NA,NA,NA,0.0,0,-36.34,-27.77,[],0,0,[],[]
4221020,4221820,NA,OLN,0.0,143,AICF,NA,NA,NA,NA,0.0,0,-28.9,-18.64,[],0,0,[],[]
4221820,4222820,FEM,FAN,2.65,143,AICF,RC,2,NT,FI,0.0,0,-33.24,-26.43,[],0,0,[],[]
4222820,4223620,NA,NON,0.0,143,AICF,NA,NA,NA,NA,0.0,0,-19.29,-1.67,[],0,0,[],[]
4223620,4224710,FEM,FAN,2.93,143,AICF,RC,2,TIFI,FH,0.0,0,-32.97,-24.49,[],0,0,[],[]
4224710,4226020,CHI,CHN,0.0,143,AICF,RC,3,TIFR,FI,1.0,820,-22.09,-15.35,"[{'Canonical-syllable': '0', 'Growl': '0', 'High-freq-energy': '0', 'Long-island': '1', 'Low-tilt-spectrum': '0', 'Medium-island': '0', 'Short-island': '0', 'Squeal': '0', 'Typical-entropy': '1', 'Voicing-quality': '1', 'Wide-band': '0', 'Xlong-island': '0', 'seq': '1', 'end': 4226.02, 'start': 4225.2}]",0,0,[],[]
4226020,4227460,NA,NOF,0.0,143,AICF,NA,NA,NA,NA,0.0,0,-50.22,-37.6,[],0,0,[],[]
4227460,4228060,CHI,CHN,0.0,143,AICF,RC,3,NT,FH,1.0,600,-22.9,-17.17,"[{'Canonical-syllable': '0', 'Growl': '0', 'High-freq-energy': '0', 'Long-island': '0', 'Low-tilt-spectrum': '0', 'Medium-island': '1', 'Short-island': '0', 'Squeal': '0', 'Typical-entropy': '0', 'Voicing-quality': '1', 'Wide-band': '0', 'Xlong-island': '0', 'seq': '1', 'end': 4228.06, 'start': 4227.46}]",0,0,[],[]
4228060,4229060,FEM,FAN,4.64,143,AICF,RC,3,TIFI,FI,0.0,0,-26.1,-14.0,[],0,0,[],[]
4229060,4230370,NA,NOF,0.0,143,AICF,NA,NA,NA,NA,0.0,0,-44.44,-35.01,[],0,0,[],[]
4230370,4230970,CHI,CHN,0.0,143,AICF,RC,4,TIFR,FI,1.0,600,-19.87,-13.06,"[{'Canonical-syllable': '0', 'Growl': '0', 'High-freq-energy': '0', 'Long-island': '0', 'Low-tilt-spectrum': '1', 'Medium-island': '1', 'Short-island': '0', 'Squeal': '0', 'Typical-entropy': '1', 'Voicing-quality': '1', 'Wide-band': '0', 'Xlong-island': '0', 'seq': '1', 'end': 4230.97, 'start': 4230.37}]",0,0,[],[]
4230970,4232690,FEM,FAN,3.75,143,AICF,RC,4,TIFE,FI,0.0,0,-35.04,-18.33,[],0,0,[],[]
4232690,4233490,NA,SIL,0.0,143,AICF,NA,NA,NA,NA,0.0,0,-53.79,-48.81,[],0,0,[],[]
4233490,4234490,FEM,FAN,2.64,143,AICF,EC,4,NT,FH,0.0,0,-41.62,-35.67,[],0,0,[],[]
4234490,4235590,NA,SIL,0.0,144,pause,NA,NA,NA,NA,0.0,0,-55.25,-46.79,[],0,0,[],[]
4235590,4239530,NA,NOF,0.0,144,pause,NA,NA,NA,NA,0.0,0,-37.27,-25.27,[],0,0,[],[]
4239530,4241810,NA,OLN,0.0,144,pause,NA,NA,NA,NA,0.0,0,-25.93,-11.92,[],0,0,[],[]
4241810,4242660,NA,NOF,0.0,144,pause,NA,NA,NA,NA,0.0,0,-40.04,-23.07,[],0,0,[],[]
4242660,4243260,CHI,CHN,0.0,144,CM,EC,0,NT,FI,1.0,250,-38.66,-31.2,"[{'Canonical-syllable': '0', 'Growl': '0', 'High-freq-energy': '0', 'Long-island': '0', 'Low-tilt-spectrum': '1', 'Medium-island': '0', 'Short-island': '1', 'Squeal': '0', 'Typical-entropy': '0', 'Voicing-quality': '1', 'Wide-band': '0', 'Xlong-island': '0', 'seq': '1', 'end': 4242.91, 'start': 4242.66}]",0,0,[],[]
4243260,4246910,NA,NOF,0.0,145,pause,NA,NA,NA,NA,0.0,0,-37.33,-21.04,[],0,0,[],[]
4246910,4248360,NA,SIL,0.0,145,pause,NA,NA,NA,NA,0.0,0,-51.34,-46.65,[],0,0,[],[]
4248360,4249360,NA,FAF,0.0,145,pause,NA,NA,NA,NA,0.0,0,-45.19,-37.57,[],0,0,[],[]
4249360,4250200,NA,NOF,0.0,145,pause,NA,NA,NA,NA,0.0,0,-45.51,-31.91,[],0,0,[],[]
4250200,4251470,NA,OLN,0.0,145,pause,NA,NA,NA,NA,0.0,0,-14.15,-1.89,[],0,0,[],[]
4251470,4252220,CHI,CHN,0.0,145,pause,NA,NA,NA,NA,0.0,0,-17.12,-7.15,[],0,750,"[{'start': 4251.47, 'end': 4252.22}]",[]
4252220,4253070,NA,NON,0.0,145,pause,NA,NA,NA,NA,0.0,0,-22.95,-9.35,[],0,0,[],[]
4253070,4253870,NA,OLN,0.0,145,pause,NA,NA,NA,NA,0.0,0,-34.2,-24.79,[],0,0,[],[]
4253870,4256460,CHI,CHN,0.0,145,pause,NA,NA,NA,NA,0.0,0,-17.18,-8.35,[],0,2490,"[{'start': 4253.97, 'end': 4256.46}]",[]
4256460,4257960,FEM,FAN,3.92,145,AICF,BC,0,TIFI,FI,0.0,0,-35.79,-27.73,[],0,0,[],[]
4257960,4258760,NA,SIL,0.0,145,AICF,NA,NA,NA,NA,0.0,0,-53.12,-46.12,[],0,0,[],[]
4258760,4259770,CHI,CHN,0.0,145,AICF,EC,1,TIFR,FI,1.0,750,-24.23,-15.24,"[{'Canonical-syllable': '2', 'Growl': '0', 'High-freq-energy': '0', 'Long-island': '0', 'Low-tilt-spectrum': '1', 'Medium-island': '2', 'Short-island': '0', 'Squeal': '0', 'Typical-entropy': '2', 'Voicing-quality': '2', 'Wide-band': '0', 'Xlong-island': '0', 'seq': '1', 'end': 4259.51, 'start': 4258.76}]",0,0,[],[]
4259770,4260690,CHI,CHN,0.0,146,pause,NA,NA,NA,NA,0.0,0,-12.96,-3.7,[],0,920,"[{'start': 4259.77, 'end': 4260.69}]",[]
4260690,4262100,NA,OLN,0.0,146,pause,NA,NA,NA,NA,0.0,0,-20.39,-8.68,[],0,0,[],[]
4262100,4262950,NA,NON,0.0,146,pause,NA,NA,NA,NA,0.0,0,-27.62,-20.23,[],0,0,[],[]
4262950,4263810,NA,OLN,0.0,146,pause,NA,NA,NA,NA,0.0,0,-33.77,-27.69,[],0,0,[],[]
4263810,4265630,NA,NOF,0.0,146,pause,NA,NA,NA,NA,0.0,0,-25.01,-9.21,[],0,0,[],[]
4265630,4266430,NA,OLN,0.0,146,pause,NA,NA,NA,NA,0.0,0,-39.86,-35.73,[],0,0,[],[]
4266430,4267640,NA,NOF,0.0,146,pause,NA,NA,NA,NA,0.0,0,-35.79,-24.25,[],0,0,[],[]
4267640,4269540,CHI,CHN,0.0,146,pause,NA,NA,NA,NA,0.0,0,-16.97,-10.54,[],0,1900,"[{'start': 4267.64, 'end': 4269.54}]",[]
4269540,4270470,NA,NOF,0.0,146,pause,NA,NA,NA,NA,0.0,0,-43.31,-36.86,[],0,0,[],[]
4270470,4271070,CHI,CHN,0.0,146,pause,NA,NA,NA,NA,0.0,0,-19.07,-11.62,[],0,290,"[{'start': 4270.78, 'end': 4271.07}]",[]
4271070,4271870,NA,OLN,0.0,146,pause,NA,NA,NA,NA,0.0,0,-33.09,-21.86,[],0,0,[],[]
4271870,4273430,CHI,CHN,0.0,146,CM,BC,0,NT,FI,2.0,1250,-17.04,-8.43,"[{'Canonical-syllable': '0', 'Growl': '0', 'High-freq-energy': '0', 'Long-island': '0', 'Low-tilt-spectrum': '1', 'Medium-island': '1', 'Short-island': '0', 'Squeal': '0', 'Typical-entropy': '1', 'Voicing-quality': '1', 'Wide-band': '0', 'Xlong-island': '0', 'seq': '1', 'end': 4272.37, 'start': 4271.87}, {'Canonical-syllable': '1', 'Growl': '0', 'High-freq-energy': '0', 'Long-island': '0', 'Low-tilt-spectrum': '2', 'Medium-island': '2', 'Short-island': '0', 'Squeal': '0', 'Typical-entropy': '2', 'Voicing-quality': '2', 'Wide-band': '0', 'Xlong-island': '0', 'seq': '2', 'end': 4273.43, 'start': 4272.68}]",0,0,[],[]
4273430,4274310,NA,NOF,0.0,146,CM,NA,NA,NA,NA,0.0,0,-37.03,-21.99,[],0,0,[],[]
4274310,4276280,NA,SIL,0.0,146,CM,NA,NA,NA,NA,0.0,0,-56.88,-51.19,[],0,0,[],[]
4276280,4278330,CHI,CHN,0.0,146,CM,EC,0,NT,FH,1.0,1670,-23.15,-15.62,"[{'Canonical-syllable': '2', 'Growl': '0', 'High-freq-energy': '0', 'Long-island': '0', 'Low-tilt-spectrum': '1', 'Medium-island': '1', 'Short-island': '3', 'Squeal': '0', 'Typical-entropy': '2', 'Voicing-quality': '4', 'Wide-band': '0', 'Xlong-island': '0', 'seq': '1', 'end': 4277.95, 'start': 4276.43}]",0,0,[],[]
4278330,4279460,NA,NOF,0.0,147,pause,NA,NA,NA,NA,0.0,0,-38.77,-29.12,[],0,0,[],[]
4279460,4280360,NA,OLN,0.0,147,pause,NA,NA,NA,NA,0.0,0,-21.14,-11.56,[],0,0,[],[]
4280360,4281120,CHI,CHN,0.0,147,pause,NA,NA,NA,NA,0.0,0,-16.65,-5.46,[],0,690,"[{'start': 4280.36, 'end': 4281.05}]",[]
4281120,4282080,NA,OLN,0.0,147,pause,NA,NA,NA,NA,0.0,0,-22.17,-14.16,[],0,0,[],[]
4282080,4285270,NA,NOF,0.0,147,pause,NA,NA,NA,NA,0.0,0,-43.92,-32.09,[],0,0,[],[]
4285270,4286150,NA,SIL,0.0,147,pause,NA,NA,NA,NA,0.0,0,-57.0,-50.26,[],0,0,[],[]
4286150,4286950,NA,FAF,0.0,147,pause,NA,NA,NA,NA,0.0,0,-54.87,-49.23,[],0,0,[],[]
4286950,4294200,NA,SIL,0.0,147,pause,NA,NA,NA,NA,0.0,0,-56.38,-49.39,[],0,0,[],[]
4294200,4295380,NA,NOF,0.0,147,pause,NA,NA,NA,NA,0.0,0,-46.61,-30.74,[],0,0,[],[]
4295380,4299920,NA,SIL,0.0,147,pause,NA,NA,NA,NA,0.0,0,-52.85,-39.15,[],0,0,[],[]
4299920,4300850,NA,NOF,0.0,147,pause,NA,NA,NA,NA,0.0,0,-52.97,-46.03,[],0,0,[],[]
4300850,4308080,NA,SIL,0.0,147,pause,NA,NA,NA,NA,0.0,0,-54.0,-37.37,[],0,0,[],[]
4308080,4309110,NA,NOF,0.0,147,pause,NA,NA,NA,NA,0.0,0,-46.96,-35.0,[],0,0,[],[]
4309110,4310730,CHI,CHN,0.0,147,CM,BC,0,NT,FI,1.0,1390,-18.17,-11.46,"[{'Canonical-syllable': '1', 'Growl': '0', 'High-freq-energy': '0', 'Long-island': '0', 'Low-tilt-spectrum': '1', 'Medium-island': '2', 'Short-island': '0', 'Squeal': '0', 'Typical-entropy': '1', 'Voicing-quality': '2', 'Wide-band': '0', 'Xlong-island': '0', 'seq': '1', 'end': 4310.5, 'start': 4309.11}]",0,0,[],[]
4310730,4312310,NA,SIL,0.0,147,CM,NA,NA,NA,NA,0.0,0,-56.51,-50.75,[],0,0,[],[]
4312310,4313880,CHI,CHN,0.0,147,CM,EC,0,NT,FH,1.0,1570,-21.23,-15.91,"[{'Canonical-syllable': '0', 'Growl': '0', 'High-freq-energy': '0', 'Long-island': '2', 'Low-tilt-spectrum': '0', 'Medium-island': '0', 'Short-island': '0', 'Squeal': '0', 'Typical-entropy': '0', 'Voicing-quality': '2', 'Wide-band': '0', 'Xlong-island': '0', 'seq': '1', 'end': 4313.88, 'start': 4312.41}]",0,0,[],[]
4313880,4321360,NA,SIL,0.0,148,pause,NA,NA,NA,NA,0.0,0,-51.99,-30.63,[],0,0,[],[]
4321360,4321960,CHI,CHN,0.0,148,CIC,BC,0,TIFI,FI,1.0,600,-19.58,-14.49,"[{'Canonical-syllable': '1', 'Growl': '0', 'High-freq-energy': '0', 'Long-island': '0', 'Low-tilt-spectrum': '0', 'Medium-island': '1', 'Short-island': '0', 'Squeal': '0', 'Typical-entropy': '0', 'Voicing-quality': '1', 'Wide-band': '0', 'Xlong-island': '0', 'seq': '1', 'end': 4321.96, 'start': 4321.49}]",0,0,[],[]
4321960,4322760,FEM,FAN,4.01,148,CIC,EC,1,TIFR,FI,0.0,0,-25.76,-15.15,[],0,0,[],[]
4322760,4324620,NA,SIL,0.0,149,pause,NA,NA,NA,NA,0.0,0,-54.17,-44.51,[],0,0,[],[]
4324620,4329520,NA,NOF,0.0,149,pause,NA,NA,NA,NA,0.0,0,-46.6,-26.19,[],0,0,[],[]
4329520,4337800,NA,SIL,0.0,149,pause,NA,NA,NA,NA,0.0,0,-56.16,-38.4,[],0,0,[],[]
4337800,4340760,NA,NOF,0.0,149,pause,NA,NA,NA,NA,0.0,0,-26.47,-7.72,[],0,0,[],[]
4340760,4341770,CHI,CHN,0.0,149,CIOCX,BC,0,NT,FI,1.0,890,-16.09,-7.62,"[{'Canonical-syllable': '0', 'Growl': '0', 'High-freq-energy': '0', 'Long-island': '1', 'Low-tilt-spectrum': '0', 'Medium-island': '0', 'Short-island': '0', 'Squeal': '1', 'Typical-entropy': '0', 'Voicing-quality': '1', 'Wide-band': '0', 'Xlong-island': '0', 'seq': '1', 'end': 4341.65, 'start': 4340.76}]",0,0,[],[]
4341770,4342370,OCH,CXN,0.0,149,CIOCX,RC,0,NT,FI,0.0,0,-16.76,-7.84,[],0,0,[],[]
4342370,4343990,NA,OLN,0.0,149,CIOCX,NA,NA,NA,NA,0.0,0,-19.95,-7.13,[],0,0,[],[]
4343990,4346400,CHI,CHN,0.0,149,CIOCX,RC,0,NT,FI,1.0,2410,-15.47,-6.13,"[{'Canonical-syllable': '2', 'Growl': '1', 'High-freq-energy': '0', 'Long-island': '0', 'Low-tilt-spectrum': '1', 'Medium-island': '3', 'Short-island': '3', 'Squeal': '2', 'Typical-entropy': '5', 'Voicing-quality': '5', 'Wide-band': '0', 'Xlong-island': '0', 'seq': '1', 'end': 4346.4, 'start': 4343.99}]",0,0,[],[]
4346400,4347200,NA,NOF,0.0,149,CIOCX,NA,NA,NA,NA,0.0,0,-38.54,-26.92,[],0,0,[],[]
4347200,4348270,OCH,CXN,0.0,149,CIOCX,EC,0,NT,FI,0.0,0,-35.92,-27.64,[],0,0,[],[]
4348270,4349080,NA,NOF,0.0,150,pause,NA,NA,NA,NA,0.0,0,-26.68,-9.93,[],0,0,[],[]
4349080,4349900,NA,OLF,0.0,150,pause,NA,NA,NA,NA,0.0,0,-15.96,-4.09,[],0,0,[],[]
4349900,4350720,NA,NON,0.0,150,pause,NA,NA,NA,NA,0.0,0,-25.46,-9.34,[],0,0,[],[]
4350720,4351470,CHI,CHN,0.0,150,pause,NA,NA,NA,NA,0.0,0,-16.95,-10.83,[],0,590,"[{'start': 4350.88, 'end': 4351.47}]",[]
4351470,4352300,NA,OLN,0.0,150,pause,NA,NA,NA,NA,0.0,0,-28.58,-22.08,[],0,0,[],[]
4352300,4352900,CHI,CHN,0.0,150,pause,NA,NA,NA,NA,0.0,0,-17.23,-11.2,[],0,320,"[{'start': 4352.58, 'end': 4352.9}]",[]
4352900,4353720,NA,OLN,0.0,150,pause,NA,NA,NA,NA,0.0,0,-22.77,-14.36,[],0,0,[],[]
4353720,4354790,CHI,CHN,0.0,150,pause,NA,NA,NA,NA,0.0,0,-16.74,-11.26,[],0,1070,"[{'start': 4353.72, 'end': 4354.79}]",[]
4354790,4355590,NA,OLN,0.0,150,pause,NA,NA,NA,NA,0.0,0,-23.85,-12.69,[],0,0,[],[]
4355590,4356200,OCH,CXN,0.0,150,XM,EC,0,NT,FI,0.0,0,-41.95,-33.78,[],0,0,[],[]
4356200,4357790,NA,NON,0.0,151,pause,NA,NA,NA,NA,0.0,0,-33.68,-23.23,[],0,0,[],[]
4357790,4358590,NA,OLN,0.0,151,pause,NA,NA,NA,NA,0.0,0,-25.18,-13.89,[],0,0,[],[]
4358590,4359520,NA,NOF,0.0,151,pause,NA,NA,NA,NA,0.0,0,-15.29,-4.58,[],0,0,[],[]
4359520,4361330,NA,OLN,0.0,151,pause,NA,NA,NA,NA,0.0,0,-32.38,-23.25,[],0,0,[],[]
4361330,4362420,NA,FAF,0.0,151,pause,NA,NA,NA,NA,0.0,0,-37.74,-31.23,[],0,0,[],[]
4362420,4363220,NA,OLF,0.0,151,pause,NA,NA,NA,NA,0.0,0,-37.99,-27.92,[],0,0,[],[]
4363220,4363820,CHI,CHN,0.0,151,CM,EC,0,NT,FI,1.0,430,-21.06,-13.31,"[{'Canonical-syllable': '1', 'Growl': '0', 'High-freq-energy': '0', 'Long-island': '0', 'Low-tilt-spectrum': '1', 'Medium-island': '1', 'Short-island': '0', 'Squeal': '0', 'Typical-entropy': '1', 'Voicing-quality': '1', 'Wide-band': '0', 'Xlong-island': '0', 'seq': '1', 'end': 4363.65, 'start': 4363.22}]",0,0,[],[]
4363820,4368710,NA,NOF,0.0,152,pause,NA,NA,NA,NA,0.0,0,-28.63,-7.26,[],0,0,[],[]
4368710,4370410,NA,SIL,0.0,152,pause,NA,NA,NA,NA,0.0,0,-52.39,-46.97,[],0,0,[],[]
4370410,4371270,NA,NOF,0.0,152,pause,NA,NA,NA,NA,0.0,0,-47.73,-38.42,[],0,0,[],[]
4371270,4373070,FEM,FAN,7.63,152,AMF,BC,0,NT,FI,0.0,0,-33.92,-26.63,[],0,0,[],[]
4373070,4374660,NA,SIL,0.0,152,AMF,NA,NA,NA,NA,0.0,0,-53.94,-45.37,[],0,0,[],[]
4374660,4376860,NA,NOF,0.0,152,AMF,NA,NA,NA,NA,0.0,0,-44.5,-31.53,[],0,0,[],[]
4376860,4378000,FEM,FAN,2.8,152,AMF,RC,0,NT,FH,0.0,0,-37.43,-27.9,[],0,0,[],[]
4378000,4378900,NA,SIL,0.0,152,AMF,NA,NA,NA,NA,0.0,0,-53.8,-48.75,[],0,0,[],[]
4378900,4383370,FEM,FAN,15.52,152,AMF,RC,0,NT,FH,0.0,0,-35.05,-27.21,[],0,0,[],[]
4383370,4384170,NA,SIL,0.0,152,AMF,NA,NA,NA,NA,0.0,0,-46.58,-37.84,[],0,0,[],[]
4384170,4387970,FEM,FAN,14.19,152,AMF,RC,0,NT,FH,0.0,0,-36.18,-28.22,[],0,0,[],[]
4387970,4388590,NA,FAF,0.0,152,AMF,NA,NA,NA,NA,0.0,0,-37.5,-32.28,[],0,0,[],[]
4388590,4389630,NA,OLN,0.0,152,AMF,NA,NA,NA,NA,0.0,0,-32.95,-20.91,[],0,0,[],[]
4389630,4391120,FEM,FAN,7.38,152,AMF,RC,0,NT,FH,0.0,0,-38.98,-31.94,[],0,0,[],[]
4391120,4392630,NA,NOF,0.0,152,AMF,NA,NA,NA,NA,0.0,0,-50.16,-40.44,[],0,0,[],[]
4392630,4393630,FEM,FAN,1.39,152,AMF,RC,0,NT,FH,0.0,0,-39.57,-32.68,[],0,0,[],[]
4393630,4394500,FEM,FAN,5.81,152,AMF,RC,0,NT,FH,0.0,0,-38.39,-33.1,[],0,0,[],[]
4394500,4396140,FEM,FAN,8.24,152,AMF,RC,0,NT,FH,0.0,0,-25.54,-18.99,[],0,0,[],[]
4396140,4396940,NA,NON,0.0,152,AMF,NA,NA,NA,NA,0.0,0,-41.94,-33.7,[],0,0,[],[]
4396940,4397740,FEM,FAN,0.0,152,AMF,NA,NA,NA,NA,0.0,0,-35.98,-31.67,[],800,0,[],[]
4397740,4398540,NA,NOF,0.0,152,AMF,NA,NA,NA,NA,0.0,0,-45.44,-38.07,[],0,0,[],[]
4398540,4400140,FEM,FAN,5.66,152,AMF,RC,0,NT,FH,0.0,0,-36.14,-29.58,[],0,0,[],[]
4400140,4400740,FEM,FAN,0.0,152,AMF,NA,NA,NA,NA,0.0,0,-34.96,-30.05,[],600,0,[],[]
4400740,4401910,NA,FAF,0.0,152,AMF,NA,NA,NA,NA,0.0,0,-40.76,-32.36,[],0,0,[],[]
4401910,4404720,NA,SIL,0.0,152,AMF,NA,NA,NA,NA,0.0,0,-47.01,-24.49,[],0,0,[],[]
4404720,4407390,FEM,FAN,9.9,152,AMF,EC,0,NT,FH,0.0,0,-35.66,-26.76,[],0,0,[],[]
4407390,4408190,NA,SIL,0.0,153,pause,NA,NA,NA,NA,0.0,0,-49.71,-35.68,[],0,0,[],[]
4408190,4408790,NA,CXF,0.0,153,pause,NA,NA,NA,NA,0.0,0,-41.87,-35.86,[],0,0,[],[]
4408790,4412230,NA,NOF,0.0,153,pause,NA,NA,NA,NA,0.0,0,-42.85,-32.27,[],0,0,[],[]
4412230,4413240,NA,SIL,0.0,153,pause,NA,NA,NA,NA,0.0,0,-52.45,-46.06,[],0,0,[],[]
4413240,4413840,CHI,CHN,0.0,153,CIC,BC,0,TIFI,FI,1.0,600,-21.46,-15.7,"[{'Canonical-syllable': '1', 'Growl': '0', 'High-freq-energy': '0', 'Long-island': '0', 'Low-tilt-spectrum': '0', 'Medium-island': '1', 'Short-island': '0', 'Squeal': '0', 'Typical-entropy': '0', 'Voicing-quality': '1', 'Wide-band': '0', 'Xlong-island': '0', 'seq': '1', 'end': 4413.84, 'start': 4413.43}]",0,0,[],[]
4413840,4417960,FEM,FAN,13.41,153,CIC,RC,1,TIFR,FI,0.0,0,-32.06,-15.96,[],0,0,[],[]
4417960,4420380,CHI,CHN,0.0,153,CIC,RC,1,TIFI,FI,2.0,2009,-19.4,-13.33,"[{'Canonical-syllable': '0', 'Growl': '0', 'High-freq-energy': '0', 'Long-island': '0', 'Low-tilt-spectrum': '0', 'Medium-island': '1', 'Short-island': '0', 'Squeal': '0', 'Typical-entropy': '0', 'Voicing-quality': '1', 'Wide-band': '0', 'Xlong-island': '0', 'seq': '1', 'end': 4418.32, 'start': 4417.96}, {'Canonical-syllable': '0', 'Growl': '0', 'High-freq-energy': '0', 'Long-island': '0', 'Low-tilt-spectrum': '0', 'Medium-island': '0', 'Short-island': '0', 'Squeal': '0', 'Typical-entropy': '0', 'Voicing-quality': '1', 'Wide-band': '0', 'Xlong-island': '1', 'seq': '2', 'end': 4420.3, 'start': 4418.65}]",0,0,[],[]
4420380,4421250,NA,SIL,0.0,153,CIC,NA,NA,NA,NA,0.0,0,-54.39,-48.58,[],0,0,[],[]
4421250,4422500,FEM,FAN,7.08,153,CIC,RC,2,TIFR,FI,0.0,0,-33.65,-28.34,[],0,0,[],[]
4422500,4423100,FEM,FAN,5.79,153,CIC,RC,2,NT,FH,0.0,0,-37.09,-32.36,[],0,0,[],[]
4423100,4426420,FEM,FAN,12.26,153,CIC,RC,2,NT,FH,0.0,0,-37.06,-28.63,[],0,0,[],[]
4426420,4427740,NA,SIL,0.0,153,CIC,NA,NA,NA,NA,0.0,0,-54.4,-47.13,[],0,0,[],[]
4427740,4428660,NA,TVF,0.0,153,CIC,NA,NA,NA,NA,0.0,0,-52.17,-45.41,[],0,0,[],[]
4428660,4429970,MAL,MAN,5.04,153,CIC,RC,2,NT,FI,0.0,0,-33.98,-22.87,[],0,0,[],[]
4429970,4431280,FEM,FAN,4.62,153,CIC,RC,2,NT,FI,0.0,0,-31.21,-21.63,[],0,0,[],[]
4431280,4432080,NA,SIL,0.0,153,CIC,NA,NA,NA,NA,0.0,0,-53.65,-39.83,[],0,0,[],[]
4432080,4436680,FEM,FAN,17.41,153,CIC,RC,2,NT,FH,0.0,0,-33.29,-24.8,[],0,0,[],[]
4436680,4437480,NA,SIL,0.0,153,CIC,NA,NA,NA,NA,0.0,0,-45.73,-36.61,[],0,0,[],[]
4437480,4439930,FEM,FAN,7.53,153,CIC,RC,2,NT,FH,0.0,0,-35.33,-27.89,[],0,0,[],[]
4439930,4441150,NA,SIL,0.0,153,CIC,NA,NA,NA,NA,0.0,0,-56.11,-46.99,[],0,0,[],[]
4441150,4442520,FEM,FAN,3.8,153,CIC,RC,2,NT,FH,0.0,0,-33.86,-27.53,[],0,0,[],[]
4442520,4443320,NA,OLF,0.0,153,CIC,NA,NA,NA,NA,0.0,0,-40.81,-34.62,[],0,0,[],[]
4443320,4444840,FEM,FAN,4.38,153,CIC,RC,2,NT,FH,0.0,0,-38.78,-31.23,[],0,0,[],[]
4444840,4445680,CHI,CHN,0.0,153,CIC,RC,2,TIFI,FI,1.0,840,-22.68,-18.95,"[{'Canonical-syllable': '1', 'Growl': '0', 'High-freq-energy': '0', 'Long-island': '0', 'Low-tilt-spectrum': '0', 'Medium-island': '2', 'Short-island': '0', 'Squeal': '0', 'Typical-entropy': '0', 'Voicing-quality': '2', 'Wide-band': '0', 'Xlong-island': '0', 'seq': '1', 'end': 4445.68, 'start': 4444.84}]",0,0,[],[]
4445680,4447030,NA,NOF,0.0,153,CIC,NA,NA,NA,NA,0.0,0,-46.17,-36.49,[],0,0,[],[]
4447030,4450330,FEM,FAN,5.68,153,CIC,RC,3,TIFR,FI,0.0,0,-37.64,-26.3,[],0,0,[],[]
4450330,4451350,MAL,MAN,1.52,153,CIC,RC,3,NT,FI,0.0,0,-38.92,-31.26,[],0,0,[],[]
4451350,4452170,NA,SIL,0.0,153,CIC,NA,NA,NA,NA,0.0,0,-47.72,-36.16,[],0,0,[],[]
4452170,4454630,FEM,FAN,4.51,153,CIC,RC,3,NT,FI,0.0,0,-38.23,-31.45,[],0,0,[],[]
4454630,4455430,NA,SIL,0.0,153,CIC,NA,NA,NA,NA,0.0,0,-48.06,-39.81,[],0,0,[],[]
4455430,4458560,FEM,FAN,11.37,153,CIC,RC,3,NT,FH,0.0,0,-37.71,-31.16,[],0,0,[],[]
4458560,4459200,FEM,FAN,0.0,153,CIC,NA,NA,NA,NA,0.0,0,-38.68,-33.12,[],640,0,[],[]
4459200,4460220,FEM,FAN,0.0,153,CIC,NA,NA,NA,NA,0.0,0,-39.07,-33.44,[],1020,0,[],[]
4460220,4462270,NA,SIL,0.0,153,CIC,NA,NA,NA,NA,0.0,0,-53.15,-37.25,[],0,0,[],[]
4462270,4465820,FEM,FAN,13.58,153,CIC,RC,3,NT,FH,0.0,0,-33.48,-17.15,[],0,0,[],[]
4465820,4466820,NA,TVN,0.0,153,CIC,NA,NA,NA,NA,0.0,0,-42.98,-34.94,[],0,0,[],[]
4466820,4467620,NA,SIL,0.0,153,CIC,NA,NA,NA,NA,0.0,0,-48.99,-41.35,[],0,0,[],[]
4467620,4468620,FEM,FAN,3.81,153,CIC,RC,3,NT,FH,0.0,0,-35.3,-27.18,[],0,0,[],[]
4468620,4469620,MAL,MAN,4.34,153,CIC,RC,3,NT,FI,0.0,0,-39.01,-31.89,[],0,0,[],[]
4469620,4470620,FEM,FAN,5.45,153,CIC,RC,3,NT,FI,0.0,0,-35.12,-30.13,[],0,0,[],[]
4470620,4471420,NA,SIL,0.0,153,CIC,NA,NA,NA,NA,0.0,0,-50.08,-37.43,[],0,0,[],[]
4471420,4472440,FEM,FAN,1.36,153,CIC,RC,3,NT,FH,0.0,0,-38.61,-30.79,[],0,0,[],[]
4472440,4473040,NA,CHF,0.0,153,CIC,RC,3,TIFE,FI,1.0,200,-44.09,-35.05,"[{'Canonical-syllable': '0', 'Growl': '1', 'High-freq-energy': '0', 'Long-island': '0', 'Low-tilt-spectrum': '1', 'Medium-island': '0', 'Short-island': '1', 'Squeal': '0', 'Typical-entropy': '0', 'Voicing-quality': '0', 'Wide-band': '1', 'Xlong-island': '0', 'seq': '1', 'end': 4473.04, 'start': 4472.84}]",0,0,[],[]
4473040,4473840,OCH,CXN,0.0,153,CIC,RC,3,NT,FI,0.0,0,-36.24,-31.95,[],0,0,[],[]
4473840,4475060,FEM,FAN,0.01,153,CIC,RC,3,NT,FI,0.0,0,-26.15,-15.14,[],0,0,[],[]
4475060,4476040,OCH,CXN,0.0,153,CIC,RC,3,NT,FI,0.0,0,-41.44,-34.52,[],0,0,[],[]
4476040,4476890,NA,NOF,0.0,153,CIC,NA,NA,NA,NA,0.0,0,-50.2,-42.14,[],0,0,[],[]
4476890,4478870,CHI,CHN,0.0,153,CIC,RC,3,TIFI,FI,1.0,1430,-22.22,-15.3,"[{'Canonical-syllable': '1', 'Growl': '0', 'High-freq-energy': '0', 'Long-island': '1', 'Low-tilt-spectrum': '0', 'Medium-island': '1', 'Short-island': '1', 'Squeal': '0', 'Typical-entropy': '0', 'Voicing-quality': '3', 'Wide-band': '0', 'Xlong-island': '0', 'seq': '1', 'end': 4478.32, 'start': 4476.89}]",0,0,[],[]
4478870,4479930,NA,SIL,0.0,153,CIC,NA,NA,NA,NA,0.0,0,-50.3,-40.91,[],0,0,[],[]
4479930,4482790,FEM,FAN,9.97,153,CIC,RC,4,TIFR,FI,0.0,0,-33.63,-25.08,[],0,0,[],[]
4482790,4483860,NA,SIL,0.0,153,CIC,NA,NA,NA,NA,0.0,0,-52.23,-46.21,[],0,0,[],[]
4483860,4486820,FEM,FAN,12.93,153,CIC,RC,4,NT,FH,0.0,0,-26.98,-19.99,[],0,0,[],[]
4486820,4487820,NA,TVN,0.0,153,CIC,NA,NA,NA,NA,0.0,0,-38.46,-25.97,[],0,0,[],[]
4487820,4488820,MAL,MAN,11.52,153,CIC,RC,4,NT,FI,0.0,0,-30.59,-23.19,[],0,0,[],[]
4488820,4489820,NA,TVN,0.0,153,CIC,NA,NA,NA,NA,0.0,0,-38.72,-29.64,[],0,0,[],[]
4489820,4491140,NA,SIL,0.0,153,CIC,NA,NA,NA,NA,0.0,0,-55.61,-49.64,[],0,0,[],[]
4491140,4497440,FEM,FAN,20.32,153,CIC,RC,4,NT,FI,0.0,0,-29.05,-5.23,[],0,0,[],[]
4497440,4499320,NA,SIL,0.0,153,CIC,NA,NA,NA,NA,0.0,0,-51.39,-37.87,[],0,0,[],[]
4499320,4500400,NA,TVF,0.0,153,CIC,NA,NA,NA,NA,0.0,0,-53.72,-50.26,[],0,0,[],[]
4500400,4501830,FEM,FAN,3.58,153,CIC,RC,4,NT,FH,0.0,0,-34.0,-28.54,[],0,0,[],[]
4501830,4502690,NA,NOF,0.0,153,CIC,NA,NA,NA,NA,0.0,0,-43.2,-34.38,[],0,0,[],[]
4502690,4503690,NA,FAF,0.0,153,CIC,NA,NA,NA,NA,0.0,0,-40.65,-36.21,[],0,0,[],[]
4503690,4504530,NA,NOF,0.0,153,CIC,NA,NA,NA,NA,0.0,0,-50.77,-37.75,[],0,0,[],[]
4504530,4508190,FEM,FAN,10.63,153,CIC,RC,4,NT,FH,0.0,0,-39.41,-30.04,[],0,0,[],[]
4508190,4509060,NA,NON,0.0,153,CIC,NA,NA,NA,NA,0.0,0,-36.06,-28.75,[],0,0,[],[]
4509060,4510150,NA,OLN,0.0,153,CIC,NA,NA,NA,NA,0.0,0,-31.37,-26.07,[],0,0,[],[]
4510150,4514140,FEM,FAN,13.11,153,CIC,RC,4,NT,FH,0.0,0,-36.66,-29.0,[],0,0,[],[]
4514140,4514950,NA,SIL,0.0,153,CIC,NA,NA,NA,NA,0.0,0,-48.05,-39.07,[],0,0,[],[]
4514950,4516400,NA,NOF,0.0,153,CIC,NA,NA,NA,NA,0.0,0,-45.45,-39.54,[],0,0,[],[]
4516400,4522460,FEM,FAN,20.83,153,CIC,RC,4,NT,FH,0.0,0,-38.23,-30.26,[],0,0,[],[]
4522460,4523340,NA,SIL,0.0,153,CIC,NA,NA,NA,NA,0.0,0,-53.52,-44.37,[],0,0,[],[]
4523340,4524710,FEM,FAN,4.21,153,CIC,RC,4,NT,FH,0.0,0,-39.54,-33.65,[],0,0,[],[]
4524710,4526250,MAL,MAN,6.77,153,CIC,EC,4,NT,FI,0.0,0,-41.83,-35.59,[],0,0,[],[]
4526250,4527050,NA,SIL,0.0,154,pause,NA,NA,NA,NA,0.0,0,-50.3,-38.81,[],0,0,[],[]
4527050,4527870,NA,OLN,0.0,154,pause,NA,NA,NA,NA,0.0,0,-26.27,-14.94,[],0,0,[],[]
4527870,4529440,NA,FAF,0.0,154,pause,NA,NA,NA,NA,0.0,0,-39.8,-32.77,[],0,0,[],[]
4529440,4533080,NA,SIL,0.0,154,pause,NA,NA,NA,NA,0.0,0,-52.79,-36.4,[],0,0,[],[]
4533080,4534310,NA,OLF,0.0,154,pause,NA,NA,NA,NA,0.0,0,-47.18,-33.05,[],0,0,[],[]
4534310,4536080,NA,SIL,0.0,154,pause,NA,NA,NA,NA,0.0,0,-55.21,-49.96,[],0,0,[],[]
4536080,4539750,FEM,FAN,12.68,154,AICF,BC,0,NT,FI,0.0,0,-37.49,-30.31,[],0,0,[],[]
4539750,4540550,NA,SIL,0.0,154,AICF,NA,NA,NA,NA,0.0,0,-47.81,-38.94,[],0,0,[],[]
4540550,4543580,FEM,FAN,9.91,154,AICF,RC,0,NT,FH,0.0,0,-40.42,-33.2,[],0,0,[],[]
4543580,4544500,NA,SIL,0.0,154,AICF,NA,NA,NA,NA,0.0,0,-53.95,-43.57,[],0,0,[],[]
4544500,4545520,FEM,FAN,5.89,154,AICF,RC,0,NT,FH,0.0,0,-37.91,-31.38,[],0,0,[],[]
4545520,4546320,NA,SIL,0.0,154,AICF,NA,NA,NA,NA,0.0,0,-52.58,-39.43,[],0,0,[],[]
4546320,4547300,FEM,FAN,0.0,154,AICF,NA,NA,NA,NA,0.0,0,-31.94,-23.92,[],980,0,[],[]
4547300,4548360,FEM,FAN,7.53,154,AICF,RC,0,NT,FH,0.0,0,-39.05,-33.26,[],0,0,[],[]
4548360,4549870,FEM,FAN,0.0,154,AICF,NA,NA,NA,NA,0.0,0,-34.08,-27.25,[],1510,0,[],[]
4549870,4550910,FEM,FAN,4.33,154,AICF,RC,0,TIFI,FH,0.0,0,-38.6,-32.85,[],0,0,[],[]
4550910,4552190,NA,SIL,0.0,154,AICF,NA,NA,NA,NA,0.0,0,-51.42,-36.98,[],0,0,[],[]
4552190,4553250,CHI,CHN,0.0,154,AICF,RC,1,TIFR,FI,2.0,720,-23.78,-14.76,"[{'Canonical-syllable': '0', 'Growl': '0', 'High-freq-energy': '0', 'Long-island': '0', 'Low-tilt-spectrum': '0', 'Medium-island': '0', 'Short-island': '1', 'Squeal': '0', 'Typical-entropy': '1', 'Voicing-quality': '1', 'Wide-band': '0', 'Xlong-island': '0', 'seq': '1', 'end': 4552.56, 'start': 4552.33}, {'Canonical-syllable': '0', 'Growl': '0', 'High-freq-energy': '0', 'Long-island': '0', 'Low-tilt-spectrum': '0', 'Medium-island': '1', 'Short-island': '0', 'Squeal': '0', 'Typical-entropy': '0', 'Voicing-quality': '1', 'Wide-band': '0', 'Xlong-island': '0', 'seq': '2', 'end': 4553.25, 'start': 4552.9}]",0,0,[],[]
4553250,4554050,NA,SIL,0.0,154,AICF,NA,NA,NA,NA,0.0,0,-48.57,-35.96,[],0,0,[],[]
4554050,4555550,FEM,FAN,6.8,154,AICF,RC,1,TIFI,FI,0.0,0,-37.04,-32.02,[],0,0,[],[]
4555550,4556350,NA,SIL,0.0,154,AICF,NA,NA,NA,NA,0.0,0,-50.04,-36.31,[],0,0,[],[]
4556350,4557150,NA,NOF,0.0,154,AICF,NA,NA,NA,NA,0.0,0,-48.66,-41.33,[],0,0,[],[]
4557150,4557950,NA,SIL,0.0,154,AICF,NA,NA,NA,NA,0.0,0,-52.17,-40.67,[],0,0,[],[]
4557950,4558960,CHI,CHN,0.0,154,AICF,RC,2,TIFR,FI,1.0,810,-25.28,-17.14,"[{'Canonical-syllable': '1', 'Growl': '1', 'High-freq-energy': '0', 'Long-island': '0', 'Low-tilt-spectrum': '0', 'Medium-island': '1', 'Short-island': '1', 'Squeal': '0', 'Typical-entropy': '1', 'Voicing-quality': '1', 'Wide-band': '0', 'Xlong-island': '0', 'seq': '1', 'end': 4558.76, 'start': 4558.05}]",0,0,[],[]
4558960,4560110,NA,FAF,0.0,154,AICF,NA,NA,NA,NA,0.0,0,-41.92,-34.22,[],0,0,[],[]
4560110,4560850,CHI,CHN,0.0,154,AICF,RC,2,NT,FH,1.0,550,-24.64,-18.76,"[{'Canonical-syllable': '0', 'Growl': '0', 'High-freq-energy': '0', 'Long-island': '0', 'Low-tilt-spectrum': '0', 'Medium-island': '1', 'Short-island': '0', 'Squeal': '0', 'Typical-entropy': '0', 'Voicing-quality': '1', 'Wide-band': '0', 'Xlong-island': '0', 'seq': '1', 'end': 4560.66, 'start': 4560.11}]",0,0,[],[]
4560850,4562940,NA,SIL,0.0,154,AICF,NA,NA,NA,NA,0.0,0,-53.06,-41.58,[],0,0,[],[]
4562940,4564030,FEM,FAN,0.0,154,AICF,NA,NA,NA,NA,0.0,0,-37.87,-28.17,[],1090,0,[],[]
4564030,4565560,FEM,FAN,4.78,154,AICF,RC,2,TIFE,FI,0.0,0,-35.56,-27.07,[],0,0,[],[]
4565560,4568070,FEM,FAN,8.2,154,AICF,RC,2,NT,FH,0.0,0,-37.59,-28.33,[],0,0,[],[]
4568070,4568930,NA,SIL,0.0,154,AICF,NA,NA,NA,NA,0.0,0,-52.35,-45.02,[],0,0,[],[]
4568930,4570170,FEM,FAN,3.64,154,AICF,RC,2,NT,FH,0.0,0,-34.76,-16.17,[],0,0,[],[]
4570170,4572380,FEM,FAN,4.24,154,AICF,RC,2,TIFI,FH,0.0,0,-37.31,-29.01,[],0,0,[],[]
4572380,4573320,NA,SIL,0.0,154,AICF,NA,NA,NA,NA,0.0,0,-54.95,-47.54,[],0,0,[],[]
4573320,4574270,CHI,CHN,0.0,154,AICF,RC,3,TIFR,FI,2.0,640,-33.19,-27.36,"[{'Canonical-syllable': '0', 'Growl': '0', 'High-freq-energy': '0', 'Long-island': '0', 'Low-tilt-spectrum': '0', 'Medium-island': '1', 'Short-island': '0', 'Squeal': '0', 'Typical-entropy': '0', 'Voicing-quality': '1', 'Wide-band': '0', 'Xlong-island': '0', 'seq': '1', 'end': 4573.76, 'start': 4573.32}, {'Canonical-syllable': '0', 'Growl': '0', 'High-freq-energy': '0', 'Long-island': '0', 'Low-tilt-spectrum': '0', 'Medium-island': '0', 'Short-island': '1', 'Squeal': '0', 'Typical-entropy': '0', 'Voicing-quality': '1', 'Wide-band': '0', 'Xlong-island': '0', 'seq': '2', 'end': 4574.27, 'start': 4574.07}]",0,0,[],[]
4574270,4575310,NA,FAF,0.0,154,AICF,NA,NA,NA,NA,0.0,0,-39.14,-32.35,[],0,0,[],[]
4575310,4576110,NA,SIL,0.0,154,AICF,NA,NA,NA,NA,0.0,0,-41.75,-35.75,[],0,0,[],[]
4576110,4576840,CHI,CHN,0.0,154,AICF,RC,3,NT,FH,1.0,440,-30.99,-24.41,"[{'Canonical-syllable': '0', 'Growl': '0', 'High-freq-energy': '0', 'Long-island': '0', 'Low-tilt-spectrum': '0', 'Medium-island': '1', 'Short-island': '0', 'Squeal': '0', 'Typical-entropy': '0', 'Voicing-quality': '1', 'Wide-band': '0', 'Xlong-island': '0', 'seq': '1', 'end': 4576.55, 'start': 4576.11}]",0,0,[],[]
4576840,4577840,CHI,CHN,0.0,154,AICF,RC,3,NT,FH,1.0,500,-29.46,-20.49,"[{'Canonical-syllable': '1', 'Growl': '0', 'High-freq-energy': '0', 'Long-island': '0', 'Low-tilt-spectrum': '0', 'Medium-island': '0', 'Short-island': '1', 'Squeal': '0', 'Typical-entropy': '0', 'Voicing-quality': '1', 'Wide-band': '0', 'Xlong-island': '0', 'seq': '1', 'end': 4577.34, 'start': 4577.09}]",0,0,[],[]
4577840,4578490,CHI,CHN,0.0,154,AICF,RC,3,NT,FH,1.0,650,-17.76,-14.4,"[{'Canonical-syllable': '2', 'Growl': '0', 'High-freq-energy': '0', 'Long-island': '0', 'Low-tilt-spectrum': '0', 'Medium-island': '2', 'Short-island': '0', 'Squeal': '0', 'Typical-entropy': '0', 'Voicing-quality': '2', 'Wide-band': '0', 'Xlong-island': '0', 'seq': '1', 'end': 4578.49, 'start': 4577.84}]",0,0,[],[]
4578490,4580440,FEM,FAN,5.98,154,AICF,RC,3,TIFE,FI,0.0,0,-32.1,-18.47,[],0,0,[],[]
4580440,4581620,NA,SIL,0.0,154,AICF,NA,NA,NA,NA,0.0,0,-52.69,-41.36,[],0,0,[],[]
4581620,4583500,FEM,FAN,6.64,154,AICF,RC,3,NT,FH,0.0,0,-35.23,-30.23,[],0,0,[],[]
4583500,4584100,NA,TVF,0.0,154,AICF,NA,NA,NA,NA,0.0,0,-48.42,-39.91,[],0,0,[],[]
4584100,4585250,FEM,FAN,1.34,154,AICF,RC,3,NT,FH,0.0,0,-38.05,-31.09,[],0,0,[],[]
4585250,4586050,NA,SIL,0.0,154,AICF,NA,NA,NA,NA,0.0,0,-48.23,-39.47,[],0,0,[],[]
4586050,4586690,FEM,FAN,0.43,154,AICF,RC,3,NT,FH,0.0,0,-33.18,-30.22,[],0,0,[],[]
4586690,4588440,FEM,FAN,2.37,154,AICF,RC,3,NT,FH,0.0,0,-37.84,-31.15,[],0,0,[],[]
4588440,4590200,NA,NOF,0.0,154,AICF,NA,NA,NA,NA,0.0,0,-47.29,-38.76,[],0,0,[],[]
4590200,4591620,NA,SIL,0.0,154,AICF,NA,NA,NA,NA,0.0,0,-53.87,-49.43,[],0,0,[],[]
4591620,4592240,FEM,FAN,1.82,154,AICF,RC,3,NT,FH,0.0,0,-34.32,-26.78,[],0,0,[],[]
4592240,4593240,NA,MAF,0.0,154,AICF,NA,NA,NA,NA,0.0,0,-37.56,-32.61,[],0,0,[],[]
4593240,4594240,FEM,FAN,4.38,154,AICF,RC,3,NT,FH,0.0,0,-37.29,-29.72,[],0,0,[],[]
4594240,4595050,NA,SIL,0.0,154,AICF,NA,NA,NA,NA,0.0,0,-51.01,-39.72,[],0,0,[],[]
4595050,4597200,FEM,FAN,7.07,154,AICF,RC,3,TIFI,FH,0.0,0,-40.38,-34.02,[],0,0,[],[]
4597200,4598200,NA,NON,0.0,154,AICF,NA,NA,NA,NA,0.0,0,-35.13,-22.84,[],0,0,[],[]
4598200,4598800,CHI,CHN,0.0,154,AICF,RC,4,TIFR,FI,1.0,600,-25.82,-19.33,"[{'Canonical-syllable': '0', 'Growl': '1', 'High-freq-energy': '1', 'Long-island': '0', 'Low-tilt-spectrum': '1', 'Medium-island': '1', 'Short-island': '0', 'Squeal': '0', 'Typical-entropy': '1', 'Voicing-quality': '1', 'Wide-band': '0', 'Xlong-island': '0', 'seq': '1', 'end': 4598.8, 'start': 4598.2}]",0,0,[],[]
4598800,4599650,NA,OLF,0.0,154,AICF,NA,NA,NA,NA,0.0,0,-25.03,-17.71,[],0,0,[],[]
4599650,4600730,NA,NOF,0.0,154,AICF,NA,NA,NA,NA,0.0,0,-40.36,-24.89,[],0,0,[],[]
4600730,4601730,NA,MAF,0.0,154,AICF,NA,NA,NA,NA,0.0,0,-39.57,-27.3,[],0,0,[],[]
4601730,4602450,CHI,CHN,0.0,154,AICF,RC,4,NT,FH,1.0,720,-16.86,-10.45,"[{'Canonical-syllable': '1', 'Growl': '0', 'High-freq-energy': '0', 'Long-island': '0', 'Low-tilt-spectrum': '1', 'Medium-island': '1', 'Short-island': '1', 'Squeal': '0', 'Typical-entropy': '1', 'Voicing-quality': '2', 'Wide-band': '0', 'Xlong-island': '0', 'seq': '1', 'end': 4602.45, 'start': 4601.73}]",0,0,[],[]
4602450,4603870,NA,NOF,0.0,154,AICF,NA,NA,NA,NA,0.0,0,-43.7,-34.66,[],0,0,[],[]
4603870,4604840,NA,OLF,0.0,154,AICF,NA,NA,NA,NA,0.0,0,-29.87,-18.35,[],0,0,[],[]
4604840,4605650,NA,SIL,0.0,154,AICF,NA,NA,NA,NA,0.0,0,-50.33,-39.38,[],0,0,[],[]
4605650,4606300,CHI,CHN,0.0,154,AICF,RC,4,NT,FH,1.0,650,-22.28,-15.81,"[{'Canonical-syllable': '1', 'Growl': '0', 'High-freq-energy': '0', 'Long-island': '0', 'Low-tilt-spectrum': '0', 'Medium-island': '1', 'Short-island': '0', 'Squeal': '0', 'Typical-entropy': '0', 'Voicing-quality': '1', 'Wide-band': '0', 'Xlong-island': '0', 'seq': '1', 'end': 4606.3, 'start': 4605.65}]",0,0,[],[]
4606300,4608740,NA,NOF,0.0,154,AICF,NA,NA,NA,NA,0.0,0,-42.05,-30.9,[],0,0,[],[]
4608740,4610400,FEM,FAN,13.0,154,AICF,RC,4,TIFI,FI,0.0,0,-39.2,-34.95,[],0,0,[],[]
4610400,4611230,NA,SIL,0.0,154,AICF,NA,NA,NA,NA,0.0,0,-54.51,-50.5,[],0,0,[],[]
4611230,4612680,CHI,CHN,0.0,154,AICF,RC,5,TIFR,FI,1.0,1450,-27.78,-17.45,"[{'Canonical-syllable': '0', 'Growl': '1', 'High-freq-energy': '0', 'Long-island': '1', 'Low-tilt-spectrum': '0', 'Medium-island': '1', 'Short-island': '0', 'Squeal': '0', 'Typical-entropy': '0', 'Voicing-quality': '3', 'Wide-band': '0', 'Xlong-island': '0', 'seq': '1', 'end': 4612.68, 'start': 4611.23}]",0,0,[],[]
4612680,4614480,NA,SIL,0.0,154,AICF,NA,NA,NA,NA,0.0,0,-53.68,-45.49,[],0,0,[],[]
4614480,4615670,FEM,FAN,2.58,154,AICF,EC,5,TIFE,FI,0.0,0,-37.61,-33.29,[],0,0,[],[]
4615670,4616470,NA,SIL,0.0,155,pause,NA,NA,NA,NA,0.0,0,-44.71,-39.09,[],0,0,[],[]
4616470,4619560,NA,FAF,0.0,155,pause,NA,NA,NA,NA,0.0,0,-41.94,-36.88,[],0,0,[],[]
4619560,4620770,NA,NOF,0.0,155,pause,NA,NA,NA,NA,0.0,0,-40.82,-31.11,[],0,0,[],[]
4620770,4622200,NA,FAF,0.0,155,pause,NA,NA,NA,NA,0.0,0,-37.14,-31.57,[],0,0,[],[]
4622200,4623000,NA,NON,0.0,155,pause,NA,NA,NA,NA,0.0,0,-33.39,-26.46,[],0,0,[],[]
4623000,4624290,CHI,CHN,0.0,155,CM,EC,0,NT,FI,1.0,880,-22.48,-11.99,"[{'Canonical-syllable': '0', 'Growl': '0', 'High-freq-energy': '0', 'Long-island': '0', 'Low-tilt-spectrum': '0', 'Medium-island': '2', 'Short-island': '0', 'Squeal': '0', 'Typical-entropy': '0', 'Voicing-quality': '2', 'Wide-band': '1', 'Xlong-island': '0', 'seq': '1', 'end': 4623.88, 'start': 4623.22}]",0,0,[],[]
4624290,4626070,NA,FAF,0.0,156,pause,NA,NA,NA,NA,0.0,0,-40.36,-34.78,[],0,0,[],[]
4626070,4626880,NA,SIL,0.0,156,pause,NA,NA,NA,NA,0.0,0,-52.33,-41.28,[],0,0,[],[]
4626880,4628780,NA,OLN,0.0,156,pause,NA,NA,NA,NA,0.0,0,-32.92,-25.41,[],0,0,[],[]
4628780,4629730,NA,NON,0.0,156,pause,NA,NA,NA,NA,0.0,0,-35.72,-22.86,[],0,0,[],[]
4629730,4631020,NA,OLN,0.0,156,pause,NA,NA,NA,NA,0.0,0,-26.43,-17.02,[],0,0,[],[]
4631020,4632300,NA,NOF,0.0,156,pause,NA,NA,NA,NA,0.0,0,-38.1,-25.96,[],0,0,[],[]
4632300,4634430,FEM,FAN,4.93,156,AICF,BC,0,NT,FI,0.0,0,-39.48,-33.06,[],0,0,[],[]
4634430,4635030,OCH,CXN,0.0,156,AICF,RC,0,NT,FI,0.0,0,-20.63,-17.36,[],0,0,[],[]
4635030,4636030,FEM,FAN,3.13,156,AICF,RC,0,NT,FI,0.0,0,-32.0,-20.93,[],0,0,[],[]
4636030,4636890,NA,SIL,0.0,156,AICF,NA,NA,NA,NA,0.0,0,-55.25,-47.01,[],0,0,[],[]
4636890,4638000,FEM,FAN,5.26,156,AICF,RC,0,TIFI,FH,0.0,0,-36.76,-29.28,[],0,0,[],[]
4638000,4638660,CHI,CHN,0.0,156,AICF,RC,1,TIFR,FI,1.0,270,-26.21,-19.09,"[{'Canonical-syllable': '1', 'Growl': '0', 'High-freq-energy': '0', 'Long-island': '0', 'Low-tilt-spectrum': '0', 'Medium-island': '0', 'Short-island': '1', 'Squeal': '0', 'Typical-entropy': '0', 'Voicing-quality': '1', 'Wide-band': '0', 'Xlong-island': '0', 'seq': '1', 'end': 4638.66, 'start': 4638.39}]",0,0,[],[]
4638660,4639760,NA,FAF,0.0,156,AICF,NA,NA,NA,NA,0.0,0,-41.44,-31.68,[],0,0,[],[]
4639760,4640800,NA,SIL,0.0,156,AICF,NA,NA,NA,NA,0.0,0,-55.92,-47.11,[],0,0,[],[]
4640800,4644450,CHI,CHN,0.0,156,AICF,RC,1,NT,FH,3.0,1690,-27.12,-13.6,"[{'Canonical-syllable': '1', 'Growl': '1', 'High-freq-energy': '0', 'Long-island': '0', 'Low-tilt-spectrum': '1', 'Medium-island': '0', 'Short-island': '3', 'Squeal': '0', 'Typical-entropy': '0', 'Voicing-quality': '3', 'Wide-band': '1', 'Xlong-island': '0', 'seq': '1', 'end': 4642.73, 'start': 4641.79}, {'Canonical-syllable': '0', 'Growl': '1', 'High-freq-energy': '0', 'Long-island': '0', 'Low-tilt-spectrum': '0', 'Medium-island': '1', 'Short-island': '1', 'Squeal': '0', 'Typical-entropy': '1', 'Voicing-quality': '2', 'Wide-band': '0', 'Xlong-island': '0', 'seq': '2', 'end': 4643.86, 'start': 4643.21}, {'Canonical-syllable': '0', 'Growl': '0', 'High-freq-energy': '0', 'Long-island': '0', 'Low-tilt-spectrum': '0', 'Medium-island': '0', 'Short-island': '0', 'Squeal': '0', 'Typical-entropy': '1', 'Voicing-quality': '1', 'Wide-band': '0', 'Xlong-island': '0', 'seq': '3', 'end': 4644.3, 'start': 4644.2}]",0,0,[],[]
4644450,4645280,NA,SIL,0.0,156,AICF,NA,NA,NA,NA,0.0,0,-48.15,-39.44,[],0,0,[],[]
4645280,4646430,NA,TVN,0.0,156,AICF,NA,NA,NA,NA,0.0,0,-48.26,-41.63,[],0,0,[],[]
4646430,4648000,NA,SIL,0.0,156,AICF,NA,NA,NA,NA,0.0,0,-57.47,-47.59,[],0,0,[],[]
4648000,4649320,CHI,CHN,0.0,156,AICF,EC,1,NT,FH,2.0,970,-28.83,-21.92,"[{'Canonical-syllable': '0', 'Growl': '0', 'High-freq-energy': '0', 'Long-island': '1', 'Low-tilt-spectrum': '0', 'Medium-island': '0', 'Short-island': '0', 'Squeal': '0', 'Typical-entropy': '0', 'Voicing-quality': '1', 'Wide-band': '0', 'Xlong-island': '0', 'seq': '1', 'end': 4648.65, 'start': 4648.0}, {'Canonical-syllable': '0', 'Growl': '0', 'High-freq-energy': '0', 'Long-island': '0', 'Low-tilt-spectrum': '0', 'Medium-island': '1', 'Short-island': '0', 'Squeal': '0', 'Typical-entropy': '1', 'Voicing-quality': '1', 'Wide-band': '0', 'Xlong-island': '0', 'seq': '2', 'end': 4649.32, 'start': 4649.0}]",0,0,[],[]
4649320,4650520,NA,SIL,0.0,157,pause,NA,NA,NA,NA,0.0,0,-55.55,-43.84,[],0,0,[],[]
4650520,4652830,NA,NON,0.0,157,pause,NA,NA,NA,NA,0.0,0,-27.23,-11.15,[],0,0,[],[]
4652830,4653630,NA,SIL,0.0,157,pause,NA,NA,NA,NA,0.0,0,-46.58,-36.9,[],0,0,[],[]
4653630,4654730,FEM,FAN,0.0,157,pause,NA,NA,NA,NA,0.0,0,-39.56,-34.08,[],1100,0,[],[]
4654730,4656230,CHI,CHN,0.0,157,CM,BC,0,NT,FI,1.0,770,-33.96,-24.48,"[{'Canonical-syllable': '0', 'Growl': '1', 'High-freq-energy': '1', 'Long-island': '1', 'Low-tilt-spectrum': '1', 'Medium-island': '0', 'Short-island': '0', 'Squeal': '0', 'Typical-entropy': '1', 'Voicing-quality': '1', 'Wide-band': '0', 'Xlong-island': '0', 'seq': '1', 'end': 4655.97, 'start': 4655.2}]",0,0,[],[]
4656230,4657620,NA,SIL,0.0,157,CM,NA,NA,NA,NA,0.0,0,-46.34,-40.14,[],0,0,[],[]
4657620,4659470,CHI,CHN,0.0,157,CM,RC,0,NT,FH,2.0,1330,-30.57,-23.47,"[{'Canonical-syllable': '0', 'Growl': '0', 'High-freq-energy': '0', 'Long-island': '1', 'Low-tilt-spectrum': '0', 'Medium-island': '0', 'Short-island': '0', 'Squeal': '0', 'Typical-entropy': '1', 'Voicing-quality': '1', 'Wide-band': '0', 'Xlong-island': '0', 'seq': '1', 'end': 4658.27, 'start': 4657.62}, {'Canonical-syllable': '0', 'Growl': '0', 'High-freq-energy': '0', 'Long-island': '0', 'Low-tilt-spectrum': '0', 'Medium-island': '1', 'Short-island': '1', 'Squeal': '0', 'Typical-entropy': '0', 'Voicing-quality': '2', 'Wide-band': '0', 'Xlong-island': '0', 'seq': '2', 'end': 4659.47, 'start': 4658.79}]",0,0,[],[]
4659470,4660270,NA,OLN,0.0,157,CM,NA,NA,NA,NA,0.0,0,-28.43,-15.99,[],0,0,[],[]
4660270,4660980,CHI,CHN,0.0,157,CM,EC,0,NT,FH,1.0,710,-17.43,-12.34,"[{'Canonical-syllable': '0', 'Growl': '1', 'High-freq-energy': '0', 'Long-island': '0', 'Low-tilt-spectrum': '0', 'Medium-island': '1', 'Short-island': '0', 'Squeal': '0', 'Typical-entropy': '0', 'Voicing-quality': '2', 'Wide-band': '0', 'Xlong-island': '0', 'seq': '1', 'end': 4660.98, 'start': 4660.27}]",0,0,[],[]
4660980,4663320,NA,NOF,0.0,158,pause,NA,NA,NA,NA,0.0,0,-37.61,-22.3,[],0,0,[],[]
4663320,4665020,FEM,FAN,0.0,158,pause,NA,NA,NA,NA,0.0,0,-42.08,-36.55,[],1700,0,[],[]
4665020,4666420,NA,SIL,0.0,158,pause,NA,NA,NA,NA,0.0,0,-42.14,-32.16,[],0,0,[],[]
4666420,4667020,CHI,CHN,0.0,158,CIC,BC,0,NT,FI,1.0,600,-23.77,-18.21,"[{'Canonical-syllable': '0', 'Growl': '1', 'High-freq-energy': '0', 'Long-island': '0', 'Low-tilt-spectrum': '0', 'Medium-island': '0', 'Short-island': '2', 'Squeal': '0', 'Typical-entropy': '0', 'Voicing-quality': '2', 'Wide-band': '0', 'Xlong-island': '0', 'seq': '1', 'end': 4667.02, 'start': 4666.54}]",0,0,[],[]
4667020,4667820,NA,OLN,0.0,158,CIC,NA,NA,NA,NA,0.0,0,-27.15,-17.94,[],0,0,[],[]
4667820,4670050,CHI,CHN,0.0,158,CIC,RC,0,NT,FH,2.0,1730,-19.83,-11.37,"[{'Canonical-syllable': '1', 'Growl': '0', 'High-freq-energy': '0', 'Long-island': '0', 'Low-tilt-spectrum': '0', 'Medium-island': '0', 'Short-island': '1', 'Squeal': '0', 'Typical-entropy': '0', 'Voicing-quality': '1', 'Wide-band': '0', 'Xlong-island': '0', 'seq': '1', 'end': 4668.01, 'start': 4667.82}, {'Canonical-syllable': '0', 'Growl': '0', 'High-freq-energy': '0', 'Long-island': '0', 'Low-tilt-spectrum': '0', 'Medium-island': '0', 'Short-island': '0', 'Squeal': '0', 'Typical-entropy': '0', 'Voicing-quality': '1', 'Wide-band': '0', 'Xlong-island': '1', 'seq': '2', 'end': 4669.97, 'start': 4668.43}]",0,0,[],[]
4670050,4671120,NA,SIL,0.0,158,CIC,NA,NA,NA,NA,0.0,0,-46.88,-32.09,[],0,0,[],[]
4671120,4672890,NA,FAF,0.0,158,CIC,NA,NA,NA,NA,0.0,0,-43.54,-37.67,[],0,0,[],[]
4672890,4674030,NA,NON,0.0,158,CIC,NA,NA,NA,NA,0.0,0,-31.38,-20.01,[],0,0,[],[]
4674030,4675400,CHI,CHN,0.0,158,CIC,RC,0,TIFI,FH,2.0,970,-24.93,-16.61,"[{'Canonical-syllable': '0', 'Growl': '0', 'High-freq-energy': '0', 'Long-island': '1', 'Low-tilt-spectrum': '0', 'Medium-island': '0', 'Short-island': '0', 'Squeal': '0', 'Typical-entropy': '0', 'Voicing-quality': '1', 'Wide-band': '0', 'Xlong-island': '0', 'seq': '1', 'end': 4674.76, 'start': 4674.03}, {'Canonical-syllable': '0', 'Growl': '0', 'High-freq-energy': '0', 'Long-island': '0', 'Low-tilt-spectrum': '0', 'Medium-island': '0', 'Short-island': '1', 'Squeal': '0', 'Typical-entropy': '1', 'Voicing-quality': '1', 'Wide-band': '0', 'Xlong-island': '0', 'seq': '2', 'end': 4675.32, 'start': 4675.08}]",0,0,[],[]
4675400,4676250,NA,NOF,0.0,158,CIC,NA,NA,NA,NA,0.0,0,-28.3,-18.01,[],0,0,[],[]
4676250,4677350,NA,OLN,0.0,158,CIC,NA,NA,NA,NA,0.0,0,-19.37,-10.58,[],0,0,[],[]
4677350,4678240,FEM,FAN,0.0,158,CIC,NA,NA,NA,NA,0.0,0,-28.33,-21.43,[],890,0,[],[]
4678240,4680070,FEM,FAN,3.65,158,CIC,RC,1,TIFR,FI,0.0,0,-35.94,-27.7,[],0,0,[],[]
4680070,4680890,NA,OLN,0.0,158,CIC,NA,NA,NA,NA,0.0,0,-26.54,-11.41,[],0,0,[],[]
4680890,4681490,CHI,CHN,0.0,158,CIC,RC,1,TIFI,FI,1.0,600,-19.17,-13.09,"[{'Canonical-syllable': '0', 'Growl': '0', 'High-freq-energy': '0', 'Long-island': '0', 'Low-tilt-spectrum': '0', 'Medium-island': '1', 'Short-island': '0', 'Squeal': '0', 'Typical-entropy': '0', 'Voicing-quality': '1', 'Wide-band': '0', 'Xlong-island': '0', 'seq': '1', 'end': 4681.49, 'start': 4681.19}]",0,0,[],[]
4681490,4682860,FEM,FAN,7.4,158,CIC,RC,2,TIFR,FI,0.0,0,-23.01,-12.66,[],0,0,[],[]
4682860,4684100,NA,OLF,0.0,158,CIC,NA,NA,NA,NA,0.0,0,-24.46,-10.03,[],0,0,[],[]
4684100,4684900,NA,SIL,0.0,158,CIC,NA,NA,NA,NA,0.0,0,-53.22,-48.58,[],0,0,[],[]
4684900,4685900,FEM,FAN,0.0,158,CIC,NA,NA,NA,NA,0.0,0,-38.45,-30.61,[],1000,0,[],[]
4685900,4686700,NA,SIL,0.0,158,CIC,NA,NA,NA,NA,0.0,0,-42.08,-30.57,[],0,0,[],[]
4686700,4687400,CHI,CHN,0.0,158,CIC,RC,2,TIFE,FI,1.0,700,-27.13,-20.79,"[{'Canonical-syllable': '0', 'Growl': '1', 'High-freq-energy': '0', 'Long-island': '0', 'Low-tilt-spectrum': '0', 'Medium-island': '1', 'Short-island': '0', 'Squeal': '0', 'Typical-entropy': '1', 'Voicing-quality': '1', 'Wide-band': '0', 'Xlong-island': '0', 'seq': '1', 'end': 4687.4, 'start': 4686.7}]",0,0,[],[]
4687400,4688450,NA,OLN,0.0,158,CIC,NA,NA,NA,NA,0.0,0,-34.15,-23.68,[],0,0,[],[]
4688450,4689930,CHI,CHN,0.0,158,CIC,RC,2,TIFI,FH,3.0,1160,-16.94,-10.57,"[{'Canonical-syllable': '1', 'Growl': '0', 'High-freq-energy': '0', 'Long-island': '0', 'Low-tilt-spectrum': '0', 'Medium-island': '1', 'Short-island': '0', 'Squeal': '0', 'Typical-entropy': '1', 'Voicing-quality': '1', 'Wide-band': '0', 'Xlong-island': '0', 'seq': '1', 'end': 4688.78, 'start': 4688.45}, {'Canonical-syllable': '0', 'Growl': '0', 'High-freq-energy': '0', 'Long-island': '0', 'Low-tilt-spectrum': '0', 'Medium-island': '1', 'Short-island': '0', 'Squeal': '0', 'Typical-entropy': '0', 'Voicing-quality': '1', 'Wide-band': '0', 'Xlong-island': '0', 'seq': '2', 'end': 4689.4, 'start': 4689.1}, {'Canonical-syllable': '1', 'Growl': '0', 'High-freq-energy': '0', 'Long-island': '0', 'Low-tilt-spectrum': '0', 'Medium-island': '0', 'Short-island': '1', 'Squeal': '0', 'Typical-entropy': '1', 'Voicing-quality': '1', 'Wide-band': '0', 'Xlong-island': '0', 'seq': '3', 'end': 4689.93, 'start': 4689.7}]",0,0,[],[]
4689930,4690730,NA,OLN,0.0,158,CIC,NA,NA,NA,NA,0.0,0,-31.01,-23.13,[],0,0,[],[]
4690730,4691700,NA,NON,0.0,158,CIC,NA,NA,NA,NA,0.0,0,-35.36,-29.25,[],0,0,[],[]
4691700,4692560,FEM,FAN,1.42,158,CIC,RC,3,TIFR,FI,0.0,0,-30.4,-20.48,[],0,0,[],[]
4692560,4693360,NA,OLN,0.0,158,CIC,NA,NA,NA,NA,0.0,0,-29.29,-20.09,[],0,0,[],[]
4693360,4694640,NA,NOF,0.0,158,CIC,NA,NA,NA,NA,0.0,0,-42.82,-33.62,[],0,0,[],[]
4694640,4695600,NA,OLN,0.0,158,CIC,NA,NA,NA,NA,0.0,0,-19.66,-11.5,[],0,0,[],[]
4695600,4696210,CHI,CHN,0.0,158,CIC,EC,3,TIFE,FI,1.0,610,-18.76,-13.18,"[{'Canonical-syllable': '0', 'Growl': '0', 'High-freq-energy': '0', 'Long-island': '0', 'Low-tilt-spectrum': '0', 'Medium-island': '1', 'Short-island': '0', 'Squeal': '0', 'Typical-entropy': '0', 'Voicing-quality': '1', 'Wide-band': '0', 'Xlong-island': '0', 'seq': '1', 'end': 4696.21, 'start': 4695.6}]",0,0,[],[]
4696210,4697240,NA,FAF,0.0,159,pause,NA,NA,NA,NA,0.0,0,-40.84,-32.12,[],0,0,[],[]
4697240,4698180,NA,NOF,0.0,159,pause,NA,NA,NA,NA,0.0,0,-44.57,-34.15,[],0,0,[],[]
4698180,4698990,NA,OLN,0.0,159,pause,NA,NA,NA,NA,0.0,0,-34.51,-22.47,[],0,0,[],[]
4698990,4699800,NA,NON,0.0,159,pause,NA,NA,NA,NA,0.0,0,-28.75,-20.12,[],0,0,[],[]
4699800,4700860,NA,OLN,0.0,159,pause,NA,NA,NA,NA,0.0,0,-29.5,-16.68,[],0,0,[],[]
4700860,4701840,NA,NOF,0.0,159,pause,NA,NA,NA,NA,0.0,0,-31.08,-20.06,[],0,0,[],[]
4701840,4702650,CHI,CHN,0.0,159,CIC,BC,0,NT,FI,1.0,810,-15.79,-7.42,"[{'Canonical-syllable': '1', 'Growl': '0', 'High-freq-energy': '0', 'Long-island': '0', 'Low-tilt-spectrum': '0', 'Medium-island': '1', 'Short-island': '1', 'Squeal': '0', 'Typical-entropy': '1', 'Voicing-quality': '3', 'Wide-band': '0', 'Xlong-island': '0', 'seq': '1', 'end': 4702.65, 'start': 4701.84}]",0,0,[],[]
4702650,4703450,NA,OLF,0.0,159,CIC,NA,NA,NA,NA,0.0,0,-37.26,-26.78,[],0,0,[],[]
4703450,4704130,CHI,CHN,0.0,159,CIC,RC,0,TIFI,FH,1.0,680,-15.68,-9.14,"[{'Canonical-syllable': '0', 'Growl': '0', 'High-freq-energy': '0', 'Long-island': '1', 'Low-tilt-spectrum': '0', 'Medium-island': '0', 'Short-island': '0', 'Squeal': '0', 'Typical-entropy': '0', 'Voicing-quality': '1', 'Wide-band': '0', 'Xlong-island': '0', 'seq': '1', 'end': 4704.13, 'start': 4703.45}]",0,0,[],[]
4704130,4705200,NA,OLF,0.0,159,CIC,NA,NA,NA,NA,0.0,0,-35.0,-24.98,[],0,0,[],[]
4705200,4705810,FEM,FAN,6.65,159,CIC,RC,1,TIFR,FI,0.0,0,-31.12,-25.56,[],0,0,[],[]
4705810,4706610,NA,SIL,0.0,159,CIC,NA,NA,NA,NA,0.0,0,-42.35,-28.5,[],0,0,[],[]
4706610,4708470,FEM,FAN,5.44,159,CIC,RC,1,NT,FH,0.0,0,-36.76,-27.82,[],0,0,[],[]
4708470,4709110,FEM,FAN,0.0,159,CIC,NA,NA,NA,NA,0.0,0,-39.61,-35.3,[],640,0,[],[]
4709110,4710420,NA,SIL,0.0,159,CIC,NA,NA,NA,NA,0.0,0,-55.39,-47.87,[],0,0,[],[]
4710420,4711420,FEM,FAN,4.35,159,CIC,RC,1,NT,FH,0.0,0,-35.12,-28.3,[],0,0,[],[]
4711420,4714240,NA,SIL,0.0,159,CIC,NA,NA,NA,NA,0.0,0,-56.76,-52.7,[],0,0,[],[]
4714240,4715660,CHI,CHN,0.0,159,CIC,RC,1,TIFI,FI,1.0,1420,-17.86,-11.88,"[{'Canonical-syllable': '0', 'Growl': '0', 'High-freq-energy': '0', 'Long-island': '1', 'Low-tilt-spectrum': '0', 'Medium-island': '0', 'Short-island': '1', 'Squeal': '0', 'Typical-entropy': '0', 'Voicing-quality': '2', 'Wide-band': '0', 'Xlong-island': '0', 'seq': '1', 'end': 4715.66, 'start': 4714.5}]",0,0,[],[]
4715660,4718890,NA,NOF,0.0,159,CIC,NA,NA,NA,NA,0.0,0,-26.17,-8.51,[],0,0,[],[]
4718890,4719700,NA,SIL,0.0,159,CIC,NA,NA,NA,NA,0.0,0,-48.78,-39.59,[],0,0,[],[]
4719700,4720700,FEM,FAN,2.64,159,CIC,RC,2,TIFR,FI,0.0,0,-38.41,-30.8,[],0,0,[],[]
4720700,4721500,NA,SIL,0.0,159,CIC,NA,NA,NA,NA,0.0,0,-49.51,-39.53,[],0,0,[],[]
4721500,4722500,FEM,FAN,8.58,159,CIC,RC,2,NT,FH,0.0,0,-40.94,-35.1,[],0,0,[],[]
4722500,4723610,NA,TVF,0.0,159,CIC,NA,NA,NA,NA,0.0,0,-44.63,-38.59,[],0,0,[],[]
4723610,4725480,FEM,FAN,7.1,159,CIC,EC,2,NT,FH,0.0,0,-42.69,-34.78,[],0,0,[],[]
4725480,4726590,NA,SIL,0.0,160,pause,NA,NA,NA,NA,0.0,0,-57.24,-48.94,[],0,0,[],[]
4726590,4727590,NA,TVF,0.0,160,pause,NA,NA,NA,NA,0.0,0,-44.89,-38.49,[],0,0,[],[]
4727590,4729010,NA,FAF,0.0,160,pause,NA,NA,NA,NA,0.0,0,-45.76,-39.25,[],0,0,[],[]
4729010,4730050,NA,TVF,0.0,160,pause,NA,NA,NA,NA,0.0,0,-53.48,-45.18,[],0,0,[],[]
4730050,4730910,NA,SIL,0.0,160,pause,NA,NA,NA,NA,0.0,0,-53.32,-40.92,[],0,0,[],[]
4730910,4731910,FEM,FAN,1.19,160,AICF,BC,0,NT,FI,0.0,0,-41.53,-35.19,[],0,0,[],[]
4731910,4733070,NA,FAF,0.0,160,AICF,NA,NA,NA,NA,0.0,0,-44.89,-34.58,[],0,0,[],[]
4733070,4733920,NA,SIL,0.0,160,AICF,NA,NA,NA,NA,0.0,0,-50.38,-40.8,[],0,0,[],[]
4733920,4735340,FEM,FAN,1.45,160,AICF,RC,0,TIFI,FH,0.0,0,-42.52,-36.36,[],0,0,[],[]
4735340,4738360,NA,SIL,0.0,160,AICF,NA,NA,NA,NA,0.0,0,-48.27,-39.36,[],0,0,[],[]
4738360,4739590,CHI,CHN,0.0,160,AICF,RC,1,TIFR,FI,1.0,1230,-16.33,-6.3,"[{'Canonical-syllable': '1', 'Growl': '0', 'High-freq-energy': '0', 'Long-island': '0', 'Low-tilt-spectrum': '0', 'Medium-island': '2', 'Short-island': '0', 'Squeal': '0', 'Typical-entropy': '2', 'Voicing-quality': '2', 'Wide-band': '0', 'Xlong-island': '0', 'seq': '1', 'end': 4739.59, 'start': 4738.58}]",0,0,[],[]
4739590,4740600,FEM,FAN,0.72,160,AICF,RC,1,TIFE,FI,0.0,0,-34.42,-22.47,[],0,0,[],[]
4740600,4742300,NA,NOF,0.0,160,AICF,NA,NA,NA,NA,0.0,0,-44.51,-31.38,[],0,0,[],[]
4742300,4743330,FEM,FAN,0.0,160,AICF,NA,NA,NA,NA,0.0,0,-38.36,-33.73,[],1030,0,[],[]
4743330,4744260,OCH,CXN,0.0,160,AICF,RC,1,NT,FI,0.0,0,-39.53,-32.93,[],0,0,[],[]
4744260,4745060,NA,SIL,0.0,160,AICF,NA,NA,NA,NA,0.0,0,-55.37,-46.93,[],0,0,[],[]
4745060,4746760,FEM,FAN,6.86,160,AICF,RC,1,NT,FI,0.0,0,-41.57,-33.55,[],0,0,[],[]
4746760,4747660,NA,SIL,0.0,160,AICF,NA,NA,NA,NA,0.0,0,-53.13,-45.51,[],0,0,[],[]
4747660,4750250,FEM,FAN,4.86,160,AICF,RC,1,TIFI,FH,0.0,0,-42.2,-33.02,[],0,0,[],[]
4750250,4753500,NA,SIL,0.0,160,AICF,NA,NA,NA,NA,0.0,0,-54.49,-35.23,[],0,0,[],[]
4753500,4754920,CHI,CHN,0.0,160,AICF,RC,2,TIFR,FI,1.0,210,-24.34,-12.96,"[{'Canonical-syllable': '1', 'Growl': '0', 'High-freq-energy': '0', 'Long-island': '0', 'Low-tilt-spectrum': '0', 'Medium-island': '0', 'Short-island': '1', 'Squeal': '0', 'Typical-entropy': '0', 'Voicing-quality': '1', 'Wide-band': '0', 'Xlong-island': '0', 'seq': '1', 'end': 4753.71, 'start': 4753.5}]",0,0,[],[]
4754920,4755570,CHI,CHN,0.0,160,AICF,RC,2,NT,FH,1.0,650,-18.44,-11.53,"[{'Canonical-syllable': '0', 'Growl': '0', 'High-freq-energy': '0', 'Long-island': '0', 'Low-tilt-spectrum': '0', 'Medium-island': '1', 'Short-island': '0', 'Squeal': '0', 'Typical-entropy': '0', 'Voicing-quality': '1', 'Wide-band': '0', 'Xlong-island': '0', 'seq': '1', 'end': 4755.57, 'start': 4755.22}]",0,0,[],[]
4755570,4757330,NA,SIL,0.0,160,AICF,NA,NA,NA,NA,0.0,0,-54.56,-44.3,[],0,0,[],[]
4757330,4758980,CHI,CHN,0.0,160,AICF,EC,2,NT,FH,1.0,1490,-17.67,-10.9,"[{'Canonical-syllable': '1', 'Growl': '0', 'High-freq-energy': '0', 'Long-island': '1', 'Low-tilt-spectrum': '0', 'Medium-island': '1', 'Short-island': '0', 'Squeal': '0', 'Typical-entropy': '0', 'Voicing-quality': '2', 'Wide-band': '0', 'Xlong-island': '0', 'seq': '1', 'end': 4758.82, 'start': 4757.47}]",0,0,[],[]
4758980,4761550,NA,SIL,0.0,161,pause,NA,NA,NA,NA,0.0,0,-54.52,-44.51,[],0,0,[],[]
4761550,4762720,NA,NOF,0.0,161,pause,NA,NA,NA,NA,0.0,0,-44.38,-32.38,[],0,0,[],[]
4762720,4763610,NA,SIL,0.0,161,pause,NA,NA,NA,NA,0.0,0,-53.69,-44.52,[],0,0,[],[]
4763610,4766030,NA,FAF,0.0,161,pause,NA,NA,NA,NA,0.0,0,-41.6,-34.84,[],0,0,[],[]
4766030,4766900,NA,SIL,0.0,161,pause,NA,NA,NA,NA,0.0,0,-55.6,-49.67,[],0,0,[],[]
4766900,4767990,FEM,FAN,5.25,161,AMF,EC,0,NT,FI,0.0,0,-39.17,-33.89,[],0,0,[],[]
4767990,4769730,NA,TVF,0.0,162,pause,NA,NA,NA,NA,0.0,0,-42.35,-34.52,[],0,0,[],[]
4769730,4770630,NA,SIL,0.0,162,pause,NA,NA,NA,NA,0.0,0,-57.69,-52.85,[],0,0,[],[]
4770630,4771890,NA,TVF,0.0,162,pause,NA,NA,NA,NA,0.0,0,-41.99,-36.7,[],0,0,[],[]
4771890,4772720,NA,SIL,0.0,162,pause,NA,NA,NA,NA,0.0,0,-51.84,-40.77,[],0,0,[],[]
4772720,4773720,FEM,FAN,0.0,162,pause,NA,NA,NA,NA,0.0,0,-43.24,-35.66,[],1000,0,[],[]
4773720,4774820,NA,TVF,0.0,162,pause,NA,NA,NA,NA,0.0,0,-47.21,-37.09,[],0,0,[],[]
4774820,4776040,NA,FAF,0.0,162,pause,NA,NA,NA,NA,0.0,0,-43.57,-37.68,[],0,0,[],[]
4776040,4777400,NA,TVF,0.0,162,pause,NA,NA,NA,NA,0.0,0,-44.05,-37.87,[],0,0,[],[]
4777400,4784750,NA,NON,0.0,162,pause,NA,NA,NA,NA,0.0,0,-57.75,-52.24,[],0,0,[],[]
4784750,4786660,NA,NOF,0.0,162,pause,NA,NA,NA,NA,0.0,0,-44.46,-35.45,[],0,0,[],[]
4786660,4787670,NA,SIL,0.0,162,pause,NA,NA,NA,NA,0.0,0,-53.87,-46.78,[],0,0,[],[]
4787670,4789070,NA,TVF,0.0,162,pause,NA,NA,NA,NA,0.0,0,-44.69,-37.32,[],0,0,[],[]
4789070,4789670,FEM,FAN,0.0,162,pause,NA,NA,NA,NA,0.0,0,-40.47,-34.4,[],600,0,[],[]
4789670,4790520,NA,SIL,0.0,162,pause,NA,NA,NA,NA,0.0,0,-53.33,-44.43,[],0,0,[],[]
4790520,4791990,NA,TVF,0.0,162,pause,NA,NA,NA,NA,0.0,0,-47.37,-38.38,[],0,0,[],[]
4791990,4793160,NA,SIL,0.0,162,pause,NA,NA,NA,NA,0.0,0,-50.1,-40.54,[],0,0,[],[]
4793160,4793960,NA,MAF,0.0,162,pause,NA,NA,NA,NA,0.0,0,-40.89,-34.25,[],0,0,[],[]
4793960,4794810,NA,SIL,0.0,162,pause,NA,NA,NA,NA,0.0,0,-51.89,-38.92,[],0,0,[],[]
4794810,4795840,NA,FAF,0.0,162,pause,NA,NA,NA,NA,0.0,0,-42.32,-37.7,[],0,0,[],[]
4795840,4796800,NA,SIL,0.0,162,pause,NA,NA,NA,NA,0.0,0,-56.44,-47.18,[],0,0,[],[]
4796800,4800700,NA,FAF,0.0,162,pause,NA,NA,NA,NA,0.0,0,-43.6,-35.55,[],0,0,[],[]
4800700,4801810,FEM,FAN,0.0,162,pause,NA,NA,NA,NA,0.0,0,-40.98,-37.34,[],1110,0,[],[]
4801810,4802610,NA,SIL,0.0,162,pause,NA,NA,NA,NA,0.0,0,-49.16,-41.78,[],0,0,[],[]
4802610,4803760,NA,FAF,0.0,162,pause,NA,NA,NA,NA,0.0,0,-44.93,-38.72,[],0,0,[],[]
4803760,4805700,NA,SIL,0.0,162,pause,NA,NA,NA,NA,0.0,0,-57.99,-53.46,[],0,0,[],[]
4805700,4806820,NA,FAF,0.0,162,pause,NA,NA,NA,NA,0.0,0,-45.71,-35.79,[],0,0,[],[]
4806820,4807770,NA,SIL,0.0,162,pause,NA,NA,NA,NA,0.0,0,-45.76,-29.48,[],0,0,[],[]
4807770,4809160,FEM,FAN,1.79,162,AICF,BC,0,NT,FI,0.0,0,-42.98,-36.63,[],0,0,[],[]
4809160,4810220,NA,TVF,0.0,162,AICF,NA,NA,NA,NA,0.0,0,-41.84,-34.85,[],0,0,[],[]
4810220,4811020,NA,CXF,0.0,162,AICF,NA,NA,NA,NA,0.0,0,-39.23,-25.96,[],0,0,[],[]
4811020,4811850,NA,SIL,0.0,162,AICF,NA,NA,NA,NA,0.0,0,-37.28,-22.59,[],0,0,[],[]
4811850,4814460,FEM,FAN,5.78,162,AICF,RC,0,TIFI,FH,0.0,0,-43.2,-37.6,[],0,0,[],[]
4814460,4815300,NA,SIL,0.0,162,AICF,NA,NA,NA,NA,0.0,0,-51.5,-34.68,[],0,0,[],[]
4815300,4816400,CHI,CHN,0.0,162,AICF,EC,1,TIFR,FI,1.0,1100,-29.32,-23.98,"[{'Canonical-syllable': '0', 'Growl': '0', 'High-freq-energy': '0', 'Long-island': '0', 'Low-tilt-spectrum': '0', 'Medium-island': '2', 'Short-island': '0', 'Squeal': '0', 'Typical-entropy': '0', 'Voicing-quality': '2', 'Wide-band': '0', 'Xlong-island': '0', 'seq': '1', 'end': 4816.4, 'start': 4815.3}]",0,0,[],[]
4816400,4819570,NA,FAF,0.0,163,pause,NA,NA,NA,NA,0.0,0,-45.29,-34.6,[],0,0,[],[]
4819570,4821410,NA,SIL,0.0,163,pause,NA,NA,NA,NA,0.0,0,-53.05,-44.01,[],0,0,[],[]
4821410,4823000,NA,TVF,0.0,163,pause,NA,NA,NA,NA,0.0,0,-44.09,-36.53,[],0,0,[],[]
4823000,4823800,NA,SIL,0.0,163,pause,NA,NA,NA,NA,0.0,0,-53.11,-42.52,[],0,0,[],[]
4823800,4826050,FEM,FAN,9.01,163,AICF,BC,0,TIFI,FI,0.0,0,-39.29,-33.72,[],0,0,[],[]
4826050,4826850,NA,CXF,0.0,163,AICF,NA,NA,NA,NA,0.0,0,-42.24,-35.1,[],0,0,[],[]
4826850,4827850,NA,FAF,0.0,163,AICF,NA,NA,NA,NA,0.0,0,-43.39,-37.41,[],0,0,[],[]
4827850,4829580,NA,SIL,0.0,163,AICF,NA,NA,NA,NA,0.0,0,-57.99,-52.72,[],0,0,[],[]
4829580,4830600,CHI,CHN,0.0,163,AICF,EC,1,TIFR,FI,1.0,500,-28.73,-21.47,"[{'Canonical-syllable': '0', 'Growl': '0', 'High-freq-energy': '0', 'Long-island': '0', 'Low-tilt-spectrum': '0', 'Medium-island': '1', 'Short-island': '0', 'Squeal': '0', 'Typical-entropy': '1', 'Voicing-quality': '1', 'Wide-band': '0', 'Xlong-island': '0', 'seq': '1', 'end': 4830.6, 'start': 4830.1}]",0,0,[],[]
4830600,4833850,NA,FAF,0.0,164,pause,NA,NA,NA,NA,0.0,0,-40.17,-27.5,[],0,0,[],[]
4833850,4834740,NA,SIL,0.0,164,pause,NA,NA,NA,NA,0.0,0,-51.85,-40.76,[],0,0,[],[]
4834740,4837290,NA,FAF,0.0,164,pause,NA,NA,NA,NA,0.0,0,-41.83,-35.77,[],0,0,[],[]
4837290,4838470,NA,SIL,0.0,164,pause,NA,NA,NA,NA,0.0,0,-57.16,-46.15,[],0,0,[],[]
4838470,4841480,NA,FAF,0.0,164,pause,NA,NA,NA,NA,0.0,0,-40.31,-23.21,[],0,0,[],[]
4841480,4842520,NA,TVF,0.0,164,pause,NA,NA,NA,NA,0.0,0,-46.07,-40.41,[],0,0,[],[]
4842520,4843820,NA,FAF,0.0,164,pause,NA,NA,NA,NA,0.0,0,-44.23,-39.26,[],0,0,[],[]
4843820,4845760,NA,NOF,0.0,164,pause,NA,NA,NA,NA,0.0,0,-44.21,-27.74,[],0,0,[],[]
4845760,4849020,NA,SIL,0.0,164,pause,NA,NA,NA,NA,0.0,0,-55.33,-43.45,[],0,0,[],[]
4849020,4850020,NA,TVF,0.0,164,pause,NA,NA,NA,NA,0.0,0,-49.34,-41.1,[],0,0,[],[]
4850020,4850880,NA,FAF,0.0,164,pause,NA,NA,NA,NA,0.0,0,-45.15,-36.71,[],0,0,[],[]
4850880,4851680,NA,SIL,0.0,164,pause,NA,NA,NA,NA,0.0,0,-49.84,-44.51,[],0,0,[],[]
4851680,4853220,NA,TVF,0.0,164,pause,NA,NA,NA,NA,0.0,0,-49.68,-42.1,[],0,0,[],[]
4853220,4854850,NA,SIL,0.0,164,pause,NA,NA,NA,NA,0.0,0,-56.46,-49.09,[],0,0,[],[]
4854850,4857600,FEM,FAN,1.58,164,AMF,EC,0,NT,FI,0.0,0,-42.97,-28.19,[],0,0,[],[]
4857600,4858410,NA,CXF,0.0,165,pause,NA,NA,NA,NA,0.0,0,-45.85,-42.75,[],0,0,[],[]
4858410,4859350,NA,OLN,0.0,165,pause,NA,NA,NA,NA,0.0,0,-41.64,-35.69,[],0,0,[],[]
4859350,4861730,NA,SIL,0.0,165,pause,NA,NA,NA,NA,0.0,0,-48.96,-34.48,[],0,0,[],[]
4861730,4864770,NA,NON,0.0,165,pause,NA,NA,NA,NA,0.0,0,-35.15,-19.9,[],0,0,[],[]
4864770,4865680,NA,SIL,0.0,165,pause,NA,NA,NA,NA,0.0,0,-53.59,-44.55,[],0,0,[],[]
4865680,4867370,NA,NOF,0.0,165,pause,NA,NA,NA,NA,0.0,0,-34.44,-18.48,[],0,0,[],[]
4867370,4868170,NA,SIL,0.0,165,pause,NA,NA,NA,NA,0.0,0,-46.95,-33.67,[],0,0,[],[]
4868170,4870300,NA,NOF,0.0,165,pause,NA,NA,NA,NA,0.0,0,-42.51,-30.63,[],0,0,[],[]
4870300,4871140,NA,OLN,0.0,165,pause,NA,NA,NA,NA,0.0,0,-27.59,-14.69,[],0,0,[],[]
4871140,4874190,NA,NOF,0.0,165,pause,NA,NA,NA,NA,0.0,0,-44.83,-33.55,[],0,0,[],[]
4874190,4877360,NA,SIL,0.0,165,pause,NA,NA,NA,NA,0.0,0,-54.61,-38.6,[],0,0,[],[]
4877360,4878160,NA,NOF,0.0,165,pause,NA,NA,NA,NA,0.0,0,-43.38,-34.71,[],0,0,[],[]
4878160,4878960,CHI,CHN,0.0,165,CM,BC,0,NT,FI,1.0,800,-18.09,-12.84,"[{'Canonical-syllable': '0', 'Growl': '2', 'High-freq-energy': '0', 'Long-island': '0', 'Low-tilt-spectrum': '0', 'Medium-island': '0', 'Short-island': '3', 'Squeal': '0', 'Typical-entropy': '1', 'Voicing-quality': '3', 'Wide-band': '0', 'Xlong-island': '0', 'seq': '1', 'end': 4878.96, 'start': 4878.16}]",0,0,[],[]
4878960,4880000,NA,OLN,0.0,165,CM,NA,NA,NA,NA,0.0,0,-29.39,-16.51,[],0,0,[],[]
4880000,4882200,NA,NON,0.0,165,CM,NA,NA,NA,NA,0.0,0,-19.3,-3.83,[],0,0,[],[]
4882200,4883580,CHI,CHN,0.0,165,CM,EC,0,NT,FH,1.0,1120,-26.82,-16.24,"[{'Canonical-syllable': '1', 'Growl': '0', 'High-freq-energy': '0', 'Long-island': '0', 'Low-tilt-spectrum': '0', 'Medium-island': '1', 'Short-island': '2', 'Squeal': '0', 'Typical-entropy': '0', 'Voicing-quality': '3', 'Wide-band': '1', 'Xlong-island': '0', 'seq': '1', 'end': 4883.32, 'start': 4882.38}]",0,0,[],[]
4883580,4885910,NA,NON,0.0,166,pause,NA,NA,NA,NA,0.0,0,-24.84,-6.38,[],0,0,[],[]
4885910,4886710,NA,OLN,0.0,166,pause,NA,NA,NA,NA,0.0,0,-31.19,-25.78,[],0,0,[],[]
4886710,4888310,NA,NOF,0.0,166,pause,NA,NA,NA,NA,0.0,0,-28.9,-17.85,[],0,0,[],[]
4888310,4889220,NA,OLN,0.0,166,pause,NA,NA,NA,NA,0.0,0,-30.17,-20.89,[],0,0,[],[]
4889220,4890020,NA,NOF,0.0,166,pause,NA,NA,NA,NA,0.0,0,-39.72,-25.82,[],0,0,[],[]
4890020,4890620,FEM,FAN,0.0,166,pause,NA,NA,NA,NA,0.0,0,-34.29,-29.28,[],600,0,[],[]
4890620,4891420,NA,SIL,0.0,166,pause,NA,NA,NA,NA,0.0,0,-45.21,-33.31,[],0,0,[],[]
4891420,4892690,NA,NOF,0.0,166,pause,NA,NA,NA,NA,0.0,0,-40.11,-28.17,[],0,0,[],[]
4892690,4893570,NA,OLN,0.0,166,pause,NA,NA,NA,NA,0.0,0,-22.15,-7.26,[],0,0,[],[]
4893570,4894750,CHI,CHN,0.0,166,CM,BC,0,NT,FI,1.0,1180,-15.17,-8.24,"[{'Canonical-syllable': '0', 'Growl': '0', 'High-freq-energy': '0', 'Long-island': '0', 'Low-tilt-spectrum': '0', 'Medium-island': '0', 'Short-island': '0', 'Squeal': '0', 'Typical-entropy': '0', 'Voicing-quality': '1', 'Wide-band': '0', 'Xlong-island': '1', 'seq': '1', 'end': 4894.75, 'start': 4893.57}]",0,0,[],[]
4894750,4896560,NA,NOF,0.0,166,CM,NA,NA,NA,NA,0.0,0,-31.63,-17.97,[],0,0,[],[]
4896560,4897160,CHI,CHN,0.0,166,CM,EC,0,NT,FH,1.0,420,-32.35,-27.51,"[{'Canonical-syllable': '0', 'Growl': '0', 'High-freq-energy': '0', 'Long-island': '0', 'Low-tilt-spectrum': '1', 'Medium-island': '1', 'Short-island': '0', 'Squeal': '0', 'Typical-entropy': '0', 'Voicing-quality': '1', 'Wide-band': '0', 'Xlong-island': '0', 'seq': '1', 'end': 4896.98, 'start': 4896.56}]",0,0,[],[]
4897160,4898020,NA,NOF,0.0,167,pause,NA,NA,NA,NA,0.0,0,-49.96,-45.75,[],0,0,[],[]
4898020,4899020,NA,FAF,0.0,167,pause,NA,NA,NA,NA,0.0,0,-43.24,-37.51,[],0,0,[],[]
4899020,4904430,NA,NOF,0.0,167,pause,NA,NA,NA,NA,0.0,0,-47.68,-35.29,[],0,0,[],[]
4904430,4905470,NA,SIL,0.0,167,pause,NA,NA,NA,NA,0.0,0,-54.8,-50.49,[],0,0,[],[]
4905470,4910190,NA,NOF,0.0,167,pause,NA,NA,NA,NA,0.0,0,-43.7,-24.88,[],0,0,[],[]
4910190,4910990,NA,SIL,0.0,167,pause,NA,NA,NA,NA,0.0,0,-57.33,-45.9,[],0,0,[],[]
4910990,4912890,NA,NOF,0.0,167,pause,NA,NA,NA,NA,0.0,0,-42.15,-25.52,[],0,0,[],[]
4912890,4913810,NA,SIL,0.0,167,pause,NA,NA,NA,NA,0.0,0,-53.26,-42.55,[],0,0,[],[]
4913810,4916010,NA,NOF,0.0,167,pause,NA,NA,NA,NA,0.0,0,-24.89,-4.89,[],0,0,[],[]
4916010,4916810,NA,SIL,0.0,167,pause,NA,NA,NA,NA,0.0,0,-54.28,-45.76,[],0,0,[],[]
4916810,4920670,NA,NOF,0.0,167,pause,NA,NA,NA,NA,0.0,0,-28.67,-4.16,[],0,0,[],[]
4920670,4923600,NA,SIL,0.0,167,pause,NA,NA,NA,NA,0.0,0,-53.35,-43.89,[],0,0,[],[]
4923600,4924950,NA,NOF,0.0,167,pause,NA,NA,NA,NA,0.0,0,-34.17,-18.41,[],0,0,[],[]
4924950,4926000,NA,SIL,0.0,167,pause,NA,NA,NA,NA,0.0,0,-53.91,-47.89,[],0,0,[],[]
4926000,4928640,NA,NON,0.0,167,pause,NA,NA,NA,NA,0.0,0,-29.34,-14.54,[],0,0,[],[]
4928640,4930190,NA,SIL,0.0,167,pause,NA,NA,NA,NA,0.0,0,-51.81,-42.59,[],0,0,[],[]
4930190,4931030,NA,NOF,0.0,167,pause,NA,NA,NA,NA,0.0,0,-45.24,-37.37,[],0,0,[],[]
4931030,4935630,NA,SIL,0.0,167,pause,NA,NA,NA,NA,0.0,0,-47.54,-25.37,[],0,0,[],[]
4935630,4943230,NA,NOF,0.0,167,pause,NA,NA,NA,NA,0.0,0,-31.39,-11.39,[],0,0,[],[]
4943230,4944210,NA,OLN,0.0,167,pause,NA,NA,NA,NA,0.0,0,-27.24,-16.63,[],0,0,[],[]
4944210,4949320,NA,NOF,0.0,167,pause,NA,NA,NA,NA,0.0,0,-35.38,-15.96,[],0,0,[],[]
4949320,4950120,NA,SIL,0.0,167,pause,NA,NA,NA,NA,0.0,0,-45.62,-36.63,[],0,0,[],[]
4950120,4953090,NA,NOF,0.0,167,pause,NA,NA,NA,NA,0.0,0,-24.38,-5.04,[],0,0,[],[]
4953090,4953940,NA,SIL,0.0,167,pause,NA,NA,NA,NA,0.0,0,-47.64,-38.32,[],0,0,[],[]
4953940,4954970,NA,NOF,0.0,167,pause,NA,NA,NA,NA,0.0,0,-18.8,-4.9,[],0,0,[],[]
4954970,4956290,CHI,CHN,0.0,167,pause,NA,NA,NA,NA,0.0,0,-17.29,-4.9,[],0,850,"[{'start': 4955.17, 'end': 4956.02}]",[]
4956290,4959850,NA,NOF,0.0,167,pause,NA,NA,NA,NA,0.0,0,-24.32,-2.96,[],0,0,[],[]
4959850,4961240,NA,SIL,0.0,167,pause,NA,NA,NA,NA,0.0,0,-44.42,-40.85,[],0,0,[],[]
4961240,4962290,NA,FAF,0.0,167,pause,NA,NA,NA,NA,0.0,0,-43.7,-36.71,[],0,0,[],[]
4962290,4965660,NA,SIL,0.0,167,pause,NA,NA,NA,NA,0.0,0,-49.28,-44.82,[],0,0,[],[]
4965660,4967560,NA,NOF,0.0,167,pause,NA,NA,NA,NA,0.0,0,-34.1,-17.86,[],0,0,[],[]
4967560,4970380,NA,SIL,0.0,167,pause,NA,NA,NA,NA,0.0,0,-51.49,-43.05,[],0,0,[],[]
4970380,4971880,NA,NON,0.0,167,pause,NA,NA,NA,NA,0.0,0,-22.37,-4.84,[],0,0,[],[]
4971880,4972840,NA,OLN,0.0,167,pause,NA,NA,NA,NA,0.0,0,-29.89,-20.49,[],0,0,[],[]
4972840,4973640,NA,NOF,0.0,167,pause,NA,NA,NA,NA,0.0,0,-43.98,-35.21,[],0,0,[],[]
4973640,4974520,NA,SIL,0.0,167,pause,NA,NA,NA,NA,0.0,0,-46.64,-33.36,[],0,0,[],[]
4974520,4975690,NA,NON,0.0,167,pause,NA,NA,NA,NA,0.0,0,-40.44,-32.18,[],0,0,[],[]
4975690,4976750,NA,SIL,0.0,167,pause,NA,NA,NA,NA,0.0,0,-47.31,-32.42,[],0,0,[],[]
4976750,4979780,NA,NOF,0.0,167,pause,NA,NA,NA,NA,0.0,0,-32.59,-13.16,[],0,0,[],[]
4979780,4983080,NA,SIL,0.0,167,pause,NA,NA,NA,NA,0.0,0,-52.52,-39.11,[],0,0,[],[]
4983080,4985270,NA,NOF,0.0,167,pause,NA,NA,NA,NA,0.0,0,-28.45,-6.97,[],0,0,[],[]
4985270,4986070,NA,SIL,0.0,167,pause,NA,NA,NA,NA,0.0,0,-47.77,-35.17,[],0,0,[],[]
4986070,4987040,NA,NOF,0.0,167,pause,NA,NA,NA,NA,0.0,0,-35.52,-18.17,[],0,0,[],[]
4987040,4987930,NA,OLF,0.0,167,pause,NA,NA,NA,NA,0.0,0,-33.32,-20.03,[],0,0,[],[]
4987930,4990730,NA,NOF,0.0,167,pause,NA,NA,NA,NA,0.0,0,-25.65,-6.31,[],0,0,[],[]
4990730,4992790,NA,SIL,0.0,167,pause,NA,NA,NA,NA,0.0,0,-47.02,-30.22,[],0,0,[],[]
4992790,4997820,NA,NOF,0.0,167,pause,NA,NA,NA,NA,0.0,0,-35.71,-18.74,[],0,0,[],[]
4997820,4998420,NA,CHF,0.0,167,pause,NA,NA,NA,NA,0.0,0,-30.15,-21.13,[],0,500,"[{'start': 4997.82, 'end': 4998.06}]","[{'start': 4998.06, 'end': 4998.32}]"
4998420,4999350,NA,OLF,0.0,167,pause,NA,NA,NA,NA,0.0,0,-25.66,-15.23,[],0,0,[],[]
4999350,5000150,NA,SIL,0.0,167,pause,NA,NA,NA,NA,0.0,0,-29.28,-10.71,[],0,0,[],[]
5000150,5002150,NA,NOF,0.0,167,pause,NA,NA,NA,NA,0.0,0,-24.91,-8.22,[],0,0,[],[]
5002150,5003210,NA,OLF,0.0,167,pause,NA,NA,NA,NA,0.0,0,-21.04,-4.94,[],0,0,[],[]
5003210,5011320,NA,NOF,0.0,167,pause,NA,NA,NA,NA,0.0,0,-20.87,-2.59,[],0,0,[],[]
5011320,5013790,NA,SIL,0.0,167,pause,NA,NA,NA,NA,0.0,0,-42.16,-35.77,[],0,0,[],[]
5013790,5015030,NA,NOF,0.0,167,pause,NA,NA,NA,NA,0.0,0,-38.77,-24.97,[],0,0,[],[]
5015030,5018060,NA,SIL,0.0,167,pause,NA,NA,NA,NA,0.0,0,-47.84,-40.86,[],0,0,[],[]
5018060,5018940,NA,NOF,0.0,167,pause,NA,NA,NA,NA,0.0,0,-47.42,-38.03,[],0,0,[],[]
5018940,5021190,NA,SIL,0.0,167,pause,NA,NA,NA,NA,0.0,0,-51.22,-43.37,[],0,0,[],[]
5021190,5023440,NA,NOF,0.0,167,pause,NA,NA,NA,NA,0.0,0,-34.88,-20.16,[],0,0,[],[]
5023440,5024340,NA,OLF,0.0,167,pause,NA,NA,NA,NA,0.0,0,-16.76,-4.82,[],0,0,[],[]
5024340,5025330,NA,NOF,0.0,167,pause,NA,NA,NA,NA,0.0,0,-14.32,-4.33,[],0,0,[],[]
5025330,5026230,NA,SIL,0.0,167,pause,NA,NA,NA,NA,0.0,0,-39.01,-34.27,[],0,0,[],[]
5026230,5028980,NA,NOF,0.0,167,pause,NA,NA,NA,NA,0.0,0,-17.88,-4.99,[],0,0,[],[]
5028980,5029790,NA,SIL,0.0,167,pause,NA,NA,NA,NA,0.0,0,-40.49,-30.39,[],0,0,[],[]
5029790,5031960,NA,NOF,0.0,167,pause,NA,NA,NA,NA,0.0,0,-32.07,-13.36,[],0,0,[],[]
5031960,5033790,NA,SIL,0.0,167,pause,NA,NA,NA,NA,0.0,0,-44.24,-26.5,[],0,0,[],[]
5033790,5034590,NA,CHF,0.0,167,pause,NA,NA,NA,NA,0.0,0,-42.13,-30.12,[],0,640,[],"[{'start': 5033.95, 'end': 5034.59}]"
5034590,5036190,NA,SIL,0.0,167,pause,NA,NA,NA,NA,0.0,0,-48.82,-34.22,[],0,0,[],[]
5036190,5041090,NA,NOF,0.0,167,pause,NA,NA,NA,NA,0.0,0,-20.52,-4.04,[],0,0,[],[]
5041090,5041910,NA,OLF,0.0,167,pause,NA,NA,NA,NA,0.0,0,-26.46,-14.63,[],0,0,[],[]
5041910,5044030,NA,NOF,0.0,167,pause,NA,NA,NA,NA,0.0,0,-20.66,-5.28,[],0,0,[],[]
5044030,5045560,FEM,FAN,5.2,167,AMF,EC,0,NT,FI,0.0,0,-31.65,-21.87,[],0,0,[],[]
5045560,5047450,NA,NOF,0.0,168,pause,NA,NA,NA,NA,0.0,0,-34.38,-19.23,[],0,0,[],[]
5047450,5048280,NA,SIL,0.0,168,pause,NA,NA,NA,NA,0.0,0,-54.86,-50.83,[],0,0,[],[]
5048280,5051260,NA,NOF,0.0,168,pause,NA,NA,NA,NA,0.0,0,-24.03,-4.13,[],0,0,[],[]
5051260,5052580,NA,SIL,0.0,168,pause,NA,NA,NA,NA,0.0,0,-53.51,-40.4,[],0,0,[],[]
5052580,5054040,NA,NOF,0.0,168,pause,NA,NA,NA,NA,0.0,0,-30.3,-10.8,[],0,0,[],[]
5054040,5054840,NA,SIL,0.0,168,pause,NA,NA,NA,NA,0.0,0,-46.62,-33.24,[],0,0,[],[]
5054840,5055640,NA,NOF,0.0,168,pause,NA,NA,NA,NA,0.0,0,-37.54,-21.85,[],0,0,[],[]
5055640,5056440,NA,SIL,0.0,168,pause,NA,NA,NA,NA,0.0,0,-41.64,-31.23,[],0,0,[],[]
5056440,5058910,NA,NOF,0.0,168,pause,NA,NA,NA,NA,0.0,0,-30.93,-16.61,[],0,0,[],[]
5058910,5059910,NA,FAF,0.0,168,pause,NA,NA,NA,NA,0.0,0,-37.64,-24.92,[],0,0,[],[]
5059910,5060710,NA,OLN,0.0,168,pause,NA,NA,NA,NA,0.0,0,-30.51,-20.95,[],0,0,[],[]
5060710,5062180,NA,NOF,0.0,168,pause,NA,NA,NA,NA,0.0,0,-38.69,-30.6,[],0,0,[],[]
5062180,5062980,NA,OLF,0.0,168,pause,NA,NA,NA,NA,0.0,0,-13.88,-3.25,[],0,0,[],[]
5062980,5067620,NA,NOF,0.0,168,pause,NA,NA,NA,NA,0.0,0,-28.99,-7.36,[],0,0,[],[]
5067620,5068780,NA,OLN,0.0,168,pause,NA,NA,NA,NA,0.0,0,-23.52,-9.36,[],0,0,[],[]
5068780,5072570,NA,NON,0.0,168,pause,NA,NA,NA,NA,0.0,0,-27.9,-10.89,[],0,0,[],[]
5072570,5073370,NA,SIL,0.0,168,pause,NA,NA,NA,NA,0.0,0,-48.05,-30.82,[],0,0,[],[]
5073370,5078240,NA,NOF,0.0,168,pause,NA,NA,NA,NA,0.0,0,-37.47,-18.49,[],0,0,[],[]
5078240,5079250,NA,OLF,0.0,168,pause,NA,NA,NA,NA,0.0,0,-31.11,-17.67,[],0,0,[],[]
5079250,5082570,NA,NOF,0.0,168,pause,NA,NA,NA,NA,0.0,0,-35.98,-14.59,[],0,0,[],[]
5082570,5083370,NA,OLN,0.0,168,pause,NA,NA,NA,NA,0.0,0,-30.77,-19.15,[],0,0,[],[]
5083370,5084180,NA,NOF,0.0,168,pause,NA,NA,NA,NA,0.0,0,-37.97,-29.65,[],0,0,[],[]
5084180,5085020,NA,OLN,0.0,168,pause,NA,NA,NA,NA,0.0,0,-29.63,-17.44,[],0,0,[],[]
5085020,5087890,NA,NOF,0.0,168,pause,NA,NA,NA,NA,0.0,0,-37.21,-18.31,[],0,0,[],[]
5087890,5088750,NA,SIL,0.0,168,pause,NA,NA,NA,NA,0.0,0,-52.18,-43.91,[],0,0,[],[]
5088750,5092570,NA,NOF,0.0,168,pause,NA,NA,NA,NA,0.0,0,-34.97,-16.64,[],0,0,[],[]
5092570,5093370,NA,SIL,0.0,168,pause,NA,NA,NA,NA,0.0,0,-41.2,-29.45,[],0,0,[],[]
5093370,5096470,NA,NOF,0.0,168,pause,NA,NA,NA,NA,0.0,0,-28.76,-8.92,[],0,0,[],[]
5096470,5097280,NA,SIL,0.0,168,pause,NA,NA,NA,NA,0.0,0,-50.42,-39.25,[],0,0,[],[]
5097280,5100740,NA,NOF,0.0,168,pause,NA,NA,NA,NA,0.0,0,-28.71,-5.14,[],0,0,[],[]
5100740,5101540,NA,SIL,0.0,168,pause,NA,NA,NA,NA,0.0,0,-51.82,-45.31,[],0,0,[],[]
5101540,5106420,NA,NOF,0.0,168,pause,NA,NA,NA,NA,0.0,0,-38.78,-26.1,[],0,0,[],[]
5106420,5107220,NA,SIL,0.0,168,pause,NA,NA,NA,NA,0.0,0,-51.32,-37.97,[],0,0,[],[]
5107220,5108260,NA,NOF,0.0,168,pause,NA,NA,NA,NA,0.0,0,-41.48,-27.66,[],0,0,[],[]
5108260,5110340,NA,SIL,0.0,168,pause,NA,NA,NA,NA,0.0,0,-57.21,-49.71,[],0,0,[],[]
5110340,5111830,NA,NON,0.0,168,pause,NA,NA,NA,NA,0.0,0,-36.53,-27.34,[],0,0,[],[]
5111830,5114170,NA,SIL,0.0,168,pause,NA,NA,NA,NA,0.0,0,-54.62,-49.05,[],0,0,[],[]
5114170,5117770,NA,NOF,0.0,168,pause,NA,NA,NA,NA,0.0,0,-39.07,-22.57,[],0,0,[],[]
5117770,5118830,NA,OLF,0.0,168,pause,NA,NA,NA,NA,0.0,0,-22.6,-6.48,[],0,0,[],[]
5118830,5120920,NA,NOF,0.0,168,pause,NA,NA,NA,NA,0.0,0,-40.95,-30.15,[],0,0,[],[]
5120920,5121750,NA,SIL,0.0,168,pause,NA,NA,NA,NA,0.0,0,-49.03,-40.12,[],0,0,[],[]
5121750,5125720,NA,NOF,0.0,168,pause,NA,NA,NA,NA,0.0,0,-34.55,-13.57,[],0,0,[],[]
5125720,5133860,NA,SIL,0.0,168,pause,NA,NA,NA,NA,0.0,0,-56.35,-41.93,[],0,0,[],[]
5133860,5135270,NA,NOF,0.0,168,pause,NA,NA,NA,NA,0.0,0,-48.64,-38.28,[],0,0,[],[]
5135270,5142710,NA,SIL,0.0,168,pause,NA,NA,NA,NA,0.0,0,-55.48,-43.04,[],0,0,[],[]
5142710,5143310,CHI,CHN,0.0,168,pause,NA,NA,NA,NA,0.0,0,-27.0,-19.84,[],0,320,[],"[{'start': 5142.71, 'end': 5143.03}]"
5143310,5144110,NA,NOF,0.0,168,pause,NA,NA,NA,NA,0.0,0,-42.75,-32.24,[],0,0,[],[]
5144110,5144710,NA,FAF,0.0,168,pause,NA,NA,NA,NA,0.0,0,-38.11,-31.3,[],0,0,[],[]
5144710,5145510,NA,NOF,0.0,168,pause,NA,NA,NA,NA,0.0,0,-47.45,-37.8,[],0,0,[],[]
5145510,5149440,NA,SIL,0.0,168,pause,NA,NA,NA,NA,0.0,0,-53.94,-37.24,[],0,0,[],[]
5149440,5150400,NA,NOF,0.0,168,pause,NA,NA,NA,NA,0.0,0,-49.69,-40.55,[],0,0,[],[]
5150400,5155960,NA,SIL,0.0,168,pause,NA,NA,NA,NA,0.0,0,-53.69,-38.78,[],0,0,[],[]
5155960,5156990,NA,NOF,0.0,168,pause,NA,NA,NA,NA,0.0,0,-43.45,-28.27,[],0,0,[],[]
5156990,5158420,NA,SIL,0.0,168,pause,NA,NA,NA,NA,0.0,0,-52.84,-43.25,[],0,0,[],[]
5158420,5159590,NA,NOF,0.0,168,pause,NA,NA,NA,NA,0.0,0,-44.91,-37.5,[],0,0,[],[]
5159590,5163410,NA,SIL,0.0,168,pause,NA,NA,NA,NA,0.0,0,-55.68,-42.66,[],0,0,[],[]
5163410,5166160,NA,NOF,0.0,168,pause,NA,NA,NA,NA,0.0,0,-39.83,-27.86,[],0,0,[],[]
5166160,5167070,NA,SIL,0.0,168,pause,NA,NA,NA,NA,0.0,0,-52.79,-47.07,[],0,0,[],[]
5167070,5168620,NA,NOF,0.0,168,pause,NA,NA,NA,NA,0.0,0,-44.24,-33.73,[],0,0,[],[]
5168620,5169490,NA,SIL,0.0,168,pause,NA,NA,NA,NA,0.0,0,-51.36,-45.92,[],0,0,[],[]
5169490,5171480,NA,NOF,0.0,168,pause,NA,NA,NA,NA,0.0,0,-32.01,-15.2,[],0,0,[],[]
5171480,5179320,NA,SIL,0.0,168,pause,NA,NA,NA,NA,0.0,0,-55.03,-33.58,[],0,0,[],[]
5179320,5181800,NA,NOF,0.0,168,pause,NA,NA,NA,NA,0.0,0,-39.55,-23.24,[],0,0,[],[]
5181800,5185270,NA,SIL,0.0,168,pause,NA,NA,NA,NA,0.0,0,-57.21,-44.33,[],0,0,[],[]
5185270,5186880,CHI,CHN,0.0,168,CIC,BC,0,NT,FI,1.0,1460,-20.07,-9.53,"[{'Canonical-syllable': '1', 'Growl': '1', 'High-freq-energy': '0', 'Long-island': '1', 'Low-tilt-spectrum': '0', 'Medium-island': '0', 'Short-island': '2', 'Squeal': '0', 'Typical-entropy': '1', 'Voicing-quality': '3', 'Wide-band': '0', 'Xlong-island': '0', 'seq': '1', 'end': 5186.73, 'start': 5185.39}]",0,0,[],[]
5186880,5189490,NA,SIL,0.0,168,CIC,NA,NA,NA,NA,0.0,0,-57.88,-50.2,[],0,0,[],[]
5189490,5190480,CHI,CHN,0.0,168,CIC,RC,0,NT,FH,1.0,990,-21.37,-15.39,"[{'Canonical-syllable': '0', 'Growl': '0', 'High-freq-energy': '0', 'Long-island': '0', 'Low-tilt-spectrum': '0', 'Medium-island': '0', 'Short-island': '2', 'Squeal': '0', 'Typical-entropy': '1', 'Voicing-quality': '3', 'Wide-band': '0', 'Xlong-island': '0', 'seq': '1', 'end': 5190.48, 'start': 5189.64}]",0,0,[],[]
5190480,5191490,CHI,CHN,0.0,168,CIC,RC,0,TIFI,FH,1.0,740,-25.55,-15.05,"[{'Canonical-syllable': '0', 'Growl': '0', 'High-freq-energy': '0', 'Long-island': '0', 'Low-tilt-spectrum': '0', 'Medium-island': '0', 'Short-island': '1', 'Squeal': '0', 'Typical-entropy': '0', 'Voicing-quality': '2', 'Wide-band': '0', 'Xlong-island': '0', 'seq': '1', 'end': 5191.22, 'start': 5190.74}]",0,0,[],[]
5191490,5192160,FEM,FAN,3.78,168,CIC,EC,1,TIFR,FI,0.0,0,-25.48,-19.39,[],0,0,[],[]
5192160,5196710,NA,SIL,0.0,169,pause,NA,NA,NA,NA,0.0,0,-58.14,-50.09,[],0,0,[],[]
5196710,5198500,NA,NOF,0.0,169,pause,NA,NA,NA,NA,0.0,0,-34.85,-20.9,[],0,0,[],[]
5198500,5200190,NA,SIL,0.0,169,pause,NA,NA,NA,NA,0.0,0,-56.48,-44.89,[],0,0,[],[]
5200190,5200990,NA,NOF,0.0,169,pause,NA,NA,NA,NA,0.0,0,-44.75,-32.13,[],0,0,[],[]
5200990,5201790,NA,SIL,0.0,169,pause,NA,NA,NA,NA,0.0,0,-52.04,-45.02,[],0,0,[],[]
5201790,5203490,NA,NOF,0.0,169,pause,NA,NA,NA,NA,0.0,0,-36.57,-20.5,[],0,0,[],[]
5203490,5211550,NA,SIL,0.0,169,pause,NA,NA,NA,NA,0.0,0,-56.66,-48.94,[],0,0,[],[]
5211550,5214300,NA,NOF,0.0,169,pause,NA,NA,NA,NA,0.0,0,-35.69,-16.33,[],0,0,[],[]
5214300,5215480,NA,SIL,0.0,169,pause,NA,NA,NA,NA,0.0,0,-56.81,-48.03,[],0,0,[],[]
5215480,5216670,NA,NOF,0.0,169,pause,NA,NA,NA,NA,0.0,0,-39.07,-21.65,[],0,0,[],[]
5216670,5217470,NA,SIL,0.0,169,pause,NA,NA,NA,NA,0.0,0,-51.6,-42.53,[],0,0,[],[]
5217470,5218270,NA,NOF,0.0,169,pause,NA,NA,NA,NA,0.0,0,-40.13,-24.77,[],0,0,[],[]
5218270,5219070,NA,SIL,0.0,169,pause,NA,NA,NA,NA,0.0,0,-56.4,-48.1,[],0,0,[],[]
5219070,5219870,NA,NOF,0.0,169,pause,NA,NA,NA,NA,0.0,0,-39.35,-26.54,[],0,0,[],[]
5219870,5220670,NA,SIL,0.0,169,pause,NA,NA,NA,NA,0.0,0,-41.15,-25.18,[],0,0,[],[]
5220670,5221960,NA,NOF,0.0,169,pause,NA,NA,NA,NA,0.0,0,-41.05,-26.22,[],0,0,[],[]
5221960,5222800,NA,SIL,0.0,169,pause,NA,NA,NA,NA,0.0,0,-53.27,-40.12,[],0,0,[],[]
5222800,5226850,NA,NOF,0.0,169,pause,NA,NA,NA,NA,0.0,0,-30.55,-8.28,[],0,0,[],[]
5226850,5227650,NA,OLF,0.0,169,pause,NA,NA,NA,NA,0.0,0,-35.5,-23.95,[],0,0,[],[]
5227650,5228870,NA,NOF,0.0,169,pause,NA,NA,NA,NA,0.0,0,-30.77,-12.89,[],0,0,[],[]
5228870,5232770,NA,SIL,0.0,169,pause,NA,NA,NA,NA,0.0,0,-43.52,-25.61,[],0,0,[],[]
5232770,5235440,NA,NOF,0.0,169,pause,NA,NA,NA,NA,0.0,0,-36.94,-15.76,[],0,0,[],[]
5235440,5238430,NA,SIL,0.0,169,pause,NA,NA,NA,NA,0.0,0,-53.13,-43.26,[],0,0,[],[]
5238430,5240540,NA,NON,0.0,169,pause,NA,NA,NA,NA,0.0,0,-42.68,-30.54,[],0,0,[],[]
5240540,5248290,NA,SIL,0.0,169,pause,NA,NA,NA,NA,0.0,0,-58.69,-49.56,[],0,0,[],[]
5248290,5249100,NA,NOF,0.0,169,pause,NA,NA,NA,NA,0.0,0,-47.94,-39.98,[],0,0,[],[]
5249100,5249950,NA,SIL,0.0,169,pause,NA,NA,NA,NA,0.0,0,-58.26,-52.7,[],0,0,[],[]
5249950,5252200,NA,NOF,0.0,169,pause,NA,NA,NA,NA,0.0,0,-37.54,-24.44,[],0,0,[],[]
5252200,5253670,NA,SIL,0.0,169,pause,NA,NA,NA,NA,0.0,0,-53.0,-47.03,[],0,0,[],[]
5253670,5256840,NA,NOF,0.0,169,pause,NA,NA,NA,NA,0.0,0,-28.52,-9.29,[],0,0,[],[]
5256840,5259050,NA,SIL,0.0,169,pause,NA,NA,NA,NA,0.0,0,-55.93,-43.45,[],0,0,[],[]
5259050,5262680,NA,NOF,0.0,169,pause,NA,NA,NA,NA,0.0,0,-40.17,-27.05,[],0,0,[],[]
5262680,5263880,NA,SIL,0.0,169,pause,NA,NA,NA,NA,0.0,0,-53.83,-42.78,[],0,0,[],[]
5263880,5266570,NA,NOF,0.0,169,pause,NA,NA,NA,NA,0.0,0,-36.53,-18.91,[],0,0,[],[]
5266570,5269620,NA,SIL,0.0,169,pause,NA,NA,NA,NA,0.0,0,-56.48,-49.17,[],0,0,[],[]
5269620,5270630,CHI,CHN,0.0,169,CM,BC,0,NT,FI,1.0,1010,-25.19,-18.85,"[{'Canonical-syllable': '0', 'Growl': '2', 'High-freq-energy': '0', 'Long-island': '0', 'Low-tilt-spectrum': '0', 'Medium-island': '1', 'Short-island': '1', 'Squeal': '0', 'Typical-entropy': '1', 'Voicing-quality': '2', 'Wide-band': '0', 'Xlong-island': '0', 'seq': '1', 'end': 5270.63, 'start': 5269.83}]",0,0,[],[]
5270630,5271760,FEM,FAN,0.0,169,CM,NA,NA,NA,NA,0.0,0,-16.8,-13.52,[],1130,0,[],[]
5271760,5272500,CHI,CHN,0.0,169,CM,EC,0,NT,FH,1.0,740,-21.93,-18.8,"[{'Canonical-syllable': '0', 'Growl': '0', 'High-freq-energy': '0', 'Long-island': '1', 'Low-tilt-spectrum': '0', 'Medium-island': '0', 'Short-island': '0', 'Squeal': '0', 'Typical-entropy': '0', 'Voicing-quality': '1', 'Wide-band': '0', 'Xlong-island': '0', 'seq': '1', 'end': 5272.5, 'start': 5271.76}]",0,0,[],[]
5272500,5273300,NA,SIL,0.0,170,pause,NA,NA,NA,NA,0.0,0,-51.52,-41.13,[],0,0,[],[]
5273300,5277450,NA,NOF,0.0,170,pause,NA,NA,NA,NA,0.0,0,-35.45,-23.29,[],0,0,[],[]
5277450,5278630,NA,SIL,0.0,170,pause,NA,NA,NA,NA,0.0,0,-51.2,-41.71,[],0,0,[],[]
5278630,5279520,NA,OLN,0.0,170,pause,NA,NA,NA,NA,0.0,0,-22.12,-7.59,[],0,0,[],[]
5279520,5280660,NA,NOF,0.0,170,pause,NA,NA,NA,NA,0.0,0,-43.77,-30.85,[],0,0,[],[]
5280660,5281600,NA,SIL,0.0,170,pause,NA,NA,NA,NA,0.0,0,-51.97,-45.68,[],0,0,[],[]
5281600,5283080,NA,NOF,0.0,170,pause,NA,NA,NA,NA,0.0,0,-46.9,-39.39,[],0,0,[],[]
5283080,5283880,NA,SIL,0.0,170,pause,NA,NA,NA,NA,0.0,0,-54.87,-48.04,[],0,0,[],[]
5283880,5285880,NA,NOF,0.0,170,pause,NA,NA,NA,NA,0.0,0,-46.18,-32.42,[],0,0,[],[]
5285880,5287270,NA,SIL,0.0,170,pause,NA,NA,NA,NA,0.0,0,-53.17,-40.79,[],0,0,[],[]
5287270,5288830,NA,MAF,0.0,170,pause,NA,NA,NA,NA,0.0,0,-36.88,-26.09,[],0,0,[],[]
5288830,5289640,NA,NOF,0.0,170,pause,NA,NA,NA,NA,0.0,0,-43.34,-29.77,[],0,0,[],[]
5289640,5291420,NA,SIL,0.0,170,pause,NA,NA,NA,NA,0.0,0,-56.37,-45.15,[],0,0,[],[]
5291420,5292220,NA,NOF,0.0,170,pause,NA,NA,NA,NA,0.0,0,-46.84,-39.18,[],0,0,[],[]
5292220,5293110,NA,SIL,0.0,170,pause,NA,NA,NA,NA,0.0,0,-55.86,-48.75,[],0,0,[],[]
5293110,5295290,NA,NOF,0.0,170,pause,NA,NA,NA,NA,0.0,0,-51.09,-39.92,[],0,0,[],[]
5295290,5298030,NA,SIL,0.0,170,pause,NA,NA,NA,NA,0.0,0,-54.77,-38.92,[],0,0,[],[]
5298030,5302090,NA,NOF,0.0,170,pause,NA,NA,NA,NA,0.0,0,-42.66,-27.91,[],0,0,[],[]
5302090,5303030,NA,SIL,0.0,170,pause,NA,NA,NA,NA,0.0,0,-50.23,-39.57,[],0,0,[],[]
5303030,5303830,NA,NOF,0.0,170,pause,NA,NA,NA,NA,0.0,0,-47.57,-37.34,[],0,0,[],[]
5303830,5304630,NA,SIL,0.0,170,pause,NA,NA,NA,NA,0.0,0,-56.17,-51.04,[],0,0,[],[]
5304630,5306140,NA,NOF,0.0,170,pause,NA,NA,NA,NA,0.0,0,-47.94,-32.54,[],0,0,[],[]
5306140,5313400,NA,SIL,0.0,170,pause,NA,NA,NA,NA,0.0,0,-57.09,-46.02,[],0,0,[],[]
5313400,5316030,NA,NOF,0.0,170,pause,NA,NA,NA,NA,0.0,0,-35.05,-16.29,[],0,0,[],[]
5316030,5317350,NA,SIL,0.0,170,pause,NA,NA,NA,NA,0.0,0,-41.99,-32.04,[],0,0,[],[]
5317350,5318580,NA,OLN,0.0,170,pause,NA,NA,NA,NA,0.0,0,-25.34,-17.84,[],0,0,[],[]
5318580,5319710,NA,NOF,0.0,170,pause,NA,NA,NA,NA,0.0,0,-38.01,-24.95,[],0,0,[],[]
5319710,5320510,NA,SIL,0.0,170,pause,NA,NA,NA,NA,0.0,0,-54.93,-47.52,[],0,0,[],[]
5320510,5321430,NA,NOF,0.0,170,pause,NA,NA,NA,NA,0.0,0,-46.37,-30.13,[],0,0,[],[]
5321430,5322770,NA,SIL,0.0,170,pause,NA,NA,NA,NA,0.0,0,-58.7,-52.06,[],0,0,[],[]
5322770,5327480,NA,NOF,0.0,170,pause,NA,NA,NA,NA,0.0,0,-24.12,-2.7,[],0,0,[],[]
5327480,5328280,NA,SIL,0.0,170,pause,NA,NA,NA,NA,0.0,0,-50.64,-46.91,[],0,0,[],[]
5328280,5329880,NA,NON,0.0,170,pause,NA,NA,NA,NA,0.0,0,-29.82,-15.4,[],0,0,[],[]
5329880,5330750,NA,OLN,0.0,170,pause,NA,NA,NA,NA,0.0,0,-26.19,-14.85,[],0,0,[],[]
5330750,5338190,NA,NOF,0.0,170,pause,NA,NA,NA,NA,0.0,0,-27.3,-4.62,[],0,0,[],[]
5338190,5341190,NA,SIL,0.0,170,pause,NA,NA,NA,NA,0.0,0,-52.26,-35.6,[],0,0,[],[]
5341190,5342910,NA,NON,0.0,170,pause,NA,NA,NA,NA,0.0,0,-39.65,-33.04,[],0,0,[],[]
5342910,5343940,NA,OLF,0.0,170,pause,NA,NA,NA,NA,0.0,0,-33.25,-17.19,[],0,0,[],[]
5343940,5346110,NA,NON,0.0,170,pause,NA,NA,NA,NA,0.0,0,-26.75,-14.5,[],0,0,[],[]
5346110,5347010,NA,OLN,0.0,170,pause,NA,NA,NA,NA,0.0,0,-30.77,-24.93,[],0,0,[],[]
5347010,5349460,NA,NOF,0.0,170,pause,NA,NA,NA,NA,0.0,0,-34.98,-22.84,[],0,0,[],[]
5349460,5350490,NA,SIL,0.0,170,pause,NA,NA,NA,NA,0.0,0,-45.76,-29.84,[],0,0,[],[]
5350490,5351960,NA,NOF,0.0,170,pause,NA,NA,NA,NA,0.0,0,-41.48,-25.4,[],0,0,[],[]
5351960,5354000,NA,SIL,0.0,170,pause,NA,NA,NA,NA,0.0,0,-48.5,-31.56,[],0,0,[],[]
5354000,5357220,NA,NOF,0.0,170,pause,NA,NA,NA,NA,0.0,0,-37.19,-20.06,[],0,0,[],[]
5357220,5364240,NA,SIL,0.0,170,pause,NA,NA,NA,NA,0.0,0,-51.21,-30.82,[],0,0,[],[]
5364240,5368580,NA,NOF,0.0,170,pause,NA,NA,NA,NA,0.0,0,-27.79,-7.35,[],0,0,[],[]
5368580,5369380,NA,SIL,0.0,170,pause,NA,NA,NA,NA,0.0,0,-55.52,-47.03,[],0,0,[],[]
5369380,5374610,NA,NOF,0.0,170,pause,NA,NA,NA,NA,0.0,0,-26.35,-9.89,[],0,0,[],[]
5374610,5375530,NA,OLF,0.0,170,pause,NA,NA,NA,NA,0.0,0,-20.26,-5.66,[],0,0,[],[]
5375530,5377430,NA,NOF,0.0,170,pause,NA,NA,NA,NA,0.0,0,-44.37,-32.58,[],0,0,[],[]
5377430,5378610,NA,OLF,0.0,170,pause,NA,NA,NA,NA,0.0,0,-25.62,-8.5,[],0,0,[],[]
5378610,5385890,NA,NON,0.0,170,pause,NA,NA,NA,NA,0.0,0,-29.44,-12.6,[],0,0,[],[]
5385890,5386730,NA,OLN,0.0,170,pause,NA,NA,NA,NA,0.0,0,-21.14,-11.82,[],0,0,[],[]
5386730,5387550,NA,FAF,0.0,170,pause,NA,NA,NA,NA,0.0,0,-46.82,-36.72,[],0,0,[],[]
5387550,5388880,CHI,CHN,0.0,170,CIOCX,BC,0,NT,FI,2.0,620,-32.13,-24.41,"[{'Canonical-syllable': '0', 'Growl': '0', 'High-freq-energy': '0', 'Long-island': '0', 'Low-tilt-spectrum': '0', 'Medium-island': '1', 'Short-island': '0', 'Squeal': '0', 'Typical-entropy': '1', 'Voicing-quality': '1', 'Wide-band': '0', 'Xlong-island': '0', 'seq': '1', 'end': 5387.87, 'start': 5387.55}, {'Canonical-syllable': '1', 'Growl': '0', 'High-freq-energy': '0', 'Long-island': '0', 'Low-tilt-spectrum': '0', 'Medium-island': '1', 'Short-island': '0', 'Squeal': '0', 'Typical-entropy': '0', 'Voicing-quality': '1', 'Wide-band': '0', 'Xlong-island': '0', 'seq': '2', 'end': 5388.88, 'start': 5388.58}]",0,0,[],[]
5388880,5390110,NA,CHF,0.0,170,CIOCX,RC,0,NT,FH,1.0,100,-36.45,-24.39,"[{'Canonical-syllable': '0', 'Growl': '1', 'High-freq-energy': '0', 'Long-island': '0', 'Low-tilt-spectrum': '0', 'Medium-island': '0', 'Short-island': '0', 'Squeal': '0', 'Typical-entropy': '1', 'Voicing-quality': '1', 'Wide-band': '0', 'Xlong-island': '0', 'seq': '1', 'end': 5389.38, 'start': 5389.28}]",0,0,[],[]
5390110,5390770,CHI,CHN,0.0,170,CIOCX,NA,NA,NA,NA,0.0,0,-33.65,-25.07,[],0,660,[],"[{'start': 5390.11, 'end': 5390.77}]"
5390770,5391570,NA,NOF,0.0,170,CIOCX,NA,NA,NA,NA,0.0,0,-45.67,-39.61,[],0,0,[],[]
5391570,5392960,CHI,CHN,0.0,170,CIOCX,RC,0,NT,FH,2.0,380,-23.05,-12.34,"[{'Canonical-syllable': '0', 'Growl': '1', 'High-freq-energy': '0', 'Long-island': '0', 'Low-tilt-spectrum': '0', 'Medium-island': '0', 'Short-island': '0', 'Squeal': '0', 'Typical-entropy': '0', 'Voicing-quality': '0', 'Wide-band': '0', 'Xlong-island': '0', 'seq': '1', 'end': 5391.71, 'start': 5391.57}, {'Canonical-syllable': '0', 'Growl': '0', 'High-freq-energy': '0', 'Long-island': '0', 'Low-tilt-spectrum': '0', 'Medium-island': '0', 'Short-island': '1', 'Squeal': '0', 'Typical-entropy': '0', 'Voicing-quality': '1', 'Wide-band': '0', 'Xlong-island': '0', 'seq': '2', 'end': 5392.66, 'start': 5392.42}]",0,0,[],[]
5392960,5394500,NA,SIL,0.0,170,CIOCX,NA,NA,NA,NA,0.0,0,-47.84,-30.85,[],0,0,[],[]
5394500,5395100,CHI,CHN,0.0,170,CIOCX,RC,0,NT,FH,1.0,190,-33.16,-24.76,"[{'Canonical-syllable': '0', 'Growl': '1', 'High-freq-energy': '0', 'Long-island': '0', 'Low-tilt-spectrum': '1', 'Medium-island': '0', 'Short-island': '1', 'Squeal': '0', 'Typical-entropy': '1', 'Voicing-quality': '1', 'Wide-band': '0', 'Xlong-island': '0', 'seq': '1', 'end': 5395.1, 'start': 5394.91}]",0,0,[],[]
5395100,5395900,NA,MAF,0.0,170,CIOCX,NA,NA,NA,NA,0.0,0,-46.78,-36.24,[],0,0,[],[]
5395900,5396700,NA,SIL,0.0,170,CIOCX,NA,NA,NA,NA,0.0,0,-45.54,-33.5,[],0,0,[],[]
5396700,5397300,OCH,CXN,0.0,170,CIOCX,EC,0,NT,FI,0.0,0,-37.93,-28.23,[],0,0,[],[]
5397300,5398100,NA,SIL,0.0,171,pause,NA,NA,NA,NA,0.0,0,-43.07,-28.02,[],0,0,[],[]
5398100,5400790,NA,NOF,0.0,171,pause,NA,NA,NA,NA,0.0,0,-38.31,-22.83,[],0,0,[],[]
5400790,5410310,NA,SIL,0.0,171,pause,NA,NA,NA,NA,0.0,0,-41.59,-18.42,[],0,0,[],[]
5410310,5411020,CHI,CHN,0.0,171,CM,BC,0,NT,FI,1.0,200,-25.36,-16.34,"[{'Canonical-syllable': '0', 'Growl': '0', 'High-freq-energy': '0', 'Long-island': '0', 'Low-tilt-spectrum': '0', 'Medium-island': '0', 'Short-island': '1', 'Squeal': '0', 'Typical-entropy': '0', 'Voicing-quality': '1', 'Wide-band': '0', 'Xlong-island': '0', 'seq': '1', 'end': 5410.51, 'start': 5410.31}]",0,0,[],[]
5411020,5412330,CHI,CHN,0.0,171,CM,EC,0,NT,FH,2.0,820,-26.33,-17.99,"[{'Canonical-syllable': '0', 'Growl': '0', 'High-freq-energy': '0', 'Long-island': '0', 'Low-tilt-spectrum': '0', 'Medium-island': '0', 'Short-island': '1', 'Squeal': '0', 'Typical-entropy': '0', 'Voicing-quality': '1', 'Wide-band': '0', 'Xlong-island': '0', 'seq': '1', 'end': 5411.2, 'start': 5411.02}, {'Canonical-syllable': '0', 'Growl': '1', 'High-freq-energy': '0', 'Long-island': '0', 'Low-tilt-spectrum': '0', 'Medium-island': '0', 'Short-island': '2', 'Squeal': '0', 'Typical-entropy': '1', 'Voicing-quality': '2', 'Wide-band': '0', 'Xlong-island': '0', 'seq': '2', 'end': 5412.33, 'start': 5411.69}]",0,0,[],[]
5412330,5414070,NA,NOF,0.0,172,pause,NA,NA,NA,NA,0.0,0,-44.66,-33.33,[],0,0,[],[]
5414070,5414880,NA,OLF,0.0,172,pause,NA,NA,NA,NA,0.0,0,-40.12,-34.75,[],0,0,[],[]
5414880,5416130,NA,NOF,0.0,172,pause,NA,NA,NA,NA,0.0,0,-46.49,-32.81,[],0,0,[],[]
5416130,5416940,NA,CXF,0.0,172,pause,NA,NA,NA,NA,0.0,0,-32.49,-20.32,[],0,0,[],[]
5416940,5417740,NA,OLF,0.0,172,pause,NA,NA,NA,NA,0.0,0,-41.46,-30.2,[],0,0,[],[]
5417740,5418550,NA,SIL,0.0,172,pause,NA,NA,NA,NA,0.0,0,-49.33,-41.22,[],0,0,[],[]
5418550,5420450,NA,NOF,0.0,172,pause,NA,NA,NA,NA,0.0,0,-49.35,-36.08,[],0,0,[],[]
5420450,5421110,CHI,CHN,0.0,172,CM,BC,0,NT,FI,1.0,170,-24.78,-14.96,"[{'Canonical-syllable': '0', 'Growl': '1', 'High-freq-energy': '0', 'Long-island': '0', 'Low-tilt-spectrum': '0', 'Medium-island': '0', 'Short-island': '1', 'Squeal': '0', 'Typical-entropy': '0', 'Voicing-quality': '1', 'Wide-band': '0', 'Xlong-island': '0', 'seq': '1', 'end': 5420.62, 'start': 5420.45}]",0,0,[],[]
5421110,5422270,CHI,CHN,0.0,172,CM,RC,0,NT,FH,2.0,480,-25.46,-15.48,"[{'Canonical-syllable': '1', 'Growl': '0', 'High-freq-energy': '0', 'Long-island': '0', 'Low-tilt-spectrum': '0', 'Medium-island': '0', 'Short-island': '1', 'Squeal': '0', 'Typical-entropy': '0', 'Voicing-quality': '1', 'Wide-band': '0', 'Xlong-island': '0', 'seq': '1', 'end': 5421.48, 'start': 5421.36}, {'Canonical-syllable': '0', 'Growl': '0', 'High-freq-energy': '0', 'Long-island': '0', 'Low-tilt-spectrum': '0', 'Medium-island': '0', 'Short-island': '0', 'Squeal': '0', 'Typical-entropy': '0', 'Voicing-quality': '1', 'Wide-band': '0', 'Xlong-island': '0', 'seq': '2', 'end': 5422.16, 'start': 5422.05}]",0,0,[],[]
5422270,5425150,CHI,CHN,0.0,172,CM,RC,0,NT,FH,3.0,1560,-30.95,-19.42,"[{'Canonical-syllable': '0', 'Growl': '0', 'High-freq-energy': '0', 'Long-island': '0', 'Low-tilt-spectrum': '0', 'Medium-island': '0', 'Short-island': '1', 'Squeal': '0', 'Typical-entropy': '0', 'Voicing-quality': '2', 'Wide-band': '0', 'Xlong-island': '0', 'seq': '1', 'end': 5422.78, 'start': 5422.27}, {'Canonical-syllable': '1', 'Growl': '1', 'High-freq-energy': '0', 'Long-island': '0', 'Low-tilt-spectrum': '1', 'Medium-island': '0', 'Short-island': '1', 'Squeal': '0', 'Typical-entropy': '0', 'Voicing-quality': '3', 'Wide-band': '1', 'Xlong-island': '0', 'seq': '2', 'end': 5423.87, 'start': 5423.33}, {'Canonical-syllable': '0', 'Growl': '2', 'High-freq-energy': '0', 'Long-island': '0', 'Low-tilt-spectrum': '1', 'Medium-island': '0', 'Short-island': '2', 'Squeal': '0', 'Typical-entropy': '1', 'Voicing-quality': '1', 'Wide-band': '0', 'Xlong-island': '0', 'seq': '3', 'end': 5425.15, 'start': 5424.64}]",0,0,[],[]
5425150,5425950,NA,NOF,0.0,172,CM,NA,NA,NA,NA,0.0,0,-40.19,-26.36,[],0,0,[],[]
5425950,5426910,CHI,CHN,0.0,172,CM,EC,0,NT,FH,1.0,960,-16.43,-11.91,"[{'Canonical-syllable': '0', 'Growl': '0', 'High-freq-energy': '0', 'Long-island': '0', 'Low-tilt-spectrum': '0', 'Medium-island': '1', 'Short-island': '1', 'Squeal': '0', 'Typical-entropy': '0', 'Voicing-quality': '2', 'Wide-band': '0', 'Xlong-island': '0', 'seq': '1', 'end': 5426.91, 'start': 5425.95}]",0,0,[],[]
5426910,5428820,NA,CHF,0.0,173,pause,NA,NA,NA,NA,0.0,0,-44.71,-28.04,[],0,1610,[],"[{'start': 5427.1, 'end': 5428.71}]"
5428820,5429640,NA,SIL,0.0,173,pause,NA,NA,NA,NA,0.0,0,-55.14,-42.42,[],0,0,[],[]
5429640,5432470,NA,NOF,0.0,173,pause,NA,NA,NA,NA,0.0,0,-38.71,-23.41,[],0,0,[],[]
5432470,5433470,NA,FAF,0.0,173,pause,NA,NA,NA,NA,0.0,0,-41.08,-31.89,[],0,0,[],[]
5433470,5434710,NA,OLN,0.0,173,pause,NA,NA,NA,NA,0.0,0,-26.62,-14.28,[],0,0,[],[]
5434710,5436350,NA,NOF,0.0,173,pause,NA,NA,NA,NA,0.0,0,-33.92,-21.64,[],0,0,[],[]
5436350,5437160,NA,SIL,0.0,173,pause,NA,NA,NA,NA,0.0,0,-51.57,-42.25,[],0,0,[],[]
5437160,5447540,NA,NOF,0.0,173,pause,NA,NA,NA,NA,0.0,0,-27.33,-7.97,[],0,0,[],[]
5447540,5448380,NA,OLN,0.0,173,pause,NA,NA,NA,NA,0.0,0,-22.86,-13.44,[],0,0,[],[]
5448380,5451540,NA,NON,0.0,173,pause,NA,NA,NA,NA,0.0,0,-40.22,-29.94,[],0,0,[],[]
5451540,5452380,NA,SIL,0.0,173,pause,NA,NA,NA,NA,0.0,0,-57.78,-53.4,[],0,0,[],[]
5452380,5453180,NA,NOF,0.0,173,pause,NA,NA,NA,NA,0.0,0,-51.34,-47.23,[],0,0,[],[]
5453180,5457910,NA,SIL,0.0,173,pause,NA,NA,NA,NA,0.0,0,-54.47,-38.46,[],0,0,[],[]
5457910,5461330,NA,NOF,0.0,173,pause,NA,NA,NA,NA,0.0,0,-42.92,-24.88,[],0,0,[],[]
5461330,5462130,NA,SIL,0.0,173,pause,NA,NA,NA,NA,0.0,0,-56.93,-51.37,[],0,0,[],[]
5462130,5463590,NA,NOF,0.0,173,pause,NA,NA,NA,NA,0.0,0,-16.78,-2.58,[],0,0,[],[]
5463590,5464480,NA,OLN,0.0,173,pause,NA,NA,NA,NA,0.0,0,-29.08,-12.46,[],0,0,[],[]
5464480,5465630,NA,NON,0.0,173,pause,NA,NA,NA,NA,0.0,0,-19.76,-3.83,[],0,0,[],[]
5465630,5466860,NA,SIL,0.0,173,pause,NA,NA,NA,NA,0.0,0,-46.45,-42.06,[],0,0,[],[]
5466860,5468410,NA,NOF,0.0,173,pause,NA,NA,NA,NA,0.0,0,-46.49,-41.05,[],0,0,[],[]
5468410,5469210,NA,OLN,0.0,173,pause,NA,NA,NA,NA,0.0,0,-25.92,-10.03,[],0,0,[],[]
5469210,5472760,NA,NON,0.0,173,pause,NA,NA,NA,NA,0.0,0,-25.71,-12.26,[],0,0,[],[]
5472760,5473560,NA,OLN,0.0,173,pause,NA,NA,NA,NA,0.0,0,-28.83,-20.13,[],0,0,[],[]
5473560,5474370,NA,NOF,0.0,173,pause,NA,NA,NA,NA,0.0,0,-37.43,-27.71,[],0,0,[],[]
5474370,5474970,CHI,CHN,0.0,173,CM,EC,0,NT,FI,1.0,140,-23.66,-12.63,"[{'Canonical-syllable': '0', 'Growl': '0', 'High-freq-energy': '0', 'Long-island': '0', 'Low-tilt-spectrum': '0', 'Medium-island': '0', 'Short-island': '0', 'Squeal': '0', 'Typical-entropy': '1', 'Voicing-quality': '1', 'Wide-band': '0', 'Xlong-island': '0', 'seq': '1', 'end': 5474.51, 'start': 5474.37}]",0,0,[],[]
5474970,5476790,NA,NOF,0.0,174,pause,NA,NA,NA,NA,0.0,0,-30.87,-19.49,[],0,0,[],[]
5476790,5477630,NA,OLN,0.0,174,pause,NA,NA,NA,NA,0.0,0,-31.68,-29.11,[],0,0,[],[]
5477630,5479090,NA,NOF,0.0,174,pause,NA,NA,NA,NA,0.0,0,-18.38,-7.01,[],0,0,[],[]
5479090,5481710,NA,OLN,0.0,174,pause,NA,NA,NA,NA,0.0,0,-25.73,-7.67,[],0,0,[],[]
5481710,5482510,NA,NOF,0.0,174,pause,NA,NA,NA,NA,0.0,0,-34.48,-24.31,[],0,0,[],[]
5482510,5484180,NA,FAF,0.0,174,pause,NA,NA,NA,NA,0.0,0,-40.18,-27.83,[],0,0,[],[]
5484180,5485410,NA,SIL,0.0,174,pause,NA,NA,NA,NA,0.0,0,-54.14,-40.97,[],0,0,[],[]
5485410,5486590,CHI,CHN,0.0,174,CIC,BC,0,NT,FI,1.0,1180,-18.86,-11.36,"[{'Canonical-syllable': '1', 'Growl': '0', 'High-freq-energy': '0', 'Long-island': '0', 'Low-tilt-spectrum': '0', 'Medium-island': '1', 'Short-island': '3', 'Squeal': '0', 'Typical-entropy': '1', 'Voicing-quality': '4', 'Wide-band': '0', 'Xlong-island': '0', 'seq': '1', 'end': 5486.59, 'start': 5485.41}]",0,0,[],[]
5486590,5487340,CHI,CHN,0.0,174,CIC,RC,0,TIFI,FH,1.0,510,-20.1,-14.37,"[{'Canonical-syllable': '0', 'Growl': '0', 'High-freq-energy': '0', 'Long-island': '0', 'Low-tilt-spectrum': '0', 'Medium-island': '1', 'Short-island': '0', 'Squeal': '0', 'Typical-entropy': '0', 'Voicing-quality': '1', 'Wide-band': '0', 'Xlong-island': '0', 'seq': '1', 'end': 5487.1, 'start': 5486.59}]",0,0,[],[]
5487340,5488140,NA,FAF,0.0,174,CIC,NA,NA,NA,NA,0.0,0,-48.94,-39.86,[],0,0,[],[]
5488140,5489270,FEM,FAN,2.14,174,CIC,RC,1,TIFR,FI,0.0,0,-39.88,-32.35,[],0,0,[],[]
5489270,5490920,NA,SIL,0.0,174,CIC,NA,NA,NA,NA,0.0,0,-57.23,-44.82,[],0,0,[],[]
5490920,5491520,CHI,CHN,0.0,174,CIC,RC,1,TIFE,FI,1.0,600,-16.4,-11.38,"[{'Canonical-syllable': '0', 'Growl': '0', 'High-freq-energy': '0', 'Long-island': '0', 'Low-tilt-spectrum': '0', 'Medium-island': '1', 'Short-island': '0', 'Squeal': '0', 'Typical-entropy': '0', 'Voicing-quality': '1', 'Wide-band': '0', 'Xlong-island': '0', 'seq': '1', 'end': 5491.52, 'start': 5491.07}]",0,0,[],[]
5491520,5492600,CHI,CHN,0.0,174,CIC,RC,1,NT,FH,1.0,710,-18.71,-10.33,"[{'Canonical-syllable': '0', 'Growl': '0', 'High-freq-energy': '0', 'Long-island': '1', 'Low-tilt-spectrum': '0', 'Medium-island': '0', 'Short-island': '0', 'Squeal': '0', 'Typical-entropy': '0', 'Voicing-quality': '1', 'Wide-band': '0', 'Xlong-island': '0', 'seq': '1', 'end': 5492.6, 'start': 5491.89}]",0,0,[],[]
5492600,5493600,CHI,CHN,0.0,174,CIC,RC,1,NT,FH,1.0,720,-17.97,-8.48,"[{'Canonical-syllable': '0', 'Growl': '0', 'High-freq-energy': '0', 'Long-island': '0', 'Low-tilt-spectrum': '0', 'Medium-island': '2', 'Short-island': '0', 'Squeal': '0', 'Typical-entropy': '1', 'Voicing-quality': '2', 'Wide-band': '0', 'Xlong-island': '0', 'seq': '1', 'end': 5493.32, 'start': 5492.6}]",0,0,[],[]
5493600,5494470,NA,NON,0.0,174,CIC,NA,NA,NA,NA,0.0,0,-42.38,-35.83,[],0,0,[],[]
5494470,5495470,NA,FAF,0.0,174,CIC,NA,NA,NA,NA,0.0,0,-41.2,-34.63,[],0,0,[],[]
5495470,5497030,NA,SIL,0.0,174,CIC,NA,NA,NA,NA,0.0,0,-57.82,-46.48,[],0,0,[],[]
5497030,5498130,CHI,CHN,0.0,174,CIC,EC,1,NT,FH,1.0,1100,-14.6,-9.83,"[{'Canonical-syllable': '0', 'Growl': '0', 'High-freq-energy': '0', 'Long-island': '0', 'Low-tilt-spectrum': '0', 'Medium-island': '0', 'Short-island': '0', 'Squeal': '0', 'Typical-entropy': '0', 'Voicing-quality': '1', 'Wide-band': '0', 'Xlong-island': '1', 'seq': '1', 'end': 5498.13, 'start': 5497.18}]",0,0,[],[]
5498130,5499070,NA,NON,0.0,175,pause,NA,NA,NA,NA,0.0,0,-32.46,-25.81,[],0,0,[],[]
5499070,5500390,NA,SIL,0.0,175,pause,NA,NA,NA,NA,0.0,0,-56.39,-52.91,[],0,0,[],[]
5500390,5503390,NA,NOF,0.0,175,pause,NA,NA,NA,NA,0.0,0,-26.18,-9.94,[],0,0,[],[]
5503390,5504190,NA,SIL,0.0,175,pause,NA,NA,NA,NA,0.0,0,-50.74,-39.77,[],0,0,[],[]
5504190,5505250,NA,NON,0.0,175,pause,NA,NA,NA,NA,0.0,0,-34.27,-19.13,[],0,0,[],[]
5505250,5505850,CHI,CHN,0.0,175,CM,EC,0,NT,FI,1.0,600,-34.69,-27.98,"[{'Canonical-syllable': '0', 'Growl': '0', 'High-freq-energy': '0', 'Long-island': '0', 'Low-tilt-spectrum': '0', 'Medium-island': '1', 'Short-island': '0', 'Squeal': '0', 'Typical-entropy': '0', 'Voicing-quality': '1', 'Wide-band': '0', 'Xlong-island': '0', 'seq': '1', 'end': 5505.85, 'start': 5505.45}]",0,0,[],[]
5505850,5508140,NA,NOF,0.0,176,pause,NA,NA,NA,NA,0.0,0,-22.03,-6.63,[],0,0,[],[]
5508140,5508970,NA,OLF,0.0,176,pause,NA,NA,NA,NA,0.0,0,-38.38,-26.83,[],0,0,[],[]
5508970,5511100,NA,NOF,0.0,176,pause,NA,NA,NA,NA,0.0,0,-42.21,-27.46,[],0,0,[],[]
5511100,5512970,CHI,CHN,0.0,176,CM,BC,0,NT,FI,1.0,1870,-18.0,-11.31,"[{'Canonical-syllable': '2', 'Growl': '1', 'High-freq-energy': '0', 'Long-island': '0', 'Low-tilt-spectrum': '1', 'Medium-island': '2', 'Short-island': '2', 'Squeal': '0', 'Typical-entropy': '4', 'Voicing-quality': '5', 'Wide-band': '0', 'Xlong-island': '0', 'seq': '1', 'end': 5512.97, 'start': 5511.1}]",0,0,[],[]
5512970,5515590,NA,NOF,0.0,176,CM,NA,NA,NA,NA,0.0,0,-41.65,-26.97,[],0,0,[],[]
5515590,5516590,CHI,CHN,0.0,176,CM,RC,0,NT,FH,1.0,1000,-21.22,-14.42,"[{'Canonical-syllable': '0', 'Growl': '0', 'High-freq-energy': '0', 'Long-island': '0', 'Low-tilt-spectrum': '1', 'Medium-island': '0', 'Short-island': '0', 'Squeal': '0', 'Typical-entropy': '1', 'Voicing-quality': '1', 'Wide-band': '0', 'Xlong-island': '1', 'seq': '1', 'end': 5516.59, 'start': 5515.59}]",0,0,[],[]
5516590,5517760,NA,OLN,0.0,176,CM,NA,NA,NA,NA,0.0,0,-20.04,-11.73,[],0,0,[],[]
5517760,5518360,CHI,CHN,0.0,176,CM,RC,0,NT,FH,1.0,520,-18.29,-12.13,"[{'Canonical-syllable': '1', 'Growl': '0', 'High-freq-energy': '0', 'Long-island': '0', 'Low-tilt-spectrum': '0', 'Medium-island': '1', 'Short-island': '0', 'Squeal': '0', 'Typical-entropy': '0', 'Voicing-quality': '1', 'Wide-band': '0', 'Xlong-island': '0', 'seq': '1', 'end': 5518.28, 'start': 5517.76}]",0,0,[],[]
5518360,5519160,NA,NOF,0.0,176,CM,NA,NA,NA,NA,0.0,0,-40.77,-31.13,[],0,0,[],[]
5519160,5520100,CHI,CHN,0.0,176,CM,RC,0,NT,FH,1.0,940,-15.73,-11.32,"[{'Canonical-syllable': '1', 'Growl': '2', 'High-freq-energy': '0', 'Long-island': '0', 'Low-tilt-spectrum': '1', 'Medium-island': '1', 'Short-island': '1', 'Squeal': '0', 'Typical-entropy': '2', 'Voicing-quality': '3', 'Wide-band': '1', 'Xlong-island': '0', 'seq': '1', 'end': 5520.1, 'start': 5519.16}]",0,0,[],[]
5520100,5520900,NA,OLN,0.0,176,CM,NA,NA,NA,NA,0.0,0,-25.1,-16.51,[],0,0,[],[]
5520900,5521890,CHI,CHN,0.0,176,CM,RC,0,NT,FH,1.0,990,-15.8,-9.31,"[{'Canonical-syllable': '0', 'Growl': '0', 'High-freq-energy': '0', 'Long-island': '1', 'Low-tilt-spectrum': '0', 'Medium-island': '0', 'Short-island': '1', 'Squeal': '0', 'Typical-entropy': '1', 'Voicing-quality': '2', 'Wide-band': '0', 'Xlong-island': '0', 'seq': '1', 'end': 5521.89, 'start': 5520.9}]",0,0,[],[]
5521890,5525690,NA,SIL,0.0,176,CM,NA,NA,NA,NA,0.0,0,-55.83,-42.33,[],0,0,[],[]
5525690,5527250,CHI,CHN,0.0,176,CM,RC,0,NT,FH,1.0,1220,-16.27,-9.28,"[{'Canonical-syllable': '0', 'Growl': '2', 'High-freq-energy': '0', 'Long-island': '1', 'Low-tilt-spectrum': '0', 'Medium-island': '0', 'Short-island': '1', 'Squeal': '0', 'Typical-entropy': '3', 'Voicing-quality': '3', 'Wide-band': '0', 'Xlong-island': '0', 'seq': '1', 'end': 5526.91, 'start': 5525.69}]",0,0,[],[]
5527250,5528360,NA,OLN,0.0,176,CM,NA,NA,NA,NA,0.0,0,-27.27,-15.26,[],0,0,[],[]
5528360,5529060,CHI,CHN,0.0,176,CM,RC,0,NT,FH,1.0,700,-15.71,-8.83,"[{'Canonical-syllable': '0', 'Growl': '0', 'High-freq-energy': '0', 'Long-island': '1', 'Low-tilt-spectrum': '1', 'Medium-island': '0', 'Short-island': '0', 'Squeal': '0', 'Typical-entropy': '0', 'Voicing-quality': '1', 'Wide-band': '0', 'Xlong-island': '0', 'seq': '1', 'end': 5529.06, 'start': 5528.36}]",0,0,[],[]
5529060,5532050,NA,NOF,0.0,176,CM,NA,NA,NA,NA,0.0,0,-42.4,-29.51,[],0,0,[],[]
5532050,5532850,NA,OLF,0.0,176,CM,NA,NA,NA,NA,0.0,0,-27.23,-18.91,[],0,0,[],[]
5532850,5533450,CHI,CHN,0.0,176,CM,EC,0,NT,FH,1.0,600,-17.56,-12.25,"[{'Canonical-syllable': '0', 'Growl': '0', 'High-freq-energy': '0', 'Long-island': '0', 'Low-tilt-spectrum': '0', 'Medium-island': '1', 'Short-island': '0', 'Squeal': '0', 'Typical-entropy': '0', 'Voicing-quality': '1', 'Wide-band': '0', 'Xlong-island': '0', 'seq': '1', 'end': 5533.45, 'start': 5532.85}]",0,0,[],[]
5533450,5534250,NA,OLN,0.0,177,pause,NA,NA,NA,NA,0.0,0,-31.16,-22.43,[],0,0,[],[]
5534250,5535050,NA,NOF,0.0,177,pause,NA,NA,NA,NA,0.0,0,-42.53,-30.57,[],0,0,[],[]
5535050,5535850,NA,OLF,0.0,177,pause,NA,NA,NA,NA,0.0,0,-41.32,-32.21,[],0,0,[],[]
5535850,5537090,NA,SIL,0.0,177,pause,NA,NA,NA,NA,0.0,0,-54.34,-47.0,[],0,0,[],[]
5537090,5546540,NA,NOF,0.0,177,pause,NA,NA,NA,NA,0.0,0,-42.71,-22.0,[],0,0,[],[]
5546540,5547360,NA,SIL,0.0,177,pause,NA,NA,NA,NA,0.0,0,-52.33,-46.12,[],0,0,[],[]
5547360,5552900,NA,NOF,0.0,177,pause,NA,NA,NA,NA,0.0,0,-39.05,-20.38,[],0,0,[],[]
5552900,5553720,NA,OLN,0.0,177,pause,NA,NA,NA,NA,0.0,0,-22.89,-9.24,[],0,0,[],[]
5553720,5557720,NA,NON,0.0,177,pause,NA,NA,NA,NA,0.0,0,-25.55,-9.42,[],0,0,[],[]
5557720,5559000,NA,SIL,0.0,177,pause,NA,NA,NA,NA,0.0,0,-50.01,-35.47,[],0,0,[],[]
5559000,5562470,NA,NOF,0.0,177,pause,NA,NA,NA,NA,0.0,0,-35.84,-20.14,[],0,0,[],[]
5562470,5563490,NA,SIL,0.0,177,pause,NA,NA,NA,NA,0.0,0,-49.69,-42.06,[],0,0,[],[]
5563490,5567740,NA,NOF,0.0,177,pause,NA,NA,NA,NA,0.0,0,-33.93,-19.41,[],0,0,[],[]
5567740,5568340,CHI,CHN,0.0,177,CM,EC,0,NT,FI,1.0,420,-19.24,-11.61,"[{'Canonical-syllable': '1', 'Growl': '0', 'High-freq-energy': '0', 'Long-island': '0', 'Low-tilt-spectrum': '0', 'Medium-island': '1', 'Short-island': '0', 'Squeal': '0', 'Typical-entropy': '1', 'Voicing-quality': '1', 'Wide-band': '0', 'Xlong-island': '0', 'seq': '1', 'end': 5568.16, 'start': 5567.74}]",0,0,[],[]
5568340,5579170,NA,NOF,0.0,178,pause,NA,NA,NA,NA,0.0,0,-29.83,-10.38,[],0,0,[],[]
5579170,5579980,NA,SIL,0.0,178,pause,NA,NA,NA,NA,0.0,0,-35.07,-20.86,[],0,0,[],[]
5579980,5581150,NA,OLF,0.0,178,pause,NA,NA,NA,NA,0.0,0,-27.81,-14.72,[],0,0,[],[]
5581150,5581950,NA,SIL,0.0,178,pause,NA,NA,NA,NA,0.0,0,-26.26,-10.69,[],0,0,[],[]
5581950,5582900,CHI,CHN,0.0,178,CM,BC,0,NT,FI,1.0,950,-23.1,-16.52,"[{'Canonical-syllable': '1', 'Growl': '0', 'High-freq-energy': '1', 'Long-island': '0', 'Low-tilt-spectrum': '1', 'Medium-island': '1', 'Short-island': '1', 'Squeal': '0', 'Typical-entropy': '2', 'Voicing-quality': '3', 'Wide-band': '0', 'Xlong-island': '0', 'seq': '1', 'end': 5582.9, 'start': 5581.95}]",0,0,[],[]
5582900,5583740,NA,NOF,0.0,178,CM,NA,NA,NA,NA,0.0,0,-51.09,-44.45,[],0,0,[],[]
5583740,5584540,NA,FAF,0.0,178,CM,NA,NA,NA,NA,0.0,0,-48.34,-43.78,[],0,0,[],[]
5584540,5586300,NA,SIL,0.0,178,CM,NA,NA,NA,NA,0.0,0,-55.39,-45.24,[],0,0,[],[]
5586300,5587010,CHI,CHN,0.0,178,CM,RC,0,NT,FH,1.0,710,-19.63,-12.77,"[{'Canonical-syllable': '0', 'Growl': '0', 'High-freq-energy': '0', 'Long-island': '0', 'Low-tilt-spectrum': '1', 'Medium-island': '1', 'Short-island': '0', 'Squeal': '0', 'Typical-entropy': '1', 'Voicing-quality': '1', 'Wide-band': '0', 'Xlong-island': '0', 'seq': '1', 'end': 5587.01, 'start': 5586.55}]",0,0,[],[]
5587010,5587860,NA,NOF,0.0,178,CM,NA,NA,NA,NA,0.0,0,-45.98,-39.37,[],0,0,[],[]
5587860,5588560,CHI,CHN,0.0,178,CM,RC,0,NT,FH,1.0,320,-17.39,-9.21,"[{'Canonical-syllable': '1', 'Growl': '0', 'High-freq-energy': '0', 'Long-island': '0', 'Low-tilt-spectrum': '1', 'Medium-island': '1', 'Short-island': '0', 'Squeal': '0', 'Typical-entropy': '1', 'Voicing-quality': '1', 'Wide-band': '0', 'Xlong-island': '0', 'seq': '1', 'end': 5588.56, 'start': 5588.24}]",0,380,"[{'start': 5587.86, 'end': 5588.24}]",[]
5588560,5589570,NA,OLN,0.0,178,CM,NA,NA,NA,NA,0.0,0,-20.7,-6.36,[],0,0,[],[]
5589570,5590430,NA,OLF,0.0,178,CM,NA,NA,NA,NA,0.0,0,-33.24,-21.87,[],0,0,[],[]
5590430,5592770,CHI,CHN,0.0,178,CM,EC,0,NT,FH,2.0,1560,-20.09,-9.86,"[{'Canonical-syllable': '0', 'Growl': '0', 'High-freq-energy': '0', 'Long-island': '1', 'Low-tilt-spectrum': '1', 'Medium-island': '0', 'Short-island': '0', 'Squeal': '0', 'Typical-entropy': '1', 'Voicing-quality': '1', 'Wide-band': '0', 'Xlong-island': '0', 'seq': '1', 'end': 5591.23, 'start': 5590.43}, {'Canonical-syllable': '1', 'Growl': '0', 'High-freq-energy': '0', 'Long-island': '0', 'Low-tilt-spectrum': '1', 'Medium-island': '1', 'Short-island': '0', 'Squeal': '0', 'Typical-entropy': '1', 'Voicing-quality': '2', 'Wide-band': '0', 'Xlong-island': '0', 'seq': '2', 'end': 5592.77, 'start': 5592.01}]",0,0,[],[]
5592770,5602260,NA,NOF,0.0,179,pause,NA,NA,NA,NA,0.0,0,-25.32,-2.81,[],0,0,[],[]
5602260,5603150,NA,OLN,0.0,179,pause,NA,NA,NA,NA,0.0,0,-24.84,-11.84,[],0,0,[],[]
5603150,5605090,NA,NOF,0.0,179,pause,NA,NA,NA,NA,0.0,0,-26.27,-11.79,[],0,0,[],[]
5605090,5606380,CHI,CHN,0.0,179,CIC,BC,0,NT,FI,1.0,950,-21.82,-11.82,"[{'Canonical-syllable': '1', 'Growl': '0', 'High-freq-energy': '0', 'Long-island': '0', 'Low-tilt-spectrum': '1', 'Medium-island': '1', 'Short-island': '2', 'Squeal': '0', 'Typical-entropy': '1', 'Voicing-quality': '3', 'Wide-band': '0', 'Xlong-island': '0', 'seq': '1', 'end': 5606.04, 'start': 5605.09}]",0,0,[],[]
5606380,5607500,NA,OLN,0.0,179,CIC,NA,NA,NA,NA,0.0,0,-31.84,-24.6,[],0,0,[],[]
5607500,5608790,NA,NOF,0.0,179,CIC,NA,NA,NA,NA,0.0,0,-44.79,-36.89,[],0,0,[],[]
5608790,5610520,CHI,CHN,0.0,179,CIC,RC,0,TIFI,FH,3.0,880,-31.19,-22.95,"[{'Canonical-syllable': '0', 'Growl': '0', 'High-freq-energy': '0', 'Long-island': '0', 'Low-tilt-spectrum': '0', 'Medium-island': '1', 'Short-island': '0', 'Squeal': '0', 'Typical-entropy': '0', 'Voicing-quality': '1', 'Wide-band': '0', 'Xlong-island': '0', 'seq': '1', 'end': 5609.06, 'start': 5608.79}, {'Canonical-syllable': '0', 'Growl': '0', 'High-freq-energy': '0', 'Long-island': '0', 'Low-tilt-spectrum': '0', 'Medium-island': '1', 'Short-island': '0', 'Squeal': '0', 'Typical-entropy': '0', 'Voicing-quality': '1', 'Wide-band': '0', 'Xlong-island': '0', 'seq': '2', 'end': 5610.11, 'start': 5609.6}, {'Canonical-syllable': '0', 'Growl': '0', 'High-freq-energy': '0', 'Long-island': '0', 'Low-tilt-spectrum': '0', 'Medium-island': '0', 'Short-island': '0', 'Squeal': '0', 'Typical-entropy': '0', 'Voicing-quality': '0', 'Wide-band': '0', 'Xlong-island': '0', 'seq': '3', 'end': 5610.52, 'start': 5610.42}]",0,0,[],[]
5610520,5611520,FEM,FAN,2.58,179,CIC,RC,1,TIFR,FI,0.0,0,-32.94,-24.74,[],0,0,[],[]
5611520,5615690,CHI,CHN,0.0,179,CIC,RC,1,TIFE,FI,4.0,1780,-22.01,-8.74,"[{'Canonical-syllable': '0', 'Growl': '0', 'High-freq-energy': '0', 'Long-island': '0', 'Low-tilt-spectrum': '0', 'Medium-island': '0', 'Short-island': '1', 'Squeal': '0', 'Typical-entropy': '0', 'Voicing-quality': '1', 'Wide-band': '1', 'Xlong-island': '0', 'seq': '1', 'end': 5611.65, 'start': 5611.52}, {'Canonical-syllable': '1', 'Growl': '0', 'High-freq-energy': '0', 'Long-island': '0', 'Low-tilt-spectrum': '0', 'Medium-island': '0', 'Short-island': '1', 'Squeal': '0', 'Typical-entropy': '1', 'Voicing-quality': '1', 'Wide-band': '0', 'Xlong-island': '0', 'seq': '2', 'end': 5612.33, 'start': 5612.21}, {'Canonical-syllable': '1', 'Growl': '0', 'High-freq-energy': '0', 'Long-island': '0', 'Low-tilt-spectrum': '0', 'Medium-island': '0', 'Short-island': '1', 'Squeal': '0', 'Typical-entropy': '1', 'Voicing-quality': '1', 'Wide-band': '0', 'Xlong-island': '0', 'seq': '3', 'end': 5613.59, 'start': 5613.38}, {'Canonical-syllable': '1', 'Growl': '0', 'High-freq-energy': '0', 'Long-island': '1', 'Low-tilt-spectrum': '0', 'Medium-island': '0', 'Short-island': '2', 'Squeal': '1', 'Typical-entropy': '2', 'Voicing-quality': '3', 'Wide-band': '0', 'Xlong-island': '0', 'seq': '4', 'end': 5615.69, 'start': 5614.37}]",0,0,[],[]
5615690,5616940,NA,SIL,0.0,179,CIC,NA,NA,NA,NA,0.0,0,-55.45,-41.0,[],0,0,[],[]
5616940,5617550,CHI,CHN,0.0,179,CIC,RC,1,NT,FH,1.0,520,-20.69,-12.73,"[{'Canonical-syllable': '0', 'Growl': '0', 'High-freq-energy': '0', 'Long-island': '0', 'Low-tilt-spectrum': '0', 'Medium-island': '0', 'Short-island': '1', 'Squeal': '0', 'Typical-entropy': '0', 'Voicing-quality': '1', 'Wide-band': '0', 'Xlong-island': '0', 'seq': '1', 'end': 5617.46, 'start': 5617.21}]",0,0,[],[]
5617550,5618780,CHI,CHN,0.0,179,CIC,RC,1,NT,FH,2.0,310,-29.95,-18.07,"[{'Canonical-syllable': '1', 'Growl': '0', 'High-freq-energy': '0', 'Long-island': '0', 'Low-tilt-spectrum': '0', 'Medium-island': '0', 'Short-island': '1', 'Squeal': '0', 'Typical-entropy': '0', 'Voicing-quality': '1', 'Wide-band': '0', 'Xlong-island': '0', 'seq': '1', 'end': 5618.3, 'start': 5618.11}, {'Canonical-syllable': '0', 'Growl': '0', 'High-freq-energy': '0', 'Long-island': '0', 'Low-tilt-spectrum': '0', 'Medium-island': '0', 'Short-island': '0', 'Squeal': '0', 'Typical-entropy': '0', 'Voicing-quality': '1', 'Wide-band': '0', 'Xlong-island': '0', 'seq': '2', 'end': 5618.78, 'start': 5618.66}]",0,0,[],[]
5618780,5620160,NA,SIL,0.0,179,CIC,NA,NA,NA,NA,0.0,0,-60.12,-52.25,[],0,0,[],[]
5620160,5620810,CHI,CHN,0.0,179,CIC,RC,1,NT,FH,1.0,650,-34.27,-29.2,"[{'Canonical-syllable': '0', 'Growl': '0', 'High-freq-energy': '0', 'Long-island': '0', 'Low-tilt-spectrum': '0', 'Medium-island': '1', 'Short-island': '0', 'Squeal': '0', 'Typical-entropy': '1', 'Voicing-quality': '1', 'Wide-band': '0', 'Xlong-island': '0', 'seq': '1', 'end': 5620.81, 'start': 5620.16}]",0,0,[],[]
5620810,5625610,NA,SIL,0.0,179,CIC,NA,NA,NA,NA,0.0,0,-53.98,-35.43,[],0,0,[],[]
5625610,5626210,CHI,CHN,0.0,179,CIC,RC,1,TIFI,FH,1.0,420,-27.69,-21.07,"[{'Canonical-syllable': '1', 'Growl': '0', 'High-freq-energy': '0', 'Long-island': '0', 'Low-tilt-spectrum': '1', 'Medium-island': '1', 'Short-island': '0', 'Squeal': '0', 'Typical-entropy': '0', 'Voicing-quality': '1', 'Wide-band': '0', 'Xlong-island': '0', 'seq': '1', 'end': 5626.03, 'start': 5625.77}]",0,0,[],[]
5626210,5627860,NA,NOF,0.0,179,CIC,NA,NA,NA,NA,0.0,0,-41.11,-21.89,[],0,0,[],[]
5627860,5628670,NA,OLF,0.0,179,CIC,NA,NA,NA,NA,0.0,0,-37.78,-30.84,[],0,0,[],[]
5628670,5630010,NA,NOF,0.0,179,CIC,NA,NA,NA,NA,0.0,0,-44.12,-30.79,[],0,0,[],[]
5630010,5631100,FEM,FAN,2.19,179,CIC,RC,2,TIFR,FI,0.0,0,-38.92,-32.25,[],0,0,[],[]
5631100,5633100,CHI,CHN,0.0,179,CIC,RC,2,TIFE,FI,1.0,1530,-19.05,-10.79,"[{'Canonical-syllable': '1', 'Growl': '0', 'High-freq-energy': '0', 'Long-island': '0', 'Low-tilt-spectrum': '1', 'Medium-island': '1', 'Short-island': '4', 'Squeal': '0', 'Typical-entropy': '4', 'Voicing-quality': '6', 'Wide-band': '0', 'Xlong-island': '0', 'seq': '1', 'end': 5633.1, 'start': 5631.57}]",0,0,[],[]
5633100,5634320,NA,NOF,0.0,179,CIC,NA,NA,NA,NA,0.0,0,-47.51,-35.84,[],0,0,[],[]
5634320,5635290,OCH,CXN,0.0,179,CIC,RC,2,NT,FI,0.0,0,-40.82,-33.08,[],0,0,[],[]
5635290,5635890,CHI,CHN,0.0,179,CIC,NA,NA,NA,NA,0.0,0,-22.53,-12.31,[],0,310,"[{'start': 5635.58, 'end': 5635.89}]",[]
5635890,5636690,NA,CXF,0.0,179,CIC,NA,NA,NA,NA,0.0,0,-43.14,-36.19,[],0,0,[],[]
5636690,5637490,NA,SIL,0.0,179,CIC,NA,NA,NA,NA,0.0,0,-53.58,-43.97,[],0,0,[],[]
5637490,5638090,CHI,CHN,0.0,179,CIC,EC,2,NT,FI,1.0,320,-20.86,-13.13,"[{'Canonical-syllable': '0', 'Growl': '0', 'High-freq-energy': '0', 'Long-island': '0', 'Low-tilt-spectrum': '0', 'Medium-island': '1', 'Short-island': '0', 'Squeal': '0', 'Typical-entropy': '0', 'Voicing-quality': '1', 'Wide-band': '0', 'Xlong-island': '0', 'seq': '1', 'end': 5637.81, 'start': 5637.49}]",0,0,[],[]
5638090,5640100,NA,OLF,0.0,180,pause,NA,NA,NA,NA,0.0,0,-21.85,-7.66,[],0,0,[],[]
5640100,5640900,NA,SIL,0.0,180,pause,NA,NA,NA,NA,0.0,0,-46.61,-34.79,[],0,0,[],[]
5640900,5644210,NA,NOF,0.0,180,pause,NA,NA,NA,NA,0.0,0,-42.79,-26.0,[],0,0,[],[]
5644210,5649060,CHI,CHN,0.0,180,CM,BC,0,NT,FI,4.0,3300,-20.09,-9.12,"[{'Canonical-syllable': '0', 'Growl': '0', 'High-freq-energy': '0', 'Long-island': '0', 'Low-tilt-spectrum': '0', 'Medium-island': '0', 'Short-island': '1', 'Squeal': '0', 'Typical-entropy': '1', 'Voicing-quality': '1', 'Wide-band': '0', 'Xlong-island': '0', 'seq': '1', 'end': 5644.39, 'start': 5644.21}, {'Canonical-syllable': '1', 'Growl': '0', 'High-freq-energy': '1', 'Long-island': '0', 'Low-tilt-spectrum': '0', 'Medium-island': '2', 'Short-island': '0', 'Squeal': '0', 'Typical-entropy': '2', 'Voicing-quality': '2', 'Wide-band': '0', 'Xlong-island': '0', 'seq': '2', 'end': 5645.91, 'start': 5644.79}, {'Canonical-syllable': '0', 'Growl': '0', 'High-freq-energy': '0', 'Long-island': '0', 'Low-tilt-spectrum': '0', 'Medium-island': '2', 'Short-island': '0', 'Squeal': '0', 'Typical-entropy': '1', 'Voicing-quality': '2', 'Wide-band': '0', 'Xlong-island': '0', 'seq': '3', 'end': 5647.31, 'start': 5646.36}, {'Canonical-syllable': '1', 'Growl': '0', 'High-freq-energy': '0', 'Long-island': '0', 'Low-tilt-spectrum': '0', 'Medium-island': '2', 'Short-island': '0', 'Squeal': '0', 'Typical-entropy': '1', 'Voicing-quality': '2', 'Wide-band': '0', 'Xlong-island': '0', 'seq': '4', 'end': 5649.06, 'start': 5648.01}]",0,0,[],[]
5649060,5650210,CHI,CHN,0.0,180,CM,RC,0,NT,FH,1.0,350,-20.89,-11.7,"[{'Canonical-syllable': '1', 'Growl': '0', 'High-freq-energy': '1', 'Long-island': '0', 'Low-tilt-spectrum': '1', 'Medium-island': '1', 'Short-island': '0', 'Squeal': '0', 'Typical-entropy': '1', 'Voicing-quality': '1', 'Wide-band': '0', 'Xlong-island': '0', 'seq': '1', 'end': 5650.11, 'start': 5649.76}]",0,0,[],[]
5650210,5650990,CHI,CHN,0.0,180,CM,EC,0,NT,FH,1.0,630,-21.51,-14.42,"[{'Canonical-syllable': '1', 'Growl': '0', 'High-freq-energy': '0', 'Long-island': '0', 'Low-tilt-spectrum': '0', 'Medium-island': '1', 'Short-island': '0', 'Squeal': '0', 'Typical-entropy': '1', 'Voicing-quality': '1', 'Wide-band': '0', 'Xlong-island': '0', 'seq': '1', 'end': 5650.84, 'start': 5650.31}]",0,0,[],[]
5650990,5654580,NA,SIL,0.0,181,pause,NA,NA,NA,NA,0.0,0,-56.47,-45.33,[],0,0,[],[]
5654580,5656240,NA,NOF,0.0,181,pause,NA,NA,NA,NA,0.0,0,-46.46,-31.4,[],0,0,[],[]
5656240,5656840,FEM,FAN,0.0,181,pause,NA,NA,NA,NA,0.0,0,-40.29,-31.52,[],600,0,[],[]
5656840,5657640,NA,NON,0.0,181,pause,NA,NA,NA,NA,0.0,0,-34.09,-23.54,[],0,0,[],[]
5657640,5658450,NA,OLN,0.0,181,pause,NA,NA,NA,NA,0.0,0,-23.23,-12.72,[],0,0,[],[]
5658450,5659370,NA,NOF,0.0,181,pause,NA,NA,NA,NA,0.0,0,-42.67,-35.35,[],0,0,[],[]
5659370,5660810,NA,FAF,0.0,181,pause,NA,NA,NA,NA,0.0,0,-38.39,-22.12,[],0,0,[],[]
5660810,5662650,NA,SIL,0.0,181,pause,NA,NA,NA,NA,0.0,0,-56.82,-45.75,[],0,0,[],[]
5662650,5666470,FEM,FAN,12.98,181,AMF,EC,0,NT,FI,0.0,0,-38.64,-27.41,[],0,0,[],[]
5666470,5667350,NA,NOF,0.0,182,pause,NA,NA,NA,NA,0.0,0,-52.45,-45.43,[],0,0,[],[]
5667350,5668700,NA,SIL,0.0,182,pause,NA,NA,NA,NA,0.0,0,-50.07,-38.43,[],0,0,[],[]
5668700,5671940,NA,NOF,0.0,182,pause,NA,NA,NA,NA,0.0,0,-46.27,-29.75,[],0,0,[],[]
5671940,5674760,CHI,CHN,0.0,182,CIC,BC,0,NT,FI,2.0,1420,-23.14,-10.22,"[{'Canonical-syllable': '2', 'Growl': '0', 'High-freq-energy': '0', 'Long-island': '0', 'Low-tilt-spectrum': '0', 'Medium-island': '1', 'Short-island': '1', 'Squeal': '0', 'Typical-entropy': '1', 'Voicing-quality': '2', 'Wide-band': '0', 'Xlong-island': '0', 'seq': '1', 'end': 5672.68, 'start': 5671.94}, {'Canonical-syllable': '1', 'Growl': '0', 'High-freq-energy': '0', 'Long-island': '0', 'Low-tilt-spectrum': '1', 'Medium-island': '1', 'Short-island': '1', 'Squeal': '0', 'Typical-entropy': '2', 'Voicing-quality': '2', 'Wide-band': '0', 'Xlong-island': '0', 'seq': '2', 'end': 5674.58, 'start': 5673.9}]",0,0,[],[]
5674760,5676170,CHI,CHN,0.0,182,CIC,RC,0,NT,FH,1.0,630,-21.53,-13.13,"[{'Canonical-syllable': '0', 'Growl': '0', 'High-freq-energy': '0', 'Long-island': '0', 'Low-tilt-spectrum': '0', 'Medium-island': '0', 'Short-island': '2', 'Squeal': '0', 'Typical-entropy': '1', 'Voicing-quality': '2', 'Wide-band': '0', 'Xlong-island': '0', 'seq': '1', 'end': 5676.17, 'start': 5675.54}]",0,0,[],[]
5676170,5676770,CHI,CHN,0.0,182,CIC,RC,0,NT,FH,1.0,170,-21.81,-12.63,"[{'Canonical-syllable': '1', 'Growl': '0', 'High-freq-energy': '0', 'Long-island': '0', 'Low-tilt-spectrum': '0', 'Medium-island': '0', 'Short-island': '1', 'Squeal': '0', 'Typical-entropy': '1', 'Voicing-quality': '1', 'Wide-band': '0', 'Xlong-island': '0', 'seq': '1', 'end': 5676.34, 'start': 5676.17}]",0,0,[],[]
5676770,5679690,NA,SIL,0.0,182,CIC,NA,NA,NA,NA,0.0,0,-55.25,-45.66,[],0,0,[],[]
5679690,5681990,CHI,CHN,0.0,182,CIC,RC,0,NT,FH,2.0,1810,-20.32,-9.66,"[{'Canonical-syllable': '0', 'Growl': '1', 'High-freq-energy': '0', 'Long-island': '0', 'Low-tilt-spectrum': '0', 'Medium-island': '0', 'Short-island': '1', 'Squeal': '0', 'Typical-entropy': '0', 'Voicing-quality': '1', 'Wide-band': '0', 'Xlong-island': '0', 'seq': '1', 'end': 5680.04, 'start': 5679.85}, {'Canonical-syllable': '1', 'Growl': '0', 'High-freq-energy': '0', 'Long-island': '0', 'Low-tilt-spectrum': '0', 'Medium-island': '2', 'Short-island': '1', 'Squeal': '0', 'Typical-entropy': '0', 'Voicing-quality': '3', 'Wide-band': '0', 'Xlong-island': '0', 'seq': '2', 'end': 5681.82, 'start': 5680.36}]",0,0,[],[]
5681990,5682890,NA,SIL,0.0,182,CIC,NA,NA,NA,NA,0.0,0,-53.37,-48.26,[],0,0,[],[]
5682890,5684200,CHI,CHN,0.0,182,CIC,RC,0,TIFI,FH,1.0,890,-21.02,-11.84,"[{'Canonical-syllable': '0', 'Growl': '0', 'High-freq-energy': '0', 'Long-island': '0', 'Low-tilt-spectrum': '0', 'Medium-island': '1', 'Short-island': '1', 'Squeal': '0', 'Typical-entropy': '2', 'Voicing-quality': '2', 'Wide-band': '0', 'Xlong-island': '0', 'seq': '1', 'end': 5683.78, 'start': 5682.89}]",0,0,[],[]
5684200,5685230,FEM,FAN,1.14,182,CIC,RC,1,TIFR,FI,0.0,0,-38.47,-31.98,[],0,0,[],[]
5685230,5685830,OCH,CXN,0.0,182,CIC,EC,1,NT,FI,0.0,0,-40.9,-32.99,[],0,0,[],[]
5685830,5687930,NA,FAF,0.0,183,pause,NA,NA,NA,NA,0.0,0,-46.38,-38.94,[],0,0,[],[]
5687930,5689390,NA,SIL,0.0,183,pause,NA,NA,NA,NA,0.0,0,-52.5,-44.67,[],0,0,[],[]
5689390,5690190,NA,NOF,0.0,183,pause,NA,NA,NA,NA,0.0,0,-51.53,-48.72,[],0,0,[],[]
5690190,5691190,NA,FAF,0.0,183,pause,NA,NA,NA,NA,0.0,0,-46.09,-40.81,[],0,0,[],[]
5691190,5692120,NA,OLF,0.0,183,pause,NA,NA,NA,NA,0.0,0,-47.38,-39.77,[],0,0,[],[]
5692120,5699230,NA,SIL,0.0,183,pause,NA,NA,NA,NA,0.0,0,-40.43,-17.56,[],0,0,[],[]
5699230,5701470,NA,NON,0.0,183,pause,NA,NA,NA,NA,0.0,0,-41.41,-24.41,[],0,0,[],[]
5701470,5702530,FEM,FAN,5.79,183,AMF,EC,0,NT,FI,0.0,0,-47.52,-42.88,[],0,0,[],[]
5702530,5705620,NA,NOF,0.0,184,pause,NA,NA,NA,NA,0.0,0,-34.69,-13.57,[],0,0,[],[]
5705620,5706780,NA,SIL,0.0,184,pause,NA,NA,NA,NA,0.0,0,-52.17,-42.59,[],0,0,[],[]
5706780,5708000,NA,OLF,0.0,184,pause,NA,NA,NA,NA,0.0,0,-30.47,-16.86,[],0,0,[],[]
5708000,5709570,NA,NOF,0.0,184,pause,NA,NA,NA,NA,0.0,0,-24.05,-12.69,[],0,0,[],[]
5709570,5710950,FEM,FAN,3.64,184,AICF,BC,0,TIFI,FI,0.0,0,-32.49,-25.03,[],0,0,[],[]
5710950,5713480,NA,NOF,0.0,184,AICF,NA,NA,NA,NA,0.0,0,-33.86,-19.69,[],0,0,[],[]
5713480,5714280,NA,SIL,0.0,184,AICF,NA,NA,NA,NA,0.0,0,-54.94,-49.02,[],0,0,[],[]
5714280,5715290,CHI,CHN,0.0,184,AICF,RC,1,TIFR,FI,2.0,1010,-16.91,-7.61,"[{'Canonical-syllable': '2', 'Growl': '0', 'High-freq-energy': '0', 'Long-island': '0', 'Low-tilt-spectrum': '0', 'Medium-island': '0', 'Short-island': '2', 'Squeal': '0', 'Typical-entropy': '0', 'Voicing-quality': '2', 'Wide-band': '0', 'Xlong-island': '0', 'seq': '1', 'end': 5714.81, 'start': 5714.28}, {'Canonical-syllable': '1', 'Growl': '0', 'High-freq-energy': '0', 'Long-island': '0', 'Low-tilt-spectrum': '0', 'Medium-island': '0', 'Short-island': '1', 'Squeal': '0', 'Typical-entropy': '1', 'Voicing-quality': '1', 'Wide-band': '0', 'Xlong-island': '0', 'seq': '2', 'end': 5715.29, 'start': 5715.11}]",0,0,[],[]
5715290,5716390,CHI,CHN,0.0,184,AICF,RC,1,NT,FH,1.0,1100,-17.12,-9.69,"[{'Canonical-syllable': '0', 'Growl': '1', 'High-freq-energy': '0', 'Long-island': '1', 'Low-tilt-spectrum': '0', 'Medium-island': '0', 'Short-island': '0', 'Squeal': '0', 'Typical-entropy': '0', 'Voicing-quality': '2', 'Wide-band': '0', 'Xlong-island': '0', 'seq': '1', 'end': 5716.39, 'start': 5715.54}]",0,0,[],[]
5716390,5717320,NA,OLF,0.0,184,AICF,NA,NA,NA,NA,0.0,0,-44.43,-32.75,[],0,0,[],[]
5717320,5719210,CHI,CHN,0.0,184,AICF,RC,1,NT,FH,1.0,1890,-16.94,-7.79,"[{'Canonical-syllable': '0', 'Growl': '2', 'High-freq-energy': '0', 'Long-island': '0', 'Low-tilt-spectrum': '0', 'Medium-island': '2', 'Short-island': '2', 'Squeal': '0', 'Typical-entropy': '0', 'Voicing-quality': '4', 'Wide-band': '0', 'Xlong-island': '0', 'seq': '1', 'end': 5719.21, 'start': 5717.32}]",0,0,[],[]
5719210,5720500,FEM,FAN,2.75,184,AICF,RC,1,TIFE,FI,0.0,0,-35.67,-26.38,[],0,0,[],[]
5720500,5721610,NA,SIL,0.0,184,AICF,NA,NA,NA,NA,0.0,0,-57.39,-52.45,[],0,0,[],[]
5721610,5722210,FEM,FAN,2.59,184,AICF,RC,1,TIFI,FH,0.0,0,-39.88,-30.3,[],0,0,[],[]
5722210,5723410,NA,NOF,0.0,184,AICF,NA,NA,NA,NA,0.0,0,-40.03,-25.65,[],0,0,[],[]
5723410,5724710,CHI,CHN,0.0,184,AICF,RC,2,TIFR,FI,1.0,1300,-15.88,-9.24,"[{'Canonical-syllable': '0', 'Growl': '1', 'High-freq-energy': '0', 'Long-island': '0', 'Low-tilt-spectrum': '2', 'Medium-island': '1', 'Short-island': '3', 'Squeal': '0', 'Typical-entropy': '1', 'Voicing-quality': '4', 'Wide-band': '1', 'Xlong-island': '0', 'seq': '1', 'end': 5724.71, 'start': 5723.41}]",0,0,[],[]
5724710,5725710,FEM,FAN,1.42,184,AICF,EC,2,TIFE,FI,0.0,0,-26.57,-13.77,[],0,0,[],[]
5725710,5732550,NA,NOF,0.0,185,pause,NA,NA,NA,NA,0.0,0,-32.87,-10.44,[],0,0,[],[]
5732550,5733400,CHI,CHN,0.0,185,CM,BC,0,NT,FI,2.0,440,-22.0,-14.14,"[{'Canonical-syllable': '0', 'Growl': '1', 'High-freq-energy': '0', 'Long-island': '0', 'Low-tilt-spectrum': '0', 'Medium-island': '0', 'Short-island': '0', 'Squeal': '0', 'Typical-entropy': '0', 'Voicing-quality': '1', 'Wide-band': '0', 'Xlong-island': '0', 'seq': '1', 'end': 5732.69, 'start': 5732.55}, {'Canonical-syllable': '1', 'Growl': '0', 'High-freq-energy': '0', 'Long-island': '0', 'Low-tilt-spectrum': '0', 'Medium-island': '1', 'Short-island': '0', 'Squeal': '0', 'Typical-entropy': '0', 'Voicing-quality': '1', 'Wide-band': '0', 'Xlong-island': '0', 'seq': '2', 'end': 5733.4, 'start': 5733.1}]",0,0,[],[]
5733400,5734400,CHI,CHN,0.0,185,CM,EC,0,NT,FH,1.0,170,-34.58,-22.98,"[{'Canonical-syllable': '1', 'Growl': '0', 'High-freq-energy': '0', 'Long-island': '0', 'Low-tilt-spectrum': '0', 'Medium-island': '0', 'Short-island': '1', 'Squeal': '0', 'Typical-entropy': '0', 'Voicing-quality': '1', 'Wide-band': '0', 'Xlong-island': '0', 'seq': '1', 'end': 5733.89, 'start': 5733.72}]",0,0,[],[]
5734400,5754480,NA,NOF,0.0,186,pause,NA,NA,NA,NA,0.0,0,-32.37,-7.82,[],0,0,[],[]
5754480,5755080,CHI,CHN,0.0,186,CIC,BC,0,NT,FI,1.0,120,-28.66,-19.42,"[{'Canonical-syllable': '1', 'Growl': '0', 'High-freq-energy': '0', 'Long-island': '0', 'Low-tilt-spectrum': '0', 'Medium-island': '0', 'Short-island': '1', 'Squeal': '0', 'Typical-entropy': '0', 'Voicing-quality': '1', 'Wide-band': '0', 'Xlong-island': '0', 'seq': '1', 'end': 5754.97, 'start': 5754.85}]",0,0,[],[]
5755080,5756270,NA,NON,0.0,186,CIC,NA,NA,NA,NA,0.0,0,-35.71,-27.1,[],0,0,[],[]
5756270,5757070,CHI,CHN,0.0,186,CIC,RC,0,NT,FH,1.0,620,-19.99,-13.42,"[{'Canonical-syllable': '0', 'Growl': '1', 'High-freq-energy': '0', 'Long-island': '0', 'Low-tilt-spectrum': '0', 'Medium-island': '1', 'Short-island': '1', 'Squeal': '0', 'Typical-entropy': '1', 'Voicing-quality': '1', 'Wide-band': '0', 'Xlong-island': '0', 'seq': '1', 'end': 5756.89, 'start': 5756.27}]",0,0,[],[]
5757070,5758380,CHI,CHN,0.0,186,CIC,RC,0,TIFI,FH,1.0,1130,-17.33,-9.09,"[{'Canonical-syllable': '1', 'Growl': '0', 'High-freq-energy': '0', 'Long-island': '0', 'Low-tilt-spectrum': '0', 'Medium-island': '2', 'Short-island': '1', 'Squeal': '0', 'Typical-entropy': '1', 'Voicing-quality': '3', 'Wide-band': '0', 'Xlong-island': '0', 'seq': '1', 'end': 5758.2, 'start': 5757.07}]",0,0,[],[]
5758380,5759190,NA,SIL,0.0,186,CIC,NA,NA,NA,NA,0.0,0,-53.94,-45.57,[],0,0,[],[]
5759190,5761910,FEM,FAN,10.83,186,CIC,RC,1,TIFR,FI,0.0,0,-25.19,-13.45,[],0,0,[],[]
5761910,5763150,FEM,FAN,3.01,186,CIC,RC,1,NT,FH,0.0,0,-30.67,-25.54,[],0,0,[],[]
5763150,5765440,NA,NOF,0.0,186,CIC,NA,NA,NA,NA,0.0,0,-32.74,-15.43,[],0,0,[],[]
5765440,5766240,NA,OLN,0.0,186,CIC,NA,NA,NA,NA,0.0,0,-33.22,-22.6,[],0,0,[],[]
5766240,5767460,NA,NOF,0.0,186,CIC,NA,NA,NA,NA,0.0,0,-36.02,-21.7,[],0,0,[],[]
5767460,5768510,FEM,FAN,3.15,186,CIC,RC,1,NT,FH,0.0,0,-37.5,-31.16,[],0,0,[],[]
5768510,5769660,NA,NOF,0.0,186,CIC,NA,NA,NA,NA,0.0,0,-29.2,-10.13,[],0,0,[],[]
5769660,5771620,CHI,CHN,0.0,186,CIC,NA,NA,NA,NA,0.0,0,-22.76,-14.0,[],0,1470,"[{'start': 5769.66, 'end': 5770.7}, {'start': 5771.19, 'end': 5771.62}]",[]
5771620,5772430,NA,OLF,0.0,186,CIC,NA,NA,NA,NA,0.0,0,-35.29,-22.93,[],0,0,[],[]
5772430,5773200,CHI,CHN,0.0,186,CIC,RC,1,TIFE,FI,1.0,770,-24.11,-18.39,"[{'Canonical-syllable': '0', 'Growl': '0', 'High-freq-energy': '0', 'Long-island': '0', 'Low-tilt-spectrum': '1', 'Medium-island': '2', 'Short-island': '0', 'Squeal': '0', 'Typical-entropy': '1', 'Voicing-quality': '2', 'Wide-band': '0', 'Xlong-island': '0', 'seq': '1', 'end': 5773.2, 'start': 5772.43}]",0,0,[],[]
5773200,5774350,NA,NOF,0.0,186,CIC,NA,NA,NA,NA,0.0,0,-30.94,-13.22,[],0,0,[],[]
5774350,5775210,NA,SIL,0.0,186,CIC,NA,NA,NA,NA,0.0,0,-48.63,-38.21,[],0,0,[],[]
5775210,5778060,NA,NOF,0.0,186,CIC,NA,NA,NA,NA,0.0,0,-30.81,-10.82,[],0,0,[],[]
5778060,5778880,OCH,CXN,0.0,186,CIC,RC,1,NT,FI,0.0,0,-29.17,-24.4,[],0,0,[],[]
5778880,5779760,NA,NON,0.0,186,CIC,NA,NA,NA,NA,0.0,0,-32.35,-17.5,[],0,0,[],[]
5779760,5780780,CHI,CHN,0.0,186,CIC,RC,1,NT,FI,1.0,790,-24.4,-16.05,"[{'Canonical-syllable': '0', 'Growl': '1', 'High-freq-energy': '0', 'Long-island': '0', 'Low-tilt-spectrum': '2', 'Medium-island': '1', 'Short-island': '1', 'Squeal': '0', 'Typical-entropy': '2', 'Voicing-quality': '2', 'Wide-band': '0', 'Xlong-island': '0', 'seq': '1', 'end': 5780.55, 'start': 5779.76}]",0,0,[],[]
5780780,5782320,CHI,CHN,0.0,186,CIC,RC,1,NT,FH,1.0,1150,-18.15,-10.14,"[{'Canonical-syllable': '0', 'Growl': '0', 'High-freq-energy': '0', 'Long-island': '0', 'Low-tilt-spectrum': '1', 'Medium-island': '1', 'Short-island': '2', 'Squeal': '0', 'Typical-entropy': '0', 'Voicing-quality': '3', 'Wide-band': '0', 'Xlong-island': '0', 'seq': '1', 'end': 5782.32, 'start': 5781.17}]",0,0,[],[]
5782320,5783120,NA,OLN,0.0,186,CIC,NA,NA,NA,NA,0.0,0,-26.23,-15.4,[],0,0,[],[]
5783120,5784080,CHI,CHN,0.0,186,CIC,RC,1,TIFI,FH,1.0,960,-19.68,-11.12,"[{'Canonical-syllable': '0', 'Growl': '1', 'High-freq-energy': '0', 'Long-island': '0', 'Low-tilt-spectrum': '1', 'Medium-island': '0', 'Short-island': '2', 'Squeal': '0', 'Typical-entropy': '2', 'Voicing-quality': '3', 'Wide-band': '0', 'Xlong-island': '0', 'seq': '1', 'end': 5784.08, 'start': 5783.12}]",0,0,[],[]
5784080,5786320,NA,NON,0.0,186,CIC,NA,NA,NA,NA,0.0,0,-26.51,-7.49,[],0,0,[],[]
5786320,5787680,FEM,FAN,1.14,186,CIC,EC,2,TIFR,FI,0.0,0,-35.53,-30.11,[],0,0,[],[]
5787680,5788680,NA,NOF,0.0,187,pause,NA,NA,NA,NA,0.0,0,-49.95,-38.8,[],0,0,[],[]
5788680,5789480,NA,SIL,0.0,187,pause,NA,NA,NA,NA,0.0,0,-54.92,-46.3,[],0,0,[],[]
5789480,5793370,NA,NOF,0.0,187,pause,NA,NA,NA,NA,0.0,0,-37.08,-14.17,[],0,0,[],[]
5793370,5795290,NA,SIL,0.0,187,pause,NA,NA,NA,NA,0.0,0,-50.98,-34.37,[],0,0,[],[]
5795290,5796130,NA,NOF,0.0,187,pause,NA,NA,NA,NA,0.0,0,-49.39,-39.55,[],0,0,[],[]
5796130,5797130,NA,FAF,0.0,187,pause,NA,NA,NA,NA,0.0,0,-39.49,-24.58,[],0,0,[],[]
5797130,5798030,NA,NOF,0.0,187,pause,NA,NA,NA,NA,0.0,0,-40.63,-29.16,[],0,0,[],[]
5798030,5799030,FEM,FAN,5.89,187,AMF,EC,0,NT,FI,0.0,0,-39.94,-31.77,[],0,0,[],[]
5799030,5801040,NA,NOF,0.0,188,pause,NA,NA,NA,NA,0.0,0,-44.42,-29.3,[],0,0,[],[]
5801040,5801730,NA,FAF,0.0,188,pause,NA,NA,NA,NA,0.0,0,-37.08,-32.02,[],0,0,[],[]
5801730,5802530,NA,OLN,0.0,188,pause,NA,NA,NA,NA,0.0,0,-22.48,-8.52,[],0,0,[],[]
5802530,5803370,NA,NOF,0.0,188,pause,NA,NA,NA,NA,0.0,0,-41.35,-30.7,[],0,0,[],[]
5803370,5804170,NA,FAF,0.0,188,pause,NA,NA,NA,NA,0.0,0,-37.34,-21.51,[],0,0,[],[]
5804170,5806520,NA,NON,0.0,188,pause,NA,NA,NA,NA,0.0,0,-30.8,-9.19,[],0,0,[],[]
5806520,5807870,CHI,CHN,0.0,188,pause,NA,NA,NA,NA,0.0,0,-15.22,-10.45,[],0,1250,"[{'start': 5806.62, 'end': 5807.87}]",[]
5807870,5808690,NA,NON,0.0,188,pause,NA,NA,NA,NA,0.0,0,-26.11,-17.16,[],0,0,[],[]
5808690,5809490,NA,OLN,0.0,188,pause,NA,NA,NA,NA,0.0,0,-28.62,-19.03,[],0,0,[],[]
5809490,5810670,NA,NOF,0.0,188,pause,NA,NA,NA,NA,0.0,0,-28.58,-10.85,[],0,0,[],[]
5810670,5811740,FEM,FAN,2.49,188,AMF,EC,0,NT,FI,0.0,0,-36.72,-29.45,[],0,0,[],[]
5811740,5813110,NA,NOF,0.0,189,pause,NA,NA,NA,NA,0.0,0,-40.8,-31.98,[],0,0,[],[]
5813110,5815210,NA,OLN,0.0,189,pause,NA,NA,NA,NA,0.0,0,-34.42,-23.86,[],0,0,[],[]
5815210,5816290,NA,NOF,0.0,189,pause,NA,NA,NA,NA,0.0,0,-42.81,-35.35,[],0,0,[],[]
5816290,5817160,NA,OLN,0.0,189,pause,NA,NA,NA,NA,0.0,0,-28.91,-18.78,[],0,0,[],[]
5817160,5818770,OCH,CXN,0.0,189,XM,EC,0,NT,FI,0.0,0,-32.03,-12.31,[],0,0,[],[]
5818770,5820000,NA,OLF,0.0,190,pause,NA,NA,NA,NA,0.0,0,-33.5,-17.76,[],0,0,[],[]
5820000,5822210,NA,NOF,0.0,190,pause,NA,NA,NA,NA,0.0,0,-33.31,-16.09,[],0,0,[],[]
5822210,5823140,NA,OLF,0.0,190,pause,NA,NA,NA,NA,0.0,0,-35.76,-20.26,[],0,0,[],[]
5823140,5825440,NA,FAF,0.0,190,pause,NA,NA,NA,NA,0.0,0,-42.57,-33.11,[],0,0,[],[]
5825440,5827760,NA,NON,0.0,190,pause,NA,NA,NA,NA,0.0,0,-41.24,-28.62,[],0,0,[],[]
5827760,5828560,OCH,CXN,0.0,190,XM,EC,0,NT,FI,0.0,0,-35.89,-21.03,[],0,0,[],[]
5828560,5830340,NA,NOF,0.0,191,pause,NA,NA,NA,NA,0.0,0,-38.53,-27.51,[],0,0,[],[]
5830340,5831270,NA,SIL,0.0,191,pause,NA,NA,NA,NA,0.0,0,-54.32,-44.66,[],0,0,[],[]
5831270,5833830,NA,NON,0.0,191,pause,NA,NA,NA,NA,0.0,0,-33.0,-12.41,[],0,0,[],[]
5833830,5835330,NA,OLN,0.0,191,pause,NA,NA,NA,NA,0.0,0,-32.22,-23.51,[],0,0,[],[]
5835330,5836410,NA,CHF,0.0,191,CIC,BC,0,TIFI,FI,1.0,840,-38.41,-30.28,"[{'Canonical-syllable': '0', 'Growl': '1', 'High-freq-energy': '0', 'Long-island': '1', 'Low-tilt-spectrum': '1', 'Medium-island': '0', 'Short-island': '0', 'Squeal': '0', 'Typical-entropy': '0', 'Voicing-quality': '1', 'Wide-band': '0', 'Xlong-island': '0', 'seq': '1', 'end': 5836.17, 'start': 5835.43}]",0,0,[],[]
5836410,5837830,FEM,FAN,3.28,191,CIC,RC,1,TIFR,FI,0.0,0,-37.02,-30.85,[],0,0,[],[]
5837830,5838530,FEM,FAN,1.57,191,CIC,RC,1,NT,FH,0.0,0,-38.59,-33.15,[],0,0,[],[]
5838530,5839830,NA,SIL,0.0,191,CIC,NA,NA,NA,NA,0.0,0,-54.68,-47.45,[],0,0,[],[]
5839830,5840830,NA,FAF,0.0,191,CIC,NA,NA,NA,NA,0.0,0,-42.7,-32.9,[],0,0,[],[]
5840830,5841630,OCH,CXN,0.0,191,CIC,RC,1,NT,FI,0.0,0,-40.0,-32.55,[],0,0,[],[]
5841630,5842640,FEM,FAN,0.0,191,CIC,NA,NA,NA,NA,0.0,0,-43.76,-34.36,[],1010,0,[],[]
5842640,5844030,NA,SIL,0.0,191,CIC,NA,NA,NA,NA,0.0,0,-55.33,-44.17,[],0,0,[],[]
5844030,5845840,NA,NON,0.0,191,CIC,NA,NA,NA,NA,0.0,0,-33.12,-23.36,[],0,0,[],[]
5845840,5846440,OCH,CXN,0.0,191,CIC,RC,1,NT,FH,0.0,0,-33.64,-26.52,[],0,0,[],[]
5846440,5847240,NA,NOF,0.0,191,CIC,NA,NA,NA,NA,0.0,0,-44.23,-31.31,[],0,0,[],[]
5847240,5848670,OCH,CXN,0.0,191,CIC,RC,1,NT,FH,0.0,0,-31.95,-23.07,[],0,0,[],[]
5848670,5849690,OCH,CXN,0.0,191,CIC,RC,1,NT,FH,0.0,0,-34.53,-31.52,[],0,0,[],[]
5849690,5850600,NA,OLN,0.0,191,CIC,NA,NA,NA,NA,0.0,0,-31.88,-24.85,[],0,0,[],[]
5850600,5851340,OCH,CXN,0.0,191,CIC,RC,1,NT,FH,0.0,0,-30.12,-22.22,[],0,0,[],[]
5851340,5852400,NA,SIL,0.0,191,CIC,NA,NA,NA,NA,0.0,0,-55.3,-45.2,[],0,0,[],[]
5852400,5853400,FEM,FAN,4.3,191,CIC,RC,1,TIFI,FI,0.0,0,-32.73,-26.14,[],0,0,[],[]
5853400,5854730,NA,SIL,0.0,191,CIC,NA,NA,NA,NA,0.0,0,-58.61,-49.13,[],0,0,[],[]
5854730,5857210,CHI,CHN,0.0,191,CIC,RC,2,TIFR,FI,2.0,1910,-24.32,-12.59,"[{'Canonical-syllable': '0', 'Growl': '0', 'High-freq-energy': '0', 'Long-island': '0', 'Low-tilt-spectrum': '0', 'Medium-island': '0', 'Short-island': '1', 'Squeal': '0', 'Typical-entropy': '0', 'Voicing-quality': '1', 'Wide-band': '0', 'Xlong-island': '0', 'seq': '1', 'end': 5855.12, 'start': 5854.88}, {'Canonical-syllable': '2', 'Growl': '0', 'High-freq-energy': '0', 'Long-island': '0', 'Low-tilt-spectrum': '0', 'Medium-island': '1', 'Short-island': '3', 'Squeal': '0', 'Typical-entropy': '2', 'Voicing-quality': '5', 'Wide-band': '0', 'Xlong-island': '0', 'seq': '2', 'end': 5857.21, 'start': 5855.69}]",0,0,[],[]
5857210,5860830,NA,NOF,0.0,191,CIC,NA,NA,NA,NA,0.0,0,-32.68,-11.87,[],0,0,[],[]
5860830,5863280,FEM,FAN,3.34,191,CIC,RC,2,TIFI,FI,0.0,0,-40.72,-31.47,[],0,0,[],[]
5863280,5865090,NA,SIL,0.0,191,CIC,NA,NA,NA,NA,0.0,0,-52.26,-41.71,[],0,0,[],[]
5865090,5865690,NA,CHF,0.0,191,CIC,RC,3,TIFR,FI,1.0,600,-41.28,-33.1,"[{'Canonical-syllable': '0', 'Growl': '1', 'High-freq-energy': '0', 'Long-island': '0', 'Low-tilt-spectrum': '1', 'Medium-island': '1', 'Short-island': '0', 'Squeal': '0', 'Typical-entropy': '0', 'Voicing-quality': '1', 'Wide-band': '0', 'Xlong-island': '0', 'seq': '1', 'end': 5865.69, 'start': 5865.09}]",0,0,[],[]
5865690,5867460,NA,NOF,0.0,191,CIC,NA,NA,NA,NA,0.0,0,-42.0,-27.94,[],0,0,[],[]
5867460,5869270,FEM,FAN,4.91,191,CIC,EC,3,TIFE,FI,0.0,0,-28.21,-10.48,[],0,0,[],[]
5869270,5870070,NA,SIL,0.0,192,pause,NA,NA,NA,NA,0.0,0,-46.84,-34.01,[],0,0,[],[]
5870070,5872970,NA,NOF,0.0,192,pause,NA,NA,NA,NA,0.0,0,-45.72,-38.94,[],0,0,[],[]
5872970,5873770,NA,SIL,0.0,192,pause,NA,NA,NA,NA,0.0,0,-53.92,-41.67,[],0,0,[],[]
5873770,5876780,NA,NOF,0.0,192,pause,NA,NA,NA,NA,0.0,0,-40.67,-24.49,[],0,0,[],[]
5876780,5877580,NA,SIL,0.0,192,pause,NA,NA,NA,NA,0.0,0,-44.35,-28.2,[],0,0,[],[]
5877580,5878720,NA,NOF,0.0,192,pause,NA,NA,NA,NA,0.0,0,-28.79,-9.64,[],0,0,[],[]
5878720,5880180,CHI,CHN,0.0,192,CIC,BC,0,NT,FI,1.0,1460,-20.33,-12.19,"[{'Canonical-syllable': '0', 'Growl': '1', 'High-freq-energy': '0', 'Long-island': '0', 'Low-tilt-spectrum': '0', 'Medium-island': '2', 'Short-island': '1', 'Squeal': '0', 'Typical-entropy': '3', 'Voicing-quality': '4', 'Wide-band': '1', 'Xlong-island': '0', 'seq': '1', 'end': 5880.18, 'start': 5878.8}]",0,0,[],[]
5880180,5880980,NA,SIL,0.0,192,CIC,NA,NA,NA,NA,0.0,0,-48.41,-37.35,[],0,0,[],[]
5880980,5882970,CHI,CHN,0.0,192,CIC,RC,0,TIFI,FH,1.0,1500,-17.08,-8.97,"[{'Canonical-syllable': '1', 'Growl': '0', 'High-freq-energy': '0', 'Long-island': '0', 'Low-tilt-spectrum': '3', 'Medium-island': '2', 'Short-island': '2', 'Squeal': '1', 'Typical-entropy': '3', 'Voicing-quality': '5', 'Wide-band': '1', 'Xlong-island': '0', 'seq': '1', 'end': 5882.9, 'start': 5881.4}]",0,0,[],[]
5882970,5883990,FEM,FAN,3.55,192,CIC,RC,1,TIFR,FI,0.0,0,-39.66,-33.89,[],0,0,[],[]
5883990,5884960,NA,SIL,0.0,192,CIC,NA,NA,NA,NA,0.0,0,-52.17,-42.18,[],0,0,[],[]
5884960,5885970,FEM,FAN,1.25,192,CIC,RC,1,NT,FH,0.0,0,-31.94,-23.29,[],0,0,[],[]
5885970,5887420,CHI,CHN,0.0,192,CIC,EC,1,TIFE,FI,1.0,1450,-28.01,-20.63,"[{'Canonical-syllable': '1', 'Growl': '1', 'High-freq-energy': '0', 'Long-island': '0', 'Low-tilt-spectrum': '1', 'Medium-island': '1', 'Short-island': '2', 'Squeal': '0', 'Typical-entropy': '1', 'Voicing-quality': '3', 'Wide-band': '0', 'Xlong-island': '0', 'seq': '1', 'end': 5887.42, 'start': 5885.97}]",0,0,[],[]
5887420,5888220,NA,NOF,0.0,193,pause,NA,NA,NA,NA,0.0,0,-44.53,-37.74,[],0,0,[],[]
5888220,5889220,NA,MAF,0.0,193,pause,NA,NA,NA,NA,0.0,0,-46.28,-39.25,[],0,0,[],[]
5889220,5891290,NA,NON,0.0,193,pause,NA,NA,NA,NA,0.0,0,-37.16,-21.76,[],0,0,[],[]
5891290,5893940,NA,FAF,0.0,193,pause,NA,NA,NA,NA,0.0,0,-39.38,-30.74,[],0,0,[],[]
5893940,5894820,NA,SIL,0.0,193,pause,NA,NA,NA,NA,0.0,0,-55.91,-46.51,[],0,0,[],[]
5894820,5896620,NA,NOF,0.0,193,pause,NA,NA,NA,NA,0.0,0,-40.26,-25.06,[],0,0,[],[]
5896620,5897450,NA,SIL,0.0,193,pause,NA,NA,NA,NA,0.0,0,-52.0,-37.2,[],0,0,[],[]
5897450,5898450,FEM,FAN,4.28,193,AMF,EC,0,NT,FI,0.0,0,-34.1,-28.57,[],0,0,[],[]
5898450,5899480,NA,OLF,0.0,194,pause,NA,NA,NA,NA,0.0,0,-36.03,-25.94,[],0,0,[],[]
5899480,5902130,NA,NON,0.0,194,pause,NA,NA,NA,NA,0.0,0,-26.07,-6.04,[],0,0,[],[]
5902130,5903780,NA,SIL,0.0,194,pause,NA,NA,NA,NA,0.0,0,-47.63,-36.88,[],0,0,[],[]
5903780,5908390,FEM,FAN,17.55,194,AICF,BC,0,TIFI,FI,0.0,0,-35.93,-21.77,[],0,0,[],[]
5908390,5910160,NA,SIL,0.0,194,AICF,NA,NA,NA,NA,0.0,0,-56.7,-39.15,[],0,0,[],[]
5910160,5910770,CHI,CHN,0.0,194,AICF,RC,1,TIFR,FI,1.0,610,-28.61,-21.17,"[{'Canonical-syllable': '1', 'Growl': '0', 'High-freq-energy': '0', 'Long-island': '0', 'Low-tilt-spectrum': '0', 'Medium-island': '0', 'Short-island': '1', 'Squeal': '0', 'Typical-entropy': '0', 'Voicing-quality': '1', 'Wide-band': '0', 'Xlong-island': '0', 'seq': '1', 'end': 5910.77, 'start': 5910.27}]",0,0,[],[]
5910770,5912360,FEM,FAN,4.97,194,AICF,RC,1,TIFE,FI,0.0,0,-40.14,-30.09,[],0,0,[],[]
5912360,5913220,NA,SIL,0.0,194,AICF,NA,NA,NA,NA,0.0,0,-54.58,-43.04,[],0,0,[],[]
5913220,5914220,FEM,FAN,4.24,194,AICF,RC,1,NT,FH,0.0,0,-36.89,-29.82,[],0,0,[],[]
5914220,5914830,OCH,CXN,0.0,194,AICF,RC,1,NT,FI,0.0,0,-39.65,-33.92,[],0,0,[],[]
5914830,5917140,FEM,FAN,9.01,194,AICF,EC,1,NT,FI,0.0,0,-36.73,-30.52,[],0,0,[],[]
5917140,5918730,NA,SIL,0.0,195,pause,NA,NA,NA,NA,0.0,0,-53.51,-41.3,[],0,0,[],[]
5918730,5920130,NA,MAF,0.0,195,pause,NA,NA,NA,NA,0.0,0,-44.12,-38.22,[],0,0,[],[]
5920130,5922670,NA,NOF,0.0,195,pause,NA,NA,NA,NA,0.0,0,-46.36,-38.1,[],0,0,[],[]
5922670,5923680,NA,SIL,0.0,195,pause,NA,NA,NA,NA,0.0,0,-50.51,-44.81,[],0,0,[],[]
5923680,5925870,NA,NOF,0.0,195,pause,NA,NA,NA,NA,0.0,0,-30.78,-9.37,[],0,0,[],[]
5925870,5926860,NA,OLF,0.0,195,pause,NA,NA,NA,NA,0.0,0,-29.92,-16.31,[],0,0,[],[]
5926860,5929330,NA,NON,0.0,195,pause,NA,NA,NA,NA,0.0,0,-34.51,-17.54,[],0,0,[],[]
5929330,5929930,CHI,CHN,0.0,195,CM,BC,0,NT,FI,1.0,600,-19.85,-12.86,"[{'Canonical-syllable': '0', 'Growl': '1', 'High-freq-energy': '0', 'Long-island': '0', 'Low-tilt-spectrum': '0', 'Medium-island': '0', 'Short-island': '2', 'Squeal': '0', 'Typical-entropy': '1', 'Voicing-quality': '2', 'Wide-band': '0', 'Xlong-island': '0', 'seq': '1', 'end': 5929.93, 'start': 5929.42}]",0,0,[],[]
5929930,5930760,NA,OLF,0.0,195,CM,NA,NA,NA,NA,0.0,0,-37.58,-25.94,[],0,0,[],[]
5930760,5931650,CHI,CHN,0.0,195,CM,RC,0,NT,FH,1.0,890,-16.05,-6.02,"[{'Canonical-syllable': '0', 'Growl': '0', 'High-freq-energy': '0', 'Long-island': '0', 'Low-tilt-spectrum': '2', 'Medium-island': '1', 'Short-island': '1', 'Squeal': '0', 'Typical-entropy': '2', 'Voicing-quality': '2', 'Wide-band': '0', 'Xlong-island': '0', 'seq': '1', 'end': 5931.65, 'start': 5930.76}]",0,0,[],[]
5931650,5932620,NA,OLN,0.0,195,CM,NA,NA,NA,NA,0.0,0,-20.21,-7.01,[],0,0,[],[]
5932620,5933610,CHI,CHN,0.0,195,CM,EC,0,NT,FH,1.0,780,-23.88,-16.93,"[{'Canonical-syllable': '0', 'Growl': '0', 'High-freq-energy': '0', 'Long-island': '1', 'Low-tilt-spectrum': '0', 'Medium-island': '0', 'Short-island': '0', 'Squeal': '0', 'Typical-entropy': '0', 'Voicing-quality': '1', 'Wide-band': '0', 'Xlong-island': '0', 'seq': '1', 'end': 5933.4, 'start': 5932.62}]",0,0,[],[]
5933610,5934700,NA,SIL,0.0,196,pause,NA,NA,NA,NA,0.0,0,-45.81,-37.9,[],0,0,[],[]
5934700,5935880,NA,FAF,0.0,196,pause,NA,NA,NA,NA,0.0,0,-40.21,-33.08,[],0,0,[],[]
5935880,5936700,NA,NOF,0.0,196,pause,NA,NA,NA,NA,0.0,0,-45.15,-40.7,[],0,0,[],[]
5936700,5937530,NA,OLF,0.0,196,pause,NA,NA,NA,NA,0.0,0,-35.59,-20.89,[],0,0,[],[]
5937530,5939370,NA,NOF,0.0,196,pause,NA,NA,NA,NA,0.0,0,-31.43,-16.25,[],0,0,[],[]
5939370,5940190,NA,OLN,0.0,196,pause,NA,NA,NA,NA,0.0,0,-14.57,-2.65,[],0,0,[],[]
5940190,5945100,NA,NON,0.0,196,pause,NA,NA,NA,NA,0.0,0,-25.94,-9.6,[],0,0,[],[]
5945100,5946320,NA,OLN,0.0,196,pause,NA,NA,NA,NA,0.0,0,-26.71,-15.58,[],0,0,[],[]
5946320,5947320,NA,FAF,0.0,196,pause,NA,NA,NA,NA,0.0,0,-25.5,-9.27,[],0,0,[],[]
5947320,5949030,NA,SIL,0.0,196,pause,NA,NA,NA,NA,0.0,0,-52.77,-40.99,[],0,0,[],[]
5949030,5952560,NA,NOF,0.0,196,pause,NA,NA,NA,NA,0.0,0,-34.04,-15.51,[],0,0,[],[]
5952560,5953360,NA,OLN,0.0,196,pause,NA,NA,NA,NA,0.0,0,-19.19,-6.29,[],0,0,[],[]
5953360,5955660,NA,NOF,0.0,196,pause,NA,NA,NA,NA,0.0,0,-33.6,-20.14,[],0,0,[],[]
5955660,5956990,CHI,CHN,0.0,196,CIC,BC,0,TIFI,FI,1.0,1330,-19.53,-11.88,"[{'Canonical-syllable': '1', 'Growl': '0', 'High-freq-energy': '0', 'Long-island': '0', 'Low-tilt-spectrum': '0', 'Medium-island': '2', 'Short-island': '1', 'Squeal': '0', 'Typical-entropy': '0', 'Voicing-quality': '3', 'Wide-band': '0', 'Xlong-island': '0', 'seq': '1', 'end': 5956.99, 'start': 5955.66}]",0,0,[],[]
5956990,5959720,FEM,FAN,12.49,196,CIC,RC,1,TIFR,FI,0.0,0,-20.67,-11.24,[],0,0,[],[]
5959720,5960520,NA,NOF,0.0,196,CIC,NA,NA,NA,NA,0.0,0,-45.97,-38.44,[],0,0,[],[]
5960520,5961520,FEM,FAN,5.31,196,CIC,RC,1,NT,FH,0.0,0,-30.41,-22.16,[],0,0,[],[]
5961520,5962350,NA,OLN,0.0,196,CIC,NA,NA,NA,NA,0.0,0,-20.09,-12.72,[],0,0,[],[]
5962350,5962950,CHI,CHN,0.0,196,CIC,RC,1,TIFI,FI,1.0,600,-24.03,-19.96,"[{'Canonical-syllable': '0', 'Growl': '0', 'High-freq-energy': '0', 'Long-island': '0', 'Low-tilt-spectrum': '0', 'Medium-island': '1', 'Short-island': '0', 'Squeal': '0', 'Typical-entropy': '1', 'Voicing-quality': '1', 'Wide-band': '0', 'Xlong-island': '0', 'seq': '1', 'end': 5962.95, 'start': 5962.35}]",0,0,[],[]
5962950,5963750,FEM,FAN,4.05,196,CIC,RC,2,TIFR,FI,0.0,0,-36.8,-27.53,[],0,0,[],[]
5963750,5964550,CHI,CHN,0.0,196,CIC,RC,2,TIFE,FI,1.0,800,-24.82,-20.13,"[{'Canonical-syllable': '1', 'Growl': '0', 'High-freq-energy': '0', 'Long-island': '0', 'Low-tilt-spectrum': '0', 'Medium-island': '2', 'Short-island': '0', 'Squeal': '0', 'Typical-entropy': '0', 'Voicing-quality': '2', 'Wide-band': '0', 'Xlong-island': '0', 'seq': '1', 'end': 5964.55, 'start': 5963.75}]",0,0,[],[]
5964550,5965840,NA,NOF,0.0,196,CIC,NA,NA,NA,NA,0.0,0,-38.37,-28.29,[],0,0,[],[]
5965840,5967560,CHI,CHN,0.0,196,CIC,RC,2,NT,FH,1.0,1720,-18.26,-9.69,"[{'Canonical-syllable': '0', 'Growl': '0', 'High-freq-energy': '0', 'Long-island': '0', 'Low-tilt-spectrum': '2', 'Medium-island': '0', 'Short-island': '2', 'Squeal': '0', 'Typical-entropy': '2', 'Voicing-quality': '3', 'Wide-band': '0', 'Xlong-island': '1', 'seq': '1', 'end': 5967.56, 'start': 5965.84}]",0,0,[],[]
5967560,5968360,NA,OLN,0.0,196,CIC,NA,NA,NA,NA,0.0,0,-25.56,-17.02,[],0,0,[],[]
5968360,5969360,FEM,FAN,0.0,196,CIC,NA,NA,NA,NA,0.0,0,-34.73,-27.34,[],1000,0,[],[]
5969360,5970310,NA,SIL,0.0,196,CIC,NA,NA,NA,NA,0.0,0,-53.38,-42.24,[],0,0,[],[]
5970310,5970920,FEM,FAN,0.0,196,CIC,NA,NA,NA,NA,0.0,0,-42.12,-36.07,[],610,0,[],[]
5970920,5971940,NA,NOF,0.0,196,CIC,NA,NA,NA,NA,0.0,0,-49.58,-42.58,[],0,0,[],[]
5971940,5973340,CHI,CHN,0.0,196,CIC,RC,2,TIFI,FH,1.0,1400,-20.88,-12.31,"[{'Canonical-syllable': '1', 'Growl': '0', 'High-freq-energy': '0', 'Long-island': '0', 'Low-tilt-spectrum': '0', 'Medium-island': '2', 'Short-island': '1', 'Squeal': '0', 'Typical-entropy': '0', 'Voicing-quality': '3', 'Wide-band': '0', 'Xlong-island': '0', 'seq': '1', 'end': 5973.34, 'start': 5971.94}]",0,0,[],[]
5973340,5974530,FEM,FAN,4.88,196,CIC,RC,3,TIFR,FI,0.0,0,-36.78,-28.28,[],0,0,[],[]
5974530,5975140,FEM,FAN,0.0,196,CIC,NA,NA,NA,NA,0.0,0,-39.45,-35.03,[],610,0,[],[]
5975140,5976000,NA,SIL,0.0,196,CIC,NA,NA,NA,NA,0.0,0,-60.52,-55.78,[],0,0,[],[]
5976000,5976600,FEM,FAN,1.1,196,CIC,RC,3,NT,FH,0.0,0,-46.23,-39.37,[],0,0,[],[]
5976600,5978240,NA,SIL,0.0,196,CIC,NA,NA,NA,NA,0.0,0,-54.95,-48.3,[],0,0,[],[]
5978240,5978840,NA,CHF,0.0,196,CIC,RC,3,TIFE,FI,1.0,600,-45.86,-39.73,"[{'Canonical-syllable': '0', 'Growl': '1', 'High-freq-energy': '0', 'Long-island': '0', 'Low-tilt-spectrum': '1', 'Medium-island': '1', 'Short-island': '0', 'Squeal': '0', 'Typical-entropy': '0', 'Voicing-quality': '1', 'Wide-band': '0', 'Xlong-island': '0', 'seq': '1', 'end': 5978.84, 'start': 5978.24}]",0,0,[],[]
5978840,5979690,NA,NOF,0.0,196,CIC,NA,NA,NA,NA,0.0,0,-43.26,-32.81,[],0,0,[],[]
5979690,5980860,CHI,CHN,0.0,196,CIC,RC,3,TIFI,FH,1.0,690,-18.62,-10.81,"[{'Canonical-syllable': '0', 'Growl': '1', 'High-freq-energy': '0', 'Long-island': '1', 'Low-tilt-spectrum': '1', 'Medium-island': '0', 'Short-island': '0', 'Squeal': '0', 'Typical-entropy': '1', 'Voicing-quality': '1', 'Wide-band': '0', 'Xlong-island': '0', 'seq': '1', 'end': 5980.38, 'start': 5979.69}]",0,0,[],[]
5980860,5981790,NA,NOF,0.0,196,CIC,NA,NA,NA,NA,0.0,0,-51.87,-46.79,[],0,0,[],[]
5981790,5983560,FEM,FAN,5.35,196,CIC,RC,4,TIFR,FI,0.0,0,-37.07,-26.61,[],0,0,[],[]
5983560,5984630,NA,OLN,0.0,196,CIC,NA,NA,NA,NA,0.0,0,-28.99,-17.36,[],0,0,[],[]
5984630,5985510,CHI,CHN,0.0,196,CIC,RC,4,TIFI,FI,1.0,880,-16.57,-11.39,"[{'Canonical-syllable': '0', 'Growl': '0', 'High-freq-energy': '0', 'Long-island': '1', 'Low-tilt-spectrum': '0', 'Medium-island': '0', 'Short-island': '0', 'Squeal': '0', 'Typical-entropy': '0', 'Voicing-quality': '1', 'Wide-band': '0', 'Xlong-island': '0', 'seq': '1', 'end': 5985.51, 'start': 5984.63}]",0,0,[],[]
5985510,5986520,NA,NOF,0.0,196,CIC,NA,NA,NA,NA,0.0,0,-39.9,-24.84,[],0,0,[],[]
5986520,5988220,FEM,FAN,2.91,196,CIC,RC,5,TIFR,FI,0.0,0,-40.34,-32.91,[],0,0,[],[]
5988220,5989270,NA,NOF,0.0,196,CIC,NA,NA,NA,NA,0.0,0,-40.75,-31.8,[],0,0,[],[]
5989270,5990080,NA,OLF,0.0,196,CIC,NA,NA,NA,NA,0.0,0,-35.38,-28.18,[],0,0,[],[]
5990080,5991090,FEM,FAN,0.0,196,CIC,NA,NA,NA,NA,0.0,0,-43.19,-37.27,[],1010,0,[],[]
5991090,5992710,NA,NOF,0.0,196,CIC,NA,NA,NA,NA,0.0,0,-32.08,-14.68,[],0,0,[],[]
5992710,5993510,CHI,CHN,0.0,196,CIC,RC,5,TIFE,FI,1.0,450,-24.8,-12.43,"[{'Canonical-syllable': '1', 'Growl': '0', 'High-freq-energy': '0', 'Long-island': '0', 'Low-tilt-spectrum': '0', 'Medium-island': '0', 'Short-island': '1', 'Squeal': '0', 'Typical-entropy': '0', 'Voicing-quality': '1', 'Wide-band': '0', 'Xlong-island': '0', 'seq': '1', 'end': 5993.16, 'start': 5992.96}]",0,0,[],[]
5993510,5994280,CHI,CHN,0.0,196,CIC,RC,5,NT,FH,1.0,770,-17.14,-8.48,"[{'Canonical-syllable': '0', 'Growl': '0', 'High-freq-energy': '0', 'Long-island': '0', 'Low-tilt-spectrum': '0', 'Medium-island': '2', 'Short-island': '0', 'Squeal': '0', 'Typical-entropy': '2', 'Voicing-quality': '2', 'Wide-band': '1', 'Xlong-island': '0', 'seq': '1', 'end': 5994.28, 'start': 5993.51}]",0,0,[],[]
5994280,5995130,NA,OLN,0.0,196,CIC,NA,NA,NA,NA,0.0,0,-27.89,-17.13,[],0,0,[],[]
5995130,5995750,CHI,CHN,0.0,196,CIC,RC,5,NT,FH,1.0,500,-19.8,-12.13,"[{'Canonical-syllable': '0', 'Growl': '0', 'High-freq-energy': '0', 'Long-island': '0', 'Low-tilt-spectrum': '0', 'Medium-island': '1', 'Short-island': '0', 'Squeal': '0', 'Typical-entropy': '1', 'Voicing-quality': '1', 'Wide-band': '0', 'Xlong-island': '0', 'seq': '1', 'end': 5995.63, 'start': 5995.13}]",0,0,[],[]
5995750,5996750,CHI,CHN,0.0,196,CIC,RC,5,TIFI,FH,1.0,820,-29.12,-21.19,"[{'Canonical-syllable': '0', 'Growl': '0', 'High-freq-energy': '0', 'Long-island': '1', 'Low-tilt-spectrum': '0', 'Medium-island': '0', 'Short-island': '0', 'Squeal': '0', 'Typical-entropy': '1', 'Voicing-quality': '1', 'Wide-band': '0', 'Xlong-island': '0', 'seq': '1', 'end': 5996.57, 'start': 5995.87}]",0,0,[],[]
5996750,5997550,NA,SIL,0.0,196,CIC,NA,NA,NA,NA,0.0,0,-55.52,-50.81,[],0,0,[],[]
5997550,5998150,FEM,FAN,0.0,196,CIC,NA,NA,NA,NA,0.0,0,-25.56,-13.99,[],600,0,[],[]
5998150,6000750,FEM,FAN,8.94,196,CIC,RC,6,TIFR,FI,0.0,0,-34.36,-27.85,[],0,0,[],[]
6000750,6002050,NA,SIL,0.0,196,CIC,NA,NA,NA,NA,0.0,0,-53.81,-40.53,[],0,0,[],[]
6002050,6002650,OCH,CXN,0.0,196,CIC,RC,6,NT,FI,0.0,0,-38.98,-29.64,[],0,0,[],[]
6002650,6005600,NA,SIL,0.0,196,CIC,NA,NA,NA,NA,0.0,0,-48.44,-25.37,[],0,0,[],[]
6005600,6006200,CHI,CHN,0.0,196,CIC,RC,6,TIFI,FI,1.0,440,-29.12,-19.98,"[{'Canonical-syllable': '0', 'Growl': '0', 'High-freq-energy': '0', 'Long-island': '0', 'Low-tilt-spectrum': '0', 'Medium-island': '0', 'Short-island': '1', 'Squeal': '0', 'Typical-entropy': '0', 'Voicing-quality': '1', 'Wide-band': '0', 'Xlong-island': '0', 'seq': '1', 'end': 6006.04, 'start': 6005.82}]",0,0,[],[]
6006200,6009200,NA,SIL,0.0,196,CIC,NA,NA,NA,NA,0.0,0,-55.79,-41.65,[],0,0,[],[]
6009200,6010200,FEM,FAN,2.63,196,CIC,RC,7,TIFR,FI,0.0,0,-38.55,-32.9,[],0,0,[],[]
6010200,6011000,NA,SIL,0.0,196,CIC,NA,NA,NA,NA,0.0,0,-56.82,-43.04,[],0,0,[],[]
6011000,6012000,FEM,FAN,2.17,196,CIC,EC,7,NT,FH,0.0,0,-37.46,-30.92,[],0,0,[],[]
6012000,6013040,NA,NOF,0.0,197,pause,NA,NA,NA,NA,0.0,0,-41.88,-27.48,[],0,0,[],[]
6013040,6013860,NA,SIL,0.0,197,pause,NA,NA,NA,NA,0.0,0,-50.58,-43.07,[],0,0,[],[]
6013860,6014740,NA,NOF,0.0,197,pause,NA,NA,NA,NA,0.0,0,-53.66,-45.54,[],0,0,[],[]
6014740,6017060,NA,SIL,0.0,197,pause,NA,NA,NA,NA,0.0,0,-51.74,-38.07,[],0,0,[],[]
6017060,6021850,NA,NOF,0.0,197,pause,NA,NA,NA,NA,0.0,0,-46.91,-33.77,[],0,0,[],[]
6021850,6023290,NA,SIL,0.0,197,pause,NA,NA,NA,NA,0.0,0,-58.87,-51.34,[],0,0,[],[]
6023290,6024640,CHI,CHN,0.0,197,CIC,BC,0,TIFI,FI,1.0,1350,-17.47,-11.7,"[{'Canonical-syllable': '0', 'Growl': '0', 'High-freq-energy': '0', 'Long-island': '0', 'Low-tilt-spectrum': '0', 'Medium-island': '0', 'Short-island': '0', 'Squeal': '0', 'Typical-entropy': '0', 'Voicing-quality': '1', 'Wide-band': '0', 'Xlong-island': '1', 'seq': '1', 'end': 6024.64, 'start': 6023.52}]",0,0,[],[]
6024640,6025720,FEM,FAN,4.02,197,CIC,RC,1,TIFR,FI,0.0,0,-36.07,-25.67,[],0,0,[],[]
6025720,6026490,FEM,FAN,0.75,197,CIC,RC,1,NT,FH,0.0,0,-35.62,-32.64,[],0,0,[],[]
6026490,6029000,NA,NOF,0.0,197,CIC,NA,NA,NA,NA,0.0,0,-41.81,-25.25,[],0,0,[],[]
6029000,6029900,NA,SIL,0.0,197,CIC,NA,NA,NA,NA,0.0,0,-51.67,-39.76,[],0,0,[],[]
6029900,6030700,NA,NOF,0.0,197,CIC,NA,NA,NA,NA,0.0,0,-52.46,-46.05,[],0,0,[],[]
6030700,6032390,FEM,FAN,1.36,197,CIC,EC,1,NT,FH,0.0,0,-31.56,-20.92,[],0,0,[],[]
6032390,6033520,NA,SIL,0.0,198,pause,NA,NA,NA,NA,0.0,0,-59.85,-53.85,[],0,0,[],[]
6033520,6036850,NA,NOF,0.0,198,pause,NA,NA,NA,NA,0.0,0,-44.74,-30.89,[],0,0,[],[]
6036850,6039480,NA,SIL,0.0,198,pause,NA,NA,NA,NA,0.0,0,-56.49,-43.32,[],0,0,[],[]
6039480,6041030,CHI,CHN,0.0,198,CM,EC,0,NT,FI,1.0,1550,-20.58,-11.13,"[{'Canonical-syllable': '4', 'Growl': '0', 'High-freq-energy': '0', 'Long-island': '0', 'Low-tilt-spectrum': '0', 'Medium-island': '1', 'Short-island': '4', 'Squeal': '0', 'Typical-entropy': '0', 'Voicing-quality': '5', 'Wide-band': '0', 'Xlong-island': '0', 'seq': '1', 'end': 6041.03, 'start': 6039.59}]",0,0,[],[]
6041030,6041900,NA,NOF,0.0,199,pause,NA,NA,NA,NA,0.0,0,-32.51,-17.83,[],0,0,[],[]
6041900,6042710,NA,OLF,0.0,199,pause,NA,NA,NA,NA,0.0,0,-42.45,-33.38,[],0,0,[],[]
6042710,6043510,NA,SIL,0.0,199,pause,NA,NA,NA,NA,0.0,0,-54.94,-40.52,[],0,0,[],[]
6043510,6046750,NA,NOF,0.0,199,pause,NA,NA,NA,NA,0.0,0,-34.74,-15.38,[],0,0,[],[]
6046750,6047600,NA,OLN,0.0,199,pause,NA,NA,NA,NA,0.0,0,-27.81,-13.74,[],0,0,[],[]
6047600,6050850,NA,NOF,0.0,199,pause,NA,NA,NA,NA,0.0,0,-41.56,-29.5,[],0,0,[],[]
6050850,6051880,CHI,CHN,0.0,199,CIC,BC,0,NT,FI,1.0,1030,-17.36,-10.23,"[{'Canonical-syllable': '0', 'Growl': '0', 'High-freq-energy': '0', 'Long-island': '0', 'Low-tilt-spectrum': '1', 'Medium-island': '1', 'Short-island': '2', 'Squeal': '0', 'Typical-entropy': '2', 'Voicing-quality': '3', 'Wide-band': '0', 'Xlong-island': '0', 'seq': '1', 'end': 6051.88, 'start': 6050.85}]",0,0,[],[]
6051880,6052830,NA,NOF,0.0,199,CIC,NA,NA,NA,NA,0.0,0,-43.37,-33.06,[],0,0,[],[]
6052830,6054430,CHI,CHN,0.0,199,CIC,RC,0,NT,FH,1.0,1060,-18.6,-8.56,"[{'Canonical-syllable': '1', 'Growl': '0', 'High-freq-energy': '0', 'Long-island': '0', 'Low-tilt-spectrum': '0', 'Medium-island': '1', 'Short-island': '2', 'Squeal': '0', 'Typical-entropy': '1', 'Voicing-quality': '3', 'Wide-band': '0', 'Xlong-island': '0', 'seq': '1', 'end': 6053.89, 'start': 6052.83}]",0,0,[],[]
6054430,6055440,CHI,CHN,0.0,199,CIC,RC,0,NT,FH,1.0,1010,-17.13,-11.53,"[{'Canonical-syllable': '0', 'Growl': '0', 'High-freq-energy': '0', 'Long-island': '0', 'Low-tilt-spectrum': '0', 'Medium-island': '1', 'Short-island': '1', 'Squeal': '0', 'Typical-entropy': '0', 'Voicing-quality': '3', 'Wide-band': '0', 'Xlong-island': '0', 'seq': '1', 'end': 6055.44, 'start': 6054.6}]",0,0,[],[]
6055440,6056790,CHI,CHN,0.0,199,CIC,RC,0,NT,FH,2.0,840,-22.39,-12.22,"[{'Canonical-syllable': '0', 'Growl': '0', 'High-freq-energy': '0', 'Long-island': '0', 'Low-tilt-spectrum': '0', 'Medium-island': '1', 'Short-island': '0', 'Squeal': '0', 'Typical-entropy': '0', 'Voicing-quality': '1', 'Wide-band': '0', 'Xlong-island': '0', 'seq': '1', 'end': 6055.86, 'start': 6055.44}, {'Canonical-syllable': '0', 'Growl': '0', 'High-freq-energy': '0', 'Long-island': '0', 'Low-tilt-spectrum': '0', 'Medium-island': '1', 'Short-island': '0', 'Squeal': '0', 'Typical-entropy': '1', 'Voicing-quality': '1', 'Wide-band': '0', 'Xlong-island': '0', 'seq': '2', 'end': 6056.79, 'start': 6056.37}]",0,0,[],[]
6056790,6058250,CHI,CHN,0.0,199,CIC,RC,0,NT,FH,2.0,890,-18.79,-9.53,"[{'Canonical-syllable': '1', 'Growl': '0', 'High-freq-energy': '0', 'Long-island': '0', 'Low-tilt-spectrum': '0', 'Medium-island': '0', 'Short-island': '1', 'Squeal': '0', 'Typical-entropy': '0', 'Voicing-quality': '1', 'Wide-band': '0', 'Xlong-island': '0', 'seq': '1', 'end': 6056.96, 'start': 6056.79}, {'Canonical-syllable': '1', 'Growl': '0', 'High-freq-energy': '0', 'Long-island': '0', 'Low-tilt-spectrum': '0', 'Medium-island': '1', 'Short-island': '2', 'Squeal': '0', 'Typical-entropy': '2', 'Voicing-quality': '3', 'Wide-band': '0', 'Xlong-island': '0', 'seq': '2', 'end': 6058.11, 'start': 6057.39}]",0,0,[],[]
6058250,6059920,CHI,CHN,0.0,199,CIC,RC,0,NT,FH,2.0,1230,-19.99,-11.67,"[{'Canonical-syllable': '0', 'Growl': '0', 'High-freq-energy': '0', 'Long-island': '0', 'Low-tilt-spectrum': '1', 'Medium-island': '1', 'Short-island': '0', 'Squeal': '0', 'Typical-entropy': '1', 'Voicing-quality': '1', 'Wide-band': '0', 'Xlong-island': '0', 'seq': '1', 'end': 6058.81, 'start': 6058.25}, {'Canonical-syllable': '0', 'Growl': '0', 'High-freq-energy': '0', 'Long-island': '0', 'Low-tilt-spectrum': '1', 'Medium-island': '1', 'Short-island': '1', 'Squeal': '0', 'Typical-entropy': '2', 'Voicing-quality': '2', 'Wide-band': '0', 'Xlong-island': '0', 'seq': '2', 'end': 6059.92, 'start': 6059.25}]",0,0,[],[]
6059920,6061140,CHI,CHN,0.0,199,CIC,RC,0,NT,FH,2.0,760,-24.56,-15.54,"[{'Canonical-syllable': '0', 'Growl': '0', 'High-freq-energy': '0', 'Long-island': '0', 'Low-tilt-spectrum': '0', 'Medium-island': '1', 'Short-island': '0', 'Squeal': '0', 'Typical-entropy': '0', 'Voicing-quality': '1', 'Wide-band': '0', 'Xlong-island': '0', 'seq': '1', 'end': 6060.53, 'start': 6060.06}, {'Canonical-syllable': '0', 'Growl': '0', 'High-freq-energy': '0', 'Long-island': '0', 'Low-tilt-spectrum': '0', 'Medium-island': '0', 'Short-island': '0', 'Squeal': '0', 'Typical-entropy': '0', 'Voicing-quality': '1', 'Wide-band': '0', 'Xlong-island': '0', 'seq': '2', 'end': 6061.14, 'start': 6060.99}]",0,0,[],[]
6061140,6064220,CHI,CHN,0.0,199,CIC,RC,0,TIFI,FH,3.0,2110,-20.45,-10.54,"[{'Canonical-syllable': '1', 'Growl': '0', 'High-freq-energy': '0', 'Long-island': '0', 'Low-tilt-spectrum': '0', 'Medium-island': '2', 'Short-island': '1', 'Squeal': '0', 'Typical-entropy': '1', 'Voicing-quality': '3', 'Wide-band': '0', 'Xlong-island': '0', 'seq': '1', 'end': 6062.27, 'start': 6061.14}, {'Canonical-syllable': '1', 'Growl': '0', 'High-freq-energy': '0', 'Long-island': '0', 'Low-tilt-spectrum': '1', 'Medium-island': '1', 'Short-island': '1', 'Squeal': '0', 'Typical-entropy': '1', 'Voicing-quality': '2', 'Wide-band': '0', 'Xlong-island': '0', 'seq': '2', 'end': 6063.51, 'start': 6062.93}, {'Canonical-syllable': '0', 'Growl': '0', 'High-freq-energy': '0', 'Long-island': '0', 'Low-tilt-spectrum': '1', 'Medium-island': '1', 'Short-island': '0', 'Squeal': '0', 'Typical-entropy': '0', 'Voicing-quality': '1', 'Wide-band': '0', 'Xlong-island': '0', 'seq': '3', 'end': 6064.22, 'start': 6063.82}]",0,0,[],[]
6064220,6065350,FEM,FAN,5.9,199,CIC,RC,1,TIFR,FI,0.0,0,-30.25,-17.61,[],0,0,[],[]
6065350,6066530,NA,MAF,0.0,199,CIC,NA,NA,NA,NA,0.0,0,-37.07,-20.51,[],0,0,[],[]
6066530,6067880,CHI,CHN,0.0,199,CIC,RC,1,TIFE,FI,1.0,1180,-17.47,-9.08,"[{'Canonical-syllable': '1', 'Growl': '1', 'High-freq-energy': '0', 'Long-island': '0', 'Low-tilt-spectrum': '0', 'Medium-island': '1', 'Short-island': '2', 'Squeal': '0', 'Typical-entropy': '2', 'Voicing-quality': '3', 'Wide-band': '0', 'Xlong-island': '0', 'seq': '1', 'end': 6067.71, 'start': 6066.53}]",0,0,[],[]
6067880,6068870,NA,FAF,0.0,199,CIC,NA,NA,NA,NA,0.0,0,-46.98,-38.28,[],0,0,[],[]
6068870,6069690,CHI,CHN,0.0,199,CIC,RC,1,NT,FH,1.0,820,-21.0,-8.02,"[{'Canonical-syllable': '0', 'Growl': '0', 'High-freq-energy': '0', 'Long-island': '0', 'Low-tilt-spectrum': '1', 'Medium-island': '0', 'Short-island': '2', 'Squeal': '1', 'Typical-entropy': '2', 'Voicing-quality': '3', 'Wide-band': '0', 'Xlong-island': '0', 'seq': '1', 'end': 6069.69, 'start': 6068.87}]",0,0,[],[]
6069690,6070520,NA,OLN,0.0,199,CIC,NA,NA,NA,NA,0.0,0,-23.13,-8.58,[],0,0,[],[]
6070520,6071250,CHI,CHN,0.0,199,CIC,RC,1,NT,FH,1.0,730,-14.49,-4.71,"[{'Canonical-syllable': '0', 'Growl': '0', 'High-freq-energy': '0', 'Long-island': '1', 'Low-tilt-spectrum': '1', 'Medium-island': '0', 'Short-island': '0', 'Squeal': '0', 'Typical-entropy': '1', 'Voicing-quality': '1', 'Wide-band': '0', 'Xlong-island': '0', 'seq': '1', 'end': 6071.25, 'start': 6070.52}]",0,0,[],[]
6071250,6072310,NA,NOF,0.0,199,CIC,NA,NA,NA,NA,0.0,0,-25.59,-7.09,[],0,0,[],[]
6072310,6074080,NA,FAF,0.0,199,CIC,NA,NA,NA,NA,0.0,0,-41.05,-29.79,[],0,0,[],[]
6074080,6076100,NA,NOF,0.0,199,CIC,NA,NA,NA,NA,0.0,0,-36.16,-25.32,[],0,0,[],[]
6076100,6076700,CHI,CHN,0.0,199,CIC,RC,1,NT,FH,1.0,490,-24.99,-15.55,"[{'Canonical-syllable': '0', 'Growl': '0', 'High-freq-energy': '0', 'Long-island': '0', 'Low-tilt-spectrum': '0', 'Medium-island': '0', 'Short-island': '2', 'Squeal': '0', 'Typical-entropy': '0', 'Voicing-quality': '2', 'Wide-band': '0', 'Xlong-island': '0', 'seq': '1', 'end': 6076.59, 'start': 6076.1}]",0,0,[],[]
6076700,6078020,NA,NOF,0.0,199,CIC,NA,NA,NA,NA,0.0,0,-34.34,-19.63,[],0,0,[],[]
6078020,6079050,NA,OLF,0.0,199,CIC,NA,NA,NA,NA,0.0,0,-26.8,-10.91,[],0,0,[],[]
6079050,6081120,NA,NOF,0.0,199,CIC,NA,NA,NA,NA,0.0,0,-27.19,-7.68,[],0,0,[],[]
6081120,6081890,CHI,CHN,0.0,199,CIC,EC,1,NT,FH,1.0,250,-22.39,-13.47,"[{'Canonical-syllable': '0', 'Growl': '0', 'High-freq-energy': '0', 'Long-island': '0', 'Low-tilt-spectrum': '0', 'Medium-island': '0', 'Short-island': '1', 'Squeal': '0', 'Typical-entropy': '0', 'Voicing-quality': '1', 'Wide-band': '0', 'Xlong-island': '0', 'seq': '1', 'end': 6081.37, 'start': 6081.12}]",0,0,[],[]
6081890,6084060,NA,OLN,0.0,200,pause,NA,NA,NA,NA,0.0,0,-20.32,-4.15,[],0,0,[],[]
6084060,6085060,NA,MAF,0.0,200,pause,NA,NA,NA,NA,0.0,0,-32.1,-18.99,[],0,0,[],[]
6085060,6085890,NA,NON,0.0,200,pause,NA,NA,NA,NA,0.0,0,-27.12,-12.19,[],0,0,[],[]
6085890,6088090,NA,OLF,0.0,200,pause,NA,NA,NA,NA,0.0,0,-29.07,-9.74,[],0,0,[],[]
6088090,6089020,NA,OLN,0.0,200,pause,NA,NA,NA,NA,0.0,0,-22.49,-6.63,[],0,0,[],[]
6089020,6089850,NA,NOF,0.0,200,pause,NA,NA,NA,NA,0.0,0,-32.18,-19.08,[],0,0,[],[]
6089850,6090790,NA,SIL,0.0,200,pause,NA,NA,NA,NA,0.0,0,-53.64,-51.49,[],0,0,[],[]
6090790,6091790,FEM,FAN,1.42,200,AMF,EC,0,NT,FI,0.0,0,-40.72,-33.3,[],0,0,[],[]
6091790,6101350,NA,NOF,0.0,201,pause,NA,NA,NA,NA,0.0,0,-40.59,-19.89,[],0,0,[],[]
6101350,6102950,FEM,FAN,7.91,201,AICF,BC,0,TIFI,FI,0.0,0,-42.05,-35.84,[],0,0,[],[]
6102950,6103970,NA,NOF,0.0,201,AICF,NA,NA,NA,NA,0.0,0,-50.87,-41.23,[],0,0,[],[]
6103970,6105050,CHI,CHN,0.0,201,AICF,RC,1,TIFR,FI,1.0,800,-20.38,-11.47,"[{'Canonical-syllable': '1', 'Growl': '0', 'High-freq-energy': '0', 'Long-island': '0', 'Low-tilt-spectrum': '0', 'Medium-island': '0', 'Short-island': '2', 'Squeal': '0', 'Typical-entropy': '0', 'Voicing-quality': '2', 'Wide-band': '0', 'Xlong-island': '0', 'seq': '1', 'end': 6104.77, 'start': 6104.1}]",0,0,[],[]
6105050,6109010,NA,NOF,0.0,201,AICF,NA,NA,NA,NA,0.0,0,-43.41,-22.63,[],0,0,[],[]
6109010,6110340,CHI,CHN,0.0,201,AICF,RC,1,NT,FH,1.0,1120,-33.36,-25.98,"[{'Canonical-syllable': '0', 'Growl': '0', 'High-freq-energy': '0', 'Long-island': '0', 'Low-tilt-spectrum': '1', 'Medium-island': '0', 'Short-island': '0', 'Squeal': '0', 'Typical-entropy': '1', 'Voicing-quality': '1', 'Wide-band': '0', 'Xlong-island': '1', 'seq': '1', 'end': 6110.13, 'start': 6109.01}]",0,0,[],[]
6110340,6111350,CHI,CHN,0.0,201,AICF,RC,1,NT,FH,1.0,880,-25.04,-17.4,"[{'Canonical-syllable': '1', 'Growl': '0', 'High-freq-energy': '0', 'Long-island': '0', 'Low-tilt-spectrum': '0', 'Medium-island': '1', 'Short-island': '1', 'Squeal': '0', 'Typical-entropy': '0', 'Voicing-quality': '2', 'Wide-band': '0', 'Xlong-island': '0', 'seq': '1', 'end': 6111.22, 'start': 6110.61}]",0,0,[],[]
6111350,6111950,CHI,CHN,0.0,201,AICF,RC,1,NT,FH,1.0,410,-27.95,-19.36,"[{'Canonical-syllable': '0', 'Growl': '1', 'High-freq-energy': '0', 'Long-island': '0', 'Low-tilt-spectrum': '1', 'Medium-island': '1', 'Short-island': '0', 'Squeal': '0', 'Typical-entropy': '2', 'Voicing-quality': '1', 'Wide-band': '0', 'Xlong-island': '0', 'seq': '1', 'end': 6111.76, 'start': 6111.35}]",0,0,[],[]
6111950,6112780,NA,NON,0.0,201,AICF,NA,NA,NA,NA,0.0,0,-36.28,-25.46,[],0,0,[],[]
6112780,6117340,FEM,FAN,15.87,201,AICF,RC,1,TIFI,FI,0.0,0,-37.91,-26.95,[],0,0,[],[]
6117340,6118190,NA,SIL,0.0,201,AICF,NA,NA,NA,NA,0.0,0,-48.93,-44.8,[],0,0,[],[]
6118190,6121170,NA,NOF,0.0,201,AICF,NA,NA,NA,NA,0.0,0,-49.79,-30.8,[],0,0,[],[]
6121170,6123020,CHI,CHN,0.0,201,AICF,RC,2,TIFR,FI,2.0,1640,-20.59,-9.77,"[{'Canonical-syllable': '1', 'Growl': '0', 'High-freq-energy': '0', 'Long-island': '0', 'Low-tilt-spectrum': '1', 'Medium-island': '2', 'Short-island': '0', 'Squeal': '0', 'Typical-entropy': '1', 'Voicing-quality': '2', 'Wide-band': '0', 'Xlong-island': '0', 'seq': '1', 'end': 6122.3, 'start': 6121.17}, {'Canonical-syllable': '0', 'Growl': '0', 'High-freq-energy': '0', 'Long-island': '0', 'Low-tilt-spectrum': '0', 'Medium-island': '0', 'Short-island': '1', 'Squeal': '0', 'Typical-entropy': '0', 'Voicing-quality': '1', 'Wide-band': '0', 'Xlong-island': '0', 'seq': '2', 'end': 6122.81, 'start': 6122.6}]",0,0,[],[]
6123020,6124170,NA,NOF,0.0,201,AICF,NA,NA,NA,NA,0.0,0,-45.39,-29.73,[],0,0,[],[]
6124170,6125890,FEM,FAN,8.59,201,AICF,RC,2,TIFE,FI,0.0,0,-42.54,-32.5,[],0,0,[],[]
6125890,6129350,NA,NOF,0.0,201,AICF,NA,NA,NA,NA,0.0,0,-51.07,-43.09,[],0,0,[],[]
6129350,6130350,FEM,FAN,11.14,201,AICF,RC,2,NT,FH,0.0,0,-39.82,-35.07,[],0,0,[],[]
6130350,6132050,OCH,CXN,0.0,201,AICF,RC,2,NT,FI,0.0,0,-39.89,-31.82,[],0,0,[],[]
6132050,6132890,NA,NON,0.0,201,AICF,NA,NA,NA,NA,0.0,0,-41.13,-35.45,[],0,0,[],[]
6132890,6134300,NA,OLN,0.0,201,AICF,NA,NA,NA,NA,0.0,0,-34.32,-28.51,[],0,0,[],[]
6134300,6135300,FEM,FAN,3.34,201,AICF,RC,2,TIFI,FI,0.0,0,-36.09,-29.14,[],0,0,[],[]
6135300,6137440,NA,NON,0.0,201,AICF,NA,NA,NA,NA,0.0,0,-36.57,-26.17,[],0,0,[],[]
6137440,6138040,CHI,CHN,0.0,201,AICF,RC,3,TIFR,FI,1.0,600,-28.1,-23.32,"[{'Canonical-syllable': '0', 'Growl': '0', 'High-freq-energy': '0', 'Long-island': '0', 'Low-tilt-spectrum': '0', 'Medium-island': '1', 'Short-island': '0', 'Squeal': '0', 'Typical-entropy': '1', 'Voicing-quality': '1', 'Wide-band': '0', 'Xlong-island': '0', 'seq': '1', 'end': 6138.04, 'start': 6137.53}]",0,0,[],[]
6138040,6138870,NA,OLN,0.0,201,AICF,NA,NA,NA,NA,0.0,0,-33.86,-19.86,[],0,0,[],[]
6138870,6140230,CHI,CHN,0.0,201,AICF,RC,3,NT,FH,2.0,840,-25.69,-17.38,"[{'Canonical-syllable': '1', 'Growl': '0', 'High-freq-energy': '0', 'Long-island': '0', 'Low-tilt-spectrum': '1', 'Medium-island': '0', 'Short-island': '1', 'Squeal': '0', 'Typical-entropy': '0', 'Voicing-quality': '2', 'Wide-band': '0', 'Xlong-island': '0', 'seq': '1', 'end': 6139.29, 'start': 6138.87}, {'Canonical-syllable': '0', 'Growl': '0', 'High-freq-energy': '0', 'Long-island': '0', 'Low-tilt-spectrum': '0', 'Medium-island': '1', 'Short-island': '0', 'Squeal': '0', 'Typical-entropy': '1', 'Voicing-quality': '1', 'Wide-band': '0', 'Xlong-island': '0', 'seq': '2', 'end': 6140.23, 'start': 6139.81}]",0,0,[],[]
6140230,6141300,NA,OLN,0.0,201,AICF,NA,NA,NA,NA,0.0,0,-20.6,-6.93,[],0,0,[],[]
6141300,6142110,CHI,CHN,0.0,201,AICF,EC,3,NT,FH,1.0,530,-22.01,-9.78,"[{'Canonical-syllable': '0', 'Growl': '0', 'High-freq-energy': '0', 'Long-island': '0', 'Low-tilt-spectrum': '0', 'Medium-island': '1', 'Short-island': '0', 'Squeal': '1', 'Typical-entropy': '1', 'Voicing-quality': '1', 'Wide-band': '0', 'Xlong-island': '0', 'seq': '1', 'end': 6141.83, 'start': 6141.38}]",0,0,[],[]
6142110,6143880,NA,NON,0.0,202,pause,NA,NA,NA,NA,0.0,0,-23.6,-8.42,[],0,0,[],[]
6143880,6144900,NA,OLN,0.0,202,pause,NA,NA,NA,NA,0.0,0,-33.17,-22.41,[],0,0,[],[]
6144900,6145900,NA,FAF,0.0,202,pause,NA,NA,NA,NA,0.0,0,-43.18,-31.5,[],0,0,[],[]
6145900,6148020,NA,SIL,0.0,202,pause,NA,NA,NA,NA,0.0,0,-53.85,-50.1,[],0,0,[],[]
6148020,6149490,NA,NOF,0.0,202,pause,NA,NA,NA,NA,0.0,0,-39.07,-22.17,[],0,0,[],[]
6149490,6150090,FEM,FAN,0.0,202,pause,NA,NA,NA,NA,0.0,0,-36.76,-29.91,[],600,0,[],[]
6150090,6151660,NA,NOF,0.0,202,pause,NA,NA,NA,NA,0.0,0,-36.61,-23.41,[],0,0,[],[]
6151660,6152770,NA,SIL,0.0,202,pause,NA,NA,NA,NA,0.0,0,-52.56,-45.3,[],0,0,[],[]
6152770,6153570,NA,NOF,0.0,202,pause,NA,NA,NA,NA,0.0,0,-33.04,-22.27,[],0,0,[],[]
6153570,6154170,CHI,CHN,0.0,202,CM,EC,0,NT,FI,1.0,330,-25.38,-18.28,"[{'Canonical-syllable': '1', 'Growl': '0', 'High-freq-energy': '0', 'Long-island': '0', 'Low-tilt-spectrum': '0', 'Medium-island': '1', 'Short-island': '0', 'Squeal': '0', 'Typical-entropy': '0', 'Voicing-quality': '1', 'Wide-band': '0', 'Xlong-island': '0', 'seq': '1', 'end': 6153.9, 'start': 6153.57}]",0,0,[],[]
6154170,6162150,NA,NOF,0.0,203,pause,NA,NA,NA,NA,0.0,0,-22.0,-4.48,[],0,0,[],[]
6162150,6163570,NA,SIL,0.0,203,pause,NA,NA,NA,NA,0.0,0,-56.02,-45.57,[],0,0,[],[]
6163570,6168980,NA,NON,0.0,203,pause,NA,NA,NA,NA,0.0,0,-31.2,-11.56,[],0,0,[],[]
6168980,6169780,NA,OLF,0.0,203,pause,NA,NA,NA,NA,0.0,0,-17.02,-5.8,[],0,0,[],[]
6169780,6171580,NA,NOF,0.0,203,pause,NA,NA,NA,NA,0.0,0,-38.0,-25.05,[],0,0,[],[]
6171580,6172490,NA,SIL,0.0,203,pause,NA,NA,NA,NA,0.0,0,-51.47,-41.25,[],0,0,[],[]
6172490,6173290,NA,NON,0.0,203,pause,NA,NA,NA,NA,0.0,0,-28.75,-11.3,[],0,0,[],[]
6173290,6173890,CHI,CHN,0.0,203,CM,BC,0,NT,FI,1.0,600,-18.43,-9.92,"[{'Canonical-syllable': '0', 'Growl': '1', 'High-freq-energy': '0', 'Long-island': '0', 'Low-tilt-spectrum': '1', 'Medium-island': '0', 'Short-island': '1', 'Squeal': '0', 'Typical-entropy': '1', 'Voicing-quality': '1', 'Wide-band': '0', 'Xlong-island': '0', 'seq': '1', 'end': 6173.89, 'start': 6173.29}]",0,0,[],[]
6173890,6174690,NA,OLN,0.0,203,CM,NA,NA,NA,NA,0.0,0,-15.71,-9.45,[],0,0,[],[]
6174690,6175320,CHI,CHN,0.0,203,CM,RC,0,NT,FH,1.0,300,-23.94,-15.77,"[{'Canonical-syllable': '0', 'Growl': '0', 'High-freq-energy': '0', 'Long-island': '0', 'Low-tilt-spectrum': '0', 'Medium-island': '1', 'Short-island': '0', 'Squeal': '0', 'Typical-entropy': '0', 'Voicing-quality': '1', 'Wide-band': '0', 'Xlong-island': '0', 'seq': '1', 'end': 6174.99, 'start': 6174.69}]",0,0,[],[]
6175320,6178420,NA,SIL,0.0,203,CM,NA,NA,NA,NA,0.0,0,-54.75,-46.65,[],0,0,[],[]
6178420,6179220,NA,NON,0.0,203,CM,NA,NA,NA,NA,0.0,0,-27.26,-16.04,[],0,0,[],[]
6179220,6179820,CHI,CHN,0.0,203,CM,RC,0,NT,FH,1.0,600,-16.22,-8.82,"[{'Canonical-syllable': '1', 'Growl': '0', 'High-freq-energy': '0', 'Long-island': '0', 'Low-tilt-spectrum': '0', 'Medium-island': '1', 'Short-island': '0', 'Squeal': '0', 'Typical-entropy': '1', 'Voicing-quality': '1', 'Wide-band': '0', 'Xlong-island': '0', 'seq': '1', 'end': 6179.82, 'start': 6179.22}]",0,0,[],[]
6179820,6181700,NA,NOF,0.0,203,CM,NA,NA,NA,NA,0.0,0,-26.56,-5.92,[],0,0,[],[]
6181700,6182610,CHI,CHN,0.0,203,CM,EC,0,NT,FH,1.0,910,-29.24,-24.72,"[{'Canonical-syllable': '0', 'Growl': '0', 'High-freq-energy': '0', 'Long-island': '0', 'Low-tilt-spectrum': '0', 'Medium-island': '2', 'Short-island': '0', 'Squeal': '0', 'Typical-entropy': '0', 'Voicing-quality': '2', 'Wide-band': '0', 'Xlong-island': '0', 'seq': '1', 'end': 6182.61, 'start': 6181.7}]",0,0,[],[]
6182610,6188180,NA,SIL,0.0,204,pause,NA,NA,NA,NA,0.0,0,-57.29,-43.95,[],0,0,[],[]
6188180,6189980,FEM,FAN,7.21,204,AMF,EC,0,NT,FI,0.0,0,-42.03,-24.72,[],0,0,[],[]
6189980,6191560,NA,NOF,0.0,205,pause,NA,NA,NA,NA,0.0,0,-36.82,-20.39,[],0,0,[],[]
6191560,6193590,NA,OLF,0.0,205,pause,NA,NA,NA,NA,0.0,0,-21.64,-6.02,[],0,0,[],[]
6193590,6194630,NA,NOF,0.0,205,pause,NA,NA,NA,NA,0.0,0,-26.59,-17.56,[],0,0,[],[]
6194630,6195650,NA,OLN,0.0,205,pause,NA,NA,NA,NA,0.0,0,-27.16,-16.93,[],0,0,[],[]
6195650,6198200,NA,NOF,0.0,205,pause,NA,NA,NA,NA,0.0,0,-21.75,-7.67,[],0,0,[],[]
6198200,6199180,CHI,CHN,0.0,205,CIC,BC,0,TIFI,FI,1.0,980,-14.44,-3.87,"[{'Canonical-syllable': '0', 'Growl': '0', 'High-freq-energy': '1', 'Long-island': '0', 'Low-tilt-spectrum': '2', 'Medium-island': '1', 'Short-island': '2', 'Squeal': '0', 'Typical-entropy': '3', 'Voicing-quality': '3', 'Wide-band': '0', 'Xlong-island': '0', 'seq': '1', 'end': 6199.18, 'start': 6198.2}]",0,0,[],[]
6199180,6201470,FEM,FAN,8.21,205,CIC,RC,1,TIFR,FI,0.0,0,-37.39,-29.81,[],0,0,[],[]
6201470,6203310,NA,NON,0.0,205,CIC,NA,NA,NA,NA,0.0,0,-42.78,-32.58,[],0,0,[],[]
6203310,6204510,CHI,CHN,0.0,205,CIC,RC,1,TIFE,FI,1.0,1200,-18.99,-8.68,"[{'Canonical-syllable': '0', 'Growl': '0', 'High-freq-energy': '0', 'Long-island': '1', 'Low-tilt-spectrum': '2', 'Medium-island': '0', 'Short-island': '1', 'Squeal': '0', 'Typical-entropy': '2', 'Voicing-quality': '2', 'Wide-band': '0', 'Xlong-island': '0', 'seq': '1', 'end': 6204.51, 'start': 6203.31}]",0,0,[],[]
6204510,6206720,CHI,CHN,0.0,205,CIC,RC,1,TIFI,FH,3.0,1430,-20.74,-11.26,"[{'Canonical-syllable': '0', 'Growl': '1', 'High-freq-energy': '0', 'Long-island': '0', 'Low-tilt-spectrum': '0', 'Medium-island': '1', 'Short-island': '1', 'Squeal': '0', 'Typical-entropy': '2', 'Voicing-quality': '2', 'Wide-band': '0', 'Xlong-island': '0', 'seq': '1', 'end': 6205.37, 'start': 6204.51}, {'Canonical-syllable': '1', 'Growl': '0', 'High-freq-energy': '0', 'Long-island': '0', 'Low-tilt-spectrum': '0', 'Medium-island': '1', 'Short-island': '0', 'Squeal': '0', 'Typical-entropy': '1', 'Voicing-quality': '1', 'Wide-band': '0', 'Xlong-island': '0', 'seq': '2', 'end': 6206.09, 'start': 6205.75}, {'Canonical-syllable': '0', 'Growl': '0', 'High-freq-energy': '0', 'Long-island': '0', 'Low-tilt-spectrum': '0', 'Medium-island': '0', 'Short-island': '1', 'Squeal': '0', 'Typical-entropy': '1', 'Voicing-quality': '0', 'Wide-band': '0', 'Xlong-island': '0', 'seq': '3', 'end': 6206.72, 'start': 6206.49}]",0,0,[],[]
6206720,6210310,NA,NOF,0.0,205,CIC,NA,NA,NA,NA,0.0,0,-37.14,-16.44,[],0,0,[],[]
6210310,6212100,FEM,FAN,3.16,205,CIC,RC,2,TIFR,FI,0.0,0,-37.14,-29.83,[],0,0,[],[]
6212100,6212980,NA,NOF,0.0,205,CIC,NA,NA,NA,NA,0.0,0,-23.78,-9.06,[],0,0,[],[]
6212980,6214040,NA,FAF,0.0,205,CIC,NA,NA,NA,NA,0.0,0,-38.0,-28.48,[],0,0,[],[]
6214040,6214890,NA,NOF,0.0,205,CIC,NA,NA,NA,NA,0.0,0,-52.8,-47.25,[],0,0,[],[]
6214890,6216300,FEM,FAN,4.76,205,CIC,RC,2,NT,FH,0.0,0,-33.43,-20.23,[],0,0,[],[]
6216300,6218020,NA,OLF,0.0,205,CIC,NA,NA,NA,NA,0.0,0,-26.76,-11.22,[],0,0,[],[]
6218020,6219020,CHI,CHN,0.0,205,CIC,RC,2,TIFI,FI,1.0,800,-13.01,-3.47,"[{'Canonical-syllable': '0', 'Growl': '1', 'High-freq-energy': '0', 'Long-island': '0', 'Low-tilt-spectrum': '2', 'Medium-island': '2', 'Short-island': '0', 'Squeal': '0', 'Typical-entropy': '1', 'Voicing-quality': '2', 'Wide-band': '0', 'Xlong-island': '0', 'seq': '1', 'end': 6218.82, 'start': 6218.02}]",0,0,[],[]
6219020,6220180,NA,NOF,0.0,205,CIC,NA,NA,NA,NA,0.0,0,-32.85,-19.69,[],0,0,[],[]
6220180,6220980,NA,OLN,0.0,205,CIC,NA,NA,NA,NA,0.0,0,-33.35,-19.36,[],0,0,[],[]
6220980,6222080,FEM,FAN,1.4,205,CIC,RC,3,TIFR,FI,0.0,0,-22.68,-10.93,[],0,0,[],[]
6222080,6222960,NA,FAF,0.0,205,CIC,NA,NA,NA,NA,0.0,0,-37.33,-25.75,[],0,0,[],[]
6222960,6223960,FEM,FAN,2.84,205,CIC,RC,3,NT,FH,0.0,0,-37.28,-27.66,[],0,0,[],[]
6223960,6225760,NA,NOF,0.0,205,CIC,NA,NA,NA,NA,0.0,0,-34.35,-18.46,[],0,0,[],[]
6225760,6226560,NA,OLN,0.0,205,CIC,NA,NA,NA,NA,0.0,0,-36.69,-24.49,[],0,0,[],[]
6226560,6227500,NA,NOF,0.0,205,CIC,NA,NA,NA,NA,0.0,0,-42.07,-27.59,[],0,0,[],[]
6227500,6229160,FEM,FAN,6.3,205,CIC,RC,3,NT,FH,0.0,0,-36.29,-28.02,[],0,0,[],[]
6229160,6231300,NA,NOF,0.0,205,CIC,NA,NA,NA,NA,0.0,0,-41.98,-27.86,[],0,0,[],[]
6231300,6231900,CHI,CHN,0.0,205,CIC,RC,3,TIFE,FI,1.0,600,-18.47,-15.67,"[{'Canonical-syllable': '0', 'Growl': '0', 'High-freq-energy': '0', 'Long-island': '0', 'Low-tilt-spectrum': '0', 'Medium-island': '1', 'Short-island': '0', 'Squeal': '0', 'Typical-entropy': '0', 'Voicing-quality': '1', 'Wide-band': '0', 'Xlong-island': '0', 'seq': '1', 'end': 6231.9, 'start': 6231.3}]",0,0,[],[]
6231900,6234520,NA,NOF,0.0,205,CIC,NA,NA,NA,NA,0.0,0,-45.02,-26.13,[],0,0,[],[]
6234520,6235690,NA,SIL,0.0,205,CIC,NA,NA,NA,NA,0.0,0,-56.07,-46.75,[],0,0,[],[]
6235690,6236860,NA,NOF,0.0,205,CIC,NA,NA,NA,NA,0.0,0,-45.02,-35.61,[],0,0,[],[]
6236860,6237490,CHI,CHN,0.0,205,CIC,RC,3,TIFI,FH,1.0,630,-18.21,-10.37,"[{'Canonical-syllable': '0', 'Growl': '0', 'High-freq-energy': '0', 'Long-island': '0', 'Low-tilt-spectrum': '0', 'Medium-island': '1', 'Short-island': '0', 'Squeal': '0', 'Typical-entropy': '0', 'Voicing-quality': '1', 'Wide-band': '0', 'Xlong-island': '0', 'seq': '1', 'end': 6237.49, 'start': 6236.86}]",0,0,[],[]
6237490,6239440,FEM,FAN,6.37,205,CIC,RC,4,TIFR,FI,0.0,0,-36.98,-27.51,[],0,0,[],[]
6239440,6240760,NA,NOF,0.0,205,CIC,NA,NA,NA,NA,0.0,0,-37.72,-24.45,[],0,0,[],[]
6240760,6241360,CHI,CHN,0.0,205,CIC,RC,4,TIFE,FI,1.0,400,-18.29,-5.96,"[{'Canonical-syllable': '0', 'Growl': '0', 'High-freq-energy': '0', 'Long-island': '0', 'Low-tilt-spectrum': '0', 'Medium-island': '0', 'Short-island': '1', 'Squeal': '0', 'Typical-entropy': '0', 'Voicing-quality': '1', 'Wide-band': '0', 'Xlong-island': '0', 'seq': '1', 'end': 6241.16, 'start': 6240.99}]",0,0,[],[]
6241360,6242830,NA,NOF,0.0,205,CIC,NA,NA,NA,NA,0.0,0,-32.84,-18.06,[],0,0,[],[]
6242830,6243610,CHI,CHN,0.0,205,CIC,RC,4,TIFI,FH,1.0,780,-15.52,-8.8,"[{'Canonical-syllable': '0', 'Growl': '0', 'High-freq-energy': '0', 'Long-island': '1', 'Low-tilt-spectrum': '0', 'Medium-island': '0', 'Short-island': '0', 'Squeal': '0', 'Typical-entropy': '1', 'Voicing-quality': '1', 'Wide-band': '0', 'Xlong-island': '0', 'seq': '1', 'end': 6243.61, 'start': 6242.83}]",0,0,[],[]
6243610,6245070,FEM,FAN,3.89,205,CIC,RC,5,TIFR,FI,0.0,0,-34.5,-19.36,[],0,0,[],[]
6245070,6245930,NA,OLN,0.0,205,CIC,NA,NA,NA,NA,0.0,0,-24.73,-10.19,[],0,0,[],[]
6245930,6247230,NA,NOF,0.0,205,CIC,NA,NA,NA,NA,0.0,0,-37.56,-27.78,[],0,0,[],[]
6247230,6247830,CHI,CHN,0.0,205,CIC,NA,NA,NA,NA,0.0,0,-21.13,-10.8,[],0,330,[],"[{'start': 6247.23, 'end': 6247.56}]"
6247830,6248830,FEM,FAN,4.19,205,CIC,RC,5,NT,FH,0.0,0,-35.72,-26.01,[],0,0,[],[]
6248830,6249680,NA,SIL,0.0,205,CIC,NA,NA,NA,NA,0.0,0,-43.62,-30.09,[],0,0,[],[]
6249680,6250700,FEM,FAN,3.17,205,CIC,RC,5,NT,FH,0.0,0,-39.99,-31.35,[],0,0,[],[]
6250700,6251310,CHI,CHN,0.0,205,CIC,RC,5,TIFI,FI,1.0,610,-13.78,-9.92,"[{'Canonical-syllable': '0', 'Growl': '0', 'High-freq-energy': '0', 'Long-island': '0', 'Low-tilt-spectrum': '0', 'Medium-island': '1', 'Short-island': '0', 'Squeal': '0', 'Typical-entropy': '1', 'Voicing-quality': '1', 'Wide-band': '0', 'Xlong-island': '0', 'seq': '1', 'end': 6251.31, 'start': 6250.7}]",0,0,[],[]
6251310,6252310,FEM,FAN,5.21,205,CIC,RC,6,TIFR,FI,0.0,0,-28.95,-15.14,[],0,0,[],[]
6252310,6253800,NA,NOF,0.0,205,CIC,NA,NA,NA,NA,0.0,0,-22.66,-4.01,[],0,0,[],[]
6253800,6256110,FEM,FAN,9.18,205,CIC,RC,6,NT,FH,0.0,0,-33.46,-19.42,[],0,0,[],[]
6256110,6257380,CHI,CHN,0.0,205,CIC,RC,6,TIFE,FI,1.0,330,-19.75,-10.51,"[{'Canonical-syllable': '0', 'Growl': '0', 'High-freq-energy': '0', 'Long-island': '0', 'Low-tilt-spectrum': '0', 'Medium-island': '1', 'Short-island': '0', 'Squeal': '0', 'Typical-entropy': '0', 'Voicing-quality': '1', 'Wide-band': '1', 'Xlong-island': '0', 'seq': '1', 'end': 6257.38, 'start': 6257.05}]",0,0,[],[]
6257380,6258380,FEM,FAN,0.0,205,CIC,NA,NA,NA,NA,0.0,0,-28.86,-12.92,[],1000,0,[],[]
6258380,6259830,CHI,CHN,0.0,205,CIC,RC,6,NT,FH,2.0,710,-17.93,-7.06,"[{'Canonical-syllable': '1', 'Growl': '0', 'High-freq-energy': '0', 'Long-island': '0', 'Low-tilt-spectrum': '1', 'Medium-island': '1', 'Short-island': '0', 'Squeal': '0', 'Typical-entropy': '1', 'Voicing-quality': '1', 'Wide-band': '0', 'Xlong-island': '0', 'seq': '1', 'end': 6258.79, 'start': 6258.38}, {'Canonical-syllable': '0', 'Growl': '0', 'High-freq-energy': '0', 'Long-island': '0', 'Low-tilt-spectrum': '1', 'Medium-island': '1', 'Short-island': '0', 'Squeal': '0', 'Typical-entropy': '1', 'Voicing-quality': '1', 'Wide-band': '0', 'Xlong-island': '0', 'seq': '2', 'end': 6259.68, 'start': 6259.38}]",0,0,[],[]
6259830,6261190,CHI,CHN,0.0,205,CIC,RC,6,NT,FH,1.0,250,-20.96,-11.87,"[{'Canonical-syllable': '0', 'Growl': '0', 'High-freq-energy': '0', 'Long-island': '0', 'Low-tilt-spectrum': '0', 'Medium-island': '0', 'Short-island': '1', 'Squeal': '0', 'Typical-entropy': '0', 'Voicing-quality': '1', 'Wide-band': '0', 'Xlong-island': '0', 'seq': '1', 'end': 6260.94, 'start': 6260.69}]",0,0,[],[]
6261190,6262250,CHI,CHN,0.0,205,CIC,RC,6,NT,FH,2.0,670,-17.75,-9.48,"[{'Canonical-syllable': '0', 'Growl': '0', 'High-freq-energy': '0', 'Long-island': '0', 'Low-tilt-spectrum': '1', 'Medium-island': '0', 'Short-island': '0', 'Squeal': '0', 'Typical-entropy': '1', 'Voicing-quality': '1', 'Wide-band': '0', 'Xlong-island': '0', 'seq': '1', 'end': 6261.3, 'start': 6261.19}, {'Canonical-syllable': '0', 'Growl': '0', 'High-freq-energy': '0', 'Long-island': '0', 'Low-tilt-spectrum': '1', 'Medium-island': '1', 'Short-island': '0', 'Squeal': '0', 'Typical-entropy': '1', 'Voicing-quality': '1', 'Wide-band': '0', 'Xlong-island': '0', 'seq': '2', 'end': 6262.18, 'start': 6261.62}]",0,0,[],[]
6262250,6263680,NA,SIL,0.0,205,CIC,NA,NA,NA,NA,0.0,0,-53.85,-42.52,[],0,0,[],[]
6263680,6264520,CHI,CHN,0.0,205,CIC,RC,6,TIFI,FH,1.0,840,-17.2,-10.59,"[{'Canonical-syllable': '0', 'Growl': '0', 'High-freq-energy': '0', 'Long-island': '0', 'Low-tilt-spectrum': '1', 'Medium-island': '1', 'Short-island': '1', 'Squeal': '0', 'Typical-entropy': '0', 'Voicing-quality': '2', 'Wide-band': '0', 'Xlong-island': '0', 'seq': '1', 'end': 6264.52, 'start': 6263.8}]",0,0,[],[]
6264520,6267180,FEM,FAN,12.21,205,CIC,EC,7,TIFR,FI,0.0,0,-26.12,-14.33,[],0,0,[],[]
6267180,6271100,NA,NOF,0.0,206,pause,NA,NA,NA,NA,0.0,0,-26.68,-8.18,[],0,0,[],[]
6271100,6271960,NA,SIL,0.0,206,pause,NA,NA,NA,NA,0.0,0,-55.08,-44.47,[],0,0,[],[]
6271960,6273680,NA,NOF,0.0,206,pause,NA,NA,NA,NA,0.0,0,-28.2,-13.73,[],0,0,[],[]
6273680,6274380,CHI,CHN,0.0,206,CM,BC,0,NT,FI,1.0,700,-15.38,-8.94,"[{'Canonical-syllable': '0', 'Growl': '1', 'High-freq-energy': '0', 'Long-island': '0', 'Low-tilt-spectrum': '0', 'Medium-island': '1', 'Short-island': '0', 'Squeal': '0', 'Typical-entropy': '1', 'Voicing-quality': '1', 'Wide-band': '0', 'Xlong-island': '0', 'seq': '1', 'end': 6274.38, 'start': 6273.68}]",0,0,[],[]
6274380,6275270,NA,NOF,0.0,206,CM,NA,NA,NA,NA,0.0,0,-34.08,-18.09,[],0,0,[],[]
6275270,6276220,CHI,CHN,0.0,206,CM,RC,0,NT,FH,1.0,600,-12.23,-3.24,"[{'Canonical-syllable': '2', 'Growl': '0', 'High-freq-energy': '0', 'Long-island': '0', 'Low-tilt-spectrum': '2', 'Medium-island': '1', 'Short-island': '1', 'Squeal': '0', 'Typical-entropy': '2', 'Voicing-quality': '2', 'Wide-band': '0', 'Xlong-island': '0', 'seq': '1', 'end': 6275.87, 'start': 6275.27}]",0,0,[],[]
6276220,6277050,NA,NOF,0.0,206,CM,NA,NA,NA,NA,0.0,0,-38.19,-32.95,[],0,0,[],[]
6277050,6278280,NA,CXF,0.0,206,CM,NA,NA,NA,NA,0.0,0,-39.04,-32.23,[],0,0,[],[]
6278280,6280110,NA,SIL,0.0,206,CM,NA,NA,NA,NA,0.0,0,-42.78,-38.16,[],0,0,[],[]
6280110,6281450,CHI,CHN,0.0,206,CM,RC,0,NT,FH,1.0,1210,-17.58,-9.76,"[{'Canonical-syllable': '0', 'Growl': '0', 'High-freq-energy': '0', 'Long-island': '1', 'Low-tilt-spectrum': '2', 'Medium-island': '0', 'Short-island': '1', 'Squeal': '0', 'Typical-entropy': '2', 'Voicing-quality': '2', 'Wide-band': '0', 'Xlong-island': '0', 'seq': '1', 'end': 6281.32, 'start': 6280.11}]",0,0,[],[]
6281450,6282600,CHI,CHN,0.0,206,CM,RC,0,NT,FH,1.0,330,-20.57,-10.09,"[{'Canonical-syllable': '0', 'Growl': '1', 'High-freq-energy': '0', 'Long-island': '0', 'Low-tilt-spectrum': '1', 'Medium-island': '0', 'Short-island': '0', 'Squeal': '0', 'Typical-entropy': '1', 'Voicing-quality': '1', 'Wide-band': '0', 'Xlong-island': '0', 'seq': '1', 'end': 6282.6, 'start': 6282.27}]",0,0,[],[]
6282600,6288690,CHI,CHN,0.0,206,CM,RC,0,NT,FH,4.0,4320,-15.05,-2.18,"[{'Canonical-syllable': '1', 'Growl': '0', 'High-freq-energy': '0', 'Long-island': '0', 'Low-tilt-spectrum': '4', 'Medium-island': '2', 'Short-island': '2', 'Squeal': '0', 'Typical-entropy': '4', 'Voicing-quality': '4', 'Wide-band': '0', 'Xlong-island': '0', 'seq': '1', 'end': 6284.13, 'start': 6282.6}, {'Canonical-syllable': '0', 'Growl': '0', 'High-freq-energy': '0', 'Long-island': '1', 'Low-tilt-spectrum': '0', 'Medium-island': '0', 'Short-island': '0', 'Squeal': '0', 'Typical-entropy': '0', 'Voicing-quality': '1', 'Wide-band': '0', 'Xlong-island': '0', 'seq': '2', 'end': 6285.53, 'start': 6284.85}, {'Canonical-syllable': '0', 'Growl': '1', 'High-freq-energy': '0', 'Long-island': '1', 'Low-tilt-spectrum': '2', 'Medium-island': '0', 'Short-island': '1', 'Squeal': '0', 'Typical-entropy': '0', 'Voicing-quality': '2', 'Wide-band': '0', 'Xlong-island': '0', 'seq': '3', 'end': 6287.06, 'start': 6286.01}, {'Canonical-syllable': '0', 'Growl': '1', 'High-freq-energy': '0', 'Long-island': '1', 'Low-tilt-spectrum': '2', 'Medium-island': '0', 'Short-island': '1', 'Squeal': '0', 'Typical-entropy': '2', 'Voicing-quality': '2', 'Wide-band': '0', 'Xlong-island': '0', 'seq': '4', 'end': 6288.49, 'start': 6287.43}]",0,0,[],[]
6288690,6289690,NA,SIL,0.0,206,CM,NA,NA,NA,NA,0.0,0,-37.51,-36.48,[],0,0,[],[]
6289690,6290750,CHI,CHN,0.0,206,CM,EC,0,NT,FH,1.0,1060,-14.11,-3.01,"[{'Canonical-syllable': '0', 'Growl': '1', 'High-freq-energy': '0', 'Long-island': '0', 'Low-tilt-spectrum': '2', 'Medium-island': '1', 'Short-island': '1', 'Squeal': '0', 'Typical-entropy': '2', 'Voicing-quality': '2', 'Wide-band': '0', 'Xlong-island': '0', 'seq': '1', 'end': 6290.75, 'start': 6289.83}]",0,0,[],[]
6290750,6295780,NA,NOF,0.0,207,pause,NA,NA,NA,NA,0.0,0,-31.56,-12.21,[],0,0,[],[]
6295780,6297100,NA,OLN,0.0,207,pause,NA,NA,NA,NA,0.0,0,-32.61,-19.45,[],0,0,[],[]
6297100,6298730,NA,NON,0.0,207,pause,NA,NA,NA,NA,0.0,0,-27.08,-10.96,[],0,0,[],[]
6298730,6299840,NA,SIL,0.0,207,pause,NA,NA,NA,NA,0.0,0,-48.17,-37.31,[],0,0,[],[]
6299840,6300900,CHI,CHN,0.0,207,CM,EC,0,NT,FI,1.0,1060,-15.77,-10.14,"[{'Canonical-syllable': '0', 'Growl': '0', 'High-freq-energy': '0', 'Long-island': '0', 'Low-tilt-spectrum': '0', 'Medium-island': '0', 'Short-island': '0', 'Squeal': '0', 'Typical-entropy': '0', 'Voicing-quality': '1', 'Wide-band': '0', 'Xlong-island': '1', 'seq': '1', 'end': 6300.9, 'start': 6299.93}]",0,0,[],[]
6300900,6303600,NA,OLF,0.0,208,pause,NA,NA,NA,NA,0.0,0,-35.73,-19.21,[],0,0,[],[]
6303600,6304480,NA,SIL,0.0,208,pause,NA,NA,NA,NA,0.0,0,-42.8,-25.18,[],0,0,[],[]
6304480,6308250,NA,NOF,0.0,208,pause,NA,NA,NA,NA,0.0,0,-35.98,-17.79,[],0,0,[],[]
6308250,6310010,CHI,CHN,0.0,208,CIC,BC,0,NT,FI,1.0,1760,-16.88,-9.14,"[{'Canonical-syllable': '2', 'Growl': '1', 'High-freq-energy': '0', 'Long-island': '0', 'Low-tilt-spectrum': '1', 'Medium-island': '2', 'Short-island': '2', 'Squeal': '0', 'Typical-entropy': '3', 'Voicing-quality': '4', 'Wide-band': '0', 'Xlong-island': '0', 'seq': '1', 'end': 6310.01, 'start': 6308.25}]",0,0,[],[]
6310010,6311010,NA,OLF,0.0,208,CIC,NA,NA,NA,NA,0.0,0,-31.41,-15.16,[],0,0,[],[]
6311010,6312010,NA,NOF,0.0,208,CIC,NA,NA,NA,NA,0.0,0,-22.0,-9.03,[],0,0,[],[]
6312010,6312620,CHI,CHN,0.0,208,CIC,RC,0,NT,FH,1.0,610,-15.08,-8.18,"[{'Canonical-syllable': '1', 'Growl': '0', 'High-freq-energy': '0', 'Long-island': '0', 'Low-tilt-spectrum': '0', 'Medium-island': '1', 'Short-island': '0', 'Squeal': '0', 'Typical-entropy': '0', 'Voicing-quality': '1', 'Wide-band': '0', 'Xlong-island': '0', 'seq': '1', 'end': 6312.62, 'start': 6312.01}]",0,0,[],[]
6312620,6313640,CHI,CHN,0.0,208,CIC,RC,0,NT,FH,1.0,390,-21.27,-6.36,"[{'Canonical-syllable': '0', 'Growl': '0', 'High-freq-energy': '0', 'Long-island': '0', 'Low-tilt-spectrum': '0', 'Medium-island': '0', 'Short-island': '1', 'Squeal': '0', 'Typical-entropy': '1', 'Voicing-quality': '1', 'Wide-band': '0', 'Xlong-island': '0', 'seq': '1', 'end': 6313.64, 'start': 6313.25}]",0,0,[],[]
6313640,6314500,CHI,CHN,0.0,208,CIC,RC,0,TIFI,FH,1.0,430,-18.46,-8.34,"[{'Canonical-syllable': '1', 'Growl': '0', 'High-freq-energy': '0', 'Long-island': '0', 'Low-tilt-spectrum': '0', 'Medium-island': '1', 'Short-island': '0', 'Squeal': '0', 'Typical-entropy': '1', 'Voicing-quality': '1', 'Wide-band': '0', 'Xlong-island': '0', 'seq': '1', 'end': 6314.07, 'start': 6313.64}]",0,0,[],[]
6314500,6315500,FEM,FAN,7.06,208,CIC,RC,1,TIFR,FI,0.0,0,-28.01,-19.4,[],0,0,[],[]
6315500,6317810,NA,NOF,0.0,208,CIC,NA,NA,NA,NA,0.0,0,-36.52,-18.27,[],0,0,[],[]
6317810,6318410,CHI,CHN,0.0,208,CIC,RC,1,TIFE,FI,1.0,600,-16.55,-9.8,"[{'Canonical-syllable': '0', 'Growl': '0', 'High-freq-energy': '0', 'Long-island': '0', 'Low-tilt-spectrum': '0', 'Medium-island': '1', 'Short-island': '0', 'Squeal': '0', 'Typical-entropy': '1', 'Voicing-quality': '1', 'Wide-band': '0', 'Xlong-island': '0', 'seq': '1', 'end': 6318.41, 'start': 6317.94}]",0,0,[],[]
6318410,6319210,NA,NOF,0.0,208,CIC,NA,NA,NA,NA,0.0,0,-34.52,-19.77,[],0,0,[],[]
6319210,6320340,NA,OLN,0.0,208,CIC,NA,NA,NA,NA,0.0,0,-26.96,-11.93,[],0,0,[],[]
6320340,6321210,NA,NOF,0.0,208,CIC,NA,NA,NA,NA,0.0,0,-43.94,-35.28,[],0,0,[],[]
6321210,6322950,CHI,CHN,0.0,208,CIC,RC,1,NT,FH,2.0,900,-20.57,-10.42,"[{'Canonical-syllable': '0', 'Growl': '0', 'High-freq-energy': '0', 'Long-island': '0', 'Low-tilt-spectrum': '0', 'Medium-island': '1', 'Short-island': '0', 'Squeal': '0', 'Typical-entropy': '1', 'Voicing-quality': '1', 'Wide-band': '0', 'Xlong-island': '0', 'seq': '1', 'end': 6321.81, 'start': 6321.21}, {'Canonical-syllable': '0', 'Growl': '0', 'High-freq-energy': '0', 'Long-island': '0', 'Low-tilt-spectrum': '0', 'Medium-island': '1', 'Short-island': '0', 'Squeal': '0', 'Typical-entropy': '1', 'Voicing-quality': '1', 'Wide-band': '0', 'Xlong-island': '0', 'seq': '2', 'end': 6322.81, 'start': 6322.51}]",0,0,[],[]
6322950,6323980,NA,OLN,0.0,208,CIC,NA,NA,NA,NA,0.0,0,-30.92,-19.3,[],0,0,[],[]
6323980,6324780,NA,OLF,0.0,208,CIC,NA,NA,NA,NA,0.0,0,-37.27,-29.46,[],0,0,[],[]
6324780,6325540,CHI,CHN,0.0,208,CIC,RC,1,NT,FH,1.0,760,-17.02,-11.45,"[{'Canonical-syllable': '0', 'Growl': '0', 'High-freq-energy': '0', 'Long-island': '0', 'Low-tilt-spectrum': '0', 'Medium-island': '1', 'Short-island': '0', 'Squeal': '0', 'Typical-entropy': '0', 'Voicing-quality': '1', 'Wide-band': '0', 'Xlong-island': '0', 'seq': '1', 'end': 6325.54, 'start': 6324.78}]",0,0,[],[]
6325540,6326500,NA,NOF,0.0,208,CIC,NA,NA,NA,NA,0.0,0,-41.86,-33.15,[],0,0,[],[]
6326500,6327110,CHI,CHN,0.0,208,CIC,RC,1,NT,FH,1.0,610,-15.83,-12.19,"[{'Canonical-syllable': '0', 'Growl': '0', 'High-freq-energy': '0', 'Long-island': '0', 'Low-tilt-spectrum': '0', 'Medium-island': '1', 'Short-island': '0', 'Squeal': '0', 'Typical-entropy': '0', 'Voicing-quality': '1', 'Wide-band': '0', 'Xlong-island': '0', 'seq': '1', 'end': 6327.11, 'start': 6326.64}]",0,0,[],[]
6327110,6327910,NA,NOF,0.0,208,CIC,NA,NA,NA,NA,0.0,0,-35.61,-24.49,[],0,0,[],[]
6327910,6328910,CHI,CHN,0.0,208,CIC,RC,1,NT,FH,1.0,1000,-15.77,-9.24,"[{'Canonical-syllable': '1', 'Growl': '0', 'High-freq-energy': '0', 'Long-island': '0', 'Low-tilt-spectrum': '0', 'Medium-island': '2', 'Short-island': '0', 'Squeal': '0', 'Typical-entropy': '0', 'Voicing-quality': '2', 'Wide-band': '0', 'Xlong-island': '0', 'seq': '1', 'end': 6328.91, 'start': 6327.91}]",0,0,[],[]
6328910,6329580,CHI,CHN,0.0,208,CIC,RC,1,NT,FH,1.0,530,-18.07,-11.04,"[{'Canonical-syllable': '0', 'Growl': '2', 'High-freq-energy': '0', 'Long-island': '0', 'Low-tilt-spectrum': '0', 'Medium-island': '1', 'Short-island': '1', 'Squeal': '0', 'Typical-entropy': '1', 'Voicing-quality': '2', 'Wide-band': '1', 'Xlong-island': '0', 'seq': '1', 'end': 6329.44, 'start': 6328.91}]",0,0,[],[]
6329580,6331010,NA,OLN,0.0,208,CIC,NA,NA,NA,NA,0.0,0,-19.82,-11.32,[],0,0,[],[]
6331010,6332480,NA,NON,0.0,208,CIC,NA,NA,NA,NA,0.0,0,-26.93,-10.65,[],0,0,[],[]
6332480,6333080,CHI,CHN,0.0,208,CIC,RC,1,NT,FH,1.0,420,-18.2,-10.04,"[{'Canonical-syllable': '0', 'Growl': '0', 'High-freq-energy': '0', 'Long-island': '0', 'Low-tilt-spectrum': '0', 'Medium-island': '0', 'Short-island': '1', 'Squeal': '0', 'Typical-entropy': '0', 'Voicing-quality': '1', 'Wide-band': '0', 'Xlong-island': '0', 'seq': '1', 'end': 6332.9, 'start': 6332.66}]",0,0,[],[]
6333080,6333950,NA,OLN,0.0,208,CIC,NA,NA,NA,NA,0.0,0,-24.18,-14.66,[],0,0,[],[]
6333950,6334760,NA,NOF,0.0,208,CIC,NA,NA,NA,NA,0.0,0,-20.33,-5.43,[],0,0,[],[]
6334760,6335360,CHI,CHN,0.0,208,CIC,RC,1,NT,FH,1.0,430,-18.95,-13.45,"[{'Canonical-syllable': '1', 'Growl': '0', 'High-freq-energy': '0', 'Long-island': '0', 'Low-tilt-spectrum': '0', 'Medium-island': '1', 'Short-island': '0', 'Squeal': '0', 'Typical-entropy': '0', 'Voicing-quality': '1', 'Wide-band': '0', 'Xlong-island': '0', 'seq': '1', 'end': 6335.19, 'start': 6334.76}]",0,0,[],[]
6335360,6336190,NA,NOF,0.0,208,CIC,NA,NA,NA,NA,0.0,0,-34.86,-19.16,[],0,0,[],[]
6336190,6337270,CHI,CHN,0.0,208,CIC,RC,1,NT,FH,1.0,1080,-16.2,-8.27,"[{'Canonical-syllable': '0', 'Growl': '0', 'High-freq-energy': '0', 'Long-island': '1', 'Low-tilt-spectrum': '1', 'Medium-island': '0', 'Short-island': '0', 'Squeal': '0', 'Typical-entropy': '1', 'Voicing-quality': '2', 'Wide-band': '1', 'Xlong-island': '0', 'seq': '1', 'end': 6337.27, 'start': 6336.19}]",0,0,[],[]
6337270,6338310,NA,NON,0.0,208,CIC,NA,NA,NA,NA,0.0,0,-37.33,-26.89,[],0,0,[],[]
6338310,6338910,CHI,CHN,0.0,208,CIC,EC,1,NT,FH,1.0,190,-19.0,-6.18,"[{'Canonical-syllable': '0', 'Growl': '0', 'High-freq-energy': '0', 'Long-island': '0', 'Low-tilt-spectrum': '0', 'Medium-island': '0', 'Short-island': '1', 'Squeal': '0', 'Typical-entropy': '0', 'Voicing-quality': '1', 'Wide-band': '0', 'Xlong-island': '0', 'seq': '1', 'end': 6338.81, 'start': 6338.62}]",0,0,[],[]
6338910,6344250,NA,NOF,0.0,209,pause,NA,NA,NA,NA,0.0,0,-32.36,-11.8,[],0,0,[],[]
6344250,6345000,CHI,CHN,0.0,209,CIC,BC,0,TIFI,FI,1.0,750,-16.25,-9.89,"[{'Canonical-syllable': '0', 'Growl': '0', 'High-freq-energy': '0', 'Long-island': '1', 'Low-tilt-spectrum': '0', 'Medium-island': '0', 'Short-island': '0', 'Squeal': '0', 'Typical-entropy': '1', 'Voicing-quality': '1', 'Wide-band': '0', 'Xlong-island': '0', 'seq': '1', 'end': 6345.0, 'start': 6344.25}]",0,0,[],[]
6345000,6346440,NA,NOF,0.0,209,CIC,NA,NA,NA,NA,0.0,0,-27.79,-12.12,[],0,0,[],[]
6346440,6347400,NA,OLN,0.0,209,CIC,NA,NA,NA,NA,0.0,0,-21.67,-8.18,[],0,0,[],[]
6347400,6349130,FEM,FAN,5.58,209,CIC,RC,1,TIFR,FI,0.0,0,-24.31,-8.91,[],0,0,[],[]
6349130,6349930,NA,NOF,0.0,209,CIC,NA,NA,NA,NA,0.0,0,-42.13,-31.13,[],0,0,[],[]
6349930,6351350,FEM,FAN,7.13,209,CIC,RC,1,NT,FH,0.0,0,-31.01,-24.66,[],0,0,[],[]
6351350,6352030,CHI,CHN,0.0,209,CIC,RC,1,TIFI,FI,1.0,370,-16.44,-9.05,"[{'Canonical-syllable': '1', 'Growl': '0', 'High-freq-energy': '0', 'Long-island': '0', 'Low-tilt-spectrum': '0', 'Medium-island': '1', 'Short-island': '0', 'Squeal': '0', 'Typical-entropy': '0', 'Voicing-quality': '1', 'Wide-band': '0', 'Xlong-island': '0', 'seq': '1', 'end': 6351.72, 'start': 6351.35}]",0,0,[],[]
6352030,6354590,NA,NOF,0.0,209,CIC,NA,NA,NA,NA,0.0,0,-41.14,-23.61,[],0,0,[],[]
6354590,6355590,FEM,FAN,6.66,209,CIC,RC,2,TIFR,FI,0.0,0,-30.6,-24.55,[],0,0,[],[]
6355590,6357370,NA,NOF,0.0,209,CIC,NA,NA,NA,NA,0.0,0,-31.81,-10.06,[],0,0,[],[]
6357370,6358300,CHI,CHN,0.0,209,CIC,RC,2,TIFE,FI,1.0,630,-16.4,-7.75,"[{'Canonical-syllable': '1', 'Growl': '0', 'High-freq-energy': '0', 'Long-island': '0', 'Low-tilt-spectrum': '1', 'Medium-island': '1', 'Short-island': '0', 'Squeal': '0', 'Typical-entropy': '1', 'Voicing-quality': '1', 'Wide-band': '0', 'Xlong-island': '0', 'seq': '1', 'end': 6358.0, 'start': 6357.53}]",0,0,[],[]
6358300,6359100,NA,SIL,0.0,209,CIC,NA,NA,NA,NA,0.0,0,-53.52,-41.46,[],0,0,[],[]
6359100,6359700,CHI,CHN,0.0,209,CIC,EC,2,NT,FH,1.0,450,-14.69,-6.62,"[{'Canonical-syllable': '0', 'Growl': '0', 'High-freq-energy': '0', 'Long-island': '0', 'Low-tilt-spectrum': '0', 'Medium-island': '1', 'Short-island': '0', 'Squeal': '0', 'Typical-entropy': '1', 'Voicing-quality': '1', 'Wide-band': '0', 'Xlong-island': '0', 'seq': '1', 'end': 6359.55, 'start': 6359.1}]",0,0,[],[]
6359700,6366600,NA,NOF,0.0,210,pause,NA,NA,NA,NA,0.0,0,-42.47,-26.43,[],0,0,[],[]
6366600,6367500,NA,OLN,0.0,210,pause,NA,NA,NA,NA,0.0,0,-29.95,-20.54,[],0,0,[],[]
6367500,6368780,OCH,CXN,0.0,210,XM,EC,0,NT,FI,0.0,0,-31.01,-21.33,[],0,0,[],[]
6368780,6370850,NA,NOF,0.0,211,pause,NA,NA,NA,NA,0.0,0,-33.16,-15.59,[],0,0,[],[]
6370850,6371650,NA,OLN,0.0,211,pause,NA,NA,NA,NA,0.0,0,-24.43,-7.99,[],0,0,[],[]
6371650,6384740,NA,NOF,0.0,211,pause,NA,NA,NA,NA,0.0,0,-35.07,-7.98,[],0,0,[],[]
6384740,6387010,CHI,CHN,0.0,211,CIC,BC,0,NT,FI,2.0,1900,-23.44,-6.38,"[{'Canonical-syllable': '1', 'Growl': '0', 'High-freq-energy': '0', 'Long-island': '0', 'Low-tilt-spectrum': '0', 'Medium-island': '2', 'Short-island': '1', 'Squeal': '0', 'Typical-entropy': '3', 'Voicing-quality': '3', 'Wide-band': '0', 'Xlong-island': '0', 'seq': '1', 'end': 6385.89, 'start': 6384.74}, {'Canonical-syllable': '0', 'Growl': '1', 'High-freq-energy': '0', 'Long-island': '0', 'Low-tilt-spectrum': '0', 'Medium-island': '1', 'Short-island': '1', 'Squeal': '0', 'Typical-entropy': '0', 'Voicing-quality': '2', 'Wide-band': '0', 'Xlong-island': '0', 'seq': '2', 'end': 6387.01, 'start': 6386.26}]",0,0,[],[]
6387010,6389040,NA,FAF,0.0,211,CIC,NA,NA,NA,NA,0.0,0,-39.49,-25.62,[],0,0,[],[]
6389040,6390480,NA,NOF,0.0,211,CIC,NA,NA,NA,NA,0.0,0,-43.32,-31.65,[],0,0,[],[]
6390480,6391080,OCH,CXN,0.0,211,CIC,RC,0,NT,FI,0.0,0,-35.23,-28.4,[],0,0,[],[]
6391080,6393090,NA,NON,0.0,211,CIC,NA,NA,NA,NA,0.0,0,-35.68,-24.96,[],0,0,[],[]
6393090,6394110,FEM,FAN,0.0,211,CIC,NA,NA,NA,NA,0.0,0,-29.98,-24.55,[],1020,0,[],[]
6394110,6394970,NA,OLN,0.0,211,CIC,NA,NA,NA,NA,0.0,0,-31.58,-23.29,[],0,0,[],[]
6394970,6395570,CHI,CHN,0.0,211,CIC,RC,0,TIFI,FI,1.0,600,-26.35,-20.17,"[{'Canonical-syllable': '0', 'Growl': '0', 'High-freq-energy': '0', 'Long-island': '0', 'Low-tilt-spectrum': '1', 'Medium-island': '1', 'Short-island': '0', 'Squeal': '0', 'Typical-entropy': '1', 'Voicing-quality': '1', 'Wide-band': '0', 'Xlong-island': '0', 'seq': '1', 'end': 6395.57, 'start': 6394.97}]",0,0,[],[]
6395570,6397050,NA,NON,0.0,211,CIC,NA,NA,NA,NA,0.0,0,-31.58,-23.17,[],0,0,[],[]
6397050,6398080,FEM,FAN,0.68,211,CIC,RC,1,TIFR,FI,0.0,0,-33.34,-23.41,[],0,0,[],[]
6398080,6399550,NA,NON,0.0,211,CIC,NA,NA,NA,NA,0.0,0,-40.91,-30.84,[],0,0,[],[]
6399550,6400550,CHI,CHN,0.0,211,CIC,RC,1,TIFE,FI,2.0,660,-20.18,-12.12,"[{'Canonical-syllable': '0', 'Growl': '0', 'High-freq-energy': '0', 'Long-island': '0', 'Low-tilt-spectrum': '0', 'Medium-island': '0', 'Short-island': '0', 'Squeal': '0', 'Typical-entropy': '1', 'Voicing-quality': '1', 'Wide-band': '0', 'Xlong-island': '0', 'seq': '1', 'end': 6399.84, 'start': 6399.73}, {'Canonical-syllable': '0', 'Growl': '0', 'High-freq-energy': '0', 'Long-island': '0', 'Low-tilt-spectrum': '0', 'Medium-island': '1', 'Short-island': '0', 'Squeal': '0', 'Typical-entropy': '0', 'Voicing-quality': '1', 'Wide-band': '0', 'Xlong-island': '0', 'seq': '2', 'end': 6400.55, 'start': 6400.18}]",0,0,[],[]
6400550,6403400,CHI,CHN,0.0,211,CIC,RC,1,NT,FH,4.0,710,-24.24,-8.04,"[{'Canonical-syllable': '0', 'Growl': '0', 'High-freq-energy': '1', 'Long-island': '0', 'Low-tilt-spectrum': '1', 'Medium-island': '0', 'Short-island': '1', 'Squeal': '1', 'Typical-entropy': '1', 'Voicing-quality': '1', 'Wide-band': '0', 'Xlong-island': '0', 'seq': '1', 'end': 6400.71, 'start': 6400.55}, {'Canonical-syllable': '0', 'Growl': '0', 'High-freq-energy': '0', 'Long-island': '0', 'Low-tilt-spectrum': '1', 'Medium-island': '0', 'Short-island': '1', 'Squeal': '0', 'Typical-entropy': '1', 'Voicing-quality': '1', 'Wide-band': '0', 'Xlong-island': '0', 'seq': '2', 'end': 6401.52, 'start': 6401.36}, {'Canonical-syllable': '0', 'Growl': '0', 'High-freq-energy': '0', 'Long-island': '0', 'Low-tilt-spectrum': '0', 'Medium-island': '0', 'Short-island': '1', 'Squeal': '0', 'Typical-entropy': '1', 'Voicing-quality': '1', 'Wide-band': '0', 'Xlong-island': '0', 'seq': '3', 'end': 6402.53, 'start': 6402.28}, {'Canonical-syllable': '0', 'Growl': '0', 'High-freq-energy': '0', 'Long-island': '0', 'Low-tilt-spectrum': '0', 'Medium-island': '0', 'Short-island': '0', 'Squeal': '0', 'Typical-entropy': '0', 'Voicing-quality': '0', 'Wide-band': '0', 'Xlong-island': '0', 'seq': '4', 'end': 6403.4, 'start': 6403.26}]",0,0,[],[]
6403400,6404400,CHI,CHN,0.0,211,CIC,RC,1,NT,FH,1.0,300,-19.83,-11.23,"[{'Canonical-syllable': '1', 'Growl': '0', 'High-freq-energy': '0', 'Long-island': '0', 'Low-tilt-spectrum': '0', 'Medium-island': '1', 'Short-island': '0', 'Squeal': '0', 'Typical-entropy': '0', 'Voicing-quality': '1', 'Wide-band': '0', 'Xlong-island': '0', 'seq': '1', 'end': 6404.19, 'start': 6403.89}]",0,0,[],[]
6404400,6405000,CHI,CHN,0.0,211,CIC,RC,1,NT,FH,1.0,600,-19.92,-14.06,"[{'Canonical-syllable': '0', 'Growl': '0', 'High-freq-energy': '0', 'Long-island': '0', 'Low-tilt-spectrum': '0', 'Medium-island': '1', 'Short-island': '1', 'Squeal': '0', 'Typical-entropy': '1', 'Voicing-quality': '2', 'Wide-band': '1', 'Xlong-island': '0', 'seq': '1', 'end': 6405.0, 'start': 6404.4}]",0,0,[],[]
6405000,6406230,CHI,CHN,0.0,211,CIC,RC,1,NT,FH,2.0,550,-18.57,-11.28,"[{'Canonical-syllable': '0', 'Growl': '0', 'High-freq-energy': '0', 'Long-island': '0', 'Low-tilt-spectrum': '0', 'Medium-island': '0', 'Short-island': '1', 'Squeal': '0', 'Typical-entropy': '0', 'Voicing-quality': '1', 'Wide-band': '0', 'Xlong-island': '0', 'seq': '1', 'end': 6405.22, 'start': 6405.0}, {'Canonical-syllable': '0', 'Growl': '0', 'High-freq-energy': '0', 'Long-island': '0', 'Low-tilt-spectrum': '0', 'Medium-island': '1', 'Short-island': '0', 'Squeal': '0', 'Typical-entropy': '0', 'Voicing-quality': '1', 'Wide-band': '0', 'Xlong-island': '0', 'seq': '2', 'end': 6406.23, 'start': 6405.9}]",0,0,[],[]
6406230,6407390,CHI,CHN,0.0,211,CIC,RC,1,TIFI,FH,2.0,750,-21.66,-11.83,"[{'Canonical-syllable': '0', 'Growl': '0', 'High-freq-energy': '0', 'Long-island': '0', 'Low-tilt-spectrum': '0', 'Medium-island': '1', 'Short-island': '0', 'Squeal': '0', 'Typical-entropy': '0', 'Voicing-quality': '1', 'Wide-band': '0', 'Xlong-island': '0', 'seq': '1', 'end': 6406.87, 'start': 6406.33}, {'Canonical-syllable': '0', 'Growl': '0', 'High-freq-energy': '0', 'Long-island': '0', 'Low-tilt-spectrum': '0', 'Medium-island': '0', 'Short-island': '0', 'Squeal': '0', 'Typical-entropy': '0', 'Voicing-quality': '1', 'Wide-band': '0', 'Xlong-island': '0', 'seq': '2', 'end': 6407.39, 'start': 6407.28}]",0,0,[],[]
6407390,6410240,FEM,FAN,10.73,211,CIC,RC,2,TIFR,FI,0.0,0,-26.15,-12.85,[],0,0,[],[]
6410240,6410840,CHI,CHN,0.0,211,CIC,EC,2,TIFE,FI,1.0,260,-31.29,-22.78,"[{'Canonical-syllable': '0', 'Growl': '1', 'High-freq-energy': '0', 'Long-island': '0', 'Low-tilt-spectrum': '0', 'Medium-island': '0', 'Short-island': '1', 'Squeal': '0', 'Typical-entropy': '0', 'Voicing-quality': '1', 'Wide-band': '0', 'Xlong-island': '0', 'seq': '1', 'end': 6410.5, 'start': 6410.37}]",0,0,[],[]
6410840,6411840,FEM,FAN,0.0,212,pause,NA,NA,NA,NA,0.0,0,-42.13,-35.35,[],1000,0,[],[]
6411840,6416000,NA,SIL,0.0,212,pause,NA,NA,NA,NA,0.0,0,-47.23,-21.6,[],0,0,[],[]
6416000,6416800,NA,FAF,0.0,212,pause,NA,NA,NA,NA,0.0,0,-27.16,-11.27,[],0,0,[],[]
6416800,6418200,MAL,MAN,2.24,212,AMM,BC,0,NT,FI,0.0,0,-33.51,-19.22,[],0,0,[],[]
6418200,6420080,NA,NOF,0.0,212,AMM,NA,NA,NA,NA,0.0,0,-38.79,-26.07,[],0,0,[],[]
6420080,6421270,FEM,FAN,3.23,212,AMM,EC,0,NT,FI,0.0,0,-35.88,-28.28,[],0,0,[],[]
6421270,6423560,NA,NOF,0.0,213,pause,NA,NA,NA,NA,0.0,0,-37.57,-19.93,[],0,0,[],[]
6423560,6424380,NA,OLF,0.0,213,pause,NA,NA,NA,NA,0.0,0,-40.25,-29.66,[],0,0,[],[]
6424380,6425960,NA,FAF,0.0,213,pause,NA,NA,NA,NA,0.0,0,-39.37,-21.68,[],0,0,[],[]
6425960,6430000,NA,NOF,0.0,213,pause,NA,NA,NA,NA,0.0,0,-30.55,-12.75,[],0,0,[],[]
6430000,6431000,FEM,FAN,0.0,213,pause,NA,NA,NA,NA,0.0,0,-36.74,-28.5,[],1000,0,[],[]
6431000,6432160,NA,SIL,0.0,213,pause,NA,NA,NA,NA,0.0,0,-50.98,-37.58,[],0,0,[],[]
6432160,6432760,FEM,FAN,2.53,213,AICF,BC,0,TIFI,FI,0.0,0,-32.08,-20.53,[],0,0,[],[]
6432760,6435140,NA,NOF,0.0,213,AICF,NA,NA,NA,NA,0.0,0,-39.29,-20.27,[],0,0,[],[]
6435140,6435940,NA,OLN,0.0,213,AICF,NA,NA,NA,NA,0.0,0,-26.64,-15.41,[],0,0,[],[]
6435940,6436840,NA,NOF,0.0,213,AICF,NA,NA,NA,NA,0.0,0,-36.54,-24.51,[],0,0,[],[]
6436840,6438350,CHI,CHN,0.0,213,AICF,EC,1,TIFR,FI,1.0,1510,-15.79,-4.52,"[{'Canonical-syllable': '0', 'Growl': '0', 'High-freq-energy': '0', 'Long-island': '0', 'Low-tilt-spectrum': '3', 'Medium-island': '1', 'Short-island': '2', 'Squeal': '0', 'Typical-entropy': '2', 'Voicing-quality': '4', 'Wide-band': '0', 'Xlong-island': '0', 'seq': '1', 'end': 6438.35, 'start': 6436.84}]",0,0,[],[]
6438350,6439510,NA,NOF,0.0,214,pause,NA,NA,NA,NA,0.0,0,-40.67,-26.99,[],0,0,[],[]
6439510,6440520,NA,OLN,0.0,214,pause,NA,NA,NA,NA,0.0,0,-33.81,-24.87,[],0,0,[],[]
6440520,6443140,NA,NOF,0.0,214,pause,NA,NA,NA,NA,0.0,0,-37.01,-23.41,[],0,0,[],[]
6443140,6443940,NA,SIL,0.0,214,pause,NA,NA,NA,NA,0.0,0,-53.85,-50.15,[],0,0,[],[]
6443940,6445850,NA,NOF,0.0,214,pause,NA,NA,NA,NA,0.0,0,-50.78,-40.62,[],0,0,[],[]
6445850,6447850,CHI,CHN,0.0,214,CM,EC,0,NT,FI,1.0,1360,-21.27,-11.93,"[{'Canonical-syllable': '1', 'Growl': '0', 'High-freq-energy': '0', 'Long-island': '0', 'Low-tilt-spectrum': '1', 'Medium-island': '2', 'Short-island': '1', 'Squeal': '0', 'Typical-entropy': '1', 'Voicing-quality': '3', 'Wide-band': '0', 'Xlong-island': '0', 'seq': '1', 'end': 6447.72, 'start': 6446.36}]",0,0,[],[]
6447850,6448650,NA,NOF,0.0,215,pause,NA,NA,NA,NA,0.0,0,-48.13,-39.5,[],0,0,[],[]
6448650,6449450,NA,SIL,0.0,215,pause,NA,NA,NA,NA,0.0,0,-47.1,-36.65,[],0,0,[],[]
6449450,6450250,NA,NOF,0.0,215,pause,NA,NA,NA,NA,0.0,0,-29.18,-11.71,[],0,0,[],[]
6450250,6451320,NA,OLN,0.0,215,pause,NA,NA,NA,NA,0.0,0,-24.95,-12.84,[],0,0,[],[]
6451320,6453140,NA,NON,0.0,215,pause,NA,NA,NA,NA,0.0,0,-33.14,-17.11,[],0,0,[],[]
6453140,6453740,NA,FAF,0.0,215,pause,NA,NA,NA,NA,0.0,0,-40.39,-35.71,[],0,0,[],[]
6453740,6457370,NA,NOF,0.0,215,pause,NA,NA,NA,NA,0.0,0,-33.7,-9.7,[],0,0,[],[]
6457370,6458370,CHI,CHN,0.0,215,CM,BC,0,NT,FI,1.0,910,-24.13,-20.37,"[{'Canonical-syllable': '0', 'Growl': '0', 'High-freq-energy': '0', 'Long-island': '1', 'Low-tilt-spectrum': '0', 'Medium-island': '0', 'Short-island': '0', 'Squeal': '0', 'Typical-entropy': '0', 'Voicing-quality': '1', 'Wide-band': '0', 'Xlong-island': '0', 'seq': '1', 'end': 6458.28, 'start': 6457.37}]",0,0,[],[]
6458370,6459200,CHI,CHN,0.0,215,CM,RC,0,NT,FH,1.0,710,-30.48,-24.12,"[{'Canonical-syllable': '0', 'Growl': '2', 'High-freq-energy': '0', 'Long-island': '0', 'Low-tilt-spectrum': '0', 'Medium-island': '1', 'Short-island': '1', 'Squeal': '0', 'Typical-entropy': '1', 'Voicing-quality': '2', 'Wide-band': '0', 'Xlong-island': '0', 'seq': '1', 'end': 6459.08, 'start': 6458.49}]",0,0,[],[]
6459200,6460070,NA,NOF,0.0,215,CM,NA,NA,NA,NA,0.0,0,-38.36,-24.23,[],0,0,[],[]
6460070,6462850,CHI,CHN,0.0,215,CM,RC,0,NT,FH,2.0,2430,-18.46,-9.41,"[{'Canonical-syllable': '0', 'Growl': '0', 'High-freq-energy': '0', 'Long-island': '1', 'Low-tilt-spectrum': '0', 'Medium-island': '1', 'Short-island': '0', 'Squeal': '0', 'Typical-entropy': '1', 'Voicing-quality': '2', 'Wide-band': '0', 'Xlong-island': '0', 'seq': '1', 'end': 6461.45, 'start': 6460.2}, {'Canonical-syllable': '1', 'Growl': '0', 'High-freq-energy': '0', 'Long-island': '0', 'Low-tilt-spectrum': '0', 'Medium-island': '1', 'Short-island': '1', 'Squeal': '0', 'Typical-entropy': '3', 'Voicing-quality': '3', 'Wide-band': '0', 'Xlong-island': '0', 'seq': '2', 'end': 6462.85, 'start': 6461.8}]",0,0,[],[]
6462850,6464080,NA,NON,0.0,215,CM,NA,NA,NA,NA,0.0,0,-25.83,-10.5,[],0,0,[],[]
6464080,6464700,CHI,CHN,0.0,215,CM,RC,0,NT,FH,1.0,440,-34.07,-26.5,"[{'Canonical-syllable': '0', 'Growl': '1', 'High-freq-energy': '1', 'Long-island': '0', 'Low-tilt-spectrum': '1', 'Medium-island': '1', 'Short-island': '0', 'Squeal': '0', 'Typical-entropy': '1', 'Voicing-quality': '1', 'Wide-band': '0', 'Xlong-island': '0', 'seq': '1', 'end': 6464.52, 'start': 6464.08}]",0,0,[],[]
6464700,6465900,CHI,CHN,0.0,215,CM,EC,0,NT,FH,1.0,1200,-26.36,-17.78,"[{'Canonical-syllable': '1', 'Growl': '1', 'High-freq-energy': '0', 'Long-island': '0', 'Low-tilt-spectrum': '0', 'Medium-island': '1', 'Short-island': '2', 'Squeal': '0', 'Typical-entropy': '0', 'Voicing-quality': '3', 'Wide-band': '0', 'Xlong-island': '0', 'seq': '1', 'end': 6465.9, 'start': 6464.87}]",0,0,[],[]
6465900,6468180,NA,NOF,0.0,216,pause,NA,NA,NA,NA,0.0,0,-48.61,-36.21,[],0,0,[],[]
6468180,6470680,NA,SIL,0.0,216,pause,NA,NA,NA,NA,0.0,0,-46.62,-31.83,[],0,0,[],[]
6470680,6472350,NA,NOF,0.0,216,pause,NA,NA,NA,NA,0.0,0,-49.41,-38.59,[],0,0,[],[]
6472350,6473160,OCH,CXN,0.0,216,XM,EC,0,NT,FI,0.0,0,-43.27,-37.3,[],0,0,[],[]
6473160,6476540,NA,NOF,0.0,217,pause,NA,NA,NA,NA,0.0,0,-40.02,-19.06,[],0,0,[],[]
6476540,6477770,NA,CXF,0.0,217,pause,NA,NA,NA,NA,0.0,0,-46.93,-40.2,[],0,0,[],[]
6477770,6478770,NA,NOF,0.0,217,pause,NA,NA,NA,NA,0.0,0,-40.45,-23.54,[],0,0,[],[]
6478770,6480500,CHI,CHN,0.0,217,CM,EC,0,NT,FI,1.0,1640,-23.07,-13.87,"[{'Canonical-syllable': '0', 'Growl': '0', 'High-freq-energy': '0', 'Long-island': '0', 'Low-tilt-spectrum': '0', 'Medium-island': '1', 'Short-island': '3', 'Squeal': '0', 'Typical-entropy': '1', 'Voicing-quality': '4', 'Wide-band': '0', 'Xlong-island': '0', 'seq': '1', 'end': 6480.41, 'start': 6478.77}]",0,0,[],[]
6480500,6484100,NA,NOF,0.0,218,pause,NA,NA,NA,NA,0.0,0,-39.18,-16.33,[],0,0,[],[]
6484100,6491160,NA,SIL,0.0,218,pause,NA,NA,NA,NA,0.0,0,-52.97,-35.25,[],0,0,[],[]
6491160,6491960,NA,NOF,0.0,218,pause,NA,NA,NA,NA,0.0,0,-47.95,-36.49,[],0,0,[],[]
6491960,6493430,NA,SIL,0.0,218,pause,NA,NA,NA,NA,0.0,0,-59.16,-50.48,[],0,0,[],[]
6493430,6497510,CHI,CHN,0.0,218,CIOCX,BC,0,NT,FI,3.0,2830,-21.92,-10.04,"[{'Canonical-syllable': '0', 'Growl': '0', 'High-freq-energy': '0', 'Long-island': '1', 'Low-tilt-spectrum': '1', 'Medium-island': '1', 'Short-island': '1', 'Squeal': '0', 'Typical-entropy': '1', 'Voicing-quality': '3', 'Wide-band': '0', 'Xlong-island': '0', 'seq': '1', 'end': 6495.1, 'start': 6493.43}, {'Canonical-syllable': '1', 'Growl': '0', 'High-freq-energy': '0', 'Long-island': '0', 'Low-tilt-spectrum': '1', 'Medium-island': '2', 'Short-island': '0', 'Squeal': '0', 'Typical-entropy': '2', 'Voicing-quality': '3', 'Wide-band': '0', 'Xlong-island': '0', 'seq': '2', 'end': 6496.72, 'start': 6495.71}, {'Canonical-syllable': '0', 'Growl': '0', 'High-freq-energy': '0', 'Long-island': '0', 'Low-tilt-spectrum': '0', 'Medium-island': '0', 'Short-island': '1', 'Squeal': '0', 'Typical-entropy': '0', 'Voicing-quality': '1', 'Wide-band': '0', 'Xlong-island': '0', 'seq': '3', 'end': 6497.38, 'start': 6497.23}]",0,0,[],[]
6497510,6498550,NA,SIL,0.0,218,CIOCX,NA,NA,NA,NA,0.0,0,-56.38,-51.88,[],0,0,[],[]
6498550,6500490,NA,NOF,0.0,218,CIOCX,NA,NA,NA,NA,0.0,0,-50.96,-42.91,[],0,0,[],[]
6500490,6501290,OCH,CXN,0.0,218,CIOCX,RC,0,NT,FI,0.0,0,-49.34,-42.02,[],0,0,[],[]
6501290,6503590,NA,SIL,0.0,218,CIOCX,NA,NA,NA,NA,0.0,0,-55.95,-42.92,[],0,0,[],[]
6503590,6504390,NA,NOF,0.0,218,CIOCX,NA,NA,NA,NA,0.0,0,-51.3,-43.09,[],0,0,[],[]
6504390,6507150,CHI,CHN,0.0,218,CIOCX,RC,0,NT,FI,2.0,2060,-23.32,-13.67,"[{'Canonical-syllable': '2', 'Growl': '0', 'High-freq-energy': '0', 'Long-island': '0', 'Low-tilt-spectrum': '0', 'Medium-island': '1', 'Short-island': '1', 'Squeal': '0', 'Typical-entropy': '1', 'Voicing-quality': '2', 'Wide-band': '0', 'Xlong-island': '0', 'seq': '1', 'end': 6505.3, 'start': 6504.39}, {'Canonical-syllable': '0', 'Growl': '1', 'High-freq-energy': '0', 'Long-island': '0', 'Low-tilt-spectrum': '1', 'Medium-island': '1', 'Short-island': '2', 'Squeal': '0', 'Typical-entropy': '1', 'Voicing-quality': '3', 'Wide-band': '0', 'Xlong-island': '0', 'seq': '2', 'end': 6506.97, 'start': 6505.82}]",0,0,[],[]
6507150,6508580,NA,NOF,0.0,218,CIOCX,NA,NA,NA,NA,0.0,0,-51.65,-38.73,[],0,0,[],[]
6508580,6509180,CHI,CHN,0.0,218,CIOCX,RC,0,NT,FH,1.0,290,-25.99,-15.57,"[{'Canonical-syllable': '0', 'Growl': '1', 'High-freq-energy': '0', 'Long-island': '0', 'Low-tilt-spectrum': '0', 'Medium-island': '0', 'Short-island': '1', 'Squeal': '0', 'Typical-entropy': '0', 'Voicing-quality': '1', 'Wide-band': '1', 'Xlong-island': '0', 'seq': '1', 'end': 6508.87, 'start': 6508.74}]",0,0,[],[]
6509180,6510300,NA,NOF,0.0,218,CIOCX,NA,NA,NA,NA,0.0,0,-46.85,-40.46,[],0,0,[],[]
6510300,6510900,CHI,CHN,0.0,218,CIOCX,RC,0,NT,FH,1.0,280,-24.15,-15.13,"[{'Canonical-syllable': '0', 'Growl': '1', 'High-freq-energy': '0', 'Long-island': '0', 'Low-tilt-spectrum': '0', 'Medium-island': '0', 'Short-island': '1', 'Squeal': '0', 'Typical-entropy': '0', 'Voicing-quality': '1', 'Wide-band': '0', 'Xlong-island': '0', 'seq': '1', 'end': 6510.58, 'start': 6510.39}]",0,0,[],[]
6510900,6512620,NA,NOF,0.0,218,CIOCX,NA,NA,NA,NA,0.0,0,-50.05,-36.82,[],0,0,[],[]
6512620,6513430,NA,SIL,0.0,218,CIOCX,NA,NA,NA,NA,0.0,0,-58.52,-54.06,[],0,0,[],[]
6513430,6516210,OCH,CXN,0.0,218,CIOCX,RC,0,NT,FI,0.0,0,-24.88,-11.69,[],0,0,[],[]
6516210,6517740,NA,NOF,0.0,218,CIOCX,NA,NA,NA,NA,0.0,0,-50.1,-40.29,[],0,0,[],[]
6517740,6519030,CHI,CHN,0.0,218,CIOCX,RC,0,NT,FI,1.0,1290,-25.02,-18.22,"[{'Canonical-syllable': '1', 'Growl': '0', 'High-freq-energy': '1', 'Long-island': '1', 'Low-tilt-spectrum': '1', 'Medium-island': '1', 'Short-island': '0', 'Squeal': '0', 'Typical-entropy': '2', 'Voicing-quality': '2', 'Wide-band': '0', 'Xlong-island': '0', 'seq': '1', 'end': 6519.03, 'start': 6517.74}]",0,0,[],[]
6519030,6520610,NA,NON,0.0,218,CIOCX,NA,NA,NA,NA,0.0,0,-31.81,-12.82,[],0,0,[],[]
6520610,6521410,NA,OLF,0.0,218,CIOCX,NA,NA,NA,NA,0.0,0,-31.68,-22.1,[],0,0,[],[]
6521410,6522790,NA,NOF,0.0,218,CIOCX,NA,NA,NA,NA,0.0,0,-24.68,-8.09,[],0,0,[],[]
6522790,6523390,CHI,CHN,0.0,218,CIOCX,EC,0,NT,FH,1.0,600,-21.63,-10.86,"[{'Canonical-syllable': '0', 'Growl': '0', 'High-freq-energy': '0', 'Long-island': '0', 'Low-tilt-spectrum': '0', 'Medium-island': '1', 'Short-island': '0', 'Squeal': '0', 'Typical-entropy': '0', 'Voicing-quality': '1', 'Wide-band': '0', 'Xlong-island': '0', 'seq': '1', 'end': 6523.39, 'start': 6522.79}]",0,0,[],[]
6523390,6526920,NA,NOF,0.0,219,pause,NA,NA,NA,NA,0.0,0,-38.44,-16.75,[],0,0,[],[]
6526920,6528350,NA,OLF,0.0,219,pause,NA,NA,NA,NA,0.0,0,-36.5,-29.1,[],0,0,[],[]
6528350,6529970,NA,NOF,0.0,219,pause,NA,NA,NA,NA,0.0,0,-35.19,-14.88,[],0,0,[],[]
6529970,6530800,NA,OLF,0.0,219,pause,NA,NA,NA,NA,0.0,0,-36.66,-23.31,[],0,0,[],[]
6530800,6532690,NA,NOF,0.0,219,pause,NA,NA,NA,NA,0.0,0,-38.54,-19.79,[],0,0,[],[]
6532690,6534210,CHI,CHN,0.0,219,CIC,BC,0,NT,FI,2.0,1110,-25.12,-17.65,"[{'Canonical-syllable': '0', 'Growl': '0', 'High-freq-energy': '0', 'Long-island': '0', 'Low-tilt-spectrum': '0', 'Medium-island': '0', 'Short-island': '1', 'Squeal': '0', 'Typical-entropy': '1', 'Voicing-quality': '1', 'Wide-band': '0', 'Xlong-island': '0', 'seq': '1', 'end': 6532.85, 'start': 6532.69}, {'Canonical-syllable': '2', 'Growl': '0', 'High-freq-energy': '0', 'Long-island': '0', 'Low-tilt-spectrum': '0', 'Medium-island': '1', 'Short-island': '2', 'Squeal': '0', 'Typical-entropy': '0', 'Voicing-quality': '3', 'Wide-band': '0', 'Xlong-island': '0', 'seq': '2', 'end': 6534.11, 'start': 6533.16}]",0,0,[],[]
6534210,6535010,NA,SIL,0.0,219,CIC,NA,NA,NA,NA,0.0,0,-57.5,-53.01,[],0,0,[],[]
6535010,6536460,NA,NOF,0.0,219,CIC,NA,NA,NA,NA,0.0,0,-47.34,-32.69,[],0,0,[],[]
6536460,6538850,CHI,CHN,0.0,219,CIC,RC,0,NT,FH,1.0,1600,-26.11,-14.96,"[{'Canonical-syllable': '1', 'Growl': '2', 'High-freq-energy': '0', 'Long-island': '0', 'Low-tilt-spectrum': '0', 'Medium-island': '1', 'Short-island': '4', 'Squeal': '0', 'Typical-entropy': '3', 'Voicing-quality': '5', 'Wide-band': '0', 'Xlong-island': '0', 'seq': '1', 'end': 6538.06, 'start': 6536.46}]",0,0,[],[]
6538850,6540050,NA,NOF,0.0,219,CIC,NA,NA,NA,NA,0.0,0,-43.39,-26.38,[],0,0,[],[]
6540050,6540650,CHI,CHN,0.0,219,CIC,RC,0,TIFI,FH,1.0,420,-27.16,-19.68,"[{'Canonical-syllable': '1', 'Growl': '0', 'High-freq-energy': '0', 'Long-island': '0', 'Low-tilt-spectrum': '0', 'Medium-island': '0', 'Short-island': '1', 'Squeal': '0', 'Typical-entropy': '0', 'Voicing-quality': '1', 'Wide-band': '0', 'Xlong-island': '0', 'seq': '1', 'end': 6540.47, 'start': 6540.23}]",0,0,[],[]
6540650,6542120,NA,NOF,0.0,219,CIC,NA,NA,NA,NA,0.0,0,-44.28,-30.99,[],0,0,[],[]
6542120,6542720,FEM,FAN,2.99,219,CIC,RC,1,TIFR,FI,0.0,0,-37.64,-31.12,[],0,0,[],[]
6542720,6543560,NA,NOF,0.0,219,CIC,NA,NA,NA,NA,0.0,0,-21.84,-6.01,[],0,0,[],[]
6543560,6544190,CHI,CHN,0.0,219,CIC,EC,1,TIFE,FI,1.0,290,-22.37,-16.73,"[{'Canonical-syllable': '0', 'Growl': '0', 'High-freq-energy': '0', 'Long-island': '0', 'Low-tilt-spectrum': '0', 'Medium-island': '0', 'Short-island': '1', 'Squeal': '0', 'Typical-entropy': '0', 'Voicing-quality': '1', 'Wide-band': '0', 'Xlong-island': '0', 'seq': '1', 'end': 6544.19, 'start': 6543.9}]",0,0,[],[]
6544190,6544990,NA,OLN,0.0,220,pause,NA,NA,NA,NA,0.0,0,-26.12,-14.6,[],0,0,[],[]
6544990,6553500,NA,NOF,0.0,220,pause,NA,NA,NA,NA,0.0,0,-32.05,-6.63,[],0,0,[],[]
6553500,6554570,NA,SIL,0.0,220,pause,NA,NA,NA,NA,0.0,0,-43.07,-25.48,[],0,0,[],[]
6554570,6556400,NA,NOF,0.0,220,pause,NA,NA,NA,NA,0.0,0,-44.66,-28.78,[],0,0,[],[]
6556400,6557370,CHI,CHN,0.0,220,CM,EC,0,NT,FI,1.0,900,-17.28,-8.44,"[{'Canonical-syllable': '3', 'Growl': '0', 'High-freq-energy': '0', 'Long-island': '0', 'Low-tilt-spectrum': '0', 'Medium-island': '1', 'Short-island': '2', 'Squeal': '0', 'Typical-entropy': '2', 'Voicing-quality': '3', 'Wide-band': '0', 'Xlong-island': '0', 'seq': '1', 'end': 6557.3, 'start': 6556.4}]",0,0,[],[]
6557370,6558540,NA,NOF,0.0,221,pause,NA,NA,NA,NA,0.0,0,-50.37,-41.76,[],0,0,[],[]
6558540,6559580,NA,FAF,0.0,221,pause,NA,NA,NA,NA,0.0,0,-33.96,-20.61,[],0,0,[],[]
6559580,6560540,NA,NON,0.0,221,pause,NA,NA,NA,NA,0.0,0,-30.76,-20.16,[],0,0,[],[]
6560540,6561140,CHI,CHN,0.0,221,pause,NA,NA,NA,NA,0.0,0,-15.18,-2.63,[],0,0,[],[]
6561140,6561990,NA,NON,0.0,221,pause,NA,NA,NA,NA,0.0,0,-31.57,-19.46,[],0,0,[],[]
6561990,6563120,NA,FAF,0.0,221,pause,NA,NA,NA,NA,0.0,0,-40.76,-26.29,[],0,0,[],[]
6563120,6566770,NA,NOF,0.0,221,pause,NA,NA,NA,NA,0.0,0,-24.06,-4.72,[],0,0,[],[]
6566770,6567700,NA,SIL,0.0,221,pause,NA,NA,NA,NA,0.0,0,-47.68,-46.17,[],0,0,[],[]
6567700,6569310,NA,NOF,0.0,221,pause,NA,NA,NA,NA,0.0,0,-42.3,-21.67,[],0,0,[],[]
6569310,6570110,NA,SIL,0.0,221,pause,NA,NA,NA,NA,0.0,0,-50.63,-47.19,[],0,0,[],[]
6570110,6571360,NA,NOF,0.0,221,pause,NA,NA,NA,NA,0.0,0,-49.13,-37.29,[],0,0,[],[]
6571360,6572510,NA,SIL,0.0,221,pause,NA,NA,NA,NA,0.0,0,-52.71,-40.32,[],0,0,[],[]
6572510,6573610,NA,NOF,0.0,221,pause,NA,NA,NA,NA,0.0,0,-32.31,-15.34,[],0,0,[],[]
6573610,6576190,NA,SIL,0.0,221,pause,NA,NA,NA,NA,0.0,0,-54.32,-46.61,[],0,0,[],[]
6576190,6578320,NA,NOF,0.0,221,pause,NA,NA,NA,NA,0.0,0,-37.63,-19.7,[],0,0,[],[]
6578320,6579270,NA,SIL,0.0,221,pause,NA,NA,NA,NA,0.0,0,-56.19,-48.66,[],0,0,[],[]
6579270,6580070,NA,NOF,0.0,221,pause,NA,NA,NA,NA,0.0,0,-14.55,-3.35,[],0,0,[],[]
6580070,6580870,NA,SIL,0.0,221,pause,NA,NA,NA,NA,0.0,0,-43.17,-42.34,[],0,0,[],[]
6580870,6582870,NA,NOF,0.0,221,pause,NA,NA,NA,NA,0.0,0,-40.19,-29.95,[],0,0,[],[]
6582870,6583480,CHI,CHN,0.0,221,CIC,BC,0,TIFI,FI,1.0,300,-23.92,-15.53,"[{'Canonical-syllable': '1', 'Growl': '0', 'High-freq-energy': '0', 'Long-island': '0', 'Low-tilt-spectrum': '0', 'Medium-island': '1', 'Short-island': '0', 'Squeal': '0', 'Typical-entropy': '1', 'Voicing-quality': '1', 'Wide-band': '0', 'Xlong-island': '0', 'seq': '1', 'end': 6583.48, 'start': 6583.18}]",0,0,[],[]
6583480,6586660,NA,NOF,0.0,221,CIC,NA,NA,NA,NA,0.0,0,-36.73,-19.59,[],0,0,[],[]
6586660,6587290,FEM,FAN,1.93,221,CIC,EC,1,TIFR,FI,0.0,0,-25.07,-18.29,[],0,0,[],[]
6587290,6592860,NA,NOF,0.0,222,pause,NA,NA,NA,NA,0.0,0,-32.88,-8.98,[],0,0,[],[]
6592860,6593460,CHI,CHN,0.0,222,CM,EC,0,NT,FI,1.0,360,-19.2,-11.24,"[{'Canonical-syllable': '0', 'Growl': '0', 'High-freq-energy': '0', 'Long-island': '0', 'Low-tilt-spectrum': '0', 'Medium-island': '0', 'Short-island': '1', 'Squeal': '0', 'Typical-entropy': '1', 'Voicing-quality': '1', 'Wide-band': '0', 'Xlong-island': '0', 'seq': '1', 'end': 6593.22, 'start': 6592.99}]",0,0,[],[]
6593460,6594260,NA,NOF,0.0,223,pause,NA,NA,NA,NA,0.0,0,-45.65,-36.72,[],0,0,[],[]
6594260,6594860,FEM,FAN,0.0,223,pause,NA,NA,NA,NA,0.0,0,-39.7,-33.19,[],600,0,[],[]
6594860,6595820,NA,NOF,0.0,223,pause,NA,NA,NA,NA,0.0,0,-50.07,-38.33,[],0,0,[],[]
6595820,6598170,NA,SIL,0.0,223,pause,NA,NA,NA,NA,0.0,0,-56.1,-38.58,[],0,0,[],[]
6598170,6598980,NA,NOF,0.0,223,pause,NA,NA,NA,NA,0.0,0,-53.49,-47.94,[],0,0,[],[]
6598980,6602400,NA,SIL,0.0,223,pause,NA,NA,NA,NA,0.0,0,-51.82,-31.75,[],0,0,[],[]
6602400,6603450,NA,NOF,0.0,223,pause,NA,NA,NA,NA,0.0,0,-51.01,-41.53,[],0,0,[],[]
6603450,6604270,NA,SIL,0.0,223,pause,NA,NA,NA,NA,0.0,0,-50.76,-40.6,[],0,0,[],[]
6604270,6614030,NA,NOF,0.0,223,pause,NA,NA,NA,NA,0.0,0,-25.1,-5.66,[],0,0,[],[]
6614030,6614830,NA,SIL,0.0,223,pause,NA,NA,NA,NA,0.0,0,-49.1,-45.82,[],0,0,[],[]
6614830,6616170,NA,NOF,0.0,223,pause,NA,NA,NA,NA,0.0,0,-48.59,-38.73,[],0,0,[],[]
6616170,6616980,NA,SIL,0.0,223,pause,NA,NA,NA,NA,0.0,0,-50.92,-48.34,[],0,0,[],[]
6616980,6622120,NA,NOF,0.0,223,pause,NA,NA,NA,NA,0.0,0,-34.61,-13.26,[],0,0,[],[]
6622120,6622730,OCH,CXN,0.0,223,XM,EC,0,NT,FI,0.0,0,-49.55,-41.79,[],0,0,[],[]
6622730,6626640,NA,NOF,0.0,224,pause,NA,NA,NA,NA,0.0,0,-32.53,-6.91,[],0,0,[],[]
6626640,6637930,NA,SIL,0.0,224,pause,NA,NA,NA,NA,0.0,0,-50.61,-21.8,[],0,0,[],[]
6637930,6642690,NA,NOF,0.0,224,pause,NA,NA,NA,NA,0.0,0,-47.62,-28.69,[],0,0,[],[]
6642690,6643490,NA,SIL,0.0,224,pause,NA,NA,NA,NA,0.0,0,-55.66,-51.97,[],0,0,[],[]
6643490,6645490,NA,NOF,0.0,224,pause,NA,NA,NA,NA,0.0,0,-17.65,-2.58,[],0,0,[],[]
6645490,6647520,NA,SIL,0.0,224,pause,NA,NA,NA,NA,0.0,0,-42.47,-40.46,[],0,0,[],[]
6647520,6653440,NA,NOF,0.0,224,pause,NA,NA,NA,NA,0.0,0,-37.98,-12.82,[],0,0,[],[]
6653440,6654240,NA,SIL,0.0,224,pause,NA,NA,NA,NA,0.0,0,-51.39,-44.26,[],0,0,[],[]
6654240,6657680,NA,NOF,0.0,224,pause,NA,NA,NA,NA,0.0,0,-31.34,-8.5,[],0,0,[],[]
6657680,6658600,NA,SIL,0.0,224,pause,NA,NA,NA,NA,0.0,0,-55.39,-50.67,[],0,0,[],[]
6658600,6660310,NA,NOF,0.0,224,pause,NA,NA,NA,NA,0.0,0,-49.43,-38.62,[],0,0,[],[]
6660310,6662320,NA,SIL,0.0,224,pause,NA,NA,NA,NA,0.0,0,-58.14,-46.83,[],0,0,[],[]
6662320,6666430,NA,NOF,0.0,224,pause,NA,NA,NA,NA,0.0,0,-28.78,-9.07,[],0,0,[],[]
6666430,6667450,NA,SIL,0.0,224,pause,NA,NA,NA,NA,0.0,0,-53.52,-42.69,[],0,0,[],[]
6667450,6670270,NA,NOF,0.0,224,pause,NA,NA,NA,NA,0.0,0,-38.94,-23.62,[],0,0,[],[]
6670270,6671330,NA,SIL,0.0,224,pause,NA,NA,NA,NA,0.0,0,-51.07,-40.0,[],0,0,[],[]
6671330,6673410,NA,NOF,0.0,224,pause,NA,NA,NA,NA,0.0,0,-40.92,-22.13,[],0,0,[],[]
6673410,6675530,CHI,CHN,0.0,224,CM,EC,0,NT,FI,1.0,1440,-21.15,-11.59,"[{'Canonical-syllable': '2', 'Growl': '0', 'High-freq-energy': '0', 'Long-island': '0', 'Low-tilt-spectrum': '0', 'Medium-island': '2', 'Short-island': '2', 'Squeal': '0', 'Typical-entropy': '1', 'Voicing-quality': '4', 'Wide-band': '1', 'Xlong-island': '0', 'seq': '1', 'end': 6675.24, 'start': 6673.8}]",0,0,[],[]
6675530,6676990,NA,SIL,0.0,225,pause,NA,NA,NA,NA,0.0,0,-57.57,-47.28,[],0,0,[],[]
6676990,6677600,NA,FAF,0.0,225,pause,NA,NA,NA,NA,0.0,0,-39.52,-30.79,[],0,0,[],[]
6677600,6678590,NA,SIL,0.0,225,pause,NA,NA,NA,NA,0.0,0,-60.2,-53.06,[],0,0,[],[]
6678590,6682180,NA,NOF,0.0,225,pause,NA,NA,NA,NA,0.0,0,-36.73,-15.83,[],0,0,[],[]
6682180,6682820,NA,CHF,0.0,225,pause,NA,NA,NA,NA,0.0,0,-35.56,-20.56,[],0,240,[],"[{'start': 6682.58, 'end': 6682.82}]"
6682820,6685370,NA,NOF,0.0,225,pause,NA,NA,NA,NA,0.0,0,-21.49,-4.59,[],0,0,[],[]
6685370,6686440,NA,OLN,0.0,225,pause,NA,NA,NA,NA,0.0,0,-30.4,-20.37,[],0,0,[],[]
6686440,6689440,NA,NON,0.0,225,pause,NA,NA,NA,NA,0.0,0,-19.51,-4.32,[],0,0,[],[]
6689440,6691120,OCH,CXN,0.0,225,XIOCA,BC,0,NT,FI,0.0,0,-30.63,-20.54,[],0,0,[],[]
6691120,6693080,NA,NOF,0.0,225,XIOCA,NA,NA,NA,NA,0.0,0,-32.82,-14.94,[],0,0,[],[]
6693080,6693880,NA,OLF,0.0,225,XIOCA,NA,NA,NA,NA,0.0,0,-22.22,-5.9,[],0,0,[],[]
6693880,6694880,FEM,FAN,4.83,225,XIOCA,RC,0,NT,FI,0.0,0,-17.03,-11.24,[],0,0,[],[]
6694880,6695890,NA,NOF,0.0,225,XIOCA,NA,NA,NA,NA,0.0,0,-49.21,-40.46,[],0,0,[],[]
6695890,6696900,FEM,FAN,2.78,225,XIOCA,RC,0,NT,FH,0.0,0,-32.06,-25.6,[],0,0,[],[]
6696900,6697790,NA,SIL,0.0,225,XIOCA,NA,NA,NA,NA,0.0,0,-53.88,-43.69,[],0,0,[],[]
6697790,6699030,FEM,FAN,6.96,225,XIOCA,RC,0,NT,FH,0.0,0,-43.27,-38.31,[],0,0,[],[]
6699030,6703750,NA,SIL,0.0,225,XIOCA,NA,NA,NA,NA,0.0,0,-53.82,-34.53,[],0,0,[],[]
6703750,6704370,OCH,CXN,0.0,225,XIOCA,EC,0,NT,FI,0.0,0,-19.79,-11.4,[],0,0,[],[]
6704370,6705170,NA,SIL,0.0,226,pause,NA,NA,NA,NA,0.0,0,-50.03,-42.66,[],0,0,[],[]
6705170,6706300,NA,NOF,0.0,226,pause,NA,NA,NA,NA,0.0,0,-25.52,-7.03,[],0,0,[],[]
6706300,6708510,NA,SIL,0.0,226,pause,NA,NA,NA,NA,0.0,0,-54.57,-38.51,[],0,0,[],[]
6708510,6710650,NA,FAF,0.0,226,pause,NA,NA,NA,NA,0.0,0,-46.49,-36.98,[],0,0,[],[]
6710650,6711780,NA,NOF,0.0,226,pause,NA,NA,NA,NA,0.0,0,-32.51,-17.91,[],0,0,[],[]
6711780,6717660,NA,SIL,0.0,226,pause,NA,NA,NA,NA,0.0,0,-56.18,-45.78,[],0,0,[],[]
6717660,6718460,NA,OLN,0.0,226,pause,NA,NA,NA,NA,0.0,0,-21.83,-5.67,[],0,0,[],[]
6718460,6719260,NA,FAF,0.0,226,pause,NA,NA,NA,NA,0.0,0,-28.28,-14.98,[],0,0,[],[]
6719260,6720160,NA,OLF,0.0,226,pause,NA,NA,NA,NA,0.0,0,-29.79,-16.86,[],0,0,[],[]
6720160,6721400,NA,NOF,0.0,226,pause,NA,NA,NA,NA,0.0,0,-47.36,-36.9,[],0,0,[],[]
6721400,6722690,CHI,CHN,0.0,226,CM,BC,0,NT,FI,1.0,720,-24.45,-16.79,"[{'Canonical-syllable': '1', 'Growl': '0', 'High-freq-energy': '0', 'Long-island': '0', 'Low-tilt-spectrum': '1', 'Medium-island': '1', 'Short-island': '1', 'Squeal': '0', 'Typical-entropy': '1', 'Voicing-quality': '2', 'Wide-band': '0', 'Xlong-island': '0', 'seq': '1', 'end': 6722.12, 'start': 6721.4}]",0,0,[],[]
6722690,6723690,NA,FAF,0.0,226,CM,NA,NA,NA,NA,0.0,0,-51.77,-46.81,[],0,0,[],[]
6723690,6724810,NA,SIL,0.0,226,CM,NA,NA,NA,NA,0.0,0,-56.79,-50.74,[],0,0,[],[]
6724810,6726150,NA,NOF,0.0,226,CM,NA,NA,NA,NA,0.0,0,-44.14,-32.8,[],0,0,[],[]
6726150,6728410,CHI,CHN,0.0,226,CM,EC,0,NT,FH,2.0,1740,-17.58,-7.26,"[{'Canonical-syllable': '1', 'Growl': '0', 'High-freq-energy': '0', 'Long-island': '0', 'Low-tilt-spectrum': '1', 'Medium-island': '0', 'Short-island': '2', 'Squeal': '0', 'Typical-entropy': '1', 'Voicing-quality': '2', 'Wide-band': '0', 'Xlong-island': '0', 'seq': '1', 'end': 6726.7, 'start': 6726.15}, {'Canonical-syllable': '0', 'Growl': '0', 'High-freq-energy': '0', 'Long-island': '0', 'Low-tilt-spectrum': '2', 'Medium-island': '1', 'Short-island': '2', 'Squeal': '0', 'Typical-entropy': '3', 'Voicing-quality': '3', 'Wide-band': '0', 'Xlong-island': '0', 'seq': '2', 'end': 6728.2, 'start': 6727.01}]",0,0,[],[]
6728410,6729420,NA,NOF,0.0,227,pause,NA,NA,NA,NA,0.0,0,-53.28,-45.32,[],0,0,[],[]
6729420,6730220,NA,SIL,0.0,227,pause,NA,NA,NA,NA,0.0,0,-54.6,-41.53,[],0,0,[],[]
6730220,6732120,NA,NOF,0.0,227,pause,NA,NA,NA,NA,0.0,0,-49.25,-31.71,[],0,0,[],[]
6732120,6734240,NA,SIL,0.0,227,pause,NA,NA,NA,NA,0.0,0,-49.37,-27.98,[],0,0,[],[]
6734240,6737340,NA,NOF,0.0,227,pause,NA,NA,NA,NA,0.0,0,-52.72,-44.57,[],0,0,[],[]
6737340,6738880,NA,SIL,0.0,227,pause,NA,NA,NA,NA,0.0,0,-50.13,-37.7,[],0,0,[],[]
6738880,6740560,NA,NOF,0.0,227,pause,NA,NA,NA,NA,0.0,0,-34.12,-15.19,[],0,0,[],[]
6740560,6741360,NA,OLF,0.0,227,pause,NA,NA,NA,NA,0.0,0,-31.56,-20.43,[],0,0,[],[]
6741360,6753510,NA,NOF,0.0,227,pause,NA,NA,NA,NA,0.0,0,-28.08,-2.39,[],0,0,[],[]
6753510,6754320,NA,SIL,0.0,227,pause,NA,NA,NA,NA,0.0,0,-50.12,-38.83,[],0,0,[],[]
6754320,6755360,NA,NOF,0.0,227,pause,NA,NA,NA,NA,0.0,0,-42.36,-33.95,[],0,0,[],[]
6755360,6756160,NA,SIL,0.0,227,pause,NA,NA,NA,NA,0.0,0,-52.02,-44.86,[],0,0,[],[]
6756160,6765140,NA,NOF,0.0,227,pause,NA,NA,NA,NA,0.0,0,-40.54,-21.26,[],0,0,[],[]
6765140,6765760,CHI,CHN,0.0,227,CIOCX,BC,0,NT,FI,1.0,620,-19.29,-12.51,"[{'Canonical-syllable': '0', 'Growl': '0', 'High-freq-energy': '1', 'Long-island': '0', 'Low-tilt-spectrum': '1', 'Medium-island': '1', 'Short-island': '0', 'Squeal': '0', 'Typical-entropy': '1', 'Voicing-quality': '1', 'Wide-band': '0', 'Xlong-island': '0', 'seq': '1', 'end': 6765.76, 'start': 6765.14}]",0,0,[],[]
6765760,6766870,NA,NOF,0.0,227,CIOCX,NA,NA,NA,NA,0.0,0,-38.64,-29.14,[],0,0,[],[]
6766870,6769300,NA,SIL,0.0,227,CIOCX,NA,NA,NA,NA,0.0,0,-56.08,-48.67,[],0,0,[],[]
6769300,6770650,NA,NOF,0.0,227,CIOCX,NA,NA,NA,NA,0.0,0,-52.36,-45.4,[],0,0,[],[]
6770650,6771660,CHI,CHN,0.0,227,CIOCX,RC,0,NT,FH,1.0,710,-24.17,-15.54,"[{'Canonical-syllable': '0', 'Growl': '0', 'High-freq-energy': '0', 'Long-island': '1', 'Low-tilt-spectrum': '1', 'Medium-island': '0', 'Short-island': '0', 'Squeal': '0', 'Typical-entropy': '1', 'Voicing-quality': '1', 'Wide-band': '0', 'Xlong-island': '0', 'seq': '1', 'end': 6771.36, 'start': 6770.65}]",0,0,[],[]
6771660,6772820,CHI,CHN,0.0,227,CIOCX,RC,0,NT,FH,1.0,1160,-20.46,-11.22,"[{'Canonical-syllable': '1', 'Growl': '0', 'High-freq-energy': '0', 'Long-island': '0', 'Low-tilt-spectrum': '0', 'Medium-island': '1', 'Short-island': '2', 'Squeal': '0', 'Typical-entropy': '2', 'Voicing-quality': '3', 'Wide-band': '0', 'Xlong-island': '0', 'seq': '1', 'end': 6772.82, 'start': 6771.82}]",0,0,[],[]
6772820,6773620,NA,NOF,0.0,227,CIOCX,NA,NA,NA,NA,0.0,0,-42.74,-32.59,[],0,0,[],[]
6773620,6774540,CHI,CHN,0.0,227,CIOCX,RC,0,NT,FH,1.0,640,-24.86,-13.21,"[{'Canonical-syllable': '0', 'Growl': '0', 'High-freq-energy': '0', 'Long-island': '0', 'Low-tilt-spectrum': '0', 'Medium-island': '0', 'Short-island': '2', 'Squeal': '0', 'Typical-entropy': '0', 'Voicing-quality': '2', 'Wide-band': '0', 'Xlong-island': '0', 'seq': '1', 'end': 6774.26, 'start': 6773.81}]",0,0,[],[]
6774540,6775420,OCH,CXN,0.0,227,CIOCX,RC,0,NT,FI,0.0,0,-22.91,-8.84,[],0,0,[],[]
6775420,6776150,OCH,CXN,0.0,227,CIOCX,RC,0,NT,FH,0.0,0,-26.77,-19.35,[],0,0,[],[]
6776150,6778120,NA,NOF,0.0,227,CIOCX,NA,NA,NA,NA,0.0,0,-50.23,-38.62,[],0,0,[],[]
6778120,6778870,OCH,CXN,0.0,227,CIOCX,RC,0,NT,FH,0.0,0,-27.48,-19.19,[],0,0,[],[]
6778870,6779870,OCH,CXN,0.0,227,CIOCX,RC,0,NT,FH,0.0,0,-30.62,-18.88,[],0,0,[],[]
6779870,6780680,NA,NOF,0.0,227,CIOCX,NA,NA,NA,NA,0.0,0,-39.33,-24.77,[],0,0,[],[]
6780680,6781480,OCH,CXN,0.0,227,CIOCX,RC,0,NT,FH,0.0,0,-34.94,-29.86,[],0,0,[],[]
6781480,6782480,OCH,CXN,0.0,227,CIOCX,RC,0,NT,FH,0.0,0,-33.87,-24.97,[],0,0,[],[]
6782480,6783280,OCH,CXN,0.0,227,CIOCX,EC,0,NT,FH,0.0,0,-39.63,-32.19,[],0,0,[],[]
6783280,6784530,NA,SIL,0.0,228,pause,NA,NA,NA,NA,0.0,0,-56.05,-49.76,[],0,0,[],[]
6784530,6786190,NA,NOF,0.0,228,pause,NA,NA,NA,NA,0.0,0,-49.44,-35.66,[],0,0,[],[]
6786190,6793660,NA,SIL,0.0,228,pause,NA,NA,NA,NA,0.0,0,-56.22,-39.83,[],0,0,[],[]
6793660,6794660,NA,NOF,0.0,228,pause,NA,NA,NA,NA,0.0,0,-52.14,-46.57,[],0,0,[],[]
6794660,6798740,NA,SIL,0.0,228,pause,NA,NA,NA,NA,0.0,0,-58.14,-45.97,[],0,0,[],[]
6798740,6799620,NA,NOF,0.0,228,pause,NA,NA,NA,NA,0.0,0,-55.86,-49.02,[],0,0,[],[]
6799620,6802610,NA,SIL,0.0,228,pause,NA,NA,NA,NA,0.0,0,-60.57,-48.6,[],0,0,[],[]
6802610,6805190,FEM,FAN,11.19,228,AMF,BC,0,NT,FI,0.0,0,-29.91,-15.25,[],0,0,[],[]
6805190,6807940,NA,SIL,0.0,228,AMF,NA,NA,NA,NA,0.0,0,-60.64,-52.75,[],0,0,[],[]
6807940,6808740,NA,NOF,0.0,228,AMF,NA,NA,NA,NA,0.0,0,-53.75,-47.53,[],0,0,[],[]
6808740,6809660,NA,SIL,0.0,228,AMF,NA,NA,NA,NA,0.0,0,-58.52,-52.91,[],0,0,[],[]
6809660,6810750,FEM,FAN,3.93,228,AMF,EC,0,NT,FH,0.0,0,-43.29,-36.09,[],0,0,[],[]
6810750,6812320,NA,TVF,0.0,229,pause,NA,NA,NA,NA,0.0,0,-46.0,-39.83,[],0,0,[],[]
6812320,6814420,NA,SIL,0.0,229,pause,NA,NA,NA,NA,0.0,0,-55.85,-45.57,[],0,0,[],[]
6814420,6815940,NA,NOF,0.0,229,pause,NA,NA,NA,NA,0.0,0,-45.19,-30.12,[],0,0,[],[]
6815940,6816740,NA,SIL,0.0,229,pause,NA,NA,NA,NA,0.0,0,-56.49,-51.19,[],0,0,[],[]
6816740,6817780,NA,NOF,0.0,229,pause,NA,NA,NA,NA,0.0,0,-47.58,-36.04,[],0,0,[],[]
6817780,6819120,NA,SIL,0.0,229,pause,NA,NA,NA,NA,0.0,0,-44.27,-27.95,[],0,0,[],[]
6819120,6823650,NA,NOF,0.0,229,pause,NA,NA,NA,NA,0.0,0,-34.13,-18.1,[],0,0,[],[]
6823650,6824780,NA,SIL,0.0,229,pause,NA,NA,NA,NA,0.0,0,-58.95,-50.25,[],0,0,[],[]
6824780,6826460,CHI,CHN,0.0,229,pause,NA,NA,NA,NA,0.0,0,-36.41,-18.47,[],0,0,[],[]
6826460,6827960,NA,SIL,0.0,229,pause,NA,NA,NA,NA,0.0,0,-59.25,-45.38,[],0,0,[],[]
6827960,6829030,NA,NOF,0.0,229,pause,NA,NA,NA,NA,0.0,0,-35.17,-19.1,[],0,0,[],[]
6829030,6831550,NA,SIL,0.0,229,pause,NA,NA,NA,NA,0.0,0,-50.87,-37.38,[],0,0,[],[]
6831550,6832350,NA,NOF,0.0,229,pause,NA,NA,NA,NA,0.0,0,-45.47,-31.02,[],0,0,[],[]
6832350,6846570,NA,SIL,0.0,229,pause,NA,NA,NA,NA,0.0,0,-61.01,-46.87,[],0,0,[],[]
6846570,6848440,NA,NOF,0.0,229,pause,NA,NA,NA,NA,0.0,0,-32.97,-16.95,[],0,0,[],[]
6848440,6849250,NA,SIL,0.0,229,pause,NA,NA,NA,NA,0.0,0,-45.85,-30.62,[],0,0,[],[]
6849250,6850370,NA,NON,0.0,229,pause,NA,NA,NA,NA,0.0,0,-31.01,-18.34,[],0,0,[],[]
6850370,6851170,NA,SIL,0.0,229,pause,NA,NA,NA,NA,0.0,0,-53.35,-41.42,[],0,0,[],[]
6851170,6852120,CHI,CHN,0.0,229,CM,EC,0,NT,FI,1.0,390,-23.02,-16.06,"[{'Canonical-syllable': '0', 'Growl': '0', 'High-freq-energy': '0', 'Long-island': '0', 'Low-tilt-spectrum': '1', 'Medium-island': '1', 'Short-island': '0', 'Squeal': '0', 'Typical-entropy': '1', 'Voicing-quality': '1', 'Wide-band': '0', 'Xlong-island': '0', 'seq': '1', 'end': 6851.56, 'start': 6851.17}]",0,0,[],[]
6852120,6853750,NA,SIL,0.0,230,pause,NA,NA,NA,NA,0.0,0,-59.14,-53.24,[],0,0,[],[]
6853750,6854750,NA,TVF,0.0,230,pause,NA,NA,NA,NA,0.0,0,-46.77,-32.18,[],0,0,[],[]
6854750,6857600,NA,NOF,0.0,230,pause,NA,NA,NA,NA,0.0,0,-21.82,-3.46,[],0,0,[],[]
6857600,6858830,NA,SIL,0.0,230,pause,NA,NA,NA,NA,0.0,0,-49.32,-47.1,[],0,0,[],[]
6858830,6862510,NA,NON,0.0,230,pause,NA,NA,NA,NA,0.0,0,-19.3,-3.09,[],0,0,[],[]
6862510,6864230,NA,SIL,0.0,230,pause,NA,NA,NA,NA,0.0,0,-51.92,-49.65,[],0,0,[],[]
6864230,6868350,NA,NON,0.0,230,pause,NA,NA,NA,NA,0.0,0,-18.3,-3.22,[],0,0,[],[]
6868350,6869360,NA,SIL,0.0,230,pause,NA,NA,NA,NA,0.0,0,-41.55,-40.47,[],0,0,[],[]
6869360,6872650,NA,NON,0.0,230,pause,NA,NA,NA,NA,0.0,0,-16.91,-3.31,[],0,0,[],[]
6872650,6873630,NA,SIL,0.0,230,pause,NA,NA,NA,NA,0.0,0,-17.14,-2.97,[],0,0,[],[]
6873630,6877060,NA,NON,0.0,230,pause,NA,NA,NA,NA,0.0,0,-16.49,-3.33,[],0,0,[],[]
6877060,6884370,NA,SIL,0.0,230,pause,NA,NA,NA,NA,0.0,0,-43.92,-30.56,[],0,0,[],[]
6884370,6888880,NA,NOF,0.0,230,pause,NA,NA,NA,NA,0.0,0,-19.46,-2.91,[],0,0,[],[]
6888880,6892030,NA,SIL,0.0,230,pause,NA,NA,NA,NA,0.0,0,-59.21,-52.9,[],0,0,[],[]
6892030,6892910,NA,CHF,0.0,230,pause,NA,NA,NA,NA,0.0,0,-25.83,-10.7,[],0,0,[],[]
6892910,6893850,NA,SIL,0.0,230,pause,NA,NA,NA,NA,0.0,0,-55.82,-41.03,[],0,0,[],[]
6893850,6896290,NA,NOF,0.0,230,pause,NA,NA,NA,NA,0.0,0,-48.35,-29.99,[],0,0,[],[]
6896290,6900580,NA,OLN,0.0,230,pause,NA,NA,NA,NA,0.0,0,-29.76,-16.08,[],0,0,[],[]
6900580,6901580,NA,NON,0.0,230,pause,NA,NA,NA,NA,0.0,0,-17.77,-4.39,[],0,0,[],[]
6901580,6902700,CHI,CHN,0.0,230,CM,BC,0,NT,FI,1.0,1120,-18.47,-11.13,"[{'Canonical-syllable': '1', 'Growl': '0', 'High-freq-energy': '0', 'Long-island': '0', 'Low-tilt-spectrum': '1', 'Medium-island': '1', 'Short-island': '1', 'Squeal': '0', 'Typical-entropy': '1', 'Voicing-quality': '2', 'Wide-band': '0', 'Xlong-island': '0', 'seq': '1', 'end': 6902.7, 'start': 6901.68}]",0,0,[],[]
6902700,6904110,NA,NON,0.0,230,CM,NA,NA,NA,NA,0.0,0,-21.27,-6.97,[],0,0,[],[]
6904110,6904710,CHI,CHN,0.0,230,CM,EC,0,NT,FH,1.0,290,-15.17,-5.01,"[{'Canonical-syllable': '0', 'Growl': '0', 'High-freq-energy': '0', 'Long-island': '0', 'Low-tilt-spectrum': '0', 'Medium-island': '1', 'Short-island': '0', 'Squeal': '0', 'Typical-entropy': '1', 'Voicing-quality': '1', 'Wide-band': '0', 'Xlong-island': '0', 'seq': '1', 'end': 6904.4, 'start': 6904.11}]",0,0,[],[]
6904710,6905610,NA,NOF,0.0,231,pause,NA,NA,NA,NA,0.0,0,-42.7,-33.17,[],0,0,[],[]
6905610,6906250,CHI,CHN,0.0,231,pause,NA,NA,NA,NA,0.0,0,-14.42,-3.83,[],0,250,[],"[{'start': 6905.7, 'end': 6905.95}]"
6906250,6907410,NA,NOF,0.0,231,pause,NA,NA,NA,NA,0.0,0,-37.52,-24.87,[],0,0,[],[]
6907410,6908060,FEM,FAN,0.0,231,pause,NA,NA,NA,NA,0.0,0,-30.32,-24.07,[],650,0,[],[]
6908060,6911130,NA,NOF,0.0,231,pause,NA,NA,NA,NA,0.0,0,-22.87,-3.55,[],0,0,[],[]
6911130,6911740,CHI,CHN,0.0,231,CM,EC,0,NT,FI,1.0,610,-34.3,-26.79,"[{'Canonical-syllable': '0', 'Growl': '1', 'High-freq-energy': '1', 'Long-island': '0', 'Low-tilt-spectrum': '1', 'Medium-island': '1', 'Short-island': '0', 'Squeal': '0', 'Typical-entropy': '1', 'Voicing-quality': '1', 'Wide-band': '0', 'Xlong-island': '0', 'seq': '1', 'end': 6911.74, 'start': 6911.13}]",0,0,[],[]
6911740,6912770,NA,NOF,0.0,232,pause,NA,NA,NA,NA,0.0,0,-44.45,-37.52,[],0,0,[],[]
6912770,6913840,FEM,FAN,0.0,232,pause,NA,NA,NA,NA,0.0,0,-38.74,-34.42,[],1070,0,[],[]
6913840,6914650,NA,NON,0.0,232,pause,NA,NA,NA,NA,0.0,0,-36.23,-22.38,[],0,0,[],[]
6914650,6915670,FEM,FAN,0.0,232,pause,NA,NA,NA,NA,0.0,0,-35.71,-24.52,[],1020,0,[],[]
6915670,6921050,NA,NOF,0.0,232,pause,NA,NA,NA,NA,0.0,0,-25.9,-5.96,[],0,0,[],[]
6921050,6921690,CHI,CHN,0.0,232,CIOCX,BC,0,NT,FI,1.0,640,-26.95,-22.33,"[{'Canonical-syllable': '0', 'Growl': '1', 'High-freq-energy': '0', 'Long-island': '0', 'Low-tilt-spectrum': '1', 'Medium-island': '1', 'Short-island': '0', 'Squeal': '0', 'Typical-entropy': '1', 'Voicing-quality': '1', 'Wide-band': '0', 'Xlong-island': '0', 'seq': '1', 'end': 6921.69, 'start': 6921.05}]",0,0,[],[]
6921690,6922510,NA,NON,0.0,232,CIOCX,NA,NA,NA,NA,0.0,0,-37.16,-32.2,[],0,0,[],[]
6922510,6923300,OCH,CXN,0.0,232,CIOCX,RC,0,NT,FI,0.0,0,-29.73,-22.73,[],0,0,[],[]
6923300,6924310,OCH,CXN,0.0,232,CIOCX,RC,0,NT,FH,0.0,0,-20.27,-10.19,[],0,0,[],[]
6924310,6925130,OCH,CXN,0.0,232,CIOCX,EC,0,NT,FH,0.0,0,-25.18,-14.23,[],0,0,[],[]
6925130,6929610,NA,NOF,0.0,233,pause,NA,NA,NA,NA,0.0,0,-33.36,-10.55,[],0,0,[],[]
6929610,6930420,NA,OLN,0.0,233,pause,NA,NA,NA,NA,0.0,0,-36.2,-30.38,[],0,0,[],[]
6930420,6931290,NA,NOF,0.0,233,pause,NA,NA,NA,NA,0.0,0,-43.13,-31.24,[],0,0,[],[]
6931290,6932530,FEM,FAN,6.92,233,AICF,BC,0,TIFI,FI,0.0,0,-40.91,-33.87,[],0,0,[],[]
6932530,6933330,NA,NOF,0.0,233,AICF,NA,NA,NA,NA,0.0,0,-47.2,-38.26,[],0,0,[],[]
6933330,6935070,CHI,CHN,0.0,233,AICF,RC,1,TIFR,FI,2.0,920,-21.12,-10.39,"[{'Canonical-syllable': '1', 'Growl': '0', 'High-freq-energy': '0', 'Long-island': '0', 'Low-tilt-spectrum': '1', 'Medium-island': '1', 'Short-island': '0', 'Squeal': '0', 'Typical-entropy': '0', 'Voicing-quality': '1', 'Wide-band': '0', 'Xlong-island': '0', 'seq': '1', 'end': 6933.79, 'start': 6933.41}, {'Canonical-syllable': '0', 'Growl': '0', 'High-freq-energy': '0', 'Long-island': '0', 'Low-tilt-spectrum': '1', 'Medium-island': '0', 'Short-island': '2', 'Squeal': '0', 'Typical-entropy': '1', 'Voicing-quality': '2', 'Wide-band': '1', 'Xlong-island': '0', 'seq': '2', 'end': 6934.67, 'start': 6934.21}]",0,0,[],[]
6935070,6936330,NA,NOF,0.0,233,AICF,NA,NA,NA,NA,0.0,0,-44.99,-38.47,[],0,0,[],[]
6936330,6937770,CHI,CHN,0.0,233,AICF,EC,1,NT,FH,1.0,1440,-17.65,-8.15,"[{'Canonical-syllable': '1', 'Growl': '0', 'High-freq-energy': '0', 'Long-island': '0', 'Low-tilt-spectrum': '3', 'Medium-island': '1', 'Short-island': '3', 'Squeal': '0', 'Typical-entropy': '4', 'Voicing-quality': '4', 'Wide-band': '0', 'Xlong-island': '0', 'seq': '1', 'end': 6937.77, 'start': 6936.33}]",0,0,[],[]
6937770,6938950,NA,OLN,0.0,234,pause,NA,NA,NA,NA,0.0,0,-36.89,-27.02,[],0,0,[],[]
6938950,6943160,NA,NOF,0.0,234,pause,NA,NA,NA,NA,0.0,0,-29.33,-7.63,[],0,0,[],[]
6943160,6943960,NA,SIL,0.0,234,pause,NA,NA,NA,NA,0.0,0,-39.35,-24.2,[],0,0,[],[]
6943960,6945380,NA,NOF,0.0,234,pause,NA,NA,NA,NA,0.0,0,-42.17,-22.95,[],0,0,[],[]
6945380,6946260,NA,SIL,0.0,234,pause,NA,NA,NA,NA,0.0,0,-54.99,-48.72,[],0,0,[],[]
6946260,6947630,NA,NOF,0.0,234,pause,NA,NA,NA,NA,0.0,0,-38.84,-21.58,[],0,0,[],[]
6947630,6948860,NA,SIL,0.0,234,pause,NA,NA,NA,NA,0.0,0,-55.68,-51.37,[],0,0,[],[]
6948860,6949780,NA,FAF,0.0,234,pause,NA,NA,NA,NA,0.0,0,-52.25,-38.7,[],0,0,[],[]
6949780,6951060,NA,SIL,0.0,234,pause,NA,NA,NA,NA,0.0,0,-57.16,-50.27,[],0,0,[],[]
6951060,6954070,NA,FAF,0.0,234,pause,NA,NA,NA,NA,0.0,0,-40.39,-24.5,[],0,0,[],[]
6954070,6955450,NA,NOF,0.0,234,pause,NA,NA,NA,NA,0.0,0,-48.56,-34.83,[],0,0,[],[]
6955450,6956400,CHI,CHN,0.0,234,CIC,BC,0,TIFI,FI,1.0,720,-22.92,-13.02,"[{'Canonical-syllable': '0', 'Growl': '0', 'High-freq-energy': '0', 'Long-island': '1', 'Low-tilt-spectrum': '1', 'Medium-island': '0', 'Short-island': '0', 'Squeal': '0', 'Typical-entropy': '1', 'Voicing-quality': '1', 'Wide-band': '0', 'Xlong-island': '0', 'seq': '1', 'end': 6956.17, 'start': 6955.55}]",0,0,[],[]
6956400,6957590,FEM,FAN,1.43,234,CIC,RC,1,TIFR,FI,0.0,0,-31.66,-18.64,[],0,0,[],[]
6957590,6958230,CHI,CHN,0.0,234,CIC,NA,NA,NA,NA,0.0,0,-20.92,-14.31,[],0,380,"[{'start': 6957.59, 'end': 6957.81}]","[{'start': 6957.81, 'end': 6957.97}]"
6958230,6959240,FEM,FAN,1.27,234,CIC,RC,1,NT,FH,0.0,0,-42.35,-34.47,[],0,0,[],[]
6959240,6960180,NA,NOF,0.0,234,CIC,NA,NA,NA,NA,0.0,0,-45.95,-32.31,[],0,0,[],[]
6960180,6961180,NA,FAF,0.0,234,CIC,NA,NA,NA,NA,0.0,0,-50.83,-45.07,[],0,0,[],[]
6961180,6963660,NA,NOF,0.0,234,CIC,NA,NA,NA,NA,0.0,0,-51.59,-45.1,[],0,0,[],[]
6963660,6966200,CHI,CHN,0.0,234,CIC,RC,1,TIFE,FI,1.0,2540,-23.84,-15.47,"[{'Canonical-syllable': '1', 'Growl': '1', 'High-freq-energy': '0', 'Long-island': '0', 'Low-tilt-spectrum': '5', 'Medium-island': '2', 'Short-island': '4', 'Squeal': '0', 'Typical-entropy': '5', 'Voicing-quality': '6', 'Wide-band': '0', 'Xlong-island': '0', 'seq': '1', 'end': 6966.2, 'start': 6963.66}]",0,0,[],[]
6966200,6967100,NA,NOF,0.0,234,CIC,NA,NA,NA,NA,0.0,0,-36.47,-27.49,[],0,0,[],[]
6967100,6967910,CHI,CHN,0.0,234,CIC,EC,1,NT,FH,1.0,810,-17.22,-8.29,"[{'Canonical-syllable': '1', 'Growl': '0', 'High-freq-energy': '0', 'Long-island': '0', 'Low-tilt-spectrum': '0', 'Medium-island': '1', 'Short-island': '1', 'Squeal': '0', 'Typical-entropy': '0', 'Voicing-quality': '2', 'Wide-band': '0', 'Xlong-island': '0', 'seq': '1', 'end': 6967.91, 'start': 6967.1}]",0,0,[],[]
6967910,6970390,NA,NOF,0.0,235,pause,NA,NA,NA,NA,0.0,0,-48.81,-32.03,[],0,0,[],[]
6970390,6971970,NA,SIL,0.0,235,pause,NA,NA,NA,NA,0.0,0,-50.27,-29.7,[],0,0,[],[]
6971970,6977970,NA,NOF,0.0,235,pause,NA,NA,NA,NA,0.0,0,-27.84,-5.77,[],0,0,[],[]
6977970,6979050,NA,SIL,0.0,235,pause,NA,NA,NA,NA,0.0,0,-55.4,-50.75,[],0,0,[],[]
6979050,6994510,NA,NOF,0.0,235,pause,NA,NA,NA,NA,0.0,0,-36.32,-11.42,[],0,0,[],[]
6994510,6997490,NA,SIL,0.0,235,pause,NA,NA,NA,NA,0.0,0,-52.52,-47.53,[],0,0,[],[]
6997490,6998490,OCH,CXN,0.0,235,XIC,BC,0,NT,FI,0.0,0,-30.36,-20.98,[],0,0,[],[]
6998490,6999690,NA,OLN,0.0,235,XIC,NA,NA,NA,NA,0.0,0,-21.45,-6.06,[],0,0,[],[]
6999690,7000760,CHI,CHN,0.0,235,XIC,RC,0,NT,FI,1.0,1070,-21.26,-11.61,"[{'Canonical-syllable': '2', 'Growl': '0', 'High-freq-energy': '0', 'Long-island': '0', 'Low-tilt-spectrum': '3', 'Medium-island': '1', 'Short-island': '2', 'Squeal': '0', 'Typical-entropy': '3', 'Voicing-quality': '3', 'Wide-band': '0', 'Xlong-island': '0', 'seq': '1', 'end': 7000.76, 'start': 6999.69}]",0,0,[],[]
7000760,7001640,NA,OLN,0.0,235,XIC,NA,NA,NA,NA,0.0,0,-36.98,-28.88,[],0,0,[],[]
7001640,7002930,CHI,CHN,0.0,235,XIC,RC,0,NT,FH,2.0,840,-18.21,-9.19,"[{'Canonical-syllable': '0', 'Growl': '0', 'High-freq-energy': '0', 'Long-island': '0', 'Low-tilt-spectrum': '0', 'Medium-island': '0', 'Short-island': '0', 'Squeal': '0', 'Typical-entropy': '0', 'Voicing-quality': '1', 'Wide-band': '0', 'Xlong-island': '0', 'seq': '1', 'end': 7001.73, 'start': 7001.64}, {'Canonical-syllable': '1', 'Growl': '0', 'High-freq-energy': '0', 'Long-island': '0', 'Low-tilt-spectrum': '2', 'Medium-island': '2', 'Short-island': '0', 'Squeal': '0', 'Typical-entropy': '2', 'Voicing-quality': '2', 'Wide-band': '0', 'Xlong-island': '0', 'seq': '2', 'end': 7002.93, 'start': 7002.18}]",0,0,[],[]
7002930,7003930,CHI,CHN,0.0,235,XIC,RC,0,NT,FH,2.0,510,-18.73,-10.26,"[{'Canonical-syllable': '0', 'Growl': '0', 'High-freq-energy': '0', 'Long-island': '0', 'Low-tilt-spectrum': '1', 'Medium-island': '0', 'Short-island': '1', 'Squeal': '0', 'Typical-entropy': '1', 'Voicing-quality': '1', 'Wide-band': '0', 'Xlong-island': '0', 'seq': '1', 'end': 7003.13, 'start': 7002.93}, {'Canonical-syllable': '1', 'Growl': '0', 'High-freq-energy': '0', 'Long-island': '0', 'Low-tilt-spectrum': '0', 'Medium-island': '1', 'Short-island': '0', 'Squeal': '0', 'Typical-entropy': '0', 'Voicing-quality': '1', 'Wide-band': '0', 'Xlong-island': '0', 'seq': '2', 'end': 7003.84, 'start': 7003.53}]",0,0,[],[]
7003930,7004540,CHI,CHN,0.0,235,XIC,RC,0,NT,FH,1.0,610,-17.06,-8.0,"[{'Canonical-syllable': '1', 'Growl': '0', 'High-freq-energy': '0', 'Long-island': '0', 'Low-tilt-spectrum': '1', 'Medium-island': '1', 'Short-island': '0', 'Squeal': '0', 'Typical-entropy': '1', 'Voicing-quality': '1', 'Wide-band': '0', 'Xlong-island': '0', 'seq': '1', 'end': 7004.54, 'start': 7004.16}]",0,0,[],[]
7004540,7005390,NA,OLN,0.0,235,XIC,NA,NA,NA,NA,0.0,0,-25.3,-15.15,[],0,0,[],[]
7005390,7006400,CHI,CHN,0.0,235,XIC,RC,0,NT,FH,1.0,1010,-20.96,-9.43,"[{'Canonical-syllable': '2', 'Growl': '0', 'High-freq-energy': '0', 'Long-island': '0', 'Low-tilt-spectrum': '2', 'Medium-island': '0', 'Short-island': '3', 'Squeal': '0', 'Typical-entropy': '2', 'Voicing-quality': '3', 'Wide-band': '1', 'Xlong-island': '0', 'seq': '1', 'end': 7006.4, 'start': 7005.39}]",0,0,[],[]
7006400,7007490,NA,NOF,0.0,235,XIC,NA,NA,NA,NA,0.0,0,-44.85,-29.59,[],0,0,[],[]
7007490,7010290,CHI,CHN,0.0,235,XIC,RC,0,TIFI,FH,2.0,1840,-20.79,-8.26,"[{'Canonical-syllable': '1', 'Growl': '0', 'High-freq-energy': '0', 'Long-island': '0', 'Low-tilt-spectrum': '1', 'Medium-island': '2', 'Short-island': '1', 'Squeal': '0', 'Typical-entropy': '2', 'Voicing-quality': '3', 'Wide-band': '0', 'Xlong-island': '0', 'seq': '1', 'end': 7008.7, 'start': 7007.59}, {'Canonical-syllable': '0', 'Growl': '1', 'High-freq-energy': '0', 'Long-island': '0', 'Low-tilt-spectrum': '1', 'Medium-island': '0', 'Short-island': '2', 'Squeal': '0', 'Typical-entropy': '2', 'Voicing-quality': '1', 'Wide-band': '0', 'Xlong-island': '0', 'seq': '2', 'end': 7009.94, 'start': 7009.31}]",0,0,[],[]
7010290,7011520,FEM,FAN,0.68,235,XIC,RC,1,TIFR,FI,0.0,0,-43.6,-36.37,[],0,0,[],[]
7011520,7012550,NA,SIL,0.0,235,XIC,NA,NA,NA,NA,0.0,0,-57.45,-47.73,[],0,0,[],[]
7012550,7013580,FEM,FAN,0.6,235,XIC,RC,1,NT,FH,0.0,0,-42.04,-31.84,[],0,0,[],[]
7013580,7015660,NA,NOF,0.0,235,XIC,NA,NA,NA,NA,0.0,0,-46.62,-32.17,[],0,0,[],[]
7015660,7016490,NA,OLF,0.0,235,XIC,NA,NA,NA,NA,0.0,0,-40.35,-28.37,[],0,0,[],[]
7016490,7018540,NA,NOF,0.0,235,XIC,NA,NA,NA,NA,0.0,0,-38.69,-25.09,[],0,0,[],[]
7018540,7019370,CHI,CHN,0.0,235,XIC,RC,1,TIFE,FI,2.0,440,-17.02,-9.54,"[{'Canonical-syllable': '0', 'Growl': '0', 'High-freq-energy': '0', 'Long-island': '0', 'Low-tilt-spectrum': '0', 'Medium-island': '0', 'Short-island': '1', 'Squeal': '0', 'Typical-entropy': '1', 'Voicing-quality': '1', 'Wide-band': '0', 'Xlong-island': '0', 'seq': '1', 'end': 7018.8, 'start': 7018.54}, {'Canonical-syllable': '0', 'Growl': '0', 'High-freq-energy': '0', 'Long-island': '0', 'Low-tilt-spectrum': '1', 'Medium-island': '0', 'Short-island': '1', 'Squeal': '0', 'Typical-entropy': '1', 'Voicing-quality': '1', 'Wide-band': '0', 'Xlong-island': '0', 'seq': '2', 'end': 7019.37, 'start': 7019.19}]",0,0,[],[]
7019370,7020370,NA,OLN,0.0,235,XIC,NA,NA,NA,NA,0.0,0,-21.12,-10.32,[],0,0,[],[]
7020370,7021100,CHI,CHN,0.0,235,XIC,NA,NA,NA,NA,0.0,0,-18.43,-11.45,[],0,730,[],"[{'start': 7020.37, 'end': 7021.1}]"
7021100,7021910,NA,OLN,0.0,235,XIC,NA,NA,NA,NA,0.0,0,-23.01,-15.44,[],0,0,[],[]
7021910,7023820,CHI,CHN,0.0,235,XIC,EC,1,NT,FH,2.0,1560,-19.85,-11.94,"[{'Canonical-syllable': '0', 'Growl': '0', 'High-freq-energy': '0', 'Long-island': '0', 'Low-tilt-spectrum': '1', 'Medium-island': '0', 'Short-island': '1', 'Squeal': '0', 'Typical-entropy': '1', 'Voicing-quality': '1', 'Wide-band': '0', 'Xlong-island': '0', 'seq': '1', 'end': 7022.13, 'start': 7021.91}, {'Canonical-syllable': '2', 'Growl': '0', 'High-freq-energy': '0', 'Long-island': '0', 'Low-tilt-spectrum': '2', 'Medium-island': '1', 'Short-island': '2', 'Squeal': '0', 'Typical-entropy': '3', 'Voicing-quality': '4', 'Wide-band': '0', 'Xlong-island': '0', 'seq': '2', 'end': 7023.82, 'start': 7022.48}]",0,0,[],[]
7023820,7026790,NA,NOF,0.0,236,pause,NA,NA,NA,NA,0.0,0,-38.99,-19.23,[],0,0,[],[]
7026790,7030030,NA,SIL,0.0,236,pause,NA,NA,NA,NA,0.0,0,-55.49,-39.81,[],0,0,[],[]
7030030,7031470,NA,NOF,0.0,236,pause,NA,NA,NA,NA,0.0,0,-17.5,-1.77,[],0,0,[],[]
7031470,7036220,NA,SIL,0.0,236,pause,NA,NA,NA,NA,0.0,0,-52.59,-35.75,[],0,0,[],[]
7036220,7036820,CHI,CHN,0.0,236,CIC,BC,0,TIFI,FI,1.0,500,-23.29,-16.42,"[{'Canonical-syllable': '0', 'Growl': '0', 'High-freq-energy': '0', 'Long-island': '0', 'Low-tilt-spectrum': '0', 'Medium-island': '1', 'Short-island': '0', 'Squeal': '0', 'Typical-entropy': '0', 'Voicing-quality': '1', 'Wide-band': '0', 'Xlong-island': '0', 'seq': '1', 'end': 7036.72, 'start': 7036.22}]",0,0,[],[]
7036820,7037840,FEM,FAN,1.0,236,CIC,RC,1,TIFR,FI,0.0,0,-36.59,-28.75,[],0,0,[],[]
7037840,7041420,NA,SIL,0.0,236,CIC,NA,NA,NA,NA,0.0,0,-58.96,-53.04,[],0,0,[],[]
7041420,7042500,CHI,CHN,0.0,236,CIC,RC,1,TIFE,FI,2.0,750,-16.08,-7.37,"[{'Canonical-syllable': '0', 'Growl': '0', 'High-freq-energy': '0', 'Long-island': '0', 'Low-tilt-spectrum': '0', 'Medium-island': '0', 'Short-island': '1', 'Squeal': '1', 'Typical-entropy': '0', 'Voicing-quality': '1', 'Wide-band': '0', 'Xlong-island': '0', 'seq': '1', 'end': 7041.68, 'start': 7041.42}, {'Canonical-syllable': '0', 'Growl': '0', 'High-freq-energy': '0', 'Long-island': '0', 'Low-tilt-spectrum': '0', 'Medium-island': '0', 'Short-island': '1', 'Squeal': '1', 'Typical-entropy': '0', 'Voicing-quality': '1', 'Wide-band': '0', 'Xlong-island': '0', 'seq': '2', 'end': 7042.5, 'start': 7042.01}]",0,0,[],[]
7042500,7043340,OCH,CXN,0.0,236,CIC,RC,1,NT,FI,0.0,0,-25.52,-17.6,[],0,0,[],[]
7043340,7044590,FEM,FAN,5.25,236,CIC,EC,1,NT,FI,0.0,0,-43.63,-35.68,[],0,0,[],[]
7044590,7045400,NA,CXF,0.0,237,pause,NA,NA,NA,NA,0.0,0,-45.2,-37.67,[],0,0,[],[]
7045400,7047170,NA,FAF,0.0,237,pause,NA,NA,NA,NA,0.0,0,-50.22,-42.12,[],0,0,[],[]
7047170,7050630,NA,SIL,0.0,237,pause,NA,NA,NA,NA,0.0,0,-55.27,-43.65,[],0,0,[],[]
7050630,7052240,NA,NOF,0.0,237,pause,NA,NA,NA,NA,0.0,0,-51.75,-46.48,[],0,0,[],[]
7052240,7053230,NA,SIL,0.0,237,pause,NA,NA,NA,NA,0.0,0,-54.5,-46.49,[],0,0,[],[]
7053230,7055680,NA,NOF,0.0,237,pause,NA,NA,NA,NA,0.0,0,-38.99,-25.38,[],0,0,[],[]
7055680,7056800,CHI,CHN,0.0,237,pause,NA,NA,NA,NA,0.0,0,-12.28,-3.07,[],0,1120,"[{'start': 7055.68, 'end': 7056.8}]",[]
7056800,7057600,NA,OLN,0.0,237,pause,NA,NA,NA,NA,0.0,0,-22.35,-16.25,[],0,0,[],[]
7057600,7058420,NA,NOF,0.0,237,pause,NA,NA,NA,NA,0.0,0,-39.74,-34.1,[],0,0,[],[]
7058420,7059220,NA,OLF,0.0,237,pause,NA,NA,NA,NA,0.0,0,-37.79,-27.58,[],0,0,[],[]
7059220,7063130,NA,NOF,0.0,237,pause,NA,NA,NA,NA,0.0,0,-45.03,-34.02,[],0,0,[],[]
7063130,7064890,CHI,CHN,0.0,237,CIC,BC,0,TIFI,FI,1.0,1760,-19.93,-11.59,"[{'Canonical-syllable': '2', 'Growl': '0', 'High-freq-energy': '0', 'Long-island': '0', 'Low-tilt-spectrum': '3', 'Medium-island': '1', 'Short-island': '3', 'Squeal': '0', 'Typical-entropy': '1', 'Voicing-quality': '4', 'Wide-band': '0', 'Xlong-island': '0', 'seq': '1', 'end': 7064.89, 'start': 7063.13}]",0,0,[],[]
7064890,7065690,NA,OLN,0.0,237,CIC,NA,NA,NA,NA,0.0,0,-22.36,-12.64,[],0,0,[],[]
7065690,7067280,FEM,FAN,5.85,237,CIC,RC,1,TIFR,FI,0.0,0,-29.89,-12.42,[],0,0,[],[]
7067280,7068310,NA,NOF,0.0,237,CIC,NA,NA,NA,NA,0.0,0,-52.13,-46.06,[],0,0,[],[]
7068310,7071250,CHI,CHN,0.0,237,CIC,RC,1,TIFE,FI,2.0,2620,-19.01,-10.21,"[{'Canonical-syllable': '0', 'Growl': '0', 'High-freq-energy': '0', 'Long-island': '1', 'Low-tilt-spectrum': '0', 'Medium-island': '1', 'Short-island': '0', 'Squeal': '0', 'Typical-entropy': '1', 'Voicing-quality': '2', 'Wide-band': '0', 'Xlong-island': '0', 'seq': '1', 'end': 7069.75, 'start': 7068.31}, {'Canonical-syllable': '1', 'Growl': '0', 'High-freq-energy': '0', 'Long-island': '0', 'Low-tilt-spectrum': '0', 'Medium-island': '2', 'Short-island': '0', 'Squeal': '0', 'Typical-entropy': '2', 'Voicing-quality': '2', 'Wide-band': '0', 'Xlong-island': '0', 'seq': '2', 'end': 7071.25, 'start': 7070.07}]",0,0,[],[]
7071250,7072250,OCH,CXN,0.0,237,CIC,EC,1,NT,FI,0.0,0,-35.9,-25.66,[],0,0,[],[]
7072250,7082230,NA,NOF,0.0,238,pause,NA,NA,NA,NA,0.0,0,-29.74,-4.58,[],0,0,[],[]
7082230,7083030,NA,OLF,0.0,238,pause,NA,NA,NA,NA,0.0,0,-28.24,-11.96,[],0,0,[],[]
7083030,7084870,NA,NOF,0.0,238,pause,NA,NA,NA,NA,0.0,0,-34.57,-21.64,[],0,0,[],[]
7084870,7085470,CHI,CHN,0.0,238,CM,EC,0,NT,FI,1.0,460,-27.88,-17.03,"[{'Canonical-syllable': '0', 'Growl': '1', 'High-freq-energy': '0', 'Long-island': '0', 'Low-tilt-spectrum': '1', 'Medium-island': '1', 'Short-island': '0', 'Squeal': '0', 'Typical-entropy': '1', 'Voicing-quality': '1', 'Wide-band': '0', 'Xlong-island': '0', 'seq': '1', 'end': 7085.33, 'start': 7085.06}]",0,0,[],[]
7085470,7087560,NA,NOF,0.0,239,pause,NA,NA,NA,NA,0.0,0,-47.95,-37.51,[],0,0,[],[]
7087560,7088360,NA,SIL,0.0,239,pause,NA,NA,NA,NA,0.0,0,-51.86,-42.95,[],0,0,[],[]
7088360,7090140,NA,NOF,0.0,239,pause,NA,NA,NA,NA,0.0,0,-21.36,-6.03,[],0,0,[],[]
7090140,7091450,NA,OLN,0.0,239,pause,NA,NA,NA,NA,0.0,0,-20.0,-9.38,[],0,0,[],[]
7091450,7094190,NA,NOF,0.0,239,pause,NA,NA,NA,NA,0.0,0,-30.36,-13.8,[],0,0,[],[]
7094190,7095510,NA,OLN,0.0,239,pause,NA,NA,NA,NA,0.0,0,-18.8,-9.15,[],0,0,[],[]
7095510,7096320,NA,NOF,0.0,239,pause,NA,NA,NA,NA,0.0,0,-32.18,-22.02,[],0,0,[],[]
7096320,7097320,OCH,CXN,0.0,239,XIOCC,BC,0,NT,FI,0.0,0,-41.37,-34.66,[],0,0,[],[]
7097320,7098000,CHI,CHN,0.0,239,XIOCC,EC,0,NT,FI,1.0,210,-30.69,-21.77,"[{'Canonical-syllable': '0', 'Growl': '1', 'High-freq-energy': '0', 'Long-island': '0', 'Low-tilt-spectrum': '0', 'Medium-island': '0', 'Short-island': '1', 'Squeal': '0', 'Typical-entropy': '1', 'Voicing-quality': '1', 'Wide-band': '0', 'Xlong-island': '0', 'seq': '1', 'end': 7098.0, 'start': 7097.79}]",0,0,[],[]
7098000,7098870,NA,OLF,0.0,240,pause,NA,NA,NA,NA,0.0,0,-40.33,-25.04,[],0,0,[],[]
7098870,7099870,NA,FAF,0.0,240,pause,NA,NA,NA,NA,0.0,0,-49.53,-41.19,[],0,0,[],[]
7099870,7100940,NA,SIL,0.0,240,pause,NA,NA,NA,NA,0.0,0,-52.31,-44.28,[],0,0,[],[]
7100940,7102360,NA,NOF,0.0,240,pause,NA,NA,NA,NA,0.0,0,-35.02,-26.18,[],0,0,[],[]
7102360,7104260,NA,SIL,0.0,240,pause,NA,NA,NA,NA,0.0,0,-58.72,-49.86,[],0,0,[],[]
7104260,7106790,NA,NOF,0.0,240,pause,NA,NA,NA,NA,0.0,0,-38.19,-24.19,[],0,0,[],[]
7106790,7107700,CHI,CHN,0.0,240,CM,EC,0,NT,FI,1.0,910,-17.27,-8.99,"[{'Canonical-syllable': '1', 'Growl': '0', 'High-freq-energy': '0', 'Long-island': '0', 'Low-tilt-spectrum': '2', 'Medium-island': '2', 'Short-island': '0', 'Squeal': '0', 'Typical-entropy': '2', 'Voicing-quality': '2', 'Wide-band': '0', 'Xlong-island': '0', 'seq': '1', 'end': 7107.7, 'start': 7106.79}]",0,0,[],[]
7107700,7117460,NA,NOF,0.0,241,pause,NA,NA,NA,NA,0.0,0,-49.03,-36.28,[],0,0,[],[]
7117460,7118370,NA,SIL,0.0,241,pause,NA,NA,NA,NA,0.0,0,-57.0,-47.99,[],0,0,[],[]
7118370,7124580,NA,NOF,0.0,241,pause,NA,NA,NA,NA,0.0,0,-51.0,-39.24,[],0,0,[],[]
7124580,7125380,NA,SIL,0.0,241,pause,NA,NA,NA,NA,0.0,0,-55.07,-49.7,[],0,0,[],[]
7125380,7137150,NA,NOF,0.0,241,pause,NA,NA,NA,NA,0.0,0,-33.2,-8.71,[],0,0,[],[]
7137150,7137760,CHI,CHN,0.0,241,pause,NA,NA,NA,NA,0.0,0,-14.0,-5.03,[],0,510,"[{'start': 7137.25, 'end': 7137.76}]",[]
7137760,7138670,NA,OLN,0.0,241,pause,NA,NA,NA,NA,0.0,0,-19.26,-9.64,[],0,0,[],[]
7138670,7139530,CHI,CHN,0.0,241,CM,EC,0,NT,FI,1.0,860,-15.07,-4.79,"[{'Canonical-syllable': '1', 'Growl': '0', 'High-freq-energy': '0', 'Long-island': '0', 'Low-tilt-spectrum': '2', 'Medium-island': '1', 'Short-island': '1', 'Squeal': '0', 'Typical-entropy': '2', 'Voicing-quality': '2', 'Wide-band': '0', 'Xlong-island': '0', 'seq': '1', 'end': 7139.53, 'start': 7138.67}]",0,0,[],[]
7139530,7140490,NA,OLN,0.0,242,pause,NA,NA,NA,NA,0.0,0,-26.43,-11.14,[],0,0,[],[]
7140490,7146340,NA,NOF,0.0,242,pause,NA,NA,NA,NA,0.0,0,-32.98,-13.36,[],0,0,[],[]
7146340,7148400,CHI,CHN,0.0,242,CIC,BC,0,TIFI,FI,1.0,1970,-15.84,-4.06,"[{'Canonical-syllable': '1', 'Growl': '0', 'High-freq-energy': '0', 'Long-island': '2', 'Low-tilt-spectrum': '2', 'Medium-island': '0', 'Short-island': '2', 'Squeal': '0', 'Typical-entropy': '4', 'Voicing-quality': '4', 'Wide-band': '1', 'Xlong-island': '0', 'seq': '1', 'end': 7148.31, 'start': 7146.34}]",0,0,[],[]
7148400,7151200,NA,NOF,0.0,242,CIC,NA,NA,NA,NA,0.0,0,-44.49,-34.76,[],0,0,[],[]
7151200,7152200,FEM,FAN,3.1,242,CIC,RC,1,TIFR,FI,0.0,0,-39.86,-32.01,[],0,0,[],[]
7152200,7153000,NA,OLN,0.0,242,CIC,NA,NA,NA,NA,0.0,0,-35.98,-30.54,[],0,0,[],[]
7153000,7156170,FEM,FAN,12.16,242,CIC,EC,1,NT,FH,0.0,0,-36.99,-28.68,[],0,0,[],[]
7156170,7157330,NA,OLF,0.0,243,pause,NA,NA,NA,NA,0.0,0,-39.23,-32.38,[],0,0,[],[]
7157330,7162080,NA,NOF,0.0,243,pause,NA,NA,NA,NA,0.0,0,-42.48,-29.19,[],0,0,[],[]
7162080,7162970,NA,SIL,0.0,243,pause,NA,NA,NA,NA,0.0,0,-48.22,-42.94,[],0,0,[],[]
7162970,7164260,CHI,CHN,0.0,243,CM,EC,0,NT,FI,3.0,510,-22.5,-11.9,"[{'Canonical-syllable': '0', 'Growl': '1', 'High-freq-energy': '0', 'Long-island': '0', 'Low-tilt-spectrum': '0', 'Medium-island': '0', 'Short-island': '1', 'Squeal': '0', 'Typical-entropy': '0', 'Voicing-quality': '1', 'Wide-band': '0', 'Xlong-island': '0', 'seq': '1', 'end': 7163.19, 'start': 7162.97}, {'Canonical-syllable': '0', 'Growl': '1', 'High-freq-energy': '0', 'Long-island': '0', 'Low-tilt-spectrum': '0', 'Medium-island': '0', 'Short-island': '1', 'Squeal': '0', 'Typical-entropy': '0', 'Voicing-quality': '1', 'Wide-band': '0', 'Xlong-island': '0', 'seq': '2', 'end': 7163.75, 'start': 7163.58}, {'Canonical-syllable': '0', 'Growl': '1', 'High-freq-energy': '0', 'Long-island': '0', 'Low-tilt-spectrum': '0', 'Medium-island': '0', 'Short-island': '0', 'Squeal': '0', 'Typical-entropy': '0', 'Voicing-quality': '1', 'Wide-band': '0', 'Xlong-island': '0', 'seq': '3', 'end': 7164.26, 'start': 7164.14}]",0,0,[],[]
7164260,7165760,NA,FAF,0.0,244,pause,NA,NA,NA,NA,0.0,0,-36.69,-25.65,[],0,0,[],[]
7165760,7167520,NA,SIL,0.0,244,pause,NA,NA,NA,NA,0.0,0,-48.04,-38.47,[],0,0,[],[]
7167520,7173920,NA,NOF,0.0,244,pause,NA,NA,NA,NA,0.0,0,-41.54,-23.65,[],0,0,[],[]
7173920,7174930,NA,SIL,0.0,244,pause,NA,NA,NA,NA,0.0,0,-46.89,-42.02,[],0,0,[],[]
7174930,7175730,NA,NOF,0.0,244,pause,NA,NA,NA,NA,0.0,0,-45.16,-41.28,[],0,0,[],[]
7175730,7176530,NA,SIL,0.0,244,pause,NA,NA,NA,NA,0.0,0,-46.4,-42.86,[],0,0,[],[]
7176530,7188950,NA,NOF,0.0,244,pause,NA,NA,NA,NA,0.0,0,-37.29,-17.86,[],0,0,[],[]
7188950,7189950,NA,MAF,0.0,244,pause,NA,NA,NA,NA,0.0,0,-24.9,-15.32,[],0,0,[],[]
7189950,7195110,NA,NOF,0.0,244,pause,NA,NA,NA,NA,0.0,0,-38.08,-23.37,[],0,0,[],[]
7195110,7196720,CHI,CHN,0.0,244,CIOCX,BC,0,NT,FI,2.0,1110,-22.52,-10.91,"[{'Canonical-syllable': '0', 'Growl': '0', 'High-freq-energy': '0', 'Long-island': '0', 'Low-tilt-spectrum': '1', 'Medium-island': '0', 'Short-island': '2', 'Squeal': '0', 'Typical-entropy': '3', 'Voicing-quality': '2', 'Wide-band': '0', 'Xlong-island': '0', 'seq': '1', 'end': 7195.8, 'start': 7195.11}, {'Canonical-syllable': '0', 'Growl': '0', 'High-freq-energy': '0', 'Long-island': '0', 'Low-tilt-spectrum': '0', 'Medium-island': '1', 'Short-island': '0', 'Squeal': '0', 'Typical-entropy': '1', 'Voicing-quality': '1', 'Wide-band': '0', 'Xlong-island': '0', 'seq': '2', 'end': 7196.72, 'start': 7196.3}]",0,0,[],[]
7196720,7197520,NA,NOF,0.0,244,CIOCX,NA,NA,NA,NA,0.0,0,-35.07,-19.22,[],0,0,[],[]
7197520,7198930,CHI,CHN,0.0,244,CIOCX,RC,0,NT,FH,2.0,760,-26.08,-10.73,"[{'Canonical-syllable': '0', 'Growl': '1', 'High-freq-energy': '0', 'Long-island': '0', 'Low-tilt-spectrum': '0', 'Medium-island': '0', 'Short-island': '1', 'Squeal': '0', 'Typical-entropy': '1', 'Voicing-quality': '1', 'Wide-band': '0', 'Xlong-island': '0', 'seq': '1', 'end': 7197.95, 'start': 7197.81}, {'Canonical-syllable': '1', 'Growl': '0', 'High-freq-energy': '0', 'Long-island': '0', 'Low-tilt-spectrum': '0', 'Medium-island': '1', 'Short-island': '0', 'Squeal': '0', 'Typical-entropy': '0', 'Voicing-quality': '1', 'Wide-band': '0', 'Xlong-island': '0', 'seq': '2', 'end': 7198.93, 'start': 7198.6}]",0,0,[],[]
7198930,7200480,NA,NOF,0.0,244,CIOCX,NA,NA,NA,NA,0.0,0,-38.34,-22.7,[],0,0,[],[]
7200480,7201350,OCH,CXN,0.0,244,CIOCX,RC,0,NT,FI,0.0,0,-33.39,-27.62,[],0,0,[],[]
7201350,7202680,NA,NOF,0.0,244,CIOCX,NA,NA,NA,NA,0.0,0,-45.57,-33.43,[],0,0,[],[]
7202680,7203570,NA,SIL,0.0,244,CIOCX,NA,NA,NA,NA,0.0,0,-47.31,-43.19,[],0,0,[],[]
7203570,7204370,OCH,CXN,0.0,244,CIOCX,RC,0,NT,FH,0.0,0,-35.08,-28.39,[],0,0,[],[]
7204370,7204970,OCH,CXN,0.0,244,CIOCX,RC,0,NT,FH,0.0,0,-36.9,-32.01,[],0,0,[],[]
7204970,7206100,NA,NOF,0.0,244,CIOCX,NA,NA,NA,NA,0.0,0,-44.34,-33.47,[],0,0,[],[]
7206100,7206830,OCH,CXN,0.0,244,CIOCX,RC,0,NT,FH,0.0,0,-39.83,-32.72,[],0,0,[],[]
7206830,7207630,NA,NOF,0.0,244,CIOCX,NA,NA,NA,NA,0.0,0,-44.68,-35.41,[],0,0,[],[]
7207630,7209380,CHI,CHN,0.0,244,CIOCX,RC,0,NT,FI,1.0,1750,-30.5,-20.82,"[{'Canonical-syllable': '2', 'Growl': '1', 'High-freq-energy': '0', 'Long-island': '0', 'Low-tilt-spectrum': '0', 'Medium-island': '1', 'Short-island': '3', 'Squeal': '0', 'Typical-entropy': '0', 'Voicing-quality': '5', 'Wide-band': '0', 'Xlong-island': '0', 'seq': '1', 'end': 7209.38, 'start': 7207.63}]",0,0,[],[]
7209380,7210180,NA,SIL,0.0,244,CIOCX,NA,NA,NA,NA,0.0,0,-47.93,-44.07,[],0,0,[],[]
7210180,7210780,CHI,CHN,0.0,244,CIOCX,RC,0,NT,FH,1.0,600,-30.61,-23.05,"[{'Canonical-syllable': '1', 'Growl': '0', 'High-freq-energy': '0', 'Long-island': '0', 'Low-tilt-spectrum': '0', 'Medium-island': '0', 'Short-island': '2', 'Squeal': '0', 'Typical-entropy': '0', 'Voicing-quality': '2', 'Wide-band': '1', 'Xlong-island': '0', 'seq': '1', 'end': 7210.78, 'start': 7210.18}]",0,0,[],[]
7210780,7211590,NA,NOF,0.0,244,CIOCX,NA,NA,NA,NA,0.0,0,-45.26,-38.77,[],0,0,[],[]
7211590,7213340,OCH,CXN,0.0,244,CIOCX,RC,0,NT,FI,0.0,0,-30.48,-23.81,[],0,0,[],[]
7213340,7214180,NA,NOF,0.0,244,CIOCX,NA,NA,NA,NA,0.0,0,-43.81,-36.35,[],0,0,[],[]
7214180,7214830,OCH,CXN,0.0,244,CIOCX,RC,0,NT,FH,0.0,0,-36.46,-30.59,[],0,0,[],[]
7214830,7215630,NA,FAF,0.0,244,CIOCX,NA,NA,NA,NA,0.0,0,-42.6,-34.75,[],0,0,[],[]
7215630,7216830,CHI,CHN,0.0,244,CIOCX,RC,0,NT,FI,1.0,960,-27.34,-18.39,"[{'Canonical-syllable': '0', 'Growl': '2', 'High-freq-energy': '0', 'Long-island': '0', 'Low-tilt-spectrum': '0', 'Medium-island': '1', 'Short-island': '2', 'Squeal': '0', 'Typical-entropy': '0', 'Voicing-quality': '3', 'Wide-band': '0', 'Xlong-island': '0', 'seq': '1', 'end': 7216.59, 'start': 7215.63}]",0,0,[],[]
7216830,7217750,NA,NOF,0.0,244,CIOCX,NA,NA,NA,NA,0.0,0,-46.0,-41.22,[],0,0,[],[]
7217750,7218550,OCH,CXN,0.0,244,CIOCX,RC,0,NT,FI,0.0,0,-35.46,-28.97,[],0,0,[],[]
7218550,7221310,NA,SIL,0.0,244,CIOCX,NA,NA,NA,NA,0.0,0,-46.26,-40.03,[],0,0,[],[]
7221310,7222120,CHI,CHN,0.0,244,CIOCX,RC,0,NT,FI,1.0,460,-35.77,-27.44,"[{'Canonical-syllable': '0', 'Growl': '1', 'High-freq-energy': '0', 'Long-island': '0', 'Low-tilt-spectrum': '0', 'Medium-island': '1', 'Short-island': '0', 'Squeal': '0', 'Typical-entropy': '0', 'Voicing-quality': '1', 'Wide-band': '0', 'Xlong-island': '0', 'seq': '1', 'end': 7221.77, 'start': 7221.46}]",0,0,[],[]
7222120,7222920,NA,CXF,0.0,244,CIOCX,NA,NA,NA,NA,0.0,0,-39.19,-32.89,[],0,0,[],[]
7222920,7223570,CHI,CHN,0.0,244,CIOCX,RC,0,NT,FH,1.0,220,-33.63,-23.92,"[{'Canonical-syllable': '0', 'Growl': '1', 'High-freq-energy': '0', 'Long-island': '0', 'Low-tilt-spectrum': '1', 'Medium-island': '0', 'Short-island': '1', 'Squeal': '0', 'Typical-entropy': '0', 'Voicing-quality': '1', 'Wide-band': '1', 'Xlong-island': '0', 'seq': '1', 'end': 7223.57, 'start': 7223.35}]",0,0,[],[]
7223570,7224650,NA,NOF,0.0,244,CIOCX,NA,NA,NA,NA,0.0,0,-39.39,-30.19,[],0,0,[],[]
7224650,7225350,CHI,CHN,0.0,244,CIOCX,NA,NA,NA,NA,0.0,0,-16.05,-11.44,[],0,700,"[{'start': 7224.65, 'end': 7225.35}]",[]
7225350,7226190,NA,NOF,0.0,244,CIOCX,NA,NA,NA,NA,0.0,0,-30.95,-21.66,[],0,0,[],[]
7226190,7227100,CHI,CHN,0.0,244,CIOCX,RC,0,NT,FH,1.0,420,-29.84,-20.44,"[{'Canonical-syllable': '0', 'Growl': '2', 'High-freq-energy': '0', 'Long-island': '0', 'Low-tilt-spectrum': '0', 'Medium-island': '0', 'Short-island': '1', 'Squeal': '0', 'Typical-entropy': '0', 'Voicing-quality': '2', 'Wide-band': '0', 'Xlong-island': '0', 'seq': '1', 'end': 7226.61, 'start': 7226.19}]",0,0,[],[]
7227100,7228180,CHI,CHN,0.0,244,CIOCX,RC,0,NT,FH,2.0,740,-24.09,-17.52,"[{'Canonical-syllable': '0', 'Growl': '0', 'High-freq-energy': '0', 'Long-island': '0', 'Low-tilt-spectrum': '0', 'Medium-island': '1', 'Short-island': '0', 'Squeal': '0', 'Typical-entropy': '0', 'Voicing-quality': '1', 'Wide-band': '0', 'Xlong-island': '0', 'seq': '1', 'end': 7227.5, 'start': 7227.1}, {'Canonical-syllable': '0', 'Growl': '0', 'High-freq-energy': '0', 'Long-island': '0', 'Low-tilt-spectrum': '0', 'Medium-island': '1', 'Short-island': '0', 'Squeal': '0', 'Typical-entropy': '0', 'Voicing-quality': '1', 'Wide-band': '1', 'Xlong-island': '0', 'seq': '2', 'end': 7228.18, 'start': 7227.84}]",0,0,[],[]
7228180,7230200,NA,NOF,0.0,244,CIOCX,NA,NA,NA,NA,0.0,0,-29.8,-16.84,[],0,0,[],[]
7230200,7230800,CHI,CHN,0.0,244,CIOCX,RC,0,NT,FH,1.0,600,-23.05,-17.63,"[{'Canonical-syllable': '1', 'Growl': '0', 'High-freq-energy': '0', 'Long-island': '0', 'Low-tilt-spectrum': '0', 'Medium-island': '1', 'Short-island': '0', 'Squeal': '0', 'Typical-entropy': '0', 'Voicing-quality': '1', 'Wide-band': '0', 'Xlong-island': '0', 'seq': '1', 'end': 7230.8, 'start': 7230.35}]",0,0,[],[]
7230800,7232640,NA,SIL,0.0,244,CIOCX,NA,NA,NA,NA,0.0,0,-41.04,-27.18,[],0,0,[],[]
7232640,7233240,NA,MAF,0.0,244,CIOCX,NA,NA,NA,NA,0.0,0,-25.49,-18.51,[],0,0,[],[]
7233240,7234050,NA,NOF,0.0,244,CIOCX,NA,NA,NA,NA,0.0,0,-35.98,-25.97,[],0,0,[],[]
7234050,7234780,OCH,CXN,0.0,244,CIOCX,RC,0,NT,FI,0.0,0,-31.47,-24.13,[],0,0,[],[]
7234780,7235580,NA,MAF,0.0,244,CIOCX,NA,NA,NA,NA,0.0,0,-31.05,-20.26,[],0,0,[],[]
7235580,7236380,NA,SIL,0.0,244,CIOCX,NA,NA,NA,NA,0.0,0,-37.04,-25.96,[],0,0,[],[]
7236380,7238140,OCH,CXN,0.0,244,CIOCX,RC,0,NT,FH,0.0,0,-36.2,-26.73,[],0,0,[],[]
7238140,7238940,NA,MAF,0.0,244,CIOCX,NA,NA,NA,NA,0.0,0,-45.73,-38.33,[],0,0,[],[]
7238940,7240020,CHI,CHN,0.0,244,CIOCX,RC,0,NT,FI,2.0,930,-25.83,-20.55,"[{'Canonical-syllable': '0', 'Growl': '0', 'High-freq-energy': '0', 'Long-island': '0', 'Low-tilt-spectrum': '0', 'Medium-island': '1', 'Short-island': '0', 'Squeal': '0', 'Typical-entropy': '0', 'Voicing-quality': '1', 'Wide-band': '0', 'Xlong-island': '0', 'seq': '1', 'end': 7239.31, 'start': 7238.94}, {'Canonical-syllable': '1', 'Growl': '0', 'High-freq-energy': '0', 'Long-island': '0', 'Low-tilt-spectrum': '0', 'Medium-island': '1', 'Short-island': '0', 'Squeal': '0', 'Typical-entropy': '0', 'Voicing-quality': '1', 'Wide-band': '0', 'Xlong-island': '0', 'seq': '2', 'end': 7239.87, 'start': 7239.61}]",0,0,[],[]
7240020,7241280,NA,NOF,0.0,244,CIOCX,NA,NA,NA,NA,0.0,0,-40.03,-29.44,[],0,0,[],[]
7241280,7242870,OCH,CXN,0.0,244,CIOCX,RC,0,NT,FI,0.0,0,-15.73,-8.38,[],0,0,[],[]
7242870,7243610,CHI,CHN,0.0,244,CIOCX,RC,0,NT,FI,1.0,740,-18.5,-9.65,"[{'Canonical-syllable': '0', 'Growl': '1', 'High-freq-energy': '0', 'Long-island': '0', 'Low-tilt-spectrum': '2', 'Medium-island': '1', 'Short-island': '0', 'Squeal': '0', 'Typical-entropy': '2', 'Voicing-quality': '2', 'Wide-band': '0', 'Xlong-island': '0', 'seq': '1', 'end': 7243.61, 'start': 7242.87}]",0,0,[],[]
7243610,7246800,NA,NOF,0.0,244,CIOCX,NA,NA,NA,NA,0.0,0,-42.18,-27.57,[],0,0,[],[]
7246800,7247400,NA,CHF,0.0,244,CIOCX,NA,NA,NA,NA,0.0,0,-36.25,-30.13,[],0,600,[],"[{'start': 7246.8, 'end': 7247.4}]"
7247400,7248200,NA,NOF,0.0,244,CIOCX,NA,NA,NA,NA,0.0,0,-43.67,-38.72,[],0,0,[],[]
7248200,7248800,CHI,CHN,0.0,244,CIOCX,EC,0,NT,FH,1.0,600,-27.87,-21.82,"[{'Canonical-syllable': '0', 'Growl': '0', 'High-freq-energy': '0', 'Long-island': '0', 'Low-tilt-spectrum': '0', 'Medium-island': '1', 'Short-island': '0', 'Squeal': '0', 'Typical-entropy': '1', 'Voicing-quality': '1', 'Wide-band': '0', 'Xlong-island': '0', 'seq': '1', 'end': 7248.8, 'start': 7248.2}]",0,0,[],[]
7248800,7254960,NA,NOF,0.0,245,pause,NA,NA,NA,NA,0.0,0,-46.0,-29.26,[],0,0,[],[]
7254960,7255770,NA,SIL,0.0,245,pause,NA,NA,NA,NA,0.0,0,-47.6,-41.54,[],0,0,[],[]
7255770,7257890,NA,FAF,0.0,245,pause,NA,NA,NA,NA,0.0,0,-41.96,-27.56,[],0,0,[],[]
7257890,7258710,NA,SIL,0.0,245,pause,NA,NA,NA,NA,0.0,0,-47.94,-40.05,[],0,0,[],[]
7258710,7260450,NA,NOF,0.0,245,pause,NA,NA,NA,NA,0.0,0,-46.24,-37.44,[],0,0,[],[]
7260450,7267510,NA,SIL,0.0,245,pause,NA,NA,NA,NA,0.0,0,-48.4,-31.74,[],0,0,[],[]
7267510,7268940,CHI,CHN,0.0,245,CM,EC,0,NT,FI,2.0,850,-22.48,-11.05,"[{'Canonical-syllable': '0', 'Growl': '1', 'High-freq-energy': '0', 'Long-island': '0', 'Low-tilt-spectrum': '0', 'Medium-island': '0', 'Short-island': '1', 'Squeal': '0', 'Typical-entropy': '0', 'Voicing-quality': '1', 'Wide-band': '0', 'Xlong-island': '0', 'seq': '1', 'end': 7267.76, 'start': 7267.51}, {'Canonical-syllable': '0', 'Growl': '0', 'High-freq-energy': '0', 'Long-island': '0', 'Low-tilt-spectrum': '0', 'Medium-island': '0', 'Short-island': '2', 'Squeal': '0', 'Typical-entropy': '1', 'Voicing-quality': '2', 'Wide-band': '0', 'Xlong-island': '0', 'seq': '2', 'end': 7268.77, 'start': 7268.17}]",0,0,[],[]
7268940,7270650,NA,SIL,0.0,246,pause,NA,NA,NA,NA,0.0,0,-48.82,-43.1,[],0,0,[],[]
7270650,7274560,NA,NOF,0.0,246,pause,NA,NA,NA,NA,0.0,0,-27.12,-6.27,[],0,0,[],[]
7274560,7276740,NA,SIL,0.0,246,pause,NA,NA,NA,NA,0.0,0,-48.45,-42.75,[],0,0,[],[]
7276740,7278530,OCH,CXN,0.0,246,XIC,BC,0,NT,FI,0.0,0,-43.12,-38.96,[],0,0,[],[]
7278530,7279520,NA,NON,0.0,246,XIC,NA,NA,NA,NA,0.0,0,-33.76,-20.24,[],0,0,[],[]
7279520,7280340,NA,OLN,0.0,246,XIC,NA,NA,NA,NA,0.0,0,-22.24,-9.83,[],0,0,[],[]
7280340,7280960,CHI,CHN,0.0,246,XIC,NA,NA,NA,NA,0.0,0,-16.29,-5.74,[],0,540,"[{'start': 7280.34, 'end': 7280.88}]",[]
7280960,7281960,CHI,CHN,0.0,246,XIC,RC,0,NT,FI,1.0,130,-20.68,-8.69,"[{'Canonical-syllable': '0', 'Growl': '1', 'High-freq-energy': '0', 'Long-island': '0', 'Low-tilt-spectrum': '0', 'Medium-island': '0', 'Short-island': '1', 'Squeal': '0', 'Typical-entropy': '1', 'Voicing-quality': '1', 'Wide-band': '0', 'Xlong-island': '0', 'seq': '1', 'end': 7281.64, 'start': 7281.51}]",0,130,"[{'start': 7281.83, 'end': 7281.96}]",[]
7281960,7282810,CHI,CHN,0.0,246,XIC,RC,0,TIFI,FH,1.0,260,-25.01,-12.6,"[{'Canonical-syllable': '1', 'Growl': '0', 'High-freq-energy': '0', 'Long-island': '0', 'Low-tilt-spectrum': '1', 'Medium-island': '1', 'Short-island': '0', 'Squeal': '0', 'Typical-entropy': '1', 'Voicing-quality': '1', 'Wide-band': '0', 'Xlong-island': '0', 'seq': '1', 'end': 7282.22, 'start': 7281.96}]",0,0,[],[]
7282810,7283620,NA,OLN,0.0,246,XIC,NA,NA,NA,NA,0.0,0,-31.28,-20.37,[],0,0,[],[]
7283620,7285630,FEM,FAN,6.89,246,XIC,RC,1,TIFR,FI,0.0,0,-23.14,-8.38,[],0,0,[],[]
7285630,7286870,CHI,CHN,0.0,246,XIC,RC,1,TIFI,FI,1.0,1240,-19.86,-12.37,"[{'Canonical-syllable': '0', 'Growl': '1', 'High-freq-energy': '0', 'Long-island': '0', 'Low-tilt-spectrum': '3', 'Medium-island': '1', 'Short-island': '3', 'Squeal': '2', 'Typical-entropy': '4', 'Voicing-quality': '4', 'Wide-band': '0', 'Xlong-island': '0', 'seq': '1', 'end': 7286.87, 'start': 7285.63}]",0,0,[],[]
7286870,7287870,FEM,FAN,5.56,246,XIC,RC,2,TIFR,FI,0.0,0,-37.31,-26.82,[],0,0,[],[]
7287870,7290790,NA,NOF,0.0,246,XIC,NA,NA,NA,NA,0.0,0,-44.96,-31.56,[],0,0,[],[]
7290790,7292770,CHI,CHN,0.0,246,XIC,RC,2,TIFI,FI,1.0,1880,-16.93,-9.7,"[{'Canonical-syllable': '2', 'Growl': '0', 'High-freq-energy': '0', 'Long-island': '1', 'Low-tilt-spectrum': '2', 'Medium-island': '1', 'Short-island': '2', 'Squeal': '0', 'Typical-entropy': '4', 'Voicing-quality': '4', 'Wide-band': '0', 'Xlong-island': '0', 'seq': '1', 'end': 7292.67, 'start': 7290.79}]",0,0,[],[]
7292770,7295800,FEM,FAN,11.96,246,XIC,RC,3,TIFR,FI,0.0,0,-38.04,-29.0,[],0,0,[],[]
7295800,7298810,NA,SIL,0.0,246,XIC,NA,NA,NA,NA,0.0,0,-39.48,-21.65,[],0,0,[],[]
7298810,7299810,FEM,FAN,4.24,246,XIC,RC,3,NT,FH,0.0,0,-28.46,-17.45,[],0,0,[],[]
7299810,7301350,CHI,CHN,0.0,246,XIC,RC,3,TIFI,FI,1.0,1460,-18.55,-6.5,"[{'Canonical-syllable': '0', 'Growl': '0', 'High-freq-energy': '0', 'Long-island': '0', 'Low-tilt-spectrum': '2', 'Medium-island': '1', 'Short-island': '3', 'Squeal': '0', 'Typical-entropy': '4', 'Voicing-quality': '3', 'Wide-band': '0', 'Xlong-island': '0', 'seq': '1', 'end': 7301.27, 'start': 7299.81}]",0,0,[],[]
7301350,7302150,FEM,FAN,2.34,246,XIC,RC,4,TIFR,FI,0.0,0,-37.69,-30.53,[],0,0,[],[]
7302150,7302950,NA,SIL,0.0,246,XIC,NA,NA,NA,NA,0.0,0,-47.08,-41.52,[],0,0,[],[]
7302950,7304980,CHI,CHN,0.0,246,XIC,RC,4,TIFE,FI,1.0,1860,-21.96,-13.6,"[{'Canonical-syllable': '1', 'Growl': '1', 'High-freq-energy': '0', 'Long-island': '1', 'Low-tilt-spectrum': '3', 'Medium-island': '1', 'Short-island': '2', 'Squeal': '0', 'Typical-entropy': '4', 'Voicing-quality': '4', 'Wide-band': '0', 'Xlong-island': '0', 'seq': '1', 'end': 7304.81, 'start': 7302.95}]",0,0,[],[]
7304980,7306490,NA,NOF,0.0,246,XIC,NA,NA,NA,NA,0.0,0,-45.82,-37.3,[],0,0,[],[]
7306490,7308660,CHI,CHN,0.0,246,XIC,RC,4,TIFI,FH,1.0,1970,-22.33,-13.31,"[{'Canonical-syllable': '1', 'Growl': '2', 'High-freq-energy': '1', 'Long-island': '0', 'Low-tilt-spectrum': '1', 'Medium-island': '2', 'Short-island': '3', 'Squeal': '0', 'Typical-entropy': '5', 'Voicing-quality': '5', 'Wide-band': '0', 'Xlong-island': '0', 'seq': '1', 'end': 7308.46, 'start': 7306.49}]",0,0,[],[]
7308660,7309460,NA,SIL,0.0,246,XIC,NA,NA,NA,NA,0.0,0,-47.96,-43.23,[],0,0,[],[]
7309460,7310750,FEM,FAN,7.77,246,XIC,RC,5,TIFR,FI,0.0,0,-40.76,-33.19,[],0,0,[],[]
7310750,7312910,NA,SIL,0.0,246,XIC,NA,NA,NA,NA,0.0,0,-49.56,-42.58,[],0,0,[],[]
7312910,7313910,NA,FAF,0.0,246,XIC,NA,NA,NA,NA,0.0,0,-46.38,-42.12,[],0,0,[],[]
7313910,7314710,CHI,CHN,0.0,246,XIC,RC,5,TIFE,FI,1.0,800,-39.38,-29.4,"[{'Canonical-syllable': '0', 'Growl': '2', 'High-freq-energy': '0', 'Long-island': '0', 'Low-tilt-spectrum': '2', 'Medium-island': '1', 'Short-island': '1', 'Squeal': '0', 'Typical-entropy': '1', 'Voicing-quality': '1', 'Wide-band': '0', 'Xlong-island': '0', 'seq': '1', 'end': 7314.71, 'start': 7313.91}]",0,0,[],[]
7314710,7316160,CHI,CHN,0.0,246,XIC,RC,5,NT,FH,1.0,1450,-17.4,-9.14,"[{'Canonical-syllable': '1', 'Growl': '0', 'High-freq-energy': '0', 'Long-island': '0', 'Low-tilt-spectrum': '1', 'Medium-island': '2', 'Short-island': '1', 'Squeal': '0', 'Typical-entropy': '3', 'Voicing-quality': '3', 'Wide-band': '0', 'Xlong-island': '0', 'seq': '1', 'end': 7316.16, 'start': 7314.71}]",0,0,[],[]
7316160,7316990,NA,SIL,0.0,246,XIC,NA,NA,NA,NA,0.0,0,-48.09,-40.27,[],0,0,[],[]
7316990,7317870,CHI,CHN,0.0,246,XIC,RC,5,TIFI,FH,1.0,880,-16.5,-9.13,"[{'Canonical-syllable': '1', 'Growl': '0', 'High-freq-energy': '0', 'Long-island': '0', 'Low-tilt-spectrum': '1', 'Medium-island': '0', 'Short-island': '2', 'Squeal': '0', 'Typical-entropy': '1', 'Voicing-quality': '2', 'Wide-band': '0', 'Xlong-island': '0', 'seq': '1', 'end': 7317.87, 'start': 7317.27}]",0,0,[],[]
7317870,7319000,FEM,FAN,5.32,246,XIC,RC,6,TIFR,FI,0.0,0,-25.08,-17.08,[],0,0,[],[]
7319000,7320090,NA,SIL,0.0,246,XIC,NA,NA,NA,NA,0.0,0,-48.94,-42.7,[],0,0,[],[]
7320090,7321750,FEM,FAN,7.6,246,XIC,RC,6,NT,FH,0.0,0,-25.47,-15.18,[],0,0,[],[]
7321750,7323650,NA,SIL,0.0,246,XIC,NA,NA,NA,NA,0.0,0,-48.74,-42.67,[],0,0,[],[]
7323650,7325140,CHI,CHN,0.0,246,XIC,RC,6,TIFE,FI,1.0,1390,-27.25,-20.35,"[{'Canonical-syllable': '3', 'Growl': '0', 'High-freq-energy': '0', 'Long-island': '0', 'Low-tilt-spectrum': '0', 'Medium-island': '2', 'Short-island': '1', 'Squeal': '0', 'Typical-entropy': '0', 'Voicing-quality': '3', 'Wide-band': '0', 'Xlong-island': '0', 'seq': '1', 'end': 7325.04, 'start': 7323.78}]",0,0,[],[]
7325140,7325940,NA,SIL,0.0,246,XIC,NA,NA,NA,NA,0.0,0,-45.98,-35.53,[],0,0,[],[]
7325940,7327300,CHI,CHN,0.0,246,XIC,EC,6,NT,FH,1.0,1030,-30.48,-22.51,"[{'Canonical-syllable': '0', 'Growl': '1', 'High-freq-energy': '0', 'Long-island': '0', 'Low-tilt-spectrum': '1', 'Medium-island': '2', 'Short-island': '0', 'Squeal': '0', 'Typical-entropy': '1', 'Voicing-quality': '2', 'Wide-band': '0', 'Xlong-island': '0', 'seq': '1', 'end': 7326.97, 'start': 7325.94}]",0,0,[],[]
7327300,7328130,NA,SIL,0.0,247,pause,NA,NA,NA,NA,0.0,0,-48.76,-43.71,[],0,0,[],[]
7328130,7329750,NA,NOF,0.0,247,pause,NA,NA,NA,NA,0.0,0,-23.43,-5.97,[],0,0,[],[]
7329750,7330680,NA,SIL,0.0,247,pause,NA,NA,NA,NA,0.0,0,-48.43,-43.19,[],0,0,[],[]
7330680,7332300,NA,NOF,0.0,247,pause,NA,NA,NA,NA,0.0,0,-46.65,-38.55,[],0,0,[],[]
7332300,7333320,FEM,FAN,4.68,247,AICF,BC,0,TIFI,FI,0.0,0,-43.62,-35.18,[],0,0,[],[]
7333320,7334410,NA,NOF,0.0,247,AICF,NA,NA,NA,NA,0.0,0,-47.06,-42.98,[],0,0,[],[]
7334410,7335010,CHI,CHN,0.0,247,AICF,RC,1,TIFR,FI,1.0,600,-26.98,-19.67,"[{'Canonical-syllable': '0', 'Growl': '0', 'High-freq-energy': '0', 'Long-island': '0', 'Low-tilt-spectrum': '1', 'Medium-island': '1', 'Short-island': '0', 'Squeal': '0', 'Typical-entropy': '1', 'Voicing-quality': '1', 'Wide-band': '0', 'Xlong-island': '0', 'seq': '1', 'end': 7335.01, 'start': 7334.61}]",0,0,[],[]
7335010,7335810,NA,NOF,0.0,247,AICF,NA,NA,NA,NA,0.0,0,-42.82,-34.95,[],0,0,[],[]
7335810,7337450,CHI,CHN,0.0,247,AICF,EC,1,NT,FH,2.0,1280,-23.88,-16.7,"[{'Canonical-syllable': '0', 'Growl': '1', 'High-freq-energy': '0', 'Long-island': '0', 'Low-tilt-spectrum': '0', 'Medium-island': '0', 'Short-island': '1', 'Squeal': '0', 'Typical-entropy': '0', 'Voicing-quality': '1', 'Wide-band': '0', 'Xlong-island': '0', 'seq': '1', 'end': 7336.04, 'start': 7335.81}, {'Canonical-syllable': '1', 'Growl': '0', 'High-freq-energy': '0', 'Long-island': '0', 'Low-tilt-spectrum': '1', 'Medium-island': '2', 'Short-island': '0', 'Squeal': '0', 'Typical-entropy': '1', 'Voicing-quality': '2', 'Wide-band': '0', 'Xlong-island': '0', 'seq': '2', 'end': 7337.45, 'start': 7336.4}]",0,0,[],[]
7337450,7338450,NA,FAF,0.0,248,pause,NA,NA,NA,NA,0.0,0,-43.42,-38.91,[],0,0,[],[]
7338450,7339390,NA,NOF,0.0,248,pause,NA,NA,NA,NA,0.0,0,-46.31,-39.01,[],0,0,[],[]
7339390,7342120,NA,SIL,0.0,248,pause,NA,NA,NA,NA,0.0,0,-46.87,-36.39,[],0,0,[],[]
7342120,7342930,NA,NOF,0.0,248,pause,NA,NA,NA,NA,0.0,0,-40.26,-28.29,[],0,0,[],[]
7342930,7345420,CHI,CHN,0.0,248,CIC,BC,0,TIFI,FI,2.0,1940,-20.68,-9.23,"[{'Canonical-syllable': '0', 'Growl': '1', 'High-freq-energy': '0', 'Long-island': '0', 'Low-tilt-spectrum': '0', 'Medium-island': '0', 'Short-island': '1', 'Squeal': '0', 'Typical-entropy': '0', 'Voicing-quality': '1', 'Wide-band': '0', 'Xlong-island': '0', 'seq': '1', 'end': 7343.07, 'start': 7342.93}, {'Canonical-syllable': '1', 'Growl': '1', 'High-freq-energy': '0', 'Long-island': '0', 'Low-tilt-spectrum': '2', 'Medium-island': '2', 'Short-island': '2', 'Squeal': '0', 'Typical-entropy': '2', 'Voicing-quality': '4', 'Wide-band': '0', 'Xlong-island': '0', 'seq': '2', 'end': 7345.19, 'start': 7343.39}]",0,0,[],[]
7345420,7346870,NA,NOF,0.0,248,CIC,NA,NA,NA,NA,0.0,0,-45.75,-36.84,[],0,0,[],[]
7346870,7347670,NA,SIL,0.0,248,CIC,NA,NA,NA,NA,0.0,0,-47.33,-42.78,[],0,0,[],[]
7347670,7348270,FEM,FAN,3.28,248,CIC,RC,1,TIFR,FI,0.0,0,-30.45,-22.26,[],0,0,[],[]
7348270,7349090,NA,SIL,0.0,248,CIC,NA,NA,NA,NA,0.0,0,-46.99,-41.12,[],0,0,[],[]
7349090,7350910,CHI,CHN,0.0,248,CIC,RC,1,TIFE,FI,1.0,1610,-23.71,-14.79,"[{'Canonical-syllable': '2', 'Growl': '1', 'High-freq-energy': '0', 'Long-island': '0', 'Low-tilt-spectrum': '1', 'Medium-island': '1', 'Short-island': '3', 'Squeal': '0', 'Typical-entropy': '1', 'Voicing-quality': '4', 'Wide-band': '0', 'Xlong-island': '0', 'seq': '1', 'end': 7350.7, 'start': 7349.09}]",0,0,[],[]
7350910,7353980,NA,SIL,0.0,248,CIC,NA,NA,NA,NA,0.0,0,-47.18,-40.61,[],0,0,[],[]
7353980,7355150,NA,NOF,0.0,248,CIC,NA,NA,NA,NA,0.0,0,-47.0,-33.94,[],0,0,[],[]
7355150,7357330,CHI,CHN,0.0,248,CIC,RC,1,NT,FH,3.0,1600,-21.73,-10.64,"[{'Canonical-syllable': '2', 'Growl': '0', 'High-freq-energy': '0', 'Long-island': '0', 'Low-tilt-spectrum': '1', 'Medium-island': '0', 'Short-island': '2', 'Squeal': '0', 'Typical-entropy': '2', 'Voicing-quality': '2', 'Wide-band': '0', 'Xlong-island': '0', 'seq': '1', 'end': 7355.71, 'start': 7355.15}, {'Canonical-syllable': '0', 'Growl': '0', 'High-freq-energy': '0', 'Long-island': '0', 'Low-tilt-spectrum': '1', 'Medium-island': '0', 'Short-island': '2', 'Squeal': '0', 'Typical-entropy': '2', 'Voicing-quality': '2', 'Wide-band': '0', 'Xlong-island': '0', 'seq': '2', 'end': 7356.7, 'start': 7356.09}, {'Canonical-syllable': '0', 'Growl': '0', 'High-freq-energy': '0', 'Long-island': '0', 'Low-tilt-spectrum': '0', 'Medium-island': '0', 'Short-island': '1', 'Squeal': '0', 'Typical-entropy': '0', 'Voicing-quality': '0', 'Wide-band': '0', 'Xlong-island': '0', 'seq': '3', 'end': 7357.13, 'start': 7357.0}]",0,0,[],[]
7357330,7358150,NA,SIL,0.0,248,CIC,NA,NA,NA,NA,0.0,0,-49.06,-44.22,[],0,0,[],[]
7358150,7358750,OCH,CXN,0.0,248,CIC,RC,1,NT,FI,0.0,0,-33.73,-26.66,[],0,0,[],[]
7358750,7359810,NA,SIL,0.0,248,CIC,NA,NA,NA,NA,0.0,0,-47.83,-39.97,[],0,0,[],[]
7359810,7360420,CHI,CHN,0.0,248,CIC,RC,1,NT,FI,1.0,470,-28.51,-20.33,"[{'Canonical-syllable': '0', 'Growl': '1', 'High-freq-energy': '0', 'Long-island': '0', 'Low-tilt-spectrum': '0', 'Medium-island': '0', 'Short-island': '1', 'Squeal': '0', 'Typical-entropy': '0', 'Voicing-quality': '1', 'Wide-band': '0', 'Xlong-island': '0', 'seq': '1', 'end': 7360.28, 'start': 7360.05}]",0,0,[],[]
7360420,7361570,NA,CXF,0.0,248,CIC,NA,NA,NA,NA,0.0,0,-41.22,-31.44,[],0,0,[],[]
7361570,7362370,NA,SIL,0.0,248,CIC,NA,NA,NA,NA,0.0,0,-44.83,-33.91,[],0,0,[],[]
7362370,7363470,CHI,CHN,0.0,248,CIC,NA,NA,NA,NA,0.0,0,-21.56,-12.29,[],0,1010,"[{'start': 7362.37, 'end': 7363.38}]",[]
7363470,7365350,CHI,CHN,0.0,248,CIC,RC,1,NT,FH,2.0,1550,-24.83,-14.72,"[{'Canonical-syllable': '0', 'Growl': '0', 'High-freq-energy': '0', 'Long-island': '0', 'Low-tilt-spectrum': '0', 'Medium-island': '1', 'Short-island': '0', 'Squeal': '0', 'Typical-entropy': '0', 'Voicing-quality': '1', 'Wide-band': '0', 'Xlong-island': '0', 'seq': '1', 'end': 7363.83, 'start': 7363.47}, {'Canonical-syllable': '0', 'Growl': '0', 'High-freq-energy': '0', 'Long-island': '0', 'Low-tilt-spectrum': '0', 'Medium-island': '2', 'Short-island': '0', 'Squeal': '1', 'Typical-entropy': '0', 'Voicing-quality': '3', 'Wide-band': '0', 'Xlong-island': '0', 'seq': '2', 'end': 7365.35, 'start': 7364.16}]",0,0,[],[]
7365350,7365950,CHI,CHN,0.0,248,CIC,NA,NA,NA,NA,0.0,0,-26.77,-21.25,[],0,310,"[{'start': 7365.51, 'end': 7365.82}]",[]
7365950,7366820,NA,SIL,0.0,248,CIC,NA,NA,NA,NA,0.0,0,-47.51,-43.12,[],0,0,[],[]
7366820,7368250,CHI,CHN,0.0,248,CIC,EC,1,NT,FH,2.0,1110,-27.23,-19.84,"[{'Canonical-syllable': '0', 'Growl': '1', 'High-freq-energy': '0', 'Long-island': '0', 'Low-tilt-spectrum': '0', 'Medium-island': '0', 'Short-island': '1', 'Squeal': '0', 'Typical-entropy': '1', 'Voicing-quality': '1', 'Wide-band': '0', 'Xlong-island': '0', 'seq': '1', 'end': 7367.03, 'start': 7366.82}, {'Canonical-syllable': '1', 'Growl': '1', 'High-freq-energy': '0', 'Long-island': '0', 'Low-tilt-spectrum': '0', 'Medium-island': '1', 'Short-island': '2', 'Squeal': '0', 'Typical-entropy': '0', 'Voicing-quality': '3', 'Wide-band': '0', 'Xlong-island': '0', 'seq': '2', 'end': 7368.25, 'start': 7367.35}]",0,0,[],[]
7368250,7373900,NA,SIL,0.0,249,pause,NA,NA,NA,NA,0.0,0,-44.5,-31.54,[],0,0,[],[]
7373900,7375540,OCH,CXN,0.0,249,XIC,BC,0,NT,FI,0.0,0,-35.49,-28.78,[],0,0,[],[]
7375540,7378860,NA,SIL,0.0,249,XIC,NA,NA,NA,NA,0.0,0,-46.26,-35.17,[],0,0,[],[]
7378860,7380530,CHI,CHN,0.0,249,XIC,RC,0,TIFI,FI,2.0,1080,-22.62,-11.04,"[{'Canonical-syllable': '1', 'Growl': '0', 'High-freq-energy': '0', 'Long-island': '0', 'Low-tilt-spectrum': '0', 'Medium-island': '1', 'Short-island': '1', 'Squeal': '0', 'Typical-entropy': '0', 'Voicing-quality': '2', 'Wide-band': '0', 'Xlong-island': '0', 'seq': '1', 'end': 7379.57, 'start': 7378.86}, {'Canonical-syllable': '1', 'Growl': '0', 'High-freq-energy': '0', 'Long-island': '0', 'Low-tilt-spectrum': '0', 'Medium-island': '1', 'Short-island': '0', 'Squeal': '0', 'Typical-entropy': '1', 'Voicing-quality': '1', 'Wide-band': '0', 'Xlong-island': '0', 'seq': '2', 'end': 7380.34, 'start': 7379.97}]",0,0,[],[]
7380530,7381330,NA,NOF,0.0,249,XIC,NA,NA,NA,NA,0.0,0,-45.83,-37.97,[],0,0,[],[]
7381330,7382330,FEM,FAN,3.74,249,XIC,EC,1,TIFR,FI,0.0,0,-43.7,-39.1,[],0,0,[],[]
7382330,7383930,NA,SIL,0.0,250,pause,NA,NA,NA,NA,0.0,0,-46.55,-40.36,[],0,0,[],[]
7383930,7384760,NA,MAF,0.0,250,pause,NA,NA,NA,NA,0.0,0,-43.18,-29.03,[],0,0,[],[]
7384760,7386990,NA,SIL,0.0,250,pause,NA,NA,NA,NA,0.0,0,-48.83,-43.22,[],0,0,[],[]
7386990,7388420,NA,NON,0.0,250,pause,NA,NA,NA,NA,0.0,0,-17.62,-2.36,[],0,0,[],[]
7388420,7389290,NA,SIL,0.0,250,pause,NA,NA,NA,NA,0.0,0,-45.01,-41.65,[],0,0,[],[]
7389290,7394680,NA,OLF,0.0,250,pause,NA,NA,NA,NA,0.0,0,-38.91,-22.76,[],0,0,[],[]
7394680,7397250,CHI,CHN,0.0,250,CM,BC,0,NT,FI,1.0,2280,-20.52,-12.13,"[{'Canonical-syllable': '0', 'Growl': '0', 'High-freq-energy': '0', 'Long-island': '0', 'Low-tilt-spectrum': '1', 'Medium-island': '3', 'Short-island': '2', 'Squeal': '0', 'Typical-entropy': '4', 'Voicing-quality': '5', 'Wide-band': '1', 'Xlong-island': '0', 'seq': '1', 'end': 7396.96, 'start': 7394.68}]",0,0,[],[]
7397250,7398550,NA,NOF,0.0,250,CM,NA,NA,NA,NA,0.0,0,-46.18,-37.67,[],0,0,[],[]
7398550,7404470,CHI,CHN,0.0,250,CM,EC,0,NT,FH,5.0,4030,-23.46,-13.6,"[{'Canonical-syllable': '0', 'Growl': '1', 'High-freq-energy': '0', 'Long-island': '0', 'Low-tilt-spectrum': '1', 'Medium-island': '0', 'Short-island': '1', 'Squeal': '0', 'Typical-entropy': '1', 'Voicing-quality': '1', 'Wide-band': '0', 'Xlong-island': '0', 'seq': '1', 'end': 7398.81, 'start': 7398.55}, {'Canonical-syllable': '1', 'Growl': '0', 'High-freq-energy': '0', 'Long-island': '1', 'Low-tilt-spectrum': '1', 'Medium-island': '0', 'Short-island': '3', 'Squeal': '0', 'Typical-entropy': '2', 'Voicing-quality': '4', 'Wide-band': '1', 'Xlong-island': '0', 'seq': '2', 'end': 7400.9, 'start': 7399.15}, {'Canonical-syllable': '0', 'Growl': '1', 'High-freq-energy': '0', 'Long-island': '0', 'Low-tilt-spectrum': '0', 'Medium-island': '1', 'Short-island': '1', 'Squeal': '0', 'Typical-entropy': '0', 'Voicing-quality': '2', 'Wide-band': '0', 'Xlong-island': '0', 'seq': '3', 'end': 7402.29, 'start': 7401.59}, {'Canonical-syllable': '1', 'Growl': '1', 'High-freq-energy': '0', 'Long-island': '0', 'Low-tilt-spectrum': '1', 'Medium-island': '0', 'Short-island': '1', 'Squeal': '0', 'Typical-entropy': '1', 'Voicing-quality': '2', 'Wide-band': '0', 'Xlong-island': '0', 'seq': '4', 'end': 7402.98, 'start': 7402.61}, {'Canonical-syllable': '0', 'Growl': '0', 'High-freq-energy': '0', 'Long-island': '0', 'Low-tilt-spectrum': '0', 'Medium-island': '0', 'Short-island': '0', 'Squeal': '0', 'Typical-entropy': '0', 'Voicing-quality': '1', 'Wide-band': '0', 'Xlong-island': '1', 'seq': '5', 'end': 7404.47, 'start': 7403.52}]",0,0,[],[]
7404470,7410750,NA,NOF,0.0,251,pause,NA,NA,NA,NA,0.0,0,-42.6,-29.79,[],0,0,[],[]
7410750,7412180,CHI,CHN,0.0,251,CM,EC,0,NT,FI,1.0,1190,-21.58,-12.42,"[{'Canonical-syllable': '0', 'Growl': '1', 'High-freq-energy': '0', 'Long-island': '1', 'Low-tilt-spectrum': '2', 'Medium-island': '0', 'Short-island': '2', 'Squeal': '0', 'Typical-entropy': '3', 'Voicing-quality': '3', 'Wide-band': '1', 'Xlong-island': '0', 'seq': '1', 'end': 7411.94, 'start': 7410.75}]",0,0,[],[]
7412180,7417780,NA,SIL,0.0,252,pause,NA,NA,NA,NA,0.0,0,-48.01,-36.78,[],0,0,[],[]
7417780,7418580,NA,NOF,0.0,252,pause,NA,NA,NA,NA,0.0,0,-45.65,-39.94,[],0,0,[],[]
7418580,7421040,CHI,CHN,0.0,252,pause,NA,NA,NA,NA,0.0,0,-17.35,-9.46,[],0,2460,"[{'start': 7418.58, 'end': 7421.04}]",[]
7421040,7422590,NA,NOF,0.0,252,pause,NA,NA,NA,NA,0.0,0,-29.28,-12.17,[],0,0,[],[]
7422590,7423390,NA,SIL,0.0,252,pause,NA,NA,NA,NA,0.0,0,-43.69,-29.23,[],0,0,[],[]
7423390,7424510,NA,NOF,0.0,252,pause,NA,NA,NA,NA,0.0,0,-36.82,-23.53,[],0,0,[],[]
7424510,7425110,CHI,CHN,0.0,252,CIOCX,BC,0,NT,FI,1.0,600,-22.89,-17.85,"[{'Canonical-syllable': '0', 'Growl': '0', 'High-freq-energy': '0', 'Long-island': '0', 'Low-tilt-spectrum': '1', 'Medium-island': '0', 'Short-island': '2', 'Squeal': '0', 'Typical-entropy': '2', 'Voicing-quality': '2', 'Wide-band': '0', 'Xlong-island': '0', 'seq': '1', 'end': 7425.11, 'start': 7424.51}]",0,0,[],[]
7425110,7425940,NA,CHF,0.0,252,CIOCX,RC,0,NT,FH,1.0,280,-40.35,-23.88,"[{'Canonical-syllable': '0', 'Growl': '1', 'High-freq-energy': '0', 'Long-island': '0', 'Low-tilt-spectrum': '1', 'Medium-island': '1', 'Short-island': '0', 'Squeal': '0', 'Typical-entropy': '0', 'Voicing-quality': '0', 'Wide-band': '1', 'Xlong-island': '0', 'seq': '1', 'end': 7425.39, 'start': 7425.11}]",0,0,[],[]
7425940,7427580,CHI,CHN,0.0,252,CIOCX,RC,0,NT,FH,1.0,1360,-19.42,-11.14,"[{'Canonical-syllable': '1', 'Growl': '0', 'High-freq-energy': '0', 'Long-island': '1', 'Low-tilt-spectrum': '2', 'Medium-island': '0', 'Short-island': '1', 'Squeal': '0', 'Typical-entropy': '3', 'Voicing-quality': '3', 'Wide-band': '0', 'Xlong-island': '0', 'seq': '1', 'end': 7427.3, 'start': 7425.94}]",0,0,[],[]
7427580,7430190,NA,NOF,0.0,252,CIOCX,NA,NA,NA,NA,0.0,0,-24.05,-4.19,[],0,0,[],[]
7430190,7432190,CHI,CHN,0.0,252,CIOCX,RC,0,NT,FH,1.0,1610,-24.17,-13.77,"[{'Canonical-syllable': '0', 'Growl': '0', 'High-freq-energy': '0', 'Long-island': '2', 'Low-tilt-spectrum': '0', 'Medium-island': '0', 'Short-island': '0', 'Squeal': '0', 'Typical-entropy': '2', 'Voicing-quality': '2', 'Wide-band': '0', 'Xlong-island': '0', 'seq': '1', 'end': 7431.8, 'start': 7430.19}]",0,0,[],[]
7432190,7433260,OCH,CXN,0.0,252,CIOCX,RC,0,NT,FI,0.0,0,-35.51,-28.19,[],0,0,[],[]
7433260,7434770,CHI,CHN,0.0,252,CIOCX,EC,0,NT,FI,2.0,900,-27.75,-17.06,"[{'Canonical-syllable': '0', 'Growl': '0', 'High-freq-energy': '0', 'Long-island': '0', 'Low-tilt-spectrum': '0', 'Medium-island': '1', 'Short-island': '0', 'Squeal': '0', 'Typical-entropy': '0', 'Voicing-quality': '1', 'Wide-band': '0', 'Xlong-island': '0', 'seq': '1', 'end': 7433.61, 'start': 7433.26}, {'Canonical-syllable': '0', 'Growl': '0', 'High-freq-energy': '0', 'Long-island': '0', 'Low-tilt-spectrum': '0', 'Medium-island': '1', 'Short-island': '0', 'Squeal': '0', 'Typical-entropy': '0', 'Voicing-quality': '1', 'Wide-band': '0', 'Xlong-island': '0', 'seq': '2', 'end': 7434.77, 'start': 7434.22}]",0,0,[],[]
7434770,7435660,NA,NOF,0.0,253,pause,NA,NA,NA,NA,0.0,0,-45.4,-39.88,[],0,0,[],[]
7435660,7439700,NA,SIL,0.0,253,pause,NA,NA,NA,NA,0.0,0,-47.05,-40.88,[],0,0,[],[]
7439700,7442410,CHI,CHN,0.0,253,pause,NA,NA,NA,NA,0.0,0,-17.05,-7.12,[],0,2350,"[{'start': 7439.8, 'end': 7442.15}]",[]
7442410,7443290,NA,NON,0.0,253,pause,NA,NA,NA,NA,0.0,0,-38.25,-28.17,[],0,0,[],[]
7443290,7444490,CHI,CHN,0.0,253,CIOCX,BC,0,NT,FI,2.0,650,-33.71,-25.43,"[{'Canonical-syllable': '0', 'Growl': '1', 'High-freq-energy': '0', 'Long-island': '0', 'Low-tilt-spectrum': '1', 'Medium-island': '1', 'Short-island': '0', 'Squeal': '0', 'Typical-entropy': '0', 'Voicing-quality': '1', 'Wide-band': '0', 'Xlong-island': '0', 'seq': '1', 'end': 7443.8, 'start': 7443.29}, {'Canonical-syllable': '0', 'Growl': '1', 'High-freq-energy': '0', 'Long-island': '0', 'Low-tilt-spectrum': '0', 'Medium-island': '0', 'Short-island': '0', 'Squeal': '0', 'Typical-entropy': '0', 'Voicing-quality': '1', 'Wide-band': '0', 'Xlong-island': '0', 'seq': '2', 'end': 7444.49, 'start': 7444.35}]",0,0,[],[]
7444490,7445370,OCH,CXN,0.0,253,CIOCX,RC,0,NT,FI,0.0,0,-39.83,-28.9,[],0,0,[],[]
7445370,7446920,CHI,CHN,0.0,253,CIOCX,RC,0,NT,FI,1.0,1440,-19.64,-10.72,"[{'Canonical-syllable': '1', 'Growl': '1', 'High-freq-energy': '0', 'Long-island': '1', 'Low-tilt-spectrum': '3', 'Medium-island': '1', 'Short-island': '1', 'Squeal': '0', 'Typical-entropy': '3', 'Voicing-quality': '3', 'Wide-band': '0', 'Xlong-island': '0', 'seq': '1', 'end': 7446.81, 'start': 7445.37}]",0,0,[],[]
7446920,7447730,NA,SIL,0.0,253,CIOCX,NA,NA,NA,NA,0.0,0,-46.56,-40.19,[],0,0,[],[]
7447730,7448530,NA,NOF,0.0,253,CIOCX,NA,NA,NA,NA,0.0,0,-44.67,-39.53,[],0,0,[],[]
7448530,7452930,CHI,CHN,0.0,253,CIOCX,RC,0,NT,FH,3.0,3160,-18.22,-6.22,"[{'Canonical-syllable': '2', 'Growl': '0', 'High-freq-energy': '0', 'Long-island': '0', 'Low-tilt-spectrum': '1', 'Medium-island': '1', 'Short-island': '2', 'Squeal': '0', 'Typical-entropy': '2', 'Voicing-quality': '3', 'Wide-band': '0', 'Xlong-island': '0', 'seq': '1', 'end': 7449.76, 'start': 7448.53}, {'Canonical-syllable': '2', 'Growl': '0', 'High-freq-energy': '0', 'Long-island': '0', 'Low-tilt-spectrum': '1', 'Medium-island': '2', 'Short-island': '1', 'Squeal': '0', 'Typical-entropy': '2', 'Voicing-quality': '3', 'Wide-band': '0', 'Xlong-island': '0', 'seq': '2', 'end': 7451.05, 'start': 7450.09}, {'Canonical-syllable': '0', 'Growl': '0', 'High-freq-energy': '0', 'Long-island': '0', 'Low-tilt-spectrum': '2', 'Medium-island': '1', 'Short-island': '1', 'Squeal': '0', 'Typical-entropy': '3', 'Voicing-quality': '3', 'Wide-band': '0', 'Xlong-island': '0', 'seq': '3', 'end': 7452.54, 'start': 7451.57}]",0,0,[],[]
7452930,7454890,NA,NOF,0.0,253,CIOCX,NA,NA,NA,NA,0.0,0,-46.31,-39.99,[],0,0,[],[]
7454890,7456070,CHI,CHN,0.0,253,CIOCX,EC,0,NT,FH,1.0,1180,-19.01,-11.54,"[{'Canonical-syllable': '1', 'Growl': '0', 'High-freq-energy': '0', 'Long-island': '0', 'Low-tilt-spectrum': '1', 'Medium-island': '1', 'Short-island': '2', 'Squeal': '0', 'Typical-entropy': '2', 'Voicing-quality': '3', 'Wide-band': '0', 'Xlong-island': '0', 'seq': '1', 'end': 7456.07, 'start': 7454.89}]",0,0,[],[]
7456070,7459780,NA,NOF,0.0,254,pause,NA,NA,NA,NA,0.0,0,-45.51,-34.63,[],0,0,[],[]
7459780,7460580,NA,OLF,0.0,254,pause,NA,NA,NA,NA,0.0,0,-41.12,-34.95,[],0,0,[],[]
7460580,7475150,NA,NOF,0.0,254,pause,NA,NA,NA,NA,0.0,0,-40.47,-21.79,[],0,0,[],[]
7475150,7476230,NA,SIL,0.0,254,pause,NA,NA,NA,NA,0.0,0,-46.77,-42.0,[],0,0,[],[]
7476230,7484960,NA,NOF,0.0,254,pause,NA,NA,NA,NA,0.0,0,-44.41,-33.22,[],0,0,[],[]
7484960,7485760,NA,SIL,0.0,254,pause,NA,NA,NA,NA,0.0,0,-43.14,-35.58,[],0,0,[],[]
7485760,7487440,NA,NOF,0.0,254,pause,NA,NA,NA,NA,0.0,0,-42.84,-35.78,[],0,0,[],[]
7487440,7488600,NA,SIL,0.0,254,pause,NA,NA,NA,NA,0.0,0,-47.25,-40.61,[],0,0,[],[]
7488600,7490770,NA,NOF,0.0,254,pause,NA,NA,NA,NA,0.0,0,-41.43,-27.99,[],0,0,[],[]
7490770,7492400,NA,SIL,0.0,254,pause,NA,NA,NA,NA,0.0,0,-47.33,-36.8,[],0,0,[],[]
7492400,7494530,NA,NOF,0.0,254,pause,NA,NA,NA,NA,0.0,0,-46.27,-36.85,[],0,0,[],[]
7494530,7498580,CHI,CHN,0.0,254,CM,EC,0,NT,FI,4.0,2320,-20.26,-8.22,"[{'Canonical-syllable': '1', 'Growl': '0', 'High-freq-energy': '0', 'Long-island': '0', 'Low-tilt-spectrum': '1', 'Medium-island': '1', 'Short-island': '0', 'Squeal': '0', 'Typical-entropy': '1', 'Voicing-quality': '1', 'Wide-band': '0', 'Xlong-island': '0', 'seq': '1', 'end': 7494.87, 'start': 7494.53}, {'Canonical-syllable': '1', 'Growl': '0', 'High-freq-energy': '0', 'Long-island': '0', 'Low-tilt-spectrum': '1', 'Medium-island': '0', 'Short-island': '1', 'Squeal': '0', 'Typical-entropy': '1', 'Voicing-quality': '2', 'Wide-band': '0', 'Xlong-island': '0', 'seq': '2', 'end': 7495.89, 'start': 7495.54}, {'Canonical-syllable': '0', 'Growl': '0', 'High-freq-energy': '0', 'Long-island': '0', 'Low-tilt-spectrum': '2', 'Medium-island': '1', 'Short-island': '1', 'Squeal': '0', 'Typical-entropy': '2', 'Voicing-quality': '2', 'Wide-band': '0', 'Xlong-island': '0', 'seq': '3', 'end': 7497.01, 'start': 7496.2}, {'Canonical-syllable': '2', 'Growl': '0', 'High-freq-energy': '1', 'Long-island': '0', 'Low-tilt-spectrum': '1', 'Medium-island': '1', 'Short-island': '1', 'Squeal': '0', 'Typical-entropy': '2', 'Voicing-quality': '2', 'Wide-band': '0', 'Xlong-island': '0', 'seq': '4', 'end': 7498.33, 'start': 7497.51}]",0,0,[],[]
7498580,7513790,NA,NOF,0.0,255,pause,NA,NA,NA,NA,0.0,0,-43.8,-24.36,[],0,0,[],[]
7513790,7514390,CHI,CHN,0.0,255,CM,BC,0,NT,FI,1.0,510,-26.5,-20.58,"[{'Canonical-syllable': '0', 'Growl': '1', 'High-freq-energy': '0', 'Long-island': '0', 'Low-tilt-spectrum': '0', 'Medium-island': '1', 'Short-island': '0', 'Squeal': '0', 'Typical-entropy': '0', 'Voicing-quality': '1', 'Wide-band': '0', 'Xlong-island': '0', 'seq': '1', 'end': 7514.3, 'start': 7514.04}]",0,0,[],[]
7514390,7515450,NA,NOF,0.0,255,CM,NA,NA,NA,NA,0.0,0,-31.9,-19.48,[],0,0,[],[]
7515450,7520570,CHI,CHN,0.0,255,CM,RC,0,NT,FH,4.0,3630,-19.4,-7.33,"[{'Canonical-syllable': '1', 'Growl': '0', 'High-freq-energy': '0', 'Long-island': '0', 'Low-tilt-spectrum': '2', 'Medium-island': '1', 'Short-island': '1', 'Squeal': '0', 'Typical-entropy': '2', 'Voicing-quality': '2', 'Wide-band': '0', 'Xlong-island': '0', 'seq': '1', 'end': 7516.04, 'start': 7515.45}, {'Canonical-syllable': '1', 'Growl': '0', 'High-freq-energy': '0', 'Long-island': '0', 'Low-tilt-spectrum': '2', 'Medium-island': '0', 'Short-island': '3', 'Squeal': '0', 'Typical-entropy': '2', 'Voicing-quality': '3', 'Wide-band': '0', 'Xlong-island': '0', 'seq': '2', 'end': 7517.46, 'start': 7516.47}, {'Canonical-syllable': '0', 'Growl': '1', 'High-freq-energy': '0', 'Long-island': '0', 'Low-tilt-spectrum': '1', 'Medium-island': '0', 'Short-island': '2', 'Squeal': '0', 'Typical-entropy': '2', 'Voicing-quality': '2', 'Wide-band': '0', 'Xlong-island': '0', 'seq': '3', 'end': 7518.7, 'start': 7518.16}, {'Canonical-syllable': '0', 'Growl': '0', 'High-freq-energy': '0', 'Long-island': '0', 'Low-tilt-spectrum': '1', 'Medium-island': '2', 'Short-island': '2', 'Squeal': '0', 'Typical-entropy': '2', 'Voicing-quality': '3', 'Wide-band': '0', 'Xlong-island': '0', 'seq': '4', 'end': 7520.57, 'start': 7519.06}]",0,0,[],[]
7520570,7522670,NA,NOF,0.0,255,CM,NA,NA,NA,NA,0.0,0,-40.96,-27.69,[],0,0,[],[]
7522670,7524400,CHI,CHN,0.0,255,CM,RC,0,NT,FH,1.0,1730,-20.64,-11.51,"[{'Canonical-syllable': '1', 'Growl': '1', 'High-freq-energy': '0', 'Long-island': '1', 'Low-tilt-spectrum': '0', 'Medium-island': '0', 'Short-island': '3', 'Squeal': '0', 'Typical-entropy': '2', 'Voicing-quality': '4', 'Wide-band': '0', 'Xlong-island': '0', 'seq': '1', 'end': 7524.4, 'start': 7522.67}]",0,0,[],[]
7524400,7526600,NA,NOF,0.0,255,CM,NA,NA,NA,NA,0.0,0,-36.16,-24.53,[],0,0,[],[]
7526600,7528920,CHI,CHN,0.0,255,CM,EC,0,NT,FH,2.0,1960,-28.9,-17.53,"[{'Canonical-syllable': '0', 'Growl': '2', 'High-freq-energy': '0', 'Long-island': '0', 'Low-tilt-spectrum': '1', 'Medium-island': '2', 'Short-island': '1', 'Squeal': '0', 'Typical-entropy': '3', 'Voicing-quality': '3', 'Wide-band': '1', 'Xlong-island': '0', 'seq': '1', 'end': 7527.76, 'start': 7526.6}, {'Canonical-syllable': '2', 'Growl': '0', 'High-freq-energy': '0', 'Long-island': '0', 'Low-tilt-spectrum': '1', 'Medium-island': '0', 'Short-island': '3', 'Squeal': '0', 'Typical-entropy': '2', 'Voicing-quality': '3', 'Wide-band': '0', 'Xlong-island': '0', 'seq': '2', 'end': 7528.92, 'start': 7528.12}]",0,0,[],[]
7528920,7529860,NA,NOF,0.0,256,pause,NA,NA,NA,NA,0.0,0,-47.06,-36.98,[],0,0,[],[]
7529860,7530480,CHI,CHN,0.0,256,pause,NA,NA,NA,NA,0.0,0,-30.47,-25.75,[],0,620,[],"[{'start': 7529.86, 'end': 7530.48}]"
7530480,7533170,NA,NOF,0.0,256,pause,NA,NA,NA,NA,0.0,0,-45.18,-38.35,[],0,0,[],[]
7533170,7534840,NA,SIL,0.0,256,pause,NA,NA,NA,NA,0.0,0,-49.04,-43.6,[],0,0,[],[]
7534840,7538930,NA,NOF,0.0,256,pause,NA,NA,NA,NA,0.0,0,-47.45,-41.5,[],0,0,[],[]
7538930,7539530,OCH,CXN,0.0,256,XIOCC,BC,0,NT,FI,0.0,0,-35.57,-29.24,[],0,0,[],[]
7539530,7540510,NA,NOF,0.0,256,XIOCC,NA,NA,NA,NA,0.0,0,-45.3,-34.96,[],0,0,[],[]
7540510,7541310,CHI,CHN,0.0,256,XIOCC,RC,0,NT,FI,1.0,670,-24.06,-15.78,"[{'Canonical-syllable': '1', 'Growl': '0', 'High-freq-energy': '0', 'Long-island': '0', 'Low-tilt-spectrum': '0', 'Medium-island': '1', 'Short-island': '1', 'Squeal': '0', 'Typical-entropy': '1', 'Voicing-quality': '2', 'Wide-band': '0', 'Xlong-island': '0', 'seq': '1', 'end': 7541.18, 'start': 7540.51}]",0,0,[],[]
7541310,7542800,CHI,CHN,0.0,256,XIOCC,RC,0,NT,FH,1.0,1410,-19.89,-11.15,"[{'Canonical-syllable': '1', 'Growl': '1', 'High-freq-energy': '0', 'Long-island': '0', 'Low-tilt-spectrum': '1', 'Medium-island': '2', 'Short-island': '1', 'Squeal': '0', 'Typical-entropy': '1', 'Voicing-quality': '3', 'Wide-band': '0', 'Xlong-island': '0', 'seq': '1', 'end': 7542.72, 'start': 7541.42}]",0,0,[],[]
7542800,7543780,NA,NOF,0.0,256,XIOCC,NA,NA,NA,NA,0.0,0,-47.41,-39.82,[],0,0,[],[]
7543780,7544400,CHI,CHN,0.0,256,XIOCC,EC,0,NT,FH,1.0,620,-33.24,-25.14,"[{'Canonical-syllable': '0', 'Growl': '0', 'High-freq-energy': '0', 'Long-island': '0', 'Low-tilt-spectrum': '1', 'Medium-island': '1', 'Short-island': '0', 'Squeal': '0', 'Typical-entropy': '1', 'Voicing-quality': '1', 'Wide-band': '1', 'Xlong-island': '0', 'seq': '1', 'end': 7544.4, 'start': 7544.08}]",0,0,[],[]
7544400,7559400,NA,NOF,0.0,257,pause,NA,NA,NA,NA,0.0,0,-46.5,-34.49,[],0,0,[],[]
7559400,7560200,NA,SIL,0.0,257,pause,NA,NA,NA,NA,0.0,0,-48.82,-43.72,[],0,0,[],[]
7560200,7566120,NA,NOF,0.0,257,pause,NA,NA,NA,NA,0.0,0,-45.66,-28.22,[],0,0,[],[]
7566120,7567150,CHI,CHN,0.0,257,CM,BC,0,NT,FI,1.0,1030,-20.49,-12.06,"[{'Canonical-syllable': '0', 'Growl': '1', 'High-freq-energy': '0', 'Long-island': '0', 'Low-tilt-spectrum': '1', 'Medium-island': '1', 'Short-island': '1', 'Squeal': '0', 'Typical-entropy': '3', 'Voicing-quality': '3', 'Wide-band': '0', 'Xlong-island': '0', 'seq': '1', 'end': 7567.15, 'start': 7566.26}]",0,0,[],[]
7567150,7568150,CHI,CHN,0.0,257,CM,EC,0,NT,FH,1.0,1000,-21.07,-13.93,"[{'Canonical-syllable': '0', 'Growl': '0', 'High-freq-energy': '0', 'Long-island': '0', 'Low-tilt-spectrum': '2', 'Medium-island': '1', 'Short-island': '1', 'Squeal': '0', 'Typical-entropy': '3', 'Voicing-quality': '3', 'Wide-band': '0', 'Xlong-island': '0', 'seq': '1', 'end': 7568.15, 'start': 7567.15}]",0,0,[],[]
7568150,7569070,NA,NOF,0.0,258,pause,NA,NA,NA,NA,0.0,0,-43.96,-36.74,[],0,0,[],[]
7569070,7570000,NA,OLF,0.0,258,pause,NA,NA,NA,NA,0.0,0,-35.98,-26.51,[],0,0,[],[]
7570000,7573450,NA,NOF,0.0,258,pause,NA,NA,NA,NA,0.0,0,-44.46,-33.5,[],0,0,[],[]
7573450,7574450,FEM,FAN,5.33,258,AIOCCXF,BC,0,NT,FI,0.0,0,-29.91,-23.49,[],0,0,[],[]
7574450,7575280,OCH,CXN,0.0,258,AIOCCXF,RC,0,NT,FI,0.0,0,-36.23,-27.02,[],0,0,[],[]
7575280,7577600,CHI,CHN,0.0,258,AIOCCXF,EC,0,NT,FI,1.0,1660,-21.27,-14.55,"[{'Canonical-syllable': '1', 'Growl': '1', 'High-freq-energy': '0', 'Long-island': '1', 'Low-tilt-spectrum': '1', 'Medium-island': '1', 'Short-island': '1', 'Squeal': '0', 'Typical-entropy': '2', 'Voicing-quality': '4', 'Wide-band': '1', 'Xlong-island': '0', 'seq': '1', 'end': 7577.53, 'start': 7575.87}]",0,0,[],[]
7577600,7583340,NA,NOF,0.0,259,pause,NA,NA,NA,NA,0.0,0,-42.6,-26.38,[],0,0,[],[]
7583340,7584170,NA,SIL,0.0,259,pause,NA,NA,NA,NA,0.0,0,-46.23,-41.53,[],0,0,[],[]
7584170,7588960,NA,NOF,0.0,259,pause,NA,NA,NA,NA,0.0,0,-42.75,-33.96,[],0,0,[],[]
7588960,7590940,CHI,CHN,0.0,259,CIC,BC,0,NT,FI,2.0,1220,-20.01,-12.29,"[{'Canonical-syllable': '0', 'Growl': '0', 'High-freq-energy': '0', 'Long-island': '0', 'Low-tilt-spectrum': '0', 'Medium-island': '1', 'Short-island': '0', 'Squeal': '0', 'Typical-entropy': '0', 'Voicing-quality': '1', 'Wide-band': '0', 'Xlong-island': '0', 'seq': '1', 'end': 7589.44, 'start': 7589.05}, {'Canonical-syllable': '0', 'Growl': '0', 'High-freq-energy': '0', 'Long-island': '1', 'Low-tilt-spectrum': '0', 'Medium-island': '0', 'Short-island': '0', 'Squeal': '0', 'Typical-entropy': '0', 'Voicing-quality': '1', 'Wide-band': '0', 'Xlong-island': '0', 'seq': '2', 'end': 7590.55, 'start': 7589.81}]",0,0,[],[]
7590940,7592590,NA,NOF,0.0,259,CIC,NA,NA,NA,NA,0.0,0,-43.05,-32.04,[],0,0,[],[]
7592590,7594180,CHI,CHN,0.0,259,CIC,RC,0,NT,FH,1.0,1290,-20.84,-9.15,"[{'Canonical-syllable': '0', 'Growl': '0', 'High-freq-energy': '0', 'Long-island': '1', 'Low-tilt-spectrum': '1', 'Medium-island': '1', 'Short-island': '0', 'Squeal': '0', 'Typical-entropy': '2', 'Voicing-quality': '2', 'Wide-band': '0', 'Xlong-island': '0', 'seq': '1', 'end': 7593.88, 'start': 7592.67}]",0,0,[],[]
7594180,7596050,NA,NOF,0.0,259,CIC,NA,NA,NA,NA,0.0,0,-45.86,-37.82,[],0,0,[],[]
7596050,7597410,CHI,CHN,0.0,259,CIC,RC,0,TIFI,FH,1.0,1360,-20.02,-13.59,"[{'Canonical-syllable': '0', 'Growl': '0', 'High-freq-energy': '0', 'Long-island': '0', 'Low-tilt-spectrum': '0', 'Medium-island': '0', 'Short-island': '0', 'Squeal': '0', 'Typical-entropy': '1', 'Voicing-quality': '2', 'Wide-band': '0', 'Xlong-island': '1', 'seq': '1', 'end': 7597.41, 'start': 7596.05}]",0,0,[],[]
7597410,7599570,NA,NOF,0.0,259,CIC,NA,NA,NA,NA,0.0,0,-44.87,-37.57,[],0,0,[],[]
7599570,7600890,FEM,FAN,13.92,259,CIC,EC,1,TIFR,FI,0.0,0,-38.63,-30.95,[],0,0,[],[]
7600890,7609680,NA,NOF,0.0,260,pause,NA,NA,NA,NA,0.0,0,-34.64,-13.66,[],0,0,[],[]
7609680,7610480,NA,SIL,0.0,260,pause,NA,NA,NA,NA,0.0,0,-37.53,-27.28,[],0,0,[],[]
7610480,7612250,NA,NOF,0.0,260,pause,NA,NA,NA,NA,0.0,0,-43.38,-31.15,[],0,0,[],[]
7612250,7613050,NA,OLF,0.0,260,pause,NA,NA,NA,NA,0.0,0,-29.38,-13.92,[],0,0,[],[]
7613050,7615400,NA,NOF,0.0,260,pause,NA,NA,NA,NA,0.0,0,-46.25,-38.86,[],0,0,[],[]
7615400,7616200,NA,SIL,0.0,260,pause,NA,NA,NA,NA,0.0,0,-48.8,-41.89,[],0,0,[],[]
7616200,7629580,NA,NOF,0.0,260,pause,NA,NA,NA,NA,0.0,0,-41.32,-21.84,[],0,0,[],[]
7629580,7633140,NA,SIL,0.0,260,pause,NA,NA,NA,NA,0.0,0,-37.74,-22.83,[],0,0,[],[]
7633140,7639560,NA,NOF,0.0,260,pause,NA,NA,NA,NA,0.0,0,-35.73,-20.62,[],0,0,[],[]
7639560,7640160,CHI,CHN,0.0,260,CM,EC,0,NT,FI,1.0,370,-31.53,-22.14,"[{'Canonical-syllable': '0', 'Growl': '1', 'High-freq-energy': '0', 'Long-island': '0', 'Low-tilt-spectrum': '0', 'Medium-island': '0', 'Short-island': '1', 'Squeal': '0', 'Typical-entropy': '0', 'Voicing-quality': '1', 'Wide-band': '0', 'Xlong-island': '0', 'seq': '1', 'end': 7639.93, 'start': 7639.78}]",0,0,[],[]
7640160,7650400,NA,NOF,0.0,261,pause,NA,NA,NA,NA,0.0,0,-33.57,-11.53,[],0,0,[],[]
7650400,7651200,NA,SIL,0.0,261,pause,NA,NA,NA,NA,0.0,0,-48.15,-43.66,[],0,0,[],[]
7651200,7652000,FEM,FAN,0.0,261,pause,NA,NA,NA,NA,0.0,0,-42.46,-35.08,[],800,0,[],[]
7652000,7653340,NA,SIL,0.0,261,pause,NA,NA,NA,NA,0.0,0,-46.44,-40.63,[],0,0,[],[]
7653340,7656700,NA,NOF,0.0,261,pause,NA,NA,NA,NA,0.0,0,-32.52,-12.31,[],0,0,[],[]
7656700,7660260,NA,SIL,0.0,261,pause,NA,NA,NA,NA,0.0,0,-47.56,-41.17,[],0,0,[],[]
7660260,7672320,NA,NOF,0.0,261,pause,NA,NA,NA,NA,0.0,0,-44.78,-32.47,[],0,0,[],[]
7672320,7673430,CHI,CHN,0.0,261,pause,NA,NA,NA,NA,0.0,0,-16.23,-7.07,[],0,1110,"[{'start': 7672.32, 'end': 7673.43}]",[]
7673430,7674610,NA,OLN,0.0,261,pause,NA,NA,NA,NA,0.0,0,-24.27,-9.74,[],0,0,[],[]
7674610,7676640,CHI,CHN,0.0,261,CIOCX,BC,0,NT,FI,2.0,1620,-18.45,-9.86,"[{'Canonical-syllable': '0', 'Growl': '0', 'High-freq-energy': '0', 'Long-island': '1', 'Low-tilt-spectrum': '1', 'Medium-island': '0', 'Short-island': '0', 'Squeal': '0', 'Typical-entropy': '1', 'Voicing-quality': '1', 'Wide-band': '0', 'Xlong-island': '0', 'seq': '1', 'end': 7675.44, 'start': 7674.61}, {'Canonical-syllable': '0', 'Growl': '0', 'High-freq-energy': '0', 'Long-island': '1', 'Low-tilt-spectrum': '1', 'Medium-island': '0', 'Short-island': '0', 'Squeal': '0', 'Typical-entropy': '1', 'Voicing-quality': '1', 'Wide-band': '0', 'Xlong-island': '0', 'seq': '2', 'end': 7676.64, 'start': 7675.85}]",0,0,[],[]
7676640,7677750,NA,FAF,0.0,261,CIOCX,NA,NA,NA,NA,0.0,0,-44.37,-35.73,[],0,0,[],[]
7677750,7678560,NA,SIL,0.0,261,CIOCX,NA,NA,NA,NA,0.0,0,-48.15,-42.93,[],0,0,[],[]
7678560,7680440,NA,NOF,0.0,261,CIOCX,NA,NA,NA,NA,0.0,0,-41.99,-26.32,[],0,0,[],[]
7680440,7681700,CHI,CHN,0.0,261,CIOCX,RC,0,NT,FH,1.0,1260,-23.95,-14.98,"[{'Canonical-syllable': '0', 'Growl': '0', 'High-freq-energy': '0', 'Long-island': '0', 'Low-tilt-spectrum': '0', 'Medium-island': '1', 'Short-island': '1', 'Squeal': '0', 'Typical-entropy': '0', 'Voicing-quality': '3', 'Wide-band': '0', 'Xlong-island': '0', 'seq': '1', 'end': 7681.7, 'start': 7680.44}]",0,0,[],[]
7681700,7682500,NA,NOF,0.0,261,CIOCX,NA,NA,NA,NA,0.0,0,-36.69,-23.88,[],0,0,[],[]
7682500,7683100,OCH,CXN,0.0,261,CIOCX,EC,0,NT,FI,0.0,0,-32.92,-23.03,[],0,0,[],[]
7683100,7689300,NA,NOF,0.0,262,pause,NA,NA,NA,NA,0.0,0,-40.53,-22.2,[],0,0,[],[]
7689300,7690300,NA,MAF,0.0,262,pause,NA,NA,NA,NA,0.0,0,-28.34,-21.47,[],0,0,[],[]
7690300,7700990,NA,NOF,0.0,262,pause,NA,NA,NA,NA,0.0,0,-31.76,-16.2,[],0,0,[],[]
7700990,7701790,NA,SIL,0.0,262,pause,NA,NA,NA,NA,0.0,0,-46.93,-42.32,[],0,0,[],[]
7701790,7712430,NA,NOF,0.0,262,pause,NA,NA,NA,NA,0.0,0,-35.12,-11.77,[],0,0,[],[]
7712430,7713040,NA,CHF,0.0,262,pause,NA,NA,NA,NA,0.0,0,-30.83,-18.06,[],0,610,"[{'start': 7712.43, 'end': 7712.91}]","[{'start': 7712.91, 'end': 7713.04}]"
7713040,7713890,NA,NOF,0.0,262,pause,NA,NA,NA,NA,0.0,0,-45.68,-40.09,[],0,0,[],[]
7713890,7714780,NA,SIL,0.0,262,pause,NA,NA,NA,NA,0.0,0,-47.89,-43.39,[],0,0,[],[]
7714780,7716110,NA,CXF,0.0,262,pause,NA,NA,NA,NA,0.0,0,-44.16,-40.05,[],0,0,[],[]
7716110,7718020,NA,NOF,0.0,262,pause,NA,NA,NA,NA,0.0,0,-36.62,-21.48,[],0,0,[],[]
7718020,7718970,NA,OLF,0.0,262,pause,NA,NA,NA,NA,0.0,0,-24.24,-9.65,[],0,0,[],[]
7718970,7723400,NA,NOF,0.0,262,pause,NA,NA,NA,NA,0.0,0,-36.65,-17.48,[],0,0,[],[]
7723400,7724860,CHI,CHN,0.0,262,pause,NA,NA,NA,NA,0.0,0,-22.34,-10.1,[],0,1050,"[{'start': 7723.81, 'end': 7724.86}]",[]
7724860,7725870,OCH,CXN,0.0,262,XIOCAC,BC,0,NT,FI,0.0,0,-37.69,-28.37,[],0,0,[],[]
7725870,7726810,NA,NOF,0.0,262,XIOCAC,NA,NA,NA,NA,0.0,0,-37.29,-24.95,[],0,0,[],[]
7726810,7728060,FEM,FAN,6.65,262,XIOCAC,RC,0,NT,FI,0.0,0,-33.6,-23.22,[],0,0,[],[]
7728060,7729650,NA,NOF,0.0,262,XIOCAC,NA,NA,NA,NA,0.0,0,-38.77,-29.95,[],0,0,[],[]
7729650,7730250,OCH,CXN,0.0,262,XIOCAC,RC,0,NT,FI,0.0,0,-37.43,-32.42,[],0,0,[],[]
7730250,7731080,NA,NOF,0.0,262,XIOCAC,NA,NA,NA,NA,0.0,0,-43.66,-39.88,[],0,0,[],[]
7731080,7732660,CHI,CHN,0.0,262,XIOCAC,RC,0,NT,FI,2.0,920,-25.04,-16.84,"[{'Canonical-syllable': '0', 'Growl': '0', 'High-freq-energy': '0', 'Long-island': '0', 'Low-tilt-spectrum': '0', 'Medium-island': '1', 'Short-island': '0', 'Squeal': '0', 'Typical-entropy': '0', 'Voicing-quality': '1', 'Wide-band': '0', 'Xlong-island': '0', 'seq': '1', 'end': 7731.58, 'start': 7731.08}, {'Canonical-syllable': '0', 'Growl': '0', 'High-freq-energy': '0', 'Long-island': '0', 'Low-tilt-spectrum': '1', 'Medium-island': '1', 'Short-island': '0', 'Squeal': '0', 'Typical-entropy': '1', 'Voicing-quality': '1', 'Wide-band': '0', 'Xlong-island': '0', 'seq': '2', 'end': 7732.66, 'start': 7732.24}]",0,0,[],[]
7732660,7733480,NA,NOF,0.0,262,XIOCAC,NA,NA,NA,NA,0.0,0,-37.33,-28.84,[],0,0,[],[]
7733480,7736710,CHI,CHN,0.0,262,XIOCAC,EC,0,NT,FH,2.0,770,-21.19,-4.76,"[{'Canonical-syllable': '1', 'Growl': '0', 'High-freq-energy': '0', 'Long-island': '0', 'Low-tilt-spectrum': '0', 'Medium-island': '1', 'Short-island': '0', 'Squeal': '0', 'Typical-entropy': '0', 'Voicing-quality': '1', 'Wide-band': '0', 'Xlong-island': '0', 'seq': '1', 'end': 7735.01, 'start': 7734.73}, {'Canonical-syllable': '1', 'Growl': '0', 'High-freq-energy': '0', 'Long-island': '0', 'Low-tilt-spectrum': '0', 'Medium-island': '1', 'Short-island': '0', 'Squeal': '0', 'Typical-entropy': '0', 'Voicing-quality': '1', 'Wide-band': '0', 'Xlong-island': '0', 'seq': '2', 'end': 7736.64, 'start': 7736.15}]",0,0,[],[]
7736710,7741750,NA,NOF,0.0,263,pause,NA,NA,NA,NA,0.0,0,-35.07,-20.82,[],0,0,[],[]
7741750,7743290,OCH,CXN,0.0,263,XIC,BC,0,NT,FI,0.0,0,-27.4,-20.35,[],0,0,[],[]
7743290,7744310,CHI,CHN,0.0,263,XIC,RC,0,NT,FI,1.0,430,-28.24,-18.02,"[{'Canonical-syllable': '1', 'Growl': '0', 'High-freq-energy': '0', 'Long-island': '0', 'Low-tilt-spectrum': '1', 'Medium-island': '0', 'Short-island': '1', 'Squeal': '0', 'Typical-entropy': '1', 'Voicing-quality': '1', 'Wide-band': '0', 'Xlong-island': '0', 'seq': '1', 'end': 7743.72, 'start': 7743.49}]",0,0,[],[]
7744310,7745110,OCH,CXN,0.0,263,XIC,RC,0,NT,FI,0.0,0,-38.21,-32.44,[],0,0,[],[]
7745110,7746210,CHI,CHN,0.0,263,XIC,RC,0,TIFI,FI,1.0,120,-32.3,-21.32,"[{'Canonical-syllable': '0', 'Growl': '0', 'High-freq-energy': '0', 'Long-island': '0', 'Low-tilt-spectrum': '0', 'Medium-island': '0', 'Short-island': '1', 'Squeal': '0', 'Typical-entropy': '0', 'Voicing-quality': '1', 'Wide-band': '0', 'Xlong-island': '0', 'seq': '1', 'end': 7745.99, 'start': 7745.87}]",0,0,[],[]
7746210,7747190,CHI,CHN,0.0,263,XIC,NA,NA,NA,NA,0.0,0,-28.77,-18.31,[],0,600,"[{'start': 7746.49, 'end': 7747.09}]",[]
7747190,7747990,NA,SIL,0.0,263,XIC,NA,NA,NA,NA,0.0,0,-42.78,-37.27,[],0,0,[],[]
7747990,7749240,NA,NOF,0.0,263,XIC,NA,NA,NA,NA,0.0,0,-42.3,-27.29,[],0,0,[],[]
7749240,7749960,FEM,FAN,0.84,263,XIC,EC,1,TIFR,FI,0.0,0,-21.81,-12.69,[],0,0,[],[]
7749960,7752500,NA,NOF,0.0,264,pause,NA,NA,NA,NA,0.0,0,-41.12,-20.85,[],0,0,[],[]
7752500,7753600,NA,OLN,0.0,264,pause,NA,NA,NA,NA,0.0,0,-40.2,-31.31,[],0,0,[],[]
7753600,7760310,NA,NOF,0.0,264,pause,NA,NA,NA,NA,0.0,0,-31.32,-6.04,[],0,0,[],[]
7760310,7761560,NA,OLN,0.0,264,pause,NA,NA,NA,NA,0.0,0,-25.64,-11.48,[],0,0,[],[]
7761560,7765720,NA,NOF,0.0,264,pause,NA,NA,NA,NA,0.0,0,-30.61,-9.11,[],0,0,[],[]
7765720,7766770,CHI,CHN,0.0,264,CM,BC,0,NT,FI,1.0,1050,-30.01,-21.04,"[{'Canonical-syllable': '0', 'Growl': '1', 'High-freq-energy': '0', 'Long-island': '0', 'Low-tilt-spectrum': '0', 'Medium-island': '0', 'Short-island': '3', 'Squeal': '0', 'Typical-entropy': '3', 'Voicing-quality': '3', 'Wide-band': '0', 'Xlong-island': '0', 'seq': '1', 'end': 7766.77, 'start': 7765.72}]",0,0,[],[]
7766770,7767570,NA,NOF,0.0,264,CM,NA,NA,NA,NA,0.0,0,-41.48,-32.8,[],0,0,[],[]
7767570,7768170,CHI,CHN,0.0,264,CM,EC,0,NT,FH,1.0,370,-16.41,-7.18,"[{'Canonical-syllable': '1', 'Growl': '0', 'High-freq-energy': '1', 'Long-island': '0', 'Low-tilt-spectrum': '0', 'Medium-island': '1', 'Short-island': '0', 'Squeal': '0', 'Typical-entropy': '1', 'Voicing-quality': '1', 'Wide-band': '0', 'Xlong-island': '0', 'seq': '1', 'end': 7767.94, 'start': 7767.57}]",0,0,[],[]
7768170,7770430,NA,NOF,0.0,265,pause,NA,NA,NA,NA,0.0,0,-19.49,-2.59,[],0,0,[],[]
7770430,7771230,NA,OLF,0.0,265,pause,NA,NA,NA,NA,0.0,0,-39.8,-34.44,[],0,0,[],[]
7771230,7772030,NA,NOF,0.0,265,pause,NA,NA,NA,NA,0.0,0,-43.1,-40.01,[],0,0,[],[]
7772030,7773030,NA,FAF,0.0,265,pause,NA,NA,NA,NA,0.0,0,-41.92,-34.55,[],0,0,[],[]
7773030,7774650,NA,SIL,0.0,265,pause,NA,NA,NA,NA,0.0,0,-44.85,-38.27,[],0,0,[],[]
7774650,7777780,NA,NOF,0.0,265,pause,NA,NA,NA,NA,0.0,0,-37.07,-21.99,[],0,0,[],[]
7777780,7778400,CHI,CHN,0.0,265,CIC,BC,0,NT,FI,1.0,250,-22.77,-15.05,"[{'Canonical-syllable': '0', 'Growl': '1', 'High-freq-energy': '0', 'Long-island': '0', 'Low-tilt-spectrum': '0', 'Medium-island': '0', 'Short-island': '1', 'Squeal': '0', 'Typical-entropy': '0', 'Voicing-quality': '1', 'Wide-band': '0', 'Xlong-island': '0', 'seq': '1', 'end': 7778.4, 'start': 7778.15}]",0,0,[],[]
7778400,7779200,NA,NOF,0.0,265,CIC,NA,NA,NA,NA,0.0,0,-33.52,-22.88,[],0,0,[],[]
7779200,7780020,CHI,CHN,0.0,265,CIC,RC,0,NT,FH,1.0,820,-20.98,-15.03,"[{'Canonical-syllable': '0', 'Growl': '0', 'High-freq-energy': '0', 'Long-island': '0', 'Low-tilt-spectrum': '0', 'Medium-island': '2', 'Short-island': '0', 'Squeal': '1', 'Typical-entropy': '0', 'Voicing-quality': '2', 'Wide-band': '0', 'Xlong-island': '0', 'seq': '1', 'end': 7780.02, 'start': 7779.2}]",0,0,[],[]
7780020,7780820,OCH,CXN,0.0,265,CIC,RC,0,NT,FI,0.0,0,-24.94,-16.97,[],0,0,[],[]
7780820,7782030,OCH,CXN,0.0,265,CIC,RC,0,NT,FH,0.0,0,-23.97,-16.77,[],0,0,[],[]
7782030,7783100,CHI,CHN,0.0,265,CIC,RC,0,TIFI,FI,2.0,510,-24.02,-13.18,"[{'Canonical-syllable': '0', 'Growl': '1', 'High-freq-energy': '0', 'Long-island': '0', 'Low-tilt-spectrum': '0', 'Medium-island': '0', 'Short-island': '1', 'Squeal': '0', 'Typical-entropy': '1', 'Voicing-quality': '1', 'Wide-band': '0', 'Xlong-island': '0', 'seq': '1', 'end': 7782.16, 'start': 7782.03}, {'Canonical-syllable': '1', 'Growl': '0', 'High-freq-energy': '0', 'Long-island': '0', 'Low-tilt-spectrum': '0', 'Medium-island': '1', 'Short-island': '0', 'Squeal': '0', 'Typical-entropy': '1', 'Voicing-quality': '1', 'Wide-band': '0', 'Xlong-island': '0', 'seq': '2', 'end': 7782.9, 'start': 7782.52}]",0,0,[],[]
7783100,7784470,NA,SIL,0.0,265,CIC,NA,NA,NA,NA,0.0,0,-32.85,-19.91,[],0,0,[],[]
7784470,7785480,FEM,FAN,4.55,265,CIC,EC,1,TIFR,FI,0.0,0,-34.87,-28.57,[],0,0,[],[]
7785480,7786590,NA,SIL,0.0,266,pause,NA,NA,NA,NA,0.0,0,-45.14,-34.43,[],0,0,[],[]
7786590,7793360,NA,NOF,0.0,266,pause,NA,NA,NA,NA,0.0,0,-31.64,-13.12,[],0,0,[],[]
7793360,7794280,NA,SIL,0.0,266,pause,NA,NA,NA,NA,0.0,0,-47.26,-39.48,[],0,0,[],[]
7794280,7796000,NA,NOF,0.0,266,pause,NA,NA,NA,NA,0.0,0,-47.29,-41.44,[],0,0,[],[]
7796000,7796760,CHI,CHN,0.0,266,CM,BC,0,NT,FI,1.0,760,-18.12,-11.26,"[{'Canonical-syllable': '0', 'Growl': '0', 'High-freq-energy': '0', 'Long-island': '0', 'Low-tilt-spectrum': '0', 'Medium-island': '2', 'Short-island': '0', 'Squeal': '0', 'Typical-entropy': '1', 'Voicing-quality': '2', 'Wide-band': '1', 'Xlong-island': '0', 'seq': '1', 'end': 7796.76, 'start': 7796.0}]",0,0,[],[]
7796760,7798990,NA,NOF,0.0,266,CM,NA,NA,NA,NA,0.0,0,-45.66,-36.44,[],0,0,[],[]
7798990,7799790,NA,OLN,0.0,266,CM,NA,NA,NA,NA,0.0,0,-38.97,-29.74,[],0,0,[],[]
7799790,7801060,NA,FAF,0.0,266,CM,NA,NA,NA,NA,0.0,0,-44.92,-33.12,[],0,0,[],[]
7801060,7802060,CHI,CHN,0.0,266,CM,RC,0,NT,FH,2.0,530,-15.97,-4.08,"[{'Canonical-syllable': '1', 'Growl': '0', 'High-freq-energy': '0', 'Long-island': '0', 'Low-tilt-spectrum': '1', 'Medium-island': '0', 'Short-island': '1', 'Squeal': '0', 'Typical-entropy': '1', 'Voicing-quality': '1', 'Wide-band': '0', 'Xlong-island': '0', 'seq': '1', 'end': 7801.45, 'start': 7801.31}, {'Canonical-syllable': '0', 'Growl': '1', 'High-freq-energy': '0', 'Long-island': '0', 'Low-tilt-spectrum': '0', 'Medium-island': '0', 'Short-island': '0', 'Squeal': '0', 'Typical-entropy': '0', 'Voicing-quality': '1', 'Wide-band': '1', 'Xlong-island': '0', 'seq': '2', 'end': 7802.06, 'start': 7801.92}]",0,0,[],[]
7802060,7803080,CHI,CHN,0.0,266,CM,EC,0,NT,FH,1.0,1020,-21.12,-14.25,"[{'Canonical-syllable': '0', 'Growl': '1', 'High-freq-energy': '0', 'Long-island': '0', 'Low-tilt-spectrum': '1', 'Medium-island': '2', 'Short-island': '0', 'Squeal': '0', 'Typical-entropy': '2', 'Voicing-quality': '2', 'Wide-band': '0', 'Xlong-island': '0', 'seq': '1', 'end': 7803.08, 'start': 7802.06}]",0,0,[],[]
7803080,7807400,NA,SIL,0.0,267,pause,NA,NA,NA,NA,0.0,0,-34.97,-22.84,[],0,0,[],[]
7807400,7811290,NA,NOF,0.0,267,pause,NA,NA,NA,NA,0.0,0,-26.87,-5.02,[],0,0,[],[]
7811290,7813080,CHI,CHN,0.0,267,CIC,BC,0,NT,FI,2.0,1230,-22.06,-12.89,"[{'Canonical-syllable': '0', 'Growl': '0', 'High-freq-energy': '0', 'Long-island': '1', 'Low-tilt-spectrum': '0', 'Medium-island': '0', 'Short-island': '0', 'Squeal': '0', 'Typical-entropy': '0', 'Voicing-quality': '1', 'Wide-band': '0', 'Xlong-island': '0', 'seq': '1', 'end': 7811.94, 'start': 7811.29}, {'Canonical-syllable': '0', 'Growl': '1', 'High-freq-energy': '0', 'Long-island': '0', 'Low-tilt-spectrum': '1', 'Medium-island': '1', 'Short-island': '1', 'Squeal': '0', 'Typical-entropy': '2', 'Voicing-quality': '2', 'Wide-band': '0', 'Xlong-island': '0', 'seq': '2', 'end': 7813.08, 'start': 7812.5}]",0,0,[],[]
7813080,7814180,NA,NOF,0.0,267,CIC,NA,NA,NA,NA,0.0,0,-42.08,-31.1,[],0,0,[],[]
7814180,7819010,CHI,CHN,0.0,267,CIC,RC,0,TIFI,FH,3.0,3360,-20.55,-11.8,"[{'Canonical-syllable': '0', 'Growl': '1', 'High-freq-energy': '0', 'Long-island': '0', 'Low-tilt-spectrum': '1', 'Medium-island': '2', 'Short-island': '1', 'Squeal': '0', 'Typical-entropy': '2', 'Voicing-quality': '3', 'Wide-band': '0', 'Xlong-island': '0', 'seq': '1', 'end': 7815.45, 'start': 7814.18}, {'Canonical-syllable': '1', 'Growl': '0', 'High-freq-energy': '0', 'Long-island': '0', 'Low-tilt-spectrum': '0', 'Medium-island': '2', 'Short-island': '1', 'Squeal': '0', 'Typical-entropy': '3', 'Voicing-quality': '3', 'Wide-band': '0', 'Xlong-island': '0', 'seq': '2', 'end': 7817.09, 'start': 7816.08}, {'Canonical-syllable': '2', 'Growl': '0', 'High-freq-energy': '0', 'Long-island': '0', 'Low-tilt-spectrum': '0', 'Medium-island': '1', 'Short-island': '2', 'Squeal': '0', 'Typical-entropy': '2', 'Voicing-quality': '3', 'Wide-band': '0', 'Xlong-island': '0', 'seq': '3', 'end': 7818.87, 'start': 7817.79}]",0,0,[],[]
7819010,7820010,FEM,FAN,2.03,267,CIC,EC,1,TIFR,FI,0.0,0,-40.95,-36.97,[],0,0,[],[]
7820010,7820810,NA,FAF,0.0,268,pause,NA,NA,NA,NA,0.0,0,-45.22,-38.9,[],0,0,[],[]
7820810,7822090,CHI,CHN,0.0,268,pause,NA,NA,NA,NA,0.0,0,-25.14,-12.46,[],0,220,"[{'start': 7820.93, 'end': 7821.15}]",[]
7822090,7824920,NA,NOF,0.0,268,pause,NA,NA,NA,NA,0.0,0,-45.81,-40.2,[],0,0,[],[]
7824920,7825720,NA,SIL,0.0,268,pause,NA,NA,NA,NA,0.0,0,-46.51,-41.68,[],0,0,[],[]
7825720,7831430,NA,NOF,0.0,268,pause,NA,NA,NA,NA,0.0,0,-28.88,-9.21,[],0,0,[],[]
7831430,7833230,OCH,CXN,0.0,268,XIOCA,BC,0,NT,FI,0.0,0,-41.54,-33.12,[],0,0,[],[]
7833230,7836520,NA,NOF,0.0,268,XIOCA,NA,NA,NA,NA,0.0,0,-25.75,-7.24,[],0,0,[],[]
7836520,7837170,FEM,FAN,4.25,268,XIOCA,EC,0,NT,FI,0.0,0,-33.39,-28.56,[],0,0,[],[]
7837170,7843830,NA,NOF,0.0,269,pause,NA,NA,NA,NA,0.0,0,-45.38,-33.14,[],0,0,[],[]
7843830,7847090,CHI,CHN,0.0,269,CM,EC,0,NT,FI,3.0,1390,-23.06,-11.53,"[{'Canonical-syllable': '1', 'Growl': '1', 'High-freq-energy': '0', 'Long-island': '0', 'Low-tilt-spectrum': '0', 'Medium-island': '1', 'Short-island': '1', 'Squeal': '0', 'Typical-entropy': '1', 'Voicing-quality': '2', 'Wide-band': '0', 'Xlong-island': '0', 'seq': '1', 'end': 7845.3, 'start': 7844.6}, {'Canonical-syllable': '0', 'Growl': '0', 'High-freq-energy': '0', 'Long-island': '0', 'Low-tilt-spectrum': '0', 'Medium-island': '1', 'Short-island': '0', 'Squeal': '0', 'Typical-entropy': '0', 'Voicing-quality': '1', 'Wide-band': '0', 'Xlong-island': '0', 'seq': '2', 'end': 7846.23, 'start': 7845.93}, {'Canonical-syllable': '0', 'Growl': '0', 'High-freq-energy': '0', 'Long-island': '0', 'Low-tilt-spectrum': '0', 'Medium-island': '1', 'Short-island': '0', 'Squeal': '0', 'Typical-entropy': '0', 'Voicing-quality': '1', 'Wide-band': '0', 'Xlong-island': '0', 'seq': '3', 'end': 7847.09, 'start': 7846.7}]",0,0,[],[]
7847090,7849830,NA,NOF,0.0,270,pause,NA,NA,NA,NA,0.0,0,-35.71,-17.44,[],0,0,[],[]
7849830,7850670,NA,OLN,0.0,270,pause,NA,NA,NA,NA,0.0,0,-36.83,-31.95,[],0,0,[],[]
7850670,7853720,NA,NOF,0.0,270,pause,NA,NA,NA,NA,0.0,0,-42.7,-33.56,[],0,0,[],[]
7853720,7854880,FEM,FAN,6.28,270,AICF,BC,0,TIFI,FI,0.0,0,-34.49,-26.04,[],0,0,[],[]
7854880,7857630,NA,NOF,0.0,270,AICF,NA,NA,NA,NA,0.0,0,-26.45,-5.58,[],0,0,[],[]
7857630,7858230,CHI,CHN,0.0,270,AICF,RC,1,TIFR,FI,1.0,390,-18.7,-10.68,"[{'Canonical-syllable': '0', 'Growl': '0', 'High-freq-energy': '0', 'Long-island': '0', 'Low-tilt-spectrum': '1', 'Medium-island': '1', 'Short-island': '0', 'Squeal': '0', 'Typical-entropy': '1', 'Voicing-quality': '1', 'Wide-band': '0', 'Xlong-island': '0', 'seq': '1', 'end': 7858.02, 'start': 7857.63}]",0,0,[],[]
7858230,7859810,NA,NOF,0.0,270,AICF,NA,NA,NA,NA,0.0,0,-39.93,-27.53,[],0,0,[],[]
7859810,7860410,CHI,CHN,0.0,270,AICF,EC,1,NT,FH,1.0,240,-30.41,-21.53,"[{'Canonical-syllable': '1', 'Growl': '0', 'High-freq-energy': '0', 'Long-island': '0', 'Low-tilt-spectrum': '0', 'Medium-island': '0', 'Short-island': '1', 'Squeal': '0', 'Typical-entropy': '1', 'Voicing-quality': '1', 'Wide-band': '0', 'Xlong-island': '0', 'seq': '1', 'end': 7860.41, 'start': 7860.17}]",0,0,[],[]
7860410,7861210,NA,NON,0.0,271,pause,NA,NA,NA,NA,0.0,0,-37.44,-27.02,[],0,0,[],[]
7861210,7862010,NA,OLF,0.0,271,pause,NA,NA,NA,NA,0.0,0,-38.71,-31.83,[],0,0,[],[]
7862010,7869110,NA,NOF,0.0,271,pause,NA,NA,NA,NA,0.0,0,-36.43,-11.24,[],0,0,[],[]
7869110,7870120,FEM,FAN,3.37,271,AMF,EC,0,NT,FI,0.0,0,-39.33,-30.91,[],0,0,[],[]
7870120,7876250,NA,NOF,0.0,272,pause,NA,NA,NA,NA,0.0,0,-42.86,-36.25,[],0,0,[],[]
7876250,7877050,NA,OLF,0.0,272,pause,NA,NA,NA,NA,0.0,0,-31.87,-21.94,[],0,0,[],[]
7877050,7879440,NA,NOF,0.0,272,pause,NA,NA,NA,NA,0.0,0,-40.39,-27.97,[],0,0,[],[]
7879440,7880250,NA,SIL,0.0,272,pause,NA,NA,NA,NA,0.0,0,-44.15,-39.31,[],0,0,[],[]
7880250,7881870,NA,NOF,0.0,272,pause,NA,NA,NA,NA,0.0,0,-42.25,-34.6,[],0,0,[],[]
7881870,7882470,CHI,CHN,0.0,272,CM,BC,0,NT,FI,1.0,400,-19.91,-9.57,"[{'Canonical-syllable': '0', 'Growl': '0', 'High-freq-energy': '0', 'Long-island': '0', 'Low-tilt-spectrum': '0', 'Medium-island': '1', 'Short-island': '0', 'Squeal': '0', 'Typical-entropy': '0', 'Voicing-quality': '1', 'Wide-band': '0', 'Xlong-island': '0', 'seq': '1', 'end': 7882.27, 'start': 7881.97}]",0,0,[],[]
7882470,7883660,NA,OLN,0.0,272,CM,NA,NA,NA,NA,0.0,0,-27.19,-9.6,[],0,0,[],[]
7883660,7886730,NA,NOF,0.0,272,CM,NA,NA,NA,NA,0.0,0,-27.05,-4.85,[],0,0,[],[]
7886730,7887470,CHI,CHN,0.0,272,CM,RC,0,NT,FH,1.0,740,-26.03,-16.73,"[{'Canonical-syllable': '1', 'Growl': '0', 'High-freq-energy': '0', 'Long-island': '0', 'Low-tilt-spectrum': '0', 'Medium-island': '1', 'Short-island': '0', 'Squeal': '0', 'Typical-entropy': '1', 'Voicing-quality': '1', 'Wide-band': '0', 'Xlong-island': '0', 'seq': '1', 'end': 7887.47, 'start': 7887.0}]",0,0,[],[]
7887470,7888620,NA,NOF,0.0,272,CM,NA,NA,NA,NA,0.0,0,-34.91,-22.47,[],0,0,[],[]
7888620,7890830,NA,SIL,0.0,272,CM,NA,NA,NA,NA,0.0,0,-47.8,-38.04,[],0,0,[],[]
7890830,7891430,CHI,CHN,0.0,272,CM,RC,0,NT,FH,1.0,460,-22.57,-11.57,"[{'Canonical-syllable': '1', 'Growl': '0', 'High-freq-energy': '0', 'Long-island': '0', 'Low-tilt-spectrum': '0', 'Medium-island': '1', 'Short-island': '0', 'Squeal': '0', 'Typical-entropy': '1', 'Voicing-quality': '1', 'Wide-band': '0', 'Xlong-island': '0', 'seq': '1', 'end': 7891.29, 'start': 7890.94}]",0,0,[],[]
7891430,7892260,NA,NOF,0.0,272,CM,NA,NA,NA,NA,0.0,0,-43.25,-35.02,[],0,0,[],[]
7892260,7892860,CHI,CHN,0.0,272,CM,EC,0,NT,FH,1.0,490,-30.78,-22.25,"[{'Canonical-syllable': '0', 'Growl': '0', 'High-freq-energy': '0', 'Long-island': '0', 'Low-tilt-spectrum': '1', 'Medium-island': '1', 'Short-island': '0', 'Squeal': '0', 'Typical-entropy': '1', 'Voicing-quality': '1', 'Wide-band': '0', 'Xlong-island': '0', 'seq': '1', 'end': 7892.75, 'start': 7892.26}]",0,0,[],[]
7892860,7893830,NA,NOF,0.0,273,pause,NA,NA,NA,NA,0.0,0,-43.86,-35.3,[],0,0,[],[]
7893830,7895240,NA,OLN,0.0,273,pause,NA,NA,NA,NA,0.0,0,-34.94,-21.63,[],0,0,[],[]
7895240,7898020,NA,NON,0.0,273,pause,NA,NA,NA,NA,0.0,0,-32.08,-23.75,[],0,0,[],[]
7898020,7899090,NA,OLN,0.0,273,pause,NA,NA,NA,NA,0.0,0,-29.87,-21.73,[],0,0,[],[]
7899090,7899950,NA,OLF,0.0,273,pause,NA,NA,NA,NA,0.0,0,-23.49,-7.94,[],0,0,[],[]
7899950,7904570,NA,SIL,0.0,273,pause,NA,NA,NA,NA,0.0,0,-42.0,-35.69,[],0,0,[],[]
7904570,7915610,NA,NOF,0.0,273,pause,NA,NA,NA,NA,0.0,0,-29.18,-4.9,[],0,0,[],[]
7915610,7923910,NA,NON,0.0,273,pause,NA,NA,NA,NA,0.0,0,-43.01,-35.37,[],0,0,[],[]
7923910,7933810,NA,NON,0.0,273,pause,NA,NA,NA,NA,0.0,0,-39.57,-28.76,[],0,0,[],[]
7933810,7940060,NA,NON,0.0,273,pause,NA,NA,NA,NA,0.0,0,-38.55,-30.87,[],0,0,[],[]
7940060,7944410,NA,MAF,0.0,273,pause,NA,NA,NA,NA,0.0,0,-38.83,-33.84,[],0,0,[],[]
7944410,7949760,NA,NON,0.0,273,pause,NA,NA,NA,NA,0.0,0,-38.99,-35.76,[],0,0,[],[]
7949760,7952810,NA,MAF,0.0,273,pause,NA,NA,NA,NA,0.0,0,-41.71,-33.06,[],0,0,[],[]
7952810,7963210,NA,NON,0.0,273,pause,NA,NA,NA,NA,0.0,0,-39.21,-34.98,[],0,0,[],[]
7963210,7975960,NA,NON,0.0,273,pause,NA,NA,NA,NA,0.0,0,-39.09,-29.19,[],0,0,[],[]
7975960,7977710,NA,NOF,0.0,273,pause,NA,NA,NA,NA,0.0,0,-39.22,-34.24,[],0,0,[],[]
7977710,7978510,OCH,CXN,0.0,273,XM,EC,0,NT,FI,0.0,0,-28.38,-22.04,[],0,0,[],[]
7978510,7989360,NA,NON,0.0,274,pause,NA,NA,NA,NA,0.0,0,-39.49,-32.75,[],0,0,[],[]
7989360,7990170,NA,OLF,0.0,274,pause,NA,NA,NA,NA,0.0,0,-37.38,-33.04,[],0,0,[],[]
7990170,7992030,NA,NON,0.0,274,pause,NA,NA,NA,NA,0.0,0,-34.7,-31.37,[],0,0,[],[]
7992030,7994040,NA,OLN,0.0,274,pause,NA,NA,NA,NA,0.0,0,-33.77,-26.78,[],0,0,[],[]
7994040,7995210,NA,NOF,0.0,274,pause,NA,NA,NA,NA,0.0,0,-32.76,-20.89,[],0,0,[],[]
7995210,7996250,NA,OLN,0.0,274,pause,NA,NA,NA,NA,0.0,0,-28.05,-13.62,[],0,0,[],[]
7996250,7998120,NA,NOF,0.0,274,pause,NA,NA,NA,NA,0.0,0,-39.15,-28.12,[],0,0,[],[]
7998120,7998720,CHI,CHN,0.0,274,CM,EC,0,NT,FI,1.0,600,-20.72,-16.47,"[{'Canonical-syllable': '0', 'Growl': '0', 'High-freq-energy': '0', 'Long-island': '0', 'Low-tilt-spectrum': '0', 'Medium-island': '1', 'Short-island': '0', 'Squeal': '0', 'Typical-entropy': '0', 'Voicing-quality': '1', 'Wide-band': '0', 'Xlong-island': '0', 'seq': '1', 'end': 7998.72, 'start': 7998.24}]",0,0,[],[]
7998720,7999910,NA,NOF,0.0,275,pause,NA,NA,NA,NA,0.0,0,-39.23,-34.66,[],0,0,[],[]
7999910,8000910,NA,FAF,0.0,275,pause,NA,NA,NA,NA,0.0,0,-36.23,-30.98,[],0,0,[],[]
8000910,8001850,NA,NOF,0.0,275,pause,NA,NA,NA,NA,0.0,0,-40.46,-38.38,[],0,0,[],[]
8001850,8002690,NA,OLF,0.0,275,pause,NA,NA,NA,NA,0.0,0,-38.15,-34.93,[],0,0,[],[]
8002690,8003490,NA,NOF,0.0,275,pause,NA,NA,NA,NA,0.0,0,-39.65,-36.16,[],0,0,[],[]
8003490,8004590,NA,OLF,0.0,275,pause,NA,NA,NA,NA,0.0,0,-38.57,-34.67,[],0,0,[],[]
8004590,8007990,NA,NOF,0.0,275,pause,NA,NA,NA,NA,0.0,0,-39.71,-34.92,[],0,0,[],[]
8007990,8008590,FEM,FAN,0.48,275,AICF,BC,0,TIFI,FI,0.0,0,-32.99,-29.16,[],0,0,[],[]
8008590,8009590,NA,MAF,0.0,275,AICF,NA,NA,NA,NA,0.0,0,-37.61,-30.27,[],0,0,[],[]
8009590,8010370,CHI,CHN,0.0,275,AICF,EC,1,TIFR,FI,1.0,780,-17.63,-7.85,"[{'Canonical-syllable': '1', 'Growl': '0', 'High-freq-energy': '0', 'Long-island': '0', 'Low-tilt-spectrum': '1', 'Medium-island': '1', 'Short-island': '1', 'Squeal': '0', 'Typical-entropy': '1', 'Voicing-quality': '2', 'Wide-band': '0', 'Xlong-island': '0', 'seq': '1', 'end': 8010.37, 'start': 8009.59}]",0,0,[],[]
8010370,8011190,NA,OLF,0.0,276,pause,NA,NA,NA,NA,0.0,0,-33.81,-23.4,[],0,0,[],[]
8011190,8013550,NA,MAF,0.0,276,pause,NA,NA,NA,NA,0.0,0,-37.15,-30.01,[],0,0,[],[]
8013550,8017090,NA,NOF,0.0,276,pause,NA,NA,NA,NA,0.0,0,-40.19,-36.08,[],0,0,[],[]
8017090,8018140,NA,MAF,0.0,276,pause,NA,NA,NA,NA,0.0,0,-40.61,-37.25,[],0,0,[],[]
8018140,8018740,CHI,CHN,0.0,276,CM,EC,0,NT,FI,1.0,480,-21.19,-12.51,"[{'Canonical-syllable': '0', 'Growl': '0', 'High-freq-energy': '0', 'Long-island': '0', 'Low-tilt-spectrum': '0', 'Medium-island': '1', 'Short-island': '0', 'Squeal': '0', 'Typical-entropy': '1', 'Voicing-quality': '1', 'Wide-band': '0', 'Xlong-island': '0', 'seq': '1', 'end': 8018.62, 'start': 8018.31}]",0,0,[],[]
8018740,8019640,NA,NOF,0.0,277,pause,NA,NA,NA,NA,0.0,0,-39.91,-37.18,[],0,0,[],[]
8019640,8022710,NA,MAF,0.0,277,pause,NA,NA,NA,NA,0.0,0,-39.93,-32.82,[],0,0,[],[]
8022710,8023870,NA,FAF,0.0,277,pause,NA,NA,NA,NA,0.0,0,-36.94,-31.1,[],0,0,[],[]
8023870,8026010,NA,MAF,0.0,277,pause,NA,NA,NA,NA,0.0,0,-40.07,-35.76,[],0,0,[],[]
8026010,8034490,NA,NOF,0.0,277,pause,NA,NA,NA,NA,0.0,0,-38.53,-18.46,[],0,0,[],[]
8034490,8035380,NA,OLF,0.0,277,pause,NA,NA,NA,NA,0.0,0,-37.48,-33.81,[],0,0,[],[]
8035380,8036400,NA,NOF,0.0,277,pause,NA,NA,NA,NA,0.0,0,-38.67,-27.13,[],0,0,[],[]
8036400,8038440,NA,OLF,0.0,277,pause,NA,NA,NA,NA,0.0,0,-39.83,-28.66,[],0,0,[],[]
8038440,8039470,CHI,CHN,0.0,277,CM,EC,0,NT,FI,1.0,530,-24.33,-18.65,"[{'Canonical-syllable': '0', 'Growl': '0', 'High-freq-energy': '0', 'Long-island': '0', 'Low-tilt-spectrum': '0', 'Medium-island': '1', 'Short-island': '0', 'Squeal': '0', 'Typical-entropy': '0', 'Voicing-quality': '1', 'Wide-band': '0', 'Xlong-island': '0', 'seq': '1', 'end': 8039.47, 'start': 8038.94}]",0,0,[],[]
8039470,8040620,NA,OLN,0.0,278,pause,NA,NA,NA,NA,0.0,0,-36.85,-27.87,[],0,0,[],[]
8040620,8046970,NA,NOF,0.0,278,pause,NA,NA,NA,NA,0.0,0,-37.87,-19.13,[],0,0,[],[]
8046970,8049150,NA,SIL,0.0,278,pause,NA,NA,NA,NA,0.0,0,-40.13,-34.07,[],0,0,[],[]
8049150,8050300,NA,MAF,0.0,278,pause,NA,NA,NA,NA,0.0,0,-34.97,-21.59,[],0,0,[],[]
8050300,8054360,NA,SIL,0.0,278,pause,NA,NA,NA,NA,0.0,0,-39.13,-31.47,[],0,0,[],[]
8054360,8055160,OCH,CXN,0.0,278,XM,BC,0,NT,FI,0.0,0,-29.32,-22.6,[],0,0,[],[]
8055160,8056340,NA,SIL,0.0,278,XM,NA,NA,NA,NA,0.0,0,-38.43,-34.54,[],0,0,[],[]
8056340,8057280,NA,NOF,0.0,278,XM,NA,NA,NA,NA,0.0,0,-37.88,-34.28,[],0,0,[],[]
8057280,8058080,OCH,CXN,0.0,278,XM,EC,0,NT,FH,0.0,0,-36.48,-31.74,[],0,0,[],[]
8058080,8059020,NA,NOF,0.0,279,pause,NA,NA,NA,NA,0.0,0,-36.04,-30.3,[],0,0,[],[]
8059020,8061230,NA,OLN,0.0,279,pause,NA,NA,NA,NA,0.0,0,-35.73,-23.84,[],0,0,[],[]
8061230,8066770,NA,NOF,0.0,279,pause,NA,NA,NA,NA,0.0,0,-41.32,-28.04,[],0,0,[],[]
8066770,8068030,CHI,CHN,0.0,279,CM,EC,0,NT,FI,1.0,1260,-18.56,-13.29,"[{'Canonical-syllable': '0', 'Growl': '1', 'High-freq-energy': '0', 'Long-island': '0', 'Low-tilt-spectrum': '1', 'Medium-island': '2', 'Short-island': '1', 'Squeal': '0', 'Typical-entropy': '1', 'Voicing-quality': '3', 'Wide-band': '0', 'Xlong-island': '0', 'seq': '1', 'end': 8068.03, 'start': 8066.77}]",0,0,[],[]
8068030,8069940,NA,NOF,0.0,280,pause,NA,NA,NA,NA,0.0,0,-43.31,-37.11,[],0,0,[],[]
8069940,8071910,NA,OLN,0.0,280,pause,NA,NA,NA,NA,0.0,0,-38.56,-30.94,[],0,0,[],[]
8071910,8079470,NA,NOF,0.0,280,pause,NA,NA,NA,NA,0.0,0,-36.16,-14.86,[],0,0,[],[]
8079470,8080280,NA,OLF,0.0,280,pause,NA,NA,NA,NA,0.0,0,-23.03,-9.37,[],0,0,[],[]
8080280,8083340,NA,NOF,0.0,280,pause,NA,NA,NA,NA,0.0,0,-34.83,-17.15,[],0,0,[],[]
8083340,8084140,NA,OLF,0.0,280,pause,NA,NA,NA,NA,0.0,0,-22.14,-9.31,[],0,0,[],[]
8084140,8086200,NA,NOF,0.0,280,pause,NA,NA,NA,NA,0.0,0,-42.78,-32.9,[],0,0,[],[]
8086200,8087000,NA,OLF,0.0,280,pause,NA,NA,NA,NA,0.0,0,-16.43,-3.77,[],0,0,[],[]
8087000,8089440,NA,NOF,0.0,280,pause,NA,NA,NA,NA,0.0,0,-35.2,-13.68,[],0,0,[],[]
8089440,8090190,CHI,CHN,0.0,280,CM,BC,0,NT,FI,1.0,750,-23.09,-15.8,"[{'Canonical-syllable': '1', 'Growl': '0', 'High-freq-energy': '0', 'Long-island': '0', 'Low-tilt-spectrum': '1', 'Medium-island': '1', 'Short-island': '0', 'Squeal': '0', 'Typical-entropy': '1', 'Voicing-quality': '1', 'Wide-band': '0', 'Xlong-island': '0', 'seq': '1', 'end': 8090.19, 'start': 8089.44}]",0,0,[],[]
8090190,8091480,CHI,CHN,0.0,280,CM,RC,0,NT,FH,1.0,900,-19.91,-9.63,"[{'Canonical-syllable': '2', 'Growl': '1', 'High-freq-energy': '0', 'Long-island': '0', 'Low-tilt-spectrum': '1', 'Medium-island': '0', 'Short-island': '3', 'Squeal': '0', 'Typical-entropy': '2', 'Voicing-quality': '2', 'Wide-band': '0', 'Xlong-island': '0', 'seq': '1', 'end': 8091.48, 'start': 8090.58}]",0,0,[],[]
8091480,8092080,CHI,CHN,0.0,280,CM,EC,0,NT,FH,1.0,400,-17.2,-10.58,"[{'Canonical-syllable': '0', 'Growl': '0', 'High-freq-energy': '1', 'Long-island': '0', 'Low-tilt-spectrum': '1', 'Medium-island': '1', 'Short-island': '0', 'Squeal': '0', 'Typical-entropy': '1', 'Voicing-quality': '1', 'Wide-band': '0', 'Xlong-island': '0', 'seq': '1', 'end': 8091.88, 'start': 8091.48}]",0,0,[],[]
8092080,8092880,NA,OLN,0.0,281,pause,NA,NA,NA,NA,0.0,0,-32.57,-27.02,[],0,0,[],[]
8092880,8095910,NA,NOF,0.0,281,pause,NA,NA,NA,NA,0.0,0,-43.75,-30.49,[],0,0,[],[]
8095910,8096960,NA,OLN,0.0,281,pause,NA,NA,NA,NA,0.0,0,-35.1,-29.36,[],0,0,[],[]
8096960,8098170,NA,NOF,0.0,281,pause,NA,NA,NA,NA,0.0,0,-44.39,-41.18,[],0,0,[],[]
8098170,8099230,NA,OLN,0.0,281,pause,NA,NA,NA,NA,0.0,0,-39.18,-34.12,[],0,0,[],[]
8099230,8101060,NA,NOF,0.0,281,pause,NA,NA,NA,NA,0.0,0,-43.34,-32.49,[],0,0,[],[]
8101060,8102060,FEM,FAN,4.58,281,AMF,EC,0,NT,FI,0.0,0,-36.76,-29.1,[],0,0,[],[]
8102060,8103290,NA,OLN,0.0,282,pause,NA,NA,NA,NA,0.0,0,-26.31,-11.81,[],0,0,[],[]
8103290,8104910,NA,NOF,0.0,282,pause,NA,NA,NA,NA,0.0,0,-43.64,-37.37,[],0,0,[],[]
8104910,8106010,NA,OLN,0.0,282,pause,NA,NA,NA,NA,0.0,0,-39.67,-32.16,[],0,0,[],[]
8106010,8106810,NA,NOF,0.0,282,pause,NA,NA,NA,NA,0.0,0,-39.91,-33.44,[],0,0,[],[]
8106810,8108100,NA,OLN,0.0,282,pause,NA,NA,NA,NA,0.0,0,-38.52,-33.3,[],0,0,[],[]
8108100,8114450,NA,NOF,0.0,282,pause,NA,NA,NA,NA,0.0,0,-41.52,-26.97,[],0,0,[],[]
8114450,8115660,CHI,CHN,0.0,282,CM,EC,0,NT,FI,1.0,1210,-25.71,-19.01,"[{'Canonical-syllable': '1', 'Growl': '1', 'High-freq-energy': '0', 'Long-island': '0', 'Low-tilt-spectrum': '3', 'Medium-island': '2', 'Short-island': '1', 'Squeal': '0', 'Typical-entropy': '3', 'Voicing-quality': '3', 'Wide-band': '0', 'Xlong-island': '0', 'seq': '1', 'end': 8115.66, 'start': 8114.45}]",0,0,[],[]
8115660,8121390,NA,NON,0.0,283,pause,NA,NA,NA,NA,0.0,0,-32.84,-9.1,[],0,0,[],[]
8121390,8122320,CHI,CHN,0.0,283,CM,BC,0,NT,FI,1.0,690,-24.76,-17.98,"[{'Canonical-syllable': '0', 'Growl': '1', 'High-freq-energy': '0', 'Long-island': '0', 'Low-tilt-spectrum': '0', 'Medium-island': '1', 'Short-island': '1', 'Squeal': '0', 'Typical-entropy': '0', 'Voicing-quality': '2', 'Wide-band': '0', 'Xlong-island': '0', 'seq': '1', 'end': 8122.08, 'start': 8121.39}]",0,0,[],[]
8122320,8123120,NA,NOF,0.0,283,CM,NA,NA,NA,NA,0.0,0,-38.51,-25.94,[],0,0,[],[]
8123120,8124160,CHI,CHN,0.0,283,CM,RC,0,NT,FH,1.0,1040,-20.83,-13.53,"[{'Canonical-syllable': '1', 'Growl': '0', 'High-freq-energy': '0', 'Long-island': '0', 'Low-tilt-spectrum': '0', 'Medium-island': '1', 'Short-island': '2', 'Squeal': '0', 'Typical-entropy': '2', 'Voicing-quality': '3', 'Wide-band': '0', 'Xlong-island': '0', 'seq': '1', 'end': 8124.16, 'start': 8123.12}]",0,0,[],[]
8124160,8125560,NA,NOF,0.0,283,CM,NA,NA,NA,NA,0.0,0,-34.57,-24.93,[],0,0,[],[]
8125560,8126280,CHI,CHN,0.0,283,CM,RC,0,NT,FH,1.0,720,-20.23,-12.16,"[{'Canonical-syllable': '0', 'Growl': '1', 'High-freq-energy': '0', 'Long-island': '0', 'Low-tilt-spectrum': '2', 'Medium-island': '1', 'Short-island': '1', 'Squeal': '0', 'Typical-entropy': '2', 'Voicing-quality': '2', 'Wide-band': '0', 'Xlong-island': '0', 'seq': '1', 'end': 8126.28, 'start': 8125.56}]",0,0,[],[]
8126280,8129170,NA,NOF,0.0,283,CM,NA,NA,NA,NA,0.0,0,-33.01,-18.47,[],0,0,[],[]
8129170,8131310,CHI,CHN,0.0,283,CM,EC,0,NT,FH,1.0,1700,-24.05,-16.05,"[{'Canonical-syllable': '0', 'Growl': '3', 'High-freq-energy': '0', 'Long-island': '1', 'Low-tilt-spectrum': '0', 'Medium-island': '0', 'Short-island': '2', 'Squeal': '0', 'Typical-entropy': '2', 'Voicing-quality': '4', 'Wide-band': '1', 'Xlong-island': '0', 'seq': '1', 'end': 8130.87, 'start': 8129.17}]",0,0,[],[]
8131310,8140060,NA,NON,0.0,284,pause,NA,NA,NA,NA,0.0,0,-37.49,-22.51,[],0,0,[],[]
8140060,8141860,CHI,CHN,0.0,284,CM,EC,0,NT,FI,1.0,1720,-18.93,-5.35,"[{'Canonical-syllable': '0', 'Growl': '1', 'High-freq-energy': '0', 'Long-island': '1', 'Low-tilt-spectrum': '4', 'Medium-island': '1', 'Short-island': '2', 'Squeal': '0', 'Typical-entropy': '4', 'Voicing-quality': '4', 'Wide-band': '0', 'Xlong-island': '0', 'seq': '1', 'end': 8141.78, 'start': 8140.06}]",0,0,[],[]
8141860,8144480,NA,NOF,0.0,285,pause,NA,NA,NA,NA,0.0,0,-41.18,-35.63,[],0,0,[],[]
8144480,8145290,NA,OLN,0.0,285,pause,NA,NA,NA,NA,0.0,0,-38.83,-30.21,[],0,0,[],[]
8145290,8147360,NA,NOF,0.0,285,pause,NA,NA,NA,NA,0.0,0,-32.98,-21.62,[],0,0,[],[]
8147360,8148650,NA,OLF,0.0,285,pause,NA,NA,NA,NA,0.0,0,-40.18,-36.24,[],0,0,[],[]
8148650,8153750,NA,NOF,0.0,285,pause,NA,NA,NA,NA,0.0,0,-42.77,-30.64,[],0,0,[],[]
8153750,8156200,CHI,CHN,0.0,285,CIOCX,BC,0,NT,FI,2.0,1880,-17.94,-11.16,"[{'Canonical-syllable': '2', 'Growl': '0', 'High-freq-energy': '1', 'Long-island': '0', 'Low-tilt-spectrum': '3', 'Medium-island': '2', 'Short-island': '1', 'Squeal': '0', 'Typical-entropy': '3', 'Voicing-quality': '3', 'Wide-band': '0', 'Xlong-island': '0', 'seq': '1', 'end': 8155.01, 'start': 8153.75}, {'Canonical-syllable': '0', 'Growl': '0', 'High-freq-energy': '0', 'Long-island': '0', 'Low-tilt-spectrum': '1', 'Medium-island': '1', 'Short-island': '0', 'Squeal': '0', 'Typical-entropy': '1', 'Voicing-quality': '1', 'Wide-band': '0', 'Xlong-island': '0', 'seq': '2', 'end': 8156.2, 'start': 8155.58}]",0,0,[],[]
8156200,8158380,NA,NOF,0.0,285,CIOCX,NA,NA,NA,NA,0.0,0,-41.94,-31.05,[],0,0,[],[]
8158380,8158980,CHI,CHN,0.0,285,CIOCX,RC,0,NT,FH,1.0,360,-23.28,-16.91,"[{'Canonical-syllable': '0', 'Growl': '0', 'High-freq-energy': '0', 'Long-island': '0', 'Low-tilt-spectrum': '0', 'Medium-island': '1', 'Short-island': '0', 'Squeal': '0', 'Typical-entropy': '0', 'Voicing-quality': '1', 'Wide-band': '0', 'Xlong-island': '0', 'seq': '1', 'end': 8158.74, 'start': 8158.38}]",0,0,[],[]
8158980,8159780,OCH,CXN,0.0,285,CIOCX,EC,0,NT,FI,0.0,0,-22.0,-15.82,[],0,0,[],[]
8159780,8161120,NA,NOF,0.0,286,pause,NA,NA,NA,NA,0.0,0,-32.03,-20.42,[],0,0,[],[]
8161120,8162290,NA,MAF,0.0,286,pause,NA,NA,NA,NA,0.0,0,-23.6,-16.1,[],0,0,[],[]
8162290,8163550,NA,NOF,0.0,286,pause,NA,NA,NA,NA,0.0,0,-30.92,-19.6,[],0,0,[],[]
8163550,8164360,NA,SIL,0.0,286,pause,NA,NA,NA,NA,0.0,0,-31.22,-24.14,[],0,0,[],[]
8164360,8166540,NA,NOF,0.0,286,pause,NA,NA,NA,NA,0.0,0,-27.18,-13.66,[],0,0,[],[]
8166540,8168180,CHI,CHN,0.0,286,CIC,BC,0,NT,FI,1.0,1640,-24.22,-15.06,"[{'Canonical-syllable': '1', 'Growl': '1', 'High-freq-energy': '0', 'Long-island': '0', 'Low-tilt-spectrum': '1', 'Medium-island': '2', 'Short-island': '1', 'Squeal': '0', 'Typical-entropy': '2', 'Voicing-quality': '3', 'Wide-band': '0', 'Xlong-island': '0', 'seq': '1', 'end': 8168.18, 'start': 8166.54}]",0,0,[],[]
8168180,8169140,NA,NOF,0.0,286,CIC,NA,NA,NA,NA,0.0,0,-42.46,-29.59,[],0,0,[],[]
8169140,8170910,CHI,CHN,0.0,286,CIC,RC,0,NT,FH,2.0,1160,-24.25,-15.95,"[{'Canonical-syllable': '0', 'Growl': '0', 'High-freq-energy': '0', 'Long-island': '0', 'Low-tilt-spectrum': '0', 'Medium-island': '0', 'Short-island': '1', 'Squeal': '0', 'Typical-entropy': '1', 'Voicing-quality': '1', 'Wide-band': '0', 'Xlong-island': '0', 'seq': '1', 'end': 8169.35, 'start': 8169.14}, {'Canonical-syllable': '2', 'Growl': '0', 'High-freq-energy': '0', 'Long-island': '0', 'Low-tilt-spectrum': '0', 'Medium-island': '1', 'Short-island': '2', 'Squeal': '0', 'Typical-entropy': '0', 'Voicing-quality': '3', 'Wide-band': '0', 'Xlong-island': '0', 'seq': '2', 'end': 8170.91, 'start': 8169.96}]",0,0,[],[]
8170910,8172350,NA,NOF,0.0,286,CIC,NA,NA,NA,NA,0.0,0,-43.9,-33.29,[],0,0,[],[]
8172350,8173850,NA,OLF,0.0,286,CIC,NA,NA,NA,NA,0.0,0,-42.9,-39.0,[],0,0,[],[]
8173850,8174990,NA,NOF,0.0,286,CIC,NA,NA,NA,NA,0.0,0,-41.15,-27.69,[],0,0,[],[]
8174990,8175590,CHI,CHN,0.0,286,CIC,RC,0,NT,FH,1.0,600,-23.66,-16.81,"[{'Canonical-syllable': '1', 'Growl': '0', 'High-freq-energy': '0', 'Long-island': '0', 'Low-tilt-spectrum': '0', 'Medium-island': '1', 'Short-island': '0', 'Squeal': '0', 'Typical-entropy': '0', 'Voicing-quality': '1', 'Wide-band': '0', 'Xlong-island': '0', 'seq': '1', 'end': 8175.59, 'start': 8175.21}]",0,0,[],[]
8175590,8176960,NA,NOF,0.0,286,CIC,NA,NA,NA,NA,0.0,0,-44.49,-36.09,[],0,0,[],[]
8176960,8177570,CHI,CHN,0.0,286,CIC,RC,0,TIFI,FH,1.0,460,-26.28,-20.55,"[{'Canonical-syllable': '1', 'Growl': '0', 'High-freq-energy': '0', 'Long-island': '0', 'Low-tilt-spectrum': '0', 'Medium-island': '1', 'Short-island': '0', 'Squeal': '0', 'Typical-entropy': '0', 'Voicing-quality': '1', 'Wide-band': '0', 'Xlong-island': '0', 'seq': '1', 'end': 8177.42, 'start': 8177.08}]",0,0,[],[]
8177570,8179460,NA,NOF,0.0,286,CIC,NA,NA,NA,NA,0.0,0,-43.61,-34.74,[],0,0,[],[]
8179460,8180460,FEM,FAN,7.95,286,CIC,EC,1,TIFR,FI,0.0,0,-37.77,-34.16,[],0,0,[],[]
8180460,8183910,NA,NOF,0.0,287,pause,NA,NA,NA,NA,0.0,0,-35.71,-23.33,[],0,0,[],[]
8183910,8193160,NA,NON,0.0,287,pause,NA,NA,NA,NA,0.0,0,-43.53,-30.1,[],0,0,[],[]
8193160,8196610,NA,NOF,0.0,287,pause,NA,NA,NA,NA,0.0,0,-44.75,-40.12,[],0,0,[],[]
8196610,8207860,NA,NON,0.0,287,pause,NA,NA,NA,NA,0.0,0,-42.0,-25.78,[],0,0,[],[]
8207860,8210010,NA,NOF,0.0,287,pause,NA,NA,NA,NA,0.0,0,-31.13,-18.87,[],0,0,[],[]
8210010,8211930,CHI,CHN,0.0,287,CIOCX,BC,0,NT,FI,1.0,1920,-17.54,-7.32,"[{'Canonical-syllable': '2', 'Growl': '0', 'High-freq-energy': '0', 'Long-island': '0', 'Low-tilt-spectrum': '2', 'Medium-island': '3', 'Short-island': '1', 'Squeal': '0', 'Typical-entropy': '4', 'Voicing-quality': '4', 'Wide-band': '0', 'Xlong-island': '0', 'seq': '1', 'end': 8211.93, 'start': 8210.01}]",0,0,[],[]
8211930,8213140,NA,NOF,0.0,287,CIOCX,NA,NA,NA,NA,0.0,0,-25.75,-14.35,[],0,0,[],[]
8213140,8214260,NA,OLN,0.0,287,CIOCX,NA,NA,NA,NA,0.0,0,-24.81,-14.41,[],0,0,[],[]
8214260,8215110,CHI,CHN,0.0,287,CIOCX,RC,0,NT,FH,1.0,850,-26.12,-17.19,"[{'Canonical-syllable': '0', 'Growl': '1', 'High-freq-energy': '0', 'Long-island': '1', 'Low-tilt-spectrum': '0', 'Medium-island': '0', 'Short-island': '0', 'Squeal': '0', 'Typical-entropy': '1', 'Voicing-quality': '1', 'Wide-band': '0', 'Xlong-island': '0', 'seq': '1', 'end': 8215.11, 'start': 8214.26}]",0,0,[],[]
8215110,8216000,OCH,CXN,0.0,287,CIOCX,EC,0,NT,FI,0.0,0,-32.46,-24.53,[],0,0,[],[]
8216000,8221260,NA,NOF,0.0,288,pause,NA,NA,NA,NA,0.0,0,-27.98,-6.72,[],0,0,[],[]
8221260,8221860,CHI,CHN,0.0,288,CM,EC,0,NT,FI,1.0,600,-21.29,-16.31,"[{'Canonical-syllable': '0', 'Growl': '1', 'High-freq-energy': '0', 'Long-island': '0', 'Low-tilt-spectrum': '0', 'Medium-island': '1', 'Short-island': '0', 'Squeal': '0', 'Typical-entropy': '0', 'Voicing-quality': '1', 'Wide-band': '0', 'Xlong-island': '0', 'seq': '1', 'end': 8221.86, 'start': 8221.26}]",0,0,[],[]
8221860,8243480,NA,NOF,0.0,289,pause,NA,NA,NA,NA,0.0,0,-35.93,-15.74,[],0,0,[],[]
8243480,8244280,NA,OLN,0.0,289,pause,NA,NA,NA,NA,0.0,0,-32.28,-26.29,[],0,0,[],[]
8244280,8250120,NA,NON,0.0,289,pause,NA,NA,NA,NA,0.0,0,-36.73,-27.94,[],0,0,[],[]
8250120,8250970,NA,OLF,0.0,289,pause,NA,NA,NA,NA,0.0,0,-35.87,-28.61,[],0,0,[],[]
8250970,8252130,NA,NON,0.0,289,pause,NA,NA,NA,NA,0.0,0,-35.56,-20.77,[],0,0,[],[]
8252130,8253290,NA,OLN,0.0,289,pause,NA,NA,NA,NA,0.0,0,-27.7,-9.67,[],0,0,[],[]
8253290,8254780,NA,NON,0.0,289,pause,NA,NA,NA,NA,0.0,0,-27.4,-10.65,[],0,0,[],[]
8254780,8255650,NA,OLN,0.0,289,pause,NA,NA,NA,NA,0.0,0,-24.87,-9.7,[],0,0,[],[]
8255650,8257410,NA,NON,0.0,289,pause,NA,NA,NA,NA,0.0,0,-39.58,-29.73,[],0,0,[],[]
8257410,8263560,NA,NON,0.0,289,pause,NA,NA,NA,NA,0.0,0,-38.19,-20.48,[],0,0,[],[]
8263560,8265920,NA,NON,0.0,289,pause,NA,NA,NA,NA,0.0,0,-22.75,-4.3,[],0,0,[],[]
8265920,8267020,NA,OLN,0.0,289,pause,NA,NA,NA,NA,0.0,0,-28.96,-17.84,[],0,0,[],[]
8267020,8267720,CHI,CHN,0.0,289,CM,EC,0,NT,FI,1.0,700,-20.27,-11.11,"[{'Canonical-syllable': '1', 'Growl': '0', 'High-freq-energy': '0', 'Long-island': '0', 'Low-tilt-spectrum': '2', 'Medium-island': '1', 'Short-island': '1', 'Squeal': '0', 'Typical-entropy': '2', 'Voicing-quality': '2', 'Wide-band': '0', 'Xlong-island': '0', 'seq': '1', 'end': 8267.72, 'start': 8267.02}]",0,0,[],[]
8267720,8268690,NA,OLN,0.0,290,pause,NA,NA,NA,NA,0.0,0,-33.88,-26.68,[],0,0,[],[]
8268690,8270150,NA,NON,0.0,290,pause,NA,NA,NA,NA,0.0,0,-34.27,-23.39,[],0,0,[],[]
8270150,8271620,NA,OLN,0.0,290,pause,NA,NA,NA,NA,0.0,0,-37.03,-31.81,[],0,0,[],[]
8271620,8272480,NA,NON,0.0,290,pause,NA,NA,NA,NA,0.0,0,-36.66,-31.34,[],0,0,[],[]
8272480,8273780,NA,OLN,0.0,290,pause,NA,NA,NA,NA,0.0,0,-35.74,-29.85,[],0,0,[],[]
8273780,8274870,NA,NON,0.0,290,pause,NA,NA,NA,NA,0.0,0,-35.63,-27.92,[],0,0,[],[]
8274870,8278110,NA,OLN,0.0,290,pause,NA,NA,NA,NA,0.0,0,-30.16,-19.71,[],0,0,[],[]
8278110,8278770,CHI,CHN,0.0,290,CM,EC,0,NT,FI,1.0,660,-19.24,-12.2,"[{'Canonical-syllable': '0', 'Growl': '0', 'High-freq-energy': '0', 'Long-island': '0', 'Low-tilt-spectrum': '1', 'Medium-island': '1', 'Short-island': '0', 'Squeal': '0', 'Typical-entropy': '1', 'Voicing-quality': '1', 'Wide-band': '0', 'Xlong-island': '0', 'seq': '1', 'end': 8278.77, 'start': 8278.11}]",0,0,[],[]
8278770,8280000,NA,OLN,0.0,291,pause,NA,NA,NA,NA,0.0,0,-28.89,-12.88,[],0,0,[],[]
8280000,8282430,FEM,FAN,0.0,291,pause,NA,NA,NA,NA,0.0,0,-33.69,-25.26,[],2430,0,[],[]
8282430,8283790,NA,OLN,0.0,291,pause,NA,NA,NA,NA,0.0,0,-32.06,-26.95,[],0,0,[],[]
8283790,8285350,FEM,FAN,0.0,291,pause,NA,NA,NA,NA,0.0,0,-32.65,-28.38,[],1560,0,[],[]
8285350,8286060,CHI,CHN,0.0,291,CIOCX,BC,0,NT,FI,1.0,710,-23.54,-17.51,"[{'Canonical-syllable': '0', 'Growl': '0', 'High-freq-energy': '0', 'Long-island': '1', 'Low-tilt-spectrum': '1', 'Medium-island': '0', 'Short-island': '0', 'Squeal': '0', 'Typical-entropy': '1', 'Voicing-quality': '1', 'Wide-band': '0', 'Xlong-island': '0', 'seq': '1', 'end': 8286.06, 'start': 8285.35}]",0,0,[],[]
8286060,8287140,FEM,FAN,0.0,291,CIOCX,NA,NA,NA,NA,0.0,0,-33.54,-30.58,[],1080,0,[],[]
8287140,8288630,CHI,CHN,0.0,291,CIOCX,RC,0,NT,FH,1.0,1490,-20.11,-11.31,"[{'Canonical-syllable': '1', 'Growl': '1', 'High-freq-energy': '0', 'Long-island': '0', 'Low-tilt-spectrum': '4', 'Medium-island': '2', 'Short-island': '2', 'Squeal': '0', 'Typical-entropy': '4', 'Voicing-quality': '4', 'Wide-band': '0', 'Xlong-island': '0', 'seq': '1', 'end': 8288.63, 'start': 8287.14}]",0,0,[],[]
8288630,8289590,NA,OLN,0.0,291,CIOCX,NA,NA,NA,NA,0.0,0,-32.61,-25.81,[],0,0,[],[]
8289590,8290830,NA,NON,0.0,291,CIOCX,NA,NA,NA,NA,0.0,0,-34.94,-33.07,[],0,0,[],[]
8290830,8292530,NA,OLN,0.0,291,CIOCX,NA,NA,NA,NA,0.0,0,-29.91,-20.26,[],0,0,[],[]
8292530,8293270,CHI,CHN,0.0,291,CIOCX,RC,0,NT,FH,1.0,740,-19.51,-12.51,"[{'Canonical-syllable': '0', 'Growl': '0', 'High-freq-energy': '0', 'Long-island': '0', 'Low-tilt-spectrum': '1', 'Medium-island': '1', 'Short-island': '1', 'Squeal': '0', 'Typical-entropy': '1', 'Voicing-quality': '2', 'Wide-band': '1', 'Xlong-island': '0', 'seq': '1', 'end': 8293.27, 'start': 8292.53}]",0,0,[],[]
8293270,8295190,NA,OLN,0.0,291,CIOCX,NA,NA,NA,NA,0.0,0,-27.93,-18.76,[],0,0,[],[]
8295190,8295790,CHI,CHN,0.0,291,CIOCX,RC,0,NT,FH,1.0,600,-26.87,-21.38,"[{'Canonical-syllable': '0', 'Growl': '0', 'High-freq-energy': '0', 'Long-island': '0', 'Low-tilt-spectrum': '1', 'Medium-island': '1', 'Short-island': '0', 'Squeal': '0', 'Typical-entropy': '1', 'Voicing-quality': '1', 'Wide-band': '0', 'Xlong-island': '0', 'seq': '1', 'end': 8295.79, 'start': 8295.19}]",0,0,[],[]
8295790,8296650,NA,OLF,0.0,291,CIOCX,NA,NA,NA,NA,0.0,0,-39.49,-36.12,[],0,0,[],[]
8296650,8297750,NA,NOF,0.0,291,CIOCX,NA,NA,NA,NA,0.0,0,-40.03,-36.78,[],0,0,[],[]
8297750,8298390,CHI,CHN,0.0,291,CIOCX,RC,0,NT,FH,1.0,640,-25.98,-21.04,"[{'Canonical-syllable': '0', 'Growl': '0', 'High-freq-energy': '0', 'Long-island': '0', 'Low-tilt-spectrum': '1', 'Medium-island': '1', 'Short-island': '0', 'Squeal': '0', 'Typical-entropy': '1', 'Voicing-quality': '1', 'Wide-band': '0', 'Xlong-island': '0', 'seq': '1', 'end': 8298.39, 'start': 8297.75}]",0,0,[],[]
8298390,8299190,OCH,CXN,0.0,291,CIOCX,RC,0,NT,FI,0.0,0,-32.74,-22.56,[],0,0,[],[]
8299190,8299790,CHI,CHN,0.0,291,CIOCX,RC,0,NT,FI,1.0,600,-27.49,-21.44,"[{'Canonical-syllable': '0', 'Growl': '0', 'High-freq-energy': '0', 'Long-island': '0', 'Low-tilt-spectrum': '1', 'Medium-island': '1', 'Short-island': '0', 'Squeal': '0', 'Typical-entropy': '1', 'Voicing-quality': '1', 'Wide-band': '0', 'Xlong-island': '0', 'seq': '1', 'end': 8299.79, 'start': 8299.19}]",0,0,[],[]
8299790,8300590,NA,OLN,0.0,291,CIOCX,NA,NA,NA,NA,0.0,0,-34.28,-28.7,[],0,0,[],[]
8300590,8301190,CHI,CHN,0.0,291,CIOCX,RC,0,NT,FH,1.0,600,-23.34,-19.25,"[{'Canonical-syllable': '0', 'Growl': '0', 'High-freq-energy': '0', 'Long-island': '0', 'Low-tilt-spectrum': '0', 'Medium-island': '1', 'Short-island': '0', 'Squeal': '0', 'Typical-entropy': '1', 'Voicing-quality': '1', 'Wide-band': '0', 'Xlong-island': '0', 'seq': '1', 'end': 8301.19, 'start': 8300.59}]",0,0,[],[]
8301190,8302000,NA,OLN,0.0,291,CIOCX,NA,NA,NA,NA,0.0,0,-35.26,-29.93,[],0,0,[],[]
8302000,8302610,CHI,CHN,0.0,291,CIOCX,RC,0,NT,FH,1.0,610,-28.97,-24.71,"[{'Canonical-syllable': '0', 'Growl': '0', 'High-freq-energy': '0', 'Long-island': '0', 'Low-tilt-spectrum': '1', 'Medium-island': '1', 'Short-island': '0', 'Squeal': '0', 'Typical-entropy': '1', 'Voicing-quality': '1', 'Wide-band': '0', 'Xlong-island': '0', 'seq': '1', 'end': 8302.61, 'start': 8302.0}]",0,0,[],[]
8302610,8303420,NA,OLF,0.0,291,CIOCX,NA,NA,NA,NA,0.0,0,-33.56,-24.5,[],0,0,[],[]
8303420,8304030,CHI,CHN,0.0,291,CIOCX,RC,0,NT,FH,1.0,610,-27.49,-18.58,"[{'Canonical-syllable': '0', 'Growl': '1', 'High-freq-energy': '0', 'Long-island': '0', 'Low-tilt-spectrum': '2', 'Medium-island': '1', 'Short-island': '1', 'Squeal': '0', 'Typical-entropy': '2', 'Voicing-quality': '2', 'Wide-band': '0', 'Xlong-island': '0', 'seq': '1', 'end': 8304.03, 'start': 8303.42}]",0,0,[],[]
8304030,8305030,OCH,CXN,0.0,291,CIOCX,RC,0,NT,FI,0.0,0,-24.06,-16.69,[],0,0,[],[]
8305030,8305910,CHI,CHN,0.0,291,CIOCX,RC,0,NT,FI,1.0,880,-24.21,-17.97,"[{'Canonical-syllable': '0', 'Growl': '0', 'High-freq-energy': '0', 'Long-island': '1', 'Low-tilt-spectrum': '0', 'Medium-island': '0', 'Short-island': '0', 'Squeal': '0', 'Typical-entropy': '1', 'Voicing-quality': '1', 'Wide-band': '0', 'Xlong-island': '0', 'seq': '1', 'end': 8305.91, 'start': 8305.03}]",0,0,[],[]
8305910,8306780,NA,OLN,0.0,291,CIOCX,NA,NA,NA,NA,0.0,0,-35.47,-26.06,[],0,0,[],[]
8306780,8307470,OCH,CXN,0.0,291,CIOCX,RC,0,NT,FI,0.0,0,-33.7,-28.18,[],0,0,[],[]
8307470,8308270,NA,OLN,0.0,291,CIOCX,NA,NA,NA,NA,0.0,0,-32.37,-24.62,[],0,0,[],[]
8308270,8308870,OCH,CXN,0.0,291,CIOCX,RC,0,NT,FH,0.0,0,-29.6,-23.71,[],0,0,[],[]
8308870,8309670,NA,NOF,0.0,291,CIOCX,NA,NA,NA,NA,0.0,0,-39.66,-35.47,[],0,0,[],[]
8309670,8310340,CHI,CHN,0.0,291,CIOCX,RC,0,NT,FI,1.0,670,-24.03,-20.36,"[{'Canonical-syllable': '0', 'Growl': '0', 'High-freq-energy': '0', 'Long-island': '1', 'Low-tilt-spectrum': '0', 'Medium-island': '0', 'Short-island': '0', 'Squeal': '0', 'Typical-entropy': '1', 'Voicing-quality': '1', 'Wide-band': '0', 'Xlong-island': '0', 'seq': '1', 'end': 8310.34, 'start': 8309.67}]",0,0,[],[]
8310340,8311170,NA,NOF,0.0,291,CIOCX,NA,NA,NA,NA,0.0,0,-38.61,-33.72,[],0,0,[],[]
8311170,8312280,CHI,CHN,0.0,291,CIOCX,RC,0,NT,FH,1.0,820,-20.6,-14.63,"[{'Canonical-syllable': '0', 'Growl': '0', 'High-freq-energy': '0', 'Long-island': '1', 'Low-tilt-spectrum': '0', 'Medium-island': '0', 'Short-island': '0', 'Squeal': '0', 'Typical-entropy': '0', 'Voicing-quality': '1', 'Wide-band': '0', 'Xlong-island': '0', 'seq': '1', 'end': 8311.99, 'start': 8311.17}]",0,0,[],[]
8312280,8316020,NA,NOF,0.0,291,CIOCX,NA,NA,NA,NA,0.0,0,-37.39,-21.53,[],0,0,[],[]
8316020,8316860,OCH,CXN,0.0,291,CIOCX,RC,0,NT,FI,0.0,0,-37.11,-28.61,[],0,0,[],[]
8316860,8318120,NA,OLF,0.0,291,CIOCX,NA,NA,NA,NA,0.0,0,-32.62,-23.1,[],0,0,[],[]
8318120,8318920,NA,NOF,0.0,291,CIOCX,NA,NA,NA,NA,0.0,0,-34.69,-23.83,[],0,0,[],[]
8318920,8321100,CHI,CHN,0.0,291,CIOCX,RC,0,NT,FI,2.0,1830,-21.95,-9.81,"[{'Canonical-syllable': '0', 'Growl': '0', 'High-freq-energy': '0', 'Long-island': '0', 'Low-tilt-spectrum': '1', 'Medium-island': '1', 'Short-island': '0', 'Squeal': '0', 'Typical-entropy': '1', 'Voicing-quality': '1', 'Wide-band': '0', 'Xlong-island': '0', 'seq': '1', 'end': 8319.4, 'start': 8318.92}, {'Canonical-syllable': '1', 'Growl': '0', 'High-freq-energy': '0', 'Long-island': '0', 'Low-tilt-spectrum': '0', 'Medium-island': '1', 'Short-island': '2', 'Squeal': '0', 'Typical-entropy': '1', 'Voicing-quality': '3', 'Wide-band': '0', 'Xlong-island': '0', 'seq': '2', 'end': 8321.1, 'start': 8319.75}]",0,0,[],[]
8321100,8321930,NA,OLF,0.0,291,CIOCX,NA,NA,NA,NA,0.0,0,-32.92,-24.67,[],0,0,[],[]
8321930,8324070,NA,NOF,0.0,291,CIOCX,NA,NA,NA,NA,0.0,0,-31.84,-19.65,[],0,0,[],[]
8324070,8325180,OCH,CXN,0.0,291,CIOCX,RC,0,NT,FI,0.0,0,-27.94,-22.33,[],0,0,[],[]
8325180,8326840,NA,NOF,0.0,291,CIOCX,NA,NA,NA,NA,0.0,0,-28.33,-14.77,[],0,0,[],[]
8326840,8327580,CHI,CHN,0.0,291,CIOCX,RC,0,NT,FI,1.0,740,-22.64,-17.03,"[{'Canonical-syllable': '0', 'Growl': '0', 'High-freq-energy': '0', 'Long-island': '1', 'Low-tilt-spectrum': '0', 'Medium-island': '0', 'Short-island': '0', 'Squeal': '0', 'Typical-entropy': '1', 'Voicing-quality': '1', 'Wide-band': '0', 'Xlong-island': '0', 'seq': '1', 'end': 8327.58, 'start': 8326.84}]",0,0,[],[]
8327580,8328920,NA,NOF,0.0,291,CIOCX,NA,NA,NA,NA,0.0,0,-39.12,-27.45,[],0,0,[],[]
8328920,8329780,OCH,CXN,0.0,291,CIOCX,RC,0,NT,FI,0.0,0,-33.34,-25.49,[],0,0,[],[]
8329780,8331820,CHI,CHN,0.0,291,CIOCX,EC,0,NT,FI,1.0,1630,-24.53,-17.39,"[{'Canonical-syllable': '0', 'Growl': '0', 'High-freq-energy': '0', 'Long-island': '1', 'Low-tilt-spectrum': '4', 'Medium-island': '0', 'Short-island': '2', 'Squeal': '0', 'Typical-entropy': '3', 'Voicing-quality': '4', 'Wide-band': '0', 'Xlong-island': '0', 'seq': '1', 'end': 8331.82, 'start': 8330.19}]",0,0,[],[]
8331820,8334910,NA,NOF,0.0,292,pause,NA,NA,NA,NA,0.0,0,-31.73,-18.77,[],0,0,[],[]
8334910,8341660,NA,NON,0.0,292,pause,NA,NA,NA,NA,0.0,0,-36.1,-21.49,[],0,0,[],[]
8341660,8345210,NA,NOF,0.0,292,pause,NA,NA,NA,NA,0.0,0,-43.84,-35.14,[],0,0,[],[]
8345210,8346010,NA,OLN,0.0,292,pause,NA,NA,NA,NA,0.0,0,-36.33,-27.71,[],0,0,[],[]
8346010,8349440,NA,NOF,0.0,292,pause,NA,NA,NA,NA,0.0,0,-42.73,-33.04,[],0,0,[],[]
8349440,8350360,CHI,CHN,0.0,292,CIC,BC,0,NT,FI,1.0,750,-21.87,-15.34,"[{'Canonical-syllable': '0', 'Growl': '0', 'High-freq-energy': '1', 'Long-island': '0', 'Low-tilt-spectrum': '2', 'Medium-island': '1', 'Short-island': '0', 'Squeal': '0', 'Typical-entropy': '1', 'Voicing-quality': '2', 'Wide-band': '0', 'Xlong-island': '0', 'seq': '1', 'end': 8350.19, 'start': 8349.44}]",0,0,[],[]
8350360,8351720,NA,NOF,0.0,292,CIC,NA,NA,NA,NA,0.0,0,-40.7,-33.83,[],0,0,[],[]
8351720,8352790,CHI,CHN,0.0,292,CIC,RC,0,TIFI,FH,1.0,390,-13.23,-2.75,"[{'Canonical-syllable': '0', 'Growl': '0', 'High-freq-energy': '0', 'Long-island': '0', 'Low-tilt-spectrum': '1', 'Medium-island': '1', 'Short-island': '0', 'Squeal': '0', 'Typical-entropy': '1', 'Voicing-quality': '1', 'Wide-band': '0', 'Xlong-island': '0', 'seq': '1', 'end': 8352.44, 'start': 8352.05}]",0,0,[],[]
8352790,8357180,NA,NOF,0.0,292,CIC,NA,NA,NA,NA,0.0,0,-38.89,-30.1,[],0,0,[],[]
8357180,8358600,FEM,FAN,7.18,292,CIC,RC,1,TIFR,FI,0.0,0,-33.46,-24.78,[],0,0,[],[]
8358600,8360200,NA,NOF,0.0,292,CIC,NA,NA,NA,NA,0.0,0,-41.35,-30.94,[],0,0,[],[]
8360200,8361990,CHI,CHN,0.0,292,CIC,RC,1,TIFE,FI,2.0,1360,-24.04,-12.88,"[{'Canonical-syllable': '2', 'Growl': '0', 'High-freq-energy': '1', 'Long-island': '0', 'Low-tilt-spectrum': '2', 'Medium-island': '0', 'Short-island': '3', 'Squeal': '1', 'Typical-entropy': '3', 'Voicing-quality': '2', 'Wide-band': '1', 'Xlong-island': '0', 'seq': '1', 'end': 8360.86, 'start': 8360.2}, {'Canonical-syllable': '0', 'Growl': '1', 'High-freq-energy': '0', 'Long-island': '1', 'Low-tilt-spectrum': '0', 'Medium-island': '0', 'Short-island': '0', 'Squeal': '0', 'Typical-entropy': '1', 'Voicing-quality': '1', 'Wide-band': '0', 'Xlong-island': '0', 'seq': '2', 'end': 8361.99, 'start': 8361.29}]",0,0,[],[]
8361990,8364080,NA,NOF,0.0,292,CIC,NA,NA,NA,NA,0.0,0,-24.89,-7.34,[],0,0,[],[]
8364080,8365090,NA,FAF,0.0,292,CIC,NA,NA,NA,NA,0.0,0,-37.43,-32.76,[],0,0,[],[]
8365090,8366730,NA,NOF,0.0,292,CIC,NA,NA,NA,NA,0.0,0,-34.72,-26.41,[],0,0,[],[]
8366730,8372080,CHI,CHN,0.0,292,CIC,RC,1,NT,FH,6.0,3240,-20.65,-8.69,"[{'Canonical-syllable': '1', 'Growl': '0', 'High-freq-energy': '0', 'Long-island': '0', 'Low-tilt-spectrum': '0', 'Medium-island': '1', 'Short-island': '0', 'Squeal': '0', 'Typical-entropy': '1', 'Voicing-quality': '1', 'Wide-band': '0', 'Xlong-island': '0', 'seq': '1', 'end': 8367.05, 'start': 8366.73}, {'Canonical-syllable': '1', 'Growl': '0', 'High-freq-energy': '0', 'Long-island': '0', 'Low-tilt-spectrum': '0', 'Medium-island': '0', 'Short-island': '1', 'Squeal': '0', 'Typical-entropy': '0', 'Voicing-quality': '1', 'Wide-band': '0', 'Xlong-island': '0', 'seq': '2', 'end': 8367.52, 'start': 8367.4}, {'Canonical-syllable': '0', 'Growl': '0', 'High-freq-energy': '0', 'Long-island': '0', 'Low-tilt-spectrum': '0', 'Medium-island': '0', 'Short-island': '1', 'Squeal': '0', 'Typical-entropy': '0', 'Voicing-quality': '1', 'Wide-band': '0', 'Xlong-island': '0', 'seq': '3', 'end': 8368.18, 'start': 8368.01}, {'Canonical-syllable': '1', 'Growl': '0', 'High-freq-energy': '0', 'Long-island': '0', 'Low-tilt-spectrum': '1', 'Medium-island': '1', 'Short-island': '0', 'Squeal': '0', 'Typical-entropy': '0', 'Voicing-quality': '1', 'Wide-band': '0', 'Xlong-island': '0', 'seq': '4', 'end': 8369.06, 'start': 8368.71}, {'Canonical-syllable': '0', 'Growl': '1', 'High-freq-energy': '0', 'Long-island': '0', 'Low-tilt-spectrum': '2', 'Medium-island': '2', 'Short-island': '0', 'Squeal': '0', 'Typical-entropy': '2', 'Voicing-quality': '3', 'Wide-band': '0', 'Xlong-island': '0', 'seq': '5', 'end': 8370.7, 'start': 8369.45}, {'Canonical-syllable': '1', 'Growl': '0', 'High-freq-energy': '0', 'Long-island': '0', 'Low-tilt-spectrum': '2', 'Medium-island': '1', 'Short-island': '2', 'Squeal': '0', 'Typical-entropy': '2', 'Voicing-quality': '3', 'Wide-band': '0', 'Xlong-island': '0', 'seq': '6', 'end': 8372.08, 'start': 8371.05}]",0,0,[],[]
8372080,8372930,NA,NOF,0.0,292,CIC,NA,NA,NA,NA,0.0,0,-43.98,-39.7,[],0,0,[],[]
8372930,8374010,CHI,CHN,0.0,292,CIC,RC,1,TIFI,FH,2.0,630,-22.25,-12.55,"[{'Canonical-syllable': '0', 'Growl': '1', 'High-freq-energy': '1', 'Long-island': '0', 'Low-tilt-spectrum': '1', 'Medium-island': '0', 'Short-island': '1', 'Squeal': '0', 'Typical-entropy': '1', 'Voicing-quality': '1', 'Wide-band': '0', 'Xlong-island': '0', 'seq': '1', 'end': 8373.1, 'start': 8372.93}, {'Canonical-syllable': '0', 'Growl': '0', 'High-freq-energy': '0', 'Long-island': '0', 'Low-tilt-spectrum': '0', 'Medium-island': '0', 'Short-island': '2', 'Squeal': '0', 'Typical-entropy': '0', 'Voicing-quality': '2', 'Wide-band': '0', 'Xlong-island': '0', 'seq': '2', 'end': 8374.01, 'start': 8373.55}]",0,0,[],[]
8374010,8374820,FEM,FAN,2.29,292,CIC,EC,2,TIFR,FI,0.0,0,-38.24,-30.14,[],0,0,[],[]
8374820,8376350,NA,NOF,0.0,293,pause,NA,NA,NA,NA,0.0,0,-32.82,-14.72,[],0,0,[],[]
8376350,8377530,NA,OLN,0.0,293,pause,NA,NA,NA,NA,0.0,0,-25.0,-7.93,[],0,0,[],[]
8377530,8383980,NA,NOF,0.0,293,pause,NA,NA,NA,NA,0.0,0,-38.53,-21.96,[],0,0,[],[]
8383980,8385030,CHI,CHN,0.0,293,CIOCX,BC,0,NT,FI,1.0,1050,-20.13,-11.88,"[{'Canonical-syllable': '1', 'Growl': '0', 'High-freq-energy': '0', 'Long-island': '0', 'Low-tilt-spectrum': '1', 'Medium-island': '0', 'Short-island': '3', 'Squeal': '0', 'Typical-entropy': '2', 'Voicing-quality': '3', 'Wide-band': '0', 'Xlong-island': '0', 'seq': '1', 'end': 8385.03, 'start': 8383.98}]",0,0,[],[]
8385030,8386080,NA,OLN,0.0,293,CIOCX,NA,NA,NA,NA,0.0,0,-36.28,-29.37,[],0,0,[],[]
8386080,8387140,OCH,CXN,0.0,293,CIOCX,RC,0,NT,FI,0.0,0,-34.32,-27.48,[],0,0,[],[]
8387140,8388100,NA,NOF,0.0,293,CIOCX,NA,NA,NA,NA,0.0,0,-40.11,-27.25,[],0,0,[],[]
8388100,8388780,CHI,CHN,0.0,293,CIOCX,RC,0,NT,FI,1.0,680,-22.02,-17.64,"[{'Canonical-syllable': '1', 'Growl': '0', 'High-freq-energy': '0', 'Long-island': '0', 'Low-tilt-spectrum': '1', 'Medium-island': '1', 'Short-island': '0', 'Squeal': '0', 'Typical-entropy': '1', 'Voicing-quality': '1', 'Wide-band': '0', 'Xlong-island': '0', 'seq': '1', 'end': 8388.78, 'start': 8388.1}]",0,0,[],[]
8388780,8389580,NA,NOF,0.0,293,CIOCX,NA,NA,NA,NA,0.0,0,-40.74,-35.31,[],0,0,[],[]
8389580,8390220,CHI,CHN,0.0,293,CIOCX,RC,0,NT,FH,1.0,640,-23.15,-16.49,"[{'Canonical-syllable': '0', 'Growl': '0', 'High-freq-energy': '0', 'Long-island': '0', 'Low-tilt-spectrum': '1', 'Medium-island': '1', 'Short-island': '0', 'Squeal': '0', 'Typical-entropy': '1', 'Voicing-quality': '1', 'Wide-band': '0', 'Xlong-island': '0', 'seq': '1', 'end': 8390.22, 'start': 8389.58}]",0,0,[],[]
8390220,8391220,CHI,CHN,0.0,293,CIOCX,RC,0,NT,FH,1.0,800,-27.9,-19.17,"[{'Canonical-syllable': '1', 'Growl': '1', 'High-freq-energy': '1', 'Long-island': '0', 'Low-tilt-spectrum': '2', 'Medium-island': '0', 'Short-island': '2', 'Squeal': '0', 'Typical-entropy': '2', 'Voicing-quality': '2', 'Wide-band': '0', 'Xlong-island': '0', 'seq': '1', 'end': 8391.02, 'start': 8390.52}]",0,0,[],[]
8391220,8391820,OCH,CXN,0.0,293,CIOCX,RC,0,NT,FI,0.0,0,-27.04,-21.31,[],0,0,[],[]
8391820,8393810,NA,NOF,0.0,293,CIOCX,NA,NA,NA,NA,0.0,0,-41.01,-33.43,[],0,0,[],[]
8393810,8394410,CHI,CHN,0.0,293,CIOCX,EC,0,NT,FI,1.0,600,-29.43,-25.17,"[{'Canonical-syllable': '0', 'Growl': '0', 'High-freq-energy': '0', 'Long-island': '0', 'Low-tilt-spectrum': '1', 'Medium-island': '1', 'Short-island': '0', 'Squeal': '0', 'Typical-entropy': '1', 'Voicing-quality': '1', 'Wide-band': '0', 'Xlong-island': '0', 'seq': '1', 'end': 8394.41, 'start': 8393.81}]",0,0,[],[]
8394410,8397440,NA,NOF,0.0,294,pause,NA,NA,NA,NA,0.0,0,-29.26,-9.34,[],0,0,[],[]
8397440,8398040,NA,OLN,0.0,294,pause,NA,NA,NA,NA,0.0,0,-34.16,-29.82,[],0,0,[],[]
8398040,8404030,NA,NON,0.0,294,pause,NA,NA,NA,NA,0.0,0,-38.86,-20.04,[],0,0,[],[]
8404030,8404640,CHI,CHN,0.0,294,CM,EC,0,NT,FI,1.0,530,-21.66,-13.77,"[{'Canonical-syllable': '1', 'Growl': '0', 'High-freq-energy': '0', 'Long-island': '0', 'Low-tilt-spectrum': '0', 'Medium-island': '1', 'Short-island': '0', 'Squeal': '0', 'Typical-entropy': '1', 'Voicing-quality': '1', 'Wide-band': '0', 'Xlong-island': '0', 'seq': '1', 'end': 8404.56, 'start': 8404.27}]",0,0,[],[]
8404640,8405900,NA,OLN,0.0,295,pause,NA,NA,NA,NA,0.0,0,-29.55,-21.27,[],0,0,[],[]
8405900,8412250,NA,NOF,0.0,295,pause,NA,NA,NA,NA,0.0,0,-42.97,-38.54,[],0,0,[],[]
8412250,8412850,CHI,CHN,0.0,295,CM,BC,0,NT,FI,1.0,600,-27.3,-20.8,"[{'Canonical-syllable': '1', 'Growl': '1', 'High-freq-energy': '0', 'Long-island': '0', 'Low-tilt-spectrum': '1', 'Medium-island': '1', 'Short-island': '0', 'Squeal': '0', 'Typical-entropy': '2', 'Voicing-quality': '1', 'Wide-band': '0', 'Xlong-island': '0', 'seq': '1', 'end': 8412.85, 'start': 8412.25}]",0,0,[],[]
8412850,8417020,NA,NOF,0.0,295,CM,NA,NA,NA,NA,0.0,0,-39.77,-23.24,[],0,0,[],[]
8417020,8419510,CHI,CHN,0.0,295,CM,EC,0,NT,FH,1.0,2490,-22.23,-12.01,"[{'Canonical-syllable': '2', 'Growl': '1', 'High-freq-energy': '1', 'Long-island': '0', 'Low-tilt-spectrum': '3', 'Medium-island': '2', 'Short-island': '4', 'Squeal': '0', 'Typical-entropy': '4', 'Voicing-quality': '6', 'Wide-band': '0', 'Xlong-island': '0', 'seq': '1', 'end': 8419.51, 'start': 8417.02}]",0,0,[],[]
8419510,8421780,NA,OLN,0.0,296,pause,NA,NA,NA,NA,0.0,0,-35.5,-26.85,[],0,0,[],[]
8421780,8433710,NA,NOF,0.0,296,pause,NA,NA,NA,NA,0.0,0,-39.79,-23.22,[],0,0,[],[]
8433710,8446360,NA,NON,0.0,296,pause,NA,NA,NA,NA,0.0,0,-42.94,-29.69,[],0,0,[],[]
8446360,8466410,NA,NOF,0.0,296,pause,NA,NA,NA,NA,0.0,0,-41.61,-23.72,[],0,0,[],[]
8466410,8471910,NA,NON,0.0,296,pause,NA,NA,NA,NA,0.0,0,-34.63,-17.45,[],0,0,[],[]
8471910,8478810,NA,NON,0.0,296,pause,NA,NA,NA,NA,0.0,0,-32.49,-15.04,[],0,0,[],[]
8478810,8488660,NA,NON,0.0,296,pause,NA,NA,NA,NA,0.0,0,-40.05,-23.98,[],0,0,[],[]
8488660,8496430,NA,NOF,0.0,296,pause,NA,NA,NA,NA,0.0,0,-41.0,-24.48,[],0,0,[],[]
8496430,8497030,CHI,CHN,0.0,296,CIOCX,BC,0,NT,FI,1.0,600,-25.83,-17.59,"[{'Canonical-syllable': '0', 'Growl': '0', 'High-freq-energy': '0', 'Long-island': '0', 'Low-tilt-spectrum': '0', 'Medium-island': '0', 'Short-island': '1', 'Squeal': '0', 'Typical-entropy': '0', 'Voicing-quality': '1', 'Wide-band': '0', 'Xlong-island': '0', 'seq': '1', 'end': 8497.03, 'start': 8496.52}]",0,0,[],[]
8497030,8497840,OCH,CXN,0.0,296,CIOCX,RC,0,NT,FI,0.0,0,-30.74,-19.68,[],0,0,[],[]
8497840,8498640,NA,OLF,0.0,296,CIOCX,NA,NA,NA,NA,0.0,0,-37.04,-28.22,[],0,0,[],[]
8498640,8499890,OCH,CXN,0.0,296,CIOCX,EC,0,NT,FH,0.0,0,-28.96,-20.09,[],0,0,[],[]
8499890,8507120,NA,NOF,0.0,297,pause,NA,NA,NA,NA,0.0,0,-40.88,-24.16,[],0,0,[],[]
8507120,8508540,NA,CXF,0.0,297,pause,NA,NA,NA,NA,0.0,0,-39.66,-29.82,[],0,0,[],[]
8508540,8514510,NA,NOF,0.0,297,pause,NA,NA,NA,NA,0.0,0,-36.22,-22.19,[],0,0,[],[]
8514510,8519960,NA,NON,0.0,297,pause,NA,NA,NA,NA,0.0,0,-36.24,-20.95,[],0,0,[],[]
8519960,8521830,NA,NOF,0.0,297,pause,NA,NA,NA,NA,0.0,0,-28.28,-18.57,[],0,0,[],[]
8521830,8522850,CHI,CHN,0.0,297,CM,BC,0,NT,FI,1.0,1020,-20.95,-12.09,"[{'Canonical-syllable': '0', 'Growl': '1', 'High-freq-energy': '0', 'Long-island': '1', 'Low-tilt-spectrum': '1', 'Medium-island': '0', 'Short-island': '1', 'Squeal': '0', 'Typical-entropy': '2', 'Voicing-quality': '2', 'Wide-band': '0', 'Xlong-island': '0', 'seq': '1', 'end': 8522.85, 'start': 8521.83}]",0,0,[],[]
8522850,8524190,NA,NON,0.0,297,CM,NA,NA,NA,NA,0.0,0,-36.46,-29.85,[],0,0,[],[]
8524190,8525330,NA,OLN,0.0,297,CM,NA,NA,NA,NA,0.0,0,-31.26,-23.1,[],0,0,[],[]
8525330,8526080,CHI,CHN,0.0,297,CM,EC,0,NT,FH,1.0,750,-29.25,-24.72,"[{'Canonical-syllable': '0', 'Growl': '0', 'High-freq-energy': '0', 'Long-island': '1', 'Low-tilt-spectrum': '1', 'Medium-island': '0', 'Short-island': '0', 'Squeal': '0', 'Typical-entropy': '1', 'Voicing-quality': '1', 'Wide-band': '0', 'Xlong-island': '0', 'seq': '1', 'end': 8526.08, 'start': 8525.33}]",0,0,[],[]
8526080,8533150,NA,NOF,0.0,298,pause,NA,NA,NA,NA,0.0,0,-35.01,-17.77,[],0,0,[],[]
8533150,8534970,CHI,CHN,0.0,298,CM,EC,0,NT,FI,1.0,1820,-16.24,-5.55,"[{'Canonical-syllable': '1', 'Growl': '0', 'High-freq-energy': '0', 'Long-island': '0', 'Low-tilt-spectrum': '3', 'Medium-island': '1', 'Short-island': '3', 'Squeal': '1', 'Typical-entropy': '4', 'Voicing-quality': '4', 'Wide-band': '0', 'Xlong-island': '0', 'seq': '1', 'end': 8534.97, 'start': 8533.15}]",0,0,[],[]
8534970,8538010,NA,NOF,0.0,299,pause,NA,NA,NA,NA,0.0,0,-38.75,-28.25,[],0,0,[],[]
8538010,8538810,NA,OLF,0.0,299,pause,NA,NA,NA,NA,0.0,0,-40.03,-35.53,[],0,0,[],[]
8538810,8541680,NA,NOF,0.0,299,pause,NA,NA,NA,NA,0.0,0,-40.58,-29.73,[],0,0,[],[]
8541680,8542580,CHI,CHN,0.0,299,CM,BC,0,NT,FI,1.0,900,-26.91,-19.44,"[{'Canonical-syllable': '1', 'Growl': '1', 'High-freq-energy': '0', 'Long-island': '0', 'Low-tilt-spectrum': '2', 'Medium-island': '0', 'Short-island': '3', 'Squeal': '0', 'Typical-entropy': '3', 'Voicing-quality': '3', 'Wide-band': '0', 'Xlong-island': '0', 'seq': '1', 'end': 8542.58, 'start': 8541.68}]",0,0,[],[]
8542580,8543380,NA,NOF,0.0,299,CM,NA,NA,NA,NA,0.0,0,-34.45,-24.94,[],0,0,[],[]
8543380,8544990,CHI,CHN,0.0,299,CM,RC,0,NT,FH,2.0,1000,-19.82,-10.85,"[{'Canonical-syllable': '0', 'Growl': '0', 'High-freq-energy': '0', 'Long-island': '0', 'Low-tilt-spectrum': '1', 'Medium-island': '0', 'Short-island': '1', 'Squeal': '0', 'Typical-entropy': '1', 'Voicing-quality': '1', 'Wide-band': '0', 'Xlong-island': '0', 'seq': '1', 'end': 8543.64, 'start': 8543.38}, {'Canonical-syllable': '0', 'Growl': '0', 'High-freq-energy': '0', 'Long-island': '1', 'Low-tilt-spectrum': '0', 'Medium-island': '0', 'Short-island': '0', 'Squeal': '0', 'Typical-entropy': '0', 'Voicing-quality': '1', 'Wide-band': '0', 'Xlong-island': '0', 'seq': '2', 'end': 8544.77, 'start': 8544.03}]",0,0,[],[]
8544990,8545790,NA,NOF,0.0,299,CM,NA,NA,NA,NA,0.0,0,-41.91,-37.02,[],0,0,[],[]
8545790,8548130,CHI,CHN,0.0,299,CM,EC,0,NT,FH,1.0,2340,-20.63,-10.6,"[{'Canonical-syllable': '1', 'Growl': '1', 'High-freq-energy': '0', 'Long-island': '0', 'Low-tilt-spectrum': '4', 'Medium-island': '2', 'Short-island': '2', 'Squeal': '0', 'Typical-entropy': '4', 'Voicing-quality': '4', 'Wide-band': '0', 'Xlong-island': '0', 'seq': '1', 'end': 8548.13, 'start': 8545.79}]",0,0,[],[]
8548130,8548940,NA,OLF,0.0,300,pause,NA,NA,NA,NA,0.0,0,-39.64,-31.3,[],0,0,[],[]
8548940,8552580,NA,NOF,0.0,300,pause,NA,NA,NA,NA,0.0,0,-40.13,-27.9,[],0,0,[],[]
8552580,8554730,NA,OLN,0.0,300,pause,NA,NA,NA,NA,0.0,0,-37.12,-24.07,[],0,0,[],[]
8554730,8560980,NA,NOF,0.0,300,pause,NA,NA,NA,NA,0.0,0,-41.29,-30.3,[],0,0,[],[]
8560980,8562810,CHI,CHN,0.0,300,CIC,BC,0,TIFI,FI,2.0,1370,-18.33,-8.59,"[{'Canonical-syllable': '0', 'Growl': '1', 'High-freq-energy': '0', 'Long-island': '0', 'Low-tilt-spectrum': '2', 'Medium-island': '1', 'Short-island': '2', 'Squeal': '0', 'Typical-entropy': '3', 'Voicing-quality': '3', 'Wide-band': '0', 'Xlong-island': '0', 'seq': '1', 'end': 8561.99, 'start': 8560.98}, {'Canonical-syllable': '0', 'Growl': '0', 'High-freq-energy': '0', 'Long-island': '0', 'Low-tilt-spectrum': '0', 'Medium-island': '1', 'Short-island': '0', 'Squeal': '0', 'Typical-entropy': '1', 'Voicing-quality': '1', 'Wide-band': '0', 'Xlong-island': '0', 'seq': '2', 'end': 8562.67, 'start': 8562.31}]",0,0,[],[]
8562810,8564530,FEM,FAN,8.63,300,CIC,RC,1,TIFR,FI,0.0,0,-36.58,-28.75,[],0,0,[],[]
8564530,8565960,NA,NOF,0.0,300,CIC,NA,NA,NA,NA,0.0,0,-43.23,-36.91,[],0,0,[],[]
8565960,8566750,CHI,CHN,0.0,300,CIC,RC,1,TIFE,FI,2.0,430,-25.48,-17.11,"[{'Canonical-syllable': '0', 'Growl': '1', 'High-freq-energy': '0', 'Long-island': '0', 'Low-tilt-spectrum': '0', 'Medium-island': '0', 'Short-island': '1', 'Squeal': '0', 'Typical-entropy': '1', 'Voicing-quality': '1', 'Wide-band': '0', 'Xlong-island': '0', 'seq': '1', 'end': 8566.13, 'start': 8565.96}, {'Canonical-syllable': '0', 'Growl': '0', 'High-freq-energy': '0', 'Long-island': '0', 'Low-tilt-spectrum': '0', 'Medium-island': '0', 'Short-island': '1', 'Squeal': '0', 'Typical-entropy': '1', 'Voicing-quality': '1', 'Wide-band': '0', 'Xlong-island': '0', 'seq': '2', 'end': 8566.75, 'start': 8566.49}]",0,0,[],[]
8566750,8567650,NA,NOF,0.0,300,CIC,NA,NA,NA,NA,0.0,0,-41.48,-38.27,[],0,0,[],[]
8567650,8568810,CHI,CHN,0.0,300,CIC,RC,1,NT,FH,2.0,320,-18.26,-8.94,"[{'Canonical-syllable': '1', 'Growl': '0', 'High-freq-energy': '0', 'Long-island': '0', 'Low-tilt-spectrum': '0', 'Medium-island': '0', 'Short-island': '1', 'Squeal': '0', 'Typical-entropy': '1', 'Voicing-quality': '1', 'Wide-band': '0', 'Xlong-island': '0', 'seq': '1', 'end': 8567.8, 'start': 8567.65}, {'Canonical-syllable': '0', 'Growl': '0', 'High-freq-energy': '0', 'Long-island': '0', 'Low-tilt-spectrum': '1', 'Medium-island': '0', 'Short-island': '1', 'Squeal': '0', 'Typical-entropy': '1', 'Voicing-quality': '1', 'Wide-band': '0', 'Xlong-island': '0', 'seq': '2', 'end': 8568.81, 'start': 8568.64}]",0,0,[],[]
8568810,8569720,NA,NON,0.0,300,CIC,NA,NA,NA,NA,0.0,0,-38.27,-30.19,[],0,0,[],[]
8569720,8571410,CHI,CHN,0.0,300,CIC,RC,1,NT,FH,1.0,1690,-19.51,-12.58,"[{'Canonical-syllable': '0', 'Growl': '0', 'High-freq-energy': '0', 'Long-island': '2', 'Low-tilt-spectrum': '0', 'Medium-island': '0', 'Short-island': '0', 'Squeal': '0', 'Typical-entropy': '1', 'Voicing-quality': '2', 'Wide-band': '0', 'Xlong-island': '0', 'seq': '1', 'end': 8571.41, 'start': 8569.72}]",0,0,[],[]
8571410,8573460,NA,NOF,0.0,300,CIC,NA,NA,NA,NA,0.0,0,-29.8,-7.72,[],0,0,[],[]
8573460,8574910,CHI,CHN,0.0,300,CIC,RC,1,NT,FH,1.0,740,-17.79,-4.17,"[{'Canonical-syllable': '1', 'Growl': '1', 'High-freq-energy': '0', 'Long-island': '0', 'Low-tilt-spectrum': '2', 'Medium-island': '1', 'Short-island': '0', 'Squeal': '0', 'Typical-entropy': '2', 'Voicing-quality': '1', 'Wide-band': '1', 'Xlong-island': '0', 'seq': '1', 'end': 8574.2, 'start': 8573.6}]",0,0,[],[]
8574910,8575710,NA,NOF,0.0,300,CIC,NA,NA,NA,NA,0.0,0,-38.82,-31.74,[],0,0,[],[]
8575710,8576310,CHI,CHN,0.0,300,CIC,RC,1,NT,FH,1.0,600,-32.21,-26.21,"[{'Canonical-syllable': '0', 'Growl': '1', 'High-freq-energy': '0', 'Long-island': '0', 'Low-tilt-spectrum': '1', 'Medium-island': '1', 'Short-island': '0', 'Squeal': '0', 'Typical-entropy': '1', 'Voicing-quality': '1', 'Wide-band': '0', 'Xlong-island': '0', 'seq': '1', 'end': 8576.31, 'start': 8575.71}]",0,0,[],[]
8576310,8577750,NA,NOF,0.0,300,CIC,NA,NA,NA,NA,0.0,0,-40.54,-35.77,[],0,0,[],[]
8577750,8578800,CHI,CHN,0.0,300,CIC,RC,1,NT,FH,1.0,1050,-22.45,-14.29,"[{'Canonical-syllable': '0', 'Growl': '0', 'High-freq-energy': '0', 'Long-island': '0', 'Low-tilt-spectrum': '0', 'Medium-island': '0', 'Short-island': '0', 'Squeal': '0', 'Typical-entropy': '1', 'Voicing-quality': '1', 'Wide-band': '0', 'Xlong-island': '1', 'seq': '1', 'end': 8578.8, 'start': 8577.75}]",0,0,[],[]
8578800,8579680,CHI,CHN,0.0,300,CIC,RC,1,NT,FH,1.0,880,-27.67,-23.64,"[{'Canonical-syllable': '0', 'Growl': '0', 'High-freq-energy': '0', 'Long-island': '1', 'Low-tilt-spectrum': '0', 'Medium-island': '0', 'Short-island': '0', 'Squeal': '0', 'Typical-entropy': '1', 'Voicing-quality': '1', 'Wide-band': '0', 'Xlong-island': '0', 'seq': '1', 'end': 8579.68, 'start': 8578.8}]",0,0,[],[]
8579680,8582480,NA,NOF,0.0,300,CIC,NA,NA,NA,NA,0.0,0,-39.9,-30.1,[],0,0,[],[]
8582480,8583300,CHI,CHN,0.0,300,CIC,RC,1,NT,FH,2.0,480,-31.21,-23.48,"[{'Canonical-syllable': '0', 'Growl': '1', 'High-freq-energy': '0', 'Long-island': '0', 'Low-tilt-spectrum': '0', 'Medium-island': '0', 'Short-island': '1', 'Squeal': '0', 'Typical-entropy': '1', 'Voicing-quality': '1', 'Wide-band': '0', 'Xlong-island': '0', 'seq': '1', 'end': 8582.7, 'start': 8582.48}, {'Canonical-syllable': '1', 'Growl': '0', 'High-freq-energy': '0', 'Long-island': '0', 'Low-tilt-spectrum': '0', 'Medium-island': '0', 'Short-island': '1', 'Squeal': '0', 'Typical-entropy': '0', 'Voicing-quality': '1', 'Wide-band': '0', 'Xlong-island': '0', 'seq': '2', 'end': 8583.3, 'start': 8583.04}]",0,0,[],[]
8583300,8584100,OCH,CXN,0.0,300,CIC,RC,1,NT,FI,0.0,0,-33.08,-25.66,[],0,0,[],[]
8584100,8585240,CHI,CHN,0.0,300,CIC,RC,1,NT,FI,1.0,1140,-18.26,-12.68,"[{'Canonical-syllable': '0', 'Growl': '0', 'High-freq-energy': '0', 'Long-island': '1', 'Low-tilt-spectrum': '0', 'Medium-island': '0', 'Short-island': '0', 'Squeal': '0', 'Typical-entropy': '0', 'Voicing-quality': '1', 'Wide-band': '0', 'Xlong-island': '0', 'seq': '1', 'end': 8585.24, 'start': 8584.4}]",0,0,[],[]
8585240,8586040,NA,OLF,0.0,300,CIC,NA,NA,NA,NA,0.0,0,-37.62,-27.91,[],0,0,[],[]
8586040,8586650,CHI,CHN,0.0,300,CIC,RC,1,NT,FH,1.0,610,-27.28,-20.4,"[{'Canonical-syllable': '0', 'Growl': '0', 'High-freq-energy': '0', 'Long-island': '0', 'Low-tilt-spectrum': '0', 'Medium-island': '1', 'Short-island': '0', 'Squeal': '0', 'Typical-entropy': '1', 'Voicing-quality': '1', 'Wide-band': '0', 'Xlong-island': '0', 'seq': '1', 'end': 8586.65, 'start': 8586.04}]",0,0,[],[]
8586650,8587460,OCH,CXN,0.0,300,CIC,RC,1,NT,FI,0.0,0,-29.39,-23.23,[],0,0,[],[]
8587460,8589160,CHI,CHN,0.0,300,CIC,EC,1,NT,FI,2.0,1340,-24.62,-17.51,"[{'Canonical-syllable': '1', 'Growl': '1', 'High-freq-energy': '0', 'Long-island': '0', 'Low-tilt-spectrum': '1', 'Medium-island': '1', 'Short-island': '1', 'Squeal': '0', 'Typical-entropy': '2', 'Voicing-quality': '1', 'Wide-band': '1', 'Xlong-island': '0', 'seq': '1', 'end': 8588.13, 'start': 8587.46}, {'Canonical-syllable': '0', 'Growl': '0', 'High-freq-energy': '0', 'Long-island': '1', 'Low-tilt-spectrum': '0', 'Medium-island': '0', 'Short-island': '0', 'Squeal': '0', 'Typical-entropy': '0', 'Voicing-quality': '1', 'Wide-band': '0', 'Xlong-island': '0', 'seq': '2', 'end': 8589.16, 'start': 8588.49}]",0,0,[],[]
8589160,8591430,NA,NOF,0.0,301,pause,NA,NA,NA,NA,0.0,0,-40.28,-30.86,[],0,0,[],[]
8591430,8592540,NA,CXF,0.0,301,pause,NA,NA,NA,NA,0.0,0,-37.98,-30.6,[],0,0,[],[]
8592540,8595590,NA,NOF,0.0,301,pause,NA,NA,NA,NA,0.0,0,-42.75,-32.53,[],0,0,[],[]
8595590,8596190,OCH,CXN,0.0,301,XIOCC,BC,0,NT,FI,0.0,0,-31.13,-26.81,[],0,0,[],[]
8596190,8597140,OCH,CXN,0.0,301,XIOCC,RC,0,NT,FH,0.0,0,-34.74,-29.38,[],0,0,[],[]
8597140,8597980,NA,NOF,0.0,301,XIOCC,NA,NA,NA,NA,0.0,0,-45.45,-41.76,[],0,0,[],[]
8597980,8599290,CHI,CHN,0.0,301,XIOCC,EC,0,NT,FI,2.0,440,-26.86,-17.2,"[{'Canonical-syllable': '0', 'Growl': '1', 'High-freq-energy': '0', 'Long-island': '0', 'Low-tilt-spectrum': '0', 'Medium-island': '0', 'Short-island': '1', 'Squeal': '0', 'Typical-entropy': '1', 'Voicing-quality': '1', 'Wide-band': '0', 'Xlong-island': '0', 'seq': '1', 'end': 8598.13, 'start': 8597.98}, {'Canonical-syllable': '1', 'Growl': '0', 'High-freq-energy': '0', 'Long-island': '0', 'Low-tilt-spectrum': '1', 'Medium-island': '1', 'Short-island': '0', 'Squeal': '0', 'Typical-entropy': '1', 'Voicing-quality': '1', 'Wide-band': '0', 'Xlong-island': '0', 'seq': '2', 'end': 8599.12, 'start': 8598.83}]",0,0,[],[]
8599290,8600230,NA,NOF,0.0,302,pause,NA,NA,NA,NA,0.0,0,-45.33,-39.58,[],0,0,[],[]
8600230,8600830,NA,CXF,0.0,302,pause,NA,NA,NA,NA,0.0,0,-37.68,-30.37,[],0,0,[],[]
8600830,8602760,NA,NOF,0.0,302,pause,NA,NA,NA,NA,0.0,0,-41.49,-33.71,[],0,0,[],[]
8602760,8603650,CHI,CHN,0.0,302,pause,NA,NA,NA,NA,0.0,0,-13.1,-4.25,[],0,800,"[{'start': 8602.85, 'end': 8603.65}]",[]
8603650,8604500,NA,NOF,0.0,302,pause,NA,NA,NA,NA,0.0,0,-41.19,-33.31,[],0,0,[],[]
8604500,8605500,NA,TVF,0.0,302,pause,NA,NA,NA,NA,0.0,0,-43.32,-39.39,[],0,0,[],[]
8605500,8606330,NA,NOF,0.0,302,pause,NA,NA,NA,NA,0.0,0,-42.81,-38.65,[],0,0,[],[]
8606330,8607340,NA,MAF,0.0,302,pause,NA,NA,NA,NA,0.0,0,-40.07,-29.7,[],0,0,[],[]
8607340,8608510,NA,NOF,0.0,302,pause,NA,NA,NA,NA,0.0,0,-38.63,-27.6,[],0,0,[],[]
8608510,8612600,CHI,CHN,0.0,302,pause,NA,NA,NA,NA,0.0,0,-10.9,-2.8,[],0,3890,"[{'start': 8608.51, 'end': 8612.4}]",[]
8612600,8614020,NA,OLN,0.0,302,pause,NA,NA,NA,NA,0.0,0,-26.5,-11.0,[],0,0,[],[]
8614020,8615920,NA,NOF,0.0,302,pause,NA,NA,NA,NA,0.0,0,-35.14,-29.18,[],0,0,[],[]
8615920,8616520,CHI,CHN,0.0,302,CM,BC,0,NT,FI,1.0,600,-19.76,-16.47,"[{'Canonical-syllable': '0', 'Growl': '0', 'High-freq-energy': '0', 'Long-island': '0', 'Low-tilt-spectrum': '0', 'Medium-island': '1', 'Short-island': '0', 'Squeal': '0', 'Typical-entropy': '0', 'Voicing-quality': '1', 'Wide-band': '0', 'Xlong-island': '0', 'seq': '1', 'end': 8616.52, 'start': 8616.01}]",0,0,[],[]
8616520,8617320,NA,NOF,0.0,302,CM,NA,NA,NA,NA,0.0,0,-38.88,-35.58,[],0,0,[],[]
8617320,8618900,CHI,CHN,0.0,302,CM,RC,0,NT,FH,2.0,1240,-19.64,-12.84,"[{'Canonical-syllable': '1', 'Growl': '0', 'High-freq-energy': '0', 'Long-island': '0', 'Low-tilt-spectrum': '0', 'Medium-island': '1', 'Short-island': '0', 'Squeal': '0', 'Typical-entropy': '0', 'Voicing-quality': '1', 'Wide-band': '0', 'Xlong-island': '0', 'seq': '1', 'end': 8617.93, 'start': 8617.32}, {'Canonical-syllable': '0', 'Growl': '0', 'High-freq-energy': '0', 'Long-island': '0', 'Low-tilt-spectrum': '0', 'Medium-island': '1', 'Short-island': '0', 'Squeal': '0', 'Typical-entropy': '1', 'Voicing-quality': '1', 'Wide-band': '0', 'Xlong-island': '0', 'seq': '2', 'end': 8618.9, 'start': 8618.27}]",0,0,[],[]
8618900,8619700,NA,NOF,0.0,302,CM,NA,NA,NA,NA,0.0,0,-38.79,-32.66,[],0,0,[],[]
8619700,8621600,CHI,CHN,0.0,302,CM,RC,0,NT,FH,2.0,1250,-19.89,-11.47,"[{'Canonical-syllable': '1', 'Growl': '0', 'High-freq-energy': '0', 'Long-island': '0', 'Low-tilt-spectrum': '0', 'Medium-island': '0', 'Short-island': '2', 'Squeal': '0', 'Typical-entropy': '1', 'Voicing-quality': '2', 'Wide-band': '0', 'Xlong-island': '0', 'seq': '1', 'end': 8620.2, 'start': 8619.7}, {'Canonical-syllable': '0', 'Growl': '0', 'High-freq-energy': '0', 'Long-island': '0', 'Low-tilt-spectrum': '0', 'Medium-island': '1', 'Short-island': '0', 'Squeal': '0', 'Typical-entropy': '0', 'Voicing-quality': '1', 'Wide-band': '0', 'Xlong-island': '0', 'seq': '2', 'end': 8621.6, 'start': 8620.85}]",0,0,[],[]
8621600,8622450,NA,NOF,0.0,302,CM,NA,NA,NA,NA,0.0,0,-35.89,-25.32,[],0,0,[],[]
8622450,8623050,CHI,CHN,0.0,302,CM,RC,0,NT,FH,1.0,460,-25.6,-18.54,"[{'Canonical-syllable': '1', 'Growl': '0', 'High-freq-energy': '0', 'Long-island': '0', 'Low-tilt-spectrum': '0', 'Medium-island': '1', 'Short-island': '0', 'Squeal': '0', 'Typical-entropy': '1', 'Voicing-quality': '1', 'Wide-band': '0', 'Xlong-island': '0', 'seq': '1', 'end': 8622.91, 'start': 8622.45}]",0,0,[],[]
8623050,8623950,NA,NOF,0.0,302,CM,NA,NA,NA,NA,0.0,0,-40.23,-34.54,[],0,0,[],[]
8623950,8628770,CHI,CHN,0.0,302,CM,RC,0,NT,FH,5.0,2310,-21.41,-10.77,"[{'Canonical-syllable': '1', 'Growl': '0', 'High-freq-energy': '0', 'Long-island': '0', 'Low-tilt-spectrum': '0', 'Medium-island': '1', 'Short-island': '0', 'Squeal': '0', 'Typical-entropy': '0', 'Voicing-quality': '1', 'Wide-band': '0', 'Xlong-island': '0', 'seq': '1', 'end': 8624.54, 'start': 8623.95}, {'Canonical-syllable': '1', 'Growl': '0', 'High-freq-energy': '0', 'Long-island': '0', 'Low-tilt-spectrum': '0', 'Medium-island': '1', 'Short-island': '0', 'Squeal': '0', 'Typical-entropy': '1', 'Voicing-quality': '1', 'Wide-band': '0', 'Xlong-island': '0', 'seq': '2', 'end': 8625.3, 'start': 8624.86}, {'Canonical-syllable': '0', 'Growl': '0', 'High-freq-energy': '0', 'Long-island': '0', 'Low-tilt-spectrum': '0', 'Medium-island': '1', 'Short-island': '0', 'Squeal': '0', 'Typical-entropy': '0', 'Voicing-quality': '1', 'Wide-band': '0', 'Xlong-island': '0', 'seq': '3', 'end': 8626.46, 'start': 8626.08}, {'Canonical-syllable': '0', 'Growl': '0', 'High-freq-energy': '0', 'Long-island': '1', 'Low-tilt-spectrum': '0', 'Medium-island': '0', 'Short-island': '0', 'Squeal': '0', 'Typical-entropy': '0', 'Voicing-quality': '1', 'Wide-band': '0', 'Xlong-island': '0', 'seq': '4', 'end': 8627.7, 'start': 8626.94}, {'Canonical-syllable': '0', 'Growl': '0', 'High-freq-energy': '0', 'Long-island': '0', 'Low-tilt-spectrum': '0', 'Medium-island': '0', 'Short-island': '0', 'Squeal': '0', 'Typical-entropy': '1', 'Voicing-quality': '0', 'Wide-band': '0', 'Xlong-island': '0', 'seq': '5', 'end': 8628.77, 'start': 8628.63}]",0,0,[],[]
8628770,8630690,NA,NOF,0.0,302,CM,NA,NA,NA,NA,0.0,0,-41.77,-29.94,[],0,0,[],[]
8630690,8631300,CHI,CHN,0.0,302,CM,RC,0,NT,FH,1.0,610,-20.12,-14.12,"[{'Canonical-syllable': '0', 'Growl': '0', 'High-freq-energy': '1', 'Long-island': '0', 'Low-tilt-spectrum': '0', 'Medium-island': '1', 'Short-island': '0', 'Squeal': '0', 'Typical-entropy': '1', 'Voicing-quality': '1', 'Wide-band': '0', 'Xlong-island': '0', 'seq': '1', 'end': 8631.3, 'start': 8630.69}]",0,0,[],[]
8631300,8632380,NA,NOF,0.0,302,CM,NA,NA,NA,NA,0.0,0,-43.66,-40.28,[],0,0,[],[]
8632380,8634210,CHI,CHN,0.0,302,CM,EC,0,NT,FH,2.0,1210,-20.19,-11.93,"[{'Canonical-syllable': '0', 'Growl': '0', 'High-freq-energy': '1', 'Long-island': '0', 'Low-tilt-spectrum': '2', 'Medium-island': '2', 'Short-island': '0', 'Squeal': '0', 'Typical-entropy': '2', 'Voicing-quality': '2', 'Wide-band': '0', 'Xlong-island': '0', 'seq': '1', 'end': 8633.2, 'start': 8632.38}, {'Canonical-syllable': '0', 'Growl': '0', 'High-freq-energy': '0', 'Long-island': '0', 'Low-tilt-spectrum': '1', 'Medium-island': '1', 'Short-island': '0', 'Squeal': '0', 'Typical-entropy': '1', 'Voicing-quality': '1', 'Wide-band': '0', 'Xlong-island': '0', 'seq': '2', 'end': 8633.92, 'start': 8633.53}]",0,0,[],[]
8634210,8635010,NA,NOF,0.0,303,pause,NA,NA,NA,NA,0.0,0,-41.29,-33.07,[],0,0,[],[]
8635010,8642660,NA,NON,0.0,303,pause,NA,NA,NA,NA,0.0,0,-38.67,-24.15,[],0,0,[],[]
8642660,8644890,NA,NOF,0.0,303,pause,NA,NA,NA,NA,0.0,0,-43.91,-40.12,[],0,0,[],[]
8644890,8645690,NA,OLF,0.0,303,pause,NA,NA,NA,NA,0.0,0,-21.41,-5.74,[],0,0,[],[]
8645690,8646890,NA,NOF,0.0,303,pause,NA,NA,NA,NA,0.0,0,-38.68,-28.46,[],0,0,[],[]
8646890,8647490,CHI,CHN,0.0,303,CM,BC,0,NT,FI,1.0,420,-18.67,-10.89,"[{'Canonical-syllable': '0', 'Growl': '1', 'High-freq-energy': '0', 'Long-island': '0', 'Low-tilt-spectrum': '0', 'Medium-island': '1', 'Short-island': '0', 'Squeal': '0', 'Typical-entropy': '1', 'Voicing-quality': '1', 'Wide-band': '0', 'Xlong-island': '0', 'seq': '1', 'end': 8647.31, 'start': 8647.02}]",0,0,[],[]
8647490,8648290,NA,OLN,0.0,303,CM,NA,NA,NA,NA,0.0,0,-31.14,-21.27,[],0,0,[],[]
8648290,8649670,CHI,CHN,0.0,303,CM,EC,0,NT,FH,1.0,1380,-16.62,-4.02,"[{'Canonical-syllable': '0', 'Growl': '0', 'High-freq-energy': '0', 'Long-island': '1', 'Low-tilt-spectrum': '0', 'Medium-island': '1', 'Short-island': '0', 'Squeal': '0', 'Typical-entropy': '1', 'Voicing-quality': '2', 'Wide-band': '0', 'Xlong-island': '0', 'seq': '1', 'end': 8649.67, 'start': 8648.29}]",0,0,[],[]
8649670,8654680,NA,NOF,0.0,304,pause,NA,NA,NA,NA,0.0,0,-40.78,-24.94,[],0,0,[],[]
8654680,8655480,NA,OLF,0.0,304,pause,NA,NA,NA,NA,0.0,0,-38.79,-25.79,[],0,0,[],[]
8655480,8658560,NA,NOF,0.0,304,pause,NA,NA,NA,NA,0.0,0,-38.38,-24.37,[],0,0,[],[]
8658560,8659700,CHI,CHN,0.0,304,CIOCX,BC,0,NT,FI,1.0,1140,-19.69,-12.63,"[{'Canonical-syllable': '0', 'Growl': '1', 'High-freq-energy': '0', 'Long-island': '0', 'Low-tilt-spectrum': '2', 'Medium-island': '1', 'Short-island': '2', 'Squeal': '0', 'Typical-entropy': '3', 'Voicing-quality': '3', 'Wide-band': '0', 'Xlong-island': '0', 'seq': '1', 'end': 8659.7, 'start': 8658.56}]",0,0,[],[]
8659700,8660500,OCH,CXN,0.0,304,CIOCX,RC,0,NT,FI,0.0,0,-31.46,-24.1,[],0,0,[],[]
8660500,8661450,CHI,CHN,0.0,304,CIOCX,EC,0,NT,FI,1.0,950,-24.49,-17.19,"[{'Canonical-syllable': '0', 'Growl': '0', 'High-freq-energy': '0', 'Long-island': '0', 'Low-tilt-spectrum': '0', 'Medium-island': '1', 'Short-island': '1', 'Squeal': '0', 'Typical-entropy': '2', 'Voicing-quality': '2', 'Wide-band': '0', 'Xlong-island': '0', 'seq': '1', 'end': 8661.45, 'start': 8660.5}]",0,0,[],[]
8661450,8667360,NA,NOF,0.0,305,pause,NA,NA,NA,NA,0.0,0,-40.34,-28.17,[],0,0,[],[]
8667360,8668510,OCH,CXN,0.0,305,XIOCC,BC,0,NT,FI,0.0,0,-28.12,-18.47,[],0,0,[],[]
8668510,8669110,CHI,CHN,0.0,305,XIOCC,RC,0,NT,FI,1.0,600,-24.77,-19.64,"[{'Canonical-syllable': '0', 'Growl': '0', 'High-freq-energy': '0', 'Long-island': '0', 'Low-tilt-spectrum': '0', 'Medium-island': '1', 'Short-island': '0', 'Squeal': '0', 'Typical-entropy': '0', 'Voicing-quality': '1', 'Wide-band': '0', 'Xlong-island': '0', 'seq': '1', 'end': 8669.11, 'start': 8668.51}]",0,0,[],[]
8669110,8671250,NA,NOF,0.0,305,XIOCC,NA,NA,NA,NA,0.0,0,-32.17,-18.73,[],0,0,[],[]
8671250,8671850,OCH,CXN,0.0,305,XIOCC,RC,0,NT,FI,0.0,0,-28.27,-22.23,[],0,0,[],[]
8671850,8673060,NA,NOF,0.0,305,XIOCC,NA,NA,NA,NA,0.0,0,-39.11,-26.29,[],0,0,[],[]
8673060,8673660,CHI,CHN,0.0,305,XIOCC,RC,0,NT,FI,1.0,600,-30.15,-24.96,"[{'Canonical-syllable': '0', 'Growl': '0', 'High-freq-energy': '0', 'Long-island': '0', 'Low-tilt-spectrum': '1', 'Medium-island': '1', 'Short-island': '0', 'Squeal': '0', 'Typical-entropy': '1', 'Voicing-quality': '1', 'Wide-band': '0', 'Xlong-island': '0', 'seq': '1', 'end': 8673.66, 'start': 8673.06}]",0,0,[],[]
8673660,8674470,NA,NOF,0.0,305,XIOCC,NA,NA,NA,NA,0.0,0,-40.82,-35.58,[],0,0,[],[]
8674470,8679080,CHI,CHN,0.0,305,XIOCC,RC,0,NT,FH,2.0,4260,-19.34,-6.44,"[{'Canonical-syllable': '3', 'Growl': '0', 'High-freq-energy': '3', 'Long-island': '0', 'Low-tilt-spectrum': '4', 'Medium-island': '2', 'Short-island': '4', 'Squeal': '0', 'Typical-entropy': '6', 'Voicing-quality': '6', 'Wide-band': '0', 'Xlong-island': '0', 'seq': '1', 'end': 8676.73, 'start': 8674.47}, {'Canonical-syllable': '1', 'Growl': '0', 'High-freq-energy': '0', 'Long-island': '0', 'Low-tilt-spectrum': '2', 'Medium-island': '3', 'Short-island': '1', 'Squeal': '0', 'Typical-entropy': '4', 'Voicing-quality': '4', 'Wide-band': '0', 'Xlong-island': '0', 'seq': '2', 'end': 8679.08, 'start': 8677.08}]",0,0,[],[]
8679080,8679920,NA,NOF,0.0,305,XIOCC,NA,NA,NA,NA,0.0,0,-24.75,-5.78,[],0,0,[],[]
8679920,8681330,CHI,CHN,0.0,305,XIOCC,RC,0,NT,FH,1.0,1410,-19.73,-14.81,"[{'Canonical-syllable': '1', 'Growl': '0', 'High-freq-energy': '0', 'Long-island': '1', 'Low-tilt-spectrum': '0', 'Medium-island': '1', 'Short-island': '0', 'Squeal': '0', 'Typical-entropy': '2', 'Voicing-quality': '2', 'Wide-band': '0', 'Xlong-island': '0', 'seq': '1', 'end': 8681.33, 'start': 8679.92}]",0,0,[],[]
8681330,8682350,CHI,CHN,0.0,305,XIOCC,RC,0,NT,FH,1.0,1020,-21.71,-14.88,"[{'Canonical-syllable': '2', 'Growl': '0', 'High-freq-energy': '0', 'Long-island': '0', 'Low-tilt-spectrum': '1', 'Medium-island': '1', 'Short-island': '1', 'Squeal': '1', 'Typical-entropy': '1', 'Voicing-quality': '3', 'Wide-band': '0', 'Xlong-island': '0', 'seq': '1', 'end': 8682.35, 'start': 8681.33}]",0,0,[],[]
8682350,8683950,CHI,CHN,0.0,305,XIOCC,RC,0,NT,FH,1.0,1600,-20.38,-14.25,"[{'Canonical-syllable': '0', 'Growl': '0', 'High-freq-energy': '0', 'Long-island': '1', 'Low-tilt-spectrum': '0', 'Medium-island': '1', 'Short-island': '1', 'Squeal': '0', 'Typical-entropy': '2', 'Voicing-quality': '3', 'Wide-band': '0', 'Xlong-island': '0', 'seq': '1', 'end': 8683.95, 'start': 8682.35}]",0,0,[],[]
8683950,8684750,NA,NOF,0.0,305,XIOCC,NA,NA,NA,NA,0.0,0,-41.81,-38.22,[],0,0,[],[]
8684750,8686470,CHI,CHN,0.0,305,XIOCC,RC,0,NT,FH,1.0,1720,-18.39,-12.02,"[{'Canonical-syllable': '1', 'Growl': '0', 'High-freq-energy': '0', 'Long-island': '1', 'Low-tilt-spectrum': '0', 'Medium-island': '1', 'Short-island': '1', 'Squeal': '0', 'Typical-entropy': '1', 'Voicing-quality': '3', 'Wide-band': '1', 'Xlong-island': '0', 'seq': '1', 'end': 8686.47, 'start': 8684.75}]",0,0,[],[]
8686470,8687470,CHI,CHN,0.0,305,XIOCC,RC,0,NT,FH,1.0,1000,-18.38,-13.09,"[{'Canonical-syllable': '0', 'Growl': '0', 'High-freq-energy': '0', 'Long-island': '1', 'Low-tilt-spectrum': '0', 'Medium-island': '0', 'Short-island': '1', 'Squeal': '0', 'Typical-entropy': '0', 'Voicing-quality': '2', 'Wide-band': '0', 'Xlong-island': '0', 'seq': '1', 'end': 8687.47, 'start': 8686.47}]",0,0,[],[]
8687470,8689490,CHI,CHN,0.0,305,XIOCC,EC,0,NT,FH,1.0,2020,-20.16,-14.1,"[{'Canonical-syllable': '0', 'Growl': '0', 'High-freq-energy': '0', 'Long-island': '1', 'Low-tilt-spectrum': '0', 'Medium-island': '0', 'Short-island': '0', 'Squeal': '0', 'Typical-entropy': '0', 'Voicing-quality': '2', 'Wide-band': '0', 'Xlong-island': '1', 'seq': '1', 'end': 8689.49, 'start': 8687.64}]",0,0,[],[]
8689490,8693660,NA,NOF,0.0,306,pause,NA,NA,NA,NA,0.0,0,-41.34,-34.38,[],0,0,[],[]
8693660,8694490,NA,OLN,0.0,306,pause,NA,NA,NA,NA,0.0,0,-35.1,-30.21,[],0,0,[],[]
8694490,8696150,NA,NOF,0.0,306,pause,NA,NA,NA,NA,0.0,0,-41.21,-36.74,[],0,0,[],[]
8696150,8697590,FEM,FAN,6.5,306,AMF,EC,0,NT,FI,0.0,0,-33.43,-24.35,[],0,0,[],[]
8697590,8698510,NA,NOF,0.0,307,pause,NA,NA,NA,NA,0.0,0,-43.39,-40.57,[],0,0,[],[]
8698510,8699370,NA,OLF,0.0,307,pause,NA,NA,NA,NA,0.0,0,-40.87,-32.83,[],0,0,[],[]
8699370,8703110,NA,NOF,0.0,307,pause,NA,NA,NA,NA,0.0,0,-42.55,-36.05,[],0,0,[],[]
8703110,8710360,NA,NON,0.0,307,pause,NA,NA,NA,NA,0.0,0,-43.15,-32.84,[],0,0,[],[]
8710360,8716550,NA,NOF,0.0,307,pause,NA,NA,NA,NA,0.0,0,-43.09,-33.12,[],0,0,[],[]
8716550,8717500,CHI,CHN,0.0,307,CM,EC,0,NT,FI,1.0,950,-28.1,-21.85,"[{'Canonical-syllable': '1', 'Growl': '2', 'High-freq-energy': '0', 'Long-island': '0', 'Low-tilt-spectrum': '1', 'Medium-island': '1', 'Short-island': '2', 'Squeal': '0', 'Typical-entropy': '2', 'Voicing-quality': '3', 'Wide-band': '0', 'Xlong-island': '0', 'seq': '1', 'end': 8717.5, 'start': 8716.55}]",0,0,[],[]
8717500,8724760,NA,NOF,0.0,308,pause,NA,NA,NA,NA,0.0,0,-42.43,-32.68,[],0,0,[],[]
8724760,8725560,NA,OLN,0.0,308,pause,NA,NA,NA,NA,0.0,0,-32.75,-25.96,[],0,0,[],[]
8725560,8727520,NA,NOF,0.0,308,pause,NA,NA,NA,NA,0.0,0,-40.83,-32.75,[],0,0,[],[]
8727520,8729050,NA,OLF,0.0,308,pause,NA,NA,NA,NA,0.0,0,-35.89,-29.77,[],0,0,[],[]
8729050,8729850,NA,NOF,0.0,308,pause,NA,NA,NA,NA,0.0,0,-42.43,-37.67,[],0,0,[],[]
8729850,8730450,CHI,CHN,0.0,308,CIC,BC,0,NT,FI,1.0,440,-27.26,-19.59,"[{'Canonical-syllable': '0', 'Growl': '1', 'High-freq-energy': '0', 'Long-island': '0', 'Low-tilt-spectrum': '0', 'Medium-island': '1', 'Short-island': '0', 'Squeal': '0', 'Typical-entropy': '1', 'Voicing-quality': '1', 'Wide-band': '0', 'Xlong-island': '0', 'seq': '1', 'end': 8730.29, 'start': 8729.99}]",0,0,[],[]
8730450,8731290,NA,OLN,0.0,308,CIC,NA,NA,NA,NA,0.0,0,-28.31,-21.04,[],0,0,[],[]
8731290,8732330,CHI,CHN,0.0,308,CIC,RC,0,TIFI,FH,1.0,670,-27.53,-20.72,"[{'Canonical-syllable': '0', 'Growl': '2', 'High-freq-energy': '1', 'Long-island': '0', 'Low-tilt-spectrum': '1', 'Medium-island': '0', 'Short-island': '2', 'Squeal': '0', 'Typical-entropy': '1', 'Voicing-quality': '2', 'Wide-band': '0', 'Xlong-island': '0', 'seq': '1', 'end': 8731.96, 'start': 8731.29}]",0,0,[],[]
8732330,8733520,FEM,FAN,4.49,308,CIC,RC,1,TIFR,FI,0.0,0,-31.05,-21.81,[],0,0,[],[]
8733520,8734740,NA,NOF,0.0,308,CIC,NA,NA,NA,NA,0.0,0,-41.29,-35.67,[],0,0,[],[]
8734740,8736000,CHI,CHN,0.0,308,CIC,RC,1,TIFE,FI,1.0,1260,-25.4,-17.68,"[{'Canonical-syllable': '0', 'Growl': '0', 'High-freq-energy': '0', 'Long-island': '1', 'Low-tilt-spectrum': '1', 'Medium-island': '1', 'Short-island': '0', 'Squeal': '0', 'Typical-entropy': '1', 'Voicing-quality': '2', 'Wide-band': '0', 'Xlong-island': '0', 'seq': '1', 'end': 8736.0, 'start': 8734.74}]",0,0,[],[]
8736000,8736800,NA,NON,0.0,308,CIC,NA,NA,NA,NA,0.0,0,-35.67,-25.93,[],0,0,[],[]
8736800,8737440,CHI,CHN,0.0,308,CIC,RC,1,TIFI,FH,1.0,640,-23.83,-19.2,"[{'Canonical-syllable': '0', 'Growl': '0', 'High-freq-energy': '0', 'Long-island': '0', 'Low-tilt-spectrum': '0', 'Medium-island': '1', 'Short-island': '0', 'Squeal': '0', 'Typical-entropy': '0', 'Voicing-quality': '1', 'Wide-band': '0', 'Xlong-island': '0', 'seq': '1', 'end': 8737.44, 'start': 8736.8}]",0,0,[],[]
8737440,8738670,FEM,FAN,2.91,308,CIC,RC,2,TIFR,FI,0.0,0,-33.22,-19.02,[],0,0,[],[]
8738670,8739550,NA,NOF,0.0,308,CIC,NA,NA,NA,NA,0.0,0,-43.91,-38.78,[],0,0,[],[]
8739550,8740150,CHI,CHN,0.0,308,CIC,RC,2,TIFE,FI,1.0,600,-34.81,-30.28,"[{'Canonical-syllable': '0', 'Growl': '1', 'High-freq-energy': '0', 'Long-island': '0', 'Low-tilt-spectrum': '0', 'Medium-island': '1', 'Short-island': '0', 'Squeal': '0', 'Typical-entropy': '0', 'Voicing-quality': '1', 'Wide-band': '0', 'Xlong-island': '0', 'seq': '1', 'end': 8740.15, 'start': 8739.55}]",0,0,[],[]
8740150,8741000,NA,NOF,0.0,308,CIC,NA,NA,NA,NA,0.0,0,-44.82,-41.04,[],0,0,[],[]
8741000,8742270,CHI,CHN,0.0,308,CIC,RC,2,TIFI,FH,1.0,1270,-20.97,-15.43,"[{'Canonical-syllable': '0', 'Growl': '0', 'High-freq-energy': '1', 'Long-island': '1', 'Low-tilt-spectrum': '1', 'Medium-island': '1', 'Short-island': '0', 'Squeal': '0', 'Typical-entropy': '1', 'Voicing-quality': '2', 'Wide-band': '0', 'Xlong-island': '0', 'seq': '1', 'end': 8742.27, 'start': 8741.0}]",0,0,[],[]
8742270,8743080,NA,OLN,0.0,308,CIC,NA,NA,NA,NA,0.0,0,-37.08,-29.86,[],0,0,[],[]
8743080,8743880,NA,NOF,0.0,308,CIC,NA,NA,NA,NA,0.0,0,-42.6,-37.47,[],0,0,[],[]
8743880,8745160,FEM,FAN,3.59,308,CIC,EC,3,TIFR,FI,0.0,0,-33.46,-28.78,[],0,0,[],[]
8745160,8753330,NA,NOF,0.0,309,pause,NA,NA,NA,NA,0.0,0,-42.41,-26.04,[],0,0,[],[]
8753330,8754330,FEM,FAN,2.49,309,AICF,BC,0,TIFI,FI,0.0,0,-31.45,-25.41,[],0,0,[],[]
8754330,8757160,NA,NOF,0.0,309,AICF,NA,NA,NA,NA,0.0,0,-41.6,-29.89,[],0,0,[],[]
8757160,8757760,CHI,CHN,0.0,309,AICF,RC,1,TIFR,FI,1.0,440,-17.88,-12.21,"[{'Canonical-syllable': '1', 'Growl': '0', 'High-freq-energy': '0', 'Long-island': '0', 'Low-tilt-spectrum': '0', 'Medium-island': '1', 'Short-island': '0', 'Squeal': '0', 'Typical-entropy': '0', 'Voicing-quality': '1', 'Wide-band': '0', 'Xlong-island': '0', 'seq': '1', 'end': 8757.6, 'start': 8757.29}]",0,0,[],[]
8757760,8758820,NA,NOF,0.0,309,AICF,NA,NA,NA,NA,0.0,0,-39.89,-28.2,[],0,0,[],[]
8758820,8759430,FEM,FAN,3.81,309,AICF,RC,1,TIFI,FI,0.0,0,-35.5,-29.04,[],0,0,[],[]
8759430,8760260,NA,OLN,0.0,309,AICF,NA,NA,NA,NA,0.0,0,-32.92,-26.97,[],0,0,[],[]
8760260,8760960,CHI,CHN,0.0,309,AICF,RC,2,TIFR,FI,1.0,300,-28.91,-20.2,"[{'Canonical-syllable': '1', 'Growl': '0', 'High-freq-energy': '0', 'Long-island': '0', 'Low-tilt-spectrum': '0', 'Medium-island': '1', 'Short-island': '0', 'Squeal': '0', 'Typical-entropy': '0', 'Voicing-quality': '1', 'Wide-band': '0', 'Xlong-island': '0', 'seq': '1', 'end': 8760.96, 'start': 8760.66}]",0,0,[],[]
8760960,8762590,NA,NOF,0.0,309,AICF,NA,NA,NA,NA,0.0,0,-38.75,-24.76,[],0,0,[],[]
8762590,8763810,CHI,CHN,0.0,309,AICF,EC,2,NT,FH,1.0,900,-18.81,-10.19,"[{'Canonical-syllable': '0', 'Growl': '0', 'High-freq-energy': '0', 'Long-island': '0', 'Low-tilt-spectrum': '0', 'Medium-island': '2', 'Short-island': '0', 'Squeal': '0', 'Typical-entropy': '1', 'Voicing-quality': '2', 'Wide-band': '0', 'Xlong-island': '0', 'seq': '1', 'end': 8763.49, 'start': 8762.59}]",0,0,[],[]
8763810,8772020,NA,NOF,0.0,310,pause,NA,NA,NA,NA,0.0,0,-34.06,-9.41,[],0,0,[],[]
8772020,8773380,CHI,CHN,0.0,310,pause,NA,NA,NA,NA,0.0,0,-14.83,-3.48,[],0,1210,"[{'start': 8772.02, 'end': 8773.23}]",[]
8773380,8774180,NA,NOF,0.0,310,pause,NA,NA,NA,NA,0.0,0,-36.1,-24.23,[],0,0,[],[]
8774180,8775340,CHI,CHN,0.0,310,CIC,BC,0,TIFI,FI,1.0,1160,-16.86,-6.4,"[{'Canonical-syllable': '1', 'Growl': '1', 'High-freq-energy': '0', 'Long-island': '0', 'Low-tilt-spectrum': '2', 'Medium-island': '2', 'Short-island': '1', 'Squeal': '0', 'Typical-entropy': '2', 'Voicing-quality': '3', 'Wide-band': '0', 'Xlong-island': '0', 'seq': '1', 'end': 8775.34, 'start': 8774.18}]",0,0,[],[]
8775340,8776320,NA,OLN,0.0,310,CIC,NA,NA,NA,NA,0.0,0,-35.39,-29.44,[],0,0,[],[]
8776320,8777540,NA,NOF,0.0,310,CIC,NA,NA,NA,NA,0.0,0,-40.2,-37.56,[],0,0,[],[]
8777540,8778350,NA,OLN,0.0,310,CIC,NA,NA,NA,NA,0.0,0,-32.88,-28.12,[],0,0,[],[]
8778350,8779640,FEM,FAN,2.46,310,CIC,EC,1,TIFR,FI,0.0,0,-32.93,-27.41,[],0,0,[],[]
8779640,8783220,CHI,CHN,0.0,311,pause,NA,NA,NA,NA,0.0,0,-13.24,-2.74,[],0,3480,"[{'start': 8779.74, 'end': 8783.22}]",[]
8783220,8789330,NA,NOF,0.0,311,pause,NA,NA,NA,NA,0.0,0,-32.19,-9.68,[],0,0,[],[]
8789330,8789930,CHI,CHN,0.0,311,CIOCX,BC,0,NT,FI,1.0,600,-33.2,-28.24,"[{'Canonical-syllable': '0', 'Growl': '0', 'High-freq-energy': '0', 'Long-island': '0', 'Low-tilt-spectrum': '0', 'Medium-island': '1', 'Short-island': '0', 'Squeal': '0', 'Typical-entropy': '0', 'Voicing-quality': '1', 'Wide-band': '0', 'Xlong-island': '0', 'seq': '1', 'end': 8789.93, 'start': 8789.46}]",0,0,[],[]
8789930,8793060,NA,NOF,0.0,311,CIOCX,NA,NA,NA,NA,0.0,0,-42.63,-34.39,[],0,0,[],[]
8793060,8793730,OCH,CXN,0.0,311,CIOCX,RC,0,NT,FI,0.0,0,-35.57,-30.83,[],0,0,[],[]
8793730,8795020,NA,NOF,0.0,311,CIOCX,NA,NA,NA,NA,0.0,0,-42.78,-32.59,[],0,0,[],[]
8795020,8796590,CHI,CHN,0.0,311,CIOCX,EC,0,NT,FI,1.0,1570,-16.6,-5.28,"[{'Canonical-syllable': '1', 'Growl': '1', 'High-freq-energy': '0', 'Long-island': '1', 'Low-tilt-spectrum': '2', 'Medium-island': '0', 'Short-island': '1', 'Squeal': '0', 'Typical-entropy': '2', 'Voicing-quality': '3', 'Wide-band': '0', 'Xlong-island': '0', 'seq': '1', 'end': 8796.59, 'start': 8795.15}]",0,0,[],[]
8796590,8798290,NA,NOF,0.0,312,pause,NA,NA,NA,NA,0.0,0,-37.95,-24.3,[],0,0,[],[]
8798290,8799970,CHI,CHN,0.0,312,pause,NA,NA,NA,NA,0.0,0,-13.94,-2.8,[],0,1540,"[{'start': 8798.29, 'end': 8799.83}]",[]
8799970,8801030,NA,OLF,0.0,312,pause,NA,NA,NA,NA,0.0,0,-35.68,-23.37,[],0,0,[],[]
8801030,8826870,NA,NOF,0.0,312,pause,NA,NA,NA,NA,0.0,0,-34.25,-11.13,[],0,0,[],[]
8826870,8827710,OCH,CXN,0.0,312,XM,EC,0,NT,FI,0.0,0,-32.64,-25.68,[],0,0,[],[]
8827710,8834460,NA,NON,0.0,313,pause,NA,NA,NA,NA,0.0,0,-37.56,-31.31,[],0,0,[],[]
8834460,8835910,NA,NON,0.0,313,pause,NA,NA,NA,NA,0.0,0,-37.69,-32.55,[],0,0,[],[]
8835910,8850460,NA,NON,0.0,313,pause,NA,NA,NA,NA,0.0,0,-38.69,-28.83,[],0,0,[],[]
8850460,8851260,NA,OLN,0.0,313,pause,NA,NA,NA,NA,0.0,0,-35.94,-30.59,[],0,0,[],[]
8851260,8854660,NA,NOF,0.0,313,pause,NA,NA,NA,NA,0.0,0,-41.25,-34.21,[],0,0,[],[]
8854660,8855950,NA,OLN,0.0,313,pause,NA,NA,NA,NA,0.0,0,-37.9,-30.63,[],0,0,[],[]
8855950,8864400,NA,NON,0.0,313,pause,NA,NA,NA,NA,0.0,0,-27.58,-7.4,[],0,0,[],[]
8864400,8867520,CHI,CHN,0.0,313,CIC,BC,0,NT,FI,2.0,1980,-22.6,-8.99,"[{'Canonical-syllable': '0', 'Growl': '2', 'High-freq-energy': '0', 'Long-island': '0', 'Low-tilt-spectrum': '0', 'Medium-island': '2', 'Short-island': '1', 'Squeal': '0', 'Typical-entropy': '2', 'Voicing-quality': '3', 'Wide-band': '0', 'Xlong-island': '0', 'seq': '1', 'end': 8865.65, 'start': 8864.56}, {'Canonical-syllable': '2', 'Growl': '0', 'High-freq-energy': '0', 'Long-island': '0', 'Low-tilt-spectrum': '0', 'Medium-island': '1', 'Short-island': '1', 'Squeal': '0', 'Typical-entropy': '1', 'Voicing-quality': '2', 'Wide-band': '0', 'Xlong-island': '0', 'seq': '2', 'end': 8867.34, 'start': 8866.61}]",0,0,[],[]
8867520,8868500,NA,NOF,0.0,313,CIC,NA,NA,NA,NA,0.0,0,-45.81,-42.21,[],0,0,[],[]
8868500,8869780,CHI,CHN,0.0,313,CIC,RC,0,NT,FH,2.0,910,-24.95,-16.78,"[{'Canonical-syllable': '1', 'Growl': '0', 'High-freq-energy': '0', 'Long-island': '0', 'Low-tilt-spectrum': '0', 'Medium-island': '0', 'Short-island': '1', 'Squeal': '0', 'Typical-entropy': '0', 'Voicing-quality': '1', 'Wide-band': '0', 'Xlong-island': '0', 'seq': '1', 'end': 8868.76, 'start': 8868.5}, {'Canonical-syllable': '0', 'Growl': '0', 'High-freq-energy': '0', 'Long-island': '1', 'Low-tilt-spectrum': '0', 'Medium-island': '0', 'Short-island': '0', 'Squeal': '0', 'Typical-entropy': '0', 'Voicing-quality': '1', 'Wide-band': '0', 'Xlong-island': '0', 'seq': '2', 'end': 8869.78, 'start': 8869.13}]",0,0,[],[]
8869780,8872740,NA,SIL,0.0,313,CIC,NA,NA,NA,NA,0.0,0,-45.77,-39.61,[],0,0,[],[]
8872740,8873730,NA,NOF,0.0,313,CIC,NA,NA,NA,NA,0.0,0,-43.08,-37.89,[],0,0,[],[]
8873730,8877140,CHI,CHN,0.0,313,CIC,RC,0,NT,FH,2.0,2280,-21.35,-12.17,"[{'Canonical-syllable': '2', 'Growl': '0', 'High-freq-energy': '0', 'Long-island': '0', 'Low-tilt-spectrum': '2', 'Medium-island': '2', 'Short-island': '1', 'Squeal': '0', 'Typical-entropy': '3', 'Voicing-quality': '3', 'Wide-band': '0', 'Xlong-island': '0', 'seq': '1', 'end': 8874.98, 'start': 8873.73}, {'Canonical-syllable': '1', 'Growl': '0', 'High-freq-energy': '0', 'Long-island': '0', 'Low-tilt-spectrum': '1', 'Medium-island': '1', 'Short-island': '1', 'Squeal': '0', 'Typical-entropy': '2', 'Voicing-quality': '2', 'Wide-band': '0', 'Xlong-island': '0', 'seq': '2', 'end': 8876.73, 'start': 8875.7}]",0,0,[],[]
8877140,8877970,NA,NOF,0.0,313,CIC,NA,NA,NA,NA,0.0,0,-44.4,-40.28,[],0,0,[],[]
8877970,8878570,CHI,CHN,0.0,313,CIC,RC,0,TIFI,FH,1.0,260,-23.52,-14.6,"[{'Canonical-syllable': '1', 'Growl': '0', 'High-freq-energy': '0', 'Long-island': '0', 'Low-tilt-spectrum': '1', 'Medium-island': '0', 'Short-island': '1', 'Squeal': '0', 'Typical-entropy': '1', 'Voicing-quality': '1', 'Wide-band': '0', 'Xlong-island': '0', 'seq': '1', 'end': 8878.23, 'start': 8877.97}]",0,0,[],[]
8878570,8880520,NA,NOF,0.0,313,CIC,NA,NA,NA,NA,0.0,0,-43.55,-34.45,[],0,0,[],[]
8880520,8881670,FEM,FAN,2.72,313,CIC,RC,1,TIFR,FI,0.0,0,-34.06,-28.66,[],0,0,[],[]
8881670,8884000,NA,NOF,0.0,313,CIC,NA,NA,NA,NA,0.0,0,-43.02,-35.9,[],0,0,[],[]
8884000,8884600,CHI,CHN,0.0,313,CIC,RC,1,TIFE,FI,1.0,230,-20.03,-10.84,"[{'Canonical-syllable': '1', 'Growl': '0', 'High-freq-energy': '0', 'Long-island': '0', 'Low-tilt-spectrum': '1', 'Medium-island': '0', 'Short-island': '1', 'Squeal': '0', 'Typical-entropy': '0', 'Voicing-quality': '1', 'Wide-band': '0', 'Xlong-island': '0', 'seq': '1', 'end': 8884.23, 'start': 8884.0}]",0,0,[],[]
8884600,8885650,NA,NOF,0.0,313,CIC,NA,NA,NA,NA,0.0,0,-40.9,-29.49,[],0,0,[],[]
8885650,8887140,CHI,CHN,0.0,313,CIC,RC,1,NT,FH,1.0,1490,-17.62,-10.61,"[{'Canonical-syllable': '1', 'Growl': '0', 'High-freq-energy': '0', 'Long-island': '0', 'Low-tilt-spectrum': '1', 'Medium-island': '2', 'Short-island': '1', 'Squeal': '0', 'Typical-entropy': '2', 'Voicing-quality': '3', 'Wide-band': '0', 'Xlong-island': '0', 'seq': '1', 'end': 8887.14, 'start': 8885.65}]",0,0,[],[]
8887140,8887940,NA,OLF,0.0,313,CIC,NA,NA,NA,NA,0.0,0,-35.36,-20.07,[],0,0,[],[]
8887940,8889990,CHI,CHN,0.0,313,CIC,RC,1,NT,FH,2.0,1150,-22.41,-16.21,"[{'Canonical-syllable': '1', 'Growl': '0', 'High-freq-energy': '0', 'Long-island': '0', 'Low-tilt-spectrum': '0', 'Medium-island': '1', 'Short-island': '1', 'Squeal': '0', 'Typical-entropy': '1', 'Voicing-quality': '2', 'Wide-band': '0', 'Xlong-island': '0', 'seq': '1', 'end': 8888.76, 'start': 8887.94}, {'Canonical-syllable': '1', 'Growl': '0', 'High-freq-energy': '0', 'Long-island': '0', 'Low-tilt-spectrum': '0', 'Medium-island': '1', 'Short-island': '0', 'Squeal': '0', 'Typical-entropy': '0', 'Voicing-quality': '1', 'Wide-band': '0', 'Xlong-island': '0', 'seq': '2', 'end': 8889.78, 'start': 8889.45}]",0,0,[],[]
8889990,8890790,NA,NON,0.0,313,CIC,NA,NA,NA,NA,0.0,0,-38.99,-23.15,[],0,0,[],[]
8890790,8895040,CHI,CHN,0.0,313,CIC,RC,1,NT,FH,4.0,2600,-17.07,-4.61,"[{'Canonical-syllable': '1', 'Growl': '0', 'High-freq-energy': '1', 'Long-island': '0', 'Low-tilt-spectrum': '3', 'Medium-island': '2', 'Short-island': '1', 'Squeal': '0', 'Typical-entropy': '3', 'Voicing-quality': '3', 'Wide-band': '0', 'Xlong-island': '0', 'seq': '1', 'end': 8891.91, 'start': 8890.79}, {'Canonical-syllable': '0', 'Growl': '0', 'High-freq-energy': '0', 'Long-island': '0', 'Low-tilt-spectrum': '0', 'Medium-island': '1', 'Short-island': '0', 'Squeal': '0', 'Typical-entropy': '1', 'Voicing-quality': '1', 'Wide-band': '0', 'Xlong-island': '0', 'seq': '2', 'end': 8892.84, 'start': 8892.58}, {'Canonical-syllable': '1', 'Growl': '0', 'High-freq-energy': '0', 'Long-island': '0', 'Low-tilt-spectrum': '1', 'Medium-island': '1', 'Short-island': '0', 'Squeal': '0', 'Typical-entropy': '1', 'Voicing-quality': '1', 'Wide-band': '0', 'Xlong-island': '0', 'seq': '3', 'end': 8893.55, 'start': 8893.21}, {'Canonical-syllable': '0', 'Growl': '0', 'High-freq-energy': '0', 'Long-island': '0', 'Low-tilt-spectrum': '1', 'Medium-island': '1', 'Short-island': '1', 'Squeal': '0', 'Typical-entropy': '2', 'Voicing-quality': '2', 'Wide-band': '0', 'Xlong-island': '0', 'seq': '4', 'end': 8895.04, 'start': 8894.16}]",0,0,[],[]
8895040,8896090,CHI,CHN,0.0,313,CIC,RC,1,NT,FH,1.0,110,-31.83,-18.65,"[{'Canonical-syllable': '0', 'Growl': '1', 'High-freq-energy': '0', 'Long-island': '0', 'Low-tilt-spectrum': '0', 'Medium-island': '0', 'Short-island': '0', 'Squeal': '0', 'Typical-entropy': '1', 'Voicing-quality': '1', 'Wide-band': '0', 'Xlong-island': '0', 'seq': '1', 'end': 8895.15, 'start': 8895.04}]",0,0,[],[]
8896090,8897150,CHI,CHN,0.0,313,CIC,EC,1,NT,FH,1.0,1060,-20.45,-10.81,"[{'Canonical-syllable': '1', 'Growl': '0', 'High-freq-energy': '0', 'Long-island': '0', 'Low-tilt-spectrum': '0', 'Medium-island': '2', 'Short-island': '1', 'Squeal': '0', 'Typical-entropy': '1', 'Voicing-quality': '3', 'Wide-band': '0', 'Xlong-island': '0', 'seq': '1', 'end': 8897.15, 'start': 8896.09}]",0,0,[],[]
8897150,8898060,NA,FAF,0.0,314,pause,NA,NA,NA,NA,0.0,0,-42.61,-37.5,[],0,0,[],[]
8898060,8899370,CHI,CHN,0.0,314,pause,NA,NA,NA,NA,0.0,0,-14.52,-5.29,[],0,1310,"[{'start': 8898.06, 'end': 8899.37}]",[]
8899370,8900190,NA,FAF,0.0,314,pause,NA,NA,NA,NA,0.0,0,-37.19,-27.52,[],0,0,[],[]
8900190,8905100,NA,NOF,0.0,314,pause,NA,NA,NA,NA,0.0,0,-44.68,-38.34,[],0,0,[],[]
8905100,8906490,FEM,FAN,5.77,314,AICF,BC,0,NT,FI,0.0,0,-31.15,-26.35,[],0,0,[],[]
8906490,8907700,NA,NOF,0.0,314,AICF,NA,NA,NA,NA,0.0,0,-40.94,-33.94,[],0,0,[],[]
8907700,8908900,FEM,FAN,1.62,314,AICF,RC,0,NT,FH,0.0,0,-32.57,-24.1,[],0,0,[],[]
8908900,8910100,NA,NOF,0.0,314,AICF,NA,NA,NA,NA,0.0,0,-44.77,-37.91,[],0,0,[],[]
8910100,8912600,FEM,FAN,9.49,314,AICF,RC,0,NT,FH,0.0,0,-32.61,-23.26,[],0,0,[],[]
8912600,8914990,NA,FAF,0.0,314,AICF,NA,NA,NA,NA,0.0,0,-42.69,-33.1,[],0,0,[],[]
8914990,8916230,FEM,FAN,4.79,314,AICF,RC,0,TIFI,FH,0.0,0,-40.93,-34.43,[],0,0,[],[]
8916230,8917990,NA,NOF,0.0,314,AICF,NA,NA,NA,NA,0.0,0,-42.23,-31.02,[],0,0,[],[]
8917990,8918590,CHI,CHN,0.0,314,AICF,RC,1,TIFR,FI,1.0,600,-15.66,-8.24,"[{'Canonical-syllable': '0', 'Growl': '0', 'High-freq-energy': '0', 'Long-island': '0', 'Low-tilt-spectrum': '1', 'Medium-island': '1', 'Short-island': '0', 'Squeal': '0', 'Typical-entropy': '1', 'Voicing-quality': '1', 'Wide-band': '0', 'Xlong-island': '0', 'seq': '1', 'end': 8918.59, 'start': 8917.99}]",0,0,[],[]
8918590,8919390,NA,OLN,0.0,314,AICF,NA,NA,NA,NA,0.0,0,-22.72,-10.69,[],0,0,[],[]
8919390,8920020,CHI,CHN,0.0,314,AICF,RC,1,NT,FH,1.0,280,-22.07,-15.23,"[{'Canonical-syllable': '0', 'Growl': '0', 'High-freq-energy': '0', 'Long-island': '0', 'Low-tilt-spectrum': '0', 'Medium-island': '1', 'Short-island': '0', 'Squeal': '0', 'Typical-entropy': '1', 'Voicing-quality': '1', 'Wide-band': '0', 'Xlong-island': '0', 'seq': '1', 'end': 8919.67, 'start': 8919.39}]",0,0,[],[]
8920020,8922290,NA,NOF,0.0,314,AICF,NA,NA,NA,NA,0.0,0,-42.09,-33.31,[],0,0,[],[]
8922290,8924330,CHI,CHN,0.0,314,AICF,EC,1,NT,FH,3.0,1690,-19.41,-11.11,"[{'Canonical-syllable': '0', 'Growl': '0', 'High-freq-energy': '0', 'Long-island': '0', 'Low-tilt-spectrum': '1', 'Medium-island': '1', 'Short-island': '0', 'Squeal': '0', 'Typical-entropy': '1', 'Voicing-quality': '1', 'Wide-band': '0', 'Xlong-island': '0', 'seq': '1', 'end': 8922.75, 'start': 8922.29}, {'Canonical-syllable': '1', 'Growl': '0', 'High-freq-energy': '0', 'Long-island': '0', 'Low-tilt-spectrum': '1', 'Medium-island': '0', 'Short-island': '1', 'Squeal': '0', 'Typical-entropy': '1', 'Voicing-quality': '1', 'Wide-band': '0', 'Xlong-island': '0', 'seq': '2', 'end': 8923.28, 'start': 8923.1}, {'Canonical-syllable': '0', 'Growl': '1', 'High-freq-energy': '0', 'Long-island': '0', 'Low-tilt-spectrum': '1', 'Medium-island': '0', 'Short-island': '2', 'Squeal': '1', 'Typical-entropy': '1', 'Voicing-quality': '2', 'Wide-band': '0', 'Xlong-island': '0', 'seq': '3', 'end': 8924.33, 'start': 8923.58}]",0,0,[],[]
8924330,8927610,NA,OLF,0.0,315,pause,NA,NA,NA,NA,0.0,0,-40.76,-30.41,[],0,0,[],[]
8927610,8931690,NA,NOF,0.0,315,pause,NA,NA,NA,NA,0.0,0,-43.61,-37.7,[],0,0,[],[]
8931690,8932700,CHI,CHN,0.0,315,CM,BC,0,NT,FI,1.0,800,-17.64,-7.9,"[{'Canonical-syllable': '1', 'Growl': '1', 'High-freq-energy': '0', 'Long-island': '0', 'Low-tilt-spectrum': '1', 'Medium-island': '1', 'Short-island': '0', 'Squeal': '0', 'Typical-entropy': '1', 'Voicing-quality': '2', 'Wide-band': '0', 'Xlong-island': '0', 'seq': '1', 'end': 8932.49, 'start': 8931.69}]",0,0,[],[]
8932700,8933300,CHI,CHN,0.0,315,CM,EC,0,NT,FH,1.0,470,-20.85,-16.75,"[{'Canonical-syllable': '0', 'Growl': '0', 'High-freq-energy': '0', 'Long-island': '0', 'Low-tilt-spectrum': '0', 'Medium-island': '1', 'Short-island': '0', 'Squeal': '0', 'Typical-entropy': '0', 'Voicing-quality': '1', 'Wide-band': '0', 'Xlong-island': '0', 'seq': '1', 'end': 8933.17, 'start': 8932.7}]",0,0,[],[]
8933300,8934690,NA,OLN,0.0,316,pause,NA,NA,NA,NA,0.0,0,-38.06,-29.81,[],0,0,[],[]
8934690,8955560,NA,NOF,0.0,316,pause,NA,NA,NA,NA,0.0,0,-42.17,-33.52,[],0,0,[],[]
8955560,8956290,OCH,CXN,0.0,316,XM,EC,0,NT,FI,0.0,0,-29.74,-23.23,[],0,0,[],[]
8956290,8967300,NA,NOF,0.0,317,pause,NA,NA,NA,NA,0.0,0,-36.23,-17.26,[],0,0,[],[]
8967300,8969210,CHI,CHN,0.0,317,CM,EC,0,NT,FI,2.0,1320,-22.94,-13.4,"[{'Canonical-syllable': '1', 'Growl': '0', 'High-freq-energy': '0', 'Long-island': '0', 'Low-tilt-spectrum': '0', 'Medium-island': '0', 'Short-island': '1', 'Squeal': '0', 'Typical-entropy': '0', 'Voicing-quality': '1', 'Wide-band': '0', 'Xlong-island': '0', 'seq': '1', 'end': 8967.56, 'start': 8967.3}, {'Canonical-syllable': '0', 'Growl': '0', 'High-freq-energy': '0', 'Long-island': '0', 'Low-tilt-spectrum': '1', 'Medium-island': '1', 'Short-island': '2', 'Squeal': '0', 'Typical-entropy': '2', 'Voicing-quality': '3', 'Wide-band': '0', 'Xlong-island': '0', 'seq': '2', 'end': 8969.21, 'start': 8968.15}]",0,0,[],[]
8969210,8973380,NA,NOF,0.0,318,pause,NA,NA,NA,NA,0.0,0,-40.7,-28.68,[],0,0,[],[]
8973380,8974320,NA,OLN,0.0,318,pause,NA,NA,NA,NA,0.0,0,-36.55,-32.14,[],0,0,[],[]
8974320,8975140,NA,NOF,0.0,318,pause,NA,NA,NA,NA,0.0,0,-34.82,-26.27,[],0,0,[],[]
8975140,8975940,NA,OLF,0.0,318,pause,NA,NA,NA,NA,0.0,0,-37.67,-27.5,[],0,0,[],[]
8975940,8977740,NA,NOF,0.0,318,pause,NA,NA,NA,NA,0.0,0,-34.92,-15.87,[],0,0,[],[]
8977740,8978700,NA,OLN,0.0,318,pause,NA,NA,NA,NA,0.0,0,-35.58,-22.13,[],0,0,[],[]
8978700,8980040,NA,NOF,0.0,318,pause,NA,NA,NA,NA,0.0,0,-37.26,-29.78,[],0,0,[],[]
8980040,8980910,NA,OLF,0.0,318,pause,NA,NA,NA,NA,0.0,0,-28.92,-19.68,[],0,0,[],[]
8980910,8987730,NA,NOF,0.0,318,pause,NA,NA,NA,NA,0.0,0,-42.36,-25.39,[],0,0,[],[]
8987730,8990310,NA,SIL,0.0,318,pause,NA,NA,NA,NA,0.0,0,-46.78,-42.67,[],0,0,[],[]
8990310,8993630,NA,NOF,0.0,318,pause,NA,NA,NA,NA,0.0,0,-44.77,-37.22,[],0,0,[],[]
8993630,8994430,NA,SIL,0.0,318,pause,NA,NA,NA,NA,0.0,0,-45.9,-40.89,[],0,0,[],[]
8994430,8995450,FEM,FAN,4.86,318,AICF,BC,0,TIFI,FI,0.0,0,-36.73,-29.58,[],0,0,[],[]
8995450,8996350,NA,OLF,0.0,318,AICF,NA,NA,NA,NA,0.0,0,-42.65,-37.62,[],0,0,[],[]
8996350,8998170,NA,NOF,0.0,318,AICF,NA,NA,NA,NA,0.0,0,-43.2,-36.32,[],0,0,[],[]
8998170,8999190,NA,OLF,0.0,318,AICF,NA,NA,NA,NA,0.0,0,-36.06,-26.06,[],0,0,[],[]
8999190,9000760,CHI,CHN,0.0,318,AICF,RC,1,TIFR,FI,1.0,1330,-19.65,-9.93,"[{'Canonical-syllable': '0', 'Growl': '0', 'High-freq-energy': '0', 'Long-island': '0', 'Low-tilt-spectrum': '3', 'Medium-island': '2', 'Short-island': '1', 'Squeal': '0', 'Typical-entropy': '3', 'Voicing-quality': '3', 'Wide-band': '0', 'Xlong-island': '0', 'seq': '1', 'end': 9000.52, 'start': 8999.37}]",0,0,[],[]
9000760,9002600,NA,NOF,0.0,318,AICF,NA,NA,NA,NA,0.0,0,-43.41,-35.82,[],0,0,[],[]
9002600,9003600,NA,FAF,0.0,318,AICF,NA,NA,NA,NA,0.0,0,-40.91,-33.67,[],0,0,[],[]
9003600,9005380,NA,NOF,0.0,318,AICF,NA,NA,NA,NA,0.0,0,-44.8,-38.11,[],0,0,[],[]
9005380,9006650,OCH,CXN,0.0,318,AICF,RC,1,NT,FI,0.0,0,-29.59,-19.78,[],0,0,[],[]
9006650,9007800,NA,SIL,0.0,318,AICF,NA,NA,NA,NA,0.0,0,-41.3,-35.44,[],0,0,[],[]
9007800,9008400,CHI,CHN,0.0,318,AICF,RC,1,NT,FI,1.0,600,-23.75,-16.38,"[{'Canonical-syllable': '0', 'Growl': '0', 'High-freq-energy': '0', 'Long-island': '0', 'Low-tilt-spectrum': '0', 'Medium-island': '1', 'Short-island': '0', 'Squeal': '0', 'Typical-entropy': '0', 'Voicing-quality': '1', 'Wide-band': '0', 'Xlong-island': '0', 'seq': '1', 'end': 9008.4, 'start': 9008.09}]",0,0,[],[]
9008400,9009210,CHI,CHN,0.0,318,AICF,EC,1,NT,FH,1.0,810,-30.27,-25.14,"[{'Canonical-syllable': '0', 'Growl': '1', 'High-freq-energy': '0', 'Long-island': '1', 'Low-tilt-spectrum': '0', 'Medium-island': '0', 'Short-island': '0', 'Squeal': '0', 'Typical-entropy': '0', 'Voicing-quality': '1', 'Wide-band': '0', 'Xlong-island': '0', 'seq': '1', 'end': 9009.21, 'start': 9008.4}]",0,0,[],[]
9009210,9020460,NA,NON,0.0,319,pause,NA,NA,NA,NA,0.0,0,-41.38,-36.97,[],0,0,[],[]
9020460,9021490,NA,OLF,0.0,319,pause,NA,NA,NA,NA,0.0,0,-40.31,-37.28,[],0,0,[],[]
9021490,9024990,NA,SIL,0.0,319,pause,NA,NA,NA,NA,0.0,0,-41.36,-38.18,[],0,0,[],[]
9024990,9025590,CHI,CHN,0.0,319,CM,EC,0,NT,FI,1.0,310,-19.79,-8.8,"[{'Canonical-syllable': '0', 'Growl': '0', 'High-freq-energy': '0', 'Long-island': '0', 'Low-tilt-spectrum': '0', 'Medium-island': '0', 'Short-island': '1', 'Squeal': '0', 'Typical-entropy': '1', 'Voicing-quality': '1', 'Wide-band': '0', 'Xlong-island': '0', 'seq': '1', 'end': 9025.3, 'start': 9025.16}]",0,0,[],[]
9025590,9027350,NA,NOF,0.0,320,pause,NA,NA,NA,NA,0.0,0,-39.04,-26.98,[],0,0,[],[]
9027350,9027950,NA,OLN,0.0,320,pause,NA,NA,NA,NA,0.0,0,-30.36,-21.57,[],0,0,[],[]
9027950,9029300,NA,NOF,0.0,320,pause,NA,NA,NA,NA,0.0,0,-34.53,-19.16,[],0,0,[],[]
9029300,9030100,NA,SIL,0.0,320,pause,NA,NA,NA,NA,0.0,0,-43.89,-32.86,[],0,0,[],[]
9030100,9031470,NA,NOF,0.0,320,pause,NA,NA,NA,NA,0.0,0,-43.23,-37.73,[],0,0,[],[]
9031470,9032470,FEM,FAN,3.51,320,AMF,EC,0,NT,FI,0.0,0,-32.98,-25.23,[],0,0,[],[]
9032470,9033730,NA,NOF,0.0,321,pause,NA,NA,NA,NA,0.0,0,-37.64,-25.02,[],0,0,[],[]
9033730,9034870,NA,OLN,0.0,321,pause,NA,NA,NA,NA,0.0,0,-29.69,-13.88,[],0,0,[],[]
9034870,9038500,NA,NOF,0.0,321,pause,NA,NA,NA,NA,0.0,0,-38.67,-21.38,[],0,0,[],[]
9038500,9039600,NA,SIL,0.0,321,pause,NA,NA,NA,NA,0.0,0,-44.36,-38.4,[],0,0,[],[]
9039600,9040370,CHI,CHN,0.0,321,CIC,BC,0,NT,FI,1.0,620,-17.31,-11.48,"[{'Canonical-syllable': '0', 'Growl': '0', 'High-freq-energy': '0', 'Long-island': '0', 'Low-tilt-spectrum': '0', 'Medium-island': '1', 'Short-island': '0', 'Squeal': '0', 'Typical-entropy': '0', 'Voicing-quality': '1', 'Wide-band': '0', 'Xlong-island': '0', 'seq': '1', 'end': 9040.22, 'start': 9039.6}]",0,0,[],[]
9040370,9041630,NA,NON,0.0,321,CIC,NA,NA,NA,NA,0.0,0,-34.43,-22.27,[],0,0,[],[]
9041630,9042230,CHI,CHN,0.0,321,CIC,RC,0,NT,FH,1.0,600,-24.18,-19.09,"[{'Canonical-syllable': '0', 'Growl': '1', 'High-freq-energy': '1', 'Long-island': '0', 'Low-tilt-spectrum': '1', 'Medium-island': '1', 'Short-island': '0', 'Squeal': '0', 'Typical-entropy': '1', 'Voicing-quality': '1', 'Wide-band': '0', 'Xlong-island': '0', 'seq': '1', 'end': 9042.23, 'start': 9041.63}]",0,0,[],[]
9042230,9043520,CHI,CHN,0.0,321,CIC,RC,0,TIFI,FH,1.0,1290,-26.41,-20.31,"[{'Canonical-syllable': '0', 'Growl': '1', 'High-freq-energy': '1', 'Long-island': '0', 'Low-tilt-spectrum': '1', 'Medium-island': '0', 'Short-island': '0', 'Squeal': '0', 'Typical-entropy': '1', 'Voicing-quality': '1', 'Wide-band': '0', 'Xlong-island': '1', 'seq': '1', 'end': 9043.52, 'start': 9042.23}]",0,0,[],[]
9043520,9044190,CHI,CHN,0.0,321,CIC,NA,NA,NA,NA,0.0,0,-26.57,-21.38,[],0,670,[],"[{'start': 9043.52, 'end': 9044.19}]"
9044190,9045080,NA,NON,0.0,321,CIC,NA,NA,NA,NA,0.0,0,-27.2,-20.64,[],0,0,[],[]
9045080,9046540,CHI,CHN,0.0,321,CIC,NA,NA,NA,NA,0.0,0,-26.47,-20.38,[],0,1460,[],"[{'start': 9045.08, 'end': 9046.54}]"
9046540,9047730,NA,NON,0.0,321,CIC,NA,NA,NA,NA,0.0,0,-31.42,-22.28,[],0,0,[],[]
9047730,9048980,FEM,FAN,9.3,321,CIC,EC,1,TIFR,FI,0.0,0,-29.56,-22.92,[],0,0,[],[]
9048980,9050130,NA,NON,0.0,322,pause,NA,NA,NA,NA,0.0,0,-30.15,-22.8,[],0,0,[],[]
9050130,9051300,CHI,CHN,0.0,322,pause,NA,NA,NA,NA,0.0,0,-26.31,-20.2,[],0,1170,[],"[{'start': 9050.13, 'end': 9051.3}]"
9051300,9052110,NA,NON,0.0,322,pause,NA,NA,NA,NA,0.0,0,-26.15,-19.47,[],0,0,[],[]
9052110,9053130,CHI,CHN,0.0,322,pause,NA,NA,NA,NA,0.0,0,-27.46,-21.74,[],0,1020,[],"[{'start': 9052.11, 'end': 9053.13}]"
9053130,9054030,NA,NON,0.0,322,pause,NA,NA,NA,NA,0.0,0,-27.37,-18.99,[],0,0,[],[]
9054030,9054630,CHI,CHN,0.0,322,pause,NA,NA,NA,NA,0.0,0,-24.05,-18.15,[],0,600,[],"[{'start': 9054.03, 'end': 9054.63}]"
9054630,9056440,NA,NON,0.0,322,pause,NA,NA,NA,NA,0.0,0,-15.49,-5.01,[],0,0,[],[]
9056440,9058300,CHI,CHN,0.0,322,CM,BC,0,NT,FI,1.0,1860,-13.26,-3.41,"[{'Canonical-syllable': '1', 'Growl': '0', 'High-freq-energy': '0', 'Long-island': '0', 'Low-tilt-spectrum': '3', 'Medium-island': '1', 'Short-island': '1', 'Squeal': '0', 'Typical-entropy': '3', 'Voicing-quality': '3', 'Wide-band': '0', 'Xlong-island': '1', 'seq': '1', 'end': 9058.3, 'start': 9056.44}]",0,0,[],[]
9058300,9059340,NA,OLN,0.0,322,CM,NA,NA,NA,NA,0.0,0,-19.04,-5.98,[],0,0,[],[]
9059340,9060390,CHI,CHN,0.0,322,CM,EC,0,NT,FH,1.0,1050,-22.67,-16.03,"[{'Canonical-syllable': '0', 'Growl': '1', 'High-freq-energy': '1', 'Long-island': '0', 'Low-tilt-spectrum': '1', 'Medium-island': '0', 'Short-island': '0', 'Squeal': '0', 'Typical-entropy': '1', 'Voicing-quality': '1', 'Wide-band': '0', 'Xlong-island': '1', 'seq': '1', 'end': 9060.39, 'start': 9059.34}]",0,0,[],[]
9060390,9061450,NA,NON,0.0,323,pause,NA,NA,NA,NA,0.0,0,-26.64,-16.7,[],0,0,[],[]
9061450,9063170,CHI,CHN,0.0,323,pause,NA,NA,NA,NA,0.0,0,-24.22,-17.45,[],0,1720,[],"[{'start': 9061.45, 'end': 9063.17}]"
9063170,9064480,NA,NON,0.0,323,pause,NA,NA,NA,NA,0.0,0,-23.61,-16.96,[],0,0,[],[]
9064480,9065280,NA,OLN,0.0,323,pause,NA,NA,NA,NA,0.0,0,-21.57,-16.77,[],0,0,[],[]
9065280,9072710,NA,NON,0.0,323,pause,NA,NA,NA,NA,0.0,0,-16.16,-3.33,[],0,0,[],[]
9072710,9073480,CHI,CHN,0.0,323,CM,BC,0,NT,FI,1.0,560,-15.98,-8.94,"[{'Canonical-syllable': '0', 'Growl': '0', 'High-freq-energy': '0', 'Long-island': '0', 'Low-tilt-spectrum': '1', 'Medium-island': '1', 'Short-island': '0', 'Squeal': '0', 'Typical-entropy': '1', 'Voicing-quality': '1', 'Wide-band': '0', 'Xlong-island': '0', 'seq': '1', 'end': 9073.27, 'start': 9072.71}]",0,0,[],[]
9073480,9074380,NA,OLN,0.0,323,CM,NA,NA,NA,NA,0.0,0,-16.77,-4.54,[],0,0,[],[]
9074380,9075520,CHI,CHN,0.0,323,CM,RC,0,NT,FH,1.0,1140,-20.57,-5.29,"[{'Canonical-syllable': '0', 'Growl': '2', 'High-freq-energy': '1', 'Long-island': '1', 'Low-tilt-spectrum': '2', 'Medium-island': '0', 'Short-island': '1', 'Squeal': '0', 'Typical-entropy': '2', 'Voicing-quality': '1', 'Wide-band': '0', 'Xlong-island': '0', 'seq': '1', 'end': 9075.52, 'start': 9074.38}]",0,0,[],[]
9075520,9079380,NA,NON,0.0,323,CM,NA,NA,NA,NA,0.0,0,-17.67,-3.67,[],0,0,[],[]
9079380,9079980,CHI,CHN,0.0,323,CM,EC,0,NT,FH,1.0,600,-16.17,-8.24,"[{'Canonical-syllable': '1', 'Growl': '0', 'High-freq-energy': '0', 'Long-island': '0', 'Low-tilt-spectrum': '2', 'Medium-island': '0', 'Short-island': '1', 'Squeal': '0', 'Typical-entropy': '2', 'Voicing-quality': '2', 'Wide-band': '0', 'Xlong-island': '0', 'seq': '1', 'end': 9079.98, 'start': 9079.55}]",0,0,[],[]
9079980,9080980,CHI,CHN,0.0,324,pause,NA,NA,NA,NA,0.0,0,-17.33,-3.39,[],0,1000,[],"[{'start': 9079.98, 'end': 9080.98}]"
9080980,9082190,NA,OLN,0.0,324,pause,NA,NA,NA,NA,0.0,0,-20.95,-16.57,[],0,0,[],[]
9082190,9089630,NA,NON,0.0,324,pause,NA,NA,NA,NA,0.0,0,-11.86,-2.62,[],0,0,[],[]
9089630,9092600,CHI,CHN,0.0,324,CIC,BC,0,TIFI,FI,1.0,2970,-22.63,-14.02,"[{'Canonical-syllable': '0', 'Growl': '1', 'High-freq-energy': '1', 'Long-island': '0', 'Low-tilt-spectrum': '1', 'Medium-island': '0', 'Short-island': '0', 'Squeal': '0', 'Typical-entropy': '1', 'Voicing-quality': '1', 'Wide-band': '0', 'Xlong-island': '1', 'seq': '1', 'end': 9092.6, 'start': 9089.63}]",0,0,[],[]
9092600,9093560,NA,NOF,0.0,324,CIC,NA,NA,NA,NA,0.0,0,-33.91,-25.74,[],0,0,[],[]
9093560,9094560,NA,MAF,0.0,324,CIC,NA,NA,NA,NA,0.0,0,-36.27,-31.96,[],0,0,[],[]
9094560,9097550,NA,NOF,0.0,324,CIC,NA,NA,NA,NA,0.0,0,-27.33,-7.37,[],0,0,[],[]
9097550,9100260,FEM,FAN,5.98,324,CIC,RC,1,TIFR,FI,0.0,0,-30.5,-16.59,[],0,0,[],[]
9100260,9101130,NA,NON,0.0,324,CIC,NA,NA,NA,NA,0.0,0,-33.04,-25.23,[],0,0,[],[]
9101130,9103820,FEM,FAN,10.0,324,CIC,RC,1,NT,FH,0.0,0,-27.81,-18.46,[],0,0,[],[]
9103820,9105000,NA,TVF,0.0,324,CIC,NA,NA,NA,NA,0.0,0,-44.33,-35.88,[],0,0,[],[]
9105000,9108030,NA,NOF,0.0,324,CIC,NA,NA,NA,NA,0.0,0,-19.71,-6.04,[],0,0,[],[]
9108030,9110720,FEM,FAN,8.74,324,CIC,RC,1,NT,FH,0.0,0,-31.88,-17.52,[],0,0,[],[]
9110720,9111560,NA,NOF,0.0,324,CIC,NA,NA,NA,NA,0.0,0,-39.16,-27.03,[],0,0,[],[]
9111560,9113760,NA,FAF,0.0,324,CIC,NA,NA,NA,NA,0.0,0,-38.13,-21.78,[],0,0,[],[]
9113760,9115200,NA,NOF,0.0,324,CIC,NA,NA,NA,NA,0.0,0,-44.58,-37.77,[],0,0,[],[]
9115200,9116320,CHI,CHN,0.0,324,CIC,RC,1,TIFE,FI,1.0,960,-21.14,-11.67,"[{'Canonical-syllable': '0', 'Growl': '0', 'High-freq-energy': '1', 'Long-island': '0', 'Low-tilt-spectrum': '2', 'Medium-island': '1', 'Short-island': '1', 'Squeal': '0', 'Typical-entropy': '2', 'Voicing-quality': '2', 'Wide-band': '0', 'Xlong-island': '0', 'seq': '1', 'end': 9116.16, 'start': 9115.2}]",0,0,[],[]
9116320,9117120,OCH,CXN,0.0,324,CIC,RC,1,NT,FI,0.0,0,-17.76,-9.93,[],0,0,[],[]
9117120,9117970,NA,NOF,0.0,324,CIC,NA,NA,NA,NA,0.0,0,-40.38,-32.03,[],0,0,[],[]
9117970,9118770,NA,SIL,0.0,324,CIC,NA,NA,NA,NA,0.0,0,-47.56,-43.85,[],0,0,[],[]
9118770,9121110,NA,NOF,0.0,324,CIC,NA,NA,NA,NA,0.0,0,-17.79,-2.07,[],0,0,[],[]
9121110,9122130,CHI,CHN,0.0,324,CIC,RC,1,TIFI,FI,1.0,1020,-22.72,-15.64,"[{'Canonical-syllable': '2', 'Growl': '0', 'High-freq-energy': '0', 'Long-island': '0', 'Low-tilt-spectrum': '3', 'Medium-island': '2', 'Short-island': '1', 'Squeal': '0', 'Typical-entropy': '3', 'Voicing-quality': '3', 'Wide-band': '0', 'Xlong-island': '0', 'seq': '1', 'end': 9122.13, 'start': 9121.11}]",0,0,[],[]
9122130,9123820,FEM,FAN,3.68,324,CIC,RC,2,TIFR,FI,0.0,0,-31.42,-20.24,[],0,0,[],[]
9123820,9126520,NA,NOF,0.0,324,CIC,NA,NA,NA,NA,0.0,0,-40.55,-24.14,[],0,0,[],[]
9126520,9127120,CHI,CHN,0.0,324,CIC,RC,2,TIFE,FI,1.0,600,-16.09,-10.13,"[{'Canonical-syllable': '0', 'Growl': '0', 'High-freq-energy': '0', 'Long-island': '0', 'Low-tilt-spectrum': '0', 'Medium-island': '1', 'Short-island': '0', 'Squeal': '0', 'Typical-entropy': '0', 'Voicing-quality': '1', 'Wide-band': '0', 'Xlong-island': '0', 'seq': '1', 'end': 9127.12, 'start': 9126.72}]",0,0,[],[]
9127120,9127920,NA,OLN,0.0,324,CIC,NA,NA,NA,NA,0.0,0,-16.87,-2.53,[],0,0,[],[]
9127920,9128630,CHI,CHN,0.0,324,CIC,NA,NA,NA,NA,0.0,0,-16.47,-9.8,[],0,710,"[{'start': 9127.92, 'end': 9128.63}]",[]
9128630,9129510,CHI,CHN,0.0,324,CIC,RC,2,NT,FH,1.0,700,-15.4,-4.59,"[{'Canonical-syllable': '0', 'Growl': '0', 'High-freq-energy': '0', 'Long-island': '1', 'Low-tilt-spectrum': '1', 'Medium-island': '0', 'Short-island': '0', 'Squeal': '0', 'Typical-entropy': '1', 'Voicing-quality': '1', 'Wide-band': '0', 'Xlong-island': '0', 'seq': '1', 'end': 9129.33, 'start': 9128.63}]",0,0,[],[]
9129510,9133290,CHI,CHN,0.0,324,CIC,RC,2,NT,FH,3.0,2530,-18.47,-8.69,"[{'Canonical-syllable': '0', 'Growl': '0', 'High-freq-energy': '1', 'Long-island': '0', 'Low-tilt-spectrum': '3', 'Medium-island': '1', 'Short-island': '2', 'Squeal': '0', 'Typical-entropy': '3', 'Voicing-quality': '3', 'Wide-band': '0', 'Xlong-island': '0', 'seq': '1', 'end': 9130.82, 'start': 9129.51}, {'Canonical-syllable': '0', 'Growl': '0', 'High-freq-energy': '0', 'Long-island': '1', 'Low-tilt-spectrum': '1', 'Medium-island': '0', 'Short-island': '0', 'Squeal': '0', 'Typical-entropy': '1', 'Voicing-quality': '1', 'Wide-band': '0', 'Xlong-island': '0', 'seq': '2', 'end': 9132.32, 'start': 9131.53}, {'Canonical-syllable': '0', 'Growl': '0', 'High-freq-energy': '0', 'Long-island': '0', 'Low-tilt-spectrum': '1', 'Medium-island': '0', 'Short-island': '1', 'Squeal': '0', 'Typical-entropy': '1', 'Voicing-quality': '1', 'Wide-band': '0', 'Xlong-island': '0', 'seq': '3', 'end': 9133.29, 'start': 9132.86}]",0,0,[],[]
9133290,9134090,CHI,CHN,0.0,324,CIC,RC,2,NT,FH,1.0,630,-16.93,-11.0,"[{'Canonical-syllable': '0', 'Growl': '0', 'High-freq-energy': '0', 'Long-island': '1', 'Low-tilt-spectrum': '1', 'Medium-island': '0', 'Short-island': '0', 'Squeal': '0', 'Typical-entropy': '1', 'Voicing-quality': '1', 'Wide-band': '0', 'Xlong-island': '0', 'seq': '1', 'end': 9133.92, 'start': 9133.29}]",0,0,[],[]
9134090,9136100,NA,OLF,0.0,324,CIC,NA,NA,NA,NA,0.0,0,-43.08,-37.5,[],0,0,[],[]
9136100,9137340,CHI,CHN,0.0,324,CIC,RC,2,NT,FH,1.0,1100,-18.96,-10.97,"[{'Canonical-syllable': '3', 'Growl': '0', 'High-freq-energy': '0', 'Long-island': '0', 'Low-tilt-spectrum': '0', 'Medium-island': '1', 'Short-island': '2', 'Squeal': '0', 'Typical-entropy': '3', 'Voicing-quality': '3', 'Wide-band': '0', 'Xlong-island': '0', 'seq': '1', 'end': 9137.2, 'start': 9136.1}]",0,0,[],[]
9137340,9138170,NA,NOF,0.0,324,CIC,NA,NA,NA,NA,0.0,0,-39.82,-27.27,[],0,0,[],[]
9138170,9138820,CHI,CHN,0.0,324,CIC,EC,2,NT,FH,1.0,650,-17.29,-11.06,"[{'Canonical-syllable': '0', 'Growl': '0', 'High-freq-energy': '0', 'Long-island': '0', 'Low-tilt-spectrum': '0', 'Medium-island': '1', 'Short-island': '0', 'Squeal': '0', 'Typical-entropy': '0', 'Voicing-quality': '1', 'Wide-band': '0', 'Xlong-island': '0', 'seq': '1', 'end': 9138.82, 'start': 9138.17}]",0,0,[],[]
9138820,9140310,NA,NOF,0.0,325,pause,NA,NA,NA,NA,0.0,0,-33.81,-21.83,[],0,0,[],[]
9140310,9141130,NA,OLN,0.0,325,pause,NA,NA,NA,NA,0.0,0,-18.66,-7.36,[],0,0,[],[]
9141130,9141930,NA,OLF,0.0,325,pause,NA,NA,NA,NA,0.0,0,-30.73,-21.23,[],0,0,[],[]
9141930,9142760,NA,SIL,0.0,325,pause,NA,NA,NA,NA,0.0,0,-36.63,-23.65,[],0,0,[],[]
9142760,9143930,NA,MAF,0.0,325,pause,NA,NA,NA,NA,0.0,0,-39.6,-30.99,[],0,0,[],[]
9143930,9145000,CHI,CHN,0.0,325,CIC,BC,0,TIFI,FI,2.0,720,-17.3,-6.2,"[{'Canonical-syllable': '0', 'Growl': '0', 'High-freq-energy': '0', 'Long-island': '0', 'Low-tilt-spectrum': '1', 'Medium-island': '0', 'Short-island': '0', 'Squeal': '0', 'Typical-entropy': '1', 'Voicing-quality': '0', 'Wide-band': '0', 'Xlong-island': '0', 'seq': '1', 'end': 9144.06, 'start': 9143.93}, {'Canonical-syllable': '1', 'Growl': '0', 'High-freq-energy': '0', 'Long-island': '0', 'Low-tilt-spectrum': '2', 'Medium-island': '0', 'Short-island': '2', 'Squeal': '0', 'Typical-entropy': '2', 'Voicing-quality': '2', 'Wide-band': '0', 'Xlong-island': '0', 'seq': '2', 'end': 9145.0, 'start': 9144.41}]",0,0,[],[]
9145000,9147550,FEM,FAN,10.49,325,CIC,EC,1,TIFR,FI,0.0,0,-35.92,-26.61,[],0,0,[],[]
9147550,9153480,NA,NOF,0.0,326,pause,NA,NA,NA,NA,0.0,0,-36.19,-19.05,[],0,0,[],[]
9153480,9154630,NA,TVF,0.0,326,pause,NA,NA,NA,NA,0.0,0,-38.78,-29.01,[],0,0,[],[]
9154630,9155430,NA,SIL,0.0,326,pause,NA,NA,NA,NA,0.0,0,-41.7,-35.4,[],0,0,[],[]
9155430,9156510,NA,NOF,0.0,326,pause,NA,NA,NA,NA,0.0,0,-41.94,-39.38,[],0,0,[],[]
9156510,9157810,NA,OLN,0.0,326,pause,NA,NA,NA,NA,0.0,0,-26.61,-13.78,[],0,0,[],[]
9157810,9160120,NA,NOF,0.0,326,pause,NA,NA,NA,NA,0.0,0,-34.03,-16.3,[],0,0,[],[]
9160120,9161330,NA,OLN,0.0,326,pause,NA,NA,NA,NA,0.0,0,-22.84,-11.07,[],0,0,[],[]
9161330,9163660,NA,FAF,0.0,326,pause,NA,NA,NA,NA,0.0,0,-37.14,-21.84,[],0,0,[],[]
9163660,9165210,NA,NOF,0.0,326,pause,NA,NA,NA,NA,0.0,0,-41.86,-35.7,[],0,0,[],[]
9165210,9166220,CHI,CHN,0.0,326,CM,BC,0,NT,FI,1.0,1010,-14.68,-5.04,"[{'Canonical-syllable': '1', 'Growl': '0', 'High-freq-energy': '0', 'Long-island': '0', 'Low-tilt-spectrum': '1', 'Medium-island': '1', 'Short-island': '1', 'Squeal': '0', 'Typical-entropy': '3', 'Voicing-quality': '3', 'Wide-band': '0', 'Xlong-island': '0', 'seq': '1', 'end': 9166.22, 'start': 9165.21}]",0,0,[],[]
9166220,9167830,NA,OLN,0.0,326,CM,NA,NA,NA,NA,0.0,0,-25.52,-13.69,[],0,0,[],[]
9167830,9168620,CHI,CHN,0.0,326,CM,RC,0,NT,FH,1.0,790,-26.42,-17.97,"[{'Canonical-syllable': '1', 'Growl': '0', 'High-freq-energy': '0', 'Long-island': '0', 'Low-tilt-spectrum': '0', 'Medium-island': '1', 'Short-island': '0', 'Squeal': '0', 'Typical-entropy': '0', 'Voicing-quality': '1', 'Wide-band': '0', 'Xlong-island': '0', 'seq': '1', 'end': 9168.62, 'start': 9168.13}]",0,0,[],[]
9168620,9169550,NA,NOF,0.0,326,CM,NA,NA,NA,NA,0.0,0,-41.48,-38.1,[],0,0,[],[]
9169550,9170690,CHI,CHN,0.0,326,CM,EC,0,NT,FH,1.0,840,-18.64,-6.87,"[{'Canonical-syllable': '1', 'Growl': '0', 'High-freq-energy': '0', 'Long-island': '0', 'Low-tilt-spectrum': '1', 'Medium-island': '2', 'Short-island': '0', 'Squeal': '0', 'Typical-entropy': '1', 'Voicing-quality': '2', 'Wide-band': '0', 'Xlong-island': '0', 'seq': '1', 'end': 9170.39, 'start': 9169.66}]",0,0,[],[]
9170690,9171700,NA,FAF,0.0,327,pause,NA,NA,NA,NA,0.0,0,-28.22,-15.64,[],0,0,[],[]
9171700,9172630,NA,NOF,0.0,327,pause,NA,NA,NA,NA,0.0,0,-29.78,-20.22,[],0,0,[],[]
9172630,9173480,NA,OLN,0.0,327,pause,NA,NA,NA,NA,0.0,0,-27.97,-14.72,[],0,0,[],[]
9173480,9174280,NA,NOF,0.0,327,pause,NA,NA,NA,NA,0.0,0,-36.62,-26.11,[],0,0,[],[]
9174280,9175080,NA,OLN,0.0,327,pause,NA,NA,NA,NA,0.0,0,-22.65,-8.02,[],0,0,[],[]
9175080,9176270,NA,NOF,0.0,327,pause,NA,NA,NA,NA,0.0,0,-30.97,-19.21,[],0,0,[],[]
9176270,9176870,CHI,CHN,0.0,327,CM,EC,0,NT,FI,1.0,600,-27.18,-19.65,"[{'Canonical-syllable': '1', 'Growl': '1', 'High-freq-energy': '1', 'Long-island': '0', 'Low-tilt-spectrum': '2', 'Medium-island': '0', 'Short-island': '2', 'Squeal': '0', 'Typical-entropy': '2', 'Voicing-quality': '1', 'Wide-band': '0', 'Xlong-island': '0', 'seq': '1', 'end': 9176.87, 'start': 9176.27}]",0,0,[],[]
9176870,9177950,NA,NOF,0.0,328,pause,NA,NA,NA,NA,0.0,0,-44.19,-35.37,[],0,0,[],[]
9177950,9182200,NA,SIL,0.0,328,pause,NA,NA,NA,NA,0.0,0,-44.74,-40.38,[],0,0,[],[]
9182200,9185750,NA,NOF,0.0,328,pause,NA,NA,NA,NA,0.0,0,-42.41,-32.21,[],0,0,[],[]
9185750,9186540,CHI,CHN,0.0,328,CM,BC,0,NT,FI,1.0,790,-16.25,-10.81,"[{'Canonical-syllable': '0', 'Growl': '0', 'High-freq-energy': '0', 'Long-island': '0', 'Low-tilt-spectrum': '0', 'Medium-island': '1', 'Short-island': '0', 'Squeal': '0', 'Typical-entropy': '1', 'Voicing-quality': '1', 'Wide-band': '0', 'Xlong-island': '0', 'seq': '1', 'end': 9186.54, 'start': 9185.75}]",0,0,[],[]
9186540,9187970,CHI,CHN,0.0,328,CM,RC,0,NT,FH,1.0,590,-20.5,-8.7,"[{'Canonical-syllable': '0', 'Growl': '0', 'High-freq-energy': '0', 'Long-island': '0', 'Low-tilt-spectrum': '1', 'Medium-island': '0', 'Short-island': '2', 'Squeal': '1', 'Typical-entropy': '2', 'Voicing-quality': '2', 'Wide-band': '0', 'Xlong-island': '0', 'seq': '1', 'end': 9187.83, 'start': 9187.24}]",0,0,[],[]
9187970,9188570,CHI,CHN,0.0,328,CM,EC,0,NT,FH,1.0,600,-17.56,-11.04,"[{'Canonical-syllable': '1', 'Growl': '0', 'High-freq-energy': '0', 'Long-island': '0', 'Low-tilt-spectrum': '1', 'Medium-island': '1', 'Short-island': '0', 'Squeal': '0', 'Typical-entropy': '1', 'Voicing-quality': '2', 'Wide-band': '0', 'Xlong-island': '0', 'seq': '1', 'end': 9188.57, 'start': 9187.97}]",0,0,[],[]
9188570,9189370,NA,OLF,0.0,329,pause,NA,NA,NA,NA,0.0,0,-44.68,-40.65,[],0,0,[],[]
9189370,9190460,NA,CXF,0.0,329,pause,NA,NA,NA,NA,0.0,0,-42.44,-35.57,[],0,0,[],[]
9190460,9193850,NA,NOF,0.0,329,pause,NA,NA,NA,NA,0.0,0,-37.59,-16.25,[],0,0,[],[]
9193850,9194740,NA,SIL,0.0,329,pause,NA,NA,NA,NA,0.0,0,-45.51,-39.61,[],0,0,[],[]
9194740,9195740,NA,OLF,0.0,329,pause,NA,NA,NA,NA,0.0,0,-44.34,-37.71,[],0,0,[],[]
9195740,9196930,NA,SIL,0.0,329,pause,NA,NA,NA,NA,0.0,0,-45.95,-40.18,[],0,0,[],[]
9196930,9201080,NA,NOF,0.0,329,pause,NA,NA,NA,NA,0.0,0,-34.98,-17.29,[],0,0,[],[]
9201080,9201880,NA,SIL,0.0,329,pause,NA,NA,NA,NA,0.0,0,-41.96,-31.07,[],0,0,[],[]
9201880,9223040,NA,NOF,0.0,329,pause,NA,NA,NA,NA,0.0,0,-29.87,-2.89,[],0,0,[],[]
9223040,9223890,NA,SIL,0.0,329,pause,NA,NA,NA,NA,0.0,0,-47.74,-40.93,[],0,0,[],[]
9223890,9225750,NA,NOF,0.0,329,pause,NA,NA,NA,NA,0.0,0,-32.61,-10.52,[],0,0,[],[]
9225750,9226590,NA,SIL,0.0,329,pause,NA,NA,NA,NA,0.0,0,-48.92,-43.42,[],0,0,[],[]
9226590,9227390,NA,OLF,0.0,329,pause,NA,NA,NA,NA,0.0,0,-18.81,-4.82,[],0,0,[],[]
9227390,9228620,FEM,FAN,0.0,329,pause,NA,NA,NA,NA,0.0,0,-30.53,-18.8,[],1230,0,[],[]
9228620,9229480,NA,NOF,0.0,329,pause,NA,NA,NA,NA,0.0,0,-48.85,-45.21,[],0,0,[],[]
9229480,9230480,FEM,FAN,5.55,329,AMF,EC,0,NT,FI,0.0,0,-37.55,-31.14,[],0,0,[],[]
9230480,9231510,NA,MAF,0.0,330,pause,NA,NA,NA,NA,0.0,0,-41.54,-35.31,[],0,0,[],[]
9231510,9234570,NA,NOF,0.0,330,pause,NA,NA,NA,NA,0.0,0,-43.08,-27.84,[],0,0,[],[]
9234570,9235680,NA,SIL,0.0,330,pause,NA,NA,NA,NA,0.0,0,-48.82,-40.49,[],0,0,[],[]
9235680,9236950,FEM,FAN,3.39,330,AMF,EC,0,NT,FI,0.0,0,-37.86,-28.06,[],0,0,[],[]
9236950,9237750,NA,OLN,0.0,331,pause,NA,NA,NA,NA,0.0,0,-14.78,-2.82,[],0,0,[],[]
9237750,9238750,MAL,MAN,0.0,331,pause,NA,NA,NA,NA,0.0,0,-28.88,-19.75,[],1000,0,[],[]
9238750,9239760,NA,NOF,0.0,331,pause,NA,NA,NA,NA,0.0,0,-35.81,-18.4,[],0,0,[],[]
9239760,9242150,NA,OLN,0.0,331,pause,NA,NA,NA,NA,0.0,0,-17.27,-3.5,[],0,0,[],[]
9242150,9245470,NA,NOF,0.0,331,pause,NA,NA,NA,NA,0.0,0,-36.48,-17.86,[],0,0,[],[]
9245470,9246290,NA,SIL,0.0,331,pause,NA,NA,NA,NA,0.0,0,-48.21,-39.42,[],0,0,[],[]
9246290,9248650,NA,NOF,0.0,331,pause,NA,NA,NA,NA,0.0,0,-47.67,-33.47,[],0,0,[],[]
9248650,9249530,CHI,CHN,0.0,331,CM,BC,0,NT,FI,2.0,510,-23.2,-17.69,"[{'Canonical-syllable': '0', 'Growl': '0', 'High-freq-energy': '0', 'Long-island': '0', 'Low-tilt-spectrum': '0', 'Medium-island': '0', 'Short-island': '1', 'Squeal': '0', 'Typical-entropy': '0', 'Voicing-quality': '1', 'Wide-band': '0', 'Xlong-island': '0', 'seq': '1', 'end': 9248.82, 'start': 9248.65}, {'Canonical-syllable': '0', 'Growl': '0', 'High-freq-energy': '0', 'Long-island': '0', 'Low-tilt-spectrum': '0', 'Medium-island': '1', 'Short-island': '0', 'Squeal': '0', 'Typical-entropy': '0', 'Voicing-quality': '1', 'Wide-band': '0', 'Xlong-island': '0', 'seq': '2', 'end': 9249.53, 'start': 9249.19}]",0,0,[],[]
9249530,9250530,CHI,CHN,0.0,331,CM,EC,0,NT,FH,1.0,760,-21.84,-15.27,"[{'Canonical-syllable': '0', 'Growl': '0', 'High-freq-energy': '0', 'Long-island': '0', 'Low-tilt-spectrum': '1', 'Medium-island': '1', 'Short-island': '0', 'Squeal': '0', 'Typical-entropy': '2', 'Voicing-quality': '2', 'Wide-band': '1', 'Xlong-island': '0', 'seq': '1', 'end': 9250.29, 'start': 9249.53}]",0,0,[],[]
9250530,9252450,NA,NOF,0.0,332,pause,NA,NA,NA,NA,0.0,0,-49.16,-45.5,[],0,0,[],[]
9252450,9253480,NA,SIL,0.0,332,pause,NA,NA,NA,NA,0.0,0,-49.54,-46.23,[],0,0,[],[]
9253480,9254330,NA,NOF,0.0,332,pause,NA,NA,NA,NA,0.0,0,-46.75,-42.21,[],0,0,[],[]
9254330,9255210,NA,SIL,0.0,332,pause,NA,NA,NA,NA,0.0,0,-48.99,-44.36,[],0,0,[],[]
9255210,9256250,NA,NOF,0.0,332,pause,NA,NA,NA,NA,0.0,0,-44.55,-30.27,[],0,0,[],[]
9256250,9257250,MAL,MAN,0.19,332,AIOCCXM,BC,0,NT,FI,0.0,0,-43.48,-33.72,[],0,0,[],[]
9257250,9260740,NA,NOF,0.0,332,AIOCCXM,NA,NA,NA,NA,0.0,0,-35.57,-13.85,[],0,0,[],[]
9260740,9261550,OCH,CXN,0.0,332,AIOCCXM,RC,0,NT,FI,0.0,0,-25.66,-18.69,[],0,0,[],[]
9261550,9262150,CHI,CHN,0.0,332,AIOCCXM,EC,0,NT,FI,1.0,390,-26.39,-19.42,"[{'Canonical-syllable': '1', 'Growl': '0', 'High-freq-energy': '0', 'Long-island': '0', 'Low-tilt-spectrum': '0', 'Medium-island': '1', 'Short-island': '0', 'Squeal': '0', 'Typical-entropy': '0', 'Voicing-quality': '1', 'Wide-band': '0', 'Xlong-island': '0', 'seq': '1', 'end': 9261.94, 'start': 9261.63}]",0,0,[],[]
9262150,9267070,NA,NOF,0.0,333,pause,NA,NA,NA,NA,0.0,0,-29.16,-7.96,[],0,0,[],[]
9267070,9268090,NA,OLF,0.0,333,pause,NA,NA,NA,NA,0.0,0,-23.33,-6.15,[],0,0,[],[]
9268090,9269820,NA,NOF,0.0,333,pause,NA,NA,NA,NA,0.0,0,-32.79,-13.51,[],0,0,[],[]
9269820,9270820,NA,MAF,0.0,333,pause,NA,NA,NA,NA,0.0,0,-43.51,-33.18,[],0,0,[],[]
9270820,9274020,NA,NOF,0.0,333,pause,NA,NA,NA,NA,0.0,0,-40.27,-22.68,[],0,0,[],[]
9274020,9274910,NA,SIL,0.0,333,pause,NA,NA,NA,NA,0.0,0,-45.05,-35.02,[],0,0,[],[]
9274910,9276510,NA,FAF,0.0,333,pause,NA,NA,NA,NA,0.0,0,-44.44,-36.01,[],0,0,[],[]
9276510,9277330,NA,SIL,0.0,333,pause,NA,NA,NA,NA,0.0,0,-47.72,-43.81,[],0,0,[],[]
9277330,9284590,NA,NOF,0.0,333,pause,NA,NA,NA,NA,0.0,0,-43.5,-31.96,[],0,0,[],[]
9284590,9285880,NA,SIL,0.0,333,pause,NA,NA,NA,NA,0.0,0,-48.88,-38.92,[],0,0,[],[]
9285880,9286880,NA,NOF,0.0,333,pause,NA,NA,NA,NA,0.0,0,-48.6,-45.28,[],0,0,[],[]
9286880,9287680,NA,SIL,0.0,333,pause,NA,NA,NA,NA,0.0,0,-49.02,-42.92,[],0,0,[],[]
9287680,9288670,NA,NOF,0.0,333,pause,NA,NA,NA,NA,0.0,0,-41.37,-24.25,[],0,0,[],[]
9288670,9289670,NA,FAF,0.0,333,pause,NA,NA,NA,NA,0.0,0,-33.75,-22.98,[],0,0,[],[]
9289670,9290470,NA,SIL,0.0,333,pause,NA,NA,NA,NA,0.0,0,-49.12,-44.67,[],0,0,[],[]
9290470,9292340,NA,NOF,0.0,333,pause,NA,NA,NA,NA,0.0,0,-46.04,-36.94,[],0,0,[],[]
9292340,9295820,NA,SIL,0.0,333,pause,NA,NA,NA,NA,0.0,0,-47.58,-37.16,[],0,0,[],[]
9295820,9299810,NA,NOF,0.0,333,pause,NA,NA,NA,NA,0.0,0,-43.29,-29.12,[],0,0,[],[]
9299810,9300640,NA,SIL,0.0,333,pause,NA,NA,NA,NA,0.0,0,-48.74,-43.75,[],0,0,[],[]
9300640,9301470,NA,MAF,0.0,333,pause,NA,NA,NA,NA,0.0,0,-47.01,-41.05,[],0,0,[],[]
9301470,9302480,NA,SIL,0.0,333,pause,NA,NA,NA,NA,0.0,0,-48.65,-42.91,[],0,0,[],[]
9302480,9303120,OCH,CXN,0.0,333,XIOCC,BC,0,NT,FI,0.0,0,-34.34,-25.57,[],0,0,[],[]
9303120,9303950,NA,NOF,0.0,333,XIOCC,NA,NA,NA,NA,0.0,0,-32.92,-17.42,[],0,0,[],[]
9303950,9304560,CHI,CHN,0.0,333,XIOCC,EC,0,NT,FI,1.0,280,-25.07,-16.39,"[{'Canonical-syllable': '1', 'Growl': '0', 'High-freq-energy': '0', 'Long-island': '0', 'Low-tilt-spectrum': '0', 'Medium-island': '0', 'Short-island': '1', 'Squeal': '0', 'Typical-entropy': '1', 'Voicing-quality': '1', 'Wide-band': '0', 'Xlong-island': '0', 'seq': '1', 'end': 9304.23, 'start': 9303.95}]",0,0,[],[]
9304560,9305460,NA,NOF,0.0,334,pause,NA,NA,NA,NA,0.0,0,-47.86,-41.75,[],0,0,[],[]
9305460,9307440,NA,SIL,0.0,334,pause,NA,NA,NA,NA,0.0,0,-47.82,-38.06,[],0,0,[],[]
9307440,9308890,NA,NOF,0.0,334,pause,NA,NA,NA,NA,0.0,0,-47.43,-40.36,[],0,0,[],[]
9308890,9312050,NA,SIL,0.0,334,pause,NA,NA,NA,NA,0.0,0,-48.24,-36.36,[],0,0,[],[]
9312050,9312850,NA,NOF,0.0,334,pause,NA,NA,NA,NA,0.0,0,-41.32,-30.04,[],0,0,[],[]
9312850,9313730,NA,SIL,0.0,334,pause,NA,NA,NA,NA,0.0,0,-45.02,-28.76,[],0,0,[],[]
9313730,9314680,NA,NOF,0.0,334,pause,NA,NA,NA,NA,0.0,0,-43.97,-33.9,[],0,0,[],[]
9314680,9315590,NA,SIL,0.0,334,pause,NA,NA,NA,NA,0.0,0,-48.41,-44.49,[],0,0,[],[]
9315590,9317760,NA,NOF,0.0,334,pause,NA,NA,NA,NA,0.0,0,-40.78,-26.75,[],0,0,[],[]
9317760,9318580,NA,SIL,0.0,334,pause,NA,NA,NA,NA,0.0,0,-48.24,-39.12,[],0,0,[],[]
9318580,9319580,NA,MAF,0.0,334,pause,NA,NA,NA,NA,0.0,0,-41.5,-35.21,[],0,0,[],[]
9319580,9320720,NA,SIL,0.0,334,pause,NA,NA,NA,NA,0.0,0,-48.87,-41.84,[],0,0,[],[]
9320720,9321520,NA,NOF,0.0,334,pause,NA,NA,NA,NA,0.0,0,-47.57,-39.93,[],0,0,[],[]
9321520,9324980,NA,SIL,0.0,334,pause,NA,NA,NA,NA,0.0,0,-47.96,-31.93,[],0,0,[],[]
9324980,9325780,MAL,MAN,0.0,334,pause,NA,NA,NA,NA,0.0,0,-42.76,-34.72,[],800,0,[],[]
9325780,9327160,NA,SIL,0.0,334,pause,NA,NA,NA,NA,0.0,0,-46.88,-33.55,[],0,0,[],[]
9327160,9328800,NA,NOF,0.0,334,pause,NA,NA,NA,NA,0.0,0,-40.86,-25.0,[],0,0,[],[]
9328800,9329800,FEM,FAN,4.1,334,AIOCF,BC,0,NT,FI,0.0,0,-35.42,-25.92,[],0,0,[],[]
9329800,9330700,NA,NOF,0.0,334,AIOCF,NA,NA,NA,NA,0.0,0,-47.44,-43.79,[],0,0,[],[]
9330700,9331350,OCH,CXN,0.0,334,AIOCF,RC,0,NT,FI,0.0,0,-26.41,-15.28,[],0,0,[],[]
9331350,9332330,NA,FAF,0.0,334,AIOCF,NA,NA,NA,NA,0.0,0,-42.96,-32.92,[],0,0,[],[]
9332330,9334650,FEM,FAN,8.21,334,AIOCF,RC,0,NT,FI,0.0,0,-37.45,-30.19,[],0,0,[],[]
9334650,9337480,NA,NOF,0.0,334,AIOCF,NA,NA,NA,NA,0.0,0,-47.52,-41.95,[],0,0,[],[]
9337480,9339870,FEM,FAN,1.46,334,AIOCF,EC,0,NT,FH,0.0,0,-35.33,-25.87,[],0,0,[],[]
9339870,9341910,NA,NOF,0.0,335,pause,NA,NA,NA,NA,0.0,0,-47.19,-34.76,[],0,0,[],[]
9341910,9345460,NA,SIL,0.0,335,pause,NA,NA,NA,NA,0.0,0,-49.12,-44.33,[],0,0,[],[]
9345460,9351240,NA,NOF,0.0,335,pause,NA,NA,NA,NA,0.0,0,-44.91,-32.94,[],0,0,[],[]
9351240,9352060,NA,SIL,0.0,335,pause,NA,NA,NA,NA,0.0,0,-48.43,-43.83,[],0,0,[],[]
9352060,9354920,NA,NOF,0.0,335,pause,NA,NA,NA,NA,0.0,0,-47.8,-37.33,[],0,0,[],[]
9354920,9357880,NA,SIL,0.0,335,pause,NA,NA,NA,NA,0.0,0,-47.76,-43.02,[],0,0,[],[]
9357880,9358890,NA,NOF,0.0,335,pause,NA,NA,NA,NA,0.0,0,-46.97,-41.57,[],0,0,[],[]
9358890,9359750,NA,SIL,0.0,335,pause,NA,NA,NA,NA,0.0,0,-47.68,-43.55,[],0,0,[],[]
9359750,9360550,NA,OLF,0.0,335,pause,NA,NA,NA,NA,0.0,0,-43.47,-30.66,[],0,0,[],[]
9360550,9361730,NA,SIL,0.0,335,pause,NA,NA,NA,NA,0.0,0,-47.09,-43.53,[],0,0,[],[]
9361730,9362530,NA,NOF,0.0,335,pause,NA,NA,NA,NA,0.0,0,-45.98,-39.52,[],0,0,[],[]
9362530,9363380,NA,SIL,0.0,335,pause,NA,NA,NA,NA,0.0,0,-47.15,-43.42,[],0,0,[],[]
9363380,9367260,NA,NOF,0.0,335,pause,NA,NA,NA,NA,0.0,0,-42.71,-27.11,[],0,0,[],[]
9367260,9368160,NA,OLN,0.0,335,pause,NA,NA,NA,NA,0.0,0,-33.42,-25.02,[],0,0,[],[]
9368160,9369210,FEM,FAN,0.0,335,pause,NA,NA,NA,NA,0.0,0,-35.2,-28.06,[],1050,0,[],[]
9369210,9370140,NA,NON,0.0,335,pause,NA,NA,NA,NA,0.0,0,-35.07,-28.36,[],0,0,[],[]
9370140,9370970,CHI,CHN,0.0,335,CIC,BC,0,TIFI,FI,1.0,830,-32.02,-24.66,"[{'Canonical-syllable': '0', 'Growl': '1', 'High-freq-energy': '1', 'Long-island': '1', 'Low-tilt-spectrum': '1', 'Medium-island': '0', 'Short-island': '0', 'Squeal': '0', 'Typical-entropy': '1', 'Voicing-quality': '1', 'Wide-band': '0', 'Xlong-island': '0', 'seq': '1', 'end': 9370.97, 'start': 9370.14}]",0,0,[],[]
9370970,9371980,FEM,FAN,6.58,335,CIC,RC,1,TIFR,FI,0.0,0,-35.9,-30.14,[],0,0,[],[]
9371980,9372780,NA,OLN,0.0,335,CIC,NA,NA,NA,NA,0.0,0,-34.49,-23.02,[],0,0,[],[]
9372780,9373580,NA,SIL,0.0,335,CIC,NA,NA,NA,NA,0.0,0,-49.85,-42.7,[],0,0,[],[]
9373580,9374880,FEM,FAN,6.49,335,CIC,RC,1,NT,FH,0.0,0,-37.11,-28.46,[],0,0,[],[]
9374880,9376350,NA,NOF,0.0,335,CIC,NA,NA,NA,NA,0.0,0,-25.89,-6.25,[],0,0,[],[]
9376350,9376950,CHI,CHN,0.0,335,CIC,RC,1,TIFI,FI,1.0,390,-31.4,-22.66,"[{'Canonical-syllable': '1', 'Growl': '0', 'High-freq-energy': '0', 'Long-island': '0', 'Low-tilt-spectrum': '1', 'Medium-island': '1', 'Short-island': '0', 'Squeal': '0', 'Typical-entropy': '1', 'Voicing-quality': '1', 'Wide-band': '0', 'Xlong-island': '0', 'seq': '1', 'end': 9376.74, 'start': 9376.35}]",0,0,[],[]
9376950,9378310,FEM,FAN,5.2,335,CIC,EC,2,TIFR,FI,0.0,0,-36.52,-29.11,[],0,0,[],[]
9378310,9379680,NA,NOF,0.0,336,pause,NA,NA,NA,NA,0.0,0,-47.92,-41.74,[],0,0,[],[]
9379680,9380950,NA,SIL,0.0,336,pause,NA,NA,NA,NA,0.0,0,-48.35,-36.21,[],0,0,[],[]
9380950,9382640,NA,NOF,0.0,336,pause,NA,NA,NA,NA,0.0,0,-38.31,-22.37,[],0,0,[],[]
9382640,9384020,NA,SIL,0.0,336,pause,NA,NA,NA,NA,0.0,0,-49.07,-45.53,[],0,0,[],[]
9384020,9386110,NA,NON,0.0,336,pause,NA,NA,NA,NA,0.0,0,-37.59,-29.5,[],0,0,[],[]
9386110,9386980,NA,OLN,0.0,336,pause,NA,NA,NA,NA,0.0,0,-36.77,-31.96,[],0,0,[],[]
9386980,9394170,NA,NON,0.0,336,pause,NA,NA,NA,NA,0.0,0,-37.06,-27.29,[],0,0,[],[]
9394170,9394990,OCH,CXN,0.0,336,XIOCC,BC,0,NT,FI,0.0,0,-36.84,-31.39,[],0,0,[],[]
9394990,9397780,NA,NON,0.0,336,XIOCC,NA,NA,NA,NA,0.0,0,-35.82,-23.66,[],0,0,[],[]
9397780,9399270,CHI,CHN,0.0,336,XIOCC,RC,0,NT,FI,1.0,1490,-23.16,-14.53,"[{'Canonical-syllable': '0', 'Growl': '1', 'High-freq-energy': '0', 'Long-island': '0', 'Low-tilt-spectrum': '3', 'Medium-island': '2', 'Short-island': '1', 'Squeal': '0', 'Typical-entropy': '3', 'Voicing-quality': '3', 'Wide-band': '0', 'Xlong-island': '0', 'seq': '1', 'end': 9399.27, 'start': 9397.78}]",0,0,[],[]
9399270,9400880,NA,NON,0.0,336,XIOCC,NA,NA,NA,NA,0.0,0,-37.79,-25.28,[],0,0,[],[]
9400880,9402350,CHI,CHN,0.0,336,XIOCC,RC,0,NT,FH,1.0,1470,-22.94,-14.52,"[{'Canonical-syllable': '0', 'Growl': '0', 'High-freq-energy': '0', 'Long-island': '0', 'Low-tilt-spectrum': '2', 'Medium-island': '2', 'Short-island': '1', 'Squeal': '0', 'Typical-entropy': '2', 'Voicing-quality': '3', 'Wide-band': '0', 'Xlong-island': '0', 'seq': '1', 'end': 9402.35, 'start': 9400.88}]",0,0,[],[]
9402350,9403420,NA,NOF,0.0,336,XIOCC,NA,NA,NA,NA,0.0,0,-41.34,-29.2,[],0,0,[],[]
9403420,9404220,NA,OLF,0.0,336,XIOCC,NA,NA,NA,NA,0.0,0,-38.81,-34.01,[],0,0,[],[]
9404220,9405020,NA,NON,0.0,336,XIOCC,NA,NA,NA,NA,0.0,0,-34.24,-28.01,[],0,0,[],[]
9405020,9405730,CHI,CHN,0.0,336,XIOCC,RC,0,NT,FH,1.0,710,-33.5,-24.75,"[{'Canonical-syllable': '0', 'Growl': '0', 'High-freq-energy': '1', 'Long-island': '1', 'Low-tilt-spectrum': '1', 'Medium-island': '0', 'Short-island': '0', 'Squeal': '0', 'Typical-entropy': '1', 'Voicing-quality': '1', 'Wide-band': '1', 'Xlong-island': '0', 'seq': '1', 'end': 9405.73, 'start': 9405.02}]",0,0,[],[]
9405730,9408050,NA,NOF,0.0,336,XIOCC,NA,NA,NA,NA,0.0,0,-41.21,-33.97,[],0,0,[],[]
9408050,9408680,CHI,CHN,0.0,336,XIOCC,EC,0,NT,FH,1.0,630,-22.57,-14.49,"[{'Canonical-syllable': '0', 'Growl': '0', 'High-freq-energy': '0', 'Long-island': '0', 'Low-tilt-spectrum': '1', 'Medium-island': '1', 'Short-island': '0', 'Squeal': '0', 'Typical-entropy': '1', 'Voicing-quality': '1', 'Wide-band': '0', 'Xlong-island': '0', 'seq': '1', 'end': 9408.68, 'start': 9408.24}]",0,0,[],[]
9408680,9410250,NA,NON,0.0,337,pause,NA,NA,NA,NA,0.0,0,-35.59,-27.52,[],0,0,[],[]
9410250,9411050,NA,OLN,0.0,337,pause,NA,NA,NA,NA,0.0,0,-37.86,-33.35,[],0,0,[],[]
9411050,9411940,NA,NON,0.0,337,pause,NA,NA,NA,NA,0.0,0,-38.55,-33.82,[],0,0,[],[]
9411940,9412850,NA,OLN,0.0,337,pause,NA,NA,NA,NA,0.0,0,-37.06,-32.31,[],0,0,[],[]
9412850,9413770,NA,NON,0.0,337,pause,NA,NA,NA,NA,0.0,0,-13.44,-2.79,[],0,0,[],[]
9413770,9415050,NA,OLN,0.0,337,pause,NA,NA,NA,NA,0.0,0,-33.38,-21.35,[],0,0,[],[]
9415050,9417400,CHI,CHN,0.0,337,pause,NA,NA,NA,NA,0.0,0,-27.35,-14.72,[],0,2350,"[{'start': 9415.05, 'end': 9417.4}]",[]
9417400,9418260,NA,NON,0.0,337,pause,NA,NA,NA,NA,0.0,0,-10.67,-3.04,[],0,0,[],[]
9418260,9419270,CHI,CHN,0.0,337,CIOCX,BC,0,NT,FI,1.0,1010,-29.98,-18.2,"[{'Canonical-syllable': '0', 'Growl': '2', 'High-freq-energy': '2', 'Long-island': '1', 'Low-tilt-spectrum': '2', 'Medium-island': '0', 'Short-island': '0', 'Squeal': '0', 'Typical-entropy': '2', 'Voicing-quality': '1', 'Wide-band': '0', 'Xlong-island': '0', 'seq': '1', 'end': 9419.27, 'start': 9418.26}]",0,0,[],[]
9419270,9420070,NA,OLN,0.0,337,CIOCX,NA,NA,NA,NA,0.0,0,-30.74,-23.83,[],0,0,[],[]
9420070,9421030,NA,NON,0.0,337,CIOCX,NA,NA,NA,NA,0.0,0,-20.99,-6.54,[],0,0,[],[]
9421030,9422030,NA,OLN,0.0,337,CIOCX,NA,NA,NA,NA,0.0,0,-17.41,-2.54,[],0,0,[],[]
9422030,9422790,CHI,CHN,0.0,337,CIOCX,RC,0,NT,FH,1.0,560,-18.27,-8.15,"[{'Canonical-syllable': '0', 'Growl': '0', 'High-freq-energy': '0', 'Long-island': '0', 'Low-tilt-spectrum': '2', 'Medium-island': '1', 'Short-island': '0', 'Squeal': '0', 'Typical-entropy': '1', 'Voicing-quality': '2', 'Wide-band': '0', 'Xlong-island': '0', 'seq': '1', 'end': 9422.59, 'start': 9422.03}]",0,0,[],[]
9422790,9423750,NA,OLN,0.0,337,CIOCX,NA,NA,NA,NA,0.0,0,-23.98,-8.03,[],0,0,[],[]
9423750,9424550,OCH,CXN,0.0,337,CIOCX,EC,0,NT,FI,0.0,0,-25.97,-13.96,[],0,0,[],[]
9424550,9425350,NA,OLF,0.0,338,pause,NA,NA,NA,NA,0.0,0,-39.25,-30.37,[],0,0,[],[]
9425350,9426150,NA,NOF,0.0,338,pause,NA,NA,NA,NA,0.0,0,-36.25,-22.02,[],0,0,[],[]
9426150,9427000,NA,SIL,0.0,338,pause,NA,NA,NA,NA,0.0,0,-41.44,-27.25,[],0,0,[],[]
9427000,9429900,NA,NOF,0.0,338,pause,NA,NA,NA,NA,0.0,0,-23.9,-6.64,[],0,0,[],[]
9429900,9430740,NA,OLN,0.0,338,pause,NA,NA,NA,NA,0.0,0,-19.55,-6.23,[],0,0,[],[]
9430740,9433050,NA,NOF,0.0,338,pause,NA,NA,NA,NA,0.0,0,-46.24,-34.58,[],0,0,[],[]
9433050,9434220,FEM,FAN,0.91,338,AICF,BC,0,NT,FI,0.0,0,-34.12,-22.74,[],0,0,[],[]
9434220,9435870,NA,SIL,0.0,338,AICF,NA,NA,NA,NA,0.0,0,-42.36,-25.8,[],0,0,[],[]
9435870,9438080,FEM,FAN,5.15,338,AICF,RC,0,TIFI,FH,0.0,0,-36.42,-26.12,[],0,0,[],[]
9438080,9439290,NA,NOF,0.0,338,AICF,NA,NA,NA,NA,0.0,0,-45.77,-35.9,[],0,0,[],[]
9439290,9439890,CHI,CHN,0.0,338,AICF,NA,NA,NA,NA,0.0,0,-21.73,-10.78,[],0,120,"[{'start': 9439.4, 'end': 9439.52}]",[]
9439890,9440940,NA,FAF,0.0,338,AICF,NA,NA,NA,NA,0.0,0,-41.44,-33.11,[],0,0,[],[]
9440940,9441750,CHI,CHN,0.0,338,AICF,RC,1,TIFR,FI,1.0,810,-19.23,-15.45,"[{'Canonical-syllable': '0', 'Growl': '0', 'High-freq-energy': '0', 'Long-island': '1', 'Low-tilt-spectrum': '0', 'Medium-island': '0', 'Short-island': '0', 'Squeal': '0', 'Typical-entropy': '0', 'Voicing-quality': '1', 'Wide-band': '0', 'Xlong-island': '0', 'seq': '1', 'end': 9441.75, 'start': 9441.09}]",0,0,[],[]
9441750,9442540,CHI,CHN,0.0,338,AICF,RC,1,NT,FH,1.0,520,-21.62,-15.56,"[{'Canonical-syllable': '0', 'Growl': '0', 'High-freq-energy': '0', 'Long-island': '0', 'Low-tilt-spectrum': '0', 'Medium-island': '1', 'Short-island': '0', 'Squeal': '0', 'Typical-entropy': '0', 'Voicing-quality': '1', 'Wide-band': '0', 'Xlong-island': '0', 'seq': '1', 'end': 9442.27, 'start': 9441.75}]",0,0,[],[]
9442540,9443570,NA,NOF,0.0,338,AICF,NA,NA,NA,NA,0.0,0,-45.63,-35.13,[],0,0,[],[]
9443570,9445280,CHI,CHN,0.0,338,AICF,EC,1,NT,FH,1.0,1120,-20.31,-9.22,"[{'Canonical-syllable': '0', 'Growl': '1', 'High-freq-energy': '0', 'Long-island': '0', 'Low-tilt-spectrum': '2', 'Medium-island': '2', 'Short-island': '0', 'Squeal': '0', 'Typical-entropy': '2', 'Voicing-quality': '2', 'Wide-band': '0', 'Xlong-island': '0', 'seq': '1', 'end': 9445.28, 'start': 9444.16}]",0,0,[],[]
9445280,9446500,NA,NON,0.0,339,pause,NA,NA,NA,NA,0.0,0,-35.28,-25.77,[],0,0,[],[]
9446500,9447610,NA,OLN,0.0,339,pause,NA,NA,NA,NA,0.0,0,-26.66,-19.81,[],0,0,[],[]
9447610,9449720,NA,NON,0.0,339,pause,NA,NA,NA,NA,0.0,0,-19.37,-5.18,[],0,0,[],[]
9449720,9451190,NA,OLN,0.0,339,pause,NA,NA,NA,NA,0.0,0,-33.81,-27.42,[],0,0,[],[]
9451190,9454600,NA,NON,0.0,339,pause,NA,NA,NA,NA,0.0,0,-38.19,-25.64,[],0,0,[],[]
9454600,9455600,NA,FAF,0.0,339,pause,NA,NA,NA,NA,0.0,0,-39.46,-30.85,[],0,0,[],[]
9455600,9459130,NA,NOF,0.0,339,pause,NA,NA,NA,NA,0.0,0,-45.02,-31.14,[],0,0,[],[]
9459130,9459930,NA,OLF,0.0,339,pause,NA,NA,NA,NA,0.0,0,-42.8,-33.14,[],0,0,[],[]
9459930,9463120,NA,NOF,0.0,339,pause,NA,NA,NA,NA,0.0,0,-47.71,-37.31,[],0,0,[],[]
9463120,9464070,NA,SIL,0.0,339,pause,NA,NA,NA,NA,0.0,0,-49.45,-45.84,[],0,0,[],[]
9464070,9464670,NA,FAF,0.0,339,pause,NA,NA,NA,NA,0.0,0,-43.64,-34.83,[],0,0,[],[]
9464670,9465770,NA,SIL,0.0,339,pause,NA,NA,NA,NA,0.0,0,-49.85,-46.15,[],0,0,[],[]
9465770,9467430,FEM,FAN,0.13,339,AMF,EC,0,NT,FI,0.0,0,-39.99,-32.6,[],0,0,[],[]
9467430,9468230,NA,NOF,0.0,340,pause,NA,NA,NA,NA,0.0,0,-35.7,-20.79,[],0,0,[],[]
9468230,9471290,NA,FAF,0.0,340,pause,NA,NA,NA,NA,0.0,0,-39.34,-32.01,[],0,0,[],[]
9471290,9472090,NA,SIL,0.0,340,pause,NA,NA,NA,NA,0.0,0,-43.95,-34.08,[],0,0,[],[]
9472090,9473080,CHI,CHN,0.0,340,pause,NA,NA,NA,NA,0.0,0,-15.25,-3.86,[],0,780,"[{'start': 9472.09, 'end': 9472.87}]",[]
9473080,9474090,FEM,FAN,4.13,340,AICF,BC,0,NT,FI,0.0,0,-28.78,-17.17,[],0,0,[],[]
9474090,9474900,NA,OLF,0.0,340,AICF,NA,NA,NA,NA,0.0,0,-38.0,-31.17,[],0,0,[],[]
9474900,9475910,FEM,FAN,5.07,340,AICF,RC,0,NT,FH,0.0,0,-35.16,-28.62,[],0,0,[],[]
9475910,9476740,NA,OLF,0.0,340,AICF,NA,NA,NA,NA,0.0,0,-25.22,-12.52,[],0,0,[],[]
9476740,9477580,NA,OLN,0.0,340,AICF,NA,NA,NA,NA,0.0,0,-20.67,-14.72,[],0,0,[],[]
9477580,9478390,NA,NOF,0.0,340,AICF,NA,NA,NA,NA,0.0,0,-22.88,-14.09,[],0,0,[],[]
9478390,9479190,NA,OLN,0.0,340,AICF,NA,NA,NA,NA,0.0,0,-22.42,-15.83,[],0,0,[],[]
9479190,9479790,CHI,CHN,0.0,340,AICF,NA,NA,NA,NA,0.0,0,-33.24,-20.08,[],0,230,[],"[{'start': 9479.19, 'end': 9479.42}]"
9479790,9480790,FEM,FAN,9.41,340,AICF,RC,0,NT,FH,0.0,0,-28.71,-22.48,[],0,0,[],[]
9480790,9481610,NA,SIL,0.0,340,AICF,NA,NA,NA,NA,0.0,0,-49.37,-45.54,[],0,0,[],[]
9481610,9482630,NA,NOF,0.0,340,AICF,NA,NA,NA,NA,0.0,0,-37.43,-22.06,[],0,0,[],[]
9482630,9484010,FEM,FAN,8.03,340,AICF,RC,0,NT,FH,0.0,0,-33.42,-24.56,[],0,0,[],[]
9484010,9485690,CHI,CHN,0.0,340,AICF,NA,NA,NA,NA,0.0,0,-36.9,-25.59,[],0,1680,[],"[{'start': 9484.01, 'end': 9485.69}]"
9485690,9486530,NA,NOF,0.0,340,AICF,NA,NA,NA,NA,0.0,0,-42.07,-33.52,[],0,0,[],[]
9486530,9487390,FEM,FAN,6.61,340,AICF,RC,0,TIFI,FH,0.0,0,-34.61,-25.34,[],0,0,[],[]
9487390,9489050,NA,NOF,0.0,340,AICF,NA,NA,NA,NA,0.0,0,-45.49,-41.75,[],0,0,[],[]
9489050,9490060,NA,MAF,0.0,340,AICF,NA,NA,NA,NA,0.0,0,-43.97,-37.31,[],0,0,[],[]
9490060,9490660,CHI,CHN,0.0,340,AICF,EC,1,TIFR,FI,1.0,600,-30.93,-24.04,"[{'Canonical-syllable': '1', 'Growl': '0', 'High-freq-energy': '0', 'Long-island': '0', 'Low-tilt-spectrum': '0', 'Medium-island': '1', 'Short-island': '0', 'Squeal': '0', 'Typical-entropy': '1', 'Voicing-quality': '1', 'Wide-band': '0', 'Xlong-island': '0', 'seq': '1', 'end': 9490.66, 'start': 9490.27}]",0,0,[],[]
9490660,9492860,NA,NOF,0.0,341,pause,NA,NA,NA,NA,0.0,0,-40.15,-21.15,[],0,0,[],[]
9492860,9493760,NA,SIL,0.0,341,pause,NA,NA,NA,NA,0.0,0,-46.82,-36.46,[],0,0,[],[]
9493760,9494640,NA,OLF,0.0,341,pause,NA,NA,NA,NA,0.0,0,-37.48,-32.05,[],0,0,[],[]
9494640,9495640,NA,FAF,0.0,341,pause,NA,NA,NA,NA,0.0,0,-44.98,-38.94,[],0,0,[],[]
9495640,9496440,NA,SIL,0.0,341,pause,NA,NA,NA,NA,0.0,0,-48.92,-44.81,[],0,0,[],[]
9496440,9498080,NA,FAF,0.0,341,pause,NA,NA,NA,NA,0.0,0,-38.84,-33.72,[],0,0,[],[]
9498080,9499270,NA,NOF,0.0,341,pause,NA,NA,NA,NA,0.0,0,-36.44,-20.24,[],0,0,[],[]
9499270,9500200,NA,SIL,0.0,341,pause,NA,NA,NA,NA,0.0,0,-47.69,-37.99,[],0,0,[],[]
9500200,9501000,FEM,FAN,2.93,341,AICF,BC,0,NT,FI,0.0,0,-37.2,-28.84,[],0,0,[],[]
9501000,9502210,NA,NOF,0.0,341,AICF,NA,NA,NA,NA,0.0,0,-39.01,-20.15,[],0,0,[],[]
9502210,9502810,OCH,CXN,0.0,341,AICF,RC,0,NT,FI,0.0,0,-37.21,-29.37,[],0,0,[],[]
9502810,9503920,NA,SIL,0.0,341,AICF,NA,NA,NA,NA,0.0,0,-48.76,-44.66,[],0,0,[],[]
9503920,9504850,CHI,CHN,0.0,341,AICF,RC,0,TIFI,FI,1.0,710,-25.91,-13.28,"[{'Canonical-syllable': '1', 'Growl': '1', 'High-freq-energy': '0', 'Long-island': '0', 'Low-tilt-spectrum': '1', 'Medium-island': '1', 'Short-island': '1', 'Squeal': '0', 'Typical-entropy': '2', 'Voicing-quality': '1', 'Wide-band': '0', 'Xlong-island': '0', 'seq': '1', 'end': 9504.63, 'start': 9503.92}]",0,0,[],[]
9504850,9505940,FEM,FAN,6.13,341,AICF,RC,1,TIFR,FI,0.0,0,-35.48,-23.43,[],0,0,[],[]
9505940,9506740,NA,NOF,0.0,341,AICF,NA,NA,NA,NA,0.0,0,-46.46,-37.97,[],0,0,[],[]
9506740,9508540,OCH,CXN,0.0,341,AICF,RC,1,NT,FI,0.0,0,-31.1,-16.88,[],0,0,[],[]
9508540,9510480,NA,SIL,0.0,341,AICF,NA,NA,NA,NA,0.0,0,-47.83,-41.74,[],0,0,[],[]
9510480,9511280,NA,NOF,0.0,341,AICF,NA,NA,NA,NA,0.0,0,-47.92,-43.23,[],0,0,[],[]
9511280,9512300,CHI,CHN,0.0,341,AICF,RC,1,NT,FI,1.0,1020,-27.23,-21.57,"[{'Canonical-syllable': '0', 'Growl': '0', 'High-freq-energy': '0', 'Long-island': '0', 'Low-tilt-spectrum': '0', 'Medium-island': '1', 'Short-island': '1', 'Squeal': '0', 'Typical-entropy': '0', 'Voicing-quality': '2', 'Wide-band': '0', 'Xlong-island': '0', 'seq': '1', 'end': 9512.3, 'start': 9511.28}]",0,0,[],[]
9512300,9513300,OCH,CXN,0.0,341,AICF,RC,1,NT,FI,0.0,0,-35.89,-26.46,[],0,0,[],[]
9513300,9514100,OCH,CXN,0.0,341,AICF,RC,1,NT,FH,0.0,0,-34.91,-27.9,[],0,0,[],[]
9514100,9516690,NA,NOF,0.0,341,AICF,NA,NA,NA,NA,0.0,0,-32.73,-15.33,[],0,0,[],[]
9516690,9518210,CHI,CHN,0.0,341,AICF,RC,1,TIFI,FI,2.0,1140,-26.25,-18.58,"[{'Canonical-syllable': '1', 'Growl': '1', 'High-freq-energy': '0', 'Long-island': '0', 'Low-tilt-spectrum': '1', 'Medium-island': '1', 'Short-island': '2', 'Squeal': '0', 'Typical-entropy': '0', 'Voicing-quality': '3', 'Wide-band': '0', 'Xlong-island': '0', 'seq': '1', 'end': 9517.59, 'start': 9516.69}, {'Canonical-syllable': '1', 'Growl': '0', 'High-freq-energy': '0', 'Long-island': '0', 'Low-tilt-spectrum': '0', 'Medium-island': '0', 'Short-island': '1', 'Squeal': '0', 'Typical-entropy': '1', 'Voicing-quality': '1', 'Wide-band': '0', 'Xlong-island': '0', 'seq': '2', 'end': 9518.21, 'start': 9517.97}]",0,0,[],[]
9518210,9519770,NA,OLN,0.0,341,AICF,NA,NA,NA,NA,0.0,0,-35.02,-24.74,[],0,0,[],[]
9519770,9520840,NA,OLF,0.0,341,AICF,NA,NA,NA,NA,0.0,0,-43.36,-30.98,[],0,0,[],[]
9520840,9522500,FEM,FAN,5.93,341,AICF,RC,2,TIFR,FI,0.0,0,-35.15,-28.21,[],0,0,[],[]
9522500,9526040,NA,NOF,0.0,341,AICF,NA,NA,NA,NA,0.0,0,-27.32,-6.47,[],0,0,[],[]
9526040,9526820,CHI,CHN,0.0,341,AICF,RC,2,TIFE,FI,1.0,780,-26.43,-20.12,"[{'Canonical-syllable': '0', 'Growl': '0', 'High-freq-energy': '0', 'Long-island': '0', 'Low-tilt-spectrum': '0', 'Medium-island': '0', 'Short-island': '3', 'Squeal': '0', 'Typical-entropy': '0', 'Voicing-quality': '3', 'Wide-band': '0', 'Xlong-island': '0', 'seq': '1', 'end': 9526.82, 'start': 9526.04}]",0,0,[],[]
9526820,9527730,OCH,CXN,0.0,341,AICF,RC,2,NT,FI,0.0,0,-29.94,-19.05,[],0,0,[],[]
9527730,9528610,CHI,CHN,0.0,341,AICF,RC,2,NT,FI,1.0,880,-20.66,-8.77,"[{'Canonical-syllable': '0', 'Growl': '1', 'High-freq-energy': '0', 'Long-island': '0', 'Low-tilt-spectrum': '0', 'Medium-island': '1', 'Short-island': '1', 'Squeal': '0', 'Typical-entropy': '1', 'Voicing-quality': '2', 'Wide-band': '0', 'Xlong-island': '0', 'seq': '1', 'end': 9528.61, 'start': 9527.73}]",0,0,[],[]
9528610,9529660,OCH,CXN,0.0,341,AICF,RC,2,NT,FI,0.0,0,-27.28,-18.71,[],0,0,[],[]
9529660,9530460,OCH,CXN,0.0,341,AICF,RC,2,NT,FH,0.0,0,-22.77,-12.18,[],0,0,[],[]
9530460,9531100,CHI,CHN,0.0,341,AICF,EC,2,NT,FI,1.0,520,-23.4,-13.57,"[{'Canonical-syllable': '0', 'Growl': '0', 'High-freq-energy': '0', 'Long-island': '0', 'Low-tilt-spectrum': '1', 'Medium-island': '1', 'Short-island': '0', 'Squeal': '0', 'Typical-entropy': '1', 'Voicing-quality': '1', 'Wide-band': '0', 'Xlong-island': '0', 'seq': '1', 'end': 9530.98, 'start': 9530.46}]",0,0,[],[]
9531100,9532270,NA,MAF,0.0,342,pause,NA,NA,NA,NA,0.0,0,-39.82,-32.06,[],0,0,[],[]
9532270,9533270,NA,FAF,0.0,342,pause,NA,NA,NA,NA,0.0,0,-39.96,-32.91,[],0,0,[],[]
9533270,9534130,NA,OLF,0.0,342,pause,NA,NA,NA,NA,0.0,0,-41.78,-36.96,[],0,0,[],[]
9534130,9536360,NA,NOF,0.0,342,pause,NA,NA,NA,NA,0.0,0,-39.19,-29.53,[],0,0,[],[]
9536360,9537170,NA,SIL,0.0,342,pause,NA,NA,NA,NA,0.0,0,-39.54,-36.81,[],0,0,[],[]
9537170,9538120,NA,OLF,0.0,342,pause,NA,NA,NA,NA,0.0,0,-41.02,-38.14,[],0,0,[],[]
9538120,9541220,NA,SIL,0.0,342,pause,NA,NA,NA,NA,0.0,0,-43.47,-34.92,[],0,0,[],[]
9541220,9542070,NA,NOF,0.0,342,pause,NA,NA,NA,NA,0.0,0,-44.76,-40.15,[],0,0,[],[]
9542070,9542980,NA,SIL,0.0,342,pause,NA,NA,NA,NA,0.0,0,-43.9,-40.59,[],0,0,[],[]
9542980,9545170,NA,NOF,0.0,342,pause,NA,NA,NA,NA,0.0,0,-38.6,-26.46,[],0,0,[],[]
9545170,9545970,NA,OLF,0.0,342,pause,NA,NA,NA,NA,0.0,0,-36.86,-31.37,[],0,0,[],[]
9545970,9556350,NA,NOF,0.0,342,pause,NA,NA,NA,NA,0.0,0,-33.09,-8.76,[],0,0,[],[]
9556350,9557230,NA,SIL,0.0,342,pause,NA,NA,NA,NA,0.0,0,-45.98,-39.97,[],0,0,[],[]
9557230,9563630,NA,NOF,0.0,342,pause,NA,NA,NA,NA,0.0,0,-36.78,-13.91,[],0,0,[],[]
9563630,9565810,NA,SIL,0.0,342,pause,NA,NA,NA,NA,0.0,0,-41.41,-36.22,[],0,0,[],[]
9565810,9567440,NA,OLF,0.0,342,pause,NA,NA,NA,NA,0.0,0,-35.89,-23.45,[],0,0,[],[]
9567440,9569550,NA,OLN,0.0,342,pause,NA,NA,NA,NA,0.0,0,-18.97,-4.34,[],0,0,[],[]
9569550,9570990,NA,NOF,0.0,342,pause,NA,NA,NA,NA,0.0,0,-36.91,-25.17,[],0,0,[],[]
9570990,9573400,NA,OLF,0.0,342,pause,NA,NA,NA,NA,0.0,0,-30.41,-14.04,[],0,0,[],[]
9573400,9575320,NA,OLN,0.0,342,pause,NA,NA,NA,NA,0.0,0,-20.19,-5.17,[],0,0,[],[]
9575320,9584680,NA,NOF,0.0,342,pause,NA,NA,NA,NA,0.0,0,-39.85,-22.37,[],0,0,[],[]
9584680,9585520,CHI,CHN,0.0,342,CIC,BC,0,TIFI,FI,1.0,440,-27.09,-16.5,"[{'Canonical-syllable': '0', 'Growl': '0', 'High-freq-energy': '0', 'Long-island': '0', 'Low-tilt-spectrum': '1', 'Medium-island': '0', 'Short-island': '1', 'Squeal': '0', 'Typical-entropy': '1', 'Voicing-quality': '1', 'Wide-band': '0', 'Xlong-island': '0', 'seq': '1', 'end': 9585.52, 'start': 9585.08}]",0,0,[],[]
9585520,9587130,CHI,CHN,0.0,342,CIC,NA,NA,NA,NA,0.0,0,-19.18,-7.92,[],0,620,"[{'start': 9585.52, 'end': 9586.14}]",[]
9587130,9588130,NA,MAF,0.0,342,CIC,NA,NA,NA,NA,0.0,0,-40.3,-35.45,[],0,0,[],[]
9588130,9589800,NA,NOF,0.0,342,CIC,NA,NA,NA,NA,0.0,0,-40.04,-31.37,[],0,0,[],[]
9589800,9590810,FEM,FAN,0.13,342,CIC,RC,1,TIFR,FI,0.0,0,-35.07,-26.82,[],0,0,[],[]
9590810,9592800,NA,NOF,0.0,342,CIC,NA,NA,NA,NA,0.0,0,-40.01,-30.68,[],0,0,[],[]
9592800,9593400,CHI,CHN,0.0,342,CIC,EC,1,TIFE,FI,1.0,520,-18.23,-9.82,"[{'Canonical-syllable': '1', 'Growl': '0', 'High-freq-energy': '1', 'Long-island': '0', 'Low-tilt-spectrum': '1', 'Medium-island': '1', 'Short-island': '0', 'Squeal': '0', 'Typical-entropy': '1', 'Voicing-quality': '1', 'Wide-band': '0', 'Xlong-island': '0', 'seq': '1', 'end': 9593.32, 'start': 9592.91}]",0,0,[],[]
9593400,9595460,NA,NOF,0.0,343,pause,NA,NA,NA,NA,0.0,0,-28.26,-8.98,[],0,0,[],[]
9595460,9596260,NA,OLF,0.0,343,pause,NA,NA,NA,NA,0.0,0,-30.99,-18.94,[],0,0,[],[]
9596260,9597300,NA,NOF,0.0,343,pause,NA,NA,NA,NA,0.0,0,-27.82,-11.73,[],0,0,[],[]
9597300,9598180,NA,OLN,0.0,343,pause,NA,NA,NA,NA,0.0,0,-31.74,-15.07,[],0,0,[],[]
9598180,9598990,NA,NOF,0.0,343,pause,NA,NA,NA,NA,0.0,0,-40.13,-31.18,[],0,0,[],[]
9598990,9599790,NA,SIL,0.0,343,pause,NA,NA,NA,NA,0.0,0,-46.37,-37.65,[],0,0,[],[]
9599790,9600970,FEM,FAN,3.69,343,AMF,BC,0,NT,FI,0.0,0,-38.7,-27.33,[],0,0,[],[]
9600970,9603110,NA,NOF,0.0,343,AMF,NA,NA,NA,NA,0.0,0,-46.18,-30.63,[],0,0,[],[]
9603110,9604280,FEM,FAN,7.01,343,AMF,EC,0,NT,FH,0.0,0,-38.64,-32.38,[],0,0,[],[]
9604280,9607250,NA,NOF,0.0,344,pause,NA,NA,NA,NA,0.0,0,-23.02,-3.58,[],0,0,[],[]
9607250,9608050,NA,OLF,0.0,344,pause,NA,NA,NA,NA,0.0,0,-18.32,-6.96,[],0,0,[],[]
9608050,9608870,NA,NOF,0.0,344,pause,NA,NA,NA,NA,0.0,0,-20.43,-6.19,[],0,0,[],[]
9608870,9609690,NA,SIL,0.0,344,pause,NA,NA,NA,NA,0.0,0,-47.65,-33.72,[],0,0,[],[]
9609690,9610630,NA,NOF,0.0,344,pause,NA,NA,NA,NA,0.0,0,-42.57,-28.29,[],0,0,[],[]
9610630,9611700,NA,SIL,0.0,344,pause,NA,NA,NA,NA,0.0,0,-51.47,-43.94,[],0,0,[],[]
9611700,9613140,NA,NOF,0.0,344,pause,NA,NA,NA,NA,0.0,0,-49.1,-41.81,[],0,0,[],[]
9613140,9613740,OCH,CXN,0.0,344,XM,EC,0,NT,FI,0.0,0,-19.21,-10.87,[],0,0,[],[]
9613740,9617340,NA,NOF,0.0,345,pause,NA,NA,NA,NA,0.0,0,-28.2,-8.68,[],0,0,[],[]
9617340,9618140,NA,SIL,0.0,345,pause,NA,NA,NA,NA,0.0,0,-44.74,-43.04,[],0,0,[],[]
9618140,9619130,NA,MAF,0.0,345,pause,NA,NA,NA,NA,0.0,0,-45.01,-42.59,[],0,0,[],[]
9619130,9620150,CHI,CHN,0.0,345,CIC,BC,0,TIFI,FI,1.0,200,-29.83,-18.67,"[{'Canonical-syllable': '0', 'Growl': '0', 'High-freq-energy': '0', 'Long-island': '0', 'Low-tilt-spectrum': '0', 'Medium-island': '0', 'Short-island': '1', 'Squeal': '0', 'Typical-entropy': '1', 'Voicing-quality': '1', 'Wide-band': '0', 'Xlong-island': '0', 'seq': '1', 'end': 9620.15, 'start': 9619.95}]",0,0,[],[]
9620150,9621010,NA,SIL,0.0,345,CIC,NA,NA,NA,NA,0.0,0,-45.26,-43.19,[],0,0,[],[]
9621010,9622720,NA,NOF,0.0,345,CIC,NA,NA,NA,NA,0.0,0,-41.99,-29.3,[],0,0,[],[]
9622720,9623680,NA,OLN,0.0,345,CIC,NA,NA,NA,NA,0.0,0,-29.73,-13.58,[],0,0,[],[]
9623680,9624640,CHI,CHN,0.0,345,CIC,NA,NA,NA,NA,0.0,0,-15.49,-4.35,[],0,650,[],"[{'start': 9623.83, 'end': 9624.48}]"
9624640,9626480,FEM,FAN,8.04,345,CIC,RC,1,TIFR,FI,0.0,0,-26.04,-11.42,[],0,0,[],[]
9626480,9627280,NA,NOF,0.0,345,CIC,NA,NA,NA,NA,0.0,0,-34.16,-21.42,[],0,0,[],[]
9627280,9629580,CHI,CHN,0.0,345,CIC,NA,NA,NA,NA,0.0,0,-9.81,-2.56,[],0,2090,"[{'start': 9627.28, 'end': 9629.37}]",[]
9629580,9630390,CHI,CHN,0.0,345,CIC,RC,1,TIFE,FI,1.0,810,-24.68,-19.4,"[{'Canonical-syllable': '0', 'Growl': '0', 'High-freq-energy': '0', 'Long-island': '0', 'Low-tilt-spectrum': '0', 'Medium-island': '1', 'Short-island': '0', 'Squeal': '0', 'Typical-entropy': '0', 'Voicing-quality': '1', 'Wide-band': '0', 'Xlong-island': '0', 'seq': '1', 'end': 9630.39, 'start': 9629.84}]",0,0,[],[]
9630390,9631610,CHI,CHN,0.0,345,CIC,EC,1,NT,FH,1.0,1140,-23.98,-17.44,"[{'Canonical-syllable': '0', 'Growl': '1', 'High-freq-energy': '0', 'Long-island': '0', 'Low-tilt-spectrum': '0', 'Medium-island': '1', 'Short-island': '2', 'Squeal': '0', 'Typical-entropy': '1', 'Voicing-quality': '3', 'Wide-band': '0', 'Xlong-island': '0', 'seq': '1', 'end': 9631.53, 'start': 9630.39}]",0,0,[],[]
9631610,9632220,CHI,CHN,0.0,346,pause,NA,NA,NA,NA,0.0,0,-23.46,-15.31,[],0,160,"[{'start': 9632.06, 'end': 9632.22}]",[]
9632220,9636030,NA,NOF,0.0,346,pause,NA,NA,NA,NA,0.0,0,-32.75,-23.72,[],0,0,[],[]
9636030,9640460,NA,SIL,0.0,346,pause,NA,NA,NA,NA,0.0,0,-39.99,-36.05,[],0,0,[],[]
9640460,9643100,NA,NOF,0.0,346,pause,NA,NA,NA,NA,0.0,0,-26.21,-5.82,[],0,0,[],[]
9643100,9648660,NA,SIL,0.0,346,pause,NA,NA,NA,NA,0.0,0,-44.28,-31.88,[],0,0,[],[]
9648660,9651410,NA,NOF,0.0,346,pause,NA,NA,NA,NA,0.0,0,-38.39,-20.76,[],0,0,[],[]
9651410,9652370,NA,SIL,0.0,346,pause,NA,NA,NA,NA,0.0,0,-42.09,-31.86,[],0,0,[],[]
9652370,9656400,NA,NOF,0.0,346,pause,NA,NA,NA,NA,0.0,0,-39.54,-24.9,[],0,0,[],[]
9656400,9657200,NA,SIL,0.0,346,pause,NA,NA,NA,NA,0.0,0,-46.34,-43.97,[],0,0,[],[]
9657200,9658020,NA,NOF,0.0,346,pause,NA,NA,NA,NA,0.0,0,-44.82,-37.71,[],0,0,[],[]
9658020,9659060,NA,SIL,0.0,346,pause,NA,NA,NA,NA,0.0,0,-44.61,-38.15,[],0,0,[],[]
9659060,9660280,NA,NOF,0.0,346,pause,NA,NA,NA,NA,0.0,0,-46.51,-44.2,[],0,0,[],[]
9660280,9661080,NA,SIL,0.0,346,pause,NA,NA,NA,NA,0.0,0,-46.89,-44.4,[],0,0,[],[]
9661080,9661880,NA,NOF,0.0,346,pause,NA,NA,NA,NA,0.0,0,-43.57,-35.99,[],0,0,[],[]
9661880,9664070,CHI,CHN,0.0,346,pause,NA,NA,NA,NA,0.0,0,-15.95,-5.14,[],0,1980,"[{'start': 9661.88, 'end': 9663.86}]",[]
9664070,9664870,NA,OLN,0.0,346,pause,NA,NA,NA,NA,0.0,0,-23.7,-14.28,[],0,0,[],[]
9664870,9667200,NA,NOF,0.0,346,pause,NA,NA,NA,NA,0.0,0,-44.03,-34.43,[],0,0,[],[]
9667200,9670220,NA,SIL,0.0,346,pause,NA,NA,NA,NA,0.0,0,-46.83,-43.38,[],0,0,[],[]
9670220,9671760,NA,NOF,0.0,346,pause,NA,NA,NA,NA,0.0,0,-35.83,-17.66,[],0,0,[],[]
9671760,9674180,NA,SIL,0.0,346,pause,NA,NA,NA,NA,0.0,0,-47.25,-36.47,[],0,0,[],[]
9674180,9676970,NA,NOF,0.0,346,pause,NA,NA,NA,NA,0.0,0,-41.59,-28.5,[],0,0,[],[]
9676970,9678250,NA,FAF,0.0,346,pause,NA,NA,NA,NA,0.0,0,-39.57,-29.49,[],0,0,[],[]
9678250,9680370,NA,NOF,0.0,346,pause,NA,NA,NA,NA,0.0,0,-40.39,-28.83,[],0,0,[],[]
9680370,9680970,NA,MAF,0.0,346,pause,NA,NA,NA,NA,0.0,0,-40.29,-33.47,[],0,0,[],[]
9680970,9684220,NA,NOF,0.0,346,pause,NA,NA,NA,NA,0.0,0,-45.02,-31.77,[],0,0,[],[]
9684220,9685880,FEM,FAN,7.24,346,AICF,BC,0,TIFI,FI,0.0,0,-34.86,-29.33,[],0,0,[],[]
9685880,9687140,NA,SIL,0.0,346,AICF,NA,NA,NA,NA,0.0,0,-47.43,-42.21,[],0,0,[],[]
9687140,9687950,CHI,CHN,0.0,346,AICF,RC,1,TIFR,FI,1.0,810,-19.14,-11.2,"[{'Canonical-syllable': '0', 'Growl': '0', 'High-freq-energy': '0', 'Long-island': '0', 'Low-tilt-spectrum': '1', 'Medium-island': '0', 'Short-island': '2', 'Squeal': '0', 'Typical-entropy': '2', 'Voicing-quality': '3', 'Wide-band': '0', 'Xlong-island': '0', 'seq': '1', 'end': 9687.95, 'start': 9687.14}]",0,0,[],[]
9687950,9688980,OCH,CXN,0.0,346,AICF,RC,1,NT,FI,0.0,0,-28.16,-18.54,[],0,0,[],[]
9688980,9689780,NA,SIL,0.0,346,AICF,NA,NA,NA,NA,0.0,0,-43.36,-34.81,[],0,0,[],[]
9689780,9692060,NA,NOF,0.0,346,AICF,NA,NA,NA,NA,0.0,0,-38.91,-25.68,[],0,0,[],[]
9692060,9693690,FEM,FAN,3.42,346,AICF,RC,1,TIFI,FI,0.0,0,-30.79,-13.42,[],0,0,[],[]
9693690,9694700,CHI,CHN,0.0,346,AICF,EC,2,TIFR,FI,1.0,1010,-25.5,-18.29,"[{'Canonical-syllable': '0', 'Growl': '0', 'High-freq-energy': '0', 'Long-island': '0', 'Low-tilt-spectrum': '1', 'Medium-island': '2', 'Short-island': '0', 'Squeal': '0', 'Typical-entropy': '1', 'Voicing-quality': '2', 'Wide-band': '0', 'Xlong-island': '0', 'seq': '1', 'end': 9694.7, 'start': 9693.79}]",0,0,[],[]
9694700,9695830,NA,NOF,0.0,347,pause,NA,NA,NA,NA,0.0,0,-43.58,-34.85,[],0,0,[],[]
9695830,9696830,FEM,FAN,0.0,347,pause,NA,NA,NA,NA,0.0,0,-27.86,-18.86,[],1000,0,[],[]
9696830,9701890,NA,NOF,0.0,347,pause,NA,NA,NA,NA,0.0,0,-40.69,-26.33,[],0,0,[],[]
9701890,9703420,NA,SIL,0.0,347,pause,NA,NA,NA,NA,0.0,0,-47.32,-38.68,[],0,0,[],[]
9703420,9704220,CHI,CHN,0.0,347,CM,EC,0,NT,FI,1.0,620,-34.4,-24.21,"[{'Canonical-syllable': '0', 'Growl': '0', 'High-freq-energy': '0', 'Long-island': '0', 'Low-tilt-spectrum': '1', 'Medium-island': '1', 'Short-island': '0', 'Squeal': '0', 'Typical-entropy': '0', 'Voicing-quality': '1', 'Wide-band': '0', 'Xlong-island': '0', 'seq': '1', 'end': 9704.04, 'start': 9703.65}]",0,0,[],[]
9704220,9705020,NA,SIL,0.0,348,pause,NA,NA,NA,NA,0.0,0,-45.64,-36.52,[],0,0,[],[]
9705020,9706310,NA,NOF,0.0,348,pause,NA,NA,NA,NA,0.0,0,-25.69,-8.43,[],0,0,[],[]
9706310,9707870,CHI,CHN,0.0,348,pause,NA,NA,NA,NA,0.0,0,-14.36,-4.57,[],0,480,"[{'start': 9707.27, 'end': 9707.75}]",[]
9707870,9709910,NA,OLN,0.0,348,pause,NA,NA,NA,NA,0.0,0,-26.67,-18.41,[],0,0,[],[]
9709910,9711280,CHI,CHN,0.0,348,pause,NA,NA,NA,NA,0.0,0,-19.08,-8.44,[],0,660,"[{'start': 9710.08, 'end': 9710.74}]",[]
9711280,9712110,NA,NOF,0.0,348,pause,NA,NA,NA,NA,0.0,0,-42.19,-35.05,[],0,0,[],[]
9712110,9712800,CHI,CHN,0.0,348,pause,NA,NA,NA,NA,0.0,0,-14.82,-11.82,[],0,690,"[{'start': 9712.11, 'end': 9712.8}]",[]
9712800,9713600,OCH,CXN,0.0,348,XIC,BC,0,NT,FI,0.0,0,-21.39,-16.06,[],0,0,[],[]
9713600,9714710,CHI,CHN,0.0,348,XIC,RC,0,TIFI,FI,1.0,1110,-21.03,-7.46,"[{'Canonical-syllable': '0', 'Growl': '1', 'High-freq-energy': '0', 'Long-island': '0', 'Low-tilt-spectrum': '0', 'Medium-island': '1', 'Short-island': '1', 'Squeal': '0', 'Typical-entropy': '2', 'Voicing-quality': '2', 'Wide-band': '0', 'Xlong-island': '0', 'seq': '1', 'end': 9714.71, 'start': 9713.89}]",0,0,[],[]
9714710,9715850,FEM,FAN,5.77,348,XIC,RC,1,TIFR,FI,0.0,0,-34.04,-24.11,[],0,0,[],[]
9715850,9717030,NA,NOF,0.0,348,XIC,NA,NA,NA,NA,0.0,0,-40.27,-34.15,[],0,0,[],[]
9717030,9717630,CHI,CHN,0.0,348,XIC,RC,1,TIFE,FI,1.0,600,-21.23,-12.42,"[{'Canonical-syllable': '0', 'Growl': '0', 'High-freq-energy': '0', 'Long-island': '0', 'Low-tilt-spectrum': '0', 'Medium-island': '1', 'Short-island': '0', 'Squeal': '0', 'Typical-entropy': '1', 'Voicing-quality': '1', 'Wide-band': '0', 'Xlong-island': '0', 'seq': '1', 'end': 9717.63, 'start': 9717.21}]",0,0,[],[]
9717630,9718630,CHI,CHN,0.0,348,XIC,RC,1,TIFI,FH,1.0,660,-22.62,-15.85,"[{'Canonical-syllable': '1', 'Growl': '0', 'High-freq-energy': '1', 'Long-island': '0', 'Low-tilt-spectrum': '2', 'Medium-island': '1', 'Short-island': '0', 'Squeal': '0', 'Typical-entropy': '2', 'Voicing-quality': '2', 'Wide-band': '0', 'Xlong-island': '0', 'seq': '1', 'end': 9718.29, 'start': 9717.63}]",0,0,[],[]
9718630,9720660,NA,NOF,0.0,348,XIC,NA,NA,NA,NA,0.0,0,-37.67,-29.46,[],0,0,[],[]
9720660,9721710,FEM,FAN,6.27,348,XIC,EC,2,TIFR,FI,0.0,0,-36.17,-29.29,[],0,0,[],[]
9721710,9723950,NA,NOF,0.0,349,pause,NA,NA,NA,NA,0.0,0,-38.25,-22.4,[],0,0,[],[]
9723950,9725500,NA,SIL,0.0,349,pause,NA,NA,NA,NA,0.0,0,-42.84,-37.67,[],0,0,[],[]
9725500,9726840,NA,NOF,0.0,349,pause,NA,NA,NA,NA,0.0,0,-42.14,-34.08,[],0,0,[],[]
9726840,9727720,NA,SIL,0.0,349,pause,NA,NA,NA,NA,0.0,0,-42.74,-37.0,[],0,0,[],[]
9727720,9729400,NA,NOF,0.0,349,pause,NA,NA,NA,NA,0.0,0,-43.66,-34.26,[],0,0,[],[]
9729400,9735090,NA,SIL,0.0,349,pause,NA,NA,NA,NA,0.0,0,-43.64,-33.13,[],0,0,[],[]
9735090,9735890,NA,NOF,0.0,349,pause,NA,NA,NA,NA,0.0,0,-38.43,-29.56,[],0,0,[],[]
9735890,9736800,NA,SIL,0.0,349,pause,NA,NA,NA,NA,0.0,0,-47.56,-44.33,[],0,0,[],[]
9736800,9740030,NA,NOF,0.0,349,pause,NA,NA,NA,NA,0.0,0,-37.74,-17.82,[],0,0,[],[]
9740030,9742250,NA,SIL,0.0,349,pause,NA,NA,NA,NA,0.0,0,-47.29,-37.76,[],0,0,[],[]
9742250,9747390,NA,NOF,0.0,349,pause,NA,NA,NA,NA,0.0,0,-39.42,-20.89,[],0,0,[],[]
9747390,9749350,NA,SIL,0.0,349,pause,NA,NA,NA,NA,0.0,0,-46.95,-36.61,[],0,0,[],[]
9749350,9750580,NA,NOF,0.0,349,pause,NA,NA,NA,NA,0.0,0,-45.34,-31.11,[],0,0,[],[]
9750580,9754540,NA,SIL,0.0,349,pause,NA,NA,NA,NA,0.0,0,-47.11,-35.81,[],0,0,[],[]
9754540,9758390,NA,NOF,0.0,349,pause,NA,NA,NA,NA,0.0,0,-44.26,-31.48,[],0,0,[],[]
9758390,9761330,NA,SIL,0.0,349,pause,NA,NA,NA,NA,0.0,0,-48.85,-43.39,[],0,0,[],[]
9761330,9762140,NA,NOF,0.0,349,pause,NA,NA,NA,NA,0.0,0,-44.38,-35.18,[],0,0,[],[]
9762140,9763280,NA,SIL,0.0,349,pause,NA,NA,NA,NA,0.0,0,-45.51,-33.91,[],0,0,[],[]
9763280,9765830,NA,NOF,0.0,349,pause,NA,NA,NA,NA,0.0,0,-38.29,-23.28,[],0,0,[],[]
9765830,9766850,NA,SIL,0.0,349,pause,NA,NA,NA,NA,0.0,0,-43.29,-32.07,[],0,0,[],[]
9766850,9768240,NA,NOF,0.0,349,pause,NA,NA,NA,NA,0.0,0,-46.06,-39.51,[],0,0,[],[]
9768240,9768840,OCH,CXN,0.0,349,XM,EC,0,NT,FI,0.0,0,-33.98,-24.14,[],0,0,[],[]
9768840,9771140,NA,NOF,0.0,350,pause,NA,NA,NA,NA,0.0,0,-36.38,-21.57,[],0,0,[],[]
9771140,9771960,NA,SIL,0.0,350,pause,NA,NA,NA,NA,0.0,0,-46.0,-39.63,[],0,0,[],[]
9771960,9775780,NA,NOF,0.0,350,pause,NA,NA,NA,NA,0.0,0,-35.85,-17.83,[],0,0,[],[]
9775780,9776690,NA,SIL,0.0,350,pause,NA,NA,NA,NA,0.0,0,-44.65,-30.96,[],0,0,[],[]
9776690,9777790,NA,NOF,0.0,350,pause,NA,NA,NA,NA,0.0,0,-28.14,-12.63,[],0,0,[],[]
9777790,9778800,NA,OLF,0.0,350,pause,NA,NA,NA,NA,0.0,0,-26.68,-16.65,[],0,0,[],[]
9778800,9780210,NA,NOF,0.0,350,pause,NA,NA,NA,NA,0.0,0,-34.48,-17.88,[],0,0,[],[]
9780210,9781040,NA,OLN,0.0,350,pause,NA,NA,NA,NA,0.0,0,-26.23,-15.06,[],0,0,[],[]
9781040,9783290,NA,NOF,0.0,350,pause,NA,NA,NA,NA,0.0,0,-34.69,-20.99,[],0,0,[],[]
9783290,9784210,NA,SIL,0.0,350,pause,NA,NA,NA,NA,0.0,0,-46.03,-40.28,[],0,0,[],[]
9784210,9790680,NA,NOF,0.0,350,pause,NA,NA,NA,NA,0.0,0,-25.67,-3.17,[],0,0,[],[]
9790680,9791620,NA,SIL,0.0,350,pause,NA,NA,NA,NA,0.0,0,-47.95,-44.92,[],0,0,[],[]
9791620,9792420,NA,NOF,0.0,350,pause,NA,NA,NA,NA,0.0,0,-42.73,-33.63,[],0,0,[],[]
9792420,9796670,NA,SIL,0.0,350,pause,NA,NA,NA,NA,0.0,0,-47.31,-41.72,[],0,0,[],[]
9796670,9799160,NA,NOF,0.0,350,pause,NA,NA,NA,NA,0.0,0,-46.32,-40.99,[],0,0,[],[]
9799160,9800010,CHI,CHN,0.0,350,CM,EC,0,NT,FI,1.0,510,-27.8,-18.58,"[{'Canonical-syllable': '0', 'Growl': '0', 'High-freq-energy': '0', 'Long-island': '0', 'Low-tilt-spectrum': '0', 'Medium-island': '1', 'Short-island': '0', 'Squeal': '0', 'Typical-entropy': '1', 'Voicing-quality': '1', 'Wide-band': '0', 'Xlong-island': '0', 'seq': '1', 'end': 9799.67, 'start': 9799.16}]",0,0,[],[]
9800010,9800850,NA,OLF,0.0,351,pause,NA,NA,NA,NA,0.0,0,-36.38,-25.19,[],0,0,[],[]
9800850,9801850,NA,FAF,0.0,351,pause,NA,NA,NA,NA,0.0,0,-39.33,-31.25,[],0,0,[],[]
9801850,9804480,NA,OLF,0.0,351,pause,NA,NA,NA,NA,0.0,0,-43.95,-31.89,[],0,0,[],[]
9804480,9805290,NA,CXF,0.0,351,pause,NA,NA,NA,NA,0.0,0,-40.44,-33.8,[],0,0,[],[]
9805290,9806150,NA,SIL,0.0,351,pause,NA,NA,NA,NA,0.0,0,-47.3,-40.42,[],0,0,[],[]
9806150,9808330,NA,NOF,0.0,351,pause,NA,NA,NA,NA,0.0,0,-46.01,-33.85,[],0,0,[],[]
9808330,9809130,NA,SIL,0.0,351,pause,NA,NA,NA,NA,0.0,0,-46.72,-39.62,[],0,0,[],[]
9809130,9813750,NA,NOF,0.0,351,pause,NA,NA,NA,NA,0.0,0,-37.4,-13.54,[],0,0,[],[]
9813750,9814610,NA,SIL,0.0,351,pause,NA,NA,NA,NA,0.0,0,-47.56,-44.92,[],0,0,[],[]
9814610,9817990,NA,NOF,0.0,351,pause,NA,NA,NA,NA,0.0,0,-42.96,-37.0,[],0,0,[],[]
9817990,9818790,NA,OLN,0.0,351,pause,NA,NA,NA,NA,0.0,0,-19.63,-3.22,[],0,0,[],[]
9818790,9819970,CHI,CHN,0.0,351,CIOCX,BC,0,NT,FI,1.0,1180,-20.69,-14.74,"[{'Canonical-syllable': '0', 'Growl': '0', 'High-freq-energy': '0', 'Long-island': '0', 'Low-tilt-spectrum': '0', 'Medium-island': '0', 'Short-island': '0', 'Squeal': '0', 'Typical-entropy': '0', 'Voicing-quality': '1', 'Wide-band': '0', 'Xlong-island': '1', 'seq': '1', 'end': 9819.97, 'start': 9818.79}]",0,0,[],[]
9819970,9822140,CHI,CHN,0.0,351,CIOCX,RC,0,NT,FH,1.0,1130,-23.82,-11.5,"[{'Canonical-syllable': '0', 'Growl': '0', 'High-freq-energy': '0', 'Long-island': '0', 'Low-tilt-spectrum': '0', 'Medium-island': '0', 'Short-island': '0', 'Squeal': '0', 'Typical-entropy': '0', 'Voicing-quality': '1', 'Wide-band': '0', 'Xlong-island': '1', 'seq': '1', 'end': 9821.92, 'start': 9820.79}]",0,0,[],[]
9822140,9824240,NA,NOF,0.0,351,CIOCX,NA,NA,NA,NA,0.0,0,-35.64,-20.91,[],0,0,[],[]
9824240,9825310,CHI,CHN,0.0,351,CIOCX,RC,0,NT,FH,1.0,1070,-20.76,-13.21,"[{'Canonical-syllable': '0', 'Growl': '0', 'High-freq-energy': '0', 'Long-island': '0', 'Low-tilt-spectrum': '1', 'Medium-island': '0', 'Short-island': '0', 'Squeal': '0', 'Typical-entropy': '1', 'Voicing-quality': '1', 'Wide-band': '0', 'Xlong-island': '1', 'seq': '1', 'end': 9825.31, 'start': 9824.24}]",0,0,[],[]
9825310,9826130,OCH,CXN,0.0,351,CIOCX,RC,0,NT,FI,0.0,0,-29.9,-23.19,[],0,0,[],[]
9826130,9827670,NA,OLF,0.0,351,CIOCX,NA,NA,NA,NA,0.0,0,-38.53,-32.01,[],0,0,[],[]
9827670,9828790,NA,NOF,0.0,351,CIOCX,NA,NA,NA,NA,0.0,0,-43.37,-36.5,[],0,0,[],[]
9828790,9829590,CHI,CHN,0.0,351,CIOCX,RC,0,NT,FI,1.0,800,-27.66,-19.24,"[{'Canonical-syllable': '0', 'Growl': '1', 'High-freq-energy': '0', 'Long-island': '0', 'Low-tilt-spectrum': '1', 'Medium-island': '1', 'Short-island': '0', 'Squeal': '0', 'Typical-entropy': '2', 'Voicing-quality': '2', 'Wide-band': '0', 'Xlong-island': '0', 'seq': '1', 'end': 9829.59, 'start': 9828.79}]",0,0,[],[]
9829590,9830290,CHI,CHN,0.0,351,CIOCX,RC,0,NT,FH,2.0,300,-24.67,-15.92,"[{'Canonical-syllable': '0', 'Growl': '1', 'High-freq-energy': '0', 'Long-island': '0', 'Low-tilt-spectrum': '1', 'Medium-island': '0', 'Short-island': '0', 'Squeal': '0', 'Typical-entropy': '1', 'Voicing-quality': '1', 'Wide-band': '0', 'Xlong-island': '0', 'seq': '1', 'end': 9829.67, 'start': 9829.59}, {'Canonical-syllable': '0', 'Growl': '0', 'High-freq-energy': '0', 'Long-island': '0', 'Low-tilt-spectrum': '0', 'Medium-island': '0', 'Short-island': '1', 'Squeal': '0', 'Typical-entropy': '1', 'Voicing-quality': '1', 'Wide-band': '0', 'Xlong-island': '0', 'seq': '2', 'end': 9830.29, 'start': 9830.07}]",0,0,[],[]
9830290,9831800,CHI,CHN,0.0,351,CIOCX,RC,0,NT,FH,1.0,1000,-22.33,-13.8,"[{'Canonical-syllable': '0', 'Growl': '1', 'High-freq-energy': '0', 'Long-island': '0', 'Low-tilt-spectrum': '0', 'Medium-island': '2', 'Short-island': '0', 'Squeal': '0', 'Typical-entropy': '1', 'Voicing-quality': '2', 'Wide-band': '0', 'Xlong-island': '0', 'seq': '1', 'end': 9831.8, 'start': 9830.8}]",0,0,[],[]
9831800,9833820,NA,SIL,0.0,351,CIOCX,NA,NA,NA,NA,0.0,0,-41.83,-28.35,[],0,0,[],[]
9833820,9834420,OCH,CXN,0.0,351,CIOCX,RC,0,NT,FI,0.0,0,-27.9,-18.48,[],0,0,[],[]
9834420,9835220,NA,OLN,0.0,351,CIOCX,NA,NA,NA,NA,0.0,0,-16.49,-4.54,[],0,0,[],[]
9835220,9836930,CHI,CHN,0.0,351,CIOCX,EC,0,NT,FI,2.0,1150,-20.17,-10.68,"[{'Canonical-syllable': '0', 'Growl': '1', 'High-freq-energy': '0', 'Long-island': '0', 'Low-tilt-spectrum': '1', 'Medium-island': '0', 'Short-island': '1', 'Squeal': '0', 'Typical-entropy': '1', 'Voicing-quality': '1', 'Wide-band': '1', 'Xlong-island': '0', 'seq': '1', 'end': 9835.44, 'start': 9835.22}, {'Canonical-syllable': '1', 'Growl': '1', 'High-freq-energy': '0', 'Long-island': '0', 'Low-tilt-spectrum': '0', 'Medium-island': '1', 'Short-island': '2', 'Squeal': '0', 'Typical-entropy': '0', 'Voicing-quality': '3', 'Wide-band': '0', 'Xlong-island': '0', 'seq': '2', 'end': 9836.81, 'start': 9835.88}]",0,0,[],[]
9836930,9837770,NA,SIL,0.0,352,pause,NA,NA,NA,NA,0.0,0,-48.1,-43.01,[],0,0,[],[]
9837770,9838570,NA,NOF,0.0,352,pause,NA,NA,NA,NA,0.0,0,-44.97,-37.23,[],0,0,[],[]
9838570,9839590,NA,SIL,0.0,352,pause,NA,NA,NA,NA,0.0,0,-48.0,-41.37,[],0,0,[],[]
9839590,9841140,NA,NOF,0.0,352,pause,NA,NA,NA,NA,0.0,0,-44.15,-28.99,[],0,0,[],[]
9841140,9843360,NA,SIL,0.0,352,pause,NA,NA,NA,NA,0.0,0,-45.72,-28.32,[],0,0,[],[]
9843360,9844960,NA,NOF,0.0,352,pause,NA,NA,NA,NA,0.0,0,-35.0,-18.28,[],0,0,[],[]
9844960,9845780,NA,OLN,0.0,352,pause,NA,NA,NA,NA,0.0,0,-29.35,-17.12,[],0,0,[],[]
9845780,9846620,NA,NOF,0.0,352,pause,NA,NA,NA,NA,0.0,0,-39.08,-25.74,[],0,0,[],[]
9846620,9848010,NA,SIL,0.0,352,pause,NA,NA,NA,NA,0.0,0,-47.09,-42.09,[],0,0,[],[]
9848010,9848830,NA,NOF,0.0,352,pause,NA,NA,NA,NA,0.0,0,-45.99,-35.45,[],0,0,[],[]
9848830,9850270,CHI,CHN,0.0,352,CIC,BC,0,NT,FI,2.0,750,-27.86,-19.41,"[{'Canonical-syllable': '1', 'Growl': '0', 'High-freq-energy': '0', 'Long-island': '0', 'Low-tilt-spectrum': '0', 'Medium-island': '1', 'Short-island': '0', 'Squeal': '0', 'Typical-entropy': '0', 'Voicing-quality': '1', 'Wide-band': '0', 'Xlong-island': '0', 'seq': '1', 'end': 9849.38, 'start': 9848.97}, {'Canonical-syllable': '1', 'Growl': '0', 'High-freq-energy': '0', 'Long-island': '0', 'Low-tilt-spectrum': '0', 'Medium-island': '0', 'Short-island': '1', 'Squeal': '0', 'Typical-entropy': '0', 'Voicing-quality': '1', 'Wide-band': '0', 'Xlong-island': '0', 'seq': '2', 'end': 9850.27, 'start': 9850.07}]",0,0,[],[]
9850270,9851090,CHI,CHN,0.0,352,CIC,RC,0,NT,FH,1.0,160,-31.8,-21.64,"[{'Canonical-syllable': '0', 'Growl': '0', 'High-freq-energy': '0', 'Long-island': '0', 'Low-tilt-spectrum': '0', 'Medium-island': '0', 'Short-island': '1', 'Squeal': '0', 'Typical-entropy': '0', 'Voicing-quality': '1', 'Wide-band': '0', 'Xlong-island': '0', 'seq': '1', 'end': 9850.97, 'start': 9850.81}]",0,0,[],[]
9851090,9854250,NA,NOF,0.0,352,CIC,NA,NA,NA,NA,0.0,0,-39.97,-26.73,[],0,0,[],[]
9854250,9855900,CHI,CHN,0.0,352,CIC,RC,0,TIFI,FH,1.0,1170,-21.07,-11.21,"[{'Canonical-syllable': '0', 'Growl': '2', 'High-freq-energy': '0', 'Long-island': '1', 'Low-tilt-spectrum': '1', 'Medium-island': '0', 'Short-island': '2', 'Squeal': '0', 'Typical-entropy': '3', 'Voicing-quality': '3', 'Wide-band': '0', 'Xlong-island': '0', 'seq': '1', 'end': 9855.42, 'start': 9854.25}]",0,0,[],[]
9855900,9856910,FEM,FAN,3.67,352,CIC,RC,1,TIFR,FI,0.0,0,-30.85,-22.55,[],0,0,[],[]
9856910,9857510,CHI,CHN,0.0,352,CIC,RC,1,TIFI,FI,1.0,420,-21.04,-12.67,"[{'Canonical-syllable': '1', 'Growl': '0', 'High-freq-energy': '0', 'Long-island': '0', 'Low-tilt-spectrum': '1', 'Medium-island': '1', 'Short-island': '0', 'Squeal': '0', 'Typical-entropy': '1', 'Voicing-quality': '1', 'Wide-band': '0', 'Xlong-island': '0', 'seq': '1', 'end': 9857.33, 'start': 9857.03}]",0,0,[],[]
9857510,9858870,FEM,FAN,3.27,352,CIC,RC,2,TIFR,FI,0.0,0,-27.26,-15.25,[],0,0,[],[]
9858870,9859670,NA,CXF,0.0,352,CIC,NA,NA,NA,NA,0.0,0,-41.24,-36.56,[],0,0,[],[]
9859670,9860650,CHI,CHN,0.0,352,CIC,RC,2,TIFE,FI,2.0,430,-19.1,-9.84,"[{'Canonical-syllable': '0', 'Growl': '1', 'High-freq-energy': '0', 'Long-island': '0', 'Low-tilt-spectrum': '0', 'Medium-island': '0', 'Short-island': '1', 'Squeal': '0', 'Typical-entropy': '1', 'Voicing-quality': '1', 'Wide-band': '0', 'Xlong-island': '0', 'seq': '1', 'end': 9859.85, 'start': 9859.67}, {'Canonical-syllable': '0', 'Growl': '0', 'High-freq-energy': '0', 'Long-island': '0', 'Low-tilt-spectrum': '0', 'Medium-island': '0', 'Short-island': '1', 'Squeal': '0', 'Typical-entropy': '1', 'Voicing-quality': '1', 'Wide-band': '0', 'Xlong-island': '0', 'seq': '2', 'end': 9860.53, 'start': 9860.28}]",0,0,[],[]
9860650,9861320,CHI,CHN,0.0,352,CIC,RC,2,NT,FH,1.0,670,-18.55,-11.03,"[{'Canonical-syllable': '0', 'Growl': '1', 'High-freq-energy': '0', 'Long-island': '0', 'Low-tilt-spectrum': '0', 'Medium-island': '1', 'Short-island': '1', 'Squeal': '0', 'Typical-entropy': '2', 'Voicing-quality': '2', 'Wide-band': '0', 'Xlong-island': '0', 'seq': '1', 'end': 9861.32, 'start': 9860.65}]",0,0,[],[]
9861320,9862300,NA,NOF,0.0,352,CIC,NA,NA,NA,NA,0.0,0,-41.65,-34.63,[],0,0,[],[]
9862300,9863390,CHI,CHN,0.0,352,CIC,RC,2,NT,FH,1.0,1090,-21.51,-11.9,"[{'Canonical-syllable': '2', 'Growl': '0', 'High-freq-energy': '0', 'Long-island': '0', 'Low-tilt-spectrum': '0', 'Medium-island': '2', 'Short-island': '0', 'Squeal': '0', 'Typical-entropy': '0', 'Voicing-quality': '2', 'Wide-band': '0', 'Xlong-island': '0', 'seq': '1', 'end': 9863.39, 'start': 9862.38}]",0,0,[],[]
9863390,9864190,NA,FAF,0.0,352,CIC,NA,NA,NA,NA,0.0,0,-43.03,-30.72,[],0,0,[],[]
9864190,9865250,CHI,CHN,0.0,352,CIC,EC,2,NT,FH,1.0,960,-20.55,-10.54,"[{'Canonical-syllable': '2', 'Growl': '1', 'High-freq-energy': '0', 'Long-island': '0', 'Low-tilt-spectrum': '1', 'Medium-island': '1', 'Short-island': '2', 'Squeal': '0', 'Typical-entropy': '3', 'Voicing-quality': '3', 'Wide-band': '1', 'Xlong-island': '0', 'seq': '1', 'end': 9865.15, 'start': 9864.19}]",0,0,[],[]
9865250,9866050,NA,NOF,0.0,353,pause,NA,NA,NA,NA,0.0,0,-45.85,-36.49,[],0,0,[],[]
9866050,9866900,NA,SIL,0.0,353,pause,NA,NA,NA,NA,0.0,0,-48.04,-43.85,[],0,0,[],[]
9866900,9870740,NA,NOF,0.0,353,pause,NA,NA,NA,NA,0.0,0,-29.96,-13.28,[],0,0,[],[]
9870740,9871580,NA,OLF,0.0,353,pause,NA,NA,NA,NA,0.0,0,-31.13,-20.8,[],0,0,[],[]
9871580,9874190,NA,NOF,0.0,353,pause,NA,NA,NA,NA,0.0,0,-46.55,-41.29,[],0,0,[],[]
9874190,9875750,NA,SIL,0.0,353,pause,NA,NA,NA,NA,0.0,0,-45.92,-38.74,[],0,0,[],[]
9875750,9877890,NA,NOF,0.0,353,pause,NA,NA,NA,NA,0.0,0,-37.59,-19.07,[],0,0,[],[]
9877890,9878890,CHI,CHN,0.0,353,CM,BC,0,NT,FI,2.0,560,-17.88,-10.33,"[{'Canonical-syllable': '1', 'Growl': '0', 'High-freq-energy': '0', 'Long-island': '0', 'Low-tilt-spectrum': '0', 'Medium-island': '1', 'Short-island': '0', 'Squeal': '0', 'Typical-entropy': '0', 'Voicing-quality': '1', 'Wide-band': '0', 'Xlong-island': '0', 'seq': '1', 'end': 9878.2, 'start': 9877.89}, {'Canonical-syllable': '0', 'Growl': '0', 'High-freq-energy': '0', 'Long-island': '0', 'Low-tilt-spectrum': '0', 'Medium-island': '0', 'Short-island': '1', 'Squeal': '0', 'Typical-entropy': '0', 'Voicing-quality': '1', 'Wide-band': '0', 'Xlong-island': '0', 'seq': '2', 'end': 9878.78, 'start': 9878.53}]",0,0,[],[]
9878890,9879790,NA,OLF,0.0,353,CM,NA,NA,NA,NA,0.0,0,-37.79,-31.77,[],0,0,[],[]
9879790,9880530,CHI,CHN,0.0,353,CM,RC,0,NT,FH,1.0,740,-27.49,-22.36,"[{'Canonical-syllable': '0', 'Growl': '1', 'High-freq-energy': '0', 'Long-island': '1', 'Low-tilt-spectrum': '0', 'Medium-island': '0', 'Short-island': '0', 'Squeal': '0', 'Typical-entropy': '1', 'Voicing-quality': '1', 'Wide-band': '0', 'Xlong-island': '0', 'seq': '1', 'end': 9880.53, 'start': 9879.79}]",0,0,[],[]
9880530,9881340,NA,OLN,0.0,353,CM,NA,NA,NA,NA,0.0,0,-28.54,-22.61,[],0,0,[],[]
9881340,9882810,CHI,CHN,0.0,353,CM,EC,0,NT,FH,1.0,1470,-18.7,-9.82,"[{'Canonical-syllable': '2', 'Growl': '0', 'High-freq-energy': '0', 'Long-island': '0', 'Low-tilt-spectrum': '2', 'Medium-island': '2', 'Short-island': '2', 'Squeal': '0', 'Typical-entropy': '4', 'Voicing-quality': '4', 'Wide-band': '0', 'Xlong-island': '0', 'seq': '1', 'end': 9882.81, 'start': 9881.34}]",0,0,[],[]
9882810,9887150,NA,NOF,0.0,354,pause,NA,NA,NA,NA,0.0,0,-40.19,-20.68,[],0,0,[],[]
9887150,9887950,NA,SIL,0.0,354,pause,NA,NA,NA,NA,0.0,0,-44.83,-36.8,[],0,0,[],[]
9887950,9888750,NA,NOF,0.0,354,pause,NA,NA,NA,NA,0.0,0,-45.2,-36.39,[],0,0,[],[]
9888750,9889550,NA,SIL,0.0,354,pause,NA,NA,NA,NA,0.0,0,-45.39,-33.81,[],0,0,[],[]
9889550,9891250,NA,NOF,0.0,354,pause,NA,NA,NA,NA,0.0,0,-38.45,-19.27,[],0,0,[],[]
9891250,9892530,CHI,CHN,0.0,354,CIOCX,BC,0,NT,FI,1.0,1280,-27.51,-22.39,"[{'Canonical-syllable': '0', 'Growl': '1', 'High-freq-energy': '0', 'Long-island': '1', 'Low-tilt-spectrum': '2', 'Medium-island': '0', 'Short-island': '1', 'Squeal': '0', 'Typical-entropy': '2', 'Voicing-quality': '2', 'Wide-band': '1', 'Xlong-island': '0', 'seq': '1', 'end': 9892.53, 'start': 9891.25}]",0,0,[],[]
9892530,9893420,NA,CXF,0.0,354,CIOCX,NA,NA,NA,NA,0.0,0,-46.41,-43.55,[],0,0,[],[]
9893420,9894220,CHI,CHN,0.0,354,CIOCX,RC,0,NT,FH,1.0,800,-24.43,-15.66,"[{'Canonical-syllable': '0', 'Growl': '0', 'High-freq-energy': '0', 'Long-island': '0', 'Low-tilt-spectrum': '0', 'Medium-island': '1', 'Short-island': '1', 'Squeal': '0', 'Typical-entropy': '2', 'Voicing-quality': '2', 'Wide-band': '0', 'Xlong-island': '0', 'seq': '1', 'end': 9894.22, 'start': 9893.42}]",0,0,[],[]
9894220,9897780,NA,NOF,0.0,354,CIOCX,NA,NA,NA,NA,0.0,0,-42.91,-34.02,[],0,0,[],[]
9897780,9898380,OCH,CXN,0.0,354,CIOCX,RC,0,NT,FI,0.0,0,-35.36,-27.74,[],0,0,[],[]
9898380,9899270,NA,SIL,0.0,354,CIOCX,NA,NA,NA,NA,0.0,0,-43.55,-40.2,[],0,0,[],[]
9899270,9903210,NA,NOF,0.0,354,CIOCX,NA,NA,NA,NA,0.0,0,-25.56,-5.83,[],0,0,[],[]
9903210,9904340,CHI,CHN,0.0,354,CIOCX,RC,0,NT,FI,1.0,1020,-17.57,-8.37,"[{'Canonical-syllable': '2', 'Growl': '0', 'High-freq-energy': '0', 'Long-island': '0', 'Low-tilt-spectrum': '1', 'Medium-island': '0', 'Short-island': '3', 'Squeal': '0', 'Typical-entropy': '2', 'Voicing-quality': '3', 'Wide-band': '0', 'Xlong-island': '0', 'seq': '1', 'end': 9904.23, 'start': 9903.21}]",0,0,[],[]
9904340,9905140,NA,NOF,0.0,354,CIOCX,NA,NA,NA,NA,0.0,0,-41.4,-37.21,[],0,0,[],[]
9905140,9905800,CHI,CHN,0.0,354,CIOCX,RC,0,NT,FH,1.0,660,-24.49,-17.75,"[{'Canonical-syllable': '0', 'Growl': '1', 'High-freq-energy': '0', 'Long-island': '0', 'Low-tilt-spectrum': '0', 'Medium-island': '1', 'Short-island': '1', 'Squeal': '0', 'Typical-entropy': '1', 'Voicing-quality': '2', 'Wide-band': '0', 'Xlong-island': '0', 'seq': '1', 'end': 9905.8, 'start': 9905.14}]",0,0,[],[]
9905800,9906600,OCH,CXN,0.0,354,CIOCX,RC,0,NT,FI,0.0,0,-27.58,-19.21,[],0,0,[],[]
9906600,9908180,NA,SIL,0.0,354,CIOCX,NA,NA,NA,NA,0.0,0,-42.93,-40.34,[],0,0,[],[]
9908180,9908980,OCH,CXN,0.0,354,CIOCX,EC,0,NT,FH,0.0,0,-35.15,-28.29,[],0,0,[],[]
9908980,9911570,NA,SIL,0.0,355,pause,NA,NA,NA,NA,0.0,0,-42.81,-40.43,[],0,0,[],[]
9911570,9912580,NA,FAF,0.0,355,pause,NA,NA,NA,NA,0.0,0,-41.16,-37.22,[],0,0,[],[]
9912580,9915190,NA,SIL,0.0,355,pause,NA,NA,NA,NA,0.0,0,-44.81,-40.2,[],0,0,[],[]
9915190,9916200,FEM,FAN,3.92,355,AICF,BC,0,TIFI,FI,0.0,0,-37.09,-33.07,[],0,0,[],[]
9916200,9918600,NA,NOF,0.0,355,AICF,NA,NA,NA,NA,0.0,0,-41.55,-33.49,[],0,0,[],[]
9918600,9919820,CHI,CHN,0.0,355,AICF,RC,1,TIFR,FI,1.0,1220,-19.42,-5.94,"[{'Canonical-syllable': '1', 'Growl': '0', 'High-freq-energy': '0', 'Long-island': '0', 'Low-tilt-spectrum': '0', 'Medium-island': '0', 'Short-island': '1', 'Squeal': '0', 'Typical-entropy': '2', 'Voicing-quality': '2', 'Wide-band': '0', 'Xlong-island': '1', 'seq': '1', 'end': 9919.82, 'start': 9918.6}]",0,0,[],[]
9919820,9920620,NA,NOF,0.0,355,AICF,NA,NA,NA,NA,0.0,0,-44.35,-39.33,[],0,0,[],[]
9920620,9921550,CHI,CHN,0.0,355,AICF,RC,1,NT,FH,1.0,460,-28.14,-19.62,"[{'Canonical-syllable': '0', 'Growl': '1', 'High-freq-energy': '0', 'Long-island': '0', 'Low-tilt-spectrum': '0', 'Medium-island': '1', 'Short-island': '0', 'Squeal': '0', 'Typical-entropy': '1', 'Voicing-quality': '1', 'Wide-band': '0', 'Xlong-island': '0', 'seq': '1', 'end': 9921.08, 'start': 9920.62}]",0,0,[],[]
9921550,9923190,CHI,CHN,0.0,355,AICF,RC,1,NT,FH,2.0,1020,-29.25,-21.02,"[{'Canonical-syllable': '0', 'Growl': '1', 'High-freq-energy': '0', 'Long-island': '0', 'Low-tilt-spectrum': '0', 'Medium-island': '0', 'Short-island': '1', 'Squeal': '0', 'Typical-entropy': '1', 'Voicing-quality': '1', 'Wide-band': '0', 'Xlong-island': '0', 'seq': '1', 'end': 9921.88, 'start': 9921.65}, {'Canonical-syllable': '1', 'Growl': '0', 'High-freq-energy': '0', 'Long-island': '0', 'Low-tilt-spectrum': '0', 'Medium-island': '1', 'Short-island': '1', 'Squeal': '0', 'Typical-entropy': '0', 'Voicing-quality': '2', 'Wide-band': '0', 'Xlong-island': '0', 'seq': '2', 'end': 9923.19, 'start': 9922.5}]",0,0,[],[]
9923190,9924000,NA,NOF,0.0,355,AICF,NA,NA,NA,NA,0.0,0,-46.06,-41.92,[],0,0,[],[]
9924000,9924600,CHI,CHN,0.0,355,AICF,RC,1,NT,FH,1.0,520,-18.72,-11.33,"[{'Canonical-syllable': '0', 'Growl': '0', 'High-freq-energy': '0', 'Long-island': '0', 'Low-tilt-spectrum': '0', 'Medium-island': '1', 'Short-island': '0', 'Squeal': '0', 'Typical-entropy': '1', 'Voicing-quality': '1', 'Wide-band': '0', 'Xlong-island': '0', 'seq': '1', 'end': 9924.52, 'start': 9924.12}]",0,0,[],[]
9924600,9925580,NA,NOF,0.0,355,AICF,NA,NA,NA,NA,0.0,0,-45.03,-37.79,[],0,0,[],[]
9925580,9927090,CHI,CHN,0.0,355,AICF,RC,1,NT,FH,2.0,580,-29.94,-18.64,"[{'Canonical-syllable': '0', 'Growl': '0', 'High-freq-energy': '0', 'Long-island': '0', 'Low-tilt-spectrum': '0', 'Medium-island': '0', 'Short-island': '1', 'Squeal': '0', 'Typical-entropy': '1', 'Voicing-quality': '1', 'Wide-band': '0', 'Xlong-island': '0', 'seq': '1', 'end': 9925.75, 'start': 9925.58}, {'Canonical-syllable': '1', 'Growl': '0', 'High-freq-energy': '0', 'Long-island': '0', 'Low-tilt-spectrum': '0', 'Medium-island': '1', 'Short-island': '0', 'Squeal': '0', 'Typical-entropy': '1', 'Voicing-quality': '1', 'Wide-band': '0', 'Xlong-island': '0', 'seq': '2', 'end': 9927.09, 'start': 9926.68}]",0,0,[],[]
9927090,9928490,CHI,CHN,0.0,355,AICF,RC,1,NT,FH,2.0,920,-27.86,-16.93,"[{'Canonical-syllable': '0', 'Growl': '0', 'High-freq-energy': '0', 'Long-island': '0', 'Low-tilt-spectrum': '0', 'Medium-island': '1', 'Short-island': '0', 'Squeal': '0', 'Typical-entropy': '1', 'Voicing-quality': '1', 'Wide-band': '0', 'Xlong-island': '0', 'seq': '1', 'end': 9927.5, 'start': 9927.09}, {'Canonical-syllable': '0', 'Growl': '2', 'High-freq-energy': '1', 'Long-island': '0', 'Low-tilt-spectrum': '1', 'Medium-island': '0', 'Short-island': '2', 'Squeal': '0', 'Typical-entropy': '2', 'Voicing-quality': '2', 'Wide-band': '0', 'Xlong-island': '0', 'seq': '2', 'end': 9928.49, 'start': 9927.98}]",0,0,[],[]
9928490,9929500,NA,NOF,0.0,355,AICF,NA,NA,NA,NA,0.0,0,-39.16,-22.31,[],0,0,[],[]
9929500,9930100,CHI,CHN,0.0,355,AICF,EC,1,NT,FH,1.0,290,-29.94,-22.98,"[{'Canonical-syllable': '0', 'Growl': '0', 'High-freq-energy': '0', 'Long-island': '0', 'Low-tilt-spectrum': '0', 'Medium-island': '0', 'Short-island': '1', 'Squeal': '0', 'Typical-entropy': '0', 'Voicing-quality': '1', 'Wide-band': '0', 'Xlong-island': '0', 'seq': '1', 'end': 9930.1, 'start': 9929.81}]",0,0,[],[]
9930100,9932620,NA,NOF,0.0,356,pause,NA,NA,NA,NA,0.0,0,-45.54,-38.84,[],0,0,[],[]
9932620,9933960,NA,SIL,0.0,356,pause,NA,NA,NA,NA,0.0,0,-44.47,-41.72,[],0,0,[],[]
9933960,9937640,NA,NOF,0.0,356,pause,NA,NA,NA,NA,0.0,0,-40.7,-25.09,[],0,0,[],[]
9937640,9938740,NA,MAF,0.0,356,pause,NA,NA,NA,NA,0.0,0,-39.89,-34.41,[],0,0,[],[]
9938740,9939660,NA,OLF,0.0,356,pause,NA,NA,NA,NA,0.0,0,-38.96,-31.39,[],0,0,[],[]
9939660,9942960,NA,NOF,0.0,356,pause,NA,NA,NA,NA,0.0,0,-39.65,-31.68,[],0,0,[],[]
9942960,9943760,CHI,CHN,0.0,356,CIOCAX,BC,0,NT,FI,1.0,660,-27.21,-18.76,"[{'Canonical-syllable': '0', 'Growl': '1', 'High-freq-energy': '0', 'Long-island': '0', 'Low-tilt-spectrum': '0', 'Medium-island': '0', 'Short-island': '2', 'Squeal': '0', 'Typical-entropy': '1', 'Voicing-quality': '2', 'Wide-band': '0', 'Xlong-island': '0', 'seq': '1', 'end': 9943.62, 'start': 9943.07}]",0,0,[],[]
9943760,9945010,CHI,CHN,0.0,356,CIOCAX,RC,0,NT,FH,1.0,1250,-23.38,-16.37,"[{'Canonical-syllable': '0', 'Growl': '1', 'High-freq-energy': '0', 'Long-island': '0', 'Low-tilt-spectrum': '0', 'Medium-island': '1', 'Short-island': '3', 'Squeal': '0', 'Typical-entropy': '2', 'Voicing-quality': '4', 'Wide-band': '0', 'Xlong-island': '0', 'seq': '1', 'end': 9945.01, 'start': 9943.76}]",0,0,[],[]
9945010,9946040,CHI,CHN,0.0,356,CIOCAX,RC,0,NT,FH,2.0,500,-24.42,-15.96,"[{'Canonical-syllable': '0', 'Growl': '1', 'High-freq-energy': '0', 'Long-island': '0', 'Low-tilt-spectrum': '0', 'Medium-island': '0', 'Short-island': '1', 'Squeal': '0', 'Typical-entropy': '1', 'Voicing-quality': '1', 'Wide-band': '0', 'Xlong-island': '0', 'seq': '1', 'end': 9945.2, 'start': 9945.01}, {'Canonical-syllable': '0', 'Growl': '0', 'High-freq-energy': '0', 'Long-island': '0', 'Low-tilt-spectrum': '0', 'Medium-island': '1', 'Short-island': '0', 'Squeal': '0', 'Typical-entropy': '0', 'Voicing-quality': '1', 'Wide-band': '0', 'Xlong-island': '0', 'seq': '2', 'end': 9946.04, 'start': 9945.73}]",0,0,[],[]
9946040,9946640,OCH,CXN,0.0,356,CIOCAX,RC,0,NT,FI,0.0,0,-22.93,-15.21,[],0,0,[],[]
9946640,9947740,OCH,CXN,0.0,356,CIOCAX,RC,0,NT,FH,0.0,0,-27.02,-15.25,[],0,0,[],[]
9947740,9948550,NA,CXF,0.0,356,CIOCAX,NA,NA,NA,NA,0.0,0,-30.81,-22.6,[],0,0,[],[]
9948550,9949740,NA,FAF,0.0,356,CIOCAX,NA,NA,NA,NA,0.0,0,-40.97,-36.13,[],0,0,[],[]
9949740,9950800,NA,SIL,0.0,356,CIOCAX,NA,NA,NA,NA,0.0,0,-41.6,-39.12,[],0,0,[],[]
9950800,9951970,FEM,FAN,3.39,356,CIOCAX,EC,0,NT,FI,0.0,0,-32.06,-21.24,[],0,0,[],[]
9951970,9952810,NA,SIL,0.0,357,pause,NA,NA,NA,NA,0.0,0,-41.32,-35.14,[],0,0,[],[]
9952810,9953840,NA,OLF,0.0,357,pause,NA,NA,NA,NA,0.0,0,-38.68,-35.02,[],0,0,[],[]
9953840,9955010,NA,NOF,0.0,357,pause,NA,NA,NA,NA,0.0,0,-26.25,-9.59,[],0,0,[],[]
9955010,9955920,NA,SIL,0.0,357,pause,NA,NA,NA,NA,0.0,0,-39.15,-36.22,[],0,0,[],[]
9955920,9956960,NA,OLF,0.0,357,pause,NA,NA,NA,NA,0.0,0,-34.61,-27.65,[],0,0,[],[]
9956960,9957920,NA,NOF,0.0,357,pause,NA,NA,NA,NA,0.0,0,-39.09,-35.47,[],0,0,[],[]
9957920,9958940,OCH,CXN,0.0,357,XIOCC,BC,0,NT,FI,0.0,0,-26.72,-19.76,[],0,0,[],[]
9958940,9960080,OCH,CXN,0.0,357,XIOCC,RC,0,NT,FH,0.0,0,-31.77,-22.58,[],0,0,[],[]
9960080,9961280,CHI,CHN,0.0,357,XIOCC,RC,0,NT,FI,1.0,1200,-18.14,-11.46,"[{'Canonical-syllable': '1', 'Growl': '0', 'High-freq-energy': '0', 'Long-island': '0', 'Low-tilt-spectrum': '1', 'Medium-island': '2', 'Short-island': '0', 'Squeal': '0', 'Typical-entropy': '1', 'Voicing-quality': '2', 'Wide-band': '0', 'Xlong-island': '0', 'seq': '1', 'end': 9961.28, 'start': 9960.08}]",0,0,[],[]
9961280,9963200,NA,SIL,0.0,357,XIOCC,NA,NA,NA,NA,0.0,0,-48.1,-40.9,[],0,0,[],[]
9963200,9964000,NA,NOF,0.0,357,XIOCC,NA,NA,NA,NA,0.0,0,-46.16,-35.82,[],0,0,[],[]
9964000,9965480,CHI,CHN,0.0,357,XIOCC,EC,0,NT,FH,1.0,510,-19.42,-11.51,"[{'Canonical-syllable': '1', 'Growl': '0', 'High-freq-energy': '0', 'Long-island': '0', 'Low-tilt-spectrum': '1', 'Medium-island': '1', 'Short-island': '0', 'Squeal': '0', 'Typical-entropy': '1', 'Voicing-quality': '1', 'Wide-band': '0', 'Xlong-island': '0', 'seq': '1', 'end': 9964.51, 'start': 9964.0}]",0,0,[],[]
9965480,9966280,NA,OLF,0.0,358,pause,NA,NA,NA,NA,0.0,0,-41.78,-26.4,[],0,0,[],[]
9966280,9967700,NA,SIL,0.0,358,pause,NA,NA,NA,NA,0.0,0,-45.98,-29.82,[],0,0,[],[]
9967700,9968620,NA,NOF,0.0,358,pause,NA,NA,NA,NA,0.0,0,-40.77,-23.46,[],0,0,[],[]
9968620,9972430,NA,SIL,0.0,358,pause,NA,NA,NA,NA,0.0,0,-44.7,-22.59,[],0,0,[],[]
9972430,9975270,NA,NOF,0.0,358,pause,NA,NA,NA,NA,0.0,0,-42.96,-24.09,[],0,0,[],[]
9975270,9979030,NA,SIL,0.0,358,pause,NA,NA,NA,NA,0.0,0,-47.65,-37.18,[],0,0,[],[]
9979030,9980740,NA,NOF,0.0,358,pause,NA,NA,NA,NA,0.0,0,-47.2,-38.98,[],0,0,[],[]
9980740,9981540,NA,SIL,0.0,358,pause,NA,NA,NA,NA,0.0,0,-45.3,-37.59,[],0,0,[],[]
9981540,9987180,NA,NOF,0.0,358,pause,NA,NA,NA,NA,0.0,0,-24.03,-5.62,[],0,0,[],[]
9987180,9988000,NA,OLN,0.0,358,pause,NA,NA,NA,NA,0.0,0,-27.45,-16.39,[],0,0,[],[]
9988000,9992130,NA,NON,0.0,358,pause,NA,NA,NA,NA,0.0,0,-21.26,-3.58,[],0,0,[],[]
9992130,9995090,CHI,CHN,0.0,358,CM,EC,0,NT,FI,2.0,2530,-20.77,-10.03,"[{'Canonical-syllable': '0', 'Growl': '1', 'High-freq-energy': '0', 'Long-island': '0', 'Low-tilt-spectrum': '0', 'Medium-island': '0', 'Short-island': '1', 'Squeal': '0', 'Typical-entropy': '0', 'Voicing-quality': '1', 'Wide-band': '0', 'Xlong-island': '0', 'seq': '1', 'end': 9992.35, 'start': 9992.13}, {'Canonical-syllable': '2', 'Growl': '2', 'High-freq-energy': '0', 'Long-island': '0', 'Low-tilt-spectrum': '0', 'Medium-island': '2', 'Short-island': '2', 'Squeal': '0', 'Typical-entropy': '4', 'Voicing-quality': '8', 'Wide-band': '0', 'Xlong-island': '0', 'seq': '2', 'end': 9994.98, 'start': 9992.67}]",0,0,[],[]
9995090,10001930,NA,NOF,0.0,359,pause,NA,NA,NA,NA,0.0,0,-36.27,-14.46,[],0,0,[],[]
10001930,10002760,NA,OLF,0.0,359,pause,NA,NA,NA,NA,0.0,0,-17.4,-5.65,[],0,0,[],[]
10002760,10003570,NA,NOF,0.0,359,pause,NA,NA,NA,NA,0.0,0,-34.88,-24.5,[],0,0,[],[]
10003570,10004390,NA,OLF,0.0,359,pause,NA,NA,NA,NA,0.0,0,-30.91,-16.36,[],0,0,[],[]
10004390,10006250,NA,NOF,0.0,359,pause,NA,NA,NA,NA,0.0,0,-23.52,-6.51,[],0,0,[],[]
10006250,10007980,CHI,CHN,0.0,359,CM,BC,0,NT,FI,1.0,1630,-18.87,-11.7,"[{'Canonical-syllable': '3', 'Growl': '0', 'High-freq-energy': '0', 'Long-island': '0', 'Low-tilt-spectrum': '0', 'Medium-island': '2', 'Short-island': '3', 'Squeal': '0', 'Typical-entropy': '4', 'Voicing-quality': '5', 'Wide-band': '0', 'Xlong-island': '0', 'seq': '1', 'end': 10007.88, 'start': 10006.25}]",0,0,[],[]
10007980,10008830,NA,SIL,0.0,359,CM,NA,NA,NA,NA,0.0,0,-47.01,-41.65,[],0,0,[],[]
10008830,10009810,NA,NOF,0.0,359,CM,NA,NA,NA,NA,0.0,0,-46.36,-39.96,[],0,0,[],[]
10009810,10010520,CHI,CHN,0.0,359,CM,RC,0,NT,FH,1.0,710,-32.21,-24.72,"[{'Canonical-syllable': '0', 'Growl': '2', 'High-freq-energy': '0', 'Long-island': '0', 'Low-tilt-spectrum': '1', 'Medium-island': '1', 'Short-island': '1', 'Squeal': '0', 'Typical-entropy': '2', 'Voicing-quality': '1', 'Wide-band': '0', 'Xlong-island': '0', 'seq': '1', 'end': 10010.52, 'start': 10009.81}]",0,0,[],[]
10010520,10011330,NA,NOF,0.0,359,CM,NA,NA,NA,NA,0.0,0,-45.56,-39.19,[],0,0,[],[]
10011330,10012900,CHI,CHN,0.0,359,CM,EC,0,NT,FH,1.0,1570,-31.66,-24.27,"[{'Canonical-syllable': '1', 'Growl': '2', 'High-freq-energy': '0', 'Long-island': '0', 'Low-tilt-spectrum': '0', 'Medium-island': '2', 'Short-island': '2', 'Squeal': '0', 'Typical-entropy': '1', 'Voicing-quality': '4', 'Wide-band': '0', 'Xlong-island': '0', 'seq': '1', 'end': 10012.9, 'start': 10011.33}]",0,0,[],[]
10012900,10015250,NA,SIL,0.0,360,pause,NA,NA,NA,NA,0.0,0,-46.85,-44.21,[],0,0,[],[]
10015250,10016730,NA,NOF,0.0,360,pause,NA,NA,NA,NA,0.0,0,-45.96,-38.93,[],0,0,[],[]
10016730,10019320,NA,SIL,0.0,360,pause,NA,NA,NA,NA,0.0,0,-46.86,-38.99,[],0,0,[],[]
10019320,10027230,NA,NOF,0.0,360,pause,NA,NA,NA,NA,0.0,0,-39.48,-22.7,[],0,0,[],[]
10027230,10029000,CHI,CHN,0.0,360,CM,BC,0,NT,FI,1.0,1770,-18.5,-11.18,"[{'Canonical-syllable': '0', 'Growl': '0', 'High-freq-energy': '0', 'Long-island': '1', 'Low-tilt-spectrum': '1', 'Medium-island': '1', 'Short-island': '1', 'Squeal': '0', 'Typical-entropy': '3', 'Voicing-quality': '3', 'Wide-band': '0', 'Xlong-island': '0', 'seq': '1', 'end': 10029.0, 'start': 10027.31}]",0,0,[],[]
10029000,10030270,NA,NOF,0.0,360,CM,NA,NA,NA,NA,0.0,0,-43.42,-36.83,[],0,0,[],[]
10030270,10032540,CHI,CHN,0.0,360,CM,EC,0,NT,FH,2.0,1860,-19.06,-8.15,"[{'Canonical-syllable': '0', 'Growl': '1', 'High-freq-energy': '0', 'Long-island': '0', 'Low-tilt-spectrum': '4', 'Medium-island': '0', 'Short-island': '2', 'Squeal': '0', 'Typical-entropy': '4', 'Voicing-quality': '3', 'Wide-band': '1', 'Xlong-island': '0', 'seq': '1', 'end': 10031.22, 'start': 10030.27}, {'Canonical-syllable': '0', 'Growl': '0', 'High-freq-energy': '0', 'Long-island': '1', 'Low-tilt-spectrum': '2', 'Medium-island': '0', 'Short-island': '1', 'Squeal': '0', 'Typical-entropy': '2', 'Voicing-quality': '2', 'Wide-band': '0', 'Xlong-island': '0', 'seq': '2', 'end': 10032.54, 'start': 10031.63}]",0,0,[],[]
10032540,10033700,NA,MAF,0.0,361,pause,NA,NA,NA,NA,0.0,0,-39.23,-31.78,[],0,0,[],[]
10033700,10034560,NA,NOF,0.0,361,pause,NA,NA,NA,NA,0.0,0,-43.13,-39.4,[],0,0,[],[]
10034560,10035560,NA,FAF,0.0,361,pause,NA,NA,NA,NA,0.0,0,-38.97,-33.35,[],0,0,[],[]
10035560,10036480,NA,NOF,0.0,361,pause,NA,NA,NA,NA,0.0,0,-43.14,-36.42,[],0,0,[],[]
10036480,10038030,CHI,CHN,0.0,361,pause,NA,NA,NA,NA,0.0,0,-15.78,-8.48,[],0,1470,"[{'start': 10036.56, 'end': 10038.03}]",[]
10038030,10038830,FEM,FAN,0.0,361,pause,NA,NA,NA,NA,0.0,0,-28.74,-20.02,[],800,0,[],[]
10038830,10039980,NA,SIL,0.0,361,pause,NA,NA,NA,NA,0.0,0,-45.21,-42.3,[],0,0,[],[]
10039980,10040790,NA,OLF,0.0,361,pause,NA,NA,NA,NA,0.0,0,-40.86,-33.28,[],0,0,[],[]
10040790,10042690,NA,FAF,0.0,361,pause,NA,NA,NA,NA,0.0,0,-40.19,-34.12,[],0,0,[],[]
10042690,10043520,NA,OLF,0.0,361,pause,NA,NA,NA,NA,0.0,0,-42.42,-37.13,[],0,0,[],[]
10043520,10045930,NA,SIL,0.0,361,pause,NA,NA,NA,NA,0.0,0,-47.03,-41.43,[],0,0,[],[]
10045930,10054010,NA,NOF,0.0,361,pause,NA,NA,NA,NA,0.0,0,-38.95,-15.14,[],0,0,[],[]
10054010,10055010,CHI,CHN,0.0,361,CM,BC,0,NT,FI,1.0,1000,-25.54,-21.52,"[{'Canonical-syllable': '0', 'Growl': '0', 'High-freq-energy': '0', 'Long-island': '0', 'Low-tilt-spectrum': '0', 'Medium-island': '2', 'Short-island': '0', 'Squeal': '0', 'Typical-entropy': '1', 'Voicing-quality': '2', 'Wide-band': '0', 'Xlong-island': '0', 'seq': '1', 'end': 10055.01, 'start': 10054.01}]",0,0,[],[]
10055010,10055620,CHI,CHN,0.0,361,CM,EC,0,NT,FH,1.0,300,-17.21,-9.53,"[{'Canonical-syllable': '0', 'Growl': '0', 'High-freq-energy': '0', 'Long-island': '0', 'Low-tilt-spectrum': '0', 'Medium-island': '1', 'Short-island': '0', 'Squeal': '0', 'Typical-entropy': '0', 'Voicing-quality': '1', 'Wide-band': '0', 'Xlong-island': '0', 'seq': '1', 'end': 10055.31, 'start': 10055.01}]",0,0,[],[]
10055620,10057510,NA,NOF,0.0,362,pause,NA,NA,NA,NA,0.0,0,-29.27,-9.86,[],0,0,[],[]
10057510,10058670,NA,SIL,0.0,362,pause,NA,NA,NA,NA,0.0,0,-40.19,-35.44,[],0,0,[],[]
10058670,10061490,NA,NOF,0.0,362,pause,NA,NA,NA,NA,0.0,0,-30.79,-7.45,[],0,0,[],[]
10061490,10062960,CHI,CHN,0.0,362,CM,BC,0,NT,FI,1.0,1470,-23.88,-15.98,"[{'Canonical-syllable': '1', 'Growl': '0', 'High-freq-energy': '0', 'Long-island': '1', 'Low-tilt-spectrum': '0', 'Medium-island': '0', 'Short-island': '1', 'Squeal': '0', 'Typical-entropy': '1', 'Voicing-quality': '2', 'Wide-band': '0', 'Xlong-island': '0', 'seq': '1', 'end': 10062.96, 'start': 10061.73}]",0,0,[],[]
10062960,10063820,NA,NOF,0.0,362,CM,NA,NA,NA,NA,0.0,0,-49.03,-39.66,[],0,0,[],[]
10063820,10064870,CHI,CHN,0.0,362,CM,RC,0,NT,FH,1.0,1050,-31.44,-23.85,"[{'Canonical-syllable': '2', 'Growl': '0', 'High-freq-energy': '0', 'Long-island': '0', 'Low-tilt-spectrum': '0', 'Medium-island': '1', 'Short-island': '1', 'Squeal': '0', 'Typical-entropy': '0', 'Voicing-quality': '3', 'Wide-band': '0', 'Xlong-island': '0', 'seq': '1', 'end': 10064.87, 'start': 10063.82}]",0,0,[],[]
10064870,10066090,CHI,CHN,0.0,362,CM,EC,0,NT,FH,1.0,800,-26.24,-21.37,"[{'Canonical-syllable': '0', 'Growl': '0', 'High-freq-energy': '0', 'Long-island': '1', 'Low-tilt-spectrum': '0', 'Medium-island': '0', 'Short-island': '0', 'Squeal': '0', 'Typical-entropy': '0', 'Voicing-quality': '1', 'Wide-band': '0', 'Xlong-island': '0', 'seq': '1', 'end': 10065.67, 'start': 10064.87}]",0,0,[],[]
10066090,10066890,NA,SIL,0.0,363,pause,NA,NA,NA,NA,0.0,0,-52.99,-41.53,[],0,0,[],[]
10066890,10067950,NA,NOF,0.0,363,pause,NA,NA,NA,NA,0.0,0,-47.86,-31.76,[],0,0,[],[]
10067950,10071330,NA,SIL,0.0,363,pause,NA,NA,NA,NA,0.0,0,-54.1,-40.93,[],0,0,[],[]
10071330,10072890,CHI,CHN,0.0,363,CM,BC,0,NT,FI,2.0,1560,-32.24,-24.93,"[{'Canonical-syllable': '0', 'Growl': '0', 'High-freq-energy': '0', 'Long-island': '0', 'Low-tilt-spectrum': '0', 'Medium-island': '0', 'Short-island': '1', 'Squeal': '0', 'Typical-entropy': '0', 'Voicing-quality': '1', 'Wide-band': '0', 'Xlong-island': '0', 'seq': '1', 'end': 10071.81, 'start': 10071.63}, {'Canonical-syllable': '1', 'Growl': '0', 'High-freq-energy': '0', 'Long-island': '0', 'Low-tilt-spectrum': '0', 'Medium-island': '2', 'Short-island': '0', 'Squeal': '0', 'Typical-entropy': '0', 'Voicing-quality': '2', 'Wide-band': '0', 'Xlong-island': '0', 'seq': '2', 'end': 10072.89, 'start': 10072.11}]",0,0,[],[]
10072890,10075780,NA,NOF,0.0,363,CM,NA,NA,NA,NA,0.0,0,-27.27,-8.65,[],0,0,[],[]
10075780,10076720,CHI,CHN,0.0,363,CM,RC,0,NT,FH,1.0,940,-26.04,-17.68,"[{'Canonical-syllable': '0', 'Growl': '1', 'High-freq-energy': '0', 'Long-island': '0', 'Low-tilt-spectrum': '2', 'Medium-island': '1', 'Short-island': '1', 'Squeal': '0', 'Typical-entropy': '2', 'Voicing-quality': '2', 'Wide-band': '0', 'Xlong-island': '0', 'seq': '1', 'end': 10076.72, 'start': 10075.78}]",0,0,[],[]
10076720,10077770,NA,NON,0.0,363,CM,NA,NA,NA,NA,0.0,0,-33.69,-23.39,[],0,0,[],[]
10077770,10078750,NA,SIL,0.0,363,CM,NA,NA,NA,NA,0.0,0,-52.36,-39.72,[],0,0,[],[]
10078750,10079600,NA,NOF,0.0,363,CM,NA,NA,NA,NA,0.0,0,-49.12,-40.53,[],0,0,[],[]
10079600,10080820,CHI,CHN,0.0,363,CM,RC,0,NT,FH,1.0,1080,-33.06,-23.97,"[{'Canonical-syllable': '0', 'Growl': '1', 'High-freq-energy': '1', 'Long-island': '0', 'Low-tilt-spectrum': '1', 'Medium-island': '0', 'Short-island': '3', 'Squeal': '0', 'Typical-entropy': '1', 'Voicing-quality': '2', 'Wide-band': '1', 'Xlong-island': '0', 'seq': '1', 'end': 10080.68, 'start': 10079.6}]",0,0,[],[]
10080820,10081640,NA,SIL,0.0,363,CM,NA,NA,NA,NA,0.0,0,-54.98,-50.79,[],0,0,[],[]
10081640,10082240,CHI,CHN,0.0,363,CM,RC,0,NT,FH,1.0,600,-29.27,-24.99,"[{'Canonical-syllable': '0', 'Growl': '0', 'High-freq-energy': '0', 'Long-island': '0', 'Low-tilt-spectrum': '0', 'Medium-island': '1', 'Short-island': '0', 'Squeal': '0', 'Typical-entropy': '0', 'Voicing-quality': '1', 'Wide-band': '0', 'Xlong-island': '0', 'seq': '1', 'end': 10082.24, 'start': 10081.64}]",0,0,[],[]
10082240,10085790,NA,NOF,0.0,363,CM,NA,NA,NA,NA,0.0,0,-46.8,-30.71,[],0,0,[],[]
10085790,10086780,NA,SIL,0.0,363,CM,NA,NA,NA,NA,0.0,0,-53.62,-49.22,[],0,0,[],[]
10086780,10087790,CHI,CHN,0.0,363,CM,RC,0,NT,FH,1.0,1010,-25.26,-16.12,"[{'Canonical-syllable': '2', 'Growl': '0', 'High-freq-energy': '0', 'Long-island': '0', 'Low-tilt-spectrum': '0', 'Medium-island': '2', 'Short-island': '0', 'Squeal': '0', 'Typical-entropy': '1', 'Voicing-quality': '2', 'Wide-band': '0', 'Xlong-island': '0', 'seq': '1', 'end': 10087.79, 'start': 10086.89}]",0,0,[],[]
10087790,10089250,NA,NON,0.0,363,CM,NA,NA,NA,NA,0.0,0,-36.54,-25.57,[],0,0,[],[]
10089250,10090730,CHI,CHN,0.0,363,CM,EC,0,NT,FH,2.0,1480,-17.17,-4.1,"[{'Canonical-syllable': '1', 'Growl': '0', 'High-freq-energy': '0', 'Long-island': '0', 'Low-tilt-spectrum': '0', 'Medium-island': '0', 'Short-island': '2', 'Squeal': '0', 'Typical-entropy': '2', 'Voicing-quality': '2', 'Wide-band': '0', 'Xlong-island': '0', 'seq': '1', 'end': 10089.72, 'start': 10089.25}, {'Canonical-syllable': '1', 'Growl': '0', 'High-freq-energy': '0', 'Long-island': '0', 'Low-tilt-spectrum': '2', 'Medium-island': '1', 'Short-island': '1', 'Squeal': '0', 'Typical-entropy': '2', 'Voicing-quality': '2', 'Wide-band': '0', 'Xlong-island': '0', 'seq': '2', 'end': 10090.73, 'start': 10090.02}]",0,0,[],[]
10090730,10091700,NA,NOF,0.0,364,pause,NA,NA,NA,NA,0.0,0,-41.81,-35.59,[],0,0,[],[]
10091700,10093180,NA,CXF,0.0,364,pause,NA,NA,NA,NA,0.0,0,-42.63,-35.21,[],0,0,[],[]
10093180,10094360,NA,FAF,0.0,364,pause,NA,NA,NA,NA,0.0,0,-42.88,-37.66,[],0,0,[],[]
10094360,10095650,NA,SIL,0.0,364,pause,NA,NA,NA,NA,0.0,0,-42.75,-27.73,[],0,0,[],[]
10095650,10096470,NA,FAF,0.0,364,pause,NA,NA,NA,NA,0.0,0,-41.44,-32.5,[],0,0,[],[]
10096470,10097470,MAL,MAN,4.16,364,AMM,EC,0,NT,FI,0.0,0,-33.48,-18.59,[],0,0,[],[]
10097470,10098430,NA,NOF,0.0,365,pause,NA,NA,NA,NA,0.0,0,-40.95,-27.06,[],0,0,[],[]
10098430,10100040,NA,FAF,0.0,365,pause,NA,NA,NA,NA,0.0,0,-44.68,-40.28,[],0,0,[],[]
10100040,10101670,NA,SIL,0.0,365,pause,NA,NA,NA,NA,0.0,0,-51.42,-41.51,[],0,0,[],[]
10101670,10102690,NA,FAF,0.0,365,pause,NA,NA,NA,NA,0.0,0,-47.78,-40.37,[],0,0,[],[]
10102690,10104110,NA,SIL,0.0,365,pause,NA,NA,NA,NA,0.0,0,-53.81,-44.54,[],0,0,[],[]
10104110,10105160,NA,FAF,0.0,365,pause,NA,NA,NA,NA,0.0,0,-49.0,-43.43,[],0,0,[],[]
10105160,10106470,NA,NOF,0.0,365,pause,NA,NA,NA,NA,0.0,0,-50.4,-42.11,[],0,0,[],[]
10106470,10107470,NA,FAF,0.0,365,pause,NA,NA,NA,NA,0.0,0,-46.09,-38.51,[],0,0,[],[]
10107470,10108470,NA,SIL,0.0,365,pause,NA,NA,NA,NA,0.0,0,-56.34,-46.98,[],0,0,[],[]
10108470,10109750,NA,NOF,0.0,365,pause,NA,NA,NA,NA,0.0,0,-33.74,-15.15,[],0,0,[],[]
10109750,10110550,NA,OLN,0.0,365,pause,NA,NA,NA,NA,0.0,0,-24.33,-10.91,[],0,0,[],[]
10110550,10112030,NA,NOF,0.0,365,pause,NA,NA,NA,NA,0.0,0,-30.76,-14.23,[],0,0,[],[]
10112030,10113030,NA,OLF,0.0,365,pause,NA,NA,NA,NA,0.0,0,-25.12,-10.26,[],0,0,[],[]
10113030,10113630,FEM,FAN,1.95,365,AICF,BC,0,NT,FI,0.0,0,-33.17,-23.21,[],0,0,[],[]
10113630,10114550,OCH,CXN,0.0,365,AICF,RC,0,NT,FI,0.0,0,-37.67,-30.02,[],0,0,[],[]
10114550,10116390,FEM,FAN,1.72,365,AICF,RC,0,NT,FI,0.0,0,-36.38,-16.76,[],0,0,[],[]
10116390,10117190,OCH,CXN,0.0,365,AICF,RC,0,NT,FI,0.0,0,-38.32,-35.02,[],0,0,[],[]
10117190,10118270,FEM,FAN,3.35,365,AICF,RC,0,NT,FI,0.0,0,-41.93,-31.42,[],0,0,[],[]
10118270,10120120,FEM,FAN,11.19,365,AICF,RC,0,NT,FH,0.0,0,-22.88,-13.17,[],0,0,[],[]
10120120,10120920,NA,SIL,0.0,365,AICF,NA,NA,NA,NA,0.0,0,-47.76,-34.67,[],0,0,[],[]
10120920,10121720,FEM,FAN,2.04,365,AICF,RC,0,TIFI,FH,0.0,0,-45.06,-36.74,[],0,0,[],[]
10121720,10122700,NA,SIL,0.0,365,AICF,NA,NA,NA,NA,0.0,0,-53.41,-42.36,[],0,0,[],[]
10122700,10124020,CHI,CHN,0.0,365,AICF,RC,1,TIFR,FI,1.0,1220,-23.35,-17.29,"[{'Canonical-syllable': '2', 'Growl': '1', 'High-freq-energy': '0', 'Long-island': '0', 'Low-tilt-spectrum': '0', 'Medium-island': '1', 'Short-island': '2', 'Squeal': '0', 'Typical-entropy': '1', 'Voicing-quality': '3', 'Wide-band': '0', 'Xlong-island': '0', 'seq': '1', 'end': 10123.92, 'start': 10122.7}]",0,0,[],[]
10124020,10126760,FEM,FAN,9.31,365,AICF,RC,1,TIFI,FI,0.0,0,-41.41,-34.16,[],0,0,[],[]
10126760,10128490,NA,SIL,0.0,365,AICF,NA,NA,NA,NA,0.0,0,-54.75,-44.87,[],0,0,[],[]
10128490,10129840,CHI,CHN,0.0,365,AICF,RC,2,TIFR,FI,1.0,1130,-19.26,-8.81,"[{'Canonical-syllable': '1', 'Growl': '0', 'High-freq-energy': '0', 'Long-island': '0', 'Low-tilt-spectrum': '0', 'Medium-island': '0', 'Short-island': '3', 'Squeal': '0', 'Typical-entropy': '1', 'Voicing-quality': '4', 'Wide-band': '1', 'Xlong-island': '0', 'seq': '1', 'end': 10129.62, 'start': 10128.49}]",0,0,[],[]
10129840,10130950,NA,SIL,0.0,365,AICF,NA,NA,NA,NA,0.0,0,-53.32,-47.27,[],0,0,[],[]
10130950,10131780,NA,NOF,0.0,365,AICF,NA,NA,NA,NA,0.0,0,-34.28,-20.45,[],0,0,[],[]
10131780,10134270,CHI,CHN,0.0,365,AICF,RC,2,NT,FH,2.0,1770,-15.97,-3.93,"[{'Canonical-syllable': '0', 'Growl': '0', 'High-freq-energy': '0', 'Long-island': '0', 'Low-tilt-spectrum': '1', 'Medium-island': '1', 'Short-island': '2', 'Squeal': '0', 'Typical-entropy': '2', 'Voicing-quality': '3', 'Wide-band': '0', 'Xlong-island': '0', 'seq': '1', 'end': 10132.69, 'start': 10131.78}, {'Canonical-syllable': '0', 'Growl': '0', 'High-freq-energy': '0', 'Long-island': '1', 'Low-tilt-spectrum': '1', 'Medium-island': '0', 'Short-island': '1', 'Squeal': '0', 'Typical-entropy': '2', 'Voicing-quality': '2', 'Wide-band': '0', 'Xlong-island': '0', 'seq': '2', 'end': 10133.96, 'start': 10133.1}]",0,0,[],[]
10134270,10136700,NA,SIL,0.0,365,AICF,NA,NA,NA,NA,0.0,0,-42.45,-31.93,[],0,0,[],[]
10136700,10138830,CHI,CHN,0.0,365,AICF,RC,2,NT,FH,1.0,2040,-15.35,-3.97,"[{'Canonical-syllable': '2', 'Growl': '0', 'High-freq-energy': '0', 'Long-island': '0', 'Low-tilt-spectrum': '2', 'Medium-island': '2', 'Short-island': '3', 'Squeal': '0', 'Typical-entropy': '4', 'Voicing-quality': '6', 'Wide-band': '0', 'Xlong-island': '0', 'seq': '1', 'end': 10138.74, 'start': 10136.8}]",0,0,[],[]
10138830,10140320,NA,SIL,0.0,365,AICF,NA,NA,NA,NA,0.0,0,-41.63,-37.95,[],0,0,[],[]
10140320,10141320,CHI,CHN,0.0,365,AICF,RC,2,NT,FH,1.0,910,-22.33,-16.24,"[{'Canonical-syllable': '1', 'Growl': '0', 'High-freq-energy': '0', 'Long-island': '0', 'Low-tilt-spectrum': '2', 'Medium-island': '2', 'Short-island': '0', 'Squeal': '0', 'Typical-entropy': '2', 'Voicing-quality': '2', 'Wide-band': '0', 'Xlong-island': '0', 'seq': '1', 'end': 10141.23, 'start': 10140.48}]",0,0,[],[]
10141320,10142310,CHI,CHN,0.0,365,AICF,RC,2,NT,FH,1.0,990,-16.82,-10.74,"[{'Canonical-syllable': '0', 'Growl': '0', 'High-freq-energy': '0', 'Long-island': '1', 'Low-tilt-spectrum': '1', 'Medium-island': '0', 'Short-island': '1', 'Squeal': '0', 'Typical-entropy': '2', 'Voicing-quality': '2', 'Wide-band': '0', 'Xlong-island': '0', 'seq': '1', 'end': 10142.31, 'start': 10141.32}]",0,0,[],[]
10142310,10144570,NA,SIL,0.0,365,AICF,NA,NA,NA,NA,0.0,0,-46.76,-40.57,[],0,0,[],[]
10144570,10145370,NA,NOF,0.0,365,AICF,NA,NA,NA,NA,0.0,0,-46.3,-39.65,[],0,0,[],[]
10145370,10146210,CHI,CHN,0.0,365,AICF,EC,2,NT,FH,1.0,660,-28.9,-24.73,"[{'Canonical-syllable': '0', 'Growl': '0', 'High-freq-energy': '0', 'Long-island': '1', 'Low-tilt-spectrum': '0', 'Medium-island': '0', 'Short-island': '0', 'Squeal': '0', 'Typical-entropy': '0', 'Voicing-quality': '1', 'Wide-band': '0', 'Xlong-island': '0', 'seq': '1', 'end': 10146.03, 'start': 10145.37}]",0,0,[],[]
10146210,10147620,NA,SIL,0.0,366,pause,NA,NA,NA,NA,0.0,0,-46.73,-29.62,[],0,0,[],[]
10147620,10149300,NA,NOF,0.0,366,pause,NA,NA,NA,NA,0.0,0,-42.85,-27.31,[],0,0,[],[]
10149300,10150300,NA,SIL,0.0,366,pause,NA,NA,NA,NA,0.0,0,-43.78,-29.91,[],0,0,[],[]
10150300,10151750,NA,NOF,0.0,366,pause,NA,NA,NA,NA,0.0,0,-45.07,-35.04,[],0,0,[],[]
10151750,10152350,CHI,CHN,0.0,366,CM,BC,0,NT,FI,1.0,600,-23.64,-18.74,"[{'Canonical-syllable': '0', 'Growl': '0', 'High-freq-energy': '0', 'Long-island': '0', 'Low-tilt-spectrum': '0', 'Medium-island': '1', 'Short-island': '0', 'Squeal': '0', 'Typical-entropy': '0', 'Voicing-quality': '1', 'Wide-band': '0', 'Xlong-island': '0', 'seq': '1', 'end': 10152.35, 'start': 10151.93}]",0,0,[],[]
10152350,10153530,NA,MAF,0.0,366,CM,NA,NA,NA,NA,0.0,0,-44.86,-38.33,[],0,0,[],[]
10153530,10154660,CHI,CHN,0.0,366,CM,RC,0,NT,FH,1.0,1130,-17.97,-8.49,"[{'Canonical-syllable': '1', 'Growl': '0', 'High-freq-energy': '0', 'Long-island': '0', 'Low-tilt-spectrum': '0', 'Medium-island': '1', 'Short-island': '1', 'Squeal': '0', 'Typical-entropy': '2', 'Voicing-quality': '3', 'Wide-band': '0', 'Xlong-island': '0', 'seq': '1', 'end': 10154.66, 'start': 10153.53}]",0,0,[],[]
10154660,10155660,CHI,CHN,0.0,366,CM,RC,0,NT,FH,1.0,900,-25.09,-17.08,"[{'Canonical-syllable': '1', 'Growl': '1', 'High-freq-energy': '0', 'Long-island': '0', 'Low-tilt-spectrum': '1', 'Medium-island': '1', 'Short-island': '2', 'Squeal': '0', 'Typical-entropy': '2', 'Voicing-quality': '3', 'Wide-band': '0', 'Xlong-island': '0', 'seq': '1', 'end': 10155.56, 'start': 10154.66}]",0,0,[],[]
10155660,10156460,NA,SIL,0.0,366,CM,NA,NA,NA,NA,0.0,0,-51.36,-41.51,[],0,0,[],[]
10156460,10157860,CHI,CHN,0.0,366,CM,RC,0,NT,FH,1.0,1220,-23.38,-14.42,"[{'Canonical-syllable': '2', 'Growl': '0', 'High-freq-energy': '0', 'Long-island': '0', 'Low-tilt-spectrum': '0', 'Medium-island': '2', 'Short-island': '1', 'Squeal': '0', 'Typical-entropy': '3', 'Voicing-quality': '3', 'Wide-band': '0', 'Xlong-island': '0', 'seq': '1', 'end': 10157.68, 'start': 10156.46}]",0,0,[],[]
10157860,10158670,NA,SIL,0.0,366,CM,NA,NA,NA,NA,0.0,0,-51.2,-39.67,[],0,0,[],[]
10158670,10160140,CHI,CHN,0.0,366,CM,RC,0,NT,FH,1.0,1250,-23.49,-15.9,"[{'Canonical-syllable': '1', 'Growl': '0', 'High-freq-energy': '0', 'Long-island': '0', 'Low-tilt-spectrum': '0', 'Medium-island': '2', 'Short-island': '1', 'Squeal': '0', 'Typical-entropy': '2', 'Voicing-quality': '3', 'Wide-band': '0', 'Xlong-island': '0', 'seq': '1', 'end': 10159.92, 'start': 10158.67}]",0,0,[],[]
10160140,10161870,NA,SIL,0.0,366,CM,NA,NA,NA,NA,0.0,0,-48.2,-29.58,[],0,0,[],[]
10161870,10163270,CHI,CHN,0.0,366,CM,EC,0,NT,FH,1.0,1400,-22.21,-14.66,"[{'Canonical-syllable': '0', 'Growl': '0', 'High-freq-energy': '0', 'Long-island': '1', 'Low-tilt-spectrum': '0', 'Medium-island': '1', 'Short-island': '0', 'Squeal': '0', 'Typical-entropy': '2', 'Voicing-quality': '2', 'Wide-band': '0', 'Xlong-island': '0', 'seq': '1', 'end': 10163.27, 'start': 10162.06}]",0,0,[],[]
10163270,10165530,NA,NOF,0.0,367,pause,NA,NA,NA,NA,0.0,0,-42.74,-25.19,[],0,0,[],[]
10165530,10166750,NA,FAF,0.0,367,pause,NA,NA,NA,NA,0.0,0,-35.82,-23.2,[],0,0,[],[]
10166750,10172740,NA,SIL,0.0,367,pause,NA,NA,NA,NA,0.0,0,-51.08,-35.41,[],0,0,[],[]
10172740,10174380,CHI,CHN,0.0,367,CIC,BC,0,NT,FI,1.0,1190,-23.15,-14.2,"[{'Canonical-syllable': '0', 'Growl': '1', 'High-freq-energy': '1', 'Long-island': '1', 'Low-tilt-spectrum': '1', 'Medium-island': '1', 'Short-island': '0', 'Squeal': '0', 'Typical-entropy': '1', 'Voicing-quality': '2', 'Wide-band': '0', 'Xlong-island': '0', 'seq': '1', 'end': 10173.93, 'start': 10172.74}]",0,0,[],[]
10174380,10179350,NA,NOF,0.0,367,CIC,NA,NA,NA,NA,0.0,0,-32.21,-12.04,[],0,0,[],[]
10179350,10180640,CHI,CHN,0.0,367,CIC,RC,0,NT,FH,1.0,1180,-20.55,-6.09,"[{'Canonical-syllable': '1', 'Growl': '1', 'High-freq-energy': '0', 'Long-island': '0', 'Low-tilt-spectrum': '2', 'Medium-island': '0', 'Short-island': '4', 'Squeal': '0', 'Typical-entropy': '4', 'Voicing-quality': '4', 'Wide-band': '0', 'Xlong-island': '0', 'seq': '1', 'end': 10180.53, 'start': 10179.35}]",0,0,[],[]
10180640,10181800,OCH,CXN,0.0,367,CIC,RC,0,NT,FI,0.0,0,-30.83,-18.18,[],0,0,[],[]
10181800,10182490,CHI,CHN,0.0,367,CIC,RC,0,NT,FI,1.0,610,-23.4,-14.99,"[{'Canonical-syllable': '0', 'Growl': '0', 'High-freq-energy': '0', 'Long-island': '0', 'Low-tilt-spectrum': '1', 'Medium-island': '0', 'Short-island': '2', 'Squeal': '0', 'Typical-entropy': '1', 'Voicing-quality': '2', 'Wide-band': '0', 'Xlong-island': '0', 'seq': '1', 'end': 10182.41, 'start': 10181.92}]",0,0,[],[]
10182490,10183510,NA,FAF,0.0,367,CIC,NA,NA,NA,NA,0.0,0,-45.25,-35.09,[],0,0,[],[]
10183510,10184330,NA,CXF,0.0,367,CIC,NA,NA,NA,NA,0.0,0,-47.16,-42.01,[],0,0,[],[]
10184330,10185130,NA,SIL,0.0,367,CIC,NA,NA,NA,NA,0.0,0,-52.71,-45.52,[],0,0,[],[]
10185130,10185730,OCH,CXN,0.0,367,CIC,RC,0,NT,FI,0.0,0,-34.66,-27.75,[],0,0,[],[]
10185730,10188340,NA,NOF,0.0,367,CIC,NA,NA,NA,NA,0.0,0,-24.76,-5.1,[],0,0,[],[]
10188340,10189280,OCH,CXN,0.0,367,CIC,RC,0,NT,FH,0.0,0,-21.96,-16.28,[],0,0,[],[]
10189280,10190080,NA,FAF,0.0,367,CIC,NA,NA,NA,NA,0.0,0,-37.0,-27.06,[],0,0,[],[]
10190080,10191080,FEM,FAN,11.22,367,CIC,RC,0,TIFI,FI,0.0,0,-26.22,-16.54,[],0,0,[],[]
10191080,10193940,NA,NOF,0.0,367,CIC,NA,NA,NA,NA,0.0,0,-35.07,-12.5,[],0,0,[],[]
10193940,10195780,CHI,CHN,0.0,367,CIC,RC,1,TIFR,FI,1.0,1340,-21.49,-14.22,"[{'Canonical-syllable': '0', 'Growl': '0', 'High-freq-energy': '0', 'Long-island': '1', 'Low-tilt-spectrum': '0', 'Medium-island': '1', 'Short-island': '0', 'Squeal': '0', 'Typical-entropy': '1', 'Voicing-quality': '2', 'Wide-band': '0', 'Xlong-island': '0', 'seq': '1', 'end': 10195.64, 'start': 10194.3}]",0,0,[],[]
10195780,10197640,NA,SIL,0.0,367,CIC,NA,NA,NA,NA,0.0,0,-48.23,-34.68,[],0,0,[],[]
10197640,10199680,NA,FAF,0.0,367,CIC,NA,NA,NA,NA,0.0,0,-43.03,-34.88,[],0,0,[],[]
10199680,10200480,NA,SIL,0.0,367,CIC,NA,NA,NA,NA,0.0,0,-52.26,-41.36,[],0,0,[],[]
10200480,10201080,CHI,CHN,0.0,367,CIC,RC,1,NT,FH,1.0,600,-28.86,-23.42,"[{'Canonical-syllable': '0', 'Growl': '0', 'High-freq-energy': '0', 'Long-island': '0', 'Low-tilt-spectrum': '0', 'Medium-island': '1', 'Short-island': '0', 'Squeal': '0', 'Typical-entropy': '0', 'Voicing-quality': '1', 'Wide-band': '0', 'Xlong-island': '0', 'seq': '1', 'end': 10201.08, 'start': 10200.48}]",0,0,[],[]
10201080,10204380,FEM,FAN,9.94,367,CIC,EC,1,TIFE,FI,0.0,0,-36.74,-25.88,[],0,0,[],[]
10204380,10205180,NA,SIL,0.0,368,pause,NA,NA,NA,NA,0.0,0,-44.08,-31.06,[],0,0,[],[]
10205180,10206260,NA,FAF,0.0,368,pause,NA,NA,NA,NA,0.0,0,-44.66,-38.49,[],0,0,[],[]
10206260,10207210,NA,NOF,0.0,368,pause,NA,NA,NA,NA,0.0,0,-42.87,-28.52,[],0,0,[],[]
10207210,10210720,NA,SIL,0.0,368,pause,NA,NA,NA,NA,0.0,0,-44.13,-24.45,[],0,0,[],[]
10210720,10212290,CHI,CHN,0.0,368,CIOCX,BC,0,NT,FI,2.0,1200,-20.5,-9.15,"[{'Canonical-syllable': '1', 'Growl': '0', 'High-freq-energy': '0', 'Long-island': '0', 'Low-tilt-spectrum': '1', 'Medium-island': '1', 'Short-island': '0', 'Squeal': '0', 'Typical-entropy': '1', 'Voicing-quality': '2', 'Wide-band': '0', 'Xlong-island': '0', 'seq': '1', 'end': 10211.65, 'start': 10211.02}, {'Canonical-syllable': '0', 'Growl': '0', 'High-freq-energy': '0', 'Long-island': '0', 'Low-tilt-spectrum': '1', 'Medium-island': '0', 'Short-island': '1', 'Squeal': '0', 'Typical-entropy': '1', 'Voicing-quality': '1', 'Wide-band': '0', 'Xlong-island': '0', 'seq': '2', 'end': 10212.29, 'start': 10212.02}]",0,0,[],[]
10212290,10213090,NA,NOF,0.0,368,CIOCX,NA,NA,NA,NA,0.0,0,-43.2,-30.51,[],0,0,[],[]
10213090,10213690,FEM,FAN,0.0,368,CIOCX,NA,NA,NA,NA,0.0,0,-42.17,-36.7,[],600,0,[],[]
10213690,10215920,NA,SIL,0.0,368,CIOCX,NA,NA,NA,NA,0.0,0,-55.44,-41.91,[],0,0,[],[]
10215920,10217510,CHI,CHN,0.0,368,CIOCX,RC,0,NT,FH,1.0,1590,-29.32,-19.48,"[{'Canonical-syllable': '1', 'Growl': '2', 'High-freq-energy': '0', 'Long-island': '0', 'Low-tilt-spectrum': '1', 'Medium-island': '1', 'Short-island': '3', 'Squeal': '0', 'Typical-entropy': '3', 'Voicing-quality': '4', 'Wide-band': '0', 'Xlong-island': '0', 'seq': '1', 'end': 10217.51, 'start': 10215.92}]",0,0,[],[]
10217510,10218320,NA,NOF,0.0,368,CIOCX,NA,NA,NA,NA,0.0,0,-48.87,-37.94,[],0,0,[],[]
10218320,10220520,CHI,CHN,0.0,368,CIOCX,RC,0,NT,FH,1.0,2120,-27.35,-18.38,"[{'Canonical-syllable': '1', 'Growl': '1', 'High-freq-energy': '0', 'Long-island': '0', 'Low-tilt-spectrum': '2', 'Medium-island': '2', 'Short-island': '2', 'Squeal': '0', 'Typical-entropy': '3', 'Voicing-quality': '5', 'Wide-band': '0', 'Xlong-island': '0', 'seq': '1', 'end': 10220.44, 'start': 10218.41}]",0,0,[],[]
10220520,10221380,NA,NON,0.0,368,CIOCX,NA,NA,NA,NA,0.0,0,-36.5,-24.38,[],0,0,[],[]
10221380,10222380,OCH,CXN,0.0,368,CIOCX,RC,0,NT,FI,0.0,0,-17.82,-7.91,[],0,0,[],[]
10222380,10223030,CHI,CHN,0.0,368,CIOCX,RC,0,NT,FI,1.0,390,-19.52,-8.89,"[{'Canonical-syllable': '0', 'Growl': '0', 'High-freq-energy': '0', 'Long-island': '0', 'Low-tilt-spectrum': '0', 'Medium-island': '0', 'Short-island': '0', 'Squeal': '0', 'Typical-entropy': '1', 'Voicing-quality': '1', 'Wide-band': '0', 'Xlong-island': '0', 'seq': '1', 'end': 10222.77, 'start': 10222.66}]",0,0,[],[]
10223030,10224040,CHI,CHN,0.0,368,CIOCX,RC,0,NT,FH,1.0,440,-28.45,-19.82,"[{'Canonical-syllable': '1', 'Growl': '0', 'High-freq-energy': '0', 'Long-island': '0', 'Low-tilt-spectrum': '0', 'Medium-island': '1', 'Short-island': '0', 'Squeal': '0', 'Typical-entropy': '1', 'Voicing-quality': '1', 'Wide-band': '0', 'Xlong-island': '0', 'seq': '1', 'end': 10223.47, 'start': 10223.21}]",0,0,[],[]
10224040,10225180,OCH,CXN,0.0,368,CIOCX,RC,0,NT,FI,0.0,0,-39.56,-33.39,[],0,0,[],[]
10225180,10226500,CHI,CHN,0.0,368,CIOCX,RC,0,NT,FI,1.0,1170,-16.46,-8.33,"[{'Canonical-syllable': '0', 'Growl': '0', 'High-freq-energy': '0', 'Long-island': '0', 'Low-tilt-spectrum': '0', 'Medium-island': '1', 'Short-island': '2', 'Squeal': '0', 'Typical-entropy': '3', 'Voicing-quality': '3', 'Wide-band': '0', 'Xlong-island': '0', 'seq': '1', 'end': 10226.35, 'start': 10225.18}]",0,0,[],[]
10226500,10227690,NA,NOF,0.0,368,CIOCX,NA,NA,NA,NA,0.0,0,-28.24,-10.5,[],0,0,[],[]
10227690,10228820,CHI,CHN,0.0,368,CIOCX,EC,0,NT,FH,1.0,1130,-17.62,-9.78,"[{'Canonical-syllable': '0', 'Growl': '0', 'High-freq-energy': '0', 'Long-island': '0', 'Low-tilt-spectrum': '0', 'Medium-island': '1', 'Short-island': '2', 'Squeal': '0', 'Typical-entropy': '2', 'Voicing-quality': '3', 'Wide-band': '0', 'Xlong-island': '0', 'seq': '1', 'end': 10228.82, 'start': 10227.69}]",0,0,[],[]
10228820,10229620,NA,SIL,0.0,369,pause,NA,NA,NA,NA,0.0,0,-45.01,-34.28,[],0,0,[],[]
10229620,10230920,NA,FAF,0.0,369,pause,NA,NA,NA,NA,0.0,0,-35.88,-19.65,[],0,0,[],[]
10230920,10233330,NA,SIL,0.0,369,pause,NA,NA,NA,NA,0.0,0,-50.32,-43.18,[],0,0,[],[]
10233330,10235390,NA,NOF,0.0,369,pause,NA,NA,NA,NA,0.0,0,-46.27,-33.03,[],0,0,[],[]
10235390,10236320,CHI,CHN,0.0,369,CM,BC,0,NT,FI,1.0,930,-21.65,-12.69,"[{'Canonical-syllable': '0', 'Growl': '0', 'High-freq-energy': '0', 'Long-island': '0', 'Low-tilt-spectrum': '0', 'Medium-island': '0', 'Short-island': '2', 'Squeal': '0', 'Typical-entropy': '2', 'Voicing-quality': '3', 'Wide-band': '1', 'Xlong-island': '0', 'seq': '1', 'end': 10236.32, 'start': 10235.47}]",0,0,[],[]
10236320,10238810,NA,NOF,0.0,369,CM,NA,NA,NA,NA,0.0,0,-43.73,-30.32,[],0,0,[],[]
10238810,10239410,CHI,CHN,0.0,369,CM,RC,0,NT,FH,1.0,600,-21.0,-13.08,"[{'Canonical-syllable': '1', 'Growl': '0', 'High-freq-energy': '1', 'Long-island': '0', 'Low-tilt-spectrum': '0', 'Medium-island': '1', 'Short-island': '0', 'Squeal': '0', 'Typical-entropy': '1', 'Voicing-quality': '1', 'Wide-band': '0', 'Xlong-island': '0', 'seq': '1', 'end': 10239.41, 'start': 10239.05}]",0,0,[],[]
10239410,10241970,NA,NOF,0.0,369,CM,NA,NA,NA,NA,0.0,0,-49.51,-37.59,[],0,0,[],[]
10241970,10243700,CHI,CHN,0.0,369,CM,RC,0,NT,FH,1.0,1730,-17.53,-10.98,"[{'Canonical-syllable': '1', 'Growl': '0', 'High-freq-energy': '0', 'Long-island': '1', 'Low-tilt-spectrum': '0', 'Medium-island': '1', 'Short-island': '0', 'Squeal': '0', 'Typical-entropy': '1', 'Voicing-quality': '2', 'Wide-band': '0', 'Xlong-island': '0', 'seq': '1', 'end': 10243.7, 'start': 10242.1}]",0,0,[],[]
10243700,10245400,NA,NOF,0.0,369,CM,NA,NA,NA,NA,0.0,0,-27.33,-16.22,[],0,0,[],[]
10245400,10247300,NA,OLF,0.0,369,CM,NA,NA,NA,NA,0.0,0,-27.07,-13.86,[],0,0,[],[]
10247300,10248100,NA,SIL,0.0,369,CM,NA,NA,NA,NA,0.0,0,-49.93,-41.16,[],0,0,[],[]
10248100,10249690,CHI,CHN,0.0,369,CM,RC,0,NT,FH,1.0,1240,-25.67,-15.94,"[{'Canonical-syllable': '0', 'Growl': '0', 'High-freq-energy': '0', 'Long-island': '0', 'Low-tilt-spectrum': '1', 'Medium-island': '2', 'Short-island': '1', 'Squeal': '0', 'Typical-entropy': '1', 'Voicing-quality': '3', 'Wide-band': '0', 'Xlong-island': '0', 'seq': '1', 'end': 10249.34, 'start': 10248.1}]",0,0,[],[]
10249690,10250540,NA,SIL,0.0,369,CM,NA,NA,NA,NA,0.0,0,-47.41,-38.26,[],0,0,[],[]
10250540,10251340,NA,FAF,0.0,369,CM,NA,NA,NA,NA,0.0,0,-43.34,-35.45,[],0,0,[],[]
10251340,10252740,NA,SIL,0.0,369,CM,NA,NA,NA,NA,0.0,0,-52.37,-43.63,[],0,0,[],[]
10252740,10253650,CHI,CHN,0.0,369,CM,RC,0,NT,FH,1.0,910,-20.71,-12.75,"[{'Canonical-syllable': '0', 'Growl': '2', 'High-freq-energy': '0', 'Long-island': '0', 'Low-tilt-spectrum': '0', 'Medium-island': '0', 'Short-island': '3', 'Squeal': '0', 'Typical-entropy': '3', 'Voicing-quality': '3', 'Wide-band': '0', 'Xlong-island': '0', 'seq': '1', 'end': 10253.65, 'start': 10252.74}]",0,0,[],[]
10253650,10254450,NA,CHF,0.0,369,CM,RC,0,NT,FH,1.0,240,-40.09,-27.92,"[{'Canonical-syllable': '0', 'Growl': '1', 'High-freq-energy': '0', 'Long-island': '0', 'Low-tilt-spectrum': '0', 'Medium-island': '0', 'Short-island': '1', 'Squeal': '0', 'Typical-entropy': '1', 'Voicing-quality': '1', 'Wide-band': '0', 'Xlong-island': '0', 'seq': '1', 'end': 10253.89, 'start': 10253.65}]",0,0,[],[]
10254450,10255490,CHI,CHN,0.0,369,CM,EC,0,NT,FH,1.0,580,-21.03,-13.02,"[{'Canonical-syllable': '0', 'Growl': '0', 'High-freq-energy': '0', 'Long-island': '0', 'Low-tilt-spectrum': '0', 'Medium-island': '1', 'Short-island': '1', 'Squeal': '0', 'Typical-entropy': '0', 'Voicing-quality': '2', 'Wide-band': '0', 'Xlong-island': '0', 'seq': '1', 'end': 10255.49, 'start': 10254.91}]",0,0,[],[]
10255490,10256500,NA,FAF,0.0,370,pause,NA,NA,NA,NA,0.0,0,-46.43,-39.17,[],0,0,[],[]
10256500,10257500,NA,MAF,0.0,370,pause,NA,NA,NA,NA,0.0,0,-42.54,-35.93,[],0,0,[],[]
10257500,10258610,NA,FAF,0.0,370,pause,NA,NA,NA,NA,0.0,0,-37.18,-22.71,[],0,0,[],[]
10258610,10259410,NA,SIL,0.0,370,pause,NA,NA,NA,NA,0.0,0,-49.32,-43.66,[],0,0,[],[]
10259410,10261000,NA,NOF,0.0,370,pause,NA,NA,NA,NA,0.0,0,-52.66,-45.55,[],0,0,[],[]
10261000,10262090,NA,FAF,0.0,370,pause,NA,NA,NA,NA,0.0,0,-45.14,-40.44,[],0,0,[],[]
10262090,10262910,NA,SIL,0.0,370,pause,NA,NA,NA,NA,0.0,0,-51.22,-44.45,[],0,0,[],[]
10262910,10263910,NA,MAF,0.0,370,pause,NA,NA,NA,NA,0.0,0,-45.07,-38.83,[],0,0,[],[]
10263910,10266310,NA,SIL,0.0,370,pause,NA,NA,NA,NA,0.0,0,-54.84,-45.85,[],0,0,[],[]
10266310,10270120,NA,NOF,0.0,370,pause,NA,NA,NA,NA,0.0,0,-39.54,-18.24,[],0,0,[],[]
10270120,10270730,CHI,CHN,0.0,370,CM,BC,0,NT,FI,1.0,610,-24.35,-17.8,"[{'Canonical-syllable': '0', 'Growl': '0', 'High-freq-energy': '0', 'Long-island': '0', 'Low-tilt-spectrum': '1', 'Medium-island': '1', 'Short-island': '0', 'Squeal': '0', 'Typical-entropy': '1', 'Voicing-quality': '1', 'Wide-band': '0', 'Xlong-island': '0', 'seq': '1', 'end': 10270.73, 'start': 10270.12}]",0,0,[],[]
10270730,10271730,CHI,CHN,0.0,370,CM,RC,0,NT,FH,1.0,1000,-27.46,-20.12,"[{'Canonical-syllable': '0', 'Growl': '0', 'High-freq-energy': '0', 'Long-island': '0', 'Low-tilt-spectrum': '0', 'Medium-island': '2', 'Short-island': '0', 'Squeal': '0', 'Typical-entropy': '0', 'Voicing-quality': '2', 'Wide-band': '0', 'Xlong-island': '0', 'seq': '1', 'end': 10271.73, 'start': 10270.73}]",0,0,[],[]
10271730,10272330,CHI,CHN,0.0,370,CM,RC,0,NT,FH,1.0,600,-27.21,-21.24,"[{'Canonical-syllable': '0', 'Growl': '0', 'High-freq-energy': '0', 'Long-island': '0', 'Low-tilt-spectrum': '0', 'Medium-island': '1', 'Short-island': '0', 'Squeal': '0', 'Typical-entropy': '0', 'Voicing-quality': '1', 'Wide-band': '0', 'Xlong-island': '0', 'seq': '1', 'end': 10272.33, 'start': 10271.73}]",0,0,[],[]
10272330,10275640,NA,NOF,0.0,370,CM,NA,NA,NA,NA,0.0,0,-29.2,-6.93,[],0,0,[],[]
10275640,10276700,CHI,CHN,0.0,370,CM,EC,0,NT,FH,1.0,950,-20.79,-8.68,"[{'Canonical-syllable': '1', 'Growl': '0', 'High-freq-energy': '0', 'Long-island': '0', 'Low-tilt-spectrum': '1', 'Medium-island': '1', 'Short-island': '2', 'Squeal': '0', 'Typical-entropy': '1', 'Voicing-quality': '3', 'Wide-band': '0', 'Xlong-island': '0', 'seq': '1', 'end': 10276.59, 'start': 10275.64}]",0,0,[],[]
10276700,10285210,NA,SIL,0.0,371,pause,NA,NA,NA,NA,0.0,0,-43.66,-35.21,[],0,0,[],[]
10285210,10286390,CHI,CHN,0.0,371,CIC,BC,0,NT,FI,1.0,1100,-23.33,-15.54,"[{'Canonical-syllable': '0', 'Growl': '0', 'High-freq-energy': '0', 'Long-island': '0', 'Low-tilt-spectrum': '0', 'Medium-island': '2', 'Short-island': '1', 'Squeal': '0', 'Typical-entropy': '1', 'Voicing-quality': '3', 'Wide-band': '0', 'Xlong-island': '0', 'seq': '1', 'end': 10286.31, 'start': 10285.21}]",0,0,[],[]
10286390,10291130,NA,SIL,0.0,371,CIC,NA,NA,NA,NA,0.0,0,-43.28,-34.59,[],0,0,[],[]
10291130,10293000,CHI,CHN,0.0,371,CIC,RC,0,NT,FH,2.0,1520,-26.8,-17.98,"[{'Canonical-syllable': '1', 'Growl': '0', 'High-freq-energy': '0', 'Long-island': '0', 'Low-tilt-spectrum': '0', 'Medium-island': '1', 'Short-island': '0', 'Squeal': '0', 'Typical-entropy': '1', 'Voicing-quality': '1', 'Wide-band': '0', 'Xlong-island': '0', 'seq': '1', 'end': 10291.55, 'start': 10291.24}, {'Canonical-syllable': '1', 'Growl': '2', 'High-freq-energy': '0', 'Long-island': '0', 'Low-tilt-spectrum': '1', 'Medium-island': '0', 'Short-island': '2', 'Squeal': '0', 'Typical-entropy': '2', 'Voicing-quality': '2', 'Wide-band': '0', 'Xlong-island': '0', 'seq': '2', 'end': 10293.0, 'start': 10291.9}]",0,0,[],[]
10293000,10293800,OCH,CXN,0.0,371,CIC,RC,0,NT,FI,0.0,0,-25.39,-19.02,[],0,0,[],[]
10293800,10295890,CHI,CHN,0.0,371,CIC,RC,0,TIFI,FI,1.0,2090,-19.73,-10.71,"[{'Canonical-syllable': '1', 'Growl': '0', 'High-freq-energy': '0', 'Long-island': '1', 'Low-tilt-spectrum': '2', 'Medium-island': '1', 'Short-island': '2', 'Squeal': '0', 'Typical-entropy': '3', 'Voicing-quality': '4', 'Wide-band': '0', 'Xlong-island': '0', 'seq': '1', 'end': 10295.89, 'start': 10293.89}]",0,0,[],[]
10295890,10297850,NA,NOF,0.0,371,CIC,NA,NA,NA,NA,0.0,0,-41.9,-38.99,[],0,0,[],[]
10297850,10299870,NA,OLF,0.0,371,CIC,NA,NA,NA,NA,0.0,0,-30.58,-13.99,[],0,0,[],[]
10299870,10301140,FEM,FAN,2.45,371,CIC,RC,1,TIFR,FI,0.0,0,-37.54,-29.74,[],0,0,[],[]
10301140,10303450,NA,NOF,0.0,371,CIC,NA,NA,NA,NA,0.0,0,-41.69,-36.46,[],0,0,[],[]
10303450,10304450,FEM,FAN,3.76,371,CIC,EC,1,NT,FH,0.0,0,-37.73,-32.64,[],0,0,[],[]
10304450,10309720,NA,NOF,0.0,372,pause,NA,NA,NA,NA,0.0,0,-37.39,-19.58,[],0,0,[],[]
10309720,10310720,NA,FAF,0.0,372,pause,NA,NA,NA,NA,0.0,0,-42.19,-37.88,[],0,0,[],[]
10310720,10312170,NA,NOF,0.0,372,pause,NA,NA,NA,NA,0.0,0,-39.76,-26.45,[],0,0,[],[]
10312170,10313290,NA,SIL,0.0,372,pause,NA,NA,NA,NA,0.0,0,-44.38,-35.12,[],0,0,[],[]
10313290,10315650,NA,NOF,0.0,372,pause,NA,NA,NA,NA,0.0,0,-38.12,-23.28,[],0,0,[],[]
10315650,10316940,OCH,CXN,0.0,372,XIOCC,BC,0,NT,FI,0.0,0,-32.1,-18.79,[],0,0,[],[]
10316940,10317780,NA,NOF,0.0,372,XIOCC,NA,NA,NA,NA,0.0,0,-29.44,-19.01,[],0,0,[],[]
10317780,10318810,NA,OLN,0.0,372,XIOCC,NA,NA,NA,NA,0.0,0,-35.91,-23.47,[],0,0,[],[]
10318810,10319850,CHI,CHN,0.0,372,XIOCC,EC,0,NT,FI,1.0,570,-22.43,-13.45,"[{'Canonical-syllable': '0', 'Growl': '0', 'High-freq-energy': '0', 'Long-island': '0', 'Low-tilt-spectrum': '0', 'Medium-island': '1', 'Short-island': '0', 'Squeal': '0', 'Typical-entropy': '1', 'Voicing-quality': '1', 'Wide-band': '0', 'Xlong-island': '0', 'seq': '1', 'end': 10319.38, 'start': 10318.81}]",0,0,[],[]
10319850,10325670,NA,NOF,0.0,373,pause,NA,NA,NA,NA,0.0,0,-41.81,-31.79,[],0,0,[],[]
10325670,10328300,CHI,CHN,0.0,373,pause,NA,NA,NA,NA,0.0,0,-16.9,-2.14,[],0,2630,"[{'start': 10325.67, 'end': 10328.3}]",[]
10328300,10329350,NA,OLN,0.0,373,pause,NA,NA,NA,NA,0.0,0,-35.22,-25.36,[],0,0,[],[]
10329350,10330760,NA,FAF,0.0,373,pause,NA,NA,NA,NA,0.0,0,-43.98,-38.59,[],0,0,[],[]
10330760,10333030,NA,SIL,0.0,373,pause,NA,NA,NA,NA,0.0,0,-46.67,-41.7,[],0,0,[],[]
10333030,10333830,NA,CHF,0.0,373,pause,NA,NA,NA,NA,0.0,0,-37.15,-24.7,[],0,160,[],"[{'start': 10333.27, 'end': 10333.43}]"
10333830,10336080,NA,OLN,0.0,373,pause,NA,NA,NA,NA,0.0,0,-36.15,-24.31,[],0,0,[],[]
10336080,10336880,NA,SIL,0.0,373,pause,NA,NA,NA,NA,0.0,0,-45.6,-35.54,[],0,0,[],[]
10336880,10338040,NA,FAF,0.0,373,pause,NA,NA,NA,NA,0.0,0,-44.86,-40.3,[],0,0,[],[]
10338040,10339460,NA,SIL,0.0,373,pause,NA,NA,NA,NA,0.0,0,-48.44,-39.85,[],0,0,[],[]
10339460,10340290,NA,NOF,0.0,373,pause,NA,NA,NA,NA,0.0,0,-43.68,-34.79,[],0,0,[],[]
10340290,10340890,CHI,CHN,0.0,373,CM,BC,0,NT,FI,1.0,330,-24.89,-16.23,"[{'Canonical-syllable': '0', 'Growl': '1', 'High-freq-energy': '0', 'Long-island': '0', 'Low-tilt-spectrum': '0', 'Medium-island': '0', 'Short-island': '1', 'Squeal': '0', 'Typical-entropy': '1', 'Voicing-quality': '1', 'Wide-band': '0', 'Xlong-island': '0', 'seq': '1', 'end': 10340.62, 'start': 10340.42}]",0,0,[],[]
10340890,10342020,NA,NOF,0.0,373,CM,NA,NA,NA,NA,0.0,0,-45.26,-32.98,[],0,0,[],[]
10342020,10343100,CHI,CHN,0.0,373,CM,RC,0,NT,FH,1.0,1080,-17.01,-10.45,"[{'Canonical-syllable': '1', 'Growl': '1', 'High-freq-energy': '1', 'Long-island': '0', 'Low-tilt-spectrum': '1', 'Medium-island': '1', 'Short-island': '2', 'Squeal': '0', 'Typical-entropy': '2', 'Voicing-quality': '3', 'Wide-band': '0', 'Xlong-island': '0', 'seq': '1', 'end': 10343.1, 'start': 10342.02}]",0,0,[],[]
10343100,10343900,NA,OLN,0.0,373,CM,NA,NA,NA,NA,0.0,0,-22.48,-11.06,[],0,0,[],[]
10343900,10345080,CHI,CHN,0.0,373,CM,EC,0,NT,FH,1.0,1180,-18.21,-11.22,"[{'Canonical-syllable': '1', 'Growl': '0', 'High-freq-energy': '0', 'Long-island': '0', 'Low-tilt-spectrum': '1', 'Medium-island': '2', 'Short-island': '0', 'Squeal': '0', 'Typical-entropy': '2', 'Voicing-quality': '3', 'Wide-band': '0', 'Xlong-island': '0', 'seq': '1', 'end': 10345.08, 'start': 10344.07}]",0,0,[],[]
10345080,10346180,NA,OLF,0.0,374,pause,NA,NA,NA,NA,0.0,0,-38.58,-32.09,[],0,0,[],[]
10346180,10354710,NA,NOF,0.0,374,pause,NA,NA,NA,NA,0.0,0,-25.98,-6.87,[],0,0,[],[]
10354710,10355310,CHI,CHN,0.0,374,CM,BC,0,NT,FI,1.0,600,-16.16,-10.91,"[{'Canonical-syllable': '0', 'Growl': '0', 'High-freq-energy': '0', 'Long-island': '0', 'Low-tilt-spectrum': '0', 'Medium-island': '1', 'Short-island': '0', 'Squeal': '0', 'Typical-entropy': '1', 'Voicing-quality': '1', 'Wide-band': '0', 'Xlong-island': '0', 'seq': '1', 'end': 10355.31, 'start': 10354.71}]",0,0,[],[]
10355310,10356320,CHI,CHN,0.0,374,CM,EC,0,NT,FH,1.0,830,-26.83,-16.31,"[{'Canonical-syllable': '1', 'Growl': '0', 'High-freq-energy': '0', 'Long-island': '0', 'Low-tilt-spectrum': '2', 'Medium-island': '1', 'Short-island': '1', 'Squeal': '0', 'Typical-entropy': '2', 'Voicing-quality': '2', 'Wide-band': '1', 'Xlong-island': '0', 'seq': '1', 'end': 10356.14, 'start': 10355.39}]",0,0,[],[]
10356320,10358870,NA,NOF,0.0,375,pause,NA,NA,NA,NA,0.0,0,-38.88,-23.78,[],0,0,[],[]
10358870,10360230,NA,FAF,0.0,375,pause,NA,NA,NA,NA,0.0,0,-41.04,-33.23,[],0,0,[],[]
10360230,10360830,FEM,FAN,0.0,375,pause,NA,NA,NA,NA,0.0,0,-37.83,-30.33,[],600,0,[],[]
10360830,10362490,NA,FAF,0.0,375,pause,NA,NA,NA,NA,0.0,0,-39.77,-29.29,[],0,0,[],[]
10362490,10365610,NA,NOF,0.0,375,pause,NA,NA,NA,NA,0.0,0,-37.68,-20.14,[],0,0,[],[]
10365610,10366520,NA,SIL,0.0,375,pause,NA,NA,NA,NA,0.0,0,-45.04,-43.12,[],0,0,[],[]
10366520,10367250,CHI,CHN,0.0,375,CM,EC,0,NT,FI,1.0,590,-20.04,-12.57,"[{'Canonical-syllable': '0', 'Growl': '0', 'High-freq-energy': '0', 'Long-island': '0', 'Low-tilt-spectrum': '0', 'Medium-island': '1', 'Short-island': '0', 'Squeal': '0', 'Typical-entropy': '1', 'Voicing-quality': '1', 'Wide-band': '0', 'Xlong-island': '0', 'seq': '1', 'end': 10367.11, 'start': 10366.81}]",0,0,[],[]
10367250,10369900,NA,NOF,0.0,376,pause,NA,NA,NA,NA,0.0,0,-38.44,-18.46,[],0,0,[],[]
10369900,10370990,NA,SIL,0.0,376,pause,NA,NA,NA,NA,0.0,0,-42.16,-39.21,[],0,0,[],[]
10370990,10375420,NA,NOF,0.0,376,pause,NA,NA,NA,NA,0.0,0,-41.87,-29.0,[],0,0,[],[]
10375420,10376260,NA,SIL,0.0,376,pause,NA,NA,NA,NA,0.0,0,-44.87,-42.45,[],0,0,[],[]
10376260,10377010,CHI,CHN,0.0,376,CM,EC,0,NT,FI,1.0,750,-21.09,-14.64,"[{'Canonical-syllable': '0', 'Growl': '0', 'High-freq-energy': '0', 'Long-island': '0', 'Low-tilt-spectrum': '1', 'Medium-island': '1', 'Short-island': '1', 'Squeal': '0', 'Typical-entropy': '2', 'Voicing-quality': '2', 'Wide-band': '0', 'Xlong-island': '0', 'seq': '1', 'end': 10377.01, 'start': 10376.26}]",0,0,[],[]
10377010,10377810,NA,FAF,0.0,377,pause,NA,NA,NA,NA,0.0,0,-38.41,-32.96,[],0,0,[],[]
10377810,10382040,NA,NOF,0.0,377,pause,NA,NA,NA,NA,0.0,0,-43.78,-33.55,[],0,0,[],[]
10382040,10383110,CHI,CHN,0.0,377,CM,BC,0,NT,FI,1.0,1070,-14.85,-5.21,"[{'Canonical-syllable': '1', 'Growl': '0', 'High-freq-energy': '0', 'Long-island': '0', 'Low-tilt-spectrum': '1', 'Medium-island': '2', 'Short-island': '0', 'Squeal': '0', 'Typical-entropy': '2', 'Voicing-quality': '2', 'Wide-band': '0', 'Xlong-island': '0', 'seq': '1', 'end': 10383.11, 'start': 10382.04}]",0,0,[],[]
10383110,10383910,NA,OLF,0.0,377,CM,NA,NA,NA,NA,0.0,0,-32.5,-23.51,[],0,0,[],[]
10383910,10384640,CHI,CHN,0.0,377,CM,EC,0,NT,FH,1.0,570,-20.69,-12.79,"[{'Canonical-syllable': '1', 'Growl': '0', 'High-freq-energy': '0', 'Long-island': '0', 'Low-tilt-spectrum': '0', 'Medium-island': '0', 'Short-island': '2', 'Squeal': '0', 'Typical-entropy': '1', 'Voicing-quality': '2', 'Wide-band': '0', 'Xlong-island': '0', 'seq': '1', 'end': 10384.48, 'start': 10383.91}]",0,0,[],[]
10384640,10393860,NA,NOF,0.0,378,pause,NA,NA,NA,NA,0.0,0,-42.88,-31.72,[],0,0,[],[]
10393860,10394660,NA,SIL,0.0,378,pause,NA,NA,NA,NA,0.0,0,-43.82,-40.06,[],0,0,[],[]
10394660,10396980,NA,NOF,0.0,378,pause,NA,NA,NA,NA,0.0,0,-42.55,-38.65,[],0,0,[],[]
10396980,10398340,CHI,CHN,0.0,378,CM,EC,0,NT,FI,1.0,1020,-21.77,-10.89,"[{'Canonical-syllable': '0', 'Growl': '1', 'High-freq-energy': '0', 'Long-island': '0', 'Low-tilt-spectrum': '1', 'Medium-island': '0', 'Short-island': '3', 'Squeal': '0', 'Typical-entropy': '2', 'Voicing-quality': '3', 'Wide-band': '0', 'Xlong-island': '0', 'seq': '1', 'end': 10398.0, 'start': 10396.98}]",0,0,[],[]
10398340,10399730,NA,SIL,0.0,379,pause,NA,NA,NA,NA,0.0,0,-42.87,-39.72,[],0,0,[],[]
10399730,10403740,NA,NOF,0.0,379,pause,NA,NA,NA,NA,0.0,0,-40.11,-27.8,[],0,0,[],[]
10403740,10404580,NA,SIL,0.0,379,pause,NA,NA,NA,NA,0.0,0,-41.35,-29.43,[],0,0,[],[]
10404580,10407900,NA,NOF,0.0,379,pause,NA,NA,NA,NA,0.0,0,-25.43,-8.62,[],0,0,[],[]
10407900,10408760,NA,OLF,0.0,379,pause,NA,NA,NA,NA,0.0,0,-20.68,-13.12,[],0,0,[],[]
10408760,10412410,NA,NOF,0.0,379,pause,NA,NA,NA,NA,0.0,0,-34.64,-19.68,[],0,0,[],[]
10412410,10413230,NA,OLF,0.0,379,pause,NA,NA,NA,NA,0.0,0,-34.17,-22.68,[],0,0,[],[]
10413230,10414340,NA,NOF,0.0,379,pause,NA,NA,NA,NA,0.0,0,-31.62,-14.48,[],0,0,[],[]
10414340,10415620,CHI,CHN,0.0,379,CIC,BC,0,NT,FI,1.0,1130,-20.57,-12.9,"[{'Canonical-syllable': '2', 'Growl': '1', 'High-freq-energy': '0', 'Long-island': '0', 'Low-tilt-spectrum': '0', 'Medium-island': '0', 'Short-island': '4', 'Squeal': '0', 'Typical-entropy': '4', 'Voicing-quality': '4', 'Wide-band': '0', 'Xlong-island': '0', 'seq': '1', 'end': 10415.47, 'start': 10414.34}]",0,0,[],[]
10415620,10416940,NA,SIL,0.0,379,CIC,NA,NA,NA,NA,0.0,0,-44.12,-42.0,[],0,0,[],[]
10416940,10418420,NA,NOF,0.0,379,CIC,NA,NA,NA,NA,0.0,0,-42.61,-33.89,[],0,0,[],[]
10418420,10419460,CHI,CHN,0.0,379,CIC,RC,0,NT,FH,1.0,130,-29.66,-18.4,"[{'Canonical-syllable': '0', 'Growl': '0', 'High-freq-energy': '0', 'Long-island': '0', 'Low-tilt-spectrum': '0', 'Medium-island': '0', 'Short-island': '1', 'Squeal': '0', 'Typical-entropy': '1', 'Voicing-quality': '1', 'Wide-band': '0', 'Xlong-island': '0', 'seq': '1', 'end': 10419.33, 'start': 10419.2}]",0,0,[],[]
10419460,10420280,CHI,CHN,0.0,379,CIC,RC,0,NT,FH,1.0,820,-20.66,-12.31,"[{'Canonical-syllable': '1', 'Growl': '0', 'High-freq-energy': '0', 'Long-island': '0', 'Low-tilt-spectrum': '2', 'Medium-island': '1', 'Short-island': '1', 'Squeal': '0', 'Typical-entropy': '2', 'Voicing-quality': '2', 'Wide-band': '0', 'Xlong-island': '0', 'seq': '1', 'end': 10420.28, 'start': 10419.46}]",0,0,[],[]
10420280,10422360,NA,NOF,0.0,379,CIC,NA,NA,NA,NA,0.0,0,-40.44,-32.94,[],0,0,[],[]
10422360,10423630,CHI,CHN,0.0,379,CIC,RC,0,TIFI,FH,1.0,1270,-17.99,-9.98,"[{'Canonical-syllable': '1', 'Growl': '0', 'High-freq-energy': '1', 'Long-island': '0', 'Low-tilt-spectrum': '2', 'Medium-island': '1', 'Short-island': '2', 'Squeal': '0', 'Typical-entropy': '4', 'Voicing-quality': '4', 'Wide-band': '0', 'Xlong-island': '0', 'seq': '1', 'end': 10423.63, 'start': 10422.36}]",0,0,[],[]
10423630,10424590,NA,SIL,0.0,379,CIC,NA,NA,NA,NA,0.0,0,-42.78,-28.06,[],0,0,[],[]
10424590,10425590,FEM,FAN,8.45,379,CIC,RC,1,TIFR,FI,0.0,0,-35.76,-28.52,[],0,0,[],[]
10425590,10426490,NA,NOF,0.0,379,CIC,NA,NA,NA,NA,0.0,0,-44.98,-42.93,[],0,0,[],[]
10426490,10427300,NA,SIL,0.0,379,CIC,NA,NA,NA,NA,0.0,0,-45.05,-41.81,[],0,0,[],[]
10427300,10428800,NA,NOF,0.0,379,CIC,NA,NA,NA,NA,0.0,0,-38.48,-27.24,[],0,0,[],[]
10428800,10429400,CHI,CHN,0.0,379,CIC,RC,1,TIFE,FI,1.0,390,-25.97,-14.93,"[{'Canonical-syllable': '0', 'Growl': '0', 'High-freq-energy': '0', 'Long-island': '0', 'Low-tilt-spectrum': '1', 'Medium-island': '1', 'Short-island': '0', 'Squeal': '0', 'Typical-entropy': '1', 'Voicing-quality': '1', 'Wide-band': '1', 'Xlong-island': '0', 'seq': '1', 'end': 10429.19, 'start': 10428.8}]",0,0,[],[]
10429400,10432250,NA,NOF,0.0,379,CIC,NA,NA,NA,NA,0.0,0,-42.64,-26.13,[],0,0,[],[]
10432250,10432850,CHI,CHN,0.0,379,CIC,EC,1,NT,FH,1.0,330,-18.91,-11.32,"[{'Canonical-syllable': '1', 'Growl': '0', 'High-freq-energy': '1', 'Long-island': '0', 'Low-tilt-spectrum': '1', 'Medium-island': '0', 'Short-island': '1', 'Squeal': '0', 'Typical-entropy': '1', 'Voicing-quality': '1', 'Wide-band': '0', 'Xlong-island': '0', 'seq': '1', 'end': 10432.58, 'start': 10432.38}]",0,0,[],[]
10432850,10435190,NA,NOF,0.0,380,pause,NA,NA,NA,NA,0.0,0,-41.14,-25.81,[],0,0,[],[]
10435190,10435990,NA,SIL,0.0,380,pause,NA,NA,NA,NA,0.0,0,-45.49,-40.81,[],0,0,[],[]
10435990,10436790,NA,FAF,0.0,380,pause,NA,NA,NA,NA,0.0,0,-43.61,-37.87,[],0,0,[],[]
10436790,10438020,NA,SIL,0.0,380,pause,NA,NA,NA,NA,0.0,0,-45.67,-43.28,[],0,0,[],[]
10438020,10451060,NA,NOF,0.0,380,pause,NA,NA,NA,NA,0.0,0,-30.89,-6.01,[],0,0,[],[]
10451060,10451880,NA,SIL,0.0,380,pause,NA,NA,NA,NA,0.0,0,-45.88,-43.51,[],0,0,[],[]
10451880,10453660,NA,NOF,0.0,380,pause,NA,NA,NA,NA,0.0,0,-44.05,-39.12,[],0,0,[],[]
10453660,10454460,NA,SIL,0.0,380,pause,NA,NA,NA,NA,0.0,0,-45.25,-39.85,[],0,0,[],[]
10454460,10456400,NA,NOF,0.0,380,pause,NA,NA,NA,NA,0.0,0,-40.78,-31.54,[],0,0,[],[]
10456400,10457080,CHI,CHN,0.0,380,CIC,BC,0,NT,FI,1.0,360,-17.22,-7.22,"[{'Canonical-syllable': '1', 'Growl': '0', 'High-freq-energy': '0', 'Long-island': '0', 'Low-tilt-spectrum': '0', 'Medium-island': '1', 'Short-island': '0', 'Squeal': '0', 'Typical-entropy': '0', 'Voicing-quality': '1', 'Wide-band': '0', 'Xlong-island': '0', 'seq': '1', 'end': 10456.76, 'start': 10456.4}]",0,0,[],[]
10457080,10458130,NA,NOF,0.0,380,CIC,NA,NA,NA,NA,0.0,0,-41.48,-32.67,[],0,0,[],[]
10458130,10459470,CHI,CHN,0.0,380,CIC,RC,0,NT,FH,2.0,1000,-16.99,-9.06,"[{'Canonical-syllable': '0', 'Growl': '0', 'High-freq-energy': '0', 'Long-island': '0', 'Low-tilt-spectrum': '1', 'Medium-island': '0', 'Short-island': '2', 'Squeal': '0', 'Typical-entropy': '0', 'Voicing-quality': '2', 'Wide-band': '0', 'Xlong-island': '0', 'seq': '1', 'end': 10458.82, 'start': 10458.13}, {'Canonical-syllable': '1', 'Growl': '0', 'High-freq-energy': '0', 'Long-island': '0', 'Low-tilt-spectrum': '0', 'Medium-island': '1', 'Short-island': '0', 'Squeal': '0', 'Typical-entropy': '0', 'Voicing-quality': '1', 'Wide-band': '0', 'Xlong-island': '0', 'seq': '2', 'end': 10459.47, 'start': 10459.16}]",0,0,[],[]
10459470,10460470,CHI,CHN,0.0,380,CIC,RC,0,NT,FH,1.0,390,-18.29,-9.71,"[{'Canonical-syllable': '0', 'Growl': '0', 'High-freq-energy': '0', 'Long-island': '0', 'Low-tilt-spectrum': '0', 'Medium-island': '1', 'Short-island': '0', 'Squeal': '0', 'Typical-entropy': '0', 'Voicing-quality': '1', 'Wide-band': '0', 'Xlong-island': '0', 'seq': '1', 'end': 10460.32, 'start': 10459.93}]",0,0,[],[]
10460470,10461070,CHI,CHN,0.0,380,CIC,RC,0,NT,FH,1.0,490,-18.52,-12.62,"[{'Canonical-syllable': '0', 'Growl': '0', 'High-freq-energy': '0', 'Long-island': '0', 'Low-tilt-spectrum': '0', 'Medium-island': '1', 'Short-island': '0', 'Squeal': '0', 'Typical-entropy': '1', 'Voicing-quality': '1', 'Wide-band': '0', 'Xlong-island': '0', 'seq': '1', 'end': 10460.96, 'start': 10460.6}]",0,0,[],[]
10461070,10463260,NA,NOF,0.0,380,CIC,NA,NA,NA,NA,0.0,0,-35.69,-20.33,[],0,0,[],[]
10463260,10464790,NA,FAF,0.0,380,CIC,NA,NA,NA,NA,0.0,0,-36.51,-23.06,[],0,0,[],[]
10464790,10465760,CHI,CHN,0.0,380,CIC,RC,0,NT,FH,1.0,970,-22.62,-13.04,"[{'Canonical-syllable': '0', 'Growl': '0', 'High-freq-energy': '0', 'Long-island': '0', 'Low-tilt-spectrum': '0', 'Medium-island': '0', 'Short-island': '2', 'Squeal': '1', 'Typical-entropy': '2', 'Voicing-quality': '3', 'Wide-band': '0', 'Xlong-island': '0', 'seq': '1', 'end': 10465.76, 'start': 10464.79}]",0,0,[],[]
10465760,10466730,NA,OLN,0.0,380,CIC,NA,NA,NA,NA,0.0,0,-16.03,-11.2,[],0,0,[],[]
10466730,10468120,CHI,CHN,0.0,380,CIC,NA,NA,NA,NA,0.0,0,-15.63,-4.08,[],0,1390,"[{'start': 10466.73, 'end': 10468.12}]",[]
10468120,10469100,NA,NOF,0.0,380,CIC,NA,NA,NA,NA,0.0,0,-18.66,-4.64,[],0,0,[],[]
10469100,10469700,FEM,FAN,0.0,380,CIC,NA,NA,NA,NA,0.0,0,-27.75,-24.75,[],600,0,[],[]
10469700,10470540,NA,OLF,0.0,380,CIC,NA,NA,NA,NA,0.0,0,-34.95,-25.72,[],0,0,[],[]
10470540,10471780,CHI,CHN,0.0,380,CIC,RC,0,NT,FH,2.0,850,-21.6,-10.41,"[{'Canonical-syllable': '0', 'Growl': '1', 'High-freq-energy': '0', 'Long-island': '0', 'Low-tilt-spectrum': '0', 'Medium-island': '0', 'Short-island': '1', 'Squeal': '0', 'Typical-entropy': '1', 'Voicing-quality': '1', 'Wide-band': '0', 'Xlong-island': '0', 'seq': '1', 'end': 10470.79, 'start': 10470.54}, {'Canonical-syllable': '1', 'Growl': '0', 'High-freq-energy': '0', 'Long-island': '0', 'Low-tilt-spectrum': '0', 'Medium-island': '1', 'Short-island': '0', 'Squeal': '0', 'Typical-entropy': '1', 'Voicing-quality': '1', 'Wide-band': '0', 'Xlong-island': '0', 'seq': '2', 'end': 10471.78, 'start': 10471.18}]",0,0,[],[]
10471780,10473390,NA,NOF,0.0,380,CIC,NA,NA,NA,NA,0.0,0,-37.69,-28.86,[],0,0,[],[]
10473390,10474710,CHI,CHN,0.0,380,CIC,RC,0,TIFI,FH,1.0,1060,-20.08,-12.51,"[{'Canonical-syllable': '0', 'Growl': '0', 'High-freq-energy': '0', 'Long-island': '1', 'Low-tilt-spectrum': '0', 'Medium-island': '0', 'Short-island': '1', 'Squeal': '0', 'Typical-entropy': '0', 'Voicing-quality': '2', 'Wide-band': '0', 'Xlong-island': '0', 'seq': '1', 'end': 10474.45, 'start': 10473.39}]",0,0,[],[]
10474710,10475820,NA,NOF,0.0,380,CIC,NA,NA,NA,NA,0.0,0,-42.75,-29.7,[],0,0,[],[]
10475820,10477900,FEM,FAN,6.07,380,CIC,EC,1,TIFR,FI,0.0,0,-37.69,-29.26,[],0,0,[],[]
10477900,10480820,NA,SIL,0.0,381,pause,NA,NA,NA,NA,0.0,0,-45.88,-40.53,[],0,0,[],[]
10480820,10481840,NA,FAF,0.0,381,pause,NA,NA,NA,NA,0.0,0,-40.48,-35.49,[],0,0,[],[]
10481840,10485630,NA,SIL,0.0,381,pause,NA,NA,NA,NA,0.0,0,-46.28,-40.59,[],0,0,[],[]
10485630,10487030,NA,NOF,0.0,381,pause,NA,NA,NA,NA,0.0,0,-43.43,-34.45,[],0,0,[],[]
10487030,10487830,NA,SIL,0.0,381,pause,NA,NA,NA,NA,0.0,0,-44.52,-42.18,[],0,0,[],[]
10487830,10491320,NA,NOF,0.0,381,pause,NA,NA,NA,NA,0.0,0,-45.28,-38.33,[],0,0,[],[]
10491320,10492310,NA,OLN,0.0,381,pause,NA,NA,NA,NA,0.0,0,-23.76,-15.4,[],0,0,[],[]
10492310,10494080,NA,NOF,0.0,381,pause,NA,NA,NA,NA,0.0,0,-37.67,-22.99,[],0,0,[],[]
10494080,10495310,CHI,CHN,0.0,381,CIOCX,BC,0,NT,FI,1.0,1120,-19.47,-12.29,"[{'Canonical-syllable': '1', 'Growl': '0', 'High-freq-energy': '0', 'Long-island': '0', 'Low-tilt-spectrum': '0', 'Medium-island': '1', 'Short-island': '2', 'Squeal': '0', 'Typical-entropy': '0', 'Voicing-quality': '3', 'Wide-band': '0', 'Xlong-island': '0', 'seq': '1', 'end': 10495.2, 'start': 10494.08}]",0,0,[],[]
10495310,10496410,CHI,CHN,0.0,381,CIOCX,RC,0,NT,FH,2.0,620,-26.47,-16.97,"[{'Canonical-syllable': '0', 'Growl': '1', 'High-freq-energy': '0', 'Long-island': '0', 'Low-tilt-spectrum': '0', 'Medium-island': '0', 'Short-island': '1', 'Squeal': '0', 'Typical-entropy': '1', 'Voicing-quality': '1', 'Wide-band': '1', 'Xlong-island': '0', 'seq': '1', 'end': 10495.61, 'start': 10495.31}, {'Canonical-syllable': '0', 'Growl': '1', 'High-freq-energy': '0', 'Long-island': '0', 'Low-tilt-spectrum': '0', 'Medium-island': '0', 'Short-island': '0', 'Squeal': '0', 'Typical-entropy': '0', 'Voicing-quality': '2', 'Wide-band': '0', 'Xlong-island': '0', 'seq': '2', 'end': 10496.41, 'start': 10496.09}]",0,0,[],[]
10496410,10497410,CHI,CHN,0.0,381,CIOCX,RC,0,NT,FH,1.0,630,-22.92,-15.31,"[{'Canonical-syllable': '1', 'Growl': '0', 'High-freq-energy': '0', 'Long-island': '0', 'Low-tilt-spectrum': '0', 'Medium-island': '1', 'Short-island': '1', 'Squeal': '0', 'Typical-entropy': '0', 'Voicing-quality': '2', 'Wide-band': '0', 'Xlong-island': '0', 'seq': '1', 'end': 10497.04, 'start': 10496.41}]",0,0,[],[]
10497410,10498010,CHI,CHN,0.0,381,CIOCX,RC,0,NT,FH,1.0,600,-25.36,-20.15,"[{'Canonical-syllable': '0', 'Growl': '0', 'High-freq-energy': '0', 'Long-island': '0', 'Low-tilt-spectrum': '0', 'Medium-island': '1', 'Short-island': '0', 'Squeal': '0', 'Typical-entropy': '1', 'Voicing-quality': '1', 'Wide-band': '0', 'Xlong-island': '0', 'seq': '1', 'end': 10498.01, 'start': 10497.41}]",0,0,[],[]
10498010,10499630,NA,OLF,0.0,381,CIOCX,NA,NA,NA,NA,0.0,0,-39.63,-33.47,[],0,0,[],[]
10499630,10500550,NA,NOF,0.0,381,CIOCX,NA,NA,NA,NA,0.0,0,-42.67,-38.25,[],0,0,[],[]
10500550,10501570,CHI,CHN,0.0,381,CIOCX,RC,0,NT,FH,1.0,1020,-22.04,-14.66,"[{'Canonical-syllable': '2', 'Growl': '0', 'High-freq-energy': '0', 'Long-island': '0', 'Low-tilt-spectrum': '1', 'Medium-island': '0', 'Short-island': '3', 'Squeal': '0', 'Typical-entropy': '1', 'Voicing-quality': '3', 'Wide-band': '0', 'Xlong-island': '0', 'seq': '1', 'end': 10501.57, 'start': 10500.55}]",0,0,[],[]
10501570,10503720,NA,NOF,0.0,381,CIOCX,NA,NA,NA,NA,0.0,0,-39.76,-31.07,[],0,0,[],[]
10503720,10504350,CHI,CHN,0.0,381,CIOCX,RC,0,NT,FH,1.0,630,-22.46,-11.86,"[{'Canonical-syllable': '0', 'Growl': '1', 'High-freq-energy': '0', 'Long-island': '0', 'Low-tilt-spectrum': '0', 'Medium-island': '0', 'Short-island': '1', 'Squeal': '0', 'Typical-entropy': '0', 'Voicing-quality': '2', 'Wide-band': '0', 'Xlong-island': '0', 'seq': '1', 'end': 10504.35, 'start': 10503.72}]",0,0,[],[]
10504350,10505150,CHI,CHN,0.0,381,CIOCX,RC,0,NT,FH,1.0,520,-22.16,-8.46,"[{'Canonical-syllable': '0', 'Growl': '1', 'High-freq-energy': '0', 'Long-island': '0', 'Low-tilt-spectrum': '2', 'Medium-island': '0', 'Short-island': '2', 'Squeal': '0', 'Typical-entropy': '2', 'Voicing-quality': '2', 'Wide-band': '0', 'Xlong-island': '0', 'seq': '1', 'end': 10504.87, 'start': 10504.35}]",0,0,[],[]
10505150,10507380,NA,NOF,0.0,381,CIOCX,NA,NA,NA,NA,0.0,0,-32.19,-15.31,[],0,0,[],[]
10507380,10508420,CHI,CHN,0.0,381,CIOCX,RC,0,NT,FH,1.0,510,-22.16,-7.97,"[{'Canonical-syllable': '0', 'Growl': '0', 'High-freq-energy': '0', 'Long-island': '0', 'Low-tilt-spectrum': '0', 'Medium-island': '1', 'Short-island': '0', 'Squeal': '0', 'Typical-entropy': '1', 'Voicing-quality': '1', 'Wide-band': '0', 'Xlong-island': '0', 'seq': '1', 'end': 10508.42, 'start': 10507.91}]",0,0,[],[]
10508420,10510010,NA,OLF,0.0,381,CIOCX,NA,NA,NA,NA,0.0,0,-32.73,-21.95,[],0,0,[],[]
10510010,10510890,NA,NOF,0.0,381,CIOCX,NA,NA,NA,NA,0.0,0,-30.83,-12.92,[],0,0,[],[]
10510890,10511490,CHI,CHN,0.0,381,CIOCX,RC,0,NT,FH,1.0,500,-31.37,-23.07,"[{'Canonical-syllable': '0', 'Growl': '1', 'High-freq-energy': '0', 'Long-island': '0', 'Low-tilt-spectrum': '1', 'Medium-island': '1', 'Short-island': '0', 'Squeal': '0', 'Typical-entropy': '1', 'Voicing-quality': '1', 'Wide-band': '0', 'Xlong-island': '0', 'seq': '1', 'end': 10511.39, 'start': 10510.89}]",0,0,[],[]
10511490,10512360,NA,NOF,0.0,381,CIOCX,NA,NA,NA,NA,0.0,0,-39.97,-34.24,[],0,0,[],[]
10512360,10513360,CHI,CHN,0.0,381,CIOCX,RC,0,NT,FH,1.0,770,-15.3,-2.64,"[{'Canonical-syllable': '1', 'Growl': '1', 'High-freq-energy': '0', 'Long-island': '0', 'Low-tilt-spectrum': '3', 'Medium-island': '1', 'Short-island': '1', 'Squeal': '0', 'Typical-entropy': '1', 'Voicing-quality': '2', 'Wide-band': '0', 'Xlong-island': '0', 'seq': '1', 'end': 10513.13, 'start': 10512.36}]",0,0,[],[]
10513360,10514650,NA,OLN,0.0,381,CIOCX,NA,NA,NA,NA,0.0,0,-25.44,-15.83,[],0,0,[],[]
10514650,10515340,CHI,CHN,0.0,381,CIOCX,RC,0,NT,FH,1.0,530,-25.81,-17.62,"[{'Canonical-syllable': '0', 'Growl': '2', 'High-freq-energy': '0', 'Long-island': '0', 'Low-tilt-spectrum': '1', 'Medium-island': '0', 'Short-island': '2', 'Squeal': '0', 'Typical-entropy': '1', 'Voicing-quality': '1', 'Wide-band': '0', 'Xlong-island': '0', 'seq': '1', 'end': 10515.18, 'start': 10514.65}]",0,0,[],[]
10515340,10516140,NA,OLF,0.0,381,CIOCX,NA,NA,NA,NA,0.0,0,-37.66,-32.91,[],0,0,[],[]
10516140,10517000,NA,OLN,0.0,381,CIOCX,NA,NA,NA,NA,0.0,0,-33.33,-22.11,[],0,0,[],[]
10517000,10518370,OCH,CXN,0.0,381,CIOCX,RC,0,NT,FI,0.0,0,-30.05,-17.96,[],0,0,[],[]
10518370,10519170,NA,CHF,0.0,381,CIOCX,NA,NA,NA,NA,0.0,0,-40.95,-33.15,[],0,800,[],"[{'start': 10518.37, 'end': 10519.17}]"
10519170,10520280,CHI,CHN,0.0,381,CIOCX,RC,0,NT,FI,2.0,580,-19.66,-11.05,"[{'Canonical-syllable': '0', 'Growl': '1', 'High-freq-energy': '0', 'Long-island': '0', 'Low-tilt-spectrum': '0', 'Medium-island': '0', 'Short-island': '1', 'Squeal': '0', 'Typical-entropy': '1', 'Voicing-quality': '1', 'Wide-band': '0', 'Xlong-island': '0', 'seq': '1', 'end': 10519.33, 'start': 10519.17}, {'Canonical-syllable': '1', 'Growl': '0', 'High-freq-energy': '0', 'Long-island': '0', 'Low-tilt-spectrum': '0', 'Medium-island': '1', 'Short-island': '0', 'Squeal': '0', 'Typical-entropy': '1', 'Voicing-quality': '1', 'Wide-band': '0', 'Xlong-island': '0', 'seq': '2', 'end': 10520.28, 'start': 10519.86}]",0,0,[],[]
10520280,10521080,NA,OLN,0.0,381,CIOCX,NA,NA,NA,NA,0.0,0,-16.31,-4.04,[],0,0,[],[]
10521080,10523030,CHI,CHN,0.0,381,CIOCX,EC,0,NT,FH,1.0,1870,-17.3,-5.78,"[{'Canonical-syllable': '1', 'Growl': '0', 'High-freq-energy': '0', 'Long-island': '0', 'Low-tilt-spectrum': '2', 'Medium-island': '2', 'Short-island': '3', 'Squeal': '2', 'Typical-entropy': '4', 'Voicing-quality': '5', 'Wide-band': '2', 'Xlong-island': '0', 'seq': '1', 'end': 10522.95, 'start': 10521.08}]",0,0,[],[]
10523030,10528280,NA,NOF,0.0,382,pause,NA,NA,NA,NA,0.0,0,-40.62,-21.77,[],0,0,[],[]
10528280,10528880,CHI,CHN,0.0,382,CIC,BC,0,NT,FI,1.0,600,-35.52,-27.97,"[{'Canonical-syllable': '0', 'Growl': '1', 'High-freq-energy': '0', 'Long-island': '0', 'Low-tilt-spectrum': '1', 'Medium-island': '1', 'Short-island': '0', 'Squeal': '0', 'Typical-entropy': '1', 'Voicing-quality': '1', 'Wide-band': '0', 'Xlong-island': '0', 'seq': '1', 'end': 10528.88, 'start': 10528.28}]",0,0,[],[]
10528880,10529760,NA,NOF,0.0,382,CIC,NA,NA,NA,NA,0.0,0,-41.9,-39.29,[],0,0,[],[]
10529760,10531680,OCH,CXN,0.0,382,CIC,RC,0,NT,FI,0.0,0,-24.1,-13.95,[],0,0,[],[]
10531680,10532480,NA,SIL,0.0,382,CIC,NA,NA,NA,NA,0.0,0,-42.74,-40.66,[],0,0,[],[]
10532480,10533480,FEM,FAN,0.56,382,CIC,RC,0,TIFI,FI,0.0,0,-37.34,-27.68,[],0,0,[],[]
10533480,10534280,CHI,CHN,0.0,382,CIC,RC,1,TIFR,FI,1.0,630,-27.36,-19.71,"[{'Canonical-syllable': '0', 'Growl': '0', 'High-freq-energy': '0', 'Long-island': '1', 'Low-tilt-spectrum': '0', 'Medium-island': '0', 'Short-island': '0', 'Squeal': '0', 'Typical-entropy': '0', 'Voicing-quality': '1', 'Wide-band': '0', 'Xlong-island': '0', 'seq': '1', 'end': 10534.11, 'start': 10533.48}]",0,0,[],[]
10534280,10535400,CHI,CHN,0.0,382,CIC,RC,1,NT,FH,1.0,1120,-24.16,-18.24,"[{'Canonical-syllable': '1', 'Growl': '0', 'High-freq-energy': '0', 'Long-island': '0', 'Low-tilt-spectrum': '0', 'Medium-island': '2', 'Short-island': '0', 'Squeal': '0', 'Typical-entropy': '0', 'Voicing-quality': '2', 'Wide-band': '0', 'Xlong-island': '0', 'seq': '1', 'end': 10535.4, 'start': 10534.28}]",0,0,[],[]
10535400,10536230,OCH,CXN,0.0,382,CIC,RC,1,NT,FI,0.0,0,-32.98,-23.8,[],0,0,[],[]
10536230,10537800,CHI,CHN,0.0,382,CIC,RC,1,NT,FI,1.0,1390,-27.11,-13.85,"[{'Canonical-syllable': '0', 'Growl': '2', 'High-freq-energy': '0', 'Long-island': '0', 'Low-tilt-spectrum': '0', 'Medium-island': '1', 'Short-island': '2', 'Squeal': '0', 'Typical-entropy': '1', 'Voicing-quality': '3', 'Wide-band': '0', 'Xlong-island': '0', 'seq': '1', 'end': 10537.62, 'start': 10536.23}]",0,0,[],[]
10537800,10538600,NA,NOF,0.0,382,CIC,NA,NA,NA,NA,0.0,0,-24.06,-6.04,[],0,0,[],[]
10538600,10541700,CHI,CHN,0.0,382,CIC,RC,1,NT,FH,3.0,2120,-21.24,-14.98,"[{'Canonical-syllable': '0', 'Growl': '0', 'High-freq-energy': '0', 'Long-island': '0', 'Low-tilt-spectrum': '0', 'Medium-island': '0', 'Short-island': '0', 'Squeal': '0', 'Typical-entropy': '0', 'Voicing-quality': '1', 'Wide-band': '0', 'Xlong-island': '1', 'seq': '1', 'end': 10539.79, 'start': 10538.6}, {'Canonical-syllable': '0', 'Growl': '0', 'High-freq-energy': '0', 'Long-island': '0', 'Low-tilt-spectrum': '0', 'Medium-island': '2', 'Short-island': '0', 'Squeal': '0', 'Typical-entropy': '2', 'Voicing-quality': '2', 'Wide-band': '0', 'Xlong-island': '0', 'seq': '2', 'end': 10541.17, 'start': 10540.45}, {'Canonical-syllable': '0', 'Growl': '1', 'High-freq-energy': '0', 'Long-island': '0', 'Low-tilt-spectrum': '0', 'Medium-island': '0', 'Short-island': '1', 'Squeal': '0', 'Typical-entropy': '0', 'Voicing-quality': '1', 'Wide-band': '0', 'Xlong-island': '0', 'seq': '3', 'end': 10541.7, 'start': 10541.49}]",0,0,[],[]
10541700,10542710,CHI,CHN,0.0,382,CIC,RC,1,NT,FH,1.0,530,-20.78,-15.82,"[{'Canonical-syllable': '0', 'Growl': '0', 'High-freq-energy': '0', 'Long-island': '0', 'Low-tilt-spectrum': '0', 'Medium-island': '1', 'Short-island': '0', 'Squeal': '0', 'Typical-entropy': '0', 'Voicing-quality': '1', 'Wide-band': '0', 'Xlong-island': '0', 'seq': '1', 'end': 10542.23, 'start': 10541.7}]",0,0,[],[]
10542710,10543310,CHI,CHN,0.0,382,CIC,RC,1,NT,FH,1.0,200,-25.42,-17.57,"[{'Canonical-syllable': '1', 'Growl': '0', 'High-freq-energy': '0', 'Long-island': '0', 'Low-tilt-spectrum': '1', 'Medium-island': '0', 'Short-island': '1', 'Squeal': '0', 'Typical-entropy': '1', 'Voicing-quality': '1', 'Wide-band': '0', 'Xlong-island': '0', 'seq': '1', 'end': 10543.22, 'start': 10543.02}]",0,0,[],[]
10543310,10544360,NA,CHF,0.0,382,CIC,RC,1,NT,FH,1.0,80,-30.79,-13.28,"[{'Canonical-syllable': '0', 'Growl': '1', 'High-freq-energy': '0', 'Long-island': '0', 'Low-tilt-spectrum': '1', 'Medium-island': '0', 'Short-island': '0', 'Squeal': '0', 'Typical-entropy': '1', 'Voicing-quality': '1', 'Wide-band': '0', 'Xlong-island': '0', 'seq': '1', 'end': 10544.05, 'start': 10543.97}]",0,0,[],[]
10544360,10544960,CHI,CHN,0.0,382,CIC,RC,1,NT,FH,1.0,150,-24.63,-12.7,"[{'Canonical-syllable': '0', 'Growl': '1', 'High-freq-energy': '0', 'Long-island': '0', 'Low-tilt-spectrum': '0', 'Medium-island': '0', 'Short-island': '0', 'Squeal': '0', 'Typical-entropy': '1', 'Voicing-quality': '1', 'Wide-band': '0', 'Xlong-island': '0', 'seq': '1', 'end': 10544.96, 'start': 10544.81}]",0,0,[],[]
10544960,10545810,NA,OLN,0.0,382,CIC,NA,NA,NA,NA,0.0,0,-19.79,-5.3,[],0,0,[],[]
10545810,10546540,CHI,CHN,0.0,382,CIC,RC,1,NT,FH,1.0,730,-15.88,-11.93,"[{'Canonical-syllable': '0', 'Growl': '0', 'High-freq-energy': '0', 'Long-island': '1', 'Low-tilt-spectrum': '0', 'Medium-island': '0', 'Short-island': '0', 'Squeal': '0', 'Typical-entropy': '0', 'Voicing-quality': '1', 'Wide-band': '0', 'Xlong-island': '0', 'seq': '1', 'end': 10546.54, 'start': 10545.81}]",0,0,[],[]
10546540,10547480,NA,OLN,0.0,382,CIC,NA,NA,NA,NA,0.0,0,-33.8,-25.35,[],0,0,[],[]
10547480,10549440,NA,NOF,0.0,382,CIC,NA,NA,NA,NA,0.0,0,-39.76,-29.81,[],0,0,[],[]
10549440,10550260,CHI,CHN,0.0,382,CIC,RC,1,TIFI,FH,1.0,820,-30.58,-25.8,"[{'Canonical-syllable': '0', 'Growl': '0', 'High-freq-energy': '0', 'Long-island': '1', 'Low-tilt-spectrum': '0', 'Medium-island': '0', 'Short-island': '0', 'Squeal': '0', 'Typical-entropy': '0', 'Voicing-quality': '1', 'Wide-band': '0', 'Xlong-island': '0', 'seq': '1', 'end': 10550.26, 'start': 10549.44}]",0,0,[],[]
10550260,10551450,FEM,FAN,5.17,382,CIC,RC,2,TIFR,FI,0.0,0,-29.09,-20.27,[],0,0,[],[]
10551450,10552250,NA,NOF,0.0,382,CIC,NA,NA,NA,NA,0.0,0,-44.16,-38.99,[],0,0,[],[]
10552250,10553050,NA,SIL,0.0,382,CIC,NA,NA,NA,NA,0.0,0,-44.61,-41.21,[],0,0,[],[]
10553050,10553650,CHI,CHN,0.0,382,CIC,RC,2,TIFE,FI,1.0,600,-21.98,-16.1,"[{'Canonical-syllable': '0', 'Growl': '0', 'High-freq-energy': '0', 'Long-island': '0', 'Low-tilt-spectrum': '0', 'Medium-island': '1', 'Short-island': '0', 'Squeal': '0', 'Typical-entropy': '0', 'Voicing-quality': '1', 'Wide-band': '0', 'Xlong-island': '0', 'seq': '1', 'end': 10553.65, 'start': 10553.05}]",0,0,[],[]
10553650,10554460,NA,OLN,0.0,382,CIC,NA,NA,NA,NA,0.0,0,-29.78,-21.69,[],0,0,[],[]
10554460,10555910,OCH,CXN,0.0,382,CIC,RC,2,NT,FI,0.0,0,-28.96,-18.2,[],0,0,[],[]
10555910,10556750,NA,NOF,0.0,382,CIC,NA,NA,NA,NA,0.0,0,-43.03,-40.32,[],0,0,[],[]
10556750,10557350,CHI,CHN,0.0,382,CIC,RC,2,NT,FI,1.0,400,-22.47,-14.18,"[{'Canonical-syllable': '1', 'Growl': '0', 'High-freq-energy': '0', 'Long-island': '0', 'Low-tilt-spectrum': '0', 'Medium-island': '1', 'Short-island': '0', 'Squeal': '0', 'Typical-entropy': '1', 'Voicing-quality': '1', 'Wide-band': '0', 'Xlong-island': '0', 'seq': '1', 'end': 10557.15, 'start': 10556.75}]",0,0,[],[]
10557350,10558870,NA,NOF,0.0,382,CIC,NA,NA,NA,NA,0.0,0,-38.15,-30.21,[],0,0,[],[]
10558870,10560010,NA,SIL,0.0,382,CIC,NA,NA,NA,NA,0.0,0,-43.68,-39.32,[],0,0,[],[]
10560010,10561300,NA,NOF,0.0,382,CIC,NA,NA,NA,NA,0.0,0,-41.34,-34.02,[],0,0,[],[]
10561300,10562100,NA,SIL,0.0,382,CIC,NA,NA,NA,NA,0.0,0,-44.69,-35.96,[],0,0,[],[]
10562100,10562970,CHI,CHN,0.0,382,CIC,RC,2,NT,FH,1.0,870,-23.71,-15.61,"[{'Canonical-syllable': '2', 'Growl': '0', 'High-freq-energy': '1', 'Long-island': '0', 'Low-tilt-spectrum': '1', 'Medium-island': '1', 'Short-island': '1', 'Squeal': '0', 'Typical-entropy': '1', 'Voicing-quality': '2', 'Wide-band': '0', 'Xlong-island': '0', 'seq': '1', 'end': 10562.97, 'start': 10562.1}]",0,0,[],[]
10562970,10564200,NA,NOF,0.0,382,CIC,NA,NA,NA,NA,0.0,0,-41.8,-28.94,[],0,0,[],[]
10564200,10564800,FEM,FAN,0.0,382,CIC,NA,NA,NA,NA,0.0,0,-38.18,-32.55,[],600,0,[],[]
10564800,10566490,NA,NOF,0.0,382,CIC,NA,NA,NA,NA,0.0,0,-37.31,-26.71,[],0,0,[],[]
10566490,10567180,CHI,CHN,0.0,382,CIC,EC,2,NT,FH,1.0,690,-30.33,-25.63,"[{'Canonical-syllable': '0', 'Growl': '0', 'High-freq-energy': '0', 'Long-island': '1', 'Low-tilt-spectrum': '0', 'Medium-island': '0', 'Short-island': '0', 'Squeal': '0', 'Typical-entropy': '0', 'Voicing-quality': '1', 'Wide-band': '0', 'Xlong-island': '0', 'seq': '1', 'end': 10567.18, 'start': 10566.49}]",0,0,[],[]
10567180,10568080,NA,SIL,0.0,383,pause,NA,NA,NA,NA,0.0,0,-43.95,-41.05,[],0,0,[],[]
10568080,10569350,NA,NOF,0.0,383,pause,NA,NA,NA,NA,0.0,0,-43.16,-40.97,[],0,0,[],[]
10569350,10570220,NA,SIL,0.0,383,pause,NA,NA,NA,NA,0.0,0,-41.76,-36.92,[],0,0,[],[]
10570220,10573080,NA,NOF,0.0,383,pause,NA,NA,NA,NA,0.0,0,-37.94,-15.67,[],0,0,[],[]
10573080,10573890,NA,SIL,0.0,383,pause,NA,NA,NA,NA,0.0,0,-42.22,-39.02,[],0,0,[],[]
10573890,10574710,NA,NOF,0.0,383,pause,NA,NA,NA,NA,0.0,0,-40.62,-36.38,[],0,0,[],[]
10574710,10576110,CHI,CHN,0.0,383,CIC,BC,0,TIFI,FI,2.0,1050,-20.35,-8.87,"[{'Canonical-syllable': '0', 'Growl': '2', 'High-freq-energy': '0', 'Long-island': '0', 'Low-tilt-spectrum': '2', 'Medium-island': '0', 'Short-island': '2', 'Squeal': '0', 'Typical-entropy': '2', 'Voicing-quality': '2', 'Wide-band': '0', 'Xlong-island': '0', 'seq': '1', 'end': 10575.18, 'start': 10574.71}, {'Canonical-syllable': '0', 'Growl': '0', 'High-freq-energy': '0', 'Long-island': '0', 'Low-tilt-spectrum': '1', 'Medium-island': '1', 'Short-island': '0', 'Squeal': '0', 'Typical-entropy': '1', 'Voicing-quality': '1', 'Wide-band': '0', 'Xlong-island': '0', 'seq': '2', 'end': 10576.11, 'start': 10575.53}]",0,0,[],[]
10576110,10579130,FEM,FAN,9.29,383,CIC,EC,1,TIFR,FI,0.0,0,-36.59,-23.21,[],0,0,[],[]
10579130,10580410,NA,NOF,0.0,384,pause,NA,NA,NA,NA,0.0,0,-45.4,-39.43,[],0,0,[],[]
10580410,10582020,NA,SIL,0.0,384,pause,NA,NA,NA,NA,0.0,0,-48.11,-44.61,[],0,0,[],[]
10582020,10583260,NA,NOF,0.0,384,pause,NA,NA,NA,NA,0.0,0,-46.85,-43.43,[],0,0,[],[]
10583260,10584100,NA,SIL,0.0,384,pause,NA,NA,NA,NA,0.0,0,-45.7,-43.58,[],0,0,[],[]
10584100,10588420,NA,NOF,0.0,384,pause,NA,NA,NA,NA,0.0,0,-34.64,-9.62,[],0,0,[],[]
10588420,10590350,NA,SIL,0.0,384,pause,NA,NA,NA,NA,0.0,0,-41.53,-38.02,[],0,0,[],[]
10590350,10592610,NA,NOF,0.0,384,pause,NA,NA,NA,NA,0.0,0,-37.73,-22.7,[],0,0,[],[]
10592610,10593490,NA,SIL,0.0,384,pause,NA,NA,NA,NA,0.0,0,-43.53,-41.12,[],0,0,[],[]
10593490,10594790,NA,NOF,0.0,384,pause,NA,NA,NA,NA,0.0,0,-37.16,-22.5,[],0,0,[],[]
10594790,10595590,NA,OLN,0.0,384,pause,NA,NA,NA,NA,0.0,0,-30.7,-24.43,[],0,0,[],[]
10595590,10596230,CHI,CHN,0.0,384,CIC,BC,0,NT,FI,1.0,640,-17.9,-7.66,"[{'Canonical-syllable': '0', 'Growl': '0', 'High-freq-energy': '0', 'Long-island': '0', 'Low-tilt-spectrum': '0', 'Medium-island': '1', 'Short-island': '0', 'Squeal': '0', 'Typical-entropy': '1', 'Voicing-quality': '1', 'Wide-band': '0', 'Xlong-island': '0', 'seq': '1', 'end': 10596.23, 'start': 10595.59}]",0,0,[],[]
10596230,10597400,NA,NOF,0.0,384,CIC,NA,NA,NA,NA,0.0,0,-31.72,-16.14,[],0,0,[],[]
10597400,10598380,NA,CXF,0.0,384,CIC,NA,NA,NA,NA,0.0,0,-35.14,-29.42,[],0,0,[],[]
10598380,10599670,NA,OLF,0.0,384,CIC,NA,NA,NA,NA,0.0,0,-37.55,-28.16,[],0,0,[],[]
10599670,10601060,NA,NOF,0.0,384,CIC,NA,NA,NA,NA,0.0,0,-41.93,-33.94,[],0,0,[],[]
10601060,10604310,CHI,CHN,0.0,384,CIC,RC,0,NT,FH,2.0,2310,-20.89,-10.75,"[{'Canonical-syllable': '2', 'Growl': '0', 'High-freq-energy': '0', 'Long-island': '0', 'Low-tilt-spectrum': '2', 'Medium-island': '1', 'Short-island': '4', 'Squeal': '0', 'Typical-entropy': '3', 'Voicing-quality': '5', 'Wide-band': '0', 'Xlong-island': '0', 'seq': '1', 'end': 10602.41, 'start': 10601.06}, {'Canonical-syllable': '2', 'Growl': '0', 'High-freq-energy': '0', 'Long-island': '0', 'Low-tilt-spectrum': '2', 'Medium-island': '1', 'Short-island': '1', 'Squeal': '0', 'Typical-entropy': '2', 'Voicing-quality': '2', 'Wide-band': '0', 'Xlong-island': '0', 'seq': '2', 'end': 10603.91, 'start': 10602.95}]",0,0,[],[]
10604310,10605590,NA,SIL,0.0,384,CIC,NA,NA,NA,NA,0.0,0,-44.89,-40.11,[],0,0,[],[]
10605590,10606620,NA,FAF,0.0,384,CIC,NA,NA,NA,NA,0.0,0,-40.32,-35.3,[],0,0,[],[]
10606620,10607930,NA,NOF,0.0,384,CIC,NA,NA,NA,NA,0.0,0,-40.23,-22.77,[],0,0,[],[]
10607930,10608660,CHI,CHN,0.0,384,CIC,RC,0,NT,FH,1.0,620,-30.91,-23.99,"[{'Canonical-syllable': '0', 'Growl': '1', 'High-freq-energy': '0', 'Long-island': '0', 'Low-tilt-spectrum': '0', 'Medium-island': '1', 'Short-island': '0', 'Squeal': '0', 'Typical-entropy': '1', 'Voicing-quality': '1', 'Wide-band': '0', 'Xlong-island': '0', 'seq': '1', 'end': 10608.55, 'start': 10607.93}]",0,0,[],[]
10608660,10609660,CHI,CHN,0.0,384,CIC,RC,0,TIFI,FH,1.0,1000,-33.64,-27.54,"[{'Canonical-syllable': '0', 'Growl': '1', 'High-freq-energy': '0', 'Long-island': '1', 'Low-tilt-spectrum': '1', 'Medium-island': '0', 'Short-island': '0', 'Squeal': '0', 'Typical-entropy': '1', 'Voicing-quality': '1', 'Wide-band': '0', 'Xlong-island': '0', 'seq': '1', 'end': 10609.66, 'start': 10608.82}]",0,0,[],[]
10609660,10610410,FEM,FAN,0.66,384,CIC,EC,1,TIFR,FI,0.0,0,-32.12,-23.39,[],0,0,[],[]
10610410,10612530,NA,OLF,0.0,385,pause,NA,NA,NA,NA,0.0,0,-41.14,-24.14,[],0,0,[],[]
10612530,10613470,NA,SIL,0.0,385,pause,NA,NA,NA,NA,0.0,0,-43.52,-35.31,[],0,0,[],[]
10613470,10614580,NA,NOF,0.0,385,pause,NA,NA,NA,NA,0.0,0,-42.92,-39.31,[],0,0,[],[]
10614580,10615410,NA,SIL,0.0,385,pause,NA,NA,NA,NA,0.0,0,-44.02,-32.61,[],0,0,[],[]
10615410,10617210,NA,NOF,0.0,385,pause,NA,NA,NA,NA,0.0,0,-42.63,-34.21,[],0,0,[],[]
10617210,10618070,NA,FAF,0.0,385,pause,NA,NA,NA,NA,0.0,0,-43.04,-34.4,[],0,0,[],[]
10618070,10618960,NA,NOF,0.0,385,pause,NA,NA,NA,NA,0.0,0,-43.33,-39.99,[],0,0,[],[]
10618960,10619760,NA,SIL,0.0,385,pause,NA,NA,NA,NA,0.0,0,-42.76,-40.75,[],0,0,[],[]
10619760,10620880,NA,NOF,0.0,385,pause,NA,NA,NA,NA,0.0,0,-41.47,-34.73,[],0,0,[],[]
10620880,10625450,NA,SIL,0.0,385,pause,NA,NA,NA,NA,0.0,0,-42.5,-38.94,[],0,0,[],[]
10625450,10626250,NA,CXF,0.0,385,pause,NA,NA,NA,NA,0.0,0,-39.61,-34.73,[],0,0,[],[]
10626250,10627970,NA,SIL,0.0,385,pause,NA,NA,NA,NA,0.0,0,-42.61,-38.89,[],0,0,[],[]
10627970,10628770,NA,CXF,0.0,385,pause,NA,NA,NA,NA,0.0,0,-36.1,-30.02,[],0,0,[],[]
10628770,10630260,NA,NOF,0.0,385,pause,NA,NA,NA,NA,0.0,0,-41.28,-31.23,[],0,0,[],[]
10630260,10631630,CHI,CHN,0.0,385,CM,BC,0,NT,FI,1.0,1370,-22.11,-13.27,"[{'Canonical-syllable': '0', 'Growl': '2', 'High-freq-energy': '0', 'Long-island': '0', 'Low-tilt-spectrum': '2', 'Medium-island': '1', 'Short-island': '2', 'Squeal': '0', 'Typical-entropy': '2', 'Voicing-quality': '3', 'Wide-band': '0', 'Xlong-island': '0', 'seq': '1', 'end': 10631.63, 'start': 10630.53}]",0,0,[],[]
10631630,10632650,NA,NOF,0.0,385,CM,NA,NA,NA,NA,0.0,0,-34.38,-20.38,[],0,0,[],[]
10632650,10634110,CHI,CHN,0.0,385,CM,RC,0,NT,FH,1.0,1460,-24.89,-16.87,"[{'Canonical-syllable': '0', 'Growl': '1', 'High-freq-energy': '0', 'Long-island': '0', 'Low-tilt-spectrum': '0', 'Medium-island': '3', 'Short-island': '1', 'Squeal': '0', 'Typical-entropy': '2', 'Voicing-quality': '4', 'Wide-band': '0', 'Xlong-island': '0', 'seq': '1', 'end': 10634.11, 'start': 10632.65}]",0,0,[],[]
10634110,10634910,NA,SIL,0.0,385,CM,NA,NA,NA,NA,0.0,0,-43.43,-35.65,[],0,0,[],[]
10634910,10635750,CHI,CHN,0.0,385,CM,RC,0,NT,FH,1.0,840,-25.67,-17.49,"[{'Canonical-syllable': '1', 'Growl': '0', 'High-freq-energy': '0', 'Long-island': '0', 'Low-tilt-spectrum': '0', 'Medium-island': '1', 'Short-island': '1', 'Squeal': '0', 'Typical-entropy': '1', 'Voicing-quality': '2', 'Wide-band': '0', 'Xlong-island': '0', 'seq': '1', 'end': 10635.75, 'start': 10634.91}]",0,0,[],[]
10635750,10637320,NA,NOF,0.0,385,CM,NA,NA,NA,NA,0.0,0,-28.48,-10.83,[],0,0,[],[]
10637320,10637920,CHI,CHN,0.0,385,CM,EC,0,NT,FH,1.0,600,-36.21,-30.69,"[{'Canonical-syllable': '0', 'Growl': '1', 'High-freq-energy': '0', 'Long-island': '0', 'Low-tilt-spectrum': '1', 'Medium-island': '1', 'Short-island': '0', 'Squeal': '0', 'Typical-entropy': '1', 'Voicing-quality': '1', 'Wide-band': '0', 'Xlong-island': '0', 'seq': '1', 'end': 10637.92, 'start': 10637.32}]",0,0,[],[]
10637920,10640980,NA,NOF,0.0,386,pause,NA,NA,NA,NA,0.0,0,-41.11,-29.06,[],0,0,[],[]
10640980,10642070,NA,SIL,0.0,386,pause,NA,NA,NA,NA,0.0,0,-43.22,-35.85,[],0,0,[],[]
10642070,10643120,NA,NOF,0.0,386,pause,NA,NA,NA,NA,0.0,0,-43.7,-36.13,[],0,0,[],[]
10643120,10644480,NA,SIL,0.0,386,pause,NA,NA,NA,NA,0.0,0,-44.12,-31.21,[],0,0,[],[]
10644480,10646420,NA,NOF,0.0,386,pause,NA,NA,NA,NA,0.0,0,-26.21,-7.1,[],0,0,[],[]
10646420,10647430,FEM,FAN,3.73,386,AMF,EC,0,NT,FI,0.0,0,-21.04,-3.74,[],0,0,[],[]
10647430,10652230,NA,NOF,0.0,387,pause,NA,NA,NA,NA,0.0,0,-19.23,-1.6,[],0,0,[],[]
10652230,10653030,NA,OLF,0.0,387,pause,NA,NA,NA,NA,0.0,0,-34.8,-24.48,[],0,0,[],[]
10653030,10657200,NA,NOF,0.0,387,pause,NA,NA,NA,NA,0.0,0,-37.5,-21.47,[],0,0,[],[]
10657200,10658330,NA,SIL,0.0,387,pause,NA,NA,NA,NA,0.0,0,-45.25,-42.05,[],0,0,[],[]
10658330,10662740,NA,NOF,0.0,387,pause,NA,NA,NA,NA,0.0,0,-38.08,-23.46,[],0,0,[],[]
10662740,10663650,NA,OLN,0.0,387,pause,NA,NA,NA,NA,0.0,0,-31.08,-23.57,[],0,0,[],[]
10663650,10666100,NA,NOF,0.0,387,pause,NA,NA,NA,NA,0.0,0,-33.51,-18.71,[],0,0,[],[]
10666100,10667530,CHI,CHN,0.0,387,CIC,BC,0,TIFI,FI,1.0,1320,-20.37,-12.19,"[{'Canonical-syllable': '1', 'Growl': '0', 'High-freq-energy': '0', 'Long-island': '0', 'Low-tilt-spectrum': '1', 'Medium-island': '0', 'Short-island': '4', 'Squeal': '0', 'Typical-entropy': '2', 'Voicing-quality': '4', 'Wide-band': '0', 'Xlong-island': '0', 'seq': '1', 'end': 10667.42, 'start': 10666.1}]",0,0,[],[]
10667530,10668330,NA,OLF,0.0,387,CIC,NA,NA,NA,NA,0.0,0,-43.19,-32.38,[],0,0,[],[]
10668330,10669830,FEM,FAN,5.04,387,CIC,EC,1,TIFR,FI,0.0,0,-36.44,-29.53,[],0,0,[],[]
10669830,10672730,NA,NOF,0.0,388,pause,NA,NA,NA,NA,0.0,0,-40.14,-28.63,[],0,0,[],[]
10672730,10673530,NA,OLN,0.0,388,pause,NA,NA,NA,NA,0.0,0,-34.09,-17.78,[],0,0,[],[]
10673530,10681470,NA,NOF,0.0,388,pause,NA,NA,NA,NA,0.0,0,-33.53,-5.91,[],0,0,[],[]
10681470,10683170,CHI,CHN,0.0,388,CM,EC,0,NT,FI,1.0,580,-18.63,-10.15,"[{'Canonical-syllable': '0', 'Growl': '0', 'High-freq-energy': '0', 'Long-island': '0', 'Low-tilt-spectrum': '0', 'Medium-island': '1', 'Short-island': '0', 'Squeal': '0', 'Typical-entropy': '0', 'Voicing-quality': '1', 'Wide-band': '0', 'Xlong-island': '0', 'seq': '1', 'end': 10683.17, 'start': 10682.59}]",0,1120,"[{'start': 10681.47, 'end': 10682.59}]",[]
10683170,10683970,NA,NOF,0.0,389,pause,NA,NA,NA,NA,0.0,0,-38.94,-26.29,[],0,0,[],[]
10683970,10684770,NA,SIL,0.0,389,pause,NA,NA,NA,NA,0.0,0,-41.25,-38.72,[],0,0,[],[]
10684770,10686020,NA,NOF,0.0,389,pause,NA,NA,NA,NA,0.0,0,-40.12,-32.99,[],0,0,[],[]
10686020,10686820,NA,SIL,0.0,389,pause,NA,NA,NA,NA,0.0,0,-41.41,-39.18,[],0,0,[],[]
10686820,10697910,NA,NOF,0.0,389,pause,NA,NA,NA,NA,0.0,0,-39.23,-20.64,[],0,0,[],[]
10697910,10698930,NA,FAF,0.0,389,pause,NA,NA,NA,NA,0.0,0,-41.53,-28.76,[],0,0,[],[]
10698930,10700110,NA,NOF,0.0,389,pause,NA,NA,NA,NA,0.0,0,-39.56,-23.96,[],0,0,[],[]
10700110,10700710,NA,MAF,0.0,389,pause,NA,NA,NA,NA,0.0,0,-32.28,-18.08,[],0,0,[],[]
10700710,10705670,NA,NOF,0.0,389,pause,NA,NA,NA,NA,0.0,0,-36.87,-19.54,[],0,0,[],[]
10705670,10706340,CHI,CHN,0.0,389,CM,EC,0,NT,FI,1.0,670,-22.04,-15.19,"[{'Canonical-syllable': '2', 'Growl': '0', 'High-freq-energy': '0', 'Long-island': '0', 'Low-tilt-spectrum': '0', 'Medium-island': '2', 'Short-island': '0', 'Squeal': '0', 'Typical-entropy': '1', 'Voicing-quality': '2', 'Wide-band': '0', 'Xlong-island': '0', 'seq': '1', 'end': 10706.34, 'start': 10705.67}]",0,0,[],[]
10706340,10707140,NA,OLN,0.0,390,pause,NA,NA,NA,NA,0.0,0,-18.05,-7.98,[],0,0,[],[]
10707140,10708380,NA,NOF,0.0,390,pause,NA,NA,NA,NA,0.0,0,-42.16,-35.25,[],0,0,[],[]
10708380,10709550,NA,SIL,0.0,390,pause,NA,NA,NA,NA,0.0,0,-45.85,-40.63,[],0,0,[],[]
10709550,10713410,NA,NOF,0.0,390,pause,NA,NA,NA,NA,0.0,0,-28.79,-7.28,[],0,0,[],[]
10713410,10714220,NA,OLF,0.0,390,pause,NA,NA,NA,NA,0.0,0,-26.09,-10.43,[],0,0,[],[]
10714220,10715020,NA,NOF,0.0,390,pause,NA,NA,NA,NA,0.0,0,-37.54,-29.2,[],0,0,[],[]
10715020,10716700,NA,SIL,0.0,390,pause,NA,NA,NA,NA,0.0,0,-42.2,-38.18,[],0,0,[],[]
10716700,10723940,NA,NOF,0.0,390,pause,NA,NA,NA,NA,0.0,0,-38.94,-22.38,[],0,0,[],[]
10723940,10724950,NA,OLN,0.0,390,pause,NA,NA,NA,NA,0.0,0,-22.81,-8.41,[],0,0,[],[]
10724950,10726030,NA,NON,0.0,390,pause,NA,NA,NA,NA,0.0,0,-18.12,-6.42,[],0,0,[],[]
10726030,10726840,NA,OLF,0.0,390,pause,NA,NA,NA,NA,0.0,0,-27.18,-14.1,[],0,0,[],[]
10726840,10728910,NA,NOF,0.0,390,pause,NA,NA,NA,NA,0.0,0,-29.37,-17.08,[],0,0,[],[]
10728910,10729710,NA,OLN,0.0,390,pause,NA,NA,NA,NA,0.0,0,-24.26,-15.4,[],0,0,[],[]
10729710,10731850,NA,NOF,0.0,390,pause,NA,NA,NA,NA,0.0,0,-27.83,-12.76,[],0,0,[],[]
10731850,10732650,NA,SIL,0.0,390,pause,NA,NA,NA,NA,0.0,0,-46.77,-40.81,[],0,0,[],[]
10732650,10733770,NA,NOF,0.0,390,pause,NA,NA,NA,NA,0.0,0,-40.92,-30.79,[],0,0,[],[]
10733770,10734830,NA,SIL,0.0,390,pause,NA,NA,NA,NA,0.0,0,-42.27,-35.94,[],0,0,[],[]
10734830,10735940,CHI,CHN,0.0,390,CIC,BC,0,TIFI,FI,1.0,880,-19.56,-10.21,"[{'Canonical-syllable': '1', 'Growl': '0', 'High-freq-energy': '0', 'Long-island': '0', 'Low-tilt-spectrum': '0', 'Medium-island': '1', 'Short-island': '1', 'Squeal': '0', 'Typical-entropy': '2', 'Voicing-quality': '2', 'Wide-band': '0', 'Xlong-island': '0', 'seq': '1', 'end': 10735.71, 'start': 10734.83}]",0,0,[],[]
10735940,10736960,MAL,MAN,0.0,390,CIC,NA,NA,NA,NA,0.0,0,-37.42,-28.47,[],1020,0,[],[]
10736960,10738110,FEM,FAN,3.39,390,CIC,RC,1,TIFR,FI,0.0,0,-34.24,-28.52,[],0,0,[],[]
10738110,10738910,NA,SIL,0.0,390,CIC,NA,NA,NA,NA,0.0,0,-44.43,-42.57,[],0,0,[],[]
10738910,10739720,NA,OLF,0.0,390,CIC,NA,NA,NA,NA,0.0,0,-41.83,-33.26,[],0,0,[],[]
10739720,10740810,CHI,CHN,0.0,390,CIC,RC,1,TIFE,FI,2.0,580,-29.78,-22.77,"[{'Canonical-syllable': '0', 'Growl': '0', 'High-freq-energy': '0', 'Long-island': '0', 'Low-tilt-spectrum': '0', 'Medium-island': '1', 'Short-island': '0', 'Squeal': '0', 'Typical-entropy': '0', 'Voicing-quality': '1', 'Wide-band': '0', 'Xlong-island': '0', 'seq': '1', 'end': 10740.1, 'start': 10739.72}, {'Canonical-syllable': '0', 'Growl': '1', 'High-freq-energy': '0', 'Long-island': '0', 'Low-tilt-spectrum': '0', 'Medium-island': '0', 'Short-island': '1', 'Squeal': '0', 'Typical-entropy': '1', 'Voicing-quality': '1', 'Wide-band': '1', 'Xlong-island': '0', 'seq': '2', 'end': 10740.81, 'start': 10740.61}]",0,0,[],[]
10740810,10741740,NA,NOF,0.0,390,CIC,NA,NA,NA,NA,0.0,0,-41.06,-36.17,[],0,0,[],[]
10741740,10742590,CHI,CHN,0.0,390,CIC,RC,1,NT,FH,1.0,620,-24.7,-17.87,"[{'Canonical-syllable': '2', 'Growl': '0', 'High-freq-energy': '0', 'Long-island': '0', 'Low-tilt-spectrum': '0', 'Medium-island': '1', 'Short-island': '1', 'Squeal': '0', 'Typical-entropy': '2', 'Voicing-quality': '2', 'Wide-band': '0', 'Xlong-island': '0', 'seq': '1', 'end': 10742.36, 'start': 10741.74}]",0,0,[],[]
10742590,10743950,NA,NOF,0.0,390,CIC,NA,NA,NA,NA,0.0,0,-38.76,-23.41,[],0,0,[],[]
10743950,10745380,NA,SIL,0.0,390,CIC,NA,NA,NA,NA,0.0,0,-42.23,-39.23,[],0,0,[],[]
10745380,10746730,NA,NOF,0.0,390,CIC,NA,NA,NA,NA,0.0,0,-39.43,-28.11,[],0,0,[],[]
10746730,10747330,CHI,CHN,0.0,390,CIC,EC,1,NT,FH,1.0,370,-24.19,-17.47,"[{'Canonical-syllable': '0', 'Growl': '1', 'High-freq-energy': '0', 'Long-island': '0', 'Low-tilt-spectrum': '0', 'Medium-island': '1', 'Short-island': '0', 'Squeal': '0', 'Typical-entropy': '0', 'Voicing-quality': '1', 'Wide-band': '0', 'Xlong-island': '0', 'seq': '1', 'end': 10747.1, 'start': 10746.83}]",0,0,[],[]
10747330,10750050,NA,NOF,0.0,391,pause,NA,NA,NA,NA,0.0,0,-42.5,-35.71,[],0,0,[],[]
10750050,10750850,NA,SIL,0.0,391,pause,NA,NA,NA,NA,0.0,0,-44.17,-39.72,[],0,0,[],[]
10750850,10751650,NA,NOF,0.0,391,pause,NA,NA,NA,NA,0.0,0,-43.71,-34.93,[],0,0,[],[]
10751650,10752500,NA,SIL,0.0,391,pause,NA,NA,NA,NA,0.0,0,-43.74,-35.72,[],0,0,[],[]
10752500,10755420,NA,NOF,0.0,391,pause,NA,NA,NA,NA,0.0,0,-41.28,-30.98,[],0,0,[],[]
10755420,10756330,NA,SIL,0.0,391,pause,NA,NA,NA,NA,0.0,0,-42.3,-37.89,[],0,0,[],[]
10756330,10768610,NA,NOF,0.0,391,pause,NA,NA,NA,NA,0.0,0,-41.01,-23.57,[],0,0,[],[]
10768610,10769410,NA,CXF,0.0,391,pause,NA,NA,NA,NA,0.0,0,-43.45,-37.75,[],0,0,[],[]
10769410,10770270,NA,NOF,0.0,391,pause,NA,NA,NA,NA,0.0,0,-34.96,-18.24,[],0,0,[],[]
10770270,10771610,CHI,CHN,0.0,391,CIC,BC,0,NT,FI,1.0,1340,-21.11,-12.15,"[{'Canonical-syllable': '0', 'Growl': '1', 'High-freq-energy': '0', 'Long-island': '1', 'Low-tilt-spectrum': '1', 'Medium-island': '0', 'Short-island': '2', 'Squeal': '0', 'Typical-entropy': '3', 'Voicing-quality': '3', 'Wide-band': '0', 'Xlong-island': '0', 'seq': '1', 'end': 10771.61, 'start': 10770.27}]",0,0,[],[]
10771610,10772410,NA,MAF,0.0,391,CIC,NA,NA,NA,NA,0.0,0,-42.67,-35.48,[],0,0,[],[]
10772410,10773680,CHI,CHN,0.0,391,CIC,RC,0,NT,FH,1.0,1270,-26.11,-17.38,"[{'Canonical-syllable': '2', 'Growl': '0', 'High-freq-energy': '0', 'Long-island': '0', 'Low-tilt-spectrum': '0', 'Medium-island': '1', 'Short-island': '2', 'Squeal': '0', 'Typical-entropy': '3', 'Voicing-quality': '3', 'Wide-band': '0', 'Xlong-island': '0', 'seq': '1', 'end': 10773.68, 'start': 10772.41}]",0,0,[],[]
10773680,10774480,NA,NOF,0.0,391,CIC,NA,NA,NA,NA,0.0,0,-43.65,-38.31,[],0,0,[],[]
10774480,10775440,NA,SIL,0.0,391,CIC,NA,NA,NA,NA,0.0,0,-44.25,-40.66,[],0,0,[],[]
10775440,10776040,CHI,CHN,0.0,391,CIC,RC,0,TIFI,FH,1.0,600,-34.47,-28.5,"[{'Canonical-syllable': '0', 'Growl': '0', 'High-freq-energy': '0', 'Long-island': '0', 'Low-tilt-spectrum': '1', 'Medium-island': '1', 'Short-island': '0', 'Squeal': '0', 'Typical-entropy': '1', 'Voicing-quality': '1', 'Wide-band': '0', 'Xlong-island': '0', 'seq': '1', 'end': 10776.04, 'start': 10775.54}]",0,0,[],[]
10776040,10777040,NA,FAF,0.0,391,CIC,NA,NA,NA,NA,0.0,0,-41.4,-35.84,[],0,0,[],[]
10777040,10778090,NA,SIL,0.0,391,CIC,NA,NA,NA,NA,0.0,0,-44.48,-41.83,[],0,0,[],[]
10778090,10779580,FEM,FAN,4.97,391,CIC,RC,1,TIFR,FI,0.0,0,-35.6,-27.9,[],0,0,[],[]
10779580,10780380,NA,SIL,0.0,391,CIC,NA,NA,NA,NA,0.0,0,-41.33,-35.91,[],0,0,[],[]
10780380,10781290,NA,NOF,0.0,391,CIC,NA,NA,NA,NA,0.0,0,-43.96,-42.27,[],0,0,[],[]
10781290,10782290,CHI,CHN,0.0,391,CIC,RC,1,TIFE,FI,1.0,190,-30.76,-20.04,"[{'Canonical-syllable': '0', 'Growl': '0', 'High-freq-energy': '0', 'Long-island': '0', 'Low-tilt-spectrum': '0', 'Medium-island': '0', 'Short-island': '1', 'Squeal': '0', 'Typical-entropy': '0', 'Voicing-quality': '1', 'Wide-band': '0', 'Xlong-island': '0', 'seq': '1', 'end': 10781.48, 'start': 10781.29}]",0,0,[],[]
10782290,10783080,CHI,CHN,0.0,391,CIC,EC,1,NT,FH,1.0,790,-17.41,-10.51,"[{'Canonical-syllable': '0', 'Growl': '1', 'High-freq-energy': '0', 'Long-island': '0', 'Low-tilt-spectrum': '1', 'Medium-island': '1', 'Short-island': '1', 'Squeal': '0', 'Typical-entropy': '2', 'Voicing-quality': '2', 'Wide-band': '0', 'Xlong-island': '0', 'seq': '1', 'end': 10783.08, 'start': 10782.29}]",0,0,[],[]
10783080,10784950,NA,TVF,0.0,392,pause,NA,NA,NA,NA,0.0,0,-43.42,-34.73,[],0,0,[],[]
10784950,10786680,NA,NOF,0.0,392,pause,NA,NA,NA,NA,0.0,0,-41.47,-27.34,[],0,0,[],[]
10786680,10787670,NA,SIL,0.0,392,pause,NA,NA,NA,NA,0.0,0,-41.93,-37.16,[],0,0,[],[]
10787670,10789260,NA,NOF,0.0,392,pause,NA,NA,NA,NA,0.0,0,-42.8,-36.65,[],0,0,[],[]
10789260,10790260,NA,SIL,0.0,392,pause,NA,NA,NA,NA,0.0,0,-43.62,-36.51,[],0,0,[],[]
10790260,10795810,NA,NOF,0.0,392,pause,NA,NA,NA,NA,0.0,0,-43.88,-25.21,[],0,0,[],[]
10795810,10798100,CHI,CHN,0.0,392,CIC,BC,0,TIFI,FI,2.0,870,-21.94,-11.44,"[{'Canonical-syllable': '0', 'Growl': '0', 'High-freq-energy': '0', 'Long-island': '0', 'Low-tilt-spectrum': '0', 'Medium-island': '0', 'Short-island': '1', 'Squeal': '0', 'Typical-entropy': '0', 'Voicing-quality': '1', 'Wide-band': '0', 'Xlong-island': '0', 'seq': '1', 'end': 10796.46, 'start': 10796.27}, {'Canonical-syllable': '1', 'Growl': '0', 'High-freq-energy': '0', 'Long-island': '0', 'Low-tilt-spectrum': '0', 'Medium-island': '1', 'Short-island': '1', 'Squeal': '0', 'Typical-entropy': '2', 'Voicing-quality': '2', 'Wide-band': '0', 'Xlong-island': '0', 'seq': '2', 'end': 10797.51, 'start': 10796.83}]",0,0,[],[]
10798100,10799140,FEM,FAN,3.28,392,CIC,RC,1,TIFR,FI,0.0,0,-37.13,-24.33,[],0,0,[],[]
10799140,10800220,CHI,CHN,0.0,392,CIC,RC,1,TIFI,FI,2.0,650,-24.43,-14.93,"[{'Canonical-syllable': '0', 'Growl': '1', 'High-freq-energy': '0', 'Long-island': '0', 'Low-tilt-spectrum': '0', 'Medium-island': '0', 'Short-island': '1', 'Squeal': '0', 'Typical-entropy': '0', 'Voicing-quality': '1', 'Wide-band': '0', 'Xlong-island': '0', 'seq': '1', 'end': 10799.37, 'start': 10799.14}, {'Canonical-syllable': '0', 'Growl': '1', 'High-freq-energy': '0', 'Long-island': '0', 'Low-tilt-spectrum': '0', 'Medium-island': '0', 'Short-island': '0', 'Squeal': '0', 'Typical-entropy': '2', 'Voicing-quality': '2', 'Wide-band': '0', 'Xlong-island': '0', 'seq': '2', 'end': 10800.22, 'start': 10799.8}]",0,0,[],[]
10800220,10801760,FEM,FAN,0.92,392,CIC,RC,2,TIFR,FI,0.0,0,-35.73,-26.66,[],0,0,[],[]
10801760,10802570,CHI,CHN,0.0,392,CIC,RC,2,TIFE,FI,2.0,400,-19.65,-10.51,"[{'Canonical-syllable': '1', 'Growl': '0', 'High-freq-energy': '0', 'Long-island': '0', 'Low-tilt-spectrum': '0', 'Medium-island': '0', 'Short-island': '1', 'Squeal': '0', 'Typical-entropy': '0', 'Voicing-quality': '1', 'Wide-band': '0', 'Xlong-island': '0', 'seq': '1', 'end': 10802.03, 'start': 10801.76}, {'Canonical-syllable': '0', 'Growl': '0', 'High-freq-energy': '0', 'Long-island': '0', 'Low-tilt-spectrum': '1', 'Medium-island': '0', 'Short-island': '0', 'Squeal': '0', 'Typical-entropy': '1', 'Voicing-quality': '1', 'Wide-band': '0', 'Xlong-island': '0', 'seq': '2', 'end': 10802.57, 'start': 10802.44}]",0,0,[],[]
10802570,10803600,CHI,CHN,0.0,392,CIC,NA,NA,NA,NA,0.0,0,-28.39,-12.39,[],0,0,[],[]
10803600,10804400,NA,OLF,0.0,392,CIC,NA,NA,NA,NA,0.0,0,-37.19,-24.45,[],0,0,[],[]
10804400,10805680,CHI,CHN,0.0,392,CIC,RC,2,NT,FH,1.0,1280,-19.23,-13.03,"[{'Canonical-syllable': '0', 'Growl': '0', 'High-freq-energy': '1', 'Long-island': '0', 'Low-tilt-spectrum': '1', 'Medium-island': '0', 'Short-island': '0', 'Squeal': '0', 'Typical-entropy': '2', 'Voicing-quality': '1', 'Wide-band': '0', 'Xlong-island': '1', 'seq': '1', 'end': 10805.68, 'start': 10804.4}]",0,0,[],[]
10805680,10806920,CHI,CHN,0.0,392,CIC,RC,2,NT,FH,1.0,690,-23.77,-14.38,"[{'Canonical-syllable': '2', 'Growl': '0', 'High-freq-energy': '0', 'Long-island': '0', 'Low-tilt-spectrum': '0', 'Medium-island': '1', 'Short-island': '1', 'Squeal': '0', 'Typical-entropy': '1', 'Voicing-quality': '2', 'Wide-band': '0', 'Xlong-island': '0', 'seq': '1', 'end': 10806.37, 'start': 10805.68}]",0,0,[],[]
10806920,10807750,CHI,CHN,0.0,392,CIC,EC,2,NT,FH,1.0,830,-23.75,-16.75,"[{'Canonical-syllable': '0', 'Growl': '1', 'High-freq-energy': '0', 'Long-island': '0', 'Low-tilt-spectrum': '1', 'Medium-island': '1', 'Short-island': '1', 'Squeal': '0', 'Typical-entropy': '1', 'Voicing-quality': '2', 'Wide-band': '0', 'Xlong-island': '0', 'seq': '1', 'end': 10807.75, 'start': 10806.92}]",0,0,[],[]
10807750,10808730,NA,OLN,0.0,393,pause,NA,NA,NA,NA,0.0,0,-27.51,-18.45,[],0,0,[],[]
10808730,10812500,NA,NOF,0.0,393,pause,NA,NA,NA,NA,0.0,0,-39.11,-21.65,[],0,0,[],[]
10812500,10813300,NA,OLN,0.0,393,pause,NA,NA,NA,NA,0.0,0,-32.75,-21.97,[],0,0,[],[]
10813300,10814100,NA,NOF,0.0,393,pause,NA,NA,NA,NA,0.0,0,-34.44,-27.37,[],0,0,[],[]
10814100,10814940,NA,OLN,0.0,393,pause,NA,NA,NA,NA,0.0,0,-19.79,-12.87,[],0,0,[],[]
10814940,10817290,CHI,CHN,0.0,393,CM,EC,0,NT,FI,2.0,1990,-23.76,-15.32,"[{'Canonical-syllable': '0', 'Growl': '1', 'High-freq-energy': '0', 'Long-island': '0', 'Low-tilt-spectrum': '0', 'Medium-island': '1', 'Short-island': '0', 'Squeal': '0', 'Typical-entropy': '2', 'Voicing-quality': '2', 'Wide-band': '0', 'Xlong-island': '0', 'seq': '1', 'end': 10815.74, 'start': 10814.94}, {'Canonical-syllable': '1', 'Growl': '0', 'High-freq-energy': '0', 'Long-island': '0', 'Low-tilt-spectrum': '0', 'Medium-island': '1', 'Short-island': '2', 'Squeal': '0', 'Typical-entropy': '2', 'Voicing-quality': '4', 'Wide-band': '0', 'Xlong-island': '0', 'seq': '2', 'end': 10817.29, 'start': 10816.1}]",0,0,[],[]
10817290,10820250,NA,NOF,0.0,394,pause,NA,NA,NA,NA,0.0,0,-43.39,-35.15,[],0,0,[],[]
10820250,10824780,NA,OLN,0.0,394,pause,NA,NA,NA,NA,0.0,0,-23.53,-4.33,[],0,0,[],[]
10824780,10825710,NA,NOF,0.0,394,pause,NA,NA,NA,NA,0.0,0,-20.16,-10.08,[],0,0,[],[]
10825710,10826310,FEM,FAN,8.36,394,AICF,BC,0,TIFI,FI,0.0,0,-29.83,-26.3,[],0,0,[],[]
10826310,10827530,NA,FAF,0.0,394,AICF,NA,NA,NA,NA,0.0,0,-41.44,-34.54,[],0,0,[],[]
10827530,10828350,NA,SIL,0.0,394,AICF,NA,NA,NA,NA,0.0,0,-43.15,-36.3,[],0,0,[],[]
10828350,10829320,CHI,CHN,0.0,394,AICF,RC,1,TIFR,FI,1.0,970,-28.61,-21.7,"[{'Canonical-syllable': '1', 'Growl': '0', 'High-freq-energy': '0', 'Long-island': '0', 'Low-tilt-spectrum': '0', 'Medium-island': '2', 'Short-island': '0', 'Squeal': '0', 'Typical-entropy': '0', 'Voicing-quality': '2', 'Wide-band': '0', 'Xlong-island': '0', 'seq': '1', 'end': 10829.32, 'start': 10828.35}]",0,0,[],[]
10829320,10830920,FEM,FAN,7.28,394,AICF,EC,1,TIFE,FI,0.0,0,-34.53,-27.84,[],0,0,[],[]
10830920,10833610,NA,NOF,0.0,395,pause,NA,NA,NA,NA,0.0,0,-22.43,-3.8,[],0,0,[],[]
10833610,10834610,NA,SIL,0.0,395,pause,NA,NA,NA,NA,0.0,0,-44.22,-40.5,[],0,0,[],[]
10834610,10836180,NA,NOF,0.0,395,pause,NA,NA,NA,NA,0.0,0,-24.69,-9.65,[],0,0,[],[]
10836180,10837500,NA,OLF,0.0,395,pause,NA,NA,NA,NA,0.0,0,-29.19,-22.4,[],0,0,[],[]
10837500,10838860,NA,NOF,0.0,395,pause,NA,NA,NA,NA,0.0,0,-42.98,-40.85,[],0,0,[],[]
10838860,10839930,FEM,FAN,1.66,395,AICF,BC,0,TIFI,FI,0.0,0,-35.35,-28.39,[],0,0,[],[]
10839930,10841130,NA,MAF,0.0,395,AICF,NA,NA,NA,NA,0.0,0,-36.95,-30.81,[],0,0,[],[]
10841130,10841980,NA,NOF,0.0,395,AICF,NA,NA,NA,NA,0.0,0,-43.21,-40.35,[],0,0,[],[]
10841980,10843000,NA,MAF,0.0,395,AICF,NA,NA,NA,NA,0.0,0,-41.81,-33.18,[],0,0,[],[]
10843000,10844340,CHI,CHN,0.0,395,AICF,RC,1,TIFR,FI,1.0,1340,-21.32,-11.63,"[{'Canonical-syllable': '1', 'Growl': '0', 'High-freq-energy': '0', 'Long-island': '1', 'Low-tilt-spectrum': '1', 'Medium-island': '0', 'Short-island': '1', 'Squeal': '0', 'Typical-entropy': '1', 'Voicing-quality': '3', 'Wide-band': '0', 'Xlong-island': '0', 'seq': '1', 'end': 10844.34, 'start': 10843.0}]",0,0,[],[]
10844340,10845140,NA,OLN,0.0,395,AICF,NA,NA,NA,NA,0.0,0,-32.59,-24.41,[],0,0,[],[]
10845140,10847090,FEM,FAN,5.26,395,AICF,RC,1,TIFI,FI,0.0,0,-33.41,-25.48,[],0,0,[],[]
10847090,10848300,NA,NOF,0.0,395,AICF,NA,NA,NA,NA,0.0,0,-39.15,-28.42,[],0,0,[],[]
10848300,10849100,NA,SIL,0.0,395,AICF,NA,NA,NA,NA,0.0,0,-45.65,-42.95,[],0,0,[],[]
10849100,10849900,NA,NOF,0.0,395,AICF,NA,NA,NA,NA,0.0,0,-42.71,-37.25,[],0,0,[],[]
10849900,10851140,CHI,CHN,0.0,395,AICF,RC,2,TIFR,FI,2.0,880,-30.7,-21.68,"[{'Canonical-syllable': '1', 'Growl': '0', 'High-freq-energy': '0', 'Long-island': '0', 'Low-tilt-spectrum': '0', 'Medium-island': '0', 'Short-island': '1', 'Squeal': '0', 'Typical-entropy': '1', 'Voicing-quality': '1', 'Wide-band': '0', 'Xlong-island': '0', 'seq': '1', 'end': 10850.11, 'start': 10849.9}, {'Canonical-syllable': '0', 'Growl': '0', 'High-freq-energy': '0', 'Long-island': '1', 'Low-tilt-spectrum': '1', 'Medium-island': '0', 'Short-island': '0', 'Squeal': '0', 'Typical-entropy': '1', 'Voicing-quality': '1', 'Wide-band': '1', 'Xlong-island': '0', 'seq': '2', 'end': 10851.14, 'start': 10850.47}]",0,0,[],[]
10851140,10852310,NA,FAF,0.0,395,AICF,NA,NA,NA,NA,0.0,0,-37.07,-28.38,[],0,0,[],[]
10852310,10853320,NA,NOF,0.0,395,AICF,NA,NA,NA,NA,0.0,0,-43.3,-31.43,[],0,0,[],[]
10853320,10854450,NA,FAF,0.0,395,AICF,NA,NA,NA,NA,0.0,0,-39.73,-26.5,[],0,0,[],[]
10854450,10855300,NA,OLF,0.0,395,AICF,NA,NA,NA,NA,0.0,0,-33.46,-23.78,[],0,0,[],[]
10855300,10857710,FEM,FAN,8.63,395,AICF,RC,2,TIFE,FI,0.0,0,-34.71,-26.58,[],0,0,[],[]
10857710,10858660,NA,NOF,0.0,395,AICF,NA,NA,NA,NA,0.0,0,-42.67,-39.26,[],0,0,[],[]
10858660,10859860,FEM,FAN,5.62,395,AICF,RC,2,NT,FH,0.0,0,-34.15,-29.07,[],0,0,[],[]
10859860,10860680,NA,NON,0.0,395,AICF,NA,NA,NA,NA,0.0,0,-18.72,-9.76,[],0,0,[],[]
10860680,10861630,NA,OLF,0.0,395,AICF,NA,NA,NA,NA,0.0,0,-36.62,-25.04,[],0,0,[],[]
10861630,10863510,NA,NOF,0.0,395,AICF,NA,NA,NA,NA,0.0,0,-40.55,-34.43,[],0,0,[],[]
10863510,10864660,FEM,FAN,2.31,395,AICF,RC,2,TIFI,FH,0.0,0,-35.71,-28.52,[],0,0,[],[]
10864660,10865660,NA,MAF,0.0,395,AICF,NA,NA,NA,NA,0.0,0,-40.35,-36.34,[],0,0,[],[]
10865660,10867300,NA,TVF,0.0,395,AICF,NA,NA,NA,NA,0.0,0,-44.93,-42.84,[],0,0,[],[]
10867300,10868300,FEM,FAN,0.0,395,AICF,NA,NA,NA,NA,0.0,0,-28.22,-12.8,[],1000,0,[],[]
10868300,10869410,CHI,CHN,0.0,395,AICF,RC,3,TIFR,FI,2.0,750,-20.18,-8.99,"[{'Canonical-syllable': '1', 'Growl': '0', 'High-freq-energy': '0', 'Long-island': '0', 'Low-tilt-spectrum': '1', 'Medium-island': '0', 'Short-island': '2', 'Squeal': '1', 'Typical-entropy': '2', 'Voicing-quality': '2', 'Wide-band': '0', 'Xlong-island': '0', 'seq': '1', 'end': 10868.87, 'start': 10868.3}, {'Canonical-syllable': '0', 'Growl': '0', 'High-freq-energy': '0', 'Long-island': '0', 'Low-tilt-spectrum': '0', 'Medium-island': '0', 'Short-island': '1', 'Squeal': '0', 'Typical-entropy': '0', 'Voicing-quality': '1', 'Wide-band': '0', 'Xlong-island': '0', 'seq': '2', 'end': 10869.41, 'start': 10869.23}]",0,0,[],[]
10869410,10870680,FEM,FAN,4.15,395,AICF,EC,3,TIFE,FI,0.0,0,-37.32,-26.95,[],0,0,[],[]
10870680,10871880,NA,OLF,0.0,396,pause,NA,NA,NA,NA,0.0,0,-41.47,-34.63,[],0,0,[],[]
10871880,10872680,NA,SIL,0.0,396,pause,NA,NA,NA,NA,0.0,0,-43.36,-41.04,[],0,0,[],[]
10872680,10874920,NA,TVF,0.0,396,pause,NA,NA,NA,NA,0.0,0,-43.61,-41.12,[],0,0,[],[]
10874920,10875790,NA,NOF,0.0,396,pause,NA,NA,NA,NA,0.0,0,-22.7,-9.01,[],0,0,[],[]
10875790,10876590,NA,OLN,0.0,396,pause,NA,NA,NA,NA,0.0,0,-25.91,-14.03,[],0,0,[],[]
10876590,10878990,NA,NOF,0.0,396,pause,NA,NA,NA,NA,0.0,0,-41.29,-33.0,[],0,0,[],[]
10878990,10879790,NA,SIL,0.0,396,pause,NA,NA,NA,NA,0.0,0,-40.6,-32.19,[],0,0,[],[]
10879790,10882160,NA,NOF,0.0,396,pause,NA,NA,NA,NA,0.0,0,-30.06,-8.05,[],0,0,[],[]
10882160,10883410,NA,FAF,0.0,396,pause,NA,NA,NA,NA,0.0,0,-44.21,-42.21,[],0,0,[],[]
10883410,10884300,NA,NOF,0.0,396,pause,NA,NA,NA,NA,0.0,0,-37.98,-28.61,[],0,0,[],[]
10884300,10887310,NA,MAF,0.0,396,pause,NA,NA,NA,NA,0.0,0,-42.96,-39.36,[],0,0,[],[]
10887310,10888170,NA,CXF,0.0,396,pause,NA,NA,NA,NA,0.0,0,-39.45,-36.14,[],0,0,[],[]
10888170,10889010,NA,SIL,0.0,396,pause,NA,NA,NA,NA,0.0,0,-42.96,-40.32,[],0,0,[],[]
10889010,10890010,NA,TVF,0.0,396,pause,NA,NA,NA,NA,0.0,0,-40.17,-35.44,[],0,0,[],[]
10890010,10893030,NA,NOF,0.0,396,pause,NA,NA,NA,NA,0.0,0,-42.06,-34.99,[],0,0,[],[]
10893030,10893970,NA,SIL,0.0,396,pause,NA,NA,NA,NA,0.0,0,-43.33,-39.72,[],0,0,[],[]
10893970,10895410,CHI,CHN,0.0,396,CM,EC,0,NT,FI,1.0,1440,-22.75,-15.22,"[{'Canonical-syllable': '1', 'Growl': '1', 'High-freq-energy': '0', 'Long-island': '0', 'Low-tilt-spectrum': '0', 'Medium-island': '0', 'Short-island': '3', 'Squeal': '0', 'Typical-entropy': '2', 'Voicing-quality': '4', 'Wide-band': '0', 'Xlong-island': '0', 'seq': '1', 'end': 10895.41, 'start': 10894.17}]",0,0,[],[]
10895410,10897200,NA,FAF,0.0,397,pause,NA,NA,NA,NA,0.0,0,-40.93,-28.05,[],0,0,[],[]
10897200,10899870,NA,NOF,0.0,397,pause,NA,NA,NA,NA,0.0,0,-36.29,-21.14,[],0,0,[],[]
10899870,10900870,NA,MAF,0.0,397,pause,NA,NA,NA,NA,0.0,0,-42.4,-39.67,[],0,0,[],[]
10900870,10901860,NA,SIL,0.0,397,pause,NA,NA,NA,NA,0.0,0,-42.68,-40.2,[],0,0,[],[]
10901860,10903450,NA,TVF,0.0,397,pause,NA,NA,NA,NA,0.0,0,-42.74,-40.14,[],0,0,[],[]
10903450,10905350,NA,NOF,0.0,397,pause,NA,NA,NA,NA,0.0,0,-33.69,-22.11,[],0,0,[],[]
10905350,10906150,NA,OLN,0.0,397,pause,NA,NA,NA,NA,0.0,0,-27.11,-17.08,[],0,0,[],[]
10906150,10907290,NA,NOF,0.0,397,pause,NA,NA,NA,NA,0.0,0,-36.99,-27.34,[],0,0,[],[]
10907290,10907890,CHI,CHN,0.0,397,CIOCX,BC,0,NT,FI,1.0,470,-23.95,-19.43,"[{'Canonical-syllable': '0', 'Growl': '0', 'High-freq-energy': '0', 'Long-island': '0', 'Low-tilt-spectrum': '0', 'Medium-island': '1', 'Short-island': '0', 'Squeal': '0', 'Typical-entropy': '0', 'Voicing-quality': '1', 'Wide-band': '0', 'Xlong-island': '0', 'seq': '1', 'end': 10907.76, 'start': 10907.29}]",0,0,[],[]
10907890,10908690,NA,NOF,0.0,397,CIOCX,NA,NA,NA,NA,0.0,0,-41.59,-36.23,[],0,0,[],[]
10908690,10909470,CHI,CHN,0.0,397,CIOCX,RC,0,NT,FH,1.0,780,-18.4,-14.81,"[{'Canonical-syllable': '0', 'Growl': '0', 'High-freq-energy': '0', 'Long-island': '1', 'Low-tilt-spectrum': '0', 'Medium-island': '0', 'Short-island': '0', 'Squeal': '0', 'Typical-entropy': '0', 'Voicing-quality': '1', 'Wide-band': '0', 'Xlong-island': '0', 'seq': '1', 'end': 10909.47, 'start': 10908.69}]",0,0,[],[]
10909470,10910490,CHI,CHN,0.0,397,CIOCX,NA,NA,NA,NA,0.0,0,-27.32,-15.3,[],0,300,"[{'start': 10910.19, 'end': 10910.49}]",[]
10910490,10912160,CHI,CHN,0.0,397,CIOCX,RC,0,NT,FH,1.0,1670,-16.68,-11.25,"[{'Canonical-syllable': '0', 'Growl': '0', 'High-freq-energy': '0', 'Long-island': '1', 'Low-tilt-spectrum': '0', 'Medium-island': '1', 'Short-island': '1', 'Squeal': '0', 'Typical-entropy': '1', 'Voicing-quality': '3', 'Wide-band': '0', 'Xlong-island': '0', 'seq': '1', 'end': 10912.16, 'start': 10910.49}]",0,0,[],[]
10912160,10913060,FEM,FAN,0.0,397,CIOCX,NA,NA,NA,NA,0.0,0,-29.79,-18.96,[],900,0,[],[]
10913060,10914180,NA,OLF,0.0,397,CIOCX,NA,NA,NA,NA,0.0,0,-37.98,-32.97,[],0,0,[],[]
10914180,10915970,FEM,FAN,0.0,397,CIOCX,NA,NA,NA,NA,0.0,0,-33.4,-15.73,[],1790,0,[],[]
10915970,10916580,CHI,CHN,0.0,397,CIOCX,NA,NA,NA,NA,0.0,0,-15.74,-11.12,[],0,610,"[{'start': 10915.97, 'end': 10916.28}]","[{'start': 10916.28, 'end': 10916.58}]"
10916580,10918900,CHI,CHN,0.0,397,CIOCX,RC,0,NT,FH,1.0,1090,-27.95,-13.74,"[{'Canonical-syllable': '1', 'Growl': '0', 'High-freq-energy': '0', 'Long-island': '0', 'Low-tilt-spectrum': '0', 'Medium-island': '1', 'Short-island': '1', 'Squeal': '0', 'Typical-entropy': '0', 'Voicing-quality': '3', 'Wide-band': '0', 'Xlong-island': '0', 'seq': '1', 'end': 10918.81, 'start': 10917.72}]",0,0,[],[]
10918900,10919620,CHI,CHN,0.0,397,CIOCX,NA,NA,NA,NA,0.0,0,-20.04,-11.51,[],0,240,"[{'start': 10919.38, 'end': 10919.62}]",[]
10919620,10920540,NA,NOF,0.0,397,CIOCX,NA,NA,NA,NA,0.0,0,-37.58,-23.86,[],0,0,[],[]
10920540,10921540,CHI,CHN,0.0,397,CIOCX,RC,0,NT,FH,1.0,500,-18.67,-10.84,"[{'Canonical-syllable': '0', 'Growl': '0', 'High-freq-energy': '0', 'Long-island': '0', 'Low-tilt-spectrum': '0', 'Medium-island': '1', 'Short-island': '0', 'Squeal': '0', 'Typical-entropy': '1', 'Voicing-quality': '1', 'Wide-band': '0', 'Xlong-island': '0', 'seq': '1', 'end': 10921.04, 'start': 10920.54}]",0,0,[],[]
10921540,10922340,NA,SIL,0.0,397,CIOCX,NA,NA,NA,NA,0.0,0,-48.56,-44.4,[],0,0,[],[]
10922340,10923170,CHI,CHN,0.0,397,CIOCX,RC,0,NT,FH,1.0,830,-26.83,-18.22,"[{'Canonical-syllable': '0', 'Growl': '1', 'High-freq-energy': '0', 'Long-island': '0', 'Low-tilt-spectrum': '1', 'Medium-island': '1', 'Short-island': '1', 'Squeal': '0', 'Typical-entropy': '1', 'Voicing-quality': '2', 'Wide-band': '0', 'Xlong-island': '0', 'seq': '1', 'end': 10923.17, 'start': 10922.34}]",0,0,[],[]
10923170,10924740,CHI,CHN,0.0,397,CIOCX,RC,0,NT,FH,1.0,400,-24.15,-11.61,"[{'Canonical-syllable': '1', 'Growl': '0', 'High-freq-energy': '0', 'Long-island': '0', 'Low-tilt-spectrum': '0', 'Medium-island': '0', 'Short-island': '1', 'Squeal': '0', 'Typical-entropy': '1', 'Voicing-quality': '1', 'Wide-band': '0', 'Xlong-island': '0', 'seq': '1', 'end': 10923.57, 'start': 10923.39}]",0,0,[],[]
10924740,10926200,CHI,CHN,0.0,397,CIOCX,RC,0,NT,FH,1.0,1280,-20.07,-9.96,"[{'Canonical-syllable': '1', 'Growl': '1', 'High-freq-energy': '1', 'Long-island': '0', 'Low-tilt-spectrum': '1', 'Medium-island': '1', 'Short-island': '2', 'Squeal': '1', 'Typical-entropy': '2', 'Voicing-quality': '4', 'Wide-band': '0', 'Xlong-island': '0', 'seq': '1', 'end': 10926.02, 'start': 10924.74}]",0,0,[],[]
10926200,10927070,OCH,CXN,0.0,397,CIOCX,RC,0,NT,FI,0.0,0,-37.5,-32.17,[],0,0,[],[]
10927070,10927870,NA,SIL,0.0,397,CIOCX,NA,NA,NA,NA,0.0,0,-43.17,-34.31,[],0,0,[],[]
10927870,10929350,CHI,CHN,0.0,397,CIOCX,RC,0,NT,FI,1.0,1480,-25.2,-18.91,"[{'Canonical-syllable': '2', 'Growl': '1', 'High-freq-energy': '0', 'Long-island': '0', 'Low-tilt-spectrum': '2', 'Medium-island': '1', 'Short-island': '3', 'Squeal': '0', 'Typical-entropy': '4', 'Voicing-quality': '4', 'Wide-band': '0', 'Xlong-island': '0', 'seq': '1', 'end': 10929.35, 'start': 10927.87}]",0,0,[],[]
10929350,10932160,NA,SIL,0.0,397,CIOCX,NA,NA,NA,NA,0.0,0,-47.37,-41.5,[],0,0,[],[]
10932160,10933360,CHI,CHN,0.0,397,CIOCX,EC,0,NT,FH,1.0,810,-18.05,-8.47,"[{'Canonical-syllable': '1', 'Growl': '0', 'High-freq-energy': '1', 'Long-island': '0', 'Low-tilt-spectrum': '2', 'Medium-island': '1', 'Short-island': '1', 'Squeal': '0', 'Typical-entropy': '2', 'Voicing-quality': '2', 'Wide-band': '0', 'Xlong-island': '0', 'seq': '1', 'end': 10932.97, 'start': 10932.16}]",0,0,[],[]
10933360,10934460,NA,SIL,0.0,398,pause,NA,NA,NA,NA,0.0,0,-47.61,-42.3,[],0,0,[],[]
10934460,10936650,NA,MAF,0.0,398,pause,NA,NA,NA,NA,0.0,0,-41.06,-33.64,[],0,0,[],[]
10936650,10937960,NA,TVF,0.0,398,pause,NA,NA,NA,NA,0.0,0,-43.4,-39.16,[],0,0,[],[]
10937960,10938960,NA,FAF,0.0,398,pause,NA,NA,NA,NA,0.0,0,-43.39,-38.06,[],0,0,[],[]
10938960,10942680,NA,SIL,0.0,398,pause,NA,NA,NA,NA,0.0,0,-47.24,-42.03,[],0,0,[],[]
10942680,10943480,NA,NOF,0.0,398,pause,NA,NA,NA,NA,0.0,0,-42.84,-30.94,[],0,0,[],[]
10943480,10944750,CHI,CHN,0.0,398,CIC,BC,0,NT,FI,1.0,880,-24.62,-14.23,"[{'Canonical-syllable': '0', 'Growl': '0', 'High-freq-energy': '0', 'Long-island': '1', 'Low-tilt-spectrum': '0', 'Medium-island': '0', 'Short-island': '0', 'Squeal': '0', 'Typical-entropy': '1', 'Voicing-quality': '2', 'Wide-band': '0', 'Xlong-island': '0', 'seq': '1', 'end': 10944.75, 'start': 10943.87}]",0,0,[],[]
10944750,10945790,NA,OLN,0.0,398,CIC,NA,NA,NA,NA,0.0,0,-28.12,-14.59,[],0,0,[],[]
10945790,10947980,CHI,CHN,0.0,398,CIC,RC,0,NT,FH,2.0,1600,-25.43,-16.75,"[{'Canonical-syllable': '0', 'Growl': '1', 'High-freq-energy': '0', 'Long-island': '0', 'Low-tilt-spectrum': '1', 'Medium-island': '0', 'Short-island': '1', 'Squeal': '0', 'Typical-entropy': '1', 'Voicing-quality': '1', 'Wide-band': '0', 'Xlong-island': '0', 'seq': '1', 'end': 10946.06, 'start': 10945.79}, {'Canonical-syllable': '3', 'Growl': '0', 'High-freq-energy': '0', 'Long-island': '0', 'Low-tilt-spectrum': '0', 'Medium-island': '3', 'Short-island': '0', 'Squeal': '0', 'Typical-entropy': '0', 'Voicing-quality': '3', 'Wide-band': '0', 'Xlong-island': '0', 'seq': '2', 'end': 10947.98, 'start': 10946.65}]",0,0,[],[]
10947980,10948840,NA,NOF,0.0,398,CIC,NA,NA,NA,NA,0.0,0,-38.75,-26.01,[],0,0,[],[]
10948840,10950010,CHI,CHN,0.0,398,CIC,RC,0,NT,FH,1.0,1080,-15.61,-5.55,"[{'Canonical-syllable': '1', 'Growl': '0', 'High-freq-energy': '0', 'Long-island': '0', 'Low-tilt-spectrum': '2', 'Medium-island': '2', 'Short-island': '0', 'Squeal': '0', 'Typical-entropy': '2', 'Voicing-quality': '2', 'Wide-band': '0', 'Xlong-island': '0', 'seq': '1', 'end': 10949.92, 'start': 10949.04}]",0,0,[],[]
10950010,10951860,NA,NOF,0.0,398,CIC,NA,NA,NA,NA,0.0,0,-39.89,-29.13,[],0,0,[],[]
10951860,10955780,CHI,CHN,0.0,398,CIC,RC,0,NT,FH,4.0,2840,-24.21,-14.43,"[{'Canonical-syllable': '0', 'Growl': '0', 'High-freq-energy': '0', 'Long-island': '1', 'Low-tilt-spectrum': '0', 'Medium-island': '0', 'Short-island': '0', 'Squeal': '0', 'Typical-entropy': '1', 'Voicing-quality': '1', 'Wide-band': '0', 'Xlong-island': '0', 'seq': '1', 'end': 10952.57, 'start': 10951.86}, {'Canonical-syllable': '2', 'Growl': '0', 'High-freq-energy': '0', 'Long-island': '0', 'Low-tilt-spectrum': '0', 'Medium-island': '2', 'Short-island': '0', 'Squeal': '0', 'Typical-entropy': '2', 'Voicing-quality': '2', 'Wide-band': '0', 'Xlong-island': '0', 'seq': '2', 'end': 10953.68, 'start': 10952.95}, {'Canonical-syllable': '1', 'Growl': '0', 'High-freq-energy': '0', 'Long-island': '0', 'Low-tilt-spectrum': '0', 'Medium-island': '2', 'Short-island': '0', 'Squeal': '0', 'Typical-entropy': '2', 'Voicing-quality': '2', 'Wide-band': '0', 'Xlong-island': '0', 'seq': '3', 'end': 10954.69, 'start': 10954.03}, {'Canonical-syllable': '1', 'Growl': '0', 'High-freq-energy': '0', 'Long-island': '0', 'Low-tilt-spectrum': '1', 'Medium-island': '1', 'Short-island': '1', 'Squeal': '0', 'Typical-entropy': '2', 'Voicing-quality': '2', 'Wide-band': '0', 'Xlong-island': '0', 'seq': '4', 'end': 10955.78, 'start': 10955.04}]",0,0,[],[]
10955780,10956580,OCH,CXN,0.0,398,CIC,RC,0,NT,FI,0.0,0,-34.82,-25.12,[],0,0,[],[]
10956580,10957180,CHI,CHN,0.0,398,CIC,RC,0,NT,FI,1.0,600,-18.02,-11.69,"[{'Canonical-syllable': '1', 'Growl': '0', 'High-freq-energy': '0', 'Long-island': '0', 'Low-tilt-spectrum': '2', 'Medium-island': '1', 'Short-island': '1', 'Squeal': '0', 'Typical-entropy': '2', 'Voicing-quality': '2', 'Wide-band': '0', 'Xlong-island': '0', 'seq': '1', 'end': 10957.18, 'start': 10956.58}]",0,0,[],[]
10957180,10958630,CHI,CHN,0.0,398,CIC,RC,0,NT,FH,1.0,640,-26.73,-15.97,"[{'Canonical-syllable': '0', 'Growl': '0', 'High-freq-energy': '0', 'Long-island': '0', 'Low-tilt-spectrum': '0', 'Medium-island': '1', 'Short-island': '1', 'Squeal': '0', 'Typical-entropy': '1', 'Voicing-quality': '2', 'Wide-band': '0', 'Xlong-island': '0', 'seq': '1', 'end': 10957.82, 'start': 10957.18}]",0,0,[],[]
10958630,10959240,CHI,CHN,0.0,398,CIC,RC,0,TIFI,FH,2.0,280,-20.09,-6.77,"[{'Canonical-syllable': '1', 'Growl': '0', 'High-freq-energy': '0', 'Long-island': '0', 'Low-tilt-spectrum': '0', 'Medium-island': '0', 'Short-island': '1', 'Squeal': '0', 'Typical-entropy': '0', 'Voicing-quality': '1', 'Wide-band': '0', 'Xlong-island': '0', 'seq': '1', 'end': 10958.82, 'start': 10958.63}, {'Canonical-syllable': '0', 'Growl': '0', 'High-freq-energy': '0', 'Long-island': '0', 'Low-tilt-spectrum': '0', 'Medium-island': '0', 'Short-island': '0', 'Squeal': '0', 'Typical-entropy': '0', 'Voicing-quality': '0', 'Wide-band': '0', 'Xlong-island': '0', 'seq': '2', 'end': 10959.24, 'start': 10959.15}]",0,0,[],[]
10959240,10960240,NA,FAF,0.0,398,CIC,NA,NA,NA,NA,0.0,0,-40.25,-26.86,[],0,0,[],[]
10960240,10962300,NA,NOF,0.0,398,CIC,NA,NA,NA,NA,0.0,0,-42.55,-32.52,[],0,0,[],[]
10962300,10963620,FEM,FAN,6.48,398,CIC,RC,1,TIFR,FI,0.0,0,-36.26,-25.45,[],0,0,[],[]
10963620,10965420,NA,OLN,0.0,398,CIC,NA,NA,NA,NA,0.0,0,-25.29,-15.63,[],0,0,[],[]
10965420,10969150,CHI,CHN,0.0,398,CIC,RC,1,TIFE,FI,2.0,3360,-22.53,-12.98,"[{'Canonical-syllable': '1', 'Growl': '0', 'High-freq-energy': '0', 'Long-island': '0', 'Low-tilt-spectrum': '0', 'Medium-island': '0', 'Short-island': '2', 'Squeal': '0', 'Typical-entropy': '2', 'Voicing-quality': '3', 'Wide-band': '0', 'Xlong-island': '1', 'seq': '1', 'end': 10967.16, 'start': 10965.42}, {'Canonical-syllable': '2', 'Growl': '0', 'High-freq-energy': '0', 'Long-island': '1', 'Low-tilt-spectrum': '2', 'Medium-island': '1', 'Short-island': '2', 'Squeal': '0', 'Typical-entropy': '4', 'Voicing-quality': '4', 'Wide-band': '0', 'Xlong-island': '0', 'seq': '2', 'end': 10969.15, 'start': 10967.53}]",0,0,[],[]
10969150,10970740,FEM,FAN,0.0,398,CIC,NA,NA,NA,NA,0.0,0,-31.57,-26.73,[],1590,0,[],[]
10970740,10971540,NA,NOF,0.0,398,CIC,NA,NA,NA,NA,0.0,0,-38.96,-28.54,[],0,0,[],[]
10971540,10972140,CHI,CHN,0.0,398,CIC,EC,1,NT,FH,1.0,600,-25.36,-20.35,"[{'Canonical-syllable': '0', 'Growl': '0', 'High-freq-energy': '0', 'Long-island': '0', 'Low-tilt-spectrum': '0', 'Medium-island': '1', 'Short-island': '0', 'Squeal': '0', 'Typical-entropy': '1', 'Voicing-quality': '1', 'Wide-band': '0', 'Xlong-island': '0', 'seq': '1', 'end': 10972.14, 'start': 10971.62}]",0,0,[],[]
10972140,10973140,NA,MAF,0.0,399,pause,NA,NA,NA,NA,0.0,0,-37.92,-33.22,[],0,0,[],[]
10973140,10974400,NA,FAF,0.0,399,pause,NA,NA,NA,NA,0.0,0,-38.77,-32.94,[],0,0,[],[]
10974400,10975010,FEM,FAN,0.0,399,pause,NA,NA,NA,NA,0.0,0,-35.86,-32.85,[],610,0,[],[]
10975010,10976010,NA,MAF,0.0,399,pause,NA,NA,NA,NA,0.0,0,-42.53,-35.27,[],0,0,[],[]
10976010,10977010,NA,FAF,0.0,399,pause,NA,NA,NA,NA,0.0,0,-38.63,-33.95,[],0,0,[],[]
10977010,10978950,NA,MAF,0.0,399,pause,NA,NA,NA,NA,0.0,0,-42.59,-38.53,[],0,0,[],[]
10978950,10979760,NA,NOF,0.0,399,pause,NA,NA,NA,NA,0.0,0,-39.22,-22.52,[],0,0,[],[]
10979760,10981140,FEM,FAN,2.38,399,AIOCF,BC,0,NT,FI,0.0,0,-37.13,-30.0,[],0,0,[],[]
10981140,10982230,NA,SIL,0.0,399,AIOCF,NA,NA,NA,NA,0.0,0,-43.69,-41.43,[],0,0,[],[]
10982230,10983070,NA,CXF,0.0,399,AIOCF,NA,NA,NA,NA,0.0,0,-42.17,-32.23,[],0,0,[],[]
10983070,10984380,FEM,FAN,0.0,399,AIOCF,NA,NA,NA,NA,0.0,0,-36.59,-29.11,[],1310,0,[],[]
10984380,10985320,NA,NOF,0.0,399,AIOCF,NA,NA,NA,NA,0.0,0,-40.25,-30.44,[],0,0,[],[]
10985320,10986010,OCH,CXN,0.0,399,AIOCF,RC,0,NT,FI,0.0,0,-31.16,-26.56,[],0,0,[],[]
10986010,10987390,NA,NOF,0.0,399,AIOCF,NA,NA,NA,NA,0.0,0,-40.6,-34.46,[],0,0,[],[]
10987390,10988420,FEM,FAN,4.2,399,AIOCF,RC,0,NT,FI,0.0,0,-29.8,-23.92,[],0,0,[],[]
10988420,10989450,FEM,FAN,2.27,399,AIOCF,RC,0,NT,FH,0.0,0,-33.92,-26.24,[],0,0,[],[]
10989450,10990470,FEM,FAN,5.63,399,AIOCF,EC,0,NT,FH,0.0,0,-33.19,-28.94,[],0,0,[],[]
10990470,10992750,NA,FAF,0.0,400,pause,NA,NA,NA,NA,0.0,0,-38.46,-30.25,[],0,0,[],[]
10992750,10993770,NA,SIL,0.0,400,pause,NA,NA,NA,NA,0.0,0,-43.58,-42.04,[],0,0,[],[]
10993770,10995910,NA,FAF,0.0,400,pause,NA,NA,NA,NA,0.0,0,-39.01,-34.64,[],0,0,[],[]
10995910,10996610,CHI,CHN,0.0,400,CIC,BC,0,NT,FI,1.0,700,-18.59,-10.68,"[{'Canonical-syllable': '0', 'Growl': '0', 'High-freq-energy': '0', 'Long-island': '0', 'Low-tilt-spectrum': '2', 'Medium-island': '1', 'Short-island': '1', 'Squeal': '0', 'Typical-entropy': '1', 'Voicing-quality': '2', 'Wide-band': '0', 'Xlong-island': '0', 'seq': '1', 'end': 10996.61, 'start': 10995.91}]",0,0,[],[]
10996610,10997410,NA,OLN,0.0,400,CIC,NA,NA,NA,NA,0.0,0,-35.79,-25.64,[],0,0,[],[]
10997410,10998240,NA,SIL,0.0,400,CIC,NA,NA,NA,NA,0.0,0,-42.32,-38.74,[],0,0,[],[]
10998240,10998950,CHI,CHN,0.0,400,CIC,RC,0,TIFI,FH,1.0,710,-16.3,-10.36,"[{'Canonical-syllable': '1', 'Growl': '0', 'High-freq-energy': '0', 'Long-island': '0', 'Low-tilt-spectrum': '0', 'Medium-island': '1', 'Short-island': '1', 'Squeal': '0', 'Typical-entropy': '1', 'Voicing-quality': '2', 'Wide-band': '0', 'Xlong-island': '0', 'seq': '1', 'end': 10998.95, 'start': 10998.24}]",0,0,[],[]
10998950,11000050,FEM,FAN,3.81,400,CIC,RC,1,TIFR,FI,0.0,0,-27.4,-14.19,[],0,0,[],[]
11000050,11000650,CHI,CHN,0.0,400,CIC,RC,1,TIFI,FI,1.0,600,-18.2,-13.5,"[{'Canonical-syllable': '1', 'Growl': '0', 'High-freq-energy': '0', 'Long-island': '0', 'Low-tilt-spectrum': '0', 'Medium-island': '1', 'Short-island': '1', 'Squeal': '0', 'Typical-entropy': '1', 'Voicing-quality': '2', 'Wide-band': '0', 'Xlong-island': '0', 'seq': '1', 'end': 11000.65, 'start': 11000.05}]",0,0,[],[]
11000650,11002140,FEM,FAN,4.16,400,CIC,RC,2,TIFR,FI,0.0,0,-29.46,-18.48,[],0,0,[],[]
11002140,11002740,CHI,CHN,0.0,400,CIC,RC,2,TIFE,FI,1.0,600,-18.28,-14.53,"[{'Canonical-syllable': '0', 'Growl': '0', 'High-freq-energy': '0', 'Long-island': '0', 'Low-tilt-spectrum': '0', 'Medium-island': '1', 'Short-island': '1', 'Squeal': '0', 'Typical-entropy': '1', 'Voicing-quality': '2', 'Wide-band': '0', 'Xlong-island': '0', 'seq': '1', 'end': 11002.74, 'start': 11002.14}]",0,0,[],[]
11002740,11003740,CHI,CHN,0.0,400,CIC,RC,2,NT,FH,2.0,420,-20.31,-11.02,"[{'Canonical-syllable': '0', 'Growl': '0', 'High-freq-energy': '0', 'Long-island': '0', 'Low-tilt-spectrum': '1', 'Medium-island': '0', 'Short-island': '1', 'Squeal': '0', 'Typical-entropy': '0', 'Voicing-quality': '1', 'Wide-band': '0', 'Xlong-island': '0', 'seq': '1', 'end': 11002.92, 'start': 11002.74}, {'Canonical-syllable': '1', 'Growl': '0', 'High-freq-energy': '0', 'Long-island': '0', 'Low-tilt-spectrum': '0', 'Medium-island': '0', 'Short-island': '1', 'Squeal': '0', 'Typical-entropy': '0', 'Voicing-quality': '1', 'Wide-band': '0', 'Xlong-island': '0', 'seq': '2', 'end': 11003.63, 'start': 11003.39}]",0,0,[],[]
11003740,11004340,CHI,CHN,0.0,400,CIC,EC,2,NT,FH,1.0,480,-18.55,-13.45,"[{'Canonical-syllable': '0', 'Growl': '0', 'High-freq-energy': '1', 'Long-island': '0', 'Low-tilt-spectrum': '1', 'Medium-island': '1', 'Short-island': '1', 'Squeal': '0', 'Typical-entropy': '1', 'Voicing-quality': '2', 'Wide-band': '0', 'Xlong-island': '0', 'seq': '1', 'end': 11004.22, 'start': 11003.74}]",0,0,[],[]
11004340,11005600,CHI,CHN,0.0,401,pause,NA,NA,NA,NA,0.0,0,-23.54,-16.69,[],0,1130,"[{'start': 11004.34, 'end': 11005.47}]",[]
11005600,11006770,NA,SIL,0.0,401,pause,NA,NA,NA,NA,0.0,0,-44.83,-41.44,[],0,0,[],[]
11006770,11007770,NA,TVF,0.0,401,pause,NA,NA,NA,NA,0.0,0,-45.04,-43.0,[],0,0,[],[]
11007770,11009680,NA,SIL,0.0,401,pause,NA,NA,NA,NA,0.0,0,-44.98,-42.62,[],0,0,[],[]
11009680,11010480,NA,MAF,0.0,401,pause,NA,NA,NA,NA,0.0,0,-45.19,-42.81,[],0,0,[],[]
11010480,11011220,CHI,CHN,0.0,401,CIC,BC,0,NT,FI,1.0,740,-16.56,-8.97,"[{'Canonical-syllable': '0', 'Growl': '0', 'High-freq-energy': '0', 'Long-island': '1', 'Low-tilt-spectrum': '0', 'Medium-island': '0', 'Short-island': '0', 'Squeal': '0', 'Typical-entropy': '0', 'Voicing-quality': '1', 'Wide-band': '0', 'Xlong-island': '0', 'seq': '1', 'end': 11011.22, 'start': 11010.48}]",0,0,[],[]
11011220,11012230,CHI,CHN,0.0,401,CIC,RC,0,NT,FH,2.0,340,-25.79,-16.85,"[{'Canonical-syllable': '0', 'Growl': '0', 'High-freq-energy': '0', 'Long-island': '0', 'Low-tilt-spectrum': '0', 'Medium-island': '0', 'Short-island': '1', 'Squeal': '0', 'Typical-entropy': '0', 'Voicing-quality': '1', 'Wide-band': '0', 'Xlong-island': '0', 'seq': '1', 'end': 11011.42, 'start': 11011.22}, {'Canonical-syllable': '0', 'Growl': '1', 'High-freq-energy': '0', 'Long-island': '0', 'Low-tilt-spectrum': '0', 'Medium-island': '0', 'Short-island': '1', 'Squeal': '0', 'Typical-entropy': '0', 'Voicing-quality': '1', 'Wide-band': '1', 'Xlong-island': '0', 'seq': '2', 'end': 11011.91, 'start': 11011.77}]",0,0,[],[]
11012230,11013480,NA,FAF,0.0,401,CIC,NA,NA,NA,NA,0.0,0,-44.01,-41.2,[],0,0,[],[]
11013480,11014280,NA,NON,0.0,401,CIC,NA,NA,NA,NA,0.0,0,-29.91,-18.0,[],0,0,[],[]
11014280,11015120,NA,OLN,0.0,401,CIC,NA,NA,NA,NA,0.0,0,-21.72,-10.14,[],0,0,[],[]
11015120,11016420,NA,MAF,0.0,401,CIC,NA,NA,NA,NA,0.0,0,-44.39,-41.73,[],0,0,[],[]
11016420,11017180,CHI,CHN,0.0,401,CIC,RC,0,TIFI,FH,1.0,760,-13.8,-5.25,"[{'Canonical-syllable': '1', 'Growl': '0', 'High-freq-energy': '0', 'Long-island': '0', 'Low-tilt-spectrum': '2', 'Medium-island': '1', 'Short-island': '1', 'Squeal': '0', 'Typical-entropy': '2', 'Voicing-quality': '2', 'Wide-band': '0', 'Xlong-island': '0', 'seq': '1', 'end': 11017.18, 'start': 11016.59}]",0,0,[],[]
11017180,11019550,FEM,FAN,10.07,401,CIC,EC,1,TIFR,FI,0.0,0,-28.31,-17.3,[],0,0,[],[]
11019550,11020900,NA,TVF,0.0,402,pause,NA,NA,NA,NA,0.0,0,-42.75,-38.52,[],0,0,[],[]
11020900,11022690,NA,SIL,0.0,402,pause,NA,NA,NA,NA,0.0,0,-44.24,-41.49,[],0,0,[],[]
11022690,11023760,NA,NOF,0.0,402,pause,NA,NA,NA,NA,0.0,0,-43.89,-40.73,[],0,0,[],[]
11023760,11025700,NA,TVF,0.0,402,pause,NA,NA,NA,NA,0.0,0,-44.45,-41.99,[],0,0,[],[]
11025700,11027480,CHI,CHN,0.0,402,CIC,BC,0,NT,FI,1.0,1780,-24.82,-15.77,"[{'Canonical-syllable': '1', 'Growl': '0', 'High-freq-energy': '0', 'Long-island': '1', 'Low-tilt-spectrum': '0', 'Medium-island': '1', 'Short-island': '1', 'Squeal': '0', 'Typical-entropy': '1', 'Voicing-quality': '3', 'Wide-band': '0', 'Xlong-island': '0', 'seq': '1', 'end': 11027.48, 'start': 11025.7}]",0,0,[],[]
11027480,11028480,NA,MAF,0.0,402,CIC,NA,NA,NA,NA,0.0,0,-36.06,-23.55,[],0,0,[],[]
11028480,11029140,OCH,CXN,0.0,402,CIC,RC,0,NT,FI,0.0,0,-23.17,-18.5,[],0,0,[],[]
11029140,11030520,NA,TVF,0.0,402,CIC,NA,NA,NA,NA,0.0,0,-41.67,-30.32,[],0,0,[],[]
11030520,11031120,CHI,CHN,0.0,402,CIC,RC,0,TIFI,FI,1.0,600,-24.65,-16.15,"[{'Canonical-syllable': '1', 'Growl': '1', 'High-freq-energy': '0', 'Long-island': '0', 'Low-tilt-spectrum': '1', 'Medium-island': '0', 'Short-island': '2', 'Squeal': '0', 'Typical-entropy': '1', 'Voicing-quality': '2', 'Wide-band': '0', 'Xlong-island': '0', 'seq': '1', 'end': 11031.12, 'start': 11030.6}]",0,0,[],[]
11031120,11034470,FEM,FAN,9.47,402,CIC,RC,1,TIFR,FI,0.0,0,-29.85,-14.85,[],0,0,[],[]
11034470,11035800,CHI,CHN,0.0,402,CIC,RC,1,TIFI,FI,1.0,1330,-21.06,-14.7,"[{'Canonical-syllable': '1', 'Growl': '0', 'High-freq-energy': '1', 'Long-island': '0', 'Low-tilt-spectrum': '3', 'Medium-island': '3', 'Short-island': '0', 'Squeal': '0', 'Typical-entropy': '3', 'Voicing-quality': '3', 'Wide-band': '0', 'Xlong-island': '0', 'seq': '1', 'end': 11035.8, 'start': 11034.61}]",0,0,[],[]
11035800,11037400,NA,FAF,0.0,402,CIC,NA,NA,NA,NA,0.0,0,-40.15,-28.79,[],0,0,[],[]
11037400,11038400,NA,MAF,0.0,402,CIC,NA,NA,NA,NA,0.0,0,-41.7,-37.86,[],0,0,[],[]
11038400,11040530,FEM,FAN,7.14,402,CIC,RC,2,TIFR,FI,0.0,0,-38.08,-30.08,[],0,0,[],[]
11040530,11041780,NA,TVF,0.0,402,CIC,NA,NA,NA,NA,0.0,0,-43.78,-40.18,[],0,0,[],[]
11041780,11043010,CHI,CHN,0.0,402,CIC,RC,2,TIFI,FI,1.0,1230,-31.93,-25.66,"[{'Canonical-syllable': '1', 'Growl': '1', 'High-freq-energy': '0', 'Long-island': '0', 'Low-tilt-spectrum': '1', 'Medium-island': '3', 'Short-island': '0', 'Squeal': '0', 'Typical-entropy': '1', 'Voicing-quality': '3', 'Wide-band': '0', 'Xlong-island': '0', 'seq': '1', 'end': 11043.01, 'start': 11041.78}]",0,0,[],[]
11043010,11043810,NA,MAF,0.0,402,CIC,NA,NA,NA,NA,0.0,0,-39.82,-35.49,[],0,0,[],[]
11043810,11044820,NA,FAF,0.0,402,CIC,NA,NA,NA,NA,0.0,0,-40.81,-32.28,[],0,0,[],[]
11044820,11045860,NA,MAF,0.0,402,CIC,NA,NA,NA,NA,0.0,0,-41.87,-38.02,[],0,0,[],[]
11045860,11046970,NA,NOF,0.0,402,CIC,NA,NA,NA,NA,0.0,0,-15.36,-3.65,[],0,0,[],[]
11046970,11047980,FEM,FAN,1.33,402,CIC,RC,3,TIFR,FI,0.0,0,-32.77,-21.7,[],0,0,[],[]
11047980,11048810,NA,OLF,0.0,402,CIC,NA,NA,NA,NA,0.0,0,-34.56,-29.02,[],0,0,[],[]
11048810,11050400,NA,MAF,0.0,402,CIC,NA,NA,NA,NA,0.0,0,-39.82,-34.71,[],0,0,[],[]
11050400,11051400,FEM,FAN,5.79,402,CIC,RC,3,NT,FH,0.0,0,-37.13,-31.03,[],0,0,[],[]
11051400,11052290,NA,NOF,0.0,402,CIC,NA,NA,NA,NA,0.0,0,-40.98,-36.05,[],0,0,[],[]
11052290,11053180,CHI,CHN,0.0,402,CIC,EC,3,TIFE,FI,1.0,890,-22.22,-13.42,"[{'Canonical-syllable': '0', 'Growl': '2', 'High-freq-energy': '0', 'Long-island': '0', 'Low-tilt-spectrum': '2', 'Medium-island': '0', 'Short-island': '2', 'Squeal': '0', 'Typical-entropy': '3', 'Voicing-quality': '3', 'Wide-band': '0', 'Xlong-island': '0', 'seq': '1', 'end': 11053.18, 'start': 11052.29}]",0,0,[],[]
11053180,11053980,FEM,FAN,0.0,403,pause,NA,NA,NA,NA,0.0,0,-29.99,-17.16,[],800,0,[],[]
11053980,11054980,NA,FAF,0.0,403,pause,NA,NA,NA,NA,0.0,0,-39.83,-34.47,[],0,0,[],[]
11054980,11055990,NA,MAF,0.0,403,pause,NA,NA,NA,NA,0.0,0,-40.64,-33.85,[],0,0,[],[]
11055990,11056790,NA,OLF,0.0,403,pause,NA,NA,NA,NA,0.0,0,-41.07,-38.13,[],0,0,[],[]
11056790,11057730,NA,MAF,0.0,403,pause,NA,NA,NA,NA,0.0,0,-41.43,-36.64,[],0,0,[],[]
11057730,11058900,NA,CXF,0.0,403,pause,NA,NA,NA,NA,0.0,0,-36.15,-19.52,[],0,0,[],[]
11058900,11060950,NA,TVF,0.0,403,pause,NA,NA,NA,NA,0.0,0,-40.58,-37.31,[],0,0,[],[]
11060950,11061770,OCH,CXN,0.0,403,XIOCC,BC,0,NT,FI,0.0,0,-27.81,-21.14,[],0,0,[],[]
11061770,11062670,CHI,CHN,0.0,403,XIOCC,RC,0,NT,FI,1.0,900,-22.43,-17.24,"[{'Canonical-syllable': '0', 'Growl': '0', 'High-freq-energy': '0', 'Long-island': '1', 'Low-tilt-spectrum': '0', 'Medium-island': '0', 'Short-island': '0', 'Squeal': '0', 'Typical-entropy': '0', 'Voicing-quality': '1', 'Wide-band': '0', 'Xlong-island': '0', 'seq': '1', 'end': 11062.67, 'start': 11061.77}]",0,0,[],[]
11062670,11063860,NA,FAF,0.0,403,XIOCC,NA,NA,NA,NA,0.0,0,-37.79,-31.53,[],0,0,[],[]
11063860,11065070,CHI,CHN,0.0,403,XIOCC,EC,0,NT,FH,1.0,1040,-24.05,-14.64,"[{'Canonical-syllable': '1', 'Growl': '0', 'High-freq-energy': '0', 'Long-island': '0', 'Low-tilt-spectrum': '0', 'Medium-island': '1', 'Short-island': '2', 'Squeal': '0', 'Typical-entropy': '3', 'Voicing-quality': '3', 'Wide-band': '0', 'Xlong-island': '0', 'seq': '1', 'end': 11064.9, 'start': 11063.95}]",0,0,[],[]
11065070,11067090,NA,NOF,0.0,404,pause,NA,NA,NA,NA,0.0,0,-27.73,-9.16,[],0,0,[],[]
11067090,11067900,NA,OLN,0.0,404,pause,NA,NA,NA,NA,0.0,0,-24.1,-12.33,[],0,0,[],[]
11067900,11068810,NA,OLF,0.0,404,pause,NA,NA,NA,NA,0.0,0,-28.49,-17.55,[],0,0,[],[]
11068810,11070250,NA,SIL,0.0,404,pause,NA,NA,NA,NA,0.0,0,-47.07,-39.06,[],0,0,[],[]
11070250,11075540,NA,NOF,0.0,404,pause,NA,NA,NA,NA,0.0,0,-36.68,-19.69,[],0,0,[],[]
11075540,11076460,FEM,FAN,2.32,404,AICF,BC,0,NT,FI,0.0,0,-34.12,-27.36,[],0,0,[],[]
11076460,11079440,NA,NOF,0.0,404,AICF,NA,NA,NA,NA,0.0,0,-32.84,-12.06,[],0,0,[],[]
11079440,11080250,NA,OLF,0.0,404,AICF,NA,NA,NA,NA,0.0,0,-36.73,-26.04,[],0,0,[],[]
11080250,11080900,CHI,CHN,0.0,404,AICF,NA,NA,NA,NA,0.0,0,-16.48,-9.16,[],0,440,[],"[{'start': 11080.25, 'end': 11080.69}]"
11080900,11081950,FEM,FAN,3.85,404,AICF,RC,0,NT,FH,0.0,0,-34.77,-27.14,[],0,0,[],[]
11081950,11082750,NA,SIL,0.0,404,AICF,NA,NA,NA,NA,0.0,0,-42.85,-40.92,[],0,0,[],[]
11082750,11083840,NA,NOF,0.0,404,AICF,NA,NA,NA,NA,0.0,0,-42.51,-39.98,[],0,0,[],[]
11083840,11084840,OCH,CXN,0.0,404,AICF,RC,0,NT,FI,0.0,0,-17.66,-10.61,[],0,0,[],[]
11084840,11087770,NA,OLN,0.0,404,AICF,NA,NA,NA,NA,0.0,0,-27.02,-13.35,[],0,0,[],[]
11087770,11089010,CHI,CHN,0.0,404,AICF,RC,0,TIFI,FI,1.0,1240,-20.78,-10.77,"[{'Canonical-syllable': '1', 'Growl': '1', 'High-freq-energy': '0', 'Long-island': '0', 'Low-tilt-spectrum': '1', 'Medium-island': '0', 'Short-island': '3', 'Squeal': '1', 'Typical-entropy': '2', 'Voicing-quality': '4', 'Wide-band': '0', 'Xlong-island': '0', 'seq': '1', 'end': 11089.01, 'start': 11087.77}]",0,0,[],[]
11089010,11090960,NA,OLN,0.0,404,AICF,NA,NA,NA,NA,0.0,0,-25.42,-13.53,[],0,0,[],[]
11090960,11092630,FEM,FAN,0.62,404,AICF,RC,1,TIFR,FI,0.0,0,-30.64,-22.51,[],0,0,[],[]
11092630,11093230,FEM,FAN,0.0,404,AICF,NA,NA,NA,NA,0.0,0,-26.49,-23.56,[],600,0,[],[]
11093230,11094240,CHI,CHN,0.0,404,AICF,RC,1,TIFI,FI,1.0,1010,-14.6,-8.75,"[{'Canonical-syllable': '0', 'Growl': '0', 'High-freq-energy': '0', 'Long-island': '0', 'Low-tilt-spectrum': '0', 'Medium-island': '0', 'Short-island': '0', 'Squeal': '0', 'Typical-entropy': '0', 'Voicing-quality': '1', 'Wide-band': '0', 'Xlong-island': '1', 'seq': '1', 'end': 11094.24, 'start': 11093.23}]",0,0,[],[]
11094240,11095040,NA,OLN,0.0,404,AICF,NA,NA,NA,NA,0.0,0,-27.33,-14.45,[],0,0,[],[]
11095040,11097810,FEM,FAN,10.14,404,AICF,RC,2,TIFR,FI,0.0,0,-24.82,-14.44,[],0,0,[],[]
11097810,11098620,NA,OLN,0.0,404,AICF,NA,NA,NA,NA,0.0,0,-26.18,-20.33,[],0,0,[],[]
11098620,11099350,OCH,CXN,0.0,404,AICF,RC,2,NT,FI,0.0,0,-28.28,-23.18,[],0,0,[],[]
11099350,11100420,FEM,FAN,0.0,404,AICF,NA,NA,NA,NA,0.0,0,-34.96,-26.26,[],1070,0,[],[]
11100420,11101220,NA,OLF,0.0,404,AICF,NA,NA,NA,NA,0.0,0,-39.47,-29.53,[],0,0,[],[]
11101220,11102020,NA,OLN,0.0,404,AICF,NA,NA,NA,NA,0.0,0,-20.8,-9.01,[],0,0,[],[]
11102020,11103020,FEM,FAN,0.56,404,AICF,RC,2,NT,FI,0.0,0,-23.92,-17.95,[],0,0,[],[]
11103020,11103820,NA,NOF,0.0,404,AICF,NA,NA,NA,NA,0.0,0,-39.49,-28.49,[],0,0,[],[]
11103820,11105160,NA,OLN,0.0,404,AICF,NA,NA,NA,NA,0.0,0,-18.13,-1.07,[],0,0,[],[]
11105160,11106050,NA,NOF,0.0,404,AICF,NA,NA,NA,NA,0.0,0,-31.94,-20.94,[],0,0,[],[]
11106050,11107050,FEM,FAN,2.27,404,AICF,RC,2,NT,FH,0.0,0,-27.56,-22.81,[],0,0,[],[]
11107050,11108530,NA,NOF,0.0,404,AICF,NA,NA,NA,NA,0.0,0,-42.52,-35.27,[],0,0,[],[]
11108530,11109440,NA,OLN,0.0,404,AICF,NA,NA,NA,NA,0.0,0,-16.75,-3.46,[],0,0,[],[]
11109440,11110360,OCH,CXN,0.0,404,AICF,RC,2,NT,FI,0.0,0,-20.15,-11.37,[],0,0,[],[]
11110360,11110970,CHI,CHN,0.0,404,AICF,NA,NA,NA,NA,0.0,0,-18.11,-12.67,[],0,430,"[{'start': 11110.36, 'end': 11110.79}]",[]
11110970,11114040,FEM,FAN,10.83,404,AICF,RC,2,NT,FI,0.0,0,-35.62,-21.05,[],0,0,[],[]
11114040,11115330,NA,SIL,0.0,404,AICF,NA,NA,NA,NA,0.0,0,-43.91,-40.83,[],0,0,[],[]
11115330,11117090,NA,NOF,0.0,404,AICF,NA,NA,NA,NA,0.0,0,-24.11,-6.64,[],0,0,[],[]
11117090,11118370,FEM,FAN,2.28,404,AICF,RC,2,NT,FH,0.0,0,-32.31,-18.95,[],0,0,[],[]
11118370,11119180,NA,OLN,0.0,404,AICF,NA,NA,NA,NA,0.0,0,-19.72,-7.18,[],0,0,[],[]
11119180,11123770,FEM,FAN,17.43,404,AICF,EC,2,NT,FH,0.0,0,-31.31,-22.98,[],0,0,[],[]
11123770,11124770,NA,MAF,0.0,405,pause,NA,NA,NA,NA,0.0,0,-39.61,-32.85,[],0,0,[],[]
11124770,11126110,NA,NOF,0.0,405,pause,NA,NA,NA,NA,0.0,0,-38.61,-29.7,[],0,0,[],[]
11126110,11127450,NA,OLN,0.0,405,pause,NA,NA,NA,NA,0.0,0,-16.36,-2.18,[],0,0,[],[]
11127450,11128500,NA,OLF,0.0,405,pause,NA,NA,NA,NA,0.0,0,-38.12,-33.13,[],0,0,[],[]
11128500,11129500,NA,MAF,0.0,405,pause,NA,NA,NA,NA,0.0,0,-41.28,-37.66,[],0,0,[],[]
11129500,11130300,NA,OLF,0.0,405,pause,NA,NA,NA,NA,0.0,0,-40.48,-33.7,[],0,0,[],[]
11130300,11131210,CHI,CHN,0.0,405,CIC,BC,0,TIFI,FI,1.0,910,-14.83,-13.06,"[{'Canonical-syllable': '0', 'Growl': '0', 'High-freq-energy': '0', 'Long-island': '1', 'Low-tilt-spectrum': '0', 'Medium-island': '0', 'Short-island': '0', 'Squeal': '0', 'Typical-entropy': '0', 'Voicing-quality': '1', 'Wide-band': '0', 'Xlong-island': '0', 'seq': '1', 'end': 11131.21, 'start': 11130.3}]",0,0,[],[]
11131210,11133320,FEM,FAN,8.27,405,CIC,RC,1,TIFR,FI,0.0,0,-28.16,-18.02,[],0,0,[],[]
11133320,11134710,NA,TVF,0.0,405,CIC,NA,NA,NA,NA,0.0,0,-43.97,-41.4,[],0,0,[],[]
11134710,11135750,NA,SIL,0.0,405,CIC,NA,NA,NA,NA,0.0,0,-43.86,-41.06,[],0,0,[],[]
11135750,11136750,FEM,FAN,3.17,405,CIC,EC,1,NT,FH,0.0,0,-30.59,-23.18,[],0,0,[],[]
11136750,11137550,NA,NOF,0.0,406,pause,NA,NA,NA,NA,0.0,0,-40.19,-29.16,[],0,0,[],[]
11137550,11139450,NA,OLN,0.0,406,pause,NA,NA,NA,NA,0.0,0,-19.6,-7.74,[],0,0,[],[]
11139450,11141430,NA,NOF,0.0,406,pause,NA,NA,NA,NA,0.0,0,-18.25,-4.01,[],0,0,[],[]
11141430,11142690,NA,FAF,0.0,406,pause,NA,NA,NA,NA,0.0,0,-37.49,-28.39,[],0,0,[],[]
11142690,11143600,NA,NOF,0.0,406,pause,NA,NA,NA,NA,0.0,0,-43.53,-38.62,[],0,0,[],[]
11143600,11144400,NA,SIL,0.0,406,pause,NA,NA,NA,NA,0.0,0,-44.66,-41.28,[],0,0,[],[]
11144400,11145690,NA,FAF,0.0,406,pause,NA,NA,NA,NA,0.0,0,-37.77,-27.9,[],0,0,[],[]
11145690,11147170,MAL,MAN,2.61,406,AMM,EC,0,NT,FI,0.0,0,-38.58,-28.82,[],0,0,[],[]
11147170,11147970,NA,OLF,0.0,407,pause,NA,NA,NA,NA,0.0,0,-23.87,-9.96,[],0,0,[],[]
11147970,11149570,NA,NON,0.0,407,pause,NA,NA,NA,NA,0.0,0,-19.43,-6.03,[],0,0,[],[]
11149570,11151070,NA,OLN,0.0,407,pause,NA,NA,NA,NA,0.0,0,-15.86,-3.7,[],0,0,[],[]
11151070,11152740,NA,NOF,0.0,407,pause,NA,NA,NA,NA,0.0,0,-27.15,-11.32,[],0,0,[],[]
11152740,11154520,OCH,CXN,0.0,407,XIC,BC,0,NT,FI,0.0,0,-38.07,-33.05,[],0,0,[],[]
11154520,11155520,FEM,FAN,8.98,407,XIC,RC,0,NT,FI,0.0,0,-35.4,-28.17,[],0,0,[],[]
11155520,11157420,NA,OLN,0.0,407,XIC,NA,NA,NA,NA,0.0,0,-26.12,-6.34,[],0,0,[],[]
11157420,11158910,FEM,FAN,6.46,407,XIC,RC,0,TIFI,FH,0.0,0,-27.44,-18.17,[],0,0,[],[]
11158910,11160490,NA,NOF,0.0,407,XIC,NA,NA,NA,NA,0.0,0,-27.0,-7.97,[],0,0,[],[]
11160490,11161300,NA,SIL,0.0,407,XIC,NA,NA,NA,NA,0.0,0,-42.99,-40.36,[],0,0,[],[]
11161300,11162480,NA,NOF,0.0,407,XIC,NA,NA,NA,NA,0.0,0,-39.93,-33.63,[],0,0,[],[]
11162480,11163080,CHI,CHN,0.0,407,XIC,RC,1,TIFR,FI,1.0,370,-16.69,-6.68,"[{'Canonical-syllable': '1', 'Growl': '0', 'High-freq-energy': '0', 'Long-island': '0', 'Low-tilt-spectrum': '0', 'Medium-island': '1', 'Short-island': '0', 'Squeal': '0', 'Typical-entropy': '0', 'Voicing-quality': '1', 'Wide-band': '0', 'Xlong-island': '0', 'seq': '1', 'end': 11162.85, 'start': 11162.48}]",0,0,[],[]
11163080,11165810,NA,NOF,0.0,407,XIC,NA,NA,NA,NA,0.0,0,-24.87,-5.98,[],0,0,[],[]
11165810,11166760,CHI,CHN,0.0,407,XIC,RC,1,NT,FH,1.0,950,-18.56,-10.46,"[{'Canonical-syllable': '1', 'Growl': '0', 'High-freq-energy': '0', 'Long-island': '0', 'Low-tilt-spectrum': '0', 'Medium-island': '1', 'Short-island': '1', 'Squeal': '0', 'Typical-entropy': '0', 'Voicing-quality': '2', 'Wide-band': '0', 'Xlong-island': '0', 'seq': '1', 'end': 11166.76, 'start': 11165.81}]",0,0,[],[]
11166760,11167560,NA,NOF,0.0,407,XIC,NA,NA,NA,NA,0.0,0,-40.25,-35.6,[],0,0,[],[]
11167560,11169510,FEM,FAN,8.26,407,XIC,EC,1,TIFE,FI,0.0,0,-22.51,-8.32,[],0,0,[],[]
11169510,11170750,NA,OLN,0.0,408,pause,NA,NA,NA,NA,0.0,0,-28.3,-20.86,[],0,0,[],[]
11170750,11173340,NA,NOF,0.0,408,pause,NA,NA,NA,NA,0.0,0,-25.45,-6.96,[],0,0,[],[]
11173340,11175540,NA,SIL,0.0,408,pause,NA,NA,NA,NA,0.0,0,-42.69,-31.28,[],0,0,[],[]
11175540,11180110,NA,NOF,0.0,408,pause,NA,NA,NA,NA,0.0,0,-26.16,-6.99,[],0,0,[],[]
11180110,11180760,NA,OLN,0.0,408,pause,NA,NA,NA,NA,0.0,0,-23.79,-14.57,[],0,0,[],[]
11180760,11181740,NA,SIL,0.0,408,pause,NA,NA,NA,NA,0.0,0,-45.63,-40.24,[],0,0,[],[]
11181740,11182700,NA,NOF,0.0,408,pause,NA,NA,NA,NA,0.0,0,-44.86,-36.3,[],0,0,[],[]
11182700,11185210,CHI,CHN,0.0,408,pause,NA,NA,NA,NA,0.0,0,-14.16,-2.33,[],0,1990,"[{'start': 11182.9, 'end': 11184.39}, {'start': 11184.71, 'end': 11185.21}]",[]
11185210,11187560,NA,NOF,0.0,408,pause,NA,NA,NA,NA,0.0,0,-39.4,-31.18,[],0,0,[],[]
11187560,11188160,CHI,CHN,0.0,408,pause,NA,NA,NA,NA,0.0,0,-15.43,-6.92,[],0,460,"[{'start': 11187.7, 'end': 11188.16}]",[]
11188160,11189530,NA,OLF,0.0,408,pause,NA,NA,NA,NA,0.0,0,-22.83,-6.69,[],0,0,[],[]
11189530,11190600,NA,NOF,0.0,408,pause,NA,NA,NA,NA,0.0,0,-43.47,-38.99,[],0,0,[],[]
11190600,11191200,CHI,CHN,0.0,408,CM,BC,0,NT,FI,1.0,600,-16.29,-10.6,"[{'Canonical-syllable': '1', 'Growl': '0', 'High-freq-energy': '0', 'Long-island': '0', 'Low-tilt-spectrum': '0', 'Medium-island': '1', 'Short-island': '0', 'Squeal': '0', 'Typical-entropy': '1', 'Voicing-quality': '1', 'Wide-band': '0', 'Xlong-island': '0', 'seq': '1', 'end': 11191.2, 'start': 11190.76}]",0,0,[],[]
11191200,11192010,NA,OLF,0.0,408,CM,NA,NA,NA,NA,0.0,0,-22.6,-7.4,[],0,0,[],[]
11192010,11192610,CHI,CHN,0.0,408,CM,EC,0,NT,FH,1.0,600,-15.26,-8.38,"[{'Canonical-syllable': '0', 'Growl': '1', 'High-freq-energy': '0', 'Long-island': '0', 'Low-tilt-spectrum': '1', 'Medium-island': '1', 'Short-island': '0', 'Squeal': '0', 'Typical-entropy': '2', 'Voicing-quality': '2', 'Wide-band': '0', 'Xlong-island': '0', 'seq': '1', 'end': 11192.61, 'start': 11192.01}]",0,0,[],[]
11192610,11194730,NA,FAF,0.0,409,pause,NA,NA,NA,NA,0.0,0,-37.43,-30.79,[],0,0,[],[]
11194730,11195700,NA,SIL,0.0,409,pause,NA,NA,NA,NA,0.0,0,-42.8,-34.04,[],0,0,[],[]
11195700,11197040,NA,OLF,0.0,409,pause,NA,NA,NA,NA,0.0,0,-37.91,-33.43,[],0,0,[],[]
11197040,11197850,NA,CXF,0.0,409,pause,NA,NA,NA,NA,0.0,0,-36.08,-31.91,[],0,0,[],[]
11197850,11199010,NA,OLF,0.0,409,pause,NA,NA,NA,NA,0.0,0,-39.09,-34.48,[],0,0,[],[]
11199010,11199810,OCH,CXN,0.0,409,XIC,BC,0,NT,FI,0.0,0,-33.15,-25.03,[],0,0,[],[]
11199810,11201680,NA,OLN,0.0,409,XIC,NA,NA,NA,NA,0.0,0,-23.14,-12.6,[],0,0,[],[]
11201680,11202480,NA,NOF,0.0,409,XIC,NA,NA,NA,NA,0.0,0,-40.65,-31.04,[],0,0,[],[]
11202480,11203460,NA,OLN,0.0,409,XIC,NA,NA,NA,NA,0.0,0,-15.75,-4.38,[],0,0,[],[]
11203460,11204260,NA,NON,0.0,409,XIC,NA,NA,NA,NA,0.0,0,-26.68,-11.58,[],0,0,[],[]
11204260,11204930,CHI,CHN,0.0,409,XIC,RC,0,TIFI,FI,1.0,230,-18.74,-6.22,"[{'Canonical-syllable': '1', 'Growl': '0', 'High-freq-energy': '0', 'Long-island': '0', 'Low-tilt-spectrum': '1', 'Medium-island': '0', 'Short-island': '1', 'Squeal': '0', 'Typical-entropy': '1', 'Voicing-quality': '1', 'Wide-band': '0', 'Xlong-island': '0', 'seq': '1', 'end': 11204.49, 'start': 11204.26}]",0,0,[],[]
11204930,11206580,NA,NOF,0.0,409,XIC,NA,NA,NA,NA,0.0,0,-27.06,-11.34,[],0,0,[],[]
11206580,11207580,NA,FAF,0.0,409,XIC,NA,NA,NA,NA,0.0,0,-36.75,-26.07,[],0,0,[],[]
11207580,11209010,NA,OLN,0.0,409,XIC,NA,NA,NA,NA,0.0,0,-19.42,-7.63,[],0,0,[],[]
11209010,11209810,NA,SIL,0.0,409,XIC,NA,NA,NA,NA,0.0,0,-43.1,-36.59,[],0,0,[],[]
11209810,11212360,FEM,FAN,7.85,409,XIC,RC,1,TIFR,FI,0.0,0,-27.77,-12.76,[],0,0,[],[]
11212360,11213320,NA,NOF,0.0,409,XIC,NA,NA,NA,NA,0.0,0,-42.33,-31.41,[],0,0,[],[]
11213320,11214220,OCH,CXN,0.0,409,XIC,RC,1,NT,FI,0.0,0,-34.58,-28.97,[],0,0,[],[]
11214220,11215080,NA,NOF,0.0,409,XIC,NA,NA,NA,NA,0.0,0,-39.2,-33.82,[],0,0,[],[]
11215080,11216170,NA,OLF,0.0,409,XIC,NA,NA,NA,NA,0.0,0,-38.38,-30.06,[],0,0,[],[]
11216170,11218610,OCH,CXN,0.0,409,XIC,RC,1,NT,FH,0.0,0,-33.6,-22.58,[],0,0,[],[]
11218610,11220580,CHI,CHN,0.0,409,XIC,NA,NA,NA,NA,0.0,0,-19.75,-12.81,[],0,1890,"[{'start': 11218.69, 'end': 11220.58}]",[]
11220580,11221980,MAL,MAN,7.05,409,XIC,RC,1,NT,FI,0.0,0,-35.36,-20.33,[],0,0,[],[]
11221980,11223000,NA,OLF,0.0,409,XIC,NA,NA,NA,NA,0.0,0,-23.21,-10.54,[],0,0,[],[]
11223000,11224250,NA,NOF,0.0,409,XIC,NA,NA,NA,NA,0.0,0,-40.55,-29.17,[],0,0,[],[]
11224250,11225050,FEM,FAN,4.9,409,XIC,RC,1,NT,FI,0.0,0,-32.65,-25.78,[],0,0,[],[]
11225050,11225850,NA,NOF,0.0,409,XIC,NA,NA,NA,NA,0.0,0,-23.38,-5.93,[],0,0,[],[]
11225850,11227280,FEM,FAN,4.66,409,XIC,RC,1,TIFI,FH,0.0,0,-37.15,-30.69,[],0,0,[],[]
11227280,11229450,NA,NOF,0.0,409,XIC,NA,NA,NA,NA,0.0,0,-39.58,-29.51,[],0,0,[],[]
11229450,11230050,CHI,CHN,0.0,409,XIC,RC,2,TIFR,FI,1.0,600,-17.1,-12.77,"[{'Canonical-syllable': '0', 'Growl': '0', 'High-freq-energy': '0', 'Long-island': '0', 'Low-tilt-spectrum': '0', 'Medium-island': '1', 'Short-island': '0', 'Squeal': '0', 'Typical-entropy': '0', 'Voicing-quality': '1', 'Wide-band': '0', 'Xlong-island': '0', 'seq': '1', 'end': 11230.05, 'start': 11229.58}]",0,0,[],[]
11230050,11230970,OCH,CXN,0.0,409,XIC,RC,2,NT,FI,0.0,0,-31.22,-18.74,[],0,0,[],[]
11230970,11232950,NA,OLN,0.0,409,XIC,NA,NA,NA,NA,0.0,0,-21.63,-6.74,[],0,0,[],[]
11232950,11233750,CHI,CHN,0.0,409,XIC,EC,2,NT,FI,1.0,800,-16.05,-7.84,"[{'Canonical-syllable': '0', 'Growl': '0', 'High-freq-energy': '0', 'Long-island': '1', 'Low-tilt-spectrum': '0', 'Medium-island': '0', 'Short-island': '0', 'Squeal': '0', 'Typical-entropy': '0', 'Voicing-quality': '1', 'Wide-band': '0', 'Xlong-island': '0', 'seq': '1', 'end': 11233.75, 'start': 11233.07}]",0,0,[],[]
11233750,11234550,NA,OLF,0.0,410,pause,NA,NA,NA,NA,0.0,0,-34.28,-28.14,[],0,0,[],[]
11234550,11237320,NA,NOF,0.0,410,pause,NA,NA,NA,NA,0.0,0,-28.42,-9.03,[],0,0,[],[]
11237320,11238160,NA,SIL,0.0,410,pause,NA,NA,NA,NA,0.0,0,-46.4,-41.15,[],0,0,[],[]
11238160,11239330,NA,NOF,0.0,410,pause,NA,NA,NA,NA,0.0,0,-39.18,-29.39,[],0,0,[],[]
11239330,11240330,FEM,FAN,0.0,410,pause,NA,NA,NA,NA,0.0,0,-35.55,-30.04,[],1000,0,[],[]
11240330,11240970,CHI,CHN,0.0,410,pause,NA,NA,NA,NA,0.0,0,-17.61,-11.6,[],0,380,[],"[{'start': 11240.41, 'end': 11240.79}]"
11240970,11242060,NA,FAF,0.0,410,pause,NA,NA,NA,NA,0.0,0,-38.3,-34.07,[],0,0,[],[]
11242060,11243820,NA,NOF,0.0,410,pause,NA,NA,NA,NA,0.0,0,-40.92,-31.7,[],0,0,[],[]
11243820,11245880,NA,OLN,0.0,410,pause,NA,NA,NA,NA,0.0,0,-25.31,-7.64,[],0,0,[],[]
11245880,11249710,NA,NOF,0.0,410,pause,NA,NA,NA,NA,0.0,0,-35.74,-15.63,[],0,0,[],[]
11249710,11250430,CHI,CHN,0.0,410,CIOCX,BC,0,NT,FI,1.0,720,-15.53,-8.68,"[{'Canonical-syllable': '1', 'Growl': '0', 'High-freq-energy': '0', 'Long-island': '0', 'Low-tilt-spectrum': '1', 'Medium-island': '1', 'Short-island': '0', 'Squeal': '0', 'Typical-entropy': '0', 'Voicing-quality': '2', 'Wide-band': '1', 'Xlong-island': '0', 'seq': '1', 'end': 11250.43, 'start': 11249.71}]",0,0,[],[]
11250430,11251230,NA,NOF,0.0,410,CIOCX,NA,NA,NA,NA,0.0,0,-33.86,-20.75,[],0,0,[],[]
11251230,11253180,NA,SIL,0.0,410,CIOCX,NA,NA,NA,NA,0.0,0,-42.4,-31.13,[],0,0,[],[]
11253180,11254130,NA,NOF,0.0,410,CIOCX,NA,NA,NA,NA,0.0,0,-43.08,-41.07,[],0,0,[],[]
11254130,11255300,OCH,CXN,0.0,410,CIOCX,RC,0,NT,FI,0.0,0,-32.0,-23.4,[],0,0,[],[]
11255300,11258140,NA,NOF,0.0,410,CIOCX,NA,NA,NA,NA,0.0,0,-27.24,-7.63,[],0,0,[],[]
11258140,11258970,CHI,CHN,0.0,410,CIOCX,RC,0,NT,FI,1.0,830,-18.88,-12.52,"[{'Canonical-syllable': '2', 'Growl': '0', 'High-freq-energy': '0', 'Long-island': '0', 'Low-tilt-spectrum': '0', 'Medium-island': '1', 'Short-island': '1', 'Squeal': '0', 'Typical-entropy': '1', 'Voicing-quality': '2', 'Wide-band': '0', 'Xlong-island': '0', 'seq': '1', 'end': 11258.97, 'start': 11258.14}]",0,0,[],[]
11258970,11260000,CHI,CHN,0.0,410,CIOCX,RC,0,NT,FH,1.0,1030,-19.34,-8.89,"[{'Canonical-syllable': '0', 'Growl': '0', 'High-freq-energy': '0', 'Long-island': '0', 'Low-tilt-spectrum': '0', 'Medium-island': '1', 'Short-island': '1', 'Squeal': '0', 'Typical-entropy': '1', 'Voicing-quality': '1', 'Wide-band': '0', 'Xlong-island': '0', 'seq': '1', 'end': 11260.0, 'start': 11259.22}]",0,0,[],[]
11260000,11260860,NA,OLN,0.0,410,CIOCX,NA,NA,NA,NA,0.0,0,-25.64,-15.61,[],0,0,[],[]
11260860,11261460,CHI,CHN,0.0,410,CIOCX,EC,0,NT,FH,1.0,600,-16.87,-13.58,"[{'Canonical-syllable': '0', 'Growl': '1', 'High-freq-energy': '0', 'Long-island': '0', 'Low-tilt-spectrum': '0', 'Medium-island': '1', 'Short-island': '0', 'Squeal': '0', 'Typical-entropy': '0', 'Voicing-quality': '2', 'Wide-band': '0', 'Xlong-island': '0', 'seq': '1', 'end': 11261.46, 'start': 11260.86}]",0,0,[],[]
11261460,11262260,NA,OLN,0.0,411,pause,NA,NA,NA,NA,0.0,0,-25.6,-16.89,[],0,0,[],[]
11262260,11263060,NA,NOF,0.0,411,pause,NA,NA,NA,NA,0.0,0,-40.56,-35.71,[],0,0,[],[]
11263060,11263900,NA,OLN,0.0,411,pause,NA,NA,NA,NA,0.0,0,-15.87,-5.77,[],0,0,[],[]
11263900,11264720,NA,NOF,0.0,411,pause,NA,NA,NA,NA,0.0,0,-38.26,-34.53,[],0,0,[],[]
11264720,11266500,NA,OLN,0.0,411,pause,NA,NA,NA,NA,0.0,0,-26.62,-16.02,[],0,0,[],[]
11266500,11267500,FEM,FAN,7.88,411,AIOCF,BC,0,NT,FI,0.0,0,-31.69,-21.22,[],0,0,[],[]
11267500,11268320,NA,OLF,0.0,411,AIOCF,NA,NA,NA,NA,0.0,0,-38.82,-28.3,[],0,0,[],[]
11268320,11269800,FEM,FAN,0.0,411,AIOCF,NA,NA,NA,NA,0.0,0,-27.64,-20.84,[],1480,0,[],[]
11269800,11270600,OCH,CXN,0.0,411,AIOCF,EC,0,NT,FI,0.0,0,-29.16,-22.98,[],0,0,[],[]
11270600,11271930,NA,OLN,0.0,412,pause,NA,NA,NA,NA,0.0,0,-30.35,-23.56,[],0,0,[],[]
11271930,11276460,NA,NOF,0.0,412,pause,NA,NA,NA,NA,0.0,0,-29.44,-11.7,[],0,0,[],[]
11276460,11277460,NA,FAF,0.0,412,pause,NA,NA,NA,NA,0.0,0,-36.01,-29.2,[],0,0,[],[]
11277460,11278380,NA,NON,0.0,412,pause,NA,NA,NA,NA,0.0,0,-24.11,-11.01,[],0,0,[],[]
11278380,11279540,CHI,CHN,0.0,412,CIOCAX,BC,0,NT,FI,1.0,1000,-16.91,-7.06,"[{'Canonical-syllable': '0', 'Growl': '0', 'High-freq-energy': '0', 'Long-island': '1', 'Low-tilt-spectrum': '1', 'Medium-island': '0', 'Short-island': '0', 'Squeal': '0', 'Typical-entropy': '2', 'Voicing-quality': '2', 'Wide-band': '0', 'Xlong-island': '0', 'seq': '1', 'end': 11279.38, 'start': 11278.38}]",0,0,[],[]
11279540,11280640,NA,NOF,0.0,412,CIOCAX,NA,NA,NA,NA,0.0,0,-41.05,-35.54,[],0,0,[],[]
11280640,11281900,OCH,CXN,0.0,412,CIOCAX,RC,0,NT,FI,0.0,0,-21.5,-14.73,[],0,0,[],[]
11281900,11282500,CHI,CHN,0.0,412,CIOCAX,NA,NA,NA,NA,0.0,0,-14.3,-10.66,[],0,480,"[{'start': 11282.02, 'end': 11282.5}]",[]
11282500,11285060,FEM,FAN,8.21,412,CIOCAX,EC,0,NT,FI,0.0,0,-35.66,-21.02,[],0,0,[],[]
11285060,11285860,NA,TVF,0.0,413,pause,NA,NA,NA,NA,0.0,0,-42.33,-38.84,[],0,0,[],[]
11285860,11286840,NA,SIL,0.0,413,pause,NA,NA,NA,NA,0.0,0,-42.2,-38.58,[],0,0,[],[]
11286840,11290440,NA,OLF,0.0,413,pause,NA,NA,NA,NA,0.0,0,-27.95,-10.07,[],0,0,[],[]
11290440,11291900,NA,OLN,0.0,413,pause,NA,NA,NA,NA,0.0,0,-18.06,-4.49,[],0,0,[],[]
11291900,11292500,CHI,CHN,0.0,413,CIC,BC,0,TIFI,FI,1.0,520,-16.17,-10.82,"[{'Canonical-syllable': '0', 'Growl': '0', 'High-freq-energy': '0', 'Long-island': '0', 'Low-tilt-spectrum': '0', 'Medium-island': '1', 'Short-island': '0', 'Squeal': '0', 'Typical-entropy': '0', 'Voicing-quality': '1', 'Wide-band': '0', 'Xlong-island': '0', 'seq': '1', 'end': 11292.42, 'start': 11291.9}]",0,0,[],[]
11292500,11293300,NA,NOF,0.0,413,CIC,NA,NA,NA,NA,0.0,0,-22.34,-7.16,[],0,0,[],[]
11293300,11293920,CHI,CHN,0.0,413,CIC,NA,NA,NA,NA,0.0,0,-11.38,-3.78,[],0,620,"[{'start': 11293.3, 'end': 11293.92}]",[]
11293920,11296690,NA,OLN,0.0,413,CIC,NA,NA,NA,NA,0.0,0,-33.05,-23.95,[],0,0,[],[]
11296690,11297340,CHI,CHN,0.0,413,CIC,NA,NA,NA,NA,0.0,0,-15.1,-6.58,[],0,650,"[{'start': 11296.69, 'end': 11297.34}]",[]
11297340,11299820,FEM,FAN,11.45,413,CIC,RC,1,TIFR,FI,0.0,0,-21.86,-12.34,[],0,0,[],[]
11299820,11301640,NA,NOF,0.0,413,CIC,NA,NA,NA,NA,0.0,0,-40.36,-30.42,[],0,0,[],[]
11301640,11302910,CHI,CHN,0.0,413,CIC,RC,1,TIFI,FI,1.0,940,-18.46,-10.9,"[{'Canonical-syllable': '0', 'Growl': '0', 'High-freq-energy': '0', 'Long-island': '0', 'Low-tilt-spectrum': '1', 'Medium-island': '2', 'Short-island': '0', 'Squeal': '0', 'Typical-entropy': '2', 'Voicing-quality': '2', 'Wide-band': '0', 'Xlong-island': '0', 'seq': '1', 'end': 11302.58, 'start': 11301.78}]",0,0,[],[]
11302910,11304630,FEM,FAN,5.13,413,CIC,RC,2,TIFR,FI,0.0,0,-32.17,-23.95,[],0,0,[],[]
11304630,11307310,NA,NOF,0.0,413,CIC,NA,NA,NA,NA,0.0,0,-38.97,-18.72,[],0,0,[],[]
11307310,11308350,NA,SIL,0.0,413,CIC,NA,NA,NA,NA,0.0,0,-42.29,-29.02,[],0,0,[],[]
11308350,11309530,FEM,FAN,4.14,413,CIC,RC,2,NT,FH,0.0,0,-30.35,-23.74,[],0,0,[],[]
11309530,11310400,NA,OLN,0.0,413,CIC,NA,NA,NA,NA,0.0,0,-19.56,-4.56,[],0,0,[],[]
11310400,11311940,NA,NOF,0.0,413,CIC,NA,NA,NA,NA,0.0,0,-34.23,-20.93,[],0,0,[],[]
11311940,11312540,CHI,CHN,0.0,413,CIC,RC,2,TIFE,FI,1.0,420,-16.31,-4.39,"[{'Canonical-syllable': '0', 'Growl': '0', 'High-freq-energy': '0', 'Long-island': '0', 'Low-tilt-spectrum': '1', 'Medium-island': '1', 'Short-island': '0', 'Squeal': '0', 'Typical-entropy': '1', 'Voicing-quality': '1', 'Wide-band': '0', 'Xlong-island': '0', 'seq': '1', 'end': 11312.36, 'start': 11312.07}]",0,0,[],[]
11312540,11314100,NA,NOF,0.0,413,CIC,NA,NA,NA,NA,0.0,0,-22.93,-7.24,[],0,0,[],[]
11314100,11314830,CHI,CHN,0.0,413,CIC,RC,2,NT,FH,1.0,730,-15.23,-10.34,"[{'Canonical-syllable': '1', 'Growl': '0', 'High-freq-energy': '0', 'Long-island': '0', 'Low-tilt-spectrum': '1', 'Medium-island': '1', 'Short-island': '0', 'Squeal': '0', 'Typical-entropy': '1', 'Voicing-quality': '1', 'Wide-band': '0', 'Xlong-island': '0', 'seq': '1', 'end': 11314.83, 'start': 11314.19}]",0,0,[],[]
11314830,11315680,NA,OLN,0.0,413,CIC,NA,NA,NA,NA,0.0,0,-24.31,-11.29,[],0,0,[],[]
11315680,11316570,CHI,CHN,0.0,413,CIC,NA,NA,NA,NA,0.0,0,-14.78,-5.62,[],0,890,"[{'start': 11315.68, 'end': 11316.57}]",[]
11316570,11317850,NA,MAF,0.0,413,CIC,NA,NA,NA,NA,0.0,0,-40.5,-34.37,[],0,0,[],[]
11317850,11318450,CHI,CHN,0.0,413,CIC,RC,2,NT,FH,1.0,600,-19.04,-11.36,"[{'Canonical-syllable': '0', 'Growl': '0', 'High-freq-energy': '0', 'Long-island': '0', 'Low-tilt-spectrum': '1', 'Medium-island': '0', 'Short-island': '2', 'Squeal': '1', 'Typical-entropy': '1', 'Voicing-quality': '2', 'Wide-band': '0', 'Xlong-island': '0', 'seq': '1', 'end': 11318.45, 'start': 11317.85}]",0,0,[],[]
11318450,11319250,CHI,CHN,0.0,413,CIC,RC,2,NT,FH,1.0,600,-17.31,-9.43,"[{'Canonical-syllable': '0', 'Growl': '0', 'High-freq-energy': '0', 'Long-island': '0', 'Low-tilt-spectrum': '0', 'Medium-island': '1', 'Short-island': '0', 'Squeal': '2', 'Typical-entropy': '1', 'Voicing-quality': '2', 'Wide-band': '0', 'Xlong-island': '0', 'seq': '1', 'end': 11319.05, 'start': 11318.45}]",0,0,[],[]
11319250,11320400,OCH,CXN,0.0,413,CIC,RC,2,NT,FI,0.0,0,-27.72,-17.89,[],0,0,[],[]
11320400,11321550,NA,NOF,0.0,413,CIC,NA,NA,NA,NA,0.0,0,-35.96,-26.82,[],0,0,[],[]
11321550,11323080,CHI,CHN,0.0,413,CIC,EC,2,NT,FI,2.0,1210,-19.35,-10.65,"[{'Canonical-syllable': '1', 'Growl': '0', 'High-freq-energy': '0', 'Long-island': '0', 'Low-tilt-spectrum': '1', 'Medium-island': '1', 'Short-island': '1', 'Squeal': '0', 'Typical-entropy': '2', 'Voicing-quality': '2', 'Wide-band': '0', 'Xlong-island': '0', 'seq': '1', 'end': 11322.42, 'start': 11321.55}, {'Canonical-syllable': '0', 'Growl': '0', 'High-freq-energy': '0', 'Long-island': '0', 'Low-tilt-spectrum': '0', 'Medium-island': '1', 'Short-island': '0', 'Squeal': '0', 'Typical-entropy': '1', 'Voicing-quality': '1', 'Wide-band': '0', 'Xlong-island': '0', 'seq': '2', 'end': 11323.08, 'start': 11322.74}]",0,0,[],[]
11323080,11326650,NA,NOF,0.0,414,pause,NA,NA,NA,NA,0.0,0,-41.48,-25.59,[],0,0,[],[]
11326650,11327670,NA,SIL,0.0,414,pause,NA,NA,NA,NA,0.0,0,-44.56,-41.53,[],0,0,[],[]
11327670,11338530,NA,NOF,0.0,414,pause,NA,NA,NA,NA,0.0,0,-23.85,-1.17,[],0,0,[],[]
11338530,11339860,NA,OLN,0.0,414,pause,NA,NA,NA,NA,0.0,0,-21.73,-7.13,[],0,0,[],[]
11339860,11340730,NA,NON,0.0,414,pause,NA,NA,NA,NA,0.0,0,-26.68,-12.19,[],0,0,[],[]
11340730,11341530,NA,OLN,0.0,414,pause,NA,NA,NA,NA,0.0,0,-21.72,-10.03,[],0,0,[],[]
11341530,11347600,NA,NOF,0.0,414,pause,NA,NA,NA,NA,0.0,0,-36.49,-16.88,[],0,0,[],[]
11347600,11349290,CHI,CHN,0.0,414,pause,NA,NA,NA,NA,0.0,0,-18.81,-10.44,[],0,1000,"[{'start': 11347.9, 'end': 11348.9}]",[]
11349290,11350090,NA,OLN,0.0,414,pause,NA,NA,NA,NA,0.0,0,-15.66,-4.33,[],0,0,[],[]
11350090,11350920,CHI,CHN,0.0,414,CIC,BC,0,NT,FI,1.0,830,-16.12,-10.94,"[{'Canonical-syllable': '0', 'Growl': '0', 'High-freq-energy': '0', 'Long-island': '0', 'Low-tilt-spectrum': '0', 'Medium-island': '1', 'Short-island': '1', 'Squeal': '0', 'Typical-entropy': '0', 'Voicing-quality': '2', 'Wide-band': '0', 'Xlong-island': '0', 'seq': '1', 'end': 11350.92, 'start': 11350.09}]",0,0,[],[]
11350920,11351790,NA,OLN,0.0,414,CIC,NA,NA,NA,NA,0.0,0,-30.91,-19.63,[],0,0,[],[]
11351790,11352640,NA,SIL,0.0,414,CIC,NA,NA,NA,NA,0.0,0,-44.88,-41.58,[],0,0,[],[]
11352640,11353650,OCH,CXN,0.0,414,CIC,RC,0,NT,FI,0.0,0,-35.4,-18.76,[],0,0,[],[]
11353650,11356140,CHI,CHN,0.0,414,CIC,NA,NA,NA,NA,0.0,0,-15.02,-3.02,[],0,2390,"[{'start': 11353.65, 'end': 11356.04}]",[]
11356140,11356950,NA,NOF,0.0,414,CIC,NA,NA,NA,NA,0.0,0,-16.37,-4.82,[],0,0,[],[]
11356950,11357960,NA,OLN,0.0,414,CIC,NA,NA,NA,NA,0.0,0,-31.09,-15.2,[],0,0,[],[]
11357960,11358560,CHI,CHN,0.0,414,CIC,RC,0,TIFI,FI,1.0,600,-16.81,-9.0,"[{'Canonical-syllable': '0', 'Growl': '0', 'High-freq-energy': '0', 'Long-island': '0', 'Low-tilt-spectrum': '0', 'Medium-island': '1', 'Short-island': '0', 'Squeal': '0', 'Typical-entropy': '0', 'Voicing-quality': '1', 'Wide-band': '0', 'Xlong-island': '0', 'seq': '1', 'end': 11358.56, 'start': 11358.17}]",0,0,[],[]
11358560,11360050,NA,NOF,0.0,414,CIC,NA,NA,NA,NA,0.0,0,-33.05,-20.3,[],0,0,[],[]
11360050,11360650,FEM,FAN,3.74,414,CIC,RC,1,TIFR,FI,0.0,0,-27.66,-20.37,[],0,0,[],[]
11360650,11361640,NA,NOF,0.0,414,CIC,NA,NA,NA,NA,0.0,0,-36.95,-25.99,[],0,0,[],[]
11361640,11362870,NA,OLN,0.0,414,CIC,NA,NA,NA,NA,0.0,0,-16.74,-3.99,[],0,0,[],[]
11362870,11366030,CHI,CHN,0.0,414,CIC,RC,1,TIFE,FI,3.0,2060,-15.57,-3.73,"[{'Canonical-syllable': '0', 'Growl': '0', 'High-freq-energy': '1', 'Long-island': '1', 'Low-tilt-spectrum': '0', 'Medium-island': '0', 'Short-island': '0', 'Squeal': '0', 'Typical-entropy': '1', 'Voicing-quality': '1', 'Wide-band': '0', 'Xlong-island': '0', 'seq': '1', 'end': 11363.62, 'start': 11362.87}, {'Canonical-syllable': '0', 'Growl': '0', 'High-freq-energy': '0', 'Long-island': '0', 'Low-tilt-spectrum': '1', 'Medium-island': '0', 'Short-island': '1', 'Squeal': '0', 'Typical-entropy': '1', 'Voicing-quality': '0', 'Wide-band': '0', 'Xlong-island': '0', 'seq': '2', 'end': 11364.41, 'start': 11364.24}, {'Canonical-syllable': '1', 'Growl': '0', 'High-freq-energy': '0', 'Long-island': '0', 'Low-tilt-spectrum': '1', 'Medium-island': '2', 'Short-island': '1', 'Squeal': '0', 'Typical-entropy': '3', 'Voicing-quality': '3', 'Wide-band': '0', 'Xlong-island': '0', 'seq': '3', 'end': 11366.03, 'start': 11364.89}]",0,0,[],[]
11366030,11367110,OCH,CXN,0.0,414,CIC,RC,1,NT,FI,0.0,0,-31.91,-23.56,[],0,0,[],[]
11367110,11368040,NA,OLN,0.0,414,CIC,NA,NA,NA,NA,0.0,0,-24.02,-11.64,[],0,0,[],[]
11368040,11368880,NA,NOF,0.0,414,CIC,NA,NA,NA,NA,0.0,0,-40.08,-35.12,[],0,0,[],[]
11368880,11370350,FEM,FAN,3.8,414,CIC,RC,1,NT,FI,0.0,0,-34.48,-25.0,[],0,0,[],[]
11370350,11371390,NA,NOF,0.0,414,CIC,NA,NA,NA,NA,0.0,0,-34.84,-24.29,[],0,0,[],[]
11371390,11372510,CHI,CHN,0.0,414,CIC,NA,NA,NA,NA,0.0,0,-10.36,-3.33,[],0,1120,"[{'start': 11371.39, 'end': 11372.51}]",[]
11372510,11373340,NA,NOF,0.0,414,CIC,NA,NA,NA,NA,0.0,0,-34.93,-22.4,[],0,0,[],[]
11373340,11374340,FEM,FAN,3.86,414,CIC,RC,1,TIFI,FH,0.0,0,-37.43,-30.98,[],0,0,[],[]
11374340,11375150,NA,OLN,0.0,414,CIC,NA,NA,NA,NA,0.0,0,-15.19,-3.39,[],0,0,[],[]
11375150,11376950,NA,NOF,0.0,414,CIC,NA,NA,NA,NA,0.0,0,-30.02,-10.14,[],0,0,[],[]
11376950,11377800,NA,SIL,0.0,414,CIC,NA,NA,NA,NA,0.0,0,-40.73,-38.23,[],0,0,[],[]
11377800,11379140,CHI,CHN,0.0,414,CIC,RC,2,TIFR,FI,2.0,710,-19.37,-12.12,"[{'Canonical-syllable': '1', 'Growl': '0', 'High-freq-energy': '0', 'Long-island': '0', 'Low-tilt-spectrum': '0', 'Medium-island': '1', 'Short-island': '0', 'Squeal': '0', 'Typical-entropy': '0', 'Voicing-quality': '1', 'Wide-band': '0', 'Xlong-island': '0', 'seq': '1', 'end': 11378.16, 'start': 11377.8}, {'Canonical-syllable': '1', 'Growl': '0', 'High-freq-energy': '0', 'Long-island': '0', 'Low-tilt-spectrum': '0', 'Medium-island': '1', 'Short-island': '0', 'Squeal': '0', 'Typical-entropy': '0', 'Voicing-quality': '1', 'Wide-band': '0', 'Xlong-island': '0', 'seq': '2', 'end': 11379.14, 'start': 11378.79}]",0,0,[],[]
11379140,11380010,NA,MAF,0.0,414,CIC,NA,NA,NA,NA,0.0,0,-42.13,-37.63,[],0,0,[],[]
11380010,11380840,CHI,CHN,0.0,414,CIC,EC,2,NT,FH,1.0,830,-24.25,-19.66,"[{'Canonical-syllable': '0', 'Growl': '0', 'High-freq-energy': '0', 'Long-island': '1', 'Low-tilt-spectrum': '0', 'Medium-island': '0', 'Short-island': '0', 'Squeal': '0', 'Typical-entropy': '1', 'Voicing-quality': '1', 'Wide-band': '0', 'Xlong-island': '0', 'seq': '1', 'end': 11380.84, 'start': 11380.01}]",0,0,[],[]
11380840,11381640,NA,SIL,0.0,415,pause,NA,NA,NA,NA,0.0,0,-43.92,-39.49,[],0,0,[],[]
11381640,11382640,NA,FAF,0.0,415,pause,NA,NA,NA,NA,0.0,0,-42.83,-39.57,[],0,0,[],[]
11382640,11383750,NA,SIL,0.0,415,pause,NA,NA,NA,NA,0.0,0,-45.5,-41.5,[],0,0,[],[]
11383750,11386130,NA,NOF,0.0,415,pause,NA,NA,NA,NA,0.0,0,-37.55,-19.5,[],0,0,[],[]
11386130,11386770,CHI,CHN,0.0,415,CIC,BC,0,NT,FI,1.0,550,-17.78,-11.11,"[{'Canonical-syllable': '1', 'Growl': '0', 'High-freq-energy': '0', 'Long-island': '0', 'Low-tilt-spectrum': '0', 'Medium-island': '1', 'Short-island': '0', 'Squeal': '0', 'Typical-entropy': '0', 'Voicing-quality': '1', 'Wide-band': '0', 'Xlong-island': '0', 'seq': '1', 'end': 11386.68, 'start': 11386.13}]",0,0,[],[]
11386770,11388280,CHI,CHN,0.0,415,CIC,RC,0,NT,FH,1.0,880,-18.24,-11.01,"[{'Canonical-syllable': '0', 'Growl': '0', 'High-freq-energy': '0', 'Long-island': '1', 'Low-tilt-spectrum': '0', 'Medium-island': '0', 'Short-island': '0', 'Squeal': '0', 'Typical-entropy': '0', 'Voicing-quality': '1', 'Wide-band': '0', 'Xlong-island': '0', 'seq': '1', 'end': 11388.28, 'start': 11387.4}]",0,0,[],[]
11388280,11388920,CHI,CHN,0.0,415,CIC,RC,0,TIFI,FH,1.0,550,-18.83,-12.2,"[{'Canonical-syllable': '0', 'Growl': '0', 'High-freq-energy': '0', 'Long-island': '0', 'Low-tilt-spectrum': '0', 'Medium-island': '1', 'Short-island': '0', 'Squeal': '0', 'Typical-entropy': '0', 'Voicing-quality': '1', 'Wide-band': '0', 'Xlong-island': '0', 'seq': '1', 'end': 11388.83, 'start': 11388.28}]",0,0,[],[]
11388920,11391260,FEM,FAN,8.68,415,CIC,RC,1,TIFR,FI,0.0,0,-38.77,-30.53,[],0,0,[],[]
11391260,11392510,NA,SIL,0.0,415,CIC,NA,NA,NA,NA,0.0,0,-47.38,-41.12,[],0,0,[],[]
11392510,11394020,CHI,CHN,0.0,415,CIC,RC,1,TIFI,FI,1.0,1510,-19.8,-10.34,"[{'Canonical-syllable': '1', 'Growl': '0', 'High-freq-energy': '0', 'Long-island': '0', 'Low-tilt-spectrum': '1', 'Medium-island': '1', 'Short-island': '0', 'Squeal': '0', 'Typical-entropy': '2', 'Voicing-quality': '2', 'Wide-band': '0', 'Xlong-island': '1', 'seq': '1', 'end': 11394.02, 'start': 11392.51}]",0,0,[],[]
11394020,11395110,FEM,FAN,6.39,415,CIC,EC,2,TIFR,FI,0.0,0,-31.2,-23.79,[],0,0,[],[]
11395110,11397270,NA,NON,0.0,416,pause,NA,NA,NA,NA,0.0,0,-19.36,-3.61,[],0,0,[],[]
11397270,11398820,NA,SIL,0.0,416,pause,NA,NA,NA,NA,0.0,0,-43.31,-39.41,[],0,0,[],[]
11398820,11399420,CHI,CHN,0.0,416,pause,NA,NA,NA,NA,0.0,0,-19.5,-6.49,[],0,100,[],"[{'start': 11398.82, 'end': 11398.92}]"
11399420,11400330,NA,SIL,0.0,416,pause,NA,NA,NA,NA,0.0,0,-43.41,-33.71,[],0,0,[],[]
11400330,11401130,NA,NOF,0.0,416,pause,NA,NA,NA,NA,0.0,0,-43.14,-35.5,[],0,0,[],[]
11401130,11402130,CHI,CHN,0.0,416,CM,BC,0,NT,FI,1.0,460,-20.06,-8.37,"[{'Canonical-syllable': '1', 'Growl': '0', 'High-freq-energy': '1', 'Long-island': '0', 'Low-tilt-spectrum': '1', 'Medium-island': '0', 'Short-island': '1', 'Squeal': '0', 'Typical-entropy': '1', 'Voicing-quality': '2', 'Wide-band': '0', 'Xlong-island': '0', 'seq': '1', 'end': 11402.13, 'start': 11401.67}]",0,0,[],[]
11402130,11402860,CHI,CHN,0.0,416,CM,EC,0,NT,FH,1.0,730,-18.86,-9.38,"[{'Canonical-syllable': '0', 'Growl': '0', 'High-freq-energy': '0', 'Long-island': '1', 'Low-tilt-spectrum': '1', 'Medium-island': '0', 'Short-island': '0', 'Squeal': '0', 'Typical-entropy': '1', 'Voicing-quality': '1', 'Wide-band': '0', 'Xlong-island': '0', 'seq': '1', 'end': 11402.86, 'start': 11402.13}]",0,0,[],[]
11402860,11405610,NA,FAF,0.0,417,pause,NA,NA,NA,NA,0.0,0,-40.89,-33.24,[],0,0,[],[]
11405610,11406750,NA,SIL,0.0,417,pause,NA,NA,NA,NA,0.0,0,-46.13,-40.47,[],0,0,[],[]
11406750,11407750,NA,FAF,0.0,417,pause,NA,NA,NA,NA,0.0,0,-42.34,-35.23,[],0,0,[],[]
11407750,11408550,NA,NON,0.0,417,pause,NA,NA,NA,NA,0.0,0,-23.31,-15.48,[],0,0,[],[]
11408550,11409390,NA,OLF,0.0,417,pause,NA,NA,NA,NA,0.0,0,-33.7,-22.24,[],0,0,[],[]
11409390,11410870,NA,SIL,0.0,417,pause,NA,NA,NA,NA,0.0,0,-48.51,-42.5,[],0,0,[],[]
11410870,11412510,NA,NOF,0.0,417,pause,NA,NA,NA,NA,0.0,0,-36.73,-22.24,[],0,0,[],[]
11412510,11413730,NA,OLN,0.0,417,pause,NA,NA,NA,NA,0.0,0,-32.87,-22.52,[],0,0,[],[]
11413730,11414600,NA,NON,0.0,417,pause,NA,NA,NA,NA,0.0,0,-38.13,-33.86,[],0,0,[],[]
11414600,11417060,FEM,FAN,9.65,417,AICF,BC,0,TIFI,FI,0.0,0,-25.66,-10.2,[],0,0,[],[]
11417060,11417870,CHI,CHN,0.0,417,AICF,RC,1,TIFR,FI,1.0,810,-16.05,-11.13,"[{'Canonical-syllable': '1', 'Growl': '0', 'High-freq-energy': '0', 'Long-island': '0', 'Low-tilt-spectrum': '0', 'Medium-island': '1', 'Short-island': '1', 'Squeal': '0', 'Typical-entropy': '0', 'Voicing-quality': '2', 'Wide-band': '0', 'Xlong-island': '0', 'seq': '1', 'end': 11417.87, 'start': 11417.21}]",0,0,[],[]
11417870,11418940,CHI,CHN,0.0,417,AICF,RC,1,NT,FH,1.0,390,-20.63,-10.97,"[{'Canonical-syllable': '1', 'Growl': '0', 'High-freq-energy': '0', 'Long-island': '0', 'Low-tilt-spectrum': '0', 'Medium-island': '1', 'Short-island': '0', 'Squeal': '0', 'Typical-entropy': '0', 'Voicing-quality': '1', 'Wide-band': '0', 'Xlong-island': '0', 'seq': '1', 'end': 11418.94, 'start': 11418.55}]",0,0,[],[]
11418940,11419560,CHI,CHN,0.0,417,AICF,RC,1,NT,FH,1.0,620,-14.72,-8.59,"[{'Canonical-syllable': '2', 'Growl': '0', 'High-freq-energy': '0', 'Long-island': '0', 'Low-tilt-spectrum': '0', 'Medium-island': '0', 'Short-island': '2', 'Squeal': '0', 'Typical-entropy': '2', 'Voicing-quality': '2', 'Wide-band': '0', 'Xlong-island': '0', 'seq': '1', 'end': 11419.56, 'start': 11419.06}]",0,0,[],[]
11419560,11421690,FEM,FAN,3.92,417,AICF,RC,1,TIFE,FI,0.0,0,-23.24,-14.19,[],0,0,[],[]
11421690,11424000,NA,OLF,0.0,417,AICF,NA,NA,NA,NA,0.0,0,-31.32,-17.97,[],0,0,[],[]
11424000,11425300,FEM,FAN,3.67,417,AICF,RC,1,TIFI,FH,0.0,0,-29.77,-21.57,[],0,0,[],[]
11425300,11425980,CHI,CHN,0.0,417,AICF,RC,2,TIFR,FI,1.0,600,-14.86,-7.36,"[{'Canonical-syllable': '0', 'Growl': '0', 'High-freq-energy': '0', 'Long-island': '0', 'Low-tilt-spectrum': '0', 'Medium-island': '1', 'Short-island': '1', 'Squeal': '0', 'Typical-entropy': '0', 'Voicing-quality': '2', 'Wide-band': '0', 'Xlong-island': '0', 'seq': '1', 'end': 11425.9, 'start': 11425.3}]",0,0,[],[]
11425980,11427640,NA,NOF,0.0,417,AICF,NA,NA,NA,NA,0.0,0,-41.6,-30.53,[],0,0,[],[]
11427640,11429050,FEM,FAN,3.69,417,AICF,RC,2,TIFI,FI,0.0,0,-35.53,-26.79,[],0,0,[],[]
11429050,11430050,NA,MAF,0.0,417,AICF,NA,NA,NA,NA,0.0,0,-36.75,-27.94,[],0,0,[],[]
11430050,11430850,NA,FAF,0.0,417,AICF,NA,NA,NA,NA,0.0,0,-40.32,-32.91,[],0,0,[],[]
11430850,11431850,CHI,CHN,0.0,417,AICF,RC,3,TIFR,FI,1.0,860,-17.03,-11.61,"[{'Canonical-syllable': '0', 'Growl': '0', 'High-freq-energy': '0', 'Long-island': '1', 'Low-tilt-spectrum': '0', 'Medium-island': '0', 'Short-island': '0', 'Squeal': '0', 'Typical-entropy': '0', 'Voicing-quality': '1', 'Wide-band': '0', 'Xlong-island': '0', 'seq': '1', 'end': 11431.71, 'start': 11430.85}]",0,0,[],[]
11431850,11432780,NA,NOF,0.0,417,AICF,NA,NA,NA,NA,0.0,0,-35.39,-20.35,[],0,0,[],[]
11432780,11434340,FEM,FAN,5.78,417,AICF,RC,3,TIFE,FI,0.0,0,-20.8,-11.43,[],0,0,[],[]
11434340,11435180,NA,OLF,0.0,417,AICF,NA,NA,NA,NA,0.0,0,-33.67,-23.7,[],0,0,[],[]
11435180,11436520,FEM,FAN,4.05,417,AICF,RC,3,NT,FH,0.0,0,-31.95,-24.7,[],0,0,[],[]
11436520,11437320,NA,OLF,0.0,417,AICF,NA,NA,NA,NA,0.0,0,-36.37,-27.3,[],0,0,[],[]
11437320,11438440,FEM,FAN,1.57,417,AICF,EC,3,NT,FH,0.0,0,-33.69,-25.76,[],0,0,[],[]
11438440,11439240,NA,OLN,0.0,418,pause,NA,NA,NA,NA,0.0,0,-31.43,-22.27,[],0,0,[],[]
11439240,11440070,NA,NOF,0.0,418,pause,NA,NA,NA,NA,0.0,0,-33.31,-22.82,[],0,0,[],[]
11440070,11440920,NA,OLN,0.0,418,pause,NA,NA,NA,NA,0.0,0,-36.64,-27.46,[],0,0,[],[]
11440920,11446000,NA,NOF,0.0,418,pause,NA,NA,NA,NA,0.0,0,-29.58,-10.16,[],0,0,[],[]
11446000,11446600,CHI,CHN,0.0,418,CIC,BC,0,TIFI,FI,1.0,600,-9.81,-2.07,"[{'Canonical-syllable': '0', 'Growl': '1', 'High-freq-energy': '0', 'Long-island': '0', 'Low-tilt-spectrum': '1', 'Medium-island': '1', 'Short-island': '0', 'Squeal': '0', 'Typical-entropy': '1', 'Voicing-quality': '1', 'Wide-band': '0', 'Xlong-island': '0', 'seq': '1', 'end': 11446.6, 'start': 11446.0}]",0,0,[],[]
11446600,11447860,NA,NOF,0.0,418,CIC,NA,NA,NA,NA,0.0,0,-26.45,-10.04,[],0,0,[],[]
11447860,11449030,NA,OLN,0.0,418,CIC,NA,NA,NA,NA,0.0,0,-27.97,-15.81,[],0,0,[],[]
11449030,11450140,FEM,FAN,4.06,418,CIC,RC,1,TIFR,FI,0.0,0,-21.86,-9.01,[],0,0,[],[]
11450140,11450940,NA,OLN,0.0,418,CIC,NA,NA,NA,NA,0.0,0,-15.02,-3.32,[],0,0,[],[]
11450940,11452040,CHI,CHN,0.0,418,CIC,RC,1,TIFI,FI,1.0,1100,-14.97,-9.19,"[{'Canonical-syllable': '0', 'Growl': '0', 'High-freq-energy': '0', 'Long-island': '0', 'Low-tilt-spectrum': '1', 'Medium-island': '0', 'Short-island': '0', 'Squeal': '0', 'Typical-entropy': '1', 'Voicing-quality': '1', 'Wide-band': '0', 'Xlong-island': '1', 'seq': '1', 'end': 11452.04, 'start': 11450.94}]",0,0,[],[]
11452040,11453480,NA,NON,0.0,418,CIC,NA,NA,NA,NA,0.0,0,-18.42,-4.63,[],0,0,[],[]
11453480,11454930,NA,OLN,0.0,418,CIC,NA,NA,NA,NA,0.0,0,-16.43,-2.74,[],0,0,[],[]
11454930,11455530,CHI,CHN,0.0,418,CIC,NA,NA,NA,NA,0.0,0,-9.74,-4.24,[],0,340,"[{'start': 11454.93, 'end': 11455.27}]",[]
11455530,11456540,FEM,FAN,6.16,418,CIC,RC,2,TIFR,FI,0.0,0,-23.67,-15.13,[],0,0,[],[]
11456540,11457160,CHI,CHN,0.0,418,CIC,RC,2,TIFI,FI,1.0,620,-16.37,-9.8,"[{'Canonical-syllable': '0', 'Growl': '0', 'High-freq-energy': '0', 'Long-island': '0', 'Low-tilt-spectrum': '0', 'Medium-island': '1', 'Short-island': '0', 'Squeal': '0', 'Typical-entropy': '1', 'Voicing-quality': '1', 'Wide-band': '0', 'Xlong-island': '0', 'seq': '1', 'end': 11457.16, 'start': 11456.69}]",0,0,[],[]
11457160,11457960,NA,OLN,0.0,418,CIC,NA,NA,NA,NA,0.0,0,-29.55,-18.98,[],0,0,[],[]
11457960,11460480,FEM,FAN,9.6,418,CIC,RC,3,TIFR,FI,0.0,0,-32.25,-21.79,[],0,0,[],[]
11460480,11461820,NA,NOF,0.0,418,CIC,NA,NA,NA,NA,0.0,0,-23.65,-7.87,[],0,0,[],[]
11461820,11462710,NA,OLF,0.0,418,CIC,NA,NA,NA,NA,0.0,0,-37.28,-25.66,[],0,0,[],[]
11462710,11464330,CHI,CHN,0.0,418,CIC,RC,3,TIFE,FI,1.0,1620,-17.08,-6.97,"[{'Canonical-syllable': '0', 'Growl': '0', 'High-freq-energy': '0', 'Long-island': '0', 'Low-tilt-spectrum': '0', 'Medium-island': '0', 'Short-island': '0', 'Squeal': '0', 'Typical-entropy': '1', 'Voicing-quality': '1', 'Wide-band': '0', 'Xlong-island': '1', 'seq': '1', 'end': 11464.33, 'start': 11462.85}]",0,0,[],[]
11464330,11465130,NA,OLF,0.0,418,CIC,NA,NA,NA,NA,0.0,0,-43.9,-36.87,[],0,0,[],[]
11465130,11466650,CHI,CHN,0.0,418,CIC,RC,3,NT,FH,1.0,1520,-17.28,-9.92,"[{'Canonical-syllable': '1', 'Growl': '0', 'High-freq-energy': '0', 'Long-island': '0', 'Low-tilt-spectrum': '1', 'Medium-island': '1', 'Short-island': '3', 'Squeal': '0', 'Typical-entropy': '1', 'Voicing-quality': '4', 'Wide-band': '1', 'Xlong-island': '0', 'seq': '1', 'end': 11466.65, 'start': 11465.13}]",0,0,[],[]
11466650,11467330,CHI,CHN,0.0,418,CIC,RC,3,TIFI,FH,1.0,680,-19.83,-13.26,"[{'Canonical-syllable': '1', 'Growl': '0', 'High-freq-energy': '0', 'Long-island': '0', 'Low-tilt-spectrum': '0', 'Medium-island': '1', 'Short-island': '1', 'Squeal': '0', 'Typical-entropy': '0', 'Voicing-quality': '2', 'Wide-band': '0', 'Xlong-island': '0', 'seq': '1', 'end': 11467.33, 'start': 11466.65}]",0,0,[],[]
11467330,11470080,FEM,FAN,8.85,418,CIC,RC,4,TIFR,FI,0.0,0,-35.61,-26.37,[],0,0,[],[]
11470080,11471300,NA,NOF,0.0,418,CIC,NA,NA,NA,NA,0.0,0,-40.2,-23.24,[],0,0,[],[]
11471300,11472360,MAL,MAN,5.23,418,CIC,RC,4,NT,FI,0.0,0,-32.3,-24.38,[],0,0,[],[]
11472360,11473220,NA,NOF,0.0,418,CIC,NA,NA,NA,NA,0.0,0,-39.63,-29.55,[],0,0,[],[]
11473220,11474260,CHI,CHN,0.0,418,CIC,RC,4,TIFI,FI,1.0,600,-19.27,-9.73,"[{'Canonical-syllable': '1', 'Growl': '0', 'High-freq-energy': '0', 'Long-island': '0', 'Low-tilt-spectrum': '0', 'Medium-island': '0', 'Short-island': '2', 'Squeal': '0', 'Typical-entropy': '1', 'Voicing-quality': '2', 'Wide-band': '0', 'Xlong-island': '0', 'seq': '1', 'end': 11473.82, 'start': 11473.22}]",0,0,[],[]
11474260,11475350,FEM,FAN,1.36,418,CIC,RC,5,TIFR,FI,0.0,0,-16.01,-9.26,[],0,0,[],[]
11475350,11476030,CHI,CHN,0.0,418,CIC,RC,5,TIFI,FI,1.0,130,-21.53,-12.16,"[{'Canonical-syllable': '0', 'Growl': '1', 'High-freq-energy': '0', 'Long-island': '0', 'Low-tilt-spectrum': '0', 'Medium-island': '0', 'Short-island': '0', 'Squeal': '0', 'Typical-entropy': '0', 'Voicing-quality': '1', 'Wide-band': '0', 'Xlong-island': '0', 'seq': '1', 'end': 11476.03, 'start': 11475.9}]",0,0,[],[]
11476030,11477030,FEM,FAN,0.0,418,CIC,NA,NA,NA,NA,0.0,0,-22.39,-11.41,[],1000,0,[],[]
11477030,11479840,NA,NOF,0.0,418,CIC,NA,NA,NA,NA,0.0,0,-44.23,-23.19,[],0,0,[],[]
11479840,11480940,FEM,FAN,6.77,418,CIC,RC,6,TIFR,FI,0.0,0,-28.65,-21.69,[],0,0,[],[]
11480940,11482040,FEM,FAN,2.46,418,CIC,RC,6,NT,FH,0.0,0,-33.95,-26.64,[],0,0,[],[]
11482040,11482840,NA,OLF,0.0,418,CIC,NA,NA,NA,NA,0.0,0,-39.99,-28.32,[],0,0,[],[]
11482840,11484710,CHI,CHN,0.0,418,CIC,RC,6,TIFI,FI,2.0,1280,-18.49,-11.61,"[{'Canonical-syllable': '1', 'Growl': '0', 'High-freq-energy': '0', 'Long-island': '0', 'Low-tilt-spectrum': '0', 'Medium-island': '1', 'Short-island': '2', 'Squeal': '0', 'Typical-entropy': '1', 'Voicing-quality': '3', 'Wide-band': '0', 'Xlong-island': '0', 'seq': '1', 'end': 11484.04, 'start': 11482.84}, {'Canonical-syllable': '0', 'Growl': '0', 'High-freq-energy': '0', 'Long-island': '0', 'Low-tilt-spectrum': '0', 'Medium-island': '0', 'Short-island': '0', 'Squeal': '0', 'Typical-entropy': '0', 'Voicing-quality': '0', 'Wide-band': '0', 'Xlong-island': '0', 'seq': '2', 'end': 11484.71, 'start': 11484.63}]",0,0,[],[]
11484710,11485510,NA,NOF,0.0,418,CIC,NA,NA,NA,NA,0.0,0,-42.96,-32.97,[],0,0,[],[]
11485510,11487500,FEM,FAN,7.69,418,CIC,RC,7,TIFR,FI,0.0,0,-25.15,-18.53,[],0,0,[],[]
11487500,11488760,NA,SIL,0.0,418,CIC,NA,NA,NA,NA,0.0,0,-46.22,-32.22,[],0,0,[],[]
11488760,11490140,NA,FAF,0.0,418,CIC,NA,NA,NA,NA,0.0,0,-34.6,-26.46,[],0,0,[],[]
11490140,11490740,FEM,FAN,2.75,418,CIC,RC,7,NT,FH,0.0,0,-26.43,-14.96,[],0,0,[],[]
11490740,11492200,NA,NOF,0.0,418,CIC,NA,NA,NA,NA,0.0,0,-24.55,-9.49,[],0,0,[],[]
11492200,11494630,CHI,CHN,0.0,418,CIC,EC,7,TIFE,FI,2.0,2110,-17.06,-7.18,"[{'Canonical-syllable': '1', 'Growl': '0', 'High-freq-energy': '0', 'Long-island': '1', 'Low-tilt-spectrum': '1', 'Medium-island': '1', 'Short-island': '0', 'Squeal': '0', 'Typical-entropy': '1', 'Voicing-quality': '2', 'Wide-band': '0', 'Xlong-island': '0', 'seq': '1', 'end': 11493.47, 'start': 11492.2}, {'Canonical-syllable': '0', 'Growl': '0', 'High-freq-energy': '0', 'Long-island': '0', 'Low-tilt-spectrum': '1', 'Medium-island': '1', 'Short-island': '1', 'Squeal': '0', 'Typical-entropy': '2', 'Voicing-quality': '1', 'Wide-band': '0', 'Xlong-island': '0', 'seq': '2', 'end': 11494.63, 'start': 11493.79}]",0,0,[],[]
11494630,11499680,NA,NOF,0.0,419,pause,NA,NA,NA,NA,0.0,0,-38.38,-17.8,[],0,0,[],[]
11499680,11500480,NA,OLF,0.0,419,pause,NA,NA,NA,NA,0.0,0,-35.89,-23.79,[],0,0,[],[]
11500480,11502340,NA,NOF,0.0,419,pause,NA,NA,NA,NA,0.0,0,-40.22,-28.63,[],0,0,[],[]
11502340,11503160,NA,OLF,0.0,419,pause,NA,NA,NA,NA,0.0,0,-42.2,-37.25,[],0,0,[],[]
11503160,11504810,NA,NOF,0.0,419,pause,NA,NA,NA,NA,0.0,0,-35.19,-17.54,[],0,0,[],[]
11504810,11505660,NA,OLF,0.0,419,pause,NA,NA,NA,NA,0.0,0,-42.99,-41.19,[],0,0,[],[]
11505660,11507850,NA,NOF,0.0,419,pause,NA,NA,NA,NA,0.0,0,-43.51,-40.04,[],0,0,[],[]
11507850,11510140,NA,OLN,0.0,419,pause,NA,NA,NA,NA,0.0,0,-25.74,-12.87,[],0,0,[],[]
11510140,11512300,NA,NOF,0.0,419,pause,NA,NA,NA,NA,0.0,0,-26.11,-5.58,[],0,0,[],[]
11512300,11513000,CHI,CHN,0.0,419,CIC,BC,0,NT,FI,1.0,360,-19.74,-11.23,"[{'Canonical-syllable': '1', 'Growl': '0', 'High-freq-energy': '0', 'Long-island': '0', 'Low-tilt-spectrum': '0', 'Medium-island': '1', 'Short-island': '0', 'Squeal': '0', 'Typical-entropy': '0', 'Voicing-quality': '1', 'Wide-band': '0', 'Xlong-island': '0', 'seq': '1', 'end': 11513.0, 'start': 11512.64}]",0,0,[],[]
11513000,11514270,CHI,CHN,0.0,419,CIC,RC,0,TIFI,FH,1.0,670,-15.38,-4.35,"[{'Canonical-syllable': '1', 'Growl': '0', 'High-freq-energy': '0', 'Long-island': '0', 'Low-tilt-spectrum': '1', 'Medium-island': '1', 'Short-island': '0', 'Squeal': '0', 'Typical-entropy': '1', 'Voicing-quality': '2', 'Wide-band': '0', 'Xlong-island': '0', 'seq': '1', 'end': 11513.67, 'start': 11513.0}]",0,0,[],[]
11514270,11515640,NA,MAF,0.0,419,CIC,NA,NA,NA,NA,0.0,0,-38.08,-30.39,[],0,0,[],[]
11515640,11516510,CHI,CHN,0.0,419,CIC,NA,NA,NA,NA,0.0,0,-17.03,-10.43,[],0,540,"[{'start': 11515.97, 'end': 11516.51}]",[]
11516510,11518330,FEM,FAN,8.53,419,CIC,RC,1,TIFR,FI,0.0,0,-33.91,-22.13,[],0,0,[],[]
11518330,11519620,NA,NOF,0.0,419,CIC,NA,NA,NA,NA,0.0,0,-41.83,-31.95,[],0,0,[],[]
11519620,11520260,FEM,FAN,4.17,419,CIC,RC,1,NT,FH,0.0,0,-34.5,-27.3,[],0,0,[],[]
11520260,11523270,NA,NOF,0.0,419,CIC,NA,NA,NA,NA,0.0,0,-39.87,-25.6,[],0,0,[],[]
11523270,11524270,FEM,FAN,2.39,419,CIC,EC,1,NT,FH,0.0,0,-30.97,-17.98,[],0,0,[],[]
11524270,11527360,NA,SIL,0.0,420,pause,NA,NA,NA,NA,0.0,0,-50.58,-36.66,[],0,0,[],[]
11527360,11535240,NA,NOF,0.0,420,pause,NA,NA,NA,NA,0.0,0,-38.59,-16.96,[],0,0,[],[]
11535240,11536080,NA,SIL,0.0,420,pause,NA,NA,NA,NA,0.0,0,-50.1,-44.09,[],0,0,[],[]
11536080,11537090,NA,MAF,0.0,420,pause,NA,NA,NA,NA,0.0,0,-45.37,-40.55,[],0,0,[],[]
11537090,11538030,NA,NOF,0.0,420,pause,NA,NA,NA,NA,0.0,0,-45.08,-38.61,[],0,0,[],[]
11538030,11538900,NA,OLF,0.0,420,pause,NA,NA,NA,NA,0.0,0,-35.5,-25.37,[],0,0,[],[]
11538900,11539910,NA,SIL,0.0,420,pause,NA,NA,NA,NA,0.0,0,-50.15,-38.59,[],0,0,[],[]
11539910,11541170,NA,NOF,0.0,420,pause,NA,NA,NA,NA,0.0,0,-48.67,-42.81,[],0,0,[],[]
11541170,11542420,NA,SIL,0.0,420,pause,NA,NA,NA,NA,0.0,0,-51.25,-45.89,[],0,0,[],[]
11542420,11543270,NA,NOF,0.0,420,pause,NA,NA,NA,NA,0.0,0,-42.03,-29.4,[],0,0,[],[]
11543270,11544070,NA,CXF,0.0,420,pause,NA,NA,NA,NA,0.0,0,-43.04,-32.31,[],0,0,[],[]
11544070,11546840,NA,SIL,0.0,420,pause,NA,NA,NA,NA,0.0,0,-49.9,-43.11,[],0,0,[],[]
11546840,11548150,NA,NOF,0.0,420,pause,NA,NA,NA,NA,0.0,0,-24.34,-10.95,[],0,0,[],[]
11548150,11549310,NA,SIL,0.0,420,pause,NA,NA,NA,NA,0.0,0,-48.2,-38.99,[],0,0,[],[]
11549310,11550370,NA,NOF,0.0,420,pause,NA,NA,NA,NA,0.0,0,-47.34,-42.4,[],0,0,[],[]
11550370,11551370,NA,TVN,0.0,420,pause,NA,NA,NA,NA,0.0,0,-45.19,-39.15,[],0,0,[],[]
11551370,11555000,NA,SIL,0.0,420,pause,NA,NA,NA,NA,0.0,0,-48.57,-42.87,[],0,0,[],[]
11555000,11557940,NA,NOF,0.0,420,pause,NA,NA,NA,NA,0.0,0,-33.22,-14.34,[],0,0,[],[]
11557940,11558940,NA,FAF,0.0,420,pause,NA,NA,NA,NA,0.0,0,-34.23,-20.3,[],0,0,[],[]
11558940,11560650,NA,MAF,0.0,420,pause,NA,NA,NA,NA,0.0,0,-41.41,-35.11,[],0,0,[],[]
11560650,11561630,NA,SIL,0.0,420,pause,NA,NA,NA,NA,0.0,0,-45.59,-35.87,[],0,0,[],[]
11561630,11562850,NA,FAF,0.0,420,pause,NA,NA,NA,NA,0.0,0,-38.77,-23.65,[],0,0,[],[]
11562850,11564740,NA,SIL,0.0,420,pause,NA,NA,NA,NA,0.0,0,-51.88,-41.81,[],0,0,[],[]
11564740,11565750,NA,MAF,0.0,420,pause,NA,NA,NA,NA,0.0,0,-48.89,-44.04,[],0,0,[],[]
11565750,11566810,NA,SIL,0.0,420,pause,NA,NA,NA,NA,0.0,0,-49.83,-44.25,[],0,0,[],[]
11566810,11567980,NA,MAF,0.0,420,pause,NA,NA,NA,NA,0.0,0,-47.68,-35.73,[],0,0,[],[]
11567980,11568810,NA,SIL,0.0,420,pause,NA,NA,NA,NA,0.0,0,-47.47,-43.83,[],0,0,[],[]
11568810,11569610,NA,OLF,0.0,420,pause,NA,NA,NA,NA,0.0,0,-18.44,-2.65,[],0,0,[],[]
11569610,11573820,NA,NOF,0.0,420,pause,NA,NA,NA,NA,0.0,0,-29.12,-4.17,[],0,0,[],[]
11573820,11574620,NA,OLF,0.0,420,pause,NA,NA,NA,NA,0.0,0,-44.64,-37.83,[],0,0,[],[]
11574620,11576710,NA,NOF,0.0,420,pause,NA,NA,NA,NA,0.0,0,-46.11,-37.63,[],0,0,[],[]
11576710,11577770,NA,MAF,0.0,420,pause,NA,NA,NA,NA,0.0,0,-42.17,-37.15,[],0,0,[],[]
11577770,11578570,NA,NOF,0.0,420,pause,NA,NA,NA,NA,0.0,0,-44.05,-38.96,[],0,0,[],[]
11578570,11579370,NA,SIL,0.0,420,pause,NA,NA,NA,NA,0.0,0,-46.2,-39.9,[],0,0,[],[]
11579370,11580170,NA,NOF,0.0,420,pause,NA,NA,NA,NA,0.0,0,-43.83,-32.95,[],0,0,[],[]
11580170,11580980,NA,SIL,0.0,420,pause,NA,NA,NA,NA,0.0,0,-45.7,-41.37,[],0,0,[],[]
11580980,11581790,NA,NOF,0.0,420,pause,NA,NA,NA,NA,0.0,0,-42.85,-39.5,[],0,0,[],[]
11581790,11582640,NA,SIL,0.0,420,pause,NA,NA,NA,NA,0.0,0,-48.18,-44.74,[],0,0,[],[]
11582640,11583440,NA,NOF,0.0,420,pause,NA,NA,NA,NA,0.0,0,-47.46,-45.1,[],0,0,[],[]
11583440,11584440,MAL,MAN,0.55,420,AMM,EC,0,NT,FI,0.0,0,-40.17,-34.63,[],0,0,[],[]
11584440,11586130,NA,NOF,0.0,421,pause,NA,NA,NA,NA,0.0,0,-43.99,-39.13,[],0,0,[],[]
11586130,11586930,NA,SIL,0.0,421,pause,NA,NA,NA,NA,0.0,0,-49.67,-42.02,[],0,0,[],[]
11586930,11588950,NA,NOF,0.0,421,pause,NA,NA,NA,NA,0.0,0,-44.48,-33.33,[],0,0,[],[]
11588950,11589750,NA,SIL,0.0,421,pause,NA,NA,NA,NA,0.0,0,-49.96,-45.48,[],0,0,[],[]
11589750,11593070,NA,NOF,0.0,421,pause,NA,NA,NA,NA,0.0,0,-45.42,-29.82,[],0,0,[],[]
11593070,11593930,NA,SIL,0.0,421,pause,NA,NA,NA,NA,0.0,0,-51.09,-48.24,[],0,0,[],[]
11593930,11594860,NA,NOF,0.0,421,pause,NA,NA,NA,NA,0.0,0,-47.86,-36.11,[],0,0,[],[]
11594860,11595930,NA,SIL,0.0,421,pause,NA,NA,NA,NA,0.0,0,-50.28,-43.81,[],0,0,[],[]
11595930,11597890,NA,NOF,0.0,421,pause,NA,NA,NA,NA,0.0,0,-50.09,-45.64,[],0,0,[],[]
11597890,11598690,NA,SIL,0.0,421,pause,NA,NA,NA,NA,0.0,0,-51.3,-47.75,[],0,0,[],[]
11598690,11603310,NA,NOF,0.0,421,pause,NA,NA,NA,NA,0.0,0,-26.16,-3.3,[],0,0,[],[]
11603310,11604120,NA,OLF,0.0,421,pause,NA,NA,NA,NA,0.0,0,-18.88,-5.02,[],0,0,[],[]
11604120,11604940,NA,NOF,0.0,421,pause,NA,NA,NA,NA,0.0,0,-38.24,-25.05,[],0,0,[],[]
11604940,11605950,NA,TVF,0.0,421,pause,NA,NA,NA,NA,0.0,0,-45.76,-36.12,[],0,0,[],[]
11605950,11606810,NA,SIL,0.0,421,pause,NA,NA,NA,NA,0.0,0,-51.97,-47.84,[],0,0,[],[]
11606810,11611500,NA,NOF,0.0,421,pause,NA,NA,NA,NA,0.0,0,-37.18,-18.2,[],0,0,[],[]
11611500,11612500,OCH,CXN,0.0,421,XIOCC,BC,0,NT,FI,0.0,0,-24.61,-17.22,[],0,0,[],[]
11612500,11613300,NA,SIL,0.0,421,XIOCC,NA,NA,NA,NA,0.0,0,-53.33,-43.27,[],0,0,[],[]
11613300,11615340,NA,NOF,0.0,421,XIOCC,NA,NA,NA,NA,0.0,0,-30.04,-9.07,[],0,0,[],[]
11615340,11618100,CHI,CHN,0.0,421,XIOCC,EC,0,NT,FI,1.0,2760,-15.28,-3.46,"[{'Canonical-syllable': '0', 'Growl': '0', 'High-freq-energy': '0', 'Long-island': '1', 'Low-tilt-spectrum': '3', 'Medium-island': '0', 'Short-island': '3', 'Squeal': '0', 'Typical-entropy': '4', 'Voicing-quality': '5', 'Wide-band': '0', 'Xlong-island': '1', 'seq': '1', 'end': 11618.1, 'start': 11615.34}]",0,0,[],[]
11618100,11621400,NA,NOF,0.0,422,pause,NA,NA,NA,NA,0.0,0,-34.45,-17.15,[],0,0,[],[]
11621400,11623100,NA,OLF,0.0,422,pause,NA,NA,NA,NA,0.0,0,-34.03,-20.66,[],0,0,[],[]
11623100,11624220,NA,NOF,0.0,422,pause,NA,NA,NA,NA,0.0,0,-35.79,-22.15,[],0,0,[],[]
11624220,11625810,CHI,CHN,0.0,422,CM,BC,0,NT,FI,1.0,1470,-18.92,-9.53,"[{'Canonical-syllable': '1', 'Growl': '0', 'High-freq-energy': '0', 'Long-island': '0', 'Low-tilt-spectrum': '4', 'Medium-island': '1', 'Short-island': '3', 'Squeal': '0', 'Typical-entropy': '4', 'Voicing-quality': '4', 'Wide-band': '0', 'Xlong-island': '0', 'seq': '1', 'end': 11625.69, 'start': 11624.3}]",0,0,[],[]
11625810,11627320,CHI,CHN,0.0,422,CM,RC,0,NT,FH,2.0,1180,-20.66,-10.14,"[{'Canonical-syllable': '0', 'Growl': '0', 'High-freq-energy': '0', 'Long-island': '0', 'Low-tilt-spectrum': '0', 'Medium-island': '1', 'Short-island': '0', 'Squeal': '0', 'Typical-entropy': '2', 'Voicing-quality': '2', 'Wide-band': '0', 'Xlong-island': '0', 'seq': '1', 'end': 11626.6, 'start': 11626.09}, {'Canonical-syllable': '1', 'Growl': '0', 'High-freq-energy': '0', 'Long-island': '0', 'Low-tilt-spectrum': '0', 'Medium-island': '1', 'Short-island': '0', 'Squeal': '0', 'Typical-entropy': '0', 'Voicing-quality': '1', 'Wide-band': '0', 'Xlong-island': '0', 'seq': '2', 'end': 11627.32, 'start': 11626.93}]",0,0,[],[]
11627320,11629230,CHI,CHN,0.0,422,CM,RC,0,NT,FH,1.0,1910,-18.69,-10.13,"[{'Canonical-syllable': '1', 'Growl': '0', 'High-freq-energy': '0', 'Long-island': '0', 'Low-tilt-spectrum': '1', 'Medium-island': '2', 'Short-island': '3', 'Squeal': '0', 'Typical-entropy': '3', 'Voicing-quality': '6', 'Wide-band': '0', 'Xlong-island': '0', 'seq': '1', 'end': 11629.23, 'start': 11627.32}]",0,0,[],[]
11629230,11630470,NA,NOF,0.0,422,CM,NA,NA,NA,NA,0.0,0,-39.07,-26.03,[],0,0,[],[]
11630470,11632290,CHI,CHN,0.0,422,CM,EC,0,NT,FH,1.0,1820,-21.45,-12.22,"[{'Canonical-syllable': '2', 'Growl': '0', 'High-freq-energy': '0', 'Long-island': '0', 'Low-tilt-spectrum': '3', 'Medium-island': '2', 'Short-island': '3', 'Squeal': '0', 'Typical-entropy': '4', 'Voicing-quality': '5', 'Wide-band': '0', 'Xlong-island': '0', 'seq': '1', 'end': 11632.29, 'start': 11630.58}]",0,0,[],[]
11632290,11633860,NA,NOF,0.0,423,pause,NA,NA,NA,NA,0.0,0,-40.72,-19.44,[],0,0,[],[]
11633860,11634890,NA,FAF,0.0,423,pause,NA,NA,NA,NA,0.0,0,-40.61,-32.57,[],0,0,[],[]
11634890,11636890,NA,NOF,0.0,423,pause,NA,NA,NA,NA,0.0,0,-24.87,-9.57,[],0,0,[],[]
11636890,11637700,NA,OLN,0.0,423,pause,NA,NA,NA,NA,0.0,0,-21.66,-11.78,[],0,0,[],[]
11637700,11638300,CHI,CHN,0.0,423,pause,NA,NA,NA,NA,0.0,0,-16.59,-11.19,[],0,340,"[{'start': 11637.7, 'end': 11638.04}]",[]
11638300,11639500,NA,OLF,0.0,423,pause,NA,NA,NA,NA,0.0,0,-45.44,-36.57,[],0,0,[],[]
11639500,11640100,CHI,CHN,0.0,423,CIC,BC,0,NT,FI,1.0,230,-23.52,-14.73,"[{'Canonical-syllable': '0', 'Growl': '0', 'High-freq-energy': '0', 'Long-island': '0', 'Low-tilt-spectrum': '1', 'Medium-island': '0', 'Short-island': '1', 'Squeal': '0', 'Typical-entropy': '1', 'Voicing-quality': '1', 'Wide-band': '0', 'Xlong-island': '0', 'seq': '1', 'end': 11640.1, 'start': 11639.87}]",0,0,[],[]
11640100,11640920,NA,OLN,0.0,423,CIC,NA,NA,NA,NA,0.0,0,-20.87,-9.81,[],0,0,[],[]
11640920,11641650,CHI,CHN,0.0,423,CIC,RC,0,NT,FH,1.0,730,-18.24,-11.67,"[{'Canonical-syllable': '0', 'Growl': '0', 'High-freq-energy': '0', 'Long-island': '0', 'Low-tilt-spectrum': '3', 'Medium-island': '0', 'Short-island': '2', 'Squeal': '0', 'Typical-entropy': '3', 'Voicing-quality': '3', 'Wide-band': '0', 'Xlong-island': '0', 'seq': '1', 'end': 11641.65, 'start': 11640.92}]",0,0,[],[]
11641650,11642550,NA,OLN,0.0,423,CIC,NA,NA,NA,NA,0.0,0,-23.88,-14.0,[],0,0,[],[]
11642550,11643800,CHI,CHN,0.0,423,CIC,RC,0,NT,FH,1.0,1100,-21.29,-12.02,"[{'Canonical-syllable': '1', 'Growl': '1', 'High-freq-energy': '0', 'Long-island': '0', 'Low-tilt-spectrum': '3', 'Medium-island': '0', 'Short-island': '4', 'Squeal': '0', 'Typical-entropy': '4', 'Voicing-quality': '4', 'Wide-band': '1', 'Xlong-island': '0', 'seq': '1', 'end': 11643.65, 'start': 11642.55}]",0,0,[],[]
11643800,11644510,CHI,CHN,0.0,423,CIC,RC,0,TIFI,FH,2.0,340,-21.98,-14.91,"[{'Canonical-syllable': '0', 'Growl': '0', 'High-freq-energy': '0', 'Long-island': '0', 'Low-tilt-spectrum': '1', 'Medium-island': '0', 'Short-island': '1', 'Squeal': '0', 'Typical-entropy': '1', 'Voicing-quality': '1', 'Wide-band': '0', 'Xlong-island': '0', 'seq': '1', 'end': 11643.98, 'start': 11643.8}, {'Canonical-syllable': '0', 'Growl': '1', 'High-freq-energy': '0', 'Long-island': '0', 'Low-tilt-spectrum': '0', 'Medium-island': '0', 'Short-island': '1', 'Squeal': '0', 'Typical-entropy': '0', 'Voicing-quality': '1', 'Wide-band': '0', 'Xlong-island': '0', 'seq': '2', 'end': 11644.51, 'start': 11644.35}]",0,0,[],[]
11644510,11645520,FEM,FAN,2.63,423,CIC,RC,1,TIFR,FI,0.0,0,-32.67,-18.26,[],0,0,[],[]
11645520,11646200,CHI,CHN,0.0,423,CIC,RC,1,TIFE,FI,1.0,680,-24.22,-16.06,"[{'Canonical-syllable': '0', 'Growl': '0', 'High-freq-energy': '0', 'Long-island': '0', 'Low-tilt-spectrum': '2', 'Medium-island': '1', 'Short-island': '1', 'Squeal': '0', 'Typical-entropy': '2', 'Voicing-quality': '2', 'Wide-band': '0', 'Xlong-island': '0', 'seq': '1', 'end': 11646.2, 'start': 11645.52}]",0,0,[],[]
11646200,11647860,NA,NOF,0.0,423,CIC,NA,NA,NA,NA,0.0,0,-47.66,-39.47,[],0,0,[],[]
11647860,11649950,CHI,CHN,0.0,423,CIC,RC,1,NT,FH,2.0,2090,-21.39,-11.12,"[{'Canonical-syllable': '0', 'Growl': '0', 'High-freq-energy': '0', 'Long-island': '0', 'Low-tilt-spectrum': '2', 'Medium-island': '1', 'Short-island': '0', 'Squeal': '0', 'Typical-entropy': '2', 'Voicing-quality': '2', 'Wide-band': '0', 'Xlong-island': '0', 'seq': '1', 'end': 11648.5, 'start': 11647.86}, {'Canonical-syllable': '1', 'Growl': '0', 'High-freq-energy': '0', 'Long-island': '0', 'Low-tilt-spectrum': '1', 'Medium-island': '1', 'Short-island': '1', 'Squeal': '0', 'Typical-entropy': '2', 'Voicing-quality': '3', 'Wide-band': '0', 'Xlong-island': '0', 'seq': '2', 'end': 11649.95, 'start': 11648.8}]",0,0,[],[]
11649950,11650750,OCH,CXN,0.0,423,CIC,RC,1,NT,FI,0.0,0,-20.22,-11.42,[],0,0,[],[]
11650750,11652980,NA,FAF,0.0,423,CIC,NA,NA,NA,NA,0.0,0,-40.66,-33.2,[],0,0,[],[]
11652980,11653820,NA,NOF,0.0,423,CIC,NA,NA,NA,NA,0.0,0,-50.23,-45.35,[],0,0,[],[]
11653820,11655280,NA,SIL,0.0,423,CIC,NA,NA,NA,NA,0.0,0,-52.34,-48.64,[],0,0,[],[]
11655280,11656500,OCH,CXN,0.0,423,CIC,RC,1,NT,FH,0.0,0,-23.22,-13.7,[],0,0,[],[]
11656500,11657480,OCH,CXN,0.0,423,CIC,RC,1,NT,FH,0.0,0,-19.08,-10.93,[],0,0,[],[]
11657480,11658480,FEM,FAN,6.32,423,CIC,RC,1,NT,FI,0.0,0,-23.74,-12.15,[],0,0,[],[]
11658480,11659080,CHI,CHN,0.0,423,CIC,NA,NA,NA,NA,0.0,0,-15.16,-11.5,[],0,600,"[{'start': 11658.48, 'end': 11659.08}]",[]
11659080,11660010,NA,OLN,0.0,423,CIC,NA,NA,NA,NA,0.0,0,-21.93,-9.2,[],0,0,[],[]
11660010,11661020,FEM,FAN,6.78,423,CIC,RC,1,TIFI,FH,0.0,0,-21.95,-11.44,[],0,0,[],[]
11661020,11661620,CHI,CHN,0.0,423,CIC,RC,2,TIFR,FI,1.0,600,-20.81,-12.76,"[{'Canonical-syllable': '1', 'Growl': '0', 'High-freq-energy': '0', 'Long-island': '0', 'Low-tilt-spectrum': '1', 'Medium-island': '1', 'Short-island': '0', 'Squeal': '0', 'Typical-entropy': '1', 'Voicing-quality': '1', 'Wide-band': '0', 'Xlong-island': '0', 'seq': '1', 'end': 11661.62, 'start': 11661.02}]",0,0,[],[]
11661620,11662420,NA,OLN,0.0,423,CIC,NA,NA,NA,NA,0.0,0,-22.83,-10.26,[],0,0,[],[]
11662420,11663260,CHI,CHN,0.0,423,CIC,RC,2,NT,FH,1.0,840,-22.68,-15.27,"[{'Canonical-syllable': '0', 'Growl': '0', 'High-freq-energy': '0', 'Long-island': '0', 'Low-tilt-spectrum': '2', 'Medium-island': '2', 'Short-island': '0', 'Squeal': '0', 'Typical-entropy': '2', 'Voicing-quality': '2', 'Wide-band': '0', 'Xlong-island': '0', 'seq': '1', 'end': 11663.26, 'start': 11662.42}]",0,0,[],[]
11663260,11664580,OCH,CXN,0.0,423,CIC,RC,2,NT,FI,0.0,0,-21.89,-11.86,[],0,0,[],[]
11664580,11665190,CHI,CHN,0.0,423,CIC,RC,2,NT,FI,1.0,610,-20.47,-16.78,"[{'Canonical-syllable': '1', 'Growl': '1', 'High-freq-energy': '0', 'Long-island': '0', 'Low-tilt-spectrum': '2', 'Medium-island': '1', 'Short-island': '1', 'Squeal': '0', 'Typical-entropy': '2', 'Voicing-quality': '2', 'Wide-band': '0', 'Xlong-island': '0', 'seq': '1', 'end': 11665.19, 'start': 11664.58}]",0,0,[],[]
11665190,11666290,NA,MAF,0.0,423,CIC,NA,NA,NA,NA,0.0,0,-40.75,-27.22,[],0,0,[],[]
11666290,11669870,CHI,CHN,0.0,423,CIC,RC,2,NT,FH,2.0,3010,-17.44,-5.06,"[{'Canonical-syllable': '0', 'Growl': '0', 'High-freq-energy': '0', 'Long-island': '1', 'Low-tilt-spectrum': '2', 'Medium-island': '0', 'Short-island': '2', 'Squeal': '0', 'Typical-entropy': '5', 'Voicing-quality': '5', 'Wide-band': '0', 'Xlong-island': '1', 'seq': '1', 'end': 11669.17, 'start': 11666.29}, {'Canonical-syllable': '0', 'Growl': '0', 'High-freq-energy': '0', 'Long-island': '0', 'Low-tilt-spectrum': '0', 'Medium-island': '0', 'Short-island': '0', 'Squeal': '0', 'Typical-entropy': '0', 'Voicing-quality': '1', 'Wide-band': '0', 'Xlong-island': '0', 'seq': '2', 'end': 11669.87, 'start': 11669.74}]",0,0,[],[]
11669870,11670670,OCH,CXN,0.0,423,CIC,RC,2,NT,FI,0.0,0,-28.7,-18.05,[],0,0,[],[]
11670670,11671270,CHI,CHN,0.0,423,CIC,RC,2,NT,FI,1.0,160,-19.78,-11.0,"[{'Canonical-syllable': '1', 'Growl': '0', 'High-freq-energy': '0', 'Long-island': '0', 'Low-tilt-spectrum': '1', 'Medium-island': '0', 'Short-island': '1', 'Squeal': '0', 'Typical-entropy': '1', 'Voicing-quality': '1', 'Wide-band': '0', 'Xlong-island': '0', 'seq': '1', 'end': 11671.27, 'start': 11671.11}]",0,0,[],[]
11671270,11672100,OCH,CXN,0.0,423,CIC,RC,2,NT,FI,0.0,0,-23.8,-12.14,[],0,0,[],[]
11672100,11673390,CHI,CHN,0.0,423,CIC,RC,2,TIMI,FI,1.0,1290,-18.61,-12.34,"[{'Canonical-syllable': '0', 'Growl': '2', 'High-freq-energy': '0', 'Long-island': '0', 'Low-tilt-spectrum': '0', 'Medium-island': '2', 'Short-island': '1', 'Squeal': '0', 'Typical-entropy': '1', 'Voicing-quality': '3', 'Wide-band': '0', 'Xlong-island': '0', 'seq': '1', 'end': 11673.39, 'start': 11672.18}]",0,0,[],[]
11673390,11674390,MAL,MAN,5.11,423,CIC,EC,3,TIMR,FI,0.0,0,-18.67,-5.48,[],0,0,[],[]
11674390,11676180,NA,NOF,0.0,424,pause,NA,NA,NA,NA,0.0,0,-40.56,-30.25,[],0,0,[],[]
11676180,11676980,NA,SIL,0.0,424,pause,NA,NA,NA,NA,0.0,0,-39.08,-25.86,[],0,0,[],[]
11676980,11678290,NA,MAF,0.0,424,pause,NA,NA,NA,NA,0.0,0,-33.28,-17.93,[],0,0,[],[]
11678290,11679200,NA,NOF,0.0,424,pause,NA,NA,NA,NA,0.0,0,-43.05,-25.45,[],0,0,[],[]
11679200,11680020,NA,OLN,0.0,424,pause,NA,NA,NA,NA,0.0,0,-20.57,-9.26,[],0,0,[],[]
11680020,11680820,CHI,CHN,0.0,424,pause,NA,NA,NA,NA,0.0,0,-19.87,-9.64,[],0,540,"[{'start': 11680.02, 'end': 11680.56}]",[]
11680820,11682390,NA,OLN,0.0,424,pause,NA,NA,NA,NA,0.0,0,-30.79,-16.22,[],0,0,[],[]
11682390,11683980,NA,NON,0.0,424,pause,NA,NA,NA,NA,0.0,0,-34.01,-22.18,[],0,0,[],[]
11683980,11684840,CHI,CHN,0.0,424,CIC,BC,0,TIFI,FI,1.0,650,-17.99,-7.7,"[{'Canonical-syllable': '0', 'Growl': '0', 'High-freq-energy': '1', 'Long-island': '0', 'Low-tilt-spectrum': '2', 'Medium-island': '1', 'Short-island': '1', 'Squeal': '0', 'Typical-entropy': '2', 'Voicing-quality': '2', 'Wide-band': '0', 'Xlong-island': '0', 'seq': '1', 'end': 11684.63, 'start': 11683.98}]",0,0,[],[]
11684840,11686170,NA,OLN,0.0,424,CIC,NA,NA,NA,NA,0.0,0,-13.81,-3.21,[],0,0,[],[]
11686170,11687960,FEM,FAN,9.86,424,CIC,EC,1,TIFR,FI,0.0,0,-35.57,-26.34,[],0,0,[],[]
11687960,11688760,NA,OLN,0.0,425,pause,NA,NA,NA,NA,0.0,0,-35.34,-28.55,[],0,0,[],[]
11688760,11689430,CHI,CHN,0.0,425,pause,NA,NA,NA,NA,0.0,0,-19.84,-10.15,[],0,260,[],"[{'start': 11688.76, 'end': 11689.02}]"
11689430,11690560,NA,OLN,0.0,425,pause,NA,NA,NA,NA,0.0,0,-34.82,-26.0,[],0,0,[],[]
11690560,11694330,NA,NON,0.0,425,pause,NA,NA,NA,NA,0.0,0,-35.52,-24.34,[],0,0,[],[]
11694330,11696100,CHI,CHN,0.0,425,CIC,BC,0,TIMI,FI,3.0,1000,-21.17,-13.56,"[{'Canonical-syllable': '1', 'Growl': '0', 'High-freq-energy': '0', 'Long-island': '0', 'Low-tilt-spectrum': '1', 'Medium-island': '1', 'Short-island': '0', 'Squeal': '0', 'Typical-entropy': '1', 'Voicing-quality': '1', 'Wide-band': '0', 'Xlong-island': '0', 'seq': '1', 'end': 11694.7, 'start': 11694.33}, {'Canonical-syllable': '0', 'Growl': '0', 'High-freq-energy': '0', 'Long-island': '0', 'Low-tilt-spectrum': '1', 'Medium-island': '0', 'Short-island': '2', 'Squeal': '0', 'Typical-entropy': '1', 'Voicing-quality': '2', 'Wide-band': '0', 'Xlong-island': '0', 'seq': '2', 'end': 11695.5, 'start': 11695.05}, {'Canonical-syllable': '0', 'Growl': '0', 'High-freq-energy': '0', 'Long-island': '0', 'Low-tilt-spectrum': '1', 'Medium-island': '0', 'Short-island': '1', 'Squeal': '0', 'Typical-entropy': '1', 'Voicing-quality': '1', 'Wide-band': '0', 'Xlong-island': '0', 'seq': '3', 'end': 11696.1, 'start': 11695.92}]",0,0,[],[]
11696100,11697640,NA,OLF,0.0,425,CIC,NA,NA,NA,NA,0.0,0,-36.89,-24.02,[],0,0,[],[]
11697640,11698690,MAL,MAN,3.27,425,CIC,EC,1,TIMR,FI,0.0,0,-37.9,-31.03,[],0,0,[],[]
11698690,11707690,NA,NOF,0.0,426,pause,NA,NA,NA,NA,0.0,0,-39.89,-23.01,[],0,0,[],[]
11707690,11709310,FEM,FAN,5.94,426,AMF,EC,0,NT,FI,0.0,0,-29.1,-20.92,[],0,0,[],[]
11709310,11714370,NA,NOF,0.0,427,pause,NA,NA,NA,NA,0.0,0,-35.82,-17.29,[],0,0,[],[]
11714370,11716220,NA,OLN,0.0,427,pause,NA,NA,NA,NA,0.0,0,-32.8,-20.59,[],0,0,[],[]
11716220,11717220,FEM,FAN,1.39,427,AMF,EC,0,NT,FI,0.0,0,-43.43,-35.6,[],0,0,[],[]
11717220,11721030,NA,NOF,0.0,428,pause,NA,NA,NA,NA,0.0,0,-35.35,-15.89,[],0,0,[],[]
11721030,11722030,NA,FAF,0.0,428,pause,NA,NA,NA,NA,0.0,0,-43.71,-37.53,[],0,0,[],[]
11722030,11722830,NA,SIL,0.0,428,pause,NA,NA,NA,NA,0.0,0,-51.96,-47.28,[],0,0,[],[]
11722830,11728830,NA,NOF,0.0,428,pause,NA,NA,NA,NA,0.0,0,-38.14,-19.42,[],0,0,[],[]
11728830,11729630,NA,SIL,0.0,428,pause,NA,NA,NA,NA,0.0,0,-50.69,-41.66,[],0,0,[],[]
11729630,11731120,NA,NOF,0.0,428,pause,NA,NA,NA,NA,0.0,0,-48.0,-37.57,[],0,0,[],[]
11731120,11731920,NA,SIL,0.0,428,pause,NA,NA,NA,NA,0.0,0,-49.07,-36.32,[],0,0,[],[]
11731920,11736230,NA,NOF,0.0,428,pause,NA,NA,NA,NA,0.0,0,-37.06,-13.47,[],0,0,[],[]
11736230,11737910,NA,SIL,0.0,428,pause,NA,NA,NA,NA,0.0,0,-38.79,-20.95,[],0,0,[],[]
11737910,11740480,NA,NOF,0.0,428,pause,NA,NA,NA,NA,0.0,0,-37.51,-24.03,[],0,0,[],[]
11740480,11741490,NA,OLF,0.0,428,pause,NA,NA,NA,NA,0.0,0,-27.55,-11.4,[],0,0,[],[]
11741490,11744550,NA,NOF,0.0,428,pause,NA,NA,NA,NA,0.0,0,-40.58,-21.59,[],0,0,[],[]
11744550,11745380,NA,OLF,0.0,428,pause,NA,NA,NA,NA,0.0,0,-23.85,-7.96,[],0,0,[],[]
11745380,11746740,NA,NOF,0.0,428,pause,NA,NA,NA,NA,0.0,0,-41.98,-33.21,[],0,0,[],[]
11746740,11749190,OCH,CXN,0.0,428,XM,EC,0,NT,FI,0.0,0,-25.64,-10.69,[],0,0,[],[]
11749190,11752370,NA,NOF,0.0,429,pause,NA,NA,NA,NA,0.0,0,-45.69,-34.88,[],0,0,[],[]
11752370,11753560,NA,OLN,0.0,429,pause,NA,NA,NA,NA,0.0,0,-26.07,-11.86,[],0,0,[],[]
11753560,11754880,NA,FAF,0.0,429,pause,NA,NA,NA,NA,0.0,0,-40.08,-29.73,[],0,0,[],[]
11754880,11763350,NA,NOF,0.0,429,pause,NA,NA,NA,NA,0.0,0,-46.26,-26.71,[],0,0,[],[]
11763350,11764150,NA,OLF,0.0,429,pause,NA,NA,NA,NA,0.0,0,-44.38,-37.81,[],0,0,[],[]
11764150,11775150,NA,NOF,0.0,429,pause,NA,NA,NA,NA,0.0,0,-43.14,-24.43,[],0,0,[],[]
11775150,11776770,NA,SIL,0.0,429,pause,NA,NA,NA,NA,0.0,0,-53.62,-45.16,[],0,0,[],[]
11776770,11782900,NA,NOF,0.0,429,pause,NA,NA,NA,NA,0.0,0,-33.52,-13.28,[],0,0,[],[]
11782900,11783900,NA,FAF,0.0,429,pause,NA,NA,NA,NA,0.0,0,-38.58,-30.13,[],0,0,[],[]
11783900,11795670,NA,NOF,0.0,429,pause,NA,NA,NA,NA,0.0,0,-32.72,-7.01,[],0,0,[],[]
11795670,11796720,NA,OLN,0.0,429,pause,NA,NA,NA,NA,0.0,0,-35.02,-29.74,[],0,0,[],[]
11796720,11797670,NA,NOF,0.0,429,pause,NA,NA,NA,NA,0.0,0,-48.69,-40.06,[],0,0,[],[]
11797670,11800450,NA,SIL,0.0,429,pause,NA,NA,NA,NA,0.0,0,-51.89,-43.66,[],0,0,[],[]
11800450,11801250,NA,NOF,0.0,429,pause,NA,NA,NA,NA,0.0,0,-48.01,-43.92,[],0,0,[],[]
11801250,11801870,OCH,CXN,0.0,429,XIOCC,BC,0,NT,FI,0.0,0,-35.0,-27.03,[],0,0,[],[]
11801870,11802680,NA,NOF,0.0,429,XIOCC,NA,NA,NA,NA,0.0,0,-45.57,-34.52,[],0,0,[],[]
11802680,11803740,CHI,CHN,0.0,429,XIOCC,EC,0,NT,FI,2.0,360,-24.29,-14.06,"[{'Canonical-syllable': '0', 'Growl': '1', 'High-freq-energy': '0', 'Long-island': '0', 'Low-tilt-spectrum': '1', 'Medium-island': '0', 'Short-island': '0', 'Squeal': '0', 'Typical-entropy': '0', 'Voicing-quality': '1', 'Wide-band': '0', 'Xlong-island': '0', 'seq': '1', 'end': 11802.9, 'start': 11802.79}, {'Canonical-syllable': '0', 'Growl': '1', 'High-freq-energy': '0', 'Long-island': '0', 'Low-tilt-spectrum': '0', 'Medium-island': '0', 'Short-island': '1', 'Squeal': '0', 'Typical-entropy': '0', 'Voicing-quality': '1', 'Wide-band': '0', 'Xlong-island': '0', 'seq': '2', 'end': 11803.42, 'start': 11803.28}]",0,0,[],[]
11803740,11804540,NA,OLN,0.0,430,pause,NA,NA,NA,NA,0.0,0,-32.51,-24.86,[],0,0,[],[]
11804540,11805540,NA,FAF,0.0,430,pause,NA,NA,NA,NA,0.0,0,-43.42,-39.67,[],0,0,[],[]
11805540,11808420,NA,NOF,0.0,430,pause,NA,NA,NA,NA,0.0,0,-38.05,-19.22,[],0,0,[],[]
11808420,11809960,NA,FAF,0.0,430,pause,NA,NA,NA,NA,0.0,0,-32.57,-19.3,[],0,0,[],[]
11809960,11814200,NA,NOF,0.0,430,pause,NA,NA,NA,NA,0.0,0,-46.64,-26.3,[],0,0,[],[]
11814200,11815020,NA,SIL,0.0,430,pause,NA,NA,NA,NA,0.0,0,-52.26,-48.44,[],0,0,[],[]
11815020,11835610,NA,NOF,0.0,430,pause,NA,NA,NA,NA,0.0,0,-30.27,-3.89,[],0,0,[],[]
11835610,11836410,NA,OLF,0.0,430,pause,NA,NA,NA,NA,0.0,0,-40.35,-31.18,[],0,0,[],[]
11836410,11839320,NA,NOF,0.0,430,pause,NA,NA,NA,NA,0.0,0,-38.3,-20.03,[],0,0,[],[]
11839320,11840270,NA,OLN,0.0,430,pause,NA,NA,NA,NA,0.0,0,-34.13,-20.64,[],0,0,[],[]
11840270,11844140,NA,NOF,0.0,430,pause,NA,NA,NA,NA,0.0,0,-46.62,-37.31,[],0,0,[],[]
11844140,11844960,NA,SIL,0.0,430,pause,NA,NA,NA,NA,0.0,0,-52.83,-48.69,[],0,0,[],[]
11844960,11847160,NA,NOF,0.0,430,pause,NA,NA,NA,NA,0.0,0,-48.82,-41.35,[],0,0,[],[]
11847160,11848600,OCH,CXN,0.0,430,XIOCA,BC,0,NT,FI,0.0,0,-28.39,-21.0,[],0,0,[],[]
11848600,11849210,CHI,CHN,0.0,430,XIOCA,NA,NA,NA,NA,0.0,0,-28.36,-20.48,[],0,450,[],"[{'start': 11848.6, 'end': 11849.05}]"
11849210,11850210,FEM,FAN,3.62,430,XIOCA,RC,0,NT,FI,0.0,0,-35.95,-27.09,[],0,0,[],[]
11850210,11851030,NA,NOF,0.0,430,XIOCA,NA,NA,NA,NA,0.0,0,-46.92,-39.79,[],0,0,[],[]
11851030,11852030,FEM,FAN,7.61,430,XIOCA,EC,0,NT,FH,0.0,0,-35.37,-28.67,[],0,0,[],[]
11852030,11859980,NA,NOF,0.0,431,pause,NA,NA,NA,NA,0.0,0,-40.77,-25.38,[],0,0,[],[]
11859980,11860790,NA,SIL,0.0,431,pause,NA,NA,NA,NA,0.0,0,-51.02,-44.26,[],0,0,[],[]
11860790,11869270,NA,NOF,0.0,431,pause,NA,NA,NA,NA,0.0,0,-37.16,-18.18,[],0,0,[],[]
11869270,11870070,NA,SIL,0.0,431,pause,NA,NA,NA,NA,0.0,0,-53.55,-49.29,[],0,0,[],[]
11870070,11871420,NA,NOF,0.0,431,pause,NA,NA,NA,NA,0.0,0,-49.48,-42.44,[],0,0,[],[]
11871420,11872220,NA,SIL,0.0,431,pause,NA,NA,NA,NA,0.0,0,-51.21,-42.77,[],0,0,[],[]
11872220,11875210,NA,NOF,0.0,431,pause,NA,NA,NA,NA,0.0,0,-38.71,-18.34,[],0,0,[],[]
11875210,11876290,NA,FAF,0.0,431,pause,NA,NA,NA,NA,0.0,0,-45.48,-32.14,[],0,0,[],[]
11876290,11877770,NA,SIL,0.0,431,pause,NA,NA,NA,NA,0.0,0,-51.28,-39.91,[],0,0,[],[]
11877770,11878900,NA,NOF,0.0,431,pause,NA,NA,NA,NA,0.0,0,-51.02,-46.75,[],0,0,[],[]
11878900,11879700,NA,SIL,0.0,431,pause,NA,NA,NA,NA,0.0,0,-52.89,-49.17,[],0,0,[],[]
11879700,11881040,NA,NOF,0.0,431,pause,NA,NA,NA,NA,0.0,0,-48.73,-41.95,[],0,0,[],[]
11881040,11882120,NA,OLF,0.0,431,pause,NA,NA,NA,NA,0.0,0,-38.61,-27.71,[],0,0,[],[]
11882120,11883590,NA,SIL,0.0,431,pause,NA,NA,NA,NA,0.0,0,-52.52,-43.26,[],0,0,[],[]
11883590,11890500,NA,NOF,0.0,431,pause,NA,NA,NA,NA,0.0,0,-32.05,-9.97,[],0,0,[],[]
11890500,11891400,NA,OLF,0.0,431,pause,NA,NA,NA,NA,0.0,0,-20.74,-5.14,[],0,0,[],[]
11891400,11893910,NA,NOF,0.0,431,pause,NA,NA,NA,NA,0.0,0,-31.94,-11.37,[],0,0,[],[]
11893910,11895030,NA,SIL,0.0,431,pause,NA,NA,NA,NA,0.0,0,-48.2,-34.1,[],0,0,[],[]
11895030,11899370,NA,NOF,0.0,431,pause,NA,NA,NA,NA,0.0,0,-35.42,-13.8,[],0,0,[],[]
11899370,11900210,NA,SIL,0.0,431,pause,NA,NA,NA,NA,0.0,0,-39.47,-22.88,[],0,0,[],[]
11900210,11902050,NA,NOF,0.0,431,pause,NA,NA,NA,NA,0.0,0,-44.15,-28.42,[],0,0,[],[]
11902050,11902900,NA,SIL,0.0,431,pause,NA,NA,NA,NA,0.0,0,-51.32,-41.61,[],0,0,[],[]
11902900,11906630,NA,NOF,0.0,431,pause,NA,NA,NA,NA,0.0,0,-36.16,-16.75,[],0,0,[],[]
11906630,11907590,NA,SIL,0.0,431,pause,NA,NA,NA,NA,0.0,0,-38.21,-20.53,[],0,0,[],[]
11907590,11909430,NA,NOF,0.0,431,pause,NA,NA,NA,NA,0.0,0,-37.2,-18.52,[],0,0,[],[]
11909430,11910720,NA,SIL,0.0,431,pause,NA,NA,NA,NA,0.0,0,-51.24,-42.39,[],0,0,[],[]
11910720,11911720,NA,FAF,0.0,431,pause,NA,NA,NA,NA,0.0,0,-45.7,-39.86,[],0,0,[],[]
11911720,11913270,NA,NOF,0.0,431,pause,NA,NA,NA,NA,0.0,0,-34.22,-19.65,[],0,0,[],[]
11913270,11914080,NA,SIL,0.0,431,pause,NA,NA,NA,NA,0.0,0,-49.98,-44.74,[],0,0,[],[]
11914080,11914900,NA,NOF,0.0,431,pause,NA,NA,NA,NA,0.0,0,-28.52,-12.56,[],0,0,[],[]
11914900,11915700,NA,SIL,0.0,431,pause,NA,NA,NA,NA,0.0,0,-44.44,-27.16,[],0,0,[],[]
11915700,11921980,NA,NOF,0.0,431,pause,NA,NA,NA,NA,0.0,0,-25.32,-7.1,[],0,0,[],[]
11921980,11922990,NA,FAF,0.0,431,pause,NA,NA,NA,NA,0.0,0,-47.27,-43.51,[],0,0,[],[]
11922990,11924430,NA,SIL,0.0,431,pause,NA,NA,NA,NA,0.0,0,-47.59,-33.76,[],0,0,[],[]
11924430,11925270,NA,NOF,0.0,431,pause,NA,NA,NA,NA,0.0,0,-27.06,-13.05,[],0,0,[],[]
11925270,11926110,NA,SIL,0.0,431,pause,NA,NA,NA,NA,0.0,0,-39.64,-20.75,[],0,0,[],[]
11926110,11927270,NA,CHF,0.0,431,CM,EC,0,NT,FI,1.0,100,-35.52,-18.38,"[{'Canonical-syllable': '0', 'Growl': '1', 'High-freq-energy': '0', 'Long-island': '0', 'Low-tilt-spectrum': '1', 'Medium-island': '0', 'Short-island': '0', 'Squeal': '0', 'Typical-entropy': '1', 'Voicing-quality': '0', 'Wide-band': '0', 'Xlong-island': '0', 'seq': '1', 'end': 11927.05, 'start': 11926.95}]",0,0,[],[]
11927270,11928190,NA,SIL,0.0,432,pause,NA,NA,NA,NA,0.0,0,-50.72,-41.29,[],0,0,[],[]
11928190,11930550,NA,NOF,0.0,432,pause,NA,NA,NA,NA,0.0,0,-36.0,-16.22,[],0,0,[],[]
11930550,11931520,NA,SIL,0.0,432,pause,NA,NA,NA,NA,0.0,0,-51.37,-37.52,[],0,0,[],[]
11931520,11934260,NA,NOF,0.0,432,pause,NA,NA,NA,NA,0.0,0,-29.3,-6.45,[],0,0,[],[]
11934260,11935060,NA,SIL,0.0,432,pause,NA,NA,NA,NA,0.0,0,-52.23,-36.61,[],0,0,[],[]
11935060,11935860,NA,NOF,0.0,432,pause,NA,NA,NA,NA,0.0,0,-49.86,-42.19,[],0,0,[],[]
11935860,11940160,NA,SIL,0.0,432,pause,NA,NA,NA,NA,0.0,0,-51.83,-43.79,[],0,0,[],[]
11940160,11942720,NA,NOF,0.0,432,pause,NA,NA,NA,NA,0.0,0,-20.65,-1.89,[],0,0,[],[]
11942720,11945940,NA,SIL,0.0,432,pause,NA,NA,NA,NA,0.0,0,-42.19,-27.6,[],0,0,[],[]
11945940,11946810,NA,NOF,0.0,432,pause,NA,NA,NA,NA,0.0,0,-49.79,-41.58,[],0,0,[],[]
11946810,11948410,NA,SIL,0.0,432,pause,NA,NA,NA,NA,0.0,0,-53.45,-48.52,[],0,0,[],[]
11948410,11949210,NA,NOF,0.0,432,pause,NA,NA,NA,NA,0.0,0,-22.58,-5.64,[],0,0,[],[]
11949210,11954750,NA,SIL,0.0,432,pause,NA,NA,NA,NA,0.0,0,-50.36,-32.63,[],0,0,[],[]
11954750,11957010,NA,NOF,0.0,432,pause,NA,NA,NA,NA,0.0,0,-25.87,-7.28,[],0,0,[],[]
11957010,11962150,NA,SIL,0.0,432,pause,NA,NA,NA,NA,0.0,0,-54.99,-37.1,[],0,0,[],[]
11962150,11963000,NA,NOF,0.0,432,pause,NA,NA,NA,NA,0.0,0,-13.82,-3.45,[],0,0,[],[]
11963000,11964330,NA,SIL,0.0,432,pause,NA,NA,NA,NA,0.0,0,-44.61,-42.44,[],0,0,[],[]
11964330,11965260,NA,NOF,0.0,432,pause,NA,NA,NA,NA,0.0,0,-34.89,-16.17,[],0,0,[],[]
11965260,11966250,NA,SIL,0.0,432,pause,NA,NA,NA,NA,0.0,0,-46.31,-43.39,[],0,0,[],[]
11966250,11967160,NA,NOF,0.0,432,pause,NA,NA,NA,NA,0.0,0,-18.53,-5.55,[],0,0,[],[]
11967160,11978760,NA,SIL,0.0,432,pause,NA,NA,NA,NA,0.0,0,-51.43,-26.41,[],0,0,[],[]
11978760,11979720,NA,NOF,0.0,432,pause,NA,NA,NA,NA,0.0,0,-39.68,-24.73,[],0,0,[],[]
11979720,11984260,NA,SIL,0.0,432,pause,NA,NA,NA,NA,0.0,0,-49.5,-30.57,[],0,0,[],[]
11984260,11988480,NA,NOF,0.0,432,pause,NA,NA,NA,NA,0.0,0,-31.05,-9.45,[],0,0,[],[]
11988480,11989460,NA,OLF,0.0,432,pause,NA,NA,NA,NA,0.0,0,-21.05,-7.98,[],0,0,[],[]
11989460,11991610,NA,NOF,0.0,432,pause,NA,NA,NA,NA,0.0,0,-17.25,-3.79,[],0,0,[],[]
11991610,11992430,NA,OLF,0.0,432,pause,NA,NA,NA,NA,0.0,0,-26.08,-12.04,[],0,0,[],[]
11992430,11993230,NA,NOF,0.0,432,pause,NA,NA,NA,NA,0.0,0,-40.23,-27.3,[],0,0,[],[]
11993230,11994070,NA,SIL,0.0,432,pause,NA,NA,NA,NA,0.0,0,-49.1,-45.95,[],0,0,[],[]
11994070,11998290,NA,NOF,0.0,432,pause,NA,NA,NA,NA,0.0,0,-33.08,-15.75,[],0,0,[],[]
11998290,11999410,NA,SIL,0.0,432,pause,NA,NA,NA,NA,0.0,0,-50.37,-36.93,[],0,0,[],[]
11999410,12001060,NA,NOF,0.0,432,pause,NA,NA,NA,NA,0.0,0,-39.02,-22.99,[],0,0,[],[]
12001060,12002110,NA,SIL,0.0,432,pause,NA,NA,NA,NA,0.0,0,-47.66,-35.87,[],0,0,[],[]
12002110,12002910,NA,OLF,0.0,432,pause,NA,NA,NA,NA,0.0,0,-35.64,-22.04,[],0,0,[],[]
12002910,12005600,NA,SIL,0.0,432,pause,NA,NA,NA,NA,0.0,0,-53.05,-45.77,[],0,0,[],[]
12005600,12006900,NA,NOF,0.0,432,pause,NA,NA,NA,NA,0.0,0,-20.88,-7.07,[],0,0,[],[]
12006900,12007890,NA,SIL,0.0,432,pause,NA,NA,NA,NA,0.0,0,-49.35,-47.14,[],0,0,[],[]
12007890,12010660,NA,NOF,0.0,432,pause,NA,NA,NA,NA,0.0,0,-19.95,-4.77,[],0,0,[],[]
12010660,12011520,NA,SIL,0.0,432,pause,NA,NA,NA,NA,0.0,0,-44.91,-34.86,[],0,0,[],[]
12011520,12012370,NA,NOF,0.0,432,pause,NA,NA,NA,NA,0.0,0,-46.79,-41.19,[],0,0,[],[]
12012370,12013800,NA,SIL,0.0,432,pause,NA,NA,NA,NA,0.0,0,-40.54,-26.27,[],0,0,[],[]
12013800,12014900,NA,MAF,0.0,432,pause,NA,NA,NA,NA,0.0,0,-37.17,-26.31,[],0,0,[],[]
12014900,12015930,NA,OLF,0.0,432,pause,NA,NA,NA,NA,0.0,0,-23.17,-10.16,[],0,0,[],[]
12015930,12016870,NA,SIL,0.0,432,pause,NA,NA,NA,NA,0.0,0,-48.51,-41.68,[],0,0,[],[]
12016870,12019740,NA,NOF,0.0,432,pause,NA,NA,NA,NA,0.0,0,-22.04,-3.62,[],0,0,[],[]
12019740,12020750,NA,SIL,0.0,432,pause,NA,NA,NA,NA,0.0,0,-49.35,-47.07,[],0,0,[],[]
12020750,12021580,NA,NOF,0.0,432,pause,NA,NA,NA,NA,0.0,0,-47.89,-39.98,[],0,0,[],[]
12021580,12022380,NA,SIL,0.0,432,pause,NA,NA,NA,NA,0.0,0,-48.66,-37.29,[],0,0,[],[]
12022380,12024650,NA,NOF,0.0,432,pause,NA,NA,NA,NA,0.0,0,-26.8,-8.77,[],0,0,[],[]
12024650,12025450,NA,OLF,0.0,432,pause,NA,NA,NA,NA,0.0,0,-20.81,-5.6,[],0,0,[],[]
12025450,12027260,NA,NOF,0.0,432,pause,NA,NA,NA,NA,0.0,0,-40.87,-23.29,[],0,0,[],[]
12027260,12028070,NA,OLF,0.0,432,pause,NA,NA,NA,NA,0.0,0,-30.98,-18.63,[],0,0,[],[]
12028070,12030740,NA,NOF,0.0,432,pause,NA,NA,NA,NA,0.0,0,-24.83,-8.19,[],0,0,[],[]
12030740,12031830,NA,OLF,0.0,432,pause,NA,NA,NA,NA,0.0,0,-23.19,-6.24,[],0,0,[],[]
12031830,12036590,NA,NOF,0.0,432,pause,NA,NA,NA,NA,0.0,0,-28.52,-8.55,[],0,0,[],[]
12036590,12037390,NA,OLN,0.0,432,pause,NA,NA,NA,NA,0.0,0,-33.18,-20.64,[],0,0,[],[]
12037390,12043630,NA,NOF,0.0,432,pause,NA,NA,NA,NA,0.0,0,-25.68,-4.84,[],0,0,[],[]
12043630,12044450,NA,CXF,0.0,432,pause,NA,NA,NA,NA,0.0,0,-48.94,-42.14,[],0,0,[],[]
12044450,12051180,NA,NOF,0.0,432,pause,NA,NA,NA,NA,0.0,0,-25.92,-5.79,[],0,0,[],[]
12051180,12052380,NA,SIL,0.0,432,pause,NA,NA,NA,NA,0.0,0,-46.34,-31.05,[],0,0,[],[]
12052380,12057270,NA,NOF,0.0,432,pause,NA,NA,NA,NA,0.0,0,-25.06,-4.55,[],0,0,[],[]
12057270,12058070,NA,OLF,0.0,432,pause,NA,NA,NA,NA,0.0,0,-36.74,-26.75,[],0,0,[],[]
12058070,12059070,NA,FAF,0.0,432,pause,NA,NA,NA,NA,0.0,0,-43.01,-29.24,[],0,0,[],[]
12059070,12059870,NA,NOF,0.0,432,pause,NA,NA,NA,NA,0.0,0,-23.6,-7.91,[],0,0,[],[]
12059870,12061010,NA,SIL,0.0,432,pause,NA,NA,NA,NA,0.0,0,-50.36,-41.12,[],0,0,[],[]
12061010,12061910,NA,NOF,0.0,432,pause,NA,NA,NA,NA,0.0,0,-48.54,-40.51,[],0,0,[],[]
12061910,12062910,NA,MAF,0.0,432,pause,NA,NA,NA,NA,0.0,0,-41.35,-27.89,[],0,0,[],[]
12062910,12064080,NA,SIL,0.0,432,pause,NA,NA,NA,NA,0.0,0,-47.67,-39.29,[],0,0,[],[]
12064080,12065070,NA,NOF,0.0,432,pause,NA,NA,NA,NA,0.0,0,-38.84,-29.54,[],0,0,[],[]
12065070,12066330,NA,OLF,0.0,432,pause,NA,NA,NA,NA,0.0,0,-29.04,-10.0,[],0,0,[],[]
12066330,12077430,NA,NOF,0.0,432,pause,NA,NA,NA,NA,0.0,0,-22.97,-4.25,[],0,0,[],[]
12077430,12078030,NA,FAF,0.0,432,pause,NA,NA,NA,NA,0.0,0,-32.07,-22.15,[],0,0,[],[]
12078030,12079780,NA,NOF,0.0,432,pause,NA,NA,NA,NA,0.0,0,-49.9,-40.43,[],0,0,[],[]
12079780,12080600,NA,SIL,0.0,432,pause,NA,NA,NA,NA,0.0,0,-49.66,-38.71,[],0,0,[],[]
12080600,12082540,NA,OLF,0.0,432,pause,NA,NA,NA,NA,0.0,0,-21.93,-6.06,[],0,0,[],[]
12082540,12083410,NA,NOF,0.0,432,pause,NA,NA,NA,NA,0.0,0,-39.31,-25.95,[],0,0,[],[]
12083410,12084210,NA,OLF,0.0,432,pause,NA,NA,NA,NA,0.0,0,-19.65,-4.66,[],0,0,[],[]
12084210,12088020,NA,NOF,0.0,432,pause,NA,NA,NA,NA,0.0,0,-30.56,-11.72,[],0,0,[],[]
12088020,12089150,NA,OLF,0.0,432,pause,NA,NA,NA,NA,0.0,0,-16.42,-4.35,[],0,0,[],[]
12089150,12091470,NA,NOF,0.0,432,pause,NA,NA,NA,NA,0.0,0,-21.37,-6.19,[],0,0,[],[]
12091470,12092270,NA,SIL,0.0,432,pause,NA,NA,NA,NA,0.0,0,-42.48,-32.02,[],0,0,[],[]
12092270,12094550,NA,NOF,0.0,432,pause,NA,NA,NA,NA,0.0,0,-21.95,-5.36,[],0,0,[],[]
12094550,12095350,NA,OLN,0.0,432,pause,NA,NA,NA,NA,0.0,0,-17.11,-4.53,[],0,0,[],[]
12095350,12096160,NA,NOF,0.0,432,pause,NA,NA,NA,NA,0.0,0,-20.08,-4.56,[],0,0,[],[]
12096160,12096970,NA,OLF,0.0,432,pause,NA,NA,NA,NA,0.0,0,-41.23,-38.32,[],0,0,[],[]
12096970,12098010,NA,NOF,0.0,432,pause,NA,NA,NA,NA,0.0,0,-43.82,-32.69,[],0,0,[],[]
12098010,12098820,NA,OLF,0.0,432,pause,NA,NA,NA,NA,0.0,0,-17.26,-5.26,[],0,0,[],[]
12098820,12110190,NA,NOF,0.0,432,pause,NA,NA,NA,NA,0.0,0,-23.01,-3.62,[],0,0,[],[]
12110190,12111480,NA,OLF,0.0,432,pause,NA,NA,NA,NA,0.0,0,-25.21,-10.59,[],0,0,[],[]
12111480,12113760,NA,NOF,0.0,432,pause,NA,NA,NA,NA,0.0,0,-22.24,-5.63,[],0,0,[],[]
12113760,12114570,NA,OLN,0.0,432,pause,NA,NA,NA,NA,0.0,0,-21.65,-10.2,[],0,0,[],[]
12114570,12120000,NA,NOF,0.0,432,pause,NA,NA,NA,NA,0.0,0,-19.69,-3.9,[],0,0,[],[]
12120000,12121560,NA,SIL,0.0,432,pause,NA,NA,NA,NA,0.0,0,-52.51,-42.69,[],0,0,[],[]
12121560,12126010,NA,NOF,0.0,432,pause,NA,NA,NA,NA,0.0,0,-24.69,-5.3,[],0,0,[],[]
12126010,12127140,NA,SIL,0.0,432,pause,NA,NA,NA,NA,0.0,0,-50.38,-44.67,[],0,0,[],[]
12127140,12128630,NA,OLF,0.0,432,pause,NA,NA,NA,NA,0.0,0,-40.62,-26.95,[],0,0,[],[]
12128630,12129440,NA,SIL,0.0,432,pause,NA,NA,NA,NA,0.0,0,-54.75,-49.9,[],0,0,[],[]
12129440,12130990,NA,NOF,0.0,432,pause,NA,NA,NA,NA,0.0,0,-46.93,-33.04,[],0,0,[],[]
12130990,12131890,NA,SIL,0.0,432,pause,NA,NA,NA,NA,0.0,0,-55.14,-50.21,[],0,0,[],[]
12131890,12132990,NA,NOF,0.0,432,pause,NA,NA,NA,NA,0.0,0,-44.71,-31.4,[],0,0,[],[]
12132990,12133940,NA,SIL,0.0,432,pause,NA,NA,NA,NA,0.0,0,-47.99,-33.73,[],0,0,[],[]
12133940,12135370,NA,NOF,0.0,432,pause,NA,NA,NA,NA,0.0,0,-21.2,-7.73,[],0,0,[],[]
12135370,12136240,NA,SIL,0.0,432,pause,NA,NA,NA,NA,0.0,0,-46.45,-40.48,[],0,0,[],[]
12136240,12140200,NA,NOF,0.0,432,pause,NA,NA,NA,NA,0.0,0,-36.48,-13.46,[],0,0,[],[]
12140200,12142320,NA,SIL,0.0,432,pause,NA,NA,NA,NA,0.0,0,-54.92,-50.3,[],0,0,[],[]
12142320,12143120,NA,NON,0.0,432,pause,NA,NA,NA,NA,0.0,0,-14.09,-2.99,[],0,0,[],[]
12143120,12143930,NA,OLN,0.0,432,pause,NA,NA,NA,NA,0.0,0,-16.32,-4.61,[],0,0,[],[]
12143930,12145480,NA,FAF,0.0,432,pause,NA,NA,NA,NA,0.0,0,-46.0,-34.37,[],0,0,[],[]
12145480,12147880,NA,SIL,0.0,432,pause,NA,NA,NA,NA,0.0,0,-50.93,-34.19,[],0,0,[],[]
12147880,12150370,NA,NOF,0.0,432,pause,NA,NA,NA,NA,0.0,0,-42.45,-23.1,[],0,0,[],[]
12150370,12151170,NA,SIL,0.0,432,pause,NA,NA,NA,NA,0.0,0,-53.92,-47.61,[],0,0,[],[]
12151170,12152560,NA,NOF,0.0,432,pause,NA,NA,NA,NA,0.0,0,-34.75,-20.23,[],0,0,[],[]
12152560,12154400,NA,SIL,0.0,432,pause,NA,NA,NA,NA,0.0,0,-49.91,-35.18,[],0,0,[],[]
12154400,12156200,NA,NOF,0.0,432,pause,NA,NA,NA,NA,0.0,0,-32.87,-15.58,[],0,0,[],[]
12156200,12158070,NA,SIL,0.0,432,pause,NA,NA,NA,NA,0.0,0,-56.49,-51.77,[],0,0,[],[]
12158070,12159710,NA,NOF,0.0,432,pause,NA,NA,NA,NA,0.0,0,-24.27,-7.13,[],0,0,[],[]
12159710,12160580,CHI,CHN,0.0,432,CM,EC,0,NT,FI,1.0,360,-22.44,-9.57,"[{'Canonical-syllable': '0', 'Growl': '1', 'High-freq-energy': '0', 'Long-island': '0', 'Low-tilt-spectrum': '0', 'Medium-island': '1', 'Short-island': '0', 'Squeal': '0', 'Typical-entropy': '1', 'Voicing-quality': '1', 'Wide-band': '0', 'Xlong-island': '0', 'seq': '1', 'end': 12160.07, 'start': 12159.71}]",0,0,[],[]
12160580,12164480,NA,NOF,0.0,433,pause,NA,NA,NA,NA,0.0,0,-20.8,-3.69,[],0,0,[],[]
12164480,12166520,NA,SIL,0.0,433,pause,NA,NA,NA,NA,0.0,0,-37.42,-18.68,[],0,0,[],[]
12166520,12172320,NA,NOF,0.0,433,pause,NA,NA,NA,NA,0.0,0,-27.29,-6.6,[],0,0,[],[]
12172320,12174460,NA,OLN,0.0,433,pause,NA,NA,NA,NA,0.0,0,-19.13,-4.19,[],0,0,[],[]
12174460,12175670,NA,OLF,0.0,433,pause,NA,NA,NA,NA,0.0,0,-35.3,-17.18,[],0,0,[],[]
12175670,12176270,FEM,FAN,3.64,433,AICF,BC,0,TIFI,FI,0.0,0,-28.47,-12.48,[],0,0,[],[]
12176270,12180120,NA,NOF,0.0,433,AICF,NA,NA,NA,NA,0.0,0,-20.81,-4.05,[],0,0,[],[]
12180120,12181010,NA,CHF,0.0,433,AICF,RC,1,TIFR,FI,1.0,110,-31.36,-16.4,"[{'Canonical-syllable': '0', 'Growl': '1', 'High-freq-energy': '0', 'Long-island': '0', 'Low-tilt-spectrum': '0', 'Medium-island': '0', 'Short-island': '0', 'Squeal': '0', 'Typical-entropy': '1', 'Voicing-quality': '1', 'Wide-band': '0', 'Xlong-island': '0', 'seq': '1', 'end': 12180.67, 'start': 12180.56}]",0,0,[],[]
12181010,12182230,NA,NOF,0.0,433,AICF,NA,NA,NA,NA,0.0,0,-45.14,-35.22,[],0,0,[],[]
12182230,12183170,NA,CHF,0.0,433,AICF,EC,1,NT,FH,1.0,100,-26.59,-11.87,"[{'Canonical-syllable': '0', 'Growl': '0', 'High-freq-energy': '0', 'Long-island': '0', 'Low-tilt-spectrum': '0', 'Medium-island': '0', 'Short-island': '0', 'Squeal': '0', 'Typical-entropy': '0', 'Voicing-quality': '0', 'Wide-band': '0', 'Xlong-island': '0', 'seq': '1', 'end': 12183.17, 'start': 12183.07}]",0,0,[],[]
12183170,12184390,NA,NOF,0.0,434,pause,NA,NA,NA,NA,0.0,0,-44.31,-32.07,[],0,0,[],[]
12184390,12185970,NA,SIL,0.0,434,pause,NA,NA,NA,NA,0.0,0,-43.69,-30.39,[],0,0,[],[]
12185970,12186770,NA,NOF,0.0,434,pause,NA,NA,NA,NA,0.0,0,-50.58,-45.27,[],0,0,[],[]
12186770,12187570,NA,SIL,0.0,434,pause,NA,NA,NA,NA,0.0,0,-33.32,-14.74,[],0,0,[],[]
12187570,12191170,NA,NOF,0.0,434,pause,NA,NA,NA,NA,0.0,0,-26.33,-6.96,[],0,0,[],[]
12191170,12192910,NA,SIL,0.0,434,pause,NA,NA,NA,NA,0.0,0,-52.99,-46.92,[],0,0,[],[]
12192910,12194660,NA,CHF,0.0,434,pause,NA,NA,NA,NA,0.0,0,-24.74,-6.83,[],0,0,[],[]
12194660,12195540,NA,SIL,0.0,434,pause,NA,NA,NA,NA,0.0,0,-51.52,-45.97,[],0,0,[],[]
12195540,12196700,NA,NOF,0.0,434,pause,NA,NA,NA,NA,0.0,0,-32.13,-13.26,[],0,0,[],[]
12196700,12197300,NA,CHF,0.0,434,pause,NA,NA,NA,NA,0.0,0,-31.02,-14.03,[],0,0,[],[]
12197300,12198590,NA,OLF,0.0,434,pause,NA,NA,NA,NA,0.0,0,-31.24,-15.95,[],0,0,[],[]
12198590,12199440,NA,SIL,0.0,434,pause,NA,NA,NA,NA,0.0,0,-28.72,-10.86,[],0,0,[],[]
12199440,12200500,NA,FAF,0.0,434,pause,NA,NA,NA,NA,0.0,0,-34.4,-18.52,[],0,0,[],[]
12200500,12201410,NA,SIL,0.0,434,pause,NA,NA,NA,NA,0.0,0,-38.2,-20.01,[],0,0,[],[]
12201410,12202010,NA,OLF,0.0,434,pause,NA,NA,NA,NA,0.0,0,-36.9,-22.44,[],0,0,[],[]
12202010,12202920,NA,SIL,0.0,434,pause,NA,NA,NA,NA,0.0,0,-53.14,-47.24,[],0,0,[],[]
12202920,12203520,NA,CHF,0.0,434,pause,NA,NA,NA,NA,0.0,0,-22.34,-7.05,[],0,0,[],[]
12203520,12204370,NA,SIL,0.0,434,pause,NA,NA,NA,NA,0.0,0,-50.8,-36.57,[],0,0,[],[]
12204370,12205840,NA,NOF,0.0,434,pause,NA,NA,NA,NA,0.0,0,-37.34,-23.52,[],0,0,[],[]
12205840,12206640,NA,SIL,0.0,434,pause,NA,NA,NA,NA,0.0,0,-46.22,-33.35,[],0,0,[],[]
12206640,12207440,NA,CHF,0.0,434,CM,EC,0,NT,FI,1.0,130,-47.45,-32.46,"[{'Canonical-syllable': '0', 'Growl': '1', 'High-freq-energy': '0', 'Long-island': '0', 'Low-tilt-spectrum': '1', 'Medium-island': '0', 'Short-island': '1', 'Squeal': '0', 'Typical-entropy': '0', 'Voicing-quality': '0', 'Wide-band': '0', 'Xlong-island': '0', 'seq': '1', 'end': 12207.15, 'start': 12207.02}]",0,0,[],[]
12207440,12208320,NA,SIL,0.0,435,pause,NA,NA,NA,NA,0.0,0,-42.52,-25.94,[],0,0,[],[]
12208320,12209130,NA,NOF,0.0,435,pause,NA,NA,NA,NA,0.0,0,-49.94,-41.84,[],0,0,[],[]
12209130,12210160,NA,SIL,0.0,435,pause,NA,NA,NA,NA,0.0,0,-53.11,-41.31,[],0,0,[],[]
12210160,12215660,NA,NOF,0.0,435,pause,NA,NA,NA,NA,0.0,0,-28.85,-8.73,[],0,0,[],[]
12215660,12216290,NA,OLF,0.0,435,pause,NA,NA,NA,NA,0.0,0,-25.37,-11.59,[],0,0,[],[]
12216290,12218750,NA,SIL,0.0,435,pause,NA,NA,NA,NA,0.0,0,-38.47,-15.04,[],0,0,[],[]
12218750,12219780,NA,CHF,0.0,435,pause,NA,NA,NA,NA,0.0,0,-22.31,-8.64,[],0,530,"[{'start': 12218.75, 'end': 12219.15}]","[{'start': 12219.15, 'end': 12219.28}]"
12219780,12220800,NA,SIL,0.0,435,pause,NA,NA,NA,NA,0.0,0,-23.08,-4.38,[],0,0,[],[]
12220800,12221400,NA,OLF,0.0,435,pause,NA,NA,NA,NA,0.0,0,-21.17,-5.06,[],0,0,[],[]
12221400,12223070,NA,NOF,0.0,435,pause,NA,NA,NA,NA,0.0,0,-37.31,-22.63,[],0,0,[],[]
12223070,12223890,NA,SIL,0.0,435,pause,NA,NA,NA,NA,0.0,0,-51.64,-46.15,[],0,0,[],[]
12223890,12226310,NA,NOF,0.0,435,pause,NA,NA,NA,NA,0.0,0,-50.05,-37.01,[],0,0,[],[]
12226310,12231790,NA,SIL,0.0,435,pause,NA,NA,NA,NA,0.0,0,-55.07,-43.05,[],0,0,[],[]
12231790,12232600,NA,NOF,0.0,435,pause,NA,NA,NA,NA,0.0,0,-46.74,-38.1,[],0,0,[],[]
12232600,12234730,NA,SIL,0.0,435,pause,NA,NA,NA,NA,0.0,0,-52.12,-33.65,[],0,0,[],[]
12234730,12235530,NA,NOF,0.0,435,pause,NA,NA,NA,NA,0.0,0,-47.4,-37.77,[],0,0,[],[]
12235530,12237460,NA,SIL,0.0,435,pause,NA,NA,NA,NA,0.0,0,-50.9,-43.39,[],0,0,[],[]
12237460,12238060,CHI,CHN,0.0,435,CM,EC,0,NT,FI,1.0,510,-31.75,-24.69,"[{'Canonical-syllable': '0', 'Growl': '0', 'High-freq-energy': '0', 'Long-island': '0', 'Low-tilt-spectrum': '1', 'Medium-island': '0', 'Short-island': '1', 'Squeal': '0', 'Typical-entropy': '1', 'Voicing-quality': '2', 'Wide-band': '0', 'Xlong-island': '0', 'seq': '1', 'end': 12237.97, 'start': 12237.46}]",0,0,[],[]
12238060,12241730,NA,NOF,0.0,436,pause,NA,NA,NA,NA,0.0,0,-43.9,-26.64,[],0,0,[],[]
12241730,12243130,NA,SIL,0.0,436,pause,NA,NA,NA,NA,0.0,0,-51.72,-44.35,[],0,0,[],[]
12243130,12245410,CHI,CHN,0.0,436,CM,EC,0,NT,FI,3.0,550,-22.5,-5.96,"[{'Canonical-syllable': '0', 'Growl': '0', 'High-freq-energy': '0', 'Long-island': '0', 'Low-tilt-spectrum': '0', 'Medium-island': '0', 'Short-island': '0', 'Squeal': '0', 'Typical-entropy': '1', 'Voicing-quality': '1', 'Wide-band': '0', 'Xlong-island': '0', 'seq': '1', 'end': 12243.27, 'start': 12243.13}, {'Canonical-syllable': '1', 'Growl': '0', 'High-freq-energy': '0', 'Long-island': '0', 'Low-tilt-spectrum': '0', 'Medium-island': '1', 'Short-island': '0', 'Squeal': '0', 'Typical-entropy': '0', 'Voicing-quality': '1', 'Wide-band': '0', 'Xlong-island': '0', 'seq': '2', 'end': 12244.56, 'start': 12244.28}, {'Canonical-syllable': '0', 'Growl': '0', 'High-freq-energy': '0', 'Long-island': '0', 'Low-tilt-spectrum': '0', 'Medium-island': '0', 'Short-island': '1', 'Squeal': '0', 'Typical-entropy': '0', 'Voicing-quality': '1', 'Wide-band': '0', 'Xlong-island': '0', 'seq': '3', 'end': 12245.15, 'start': 12245.02}]",0,0,[],[]
12245410,12247260,NA,SIL,0.0,437,pause,NA,NA,NA,NA,0.0,0,-42.04,-25.8,[],0,0,[],[]
12247260,12248370,NA,NOF,0.0,437,pause,NA,NA,NA,NA,0.0,0,-44.96,-29.13,[],0,0,[],[]
12248370,12250450,NA,SIL,0.0,437,pause,NA,NA,NA,NA,0.0,0,-50.97,-39.09,[],0,0,[],[]
12250450,12251980,NA,NOF,0.0,437,pause,NA,NA,NA,NA,0.0,0,-19.71,-3.08,[],0,0,[],[]
12251980,12252800,NA,SIL,0.0,437,pause,NA,NA,NA,NA,0.0,0,-46.54,-36.21,[],0,0,[],[]
12252800,12253680,NA,OLF,0.0,437,pause,NA,NA,NA,NA,0.0,0,-32.59,-15.16,[],0,0,[],[]
12253680,12254950,NA,SIL,0.0,437,pause,NA,NA,NA,NA,0.0,0,-50.22,-46.78,[],0,0,[],[]
12254950,12258830,NA,NOF,0.0,437,pause,NA,NA,NA,NA,0.0,0,-32.93,-12.53,[],0,0,[],[]
12258830,12261560,NA,SIL,0.0,437,pause,NA,NA,NA,NA,0.0,0,-50.1,-30.58,[],0,0,[],[]
12261560,12262730,NA,OLF,0.0,437,pause,NA,NA,NA,NA,0.0,0,-21.11,-6.95,[],0,0,[],[]
12262730,12263970,NA,SIL,0.0,437,pause,NA,NA,NA,NA,0.0,0,-48.12,-38.02,[],0,0,[],[]
12263970,12265230,NA,NOF,0.0,437,pause,NA,NA,NA,NA,0.0,0,-48.37,-41.85,[],0,0,[],[]
12265230,12266030,NA,SIL,0.0,437,pause,NA,NA,NA,NA,0.0,0,-52.38,-47.96,[],0,0,[],[]
12266030,12269710,NA,NOF,0.0,437,pause,NA,NA,NA,NA,0.0,0,-25.02,-6.87,[],0,0,[],[]
12269710,12272910,NA,SIL,0.0,437,pause,NA,NA,NA,NA,0.0,0,-47.95,-40.13,[],0,0,[],[]
12272910,12274830,NA,NOF,0.0,437,pause,NA,NA,NA,NA,0.0,0,-47.99,-39.11,[],0,0,[],[]
12274830,12276750,NA,SIL,0.0,437,pause,NA,NA,NA,NA,0.0,0,-44.78,-29.16,[],0,0,[],[]
12276750,12279010,NA,NOF,0.0,437,pause,NA,NA,NA,NA,0.0,0,-36.72,-17.01,[],0,0,[],[]
12279010,12282240,NA,SIL,0.0,437,pause,NA,NA,NA,NA,0.0,0,-53.82,-44.3,[],0,0,[],[]
12282240,12283370,NA,TVF,0.0,437,pause,NA,NA,NA,NA,0.0,0,-54.15,-48.36,[],0,0,[],[]
12283370,12291760,NA,SIL,0.0,437,pause,NA,NA,NA,NA,0.0,0,-48.36,-23.45,[],0,0,[],[]
12291760,12295430,NA,NOF,0.0,437,pause,NA,NA,NA,NA,0.0,0,-36.07,-16.32,[],0,0,[],[]
12295430,12298210,NA,SIL,0.0,437,pause,NA,NA,NA,NA,0.0,0,-48.67,-33.23,[],0,0,[],[]
12298210,12300420,NA,NOF,0.0,437,pause,NA,NA,NA,NA,0.0,0,-28.07,-7.86,[],0,0,[],[]
12300420,12301220,NA,SIL,0.0,437,pause,NA,NA,NA,NA,0.0,0,-52.99,-46.1,[],0,0,[],[]
12301220,12302400,NA,NOF,0.0,437,pause,NA,NA,NA,NA,0.0,0,-43.21,-31.5,[],0,0,[],[]
12302400,12303010,NA,CHF,0.0,437,CM,EC,0,NT,FI,1.0,610,-29.04,-17.42,"[{'Canonical-syllable': '0', 'Growl': '1', 'High-freq-energy': '0', 'Long-island': '0', 'Low-tilt-spectrum': '0', 'Medium-island': '1', 'Short-island': '0', 'Squeal': '0', 'Typical-entropy': '1', 'Voicing-quality': '1', 'Wide-band': '0', 'Xlong-island': '0', 'seq': '1', 'end': 12303.01, 'start': 12302.55}]",0,0,[],[]
12303010,12303890,NA,NOF,0.0,438,pause,NA,NA,NA,NA,0.0,0,-31.06,-13.27,[],0,0,[],[]
12303890,12307330,NA,SIL,0.0,438,pause,NA,NA,NA,NA,0.0,0,-50.86,-33.99,[],0,0,[],[]
12307330,12308170,NA,NOF,0.0,438,pause,NA,NA,NA,NA,0.0,0,-20.14,-6.96,[],0,0,[],[]
12308170,12311040,CHI,CHN,0.0,438,CIOCX,BC,0,NT,FI,2.0,2090,-19.45,-10.29,"[{'Canonical-syllable': '0', 'Growl': '1', 'High-freq-energy': '0', 'Long-island': '0', 'Low-tilt-spectrum': '0', 'Medium-island': '2', 'Short-island': '2', 'Squeal': '0', 'Typical-entropy': '1', 'Voicing-quality': '4', 'Wide-band': '0', 'Xlong-island': '0', 'seq': '1', 'end': 12310.07, 'start': 12308.17}, {'Canonical-syllable': '1', 'Growl': '0', 'High-freq-energy': '0', 'Long-island': '0', 'Low-tilt-spectrum': '0', 'Medium-island': '0', 'Short-island': '1', 'Squeal': '0', 'Typical-entropy': '0', 'Voicing-quality': '1', 'Wide-band': '0', 'Xlong-island': '0', 'seq': '2', 'end': 12311.04, 'start': 12310.85}]",0,0,[],[]
12311040,12311840,NA,FAF,0.0,438,CIOCX,NA,NA,NA,NA,0.0,0,-34.02,-20.28,[],0,0,[],[]
12311840,12312970,OCH,CXN,0.0,438,CIOCX,RC,0,NT,FI,0.0,0,-25.98,-15.33,[],0,0,[],[]
12312970,12313590,CHI,CHN,0.0,438,CIOCX,RC,0,NT,FI,1.0,620,-28.44,-22.07,"[{'Canonical-syllable': '1', 'Growl': '0', 'High-freq-energy': '0', 'Long-island': '0', 'Low-tilt-spectrum': '0', 'Medium-island': '0', 'Short-island': '2', 'Squeal': '0', 'Typical-entropy': '0', 'Voicing-quality': '2', 'Wide-band': '0', 'Xlong-island': '0', 'seq': '1', 'end': 12313.59, 'start': 12313.05}]",0,0,[],[]
12313590,12314390,OCH,CXN,0.0,438,CIOCX,EC,0,NT,FI,0.0,0,-37.19,-26.79,[],0,0,[],[]
12314390,12315630,NA,SIL,0.0,439,pause,NA,NA,NA,NA,0.0,0,-52.03,-46.12,[],0,0,[],[]
12315630,12316890,NA,NOF,0.0,439,pause,NA,NA,NA,NA,0.0,0,-49.53,-35.9,[],0,0,[],[]
12316890,12318750,NA,SIL,0.0,439,pause,NA,NA,NA,NA,0.0,0,-51.15,-41.05,[],0,0,[],[]
12318750,12319550,NA,NOF,0.0,439,pause,NA,NA,NA,NA,0.0,0,-44.04,-34.75,[],0,0,[],[]
12319550,12320250,OCH,CXN,0.0,439,XM,EC,0,NT,FI,0.0,0,-34.04,-27.94,[],0,0,[],[]
12320250,12321050,NA,OLN,0.0,440,pause,NA,NA,NA,NA,0.0,0,-28.05,-20.05,[],0,0,[],[]
12321050,12323280,NA,SIL,0.0,440,pause,NA,NA,NA,NA,0.0,0,-52.22,-42.4,[],0,0,[],[]
12323280,12325490,NA,NON,0.0,440,pause,NA,NA,NA,NA,0.0,0,-44.86,-35.82,[],0,0,[],[]
12325490,12327410,NA,OLN,0.0,440,pause,NA,NA,NA,NA,0.0,0,-30.26,-16.79,[],0,0,[],[]
12327410,12329290,NA,NOF,0.0,440,pause,NA,NA,NA,NA,0.0,0,-47.43,-35.94,[],0,0,[],[]
12329290,12329900,CHI,CHN,0.0,440,CIOCX,BC,0,NT,FI,1.0,610,-21.15,-15.95,"[{'Canonical-syllable': '0', 'Growl': '0', 'High-freq-energy': '0', 'Long-island': '0', 'Low-tilt-spectrum': '0', 'Medium-island': '1', 'Short-island': '0', 'Squeal': '0', 'Typical-entropy': '1', 'Voicing-quality': '1', 'Wide-band': '0', 'Xlong-island': '0', 'seq': '1', 'end': 12329.9, 'start': 12329.41}]",0,0,[],[]
12329900,12330720,NA,OLN,0.0,440,CIOCX,NA,NA,NA,NA,0.0,0,-22.3,-5.29,[],0,0,[],[]
12330720,12331320,CHI,CHN,0.0,440,CIOCX,RC,0,NT,FH,1.0,230,-27.24,-18.09,"[{'Canonical-syllable': '1', 'Growl': '0', 'High-freq-energy': '0', 'Long-island': '0', 'Low-tilt-spectrum': '0', 'Medium-island': '0', 'Short-island': '1', 'Squeal': '0', 'Typical-entropy': '0', 'Voicing-quality': '1', 'Wide-band': '0', 'Xlong-island': '0', 'seq': '1', 'end': 12331.32, 'start': 12331.09}]",0,0,[],[]
12331320,12332150,NA,OLF,0.0,440,CIOCX,NA,NA,NA,NA,0.0,0,-18.71,-5.26,[],0,0,[],[]
12332150,12332790,OCH,CXN,0.0,440,CIOCX,RC,0,NT,FI,0.0,0,-27.67,-20.3,[],0,0,[],[]
12332790,12333700,NA,OLF,0.0,440,CIOCX,NA,NA,NA,NA,0.0,0,-36.88,-29.74,[],0,0,[],[]
12333700,12334620,NA,NOF,0.0,440,CIOCX,NA,NA,NA,NA,0.0,0,-43.76,-35.64,[],0,0,[],[]
12334620,12335720,OCH,CXN,0.0,440,CIOCX,EC,0,NT,FH,0.0,0,-26.57,-21.46,[],0,0,[],[]
12335720,12337500,NA,NOF,0.0,441,pause,NA,NA,NA,NA,0.0,0,-20.73,-4.95,[],0,0,[],[]
12337500,12338510,NA,SIL,0.0,441,pause,NA,NA,NA,NA,0.0,0,-47.24,-44.18,[],0,0,[],[]
12338510,12340660,NA,NOF,0.0,441,pause,NA,NA,NA,NA,0.0,0,-44.48,-30.38,[],0,0,[],[]
12340660,12341460,NA,SIL,0.0,441,pause,NA,NA,NA,NA,0.0,0,-50.72,-46.96,[],0,0,[],[]
12341460,12344070,NA,NOF,0.0,441,pause,NA,NA,NA,NA,0.0,0,-28.76,-6.31,[],0,0,[],[]
12344070,12345510,NA,SIL,0.0,441,pause,NA,NA,NA,NA,0.0,0,-50.03,-44.7,[],0,0,[],[]
12345510,12351500,NA,NOF,0.0,441,pause,NA,NA,NA,NA,0.0,0,-27.0,-5.04,[],0,0,[],[]
12351500,12352350,NA,OLF,0.0,441,pause,NA,NA,NA,NA,0.0,0,-32.62,-17.65,[],0,0,[],[]
12352350,12354900,NA,NOF,0.0,441,pause,NA,NA,NA,NA,0.0,0,-29.5,-8.8,[],0,0,[],[]
12354900,12355960,NA,SIL,0.0,441,pause,NA,NA,NA,NA,0.0,0,-47.53,-36.46,[],0,0,[],[]
12355960,12359140,NA,NOF,0.0,441,pause,NA,NA,NA,NA,0.0,0,-24.78,-5.07,[],0,0,[],[]
12359140,12359940,NA,SIL,0.0,441,pause,NA,NA,NA,NA,0.0,0,-51.69,-45.31,[],0,0,[],[]
12359940,12363090,NA,NOF,0.0,441,pause,NA,NA,NA,NA,0.0,0,-46.75,-32.11,[],0,0,[],[]
12363090,12364090,OCH,CXN,0.0,441,XIOCC,BC,0,NT,FI,0.0,0,-35.84,-28.02,[],0,0,[],[]
12364090,12364980,NA,SIL,0.0,441,XIOCC,NA,NA,NA,NA,0.0,0,-50.94,-44.77,[],0,0,[],[]
12364980,12365830,NA,NOF,0.0,441,XIOCC,NA,NA,NA,NA,0.0,0,-42.56,-32.16,[],0,0,[],[]
12365830,12367220,NA,SIL,0.0,441,XIOCC,NA,NA,NA,NA,0.0,0,-53.13,-46.31,[],0,0,[],[]
12367220,12367820,CHI,CHN,0.0,441,XIOCC,EC,0,NT,FI,1.0,600,-34.81,-30.46,"[{'Canonical-syllable': '0', 'Growl': '0', 'High-freq-energy': '0', 'Long-island': '0', 'Low-tilt-spectrum': '0', 'Medium-island': '1', 'Short-island': '0', 'Squeal': '0', 'Typical-entropy': '0', 'Voicing-quality': '1', 'Wide-band': '0', 'Xlong-island': '0', 'seq': '1', 'end': 12367.82, 'start': 12367.34}]",0,0,[],[]
12367820,12372420,NA,SIL,0.0,442,pause,NA,NA,NA,NA,0.0,0,-52.31,-36.31,[],0,0,[],[]
12372420,12374160,NA,NOF,0.0,442,pause,NA,NA,NA,NA,0.0,0,-31.22,-16.7,[],0,0,[],[]
12374160,12374990,NA,OLN,0.0,442,pause,NA,NA,NA,NA,0.0,0,-29.64,-19.17,[],0,0,[],[]
12374990,12377680,NA,NOF,0.0,442,pause,NA,NA,NA,NA,0.0,0,-31.7,-9.43,[],0,0,[],[]
12377680,12378720,NA,SIL,0.0,442,pause,NA,NA,NA,NA,0.0,0,-52.88,-41.42,[],0,0,[],[]
12378720,12379320,FEM,FAN,0.0,442,pause,NA,NA,NA,NA,0.0,0,-31.95,-20.62,[],600,0,[],[]
12379320,12380810,NA,SIL,0.0,442,pause,NA,NA,NA,NA,0.0,0,-51.93,-40.23,[],0,0,[],[]
12380810,12382180,OCH,CXN,0.0,442,XM,EC,0,NT,FI,0.0,0,-38.85,-31.06,[],0,0,[],[]
12382180,12385140,NA,NOF,0.0,443,pause,NA,NA,NA,NA,0.0,0,-26.71,-5.46,[],0,0,[],[]
12385140,12387160,NA,SIL,0.0,443,pause,NA,NA,NA,NA,0.0,0,-54.01,-47.29,[],0,0,[],[]
12387160,12389030,NA,NOF,0.0,443,pause,NA,NA,NA,NA,0.0,0,-32.21,-10.19,[],0,0,[],[]
12389030,12389850,NA,OLF,0.0,443,pause,NA,NA,NA,NA,0.0,0,-21.29,-7.1,[],0,0,[],[]
12389850,12390660,NA,SIL,0.0,443,pause,NA,NA,NA,NA,0.0,0,-48.72,-36.18,[],0,0,[],[]
12390660,12392140,NA,NOF,0.0,443,pause,NA,NA,NA,NA,0.0,0,-53.8,-48.07,[],0,0,[],[]
12392140,12394940,NA,SIL,0.0,443,pause,NA,NA,NA,NA,0.0,0,-44.21,-21.9,[],0,0,[],[]
12394940,12395750,NA,OLF,0.0,443,pause,NA,NA,NA,NA,0.0,0,-18.61,-5.31,[],0,0,[],[]
12395750,12396520,CHI,CHN,0.0,443,CM,EC,0,NT,FI,1.0,770,-16.89,-11.92,"[{'Canonical-syllable': '0', 'Growl': '0', 'High-freq-energy': '0', 'Long-island': '1', 'Low-tilt-spectrum': '0', 'Medium-island': '0', 'Short-island': '0', 'Squeal': '0', 'Typical-entropy': '0', 'Voicing-quality': '1', 'Wide-band': '0', 'Xlong-island': '0', 'seq': '1', 'end': 12396.52, 'start': 12395.75}]",0,0,[],[]
12396520,12400640,NA,NOF,0.0,444,pause,NA,NA,NA,NA,0.0,0,-44.74,-31.12,[],0,0,[],[]
12400640,12401660,NA,OLN,0.0,444,pause,NA,NA,NA,NA,0.0,0,-23.08,-13.38,[],0,0,[],[]
12401660,12402470,NA,NON,0.0,444,pause,NA,NA,NA,NA,0.0,0,-23.65,-14.58,[],0,0,[],[]
12402470,12411200,NA,OLN,0.0,444,pause,NA,NA,NA,NA,0.0,0,-22.61,-14.68,[],0,0,[],[]
12411200,12413860,NA,NOF,0.0,444,pause,NA,NA,NA,NA,0.0,0,-31.49,-16.2,[],0,0,[],[]
12413860,12414850,NA,OLF,0.0,444,pause,NA,NA,NA,NA,0.0,0,-23.34,-10.42,[],0,0,[],[]
12414850,12417730,NA,NOF,0.0,444,pause,NA,NA,NA,NA,0.0,0,-24.34,-6.52,[],0,0,[],[]
12417730,12418530,NA,OLN,0.0,444,pause,NA,NA,NA,NA,0.0,0,-18.68,-5.56,[],0,0,[],[]
12418530,12419500,NA,NOF,0.0,444,pause,NA,NA,NA,NA,0.0,0,-36.58,-19.03,[],0,0,[],[]
12419500,12421630,CHI,CHN,0.0,444,CIC,BC,0,TIFI,FI,1.0,1760,-16.43,-5.84,"[{'Canonical-syllable': '0', 'Growl': '0', 'High-freq-energy': '1', 'Long-island': '0', 'Low-tilt-spectrum': '2', 'Medium-island': '1', 'Short-island': '1', 'Squeal': '2', 'Typical-entropy': '3', 'Voicing-quality': '3', 'Wide-band': '0', 'Xlong-island': '1', 'seq': '1', 'end': 12421.26, 'start': 12419.5}]",0,0,[],[]
12421630,12422460,NA,SIL,0.0,444,CIC,NA,NA,NA,NA,0.0,0,-49.46,-41.93,[],0,0,[],[]
12422460,12423460,FEM,FAN,4.57,444,CIC,RC,1,TIFR,FI,0.0,0,-35.72,-24.89,[],0,0,[],[]
12423460,12424260,NA,OLF,0.0,444,CIC,NA,NA,NA,NA,0.0,0,-51.67,-45.59,[],0,0,[],[]
12424260,12425670,CHI,CHN,0.0,444,CIC,RC,1,TIFI,FI,1.0,1410,-25.41,-17.61,"[{'Canonical-syllable': '0', 'Growl': '0', 'High-freq-energy': '0', 'Long-island': '1', 'Low-tilt-spectrum': '0', 'Medium-island': '1', 'Short-island': '0', 'Squeal': '0', 'Typical-entropy': '1', 'Voicing-quality': '2', 'Wide-band': '0', 'Xlong-island': '0', 'seq': '1', 'end': 12425.67, 'start': 12424.26}]",0,0,[],[]
12425670,12428290,FEM,FAN,10.41,444,CIC,RC,2,TIFR,FI,0.0,0,-31.38,-22.64,[],0,0,[],[]
12428290,12429810,NA,NOF,0.0,444,CIC,NA,NA,NA,NA,0.0,0,-48.1,-36.67,[],0,0,[],[]
12429810,12431050,FEM,FAN,5.66,444,CIC,RC,2,NT,FH,0.0,0,-28.97,-20.96,[],0,0,[],[]
12431050,12431890,NA,SIL,0.0,444,CIC,NA,NA,NA,NA,0.0,0,-55.64,-47.11,[],0,0,[],[]
12431890,12432490,CHI,CHN,0.0,444,CIC,NA,NA,NA,NA,0.0,0,-25.79,-13.22,[],0,130,"[{'start': 12432.16, 'end': 12432.29}]",[]
12432490,12433680,NA,SIL,0.0,444,CIC,NA,NA,NA,NA,0.0,0,-52.56,-39.03,[],0,0,[],[]
12433680,12435680,FEM,FAN,9.27,444,CIC,RC,2,NT,FH,0.0,0,-23.19,-11.29,[],0,0,[],[]
12435680,12436480,NA,OLN,0.0,444,CIC,NA,NA,NA,NA,0.0,0,-34.23,-24.94,[],0,0,[],[]
12436480,12439000,NA,NOF,0.0,444,CIC,NA,NA,NA,NA,0.0,0,-20.56,-6.62,[],0,0,[],[]
12439000,12440150,CHI,CHN,0.0,444,CIC,RC,2,TIFI,FI,1.0,1150,-18.86,-11.05,"[{'Canonical-syllable': '0', 'Growl': '1', 'High-freq-energy': '0', 'Long-island': '1', 'Low-tilt-spectrum': '2', 'Medium-island': '0', 'Short-island': '1', 'Squeal': '0', 'Typical-entropy': '2', 'Voicing-quality': '2', 'Wide-band': '0', 'Xlong-island': '0', 'seq': '1', 'end': 12440.15, 'start': 12439.0}]",0,0,[],[]
12440150,12441020,NA,OLN,0.0,444,CIC,NA,NA,NA,NA,0.0,0,-33.99,-28.31,[],0,0,[],[]
12441020,12441900,NA,NOF,0.0,444,CIC,NA,NA,NA,NA,0.0,0,-22.06,-8.84,[],0,0,[],[]
12441900,12443190,NA,OLN,0.0,444,CIC,NA,NA,NA,NA,0.0,0,-17.23,-1.43,[],0,0,[],[]
12443190,12444190,FEM,FAN,0.7,444,CIC,RC,3,TIFR,FI,0.0,0,-23.96,-6.5,[],0,0,[],[]
12444190,12445130,NA,OLN,0.0,444,CIC,NA,NA,NA,NA,0.0,0,-26.86,-12.24,[],0,0,[],[]
12445130,12445760,CHI,CHN,0.0,444,CIC,RC,3,TIFE,FI,1.0,480,-26.5,-19.82,"[{'Canonical-syllable': '0', 'Growl': '1', 'High-freq-energy': '1', 'Long-island': '0', 'Low-tilt-spectrum': '1', 'Medium-island': '1', 'Short-island': '0', 'Squeal': '0', 'Typical-entropy': '1', 'Voicing-quality': '1', 'Wide-band': '0', 'Xlong-island': '0', 'seq': '1', 'end': 12445.61, 'start': 12445.13}]",0,0,[],[]
12445760,12446760,CHI,CHN,0.0,444,CIC,RC,3,NT,FH,1.0,800,-15.62,-10.37,"[{'Canonical-syllable': '0', 'Growl': '0', 'High-freq-energy': '0', 'Long-island': '1', 'Low-tilt-spectrum': '0', 'Medium-island': '0', 'Short-island': '0', 'Squeal': '0', 'Typical-entropy': '1', 'Voicing-quality': '1', 'Wide-band': '0', 'Xlong-island': '0', 'seq': '1', 'end': 12446.56, 'start': 12445.76}]",0,0,[],[]
12446760,12447490,CHI,CHN,0.0,444,CIC,RC,3,TIFI,FH,1.0,730,-16.42,-11.79,"[{'Canonical-syllable': '1', 'Growl': '0', 'High-freq-energy': '0', 'Long-island': '0', 'Low-tilt-spectrum': '0', 'Medium-island': '1', 'Short-island': '0', 'Squeal': '0', 'Typical-entropy': '0', 'Voicing-quality': '1', 'Wide-band': '0', 'Xlong-island': '0', 'seq': '1', 'end': 12447.49, 'start': 12447.03}]",0,0,[],[]
12447490,12448890,NA,NOF,0.0,444,CIC,NA,NA,NA,NA,0.0,0,-23.24,-10.9,[],0,0,[],[]
12448890,12449910,FEM,FAN,3.96,444,CIC,RC,4,TIFR,FI,0.0,0,-26.8,-10.85,[],0,0,[],[]
12449910,12450800,NA,OLN,0.0,444,CIC,NA,NA,NA,NA,0.0,0,-26.82,-14.8,[],0,0,[],[]
12450800,12452000,NA,NON,0.0,444,CIC,NA,NA,NA,NA,0.0,0,-18.25,-3.88,[],0,0,[],[]
12452000,12453460,FEM,FAN,4.13,444,CIC,EC,4,NT,FH,0.0,0,-31.42,-21.98,[],0,0,[],[]
12453460,12454260,NA,SIL,0.0,445,pause,NA,NA,NA,NA,0.0,0,-46.4,-37.85,[],0,0,[],[]
12454260,12455230,NA,NOF,0.0,445,pause,NA,NA,NA,NA,0.0,0,-35.62,-25.07,[],0,0,[],[]
12455230,12456030,NA,SIL,0.0,445,pause,NA,NA,NA,NA,0.0,0,-33.46,-21.4,[],0,0,[],[]
12456030,12456830,NA,OLN,0.0,445,pause,NA,NA,NA,NA,0.0,0,-26.42,-18.31,[],0,0,[],[]
12456830,12461870,NA,NOF,0.0,445,pause,NA,NA,NA,NA,0.0,0,-37.88,-20.89,[],0,0,[],[]
12461870,12463090,CHI,CHN,0.0,445,CM,BC,0,NT,FI,1.0,1220,-18.29,-8.37,"[{'Canonical-syllable': '1', 'Growl': '0', 'High-freq-energy': '0', 'Long-island': '0', 'Low-tilt-spectrum': '2', 'Medium-island': '2', 'Short-island': '0', 'Squeal': '0', 'Typical-entropy': '2', 'Voicing-quality': '2', 'Wide-band': '0', 'Xlong-island': '0', 'seq': '1', 'end': 12463.09, 'start': 12461.87}]",0,0,[],[]
12463090,12464510,NA,NON,0.0,445,CM,NA,NA,NA,NA,0.0,0,-23.68,-6.71,[],0,0,[],[]
12464510,12465830,CHI,CHN,0.0,445,CM,EC,0,NT,FH,1.0,1320,-25.47,-14.17,"[{'Canonical-syllable': '1', 'Growl': '2', 'High-freq-energy': '0', 'Long-island': '1', 'Low-tilt-spectrum': '2', 'Medium-island': '0', 'Short-island': '2', 'Squeal': '0', 'Typical-entropy': '3', 'Voicing-quality': '2', 'Wide-band': '0', 'Xlong-island': '0', 'seq': '1', 'end': 12465.83, 'start': 12464.51}]",0,0,[],[]
12465830,12469700,NA,NOF,0.0,446,pause,NA,NA,NA,NA,0.0,0,-21.15,-5.71,[],0,0,[],[]
12469700,12470510,NA,OLF,0.0,446,pause,NA,NA,NA,NA,0.0,0,-29.87,-22.76,[],0,0,[],[]
12470510,12471970,NA,NOF,0.0,446,pause,NA,NA,NA,NA,0.0,0,-39.03,-19.29,[],0,0,[],[]
12471970,12475280,NA,OLF,0.0,446,pause,NA,NA,NA,NA,0.0,0,-30.73,-10.77,[],0,0,[],[]
12475280,12476090,NA,SIL,0.0,446,pause,NA,NA,NA,NA,0.0,0,-49.54,-38.01,[],0,0,[],[]
12476090,12477240,NA,OLN,0.0,446,pause,NA,NA,NA,NA,0.0,0,-17.0,-4.19,[],0,0,[],[]
12477240,12477840,CHI,CHN,0.0,446,CM,EC,0,NT,FI,1.0,600,-23.0,-15.41,"[{'Canonical-syllable': '0', 'Growl': '0', 'High-freq-energy': '0', 'Long-island': '0', 'Low-tilt-spectrum': '0', 'Medium-island': '1', 'Short-island': '0', 'Squeal': '0', 'Typical-entropy': '0', 'Voicing-quality': '1', 'Wide-band': '0', 'Xlong-island': '0', 'seq': '1', 'end': 12477.84, 'start': 12477.53}]",0,0,[],[]
12477840,12478640,NA,NOF,0.0,447,pause,NA,NA,NA,NA,0.0,0,-45.78,-36.68,[],0,0,[],[]
12478640,12479450,NA,SIL,0.0,447,pause,NA,NA,NA,NA,0.0,0,-49.43,-41.78,[],0,0,[],[]
12479450,12480250,NA,NOF,0.0,447,pause,NA,NA,NA,NA,0.0,0,-21.63,-6.42,[],0,0,[],[]
12480250,12481080,NA,OLN,0.0,447,pause,NA,NA,NA,NA,0.0,0,-18.88,-6.15,[],0,0,[],[]
12481080,12484220,NA,NOF,0.0,447,pause,NA,NA,NA,NA,0.0,0,-18.81,-3.81,[],0,0,[],[]
12484220,12485610,NA,OLF,0.0,447,pause,NA,NA,NA,NA,0.0,0,-20.99,-5.06,[],0,0,[],[]
12485610,12486790,NA,NOF,0.0,447,pause,NA,NA,NA,NA,0.0,0,-34.12,-23.19,[],0,0,[],[]
12486790,12487650,FEM,FAN,5.62,447,AICF,BC,0,TIFI,FI,0.0,0,-28.95,-20.65,[],0,0,[],[]
12487650,12488720,NA,CXF,0.0,447,AICF,NA,NA,NA,NA,0.0,0,-39.97,-23.47,[],0,0,[],[]
12488720,12489560,NA,SIL,0.0,447,AICF,NA,NA,NA,NA,0.0,0,-50.42,-42.22,[],0,0,[],[]
12489560,12490790,NA,NOF,0.0,447,AICF,NA,NA,NA,NA,0.0,0,-22.23,-5.17,[],0,0,[],[]
12490790,12491390,CHI,CHN,0.0,447,AICF,EC,1,TIFR,FI,1.0,600,-31.0,-24.89,"[{'Canonical-syllable': '0', 'Growl': '0', 'High-freq-energy': '0', 'Long-island': '0', 'Low-tilt-spectrum': '0', 'Medium-island': '1', 'Short-island': '0', 'Squeal': '0', 'Typical-entropy': '0', 'Voicing-quality': '1', 'Wide-band': '0', 'Xlong-island': '0', 'seq': '1', 'end': 12491.39, 'start': 12490.79}]",0,0,[],[]
12491390,12492690,NA,NOF,0.0,448,pause,NA,NA,NA,NA,0.0,0,-34.55,-19.43,[],0,0,[],[]
12492690,12493660,NA,OLF,0.0,448,pause,NA,NA,NA,NA,0.0,0,-41.03,-25.34,[],0,0,[],[]
12493660,12494670,NA,SIL,0.0,448,pause,NA,NA,NA,NA,0.0,0,-51.68,-45.2,[],0,0,[],[]
12494670,12496590,NA,NOF,0.0,448,pause,NA,NA,NA,NA,0.0,0,-38.42,-25.08,[],0,0,[],[]
12496590,12497410,NA,SIL,0.0,448,pause,NA,NA,NA,NA,0.0,0,-51.05,-47.45,[],0,0,[],[]
12497410,12498480,NA,NOF,0.0,448,pause,NA,NA,NA,NA,0.0,0,-50.67,-45.26,[],0,0,[],[]
12498480,12499280,NA,SIL,0.0,448,pause,NA,NA,NA,NA,0.0,0,-49.48,-38.66,[],0,0,[],[]
12499280,12501550,NA,NOF,0.0,448,pause,NA,NA,NA,NA,0.0,0,-27.39,-9.11,[],0,0,[],[]
12501550,12502770,NA,OLN,0.0,448,pause,NA,NA,NA,NA,0.0,0,-18.46,-5.29,[],0,0,[],[]
12502770,12505380,NA,NOF,0.0,448,pause,NA,NA,NA,NA,0.0,0,-19.32,-5.08,[],0,0,[],[]
12505380,12506900,NA,OLF,0.0,448,pause,NA,NA,NA,NA,0.0,0,-17.46,-4.59,[],0,0,[],[]
12506900,12510400,NA,NOF,0.0,448,pause,NA,NA,NA,NA,0.0,0,-25.99,-4.26,[],0,0,[],[]
12510400,12512300,NA,OLN,0.0,448,pause,NA,NA,NA,NA,0.0,0,-19.28,-6.09,[],0,0,[],[]
12512300,12519880,NA,NOF,0.0,448,pause,NA,NA,NA,NA,0.0,0,-36.01,-13.6,[],0,0,[],[]
12519880,12520700,NA,OLN,0.0,448,pause,NA,NA,NA,NA,0.0,0,-19.19,-3.3,[],0,0,[],[]
12520700,12521500,NA,NOF,0.0,448,pause,NA,NA,NA,NA,0.0,0,-34.97,-23.87,[],0,0,[],[]
12521500,12522350,NA,OLF,0.0,448,pause,NA,NA,NA,NA,0.0,0,-32.4,-20.3,[],0,0,[],[]
12522350,12524720,NA,NOF,0.0,448,pause,NA,NA,NA,NA,0.0,0,-33.24,-17.08,[],0,0,[],[]
12524720,12525560,NA,OLF,0.0,448,pause,NA,NA,NA,NA,0.0,0,-19.93,-7.42,[],0,0,[],[]
12525560,12528560,NA,NOF,0.0,448,pause,NA,NA,NA,NA,0.0,0,-23.86,-4.73,[],0,0,[],[]
12528560,12529430,NA,SIL,0.0,448,pause,NA,NA,NA,NA,0.0,0,-53.66,-46.77,[],0,0,[],[]
12529430,12530240,NA,NOF,0.0,448,pause,NA,NA,NA,NA,0.0,0,-48.01,-32.25,[],0,0,[],[]
12530240,12531150,NA,SIL,0.0,448,pause,NA,NA,NA,NA,0.0,0,-57.67,-52.51,[],0,0,[],[]
12531150,12531760,CHI,CHN,0.0,448,CM,EC,0,NT,FI,1.0,520,-18.15,-13.79,"[{'Canonical-syllable': '0', 'Growl': '0', 'High-freq-energy': '0', 'Long-island': '0', 'Low-tilt-spectrum': '1', 'Medium-island': '1', 'Short-island': '0', 'Squeal': '0', 'Typical-entropy': '1', 'Voicing-quality': '1', 'Wide-band': '0', 'Xlong-island': '0', 'seq': '1', 'end': 12531.67, 'start': 12531.23}]",0,0,[],[]
12531760,12532650,NA,NOF,0.0,449,pause,NA,NA,NA,NA,0.0,0,-42.46,-29.13,[],0,0,[],[]
12532650,12533580,NA,SIL,0.0,449,pause,NA,NA,NA,NA,0.0,0,-57.01,-48.06,[],0,0,[],[]
12533580,12534430,NA,NOF,0.0,449,pause,NA,NA,NA,NA,0.0,0,-17.55,-2.79,[],0,0,[],[]
12534430,12536970,NA,OLF,0.0,449,pause,NA,NA,NA,NA,0.0,0,-19.95,-6.92,[],0,0,[],[]
12536970,12539560,CHI,CHN,0.0,449,CIC,BC,0,NT,FI,3.0,1290,-25.85,-14.3,"[{'Canonical-syllable': '1', 'Growl': '1', 'High-freq-energy': '0', 'Long-island': '0', 'Low-tilt-spectrum': '0', 'Medium-island': '2', 'Short-island': '0', 'Squeal': '0', 'Typical-entropy': '1', 'Voicing-quality': '2', 'Wide-band': '0', 'Xlong-island': '0', 'seq': '1', 'end': 12537.64, 'start': 12536.97}, {'Canonical-syllable': '0', 'Growl': '0', 'High-freq-energy': '0', 'Long-island': '0', 'Low-tilt-spectrum': '0', 'Medium-island': '1', 'Short-island': '0', 'Squeal': '0', 'Typical-entropy': '0', 'Voicing-quality': '1', 'Wide-band': '0', 'Xlong-island': '0', 'seq': '2', 'end': 12538.54, 'start': 12538.24}, {'Canonical-syllable': '0', 'Growl': '0', 'High-freq-energy': '0', 'Long-island': '0', 'Low-tilt-spectrum': '0', 'Medium-island': '1', 'Short-island': '0', 'Squeal': '0', 'Typical-entropy': '0', 'Voicing-quality': '1', 'Wide-band': '0', 'Xlong-island': '0', 'seq': '3', 'end': 12539.56, 'start': 12539.24}]",0,0,[],[]
12539560,12540730,CHI,CHN,0.0,449,CIC,RC,0,NT,FH,1.0,710,-24.11,-13.42,"[{'Canonical-syllable': '1', 'Growl': '0', 'High-freq-energy': '0', 'Long-island': '0', 'Low-tilt-spectrum': '0', 'Medium-island': '1', 'Short-island': '1', 'Squeal': '0', 'Typical-entropy': '1', 'Voicing-quality': '2', 'Wide-band': '0', 'Xlong-island': '0', 'seq': '1', 'end': 12540.65, 'start': 12539.94}]",0,0,[],[]
12540730,12541350,CHI,CHN,0.0,449,CIC,RC,0,TIFI,FH,1.0,620,-23.72,-19.07,"[{'Canonical-syllable': '0', 'Growl': '0', 'High-freq-energy': '0', 'Long-island': '0', 'Low-tilt-spectrum': '0', 'Medium-island': '1', 'Short-island': '0', 'Squeal': '0', 'Typical-entropy': '0', 'Voicing-quality': '1', 'Wide-band': '0', 'Xlong-island': '0', 'seq': '1', 'end': 12541.35, 'start': 12540.88}]",0,0,[],[]
12541350,12543030,FEM,FAN,8.48,449,CIC,RC,1,TIFR,FI,0.0,0,-35.04,-27.32,[],0,0,[],[]
12543030,12544640,NA,SIL,0.0,449,CIC,NA,NA,NA,NA,0.0,0,-44.28,-31.0,[],0,0,[],[]
12544640,12545440,NA,OLF,0.0,449,CIC,NA,NA,NA,NA,0.0,0,-45.95,-41.25,[],0,0,[],[]
12545440,12546290,NA,SIL,0.0,449,CIC,NA,NA,NA,NA,0.0,0,-55.68,-46.13,[],0,0,[],[]
12546290,12547290,CHI,CHN,0.0,449,CIC,RC,1,TIFI,FI,1.0,1000,-21.51,-14.7,"[{'Canonical-syllable': '0', 'Growl': '0', 'High-freq-energy': '0', 'Long-island': '0', 'Low-tilt-spectrum': '0', 'Medium-island': '1', 'Short-island': '1', 'Squeal': '0', 'Typical-entropy': '0', 'Voicing-quality': '2', 'Wide-band': '0', 'Xlong-island': '0', 'seq': '1', 'end': 12547.29, 'start': 12546.55}]",0,0,[],[]
12547290,12548280,NA,SIL,0.0,449,CIC,NA,NA,NA,NA,0.0,0,-49.09,-41.05,[],0,0,[],[]
12548280,12550190,FEM,FAN,6.71,449,CIC,EC,2,TIFR,FI,0.0,0,-39.39,-31.96,[],0,0,[],[]
12550190,12551020,NA,SIL,0.0,450,pause,NA,NA,NA,NA,0.0,0,-48.52,-42.58,[],0,0,[],[]
12551020,12551830,NA,NOF,0.0,450,pause,NA,NA,NA,NA,0.0,0,-39.78,-31.62,[],0,0,[],[]
12551830,12552640,NA,FAF,0.0,450,pause,NA,NA,NA,NA,0.0,0,-40.42,-31.75,[],0,0,[],[]
12552640,12553650,NA,NON,0.0,450,pause,NA,NA,NA,NA,0.0,0,-31.35,-17.55,[],0,0,[],[]
12553650,12557480,NA,SIL,0.0,450,pause,NA,NA,NA,NA,0.0,0,-50.88,-35.16,[],0,0,[],[]
12557480,12559180,NA,NOF,0.0,450,pause,NA,NA,NA,NA,0.0,0,-48.5,-32.12,[],0,0,[],[]
12559180,12562600,NA,SIL,0.0,450,pause,NA,NA,NA,NA,0.0,0,-54.83,-38.19,[],0,0,[],[]
12562600,12566890,NA,NOF,0.0,450,pause,NA,NA,NA,NA,0.0,0,-33.14,-10.1,[],0,0,[],[]
12566890,12568270,NA,SIL,0.0,450,pause,NA,NA,NA,NA,0.0,0,-52.24,-43.7,[],0,0,[],[]
12568270,12568870,FEM,FAN,5.54,450,AMF,EC,0,NT,FI,0.0,0,-28.26,-22.35,[],0,0,[],[]
12568870,12570090,NA,SIL,0.0,451,pause,NA,NA,NA,NA,0.0,0,-54.37,-49.52,[],0,0,[],[]
12570090,12573330,NA,NOF,0.0,451,pause,NA,NA,NA,NA,0.0,0,-42.79,-28.75,[],0,0,[],[]
12573330,12574330,FEM,FAN,0.0,451,pause,NA,NA,NA,NA,0.0,0,-37.62,-32.96,[],1000,0,[],[]
12574330,12575150,NA,NOF,0.0,451,pause,NA,NA,NA,NA,0.0,0,-45.93,-29.41,[],0,0,[],[]
12575150,12575970,NA,SIL,0.0,451,pause,NA,NA,NA,NA,0.0,0,-51.96,-44.05,[],0,0,[],[]
12575970,12583340,NA,NOF,0.0,451,pause,NA,NA,NA,NA,0.0,0,-35.96,-23.33,[],0,0,[],[]
12583340,12585540,CHI,CHN,0.0,451,CM,BC,0,NT,FI,2.0,1630,-23.8,-15.12,"[{'Canonical-syllable': '0', 'Growl': '0', 'High-freq-energy': '0', 'Long-island': '0', 'Low-tilt-spectrum': '0', 'Medium-island': '0', 'Short-island': '1', 'Squeal': '0', 'Typical-entropy': '0', 'Voicing-quality': '1', 'Wide-band': '0', 'Xlong-island': '0', 'seq': '1', 'end': 12583.56, 'start': 12583.34}, {'Canonical-syllable': '0', 'Growl': '0', 'High-freq-energy': '0', 'Long-island': '0', 'Low-tilt-spectrum': '0', 'Medium-island': '2', 'Short-island': '1', 'Squeal': '0', 'Typical-entropy': '2', 'Voicing-quality': '3', 'Wide-band': '0', 'Xlong-island': '0', 'seq': '2', 'end': 12585.29, 'start': 12583.88}]",0,0,[],[]
12585540,12586450,NA,NOF,0.0,451,CM,NA,NA,NA,NA,0.0,0,-49.91,-43.27,[],0,0,[],[]
12586450,12588790,CHI,CHN,0.0,451,CM,RC,0,NT,FH,1.0,2170,-24.47,-16.82,"[{'Canonical-syllable': '0', 'Growl': '1', 'High-freq-energy': '0', 'Long-island': '0', 'Low-tilt-spectrum': '1', 'Medium-island': '2', 'Short-island': '2', 'Squeal': '0', 'Typical-entropy': '1', 'Voicing-quality': '5', 'Wide-band': '0', 'Xlong-island': '0', 'seq': '1', 'end': 12588.62, 'start': 12586.45}]",0,0,[],[]
12588790,12589600,NA,SIL,0.0,451,CM,NA,NA,NA,NA,0.0,0,-53.97,-48.49,[],0,0,[],[]
12589600,12591530,NA,NOF,0.0,451,CM,NA,NA,NA,NA,0.0,0,-48.75,-37.52,[],0,0,[],[]
12591530,12596370,CHI,CHN,0.0,451,CM,EC,0,NT,FH,3.0,3670,-28.78,-18.37,"[{'Canonical-syllable': '0', 'Growl': '1', 'High-freq-energy': '0', 'Long-island': '0', 'Low-tilt-spectrum': '0', 'Medium-island': '2', 'Short-island': '2', 'Squeal': '1', 'Typical-entropy': '1', 'Voicing-quality': '5', 'Wide-band': '0', 'Xlong-island': '0', 'seq': '1', 'end': 12593.5, 'start': 12591.53}, {'Canonical-syllable': '0', 'Growl': '1', 'High-freq-energy': '0', 'Long-island': '0', 'Low-tilt-spectrum': '2', 'Medium-island': '0', 'Short-island': '4', 'Squeal': '0', 'Typical-entropy': '2', 'Voicing-quality': '4', 'Wide-band': '0', 'Xlong-island': '0', 'seq': '2', 'end': 12595.41, 'start': 12594.26}, {'Canonical-syllable': '0', 'Growl': '0', 'High-freq-energy': '0', 'Long-island': '0', 'Low-tilt-spectrum': '0', 'Medium-island': '1', 'Short-island': '0', 'Squeal': '0', 'Typical-entropy': '0', 'Voicing-quality': '1', 'Wide-band': '0', 'Xlong-island': '0', 'seq': '3', 'end': 12596.37, 'start': 12595.82}]",0,0,[],[]
12596370,12602190,NA,SIL,0.0,452,pause,NA,NA,NA,NA,0.0,0,-54.26,-40.26,[],0,0,[],[]
12602190,12604170,CHI,CHN,0.0,452,CM,EC,0,NT,FI,2.0,1660,-24.38,-15.09,"[{'Canonical-syllable': '0', 'Growl': '0', 'High-freq-energy': '0', 'Long-island': '0', 'Low-tilt-spectrum': '1', 'Medium-island': '1', 'Short-island': '0', 'Squeal': '0', 'Typical-entropy': '1', 'Voicing-quality': '1', 'Wide-band': '0', 'Xlong-island': '0', 'seq': '1', 'end': 12602.69, 'start': 12602.43}, {'Canonical-syllable': '0', 'Growl': '0', 'High-freq-energy': '0', 'Long-island': '0', 'Low-tilt-spectrum': '0', 'Medium-island': '0', 'Short-island': '0', 'Squeal': '0', 'Typical-entropy': '1', 'Voicing-quality': '1', 'Wide-band': '0', 'Xlong-island': '1', 'seq': '2', 'end': 12604.17, 'start': 12603.01}]",0,0,[],[]
12604170,12604970,NA,NOF,0.0,453,pause,NA,NA,NA,NA,0.0,0,-46.79,-36.66,[],0,0,[],[]
12604970,12611100,NA,SIL,0.0,453,pause,NA,NA,NA,NA,0.0,0,-52.85,-34.16,[],0,0,[],[]
12611100,12611960,NA,NOF,0.0,453,pause,NA,NA,NA,NA,0.0,0,-51.1,-42.38,[],0,0,[],[]
12611960,12612960,CHI,CHN,0.0,453,CIC,BC,0,NT,FI,2.0,670,-26.83,-18.54,"[{'Canonical-syllable': '0', 'Growl': '0', 'High-freq-energy': '0', 'Long-island': '0', 'Low-tilt-spectrum': '0', 'Medium-island': '0', 'Short-island': '1', 'Squeal': '0', 'Typical-entropy': '0', 'Voicing-quality': '1', 'Wide-band': '0', 'Xlong-island': '0', 'seq': '1', 'end': 12612.11, 'start': 12611.96}, {'Canonical-syllable': '1', 'Growl': '0', 'High-freq-energy': '0', 'Long-island': '0', 'Low-tilt-spectrum': '0', 'Medium-island': '0', 'Short-island': '2', 'Squeal': '0', 'Typical-entropy': '1', 'Voicing-quality': '2', 'Wide-band': '0', 'Xlong-island': '0', 'seq': '2', 'end': 12612.96, 'start': 12612.44}]",0,0,[],[]
12612960,12617070,CHI,CHN,0.0,453,CIC,RC,0,NT,FH,5.0,1950,-25.04,-11.03,"[{'Canonical-syllable': '0', 'Growl': '0', 'High-freq-energy': '0', 'Long-island': '0', 'Low-tilt-spectrum': '0', 'Medium-island': '0', 'Short-island': '1', 'Squeal': '0', 'Typical-entropy': '1', 'Voicing-quality': '2', 'Wide-band': '1', 'Xlong-island': '0', 'seq': '1', 'end': 12613.33, 'start': 12612.96}, {'Canonical-syllable': '0', 'Growl': '0', 'High-freq-energy': '0', 'Long-island': '0', 'Low-tilt-spectrum': '0', 'Medium-island': '0', 'Short-island': '1', 'Squeal': '0', 'Typical-entropy': '0', 'Voicing-quality': '1', 'Wide-band': '1', 'Xlong-island': '0', 'seq': '2', 'end': 12613.99, 'start': 12613.83}, {'Canonical-syllable': '0', 'Growl': '0', 'High-freq-energy': '0', 'Long-island': '1', 'Low-tilt-spectrum': '0', 'Medium-island': '0', 'Short-island': '0', 'Squeal': '0', 'Typical-entropy': '0', 'Voicing-quality': '2', 'Wide-band': '0', 'Xlong-island': '0', 'seq': '3', 'end': 12615.33, 'start': 12614.37}, {'Canonical-syllable': '1', 'Growl': '0', 'High-freq-energy': '0', 'Long-island': '0', 'Low-tilt-spectrum': '0', 'Medium-island': '0', 'Short-island': '1', 'Squeal': '0', 'Typical-entropy': '1', 'Voicing-quality': '1', 'Wide-band': '0', 'Xlong-island': '0', 'seq': '4', 'end': 12616.0, 'start': 12615.82}, {'Canonical-syllable': '0', 'Growl': '0', 'High-freq-energy': '0', 'Long-island': '0', 'Low-tilt-spectrum': '1', 'Medium-island': '0', 'Short-island': '0', 'Squeal': '0', 'Typical-entropy': '2', 'Voicing-quality': '2', 'Wide-band': '1', 'Xlong-island': '0', 'seq': '5', 'end': 12616.61, 'start': 12616.33}]",0,0,[],[]
12617070,12618170,OCH,CXN,0.0,453,CIC,RC,0,NT,FI,0.0,0,-29.78,-25.46,[],0,0,[],[]
12618170,12619200,OCH,CXN,0.0,453,CIC,RC,0,NT,FH,0.0,0,-22.89,-15.95,[],0,0,[],[]
12619200,12620450,FEM,FAN,6.28,453,CIC,RC,0,TIFI,FI,0.0,0,-40.44,-32.8,[],0,0,[],[]
12620450,12621880,NA,SIL,0.0,453,CIC,NA,NA,NA,NA,0.0,0,-56.67,-49.8,[],0,0,[],[]
12621880,12623970,CHI,CHN,0.0,453,CIC,RC,1,TIFR,FI,3.0,1310,-22.88,-13.02,"[{'Canonical-syllable': '0', 'Growl': '0', 'High-freq-energy': '0', 'Long-island': '0', 'Low-tilt-spectrum': '0', 'Medium-island': '0', 'Short-island': '1', 'Squeal': '0', 'Typical-entropy': '0', 'Voicing-quality': '1', 'Wide-band': '0', 'Xlong-island': '0', 'seq': '1', 'end': 12622.12, 'start': 12621.88}, {'Canonical-syllable': '1', 'Growl': '0', 'High-freq-energy': '0', 'Long-island': '0', 'Low-tilt-spectrum': '0', 'Medium-island': '1', 'Short-island': '1', 'Squeal': '0', 'Typical-entropy': '1', 'Voicing-quality': '2', 'Wide-band': '0', 'Xlong-island': '0', 'seq': '2', 'end': 12623.39, 'start': 12622.57}, {'Canonical-syllable': '0', 'Growl': '0', 'High-freq-energy': '0', 'Long-island': '0', 'Low-tilt-spectrum': '0', 'Medium-island': '0', 'Short-island': '1', 'Squeal': '0', 'Typical-entropy': '0', 'Voicing-quality': '1', 'Wide-band': '0', 'Xlong-island': '0', 'seq': '3', 'end': 12623.97, 'start': 12623.72}]",0,0,[],[]
12623970,12625230,NA,NOF,0.0,453,CIC,NA,NA,NA,NA,0.0,0,-40.95,-24.09,[],0,0,[],[]
12625230,12626800,CHI,CHN,0.0,453,CIC,RC,1,NT,FH,1.0,1140,-26.22,-18.86,"[{'Canonical-syllable': '0', 'Growl': '1', 'High-freq-energy': '0', 'Long-island': '1', 'Low-tilt-spectrum': '2', 'Medium-island': '0', 'Short-island': '1', 'Squeal': '0', 'Typical-entropy': '0', 'Voicing-quality': '2', 'Wide-band': '0', 'Xlong-island': '0', 'seq': '1', 'end': 12626.37, 'start': 12625.23}]",0,0,[],[]
12626800,12627810,CHI,CHN,0.0,453,CIC,RC,1,NT,FH,2.0,1010,-28.32,-20.39,"[{'Canonical-syllable': '0', 'Growl': '0', 'High-freq-energy': '0', 'Long-island': '0', 'Low-tilt-spectrum': '0', 'Medium-island': '1', 'Short-island': '0', 'Squeal': '0', 'Typical-entropy': '1', 'Voicing-quality': '1', 'Wide-band': '0', 'Xlong-island': '0', 'seq': '1', 'end': 12627.35, 'start': 12626.8}, {'Canonical-syllable': '0', 'Growl': '0', 'High-freq-energy': '0', 'Long-island': '0', 'Low-tilt-spectrum': '1', 'Medium-island': '0', 'Short-island': '0', 'Squeal': '0', 'Typical-entropy': '0', 'Voicing-quality': '1', 'Wide-band': '0', 'Xlong-island': '0', 'seq': '2', 'end': 12627.81, 'start': 12627.65}]",0,0,[],[]
12627810,12628610,NA,SIL,0.0,453,CIC,NA,NA,NA,NA,0.0,0,-54.71,-48.3,[],0,0,[],[]
12628610,12630050,FEM,FAN,6.31,453,CIC,RC,1,TIFI,FI,0.0,0,-39.17,-30.96,[],0,0,[],[]
12630050,12630850,NA,FAF,0.0,453,CIC,NA,NA,NA,NA,0.0,0,-46.08,-36.81,[],0,0,[],[]
12630850,12631460,CHI,CHN,0.0,453,CIC,EC,2,TIFR,FI,1.0,180,-27.91,-18.94,"[{'Canonical-syllable': '0', 'Growl': '0', 'High-freq-energy': '0', 'Long-island': '0', 'Low-tilt-spectrum': '0', 'Medium-island': '0', 'Short-island': '1', 'Squeal': '0', 'Typical-entropy': '1', 'Voicing-quality': '1', 'Wide-band': '0', 'Xlong-island': '0', 'seq': '1', 'end': 12631.03, 'start': 12630.85}]",0,0,[],[]
12631460,12643310,NA,NOF,0.0,454,pause,NA,NA,NA,NA,0.0,0,-32.59,-11.23,[],0,0,[],[]
12643310,12644110,NA,CXF,0.0,454,pause,NA,NA,NA,NA,0.0,0,-44.14,-37.56,[],0,0,[],[]
12644110,12644910,NA,OLN,0.0,454,pause,NA,NA,NA,NA,0.0,0,-35.76,-29.08,[],0,0,[],[]
12644910,12650420,NA,NON,0.0,454,pause,NA,NA,NA,NA,0.0,0,-20.38,-3.13,[],0,0,[],[]
12650420,12651420,FEM,FAN,0.0,454,pause,NA,NA,NA,NA,0.0,0,-31.74,-24.23,[],1000,0,[],[]
12651420,12658330,NA,NOF,0.0,454,pause,NA,NA,NA,NA,0.0,0,-37.53,-15.68,[],0,0,[],[]
12658330,12659520,NA,SIL,0.0,454,pause,NA,NA,NA,NA,0.0,0,-50.97,-43.4,[],0,0,[],[]
12659520,12661230,NA,CXF,0.0,454,pause,NA,NA,NA,NA,0.0,0,-48.78,-38.14,[],0,0,[],[]
12661230,12662850,NA,SIL,0.0,454,pause,NA,NA,NA,NA,0.0,0,-45.2,-30.57,[],0,0,[],[]
12662850,12663680,NA,NOF,0.0,454,pause,NA,NA,NA,NA,0.0,0,-26.6,-16.33,[],0,0,[],[]
12663680,12664600,NA,OLN,0.0,454,pause,NA,NA,NA,NA,0.0,0,-33.38,-25.05,[],0,0,[],[]
12664600,12665580,NA,NOF,0.0,454,pause,NA,NA,NA,NA,0.0,0,-38.22,-24.92,[],0,0,[],[]
12665580,12666380,NA,SIL,0.0,454,pause,NA,NA,NA,NA,0.0,0,-47.05,-36.76,[],0,0,[],[]
12666380,12667600,NA,CXF,0.0,454,pause,NA,NA,NA,NA,0.0,0,-40.93,-31.57,[],0,0,[],[]
12667600,12668680,NA,OLF,0.0,454,pause,NA,NA,NA,NA,0.0,0,-29.03,-10.55,[],0,0,[],[]
12668680,12669280,OCH,CXN,0.0,454,XIC,BC,0,NT,FI,0.0,0,-39.42,-30.87,[],0,0,[],[]
12669280,12670870,NA,NOF,0.0,454,XIC,NA,NA,NA,NA,0.0,0,-43.99,-36.1,[],0,0,[],[]
12670870,12671470,OCH,CXN,0.0,454,XIC,RC,0,NT,FH,0.0,0,-41.92,-34.78,[],0,0,[],[]
12671470,12672420,NA,NOF,0.0,454,XIC,NA,NA,NA,NA,0.0,0,-46.11,-38.58,[],0,0,[],[]
12672420,12673050,CHI,CHN,0.0,454,XIC,RC,0,TIFI,FI,1.0,630,-28.76,-22.04,"[{'Canonical-syllable': '1', 'Growl': '1', 'High-freq-energy': '0', 'Long-island': '0', 'Low-tilt-spectrum': '1', 'Medium-island': '0', 'Short-island': '2', 'Squeal': '0', 'Typical-entropy': '1', 'Voicing-quality': '2', 'Wide-band': '1', 'Xlong-island': '0', 'seq': '1', 'end': 12673.05, 'start': 12672.42}]",0,0,[],[]
12673050,12673850,NA,NOF,0.0,454,XIC,NA,NA,NA,NA,0.0,0,-38.18,-29.02,[],0,0,[],[]
12673850,12674450,FEM,FAN,1.24,454,XIC,RC,1,TIFR,FI,0.0,0,-37.65,-30.72,[],0,0,[],[]
12674450,12675250,NA,NOF,0.0,454,XIC,NA,NA,NA,NA,0.0,0,-47.96,-41.74,[],0,0,[],[]
12675250,12676340,FEM,FAN,4.11,454,XIC,RC,1,NT,FH,0.0,0,-30.62,-21.69,[],0,0,[],[]
12676340,12677240,OCH,CXN,0.0,454,XIC,RC,1,NT,FI,0.0,0,-31.36,-22.98,[],0,0,[],[]
12677240,12678060,NA,SIL,0.0,454,XIC,NA,NA,NA,NA,0.0,0,-51.02,-39.11,[],0,0,[],[]
12678060,12679430,OCH,CXN,0.0,454,XIC,RC,1,NT,FH,0.0,0,-34.46,-22.51,[],0,0,[],[]
12679430,12680280,NA,SIL,0.0,454,XIC,NA,NA,NA,NA,0.0,0,-48.3,-35.6,[],0,0,[],[]
12680280,12681440,CHI,CHN,0.0,454,XIC,EC,1,NT,FI,2.0,470,-31.1,-20.96,"[{'Canonical-syllable': '0', 'Growl': '0', 'High-freq-energy': '0', 'Long-island': '0', 'Low-tilt-spectrum': '0', 'Medium-island': '1', 'Short-island': '0', 'Squeal': '0', 'Typical-entropy': '0', 'Voicing-quality': '1', 'Wide-band': '0', 'Xlong-island': '0', 'seq': '1', 'end': 12680.87, 'start': 12680.6}, {'Canonical-syllable': '0', 'Growl': '0', 'High-freq-energy': '0', 'Long-island': '0', 'Low-tilt-spectrum': '0', 'Medium-island': '0', 'Short-island': '1', 'Squeal': '0', 'Typical-entropy': '0', 'Voicing-quality': '1', 'Wide-band': '0', 'Xlong-island': '0', 'seq': '2', 'end': 12681.44, 'start': 12681.24}]",0,0,[],[]
12681440,12682240,NA,SIL,0.0,455,pause,NA,NA,NA,NA,0.0,0,-47.2,-34.19,[],0,0,[],[]
12682240,12683580,CHI,CHN,0.0,455,pause,NA,NA,NA,NA,0.0,0,-34.17,-28.43,[],0,1150,"[{'start': 12682.43, 'end': 12682.92}]","[{'start': 12682.92, 'end': 12683.58}]"
12683580,12688560,NA,SIL,0.0,455,pause,NA,NA,NA,NA,0.0,0,-50.31,-34.89,[],0,0,[],[]
12688560,12690570,OCH,CXN,0.0,455,XM,EC,0,NT,FI,0.0,0,-43.55,-34.65,[],0,0,[],[]
12690570,12693980,NA,SIL,0.0,456,pause,NA,NA,NA,NA,0.0,0,-49.8,-37.58,[],0,0,[],[]
12693980,12695520,NA,NOF,0.0,456,pause,NA,NA,NA,NA,0.0,0,-34.61,-18.19,[],0,0,[],[]
12695520,12707800,NA,SIL,0.0,456,pause,NA,NA,NA,NA,0.0,0,-51.75,-39.41,[],0,0,[],[]
12707800,12708600,OCH,CXN,0.0,456,XM,EC,0,NT,FI,0.0,0,-44.63,-35.32,[],0,0,[],[]
12708600,12710440,NA,SIL,0.0,457,pause,NA,NA,NA,NA,0.0,0,-53.77,-45.59,[],0,0,[],[]
12710440,12711310,NA,NOF,0.0,457,pause,NA,NA,NA,NA,0.0,0,-48.25,-37.69,[],0,0,[],[]
12711310,12715010,NA,SIL,0.0,457,pause,NA,NA,NA,NA,0.0,0,-55.38,-34.38,[],0,0,[],[]
12715010,12715610,NA,FAF,0.0,457,pause,NA,NA,NA,NA,0.0,0,-44.53,-37.45,[],0,0,[],[]
12715610,12717420,NA,SIL,0.0,457,pause,NA,NA,NA,NA,0.0,0,-55.39,-42.37,[],0,0,[],[]
12717420,12718220,OCH,CXN,0.0,457,XM,EC,0,NT,FI,0.0,0,-46.84,-40.31,[],0,0,[],[]
12718220,12719190,NA,SIL,0.0,458,pause,NA,NA,NA,NA,0.0,0,-55.8,-48.41,[],0,0,[],[]
12719190,12719860,NA,MAF,0.0,458,pause,NA,NA,NA,NA,0.0,0,-39.79,-31.73,[],0,0,[],[]
12719860,12723870,NA,SIL,0.0,458,pause,NA,NA,NA,NA,0.0,0,-54.31,-37.06,[],0,0,[],[]
12723870,12724670,NA,NOF,0.0,458,pause,NA,NA,NA,NA,0.0,0,-48.49,-37.57,[],0,0,[],[]
12724670,12725580,NA,SIL,0.0,458,pause,NA,NA,NA,NA,0.0,0,-57.01,-50.17,[],0,0,[],[]
12725580,12726470,NA,CXF,0.0,458,pause,NA,NA,NA,NA,0.0,0,-51.21,-40.93,[],0,0,[],[]
12726470,12728990,NA,SIL,0.0,458,pause,NA,NA,NA,NA,0.0,0,-51.76,-38.05,[],0,0,[],[]
12728990,12729790,OCH,CXN,0.0,458,XM,EC,0,NT,FI,0.0,0,-43.25,-34.24,[],0,0,[],[]
12729790,12730940,NA,NOF,0.0,459,pause,NA,NA,NA,NA,0.0,0,-51.66,-39.45,[],0,0,[],[]
12730940,12735970,NA,SIL,0.0,459,pause,NA,NA,NA,NA,0.0,0,-53.41,-38.73,[],0,0,[],[]
12735970,12737990,OCH,CXN,0.0,459,XM,BC,0,NT,FI,0.0,0,-42.34,-30.02,[],0,0,[],[]
12737990,12738860,NA,SIL,0.0,459,XM,NA,NA,NA,NA,0.0,0,-47.77,-33.08,[],0,0,[],[]
12738860,12739710,NA,NOF,0.0,459,XM,NA,NA,NA,NA,0.0,0,-41.4,-26.69,[],0,0,[],[]
12739710,12740580,OCH,CXN,0.0,459,XM,RC,0,NT,FH,0.0,0,-48.08,-35.74,[],0,0,[],[]
12740580,12741900,NA,NOF,0.0,459,XM,NA,NA,NA,NA,0.0,0,-47.8,-34.45,[],0,0,[],[]
12741900,12744100,NA,SIL,0.0,459,XM,NA,NA,NA,NA,0.0,0,-53.85,-44.39,[],0,0,[],[]
12744100,12746480,OCH,CXN,0.0,459,XM,EC,0,NT,FH,0.0,0,-41.59,-27.2,[],0,0,[],[]
12746480,12747730,NA,SIL,0.0,460,pause,NA,NA,NA,NA,0.0,0,-51.2,-40.21,[],0,0,[],[]
12747730,12748560,NA,NOF,0.0,460,pause,NA,NA,NA,NA,0.0,0,-43.82,-31.87,[],0,0,[],[]
12748560,12749390,NA,SIL,0.0,460,pause,NA,NA,NA,NA,0.0,0,-50.32,-40.18,[],0,0,[],[]
12749390,12751560,NA,OLF,0.0,460,pause,NA,NA,NA,NA,0.0,0,-45.76,-37.95,[],0,0,[],[]
12751560,12752870,NA,SIL,0.0,460,pause,NA,NA,NA,NA,0.0,0,-54.4,-42.58,[],0,0,[],[]
12752870,12753670,NA,CXF,0.0,460,pause,NA,NA,NA,NA,0.0,0,-46.41,-36.73,[],0,0,[],[]
12753670,12755120,NA,SIL,0.0,460,pause,NA,NA,NA,NA,0.0,0,-55.16,-48.69,[],0,0,[],[]
12755120,12756200,NA,NOF,0.0,460,pause,NA,NA,NA,NA,0.0,0,-48.08,-37.98,[],0,0,[],[]
12756200,12757860,NA,SIL,0.0,460,pause,NA,NA,NA,NA,0.0,0,-46.17,-35.34,[],0,0,[],[]
12757860,12760730,NA,NOF,0.0,460,pause,NA,NA,NA,NA,0.0,0,-44.01,-29.12,[],0,0,[],[]
12760730,12761540,NA,SIL,0.0,460,pause,NA,NA,NA,NA,0.0,0,-49.36,-36.4,[],0,0,[],[]
12761540,12762340,NA,NOF,0.0,460,pause,NA,NA,NA,NA,0.0,0,-47.45,-35.76,[],0,0,[],[]
12762340,12764660,NA,SIL,0.0,460,pause,NA,NA,NA,NA,0.0,0,-55.89,-44.37,[],0,0,[],[]
12764660,12765470,NA,FAF,0.0,460,pause,NA,NA,NA,NA,0.0,0,-48.25,-36.81,[],0,0,[],[]
12765470,12769340,NA,SIL,0.0,460,pause,NA,NA,NA,NA,0.0,0,-53.06,-43.93,[],0,0,[],[]
12769340,12770430,NA,FAF,0.0,460,pause,NA,NA,NA,NA,0.0,0,-45.86,-40.08,[],0,0,[],[]
12770430,12772870,NA,SIL,0.0,460,pause,NA,NA,NA,NA,0.0,0,-54.37,-43.76,[],0,0,[],[]
12772870,12774000,NA,FAF,0.0,460,pause,NA,NA,NA,NA,0.0,0,-49.68,-39.03,[],0,0,[],[]
12774000,12777620,NA,SIL,0.0,460,pause,NA,NA,NA,NA,0.0,0,-52.86,-32.16,[],0,0,[],[]
12777620,12778670,FEM,FAN,0.0,460,pause,NA,NA,NA,NA,0.0,0,-44.04,-36.76,[],1050,0,[],[]
12778670,12784540,NA,SIL,0.0,460,pause,NA,NA,NA,NA,0.0,0,-49.58,-34.29,[],0,0,[],[]
12784540,12786480,NA,NOF,0.0,460,pause,NA,NA,NA,NA,0.0,0,-49.81,-36.98,[],0,0,[],[]
12786480,12797770,NA,SIL,0.0,460,pause,NA,NA,NA,NA,0.0,0,-53.95,-28.67,[],0,0,[],[]
12797770,12798580,NA,NOF,0.0,460,pause,NA,NA,NA,NA,0.0,0,-46.45,-35.65,[],0,0,[],[]
12798580,12801030,NA,SIL,0.0,460,pause,NA,NA,NA,NA,0.0,0,-52.89,-40.81,[],0,0,[],[]
12801030,12802110,FEM,FAN,0.0,460,pause,NA,NA,NA,NA,0.0,0,-46.96,-43.59,[],1080,0,[],[]
12802110,12807050,NA,SIL,0.0,460,pause,NA,NA,NA,NA,0.0,0,-52.22,-31.61,[],0,0,[],[]
12807050,12808090,FEM,FAN,7.62,460,AICF,BC,0,NT,FI,0.0,0,-42.56,-32.03,[],0,0,[],[]
12808090,12808890,NA,SIL,0.0,460,AICF,NA,NA,NA,NA,0.0,0,-46.0,-37.34,[],0,0,[],[]
12808890,12810370,FEM,FAN,2.15,460,AICF,RC,0,TIFI,FH,0.0,0,-33.66,-20.99,[],0,0,[],[]
12810370,12811170,NA,SIL,0.0,460,AICF,NA,NA,NA,NA,0.0,0,-52.87,-47.4,[],0,0,[],[]
12811170,12811770,CHI,CHN,0.0,460,AICF,RC,1,TIFR,FI,1.0,420,-39.76,-32.6,"[{'Canonical-syllable': '0', 'Growl': '1', 'High-freq-energy': '0', 'Long-island': '0', 'Low-tilt-spectrum': '1', 'Medium-island': '1', 'Short-island': '0', 'Squeal': '0', 'Typical-entropy': '0', 'Voicing-quality': '1', 'Wide-band': '0', 'Xlong-island': '0', 'seq': '1', 'end': 12811.59, 'start': 12811.17}]",0,0,[],[]
12811770,12812590,NA,SIL,0.0,460,AICF,NA,NA,NA,NA,0.0,0,-56.06,-46.66,[],0,0,[],[]
12812590,12813620,FEM,FAN,4.93,460,AICF,RC,1,TIFI,FI,0.0,0,-38.46,-29.5,[],0,0,[],[]
12813620,12815070,NA,SIL,0.0,460,AICF,NA,NA,NA,NA,0.0,0,-54.61,-41.72,[],0,0,[],[]
12815070,12816400,CHI,CHN,0.0,460,AICF,RC,2,TIFR,FI,1.0,1110,-23.27,-14.57,"[{'Canonical-syllable': '0', 'Growl': '2', 'High-freq-energy': '0', 'Long-island': '0', 'Low-tilt-spectrum': '0', 'Medium-island': '1', 'Short-island': '1', 'Squeal': '0', 'Typical-entropy': '2', 'Voicing-quality': '2', 'Wide-band': '0', 'Xlong-island': '0', 'seq': '1', 'end': 12816.18, 'start': 12815.07}]",0,0,[],[]
12816400,12818430,NA,SIL,0.0,460,AICF,NA,NA,NA,NA,0.0,0,-52.96,-44.58,[],0,0,[],[]
12818430,12819970,CHI,CHN,0.0,460,AICF,EC,2,NT,FH,2.0,1210,-31.59,-24.01,"[{'Canonical-syllable': '0', 'Growl': '1', 'High-freq-energy': '0', 'Long-island': '0', 'Low-tilt-spectrum': '0', 'Medium-island': '0', 'Short-island': '1', 'Squeal': '0', 'Typical-entropy': '1', 'Voicing-quality': '1', 'Wide-band': '0', 'Xlong-island': '0', 'seq': '1', 'end': 12818.62, 'start': 12818.43}, {'Canonical-syllable': '0', 'Growl': '2', 'High-freq-energy': '0', 'Long-island': '0', 'Low-tilt-spectrum': '0', 'Medium-island': '2', 'Short-island': '0', 'Squeal': '0', 'Typical-entropy': '1', 'Voicing-quality': '2', 'Wide-band': '0', 'Xlong-island': '0', 'seq': '2', 'end': 12819.97, 'start': 12818.95}]",0,0,[],[]
12819970,12838450,NA,SIL,0.0,461,pause,NA,NA,NA,NA,0.0,0,-52.04,-32.61,[],0,0,[],[]
12838450,12839250,NA,NOF,0.0,461,pause,NA,NA,NA,NA,0.0,0,-52.39,-45.16,[],0,0,[],[]
12839250,12861760,NA,SIL,0.0,461,pause,NA,NA,NA,NA,0.0,0,-53.31,-35.56,[],0,0,[],[]
12861760,12862560,NA,NOF,0.0,461,pause,NA,NA,NA,NA,0.0,0,-45.38,-37.78,[],0,0,[],[]
12862560,12879180,NA,SIL,0.0,461,pause,NA,NA,NA,NA,0.0,0,-52.18,-31.4,[],0,0,[],[]
12879180,12879980,NA,CXF,0.0,461,pause,NA,NA,NA,NA,0.0,0,-49.78,-45.34,[],0,0,[],[]
12879980,12880780,NA,SIL,0.0,461,pause,NA,NA,NA,NA,0.0,0,-54.7,-43.29,[],0,0,[],[]
12880780,12881580,NA,CXF,0.0,461,pause,NA,NA,NA,NA,0.0,0,-45.36,-35.75,[],0,0,[],[]
12881580,12882380,NA,NOF,0.0,461,pause,NA,NA,NA,NA,0.0,0,-41.84,-30.49,[],0,0,[],[]
12882380,12883890,NA,SIL,0.0,461,pause,NA,NA,NA,NA,0.0,0,-48.04,-39.24,[],0,0,[],[]
12883890,12884690,NA,NOF,0.0,461,pause,NA,NA,NA,NA,0.0,0,-49.78,-42.24,[],0,0,[],[]
12884690,12886050,NA,CXF,0.0,461,pause,NA,NA,NA,NA,0.0,0,-47.41,-41.95,[],0,0,[],[]
12886050,12887050,NA,TVF,0.0,461,pause,NA,NA,NA,NA,0.0,0,-46.15,-41.35,[],0,0,[],[]
12887050,12891570,NA,SIL,0.0,461,pause,NA,NA,NA,NA,0.0,0,-53.44,-31.48,[],0,0,[],[]
12891570,12892370,NA,CXF,0.0,461,pause,NA,NA,NA,NA,0.0,0,-51.3,-46.72,[],0,0,[],[]
12892370,12893210,NA,SIL,0.0,461,pause,NA,NA,NA,NA,0.0,0,-55.34,-48.87,[],0,0,[],[]
12893210,12894860,OCH,CXN,0.0,461,XM,EC,0,NT,FI,0.0,0,-47.04,-41.19,[],0,0,[],[]
12894860,12914650,NA,SIL,0.0,462,pause,NA,NA,NA,NA,0.0,0,-54.79,-36.08,[],0,0,[],[]
12914650,12916160,NA,NOF,0.0,462,pause,NA,NA,NA,NA,0.0,0,-48.97,-42.82,[],0,0,[],[]
12916160,12920040,NA,SIL,0.0,462,pause,NA,NA,NA,NA,0.0,0,-56.89,-50.54,[],0,0,[],[]
12920040,12920840,OCH,CXN,0.0,462,XM,EC,0,NT,FI,0.0,0,-42.89,-37.62,[],0,0,[],[]
12920840,12923080,NA,SIL,0.0,463,pause,NA,NA,NA,NA,0.0,0,-51.01,-38.46,[],0,0,[],[]
12923080,12924920,NA,NOF,0.0,463,pause,NA,NA,NA,NA,0.0,0,-51.1,-43.54,[],0,0,[],[]
12924920,12925720,NA,CXF,0.0,463,pause,NA,NA,NA,NA,0.0,0,-45.83,-37.71,[],0,0,[],[]
12925720,12928030,NA,SIL,0.0,463,pause,NA,NA,NA,NA,0.0,0,-51.21,-40.59,[],0,0,[],[]
12928030,12929230,OCH,CXN,0.0,463,XIC,BC,0,NT,FI,0.0,0,-48.56,-43.05,[],0,0,[],[]
12929230,12931920,NA,SIL,0.0,463,XIC,NA,NA,NA,NA,0.0,0,-53.62,-41.56,[],0,0,[],[]
12931920,12932590,CHI,CHN,0.0,463,XIC,RC,0,NT,FI,1.0,670,-29.81,-23.73,"[{'Canonical-syllable': '0', 'Growl': '1', 'High-freq-energy': '0', 'Long-island': '0', 'Low-tilt-spectrum': '1', 'Medium-island': '1', 'Short-island': '1', 'Squeal': '0', 'Typical-entropy': '0', 'Voicing-quality': '2', 'Wide-band': '0', 'Xlong-island': '0', 'seq': '1', 'end': 12932.59, 'start': 12931.92}]",0,0,[],[]
12932590,12933480,NA,OLF,0.0,463,XIC,NA,NA,NA,NA,0.0,0,-38.38,-29.41,[],0,0,[],[]
12933480,12936120,CHI,CHN,0.0,463,XIC,RC,0,TIFI,FH,2.0,1710,-30.88,-20.29,"[{'Canonical-syllable': '0', 'Growl': '0', 'High-freq-energy': '0', 'Long-island': '0', 'Low-tilt-spectrum': '0', 'Medium-island': '1', 'Short-island': '0', 'Squeal': '0', 'Typical-entropy': '0', 'Voicing-quality': '2', 'Wide-band': '0', 'Xlong-island': '1', 'seq': '1', 'end': 12935.03, 'start': 12933.48}, {'Canonical-syllable': '0', 'Growl': '1', 'High-freq-energy': '1', 'Long-island': '0', 'Low-tilt-spectrum': '1', 'Medium-island': '0', 'Short-island': '1', 'Squeal': '0', 'Typical-entropy': '1', 'Voicing-quality': '0', 'Wide-band': '0', 'Xlong-island': '0', 'seq': '2', 'end': 12935.9, 'start': 12935.74}]",0,0,[],[]
12936120,12936950,NA,SIL,0.0,463,XIC,NA,NA,NA,NA,0.0,0,-50.15,-44.87,[],0,0,[],[]
12936950,12939850,NA,NOF,0.0,463,XIC,NA,NA,NA,NA,0.0,0,-28.57,-11.78,[],0,0,[],[]
12939850,12940660,NA,SIL,0.0,463,XIC,NA,NA,NA,NA,0.0,0,-50.13,-41.31,[],0,0,[],[]
12940660,12941660,FEM,FAN,2.25,463,XIC,EC,1,TIFR,FI,0.0,0,-37.99,-30.14,[],0,0,[],[]
12941660,12942460,NA,FAF,0.0,464,pause,NA,NA,NA,NA,0.0,0,-48.52,-37.83,[],0,0,[],[]
12942460,12943280,NA,OLF,0.0,464,pause,NA,NA,NA,NA,0.0,0,-37.53,-30.64,[],0,0,[],[]
12943280,12944560,NA,NOF,0.0,464,pause,NA,NA,NA,NA,0.0,0,-44.57,-32.63,[],0,0,[],[]
12944560,12947740,NA,SIL,0.0,464,pause,NA,NA,NA,NA,0.0,0,-24.44,-7.44,[],0,0,[],[]
12947740,12949810,NA,NOF,0.0,464,pause,NA,NA,NA,NA,0.0,0,-37.74,-22.98,[],0,0,[],[]
12949810,12950860,NA,MAF,0.0,464,pause,NA,NA,NA,NA,0.0,0,-36.29,-24.47,[],0,0,[],[]
12950860,12957720,NA,SIL,0.0,464,pause,NA,NA,NA,NA,0.0,0,-50.97,-28.43,[],0,0,[],[]
12957720,12962010,NA,NOF,0.0,464,pause,NA,NA,NA,NA,0.0,0,-21.2,-3.86,[],0,0,[],[]
12962010,12962810,NA,OLN,0.0,464,pause,NA,NA,NA,NA,0.0,0,-22.74,-10.81,[],0,0,[],[]
12962810,12963630,NA,NOF,0.0,464,pause,NA,NA,NA,NA,0.0,0,-31.28,-23.81,[],0,0,[],[]
12963630,12964630,NA,FAF,0.0,464,pause,NA,NA,NA,NA,0.0,0,-25.79,-15.76,[],0,0,[],[]
12964630,12966590,NA,SIL,0.0,464,pause,NA,NA,NA,NA,0.0,0,-33.3,-18.51,[],0,0,[],[]
12966590,12968530,NA,NOF,0.0,464,pause,NA,NA,NA,NA,0.0,0,-32.57,-14.86,[],0,0,[],[]
12968530,12970180,NA,OLF,0.0,464,pause,NA,NA,NA,NA,0.0,0,-35.36,-27.17,[],0,0,[],[]
12970180,12971960,NA,NOF,0.0,464,pause,NA,NA,NA,NA,0.0,0,-23.98,-13.43,[],0,0,[],[]
12971960,12972770,NA,OLF,0.0,464,pause,NA,NA,NA,NA,0.0,0,-26.63,-18.03,[],0,0,[],[]
12972770,12975670,NA,SIL,0.0,464,pause,NA,NA,NA,NA,0.0,0,-37.79,-24.07,[],0,0,[],[]
12975670,12978350,NA,OLN,0.0,464,pause,NA,NA,NA,NA,0.0,0,-32.48,-23.76,[],0,0,[],[]
12978350,12981250,NA,NOF,0.0,464,pause,NA,NA,NA,NA,0.0,0,-23.49,-8.81,[],0,0,[],[]
12981250,12982160,NA,OLN,0.0,464,pause,NA,NA,NA,NA,0.0,0,-26.8,-13.96,[],0,0,[],[]
12982160,12982760,CHI,CHN,0.0,464,CM,EC,0,NT,FI,1.0,600,-15.08,-9.67,"[{'Canonical-syllable': '0', 'Growl': '0', 'High-freq-energy': '0', 'Long-island': '0', 'Low-tilt-spectrum': '0', 'Medium-island': '1', 'Short-island': '0', 'Squeal': '0', 'Typical-entropy': '0', 'Voicing-quality': '1', 'Wide-band': '0', 'Xlong-island': '0', 'seq': '1', 'end': 12982.76, 'start': 12982.24}]",0,0,[],[]
12982760,12984220,NA,OLN,0.0,465,pause,NA,NA,NA,NA,0.0,0,-19.33,-5.91,[],0,0,[],[]
12984220,12985030,NA,OLF,0.0,465,pause,NA,NA,NA,NA,0.0,0,-28.37,-19.03,[],0,0,[],[]
12985030,12986030,NA,FAF,0.0,465,pause,NA,NA,NA,NA,0.0,0,-29.91,-21.55,[],0,0,[],[]
12986030,12986950,NA,NOF,0.0,465,pause,NA,NA,NA,NA,0.0,0,-32.58,-22.24,[],0,0,[],[]
12986950,12987950,NA,FAF,0.0,465,pause,NA,NA,NA,NA,0.0,0,-36.12,-26.67,[],0,0,[],[]
12987950,12988900,NA,NOF,0.0,465,pause,NA,NA,NA,NA,0.0,0,-34.2,-21.77,[],0,0,[],[]
12988900,12990490,NA,OLN,0.0,465,pause,NA,NA,NA,NA,0.0,0,-24.26,-6.39,[],0,0,[],[]
12990490,12993610,NA,NOF,0.0,465,pause,NA,NA,NA,NA,0.0,0,-30.24,-8.44,[],0,0,[],[]
12993610,12995010,NA,OLN,0.0,465,pause,NA,NA,NA,NA,0.0,0,-26.25,-9.85,[],0,0,[],[]
12995010,12995810,NA,OLF,0.0,465,pause,NA,NA,NA,NA,0.0,0,-37.4,-28.91,[],0,0,[],[]
12995810,12996940,NA,FAF,0.0,465,pause,NA,NA,NA,NA,0.0,0,-42.9,-37.38,[],0,0,[],[]
12996940,12999850,NA,NOF,0.0,465,pause,NA,NA,NA,NA,0.0,0,-31.49,-16.43,[],0,0,[],[]
12999850,13001730,NA,OLN,0.0,465,pause,NA,NA,NA,NA,0.0,0,-24.61,-7.34,[],0,0,[],[]
13001730,13002540,NA,NON,0.0,465,pause,NA,NA,NA,NA,0.0,0,-21.05,-7.49,[],0,0,[],[]
13002540,13003760,NA,OLF,0.0,465,pause,NA,NA,NA,NA,0.0,0,-33.06,-21.91,[],0,0,[],[]
13003760,13005250,NA,NOF,0.0,465,pause,NA,NA,NA,NA,0.0,0,-22.35,-5.76,[],0,0,[],[]
13005250,13006480,NA,SIL,0.0,465,pause,NA,NA,NA,NA,0.0,0,-51.84,-41.19,[],0,0,[],[]
13006480,13009010,NA,NOF,0.0,465,pause,NA,NA,NA,NA,0.0,0,-41.13,-22.44,[],0,0,[],[]
13009010,13009890,NA,SIL,0.0,465,pause,NA,NA,NA,NA,0.0,0,-55.73,-50.31,[],0,0,[],[]
13009890,13010740,NA,FAF,0.0,465,pause,NA,NA,NA,NA,0.0,0,-48.36,-34.92,[],0,0,[],[]
13010740,13011560,NA,SIL,0.0,465,pause,NA,NA,NA,NA,0.0,0,-44.31,-31.53,[],0,0,[],[]
13011560,13012410,NA,NOF,0.0,465,pause,NA,NA,NA,NA,0.0,0,-46.05,-33.8,[],0,0,[],[]
13012410,13013320,NA,SIL,0.0,465,pause,NA,NA,NA,NA,0.0,0,-56.06,-47.81,[],0,0,[],[]
13013320,13014120,NA,NOF,0.0,465,pause,NA,NA,NA,NA,0.0,0,-52.57,-46.59,[],0,0,[],[]
13014120,13014920,NA,SIL,0.0,465,pause,NA,NA,NA,NA,0.0,0,-49.89,-40.88,[],0,0,[],[]
13014920,13017370,NA,NOF,0.0,465,pause,NA,NA,NA,NA,0.0,0,-27.94,-13.11,[],0,0,[],[]
13017370,13018320,NA,OLN,0.0,465,pause,NA,NA,NA,NA,0.0,0,-15.67,-3.75,[],0,0,[],[]
13018320,13023010,NA,NOF,0.0,465,pause,NA,NA,NA,NA,0.0,0,-18.21,-4.24,[],0,0,[],[]
13023010,13024300,NA,FAF,0.0,465,pause,NA,NA,NA,NA,0.0,0,-36.44,-25.02,[],0,0,[],[]
13024300,13028930,NA,NOF,0.0,465,pause,NA,NA,NA,NA,0.0,0,-25.91,-12.63,[],0,0,[],[]
13028930,13029800,NA,SIL,0.0,465,pause,NA,NA,NA,NA,0.0,0,-31.47,-19.57,[],0,0,[],[]
13029800,13030870,NA,TVF,0.0,465,pause,NA,NA,NA,NA,0.0,0,-35.28,-22.69,[],0,0,[],[]
13030870,13031680,NA,NOF,0.0,465,pause,NA,NA,NA,NA,0.0,0,-34.79,-23.24,[],0,0,[],[]
13031680,13035970,NA,SIL,0.0,465,pause,NA,NA,NA,NA,0.0,0,-34.83,-20.07,[],0,0,[],[]
13035970,13039230,NA,NOF,0.0,465,pause,NA,NA,NA,NA,0.0,0,-27.57,-11.03,[],0,0,[],[]
13039230,13040290,NA,MAF,0.0,465,pause,NA,NA,NA,NA,0.0,0,-27.71,-14.69,[],0,0,[],[]
13040290,13043530,NA,NOF,0.0,465,pause,NA,NA,NA,NA,0.0,0,-33.49,-17.44,[],0,0,[],[]
13043530,13044380,NA,OLN,0.0,465,pause,NA,NA,NA,NA,0.0,0,-28.26,-12.68,[],0,0,[],[]
13044380,13047080,NA,NOF,0.0,465,pause,NA,NA,NA,NA,0.0,0,-30.3,-12.6,[],0,0,[],[]
13047080,13047930,NA,OLN,0.0,465,pause,NA,NA,NA,NA,0.0,0,-25.78,-9.69,[],0,0,[],[]
13047930,13048730,NA,OLF,0.0,465,pause,NA,NA,NA,NA,0.0,0,-41.92,-33.44,[],0,0,[],[]
13048730,13049730,NA,FAF,0.0,465,pause,NA,NA,NA,NA,0.0,0,-44.53,-32.62,[],0,0,[],[]
13049730,13051460,NA,SIL,0.0,465,pause,NA,NA,NA,NA,0.0,0,-50.42,-42.12,[],0,0,[],[]
13051460,13052510,NA,NOF,0.0,465,pause,NA,NA,NA,NA,0.0,0,-17.81,-4.11,[],0,0,[],[]
13052510,13054100,NA,OLF,0.0,465,pause,NA,NA,NA,NA,0.0,0,-23.37,-11.43,[],0,0,[],[]
13054100,13059810,NA,NOF,0.0,465,pause,NA,NA,NA,NA,0.0,0,-23.34,-3.84,[],0,0,[],[]
13059810,13062660,NA,SIL,0.0,465,pause,NA,NA,NA,NA,0.0,0,-51.23,-43.35,[],0,0,[],[]
13062660,13065090,NA,NOF,0.0,465,pause,NA,NA,NA,NA,0.0,0,-34.34,-14.69,[],0,0,[],[]
13065090,13065910,NA,OLF,0.0,465,pause,NA,NA,NA,NA,0.0,0,-21.08,-9.43,[],0,0,[],[]
13065910,13069980,NA,NOF,0.0,465,pause,NA,NA,NA,NA,0.0,0,-22.11,-8.45,[],0,0,[],[]
13069980,13071430,CHI,CHN,0.0,465,CM,BC,0,NT,FI,2.0,1000,-19.42,-11.25,"[{'Canonical-syllable': '1', 'Growl': '0', 'High-freq-energy': '0', 'Long-island': '0', 'Low-tilt-spectrum': '0', 'Medium-island': '1', 'Short-island': '0', 'Squeal': '0', 'Typical-entropy': '1', 'Voicing-quality': '1', 'Wide-band': '0', 'Xlong-island': '0', 'seq': '1', 'end': 13070.27, 'start': 13069.98}, {'Canonical-syllable': '1', 'Growl': '0', 'High-freq-energy': '0', 'Long-island': '0', 'Low-tilt-spectrum': '0', 'Medium-island': '1', 'Short-island': '1', 'Squeal': '0', 'Typical-entropy': '1', 'Voicing-quality': '2', 'Wide-band': '0', 'Xlong-island': '0', 'seq': '2', 'end': 13071.43, 'start': 13070.72}]",0,0,[],[]
13071430,13073000,NA,NOF,0.0,465,CM,NA,NA,NA,NA,0.0,0,-32.34,-18.3,[],0,0,[],[]
13073000,13073610,CHI,CHN,0.0,465,CM,EC,0,NT,FH,1.0,610,-16.8,-11.74,"[{'Canonical-syllable': '1', 'Growl': '0', 'High-freq-energy': '0', 'Long-island': '0', 'Low-tilt-spectrum': '0', 'Medium-island': '1', 'Short-island': '0', 'Squeal': '0', 'Typical-entropy': '0', 'Voicing-quality': '1', 'Wide-band': '0', 'Xlong-island': '0', 'seq': '1', 'end': 13073.61, 'start': 13073.0}]",0,0,[],[]
13073610,13074430,NA,OLN,0.0,466,pause,NA,NA,NA,NA,0.0,0,-31.8,-26.34,[],0,0,[],[]
13074430,13075680,NA,NOF,0.0,466,pause,NA,NA,NA,NA,0.0,0,-16.9,-1.83,[],0,0,[],[]
13075680,13077670,NA,OLN,0.0,466,pause,NA,NA,NA,NA,0.0,0,-36.48,-29.75,[],0,0,[],[]
13077670,13078810,NA,NOF,0.0,466,pause,NA,NA,NA,NA,0.0,0,-26.84,-15.46,[],0,0,[],[]
13078810,13079640,NA,SIL,0.0,466,pause,NA,NA,NA,NA,0.0,0,-47.86,-39.46,[],0,0,[],[]
13079640,13080640,NA,FAF,0.0,466,pause,NA,NA,NA,NA,0.0,0,-38.45,-29.11,[],0,0,[],[]
13080640,13081840,NA,OLN,0.0,466,pause,NA,NA,NA,NA,0.0,0,-30.78,-17.58,[],0,0,[],[]
13081840,13083310,CHI,CHN,0.0,466,CIC,BC,0,TIFI,FI,1.0,1470,-21.8,-13.13,"[{'Canonical-syllable': '1', 'Growl': '0', 'High-freq-energy': '0', 'Long-island': '0', 'Low-tilt-spectrum': '1', 'Medium-island': '0', 'Short-island': '5', 'Squeal': '0', 'Typical-entropy': '3', 'Voicing-quality': '5', 'Wide-band': '0', 'Xlong-island': '0', 'seq': '1', 'end': 13083.31, 'start': 13081.84}]",0,0,[],[]
13083310,13084300,NA,NOF,0.0,466,CIC,NA,NA,NA,NA,0.0,0,-44.07,-33.49,[],0,0,[],[]
13084300,13085320,NA,FAF,0.0,466,CIC,NA,NA,NA,NA,0.0,0,-42.71,-38.28,[],0,0,[],[]
13085320,13086240,NA,NOF,0.0,466,CIC,NA,NA,NA,NA,0.0,0,-47.6,-38.09,[],0,0,[],[]
13086240,13087460,FEM,FAN,5.97,466,CIC,RC,1,TIFR,FI,0.0,0,-35.43,-27.72,[],0,0,[],[]
13087460,13088970,NA,MAF,0.0,466,CIC,NA,NA,NA,NA,0.0,0,-42.24,-34.73,[],0,0,[],[]
13088970,13089880,NA,NOF,0.0,466,CIC,NA,NA,NA,NA,0.0,0,-52.85,-47.32,[],0,0,[],[]
13089880,13091260,NA,SIL,0.0,466,CIC,NA,NA,NA,NA,0.0,0,-54.1,-46.37,[],0,0,[],[]
13091260,13092090,NA,NOF,0.0,466,CIC,NA,NA,NA,NA,0.0,0,-48.56,-43.77,[],0,0,[],[]
13092090,13092690,CHI,CHN,0.0,466,CIC,RC,1,TIFE,FI,1.0,450,-21.55,-14.65,"[{'Canonical-syllable': '0', 'Growl': '0', 'High-freq-energy': '0', 'Long-island': '0', 'Low-tilt-spectrum': '0', 'Medium-island': '1', 'Short-island': '0', 'Squeal': '0', 'Typical-entropy': '0', 'Voicing-quality': '1', 'Wide-band': '0', 'Xlong-island': '0', 'seq': '1', 'end': 13092.54, 'start': 13092.09}]",0,0,[],[]
13092690,13093960,NA,NOF,0.0,466,CIC,NA,NA,NA,NA,0.0,0,-35.68,-17.25,[],0,0,[],[]
13093960,13094560,CHI,CHN,0.0,466,CIC,EC,1,NT,FH,1.0,240,-20.84,-12.44,"[{'Canonical-syllable': '0', 'Growl': '1', 'High-freq-energy': '0', 'Long-island': '0', 'Low-tilt-spectrum': '0', 'Medium-island': '0', 'Short-island': '1', 'Squeal': '0', 'Typical-entropy': '1', 'Voicing-quality': '1', 'Wide-band': '0', 'Xlong-island': '0', 'seq': '1', 'end': 13094.56, 'start': 13094.32}]",0,0,[],[]
13094560,13095360,NA,NOF,0.0,467,pause,NA,NA,NA,NA,0.0,0,-39.43,-25.99,[],0,0,[],[]
13095360,13096360,NA,FAF,0.0,467,pause,NA,NA,NA,NA,0.0,0,-40.28,-33.71,[],0,0,[],[]
13096360,13097400,NA,NOF,0.0,467,pause,NA,NA,NA,NA,0.0,0,-34.67,-22.76,[],0,0,[],[]
13097400,13099880,NA,SIL,0.0,467,pause,NA,NA,NA,NA,0.0,0,-56.79,-41.91,[],0,0,[],[]
13099880,13100900,NA,NOF,0.0,467,pause,NA,NA,NA,NA,0.0,0,-32.27,-17.61,[],0,0,[],[]
13100900,13101700,NA,OLF,0.0,467,pause,NA,NA,NA,NA,0.0,0,-20.05,-11.02,[],0,0,[],[]
13101700,13103650,NA,NOF,0.0,467,pause,NA,NA,NA,NA,0.0,0,-38.99,-29.85,[],0,0,[],[]
13103650,13104460,NA,OLN,0.0,467,pause,NA,NA,NA,NA,0.0,0,-28.18,-21.0,[],0,0,[],[]
13104460,13105340,NA,NOF,0.0,467,pause,NA,NA,NA,NA,0.0,0,-25.66,-16.38,[],0,0,[],[]
13105340,13106340,FEM,FAN,2.79,467,AMF,EC,0,NT,FI,0.0,0,-33.39,-24.0,[],0,0,[],[]
13106340,13107140,NA,NOF,0.0,468,pause,NA,NA,NA,NA,0.0,0,-51.05,-45.64,[],0,0,[],[]
13107140,13108850,NA,SIL,0.0,468,pause,NA,NA,NA,NA,0.0,0,-57.66,-52.56,[],0,0,[],[]
13108850,13109650,NA,NOF,0.0,468,pause,NA,NA,NA,NA,0.0,0,-52.11,-40.42,[],0,0,[],[]
13109650,13110450,NA,SIL,0.0,468,pause,NA,NA,NA,NA,0.0,0,-57.91,-52.95,[],0,0,[],[]
13110450,13112010,NA,NOF,0.0,468,pause,NA,NA,NA,NA,0.0,0,-37.69,-21.17,[],0,0,[],[]
13112010,13112880,CHI,CHN,0.0,468,CM,EC,0,NT,FI,1.0,790,-21.38,-13.94,"[{'Canonical-syllable': '0', 'Growl': '2', 'High-freq-energy': '0', 'Long-island': '0', 'Low-tilt-spectrum': '0', 'Medium-island': '1', 'Short-island': '2', 'Squeal': '0', 'Typical-entropy': '0', 'Voicing-quality': '3', 'Wide-band': '0', 'Xlong-island': '0', 'seq': '1', 'end': 13112.8, 'start': 13112.01}]",0,0,[],[]
13112880,13114260,NA,SIL,0.0,469,pause,NA,NA,NA,NA,0.0,0,-46.67,-36.43,[],0,0,[],[]
13114260,13115420,NA,NOF,0.0,469,pause,NA,NA,NA,NA,0.0,0,-50.68,-42.08,[],0,0,[],[]
13115420,13116220,NA,SIL,0.0,469,pause,NA,NA,NA,NA,0.0,0,-55.39,-50.55,[],0,0,[],[]
13116220,13118360,NA,NOF,0.0,469,pause,NA,NA,NA,NA,0.0,0,-53.67,-43.59,[],0,0,[],[]
13118360,13119360,FEM,FAN,2.19,469,AMF,BC,0,NT,FI,0.0,0,-35.2,-23.63,[],0,0,[],[]
13119360,13120900,NA,FAF,0.0,469,AMF,NA,NA,NA,NA,0.0,0,-50.84,-43.03,[],0,0,[],[]
13120900,13121930,NA,SIL,0.0,469,AMF,NA,NA,NA,NA,0.0,0,-55.95,-48.41,[],0,0,[],[]
13121930,13123620,NA,NOF,0.0,469,AMF,NA,NA,NA,NA,0.0,0,-42.13,-25.92,[],0,0,[],[]
13123620,13124630,FEM,FAN,3.69,469,AMF,EC,0,NT,FH,0.0,0,-28.3,-19.3,[],0,0,[],[]
13124630,13125230,FEM,FAN,0.0,470,pause,NA,NA,NA,NA,0.0,0,-29.76,-24.38,[],600,0,[],[]
13125230,13126120,NA,SIL,0.0,470,pause,NA,NA,NA,NA,0.0,0,-54.81,-47.56,[],0,0,[],[]
13126120,13127030,NA,NOF,0.0,470,pause,NA,NA,NA,NA,0.0,0,-53.92,-47.17,[],0,0,[],[]
13127030,13127830,NA,SIL,0.0,470,pause,NA,NA,NA,NA,0.0,0,-55.77,-48.83,[],0,0,[],[]
13127830,13129970,NA,FAF,0.0,470,pause,NA,NA,NA,NA,0.0,0,-42.8,-30.79,[],0,0,[],[]
13129970,13130770,NA,SIL,0.0,470,pause,NA,NA,NA,NA,0.0,0,-53.55,-39.8,[],0,0,[],[]
13130770,13132530,FEM,FAN,6.39,470,AMF,BC,0,NT,FI,0.0,0,-27.62,-20.95,[],0,0,[],[]
13132530,13133460,NA,SIL,0.0,470,AMF,NA,NA,NA,NA,0.0,0,-58.12,-52.14,[],0,0,[],[]
13133460,13135630,NA,NOF,0.0,470,AMF,NA,NA,NA,NA,0.0,0,-39.96,-23.78,[],0,0,[],[]
13135630,13136890,FEM,FAN,5.95,470,AMF,EC,0,NT,FH,0.0,0,-33.25,-24.25,[],0,0,[],[]
13136890,13138300,NA,OLN,0.0,471,pause,NA,NA,NA,NA,0.0,0,-27.37,-19.06,[],0,0,[],[]
13138300,13139710,NA,NOF,0.0,471,pause,NA,NA,NA,NA,0.0,0,-51.88,-42.05,[],0,0,[],[]
13139710,13140710,NA,FAF,0.0,471,pause,NA,NA,NA,NA,0.0,0,-45.19,-38.51,[],0,0,[],[]
13140710,13141510,NA,OLF,0.0,471,pause,NA,NA,NA,NA,0.0,0,-44.33,-35.72,[],0,0,[],[]
13141510,13142500,NA,CXF,0.0,471,pause,NA,NA,NA,NA,0.0,0,-46.7,-41.41,[],0,0,[],[]
13142500,13143920,NA,SIL,0.0,471,pause,NA,NA,NA,NA,0.0,0,-54.29,-46.78,[],0,0,[],[]
13143920,13144720,NA,NOF,0.0,471,pause,NA,NA,NA,NA,0.0,0,-49.37,-41.31,[],0,0,[],[]
13144720,13145520,NA,SIL,0.0,471,pause,NA,NA,NA,NA,0.0,0,-56.37,-51.58,[],0,0,[],[]
13145520,13147860,NA,NOF,0.0,471,pause,NA,NA,NA,NA,0.0,0,-28.34,-7.72,[],0,0,[],[]
13147860,13148910,NA,SIL,0.0,471,pause,NA,NA,NA,NA,0.0,0,-55.04,-42.52,[],0,0,[],[]
13148910,13150340,NA,NOF,0.0,471,pause,NA,NA,NA,NA,0.0,0,-49.57,-37.31,[],0,0,[],[]
13150340,13153000,NA,SIL,0.0,471,pause,NA,NA,NA,NA,0.0,0,-53.31,-44.1,[],0,0,[],[]
13153000,13155230,NA,NOF,0.0,471,pause,NA,NA,NA,NA,0.0,0,-42.85,-27.79,[],0,0,[],[]
13155230,13155830,OCH,CXN,0.0,471,XM,EC,0,NT,FI,0.0,0,-31.91,-25.1,[],0,0,[],[]
13155830,13156830,NA,FAF,0.0,472,pause,NA,NA,NA,NA,0.0,0,-45.6,-38.97,[],0,0,[],[]
13156830,13157630,NA,SIL,0.0,472,pause,NA,NA,NA,NA,0.0,0,-56.46,-45.71,[],0,0,[],[]
13157630,13163040,NA,NOF,0.0,472,pause,NA,NA,NA,NA,0.0,0,-34.8,-10.29,[],0,0,[],[]
13163040,13163940,FEM,FAN,2.31,472,AMF,EC,0,NT,FI,0.0,0,-27.26,-19.69,[],0,0,[],[]
13163940,13166340,NA,NOF,0.0,473,pause,NA,NA,NA,NA,0.0,0,-44.48,-24.03,[],0,0,[],[]
13166340,13168480,NA,SIL,0.0,473,pause,NA,NA,NA,NA,0.0,0,-54.64,-42.85,[],0,0,[],[]
13168480,13169470,NA,NOF,0.0,473,pause,NA,NA,NA,NA,0.0,0,-48.44,-33.38,[],0,0,[],[]
13169470,13171620,NA,SIL,0.0,473,pause,NA,NA,NA,NA,0.0,0,-51.0,-36.53,[],0,0,[],[]
13171620,13172730,NA,NOF,0.0,473,pause,NA,NA,NA,NA,0.0,0,-21.12,-7.42,[],0,0,[],[]
13172730,13173750,CHI,CHN,0.0,473,CIC,BC,0,TIFI,FI,1.0,410,-25.9,-17.5,"[{'Canonical-syllable': '1', 'Growl': '0', 'High-freq-energy': '0', 'Long-island': '0', 'Low-tilt-spectrum': '1', 'Medium-island': '1', 'Short-island': '0', 'Squeal': '0', 'Typical-entropy': '1', 'Voicing-quality': '1', 'Wide-band': '0', 'Xlong-island': '0', 'seq': '1', 'end': 13173.14, 'start': 13172.73}]",0,0,[],[]
13173750,13174740,NA,SIL,0.0,473,CIC,NA,NA,NA,NA,0.0,0,-54.13,-47.56,[],0,0,[],[]
13174740,13175970,FEM,FAN,3.61,473,CIC,EC,1,TIFR,FI,0.0,0,-42.37,-33.99,[],0,0,[],[]
13175970,13177030,NA,SIL,0.0,474,pause,NA,NA,NA,NA,0.0,0,-56.18,-52.83,[],0,0,[],[]
13177030,13184080,NA,NOF,0.0,474,pause,NA,NA,NA,NA,0.0,0,-27.88,-4.37,[],0,0,[],[]
13184080,13185090,CHI,CHN,0.0,474,CM,BC,0,NT,FI,1.0,660,-21.19,-14.77,"[{'Canonical-syllable': '0', 'Growl': '0', 'High-freq-energy': '0', 'Long-island': '1', 'Low-tilt-spectrum': '0', 'Medium-island': '0', 'Short-island': '0', 'Squeal': '0', 'Typical-entropy': '1', 'Voicing-quality': '1', 'Wide-band': '0', 'Xlong-island': '0', 'seq': '1', 'end': 13184.74, 'start': 13184.08}]",0,0,[],[]
13185090,13186280,CHI,CHN,0.0,474,CM,EC,0,NT,FH,1.0,500,-24.74,-16.04,"[{'Canonical-syllable': '0', 'Growl': '0', 'High-freq-energy': '0', 'Long-island': '0', 'Low-tilt-spectrum': '0', 'Medium-island': '1', 'Short-island': '0', 'Squeal': '0', 'Typical-entropy': '1', 'Voicing-quality': '1', 'Wide-band': '0', 'Xlong-island': '0', 'seq': '1', 'end': 13185.59, 'start': 13185.09}]",0,0,[],[]
13186280,13187160,NA,NOF,0.0,475,pause,NA,NA,NA,NA,0.0,0,-48.89,-40.92,[],0,0,[],[]
13187160,13190030,NA,SIL,0.0,475,pause,NA,NA,NA,NA,0.0,0,-53.05,-39.97,[],0,0,[],[]
13190030,13191470,NA,NOF,0.0,475,pause,NA,NA,NA,NA,0.0,0,-51.56,-45.37,[],0,0,[],[]
13191470,13198550,NA,SIL,0.0,475,pause,NA,NA,NA,NA,0.0,0,-55.27,-44.86,[],0,0,[],[]
13198550,13199360,NA,NOF,0.0,475,pause,NA,NA,NA,NA,0.0,0,-50.52,-43.03,[],0,0,[],[]
13199360,13200380,NA,SIL,0.0,475,pause,NA,NA,NA,NA,0.0,0,-55.68,-50.42,[],0,0,[],[]
13200380,13201180,NA,NOF,0.0,475,pause,NA,NA,NA,NA,0.0,0,-40.68,-24.93,[],0,0,[],[]
13201180,13202830,NA,SIL,0.0,475,pause,NA,NA,NA,NA,0.0,0,-57.11,-50.32,[],0,0,[],[]
13202830,13204180,CHI,CHN,0.0,475,CM,BC,0,NT,FI,2.0,1350,-24.71,-16.28,"[{'Canonical-syllable': '1', 'Growl': '0', 'High-freq-energy': '0', 'Long-island': '0', 'Low-tilt-spectrum': '0', 'Medium-island': '0', 'Short-island': '1', 'Squeal': '0', 'Typical-entropy': '0', 'Voicing-quality': '1', 'Wide-band': '0', 'Xlong-island': '0', 'seq': '1', 'end': 13203.3, 'start': 13203.05}, {'Canonical-syllable': '1', 'Growl': '1', 'High-freq-energy': '0', 'Long-island': '0', 'Low-tilt-spectrum': '1', 'Medium-island': '1', 'Short-island': '1', 'Squeal': '0', 'Typical-entropy': '2', 'Voicing-quality': '1', 'Wide-band': '0', 'Xlong-island': '0', 'seq': '2', 'end': 13204.18, 'start': 13203.6}]",0,0,[],[]
13204180,13206370,NA,OLN,0.0,475,CM,NA,NA,NA,NA,0.0,0,-19.57,-9.05,[],0,0,[],[]
13206370,13207700,NA,NON,0.0,475,CM,NA,NA,NA,NA,0.0,0,-26.16,-11.9,[],0,0,[],[]
13207700,13208360,CHI,CHN,0.0,475,CM,EC,0,NT,FH,1.0,660,-21.12,-11.81,"[{'Canonical-syllable': '0', 'Growl': '0', 'High-freq-energy': '0', 'Long-island': '0', 'Low-tilt-spectrum': '0', 'Medium-island': '0', 'Short-island': '1', 'Squeal': '0', 'Typical-entropy': '1', 'Voicing-quality': '2', 'Wide-band': '0', 'Xlong-island': '0', 'seq': '1', 'end': 13208.36, 'start': 13207.7}]",0,0,[],[]
13208360,13209690,NA,NOF,0.0,476,pause,NA,NA,NA,NA,0.0,0,-36.8,-17.39,[],0,0,[],[]
13209690,13210490,NA,SIL,0.0,476,pause,NA,NA,NA,NA,0.0,0,-50.09,-44.01,[],0,0,[],[]
13210490,13211470,NA,NOF,0.0,476,pause,NA,NA,NA,NA,0.0,0,-43.64,-30.85,[],0,0,[],[]
13211470,13212270,NA,SIL,0.0,476,pause,NA,NA,NA,NA,0.0,0,-54.23,-43.52,[],0,0,[],[]
13212270,13213290,NA,NON,0.0,476,pause,NA,NA,NA,NA,0.0,0,-36.55,-23.82,[],0,0,[],[]
13213290,13214690,NA,OLF,0.0,476,pause,NA,NA,NA,NA,0.0,0,-30.0,-15.95,[],0,0,[],[]
13214690,13216320,NA,NOF,0.0,476,pause,NA,NA,NA,NA,0.0,0,-25.07,-6.48,[],0,0,[],[]
13216320,13218000,NA,OLF,0.0,476,pause,NA,NA,NA,NA,0.0,0,-32.76,-15.49,[],0,0,[],[]
13218000,13218600,CHI,CHN,0.0,476,CIC,BC,0,TIFI,FI,1.0,600,-26.14,-18.35,"[{'Canonical-syllable': '0', 'Growl': '0', 'High-freq-energy': '0', 'Long-island': '0', 'Low-tilt-spectrum': '0', 'Medium-island': '1', 'Short-island': '0', 'Squeal': '0', 'Typical-entropy': '1', 'Voicing-quality': '1', 'Wide-band': '0', 'Xlong-island': '0', 'seq': '1', 'end': 13218.6, 'start': 13218.1}]",0,0,[],[]
13218600,13219400,NA,OLN,0.0,476,CIC,NA,NA,NA,NA,0.0,0,-25.51,-12.82,[],0,0,[],[]
13219400,13221030,FEM,FAN,0.0,476,CIC,NA,NA,NA,NA,0.0,0,-28.77,-23.74,[],1630,0,[],[]
13221030,13222850,FEM,FAN,4.04,476,CIC,RC,1,TIFR,FI,0.0,0,-31.25,-26.91,[],0,0,[],[]
13222850,13224650,CHI,CHN,0.0,476,CIC,NA,NA,NA,NA,0.0,0,-14.54,-5.7,[],0,1720,"[{'start': 13222.85, 'end': 13224.57}]",[]
13224650,13227190,FEM,FAN,6.17,476,CIC,RC,1,NT,FH,0.0,0,-35.08,-24.76,[],0,0,[],[]
13227190,13228400,OCH,CXN,0.0,476,CIC,EC,1,NT,FI,0.0,0,-27.27,-21.85,[],0,0,[],[]
13228400,13229200,NA,NOF,0.0,477,pause,NA,NA,NA,NA,0.0,0,-40.61,-29.99,[],0,0,[],[]
13229200,13230200,FEM,FAN,0.0,477,pause,NA,NA,NA,NA,0.0,0,-32.95,-27.73,[],1000,0,[],[]
13230200,13231300,NA,NON,0.0,477,pause,NA,NA,NA,NA,0.0,0,-33.62,-25.11,[],0,0,[],[]
13231300,13232590,NA,OLF,0.0,477,pause,NA,NA,NA,NA,0.0,0,-25.87,-12.33,[],0,0,[],[]
13232590,13233800,NA,NOF,0.0,477,pause,NA,NA,NA,NA,0.0,0,-20.9,-11.32,[],0,0,[],[]
13233800,13235980,NA,SIL,0.0,477,pause,NA,NA,NA,NA,0.0,0,-48.2,-40.03,[],0,0,[],[]
13235980,13236890,NA,OLF,0.0,477,pause,NA,NA,NA,NA,0.0,0,-30.07,-19.41,[],0,0,[],[]
13236890,13237700,NA,NOF,0.0,477,pause,NA,NA,NA,NA,0.0,0,-32.1,-15.62,[],0,0,[],[]
13237700,13238590,NA,CXF,0.0,477,pause,NA,NA,NA,NA,0.0,0,-47.28,-43.5,[],0,0,[],[]
13238590,13241850,NA,SIL,0.0,477,pause,NA,NA,NA,NA,0.0,0,-51.28,-38.16,[],0,0,[],[]
13241850,13242850,NA,TVF,0.0,477,pause,NA,NA,NA,NA,0.0,0,-51.94,-44.93,[],0,0,[],[]
13242850,13245310,NA,SIL,0.0,477,pause,NA,NA,NA,NA,0.0,0,-53.78,-44.65,[],0,0,[],[]
13245310,13246110,NA,MAF,0.0,477,pause,NA,NA,NA,NA,0.0,0,-43.81,-37.21,[],0,0,[],[]
13246110,13247470,NA,SIL,0.0,477,pause,NA,NA,NA,NA,0.0,0,-55.76,-48.19,[],0,0,[],[]
13247470,13248470,NA,TVF,0.0,477,pause,NA,NA,NA,NA,0.0,0,-41.59,-36.75,[],0,0,[],[]
13248470,13249470,NA,FAF,0.0,477,pause,NA,NA,NA,NA,0.0,0,-44.59,-40.52,[],0,0,[],[]
13249470,13250610,NA,CXF,0.0,477,pause,NA,NA,NA,NA,0.0,0,-44.48,-39.26,[],0,0,[],[]
13250610,13252810,NA,SIL,0.0,477,pause,NA,NA,NA,NA,0.0,0,-45.13,-34.74,[],0,0,[],[]
13252810,13253610,NA,NOF,0.0,477,pause,NA,NA,NA,NA,0.0,0,-44.68,-36.56,[],0,0,[],[]
13253610,13254590,NA,OLF,0.0,477,pause,NA,NA,NA,NA,0.0,0,-41.74,-30.28,[],0,0,[],[]
13254590,13256380,NA,SIL,0.0,477,pause,NA,NA,NA,NA,0.0,0,-49.12,-41.85,[],0,0,[],[]
13256380,13257180,NA,OLF,0.0,477,pause,NA,NA,NA,NA,0.0,0,-41.47,-33.56,[],0,0,[],[]
13257180,13258020,NA,CXF,0.0,477,pause,NA,NA,NA,NA,0.0,0,-44.48,-39.21,[],0,0,[],[]
13258020,13258830,NA,NOF,0.0,477,pause,NA,NA,NA,NA,0.0,0,-48.98,-42.44,[],0,0,[],[]
13258830,13260260,NA,FAF,0.0,477,pause,NA,NA,NA,NA,0.0,0,-47.02,-44.47,[],0,0,[],[]
13260260,13261060,NA,SIL,0.0,477,pause,NA,NA,NA,NA,0.0,0,-56.67,-45.95,[],0,0,[],[]
13261060,13262460,NA,CXF,0.0,477,pause,NA,NA,NA,NA,0.0,0,-48.88,-42.88,[],0,0,[],[]
13262460,13263350,NA,SIL,0.0,477,pause,NA,NA,NA,NA,0.0,0,-43.67,-32.51,[],0,0,[],[]
13263350,13264170,NA,OLF,0.0,477,pause,NA,NA,NA,NA,0.0,0,-47.07,-44.33,[],0,0,[],[]
13264170,13265410,NA,SIL,0.0,477,pause,NA,NA,NA,NA,0.0,0,-51.76,-36.27,[],0,0,[],[]
13265410,13266420,NA,FAF,0.0,477,pause,NA,NA,NA,NA,0.0,0,-44.17,-40.32,[],0,0,[],[]
13266420,13268170,NA,CXF,0.0,477,pause,NA,NA,NA,NA,0.0,0,-47.33,-42.43,[],0,0,[],[]
13268170,13270630,NA,SIL,0.0,477,pause,NA,NA,NA,NA,0.0,0,-52.55,-44.2,[],0,0,[],[]
13270630,13271430,NA,FAF,0.0,477,pause,NA,NA,NA,NA,0.0,0,-47.55,-37.38,[],0,0,[],[]
13271430,13273080,CHI,CHN,0.0,477,CIOCX,BC,0,NT,FI,2.0,970,-25.78,-17.46,"[{'Canonical-syllable': '0', 'Growl': '0', 'High-freq-energy': '0', 'Long-island': '0', 'Low-tilt-spectrum': '0', 'Medium-island': '1', 'Short-island': '0', 'Squeal': '0', 'Typical-entropy': '0', 'Voicing-quality': '1', 'Wide-band': '0', 'Xlong-island': '0', 'seq': '1', 'end': 13271.82, 'start': 13271.43}, {'Canonical-syllable': '0', 'Growl': '1', 'High-freq-energy': '0', 'Long-island': '0', 'Low-tilt-spectrum': '0', 'Medium-island': '1', 'Short-island': '0', 'Squeal': '0', 'Typical-entropy': '0', 'Voicing-quality': '1', 'Wide-band': '0', 'Xlong-island': '0', 'seq': '2', 'end': 13273.08, 'start': 13272.5}]",0,0,[],[]
13273080,13274080,OCH,CXN,0.0,477,CIOCX,RC,0,NT,FI,0.0,0,-26.62,-16.83,[],0,0,[],[]
13274080,13276230,OCH,CXN,0.0,477,CIOCX,RC,0,NT,FH,0.0,0,-22.74,-14.88,[],0,0,[],[]
13276230,13276890,CHI,CHN,0.0,477,CIOCX,RC,0,NT,FI,1.0,530,-22.16,-13.5,"[{'Canonical-syllable': '0', 'Growl': '0', 'High-freq-energy': '0', 'Long-island': '0', 'Low-tilt-spectrum': '0', 'Medium-island': '0', 'Short-island': '1', 'Squeal': '0', 'Typical-entropy': '1', 'Voicing-quality': '1', 'Wide-band': '0', 'Xlong-island': '0', 'seq': '1', 'end': 13276.76, 'start': 13276.52}]",0,0,[],[]
13276890,13278180,OCH,CXN,0.0,477,CIOCX,RC,0,NT,FI,0.0,0,-36.71,-27.14,[],0,0,[],[]
13278180,13279360,NA,SIL,0.0,477,CIOCX,NA,NA,NA,NA,0.0,0,-61.25,-50.87,[],0,0,[],[]
13279360,13280360,NA,SIL,0.0,477,CIOCX,NA,NA,NA,NA,0.0,0,-58.54,-52.49,[],0,0,[],[]
13280360,13282150,NA,SIL,0.0,477,CIOCX,NA,NA,NA,NA,0.0,0,-55.99,-40.49,[],0,0,[],[]
13282150,13282960,NA,NOF,0.0,477,CIOCX,NA,NA,NA,NA,0.0,0,-45.82,-32.66,[],0,0,[],[]
13282960,13284410,CHI,CHN,0.0,477,CIOCX,RC,0,NT,FI,1.0,1450,-20.39,-11.1,"[{'Canonical-syllable': '1', 'Growl': '1', 'High-freq-energy': '0', 'Long-island': '0', 'Low-tilt-spectrum': '0', 'Medium-island': '2', 'Short-island': '1', 'Squeal': '0', 'Typical-entropy': '0', 'Voicing-quality': '3', 'Wide-band': '0', 'Xlong-island': '0', 'seq': '1', 'end': 13284.41, 'start': 13282.96}]",0,0,[],[]
13284410,13285410,CHI,CHN,0.0,477,CIOCX,RC,0,NT,FH,1.0,1000,-20.14,-13.74,"[{'Canonical-syllable': '0', 'Growl': '0', 'High-freq-energy': '0', 'Long-island': '0', 'Low-tilt-spectrum': '0', 'Medium-island': '2', 'Short-island': '0', 'Squeal': '1', 'Typical-entropy': '0', 'Voicing-quality': '2', 'Wide-band': '0', 'Xlong-island': '0', 'seq': '1', 'end': 13285.41, 'start': 13284.41}]",0,0,[],[]
13285410,13286010,CHI,CHN,0.0,477,CIOCX,RC,0,NT,FH,1.0,600,-25.06,-15.48,"[{'Canonical-syllable': '0', 'Growl': '0', 'High-freq-energy': '0', 'Long-island': '0', 'Low-tilt-spectrum': '1', 'Medium-island': '1', 'Short-island': '0', 'Squeal': '1', 'Typical-entropy': '0', 'Voicing-quality': '1', 'Wide-band': '0', 'Xlong-island': '0', 'seq': '1', 'end': 13286.01, 'start': 13285.41}]",0,0,[],[]
13286010,13287030,CHI,CHN,0.0,477,CIOCX,NA,NA,NA,NA,0.0,0,-26.07,-17.35,[],0,1020,"[{'start': 13286.01, 'end': 13287.03}]",[]
13287030,13289960,CHI,CHN,0.0,477,CIOCX,RC,0,NT,FH,2.0,2270,-24.75,-14.34,"[{'Canonical-syllable': '0', 'Growl': '0', 'High-freq-energy': '0', 'Long-island': '0', 'Low-tilt-spectrum': '0', 'Medium-island': '1', 'Short-island': '0', 'Squeal': '0', 'Typical-entropy': '0', 'Voicing-quality': '1', 'Wide-band': '0', 'Xlong-island': '0', 'seq': '1', 'end': 13287.37, 'start': 13287.03}, {'Canonical-syllable': '2', 'Growl': '0', 'High-freq-energy': '0', 'Long-island': '0', 'Low-tilt-spectrum': '0', 'Medium-island': '1', 'Short-island': '4', 'Squeal': '0', 'Typical-entropy': '1', 'Voicing-quality': '5', 'Wide-band': '0', 'Xlong-island': '0', 'seq': '2', 'end': 13289.96, 'start': 13288.03}]",0,0,[],[]
13289960,13290960,CHI,CHN,0.0,477,CIOCX,RC,0,NT,FH,2.0,550,-18.57,-11.63,"[{'Canonical-syllable': '0', 'Growl': '0', 'High-freq-energy': '0', 'Long-island': '0', 'Low-tilt-spectrum': '0', 'Medium-island': '1', 'Short-island': '0', 'Squeal': '0', 'Typical-entropy': '0', 'Voicing-quality': '1', 'Wide-band': '0', 'Xlong-island': '0', 'seq': '1', 'end': 13290.32, 'start': 13289.96}, {'Canonical-syllable': '0', 'Growl': '0', 'High-freq-energy': '0', 'Long-island': '0', 'Low-tilt-spectrum': '1', 'Medium-island': '0', 'Short-island': '1', 'Squeal': '0', 'Typical-entropy': '1', 'Voicing-quality': '1', 'Wide-band': '1', 'Xlong-island': '0', 'seq': '2', 'end': 13290.96, 'start': 13290.77}]",0,0,[],[]
13290960,13292510,CHI,CHN,0.0,477,CIOCX,RC,0,NT,FH,2.0,1150,-23.58,-11.88,"[{'Canonical-syllable': '0', 'Growl': '0', 'High-freq-energy': '0', 'Long-island': '0', 'Low-tilt-spectrum': '0', 'Medium-island': '0', 'Short-island': '1', 'Squeal': '0', 'Typical-entropy': '0', 'Voicing-quality': '1', 'Wide-band': '0', 'Xlong-island': '0', 'seq': '1', 'end': 13291.17, 'start': 13290.96}, {'Canonical-syllable': '0', 'Growl': '0', 'High-freq-energy': '0', 'Long-island': '1', 'Low-tilt-spectrum': '0', 'Medium-island': '0', 'Short-island': '0', 'Squeal': '0', 'Typical-entropy': '0', 'Voicing-quality': '1', 'Wide-band': '0', 'Xlong-island': '0', 'seq': '2', 'end': 13292.51, 'start': 13291.57}]",0,0,[],[]
13292510,13293310,NA,CHF,0.0,477,CIOCX,NA,NA,NA,NA,0.0,0,-46.56,-34.44,[],0,800,[],"[{'start': 13292.51, 'end': 13293.31}]"
13293310,13297530,CHI,CHN,0.0,477,CIOCX,EC,0,NT,FH,3.0,2560,-21.36,-12.19,"[{'Canonical-syllable': '0', 'Growl': '0', 'High-freq-energy': '0', 'Long-island': '1', 'Low-tilt-spectrum': '0', 'Medium-island': '0', 'Short-island': '0', 'Squeal': '0', 'Typical-entropy': '0', 'Voicing-quality': '2', 'Wide-band': '0', 'Xlong-island': '1', 'seq': '1', 'end': 13295.04, 'start': 13293.31}, {'Canonical-syllable': '1', 'Growl': '0', 'High-freq-energy': '0', 'Long-island': '0', 'Low-tilt-spectrum': '0', 'Medium-island': '0', 'Short-island': '1', 'Squeal': '0', 'Typical-entropy': '0', 'Voicing-quality': '1', 'Wide-band': '0', 'Xlong-island': '0', 'seq': '2', 'end': 13295.91, 'start': 13295.74}, {'Canonical-syllable': '0', 'Growl': '0', 'High-freq-energy': '0', 'Long-island': '1', 'Low-tilt-spectrum': '0', 'Medium-island': '0', 'Short-island': '0', 'Squeal': '0', 'Typical-entropy': '0', 'Voicing-quality': '1', 'Wide-band': '0', 'Xlong-island': '0', 'seq': '3', 'end': 13297.27, 'start': 13296.61}]",0,0,[],[]
13297530,13302940,NA,SIL,0.0,478,pause,NA,NA,NA,NA,0.0,0,-53.26,-35.81,[],0,0,[],[]
13302940,13304050,OCH,CXN,0.0,478,XIC,BC,0,NT,FI,0.0,0,-50.39,-44.07,[],0,0,[],[]
13304050,13305060,NA,SIL,0.0,478,XIC,NA,NA,NA,NA,0.0,0,-61.66,-49.12,[],0,0,[],[]
13305060,13305950,CHI,CHN,0.0,478,XIC,RC,0,NT,FI,1.0,420,-12.1,-4.27,"[{'Canonical-syllable': '0', 'Growl': '0', 'High-freq-energy': '0', 'Long-island': '0', 'Low-tilt-spectrum': '1', 'Medium-island': '1', 'Short-island': '0', 'Squeal': '0', 'Typical-entropy': '1', 'Voicing-quality': '1', 'Wide-band': '0', 'Xlong-island': '0', 'seq': '1', 'end': 13305.48, 'start': 13305.14}]",0,0,[],[]
13305950,13307230,NA,SIL,0.0,478,XIC,NA,NA,NA,NA,0.0,0,-37.51,-36.26,[],0,0,[],[]
13307230,13309160,CHI,CHN,0.0,478,XIC,RC,0,TIFI,FH,2.0,1280,-15.13,-5.06,"[{'Canonical-syllable': '0', 'Growl': '0', 'High-freq-energy': '0', 'Long-island': '0', 'Low-tilt-spectrum': '1', 'Medium-island': '0', 'Short-island': '1', 'Squeal': '0', 'Typical-entropy': '1', 'Voicing-quality': '1', 'Wide-band': '0', 'Xlong-island': '0', 'seq': '1', 'end': 13307.52, 'start': 13307.23}, {'Canonical-syllable': '0', 'Growl': '0', 'High-freq-energy': '0', 'Long-island': '0', 'Low-tilt-spectrum': '1', 'Medium-island': '0', 'Short-island': '0', 'Squeal': '0', 'Typical-entropy': '0', 'Voicing-quality': '1', 'Wide-band': '0', 'Xlong-island': '1', 'seq': '2', 'end': 13308.83, 'start': 13307.84}]",0,0,[],[]
13309160,13310400,NA,SIL,0.0,478,XIC,NA,NA,NA,NA,0.0,0,-38.84,-37.39,[],0,0,[],[]
13310400,13311000,FEM,FAN,2.53,478,XIC,RC,1,TIFR,FI,0.0,0,-35.82,-32.06,[],0,0,[],[]
13311000,13312500,NA,SIL,0.0,478,XIC,NA,NA,NA,NA,0.0,0,-42.12,-40.5,[],0,0,[],[]
13312500,13313490,NA,NOF,0.0,478,XIC,NA,NA,NA,NA,0.0,0,-43.9,-40.86,[],0,0,[],[]
13313490,13314750,CHI,CHN,0.0,478,XIC,RC,1,TIFI,FI,2.0,790,-17.16,-11.55,"[{'Canonical-syllable': '1', 'Growl': '0', 'High-freq-energy': '0', 'Long-island': '0', 'Low-tilt-spectrum': '0', 'Medium-island': '1', 'Short-island': '0', 'Squeal': '0', 'Typical-entropy': '0', 'Voicing-quality': '1', 'Wide-band': '0', 'Xlong-island': '0', 'seq': '1', 'end': 13314.01, 'start': 13313.49}, {'Canonical-syllable': '0', 'Growl': '0', 'High-freq-energy': '0', 'Long-island': '0', 'Low-tilt-spectrum': '0', 'Medium-island': '0', 'Short-island': '1', 'Squeal': '0', 'Typical-entropy': '0', 'Voicing-quality': '1', 'Wide-band': '0', 'Xlong-island': '0', 'seq': '2', 'end': 13314.75, 'start': 13314.48}]",0,0,[],[]
13314750,13315760,FEM,FAN,6.42,478,XIC,RC,2,TIFR,FI,0.0,0,-27.54,-13.97,[],0,0,[],[]
13315760,13316560,CHI,CHN,0.0,478,XIC,RC,2,TIFE,FI,1.0,800,-23.43,-20.47,"[{'Canonical-syllable': '0', 'Growl': '0', 'High-freq-energy': '0', 'Long-island': '1', 'Low-tilt-spectrum': '0', 'Medium-island': '0', 'Short-island': '0', 'Squeal': '0', 'Typical-entropy': '0', 'Voicing-quality': '1', 'Wide-band': '0', 'Xlong-island': '0', 'seq': '1', 'end': 13316.56, 'start': 13315.76}]",0,0,[],[]
13316560,13317580,NA,SIL,0.0,478,XIC,NA,NA,NA,NA,0.0,0,-50.63,-45.61,[],0,0,[],[]
13317580,13318980,CHI,CHN,0.0,478,XIC,RC,2,NT,FH,1.0,1400,-26.23,-19.25,"[{'Canonical-syllable': '0', 'Growl': '1', 'High-freq-energy': '0', 'Long-island': '1', 'Low-tilt-spectrum': '0', 'Medium-island': '1', 'Short-island': '0', 'Squeal': '0', 'Typical-entropy': '2', 'Voicing-quality': '2', 'Wide-band': '0', 'Xlong-island': '0', 'seq': '1', 'end': 13318.98, 'start': 13317.58}]",0,0,[],[]
13318980,13319980,OCH,CXN,0.0,478,XIC,RC,2,NT,FI,0.0,0,-25.85,-19.95,[],0,0,[],[]
13319980,13320860,CHI,CHN,0.0,478,XIC,RC,2,NT,FI,1.0,220,-26.17,-17.87,"[{'Canonical-syllable': '0', 'Growl': '0', 'High-freq-energy': '0', 'Long-island': '0', 'Low-tilt-spectrum': '0', 'Medium-island': '0', 'Short-island': '1', 'Squeal': '0', 'Typical-entropy': '0', 'Voicing-quality': '1', 'Wide-band': '0', 'Xlong-island': '0', 'seq': '1', 'end': 13320.57, 'start': 13320.35}]",0,0,[],[]
13320860,13327030,CHI,CHN,0.0,478,XIC,RC,2,NT,FH,4.0,3410,-25.53,-11.62,"[{'Canonical-syllable': '0', 'Growl': '0', 'High-freq-energy': '0', 'Long-island': '0', 'Low-tilt-spectrum': '0', 'Medium-island': '2', 'Short-island': '0', 'Squeal': '0', 'Typical-entropy': '0', 'Voicing-quality': '3', 'Wide-band': '0', 'Xlong-island': '0', 'seq': '1', 'end': 13322.03, 'start': 13320.86}, {'Canonical-syllable': '0', 'Growl': '0', 'High-freq-energy': '0', 'Long-island': '0', 'Low-tilt-spectrum': '0', 'Medium-island': '1', 'Short-island': '0', 'Squeal': '0', 'Typical-entropy': '0', 'Voicing-quality': '1', 'Wide-band': '0', 'Xlong-island': '0', 'seq': '2', 'end': 13322.88, 'start': 13322.57}, {'Canonical-syllable': '1', 'Growl': '0', 'High-freq-energy': '0', 'Long-island': '0', 'Low-tilt-spectrum': '0', 'Medium-island': '2', 'Short-island': '0', 'Squeal': '0', 'Typical-entropy': '2', 'Voicing-quality': '2', 'Wide-band': '0', 'Xlong-island': '0', 'seq': '3', 'end': 13324.19, 'start': 13323.29}, {'Canonical-syllable': '0', 'Growl': '1', 'High-freq-energy': '0', 'Long-island': '0', 'Low-tilt-spectrum': '0', 'Medium-island': '0', 'Short-island': '0', 'Squeal': '0', 'Typical-entropy': '0', 'Voicing-quality': '1', 'Wide-band': '0', 'Xlong-island': '1', 'seq': '4', 'end': 13327.03, 'start': 13326.0}]",0,0,[],[]
13327030,13327850,OCH,CXN,0.0,478,XIC,EC,2,NT,FI,0.0,0,-39.47,-31.55,[],0,0,[],[]
13327850,13328650,NA,OLN,0.0,479,pause,NA,NA,NA,NA,0.0,0,-16.09,-4.82,[],0,0,[],[]
13328650,13329450,NA,NON,0.0,479,pause,NA,NA,NA,NA,0.0,0,-16.12,-4.28,[],0,0,[],[]
13329450,13330450,NA,SIL,0.0,479,pause,NA,NA,NA,NA,0.0,0,-46.57,-39.85,[],0,0,[],[]
13330450,13331520,NA,NOF,0.0,479,pause,NA,NA,NA,NA,0.0,0,-44.46,-32.08,[],0,0,[],[]
13331520,13332990,NA,FAF,0.0,479,pause,NA,NA,NA,NA,0.0,0,-42.03,-34.0,[],0,0,[],[]
13332990,13333850,CHI,CHN,0.0,479,CM,BC,0,NT,FI,1.0,470,-46.84,-39.23,"[{'Canonical-syllable': '0', 'Growl': '0', 'High-freq-energy': '0', 'Long-island': '0', 'Low-tilt-spectrum': '1', 'Medium-island': '1', 'Short-island': '0', 'Squeal': '0', 'Typical-entropy': '0', 'Voicing-quality': '1', 'Wide-band': '0', 'Xlong-island': '0', 'seq': '1', 'end': 13333.46, 'start': 13332.99}]",0,0,[],[]
13333850,13334750,CHI,CHN,0.0,479,CM,RC,0,NT,FH,1.0,590,-23.72,-15.96,"[{'Canonical-syllable': '0', 'Growl': '0', 'High-freq-energy': '0', 'Long-island': '0', 'Low-tilt-spectrum': '1', 'Medium-island': '1', 'Short-island': '0', 'Squeal': '0', 'Typical-entropy': '1', 'Voicing-quality': '1', 'Wide-band': '0', 'Xlong-island': '0', 'seq': '1', 'end': 13334.44, 'start': 13333.85}]",0,0,[],[]
13334750,13335750,FEM,FAN,0.0,479,CM,NA,NA,NA,NA,0.0,0,-45.9,-42.89,[],1000,0,[],[]
13335750,13336790,CHI,CHN,0.0,479,CM,EC,0,NT,FH,1.0,560,-17.14,-6.87,"[{'Canonical-syllable': '0', 'Growl': '0', 'High-freq-energy': '0', 'Long-island': '0', 'Low-tilt-spectrum': '1', 'Medium-island': '1', 'Short-island': '1', 'Squeal': '0', 'Typical-entropy': '2', 'Voicing-quality': '2', 'Wide-band': '0', 'Xlong-island': '0', 'seq': '1', 'end': 13336.68, 'start': 13336.12}]",0,0,[],[]
13336790,13337790,FEM,FAN,0.0,480,pause,NA,NA,NA,NA,0.0,0,-41.38,-32.06,[],1000,0,[],[]
13337790,13339180,NA,NOF,0.0,480,pause,NA,NA,NA,NA,0.0,0,-27.91,-10.7,[],0,0,[],[]
13339180,13340000,NA,NON,0.0,480,pause,NA,NA,NA,NA,0.0,0,-29.27,-18.06,[],0,0,[],[]
13340000,13341990,NA,OLF,0.0,480,pause,NA,NA,NA,NA,0.0,0,-22.21,-5.81,[],0,0,[],[]
13341990,13343110,NA,NON,0.0,480,pause,NA,NA,NA,NA,0.0,0,-21.76,-12.32,[],0,0,[],[]
13343110,13343950,NA,OLN,0.0,480,pause,NA,NA,NA,NA,0.0,0,-17.7,-9.85,[],0,0,[],[]
13343950,13345880,CHI,CHN,0.0,480,pause,NA,NA,NA,NA,0.0,0,-14.04,-4.23,[],0,1690,"[{'start': 13343.95, 'end': 13345.64}]",[]
13345880,13346680,NA,FAF,0.0,480,pause,NA,NA,NA,NA,0.0,0,-37.48,-20.94,[],0,0,[],[]
13346680,13348650,FEM,FAN,4.86,480,AICF,BC,0,TIFI,FI,0.0,0,-40.64,-27.46,[],0,0,[],[]
13348650,13349490,CHI,CHN,0.0,480,AICF,RC,1,TIFR,FI,1.0,350,-18.34,-10.75,"[{'Canonical-syllable': '0', 'Growl': '0', 'High-freq-energy': '0', 'Long-island': '0', 'Low-tilt-spectrum': '1', 'Medium-island': '1', 'Short-island': '0', 'Squeal': '0', 'Typical-entropy': '1', 'Voicing-quality': '1', 'Wide-band': '0', 'Xlong-island': '0', 'seq': '1', 'end': 13349.49, 'start': 13349.14}]",0,0,[],[]
13349490,13350440,NA,NOF,0.0,480,AICF,NA,NA,NA,NA,0.0,0,-39.51,-21.23,[],0,0,[],[]
13350440,13351430,NA,OLN,0.0,480,AICF,NA,NA,NA,NA,0.0,0,-33.41,-23.83,[],0,0,[],[]
13351430,13352580,FEM,FAN,4.56,480,AICF,RC,1,TIFE,FI,0.0,0,-40.45,-31.93,[],0,0,[],[]
13352580,13355650,NA,SIL,0.0,480,AICF,NA,NA,NA,NA,0.0,0,-50.6,-40.21,[],0,0,[],[]
13355650,13357200,NA,TVN,0.0,480,AICF,NA,NA,NA,NA,0.0,0,-44.98,-37.95,[],0,0,[],[]
13357200,13358300,FEM,FAN,2.74,480,AICF,RC,1,NT,FH,0.0,0,-37.74,-26.43,[],0,0,[],[]
13358300,13359280,NA,SIL,0.0,480,AICF,NA,NA,NA,NA,0.0,0,-48.11,-37.61,[],0,0,[],[]
13359280,13360280,FEM,FAN,2.62,480,AICF,EC,1,NT,FH,0.0,0,-47.0,-36.48,[],0,0,[],[]
13360280,13362160,NA,SIL,0.0,481,pause,NA,NA,NA,NA,0.0,0,-46.92,-38.24,[],0,0,[],[]
13362160,13363160,NA,TVF,0.0,481,pause,NA,NA,NA,NA,0.0,0,-41.91,-33.67,[],0,0,[],[]
13363160,13371130,NA,SIL,0.0,481,pause,NA,NA,NA,NA,0.0,0,-46.9,-32.47,[],0,0,[],[]
13371130,13372450,FEM,FAN,6.24,481,AMF,EC,0,NT,FI,0.0,0,-38.61,-32.5,[],0,0,[],[]
13372450,13375110,NA,OLN,0.0,482,pause,NA,NA,NA,NA,0.0,0,-31.64,-14.49,[],0,0,[],[]
13375110,13375910,NA,NOF,0.0,482,pause,NA,NA,NA,NA,0.0,0,-21.83,-12.18,[],0,0,[],[]
13375910,13378220,NA,FAF,0.0,482,pause,NA,NA,NA,NA,0.0,0,-38.47,-18.66,[],0,0,[],[]
13378220,13379040,NA,OLN,0.0,482,pause,NA,NA,NA,NA,0.0,0,-26.7,-15.02,[],0,0,[],[]
13379040,13380230,OCH,CXN,0.0,482,XM,EC,0,NT,FI,0.0,0,-24.03,-16.35,[],0,0,[],[]
13380230,13383730,NA,NOF,0.0,483,pause,NA,NA,NA,NA,0.0,0,-31.03,-17.82,[],0,0,[],[]
13383730,13384810,NA,SIL,0.0,483,pause,NA,NA,NA,NA,0.0,0,-54.22,-42.2,[],0,0,[],[]
13384810,13387590,NA,NOF,0.0,483,pause,NA,NA,NA,NA,0.0,0,-22.54,-3.46,[],0,0,[],[]
13387590,13388410,NA,SIL,0.0,483,pause,NA,NA,NA,NA,0.0,0,-51.66,-44.54,[],0,0,[],[]
13388410,13389970,NA,NOF,0.0,483,pause,NA,NA,NA,NA,0.0,0,-28.6,-13.52,[],0,0,[],[]
13389970,13390650,CHI,CHN,0.0,483,CM,EC,0,NT,FI,1.0,680,-21.87,-12.94,"[{'Canonical-syllable': '0', 'Growl': '0', 'High-freq-energy': '1', 'Long-island': '0', 'Low-tilt-spectrum': '1', 'Medium-island': '1', 'Short-island': '1', 'Squeal': '0', 'Typical-entropy': '2', 'Voicing-quality': '2', 'Wide-band': '0', 'Xlong-island': '0', 'seq': '1', 'end': 13390.65, 'start': 13389.97}]",0,0,[],[]
13390650,13394440,NA,NON,0.0,484,pause,NA,NA,NA,NA,0.0,0,-18.34,-0.66,[],0,0,[],[]
13394440,13395590,NA,SIL,0.0,484,pause,NA,NA,NA,NA,0.0,0,-54.97,-43.01,[],0,0,[],[]
13395590,13396550,NA,NOF,0.0,484,pause,NA,NA,NA,NA,0.0,0,-38.17,-21.32,[],0,0,[],[]
13396550,13399450,CHI,CHN,0.0,484,CM,BC,0,NT,FI,2.0,2430,-18.0,-4.81,"[{'Canonical-syllable': '1', 'Growl': '0', 'High-freq-energy': '0', 'Long-island': '1', 'Low-tilt-spectrum': '1', 'Medium-island': '1', 'Short-island': '1', 'Squeal': '0', 'Typical-entropy': '3', 'Voicing-quality': '3', 'Wide-band': '0', 'Xlong-island': '0', 'seq': '1', 'end': 13397.97, 'start': 13396.55}, {'Canonical-syllable': '0', 'Growl': '1', 'High-freq-energy': '0', 'Long-island': '0', 'Low-tilt-spectrum': '0', 'Medium-island': '1', 'Short-island': '1', 'Squeal': '0', 'Typical-entropy': '1', 'Voicing-quality': '2', 'Wide-band': '0', 'Xlong-island': '0', 'seq': '2', 'end': 13399.31, 'start': 13398.3}]",0,0,[],[]
13399450,13400250,NA,CHF,0.0,484,CM,RC,0,NT,FH,1.0,540,-38.54,-24.63,"[{'Canonical-syllable': '0', 'Growl': '2', 'High-freq-energy': '0', 'Long-island': '0', 'Low-tilt-spectrum': '2', 'Medium-island': '0', 'Short-island': '2', 'Squeal': '0', 'Typical-entropy': '1', 'Voicing-quality': '0', 'Wide-band': '0', 'Xlong-island': '0', 'seq': '1', 'end': 13399.99, 'start': 13399.45}]",0,0,[],[]
13400250,13401110,CHI,CHN,0.0,484,CM,EC,0,NT,FH,1.0,860,-19.51,-12.57,"[{'Canonical-syllable': '0', 'Growl': '0', 'High-freq-energy': '0', 'Long-island': '1', 'Low-tilt-spectrum': '1', 'Medium-island': '0', 'Short-island': '0', 'Squeal': '0', 'Typical-entropy': '1', 'Voicing-quality': '1', 'Wide-band': '0', 'Xlong-island': '0', 'seq': '1', 'end': 13401.11, 'start': 13400.25}]",0,0,[],[]
13401110,13402610,NA,NOF,0.0,485,pause,NA,NA,NA,NA,0.0,0,-30.94,-15.65,[],0,0,[],[]
13402610,13403420,NA,SIL,0.0,485,pause,NA,NA,NA,NA,0.0,0,-52.8,-43.8,[],0,0,[],[]
13403420,13407010,NA,NOF,0.0,485,pause,NA,NA,NA,NA,0.0,0,-47.59,-29.6,[],0,0,[],[]
13407010,13408220,NA,SIL,0.0,485,pause,NA,NA,NA,NA,0.0,0,-56.64,-45.56,[],0,0,[],[]
13408220,13409970,NA,NOF,0.0,485,pause,NA,NA,NA,NA,0.0,0,-44.42,-27.85,[],0,0,[],[]
13409970,13410750,CHI,CHN,0.0,485,CIC,BC,0,NT,FI,1.0,780,-15.83,-9.37,"[{'Canonical-syllable': '1', 'Growl': '0', 'High-freq-energy': '0', 'Long-island': '0', 'Low-tilt-spectrum': '0', 'Medium-island': '1', 'Short-island': '1', 'Squeal': '1', 'Typical-entropy': '2', 'Voicing-quality': '2', 'Wide-band': '0', 'Xlong-island': '0', 'seq': '1', 'end': 13410.75, 'start': 13409.97}]",0,0,[],[]
13410750,13412160,OCH,CXN,0.0,485,CIC,RC,0,NT,FI,0.0,0,-24.41,-12.88,[],0,0,[],[]
13412160,13414630,CHI,CHN,0.0,485,CIC,RC,0,NT,FI,1.0,2160,-17.84,-5.72,"[{'Canonical-syllable': '0', 'Growl': '0', 'High-freq-energy': '0', 'Long-island': '0', 'Low-tilt-spectrum': '0', 'Medium-island': '2', 'Short-island': '0', 'Squeal': '0', 'Typical-entropy': '3', 'Voicing-quality': '3', 'Wide-band': '0', 'Xlong-island': '1', 'seq': '1', 'end': 13414.32, 'start': 13412.16}]",0,0,[],[]
13414630,13415430,NA,OLF,0.0,485,CIC,NA,NA,NA,NA,0.0,0,-43.43,-35.28,[],0,0,[],[]
13415430,13416630,OCH,CXN,0.0,485,CIC,RC,0,NT,FI,0.0,0,-21.31,-3.12,[],0,0,[],[]
13416630,13417440,OCH,CXN,0.0,485,CIC,RC,0,NT,FH,0.0,0,-42.02,-32.9,[],0,0,[],[]
13417440,13418310,NA,SIL,0.0,485,CIC,NA,NA,NA,NA,0.0,0,-48.68,-44.1,[],0,0,[],[]
13418310,13419110,OCH,CXN,0.0,485,CIC,RC,0,NT,FH,0.0,0,-26.23,-19.54,[],0,0,[],[]
13419110,13420010,NA,OLF,0.0,485,CIC,NA,NA,NA,NA,0.0,0,-27.12,-9.48,[],0,0,[],[]
13420010,13420930,OCH,CXN,0.0,485,CIC,RC,0,NT,FH,0.0,0,-41.32,-34.84,[],0,0,[],[]
13420930,13421800,NA,NOF,0.0,485,CIC,NA,NA,NA,NA,0.0,0,-20.38,-8.23,[],0,0,[],[]
13421800,13422790,CHI,CHN,0.0,485,CIC,RC,0,TIFI,FI,1.0,790,-23.07,-15.12,"[{'Canonical-syllable': '0', 'Growl': '0', 'High-freq-energy': '0', 'Long-island': '1', 'Low-tilt-spectrum': '0', 'Medium-island': '0', 'Short-island': '0', 'Squeal': '0', 'Typical-entropy': '0', 'Voicing-quality': '1', 'Wide-band': '0', 'Xlong-island': '0', 'seq': '1', 'end': 13422.59, 'start': 13421.88}]",0,0,[],[]
13422790,13424570,FEM,FAN,6.04,485,CIC,RC,1,TIFR,FI,0.0,0,-38.03,-30.97,[],0,0,[],[]
13424570,13425430,NA,NOF,0.0,485,CIC,NA,NA,NA,NA,0.0,0,-46.91,-34.98,[],0,0,[],[]
13425430,13426530,FEM,FAN,0.0,485,CIC,NA,NA,NA,NA,0.0,0,-44.33,-36.8,[],1100,0,[],[]
13426530,13428150,NA,SIL,0.0,485,CIC,NA,NA,NA,NA,0.0,0,-56.29,-48.12,[],0,0,[],[]
13428150,13429070,NA,FAF,0.0,485,CIC,NA,NA,NA,NA,0.0,0,-49.71,-39.61,[],0,0,[],[]
13429070,13430910,CHI,CHN,0.0,485,CIC,RC,1,TIFE,FI,1.0,1840,-16.43,-9.96,"[{'Canonical-syllable': '1', 'Growl': '1', 'High-freq-energy': '0', 'Long-island': '0', 'Low-tilt-spectrum': '1', 'Medium-island': '2', 'Short-island': '2', 'Squeal': '0', 'Typical-entropy': '3', 'Voicing-quality': '5', 'Wide-band': '0', 'Xlong-island': '0', 'seq': '1', 'end': 13430.91, 'start': 13429.07}]",0,0,[],[]
13430910,13432000,NA,NOF,0.0,485,CIC,NA,NA,NA,NA,0.0,0,-47.75,-36.11,[],0,0,[],[]
13432000,13433160,NA,SIL,0.0,485,CIC,NA,NA,NA,NA,0.0,0,-57.71,-50.05,[],0,0,[],[]
13433160,13433980,CHI,CHN,0.0,485,CIC,RC,1,NT,FH,1.0,150,-24.65,-10.54,"[{'Canonical-syllable': '1', 'Growl': '0', 'High-freq-energy': '0', 'Long-island': '0', 'Low-tilt-spectrum': '1', 'Medium-island': '0', 'Short-island': '1', 'Squeal': '0', 'Typical-entropy': '1', 'Voicing-quality': '1', 'Wide-band': '0', 'Xlong-island': '0', 'seq': '1', 'end': 13433.63, 'start': 13433.48}]",0,0,[],[]
13433980,13434780,NA,OLN,0.0,485,CIC,NA,NA,NA,NA,0.0,0,-21.09,-11.73,[],0,0,[],[]
13434780,13435570,CHI,CHN,0.0,485,CIC,EC,1,NT,FH,1.0,650,-18.98,-11.9,"[{'Canonical-syllable': '0', 'Growl': '0', 'High-freq-energy': '0', 'Long-island': '0', 'Low-tilt-spectrum': '0', 'Medium-island': '1', 'Short-island': '1', 'Squeal': '0', 'Typical-entropy': '1', 'Voicing-quality': '2', 'Wide-band': '0', 'Xlong-island': '0', 'seq': '1', 'end': 13435.43, 'start': 13434.78}]",0,0,[],[]
13435570,13436630,NA,NOF,0.0,486,pause,NA,NA,NA,NA,0.0,0,-49.22,-37.89,[],0,0,[],[]
13436630,13437650,NA,FAF,0.0,486,pause,NA,NA,NA,NA,0.0,0,-46.46,-34.1,[],0,0,[],[]
13437650,13438450,NA,SIL,0.0,486,pause,NA,NA,NA,NA,0.0,0,-42.07,-27.21,[],0,0,[],[]
13438450,13443310,NA,NOF,0.0,486,pause,NA,NA,NA,NA,0.0,0,-27.29,-6.96,[],0,0,[],[]
13443310,13444110,NA,OLF,0.0,486,pause,NA,NA,NA,NA,0.0,0,-31.08,-18.69,[],0,0,[],[]
13444110,13446820,NA,NOF,0.0,486,pause,NA,NA,NA,NA,0.0,0,-23.33,-5.43,[],0,0,[],[]
13446820,13448300,NA,OLN,0.0,486,pause,NA,NA,NA,NA,0.0,0,-19.64,-6.19,[],0,0,[],[]
13448300,13449120,NA,NON,0.0,486,pause,NA,NA,NA,NA,0.0,0,-16.25,-5.96,[],0,0,[],[]
13449120,13452400,NA,OLN,0.0,486,pause,NA,NA,NA,NA,0.0,0,-18.63,-5.38,[],0,0,[],[]
13452400,13453210,NA,NON,0.0,486,pause,NA,NA,NA,NA,0.0,0,-14.78,-4.89,[],0,0,[],[]
13453210,13455150,NA,OLN,0.0,486,pause,NA,NA,NA,NA,0.0,0,-16.98,-5.98,[],0,0,[],[]
13455150,13455950,NA,NON,0.0,486,pause,NA,NA,NA,NA,0.0,0,-14.37,-5.0,[],0,0,[],[]
13455950,13456940,NA,OLN,0.0,486,pause,NA,NA,NA,NA,0.0,0,-16.54,-4.57,[],0,0,[],[]
13456940,13457960,NA,NON,0.0,486,pause,NA,NA,NA,NA,0.0,0,-15.9,-4.76,[],0,0,[],[]
13457960,13459120,NA,OLN,0.0,486,pause,NA,NA,NA,NA,0.0,0,-15.37,-4.64,[],0,0,[],[]
13459120,13460140,NA,NON,0.0,486,pause,NA,NA,NA,NA,0.0,0,-17.49,-6.74,[],0,0,[],[]
13460140,13462570,NA,OLN,0.0,486,pause,NA,NA,NA,NA,0.0,0,-16.42,-5.36,[],0,0,[],[]
13462570,13463370,NA,NON,0.0,486,pause,NA,NA,NA,NA,0.0,0,-15.98,-5.57,[],0,0,[],[]
13463370,13464980,NA,OLN,0.0,486,pause,NA,NA,NA,NA,0.0,0,-17.41,-5.4,[],0,0,[],[]
13464980,13466460,NA,NOF,0.0,486,pause,NA,NA,NA,NA,0.0,0,-22.42,-5.44,[],0,0,[],[]
13466460,13467260,NA,OLN,0.0,486,pause,NA,NA,NA,NA,0.0,0,-22.67,-6.3,[],0,0,[],[]
13467260,13468070,NA,NON,0.0,486,pause,NA,NA,NA,NA,0.0,0,-18.86,-6.04,[],0,0,[],[]
13468070,13469320,NA,OLN,0.0,486,pause,NA,NA,NA,NA,0.0,0,-15.91,-5.13,[],0,0,[],[]
13469320,13470460,NA,NON,0.0,486,pause,NA,NA,NA,NA,0.0,0,-15.19,-3.93,[],0,0,[],[]
13470460,13471580,NA,OLN,0.0,486,pause,NA,NA,NA,NA,0.0,0,-14.49,-3.55,[],0,0,[],[]
13471580,13472530,NA,NON,0.0,486,pause,NA,NA,NA,NA,0.0,0,-14.06,-4.3,[],0,0,[],[]
13472530,13474440,NA,OLF,0.0,486,pause,NA,NA,NA,NA,0.0,0,-14.91,-3.16,[],0,0,[],[]
13474440,13475240,NA,NOF,0.0,486,pause,NA,NA,NA,NA,0.0,0,-16.9,-4.95,[],0,0,[],[]
13475240,13476770,NA,OLF,0.0,486,pause,NA,NA,NA,NA,0.0,0,-17.95,-4.61,[],0,0,[],[]
13476770,13482480,NA,NOF,0.0,486,pause,NA,NA,NA,NA,0.0,0,-22.87,-4.75,[],0,0,[],[]
13482480,13484570,NA,SIL,0.0,486,pause,NA,NA,NA,NA,0.0,0,-53.32,-40.39,[],0,0,[],[]
13484570,13486990,OCH,CXN,0.0,486,XM,EC,0,NT,FI,0.0,0,-34.46,-13.9,[],0,0,[],[]
13486990,13488230,NA,NOF,0.0,487,pause,NA,NA,NA,NA,0.0,0,-42.35,-23.42,[],0,0,[],[]
13488230,13489210,NA,OLF,0.0,487,pause,NA,NA,NA,NA,0.0,0,-36.23,-22.16,[],0,0,[],[]
13489210,13491070,NA,NOF,0.0,487,pause,NA,NA,NA,NA,0.0,0,-39.32,-20.52,[],0,0,[],[]
13491070,13491870,NA,OLN,0.0,487,pause,NA,NA,NA,NA,0.0,0,-22.72,-5.79,[],0,0,[],[]
13491870,13492690,NA,NOF,0.0,487,pause,NA,NA,NA,NA,0.0,0,-22.52,-6.16,[],0,0,[],[]
13492690,13495250,NA,OLF,0.0,487,pause,NA,NA,NA,NA,0.0,0,-16.17,-4.3,[],0,0,[],[]
13495250,13496720,NA,NOF,0.0,487,pause,NA,NA,NA,NA,0.0,0,-15.48,-4.61,[],0,0,[],[]
13496720,13497940,NA,OLN,0.0,487,pause,NA,NA,NA,NA,0.0,0,-18.65,-5.76,[],0,0,[],[]
13497940,13499360,NA,NOF,0.0,487,pause,NA,NA,NA,NA,0.0,0,-16.57,-3.95,[],0,0,[],[]
13499360,13500430,NA,OLF,0.0,487,pause,NA,NA,NA,NA,0.0,0,-15.56,-5.54,[],0,0,[],[]
13500430,13504530,NA,NON,0.0,487,pause,NA,NA,NA,NA,0.0,0,-20.0,-3.54,[],0,0,[],[]
13504530,13505330,NA,OLN,0.0,487,pause,NA,NA,NA,NA,0.0,0,-17.15,-4.97,[],0,0,[],[]
13505330,13506130,NA,NOF,0.0,487,pause,NA,NA,NA,NA,0.0,0,-13.14,-4.18,[],0,0,[],[]
13506130,13506940,NA,OLF,0.0,487,pause,NA,NA,NA,NA,0.0,0,-14.84,-3.58,[],0,0,[],[]
13506940,13507800,NA,NOF,0.0,487,pause,NA,NA,NA,NA,0.0,0,-14.92,-5.39,[],0,0,[],[]
13507800,13508620,NA,OLN,0.0,487,pause,NA,NA,NA,NA,0.0,0,-18.4,-4.71,[],0,0,[],[]
13508620,13515530,NA,NOF,0.0,487,pause,NA,NA,NA,NA,0.0,0,-37.15,-14.01,[],0,0,[],[]
13515530,13517950,NA,SIL,0.0,487,pause,NA,NA,NA,NA,0.0,0,-56.87,-52.24,[],0,0,[],[]
13517950,13518850,NA,NOF,0.0,487,pause,NA,NA,NA,NA,0.0,0,-50.01,-38.2,[],0,0,[],[]
13518850,13519650,NA,SIL,0.0,487,pause,NA,NA,NA,NA,0.0,0,-55.54,-43.56,[],0,0,[],[]
13519650,13525460,NA,NOF,0.0,487,pause,NA,NA,NA,NA,0.0,0,-24.08,-5.61,[],0,0,[],[]
13525460,13526300,NA,SIL,0.0,487,pause,NA,NA,NA,NA,0.0,0,-49.15,-36.64,[],0,0,[],[]
13526300,13527130,NA,NOF,0.0,487,pause,NA,NA,NA,NA,0.0,0,-38.54,-27.41,[],0,0,[],[]
13527130,13527930,NA,OLN,0.0,487,pause,NA,NA,NA,NA,0.0,0,-19.37,-5.57,[],0,0,[],[]
13527930,13530840,NA,NOF,0.0,487,pause,NA,NA,NA,NA,0.0,0,-18.28,-3.82,[],0,0,[],[]
13530840,13532000,NA,OLF,0.0,487,pause,NA,NA,NA,NA,0.0,0,-19.93,-5.53,[],0,0,[],[]
13532000,13532940,NA,NON,0.0,487,pause,NA,NA,NA,NA,0.0,0,-20.23,-4.97,[],0,0,[],[]
13532940,13536710,NA,SIL,0.0,487,pause,NA,NA,NA,NA,0.0,0,-55.12,-49.56,[],0,0,[],[]
13536710,13538160,NA,NOF,0.0,487,pause,NA,NA,NA,NA,0.0,0,-18.61,-5.9,[],0,0,[],[]
13538160,13542470,NA,OLN,0.0,487,pause,NA,NA,NA,NA,0.0,0,-16.65,-4.28,[],0,0,[],[]
13542470,13543340,NA,NON,0.0,487,pause,NA,NA,NA,NA,0.0,0,-13.44,-5.18,[],0,0,[],[]
13543340,13544630,NA,OLF,0.0,487,pause,NA,NA,NA,NA,0.0,0,-17.12,-6.6,[],0,0,[],[]
13544630,13545620,NA,NON,0.0,487,pause,NA,NA,NA,NA,0.0,0,-17.9,-5.93,[],0,0,[],[]
13545620,13546690,NA,OLF,0.0,487,pause,NA,NA,NA,NA,0.0,0,-18.29,-4.84,[],0,0,[],[]
13546690,13553980,NA,NOF,0.0,487,pause,NA,NA,NA,NA,0.0,0,-33.78,-9.22,[],0,0,[],[]
13553980,13554780,NA,OLN,0.0,487,pause,NA,NA,NA,NA,0.0,0,-30.21,-23.99,[],0,0,[],[]
13554780,13555640,CHI,CHN,0.0,487,CM,EC,0,NT,FI,1.0,860,-25.48,-22.74,"[{'Canonical-syllable': '0', 'Growl': '0', 'High-freq-energy': '0', 'Long-island': '1', 'Low-tilt-spectrum': '0', 'Medium-island': '0', 'Short-island': '0', 'Squeal': '0', 'Typical-entropy': '0', 'Voicing-quality': '1', 'Wide-band': '0', 'Xlong-island': '0', 'seq': '1', 'end': 13555.64, 'start': 13554.78}]",0,0,[],[]
13555640,13559910,NA,NOF,0.0,488,pause,NA,NA,NA,NA,0.0,0,-31.98,-8.82,[],0,0,[],[]
13559910,13560710,NA,CXF,0.0,488,pause,NA,NA,NA,NA,0.0,0,-43.53,-34.08,[],0,0,[],[]
13560710,13561720,NA,OLF,0.0,488,pause,NA,NA,NA,NA,0.0,0,-36.85,-24.09,[],0,0,[],[]
13561720,13562720,NA,NOF,0.0,488,pause,NA,NA,NA,NA,0.0,0,-25.57,-8.9,[],0,0,[],[]
13562720,13565040,NA,OLN,0.0,488,pause,NA,NA,NA,NA,0.0,0,-16.26,-3.56,[],0,0,[],[]
13565040,13565930,NA,NOF,0.0,488,pause,NA,NA,NA,NA,0.0,0,-13.91,-4.07,[],0,0,[],[]
13565930,13572120,NA,OLF,0.0,488,pause,NA,NA,NA,NA,0.0,0,-14.2,-2.54,[],0,0,[],[]
13572120,13573160,NA,NON,0.0,488,pause,NA,NA,NA,NA,0.0,0,-13.76,-5.79,[],0,0,[],[]
13573160,13576150,NA,OLN,0.0,488,pause,NA,NA,NA,NA,0.0,0,-13.85,-4.57,[],0,0,[],[]
13576150,13577690,NA,NOF,0.0,488,pause,NA,NA,NA,NA,0.0,0,-14.49,-4.51,[],0,0,[],[]
13577690,13578500,NA,OLN,0.0,488,pause,NA,NA,NA,NA,0.0,0,-15.25,-6.62,[],0,0,[],[]
13578500,13579450,NA,NOF,0.0,488,pause,NA,NA,NA,NA,0.0,0,-14.68,-6.03,[],0,0,[],[]
13579450,13581100,NA,OLN,0.0,488,pause,NA,NA,NA,NA,0.0,0,-15.1,-5.27,[],0,0,[],[]
13581100,13581940,NA,NON,0.0,488,pause,NA,NA,NA,NA,0.0,0,-16.64,-5.6,[],0,0,[],[]
13581940,13584260,NA,OLN,0.0,488,pause,NA,NA,NA,NA,0.0,0,-14.29,-4.42,[],0,0,[],[]
13584260,13587210,NA,NOF,0.0,488,pause,NA,NA,NA,NA,0.0,0,-25.95,-7.49,[],0,0,[],[]
13587210,13589790,NA,SIL,0.0,488,pause,NA,NA,NA,NA,0.0,0,-61.76,-54.84,[],0,0,[],[]
13589790,13591000,CHI,CHN,0.0,488,CIOCX,BC,0,NT,FI,1.0,1210,-27.0,-20.0,"[{'Canonical-syllable': '1', 'Growl': '0', 'High-freq-energy': '0', 'Long-island': '0', 'Low-tilt-spectrum': '1', 'Medium-island': '2', 'Short-island': '0', 'Squeal': '1', 'Typical-entropy': '1', 'Voicing-quality': '2', 'Wide-band': '0', 'Xlong-island': '0', 'seq': '1', 'end': 13591.0, 'start': 13589.79}]",0,0,[],[]
13591000,13591890,NA,SIL,0.0,488,CIOCX,NA,NA,NA,NA,0.0,0,-58.72,-54.01,[],0,0,[],[]
13591890,13592720,OCH,CXN,0.0,488,CIOCX,RC,0,NT,FI,0.0,0,-23.79,-14.02,[],0,0,[],[]
13592720,13593730,CHI,CHN,0.0,488,CIOCX,RC,0,NT,FI,1.0,770,-20.07,-12.77,"[{'Canonical-syllable': '1', 'Growl': '0', 'High-freq-energy': '0', 'Long-island': '0', 'Low-tilt-spectrum': '0', 'Medium-island': '1', 'Short-island': '1', 'Squeal': '0', 'Typical-entropy': '1', 'Voicing-quality': '2', 'Wide-band': '0', 'Xlong-island': '0', 'seq': '1', 'end': 13593.49, 'start': 13592.72}]",0,0,[],[]
13593730,13596190,NA,SIL,0.0,488,CIOCX,NA,NA,NA,NA,0.0,0,-59.51,-47.3,[],0,0,[],[]
13596190,13599480,CHI,CHN,0.0,488,CIOCX,EC,0,NT,FH,1.0,3170,-16.83,-5.11,"[{'Canonical-syllable': '3', 'Growl': '1', 'High-freq-energy': '1', 'Long-island': '0', 'Low-tilt-spectrum': '7', 'Medium-island': '4', 'Short-island': '4', 'Squeal': '0', 'Typical-entropy': '9', 'Voicing-quality': '8', 'Wide-band': '0', 'Xlong-island': '0', 'seq': '1', 'end': 13599.36, 'start': 13596.31}]",0,0,[],[]
13599480,13600300,NA,NOF,0.0,489,pause,NA,NA,NA,NA,0.0,0,-48.34,-33.98,[],0,0,[],[]
13600300,13602840,NA,SIL,0.0,489,pause,NA,NA,NA,NA,0.0,0,-59.08,-55.47,[],0,0,[],[]
13602840,13607950,NA,NOF,0.0,489,pause,NA,NA,NA,NA,0.0,0,-34.06,-15.21,[],0,0,[],[]
13607950,13609590,NA,SIL,0.0,489,pause,NA,NA,NA,NA,0.0,0,-59.94,-50.05,[],0,0,[],[]
13609590,13610600,CHI,CHN,0.0,489,CIC,BC,0,NT,FI,1.0,470,-23.89,-16.4,"[{'Canonical-syllable': '0', 'Growl': '0', 'High-freq-energy': '0', 'Long-island': '0', 'Low-tilt-spectrum': '0', 'Medium-island': '1', 'Short-island': '0', 'Squeal': '0', 'Typical-entropy': '0', 'Voicing-quality': '1', 'Wide-band': '0', 'Xlong-island': '0', 'seq': '1', 'end': 13610.49, 'start': 13610.02}]",0,0,[],[]
13610600,13614550,NA,NOF,0.0,489,CIC,NA,NA,NA,NA,0.0,0,-31.89,-8.66,[],0,0,[],[]
13614550,13615380,CHI,CHN,0.0,489,CIC,RC,0,NT,FH,1.0,830,-17.0,-12.74,"[{'Canonical-syllable': '0', 'Growl': '0', 'High-freq-energy': '0', 'Long-island': '1', 'Low-tilt-spectrum': '0', 'Medium-island': '0', 'Short-island': '0', 'Squeal': '0', 'Typical-entropy': '0', 'Voicing-quality': '1', 'Wide-band': '0', 'Xlong-island': '0', 'seq': '1', 'end': 13615.38, 'start': 13614.55}]",0,0,[],[]
13615380,13616460,CHI,CHN,0.0,489,CIC,RC,0,NT,FH,1.0,960,-24.96,-17.78,"[{'Canonical-syllable': '0', 'Growl': '0', 'High-freq-energy': '0', 'Long-island': '0', 'Low-tilt-spectrum': '1', 'Medium-island': '1', 'Short-island': '1', 'Squeal': '0', 'Typical-entropy': '1', 'Voicing-quality': '3', 'Wide-band': '0', 'Xlong-island': '0', 'seq': '1', 'end': 13616.34, 'start': 13615.38}]",0,0,[],[]
13616460,13617260,NA,NOF,0.0,489,CIC,NA,NA,NA,NA,0.0,0,-48.02,-35.15,[],0,0,[],[]
13617260,13617860,CHI,CHN,0.0,489,CIC,RC,0,TIFI,FH,1.0,370,-17.88,-10.59,"[{'Canonical-syllable': '1', 'Growl': '0', 'High-freq-energy': '0', 'Long-island': '0', 'Low-tilt-spectrum': '0', 'Medium-island': '1', 'Short-island': '0', 'Squeal': '0', 'Typical-entropy': '1', 'Voicing-quality': '1', 'Wide-band': '0', 'Xlong-island': '0', 'seq': '1', 'end': 13617.63, 'start': 13617.26}]",0,0,[],[]
13617860,13619240,FEM,FAN,5.69,489,CIC,RC,1,TIFR,FI,0.0,0,-32.1,-16.33,[],0,0,[],[]
13619240,13620850,NA,NOF,0.0,489,CIC,NA,NA,NA,NA,0.0,0,-51.88,-42.85,[],0,0,[],[]
13620850,13621630,CHI,CHN,0.0,489,CIC,EC,1,TIFE,FI,1.0,780,-24.81,-17.65,"[{'Canonical-syllable': '1', 'Growl': '0', 'High-freq-energy': '0', 'Long-island': '0', 'Low-tilt-spectrum': '1', 'Medium-island': '2', 'Short-island': '0', 'Squeal': '0', 'Typical-entropy': '2', 'Voicing-quality': '2', 'Wide-band': '0', 'Xlong-island': '0', 'seq': '1', 'end': 13621.63, 'start': 13620.85}]",0,0,[],[]
13621630,13626700,NA,NOF,0.0,490,pause,NA,NA,NA,NA,0.0,0,-48.41,-30.0,[],0,0,[],[]
13626700,13628880,CHI,CHN,0.0,490,CIOCX,BC,0,NT,FI,2.0,1860,-16.53,-7.45,"[{'Canonical-syllable': '0', 'Growl': '0', 'High-freq-energy': '0', 'Long-island': '0', 'Low-tilt-spectrum': '0', 'Medium-island': '2', 'Short-island': '0', 'Squeal': '0', 'Typical-entropy': '3', 'Voicing-quality': '2', 'Wide-band': '0', 'Xlong-island': '0', 'seq': '1', 'end': 13627.9, 'start': 13626.7}, {'Canonical-syllable': '0', 'Growl': '1', 'High-freq-energy': '0', 'Long-island': '0', 'Low-tilt-spectrum': '1', 'Medium-island': '0', 'Short-island': '2', 'Squeal': '0', 'Typical-entropy': '3', 'Voicing-quality': '3', 'Wide-band': '0', 'Xlong-island': '0', 'seq': '2', 'end': 13628.88, 'start': 13628.22}]",0,0,[],[]
13628880,13629800,NA,OLN,0.0,490,CIOCX,NA,NA,NA,NA,0.0,0,-16.62,-5.72,[],0,0,[],[]
13629800,13630920,CHI,CHN,0.0,490,CIOCX,RC,0,NT,FH,1.0,820,-17.38,-3.62,"[{'Canonical-syllable': '0', 'Growl': '1', 'High-freq-energy': '0', 'Long-island': '0', 'Low-tilt-spectrum': '0', 'Medium-island': '1', 'Short-island': '0', 'Squeal': '0', 'Typical-entropy': '2', 'Voicing-quality': '2', 'Wide-band': '0', 'Xlong-island': '0', 'seq': '1', 'end': 13630.62, 'start': 13629.8}]",0,0,[],[]
13630920,13631810,NA,OLN,0.0,490,CIOCX,NA,NA,NA,NA,0.0,0,-21.06,-11.98,[],0,0,[],[]
13631810,13632610,OCH,CXN,0.0,490,CIOCX,RC,0,NT,FI,0.0,0,-22.87,-17.73,[],0,0,[],[]
13632610,13633590,CHI,CHN,0.0,490,CIOCX,EC,0,NT,FI,1.0,980,-15.21,-7.45,"[{'Canonical-syllable': '0', 'Growl': '0', 'High-freq-energy': '0', 'Long-island': '0', 'Low-tilt-spectrum': '0', 'Medium-island': '2', 'Short-island': '0', 'Squeal': '0', 'Typical-entropy': '2', 'Voicing-quality': '3', 'Wide-band': '0', 'Xlong-island': '0', 'seq': '1', 'end': 13633.59, 'start': 13632.61}]",0,0,[],[]
13633590,13639770,NA,NOF,0.0,491,pause,NA,NA,NA,NA,0.0,0,-24.71,-5.78,[],0,0,[],[]
13639770,13641150,FEM,FAN,5.65,491,AICF,BC,0,NT,FI,0.0,0,-35.46,-28.3,[],0,0,[],[]
13641150,13641970,NA,SIL,0.0,491,AICF,NA,NA,NA,NA,0.0,0,-45.44,-38.62,[],0,0,[],[]
13641970,13643190,MAL,MAN,7.46,491,AICF,RC,0,NT,FI,0.0,0,-40.93,-33.66,[],0,0,[],[]
13643190,13644190,NA,MAF,0.0,491,AICF,NA,NA,NA,NA,0.0,0,-42.23,-33.87,[],0,0,[],[]
13644190,13644990,NA,SIL,0.0,491,AICF,NA,NA,NA,NA,0.0,0,-57.76,-49.85,[],0,0,[],[]
13644990,13645590,OCH,CXN,0.0,491,AICF,RC,0,NT,FI,0.0,0,-40.36,-33.12,[],0,0,[],[]
13645590,13646410,NA,NOF,0.0,491,AICF,NA,NA,NA,NA,0.0,0,-42.52,-33.72,[],0,0,[],[]
13646410,13647370,NA,SIL,0.0,491,AICF,NA,NA,NA,NA,0.0,0,-50.91,-36.04,[],0,0,[],[]
13647370,13648650,CHI,CHN,0.0,491,AICF,RC,0,TIFI,FI,2.0,370,-23.75,-11.16,"[{'Canonical-syllable': '0', 'Growl': '0', 'High-freq-energy': '0', 'Long-island': '0', 'Low-tilt-spectrum': '0', 'Medium-island': '0', 'Short-island': '1', 'Squeal': '0', 'Typical-entropy': '0', 'Voicing-quality': '1', 'Wide-band': '0', 'Xlong-island': '0', 'seq': '1', 'end': 13647.58, 'start': 13647.37}, {'Canonical-syllable': '0', 'Growl': '0', 'High-freq-energy': '0', 'Long-island': '0', 'Low-tilt-spectrum': '0', 'Medium-island': '0', 'Short-island': '1', 'Squeal': '0', 'Typical-entropy': '0', 'Voicing-quality': '1', 'Wide-band': '0', 'Xlong-island': '0', 'seq': '2', 'end': 13648.55, 'start': 13648.39}]",0,0,[],[]
13648650,13649710,FEM,FAN,4.03,491,AICF,RC,1,TIFR,FI,0.0,0,-36.3,-30.28,[],0,0,[],[]
13649710,13650760,NA,SIL,0.0,491,AICF,NA,NA,NA,NA,0.0,0,-55.11,-45.46,[],0,0,[],[]
13650760,13651640,OCH,CXN,0.0,491,AICF,RC,1,NT,FI,0.0,0,-37.95,-31.52,[],0,0,[],[]
13651640,13652940,NA,SIL,0.0,491,AICF,NA,NA,NA,NA,0.0,0,-55.12,-48.26,[],0,0,[],[]
13652940,13654150,NA,NOF,0.0,491,AICF,NA,NA,NA,NA,0.0,0,-22.09,-8.73,[],0,0,[],[]
13654150,13655620,CHI,CHN,0.0,491,AICF,RC,1,NT,FI,1.0,1380,-15.15,-6.9,"[{'Canonical-syllable': '1', 'Growl': '1', 'High-freq-energy': '0', 'Long-island': '0', 'Low-tilt-spectrum': '0', 'Medium-island': '3', 'Short-island': '0', 'Squeal': '0', 'Typical-entropy': '0', 'Voicing-quality': '3', 'Wide-band': '0', 'Xlong-island': '0', 'seq': '1', 'end': 13655.53, 'start': 13654.15}]",0,0,[],[]
13655620,13656830,NA,NOF,0.0,491,AICF,NA,NA,NA,NA,0.0,0,-36.72,-19.59,[],0,0,[],[]
13656830,13657880,CHI,CHN,0.0,491,AICF,RC,1,NT,FH,1.0,1050,-28.24,-21.45,"[{'Canonical-syllable': '1', 'Growl': '0', 'High-freq-energy': '1', 'Long-island': '0', 'Low-tilt-spectrum': '1', 'Medium-island': '2', 'Short-island': '0', 'Squeal': '0', 'Typical-entropy': '1', 'Voicing-quality': '2', 'Wide-band': '1', 'Xlong-island': '0', 'seq': '1', 'end': 13657.88, 'start': 13656.83}]",0,0,[],[]
13657880,13658870,NA,OLF,0.0,491,AICF,NA,NA,NA,NA,0.0,0,-31.15,-18.49,[],0,0,[],[]
13658870,13659750,CHI,CHN,0.0,491,AICF,EC,1,NT,FH,1.0,880,-21.69,-17.69,"[{'Canonical-syllable': '0', 'Growl': '0', 'High-freq-energy': '0', 'Long-island': '1', 'Low-tilt-spectrum': '0', 'Medium-island': '0', 'Short-island': '0', 'Squeal': '0', 'Typical-entropy': '1', 'Voicing-quality': '1', 'Wide-band': '0', 'Xlong-island': '0', 'seq': '1', 'end': 13659.75, 'start': 13658.87}]",0,0,[],[]
13659750,13660570,NA,NOF,0.0,492,pause,NA,NA,NA,NA,0.0,0,-32.14,-17.91,[],0,0,[],[]
13660570,13662000,NA,SIL,0.0,492,pause,NA,NA,NA,NA,0.0,0,-57.71,-47.9,[],0,0,[],[]
13662000,13665070,NA,NOF,0.0,492,pause,NA,NA,NA,NA,0.0,0,-34.24,-19.66,[],0,0,[],[]
13665070,13665670,CHI,CHN,0.0,492,CM,EC,0,NT,FI,1.0,130,-29.02,-14.56,"[{'Canonical-syllable': '0', 'Growl': '1', 'High-freq-energy': '0', 'Long-island': '0', 'Low-tilt-spectrum': '1', 'Medium-island': '0', 'Short-island': '1', 'Squeal': '0', 'Typical-entropy': '1', 'Voicing-quality': '0', 'Wide-band': '0', 'Xlong-island': '0', 'seq': '1', 'end': 13665.51, 'start': 13665.38}]",0,0,[],[]
13665670,13666470,NA,OLN,0.0,493,pause,NA,NA,NA,NA,0.0,0,-32.42,-25.38,[],0,0,[],[]
13666470,13667360,NA,NON,0.0,493,pause,NA,NA,NA,NA,0.0,0,-33.75,-17.21,[],0,0,[],[]
13667360,13668390,NA,CXF,0.0,493,pause,NA,NA,NA,NA,0.0,0,-33.13,-20.12,[],0,0,[],[]
13668390,13670740,NA,SIL,0.0,493,pause,NA,NA,NA,NA,0.0,0,-53.48,-41.16,[],0,0,[],[]
13670740,13672770,NA,NOF,0.0,493,pause,NA,NA,NA,NA,0.0,0,-43.17,-27.82,[],0,0,[],[]
13672770,13674310,NA,SIL,0.0,493,pause,NA,NA,NA,NA,0.0,0,-53.27,-45.84,[],0,0,[],[]
13674310,13675280,CHI,CHN,0.0,493,CIC,BC,0,TIFI,FI,1.0,660,-17.64,-9.52,"[{'Canonical-syllable': '0', 'Growl': '0', 'High-freq-energy': '0', 'Long-island': '1', 'Low-tilt-spectrum': '0', 'Medium-island': '0', 'Short-island': '0', 'Squeal': '0', 'Typical-entropy': '0', 'Voicing-quality': '1', 'Wide-band': '0', 'Xlong-island': '0', 'seq': '1', 'end': 13674.97, 'start': 13674.31}]",0,0,[],[]
13675280,13676160,NA,NOF,0.0,493,CIC,NA,NA,NA,NA,0.0,0,-41.72,-27.29,[],0,0,[],[]
13676160,13678010,FEM,FAN,7.02,493,CIC,EC,1,TIFR,FI,0.0,0,-38.2,-32.07,[],0,0,[],[]
13678010,13679680,NA,SIL,0.0,494,pause,NA,NA,NA,NA,0.0,0,-45.76,-29.72,[],0,0,[],[]
13679680,13680740,FEM,FAN,0.0,494,pause,NA,NA,NA,NA,0.0,0,-36.57,-30.17,[],1060,0,[],[]
13680740,13681560,NA,OLN,0.0,494,pause,NA,NA,NA,NA,0.0,0,-31.75,-20.1,[],0,0,[],[]
13681560,13683470,NA,NOF,0.0,494,pause,NA,NA,NA,NA,0.0,0,-43.89,-30.91,[],0,0,[],[]
13683470,13685430,NA,OLF,0.0,494,pause,NA,NA,NA,NA,0.0,0,-24.05,-6.99,[],0,0,[],[]
13685430,13686760,FEM,FAN,4.14,494,AICF,BC,0,TIFI,FI,0.0,0,-14.88,-11.01,[],0,0,[],[]
13686760,13687360,CHI,CHN,0.0,494,AICF,RC,1,TIFR,FI,1.0,490,-17.69,-9.29,"[{'Canonical-syllable': '2', 'Growl': '0', 'High-freq-energy': '0', 'Long-island': '0', 'Low-tilt-spectrum': '0', 'Medium-island': '0', 'Short-island': '2', 'Squeal': '0', 'Typical-entropy': '0', 'Voicing-quality': '2', 'Wide-band': '0', 'Xlong-island': '0', 'seq': '1', 'end': 13687.25, 'start': 13686.76}]",0,0,[],[]
13687360,13688840,NA,NOF,0.0,494,AICF,NA,NA,NA,NA,0.0,0,-44.59,-30.35,[],0,0,[],[]
13688840,13689640,NA,SIL,0.0,494,AICF,NA,NA,NA,NA,0.0,0,-37.48,-27.28,[],0,0,[],[]
13689640,13690460,NA,OLN,0.0,494,AICF,NA,NA,NA,NA,0.0,0,-18.1,-4.62,[],0,0,[],[]
13690460,13691460,MAL,MAN,0.22,494,AICF,EC,1,TIME,FI,0.0,0,-31.79,-15.67,[],0,0,[],[]
13691460,13694000,NA,SIL,0.0,495,pause,NA,NA,NA,NA,0.0,0,-41.3,-31.98,[],0,0,[],[]
13694000,13695180,NA,MAF,0.0,495,pause,NA,NA,NA,NA,0.0,0,-23.43,-9.17,[],0,0,[],[]
13695180,13696090,NA,SIL,0.0,495,pause,NA,NA,NA,NA,0.0,0,-41.53,-32.79,[],0,0,[],[]
13696090,13696950,NA,OLF,0.0,495,pause,NA,NA,NA,NA,0.0,0,-31.14,-20.16,[],0,0,[],[]
13696950,13699070,NA,NOF,0.0,495,pause,NA,NA,NA,NA,0.0,0,-24.46,-10.62,[],0,0,[],[]
13699070,13700340,CHI,CHN,0.0,495,CM,EC,0,NT,FI,1.0,1160,-20.31,-11.84,"[{'Canonical-syllable': '0', 'Growl': '0', 'High-freq-energy': '0', 'Long-island': '0', 'Low-tilt-spectrum': '0', 'Medium-island': '0', 'Short-island': '0', 'Squeal': '0', 'Typical-entropy': '1', 'Voicing-quality': '1', 'Wide-band': '0', 'Xlong-island': '1', 'seq': '1', 'end': 13700.23, 'start': 13699.07}]",0,0,[],[]
13700340,13701730,NA,NOF,0.0,496,pause,NA,NA,NA,NA,0.0,0,-43.66,-37.25,[],0,0,[],[]
13701730,13702660,NA,SIL,0.0,496,pause,NA,NA,NA,NA,0.0,0,-51.99,-43.95,[],0,0,[],[]
13702660,13705060,NA,NOF,0.0,496,pause,NA,NA,NA,NA,0.0,0,-26.83,-14.4,[],0,0,[],[]
13705060,13706130,NA,SIL,0.0,496,pause,NA,NA,NA,NA,0.0,0,-54.15,-44.84,[],0,0,[],[]
13706130,13717920,NA,NOF,0.0,496,pause,NA,NA,NA,NA,0.0,0,-35.31,-15.12,[],0,0,[],[]
13717920,13718740,NA,OLN,0.0,496,pause,NA,NA,NA,NA,0.0,0,-26.65,-13.6,[],0,0,[],[]
13718740,13720900,NA,OLF,0.0,496,pause,NA,NA,NA,NA,0.0,0,-26.15,-7.03,[],0,0,[],[]
13720900,13721990,NA,SIL,0.0,496,pause,NA,NA,NA,NA,0.0,0,-55.01,-48.1,[],0,0,[],[]
13721990,13724240,NA,NON,0.0,496,pause,NA,NA,NA,NA,0.0,0,-33.64,-15.6,[],0,0,[],[]
13724240,13725170,NA,SIL,0.0,496,pause,NA,NA,NA,NA,0.0,0,-56.24,-50.96,[],0,0,[],[]
13725170,13735080,NA,NOF,0.0,496,pause,NA,NA,NA,NA,0.0,0,-31.13,-10.67,[],0,0,[],[]
13735080,13736000,NA,OLF,0.0,496,pause,NA,NA,NA,NA,0.0,0,-20.08,-7.24,[],0,0,[],[]
13736000,13736830,NA,NOF,0.0,496,pause,NA,NA,NA,NA,0.0,0,-42.41,-33.61,[],0,0,[],[]
13736830,13737880,NA,OLF,0.0,496,pause,NA,NA,NA,NA,0.0,0,-24.21,-10.89,[],0,0,[],[]
13737880,13741730,NA,NOF,0.0,496,pause,NA,NA,NA,NA,0.0,0,-25.66,-9.59,[],0,0,[],[]
13741730,13742870,NA,OLN,0.0,496,pause,NA,NA,NA,NA,0.0,0,-19.59,-6.36,[],0,0,[],[]
13742870,13754960,NA,NOF,0.0,496,pause,NA,NA,NA,NA,0.0,0,-32.51,-7.5,[],0,0,[],[]
13754960,13755760,NA,SIL,0.0,496,pause,NA,NA,NA,NA,0.0,0,-53.41,-46.33,[],0,0,[],[]
13755760,13759300,NA,NOF,0.0,496,pause,NA,NA,NA,NA,0.0,0,-48.15,-28.16,[],0,0,[],[]
13759300,13760300,MAL,MAN,2.87,496,AMM,EC,0,NT,FI,0.0,0,-37.91,-29.98,[],0,0,[],[]
13760300,13761520,NA,OLF,0.0,497,pause,NA,NA,NA,NA,0.0,0,-44.35,-34.74,[],0,0,[],[]
13761520,13762360,NA,SIL,0.0,497,pause,NA,NA,NA,NA,0.0,0,-48.27,-37.41,[],0,0,[],[]
13762360,13763160,NA,CXF,0.0,497,pause,NA,NA,NA,NA,0.0,0,-44.52,-38.1,[],0,0,[],[]
13763160,13765490,NA,NOF,0.0,497,pause,NA,NA,NA,NA,0.0,0,-48.86,-37.62,[],0,0,[],[]
13765490,13767110,NA,SIL,0.0,497,pause,NA,NA,NA,NA,0.0,0,-55.21,-44.68,[],0,0,[],[]
13767110,13768040,CHI,CHN,0.0,497,CM,BC,0,NT,FI,1.0,670,-16.63,-10.31,"[{'Canonical-syllable': '0', 'Growl': '0', 'High-freq-energy': '0', 'Long-island': '1', 'Low-tilt-spectrum': '0', 'Medium-island': '0', 'Short-island': '0', 'Squeal': '0', 'Typical-entropy': '1', 'Voicing-quality': '1', 'Wide-band': '0', 'Xlong-island': '0', 'seq': '1', 'end': 13767.78, 'start': 13767.11}]",0,0,[],[]
13768040,13771450,NA,NOF,0.0,497,CM,NA,NA,NA,NA,0.0,0,-49.49,-37.19,[],0,0,[],[]
13771450,13772310,NA,SIL,0.0,497,CM,NA,NA,NA,NA,0.0,0,-51.72,-42.13,[],0,0,[],[]
13772310,13773200,CHI,CHN,0.0,497,CM,RC,0,NT,FH,1.0,810,-22.36,-14.51,"[{'Canonical-syllable': '0', 'Growl': '0', 'High-freq-energy': '0', 'Long-island': '1', 'Low-tilt-spectrum': '0', 'Medium-island': '0', 'Short-island': '0', 'Squeal': '0', 'Typical-entropy': '1', 'Voicing-quality': '1', 'Wide-band': '0', 'Xlong-island': '0', 'seq': '1', 'end': 13773.12, 'start': 13772.4}]",0,0,[],[]
13773200,13774090,NA,NOF,0.0,497,CM,NA,NA,NA,NA,0.0,0,-43.78,-31.35,[],0,0,[],[]
13774090,13774760,CHI,CHN,0.0,497,CM,RC,0,NT,FH,1.0,670,-24.87,-18.82,"[{'Canonical-syllable': '0', 'Growl': '0', 'High-freq-energy': '0', 'Long-island': '0', 'Low-tilt-spectrum': '0', 'Medium-island': '1', 'Short-island': '0', 'Squeal': '0', 'Typical-entropy': '0', 'Voicing-quality': '1', 'Wide-band': '0', 'Xlong-island': '0', 'seq': '1', 'end': 13774.76, 'start': 13774.09}]",0,0,[],[]
13774760,13775560,NA,FAF,0.0,497,CM,NA,NA,NA,NA,0.0,0,-43.38,-31.42,[],0,0,[],[]
13775560,13776360,NA,SIL,0.0,497,CM,NA,NA,NA,NA,0.0,0,-55.42,-51.77,[],0,0,[],[]
13776360,13777130,CHI,CHN,0.0,497,CM,EC,0,NT,FH,1.0,770,-25.68,-18.83,"[{'Canonical-syllable': '0', 'Growl': '0', 'High-freq-energy': '0', 'Long-island': '1', 'Low-tilt-spectrum': '0', 'Medium-island': '0', 'Short-island': '0', 'Squeal': '0', 'Typical-entropy': '0', 'Voicing-quality': '1', 'Wide-band': '0', 'Xlong-island': '0', 'seq': '1', 'end': 13777.13, 'start': 13776.44}]",0,0,[],[]
13777130,13780170,NA,NOF,0.0,498,pause,NA,NA,NA,NA,0.0,0,-45.8,-28.34,[],0,0,[],[]
13780170,13780770,NA,FAF,0.0,498,pause,NA,NA,NA,NA,0.0,0,-47.35,-42.34,[],0,0,[],[]
13780770,13781720,NA,NOF,0.0,498,pause,NA,NA,NA,NA,0.0,0,-31.16,-16.68,[],0,0,[],[]
13781720,13782800,NA,MAF,0.0,498,pause,NA,NA,NA,NA,0.0,0,-29.43,-17.02,[],0,0,[],[]
13782800,13783480,OCH,CXN,0.0,498,XIOCA,BC,0,NT,FI,0.0,0,-31.69,-22.83,[],0,0,[],[]
13783480,13785330,NA,NOF,0.0,498,XIOCA,NA,NA,NA,NA,0.0,0,-34.5,-14.36,[],0,0,[],[]
13785330,13786160,OCH,CXN,0.0,498,XIOCA,RC,0,NT,FH,0.0,0,-21.75,-12.51,[],0,0,[],[]
13786160,13788640,NA,NOF,0.0,498,XIOCA,NA,NA,NA,NA,0.0,0,-20.0,-4.84,[],0,0,[],[]
13788640,13789660,FEM,FAN,4.5,498,XIOCA,RC,0,NT,FI,0.0,0,-29.87,-21.84,[],0,0,[],[]
13789660,13790880,NA,NOF,0.0,498,XIOCA,NA,NA,NA,NA,0.0,0,-39.42,-22.53,[],0,0,[],[]
13790880,13791680,NA,OLN,0.0,498,XIOCA,NA,NA,NA,NA,0.0,0,-22.83,-12.42,[],0,0,[],[]
13791680,13793380,NA,NOF,0.0,498,XIOCA,NA,NA,NA,NA,0.0,0,-24.3,-7.15,[],0,0,[],[]
13793380,13794380,FEM,FAN,1.51,498,XIOCA,EC,0,NT,FH,0.0,0,-35.83,-17.55,[],0,0,[],[]
13794380,13795180,NA,NON,0.0,499,pause,NA,NA,NA,NA,0.0,0,-23.77,-15.92,[],0,0,[],[]
13795180,13796220,NA,FAF,0.0,499,pause,NA,NA,NA,NA,0.0,0,-39.76,-31.22,[],0,0,[],[]
13796220,13797920,NA,NOF,0.0,499,pause,NA,NA,NA,NA,0.0,0,-41.53,-30.86,[],0,0,[],[]
13797920,13798720,NA,SIL,0.0,499,pause,NA,NA,NA,NA,0.0,0,-52.82,-40.44,[],0,0,[],[]
13798720,13799590,NA,NOF,0.0,499,pause,NA,NA,NA,NA,0.0,0,-46.47,-36.4,[],0,0,[],[]
13799590,13800390,NA,SIL,0.0,499,pause,NA,NA,NA,NA,0.0,0,-55.25,-44.94,[],0,0,[],[]
13800390,13802370,NA,NOF,0.0,499,pause,NA,NA,NA,NA,0.0,0,-46.42,-33.96,[],0,0,[],[]
13802370,13803270,NA,SIL,0.0,499,pause,NA,NA,NA,NA,0.0,0,-54.25,-46.66,[],0,0,[],[]
13803270,13810440,NA,NOF,0.0,499,pause,NA,NA,NA,NA,0.0,0,-34.87,-15.48,[],0,0,[],[]
13810440,13811300,NA,SIL,0.0,499,pause,NA,NA,NA,NA,0.0,0,-53.94,-45.36,[],0,0,[],[]
13811300,13812610,NA,MAF,0.0,499,pause,NA,NA,NA,NA,0.0,0,-33.3,-21.62,[],0,0,[],[]
13812610,13815640,NA,NOF,0.0,499,pause,NA,NA,NA,NA,0.0,0,-43.23,-24.72,[],0,0,[],[]
13815640,13816440,NA,SIL,0.0,499,pause,NA,NA,NA,NA,0.0,0,-53.95,-46.28,[],0,0,[],[]
13816440,13817930,NA,NOF,0.0,499,pause,NA,NA,NA,NA,0.0,0,-50.4,-38.52,[],0,0,[],[]
13817930,13819120,NA,SIL,0.0,499,pause,NA,NA,NA,NA,0.0,0,-54.17,-40.65,[],0,0,[],[]
13819120,13826020,NA,NOF,0.0,499,pause,NA,NA,NA,NA,0.0,0,-46.46,-25.23,[],0,0,[],[]
13826020,13826960,NA,OLN,0.0,499,pause,NA,NA,NA,NA,0.0,0,-22.72,-4.91,[],0,0,[],[]
13826960,13827860,NA,NOF,0.0,499,pause,NA,NA,NA,NA,0.0,0,-32.6,-18.59,[],0,0,[],[]
13827860,13828660,NA,FAF,0.0,499,pause,NA,NA,NA,NA,0.0,0,-39.6,-31.12,[],0,0,[],[]
13828660,13829610,NA,NOF,0.0,499,pause,NA,NA,NA,NA,0.0,0,-45.3,-30.06,[],0,0,[],[]
13829610,13830410,NA,OLN,0.0,499,pause,NA,NA,NA,NA,0.0,0,-33.91,-25.22,[],0,0,[],[]
13830410,13832580,NA,NOF,0.0,499,pause,NA,NA,NA,NA,0.0,0,-24.18,-3.44,[],0,0,[],[]
13832580,13833610,NA,OLN,0.0,499,pause,NA,NA,NA,NA,0.0,0,-28.64,-16.53,[],0,0,[],[]
13833610,13839690,NA,NOF,0.0,499,pause,NA,NA,NA,NA,0.0,0,-42.51,-27.74,[],0,0,[],[]
13839690,13840290,CHI,CHN,0.0,499,CM,BC,0,NT,FI,1.0,600,-30.31,-18.3,"[{'Canonical-syllable': '0', 'Growl': '1', 'High-freq-energy': '0', 'Long-island': '0', 'Low-tilt-spectrum': '1', 'Medium-island': '1', 'Short-island': '0', 'Squeal': '0', 'Typical-entropy': '1', 'Voicing-quality': '1', 'Wide-band': '0', 'Xlong-island': '0', 'seq': '1', 'end': 13840.29, 'start': 13839.69}]",0,0,[],[]
13840290,13841310,CHI,CHN,0.0,499,CM,RC,0,NT,FH,2.0,410,-26.74,-18.73,"[{'Canonical-syllable': '0', 'Growl': '0', 'High-freq-energy': '0', 'Long-island': '0', 'Low-tilt-spectrum': '0', 'Medium-island': '1', 'Short-island': '0', 'Squeal': '0', 'Typical-entropy': '1', 'Voicing-quality': '1', 'Wide-band': '0', 'Xlong-island': '0', 'seq': '1', 'end': 13840.56, 'start': 13840.29}, {'Canonical-syllable': '0', 'Growl': '1', 'High-freq-energy': '0', 'Long-island': '0', 'Low-tilt-spectrum': '0', 'Medium-island': '0', 'Short-island': '1', 'Squeal': '0', 'Typical-entropy': '0', 'Voicing-quality': '1', 'Wide-band': '0', 'Xlong-island': '0', 'seq': '2', 'end': 13841.14, 'start': 13841.0}]",0,0,[],[]
13841310,13842200,CHI,CHN,0.0,499,CM,EC,0,NT,FH,1.0,890,-33.06,-26.15,"[{'Canonical-syllable': '0', 'Growl': '1', 'High-freq-energy': '0', 'Long-island': '1', 'Low-tilt-spectrum': '1', 'Medium-island': '0', 'Short-island': '0', 'Squeal': '0', 'Typical-entropy': '1', 'Voicing-quality': '1', 'Wide-band': '0', 'Xlong-island': '0', 'seq': '1', 'end': 13842.2, 'start': 13841.31}]",0,0,[],[]
13842200,13847880,NA,NOF,0.0,500,pause,NA,NA,NA,NA,0.0,0,-23.12,-4.11,[],0,0,[],[]
13847880,13848680,NA,OLF,0.0,500,pause,NA,NA,NA,NA,0.0,0,-32.25,-20.4,[],0,0,[],[]
13848680,13850160,NA,NOF,0.0,500,pause,NA,NA,NA,NA,0.0,0,-41.72,-31.83,[],0,0,[],[]
13850160,13851180,NA,OLF,0.0,500,pause,NA,NA,NA,NA,0.0,0,-32.08,-17.26,[],0,0,[],[]
13851180,13853520,NA,NOF,0.0,500,pause,NA,NA,NA,NA,0.0,0,-30.08,-12.81,[],0,0,[],[]
13853520,13854320,NA,SIL,0.0,500,pause,NA,NA,NA,NA,0.0,0,-45.65,-41.23,[],0,0,[],[]
13854320,13855520,NA,NOF,0.0,500,pause,NA,NA,NA,NA,0.0,0,-51.57,-45.63,[],0,0,[],[]
13855520,13856320,NA,SIL,0.0,500,pause,NA,NA,NA,NA,0.0,0,-52.9,-48.92,[],0,0,[],[]
13856320,13858780,NA,NOF,0.0,500,pause,NA,NA,NA,NA,0.0,0,-44.44,-31.62,[],0,0,[],[]
13858780,13859840,NA,SIL,0.0,500,pause,NA,NA,NA,NA,0.0,0,-48.83,-40.99,[],0,0,[],[]
13859840,13862690,NA,NOF,0.0,500,pause,NA,NA,NA,NA,0.0,0,-29.58,-9.75,[],0,0,[],[]
13862690,13864770,NA,OLF,0.0,500,pause,NA,NA,NA,NA,0.0,0,-34.64,-16.43,[],0,0,[],[]
13864770,13865650,CHI,CHN,0.0,500,pause,NA,NA,NA,NA,0.0,0,-13.23,-4.4,[],0,880,"[{'start': 13864.77, 'end': 13865.65}]",[]
13865650,13866460,OCH,CXN,0.0,500,XIC,BC,0,NT,FI,0.0,0,-20.4,-12.8,[],0,0,[],[]
13866460,13867260,NA,NOF,0.0,500,XIC,NA,NA,NA,NA,0.0,0,-21.75,-3.8,[],0,0,[],[]
13867260,13868990,FEM,FAN,0.52,500,XIC,RC,0,NT,FI,0.0,0,-37.89,-31.68,[],0,0,[],[]
13868990,13869790,NA,OLF,0.0,500,XIC,NA,NA,NA,NA,0.0,0,-41.11,-35.92,[],0,0,[],[]
13869790,13872030,FEM,FAN,9.69,500,XIC,RC,0,NT,FH,0.0,0,-34.35,-21.88,[],0,0,[],[]
13872030,13874490,NA,OLF,0.0,500,XIC,NA,NA,NA,NA,0.0,0,-28.2,-6.66,[],0,0,[],[]
13874490,13876420,CHI,CHN,0.0,500,XIC,NA,NA,NA,NA,0.0,0,-18.62,-9.03,[],0,1530,"[{'start': 13874.89, 'end': 13876.42}]",[]
13876420,13877610,OCH,CXN,0.0,500,XIC,RC,0,NT,FI,0.0,0,-21.98,-11.61,[],0,0,[],[]
13877610,13878410,CHI,CHN,0.0,500,XIC,RC,0,NT,FI,1.0,710,-29.76,-23.52,"[{'Canonical-syllable': '1', 'Growl': '1', 'High-freq-energy': '0', 'Long-island': '0', 'Low-tilt-spectrum': '0', 'Medium-island': '0', 'Short-island': '2', 'Squeal': '0', 'Typical-entropy': '0', 'Voicing-quality': '2', 'Wide-band': '0', 'Xlong-island': '0', 'seq': '1', 'end': 13878.32, 'start': 13877.75}]",0,0,[],[]
13878410,13879210,NA,SIL,0.0,500,XIC,NA,NA,NA,NA,0.0,0,-50.69,-47.7,[],0,0,[],[]
13879210,13879850,OCH,CXN,0.0,500,XIC,RC,0,NT,FI,0.0,0,-32.94,-28.63,[],0,0,[],[]
13879850,13882450,FEM,FAN,11.24,500,XIC,RC,0,NT,FI,0.0,0,-36.24,-29.3,[],0,0,[],[]
13882450,13883500,NA,SIL,0.0,500,XIC,NA,NA,NA,NA,0.0,0,-54.86,-50.44,[],0,0,[],[]
13883500,13884700,FEM,FAN,5.76,500,XIC,RC,0,NT,FH,0.0,0,-34.17,-28.51,[],0,0,[],[]
13884700,13885500,NA,SIL,0.0,500,XIC,NA,NA,NA,NA,0.0,0,-50.44,-39.84,[],0,0,[],[]
13885500,13886560,FEM,FAN,2.35,500,XIC,RC,0,TIFI,FH,0.0,0,-43.74,-37.91,[],0,0,[],[]
13886560,13888710,CHI,CHN,0.0,500,XIC,RC,1,TIFR,FI,1.0,2150,-24.2,-17.14,"[{'Canonical-syllable': '0', 'Growl': '0', 'High-freq-energy': '0', 'Long-island': '2', 'Low-tilt-spectrum': '2', 'Medium-island': '0', 'Short-island': '0', 'Squeal': '0', 'Typical-entropy': '2', 'Voicing-quality': '3', 'Wide-band': '1', 'Xlong-island': '0', 'seq': '1', 'end': 13888.71, 'start': 13886.72}]",0,0,[],[]
13888710,13889620,OCH,CXN,0.0,500,XIC,RC,1,NT,FI,0.0,0,-23.69,-14.19,[],0,0,[],[]
13889620,13890320,OCH,CXN,0.0,500,XIC,RC,1,NT,FH,0.0,0,-31.95,-21.47,[],0,0,[],[]
13890320,13892490,NA,FAF,0.0,500,XIC,NA,NA,NA,NA,0.0,0,-41.29,-33.67,[],0,0,[],[]
13892490,13893370,NA,SIL,0.0,500,XIC,NA,NA,NA,NA,0.0,0,-52.61,-44.56,[],0,0,[],[]
13893370,13894220,NA,NOF,0.0,500,XIC,NA,NA,NA,NA,0.0,0,-50.68,-46.43,[],0,0,[],[]
13894220,13896470,FEM,FAN,12.32,500,XIC,RC,1,NT,FI,0.0,0,-34.69,-28.34,[],0,0,[],[]
13896470,13897070,NA,NOF,0.0,500,XIC,NA,NA,NA,NA,0.0,0,-51.04,-42.68,[],0,0,[],[]
13897070,13900870,FEM,FAN,9.91,500,XIC,RC,1,TIFI,FH,0.0,0,-37.94,-27.84,[],0,0,[],[]
13900870,13901730,NA,MAF,0.0,500,XIC,NA,NA,NA,NA,0.0,0,-48.91,-41.36,[],0,0,[],[]
13901730,13902530,CHI,CHN,0.0,500,XIC,RC,2,TIFR,FI,1.0,190,-21.36,-10.48,"[{'Canonical-syllable': '0', 'Growl': '0', 'High-freq-energy': '0', 'Long-island': '0', 'Low-tilt-spectrum': '1', 'Medium-island': '0', 'Short-island': '1', 'Squeal': '0', 'Typical-entropy': '1', 'Voicing-quality': '1', 'Wide-band': '0', 'Xlong-island': '0', 'seq': '1', 'end': 13902.28, 'start': 13902.09}]",0,0,[],[]
13902530,13903780,CHI,CHN,0.0,500,XIC,RC,2,NT,FH,1.0,780,-20.03,-10.49,"[{'Canonical-syllable': '1', 'Growl': '0', 'High-freq-energy': '0', 'Long-island': '0', 'Low-tilt-spectrum': '0', 'Medium-island': '1', 'Short-island': '1', 'Squeal': '0', 'Typical-entropy': '2', 'Voicing-quality': '2', 'Wide-band': '0', 'Xlong-island': '0', 'seq': '1', 'end': 13903.31, 'start': 13902.64}]",0,0,[],[]
13903780,13905200,NA,NOF,0.0,500,XIC,NA,NA,NA,NA,0.0,0,-44.88,-31.9,[],0,0,[],[]
13905200,13906000,NA,OLN,0.0,500,XIC,NA,NA,NA,NA,0.0,0,-35.4,-24.61,[],0,0,[],[]
13906000,13907130,NA,NOF,0.0,500,XIC,NA,NA,NA,NA,0.0,0,-47.8,-42.42,[],0,0,[],[]
13907130,13908710,CHI,CHN,0.0,500,XIC,RC,2,NT,FH,1.0,920,-17.51,-4.28,"[{'Canonical-syllable': '1', 'Growl': '0', 'High-freq-energy': '1', 'Long-island': '0', 'Low-tilt-spectrum': '3', 'Medium-island': '0', 'Short-island': '3', 'Squeal': '0', 'Typical-entropy': '3', 'Voicing-quality': '3', 'Wide-band': '0', 'Xlong-island': '0', 'seq': '1', 'end': 13908.05, 'start': 13907.13}]",0,0,[],[]
13908710,13909710,NA,FAF,0.0,500,XIC,NA,NA,NA,NA,0.0,0,-40.94,-34.0,[],0,0,[],[]
13909710,13910620,CHI,CHN,0.0,500,XIC,NA,NA,NA,NA,0.0,0,-15.73,-5.26,[],0,910,"[{'start': 13909.71, 'end': 13910.62}]",[]
13910620,13911420,NA,OLN,0.0,500,XIC,NA,NA,NA,NA,0.0,0,-25.36,-15.03,[],0,0,[],[]
13911420,13913370,CHI,CHN,0.0,500,XIC,RC,2,NT,FH,2.0,1230,-23.54,-13.66,"[{'Canonical-syllable': '1', 'Growl': '0', 'High-freq-energy': '0', 'Long-island': '0', 'Low-tilt-spectrum': '2', 'Medium-island': '0', 'Short-island': '2', 'Squeal': '1', 'Typical-entropy': '2', 'Voicing-quality': '2', 'Wide-band': '0', 'Xlong-island': '0', 'seq': '1', 'end': 13911.85, 'start': 13911.42}, {'Canonical-syllable': '1', 'Growl': '0', 'High-freq-energy': '0', 'Long-island': '0', 'Low-tilt-spectrum': '1', 'Medium-island': '1', 'Short-island': '1', 'Squeal': '0', 'Typical-entropy': '1', 'Voicing-quality': '2', 'Wide-band': '0', 'Xlong-island': '0', 'seq': '2', 'end': 13913.28, 'start': 13912.48}]",0,0,[],[]
13913370,13914180,NA,SIL,0.0,500,XIC,NA,NA,NA,NA,0.0,0,-49.44,-42.97,[],0,0,[],[]
13914180,13915260,CHI,CHN,0.0,500,XIC,RC,2,NT,FH,1.0,1080,-20.67,-11.01,"[{'Canonical-syllable': '0', 'Growl': '0', 'High-freq-energy': '0', 'Long-island': '1', 'Low-tilt-spectrum': '1', 'Medium-island': '0', 'Short-island': '0', 'Squeal': '0', 'Typical-entropy': '1', 'Voicing-quality': '1', 'Wide-band': '0', 'Xlong-island': '0', 'seq': '1', 'end': 13915.26, 'start': 13914.34}]",0,0,[],[]
13915260,13916470,NA,SIL,0.0,500,XIC,NA,NA,NA,NA,0.0,0,-50.24,-41.51,[],0,0,[],[]
13916470,13917120,OCH,CXN,0.0,500,XIC,RC,2,NT,FI,0.0,0,-19.77,-14.26,[],0,0,[],[]
13917120,13918630,CHI,CHN,0.0,500,XIC,RC,2,NT,FI,2.0,890,-24.73,-17.97,"[{'Canonical-syllable': '0', 'Growl': '0', 'High-freq-energy': '0', 'Long-island': '0', 'Low-tilt-spectrum': '1', 'Medium-island': '0', 'Short-island': '1', 'Squeal': '0', 'Typical-entropy': '1', 'Voicing-quality': '1', 'Wide-band': '0', 'Xlong-island': '0', 'seq': '1', 'end': 13917.32, 'start': 13917.12}, {'Canonical-syllable': '0', 'Growl': '0', 'High-freq-energy': '0', 'Long-island': '1', 'Low-tilt-spectrum': '1', 'Medium-island': '0', 'Short-island': '0', 'Squeal': '0', 'Typical-entropy': '1', 'Voicing-quality': '1', 'Wide-band': '0', 'Xlong-island': '0', 'seq': '2', 'end': 13918.45, 'start': 13917.76}]",0,0,[],[]
13918630,13919230,CHI,CHN,0.0,500,XIC,RC,2,NT,FH,1.0,600,-27.07,-22.08,"[{'Canonical-syllable': '0', 'Growl': '0', 'High-freq-energy': '0', 'Long-island': '0', 'Low-tilt-spectrum': '0', 'Medium-island': '1', 'Short-island': '0', 'Squeal': '0', 'Typical-entropy': '0', 'Voicing-quality': '1', 'Wide-band': '0', 'Xlong-island': '0', 'seq': '1', 'end': 13919.23, 'start': 13918.83}]",0,0,[],[]
13919230,13920570,CHI,CHN,0.0,500,XIC,RC,2,NT,FH,1.0,1340,-26.61,-20.8,"[{'Canonical-syllable': '0', 'Growl': '0', 'High-freq-energy': '0', 'Long-island': '1', 'Low-tilt-spectrum': '0', 'Medium-island': '1', 'Short-island': '0', 'Squeal': '0', 'Typical-entropy': '0', 'Voicing-quality': '2', 'Wide-band': '0', 'Xlong-island': '0', 'seq': '1', 'end': 13920.57, 'start': 13919.23}]",0,0,[],[]
13920570,13921570,NA,MAF,0.0,500,XIC,NA,NA,NA,NA,0.0,0,-43.55,-38.34,[],0,0,[],[]
13921570,13922710,NA,SIL,0.0,500,XIC,NA,NA,NA,NA,0.0,0,-52.51,-44.84,[],0,0,[],[]
13922710,13925180,CHI,CHN,0.0,500,XIC,RC,2,NT,FH,1.0,2470,-24.47,-16.93,"[{'Canonical-syllable': '0', 'Growl': '0', 'High-freq-energy': '0', 'Long-island': '2', 'Low-tilt-spectrum': '1', 'Medium-island': '1', 'Short-island': '0', 'Squeal': '0', 'Typical-entropy': '2', 'Voicing-quality': '3', 'Wide-band': '0', 'Xlong-island': '0', 'seq': '1', 'end': 13925.18, 'start': 13922.71}]",0,0,[],[]
13925180,13925980,NA,SIL,0.0,500,XIC,NA,NA,NA,NA,0.0,0,-49.66,-45.04,[],0,0,[],[]
13925980,13927530,NA,NOF,0.0,500,XIC,NA,NA,NA,NA,0.0,0,-42.16,-33.19,[],0,0,[],[]
13927530,13928330,NA,SIL,0.0,500,XIC,NA,NA,NA,NA,0.0,0,-46.54,-40.77,[],0,0,[],[]
13928330,13929130,NA,NOF,0.0,500,XIC,NA,NA,NA,NA,0.0,0,-37.9,-24.84,[],0,0,[],[]
13929130,13931310,CHI,CHN,0.0,500,XIC,RC,2,TIFI,FH,2.0,1370,-16.3,-0.86,"[{'Canonical-syllable': '0', 'Growl': '0', 'High-freq-energy': '0', 'Long-island': '1', 'Low-tilt-spectrum': '1', 'Medium-island': '0', 'Short-island': '0', 'Squeal': '0', 'Typical-entropy': '1', 'Voicing-quality': '1', 'Wide-band': '0', 'Xlong-island': '0', 'seq': '1', 'end': 13929.98, 'start': 13929.13}, {'Canonical-syllable': '0', 'Growl': '0', 'High-freq-energy': '0', 'Long-island': '0', 'Low-tilt-spectrum': '0', 'Medium-island': '1', 'Short-island': '0', 'Squeal': '0', 'Typical-entropy': '0', 'Voicing-quality': '1', 'Wide-band': '0', 'Xlong-island': '0', 'seq': '2', 'end': 13930.88, 'start': 13930.36}]",0,0,[],[]
13931310,13933470,NA,SIL,0.0,500,XIC,NA,NA,NA,NA,0.0,0,-43.95,-40.24,[],0,0,[],[]
13933470,13934620,NA,NOF,0.0,500,XIC,NA,NA,NA,NA,0.0,0,-45.6,-39.43,[],0,0,[],[]
13934620,13935820,FEM,FAN,4.59,500,XIC,RC,3,TIFR,FI,0.0,0,-30.08,-21.61,[],0,0,[],[]
13935820,13936720,NA,FAF,0.0,500,XIC,NA,NA,NA,NA,0.0,0,-42.49,-32.35,[],0,0,[],[]
13936720,13938230,NA,SIL,0.0,500,XIC,NA,NA,NA,NA,0.0,0,-50.32,-47.35,[],0,0,[],[]
13938230,13939270,FEM,FAN,5.71,500,XIC,EC,3,NT,FH,0.0,0,-37.81,-32.34,[],0,0,[],[]
13939270,13940340,NA,NOF,0.0,501,pause,NA,NA,NA,NA,0.0,0,-30.84,-14.6,[],0,0,[],[]
13940340,13941150,NA,OLF,0.0,501,pause,NA,NA,NA,NA,0.0,0,-31.91,-22.0,[],0,0,[],[]
13941150,13942590,NA,NOF,0.0,501,pause,NA,NA,NA,NA,0.0,0,-48.72,-39.32,[],0,0,[],[]
13942590,13945040,NA,SIL,0.0,501,pause,NA,NA,NA,NA,0.0,0,-51.64,-44.5,[],0,0,[],[]
13945040,13945640,NA,FAF,0.0,501,pause,NA,NA,NA,NA,0.0,0,-48.25,-40.1,[],0,0,[],[]
13945640,13947100,NA,SIL,0.0,501,pause,NA,NA,NA,NA,0.0,0,-51.26,-43.99,[],0,0,[],[]
13947100,13948050,NA,NOF,0.0,501,pause,NA,NA,NA,NA,0.0,0,-47.15,-37.56,[],0,0,[],[]
13948050,13949220,MAL,MAN,3.16,501,AICM,BC,0,TIMI,FI,0.0,0,-30.5,-22.24,[],0,0,[],[]
13949220,13950020,NA,SIL,0.0,501,AICM,NA,NA,NA,NA,0.0,0,-52.12,-44.32,[],0,0,[],[]
13950020,13950920,CHI,CHN,0.0,501,AICM,RC,1,TIMR,FI,1.0,900,-23.2,-12.88,"[{'Canonical-syllable': '2', 'Growl': '1', 'High-freq-energy': '0', 'Long-island': '0', 'Low-tilt-spectrum': '2', 'Medium-island': '0', 'Short-island': '3', 'Squeal': '0', 'Typical-entropy': '2', 'Voicing-quality': '2', 'Wide-band': '0', 'Xlong-island': '0', 'seq': '1', 'end': 13950.92, 'start': 13950.15}]",0,0,[],[]
13950920,13951720,OCH,CXN,0.0,501,AICM,RC,1,NT,FI,0.0,0,-30.18,-19.21,[],0,0,[],[]
13951720,13952730,MAL,MAN,0.17,501,AICM,RC,1,TIMI,FI,0.0,0,-33.09,-27.92,[],0,0,[],[]
13952730,13953730,NA,SIL,0.0,501,AICM,NA,NA,NA,NA,0.0,0,-53.8,-46.57,[],0,0,[],[]
13953730,13954850,CHI,CHN,0.0,501,AICM,RC,2,TIMR,FI,1.0,960,-20.93,-14.48,"[{'Canonical-syllable': '0', 'Growl': '0', 'High-freq-energy': '0', 'Long-island': '0', 'Low-tilt-spectrum': '1', 'Medium-island': '0', 'Short-island': '0', 'Squeal': '0', 'Typical-entropy': '1', 'Voicing-quality': '1', 'Wide-band': '0', 'Xlong-island': '1', 'seq': '1', 'end': 13954.69, 'start': 13953.73}]",0,0,[],[]
13954850,13955850,MAL,MAN,0.0,501,AICM,NA,NA,NA,NA,0.0,0,-43.6,-34.7,[],1000,0,[],[]
13955850,13957000,OCH,CXN,0.0,501,AICM,RC,2,NT,FI,0.0,0,-37.07,-26.7,[],0,0,[],[]
13957000,13957620,CHI,CHN,0.0,501,AICM,RC,2,TIMI,FI,1.0,620,-20.59,-14.33,"[{'Canonical-syllable': '0', 'Growl': '0', 'High-freq-energy': '0', 'Long-island': '0', 'Low-tilt-spectrum': '1', 'Medium-island': '1', 'Short-island': '0', 'Squeal': '0', 'Typical-entropy': '0', 'Voicing-quality': '1', 'Wide-band': '0', 'Xlong-island': '0', 'seq': '1', 'end': 13957.62, 'start': 13957.27}]",0,0,[],[]
13957620,13958580,NA,NOF,0.0,501,AICM,NA,NA,NA,NA,0.0,0,-45.46,-34.19,[],0,0,[],[]
13958580,13959960,CHI,CHN,0.0,501,AICM,NA,NA,NA,NA,0.0,0,-16.64,-5.56,[],0,1380,"[{'start': 13958.58, 'end': 13959.96}]",[]
13959960,13961270,MAL,MAN,5.29,501,AICM,RC,3,TIMR,FI,0.0,0,-30.22,-23.54,[],0,0,[],[]
13961270,13962070,NA,SIL,0.0,501,AICM,NA,NA,NA,NA,0.0,0,-46.18,-36.07,[],0,0,[],[]
13962070,13962870,NA,NOF,0.0,501,AICM,NA,NA,NA,NA,0.0,0,-44.61,-38.09,[],0,0,[],[]
13962870,13963640,CHI,CHN,0.0,501,AICM,RC,3,TIME,FI,1.0,770,-24.42,-18.08,"[{'Canonical-syllable': '0', 'Growl': '1', 'High-freq-energy': '1', 'Long-island': '0', 'Low-tilt-spectrum': '0', 'Medium-island': '1', 'Short-island': '1', 'Squeal': '0', 'Typical-entropy': '1', 'Voicing-quality': '2', 'Wide-band': '0', 'Xlong-island': '0', 'seq': '1', 'end': 13963.64, 'start': 13962.87}]",0,0,[],[]
13963640,13964970,OCH,CXN,0.0,501,AICM,RC,3,NT,FI,0.0,0,-26.48,-16.57,[],0,0,[],[]
13964970,13966110,MAL,MAN,2.65,501,AICM,RC,3,NT,FI,0.0,0,-30.17,-21.23,[],0,0,[],[]
13966110,13967540,NA,NOF,0.0,501,AICM,NA,NA,NA,NA,0.0,0,-51.23,-37.52,[],0,0,[],[]
13967540,13968440,NA,SIL,0.0,501,AICM,NA,NA,NA,NA,0.0,0,-54.77,-51.38,[],0,0,[],[]
13968440,13970920,FEM,FAN,8.15,501,AICM,RC,3,TIFI,FI,0.0,0,-36.85,-29.28,[],0,0,[],[]
13970920,13971720,NA,FAF,0.0,501,AICM,NA,NA,NA,NA,0.0,0,-39.47,-28.86,[],0,0,[],[]
13971720,13972320,CHI,CHN,0.0,501,AICM,RC,4,TIFR,FI,1.0,460,-23.84,-14.73,"[{'Canonical-syllable': '1', 'Growl': '1', 'High-freq-energy': '0', 'Long-island': '0', 'Low-tilt-spectrum': '0', 'Medium-island': '1', 'Short-island': '0', 'Squeal': '0', 'Typical-entropy': '1', 'Voicing-quality': '2', 'Wide-band': '1', 'Xlong-island': '0', 'seq': '1', 'end': 13972.18, 'start': 13971.72}]",0,0,[],[]
13972320,13973360,MAL,MAN,1.84,501,AICM,RC,4,TIME,FI,0.0,0,-30.83,-22.0,[],0,0,[],[]
13973360,13974560,CHI,CHN,0.0,501,AICM,NA,NA,NA,NA,0.0,0,-21.38,-13.34,[],0,1090,"[{'start': 13973.36, 'end': 13974.45}]",[]
13974560,13975420,OCH,CXN,0.0,501,AICM,RC,4,NT,FI,0.0,0,-22.02,-12.12,[],0,0,[],[]
13975420,13976420,FEM,FAN,6.43,501,AICM,RC,4,TIFI,FI,0.0,0,-36.98,-29.25,[],0,0,[],[]
13976420,13977040,CHI,CHN,0.0,501,AICM,RC,5,TIFR,FI,1.0,220,-28.7,-21.93,"[{'Canonical-syllable': '0', 'Growl': '0', 'High-freq-energy': '0', 'Long-island': '0', 'Low-tilt-spectrum': '1', 'Medium-island': '0', 'Short-island': '1', 'Squeal': '0', 'Typical-entropy': '1', 'Voicing-quality': '1', 'Wide-band': '0', 'Xlong-island': '0', 'seq': '1', 'end': 13977.04, 'start': 13976.82}]",0,0,[],[]
13977040,13978420,FEM,FAN,8.76,501,AICM,RC,5,TIFE,FI,0.0,0,-33.58,-24.52,[],0,0,[],[]
13978420,13979230,NA,SIL,0.0,501,AICM,NA,NA,NA,NA,0.0,0,-53.71,-46.94,[],0,0,[],[]
13979230,13980030,FEM,FAN,1.75,501,AICM,RC,5,NT,FH,0.0,0,-27.94,-20.91,[],0,0,[],[]
13980030,13980830,NA,NON,0.0,501,AICM,NA,NA,NA,NA,0.0,0,-19.48,-9.23,[],0,0,[],[]
13980830,13981630,NA,OLN,0.0,501,AICM,NA,NA,NA,NA,0.0,0,-27.07,-15.59,[],0,0,[],[]
13981630,13984520,FEM,FAN,10.66,501,AICM,RC,5,TIFI,FH,0.0,0,-34.81,-20.36,[],0,0,[],[]
13984520,13985330,NA,OLN,0.0,501,AICM,NA,NA,NA,NA,0.0,0,-34.63,-22.46,[],0,0,[],[]
13985330,13986330,NA,FAF,0.0,501,AICM,NA,NA,NA,NA,0.0,0,-41.61,-33.87,[],0,0,[],[]
13986330,13987790,NA,NOF,0.0,501,AICM,NA,NA,NA,NA,0.0,0,-47.63,-35.3,[],0,0,[],[]
13987790,13988450,CHI,CHN,0.0,501,AICM,RC,6,TIFR,FI,1.0,660,-16.87,-10.61,"[{'Canonical-syllable': '0', 'Growl': '0', 'High-freq-energy': '0', 'Long-island': '0', 'Low-tilt-spectrum': '0', 'Medium-island': '1', 'Short-island': '0', 'Squeal': '0', 'Typical-entropy': '0', 'Voicing-quality': '1', 'Wide-band': '0', 'Xlong-island': '0', 'seq': '1', 'end': 13988.45, 'start': 13988.06}]",0,0,[],[]
13988450,13989250,OCH,CXN,0.0,501,AICM,RC,6,NT,FI,0.0,0,-18.84,-9.87,[],0,0,[],[]
13989250,13989860,CHI,CHN,0.0,501,AICM,RC,6,NT,FI,1.0,610,-24.62,-19.16,"[{'Canonical-syllable': '0', 'Growl': '1', 'High-freq-energy': '0', 'Long-island': '0', 'Low-tilt-spectrum': '0', 'Medium-island': '1', 'Short-island': '0', 'Squeal': '0', 'Typical-entropy': '1', 'Voicing-quality': '1', 'Wide-band': '0', 'Xlong-island': '0', 'seq': '1', 'end': 13989.86, 'start': 13989.46}]",0,0,[],[]
13989860,13990660,NA,FAF,0.0,501,AICM,NA,NA,NA,NA,0.0,0,-46.15,-32.96,[],0,0,[],[]
13990660,13991730,OCH,CXN,0.0,501,AICM,RC,6,NT,FI,0.0,0,-20.01,-11.23,[],0,0,[],[]
13991730,13993190,CHI,CHN,0.0,501,AICM,RC,6,NT,FI,1.0,910,-17.69,-8.82,"[{'Canonical-syllable': '0', 'Growl': '0', 'High-freq-energy': '0', 'Long-island': '0', 'Low-tilt-spectrum': '1', 'Medium-island': '2', 'Short-island': '0', 'Squeal': '0', 'Typical-entropy': '2', 'Voicing-quality': '2', 'Wide-band': '0', 'Xlong-island': '0', 'seq': '1', 'end': 13992.64, 'start': 13991.73}]",0,0,[],[]
13993190,13993990,CHI,CHN,0.0,501,AICM,RC,6,NT,FH,1.0,800,-17.86,-11.71,"[{'Canonical-syllable': '1', 'Growl': '0', 'High-freq-energy': '0', 'Long-island': '0', 'Low-tilt-spectrum': '1', 'Medium-island': '1', 'Short-island': '1', 'Squeal': '0', 'Typical-entropy': '2', 'Voicing-quality': '2', 'Wide-band': '0', 'Xlong-island': '0', 'seq': '1', 'end': 13993.99, 'start': 13993.34}]",0,0,[],[]
13993990,13995120,CHI,CHN,0.0,501,AICM,RC,6,NT,FH,1.0,870,-27.07,-19.58,"[{'Canonical-syllable': '0', 'Growl': '1', 'High-freq-energy': '0', 'Long-island': '0', 'Low-tilt-spectrum': '1', 'Medium-island': '1', 'Short-island': '1', 'Squeal': '0', 'Typical-entropy': '2', 'Voicing-quality': '1', 'Wide-band': '0', 'Xlong-island': '0', 'seq': '1', 'end': 13994.86, 'start': 13993.99}]",0,0,[],[]
13995120,13996160,NA,SIL,0.0,501,AICM,NA,NA,NA,NA,0.0,0,-53.29,-43.73,[],0,0,[],[]
13996160,13996760,CHI,CHN,0.0,501,AICM,RC,6,NT,FH,1.0,600,-23.59,-14.99,"[{'Canonical-syllable': '0', 'Growl': '0', 'High-freq-energy': '0', 'Long-island': '0', 'Low-tilt-spectrum': '0', 'Medium-island': '1', 'Short-island': '0', 'Squeal': '0', 'Typical-entropy': '0', 'Voicing-quality': '1', 'Wide-band': '0', 'Xlong-island': '0', 'seq': '1', 'end': 13996.76, 'start': 13996.35}]",0,0,[],[]
13996760,13997870,OCH,CXN,0.0,501,AICM,RC,6,NT,FI,0.0,0,-25.51,-18.21,[],0,0,[],[]
13997870,13998670,NA,FAF,0.0,501,AICM,NA,NA,NA,NA,0.0,0,-47.25,-36.89,[],0,0,[],[]
13998670,13999470,OCH,CXN,0.0,501,AICM,RC,6,NT,FH,0.0,0,-38.39,-32.47,[],0,0,[],[]
13999470,14000490,NA,MAF,0.0,501,AICM,NA,NA,NA,NA,0.0,0,-35.91,-25.88,[],0,0,[],[]
14000490,14001290,NA,CXF,0.0,501,AICM,NA,NA,NA,NA,0.0,0,-45.7,-36.95,[],0,0,[],[]
14001290,14002350,NA,SIL,0.0,501,AICM,NA,NA,NA,NA,0.0,0,-53.57,-45.98,[],0,0,[],[]
14002350,14003000,CHI,CHN,0.0,501,AICM,NA,NA,NA,NA,0.0,0,-15.33,-7.77,[],0,650,"[{'start': 14002.35, 'end': 14003.0}]",[]
14003000,14003870,CHI,CHN,0.0,501,AICM,RC,6,NT,FI,1.0,580,-18.57,-7.33,"[{'Canonical-syllable': '1', 'Growl': '0', 'High-freq-energy': '1', 'Long-island': '0', 'Low-tilt-spectrum': '1', 'Medium-island': '1', 'Short-island': '0', 'Squeal': '0', 'Typical-entropy': '1', 'Voicing-quality': '1', 'Wide-band': '0', 'Xlong-island': '0', 'seq': '1', 'end': 14003.58, 'start': 14003.19}]",0,0,[],[]
14003870,14006010,NA,SIL,0.0,501,AICM,NA,NA,NA,NA,0.0,0,-55.45,-51.05,[],0,0,[],[]
14006010,14007060,CHI,CHN,0.0,501,AICM,RC,6,NT,FH,1.0,1050,-21.5,-14.01,"[{'Canonical-syllable': '0', 'Growl': '0', 'High-freq-energy': '0', 'Long-island': '0', 'Low-tilt-spectrum': '1', 'Medium-island': '1', 'Short-island': '1', 'Squeal': '0', 'Typical-entropy': '2', 'Voicing-quality': '2', 'Wide-band': '0', 'Xlong-island': '0', 'seq': '1', 'end': 14007.06, 'start': 14006.13}]",0,0,[],[]
14007060,14008210,NA,FAF,0.0,501,AICM,NA,NA,NA,NA,0.0,0,-42.87,-27.84,[],0,0,[],[]
14008210,14009690,NA,MAF,0.0,501,AICM,NA,NA,NA,NA,0.0,0,-33.28,-23.84,[],0,0,[],[]
14009690,14010490,NA,SIL,0.0,501,AICM,NA,NA,NA,NA,0.0,0,-53.06,-45.19,[],0,0,[],[]
14010490,14011090,CHI,CHN,0.0,501,AICM,RC,6,NT,FH,1.0,600,-25.56,-16.73,"[{'Canonical-syllable': '0', 'Growl': '0', 'High-freq-energy': '0', 'Long-island': '0', 'Low-tilt-spectrum': '0', 'Medium-island': '1', 'Short-island': '0', 'Squeal': '0', 'Typical-entropy': '1', 'Voicing-quality': '1', 'Wide-band': '0', 'Xlong-island': '0', 'seq': '1', 'end': 14011.09, 'start': 14010.58}]",0,0,[],[]
14011090,14011920,NA,SIL,0.0,501,AICM,NA,NA,NA,NA,0.0,0,-51.9,-42.59,[],0,0,[],[]
14011920,14014130,CHI,CHN,0.0,501,AICM,RC,6,NT,FH,1.0,2040,-26.09,-17.23,"[{'Canonical-syllable': '0', 'Growl': '0', 'High-freq-energy': '0', 'Long-island': '1', 'Low-tilt-spectrum': '1', 'Medium-island': '2', 'Short-island': '1', 'Squeal': '0', 'Typical-entropy': '2', 'Voicing-quality': '4', 'Wide-band': '0', 'Xlong-island': '0', 'seq': '1', 'end': 14013.96, 'start': 14011.92}]",0,0,[],[]
14014130,14015420,NA,SIL,0.0,501,AICM,NA,NA,NA,NA,0.0,0,-28.02,-7.1,[],0,0,[],[]
14015420,14016170,CHI,CHN,0.0,501,AICM,RC,6,NT,FH,1.0,750,-24.08,-16.37,"[{'Canonical-syllable': '1', 'Growl': '0', 'High-freq-energy': '0', 'Long-island': '0', 'Low-tilt-spectrum': '0', 'Medium-island': '0', 'Short-island': '3', 'Squeal': '0', 'Typical-entropy': '0', 'Voicing-quality': '3', 'Wide-band': '1', 'Xlong-island': '0', 'seq': '1', 'end': 14016.17, 'start': 14015.42}]",0,0,[],[]
14016170,14017050,OCH,CXN,0.0,501,AICM,RC,6,NT,FI,0.0,0,-25.41,-15.11,[],0,0,[],[]
14017050,14018020,NA,SIL,0.0,501,AICM,NA,NA,NA,NA,0.0,0,-53.99,-50.67,[],0,0,[],[]
14018020,14019170,NA,NOF,0.0,501,AICM,NA,NA,NA,NA,0.0,0,-49.71,-40.36,[],0,0,[],[]
14019170,14020140,CHI,CHN,0.0,501,AICM,RC,6,TIMI,FI,1.0,970,-31.67,-25.61,"[{'Canonical-syllable': '0', 'Growl': '0', 'High-freq-energy': '0', 'Long-island': '0', 'Low-tilt-spectrum': '1', 'Medium-island': '0', 'Short-island': '0', 'Squeal': '0', 'Typical-entropy': '1', 'Voicing-quality': '1', 'Wide-band': '0', 'Xlong-island': '1', 'seq': '1', 'end': 14020.14, 'start': 14019.17}]",0,0,[],[]
14020140,14021250,NA,OLN,0.0,501,AICM,NA,NA,NA,NA,0.0,0,-34.74,-23.23,[],0,0,[],[]
14021250,14024180,MAL,MAN,9.77,501,AICM,RC,7,TIMR,FI,0.0,0,-30.97,-22.63,[],0,0,[],[]
14024180,14025240,FEM,FAN,2.96,501,AICM,RC,7,NT,FI,0.0,0,-31.88,-21.83,[],0,0,[],[]
14025240,14027600,MAL,MAN,9.73,501,AICM,RC,7,NT,FI,0.0,0,-34.45,-27.18,[],0,0,[],[]
14027600,14028810,NA,OLN,0.0,501,AICM,NA,NA,NA,NA,0.0,0,-17.26,-8.51,[],0,0,[],[]
14028810,14030140,OCH,CXN,0.0,501,AICM,RC,7,NT,FI,0.0,0,-18.09,-9.67,[],0,0,[],[]
14030140,14031780,OCH,CXN,0.0,501,AICM,RC,7,NT,FH,0.0,0,-26.1,-16.66,[],0,0,[],[]
14031780,14032780,MAL,MAN,6.84,501,AICM,RC,7,NT,FI,0.0,0,-21.92,-15.43,[],0,0,[],[]
14032780,14033670,OCH,CXN,0.0,501,AICM,RC,7,NT,FI,0.0,0,-27.74,-19.72,[],0,0,[],[]
14033670,14034680,MAL,MAN,3.3,501,AICM,RC,7,NT,FI,0.0,0,-28.35,-20.96,[],0,0,[],[]
14034680,14036220,OCH,CXN,0.0,501,AICM,RC,7,NT,FI,0.0,0,-27.44,-18.79,[],0,0,[],[]
14036220,14037430,NA,OLF,0.0,501,AICM,NA,NA,NA,NA,0.0,0,-36.05,-25.52,[],0,0,[],[]
14037430,14039040,MAL,MAN,7.66,501,AICM,EC,7,NT,FI,0.0,0,-22.77,-12.67,[],0,0,[],[]
14039040,14039840,NA,OLN,0.0,502,pause,NA,NA,NA,NA,0.0,0,-21.38,-10.82,[],0,0,[],[]
14039840,14040440,CHI,CHN,0.0,502,pause,NA,NA,NA,NA,0.0,0,-11.86,-5.28,[],0,600,"[{'start': 14039.84, 'end': 14040.44}]",[]
14040440,14044220,NA,OLN,0.0,502,pause,NA,NA,NA,NA,0.0,0,-24.54,-5.85,[],0,0,[],[]
14044220,14046060,MAL,MAN,8.39,502,AMM,EC,0,NT,FI,0.0,0,-32.75,-24.48,[],0,0,[],[]
14046060,14047390,NA,NOF,0.0,503,pause,NA,NA,NA,NA,0.0,0,-44.29,-32.95,[],0,0,[],[]
14047390,14048490,NA,OLF,0.0,503,pause,NA,NA,NA,NA,0.0,0,-19.7,-4.91,[],0,0,[],[]
14048490,14053450,NA,NOF,0.0,503,pause,NA,NA,NA,NA,0.0,0,-40.38,-20.31,[],0,0,[],[]
14053450,14054720,NA,SIL,0.0,503,pause,NA,NA,NA,NA,0.0,0,-47.93,-41.2,[],0,0,[],[]
14054720,14055520,NA,NOF,0.0,503,pause,NA,NA,NA,NA,0.0,0,-44.05,-36.83,[],0,0,[],[]
14055520,14056520,MAL,MAN,5.41,503,AICM,BC,0,TIMI,FI,0.0,0,-36.78,-25.17,[],0,0,[],[]
14056520,14057320,NA,OLF,0.0,503,AICM,NA,NA,NA,NA,0.0,0,-35.56,-24.72,[],0,0,[],[]
14057320,14058120,NA,NOF,0.0,503,AICM,NA,NA,NA,NA,0.0,0,-42.82,-34.27,[],0,0,[],[]
14058120,14059120,CHI,CHN,0.0,503,AICM,RC,1,TIMR,FI,1.0,620,-21.95,-11.79,"[{'Canonical-syllable': '0', 'Growl': '0', 'High-freq-energy': '0', 'Long-island': '0', 'Low-tilt-spectrum': '0', 'Medium-island': '1', 'Short-island': '0', 'Squeal': '0', 'Typical-entropy': '0', 'Voicing-quality': '2', 'Wide-band': '0', 'Xlong-island': '0', 'seq': '1', 'end': 14058.74, 'start': 14058.12}]",0,0,[],[]
14059120,14061150,OCH,CXN,0.0,503,AICM,RC,1,NT,FI,0.0,0,-20.97,-9.01,[],0,0,[],[]
14061150,14062660,OCH,CXN,0.0,503,AICM,RC,1,NT,FH,0.0,0,-20.6,-10.87,[],0,0,[],[]
14062660,14063470,NA,NOF,0.0,503,AICM,NA,NA,NA,NA,0.0,0,-44.23,-28.4,[],0,0,[],[]
14063470,14064730,OCH,CXN,0.0,503,AICM,RC,1,NT,FH,0.0,0,-17.63,-10.34,[],0,0,[],[]
14064730,14066380,OCH,CXN,0.0,503,AICM,RC,1,NT,FH,0.0,0,-22.42,-10.6,[],0,0,[],[]
14066380,14067400,CHI,CHN,0.0,503,AICM,RC,1,NT,FI,1.0,740,-32.17,-25.25,"[{'Canonical-syllable': '1', 'Growl': '1', 'High-freq-energy': '0', 'Long-island': '0', 'Low-tilt-spectrum': '0', 'Medium-island': '1', 'Short-island': '1', 'Squeal': '0', 'Typical-entropy': '0', 'Voicing-quality': '2', 'Wide-band': '0', 'Xlong-island': '0', 'seq': '1', 'end': 14067.12, 'start': 14066.38}]",0,0,[],[]
14067400,14068400,NA,TVN,0.0,503,AICM,NA,NA,NA,NA,0.0,0,-31.63,-25.32,[],0,0,[],[]
14068400,14069200,NA,SIL,0.0,503,AICM,NA,NA,NA,NA,0.0,0,-53.58,-48.77,[],0,0,[],[]
14069200,14070270,MAL,MAN,0.0,503,AICM,NA,NA,NA,NA,0.0,0,-39.92,-30.65,[],1070,0,[],[]
14070270,14071130,NA,NOF,0.0,503,AICM,NA,NA,NA,NA,0.0,0,-44.87,-34.61,[],0,0,[],[]
14071130,14071770,CHI,CHN,0.0,503,AICM,RC,1,TIMI,FH,1.0,640,-25.1,-18.99,"[{'Canonical-syllable': '0', 'Growl': '1', 'High-freq-energy': '0', 'Long-island': '0', 'Low-tilt-spectrum': '0', 'Medium-island': '1', 'Short-island': '0', 'Squeal': '0', 'Typical-entropy': '1', 'Voicing-quality': '1', 'Wide-band': '0', 'Xlong-island': '0', 'seq': '1', 'end': 14071.77, 'start': 14071.13}]",0,0,[],[]
14071770,14072770,MAL,MAN,5.07,503,AICM,RC,2,TIMR,FI,0.0,0,-30.42,-23.81,[],0,0,[],[]
14072770,14074000,NA,NOF,0.0,503,AICM,NA,NA,NA,NA,0.0,0,-50.18,-42.39,[],0,0,[],[]
14074000,14074810,NA,SIL,0.0,503,AICM,NA,NA,NA,NA,0.0,0,-52.13,-47.2,[],0,0,[],[]
14074810,14075810,NA,MAF,0.0,503,AICM,NA,NA,NA,NA,0.0,0,-38.46,-33.54,[],0,0,[],[]
14075810,14076710,NA,NOF,0.0,503,AICM,NA,NA,NA,NA,0.0,0,-27.69,-8.37,[],0,0,[],[]
14076710,14077310,CHI,CHN,0.0,503,AICM,RC,2,TIME,FI,1.0,600,-16.18,-9.65,"[{'Canonical-syllable': '0', 'Growl': '0', 'High-freq-energy': '0', 'Long-island': '0', 'Low-tilt-spectrum': '0', 'Medium-island': '1', 'Short-island': '0', 'Squeal': '0', 'Typical-entropy': '0', 'Voicing-quality': '1', 'Wide-band': '0', 'Xlong-island': '0', 'seq': '1', 'end': 14077.31, 'start': 14076.82}]",0,0,[],[]
14077310,14080040,NA,MAF,0.0,503,AICM,NA,NA,NA,NA,0.0,0,-32.4,-21.08,[],0,0,[],[]
14080040,14081960,NA,NOF,0.0,503,AICM,NA,NA,NA,NA,0.0,0,-44.8,-33.35,[],0,0,[],[]
14081960,14082960,CHI,CHN,0.0,503,AICM,RC,2,NT,FH,1.0,590,-19.0,-9.58,"[{'Canonical-syllable': '0', 'Growl': '0', 'High-freq-energy': '0', 'Long-island': '0', 'Low-tilt-spectrum': '0', 'Medium-island': '0', 'Short-island': '2', 'Squeal': '0', 'Typical-entropy': '1', 'Voicing-quality': '2', 'Wide-band': '0', 'Xlong-island': '0', 'seq': '1', 'end': 14082.96, 'start': 14082.37}]",0,0,[],[]
14082960,14083560,CHI,CHN,0.0,503,AICM,RC,2,TIFI,FH,1.0,490,-19.13,-11.38,"[{'Canonical-syllable': '0', 'Growl': '1', 'High-freq-energy': '0', 'Long-island': '0', 'Low-tilt-spectrum': '0', 'Medium-island': '1', 'Short-island': '0', 'Squeal': '0', 'Typical-entropy': '1', 'Voicing-quality': '2', 'Wide-band': '0', 'Xlong-island': '0', 'seq': '1', 'end': 14083.45, 'start': 14082.96}]",0,0,[],[]
14083560,14087000,FEM,FAN,12.2,503,AICM,RC,3,TIFR,FI,0.0,0,-32.78,-21.58,[],0,0,[],[]
14087000,14087800,NA,SIL,0.0,503,AICM,NA,NA,NA,NA,0.0,0,-49.45,-40.58,[],0,0,[],[]
14087800,14089710,NA,FAF,0.0,503,AICM,NA,NA,NA,NA,0.0,0,-38.92,-19.8,[],0,0,[],[]
14089710,14090780,NA,OLN,0.0,503,AICM,NA,NA,NA,NA,0.0,0,-31.0,-20.35,[],0,0,[],[]
14090780,14091600,CHI,CHN,0.0,503,AICM,NA,NA,NA,NA,0.0,0,-14.44,-9.55,[],0,820,"[{'start': 14090.78, 'end': 14091.6}]",[]
14091600,14092660,CHI,CHN,0.0,503,AICM,RC,3,TIFE,FI,1.0,1060,-24.34,-12.13,"[{'Canonical-syllable': '1', 'Growl': '0', 'High-freq-energy': '0', 'Long-island': '0', 'Low-tilt-spectrum': '0', 'Medium-island': '2', 'Short-island': '0', 'Squeal': '0', 'Typical-entropy': '1', 'Voicing-quality': '2', 'Wide-band': '0', 'Xlong-island': '0', 'seq': '1', 'end': 14092.66, 'start': 14091.6}]",0,0,[],[]
14092660,14093260,CHI,CHN,0.0,503,AICM,RC,3,NT,FH,1.0,600,-17.88,-11.37,"[{'Canonical-syllable': '1', 'Growl': '0', 'High-freq-energy': '0', 'Long-island': '0', 'Low-tilt-spectrum': '0', 'Medium-island': '1', 'Short-island': '0', 'Squeal': '0', 'Typical-entropy': '0', 'Voicing-quality': '1', 'Wide-band': '0', 'Xlong-island': '0', 'seq': '1', 'end': 14093.26, 'start': 14092.88}]",0,0,[],[]
14093260,14094320,CHI,CHN,0.0,503,AICM,RC,3,NT,FH,2.0,750,-17.96,-10.35,"[{'Canonical-syllable': '0', 'Growl': '1', 'High-freq-energy': '0', 'Long-island': '0', 'Low-tilt-spectrum': '0', 'Medium-island': '0', 'Short-island': '0', 'Squeal': '0', 'Typical-entropy': '0', 'Voicing-quality': '1', 'Wide-band': '0', 'Xlong-island': '0', 'seq': '1', 'end': 14093.35, 'start': 14093.26}, {'Canonical-syllable': '0', 'Growl': '1', 'High-freq-energy': '0', 'Long-island': '0', 'Low-tilt-spectrum': '1', 'Medium-island': '1', 'Short-island': '1', 'Squeal': '0', 'Typical-entropy': '2', 'Voicing-quality': '2', 'Wide-band': '0', 'Xlong-island': '0', 'seq': '2', 'end': 14094.32, 'start': 14093.66}]",0,0,[],[]
14094320,14096490,NA,NOF,0.0,503,AICM,NA,NA,NA,NA,0.0,0,-40.59,-23.33,[],0,0,[],[]
14096490,14097470,NA,OLF,0.0,503,AICM,NA,NA,NA,NA,0.0,0,-34.01,-19.37,[],0,0,[],[]
14097470,14098130,CHI,CHN,0.0,503,AICM,RC,3,NT,FH,1.0,660,-27.23,-22.11,"[{'Canonical-syllable': '0', 'Growl': '1', 'High-freq-energy': '0', 'Long-island': '0', 'Low-tilt-spectrum': '1', 'Medium-island': '1', 'Short-island': '0', 'Squeal': '0', 'Typical-entropy': '1', 'Voicing-quality': '1', 'Wide-band': '0', 'Xlong-island': '0', 'seq': '1', 'end': 14098.13, 'start': 14097.73}]",0,0,[],[]
14098130,14099050,NA,NOF,0.0,503,AICM,NA,NA,NA,NA,0.0,0,-38.69,-22.88,[],0,0,[],[]
14099050,14100320,NA,OLF,0.0,503,AICM,NA,NA,NA,NA,0.0,0,-20.86,-6.12,[],0,0,[],[]
14100320,14101870,NA,NOF,0.0,503,AICM,NA,NA,NA,NA,0.0,0,-39.65,-21.18,[],0,0,[],[]
14101870,14102890,CHI,CHN,0.0,503,AICM,RC,3,NT,FH,1.0,870,-19.18,-11.09,"[{'Canonical-syllable': '0', 'Growl': '0', 'High-freq-energy': '0', 'Long-island': '1', 'Low-tilt-spectrum': '0', 'Medium-island': '0', 'Short-island': '0', 'Squeal': '0', 'Typical-entropy': '0', 'Voicing-quality': '1', 'Wide-band': '0', 'Xlong-island': '0', 'seq': '1', 'end': 14102.74, 'start': 14101.87}]",0,0,[],[]
14102890,14103720,NA,OLN,0.0,503,AICM,NA,NA,NA,NA,0.0,0,-39.33,-32.21,[],0,0,[],[]
14103720,14104720,CHI,CHN,0.0,503,AICM,EC,3,NT,FH,1.0,830,-25.77,-19.35,"[{'Canonical-syllable': '0', 'Growl': '0', 'High-freq-energy': '0', 'Long-island': '1', 'Low-tilt-spectrum': '0', 'Medium-island': '0', 'Short-island': '0', 'Squeal': '0', 'Typical-entropy': '0', 'Voicing-quality': '1', 'Wide-band': '0', 'Xlong-island': '0', 'seq': '1', 'end': 14104.55, 'start': 14103.72}]",0,0,[],[]
14104720,14109800,NA,NOF,0.0,504,pause,NA,NA,NA,NA,0.0,0,-48.17,-38.84,[],0,0,[],[]
14109800,14110400,CHI,CHN,0.0,504,pause,NA,NA,NA,NA,0.0,0,-12.63,-4.31,[],0,600,"[{'start': 14109.8, 'end': 14110.4}]",[]
14110400,14111760,NA,NON,0.0,504,pause,NA,NA,NA,NA,0.0,0,-31.54,-23.0,[],0,0,[],[]
14111760,14113200,CHI,CHN,0.0,504,CIOCX,BC,0,NT,FI,1.0,1440,-16.78,-7.35,"[{'Canonical-syllable': '1', 'Growl': '0', 'High-freq-energy': '0', 'Long-island': '0', 'Low-tilt-spectrum': '0', 'Medium-island': '1', 'Short-island': '3', 'Squeal': '0', 'Typical-entropy': '2', 'Voicing-quality': '4', 'Wide-band': '0', 'Xlong-island': '0', 'seq': '1', 'end': 14113.2, 'start': 14111.76}]",0,0,[],[]
14113200,14114380,OCH,CXN,0.0,504,CIOCX,RC,0,NT,FI,0.0,0,-26.24,-15.56,[],0,0,[],[]
14114380,14116070,NA,NOF,0.0,504,CIOCX,NA,NA,NA,NA,0.0,0,-44.58,-31.78,[],0,0,[],[]
14116070,14116870,NA,SIL,0.0,504,CIOCX,NA,NA,NA,NA,0.0,0,-48.22,-37.96,[],0,0,[],[]
14116870,14117680,OCH,CXN,0.0,504,CIOCX,EC,0,NT,FH,0.0,0,-37.39,-26.58,[],0,0,[],[]
14117680,14119010,NA,NOF,0.0,505,pause,NA,NA,NA,NA,0.0,0,-38.7,-22.06,[],0,0,[],[]
14119010,14120740,NA,OLN,0.0,505,pause,NA,NA,NA,NA,0.0,0,-28.39,-13.64,[],0,0,[],[]
14120740,14123080,NA,NON,0.0,505,pause,NA,NA,NA,NA,0.0,0,-25.11,-3.6,[],0,0,[],[]
14123080,14123960,NA,OLN,0.0,505,pause,NA,NA,NA,NA,0.0,0,-31.74,-22.23,[],0,0,[],[]
14123960,14126180,NA,NOF,0.0,505,pause,NA,NA,NA,NA,0.0,0,-29.55,-9.43,[],0,0,[],[]
14126180,14127300,OCH,CXN,0.0,505,XIC,BC,0,NT,FI,0.0,0,-28.94,-24.58,[],0,0,[],[]
14127300,14128560,CHI,CHN,0.0,505,XIC,RC,0,NT,FI,1.0,1260,-25.06,-18.15,"[{'Canonical-syllable': '1', 'Growl': '1', 'High-freq-energy': '0', 'Long-island': '0', 'Low-tilt-spectrum': '1', 'Medium-island': '1', 'Short-island': '3', 'Squeal': '0', 'Typical-entropy': '2', 'Voicing-quality': '4', 'Wide-band': '1', 'Xlong-island': '0', 'seq': '1', 'end': 14128.56, 'start': 14127.3}]",0,0,[],[]
14128560,14129500,OCH,CXN,0.0,505,XIC,RC,0,NT,FI,0.0,0,-30.39,-20.58,[],0,0,[],[]
14129500,14130470,FEM,FAN,7.61,505,XIC,RC,0,TIFI,FI,0.0,0,-32.53,-23.65,[],0,0,[],[]
14130470,14131840,NA,NOF,0.0,505,XIC,NA,NA,NA,NA,0.0,0,-42.84,-36.27,[],0,0,[],[]
14131840,14133110,CHI,CHN,0.0,505,XIC,RC,1,TIFR,FI,1.0,1270,-20.21,-15.38,"[{'Canonical-syllable': '0', 'Growl': '0', 'High-freq-energy': '0', 'Long-island': '1', 'Low-tilt-spectrum': '0', 'Medium-island': '1', 'Short-island': '0', 'Squeal': '0', 'Typical-entropy': '1', 'Voicing-quality': '2', 'Wide-band': '0', 'Xlong-island': '0', 'seq': '1', 'end': 14133.11, 'start': 14131.84}]",0,0,[],[]
14133110,14134790,NA,NOF,0.0,505,XIC,NA,NA,NA,NA,0.0,0,-45.26,-33.84,[],0,0,[],[]
14134790,14136280,MAL,MAN,4.08,505,XIC,RC,1,TIME,FI,0.0,0,-28.47,-23.65,[],0,0,[],[]
14136280,14137330,NA,NOF,0.0,505,XIC,NA,NA,NA,NA,0.0,0,-45.97,-34.21,[],0,0,[],[]
14137330,14138180,OCH,CXN,0.0,505,XIC,RC,1,NT,FI,0.0,0,-35.31,-26.56,[],0,0,[],[]
14138180,14139010,NA,OLF,0.0,505,XIC,NA,NA,NA,NA,0.0,0,-36.09,-26.56,[],0,0,[],[]
14139010,14140930,NA,NOF,0.0,505,XIC,NA,NA,NA,NA,0.0,0,-40.81,-27.32,[],0,0,[],[]
14140930,14141770,OCH,CXN,0.0,505,XIC,RC,1,NT,FH,0.0,0,-39.53,-29.02,[],0,0,[],[]
14141770,14142760,CHI,CHN,0.0,505,XIC,RC,1,NT,FI,1.0,990,-20.83,-13.38,"[{'Canonical-syllable': '0', 'Growl': '0', 'High-freq-energy': '0', 'Long-island': '0', 'Low-tilt-spectrum': '0', 'Medium-island': '2', 'Short-island': '0', 'Squeal': '0', 'Typical-entropy': '0', 'Voicing-quality': '2', 'Wide-band': '0', 'Xlong-island': '0', 'seq': '1', 'end': 14142.76, 'start': 14141.77}]",0,0,[],[]
14142760,14143760,CHI,CHN,0.0,505,XIC,RC,1,NT,FH,1.0,480,-20.71,-9.32,"[{'Canonical-syllable': '1', 'Growl': '0', 'High-freq-energy': '1', 'Long-island': '0', 'Low-tilt-spectrum': '0', 'Medium-island': '1', 'Short-island': '0', 'Squeal': '0', 'Typical-entropy': '1', 'Voicing-quality': '1', 'Wide-band': '0', 'Xlong-island': '0', 'seq': '1', 'end': 14143.63, 'start': 14143.15}]",0,0,[],[]
14143760,14147000,CHI,CHN,0.0,505,XIC,RC,1,NT,FH,2.0,2540,-19.29,-10.99,"[{'Canonical-syllable': '1', 'Growl': '0', 'High-freq-energy': '0', 'Long-island': '0', 'Low-tilt-spectrum': '2', 'Medium-island': '0', 'Short-island': '3', 'Squeal': '0', 'Typical-entropy': '1', 'Voicing-quality': '3', 'Wide-band': '0', 'Xlong-island': '0', 'seq': '1', 'end': 14144.55, 'start': 14143.76}, {'Canonical-syllable': '2', 'Growl': '0', 'High-freq-energy': '1', 'Long-island': '0', 'Low-tilt-spectrum': '2', 'Medium-island': '3', 'Short-island': '1', 'Squeal': '0', 'Typical-entropy': '3', 'Voicing-quality': '4', 'Wide-band': '0', 'Xlong-island': '0', 'seq': '2', 'end': 14147.0, 'start': 14145.25}]",0,0,[],[]
14147000,14147820,NA,OLN,0.0,505,XIC,NA,NA,NA,NA,0.0,0,-24.41,-12.8,[],0,0,[],[]
14147820,14149040,NA,MAF,0.0,505,XIC,NA,NA,NA,NA,0.0,0,-41.37,-30.63,[],0,0,[],[]
14149040,14150240,NA,OLN,0.0,505,XIC,NA,NA,NA,NA,0.0,0,-28.88,-18.15,[],0,0,[],[]
14150240,14151170,NA,NOF,0.0,505,XIC,NA,NA,NA,NA,0.0,0,-20.81,-5.16,[],0,0,[],[]
14151170,14152380,CHI,CHN,0.0,505,XIC,RC,1,NT,FH,1.0,1210,-15.73,-11.36,"[{'Canonical-syllable': '1', 'Growl': '0', 'High-freq-energy': '0', 'Long-island': '0', 'Low-tilt-spectrum': '0', 'Medium-island': '2', 'Short-island': '0', 'Squeal': '0', 'Typical-entropy': '0', 'Voicing-quality': '3', 'Wide-band': '0', 'Xlong-island': '0', 'seq': '1', 'end': 14152.38, 'start': 14151.17}]",0,0,[],[]
14152380,14153440,OCH,CXN,0.0,505,XIC,RC,1,NT,FI,0.0,0,-30.82,-19.47,[],0,0,[],[]
14153440,14154040,CHI,CHN,0.0,505,XIC,NA,NA,NA,NA,0.0,0,-19.88,-6.47,[],0,360,"[{'start': 14153.68, 'end': 14154.04}]",[]
14154040,14154840,OCH,CXN,0.0,505,XIC,EC,1,NT,FH,0.0,0,-30.12,-22.14,[],0,0,[],[]
14154840,14156060,CHI,CHN,0.0,506,pause,NA,NA,NA,NA,0.0,0,-13.48,-4.98,[],0,1220,"[{'start': 14154.84, 'end': 14156.06}]",[]
14156060,14157050,NA,OLN,0.0,506,pause,NA,NA,NA,NA,0.0,0,-27.49,-13.97,[],0,0,[],[]
14157050,14157920,NA,NOF,0.0,506,pause,NA,NA,NA,NA,0.0,0,-18.24,-4.56,[],0,0,[],[]
14157920,14158520,CHI,CHN,0.0,506,pause,NA,NA,NA,NA,0.0,0,-14.75,-7.46,[],0,430,"[{'start': 14157.92, 'end': 14158.35}]",[]
14158520,14159370,NA,NON,0.0,506,pause,NA,NA,NA,NA,0.0,0,-26.99,-12.6,[],0,0,[],[]
14159370,14161550,CHI,CHN,0.0,506,pause,NA,NA,NA,NA,0.0,0,-15.24,-3.3,[],0,2180,"[{'start': 14159.37, 'end': 14161.55}]",[]
14161550,14163250,CHI,CHN,0.0,506,CM,EC,0,NT,FI,2.0,530,-20.22,-12.3,"[{'Canonical-syllable': '0', 'Growl': '0', 'High-freq-energy': '0', 'Long-island': '0', 'Low-tilt-spectrum': '0', 'Medium-island': '0', 'Short-island': '1', 'Squeal': '0', 'Typical-entropy': '0', 'Voicing-quality': '1', 'Wide-band': '0', 'Xlong-island': '0', 'seq': '1', 'end': 14161.69, 'start': 14161.55}, {'Canonical-syllable': '0', 'Growl': '0', 'High-freq-energy': '0', 'Long-island': '0', 'Low-tilt-spectrum': '0', 'Medium-island': '1', 'Short-island': '0', 'Squeal': '0', 'Typical-entropy': '0', 'Voicing-quality': '1', 'Wide-band': '0', 'Xlong-island': '0', 'seq': '2', 'end': 14163.25, 'start': 14162.86}]",0,0,[],[]
14163250,14165500,CHI,CHN,0.0,507,pause,NA,NA,NA,NA,0.0,0,-14.98,-11.47,[],0,2250,"[{'start': 14163.25, 'end': 14165.5}]",[]
14165500,14170510,NA,NOF,0.0,507,pause,NA,NA,NA,NA,0.0,0,-35.37,-15.21,[],0,0,[],[]
14170510,14171510,OCH,CXN,0.0,507,XIOCA,BC,0,NT,FI,0.0,0,-40.72,-30.75,[],0,0,[],[]
14171510,14172440,NA,OLF,0.0,507,XIOCA,NA,NA,NA,NA,0.0,0,-33.43,-21.95,[],0,0,[],[]
14172440,14176430,NA,NOF,0.0,507,XIOCA,NA,NA,NA,NA,0.0,0,-49.91,-35.84,[],0,0,[],[]
14176430,14178210,MAL,MAN,7.47,507,XIOCA,EC,0,NT,FI,0.0,0,-32.1,-26.24,[],0,0,[],[]
14178210,14179380,NA,FAF,0.0,508,pause,NA,NA,NA,NA,0.0,0,-47.88,-39.66,[],0,0,[],[]
14179380,14183040,NA,NOF,0.0,508,pause,NA,NA,NA,NA,0.0,0,-41.49,-19.39,[],0,0,[],[]
14183040,14183990,NA,SIL,0.0,508,pause,NA,NA,NA,NA,0.0,0,-55.05,-46.19,[],0,0,[],[]
14183990,14184790,NA,CXF,0.0,508,pause,NA,NA,NA,NA,0.0,0,-54.22,-49.65,[],0,0,[],[]
14184790,14185590,NA,SIL,0.0,508,pause,NA,NA,NA,NA,0.0,0,-55.1,-48.94,[],0,0,[],[]
14185590,14186500,NA,NOF,0.0,508,pause,NA,NA,NA,NA,0.0,0,-39.79,-27.63,[],0,0,[],[]
14186500,14187660,CHI,CHN,0.0,508,CIC,BC,0,NT,FI,1.0,930,-17.2,-11.11,"[{'Canonical-syllable': '0', 'Growl': '0', 'High-freq-energy': '0', 'Long-island': '1', 'Low-tilt-spectrum': '1', 'Medium-island': '0', 'Short-island': '1', 'Squeal': '0', 'Typical-entropy': '1', 'Voicing-quality': '2', 'Wide-band': '0', 'Xlong-island': '0', 'seq': '1', 'end': 14187.43, 'start': 14186.5}]",0,0,[],[]
14187660,14188430,CHI,CHN,0.0,508,CIC,RC,0,NT,FH,1.0,430,-22.32,-16.41,"[{'Canonical-syllable': '0', 'Growl': '0', 'High-freq-energy': '0', 'Long-island': '0', 'Low-tilt-spectrum': '0', 'Medium-island': '1', 'Short-island': '0', 'Squeal': '0', 'Typical-entropy': '0', 'Voicing-quality': '1', 'Wide-band': '0', 'Xlong-island': '0', 'seq': '1', 'end': 14188.09, 'start': 14187.66}]",0,0,[],[]
14188430,14189840,NA,OLN,0.0,508,CIC,NA,NA,NA,NA,0.0,0,-37.74,-21.82,[],0,0,[],[]
14189840,14190640,NA,OLF,0.0,508,CIC,NA,NA,NA,NA,0.0,0,-48.46,-38.27,[],0,0,[],[]
14190640,14193150,CHI,CHN,0.0,508,CIC,RC,0,TIFI,FH,2.0,2110,-20.22,-10.69,"[{'Canonical-syllable': '0', 'Growl': '0', 'High-freq-energy': '0', 'Long-island': '0', 'Low-tilt-spectrum': '1', 'Medium-island': '1', 'Short-island': '1', 'Squeal': '0', 'Typical-entropy': '1', 'Voicing-quality': '2', 'Wide-band': '0', 'Xlong-island': '0', 'seq': '1', 'end': 14191.3, 'start': 14190.64}, {'Canonical-syllable': '1', 'Growl': '0', 'High-freq-energy': '0', 'Long-island': '1', 'Low-tilt-spectrum': '2', 'Medium-island': '1', 'Short-island': '1', 'Squeal': '0', 'Typical-entropy': '2', 'Voicing-quality': '3', 'Wide-band': '0', 'Xlong-island': '0', 'seq': '2', 'end': 14193.15, 'start': 14191.7}]",0,0,[],[]
14193150,14194310,NA,NOF,0.0,508,CIC,NA,NA,NA,NA,0.0,0,-53.44,-47.68,[],0,0,[],[]
14194310,14195310,FEM,FAN,5.23,508,CIC,EC,1,TIFR,FI,0.0,0,-27.15,-17.6,[],0,0,[],[]
14195310,14200380,NA,NOF,0.0,509,pause,NA,NA,NA,NA,0.0,0,-45.89,-28.84,[],0,0,[],[]
14200380,14201380,MAL,MAN,5.63,509,AMM,EC,0,NT,FI,0.0,0,-39.94,-33.72,[],0,0,[],[]
14201380,14204410,NA,CXF,0.0,510,pause,NA,NA,NA,NA,0.0,0,-52.46,-38.33,[],0,0,[],[]
14204410,14206230,NA,SIL,0.0,510,pause,NA,NA,NA,NA,0.0,0,-54.89,-42.89,[],0,0,[],[]
14206230,14206830,NA,FAF,0.0,510,pause,NA,NA,NA,NA,0.0,0,-42.56,-34.53,[],0,0,[],[]
14206830,14208960,NA,NOF,0.0,510,pause,NA,NA,NA,NA,0.0,0,-52.96,-43.01,[],0,0,[],[]
14208960,14209780,NA,SIL,0.0,510,pause,NA,NA,NA,NA,0.0,0,-56.38,-49.16,[],0,0,[],[]
14209780,14212290,NA,NOF,0.0,510,pause,NA,NA,NA,NA,0.0,0,-48.93,-33.52,[],0,0,[],[]
14212290,14213300,NA,FAF,0.0,510,pause,NA,NA,NA,NA,0.0,0,-44.9,-35.89,[],0,0,[],[]
14213300,14214100,NA,NOF,0.0,510,pause,NA,NA,NA,NA,0.0,0,-46.94,-35.03,[],0,0,[],[]
14214100,14215510,CHI,CHN,0.0,510,CM,BC,0,NT,FI,1.0,1070,-22.5,-12.35,"[{'Canonical-syllable': '0', 'Growl': '1', 'High-freq-energy': '0', 'Long-island': '0', 'Low-tilt-spectrum': '0', 'Medium-island': '2', 'Short-island': '0', 'Squeal': '0', 'Typical-entropy': '2', 'Voicing-quality': '2', 'Wide-band': '0', 'Xlong-island': '0', 'seq': '1', 'end': 14215.17, 'start': 14214.1}]",0,0,[],[]
14215510,14216450,NA,SIL,0.0,510,CM,NA,NA,NA,NA,0.0,0,-53.84,-47.95,[],0,0,[],[]
14216450,14218370,CHI,CHN,0.0,510,CM,RC,0,NT,FH,2.0,1220,-21.07,-8.89,"[{'Canonical-syllable': '1', 'Growl': '0', 'High-freq-energy': '0', 'Long-island': '0', 'Low-tilt-spectrum': '0', 'Medium-island': '0', 'Short-island': '1', 'Squeal': '0', 'Typical-entropy': '0', 'Voicing-quality': '1', 'Wide-band': '0', 'Xlong-island': '0', 'seq': '1', 'end': 14216.69, 'start': 14216.45}, {'Canonical-syllable': '1', 'Growl': '0', 'High-freq-energy': '1', 'Long-island': '0', 'Low-tilt-spectrum': '3', 'Medium-island': '1', 'Short-island': '2', 'Squeal': '1', 'Typical-entropy': '3', 'Voicing-quality': '3', 'Wide-band': '0', 'Xlong-island': '0', 'seq': '2', 'end': 14218.28, 'start': 14217.3}]",0,0,[],[]
14218370,14219590,NA,SIL,0.0,510,CM,NA,NA,NA,NA,0.0,0,-57.5,-50.95,[],0,0,[],[]
14219590,14220590,CHI,CHN,0.0,510,CM,RC,0,NT,FH,1.0,590,-17.83,-6.13,"[{'Canonical-syllable': '0', 'Growl': '0', 'High-freq-energy': '1', 'Long-island': '0', 'Low-tilt-spectrum': '0', 'Medium-island': '1', 'Short-island': '0', 'Squeal': '0', 'Typical-entropy': '1', 'Voicing-quality': '2', 'Wide-band': '0', 'Xlong-island': '0', 'seq': '1', 'end': 14220.59, 'start': 14220.0}]",0,0,[],[]
14220590,14221210,CHI,CHN,0.0,510,CM,RC,0,NT,FH,1.0,620,-16.37,-5.67,"[{'Canonical-syllable': '0', 'Growl': '0', 'High-freq-energy': '0', 'Long-island': '0', 'Low-tilt-spectrum': '0', 'Medium-island': '0', 'Short-island': '1', 'Squeal': '2', 'Typical-entropy': '1', 'Voicing-quality': '1', 'Wide-band': '0', 'Xlong-island': '0', 'seq': '1', 'end': 14221.21, 'start': 14220.73}]",0,0,[],[]
14221210,14222780,NA,NOF,0.0,510,CM,NA,NA,NA,NA,0.0,0,-54.13,-45.12,[],0,0,[],[]
14222780,14224210,CHI,CHN,0.0,510,CM,EC,0,NT,FH,1.0,1430,-25.4,-17.94,"[{'Canonical-syllable': '0', 'Growl': '0', 'High-freq-energy': '0', 'Long-island': '0', 'Low-tilt-spectrum': '0', 'Medium-island': '2', 'Short-island': '1', 'Squeal': '0', 'Typical-entropy': '0', 'Voicing-quality': '3', 'Wide-band': '0', 'Xlong-island': '0', 'seq': '1', 'end': 14224.21, 'start': 14222.94}]",0,0,[],[]
14224210,14225010,NA,NOF,0.0,511,pause,NA,NA,NA,NA,0.0,0,-52.46,-47.53,[],0,0,[],[]
14225010,14226040,NA,SIL,0.0,511,pause,NA,NA,NA,NA,0.0,0,-56.93,-49.45,[],0,0,[],[]
14226040,14226840,NA,NOF,0.0,511,pause,NA,NA,NA,NA,0.0,0,-51.81,-43.52,[],0,0,[],[]
14226840,14228280,NA,SIL,0.0,511,pause,NA,NA,NA,NA,0.0,0,-50.53,-36.77,[],0,0,[],[]
14228280,14232170,NA,NOF,0.0,511,pause,NA,NA,NA,NA,0.0,0,-52.28,-40.0,[],0,0,[],[]
14232170,14234020,NA,SIL,0.0,511,pause,NA,NA,NA,NA,0.0,0,-53.24,-38.36,[],0,0,[],[]
14234020,14234840,NA,NOF,0.0,511,pause,NA,NA,NA,NA,0.0,0,-48.48,-33.78,[],0,0,[],[]
14234840,14235640,NA,SIL,0.0,511,pause,NA,NA,NA,NA,0.0,0,-53.72,-47.22,[],0,0,[],[]
14235640,14237200,NA,CXF,0.0,511,pause,NA,NA,NA,NA,0.0,0,-52.41,-44.22,[],0,0,[],[]
14237200,14238000,NA,SIL,0.0,511,pause,NA,NA,NA,NA,0.0,0,-57.59,-52.92,[],0,0,[],[]
14238000,14238800,OCH,CXN,0.0,511,XIOCC,BC,0,NT,FI,0.0,0,-44.61,-36.26,[],0,0,[],[]
14238800,14240740,NA,SIL,0.0,511,XIOCC,NA,NA,NA,NA,0.0,0,-59.57,-48.25,[],0,0,[],[]
14240740,14243710,CHI,CHN,0.0,511,XIOCC,RC,0,NT,FI,2.0,2380,-22.88,-14.3,"[{'Canonical-syllable': '0', 'Growl': '0', 'High-freq-energy': '0', 'Long-island': '0', 'Low-tilt-spectrum': '0', 'Medium-island': '2', 'Short-island': '0', 'Squeal': '0', 'Typical-entropy': '0', 'Voicing-quality': '2', 'Wide-band': '0', 'Xlong-island': '0', 'seq': '1', 'end': 14241.65, 'start': 14240.83}, {'Canonical-syllable': '1', 'Growl': '0', 'High-freq-energy': '0', 'Long-island': '1', 'Low-tilt-spectrum': '0', 'Medium-island': '1', 'Short-island': '1', 'Squeal': '0', 'Typical-entropy': '1', 'Voicing-quality': '3', 'Wide-band': '0', 'Xlong-island': '0', 'seq': '2', 'end': 14243.71, 'start': 14242.24}]",0,0,[],[]
14243710,14244970,NA,NOF,0.0,511,XIOCC,NA,NA,NA,NA,0.0,0,-45.01,-34.69,[],0,0,[],[]
14244970,14245830,OCH,CXN,0.0,511,XIOCC,EC,0,NT,FI,0.0,0,-36.27,-28.6,[],0,0,[],[]
14245830,14249460,NA,NOF,0.0,512,pause,NA,NA,NA,NA,0.0,0,-46.59,-33.31,[],0,0,[],[]
14249460,14250260,NA,SIL,0.0,512,pause,NA,NA,NA,NA,0.0,0,-50.0,-41.65,[],0,0,[],[]
14250260,14252360,NA,NOF,0.0,512,pause,NA,NA,NA,NA,0.0,0,-42.71,-26.16,[],0,0,[],[]
14252360,14252960,CHI,CHN,0.0,512,CM,BC,0,NT,FI,1.0,600,-16.56,-9.49,"[{'Canonical-syllable': '0', 'Growl': '0', 'High-freq-energy': '0', 'Long-island': '0', 'Low-tilt-spectrum': '0', 'Medium-island': '1', 'Short-island': '0', 'Squeal': '0', 'Typical-entropy': '0', 'Voicing-quality': '1', 'Wide-band': '0', 'Xlong-island': '0', 'seq': '1', 'end': 14252.96, 'start': 14252.45}]",0,0,[],[]
14252960,14253870,NA,NON,0.0,512,CM,NA,NA,NA,NA,0.0,0,-18.32,-4.23,[],0,0,[],[]
14253870,14255680,NA,OLN,0.0,512,CM,NA,NA,NA,NA,0.0,0,-19.98,-11.43,[],0,0,[],[]
14255680,14256310,CHI,CHN,0.0,512,CM,RC,0,NT,FH,1.0,630,-17.04,-12.4,"[{'Canonical-syllable': '1', 'Growl': '0', 'High-freq-energy': '0', 'Long-island': '0', 'Low-tilt-spectrum': '0', 'Medium-island': '1', 'Short-island': '0', 'Squeal': '0', 'Typical-entropy': '0', 'Voicing-quality': '1', 'Wide-band': '0', 'Xlong-island': '0', 'seq': '1', 'end': 14256.31, 'start': 14255.68}]",0,0,[],[]
14256310,14257110,NA,NOF,0.0,512,CM,NA,NA,NA,NA,0.0,0,-15.99,-2.53,[],0,0,[],[]
14257110,14257710,CHI,CHN,0.0,512,CM,EC,0,NT,FH,1.0,420,-15.55,-9.12,"[{'Canonical-syllable': '1', 'Growl': '0', 'High-freq-energy': '0', 'Long-island': '0', 'Low-tilt-spectrum': '0', 'Medium-island': '1', 'Short-island': '0', 'Squeal': '0', 'Typical-entropy': '1', 'Voicing-quality': '1', 'Wide-band': '0', 'Xlong-island': '0', 'seq': '1', 'end': 14257.53, 'start': 14257.11}]",0,0,[],[]
14257710,14258520,NA,OLF,0.0,513,pause,NA,NA,NA,NA,0.0,0,-23.46,-6.69,[],0,0,[],[]
14258520,14259350,NA,NON,0.0,513,pause,NA,NA,NA,NA,0.0,0,-38.07,-32.38,[],0,0,[],[]
14259350,14260380,NA,SIL,0.0,513,pause,NA,NA,NA,NA,0.0,0,-44.93,-34.49,[],0,0,[],[]
14260380,14261370,NA,NOF,0.0,513,pause,NA,NA,NA,NA,0.0,0,-44.4,-34.06,[],0,0,[],[]
14261370,14262170,NA,OLN,0.0,513,pause,NA,NA,NA,NA,0.0,0,-31.61,-26.3,[],0,0,[],[]
14262170,14263040,NA,NOF,0.0,513,pause,NA,NA,NA,NA,0.0,0,-42.89,-30.98,[],0,0,[],[]
14263040,14263650,NA,FAF,0.0,513,pause,NA,NA,NA,NA,0.0,0,-40.44,-32.42,[],0,0,[],[]
14263650,14268890,NA,NOF,0.0,513,pause,NA,NA,NA,NA,0.0,0,-35.13,-17.03,[],0,0,[],[]
14268890,14272670,CHI,CHN,0.0,513,CM,BC,0,NT,FI,1.0,3780,-15.7,-6.48,"[{'Canonical-syllable': '1', 'Growl': '2', 'High-freq-energy': '0', 'Long-island': '0', 'Low-tilt-spectrum': '0', 'Medium-island': '1', 'Short-island': '2', 'Squeal': '0', 'Typical-entropy': '1', 'Voicing-quality': '4', 'Wide-band': '0', 'Xlong-island': '1', 'seq': '1', 'end': 14272.67, 'start': 14268.89}]",0,0,[],[]
14272670,14273500,NA,OLN,0.0,513,CM,NA,NA,NA,NA,0.0,0,-18.61,-9.07,[],0,0,[],[]
14273500,14275800,NA,NOF,0.0,513,CM,NA,NA,NA,NA,0.0,0,-18.98,-5.71,[],0,0,[],[]
14275800,14276400,CHI,CHN,0.0,513,CM,NA,NA,NA,NA,0.0,0,-35.72,-25.59,[],0,100,[],"[{'start': 14276.21, 'end': 14276.31}]"
14276400,14277310,NA,NOF,0.0,513,CM,NA,NA,NA,NA,0.0,0,-46.94,-39.37,[],0,0,[],[]
14277310,14279340,CHI,CHN,0.0,513,CM,EC,0,NT,FH,2.0,1310,-25.23,-17.74,"[{'Canonical-syllable': '0', 'Growl': '0', 'High-freq-energy': '0', 'Long-island': '0', 'Low-tilt-spectrum': '0', 'Medium-island': '2', 'Short-island': '0', 'Squeal': '0', 'Typical-entropy': '0', 'Voicing-quality': '2', 'Wide-band': '0', 'Xlong-island': '0', 'seq': '1', 'end': 14278.22, 'start': 14277.31}, {'Canonical-syllable': '0', 'Growl': '0', 'High-freq-energy': '0', 'Long-island': '0', 'Low-tilt-spectrum': '0', 'Medium-island': '1', 'Short-island': '0', 'Squeal': '0', 'Typical-entropy': '0', 'Voicing-quality': '1', 'Wide-band': '0', 'Xlong-island': '0', 'seq': '2', 'end': 14279.34, 'start': 14278.94}]",0,0,[],[]
14279340,14280680,NA,NOF,0.0,514,pause,NA,NA,NA,NA,0.0,0,-53.47,-46.87,[],0,0,[],[]
14280680,14281480,NA,SIL,0.0,514,pause,NA,NA,NA,NA,0.0,0,-56.27,-52.41,[],0,0,[],[]
14281480,14283070,NA,NOF,0.0,514,pause,NA,NA,NA,NA,0.0,0,-50.09,-40.95,[],0,0,[],[]
14283070,14285050,NA,SIL,0.0,514,pause,NA,NA,NA,NA,0.0,0,-45.81,-31.57,[],0,0,[],[]
14285050,14286590,NA,NOF,0.0,514,pause,NA,NA,NA,NA,0.0,0,-51.96,-41.98,[],0,0,[],[]
14286590,14287950,NA,SIL,0.0,514,pause,NA,NA,NA,NA,0.0,0,-45.05,-27.37,[],0,0,[],[]
14287950,14290620,NA,NOF,0.0,514,pause,NA,NA,NA,NA,0.0,0,-30.51,-8.73,[],0,0,[],[]
14290620,14292480,NA,OLF,0.0,514,pause,NA,NA,NA,NA,0.0,0,-36.44,-18.48,[],0,0,[],[]
14292480,14293280,NA,NOF,0.0,514,pause,NA,NA,NA,NA,0.0,0,-47.1,-39.16,[],0,0,[],[]
14293280,14295590,NA,SIL,0.0,514,pause,NA,NA,NA,NA,0.0,0,-50.35,-35.49,[],0,0,[],[]
14295590,14296390,NA,OLF,0.0,514,pause,NA,NA,NA,NA,0.0,0,-29.94,-13.87,[],0,0,[],[]
14296390,14298390,NA,FAF,0.0,514,pause,NA,NA,NA,NA,0.0,0,-47.24,-37.95,[],0,0,[],[]
14298390,14300010,NA,NOF,0.0,514,pause,NA,NA,NA,NA,0.0,0,-44.95,-29.35,[],0,0,[],[]
14300010,14300810,FEM,FAN,3.45,514,AMF,EC,0,NT,FI,0.0,0,-44.06,-32.39,[],0,0,[],[]
14300810,14301950,NA,FAF,0.0,515,pause,NA,NA,NA,NA,0.0,0,-39.22,-23.17,[],0,0,[],[]
14301950,14302910,NA,NOF,0.0,515,pause,NA,NA,NA,NA,0.0,0,-35.92,-18.77,[],0,0,[],[]
14302910,14304410,NA,FAF,0.0,515,pause,NA,NA,NA,NA,0.0,0,-45.48,-37.58,[],0,0,[],[]
14304410,14305760,NA,SIL,0.0,515,pause,NA,NA,NA,NA,0.0,0,-53.52,-47.72,[],0,0,[],[]
14305760,14307950,NA,NOF,0.0,515,pause,NA,NA,NA,NA,0.0,0,-44.61,-27.14,[],0,0,[],[]
14307950,14309090,NA,SIL,0.0,515,pause,NA,NA,NA,NA,0.0,0,-55.03,-45.22,[],0,0,[],[]
14309090,14312300,NA,NOF,0.0,515,pause,NA,NA,NA,NA,0.0,0,-47.15,-31.19,[],0,0,[],[]
14312300,14313310,NA,FAF,0.0,515,pause,NA,NA,NA,NA,0.0,0,-41.03,-33.73,[],0,0,[],[]
14313310,14314150,NA,SIL,0.0,515,pause,NA,NA,NA,NA,0.0,0,-44.98,-33.11,[],0,0,[],[]
14314150,14315290,NA,CXF,0.0,515,pause,NA,NA,NA,NA,0.0,0,-34.52,-21.94,[],0,0,[],[]
14315290,14316390,NA,FAF,0.0,515,pause,NA,NA,NA,NA,0.0,0,-34.04,-24.08,[],0,0,[],[]
14316390,14318760,NA,NOF,0.0,515,pause,NA,NA,NA,NA,0.0,0,-33.32,-18.43,[],0,0,[],[]
14318760,14320080,NA,FAF,0.0,515,pause,NA,NA,NA,NA,0.0,0,-44.33,-37.27,[],0,0,[],[]
14320080,14321070,NA,SIL,0.0,515,pause,NA,NA,NA,NA,0.0,0,-52.47,-45.15,[],0,0,[],[]
14321070,14321880,NA,FAF,0.0,515,pause,NA,NA,NA,NA,0.0,0,-41.85,-37.51,[],0,0,[],[]
14321880,14329800,NA,NOF,0.0,515,pause,NA,NA,NA,NA,0.0,0,-44.3,-25.14,[],0,0,[],[]
14329800,14331310,NA,FAF,0.0,515,pause,NA,NA,NA,NA,0.0,0,-41.55,-34.54,[],0,0,[],[]
14331310,14333320,NA,NOF,0.0,515,pause,NA,NA,NA,NA,0.0,0,-45.89,-32.88,[],0,0,[],[]
14333320,14334230,NA,SIL,0.0,515,pause,NA,NA,NA,NA,0.0,0,-50.31,-44.01,[],0,0,[],[]
14334230,14335220,NA,NOF,0.0,515,pause,NA,NA,NA,NA,0.0,0,-42.41,-27.74,[],0,0,[],[]
14335220,14336220,NA,FAF,0.0,515,pause,NA,NA,NA,NA,0.0,0,-44.36,-35.85,[],0,0,[],[]
14336220,14342210,NA,NOF,0.0,515,pause,NA,NA,NA,NA,0.0,0,-36.9,-19.31,[],0,0,[],[]
14342210,14344460,NA,SIL,0.0,515,pause,NA,NA,NA,NA,0.0,0,-54.82,-43.97,[],0,0,[],[]
14344460,14345460,NA,MAF,0.0,515,pause,NA,NA,NA,NA,0.0,0,-46.6,-37.68,[],0,0,[],[]
14345460,14347760,NA,SIL,0.0,515,pause,NA,NA,NA,NA,0.0,0,-50.94,-43.92,[],0,0,[],[]
14347760,14348760,NA,FAF,0.0,515,pause,NA,NA,NA,NA,0.0,0,-48.25,-40.7,[],0,0,[],[]
14348760,14350750,NA,SIL,0.0,515,pause,NA,NA,NA,NA,0.0,0,-54.07,-47.05,[],0,0,[],[]
14350750,14354050,CHI,CHN,0.0,515,CM,EC,0,NT,FI,3.0,1940,-30.19,-17.89,"[{'Canonical-syllable': '1', 'Growl': '0', 'High-freq-energy': '0', 'Long-island': '0', 'Low-tilt-spectrum': '0', 'Medium-island': '1', 'Short-island': '0', 'Squeal': '0', 'Typical-entropy': '0', 'Voicing-quality': '1', 'Wide-band': '0', 'Xlong-island': '0', 'seq': '1', 'end': 14351.1, 'start': 14350.75}, {'Canonical-syllable': '1', 'Growl': '0', 'High-freq-energy': '0', 'Long-island': '1', 'Low-tilt-spectrum': '0', 'Medium-island': '1', 'Short-island': '0', 'Squeal': '0', 'Typical-entropy': '1', 'Voicing-quality': '2', 'Wide-band': '0', 'Xlong-island': '0', 'seq': '2', 'end': 14352.95, 'start': 14351.51}, {'Canonical-syllable': '1', 'Growl': '0', 'High-freq-energy': '0', 'Long-island': '0', 'Low-tilt-spectrum': '0', 'Medium-island': '0', 'Short-island': '1', 'Squeal': '0', 'Typical-entropy': '0', 'Voicing-quality': '1', 'Wide-band': '0', 'Xlong-island': '0', 'seq': '3', 'end': 14353.82, 'start': 14353.67}]",0,0,[],[]
14354050,14355210,NA,NOF,0.0,516,pause,NA,NA,NA,NA,0.0,0,-39.11,-23.49,[],0,0,[],[]
14355210,14356360,NA,FAF,0.0,516,pause,NA,NA,NA,NA,0.0,0,-47.05,-38.89,[],0,0,[],[]
14356360,14357170,NA,SIL,0.0,516,pause,NA,NA,NA,NA,0.0,0,-51.95,-43.6,[],0,0,[],[]
14357170,14359360,NA,NOF,0.0,516,pause,NA,NA,NA,NA,0.0,0,-48.63,-35.16,[],0,0,[],[]
14359360,14360160,NA,FAF,0.0,516,pause,NA,NA,NA,NA,0.0,0,-38.74,-29.75,[],0,0,[],[]
14360160,14360960,NA,NOF,0.0,516,pause,NA,NA,NA,NA,0.0,0,-42.72,-31.05,[],0,0,[],[]
14360960,14361960,FEM,FAN,0.39,516,AICF,BC,0,TIFI,FI,0.0,0,-34.34,-26.1,[],0,0,[],[]
14361960,14362850,NA,NOF,0.0,516,AICF,NA,NA,NA,NA,0.0,0,-48.49,-42.98,[],0,0,[],[]
14362850,14363650,NA,OLN,0.0,516,AICF,NA,NA,NA,NA,0.0,0,-16.63,-5.5,[],0,0,[],[]
14363650,14364780,CHI,CHN,0.0,516,AICF,EC,1,TIFR,FI,1.0,1130,-17.06,-9.22,"[{'Canonical-syllable': '0', 'Growl': '0', 'High-freq-energy': '0', 'Long-island': '1', 'Low-tilt-spectrum': '1', 'Medium-island': '0', 'Short-island': '1', 'Squeal': '0', 'Typical-entropy': '0', 'Voicing-quality': '2', 'Wide-band': '1', 'Xlong-island': '0', 'seq': '1', 'end': 14364.78, 'start': 14363.65}]",0,0,[],[]
14364780,14365620,NA,NON,0.0,517,pause,NA,NA,NA,NA,0.0,0,-39.66,-30.87,[],0,0,[],[]
14365620,14367100,NA,SIL,0.0,517,pause,NA,NA,NA,NA,0.0,0,-50.79,-41.42,[],0,0,[],[]
14367100,14368540,NA,NOF,0.0,517,pause,NA,NA,NA,NA,0.0,0,-48.69,-38.05,[],0,0,[],[]
14368540,14370300,NA,SIL,0.0,517,pause,NA,NA,NA,NA,0.0,0,-50.39,-33.82,[],0,0,[],[]
14370300,14371950,NA,TVN,0.0,517,pause,NA,NA,NA,NA,0.0,0,-45.96,-32.42,[],0,0,[],[]
14371950,14372860,NA,SIL,0.0,517,pause,NA,NA,NA,NA,0.0,0,-53.41,-44.37,[],0,0,[],[]
14372860,14375570,NA,NOF,0.0,517,pause,NA,NA,NA,NA,0.0,0,-29.8,-10.15,[],0,0,[],[]
14375570,14377940,NA,OLN,0.0,517,pause,NA,NA,NA,NA,0.0,0,-22.26,-10.78,[],0,0,[],[]
14377940,14379330,NA,NOF,0.0,517,pause,NA,NA,NA,NA,0.0,0,-41.21,-21.91,[],0,0,[],[]
14379330,14380140,NA,SIL,0.0,517,pause,NA,NA,NA,NA,0.0,0,-53.43,-44.27,[],0,0,[],[]
14380140,14382200,NA,NOF,0.0,517,pause,NA,NA,NA,NA,0.0,0,-28.93,-9.55,[],0,0,[],[]
14382200,14383180,NA,OLN,0.0,517,pause,NA,NA,NA,NA,0.0,0,-27.86,-11.83,[],0,0,[],[]
14383180,14387260,NA,NOF,0.0,517,pause,NA,NA,NA,NA,0.0,0,-43.51,-34.35,[],0,0,[],[]
14387260,14388130,NA,SIL,0.0,517,pause,NA,NA,NA,NA,0.0,0,-56.71,-49.28,[],0,0,[],[]
14388130,14389380,NA,NOF,0.0,517,pause,NA,NA,NA,NA,0.0,0,-34.76,-16.41,[],0,0,[],[]
14389380,14390220,NA,SIL,0.0,517,pause,NA,NA,NA,NA,0.0,0,-57.68,-51.78,[],0,0,[],[]
14390220,14391020,NA,NON,0.0,517,pause,NA,NA,NA,NA,0.0,0,-23.68,-13.76,[],0,0,[],[]
14391020,14391820,NA,OLN,0.0,517,pause,NA,NA,NA,NA,0.0,0,-23.99,-5.94,[],0,0,[],[]
14391820,14397350,NA,NON,0.0,517,pause,NA,NA,NA,NA,0.0,0,-22.95,-2.51,[],0,0,[],[]
14397350,14398150,NA,SIL,0.0,517,pause,NA,NA,NA,NA,0.0,0,-45.33,-40.29,[],0,0,[],[]
14398150,14400730,NA,NOF,0.0,517,pause,NA,NA,NA,NA,0.0,0,-33.12,-15.28,[],0,0,[],[]
14400730,14401650,NA,SIL,0.0,517,pause,NA,NA,NA,NA,0.0,0,-48.83,-44.88,[],0,0,[],[]
14401650,14402740,NA,NON,0.0,517,pause,NA,NA,NA,NA,0.0,0,-24.49,-4.81,[],0,0,[],[]
14402740,14404020,NA,SIL,0.0,517,pause,NA,NA,NA,NA,0.0,0,-52.23,-44.92,[],0,0,[],[]
14404020,14404820,NA,NOF,0.0,517,pause,NA,NA,NA,NA,0.0,0,-39.52,-26.13,[],0,0,[],[]
14404820,14405620,NA,SIL,0.0,517,pause,NA,NA,NA,NA,0.0,0,-50.63,-43.45,[],0,0,[],[]
14405620,14406690,NA,FAF,0.0,517,pause,NA,NA,NA,NA,0.0,0,-31.51,-13.84,[],0,0,[],[]
14406690,14408630,NA,SIL,0.0,517,pause,NA,NA,NA,NA,0.0,0,-45.5,-28.26,[],0,0,[],[]
14408630,14410130,NA,FAF,0.0,517,pause,NA,NA,NA,NA,0.0,0,-31.42,-14.73,[],0,0,[],[]
14410130,14410930,NA,SIL,0.0,517,pause,NA,NA,NA,NA,0.0,0,-42.57,-33.48,[],0,0,[],[]
14410930,14411730,NA,NOF,0.0,517,pause,NA,NA,NA,NA,0.0,0,-48.33,-40.69,[],0,0,[],[]
14411730,14413150,NA,OLN,0.0,517,pause,NA,NA,NA,NA,0.0,0,-28.8,-16.95,[],0,0,[],[]
14413150,14414290,CHI,CHN,0.0,517,CIC,BC,0,NT,FI,1.0,1140,-17.47,-10.98,"[{'Canonical-syllable': '0', 'Growl': '0', 'High-freq-energy': '0', 'Long-island': '1', 'Low-tilt-spectrum': '0', 'Medium-island': '0', 'Short-island': '2', 'Squeal': '0', 'Typical-entropy': '0', 'Voicing-quality': '3', 'Wide-band': '0', 'Xlong-island': '0', 'seq': '1', 'end': 14414.29, 'start': 14413.15}]",0,0,[],[]
14414290,14415200,OCH,CXN,0.0,517,CIC,RC,0,NT,FI,0.0,0,-29.19,-18.64,[],0,0,[],[]
14415200,14416010,NA,OLN,0.0,517,CIC,NA,NA,NA,NA,0.0,0,-18.11,-6.85,[],0,0,[],[]
14416010,14416820,NA,NON,0.0,517,CIC,NA,NA,NA,NA,0.0,0,-27.14,-15.49,[],0,0,[],[]
14416820,14418340,CHI,CHN,0.0,517,CIC,RC,0,NT,FI,1.0,1520,-16.8,-8.37,"[{'Canonical-syllable': '0', 'Growl': '1', 'High-freq-energy': '0', 'Long-island': '0', 'Low-tilt-spectrum': '0', 'Medium-island': '2', 'Short-island': '0', 'Squeal': '0', 'Typical-entropy': '2', 'Voicing-quality': '3', 'Wide-band': '0', 'Xlong-island': '0', 'seq': '1', 'end': 14418.34, 'start': 14416.82}]",0,0,[],[]
14418340,14419810,NA,OLN,0.0,517,CIC,NA,NA,NA,NA,0.0,0,-26.92,-15.6,[],0,0,[],[]
14419810,14420630,CHI,CHN,0.0,517,CIC,RC,0,NT,FH,1.0,820,-16.92,-12.88,"[{'Canonical-syllable': '0', 'Growl': '0', 'High-freq-energy': '0', 'Long-island': '1', 'Low-tilt-spectrum': '0', 'Medium-island': '0', 'Short-island': '0', 'Squeal': '0', 'Typical-entropy': '0', 'Voicing-quality': '1', 'Wide-band': '0', 'Xlong-island': '0', 'seq': '1', 'end': 14420.63, 'start': 14419.81}]",0,0,[],[]
14420630,14421450,NA,OLN,0.0,517,CIC,NA,NA,NA,NA,0.0,0,-18.27,-9.79,[],0,0,[],[]
14421450,14426410,CHI,CHN,0.0,517,CIC,RC,0,NT,FH,3.0,3570,-18.41,-10.41,"[{'Canonical-syllable': '0', 'Growl': '1', 'High-freq-energy': '0', 'Long-island': '1', 'Low-tilt-spectrum': '1', 'Medium-island': '0', 'Short-island': '0', 'Squeal': '0', 'Typical-entropy': '2', 'Voicing-quality': '2', 'Wide-band': '0', 'Xlong-island': '0', 'seq': '1', 'end': 14422.54, 'start': 14421.45}, {'Canonical-syllable': '0', 'Growl': '0', 'High-freq-energy': '0', 'Long-island': '1', 'Low-tilt-spectrum': '1', 'Medium-island': '1', 'Short-island': '0', 'Squeal': '0', 'Typical-entropy': '1', 'Voicing-quality': '3', 'Wide-band': '0', 'Xlong-island': '0', 'seq': '2', 'end': 14424.64, 'start': 14423.38}, {'Canonical-syllable': '0', 'Growl': '0', 'High-freq-energy': '0', 'Long-island': '1', 'Low-tilt-spectrum': '2', 'Medium-island': '0', 'Short-island': '0', 'Squeal': '0', 'Typical-entropy': '0', 'Voicing-quality': '2', 'Wide-band': '0', 'Xlong-island': '0', 'seq': '3', 'end': 14426.41, 'start': 14425.19}]",0,0,[],[]
14426410,14427450,OCH,CXN,0.0,517,CIC,RC,0,NT,FI,0.0,0,-26.55,-13.94,[],0,0,[],[]
14427450,14428370,CHI,CHN,0.0,517,CIC,RC,0,TIFI,FI,1.0,920,-22.17,-16.6,"[{'Canonical-syllable': '1', 'Growl': '0', 'High-freq-energy': '0', 'Long-island': '0', 'Low-tilt-spectrum': '1', 'Medium-island': '1', 'Short-island': '2', 'Squeal': '0', 'Typical-entropy': '2', 'Voicing-quality': '3', 'Wide-band': '0', 'Xlong-island': '0', 'seq': '1', 'end': 14428.37, 'start': 14427.45}]",0,0,[],[]
14428370,14429170,NA,OLN,0.0,517,CIC,NA,NA,NA,NA,0.0,0,-24.37,-15.62,[],0,0,[],[]
14429170,14430260,FEM,FAN,4.8,517,CIC,RC,1,TIFR,FI,0.0,0,-25.92,-18.29,[],0,0,[],[]
14430260,14431270,NA,NOF,0.0,517,CIC,NA,NA,NA,NA,0.0,0,-44.28,-31.17,[],0,0,[],[]
14431270,14432640,FEM,FAN,5.32,517,CIC,RC,1,NT,FH,0.0,0,-32.26,-22.46,[],0,0,[],[]
14432640,14434340,NA,NOF,0.0,517,CIC,NA,NA,NA,NA,0.0,0,-18.61,-0.11,[],0,0,[],[]
14434340,14435510,FEM,FAN,2.91,517,CIC,RC,1,NT,FH,0.0,0,-33.49,-28.06,[],0,0,[],[]
14435510,14436550,NA,NOF,0.0,517,CIC,NA,NA,NA,NA,0.0,0,-36.45,-25.38,[],0,0,[],[]
14436550,14437350,NA,OLN,0.0,517,CIC,NA,NA,NA,NA,0.0,0,-30.46,-21.42,[],0,0,[],[]
14437350,14438870,MAL,MAN,5.12,517,CIC,EC,1,NT,FI,0.0,0,-34.03,-24.8,[],0,0,[],[]
14438870,14440040,NA,NOF,0.0,518,pause,NA,NA,NA,NA,0.0,0,-42.81,-30.82,[],0,0,[],[]
14440040,14441460,NA,MAF,0.0,518,pause,NA,NA,NA,NA,0.0,0,-38.53,-28.97,[],0,0,[],[]
14441460,14442560,NA,NOF,0.0,518,pause,NA,NA,NA,NA,0.0,0,-45.35,-32.24,[],0,0,[],[]
14442560,14443370,NA,SIL,0.0,518,pause,NA,NA,NA,NA,0.0,0,-38.97,-25.33,[],0,0,[],[]
14443370,14444260,NA,NOF,0.0,518,pause,NA,NA,NA,NA,0.0,0,-50.73,-39.12,[],0,0,[],[]
14444260,14445260,NA,MAF,0.0,518,pause,NA,NA,NA,NA,0.0,0,-40.97,-32.98,[],0,0,[],[]
14445260,14447620,NA,NOF,0.0,518,pause,NA,NA,NA,NA,0.0,0,-44.47,-28.02,[],0,0,[],[]
14447620,14448670,FEM,FAN,4.44,518,AICF,BC,0,NT,FI,0.0,0,-30.0,-21.81,[],0,0,[],[]
14448670,14449880,MAL,MAN,0.0,518,AICF,NA,NA,NA,NA,0.0,0,-34.83,-22.13,[],1210,0,[],[]
14449880,14450680,NA,NOF,0.0,518,AICF,NA,NA,NA,NA,0.0,0,-37.25,-24.75,[],0,0,[],[]
14450680,14451680,FEM,FAN,2.16,518,AICF,RC,0,NT,FH,0.0,0,-30.05,-20.45,[],0,0,[],[]
14451680,14452680,NA,MAF,0.0,518,AICF,NA,NA,NA,NA,0.0,0,-38.88,-31.57,[],0,0,[],[]
14452680,14453590,NA,OLN,0.0,518,AICF,NA,NA,NA,NA,0.0,0,-36.55,-26.24,[],0,0,[],[]
14453590,14454640,MAL,MAN,2.45,518,AICF,RC,0,TIMI,FI,0.0,0,-35.07,-25.88,[],0,0,[],[]
14454640,14455640,CHI,CHN,0.0,518,AICF,RC,1,TIMR,FI,1.0,1000,-17.97,-9.53,"[{'Canonical-syllable': '0', 'Growl': '0', 'High-freq-energy': '0', 'Long-island': '0', 'Low-tilt-spectrum': '1', 'Medium-island': '0', 'Short-island': '2', 'Squeal': '1', 'Typical-entropy': '3', 'Voicing-quality': '4', 'Wide-band': '0', 'Xlong-island': '0', 'seq': '1', 'end': 14455.64, 'start': 14454.64}]",0,0,[],[]
14455640,14456640,MAL,MAN,4.71,518,AICF,RC,1,TIME,FI,0.0,0,-36.78,-30.37,[],0,0,[],[]
14456640,14457440,NA,SIL,0.0,518,AICF,NA,NA,NA,NA,0.0,0,-55.84,-49.59,[],0,0,[],[]
14457440,14458940,MAL,MAN,6.02,518,AICF,RC,1,NT,FH,0.0,0,-38.14,-32.44,[],0,0,[],[]
14458940,14461830,NA,NOF,0.0,518,AICF,NA,NA,NA,NA,0.0,0,-45.64,-29.94,[],0,0,[],[]
14461830,14463130,FEM,FAN,0.98,518,AICF,RC,1,NT,FI,0.0,0,-41.99,-35.89,[],0,0,[],[]
14463130,14464230,NA,NOF,0.0,518,AICF,NA,NA,NA,NA,0.0,0,-45.63,-39.47,[],0,0,[],[]
14464230,14465280,FEM,FAN,3.67,518,AICF,RC,1,TIFI,FH,0.0,0,-37.78,-33.4,[],0,0,[],[]
14465280,14466940,NA,NOF,0.0,518,AICF,NA,NA,NA,NA,0.0,0,-43.95,-30.11,[],0,0,[],[]
14466940,14467590,CHI,CHN,0.0,518,AICF,RC,2,TIFR,FI,1.0,650,-14.8,-9.46,"[{'Canonical-syllable': '0', 'Growl': '0', 'High-freq-energy': '0', 'Long-island': '0', 'Low-tilt-spectrum': '1', 'Medium-island': '1', 'Short-island': '0', 'Squeal': '0', 'Typical-entropy': '1', 'Voicing-quality': '1', 'Wide-band': '0', 'Xlong-island': '0', 'seq': '1', 'end': 14467.59, 'start': 14466.94}]",0,0,[],[]
14467590,14470820,FEM,FAN,11.23,518,AICF,RC,2,TIFE,FI,0.0,0,-29.41,-15.53,[],0,0,[],[]
14470820,14474360,NA,NOF,0.0,518,AICF,NA,NA,NA,NA,0.0,0,-36.97,-18.31,[],0,0,[],[]
14474360,14475360,FEM,FAN,4.87,518,AICF,RC,2,NT,FH,0.0,0,-34.82,-24.6,[],0,0,[],[]
14475360,14476670,NA,NOF,0.0,518,AICF,NA,NA,NA,NA,0.0,0,-40.46,-33.91,[],0,0,[],[]
14476670,14478740,FEM,FAN,6.58,518,AICF,RC,2,NT,FH,0.0,0,-35.22,-27.11,[],0,0,[],[]
14478740,14479820,MAL,MAN,4.44,518,AICF,RC,2,NT,FI,0.0,0,-37.66,-30.78,[],0,0,[],[]
14479820,14480690,NA,NOF,0.0,518,AICF,NA,NA,NA,NA,0.0,0,-44.06,-31.67,[],0,0,[],[]
14480690,14484110,FEM,FAN,13.22,518,AICF,RC,2,NT,FI,0.0,0,-35.96,-25.47,[],0,0,[],[]
14484110,14485700,NA,OLN,0.0,518,AICF,NA,NA,NA,NA,0.0,0,-34.23,-24.92,[],0,0,[],[]
14485700,14486500,NA,NON,0.0,518,AICF,NA,NA,NA,NA,0.0,0,-35.81,-25.6,[],0,0,[],[]
14486500,14487500,MAL,MAN,4.62,518,AICF,RC,2,NT,FI,0.0,0,-29.61,-23.36,[],0,0,[],[]
14487500,14488300,NA,MAF,0.0,518,AICF,NA,NA,NA,NA,0.0,0,-43.85,-33.69,[],0,0,[],[]
14488300,14489300,FEM,FAN,4.37,518,AICF,RC,2,NT,FI,0.0,0,-38.67,-30.54,[],0,0,[],[]
14489300,14490300,MAL,MAN,1.91,518,AICF,EC,2,NT,FI,0.0,0,-37.7,-30.21,[],0,0,[],[]
14490300,14491210,NA,MAF,0.0,519,pause,NA,NA,NA,NA,0.0,0,-42.15,-32.58,[],0,0,[],[]
14491210,14495530,NA,NOF,0.0,519,pause,NA,NA,NA,NA,0.0,0,-33.93,-13.14,[],0,0,[],[]
14495530,14497040,OCH,CXN,0.0,519,XIOCA,BC,0,NT,FI,0.0,0,-40.54,-29.05,[],0,0,[],[]
14497040,14498340,NA,NOF,0.0,519,XIOCA,NA,NA,NA,NA,0.0,0,-45.83,-34.79,[],0,0,[],[]
14498340,14499190,NA,OLF,0.0,519,XIOCA,NA,NA,NA,NA,0.0,0,-44.87,-38.42,[],0,0,[],[]
14499190,14500400,MAL,MAN,5.31,519,XIOCA,RC,0,NT,FI,0.0,0,-35.79,-28.03,[],0,0,[],[]
14500400,14501440,NA,OLN,0.0,519,XIOCA,NA,NA,NA,NA,0.0,0,-24.87,-7.56,[],0,0,[],[]
14501440,14502240,NA,OLF,0.0,519,XIOCA,NA,NA,NA,NA,0.0,0,-40.69,-34.96,[],0,0,[],[]
14502240,14503370,FEM,FAN,6.27,519,XIOCA,EC,0,NT,FI,0.0,0,-38.55,-32.35,[],0,0,[],[]
14503370,14504470,NA,OLN,0.0,520,pause,NA,NA,NA,NA,0.0,0,-35.77,-27.09,[],0,0,[],[]
14504470,14505280,NA,NOF,0.0,520,pause,NA,NA,NA,NA,0.0,0,-40.48,-31.96,[],0,0,[],[]
14505280,14506670,NA,FAF,0.0,520,pause,NA,NA,NA,NA,0.0,0,-41.11,-31.61,[],0,0,[],[]
14506670,14507470,NA,SIL,0.0,520,pause,NA,NA,NA,NA,0.0,0,-46.42,-35.75,[],0,0,[],[]
14507470,14509700,NA,NOF,0.0,520,pause,NA,NA,NA,NA,0.0,0,-41.35,-28.99,[],0,0,[],[]
14509700,14510700,NA,MAF,0.0,520,pause,NA,NA,NA,NA,0.0,0,-28.49,-17.95,[],0,0,[],[]
14510700,14513000,NA,NON,0.0,520,pause,NA,NA,NA,NA,0.0,0,-41.08,-31.13,[],0,0,[],[]
14513000,14513800,NA,OLF,0.0,520,pause,NA,NA,NA,NA,0.0,0,-23.87,-14.51,[],0,0,[],[]
14513800,14517850,NA,NOF,0.0,520,pause,NA,NA,NA,NA,0.0,0,-40.9,-23.35,[],0,0,[],[]
14517850,14519740,NA,SIL,0.0,520,pause,NA,NA,NA,NA,0.0,0,-55.43,-49.56,[],0,0,[],[]
14519740,14521270,MAL,MAN,6.45,520,AMM,EC,0,NT,FI,0.0,0,-24.19,-13.47,[],0,0,[],[]
14521270,14524740,NA,NOF,0.0,521,pause,NA,NA,NA,NA,0.0,0,-38.56,-26.02,[],0,0,[],[]
14524740,14525650,NA,SIL,0.0,521,pause,NA,NA,NA,NA,0.0,0,-57.9,-52.02,[],0,0,[],[]
14525650,14526780,NA,NOF,0.0,521,pause,NA,NA,NA,NA,0.0,0,-49.09,-35.08,[],0,0,[],[]
14526780,14528080,CHI,CHN,0.0,521,pause,NA,NA,NA,NA,0.0,0,-21.38,-5.75,[],0,1300,"[{'start': 14526.78, 'end': 14528.08}]",[]
14528080,14528880,NA,NON,0.0,521,pause,NA,NA,NA,NA,0.0,0,-17.41,-2.09,[],0,0,[],[]
14528880,14529680,NA,OLN,0.0,521,pause,NA,NA,NA,NA,0.0,0,-14.79,-2.94,[],0,0,[],[]
14529680,14530400,CHI,CHN,0.0,521,pause,NA,NA,NA,NA,0.0,0,-20.92,-11.89,[],0,240,"[{'start': 14530.16, 'end': 14530.4}]",[]
14530400,14532470,NA,NOF,0.0,521,pause,NA,NA,NA,NA,0.0,0,-24.2,-9.72,[],0,0,[],[]
14532470,14534740,CHI,CHN,0.0,521,pause,NA,NA,NA,NA,0.0,0,-15.75,-4.37,[],0,2270,"[{'start': 14532.47, 'end': 14534.74}]",[]
14534740,14535970,NA,NOF,0.0,521,pause,NA,NA,NA,NA,0.0,0,-42.55,-35.28,[],0,0,[],[]
14535970,14537230,CHI,CHN,0.0,521,CM,EC,0,NT,FI,1.0,1260,-21.4,-15.95,"[{'Canonical-syllable': '1', 'Growl': '0', 'High-freq-energy': '0', 'Long-island': '0', 'Low-tilt-spectrum': '1', 'Medium-island': '1', 'Short-island': '1', 'Squeal': '1', 'Typical-entropy': '0', 'Voicing-quality': '3', 'Wide-band': '0', 'Xlong-island': '0', 'seq': '1', 'end': 14537.23, 'start': 14536.21}]",0,0,[],[]
14537230,14538030,NA,NOF,0.0,522,pause,NA,NA,NA,NA,0.0,0,-46.8,-38.07,[],0,0,[],[]
14538030,14538840,NA,SIL,0.0,522,pause,NA,NA,NA,NA,0.0,0,-50.34,-48.14,[],0,0,[],[]
14538840,14545760,NA,NOF,0.0,522,pause,NA,NA,NA,NA,0.0,0,-30.7,-10.8,[],0,0,[],[]
14545760,14547750,NA,SIL,0.0,522,pause,NA,NA,NA,NA,0.0,0,-50.16,-33.55,[],0,0,[],[]
14547750,14554500,NA,NOF,0.0,522,pause,NA,NA,NA,NA,0.0,0,-32.89,-10.42,[],0,0,[],[]
14554500,14555510,NA,SIL,0.0,522,pause,NA,NA,NA,NA,0.0,0,-51.34,-42.0,[],0,0,[],[]
14555510,14558170,NA,NOF,0.0,522,pause,NA,NA,NA,NA,0.0,0,-23.34,-7.33,[],0,0,[],[]
14558170,14559250,NA,OLN,0.0,522,pause,NA,NA,NA,NA,0.0,0,-17.14,-6.35,[],0,0,[],[]
14559250,14560360,NA,NOF,0.0,522,pause,NA,NA,NA,NA,0.0,0,-20.57,-8.34,[],0,0,[],[]
14560360,14561370,NA,OLN,0.0,522,pause,NA,NA,NA,NA,0.0,0,-25.57,-10.72,[],0,0,[],[]
14561370,14571510,NA,NOF,0.0,522,pause,NA,NA,NA,NA,0.0,0,-25.19,-3.89,[],0,0,[],[]
14571510,14573790,NA,OLF,0.0,522,pause,NA,NA,NA,NA,0.0,0,-18.73,-2.55,[],0,0,[],[]
14573790,14574750,NA,SIL,0.0,522,pause,NA,NA,NA,NA,0.0,0,-53.56,-46.75,[],0,0,[],[]
14574750,14575830,NA,NOF,0.0,522,pause,NA,NA,NA,NA,0.0,0,-39.86,-24.2,[],0,0,[],[]
14575830,14577360,CHI,CHN,0.0,522,CIOCX,BC,0,NT,FI,2.0,1070,-17.06,-6.3,"[{'Canonical-syllable': '0', 'Growl': '0', 'High-freq-energy': '0', 'Long-island': '1', 'Low-tilt-spectrum': '0', 'Medium-island': '0', 'Short-island': '0', 'Squeal': '0', 'Typical-entropy': '1', 'Voicing-quality': '1', 'Wide-band': '0', 'Xlong-island': '0', 'seq': '1', 'end': 14576.63, 'start': 14575.83}, {'Canonical-syllable': '0', 'Growl': '0', 'High-freq-energy': '0', 'Long-island': '0', 'Low-tilt-spectrum': '1', 'Medium-island': '0', 'Short-island': '1', 'Squeal': '0', 'Typical-entropy': '1', 'Voicing-quality': '1', 'Wide-band': '0', 'Xlong-island': '0', 'seq': '2', 'end': 14577.36, 'start': 14577.09}]",0,0,[],[]
14577360,14578160,CHI,CHN,0.0,522,CIOCX,RC,0,NT,FH,1.0,620,-16.59,-4.1,"[{'Canonical-syllable': '0', 'Growl': '1', 'High-freq-energy': '1', 'Long-island': '0', 'Low-tilt-spectrum': '2', 'Medium-island': '0', 'Short-island': '1', 'Squeal': '0', 'Typical-entropy': '2', 'Voicing-quality': '2', 'Wide-band': '1', 'Xlong-island': '0', 'seq': '1', 'end': 14577.98, 'start': 14577.36}]",0,0,[],[]
14578160,14578980,CHI,CHN,0.0,522,CIOCX,RC,0,NT,FH,1.0,820,-17.9,-9.89,"[{'Canonical-syllable': '0', 'Growl': '0', 'High-freq-energy': '0', 'Long-island': '1', 'Low-tilt-spectrum': '1', 'Medium-island': '0', 'Short-island': '0', 'Squeal': '0', 'Typical-entropy': '1', 'Voicing-quality': '1', 'Wide-band': '0', 'Xlong-island': '0', 'seq': '1', 'end': 14578.98, 'start': 14578.16}]",0,0,[],[]
14578980,14580340,NA,OLF,0.0,522,CIOCX,NA,NA,NA,NA,0.0,0,-39.31,-26.49,[],0,0,[],[]
14580340,14581560,NA,NOF,0.0,522,CIOCX,NA,NA,NA,NA,0.0,0,-47.68,-40.41,[],0,0,[],[]
14581560,14582390,NA,OLF,0.0,522,CIOCX,NA,NA,NA,NA,0.0,0,-43.8,-35.31,[],0,0,[],[]
14582390,14583390,NA,NOF,0.0,522,CIOCX,NA,NA,NA,NA,0.0,0,-44.31,-27.85,[],0,0,[],[]
14583390,14584190,OCH,CXN,0.0,522,CIOCX,EC,0,NT,FI,0.0,0,-38.06,-27.72,[],0,0,[],[]
14584190,14585070,NA,NOF,0.0,523,pause,NA,NA,NA,NA,0.0,0,-49.7,-40.57,[],0,0,[],[]
14585070,14585950,NA,SIL,0.0,523,pause,NA,NA,NA,NA,0.0,0,-47.95,-42.83,[],0,0,[],[]
14585950,14586770,NA,NOF,0.0,523,pause,NA,NA,NA,NA,0.0,0,-46.55,-40.03,[],0,0,[],[]
14586770,14587940,NA,OLF,0.0,523,pause,NA,NA,NA,NA,0.0,0,-40.2,-27.95,[],0,0,[],[]
14587940,14588760,NA,NOF,0.0,523,pause,NA,NA,NA,NA,0.0,0,-45.32,-42.87,[],0,0,[],[]
14588760,14590100,NA,OLF,0.0,523,pause,NA,NA,NA,NA,0.0,0,-40.51,-29.46,[],0,0,[],[]
14590100,14590910,NA,NON,0.0,523,pause,NA,NA,NA,NA,0.0,0,-37.68,-30.02,[],0,0,[],[]
14590910,14591950,CHI,CHN,0.0,523,CM,BC,0,NT,FI,1.0,1040,-19.6,-12.11,"[{'Canonical-syllable': '1', 'Growl': '1', 'High-freq-energy': '0', 'Long-island': '0', 'Low-tilt-spectrum': '0', 'Medium-island': '1', 'Short-island': '2', 'Squeal': '0', 'Typical-entropy': '2', 'Voicing-quality': '3', 'Wide-band': '0', 'Xlong-island': '0', 'seq': '1', 'end': 14591.95, 'start': 14590.91}]",0,0,[],[]
14591950,14593130,NA,NOF,0.0,523,CM,NA,NA,NA,NA,0.0,0,-42.53,-26.4,[],0,0,[],[]
14593130,14595450,CHI,CHN,0.0,523,CM,RC,0,NT,FH,2.0,1750,-16.6,-5.15,"[{'Canonical-syllable': '0', 'Growl': '0', 'High-freq-energy': '0', 'Long-island': '0', 'Low-tilt-spectrum': '1', 'Medium-island': '0', 'Short-island': '1', 'Squeal': '0', 'Typical-entropy': '1', 'Voicing-quality': '1', 'Wide-band': '0', 'Xlong-island': '0', 'seq': '1', 'end': 14593.41, 'start': 14593.13}, {'Canonical-syllable': '1', 'Growl': '0', 'High-freq-energy': '0', 'Long-island': '0', 'Low-tilt-spectrum': '3', 'Medium-island': '3', 'Short-island': '0', 'Squeal': '0', 'Typical-entropy': '3', 'Voicing-quality': '3', 'Wide-band': '0', 'Xlong-island': '0', 'seq': '2', 'end': 14595.26, 'start': 14593.79}]",0,0,[],[]
14595450,14596450,CHI,CHN,0.0,523,CM,EC,0,NT,FH,1.0,730,-22.88,-15.12,"[{'Canonical-syllable': '0', 'Growl': '1', 'High-freq-energy': '0', 'Long-island': '0', 'Low-tilt-spectrum': '0', 'Medium-island': '1', 'Short-island': '1', 'Squeal': '0', 'Typical-entropy': '2', 'Voicing-quality': '1', 'Wide-band': '0', 'Xlong-island': '0', 'seq': '1', 'end': 14596.18, 'start': 14595.45}]",0,0,[],[]
14596450,14600030,NA,NOF,0.0,524,pause,NA,NA,NA,NA,0.0,0,-15.88,-4.2,[],0,0,[],[]
14600030,14600950,NA,OLF,0.0,524,pause,NA,NA,NA,NA,0.0,0,-42.84,-34.53,[],0,0,[],[]
14600950,14618160,NA,NOF,0.0,524,pause,NA,NA,NA,NA,0.0,0,-15.95,-2.61,[],0,0,[],[]
14618160,14619180,NA,SIL,0.0,524,pause,NA,NA,NA,NA,0.0,0,-40.71,-39.69,[],0,0,[],[]
14619180,14628120,NA,NOF,0.0,524,pause,NA,NA,NA,NA,0.0,0,-34.51,-12.39,[],0,0,[],[]
14628120,14628920,NA,OLF,0.0,524,pause,NA,NA,NA,NA,0.0,0,-40.67,-34.94,[],0,0,[],[]
14628920,14629970,NA,NOF,0.0,524,pause,NA,NA,NA,NA,0.0,0,-44.99,-38.49,[],0,0,[],[]
14629970,14630770,NA,OLF,0.0,524,pause,NA,NA,NA,NA,0.0,0,-43.31,-39.78,[],0,0,[],[]
14630770,14632120,NA,NOF,0.0,524,pause,NA,NA,NA,NA,0.0,0,-45.46,-43.12,[],0,0,[],[]
14632120,14633590,NA,OLF,0.0,524,pause,NA,NA,NA,NA,0.0,0,-38.96,-30.42,[],0,0,[],[]
14633590,14634850,NA,NOF,0.0,524,pause,NA,NA,NA,NA,0.0,0,-40.14,-26.95,[],0,0,[],[]
14634850,14636070,CHI,CHN,0.0,524,CM,EC,0,NT,FI,1.0,1220,-25.78,-21.0,"[{'Canonical-syllable': '0', 'Growl': '0', 'High-freq-energy': '0', 'Long-island': '1', 'Low-tilt-spectrum': '1', 'Medium-island': '1', 'Short-island': '0', 'Squeal': '0', 'Typical-entropy': '1', 'Voicing-quality': '2', 'Wide-band': '0', 'Xlong-island': '0', 'seq': '1', 'end': 14636.07, 'start': 14634.85}]",0,0,[],[]
14636070,14638430,NA,OLN,0.0,525,pause,NA,NA,NA,NA,0.0,0,-21.09,-4.9,[],0,0,[],[]
14638430,14639230,NA,NON,0.0,525,pause,NA,NA,NA,NA,0.0,0,-32.53,-26.63,[],0,0,[],[]
14639230,14640030,NA,OLF,0.0,525,pause,NA,NA,NA,NA,0.0,0,-40.92,-36.84,[],0,0,[],[]
14640030,14642130,NA,NOF,0.0,525,pause,NA,NA,NA,NA,0.0,0,-44.69,-29.75,[],0,0,[],[]
14642130,14643260,NA,SIL,0.0,525,pause,NA,NA,NA,NA,0.0,0,-48.45,-34.95,[],0,0,[],[]
14643260,14645600,NA,NOF,0.0,525,pause,NA,NA,NA,NA,0.0,0,-43.42,-31.07,[],0,0,[],[]
14645600,14646890,NA,OLF,0.0,525,pause,NA,NA,NA,NA,0.0,0,-41.17,-24.49,[],0,0,[],[]
14646890,14647690,NA,NON,0.0,525,pause,NA,NA,NA,NA,0.0,0,-31.28,-26.52,[],0,0,[],[]
14647690,14648600,NA,OLF,0.0,525,pause,NA,NA,NA,NA,0.0,0,-29.13,-13.19,[],0,0,[],[]
14648600,14652420,NA,NOF,0.0,525,pause,NA,NA,NA,NA,0.0,0,-37.81,-16.93,[],0,0,[],[]
14652420,14656120,CHI,CHN,0.0,525,CM,BC,0,NT,FI,5.0,2009,-18.82,-10.33,"[{'Canonical-syllable': '0', 'Growl': '0', 'High-freq-energy': '0', 'Long-island': '1', 'Low-tilt-spectrum': '0', 'Medium-island': '0', 'Short-island': '0', 'Squeal': '0', 'Typical-entropy': '0', 'Voicing-quality': '1', 'Wide-band': '0', 'Xlong-island': '0', 'seq': '1', 'end': 14653.17, 'start': 14652.42}, {'Canonical-syllable': '1', 'Growl': '0', 'High-freq-energy': '1', 'Long-island': '0', 'Low-tilt-spectrum': '0', 'Medium-island': '0', 'Short-island': '1', 'Squeal': '0', 'Typical-entropy': '1', 'Voicing-quality': '1', 'Wide-band': '0', 'Xlong-island': '0', 'seq': '2', 'end': 14653.76, 'start': 14653.59}, {'Canonical-syllable': '1', 'Growl': '0', 'High-freq-energy': '1', 'Long-island': '0', 'Low-tilt-spectrum': '1', 'Medium-island': '1', 'Short-island': '0', 'Squeal': '0', 'Typical-entropy': '1', 'Voicing-quality': '1', 'Wide-band': '0', 'Xlong-island': '0', 'seq': '3', 'end': 14654.59, 'start': 14654.11}, {'Canonical-syllable': '0', 'Growl': '0', 'High-freq-energy': '0', 'Long-island': '0', 'Low-tilt-spectrum': '0', 'Medium-island': '0', 'Short-island': '1', 'Squeal': '0', 'Typical-entropy': '0', 'Voicing-quality': '1', 'Wide-band': '0', 'Xlong-island': '0', 'seq': '4', 'end': 14655.38, 'start': 14655.13}, {'Canonical-syllable': '0', 'Growl': '0', 'High-freq-energy': '0', 'Long-island': '0', 'Low-tilt-spectrum': '0', 'Medium-island': '1', 'Short-island': '0', 'Squeal': '0', 'Typical-entropy': '0', 'Voicing-quality': '1', 'Wide-band': '0', 'Xlong-island': '0', 'seq': '5', 'end': 14656.12, 'start': 14655.76}]",0,0,[],[]
14656120,14657050,NA,OLN,0.0,525,CM,NA,NA,NA,NA,0.0,0,-30.14,-18.27,[],0,0,[],[]
14657050,14658390,CHI,CHN,0.0,525,CM,RC,0,NT,FH,2.0,990,-15.46,-2.9,"[{'Canonical-syllable': '1', 'Growl': '0', 'High-freq-energy': '0', 'Long-island': '0', 'Low-tilt-spectrum': '2', 'Medium-island': '0', 'Short-island': '2', 'Squeal': '0', 'Typical-entropy': '2', 'Voicing-quality': '2', 'Wide-band': '0', 'Xlong-island': '0', 'seq': '1', 'end': 14657.52, 'start': 14657.05}, {'Canonical-syllable': '0', 'Growl': '0', 'High-freq-energy': '0', 'Long-island': '0', 'Low-tilt-spectrum': '1', 'Medium-island': '1', 'Short-island': '0', 'Squeal': '0', 'Typical-entropy': '1', 'Voicing-quality': '1', 'Wide-band': '0', 'Xlong-island': '0', 'seq': '2', 'end': 14658.39, 'start': 14657.87}]",0,0,[],[]
14658390,14661990,NA,OLF,0.0,525,CM,NA,NA,NA,NA,0.0,0,-37.83,-18.43,[],0,0,[],[]
14661990,14662590,CHI,CHN,0.0,525,CM,RC,0,NT,FH,1.0,600,-16.85,-10.83,"[{'Canonical-syllable': '0', 'Growl': '0', 'High-freq-energy': '0', 'Long-island': '0', 'Low-tilt-spectrum': '1', 'Medium-island': '0', 'Short-island': '2', 'Squeal': '0', 'Typical-entropy': '1', 'Voicing-quality': '2', 'Wide-band': '0', 'Xlong-island': '0', 'seq': '1', 'end': 14662.59, 'start': 14662.12}]",0,0,[],[]
14662590,14663390,NA,OLN,0.0,525,CM,NA,NA,NA,NA,0.0,0,-15.05,-3.09,[],0,0,[],[]
14663390,14664490,CHI,CHN,0.0,525,CM,EC,0,NT,FH,1.0,1100,-16.95,-12.04,"[{'Canonical-syllable': '0', 'Growl': '1', 'High-freq-energy': '0', 'Long-island': '0', 'Low-tilt-spectrum': '3', 'Medium-island': '1', 'Short-island': '1', 'Squeal': '0', 'Typical-entropy': '2', 'Voicing-quality': '2', 'Wide-band': '1', 'Xlong-island': '0', 'seq': '1', 'end': 14664.49, 'start': 14663.39}]",0,0,[],[]
14664490,14665340,NA,OLF,0.0,526,pause,NA,NA,NA,NA,0.0,0,-35.54,-20.64,[],0,0,[],[]
14665340,14666170,NA,NOF,0.0,526,pause,NA,NA,NA,NA,0.0,0,-41.06,-38.91,[],0,0,[],[]
14666170,14667350,NA,OLF,0.0,526,pause,NA,NA,NA,NA,0.0,0,-28.82,-10.84,[],0,0,[],[]
14667350,14668500,NA,NOF,0.0,526,pause,NA,NA,NA,NA,0.0,0,-40.53,-37.67,[],0,0,[],[]
14668500,14670310,NA,OLF,0.0,526,pause,NA,NA,NA,NA,0.0,0,-42.14,-38.88,[],0,0,[],[]
14670310,14671190,NA,NOF,0.0,526,pause,NA,NA,NA,NA,0.0,0,-41.31,-30.97,[],0,0,[],[]
14671190,14674380,NA,OLF,0.0,526,pause,NA,NA,NA,NA,0.0,0,-38.16,-21.45,[],0,0,[],[]
14674380,14675180,NA,NOF,0.0,526,pause,NA,NA,NA,NA,0.0,0,-29.08,-11.71,[],0,0,[],[]
14675180,14676490,NA,OLN,0.0,526,pause,NA,NA,NA,NA,0.0,0,-34.59,-27.67,[],0,0,[],[]
14676490,14677370,NA,NON,0.0,526,pause,NA,NA,NA,NA,0.0,0,-25.68,-10.41,[],0,0,[],[]
14677370,14678510,CHI,CHN,0.0,526,CM,BC,0,NT,FI,1.0,1140,-16.22,-5.26,"[{'Canonical-syllable': '1', 'Growl': '0', 'High-freq-energy': '0', 'Long-island': '0', 'Low-tilt-spectrum': '1', 'Medium-island': '0', 'Short-island': '3', 'Squeal': '0', 'Typical-entropy': '2', 'Voicing-quality': '3', 'Wide-band': '0', 'Xlong-island': '0', 'seq': '1', 'end': 14678.51, 'start': 14677.37}]",0,0,[],[]
14678510,14681350,NA,OLN,0.0,526,CM,NA,NA,NA,NA,0.0,0,-31.56,-20.44,[],0,0,[],[]
14681350,14682020,CHI,CHN,0.0,526,CM,EC,0,NT,FH,1.0,670,-19.01,-11.31,"[{'Canonical-syllable': '0', 'Growl': '0', 'High-freq-energy': '0', 'Long-island': '0', 'Low-tilt-spectrum': '0', 'Medium-island': '1', 'Short-island': '1', 'Squeal': '0', 'Typical-entropy': '2', 'Voicing-quality': '2', 'Wide-band': '0', 'Xlong-island': '0', 'seq': '1', 'end': 14682.02, 'start': 14681.35}]",0,0,[],[]
14682020,14684690,NA,OLF,0.0,527,pause,NA,NA,NA,NA,0.0,0,-40.7,-32.15,[],0,0,[],[]
14684690,14686030,NA,NOF,0.0,527,pause,NA,NA,NA,NA,0.0,0,-40.37,-36.18,[],0,0,[],[]
14686030,14687010,NA,OLF,0.0,527,pause,NA,NA,NA,NA,0.0,0,-40.83,-36.44,[],0,0,[],[]
14687010,14692360,NA,NON,0.0,527,pause,NA,NA,NA,NA,0.0,0,-40.52,-28.29,[],0,0,[],[]
14692360,14694180,NA,OLF,0.0,527,pause,NA,NA,NA,NA,0.0,0,-35.59,-20.02,[],0,0,[],[]
14694180,14696270,NA,NOF,0.0,527,pause,NA,NA,NA,NA,0.0,0,-43.9,-34.83,[],0,0,[],[]
14696270,14696870,CHI,CHN,0.0,527,CM,BC,0,NT,FI,1.0,490,-25.46,-17.76,"[{'Canonical-syllable': '1', 'Growl': '0', 'High-freq-energy': '0', 'Long-island': '0', 'Low-tilt-spectrum': '0', 'Medium-island': '0', 'Short-island': '1', 'Squeal': '0', 'Typical-entropy': '0', 'Voicing-quality': '1', 'Wide-band': '0', 'Xlong-island': '0', 'seq': '1', 'end': 14696.76, 'start': 14696.57}]",0,0,[],[]
14696870,14699520,NA,NOF,0.0,527,CM,NA,NA,NA,NA,0.0,0,-38.38,-15.98,[],0,0,[],[]
14699520,14700120,CHI,CHN,0.0,527,CM,RC,0,NT,FH,1.0,600,-23.41,-18.98,"[{'Canonical-syllable': '1', 'Growl': '0', 'High-freq-energy': '0', 'Long-island': '0', 'Low-tilt-spectrum': '0', 'Medium-island': '1', 'Short-island': '0', 'Squeal': '0', 'Typical-entropy': '0', 'Voicing-quality': '1', 'Wide-band': '0', 'Xlong-island': '0', 'seq': '1', 'end': 14700.12, 'start': 14699.52}]",0,0,[],[]
14700120,14701760,NA,NOF,0.0,527,CM,NA,NA,NA,NA,0.0,0,-44.28,-29.04,[],0,0,[],[]
14701760,14703920,CHI,CHN,0.0,527,CM,RC,0,NT,FH,1.0,2160,-24.45,-18.76,"[{'Canonical-syllable': '0', 'Growl': '1', 'High-freq-energy': '1', 'Long-island': '0', 'Low-tilt-spectrum': '1', 'Medium-island': '1', 'Short-island': '0', 'Squeal': '0', 'Typical-entropy': '2', 'Voicing-quality': '2', 'Wide-band': '1', 'Xlong-island': '1', 'seq': '1', 'end': 14703.92, 'start': 14701.76}]",0,0,[],[]
14703920,14708050,NA,NOF,0.0,527,CM,NA,NA,NA,NA,0.0,0,-42.53,-25.75,[],0,0,[],[]
14708050,14708930,CHI,CHN,0.0,527,CM,RC,0,NT,FH,1.0,880,-16.66,-11.59,"[{'Canonical-syllable': '0', 'Growl': '0', 'High-freq-energy': '0', 'Long-island': '1', 'Low-tilt-spectrum': '0', 'Medium-island': '0', 'Short-island': '0', 'Squeal': '0', 'Typical-entropy': '0', 'Voicing-quality': '1', 'Wide-band': '0', 'Xlong-island': '0', 'seq': '1', 'end': 14708.93, 'start': 14708.14}]",0,0,[],[]
14708930,14709730,NA,OLF,0.0,527,CM,NA,NA,NA,NA,0.0,0,-44.38,-34.48,[],0,0,[],[]
14709730,14710770,CHI,CHN,0.0,527,CM,RC,0,NT,FH,1.0,1040,-16.91,-11.09,"[{'Canonical-syllable': '0', 'Growl': '0', 'High-freq-energy': '0', 'Long-island': '0', 'Low-tilt-spectrum': '0', 'Medium-island': '0', 'Short-island': '0', 'Squeal': '0', 'Typical-entropy': '0', 'Voicing-quality': '1', 'Wide-band': '0', 'Xlong-island': '1', 'seq': '1', 'end': 14710.77, 'start': 14709.73}]",0,0,[],[]
14710770,14712940,NA,OLF,0.0,527,CM,NA,NA,NA,NA,0.0,0,-39.57,-29.7,[],0,0,[],[]
14712940,14713850,CHI,CHN,0.0,527,CM,EC,0,NT,FH,1.0,810,-16.15,-9.54,"[{'Canonical-syllable': '0', 'Growl': '0', 'High-freq-energy': '0', 'Long-island': '1', 'Low-tilt-spectrum': '0', 'Medium-island': '0', 'Short-island': '0', 'Squeal': '0', 'Typical-entropy': '1', 'Voicing-quality': '2', 'Wide-band': '1', 'Xlong-island': '0', 'seq': '1', 'end': 14713.75, 'start': 14712.94}]",0,0,[],[]
14713850,14715930,NA,OLF,0.0,528,pause,NA,NA,NA,NA,0.0,0,-43.69,-37.01,[],0,0,[],[]
14715930,14717070,NA,NOF,0.0,528,pause,NA,NA,NA,NA,0.0,0,-41.92,-37.27,[],0,0,[],[]
14717070,14719530,NA,OLF,0.0,528,pause,NA,NA,NA,NA,0.0,0,-40.11,-28.92,[],0,0,[],[]
14719530,14720500,NA,NOF,0.0,528,pause,NA,NA,NA,NA,0.0,0,-21.91,-5.85,[],0,0,[],[]
14720500,14721350,NA,OLF,0.0,528,pause,NA,NA,NA,NA,0.0,0,-41.86,-38.54,[],0,0,[],[]
14721350,14722350,CHI,CHN,0.0,528,CM,BC,0,NT,FI,1.0,730,-16.48,-9.73,"[{'Canonical-syllable': '0', 'Growl': '0', 'High-freq-energy': '0', 'Long-island': '0', 'Low-tilt-spectrum': '0', 'Medium-island': '1', 'Short-island': '0', 'Squeal': '0', 'Typical-entropy': '0', 'Voicing-quality': '1', 'Wide-band': '0', 'Xlong-island': '0', 'seq': '1', 'end': 14722.08, 'start': 14721.5}]",0,0,[],[]
14722350,14727250,NA,NOF,0.0,528,CM,NA,NA,NA,NA,0.0,0,-41.59,-28.91,[],0,0,[],[]
14727250,14728170,CHI,CHN,0.0,528,CM,EC,0,NT,FH,1.0,630,-17.77,-8.92,"[{'Canonical-syllable': '0', 'Growl': '0', 'High-freq-energy': '0', 'Long-island': '0', 'Low-tilt-spectrum': '0', 'Medium-island': '1', 'Short-island': '0', 'Squeal': '0', 'Typical-entropy': '0', 'Voicing-quality': '1', 'Wide-band': '0', 'Xlong-island': '0', 'seq': '1', 'end': 14727.88, 'start': 14727.25}]",0,0,[],[]
14728170,14730260,NA,NOF,0.0,529,pause,NA,NA,NA,NA,0.0,0,-41.95,-32.56,[],0,0,[],[]
14730260,14731260,NA,OLF,0.0,529,pause,NA,NA,NA,NA,0.0,0,-36.37,-25.89,[],0,0,[],[]
14731260,14734730,NA,NOF,0.0,529,pause,NA,NA,NA,NA,0.0,0,-27.6,-6.73,[],0,0,[],[]
14734730,14738090,NA,OLF,0.0,529,pause,NA,NA,NA,NA,0.0,0,-40.58,-30.33,[],0,0,[],[]
14738090,14738900,NA,NOF,0.0,529,pause,NA,NA,NA,NA,0.0,0,-32.31,-19.93,[],0,0,[],[]
14738900,14741060,NA,OLF,0.0,529,pause,NA,NA,NA,NA,0.0,0,-30.57,-8.8,[],0,0,[],[]
14741060,14743690,NA,NOF,0.0,529,pause,NA,NA,NA,NA,0.0,0,-37.91,-24.8,[],0,0,[],[]
14743690,14744630,NA,OLF,0.0,529,pause,NA,NA,NA,NA,0.0,0,-40.78,-38.54,[],0,0,[],[]
14744630,14745430,NA,NOF,0.0,529,pause,NA,NA,NA,NA,0.0,0,-40.73,-38.82,[],0,0,[],[]
14745430,14746400,NA,OLF,0.0,529,pause,NA,NA,NA,NA,0.0,0,-40.71,-38.94,[],0,0,[],[]
14746400,14747410,OCH,CXN,0.0,529,XIOCC,BC,0,NT,FI,0.0,0,-19.74,-10.33,[],0,0,[],[]
14747410,14748010,CHI,CHN,0.0,529,XIOCC,EC,0,NT,FI,1.0,520,-24.94,-20.01,"[{'Canonical-syllable': '0', 'Growl': '0', 'High-freq-energy': '0', 'Long-island': '0', 'Low-tilt-spectrum': '0', 'Medium-island': '1', 'Short-island': '0', 'Squeal': '0', 'Typical-entropy': '0', 'Voicing-quality': '1', 'Wide-band': '0', 'Xlong-island': '0', 'seq': '1', 'end': 14747.93, 'start': 14747.49}]",0,0,[],[]
14748010,14748870,NA,NOF,0.0,530,pause,NA,NA,NA,NA,0.0,0,-43.3,-32.91,[],0,0,[],[]
14748870,14749860,NA,OLF,0.0,530,pause,NA,NA,NA,NA,0.0,0,-37.41,-26.07,[],0,0,[],[]
14749860,14750690,NA,NOF,0.0,530,pause,NA,NA,NA,NA,0.0,0,-43.9,-36.82,[],0,0,[],[]
14750690,14752770,NA,OLF,0.0,530,pause,NA,NA,NA,NA,0.0,0,-35.13,-15.91,[],0,0,[],[]
14752770,14759780,NA,NOF,0.0,530,pause,NA,NA,NA,NA,0.0,0,-41.95,-23.35,[],0,0,[],[]
14759780,14760940,CHI,CHN,0.0,530,CM,BC,0,NT,FI,1.0,1160,-21.98,-14.51,"[{'Canonical-syllable': '2', 'Growl': '0', 'High-freq-energy': '0', 'Long-island': '0', 'Low-tilt-spectrum': '0', 'Medium-island': '1', 'Short-island': '2', 'Squeal': '0', 'Typical-entropy': '1', 'Voicing-quality': '3', 'Wide-band': '0', 'Xlong-island': '0', 'seq': '1', 'end': 14760.94, 'start': 14759.78}]",0,0,[],[]
14760940,14761740,NA,OLN,0.0,530,CM,NA,NA,NA,NA,0.0,0,-31.56,-22.23,[],0,0,[],[]
14761740,14762550,NA,NON,0.0,530,CM,NA,NA,NA,NA,0.0,0,-28.91,-17.43,[],0,0,[],[]
14762550,14763910,NA,OLN,0.0,530,CM,NA,NA,NA,NA,0.0,0,-29.78,-21.16,[],0,0,[],[]
14763910,14764740,NA,NOF,0.0,530,CM,NA,NA,NA,NA,0.0,0,-41.08,-31.38,[],0,0,[],[]
14764740,14765470,CHI,CHN,0.0,530,CM,RC,0,NT,FH,1.0,730,-27.84,-21.74,"[{'Canonical-syllable': '1', 'Growl': '0', 'High-freq-energy': '0', 'Long-island': '0', 'Low-tilt-spectrum': '1', 'Medium-island': '1', 'Short-island': '1', 'Squeal': '0', 'Typical-entropy': '2', 'Voicing-quality': '2', 'Wide-band': '0', 'Xlong-island': '0', 'seq': '1', 'end': 14765.47, 'start': 14764.74}]",0,0,[],[]
14765470,14766270,NA,NOF,0.0,530,CM,NA,NA,NA,NA,0.0,0,-42.58,-38.1,[],0,0,[],[]
14766270,14766980,CHI,CHN,0.0,530,CM,RC,0,NT,FH,1.0,710,-24.42,-21.3,"[{'Canonical-syllable': '0', 'Growl': '0', 'High-freq-energy': '0', 'Long-island': '1', 'Low-tilt-spectrum': '0', 'Medium-island': '0', 'Short-island': '0', 'Squeal': '0', 'Typical-entropy': '1', 'Voicing-quality': '1', 'Wide-band': '0', 'Xlong-island': '0', 'seq': '1', 'end': 14766.98, 'start': 14766.27}]",0,0,[],[]
14766980,14769240,NA,OLF,0.0,530,CM,NA,NA,NA,NA,0.0,0,-40.08,-20.81,[],0,0,[],[]
14769240,14770770,CHI,CHN,0.0,530,CM,EC,0,NT,FH,1.0,1530,-16.95,-10.19,"[{'Canonical-syllable': '1', 'Growl': '0', 'High-freq-energy': '0', 'Long-island': '0', 'Low-tilt-spectrum': '0', 'Medium-island': '2', 'Short-island': '1', 'Squeal': '0', 'Typical-entropy': '0', 'Voicing-quality': '4', 'Wide-band': '0', 'Xlong-island': '0', 'seq': '1', 'end': 14770.77, 'start': 14769.24}]",0,0,[],[]
14770770,14774350,NA,OLF,0.0,531,pause,NA,NA,NA,NA,0.0,0,-34.93,-14.2,[],0,0,[],[]
14774350,14775210,NA,NOF,0.0,531,pause,NA,NA,NA,NA,0.0,0,-42.64,-39.97,[],0,0,[],[]
14775210,14776780,NA,OLF,0.0,531,pause,NA,NA,NA,NA,0.0,0,-41.8,-30.9,[],0,0,[],[]
14776780,14777780,NA,NOF,0.0,531,pause,NA,NA,NA,NA,0.0,0,-40.52,-33.87,[],0,0,[],[]
14777780,14779640,NA,OLF,0.0,531,pause,NA,NA,NA,NA,0.0,0,-40.16,-27.7,[],0,0,[],[]
14779640,14780510,NA,NOF,0.0,531,pause,NA,NA,NA,NA,0.0,0,-39.85,-33.81,[],0,0,[],[]
14780510,14784200,NA,OLF,0.0,531,pause,NA,NA,NA,NA,0.0,0,-39.69,-33.99,[],0,0,[],[]
14784200,14785000,NA,NOF,0.0,531,pause,NA,NA,NA,NA,0.0,0,-42.28,-39.84,[],0,0,[],[]
14785000,14785800,NA,OLF,0.0,531,pause,NA,NA,NA,NA,0.0,0,-43.72,-39.4,[],0,0,[],[]
14785800,14791310,NA,NOF,0.0,531,pause,NA,NA,NA,NA,0.0,0,-43.15,-31.1,[],0,0,[],[]
14791310,14791910,CHI,CHN,0.0,531,CM,EC,0,NT,FI,1.0,600,-23.86,-17.54,"[{'Canonical-syllable': '0', 'Growl': '0', 'High-freq-energy': '0', 'Long-island': '0', 'Low-tilt-spectrum': '1', 'Medium-island': '1', 'Short-island': '0', 'Squeal': '0', 'Typical-entropy': '1', 'Voicing-quality': '1', 'Wide-band': '0', 'Xlong-island': '0', 'seq': '1', 'end': 14791.91, 'start': 14791.53}]",0,0,[],[]
14791910,14792760,NA,NOF,0.0,532,pause,NA,NA,NA,NA,0.0,0,-46.49,-42.36,[],0,0,[],[]
14792760,14793530,CHI,CHN,0.0,532,pause,NA,NA,NA,NA,0.0,0,-19.96,-12.44,[],0,770,"[{'start': 14792.76, 'end': 14793.53}]",[]
14793530,14794370,NA,NOF,0.0,532,pause,NA,NA,NA,NA,0.0,0,-39.54,-26.08,[],0,0,[],[]
14794370,14795170,NA,OLF,0.0,532,pause,NA,NA,NA,NA,0.0,0,-38.58,-27.71,[],0,0,[],[]
14795170,14800620,NA,NOF,0.0,532,pause,NA,NA,NA,NA,0.0,0,-32.96,-12.13,[],0,0,[],[]
14800620,14801710,NA,SIL,0.0,532,pause,NA,NA,NA,NA,0.0,0,-51.87,-37.32,[],0,0,[],[]
14801710,14802980,NA,NOF,0.0,532,pause,NA,NA,NA,NA,0.0,0,-50.9,-39.44,[],0,0,[],[]
14802980,14807980,NA,SIL,0.0,532,pause,NA,NA,NA,NA,0.0,0,-54.82,-39.29,[],0,0,[],[]
14807980,14810100,NA,NOF,0.0,532,pause,NA,NA,NA,NA,0.0,0,-50.86,-41.86,[],0,0,[],[]
14810100,14811580,NA,SIL,0.0,532,pause,NA,NA,NA,NA,0.0,0,-52.15,-42.84,[],0,0,[],[]
14811580,14812690,NA,MAF,0.0,532,pause,NA,NA,NA,NA,0.0,0,-38.53,-29.29,[],0,0,[],[]
14812690,14813300,OCH,CXN,0.0,532,XIC,BC,0,NT,FI,0.0,0,-28.65,-18.78,[],0,0,[],[]
14813300,14814100,NA,SIL,0.0,532,XIC,NA,NA,NA,NA,0.0,0,-48.25,-37.65,[],0,0,[],[]
14814100,14816970,CHI,CHN,0.0,532,XIC,RC,0,TIMI,FI,2.0,2090,-18.1,-6.96,"[{'Canonical-syllable': '0', 'Growl': '0', 'High-freq-energy': '0', 'Long-island': '0', 'Low-tilt-spectrum': '0', 'Medium-island': '0', 'Short-island': '2', 'Squeal': '0', 'Typical-entropy': '0', 'Voicing-quality': '2', 'Wide-band': '0', 'Xlong-island': '0', 'seq': '1', 'end': 14814.82, 'start': 14814.32}, {'Canonical-syllable': '1', 'Growl': '0', 'High-freq-energy': '0', 'Long-island': '1', 'Low-tilt-spectrum': '0', 'Medium-island': '1', 'Short-island': '0', 'Squeal': '0', 'Typical-entropy': '2', 'Voicing-quality': '2', 'Wide-band': '0', 'Xlong-island': '0', 'seq': '2', 'end': 14816.79, 'start': 14815.42}]",0,0,[],[]
14816970,14818440,MAL,MAN,2.97,532,XIC,RC,1,TIMR,FI,0.0,0,-31.75,-21.54,[],0,0,[],[]
14818440,14820060,NA,NOF,0.0,532,XIC,NA,NA,NA,NA,0.0,0,-50.56,-38.38,[],0,0,[],[]
14820060,14820990,CHI,CHN,0.0,532,XIC,RC,1,TIME,FI,1.0,930,-23.45,-16.2,"[{'Canonical-syllable': '0', 'Growl': '0', 'High-freq-energy': '0', 'Long-island': '1', 'Low-tilt-spectrum': '0', 'Medium-island': '0', 'Short-island': '0', 'Squeal': '0', 'Typical-entropy': '0', 'Voicing-quality': '1', 'Wide-band': '0', 'Xlong-island': '0', 'seq': '1', 'end': 14820.99, 'start': 14820.06}]",0,0,[],[]
14820990,14821930,NA,NOF,0.0,532,XIC,NA,NA,NA,NA,0.0,0,-46.86,-35.13,[],0,0,[],[]
14821930,14824870,NA,SIL,0.0,532,XIC,NA,NA,NA,NA,0.0,0,-52.59,-37.88,[],0,0,[],[]
14824870,14825470,CHI,CHN,0.0,532,XIC,RC,1,NT,FH,1.0,600,-27.0,-21.69,"[{'Canonical-syllable': '0', 'Growl': '0', 'High-freq-energy': '0', 'Long-island': '0', 'Low-tilt-spectrum': '0', 'Medium-island': '1', 'Short-island': '0', 'Squeal': '0', 'Typical-entropy': '0', 'Voicing-quality': '1', 'Wide-band': '0', 'Xlong-island': '0', 'seq': '1', 'end': 14825.47, 'start': 14825.09}]",0,0,[],[]
14825470,14826270,NA,NOF,0.0,532,XIC,NA,NA,NA,NA,0.0,0,-50.29,-39.46,[],0,0,[],[]
14826270,14827580,CHI,CHN,0.0,532,XIC,RC,1,TIFI,FH,1.0,1310,-26.76,-21.63,"[{'Canonical-syllable': '0', 'Growl': '0', 'High-freq-energy': '0', 'Long-island': '0', 'Low-tilt-spectrum': '0', 'Medium-island': '0', 'Short-island': '0', 'Squeal': '0', 'Typical-entropy': '0', 'Voicing-quality': '1', 'Wide-band': '0', 'Xlong-island': '1', 'seq': '1', 'end': 14827.58, 'start': 14826.27}]",0,0,[],[]
14827580,14828830,FEM,FAN,3.92,532,XIC,RC,2,TIFR,FI,0.0,0,-37.54,-30.39,[],0,0,[],[]
14828830,14830030,MAL,MAN,4.57,532,XIC,RC,2,NT,FI,0.0,0,-38.47,-31.45,[],0,0,[],[]
14830030,14830630,CHI,CHN,0.0,532,XIC,RC,2,TIME,FI,1.0,600,-30.72,-23.49,"[{'Canonical-syllable': '0', 'Growl': '0', 'High-freq-energy': '0', 'Long-island': '0', 'Low-tilt-spectrum': '1', 'Medium-island': '1', 'Short-island': '0', 'Squeal': '0', 'Typical-entropy': '0', 'Voicing-quality': '1', 'Wide-band': '0', 'Xlong-island': '0', 'seq': '1', 'end': 14830.63, 'start': 14830.12}]",0,0,[],[]
14830630,14831630,CHI,CHN,0.0,532,XIC,RC,2,TIFI,FH,2.0,280,-23.41,-12.36,"[{'Canonical-syllable': '1', 'Growl': '0', 'High-freq-energy': '0', 'Long-island': '0', 'Low-tilt-spectrum': '0', 'Medium-island': '0', 'Short-island': '1', 'Squeal': '0', 'Typical-entropy': '0', 'Voicing-quality': '1', 'Wide-band': '0', 'Xlong-island': '0', 'seq': '1', 'end': 14830.76, 'start': 14830.63}, {'Canonical-syllable': '0', 'Growl': '0', 'High-freq-energy': '0', 'Long-island': '0', 'Low-tilt-spectrum': '0', 'Medium-island': '0', 'Short-island': '1', 'Squeal': '0', 'Typical-entropy': '0', 'Voicing-quality': '1', 'Wide-band': '0', 'Xlong-island': '0', 'seq': '2', 'end': 14831.24, 'start': 14831.09}]",0,0,[],[]
14831630,14833020,FEM,FAN,0.0,532,XIC,NA,NA,NA,NA,0.0,0,-27.54,-21.58,[],1390,0,[],[]
14833020,14834020,FEM,FAN,4.23,532,XIC,RC,3,TIFR,FI,0.0,0,-28.55,-22.57,[],0,0,[],[]
14834020,14836070,CHI,CHN,0.0,532,XIC,RC,3,TIFI,FI,2.0,1550,-22.05,-17.37,"[{'Canonical-syllable': '1', 'Growl': '0', 'High-freq-energy': '0', 'Long-island': '1', 'Low-tilt-spectrum': '0', 'Medium-island': '1', 'Short-island': '0', 'Squeal': '0', 'Typical-entropy': '0', 'Voicing-quality': '2', 'Wide-band': '0', 'Xlong-island': '0', 'seq': '1', 'end': 14835.26, 'start': 14834.02}, {'Canonical-syllable': '1', 'Growl': '0', 'High-freq-energy': '0', 'Long-island': '0', 'Low-tilt-spectrum': '0', 'Medium-island': '1', 'Short-island': '0', 'Squeal': '0', 'Typical-entropy': '0', 'Voicing-quality': '1', 'Wide-band': '0', 'Xlong-island': '0', 'seq': '2', 'end': 14836.07, 'start': 14835.76}]",0,0,[],[]
14836070,14837440,FEM,FAN,2.89,532,XIC,EC,4,TIFR,FI,0.0,0,-35.91,-25.2,[],0,0,[],[]
14837440,14838520,NA,OLF,0.0,533,pause,NA,NA,NA,NA,0.0,0,-18.11,-3.13,[],0,0,[],[]
14838520,14839760,NA,FAF,0.0,533,pause,NA,NA,NA,NA,0.0,0,-41.33,-35.97,[],0,0,[],[]
14839760,14843910,NA,NOF,0.0,533,pause,NA,NA,NA,NA,0.0,0,-44.5,-28.42,[],0,0,[],[]
14843910,14845000,NA,FAF,0.0,533,pause,NA,NA,NA,NA,0.0,0,-34.73,-26.55,[],0,0,[],[]
14845000,14846010,NA,SIL,0.0,533,pause,NA,NA,NA,NA,0.0,0,-45.34,-35.04,[],0,0,[],[]
14846010,14847010,NA,FAF,0.0,533,pause,NA,NA,NA,NA,0.0,0,-42.54,-34.83,[],0,0,[],[]
14847010,14847950,NA,NOF,0.0,533,pause,NA,NA,NA,NA,0.0,0,-38.29,-26.53,[],0,0,[],[]
14847950,14848990,CHI,CHN,0.0,533,CIC,BC,0,NT,FI,1.0,630,-16.81,-10.62,"[{'Canonical-syllable': '0', 'Growl': '0', 'High-freq-energy': '0', 'Long-island': '0', 'Low-tilt-spectrum': '0', 'Medium-island': '1', 'Short-island': '0', 'Squeal': '0', 'Typical-entropy': '0', 'Voicing-quality': '1', 'Wide-band': '0', 'Xlong-island': '0', 'seq': '1', 'end': 14848.99, 'start': 14848.36}]",0,0,[],[]
14848990,14849750,CHI,CHN,0.0,533,CIC,RC,0,NT,FH,1.0,270,-25.18,-17.64,"[{'Canonical-syllable': '1', 'Growl': '0', 'High-freq-energy': '0', 'Long-island': '0', 'Low-tilt-spectrum': '0', 'Medium-island': '1', 'Short-island': '0', 'Squeal': '0', 'Typical-entropy': '0', 'Voicing-quality': '1', 'Wide-band': '0', 'Xlong-island': '0', 'seq': '1', 'end': 14849.26, 'start': 14848.99}]",0,0,[],[]
14849750,14851060,MAL,MAN,0.0,533,CIC,NA,NA,NA,NA,0.0,0,-33.1,-29.03,[],1310,0,[],[]
14851060,14853300,NA,NOF,0.0,533,CIC,NA,NA,NA,NA,0.0,0,-36.53,-21.1,[],0,0,[],[]
14853300,14854180,NA,OLN,0.0,533,CIC,NA,NA,NA,NA,0.0,0,-34.34,-22.68,[],0,0,[],[]
14854180,14856050,CHI,CHN,0.0,533,CIC,RC,0,NT,FH,2.0,930,-28.06,-17.8,"[{'Canonical-syllable': '0', 'Growl': '0', 'High-freq-energy': '0', 'Long-island': '1', 'Low-tilt-spectrum': '1', 'Medium-island': '0', 'Short-island': '0', 'Squeal': '0', 'Typical-entropy': '1', 'Voicing-quality': '1', 'Wide-band': '0', 'Xlong-island': '0', 'seq': '1', 'end': 14854.86, 'start': 14854.18}, {'Canonical-syllable': '0', 'Growl': '1', 'High-freq-energy': '1', 'Long-island': '0', 'Low-tilt-spectrum': '1', 'Medium-island': '0', 'Short-island': '1', 'Squeal': '0', 'Typical-entropy': '1', 'Voicing-quality': '0', 'Wide-band': '1', 'Xlong-island': '0', 'seq': '2', 'end': 14856.05, 'start': 14855.8}]",0,0,[],[]
14856050,14856840,CHI,CHN,0.0,533,CIC,RC,0,TIFI,FH,1.0,790,-21.54,-11.71,"[{'Canonical-syllable': '2', 'Growl': '0', 'High-freq-energy': '0', 'Long-island': '0', 'Low-tilt-spectrum': '1', 'Medium-island': '0', 'Short-island': '3', 'Squeal': '0', 'Typical-entropy': '2', 'Voicing-quality': '3', 'Wide-band': '0', 'Xlong-island': '0', 'seq': '1', 'end': 14856.84, 'start': 14856.05}]",0,0,[],[]
14856840,14857840,FEM,FAN,2.86,533,CIC,RC,1,TIFR,FI,0.0,0,-31.45,-23.86,[],0,0,[],[]
14857840,14858440,CHI,CHN,0.0,533,CIC,RC,1,TIFI,FI,1.0,600,-24.8,-17.3,"[{'Canonical-syllable': '0', 'Growl': '0', 'High-freq-energy': '0', 'Long-island': '0', 'Low-tilt-spectrum': '0', 'Medium-island': '1', 'Short-island': '1', 'Squeal': '0', 'Typical-entropy': '1', 'Voicing-quality': '2', 'Wide-band': '0', 'Xlong-island': '0', 'seq': '1', 'end': 14858.44, 'start': 14857.84}]",0,0,[],[]
14858440,14859440,FEM,FAN,4.38,533,CIC,RC,2,TIFR,FI,0.0,0,-33.23,-23.96,[],0,0,[],[]
14859440,14860500,CHI,CHN,0.0,533,CIC,RC,2,TIFI,FI,1.0,1060,-24.21,-19.85,"[{'Canonical-syllable': '1', 'Growl': '0', 'High-freq-energy': '0', 'Long-island': '0', 'Low-tilt-spectrum': '0', 'Medium-island': '2', 'Short-island': '0', 'Squeal': '0', 'Typical-entropy': '0', 'Voicing-quality': '2', 'Wide-band': '0', 'Xlong-island': '0', 'seq': '1', 'end': 14860.5, 'start': 14859.44}]",0,0,[],[]
14860500,14861300,NA,OLN,0.0,533,CIC,NA,NA,NA,NA,0.0,0,-24.21,-11.39,[],0,0,[],[]
14861300,14862300,FEM,FAN,2.59,533,CIC,RC,3,TIFR,FI,0.0,0,-32.59,-25.64,[],0,0,[],[]
14862300,14863640,CHI,CHN,0.0,533,CIC,RC,3,TIFE,FI,1.0,1170,-27.31,-15.97,"[{'Canonical-syllable': '0', 'Growl': '1', 'High-freq-energy': '0', 'Long-island': '0', 'Low-tilt-spectrum': '0', 'Medium-island': '0', 'Short-island': '0', 'Squeal': '0', 'Typical-entropy': '1', 'Voicing-quality': '1', 'Wide-band': '0', 'Xlong-island': '1', 'seq': '1', 'end': 14863.47, 'start': 14862.3}]",0,0,[],[]
14863640,14864440,NA,NOF,0.0,533,CIC,NA,NA,NA,NA,0.0,0,-34.45,-26.34,[],0,0,[],[]
14864440,14865580,CHI,CHN,0.0,533,CIC,RC,3,NT,FH,1.0,1140,-34.0,-28.27,"[{'Canonical-syllable': '0', 'Growl': '0', 'High-freq-energy': '1', 'Long-island': '1', 'Low-tilt-spectrum': '1', 'Medium-island': '0', 'Short-island': '0', 'Squeal': '0', 'Typical-entropy': '1', 'Voicing-quality': '1', 'Wide-band': '0', 'Xlong-island': '0', 'seq': '1', 'end': 14865.58, 'start': 14864.44}]",0,0,[],[]
14865580,14866420,CHI,CHN,0.0,533,CIC,RC,3,TIMI,FH,1.0,720,-33.94,-28.69,"[{'Canonical-syllable': '0', 'Growl': '0', 'High-freq-energy': '0', 'Long-island': '0', 'Low-tilt-spectrum': '0', 'Medium-island': '1', 'Short-island': '1', 'Squeal': '0', 'Typical-entropy': '0', 'Voicing-quality': '2', 'Wide-band': '0', 'Xlong-island': '0', 'seq': '1', 'end': 14866.3, 'start': 14865.58}]",0,0,[],[]
14866420,14867520,MAL,MAN,4.67,533,CIC,RC,4,TIMR,FI,0.0,0,-30.18,-24.79,[],0,0,[],[]
14867520,14868320,NA,OLN,0.0,533,CIC,NA,NA,NA,NA,0.0,0,-30.56,-21.62,[],0,0,[],[]
14868320,14870480,NA,NOF,0.0,533,CIC,NA,NA,NA,NA,0.0,0,-39.2,-27.14,[],0,0,[],[]
14870480,14872350,FEM,FAN,4.27,533,CIC,RC,4,NT,FI,0.0,0,-31.11,-23.33,[],0,0,[],[]
14872350,14873400,FEM,FAN,4.72,533,CIC,RC,4,NT,FH,0.0,0,-31.78,-23.46,[],0,0,[],[]
14873400,14874200,NA,NOF,0.0,533,CIC,NA,NA,NA,NA,0.0,0,-41.16,-29.43,[],0,0,[],[]
14874200,14875210,FEM,FAN,4.73,533,CIC,EC,4,NT,FH,0.0,0,-26.74,-17.35,[],0,0,[],[]
14875210,14876760,NA,OLN,0.0,534,pause,NA,NA,NA,NA,0.0,0,-24.66,-14.33,[],0,0,[],[]
14876760,14877580,NA,NOF,0.0,534,pause,NA,NA,NA,NA,0.0,0,-34.35,-20.33,[],0,0,[],[]
14877580,14879890,NA,OLN,0.0,534,pause,NA,NA,NA,NA,0.0,0,-28.39,-16.73,[],0,0,[],[]
14879890,14881040,NA,NOF,0.0,534,pause,NA,NA,NA,NA,0.0,0,-43.06,-32.84,[],0,0,[],[]
14881040,14882750,NA,FAF,0.0,534,pause,NA,NA,NA,NA,0.0,0,-40.11,-29.83,[],0,0,[],[]
14882750,14884600,NA,NOF,0.0,534,pause,NA,NA,NA,NA,0.0,0,-39.31,-24.28,[],0,0,[],[]
14884600,14885690,NA,FAF,0.0,534,pause,NA,NA,NA,NA,0.0,0,-37.18,-27.77,[],0,0,[],[]
14885690,14886290,CHI,CHN,0.0,534,CIC,BC,0,TIFI,FI,1.0,270,-23.17,-16.27,"[{'Canonical-syllable': '0', 'Growl': '1', 'High-freq-energy': '0', 'Long-island': '0', 'Low-tilt-spectrum': '0', 'Medium-island': '0', 'Short-island': '1', 'Squeal': '0', 'Typical-entropy': '1', 'Voicing-quality': '1', 'Wide-band': '0', 'Xlong-island': '0', 'seq': '1', 'end': 14886.29, 'start': 14886.02}]",0,0,[],[]
14886290,14887510,NA,MAF,0.0,534,CIC,NA,NA,NA,NA,0.0,0,-23.28,-16.21,[],0,0,[],[]
14887510,14888330,NA,NOF,0.0,534,CIC,NA,NA,NA,NA,0.0,0,-31.59,-20.88,[],0,0,[],[]
14888330,14889130,NA,OLF,0.0,534,CIC,NA,NA,NA,NA,0.0,0,-40.74,-32.03,[],0,0,[],[]
14889130,14890480,NA,NOF,0.0,534,CIC,NA,NA,NA,NA,0.0,0,-43.02,-31.98,[],0,0,[],[]
14890480,14891560,FEM,FAN,8.23,534,CIC,EC,1,TIFR,FI,0.0,0,-38.01,-31.07,[],0,0,[],[]
14891560,14892590,NA,NOF,0.0,535,pause,NA,NA,NA,NA,0.0,0,-35.34,-16.8,[],0,0,[],[]
14892590,14893390,NA,SIL,0.0,535,pause,NA,NA,NA,NA,0.0,0,-41.47,-29.86,[],0,0,[],[]
14893390,14894190,NA,FAF,0.0,535,pause,NA,NA,NA,NA,0.0,0,-38.44,-28.18,[],0,0,[],[]
14894190,14896790,NA,OLF,0.0,535,pause,NA,NA,NA,NA,0.0,0,-22.62,-8.06,[],0,0,[],[]
14896790,14898040,NA,NOF,0.0,535,pause,NA,NA,NA,NA,0.0,0,-37.33,-22.35,[],0,0,[],[]
14898040,14900890,NA,OLN,0.0,535,pause,NA,NA,NA,NA,0.0,0,-26.05,-18.55,[],0,0,[],[]
14900890,14902800,NA,NOF,0.0,535,pause,NA,NA,NA,NA,0.0,0,-18.31,-1.05,[],0,0,[],[]
14902800,14903670,NA,OLN,0.0,535,pause,NA,NA,NA,NA,0.0,0,-27.9,-17.45,[],0,0,[],[]
14903670,14904650,NA,NOF,0.0,535,pause,NA,NA,NA,NA,0.0,0,-16.36,-1.89,[],0,0,[],[]
14904650,14905890,NA,OLN,0.0,535,pause,NA,NA,NA,NA,0.0,0,-25.86,-11.76,[],0,0,[],[]
14905890,14906490,CHI,CHN,0.0,535,CIOCX,BC,0,NT,FI,1.0,600,-17.58,-11.91,"[{'Canonical-syllable': '1', 'Growl': '0', 'High-freq-energy': '0', 'Long-island': '0', 'Low-tilt-spectrum': '0', 'Medium-island': '1', 'Short-island': '0', 'Squeal': '0', 'Typical-entropy': '1', 'Voicing-quality': '1', 'Wide-band': '0', 'Xlong-island': '0', 'seq': '1', 'end': 14906.49, 'start': 14905.89}]",0,0,[],[]
14906490,14907290,NA,OLN,0.0,535,CIOCX,NA,NA,NA,NA,0.0,0,-23.72,-18.23,[],0,0,[],[]
14907290,14907890,CHI,CHN,0.0,535,CIOCX,RC,0,NT,FH,1.0,600,-19.32,-16.34,"[{'Canonical-syllable': '1', 'Growl': '0', 'High-freq-energy': '0', 'Long-island': '0', 'Low-tilt-spectrum': '0', 'Medium-island': '1', 'Short-island': '0', 'Squeal': '0', 'Typical-entropy': '1', 'Voicing-quality': '1', 'Wide-band': '0', 'Xlong-island': '0', 'seq': '1', 'end': 14907.89, 'start': 14907.29}]",0,0,[],[]
14907890,14908690,NA,OLN,0.0,535,CIOCX,NA,NA,NA,NA,0.0,0,-22.17,-17.25,[],0,0,[],[]
14908690,14909720,OCH,CXN,0.0,535,CIOCX,RC,0,NT,FI,0.0,0,-20.76,-11.43,[],0,0,[],[]
14909720,14911340,CHI,CHN,0.0,535,CIOCX,EC,0,NT,FI,2.0,1110,-16.46,-10.36,"[{'Canonical-syllable': '1', 'Growl': '0', 'High-freq-energy': '0', 'Long-island': '0', 'Low-tilt-spectrum': '0', 'Medium-island': '1', 'Short-island': '0', 'Squeal': '0', 'Typical-entropy': '0', 'Voicing-quality': '1', 'Wide-band': '0', 'Xlong-island': '0', 'seq': '1', 'end': 14910.39, 'start': 14909.85}, {'Canonical-syllable': '1', 'Growl': '0', 'High-freq-energy': '0', 'Long-island': '0', 'Low-tilt-spectrum': '0', 'Medium-island': '1', 'Short-island': '0', 'Squeal': '0', 'Typical-entropy': '0', 'Voicing-quality': '1', 'Wide-band': '0', 'Xlong-island': '0', 'seq': '2', 'end': 14911.34, 'start': 14910.9}]",0,0,[],[]
14911340,14912410,NA,OLN,0.0,536,pause,NA,NA,NA,NA,0.0,0,-20.45,-10.81,[],0,0,[],[]
14912410,14913240,NA,NOF,0.0,536,pause,NA,NA,NA,NA,0.0,0,-30.67,-18.86,[],0,0,[],[]
14913240,14914130,NA,SIL,0.0,536,pause,NA,NA,NA,NA,0.0,0,-49.05,-40.64,[],0,0,[],[]
14914130,14915690,NA,NOF,0.0,536,pause,NA,NA,NA,NA,0.0,0,-37.3,-26.05,[],0,0,[],[]
14915690,14916690,MAL,MAN,0.0,536,pause,NA,NA,NA,NA,0.0,0,-32.95,-27.11,[],1000,0,[],[]
14916690,14919050,NA,NOF,0.0,536,pause,NA,NA,NA,NA,0.0,0,-26.04,-6.7,[],0,0,[],[]
14919050,14919850,NA,OLN,0.0,536,pause,NA,NA,NA,NA,0.0,0,-22.88,-14.74,[],0,0,[],[]
14919850,14920910,NA,NOF,0.0,536,pause,NA,NA,NA,NA,0.0,0,-46.31,-35.32,[],0,0,[],[]
14920910,14921910,FEM,FAN,1.03,536,AICF,BC,0,NT,FI,0.0,0,-35.53,-23.74,[],0,0,[],[]
14921910,14922980,MAL,MAN,8.16,536,AICF,RC,0,NT,FI,0.0,0,-28.9,-23.43,[],0,0,[],[]
14922980,14923980,FEM,FAN,5.58,536,AICF,RC,0,NT,FI,0.0,0,-33.8,-26.23,[],0,0,[],[]
14923980,14924950,NA,OLN,0.0,536,AICF,NA,NA,NA,NA,0.0,0,-32.15,-25.32,[],0,0,[],[]
14924950,14925750,NA,NOF,0.0,536,AICF,NA,NA,NA,NA,0.0,0,-47.62,-34.81,[],0,0,[],[]
14925750,14928300,FEM,FAN,11.21,536,AICF,RC,0,NT,FH,0.0,0,-38.1,-28.93,[],0,0,[],[]
14928300,14930580,NA,NOF,0.0,536,AICF,NA,NA,NA,NA,0.0,0,-28.98,-12.17,[],0,0,[],[]
14930580,14931740,FEM,FAN,4.07,536,AICF,RC,0,NT,FH,0.0,0,-34.44,-24.47,[],0,0,[],[]
14931740,14932620,NA,OLN,0.0,536,AICF,NA,NA,NA,NA,0.0,0,-37.9,-26.25,[],0,0,[],[]
14932620,14933670,FEM,FAN,3.07,536,AICF,RC,0,TIFI,FH,0.0,0,-37.03,-29.8,[],0,0,[],[]
14933670,14934270,NA,CHF,0.0,536,AICF,RC,1,TIFR,FI,1.0,170,-44.74,-33.65,"[{'Canonical-syllable': '0', 'Growl': '0', 'High-freq-energy': '0', 'Long-island': '0', 'Low-tilt-spectrum': '1', 'Medium-island': '0', 'Short-island': '1', 'Squeal': '0', 'Typical-entropy': '0', 'Voicing-quality': '1', 'Wide-band': '1', 'Xlong-island': '0', 'seq': '1', 'end': 14933.84, 'start': 14933.67}]",0,0,[],[]
14934270,14937590,FEM,FAN,8.63,536,AICF,RC,1,TIFI,FI,0.0,0,-36.97,-24.91,[],0,0,[],[]
14937590,14938900,NA,SIL,0.0,536,AICF,NA,NA,NA,NA,0.0,0,-55.49,-44.64,[],0,0,[],[]
14938900,14940350,NA,NOF,0.0,536,AICF,NA,NA,NA,NA,0.0,0,-53.85,-38.91,[],0,0,[],[]
14940350,14940950,CHI,CHN,0.0,536,AICF,RC,2,TIFR,FI,1.0,600,-15.31,-7.3,"[{'Canonical-syllable': '0', 'Growl': '0', 'High-freq-energy': '0', 'Long-island': '0', 'Low-tilt-spectrum': '1', 'Medium-island': '0', 'Short-island': '2', 'Squeal': '0', 'Typical-entropy': '1', 'Voicing-quality': '2', 'Wide-band': '0', 'Xlong-island': '0', 'seq': '1', 'end': 14940.95, 'start': 14940.35}]",0,0,[],[]
14940950,14941990,CHI,CHN,0.0,536,AICF,RC,2,NT,FH,1.0,250,-19.33,-9.91,"[{'Canonical-syllable': '0', 'Growl': '1', 'High-freq-energy': '0', 'Long-island': '0', 'Low-tilt-spectrum': '0', 'Medium-island': '0', 'Short-island': '1', 'Squeal': '0', 'Typical-entropy': '0', 'Voicing-quality': '1', 'Wide-band': '0', 'Xlong-island': '0', 'seq': '1', 'end': 14941.6, 'start': 14941.35}]",0,0,[],[]
14941990,14942620,CHI,CHN,0.0,536,AICF,RC,2,NT,FH,1.0,190,-24.4,-14.65,"[{'Canonical-syllable': '0', 'Growl': '0', 'High-freq-energy': '1', 'Long-island': '0', 'Low-tilt-spectrum': '1', 'Medium-island': '0', 'Short-island': '1', 'Squeal': '0', 'Typical-entropy': '1', 'Voicing-quality': '1', 'Wide-band': '0', 'Xlong-island': '0', 'seq': '1', 'end': 14942.18, 'start': 14941.99}]",0,0,[],[]
14942620,14944100,FEM,FAN,7.16,536,AICF,RC,2,TIFI,FI,0.0,0,-25.33,-15.17,[],0,0,[],[]
14944100,14945930,NA,NOF,0.0,536,AICF,NA,NA,NA,NA,0.0,0,-49.92,-38.08,[],0,0,[],[]
14945930,14947060,NA,FAF,0.0,536,AICF,NA,NA,NA,NA,0.0,0,-36.89,-24.23,[],0,0,[],[]
14947060,14948360,CHI,CHN,0.0,536,AICF,RC,3,TIFR,FI,1.0,1180,-18.54,-10.2,"[{'Canonical-syllable': '1', 'Growl': '0', 'High-freq-energy': '0', 'Long-island': '0', 'Low-tilt-spectrum': '0', 'Medium-island': '2', 'Short-island': '1', 'Squeal': '0', 'Typical-entropy': '1', 'Voicing-quality': '3', 'Wide-band': '0', 'Xlong-island': '0', 'seq': '1', 'end': 14948.24, 'start': 14947.16}]",0,0,[],[]
14948360,14950450,FEM,FAN,7.93,536,AICF,RC,3,TIFE,FI,0.0,0,-24.45,-4.53,[],0,0,[],[]
14950450,14951270,NA,OLN,0.0,536,AICF,NA,NA,NA,NA,0.0,0,-29.53,-20.42,[],0,0,[],[]
14951270,14953430,NA,NOF,0.0,536,AICF,NA,NA,NA,NA,0.0,0,-18.52,-2.91,[],0,0,[],[]
14953430,14955310,FEM,FAN,6.88,536,AICF,EC,3,NT,FH,0.0,0,-35.91,-27.03,[],0,0,[],[]
14955310,14958010,NA,NOF,0.0,537,pause,NA,NA,NA,NA,0.0,0,-21.04,-5.11,[],0,0,[],[]
14958010,14959010,NA,FAF,0.0,537,pause,NA,NA,NA,NA,0.0,0,-28.42,-14.43,[],0,0,[],[]
14959010,14959890,NA,OLF,0.0,537,pause,NA,NA,NA,NA,0.0,0,-27.47,-14.11,[],0,0,[],[]
14959890,14960860,NA,NON,0.0,537,pause,NA,NA,NA,NA,0.0,0,-23.28,-8.97,[],0,0,[],[]
14960860,14961660,NA,SIL,0.0,537,pause,NA,NA,NA,NA,0.0,0,-37.66,-20.42,[],0,0,[],[]
14961660,14962520,NA,NOF,0.0,537,pause,NA,NA,NA,NA,0.0,0,-33.22,-18.26,[],0,0,[],[]
14962520,14964510,NA,SIL,0.0,537,pause,NA,NA,NA,NA,0.0,0,-48.08,-31.26,[],0,0,[],[]
14964510,14965310,NA,OLF,0.0,537,pause,NA,NA,NA,NA,0.0,0,-44.58,-33.75,[],0,0,[],[]
14965310,14966370,NA,SIL,0.0,537,pause,NA,NA,NA,NA,0.0,0,-53.76,-38.43,[],0,0,[],[]
14966370,14967820,NA,FAF,0.0,537,pause,NA,NA,NA,NA,0.0,0,-40.47,-24.88,[],0,0,[],[]
14967820,14969940,NA,NOF,0.0,537,pause,NA,NA,NA,NA,0.0,0,-23.76,-5.8,[],0,0,[],[]
14969940,14970730,NA,CHF,0.0,537,pause,NA,NA,NA,NA,0.0,0,-25.94,-8.46,[],0,0,[],[]
14970730,14971530,NA,SIL,0.0,537,pause,NA,NA,NA,NA,0.0,0,-50.24,-44.22,[],0,0,[],[]
14971530,14972390,NA,NOF,0.0,537,pause,NA,NA,NA,NA,0.0,0,-40.59,-27.75,[],0,0,[],[]
14972390,14973460,FEM,FAN,2.49,537,AICF,BC,0,TIFI,FI,0.0,0,-29.87,-17.21,[],0,0,[],[]
14973460,14974280,NA,OLN,0.0,537,AICF,NA,NA,NA,NA,0.0,0,-21.41,-9.15,[],0,0,[],[]
14974280,14975360,NA,NOF,0.0,537,AICF,NA,NA,NA,NA,0.0,0,-31.08,-12.17,[],0,0,[],[]
14975360,14977740,CHI,CHN,0.0,537,AICF,RC,1,TIFR,FI,3.0,1300,-22.27,-13.07,"[{'Canonical-syllable': '0', 'Growl': '0', 'High-freq-energy': '0', 'Long-island': '0', 'Low-tilt-spectrum': '0', 'Medium-island': '0', 'Short-island': '1', 'Squeal': '0', 'Typical-entropy': '0', 'Voicing-quality': '1', 'Wide-band': '0', 'Xlong-island': '0', 'seq': '1', 'end': 14975.67, 'start': 14975.36}, {'Canonical-syllable': '1', 'Growl': '0', 'High-freq-energy': '0', 'Long-island': '0', 'Low-tilt-spectrum': '0', 'Medium-island': '1', 'Short-island': '0', 'Squeal': '0', 'Typical-entropy': '1', 'Voicing-quality': '1', 'Wide-band': '0', 'Xlong-island': '0', 'seq': '2', 'end': 14976.7, 'start': 14976.41}, {'Canonical-syllable': '0', 'Growl': '0', 'High-freq-energy': '0', 'Long-island': '1', 'Low-tilt-spectrum': '0', 'Medium-island': '0', 'Short-island': '0', 'Squeal': '0', 'Typical-entropy': '0', 'Voicing-quality': '1', 'Wide-band': '0', 'Xlong-island': '0', 'seq': '3', 'end': 14977.74, 'start': 14977.04}]",0,0,[],[]
14977740,14978540,NA,NOF,0.0,537,AICF,NA,NA,NA,NA,0.0,0,-31.71,-17.34,[],0,0,[],[]
14978540,14979140,CHI,CHN,0.0,537,AICF,RC,1,NT,FH,1.0,470,-21.57,-7.45,"[{'Canonical-syllable': '0', 'Growl': '1', 'High-freq-energy': '1', 'Long-island': '0', 'Low-tilt-spectrum': '1', 'Medium-island': '0', 'Short-island': '1', 'Squeal': '0', 'Typical-entropy': '1', 'Voicing-quality': '1', 'Wide-band': '0', 'Xlong-island': '0', 'seq': '1', 'end': 14979.01, 'start': 14978.54}]",0,0,[],[]
14979140,14979940,NA,OLN,0.0,537,AICF,NA,NA,NA,NA,0.0,0,-29.72,-19.53,[],0,0,[],[]
14979940,14980780,NA,NOF,0.0,537,AICF,NA,NA,NA,NA,0.0,0,-39.95,-28.17,[],0,0,[],[]
14980780,14982030,CHI,CHN,0.0,537,AICF,RC,1,NT,FH,1.0,1250,-18.27,-10.21,"[{'Canonical-syllable': '0', 'Growl': '0', 'High-freq-energy': '0', 'Long-island': '0', 'Low-tilt-spectrum': '0', 'Medium-island': '2', 'Short-island': '0', 'Squeal': '0', 'Typical-entropy': '1', 'Voicing-quality': '2', 'Wide-band': '0', 'Xlong-island': '0', 'seq': '1', 'end': 14982.03, 'start': 14980.78}]",0,0,[],[]
14982030,14982830,NA,NOF,0.0,537,AICF,NA,NA,NA,NA,0.0,0,-48.59,-34.64,[],0,0,[],[]
14982830,14984470,CHI,CHN,0.0,537,AICF,RC,1,NT,FH,1.0,1510,-23.23,-13.28,"[{'Canonical-syllable': '0', 'Growl': '1', 'High-freq-energy': '0', 'Long-island': '0', 'Low-tilt-spectrum': '0', 'Medium-island': '2', 'Short-island': '1', 'Squeal': '0', 'Typical-entropy': '1', 'Voicing-quality': '3', 'Wide-band': '0', 'Xlong-island': '0', 'seq': '1', 'end': 14984.34, 'start': 14982.83}]",0,0,[],[]
14984470,14985410,NA,SIL,0.0,537,AICF,NA,NA,NA,NA,0.0,0,-41.67,-25.16,[],0,0,[],[]
14985410,14987420,CHI,CHN,0.0,537,AICF,EC,1,NT,FH,2.0,1530,-20.46,-12.12,"[{'Canonical-syllable': '0', 'Growl': '0', 'High-freq-energy': '0', 'Long-island': '1', 'Low-tilt-spectrum': '0', 'Medium-island': '0', 'Short-island': '0', 'Squeal': '0', 'Typical-entropy': '0', 'Voicing-quality': '1', 'Wide-band': '0', 'Xlong-island': '0', 'seq': '1', 'end': 14986.29, 'start': 14985.56}, {'Canonical-syllable': '0', 'Growl': '1', 'High-freq-energy': '0', 'Long-island': '0', 'Low-tilt-spectrum': '0', 'Medium-island': '1', 'Short-island': '1', 'Squeal': '0', 'Typical-entropy': '2', 'Voicing-quality': '2', 'Wide-band': '0', 'Xlong-island': '0', 'seq': '2', 'end': 14987.32, 'start': 14986.67}]",0,0,[],[]
14987420,14988890,NA,NON,0.0,538,pause,NA,NA,NA,NA,0.0,0,-33.28,-18.29,[],0,0,[],[]
14988890,14989700,NA,OLF,0.0,538,pause,NA,NA,NA,NA,0.0,0,-26.95,-14.64,[],0,0,[],[]
14989700,14991670,NA,NOF,0.0,538,pause,NA,NA,NA,NA,0.0,0,-31.73,-10.83,[],0,0,[],[]
14991670,14992480,NA,SIL,0.0,538,pause,NA,NA,NA,NA,0.0,0,-55.82,-48.57,[],0,0,[],[]
14992480,14993860,NA,FAF,0.0,538,pause,NA,NA,NA,NA,0.0,0,-38.26,-19.65,[],0,0,[],[]
14993860,14994790,NA,SIL,0.0,538,pause,NA,NA,NA,NA,0.0,0,-48.75,-36.06,[],0,0,[],[]
14994790,14996430,NA,NOF,0.0,538,pause,NA,NA,NA,NA,0.0,0,-25.34,-10.73,[],0,0,[],[]
14996430,14998190,NA,SIL,0.0,538,pause,NA,NA,NA,NA,0.0,0,-51.68,-38.62,[],0,0,[],[]
14998190,14999730,NA,NOF,0.0,538,pause,NA,NA,NA,NA,0.0,0,-43.62,-29.74,[],0,0,[],[]
14999730,15000850,CHI,CHN,0.0,538,CM,BC,0,NT,FI,2.0,490,-31.46,-24.27,"[{'Canonical-syllable': '1', 'Growl': '0', 'High-freq-energy': '0', 'Long-island': '0', 'Low-tilt-spectrum': '0', 'Medium-island': '1', 'Short-island': '0', 'Squeal': '0', 'Typical-entropy': '0', 'Voicing-quality': '1', 'Wide-band': '0', 'Xlong-island': '0', 'seq': '1', 'end': 15000.1, 'start': 14999.73}, {'Canonical-syllable': '0', 'Growl': '1', 'High-freq-energy': '0', 'Long-island': '0', 'Low-tilt-spectrum': '0', 'Medium-island': '0', 'Short-island': '0', 'Squeal': '0', 'Typical-entropy': '0', 'Voicing-quality': '1', 'Wide-band': '1', 'Xlong-island': '0', 'seq': '2', 'end': 15000.85, 'start': 15000.73}]",0,0,[],[]
15000850,15001650,NA,OLF,0.0,538,CM,NA,NA,NA,NA,0.0,0,-42.1,-28.07,[],0,0,[],[]
15001650,15002450,NA,CXF,0.0,538,CM,NA,NA,NA,NA,0.0,0,-36.53,-24.11,[],0,0,[],[]
15002450,15003100,CHI,CHN,0.0,538,CM,RC,0,NT,FH,1.0,180,-35.61,-23.82,"[{'Canonical-syllable': '0', 'Growl': '0', 'High-freq-energy': '0', 'Long-island': '0', 'Low-tilt-spectrum': '1', 'Medium-island': '0', 'Short-island': '1', 'Squeal': '0', 'Typical-entropy': '0', 'Voicing-quality': '0', 'Wide-band': '0', 'Xlong-island': '0', 'seq': '1', 'end': 15003.02, 'start': 15002.84}]",0,0,[],[]
15003100,15004470,CHI,CHN,0.0,538,CM,RC,0,NT,FH,2.0,620,-30.25,-19.83,"[{'Canonical-syllable': '1', 'Growl': '0', 'High-freq-energy': '0', 'Long-island': '0', 'Low-tilt-spectrum': '0', 'Medium-island': '0', 'Short-island': '1', 'Squeal': '0', 'Typical-entropy': '0', 'Voicing-quality': '1', 'Wide-band': '0', 'Xlong-island': '0', 'seq': '1', 'end': 15003.27, 'start': 15003.1}, {'Canonical-syllable': '0', 'Growl': '1', 'High-freq-energy': '0', 'Long-island': '0', 'Low-tilt-spectrum': '1', 'Medium-island': '0', 'Short-island': '2', 'Squeal': '0', 'Typical-entropy': '0', 'Voicing-quality': '2', 'Wide-band': '0', 'Xlong-island': '0', 'seq': '2', 'end': 15004.47, 'start': 15004.02}]",0,0,[],[]
15004470,15006280,NA,NOF,0.0,538,CM,NA,NA,NA,NA,0.0,0,-40.71,-19.19,[],0,0,[],[]
15006280,15007800,CHI,CHN,0.0,538,CM,RC,0,NT,FH,1.0,1520,-20.2,-14.85,"[{'Canonical-syllable': '0', 'Growl': '0', 'High-freq-energy': '0', 'Long-island': '1', 'Low-tilt-spectrum': '0', 'Medium-island': '1', 'Short-island': '1', 'Squeal': '0', 'Typical-entropy': '2', 'Voicing-quality': '3', 'Wide-band': '0', 'Xlong-island': '0', 'seq': '1', 'end': 15007.8, 'start': 15006.28}]",0,0,[],[]
15007800,15010970,NA,NOF,0.0,538,CM,NA,NA,NA,NA,0.0,0,-29.64,-7.63,[],0,0,[],[]
15010970,15012400,CHI,CHN,0.0,538,CM,EC,0,NT,FH,1.0,1430,-16.74,-9.71,"[{'Canonical-syllable': '1', 'Growl': '0', 'High-freq-energy': '0', 'Long-island': '0', 'Low-tilt-spectrum': '0', 'Medium-island': '2', 'Short-island': '1', 'Squeal': '0', 'Typical-entropy': '1', 'Voicing-quality': '3', 'Wide-band': '0', 'Xlong-island': '0', 'seq': '1', 'end': 15012.4, 'start': 15010.97}]",0,0,[],[]
15012400,15014230,NA,FAF,0.0,539,pause,NA,NA,NA,NA,0.0,0,-26.05,-6.02,[],0,0,[],[]
15014230,15015120,NA,NOF,0.0,539,pause,NA,NA,NA,NA,0.0,0,-26.88,-10.71,[],0,0,[],[]
15015120,15015930,NA,SIL,0.0,539,pause,NA,NA,NA,NA,0.0,0,-52.72,-38.26,[],0,0,[],[]
15015930,15018790,NA,NOF,0.0,539,pause,NA,NA,NA,NA,0.0,0,-22.61,-5.57,[],0,0,[],[]
15018790,15019960,CHI,CHN,0.0,539,CIC,BC,0,NT,FI,1.0,900,-18.72,-6.03,"[{'Canonical-syllable': '0', 'Growl': '0', 'High-freq-energy': '0', 'Long-island': '0', 'Low-tilt-spectrum': '3', 'Medium-island': '0', 'Short-island': '2', 'Squeal': '0', 'Typical-entropy': '3', 'Voicing-quality': '2', 'Wide-band': '0', 'Xlong-island': '0', 'seq': '1', 'end': 15019.69, 'start': 15018.79}]",0,0,[],[]
15019960,15020760,NA,MAF,0.0,539,CIC,NA,NA,NA,NA,0.0,0,-45.62,-38.08,[],0,0,[],[]
15020760,15021760,NA,FAF,0.0,539,CIC,NA,NA,NA,NA,0.0,0,-43.27,-37.78,[],0,0,[],[]
15021760,15022560,NA,SIL,0.0,539,CIC,NA,NA,NA,NA,0.0,0,-48.81,-42.25,[],0,0,[],[]
15022560,15024580,NA,NOF,0.0,539,CIC,NA,NA,NA,NA,0.0,0,-50.6,-38.27,[],0,0,[],[]
15024580,15025900,CHI,CHN,0.0,539,CIC,RC,0,TIFI,FH,1.0,1110,-19.43,-10.63,"[{'Canonical-syllable': '1', 'Growl': '0', 'High-freq-energy': '0', 'Long-island': '0', 'Low-tilt-spectrum': '1', 'Medium-island': '2', 'Short-island': '1', 'Squeal': '0', 'Typical-entropy': '3', 'Voicing-quality': '3', 'Wide-band': '0', 'Xlong-island': '0', 'seq': '1', 'end': 15025.69, 'start': 15024.58}]",0,0,[],[]
15025900,15026940,NA,NON,0.0,539,CIC,NA,NA,NA,NA,0.0,0,-26.0,-7.73,[],0,0,[],[]
15026940,15028000,FEM,FAN,3.83,539,CIC,RC,1,TIFR,FI,0.0,0,-37.21,-29.12,[],0,0,[],[]
15028000,15029360,NA,NOF,0.0,539,CIC,NA,NA,NA,NA,0.0,0,-43.72,-25.06,[],0,0,[],[]
15029360,15030250,CHI,CHN,0.0,539,CIC,RC,1,TIFI,FI,1.0,890,-16.84,-7.56,"[{'Canonical-syllable': '0', 'Growl': '0', 'High-freq-energy': '0', 'Long-island': '1', 'Low-tilt-spectrum': '0', 'Medium-island': '0', 'Short-island': '0', 'Squeal': '0', 'Typical-entropy': '1', 'Voicing-quality': '1', 'Wide-band': '0', 'Xlong-island': '0', 'seq': '1', 'end': 15030.25, 'start': 15029.52}]",0,0,[],[]
15030250,15031450,FEM,FAN,3.75,539,CIC,RC,2,TIFR,FI,0.0,0,-37.86,-31.68,[],0,0,[],[]
15031450,15032250,NA,SIL,0.0,539,CIC,NA,NA,NA,NA,0.0,0,-51.56,-34.53,[],0,0,[],[]
15032250,15036360,NA,NOF,0.0,539,CIC,NA,NA,NA,NA,0.0,0,-27.83,-8.42,[],0,0,[],[]
15036360,15037560,FEM,FAN,3.85,539,CIC,EC,2,NT,FH,0.0,0,-29.4,-13.5,[],0,0,[],[]
15037560,15038960,NA,NOF,0.0,540,pause,NA,NA,NA,NA,0.0,0,-33.67,-16.24,[],0,0,[],[]
15038960,15039610,NA,CHF,0.0,540,pause,NA,NA,NA,NA,0.0,0,-30.05,-13.18,[],0,0,[],[]
15039610,15043070,NA,NOF,0.0,540,pause,NA,NA,NA,NA,0.0,0,-37.83,-16.61,[],0,0,[],[]
15043070,15044120,NA,OLF,0.0,540,pause,NA,NA,NA,NA,0.0,0,-29.33,-16.98,[],0,0,[],[]
15044120,15045020,NA,NOF,0.0,540,pause,NA,NA,NA,NA,0.0,0,-43.64,-32.08,[],0,0,[],[]
15045020,15046090,FEM,FAN,4.29,540,AMF,EC,0,NT,FI,0.0,0,-30.18,-12.32,[],0,0,[],[]
15046090,15046940,NA,FAF,0.0,541,pause,NA,NA,NA,NA,0.0,0,-27.43,-8.52,[],0,0,[],[]
15046940,15048020,NA,MAF,0.0,541,pause,NA,NA,NA,NA,0.0,0,-40.39,-29.23,[],0,0,[],[]
15048020,15051440,NA,NOF,0.0,541,pause,NA,NA,NA,NA,0.0,0,-24.47,-6.05,[],0,0,[],[]
15051440,15053000,CHI,CHN,0.0,541,CIC,BC,0,TIFI,FI,1.0,1460,-16.64,-7.97,"[{'Canonical-syllable': '1', 'Growl': '0', 'High-freq-energy': '1', 'Long-island': '0', 'Low-tilt-spectrum': '3', 'Medium-island': '2', 'Short-island': '2', 'Squeal': '0', 'Typical-entropy': '4', 'Voicing-quality': '4', 'Wide-band': '0', 'Xlong-island': '0', 'seq': '1', 'end': 15052.9, 'start': 15051.53}]",0,0,[],[]
15053000,15054830,FEM,FAN,7.0,541,CIC,RC,1,TIFR,FI,0.0,0,-35.27,-26.29,[],0,0,[],[]
15054830,15056930,NA,NOF,0.0,541,CIC,NA,NA,NA,NA,0.0,0,-20.58,-4.98,[],0,0,[],[]
15056930,15059120,CHI,CHN,0.0,541,CIC,EC,1,TIFE,FI,2.0,1030,-22.26,-8.03,"[{'Canonical-syllable': '0', 'Growl': '2', 'High-freq-energy': '0', 'Long-island': '0', 'Low-tilt-spectrum': '1', 'Medium-island': '0', 'Short-island': '1', 'Squeal': '0', 'Typical-entropy': '2', 'Voicing-quality': '1', 'Wide-band': '0', 'Xlong-island': '0', 'seq': '1', 'end': 15058.13, 'start': 15057.64}, {'Canonical-syllable': '1', 'Growl': '0', 'High-freq-energy': '1', 'Long-island': '0', 'Low-tilt-spectrum': '0', 'Medium-island': '1', 'Short-island': '0', 'Squeal': '0', 'Typical-entropy': '1', 'Voicing-quality': '1', 'Wide-band': '0', 'Xlong-island': '0', 'seq': '2', 'end': 15059.12, 'start': 15058.58}]",0,0,[],[]
15059120,15062730,NA,NOF,0.0,542,pause,NA,NA,NA,NA,0.0,0,-29.21,-7.6,[],0,0,[],[]
15062730,15063530,NA,SIL,0.0,542,pause,NA,NA,NA,NA,0.0,0,-47.64,-37.28,[],0,0,[],[]
15063530,15066050,NA,NOF,0.0,542,pause,NA,NA,NA,NA,0.0,0,-42.5,-23.05,[],0,0,[],[]
15066050,15066930,NA,SIL,0.0,542,pause,NA,NA,NA,NA,0.0,0,-51.32,-42.54,[],0,0,[],[]
15066930,15069040,NA,NOF,0.0,542,pause,NA,NA,NA,NA,0.0,0,-19.6,-4.32,[],0,0,[],[]
15069040,15069840,NA,SIL,0.0,542,pause,NA,NA,NA,NA,0.0,0,-37.13,-20.02,[],0,0,[],[]
15069840,15070680,NA,NOF,0.0,542,pause,NA,NA,NA,NA,0.0,0,-24.7,-12.74,[],0,0,[],[]
15070680,15071700,NA,SIL,0.0,542,pause,NA,NA,NA,NA,0.0,0,-50.16,-36.6,[],0,0,[],[]
15071700,15076600,NA,NOF,0.0,542,pause,NA,NA,NA,NA,0.0,0,-42.05,-24.52,[],0,0,[],[]
15076600,15077550,NA,SIL,0.0,542,pause,NA,NA,NA,NA,0.0,0,-54.82,-40.64,[],0,0,[],[]
15077550,15079110,NA,NOF,0.0,542,pause,NA,NA,NA,NA,0.0,0,-45.38,-30.72,[],0,0,[],[]
15079110,15080470,CHI,CHN,0.0,542,CIC,BC,0,TIFI,FI,2.0,840,-18.6,-6.97,"[{'Canonical-syllable': '1', 'Growl': '0', 'High-freq-energy': '0', 'Long-island': '0', 'Low-tilt-spectrum': '0', 'Medium-island': '0', 'Short-island': '1', 'Squeal': '0', 'Typical-entropy': '1', 'Voicing-quality': '1', 'Wide-band': '0', 'Xlong-island': '0', 'seq': '1', 'end': 15079.39, 'start': 15079.11}, {'Canonical-syllable': '2', 'Growl': '0', 'High-freq-energy': '0', 'Long-island': '0', 'Low-tilt-spectrum': '1', 'Medium-island': '1', 'Short-island': '1', 'Squeal': '0', 'Typical-entropy': '2', 'Voicing-quality': '2', 'Wide-band': '0', 'Xlong-island': '0', 'seq': '2', 'end': 15080.34, 'start': 15079.78}]",0,0,[],[]
15080470,15081850,FEM,FAN,4.54,542,CIC,EC,1,TIFR,FI,0.0,0,-25.87,-13.95,[],0,0,[],[]
15081850,15084300,NA,NOF,0.0,543,pause,NA,NA,NA,NA,0.0,0,-26.94,-6.1,[],0,0,[],[]
15084300,15085100,NA,SIL,0.0,543,pause,NA,NA,NA,NA,0.0,0,-55.13,-46.7,[],0,0,[],[]
15085100,15090860,NA,NOF,0.0,543,pause,NA,NA,NA,NA,0.0,0,-33.96,-12.71,[],0,0,[],[]
15090860,15092000,NA,FAF,0.0,543,pause,NA,NA,NA,NA,0.0,0,-30.53,-18.1,[],0,0,[],[]
15092000,15093530,CHI,CHN,0.0,543,CIOCX,BC,0,NT,FI,1.0,1530,-27.64,-18.35,"[{'Canonical-syllable': '2', 'Growl': '0', 'High-freq-energy': '0', 'Long-island': '0', 'Low-tilt-spectrum': '0', 'Medium-island': '1', 'Short-island': '2', 'Squeal': '0', 'Typical-entropy': '2', 'Voicing-quality': '3', 'Wide-band': '0', 'Xlong-island': '0', 'seq': '1', 'end': 15093.53, 'start': 15092.0}]",0,0,[],[]
15093530,15094690,NA,NOF,0.0,543,CIOCX,NA,NA,NA,NA,0.0,0,-22.91,-7.51,[],0,0,[],[]
15094690,15095300,NA,OLF,0.0,543,CIOCX,NA,NA,NA,NA,0.0,0,-30.39,-14.37,[],0,0,[],[]
15095300,15096100,NA,NOF,0.0,543,CIOCX,NA,NA,NA,NA,0.0,0,-37.41,-20.76,[],0,0,[],[]
15096100,15097140,CHI,CHN,0.0,543,CIOCX,RC,0,NT,FH,1.0,730,-15.93,-7.08,"[{'Canonical-syllable': '0', 'Growl': '0', 'High-freq-energy': '0', 'Long-island': '1', 'Low-tilt-spectrum': '0', 'Medium-island': '0', 'Short-island': '0', 'Squeal': '0', 'Typical-entropy': '0', 'Voicing-quality': '1', 'Wide-band': '0', 'Xlong-island': '0', 'seq': '1', 'end': 15097.14, 'start': 15096.41}]",0,0,[],[]
15097140,15098780,NA,NOF,0.0,543,CIOCX,NA,NA,NA,NA,0.0,0,-40.4,-25.58,[],0,0,[],[]
15098780,15099590,NA,OLF,0.0,543,CIOCX,NA,NA,NA,NA,0.0,0,-38.61,-29.04,[],0,0,[],[]
15099590,15100430,NA,NOF,0.0,543,CIOCX,NA,NA,NA,NA,0.0,0,-45.0,-35.29,[],0,0,[],[]
15100430,15101230,NA,OLN,0.0,543,CIOCX,NA,NA,NA,NA,0.0,0,-26.83,-11.46,[],0,0,[],[]
15101230,15102050,NA,NOF,0.0,543,CIOCX,NA,NA,NA,NA,0.0,0,-45.13,-36.74,[],0,0,[],[]
15102050,15102660,OCH,CXN,0.0,543,CIOCX,RC,0,NT,FI,0.0,0,-34.21,-28.15,[],0,0,[],[]
15102660,15103460,NA,MAF,0.0,543,CIOCX,NA,NA,NA,NA,0.0,0,-38.91,-22.96,[],0,0,[],[]
15103460,15104470,NA,SIL,0.0,543,CIOCX,NA,NA,NA,NA,0.0,0,-50.37,-35.92,[],0,0,[],[]
15104470,15105680,NA,OLF,0.0,543,CIOCX,NA,NA,NA,NA,0.0,0,-19.22,-5.45,[],0,0,[],[]
15105680,15106440,CHI,CHN,0.0,543,CIOCX,RC,0,NT,FI,1.0,760,-15.77,-5.99,"[{'Canonical-syllable': '0', 'Growl': '0', 'High-freq-energy': '0', 'Long-island': '1', 'Low-tilt-spectrum': '1', 'Medium-island': '0', 'Short-island': '0', 'Squeal': '0', 'Typical-entropy': '0', 'Voicing-quality': '1', 'Wide-band': '0', 'Xlong-island': '0', 'seq': '1', 'end': 15106.44, 'start': 15105.68}]",0,0,[],[]
15106440,15107240,NA,CHF,0.0,543,CIOCX,NA,NA,NA,NA,0.0,0,-42.23,-30.32,[],0,800,[],"[{'start': 15106.44, 'end': 15107.24}]"
15107240,15108120,CHI,CHN,0.0,543,CIOCX,RC,0,NT,FH,2.0,530,-29.91,-22.83,"[{'Canonical-syllable': '0', 'Growl': '0', 'High-freq-energy': '0', 'Long-island': '0', 'Low-tilt-spectrum': '0', 'Medium-island': '0', 'Short-island': '1', 'Squeal': '0', 'Typical-entropy': '1', 'Voicing-quality': '1', 'Wide-band': '0', 'Xlong-island': '0', 'seq': '1', 'end': 15107.38, 'start': 15107.24}, {'Canonical-syllable': '0', 'Growl': '0', 'High-freq-energy': '0', 'Long-island': '0', 'Low-tilt-spectrum': '0', 'Medium-island': '1', 'Short-island': '0', 'Squeal': '0', 'Typical-entropy': '0', 'Voicing-quality': '1', 'Wide-band': '0', 'Xlong-island': '0', 'seq': '2', 'end': 15108.12, 'start': 15107.73}]",0,0,[],[]
15108120,15109680,NA,NOF,0.0,543,CIOCX,NA,NA,NA,NA,0.0,0,-18.48,-3.7,[],0,0,[],[]
15109680,15110280,OCH,CXN,0.0,543,CIOCX,RC,0,NT,FI,0.0,0,-28.63,-22.56,[],0,0,[],[]
15110280,15111610,NA,NOF,0.0,543,CIOCX,NA,NA,NA,NA,0.0,0,-22.63,-5.99,[],0,0,[],[]
15111610,15113020,CHI,CHN,0.0,543,CIOCX,EC,0,NT,FI,1.0,1260,-16.78,-4.88,"[{'Canonical-syllable': '1', 'Growl': '0', 'High-freq-energy': '0', 'Long-island': '1', 'Low-tilt-spectrum': '0', 'Medium-island': '0', 'Short-island': '1', 'Squeal': '0', 'Typical-entropy': '1', 'Voicing-quality': '2', 'Wide-band': '0', 'Xlong-island': '0', 'seq': '1', 'end': 15112.87, 'start': 15111.61}]",0,0,[],[]
15113020,15115840,NA,NOF,0.0,544,pause,NA,NA,NA,NA,0.0,0,-21.71,-2.82,[],0,0,[],[]
15115840,15116640,NA,SIL,0.0,544,pause,NA,NA,NA,NA,0.0,0,-50.68,-42.56,[],0,0,[],[]
15116640,15117440,NA,NOF,0.0,544,pause,NA,NA,NA,NA,0.0,0,-32.24,-15.92,[],0,0,[],[]
15117440,15118240,NA,SIL,0.0,544,pause,NA,NA,NA,NA,0.0,0,-51.56,-42.55,[],0,0,[],[]
15118240,15119760,CHI,CHN,0.0,544,CIC,BC,0,TIFI,FI,2.0,990,-17.58,-3.01,"[{'Canonical-syllable': '0', 'Growl': '2', 'High-freq-energy': '0', 'Long-island': '0', 'Low-tilt-spectrum': '2', 'Medium-island': '0', 'Short-island': '2', 'Squeal': '0', 'Typical-entropy': '2', 'Voicing-quality': '1', 'Wide-band': '0', 'Xlong-island': '0', 'seq': '1', 'end': 15118.88, 'start': 15118.24}, {'Canonical-syllable': '0', 'Growl': '1', 'High-freq-energy': '0', 'Long-island': '0', 'Low-tilt-spectrum': '0', 'Medium-island': '1', 'Short-island': '0', 'Squeal': '0', 'Typical-entropy': '0', 'Voicing-quality': '1', 'Wide-band': '0', 'Xlong-island': '0', 'seq': '2', 'end': 15119.76, 'start': 15119.41}]",0,0,[],[]
15119760,15120570,NA,OLN,0.0,544,CIC,NA,NA,NA,NA,0.0,0,-24.29,-12.66,[],0,0,[],[]
15120570,15121170,FEM,FAN,5.74,544,CIC,RC,1,TIFR,FI,0.0,0,-22.33,-16.87,[],0,0,[],[]
15121170,15122260,FEM,FAN,2.82,544,CIC,RC,1,NT,FH,0.0,0,-26.77,-17.59,[],0,0,[],[]
15122260,15123060,NA,NOF,0.0,544,CIC,NA,NA,NA,NA,0.0,0,-31.48,-16.76,[],0,0,[],[]
15123060,15123860,CHI,CHN,0.0,544,CIC,RC,1,TIFI,FI,1.0,470,-17.68,-11.51,"[{'Canonical-syllable': '0', 'Growl': '0', 'High-freq-energy': '0', 'Long-island': '0', 'Low-tilt-spectrum': '0', 'Medium-island': '1', 'Short-island': '0', 'Squeal': '0', 'Typical-entropy': '0', 'Voicing-quality': '1', 'Wide-band': '0', 'Xlong-island': '0', 'seq': '1', 'end': 15123.53, 'start': 15123.06}]",0,0,[],[]
15123860,15124660,NA,SIL,0.0,544,CIC,NA,NA,NA,NA,0.0,0,-42.82,-30.37,[],0,0,[],[]
15124660,15127000,FEM,FAN,2.05,544,CIC,RC,2,TIFR,FI,0.0,0,-22.53,-13.69,[],0,0,[],[]
15127000,15129160,NA,NOF,0.0,544,CIC,NA,NA,NA,NA,0.0,0,-23.06,-4.42,[],0,0,[],[]
15129160,15129760,CHI,CHN,0.0,544,CIC,RC,2,TIFE,FI,1.0,600,-15.29,-9.98,"[{'Canonical-syllable': '0', 'Growl': '0', 'High-freq-energy': '0', 'Long-island': '0', 'Low-tilt-spectrum': '0', 'Medium-island': '1', 'Short-island': '0', 'Squeal': '0', 'Typical-entropy': '0', 'Voicing-quality': '1', 'Wide-band': '0', 'Xlong-island': '0', 'seq': '1', 'end': 15129.76, 'start': 15129.29}]",0,0,[],[]
15129760,15130760,CHI,CHN,0.0,544,CIC,RC,2,NT,FH,1.0,720,-16.08,-11.65,"[{'Canonical-syllable': '0', 'Growl': '0', 'High-freq-energy': '0', 'Long-island': '1', 'Low-tilt-spectrum': '0', 'Medium-island': '0', 'Short-island': '0', 'Squeal': '0', 'Typical-entropy': '0', 'Voicing-quality': '1', 'Wide-band': '0', 'Xlong-island': '0', 'seq': '1', 'end': 15130.48, 'start': 15129.76}]",0,0,[],[]
15130760,15131760,NA,NOF,0.0,544,CIC,NA,NA,NA,NA,0.0,0,-34.95,-17.07,[],0,0,[],[]
15131760,15132710,CHI,CHN,0.0,544,CIC,RC,2,NT,FH,1.0,950,-25.62,-17.54,"[{'Canonical-syllable': '0', 'Growl': '2', 'High-freq-energy': '0', 'Long-island': '0', 'Low-tilt-spectrum': '0', 'Medium-island': '2', 'Short-island': '0', 'Squeal': '0', 'Typical-entropy': '1', 'Voicing-quality': '2', 'Wide-band': '1', 'Xlong-island': '0', 'seq': '1', 'end': 15132.71, 'start': 15131.76}]",0,0,[],[]
15132710,15133530,NA,OLF,0.0,544,CIC,NA,NA,NA,NA,0.0,0,-26.69,-8.85,[],0,0,[],[]
15133530,15136130,CHI,CHN,0.0,544,CIC,RC,2,NT,FH,2.0,1940,-17.56,-7.08,"[{'Canonical-syllable': '0', 'Growl': '1', 'High-freq-energy': '0', 'Long-island': '0', 'Low-tilt-spectrum': '0', 'Medium-island': '1', 'Short-island': '0', 'Squeal': '0', 'Typical-entropy': '1', 'Voicing-quality': '1', 'Wide-band': '0', 'Xlong-island': '0', 'seq': '1', 'end': 15133.96, 'start': 15133.53}, {'Canonical-syllable': '0', 'Growl': '0', 'High-freq-energy': '0', 'Long-island': '0', 'Low-tilt-spectrum': '0', 'Medium-island': '0', 'Short-island': '0', 'Squeal': '0', 'Typical-entropy': '0', 'Voicing-quality': '1', 'Wide-band': '0', 'Xlong-island': '1', 'seq': '2', 'end': 15136.13, 'start': 15134.62}]",0,0,[],[]
15136130,15137020,NA,NOF,0.0,544,CIC,NA,NA,NA,NA,0.0,0,-23.23,-6.68,[],0,0,[],[]
15137020,15137630,CHI,CHN,0.0,544,CIC,RC,2,NT,FH,1.0,610,-24.9,-20.06,"[{'Canonical-syllable': '0', 'Growl': '0', 'High-freq-energy': '0', 'Long-island': '0', 'Low-tilt-spectrum': '0', 'Medium-island': '1', 'Short-island': '0', 'Squeal': '0', 'Typical-entropy': '0', 'Voicing-quality': '1', 'Wide-band': '0', 'Xlong-island': '0', 'seq': '1', 'end': 15137.63, 'start': 15137.3}]",0,0,[],[]
15137630,15138570,NA,OLN,0.0,544,CIC,NA,NA,NA,NA,0.0,0,-27.62,-17.36,[],0,0,[],[]
15138570,15139480,NA,NOF,0.0,544,CIC,NA,NA,NA,NA,0.0,0,-40.82,-23.46,[],0,0,[],[]
15139480,15140080,NA,CHF,0.0,544,CIC,RC,2,TIFI,FH,1.0,600,-41.81,-30.85,"[{'Canonical-syllable': '0', 'Growl': '1', 'High-freq-energy': '0', 'Long-island': '0', 'Low-tilt-spectrum': '1', 'Medium-island': '1', 'Short-island': '0', 'Squeal': '0', 'Typical-entropy': '0', 'Voicing-quality': '1', 'Wide-band': '0', 'Xlong-island': '0', 'seq': '1', 'end': 15140.08, 'start': 15139.48}]",0,0,[],[]
15140080,15141010,NA,NOF,0.0,544,CIC,NA,NA,NA,NA,0.0,0,-44.79,-35.29,[],0,0,[],[]
15141010,15142290,FEM,FAN,6.65,544,CIC,EC,3,TIFR,FI,0.0,0,-32.4,-17.87,[],0,0,[],[]
15142290,15143600,NA,SIL,0.0,545,pause,NA,NA,NA,NA,0.0,0,-34.6,-16.43,[],0,0,[],[]
15143600,15144560,NA,CHF,0.0,545,pause,NA,NA,NA,NA,0.0,0,-34.4,-20.34,[],0,880,"[{'start': 15143.6, 'end': 15144.32}]","[{'start': 15144.32, 'end': 15144.48}]"
15144560,15145370,NA,NOF,0.0,545,pause,NA,NA,NA,NA,0.0,0,-28.45,-10.63,[],0,0,[],[]
15145370,15146410,NA,SIL,0.0,545,pause,NA,NA,NA,NA,0.0,0,-45.75,-28.73,[],0,0,[],[]
15146410,15147410,CHI,CHN,0.0,545,pause,NA,NA,NA,NA,0.0,0,-16.68,-6.95,[],0,860,"[{'start': 15146.55, 'end': 15147.41}]",[]
15147410,15148030,CHI,CHN,0.0,545,pause,NA,NA,NA,NA,0.0,0,-21.17,-11.77,[],0,250,"[{'start': 15147.78, 'end': 15148.03}]",[]
15148030,15149970,CHI,CHN,0.0,545,CIC,BC,0,NT,FI,1.0,1230,-24.02,-12.36,"[{'Canonical-syllable': '1', 'Growl': '0', 'High-freq-energy': '0', 'Long-island': '1', 'Low-tilt-spectrum': '1', 'Medium-island': '0', 'Short-island': '1', 'Squeal': '0', 'Typical-entropy': '1', 'Voicing-quality': '2', 'Wide-band': '0', 'Xlong-island': '0', 'seq': '1', 'end': 15149.26, 'start': 15148.13}]",0,0,[],[]
15149970,15150770,NA,OLN,0.0,545,CIC,NA,NA,NA,NA,0.0,0,-16.39,-5.2,[],0,0,[],[]
15150770,15151570,OCH,CXN,0.0,545,CIC,RC,0,NT,FI,0.0,0,-37.29,-26.86,[],0,0,[],[]
15151570,15153050,CHI,CHN,0.0,545,CIC,RC,0,TIFI,FI,2.0,1140,-17.57,-5.49,"[{'Canonical-syllable': '0', 'Growl': '0', 'High-freq-energy': '0', 'Long-island': '0', 'Low-tilt-spectrum': '1', 'Medium-island': '0', 'Short-island': '1', 'Squeal': '0', 'Typical-entropy': '1', 'Voicing-quality': '1', 'Wide-band': '0', 'Xlong-island': '0', 'seq': '1', 'end': 15151.83, 'start': 15151.57}, {'Canonical-syllable': '1', 'Growl': '0', 'High-freq-energy': '0', 'Long-island': '0', 'Low-tilt-spectrum': '1', 'Medium-island': '1', 'Short-island': '1', 'Squeal': '0', 'Typical-entropy': '3', 'Voicing-quality': '3', 'Wide-band': '0', 'Xlong-island': '0', 'seq': '2', 'end': 15153.05, 'start': 15152.17}]",0,0,[],[]
15153050,15153860,NA,NOF,0.0,545,CIC,NA,NA,NA,NA,0.0,0,-42.99,-31.87,[],0,0,[],[]
15153860,15154460,CHI,CHN,0.0,545,CIC,NA,NA,NA,NA,0.0,0,-17.02,-6.03,[],0,600,"[{'start': 15153.86, 'end': 15154.46}]",[]
15154460,15156550,FEM,FAN,7.51,545,CIC,RC,1,TIFR,FI,0.0,0,-29.44,-17.46,[],0,0,[],[]
15156550,15158690,NA,NOF,0.0,545,CIC,NA,NA,NA,NA,0.0,0,-42.18,-25.79,[],0,0,[],[]
15158690,15159290,CHI,CHN,0.0,545,CIC,RC,1,TIFE,FI,1.0,600,-25.25,-18.96,"[{'Canonical-syllable': '0', 'Growl': '1', 'High-freq-energy': '1', 'Long-island': '0', 'Low-tilt-spectrum': '2', 'Medium-island': '1', 'Short-island': '1', 'Squeal': '0', 'Typical-entropy': '2', 'Voicing-quality': '2', 'Wide-band': '0', 'Xlong-island': '0', 'seq': '1', 'end': 15159.29, 'start': 15158.69}]",0,0,[],[]
15159290,15160290,CHI,CHN,0.0,545,CIC,EC,1,NT,FH,1.0,290,-22.3,-13.74,"[{'Canonical-syllable': '0', 'Growl': '0', 'High-freq-energy': '0', 'Long-island': '0', 'Low-tilt-spectrum': '0', 'Medium-island': '1', 'Short-island': '0', 'Squeal': '0', 'Typical-entropy': '0', 'Voicing-quality': '1', 'Wide-band': '0', 'Xlong-island': '0', 'seq': '1', 'end': 15159.58, 'start': 15159.29}]",0,0,[],[]
15160290,15161090,NA,SIL,0.0,546,pause,NA,NA,NA,NA,0.0,0,-55.13,-46.82,[],0,0,[],[]
15161090,15161890,NA,NOF,0.0,546,pause,NA,NA,NA,NA,0.0,0,-40.98,-27.42,[],0,0,[],[]
15161890,15162690,NA,SIL,0.0,546,pause,NA,NA,NA,NA,0.0,0,-57.54,-54.61,[],0,0,[],[]
15162690,15163580,NA,NOF,0.0,546,pause,NA,NA,NA,NA,0.0,0,-52.97,-44.69,[],0,0,[],[]
15163580,15166080,NA,SIL,0.0,546,pause,NA,NA,NA,NA,0.0,0,-50.85,-40.18,[],0,0,[],[]
15166080,15166880,NA,OLN,0.0,546,pause,NA,NA,NA,NA,0.0,0,-35.15,-26.35,[],0,0,[],[]
15166880,15167930,FEM,FAN,0.31,546,AICF,BC,0,TIFI,FI,0.0,0,-34.51,-22.94,[],0,0,[],[]
15167930,15169890,NA,NOF,0.0,546,AICF,NA,NA,NA,NA,0.0,0,-36.77,-20.34,[],0,0,[],[]
15169890,15170980,CHI,CHN,0.0,546,AICF,RC,1,TIFR,FI,1.0,1090,-19.77,-9.64,"[{'Canonical-syllable': '0', 'Growl': '1', 'High-freq-energy': '0', 'Long-island': '0', 'Low-tilt-spectrum': '0', 'Medium-island': '1', 'Short-island': '1', 'Squeal': '0', 'Typical-entropy': '1', 'Voicing-quality': '3', 'Wide-band': '0', 'Xlong-island': '0', 'seq': '1', 'end': 15170.98, 'start': 15169.89}]",0,0,[],[]
15170980,15172460,FEM,FAN,7.24,546,AICF,RC,1,TIFE,FI,0.0,0,-33.58,-21.66,[],0,0,[],[]
15172460,15173600,NA,NOF,0.0,546,AICF,NA,NA,NA,NA,0.0,0,-44.37,-34.9,[],0,0,[],[]
15173600,15174780,OCH,CXN,0.0,546,AICF,RC,1,NT,FI,0.0,0,-32.45,-18.96,[],0,0,[],[]
15174780,15176610,FEM,FAN,6.49,546,AICF,RC,1,NT,FI,0.0,0,-35.74,-26.27,[],0,0,[],[]
15176610,15178060,NA,NOF,0.0,546,AICF,NA,NA,NA,NA,0.0,0,-40.44,-23.09,[],0,0,[],[]
15178060,15180480,FEM,FAN,9.52,546,AICF,RC,1,TIFI,FH,0.0,0,-29.84,-20.79,[],0,0,[],[]
15180480,15181410,CHI,CHN,0.0,546,AICF,NA,NA,NA,NA,0.0,0,-16.79,-7.11,[],0,850,"[{'start': 15180.56, 'end': 15181.41}]",[]
15181410,15182490,NA,OLN,0.0,546,AICF,NA,NA,NA,NA,0.0,0,-14.26,-4.46,[],0,0,[],[]
15182490,15183660,CHI,CHN,0.0,546,AICF,RC,2,TIFR,FI,2.0,630,-27.31,-15.41,"[{'Canonical-syllable': '0', 'Growl': '0', 'High-freq-energy': '0', 'Long-island': '0', 'Low-tilt-spectrum': '0', 'Medium-island': '0', 'Short-island': '1', 'Squeal': '0', 'Typical-entropy': '1', 'Voicing-quality': '1', 'Wide-band': '0', 'Xlong-island': '0', 'seq': '1', 'end': 15182.66, 'start': 15182.49}, {'Canonical-syllable': '0', 'Growl': '1', 'High-freq-energy': '0', 'Long-island': '0', 'Low-tilt-spectrum': '1', 'Medium-island': '0', 'Short-island': '1', 'Squeal': '0', 'Typical-entropy': '1', 'Voicing-quality': '1', 'Wide-band': '1', 'Xlong-island': '0', 'seq': '2', 'end': 15183.66, 'start': 15183.2}]",0,0,[],[]
15183660,15185090,NA,OLF,0.0,546,AICF,NA,NA,NA,NA,0.0,0,-27.59,-10.44,[],0,0,[],[]
15185090,15185890,NA,NOF,0.0,546,AICF,NA,NA,NA,NA,0.0,0,-37.58,-20.64,[],0,0,[],[]
15185890,15187550,CHI,CHN,0.0,546,AICF,NA,NA,NA,NA,0.0,0,-16.13,-3.89,[],0,1170,"[{'start': 15185.89, 'end': 15187.06}]",[]
15187550,15188460,NA,NOF,0.0,546,AICF,NA,NA,NA,NA,0.0,0,-37.67,-24.72,[],0,0,[],[]
15188460,15189060,CHI,CHN,0.0,546,AICF,RC,2,NT,FH,1.0,600,-24.46,-16.22,"[{'Canonical-syllable': '1', 'Growl': '0', 'High-freq-energy': '0', 'Long-island': '0', 'Low-tilt-spectrum': '1', 'Medium-island': '0', 'Short-island': '2', 'Squeal': '0', 'Typical-entropy': '1', 'Voicing-quality': '2', 'Wide-band': '0', 'Xlong-island': '0', 'seq': '1', 'end': 15189.06, 'start': 15188.46}]",0,0,[],[]
15189060,15190060,OCH,CXN,0.0,546,AICF,RC,2,NT,FI,0.0,0,-26.31,-16.03,[],0,0,[],[]
15190060,15190880,NA,NOF,0.0,546,AICF,NA,NA,NA,NA,0.0,0,-50.94,-42.34,[],0,0,[],[]
15190880,15192070,CHI,CHN,0.0,546,AICF,EC,2,NT,FI,1.0,1050,-17.18,-8.41,"[{'Canonical-syllable': '0', 'Growl': '0', 'High-freq-energy': '0', 'Long-island': '0', 'Low-tilt-spectrum': '2', 'Medium-island': '1', 'Short-island': '2', 'Squeal': '0', 'Typical-entropy': '3', 'Voicing-quality': '3', 'Wide-band': '0', 'Xlong-island': '0', 'seq': '1', 'end': 15191.93, 'start': 15190.88}]",0,0,[],[]
15192070,15195360,NA,NOF,0.0,547,pause,NA,NA,NA,NA,0.0,0,-23.3,-3.22,[],0,0,[],[]
15195360,15196280,NA,OLN,0.0,547,pause,NA,NA,NA,NA,0.0,0,-27.97,-11.12,[],0,0,[],[]
15196280,15197740,NA,SIL,0.0,547,pause,NA,NA,NA,NA,0.0,0,-48.03,-41.32,[],0,0,[],[]
15197740,15201740,CHI,CHN,0.0,547,CIC,BC,0,TIFI,FI,3.0,2560,-19.87,-9.22,"[{'Canonical-syllable': '1', 'Growl': '0', 'High-freq-energy': '0', 'Long-island': '0', 'Low-tilt-spectrum': '0', 'Medium-island': '0', 'Short-island': '1', 'Squeal': '0', 'Typical-entropy': '0', 'Voicing-quality': '1', 'Wide-band': '0', 'Xlong-island': '0', 'seq': '1', 'end': 15198.01, 'start': 15197.74}, {'Canonical-syllable': '2', 'Growl': '0', 'High-freq-energy': '0', 'Long-island': '0', 'Low-tilt-spectrum': '0', 'Medium-island': '2', 'Short-island': '0', 'Squeal': '0', 'Typical-entropy': '1', 'Voicing-quality': '2', 'Wide-band': '0', 'Xlong-island': '0', 'seq': '2', 'end': 15199.88, 'start': 15198.63}, {'Canonical-syllable': '1', 'Growl': '0', 'High-freq-energy': '0', 'Long-island': '0', 'Low-tilt-spectrum': '0', 'Medium-island': '2', 'Short-island': '0', 'Squeal': '0', 'Typical-entropy': '1', 'Voicing-quality': '2', 'Wide-band': '0', 'Xlong-island': '0', 'seq': '3', 'end': 15201.55, 'start': 15200.51}]",0,0,[],[]
15201740,15202750,FEM,FAN,4.67,547,CIC,EC,1,TIFR,FI,0.0,0,-35.01,-24.03,[],0,0,[],[]
15202750,15203780,NA,NOF,0.0,548,pause,NA,NA,NA,NA,0.0,0,-46.83,-31.92,[],0,0,[],[]
15203780,15204620,NA,SIL,0.0,548,pause,NA,NA,NA,NA,0.0,0,-50.3,-38.43,[],0,0,[],[]
15204620,15205420,NA,FAF,0.0,548,pause,NA,NA,NA,NA,0.0,0,-44.38,-37.34,[],0,0,[],[]
15205420,15207720,NA,SIL,0.0,548,pause,NA,NA,NA,NA,0.0,0,-58.27,-51.53,[],0,0,[],[]
15207720,15208800,NA,NOF,0.0,548,pause,NA,NA,NA,NA,0.0,0,-53.5,-48.73,[],0,0,[],[]
15208800,15210750,CHI,CHN,0.0,548,CM,BC,0,NT,FI,2.0,1470,-17.77,-7.84,"[{'Canonical-syllable': '0', 'Growl': '0', 'High-freq-energy': '0', 'Long-island': '0', 'Low-tilt-spectrum': '0', 'Medium-island': '1', 'Short-island': '0', 'Squeal': '0', 'Typical-entropy': '0', 'Voicing-quality': '1', 'Wide-band': '0', 'Xlong-island': '0', 'seq': '1', 'end': 15209.19, 'start': 15208.8}, {'Canonical-syllable': '1', 'Growl': '0', 'High-freq-energy': '0', 'Long-island': '0', 'Low-tilt-spectrum': '2', 'Medium-island': '1', 'Short-island': '2', 'Squeal': '0', 'Typical-entropy': '3', 'Voicing-quality': '4', 'Wide-band': '0', 'Xlong-island': '0', 'seq': '2', 'end': 15210.58, 'start': 15209.5}]",0,0,[],[]
15210750,15212140,NA,SIL,0.0,548,CM,NA,NA,NA,NA,0.0,0,-53.08,-37.17,[],0,0,[],[]
15212140,15215730,CHI,CHN,0.0,548,CM,EC,0,NT,FH,3.0,2670,-16.71,-5.51,"[{'Canonical-syllable': '1', 'Growl': '0', 'High-freq-energy': '1', 'Long-island': '0', 'Low-tilt-spectrum': '2', 'Medium-island': '1', 'Short-island': '1', 'Squeal': '0', 'Typical-entropy': '2', 'Voicing-quality': '2', 'Wide-band': '0', 'Xlong-island': '0', 'seq': '1', 'end': 15213.13, 'start': 15212.22}, {'Canonical-syllable': '1', 'Growl': '0', 'High-freq-energy': '1', 'Long-island': '0', 'Low-tilt-spectrum': '1', 'Medium-island': '1', 'Short-island': '2', 'Squeal': '0', 'Typical-entropy': '3', 'Voicing-quality': '4', 'Wide-band': '1', 'Xlong-island': '0', 'seq': '2', 'end': 15215.08, 'start': 15213.57}, {'Canonical-syllable': '0', 'Growl': '0', 'High-freq-energy': '0', 'Long-island': '0', 'Low-tilt-spectrum': '0', 'Medium-island': '0', 'Short-island': '1', 'Squeal': '0', 'Typical-entropy': '0', 'Voicing-quality': '1', 'Wide-band': '1', 'Xlong-island': '0', 'seq': '3', 'end': 15215.65, 'start': 15215.48}]",0,0,[],[]
15215730,15216730,NA,MAF,0.0,549,pause,NA,NA,NA,NA,0.0,0,-37.86,-30.15,[],0,0,[],[]
15216730,15222540,NA,NOF,0.0,549,pause,NA,NA,NA,NA,0.0,0,-40.47,-18.43,[],0,0,[],[]
15222540,15223650,OCH,CXN,0.0,549,XM,EC,0,NT,FI,0.0,0,-23.2,-16.7,[],0,0,[],[]
15223650,15226280,NA,NOF,0.0,550,pause,NA,NA,NA,NA,0.0,0,-42.3,-26.71,[],0,0,[],[]
15226280,15227080,NA,SIL,0.0,550,pause,NA,NA,NA,NA,0.0,0,-54.1,-42.82,[],0,0,[],[]
15227080,15232300,NA,NOF,0.0,550,pause,NA,NA,NA,NA,0.0,0,-27.99,-4.7,[],0,0,[],[]
15232300,15234380,FEM,FAN,5.77,550,AMF,EC,0,NT,FI,0.0,0,-36.66,-30.25,[],0,0,[],[]
15234380,15235210,NA,NOF,0.0,551,pause,NA,NA,NA,NA,0.0,0,-30.35,-18.88,[],0,0,[],[]
15235210,15236160,NA,OLN,0.0,551,pause,NA,NA,NA,NA,0.0,0,-25.14,-15.94,[],0,0,[],[]
15236160,15237780,NA,NOF,0.0,551,pause,NA,NA,NA,NA,0.0,0,-34.0,-15.5,[],0,0,[],[]
15237780,15238640,NA,SIL,0.0,551,pause,NA,NA,NA,NA,0.0,0,-53.02,-45.58,[],0,0,[],[]
15238640,15240280,NA,NOF,0.0,551,pause,NA,NA,NA,NA,0.0,0,-45.34,-30.46,[],0,0,[],[]
15240280,15242490,CHI,CHN,0.0,551,CM,EC,0,NT,FI,2.0,1900,-19.5,-10.67,"[{'Canonical-syllable': '0', 'Growl': '0', 'High-freq-energy': '0', 'Long-island': '1', 'Low-tilt-spectrum': '0', 'Medium-island': '1', 'Short-island': '1', 'Squeal': '0', 'Typical-entropy': '1', 'Voicing-quality': '3', 'Wide-band': '1', 'Xlong-island': '0', 'seq': '1', 'end': 15241.93, 'start': 15240.28}, {'Canonical-syllable': '0', 'Growl': '0', 'High-freq-energy': '0', 'Long-island': '0', 'Low-tilt-spectrum': '0', 'Medium-island': '0', 'Short-island': '1', 'Squeal': '0', 'Typical-entropy': '1', 'Voicing-quality': '1', 'Wide-band': '0', 'Xlong-island': '0', 'seq': '2', 'end': 15242.49, 'start': 15242.24}]",0,0,[],[]
15242490,15246240,NA,NOF,0.0,552,pause,NA,NA,NA,NA,0.0,0,-40.66,-24.56,[],0,0,[],[]
15246240,15248060,FEM,FAN,0.0,552,pause,NA,NA,NA,NA,0.0,0,-35.06,-27.74,[],1820,0,[],[]
15248060,15249190,NA,NON,0.0,552,pause,NA,NA,NA,NA,0.0,0,-18.36,-6.17,[],0,0,[],[]
15249190,15250190,FEM,FAN,2.76,552,AMF,EC,0,NT,FI,0.0,0,-36.74,-28.3,[],0,0,[],[]
15250190,15250990,NA,NOF,0.0,553,pause,NA,NA,NA,NA,0.0,0,-46.07,-37.29,[],0,0,[],[]
15250990,15252240,NA,FAF,0.0,553,pause,NA,NA,NA,NA,0.0,0,-40.49,-28.55,[],0,0,[],[]
15252240,15253450,NA,NOF,0.0,553,pause,NA,NA,NA,NA,0.0,0,-42.53,-29.44,[],0,0,[],[]
15253450,15254660,NA,FAF,0.0,553,pause,NA,NA,NA,NA,0.0,0,-46.41,-40.53,[],0,0,[],[]
15254660,15256070,NA,NOF,0.0,553,pause,NA,NA,NA,NA,0.0,0,-45.89,-33.03,[],0,0,[],[]
15256070,15258350,NA,FAF,0.0,553,pause,NA,NA,NA,NA,0.0,0,-39.69,-30.52,[],0,0,[],[]
15258350,15263430,NA,NOF,0.0,553,pause,NA,NA,NA,NA,0.0,0,-30.95,-6.56,[],0,0,[],[]
15263430,15265050,FEM,FAN,2.32,553,AMF,EC,0,NT,FI,0.0,0,-35.94,-24.78,[],0,0,[],[]
15265050,15272050,NA,NOF,0.0,554,pause,NA,NA,NA,NA,0.0,0,-25.67,-1.3,[],0,0,[],[]
15272050,15272650,CHI,CHN,0.0,554,CIC,BC,0,NT,FI,1.0,600,-20.96,-13.32,"[{'Canonical-syllable': '0', 'Growl': '0', 'High-freq-energy': '0', 'Long-island': '0', 'Low-tilt-spectrum': '0', 'Medium-island': '1', 'Short-island': '0', 'Squeal': '0', 'Typical-entropy': '1', 'Voicing-quality': '1', 'Wide-band': '0', 'Xlong-island': '0', 'seq': '1', 'end': 15272.65, 'start': 15272.05}]",0,0,[],[]
15272650,15273570,CHI,CHN,0.0,554,CIC,RC,0,NT,FH,1.0,490,-23.69,-11.37,"[{'Canonical-syllable': '0', 'Growl': '0', 'High-freq-energy': '0', 'Long-island': '0', 'Low-tilt-spectrum': '0', 'Medium-island': '0', 'Short-island': '1', 'Squeal': '0', 'Typical-entropy': '0', 'Voicing-quality': '1', 'Wide-band': '0', 'Xlong-island': '0', 'seq': '1', 'end': 15273.14, 'start': 15272.9}]",0,0,[],[]
15273570,15275030,CHI,CHN,0.0,554,CIC,RC,0,NT,FH,1.0,1210,-24.03,-14.95,"[{'Canonical-syllable': '2', 'Growl': '0', 'High-freq-energy': '0', 'Long-island': '0', 'Low-tilt-spectrum': '0', 'Medium-island': '2', 'Short-island': '2', 'Squeal': '0', 'Typical-entropy': '4', 'Voicing-quality': '4', 'Wide-band': '0', 'Xlong-island': '0', 'seq': '1', 'end': 15274.78, 'start': 15273.57}]",0,0,[],[]
15275030,15276500,NA,NOF,0.0,554,CIC,NA,NA,NA,NA,0.0,0,-42.84,-26.97,[],0,0,[],[]
15276500,15277100,CHI,CHN,0.0,554,CIC,RC,0,NT,FH,1.0,250,-33.45,-23.69,"[{'Canonical-syllable': '0', 'Growl': '1', 'High-freq-energy': '0', 'Long-island': '0', 'Low-tilt-spectrum': '0', 'Medium-island': '0', 'Short-island': '0', 'Squeal': '0', 'Typical-entropy': '1', 'Voicing-quality': '1', 'Wide-band': '0', 'Xlong-island': '0', 'seq': '1', 'end': 15276.75, 'start': 15276.64}]",0,0,[],[]
15277100,15277900,CHI,CHN,0.0,554,CIC,RC,0,NT,FH,1.0,470,-25.46,-11.24,"[{'Canonical-syllable': '1', 'Growl': '0', 'High-freq-energy': '0', 'Long-island': '0', 'Low-tilt-spectrum': '0', 'Medium-island': '1', 'Short-island': '0', 'Squeal': '0', 'Typical-entropy': '0', 'Voicing-quality': '1', 'Wide-band': '0', 'Xlong-island': '0', 'seq': '1', 'end': 15277.9, 'start': 15277.43}]",0,0,[],[]
15277900,15278500,FEM,FAN,0.0,554,CIC,NA,NA,NA,NA,0.0,0,-26.54,-23.77,[],600,0,[],[]
15278500,15279300,OCH,CXN,0.0,554,CIC,RC,0,NT,FI,0.0,0,-29.59,-24.73,[],0,0,[],[]
15279300,15280100,OCH,CXN,0.0,554,CIC,RC,0,NT,FH,0.0,0,-33.41,-25.57,[],0,0,[],[]
15280100,15280900,NA,NOF,0.0,554,CIC,NA,NA,NA,NA,0.0,0,-36.41,-23.02,[],0,0,[],[]
15280900,15283020,CHI,CHN,0.0,554,CIC,RC,0,TIFI,FI,2.0,1500,-24.71,-16.44,"[{'Canonical-syllable': '0', 'Growl': '0', 'High-freq-energy': '0', 'Long-island': '1', 'Low-tilt-spectrum': '1', 'Medium-island': '0', 'Short-island': '0', 'Squeal': '0', 'Typical-entropy': '1', 'Voicing-quality': '1', 'Wide-band': '0', 'Xlong-island': '0', 'seq': '1', 'end': 15281.64, 'start': 15280.9}, {'Canonical-syllable': '1', 'Growl': '0', 'High-freq-energy': '0', 'Long-island': '0', 'Low-tilt-spectrum': '2', 'Medium-island': '1', 'Short-island': '1', 'Squeal': '0', 'Typical-entropy': '2', 'Voicing-quality': '2', 'Wide-band': '0', 'Xlong-island': '0', 'seq': '2', 'end': 15282.93, 'start': 15282.17}]",0,0,[],[]
15283020,15286930,NA,NOF,0.0,554,CIC,NA,NA,NA,NA,0.0,0,-42.12,-26.21,[],0,0,[],[]
15286930,15288760,FEM,FAN,2.88,554,CIC,RC,1,TIFR,FI,0.0,0,-38.06,-28.45,[],0,0,[],[]
15288760,15289830,CHI,CHN,0.0,554,CIC,NA,NA,NA,NA,0.0,0,-26.19,-16.68,[],0,210,"[{'start': 15289.43, 'end': 15289.64}]",[]
15289830,15290840,CHI,CHN,0.0,554,CIC,RC,1,TIFI,FI,1.0,1010,-24.3,-19.03,"[{'Canonical-syllable': '1', 'Growl': '2', 'High-freq-energy': '0', 'Long-island': '0', 'Low-tilt-spectrum': '0', 'Medium-island': '1', 'Short-island': '2', 'Squeal': '0', 'Typical-entropy': '0', 'Voicing-quality': '3', 'Wide-band': '0', 'Xlong-island': '0', 'seq': '1', 'end': 15290.84, 'start': 15289.83}]",0,0,[],[]
15290840,15292080,NA,MAF,0.0,554,CIC,NA,NA,NA,NA,0.0,0,-42.47,-29.53,[],0,0,[],[]
15292080,15292930,NA,SIL,0.0,554,CIC,NA,NA,NA,NA,0.0,0,-55.56,-44.75,[],0,0,[],[]
15292930,15295110,NA,NOF,0.0,554,CIC,NA,NA,NA,NA,0.0,0,-44.47,-31.38,[],0,0,[],[]
15295110,15296110,FEM,FAN,5.15,554,CIC,RC,2,TIFR,FI,0.0,0,-30.39,-19.46,[],0,0,[],[]
15296110,15296920,NA,OLN,0.0,554,CIC,NA,NA,NA,NA,0.0,0,-28.83,-20.31,[],0,0,[],[]
15296920,15298560,NA,NOF,0.0,554,CIC,NA,NA,NA,NA,0.0,0,-42.74,-28.51,[],0,0,[],[]
15298560,15300310,MAL,MAN,6.79,554,CIC,EC,2,NT,FI,0.0,0,-31.24,-23.94,[],0,0,[],[]
15300310,15303640,NA,NOF,0.0,555,pause,NA,NA,NA,NA,0.0,0,-37.45,-21.23,[],0,0,[],[]
15303640,15304450,NA,OLF,0.0,555,pause,NA,NA,NA,NA,0.0,0,-38.19,-25.97,[],0,0,[],[]
15304450,15305620,NA,NOF,0.0,555,pause,NA,NA,NA,NA,0.0,0,-28.8,-12.8,[],0,0,[],[]
15305620,15307390,FEM,FAN,5.41,555,AMF,BC,0,NT,FI,0.0,0,-27.63,-17.38,[],0,0,[],[]
15307390,15308830,NA,NOF,0.0,555,AMF,NA,NA,NA,NA,0.0,0,-39.89,-19.28,[],0,0,[],[]
15308830,15309860,MAL,MAN,1.79,555,AMF,EC,0,NT,FI,0.0,0,-28.69,-23.05,[],0,0,[],[]
15309860,15311460,NA,SIL,0.0,556,pause,NA,NA,NA,NA,0.0,0,-49.56,-32.41,[],0,0,[],[]
15311460,15312070,NA,MAF,0.0,556,pause,NA,NA,NA,NA,0.0,0,-36.74,-30.75,[],0,0,[],[]
15312070,15313370,NA,SIL,0.0,556,pause,NA,NA,NA,NA,0.0,0,-55.33,-47.0,[],0,0,[],[]
15313370,15314500,NA,OLF,0.0,556,pause,NA,NA,NA,NA,0.0,0,-35.7,-19.95,[],0,0,[],[]
15314500,15315310,NA,SIL,0.0,556,pause,NA,NA,NA,NA,0.0,0,-48.56,-38.77,[],0,0,[],[]
15315310,15316520,MAL,MAN,2.95,556,AMM,BC,0,NT,FI,0.0,0,-30.11,-22.86,[],0,0,[],[]
15316520,15318120,NA,NOF,0.0,556,AMM,NA,NA,NA,NA,0.0,0,-37.25,-19.25,[],0,0,[],[]
15318120,15319530,NA,SIL,0.0,556,AMM,NA,NA,NA,NA,0.0,0,-52.61,-34.32,[],0,0,[],[]
15319530,15320330,NA,NOF,0.0,556,AMM,NA,NA,NA,NA,0.0,0,-38.32,-24.92,[],0,0,[],[]
15320330,15321130,NA,SIL,0.0,556,AMM,NA,NA,NA,NA,0.0,0,-51.21,-40.11,[],0,0,[],[]
15321130,15322130,MAL,MAN,3.31,556,AMM,EC,0,NT,FH,0.0,0,-33.78,-24.71,[],0,0,[],[]
15322130,15322940,NA,NOF,0.0,557,pause,NA,NA,NA,NA,0.0,0,-47.34,-32.36,[],0,0,[],[]
15322940,15326150,NA,SIL,0.0,557,pause,NA,NA,NA,NA,0.0,0,-53.02,-34.21,[],0,0,[],[]
15326150,15326980,NA,OLF,0.0,557,pause,NA,NA,NA,NA,0.0,0,-42.65,-34.7,[],0,0,[],[]
15326980,15328060,NA,SIL,0.0,557,pause,NA,NA,NA,NA,0.0,0,-56.87,-51.42,[],0,0,[],[]
15328060,15330690,NA,NOF,0.0,557,pause,NA,NA,NA,NA,0.0,0,-27.11,-7.14,[],0,0,[],[]
15330690,15331490,NA,OLN,0.0,557,pause,NA,NA,NA,NA,0.0,0,-36.28,-22.8,[],0,0,[],[]
15331490,15334520,NA,NOF,0.0,557,pause,NA,NA,NA,NA,0.0,0,-31.43,-10.2,[],0,0,[],[]
15334520,15338000,NA,OLN,0.0,557,pause,NA,NA,NA,NA,0.0,0,-15.42,-4.22,[],0,0,[],[]
15338000,15340550,NA,NON,0.0,557,pause,NA,NA,NA,NA,0.0,0,-15.46,-3.91,[],0,0,[],[]
15340550,15341350,NA,SIL,0.0,557,pause,NA,NA,NA,NA,0.0,0,-45.66,-33.78,[],0,0,[],[]
15341350,15343670,NA,NOF,0.0,557,pause,NA,NA,NA,NA,0.0,0,-40.26,-25.14,[],0,0,[],[]
15343670,15347930,NA,OLN,0.0,557,pause,NA,NA,NA,NA,0.0,0,-28.9,-10.22,[],0,0,[],[]
15347930,15348780,OCH,CXN,0.0,557,XM,BC,0,NT,FI,0.0,0,-30.85,-22.64,[],0,0,[],[]
15348780,15349480,OCH,CXN,0.0,557,XM,EC,0,NT,FH,0.0,0,-34.03,-26.43,[],0,0,[],[]
15349480,15353760,NA,NON,0.0,558,pause,NA,NA,NA,NA,0.0,0,-27.78,-7.8,[],0,0,[],[]
15353760,15354430,CHI,CHN,0.0,558,pause,NA,NA,NA,NA,0.0,0,-36.59,-31.29,[],0,670,[],"[{'start': 15353.76, 'end': 15354.43}]"
15354430,15355240,NA,NOF,0.0,558,pause,NA,NA,NA,NA,0.0,0,-49.15,-37.68,[],0,0,[],[]
15355240,15356220,NA,SIL,0.0,558,pause,NA,NA,NA,NA,0.0,0,-54.47,-49.92,[],0,0,[],[]
15356220,15358190,NA,NOF,0.0,558,pause,NA,NA,NA,NA,0.0,0,-41.08,-26.05,[],0,0,[],[]
15358190,15359010,NA,SIL,0.0,558,pause,NA,NA,NA,NA,0.0,0,-52.28,-37.27,[],0,0,[],[]
15359010,15360680,NA,NOF,0.0,558,pause,NA,NA,NA,NA,0.0,0,-37.84,-22.73,[],0,0,[],[]
15360680,15362120,NA,SIL,0.0,558,pause,NA,NA,NA,NA,0.0,0,-47.96,-33.64,[],0,0,[],[]
15362120,15363130,FEM,FAN,0.0,558,pause,NA,NA,NA,NA,0.0,0,-37.69,-30.82,[],1010,0,[],[]
15363130,15365190,NA,NOF,0.0,558,pause,NA,NA,NA,NA,0.0,0,-43.62,-32.06,[],0,0,[],[]
15365190,15366210,NA,MAF,0.0,558,pause,NA,NA,NA,NA,0.0,0,-34.93,-17.63,[],0,0,[],[]
15366210,15367050,NA,NOF,0.0,558,pause,NA,NA,NA,NA,0.0,0,-41.83,-30.88,[],0,0,[],[]
15367050,15368690,NA,SIL,0.0,558,pause,NA,NA,NA,NA,0.0,0,-53.42,-43.33,[],0,0,[],[]
15368690,15373030,NA,FAF,0.0,558,pause,NA,NA,NA,NA,0.0,0,-35.87,-16.45,[],0,0,[],[]
15373030,15373870,NA,SIL,0.0,558,pause,NA,NA,NA,NA,0.0,0,-50.04,-40.97,[],0,0,[],[]
15373870,15375060,NA,FAF,0.0,558,pause,NA,NA,NA,NA,0.0,0,-43.01,-36.38,[],0,0,[],[]
15375060,15377390,NA,NOF,0.0,558,pause,NA,NA,NA,NA,0.0,0,-31.51,-15.33,[],0,0,[],[]
15377390,15382580,NA,SIL,0.0,558,pause,NA,NA,NA,NA,0.0,0,-52.69,-40.2,[],0,0,[],[]
15382580,15384170,FEM,FAN,4.92,558,AMF,EC,0,NT,FI,0.0,0,-21.58,-4.85,[],0,0,[],[]
15384170,15384970,NA,SIL,0.0,559,pause,NA,NA,NA,NA,0.0,0,-46.22,-36.51,[],0,0,[],[]
15384970,15385970,NA,FAF,0.0,559,pause,NA,NA,NA,NA,0.0,0,-39.08,-33.62,[],0,0,[],[]
15385970,15386840,NA,SIL,0.0,559,pause,NA,NA,NA,NA,0.0,0,-50.08,-42.59,[],0,0,[],[]
15386840,15389210,NA,NOF,0.0,559,pause,NA,NA,NA,NA,0.0,0,-34.48,-19.94,[],0,0,[],[]
15389210,15390010,NA,SIL,0.0,559,pause,NA,NA,NA,NA,0.0,0,-49.21,-38.14,[],0,0,[],[]
15390010,15392490,NA,NOF,0.0,559,pause,NA,NA,NA,NA,0.0,0,-21.86,-5.35,[],0,0,[],[]
15392490,15393290,NA,OLF,0.0,559,pause,NA,NA,NA,NA,0.0,0,-21.5,-8.84,[],0,0,[],[]
15393290,15394100,NA,NOF,0.0,559,pause,NA,NA,NA,NA,0.0,0,-46.03,-41.07,[],0,0,[],[]
15394100,15395030,NA,SIL,0.0,559,pause,NA,NA,NA,NA,0.0,0,-48.41,-41.43,[],0,0,[],[]
15395030,15395950,NA,FAF,0.0,559,pause,NA,NA,NA,NA,0.0,0,-47.88,-40.32,[],0,0,[],[]
15395950,15396920,NA,SIL,0.0,559,pause,NA,NA,NA,NA,0.0,0,-50.4,-42.41,[],0,0,[],[]
15396920,15397840,NA,NOF,0.0,559,pause,NA,NA,NA,NA,0.0,0,-49.51,-40.24,[],0,0,[],[]
15397840,15398750,NA,SIL,0.0,559,pause,NA,NA,NA,NA,0.0,0,-49.63,-39.59,[],0,0,[],[]
15398750,15401060,NA,NOF,0.0,559,pause,NA,NA,NA,NA,0.0,0,-32.45,-13.37,[],0,0,[],[]
15401060,15402420,NA,SIL,0.0,559,pause,NA,NA,NA,NA,0.0,0,-42.33,-30.47,[],0,0,[],[]
15402420,15404770,NA,NOF,0.0,559,pause,NA,NA,NA,NA,0.0,0,-32.88,-14.4,[],0,0,[],[]
15404770,15405700,NA,SIL,0.0,559,pause,NA,NA,NA,NA,0.0,0,-51.5,-39.99,[],0,0,[],[]
15405700,15406860,NA,NOF,0.0,559,pause,NA,NA,NA,NA,0.0,0,-47.76,-32.98,[],0,0,[],[]
15406860,15407790,NA,SIL,0.0,559,pause,NA,NA,NA,NA,0.0,0,-38.51,-26.66,[],0,0,[],[]
15407790,15410080,NA,NOF,0.0,559,pause,NA,NA,NA,NA,0.0,0,-22.78,-7.94,[],0,0,[],[]
15410080,15410960,NA,SIL,0.0,559,pause,NA,NA,NA,NA,0.0,0,-54.43,-48.49,[],0,0,[],[]
15410960,15411920,NA,NOF,0.0,559,pause,NA,NA,NA,NA,0.0,0,-32.38,-20.98,[],0,0,[],[]
15411920,15412720,NA,SIL,0.0,559,pause,NA,NA,NA,NA,0.0,0,-49.44,-36.71,[],0,0,[],[]
15412720,15417030,NA,NOF,0.0,559,pause,NA,NA,NA,NA,0.0,0,-36.16,-19.9,[],0,0,[],[]
15417030,15418430,CHI,CHN,0.0,559,CM,EC,0,NT,FI,1.0,1070,-17.97,-10.29,"[{'Canonical-syllable': '0', 'Growl': '0', 'High-freq-energy': '0', 'Long-island': '0', 'Low-tilt-spectrum': '2', 'Medium-island': '2', 'Short-island': '0', 'Squeal': '0', 'Typical-entropy': '2', 'Voicing-quality': '2', 'Wide-band': '0', 'Xlong-island': '0', 'seq': '1', 'end': 15418.1, 'start': 15417.03}]",0,0,[],[]
15418430,15424910,NA,NOF,0.0,560,pause,NA,NA,NA,NA,0.0,0,-26.51,-4.48,[],0,0,[],[]
15424910,15425710,NA,OLN,0.0,560,pause,NA,NA,NA,NA,0.0,0,-29.59,-17.14,[],0,0,[],[]
15425710,15442060,NA,NOF,0.0,560,pause,NA,NA,NA,NA,0.0,0,-27.4,-3.47,[],0,0,[],[]
15442060,15442870,NA,OLN,0.0,560,pause,NA,NA,NA,NA,0.0,0,-19.43,-5.62,[],0,0,[],[]
15442870,15444360,NA,NON,0.0,560,pause,NA,NA,NA,NA,0.0,0,-31.84,-18.97,[],0,0,[],[]
15444360,15445160,NA,OLF,0.0,560,pause,NA,NA,NA,NA,0.0,0,-25.02,-7.97,[],0,0,[],[]
15445160,15451420,NA,NOF,0.0,560,pause,NA,NA,NA,NA,0.0,0,-37.45,-14.29,[],0,0,[],[]
15451420,15452420,NA,FAF,0.0,560,pause,NA,NA,NA,NA,0.0,0,-36.85,-18.88,[],0,0,[],[]
15452420,15453490,NA,SIL,0.0,560,pause,NA,NA,NA,NA,0.0,0,-40.08,-21.49,[],0,0,[],[]
15453490,15454590,NA,MAF,0.0,560,pause,NA,NA,NA,NA,0.0,0,-31.53,-18.87,[],0,0,[],[]
15454590,15455410,NA,SIL,0.0,560,pause,NA,NA,NA,NA,0.0,0,-48.11,-40.21,[],0,0,[],[]
15455410,15465830,NA,NOF,0.0,560,pause,NA,NA,NA,NA,0.0,0,-25.1,-4.26,[],0,0,[],[]
15465830,15466430,CHI,CHN,0.0,560,CM,EC,0,NT,FI,1.0,370,-19.55,-10.58,"[{'Canonical-syllable': '1', 'Growl': '0', 'High-freq-energy': '0', 'Long-island': '0', 'Low-tilt-spectrum': '0', 'Medium-island': '1', 'Short-island': '0', 'Squeal': '0', 'Typical-entropy': '1', 'Voicing-quality': '1', 'Wide-band': '0', 'Xlong-island': '0', 'seq': '1', 'end': 15466.2, 'start': 15465.83}]",0,0,[],[]
15466430,15467530,NA,NOF,0.0,561,pause,NA,NA,NA,NA,0.0,0,-23.26,-7.14,[],0,0,[],[]
15467530,15469040,NA,OLN,0.0,561,pause,NA,NA,NA,NA,0.0,0,-24.11,-14.62,[],0,0,[],[]
15469040,15471610,NA,NOF,0.0,561,pause,NA,NA,NA,NA,0.0,0,-27.09,-9.41,[],0,0,[],[]
15471610,15472210,CHI,CHN,0.0,561,CM,BC,0,NT,FI,1.0,600,-33.71,-26.39,"[{'Canonical-syllable': '0', 'Growl': '0', 'High-freq-energy': '1', 'Long-island': '0', 'Low-tilt-spectrum': '1', 'Medium-island': '1', 'Short-island': '0', 'Squeal': '0', 'Typical-entropy': '1', 'Voicing-quality': '1', 'Wide-band': '0', 'Xlong-island': '0', 'seq': '1', 'end': 15472.21, 'start': 15471.74}]",0,0,[],[]
15472210,15473580,NA,NOF,0.0,561,CM,NA,NA,NA,NA,0.0,0,-26.02,-7.26,[],0,0,[],[]
15473580,15474980,CHI,CHN,0.0,561,CM,EC,0,NT,FH,1.0,1400,-14.39,-6.17,"[{'Canonical-syllable': '1', 'Growl': '0', 'High-freq-energy': '0', 'Long-island': '1', 'Low-tilt-spectrum': '0', 'Medium-island': '1', 'Short-island': '0', 'Squeal': '0', 'Typical-entropy': '2', 'Voicing-quality': '2', 'Wide-band': '0', 'Xlong-island': '0', 'seq': '1', 'end': 15474.98, 'start': 15473.58}]",0,0,[],[]
15474980,15477330,NA,NOF,0.0,562,pause,NA,NA,NA,NA,0.0,0,-26.63,-6.4,[],0,0,[],[]
15477330,15478190,NA,OLN,0.0,562,pause,NA,NA,NA,NA,0.0,0,-29.33,-20.28,[],0,0,[],[]
15478190,15480960,NA,NOF,0.0,562,pause,NA,NA,NA,NA,0.0,0,-25.15,-4.82,[],0,0,[],[]
15480960,15481760,NA,OLN,0.0,562,pause,NA,NA,NA,NA,0.0,0,-23.53,-6.63,[],0,0,[],[]
15481760,15484350,NA,NOF,0.0,562,pause,NA,NA,NA,NA,0.0,0,-34.93,-13.68,[],0,0,[],[]
15484350,15485240,NA,SIL,0.0,562,pause,NA,NA,NA,NA,0.0,0,-48.42,-36.85,[],0,0,[],[]
15485240,15486610,NA,NOF,0.0,562,pause,NA,NA,NA,NA,0.0,0,-40.75,-25.04,[],0,0,[],[]
15486610,15487650,NA,SIL,0.0,562,pause,NA,NA,NA,NA,0.0,0,-49.81,-42.88,[],0,0,[],[]
15487650,15491800,NA,NOF,0.0,562,pause,NA,NA,NA,NA,0.0,0,-32.46,-17.34,[],0,0,[],[]
15491800,15492600,NA,SIL,0.0,562,pause,NA,NA,NA,NA,0.0,0,-51.74,-45.55,[],0,0,[],[]
15492600,15493820,NA,NOF,0.0,562,pause,NA,NA,NA,NA,0.0,0,-26.24,-10.22,[],0,0,[],[]
15493820,15502210,NA,SIL,0.0,562,pause,NA,NA,NA,NA,0.0,0,-30.67,-6.99,[],0,0,[],[]
15502210,15503010,NA,NOF,0.0,562,pause,NA,NA,NA,NA,0.0,0,-45.68,-29.49,[],0,0,[],[]
15503010,15506070,NA,SIL,0.0,562,pause,NA,NA,NA,NA,0.0,0,-54.39,-40.08,[],0,0,[],[]
15506070,15506770,CHI,CHN,0.0,562,CM,BC,0,NT,FI,1.0,600,-24.55,-15.35,"[{'Canonical-syllable': '0', 'Growl': '0', 'High-freq-energy': '0', 'Long-island': '0', 'Low-tilt-spectrum': '0', 'Medium-island': '0', 'Short-island': '1', 'Squeal': '0', 'Typical-entropy': '1', 'Voicing-quality': '1', 'Wide-band': '0', 'Xlong-island': '0', 'seq': '1', 'end': 15506.67, 'start': 15506.07}]",0,0,[],[]
15506770,15510510,NA,NOF,0.0,562,CM,NA,NA,NA,NA,0.0,0,-28.1,-7.42,[],0,0,[],[]
15510510,15511320,NA,SIL,0.0,562,CM,NA,NA,NA,NA,0.0,0,-37.55,-25.29,[],0,0,[],[]
15511320,15512680,CHI,CHN,0.0,562,CM,EC,0,NT,FH,1.0,1360,-15.78,-8.54,"[{'Canonical-syllable': '1', 'Growl': '0', 'High-freq-energy': '0', 'Long-island': '0', 'Low-tilt-spectrum': '3', 'Medium-island': '1', 'Short-island': '3', 'Squeal': '0', 'Typical-entropy': '2', 'Voicing-quality': '4', 'Wide-band': '0', 'Xlong-island': '0', 'seq': '1', 'end': 15512.68, 'start': 15511.46}]",0,0,[],[]
15512680,15513680,FEM,FAN,0.0,563,pause,NA,NA,NA,NA,0.0,0,-28.72,-20.07,[],1000,0,[],[]
15513680,15515890,NA,SIL,0.0,563,pause,NA,NA,NA,NA,0.0,0,-34.69,-29.71,[],0,0,[],[]
15515890,15516910,NA,TVF,0.0,563,pause,NA,NA,NA,NA,0.0,0,-34.27,-19.35,[],0,0,[],[]
15516910,15517730,NA,SIL,0.0,563,pause,NA,NA,NA,NA,0.0,0,-33.74,-21.73,[],0,0,[],[]
15517730,15518600,NA,NOF,0.0,563,pause,NA,NA,NA,NA,0.0,0,-28.55,-13.22,[],0,0,[],[]
15518600,15520640,NA,SIL,0.0,563,pause,NA,NA,NA,NA,0.0,0,-34.09,-27.48,[],0,0,[],[]
15520640,15521720,NA,MAF,0.0,563,pause,NA,NA,NA,NA,0.0,0,-34.88,-26.48,[],0,0,[],[]
15521720,15529470,NA,NON,0.0,563,pause,NA,NA,NA,NA,0.0,0,-31.41,-22.21,[],0,0,[],[]
15529470,15530780,NA,MAF,0.0,563,pause,NA,NA,NA,NA,0.0,0,-33.07,-25.59,[],0,0,[],[]
15530780,15531600,NA,SIL,0.0,563,pause,NA,NA,NA,NA,0.0,0,-33.43,-28.2,[],0,0,[],[]
15531600,15532600,NA,MAF,0.0,563,pause,NA,NA,NA,NA,0.0,0,-33.8,-27.54,[],0,0,[],[]
15532600,15533400,NA,SIL,0.0,563,pause,NA,NA,NA,NA,0.0,0,-33.16,-25.14,[],0,0,[],[]
15533400,15534410,NA,TVF,0.0,563,pause,NA,NA,NA,NA,0.0,0,-32.81,-27.15,[],0,0,[],[]
15534410,15535320,NA,SIL,0.0,563,pause,NA,NA,NA,NA,0.0,0,-32.97,-28.3,[],0,0,[],[]
15535320,15538290,NA,TVF,0.0,563,pause,NA,NA,NA,NA,0.0,0,-33.27,-26.1,[],0,0,[],[]
15538290,15539110,NA,SIL,0.0,563,pause,NA,NA,NA,NA,0.0,0,-33.54,-29.04,[],0,0,[],[]
15539110,15540280,NA,TVF,0.0,563,pause,NA,NA,NA,NA,0.0,0,-34.21,-29.37,[],0,0,[],[]
15540280,15542530,NA,SIL,0.0,563,pause,NA,NA,NA,NA,0.0,0,-33.46,-26.95,[],0,0,[],[]
15542530,15543930,NA,TVF,0.0,563,pause,NA,NA,NA,NA,0.0,0,-33.4,-27.33,[],0,0,[],[]
15543930,15544900,NA,SIL,0.0,563,pause,NA,NA,NA,NA,0.0,0,-33.3,-27.06,[],0,0,[],[]
15544900,15546100,NA,NOF,0.0,563,pause,NA,NA,NA,NA,0.0,0,-31.85,-22.44,[],0,0,[],[]
15546100,15547020,NA,SIL,0.0,563,pause,NA,NA,NA,NA,0.0,0,-34.65,-26.71,[],0,0,[],[]
15547020,15555370,NA,NON,0.0,563,pause,NA,NA,NA,NA,0.0,0,-29.95,-17.39,[],0,0,[],[]
15555370,15562320,NA,MAF,0.0,563,pause,NA,NA,NA,NA,0.0,0,-25.01,-15.33,[],0,0,[],[]
15562320,15563120,NA,SIL,0.0,563,pause,NA,NA,NA,NA,0.0,0,-26.77,-20.56,[],0,0,[],[]
15563120,15564120,NA,MAF,0.0,563,pause,NA,NA,NA,NA,0.0,0,-27.87,-20.5,[],0,0,[],[]
15564120,15564950,NA,SIL,0.0,563,pause,NA,NA,NA,NA,0.0,0,-29.91,-20.83,[],0,0,[],[]
15564950,15566720,NA,MAF,0.0,563,pause,NA,NA,NA,NA,0.0,0,-32.33,-24.95,[],0,0,[],[]
15566720,15567520,NA,SIL,0.0,563,pause,NA,NA,NA,NA,0.0,0,-29.44,-22.84,[],0,0,[],[]
15567520,15570420,NA,MAF,0.0,563,pause,NA,NA,NA,NA,0.0,0,-27.91,-20.61,[],0,0,[],[]
15570420,15575970,NA,NON,0.0,563,pause,NA,NA,NA,NA,0.0,0,-22.59,-10.88,[],0,0,[],[]
15575970,15594020,NA,MAF,0.0,563,pause,NA,NA,NA,NA,0.0,0,-23.64,-9.71,[],0,0,[],[]
15594020,15599720,NA,NON,0.0,563,pause,NA,NA,NA,NA,0.0,0,-27.05,-12.92,[],0,0,[],[]
15599720,15613120,NA,NON,0.0,563,pause,NA,NA,NA,NA,0.0,0,-27.27,-18.71,[],0,0,[],[]
15613120,15641770,NA,NON,0.0,563,pause,NA,NA,NA,NA,0.0,0,-28.01,-11.87,[],0,0,[],[]
15641770,15644220,NA,MAF,0.0,563,pause,NA,NA,NA,NA,0.0,0,-23.42,-13.02,[],0,0,[],[]
15644220,15651070,NA,NON,0.0,563,pause,NA,NA,NA,NA,0.0,0,-26.2,-8.88,[],0,0,[],[]
15651070,15654080,NA,MAF,0.0,563,pause,NA,NA,NA,NA,0.0,0,-27.35,-17.25,[],0,0,[],[]
15654080,15655530,NA,OLF,0.0,563,pause,NA,NA,NA,NA,0.0,0,-27.39,-20.22,[],0,0,[],[]
15655530,15656530,NA,MAF,0.0,563,pause,NA,NA,NA,NA,0.0,0,-28.92,-20.95,[],0,0,[],[]
15656530,15658530,NA,SIL,0.0,563,pause,NA,NA,NA,NA,0.0,0,-28.43,-21.61,[],0,0,[],[]
15658530,15660280,NA,MAF,0.0,563,pause,NA,NA,NA,NA,0.0,0,-27.72,-19.15,[],0,0,[],[]
15660280,15661530,NA,OLF,0.0,563,pause,NA,NA,NA,NA,0.0,0,-16.02,-8.11,[],0,0,[],[]
15661530,15675030,NA,MAF,0.0,563,pause,NA,NA,NA,NA,0.0,0,-28.54,-19.89,[],0,0,[],[]
15675030,15675830,NA,SIL,0.0,563,pause,NA,NA,NA,NA,0.0,0,-29.87,-25.25,[],0,0,[],[]
15675830,15687750,NA,MAF,0.0,563,pause,NA,NA,NA,NA,0.0,0,-27.99,-17.74,[],0,0,[],[]
15687750,15688570,NA,SIL,0.0,563,pause,NA,NA,NA,NA,0.0,0,-31.93,-24.73,[],0,0,[],[]
15688570,15689640,NA,MAF,0.0,563,pause,NA,NA,NA,NA,0.0,0,-33.81,-26.26,[],0,0,[],[]
15689640,15690640,NA,TVF,0.0,563,pause,NA,NA,NA,NA,0.0,0,-35.88,-30.39,[],0,0,[],[]
15690640,15691650,NA,MAF,0.0,563,pause,NA,NA,NA,NA,0.0,0,-35.77,-30.53,[],0,0,[],[]
15691650,15692790,NA,TVF,0.0,563,pause,NA,NA,NA,NA,0.0,0,-35.66,-31.03,[],0,0,[],[]
15692790,15693980,NA,MAF,0.0,563,pause,NA,NA,NA,NA,0.0,0,-35.79,-29.55,[],0,0,[],[]
15693980,15695480,NA,TVF,0.0,563,pause,NA,NA,NA,NA,0.0,0,-35.5,-29.85,[],0,0,[],[]
15695480,15696290,NA,SIL,0.0,563,pause,NA,NA,NA,NA,0.0,0,-35.65,-29.63,[],0,0,[],[]
15696290,15697330,NA,TVF,0.0,563,pause,NA,NA,NA,NA,0.0,0,-35.66,-30.0,[],0,0,[],[]
15697330,15698630,NA,MAF,0.0,563,pause,NA,NA,NA,NA,0.0,0,-36.02,-29.98,[],0,0,[],[]
15698630,15700710,NA,TVF,0.0,563,pause,NA,NA,NA,NA,0.0,0,-35.92,-29.4,[],0,0,[],[]
15700710,15702460,NA,MAF,0.0,563,pause,NA,NA,NA,NA,0.0,0,-35.37,-28.85,[],0,0,[],[]
15702460,15705090,NA,TVF,0.0,563,pause,NA,NA,NA,NA,0.0,0,-34.66,-27.7,[],0,0,[],[]
15705090,15710570,NA,MAF,0.0,563,pause,NA,NA,NA,NA,0.0,0,-26.85,-16.77,[],0,0,[],[]
15710570,15711870,NA,TVF,0.0,563,pause,NA,NA,NA,NA,0.0,0,-29.53,-24.65,[],0,0,[],[]
15711870,15715420,NA,MAF,0.0,563,pause,NA,NA,NA,NA,0.0,0,-29.49,-23.46,[],0,0,[],[]
15715420,15716250,NA,SIL,0.0,563,pause,NA,NA,NA,NA,0.0,0,-29.63,-22.95,[],0,0,[],[]
15716250,15717390,NA,MAF,0.0,563,pause,NA,NA,NA,NA,0.0,0,-29.75,-23.67,[],0,0,[],[]
15717390,15718330,NA,SIL,0.0,563,pause,NA,NA,NA,NA,0.0,0,-29.47,-22.81,[],0,0,[],[]
15718330,15719740,NA,MAF,0.0,563,pause,NA,NA,NA,NA,0.0,0,-28.79,-23.26,[],0,0,[],[]
15719740,15725530,NA,TVF,0.0,563,pause,NA,NA,NA,NA,0.0,0,-30.26,-21.1,[],0,0,[],[]
15725530,15726710,NA,MAF,0.0,563,pause,NA,NA,NA,NA,0.0,0,-24.7,-19.99,[],0,0,[],[]
15726710,15728670,NA,TVF,0.0,563,pause,NA,NA,NA,NA,0.0,0,-26.07,-18.81,[],0,0,[],[]
15728670,15730100,NA,MAF,0.0,563,pause,NA,NA,NA,NA,0.0,0,-26.35,-20.53,[],0,0,[],[]
15730100,15731180,NA,TVF,0.0,563,pause,NA,NA,NA,NA,0.0,0,-24.96,-18.72,[],0,0,[],[]
15731180,15732390,NA,SIL,0.0,563,pause,NA,NA,NA,NA,0.0,0,-24.31,-17.95,[],0,0,[],[]
15732390,15734010,NA,MAF,0.0,563,pause,NA,NA,NA,NA,0.0,0,-26.03,-19.69,[],0,0,[],[]
15734010,15734810,NA,OLF,0.0,563,pause,NA,NA,NA,NA,0.0,0,-26.34,-16.7,[],0,0,[],[]
15734810,15736460,NA,MAF,0.0,563,pause,NA,NA,NA,NA,0.0,0,-28.85,-22.5,[],0,0,[],[]
15736460,15737610,NA,OLF,0.0,563,pause,NA,NA,NA,NA,0.0,0,-29.7,-24.28,[],0,0,[],[]
15737610,15738630,NA,MAF,0.0,563,pause,NA,NA,NA,NA,0.0,0,-31.07,-25.79,[],0,0,[],[]
15738630,15739430,NA,NOF,0.0,563,pause,NA,NA,NA,NA,0.0,0,-30.41,-18.4,[],0,0,[],[]
15739430,15740870,NA,SIL,0.0,563,pause,NA,NA,NA,NA,0.0,0,-33.31,-26.24,[],0,0,[],[]
15740870,15741920,NA,TVF,0.0,563,pause,NA,NA,NA,NA,0.0,0,-34.34,-29.8,[],0,0,[],[]
15741920,15742770,NA,SIL,0.0,563,pause,NA,NA,NA,NA,0.0,0,-33.18,-27.93,[],0,0,[],[]
15742770,15743770,NA,TVF,0.0,563,pause,NA,NA,NA,NA,0.0,0,-32.74,-28.02,[],0,0,[],[]
15743770,15744650,NA,SIL,0.0,563,pause,NA,NA,NA,NA,0.0,0,-32.88,-26.51,[],0,0,[],[]
15744650,15745650,NA,TVF,0.0,563,pause,NA,NA,NA,NA,0.0,0,-35.1,-30.01,[],0,0,[],[]
15745650,15746600,NA,SIL,0.0,563,pause,NA,NA,NA,NA,0.0,0,-35.2,-29.86,[],0,0,[],[]
15746600,15747700,NA,MAF,0.0,563,pause,NA,NA,NA,NA,0.0,0,-35.1,-30.23,[],0,0,[],[]
15747700,15748720,NA,SIL,0.0,563,pause,NA,NA,NA,NA,0.0,0,-35.13,-29.96,[],0,0,[],[]
15748720,15760570,NA,NON,0.0,563,pause,NA,NA,NA,NA,0.0,0,-34.04,-26.64,[],0,0,[],[]
15760570,15762280,NA,SIL,0.0,563,pause,NA,NA,NA,NA,0.0,0,-35.13,-29.74,[],0,0,[],[]
15762280,15764080,NA,MAF,0.0,563,pause,NA,NA,NA,NA,0.0,0,-31.26,-17.04,[],0,0,[],[]
15764080,15765160,NA,NOF,0.0,563,pause,NA,NA,NA,NA,0.0,0,-35.44,-20.82,[],0,0,[],[]
15765160,15766500,NA,SIL,0.0,563,pause,NA,NA,NA,NA,0.0,0,-42.7,-34.8,[],0,0,[],[]
15766500,15768390,NA,NOF,0.0,563,pause,NA,NA,NA,NA,0.0,0,-32.95,-16.96,[],0,0,[],[]
15768390,15769210,NA,SIL,0.0,563,pause,NA,NA,NA,NA,0.0,0,-41.06,-32.42,[],0,0,[],[]
15769210,15770870,NA,NOF,0.0,563,pause,NA,NA,NA,NA,0.0,0,-40.63,-25.88,[],0,0,[],[]
15770870,15772130,NA,SIL,0.0,563,pause,NA,NA,NA,NA,0.0,0,-42.98,-34.42,[],0,0,[],[]
15772130,15773130,NA,TVN,0.0,563,pause,NA,NA,NA,NA,0.0,0,-39.16,-32.41,[],0,0,[],[]
15773130,15773980,NA,SIL,0.0,563,pause,NA,NA,NA,NA,0.0,0,-43.95,-32.94,[],0,0,[],[]
15773980,15775020,MAL,MAN,5.14,563,AICM,BC,0,TIMI,FI,0.0,0,-37.04,-31.92,[],0,0,[],[]
15775020,15777230,NA,SIL,0.0,563,AICM,NA,NA,NA,NA,0.0,0,-45.06,-31.21,[],0,0,[],[]
15777230,15778180,NA,NOF,0.0,563,AICM,NA,NA,NA,NA,0.0,0,-42.92,-29.17,[],0,0,[],[]
15778180,15779540,CHI,CHN,0.0,563,AICM,EC,1,TIMR,FI,1.0,850,-19.51,-10.81,"[{'Canonical-syllable': '0', 'Growl': '0', 'High-freq-energy': '0', 'Long-island': '0', 'Low-tilt-spectrum': '2', 'Medium-island': '1', 'Short-island': '1', 'Squeal': '0', 'Typical-entropy': '2', 'Voicing-quality': '2', 'Wide-band': '0', 'Xlong-island': '0', 'seq': '1', 'end': 15779.03, 'start': 15778.18}]",0,0,[],[]
15779540,15780390,NA,NOF,0.0,564,pause,NA,NA,NA,NA,0.0,0,-41.66,-31.32,[],0,0,[],[]
15780390,15781490,NA,SIL,0.0,564,pause,NA,NA,NA,NA,0.0,0,-44.94,-33.55,[],0,0,[],[]
15781490,15784600,NA,NOF,0.0,564,pause,NA,NA,NA,NA,0.0,0,-26.96,-6.65,[],0,0,[],[]
15784600,15785200,CHI,CHN,0.0,564,CM,BC,0,NT,FI,1.0,600,-15.21,-8.84,"[{'Canonical-syllable': '0', 'Growl': '0', 'High-freq-energy': '0', 'Long-island': '0', 'Low-tilt-spectrum': '0', 'Medium-island': '1', 'Short-island': '0', 'Squeal': '0', 'Typical-entropy': '0', 'Voicing-quality': '2', 'Wide-band': '0', 'Xlong-island': '0', 'seq': '1', 'end': 15785.2, 'start': 15784.7}]",0,0,[],[]
15785200,15786200,CHI,CHN,0.0,564,CM,RC,0,NT,FH,2.0,1000,-17.25,-9.06,"[{'Canonical-syllable': '0', 'Growl': '1', 'High-freq-energy': '0', 'Long-island': '0', 'Low-tilt-spectrum': '1', 'Medium-island': '0', 'Short-island': '1', 'Squeal': '0', 'Typical-entropy': '1', 'Voicing-quality': '1', 'Wide-band': '0', 'Xlong-island': '0', 'seq': '1', 'end': 15785.52, 'start': 15785.38}, {'Canonical-syllable': '0', 'Growl': '0', 'High-freq-energy': '0', 'Long-island': '0', 'Low-tilt-spectrum': '0', 'Medium-island': '1', 'Short-island': '0', 'Squeal': '0', 'Typical-entropy': '0', 'Voicing-quality': '1', 'Wide-band': '0', 'Xlong-island': '0', 'seq': '2', 'end': 15786.2, 'start': 15785.82}]",0,0,[],[]
15786200,15786820,CHI,CHN,0.0,564,CM,EC,0,NT,FH,1.0,340,-18.42,-8.19,"[{'Canonical-syllable': '0', 'Growl': '1', 'High-freq-energy': '0', 'Long-island': '0', 'Low-tilt-spectrum': '0', 'Medium-island': '1', 'Short-island': '0', 'Squeal': '0', 'Typical-entropy': '1', 'Voicing-quality': '1', 'Wide-band': '0', 'Xlong-island': '0', 'seq': '1', 'end': 15786.54, 'start': 15786.2}]",0,0,[],[]
15786820,15790760,NA,SIL,0.0,565,pause,NA,NA,NA,NA,0.0,0,-51.78,-37.09,[],0,0,[],[]
15790760,15792180,NA,TVF,0.0,565,pause,NA,NA,NA,NA,0.0,0,-51.21,-46.26,[],0,0,[],[]
15792180,15793250,NA,SIL,0.0,565,pause,NA,NA,NA,NA,0.0,0,-49.52,-42.12,[],0,0,[],[]
15793250,15794500,NA,OLF,0.0,565,pause,NA,NA,NA,NA,0.0,0,-26.36,-11.07,[],0,0,[],[]
15794500,15796260,NA,SIL,0.0,565,pause,NA,NA,NA,NA,0.0,0,-33.1,-28.54,[],0,0,[],[]
15796260,15797570,NA,FAF,0.0,565,pause,NA,NA,NA,NA,0.0,0,-26.05,-7.29,[],0,0,[],[]
15797570,15798540,NA,OLF,0.0,565,pause,NA,NA,NA,NA,0.0,0,-27.36,-12.01,[],0,0,[],[]
15798540,15800190,NA,SIL,0.0,565,pause,NA,NA,NA,NA,0.0,0,-40.83,-33.78,[],0,0,[],[]
15800190,15801600,NA,NOF,0.0,565,pause,NA,NA,NA,NA,0.0,0,-25.06,-8.21,[],0,0,[],[]
15801600,15802470,NA,OLN,0.0,565,pause,NA,NA,NA,NA,0.0,0,-24.5,-9.78,[],0,0,[],[]
15802470,15805130,NA,NOF,0.0,565,pause,NA,NA,NA,NA,0.0,0,-28.5,-11.43,[],0,0,[],[]
15805130,15805940,NA,OLF,0.0,565,pause,NA,NA,NA,NA,0.0,0,-26.64,-16.19,[],0,0,[],[]
15805940,15808180,NA,NOF,0.0,565,pause,NA,NA,NA,NA,0.0,0,-17.93,-4.83,[],0,0,[],[]
15808180,15809040,NA,OLN,0.0,565,pause,NA,NA,NA,NA,0.0,0,-25.92,-12.91,[],0,0,[],[]
15809040,15813200,NA,NOF,0.0,565,pause,NA,NA,NA,NA,0.0,0,-27.68,-4.85,[],0,0,[],[]
15813200,15814080,NA,SIL,0.0,565,pause,NA,NA,NA,NA,0.0,0,-42.66,-36.91,[],0,0,[],[]
15814080,15816750,NA,NOF,0.0,565,pause,NA,NA,NA,NA,0.0,0,-24.04,-3.93,[],0,0,[],[]
15816750,15817550,NA,SIL,0.0,565,pause,NA,NA,NA,NA,0.0,0,-44.83,-38.78,[],0,0,[],[]
15817550,15819140,NA,NOF,0.0,565,pause,NA,NA,NA,NA,0.0,0,-39.75,-26.32,[],0,0,[],[]
15819140,15822900,NA,SIL,0.0,565,pause,NA,NA,NA,NA,0.0,0,-45.04,-37.62,[],0,0,[],[]
15822900,15824030,NA,NOF,0.0,565,pause,NA,NA,NA,NA,0.0,0,-32.69,-17.37,[],0,0,[],[]
15824030,15825060,NA,OLF,0.0,565,pause,NA,NA,NA,NA,0.0,0,-26.8,-10.03,[],0,0,[],[]
15825060,15826680,CHI,CHN,0.0,565,CIC,BC,0,TIFI,FI,1.0,1620,-16.44,-7.46,"[{'Canonical-syllable': '1', 'Growl': '1', 'High-freq-energy': '0', 'Long-island': '0', 'Low-tilt-spectrum': '1', 'Medium-island': '2', 'Short-island': '2', 'Squeal': '1', 'Typical-entropy': '4', 'Voicing-quality': '4', 'Wide-band': '0', 'Xlong-island': '0', 'seq': '1', 'end': 15826.68, 'start': 15825.06}]",0,0,[],[]
15826680,15827480,NA,OLN,0.0,565,CIC,NA,NA,NA,NA,0.0,0,-26.24,-15.45,[],0,0,[],[]
15827480,15828640,FEM,FAN,6.42,565,CIC,RC,1,TIFR,FI,0.0,0,-19.78,-12.4,[],0,0,[],[]
15828640,15830950,NA,OLF,0.0,565,CIC,NA,NA,NA,NA,0.0,0,-28.49,-16.02,[],0,0,[],[]
15830950,15831950,MAL,MAN,4.66,565,CIC,RC,1,NT,FI,0.0,0,-17.91,-11.11,[],0,0,[],[]
15831950,15836430,NA,OLF,0.0,565,CIC,NA,NA,NA,NA,0.0,0,-28.61,-10.08,[],0,0,[],[]
15836430,15837430,CHI,CHN,0.0,565,CIC,RC,1,TIME,FI,1.0,580,-17.26,-8.74,"[{'Canonical-syllable': '1', 'Growl': '1', 'High-freq-energy': '0', 'Long-island': '0', 'Low-tilt-spectrum': '0', 'Medium-island': '0', 'Short-island': '1', 'Squeal': '0', 'Typical-entropy': '1', 'Voicing-quality': '2', 'Wide-band': '0', 'Xlong-island': '0', 'seq': '1', 'end': 15837.43, 'start': 15836.85}]",0,0,[],[]
15837430,15838050,CHI,CHN,0.0,565,CIC,EC,1,NT,FH,1.0,620,-16.24,-12.6,"[{'Canonical-syllable': '0', 'Growl': '0', 'High-freq-energy': '0', 'Long-island': '0', 'Low-tilt-spectrum': '1', 'Medium-island': '1', 'Short-island': '0', 'Squeal': '0', 'Typical-entropy': '1', 'Voicing-quality': '1', 'Wide-band': '0', 'Xlong-island': '0', 'seq': '1', 'end': 15838.05, 'start': 15837.43}]",0,0,[],[]
15838050,15838860,NA,OLN,0.0,566,pause,NA,NA,NA,NA,0.0,0,-23.54,-14.69,[],0,0,[],[]
15838860,15842760,NA,NOF,0.0,566,pause,NA,NA,NA,NA,0.0,0,-32.6,-19.14,[],0,0,[],[]
15842760,15843650,NA,SIL,0.0,566,pause,NA,NA,NA,NA,0.0,0,-34.17,-26.55,[],0,0,[],[]
15843650,15845140,NA,MAF,0.0,566,pause,NA,NA,NA,NA,0.0,0,-39.04,-22.5,[],0,0,[],[]
15845140,15846160,CHI,CHN,0.0,566,CM,EC,0,NT,FI,1.0,1020,-15.67,-8.77,"[{'Canonical-syllable': '0', 'Growl': '0', 'High-freq-energy': '0', 'Long-island': '0', 'Low-tilt-spectrum': '0', 'Medium-island': '1', 'Short-island': '2', 'Squeal': '0', 'Typical-entropy': '2', 'Voicing-quality': '3', 'Wide-band': '0', 'Xlong-island': '0', 'seq': '1', 'end': 15846.16, 'start': 15845.14}]",0,0,[],[]
15846160,15852280,NA,NOF,0.0,567,pause,NA,NA,NA,NA,0.0,0,-34.34,-12.1,[],0,0,[],[]
15852280,15853510,CHI,CHN,0.0,567,CIC,BC,0,TIMI,FI,1.0,1080,-14.92,-7.06,"[{'Canonical-syllable': '1', 'Growl': '0', 'High-freq-energy': '0', 'Long-island': '1', 'Low-tilt-spectrum': '0', 'Medium-island': '0', 'Short-island': '1', 'Squeal': '0', 'Typical-entropy': '2', 'Voicing-quality': '2', 'Wide-band': '0', 'Xlong-island': '0', 'seq': '1', 'end': 15853.36, 'start': 15852.28}]",0,0,[],[]
15853510,15854960,MAL,MAN,1.49,567,CIC,RC,1,TIMR,FI,0.0,0,-16.09,-10.5,[],0,0,[],[]
15854960,15856330,NA,NOF,0.0,567,CIC,NA,NA,NA,NA,0.0,0,-21.94,-8.52,[],0,0,[],[]
15856330,15857260,NA,OLN,0.0,567,CIC,NA,NA,NA,NA,0.0,0,-20.47,-9.26,[],0,0,[],[]
15857260,15858060,NA,NOF,0.0,567,CIC,NA,NA,NA,NA,0.0,0,-25.15,-14.59,[],0,0,[],[]
15858060,15859140,NA,OLN,0.0,567,CIC,NA,NA,NA,NA,0.0,0,-19.84,-8.73,[],0,0,[],[]
15859140,15861800,CHI,CHN,0.0,567,CIC,RC,1,TIMI,FI,1.0,2660,-16.23,-8.04,"[{'Canonical-syllable': '0', 'Growl': '3', 'High-freq-energy': '0', 'Long-island': '1', 'Low-tilt-spectrum': '2', 'Medium-island': '1', 'Short-island': '4', 'Squeal': '0', 'Typical-entropy': '6', 'Voicing-quality': '6', 'Wide-band': '0', 'Xlong-island': '0', 'seq': '1', 'end': 15861.8, 'start': 15859.14}]",0,0,[],[]
15861800,15863380,NA,OLF,0.0,567,CIC,NA,NA,NA,NA,0.0,0,-38.11,-24.88,[],0,0,[],[]
15863380,15866460,MAL,MAN,9.14,567,CIC,RC,2,TIMR,FI,0.0,0,-20.65,-9.3,[],0,0,[],[]
15866460,15867970,NA,NOF,0.0,567,CIC,NA,NA,NA,NA,0.0,0,-33.13,-21.22,[],0,0,[],[]
15867970,15869520,MAL,MAN,5.11,567,CIC,RC,2,NT,FH,0.0,0,-26.32,-16.88,[],0,0,[],[]
15869520,15871150,NA,NOF,0.0,567,CIC,NA,NA,NA,NA,0.0,0,-35.12,-23.29,[],0,0,[],[]
15871150,15871880,CHI,CHN,0.0,567,CIC,RC,2,TIME,FI,1.0,730,-21.36,-15.58,"[{'Canonical-syllable': '1', 'Growl': '1', 'High-freq-energy': '0', 'Long-island': '0', 'Low-tilt-spectrum': '0', 'Medium-island': '1', 'Short-island': '1', 'Squeal': '0', 'Typical-entropy': '0', 'Voicing-quality': '2', 'Wide-band': '0', 'Xlong-island': '0', 'seq': '1', 'end': 15871.88, 'start': 15871.33}]",0,0,[],[]
15871880,15872680,NA,NOF,0.0,567,CIC,NA,NA,NA,NA,0.0,0,-40.11,-34.87,[],0,0,[],[]
15872680,15875600,CHI,CHN,0.0,567,CIC,RC,2,TIMI,FH,2.0,1880,-17.94,-6.85,"[{'Canonical-syllable': '1', 'Growl': '1', 'High-freq-energy': '0', 'Long-island': '0', 'Low-tilt-spectrum': '0', 'Medium-island': '1', 'Short-island': '1', 'Squeal': '0', 'Typical-entropy': '1', 'Voicing-quality': '3', 'Wide-band': '0', 'Xlong-island': '0', 'seq': '1', 'end': 15873.66, 'start': 15872.68}, {'Canonical-syllable': '0', 'Growl': '0', 'High-freq-energy': '0', 'Long-island': '0', 'Low-tilt-spectrum': '0', 'Medium-island': '2', 'Short-island': '0', 'Squeal': '0', 'Typical-entropy': '2', 'Voicing-quality': '2', 'Wide-band': '0', 'Xlong-island': '0', 'seq': '2', 'end': 15875.28, 'start': 15874.38}]",0,0,[],[]
15875600,15878210,MAL,MAN,10.51,567,CIC,RC,3,TIMR,FI,0.0,0,-22.61,-11.81,[],0,0,[],[]
15878210,15879440,NA,NOF,0.0,567,CIC,NA,NA,NA,NA,0.0,0,-38.59,-28.86,[],0,0,[],[]
15879440,15880260,CHI,CHN,0.0,567,CIC,RC,3,TIME,FI,2.0,370,-22.2,-13.89,"[{'Canonical-syllable': '1', 'Growl': '0', 'High-freq-energy': '0', 'Long-island': '0', 'Low-tilt-spectrum': '0', 'Medium-island': '0', 'Short-island': '1', 'Squeal': '0', 'Typical-entropy': '1', 'Voicing-quality': '1', 'Wide-band': '0', 'Xlong-island': '0', 'seq': '1', 'end': 15879.7, 'start': 15879.44}, {'Canonical-syllable': '0', 'Growl': '1', 'High-freq-energy': '0', 'Long-island': '0', 'Low-tilt-spectrum': '0', 'Medium-island': '0', 'Short-island': '0', 'Squeal': '0', 'Typical-entropy': '1', 'Voicing-quality': '1', 'Wide-band': '0', 'Xlong-island': '0', 'seq': '2', 'end': 15880.26, 'start': 15880.15}]",0,0,[],[]
15880260,15881590,NA,NOF,0.0,567,CIC,NA,NA,NA,NA,0.0,0,-32.24,-18.97,[],0,0,[],[]
15881590,15883330,CHI,CHN,0.0,567,CIC,EC,3,NT,FH,1.0,1740,-17.28,-7.89,"[{'Canonical-syllable': '1', 'Growl': '0', 'High-freq-energy': '0', 'Long-island': '0', 'Low-tilt-spectrum': '0', 'Medium-island': '1', 'Short-island': '4', 'Squeal': '0', 'Typical-entropy': '1', 'Voicing-quality': '5', 'Wide-band': '0', 'Xlong-island': '0', 'seq': '1', 'end': 15883.33, 'start': 15881.59}]",0,0,[],[]
15883330,15889110,NA,NOF,0.0,568,pause,NA,NA,NA,NA,0.0,0,-38.7,-25.57,[],0,0,[],[]
15889110,15892000,CHI,CHN,0.0,568,CIOCX,BC,0,NT,FI,2.0,2440,-19.3,-9.38,"[{'Canonical-syllable': '0', 'Growl': '2', 'High-freq-energy': '0', 'Long-island': '0', 'Low-tilt-spectrum': '0', 'Medium-island': '1', 'Short-island': '2', 'Squeal': '0', 'Typical-entropy': '2', 'Voicing-quality': '3', 'Wide-band': '0', 'Xlong-island': '0', 'seq': '1', 'end': 15890.33, 'start': 15889.11}, {'Canonical-syllable': '1', 'Growl': '0', 'High-freq-energy': '0', 'Long-island': '0', 'Low-tilt-spectrum': '1', 'Medium-island': '2', 'Short-island': '1', 'Squeal': '0', 'Typical-entropy': '2', 'Voicing-quality': '3', 'Wide-band': '0', 'Xlong-island': '0', 'seq': '2', 'end': 15892.0, 'start': 15890.78}]",0,0,[],[]
15892000,15893640,CHI,CHN,0.0,568,CIOCX,RC,0,NT,FH,2.0,1160,-19.08,-10.86,"[{'Canonical-syllable': '1', 'Growl': '0', 'High-freq-energy': '0', 'Long-island': '0', 'Low-tilt-spectrum': '0', 'Medium-island': '1', 'Short-island': '1', 'Squeal': '0', 'Typical-entropy': '1', 'Voicing-quality': '2', 'Wide-band': '0', 'Xlong-island': '0', 'seq': '1', 'end': 15893.05, 'start': 15892.0}, {'Canonical-syllable': '0', 'Growl': '1', 'High-freq-energy': '0', 'Long-island': '0', 'Low-tilt-spectrum': '0', 'Medium-island': '0', 'Short-island': '0', 'Squeal': '0', 'Typical-entropy': '0', 'Voicing-quality': '1', 'Wide-band': '0', 'Xlong-island': '0', 'seq': '2', 'end': 15893.64, 'start': 15893.53}]",0,0,[],[]
15893640,15894520,OCH,CXN,0.0,568,CIOCX,RC,0,NT,FI,0.0,0,-21.85,-12.83,[],0,0,[],[]
15894520,15898620,NA,NOF,0.0,568,CIOCX,NA,NA,NA,NA,0.0,0,-35.75,-20.65,[],0,0,[],[]
15898620,15899690,CHI,CHN,0.0,568,CIOCX,RC,0,NT,FI,1.0,1070,-16.31,-7.16,"[{'Canonical-syllable': '1', 'Growl': '0', 'High-freq-energy': '0', 'Long-island': '0', 'Low-tilt-spectrum': '1', 'Medium-island': '1', 'Short-island': '1', 'Squeal': '0', 'Typical-entropy': '2', 'Voicing-quality': '2', 'Wide-band': '0', 'Xlong-island': '0', 'seq': '1', 'end': 15899.69, 'start': 15898.62}]",0,0,[],[]
15899690,15900620,NA,NOF,0.0,568,CIOCX,NA,NA,NA,NA,0.0,0,-37.64,-30.26,[],0,0,[],[]
15900620,15901570,CHI,CHN,0.0,568,CIOCX,RC,0,NT,FH,1.0,950,-26.31,-13.5,"[{'Canonical-syllable': '0', 'Growl': '1', 'High-freq-energy': '0', 'Long-island': '0', 'Low-tilt-spectrum': '2', 'Medium-island': '1', 'Short-island': '1', 'Squeal': '0', 'Typical-entropy': '2', 'Voicing-quality': '2', 'Wide-band': '0', 'Xlong-island': '0', 'seq': '1', 'end': 15901.57, 'start': 15900.62}]",0,0,[],[]
15901570,15902370,NA,OLN,0.0,568,CIOCX,NA,NA,NA,NA,0.0,0,-26.14,-13.38,[],0,0,[],[]
15902370,15904160,CHI,CHN,0.0,568,CIOCX,RC,0,NT,FH,2.0,1120,-18.02,-8.88,"[{'Canonical-syllable': '1', 'Growl': '0', 'High-freq-energy': '0', 'Long-island': '0', 'Low-tilt-spectrum': '0', 'Medium-island': '1', 'Short-island': '1', 'Squeal': '0', 'Typical-entropy': '2', 'Voicing-quality': '2', 'Wide-band': '0', 'Xlong-island': '0', 'seq': '1', 'end': 15903.35, 'start': 15902.37}, {'Canonical-syllable': '0', 'Growl': '0', 'High-freq-energy': '0', 'Long-island': '0', 'Low-tilt-spectrum': '0', 'Medium-island': '0', 'Short-island': '0', 'Squeal': '0', 'Typical-entropy': '0', 'Voicing-quality': '1', 'Wide-band': '0', 'Xlong-island': '0', 'seq': '2', 'end': 15904.16, 'start': 15904.02}]",0,0,[],[]
15904160,15905110,NA,OLN,0.0,568,CIOCX,NA,NA,NA,NA,0.0,0,-28.94,-19.05,[],0,0,[],[]
15905110,15907950,CHI,CHN,0.0,568,CIOCX,EC,0,NT,FH,3.0,1940,-19.37,-9.06,"[{'Canonical-syllable': '0', 'Growl': '0', 'High-freq-energy': '0', 'Long-island': '0', 'Low-tilt-spectrum': '1', 'Medium-island': '0', 'Short-island': '1', 'Squeal': '0', 'Typical-entropy': '1', 'Voicing-quality': '1', 'Wide-band': '0', 'Xlong-island': '0', 'seq': '1', 'end': 15905.4, 'start': 15905.2}, {'Canonical-syllable': '1', 'Growl': '1', 'High-freq-energy': '0', 'Long-island': '0', 'Low-tilt-spectrum': '2', 'Medium-island': '1', 'Short-island': '1', 'Squeal': '0', 'Typical-entropy': '2', 'Voicing-quality': '2', 'Wide-band': '0', 'Xlong-island': '0', 'seq': '2', 'end': 15906.45, 'start': 15905.8}, {'Canonical-syllable': '1', 'Growl': '0', 'High-freq-energy': '0', 'Long-island': '0', 'Low-tilt-spectrum': '0', 'Medium-island': '1', 'Short-island': '2', 'Squeal': '0', 'Typical-entropy': '2', 'Voicing-quality': '3', 'Wide-band': '1', 'Xlong-island': '0', 'seq': '3', 'end': 15907.95, 'start': 15906.95}]",0,0,[],[]
15907950,15912150,NA,NOF,0.0,569,pause,NA,NA,NA,NA,0.0,0,-41.49,-31.3,[],0,0,[],[]
15912150,15913070,NA,OLN,0.0,569,pause,NA,NA,NA,NA,0.0,0,-16.88,-0.81,[],0,0,[],[]
15913070,15917140,NA,NOF,0.0,569,pause,NA,NA,NA,NA,0.0,0,-29.27,-8.78,[],0,0,[],[]
15917140,15917970,NA,OLF,0.0,569,pause,NA,NA,NA,NA,0.0,0,-23.61,-6.08,[],0,0,[],[]
15917970,15920790,NA,NOF,0.0,569,pause,NA,NA,NA,NA,0.0,0,-22.83,-3.94,[],0,0,[],[]
15920790,15921590,NA,OLN,0.0,569,pause,NA,NA,NA,NA,0.0,0,-25.2,-7.38,[],0,0,[],[]
15921590,15923210,NA,NOF,0.0,569,pause,NA,NA,NA,NA,0.0,0,-36.78,-30.48,[],0,0,[],[]
15923210,15924030,NA,OLF,0.0,569,pause,NA,NA,NA,NA,0.0,0,-36.09,-32.17,[],0,0,[],[]
15924030,15929190,NA,NOF,0.0,569,pause,NA,NA,NA,NA,0.0,0,-36.98,-28.58,[],0,0,[],[]
15929190,15930890,MAL,MAN,3.98,569,AICM,BC,0,NT,FI,0.0,0,-32.63,-26.68,[],0,0,[],[]
15930890,15932480,NA,NOF,0.0,569,AICM,NA,NA,NA,NA,0.0,0,-38.28,-33.81,[],0,0,[],[]
15932480,15933640,NA,OLF,0.0,569,AICM,NA,NA,NA,NA,0.0,0,-33.92,-29.08,[],0,0,[],[]
15933640,15934530,NA,NOF,0.0,569,AICM,NA,NA,NA,NA,0.0,0,-35.69,-31.38,[],0,0,[],[]
15934530,15935330,OCH,CXN,0.0,569,AICM,RC,0,NT,FI,0.0,0,-30.29,-22.99,[],0,0,[],[]
15935330,15936130,NA,NOF,0.0,569,AICM,NA,NA,NA,NA,0.0,0,-34.1,-25.22,[],0,0,[],[]
15936130,15937240,CHI,CHN,0.0,569,AICM,NA,NA,NA,NA,0.0,0,-12.73,-3.18,[],0,1110,"[{'start': 15936.13, 'end': 15937.24}]",[]
15937240,15938530,NA,NOF,0.0,569,AICM,NA,NA,NA,NA,0.0,0,-33.66,-23.86,[],0,0,[],[]
15938530,15939630,CHI,CHN,0.0,569,AICM,RC,0,TIFI,FI,1.0,1100,-16.02,-7.67,"[{'Canonical-syllable': '0', 'Growl': '0', 'High-freq-energy': '0', 'Long-island': '0', 'Low-tilt-spectrum': '2', 'Medium-island': '2', 'Short-island': '0', 'Squeal': '0', 'Typical-entropy': '2', 'Voicing-quality': '2', 'Wide-band': '0', 'Xlong-island': '0', 'seq': '1', 'end': 15939.63, 'start': 15938.53}]",0,0,[],[]
15939630,15940430,FEM,FAN,6.35,569,AICM,RC,1,TIFR,FI,0.0,0,-33.39,-23.93,[],0,0,[],[]
15940430,15941630,NA,NOF,0.0,569,AICM,NA,NA,NA,NA,0.0,0,-36.59,-27.23,[],0,0,[],[]
15941630,15942800,MAL,MAN,8.43,569,AICM,RC,1,NT,FI,0.0,0,-35.54,-30.57,[],0,0,[],[]
15942800,15944230,NA,NOF,0.0,569,AICM,NA,NA,NA,NA,0.0,0,-40.42,-34.79,[],0,0,[],[]
15944230,15945600,CHI,CHN,0.0,569,AICM,RC,1,TIMI,FI,1.0,1370,-15.06,-6.79,"[{'Canonical-syllable': '0', 'Growl': '0', 'High-freq-energy': '0', 'Long-island': '1', 'Low-tilt-spectrum': '2', 'Medium-island': '0', 'Short-island': '2', 'Squeal': '0', 'Typical-entropy': '1', 'Voicing-quality': '3', 'Wide-band': '0', 'Xlong-island': '0', 'seq': '1', 'end': 15945.6, 'start': 15944.23}]",0,0,[],[]
15945600,15946600,MAL,MAN,4.41,569,AICM,RC,2,TIMR,FI,0.0,0,-37.28,-32.55,[],0,0,[],[]
15946600,15947950,NA,NOF,0.0,569,AICM,NA,NA,NA,NA,0.0,0,-42.41,-37.37,[],0,0,[],[]
15947950,15949040,MAL,MAN,4.98,569,AICM,RC,2,NT,FH,0.0,0,-35.76,-29.59,[],0,0,[],[]
15949040,15950660,NA,NOF,0.0,569,AICM,NA,NA,NA,NA,0.0,0,-38.99,-26.48,[],0,0,[],[]
15950660,15951330,CHI,CHN,0.0,569,AICM,RC,2,TIME,FI,1.0,180,-21.54,-13.68,"[{'Canonical-syllable': '0', 'Growl': '1', 'High-freq-energy': '0', 'Long-island': '0', 'Low-tilt-spectrum': '0', 'Medium-island': '0', 'Short-island': '1', 'Squeal': '0', 'Typical-entropy': '0', 'Voicing-quality': '1', 'Wide-band': '0', 'Xlong-island': '0', 'seq': '1', 'end': 15951.33, 'start': 15951.15}]",0,0,[],[]
15951330,15952200,NA,NOF,0.0,569,AICM,NA,NA,NA,NA,0.0,0,-36.01,-20.37,[],0,0,[],[]
15952200,15953430,CHI,CHN,0.0,569,AICM,RC,2,TIMI,FH,1.0,1230,-15.85,-9.05,"[{'Canonical-syllable': '0', 'Growl': '0', 'High-freq-energy': '0', 'Long-island': '1', 'Low-tilt-spectrum': '2', 'Medium-island': '0', 'Short-island': '1', 'Squeal': '0', 'Typical-entropy': '2', 'Voicing-quality': '2', 'Wide-band': '0', 'Xlong-island': '0', 'seq': '1', 'end': 15953.43, 'start': 15952.2}]",0,0,[],[]
15953430,15954650,MAL,MAN,6.14,569,AICM,RC,3,TIMR,FI,0.0,0,-33.63,-26.24,[],0,0,[],[]
15954650,15955450,NA,OLN,0.0,569,AICM,NA,NA,NA,NA,0.0,0,-35.7,-21.74,[],0,0,[],[]
15955450,15956800,CHI,CHN,0.0,569,AICM,RC,3,TIMI,FI,1.0,940,-17.44,-11.48,"[{'Canonical-syllable': '0', 'Growl': '0', 'High-freq-energy': '0', 'Long-island': '0', 'Low-tilt-spectrum': '0', 'Medium-island': '0', 'Short-island': '0', 'Squeal': '0', 'Typical-entropy': '1', 'Voicing-quality': '1', 'Wide-band': '0', 'Xlong-island': '1', 'seq': '1', 'end': 15956.39, 'start': 15955.45}]",0,0,[],[]
15956800,15958670,MAL,MAN,10.42,569,AICM,RC,4,TIMR,FI,0.0,0,-33.47,-28.67,[],0,0,[],[]
15958670,15959480,NA,NOF,0.0,569,AICM,NA,NA,NA,NA,0.0,0,-39.98,-33.21,[],0,0,[],[]
15959480,15960400,NA,OLF,0.0,569,AICM,NA,NA,NA,NA,0.0,0,-39.58,-32.76,[],0,0,[],[]
15960400,15961810,NA,NOF,0.0,569,AICM,NA,NA,NA,NA,0.0,0,-40.54,-35.88,[],0,0,[],[]
15961810,15962810,MAL,MAN,5.9,569,AICM,RC,4,NT,FH,0.0,0,-33.27,-28.24,[],0,0,[],[]
15962810,15964470,NA,NOF,0.0,569,AICM,NA,NA,NA,NA,0.0,0,-40.81,-35.49,[],0,0,[],[]
15964470,15965660,NA,OLF,0.0,569,AICM,NA,NA,NA,NA,0.0,0,-40.54,-37.58,[],0,0,[],[]
15965660,15966690,CHI,CHN,0.0,569,AICM,RC,4,TIME,FI,1.0,1030,-17.38,-9.59,"[{'Canonical-syllable': '0', 'Growl': '0', 'High-freq-energy': '0', 'Long-island': '0', 'Low-tilt-spectrum': '1', 'Medium-island': '0', 'Short-island': '3', 'Squeal': '1', 'Typical-entropy': '1', 'Voicing-quality': '3', 'Wide-band': '0', 'Xlong-island': '0', 'seq': '1', 'end': 15966.69, 'start': 15965.74}]",0,0,[],[]
15966690,15967620,NA,OLF,0.0,569,AICM,NA,NA,NA,NA,0.0,0,-38.74,-31.72,[],0,0,[],[]
15967620,15968900,CHI,CHN,0.0,569,AICM,RC,4,TIMI,FH,1.0,950,-16.07,-4.54,"[{'Canonical-syllable': '2', 'Growl': '0', 'High-freq-energy': '0', 'Long-island': '0', 'Low-tilt-spectrum': '1', 'Medium-island': '0', 'Short-island': '3', 'Squeal': '1', 'Typical-entropy': '3', 'Voicing-quality': '3', 'Wide-band': '0', 'Xlong-island': '0', 'seq': '1', 'end': 15968.57, 'start': 15967.62}]",0,0,[],[]
15968900,15970160,MAL,MAN,5.26,569,AICM,RC,5,TIMR,FI,0.0,0,-35.82,-30.01,[],0,0,[],[]
15970160,15970980,NA,OLF,0.0,569,AICM,NA,NA,NA,NA,0.0,0,-37.26,-31.67,[],0,0,[],[]
15970980,15972020,NA,NOF,0.0,569,AICM,NA,NA,NA,NA,0.0,0,-40.08,-34.25,[],0,0,[],[]
15972020,15973520,CHI,CHN,0.0,569,AICM,RC,5,TIMI,FI,2.0,880,-22.26,-10.91,"[{'Canonical-syllable': '0', 'Growl': '0', 'High-freq-energy': '1', 'Long-island': '0', 'Low-tilt-spectrum': '0', 'Medium-island': '0', 'Short-island': '2', 'Squeal': '1', 'Typical-entropy': '2', 'Voicing-quality': '2', 'Wide-band': '0', 'Xlong-island': '0', 'seq': '1', 'end': 15972.67, 'start': 15972.02}, {'Canonical-syllable': '0', 'Growl': '0', 'High-freq-energy': '0', 'Long-island': '0', 'Low-tilt-spectrum': '0', 'Medium-island': '0', 'Short-island': '1', 'Squeal': '0', 'Typical-entropy': '0', 'Voicing-quality': '1', 'Wide-band': '0', 'Xlong-island': '0', 'seq': '2', 'end': 15973.38, 'start': 15973.15}]",0,0,[],[]
15973520,15974480,NA,OLN,0.0,569,AICM,NA,NA,NA,NA,0.0,0,-36.77,-32.55,[],0,0,[],[]
15974480,15976650,NA,NOF,0.0,569,AICM,NA,NA,NA,NA,0.0,0,-40.02,-32.33,[],0,0,[],[]
15976650,15977820,MAL,MAN,4.3,569,AICM,RC,6,TIMR,FI,0.0,0,-34.16,-29.84,[],0,0,[],[]
15977820,15980320,NA,NOF,0.0,569,AICM,NA,NA,NA,NA,0.0,0,-39.49,-34.14,[],0,0,[],[]
15980320,15981320,MAL,MAN,3.7,569,AICM,RC,6,NT,FH,0.0,0,-35.03,-29.75,[],0,0,[],[]
15981320,15984090,NA,NOF,0.0,569,AICM,NA,NA,NA,NA,0.0,0,-36.2,-31.78,[],0,0,[],[]
15984090,15984990,CHI,CHN,0.0,569,AICM,RC,6,TIMI,FI,1.0,900,-19.83,-11.53,"[{'Canonical-syllable': '2', 'Growl': '0', 'High-freq-energy': '0', 'Long-island': '0', 'Low-tilt-spectrum': '2', 'Medium-island': '1', 'Short-island': '2', 'Squeal': '0', 'Typical-entropy': '2', 'Voicing-quality': '2', 'Wide-band': '0', 'Xlong-island': '0', 'seq': '1', 'end': 15984.99, 'start': 15984.09}]",0,0,[],[]
15984990,15986240,NA,NOF,0.0,569,AICM,NA,NA,NA,NA,0.0,0,-35.72,-29.89,[],0,0,[],[]
15986240,15987720,MAL,MAN,7.36,569,AICM,EC,7,TIMR,FI,0.0,0,-34.41,-28.53,[],0,0,[],[]
15987720,15994670,NA,NON,0.0,570,pause,NA,NA,NA,NA,0.0,0,-38.48,-31.29,[],0,0,[],[]
15994670,15995470,NA,OLF,0.0,570,pause,NA,NA,NA,NA,0.0,0,-35.62,-29.17,[],0,0,[],[]
15995470,15997180,NA,NOF,0.0,570,pause,NA,NA,NA,NA,0.0,0,-40.96,-34.12,[],0,0,[],[]
15997180,15998560,CHI,CHN,0.0,570,CIC,BC,0,NT,FI,1.0,1300,-18.77,-8.84,"[{'Canonical-syllable': '1', 'Growl': '1', 'High-freq-energy': '0', 'Long-island': '0', 'Low-tilt-spectrum': '2', 'Medium-island': '0', 'Short-island': '4', 'Squeal': '1', 'Typical-entropy': '3', 'Voicing-quality': '4', 'Wide-band': '0', 'Xlong-island': '0', 'seq': '1', 'end': 15998.48, 'start': 15997.18}]",0,0,[],[]
15998560,15999360,NA,NOF,0.0,570,CIC,NA,NA,NA,NA,0.0,0,-39.65,-32.82,[],0,0,[],[]
15999360,16002310,CHI,CHN,0.0,570,CIC,RC,0,NT,FH,3.0,2009,-19.45,-8.56,"[{'Canonical-syllable': '1', 'Growl': '1', 'High-freq-energy': '0', 'Long-island': '0', 'Low-tilt-spectrum': '0', 'Medium-island': '0', 'Short-island': '4', 'Squeal': '1', 'Typical-entropy': '2', 'Voicing-quality': '4', 'Wide-band': '0', 'Xlong-island': '0', 'seq': '1', 'end': 16000.58, 'start': 15999.36}, {'Canonical-syllable': '1', 'Growl': '0', 'High-freq-energy': '0', 'Long-island': '0', 'Low-tilt-spectrum': '0', 'Medium-island': '1', 'Short-island': '1', 'Squeal': '0', 'Typical-entropy': '1', 'Voicing-quality': '2', 'Wide-band': '0', 'Xlong-island': '0', 'seq': '2', 'end': 16001.88, 'start': 16001.21}, {'Canonical-syllable': '0', 'Growl': '1', 'High-freq-energy': '0', 'Long-island': '0', 'Low-tilt-spectrum': '0', 'Medium-island': '0', 'Short-island': '0', 'Squeal': '0', 'Typical-entropy': '0', 'Voicing-quality': '1', 'Wide-band': '0', 'Xlong-island': '0', 'seq': '3', 'end': 16002.31, 'start': 16002.19}]",0,0,[],[]
16002310,16003360,CHI,CHN,0.0,570,CIC,RC,0,NT,FH,1.0,460,-24.77,-11.19,"[{'Canonical-syllable': '1', 'Growl': '1', 'High-freq-energy': '0', 'Long-island': '0', 'Low-tilt-spectrum': '0', 'Medium-island': '0', 'Short-island': '1', 'Squeal': '0', 'Typical-entropy': '1', 'Voicing-quality': '2', 'Wide-band': '0', 'Xlong-island': '0', 'seq': '1', 'end': 16002.77, 'start': 16002.31}]",0,0,[],[]
16003360,16004650,CHI,CHN,0.0,570,CIC,RC,0,NT,FH,1.0,1140,-19.39,-10.26,"[{'Canonical-syllable': '2', 'Growl': '1', 'High-freq-energy': '0', 'Long-island': '0', 'Low-tilt-spectrum': '0', 'Medium-island': '0', 'Short-island': '3', 'Squeal': '1', 'Typical-entropy': '2', 'Voicing-quality': '4', 'Wide-band': '0', 'Xlong-island': '0', 'seq': '1', 'end': 16004.5, 'start': 16003.36}]",0,0,[],[]
16004650,16005610,NA,NOF,0.0,570,CIC,NA,NA,NA,NA,0.0,0,-42.03,-38.16,[],0,0,[],[]
16005610,16007630,CHI,CHN,0.0,570,CIC,RC,0,TIMI,FH,2.0,1680,-18.72,-7.95,"[{'Canonical-syllable': '0', 'Growl': '2', 'High-freq-energy': '0', 'Long-island': '0', 'Low-tilt-spectrum': '0', 'Medium-island': '0', 'Short-island': '3', 'Squeal': '0', 'Typical-entropy': '2', 'Voicing-quality': '4', 'Wide-band': '0', 'Xlong-island': '0', 'seq': '1', 'end': 16006.88, 'start': 16005.61}, {'Canonical-syllable': '0', 'Growl': '0', 'High-freq-energy': '0', 'Long-island': '0', 'Low-tilt-spectrum': '0', 'Medium-island': '1', 'Short-island': '0', 'Squeal': '1', 'Typical-entropy': '1', 'Voicing-quality': '1', 'Wide-band': '0', 'Xlong-island': '0', 'seq': '2', 'end': 16007.63, 'start': 16007.22}]",0,0,[],[]
16007630,16008800,NA,NOF,0.0,570,CIC,NA,NA,NA,NA,0.0,0,-38.7,-30.03,[],0,0,[],[]
16008800,16009930,MAL,MAN,4.83,570,CIC,RC,1,TIMR,FI,0.0,0,-32.02,-25.8,[],0,0,[],[]
16009930,16011310,NA,NOF,0.0,570,CIC,NA,NA,NA,NA,0.0,0,-37.31,-32.44,[],0,0,[],[]
16011310,16013620,CHI,CHN,0.0,570,CIC,RC,1,TIMI,FI,1.0,1930,-14.51,-3.51,"[{'Canonical-syllable': '3', 'Growl': '1', 'High-freq-energy': '0', 'Long-island': '0', 'Low-tilt-spectrum': '3', 'Medium-island': '1', 'Short-island': '4', 'Squeal': '0', 'Typical-entropy': '4', 'Voicing-quality': '5', 'Wide-band': '0', 'Xlong-island': '0', 'seq': '1', 'end': 16013.24, 'start': 16011.31}]",0,0,[],[]
16013620,16016080,MAL,MAN,12.98,570,CIC,RC,2,TIMR,FI,0.0,0,-31.16,-23.93,[],0,0,[],[]
16016080,16019820,NA,NOF,0.0,570,CIC,NA,NA,NA,NA,0.0,0,-36.69,-28.72,[],0,0,[],[]
16019820,16020820,MAL,MAN,4.72,570,CIC,RC,2,NT,FH,0.0,0,-33.49,-28.41,[],0,0,[],[]
16020820,16021620,NA,NOF,0.0,570,CIC,NA,NA,NA,NA,0.0,0,-40.82,-34.86,[],0,0,[],[]
16021620,16022620,MAL,MAN,2.09,570,CIC,RC,2,NT,FH,0.0,0,-35.96,-28.9,[],0,0,[],[]
16022620,16026850,NA,NOF,0.0,570,CIC,NA,NA,NA,NA,0.0,0,-39.73,-29.61,[],0,0,[],[]
16026850,16027850,MAL,MAN,6.55,570,CIC,RC,2,NT,FH,0.0,0,-35.95,-29.11,[],0,0,[],[]
16027850,16029910,NA,NOF,0.0,570,CIC,NA,NA,NA,NA,0.0,0,-39.53,-32.36,[],0,0,[],[]
16029910,16031550,CHI,CHN,0.0,570,CIC,RC,2,TIME,FI,1.0,1640,-20.42,-13.09,"[{'Canonical-syllable': '0', 'Growl': '3', 'High-freq-energy': '0', 'Long-island': '0', 'Low-tilt-spectrum': '0', 'Medium-island': '3', 'Short-island': '2', 'Squeal': '0', 'Typical-entropy': '3', 'Voicing-quality': '5', 'Wide-band': '0', 'Xlong-island': '0', 'seq': '1', 'end': 16031.55, 'start': 16029.91}]",0,0,[],[]
16031550,16035280,NA,NOF,0.0,570,CIC,NA,NA,NA,NA,0.0,0,-39.94,-30.83,[],0,0,[],[]
16035280,16037410,CHI,CHN,0.0,570,CIC,RC,2,TIMI,FH,2.0,960,-20.28,-10.9,"[{'Canonical-syllable': '0', 'Growl': '1', 'High-freq-energy': '0', 'Long-island': '0', 'Low-tilt-spectrum': '1', 'Medium-island': '0', 'Short-island': '1', 'Squeal': '0', 'Typical-entropy': '1', 'Voicing-quality': '0', 'Wide-band': '0', 'Xlong-island': '0', 'seq': '1', 'end': 16035.95, 'start': 16035.72}, {'Canonical-syllable': '0', 'Growl': '0', 'High-freq-energy': '0', 'Long-island': '1', 'Low-tilt-spectrum': '0', 'Medium-island': '0', 'Short-island': '0', 'Squeal': '0', 'Typical-entropy': '0', 'Voicing-quality': '1', 'Wide-band': '0', 'Xlong-island': '0', 'seq': '2', 'end': 16037.04, 'start': 16036.31}]",0,0,[],[]
16037410,16038790,MAL,MAN,7.94,570,CIC,RC,3,TIMR,FI,0.0,0,-35.82,-32.15,[],0,0,[],[]
16038790,16039980,NA,NOF,0.0,570,CIC,NA,NA,NA,NA,0.0,0,-42.43,-34.88,[],0,0,[],[]
16039980,16040980,MAL,MAN,2.94,570,CIC,RC,3,NT,FH,0.0,0,-34.76,-27.97,[],0,0,[],[]
16040980,16043020,NA,OLF,0.0,570,CIC,NA,NA,NA,NA,0.0,0,-37.77,-28.45,[],0,0,[],[]
16043020,16044650,NA,NOF,0.0,570,CIC,NA,NA,NA,NA,0.0,0,-41.36,-32.22,[],0,0,[],[]
16044650,16045730,CHI,CHN,0.0,570,CIC,RC,3,TIMI,FI,1.0,1080,-18.43,-11.85,"[{'Canonical-syllable': '1', 'Growl': '1', 'High-freq-energy': '0', 'Long-island': '0', 'Low-tilt-spectrum': '0', 'Medium-island': '0', 'Short-island': '3', 'Squeal': '1', 'Typical-entropy': '1', 'Voicing-quality': '3', 'Wide-band': '0', 'Xlong-island': '0', 'seq': '1', 'end': 16045.73, 'start': 16044.65}]",0,0,[],[]
16045730,16047670,NA,NOF,0.0,570,CIC,NA,NA,NA,NA,0.0,0,-41.33,-33.29,[],0,0,[],[]
16047670,16048910,MAL,MAN,4.75,570,CIC,RC,4,TIMR,FI,0.0,0,-29.09,-21.76,[],0,0,[],[]
16048910,16053610,NA,NOF,0.0,570,CIC,NA,NA,NA,NA,0.0,0,-41.39,-30.09,[],0,0,[],[]
16053610,16054960,MAL,MAN,7.73,570,CIC,EC,4,NT,FH,0.0,0,-32.45,-29.2,[],0,0,[],[]
16054960,16056920,NA,NOF,0.0,571,pause,NA,NA,NA,NA,0.0,0,-42.07,-36.43,[],0,0,[],[]
16056920,16063070,NA,NON,0.0,571,pause,NA,NA,NA,NA,0.0,0,-40.77,-33.07,[],0,0,[],[]
16063070,16066010,CHI,CHN,0.0,571,CM,BC,0,NT,FI,3.0,2090,-22.71,-11.5,"[{'Canonical-syllable': '0', 'Growl': '1', 'High-freq-energy': '0', 'Long-island': '0', 'Low-tilt-spectrum': '2', 'Medium-island': '1', 'Short-island': '2', 'Squeal': '0', 'Typical-entropy': '2', 'Voicing-quality': '3', 'Wide-band': '0', 'Xlong-island': '0', 'seq': '1', 'end': 16063.99, 'start': 16063.07}, {'Canonical-syllable': '0', 'Growl': '1', 'High-freq-energy': '0', 'Long-island': '0', 'Low-tilt-spectrum': '1', 'Medium-island': '0', 'Short-island': '1', 'Squeal': '0', 'Typical-entropy': '0', 'Voicing-quality': '1', 'Wide-band': '0', 'Xlong-island': '0', 'seq': '2', 'end': 16064.55, 'start': 16064.41}, {'Canonical-syllable': '0', 'Growl': '0', 'High-freq-energy': '0', 'Long-island': '0', 'Low-tilt-spectrum': '1', 'Medium-island': '2', 'Short-island': '0', 'Squeal': '0', 'Typical-entropy': '2', 'Voicing-quality': '2', 'Wide-band': '0', 'Xlong-island': '0', 'seq': '3', 'end': 16066.01, 'start': 16064.98}]",0,0,[],[]
16066010,16067100,NA,NOF,0.0,571,CM,NA,NA,NA,NA,0.0,0,-40.38,-33.64,[],0,0,[],[]
16067100,16069120,CHI,CHN,0.0,571,CM,EC,0,NT,FH,1.0,1780,-22.8,-11.33,"[{'Canonical-syllable': '0', 'Growl': '1', 'High-freq-energy': '0', 'Long-island': '0', 'Low-tilt-spectrum': '3', 'Medium-island': '2', 'Short-island': '2', 'Squeal': '0', 'Typical-entropy': '3', 'Voicing-quality': '4', 'Wide-band': '0', 'Xlong-island': '0', 'seq': '1', 'end': 16068.88, 'start': 16067.22}]",0,0,[],[]
16069120,16074670,NA,NON,0.0,572,pause,NA,NA,NA,NA,0.0,0,-40.61,-32.68,[],0,0,[],[]
16074670,16076820,CHI,CHN,0.0,572,CM,EC,0,NT,FI,2.0,1180,-20.51,-12.64,"[{'Canonical-syllable': '0', 'Growl': '0', 'High-freq-energy': '0', 'Long-island': '0', 'Low-tilt-spectrum': '1', 'Medium-island': '1', 'Short-island': '0', 'Squeal': '0', 'Typical-entropy': '1', 'Voicing-quality': '1', 'Wide-band': '1', 'Xlong-island': '0', 'seq': '1', 'end': 16075.54, 'start': 16075.28}, {'Canonical-syllable': '0', 'Growl': '1', 'High-freq-energy': '0', 'Long-island': '1', 'Low-tilt-spectrum': '2', 'Medium-island': '0', 'Short-island': '1', 'Squeal': '0', 'Typical-entropy': '2', 'Voicing-quality': '2', 'Wide-band': '0', 'Xlong-island': '0', 'seq': '2', 'end': 16076.82, 'start': 16075.9}]",0,0,[],[]
16076820,16088370,NA,NON,0.0,573,pause,NA,NA,NA,NA,0.0,0,-41.75,-29.62,[],0,0,[],[]
16088370,16089560,CHI,CHN,0.0,573,CM,BC,0,NT,FI,1.0,1190,-16.88,-12.42,"[{'Canonical-syllable': '0', 'Growl': '0', 'High-freq-energy': '0', 'Long-island': '1', 'Low-tilt-spectrum': '1', 'Medium-island': '0', 'Short-island': '1', 'Squeal': '0', 'Typical-entropy': '1', 'Voicing-quality': '2', 'Wide-band': '0', 'Xlong-island': '0', 'seq': '1', 'end': 16089.56, 'start': 16088.37}]",0,0,[],[]
16089560,16090360,NA,NOF,0.0,573,CM,NA,NA,NA,NA,0.0,0,-40.93,-34.55,[],0,0,[],[]
16090360,16091190,CHI,CHN,0.0,573,CM,NA,NA,NA,NA,0.0,0,-18.28,-12.38,[],0,830,"[{'start': 16090.36, 'end': 16091.19}]",[]
16091190,16092190,CHI,CHN,0.0,573,CM,RC,0,NT,FH,1.0,840,-20.2,-14.95,"[{'Canonical-syllable': '0', 'Growl': '0', 'High-freq-energy': '0', 'Long-island': '0', 'Low-tilt-spectrum': '0', 'Medium-island': '1', 'Short-island': '1', 'Squeal': '0', 'Typical-entropy': '1', 'Voicing-quality': '2', 'Wide-band': '0', 'Xlong-island': '0', 'seq': '1', 'end': 16092.03, 'start': 16091.19}]",0,0,[],[]
16092190,16093000,NA,NOF,0.0,573,CM,NA,NA,NA,NA,0.0,0,-40.0,-32.54,[],0,0,[],[]
16093000,16094000,CHI,CHN,0.0,573,CM,RC,0,NT,FH,1.0,800,-18.08,-10.33,"[{'Canonical-syllable': '1', 'Growl': '0', 'High-freq-energy': '0', 'Long-island': '0', 'Low-tilt-spectrum': '0', 'Medium-island': '1', 'Short-island': '1', 'Squeal': '1', 'Typical-entropy': '0', 'Voicing-quality': '2', 'Wide-band': '0', 'Xlong-island': '0', 'seq': '1', 'end': 16093.8, 'start': 16093.14}]",0,0,[],[]
16094000,16094710,CHI,CHN,0.0,573,CM,EC,0,NT,FH,1.0,410,-18.68,-11.06,"[{'Canonical-syllable': '0', 'Growl': '0', 'High-freq-energy': '0', 'Long-island': '0', 'Low-tilt-spectrum': '1', 'Medium-island': '1', 'Short-island': '0', 'Squeal': '0', 'Typical-entropy': '1', 'Voicing-quality': '1', 'Wide-band': '0', 'Xlong-island': '0', 'seq': '1', 'end': 16094.41, 'start': 16094.0}]",0,0,[],[]
16094710,16095930,NA,NOF,0.0,574,pause,NA,NA,NA,NA,0.0,0,-39.92,-32.75,[],0,0,[],[]
16095930,16098320,CHI,CHN,0.0,574,pause,NA,NA,NA,NA,0.0,0,-13.24,-2.75,[],0,2140,"[{'start': 16095.93, 'end': 16098.07}]",[]
16098320,16099140,NA,NOF,0.0,574,pause,NA,NA,NA,NA,0.0,0,-39.45,-33.53,[],0,0,[],[]
16099140,16099940,NA,OLF,0.0,574,pause,NA,NA,NA,NA,0.0,0,-34.78,-30.13,[],0,0,[],[]
16099940,16100790,NA,NOF,0.0,574,pause,NA,NA,NA,NA,0.0,0,-38.94,-33.99,[],0,0,[],[]
16100790,16102260,CHI,CHN,0.0,574,CIC,BC,0,TIMI,FI,2.0,1070,-17.19,-9.8,"[{'Canonical-syllable': '1', 'Growl': '0', 'High-freq-energy': '0', 'Long-island': '0', 'Low-tilt-spectrum': '1', 'Medium-island': '0', 'Short-island': '1', 'Squeal': '0', 'Typical-entropy': '1', 'Voicing-quality': '1', 'Wide-band': '0', 'Xlong-island': '0', 'seq': '1', 'end': 16101.05, 'start': 16100.9}, {'Canonical-syllable': '0', 'Growl': '0', 'High-freq-energy': '0', 'Long-island': '1', 'Low-tilt-spectrum': '1', 'Medium-island': '0', 'Short-island': '0', 'Squeal': '0', 'Typical-entropy': '1', 'Voicing-quality': '1', 'Wide-band': '0', 'Xlong-island': '0', 'seq': '2', 'end': 16102.26, 'start': 16101.45}]",0,0,[],[]
16102260,16104440,MAL,MAN,9.05,574,CIC,RC,1,TIMR,FI,0.0,0,-33.14,-28.18,[],0,0,[],[]
16104440,16105360,NA,NOF,0.0,574,CIC,NA,NA,NA,NA,0.0,0,-38.95,-34.97,[],0,0,[],[]
16105360,16106630,MAL,MAN,6.48,574,CIC,RC,1,NT,FH,0.0,0,-32.8,-27.45,[],0,0,[],[]
16106630,16111500,NA,NOF,0.0,574,CIC,NA,NA,NA,NA,0.0,0,-40.5,-32.35,[],0,0,[],[]
16111500,16113450,CHI,CHN,0.0,574,CIC,RC,1,TIME,FI,1.0,1950,-15.95,-4.77,"[{'Canonical-syllable': '0', 'Growl': '0', 'High-freq-energy': '0', 'Long-island': '0', 'Low-tilt-spectrum': '3', 'Medium-island': '2', 'Short-island': '2', 'Squeal': '0', 'Typical-entropy': '3', 'Voicing-quality': '4', 'Wide-band': '0', 'Xlong-island': '0', 'seq': '1', 'end': 16113.45, 'start': 16111.67}]",0,0,[],[]
16113450,16115500,NA,NOF,0.0,574,CIC,NA,NA,NA,NA,0.0,0,-40.32,-32.73,[],0,0,[],[]
16115500,16117060,CHI,CHN,0.0,574,CIC,RC,1,NT,FH,2.0,900,-27.02,-18.69,"[{'Canonical-syllable': '1', 'Growl': '0', 'High-freq-energy': '0', 'Long-island': '0', 'Low-tilt-spectrum': '0', 'Medium-island': '0', 'Short-island': '1', 'Squeal': '0', 'Typical-entropy': '1', 'Voicing-quality': '1', 'Wide-band': '0', 'Xlong-island': '0', 'seq': '1', 'end': 16115.77, 'start': 16115.5}, {'Canonical-syllable': '0', 'Growl': '2', 'High-freq-energy': '0', 'Long-island': '0', 'Low-tilt-spectrum': '0', 'Medium-island': '1', 'Short-island': '1', 'Squeal': '0', 'Typical-entropy': '0', 'Voicing-quality': '2', 'Wide-band': '1', 'Xlong-island': '0', 'seq': '2', 'end': 16117.06, 'start': 16116.43}]",0,0,[],[]
16117060,16117910,NA,OLN,0.0,574,CIC,NA,NA,NA,NA,0.0,0,-36.12,-29.24,[],0,0,[],[]
16117910,16119420,CHI,CHN,0.0,574,CIC,EC,1,NT,FH,1.0,1510,-20.67,-12.1,"[{'Canonical-syllable': '0', 'Growl': '2', 'High-freq-energy': '0', 'Long-island': '0', 'Low-tilt-spectrum': '0', 'Medium-island': '2', 'Short-island': '2', 'Squeal': '0', 'Typical-entropy': '1', 'Voicing-quality': '4', 'Wide-band': '0', 'Xlong-island': '0', 'seq': '1', 'end': 16119.42, 'start': 16117.91}]",0,0,[],[]
16119420,16125270,NA,NON,0.0,575,pause,NA,NA,NA,NA,0.0,0,-41.97,-35.27,[],0,0,[],[]
16125270,16126820,MAL,MAN,4.62,575,AICM,BC,0,TIMI,FI,0.0,0,-35.16,-28.84,[],0,0,[],[]
16126820,16128720,CHI,CHN,0.0,575,AICM,RC,1,TIMR,FI,1.0,1460,-18.65,-9.42,"[{'Canonical-syllable': '1', 'Growl': '1', 'High-freq-energy': '0', 'Long-island': '0', 'Low-tilt-spectrum': '3', 'Medium-island': '2', 'Short-island': '1', 'Squeal': '0', 'Typical-entropy': '3', 'Voicing-quality': '3', 'Wide-band': '0', 'Xlong-island': '0', 'seq': '1', 'end': 16128.28, 'start': 16126.82}]",0,0,[],[]
16128720,16132010,NA,NOF,0.0,575,AICM,NA,NA,NA,NA,0.0,0,-40.49,-32.89,[],0,0,[],[]
16132010,16133350,CHI,CHN,0.0,575,AICM,RC,1,NT,FH,1.0,1250,-17.12,-10.87,"[{'Canonical-syllable': '0', 'Growl': '1', 'High-freq-energy': '0', 'Long-island': '0', 'Low-tilt-spectrum': '0', 'Medium-island': '2', 'Short-island': '0', 'Squeal': '0', 'Typical-entropy': '2', 'Voicing-quality': '3', 'Wide-band': '0', 'Xlong-island': '0', 'seq': '1', 'end': 16133.26, 'start': 16132.01}]",0,0,[],[]
16133350,16134150,NA,NOF,0.0,575,AICM,NA,NA,NA,NA,0.0,0,-39.04,-33.25,[],0,0,[],[]
16134150,16135340,CHI,CHN,0.0,575,AICM,RC,1,NT,FH,2.0,870,-18.69,-11.65,"[{'Canonical-syllable': '0', 'Growl': '0', 'High-freq-energy': '0', 'Long-island': '0', 'Low-tilt-spectrum': '1', 'Medium-island': '0', 'Short-island': '1', 'Squeal': '0', 'Typical-entropy': '1', 'Voicing-quality': '1', 'Wide-band': '0', 'Xlong-island': '0', 'seq': '1', 'end': 16134.4, 'start': 16134.15}, {'Canonical-syllable': '0', 'Growl': '0', 'High-freq-energy': '0', 'Long-island': '0', 'Low-tilt-spectrum': '0', 'Medium-island': '1', 'Short-island': '0', 'Squeal': '0', 'Typical-entropy': '1', 'Voicing-quality': '1', 'Wide-band': '0', 'Xlong-island': '0', 'seq': '2', 'end': 16135.34, 'start': 16134.72}]",0,0,[],[]
16135340,16136430,NA,OLF,0.0,575,AICM,NA,NA,NA,NA,0.0,0,-29.57,-16.15,[],0,0,[],[]
16136430,16137570,CHI,CHN,0.0,575,AICM,RC,1,NT,FH,1.0,1140,-17.27,-9.87,"[{'Canonical-syllable': '0', 'Growl': '2', 'High-freq-energy': '0', 'Long-island': '0', 'Low-tilt-spectrum': '2', 'Medium-island': '1', 'Short-island': '2', 'Squeal': '0', 'Typical-entropy': '2', 'Voicing-quality': '3', 'Wide-band': '0', 'Xlong-island': '0', 'seq': '1', 'end': 16137.57, 'start': 16136.43}]",0,0,[],[]
16137570,16138610,CHI,CHN,0.0,575,AICM,RC,1,NT,FH,1.0,1040,-17.25,-10.73,"[{'Canonical-syllable': '0', 'Growl': '0', 'High-freq-energy': '0', 'Long-island': '1', 'Low-tilt-spectrum': '0', 'Medium-island': '0', 'Short-island': '0', 'Squeal': '0', 'Typical-entropy': '1', 'Voicing-quality': '1', 'Wide-band': '0', 'Xlong-island': '0', 'seq': '1', 'end': 16138.61, 'start': 16137.67}]",0,0,[],[]
16138610,16139640,NA,NOF,0.0,575,AICM,NA,NA,NA,NA,0.0,0,-40.77,-37.49,[],0,0,[],[]
16139640,16141760,CHI,CHN,0.0,575,AICM,RC,1,NT,FH,1.0,2120,-16.01,-7.54,"[{'Canonical-syllable': '0', 'Growl': '1', 'High-freq-energy': '1', 'Long-island': '0', 'Low-tilt-spectrum': '4', 'Medium-island': '1', 'Short-island': '5', 'Squeal': '0', 'Typical-entropy': '4', 'Voicing-quality': '6', 'Wide-band': '0', 'Xlong-island': '0', 'seq': '1', 'end': 16141.76, 'start': 16139.64}]",0,0,[],[]
16141760,16143860,NA,NOF,0.0,575,AICM,NA,NA,NA,NA,0.0,0,-40.42,-32.87,[],0,0,[],[]
16143860,16144460,NA,CHF,0.0,575,AICM,RC,1,NT,FH,1.0,600,-39.43,-35.45,"[{'Canonical-syllable': '0', 'Growl': '1', 'High-freq-energy': '0', 'Long-island': '0', 'Low-tilt-spectrum': '1', 'Medium-island': '1', 'Short-island': '0', 'Squeal': '0', 'Typical-entropy': '0', 'Voicing-quality': '1', 'Wide-band': '0', 'Xlong-island': '0', 'seq': '1', 'end': 16144.46, 'start': 16143.86}]",0,0,[],[]
16144460,16146730,NA,NOF,0.0,575,AICM,NA,NA,NA,NA,0.0,0,-40.33,-33.97,[],0,0,[],[]
16146730,16152550,CHI,CHN,0.0,575,AICM,RC,1,NT,FH,3.0,5140,-16.27,-2.84,"[{'Canonical-syllable': '0', 'Growl': '1', 'High-freq-energy': '1', 'Long-island': '0', 'Low-tilt-spectrum': '2', 'Medium-island': '1', 'Short-island': '2', 'Squeal': '0', 'Typical-entropy': '2', 'Voicing-quality': '3', 'Wide-band': '0', 'Xlong-island': '0', 'seq': '1', 'end': 16147.7, 'start': 16146.73}, {'Canonical-syllable': '1', 'Growl': '2', 'High-freq-energy': '2', 'Long-island': '0', 'Low-tilt-spectrum': '4', 'Medium-island': '1', 'Short-island': '5', 'Squeal': '1', 'Typical-entropy': '4', 'Voicing-quality': '6', 'Wide-band': '0', 'Xlong-island': '0', 'seq': '2', 'end': 16149.98, 'start': 16148.04}, {'Canonical-syllable': '2', 'Growl': '1', 'High-freq-energy': '2', 'Long-island': '0', 'Low-tilt-spectrum': '4', 'Medium-island': '2', 'Short-island': '2', 'Squeal': '0', 'Typical-entropy': '4', 'Voicing-quality': '6', 'Wide-band': '0', 'Xlong-island': '0', 'seq': '3', 'end': 16152.55, 'start': 16150.32}]",0,0,[],[]
16152550,16154020,MAL,MAN,3.33,575,AICM,EC,1,TIME,FI,0.0,0,-33.64,-26.69,[],0,0,[],[]
16154020,16160070,NA,NON,0.0,576,pause,NA,NA,NA,NA,0.0,0,-40.28,-28.89,[],0,0,[],[]
16160070,16162220,MAL,MAN,6.27,576,AMM,EC,0,NT,FI,0.0,0,-33.64,-27.23,[],0,0,[],[]
16162220,16171070,NA,NON,0.0,577,pause,NA,NA,NA,NA,0.0,0,-40.24,-29.57,[],0,0,[],[]
16171070,16172400,CHI,CHN,0.0,577,CIC,BC,0,NT,FI,1.0,1170,-14.66,-3.29,"[{'Canonical-syllable': '0', 'Growl': '0', 'High-freq-energy': '0', 'Long-island': '1', 'Low-tilt-spectrum': '2', 'Medium-island': '1', 'Short-island': '0', 'Squeal': '0', 'Typical-entropy': '1', 'Voicing-quality': '2', 'Wide-band': '0', 'Xlong-island': '0', 'seq': '1', 'end': 16172.24, 'start': 16171.07}]",0,0,[],[]
16172400,16173640,NA,NOF,0.0,577,CIC,NA,NA,NA,NA,0.0,0,-37.47,-28.93,[],0,0,[],[]
16173640,16175100,NA,OLF,0.0,577,CIC,NA,NA,NA,NA,0.0,0,-36.53,-30.37,[],0,0,[],[]
16175100,16176220,CHI,CHN,0.0,577,CIC,RC,0,NT,FH,1.0,830,-16.52,-10.39,"[{'Canonical-syllable': '0', 'Growl': '0', 'High-freq-energy': '0', 'Long-island': '1', 'Low-tilt-spectrum': '0', 'Medium-island': '0', 'Short-island': '0', 'Squeal': '0', 'Typical-entropy': '0', 'Voicing-quality': '1', 'Wide-band': '0', 'Xlong-island': '0', 'seq': '1', 'end': 16175.93, 'start': 16175.1}]",0,0,[],[]
16176220,16177530,FEM,FAN,0.0,577,CIC,NA,NA,NA,NA,0.0,0,-31.79,-25.59,[],1310,0,[],[]
16177530,16178410,NA,NOF,0.0,577,CIC,NA,NA,NA,NA,0.0,0,-40.58,-35.14,[],0,0,[],[]
16178410,16180780,CHI,CHN,0.0,577,CIC,RC,0,TIMI,FH,3.0,1680,-19.53,-11.06,"[{'Canonical-syllable': '0', 'Growl': '0', 'High-freq-energy': '0', 'Long-island': '0', 'Low-tilt-spectrum': '1', 'Medium-island': '0', 'Short-island': '1', 'Squeal': '0', 'Typical-entropy': '1', 'Voicing-quality': '1', 'Wide-band': '0', 'Xlong-island': '0', 'seq': '1', 'end': 16178.65, 'start': 16178.41}, {'Canonical-syllable': '1', 'Growl': '0', 'High-freq-energy': '0', 'Long-island': '0', 'Low-tilt-spectrum': '1', 'Medium-island': '1', 'Short-island': '0', 'Squeal': '0', 'Typical-entropy': '1', 'Voicing-quality': '1', 'Wide-band': '0', 'Xlong-island': '0', 'seq': '2', 'end': 16179.26, 'start': 16178.96}, {'Canonical-syllable': '0', 'Growl': '0', 'High-freq-energy': '0', 'Long-island': '0', 'Low-tilt-spectrum': '0', 'Medium-island': '2', 'Short-island': '0', 'Squeal': '0', 'Typical-entropy': '1', 'Voicing-quality': '2', 'Wide-band': '0', 'Xlong-island': '0', 'seq': '3', 'end': 16180.78, 'start': 16179.64}]",0,0,[],[]
16180780,16182180,NA,NOF,0.0,577,CIC,NA,NA,NA,NA,0.0,0,-39.15,-34.16,[],0,0,[],[]
16182180,16183280,MAL,MAN,6.22,577,CIC,EC,1,TIMR,FI,0.0,0,-33.07,-26.78,[],0,0,[],[]
16183280,16186440,NA,NOF,0.0,578,pause,NA,NA,NA,NA,0.0,0,-41.22,-36.62,[],0,0,[],[]
16186440,16187260,NA,OLF,0.0,578,pause,NA,NA,NA,NA,0.0,0,-41.13,-33.5,[],0,0,[],[]
16187260,16188820,NA,NOF,0.0,578,pause,NA,NA,NA,NA,0.0,0,-40.42,-24.88,[],0,0,[],[]
16188820,16189880,OCH,CXN,0.0,578,XM,EC,0,NT,FI,0.0,0,-33.94,-30.28,[],0,0,[],[]
16189880,16192050,NA,OLF,0.0,579,pause,NA,NA,NA,NA,0.0,0,-38.09,-30.72,[],0,0,[],[]
16192050,16193040,NA,NOF,0.0,579,pause,NA,NA,NA,NA,0.0,0,-41.96,-38.95,[],0,0,[],[]
16193040,16194420,NA,OLF,0.0,579,pause,NA,NA,NA,NA,0.0,0,-38.69,-27.63,[],0,0,[],[]
16194420,16214070,NA,NON,0.0,579,pause,NA,NA,NA,NA,0.0,0,-41.12,-27.17,[],0,0,[],[]
16214070,16215340,FEM,FAN,0.0,579,pause,NA,NA,NA,NA,0.0,0,-33.4,-26.69,[],1270,0,[],[]
16215340,16216180,NA,OLF,0.0,579,pause,NA,NA,NA,NA,0.0,0,-36.01,-28.58,[],0,0,[],[]
16216180,16217460,NA,FAF,0.0,579,pause,NA,NA,NA,NA,0.0,0,-36.52,-28.6,[],0,0,[],[]
16217460,16218400,NA,NOF,0.0,579,pause,NA,NA,NA,NA,0.0,0,-37.09,-29.76,[],0,0,[],[]
16218400,16219450,NA,FAF,0.0,579,pause,NA,NA,NA,NA,0.0,0,-38.55,-30.13,[],0,0,[],[]
16219450,16220700,NA,OLF,0.0,579,pause,NA,NA,NA,NA,0.0,0,-37.16,-29.96,[],0,0,[],[]
16220700,16222780,NA,NOF,0.0,579,pause,NA,NA,NA,NA,0.0,0,-38.08,-27.29,[],0,0,[],[]
16222780,16224200,NA,MAF,0.0,579,pause,NA,NA,NA,NA,0.0,0,-37.8,-33.39,[],0,0,[],[]
16224200,16225120,NA,NOF,0.0,579,pause,NA,NA,NA,NA,0.0,0,-41.65,-37.58,[],0,0,[],[]
16225120,16230820,NA,NON,0.0,579,pause,NA,NA,NA,NA,0.0,0,-41.58,-37.11,[],0,0,[],[]
16230820,16237870,NA,NON,0.0,579,pause,NA,NA,NA,NA,0.0,0,-42.82,-34.54,[],0,0,[],[]
16237870,16238490,CHI,CHN,0.0,579,CM,BC,0,NT,FI,1.0,620,-13.71,-4.33,"[{'Canonical-syllable': '0', 'Growl': '1', 'High-freq-energy': '0', 'Long-island': '0', 'Low-tilt-spectrum': '1', 'Medium-island': '1', 'Short-island': '0', 'Squeal': '0', 'Typical-entropy': '1', 'Voicing-quality': '1', 'Wide-band': '0', 'Xlong-island': '0', 'seq': '1', 'end': 16238.49, 'start': 16237.87}]",0,0,[],[]
16238490,16239290,NA,OLN,0.0,579,CM,NA,NA,NA,NA,0.0,0,-31.73,-19.13,[],0,0,[],[]
16239290,16240520,CHI,CHN,0.0,579,CM,EC,0,NT,FH,1.0,1000,-21.93,-11.13,"[{'Canonical-syllable': '1', 'Growl': '1', 'High-freq-energy': '0', 'Long-island': '0', 'Low-tilt-spectrum': '2', 'Medium-island': '1', 'Short-island': '2', 'Squeal': '0', 'Typical-entropy': '1', 'Voicing-quality': '4', 'Wide-band': '1', 'Xlong-island': '0', 'seq': '1', 'end': 16240.29, 'start': 16239.29}]",0,0,[],[]
16240520,16247570,NA,NON,0.0,580,pause,NA,NA,NA,NA,0.0,0,-42.64,-34.78,[],0,0,[],[]
16247570,16248770,MAL,MAN,10.63,580,AICM,BC,0,TIMI,FI,0.0,0,-34.58,-27.71,[],0,0,[],[]
16248770,16249680,CHI,CHN,0.0,580,AICM,EC,1,TIMR,FI,1.0,910,-24.28,-19.02,"[{'Canonical-syllable': '0', 'Growl': '0', 'High-freq-energy': '0', 'Long-island': '1', 'Low-tilt-spectrum': '1', 'Medium-island': '0', 'Short-island': '0', 'Squeal': '0', 'Typical-entropy': '1', 'Voicing-quality': '1', 'Wide-band': '0', 'Xlong-island': '0', 'seq': '1', 'end': 16249.68, 'start': 16248.98}]",0,0,[],[]
16249680,16250490,NA,OLF,0.0,581,pause,NA,NA,NA,NA,0.0,0,-37.8,-32.79,[],0,0,[],[]
16250490,16252580,NA,NOF,0.0,581,pause,NA,NA,NA,NA,0.0,0,-42.11,-34.57,[],0,0,[],[]
16252580,16253580,NA,MAF,0.0,581,pause,NA,NA,NA,NA,0.0,0,-39.2,-31.99,[],0,0,[],[]
16253580,16256720,NA,NOF,0.0,581,pause,NA,NA,NA,NA,0.0,0,-41.72,-34.18,[],0,0,[],[]
16256720,16257520,NA,OLN,0.0,581,pause,NA,NA,NA,NA,0.0,0,-27.88,-24.59,[],0,0,[],[]
16257520,16258600,OCH,CXN,0.0,581,XM,EC,0,NT,FI,0.0,0,-28.43,-26.78,[],0,0,[],[]
16258600,16260350,NA,OLN,0.0,582,pause,NA,NA,NA,NA,0.0,0,-27.68,-22.31,[],0,0,[],[]
16260350,16262360,NA,NOF,0.0,582,pause,NA,NA,NA,NA,0.0,0,-39.34,-28.32,[],0,0,[],[]
16262360,16263170,NA,OLN,0.0,582,pause,NA,NA,NA,NA,0.0,0,-26.54,-18.16,[],0,0,[],[]
16263170,16264060,NA,NOF,0.0,582,pause,NA,NA,NA,NA,0.0,0,-40.4,-34.96,[],0,0,[],[]
16264060,16265250,CHI,CHN,0.0,582,CM,EC,0,NT,FI,1.0,1190,-20.4,-15.1,"[{'Canonical-syllable': '0', 'Growl': '0', 'High-freq-energy': '0', 'Long-island': '0', 'Low-tilt-spectrum': '0', 'Medium-island': '1', 'Short-island': '2', 'Squeal': '0', 'Typical-entropy': '2', 'Voicing-quality': '3', 'Wide-band': '0', 'Xlong-island': '0', 'seq': '1', 'end': 16265.25, 'start': 16264.06}]",0,0,[],[]
16265250,16266090,NA,NOF,0.0,583,pause,NA,NA,NA,NA,0.0,0,-33.32,-23.3,[],0,0,[],[]
16266090,16266890,NA,MAF,0.0,583,pause,NA,NA,NA,NA,0.0,0,-32.05,-25.35,[],0,0,[],[]
16266890,16273590,NA,NOF,0.0,583,pause,NA,NA,NA,NA,0.0,0,-35.33,-25.48,[],0,0,[],[]
16273590,16275090,NA,TVF,0.0,583,pause,NA,NA,NA,NA,0.0,0,-30.77,-24.78,[],0,0,[],[]
16275090,16276090,MAL,MAN,8.77,583,AICM,BC,0,TIMI,FI,0.0,0,-31.29,-26.06,[],0,0,[],[]
16276090,16281070,NA,NOF,0.0,583,AICM,NA,NA,NA,NA,0.0,0,-32.26,-22.73,[],0,0,[],[]
16281070,16282070,CHI,CHN,0.0,583,AICM,RC,1,TIMR,FI,1.0,1000,-26.9,-19.69,"[{'Canonical-syllable': '0', 'Growl': '1', 'High-freq-energy': '0', 'Long-island': '0', 'Low-tilt-spectrum': '1', 'Medium-island': '0', 'Short-island': '0', 'Squeal': '0', 'Typical-entropy': '1', 'Voicing-quality': '1', 'Wide-band': '0', 'Xlong-island': '1', 'seq': '1', 'end': 16282.07, 'start': 16281.07}]",0,0,[],[]
16282070,16282670,CHI,CHN,0.0,583,AICM,RC,1,NT,FH,1.0,600,-24.14,-16.87,"[{'Canonical-syllable': '0', 'Growl': '2', 'High-freq-energy': '0', 'Long-island': '0', 'Low-tilt-spectrum': '2', 'Medium-island': '0', 'Short-island': '2', 'Squeal': '0', 'Typical-entropy': '2', 'Voicing-quality': '2', 'Wide-band': '0', 'Xlong-island': '0', 'seq': '1', 'end': 16282.67, 'start': 16282.15}]",0,0,[],[]
16282670,16284130,NA,NOF,0.0,583,AICM,NA,NA,NA,NA,0.0,0,-34.67,-23.18,[],0,0,[],[]
16284130,16284740,CHI,CHN,0.0,583,AICM,RC,1,NT,FH,1.0,380,-23.69,-14.73,"[{'Canonical-syllable': '0', 'Growl': '1', 'High-freq-energy': '0', 'Long-island': '0', 'Low-tilt-spectrum': '0', 'Medium-island': '0', 'Short-island': '1', 'Squeal': '0', 'Typical-entropy': '1', 'Voicing-quality': '1', 'Wide-band': '0', 'Xlong-island': '0', 'seq': '1', 'end': 16284.51, 'start': 16284.28}]",0,0,[],[]
16284740,16285540,NA,OLN,0.0,583,AICM,NA,NA,NA,NA,0.0,0,-29.6,-21.4,[],0,0,[],[]
16285540,16287900,CHI,CHN,0.0,583,AICM,RC,1,NT,FH,2.0,2040,-17.92,-9.67,"[{'Canonical-syllable': '1', 'Growl': '0', 'High-freq-energy': '0', 'Long-island': '0', 'Low-tilt-spectrum': '0', 'Medium-island': '1', 'Short-island': '0', 'Squeal': '0', 'Typical-entropy': '1', 'Voicing-quality': '1', 'Wide-band': '0', 'Xlong-island': '0', 'seq': '1', 'end': 16285.83, 'start': 16285.54}, {'Canonical-syllable': '0', 'Growl': '1', 'High-freq-energy': '0', 'Long-island': '0', 'Low-tilt-spectrum': '1', 'Medium-island': '2', 'Short-island': '3', 'Squeal': '0', 'Typical-entropy': '4', 'Voicing-quality': '5', 'Wide-band': '0', 'Xlong-island': '0', 'seq': '2', 'end': 16287.9, 'start': 16286.15}]",0,0,[],[]
16287900,16288700,NA,OLF,0.0,583,AICM,NA,NA,NA,NA,0.0,0,-35.71,-30.41,[],0,0,[],[]
16288700,16289970,NA,NOF,0.0,583,AICM,NA,NA,NA,NA,0.0,0,-30.25,-16.71,[],0,0,[],[]
16289970,16290860,NA,OLN,0.0,583,AICM,NA,NA,NA,NA,0.0,0,-31.13,-23.87,[],0,0,[],[]
16290860,16291890,CHI,CHN,0.0,583,AICM,RC,1,NT,FH,1.0,1030,-26.54,-22.88,"[{'Canonical-syllable': '0', 'Growl': '0', 'High-freq-energy': '0', 'Long-island': '0', 'Low-tilt-spectrum': '1', 'Medium-island': '0', 'Short-island': '0', 'Squeal': '0', 'Typical-entropy': '0', 'Voicing-quality': '1', 'Wide-band': '0', 'Xlong-island': '1', 'seq': '1', 'end': 16291.89, 'start': 16290.86}]",0,0,[],[]
16291890,16293240,CHI,CHN,0.0,583,AICM,RC,1,NT,FH,1.0,1350,-27.98,-22.19,"[{'Canonical-syllable': '0', 'Growl': '0', 'High-freq-energy': '0', 'Long-island': '0', 'Low-tilt-spectrum': '2', 'Medium-island': '2', 'Short-island': '0', 'Squeal': '0', 'Typical-entropy': '2', 'Voicing-quality': '2', 'Wide-band': '0', 'Xlong-island': '0', 'seq': '1', 'end': 16293.24, 'start': 16291.89}]",0,0,[],[]
16293240,16294050,NA,OLN,0.0,583,AICM,NA,NA,NA,NA,0.0,0,-31.53,-27.38,[],0,0,[],[]
16294050,16294650,CHI,CHN,0.0,583,AICM,RC,1,NT,FH,1.0,600,-29.48,-23.68,"[{'Canonical-syllable': '0', 'Growl': '0', 'High-freq-energy': '0', 'Long-island': '0', 'Low-tilt-spectrum': '1', 'Medium-island': '1', 'Short-island': '0', 'Squeal': '0', 'Typical-entropy': '1', 'Voicing-quality': '1', 'Wide-band': '0', 'Xlong-island': '0', 'seq': '1', 'end': 16294.65, 'start': 16294.05}]",0,0,[],[]
16294650,16295600,NA,OLN,0.0,583,AICM,NA,NA,NA,NA,0.0,0,-33.08,-29.15,[],0,0,[],[]
16295600,16296300,CHI,CHN,0.0,583,AICM,RC,1,NT,FH,1.0,700,-30.3,-26.04,"[{'Canonical-syllable': '0', 'Growl': '1', 'High-freq-energy': '0', 'Long-island': '1', 'Low-tilt-spectrum': '1', 'Medium-island': '0', 'Short-island': '0', 'Squeal': '0', 'Typical-entropy': '1', 'Voicing-quality': '1', 'Wide-band': '0', 'Xlong-island': '0', 'seq': '1', 'end': 16296.3, 'start': 16295.6}]",0,0,[],[]
16296300,16297470,CHI,CHN,0.0,583,AICM,EC,1,NT,FH,1.0,1170,-28.53,-22.58,"[{'Canonical-syllable': '0', 'Growl': '1', 'High-freq-energy': '0', 'Long-island': '0', 'Low-tilt-spectrum': '1', 'Medium-island': '0', 'Short-island': '0', 'Squeal': '0', 'Typical-entropy': '1', 'Voicing-quality': '1', 'Wide-band': '0', 'Xlong-island': '1', 'seq': '1', 'end': 16297.47, 'start': 16296.3}]",0,0,[],[]
16297470,16301870,NA,NOF,0.0,584,pause,NA,NA,NA,NA,0.0,0,-29.61,-21.31,[],0,0,[],[]
16301870,16302670,NA,OLF,0.0,584,pause,NA,NA,NA,NA,0.0,0,-27.01,-22.5,[],0,0,[],[]
16302670,16304140,NA,NOF,0.0,584,pause,NA,NA,NA,NA,0.0,0,-28.53,-22.18,[],0,0,[],[]
16304140,16304740,OCH,CXN,0.0,584,XIOCC,BC,0,NT,FI,0.0,0,-22.03,-13.44,[],0,0,[],[]
16304740,16305790,NA,NOF,0.0,584,XIOCC,NA,NA,NA,NA,0.0,0,-26.58,-18.06,[],0,0,[],[]
16305790,16306620,CHI,CHN,0.0,584,XIOCC,EC,0,NT,FI,1.0,830,-18.43,-11.9,"[{'Canonical-syllable': '0', 'Growl': '0', 'High-freq-energy': '0', 'Long-island': '1', 'Low-tilt-spectrum': '0', 'Medium-island': '0', 'Short-island': '0', 'Squeal': '0', 'Typical-entropy': '1', 'Voicing-quality': '1', 'Wide-band': '0', 'Xlong-island': '0', 'seq': '1', 'end': 16306.62, 'start': 16305.79}]",0,0,[],[]
16306620,16308200,NA,OLF,0.0,585,pause,NA,NA,NA,NA,0.0,0,-24.44,-16.42,[],0,0,[],[]
16308200,16314040,NA,NOF,0.0,585,pause,NA,NA,NA,NA,0.0,0,-31.61,-14.65,[],0,0,[],[]
16314040,16314840,OCH,CXN,0.0,585,XIC,BC,0,NT,FI,0.0,0,-27.17,-20.26,[],0,0,[],[]
16314840,16317060,NA,NOF,0.0,585,XIC,NA,NA,NA,NA,0.0,0,-35.76,-25.4,[],0,0,[],[]
16317060,16318070,CHI,CHN,0.0,585,XIC,RC,0,NT,FI,1.0,1010,-32.65,-26.25,"[{'Canonical-syllable': '0', 'Growl': '0', 'High-freq-energy': '0', 'Long-island': '0', 'Low-tilt-spectrum': '1', 'Medium-island': '0', 'Short-island': '0', 'Squeal': '0', 'Typical-entropy': '0', 'Voicing-quality': '1', 'Wide-band': '0', 'Xlong-island': '1', 'seq': '1', 'end': 16318.07, 'start': 16317.06}]",0,0,[],[]
16318070,16319430,CHI,CHN,0.0,585,XIC,RC,0,NT,FH,2.0,1040,-23.96,-17.54,"[{'Canonical-syllable': '0', 'Growl': '0', 'High-freq-energy': '0', 'Long-island': '0', 'Low-tilt-spectrum': '0', 'Medium-island': '1', 'Short-island': '0', 'Squeal': '0', 'Typical-entropy': '0', 'Voicing-quality': '1', 'Wide-band': '0', 'Xlong-island': '0', 'seq': '1', 'end': 16318.35, 'start': 16318.07}, {'Canonical-syllable': '0', 'Growl': '0', 'High-freq-energy': '0', 'Long-island': '0', 'Low-tilt-spectrum': '0', 'Medium-island': '1', 'Short-island': '0', 'Squeal': '0', 'Typical-entropy': '0', 'Voicing-quality': '2', 'Wide-band': '0', 'Xlong-island': '0', 'seq': '2', 'end': 16319.43, 'start': 16318.67}]",0,0,[],[]
16319430,16321420,NA,NOF,0.0,585,XIC,NA,NA,NA,NA,0.0,0,-39.14,-27.62,[],0,0,[],[]
16321420,16322510,CHI,CHN,0.0,585,XIC,RC,0,NT,FH,1.0,1090,-27.52,-22.42,"[{'Canonical-syllable': '0', 'Growl': '1', 'High-freq-energy': '1', 'Long-island': '0', 'Low-tilt-spectrum': '0', 'Medium-island': '0', 'Short-island': '0', 'Squeal': '0', 'Typical-entropy': '1', 'Voicing-quality': '1', 'Wide-band': '0', 'Xlong-island': '1', 'seq': '1', 'end': 16322.51, 'start': 16321.42}]",0,0,[],[]
16322510,16323390,NA,OLF,0.0,585,XIC,NA,NA,NA,NA,0.0,0,-36.22,-26.6,[],0,0,[],[]
16323390,16324270,CHI,CHN,0.0,585,XIC,RC,0,NT,FH,1.0,880,-17.56,-9.84,"[{'Canonical-syllable': '1', 'Growl': '0', 'High-freq-energy': '0', 'Long-island': '0', 'Low-tilt-spectrum': '1', 'Medium-island': '1', 'Short-island': '1', 'Squeal': '0', 'Typical-entropy': '2', 'Voicing-quality': '2', 'Wide-band': '0', 'Xlong-island': '0', 'seq': '1', 'end': 16324.27, 'start': 16323.39}]",0,0,[],[]
16324270,16327910,NA,NOF,0.0,585,XIC,NA,NA,NA,NA,0.0,0,-39.41,-28.91,[],0,0,[],[]
16327910,16328740,OCH,CXN,0.0,585,XIC,RC,0,NT,FI,0.0,0,-34.08,-27.43,[],0,0,[],[]
16328740,16330000,CHI,CHN,0.0,585,XIC,RC,0,NT,FI,1.0,1260,-27.56,-22.72,"[{'Canonical-syllable': '0', 'Growl': '0', 'High-freq-energy': '0', 'Long-island': '0', 'Low-tilt-spectrum': '0', 'Medium-island': '0', 'Short-island': '0', 'Squeal': '0', 'Typical-entropy': '1', 'Voicing-quality': '1', 'Wide-band': '0', 'Xlong-island': '1', 'seq': '1', 'end': 16330.0, 'start': 16328.74}]",0,0,[],[]
16330000,16331370,NA,OLN,0.0,585,XIC,NA,NA,NA,NA,0.0,0,-26.85,-17.18,[],0,0,[],[]
16331370,16332170,NA,NOF,0.0,585,XIC,NA,NA,NA,NA,0.0,0,-33.13,-21.05,[],0,0,[],[]
16332170,16333170,CHI,CHN,0.0,585,XIC,RC,0,NT,FH,1.0,1000,-29.75,-21.99,"[{'Canonical-syllable': '0', 'Growl': '2', 'High-freq-energy': '0', 'Long-island': '0', 'Low-tilt-spectrum': '2', 'Medium-island': '2', 'Short-island': '0', 'Squeal': '0', 'Typical-entropy': '2', 'Voicing-quality': '2', 'Wide-band': '1', 'Xlong-island': '0', 'seq': '1', 'end': 16333.17, 'start': 16332.17}]",0,0,[],[]
16333170,16333770,CHI,CHN,0.0,585,XIC,NA,NA,NA,NA,0.0,0,-15.35,-5.85,[],0,420,"[{'start': 16333.35, 'end': 16333.77}]",[]
16333770,16334570,NA,NON,0.0,585,XIC,NA,NA,NA,NA,0.0,0,-33.69,-24.12,[],0,0,[],[]
16334570,16336920,CHI,CHN,0.0,585,XIC,RC,0,TIFI,FH,2.0,1610,-19.9,-8.09,"[{'Canonical-syllable': '1', 'Growl': '0', 'High-freq-energy': '0', 'Long-island': '0', 'Low-tilt-spectrum': '1', 'Medium-island': '1', 'Short-island': '0', 'Squeal': '0', 'Typical-entropy': '1', 'Voicing-quality': '1', 'Wide-band': '0', 'Xlong-island': '0', 'seq': '1', 'end': 16334.99, 'start': 16334.57}, {'Canonical-syllable': '1', 'Growl': '2', 'High-freq-energy': '0', 'Long-island': '0', 'Low-tilt-spectrum': '1', 'Medium-island': '1', 'Short-island': '2', 'Squeal': '0', 'Typical-entropy': '1', 'Voicing-quality': '3', 'Wide-band': '0', 'Xlong-island': '0', 'seq': '2', 'end': 16336.92, 'start': 16335.73}]",0,0,[],[]
16336920,16337720,NA,OLF,0.0,585,XIC,NA,NA,NA,NA,0.0,0,-36.58,-31.51,[],0,0,[],[]
16337720,16338520,NA,NOF,0.0,585,XIC,NA,NA,NA,NA,0.0,0,-33.61,-19.14,[],0,0,[],[]
16338520,16339120,FEM,FAN,0.32,585,XIC,RC,1,TIFR,FI,0.0,0,-36.32,-31.43,[],0,0,[],[]
16339120,16340120,MAL,MAN,4.85,585,XIC,RC,1,NT,FI,0.0,0,-33.77,-25.57,[],0,0,[],[]
16340120,16341070,NA,NOF,0.0,585,XIC,NA,NA,NA,NA,0.0,0,-39.17,-27.39,[],0,0,[],[]
16341070,16341670,CHI,CHN,0.0,585,XIC,RC,1,TIME,FI,1.0,600,-28.96,-22.23,"[{'Canonical-syllable': '1', 'Growl': '0', 'High-freq-energy': '0', 'Long-island': '0', 'Low-tilt-spectrum': '0', 'Medium-island': '1', 'Short-island': '0', 'Squeal': '0', 'Typical-entropy': '1', 'Voicing-quality': '1', 'Wide-band': '0', 'Xlong-island': '0', 'seq': '1', 'end': 16341.67, 'start': 16341.07}]",0,0,[],[]
16341670,16343870,NA,NOF,0.0,585,XIC,NA,NA,NA,NA,0.0,0,-39.11,-32.49,[],0,0,[],[]
16343870,16345530,CHI,CHN,0.0,585,XIC,RC,1,NT,FH,2.0,1320,-25.57,-17.88,"[{'Canonical-syllable': '0', 'Growl': '0', 'High-freq-energy': '0', 'Long-island': '0', 'Low-tilt-spectrum': '1', 'Medium-island': '1', 'Short-island': '1', 'Squeal': '0', 'Typical-entropy': '2', 'Voicing-quality': '2', 'Wide-band': '1', 'Xlong-island': '0', 'seq': '1', 'end': 16344.52, 'start': 16343.87}, {'Canonical-syllable': '1', 'Growl': '2', 'High-freq-energy': '0', 'Long-island': '0', 'Low-tilt-spectrum': '1', 'Medium-island': '0', 'Short-island': '2', 'Squeal': '0', 'Typical-entropy': '3', 'Voicing-quality': '3', 'Wide-band': '0', 'Xlong-island': '0', 'seq': '2', 'end': 16345.53, 'start': 16344.86}]",0,0,[],[]
16345530,16346330,OCH,CXN,0.0,585,XIC,EC,1,NT,FI,0.0,0,-23.39,-14.65,[],0,0,[],[]
16346330,16376360,NA,NOF,0.0,586,pause,NA,NA,NA,NA,0.0,0,-33.73,-20.21,[],0,0,[],[]
16376360,16377140,CHI,CHN,0.0,586,CIC,BC,0,NT,FI,1.0,780,-27.16,-19.81,"[{'Canonical-syllable': '0', 'Growl': '0', 'High-freq-energy': '0', 'Long-island': '0', 'Low-tilt-spectrum': '0', 'Medium-island': '1', 'Short-island': '0', 'Squeal': '0', 'Typical-entropy': '0', 'Voicing-quality': '2', 'Wide-band': '0', 'Xlong-island': '0', 'seq': '1', 'end': 16377.14, 'start': 16376.36}]",0,0,[],[]
16377140,16378110,CHI,CHN,0.0,586,CIC,RC,0,NT,FH,1.0,970,-30.98,-23.55,"[{'Canonical-syllable': '0', 'Growl': '1', 'High-freq-energy': '0', 'Long-island': '0', 'Low-tilt-spectrum': '0', 'Medium-island': '0', 'Short-island': '0', 'Squeal': '0', 'Typical-entropy': '1', 'Voicing-quality': '1', 'Wide-band': '0', 'Xlong-island': '1', 'seq': '1', 'end': 16378.11, 'start': 16377.14}]",0,0,[],[]
16378110,16378760,CHI,CHN,0.0,586,CIC,RC,0,NT,FH,1.0,650,-27.89,-23.41,"[{'Canonical-syllable': '0', 'Growl': '0', 'High-freq-energy': '0', 'Long-island': '1', 'Low-tilt-spectrum': '0', 'Medium-island': '0', 'Short-island': '0', 'Squeal': '0', 'Typical-entropy': '0', 'Voicing-quality': '1', 'Wide-band': '0', 'Xlong-island': '0', 'seq': '1', 'end': 16378.76, 'start': 16378.11}]",0,0,[],[]
16378760,16382460,NA,NOF,0.0,586,CIC,NA,NA,NA,NA,0.0,0,-40.21,-32.23,[],0,0,[],[]
16382460,16383700,CHI,CHN,0.0,586,CIC,RC,0,NT,FH,1.0,1240,-22.22,-13.42,"[{'Canonical-syllable': '0', 'Growl': '2', 'High-freq-energy': '0', 'Long-island': '0', 'Low-tilt-spectrum': '1', 'Medium-island': '1', 'Short-island': '2', 'Squeal': '0', 'Typical-entropy': '1', 'Voicing-quality': '3', 'Wide-band': '0', 'Xlong-island': '0', 'seq': '1', 'end': 16383.7, 'start': 16382.46}]",0,0,[],[]
16383700,16386750,NA,NOF,0.0,586,CIC,NA,NA,NA,NA,0.0,0,-33.94,-27.79,[],0,0,[],[]
16386750,16387550,NA,OLF,0.0,586,CIC,NA,NA,NA,NA,0.0,0,-37.92,-30.92,[],0,0,[],[]
16387550,16388150,CHI,CHN,0.0,586,CIC,RC,0,TIFI,FH,1.0,600,-29.91,-24.69,"[{'Canonical-syllable': '0', 'Growl': '1', 'High-freq-energy': '0', 'Long-island': '0', 'Low-tilt-spectrum': '0', 'Medium-island': '1', 'Short-island': '0', 'Squeal': '0', 'Typical-entropy': '1', 'Voicing-quality': '1', 'Wide-band': '0', 'Xlong-island': '0', 'seq': '1', 'end': 16388.15, 'start': 16387.55}]",0,0,[],[]
16388150,16388950,NA,CHF,0.0,586,CIC,NA,NA,NA,NA,0.0,0,-32.7,-29.09,[],0,800,[],"[{'start': 16388.15, 'end': 16388.95}]"
16388950,16389980,FEM,FAN,3.3,586,CIC,EC,1,TIFR,FI,0.0,0,-28.39,-22.51,[],0,0,[],[]
16389980,16390990,NA,FAF,0.0,587,pause,NA,NA,NA,NA,0.0,0,-25.84,-19.99,[],0,0,[],[]
16390990,16414160,NA,NOF,0.0,587,pause,NA,NA,NA,NA,0.0,0,-28.67,-3.25,[],0,0,[],[]
16414160,16415310,NA,OLF,0.0,587,pause,NA,NA,NA,NA,0.0,0,-32.5,-28.03,[],0,0,[],[]
16415310,16416320,NA,MAF,0.0,587,pause,NA,NA,NA,NA,0.0,0,-31.62,-28.11,[],0,0,[],[]
16416320,16417250,NA,NOF,0.0,587,pause,NA,NA,NA,NA,0.0,0,-33.07,-28.14,[],0,0,[],[]
16417250,16418870,NA,OLN,0.0,587,pause,NA,NA,NA,NA,0.0,0,-31.22,-25.72,[],0,0,[],[]
16418870,16419890,NA,MAF,0.0,587,pause,NA,NA,NA,NA,0.0,0,-31.92,-26.59,[],0,0,[],[]
16419890,16420710,NA,OLN,0.0,587,pause,NA,NA,NA,NA,0.0,0,-30.15,-25.19,[],0,0,[],[]
16420710,16421710,NA,MAF,0.0,587,pause,NA,NA,NA,NA,0.0,0,-30.73,-23.71,[],0,0,[],[]
16421710,16422600,NA,OLF,0.0,587,pause,NA,NA,NA,NA,0.0,0,-31.17,-24.64,[],0,0,[],[]
16422600,16423600,NA,MAF,0.0,587,pause,NA,NA,NA,NA,0.0,0,-32.42,-29.45,[],0,0,[],[]
16423600,16426280,NA,NOF,0.0,587,pause,NA,NA,NA,NA,0.0,0,-34.63,-23.68,[],0,0,[],[]
16426280,16427930,CHI,CHN,0.0,587,CIC,BC,0,TIFI,FI,2.0,1100,-21.04,-11.66,"[{'Canonical-syllable': '0', 'Growl': '2', 'High-freq-energy': '0', 'Long-island': '0', 'Low-tilt-spectrum': '1', 'Medium-island': '0', 'Short-island': '2', 'Squeal': '0', 'Typical-entropy': '2', 'Voicing-quality': '2', 'Wide-band': '1', 'Xlong-island': '0', 'seq': '1', 'end': 16426.84, 'start': 16426.28}, {'Canonical-syllable': '1', 'Growl': '0', 'High-freq-energy': '0', 'Long-island': '0', 'Low-tilt-spectrum': '0', 'Medium-island': '1', 'Short-island': '0', 'Squeal': '0', 'Typical-entropy': '1', 'Voicing-quality': '1', 'Wide-band': '0', 'Xlong-island': '0', 'seq': '2', 'end': 16427.93, 'start': 16427.39}]",0,0,[],[]
16427930,16428730,NA,NOF,0.0,587,CIC,NA,NA,NA,NA,0.0,0,-37.03,-28.32,[],0,0,[],[]
16428730,16429740,FEM,FAN,4.13,587,CIC,RC,1,TIFR,FI,0.0,0,-33.83,-26.55,[],0,0,[],[]
16429740,16431530,NA,NOF,0.0,587,CIC,NA,NA,NA,NA,0.0,0,-39.72,-30.72,[],0,0,[],[]
16431530,16433660,CHI,CHN,0.0,587,CIC,EC,1,TIFE,FI,1.0,1950,-19.87,-11.12,"[{'Canonical-syllable': '2', 'Growl': '0', 'High-freq-energy': '0', 'Long-island': '0', 'Low-tilt-spectrum': '1', 'Medium-island': '1', 'Short-island': '4', 'Squeal': '0', 'Typical-entropy': '3', 'Voicing-quality': '5', 'Wide-band': '0', 'Xlong-island': '0', 'seq': '1', 'end': 16433.48, 'start': 16431.53}]",0,0,[],[]
16433660,16436320,NA,NOF,0.0,588,pause,NA,NA,NA,NA,0.0,0,-39.99,-19.4,[],0,0,[],[]
16436320,16437800,CHI,CHN,0.0,588,pause,NA,NA,NA,NA,0.0,0,-13.98,-2.43,[],0,730,"[{'start': 16436.32, 'end': 16436.56}, {'start': 16437.12, 'end': 16437.61}]",[]
16437800,16439410,NA,NOF,0.0,588,pause,NA,NA,NA,NA,0.0,0,-40.98,-37.36,[],0,0,[],[]
16439410,16441240,CHI,CHN,0.0,588,CIC,BC,0,NT,FI,1.0,1830,-23.83,-14.31,"[{'Canonical-syllable': '2', 'Growl': '2', 'High-freq-energy': '0', 'Long-island': '0', 'Low-tilt-spectrum': '3', 'Medium-island': '1', 'Short-island': '3', 'Squeal': '0', 'Typical-entropy': '3', 'Voicing-quality': '5', 'Wide-band': '0', 'Xlong-island': '0', 'seq': '1', 'end': 16441.24, 'start': 16439.41}]",0,0,[],[]
16441240,16442120,NA,FAF,0.0,588,CIC,NA,NA,NA,NA,0.0,0,-41.12,-36.31,[],0,0,[],[]
16442120,16443950,CHI,CHN,0.0,588,CIC,RC,0,NT,FH,1.0,1400,-25.07,-13.88,"[{'Canonical-syllable': '2', 'Growl': '1', 'High-freq-energy': '0', 'Long-island': '0', 'Low-tilt-spectrum': '0', 'Medium-island': '0', 'Short-island': '3', 'Squeal': '0', 'Typical-entropy': '3', 'Voicing-quality': '4', 'Wide-band': '0', 'Xlong-island': '0', 'seq': '1', 'end': 16443.84, 'start': 16442.44}]",0,0,[],[]
16443950,16444750,NA,FAF,0.0,588,CIC,NA,NA,NA,NA,0.0,0,-41.48,-33.43,[],0,0,[],[]
16444750,16446410,CHI,CHN,0.0,588,CIC,RC,0,NT,FH,3.0,1010,-31.1,-19.13,"[{'Canonical-syllable': '0', 'Growl': '1', 'High-freq-energy': '0', 'Long-island': '0', 'Low-tilt-spectrum': '0', 'Medium-island': '0', 'Short-island': '1', 'Squeal': '0', 'Typical-entropy': '1', 'Voicing-quality': '1', 'Wide-band': '0', 'Xlong-island': '0', 'seq': '1', 'end': 16445.13, 'start': 16445.0}, {'Canonical-syllable': '0', 'Growl': '1', 'High-freq-energy': '0', 'Long-island': '0', 'Low-tilt-spectrum': '0', 'Medium-island': '0', 'Short-island': '1', 'Squeal': '0', 'Typical-entropy': '0', 'Voicing-quality': '1', 'Wide-band': '0', 'Xlong-island': '0', 'seq': '2', 'end': 16445.64, 'start': 16445.44}, {'Canonical-syllable': '0', 'Growl': '1', 'High-freq-energy': '0', 'Long-island': '0', 'Low-tilt-spectrum': '0', 'Medium-island': '0', 'Short-island': '2', 'Squeal': '0', 'Typical-entropy': '1', 'Voicing-quality': '2', 'Wide-band': '1', 'Xlong-island': '0', 'seq': '3', 'end': 16446.41, 'start': 16445.98}]",0,0,[],[]
16446410,16447300,NA,NOF,0.0,588,CIC,NA,NA,NA,NA,0.0,0,-41.93,-35.84,[],0,0,[],[]
16447300,16449080,CHI,CHN,0.0,588,CIC,RC,0,NT,FH,1.0,1780,-24.86,-16.86,"[{'Canonical-syllable': '1', 'Growl': '2', 'High-freq-energy': '0', 'Long-island': '0', 'Low-tilt-spectrum': '0', 'Medium-island': '2', 'Short-island': '2', 'Squeal': '0', 'Typical-entropy': '1', 'Voicing-quality': '4', 'Wide-band': '1', 'Xlong-island': '0', 'seq': '1', 'end': 16449.08, 'start': 16447.3}]",0,0,[],[]
16449080,16450380,NA,NOF,0.0,588,CIC,NA,NA,NA,NA,0.0,0,-43.53,-37.15,[],0,0,[],[]
16450380,16452620,CHI,CHN,0.0,588,CIC,RC,0,NT,FH,1.0,2120,-18.84,-10.37,"[{'Canonical-syllable': '0', 'Growl': '2', 'High-freq-energy': '1', 'Long-island': '0', 'Low-tilt-spectrum': '2', 'Medium-island': '2', 'Short-island': '3', 'Squeal': '0', 'Typical-entropy': '2', 'Voicing-quality': '5', 'Wide-band': '0', 'Xlong-island': '0', 'seq': '1', 'end': 16452.5, 'start': 16450.38}]",0,0,[],[]
16452620,16453420,NA,NOF,0.0,588,CIC,NA,NA,NA,NA,0.0,0,-44.68,-40.59,[],0,0,[],[]
16453420,16456700,CHI,CHN,0.0,588,CIC,RC,0,NT,FH,2.0,2550,-17.6,-6.18,"[{'Canonical-syllable': '1', 'Growl': '1', 'High-freq-energy': '0', 'Long-island': '0', 'Low-tilt-spectrum': '2', 'Medium-island': '0', 'Short-island': '2', 'Squeal': '0', 'Typical-entropy': '1', 'Voicing-quality': '2', 'Wide-band': '0', 'Xlong-island': '0', 'seq': '1', 'end': 16454.01, 'start': 16453.42}, {'Canonical-syllable': '0', 'Growl': '1', 'High-freq-energy': '1', 'Long-island': '0', 'Low-tilt-spectrum': '5', 'Medium-island': '2', 'Short-island': '3', 'Squeal': '0', 'Typical-entropy': '5', 'Voicing-quality': '5', 'Wide-band': '0', 'Xlong-island': '0', 'seq': '2', 'end': 16456.56, 'start': 16454.6}]",0,0,[],[]
16456700,16457540,NA,NOF,0.0,588,CIC,NA,NA,NA,NA,0.0,0,-41.47,-30.32,[],0,0,[],[]
16457540,16459470,CHI,CHN,0.0,588,CIC,RC,0,NT,FH,1.0,1840,-19.02,-9.92,"[{'Canonical-syllable': '0', 'Growl': '1', 'High-freq-energy': '0', 'Long-island': '0', 'Low-tilt-spectrum': '3', 'Medium-island': '0', 'Short-island': '4', 'Squeal': '0', 'Typical-entropy': '4', 'Voicing-quality': '5', 'Wide-band': '0', 'Xlong-island': '0', 'seq': '1', 'end': 16459.38, 'start': 16457.54}]",0,0,[],[]
16459470,16463600,NA,NOF,0.0,588,CIC,NA,NA,NA,NA,0.0,0,-40.36,-28.98,[],0,0,[],[]
16463600,16465690,CHI,CHN,0.0,588,CIC,RC,0,NT,FH,1.0,2009,-18.98,-10.74,"[{'Canonical-syllable': '4', 'Growl': '0', 'High-freq-energy': '0', 'Long-island': '0', 'Low-tilt-spectrum': '3', 'Medium-island': '2', 'Short-island': '3', 'Squeal': '0', 'Typical-entropy': '3', 'Voicing-quality': '5', 'Wide-band': '0', 'Xlong-island': '0', 'seq': '1', 'end': 16465.61, 'start': 16463.6}]",0,0,[],[]
16465690,16467670,NA,NOF,0.0,588,CIC,NA,NA,NA,NA,0.0,0,-40.5,-27.68,[],0,0,[],[]
16467670,16470070,CHI,CHN,0.0,588,CIC,RC,0,NT,FH,2.0,2090,-27.57,-17.32,"[{'Canonical-syllable': '0', 'Growl': '2', 'High-freq-energy': '0', 'Long-island': '0', 'Low-tilt-spectrum': '1', 'Medium-island': '2', 'Short-island': '1', 'Squeal': '0', 'Typical-entropy': '2', 'Voicing-quality': '3', 'Wide-band': '0', 'Xlong-island': '0', 'seq': '1', 'end': 16469.05, 'start': 16467.67}, {'Canonical-syllable': '1', 'Growl': '0', 'High-freq-energy': '0', 'Long-island': '0', 'Low-tilt-spectrum': '0', 'Medium-island': '1', 'Short-island': '1', 'Squeal': '0', 'Typical-entropy': '0', 'Voicing-quality': '2', 'Wide-band': '0', 'Xlong-island': '0', 'seq': '2', 'end': 16470.07, 'start': 16469.36}]",0,0,[],[]
16470070,16470910,NA,NOF,0.0,588,CIC,NA,NA,NA,NA,0.0,0,-42.77,-34.7,[],0,0,[],[]
16470910,16472870,CHI,CHN,0.0,588,CIC,RC,0,NT,FH,1.0,1960,-25.88,-16.63,"[{'Canonical-syllable': '1', 'Growl': '2', 'High-freq-energy': '0', 'Long-island': '0', 'Low-tilt-spectrum': '0', 'Medium-island': '0', 'Short-island': '5', 'Squeal': '0', 'Typical-entropy': '3', 'Voicing-quality': '5', 'Wide-band': '0', 'Xlong-island': '0', 'seq': '1', 'end': 16472.87, 'start': 16470.91}]",0,0,[],[]
16472870,16474540,NA,NOF,0.0,588,CIC,NA,NA,NA,NA,0.0,0,-44.05,-38.23,[],0,0,[],[]
16474540,16477270,CHI,CHN,0.0,588,CIC,RC,0,NT,FH,2.0,2150,-16.61,-4.18,"[{'Canonical-syllable': '0', 'Growl': '0', 'High-freq-energy': '0', 'Long-island': '0', 'Low-tilt-spectrum': '0', 'Medium-island': '0', 'Short-island': '1', 'Squeal': '0', 'Typical-entropy': '1', 'Voicing-quality': '1', 'Wide-band': '0', 'Xlong-island': '0', 'seq': '1', 'end': 16474.8, 'start': 16474.54}, {'Canonical-syllable': '2', 'Growl': '0', 'High-freq-energy': '1', 'Long-island': '0', 'Low-tilt-spectrum': '2', 'Medium-island': '3', 'Short-island': '1', 'Squeal': '0', 'Typical-entropy': '4', 'Voicing-quality': '4', 'Wide-band': '0', 'Xlong-island': '0', 'seq': '2', 'end': 16477.02, 'start': 16475.13}]",0,0,[],[]
16477270,16478560,NA,NOF,0.0,588,CIC,NA,NA,NA,NA,0.0,0,-42.73,-37.26,[],0,0,[],[]
16478560,16483120,CHI,CHN,0.0,588,CIC,RC,0,NT,FH,4.0,2840,-21.97,-10.8,"[{'Canonical-syllable': '0', 'Growl': '2', 'High-freq-energy': '0', 'Long-island': '0', 'Low-tilt-spectrum': '0', 'Medium-island': '0', 'Short-island': '1', 'Squeal': '0', 'Typical-entropy': '0', 'Voicing-quality': '2', 'Wide-band': '0', 'Xlong-island': '0', 'seq': '1', 'end': 16478.97, 'start': 16478.56}, {'Canonical-syllable': '0', 'Growl': '3', 'High-freq-energy': '0', 'Long-island': '0', 'Low-tilt-spectrum': '0', 'Medium-island': '0', 'Short-island': '3', 'Squeal': '0', 'Typical-entropy': '0', 'Voicing-quality': '3', 'Wide-band': '0', 'Xlong-island': '0', 'seq': '2', 'end': 16480.29, 'start': 16479.29}, {'Canonical-syllable': '1', 'Growl': '0', 'High-freq-energy': '0', 'Long-island': '0', 'Low-tilt-spectrum': '0', 'Medium-island': '1', 'Short-island': '2', 'Squeal': '0', 'Typical-entropy': '1', 'Voicing-quality': '3', 'Wide-band': '0', 'Xlong-island': '0', 'seq': '3', 'end': 16482.08, 'start': 16480.83}, {'Canonical-syllable': '1', 'Growl': '0', 'High-freq-energy': '0', 'Long-island': '0', 'Low-tilt-spectrum': '0', 'Medium-island': '0', 'Short-island': '1', 'Squeal': '0', 'Typical-entropy': '0', 'Voicing-quality': '1', 'Wide-band': '0', 'Xlong-island': '0', 'seq': '4', 'end': 16483.12, 'start': 16482.94}]",0,0,[],[]
16483120,16484020,NA,NOF,0.0,588,CIC,NA,NA,NA,NA,0.0,0,-39.42,-27.34,[],0,0,[],[]
16484020,16484930,CHI,CHN,0.0,588,CIC,RC,0,NT,FH,1.0,910,-17.96,-10.92,"[{'Canonical-syllable': '0', 'Growl': '0', 'High-freq-energy': '0', 'Long-island': '0', 'Low-tilt-spectrum': '2', 'Medium-island': '1', 'Short-island': '1', 'Squeal': '0', 'Typical-entropy': '2', 'Voicing-quality': '2', 'Wide-band': '0', 'Xlong-island': '0', 'seq': '1', 'end': 16484.93, 'start': 16484.11}]",0,0,[],[]
16484930,16485750,NA,NOF,0.0,588,CIC,NA,NA,NA,NA,0.0,0,-42.75,-35.22,[],0,0,[],[]
16485750,16487780,CHI,CHN,0.0,588,CIC,RC,0,NT,FH,2.0,1330,-16.84,-3.2,"[{'Canonical-syllable': '0', 'Growl': '0', 'High-freq-energy': '0', 'Long-island': '1', 'Low-tilt-spectrum': '1', 'Medium-island': '0', 'Short-island': '0', 'Squeal': '0', 'Typical-entropy': '0', 'Voicing-quality': '1', 'Wide-band': '0', 'Xlong-island': '0', 'seq': '1', 'end': 16486.46, 'start': 16485.75}, {'Canonical-syllable': '0', 'Growl': '0', 'High-freq-energy': '0', 'Long-island': '0', 'Low-tilt-spectrum': '1', 'Medium-island': '1', 'Short-island': '0', 'Squeal': '0', 'Typical-entropy': '0', 'Voicing-quality': '1', 'Wide-band': '0', 'Xlong-island': '0', 'seq': '2', 'end': 16487.78, 'start': 16487.16}]",0,0,[],[]
16487780,16488590,NA,NOF,0.0,588,CIC,NA,NA,NA,NA,0.0,0,-39.97,-32.2,[],0,0,[],[]
16488590,16490490,CHI,CHN,0.0,588,CIC,RC,0,NT,FH,2.0,1270,-19.38,-6.28,"[{'Canonical-syllable': '0', 'Growl': '0', 'High-freq-energy': '0', 'Long-island': '0', 'Low-tilt-spectrum': '1', 'Medium-island': '1', 'Short-island': '0', 'Squeal': '0', 'Typical-entropy': '2', 'Voicing-quality': '2', 'Wide-band': '0', 'Xlong-island': '0', 'seq': '1', 'end': 16489.22, 'start': 16488.59}, {'Canonical-syllable': '0', 'Growl': '0', 'High-freq-energy': '0', 'Long-island': '0', 'Low-tilt-spectrum': '0', 'Medium-island': '1', 'Short-island': '0', 'Squeal': '1', 'Typical-entropy': '1', 'Voicing-quality': '1', 'Wide-band': '0', 'Xlong-island': '0', 'seq': '2', 'end': 16490.49, 'start': 16489.85}]",0,0,[],[]
16490490,16491290,NA,CHF,0.0,588,CIC,NA,NA,NA,NA,0.0,0,-40.13,-27.65,[],0,800,[],"[{'start': 16490.49, 'end': 16491.29}]"
16491290,16492440,CHI,CHN,0.0,588,CIC,RC,0,NT,FH,1.0,1150,-17.66,-10.42,"[{'Canonical-syllable': '0', 'Growl': '0', 'High-freq-energy': '0', 'Long-island': '0', 'Low-tilt-spectrum': '2', 'Medium-island': '1', 'Short-island': '1', 'Squeal': '1', 'Typical-entropy': '2', 'Voicing-quality': '2', 'Wide-band': '0', 'Xlong-island': '0', 'seq': '1', 'end': 16492.44, 'start': 16491.29}]",0,0,[],[]
16492440,16493240,NA,CHF,0.0,588,CIC,NA,NA,NA,NA,0.0,0,-42.11,-34.8,[],0,800,[],"[{'start': 16492.44, 'end': 16493.24}]"
16493240,16494530,CHI,CHN,0.0,588,CIC,RC,0,NT,FH,2.0,880,-19.9,-13.78,"[{'Canonical-syllable': '0', 'Growl': '0', 'High-freq-energy': '0', 'Long-island': '0', 'Low-tilt-spectrum': '0', 'Medium-island': '0', 'Short-island': '1', 'Squeal': '0', 'Typical-entropy': '0', 'Voicing-quality': '1', 'Wide-band': '0', 'Xlong-island': '0', 'seq': '1', 'end': 16493.41, 'start': 16493.24}, {'Canonical-syllable': '0', 'Growl': '0', 'High-freq-energy': '0', 'Long-island': '1', 'Low-tilt-spectrum': '1', 'Medium-island': '0', 'Short-island': '0', 'Squeal': '0', 'Typical-entropy': '1', 'Voicing-quality': '1', 'Wide-band': '0', 'Xlong-island': '0', 'seq': '2', 'end': 16494.53, 'start': 16493.82}]",0,0,[],[]
16494530,16495710,NA,NOF,0.0,588,CIC,NA,NA,NA,NA,0.0,0,-42.22,-34.21,[],0,0,[],[]
16495710,16497580,CHI,CHN,0.0,588,CIC,RC,0,NT,FH,1.0,1870,-19.97,-11.64,"[{'Canonical-syllable': '4', 'Growl': '1', 'High-freq-energy': '0', 'Long-island': '0', 'Low-tilt-spectrum': '0', 'Medium-island': '1', 'Short-island': '4', 'Squeal': '0', 'Typical-entropy': '0', 'Voicing-quality': '5', 'Wide-band': '1', 'Xlong-island': '0', 'seq': '1', 'end': 16497.58, 'start': 16495.71}]",0,0,[],[]
16497580,16499130,NA,NOF,0.0,588,CIC,NA,NA,NA,NA,0.0,0,-44.04,-37.37,[],0,0,[],[]
16499130,16499730,CHI,CHN,0.0,588,CIC,RC,0,NT,FH,1.0,600,-32.67,-27.18,"[{'Canonical-syllable': '0', 'Growl': '0', 'High-freq-energy': '0', 'Long-island': '0', 'Low-tilt-spectrum': '1', 'Medium-island': '1', 'Short-island': '0', 'Squeal': '0', 'Typical-entropy': '1', 'Voicing-quality': '1', 'Wide-band': '1', 'Xlong-island': '0', 'seq': '1', 'end': 16499.73, 'start': 16499.13}]",0,0,[],[]
16499730,16500620,NA,NOF,0.0,588,CIC,NA,NA,NA,NA,0.0,0,-40.02,-29.68,[],0,0,[],[]
16500620,16501650,CHI,CHN,0.0,588,CIC,RC,0,NT,FH,1.0,1030,-19.17,-9.51,"[{'Canonical-syllable': '0', 'Growl': '2', 'High-freq-energy': '0', 'Long-island': '0', 'Low-tilt-spectrum': '0', 'Medium-island': '1', 'Short-island': '1', 'Squeal': '0', 'Typical-entropy': '0', 'Voicing-quality': '2', 'Wide-band': '1', 'Xlong-island': '0', 'seq': '1', 'end': 16501.65, 'start': 16500.62}]",0,0,[],[]
16501650,16502780,CHI,CHN,0.0,588,CIC,RC,0,NT,FH,2.0,700,-19.34,-7.11,"[{'Canonical-syllable': '2', 'Growl': '0', 'High-freq-energy': '0', 'Long-island': '0', 'Low-tilt-spectrum': '0', 'Medium-island': '0', 'Short-island': '2', 'Squeal': '0', 'Typical-entropy': '1', 'Voicing-quality': '2', 'Wide-band': '0', 'Xlong-island': '0', 'seq': '1', 'end': 16502.15, 'start': 16501.65}, {'Canonical-syllable': '1', 'Growl': '0', 'High-freq-energy': '0', 'Long-island': '0', 'Low-tilt-spectrum': '0', 'Medium-island': '0', 'Short-island': '1', 'Squeal': '0', 'Typical-entropy': '0', 'Voicing-quality': '1', 'Wide-band': '0', 'Xlong-island': '0', 'seq': '2', 'end': 16502.78, 'start': 16502.58}]",0,0,[],[]
16502780,16503580,NA,FAF,0.0,588,CIC,NA,NA,NA,NA,0.0,0,-38.95,-28.41,[],0,0,[],[]
16503580,16504990,CHI,CHN,0.0,588,CIC,RC,0,NT,FH,1.0,1410,-16.95,-7.32,"[{'Canonical-syllable': '1', 'Growl': '0', 'High-freq-energy': '0', 'Long-island': '0', 'Low-tilt-spectrum': '0', 'Medium-island': '3', 'Short-island': '0', 'Squeal': '0', 'Typical-entropy': '0', 'Voicing-quality': '3', 'Wide-band': '0', 'Xlong-island': '0', 'seq': '1', 'end': 16504.99, 'start': 16503.58}]",0,0,[],[]
16504990,16506040,OCH,CXN,0.0,588,CIC,RC,0,NT,FI,0.0,0,-20.56,-14.8,[],0,0,[],[]
16506040,16507250,MAL,MAN,5.23,588,CIC,RC,0,TIMI,FI,0.0,0,-35.78,-27.51,[],0,0,[],[]
16507250,16508170,CHI,CHN,0.0,588,CIC,RC,1,TIMR,FI,1.0,340,-20.4,-11.29,"[{'Canonical-syllable': '0', 'Growl': '0', 'High-freq-energy': '0', 'Long-island': '0', 'Low-tilt-spectrum': '0', 'Medium-island': '1', 'Short-island': '0', 'Squeal': '0', 'Typical-entropy': '0', 'Voicing-quality': '1', 'Wide-band': '0', 'Xlong-island': '0', 'seq': '1', 'end': 16508.17, 'start': 16507.83}]",0,0,[],[]
16508170,16509400,MAL,MAN,0.0,588,CIC,NA,NA,NA,NA,0.0,0,-35.48,-27.11,[],1230,0,[],[]
16509400,16510480,CHI,CHN,0.0,588,CIC,RC,1,NT,FH,1.0,1080,-19.87,-8.78,"[{'Canonical-syllable': '1', 'Growl': '0', 'High-freq-energy': '0', 'Long-island': '0', 'Low-tilt-spectrum': '0', 'Medium-island': '2', 'Short-island': '0', 'Squeal': '0', 'Typical-entropy': '0', 'Voicing-quality': '2', 'Wide-band': '0', 'Xlong-island': '0', 'seq': '1', 'end': 16510.48, 'start': 16509.58}]",0,0,[],[]
16510480,16512080,NA,OLF,0.0,588,CIC,NA,NA,NA,NA,0.0,0,-29.15,-11.96,[],0,0,[],[]
16512080,16514630,CHI,CHN,0.0,588,CIC,RC,1,NT,FH,2.0,2080,-17.78,-9.08,"[{'Canonical-syllable': '0', 'Growl': '1', 'High-freq-energy': '0', 'Long-island': '0', 'Low-tilt-spectrum': '0', 'Medium-island': '2', 'Short-island': '3', 'Squeal': '0', 'Typical-entropy': '1', 'Voicing-quality': '5', 'Wide-band': '0', 'Xlong-island': '0', 'seq': '1', 'end': 16513.9, 'start': 16512.08}, {'Canonical-syllable': '0', 'Growl': '0', 'High-freq-energy': '0', 'Long-island': '0', 'Low-tilt-spectrum': '1', 'Medium-island': '0', 'Short-island': '1', 'Squeal': '1', 'Typical-entropy': '1', 'Voicing-quality': '1', 'Wide-band': '0', 'Xlong-island': '0', 'seq': '2', 'end': 16514.63, 'start': 16514.37}]",0,0,[],[]
16514630,16515500,NA,OLF,0.0,588,CIC,NA,NA,NA,NA,0.0,0,-34.1,-19.51,[],0,0,[],[]
16515500,16516390,NA,OLN,0.0,588,CIC,NA,NA,NA,NA,0.0,0,-18.13,-5.59,[],0,0,[],[]
16516390,16517670,CHI,CHN,0.0,588,CIC,RC,1,NT,FH,1.0,1130,-16.3,-5.37,"[{'Canonical-syllable': '1', 'Growl': '0', 'High-freq-energy': '0', 'Long-island': '0', 'Low-tilt-spectrum': '1', 'Medium-island': '1', 'Short-island': '3', 'Squeal': '1', 'Typical-entropy': '2', 'Voicing-quality': '4', 'Wide-band': '1', 'Xlong-island': '0', 'seq': '1', 'end': 16517.52, 'start': 16516.39}]",0,0,[],[]
16517670,16518560,NA,NOF,0.0,588,CIC,NA,NA,NA,NA,0.0,0,-40.78,-36.64,[],0,0,[],[]
16518560,16520490,CHI,CHN,0.0,588,CIC,NA,NA,NA,NA,0.0,0,-16.69,-7.09,[],0,1280,"[{'start': 16519.21, 'end': 16520.49}]",[]
16520490,16521840,NA,NOF,0.0,588,CIC,NA,NA,NA,NA,0.0,0,-42.53,-37.79,[],0,0,[],[]
16521840,16522440,CHI,CHN,0.0,588,CIC,RC,1,NT,FH,1.0,600,-25.17,-17.35,"[{'Canonical-syllable': '1', 'Growl': '0', 'High-freq-energy': '0', 'Long-island': '0', 'Low-tilt-spectrum': '0', 'Medium-island': '1', 'Short-island': '0', 'Squeal': '0', 'Typical-entropy': '1', 'Voicing-quality': '1', 'Wide-band': '0', 'Xlong-island': '0', 'seq': '1', 'end': 16522.44, 'start': 16522.0}]",0,0,[],[]
16522440,16524920,MAL,MAN,8.03,588,CIC,RC,1,TIMI,FI,0.0,0,-37.36,-31.2,[],0,0,[],[]
16524920,16526860,NA,NOF,0.0,588,CIC,NA,NA,NA,NA,0.0,0,-42.73,-36.9,[],0,0,[],[]
16526860,16527470,CHI,CHN,0.0,588,CIC,NA,NA,NA,NA,0.0,0,-19.58,-11.0,[],0,330,"[{'start': 16527.14, 'end': 16527.47}]",[]
16527470,16528270,NA,NOF,0.0,588,CIC,NA,NA,NA,NA,0.0,0,-36.98,-26.0,[],0,0,[],[]
16528270,16529860,CHI,CHN,0.0,588,CIC,RC,2,TIMR,FI,2.0,1130,-14.38,-2.91,"[{'Canonical-syllable': '1', 'Growl': '0', 'High-freq-energy': '0', 'Long-island': '0', 'Low-tilt-spectrum': '2', 'Medium-island': '0', 'Short-island': '2', 'Squeal': '0', 'Typical-entropy': '2', 'Voicing-quality': '2', 'Wide-band': '0', 'Xlong-island': '0', 'seq': '1', 'end': 16528.91, 'start': 16528.27}, {'Canonical-syllable': '0', 'Growl': '0', 'High-freq-energy': '0', 'Long-island': '0', 'Low-tilt-spectrum': '2', 'Medium-island': '0', 'Short-island': '2', 'Squeal': '1', 'Typical-entropy': '2', 'Voicing-quality': '2', 'Wide-band': '0', 'Xlong-island': '0', 'seq': '2', 'end': 16529.71, 'start': 16529.22}]",0,0,[],[]
16529860,16530760,NA,NOF,0.0,588,CIC,NA,NA,NA,NA,0.0,0,-42.72,-35.31,[],0,0,[],[]
16530760,16531780,MAL,MAN,5.31,588,CIC,EC,2,TIME,FI,0.0,0,-34.68,-27.81,[],0,0,[],[]
16531780,16533320,NA,SIL,0.0,589,pause,NA,NA,NA,NA,0.0,0,-43.93,-36.54,[],0,0,[],[]
16533320,16534800,NA,NOF,0.0,589,pause,NA,NA,NA,NA,0.0,0,-42.92,-37.82,[],0,0,[],[]
16534800,16535680,NA,SIL,0.0,589,pause,NA,NA,NA,NA,0.0,0,-42.03,-37.94,[],0,0,[],[]
16535680,16537910,NA,NOF,0.0,589,pause,NA,NA,NA,NA,0.0,0,-42.48,-36.49,[],0,0,[],[]
16537910,16540000,CHI,CHN,0.0,589,CIOCX,BC,0,NT,FI,2.0,1520,-24.76,-18.59,"[{'Canonical-syllable': '0', 'Growl': '0', 'High-freq-energy': '0', 'Long-island': '1', 'Low-tilt-spectrum': '0', 'Medium-island': '0', 'Short-island': '0', 'Squeal': '0', 'Typical-entropy': '0', 'Voicing-quality': '1', 'Wide-band': '0', 'Xlong-island': '0', 'seq': '1', 'end': 16538.7, 'start': 16537.91}, {'Canonical-syllable': '0', 'Growl': '1', 'High-freq-energy': '0', 'Long-island': '0', 'Low-tilt-spectrum': '0', 'Medium-island': '1', 'Short-island': '1', 'Squeal': '0', 'Typical-entropy': '0', 'Voicing-quality': '2', 'Wide-band': '0', 'Xlong-island': '0', 'seq': '2', 'end': 16540.0, 'start': 16539.27}]",0,0,[],[]
16540000,16540880,OCH,CXN,0.0,589,CIOCX,RC,0,NT,FI,0.0,0,-28.6,-20.69,[],0,0,[],[]
16540880,16543790,CHI,CHN,0.0,589,CIOCX,NA,NA,NA,NA,0.0,0,-19.04,-4.93,[],0,1960,"[{'start': 16541.01, 'end': 16542.62}, {'start': 16543.07, 'end': 16543.42}]",[]
16543790,16545350,NA,NOF,0.0,589,CIOCX,NA,NA,NA,NA,0.0,0,-33.32,-24.26,[],0,0,[],[]
16545350,16546720,CHI,CHN,0.0,589,CIOCX,EC,0,NT,FI,1.0,820,-20.87,-11.6,"[{'Canonical-syllable': '0', 'Growl': '0', 'High-freq-energy': '0', 'Long-island': '1', 'Low-tilt-spectrum': '0', 'Medium-island': '0', 'Short-island': '0', 'Squeal': '0', 'Typical-entropy': '0', 'Voicing-quality': '1', 'Wide-band': '0', 'Xlong-island': '0', 'seq': '1', 'end': 16546.17, 'start': 16545.45}]",0,0,[],[]
16546720,16548090,CHI,CHN,0.0,590,pause,NA,NA,NA,NA,0.0,0,-20.09,-13.71,[],0,720,"[{'start': 16546.91, 'end': 16547.63}]",[]
16548090,16550420,NA,MAF,0.0,590,pause,NA,NA,NA,NA,0.0,0,-41.51,-34.88,[],0,0,[],[]
16550420,16557300,NA,NOF,0.0,590,pause,NA,NA,NA,NA,0.0,0,-41.64,-34.43,[],0,0,[],[]
16557300,16558300,MAL,MAN,2.19,590,AMM,EC,0,NT,FI,0.0,0,-35.48,-26.59,[],0,0,[],[]
16558300,16560250,NA,SIL,0.0,591,pause,NA,NA,NA,NA,0.0,0,-41.77,-31.41,[],0,0,[],[]
16560250,16561750,NA,NOF,0.0,591,pause,NA,NA,NA,NA,0.0,0,-41.7,-37.02,[],0,0,[],[]
16561750,16563220,NA,SIL,0.0,591,pause,NA,NA,NA,NA,0.0,0,-42.33,-37.98,[],0,0,[],[]
16563220,16564640,NA,MAF,0.0,591,pause,NA,NA,NA,NA,0.0,0,-40.41,-34.93,[],0,0,[],[]
16564640,16565440,NA,SIL,0.0,591,pause,NA,NA,NA,NA,0.0,0,-44.65,-40.71,[],0,0,[],[]
16565440,16572150,NA,NOF,0.0,591,pause,NA,NA,NA,NA,0.0,0,-37.49,-23.71,[],0,0,[],[]
16572150,16573000,CHI,CHN,0.0,591,CIOCX,BC,0,NT,FI,1.0,850,-18.73,-14.46,"[{'Canonical-syllable': '1', 'Growl': '0', 'High-freq-energy': '0', 'Long-island': '0', 'Low-tilt-spectrum': '1', 'Medium-island': '2', 'Short-island': '0', 'Squeal': '0', 'Typical-entropy': '1', 'Voicing-quality': '2', 'Wide-band': '0', 'Xlong-island': '0', 'seq': '1', 'end': 16573.0, 'start': 16572.24}]",0,0,[],[]
16573000,16574960,CHI,CHN,0.0,591,CIOCX,RC,0,NT,FH,1.0,1960,-18.54,-12.12,"[{'Canonical-syllable': '0', 'Growl': '0', 'High-freq-energy': '0', 'Long-island': '0', 'Low-tilt-spectrum': '0', 'Medium-island': '1', 'Short-island': '1', 'Squeal': '0', 'Typical-entropy': '1', 'Voicing-quality': '3', 'Wide-band': '0', 'Xlong-island': '1', 'seq': '1', 'end': 16574.96, 'start': 16573.0}]",0,0,[],[]
16574960,16575750,CHI,CHN,0.0,591,CIOCX,RC,0,NT,FH,1.0,790,-18.25,-9.42,"[{'Canonical-syllable': '0', 'Growl': '1', 'High-freq-energy': '0', 'Long-island': '0', 'Low-tilt-spectrum': '0', 'Medium-island': '1', 'Short-island': '1', 'Squeal': '0', 'Typical-entropy': '2', 'Voicing-quality': '2', 'Wide-band': '0', 'Xlong-island': '0', 'seq': '1', 'end': 16575.75, 'start': 16574.96}]",0,0,[],[]
16575750,16576750,NA,MAF,0.0,591,CIOCX,NA,NA,NA,NA,0.0,0,-21.69,-15.19,[],0,0,[],[]
16576750,16577350,CHI,CHN,0.0,591,CIOCX,RC,0,NT,FH,1.0,600,-15.8,-10.27,"[{'Canonical-syllable': '0', 'Growl': '1', 'High-freq-energy': '0', 'Long-island': '0', 'Low-tilt-spectrum': '0', 'Medium-island': '1', 'Short-island': '0', 'Squeal': '0', 'Typical-entropy': '1', 'Voicing-quality': '1', 'Wide-band': '0', 'Xlong-island': '0', 'seq': '1', 'end': 16577.35, 'start': 16576.75}]",0,0,[],[]
16577350,16578150,NA,NOF,0.0,591,CIOCX,NA,NA,NA,NA,0.0,0,-23.77,-16.61,[],0,0,[],[]
16578150,16579490,OCH,CXN,0.0,591,CIOCX,RC,0,NT,FI,0.0,0,-22.86,-14.77,[],0,0,[],[]
16579490,16580690,NA,NOF,0.0,591,CIOCX,NA,NA,NA,NA,0.0,0,-37.57,-25.41,[],0,0,[],[]
16580690,16583330,CHI,CHN,0.0,591,CIOCX,EC,0,NT,FI,2.0,2120,-18.17,-9.55,"[{'Canonical-syllable': '0', 'Growl': '0', 'High-freq-energy': '0', 'Long-island': '0', 'Low-tilt-spectrum': '0', 'Medium-island': '1', 'Short-island': '0', 'Squeal': '0', 'Typical-entropy': '1', 'Voicing-quality': '1', 'Wide-band': '0', 'Xlong-island': '0', 'seq': '1', 'end': 16581.18, 'start': 16580.69}, {'Canonical-syllable': '1', 'Growl': '0', 'High-freq-energy': '1', 'Long-island': '0', 'Low-tilt-spectrum': '2', 'Medium-island': '3', 'Short-island': '0', 'Squeal': '0', 'Typical-entropy': '3', 'Voicing-quality': '3', 'Wide-band': '0', 'Xlong-island': '0', 'seq': '2', 'end': 16583.33, 'start': 16581.7}]",0,0,[],[]
16583330,16584450,NA,FAF,0.0,592,pause,NA,NA,NA,NA,0.0,0,-28.8,-18.65,[],0,0,[],[]
16584450,16585720,CHI,CHN,0.0,592,pause,NA,NA,NA,NA,0.0,0,-17.85,-11.93,[],0,930,"[{'start': 16584.45, 'end': 16585.38}]",[]
16585720,16586610,NA,NOF,0.0,592,pause,NA,NA,NA,NA,0.0,0,-35.04,-29.24,[],0,0,[],[]
16586610,16587650,NA,MAF,0.0,592,pause,NA,NA,NA,NA,0.0,0,-36.57,-30.53,[],0,0,[],[]
16587650,16588470,NA,OLF,0.0,592,pause,NA,NA,NA,NA,0.0,0,-34.58,-24.31,[],0,0,[],[]
16588470,16589240,OCH,CXN,0.0,592,XIOCC,BC,0,NT,FI,0.0,0,-28.97,-22.31,[],0,0,[],[]
16589240,16590130,NA,NOF,0.0,592,XIOCC,NA,NA,NA,NA,0.0,0,-38.08,-33.47,[],0,0,[],[]
16590130,16591210,CHI,CHN,0.0,592,XIOCC,EC,0,NT,FI,1.0,1080,-28.76,-21.2,"[{'Canonical-syllable': '0', 'Growl': '1', 'High-freq-energy': '0', 'Long-island': '0', 'Low-tilt-spectrum': '0', 'Medium-island': '0', 'Short-island': '0', 'Squeal': '0', 'Typical-entropy': '1', 'Voicing-quality': '1', 'Wide-band': '0', 'Xlong-island': '1', 'seq': '1', 'end': 16591.21, 'start': 16590.13}]",0,0,[],[]
16591210,16611330,NA,NOF,0.0,593,pause,NA,NA,NA,NA,0.0,0,-35.78,-8.99,[],0,0,[],[]
16611330,16613220,NA,OLN,0.0,593,pause,NA,NA,NA,NA,0.0,0,-31.82,-24.17,[],0,0,[],[]
16613220,16614020,NA,NON,0.0,593,pause,NA,NA,NA,NA,0.0,0,-21.31,-7.85,[],0,0,[],[]
16614020,16615610,CHI,CHN,0.0,593,CM,EC,0,NT,FI,1.0,1590,-28.63,-18.59,"[{'Canonical-syllable': '0', 'Growl': '1', 'High-freq-energy': '0', 'Long-island': '0', 'Low-tilt-spectrum': '2', 'Medium-island': '3', 'Short-island': '0', 'Squeal': '0', 'Typical-entropy': '3', 'Voicing-quality': '3', 'Wide-band': '0', 'Xlong-island': '0', 'seq': '1', 'end': 16615.61, 'start': 16614.02}]",0,0,[],[]
16615610,16616810,NA,NOF,0.0,594,pause,NA,NA,NA,NA,0.0,0,-36.54,-29.31,[],0,0,[],[]
16616810,16617750,NA,OLF,0.0,594,pause,NA,NA,NA,NA,0.0,0,-36.51,-31.42,[],0,0,[],[]
16617750,16618910,NA,MAF,0.0,594,pause,NA,NA,NA,NA,0.0,0,-38.72,-32.95,[],0,0,[],[]
16618910,16620670,NA,NOF,0.0,594,pause,NA,NA,NA,NA,0.0,0,-36.31,-20.93,[],0,0,[],[]
16620670,16621480,CHI,CHN,0.0,594,CIC,BC,0,NT,FI,1.0,810,-28.33,-19.64,"[{'Canonical-syllable': '0', 'Growl': '1', 'High-freq-energy': '0', 'Long-island': '1', 'Low-tilt-spectrum': '0', 'Medium-island': '0', 'Short-island': '0', 'Squeal': '0', 'Typical-entropy': '1', 'Voicing-quality': '1', 'Wide-band': '0', 'Xlong-island': '0', 'seq': '1', 'end': 16621.48, 'start': 16620.67}]",0,0,[],[]
16621480,16622150,CHI,CHN,0.0,594,CIC,RC,0,TIFI,FH,1.0,670,-25.88,-18.71,"[{'Canonical-syllable': '0', 'Growl': '2', 'High-freq-energy': '0', 'Long-island': '0', 'Low-tilt-spectrum': '0', 'Medium-island': '1', 'Short-island': '1', 'Squeal': '0', 'Typical-entropy': '1', 'Voicing-quality': '2', 'Wide-band': '0', 'Xlong-island': '0', 'seq': '1', 'end': 16622.15, 'start': 16621.48}]",0,0,[],[]
16622150,16623150,FEM,FAN,4.29,594,CIC,RC,1,TIFR,FI,0.0,0,-32.46,-21.94,[],0,0,[],[]
16623150,16624500,OCH,CXN,0.0,594,CIC,RC,1,NT,FI,0.0,0,-28.48,-16.79,[],0,0,[],[]
16624500,16625300,NA,NOF,0.0,594,CIC,NA,NA,NA,NA,0.0,0,-32.55,-21.92,[],0,0,[],[]
16625300,16627080,FEM,FAN,4.96,594,CIC,RC,1,TIFI,FI,0.0,0,-28.91,-19.17,[],0,0,[],[]
16627080,16628890,NA,NOF,0.0,594,CIC,NA,NA,NA,NA,0.0,0,-31.74,-18.67,[],0,0,[],[]
16628890,16629730,CHI,CHN,0.0,594,CIC,RC,2,TIFR,FI,1.0,840,-25.72,-18.71,"[{'Canonical-syllable': '1', 'Growl': '1', 'High-freq-energy': '0', 'Long-island': '0', 'Low-tilt-spectrum': '1', 'Medium-island': '0', 'Short-island': '3', 'Squeal': '0', 'Typical-entropy': '1', 'Voicing-quality': '3', 'Wide-band': '1', 'Xlong-island': '0', 'seq': '1', 'end': 16629.73, 'start': 16628.89}]",0,0,[],[]
16629730,16631300,NA,NOF,0.0,594,CIC,NA,NA,NA,NA,0.0,0,-29.83,-15.71,[],0,0,[],[]
16631300,16632300,NA,FAF,0.0,594,CIC,NA,NA,NA,NA,0.0,0,-30.54,-17.77,[],0,0,[],[]
16632300,16633210,NA,NOF,0.0,594,CIC,NA,NA,NA,NA,0.0,0,-36.63,-27.9,[],0,0,[],[]
16633210,16633810,CHI,CHN,0.0,594,CIC,RC,2,NT,FH,1.0,430,-26.25,-16.5,"[{'Canonical-syllable': '1', 'Growl': '0', 'High-freq-energy': '0', 'Long-island': '0', 'Low-tilt-spectrum': '0', 'Medium-island': '1', 'Short-island': '0', 'Squeal': '0', 'Typical-entropy': '1', 'Voicing-quality': '1', 'Wide-band': '0', 'Xlong-island': '0', 'seq': '1', 'end': 16633.64, 'start': 16633.37}]",0,0,[],[]
16633810,16634610,NA,OLF,0.0,594,CIC,NA,NA,NA,NA,0.0,0,-30.59,-20.99,[],0,0,[],[]
16634610,16635210,CHI,CHN,0.0,594,CIC,EC,2,NT,FH,1.0,600,-21.15,-15.58,"[{'Canonical-syllable': '0', 'Growl': '1', 'High-freq-energy': '0', 'Long-island': '0', 'Low-tilt-spectrum': '0', 'Medium-island': '1', 'Short-island': '0', 'Squeal': '0', 'Typical-entropy': '1', 'Voicing-quality': '1', 'Wide-band': '0', 'Xlong-island': '0', 'seq': '1', 'end': 16635.21, 'start': 16634.69}]",0,0,[],[]
16635210,16637330,NA,MAF,0.0,595,pause,NA,NA,NA,NA,0.0,0,-24.62,-14.78,[],0,0,[],[]
16637330,16638320,NA,OLF,0.0,595,pause,NA,NA,NA,NA,0.0,0,-33.05,-24.94,[],0,0,[],[]
16638320,16643870,NA,NON,0.0,595,pause,NA,NA,NA,NA,0.0,0,-21.22,-10.2,[],0,0,[],[]
16643870,16648110,NA,OLN,0.0,595,pause,NA,NA,NA,NA,0.0,0,-19.9,-10.59,[],0,0,[],[]
16648110,16649420,NA,NOF,0.0,595,pause,NA,NA,NA,NA,0.0,0,-27.73,-14.18,[],0,0,[],[]
16649420,16651070,CHI,CHN,0.0,595,CM,BC,0,NT,FI,1.0,1650,-17.27,-11.62,"[{'Canonical-syllable': '0', 'Growl': '0', 'High-freq-energy': '0', 'Long-island': '0', 'Low-tilt-spectrum': '1', 'Medium-island': '3', 'Short-island': '1', 'Squeal': '0', 'Typical-entropy': '3', 'Voicing-quality': '4', 'Wide-band': '0', 'Xlong-island': '0', 'seq': '1', 'end': 16651.07, 'start': 16649.42}]",0,0,[],[]
16651070,16652610,NA,OLF,0.0,595,CM,NA,NA,NA,NA,0.0,0,-30.95,-15.39,[],0,0,[],[]
16652610,16653590,CHI,CHN,0.0,595,CM,RC,0,NT,FH,1.0,980,-18.87,-12.72,"[{'Canonical-syllable': '0', 'Growl': '1', 'High-freq-energy': '0', 'Long-island': '0', 'Low-tilt-spectrum': '2', 'Medium-island': '2', 'Short-island': '0', 'Squeal': '0', 'Typical-entropy': '2', 'Voicing-quality': '2', 'Wide-band': '0', 'Xlong-island': '0', 'seq': '1', 'end': 16653.59, 'start': 16652.61}]",0,0,[],[]
16653590,16654690,NA,OLN,0.0,595,CM,NA,NA,NA,NA,0.0,0,-25.72,-11.39,[],0,0,[],[]
16654690,16655660,CHI,CHN,0.0,595,CM,EC,0,NT,FH,1.0,970,-25.94,-19.56,"[{'Canonical-syllable': '0', 'Growl': '0', 'High-freq-energy': '0', 'Long-island': '0', 'Low-tilt-spectrum': '1', 'Medium-island': '0', 'Short-island': '0', 'Squeal': '0', 'Typical-entropy': '1', 'Voicing-quality': '1', 'Wide-band': '0', 'Xlong-island': '1', 'seq': '1', 'end': 16655.66, 'start': 16654.69}]",0,0,[],[]
16655660,16664380,NA,NOF,0.0,596,pause,NA,NA,NA,NA,0.0,0,-33.51,-16.22,[],0,0,[],[]
16664380,16665200,NA,FAF,0.0,596,pause,NA,NA,NA,NA,0.0,0,-38.93,-26.84,[],0,0,[],[]
16665200,16676420,NA,NOF,0.0,596,pause,NA,NA,NA,NA,0.0,0,-40.64,-32.27,[],0,0,[],[]
16676420,16677230,NA,OLF,0.0,596,pause,NA,NA,NA,NA,0.0,0,-41.48,-36.66,[],0,0,[],[]
16677230,16678040,OCH,CXN,0.0,596,XIOCA,BC,0,NT,FI,0.0,0,-36.54,-30.76,[],0,0,[],[]
16678040,16679030,NA,NOF,0.0,596,XIOCA,NA,NA,NA,NA,0.0,0,-40.27,-34.14,[],0,0,[],[]
16679030,16680030,FEM,FAN,1.95,596,XIOCA,EC,0,NT,FI,0.0,0,-37.95,-32.62,[],0,0,[],[]
16680030,16684420,NA,NOF,0.0,597,pause,NA,NA,NA,NA,0.0,0,-41.58,-30.89,[],0,0,[],[]
16684420,16685270,NA,OLN,0.0,597,pause,NA,NA,NA,NA,0.0,0,-40.42,-35.76,[],0,0,[],[]
16685270,16690060,NA,NOF,0.0,597,pause,NA,NA,NA,NA,0.0,0,-42.52,-33.84,[],0,0,[],[]
16690060,16690860,NA,OLF,0.0,597,pause,NA,NA,NA,NA,0.0,0,-42.94,-38.1,[],0,0,[],[]
16690860,16696430,NA,NOF,0.0,597,pause,NA,NA,NA,NA,0.0,0,-43.61,-28.93,[],0,0,[],[]
16696430,16697480,NA,SIL,0.0,597,pause,NA,NA,NA,NA,0.0,0,-45.62,-36.79,[],0,0,[],[]
16697480,16698470,NA,OLF,0.0,597,pause,NA,NA,NA,NA,0.0,0,-44.76,-39.92,[],0,0,[],[]
16698470,16701810,MAL,MAN,12.44,597,AMM,EC,0,NT,FI,0.0,0,-38.08,-32.29,[],0,0,[],[]
16701810,16703650,NA,NOF,0.0,598,pause,NA,NA,NA,NA,0.0,0,-43.64,-32.6,[],0,0,[],[]
16703650,16704450,NA,OLF,0.0,598,pause,NA,NA,NA,NA,0.0,0,-39.28,-34.17,[],0,0,[],[]
16704450,16712900,NA,NOF,0.0,598,pause,NA,NA,NA,NA,0.0,0,-42.81,-29.77,[],0,0,[],[]
16712900,16713970,OCH,CXN,0.0,598,XM,BC,0,NT,FI,0.0,0,-25.89,-13.74,[],0,0,[],[]
16713970,16714970,OCH,CXN,0.0,598,XM,RC,0,NT,FH,0.0,0,-33.72,-25.44,[],0,0,[],[]
16714970,16715770,OCH,CXN,0.0,598,XM,RC,0,NT,FH,0.0,0,-27.26,-21.32,[],0,0,[],[]
16715770,16716570,NA,NOF,0.0,598,XM,NA,NA,NA,NA,0.0,0,-25.95,-10.07,[],0,0,[],[]
16716570,16717570,OCH,CXN,0.0,598,XM,EC,0,NT,FH,0.0,0,-24.77,-18.24,[],0,0,[],[]
16717570,16719850,NA,OLN,0.0,599,pause,NA,NA,NA,NA,0.0,0,-29.78,-20.81,[],0,0,[],[]
16719850,16721170,NA,NOF,0.0,599,pause,NA,NA,NA,NA,0.0,0,-37.55,-26.23,[],0,0,[],[]
16721170,16722000,NA,OLF,0.0,599,pause,NA,NA,NA,NA,0.0,0,-41.16,-37.55,[],0,0,[],[]
16722000,16762560,NA,NOF,0.0,599,pause,NA,NA,NA,NA,0.0,0,-39.64,-9.02,[],0,0,[],[]
16762560,16763560,NA,FAF,0.0,599,pause,NA,NA,NA,NA,0.0,0,-43.29,-37.87,[],0,0,[],[]
16763560,16785960,NA,NOF,0.0,599,pause,NA,NA,NA,NA,0.0,0,-39.35,-26.69,[],0,0,[],[]
16785960,16786790,NA,OLF,0.0,599,pause,NA,NA,NA,NA,0.0,0,-36.69,-29.44,[],0,0,[],[]
16786790,16809850,NA,NOF,0.0,599,pause,NA,NA,NA,NA,0.0,0,-40.16,-23.74,[],0,0,[],[]
16809850,16810450,CHI,CHN,0.0,599,CIOCX,BC,0,NT,FI,1.0,600,-16.48,-14.54,"[{'Canonical-syllable': '1', 'Growl': '0', 'High-freq-energy': '0', 'Long-island': '0', 'Low-tilt-spectrum': '0', 'Medium-island': '1', 'Short-island': '0', 'Squeal': '0', 'Typical-entropy': '0', 'Voicing-quality': '1', 'Wide-band': '0', 'Xlong-island': '0', 'seq': '1', 'end': 16810.45, 'start': 16809.93}]",0,0,[],[]
16810450,16811530,OCH,CXN,0.0,599,CIOCX,RC,0,NT,FI,0.0,0,-16.02,-13.32,[],0,0,[],[]
16811530,16812500,OCH,CXN,0.0,599,CIOCX,RC,0,NT,FH,0.0,0,-22.62,-16.12,[],0,0,[],[]
16812500,16817110,NA,NOF,0.0,599,CIOCX,NA,NA,NA,NA,0.0,0,-43.23,-37.11,[],0,0,[],[]
16817110,16818470,CHI,CHN,0.0,599,CIOCX,RC,0,NT,FI,1.0,1360,-17.82,-10.74,"[{'Canonical-syllable': '1', 'Growl': '1', 'High-freq-energy': '1', 'Long-island': '0', 'Low-tilt-spectrum': '0', 'Medium-island': '1', 'Short-island': '2', 'Squeal': '0', 'Typical-entropy': '2', 'Voicing-quality': '3', 'Wide-band': '0', 'Xlong-island': '0', 'seq': '1', 'end': 16818.47, 'start': 16817.11}]",0,0,[],[]
16818470,16821570,NA,NOF,0.0,599,CIOCX,NA,NA,NA,NA,0.0,0,-42.06,-36.3,[],0,0,[],[]
16821570,16822850,CHI,CHN,0.0,599,CIOCX,RC,0,NT,FH,1.0,1280,-16.22,-7.44,"[{'Canonical-syllable': '1', 'Growl': '0', 'High-freq-energy': '0', 'Long-island': '0', 'Low-tilt-spectrum': '0', 'Medium-island': '1', 'Short-island': '2', 'Squeal': '0', 'Typical-entropy': '2', 'Voicing-quality': '3', 'Wide-band': '0', 'Xlong-island': '0', 'seq': '1', 'end': 16822.85, 'start': 16821.57}]",0,0,[],[]
16822850,16827500,NA,NOF,0.0,599,CIOCX,NA,NA,NA,NA,0.0,0,-41.95,-35.34,[],0,0,[],[]
16827500,16828220,CHI,CHN,0.0,599,CIOCX,RC,0,NT,FH,1.0,720,-27.31,-21.06,"[{'Canonical-syllable': '0', 'Growl': '2', 'High-freq-energy': '0', 'Long-island': '0', 'Low-tilt-spectrum': '0', 'Medium-island': '1', 'Short-island': '0', 'Squeal': '0', 'Typical-entropy': '0', 'Voicing-quality': '2', 'Wide-band': '0', 'Xlong-island': '0', 'seq': '1', 'end': 16828.22, 'start': 16827.5}]",0,0,[],[]
16828220,16829190,OCH,CXN,0.0,599,CIOCX,RC,0,NT,FI,0.0,0,-31.36,-22.11,[],0,0,[],[]
16829190,16830040,NA,NOF,0.0,599,CIOCX,NA,NA,NA,NA,0.0,0,-40.5,-34.81,[],0,0,[],[]
16830040,16830640,OCH,CXN,0.0,599,CIOCX,RC,0,NT,FH,0.0,0,-33.71,-26.07,[],0,0,[],[]
16830640,16833070,NA,NOF,0.0,599,CIOCX,NA,NA,NA,NA,0.0,0,-36.76,-25.21,[],0,0,[],[]
16833070,16835280,CHI,CHN,0.0,599,CIOCX,EC,0,NT,FI,2.0,1720,-24.64,-16.62,"[{'Canonical-syllable': '0', 'Growl': '1', 'High-freq-energy': '0', 'Long-island': '0', 'Low-tilt-spectrum': '0', 'Medium-island': '0', 'Short-island': '1', 'Squeal': '0', 'Typical-entropy': '0', 'Voicing-quality': '1', 'Wide-band': '0', 'Xlong-island': '0', 'seq': '1', 'end': 16833.23, 'start': 16833.07}, {'Canonical-syllable': '0', 'Growl': '0', 'High-freq-energy': '0', 'Long-island': '0', 'Low-tilt-spectrum': '0', 'Medium-island': '1', 'Short-island': '0', 'Squeal': '0', 'Typical-entropy': '0', 'Voicing-quality': '2', 'Wide-band': '0', 'Xlong-island': '1', 'seq': '2', 'end': 16835.28, 'start': 16833.72}]",0,0,[],[]
16835280,16857350,NA,NOF,0.0,600,pause,NA,NA,NA,NA,0.0,0,-39.46,-28.12,[],0,0,[],[]
16857350,16858150,NA,SIL,0.0,600,pause,NA,NA,NA,NA,0.0,0,-34.87,-29.07,[],0,0,[],[]
16858150,16862360,NA,NOF,0.0,600,pause,NA,NA,NA,NA,0.0,0,-37.67,-29.31,[],0,0,[],[]
16862360,16863250,NA,SIL,0.0,600,pause,NA,NA,NA,NA,0.0,0,-35.47,-26.17,[],0,0,[],[]
16863250,16871940,NA,NOF,0.0,600,pause,NA,NA,NA,NA,0.0,0,-34.38,-15.03,[],0,0,[],[]
16871940,16873110,NA,OLN,0.0,600,pause,NA,NA,NA,NA,0.0,0,-33.5,-23.41,[],0,0,[],[]
16873110,16874210,CHI,CHN,0.0,600,CIOCX,BC,0,NT,FI,2.0,660,-27.24,-18.66,"[{'Canonical-syllable': '0', 'Growl': '1', 'High-freq-energy': '0', 'Long-island': '0', 'Low-tilt-spectrum': '1', 'Medium-island': '0', 'Short-island': '1', 'Squeal': '0', 'Typical-entropy': '2', 'Voicing-quality': '2', 'Wide-band': '0', 'Xlong-island': '0', 'seq': '1', 'end': 16873.6, 'start': 16873.2}, {'Canonical-syllable': '0', 'Growl': '0', 'High-freq-energy': '0', 'Long-island': '0', 'Low-tilt-spectrum': '1', 'Medium-island': '0', 'Short-island': '1', 'Squeal': '0', 'Typical-entropy': '0', 'Voicing-quality': '1', 'Wide-band': '0', 'Xlong-island': '0', 'seq': '2', 'end': 16874.21, 'start': 16874.04}]",0,0,[],[]
16874210,16875460,NA,NOF,0.0,600,CIOCX,NA,NA,NA,NA,0.0,0,-30.85,-18.11,[],0,0,[],[]
16875460,16876180,CHI,CHN,0.0,600,CIOCX,RC,0,NT,FH,1.0,720,-20.05,-14.79,"[{'Canonical-syllable': '0', 'Growl': '0', 'High-freq-energy': '1', 'Long-island': '1', 'Low-tilt-spectrum': '0', 'Medium-island': '0', 'Short-island': '0', 'Squeal': '0', 'Typical-entropy': '0', 'Voicing-quality': '1', 'Wide-band': '0', 'Xlong-island': '0', 'seq': '1', 'end': 16876.18, 'start': 16875.46}]",0,0,[],[]
16876180,16878000,NA,NOF,0.0,600,CIOCX,NA,NA,NA,NA,0.0,0,-36.51,-29.86,[],0,0,[],[]
16878000,16878780,OCH,CXN,0.0,600,CIOCX,RC,0,NT,FI,0.0,0,-29.76,-21.37,[],0,0,[],[]
16878780,16879800,CHI,CHN,0.0,600,CIOCX,RC,0,NT,FI,1.0,830,-22.39,-14.68,"[{'Canonical-syllable': '0', 'Growl': '0', 'High-freq-energy': '0', 'Long-island': '1', 'Low-tilt-spectrum': '0', 'Medium-island': '0', 'Short-island': '0', 'Squeal': '0', 'Typical-entropy': '0', 'Voicing-quality': '1', 'Wide-band': '0', 'Xlong-island': '0', 'seq': '1', 'end': 16879.61, 'start': 16878.99}]",0,0,[],[]
16879800,16880480,CHI,CHN,0.0,600,CIOCX,EC,0,NT,FH,1.0,680,-23.34,-20.86,"[{'Canonical-syllable': '0', 'Growl': '0', 'High-freq-energy': '0', 'Long-island': '1', 'Low-tilt-spectrum': '1', 'Medium-island': '0', 'Short-island': '0', 'Squeal': '0', 'Typical-entropy': '1', 'Voicing-quality': '1', 'Wide-band': '0', 'Xlong-island': '0', 'seq': '1', 'end': 16880.48, 'start': 16879.8}]",0,0,[],[]
16880480,16883360,NA,NOF,0.0,601,pause,NA,NA,NA,NA,0.0,0,-39.83,-33.52,[],0,0,[],[]
16883360,16886090,CHI,CHN,0.0,601,pause,NA,NA,NA,NA,0.0,0,-19.44,-10.94,[],0,2460,"[{'start': 16883.36, 'end': 16885.82}]",[]
16886090,16887470,NA,NOF,0.0,601,pause,NA,NA,NA,NA,0.0,0,-38.81,-32.18,[],0,0,[],[]
16887470,16888470,MAL,MAN,0.73,601,AMM,EC,0,NT,FI,0.0,0,-37.1,-32.71,[],0,0,[],[]
16888470,16892400,NA,NOF,0.0,602,pause,NA,NA,NA,NA,0.0,0,-36.82,-30.07,[],0,0,[],[]
16892400,16893520,NA,SIL,0.0,602,pause,NA,NA,NA,NA,0.0,0,-33.14,-28.03,[],0,0,[],[]
16893520,16896090,NA,NOF,0.0,602,pause,NA,NA,NA,NA,0.0,0,-33.93,-27.53,[],0,0,[],[]
16896090,16897670,MAL,MAN,4.82,602,AMM,EC,0,NT,FI,0.0,0,-33.05,-26.66,[],0,0,[],[]
16897670,16898720,NA,SIL,0.0,603,pause,NA,NA,NA,NA,0.0,0,-33.85,-29.02,[],0,0,[],[]
16898720,16904860,NA,NOF,0.0,603,pause,NA,NA,NA,NA,0.0,0,-33.24,-26.55,[],0,0,[],[]
16904860,16908340,NA,OLF,0.0,603,pause,NA,NA,NA,NA,0.0,0,-30.71,-23.15,[],0,0,[],[]
16908340,16909340,NA,TVF,0.0,603,pause,NA,NA,NA,NA,0.0,0,-29.57,-23.95,[],0,0,[],[]
16909340,16910720,NA,MAF,0.0,603,pause,NA,NA,NA,NA,0.0,0,-27.41,-20.65,[],0,0,[],[]
16910720,16918820,NA,NON,0.0,603,pause,NA,NA,NA,NA,0.0,0,-20.04,-12.77,[],0,0,[],[]
16918820,16928570,NA,NON,0.0,603,pause,NA,NA,NA,NA,0.0,0,-18.07,-11.08,[],0,0,[],[]
16928570,16938070,NA,OLN,0.0,603,pause,NA,NA,NA,NA,0.0,0,-20.79,-9.87,[],0,0,[],[]
16938070,16938960,CHI,CHN,0.0,603,pause,NA,NA,NA,NA,0.0,0,-14.55,-5.78,[],0,890,"[{'start': 16938.07, 'end': 16938.96}]",[]
16938960,16940260,NA,OLF,0.0,603,pause,NA,NA,NA,NA,0.0,0,-27.78,-22.03,[],0,0,[],[]
16940260,16941060,CHI,CHN,0.0,603,pause,NA,NA,NA,NA,0.0,0,-17.59,-11.03,[],0,800,"[{'start': 16940.26, 'end': 16941.06}]",[]
16941060,16942190,NA,OLN,0.0,603,pause,NA,NA,NA,NA,0.0,0,-30.28,-20.23,[],0,0,[],[]
16942190,16945340,NA,NOF,0.0,603,pause,NA,NA,NA,NA,0.0,0,-32.36,-26.98,[],0,0,[],[]
16945340,16946690,NA,OLF,0.0,603,pause,NA,NA,NA,NA,0.0,0,-32.26,-26.12,[],0,0,[],[]
16946690,16949490,NA,NOF,0.0,603,pause,NA,NA,NA,NA,0.0,0,-32.51,-25.99,[],0,0,[],[]
16949490,16950320,NA,SIL,0.0,603,pause,NA,NA,NA,NA,0.0,0,-31.98,-26.75,[],0,0,[],[]
16950320,16956840,NA,NOF,0.0,603,pause,NA,NA,NA,NA,0.0,0,-36.08,-27.7,[],0,0,[],[]
16956840,16958020,CHI,CHN,0.0,603,CM,BC,0,NT,FI,1.0,1180,-18.82,-11.58,"[{'Canonical-syllable': '0', 'Growl': '0', 'High-freq-energy': '0', 'Long-island': '1', 'Low-tilt-spectrum': '2', 'Medium-island': '0', 'Short-island': '1', 'Squeal': '0', 'Typical-entropy': '2', 'Voicing-quality': '2', 'Wide-band': '0', 'Xlong-island': '0', 'seq': '1', 'end': 16958.02, 'start': 16956.84}]",0,0,[],[]
16958020,16958950,NA,NOF,0.0,603,CM,NA,NA,NA,NA,0.0,0,-38.3,-33.98,[],0,0,[],[]
16958950,16961660,CHI,CHN,0.0,603,CM,RC,0,NT,FH,2.0,2390,-14.95,-1.82,"[{'Canonical-syllable': '2', 'Growl': '0', 'High-freq-energy': '0', 'Long-island': '0', 'Low-tilt-spectrum': '3', 'Medium-island': '1', 'Short-island': '2', 'Squeal': '0', 'Typical-entropy': '2', 'Voicing-quality': '3', 'Wide-band': '0', 'Xlong-island': '0', 'seq': '1', 'end': 16959.98, 'start': 16958.95}, {'Canonical-syllable': '2', 'Growl': '1', 'High-freq-energy': '0', 'Long-island': '0', 'Low-tilt-spectrum': '3', 'Medium-island': '1', 'Short-island': '2', 'Squeal': '0', 'Typical-entropy': '3', 'Voicing-quality': '4', 'Wide-band': '0', 'Xlong-island': '0', 'seq': '2', 'end': 16961.66, 'start': 16960.3}]",0,0,[],[]
16961660,16962690,CHI,CHN,0.0,603,CM,EC,0,NT,FH,1.0,370,-26.18,-13.28,"[{'Canonical-syllable': '0', 'Growl': '2', 'High-freq-energy': '0', 'Long-island': '0', 'Low-tilt-spectrum': '1', 'Medium-island': '0', 'Short-island': '1', 'Squeal': '0', 'Typical-entropy': '1', 'Voicing-quality': '2', 'Wide-band': '0', 'Xlong-island': '0', 'seq': '1', 'end': 16962.69, 'start': 16962.32}]",0,0,[],[]
16962690,16967090,NA,NOF,0.0,604,pause,NA,NA,NA,NA,0.0,0,-36.51,-28.27,[],0,0,[],[]
16967090,16969850,NA,SIL,0.0,604,pause,NA,NA,NA,NA,0.0,0,-37.69,-30.17,[],0,0,[],[]
16969850,16970690,NA,FAF,0.0,604,pause,NA,NA,NA,NA,0.0,0,-36.75,-25.39,[],0,0,[],[]
16970690,16971490,NA,SIL,0.0,604,pause,NA,NA,NA,NA,0.0,0,-37.98,-32.78,[],0,0,[],[]
16971490,16986430,NA,NOF,0.0,604,pause,NA,NA,NA,NA,0.0,0,-33.88,-7.9,[],0,0,[],[]
16986430,16987690,NA,MAF,0.0,604,pause,NA,NA,NA,NA,0.0,0,-36.64,-32.22,[],0,0,[],[]
16987690,16988660,NA,NOF,0.0,604,pause,NA,NA,NA,NA,0.0,0,-36.07,-30.98,[],0,0,[],[]
16988660,16990290,NA,MAF,0.0,604,pause,NA,NA,NA,NA,0.0,0,-37.1,-31.15,[],0,0,[],[]
16990290,16991090,NA,SIL,0.0,604,pause,NA,NA,NA,NA,0.0,0,-37.58,-31.91,[],0,0,[],[]
16991090,17004180,NA,NOF,0.0,604,pause,NA,NA,NA,NA,0.0,0,-38.21,-26.94,[],0,0,[],[]
17004180,17005030,CHI,CHN,0.0,604,pause,NA,NA,NA,NA,0.0,0,-18.88,-7.11,[],0,310,[],"[{'start': 17004.43, 'end': 17004.74}]"
17005030,17006530,NA,NOF,0.0,604,pause,NA,NA,NA,NA,0.0,0,-34.0,-22.45,[],0,0,[],[]
17006530,17007180,CHI,CHN,0.0,604,CM,BC,0,NT,FI,1.0,550,-16.63,-4.28,"[{'Canonical-syllable': '0', 'Growl': '0', 'High-freq-energy': '0', 'Long-island': '0', 'Low-tilt-spectrum': '1', 'Medium-island': '1', 'Short-island': '0', 'Squeal': '1', 'Typical-entropy': '1', 'Voicing-quality': '1', 'Wide-band': '0', 'Xlong-island': '0', 'seq': '1', 'end': 17007.08, 'start': 17006.73}]",0,0,[],[]
17007180,17007980,NA,OLF,0.0,604,CM,NA,NA,NA,NA,0.0,0,-37.27,-31.04,[],0,0,[],[]
17007980,17008650,CHI,CHN,0.0,604,CM,RC,0,NT,FH,1.0,410,-18.68,-6.98,"[{'Canonical-syllable': '0', 'Growl': '0', 'High-freq-energy': '0', 'Long-island': '0', 'Low-tilt-spectrum': '0', 'Medium-island': '0', 'Short-island': '1', 'Squeal': '0', 'Typical-entropy': '1', 'Voicing-quality': '1', 'Wide-band': '0', 'Xlong-island': '0', 'seq': '1', 'end': 17008.39, 'start': 17008.14}]",0,0,[],[]
17008650,17009450,NA,NOF,0.0,604,CM,NA,NA,NA,NA,0.0,0,-38.1,-31.65,[],0,0,[],[]
17009450,17010900,CHI,CHN,0.0,604,CM,EC,0,NT,FH,2.0,390,-18.91,-6.26,"[{'Canonical-syllable': '1', 'Growl': '0', 'High-freq-energy': '0', 'Long-island': '0', 'Low-tilt-spectrum': '1', 'Medium-island': '0', 'Short-island': '1', 'Squeal': '0', 'Typical-entropy': '1', 'Voicing-quality': '1', 'Wide-band': '0', 'Xlong-island': '0', 'seq': '1', 'end': 17009.67, 'start': 17009.45}, {'Canonical-syllable': '1', 'Growl': '0', 'High-freq-energy': '0', 'Long-island': '0', 'Low-tilt-spectrum': '0', 'Medium-island': '0', 'Short-island': '1', 'Squeal': '0', 'Typical-entropy': '1', 'Voicing-quality': '1', 'Wide-band': '0', 'Xlong-island': '0', 'seq': '2', 'end': 17010.66, 'start': 17010.49}]",0,0,[],[]
17010900,17016240,NA,NOF,0.0,605,pause,NA,NA,NA,NA,0.0,0,-39.42,-29.48,[],0,0,[],[]
17016240,17017750,CHI,CHN,0.0,605,CIOCX,BC,0,NT,FI,3.0,650,-24.0,-13.47,"[{'Canonical-syllable': '0', 'Growl': '1', 'High-freq-energy': '0', 'Long-island': '0', 'Low-tilt-spectrum': '0', 'Medium-island': '0', 'Short-island': '0', 'Squeal': '0', 'Typical-entropy': '0', 'Voicing-quality': '1', 'Wide-band': '0', 'Xlong-island': '0', 'seq': '1', 'end': 17016.49, 'start': 17016.24}, {'Canonical-syllable': '0', 'Growl': '1', 'High-freq-energy': '0', 'Long-island': '0', 'Low-tilt-spectrum': '0', 'Medium-island': '0', 'Short-island': '0', 'Squeal': '0', 'Typical-entropy': '0', 'Voicing-quality': '1', 'Wide-band': '0', 'Xlong-island': '0', 'seq': '2', 'end': 17017.02, 'start': 17016.94}, {'Canonical-syllable': '0', 'Growl': '0', 'High-freq-energy': '0', 'Long-island': '0', 'Low-tilt-spectrum': '0', 'Medium-island': '1', 'Short-island': '0', 'Squeal': '0', 'Typical-entropy': '0', 'Voicing-quality': '1', 'Wide-band': '0', 'Xlong-island': '0', 'seq': '3', 'end': 17017.75, 'start': 17017.43}]",0,0,[],[]
17017750,17018750,OCH,CXN,0.0,605,CIOCX,RC,0,NT,FI,0.0,0,-30.05,-21.05,[],0,0,[],[]
17018750,17020050,NA,NOF,0.0,605,CIOCX,NA,NA,NA,NA,0.0,0,-41.34,-35.97,[],0,0,[],[]
17020050,17020660,CHI,CHN,0.0,605,CIOCX,EC,0,NT,FI,1.0,610,-24.54,-20.46,"[{'Canonical-syllable': '0', 'Growl': '0', 'High-freq-energy': '0', 'Long-island': '0', 'Low-tilt-spectrum': '0', 'Medium-island': '1', 'Short-island': '0', 'Squeal': '0', 'Typical-entropy': '0', 'Voicing-quality': '1', 'Wide-band': '0', 'Xlong-island': '0', 'seq': '1', 'end': 17020.66, 'start': 17020.05}]",0,0,[],[]
17020660,17040520,NA,NOF,0.0,606,pause,NA,NA,NA,NA,0.0,0,-39.23,-23.9,[],0,0,[],[]
17040520,17043230,NA,OLF,0.0,606,pause,NA,NA,NA,NA,0.0,0,-37.48,-30.21,[],0,0,[],[]
17043230,17044090,NA,NOF,0.0,606,pause,NA,NA,NA,NA,0.0,0,-38.06,-33.25,[],0,0,[],[]
17044090,17046240,NA,MAF,0.0,606,pause,NA,NA,NA,NA,0.0,0,-37.01,-30.7,[],0,0,[],[]
17046240,17047040,NA,OLF,0.0,606,pause,NA,NA,NA,NA,0.0,0,-38.37,-34.94,[],0,0,[],[]
17047040,17074770,NA,NOF,0.0,606,pause,NA,NA,NA,NA,0.0,0,-37.18,-21.65,[],0,0,[],[]
17074770,17076400,NA,MAF,0.0,606,pause,NA,NA,NA,NA,0.0,0,-23.37,-14.4,[],0,0,[],[]
17076400,17085930,NA,NOF,0.0,606,pause,NA,NA,NA,NA,0.0,0,-37.62,-17.65,[],0,0,[],[]
17085930,17086870,CHI,CHN,0.0,606,CIOCX,BC,0,NT,FI,1.0,940,-15.06,-3.86,"[{'Canonical-syllable': '2', 'Growl': '0', 'High-freq-energy': '0', 'Long-island': '0', 'Low-tilt-spectrum': '2', 'Medium-island': '1', 'Short-island': '2', 'Squeal': '0', 'Typical-entropy': '3', 'Voicing-quality': '3', 'Wide-band': '0', 'Xlong-island': '0', 'seq': '1', 'end': 17086.87, 'start': 17085.93}]",0,0,[],[]
17086870,17087670,NA,OLF,0.0,606,CIOCX,NA,NA,NA,NA,0.0,0,-31.3,-21.27,[],0,0,[],[]
17087670,17088760,CHI,CHN,0.0,606,CIOCX,RC,0,NT,FH,2.0,760,-18.26,-8.97,"[{'Canonical-syllable': '1', 'Growl': '0', 'High-freq-energy': '0', 'Long-island': '0', 'Low-tilt-spectrum': '0', 'Medium-island': '1', 'Short-island': '0', 'Squeal': '0', 'Typical-entropy': '1', 'Voicing-quality': '1', 'Wide-band': '0', 'Xlong-island': '0', 'seq': '1', 'end': 17087.96, 'start': 17087.67}, {'Canonical-syllable': '0', 'Growl': '0', 'High-freq-energy': '0', 'Long-island': '0', 'Low-tilt-spectrum': '1', 'Medium-island': '0', 'Short-island': '2', 'Squeal': '0', 'Typical-entropy': '2', 'Voicing-quality': '2', 'Wide-band': '1', 'Xlong-island': '0', 'seq': '2', 'end': 17088.76, 'start': 17088.29}]",0,0,[],[]
17088760,17089640,OCH,CXN,0.0,606,CIOCX,RC,0,NT,FI,0.0,0,-28.19,-20.64,[],0,0,[],[]
17089640,17090720,NA,NOF,0.0,606,CIOCX,NA,NA,NA,NA,0.0,0,-39.5,-33.73,[],0,0,[],[]
17090720,17091630,CHI,CHN,0.0,606,CIOCX,RC,0,NT,FI,2.0,410,-27.41,-19.86,"[{'Canonical-syllable': '0', 'Growl': '1', 'High-freq-energy': '0', 'Long-island': '0', 'Low-tilt-spectrum': '1', 'Medium-island': '0', 'Short-island': '1', 'Squeal': '0', 'Typical-entropy': '1', 'Voicing-quality': '1', 'Wide-band': '0', 'Xlong-island': '0', 'seq': '1', 'end': 17090.87, 'start': 17090.72}, {'Canonical-syllable': '1', 'Growl': '0', 'High-freq-energy': '0', 'Long-island': '0', 'Low-tilt-spectrum': '0', 'Medium-island': '0', 'Short-island': '1', 'Squeal': '0', 'Typical-entropy': '0', 'Voicing-quality': '1', 'Wide-band': '0', 'Xlong-island': '0', 'seq': '2', 'end': 17091.63, 'start': 17091.37}]",0,0,[],[]
17091630,17092800,NA,OLF,0.0,606,CIOCX,NA,NA,NA,NA,0.0,0,-34.82,-25.72,[],0,0,[],[]
17092800,17093920,CHI,CHN,0.0,606,CIOCX,EC,0,NT,FH,1.0,1120,-22.03,-13.48,"[{'Canonical-syllable': '1', 'Growl': '0', 'High-freq-energy': '0', 'Long-island': '1', 'Low-tilt-spectrum': '0', 'Medium-island': '0', 'Short-island': '1', 'Squeal': '0', 'Typical-entropy': '0', 'Voicing-quality': '2', 'Wide-band': '1', 'Xlong-island': '0', 'seq': '1', 'end': 17093.92, 'start': 17092.8}]",0,0,[],[]
17093920,17122980,NA,NOF,0.0,607,pause,NA,NA,NA,NA,0.0,0,-35.06,-14.17,[],0,0,[],[]
17122980,17123780,OCH,CXN,0.0,607,XIOCC,BC,0,NT,FI,0.0,0,-31.74,-26.9,[],0,0,[],[]
17123780,17124580,NA,NOF,0.0,607,XIOCC,NA,NA,NA,NA,0.0,0,-36.61,-29.28,[],0,0,[],[]
17124580,17125180,CHI,CHN,0.0,607,XIOCC,EC,0,NT,FI,1.0,380,-20.93,-14.82,"[{'Canonical-syllable': '1', 'Growl': '0', 'High-freq-energy': '0', 'Long-island': '0', 'Low-tilt-spectrum': '0', 'Medium-island': '1', 'Short-island': '0', 'Squeal': '0', 'Typical-entropy': '0', 'Voicing-quality': '1', 'Wide-band': '0', 'Xlong-island': '0', 'seq': '1', 'end': 17124.96, 'start': 17124.58}]",0,0,[],[]
17125180,17146290,NA,NOF,0.0,608,pause,NA,NA,NA,NA,0.0,0,-39.09,-25.1,[],0,0,[],[]
17146290,17147260,NA,OLN,0.0,608,pause,NA,NA,NA,NA,0.0,0,-37.33,-29.46,[],0,0,[],[]
17147260,17148640,NA,NOF,0.0,608,pause,NA,NA,NA,NA,0.0,0,-33.16,-17.44,[],0,0,[],[]
17148640,17149460,NA,OLN,0.0,608,pause,NA,NA,NA,NA,0.0,0,-33.95,-26.86,[],0,0,[],[]
17149460,17150900,NA,NOF,0.0,608,pause,NA,NA,NA,NA,0.0,0,-33.42,-19.73,[],0,0,[],[]
17150900,17152210,CHI,CHN,0.0,608,pause,NA,NA,NA,NA,0.0,0,-17.24,-8.38,[],0,730,"[{'start': 17150.9, 'end': 17151.18}, {'start': 17151.66, 'end': 17152.11}]",[]
17152210,17153230,NA,NOF,0.0,608,pause,NA,NA,NA,NA,0.0,0,-37.89,-29.62,[],0,0,[],[]
17153230,17154340,CHI,CHN,0.0,608,CM,BC,0,NT,FI,1.0,1110,-17.81,-11.37,"[{'Canonical-syllable': '0', 'Growl': '1', 'High-freq-energy': '0', 'Long-island': '0', 'Low-tilt-spectrum': '2', 'Medium-island': '0', 'Short-island': '3', 'Squeal': '1', 'Typical-entropy': '1', 'Voicing-quality': '3', 'Wide-band': '0', 'Xlong-island': '0', 'seq': '1', 'end': 17154.34, 'start': 17153.23}]",0,0,[],[]
17154340,17156880,CHI,CHN,0.0,608,CM,RC,0,NT,FH,3.0,1170,-22.12,-11.09,"[{'Canonical-syllable': '1', 'Growl': '0', 'High-freq-energy': '0', 'Long-island': '0', 'Low-tilt-spectrum': '0', 'Medium-island': '1', 'Short-island': '0', 'Squeal': '0', 'Typical-entropy': '0', 'Voicing-quality': '1', 'Wide-band': '0', 'Xlong-island': '0', 'seq': '1', 'end': 17154.69, 'start': 17154.34}, {'Canonical-syllable': '0', 'Growl': '2', 'High-freq-energy': '0', 'Long-island': '0', 'Low-tilt-spectrum': '1', 'Medium-island': '0', 'Short-island': '2', 'Squeal': '0', 'Typical-entropy': '2', 'Voicing-quality': '1', 'Wide-band': '1', 'Xlong-island': '0', 'seq': '2', 'end': 17155.83, 'start': 17155.41}, {'Canonical-syllable': '1', 'Growl': '0', 'High-freq-energy': '0', 'Long-island': '0', 'Low-tilt-spectrum': '1', 'Medium-island': '1', 'Short-island': '0', 'Squeal': '0', 'Typical-entropy': '1', 'Voicing-quality': '1', 'Wide-band': '0', 'Xlong-island': '0', 'seq': '3', 'end': 17156.88, 'start': 17156.48}]",0,0,[],[]
17156880,17157870,NA,NOF,0.0,608,CM,NA,NA,NA,NA,0.0,0,-39.44,-29.34,[],0,0,[],[]
17157870,17158470,CHI,CHN,0.0,608,CM,EC,0,NT,FH,1.0,220,-25.51,-16.08,"[{'Canonical-syllable': '0', 'Growl': '0', 'High-freq-energy': '0', 'Long-island': '0', 'Low-tilt-spectrum': '0', 'Medium-island': '0', 'Short-island': '1', 'Squeal': '0', 'Typical-entropy': '1', 'Voicing-quality': '1', 'Wide-band': '0', 'Xlong-island': '0', 'seq': '1', 'end': 17158.47, 'start': 17158.25}]",0,0,[],[]
17158470,17164500,NA,NOF,0.0,609,pause,NA,NA,NA,NA,0.0,0,-32.14,-17.16,[],0,0,[],[]
17164500,17165320,NA,FAF,0.0,609,pause,NA,NA,NA,NA,0.0,0,-39.04,-33.4,[],0,0,[],[]
17165320,17166360,NA,NOF,0.0,609,pause,NA,NA,NA,NA,0.0,0,-38.68,-25.4,[],0,0,[],[]
17166360,17166960,CHI,CHN,0.0,609,CM,EC,0,NT,FI,1.0,240,-21.33,-13.87,"[{'Canonical-syllable': '0', 'Growl': '0', 'High-freq-energy': '0', 'Long-island': '0', 'Low-tilt-spectrum': '0', 'Medium-island': '0', 'Short-island': '1', 'Squeal': '0', 'Typical-entropy': '0', 'Voicing-quality': '1', 'Wide-band': '0', 'Xlong-island': '0', 'seq': '1', 'end': 17166.96, 'start': 17166.72}]",0,0,[],[]
17166960,17178890,NA,NOF,0.0,610,pause,NA,NA,NA,NA,0.0,0,-32.9,-18.62,[],0,0,[],[]
17178890,17179750,NA,OLF,0.0,610,pause,NA,NA,NA,NA,0.0,0,-30.33,-25.69,[],0,0,[],[]
17179750,17180860,NA,MAF,0.0,610,pause,NA,NA,NA,NA,0.0,0,-23.55,-15.8,[],0,0,[],[]
17180860,17181980,NA,OLF,0.0,610,pause,NA,NA,NA,NA,0.0,0,-21.87,-12.72,[],0,0,[],[]
17181980,17183500,NA,NOF,0.0,610,pause,NA,NA,NA,NA,0.0,0,-24.61,-14.09,[],0,0,[],[]
17183500,17184610,NA,MAF,0.0,610,pause,NA,NA,NA,NA,0.0,0,-22.92,-13.55,[],0,0,[],[]
17184610,17185490,NA,NOF,0.0,610,pause,NA,NA,NA,NA,0.0,0,-27.95,-19.87,[],0,0,[],[]
17185490,17186830,NA,MAF,0.0,610,pause,NA,NA,NA,NA,0.0,0,-25.37,-16.75,[],0,0,[],[]
17186830,17188280,NA,NOF,0.0,610,pause,NA,NA,NA,NA,0.0,0,-27.22,-17.41,[],0,0,[],[]
17188280,17191490,NA,MAF,0.0,610,pause,NA,NA,NA,NA,0.0,0,-21.13,-11.54,[],0,0,[],[]
17191490,17192290,NA,NOF,0.0,610,pause,NA,NA,NA,NA,0.0,0,-26.98,-17.03,[],0,0,[],[]
17192290,17193520,NA,MAF,0.0,610,pause,NA,NA,NA,NA,0.0,0,-23.16,-14.46,[],0,0,[],[]
17193520,17195940,NA,NOF,0.0,610,pause,NA,NA,NA,NA,0.0,0,-30.56,-19.86,[],0,0,[],[]
17195940,17196740,NA,OLF,0.0,610,pause,NA,NA,NA,NA,0.0,0,-36.61,-31.79,[],0,0,[],[]
17196740,17197910,NA,NOF,0.0,610,pause,NA,NA,NA,NA,0.0,0,-33.43,-27.41,[],0,0,[],[]
17197910,17202280,NA,OLF,0.0,610,pause,NA,NA,NA,NA,0.0,0,-32.62,-26.72,[],0,0,[],[]
17202280,17202880,CHI,CHN,0.0,610,CM,EC,0,NT,FI,1.0,600,-20.16,-14.87,"[{'Canonical-syllable': '1', 'Growl': '0', 'High-freq-energy': '0', 'Long-island': '0', 'Low-tilt-spectrum': '1', 'Medium-island': '1', 'Short-island': '0', 'Squeal': '0', 'Typical-entropy': '1', 'Voicing-quality': '1', 'Wide-band': '0', 'Xlong-island': '0', 'seq': '1', 'end': 17202.88, 'start': 17202.28}]",0,0,[],[]
17202880,17206280,NA,OLF,0.0,611,pause,NA,NA,NA,NA,0.0,0,-28.82,-18.48,[],0,0,[],[]
17206280,17208650,NA,NOF,0.0,611,pause,NA,NA,NA,NA,0.0,0,-31.4,-18.07,[],0,0,[],[]
17208650,17209620,NA,OLF,0.0,611,pause,NA,NA,NA,NA,0.0,0,-34.11,-28.23,[],0,0,[],[]
17209620,17211670,NA,NOF,0.0,611,pause,NA,NA,NA,NA,0.0,0,-34.44,-27.64,[],0,0,[],[]
17211670,17212470,NA,OLF,0.0,611,pause,NA,NA,NA,NA,0.0,0,-25.57,-16.45,[],0,0,[],[]
17212470,17227140,NA,NOF,0.0,611,pause,NA,NA,NA,NA,0.0,0,-29.7,-12.56,[],0,0,[],[]
17227140,17228370,NA,MAF,0.0,611,pause,NA,NA,NA,NA,0.0,0,-22.04,-13.21,[],0,0,[],[]
17228370,17231030,NA,OLF,0.0,611,pause,NA,NA,NA,NA,0.0,0,-26.4,-17.17,[],0,0,[],[]
17231030,17234870,NA,NOF,0.0,611,pause,NA,NA,NA,NA,0.0,0,-29.9,-17.28,[],0,0,[],[]
17234870,17236220,NA,MAF,0.0,611,pause,NA,NA,NA,NA,0.0,0,-23.22,-11.74,[],0,0,[],[]
17236220,17253850,NA,NOF,0.0,611,pause,NA,NA,NA,NA,0.0,0,-35.46,-17.7,[],0,0,[],[]
17253850,17254710,NA,OLF,0.0,611,pause,NA,NA,NA,NA,0.0,0,-37.55,-32.8,[],0,0,[],[]
17254710,17273110,NA,NOF,0.0,611,pause,NA,NA,NA,NA,0.0,0,-33.15,-16.34,[],0,0,[],[]
17273110,17273710,NA,CXF,0.0,611,pause,NA,NA,NA,NA,0.0,0,-37.9,-31.2,[],0,0,[],[]
17273710,17274750,NA,NOF,0.0,611,pause,NA,NA,NA,NA,0.0,0,-38.71,-32.57,[],0,0,[],[]
17274750,17276420,CHI,CHN,0.0,611,CM,EC,0,NT,FI,1.0,1590,-23.59,-12.4,"[{'Canonical-syllable': '2', 'Growl': '0', 'High-freq-energy': '0', 'Long-island': '0', 'Low-tilt-spectrum': '0', 'Medium-island': '1', 'Short-island': '3', 'Squeal': '0', 'Typical-entropy': '0', 'Voicing-quality': '4', 'Wide-band': '0', 'Xlong-island': '0', 'seq': '1', 'end': 17276.34, 'start': 17274.75}]",0,0,[],[]
17276420,17290080,NA,NOF,0.0,612,pause,NA,NA,NA,NA,0.0,0,-38.64,-25.26,[],0,0,[],[]
17290080,17290880,NA,OLF,0.0,612,pause,NA,NA,NA,NA,0.0,0,-38.09,-33.68,[],0,0,[],[]
17290880,17298570,NA,NOF,0.0,612,pause,NA,NA,NA,NA,0.0,0,-38.57,-28.78,[],0,0,[],[]
17298570,17299570,CHI,CHN,0.0,612,CM,BC,0,NT,FI,1.0,1000,-17.2,-9.82,"[{'Canonical-syllable': '0', 'Growl': '0', 'High-freq-energy': '0', 'Long-island': '0', 'Low-tilt-spectrum': '0', 'Medium-island': '2', 'Short-island': '0', 'Squeal': '0', 'Typical-entropy': '1', 'Voicing-quality': '2', 'Wide-band': '0', 'Xlong-island': '0', 'seq': '1', 'end': 17299.57, 'start': 17298.77}]",0,0,[],[]
17299570,17300370,NA,NOF,0.0,612,CM,NA,NA,NA,NA,0.0,0,-37.12,-31.7,[],0,0,[],[]
17300370,17301380,CHI,CHN,0.0,612,CM,RC,0,NT,FH,1.0,1010,-27.25,-20.36,"[{'Canonical-syllable': '0', 'Growl': '1', 'High-freq-energy': '0', 'Long-island': '1', 'Low-tilt-spectrum': '1', 'Medium-island': '0', 'Short-island': '1', 'Squeal': '0', 'Typical-entropy': '2', 'Voicing-quality': '2', 'Wide-band': '0', 'Xlong-island': '0', 'seq': '1', 'end': 17301.38, 'start': 17300.37}]",0,0,[],[]
17301380,17302600,CHI,CHN,0.0,612,CM,RC,0,NT,FH,1.0,1220,-25.85,-19.56,"[{'Canonical-syllable': '1', 'Growl': '0', 'High-freq-energy': '0', 'Long-island': '1', 'Low-tilt-spectrum': '0', 'Medium-island': '1', 'Short-island': '0', 'Squeal': '0', 'Typical-entropy': '1', 'Voicing-quality': '2', 'Wide-band': '0', 'Xlong-island': '0', 'seq': '1', 'end': 17302.6, 'start': 17301.38}]",0,0,[],[]
17302600,17303800,NA,NOF,0.0,612,CM,NA,NA,NA,NA,0.0,0,-39.06,-33.21,[],0,0,[],[]
17303800,17304600,CHI,CHN,0.0,612,CM,EC,0,NT,FH,1.0,800,-29.42,-22.91,"[{'Canonical-syllable': '0', 'Growl': '0', 'High-freq-energy': '0', 'Long-island': '1', 'Low-tilt-spectrum': '0', 'Medium-island': '0', 'Short-island': '0', 'Squeal': '0', 'Typical-entropy': '1', 'Voicing-quality': '1', 'Wide-band': '0', 'Xlong-island': '0', 'seq': '1', 'end': 17304.6, 'start': 17303.8}]",0,0,[],[]
17304600,17309300,NA,NOF,0.0,613,pause,NA,NA,NA,NA,0.0,0,-38.62,-26.95,[],0,0,[],[]
17309300,17310210,NA,OLF,0.0,613,pause,NA,NA,NA,NA,0.0,0,-36.13,-31.41,[],0,0,[],[]
17310210,17316320,NA,NOF,0.0,613,pause,NA,NA,NA,NA,0.0,0,-36.09,-27.16,[],0,0,[],[]
17316320,17322960,NA,OLF,0.0,613,pause,NA,NA,NA,NA,0.0,0,-32.11,-23.71,[],0,0,[],[]
17322960,17327750,NA,NOF,0.0,613,pause,NA,NA,NA,NA,0.0,0,-37.38,-18.36,[],0,0,[],[]
17327750,17328590,NA,OLF,0.0,613,pause,NA,NA,NA,NA,0.0,0,-35.77,-24.56,[],0,0,[],[]
17328590,17359310,NA,NOF,0.0,613,pause,NA,NA,NA,NA,0.0,0,-39.09,-16.95,[],0,0,[],[]
17359310,17360760,NA,OLF,0.0,613,pause,NA,NA,NA,NA,0.0,0,-34.54,-27.9,[],0,0,[],[]
17360760,17361820,OCH,CXN,0.0,613,XM,BC,0,NT,FI,0.0,0,-32.3,-25.04,[],0,0,[],[]
17361820,17363680,NA,NOF,0.0,613,XM,NA,NA,NA,NA,0.0,0,-41.76,-34.41,[],0,0,[],[]
17363680,17364510,OCH,CXN,0.0,613,XM,EC,0,NT,FH,0.0,0,-30.44,-23.86,[],0,0,[],[]
17364510,17365310,NA,NOF,0.0,614,pause,NA,NA,NA,NA,0.0,0,-40.96,-36.84,[],0,0,[],[]
17365310,17366110,NA,CXF,0.0,614,pause,NA,NA,NA,NA,0.0,0,-37.51,-32.86,[],0,0,[],[]
17366110,17373520,NA,NOF,0.0,614,pause,NA,NA,NA,NA,0.0,0,-41.35,-32.76,[],0,0,[],[]
17373520,17374620,OCH,CXN,0.0,614,XIC,BC,0,NT,FI,0.0,0,-34.91,-29.89,[],0,0,[],[]
17374620,17375220,CHI,CHN,0.0,614,XIC,RC,0,NT,FI,1.0,230,-31.91,-23.74,"[{'Canonical-syllable': '0', 'Growl': '1', 'High-freq-energy': '0', 'Long-island': '0', 'Low-tilt-spectrum': '0', 'Medium-island': '0', 'Short-island': '1', 'Squeal': '0', 'Typical-entropy': '0', 'Voicing-quality': '1', 'Wide-band': '0', 'Xlong-island': '0', 'seq': '1', 'end': 17374.85, 'start': 17374.62}]",0,0,[],[]
17375220,17376430,NA,OLF,0.0,614,XIC,NA,NA,NA,NA,0.0,0,-36.28,-26.92,[],0,0,[],[]
17376430,17377270,OCH,CXN,0.0,614,XIC,RC,0,NT,FI,0.0,0,-30.54,-24.81,[],0,0,[],[]
17377270,17378070,NA,NOF,0.0,614,XIC,NA,NA,NA,NA,0.0,0,-36.59,-29.34,[],0,0,[],[]
17378070,17379010,CHI,CHN,0.0,614,XIC,RC,0,NT,FI,1.0,940,-29.42,-21.54,"[{'Canonical-syllable': '1', 'Growl': '0', 'High-freq-energy': '0', 'Long-island': '0', 'Low-tilt-spectrum': '0', 'Medium-island': '1', 'Short-island': '1', 'Squeal': '0', 'Typical-entropy': '0', 'Voicing-quality': '2', 'Wide-band': '0', 'Xlong-island': '0', 'seq': '1', 'end': 17379.01, 'start': 17378.07}]",0,0,[],[]
17379010,17379820,NA,NOF,0.0,614,XIC,NA,NA,NA,NA,0.0,0,-38.53,-32.97,[],0,0,[],[]
17379820,17380420,NA,OLN,0.0,614,XIC,NA,NA,NA,NA,0.0,0,-34.1,-29.84,[],0,0,[],[]
17380420,17381220,NA,NOF,0.0,614,XIC,NA,NA,NA,NA,0.0,0,-40.8,-35.84,[],0,0,[],[]
17381220,17381890,CHI,CHN,0.0,614,XIC,RC,0,NT,FH,1.0,670,-29.48,-22.52,"[{'Canonical-syllable': '0', 'Growl': '3', 'High-freq-energy': '0', 'Long-island': '0', 'Low-tilt-spectrum': '1', 'Medium-island': '0', 'Short-island': '1', 'Squeal': '0', 'Typical-entropy': '1', 'Voicing-quality': '3', 'Wide-band': '0', 'Xlong-island': '0', 'seq': '1', 'end': 17381.89, 'start': 17381.22}]",0,0,[],[]
17381890,17382690,CHI,CHN,0.0,614,XIC,RC,0,NT,FH,1.0,800,-30.55,-22.61,"[{'Canonical-syllable': '0', 'Growl': '3', 'High-freq-energy': '0', 'Long-island': '0', 'Low-tilt-spectrum': '1', 'Medium-island': '1', 'Short-island': '0', 'Squeal': '0', 'Typical-entropy': '0', 'Voicing-quality': '3', 'Wide-band': '1', 'Xlong-island': '0', 'seq': '1', 'end': 17382.69, 'start': 17381.89}]",0,0,[],[]
17382690,17384910,CHI,CHN,0.0,614,XIC,RC,0,TIFI,FH,3.0,1190,-25.15,-17.35,"[{'Canonical-syllable': '0', 'Growl': '1', 'High-freq-energy': '0', 'Long-island': '0', 'Low-tilt-spectrum': '0', 'Medium-island': '0', 'Short-island': '1', 'Squeal': '0', 'Typical-entropy': '0', 'Voicing-quality': '1', 'Wide-band': '1', 'Xlong-island': '0', 'seq': '1', 'end': 17382.83, 'start': 17382.69}, {'Canonical-syllable': '1', 'Growl': '0', 'High-freq-energy': '0', 'Long-island': '0', 'Low-tilt-spectrum': '0', 'Medium-island': '1', 'Short-island': '0', 'Squeal': '0', 'Typical-entropy': '0', 'Voicing-quality': '1', 'Wide-band': '0', 'Xlong-island': '0', 'seq': '2', 'end': 17383.76, 'start': 17383.21}, {'Canonical-syllable': '0', 'Growl': '1', 'High-freq-energy': '0', 'Long-island': '0', 'Low-tilt-spectrum': '0', 'Medium-island': '1', 'Short-island': '0', 'Squeal': '0', 'Typical-entropy': '0', 'Voicing-quality': '2', 'Wide-band': '0', 'Xlong-island': '0', 'seq': '3', 'end': 17384.91, 'start': 17384.41}]",0,0,[],[]
17384910,17386330,NA,OLF,0.0,614,XIC,NA,NA,NA,NA,0.0,0,-38.79,-31.3,[],0,0,[],[]
17386330,17387410,FEM,FAN,4.04,614,XIC,RC,1,TIFR,FI,0.0,0,-34.64,-28.74,[],0,0,[],[]
17387410,17388290,NA,NOF,0.0,614,XIC,NA,NA,NA,NA,0.0,0,-37.58,-31.54,[],0,0,[],[]
17388290,17389370,NA,OLF,0.0,614,XIC,NA,NA,NA,NA,0.0,0,-34.92,-27.59,[],0,0,[],[]
17389370,17390240,NA,NOF,0.0,614,XIC,NA,NA,NA,NA,0.0,0,-38.4,-29.41,[],0,0,[],[]
17390240,17391180,OCH,CXN,0.0,614,XIC,RC,1,NT,FI,0.0,0,-21.52,-15.88,[],0,0,[],[]
17391180,17391990,NA,NOF,0.0,614,XIC,NA,NA,NA,NA,0.0,0,-40.71,-36.06,[],0,0,[],[]
17391990,17393100,OCH,CXN,0.0,614,XIC,RC,1,NT,FH,0.0,0,-24.91,-20.07,[],0,0,[],[]
17393100,17394120,NA,NOF,0.0,614,XIC,NA,NA,NA,NA,0.0,0,-40.08,-34.67,[],0,0,[],[]
17394120,17395120,FEM,FAN,1.25,614,XIC,EC,1,NT,FI,0.0,0,-34.68,-28.11,[],0,0,[],[]
17395120,17396430,NA,NOF,0.0,615,pause,NA,NA,NA,NA,0.0,0,-39.48,-31.58,[],0,0,[],[]
17396430,17397550,FEM,FAN,0.0,615,pause,NA,NA,NA,NA,0.0,0,-34.74,-27.29,[],1120,0,[],[]
17397550,17403950,NA,NOF,0.0,615,pause,NA,NA,NA,NA,0.0,0,-36.82,-19.88,[],0,0,[],[]
17403950,17405030,FEM,FAN,4.52,615,AMF,EC,0,NT,FI,0.0,0,-30.72,-25.95,[],0,0,[],[]
17405030,17406090,NA,NOF,0.0,616,pause,NA,NA,NA,NA,0.0,0,-34.73,-29.02,[],0,0,[],[]
17406090,17406890,NA,OLN,0.0,616,pause,NA,NA,NA,NA,0.0,0,-33.34,-28.97,[],0,0,[],[]
17406890,17408950,NA,NOF,0.0,616,pause,NA,NA,NA,NA,0.0,0,-35.25,-27.07,[],0,0,[],[]
17408950,17409790,NA,OLF,0.0,616,pause,NA,NA,NA,NA,0.0,0,-31.61,-25.93,[],0,0,[],[]
17409790,17411530,NA,NOF,0.0,616,pause,NA,NA,NA,NA,0.0,0,-34.57,-29.82,[],0,0,[],[]
17411530,17412340,NA,OLF,0.0,616,pause,NA,NA,NA,NA,0.0,0,-32.75,-28.56,[],0,0,[],[]
17412340,17413400,NA,NOF,0.0,616,pause,NA,NA,NA,NA,0.0,0,-32.37,-27.92,[],0,0,[],[]
17413400,17414270,NA,OLF,0.0,616,pause,NA,NA,NA,NA,0.0,0,-30.62,-26.01,[],0,0,[],[]
17414270,17416010,NA,NOF,0.0,616,pause,NA,NA,NA,NA,0.0,0,-31.48,-26.3,[],0,0,[],[]
17416010,17418200,NA,OLF,0.0,616,pause,NA,NA,NA,NA,0.0,0,-31.3,-26.21,[],0,0,[],[]
17418200,17419680,NA,NOF,0.0,616,pause,NA,NA,NA,NA,0.0,0,-33.49,-29.24,[],0,0,[],[]
17419680,17421200,NA,OLF,0.0,616,pause,NA,NA,NA,NA,0.0,0,-33.83,-29.33,[],0,0,[],[]
17421200,17422210,NA,MAF,0.0,616,pause,NA,NA,NA,NA,0.0,0,-33.99,-26.98,[],0,0,[],[]
17422210,17424020,NA,OLF,0.0,616,pause,NA,NA,NA,NA,0.0,0,-33.67,-29.72,[],0,0,[],[]
17424020,17424940,NA,NOF,0.0,616,pause,NA,NA,NA,NA,0.0,0,-35.5,-31.25,[],0,0,[],[]
17424940,17426070,NA,OLF,0.0,616,pause,NA,NA,NA,NA,0.0,0,-33.57,-27.9,[],0,0,[],[]
17426070,17427560,NA,MAF,0.0,616,pause,NA,NA,NA,NA,0.0,0,-35.16,-29.55,[],0,0,[],[]
17427560,17428920,CHI,CHN,0.0,616,CIOCX,BC,0,NT,FI,1.0,1360,-19.41,-10.93,"[{'Canonical-syllable': '1', 'Growl': '0', 'High-freq-energy': '0', 'Long-island': '0', 'Low-tilt-spectrum': '1', 'Medium-island': '3', 'Short-island': '0', 'Squeal': '0', 'Typical-entropy': '1', 'Voicing-quality': '3', 'Wide-band': '0', 'Xlong-island': '0', 'seq': '1', 'end': 17428.92, 'start': 17427.56}]",0,0,[],[]
17428920,17429720,NA,OLN,0.0,616,CIOCX,NA,NA,NA,NA,0.0,0,-19.29,-9.32,[],0,0,[],[]
17429720,17430860,CHI,CHN,0.0,616,CIOCX,RC,0,NT,FH,1.0,1140,-15.25,-6.46,"[{'Canonical-syllable': '0', 'Growl': '0', 'High-freq-energy': '1', 'Long-island': '0', 'Low-tilt-spectrum': '3', 'Medium-island': '1', 'Short-island': '2', 'Squeal': '3', 'Typical-entropy': '3', 'Voicing-quality': '3', 'Wide-band': '0', 'Xlong-island': '0', 'seq': '1', 'end': 17430.86, 'start': 17429.72}]",0,0,[],[]
17430860,17431710,NA,NOF,0.0,616,CIOCX,NA,NA,NA,NA,0.0,0,-33.73,-26.26,[],0,0,[],[]
17431710,17433350,NA,OLN,0.0,616,CIOCX,NA,NA,NA,NA,0.0,0,-32.58,-25.65,[],0,0,[],[]
17433350,17434150,NA,NOF,0.0,616,CIOCX,NA,NA,NA,NA,0.0,0,-34.46,-28.7,[],0,0,[],[]
17434150,17435180,OCH,CXN,0.0,616,CIOCX,RC,0,NT,FI,0.0,0,-19.49,-12.16,[],0,0,[],[]
17435180,17436480,NA,OLF,0.0,616,CIOCX,NA,NA,NA,NA,0.0,0,-33.92,-24.99,[],0,0,[],[]
17436480,17437280,OCH,CXN,0.0,616,CIOCX,RC,0,NT,FH,0.0,0,-25.19,-19.47,[],0,0,[],[]
17437280,17438130,CHI,CHN,0.0,616,CIOCX,EC,0,NT,FI,1.0,850,-25.79,-18.28,"[{'Canonical-syllable': '1', 'Growl': '1', 'High-freq-energy': '0', 'Long-island': '0', 'Low-tilt-spectrum': '0', 'Medium-island': '2', 'Short-island': '0', 'Squeal': '0', 'Typical-entropy': '2', 'Voicing-quality': '2', 'Wide-band': '0', 'Xlong-island': '0', 'seq': '1', 'end': 17438.13, 'start': 17437.28}]",0,0,[],[]
17438130,17439480,NA,NOF,0.0,617,pause,NA,NA,NA,NA,0.0,0,-36.06,-30.67,[],0,0,[],[]
17439480,17440410,NA,OLN,0.0,617,pause,NA,NA,NA,NA,0.0,0,-31.14,-25.56,[],0,0,[],[]
17440410,17442290,NA,NOF,0.0,617,pause,NA,NA,NA,NA,0.0,0,-34.38,-22.34,[],0,0,[],[]
17442290,17443090,NA,OLF,0.0,617,pause,NA,NA,NA,NA,0.0,0,-34.87,-30.47,[],0,0,[],[]
17443090,17452040,NA,NOF,0.0,617,pause,NA,NA,NA,NA,0.0,0,-35.78,-27.19,[],0,0,[],[]
17452040,17453350,NA,OLN,0.0,617,pause,NA,NA,NA,NA,0.0,0,-29.15,-18.83,[],0,0,[],[]
17453350,17457900,NA,NOF,0.0,617,pause,NA,NA,NA,NA,0.0,0,-30.01,-17.18,[],0,0,[],[]
17457900,17459680,NA,OLN,0.0,617,pause,NA,NA,NA,NA,0.0,0,-29.55,-24.41,[],0,0,[],[]
17459680,17460600,NA,NOF,0.0,617,pause,NA,NA,NA,NA,0.0,0,-29.46,-25.33,[],0,0,[],[]
17460600,17462680,NA,OLF,0.0,617,pause,NA,NA,NA,NA,0.0,0,-27.05,-20.47,[],0,0,[],[]
17462680,17463280,CHI,CHN,0.0,617,CIC,BC,0,TIFI,FI,1.0,600,-20.38,-15.92,"[{'Canonical-syllable': '0', 'Growl': '1', 'High-freq-energy': '0', 'Long-island': '0', 'Low-tilt-spectrum': '0', 'Medium-island': '1', 'Short-island': '0', 'Squeal': '0', 'Typical-entropy': '0', 'Voicing-quality': '1', 'Wide-band': '0', 'Xlong-island': '0', 'seq': '1', 'end': 17463.28, 'start': 17462.68}]",0,0,[],[]
17463280,17464290,FEM,FAN,5.13,617,CIC,EC,1,TIFR,FI,0.0,0,-23.3,-19.51,[],0,0,[],[]
17464290,17469070,NA,MAF,0.0,618,pause,NA,NA,NA,NA,0.0,0,-23.23,-17.22,[],0,0,[],[]
17469070,17471040,NA,OLN,0.0,618,pause,NA,NA,NA,NA,0.0,0,-24.68,-19.46,[],0,0,[],[]
17471040,17472090,NA,NOF,0.0,618,pause,NA,NA,NA,NA,0.0,0,-16.05,-2.95,[],0,0,[],[]
17472090,17473060,NA,OLF,0.0,618,pause,NA,NA,NA,NA,0.0,0,-25.76,-20.25,[],0,0,[],[]
17473060,17477040,NA,NOF,0.0,618,pause,NA,NA,NA,NA,0.0,0,-29.94,-19.52,[],0,0,[],[]
17477040,17477740,CHI,CHN,0.0,618,CIOCX,BC,0,NT,FI,1.0,700,-27.72,-22.47,"[{'Canonical-syllable': '0', 'Growl': '1', 'High-freq-energy': '0', 'Long-island': '1', 'Low-tilt-spectrum': '0', 'Medium-island': '0', 'Short-island': '0', 'Squeal': '0', 'Typical-entropy': '1', 'Voicing-quality': '1', 'Wide-band': '0', 'Xlong-island': '0', 'seq': '1', 'end': 17477.74, 'start': 17477.04}]",0,0,[],[]
17477740,17478730,NA,NOF,0.0,618,CIOCX,NA,NA,NA,NA,0.0,0,-31.48,-27.08,[],0,0,[],[]
17478730,17479530,NA,OLF,0.0,618,CIOCX,NA,NA,NA,NA,0.0,0,-33.18,-25.9,[],0,0,[],[]
17479530,17480130,OCH,CXN,0.0,618,CIOCX,EC,0,NT,FI,0.0,0,-28.66,-24.34,[],0,0,[],[]
17480130,17481020,NA,OLN,0.0,619,pause,NA,NA,NA,NA,0.0,0,-29.35,-21.58,[],0,0,[],[]
17481020,17486650,NA,NOF,0.0,619,pause,NA,NA,NA,NA,0.0,0,-35.25,-23.3,[],0,0,[],[]
17486650,17487450,NA,OLF,0.0,619,pause,NA,NA,NA,NA,0.0,0,-31.96,-28.11,[],0,0,[],[]
17487450,17489240,NA,NOF,0.0,619,pause,NA,NA,NA,NA,0.0,0,-37.39,-28.75,[],0,0,[],[]
17489240,17490040,NA,OLN,0.0,619,pause,NA,NA,NA,NA,0.0,0,-34.18,-30.28,[],0,0,[],[]
17490040,17502260,NA,NOF,0.0,619,pause,NA,NA,NA,NA,0.0,0,-38.62,-29.56,[],0,0,[],[]
17502260,17503230,OCH,CXN,0.0,619,XIOCC,BC,0,NT,FI,0.0,0,-36.94,-31.76,[],0,0,[],[]
17503230,17504270,NA,NOF,0.0,619,XIOCC,NA,NA,NA,NA,0.0,0,-40.03,-31.46,[],0,0,[],[]
17504270,17505300,NA,OLF,0.0,619,XIOCC,NA,NA,NA,NA,0.0,0,-37.08,-29.66,[],0,0,[],[]
17505300,17506100,OCH,CXN,0.0,619,XIOCC,RC,0,NT,FH,0.0,0,-29.04,-24.87,[],0,0,[],[]
17506100,17506900,NA,NOF,0.0,619,XIOCC,NA,NA,NA,NA,0.0,0,-41.7,-36.87,[],0,0,[],[]
17506900,17508660,CHI,CHN,0.0,619,XIOCC,RC,0,NT,FI,1.0,1570,-22.1,-14.8,"[{'Canonical-syllable': '0', 'Growl': '1', 'High-freq-energy': '0', 'Long-island': '0', 'Low-tilt-spectrum': '1', 'Medium-island': '0', 'Short-island': '1', 'Squeal': '0', 'Typical-entropy': '1', 'Voicing-quality': '2', 'Wide-band': '0', 'Xlong-island': '1', 'seq': '1', 'end': 17508.47, 'start': 17506.9}]",0,0,[],[]
17508660,17509460,NA,NOF,0.0,619,XIOCC,NA,NA,NA,NA,0.0,0,-37.32,-31.39,[],0,0,[],[]
17509460,17510260,NA,OLF,0.0,619,XIOCC,NA,NA,NA,NA,0.0,0,-35.09,-29.27,[],0,0,[],[]
17510260,17512710,NA,NOF,0.0,619,XIOCC,NA,NA,NA,NA,0.0,0,-41.27,-36.68,[],0,0,[],[]
17512710,17513410,CHI,CHN,0.0,619,XIOCC,EC,0,NT,FH,1.0,700,-29.98,-23.07,"[{'Canonical-syllable': '0', 'Growl': '2', 'High-freq-energy': '0', 'Long-island': '0', 'Low-tilt-spectrum': '1', 'Medium-island': '0', 'Short-island': '2', 'Squeal': '0', 'Typical-entropy': '0', 'Voicing-quality': '1', 'Wide-band': '0', 'Xlong-island': '0', 'seq': '1', 'end': 17513.41, 'start': 17512.71}]",0,0,[],[]
17513410,17515520,NA,NOF,0.0,620,pause,NA,NA,NA,NA,0.0,0,-36.59,-28.32,[],0,0,[],[]
17515520,17516320,NA,OLF,0.0,620,pause,NA,NA,NA,NA,0.0,0,-32.56,-26.0,[],0,0,[],[]
17516320,17519550,NA,NOF,0.0,620,pause,NA,NA,NA,NA,0.0,0,-37.77,-30.87,[],0,0,[],[]
17519550,17520540,NA,OLF,0.0,620,pause,NA,NA,NA,NA,0.0,0,-32.39,-26.08,[],0,0,[],[]
17520540,17521690,NA,NOF,0.0,620,pause,NA,NA,NA,NA,0.0,0,-39.68,-33.64,[],0,0,[],[]
17521690,17522560,NA,OLN,0.0,620,pause,NA,NA,NA,NA,0.0,0,-32.54,-24.38,[],0,0,[],[]
17522560,17523160,CHI,CHN,0.0,620,CIOCX,BC,0,NT,FI,1.0,600,-27.78,-21.64,"[{'Canonical-syllable': '0', 'Growl': '1', 'High-freq-energy': '0', 'Long-island': '0', 'Low-tilt-spectrum': '1', 'Medium-island': '1', 'Short-island': '0', 'Squeal': '0', 'Typical-entropy': '0', 'Voicing-quality': '1', 'Wide-band': '0', 'Xlong-island': '0', 'seq': '1', 'end': 17523.16, 'start': 17522.56}]",0,0,[],[]
17523160,17523960,OCH,CXN,0.0,620,CIOCX,RC,0,NT,FI,0.0,0,-34.3,-27.6,[],0,0,[],[]
17523960,17525860,NA,NOF,0.0,620,CIOCX,NA,NA,NA,NA,0.0,0,-39.32,-34.03,[],0,0,[],[]
17525860,17526850,OCH,CXN,0.0,620,CIOCX,RC,0,NT,FH,0.0,0,-31.99,-23.83,[],0,0,[],[]
17526850,17528910,NA,NOF,0.0,620,CIOCX,NA,NA,NA,NA,0.0,0,-37.98,-30.98,[],0,0,[],[]
17528910,17529720,NA,CXF,0.0,620,CIOCX,NA,NA,NA,NA,0.0,0,-35.45,-29.57,[],0,0,[],[]
17529720,17530520,NA,NOF,0.0,620,CIOCX,NA,NA,NA,NA,0.0,0,-40.58,-33.81,[],0,0,[],[]
17530520,17531120,OCH,CXN,0.0,620,CIOCX,RC,0,NT,FH,0.0,0,-32.18,-27.73,[],0,0,[],[]
17531120,17532100,NA,NOF,0.0,620,CIOCX,NA,NA,NA,NA,0.0,0,-41.24,-36.09,[],0,0,[],[]
17532100,17532930,NA,CXF,0.0,620,CIOCX,NA,NA,NA,NA,0.0,0,-34.04,-23.5,[],0,0,[],[]
17532930,17533730,NA,OLF,0.0,620,CIOCX,NA,NA,NA,NA,0.0,0,-37.99,-24.81,[],0,0,[],[]
17533730,17535050,NA,NOF,0.0,620,CIOCX,NA,NA,NA,NA,0.0,0,-41.14,-35.99,[],0,0,[],[]
17535050,17536120,OCH,CXN,0.0,620,CIOCX,RC,0,NT,FH,0.0,0,-32.61,-25.81,[],0,0,[],[]
17536120,17536870,OCH,CXN,0.0,620,CIOCX,RC,0,NT,FH,0.0,0,-34.79,-29.57,[],0,0,[],[]
17536870,17537670,NA,NOF,0.0,620,CIOCX,NA,NA,NA,NA,0.0,0,-38.14,-31.59,[],0,0,[],[]
17537670,17539030,OCH,CXN,0.0,620,CIOCX,RC,0,NT,FH,0.0,0,-33.6,-24.29,[],0,0,[],[]
17539030,17539920,NA,NOF,0.0,620,CIOCX,NA,NA,NA,NA,0.0,0,-42.01,-37.64,[],0,0,[],[]
17539920,17541200,OCH,CXN,0.0,620,CIOCX,EC,0,NT,FH,0.0,0,-34.38,-27.89,[],0,0,[],[]
17541200,17550660,NA,NOF,0.0,621,pause,NA,NA,NA,NA,0.0,0,-39.79,-26.17,[],0,0,[],[]
17550660,17551570,OCH,CXN,0.0,621,XIC,BC,0,NT,FI,0.0,0,-29.79,-23.14,[],0,0,[],[]
17551570,17553510,CHI,CHN,0.0,621,XIC,RC,0,NT,FI,1.0,1940,-26.86,-17.44,"[{'Canonical-syllable': '0', 'Growl': '2', 'High-freq-energy': '0', 'Long-island': '0', 'Low-tilt-spectrum': '0', 'Medium-island': '2', 'Short-island': '2', 'Squeal': '0', 'Typical-entropy': '1', 'Voicing-quality': '4', 'Wide-band': '0', 'Xlong-island': '0', 'seq': '1', 'end': 17553.51, 'start': 17551.76}]",0,0,[],[]
17553510,17554310,NA,NOF,0.0,621,XIC,NA,NA,NA,NA,0.0,0,-39.14,-32.93,[],0,0,[],[]
17554310,17554980,CHI,CHN,0.0,621,XIC,RC,0,TIMI,FH,1.0,670,-27.72,-22.64,"[{'Canonical-syllable': '0', 'Growl': '1', 'High-freq-energy': '0', 'Long-island': '1', 'Low-tilt-spectrum': '0', 'Medium-island': '0', 'Short-island': '0', 'Squeal': '0', 'Typical-entropy': '1', 'Voicing-quality': '1', 'Wide-band': '0', 'Xlong-island': '0', 'seq': '1', 'end': 17554.98, 'start': 17554.31}]",0,0,[],[]
17554980,17556060,NA,OLN,0.0,621,XIC,NA,NA,NA,NA,0.0,0,-30.55,-20.2,[],0,0,[],[]
17556060,17557090,MAL,MAN,5.13,621,XIC,RC,1,TIMR,FI,0.0,0,-31.63,-26.72,[],0,0,[],[]
17557090,17559390,NA,NOF,0.0,621,XIC,NA,NA,NA,NA,0.0,0,-40.18,-28.36,[],0,0,[],[]
17559390,17560000,CHI,CHN,0.0,621,XIC,RC,1,TIME,FI,1.0,610,-24.28,-16.48,"[{'Canonical-syllable': '0', 'Growl': '0', 'High-freq-energy': '0', 'Long-island': '0', 'Low-tilt-spectrum': '0', 'Medium-island': '1', 'Short-island': '0', 'Squeal': '0', 'Typical-entropy': '1', 'Voicing-quality': '1', 'Wide-band': '0', 'Xlong-island': '0', 'seq': '1', 'end': 17560.0, 'start': 17559.55}]",0,0,[],[]
17560000,17564100,NA,NOF,0.0,621,XIC,NA,NA,NA,NA,0.0,0,-36.62,-20.39,[],0,0,[],[]
17564100,17564730,CHI,CHN,0.0,621,XIC,EC,1,NT,FH,1.0,630,-25.94,-20.85,"[{'Canonical-syllable': '1', 'Growl': '1', 'High-freq-energy': '0', 'Long-island': '0', 'Low-tilt-spectrum': '0', 'Medium-island': '1', 'Short-island': '1', 'Squeal': '0', 'Typical-entropy': '0', 'Voicing-quality': '2', 'Wide-band': '0', 'Xlong-island': '0', 'seq': '1', 'end': 17564.73, 'start': 17564.1}]",0,0,[],[]
17564730,17572110,NA,NOF,0.0,622,pause,NA,NA,NA,NA,0.0,0,-40.55,-22.86,[],0,0,[],[]
17572110,17575340,CHI,CHN,0.0,622,CIOCX,BC,0,NT,FI,3.0,1990,-20.81,-12.19,"[{'Canonical-syllable': '0', 'Growl': '2', 'High-freq-energy': '0', 'Long-island': '0', 'Low-tilt-spectrum': '1', 'Medium-island': '0', 'Short-island': '2', 'Squeal': '0', 'Typical-entropy': '1', 'Voicing-quality': '2', 'Wide-band': '1', 'Xlong-island': '0', 'seq': '1', 'end': 17572.51, 'start': 17572.11}, {'Canonical-syllable': '0', 'Growl': '2', 'High-freq-energy': '0', 'Long-island': '0', 'Low-tilt-spectrum': '0', 'Medium-island': '1', 'Short-island': '2', 'Squeal': '0', 'Typical-entropy': '1', 'Voicing-quality': '3', 'Wide-band': '0', 'Xlong-island': '0', 'seq': '2', 'end': 17574.1, 'start': 17573.21}, {'Canonical-syllable': '0', 'Growl': '1', 'High-freq-energy': '0', 'Long-island': '0', 'Low-tilt-spectrum': '0', 'Medium-island': '0', 'Short-island': '2', 'Squeal': '0', 'Typical-entropy': '1', 'Voicing-quality': '3', 'Wide-band': '0', 'Xlong-island': '0', 'seq': '3', 'end': 17575.34, 'start': 17574.64}]",0,0,[],[]
17575340,17576350,CHI,CHN,0.0,622,CIOCX,RC,0,NT,FH,1.0,390,-23.81,-15.11,"[{'Canonical-syllable': '1', 'Growl': '0', 'High-freq-energy': '0', 'Long-island': '0', 'Low-tilt-spectrum': '0', 'Medium-island': '0', 'Short-island': '2', 'Squeal': '0', 'Typical-entropy': '2', 'Voicing-quality': '2', 'Wide-band': '0', 'Xlong-island': '0', 'seq': '1', 'end': 17576.27, 'start': 17575.88}]",0,0,[],[]
17576350,17577500,CHI,CHN,0.0,622,CIOCX,NA,NA,NA,NA,0.0,0,-25.72,-15.84,[],0,1150,"[{'start': 17576.35, 'end': 17577.5}]",[]
17577500,17578300,NA,MAF,0.0,622,CIOCX,NA,NA,NA,NA,0.0,0,-31.93,-22.25,[],0,0,[],[]
17578300,17578960,CHI,CHN,0.0,622,CIOCX,RC,0,NT,FH,1.0,660,-16.34,-10.88,"[{'Canonical-syllable': '0', 'Growl': '0', 'High-freq-energy': '0', 'Long-island': '1', 'Low-tilt-spectrum': '0', 'Medium-island': '0', 'Short-island': '0', 'Squeal': '0', 'Typical-entropy': '1', 'Voicing-quality': '1', 'Wide-band': '0', 'Xlong-island': '0', 'seq': '1', 'end': 17578.96, 'start': 17578.3}]",0,0,[],[]
17578960,17580080,NA,OLF,0.0,622,CIOCX,NA,NA,NA,NA,0.0,0,-35.54,-24.04,[],0,0,[],[]
17580080,17580680,CHI,CHN,0.0,622,CIOCX,RC,0,NT,FH,1.0,250,-21.25,-12.43,"[{'Canonical-syllable': '0', 'Growl': '1', 'High-freq-energy': '0', 'Long-island': '0', 'Low-tilt-spectrum': '0', 'Medium-island': '0', 'Short-island': '1', 'Squeal': '0', 'Typical-entropy': '0', 'Voicing-quality': '1', 'Wide-band': '0', 'Xlong-island': '0', 'seq': '1', 'end': 17580.68, 'start': 17580.43}]",0,0,[],[]
17580680,17581480,NA,NOF,0.0,622,CIOCX,NA,NA,NA,NA,0.0,0,-42.14,-32.77,[],0,0,[],[]
17581480,17583640,CHI,CHN,0.0,622,CIOCX,RC,0,NT,FH,2.0,1700,-21.22,-12.06,"[{'Canonical-syllable': '0', 'Growl': '1', 'High-freq-energy': '0', 'Long-island': '0', 'Low-tilt-spectrum': '1', 'Medium-island': '1', 'Short-island': '0', 'Squeal': '0', 'Typical-entropy': '1', 'Voicing-quality': '2', 'Wide-band': '0', 'Xlong-island': '0', 'seq': '1', 'end': 17582.46, 'start': 17581.48}, {'Canonical-syllable': '0', 'Growl': '0', 'High-freq-energy': '0', 'Long-island': '1', 'Low-tilt-spectrum': '0', 'Medium-island': '0', 'Short-island': '0', 'Squeal': '0', 'Typical-entropy': '0', 'Voicing-quality': '1', 'Wide-band': '0', 'Xlong-island': '0', 'seq': '2', 'end': 17583.64, 'start': 17582.92}]",0,0,[],[]
17583640,17584510,NA,NOF,0.0,622,CIOCX,NA,NA,NA,NA,0.0,0,-41.89,-37.58,[],0,0,[],[]
17584510,17585310,NA,MAF,0.0,622,CIOCX,NA,NA,NA,NA,0.0,0,-38.33,-30.31,[],0,0,[],[]
17585310,17587080,NA,NOF,0.0,622,CIOCX,NA,NA,NA,NA,0.0,0,-29.35,-13.56,[],0,0,[],[]
17587080,17589250,CHI,CHN,0.0,622,CIOCX,RC,0,NT,FH,2.0,1840,-19.31,-10.73,"[{'Canonical-syllable': '1', 'Growl': '0', 'High-freq-energy': '0', 'Long-island': '0', 'Low-tilt-spectrum': '2', 'Medium-island': '2', 'Short-island': '2', 'Squeal': '0', 'Typical-entropy': '3', 'Voicing-quality': '4', 'Wide-band': '0', 'Xlong-island': '0', 'seq': '1', 'end': 17588.65, 'start': 17587.08}, {'Canonical-syllable': '0', 'Growl': '0', 'High-freq-energy': '0', 'Long-island': '0', 'Low-tilt-spectrum': '0', 'Medium-island': '0', 'Short-island': '1', 'Squeal': '0', 'Typical-entropy': '0', 'Voicing-quality': '1', 'Wide-band': '0', 'Xlong-island': '0', 'seq': '2', 'end': 17589.25, 'start': 17588.98}]",0,0,[],[]
17589250,17590360,NA,OLF,0.0,622,CIOCX,NA,NA,NA,NA,0.0,0,-37.29,-27.77,[],0,0,[],[]
17590360,17591300,OCH,CXN,0.0,622,CIOCX,RC,0,NT,FI,0.0,0,-31.34,-22.43,[],0,0,[],[]
17591300,17592180,CHI,CHN,0.0,622,CIOCX,RC,0,NT,FI,2.0,570,-27.71,-19.17,"[{'Canonical-syllable': '0', 'Growl': '0', 'High-freq-energy': '0', 'Long-island': '0', 'Low-tilt-spectrum': '0', 'Medium-island': '0', 'Short-island': '1', 'Squeal': '0', 'Typical-entropy': '0', 'Voicing-quality': '1', 'Wide-band': '0', 'Xlong-island': '0', 'seq': '1', 'end': 17591.65, 'start': 17591.43}, {'Canonical-syllable': '0', 'Growl': '0', 'High-freq-energy': '0', 'Long-island': '0', 'Low-tilt-spectrum': '0', 'Medium-island': '0', 'Short-island': '1', 'Squeal': '0', 'Typical-entropy': '1', 'Voicing-quality': '1', 'Wide-band': '0', 'Xlong-island': '0', 'seq': '2', 'end': 17592.18, 'start': 17591.96}]",0,0,[],[]
17592180,17592990,NA,NOF,0.0,622,CIOCX,NA,NA,NA,NA,0.0,0,-39.37,-24.25,[],0,0,[],[]
17592990,17593590,CHI,CHN,0.0,622,CIOCX,EC,0,NT,FH,1.0,510,-26.46,-20.23,"[{'Canonical-syllable': '1', 'Growl': '0', 'High-freq-energy': '0', 'Long-island': '0', 'Low-tilt-spectrum': '0', 'Medium-island': '1', 'Short-island': '0', 'Squeal': '0', 'Typical-entropy': '0', 'Voicing-quality': '1', 'Wide-band': '0', 'Xlong-island': '0', 'seq': '1', 'end': 17593.5, 'start': 17593.1}]",0,0,[],[]
17593590,17596390,NA,NOF,0.0,623,pause,NA,NA,NA,NA,0.0,0,-30.98,-13.1,[],0,0,[],[]
17596390,17597220,NA,OLF,0.0,623,pause,NA,NA,NA,NA,0.0,0,-23.76,-6.81,[],0,0,[],[]
17597220,17609910,NA,NOF,0.0,623,pause,NA,NA,NA,NA,0.0,0,-26.66,-0.04,[],0,0,[],[]
17609910,17611060,NA,OLN,0.0,623,pause,NA,NA,NA,NA,0.0,0,-20.77,-8.06,[],0,0,[],[]
17611060,17618330,NA,NOF,0.0,623,pause,NA,NA,NA,NA,0.0,0,-37.22,-14.42,[],0,0,[],[]
17618330,17619330,MAL,MAN,3.27,623,AMM,EC,0,NT,FI,0.0,0,-17.71,-8.66,[],0,0,[],[]
17619330,17620230,NA,OLF,0.0,624,pause,NA,NA,NA,NA,0.0,0,-38.24,-30.87,[],0,0,[],[]
17620230,17621400,NA,NOF,0.0,624,pause,NA,NA,NA,NA,0.0,0,-36.15,-23.21,[],0,0,[],[]
17621400,17622420,NA,MAF,0.0,624,pause,NA,NA,NA,NA,0.0,0,-33.98,-21.15,[],0,0,[],[]
17622420,17624070,NA,NON,0.0,624,pause,NA,NA,NA,NA,0.0,0,-33.66,-20.97,[],0,0,[],[]
17624070,17624880,NA,OLF,0.0,624,pause,NA,NA,NA,NA,0.0,0,-25.18,-7.55,[],0,0,[],[]
17624880,17626650,NA,NOF,0.0,624,pause,NA,NA,NA,NA,0.0,0,-31.65,-12.28,[],0,0,[],[]
17626650,17627740,NA,SIL,0.0,624,pause,NA,NA,NA,NA,0.0,0,-37.03,-23.88,[],0,0,[],[]
17627740,17628900,NA,MAF,0.0,624,pause,NA,NA,NA,NA,0.0,0,-39.13,-35.57,[],0,0,[],[]
17628900,17630660,NA,OLF,0.0,624,pause,NA,NA,NA,NA,0.0,0,-36.97,-22.54,[],0,0,[],[]
17630660,17631680,MAL,MAN,2.48,624,AICM,BC,0,NT,FI,0.0,0,-24.16,-16.18,[],0,0,[],[]
17631680,17633030,FEM,FAN,4.04,624,AICM,RC,0,TIFI,FI,0.0,0,-25.14,-9.39,[],0,0,[],[]
17633030,17633880,NA,NOF,0.0,624,AICM,NA,NA,NA,NA,0.0,0,-38.65,-26.39,[],0,0,[],[]
17633880,17635240,CHI,CHN,0.0,624,AICM,RC,1,TIFR,FI,1.0,1170,-29.66,-19.93,"[{'Canonical-syllable': '0', 'Growl': '3', 'High-freq-energy': '0', 'Long-island': '0', 'Low-tilt-spectrum': '0', 'Medium-island': '1', 'Short-island': '2', 'Squeal': '0', 'Typical-entropy': '0', 'Voicing-quality': '3', 'Wide-band': '0', 'Xlong-island': '0', 'seq': '1', 'end': 17635.05, 'start': 17633.88}]",0,0,[],[]
17635240,17636170,CHI,CHN,0.0,624,AICM,RC,1,NT,FH,2.0,370,-25.73,-15.08,"[{'Canonical-syllable': '0', 'Growl': '0', 'High-freq-energy': '0', 'Long-island': '0', 'Low-tilt-spectrum': '0', 'Medium-island': '0', 'Short-island': '1', 'Squeal': '0', 'Typical-entropy': '1', 'Voicing-quality': '1', 'Wide-band': '0', 'Xlong-island': '0', 'seq': '1', 'end': 17635.39, 'start': 17635.24}, {'Canonical-syllable': '1', 'Growl': '0', 'High-freq-energy': '0', 'Long-island': '0', 'Low-tilt-spectrum': '0', 'Medium-island': '0', 'Short-island': '1', 'Squeal': '0', 'Typical-entropy': '0', 'Voicing-quality': '1', 'Wide-band': '0', 'Xlong-island': '0', 'seq': '2', 'end': 17636.17, 'start': 17635.95}]",0,0,[],[]
17636170,17637140,NA,OLN,0.0,624,AICM,NA,NA,NA,NA,0.0,0,-33.26,-23.09,[],0,0,[],[]
17637140,17637740,CHI,CHN,0.0,624,AICM,RC,1,NT,FH,1.0,270,-20.45,-8.03,"[{'Canonical-syllable': '1', 'Growl': '0', 'High-freq-energy': '0', 'Long-island': '0', 'Low-tilt-spectrum': '1', 'Medium-island': '0', 'Short-island': '1', 'Squeal': '0', 'Typical-entropy': '1', 'Voicing-quality': '1', 'Wide-band': '0', 'Xlong-island': '0', 'seq': '1', 'end': 17637.41, 'start': 17637.14}]",0,0,[],[]
17637740,17638570,NA,OLN,0.0,624,AICM,NA,NA,NA,NA,0.0,0,-27.19,-18.51,[],0,0,[],[]
17638570,17639590,CHI,CHN,0.0,624,AICM,RC,1,NT,FH,1.0,910,-19.84,-12.88,"[{'Canonical-syllable': '1', 'Growl': '1', 'High-freq-energy': '0', 'Long-island': '0', 'Low-tilt-spectrum': '0', 'Medium-island': '1', 'Short-island': '1', 'Squeal': '0', 'Typical-entropy': '0', 'Voicing-quality': '2', 'Wide-band': '0', 'Xlong-island': '0', 'seq': '1', 'end': 17639.48, 'start': 17638.57}]",0,0,[],[]
17639590,17641540,CHI,CHN,0.0,624,AICM,RC,1,NT,FH,2.0,1500,-26.59,-18.09,"[{'Canonical-syllable': '0', 'Growl': '1', 'High-freq-energy': '0', 'Long-island': '0', 'Low-tilt-spectrum': '1', 'Medium-island': '0', 'Short-island': '0', 'Squeal': '0', 'Typical-entropy': '1', 'Voicing-quality': '1', 'Wide-band': '0', 'Xlong-island': '0', 'seq': '1', 'end': 17639.81, 'start': 17639.7}, {'Canonical-syllable': '1', 'Growl': '1', 'High-freq-energy': '0', 'Long-island': '1', 'Low-tilt-spectrum': '1', 'Medium-island': '0', 'Short-island': '2', 'Squeal': '0', 'Typical-entropy': '1', 'Voicing-quality': '3', 'Wide-band': '0', 'Xlong-island': '0', 'seq': '2', 'end': 17641.54, 'start': 17640.26}]",0,0,[],[]
17641540,17642800,NA,OLN,0.0,624,AICM,NA,NA,NA,NA,0.0,0,-29.92,-16.97,[],0,0,[],[]
17642800,17644040,CHI,CHN,0.0,624,AICM,NA,NA,NA,NA,0.0,0,-25.81,-15.32,[],0,490,"[{'start': 17643.55, 'end': 17643.8}]","[{'start': 17643.8, 'end': 17644.04}]"
17644040,17644800,CHI,CHN,0.0,624,AICM,RC,1,NT,FH,1.0,530,-27.83,-21.2,"[{'Canonical-syllable': '0', 'Growl': '1', 'High-freq-energy': '0', 'Long-island': '0', 'Low-tilt-spectrum': '0', 'Medium-island': '1', 'Short-island': '0', 'Squeal': '0', 'Typical-entropy': '1', 'Voicing-quality': '1', 'Wide-band': '0', 'Xlong-island': '0', 'seq': '1', 'end': 17644.57, 'start': 17644.04}]",0,0,[],[]
17644800,17645670,NA,OLN,0.0,624,AICM,NA,NA,NA,NA,0.0,0,-21.1,-9.2,[],0,0,[],[]
17645670,17646470,CHI,CHN,0.0,624,AICM,RC,1,NT,FH,1.0,800,-22.4,-13.93,"[{'Canonical-syllable': '1', 'Growl': '1', 'High-freq-energy': '0', 'Long-island': '0', 'Low-tilt-spectrum': '1', 'Medium-island': '1', 'Short-island': '1', 'Squeal': '0', 'Typical-entropy': '1', 'Voicing-quality': '2', 'Wide-band': '0', 'Xlong-island': '0', 'seq': '1', 'end': 17646.47, 'start': 17645.67}]",0,0,[],[]
17646470,17647470,CHI,CHN,0.0,624,AICM,EC,1,NT,FH,1.0,460,-20.85,-12.48,"[{'Canonical-syllable': '0', 'Growl': '0', 'High-freq-energy': '0', 'Long-island': '0', 'Low-tilt-spectrum': '1', 'Medium-island': '1', 'Short-island': '0', 'Squeal': '0', 'Typical-entropy': '1', 'Voicing-quality': '1', 'Wide-band': '0', 'Xlong-island': '0', 'seq': '1', 'end': 17646.93, 'start': 17646.47}]",0,0,[],[]
17647470,17648650,NA,NON,0.0,625,pause,NA,NA,NA,NA,0.0,0,-27.19,-11.8,[],0,0,[],[]
17648650,17649840,NA,OLF,0.0,625,pause,NA,NA,NA,NA,0.0,0,-35.81,-24.67,[],0,0,[],[]
17649840,17653060,NA,NOF,0.0,625,pause,NA,NA,NA,NA,0.0,0,-39.15,-21.57,[],0,0,[],[]
17653060,17654230,NA,OLN,0.0,625,pause,NA,NA,NA,NA,0.0,0,-32.64,-21.01,[],0,0,[],[]
17654230,17655620,FEM,FAN,0.0,625,pause,NA,NA,NA,NA,0.0,0,-27.99,-21.33,[],1390,0,[],[]
17655620,17660830,NA,NOF,0.0,625,pause,NA,NA,NA,NA,0.0,0,-27.81,-6.84,[],0,0,[],[]
17660830,17661830,MAL,MAN,3.49,625,AICM,BC,0,NT,FI,0.0,0,-30.08,-21.29,[],0,0,[],[]
17661830,17662500,NA,CHF,0.0,625,AICM,NA,NA,NA,NA,0.0,0,-25.81,-10.41,[],0,110,"[{'start': 17662.27, 'end': 17662.38}]",[]
17662500,17664010,NA,FAF,0.0,625,AICM,NA,NA,NA,NA,0.0,0,-35.11,-27.44,[],0,0,[],[]
17664010,17665440,NA,NOF,0.0,625,AICM,NA,NA,NA,NA,0.0,0,-26.56,-9.47,[],0,0,[],[]
17665440,17666480,MAL,MAN,4.46,625,AICM,RC,0,TIMI,FH,0.0,0,-33.17,-28.58,[],0,0,[],[]
17666480,17667520,NA,NOF,0.0,625,AICM,NA,NA,NA,NA,0.0,0,-42.86,-36.8,[],0,0,[],[]
17667520,17669090,CHI,CHN,0.0,625,AICM,EC,1,TIMR,FI,1.0,1570,-15.56,-5.38,"[{'Canonical-syllable': '2', 'Growl': '1', 'High-freq-energy': '3', 'Long-island': '0', 'Low-tilt-spectrum': '3', 'Medium-island': '3', 'Short-island': '0', 'Squeal': '0', 'Typical-entropy': '3', 'Voicing-quality': '3', 'Wide-band': '0', 'Xlong-island': '0', 'seq': '1', 'end': 17669.09, 'start': 17667.52}]",0,0,[],[]
17669090,17678630,NA,NOF,0.0,626,pause,NA,NA,NA,NA,0.0,0,-25.35,-5.33,[],0,0,[],[]
17678630,17679880,CHI,CHN,0.0,626,CIC,BC,0,TIMI,FI,1.0,1250,-15.45,-5.86,"[{'Canonical-syllable': '0', 'Growl': '1', 'High-freq-energy': '2', 'Long-island': '0', 'Low-tilt-spectrum': '1', 'Medium-island': '2', 'Short-island': '1', 'Squeal': '0', 'Typical-entropy': '2', 'Voicing-quality': '3', 'Wide-band': '0', 'Xlong-island': '0', 'seq': '1', 'end': 17679.88, 'start': 17678.63}]",0,0,[],[]
17679880,17682700,NA,NOF,0.0,626,CIC,NA,NA,NA,NA,0.0,0,-19.61,-1.95,[],0,0,[],[]
17682700,17683710,MAL,MAN,4.62,626,CIC,RC,1,TIMR,FI,0.0,0,-25.46,-19.33,[],0,0,[],[]
17683710,17684610,CHI,CHN,0.0,626,CIC,RC,1,TIMI,FI,1.0,410,-19.09,-8.38,"[{'Canonical-syllable': '0', 'Growl': '0', 'High-freq-energy': '0', 'Long-island': '0', 'Low-tilt-spectrum': '1', 'Medium-island': '1', 'Short-island': '0', 'Squeal': '0', 'Typical-entropy': '1', 'Voicing-quality': '1', 'Wide-band': '0', 'Xlong-island': '0', 'seq': '1', 'end': 17684.61, 'start': 17684.2}]",0,0,[],[]
17684610,17686610,MAL,MAN,8.34,626,CIC,RC,2,TIMR,FI,0.0,0,-29.35,-21.38,[],0,0,[],[]
17686610,17687410,NA,FAF,0.0,626,CIC,NA,NA,NA,NA,0.0,0,-35.5,-18.23,[],0,0,[],[]
17687410,17688410,MAL,MAN,2.89,626,CIC,EC,2,NT,FH,0.0,0,-34.85,-28.92,[],0,0,[],[]
17688410,17691430,NA,NOF,0.0,627,pause,NA,NA,NA,NA,0.0,0,-32.3,-10.73,[],0,0,[],[]
17691430,17692230,NA,OLN,0.0,627,pause,NA,NA,NA,NA,0.0,0,-23.83,-11.65,[],0,0,[],[]
17692230,17694400,NA,NOF,0.0,627,pause,NA,NA,NA,NA,0.0,0,-23.46,-3.03,[],0,0,[],[]
17694400,17695440,NA,FAF,0.0,627,pause,NA,NA,NA,NA,0.0,0,-29.48,-19.89,[],0,0,[],[]
17695440,17696810,NA,NOF,0.0,627,pause,NA,NA,NA,NA,0.0,0,-31.94,-13.84,[],0,0,[],[]
17696810,17697530,CHI,CHN,0.0,627,CM,BC,0,NT,FI,1.0,230,-19.48,-10.93,"[{'Canonical-syllable': '0', 'Growl': '0', 'High-freq-energy': '0', 'Long-island': '0', 'Low-tilt-spectrum': '0', 'Medium-island': '0', 'Short-island': '1', 'Squeal': '0', 'Typical-entropy': '0', 'Voicing-quality': '1', 'Wide-band': '0', 'Xlong-island': '0', 'seq': '1', 'end': 17697.53, 'start': 17697.3}]",0,0,[],[]
17697530,17698330,NA,NOF,0.0,627,CM,NA,NA,NA,NA,0.0,0,-22.74,-6.92,[],0,0,[],[]
17698330,17699350,CHI,CHN,0.0,627,CM,EC,0,NT,FH,1.0,1020,-16.92,-8.19,"[{'Canonical-syllable': '1', 'Growl': '0', 'High-freq-energy': '0', 'Long-island': '0', 'Low-tilt-spectrum': '1', 'Medium-island': '1', 'Short-island': '1', 'Squeal': '0', 'Typical-entropy': '1', 'Voicing-quality': '2', 'Wide-band': '0', 'Xlong-island': '0', 'seq': '1', 'end': 17699.35, 'start': 17698.33}]",0,0,[],[]
17699350,17700150,NA,NON,0.0,628,pause,NA,NA,NA,NA,0.0,0,-32.2,-17.89,[],0,0,[],[]
17700150,17700950,NA,OLN,0.0,628,pause,NA,NA,NA,NA,0.0,0,-18.04,-6.96,[],0,0,[],[]
17700950,17702160,NA,NON,0.0,628,pause,NA,NA,NA,NA,0.0,0,-29.91,-15.21,[],0,0,[],[]
17702160,17703100,NA,OLF,0.0,628,pause,NA,NA,NA,NA,0.0,0,-29.61,-24.98,[],0,0,[],[]
17703100,17705730,NA,NOF,0.0,628,pause,NA,NA,NA,NA,0.0,0,-31.38,-16.21,[],0,0,[],[]
17705730,17706530,NA,OLN,0.0,628,pause,NA,NA,NA,NA,0.0,0,-27.76,-22.27,[],0,0,[],[]
17706530,17709290,MAL,MAN,10.51,628,AICM,BC,0,TIMI,FI,0.0,0,-26.21,-17.35,[],0,0,[],[]
17709290,17710090,NA,OLN,0.0,628,AICM,NA,NA,NA,NA,0.0,0,-32.31,-23.07,[],0,0,[],[]
17710090,17711070,CHI,CHN,0.0,628,AICM,RC,1,TIMR,FI,1.0,980,-16.3,-7.9,"[{'Canonical-syllable': '1', 'Growl': '0', 'High-freq-energy': '0', 'Long-island': '0', 'Low-tilt-spectrum': '0', 'Medium-island': '2', 'Short-island': '1', 'Squeal': '0', 'Typical-entropy': '2', 'Voicing-quality': '3', 'Wide-band': '0', 'Xlong-island': '0', 'seq': '1', 'end': 17711.07, 'start': 17710.09}]",0,0,[],[]
17711070,17712080,NA,MAF,0.0,628,AICM,NA,NA,NA,NA,0.0,0,-30.24,-25.35,[],0,0,[],[]
17712080,17713700,NA,NOF,0.0,628,AICM,NA,NA,NA,NA,0.0,0,-31.98,-26.87,[],0,0,[],[]
17713700,17714300,CHI,CHN,0.0,628,AICM,RC,1,NT,FH,1.0,600,-18.95,-12.98,"[{'Canonical-syllable': '0', 'Growl': '1', 'High-freq-energy': '0', 'Long-island': '0', 'Low-tilt-spectrum': '0', 'Medium-island': '0', 'Short-island': '1', 'Squeal': '0', 'Typical-entropy': '1', 'Voicing-quality': '1', 'Wide-band': '0', 'Xlong-island': '0', 'seq': '1', 'end': 17714.3, 'start': 17713.81}]",0,0,[],[]
17714300,17715380,CHI,CHN,0.0,628,AICM,RC,1,NT,FH,1.0,500,-21.12,-15.19,"[{'Canonical-syllable': '0', 'Growl': '1', 'High-freq-energy': '0', 'Long-island': '0', 'Low-tilt-spectrum': '0', 'Medium-island': '1', 'Short-island': '0', 'Squeal': '0', 'Typical-entropy': '1', 'Voicing-quality': '1', 'Wide-band': '0', 'Xlong-island': '0', 'seq': '1', 'end': 17714.8, 'start': 17714.3}]",0,0,[],[]
17715380,17716930,CHI,CHN,0.0,628,AICM,RC,1,NT,FH,1.0,1310,-18.85,-6.44,"[{'Canonical-syllable': '2', 'Growl': '0', 'High-freq-energy': '0', 'Long-island': '0', 'Low-tilt-spectrum': '2', 'Medium-island': '2', 'Short-island': '1', 'Squeal': '0', 'Typical-entropy': '2', 'Voicing-quality': '3', 'Wide-band': '0', 'Xlong-island': '0', 'seq': '1', 'end': 17716.69, 'start': 17715.38}]",0,0,[],[]
17716930,17718080,NA,MAF,0.0,628,AICM,NA,NA,NA,NA,0.0,0,-20.78,-4.95,[],0,0,[],[]
17718080,17719850,NA,SIL,0.0,628,AICM,NA,NA,NA,NA,0.0,0,-40.59,-32.69,[],0,0,[],[]
17719850,17720850,MAL,MAN,3.42,628,AICM,EC,1,TIME,FI,0.0,0,-36.45,-30.51,[],0,0,[],[]
17720850,17725280,NA,NOF,0.0,629,pause,NA,NA,NA,NA,0.0,0,-32.4,-11.58,[],0,0,[],[]
17725280,17726630,NA,SIL,0.0,629,pause,NA,NA,NA,NA,0.0,0,-42.84,-36.23,[],0,0,[],[]
17726630,17727850,NA,NOF,0.0,629,pause,NA,NA,NA,NA,0.0,0,-39.81,-31.06,[],0,0,[],[]
17727850,17729460,NA,SIL,0.0,629,pause,NA,NA,NA,NA,0.0,0,-40.62,-25.17,[],0,0,[],[]
17729460,17730320,NA,FAF,0.0,629,pause,NA,NA,NA,NA,0.0,0,-20.49,-6.43,[],0,0,[],[]
17730320,17740660,NA,SIL,0.0,629,pause,NA,NA,NA,NA,0.0,0,-35.34,-9.9,[],0,0,[],[]
17740660,17743080,NA,NOF,0.0,629,pause,NA,NA,NA,NA,0.0,0,-34.49,-19.34,[],0,0,[],[]
17743080,17743930,NA,SIL,0.0,629,pause,NA,NA,NA,NA,0.0,0,-44.52,-35.98,[],0,0,[],[]
17743930,17745890,NA,NOF,0.0,629,pause,NA,NA,NA,NA,0.0,0,-25.61,-7.58,[],0,0,[],[]
17745890,17747640,NA,SIL,0.0,629,pause,NA,NA,NA,NA,0.0,0,-42.75,-31.22,[],0,0,[],[]
17747640,17748880,CHI,CHN,0.0,629,CIC,BC,0,NT,FI,1.0,1110,-16.26,-8.65,"[{'Canonical-syllable': '1', 'Growl': '0', 'High-freq-energy': '0', 'Long-island': '0', 'Low-tilt-spectrum': '2', 'Medium-island': '1', 'Short-island': '2', 'Squeal': '0', 'Typical-entropy': '2', 'Voicing-quality': '3', 'Wide-band': '0', 'Xlong-island': '0', 'seq': '1', 'end': 17748.75, 'start': 17747.72}]",0,0,[],[]
17748880,17751540,NA,SIL,0.0,629,CIC,NA,NA,NA,NA,0.0,0,-40.3,-33.09,[],0,0,[],[]
17751540,17752420,CHI,CHN,0.0,629,CIC,RC,0,NT,FH,1.0,880,-13.53,-4.19,"[{'Canonical-syllable': '2', 'Growl': '0', 'High-freq-energy': '0', 'Long-island': '0', 'Low-tilt-spectrum': '2', 'Medium-island': '1', 'Short-island': '1', 'Squeal': '0', 'Typical-entropy': '2', 'Voicing-quality': '2', 'Wide-band': '0', 'Xlong-island': '0', 'seq': '1', 'end': 17752.42, 'start': 17751.79}]",0,0,[],[]
17752420,17753420,CHI,CHN,0.0,629,CIC,RC,0,NT,FH,1.0,600,-16.57,-9.74,"[{'Canonical-syllable': '1', 'Growl': '0', 'High-freq-energy': '0', 'Long-island': '0', 'Low-tilt-spectrum': '0', 'Medium-island': '1', 'Short-island': '0', 'Squeal': '0', 'Typical-entropy': '0', 'Voicing-quality': '1', 'Wide-band': '0', 'Xlong-island': '0', 'seq': '1', 'end': 17753.02, 'start': 17752.42}]",0,0,[],[]
17753420,17754760,CHI,CHN,0.0,629,CIC,RC,0,NT,FH,1.0,1340,-12.0,-3.99,"[{'Canonical-syllable': '0', 'Growl': '1', 'High-freq-energy': '0', 'Long-island': '1', 'Low-tilt-spectrum': '2', 'Medium-island': '0', 'Short-island': '2', 'Squeal': '0', 'Typical-entropy': '1', 'Voicing-quality': '3', 'Wide-band': '0', 'Xlong-island': '0', 'seq': '1', 'end': 17754.76, 'start': 17753.42}]",0,0,[],[]
17754760,17755730,NA,SIL,0.0,629,CIC,NA,NA,NA,NA,0.0,0,-37.58,-33.83,[],0,0,[],[]
17755730,17756730,FEM,FAN,0.0,629,CIC,NA,NA,NA,NA,0.0,0,-14.48,-3.3,[],1000,0,[],[]
17756730,17758950,CHI,CHN,0.0,629,CIC,RC,0,NT,FH,1.0,2220,-14.14,-3.85,"[{'Canonical-syllable': '1', 'Growl': '0', 'High-freq-energy': '0', 'Long-island': '2', 'Low-tilt-spectrum': '1', 'Medium-island': '0', 'Short-island': '1', 'Squeal': '0', 'Typical-entropy': '2', 'Voicing-quality': '3', 'Wide-band': '0', 'Xlong-island': '0', 'seq': '1', 'end': 17758.95, 'start': 17756.73}]",0,0,[],[]
17758950,17760090,MAL,MAN,0.0,629,CIC,NA,NA,NA,NA,0.0,0,-28.54,-16.25,[],1140,0,[],[]
17760090,17760950,NA,SIL,0.0,629,CIC,NA,NA,NA,NA,0.0,0,-33.26,-28.56,[],0,0,[],[]
17760950,17762110,NA,MAF,0.0,629,CIC,NA,NA,NA,NA,0.0,0,-32.26,-22.11,[],0,0,[],[]
17762110,17763280,CHI,CHN,0.0,629,CIC,RC,0,TIMI,FH,1.0,1170,-15.68,-9.71,"[{'Canonical-syllable': '0', 'Growl': '1', 'High-freq-energy': '0', 'Long-island': '1', 'Low-tilt-spectrum': '2', 'Medium-island': '0', 'Short-island': '1', 'Squeal': '0', 'Typical-entropy': '2', 'Voicing-quality': '2', 'Wide-band': '0', 'Xlong-island': '0', 'seq': '1', 'end': 17763.28, 'start': 17762.11}]",0,0,[],[]
17763280,17764280,NA,MAF,0.0,629,CIC,NA,NA,NA,NA,0.0,0,-32.38,-27.22,[],0,0,[],[]
17764280,17765860,NA,SIL,0.0,629,CIC,NA,NA,NA,NA,0.0,0,-31.67,-26.5,[],0,0,[],[]
17765860,17769780,MAL,MAN,11.02,629,CIC,EC,1,TIMR,FI,0.0,0,-30.2,-24.59,[],0,0,[],[]
17769780,17770600,NA,SIL,0.0,630,pause,NA,NA,NA,NA,0.0,0,-30.43,-24.62,[],0,0,[],[]
17770600,17772410,NA,TVN,0.0,630,pause,NA,NA,NA,NA,0.0,0,-30.5,-24.62,[],0,0,[],[]
17772410,17773570,NA,SIL,0.0,630,pause,NA,NA,NA,NA,0.0,0,-30.57,-22.98,[],0,0,[],[]
17773570,17774570,NA,TVF,0.0,630,pause,NA,NA,NA,NA,0.0,0,-30.45,-21.66,[],0,0,[],[]
17774570,17777190,NA,SIL,0.0,630,pause,NA,NA,NA,NA,0.0,0,-28.53,-21.6,[],0,0,[],[]
17777190,17779030,NA,TVF,0.0,630,pause,NA,NA,NA,NA,0.0,0,-27.42,-20.37,[],0,0,[],[]
17779030,17781110,NA,SIL,0.0,630,pause,NA,NA,NA,NA,0.0,0,-29.53,-21.18,[],0,0,[],[]
17781110,17783240,NA,MAF,0.0,630,pause,NA,NA,NA,NA,0.0,0,-27.44,-19.32,[],0,0,[],[]
17783240,17784240,NA,TVF,0.0,630,pause,NA,NA,NA,NA,0.0,0,-27.32,-22.72,[],0,0,[],[]
17784240,17786480,NA,MAF,0.0,630,pause,NA,NA,NA,NA,0.0,0,-23.79,-18.64,[],0,0,[],[]
17786480,17787150,CHI,CHN,0.0,630,CIC,BC,0,TIFI,FI,1.0,670,-15.17,-10.01,"[{'Canonical-syllable': '0', 'Growl': '1', 'High-freq-energy': '0', 'Long-island': '1', 'Low-tilt-spectrum': '1', 'Medium-island': '0', 'Short-island': '0', 'Squeal': '0', 'Typical-entropy': '1', 'Voicing-quality': '1', 'Wide-band': '0', 'Xlong-island': '0', 'seq': '1', 'end': 17787.15, 'start': 17786.48}]",0,0,[],[]
17787150,17788150,FEM,FAN,2.33,630,CIC,RC,1,TIFR,FI,0.0,0,-24.58,-18.86,[],0,0,[],[]
17788150,17789020,CHI,CHN,0.0,630,CIC,RC,1,TIMI,FI,1.0,870,-18.12,-11.66,"[{'Canonical-syllable': '0', 'Growl': '0', 'High-freq-energy': '1', 'Long-island': '1', 'Low-tilt-spectrum': '1', 'Medium-island': '0', 'Short-island': '0', 'Squeal': '0', 'Typical-entropy': '1', 'Voicing-quality': '1', 'Wide-band': '0', 'Xlong-island': '0', 'seq': '1', 'end': 17789.02, 'start': 17788.15}]",0,0,[],[]
17789020,17791130,NA,TVF,0.0,630,CIC,NA,NA,NA,NA,0.0,0,-29.84,-21.87,[],0,0,[],[]
17791130,17791960,NA,SIL,0.0,630,CIC,NA,NA,NA,NA,0.0,0,-27.8,-20.06,[],0,0,[],[]
17791960,17794050,MAL,MAN,5.78,630,CIC,EC,2,TIMR,FI,0.0,0,-27.41,-21.95,[],0,0,[],[]
17794050,17795630,NA,SIL,0.0,631,pause,NA,NA,NA,NA,0.0,0,-29.24,-23.78,[],0,0,[],[]
17795630,17796680,NA,OLN,0.0,631,pause,NA,NA,NA,NA,0.0,0,-23.75,-16.22,[],0,0,[],[]
17796680,17799840,NA,MAF,0.0,631,pause,NA,NA,NA,NA,0.0,0,-24.44,-18.9,[],0,0,[],[]
17799840,17800620,CHI,CHN,0.0,631,CIC,BC,0,NT,FI,1.0,780,-15.42,-10.19,"[{'Canonical-syllable': '0', 'Growl': '0', 'High-freq-energy': '0', 'Long-island': '1', 'Low-tilt-spectrum': '1', 'Medium-island': '0', 'Short-island': '0', 'Squeal': '0', 'Typical-entropy': '1', 'Voicing-quality': '1', 'Wide-band': '0', 'Xlong-island': '0', 'seq': '1', 'end': 17800.62, 'start': 17799.84}]",0,0,[],[]
17800620,17802750,NA,MAF,0.0,631,CIC,NA,NA,NA,NA,0.0,0,-29.1,-21.65,[],0,0,[],[]
17802750,17803560,NA,OLF,0.0,631,CIC,NA,NA,NA,NA,0.0,0,-26.91,-15.72,[],0,0,[],[]
17803560,17804690,NA,MAF,0.0,631,CIC,NA,NA,NA,NA,0.0,0,-28.33,-22.79,[],0,0,[],[]
17804690,17806150,CHI,CHN,0.0,631,CIC,RC,0,TIMI,FH,1.0,1460,-17.17,-12.18,"[{'Canonical-syllable': '0', 'Growl': '1', 'High-freq-energy': '0', 'Long-island': '2', 'Low-tilt-spectrum': '0', 'Medium-island': '0', 'Short-island': '0', 'Squeal': '0', 'Typical-entropy': '1', 'Voicing-quality': '2', 'Wide-band': '0', 'Xlong-island': '0', 'seq': '1', 'end': 17806.15, 'start': 17804.69}]",0,0,[],[]
17806150,17807890,NA,MAF,0.0,631,CIC,NA,NA,NA,NA,0.0,0,-29.59,-22.45,[],0,0,[],[]
17807890,17808710,NA,SIL,0.0,631,CIC,NA,NA,NA,NA,0.0,0,-28.11,-22.95,[],0,0,[],[]
17808710,17811330,MAL,MAN,7.07,631,CIC,EC,1,TIMR,FI,0.0,0,-28.54,-22.77,[],0,0,[],[]
17811330,17812470,NA,SIL,0.0,632,pause,NA,NA,NA,NA,0.0,0,-28.71,-22.55,[],0,0,[],[]
17812470,17813630,NA,MAF,0.0,632,pause,NA,NA,NA,NA,0.0,0,-29.93,-25.06,[],0,0,[],[]
17813630,17814640,NA,SIL,0.0,632,pause,NA,NA,NA,NA,0.0,0,-30.36,-25.22,[],0,0,[],[]
17814640,17815640,NA,TVF,0.0,632,pause,NA,NA,NA,NA,0.0,0,-28.83,-21.83,[],0,0,[],[]
17815640,17816440,NA,SIL,0.0,632,pause,NA,NA,NA,NA,0.0,0,-30.43,-21.7,[],0,0,[],[]
17816440,17819150,NA,MAF,0.0,632,pause,NA,NA,NA,NA,0.0,0,-25.47,-17.21,[],0,0,[],[]
17819150,17820150,NA,SIL,0.0,632,pause,NA,NA,NA,NA,0.0,0,-23.26,-13.81,[],0,0,[],[]
17820150,17821510,NA,MAF,0.0,632,pause,NA,NA,NA,NA,0.0,0,-26.51,-20.85,[],0,0,[],[]
17821510,17822650,NA,SIL,0.0,632,pause,NA,NA,NA,NA,0.0,0,-27.1,-19.72,[],0,0,[],[]
17822650,17824390,NA,MAF,0.0,632,pause,NA,NA,NA,NA,0.0,0,-28.48,-20.99,[],0,0,[],[]
17824390,17825880,CHI,CHN,0.0,632,CM,BC,0,NT,FI,2.0,950,-18.33,-9.4,"[{'Canonical-syllable': '0', 'Growl': '0', 'High-freq-energy': '0', 'Long-island': '0', 'Low-tilt-spectrum': '1', 'Medium-island': '0', 'Short-island': '1', 'Squeal': '0', 'Typical-entropy': '1', 'Voicing-quality': '1', 'Wide-band': '0', 'Xlong-island': '0', 'seq': '1', 'end': 17824.65, 'start': 17824.39}, {'Canonical-syllable': '0', 'Growl': '0', 'High-freq-energy': '0', 'Long-island': '1', 'Low-tilt-spectrum': '1', 'Medium-island': '0', 'Short-island': '0', 'Squeal': '0', 'Typical-entropy': '1', 'Voicing-quality': '1', 'Wide-band': '0', 'Xlong-island': '0', 'seq': '2', 'end': 17825.8, 'start': 17825.11}]",0,0,[],[]
17825880,17827140,NA,MAF,0.0,632,CM,NA,NA,NA,NA,0.0,0,-34.5,-27.47,[],0,0,[],[]
17827140,17828240,CHI,CHN,0.0,632,CM,RC,0,NT,FH,1.0,1100,-19.86,-11.16,"[{'Canonical-syllable': '0', 'Growl': '0', 'High-freq-energy': '0', 'Long-island': '0', 'Low-tilt-spectrum': '2', 'Medium-island': '2', 'Short-island': '0', 'Squeal': '0', 'Typical-entropy': '2', 'Voicing-quality': '2', 'Wide-band': '0', 'Xlong-island': '0', 'seq': '1', 'end': 17828.24, 'start': 17827.14}]",0,0,[],[]
17828240,17829050,NA,OLN,0.0,632,CM,NA,NA,NA,NA,0.0,0,-24.9,-18.8,[],0,0,[],[]
17829050,17830350,NA,NOF,0.0,632,CM,NA,NA,NA,NA,0.0,0,-22.6,-15.91,[],0,0,[],[]
17830350,17831400,CHI,CHN,0.0,632,CM,EC,0,NT,FH,1.0,1050,-23.0,-16.44,"[{'Canonical-syllable': '0', 'Growl': '1', 'High-freq-energy': '0', 'Long-island': '0', 'Low-tilt-spectrum': '0', 'Medium-island': '0', 'Short-island': '0', 'Squeal': '0', 'Typical-entropy': '1', 'Voicing-quality': '1', 'Wide-band': '0', 'Xlong-island': '1', 'seq': '1', 'end': 17831.4, 'start': 17830.35}]",0,0,[],[]
17831400,17838900,NA,MAF,0.0,633,pause,NA,NA,NA,NA,0.0,0,-29.3,-20.04,[],0,0,[],[]
17838900,17840180,NA,SIL,0.0,633,pause,NA,NA,NA,NA,0.0,0,-31.64,-25.89,[],0,0,[],[]
17840180,17841280,NA,MAF,0.0,633,pause,NA,NA,NA,NA,0.0,0,-29.99,-24.2,[],0,0,[],[]
17841280,17842090,NA,SIL,0.0,633,pause,NA,NA,NA,NA,0.0,0,-29.44,-22.99,[],0,0,[],[]
17842090,17844130,NA,MAF,0.0,633,pause,NA,NA,NA,NA,0.0,0,-29.4,-22.11,[],0,0,[],[]
17844130,17845120,NA,SIL,0.0,633,pause,NA,NA,NA,NA,0.0,0,-28.61,-21.01,[],0,0,[],[]
17845120,17846330,NA,TVF,0.0,633,pause,NA,NA,NA,NA,0.0,0,-29.1,-21.88,[],0,0,[],[]
17846330,17847020,FEM,FAN,1.75,633,AMF,EC,0,NT,FI,0.0,0,-27.91,-21.69,[],0,0,[],[]
17847020,17859470,NA,NON,0.0,634,pause,NA,NA,NA,NA,0.0,0,-33.25,-22.78,[],0,0,[],[]
17859470,17864050,NA,TVF,0.0,634,pause,NA,NA,NA,NA,0.0,0,-36.45,-31.07,[],0,0,[],[]
17864050,17866620,NA,SIL,0.0,634,pause,NA,NA,NA,NA,0.0,0,-26.85,-18.59,[],0,0,[],[]
17866620,17872230,NA,MAF,0.0,634,pause,NA,NA,NA,NA,0.0,0,-23.34,-11.5,[],0,0,[],[]
17872230,17873030,NA,SIL,0.0,634,pause,NA,NA,NA,NA,0.0,0,-28.79,-24.38,[],0,0,[],[]
17873030,17875570,NA,MAF,0.0,634,pause,NA,NA,NA,NA,0.0,0,-30.2,-23.84,[],0,0,[],[]
17875570,17876680,NA,SIL,0.0,634,pause,NA,NA,NA,NA,0.0,0,-28.19,-21.85,[],0,0,[],[]
17876680,17877680,NA,MAF,0.0,634,pause,NA,NA,NA,NA,0.0,0,-27.71,-21.49,[],0,0,[],[]
17877680,17878930,NA,SIL,0.0,634,pause,NA,NA,NA,NA,0.0,0,-26.5,-19.76,[],0,0,[],[]
17878930,17879930,NA,MAF,0.0,634,pause,NA,NA,NA,NA,0.0,0,-25.55,-20.83,[],0,0,[],[]
17879930,17881040,NA,SIL,0.0,634,pause,NA,NA,NA,NA,0.0,0,-26.89,-23.06,[],0,0,[],[]
17881040,17882100,NA,MAF,0.0,634,pause,NA,NA,NA,NA,0.0,0,-24.24,-16.65,[],0,0,[],[]
17882100,17883920,NA,SIL,0.0,634,pause,NA,NA,NA,NA,0.0,0,-27.79,-20.26,[],0,0,[],[]
17883920,17899170,NA,NON,0.0,634,pause,NA,NA,NA,NA,0.0,0,-29.49,-19.38,[],0,0,[],[]
17899170,17905110,NA,SIL,0.0,634,pause,NA,NA,NA,NA,0.0,0,-28.94,-22.47,[],0,0,[],[]
17905110,17906130,NA,MAF,0.0,634,pause,NA,NA,NA,NA,0.0,0,-26.07,-20.57,[],0,0,[],[]
17906130,17906980,NA,SIL,0.0,634,pause,NA,NA,NA,NA,0.0,0,-24.51,-18.47,[],0,0,[],[]
17906980,17908020,NA,MAF,0.0,634,pause,NA,NA,NA,NA,0.0,0,-24.66,-18.16,[],0,0,[],[]
17908020,17909200,NA,SIL,0.0,634,pause,NA,NA,NA,NA,0.0,0,-27.18,-21.37,[],0,0,[],[]
17909200,17910690,NA,MAF,0.0,634,pause,NA,NA,NA,NA,0.0,0,-27.01,-17.32,[],0,0,[],[]
17910690,17912460,NA,SIL,0.0,634,pause,NA,NA,NA,NA,0.0,0,-30.67,-24.44,[],0,0,[],[]
17912460,17913930,NA,NOF,0.0,634,pause,NA,NA,NA,NA,0.0,0,-28.33,-19.68,[],0,0,[],[]
17913930,17914730,NA,SIL,0.0,634,pause,NA,NA,NA,NA,0.0,0,-27.41,-21.03,[],0,0,[],[]
17914730,17917140,NA,MAF,0.0,634,pause,NA,NA,NA,NA,0.0,0,-25.49,-17.33,[],0,0,[],[]
17917140,17918250,NA,NOF,0.0,634,pause,NA,NA,NA,NA,0.0,0,-23.8,-16.54,[],0,0,[],[]
17918250,17918880,CHI,CHN,0.0,634,CM,EC,0,NT,FI,1.0,630,-18.08,-13.84,"[{'Canonical-syllable': '0', 'Growl': '0', 'High-freq-energy': '0', 'Long-island': '0', 'Low-tilt-spectrum': '0', 'Medium-island': '1', 'Short-island': '0', 'Squeal': '0', 'Typical-entropy': '1', 'Voicing-quality': '1', 'Wide-band': '0', 'Xlong-island': '0', 'seq': '1', 'end': 17918.88, 'start': 17918.25}]",0,0,[],[]
17918880,17920310,NA,OLF,0.0,635,pause,NA,NA,NA,NA,0.0,0,-20.97,-13.21,[],0,0,[],[]
17920310,17921410,NA,MAF,0.0,635,pause,NA,NA,NA,NA,0.0,0,-19.7,-12.82,[],0,0,[],[]
17921410,17922220,NA,NOF,0.0,635,pause,NA,NA,NA,NA,0.0,0,-18.06,-10.38,[],0,0,[],[]
17922220,17928170,NA,MAF,0.0,635,pause,NA,NA,NA,NA,0.0,0,-21.28,-9.74,[],0,0,[],[]
17928170,17930190,NA,SIL,0.0,635,pause,NA,NA,NA,NA,0.0,0,-28.26,-18.9,[],0,0,[],[]
17930190,17931230,NA,OLF,0.0,635,pause,NA,NA,NA,NA,0.0,0,-25.57,-17.43,[],0,0,[],[]
17931230,17932190,NA,SIL,0.0,635,pause,NA,NA,NA,NA,0.0,0,-26.99,-21.29,[],0,0,[],[]
17932190,17933040,NA,NOF,0.0,635,pause,NA,NA,NA,NA,0.0,0,-24.36,-17.36,[],0,0,[],[]
17933040,17934240,NA,MAF,0.0,635,pause,NA,NA,NA,NA,0.0,0,-24.62,-15.94,[],0,0,[],[]
17934240,17935100,NA,SIL,0.0,635,pause,NA,NA,NA,NA,0.0,0,-24.77,-17.98,[],0,0,[],[]
17935100,17936560,NA,MAF,0.0,635,pause,NA,NA,NA,NA,0.0,0,-21.26,-14.78,[],0,0,[],[]
17936560,17937360,NA,SIL,0.0,635,pause,NA,NA,NA,NA,0.0,0,-20.92,-13.49,[],0,0,[],[]
17937360,17938900,NA,MAF,0.0,635,pause,NA,NA,NA,NA,0.0,0,-20.17,-11.95,[],0,0,[],[]
17938900,17945750,NA,SIL,0.0,635,pause,NA,NA,NA,NA,0.0,0,-27.03,-15.33,[],0,0,[],[]
17945750,17948600,NA,NOF,0.0,635,pause,NA,NA,NA,NA,0.0,0,-27.35,-13.28,[],0,0,[],[]
17948600,17957720,NA,SIL,0.0,635,pause,NA,NA,NA,NA,0.0,0,-34.39,-25.95,[],0,0,[],[]
17957720,17958720,NA,MAF,0.0,635,pause,NA,NA,NA,NA,0.0,0,-28.97,-17.64,[],0,0,[],[]
17958720,17959670,NA,SIL,0.0,635,pause,NA,NA,NA,NA,0.0,0,-32.41,-27.37,[],0,0,[],[]
17959670,17960570,NA,NOF,0.0,635,pause,NA,NA,NA,NA,0.0,0,-29.69,-16.37,[],0,0,[],[]
17960570,17963110,NA,SIL,0.0,635,pause,NA,NA,NA,NA,0.0,0,-44.42,-34.82,[],0,0,[],[]
17963110,17965810,NA,NOF,0.0,635,pause,NA,NA,NA,NA,0.0,0,-27.83,-7.44,[],0,0,[],[]
17965810,17972640,NA,SIL,0.0,635,pause,NA,NA,NA,NA,0.0,0,-55.21,-36.43,[],0,0,[],[]
17972640,17973500,CHI,CHN,0.0,635,CM,EC,0,NT,FI,1.0,690,-27.31,-12.59,"[{'Canonical-syllable': '0', 'Growl': '1', 'High-freq-energy': '0', 'Long-island': '0', 'Low-tilt-spectrum': '0', 'Medium-island': '0', 'Short-island': '1', 'Squeal': '0', 'Typical-entropy': '1', 'Voicing-quality': '2', 'Wide-band': '0', 'Xlong-island': '0', 'seq': '1', 'end': 17973.33, 'start': 17972.64}]",0,0,[],[]
17973500,17974640,NA,NOF,0.0,636,pause,NA,NA,NA,NA,0.0,0,-31.92,-16.67,[],0,0,[],[]
17974640,17975480,NA,SIL,0.0,636,pause,NA,NA,NA,NA,0.0,0,-53.25,-41.37,[],0,0,[],[]
17975480,17978130,NA,NOF,0.0,636,pause,NA,NA,NA,NA,0.0,0,-36.07,-20.84,[],0,0,[],[]
17978130,17979030,NA,OLN,0.0,636,pause,NA,NA,NA,NA,0.0,0,-33.86,-26.19,[],0,0,[],[]
17979030,17984210,NA,NOF,0.0,636,pause,NA,NA,NA,NA,0.0,0,-25.07,-4.91,[],0,0,[],[]
17984210,17985010,NA,SIL,0.0,636,pause,NA,NA,NA,NA,0.0,0,-38.27,-22.75,[],0,0,[],[]
17985010,17987070,NA,NOF,0.0,636,pause,NA,NA,NA,NA,0.0,0,-18.14,-3.71,[],0,0,[],[]
17987070,17987870,NA,OLF,0.0,636,pause,NA,NA,NA,NA,0.0,0,-20.36,-6.37,[],0,0,[],[]
17987870,17993110,NA,NOF,0.0,636,pause,NA,NA,NA,NA,0.0,0,-23.35,-2.93,[],0,0,[],[]
17993110,17994480,CHI,CHN,0.0,636,CM,BC,0,NT,FI,1.0,1370,-21.39,-13.79,"[{'Canonical-syllable': '0', 'Growl': '1', 'High-freq-energy': '0', 'Long-island': '0', 'Low-tilt-spectrum': '0', 'Medium-island': '1', 'Short-island': '3', 'Squeal': '0', 'Typical-entropy': '0', 'Voicing-quality': '4', 'Wide-band': '0', 'Xlong-island': '0', 'seq': '1', 'end': 17994.48, 'start': 17993.11}]",0,0,[],[]
17994480,17995290,NA,NOF,0.0,636,CM,NA,NA,NA,NA,0.0,0,-32.99,-22.76,[],0,0,[],[]
17995290,17995890,CHI,CHN,0.0,636,CM,EC,0,NT,FH,1.0,600,-32.33,-26.5,"[{'Canonical-syllable': '0', 'Growl': '1', 'High-freq-energy': '0', 'Long-island': '0', 'Low-tilt-spectrum': '1', 'Medium-island': '1', 'Short-island': '0', 'Squeal': '0', 'Typical-entropy': '1', 'Voicing-quality': '1', 'Wide-band': '0', 'Xlong-island': '0', 'seq': '1', 'end': 17995.89, 'start': 17995.29}]",0,0,[],[]
17995890,17996710,NA,OLF,0.0,637,pause,NA,NA,NA,NA,0.0,0,-26.83,-21.28,[],0,0,[],[]
17996710,18001690,NA,NOF,0.0,637,pause,NA,NA,NA,NA,0.0,0,-19.05,-4.34,[],0,0,[],[]
18001690,18002590,NA,OLN,0.0,637,pause,NA,NA,NA,NA,0.0,0,-28.08,-16.75,[],0,0,[],[]
18002590,18003260,CHI,CHN,0.0,637,CIOCX,BC,0,NT,FI,1.0,670,-21.3,-11.79,"[{'Canonical-syllable': '0', 'Growl': '0', 'High-freq-energy': '0', 'Long-island': '0', 'Low-tilt-spectrum': '2', 'Medium-island': '0', 'Short-island': '1', 'Squeal': '0', 'Typical-entropy': '2', 'Voicing-quality': '2', 'Wide-band': '0', 'Xlong-island': '0', 'seq': '1', 'end': 18003.26, 'start': 18002.68}]",0,0,[],[]
18003260,18005200,NA,OLN,0.0,637,CIOCX,NA,NA,NA,NA,0.0,0,-30.67,-17.52,[],0,0,[],[]
18005200,18008000,NA,NON,0.0,637,CIOCX,NA,NA,NA,NA,0.0,0,-27.07,-9.12,[],0,0,[],[]
18008000,18008880,OCH,CXN,0.0,637,CIOCX,RC,0,NT,FI,0.0,0,-29.1,-21.97,[],0,0,[],[]
18008880,18009630,CHI,CHN,0.0,637,CIOCX,EC,0,NT,FI,1.0,750,-34.42,-27.32,"[{'Canonical-syllable': '1', 'Growl': '1', 'High-freq-energy': '0', 'Long-island': '0', 'Low-tilt-spectrum': '2', 'Medium-island': '2', 'Short-island': '0', 'Squeal': '0', 'Typical-entropy': '1', 'Voicing-quality': '2', 'Wide-band': '0', 'Xlong-island': '0', 'seq': '1', 'end': 18009.63, 'start': 18008.88}]",0,0,[],[]
18009630,18011330,NA,NOF,0.0,638,pause,NA,NA,NA,NA,0.0,0,-45.28,-36.08,[],0,0,[],[]
18011330,18012290,NA,SIL,0.0,638,pause,NA,NA,NA,NA,0.0,0,-48.66,-37.83,[],0,0,[],[]
18012290,18013990,NA,NOF,0.0,638,pause,NA,NA,NA,NA,0.0,0,-25.31,-8.92,[],0,0,[],[]
18013990,18015080,NA,SIL,0.0,638,pause,NA,NA,NA,NA,0.0,0,-51.25,-45.12,[],0,0,[],[]
18015080,18016160,NA,NOF,0.0,638,pause,NA,NA,NA,NA,0.0,0,-43.23,-27.31,[],0,0,[],[]
18016160,18017280,NA,SIL,0.0,638,pause,NA,NA,NA,NA,0.0,0,-49.63,-41.62,[],0,0,[],[]
18017280,18018110,NA,NOF,0.0,638,pause,NA,NA,NA,NA,0.0,0,-44.94,-35.34,[],0,0,[],[]
18018110,18019410,NA,SIL,0.0,638,pause,NA,NA,NA,NA,0.0,0,-51.8,-45.49,[],0,0,[],[]
18019410,18026530,NA,NOF,0.0,638,pause,NA,NA,NA,NA,0.0,0,-44.38,-26.73,[],0,0,[],[]
18026530,18028380,NA,SIL,0.0,638,pause,NA,NA,NA,NA,0.0,0,-51.8,-47.02,[],0,0,[],[]
18028380,18031180,NA,NOF,0.0,638,pause,NA,NA,NA,NA,0.0,0,-47.68,-35.86,[],0,0,[],[]
18031180,18031980,NA,SIL,0.0,638,pause,NA,NA,NA,NA,0.0,0,-50.94,-47.68,[],0,0,[],[]
18031980,18035440,NA,NOF,0.0,638,pause,NA,NA,NA,NA,0.0,0,-38.98,-22.55,[],0,0,[],[]
18035440,18036310,NA,SIL,0.0,638,pause,NA,NA,NA,NA,0.0,0,-43.23,-32.97,[],0,0,[],[]
18036310,18037230,NA,OLF,0.0,638,pause,NA,NA,NA,NA,0.0,0,-39.44,-27.71,[],0,0,[],[]
18037230,18038090,NA,TVF,0.0,638,pause,NA,NA,NA,NA,0.0,0,-43.09,-39.35,[],0,0,[],[]
18038090,18038890,NA,OLN,0.0,638,pause,NA,NA,NA,NA,0.0,0,-28.79,-17.9,[],0,0,[],[]
18038890,18039500,OCH,CXN,0.0,638,XM,EC,0,NT,FI,0.0,0,-24.29,-16.15,[],0,0,[],[]
18039500,18041540,NA,OLF,0.0,639,pause,NA,NA,NA,NA,0.0,0,-28.34,-11.45,[],0,0,[],[]
18041540,18043110,NA,NOF,0.0,639,pause,NA,NA,NA,NA,0.0,0,-31.88,-19.68,[],0,0,[],[]
18043110,18044680,NA,OLF,0.0,639,pause,NA,NA,NA,NA,0.0,0,-35.61,-16.45,[],0,0,[],[]
18044680,18045490,NA,NOF,0.0,639,pause,NA,NA,NA,NA,0.0,0,-39.59,-31.79,[],0,0,[],[]
18045490,18046350,NA,OLN,0.0,639,pause,NA,NA,NA,NA,0.0,0,-36.31,-31.89,[],0,0,[],[]
18046350,18047330,NA,NOF,0.0,639,pause,NA,NA,NA,NA,0.0,0,-40.04,-35.04,[],0,0,[],[]
18047330,18048880,CHI,CHN,0.0,639,CM,BC,0,NT,FI,1.0,1550,-16.17,-8.0,"[{'Canonical-syllable': '2', 'Growl': '0', 'High-freq-energy': '0', 'Long-island': '0', 'Low-tilt-spectrum': '1', 'Medium-island': '1', 'Short-island': '3', 'Squeal': '0', 'Typical-entropy': '4', 'Voicing-quality': '4', 'Wide-band': '0', 'Xlong-island': '0', 'seq': '1', 'end': 18048.88, 'start': 18047.33}]",0,0,[],[]
18048880,18053150,NA,OLN,0.0,639,CM,NA,NA,NA,NA,0.0,0,-32.37,-14.3,[],0,0,[],[]
18053150,18053830,CHI,CHN,0.0,639,CM,RC,0,NT,FH,1.0,680,-16.76,-9.8,"[{'Canonical-syllable': '0', 'Growl': '0', 'High-freq-energy': '0', 'Long-island': '1', 'Low-tilt-spectrum': '1', 'Medium-island': '0', 'Short-island': '0', 'Squeal': '0', 'Typical-entropy': '1', 'Voicing-quality': '1', 'Wide-band': '0', 'Xlong-island': '0', 'seq': '1', 'end': 18053.83, 'start': 18053.15}]",0,0,[],[]
18053830,18056410,NA,OLF,0.0,639,CM,NA,NA,NA,NA,0.0,0,-33.29,-16.81,[],0,0,[],[]
18056410,18057010,CHI,CHN,0.0,639,CM,EC,0,NT,FH,1.0,600,-24.57,-20.04,"[{'Canonical-syllable': '1', 'Growl': '0', 'High-freq-energy': '0', 'Long-island': '0', 'Low-tilt-spectrum': '0', 'Medium-island': '1', 'Short-island': '0', 'Squeal': '0', 'Typical-entropy': '0', 'Voicing-quality': '1', 'Wide-band': '0', 'Xlong-island': '0', 'seq': '1', 'end': 18057.01, 'start': 18056.41}]",0,0,[],[]
18057010,18062040,NA,OLN,0.0,640,pause,NA,NA,NA,NA,0.0,0,-28.67,-14.45,[],0,0,[],[]
18062040,18063150,NA,NOF,0.0,640,pause,NA,NA,NA,NA,0.0,0,-41.09,-38.01,[],0,0,[],[]
18063150,18065550,NA,OLN,0.0,640,pause,NA,NA,NA,NA,0.0,0,-36.31,-28.61,[],0,0,[],[]
18065550,18066260,CHI,CHN,0.0,640,CM,EC,0,NT,FI,1.0,350,-20.09,-12.37,"[{'Canonical-syllable': '0', 'Growl': '0', 'High-freq-energy': '0', 'Long-island': '0', 'Low-tilt-spectrum': '1', 'Medium-island': '1', 'Short-island': '0', 'Squeal': '0', 'Typical-entropy': '1', 'Voicing-quality': '1', 'Wide-band': '0', 'Xlong-island': '0', 'seq': '1', 'end': 18066.26, 'start': 18065.91}]",0,0,[],[]
18066260,18070210,NA,OLN,0.0,641,pause,NA,NA,NA,NA,0.0,0,-30.21,-10.22,[],0,0,[],[]
18070210,18071050,NA,NON,0.0,641,pause,NA,NA,NA,NA,0.0,0,-17.58,-3.94,[],0,0,[],[]
18071050,18074880,NA,OLN,0.0,641,pause,NA,NA,NA,NA,0.0,0,-34.4,-24.43,[],0,0,[],[]
18074880,18075840,NA,NOF,0.0,641,pause,NA,NA,NA,NA,0.0,0,-39.23,-34.06,[],0,0,[],[]
18075840,18076660,NA,OLN,0.0,641,pause,NA,NA,NA,NA,0.0,0,-23.34,-8.49,[],0,0,[],[]
18076660,18078240,NA,NOF,0.0,641,pause,NA,NA,NA,NA,0.0,0,-36.14,-25.08,[],0,0,[],[]
18078240,18079150,NA,OLF,0.0,641,pause,NA,NA,NA,NA,0.0,0,-18.66,-3.76,[],0,0,[],[]
18079150,18081060,NA,NOF,0.0,641,pause,NA,NA,NA,NA,0.0,0,-35.25,-18.16,[],0,0,[],[]
18081060,18081910,NA,OLF,0.0,641,pause,NA,NA,NA,NA,0.0,0,-36.23,-23.4,[],0,0,[],[]
18081910,18083280,NA,NOF,0.0,641,pause,NA,NA,NA,NA,0.0,0,-30.96,-16.75,[],0,0,[],[]
18083280,18084110,NA,OLF,0.0,641,pause,NA,NA,NA,NA,0.0,0,-25.87,-12.76,[],0,0,[],[]
18084110,18085170,NA,FAF,0.0,641,pause,NA,NA,NA,NA,0.0,0,-36.21,-29.95,[],0,0,[],[]
18085170,18086140,NA,OLF,0.0,641,pause,NA,NA,NA,NA,0.0,0,-33.03,-14.96,[],0,0,[],[]
18086140,18089060,NA,NOF,0.0,641,pause,NA,NA,NA,NA,0.0,0,-33.61,-11.94,[],0,0,[],[]
18089060,18089860,NA,OLF,0.0,641,pause,NA,NA,NA,NA,0.0,0,-39.87,-31.67,[],0,0,[],[]
18089860,18092410,NA,NOF,0.0,641,pause,NA,NA,NA,NA,0.0,0,-20.77,-3.32,[],0,0,[],[]
18092410,18093450,NA,OLF,0.0,641,pause,NA,NA,NA,NA,0.0,0,-38.52,-28.95,[],0,0,[],[]
18093450,18095730,NA,NOF,0.0,641,pause,NA,NA,NA,NA,0.0,0,-35.74,-19.71,[],0,0,[],[]
18095730,18096540,NA,TVF,0.0,641,pause,NA,NA,NA,NA,0.0,0,-41.84,-35.27,[],0,0,[],[]
18096540,18097540,NA,NOF,0.0,641,pause,NA,NA,NA,NA,0.0,0,-43.09,-39.44,[],0,0,[],[]
18097540,18098350,NA,OLF,0.0,641,pause,NA,NA,NA,NA,0.0,0,-22.34,-8.68,[],0,0,[],[]
18098350,18099620,NA,NOF,0.0,641,pause,NA,NA,NA,NA,0.0,0,-41.44,-37.7,[],0,0,[],[]
18099620,18100470,NA,OLN,0.0,641,pause,NA,NA,NA,NA,0.0,0,-18.92,-3.68,[],0,0,[],[]
18100470,18103180,NA,NOF,0.0,641,pause,NA,NA,NA,NA,0.0,0,-31.65,-12.78,[],0,0,[],[]
18103180,18104190,NA,OLF,0.0,641,pause,NA,NA,NA,NA,0.0,0,-40.05,-32.41,[],0,0,[],[]
18104190,18106460,NA,NOF,0.0,641,pause,NA,NA,NA,NA,0.0,0,-41.97,-37.08,[],0,0,[],[]
18106460,18109350,NA,OLN,0.0,641,pause,NA,NA,NA,NA,0.0,0,-33.69,-25.32,[],0,0,[],[]
18109350,18110220,NA,NOF,0.0,641,pause,NA,NA,NA,NA,0.0,0,-38.75,-24.77,[],0,0,[],[]
18110220,18111020,NA,OLF,0.0,641,pause,NA,NA,NA,NA,0.0,0,-41.59,-36.05,[],0,0,[],[]
18111020,18113920,NA,NOF,0.0,641,pause,NA,NA,NA,NA,0.0,0,-40.43,-24.33,[],0,0,[],[]
18113920,18114720,NA,OLF,0.0,641,pause,NA,NA,NA,NA,0.0,0,-21.15,-5.52,[],0,0,[],[]
18114720,18115680,NA,NOF,0.0,641,pause,NA,NA,NA,NA,0.0,0,-41.75,-35.31,[],0,0,[],[]
18115680,18117310,NA,OLF,0.0,641,pause,NA,NA,NA,NA,0.0,0,-40.31,-31.77,[],0,0,[],[]
18117310,18118110,CHI,CHN,0.0,641,pause,NA,NA,NA,NA,0.0,0,-16.21,-7.06,[],0,540,"[{'start': 18117.57, 'end': 18118.11}]",[]
18118110,18119130,NA,OLN,0.0,641,pause,NA,NA,NA,NA,0.0,0,-29.95,-16.71,[],0,0,[],[]
18119130,18119950,NA,NOF,0.0,641,pause,NA,NA,NA,NA,0.0,0,-27.84,-16.3,[],0,0,[],[]
18119950,18121170,NA,TVF,0.0,641,pause,NA,NA,NA,NA,0.0,0,-41.94,-35.49,[],0,0,[],[]
18121170,18124670,NA,OLN,0.0,641,pause,NA,NA,NA,NA,0.0,0,-21.9,-4.31,[],0,0,[],[]
18124670,18125270,CHI,CHN,0.0,641,CIOCX,BC,0,NT,FI,1.0,600,-18.17,-12.07,"[{'Canonical-syllable': '1', 'Growl': '0', 'High-freq-energy': '0', 'Long-island': '0', 'Low-tilt-spectrum': '0', 'Medium-island': '1', 'Short-island': '0', 'Squeal': '0', 'Typical-entropy': '1', 'Voicing-quality': '1', 'Wide-band': '0', 'Xlong-island': '0', 'seq': '1', 'end': 18125.27, 'start': 18124.97}]",0,0,[],[]
18125270,18127960,NA,OLN,0.0,641,CIOCX,NA,NA,NA,NA,0.0,0,-26.52,-8.8,[],0,0,[],[]
18127960,18128850,CHI,CHN,0.0,641,CIOCX,NA,NA,NA,NA,0.0,0,-14.87,-11.02,[],0,890,"[{'start': 18127.96, 'end': 18128.85}]",[]
18128850,18129880,OCH,CXN,0.0,641,CIOCX,EC,0,NT,FI,0.0,0,-19.67,-9.85,[],0,0,[],[]
18129880,18131290,NA,OLF,0.0,642,pause,NA,NA,NA,NA,0.0,0,-33.75,-23.44,[],0,0,[],[]
18131290,18132310,NA,TVF,0.0,642,pause,NA,NA,NA,NA,0.0,0,-40.35,-34.33,[],0,0,[],[]
18132310,18135350,NA,NOF,0.0,642,pause,NA,NA,NA,NA,0.0,0,-29.26,-10.29,[],0,0,[],[]
18135350,18137330,FEM,FAN,7.05,642,AICF,BC,0,TIFI,FI,0.0,0,-32.44,-26.26,[],0,0,[],[]
18137330,18138620,NA,NON,0.0,642,AICF,NA,NA,NA,NA,0.0,0,-25.94,-11.92,[],0,0,[],[]
18138620,18139660,CHI,CHN,0.0,642,AICF,RC,1,TIFR,FI,2.0,690,-16.3,-8.03,"[{'Canonical-syllable': '0', 'Growl': '1', 'High-freq-energy': '0', 'Long-island': '0', 'Low-tilt-spectrum': '0', 'Medium-island': '0', 'Short-island': '1', 'Squeal': '0', 'Typical-entropy': '0', 'Voicing-quality': '1', 'Wide-band': '0', 'Xlong-island': '0', 'seq': '1', 'end': 18138.86, 'start': 18138.62}, {'Canonical-syllable': '1', 'Growl': '0', 'High-freq-energy': '0', 'Long-island': '0', 'Low-tilt-spectrum': '1', 'Medium-island': '0', 'Short-island': '1', 'Squeal': '0', 'Typical-entropy': '0', 'Voicing-quality': '2', 'Wide-band': '0', 'Xlong-island': '0', 'seq': '2', 'end': 18139.66, 'start': 18139.21}]",0,0,[],[]
18139660,18143020,NA,NON,0.0,642,AICF,NA,NA,NA,NA,0.0,0,-34.22,-25.85,[],0,0,[],[]
18143020,18144100,FEM,FAN,5.25,642,AICF,RC,1,TIFI,FI,0.0,0,-29.43,-18.01,[],0,0,[],[]
18144100,18145200,NA,OLN,0.0,642,AICF,NA,NA,NA,NA,0.0,0,-29.48,-16.38,[],0,0,[],[]
18145200,18146360,NA,OLF,0.0,642,AICF,NA,NA,NA,NA,0.0,0,-41.56,-35.77,[],0,0,[],[]
18146360,18147150,CHI,CHN,0.0,642,AICF,RC,2,TIFR,FI,1.0,790,-17.24,-13.58,"[{'Canonical-syllable': '0', 'Growl': '0', 'High-freq-energy': '1', 'Long-island': '1', 'Low-tilt-spectrum': '1', 'Medium-island': '0', 'Short-island': '0', 'Squeal': '0', 'Typical-entropy': '1', 'Voicing-quality': '1', 'Wide-band': '0', 'Xlong-island': '0', 'seq': '1', 'end': 18147.15, 'start': 18146.36}]",0,0,[],[]
18147150,18149650,NA,NOF,0.0,642,AICF,NA,NA,NA,NA,0.0,0,-37.61,-22.29,[],0,0,[],[]
18149650,18150650,FEM,FAN,4.72,642,AICF,RC,2,TIFI,FI,0.0,0,-28.7,-18.88,[],0,0,[],[]
18150650,18152390,NA,OLF,0.0,642,AICF,NA,NA,NA,NA,0.0,0,-33.71,-25.03,[],0,0,[],[]
18152390,18153200,NA,NOF,0.0,642,AICF,NA,NA,NA,NA,0.0,0,-39.29,-29.84,[],0,0,[],[]
18153200,18154100,NA,OLF,0.0,642,AICF,NA,NA,NA,NA,0.0,0,-41.27,-34.53,[],0,0,[],[]
18154100,18154990,NA,NOF,0.0,642,AICF,NA,NA,NA,NA,0.0,0,-41.06,-31.13,[],0,0,[],[]
18154990,18156320,CHI,CHN,0.0,642,AICF,RC,3,TIFR,FI,1.0,1330,-16.72,-3.93,"[{'Canonical-syllable': '0', 'Growl': '0', 'High-freq-energy': '3', 'Long-island': '0', 'Low-tilt-spectrum': '1', 'Medium-island': '0', 'Short-island': '4', 'Squeal': '3', 'Typical-entropy': '4', 'Voicing-quality': '4', 'Wide-band': '0', 'Xlong-island': '0', 'seq': '1', 'end': 18156.32, 'start': 18154.99}]",0,0,[],[]
18156320,18157730,OCH,CXN,0.0,642,AICF,RC,3,NT,FI,0.0,0,-28.24,-20.27,[],0,0,[],[]
18157730,18159060,OCH,CXN,0.0,642,AICF,RC,3,NT,FH,0.0,0,-23.44,-12.94,[],0,0,[],[]
18159060,18159890,NA,OLN,0.0,642,AICF,NA,NA,NA,NA,0.0,0,-31.82,-24.22,[],0,0,[],[]
18159890,18160700,NA,NOF,0.0,642,AICF,NA,NA,NA,NA,0.0,0,-31.71,-20.43,[],0,0,[],[]
18160700,18162110,NA,OLF,0.0,642,AICF,NA,NA,NA,NA,0.0,0,-41.74,-34.53,[],0,0,[],[]
18162110,18163130,FEM,FAN,3.82,642,AICF,RC,3,TIFI,FI,0.0,0,-33.78,-26.7,[],0,0,[],[]
18163130,18164300,NA,OLF,0.0,642,AICF,NA,NA,NA,NA,0.0,0,-38.64,-33.79,[],0,0,[],[]
18164300,18165380,CHI,CHN,0.0,642,AICF,NA,NA,NA,NA,0.0,0,-16.72,-9.58,[],0,880,"[{'start': 18164.4, 'end': 18165.28}]",[]
18165380,18166230,NA,OLF,0.0,642,AICF,NA,NA,NA,NA,0.0,0,-37.18,-23.66,[],0,0,[],[]
18166230,18167240,FEM,FAN,0.0,642,AICF,NA,NA,NA,NA,0.0,0,-23.02,-7.34,[],1010,0,[],[]
18167240,18167970,CHI,CHN,0.0,642,AICF,RC,4,TIFR,FI,1.0,730,-15.8,-5.21,"[{'Canonical-syllable': '1', 'Growl': '0', 'High-freq-energy': '0', 'Long-island': '0', 'Low-tilt-spectrum': '2', 'Medium-island': '0', 'Short-island': '2', 'Squeal': '0', 'Typical-entropy': '1', 'Voicing-quality': '2', 'Wide-band': '1', 'Xlong-island': '0', 'seq': '1', 'end': 18167.97, 'start': 18167.51}]",0,0,[],[]
18167970,18169040,CHI,CHN,0.0,642,AICF,RC,4,NT,FH,1.0,1070,-23.34,-15.35,"[{'Canonical-syllable': '0', 'Growl': '1', 'High-freq-energy': '0', 'Long-island': '0', 'Low-tilt-spectrum': '1', 'Medium-island': '2', 'Short-island': '0', 'Squeal': '0', 'Typical-entropy': '2', 'Voicing-quality': '2', 'Wide-band': '0', 'Xlong-island': '0', 'seq': '1', 'end': 18169.04, 'start': 18167.97}]",0,0,[],[]
18169040,18169850,NA,NOF,0.0,642,AICF,NA,NA,NA,NA,0.0,0,-27.65,-16.75,[],0,0,[],[]
18169850,18170890,CHI,CHN,0.0,642,AICF,RC,4,NT,FH,1.0,940,-19.9,-10.31,"[{'Canonical-syllable': '0', 'Growl': '1', 'High-freq-energy': '2', 'Long-island': '0', 'Low-tilt-spectrum': '2', 'Medium-island': '1', 'Short-island': '0', 'Squeal': '1', 'Typical-entropy': '2', 'Voicing-quality': '1', 'Wide-band': '0', 'Xlong-island': '0', 'seq': '1', 'end': 18170.79, 'start': 18170.08}]",0,0,[],[]
18170890,18171940,NA,OLN,0.0,642,AICF,NA,NA,NA,NA,0.0,0,-22.92,-7.95,[],0,0,[],[]
18171940,18172940,FEM,FAN,4.93,642,AICF,RC,4,TIFE,FI,0.0,0,-31.21,-22.11,[],0,0,[],[]
18172940,18174830,NA,NOF,0.0,642,AICF,NA,NA,NA,NA,0.0,0,-41.24,-35.58,[],0,0,[],[]
18174830,18175940,FEM,FAN,7.27,642,AICF,EC,4,NT,FH,0.0,0,-29.9,-24.14,[],0,0,[],[]
18175940,18177070,NA,NOF,0.0,643,pause,NA,NA,NA,NA,0.0,0,-40.5,-35.17,[],0,0,[],[]
18177070,18178460,NA,OLN,0.0,643,pause,NA,NA,NA,NA,0.0,0,-20.97,-10.41,[],0,0,[],[]
18178460,18179960,NA,NOF,0.0,643,pause,NA,NA,NA,NA,0.0,0,-41.12,-31.24,[],0,0,[],[]
18179960,18180970,NA,TVF,0.0,643,pause,NA,NA,NA,NA,0.0,0,-41.1,-36.95,[],0,0,[],[]
18180970,18181880,NA,OLF,0.0,643,pause,NA,NA,NA,NA,0.0,0,-41.57,-37.44,[],0,0,[],[]
18181880,18183270,CHI,CHN,0.0,643,CIC,BC,0,NT,FI,1.0,1390,-13.39,-3.84,"[{'Canonical-syllable': '2', 'Growl': '0', 'High-freq-energy': '0', 'Long-island': '0', 'Low-tilt-spectrum': '2', 'Medium-island': '2', 'Short-island': '0', 'Squeal': '0', 'Typical-entropy': '2', 'Voicing-quality': '2', 'Wide-band': '0', 'Xlong-island': '0', 'seq': '1', 'end': 18183.27, 'start': 18182.06}]",0,0,[],[]
18183270,18184100,NA,OLF,0.0,643,CIC,NA,NA,NA,NA,0.0,0,-30.83,-18.95,[],0,0,[],[]
18184100,18185170,NA,NOF,0.0,643,CIC,NA,NA,NA,NA,0.0,0,-42.57,-36.92,[],0,0,[],[]
18185170,18186110,CHI,CHN,0.0,643,CIC,RC,0,TIFI,FH,1.0,940,-10.75,-3.03,"[{'Canonical-syllable': '0', 'Growl': '2', 'High-freq-energy': '0', 'Long-island': '0', 'Low-tilt-spectrum': '2', 'Medium-island': '1', 'Short-island': '1', 'Squeal': '0', 'Typical-entropy': '1', 'Voicing-quality': '2', 'Wide-band': '0', 'Xlong-island': '0', 'seq': '1', 'end': 18186.11, 'start': 18185.36}]",0,0,[],[]
18186110,18187740,FEM,FAN,5.1,643,CIC,EC,1,TIFR,FI,0.0,0,-33.71,-23.86,[],0,0,[],[]
18187740,18190340,NA,OLF,0.0,644,pause,NA,NA,NA,NA,0.0,0,-39.46,-26.76,[],0,0,[],[]
18190340,18192440,NA,NON,0.0,644,pause,NA,NA,NA,NA,0.0,0,-17.01,-2.63,[],0,0,[],[]
18192440,18193630,NA,OLF,0.0,644,pause,NA,NA,NA,NA,0.0,0,-36.05,-21.64,[],0,0,[],[]
18193630,18194430,OCH,CXN,0.0,644,XIC,BC,0,NT,FI,0.0,0,-29.51,-22.1,[],0,0,[],[]
18194430,18196080,NA,NOF,0.0,644,XIC,NA,NA,NA,NA,0.0,0,-38.91,-33.38,[],0,0,[],[]
18196080,18197240,FEM,FAN,3.71,644,XIC,RC,0,NT,FI,0.0,0,-30.28,-23.6,[],0,0,[],[]
18197240,18198400,NA,NOF,0.0,644,XIC,NA,NA,NA,NA,0.0,0,-42.35,-37.97,[],0,0,[],[]
18198400,18199570,NA,OLN,0.0,644,XIC,NA,NA,NA,NA,0.0,0,-19.38,-4.9,[],0,0,[],[]
18199570,18200870,FEM,FAN,3.99,644,XIC,RC,0,NT,FH,0.0,0,-29.9,-22.55,[],0,0,[],[]
18200870,18202260,NA,OLF,0.0,644,XIC,NA,NA,NA,NA,0.0,0,-37.81,-30.41,[],0,0,[],[]
18202260,18203330,NA,NOF,0.0,644,XIC,NA,NA,NA,NA,0.0,0,-41.33,-33.31,[],0,0,[],[]
18203330,18204330,FEM,FAN,1.53,644,XIC,RC,0,NT,FH,0.0,0,-22.75,-7.33,[],0,0,[],[]
18204330,18206010,NA,OLN,0.0,644,XIC,NA,NA,NA,NA,0.0,0,-21.5,-4.26,[],0,0,[],[]
18206010,18206850,FEM,FAN,0.0,644,XIC,NA,NA,NA,NA,0.0,0,-31.1,-28.44,[],840,0,[],[]
18206850,18207900,OCH,CXN,0.0,644,XIC,RC,0,NT,FI,0.0,0,-29.53,-21.01,[],0,0,[],[]
18207900,18209500,NA,OLN,0.0,644,XIC,NA,NA,NA,NA,0.0,0,-24.46,-7.69,[],0,0,[],[]
18209500,18210350,OCH,CXN,0.0,644,XIC,RC,0,NT,FH,0.0,0,-27.7,-22.8,[],0,0,[],[]
18210350,18210960,OCH,CXN,0.0,644,XIC,RC,0,NT,FH,0.0,0,-28.75,-25.93,[],0,0,[],[]
18210960,18212290,NA,OLN,0.0,644,XIC,NA,NA,NA,NA,0.0,0,-28.86,-17.08,[],0,0,[],[]
18212290,18213100,OCH,CXN,0.0,644,XIC,RC,0,NT,FH,0.0,0,-30.37,-22.53,[],0,0,[],[]
18213100,18215460,NA,OLF,0.0,644,XIC,NA,NA,NA,NA,0.0,0,-25.4,-5.14,[],0,0,[],[]
18215460,18216280,NA,OLN,0.0,644,XIC,NA,NA,NA,NA,0.0,0,-24.08,-18.22,[],0,0,[],[]
18216280,18216960,CHI,CHN,0.0,644,XIC,RC,0,NT,FI,1.0,680,-22.61,-16.61,"[{'Canonical-syllable': '0', 'Growl': '1', 'High-freq-energy': '0', 'Long-island': '0', 'Low-tilt-spectrum': '0', 'Medium-island': '2', 'Short-island': '0', 'Squeal': '0', 'Typical-entropy': '2', 'Voicing-quality': '2', 'Wide-band': '0', 'Xlong-island': '0', 'seq': '1', 'end': 18216.96, 'start': 18216.28}]",0,0,[],[]
18216960,18218480,NA,OLF,0.0,644,XIC,NA,NA,NA,NA,0.0,0,-35.4,-22.61,[],0,0,[],[]
18218480,18219280,OCH,CXN,0.0,644,XIC,RC,0,NT,FI,0.0,0,-30.62,-26.25,[],0,0,[],[]
18219280,18220790,NA,NOF,0.0,644,XIC,NA,NA,NA,NA,0.0,0,-20.72,-2.24,[],0,0,[],[]
18220790,18222800,CHI,CHN,0.0,644,XIC,NA,NA,NA,NA,0.0,0,-16.15,-2.98,[],0,1890,"[{'start': 18220.91, 'end': 18222.8}]",[]
18222800,18223800,MAL,MAN,6.98,644,XIC,RC,0,NT,FI,0.0,0,-26.39,-20.33,[],0,0,[],[]
18223800,18224800,NA,OLF,0.0,644,XIC,NA,NA,NA,NA,0.0,0,-39.98,-29.2,[],0,0,[],[]
18224800,18226050,NA,OLN,0.0,644,XIC,NA,NA,NA,NA,0.0,0,-26.6,-20.73,[],0,0,[],[]
18226050,18227050,MAL,MAN,5.74,644,XIC,RC,0,TIMI,FH,0.0,0,-34.34,-28.05,[],0,0,[],[]
18227050,18227950,NA,OLF,0.0,644,XIC,NA,NA,NA,NA,0.0,0,-37.58,-30.71,[],0,0,[],[]
18227950,18228550,CHI,CHN,0.0,644,XIC,EC,1,TIMR,FI,1.0,600,-30.15,-24.81,"[{'Canonical-syllable': '1', 'Growl': '0', 'High-freq-energy': '0', 'Long-island': '0', 'Low-tilt-spectrum': '0', 'Medium-island': '1', 'Short-island': '0', 'Squeal': '0', 'Typical-entropy': '0', 'Voicing-quality': '1', 'Wide-band': '0', 'Xlong-island': '0', 'seq': '1', 'end': 18228.55, 'start': 18228.15}]",0,0,[],[]
18228550,18229600,NA,OLF,0.0,645,pause,NA,NA,NA,NA,0.0,0,-24.9,-6.0,[],0,0,[],[]
18229600,18230800,NA,NOF,0.0,645,pause,NA,NA,NA,NA,0.0,0,-39.55,-29.62,[],0,0,[],[]
18230800,18232280,NA,OLN,0.0,645,pause,NA,NA,NA,NA,0.0,0,-32.13,-23.31,[],0,0,[],[]
18232280,18233160,NA,NOF,0.0,645,pause,NA,NA,NA,NA,0.0,0,-39.15,-28.01,[],0,0,[],[]
18233160,18233960,NA,OLF,0.0,645,pause,NA,NA,NA,NA,0.0,0,-33.29,-21.21,[],0,0,[],[]
18233960,18234930,CHI,CHN,0.0,645,pause,NA,NA,NA,NA,0.0,0,-20.86,-11.92,[],0,260,"[{'start': 18234.67, 'end': 18234.93}]",[]
18234930,18235990,NA,OLN,0.0,645,pause,NA,NA,NA,NA,0.0,0,-29.94,-21.98,[],0,0,[],[]
18235990,18236790,NA,NOF,0.0,645,pause,NA,NA,NA,NA,0.0,0,-31.48,-13.71,[],0,0,[],[]
18236790,18237630,NA,OLN,0.0,645,pause,NA,NA,NA,NA,0.0,0,-28.18,-17.56,[],0,0,[],[]
18237630,18238440,NA,NOF,0.0,645,pause,NA,NA,NA,NA,0.0,0,-35.44,-24.23,[],0,0,[],[]
18238440,18239360,NA,OLN,0.0,645,pause,NA,NA,NA,NA,0.0,0,-21.12,-7.46,[],0,0,[],[]
18239360,18241870,CHI,CHN,0.0,645,pause,NA,NA,NA,NA,0.0,0,-16.04,-11.13,[],0,2510,"[{'start': 18239.36, 'end': 18241.87}]",[]
18241870,18243010,NA,NOF,0.0,645,pause,NA,NA,NA,NA,0.0,0,-35.05,-20.18,[],0,0,[],[]
18243010,18243820,NA,OLN,0.0,645,pause,NA,NA,NA,NA,0.0,0,-32.55,-20.08,[],0,0,[],[]
18243820,18245540,NA,OLF,0.0,645,pause,NA,NA,NA,NA,0.0,0,-39.23,-26.29,[],0,0,[],[]
18245540,18248310,CHI,CHN,0.0,645,pause,NA,NA,NA,NA,0.0,0,-14.86,-9.97,[],0,2770,"[{'start': 18245.54, 'end': 18248.31}]",[]
18248310,18249530,FEM,FAN,5.59,645,AMF,EC,0,NT,FI,0.0,0,-28.61,-21.11,[],0,0,[],[]
18249530,18251160,NA,OLN,0.0,646,pause,NA,NA,NA,NA,0.0,0,-27.27,-10.86,[],0,0,[],[]
18251160,18251760,CHI,CHN,0.0,646,pause,NA,NA,NA,NA,0.0,0,-14.09,-11.43,[],0,510,"[{'start': 18251.25, 'end': 18251.76}]",[]
18251760,18253310,CHI,CHN,0.0,646,pause,NA,NA,NA,NA,0.0,0,-17.12,-10.1,[],0,1460,"[{'start': 18251.76, 'end': 18253.22}]",[]
18253310,18254250,NA,NOF,0.0,646,pause,NA,NA,NA,NA,0.0,0,-39.4,-31.67,[],0,0,[],[]
18254250,18255310,NA,OLN,0.0,646,pause,NA,NA,NA,NA,0.0,0,-31.92,-22.32,[],0,0,[],[]
18255310,18256030,CHI,CHN,0.0,646,pause,NA,NA,NA,NA,0.0,0,-18.56,-10.9,[],0,720,"[{'start': 18255.31, 'end': 18256.03}]",[]
18256030,18257040,CHI,CHN,0.0,646,CIOCAX,BC,0,NT,FI,1.0,1010,-18.2,-10.03,"[{'Canonical-syllable': '0', 'Growl': '0', 'High-freq-energy': '0', 'Long-island': '0', 'Low-tilt-spectrum': '2', 'Medium-island': '1', 'Short-island': '1', 'Squeal': '0', 'Typical-entropy': '2', 'Voicing-quality': '2', 'Wide-band': '0', 'Xlong-island': '0', 'seq': '1', 'end': 18257.04, 'start': 18256.03}]",0,0,[],[]
18257040,18257640,OCH,CXN,0.0,646,CIOCAX,RC,0,NT,FI,0.0,0,-28.32,-17.6,[],0,0,[],[]
18257640,18258860,FEM,FAN,2.29,646,CIOCAX,EC,0,NT,FI,0.0,0,-29.46,-18.57,[],0,0,[],[]
18258860,18259920,NA,OLN,0.0,647,pause,NA,NA,NA,NA,0.0,0,-33.38,-24.03,[],0,0,[],[]
18259920,18260860,NA,NOF,0.0,647,pause,NA,NA,NA,NA,0.0,0,-20.65,-7.88,[],0,0,[],[]
18260860,18262380,NA,OLF,0.0,647,pause,NA,NA,NA,NA,0.0,0,-36.41,-26.45,[],0,0,[],[]
18262380,18263080,CHI,CHN,0.0,647,pause,NA,NA,NA,NA,0.0,0,-14.96,-9.57,[],0,700,"[{'start': 18262.38, 'end': 18263.08}]",[]
18263080,18263880,NA,OLN,0.0,647,pause,NA,NA,NA,NA,0.0,0,-25.71,-17.68,[],0,0,[],[]
18263880,18264930,NA,TVN,0.0,647,pause,NA,NA,NA,NA,0.0,0,-33.07,-25.47,[],0,0,[],[]
18264930,18267160,NA,OLF,0.0,647,pause,NA,NA,NA,NA,0.0,0,-36.85,-28.82,[],0,0,[],[]
18267160,18268070,NA,NON,0.0,647,pause,NA,NA,NA,NA,0.0,0,-30.44,-23.51,[],0,0,[],[]
18268070,18269160,NA,OLN,0.0,647,pause,NA,NA,NA,NA,0.0,0,-26.17,-19.59,[],0,0,[],[]
18269160,18270820,NA,NON,0.0,647,pause,NA,NA,NA,NA,0.0,0,-29.16,-19.95,[],0,0,[],[]
18270820,18271620,OCH,CXN,0.0,647,XIOCA,BC,0,NT,FI,0.0,0,-22.29,-16.17,[],0,0,[],[]
18271620,18272630,NA,NOF,0.0,647,XIOCA,NA,NA,NA,NA,0.0,0,-24.98,-13.89,[],0,0,[],[]
18272630,18273660,FEM,FAN,4.55,647,XIOCA,EC,0,NT,FI,0.0,0,-25.28,-15.67,[],0,0,[],[]
18273660,18274460,NA,OLF,0.0,648,pause,NA,NA,NA,NA,0.0,0,-36.47,-30.07,[],0,0,[],[]
18274460,18275260,NA,NOF,0.0,648,pause,NA,NA,NA,NA,0.0,0,-41.31,-36.76,[],0,0,[],[]
18275260,18276260,NA,MAF,0.0,648,pause,NA,NA,NA,NA,0.0,0,-35.95,-29.6,[],0,0,[],[]
18276260,18279410,NA,NOF,0.0,648,pause,NA,NA,NA,NA,0.0,0,-46.13,-36.47,[],0,0,[],[]
18279410,18280230,NA,SIL,0.0,648,pause,NA,NA,NA,NA,0.0,0,-50.62,-47.93,[],0,0,[],[]
18280230,18281030,NA,NOF,0.0,648,pause,NA,NA,NA,NA,0.0,0,-47.83,-36.76,[],0,0,[],[]
18281030,18285130,NA,SIL,0.0,648,pause,NA,NA,NA,NA,0.0,0,-51.61,-47.0,[],0,0,[],[]
18285130,18286400,NA,TVF,0.0,648,pause,NA,NA,NA,NA,0.0,0,-48.43,-42.47,[],0,0,[],[]
18286400,18287470,NA,SIL,0.0,648,pause,NA,NA,NA,NA,0.0,0,-51.98,-48.42,[],0,0,[],[]
18287470,18288630,NA,NOF,0.0,648,pause,NA,NA,NA,NA,0.0,0,-37.74,-24.04,[],0,0,[],[]
18288630,18289980,NA,SIL,0.0,648,pause,NA,NA,NA,NA,0.0,0,-49.66,-40.94,[],0,0,[],[]
18289980,18292570,NA,MAF,0.0,648,pause,NA,NA,NA,NA,0.0,0,-46.82,-37.0,[],0,0,[],[]
18292570,18293680,NA,SIL,0.0,648,pause,NA,NA,NA,NA,0.0,0,-50.74,-44.97,[],0,0,[],[]
18293680,18294690,NA,MAF,0.0,648,pause,NA,NA,NA,NA,0.0,0,-44.63,-32.06,[],0,0,[],[]
18294690,18296200,NA,SIL,0.0,648,pause,NA,NA,NA,NA,0.0,0,-48.44,-41.0,[],0,0,[],[]
18296200,18297650,NA,OLF,0.0,648,pause,NA,NA,NA,NA,0.0,0,-38.79,-29.78,[],0,0,[],[]
18297650,18298610,NA,MAF,0.0,648,pause,NA,NA,NA,NA,0.0,0,-48.33,-42.54,[],0,0,[],[]
18298610,18299620,CHI,CHN,0.0,648,CM,EC,0,NT,FI,1.0,1010,-15.15,-11.32,"[{'Canonical-syllable': '0', 'Growl': '0', 'High-freq-energy': '0', 'Long-island': '0', 'Low-tilt-spectrum': '0', 'Medium-island': '0', 'Short-island': '0', 'Squeal': '0', 'Typical-entropy': '0', 'Voicing-quality': '1', 'Wide-band': '0', 'Xlong-island': '1', 'seq': '1', 'end': 18299.62, 'start': 18298.61}]",0,0,[],[]
18299620,18300420,NA,OLN,0.0,649,pause,NA,NA,NA,NA,0.0,0,-26.61,-17.73,[],0,0,[],[]
18300420,18301020,CHI,CHN,0.0,649,pause,NA,NA,NA,NA,0.0,0,-17.84,-11.21,[],0,470,[],"[{'start': 18300.42, 'end': 18300.89}]"
18301020,18301820,NA,NOF,0.0,649,pause,NA,NA,NA,NA,0.0,0,-44.9,-36.56,[],0,0,[],[]
18301820,18302920,NA,CXF,0.0,649,pause,NA,NA,NA,NA,0.0,0,-45.79,-40.08,[],0,0,[],[]
18302920,18303720,NA,SIL,0.0,649,pause,NA,NA,NA,NA,0.0,0,-46.9,-42.09,[],0,0,[],[]
18303720,18305310,NA,NOF,0.0,649,pause,NA,NA,NA,NA,0.0,0,-43.11,-32.73,[],0,0,[],[]
18305310,18305910,CHI,CHN,0.0,649,CIC,BC,0,NT,FI,1.0,600,-18.88,-11.7,"[{'Canonical-syllable': '0', 'Growl': '0', 'High-freq-energy': '0', 'Long-island': '0', 'Low-tilt-spectrum': '0', 'Medium-island': '1', 'Short-island': '0', 'Squeal': '0', 'Typical-entropy': '0', 'Voicing-quality': '1', 'Wide-band': '0', 'Xlong-island': '0', 'seq': '1', 'end': 18305.91, 'start': 18305.45}]",0,0,[],[]
18305910,18306780,NA,OLF,0.0,649,CIC,NA,NA,NA,NA,0.0,0,-18.94,-5.6,[],0,0,[],[]
18306780,18307760,CHI,CHN,0.0,649,CIC,RC,0,TIFI,FH,1.0,980,-15.88,-12.13,"[{'Canonical-syllable': '0', 'Growl': '0', 'High-freq-energy': '0', 'Long-island': '0', 'Low-tilt-spectrum': '0', 'Medium-island': '0', 'Short-island': '0', 'Squeal': '0', 'Typical-entropy': '1', 'Voicing-quality': '1', 'Wide-band': '0', 'Xlong-island': '1', 'seq': '1', 'end': 18307.76, 'start': 18306.78}]",0,0,[],[]
18307760,18309620,FEM,FAN,7.87,649,CIC,RC,1,TIFR,FI,0.0,0,-18.82,-11.94,[],0,0,[],[]
18309620,18310230,CHI,CHN,0.0,649,CIC,RC,1,TIFI,FI,1.0,610,-16.43,-10.63,"[{'Canonical-syllable': '0', 'Growl': '0', 'High-freq-energy': '0', 'Long-island': '0', 'Low-tilt-spectrum': '0', 'Medium-island': '1', 'Short-island': '0', 'Squeal': '0', 'Typical-entropy': '0', 'Voicing-quality': '1', 'Wide-band': '0', 'Xlong-island': '0', 'seq': '1', 'end': 18310.23, 'start': 18309.62}]",0,0,[],[]
18310230,18311830,NA,OLF,0.0,649,CIC,NA,NA,NA,NA,0.0,0,-36.64,-19.05,[],0,0,[],[]
18311830,18312680,NA,OLN,0.0,649,CIC,NA,NA,NA,NA,0.0,0,-28.5,-18.04,[],0,0,[],[]
18312680,18313800,FEM,FAN,6.77,649,CIC,EC,2,TIFR,FI,0.0,0,-31.06,-23.76,[],0,0,[],[]
18313800,18314970,NA,OLN,0.0,650,pause,NA,NA,NA,NA,0.0,0,-36.84,-30.05,[],0,0,[],[]
18314970,18316380,NA,FAF,0.0,650,pause,NA,NA,NA,NA,0.0,0,-38.77,-29.92,[],0,0,[],[]
18316380,18318070,NA,NOF,0.0,650,pause,NA,NA,NA,NA,0.0,0,-47.11,-37.01,[],0,0,[],[]
18318070,18319680,NA,OLF,0.0,650,pause,NA,NA,NA,NA,0.0,0,-42.42,-34.03,[],0,0,[],[]
18319680,18320480,NA,TVF,0.0,650,pause,NA,NA,NA,NA,0.0,0,-43.59,-39.02,[],0,0,[],[]
18320480,18321480,NA,SIL,0.0,650,pause,NA,NA,NA,NA,0.0,0,-44.56,-35.02,[],0,0,[],[]
18321480,18323200,NA,OLF,0.0,650,pause,NA,NA,NA,NA,0.0,0,-40.46,-27.81,[],0,0,[],[]
18323200,18324050,NA,NOF,0.0,650,pause,NA,NA,NA,NA,0.0,0,-42.04,-33.09,[],0,0,[],[]
18324050,18324940,NA,OLF,0.0,650,pause,NA,NA,NA,NA,0.0,0,-40.33,-36.91,[],0,0,[],[]
18324940,18326160,NA,TVF,0.0,650,pause,NA,NA,NA,NA,0.0,0,-41.64,-35.83,[],0,0,[],[]
18326160,18327420,NA,OLF,0.0,650,pause,NA,NA,NA,NA,0.0,0,-35.2,-17.16,[],0,0,[],[]
18327420,18328240,NA,SIL,0.0,650,pause,NA,NA,NA,NA,0.0,0,-42.6,-33.79,[],0,0,[],[]
18328240,18329470,NA,MAF,0.0,650,pause,NA,NA,NA,NA,0.0,0,-44.36,-40.38,[],0,0,[],[]
18329470,18330570,NA,SIL,0.0,650,pause,NA,NA,NA,NA,0.0,0,-44.2,-38.73,[],0,0,[],[]
18330570,18331730,NA,OLF,0.0,650,pause,NA,NA,NA,NA,0.0,0,-39.43,-28.94,[],0,0,[],[]
18331730,18332700,NA,TVF,0.0,650,pause,NA,NA,NA,NA,0.0,0,-43.47,-39.42,[],0,0,[],[]
18332700,18333620,NA,NOF,0.0,650,pause,NA,NA,NA,NA,0.0,0,-38.48,-27.77,[],0,0,[],[]
18333620,18335700,NA,OLF,0.0,650,pause,NA,NA,NA,NA,0.0,0,-36.54,-18.83,[],0,0,[],[]
18335700,18336500,NA,SIL,0.0,650,pause,NA,NA,NA,NA,0.0,0,-40.77,-30.69,[],0,0,[],[]
18336500,18337940,NA,OLF,0.0,650,pause,NA,NA,NA,NA,0.0,0,-40.13,-29.91,[],0,0,[],[]
18337940,18338740,NA,NOF,0.0,650,pause,NA,NA,NA,NA,0.0,0,-41.65,-35.92,[],0,0,[],[]
18338740,18341300,NA,OLF,0.0,650,pause,NA,NA,NA,NA,0.0,0,-38.19,-24.91,[],0,0,[],[]
18341300,18342120,NA,NOF,0.0,650,pause,NA,NA,NA,NA,0.0,0,-37.33,-26.56,[],0,0,[],[]
18342120,18343250,NA,SIL,0.0,650,pause,NA,NA,NA,NA,0.0,0,-41.29,-34.57,[],0,0,[],[]
18343250,18344550,NA,TVF,0.0,650,pause,NA,NA,NA,NA,0.0,0,-39.0,-23.9,[],0,0,[],[]
18344550,18345580,NA,OLF,0.0,650,pause,NA,NA,NA,NA,0.0,0,-42.3,-34.19,[],0,0,[],[]
18345580,18346540,NA,SIL,0.0,650,pause,NA,NA,NA,NA,0.0,0,-43.64,-40.96,[],0,0,[],[]
18346540,18348260,NA,OLF,0.0,650,pause,NA,NA,NA,NA,0.0,0,-42.89,-37.37,[],0,0,[],[]
18348260,18351600,NA,NOF,0.0,650,pause,NA,NA,NA,NA,0.0,0,-42.69,-30.68,[],0,0,[],[]
18351600,18352420,NA,SIL,0.0,650,pause,NA,NA,NA,NA,0.0,0,-46.52,-43.99,[],0,0,[],[]
18352420,18353240,NA,NOF,0.0,650,pause,NA,NA,NA,NA,0.0,0,-43.25,-36.53,[],0,0,[],[]
18353240,18354040,NA,OLF,0.0,650,pause,NA,NA,NA,NA,0.0,0,-40.94,-35.63,[],0,0,[],[]
18354040,18354950,NA,SIL,0.0,650,pause,NA,NA,NA,NA,0.0,0,-42.31,-38.57,[],0,0,[],[]
18354950,18356330,NA,NOF,0.0,650,pause,NA,NA,NA,NA,0.0,0,-39.74,-30.73,[],0,0,[],[]
18356330,18357370,NA,OLF,0.0,650,pause,NA,NA,NA,NA,0.0,0,-37.57,-23.82,[],0,0,[],[]
18357370,18358190,NA,NOF,0.0,650,pause,NA,NA,NA,NA,0.0,0,-36.26,-24.71,[],0,0,[],[]
18358190,18359030,NA,SIL,0.0,650,pause,NA,NA,NA,NA,0.0,0,-39.81,-28.29,[],0,0,[],[]
18359030,18359920,NA,OLF,0.0,650,pause,NA,NA,NA,NA,0.0,0,-39.78,-35.32,[],0,0,[],[]
18359920,18360730,NA,MAF,0.0,650,pause,NA,NA,NA,NA,0.0,0,-42.43,-39.31,[],0,0,[],[]
18360730,18364120,NA,OLF,0.0,650,pause,NA,NA,NA,NA,0.0,0,-37.86,-23.07,[],0,0,[],[]
18364120,18365650,NA,SIL,0.0,650,pause,NA,NA,NA,NA,0.0,0,-40.19,-33.48,[],0,0,[],[]
18365650,18366530,NA,TVF,0.0,650,pause,NA,NA,NA,NA,0.0,0,-40.7,-35.64,[],0,0,[],[]
18366530,18367330,NA,SIL,0.0,650,pause,NA,NA,NA,NA,0.0,0,-43.76,-35.53,[],0,0,[],[]
18367330,18370270,NA,TVF,0.0,650,pause,NA,NA,NA,NA,0.0,0,-39.4,-25.09,[],0,0,[],[]
18370270,18371170,NA,OLF,0.0,650,pause,NA,NA,NA,NA,0.0,0,-29.21,-11.39,[],0,0,[],[]
18371170,18372690,CHI,CHN,0.0,650,CM,EC,0,NT,FI,1.0,1270,-17.86,-7.46,"[{'Canonical-syllable': '1', 'Growl': '0', 'High-freq-energy': '0', 'Long-island': '0', 'Low-tilt-spectrum': '0', 'Medium-island': '2', 'Short-island': '1', 'Squeal': '1', 'Typical-entropy': '0', 'Voicing-quality': '3', 'Wide-band': '0', 'Xlong-island': '0', 'seq': '1', 'end': 18372.44, 'start': 18371.17}]",0,0,[],[]
18372690,18374280,NA,TVF,0.0,651,pause,NA,NA,NA,NA,0.0,0,-33.6,-15.58,[],0,0,[],[]
18374280,18375420,NA,OLF,0.0,651,pause,NA,NA,NA,NA,0.0,0,-39.86,-33.54,[],0,0,[],[]
18375420,18376430,NA,TVF,0.0,651,pause,NA,NA,NA,NA,0.0,0,-40.25,-35.36,[],0,0,[],[]
18376430,18381940,NA,OLF,0.0,651,pause,NA,NA,NA,NA,0.0,0,-38.82,-23.93,[],0,0,[],[]
18381940,18383010,NA,TVF,0.0,651,pause,NA,NA,NA,NA,0.0,0,-40.06,-34.01,[],0,0,[],[]
18383010,18386920,NA,OLF,0.0,651,pause,NA,NA,NA,NA,0.0,0,-38.44,-20.71,[],0,0,[],[]
18386920,18387760,NA,NOF,0.0,651,pause,NA,NA,NA,NA,0.0,0,-40.13,-32.66,[],0,0,[],[]
18387760,18396310,NA,OLF,0.0,651,pause,NA,NA,NA,NA,0.0,0,-39.02,-26.25,[],0,0,[],[]
18396310,18397740,NA,NOF,0.0,651,pause,NA,NA,NA,NA,0.0,0,-40.26,-35.75,[],0,0,[],[]
18397740,18403260,NA,OLF,0.0,651,pause,NA,NA,NA,NA,0.0,0,-36.85,-21.95,[],0,0,[],[]
18403260,18404160,NA,NOF,0.0,651,pause,NA,NA,NA,NA,0.0,0,-38.96,-32.89,[],0,0,[],[]
18404160,18406220,NA,OLF,0.0,651,pause,NA,NA,NA,NA,0.0,0,-38.75,-30.41,[],0,0,[],[]
18406220,18412270,NA,NON,0.0,651,pause,NA,NA,NA,NA,0.0,0,-39.78,-28.81,[],0,0,[],[]
18412270,18413440,NA,OLF,0.0,651,pause,NA,NA,NA,NA,0.0,0,-39.66,-36.28,[],0,0,[],[]
18413440,18416340,NA,TVF,0.0,651,pause,NA,NA,NA,NA,0.0,0,-39.37,-34.44,[],0,0,[],[]
18416340,18418340,CHI,CHN,0.0,651,CM,EC,0,NT,FI,1.0,2000,-19.87,-11.72,"[{'Canonical-syllable': '1', 'Growl': '2', 'High-freq-energy': '0', 'Long-island': '0', 'Low-tilt-spectrum': '0', 'Medium-island': '2', 'Short-island': '2', 'Squeal': '0', 'Typical-entropy': '3', 'Voicing-quality': '4', 'Wide-band': '0', 'Xlong-island': '0', 'seq': '1', 'end': 18418.34, 'start': 18416.63}]",0,0,[],[]
18418340,18419390,NA,TVF,0.0,652,pause,NA,NA,NA,NA,0.0,0,-38.99,-32.9,[],0,0,[],[]
18419390,18424380,NA,OLF,0.0,652,pause,NA,NA,NA,NA,0.0,0,-37.62,-19.44,[],0,0,[],[]
18424380,18425380,NA,TVF,0.0,652,pause,NA,NA,NA,NA,0.0,0,-39.17,-34.66,[],0,0,[],[]
18425380,18426230,NA,OLF,0.0,652,pause,NA,NA,NA,NA,0.0,0,-25.28,-9.19,[],0,0,[],[]
18426230,18427550,CHI,CHN,0.0,652,CM,BC,0,NT,FI,1.0,1320,-15.06,-10.93,"[{'Canonical-syllable': '0', 'Growl': '0', 'High-freq-energy': '0', 'Long-island': '0', 'Low-tilt-spectrum': '0', 'Medium-island': '0', 'Short-island': '1', 'Squeal': '0', 'Typical-entropy': '1', 'Voicing-quality': '2', 'Wide-band': '0', 'Xlong-island': '1', 'seq': '1', 'end': 18427.55, 'start': 18426.23}]",0,0,[],[]
18427550,18429860,NA,OLF,0.0,652,CM,NA,NA,NA,NA,0.0,0,-35.19,-20.02,[],0,0,[],[]
18429860,18430660,NA,TVF,0.0,652,CM,NA,NA,NA,NA,0.0,0,-40.97,-35.76,[],0,0,[],[]
18430660,18431260,CHI,CHN,0.0,652,CM,RC,0,NT,FH,1.0,470,-17.39,-7.95,"[{'Canonical-syllable': '1', 'Growl': '0', 'High-freq-energy': '1', 'Long-island': '0', 'Low-tilt-spectrum': '1', 'Medium-island': '1', 'Short-island': '0', 'Squeal': '0', 'Typical-entropy': '1', 'Voicing-quality': '1', 'Wide-band': '0', 'Xlong-island': '0', 'seq': '1', 'end': 18431.13, 'start': 18430.8}]",0,0,[],[]
18431260,18432760,NA,OLF,0.0,652,CM,NA,NA,NA,NA,0.0,0,-37.52,-26.1,[],0,0,[],[]
18432760,18434000,CHI,CHN,0.0,652,CM,EC,0,NT,FH,2.0,780,-19.93,-9.76,"[{'Canonical-syllable': '0', 'Growl': '0', 'High-freq-energy': '0', 'Long-island': '0', 'Low-tilt-spectrum': '0', 'Medium-island': '0', 'Short-island': '1', 'Squeal': '0', 'Typical-entropy': '1', 'Voicing-quality': '1', 'Wide-band': '0', 'Xlong-island': '0', 'seq': '1', 'end': 18433.02, 'start': 18432.76}, {'Canonical-syllable': '0', 'Growl': '0', 'High-freq-energy': '0', 'Long-island': '0', 'Low-tilt-spectrum': '0', 'Medium-island': '1', 'Short-island': '0', 'Squeal': '0', 'Typical-entropy': '1', 'Voicing-quality': '2', 'Wide-band': '0', 'Xlong-island': '0', 'seq': '2', 'end': 18434.0, 'start': 18433.48}]",0,0,[],[]
18434000,18436280,NA,OLF,0.0,653,pause,NA,NA,NA,NA,0.0,0,-40.12,-35.55,[],0,0,[],[]
18436280,18437300,NA,TVF,0.0,653,pause,NA,NA,NA,NA,0.0,0,-40.39,-35.09,[],0,0,[],[]
18437300,18440220,NA,OLF,0.0,653,pause,NA,NA,NA,NA,0.0,0,-38.84,-26.9,[],0,0,[],[]
18440220,18446670,NA,NON,0.0,653,pause,NA,NA,NA,NA,0.0,0,-40.19,-31.74,[],0,0,[],[]
18446670,18449100,NA,OLF,0.0,653,pause,NA,NA,NA,NA,0.0,0,-37.5,-27.54,[],0,0,[],[]
18449100,18450100,NA,TVF,0.0,653,pause,NA,NA,NA,NA,0.0,0,-39.3,-34.72,[],0,0,[],[]
18450100,18451040,NA,OLF,0.0,653,pause,NA,NA,NA,NA,0.0,0,-40.4,-35.19,[],0,0,[],[]
18451040,18452560,NA,TVF,0.0,653,pause,NA,NA,NA,NA,0.0,0,-39.15,-34.06,[],0,0,[],[]
18452560,18455660,NA,OLF,0.0,653,pause,NA,NA,NA,NA,0.0,0,-40.57,-35.38,[],0,0,[],[]
18455660,18465790,NA,TVF,0.0,653,pause,NA,NA,NA,NA,0.0,0,-40.64,-33.48,[],0,0,[],[]
18465790,18466650,NA,OLF,0.0,653,pause,NA,NA,NA,NA,0.0,0,-39.85,-30.04,[],0,0,[],[]
18466650,18467650,NA,TVF,0.0,653,pause,NA,NA,NA,NA,0.0,0,-41.61,-36.95,[],0,0,[],[]
18467650,18468980,NA,OLF,0.0,653,pause,NA,NA,NA,NA,0.0,0,-38.67,-30.85,[],0,0,[],[]
18468980,18470210,NA,TVF,0.0,653,pause,NA,NA,NA,NA,0.0,0,-40.47,-34.99,[],0,0,[],[]
18470210,18472490,NA,OLF,0.0,653,pause,NA,NA,NA,NA,0.0,0,-39.34,-32.49,[],0,0,[],[]
18472490,18473290,NA,NOF,0.0,653,pause,NA,NA,NA,NA,0.0,0,-39.87,-34.32,[],0,0,[],[]
18473290,18475980,NA,TVF,0.0,653,pause,NA,NA,NA,NA,0.0,0,-40.88,-35.2,[],0,0,[],[]
18475980,18477850,NA,OLF,0.0,653,pause,NA,NA,NA,NA,0.0,0,-40.57,-34.91,[],0,0,[],[]
18477850,18481800,NA,TVF,0.0,653,pause,NA,NA,NA,NA,0.0,0,-39.8,-32.47,[],0,0,[],[]
18481800,18483420,NA,OLF,0.0,653,pause,NA,NA,NA,NA,0.0,0,-40.06,-35.79,[],0,0,[],[]
18483420,18485070,NA,NOF,0.0,653,pause,NA,NA,NA,NA,0.0,0,-39.89,-32.33,[],0,0,[],[]
18485070,18486010,NA,OLF,0.0,653,pause,NA,NA,NA,NA,0.0,0,-34.59,-22.67,[],0,0,[],[]
18486010,18486850,NA,NOF,0.0,653,pause,NA,NA,NA,NA,0.0,0,-35.79,-22.74,[],0,0,[],[]
18486850,18489220,NA,OLF,0.0,653,pause,NA,NA,NA,NA,0.0,0,-39.34,-33.5,[],0,0,[],[]
18489220,18490240,NA,NOF,0.0,653,pause,NA,NA,NA,NA,0.0,0,-40.14,-34.7,[],0,0,[],[]
18490240,18499040,NA,OLF,0.0,653,pause,NA,NA,NA,NA,0.0,0,-35.01,-13.21,[],0,0,[],[]
18499040,18499840,NA,NOF,0.0,653,pause,NA,NA,NA,NA,0.0,0,-40.23,-34.9,[],0,0,[],[]
18499840,18503520,NA,OLF,0.0,653,pause,NA,NA,NA,NA,0.0,0,-39.24,-28.4,[],0,0,[],[]
18503520,18509670,NA,NON,0.0,653,pause,NA,NA,NA,NA,0.0,0,-38.27,-18.44,[],0,0,[],[]
18509670,18511420,NA,TVF,0.0,653,pause,NA,NA,NA,NA,0.0,0,-38.6,-26.65,[],0,0,[],[]
18511420,18516770,NA,NON,0.0,653,pause,NA,NA,NA,NA,0.0,0,-39.96,-29.81,[],0,0,[],[]
18516770,18517930,NA,SIL,0.0,653,pause,NA,NA,NA,NA,0.0,0,-34.08,-17.55,[],0,0,[],[]
18517930,18519150,NA,TVF,0.0,653,pause,NA,NA,NA,NA,0.0,0,-41.88,-37.75,[],0,0,[],[]
18519150,18520460,NA,SIL,0.0,653,pause,NA,NA,NA,NA,0.0,0,-38.24,-21.37,[],0,0,[],[]
18520460,18522340,NA,TVF,0.0,653,pause,NA,NA,NA,NA,0.0,0,-41.14,-29.8,[],0,0,[],[]
18522340,18523760,NA,OLF,0.0,653,pause,NA,NA,NA,NA,0.0,0,-39.51,-26.68,[],0,0,[],[]
18523760,18524790,NA,TVN,0.0,653,pause,NA,NA,NA,NA,0.0,0,-41.67,-35.73,[],0,0,[],[]
18524790,18525790,NA,MAF,0.0,653,pause,NA,NA,NA,NA,0.0,0,-38.49,-28.77,[],0,0,[],[]
18525790,18527850,NA,OLF,0.0,653,pause,NA,NA,NA,NA,0.0,0,-34.02,-19.67,[],0,0,[],[]
18527850,18528850,NA,TVF,0.0,653,pause,NA,NA,NA,NA,0.0,0,-39.23,-31.67,[],0,0,[],[]
18528850,18530050,NA,OLF,0.0,653,pause,NA,NA,NA,NA,0.0,0,-39.67,-33.87,[],0,0,[],[]
18530050,18531910,NA,TVF,0.0,653,pause,NA,NA,NA,NA,0.0,0,-39.54,-34.33,[],0,0,[],[]
18531910,18533620,NA,OLF,0.0,653,pause,NA,NA,NA,NA,0.0,0,-36.18,-25.27,[],0,0,[],[]
18533620,18534630,NA,NOF,0.0,653,pause,NA,NA,NA,NA,0.0,0,-31.14,-15.78,[],0,0,[],[]
18534630,18537210,NA,OLF,0.0,653,pause,NA,NA,NA,NA,0.0,0,-37.67,-20.69,[],0,0,[],[]
18537210,18539120,NA,TVF,0.0,653,pause,NA,NA,NA,NA,0.0,0,-38.79,-25.34,[],0,0,[],[]
18539120,18545170,NA,NON,0.0,653,pause,NA,NA,NA,NA,0.0,0,-39.73,-33.45,[],0,0,[],[]
18545170,18551570,NA,OLF,0.0,653,pause,NA,NA,NA,NA,0.0,0,-39.06,-27.3,[],0,0,[],[]
18551570,18552680,NA,TVF,0.0,653,pause,NA,NA,NA,NA,0.0,0,-38.31,-27.31,[],0,0,[],[]
18552680,18554570,NA,OLF,0.0,653,pause,NA,NA,NA,NA,0.0,0,-38.56,-28.99,[],0,0,[],[]
18554570,18555760,NA,TVF,0.0,653,pause,NA,NA,NA,NA,0.0,0,-40.18,-36.51,[],0,0,[],[]
18555760,18557510,NA,OLF,0.0,653,pause,NA,NA,NA,NA,0.0,0,-37.76,-29.29,[],0,0,[],[]
18557510,18558370,NA,NOF,0.0,653,pause,NA,NA,NA,NA,0.0,0,-25.81,-7.54,[],0,0,[],[]
18558370,18559390,NA,OLF,0.0,653,pause,NA,NA,NA,NA,0.0,0,-37.17,-27.45,[],0,0,[],[]
18559390,18560260,NA,NOF,0.0,653,pause,NA,NA,NA,NA,0.0,0,-38.0,-28.41,[],0,0,[],[]
18560260,18562300,NA,OLF,0.0,653,pause,NA,NA,NA,NA,0.0,0,-39.37,-31.97,[],0,0,[],[]
18562300,18563300,NA,TVF,0.0,653,pause,NA,NA,NA,NA,0.0,0,-40.98,-36.05,[],0,0,[],[]
18563300,18565550,NA,OLF,0.0,653,pause,NA,NA,NA,NA,0.0,0,-39.84,-34.74,[],0,0,[],[]
18565550,18566350,NA,TVF,0.0,653,pause,NA,NA,NA,NA,0.0,0,-40.45,-35.99,[],0,0,[],[]
18566350,18570010,NA,OLF,0.0,653,pause,NA,NA,NA,NA,0.0,0,-39.08,-23.99,[],0,0,[],[]
18570010,18571710,CHI,CHN,0.0,653,CM,EC,0,NT,FI,1.0,1530,-15.61,-8.37,"[{'Canonical-syllable': '0', 'Growl': '0', 'High-freq-energy': '0', 'Long-island': '2', 'Low-tilt-spectrum': '0', 'Medium-island': '0', 'Short-island': '0', 'Squeal': '0', 'Typical-entropy': '2', 'Voicing-quality': '2', 'Wide-band': '0', 'Xlong-island': '0', 'seq': '1', 'end': 18571.54, 'start': 18570.01}]",0,0,[],[]
18571710,18572560,NA,TVF,0.0,654,pause,NA,NA,NA,NA,0.0,0,-40.17,-37.02,[],0,0,[],[]
18572560,18576320,NA,OLF,0.0,654,pause,NA,NA,NA,NA,0.0,0,-38.14,-22.55,[],0,0,[],[]
18576320,18581970,NA,NON,0.0,654,pause,NA,NA,NA,NA,0.0,0,-42.57,-33.95,[],0,0,[],[]
18581970,18585480,NA,NOF,0.0,654,pause,NA,NA,NA,NA,0.0,0,-44.09,-37.35,[],0,0,[],[]
18585480,18592260,NA,SIL,0.0,654,pause,NA,NA,NA,NA,0.0,0,-48.09,-38.62,[],0,0,[],[]
18592260,18592970,FEM,FAN,0.0,654,pause,NA,NA,NA,NA,0.0,0,-29.46,-19.91,[],710,0,[],[]
18592970,18595240,NA,SIL,0.0,654,pause,NA,NA,NA,NA,0.0,0,-45.21,-27.9,[],0,0,[],[]
18595240,18596510,NA,NOF,0.0,654,pause,NA,NA,NA,NA,0.0,0,-49.36,-44.91,[],0,0,[],[]
18596510,18597510,NA,SIL,0.0,654,pause,NA,NA,NA,NA,0.0,0,-50.95,-40.44,[],0,0,[],[]
18597510,18598310,NA,NOF,0.0,654,pause,NA,NA,NA,NA,0.0,0,-48.89,-42.89,[],0,0,[],[]
18598310,18598990,CHI,CHN,0.0,654,CM,EC,0,NT,FI,1.0,680,-29.56,-20.32,"[{'Canonical-syllable': '0', 'Growl': '0', 'High-freq-energy': '0', 'Long-island': '0', 'Low-tilt-spectrum': '0', 'Medium-island': '1', 'Short-island': '1', 'Squeal': '0', 'Typical-entropy': '0', 'Voicing-quality': '2', 'Wide-band': '0', 'Xlong-island': '0', 'seq': '1', 'end': 18598.99, 'start': 18598.31}]",0,0,[],[]
18598990,18599900,NA,SIL,0.0,655,pause,NA,NA,NA,NA,0.0,0,-49.85,-45.83,[],0,0,[],[]
18599900,18601190,NA,MAF,0.0,655,pause,NA,NA,NA,NA,0.0,0,-45.61,-37.81,[],0,0,[],[]
18601190,18602590,NA,NOF,0.0,655,pause,NA,NA,NA,NA,0.0,0,-44.99,-38.46,[],0,0,[],[]
18602590,18603400,NA,SIL,0.0,655,pause,NA,NA,NA,NA,0.0,0,-46.21,-36.57,[],0,0,[],[]
18603400,18606380,NA,NOF,0.0,655,pause,NA,NA,NA,NA,0.0,0,-40.92,-28.64,[],0,0,[],[]
18606380,18608770,NA,SIL,0.0,655,pause,NA,NA,NA,NA,0.0,0,-44.51,-29.18,[],0,0,[],[]
18608770,18609740,NA,TVF,0.0,655,pause,NA,NA,NA,NA,0.0,0,-47.47,-40.91,[],0,0,[],[]
18609740,18610960,NA,SIL,0.0,655,pause,NA,NA,NA,NA,0.0,0,-47.1,-36.44,[],0,0,[],[]
18610960,18611960,FEM,FAN,0.58,655,AMF,EC,0,NT,FI,0.0,0,-37.15,-30.95,[],0,0,[],[]
18611960,18612830,NA,NOF,0.0,656,pause,NA,NA,NA,NA,0.0,0,-44.66,-38.15,[],0,0,[],[]
18612830,18613670,NA,SIL,0.0,656,pause,NA,NA,NA,NA,0.0,0,-43.12,-37.73,[],0,0,[],[]
18613670,18614690,NA,OLF,0.0,656,pause,NA,NA,NA,NA,0.0,0,-45.2,-40.91,[],0,0,[],[]
18614690,18616380,NA,SIL,0.0,656,pause,NA,NA,NA,NA,0.0,0,-43.84,-36.25,[],0,0,[],[]
18616380,18617470,NA,MAF,0.0,656,pause,NA,NA,NA,NA,0.0,0,-39.28,-25.54,[],0,0,[],[]
18617470,18620830,NA,NOF,0.0,656,pause,NA,NA,NA,NA,0.0,0,-43.93,-37.5,[],0,0,[],[]
18620830,18622390,NA,SIL,0.0,656,pause,NA,NA,NA,NA,0.0,0,-45.35,-38.51,[],0,0,[],[]
18622390,18623190,NA,OLF,0.0,656,pause,NA,NA,NA,NA,0.0,0,-42.0,-39.44,[],0,0,[],[]
18623190,18624970,NA,NOF,0.0,656,pause,NA,NA,NA,NA,0.0,0,-40.08,-21.98,[],0,0,[],[]
18624970,18625770,NA,SIL,0.0,656,pause,NA,NA,NA,NA,0.0,0,-44.96,-38.46,[],0,0,[],[]
18625770,18626770,NA,MAF,0.0,656,pause,NA,NA,NA,NA,0.0,0,-42.7,-32.56,[],0,0,[],[]
18626770,18627800,NA,SIL,0.0,656,pause,NA,NA,NA,NA,0.0,0,-43.13,-35.85,[],0,0,[],[]
18627800,18628870,NA,OLF,0.0,656,pause,NA,NA,NA,NA,0.0,0,-36.72,-29.79,[],0,0,[],[]
18628870,18630180,NA,TVF,0.0,656,pause,NA,NA,NA,NA,0.0,0,-43.57,-34.4,[],0,0,[],[]
18630180,18631070,NA,SIL,0.0,656,pause,NA,NA,NA,NA,0.0,0,-46.34,-35.09,[],0,0,[],[]
18631070,18632070,NA,MAF,0.0,656,pause,NA,NA,NA,NA,0.0,0,-44.01,-33.84,[],0,0,[],[]
18632070,18632920,NA,SIL,0.0,656,pause,NA,NA,NA,NA,0.0,0,-45.57,-40.25,[],0,0,[],[]
18632920,18633820,NA,NOF,0.0,656,pause,NA,NA,NA,NA,0.0,0,-29.26,-14.46,[],0,0,[],[]
18633820,18635580,NA,SIL,0.0,656,pause,NA,NA,NA,NA,0.0,0,-45.48,-37.01,[],0,0,[],[]
18635580,18636390,NA,OLF,0.0,656,pause,NA,NA,NA,NA,0.0,0,-38.82,-26.91,[],0,0,[],[]
18636390,18637410,NA,MAF,0.0,656,pause,NA,NA,NA,NA,0.0,0,-37.9,-23.49,[],0,0,[],[]
18637410,18638340,NA,NOF,0.0,656,pause,NA,NA,NA,NA,0.0,0,-40.1,-26.19,[],0,0,[],[]
18638340,18639180,NA,OLF,0.0,656,pause,NA,NA,NA,NA,0.0,0,-37.83,-27.69,[],0,0,[],[]
18639180,18640350,NA,NOF,0.0,656,pause,NA,NA,NA,NA,0.0,0,-42.49,-33.59,[],0,0,[],[]
18640350,18641150,NA,OLF,0.0,656,pause,NA,NA,NA,NA,0.0,0,-38.34,-32.13,[],0,0,[],[]
18641150,18642150,NA,MAF,0.0,656,pause,NA,NA,NA,NA,0.0,0,-43.64,-33.07,[],0,0,[],[]
18642150,18643080,CHI,CHN,0.0,656,CM,EC,0,NT,FI,1.0,930,-20.81,-12.88,"[{'Canonical-syllable': '0', 'Growl': '0', 'High-freq-energy': '0', 'Long-island': '1', 'Low-tilt-spectrum': '0', 'Medium-island': '0', 'Short-island': '0', 'Squeal': '0', 'Typical-entropy': '0', 'Voicing-quality': '1', 'Wide-band': '0', 'Xlong-island': '0', 'seq': '1', 'end': 18643.08, 'start': 18642.15}]",0,0,[],[]
18643080,18644080,NA,FAF,0.0,657,pause,NA,NA,NA,NA,0.0,0,-38.46,-28.87,[],0,0,[],[]
18644080,18646120,NA,SIL,0.0,657,pause,NA,NA,NA,NA,0.0,0,-45.25,-37.54,[],0,0,[],[]
18646120,18647820,NA,OLF,0.0,657,pause,NA,NA,NA,NA,0.0,0,-42.58,-32.63,[],0,0,[],[]
18647820,18648950,NA,TVF,0.0,657,pause,NA,NA,NA,NA,0.0,0,-41.88,-29.03,[],0,0,[],[]
18648950,18649750,NA,SIL,0.0,657,pause,NA,NA,NA,NA,0.0,0,-45.1,-36.06,[],0,0,[],[]
18649750,18650730,NA,FAF,0.0,657,pause,NA,NA,NA,NA,0.0,0,-45.16,-35.09,[],0,0,[],[]
18650730,18652960,NA,OLF,0.0,657,pause,NA,NA,NA,NA,0.0,0,-36.18,-19.36,[],0,0,[],[]
18652960,18654100,NA,NOF,0.0,657,pause,NA,NA,NA,NA,0.0,0,-42.39,-37.96,[],0,0,[],[]
18654100,18655100,NA,TVF,0.0,657,pause,NA,NA,NA,NA,0.0,0,-40.93,-30.66,[],0,0,[],[]
18655100,18658530,NA,OLF,0.0,657,pause,NA,NA,NA,NA,0.0,0,-34.25,-12.58,[],0,0,[],[]
18658530,18659130,OCH,CXN,0.0,657,XIC,BC,0,NT,FI,0.0,0,-15.66,-10.4,[],0,0,[],[]
18659130,18660150,OCH,CXN,0.0,657,XIC,RC,0,NT,FH,0.0,0,-18.3,-11.43,[],0,0,[],[]
18660150,18661150,NA,TVN,0.0,657,XIC,NA,NA,NA,NA,0.0,0,-40.44,-37.18,[],0,0,[],[]
18661150,18662370,FEM,FAN,4.43,657,XIC,RC,0,TIFI,FI,0.0,0,-34.58,-18.99,[],0,0,[],[]
18662370,18663650,CHI,CHN,0.0,657,XIC,EC,1,TIFR,FI,1.0,1280,-15.99,-9.55,"[{'Canonical-syllable': '0', 'Growl': '0', 'High-freq-energy': '0', 'Long-island': '0', 'Low-tilt-spectrum': '0', 'Medium-island': '0', 'Short-island': '4', 'Squeal': '0', 'Typical-entropy': '1', 'Voicing-quality': '4', 'Wide-band': '0', 'Xlong-island': '0', 'seq': '1', 'end': 18663.65, 'start': 18662.37}]",0,0,[],[]
18663650,18664650,NA,MAF,0.0,658,pause,NA,NA,NA,NA,0.0,0,-39.63,-33.96,[],0,0,[],[]
18664650,18665670,NA,OLF,0.0,658,pause,NA,NA,NA,NA,0.0,0,-38.93,-34.23,[],0,0,[],[]
18665670,18667050,NA,SIL,0.0,658,pause,NA,NA,NA,NA,0.0,0,-43.61,-37.95,[],0,0,[],[]
18667050,18668100,NA,TVF,0.0,658,pause,NA,NA,NA,NA,0.0,0,-41.2,-34.9,[],0,0,[],[]
18668100,18669710,NA,OLF,0.0,658,pause,NA,NA,NA,NA,0.0,0,-43.33,-37.3,[],0,0,[],[]
18669710,18670520,NA,OLN,0.0,658,pause,NA,NA,NA,NA,0.0,0,-27.58,-16.75,[],0,0,[],[]
18670520,18671120,CHI,CHN,0.0,658,CIOCX,BC,0,NT,FI,1.0,600,-20.84,-12.48,"[{'Canonical-syllable': '2', 'Growl': '0', 'High-freq-energy': '0', 'Long-island': '0', 'Low-tilt-spectrum': '0', 'Medium-island': '1', 'Short-island': '1', 'Squeal': '0', 'Typical-entropy': '0', 'Voicing-quality': '2', 'Wide-band': '0', 'Xlong-island': '0', 'seq': '1', 'end': 18671.12, 'start': 18670.52}]",0,0,[],[]
18671120,18671930,OCH,CXN,0.0,658,CIOCX,RC,0,NT,FI,0.0,0,-23.12,-10.89,[],0,0,[],[]
18671930,18672530,OCH,CXN,0.0,658,CIOCX,RC,0,NT,FH,0.0,0,-23.29,-17.88,[],0,0,[],[]
18672530,18673330,NA,OLN,0.0,658,CIOCX,NA,NA,NA,NA,0.0,0,-23.63,-12.8,[],0,0,[],[]
18673330,18674100,CHI,CHN,0.0,658,CIOCX,EC,0,NT,FI,1.0,770,-25.93,-21.07,"[{'Canonical-syllable': '0', 'Growl': '0', 'High-freq-energy': '0', 'Long-island': '1', 'Low-tilt-spectrum': '0', 'Medium-island': '0', 'Short-island': '0', 'Squeal': '0', 'Typical-entropy': '0', 'Voicing-quality': '1', 'Wide-band': '0', 'Xlong-island': '0', 'seq': '1', 'end': 18674.1, 'start': 18673.33}]",0,0,[],[]
18674100,18675840,NA,TVF,0.0,659,pause,NA,NA,NA,NA,0.0,0,-42.94,-38.97,[],0,0,[],[]
18675840,18676640,NA,CXF,0.0,659,pause,NA,NA,NA,NA,0.0,0,-42.05,-37.34,[],0,0,[],[]
18676640,18677880,NA,TVF,0.0,659,pause,NA,NA,NA,NA,0.0,0,-40.3,-33.63,[],0,0,[],[]
18677880,18680330,NA,OLF,0.0,659,pause,NA,NA,NA,NA,0.0,0,-34.78,-19.75,[],0,0,[],[]
18680330,18680930,CHI,CHN,0.0,659,CIC,BC,0,NT,FI,1.0,600,-18.58,-11.77,"[{'Canonical-syllable': '1', 'Growl': '0', 'High-freq-energy': '0', 'Long-island': '0', 'Low-tilt-spectrum': '0', 'Medium-island': '1', 'Short-island': '0', 'Squeal': '0', 'Typical-entropy': '1', 'Voicing-quality': '1', 'Wide-band': '0', 'Xlong-island': '0', 'seq': '1', 'end': 18680.93, 'start': 18680.44}]",0,0,[],[]
18680930,18681800,NA,OLN,0.0,659,CIC,NA,NA,NA,NA,0.0,0,-31.18,-21.41,[],0,0,[],[]
18681800,18682440,CHI,CHN,0.0,659,CIC,RC,0,NT,FH,1.0,640,-28.68,-21.27,"[{'Canonical-syllable': '0', 'Growl': '0', 'High-freq-energy': '0', 'Long-island': '0', 'Low-tilt-spectrum': '0', 'Medium-island': '1', 'Short-island': '0', 'Squeal': '0', 'Typical-entropy': '0', 'Voicing-quality': '1', 'Wide-band': '0', 'Xlong-island': '0', 'seq': '1', 'end': 18682.44, 'start': 18681.8}]",0,0,[],[]
18682440,18683240,NA,OLN,0.0,659,CIC,NA,NA,NA,NA,0.0,0,-29.15,-20.33,[],0,0,[],[]
18683240,18683840,CHI,CHN,0.0,659,CIC,RC,0,NT,FH,1.0,600,-26.64,-17.63,"[{'Canonical-syllable': '0', 'Growl': '1', 'High-freq-energy': '0', 'Long-island': '0', 'Low-tilt-spectrum': '0', 'Medium-island': '1', 'Short-island': '0', 'Squeal': '0', 'Typical-entropy': '0', 'Voicing-quality': '1', 'Wide-band': '0', 'Xlong-island': '0', 'seq': '1', 'end': 18683.84, 'start': 18683.24}]",0,0,[],[]
18683840,18684840,NA,MAF,0.0,659,CIC,NA,NA,NA,NA,0.0,0,-40.08,-26.87,[],0,0,[],[]
18684840,18685540,CHI,CHN,0.0,659,CIC,RC,0,TIFI,FH,2.0,260,-24.12,-15.53,"[{'Canonical-syllable': '0', 'Growl': '0', 'High-freq-energy': '0', 'Long-island': '0', 'Low-tilt-spectrum': '0', 'Medium-island': '0', 'Short-island': '1', 'Squeal': '0', 'Typical-entropy': '0', 'Voicing-quality': '1', 'Wide-band': '0', 'Xlong-island': '0', 'seq': '1', 'end': 18684.98, 'start': 18684.84}, {'Canonical-syllable': '0', 'Growl': '1', 'High-freq-energy': '0', 'Long-island': '0', 'Low-tilt-spectrum': '0', 'Medium-island': '0', 'Short-island': '0', 'Squeal': '0', 'Typical-entropy': '0', 'Voicing-quality': '1', 'Wide-band': '0', 'Xlong-island': '0', 'seq': '2', 'end': 18685.54, 'start': 18685.42}]",0,0,[],[]
18685540,18687570,FEM,FAN,6.05,659,CIC,RC,1,TIFR,FI,0.0,0,-22.26,-10.76,[],0,0,[],[]
18687570,18688620,NA,SIL,0.0,659,CIC,NA,NA,NA,NA,0.0,0,-42.05,-35.5,[],0,0,[],[]
18688620,18689240,CHI,CHN,0.0,659,CIC,RC,1,TIFE,FI,1.0,620,-17.33,-10.4,"[{'Canonical-syllable': '0', 'Growl': '0', 'High-freq-energy': '0', 'Long-island': '0', 'Low-tilt-spectrum': '0', 'Medium-island': '1', 'Short-island': '1', 'Squeal': '0', 'Typical-entropy': '0', 'Voicing-quality': '2', 'Wide-band': '0', 'Xlong-island': '0', 'seq': '1', 'end': 18689.24, 'start': 18688.62}]",0,0,[],[]
18689240,18690040,CHI,CHN,0.0,659,CIC,EC,1,NT,FH,1.0,660,-23.54,-11.73,"[{'Canonical-syllable': '2', 'Growl': '0', 'High-freq-energy': '0', 'Long-island': '0', 'Low-tilt-spectrum': '0', 'Medium-island': '1', 'Short-island': '1', 'Squeal': '0', 'Typical-entropy': '0', 'Voicing-quality': '2', 'Wide-band': '0', 'Xlong-island': '0', 'seq': '1', 'end': 18689.9, 'start': 18689.24}]",0,0,[],[]
18690040,18691630,NA,MAF,0.0,660,pause,NA,NA,NA,NA,0.0,0,-42.01,-38.5,[],0,0,[],[]
18691630,18692700,NA,SIL,0.0,660,pause,NA,NA,NA,NA,0.0,0,-44.99,-39.16,[],0,0,[],[]
18692700,18693990,NA,MAF,0.0,660,pause,NA,NA,NA,NA,0.0,0,-40.64,-35.35,[],0,0,[],[]
18693990,18695340,NA,SIL,0.0,660,pause,NA,NA,NA,NA,0.0,0,-42.45,-34.16,[],0,0,[],[]
18695340,18701160,NA,MAF,0.0,660,pause,NA,NA,NA,NA,0.0,0,-34.55,-11.73,[],0,0,[],[]
18701160,18702000,NA,SIL,0.0,660,pause,NA,NA,NA,NA,0.0,0,-41.84,-35.96,[],0,0,[],[]
18702000,18702800,NA,OLF,0.0,660,pause,NA,NA,NA,NA,0.0,0,-40.79,-37.45,[],0,0,[],[]
18702800,18704420,NA,TVN,0.0,660,pause,NA,NA,NA,NA,0.0,0,-38.81,-26.71,[],0,0,[],[]
18704420,18708880,NA,OLF,0.0,660,pause,NA,NA,NA,NA,0.0,0,-36.73,-22.78,[],0,0,[],[]
18708880,18710030,NA,TVN,0.0,660,pause,NA,NA,NA,NA,0.0,0,-39.75,-34.31,[],0,0,[],[]
18710030,18715170,NA,OLF,0.0,660,pause,NA,NA,NA,NA,0.0,0,-36.93,-17.71,[],0,0,[],[]
18715170,18716180,NA,TVN,0.0,660,pause,NA,NA,NA,NA,0.0,0,-38.79,-31.1,[],0,0,[],[]
18716180,18717170,NA,OLF,0.0,660,pause,NA,NA,NA,NA,0.0,0,-36.88,-26.12,[],0,0,[],[]
18717170,18717980,NA,NOF,0.0,660,pause,NA,NA,NA,NA,0.0,0,-34.99,-24.34,[],0,0,[],[]
18717980,18721030,NA,OLF,0.0,660,pause,NA,NA,NA,NA,0.0,0,-26.04,-3.7,[],0,0,[],[]
18721030,18721880,NA,NOF,0.0,660,pause,NA,NA,NA,NA,0.0,0,-38.3,-33.29,[],0,0,[],[]
18721880,18726540,NA,OLF,0.0,660,pause,NA,NA,NA,NA,0.0,0,-35.86,-20.92,[],0,0,[],[]
18726540,18727570,NA,NOF,0.0,660,pause,NA,NA,NA,NA,0.0,0,-37.42,-30.36,[],0,0,[],[]
18727570,18731200,NA,OLF,0.0,660,pause,NA,NA,NA,NA,0.0,0,-37.5,-25.1,[],0,0,[],[]
18731200,18732420,NA,MAF,0.0,660,pause,NA,NA,NA,NA,0.0,0,-34.21,-20.17,[],0,0,[],[]
18732420,18736250,NA,OLF,0.0,660,pause,NA,NA,NA,NA,0.0,0,-35.53,-23.55,[],0,0,[],[]
18736250,18737430,NA,NOF,0.0,660,pause,NA,NA,NA,NA,0.0,0,-37.4,-26.7,[],0,0,[],[]
18737430,18743170,NA,OLF,0.0,660,pause,NA,NA,NA,NA,0.0,0,-37.55,-29.88,[],0,0,[],[]
18743170,18744240,NA,MAF,0.0,660,pause,NA,NA,NA,NA,0.0,0,-36.74,-23.89,[],0,0,[],[]
18744240,18745820,NA,OLF,0.0,660,pause,NA,NA,NA,NA,0.0,0,-35.11,-26.36,[],0,0,[],[]
18745820,18747060,NA,NOF,0.0,660,pause,NA,NA,NA,NA,0.0,0,-34.07,-23.43,[],0,0,[],[]
18747060,18748520,NA,OLF,0.0,660,pause,NA,NA,NA,NA,0.0,0,-37.49,-34.15,[],0,0,[],[]
18748520,18755670,NA,NON,0.0,660,pause,NA,NA,NA,NA,0.0,0,-39.66,-33.56,[],0,0,[],[]
18755670,18757500,NA,OLF,0.0,660,pause,NA,NA,NA,NA,0.0,0,-38.83,-33.26,[],0,0,[],[]
18757500,18758760,NA,NOF,0.0,660,pause,NA,NA,NA,NA,0.0,0,-38.91,-35.05,[],0,0,[],[]
18758760,18761850,NA,OLF,0.0,660,pause,NA,NA,NA,NA,0.0,0,-38.47,-34.06,[],0,0,[],[]
18761850,18762710,NA,NOF,0.0,660,pause,NA,NA,NA,NA,0.0,0,-39.24,-34.08,[],0,0,[],[]
18762710,18764700,NA,OLF,0.0,660,pause,NA,NA,NA,NA,0.0,0,-37.08,-29.61,[],0,0,[],[]
18764700,18765500,NA,NOF,0.0,660,pause,NA,NA,NA,NA,0.0,0,-38.74,-32.55,[],0,0,[],[]
18765500,18767600,NA,OLF,0.0,660,pause,NA,NA,NA,NA,0.0,0,-33.33,-12.18,[],0,0,[],[]
18767600,18768600,NA,TVF,0.0,660,pause,NA,NA,NA,NA,0.0,0,-39.5,-34.08,[],0,0,[],[]
18768600,18769930,NA,NOF,0.0,660,pause,NA,NA,NA,NA,0.0,0,-37.45,-31.84,[],0,0,[],[]
18769930,18772810,NA,OLF,0.0,660,pause,NA,NA,NA,NA,0.0,0,-37.57,-24.48,[],0,0,[],[]
18772810,18773820,NA,TVF,0.0,660,pause,NA,NA,NA,NA,0.0,0,-41.97,-38.74,[],0,0,[],[]
18773820,18774630,NA,OLF,0.0,660,pause,NA,NA,NA,NA,0.0,0,-40.82,-34.32,[],0,0,[],[]
18774630,18778070,NA,SIL,0.0,660,pause,NA,NA,NA,NA,0.0,0,-45.88,-38.96,[],0,0,[],[]
18778070,18779600,NA,TVN,0.0,660,pause,NA,NA,NA,NA,0.0,0,-43.29,-36.29,[],0,0,[],[]
18779600,18780630,NA,TVF,0.0,660,pause,NA,NA,NA,NA,0.0,0,-42.45,-32.83,[],0,0,[],[]
18780630,18781620,NA,OLF,0.0,660,pause,NA,NA,NA,NA,0.0,0,-42.63,-35.94,[],0,0,[],[]
18781620,18782490,NA,MAF,0.0,660,pause,NA,NA,NA,NA,0.0,0,-42.8,-32.09,[],0,0,[],[]
18782490,18783360,NA,SIL,0.0,660,pause,NA,NA,NA,NA,0.0,0,-46.82,-44.01,[],0,0,[],[]
18783360,18785410,NA,NOF,0.0,660,pause,NA,NA,NA,NA,0.0,0,-40.92,-23.57,[],0,0,[],[]
18785410,18786810,NA,MAF,0.0,660,pause,NA,NA,NA,NA,0.0,0,-40.33,-31.35,[],0,0,[],[]
18786810,18788650,NA,NOF,0.0,660,pause,NA,NA,NA,NA,0.0,0,-39.37,-21.47,[],0,0,[],[]
18788650,18789840,NA,TVN,0.0,660,pause,NA,NA,NA,NA,0.0,0,-35.16,-29.96,[],0,0,[],[]
18789840,18792130,NA,NOF,0.0,660,pause,NA,NA,NA,NA,0.0,0,-36.31,-21.99,[],0,0,[],[]
18792130,18794160,NA,OLF,0.0,660,pause,NA,NA,NA,NA,0.0,0,-27.4,-7.8,[],0,0,[],[]
18794160,18794990,NA,NOF,0.0,660,pause,NA,NA,NA,NA,0.0,0,-39.0,-31.02,[],0,0,[],[]
18794990,18796510,NA,OLN,0.0,660,pause,NA,NA,NA,NA,0.0,0,-26.82,-7.41,[],0,0,[],[]
18796510,18797310,NA,NOF,0.0,660,pause,NA,NA,NA,NA,0.0,0,-35.87,-28.81,[],0,0,[],[]
18797310,18799180,NA,OLF,0.0,660,pause,NA,NA,NA,NA,0.0,0,-39.65,-23.27,[],0,0,[],[]
18799180,18800370,NA,NOF,0.0,660,pause,NA,NA,NA,NA,0.0,0,-43.36,-38.79,[],0,0,[],[]
18800370,18802420,NA,OLF,0.0,660,pause,NA,NA,NA,NA,0.0,0,-42.46,-33.46,[],0,0,[],[]
18802420,18804660,NA,NOF,0.0,660,pause,NA,NA,NA,NA,0.0,0,-37.6,-21.04,[],0,0,[],[]
18804660,18805520,NA,OLF,0.0,660,pause,NA,NA,NA,NA,0.0,0,-41.77,-38.62,[],0,0,[],[]
18805520,18806980,NA,NOF,0.0,660,pause,NA,NA,NA,NA,0.0,0,-44.16,-38.99,[],0,0,[],[]
18806980,18807980,NA,TVF,0.0,660,pause,NA,NA,NA,NA,0.0,0,-41.95,-35.95,[],0,0,[],[]
18807980,18811200,NA,OLF,0.0,660,pause,NA,NA,NA,NA,0.0,0,-34.82,-18.49,[],0,0,[],[]
18811200,18812690,NA,TVN,0.0,660,pause,NA,NA,NA,NA,0.0,0,-36.03,-25.79,[],0,0,[],[]
18812690,18813520,NA,OLN,0.0,660,pause,NA,NA,NA,NA,0.0,0,-32.21,-21.87,[],0,0,[],[]
18813520,18819670,NA,NON,0.0,660,pause,NA,NA,NA,NA,0.0,0,-38.44,-31.57,[],0,0,[],[]
18819670,18823240,NA,OLF,0.0,660,pause,NA,NA,NA,NA,0.0,0,-32.97,-16.76,[],0,0,[],[]
18823240,18824320,NA,NOF,0.0,660,pause,NA,NA,NA,NA,0.0,0,-38.64,-32.19,[],0,0,[],[]
18824320,18825860,NA,OLF,0.0,660,pause,NA,NA,NA,NA,0.0,0,-38.12,-29.86,[],0,0,[],[]
18825860,18826660,NA,NOF,0.0,660,pause,NA,NA,NA,NA,0.0,0,-39.1,-34.88,[],0,0,[],[]
18826660,18830630,NA,OLF,0.0,660,pause,NA,NA,NA,NA,0.0,0,-38.37,-30.29,[],0,0,[],[]
18830630,18831630,NA,TVN,0.0,660,pause,NA,NA,NA,NA,0.0,0,-38.13,-34.64,[],0,0,[],[]
18831630,18832450,NA,NON,0.0,660,pause,NA,NA,NA,NA,0.0,0,-33.65,-25.11,[],0,0,[],[]
18832450,18833940,NA,OLF,0.0,660,pause,NA,NA,NA,NA,0.0,0,-24.76,-8.98,[],0,0,[],[]
18833940,18834940,NA,TVN,0.0,660,pause,NA,NA,NA,NA,0.0,0,-36.94,-25.61,[],0,0,[],[]
18834940,18836320,NA,OLF,0.0,660,pause,NA,NA,NA,NA,0.0,0,-38.01,-31.73,[],0,0,[],[]
18836320,18844470,NA,NON,0.0,660,pause,NA,NA,NA,NA,0.0,0,-38.63,-28.46,[],0,0,[],[]
18844470,18846360,NA,OLF,0.0,660,pause,NA,NA,NA,NA,0.0,0,-39.32,-35.96,[],0,0,[],[]
18846360,18847160,NA,TVF,0.0,660,pause,NA,NA,NA,NA,0.0,0,-38.57,-34.65,[],0,0,[],[]
18847160,18848080,NA,OLF,0.0,660,pause,NA,NA,NA,NA,0.0,0,-37.03,-29.63,[],0,0,[],[]
18848080,18848900,NA,NOF,0.0,660,pause,NA,NA,NA,NA,0.0,0,-39.07,-35.43,[],0,0,[],[]
18848900,18864510,NA,OLF,0.0,660,pause,NA,NA,NA,NA,0.0,0,-36.43,-21.04,[],0,0,[],[]
18864510,18865320,NA,NOF,0.0,660,pause,NA,NA,NA,NA,0.0,0,-37.55,-28.77,[],0,0,[],[]
18865320,18869220,NA,OLF,0.0,660,pause,NA,NA,NA,NA,0.0,0,-38.28,-31.26,[],0,0,[],[]
18869220,18870360,NA,TVN,0.0,660,pause,NA,NA,NA,NA,0.0,0,-37.8,-33.65,[],0,0,[],[]
18870360,18875330,NA,OLF,0.0,660,pause,NA,NA,NA,NA,0.0,0,-37.86,-30.56,[],0,0,[],[]
18875330,18876330,NA,TVN,0.0,660,pause,NA,NA,NA,NA,0.0,0,-37.33,-32.72,[],0,0,[],[]
18876330,18877130,NA,OLN,0.0,660,pause,NA,NA,NA,NA,0.0,0,-38.07,-34.03,[],0,0,[],[]
18877130,18878130,NA,TVN,0.0,660,pause,NA,NA,NA,NA,0.0,0,-38.79,-33.58,[],0,0,[],[]
18878130,18880580,NA,OLF,0.0,660,pause,NA,NA,NA,NA,0.0,0,-37.17,-26.65,[],0,0,[],[]
18880580,18882520,NA,TVN,0.0,660,pause,NA,NA,NA,NA,0.0,0,-38.17,-32.86,[],0,0,[],[]
18882520,18889170,NA,NON,0.0,660,pause,NA,NA,NA,NA,0.0,0,-37.68,-30.36,[],0,0,[],[]
18889170,18891620,NA,OLF,0.0,660,pause,NA,NA,NA,NA,0.0,0,-27.93,-13.87,[],0,0,[],[]
18891620,18900470,NA,NON,0.0,660,pause,NA,NA,NA,NA,0.0,0,-37.88,-30.17,[],0,0,[],[]
18900470,18904080,NA,OLF,0.0,660,pause,NA,NA,NA,NA,0.0,0,-37.02,-23.43,[],0,0,[],[]
18904080,18905080,NA,TVN,0.0,660,pause,NA,NA,NA,NA,0.0,0,-38.96,-35.83,[],0,0,[],[]
18905080,18907730,NA,TVF,0.0,660,pause,NA,NA,NA,NA,0.0,0,-38.5,-34.27,[],0,0,[],[]
18907730,18908530,NA,TVF,0.0,660,pause,NA,NA,NA,NA,0.0,0,-39.32,-35.12,[],0,0,[],[]
18908530,18918910,NA,OLF,0.0,660,pause,NA,NA,NA,NA,0.0,0,-37.85,-20.39,[],0,0,[],[]
18918910,18920820,NA,TVN,0.0,660,pause,NA,NA,NA,NA,0.0,0,-38.49,-33.38,[],0,0,[],[]
18920820,18925520,NA,OLF,0.0,660,pause,NA,NA,NA,NA,0.0,0,-32.59,-19.35,[],0,0,[],[]
18925520,18926560,FEM,FAN,0.0,660,pause,NA,NA,NA,NA,0.0,0,-27.06,-18.82,[],1040,0,[],[]
18926560,18928810,NA,SIL,0.0,660,pause,NA,NA,NA,NA,0.0,0,-45.13,-33.96,[],0,0,[],[]
18928810,18930220,NA,OLF,0.0,660,pause,NA,NA,NA,NA,0.0,0,-37.8,-23.22,[],0,0,[],[]
18930220,18931270,NA,SIL,0.0,660,pause,NA,NA,NA,NA,0.0,0,-48.68,-41.68,[],0,0,[],[]
18931270,18932270,NA,FAF,0.0,660,pause,NA,NA,NA,NA,0.0,0,-36.57,-28.18,[],0,0,[],[]
18932270,18933320,NA,OLF,0.0,660,pause,NA,NA,NA,NA,0.0,0,-35.85,-25.58,[],0,0,[],[]
18933320,18934400,NA,TVF,0.0,660,pause,NA,NA,NA,NA,0.0,0,-44.92,-38.01,[],0,0,[],[]
18934400,18935000,NA,CHF,0.0,660,CM,EC,0,NT,FI,1.0,600,-46.9,-38.35,"[{'Canonical-syllable': '0', 'Growl': '1', 'High-freq-energy': '0', 'Long-island': '0', 'Low-tilt-spectrum': '1', 'Medium-island': '1', 'Short-island': '0', 'Squeal': '0', 'Typical-entropy': '0', 'Voicing-quality': '1', 'Wide-band': '0', 'Xlong-island': '0', 'seq': '1', 'end': 18935.0, 'start': 18934.4}]",0,0,[],[]
18935000,18936000,NA,TVN,0.0,661,pause,NA,NA,NA,NA,0.0,0,-44.23,-33.98,[],0,0,[],[]
18936000,18938680,NA,OLF,0.0,661,pause,NA,NA,NA,NA,0.0,0,-37.2,-23.68,[],0,0,[],[]
18938680,18939610,NA,SIL,0.0,661,pause,NA,NA,NA,NA,0.0,0,-42.82,-38.13,[],0,0,[],[]
18939610,18942650,NA,NOF,0.0,661,pause,NA,NA,NA,NA,0.0,0,-40.94,-29.88,[],0,0,[],[]
18942650,18943590,NA,SIL,0.0,661,pause,NA,NA,NA,NA,0.0,0,-42.8,-37.13,[],0,0,[],[]
18943590,18945330,NA,NOF,0.0,661,pause,NA,NA,NA,NA,0.0,0,-35.95,-19.82,[],0,0,[],[]
18945330,18946960,NA,TVF,0.0,661,pause,NA,NA,NA,NA,0.0,0,-40.87,-24.71,[],0,0,[],[]
18946960,18947860,NA,NOF,0.0,661,pause,NA,NA,NA,NA,0.0,0,-45.37,-39.92,[],0,0,[],[]
18947860,18949650,NA,TVF,0.0,661,pause,NA,NA,NA,NA,0.0,0,-41.39,-36.44,[],0,0,[],[]
18949650,18951350,NA,SIL,0.0,661,pause,NA,NA,NA,NA,0.0,0,-48.54,-38.86,[],0,0,[],[]
18951350,18952870,NA,OLN,0.0,661,pause,NA,NA,NA,NA,0.0,0,-31.29,-20.25,[],0,0,[],[]
18952870,18953600,CHI,CHN,0.0,661,CM,BC,0,NT,FI,1.0,520,-16.24,-11.12,"[{'Canonical-syllable': '1', 'Growl': '0', 'High-freq-energy': '0', 'Long-island': '0', 'Low-tilt-spectrum': '0', 'Medium-island': '1', 'Short-island': '0', 'Squeal': '0', 'Typical-entropy': '0', 'Voicing-quality': '1', 'Wide-band': '0', 'Xlong-island': '0', 'seq': '1', 'end': 18953.39, 'start': 18952.87}]",0,0,[],[]
18953600,18954600,CHI,CHN,0.0,661,CM,EC,0,NT,FH,1.0,330,-18.87,-7.7,"[{'Canonical-syllable': '0', 'Growl': '0', 'High-freq-energy': '0', 'Long-island': '0', 'Low-tilt-spectrum': '0', 'Medium-island': '1', 'Short-island': '0', 'Squeal': '0', 'Typical-entropy': '1', 'Voicing-quality': '1', 'Wide-band': '0', 'Xlong-island': '0', 'seq': '1', 'end': 18953.93, 'start': 18953.6}]",0,0,[],[]
18954600,18955980,NA,MAF,0.0,662,pause,NA,NA,NA,NA,0.0,0,-33.46,-17.83,[],0,0,[],[]
18955980,18957230,NA,SIL,0.0,662,pause,NA,NA,NA,NA,0.0,0,-45.6,-41.78,[],0,0,[],[]
18957230,18958230,NA,TVF,0.0,662,pause,NA,NA,NA,NA,0.0,0,-45.76,-39.43,[],0,0,[],[]
18958230,18959030,NA,SIL,0.0,662,pause,NA,NA,NA,NA,0.0,0,-45.21,-39.62,[],0,0,[],[]
18959030,18960140,NA,MAF,0.0,662,pause,NA,NA,NA,NA,0.0,0,-45.04,-41.19,[],0,0,[],[]
18960140,18960990,NA,SIL,0.0,662,pause,NA,NA,NA,NA,0.0,0,-43.21,-38.59,[],0,0,[],[]
18960990,18962460,NA,TVF,0.0,662,pause,NA,NA,NA,NA,0.0,0,-41.72,-36.04,[],0,0,[],[]
18962460,18963490,CHI,CHN,0.0,662,CIC,BC,0,TIMI,FI,1.0,960,-17.22,-8.65,"[{'Canonical-syllable': '2', 'Growl': '0', 'High-freq-energy': '0', 'Long-island': '0', 'Low-tilt-spectrum': '0', 'Medium-island': '1', 'Short-island': '1', 'Squeal': '0', 'Typical-entropy': '1', 'Voicing-quality': '2', 'Wide-band': '0', 'Xlong-island': '0', 'seq': '1', 'end': 18963.42, 'start': 18962.62}]",0,0,[],[]
18963490,18964550,NA,TVF,0.0,662,CIC,NA,NA,NA,NA,0.0,0,-40.73,-27.61,[],0,0,[],[]
18964550,18965410,NA,OLF,0.0,662,CIC,NA,NA,NA,NA,0.0,0,-30.51,-21.82,[],0,0,[],[]
18965410,18966680,NA,MAF,0.0,662,CIC,NA,NA,NA,NA,0.0,0,-39.37,-32.92,[],0,0,[],[]
18966680,18967750,NA,OLF,0.0,662,CIC,NA,NA,NA,NA,0.0,0,-32.6,-18.26,[],0,0,[],[]
18967750,18969940,MAL,MAN,8.32,662,CIC,EC,1,TIMR,FI,0.0,0,-29.12,-13.97,[],0,0,[],[]
18969940,18970540,NA,OLN,0.0,663,pause,NA,NA,NA,NA,0.0,0,-20.72,-11.07,[],0,0,[],[]
18970540,18972170,NA,TVF,0.0,663,pause,NA,NA,NA,NA,0.0,0,-37.02,-28.49,[],0,0,[],[]
18972170,18973030,NA,OLF,0.0,663,pause,NA,NA,NA,NA,0.0,0,-35.45,-21.47,[],0,0,[],[]
18973030,18975140,NA,OLN,0.0,663,pause,NA,NA,NA,NA,0.0,0,-29.36,-10.21,[],0,0,[],[]
18975140,18976140,NA,TVF,0.0,663,pause,NA,NA,NA,NA,0.0,0,-32.49,-18.85,[],0,0,[],[]
18976140,18977140,NA,MAF,0.0,663,pause,NA,NA,NA,NA,0.0,0,-45.15,-39.0,[],0,0,[],[]
18977140,18978140,NA,TVF,0.0,663,pause,NA,NA,NA,NA,0.0,0,-42.82,-37.98,[],0,0,[],[]
18978140,18979010,NA,OLF,0.0,663,pause,NA,NA,NA,NA,0.0,0,-38.52,-29.35,[],0,0,[],[]
18979010,18981100,FEM,FAN,5.95,663,AMF,EC,0,NT,FI,0.0,0,-27.99,-23.66,[],0,0,[],[]
18981100,18982740,NA,TVF,0.0,664,pause,NA,NA,NA,NA,0.0,0,-35.71,-28.83,[],0,0,[],[]
18982740,18984070,FEM,FAN,0.0,664,pause,NA,NA,NA,NA,0.0,0,-27.06,-23.17,[],1330,0,[],[]
18984070,18986280,NA,OLF,0.0,664,pause,NA,NA,NA,NA,0.0,0,-35.79,-21.17,[],0,0,[],[]
18986280,18987540,NA,TVF,0.0,664,pause,NA,NA,NA,NA,0.0,0,-43.61,-38.8,[],0,0,[],[]
18987540,18990140,FEM,FAN,0.0,664,pause,NA,NA,NA,NA,0.0,0,-31.78,-25.58,[],2600,0,[],[]
18990140,18992140,NA,SIL,0.0,664,pause,NA,NA,NA,NA,0.0,0,-45.19,-31.76,[],0,0,[],[]
18992140,18993140,NA,FAF,0.0,664,pause,NA,NA,NA,NA,0.0,0,-35.85,-20.11,[],0,0,[],[]
18993140,18993950,NA,SIL,0.0,664,pause,NA,NA,NA,NA,0.0,0,-48.97,-45.34,[],0,0,[],[]
18993950,18995510,NA,OLF,0.0,664,pause,NA,NA,NA,NA,0.0,0,-35.58,-19.24,[],0,0,[],[]
18995510,18997350,NA,FAF,0.0,664,pause,NA,NA,NA,NA,0.0,0,-33.18,-28.08,[],0,0,[],[]
18997350,18998470,NA,MAF,0.0,664,pause,NA,NA,NA,NA,0.0,0,-40.44,-33.65,[],0,0,[],[]
18998470,18999470,NA,TVF,0.0,664,pause,NA,NA,NA,NA,0.0,0,-40.98,-31.0,[],0,0,[],[]
18999470,19001280,NA,OLF,0.0,664,pause,NA,NA,NA,NA,0.0,0,-23.99,-6.42,[],0,0,[],[]
19001280,19001880,CHI,CHN,0.0,664,pause,NA,NA,NA,NA,0.0,0,-29.94,-19.06,[],0,600,[],"[{'start': 19001.28, 'end': 19001.88}]"
19001880,19002920,FEM,FAN,0.0,664,pause,NA,NA,NA,NA,0.0,0,-26.25,-24.61,[],1040,0,[],[]
19002920,19003720,NA,OLN,0.0,664,pause,NA,NA,NA,NA,0.0,0,-24.93,-19.49,[],0,0,[],[]
19003720,19004470,FEM,FAN,0.0,664,pause,NA,NA,NA,NA,0.0,0,-25.53,-23.02,[],750,0,[],[]
19004470,19006690,NA,OLF,0.0,664,pause,NA,NA,NA,NA,0.0,0,-35.42,-26.99,[],0,0,[],[]
19006690,19007690,NA,MAF,0.0,664,pause,NA,NA,NA,NA,0.0,0,-40.44,-28.03,[],0,0,[],[]
19007690,19008500,NA,OLF,0.0,664,pause,NA,NA,NA,NA,0.0,0,-27.36,-14.09,[],0,0,[],[]
19008500,19009500,MAL,MAN,2.29,664,AMM,BC,0,NT,FI,0.0,0,-26.15,-18.44,[],0,0,[],[]
19009500,19011020,FEM,FAN,0.0,664,AMM,NA,NA,NA,NA,0.0,0,-25.0,-19.62,[],1520,0,[],[]
19011020,19011650,FEM,FAN,0.0,664,AMM,NA,NA,NA,NA,0.0,0,-23.6,-20.48,[],630,0,[],[]
19011650,19013340,FEM,FAN,8.36,664,AMM,RC,0,NT,FI,0.0,0,-31.49,-22.42,[],0,0,[],[]
19013340,19014140,NA,CXF,0.0,664,AMM,NA,NA,NA,NA,0.0,0,-38.79,-33.54,[],0,0,[],[]
19014140,19016440,NA,FAF,0.0,664,AMM,NA,NA,NA,NA,0.0,0,-44.31,-38.08,[],0,0,[],[]
19016440,19017250,NA,NOF,0.0,664,AMM,NA,NA,NA,NA,0.0,0,-34.98,-19.58,[],0,0,[],[]
19017250,19018080,NA,SIL,0.0,664,AMM,NA,NA,NA,NA,0.0,0,-47.86,-37.58,[],0,0,[],[]
19018080,19019080,FEM,FAN,8.28,664,AMM,EC,0,NT,FH,0.0,0,-29.26,-20.1,[],0,0,[],[]
19019080,19020960,NA,OLF,0.0,665,pause,NA,NA,NA,NA,0.0,0,-36.09,-19.42,[],0,0,[],[]
19020960,19021990,NA,SIL,0.0,665,pause,NA,NA,NA,NA,0.0,0,-42.69,-33.91,[],0,0,[],[]
19021990,19023490,NA,OLF,0.0,665,pause,NA,NA,NA,NA,0.0,0,-33.94,-18.17,[],0,0,[],[]
19023490,19024610,NA,NOF,0.0,665,pause,NA,NA,NA,NA,0.0,0,-38.83,-27.64,[],0,0,[],[]
19024610,19027230,NA,OLF,0.0,665,pause,NA,NA,NA,NA,0.0,0,-26.14,-6.32,[],0,0,[],[]
19027230,19029710,NA,FAF,0.0,665,pause,NA,NA,NA,NA,0.0,0,-37.59,-23.32,[],0,0,[],[]
19029710,19030710,NA,MAF,0.0,665,pause,NA,NA,NA,NA,0.0,0,-43.07,-29.63,[],0,0,[],[]
19030710,19036460,NA,OLF,0.0,665,pause,NA,NA,NA,NA,0.0,0,-28.38,-11.81,[],0,0,[],[]
19036460,19037280,NA,SIL,0.0,665,pause,NA,NA,NA,NA,0.0,0,-31.79,-13.56,[],0,0,[],[]
19037280,19039050,NA,OLF,0.0,665,pause,NA,NA,NA,NA,0.0,0,-40.21,-30.48,[],0,0,[],[]
19039050,19040750,NA,NOF,0.0,665,pause,NA,NA,NA,NA,0.0,0,-33.19,-18.37,[],0,0,[],[]
19040750,19041720,NA,SIL,0.0,665,pause,NA,NA,NA,NA,0.0,0,-44.03,-34.02,[],0,0,[],[]
19041720,19046380,NA,NOF,0.0,665,pause,NA,NA,NA,NA,0.0,0,-26.08,-6.54,[],0,0,[],[]
19046380,19047380,MAL,MAN,0.4,665,AMM,EC,0,NT,FI,0.0,0,-33.92,-26.81,[],0,0,[],[]
19047380,19048190,NA,OLF,0.0,666,pause,NA,NA,NA,NA,0.0,0,-36.52,-30.27,[],0,0,[],[]
19048190,19050710,NA,NOF,0.0,666,pause,NA,NA,NA,NA,0.0,0,-37.93,-21.94,[],0,0,[],[]
19050710,19051510,NA,OLF,0.0,666,pause,NA,NA,NA,NA,0.0,0,-24.45,-12.59,[],0,0,[],[]
19051510,19053500,NA,NOF,0.0,666,pause,NA,NA,NA,NA,0.0,0,-47.11,-40.46,[],0,0,[],[]
19053500,19054300,NA,SIL,0.0,666,pause,NA,NA,NA,NA,0.0,0,-51.11,-47.28,[],0,0,[],[]
19054300,19055840,NA,NOF,0.0,666,pause,NA,NA,NA,NA,0.0,0,-47.3,-39.03,[],0,0,[],[]
19055840,19056840,CHI,CHN,0.0,666,CIC,BC,0,NT,FI,1.0,1000,-22.99,-16.96,"[{'Canonical-syllable': '0', 'Growl': '1', 'High-freq-energy': '1', 'Long-island': '0', 'Low-tilt-spectrum': '1', 'Medium-island': '1', 'Short-island': '1', 'Squeal': '0', 'Typical-entropy': '1', 'Voicing-quality': '1', 'Wide-band': '2', 'Xlong-island': '0', 'seq': '1', 'end': 19056.84, 'start': 19055.95}]",0,0,[],[]
19056840,19058270,CHI,CHN,0.0,666,CIC,RC,0,TIFI,FH,1.0,1430,-27.26,-22.51,"[{'Canonical-syllable': '0', 'Growl': '1', 'High-freq-energy': '0', 'Long-island': '1', 'Low-tilt-spectrum': '0', 'Medium-island': '1', 'Short-island': '0', 'Squeal': '0', 'Typical-entropy': '0', 'Voicing-quality': '2', 'Wide-band': '0', 'Xlong-island': '0', 'seq': '1', 'end': 19058.27, 'start': 19056.84}]",0,0,[],[]
19058270,19059070,NA,OLN,0.0,666,CIC,NA,NA,NA,NA,0.0,0,-24.63,-17.07,[],0,0,[],[]
19059070,19060080,FEM,FAN,4.81,666,CIC,RC,1,TIFR,FI,0.0,0,-26.32,-17.24,[],0,0,[],[]
19060080,19061310,NA,OLF,0.0,666,CIC,NA,NA,NA,NA,0.0,0,-40.01,-33.68,[],0,0,[],[]
19061310,19062750,NA,MAF,0.0,666,CIC,NA,NA,NA,NA,0.0,0,-39.59,-26.68,[],0,0,[],[]
19062750,19063570,NA,SIL,0.0,666,CIC,NA,NA,NA,NA,0.0,0,-46.02,-40.09,[],0,0,[],[]
19063570,19064870,CHI,CHN,0.0,666,CIC,RC,1,TIFE,FI,1.0,1170,-23.12,-13.06,"[{'Canonical-syllable': '1', 'Growl': '0', 'High-freq-energy': '0', 'Long-island': '0', 'Low-tilt-spectrum': '0', 'Medium-island': '2', 'Short-island': '0', 'Squeal': '0', 'Typical-entropy': '0', 'Voicing-quality': '2', 'Wide-band': '0', 'Xlong-island': '0', 'seq': '1', 'end': 19064.74, 'start': 19063.57}]",0,0,[],[]
19064870,19065900,NA,SIL,0.0,666,CIC,NA,NA,NA,NA,0.0,0,-46.68,-38.9,[],0,0,[],[]
19065900,19066730,NA,TVF,0.0,666,CIC,NA,NA,NA,NA,0.0,0,-46.43,-41.85,[],0,0,[],[]
19066730,19067750,NA,OLF,0.0,666,CIC,NA,NA,NA,NA,0.0,0,-40.12,-27.56,[],0,0,[],[]
19067750,19068650,NA,NOF,0.0,666,CIC,NA,NA,NA,NA,0.0,0,-29.44,-21.1,[],0,0,[],[]
19068650,19069470,CHI,CHN,0.0,666,CIC,RC,1,NT,FH,1.0,820,-18.01,-12.02,"[{'Canonical-syllable': '0', 'Growl': '0', 'High-freq-energy': '0', 'Long-island': '0', 'Low-tilt-spectrum': '0', 'Medium-island': '1', 'Short-island': '0', 'Squeal': '0', 'Typical-entropy': '0', 'Voicing-quality': '1', 'Wide-band': '0', 'Xlong-island': '0', 'seq': '1', 'end': 19069.47, 'start': 19068.85}]",0,0,[],[]
19069470,19070300,NA,OLF,0.0,666,CIC,NA,NA,NA,NA,0.0,0,-40.0,-34.55,[],0,0,[],[]
19070300,19071270,NA,SIL,0.0,666,CIC,NA,NA,NA,NA,0.0,0,-49.56,-43.02,[],0,0,[],[]
19071270,19072070,NA,NOF,0.0,666,CIC,NA,NA,NA,NA,0.0,0,-49.73,-44.25,[],0,0,[],[]
19072070,19073320,NA,OLF,0.0,666,CIC,NA,NA,NA,NA,0.0,0,-40.93,-33.91,[],0,0,[],[]
19073320,19074500,OCH,CXN,0.0,666,CIC,EC,1,NT,FI,0.0,0,-45.32,-41.08,[],0,0,[],[]
19074500,19075300,NA,OLF,0.0,667,pause,NA,NA,NA,NA,0.0,0,-43.42,-29.03,[],0,0,[],[]
19075300,19076130,NA,SIL,0.0,667,pause,NA,NA,NA,NA,0.0,0,-43.81,-33.21,[],0,0,[],[]
19076130,19077020,NA,OLF,0.0,667,pause,NA,NA,NA,NA,0.0,0,-44.1,-31.02,[],0,0,[],[]
19077020,19078340,NA,MAF,0.0,667,pause,NA,NA,NA,NA,0.0,0,-45.55,-39.87,[],0,0,[],[]
19078340,19079150,NA,CXF,0.0,667,pause,NA,NA,NA,NA,0.0,0,-44.9,-40.4,[],0,0,[],[]
19079150,19080540,NA,OLF,0.0,667,pause,NA,NA,NA,NA,0.0,0,-31.71,-11.12,[],0,0,[],[]
19080540,19081470,NA,NOF,0.0,667,pause,NA,NA,NA,NA,0.0,0,-44.58,-40.24,[],0,0,[],[]
19081470,19082270,NA,OLF,0.0,667,pause,NA,NA,NA,NA,0.0,0,-38.4,-33.21,[],0,0,[],[]
19082270,19083350,OCH,CXN,0.0,667,XM,EC,0,NT,FI,0.0,0,-24.74,-12.46,[],0,0,[],[]
19083350,19084350,NA,OLF,0.0,668,pause,NA,NA,NA,NA,0.0,0,-39.42,-28.47,[],0,0,[],[]
19084350,19085210,NA,CXF,0.0,668,pause,NA,NA,NA,NA,0.0,0,-43.08,-34.66,[],0,0,[],[]
19085210,19086240,NA,FAF,0.0,668,pause,NA,NA,NA,NA,0.0,0,-32.51,-19.31,[],0,0,[],[]
19086240,19090340,NA,NOF,0.0,668,pause,NA,NA,NA,NA,0.0,0,-34.05,-17.79,[],0,0,[],[]
19090340,19091020,NA,CHF,0.0,668,pause,NA,NA,NA,NA,0.0,0,-43.43,-34.35,[],0,680,[],"[{'start': 19090.34, 'end': 19091.02}]"
19091020,19091850,NA,NOF,0.0,668,pause,NA,NA,NA,NA,0.0,0,-42.38,-34.93,[],0,0,[],[]
19091850,19093600,NA,OLN,0.0,668,pause,NA,NA,NA,NA,0.0,0,-27.21,-14.42,[],0,0,[],[]
19093600,19094460,OCH,CXN,0.0,668,XM,EC,0,NT,FI,0.0,0,-22.22,-14.33,[],0,0,[],[]
19094460,19095270,NA,NOF,0.0,669,pause,NA,NA,NA,NA,0.0,0,-39.7,-27.34,[],0,0,[],[]
19095270,19096350,NA,OLF,0.0,669,pause,NA,NA,NA,NA,0.0,0,-39.48,-32.94,[],0,0,[],[]
19096350,19097150,NA,NOF,0.0,669,pause,NA,NA,NA,NA,0.0,0,-41.12,-28.46,[],0,0,[],[]
19097150,19097950,NA,SIL,0.0,669,pause,NA,NA,NA,NA,0.0,0,-44.61,-39.85,[],0,0,[],[]
19097950,19099400,NA,TVF,0.0,669,pause,NA,NA,NA,NA,0.0,0,-43.74,-38.28,[],0,0,[],[]
19099400,19100200,NA,CXF,0.0,669,pause,NA,NA,NA,NA,0.0,0,-42.95,-36.54,[],0,0,[],[]
19100200,19102670,NA,OLF,0.0,669,pause,NA,NA,NA,NA,0.0,0,-38.27,-25.13,[],0,0,[],[]
19102670,19103710,NA,NOF,0.0,669,pause,NA,NA,NA,NA,0.0,0,-41.42,-36.07,[],0,0,[],[]
19103710,19104520,NA,OLF,0.0,669,pause,NA,NA,NA,NA,0.0,0,-41.01,-32.93,[],0,0,[],[]
19104520,19105200,CHI,CHN,0.0,669,CM,EC,0,NT,FI,1.0,680,-20.24,-13.29,"[{'Canonical-syllable': '0', 'Growl': '0', 'High-freq-energy': '0', 'Long-island': '1', 'Low-tilt-spectrum': '0', 'Medium-island': '0', 'Short-island': '0', 'Squeal': '0', 'Typical-entropy': '0', 'Voicing-quality': '1', 'Wide-band': '0', 'Xlong-island': '0', 'seq': '1', 'end': 19105.2, 'start': 19104.52}]",0,0,[],[]
19105200,19106470,NA,OLF,0.0,670,pause,NA,NA,NA,NA,0.0,0,-37.45,-26.47,[],0,0,[],[]
19106470,19107090,CHI,CHN,0.0,670,pause,NA,NA,NA,NA,0.0,0,-18.82,-10.4,[],0,160,"[{'start': 19106.93, 'end': 19107.09}]",[]
19107090,19107890,NA,OLN,0.0,670,pause,NA,NA,NA,NA,0.0,0,-21.69,-12.45,[],0,0,[],[]
19107890,19108800,NA,NOF,0.0,670,pause,NA,NA,NA,NA,0.0,0,-36.28,-30.08,[],0,0,[],[]
19108800,19110560,NA,OLF,0.0,670,pause,NA,NA,NA,NA,0.0,0,-39.38,-34.69,[],0,0,[],[]
19110560,19111360,NA,CXF,0.0,670,pause,NA,NA,NA,NA,0.0,0,-39.48,-32.21,[],0,0,[],[]
19111360,19112480,NA,NOF,0.0,670,pause,NA,NA,NA,NA,0.0,0,-39.01,-27.19,[],0,0,[],[]
19112480,19113260,CHI,CHN,0.0,670,CM,EC,0,NT,FI,1.0,780,-20.59,-11.23,"[{'Canonical-syllable': '0', 'Growl': '0', 'High-freq-energy': '0', 'Long-island': '0', 'Low-tilt-spectrum': '0', 'Medium-island': '1', 'Short-island': '1', 'Squeal': '0', 'Typical-entropy': '1', 'Voicing-quality': '2', 'Wide-band': '0', 'Xlong-island': '0', 'seq': '1', 'end': 19113.26, 'start': 19112.48}]",0,0,[],[]
19113260,19115070,NA,NOF,0.0,671,pause,NA,NA,NA,NA,0.0,0,-38.14,-31.42,[],0,0,[],[]
19115070,19116650,NA,SIL,0.0,671,pause,NA,NA,NA,NA,0.0,0,-43.17,-39.72,[],0,0,[],[]
19116650,19118060,NA,NOF,0.0,671,pause,NA,NA,NA,NA,0.0,0,-45.26,-35.19,[],0,0,[],[]
19118060,19119100,NA,SIL,0.0,671,pause,NA,NA,NA,NA,0.0,0,-48.43,-38.68,[],0,0,[],[]
19119100,19120030,NA,NOF,0.0,671,pause,NA,NA,NA,NA,0.0,0,-48.76,-34.85,[],0,0,[],[]
19120030,19122480,NA,SIL,0.0,671,pause,NA,NA,NA,NA,0.0,0,-46.2,-36.89,[],0,0,[],[]
19122480,19123280,NA,NOF,0.0,671,pause,NA,NA,NA,NA,0.0,0,-49.97,-41.86,[],0,0,[],[]
19123280,19124870,NA,SIL,0.0,671,pause,NA,NA,NA,NA,0.0,0,-48.76,-36.97,[],0,0,[],[]
19124870,19129350,NA,NOF,0.0,671,pause,NA,NA,NA,NA,0.0,0,-34.27,-19.95,[],0,0,[],[]
19129350,19130240,NA,SIL,0.0,671,pause,NA,NA,NA,NA,0.0,0,-46.57,-35.89,[],0,0,[],[]
19130240,19131240,NA,MAF,0.0,671,pause,NA,NA,NA,NA,0.0,0,-45.89,-37.95,[],0,0,[],[]
19131240,19135120,NA,SIL,0.0,671,pause,NA,NA,NA,NA,0.0,0,-48.17,-38.53,[],0,0,[],[]
19135120,19140470,NA,NOF,0.0,671,pause,NA,NA,NA,NA,0.0,0,-20.7,-2.9,[],0,0,[],[]
19140470,19141350,NA,OLN,0.0,671,pause,NA,NA,NA,NA,0.0,0,-17.52,-6.12,[],0,0,[],[]
19141350,19141950,CHI,CHN,0.0,671,CM,EC,0,NT,FI,1.0,600,-21.6,-14.2,"[{'Canonical-syllable': '0', 'Growl': '0', 'High-freq-energy': '0', 'Long-island': '0', 'Low-tilt-spectrum': '0', 'Medium-island': '1', 'Short-island': '1', 'Squeal': '0', 'Typical-entropy': '0', 'Voicing-quality': '2', 'Wide-band': '0', 'Xlong-island': '0', 'seq': '1', 'end': 19141.95, 'start': 19141.35}]",0,0,[],[]
19141950,19143520,NA,NOF,0.0,672,pause,NA,NA,NA,NA,0.0,0,-28.13,-6.81,[],0,0,[],[]
19143520,19144520,NA,OLF,0.0,672,pause,NA,NA,NA,NA,0.0,0,-33.94,-22.97,[],0,0,[],[]
19144520,19149990,NA,NOF,0.0,672,pause,NA,NA,NA,NA,0.0,0,-38.51,-30.89,[],0,0,[],[]
19149990,19150790,NA,OLF,0.0,672,pause,NA,NA,NA,NA,0.0,0,-35.46,-22.16,[],0,0,[],[]
19150790,19153550,NA,NOF,0.0,672,pause,NA,NA,NA,NA,0.0,0,-38.72,-32.24,[],0,0,[],[]
19153550,19154770,NA,OLF,0.0,672,pause,NA,NA,NA,NA,0.0,0,-35.8,-26.4,[],0,0,[],[]
19154770,19156300,NA,CXF,0.0,672,pause,NA,NA,NA,NA,0.0,0,-38.03,-31.55,[],0,0,[],[]
19156300,19162860,NA,NOF,0.0,672,pause,NA,NA,NA,NA,0.0,0,-36.85,-21.77,[],0,0,[],[]
19162860,19163860,NA,MAF,0.0,672,pause,NA,NA,NA,NA,0.0,0,-42.56,-34.23,[],0,0,[],[]
19163860,19165950,NA,SIL,0.0,672,pause,NA,NA,NA,NA,0.0,0,-43.36,-35.15,[],0,0,[],[]
19165950,19166760,NA,NOF,0.0,672,pause,NA,NA,NA,NA,0.0,0,-41.08,-36.24,[],0,0,[],[]
19166760,19167700,NA,SIL,0.0,672,pause,NA,NA,NA,NA,0.0,0,-39.35,-30.68,[],0,0,[],[]
19167700,19168690,NA,NOF,0.0,672,pause,NA,NA,NA,NA,0.0,0,-40.19,-34.32,[],0,0,[],[]
19168690,19169790,NA,SIL,0.0,672,pause,NA,NA,NA,NA,0.0,0,-38.52,-32.68,[],0,0,[],[]
19169790,19170660,NA,NOF,0.0,672,pause,NA,NA,NA,NA,0.0,0,-38.87,-32.88,[],0,0,[],[]
19170660,19172040,NA,SIL,0.0,672,pause,NA,NA,NA,NA,0.0,0,-36.99,-33.07,[],0,0,[],[]
19172040,19173080,NA,NOF,0.0,672,pause,NA,NA,NA,NA,0.0,0,-42.83,-33.7,[],0,0,[],[]
19173080,19174080,NA,TVF,0.0,672,pause,NA,NA,NA,NA,0.0,0,-42.16,-36.88,[],0,0,[],[]
19174080,19175050,NA,NOF,0.0,672,pause,NA,NA,NA,NA,0.0,0,-33.88,-25.07,[],0,0,[],[]
19175050,19176510,NA,FAF,0.0,672,pause,NA,NA,NA,NA,0.0,0,-38.34,-28.21,[],0,0,[],[]
19176510,19178890,NA,NOF,0.0,672,pause,NA,NA,NA,NA,0.0,0,-36.56,-23.79,[],0,0,[],[]
19178890,19179820,NA,SIL,0.0,672,pause,NA,NA,NA,NA,0.0,0,-38.84,-34.05,[],0,0,[],[]
19179820,19180820,NA,NOF,0.0,672,pause,NA,NA,NA,NA,0.0,0,-40.08,-35.11,[],0,0,[],[]
19180820,19182310,CHI,CHN,0.0,672,CM,EC,0,NT,FI,1.0,1490,-20.05,-13.51,"[{'Canonical-syllable': '3', 'Growl': '0', 'High-freq-energy': '0', 'Long-island': '0', 'Low-tilt-spectrum': '0', 'Medium-island': '3', 'Short-island': '0', 'Squeal': '0', 'Typical-entropy': '0', 'Voicing-quality': '3', 'Wide-band': '0', 'Xlong-island': '0', 'seq': '1', 'end': 19182.31, 'start': 19180.82}]",0,0,[],[]
19182310,19183560,NA,OLN,0.0,673,pause,NA,NA,NA,NA,0.0,0,-21.19,-7.45,[],0,0,[],[]
19183560,19184980,NA,NOF,0.0,673,pause,NA,NA,NA,NA,0.0,0,-32.22,-21.94,[],0,0,[],[]
19184980,19185810,NA,OLF,0.0,673,pause,NA,NA,NA,NA,0.0,0,-28.26,-22.34,[],0,0,[],[]
19185810,19189580,NA,NOF,0.0,673,pause,NA,NA,NA,NA,0.0,0,-21.69,-5.9,[],0,0,[],[]
19189580,19191150,FEM,FAN,4.69,673,AICF,BC,0,TIFI,FI,0.0,0,-29.6,-18.4,[],0,0,[],[]
19191150,19192110,NA,SIL,0.0,673,AICF,NA,NA,NA,NA,0.0,0,-37.55,-30.72,[],0,0,[],[]
19192110,19193560,FEM,FAN,0.0,673,AICF,NA,NA,NA,NA,0.0,0,-37.62,-31.38,[],1450,0,[],[]
19193560,19194770,CHI,CHN,0.0,673,AICF,RC,1,TIFR,FI,1.0,1210,-29.03,-22.4,"[{'Canonical-syllable': '1', 'Growl': '0', 'High-freq-energy': '0', 'Long-island': '1', 'Low-tilt-spectrum': '0', 'Medium-island': '1', 'Short-island': '0', 'Squeal': '0', 'Typical-entropy': '0', 'Voicing-quality': '2', 'Wide-band': '0', 'Xlong-island': '0', 'seq': '1', 'end': 19194.77, 'start': 19193.56}]",0,0,[],[]
19194770,19196110,FEM,FAN,6.1,673,AICF,RC,1,TIFI,FI,0.0,0,-25.58,-13.99,[],0,0,[],[]
19196110,19197350,CHI,CHN,0.0,673,AICF,RC,2,TIFR,FI,2.0,880,-21.35,-11.99,"[{'Canonical-syllable': '0', 'Growl': '0', 'High-freq-energy': '0', 'Long-island': '0', 'Low-tilt-spectrum': '0', 'Medium-island': '1', 'Short-island': '0', 'Squeal': '0', 'Typical-entropy': '1', 'Voicing-quality': '1', 'Wide-band': '0', 'Xlong-island': '0', 'seq': '1', 'end': 19196.47, 'start': 19196.11}, {'Canonical-syllable': '1', 'Growl': '0', 'High-freq-energy': '0', 'Long-island': '0', 'Low-tilt-spectrum': '0', 'Medium-island': '1', 'Short-island': '0', 'Squeal': '0', 'Typical-entropy': '0', 'Voicing-quality': '1', 'Wide-band': '0', 'Xlong-island': '0', 'seq': '2', 'end': 19197.35, 'start': 19196.83}]",0,0,[],[]
19197350,19198510,NA,NOF,0.0,673,AICF,NA,NA,NA,NA,0.0,0,-35.87,-27.16,[],0,0,[],[]
19198510,19200200,CHI,CHN,0.0,673,AICF,RC,2,NT,FH,1.0,1690,-20.15,-9.08,"[{'Canonical-syllable': '1', 'Growl': '0', 'High-freq-energy': '0', 'Long-island': '0', 'Low-tilt-spectrum': '0', 'Medium-island': '0', 'Short-island': '1', 'Squeal': '0', 'Typical-entropy': '2', 'Voicing-quality': '2', 'Wide-band': '0', 'Xlong-island': '1', 'seq': '1', 'end': 19200.2, 'start': 19198.51}]",0,0,[],[]
19200200,19201270,FEM,FAN,0.0,673,AICF,NA,NA,NA,NA,0.0,0,-28.52,-17.1,[],1070,0,[],[]
19201270,19202120,NA,OLN,0.0,673,AICF,NA,NA,NA,NA,0.0,0,-26.53,-13.38,[],0,0,[],[]
19202120,19203030,OCH,CXN,0.0,673,AICF,RC,2,NT,FI,0.0,0,-25.15,-13.89,[],0,0,[],[]
19203030,19204130,NA,NOF,0.0,673,AICF,NA,NA,NA,NA,0.0,0,-39.1,-34.24,[],0,0,[],[]
19204130,19205400,CHI,CHN,0.0,673,AICF,RC,2,NT,FI,1.0,240,-22.82,-9.93,"[{'Canonical-syllable': '0', 'Growl': '1', 'High-freq-energy': '0', 'Long-island': '0', 'Low-tilt-spectrum': '0', 'Medium-island': '0', 'Short-island': '1', 'Squeal': '0', 'Typical-entropy': '1', 'Voicing-quality': '1', 'Wide-band': '0', 'Xlong-island': '0', 'seq': '1', 'end': 19205.4, 'start': 19205.16}]",0,0,[],[]
19205400,19206000,CHI,CHN,0.0,673,AICF,RC,2,NT,FH,1.0,600,-16.24,-11.22,"[{'Canonical-syllable': '0', 'Growl': '0', 'High-freq-energy': '0', 'Long-island': '0', 'Low-tilt-spectrum': '0', 'Medium-island': '1', 'Short-island': '0', 'Squeal': '0', 'Typical-entropy': '0', 'Voicing-quality': '1', 'Wide-band': '0', 'Xlong-island': '0', 'seq': '1', 'end': 19206.0, 'start': 19205.4}]",0,0,[],[]
19206000,19207220,CHI,CHN,0.0,673,AICF,RC,2,NT,FH,1.0,1220,-31.88,-25.68,"[{'Canonical-syllable': '0', 'Growl': '1', 'High-freq-energy': '0', 'Long-island': '0', 'Low-tilt-spectrum': '1', 'Medium-island': '0', 'Short-island': '0', 'Squeal': '0', 'Typical-entropy': '1', 'Voicing-quality': '1', 'Wide-band': '0', 'Xlong-island': '1', 'seq': '1', 'end': 19207.22, 'start': 19206.0}]",0,0,[],[]
19207220,19208770,CHI,CHN,0.0,673,AICF,RC,2,NT,FH,2.0,1110,-19.24,-9.46,"[{'Canonical-syllable': '0', 'Growl': '0', 'High-freq-energy': '0', 'Long-island': '0', 'Low-tilt-spectrum': '0', 'Medium-island': '1', 'Short-island': '0', 'Squeal': '0', 'Typical-entropy': '0', 'Voicing-quality': '1', 'Wide-band': '0', 'Xlong-island': '0', 'seq': '1', 'end': 19207.63, 'start': 19207.22}, {'Canonical-syllable': '2', 'Growl': '0', 'High-freq-energy': '0', 'Long-island': '0', 'Low-tilt-spectrum': '2', 'Medium-island': '0', 'Short-island': '3', 'Squeal': '0', 'Typical-entropy': '3', 'Voicing-quality': '3', 'Wide-band': '0', 'Xlong-island': '0', 'seq': '2', 'end': 19208.77, 'start': 19208.07}]",0,0,[],[]
19208770,19209810,NA,NOF,0.0,673,AICF,NA,NA,NA,NA,0.0,0,-37.61,-34.56,[],0,0,[],[]
19209810,19210850,CHI,CHN,0.0,673,AICF,NA,NA,NA,NA,0.0,0,-14.51,-3.3,[],0,1040,"[{'start': 19209.81, 'end': 19210.85}]",[]
19210850,19211650,NA,NON,0.0,673,AICF,NA,NA,NA,NA,0.0,0,-37.29,-29.28,[],0,0,[],[]
19211650,19212930,CHI,CHN,0.0,673,AICF,NA,NA,NA,NA,0.0,0,-15.54,-7.82,[],0,1280,"[{'start': 19211.65, 'end': 19212.93}]",[]
19212930,19213980,OCH,CXN,0.0,673,AICF,RC,2,NT,FI,0.0,0,-25.05,-18.34,[],0,0,[],[]
19213980,19215770,NA,NOF,0.0,673,AICF,NA,NA,NA,NA,0.0,0,-34.61,-22.68,[],0,0,[],[]
19215770,19217110,FEM,FAN,5.33,673,AICF,RC,2,TIFI,FI,0.0,0,-32.22,-26.04,[],0,0,[],[]
19217110,19217910,NA,SIL,0.0,673,AICF,NA,NA,NA,NA,0.0,0,-38.52,-34.49,[],0,0,[],[]
19217910,19219210,CHI,CHN,0.0,673,AICF,RC,3,TIFR,FI,1.0,1300,-32.78,-22.13,"[{'Canonical-syllable': '0', 'Growl': '2', 'High-freq-energy': '0', 'Long-island': '1', 'Low-tilt-spectrum': '1', 'Medium-island': '1', 'Short-island': '0', 'Squeal': '0', 'Typical-entropy': '2', 'Voicing-quality': '2', 'Wide-band': '0', 'Xlong-island': '0', 'seq': '1', 'end': 19219.21, 'start': 19217.91}]",0,0,[],[]
19219210,19220390,CHI,CHN,0.0,673,AICF,RC,3,NT,FH,1.0,880,-15.39,-11.61,"[{'Canonical-syllable': '0', 'Growl': '0', 'High-freq-energy': '0', 'Long-island': '1', 'Low-tilt-spectrum': '0', 'Medium-island': '0', 'Short-island': '0', 'Squeal': '0', 'Typical-entropy': '0', 'Voicing-quality': '1', 'Wide-band': '0', 'Xlong-island': '0', 'seq': '1', 'end': 19220.09, 'start': 19219.21}]",0,0,[],[]
19220390,19221380,NA,SIL,0.0,673,AICF,NA,NA,NA,NA,0.0,0,-37.43,-34.1,[],0,0,[],[]
19221380,19222030,CHI,CHN,0.0,673,AICF,RC,3,NT,FH,1.0,650,-12.31,-4.96,"[{'Canonical-syllable': '0', 'Growl': '0', 'High-freq-energy': '0', 'Long-island': '0', 'Low-tilt-spectrum': '1', 'Medium-island': '1', 'Short-island': '0', 'Squeal': '0', 'Typical-entropy': '1', 'Voicing-quality': '1', 'Wide-band': '0', 'Xlong-island': '0', 'seq': '1', 'end': 19222.03, 'start': 19221.38}]",0,0,[],[]
19222030,19222850,NA,CHF,0.0,673,AICF,NA,NA,NA,NA,0.0,0,-32.01,-23.92,[],0,820,[],"[{'start': 19222.03, 'end': 19222.85}]"
19222850,19223520,FEM,FAN,0.0,673,AICF,NA,NA,NA,NA,0.0,0,-31.36,-27.73,[],670,0,[],[]
19223520,19224410,NA,NON,0.0,673,AICF,NA,NA,NA,NA,0.0,0,-32.4,-26.32,[],0,0,[],[]
19224410,19225010,CHI,CHN,0.0,673,AICF,RC,3,NT,FH,1.0,600,-19.06,-10.2,"[{'Canonical-syllable': '0', 'Growl': '2', 'High-freq-energy': '0', 'Long-island': '0', 'Low-tilt-spectrum': '1', 'Medium-island': '0', 'Short-island': '1', 'Squeal': '0', 'Typical-entropy': '1', 'Voicing-quality': '2', 'Wide-band': '0', 'Xlong-island': '0', 'seq': '1', 'end': 19225.01, 'start': 19224.41}]",0,0,[],[]
19225010,19226660,CHI,CHN,0.0,673,AICF,EC,3,NT,FH,2.0,1150,-15.19,-11.81,"[{'Canonical-syllable': '0', 'Growl': '0', 'High-freq-energy': '0', 'Long-island': '0', 'Low-tilt-spectrum': '0', 'Medium-island': '0', 'Short-island': '0', 'Squeal': '0', 'Typical-entropy': '0', 'Voicing-quality': '1', 'Wide-band': '0', 'Xlong-island': '1', 'seq': '1', 'end': 19226.03, 'start': 19225.01}, {'Canonical-syllable': '0', 'Growl': '1', 'High-freq-energy': '0', 'Long-island': '0', 'Low-tilt-spectrum': '0', 'Medium-island': '0', 'Short-island': '0', 'Squeal': '0', 'Typical-entropy': '0', 'Voicing-quality': '1', 'Wide-band': '0', 'Xlong-island': '0', 'seq': '2', 'end': 19226.66, 'start': 19226.53}]",0,0,[],[]
19226660,19227460,NA,OLN,0.0,674,pause,NA,NA,NA,NA,0.0,0,-23.25,-14.49,[],0,0,[],[]
19227460,19228350,CHI,CHN,0.0,674,pause,NA,NA,NA,NA,0.0,0,-14.79,-11.23,[],0,590,"[{'start': 19227.46, 'end': 19228.05}]",[]
19228350,19230700,NA,SIL,0.0,674,pause,NA,NA,NA,NA,0.0,0,-45.71,-28.64,[],0,0,[],[]
19230700,19231960,NA,OLF,0.0,674,pause,NA,NA,NA,NA,0.0,0,-41.2,-31.65,[],0,0,[],[]
19231960,19233090,CHI,CHN,0.0,674,CIC,BC,0,NT,FI,1.0,910,-18.47,-9.54,"[{'Canonical-syllable': '0', 'Growl': '0', 'High-freq-energy': '0', 'Long-island': '1', 'Low-tilt-spectrum': '0', 'Medium-island': '0', 'Short-island': '0', 'Squeal': '0', 'Typical-entropy': '0', 'Voicing-quality': '1', 'Wide-band': '0', 'Xlong-island': '0', 'seq': '1', 'end': 19232.87, 'start': 19232.05}]",0,0,[],[]
19233090,19234330,NA,OLN,0.0,674,CIC,NA,NA,NA,NA,0.0,0,-23.73,-15.36,[],0,0,[],[]
19234330,19235010,CHI,CHN,0.0,674,CIC,RC,0,NT,FH,1.0,680,-16.14,-9.83,"[{'Canonical-syllable': '0', 'Growl': '0', 'High-freq-energy': '0', 'Long-island': '1', 'Low-tilt-spectrum': '0', 'Medium-island': '0', 'Short-island': '0', 'Squeal': '0', 'Typical-entropy': '1', 'Voicing-quality': '1', 'Wide-band': '0', 'Xlong-island': '0', 'seq': '1', 'end': 19235.01, 'start': 19234.33}]",0,0,[],[]
19235010,19236630,NA,OLN,0.0,674,CIC,NA,NA,NA,NA,0.0,0,-24.71,-14.34,[],0,0,[],[]
19236630,19238390,CHI,CHN,0.0,674,CIC,RC,0,NT,FH,2.0,1220,-17.18,-8.21,"[{'Canonical-syllable': '0', 'Growl': '0', 'High-freq-energy': '0', 'Long-island': '1', 'Low-tilt-spectrum': '0', 'Medium-island': '0', 'Short-island': '0', 'Squeal': '0', 'Typical-entropy': '1', 'Voicing-quality': '1', 'Wide-band': '0', 'Xlong-island': '0', 'seq': '1', 'end': 19237.49, 'start': 19236.63}, {'Canonical-syllable': '0', 'Growl': '0', 'High-freq-energy': '0', 'Long-island': '0', 'Low-tilt-spectrum': '0', 'Medium-island': '1', 'Short-island': '0', 'Squeal': '0', 'Typical-entropy': '0', 'Voicing-quality': '1', 'Wide-band': '0', 'Xlong-island': '0', 'seq': '2', 'end': 19238.21, 'start': 19237.85}]",0,0,[],[]
19238390,19240060,NA,NOF,0.0,674,CIC,NA,NA,NA,NA,0.0,0,-43.16,-27.86,[],0,0,[],[]
19240060,19240680,CHI,CHN,0.0,674,CIC,RC,0,NT,FH,1.0,620,-30.47,-22.47,"[{'Canonical-syllable': '0', 'Growl': '1', 'High-freq-energy': '0', 'Long-island': '0', 'Low-tilt-spectrum': '1', 'Medium-island': '1', 'Short-island': '0', 'Squeal': '0', 'Typical-entropy': '1', 'Voicing-quality': '1', 'Wide-band': '0', 'Xlong-island': '0', 'seq': '1', 'end': 19240.68, 'start': 19240.06}]",0,0,[],[]
19240680,19242750,CHI,CHN,0.0,674,CIC,RC,0,NT,FH,2.0,910,-20.56,-10.72,"[{'Canonical-syllable': '1', 'Growl': '0', 'High-freq-energy': '0', 'Long-island': '0', 'Low-tilt-spectrum': '0', 'Medium-island': '1', 'Short-island': '0', 'Squeal': '0', 'Typical-entropy': '1', 'Voicing-quality': '1', 'Wide-band': '0', 'Xlong-island': '0', 'seq': '1', 'end': 19241.62, 'start': 19241.06}, {'Canonical-syllable': '0', 'Growl': '0', 'High-freq-energy': '0', 'Long-island': '0', 'Low-tilt-spectrum': '0', 'Medium-island': '1', 'Short-island': '0', 'Squeal': '0', 'Typical-entropy': '1', 'Voicing-quality': '1', 'Wide-band': '0', 'Xlong-island': '0', 'seq': '2', 'end': 19242.62, 'start': 19242.27}]",0,0,[],[]
19242750,19243730,NA,NOF,0.0,674,CIC,NA,NA,NA,NA,0.0,0,-40.73,-34.64,[],0,0,[],[]
19243730,19244560,NA,FAF,0.0,674,CIC,NA,NA,NA,NA,0.0,0,-35.24,-29.01,[],0,0,[],[]
19244560,19245370,NA,MAF,0.0,674,CIC,NA,NA,NA,NA,0.0,0,-37.24,-28.39,[],0,0,[],[]
19245370,19245970,OCH,CXN,0.0,674,CIC,RC,0,NT,FI,0.0,0,-33.3,-25.81,[],0,0,[],[]
19245970,19246770,NA,OLF,0.0,674,CIC,NA,NA,NA,NA,0.0,0,-41.85,-32.66,[],0,0,[],[]
19246770,19248230,CHI,CHN,0.0,674,CIC,RC,0,NT,FI,1.0,1460,-21.22,-14.37,"[{'Canonical-syllable': '2', 'Growl': '1', 'High-freq-energy': '0', 'Long-island': '0', 'Low-tilt-spectrum': '0', 'Medium-island': '2', 'Short-island': '1', 'Squeal': '0', 'Typical-entropy': '0', 'Voicing-quality': '3', 'Wide-band': '0', 'Xlong-island': '0', 'seq': '1', 'end': 19248.23, 'start': 19246.77}]",0,0,[],[]
19248230,19249040,NA,NOF,0.0,674,CIC,NA,NA,NA,NA,0.0,0,-40.05,-31.71,[],0,0,[],[]
19249040,19250760,OCH,CXN,0.0,674,CIC,RC,0,NT,FI,0.0,0,-35.22,-27.75,[],0,0,[],[]
19250760,19251560,CHI,CHN,0.0,674,CIC,RC,0,NT,FI,1.0,800,-20.34,-12.74,"[{'Canonical-syllable': '0', 'Growl': '0', 'High-freq-energy': '0', 'Long-island': '1', 'Low-tilt-spectrum': '0', 'Medium-island': '0', 'Short-island': '0', 'Squeal': '0', 'Typical-entropy': '1', 'Voicing-quality': '1', 'Wide-band': '0', 'Xlong-island': '0', 'seq': '1', 'end': 19251.56, 'start': 19250.76}]",0,0,[],[]
19251560,19252560,CHI,CHN,0.0,674,CIC,RC,0,NT,FH,1.0,880,-17.67,-9.66,"[{'Canonical-syllable': '1', 'Growl': '0', 'High-freq-energy': '0', 'Long-island': '0', 'Low-tilt-spectrum': '0', 'Medium-island': '2', 'Short-island': '0', 'Squeal': '0', 'Typical-entropy': '1', 'Voicing-quality': '2', 'Wide-band': '0', 'Xlong-island': '0', 'seq': '1', 'end': 19252.44, 'start': 19251.56}]",0,0,[],[]
19252560,19254100,NA,NOF,0.0,674,CIC,NA,NA,NA,NA,0.0,0,-38.77,-31.91,[],0,0,[],[]
19254100,19255060,NA,SIL,0.0,674,CIC,NA,NA,NA,NA,0.0,0,-39.54,-32.26,[],0,0,[],[]
19255060,19256380,NA,TVF,0.0,674,CIC,NA,NA,NA,NA,0.0,0,-40.61,-33.81,[],0,0,[],[]
19256380,19256980,OCH,CXN,0.0,674,CIC,RC,0,NT,FI,0.0,0,-30.37,-24.01,[],0,0,[],[]
19256980,19257980,FEM,FAN,0.0,674,CIC,NA,NA,NA,NA,0.0,0,-22.71,-12.47,[],1000,0,[],[]
19257980,19259590,CHI,CHN,0.0,674,CIC,RC,0,NT,FI,2.0,1270,-15.59,-10.73,"[{'Canonical-syllable': '0', 'Growl': '0', 'High-freq-energy': '0', 'Long-island': '1', 'Low-tilt-spectrum': '0', 'Medium-island': '0', 'Short-island': '0', 'Squeal': '0', 'Typical-entropy': '0', 'Voicing-quality': '1', 'Wide-band': '0', 'Xlong-island': '0', 'seq': '1', 'end': 19258.7, 'start': 19257.98}, {'Canonical-syllable': '1', 'Growl': '0', 'High-freq-energy': '0', 'Long-island': '0', 'Low-tilt-spectrum': '0', 'Medium-island': '1', 'Short-island': '0', 'Squeal': '0', 'Typical-entropy': '0', 'Voicing-quality': '1', 'Wide-band': '0', 'Xlong-island': '0', 'seq': '2', 'end': 19259.59, 'start': 19259.04}]",0,0,[],[]
19259590,19260390,OCH,CXN,0.0,674,CIC,RC,0,NT,FI,0.0,0,-32.4,-24.14,[],0,0,[],[]
19260390,19261630,CHI,CHN,0.0,674,CIC,RC,0,NT,FI,1.0,1140,-17.55,-10.32,"[{'Canonical-syllable': '1', 'Growl': '0', 'High-freq-energy': '1', 'Long-island': '0', 'Low-tilt-spectrum': '0', 'Medium-island': '2', 'Short-island': '0', 'Squeal': '0', 'Typical-entropy': '2', 'Voicing-quality': '2', 'Wide-band': '0', 'Xlong-island': '0', 'seq': '1', 'end': 19261.53, 'start': 19260.39}]",0,0,[],[]
19261630,19263160,NA,NOF,0.0,674,CIC,NA,NA,NA,NA,0.0,0,-39.96,-31.2,[],0,0,[],[]
19263160,19264340,OCH,CXN,0.0,674,CIC,RC,0,NT,FI,0.0,0,-30.11,-20.17,[],0,0,[],[]
19264340,19265140,NA,OLN,0.0,674,CIC,NA,NA,NA,NA,0.0,0,-14.85,-4.55,[],0,0,[],[]
19265140,19267050,CHI,CHN,0.0,674,CIC,RC,0,NT,FI,2.0,1560,-16.4,-8.96,"[{'Canonical-syllable': '0', 'Growl': '0', 'High-freq-energy': '0', 'Long-island': '0', 'Low-tilt-spectrum': '0', 'Medium-island': '1', 'Short-island': '0', 'Squeal': '0', 'Typical-entropy': '0', 'Voicing-quality': '1', 'Wide-band': '0', 'Xlong-island': '0', 'seq': '1', 'end': 19265.58, 'start': 19265.14}, {'Canonical-syllable': '0', 'Growl': '0', 'High-freq-energy': '0', 'Long-island': '0', 'Low-tilt-spectrum': '1', 'Medium-island': '0', 'Short-island': '0', 'Squeal': '0', 'Typical-entropy': '1', 'Voicing-quality': '1', 'Wide-band': '0', 'Xlong-island': '1', 'seq': '2', 'end': 19267.05, 'start': 19265.93}]",0,0,[],[]
19267050,19268810,NA,OLN,0.0,674,CIC,NA,NA,NA,NA,0.0,0,-31.18,-22.7,[],0,0,[],[]
19268810,19269860,NA,NOF,0.0,674,CIC,NA,NA,NA,NA,0.0,0,-37.68,-30.27,[],0,0,[],[]
19269860,19270800,NA,OLN,0.0,674,CIC,NA,NA,NA,NA,0.0,0,-32.18,-25.74,[],0,0,[],[]
19270800,19272000,CHI,CHN,0.0,674,CIC,RC,0,NT,FH,2.0,750,-16.23,-11.16,"[{'Canonical-syllable': '0', 'Growl': '0', 'High-freq-energy': '1', 'Long-island': '0', 'Low-tilt-spectrum': '1', 'Medium-island': '0', 'Short-island': '1', 'Squeal': '1', 'Typical-entropy': '1', 'Voicing-quality': '1', 'Wide-band': '1', 'Xlong-island': '0', 'seq': '1', 'end': 19271.03, 'start': 19270.8}, {'Canonical-syllable': '0', 'Growl': '0', 'High-freq-energy': '0', 'Long-island': '0', 'Low-tilt-spectrum': '0', 'Medium-island': '1', 'Short-island': '0', 'Squeal': '0', 'Typical-entropy': '0', 'Voicing-quality': '1', 'Wide-band': '0', 'Xlong-island': '0', 'seq': '2', 'end': 19272.0, 'start': 19271.48}]",0,0,[],[]
19272000,19272840,OCH,CXN,0.0,674,CIC,RC,0,NT,FI,0.0,0,-21.57,-14.88,[],0,0,[],[]
19272840,19274160,CHI,CHN,0.0,674,CIC,RC,0,NT,FI,2.0,670,-21.81,-11.67,"[{'Canonical-syllable': '0', 'Growl': '1', 'High-freq-energy': '0', 'Long-island': '0', 'Low-tilt-spectrum': '0', 'Medium-island': '1', 'Short-island': '0', 'Squeal': '0', 'Typical-entropy': '1', 'Voicing-quality': '2', 'Wide-band': '0', 'Xlong-island': '0', 'seq': '1', 'end': 19273.41, 'start': 19272.84}, {'Canonical-syllable': '0', 'Growl': '0', 'High-freq-energy': '0', 'Long-island': '0', 'Low-tilt-spectrum': '1', 'Medium-island': '0', 'Short-island': '0', 'Squeal': '1', 'Typical-entropy': '1', 'Voicing-quality': '1', 'Wide-band': '0', 'Xlong-island': '0', 'seq': '2', 'end': 19274.0, 'start': 19273.9}]",0,0,[],[]
19274160,19276230,NA,NOF,0.0,674,CIC,NA,NA,NA,NA,0.0,0,-39.19,-31.58,[],0,0,[],[]
19276230,19278050,CHI,CHN,0.0,674,CIC,RC,0,TIFI,FH,2.0,1100,-17.95,-11.72,"[{'Canonical-syllable': '0', 'Growl': '0', 'High-freq-energy': '0', 'Long-island': '1', 'Low-tilt-spectrum': '0', 'Medium-island': '0', 'Short-island': '0', 'Squeal': '0', 'Typical-entropy': '0', 'Voicing-quality': '1', 'Wide-band': '0', 'Xlong-island': '0', 'seq': '1', 'end': 19277.08, 'start': 19276.23}, {'Canonical-syllable': '0', 'Growl': '1', 'High-freq-energy': '0', 'Long-island': '0', 'Low-tilt-spectrum': '0', 'Medium-island': '0', 'Short-island': '1', 'Squeal': '0', 'Typical-entropy': '1', 'Voicing-quality': '1', 'Wide-band': '0', 'Xlong-island': '0', 'seq': '2', 'end': 19277.95, 'start': 19277.7}]",0,0,[],[]
19278050,19281200,NA,NOF,0.0,674,CIC,NA,NA,NA,NA,0.0,0,-38.92,-30.84,[],0,0,[],[]
19281200,19282630,FEM,FAN,3.89,674,CIC,RC,1,TIFR,FI,0.0,0,-28.18,-17.33,[],0,0,[],[]
19282630,19283780,OCH,CXN,0.0,674,CIC,RC,1,NT,FI,0.0,0,-27.97,-23.93,[],0,0,[],[]
19283780,19284810,NA,NOF,0.0,674,CIC,NA,NA,NA,NA,0.0,0,-37.42,-27.29,[],0,0,[],[]
19284810,19285610,OCH,CXN,0.0,674,CIC,RC,1,NT,FH,0.0,0,-33.76,-28.06,[],0,0,[],[]
19285610,19289370,CHI,CHN,0.0,674,CIC,RC,1,NT,FI,2.0,2270,-18.73,-7.25,"[{'Canonical-syllable': '1', 'Growl': '1', 'High-freq-energy': '0', 'Long-island': '1', 'Low-tilt-spectrum': '0', 'Medium-island': '0', 'Short-island': '1', 'Squeal': '0', 'Typical-entropy': '3', 'Voicing-quality': '3', 'Wide-band': '0', 'Xlong-island': '0', 'seq': '1', 'end': 19287.76, 'start': 19286.51}, {'Canonical-syllable': '1', 'Growl': '2', 'High-freq-energy': '0', 'Long-island': '0', 'Low-tilt-spectrum': '0', 'Medium-island': '1', 'Short-island': '3', 'Squeal': '0', 'Typical-entropy': '3', 'Voicing-quality': '4', 'Wide-band': '0', 'Xlong-island': '0', 'seq': '2', 'end': 19289.37, 'start': 19288.35}]",0,0,[],[]
19289370,19290230,NA,NOF,0.0,674,CIC,NA,NA,NA,NA,0.0,0,-35.69,-31.48,[],0,0,[],[]
19290230,19291230,OCH,CXN,0.0,674,CIC,RC,1,NT,FI,0.0,0,-21.16,-11.92,[],0,0,[],[]
19291230,19291830,CHI,CHN,0.0,674,CIC,RC,1,NT,FI,1.0,290,-21.13,-12.34,"[{'Canonical-syllable': '0', 'Growl': '0', 'High-freq-energy': '0', 'Long-island': '0', 'Low-tilt-spectrum': '1', 'Medium-island': '1', 'Short-island': '0', 'Squeal': '1', 'Typical-entropy': '1', 'Voicing-quality': '1', 'Wide-band': '0', 'Xlong-island': '0', 'seq': '1', 'end': 19291.52, 'start': 19291.23}]",0,0,[],[]
19291830,19292840,NA,TVF,0.0,674,CIC,NA,NA,NA,NA,0.0,0,-42.56,-34.54,[],0,0,[],[]
19292840,19293790,NA,OLN,0.0,674,CIC,NA,NA,NA,NA,0.0,0,-21.64,-11.22,[],0,0,[],[]
19293790,19295160,CHI,CHN,0.0,674,CIC,RC,1,NT,FH,1.0,1370,-18.21,-8.98,"[{'Canonical-syllable': '1', 'Growl': '0', 'High-freq-energy': '0', 'Long-island': '0', 'Low-tilt-spectrum': '0', 'Medium-island': '2', 'Short-island': '1', 'Squeal': '1', 'Typical-entropy': '0', 'Voicing-quality': '3', 'Wide-band': '0', 'Xlong-island': '0', 'seq': '1', 'end': 19295.16, 'start': 19293.79}]",0,0,[],[]
19295160,19296310,NA,NON,0.0,674,CIC,NA,NA,NA,NA,0.0,0,-33.77,-24.37,[],0,0,[],[]
19296310,19296940,OCH,CXN,0.0,674,CIC,RC,1,NT,FI,0.0,0,-26.89,-22.75,[],0,0,[],[]
19296940,19297750,OCH,CXN,0.0,674,CIC,RC,1,NT,FH,0.0,0,-20.55,-16.88,[],0,0,[],[]
19297750,19298640,NA,NOF,0.0,674,CIC,NA,NA,NA,NA,0.0,0,-38.48,-33.17,[],0,0,[],[]
19298640,19299820,CHI,CHN,0.0,674,CIC,EC,1,NT,FI,1.0,1180,-17.82,-9.73,"[{'Canonical-syllable': '0', 'Growl': '0', 'High-freq-energy': '0', 'Long-island': '1', 'Low-tilt-spectrum': '0', 'Medium-island': '0', 'Short-island': '1', 'Squeal': '0', 'Typical-entropy': '0', 'Voicing-quality': '3', 'Wide-band': '0', 'Xlong-island': '0', 'seq': '1', 'end': 19299.82, 'start': 19298.64}]",0,0,[],[]
19299820,19300620,NA,MAF,0.0,675,pause,NA,NA,NA,NA,0.0,0,-41.24,-32.43,[],0,0,[],[]
19300620,19301490,CHI,CHN,0.0,675,pause,NA,NA,NA,NA,0.0,0,-20.68,-13.2,[],0,740,"[{'start': 19300.62, 'end': 19301.36}]",[]
19301490,19302730,NA,NOF,0.0,675,pause,NA,NA,NA,NA,0.0,0,-37.34,-28.96,[],0,0,[],[]
19302730,19303340,CHI,CHN,0.0,675,pause,NA,NA,NA,NA,0.0,0,-16.85,-7.89,[],0,480,"[{'start': 19302.73, 'end': 19303.21}]",[]
19303340,19304670,CHI,CHN,0.0,675,pause,NA,NA,NA,NA,0.0,0,-16.68,-9.32,[],0,1160,"[{'start': 19303.34, 'end': 19304.5}]",[]
19304670,19305970,NA,NOF,0.0,675,pause,NA,NA,NA,NA,0.0,0,-37.31,-28.75,[],0,0,[],[]
19305970,19307320,CHI,CHN,0.0,675,CM,EC,0,NT,FI,1.0,1350,-24.61,-15.29,"[{'Canonical-syllable': '0', 'Growl': '1', 'High-freq-energy': '0', 'Long-island': '0', 'Low-tilt-spectrum': '1', 'Medium-island': '2', 'Short-island': '1', 'Squeal': '0', 'Typical-entropy': '3', 'Voicing-quality': '3', 'Wide-band': '1', 'Xlong-island': '0', 'seq': '1', 'end': 19307.32, 'start': 19305.97}]",0,0,[],[]
19307320,19316630,NA,NOF,0.0,676,pause,NA,NA,NA,NA,0.0,0,-26.91,-6.82,[],0,0,[],[]
19316630,19317550,NA,SIL,0.0,676,pause,NA,NA,NA,NA,0.0,0,-38.06,-34.61,[],0,0,[],[]
19317550,19323710,NA,NOF,0.0,676,pause,NA,NA,NA,NA,0.0,0,-38.67,-21.21,[],0,0,[],[]
19323710,19324510,NA,OLF,0.0,676,pause,NA,NA,NA,NA,0.0,0,-40.28,-27.78,[],0,0,[],[]
19324510,19325500,OCH,CXN,0.0,676,XIOCC,BC,0,NT,FI,0.0,0,-37.08,-30.23,[],0,0,[],[]
19325500,19326300,NA,OLN,0.0,676,XIOCC,NA,NA,NA,NA,0.0,0,-35.64,-28.92,[],0,0,[],[]
19326300,19327600,OCH,CXN,0.0,676,XIOCC,RC,0,NT,FH,0.0,0,-33.97,-23.66,[],0,0,[],[]
19327600,19330000,NA,NOF,0.0,676,XIOCC,NA,NA,NA,NA,0.0,0,-41.55,-31.94,[],0,0,[],[]
19330000,19330760,CHI,CHN,0.0,676,XIOCC,RC,0,NT,FI,1.0,760,-31.9,-25.87,"[{'Canonical-syllable': '0', 'Growl': '0', 'High-freq-energy': '0', 'Long-island': '1', 'Low-tilt-spectrum': '0', 'Medium-island': '0', 'Short-island': '0', 'Squeal': '0', 'Typical-entropy': '1', 'Voicing-quality': '1', 'Wide-band': '0', 'Xlong-island': '0', 'seq': '1', 'end': 19330.76, 'start': 19330.0}]",0,0,[],[]
19330760,19331620,NA,NOF,0.0,676,XIOCC,NA,NA,NA,NA,0.0,0,-42.35,-33.15,[],0,0,[],[]
19331620,19332290,CHI,CHN,0.0,676,XIOCC,EC,0,NT,FH,1.0,670,-24.47,-18.39,"[{'Canonical-syllable': '0', 'Growl': '0', 'High-freq-energy': '0', 'Long-island': '0', 'Low-tilt-spectrum': '1', 'Medium-island': '1', 'Short-island': '0', 'Squeal': '0', 'Typical-entropy': '1', 'Voicing-quality': '1', 'Wide-band': '0', 'Xlong-island': '0', 'seq': '1', 'end': 19332.29, 'start': 19331.62}]",0,0,[],[]
19332290,19333400,NA,NON,0.0,677,pause,NA,NA,NA,NA,0.0,0,-28.84,-18.32,[],0,0,[],[]
19333400,19334880,NA,OLF,0.0,677,pause,NA,NA,NA,NA,0.0,0,-32.21,-22.61,[],0,0,[],[]
19334880,19340470,NA,NOF,0.0,677,pause,NA,NA,NA,NA,0.0,0,-30.99,-5.74,[],0,0,[],[]
19340470,19341470,NA,FAF,0.0,677,pause,NA,NA,NA,NA,0.0,0,-46.31,-38.34,[],0,0,[],[]
19341470,19342690,NA,SIL,0.0,677,pause,NA,NA,NA,NA,0.0,0,-52.93,-43.42,[],0,0,[],[]
19342690,19345340,NA,NOF,0.0,677,pause,NA,NA,NA,NA,0.0,0,-28.22,-6.2,[],0,0,[],[]
19345340,19346140,NA,SIL,0.0,677,pause,NA,NA,NA,NA,0.0,0,-50.21,-41.34,[],0,0,[],[]
19346140,19348760,NA,NOF,0.0,677,pause,NA,NA,NA,NA,0.0,0,-45.47,-34.72,[],0,0,[],[]
19348760,19350410,NA,SIL,0.0,677,pause,NA,NA,NA,NA,0.0,0,-51.29,-42.39,[],0,0,[],[]
19350410,19351520,NA,NOF,0.0,677,pause,NA,NA,NA,NA,0.0,0,-48.48,-38.74,[],0,0,[],[]
19351520,19352400,NA,SIL,0.0,677,pause,NA,NA,NA,NA,0.0,0,-51.05,-42.17,[],0,0,[],[]
19352400,19353260,NA,NOF,0.0,677,pause,NA,NA,NA,NA,0.0,0,-18.07,-1.55,[],0,0,[],[]
19353260,19354390,NA,OLF,0.0,677,pause,NA,NA,NA,NA,0.0,0,-32.4,-20.4,[],0,0,[],[]
19354390,19355360,NA,CXF,0.0,677,pause,NA,NA,NA,NA,0.0,0,-47.46,-39.58,[],0,0,[],[]
19355360,19356290,NA,SIL,0.0,677,pause,NA,NA,NA,NA,0.0,0,-46.98,-38.23,[],0,0,[],[]
19356290,19357670,NA,OLF,0.0,677,pause,NA,NA,NA,NA,0.0,0,-42.44,-27.99,[],0,0,[],[]
19357670,19359540,NA,SIL,0.0,677,pause,NA,NA,NA,NA,0.0,0,-50.72,-40.03,[],0,0,[],[]
19359540,19360920,NA,FAF,0.0,677,pause,NA,NA,NA,NA,0.0,0,-43.98,-27.39,[],0,0,[],[]
19360920,19362650,NA,NOF,0.0,677,pause,NA,NA,NA,NA,0.0,0,-39.61,-20.22,[],0,0,[],[]
19362650,19363450,NA,FAF,0.0,677,pause,NA,NA,NA,NA,0.0,0,-47.98,-32.96,[],0,0,[],[]
19363450,19370330,NA,NOF,0.0,677,pause,NA,NA,NA,NA,0.0,0,-26.83,-1.67,[],0,0,[],[]
19370330,19371820,NA,SIL,0.0,677,pause,NA,NA,NA,NA,0.0,0,-50.53,-44.66,[],0,0,[],[]
19371820,19372640,NA,FAF,0.0,677,pause,NA,NA,NA,NA,0.0,0,-46.14,-35.98,[],0,0,[],[]
19372640,19373440,NA,SIL,0.0,677,pause,NA,NA,NA,NA,0.0,0,-49.17,-38.59,[],0,0,[],[]
19373440,19374920,NA,NOF,0.0,677,pause,NA,NA,NA,NA,0.0,0,-42.49,-24.31,[],0,0,[],[]
19374920,19375720,NA,CXF,0.0,677,pause,NA,NA,NA,NA,0.0,0,-46.38,-34.34,[],0,0,[],[]
19375720,19376590,NA,NOF,0.0,677,pause,NA,NA,NA,NA,0.0,0,-50.11,-41.4,[],0,0,[],[]
19376590,19377390,NA,SIL,0.0,677,pause,NA,NA,NA,NA,0.0,0,-50.07,-41.89,[],0,0,[],[]
19377390,19379360,NA,NON,0.0,677,pause,NA,NA,NA,NA,0.0,0,-32.37,-18.91,[],0,0,[],[]
19379360,19380360,NA,FAF,0.0,677,pause,NA,NA,NA,NA,0.0,0,-45.18,-37.68,[],0,0,[],[]
19380360,19382140,NA,NON,0.0,677,pause,NA,NA,NA,NA,0.0,0,-37.28,-30.45,[],0,0,[],[]
19382140,19383160,NA,FAF,0.0,677,pause,NA,NA,NA,NA,0.0,0,-40.05,-31.54,[],0,0,[],[]
19383160,19387700,NA,NOF,0.0,677,pause,NA,NA,NA,NA,0.0,0,-28.8,-7.2,[],0,0,[],[]
19387700,19388830,NA,FAF,0.0,677,pause,NA,NA,NA,NA,0.0,0,-33.55,-26.26,[],0,0,[],[]
19388830,19389630,NA,NOF,0.0,677,pause,NA,NA,NA,NA,0.0,0,-23.43,-7.38,[],0,0,[],[]
19389630,19390650,NA,FAF,0.0,677,pause,NA,NA,NA,NA,0.0,0,-38.59,-32.06,[],0,0,[],[]
19390650,19391930,NA,NOF,0.0,677,pause,NA,NA,NA,NA,0.0,0,-47.54,-39.12,[],0,0,[],[]
19391930,19395690,FEM,FAN,3.84,677,AIOCF,BC,0,NT,FI,0.0,0,-37.8,-28.89,[],0,0,[],[]
19395690,19396490,NA,OLN,0.0,677,AIOCF,NA,NA,NA,NA,0.0,0,-33.41,-21.98,[],0,0,[],[]
19396490,19398040,OCH,CXN,0.0,677,AIOCF,EC,0,NT,FI,0.0,0,-32.87,-26.74,[],0,0,[],[]
19398040,19398840,NA,NOF,0.0,678,pause,NA,NA,NA,NA,0.0,0,-47.46,-37.63,[],0,0,[],[]
19398840,19401580,NA,SIL,0.0,678,pause,NA,NA,NA,NA,0.0,0,-53.63,-44.44,[],0,0,[],[]
19401580,19403310,NA,NOF,0.0,678,pause,NA,NA,NA,NA,0.0,0,-43.25,-23.34,[],0,0,[],[]
19403310,19404120,NA,SIL,0.0,678,pause,NA,NA,NA,NA,0.0,0,-54.15,-50.46,[],0,0,[],[]
19404120,19404920,NA,NOF,0.0,678,pause,NA,NA,NA,NA,0.0,0,-46.68,-36.14,[],0,0,[],[]
19404920,19409180,NA,SIL,0.0,678,pause,NA,NA,NA,NA,0.0,0,-49.78,-38.7,[],0,0,[],[]
19409180,19410430,NA,NOF,0.0,678,pause,NA,NA,NA,NA,0.0,0,-27.56,-7.74,[],0,0,[],[]
19410430,19411370,NA,SIL,0.0,678,pause,NA,NA,NA,NA,0.0,0,-50.09,-39.23,[],0,0,[],[]
19411370,19412910,NA,NOF,0.0,678,pause,NA,NA,NA,NA,0.0,0,-27.8,-7.05,[],0,0,[],[]
19412910,19416880,NA,SIL,0.0,678,pause,NA,NA,NA,NA,0.0,0,-50.42,-35.39,[],0,0,[],[]
19416880,19418040,NA,CXF,0.0,678,pause,NA,NA,NA,NA,0.0,0,-47.58,-41.28,[],0,0,[],[]
19418040,19420410,NA,SIL,0.0,678,pause,NA,NA,NA,NA,0.0,0,-36.0,-16.21,[],0,0,[],[]
19420410,19423600,NA,NOF,0.0,678,pause,NA,NA,NA,NA,0.0,0,-35.25,-15.12,[],0,0,[],[]
19423600,19427270,CHI,CHN,0.0,678,pause,NA,NA,NA,NA,0.0,0,-35.35,-20.24,[],0,2840,[],"[{'start': 19424.32, 'end': 19427.16}]"
19427270,19428120,NA,NOF,0.0,678,pause,NA,NA,NA,NA,0.0,0,-37.85,-22.22,[],0,0,[],[]
19428120,19433660,CHI,CHN,0.0,678,pause,NA,NA,NA,NA,0.0,0,-33.99,-18.48,[],0,5000,[],"[{'start': 19428.12, 'end': 19433.12}]"
19433660,19435920,NA,SIL,0.0,678,pause,NA,NA,NA,NA,0.0,0,-53.5,-44.63,[],0,0,[],[]
19435920,19437050,NA,FAF,0.0,678,pause,NA,NA,NA,NA,0.0,0,-46.88,-31.77,[],0,0,[],[]
19437050,19437890,NA,SIL,0.0,678,pause,NA,NA,NA,NA,0.0,0,-54.06,-46.5,[],0,0,[],[]
19437890,19438690,NA,NOF,0.0,678,pause,NA,NA,NA,NA,0.0,0,-32.43,-15.88,[],0,0,[],[]
19438690,19439490,NA,SIL,0.0,678,pause,NA,NA,NA,NA,0.0,0,-42.08,-27.84,[],0,0,[],[]
19439490,19440920,NA,FAF,0.0,678,pause,NA,NA,NA,NA,0.0,0,-41.79,-27.37,[],0,0,[],[]
19440920,19441720,NA,CXF,0.0,678,pause,NA,NA,NA,NA,0.0,0,-43.49,-32.54,[],0,0,[],[]
19441720,19442550,OCH,CXN,0.0,678,XM,EC,0,NT,FI,0.0,0,-39.27,-27.76,[],0,0,[],[]
19442550,19443790,NA,NOF,0.0,679,pause,NA,NA,NA,NA,0.0,0,-46.03,-36.01,[],0,0,[],[]
19443790,19444390,NA,OLN,0.0,679,pause,NA,NA,NA,NA,0.0,0,-31.89,-22.55,[],0,0,[],[]
19444390,19445480,NA,NOF,0.0,679,pause,NA,NA,NA,NA,0.0,0,-45.3,-38.6,[],0,0,[],[]
19445480,19446280,NA,OLF,0.0,679,pause,NA,NA,NA,NA,0.0,0,-29.87,-17.18,[],0,0,[],[]
19446280,19450720,NA,NOF,0.0,679,pause,NA,NA,NA,NA,0.0,0,-37.2,-22.52,[],0,0,[],[]
19450720,19451520,NA,SIL,0.0,679,pause,NA,NA,NA,NA,0.0,0,-53.42,-45.39,[],0,0,[],[]
19451520,19452450,NA,TVF,0.0,679,pause,NA,NA,NA,NA,0.0,0,-52.73,-47.03,[],0,0,[],[]
19452450,19453310,NA,SIL,0.0,679,pause,NA,NA,NA,NA,0.0,0,-54.38,-47.2,[],0,0,[],[]
19453310,19454340,NA,NOF,0.0,679,pause,NA,NA,NA,NA,0.0,0,-50.8,-42.8,[],0,0,[],[]
19454340,19455700,NA,SIL,0.0,679,pause,NA,NA,NA,NA,0.0,0,-51.77,-44.25,[],0,0,[],[]
19455700,19460220,NA,NON,0.0,679,pause,NA,NA,NA,NA,0.0,0,-33.47,-16.44,[],0,0,[],[]
19460220,19464260,OCH,CXN,0.0,679,XM,BC,0,NT,FI,0.0,0,-35.35,-28.21,[],0,0,[],[]
19464260,19466450,NA,NOF,0.0,679,XM,NA,NA,NA,NA,0.0,0,-29.86,-8.42,[],0,0,[],[]
19466450,19467310,OCH,CXN,0.0,679,XM,RC,0,NT,FH,0.0,0,-39.57,-30.36,[],0,0,[],[]
19467310,19468410,NA,CXF,0.0,679,XM,NA,NA,NA,NA,0.0,0,-46.17,-35.91,[],0,0,[],[]
19468410,19470420,NA,NOF,0.0,679,XM,NA,NA,NA,NA,0.0,0,-43.39,-33.53,[],0,0,[],[]
19470420,19471470,OCH,CXN,0.0,679,XM,EC,0,NT,FH,0.0,0,-37.96,-21.53,[],0,0,[],[]
19471470,19472660,NA,CXF,0.0,680,pause,NA,NA,NA,NA,0.0,0,-46.09,-33.67,[],0,0,[],[]
19472660,19473550,NA,SIL,0.0,680,pause,NA,NA,NA,NA,0.0,0,-53.3,-48.13,[],0,0,[],[]
19473550,19475730,NA,NOF,0.0,680,pause,NA,NA,NA,NA,0.0,0,-26.36,-6.66,[],0,0,[],[]
19475730,19476550,NA,OLF,0.0,680,pause,NA,NA,NA,NA,0.0,0,-44.39,-36.15,[],0,0,[],[]
19476550,19479650,NA,NOF,0.0,680,pause,NA,NA,NA,NA,0.0,0,-43.95,-31.87,[],0,0,[],[]
19479650,19480450,CHI,CHN,0.0,680,pause,NA,NA,NA,NA,0.0,0,-34.15,-24.99,[],0,800,"[{'start': 19479.65, 'end': 19480.45}]",[]
19480450,19481330,NA,NOF,0.0,680,pause,NA,NA,NA,NA,0.0,0,-36.51,-25.95,[],0,0,[],[]
19481330,19482810,NA,TVF,0.0,680,pause,NA,NA,NA,NA,0.0,0,-42.93,-30.34,[],0,0,[],[]
19482810,19484250,NA,OLF,0.0,680,pause,NA,NA,NA,NA,0.0,0,-38.4,-22.24,[],0,0,[],[]
19484250,19485070,NA,NON,0.0,680,pause,NA,NA,NA,NA,0.0,0,-22.94,-5.44,[],0,0,[],[]
19485070,19485880,NA,OLF,0.0,680,pause,NA,NA,NA,NA,0.0,0,-23.67,-6.53,[],0,0,[],[]
19485880,19486880,NA,MAF,0.0,680,pause,NA,NA,NA,NA,0.0,0,-30.38,-14.06,[],0,0,[],[]
19486880,19492000,NA,OLF,0.0,680,pause,NA,NA,NA,NA,0.0,0,-27.79,-6.34,[],0,0,[],[]
19492000,19492920,NA,NOF,0.0,680,pause,NA,NA,NA,NA,0.0,0,-40.82,-34.35,[],0,0,[],[]
19492920,19495830,NA,OLF,0.0,680,pause,NA,NA,NA,NA,0.0,0,-41.79,-32.78,[],0,0,[],[]
19495830,19497780,NA,FAF,0.0,680,pause,NA,NA,NA,NA,0.0,0,-42.41,-34.14,[],0,0,[],[]
19497780,19498580,NA,OLF,0.0,680,pause,NA,NA,NA,NA,0.0,0,-33.83,-18.65,[],0,0,[],[]
19498580,19499380,NA,NOF,0.0,680,pause,NA,NA,NA,NA,0.0,0,-36.51,-27.97,[],0,0,[],[]
19499380,19500440,NA,TVF,0.0,680,pause,NA,NA,NA,NA,0.0,0,-41.78,-31.13,[],0,0,[],[]
19500440,19501840,FEM,FAN,7.34,680,AMF,EC,0,NT,FI,0.0,0,-28.56,-20.23,[],0,0,[],[]
19501840,19502640,NA,TVF,0.0,681,pause,NA,NA,NA,NA,0.0,0,-41.11,-36.1,[],0,0,[],[]
19502640,19505720,NA,OLF,0.0,681,pause,NA,NA,NA,NA,0.0,0,-31.44,-10.44,[],0,0,[],[]
19505720,19506520,NA,NOF,0.0,681,pause,NA,NA,NA,NA,0.0,0,-37.85,-25.4,[],0,0,[],[]
19506520,19509270,NA,OLF,0.0,681,pause,NA,NA,NA,NA,0.0,0,-35.81,-24.73,[],0,0,[],[]
19509270,19510080,NA,NOF,0.0,681,pause,NA,NA,NA,NA,0.0,0,-35.58,-20.6,[],0,0,[],[]
19510080,19512060,NA,OLN,0.0,681,pause,NA,NA,NA,NA,0.0,0,-27.7,-10.86,[],0,0,[],[]
19512060,19514770,NA,OLF,0.0,681,pause,NA,NA,NA,NA,0.0,0,-39.38,-27.69,[],0,0,[],[]
19514770,19516850,NA,SIL,0.0,681,pause,NA,NA,NA,NA,0.0,0,-43.94,-34.64,[],0,0,[],[]
19516850,19517850,NA,TVF,0.0,681,pause,NA,NA,NA,NA,0.0,0,-42.0,-35.96,[],0,0,[],[]
19517850,19518680,NA,OLF,0.0,681,pause,NA,NA,NA,NA,0.0,0,-32.39,-22.21,[],0,0,[],[]
19518680,19519480,NA,CXF,0.0,681,pause,NA,NA,NA,NA,0.0,0,-39.8,-33.22,[],0,0,[],[]
19519480,19520950,NA,OLN,0.0,681,pause,NA,NA,NA,NA,0.0,0,-37.56,-24.55,[],0,0,[],[]
19520950,19521750,NA,CXF,0.0,681,pause,NA,NA,NA,NA,0.0,0,-41.03,-36.69,[],0,0,[],[]
19521750,19523340,NA,OLF,0.0,681,pause,NA,NA,NA,NA,0.0,0,-37.43,-23.46,[],0,0,[],[]
19523340,19524140,NA,TVF,0.0,681,pause,NA,NA,NA,NA,0.0,0,-39.68,-34.45,[],0,0,[],[]
19524140,19525250,NA,FAF,0.0,681,pause,NA,NA,NA,NA,0.0,0,-41.73,-30.39,[],0,0,[],[]
19525250,19527370,NA,OLN,0.0,681,pause,NA,NA,NA,NA,0.0,0,-30.4,-12.95,[],0,0,[],[]
19527370,19528170,NA,SIL,0.0,681,pause,NA,NA,NA,NA,0.0,0,-42.36,-31.54,[],0,0,[],[]
19528170,19530640,NA,OLF,0.0,681,pause,NA,NA,NA,NA,0.0,0,-34.09,-24.84,[],0,0,[],[]
19530640,19532010,NA,OLN,0.0,681,pause,NA,NA,NA,NA,0.0,0,-36.06,-27.95,[],0,0,[],[]
19532010,19533890,NA,CXF,0.0,681,pause,NA,NA,NA,NA,0.0,0,-40.39,-31.05,[],0,0,[],[]
19533890,19536690,NA,OLF,0.0,681,pause,NA,NA,NA,NA,0.0,0,-34.93,-21.49,[],0,0,[],[]
19536690,19540490,NA,CXF,0.0,681,pause,NA,NA,NA,NA,0.0,0,-40.51,-33.94,[],0,0,[],[]
19540490,19546550,NA,OLF,0.0,681,pause,NA,NA,NA,NA,0.0,0,-31.78,-10.11,[],0,0,[],[]
19546550,19547360,NA,SIL,0.0,681,pause,NA,NA,NA,NA,0.0,0,-49.04,-44.59,[],0,0,[],[]
19547360,19548570,NA,TVF,0.0,681,pause,NA,NA,NA,NA,0.0,0,-42.92,-34.39,[],0,0,[],[]
19548570,19549460,NA,OLF,0.0,681,pause,NA,NA,NA,NA,0.0,0,-39.11,-30.08,[],0,0,[],[]
19549460,19552770,NA,TVN,0.0,681,pause,NA,NA,NA,NA,0.0,0,-33.96,-22.49,[],0,0,[],[]
19552770,19553680,NA,SIL,0.0,681,pause,NA,NA,NA,NA,0.0,0,-48.68,-40.05,[],0,0,[],[]
19553680,19554480,NA,TVN,0.0,681,pause,NA,NA,NA,NA,0.0,0,-45.13,-37.47,[],0,0,[],[]
19554480,19555450,NA,SIL,0.0,681,pause,NA,NA,NA,NA,0.0,0,-49.03,-44.36,[],0,0,[],[]
19555450,19557660,NA,TVF,0.0,681,pause,NA,NA,NA,NA,0.0,0,-39.89,-27.45,[],0,0,[],[]
19557660,19558530,NA,TVF,0.0,681,pause,NA,NA,NA,NA,0.0,0,-48.52,-45.54,[],0,0,[],[]
19558530,19560640,NA,OLF,0.0,681,pause,NA,NA,NA,NA,0.0,0,-37.62,-22.93,[],0,0,[],[]
19560640,19561640,MAL,MAN,5.91,681,AMM,EC,0,NT,FI,0.0,0,-20.35,-12.35,[],0,0,[],[]
19561640,19562570,NA,TVF,0.0,682,pause,NA,NA,NA,NA,0.0,0,-42.55,-27.48,[],0,0,[],[]
19562570,19564230,NA,TVN,0.0,682,pause,NA,NA,NA,NA,0.0,0,-34.23,-26.31,[],0,0,[],[]
19564230,19575050,NA,TVN,0.0,682,pause,NA,NA,NA,NA,0.0,0,-27.76,-9.78,[],0,0,[],[]
19575050,19576270,NA,TVN,0.0,682,pause,NA,NA,NA,NA,0.0,0,-29.44,-16.6,[],0,0,[],[]
19576270,19577760,NA,OLN,0.0,682,pause,NA,NA,NA,NA,0.0,0,-34.83,-27.01,[],0,0,[],[]
19577760,19578800,MAL,MAN,3.12,682,AMM,EC,0,NT,FI,0.0,0,-26.1,-11.73,[],0,0,[],[]
19578800,19585860,NA,TVN,0.0,683,pause,NA,NA,NA,NA,0.0,0,-24.13,-6.36,[],0,0,[],[]
19585860,19587630,MAL,MAN,5.07,683,AIOCM,BC,0,NT,FI,0.0,0,-33.92,-26.11,[],0,0,[],[]
19587630,19588670,NA,TVF,0.0,683,AIOCM,NA,NA,NA,NA,0.0,0,-29.28,-14.22,[],0,0,[],[]
19588670,19589620,NA,OLF,0.0,683,AIOCM,NA,NA,NA,NA,0.0,0,-35.45,-26.85,[],0,0,[],[]
19589620,19590900,NA,TVN,0.0,683,AIOCM,NA,NA,NA,NA,0.0,0,-37.28,-27.96,[],0,0,[],[]
19590900,19591810,NA,TVN,0.0,683,AIOCM,NA,NA,NA,NA,0.0,0,-28.33,-14.64,[],0,0,[],[]
19591810,19592770,OCH,CXN,0.0,683,AIOCM,EC,0,NT,FI,0.0,0,-25.9,-16.64,[],0,0,[],[]
19592770,19599350,NA,TVF,0.0,684,pause,NA,NA,NA,NA,0.0,0,-29.78,-11.33,[],0,0,[],[]
19599350,19601730,NA,TVN,0.0,684,pause,NA,NA,NA,NA,0.0,0,-37.29,-31.64,[],0,0,[],[]
19601730,19606790,NA,TVN,0.0,684,pause,NA,NA,NA,NA,0.0,0,-30.59,-20.94,[],0,0,[],[]
19606790,19607660,NA,TVN,0.0,684,pause,NA,NA,NA,NA,0.0,0,-28.22,-23.33,[],0,0,[],[]
19607660,19616130,NA,TVN,0.0,684,pause,NA,NA,NA,NA,0.0,0,-27.9,-8.93,[],0,0,[],[]
19616130,19617130,NA,TVN,0.0,684,pause,NA,NA,NA,NA,0.0,0,-30.78,-15.13,[],0,0,[],[]
19617130,19618870,NA,TVN,0.0,684,pause,NA,NA,NA,NA,0.0,0,-24.51,-7.8,[],0,0,[],[]
19618870,19620250,NA,TVN,0.0,684,pause,NA,NA,NA,NA,0.0,0,-24.06,-7.33,[],0,0,[],[]
19620250,19626770,NA,TVN,0.0,684,pause,NA,NA,NA,NA,0.0,0,-21.96,-6.43,[],0,0,[],[]
19626770,19628360,NA,TVN,0.0,684,pause,NA,NA,NA,NA,0.0,0,-22.15,-6.99,[],0,0,[],[]
19628360,19630010,NA,TVN,0.0,684,pause,NA,NA,NA,NA,0.0,0,-34.32,-28.72,[],0,0,[],[]
19630010,19630820,NA,TVN,0.0,684,pause,NA,NA,NA,NA,0.0,0,-30.87,-24.54,[],0,0,[],[]
19630820,19644440,NA,TVN,0.0,684,pause,NA,NA,NA,NA,0.0,0,-28.53,-5.39,[],0,0,[],[]
19644440,19645780,NA,TVN,0.0,684,pause,NA,NA,NA,NA,0.0,0,-31.37,-25.08,[],0,0,[],[]
19645780,19649040,NA,TVN,0.0,684,pause,NA,NA,NA,NA,0.0,0,-32.06,-25.9,[],0,0,[],[]
19649040,19650260,NA,TVN,0.0,684,pause,NA,NA,NA,NA,0.0,0,-31.16,-25.32,[],0,0,[],[]
19650260,19652630,NA,TVN,0.0,684,pause,NA,NA,NA,NA,0.0,0,-34.26,-23.21,[],0,0,[],[]
19652630,19654130,NA,TVN,0.0,684,pause,NA,NA,NA,NA,0.0,0,-31.76,-26.08,[],0,0,[],[]
19654130,19665620,NA,TVN,0.0,684,pause,NA,NA,NA,NA,0.0,0,-27.49,-9.56,[],0,0,[],[]
19665620,19666420,NA,NON,0.0,684,pause,NA,NA,NA,NA,0.0,0,-35.72,-29.75,[],0,0,[],[]
19666420,19676030,NA,TVN,0.0,684,pause,NA,NA,NA,NA,0.0,0,-31.5,-11.18,[],0,0,[],[]
19676030,19676830,NA,TVN,0.0,684,pause,NA,NA,NA,NA,0.0,0,-36.31,-28.47,[],0,0,[],[]
19676830,19694590,NA,TVN,0.0,684,pause,NA,NA,NA,NA,0.0,0,-33.86,-23.35,[],0,0,[],[]
19694590,19696380,NA,OLF,0.0,684,pause,NA,NA,NA,NA,0.0,0,-35.53,-21.0,[],0,0,[],[]
19696380,19698520,NA,NOF,0.0,684,pause,NA,NA,NA,NA,0.0,0,-37.18,-24.52,[],0,0,[],[]
19698520,19699520,NA,TVN,0.0,684,pause,NA,NA,NA,NA,0.0,0,-35.31,-25.33,[],0,0,[],[]
19699520,19701020,NA,TVF,0.0,684,pause,NA,NA,NA,NA,0.0,0,-33.78,-22.54,[],0,0,[],[]
19701020,19702610,NA,TVN,0.0,684,pause,NA,NA,NA,NA,0.0,0,-36.66,-26.42,[],0,0,[],[]
19702610,19704330,NA,TVN,0.0,684,pause,NA,NA,NA,NA,0.0,0,-33.11,-22.48,[],0,0,[],[]
19704330,19705340,NA,TVN,0.0,684,pause,NA,NA,NA,NA,0.0,0,-29.75,-14.02,[],0,0,[],[]
19705340,19706480,NA,TVN,0.0,684,pause,NA,NA,NA,NA,0.0,0,-26.92,-13.63,[],0,0,[],[]
19706480,19708130,NA,TVN,0.0,684,pause,NA,NA,NA,NA,0.0,0,-27.39,-11.45,[],0,0,[],[]
19708130,19709600,NA,TVN,0.0,684,pause,NA,NA,NA,NA,0.0,0,-28.46,-13.1,[],0,0,[],[]
19709600,19710440,NA,TVN,0.0,684,pause,NA,NA,NA,NA,0.0,0,-33.27,-29.24,[],0,0,[],[]
19710440,19712070,NA,TVN,0.0,684,pause,NA,NA,NA,NA,0.0,0,-31.74,-19.07,[],0,0,[],[]
19712070,19713180,NA,TVN,0.0,684,pause,NA,NA,NA,NA,0.0,0,-31.33,-15.66,[],0,0,[],[]
19713180,19714920,NA,TVN,0.0,684,pause,NA,NA,NA,NA,0.0,0,-29.41,-15.64,[],0,0,[],[]
19714920,19715920,NA,TVN,0.0,684,pause,NA,NA,NA,NA,0.0,0,-34.97,-24.11,[],0,0,[],[]
19715920,19719330,NA,TVN,0.0,684,pause,NA,NA,NA,NA,0.0,0,-25.22,-9.77,[],0,0,[],[]
19719330,19720460,NA,TVN,0.0,684,pause,NA,NA,NA,NA,0.0,0,-32.17,-26.15,[],0,0,[],[]
19720460,19722250,NA,TVN,0.0,684,pause,NA,NA,NA,NA,0.0,0,-31.06,-25.68,[],0,0,[],[]
19722250,19723080,NA,TVN,0.0,684,pause,NA,NA,NA,NA,0.0,0,-28.34,-24.36,[],0,0,[],[]
19723080,19723880,NA,TVN,0.0,684,pause,NA,NA,NA,NA,0.0,0,-29.49,-25.23,[],0,0,[],[]
19723880,19724690,NA,TVN,0.0,684,pause,NA,NA,NA,NA,0.0,0,-33.88,-26.59,[],0,0,[],[]
19724690,19725490,NA,TVN,0.0,684,pause,NA,NA,NA,NA,0.0,0,-32.48,-25.76,[],0,0,[],[]
19725490,19726640,NA,TVN,0.0,684,pause,NA,NA,NA,NA,0.0,0,-40.45,-30.64,[],0,0,[],[]
19726640,19727440,NA,TVN,0.0,684,pause,NA,NA,NA,NA,0.0,0,-30.93,-22.34,[],0,0,[],[]
19727440,19729330,NA,TVN,0.0,684,pause,NA,NA,NA,NA,0.0,0,-31.0,-24.84,[],0,0,[],[]
19729330,19731650,NA,TVN,0.0,684,pause,NA,NA,NA,NA,0.0,0,-27.65,-18.66,[],0,0,[],[]
19731650,19733280,NA,TVN,0.0,684,pause,NA,NA,NA,NA,0.0,0,-34.66,-28.47,[],0,0,[],[]
19733280,19734280,NA,TVN,0.0,684,pause,NA,NA,NA,NA,0.0,0,-27.75,-19.77,[],0,0,[],[]
19734280,19736430,NA,TVN,0.0,684,pause,NA,NA,NA,NA,0.0,0,-24.26,-5.42,[],0,0,[],[]
19736430,19737230,NA,TVN,0.0,684,pause,NA,NA,NA,NA,0.0,0,-38.11,-29.86,[],0,0,[],[]
19737230,19738030,NA,TVN,0.0,684,pause,NA,NA,NA,NA,0.0,0,-36.87,-27.36,[],0,0,[],[]
19738030,19739750,NA,TVN,0.0,684,pause,NA,NA,NA,NA,0.0,0,-31.79,-23.51,[],0,0,[],[]
19739750,19740770,NA,TVN,0.0,684,pause,NA,NA,NA,NA,0.0,0,-31.43,-26.25,[],0,0,[],[]
19740770,19741930,NA,TVN,0.0,684,pause,NA,NA,NA,NA,0.0,0,-30.96,-21.97,[],0,0,[],[]
19741930,19742730,NA,TVN,0.0,684,pause,NA,NA,NA,NA,0.0,0,-26.74,-21.31,[],0,0,[],[]
19742730,19744380,NA,TVN,0.0,684,pause,NA,NA,NA,NA,0.0,0,-25.65,-17.89,[],0,0,[],[]
19744380,19745570,NA,TVN,0.0,684,pause,NA,NA,NA,NA,0.0,0,-27.5,-19.12,[],0,0,[],[]
19745570,19747360,NA,TVN,0.0,684,pause,NA,NA,NA,NA,0.0,0,-31.58,-19.44,[],0,0,[],[]
19747360,19748160,NA,TVN,0.0,684,pause,NA,NA,NA,NA,0.0,0,-34.26,-25.3,[],0,0,[],[]
19748160,19749180,NA,TVN,0.0,684,pause,NA,NA,NA,NA,0.0,0,-29.72,-20.51,[],0,0,[],[]
19749180,19750180,NA,TVN,0.0,684,pause,NA,NA,NA,NA,0.0,0,-33.96,-27.67,[],0,0,[],[]
19750180,19752310,NA,TVN,0.0,684,pause,NA,NA,NA,NA,0.0,0,-31.91,-24.43,[],0,0,[],[]
19752310,19753320,NA,TVN,0.0,684,pause,NA,NA,NA,NA,0.0,0,-25.99,-20.61,[],0,0,[],[]
19753320,19754160,NA,TVN,0.0,684,pause,NA,NA,NA,NA,0.0,0,-32.31,-24.76,[],0,0,[],[]
19754160,19755310,NA,TVN,0.0,684,pause,NA,NA,NA,NA,0.0,0,-32.42,-21.05,[],0,0,[],[]
19755310,19756510,NA,TVN,0.0,684,pause,NA,NA,NA,NA,0.0,0,-29.34,-22.49,[],0,0,[],[]
19756510,19757610,NA,TVN,0.0,684,pause,NA,NA,NA,NA,0.0,0,-26.92,-18.92,[],0,0,[],[]
19757610,19758590,NA,TVN,0.0,684,pause,NA,NA,NA,NA,0.0,0,-28.26,-21.04,[],0,0,[],[]
19758590,19759590,NA,TVN,0.0,684,pause,NA,NA,NA,NA,0.0,0,-40.94,-32.01,[],0,0,[],[]
19759590,19761670,NA,TVN,0.0,684,pause,NA,NA,NA,NA,0.0,0,-32.3,-24.82,[],0,0,[],[]
19761670,19762910,NA,TVN,0.0,684,pause,NA,NA,NA,NA,0.0,0,-28.48,-21.36,[],0,0,[],[]
19762910,19763740,NA,TVN,0.0,684,pause,NA,NA,NA,NA,0.0,0,-27.55,-20.96,[],0,0,[],[]
19763740,19765230,NA,TVN,0.0,684,pause,NA,NA,NA,NA,0.0,0,-33.95,-27.63,[],0,0,[],[]
19765230,19766050,NA,TVN,0.0,684,pause,NA,NA,NA,NA,0.0,0,-33.45,-26.99,[],0,0,[],[]
19766050,19766850,NA,TVN,0.0,684,pause,NA,NA,NA,NA,0.0,0,-24.2,-18.99,[],0,0,[],[]
19766850,19768930,NA,TVN,0.0,684,pause,NA,NA,NA,NA,0.0,0,-30.48,-14.87,[],0,0,[],[]
19768930,19770510,NA,TVN,0.0,684,pause,NA,NA,NA,NA,0.0,0,-39.7,-32.67,[],0,0,[],[]
19770510,19774390,NA,TVN,0.0,684,pause,NA,NA,NA,NA,0.0,0,-32.27,-20.29,[],0,0,[],[]
19774390,19775720,NA,TVN,0.0,684,pause,NA,NA,NA,NA,0.0,0,-30.39,-24.25,[],0,0,[],[]
19775720,19781820,NA,TVN,0.0,684,pause,NA,NA,NA,NA,0.0,0,-33.64,-24.93,[],0,0,[],[]
19781820,19782830,NA,TVN,0.0,684,pause,NA,NA,NA,NA,0.0,0,-34.35,-28.24,[],0,0,[],[]
19782830,19785640,NA,TVN,0.0,684,pause,NA,NA,NA,NA,0.0,0,-32.3,-18.22,[],0,0,[],[]
19785640,19786640,NA,TVN,0.0,684,pause,NA,NA,NA,NA,0.0,0,-30.82,-25.13,[],0,0,[],[]
19786640,19790790,NA,TVN,0.0,684,pause,NA,NA,NA,NA,0.0,0,-26.61,-7.54,[],0,0,[],[]
19790790,19791840,NA,TVN,0.0,684,pause,NA,NA,NA,NA,0.0,0,-35.55,-27.72,[],0,0,[],[]
19791840,19795100,NA,TVN,0.0,684,pause,NA,NA,NA,NA,0.0,0,-29.02,-18.97,[],0,0,[],[]
19795100,19796120,NA,TVN,0.0,684,pause,NA,NA,NA,NA,0.0,0,-35.55,-28.76,[],0,0,[],[]
19796120,19802280,NA,TVN,0.0,684,pause,NA,NA,NA,NA,0.0,0,-31.92,-23.06,[],0,0,[],[]
19802280,19803280,NA,TVN,0.0,684,pause,NA,NA,NA,NA,0.0,0,-39.04,-28.77,[],0,0,[],[]
19803280,19804100,NA,TVN,0.0,684,pause,NA,NA,NA,NA,0.0,0,-33.74,-28.16,[],0,0,[],[]
19804100,19805590,NA,TVN,0.0,684,pause,NA,NA,NA,NA,0.0,0,-33.77,-22.29,[],0,0,[],[]
19805590,19807140,NA,TVN,0.0,684,pause,NA,NA,NA,NA,0.0,0,-33.46,-27.41,[],0,0,[],[]
19807140,19807740,NA,TVN,0.0,684,pause,NA,NA,NA,NA,0.0,0,-36.35,-26.94,[],0,0,[],[]
19807740,19808920,NA,TVN,0.0,684,pause,NA,NA,NA,NA,0.0,0,-32.16,-23.4,[],0,0,[],[]
19808920,19809930,NA,TVN,0.0,684,pause,NA,NA,NA,NA,0.0,0,-33.57,-26.46,[],0,0,[],[]
19809930,19811210,NA,TVN,0.0,684,pause,NA,NA,NA,NA,0.0,0,-30.96,-24.05,[],0,0,[],[]
19811210,19812210,NA,TVN,0.0,684,pause,NA,NA,NA,NA,0.0,0,-39.81,-30.6,[],0,0,[],[]
19812210,19813170,NA,TVN,0.0,684,pause,NA,NA,NA,NA,0.0,0,-33.7,-26.33,[],0,0,[],[]
19813170,19814670,NA,TVN,0.0,684,pause,NA,NA,NA,NA,0.0,0,-31.78,-21.79,[],0,0,[],[]
19814670,19826070,NA,TVN,0.0,684,pause,NA,NA,NA,NA,0.0,0,-30.11,-7.77,[],0,0,[],[]
19826070,19827260,NA,TVN,0.0,684,pause,NA,NA,NA,NA,0.0,0,-34.55,-29.76,[],0,0,[],[]
19827260,19833350,NA,TVN,0.0,684,pause,NA,NA,NA,NA,0.0,0,-31.15,-23.36,[],0,0,[],[]
19833350,19834510,NA,TVN,0.0,684,pause,NA,NA,NA,NA,0.0,0,-37.68,-31.69,[],0,0,[],[]
19834510,19836010,NA,TVN,0.0,684,pause,NA,NA,NA,NA,0.0,0,-31.04,-23.77,[],0,0,[],[]
19836010,19837210,NA,TVN,0.0,684,pause,NA,NA,NA,NA,0.0,0,-34.91,-28.59,[],0,0,[],[]
19837210,19849090,NA,TVN,0.0,684,pause,NA,NA,NA,NA,0.0,0,-32.56,-24.06,[],0,0,[],[]
19849090,19849930,NA,TVN,0.0,684,pause,NA,NA,NA,NA,0.0,0,-29.88,-18.59,[],0,0,[],[]
19849930,19855650,NA,TVN,0.0,684,pause,NA,NA,NA,NA,0.0,0,-32.91,-24.28,[],0,0,[],[]
19855650,19857540,NA,SIL,0.0,684,pause,NA,NA,NA,NA,0.0,0,-49.01,-40.31,[],0,0,[],[]
19857540,19859130,NA,NOF,0.0,684,pause,NA,NA,NA,NA,0.0,0,-21.71,-4.96,[],0,0,[],[]
19859130,19863390,NA,TVN,0.0,684,pause,NA,NA,NA,NA,0.0,0,-35.65,-22.04,[],0,0,[],[]
19863390,19864710,NA,TVN,0.0,684,pause,NA,NA,NA,NA,0.0,0,-29.8,-23.19,[],0,0,[],[]
19864710,19866790,NA,TVN,0.0,684,pause,NA,NA,NA,NA,0.0,0,-36.63,-25.21,[],0,0,[],[]
19866790,19867800,NA,TVN,0.0,684,pause,NA,NA,NA,NA,0.0,0,-30.57,-25.12,[],0,0,[],[]
19867800,19868800,NA,TVN,0.0,684,pause,NA,NA,NA,NA,0.0,0,-33.32,-27.74,[],0,0,[],[]
19868800,19871370,NA,TVN,0.0,684,pause,NA,NA,NA,NA,0.0,0,-29.55,-21.66,[],0,0,[],[]
19871370,19872230,NA,TVN,0.0,684,pause,NA,NA,NA,NA,0.0,0,-29.58,-24.75,[],0,0,[],[]
19872230,19875050,NA,TVN,0.0,684,pause,NA,NA,NA,NA,0.0,0,-30.7,-24.95,[],0,0,[],[]
19875050,19875910,NA,TVN,0.0,684,pause,NA,NA,NA,NA,0.0,0,-30.32,-24.99,[],0,0,[],[]
19875910,19877150,NA,TVN,0.0,684,pause,NA,NA,NA,NA,0.0,0,-29.22,-23.34,[],0,0,[],[]
19877150,19878760,NA,TVN,0.0,684,pause,NA,NA,NA,NA,0.0,0,-28.92,-23.11,[],0,0,[],[]
19878760,19879760,FEM,FAN,4.4,684,AMF,EC,0,NT,FI,0.0,0,-34.19,-26.68,[],0,0,[],[]
19879760,19880560,NA,SIL,0.0,685,pause,NA,NA,NA,NA,0.0,0,-45.87,-34.44,[],0,0,[],[]
19880560,19881360,NA,TVN,0.0,685,pause,NA,NA,NA,NA,0.0,0,-32.94,-24.96,[],0,0,[],[]
19881360,19882360,NA,TVN,0.0,685,pause,NA,NA,NA,NA,0.0,0,-32.11,-26.13,[],0,0,[],[]
19882360,19883510,NA,TVN,0.0,685,pause,NA,NA,NA,NA,0.0,0,-30.96,-23.88,[],0,0,[],[]
19883510,19884590,NA,TVN,0.0,685,pause,NA,NA,NA,NA,0.0,0,-27.73,-23.34,[],0,0,[],[]
19884590,19887200,NA,TVN,0.0,685,pause,NA,NA,NA,NA,0.0,0,-35.73,-25.32,[],0,0,[],[]
19887200,19888000,NA,TVN,0.0,685,pause,NA,NA,NA,NA,0.0,0,-33.16,-25.55,[],0,0,[],[]
19888000,19889390,NA,TVN,0.0,685,pause,NA,NA,NA,NA,0.0,0,-30.64,-21.98,[],0,0,[],[]
19889390,19890580,NA,TVN,0.0,685,pause,NA,NA,NA,NA,0.0,0,-25.73,-20.88,[],0,0,[],[]
19890580,19892620,NA,TVN,0.0,685,pause,NA,NA,NA,NA,0.0,0,-34.11,-24.91,[],0,0,[],[]
19892620,19895270,NA,TVN,0.0,685,pause,NA,NA,NA,NA,0.0,0,-27.99,-12.64,[],0,0,[],[]
19895270,19896250,NA,TVN,0.0,685,pause,NA,NA,NA,NA,0.0,0,-26.58,-16.44,[],0,0,[],[]
19896250,19897340,NA,TVN,0.0,685,pause,NA,NA,NA,NA,0.0,0,-27.17,-13.54,[],0,0,[],[]
19897340,19898140,NA,TVN,0.0,685,pause,NA,NA,NA,NA,0.0,0,-23.67,-12.35,[],0,0,[],[]
19898140,19903800,NA,TVN,0.0,685,pause,NA,NA,NA,NA,0.0,0,-25.96,-12.35,[],0,0,[],[]
19903800,19904620,NA,TVN,0.0,685,pause,NA,NA,NA,NA,0.0,0,-24.81,-16.67,[],0,0,[],[]
19904620,19905470,NA,TVN,0.0,685,pause,NA,NA,NA,NA,0.0,0,-30.63,-20.99,[],0,0,[],[]
19905470,19906070,NA,TVF,0.0,685,pause,NA,NA,NA,NA,0.0,0,-32.82,-16.56,[],0,0,[],[]
19906070,19907090,NA,TVN,0.0,685,pause,NA,NA,NA,NA,0.0,0,-30.57,-16.86,[],0,0,[],[]
19907090,19910510,NA,TVN,0.0,685,pause,NA,NA,NA,NA,0.0,0,-24.39,-10.09,[],0,0,[],[]
19910510,19911610,NA,TVN,0.0,685,pause,NA,NA,NA,NA,0.0,0,-30.75,-17.05,[],0,0,[],[]
19911610,19912410,NA,TVN,0.0,685,pause,NA,NA,NA,NA,0.0,0,-24.13,-9.23,[],0,0,[],[]
19912410,19913210,NA,TVN,0.0,685,pause,NA,NA,NA,NA,0.0,0,-31.82,-15.81,[],0,0,[],[]
19913210,19914260,NA,TVN,0.0,685,pause,NA,NA,NA,NA,0.0,0,-28.82,-15.99,[],0,0,[],[]
19914260,19915390,NA,TVN,0.0,685,pause,NA,NA,NA,NA,0.0,0,-35.77,-20.72,[],0,0,[],[]
19915390,19926870,NA,TVN,0.0,685,pause,NA,NA,NA,NA,0.0,0,-18.97,-3.16,[],0,0,[],[]
19926870,19927930,NA,TVN,0.0,685,pause,NA,NA,NA,NA,0.0,0,-32.27,-25.0,[],0,0,[],[]
19927930,19929640,NA,TVN,0.0,685,pause,NA,NA,NA,NA,0.0,0,-31.09,-21.39,[],0,0,[],[]
19929640,19930640,NA,TVN,0.0,685,pause,NA,NA,NA,NA,0.0,0,-31.07,-27.6,[],0,0,[],[]
19930640,19931440,NA,TVN,0.0,685,pause,NA,NA,NA,NA,0.0,0,-35.44,-28.11,[],0,0,[],[]
19931440,19932850,NA,SIL,0.0,685,pause,NA,NA,NA,NA,0.0,0,-43.21,-31.19,[],0,0,[],[]
19932850,19934360,NA,TVN,0.0,685,pause,NA,NA,NA,NA,0.0,0,-33.58,-27.82,[],0,0,[],[]
19934360,19935390,NA,TVN,0.0,685,pause,NA,NA,NA,NA,0.0,0,-35.0,-28.08,[],0,0,[],[]
19935390,19936200,NA,TVN,0.0,685,pause,NA,NA,NA,NA,0.0,0,-31.55,-22.16,[],0,0,[],[]
19936200,19936910,NA,TVN,0.0,685,pause,NA,NA,NA,NA,0.0,0,-34.93,-26.08,[],0,0,[],[]
19936910,19938170,NA,TVN,0.0,685,pause,NA,NA,NA,NA,0.0,0,-36.32,-27.45,[],0,0,[],[]
19938170,19939750,NA,TVN,0.0,685,pause,NA,NA,NA,NA,0.0,0,-31.94,-16.26,[],0,0,[],[]
19939750,19941320,NA,TVN,0.0,685,pause,NA,NA,NA,NA,0.0,0,-39.7,-30.94,[],0,0,[],[]
19941320,19942980,NA,TVN,0.0,685,pause,NA,NA,NA,NA,0.0,0,-25.6,-7.79,[],0,0,[],[]
19942980,19944340,NA,TVN,0.0,685,pause,NA,NA,NA,NA,0.0,0,-36.4,-28.97,[],0,0,[],[]
19944340,19948240,NA,TVN,0.0,685,pause,NA,NA,NA,NA,0.0,0,-31.49,-25.35,[],0,0,[],[]
19948240,19949390,NA,TVN,0.0,685,pause,NA,NA,NA,NA,0.0,0,-30.53,-23.73,[],0,0,[],[]
19949390,19952470,NA,TVN,0.0,685,pause,NA,NA,NA,NA,0.0,0,-30.18,-22.88,[],0,0,[],[]
19952470,19955520,NA,NOF,0.0,685,pause,NA,NA,NA,NA,0.0,0,-37.83,-21.52,[],0,0,[],[]
19955520,19956670,NA,TVN,0.0,685,pause,NA,NA,NA,NA,0.0,0,-34.11,-25.23,[],0,0,[],[]
19956670,19957690,NA,NOF,0.0,685,pause,NA,NA,NA,NA,0.0,0,-39.6,-30.97,[],0,0,[],[]
19957690,19958820,NA,OLN,0.0,685,pause,NA,NA,NA,NA,0.0,0,-28.43,-22.62,[],0,0,[],[]
19958820,19960750,NA,SIL,0.0,685,pause,NA,NA,NA,NA,0.0,0,-48.83,-40.43,[],0,0,[],[]
19960750,19961550,NA,NOF,0.0,685,pause,NA,NA,NA,NA,0.0,0,-43.81,-35.75,[],0,0,[],[]
19961550,19962350,NA,OLF,0.0,685,pause,NA,NA,NA,NA,0.0,0,-32.84,-22.03,[],0,0,[],[]
19962350,19964070,NA,NON,0.0,685,pause,NA,NA,NA,NA,0.0,0,-27.19,-8.65,[],0,0,[],[]
19964070,19964870,NA,SIL,0.0,685,pause,NA,NA,NA,NA,0.0,0,-47.6,-40.1,[],0,0,[],[]
19964870,19967410,NA,TVF,0.0,685,pause,NA,NA,NA,NA,0.0,0,-37.38,-24.36,[],0,0,[],[]
19967410,19968210,NA,OLF,0.0,685,pause,NA,NA,NA,NA,0.0,0,-37.98,-29.15,[],0,0,[],[]
19968210,19969090,NA,NOF,0.0,685,pause,NA,NA,NA,NA,0.0,0,-24.85,-7.43,[],0,0,[],[]
19969090,19970640,NA,OLN,0.0,685,pause,NA,NA,NA,NA,0.0,0,-23.2,-6.72,[],0,0,[],[]
19970640,19971680,NA,NOF,0.0,685,pause,NA,NA,NA,NA,0.0,0,-44.27,-31.14,[],0,0,[],[]
19971680,19972480,NA,OLN,0.0,685,pause,NA,NA,NA,NA,0.0,0,-28.92,-17.42,[],0,0,[],[]
19972480,19974440,NA,NOF,0.0,685,pause,NA,NA,NA,NA,0.0,0,-46.46,-32.07,[],0,0,[],[]
19974440,19975240,NA,OLN,0.0,685,pause,NA,NA,NA,NA,0.0,0,-22.15,-14.39,[],0,0,[],[]
19975240,19975840,CHI,CHN,0.0,685,CM,EC,0,NT,FI,1.0,600,-23.69,-19.49,"[{'Canonical-syllable': '0', 'Growl': '0', 'High-freq-energy': '0', 'Long-island': '0', 'Low-tilt-spectrum': '0', 'Medium-island': '1', 'Short-island': '0', 'Squeal': '0', 'Typical-entropy': '0', 'Voicing-quality': '1', 'Wide-band': '0', 'Xlong-island': '0', 'seq': '1', 'end': 19975.84, 'start': 19975.24}]",0,0,[],[]
19975840,19976640,NA,NON,0.0,686,pause,NA,NA,NA,NA,0.0,0,-36.87,-30.68,[],0,0,[],[]
19976640,19977440,NA,OLF,0.0,686,pause,NA,NA,NA,NA,0.0,0,-29.93,-18.58,[],0,0,[],[]
19977440,19980160,NA,TVF,0.0,686,pause,NA,NA,NA,NA,0.0,0,-43.93,-33.29,[],0,0,[],[]
19980160,19983810,NA,TVN,0.0,686,pause,NA,NA,NA,NA,0.0,0,-44.1,-38.31,[],0,0,[],[]
19983810,19985430,NA,TVF,0.0,686,pause,NA,NA,NA,NA,0.0,0,-26.63,-6.92,[],0,0,[],[]
19985430,19986230,NA,SIL,0.0,686,pause,NA,NA,NA,NA,0.0,0,-45.81,-33.49,[],0,0,[],[]
19986230,19990470,NA,TVN,0.0,686,pause,NA,NA,NA,NA,0.0,0,-46.32,-34.55,[],0,0,[],[]
19990470,19991270,NA,SIL,0.0,686,pause,NA,NA,NA,NA,0.0,0,-48.34,-43.8,[],0,0,[],[]
19991270,19992810,NA,NOF,0.0,686,pause,NA,NA,NA,NA,0.0,0,-37.35,-17.99,[],0,0,[],[]
19992810,19996240,NA,TVN,0.0,686,pause,NA,NA,NA,NA,0.0,0,-48.11,-42.28,[],0,0,[],[]
19996240,19997540,NA,OLN,0.0,686,pause,NA,NA,NA,NA,0.0,0,-27.85,-16.32,[],0,0,[],[]
19997540,19998340,NA,SIL,0.0,686,pause,NA,NA,NA,NA,0.0,0,-49.01,-44.35,[],0,0,[],[]
19998340,19999490,NA,TVF,0.0,686,pause,NA,NA,NA,NA,0.0,0,-38.33,-28.54,[],0,0,[],[]
19999490,20000770,NA,TVF,0.0,686,pause,NA,NA,NA,NA,0.0,0,-41.74,-34.78,[],0,0,[],[]
20000770,20005260,NA,TVN,0.0,686,pause,NA,NA,NA,NA,0.0,0,-46.63,-37.05,[],0,0,[],[]
20005260,20006140,NA,SIL,0.0,686,pause,NA,NA,NA,NA,0.0,0,-47.65,-41.74,[],0,0,[],[]
20006140,20006960,NA,OLF,0.0,686,pause,NA,NA,NA,NA,0.0,0,-39.38,-29.68,[],0,0,[],[]
20006960,20008210,NA,TVN,0.0,686,pause,NA,NA,NA,NA,0.0,0,-44.29,-28.87,[],0,0,[],[]
20008210,20009650,NA,TVF,0.0,686,pause,NA,NA,NA,NA,0.0,0,-36.31,-23.21,[],0,0,[],[]
20009650,20010650,NA,TVF,0.0,686,pause,NA,NA,NA,NA,0.0,0,-34.33,-21.86,[],0,0,[],[]
20010650,20011470,NA,TVF,0.0,686,pause,NA,NA,NA,NA,0.0,0,-47.22,-42.27,[],0,0,[],[]
20011470,20012370,NA,SIL,0.0,686,pause,NA,NA,NA,NA,0.0,0,-33.82,-21.46,[],0,0,[],[]
20012370,20015900,NA,TVN,0.0,686,pause,NA,NA,NA,NA,0.0,0,-44.97,-34.84,[],0,0,[],[]
20015900,20016970,NA,OLN,0.0,686,pause,NA,NA,NA,NA,0.0,0,-25.27,-14.0,[],0,0,[],[]
20016970,20017960,NA,NOF,0.0,686,pause,NA,NA,NA,NA,0.0,0,-36.86,-23.03,[],0,0,[],[]
20017960,20018760,NA,SIL,0.0,686,pause,NA,NA,NA,NA,0.0,0,-43.58,-34.2,[],0,0,[],[]
20018760,20019560,NA,TVF,0.0,686,pause,NA,NA,NA,NA,0.0,0,-34.94,-22.8,[],0,0,[],[]
20019560,20020440,NA,SIL,0.0,686,pause,NA,NA,NA,NA,0.0,0,-45.18,-30.36,[],0,0,[],[]
20020440,20021300,NA,NOF,0.0,686,pause,NA,NA,NA,NA,0.0,0,-39.05,-29.89,[],0,0,[],[]
20021300,20023460,NA,OLF,0.0,686,pause,NA,NA,NA,NA,0.0,0,-28.45,-13.61,[],0,0,[],[]
20023460,20024370,NA,MAF,0.0,686,pause,NA,NA,NA,NA,0.0,0,-34.74,-22.81,[],0,0,[],[]
20024370,20025200,NA,TVF,0.0,686,pause,NA,NA,NA,NA,0.0,0,-34.77,-25.43,[],0,0,[],[]
20025200,20028550,NA,TVN,0.0,686,pause,NA,NA,NA,NA,0.0,0,-37.14,-20.95,[],0,0,[],[]
20028550,20031120,NA,OLF,0.0,686,pause,NA,NA,NA,NA,0.0,0,-22.38,-6.13,[],0,0,[],[]
20031120,20032230,NA,TVF,0.0,686,pause,NA,NA,NA,NA,0.0,0,-19.5,-3.26,[],0,0,[],[]
20032230,20034560,NA,TVN,0.0,686,pause,NA,NA,NA,NA,0.0,0,-23.96,-4.62,[],0,0,[],[]
20034560,20035390,NA,TVF,0.0,686,pause,NA,NA,NA,NA,0.0,0,-17.0,-5.03,[],0,0,[],[]
20035390,20036750,NA,TVF,0.0,686,pause,NA,NA,NA,NA,0.0,0,-39.36,-25.41,[],0,0,[],[]
20036750,20037800,NA,SIL,0.0,686,pause,NA,NA,NA,NA,0.0,0,-44.39,-34.6,[],0,0,[],[]
20037800,20038620,NA,TVN,0.0,686,pause,NA,NA,NA,NA,0.0,0,-35.27,-25.96,[],0,0,[],[]
20038620,20039650,NA,TVN,0.0,686,pause,NA,NA,NA,NA,0.0,0,-42.36,-38.48,[],0,0,[],[]
20039650,20043430,NA,TVN,0.0,686,pause,NA,NA,NA,NA,0.0,0,-43.8,-32.03,[],0,0,[],[]
20043430,20046310,NA,NOF,0.0,686,pause,NA,NA,NA,NA,0.0,0,-32.1,-14.24,[],0,0,[],[]
20046310,20047110,NA,OLN,0.0,686,pause,NA,NA,NA,NA,0.0,0,-26.76,-14.09,[],0,0,[],[]
20047110,20047920,NA,TVF,0.0,686,pause,NA,NA,NA,NA,0.0,0,-32.5,-18.79,[],0,0,[],[]
20047920,20049360,NA,SIL,0.0,686,pause,NA,NA,NA,NA,0.0,0,-52.16,-44.17,[],0,0,[],[]
20049360,20050410,NA,NOF,0.0,686,pause,NA,NA,NA,NA,0.0,0,-29.44,-13.12,[],0,0,[],[]
20050410,20051310,NA,SIL,0.0,686,pause,NA,NA,NA,NA,0.0,0,-49.39,-41.39,[],0,0,[],[]
20051310,20052770,NA,TVF,0.0,686,pause,NA,NA,NA,NA,0.0,0,-47.11,-36.69,[],0,0,[],[]
20052770,20055520,NA,SIL,0.0,686,pause,NA,NA,NA,NA,0.0,0,-52.35,-39.12,[],0,0,[],[]
20055520,20056520,NA,TVF,0.0,686,pause,NA,NA,NA,NA,0.0,0,-52.96,-49.57,[],0,0,[],[]
20056520,20057320,NA,SIL,0.0,686,pause,NA,NA,NA,NA,0.0,0,-49.66,-36.07,[],0,0,[],[]
20057320,20058220,NA,TVF,0.0,686,pause,NA,NA,NA,NA,0.0,0,-48.34,-42.85,[],0,0,[],[]
20058220,20059220,NA,TVF,0.0,686,pause,NA,NA,NA,NA,0.0,0,-29.48,-14.1,[],0,0,[],[]
20059220,20061100,NA,NOF,0.0,686,pause,NA,NA,NA,NA,0.0,0,-21.41,-4.74,[],0,0,[],[]
20061100,20062820,NA,SIL,0.0,686,pause,NA,NA,NA,NA,0.0,0,-46.92,-43.03,[],0,0,[],[]
20062820,20063640,NA,TVF,0.0,686,pause,NA,NA,NA,NA,0.0,0,-36.88,-24.82,[],0,0,[],[]
20063640,20064660,NA,TVF,0.0,686,pause,NA,NA,NA,NA,0.0,0,-40.47,-25.76,[],0,0,[],[]
20064660,20065260,NA,MAF,0.0,686,pause,NA,NA,NA,NA,0.0,0,-38.66,-27.03,[],0,0,[],[]
20065260,20067420,NA,TVN,0.0,686,pause,NA,NA,NA,NA,0.0,0,-41.26,-26.49,[],0,0,[],[]
20067420,20068420,NA,MAF,0.0,686,pause,NA,NA,NA,NA,0.0,0,-38.84,-25.12,[],0,0,[],[]
20068420,20069600,NA,TVF,0.0,686,pause,NA,NA,NA,NA,0.0,0,-39.77,-25.26,[],0,0,[],[]
20069600,20070830,NA,SIL,0.0,686,pause,NA,NA,NA,NA,0.0,0,-43.57,-30.6,[],0,0,[],[]
20070830,20071830,NA,TVN,0.0,686,pause,NA,NA,NA,NA,0.0,0,-44.12,-30.71,[],0,0,[],[]
20071830,20072630,NA,SIL,0.0,686,pause,NA,NA,NA,NA,0.0,0,-45.92,-30.71,[],0,0,[],[]
20072630,20074130,NA,TVF,0.0,686,pause,NA,NA,NA,NA,0.0,0,-41.56,-28.14,[],0,0,[],[]
20074130,20074930,NA,SIL,0.0,686,pause,NA,NA,NA,NA,0.0,0,-52.47,-45.19,[],0,0,[],[]
20074930,20076550,NA,TVN,0.0,686,pause,NA,NA,NA,NA,0.0,0,-44.64,-29.71,[],0,0,[],[]
20076550,20077150,NA,TVF,0.0,686,pause,NA,NA,NA,NA,0.0,0,-39.98,-25.84,[],0,0,[],[]
20077150,20078180,NA,TVN,0.0,686,pause,NA,NA,NA,NA,0.0,0,-45.74,-35.67,[],0,0,[],[]
20078180,20079170,NA,FAF,0.0,686,pause,NA,NA,NA,NA,0.0,0,-39.32,-23.27,[],0,0,[],[]
20079170,20080550,NA,SIL,0.0,686,pause,NA,NA,NA,NA,0.0,0,-50.19,-40.57,[],0,0,[],[]
20080550,20082200,NA,TVF,0.0,686,pause,NA,NA,NA,NA,0.0,0,-44.99,-31.43,[],0,0,[],[]
20082200,20083210,NA,SIL,0.0,686,pause,NA,NA,NA,NA,0.0,0,-41.39,-26.48,[],0,0,[],[]
20083210,20084210,NA,TVF,0.0,686,pause,NA,NA,NA,NA,0.0,0,-44.85,-30.63,[],0,0,[],[]
20084210,20085250,NA,TVN,0.0,686,pause,NA,NA,NA,NA,0.0,0,-45.19,-34.7,[],0,0,[],[]
20085250,20086050,NA,TVF,0.0,686,pause,NA,NA,NA,NA,0.0,0,-44.41,-31.39,[],0,0,[],[]
20086050,20086860,NA,SIL,0.0,686,pause,NA,NA,NA,NA,0.0,0,-48.43,-34.53,[],0,0,[],[]
20086860,20087900,NA,TVN,0.0,686,pause,NA,NA,NA,NA,0.0,0,-51.53,-48.74,[],0,0,[],[]
20087900,20089380,NA,TVF,0.0,686,pause,NA,NA,NA,NA,0.0,0,-45.67,-29.31,[],0,0,[],[]
20089380,20091080,NA,TVN,0.0,686,pause,NA,NA,NA,NA,0.0,0,-51.71,-44.06,[],0,0,[],[]
20091080,20092200,NA,SIL,0.0,686,pause,NA,NA,NA,NA,0.0,0,-51.11,-40.67,[],0,0,[],[]
20092200,20093200,NA,TVN,0.0,686,pause,NA,NA,NA,NA,0.0,0,-46.15,-32.93,[],0,0,[],[]
20093200,20094510,NA,TVF,0.0,686,pause,NA,NA,NA,NA,0.0,0,-44.57,-27.42,[],0,0,[],[]
20094510,20095880,NA,TVN,0.0,686,pause,NA,NA,NA,NA,0.0,0,-41.23,-24.88,[],0,0,[],[]
20095880,20096680,NA,SIL,0.0,686,pause,NA,NA,NA,NA,0.0,0,-48.6,-37.39,[],0,0,[],[]
20096680,20098170,NA,TVN,0.0,686,pause,NA,NA,NA,NA,0.0,0,-50.22,-40.9,[],0,0,[],[]
20098170,20099380,NA,SIL,0.0,686,pause,NA,NA,NA,NA,0.0,0,-51.72,-43.9,[],0,0,[],[]
20099380,20100810,NA,TVN,0.0,686,pause,NA,NA,NA,NA,0.0,0,-47.77,-36.48,[],0,0,[],[]
20100810,20101630,NA,SIL,0.0,686,pause,NA,NA,NA,NA,0.0,0,-50.79,-39.48,[],0,0,[],[]
20101630,20104410,NA,NOF,0.0,686,pause,NA,NA,NA,NA,0.0,0,-43.68,-25.01,[],0,0,[],[]
20104410,20105230,NA,SIL,0.0,686,pause,NA,NA,NA,NA,0.0,0,-51.3,-46.51,[],0,0,[],[]
20105230,20106130,NA,TVF,0.0,686,pause,NA,NA,NA,NA,0.0,0,-45.87,-31.61,[],0,0,[],[]
20106130,20107500,NA,TVN,0.0,686,pause,NA,NA,NA,NA,0.0,0,-45.96,-30.22,[],0,0,[],[]
20107500,20108330,NA,SIL,0.0,686,pause,NA,NA,NA,NA,0.0,0,-41.23,-25.43,[],0,0,[],[]
20108330,20111240,NA,TVN,0.0,686,pause,NA,NA,NA,NA,0.0,0,-43.73,-25.72,[],0,0,[],[]
20111240,20112570,NA,TVF,0.0,686,pause,NA,NA,NA,NA,0.0,0,-41.0,-25.49,[],0,0,[],[]
20112570,20113450,NA,SIL,0.0,686,pause,NA,NA,NA,NA,0.0,0,-52.31,-46.2,[],0,0,[],[]
20113450,20114050,NA,TVF,0.0,686,pause,NA,NA,NA,NA,0.0,0,-34.85,-21.18,[],0,0,[],[]
20114050,20114860,NA,SIL,0.0,686,pause,NA,NA,NA,NA,0.0,0,-51.0,-43.66,[],0,0,[],[]
20114860,20117370,NA,TVF,0.0,686,pause,NA,NA,NA,NA,0.0,0,-36.95,-19.22,[],0,0,[],[]
20117370,20118180,NA,NOF,0.0,686,pause,NA,NA,NA,NA,0.0,0,-36.3,-21.16,[],0,0,[],[]
20118180,20120770,NA,TVN,0.0,686,pause,NA,NA,NA,NA,0.0,0,-41.57,-27.88,[],0,0,[],[]
20120770,20121850,NA,TVF,0.0,686,pause,NA,NA,NA,NA,0.0,0,-42.62,-31.56,[],0,0,[],[]
20121850,20123020,NA,TVF,0.0,686,pause,NA,NA,NA,NA,0.0,0,-40.06,-24.71,[],0,0,[],[]
20123020,20123820,NA,SIL,0.0,686,pause,NA,NA,NA,NA,0.0,0,-52.44,-46.83,[],0,0,[],[]
20123820,20124930,NA,TVF,0.0,686,pause,NA,NA,NA,NA,0.0,0,-36.65,-20.98,[],0,0,[],[]
20124930,20125980,NA,FAF,0.0,686,pause,NA,NA,NA,NA,0.0,0,-33.29,-17.88,[],0,0,[],[]
20125980,20126820,NA,TVF,0.0,686,pause,NA,NA,NA,NA,0.0,0,-46.89,-37.08,[],0,0,[],[]
20126820,20127620,NA,SIL,0.0,686,pause,NA,NA,NA,NA,0.0,0,-42.56,-28.15,[],0,0,[],[]
20127620,20129070,NA,TVF,0.0,686,pause,NA,NA,NA,NA,0.0,0,-44.31,-32.57,[],0,0,[],[]
20129070,20130000,NA,SIL,0.0,686,pause,NA,NA,NA,NA,0.0,0,-42.69,-30.16,[],0,0,[],[]
20130000,20131500,NA,TVN,0.0,686,pause,NA,NA,NA,NA,0.0,0,-45.99,-32.25,[],0,0,[],[]
20131500,20132300,NA,SIL,0.0,686,pause,NA,NA,NA,NA,0.0,0,-48.63,-38.17,[],0,0,[],[]
20132300,20134060,NA,TVN,0.0,686,pause,NA,NA,NA,NA,0.0,0,-41.99,-31.28,[],0,0,[],[]
20134060,20134860,NA,SIL,0.0,686,pause,NA,NA,NA,NA,0.0,0,-51.62,-42.32,[],0,0,[],[]
20134860,20136280,NA,TVF,0.0,686,pause,NA,NA,NA,NA,0.0,0,-46.53,-33.28,[],0,0,[],[]
20136280,20137080,NA,SIL,0.0,686,pause,NA,NA,NA,NA,0.0,0,-50.49,-45.12,[],0,0,[],[]
20137080,20137920,NA,TVF,0.0,686,pause,NA,NA,NA,NA,0.0,0,-45.85,-34.3,[],0,0,[],[]
20137920,20142350,NA,TVN,0.0,686,pause,NA,NA,NA,NA,0.0,0,-46.8,-29.72,[],0,0,[],[]
20142350,20143300,NA,TVF,0.0,686,pause,NA,NA,NA,NA,0.0,0,-40.22,-24.59,[],0,0,[],[]
20143300,20144300,NA,TVF,0.0,686,pause,NA,NA,NA,NA,0.0,0,-45.27,-33.88,[],0,0,[],[]
20144300,20145240,NA,TVF,0.0,686,pause,NA,NA,NA,NA,0.0,0,-49.84,-41.1,[],0,0,[],[]
20145240,20148070,NA,SIL,0.0,686,pause,NA,NA,NA,NA,0.0,0,-52.55,-47.06,[],0,0,[],[]
20148070,20151950,NA,TVN,0.0,686,pause,NA,NA,NA,NA,0.0,0,-52.26,-46.92,[],0,0,[],[]
20151950,20152830,NA,SIL,0.0,686,pause,NA,NA,NA,NA,0.0,0,-51.67,-47.76,[],0,0,[],[]
20152830,20153830,NA,TVN,0.0,686,pause,NA,NA,NA,NA,0.0,0,-46.96,-42.9,[],0,0,[],[]
20153830,20154730,NA,TVF,0.0,686,pause,NA,NA,NA,NA,0.0,0,-50.22,-44.99,[],0,0,[],[]
20154730,20155860,NA,TVN,0.0,686,pause,NA,NA,NA,NA,0.0,0,-49.02,-45.2,[],0,0,[],[]
20155860,20157230,NA,TVF,0.0,686,pause,NA,NA,NA,NA,0.0,0,-50.2,-44.37,[],0,0,[],[]
20157230,20158840,NA,SIL,0.0,686,pause,NA,NA,NA,NA,0.0,0,-52.1,-47.58,[],0,0,[],[]
20158840,20160240,NA,TVN,0.0,686,pause,NA,NA,NA,NA,0.0,0,-51.4,-47.22,[],0,0,[],[]
20160240,20162070,NA,TVF,0.0,686,pause,NA,NA,NA,NA,0.0,0,-45.01,-29.22,[],0,0,[],[]
20162070,20163870,NA,TVN,0.0,686,pause,NA,NA,NA,NA,0.0,0,-43.15,-28.46,[],0,0,[],[]
20163870,20166690,NA,MAF,0.0,686,pause,NA,NA,NA,NA,0.0,0,-35.91,-19.01,[],0,0,[],[]
20166690,20167490,NA,SIL,0.0,686,pause,NA,NA,NA,NA,0.0,0,-45.97,-34.18,[],0,0,[],[]
20167490,20171310,NA,TVF,0.0,686,pause,NA,NA,NA,NA,0.0,0,-43.22,-26.59,[],0,0,[],[]
20171310,20172500,NA,TVN,0.0,686,pause,NA,NA,NA,NA,0.0,0,-42.39,-26.97,[],0,0,[],[]
20172500,20173300,NA,SIL,0.0,686,pause,NA,NA,NA,NA,0.0,0,-41.8,-27.01,[],0,0,[],[]
20173300,20174340,NA,TVN,0.0,686,pause,NA,NA,NA,NA,0.0,0,-43.72,-30.06,[],0,0,[],[]
20174340,20175150,NA,NOF,0.0,686,pause,NA,NA,NA,NA,0.0,0,-30.28,-14.43,[],0,0,[],[]
20175150,20175960,NA,TVN,0.0,686,pause,NA,NA,NA,NA,0.0,0,-16.05,-1.5,[],0,0,[],[]
20175960,20176970,NA,TVF,0.0,686,pause,NA,NA,NA,NA,0.0,0,-22.01,-5.58,[],0,0,[],[]
20176970,20178600,NA,TVN,0.0,686,pause,NA,NA,NA,NA,0.0,0,-23.24,-5.39,[],0,0,[],[]
20178600,20179560,NA,TVN,0.0,686,pause,NA,NA,NA,NA,0.0,0,-23.53,-6.88,[],0,0,[],[]
20179560,20180560,NA,TVF,0.0,686,pause,NA,NA,NA,NA,0.0,0,-22.69,-5.81,[],0,0,[],[]
20180560,20181550,NA,TVN,0.0,686,pause,NA,NA,NA,NA,0.0,0,-22.42,-6.5,[],0,0,[],[]
20181550,20182570,NA,TVN,0.0,686,pause,NA,NA,NA,NA,0.0,0,-33.42,-23.66,[],0,0,[],[]
20182570,20183370,NA,TVN,0.0,686,pause,NA,NA,NA,NA,0.0,0,-19.93,-3.12,[],0,0,[],[]
20183370,20185010,NA,TVN,0.0,686,pause,NA,NA,NA,NA,0.0,0,-40.66,-27.78,[],0,0,[],[]
20185010,20186210,NA,TVN,0.0,686,pause,NA,NA,NA,NA,0.0,0,-37.56,-32.08,[],0,0,[],[]
20186210,20187210,NA,TVN,0.0,686,pause,NA,NA,NA,NA,0.0,0,-40.65,-30.93,[],0,0,[],[]
20187210,20188020,NA,TVF,0.0,686,pause,NA,NA,NA,NA,0.0,0,-41.31,-32.11,[],0,0,[],[]
20188020,20189470,NA,TVF,0.0,686,pause,NA,NA,NA,NA,0.0,0,-35.44,-22.32,[],0,0,[],[]
20189470,20191260,NA,NOF,0.0,686,pause,NA,NA,NA,NA,0.0,0,-33.75,-21.0,[],0,0,[],[]
20191260,20192260,NA,TVN,0.0,686,pause,NA,NA,NA,NA,0.0,0,-31.38,-29.94,[],0,0,[],[]
20192260,20193100,NA,TVN,0.0,686,pause,NA,NA,NA,NA,0.0,0,-33.1,-31.03,[],0,0,[],[]
20193100,20199030,NA,TVN,0.0,686,pause,NA,NA,NA,NA,0.0,0,-35.23,-28.19,[],0,0,[],[]
20199030,20199830,NA,SIL,0.0,686,pause,NA,NA,NA,NA,0.0,0,-40.38,-37.53,[],0,0,[],[]
20199830,20201370,NA,TVN,0.0,686,pause,NA,NA,NA,NA,0.0,0,-38.59,-32.56,[],0,0,[],[]
20201370,20202430,NA,TVN,0.0,686,pause,NA,NA,NA,NA,0.0,0,-34.51,-24.94,[],0,0,[],[]
20202430,20203750,NA,TVN,0.0,686,pause,NA,NA,NA,NA,0.0,0,-35.73,-30.5,[],0,0,[],[]
20203750,20205180,NA,TVN,0.0,686,pause,NA,NA,NA,NA,0.0,0,-30.71,-17.04,[],0,0,[],[]
20205180,20208370,NA,TVN,0.0,686,pause,NA,NA,NA,NA,0.0,0,-40.27,-26.63,[],0,0,[],[]
20208370,20208970,FEM,FAN,5.38,686,AMF,EC,0,NT,FI,0.0,0,-23.64,-16.92,[],0,0,[],[]
20208970,20209970,NA,TVN,0.0,687,pause,NA,NA,NA,NA,0.0,0,-44.95,-39.71,[],0,0,[],[]
20209970,20211680,NA,NOF,0.0,687,pause,NA,NA,NA,NA,0.0,0,-24.66,-7.25,[],0,0,[],[]
20211680,20212870,NA,TVF,0.0,687,pause,NA,NA,NA,NA,0.0,0,-39.16,-28.48,[],0,0,[],[]
20212870,20213870,NA,FAF,0.0,687,pause,NA,NA,NA,NA,0.0,0,-34.04,-29.45,[],0,0,[],[]
20213870,20215240,NA,TVN,0.0,687,pause,NA,NA,NA,NA,0.0,0,-35.17,-29.27,[],0,0,[],[]
20215240,20216240,NA,TVN,0.0,687,pause,NA,NA,NA,NA,0.0,0,-28.89,-24.73,[],0,0,[],[]
20216240,20217350,NA,TVN,0.0,687,pause,NA,NA,NA,NA,0.0,0,-36.42,-31.01,[],0,0,[],[]
20217350,20218580,NA,TVN,0.0,687,pause,NA,NA,NA,NA,0.0,0,-30.21,-25.55,[],0,0,[],[]
20218580,20219580,NA,TVN,0.0,687,pause,NA,NA,NA,NA,0.0,0,-32.07,-26.9,[],0,0,[],[]
20219580,20220510,NA,TVN,0.0,687,pause,NA,NA,NA,NA,0.0,0,-28.93,-25.58,[],0,0,[],[]
20220510,20221320,NA,TVF,0.0,687,pause,NA,NA,NA,NA,0.0,0,-33.91,-27.4,[],0,0,[],[]
20221320,20222920,NA,TVN,0.0,687,pause,NA,NA,NA,NA,0.0,0,-30.66,-10.91,[],0,0,[],[]
20222920,20223720,NA,TVF,0.0,687,pause,NA,NA,NA,NA,0.0,0,-37.76,-29.52,[],0,0,[],[]
20223720,20225370,NA,TVN,0.0,687,pause,NA,NA,NA,NA,0.0,0,-36.43,-26.73,[],0,0,[],[]
20225370,20226170,NA,TVN,0.0,687,pause,NA,NA,NA,NA,0.0,0,-40.56,-28.93,[],0,0,[],[]
20226170,20227350,NA,TVN,0.0,687,pause,NA,NA,NA,NA,0.0,0,-41.19,-35.66,[],0,0,[],[]
20227350,20228510,NA,TVN,0.0,687,pause,NA,NA,NA,NA,0.0,0,-41.26,-30.88,[],0,0,[],[]
20228510,20230040,NA,TVN,0.0,687,pause,NA,NA,NA,NA,0.0,0,-42.7,-37.96,[],0,0,[],[]
20230040,20230840,NA,SIL,0.0,687,pause,NA,NA,NA,NA,0.0,0,-47.68,-40.98,[],0,0,[],[]
20230840,20232120,NA,TVN,0.0,687,pause,NA,NA,NA,NA,0.0,0,-43.01,-31.3,[],0,0,[],[]
20232120,20232920,NA,TVF,0.0,687,pause,NA,NA,NA,NA,0.0,0,-37.62,-31.87,[],0,0,[],[]
20232920,20233740,NA,TVF,0.0,687,pause,NA,NA,NA,NA,0.0,0,-23.64,-7.57,[],0,0,[],[]
20233740,20234540,NA,NOF,0.0,687,pause,NA,NA,NA,NA,0.0,0,-29.73,-19.1,[],0,0,[],[]
20234540,20237130,NA,TVF,0.0,687,pause,NA,NA,NA,NA,0.0,0,-26.85,-14.39,[],0,0,[],[]
20237130,20238040,NA,TVF,0.0,687,pause,NA,NA,NA,NA,0.0,0,-31.84,-17.69,[],0,0,[],[]
20238040,20239840,NA,TVF,0.0,687,pause,NA,NA,NA,NA,0.0,0,-27.7,-13.18,[],0,0,[],[]
20239840,20240840,NA,TVN,0.0,687,pause,NA,NA,NA,NA,0.0,0,-35.58,-27.48,[],0,0,[],[]
20240840,20242410,NA,TVF,0.0,687,pause,NA,NA,NA,NA,0.0,0,-34.07,-30.65,[],0,0,[],[]
20242410,20243460,NA,TVN,0.0,687,pause,NA,NA,NA,NA,0.0,0,-39.97,-31.04,[],0,0,[],[]
20243460,20244280,NA,TVF,0.0,687,pause,NA,NA,NA,NA,0.0,0,-33.76,-16.74,[],0,0,[],[]
20244280,20245140,NA,TVN,0.0,687,pause,NA,NA,NA,NA,0.0,0,-32.41,-18.98,[],0,0,[],[]
20245140,20247300,NA,TVN,0.0,687,pause,NA,NA,NA,NA,0.0,0,-37.82,-30.59,[],0,0,[],[]
20247300,20248110,NA,TVN,0.0,687,pause,NA,NA,NA,NA,0.0,0,-22.43,-6.85,[],0,0,[],[]
20248110,20249110,NA,TVN,0.0,687,pause,NA,NA,NA,NA,0.0,0,-32.23,-23.58,[],0,0,[],[]
20249110,20250370,NA,TVN,0.0,687,pause,NA,NA,NA,NA,0.0,0,-23.9,-15.16,[],0,0,[],[]
20250370,20251170,NA,TVN,0.0,687,pause,NA,NA,NA,NA,0.0,0,-31.65,-24.77,[],0,0,[],[]
20251170,20252060,NA,TVN,0.0,687,pause,NA,NA,NA,NA,0.0,0,-26.48,-12.48,[],0,0,[],[]
20252060,20255070,NA,NOF,0.0,687,pause,NA,NA,NA,NA,0.0,0,-25.59,-7.57,[],0,0,[],[]
20255070,20256010,NA,OLF,0.0,687,pause,NA,NA,NA,NA,0.0,0,-25.16,-6.75,[],0,0,[],[]
20256010,20257330,NA,NOF,0.0,687,pause,NA,NA,NA,NA,0.0,0,-27.86,-18.05,[],0,0,[],[]
20257330,20258870,NA,TVN,0.0,687,pause,NA,NA,NA,NA,0.0,0,-43.3,-32.59,[],0,0,[],[]
20258870,20259670,NA,TVF,0.0,687,pause,NA,NA,NA,NA,0.0,0,-40.87,-27.31,[],0,0,[],[]
20259670,20260690,NA,TVN,0.0,687,pause,NA,NA,NA,NA,0.0,0,-44.77,-32.94,[],0,0,[],[]
20260690,20261560,NA,TVF,0.0,687,pause,NA,NA,NA,NA,0.0,0,-47.31,-33.86,[],0,0,[],[]
20261560,20263010,NA,TVN,0.0,687,pause,NA,NA,NA,NA,0.0,0,-50.3,-42.46,[],0,0,[],[]
20263010,20264720,NA,NOF,0.0,687,pause,NA,NA,NA,NA,0.0,0,-27.04,-8.26,[],0,0,[],[]
20264720,20266920,NA,TVF,0.0,687,pause,NA,NA,NA,NA,0.0,0,-36.07,-17.75,[],0,0,[],[]
20266920,20269680,NA,TVN,0.0,687,pause,NA,NA,NA,NA,0.0,0,-41.77,-31.71,[],0,0,[],[]
20269680,20270860,NA,TVN,0.0,687,pause,NA,NA,NA,NA,0.0,0,-38.91,-24.32,[],0,0,[],[]
20270860,20273610,NA,TVF,0.0,687,pause,NA,NA,NA,NA,0.0,0,-33.56,-22.11,[],0,0,[],[]
20273610,20274610,MAL,MAN,0.0,687,pause,NA,NA,NA,NA,0.0,0,-31.44,-24.41,[],1000,0,[],[]
20274610,20276200,NA,OLF,0.0,687,pause,NA,NA,NA,NA,0.0,0,-21.51,-2.46,[],0,0,[],[]
20276200,20277410,NA,NOF,0.0,687,pause,NA,NA,NA,NA,0.0,0,-28.03,-8.25,[],0,0,[],[]
20277410,20279210,NA,TVF,0.0,687,pause,NA,NA,NA,NA,0.0,0,-41.76,-28.43,[],0,0,[],[]
20279210,20280020,NA,NOF,0.0,687,pause,NA,NA,NA,NA,0.0,0,-42.48,-33.56,[],0,0,[],[]
20280020,20280820,NA,SIL,0.0,687,pause,NA,NA,NA,NA,0.0,0,-48.83,-42.82,[],0,0,[],[]
20280820,20281890,NA,NOF,0.0,687,pause,NA,NA,NA,NA,0.0,0,-39.63,-22.88,[],0,0,[],[]
20281890,20282890,NA,SIL,0.0,687,pause,NA,NA,NA,NA,0.0,0,-48.02,-36.73,[],0,0,[],[]
20282890,20285360,NA,NOF,0.0,687,pause,NA,NA,NA,NA,0.0,0,-35.12,-19.87,[],0,0,[],[]
20285360,20286260,NA,SIL,0.0,687,pause,NA,NA,NA,NA,0.0,0,-51.77,-46.6,[],0,0,[],[]
20286260,20288580,NA,TVF,0.0,687,pause,NA,NA,NA,NA,0.0,0,-43.26,-33.79,[],0,0,[],[]
20288580,20289750,NA,NON,0.0,687,pause,NA,NA,NA,NA,0.0,0,-28.19,-15.86,[],0,0,[],[]
20289750,20290550,NA,SIL,0.0,687,pause,NA,NA,NA,NA,0.0,0,-49.09,-36.28,[],0,0,[],[]
20290550,20291350,NA,NOF,0.0,687,pause,NA,NA,NA,NA,0.0,0,-25.63,-10.66,[],0,0,[],[]
20291350,20292160,NA,OLF,0.0,687,pause,NA,NA,NA,NA,0.0,0,-25.71,-19.04,[],0,0,[],[]
20292160,20295710,NA,NOF,0.0,687,pause,NA,NA,NA,NA,0.0,0,-20.53,-0.97,[],0,0,[],[]
20295710,20296740,NA,TVN,0.0,687,pause,NA,NA,NA,NA,0.0,0,-38.6,-22.31,[],0,0,[],[]
20296740,20298490,NA,TVN,0.0,687,pause,NA,NA,NA,NA,0.0,0,-33.82,-17.9,[],0,0,[],[]
20298490,20299360,NA,TVN,0.0,687,pause,NA,NA,NA,NA,0.0,0,-41.31,-34.2,[],0,0,[],[]
20299360,20303390,NA,TVN,0.0,687,pause,NA,NA,NA,NA,0.0,0,-34.48,-20.07,[],0,0,[],[]
20303390,20304770,NA,TVN,0.0,687,pause,NA,NA,NA,NA,0.0,0,-37.81,-25.75,[],0,0,[],[]
20304770,20305570,NA,TVN,0.0,687,pause,NA,NA,NA,NA,0.0,0,-36.53,-21.98,[],0,0,[],[]
20305570,20309280,NA,TVN,0.0,687,pause,NA,NA,NA,NA,0.0,0,-40.29,-17.19,[],0,0,[],[]
20309280,20310330,NA,TVN,0.0,687,pause,NA,NA,NA,NA,0.0,0,-49.77,-46.43,[],0,0,[],[]
20310330,20315870,NA,TVF,0.0,687,pause,NA,NA,NA,NA,0.0,0,-37.6,-21.26,[],0,0,[],[]
20315870,20316870,NA,TVN,0.0,687,pause,NA,NA,NA,NA,0.0,0,-45.66,-40.44,[],0,0,[],[]
20316870,20319270,NA,TVF,0.0,687,pause,NA,NA,NA,NA,0.0,0,-44.16,-32.01,[],0,0,[],[]
20319270,20321020,NA,TVN,0.0,687,pause,NA,NA,NA,NA,0.0,0,-45.84,-38.21,[],0,0,[],[]
20321020,20322020,NA,TVN,0.0,687,pause,NA,NA,NA,NA,0.0,0,-30.39,-19.17,[],0,0,[],[]
20322020,20322990,NA,TVN,0.0,687,pause,NA,NA,NA,NA,0.0,0,-33.11,-26.08,[],0,0,[],[]
20322990,20324510,NA,NON,0.0,687,pause,NA,NA,NA,NA,0.0,0,-36.29,-22.73,[],0,0,[],[]
20324510,20325610,NA,TVN,0.0,687,pause,NA,NA,NA,NA,0.0,0,-38.64,-29.06,[],0,0,[],[]
20325610,20327120,NA,TVN,0.0,687,pause,NA,NA,NA,NA,0.0,0,-30.98,-24.68,[],0,0,[],[]
20327120,20328610,NA,TVN,0.0,687,pause,NA,NA,NA,NA,0.0,0,-31.2,-23.75,[],0,0,[],[]
20328610,20329610,NA,TVN,0.0,687,pause,NA,NA,NA,NA,0.0,0,-33.19,-27.43,[],0,0,[],[]
20329610,20330850,NA,TVN,0.0,687,pause,NA,NA,NA,NA,0.0,0,-35.21,-26.68,[],0,0,[],[]
20330850,20331650,NA,TVF,0.0,687,pause,NA,NA,NA,NA,0.0,0,-43.44,-35.47,[],0,0,[],[]
20331650,20332610,NA,TVN,0.0,687,pause,NA,NA,NA,NA,0.0,0,-31.53,-23.76,[],0,0,[],[]
20332610,20334670,NA,TVN,0.0,687,pause,NA,NA,NA,NA,0.0,0,-35.28,-27.61,[],0,0,[],[]
20334670,20340250,NA,TVN,0.0,687,pause,NA,NA,NA,NA,0.0,0,-36.18,-25.13,[],0,0,[],[]
20340250,20341050,NA,TVF,0.0,687,pause,NA,NA,NA,NA,0.0,0,-24.15,-12.95,[],0,0,[],[]
20341050,20342520,NA,TVN,0.0,687,pause,NA,NA,NA,NA,0.0,0,-30.36,-18.74,[],0,0,[],[]
20342520,20343720,NA,TVF,0.0,687,pause,NA,NA,NA,NA,0.0,0,-41.85,-33.66,[],0,0,[],[]
20343720,20345700,NA,MAF,0.0,687,pause,NA,NA,NA,NA,0.0,0,-24.21,-10.93,[],0,0,[],[]
20345700,20346700,NA,TVN,0.0,687,pause,NA,NA,NA,NA,0.0,0,-32.86,-29.63,[],0,0,[],[]
20346700,20349800,NA,TVN,0.0,687,pause,NA,NA,NA,NA,0.0,0,-33.57,-26.98,[],0,0,[],[]
20349800,20351520,NA,TVN,0.0,687,pause,NA,NA,NA,NA,0.0,0,-33.0,-23.18,[],0,0,[],[]
20351520,20352530,NA,TVN,0.0,687,pause,NA,NA,NA,NA,0.0,0,-30.1,-21.33,[],0,0,[],[]
20352530,20353780,NA,TVN,0.0,687,pause,NA,NA,NA,NA,0.0,0,-31.15,-27.5,[],0,0,[],[]
20353780,20354580,NA,TVF,0.0,687,pause,NA,NA,NA,NA,0.0,0,-21.84,-9.14,[],0,0,[],[]
20354580,20355830,NA,TVN,0.0,687,pause,NA,NA,NA,NA,0.0,0,-35.64,-32.5,[],0,0,[],[]
20355830,20356630,NA,TVF,0.0,687,pause,NA,NA,NA,NA,0.0,0,-42.42,-35.55,[],0,0,[],[]
20356630,20357660,NA,TVN,0.0,687,pause,NA,NA,NA,NA,0.0,0,-44.44,-34.85,[],0,0,[],[]
20357660,20358460,NA,SIL,0.0,687,pause,NA,NA,NA,NA,0.0,0,-39.61,-24.67,[],0,0,[],[]
20358460,20360670,NA,TVF,0.0,687,pause,NA,NA,NA,NA,0.0,0,-26.01,-7.49,[],0,0,[],[]
20360670,20361680,NA,TVN,0.0,687,pause,NA,NA,NA,NA,0.0,0,-38.06,-26.03,[],0,0,[],[]
20361680,20363200,NA,TVN,0.0,687,pause,NA,NA,NA,NA,0.0,0,-23.8,-7.64,[],0,0,[],[]
20363200,20365440,NA,TVN,0.0,687,pause,NA,NA,NA,NA,0.0,0,-24.02,-4.71,[],0,0,[],[]
20365440,20366470,NA,TVN,0.0,687,pause,NA,NA,NA,NA,0.0,0,-32.81,-16.72,[],0,0,[],[]
20366470,20367960,NA,TVN,0.0,687,pause,NA,NA,NA,NA,0.0,0,-24.7,-6.76,[],0,0,[],[]
20367960,20368970,NA,TVN,0.0,687,pause,NA,NA,NA,NA,0.0,0,-27.85,-10.68,[],0,0,[],[]
20368970,20373360,NA,TVN,0.0,687,pause,NA,NA,NA,NA,0.0,0,-37.9,-19.17,[],0,0,[],[]
20373360,20374160,NA,TVN,0.0,687,pause,NA,NA,NA,NA,0.0,0,-39.56,-29.85,[],0,0,[],[]
20374160,20375160,NA,TVN,0.0,687,pause,NA,NA,NA,NA,0.0,0,-34.84,-30.91,[],0,0,[],[]
20375160,20376160,NA,TVN,0.0,687,pause,NA,NA,NA,NA,0.0,0,-35.02,-27.83,[],0,0,[],[]
20376160,20384720,NA,TVN,0.0,687,pause,NA,NA,NA,NA,0.0,0,-37.46,-29.06,[],0,0,[],[]
20384720,20385520,NA,TVF,0.0,687,pause,NA,NA,NA,NA,0.0,0,-43.1,-37.55,[],0,0,[],[]
20385520,20387300,NA,TVN,0.0,687,pause,NA,NA,NA,NA,0.0,0,-42.67,-36.08,[],0,0,[],[]
20387300,20388120,NA,TVN,0.0,687,pause,NA,NA,NA,NA,0.0,0,-41.55,-33.79,[],0,0,[],[]
20388120,20390140,NA,TVN,0.0,687,pause,NA,NA,NA,NA,0.0,0,-36.13,-32.13,[],0,0,[],[]
20390140,20391470,NA,TVF,0.0,687,pause,NA,NA,NA,NA,0.0,0,-32.93,-15.67,[],0,0,[],[]
20391470,20393330,NA,TVN,0.0,687,pause,NA,NA,NA,NA,0.0,0,-42.27,-35.63,[],0,0,[],[]
20393330,20394140,NA,TVN,0.0,687,pause,NA,NA,NA,NA,0.0,0,-36.88,-29.51,[],0,0,[],[]
20394140,20396860,NA,TVN,0.0,687,pause,NA,NA,NA,NA,0.0,0,-41.34,-34.23,[],0,0,[],[]
20396860,20399450,NA,TVN,0.0,687,pause,NA,NA,NA,NA,0.0,0,-37.88,-23.5,[],0,0,[],[]
20399450,20401120,NA,TVN,0.0,687,pause,NA,NA,NA,NA,0.0,0,-42.05,-33.64,[],0,0,[],[]
20401120,20403800,NA,TVN,0.0,687,pause,NA,NA,NA,NA,0.0,0,-32.64,-14.09,[],0,0,[],[]
20403800,20404600,NA,TVF,0.0,687,pause,NA,NA,NA,NA,0.0,0,-35.45,-22.49,[],0,0,[],[]
20404600,20407150,NA,TVN,0.0,687,pause,NA,NA,NA,NA,0.0,0,-35.65,-17.36,[],0,0,[],[]
20407150,20408310,NA,TVN,0.0,687,pause,NA,NA,NA,NA,0.0,0,-41.67,-31.04,[],0,0,[],[]
20408310,20409350,NA,TVN,0.0,687,pause,NA,NA,NA,NA,0.0,0,-38.25,-30.48,[],0,0,[],[]
20409350,20410360,NA,TVN,0.0,687,pause,NA,NA,NA,NA,0.0,0,-42.43,-33.37,[],0,0,[],[]
20410360,20411400,NA,TVN,0.0,687,pause,NA,NA,NA,NA,0.0,0,-37.68,-30.25,[],0,0,[],[]
20411400,20414320,NA,TVN,0.0,687,pause,NA,NA,NA,NA,0.0,0,-31.82,-11.95,[],0,0,[],[]
20414320,20415780,NA,TVN,0.0,687,pause,NA,NA,NA,NA,0.0,0,-40.48,-32.73,[],0,0,[],[]
20415780,20421190,NA,TVN,0.0,687,pause,NA,NA,NA,NA,0.0,0,-37.03,-24.57,[],0,0,[],[]
20421190,20422080,NA,TVN,0.0,687,pause,NA,NA,NA,NA,0.0,0,-35.44,-22.33,[],0,0,[],[]
20422080,20423460,NA,TVN,0.0,687,pause,NA,NA,NA,NA,0.0,0,-36.08,-24.74,[],0,0,[],[]
20423460,20426200,NA,TVN,0.0,687,pause,NA,NA,NA,NA,0.0,0,-40.0,-27.86,[],0,0,[],[]
20426200,20427200,NA,TVN,0.0,687,pause,NA,NA,NA,NA,0.0,0,-42.95,-34.34,[],0,0,[],[]
20427200,20428140,NA,TVN,0.0,687,pause,NA,NA,NA,NA,0.0,0,-38.9,-32.84,[],0,0,[],[]
20428140,20429140,NA,TVN,0.0,687,pause,NA,NA,NA,NA,0.0,0,-33.43,-17.83,[],0,0,[],[]
20429140,20430800,NA,TVN,0.0,687,pause,NA,NA,NA,NA,0.0,0,-29.25,-11.0,[],0,0,[],[]
20430800,20431800,NA,TVN,0.0,687,pause,NA,NA,NA,NA,0.0,0,-43.51,-40.59,[],0,0,[],[]
20431800,20436210,NA,TVN,0.0,687,pause,NA,NA,NA,NA,0.0,0,-26.45,-7.69,[],0,0,[],[]
20436210,20437550,NA,TVN,0.0,687,pause,NA,NA,NA,NA,0.0,0,-40.34,-34.41,[],0,0,[],[]
20437550,20438540,NA,TVN,0.0,687,pause,NA,NA,NA,NA,0.0,0,-37.21,-22.5,[],0,0,[],[]
20438540,20441270,NA,TVN,0.0,687,pause,NA,NA,NA,NA,0.0,0,-37.2,-19.46,[],0,0,[],[]
20441270,20443510,NA,TVN,0.0,687,pause,NA,NA,NA,NA,0.0,0,-33.81,-21.09,[],0,0,[],[]
20443510,20447950,NA,TVN,0.0,687,pause,NA,NA,NA,NA,0.0,0,-38.64,-22.84,[],0,0,[],[]
20447950,20448750,NA,TVN,0.0,687,pause,NA,NA,NA,NA,0.0,0,-33.95,-25.09,[],0,0,[],[]
20448750,20449750,NA,TVN,0.0,687,pause,NA,NA,NA,NA,0.0,0,-28.17,-19.96,[],0,0,[],[]
20449750,20450890,NA,TVN,0.0,687,pause,NA,NA,NA,NA,0.0,0,-39.2,-34.15,[],0,0,[],[]
20450890,20452870,NA,NOF,0.0,687,pause,NA,NA,NA,NA,0.0,0,-39.75,-21.47,[],0,0,[],[]
20452870,20454510,MAL,MAN,6.56,687,AICM,BC,0,TIMI,FI,0.0,0,-30.21,-22.47,[],0,0,[],[]
20454510,20455390,NA,SIL,0.0,687,AICM,NA,NA,NA,NA,0.0,0,-45.25,-31.11,[],0,0,[],[]
20455390,20456000,NA,CHF,0.0,687,AICM,RC,1,TIMR,FI,1.0,610,-34.2,-18.65,"[{'Canonical-syllable': '0', 'Growl': '2', 'High-freq-energy': '0', 'Long-island': '0', 'Low-tilt-spectrum': '0', 'Medium-island': '1', 'Short-island': '0', 'Squeal': '0', 'Typical-entropy': '1', 'Voicing-quality': '1', 'Wide-band': '0', 'Xlong-island': '0', 'seq': '1', 'end': 20456.0, 'start': 20455.47}]",0,0,[],[]
20456000,20456900,NA,SIL,0.0,687,AICM,NA,NA,NA,NA,0.0,0,-45.39,-30.34,[],0,0,[],[]
20456900,20458450,CHI,CHN,0.0,687,AICM,RC,1,NT,FH,1.0,1550,-20.04,-10.86,"[{'Canonical-syllable': '2', 'Growl': '0', 'High-freq-energy': '0', 'Long-island': '0', 'Low-tilt-spectrum': '1', 'Medium-island': '3', 'Short-island': '1', 'Squeal': '0', 'Typical-entropy': '3', 'Voicing-quality': '4', 'Wide-band': '0', 'Xlong-island': '0', 'seq': '1', 'end': 20458.45, 'start': 20456.9}]",0,0,[],[]
20458450,20459460,MAL,MAN,1.72,687,AICM,RC,1,TIMI,FI,0.0,0,-36.66,-29.14,[],0,0,[],[]
20459460,20460390,NA,NOF,0.0,687,AICM,NA,NA,NA,NA,0.0,0,-50.21,-45.92,[],0,0,[],[]
20460390,20461570,CHI,CHN,0.0,687,AICM,RC,2,TIMR,FI,1.0,1180,-20.42,-11.9,"[{'Canonical-syllable': '0', 'Growl': '0', 'High-freq-energy': '0', 'Long-island': '0', 'Low-tilt-spectrum': '1', 'Medium-island': '1', 'Short-island': '2', 'Squeal': '0', 'Typical-entropy': '0', 'Voicing-quality': '3', 'Wide-band': '0', 'Xlong-island': '0', 'seq': '1', 'end': 20461.57, 'start': 20460.39}]",0,0,[],[]
20461570,20462570,CHI,CHN,0.0,687,AICM,RC,2,NT,FH,1.0,1000,-20.17,-12.48,"[{'Canonical-syllable': '1', 'Growl': '0', 'High-freq-energy': '0', 'Long-island': '0', 'Low-tilt-spectrum': '0', 'Medium-island': '2', 'Short-island': '0', 'Squeal': '0', 'Typical-entropy': '1', 'Voicing-quality': '2', 'Wide-band': '0', 'Xlong-island': '0', 'seq': '1', 'end': 20462.57, 'start': 20461.57}]",0,0,[],[]
20462570,20463280,CHI,CHN,0.0,687,AICM,EC,2,NT,FH,1.0,710,-18.2,-11.12,"[{'Canonical-syllable': '0', 'Growl': '0', 'High-freq-energy': '0', 'Long-island': '0', 'Low-tilt-spectrum': '1', 'Medium-island': '2', 'Short-island': '0', 'Squeal': '0', 'Typical-entropy': '1', 'Voicing-quality': '2', 'Wide-band': '1', 'Xlong-island': '0', 'seq': '1', 'end': 20463.28, 'start': 20462.57}]",0,0,[],[]
20463280,20464080,NA,OLF,0.0,688,pause,NA,NA,NA,NA,0.0,0,-38.44,-31.44,[],0,0,[],[]
20464080,20464890,NA,SIL,0.0,688,pause,NA,NA,NA,NA,0.0,0,-47.76,-42.59,[],0,0,[],[]
20464890,20467200,NA,TVF,0.0,688,pause,NA,NA,NA,NA,0.0,0,-46.02,-36.48,[],0,0,[],[]
20467200,20468520,NA,SIL,0.0,688,pause,NA,NA,NA,NA,0.0,0,-50.92,-40.8,[],0,0,[],[]
20468520,20469600,NA,TVF,0.0,688,pause,NA,NA,NA,NA,0.0,0,-41.29,-31.7,[],0,0,[],[]
20469600,20470410,NA,OLN,0.0,688,pause,NA,NA,NA,NA,0.0,0,-24.57,-7.96,[],0,0,[],[]
20470410,20471840,NA,TVF,0.0,688,pause,NA,NA,NA,NA,0.0,0,-34.26,-30.37,[],0,0,[],[]
20471840,20474100,NA,NOF,0.0,688,pause,NA,NA,NA,NA,0.0,0,-43.66,-36.54,[],0,0,[],[]
20474100,20475880,NA,OLF,0.0,688,pause,NA,NA,NA,NA,0.0,0,-33.21,-18.66,[],0,0,[],[]
20475880,20476750,NA,TVF,0.0,688,pause,NA,NA,NA,NA,0.0,0,-47.44,-40.51,[],0,0,[],[]
20476750,20477560,NA,SIL,0.0,688,pause,NA,NA,NA,NA,0.0,0,-47.19,-33.75,[],0,0,[],[]
20477560,20480540,NA,TVF,0.0,688,pause,NA,NA,NA,NA,0.0,0,-39.6,-26.02,[],0,0,[],[]
20480540,20481340,NA,SIL,0.0,688,pause,NA,NA,NA,NA,0.0,0,-51.8,-48.76,[],0,0,[],[]
20481340,20482340,NA,TVF,0.0,688,pause,NA,NA,NA,NA,0.0,0,-41.07,-29.05,[],0,0,[],[]
20482340,20483140,NA,NOF,0.0,688,pause,NA,NA,NA,NA,0.0,0,-32.06,-15.31,[],0,0,[],[]
20483140,20484020,NA,SIL,0.0,688,pause,NA,NA,NA,NA,0.0,0,-49.68,-41.7,[],0,0,[],[]
20484020,20485070,NA,TVF,0.0,688,pause,NA,NA,NA,NA,0.0,0,-38.44,-33.87,[],0,0,[],[]
20485070,20486260,NA,OLF,0.0,688,pause,NA,NA,NA,NA,0.0,0,-35.78,-26.93,[],0,0,[],[]
20486260,20488910,NA,TVF,0.0,688,pause,NA,NA,NA,NA,0.0,0,-41.48,-31.15,[],0,0,[],[]
20488910,20489720,NA,OLN,0.0,688,pause,NA,NA,NA,NA,0.0,0,-29.4,-19.87,[],0,0,[],[]
20489720,20490730,NA,SIL,0.0,688,pause,NA,NA,NA,NA,0.0,0,-47.6,-39.87,[],0,0,[],[]
20490730,20491890,NA,OLF,0.0,688,pause,NA,NA,NA,NA,0.0,0,-32.48,-16.24,[],0,0,[],[]
20491890,20493990,NA,SIL,0.0,688,pause,NA,NA,NA,NA,0.0,0,-49.54,-38.56,[],0,0,[],[]
20493990,20494850,NA,TVF,0.0,688,pause,NA,NA,NA,NA,0.0,0,-40.59,-34.9,[],0,0,[],[]
20494850,20495980,NA,SIL,0.0,688,pause,NA,NA,NA,NA,0.0,0,-49.47,-46.17,[],0,0,[],[]
20495980,20498050,NA,NOF,0.0,688,pause,NA,NA,NA,NA,0.0,0,-36.14,-21.73,[],0,0,[],[]
20498050,20498880,NA,SIL,0.0,688,pause,NA,NA,NA,NA,0.0,0,-47.7,-42.22,[],0,0,[],[]
20498880,20500000,NA,NOF,0.0,688,pause,NA,NA,NA,NA,0.0,0,-33.36,-17.63,[],0,0,[],[]
20500000,20500610,CHI,CHN,0.0,688,pause,NA,NA,NA,NA,0.0,0,-24.66,-15.6,[],0,290,[],"[{'start': 20500.0, 'end': 20500.29}]"
20500610,20502690,NA,TVF,0.0,688,pause,NA,NA,NA,NA,0.0,0,-39.89,-25.93,[],0,0,[],[]
20502690,20503290,CHI,CHN,0.0,688,CIC,BC,0,NT,FI,1.0,600,-25.33,-20.38,"[{'Canonical-syllable': '1', 'Growl': '0', 'High-freq-energy': '0', 'Long-island': '0', 'Low-tilt-spectrum': '1', 'Medium-island': '1', 'Short-island': '0', 'Squeal': '0', 'Typical-entropy': '1', 'Voicing-quality': '1', 'Wide-band': '0', 'Xlong-island': '0', 'seq': '1', 'end': 20503.29, 'start': 20502.69}]",0,0,[],[]
20503290,20504090,OCH,CXN,0.0,688,CIC,RC,0,NT,FI,0.0,0,-31.55,-23.5,[],0,0,[],[]
20504090,20504890,NA,OLN,0.0,688,CIC,NA,NA,NA,NA,0.0,0,-29.29,-22.38,[],0,0,[],[]
20504890,20506090,FEM,FAN,4.07,688,CIC,RC,0,TIFI,FI,0.0,0,-35.94,-26.77,[],0,0,[],[]
20506090,20507510,CHI,CHN,0.0,688,CIC,RC,1,TIFR,FI,1.0,1420,-27.23,-20.43,"[{'Canonical-syllable': '0', 'Growl': '1', 'High-freq-energy': '0', 'Long-island': '0', 'Low-tilt-spectrum': '1', 'Medium-island': '1', 'Short-island': '0', 'Squeal': '0', 'Typical-entropy': '1', 'Voicing-quality': '3', 'Wide-band': '0', 'Xlong-island': '1', 'seq': '1', 'end': 20507.51, 'start': 20506.09}]",0,0,[],[]
20507510,20508750,CHI,CHN,0.0,688,CIC,EC,1,NT,FH,1.0,1030,-25.56,-17.4,"[{'Canonical-syllable': '2', 'Growl': '0', 'High-freq-energy': '0', 'Long-island': '0', 'Low-tilt-spectrum': '0', 'Medium-island': '2', 'Short-island': '0', 'Squeal': '0', 'Typical-entropy': '2', 'Voicing-quality': '2', 'Wide-band': '0', 'Xlong-island': '0', 'seq': '1', 'end': 20508.54, 'start': 20507.51}]",0,0,[],[]
20508750,20509760,NA,SIL,0.0,689,pause,NA,NA,NA,NA,0.0,0,-49.12,-41.27,[],0,0,[],[]
20509760,20511060,NA,NOF,0.0,689,pause,NA,NA,NA,NA,0.0,0,-29.62,-13.25,[],0,0,[],[]
20511060,20511950,NA,SIL,0.0,689,pause,NA,NA,NA,NA,0.0,0,-50.56,-47.12,[],0,0,[],[]
20511950,20513110,NA,NOF,0.0,689,pause,NA,NA,NA,NA,0.0,0,-44.88,-31.26,[],0,0,[],[]
20513110,20513910,NA,SIL,0.0,689,pause,NA,NA,NA,NA,0.0,0,-50.06,-44.48,[],0,0,[],[]
20513910,20514710,NA,OLF,0.0,689,pause,NA,NA,NA,NA,0.0,0,-43.51,-38.08,[],0,0,[],[]
20514710,20515840,NA,MAF,0.0,689,pause,NA,NA,NA,NA,0.0,0,-40.16,-26.43,[],0,0,[],[]
20515840,20517420,NA,OLN,0.0,689,pause,NA,NA,NA,NA,0.0,0,-25.44,-7.21,[],0,0,[],[]
20517420,20520000,NA,NOF,0.0,689,pause,NA,NA,NA,NA,0.0,0,-22.45,-7.38,[],0,0,[],[]
20520000,20523680,CHI,CHN,0.0,689,CM,EC,0,NT,FI,1.0,3510,-16.43,-4.09,"[{'Canonical-syllable': '0', 'Growl': '0', 'High-freq-energy': '0', 'Long-island': '1', 'Low-tilt-spectrum': '5', 'Medium-island': '1', 'Short-island': '3', 'Squeal': '0', 'Typical-entropy': '6', 'Voicing-quality': '6', 'Wide-band': '0', 'Xlong-island': '1', 'seq': '1', 'end': 20523.51, 'start': 20520.0}]",0,0,[],[]
20523680,20526330,NA,NOF,0.0,690,pause,NA,NA,NA,NA,0.0,0,-50.16,-38.76,[],0,0,[],[]
20526330,20527340,NA,MAF,0.0,690,pause,NA,NA,NA,NA,0.0,0,-42.39,-33.14,[],0,0,[],[]
20527340,20528670,NA,NOF,0.0,690,pause,NA,NA,NA,NA,0.0,0,-48.44,-42.62,[],0,0,[],[]
20528670,20529470,NA,SIL,0.0,690,pause,NA,NA,NA,NA,0.0,0,-55.33,-49.82,[],0,0,[],[]
20529470,20530890,FEM,FAN,6.82,690,AICF,BC,0,NT,FI,0.0,0,-39.87,-33.82,[],0,0,[],[]
20530890,20533360,NA,OLN,0.0,690,AICF,NA,NA,NA,NA,0.0,0,-34.78,-22.66,[],0,0,[],[]
20533360,20534500,NA,NON,0.0,690,AICF,NA,NA,NA,NA,0.0,0,-34.77,-26.56,[],0,0,[],[]
20534500,20535710,FEM,FAN,1.89,690,AICF,RC,0,TIFI,FH,0.0,0,-29.23,-16.19,[],0,0,[],[]
20535710,20537800,CHI,CHN,0.0,690,AICF,RC,1,TIFR,FI,1.0,2090,-14.37,-8.77,"[{'Canonical-syllable': '0', 'Growl': '0', 'High-freq-energy': '0', 'Long-island': '0', 'Low-tilt-spectrum': '0', 'Medium-island': '0', 'Short-island': '0', 'Squeal': '0', 'Typical-entropy': '0', 'Voicing-quality': '1', 'Wide-band': '0', 'Xlong-island': '1', 'seq': '1', 'end': 20537.8, 'start': 20535.71}]",0,0,[],[]
20537800,20538810,FEM,FAN,3.95,690,AICF,RC,1,TIFI,FI,0.0,0,-36.27,-25.61,[],0,0,[],[]
20538810,20539730,NA,NOF,0.0,690,AICF,NA,NA,NA,NA,0.0,0,-40.86,-32.0,[],0,0,[],[]
20539730,20540670,NA,OLN,0.0,690,AICF,NA,NA,NA,NA,0.0,0,-26.1,-15.73,[],0,0,[],[]
20540670,20542170,CHI,CHN,0.0,690,AICF,RC,2,TIFR,FI,1.0,910,-18.62,-7.94,"[{'Canonical-syllable': '0', 'Growl': '0', 'High-freq-energy': '0', 'Long-island': '0', 'Low-tilt-spectrum': '0', 'Medium-island': '0', 'Short-island': '0', 'Squeal': '0', 'Typical-entropy': '1', 'Voicing-quality': '1', 'Wide-band': '1', 'Xlong-island': '1', 'seq': '1', 'end': 20541.96, 'start': 20541.05}]",0,0,[],[]
20542170,20543930,FEM,FAN,5.34,690,AICF,RC,2,TIFI,FI,0.0,0,-22.37,-12.7,[],0,0,[],[]
20543930,20544990,NA,OLF,0.0,690,AICF,NA,NA,NA,NA,0.0,0,-38.76,-29.5,[],0,0,[],[]
20544990,20545720,CHI,CHN,0.0,690,AICF,RC,3,TIFR,FI,1.0,730,-17.76,-11.67,"[{'Canonical-syllable': '1', 'Growl': '0', 'High-freq-energy': '0', 'Long-island': '0', 'Low-tilt-spectrum': '2', 'Medium-island': '0', 'Short-island': '3', 'Squeal': '0', 'Typical-entropy': '0', 'Voicing-quality': '3', 'Wide-band': '0', 'Xlong-island': '0', 'seq': '1', 'end': 20545.72, 'start': 20544.99}]",0,0,[],[]
20545720,20546520,NA,OLN,0.0,690,AICF,NA,NA,NA,NA,0.0,0,-27.41,-19.16,[],0,0,[],[]
20546520,20547590,FEM,FAN,5.76,690,AICF,RC,3,TIFI,FI,0.0,0,-30.88,-24.7,[],0,0,[],[]
20547590,20548190,CHI,CHN,0.0,690,AICF,RC,4,TIFR,FI,1.0,600,-28.07,-20.39,"[{'Canonical-syllable': '0', 'Growl': '0', 'High-freq-energy': '0', 'Long-island': '0', 'Low-tilt-spectrum': '0', 'Medium-island': '1', 'Short-island': '0', 'Squeal': '0', 'Typical-entropy': '0', 'Voicing-quality': '1', 'Wide-band': '0', 'Xlong-island': '0', 'seq': '1', 'end': 20548.19, 'start': 20547.85}]",0,0,[],[]
20548190,20549360,FEM,FAN,6.08,690,AICF,RC,4,TIFE,FI,0.0,0,-30.1,-21.46,[],0,0,[],[]
20549360,20550160,NA,NOF,0.0,690,AICF,NA,NA,NA,NA,0.0,0,-51.36,-46.35,[],0,0,[],[]
20550160,20550960,NA,SIL,0.0,690,AICF,NA,NA,NA,NA,0.0,0,-54.06,-48.76,[],0,0,[],[]
20550960,20551710,FEM,FAN,4.0,690,AICF,RC,4,TIFI,FH,0.0,0,-28.06,-19.58,[],0,0,[],[]
20551710,20552540,NA,NOF,0.0,690,AICF,NA,NA,NA,NA,0.0,0,-47.93,-40.57,[],0,0,[],[]
20552540,20554370,CHI,CHN,0.0,690,AICF,RC,5,TIFR,FI,2.0,1430,-23.44,-14.33,"[{'Canonical-syllable': '2', 'Growl': '0', 'High-freq-energy': '0', 'Long-island': '0', 'Low-tilt-spectrum': '0', 'Medium-island': '1', 'Short-island': '2', 'Squeal': '0', 'Typical-entropy': '3', 'Voicing-quality': '3', 'Wide-band': '0', 'Xlong-island': '0', 'seq': '1', 'end': 20553.71, 'start': 20552.54}, {'Canonical-syllable': '0', 'Growl': '0', 'High-freq-energy': '0', 'Long-island': '0', 'Low-tilt-spectrum': '0', 'Medium-island': '0', 'Short-island': '1', 'Squeal': '0', 'Typical-entropy': '1', 'Voicing-quality': '1', 'Wide-band': '1', 'Xlong-island': '0', 'seq': '2', 'end': 20554.37, 'start': 20554.11}]",0,0,[],[]
20554370,20555450,FEM,FAN,5.18,690,AICF,RC,5,TIFI,FI,0.0,0,-29.45,-19.7,[],0,0,[],[]
20555450,20556250,CHI,CHN,0.0,690,AICF,RC,6,TIFR,FI,1.0,440,-21.18,-15.58,"[{'Canonical-syllable': '1', 'Growl': '0', 'High-freq-energy': '0', 'Long-island': '0', 'Low-tilt-spectrum': '1', 'Medium-island': '1', 'Short-island': '0', 'Squeal': '0', 'Typical-entropy': '1', 'Voicing-quality': '1', 'Wide-band': '0', 'Xlong-island': '0', 'seq': '1', 'end': 20555.89, 'start': 20555.45}]",0,0,[],[]
20556250,20558190,FEM,FAN,5.91,690,AICF,RC,6,TIFI,FI,0.0,0,-21.85,-11.69,[],0,0,[],[]
20558190,20562900,CHI,CHN,0.0,690,AICF,RC,7,TIFR,FI,2.0,1750,-20.65,-8.1,"[{'Canonical-syllable': '0', 'Growl': '0', 'High-freq-energy': '0', 'Long-island': '0', 'Low-tilt-spectrum': '0', 'Medium-island': '0', 'Short-island': '0', 'Squeal': '0', 'Typical-entropy': '0', 'Voicing-quality': '1', 'Wide-band': '0', 'Xlong-island': '1', 'seq': '1', 'end': 20559.27, 'start': 20558.19}, {'Canonical-syllable': '0', 'Growl': '1', 'High-freq-energy': '0', 'Long-island': '0', 'Low-tilt-spectrum': '1', 'Medium-island': '1', 'Short-island': '0', 'Squeal': '0', 'Typical-entropy': '2', 'Voicing-quality': '2', 'Wide-band': '0', 'Xlong-island': '0', 'seq': '2', 'end': 20562.81, 'start': 20562.14}]",0,0,[],[]
20562900,20566640,NA,NOF,0.0,690,AICF,NA,NA,NA,NA,0.0,0,-42.94,-27.17,[],0,0,[],[]
20566640,20567390,CHI,CHN,0.0,690,AICF,RC,7,NT,FH,1.0,750,-17.06,-8.9,"[{'Canonical-syllable': '0', 'Growl': '0', 'High-freq-energy': '0', 'Long-island': '0', 'Low-tilt-spectrum': '0', 'Medium-island': '1', 'Short-island': '0', 'Squeal': '0', 'Typical-entropy': '1', 'Voicing-quality': '1', 'Wide-band': '0', 'Xlong-island': '0', 'seq': '1', 'end': 20567.39, 'start': 20566.64}]",0,0,[],[]
20567390,20568310,NA,NOF,0.0,690,AICF,NA,NA,NA,NA,0.0,0,-43.46,-36.68,[],0,0,[],[]
20568310,20570370,FEM,FAN,7.8,690,AICF,RC,7,TIFI,FI,0.0,0,-31.85,-23.22,[],0,0,[],[]
20570370,20571320,NA,OLF,0.0,690,AICF,NA,NA,NA,NA,0.0,0,-45.27,-36.58,[],0,0,[],[]
20571320,20571920,CHI,CHN,0.0,690,AICF,RC,8,TIFR,FI,1.0,470,-17.67,-9.86,"[{'Canonical-syllable': '0', 'Growl': '0', 'High-freq-energy': '0', 'Long-island': '0', 'Low-tilt-spectrum': '0', 'Medium-island': '1', 'Short-island': '0', 'Squeal': '0', 'Typical-entropy': '0', 'Voicing-quality': '1', 'Wide-band': '1', 'Xlong-island': '0', 'seq': '1', 'end': 20571.79, 'start': 20571.32}]",0,0,[],[]
20571920,20573440,NA,NOF,0.0,690,AICF,NA,NA,NA,NA,0.0,0,-38.13,-22.94,[],0,0,[],[]
20573440,20574440,FEM,FAN,1.79,690,AICF,RC,8,TIFE,FI,0.0,0,-32.52,-24.86,[],0,0,[],[]
20574440,20575240,NA,SIL,0.0,690,AICF,NA,NA,NA,NA,0.0,0,-53.97,-46.22,[],0,0,[],[]
20575240,20575990,OCH,CXN,0.0,690,AICF,EC,8,NT,FI,0.0,0,-33.85,-25.17,[],0,0,[],[]
20575990,20577400,NA,OLF,0.0,691,pause,NA,NA,NA,NA,0.0,0,-37.88,-30.57,[],0,0,[],[]
20577400,20578600,NA,NOF,0.0,691,pause,NA,NA,NA,NA,0.0,0,-35.92,-22.2,[],0,0,[],[]
20578600,20579560,NA,OLN,0.0,691,pause,NA,NA,NA,NA,0.0,0,-28.21,-16.83,[],0,0,[],[]
20579560,20582190,NA,NOF,0.0,691,pause,NA,NA,NA,NA,0.0,0,-30.38,-15.21,[],0,0,[],[]
20582190,20583660,FEM,FAN,5.84,691,AMF,EC,0,NT,FI,0.0,0,-33.61,-25.72,[],0,0,[],[]
20583660,20584640,NA,TVF,0.0,692,pause,NA,NA,NA,NA,0.0,0,-41.45,-31.17,[],0,0,[],[]
20584640,20585720,NA,TVN,0.0,692,pause,NA,NA,NA,NA,0.0,0,-44.52,-39.86,[],0,0,[],[]
20585720,20587270,NA,SIL,0.0,692,pause,NA,NA,NA,NA,0.0,0,-52.02,-46.02,[],0,0,[],[]
20587270,20588670,NA,NOF,0.0,692,pause,NA,NA,NA,NA,0.0,0,-42.91,-30.54,[],0,0,[],[]
20588670,20589490,NA,OLN,0.0,692,pause,NA,NA,NA,NA,0.0,0,-26.61,-11.31,[],0,0,[],[]
20589490,20590990,FEM,FAN,3.45,692,AIOCF,BC,0,NT,FI,0.0,0,-39.75,-30.51,[],0,0,[],[]
20590990,20592720,NA,NOF,0.0,692,AIOCF,NA,NA,NA,NA,0.0,0,-27.29,-5.0,[],0,0,[],[]
20592720,20593890,NA,OLN,0.0,692,AIOCF,NA,NA,NA,NA,0.0,0,-31.73,-24.95,[],0,0,[],[]
20593890,20595300,OCH,CXN,0.0,692,AIOCF,RC,0,NT,FI,0.0,0,-33.85,-21.07,[],0,0,[],[]
20595300,20596470,FEM,FAN,6.81,692,AIOCF,RC,0,NT,FI,0.0,0,-30.46,-19.29,[],0,0,[],[]
20596470,20597420,OCH,CXN,0.0,692,AIOCF,EC,0,NT,FI,0.0,0,-32.23,-23.19,[],0,0,[],[]
20597420,20598220,NA,OLN,0.0,693,pause,NA,NA,NA,NA,0.0,0,-25.26,-9.18,[],0,0,[],[]
20598220,20601850,NA,NOF,0.0,693,pause,NA,NA,NA,NA,0.0,0,-47.52,-31.39,[],0,0,[],[]
20601850,20602470,CHI,CHN,0.0,693,pause,NA,NA,NA,NA,0.0,0,-18.89,-13.86,[],0,530,[],"[{'start': 20601.85, 'end': 20602.38}]"
20602470,20604170,NA,OLF,0.0,693,pause,NA,NA,NA,NA,0.0,0,-37.17,-25.23,[],0,0,[],[]
20604170,20604880,CHI,CHN,0.0,693,CM,EC,0,NT,FI,1.0,710,-35.17,-29.35,"[{'Canonical-syllable': '0', 'Growl': '0', 'High-freq-energy': '0', 'Long-island': '0', 'Low-tilt-spectrum': '0', 'Medium-island': '1', 'Short-island': '1', 'Squeal': '0', 'Typical-entropy': '0', 'Voicing-quality': '2', 'Wide-band': '0', 'Xlong-island': '0', 'seq': '1', 'end': 20604.88, 'start': 20604.17}]",0,0,[],[]
20604880,20605680,NA,SIL,0.0,694,pause,NA,NA,NA,NA,0.0,0,-53.61,-47.8,[],0,0,[],[]
20605680,20607450,NA,NOF,0.0,694,pause,NA,NA,NA,NA,0.0,0,-41.99,-27.98,[],0,0,[],[]
20607450,20608260,NA,SIL,0.0,694,pause,NA,NA,NA,NA,0.0,0,-46.96,-35.13,[],0,0,[],[]
20608260,20609970,NA,NOF,0.0,694,pause,NA,NA,NA,NA,0.0,0,-46.41,-38.22,[],0,0,[],[]
20609970,20611640,FEM,FAN,8.78,694,AICF,BC,0,TIFI,FI,0.0,0,-34.44,-22.35,[],0,0,[],[]
20611640,20613070,NA,NOF,0.0,694,AICF,NA,NA,NA,NA,0.0,0,-44.74,-34.7,[],0,0,[],[]
20613070,20614490,CHI,CHN,0.0,694,AICF,RC,1,TIFR,FI,1.0,1420,-21.12,-10.6,"[{'Canonical-syllable': '2', 'Growl': '0', 'High-freq-energy': '0', 'Long-island': '0', 'Low-tilt-spectrum': '0', 'Medium-island': '0', 'Short-island': '5', 'Squeal': '0', 'Typical-entropy': '1', 'Voicing-quality': '5', 'Wide-band': '0', 'Xlong-island': '0', 'seq': '1', 'end': 20614.49, 'start': 20613.07}]",0,0,[],[]
20614490,20616620,FEM,FAN,5.29,694,AICF,EC,1,TIFE,FI,0.0,0,-37.41,-25.35,[],0,0,[],[]
20616620,20619390,NA,SIL,0.0,695,pause,NA,NA,NA,NA,0.0,0,-54.65,-48.28,[],0,0,[],[]
20619390,20622180,NA,NOF,0.0,695,pause,NA,NA,NA,NA,0.0,0,-52.07,-37.17,[],0,0,[],[]
20622180,20624140,NA,SIL,0.0,695,pause,NA,NA,NA,NA,0.0,0,-52.79,-40.28,[],0,0,[],[]
20624140,20627020,NA,NOF,0.0,695,pause,NA,NA,NA,NA,0.0,0,-27.04,-5.52,[],0,0,[],[]
20627020,20628490,CHI,CHN,0.0,695,CM,EC,0,NT,FI,1.0,1470,-18.45,-8.65,"[{'Canonical-syllable': '0', 'Growl': '0', 'High-freq-energy': '0', 'Long-island': '0', 'Low-tilt-spectrum': '1', 'Medium-island': '0', 'Short-island': '0', 'Squeal': '0', 'Typical-entropy': '2', 'Voicing-quality': '2', 'Wide-band': '0', 'Xlong-island': '1', 'seq': '1', 'end': 20628.49, 'start': 20627.11}]",0,0,[],[]
20628490,20629670,NA,NOF,0.0,696,pause,NA,NA,NA,NA,0.0,0,-45.17,-29.83,[],0,0,[],[]
20629670,20630470,NA,SIL,0.0,696,pause,NA,NA,NA,NA,0.0,0,-54.27,-46.52,[],0,0,[],[]
20630470,20634740,NA,NOF,0.0,696,pause,NA,NA,NA,NA,0.0,0,-44.46,-25.67,[],0,0,[],[]
20634740,20635410,FEM,FAN,0.0,696,pause,NA,NA,NA,NA,0.0,0,-33.49,-26.95,[],670,0,[],[]
20635410,20636830,NA,SIL,0.0,696,pause,NA,NA,NA,NA,0.0,0,-24.73,-7.09,[],0,0,[],[]
20636830,20637900,NA,NOF,0.0,696,pause,NA,NA,NA,NA,0.0,0,-46.23,-38.37,[],0,0,[],[]
20637900,20638730,NA,SIL,0.0,696,pause,NA,NA,NA,NA,0.0,0,-52.45,-46.14,[],0,0,[],[]
20638730,20643810,NA,NOF,0.0,696,pause,NA,NA,NA,NA,0.0,0,-42.98,-18.75,[],0,0,[],[]
20643810,20645570,NA,SIL,0.0,696,pause,NA,NA,NA,NA,0.0,0,-56.47,-49.47,[],0,0,[],[]
20645570,20651050,NA,NOF,0.0,696,pause,NA,NA,NA,NA,0.0,0,-46.21,-32.77,[],0,0,[],[]
20651050,20653080,FEM,FAN,2.61,696,AICF,BC,0,NT,FI,0.0,0,-36.24,-28.11,[],0,0,[],[]
20653080,20654230,NA,SIL,0.0,696,AICF,NA,NA,NA,NA,0.0,0,-54.22,-47.62,[],0,0,[],[]
20654230,20656970,FEM,FAN,9.72,696,AICF,RC,0,NT,FH,0.0,0,-35.24,-26.16,[],0,0,[],[]
20656970,20657950,NA,NOF,0.0,696,AICF,NA,NA,NA,NA,0.0,0,-40.67,-26.71,[],0,0,[],[]
20657950,20658980,OCH,CXN,0.0,696,AICF,RC,0,NT,FI,0.0,0,-27.96,-17.96,[],0,0,[],[]
20658980,20660760,CHI,CHN,0.0,696,AICF,RC,0,TIFI,FI,1.0,1350,-25.05,-15.0,"[{'Canonical-syllable': '2', 'Growl': '0', 'High-freq-energy': '0', 'Long-island': '0', 'Low-tilt-spectrum': '0', 'Medium-island': '2', 'Short-island': '1', 'Squeal': '0', 'Typical-entropy': '1', 'Voicing-quality': '3', 'Wide-band': '0', 'Xlong-island': '0', 'seq': '1', 'end': 20660.33, 'start': 20658.98}]",0,0,[],[]
20660760,20662690,FEM,FAN,5.72,696,AICF,RC,1,TIFR,FI,0.0,0,-34.13,-26.04,[],0,0,[],[]
20662690,20663610,NA,NOF,0.0,696,AICF,NA,NA,NA,NA,0.0,0,-40.67,-23.88,[],0,0,[],[]
20663610,20665010,CHI,CHN,0.0,696,AICF,RC,1,TIFI,FI,1.0,1400,-22.83,-16.32,"[{'Canonical-syllable': '0', 'Growl': '0', 'High-freq-energy': '0', 'Long-island': '1', 'Low-tilt-spectrum': '0', 'Medium-island': '1', 'Short-island': '0', 'Squeal': '0', 'Typical-entropy': '2', 'Voicing-quality': '2', 'Wide-band': '0', 'Xlong-island': '0', 'seq': '1', 'end': 20665.01, 'start': 20663.61}]",0,0,[],[]
20665010,20666430,FEM,FAN,4.98,696,AICF,RC,2,TIFR,FI,0.0,0,-19.97,-4.99,[],0,0,[],[]
20666430,20668270,NA,SIL,0.0,696,AICF,NA,NA,NA,NA,0.0,0,-46.66,-41.28,[],0,0,[],[]
20668270,20669270,CHI,CHN,0.0,696,AICF,RC,2,TIFE,FI,1.0,1000,-18.65,-11.5,"[{'Canonical-syllable': '0', 'Growl': '0', 'High-freq-energy': '0', 'Long-island': '0', 'Low-tilt-spectrum': '0', 'Medium-island': '2', 'Short-island': '0', 'Squeal': '0', 'Typical-entropy': '2', 'Voicing-quality': '2', 'Wide-band': '0', 'Xlong-island': '0', 'seq': '1', 'end': 20669.27, 'start': 20668.27}]",0,0,[],[]
20669270,20669870,OCH,CXN,0.0,696,AICF,RC,2,NT,FI,0.0,0,-37.17,-27.12,[],0,0,[],[]
20669870,20670870,FEM,FAN,1.63,696,AICF,RC,2,TIFI,FI,0.0,0,-35.75,-27.73,[],0,0,[],[]
20670870,20672500,NA,NOF,0.0,696,AICF,NA,NA,NA,NA,0.0,0,-47.88,-34.69,[],0,0,[],[]
20672500,20674280,CHI,CHN,0.0,696,AICF,RC,3,TIFR,FI,1.0,1540,-23.41,-16.56,"[{'Canonical-syllable': '0', 'Growl': '0', 'High-freq-energy': '1', 'Long-island': '0', 'Low-tilt-spectrum': '0', 'Medium-island': '2', 'Short-island': '1', 'Squeal': '0', 'Typical-entropy': '2', 'Voicing-quality': '3', 'Wide-band': '0', 'Xlong-island': '0', 'seq': '1', 'end': 20674.04, 'start': 20672.5}]",0,0,[],[]
20674280,20676090,NA,SIL,0.0,696,AICF,NA,NA,NA,NA,0.0,0,-48.28,-30.74,[],0,0,[],[]
20676090,20677020,NA,NOF,0.0,696,AICF,NA,NA,NA,NA,0.0,0,-38.09,-24.02,[],0,0,[],[]
20677020,20678630,CHI,CHN,0.0,696,AICF,EC,3,NT,FH,1.0,1610,-21.7,-13.27,"[{'Canonical-syllable': '1', 'Growl': '0', 'High-freq-energy': '0', 'Long-island': '1', 'Low-tilt-spectrum': '1', 'Medium-island': '1', 'Short-island': '0', 'Squeal': '0', 'Typical-entropy': '2', 'Voicing-quality': '3', 'Wide-band': '0', 'Xlong-island': '0', 'seq': '1', 'end': 20678.63, 'start': 20677.02}]",0,0,[],[]
20678630,20679490,NA,OLF,0.0,697,pause,NA,NA,NA,NA,0.0,0,-35.85,-24.23,[],0,0,[],[]
20679490,20680460,NA,SIL,0.0,697,pause,NA,NA,NA,NA,0.0,0,-49.4,-37.86,[],0,0,[],[]
20680460,20683360,NA,NOF,0.0,697,pause,NA,NA,NA,NA,0.0,0,-35.92,-15.58,[],0,0,[],[]
20683360,20684360,NA,TVN,0.0,697,pause,NA,NA,NA,NA,0.0,0,-27.53,-20.37,[],0,0,[],[]
20684360,20685230,CHI,CHN,0.0,697,CM,BC,0,NT,FI,1.0,870,-20.3,-13.82,"[{'Canonical-syllable': '1', 'Growl': '0', 'High-freq-energy': '0', 'Long-island': '0', 'Low-tilt-spectrum': '0', 'Medium-island': '1', 'Short-island': '0', 'Squeal': '0', 'Typical-entropy': '1', 'Voicing-quality': '2', 'Wide-band': '0', 'Xlong-island': '0', 'seq': '1', 'end': 20685.23, 'start': 20684.64}]",0,0,[],[]
20685230,20686670,NA,SIL,0.0,697,CM,NA,NA,NA,NA,0.0,0,-47.81,-32.54,[],0,0,[],[]
20686670,20687670,MAL,MAN,0.0,697,CM,NA,NA,NA,NA,0.0,0,-37.91,-32.45,[],1000,0,[],[]
20687670,20688480,NA,SIL,0.0,697,CM,NA,NA,NA,NA,0.0,0,-51.95,-38.82,[],0,0,[],[]
20688480,20690100,NA,NOF,0.0,697,CM,NA,NA,NA,NA,0.0,0,-45.94,-38.06,[],0,0,[],[]
20690100,20691260,CHI,CHN,0.0,697,CM,RC,0,NT,FH,1.0,1160,-19.6,-11.87,"[{'Canonical-syllable': '1', 'Growl': '0', 'High-freq-energy': '0', 'Long-island': '0', 'Low-tilt-spectrum': '0', 'Medium-island': '1', 'Short-island': '3', 'Squeal': '0', 'Typical-entropy': '0', 'Voicing-quality': '4', 'Wide-band': '1', 'Xlong-island': '0', 'seq': '1', 'end': 20691.26, 'start': 20690.1}]",0,0,[],[]
20691260,20693560,CHI,CHN,0.0,697,CM,EC,0,NT,FH,2.0,1530,-16.97,-7.58,"[{'Canonical-syllable': '1', 'Growl': '0', 'High-freq-energy': '0', 'Long-island': '1', 'Low-tilt-spectrum': '0', 'Medium-island': '1', 'Short-island': '0', 'Squeal': '0', 'Typical-entropy': '0', 'Voicing-quality': '2', 'Wide-band': '0', 'Xlong-island': '0', 'seq': '1', 'end': 20692.41, 'start': 20691.26}, {'Canonical-syllable': '1', 'Growl': '0', 'High-freq-energy': '0', 'Long-island': '0', 'Low-tilt-spectrum': '1', 'Medium-island': '0', 'Short-island': '1', 'Squeal': '0', 'Typical-entropy': '2', 'Voicing-quality': '1', 'Wide-band': '0', 'Xlong-island': '0', 'seq': '2', 'end': 20693.14, 'start': 20692.76}]",0,0,[],[]
20693560,20694400,NA,SIL,0.0,698,pause,NA,NA,NA,NA,0.0,0,-57.14,-49.81,[],0,0,[],[]
20694400,20695400,FEM,FAN,0.0,698,pause,NA,NA,NA,NA,0.0,0,-44.26,-33.52,[],1000,0,[],[]
20695400,20697970,NA,NOF,0.0,698,pause,NA,NA,NA,NA,0.0,0,-46.0,-32.7,[],0,0,[],[]
20697970,20699710,NA,SIL,0.0,698,pause,NA,NA,NA,NA,0.0,0,-57.83,-52.29,[],0,0,[],[]
20699710,20700730,NA,NOF,0.0,698,pause,NA,NA,NA,NA,0.0,0,-22.6,-9.97,[],0,0,[],[]
20700730,20701530,NA,SIL,0.0,698,pause,NA,NA,NA,NA,0.0,0,-53.61,-42.29,[],0,0,[],[]
20701530,20702880,NA,NOF,0.0,698,pause,NA,NA,NA,NA,0.0,0,-36.01,-23.88,[],0,0,[],[]
20702880,20703730,NA,SIL,0.0,698,pause,NA,NA,NA,NA,0.0,0,-51.96,-44.12,[],0,0,[],[]
20703730,20705000,NA,NOF,0.0,698,pause,NA,NA,NA,NA,0.0,0,-39.44,-22.56,[],0,0,[],[]
20705000,20705800,NA,SIL,0.0,698,pause,NA,NA,NA,NA,0.0,0,-54.28,-43.62,[],0,0,[],[]
20705800,20706600,NA,NOF,0.0,698,pause,NA,NA,NA,NA,0.0,0,-52.92,-47.21,[],0,0,[],[]
20706600,20707400,NA,SIL,0.0,698,pause,NA,NA,NA,NA,0.0,0,-54.31,-46.26,[],0,0,[],[]
20707400,20708620,FEM,FAN,5.66,698,AICF,BC,0,TIFI,FI,0.0,0,-41.97,-34.04,[],0,0,[],[]
20708620,20709820,NA,NOF,0.0,698,AICF,NA,NA,NA,NA,0.0,0,-22.14,-4.74,[],0,0,[],[]
20709820,20710880,NA,SIL,0.0,698,AICF,NA,NA,NA,NA,0.0,0,-56.58,-51.29,[],0,0,[],[]
20710880,20711680,NA,NOF,0.0,698,AICF,NA,NA,NA,NA,0.0,0,-52.14,-44.14,[],0,0,[],[]
20711680,20712280,CHI,CHN,0.0,698,AICF,RC,1,TIFR,FI,1.0,600,-25.68,-21.21,"[{'Canonical-syllable': '0', 'Growl': '0', 'High-freq-energy': '0', 'Long-island': '0', 'Low-tilt-spectrum': '0', 'Medium-island': '1', 'Short-island': '0', 'Squeal': '0', 'Typical-entropy': '0', 'Voicing-quality': '1', 'Wide-band': '0', 'Xlong-island': '0', 'seq': '1', 'end': 20712.28, 'start': 20711.78}]",0,0,[],[]
20712280,20713440,OCH,CXN,0.0,698,AICF,RC,1,NT,FI,0.0,0,-25.62,-17.91,[],0,0,[],[]
20713440,20715590,CHI,CHN,0.0,698,AICF,RC,1,NT,FI,3.0,1360,-29.23,-22.41,"[{'Canonical-syllable': '1', 'Growl': '0', 'High-freq-energy': '0', 'Long-island': '0', 'Low-tilt-spectrum': '1', 'Medium-island': '0', 'Short-island': '1', 'Squeal': '0', 'Typical-entropy': '0', 'Voicing-quality': '1', 'Wide-band': '0', 'Xlong-island': '0', 'seq': '1', 'end': 20713.58, 'start': 20713.44}, {'Canonical-syllable': '0', 'Growl': '0', 'High-freq-energy': '0', 'Long-island': '1', 'Low-tilt-spectrum': '0', 'Medium-island': '0', 'Short-island': '0', 'Squeal': '0', 'Typical-entropy': '0', 'Voicing-quality': '1', 'Wide-band': '1', 'Xlong-island': '0', 'seq': '2', 'end': 20714.58, 'start': 20713.91}, {'Canonical-syllable': '0', 'Growl': '0', 'High-freq-energy': '0', 'Long-island': '0', 'Low-tilt-spectrum': '0', 'Medium-island': '1', 'Short-island': '0', 'Squeal': '0', 'Typical-entropy': '1', 'Voicing-quality': '1', 'Wide-band': '0', 'Xlong-island': '0', 'seq': '3', 'end': 20715.59, 'start': 20715.04}]",0,0,[],[]
20715590,20716590,CHI,CHN,0.0,698,AICF,RC,1,NT,FH,1.0,420,-19.32,-10.77,"[{'Canonical-syllable': '0', 'Growl': '0', 'High-freq-energy': '0', 'Long-island': '0', 'Low-tilt-spectrum': '0', 'Medium-island': '1', 'Short-island': '0', 'Squeal': '1', 'Typical-entropy': '0', 'Voicing-quality': '1', 'Wide-band': '0', 'Xlong-island': '0', 'seq': '1', 'end': 20716.38, 'start': 20715.96}]",0,0,[],[]
20716590,20717570,CHI,CHN,0.0,698,AICF,EC,1,NT,FH,1.0,980,-22.4,-13.47,"[{'Canonical-syllable': '1', 'Growl': '0', 'High-freq-energy': '0', 'Long-island': '0', 'Low-tilt-spectrum': '0', 'Medium-island': '1', 'Short-island': '1', 'Squeal': '0', 'Typical-entropy': '1', 'Voicing-quality': '2', 'Wide-band': '0', 'Xlong-island': '0', 'seq': '1', 'end': 20717.57, 'start': 20716.75}]",0,0,[],[]
20717570,20718380,NA,NOF,0.0,699,pause,NA,NA,NA,NA,0.0,0,-47.13,-34.73,[],0,0,[],[]
20718380,20719180,NA,SIL,0.0,699,pause,NA,NA,NA,NA,0.0,0,-32.51,-14.4,[],0,0,[],[]
20719180,20721890,NA,NOF,0.0,699,pause,NA,NA,NA,NA,0.0,0,-46.86,-30.45,[],0,0,[],[]
20721890,20722720,NA,SIL,0.0,699,pause,NA,NA,NA,NA,0.0,0,-53.9,-50.24,[],0,0,[],[]
20722720,20732400,NA,NOF,0.0,699,pause,NA,NA,NA,NA,0.0,0,-46.93,-30.57,[],0,0,[],[]
20732400,20735790,MAL,MAN,7.21,699,AMM,EC,0,NT,FI,0.0,0,-30.81,-21.87,[],0,0,[],[]
20735790,20745190,NA,NOF,0.0,700,pause,NA,NA,NA,NA,0.0,0,-38.69,-20.48,[],0,0,[],[]
20745190,20746240,NA,MAF,0.0,700,pause,NA,NA,NA,NA,0.0,0,-44.54,-33.42,[],0,0,[],[]
20746240,20747060,NA,NOF,0.0,700,pause,NA,NA,NA,NA,0.0,0,-50.07,-40.27,[],0,0,[],[]
20747060,20748600,NA,TVN,0.0,700,pause,NA,NA,NA,NA,0.0,0,-31.19,-23.74,[],0,0,[],[]
20748600,20749960,NA,OLN,0.0,700,pause,NA,NA,NA,NA,0.0,0,-18.48,-11.67,[],0,0,[],[]
20749960,20751100,NA,FAF,0.0,700,pause,NA,NA,NA,NA,0.0,0,-39.05,-31.45,[],0,0,[],[]
20751100,20752030,NA,OLF,0.0,700,pause,NA,NA,NA,NA,0.0,0,-36.63,-26.68,[],0,0,[],[]
20752030,20753110,NA,TVN,0.0,700,pause,NA,NA,NA,NA,0.0,0,-30.2,-24.07,[],0,0,[],[]
20753110,20753970,NA,NOF,0.0,700,pause,NA,NA,NA,NA,0.0,0,-42.25,-32.19,[],0,0,[],[]
20753970,20754770,NA,SIL,0.0,700,pause,NA,NA,NA,NA,0.0,0,-50.27,-35.06,[],0,0,[],[]
20754770,20755570,NA,NOF,0.0,700,pause,NA,NA,NA,NA,0.0,0,-48.36,-38.73,[],0,0,[],[]
20755570,20756320,OCH,CXN,0.0,700,XIOCC,BC,0,NT,FI,0.0,0,-23.66,-18.83,[],0,0,[],[]
20756320,20757120,OCH,CXN,0.0,700,XIOCC,RC,0,NT,FH,0.0,0,-31.3,-26.63,[],0,0,[],[]
20757120,20758120,CHI,CHN,0.0,700,XIOCC,RC,0,NT,FI,1.0,1000,-22.61,-17.39,"[{'Canonical-syllable': '2', 'Growl': '0', 'High-freq-energy': '0', 'Long-island': '0', 'Low-tilt-spectrum': '0', 'Medium-island': '2', 'Short-island': '0', 'Squeal': '0', 'Typical-entropy': '0', 'Voicing-quality': '2', 'Wide-band': '0', 'Xlong-island': '0', 'seq': '1', 'end': 20758.12, 'start': 20757.12}]",0,0,[],[]
20758120,20758830,CHI,CHN,0.0,700,XIOCC,RC,0,NT,FH,1.0,710,-17.02,-14.51,"[{'Canonical-syllable': '1', 'Growl': '0', 'High-freq-energy': '0', 'Long-island': '0', 'Low-tilt-spectrum': '0', 'Medium-island': '1', 'Short-island': '1', 'Squeal': '0', 'Typical-entropy': '0', 'Voicing-quality': '2', 'Wide-band': '0', 'Xlong-island': '0', 'seq': '1', 'end': 20758.83, 'start': 20758.12}]",0,0,[],[]
20758830,20760220,OCH,CXN,0.0,700,XIOCC,RC,0,NT,FI,0.0,0,-21.83,-16.56,[],0,0,[],[]
20760220,20760820,CHI,CHN,0.0,700,XIOCC,RC,0,NT,FI,1.0,600,-22.99,-19.65,"[{'Canonical-syllable': '0', 'Growl': '0', 'High-freq-energy': '0', 'Long-island': '0', 'Low-tilt-spectrum': '0', 'Medium-island': '1', 'Short-island': '0', 'Squeal': '0', 'Typical-entropy': '0', 'Voicing-quality': '1', 'Wide-band': '0', 'Xlong-island': '0', 'seq': '1', 'end': 20760.82, 'start': 20760.43}]",0,0,[],[]
20760820,20761620,OCH,CXN,0.0,700,XIOCC,RC,0,NT,FI,0.0,0,-37.86,-30.42,[],0,0,[],[]
20761620,20763300,CHI,CHN,0.0,700,XIOCC,RC,0,NT,FI,1.0,1550,-32.35,-24.55,"[{'Canonical-syllable': '0', 'Growl': '1', 'High-freq-energy': '0', 'Long-island': '0', 'Low-tilt-spectrum': '0', 'Medium-island': '3', 'Short-island': '0', 'Squeal': '0', 'Typical-entropy': '0', 'Voicing-quality': '3', 'Wide-band': '0', 'Xlong-island': '0', 'seq': '1', 'end': 20763.17, 'start': 20761.62}]",0,0,[],[]
20763300,20764980,OCH,CXN,0.0,700,XIOCC,RC,0,NT,FI,0.0,0,-19.36,-12.29,[],0,0,[],[]
20764980,20765630,CHI,CHN,0.0,700,XIOCC,RC,0,NT,FI,1.0,280,-25.59,-18.46,"[{'Canonical-syllable': '0', 'Growl': '0', 'High-freq-energy': '0', 'Long-island': '0', 'Low-tilt-spectrum': '0', 'Medium-island': '0', 'Short-island': '1', 'Squeal': '0', 'Typical-entropy': '0', 'Voicing-quality': '1', 'Wide-band': '0', 'Xlong-island': '0', 'seq': '1', 'end': 20765.26, 'start': 20764.98}]",0,0,[],[]
20765630,20766440,OCH,CXN,0.0,700,XIOCC,RC,0,NT,FI,0.0,0,-34.68,-27.06,[],0,0,[],[]
20766440,20767240,NA,SIL,0.0,700,XIOCC,NA,NA,NA,NA,0.0,0,-52.87,-45.56,[],0,0,[],[]
20767240,20768360,OCH,CXN,0.0,700,XIOCC,RC,0,NT,FH,0.0,0,-35.21,-30.77,[],0,0,[],[]
20768360,20769320,NA,NOF,0.0,700,XIOCC,NA,NA,NA,NA,0.0,0,-51.55,-41.45,[],0,0,[],[]
20769320,20770420,OCH,CXN,0.0,700,XIOCC,EC,0,NT,FH,0.0,0,-32.43,-22.78,[],0,0,[],[]
20770420,20771860,NA,SIL,0.0,701,pause,NA,NA,NA,NA,0.0,0,-50.89,-41.93,[],0,0,[],[]
20771860,20774150,NA,NOF,0.0,701,pause,NA,NA,NA,NA,0.0,0,-52.5,-44.68,[],0,0,[],[]
20774150,20775170,NA,FAF,0.0,701,pause,NA,NA,NA,NA,0.0,0,-39.08,-30.82,[],0,0,[],[]
20775170,20776940,NA,NOF,0.0,701,pause,NA,NA,NA,NA,0.0,0,-39.27,-19.69,[],0,0,[],[]
20776940,20778660,CHI,CHN,0.0,701,CM,BC,0,NT,FI,1.0,1720,-22.04,-10.42,"[{'Canonical-syllable': '0', 'Growl': '0', 'High-freq-energy': '0', 'Long-island': '0', 'Low-tilt-spectrum': '0', 'Medium-island': '0', 'Short-island': '0', 'Squeal': '0', 'Typical-entropy': '0', 'Voicing-quality': '2', 'Wide-band': '0', 'Xlong-island': '1', 'seq': '1', 'end': 20778.66, 'start': 20776.94}]",0,0,[],[]
20778660,20779490,NA,OLN,0.0,701,CM,NA,NA,NA,NA,0.0,0,-16.64,-4.74,[],0,0,[],[]
20779490,20781800,CHI,CHN,0.0,701,CM,RC,0,NT,FH,1.0,2310,-17.53,-10.25,"[{'Canonical-syllable': '0', 'Growl': '0', 'High-freq-energy': '0', 'Long-island': '0', 'Low-tilt-spectrum': '0', 'Medium-island': '0', 'Short-island': '0', 'Squeal': '0', 'Typical-entropy': '0', 'Voicing-quality': '2', 'Wide-band': '0', 'Xlong-island': '1', 'seq': '1', 'end': 20781.8, 'start': 20779.49}]",0,0,[],[]
20781800,20782800,CHI,CHN,0.0,701,CM,RC,0,NT,FH,1.0,870,-17.06,-12.28,"[{'Canonical-syllable': '0', 'Growl': '0', 'High-freq-energy': '0', 'Long-island': '1', 'Low-tilt-spectrum': '0', 'Medium-island': '0', 'Short-island': '0', 'Squeal': '0', 'Typical-entropy': '0', 'Voicing-quality': '1', 'Wide-band': '0', 'Xlong-island': '0', 'seq': '1', 'end': 20782.67, 'start': 20781.8}]",0,0,[],[]
20782800,20783710,NA,NOF,0.0,701,CM,NA,NA,NA,NA,0.0,0,-39.81,-26.0,[],0,0,[],[]
20783710,20784730,CHI,CHN,0.0,701,CM,RC,0,NT,FH,1.0,780,-23.88,-15.06,"[{'Canonical-syllable': '0', 'Growl': '0', 'High-freq-energy': '0', 'Long-island': '1', 'Low-tilt-spectrum': '0', 'Medium-island': '0', 'Short-island': '0', 'Squeal': '0', 'Typical-entropy': '1', 'Voicing-quality': '1', 'Wide-band': '0', 'Xlong-island': '0', 'seq': '1', 'end': 20784.49, 'start': 20783.87}]",0,0,[],[]
20784730,20785680,CHI,CHN,0.0,701,CM,RC,0,NT,FH,1.0,790,-25.58,-17.48,"[{'Canonical-syllable': '0', 'Growl': '0', 'High-freq-energy': '0', 'Long-island': '1', 'Low-tilt-spectrum': '0', 'Medium-island': '0', 'Short-island': '0', 'Squeal': '0', 'Typical-entropy': '1', 'Voicing-quality': '1', 'Wide-band': '0', 'Xlong-island': '0', 'seq': '1', 'end': 20785.52, 'start': 20784.73}]",0,0,[],[]
20785680,20786490,NA,NOF,0.0,701,CM,NA,NA,NA,NA,0.0,0,-40.3,-22.94,[],0,0,[],[]
20786490,20787420,CHI,CHN,0.0,701,CM,RC,0,NT,FH,1.0,930,-17.74,-13.5,"[{'Canonical-syllable': '0', 'Growl': '0', 'High-freq-energy': '0', 'Long-island': '1', 'Low-tilt-spectrum': '0', 'Medium-island': '0', 'Short-island': '0', 'Squeal': '0', 'Typical-entropy': '0', 'Voicing-quality': '1', 'Wide-band': '0', 'Xlong-island': '0', 'seq': '1', 'end': 20787.42, 'start': 20786.49}]",0,0,[],[]
20787420,20788430,CHI,CHN,0.0,701,CM,RC,0,NT,FH,1.0,890,-19.04,-12.03,"[{'Canonical-syllable': '1', 'Growl': '0', 'High-freq-energy': '0', 'Long-island': '0', 'Low-tilt-spectrum': '0', 'Medium-island': '2', 'Short-island': '0', 'Squeal': '0', 'Typical-entropy': '0', 'Voicing-quality': '2', 'Wide-band': '0', 'Xlong-island': '0', 'seq': '1', 'end': 20788.31, 'start': 20787.42}]",0,0,[],[]
20788430,20791620,CHI,CHN,0.0,701,CM,RC,0,NT,FH,1.0,2820,-14.97,-9.92,"[{'Canonical-syllable': '1', 'Growl': '0', 'High-freq-energy': '0', 'Long-island': '0', 'Low-tilt-spectrum': '0', 'Medium-island': '2', 'Short-island': '0', 'Squeal': '0', 'Typical-entropy': '0', 'Voicing-quality': '3', 'Wide-band': '0', 'Xlong-island': '1', 'seq': '1', 'end': 20791.25, 'start': 20788.43}]",0,0,[],[]
20791620,20792420,NA,NOF,0.0,701,CM,NA,NA,NA,NA,0.0,0,-45.7,-34.04,[],0,0,[],[]
20792420,20793030,CHI,CHN,0.0,701,CM,EC,0,NT,FH,1.0,230,-21.37,-12.65,"[{'Canonical-syllable': '0', 'Growl': '0', 'High-freq-energy': '0', 'Long-island': '0', 'Low-tilt-spectrum': '0', 'Medium-island': '0', 'Short-island': '1', 'Squeal': '0', 'Typical-entropy': '0', 'Voicing-quality': '1', 'Wide-band': '0', 'Xlong-island': '0', 'seq': '1', 'end': 20793.03, 'start': 20792.8}]",0,0,[],[]
20793030,20793830,NA,OLN,0.0,702,pause,NA,NA,NA,NA,0.0,0,-25.01,-17.33,[],0,0,[],[]
20793830,20794650,NA,SIL,0.0,702,pause,NA,NA,NA,NA,0.0,0,-58.84,-55.08,[],0,0,[],[]
20794650,20795710,NA,TVF,0.0,702,pause,NA,NA,NA,NA,0.0,0,-49.57,-40.78,[],0,0,[],[]
20795710,20796890,NA,TVN,0.0,702,pause,NA,NA,NA,NA,0.0,0,-44.34,-36.5,[],0,0,[],[]
20796890,20800570,NA,NOF,0.0,702,pause,NA,NA,NA,NA,0.0,0,-39.51,-22.9,[],0,0,[],[]
20800570,20801730,NA,TVN,0.0,702,pause,NA,NA,NA,NA,0.0,0,-27.57,-18.52,[],0,0,[],[]
20801730,20802640,NA,NOF,0.0,702,pause,NA,NA,NA,NA,0.0,0,-46.74,-36.55,[],0,0,[],[]
20802640,20803710,NA,OLN,0.0,702,pause,NA,NA,NA,NA,0.0,0,-28.32,-20.69,[],0,0,[],[]
20803710,20805110,FEM,FAN,0.0,702,pause,NA,NA,NA,NA,0.0,0,-21.65,-13.12,[],1400,0,[],[]
20805110,20806080,CHI,CHN,0.0,702,CM,EC,0,NT,FI,1.0,970,-20.65,-10.22,"[{'Canonical-syllable': '0', 'Growl': '0', 'High-freq-energy': '0', 'Long-island': '0', 'Low-tilt-spectrum': '0', 'Medium-island': '2', 'Short-island': '0', 'Squeal': '0', 'Typical-entropy': '0', 'Voicing-quality': '2', 'Wide-band': '0', 'Xlong-island': '0', 'seq': '1', 'end': 20806.08, 'start': 20805.11}]",0,0,[],[]
20806080,20808500,NA,OLN,0.0,703,pause,NA,NA,NA,NA,0.0,0,-19.29,-11.11,[],0,0,[],[]
20808500,20810130,NA,NOF,0.0,703,pause,NA,NA,NA,NA,0.0,0,-41.28,-28.79,[],0,0,[],[]
20810130,20810930,NA,SIL,0.0,703,pause,NA,NA,NA,NA,0.0,0,-52.86,-44.47,[],0,0,[],[]
20810930,20812210,NA,NOF,0.0,703,pause,NA,NA,NA,NA,0.0,0,-44.19,-32.39,[],0,0,[],[]
20812210,20813050,NA,OLN,0.0,703,pause,NA,NA,NA,NA,0.0,0,-24.26,-17.33,[],0,0,[],[]
20813050,20815910,NA,TVN,0.0,703,pause,NA,NA,NA,NA,0.0,0,-30.51,-17.69,[],0,0,[],[]
20815910,20816850,NA,TVF,0.0,703,pause,NA,NA,NA,NA,0.0,0,-39.8,-29.08,[],0,0,[],[]
20816850,20818150,NA,SIL,0.0,703,pause,NA,NA,NA,NA,0.0,0,-54.63,-41.96,[],0,0,[],[]
20818150,20819730,NA,OLF,0.0,703,pause,NA,NA,NA,NA,0.0,0,-37.23,-32.15,[],0,0,[],[]
20819730,20820530,OCH,CXN,0.0,703,XM,EC,0,NT,FI,0.0,0,-33.77,-27.68,[],0,0,[],[]
20820530,20822120,NA,TVN,0.0,704,pause,NA,NA,NA,NA,0.0,0,-28.87,-21.56,[],0,0,[],[]
20822120,20823000,NA,OLN,0.0,704,pause,NA,NA,NA,NA,0.0,0,-26.01,-20.69,[],0,0,[],[]
20823000,20824970,NA,TVN,0.0,704,pause,NA,NA,NA,NA,0.0,0,-27.06,-16.88,[],0,0,[],[]
20824970,20834820,NA,NOF,0.0,704,pause,NA,NA,NA,NA,0.0,0,-37.19,-12.14,[],0,0,[],[]
20834820,20835750,NA,SIL,0.0,704,pause,NA,NA,NA,NA,0.0,0,-49.28,-33.81,[],0,0,[],[]
20835750,20838170,NA,NOF,0.0,704,pause,NA,NA,NA,NA,0.0,0,-42.18,-26.48,[],0,0,[],[]
20838170,20839000,NA,SIL,0.0,704,pause,NA,NA,NA,NA,0.0,0,-48.26,-32.1,[],0,0,[],[]
20839000,20844320,NA,NOF,0.0,704,pause,NA,NA,NA,NA,0.0,0,-42.68,-28.56,[],0,0,[],[]
20844320,20845320,NA,TVF,0.0,704,pause,NA,NA,NA,NA,0.0,0,-43.79,-31.6,[],0,0,[],[]
20845320,20846120,NA,SIL,0.0,704,pause,NA,NA,NA,NA,0.0,0,-49.15,-36.4,[],0,0,[],[]
20846120,20852330,NA,NOF,0.0,704,pause,NA,NA,NA,NA,0.0,0,-39.97,-24.75,[],0,0,[],[]
20852330,20853200,NA,SIL,0.0,704,pause,NA,NA,NA,NA,0.0,0,-49.9,-35.39,[],0,0,[],[]
20853200,20855410,NA,NOF,0.0,704,pause,NA,NA,NA,NA,0.0,0,-43.99,-29.04,[],0,0,[],[]
20855410,20856570,NA,TVF,0.0,704,pause,NA,NA,NA,NA,0.0,0,-42.15,-27.81,[],0,0,[],[]
20856570,20857500,NA,SIL,0.0,704,pause,NA,NA,NA,NA,0.0,0,-47.49,-31.17,[],0,0,[],[]
20857500,20858500,NA,TVF,0.0,704,pause,NA,NA,NA,NA,0.0,0,-41.74,-27.33,[],0,0,[],[]
20858500,20859740,NA,SIL,0.0,704,pause,NA,NA,NA,NA,0.0,0,-45.79,-30.67,[],0,0,[],[]
20859740,20860390,NA,FAF,0.0,704,pause,NA,NA,NA,NA,0.0,0,-40.51,-27.36,[],0,0,[],[]
20860390,20861680,NA,SIL,0.0,704,pause,NA,NA,NA,NA,0.0,0,-45.98,-29.86,[],0,0,[],[]
20861680,20864140,NA,NOF,0.0,704,pause,NA,NA,NA,NA,0.0,0,-40.25,-26.08,[],0,0,[],[]
20864140,20865140,NA,TVF,0.0,704,pause,NA,NA,NA,NA,0.0,0,-45.8,-33.85,[],0,0,[],[]
20865140,20867580,NA,NOF,0.0,704,pause,NA,NA,NA,NA,0.0,0,-43.32,-26.67,[],0,0,[],[]
20867580,20868380,NA,SIL,0.0,704,pause,NA,NA,NA,NA,0.0,0,-49.4,-34.26,[],0,0,[],[]
20868380,20871830,NA,NOF,0.0,704,pause,NA,NA,NA,NA,0.0,0,-28.56,-9.91,[],0,0,[],[]
20871830,20872630,NA,SIL,0.0,704,pause,NA,NA,NA,NA,0.0,0,-48.79,-33.06,[],0,0,[],[]
20872630,20876960,NA,NOF,0.0,704,pause,NA,NA,NA,NA,0.0,0,-25.04,-4.25,[],0,0,[],[]
20876960,20877960,NA,OLF,0.0,704,pause,NA,NA,NA,NA,0.0,0,-37.26,-21.02,[],0,0,[],[]
20877960,20882330,NA,NOF,0.0,704,pause,NA,NA,NA,NA,0.0,0,-28.23,-13.72,[],0,0,[],[]
20882330,20883190,NA,SIL,0.0,704,pause,NA,NA,NA,NA,0.0,0,-47.73,-34.56,[],0,0,[],[]
20883190,20886500,NA,NOF,0.0,704,pause,NA,NA,NA,NA,0.0,0,-37.45,-23.59,[],0,0,[],[]
20886500,20887100,NA,CHF,0.0,704,pause,NA,NA,NA,NA,0.0,0,-40.26,-31.94,[],0,110,"[{'start': 20886.99, 'end': 20887.1}]",[]
20887100,20888820,NA,NON,0.0,704,pause,NA,NA,NA,NA,0.0,0,-28.1,-7.66,[],0,0,[],[]
20888820,20889830,FEM,FAN,0.0,704,pause,NA,NA,NA,NA,0.0,0,-43.34,-30.5,[],1010,0,[],[]
20889830,20890830,NA,TVF,0.0,704,pause,NA,NA,NA,NA,0.0,0,-43.16,-29.22,[],0,0,[],[]
20890830,20891470,NA,CXF,0.0,704,pause,NA,NA,NA,NA,0.0,0,-42.48,-31.69,[],0,0,[],[]
20891470,20892420,NA,SIL,0.0,704,pause,NA,NA,NA,NA,0.0,0,-47.02,-33.57,[],0,0,[],[]
20892420,20893420,NA,TVN,0.0,704,pause,NA,NA,NA,NA,0.0,0,-40.1,-30.03,[],0,0,[],[]
20893420,20897560,NA,NOF,0.0,704,pause,NA,NA,NA,NA,0.0,0,-41.55,-20.84,[],0,0,[],[]
20897560,20898430,NA,SIL,0.0,704,pause,NA,NA,NA,NA,0.0,0,-50.99,-37.16,[],0,0,[],[]
20898430,20902250,NA,NON,0.0,704,pause,NA,NA,NA,NA,0.0,0,-31.71,-20.29,[],0,0,[],[]
20902250,20903050,CHI,CHN,0.0,704,pause,NA,NA,NA,NA,0.0,0,-27.47,-18.72,[],0,800,"[{'start': 20902.25, 'end': 20903.05}]",[]
20903050,20907990,NA,NOF,0.0,704,pause,NA,NA,NA,NA,0.0,0,-34.26,-17.04,[],0,0,[],[]
20907990,20908800,NA,SIL,0.0,704,pause,NA,NA,NA,NA,0.0,0,-53.85,-46.57,[],0,0,[],[]
20908800,20909600,NA,NOF,0.0,704,pause,NA,NA,NA,NA,0.0,0,-49.95,-38.07,[],0,0,[],[]
20909600,20912110,NA,SIL,0.0,704,pause,NA,NA,NA,NA,0.0,0,-52.85,-43.6,[],0,0,[],[]
20912110,20913050,CHI,CHN,0.0,704,CIOCX,BC,0,NT,FI,1.0,940,-30.4,-24.46,"[{'Canonical-syllable': '0', 'Growl': '1', 'High-freq-energy': '0', 'Long-island': '0', 'Low-tilt-spectrum': '1', 'Medium-island': '1', 'Short-island': '1', 'Squeal': '0', 'Typical-entropy': '1', 'Voicing-quality': '1', 'Wide-band': '0', 'Xlong-island': '0', 'seq': '1', 'end': 20913.05, 'start': 20912.21}]",0,0,[],[]
20913050,20913860,NA,NOF,0.0,704,CIOCX,NA,NA,NA,NA,0.0,0,-50.13,-37.16,[],0,0,[],[]
20913860,20915390,NA,SIL,0.0,704,CIOCX,NA,NA,NA,NA,0.0,0,-49.32,-36.65,[],0,0,[],[]
20915390,20916190,OCH,CXN,0.0,704,CIOCX,RC,0,NT,FI,0.0,0,-36.63,-26.27,[],0,0,[],[]
20916190,20918970,CHI,CHN,0.0,704,CIOCX,EC,0,NT,FI,2.0,2470,-22.09,-14.84,"[{'Canonical-syllable': '0', 'Growl': '0', 'High-freq-energy': '0', 'Long-island': '1', 'Low-tilt-spectrum': '0', 'Medium-island': '1', 'Short-island': '0', 'Squeal': '0', 'Typical-entropy': '1', 'Voicing-quality': '2', 'Wide-band': '0', 'Xlong-island': '0', 'seq': '1', 'end': 20917.66, 'start': 20916.4}, {'Canonical-syllable': '0', 'Growl': '0', 'High-freq-energy': '0', 'Long-island': '0', 'Low-tilt-spectrum': '1', 'Medium-island': '2', 'Short-island': '0', 'Squeal': '0', 'Typical-entropy': '1', 'Voicing-quality': '2', 'Wide-band': '0', 'Xlong-island': '0', 'seq': '2', 'end': 20918.97, 'start': 20917.97}]",0,0,[],[]
20918970,20925400,NA,NOF,0.0,705,pause,NA,NA,NA,NA,0.0,0,-42.46,-25.93,[],0,0,[],[]
20925400,20926230,NA,SIL,0.0,705,pause,NA,NA,NA,NA,0.0,0,-49.91,-42.76,[],0,0,[],[]
20926230,20927640,NA,NOF,0.0,705,pause,NA,NA,NA,NA,0.0,0,-43.94,-25.72,[],0,0,[],[]
20927640,20928480,NA,SIL,0.0,705,pause,NA,NA,NA,NA,0.0,0,-48.82,-40.97,[],0,0,[],[]
20928480,20930590,NA,NOF,0.0,705,pause,NA,NA,NA,NA,0.0,0,-19.56,-6.19,[],0,0,[],[]
20930590,20931560,NA,OLF,0.0,705,pause,NA,NA,NA,NA,0.0,0,-15.01,-10.25,[],0,0,[],[]
20931560,20934380,NA,MAF,0.0,705,pause,NA,NA,NA,NA,0.0,0,-14.73,-12.71,[],0,0,[],[]
20934380,20935540,NA,OLN,0.0,705,pause,NA,NA,NA,NA,0.0,0,-19.54,-8.56,[],0,0,[],[]
20935540,20937240,NA,NOF,0.0,705,pause,NA,NA,NA,NA,0.0,0,-26.2,-7.33,[],0,0,[],[]
20937240,20938120,NA,SIL,0.0,705,pause,NA,NA,NA,NA,0.0,0,-41.43,-38.78,[],0,0,[],[]
20938120,20939860,NA,NOF,0.0,705,pause,NA,NA,NA,NA,0.0,0,-40.1,-36.99,[],0,0,[],[]
20939860,20942510,NA,SIL,0.0,705,pause,NA,NA,NA,NA,0.0,0,-45.48,-41.61,[],0,0,[],[]
20942510,20944740,NA,NOF,0.0,705,pause,NA,NA,NA,NA,0.0,0,-18.89,-3.86,[],0,0,[],[]
20944740,20945560,NA,OLN,0.0,705,pause,NA,NA,NA,NA,0.0,0,-26.57,-17.91,[],0,0,[],[]
20945560,20946920,NA,NOF,0.0,705,pause,NA,NA,NA,NA,0.0,0,-30.03,-16.53,[],0,0,[],[]
20946920,20949600,NA,SIL,0.0,705,pause,NA,NA,NA,NA,0.0,0,-30.02,-27.51,[],0,0,[],[]
20949600,20950770,NA,OLF,0.0,705,pause,NA,NA,NA,NA,0.0,0,-33.15,-23.68,[],0,0,[],[]
20950770,20954410,NA,NOF,0.0,705,pause,NA,NA,NA,NA,0.0,0,-23.77,-3.02,[],0,0,[],[]
20954410,20955470,NA,SIL,0.0,705,pause,NA,NA,NA,NA,0.0,0,-52.74,-47.75,[],0,0,[],[]
20955470,20956280,NA,NOF,0.0,705,pause,NA,NA,NA,NA,0.0,0,-43.67,-28.17,[],0,0,[],[]
20956280,20957080,NA,SIL,0.0,705,pause,NA,NA,NA,NA,0.0,0,-44.79,-39.66,[],0,0,[],[]
20957080,20957880,NA,NOF,0.0,705,pause,NA,NA,NA,NA,0.0,0,-40.35,-28.91,[],0,0,[],[]
20957880,20959040,NA,SIL,0.0,705,pause,NA,NA,NA,NA,0.0,0,-41.61,-38.32,[],0,0,[],[]
20959040,20959840,NA,NOF,0.0,705,pause,NA,NA,NA,NA,0.0,0,-28.04,-11.58,[],0,0,[],[]
20959840,20960910,NA,OLN,0.0,705,pause,NA,NA,NA,NA,0.0,0,-19.33,-5.47,[],0,0,[],[]
20960910,20965020,NA,NOF,0.0,705,pause,NA,NA,NA,NA,0.0,0,-14.69,-12.15,[],0,0,[],[]
20965020,20966470,NA,OLN,0.0,705,pause,NA,NA,NA,NA,0.0,0,-23.42,-12.09,[],0,0,[],[]
20966470,20969160,NA,NOF,0.0,705,pause,NA,NA,NA,NA,0.0,0,-28.97,-7.56,[],0,0,[],[]
20969160,20972320,NA,SIL,0.0,705,pause,NA,NA,NA,NA,0.0,0,-46.97,-42.93,[],0,0,[],[]
20972320,20973490,NA,NOF,0.0,705,pause,NA,NA,NA,NA,0.0,0,-46.03,-34.41,[],0,0,[],[]
20973490,20974300,NA,SIL,0.0,705,pause,NA,NA,NA,NA,0.0,0,-43.49,-41.46,[],0,0,[],[]
20974300,20975110,NA,NOF,0.0,705,pause,NA,NA,NA,NA,0.0,0,-22.44,-5.8,[],0,0,[],[]
20975110,20976910,NA,OLN,0.0,705,pause,NA,NA,NA,NA,0.0,0,-27.93,-22.79,[],0,0,[],[]
20976910,20979760,NA,NON,0.0,705,pause,NA,NA,NA,NA,0.0,0,-28.15,-10.24,[],0,0,[],[]
20979760,20980380,CHI,CHN,0.0,705,pause,NA,NA,NA,NA,0.0,0,-32.03,-30.0,[],0,620,[],"[{'start': 20979.76, 'end': 20980.38}]"
20980380,20981330,NA,NON,0.0,705,pause,NA,NA,NA,NA,0.0,0,-30.34,-26.41,[],0,0,[],[]
20981330,20983640,CHI,CHN,0.0,705,CM,BC,0,NT,FI,1.0,1490,-22.62,-9.4,"[{'Canonical-syllable': '1', 'Growl': '0', 'High-freq-energy': '1', 'Long-island': '0', 'Low-tilt-spectrum': '4', 'Medium-island': '2', 'Short-island': '2', 'Squeal': '0', 'Typical-entropy': '4', 'Voicing-quality': '4', 'Wide-band': '0', 'Xlong-island': '0', 'seq': '1', 'end': 20983.55, 'start': 20982.06}]",0,0,[],[]
20983640,20985940,NA,NON,0.0,705,CM,NA,NA,NA,NA,0.0,0,-33.69,-30.58,[],0,0,[],[]
20985940,20986890,CHI,CHN,0.0,705,CM,EC,0,NT,FH,1.0,950,-23.97,-12.85,"[{'Canonical-syllable': '0', 'Growl': '1', 'High-freq-energy': '0', 'Long-island': '0', 'Low-tilt-spectrum': '3', 'Medium-island': '1', 'Short-island': '1', 'Squeal': '0', 'Typical-entropy': '3', 'Voicing-quality': '3', 'Wide-band': '0', 'Xlong-island': '0', 'seq': '1', 'end': 20986.89, 'start': 20985.94}]",0,0,[],[]
20986890,20988380,NA,NON,0.0,706,pause,NA,NA,NA,NA,0.0,0,-34.04,-26.9,[],0,0,[],[]
20988380,20989910,CHI,CHN,0.0,706,pause,NA,NA,NA,NA,0.0,0,-31.08,-27.84,[],0,1530,[],"[{'start': 20988.38, 'end': 20989.91}]"
20989910,20990790,NA,OLN,0.0,706,pause,NA,NA,NA,NA,0.0,0,-23.42,-10.82,[],0,0,[],[]
20990790,20995420,NA,NON,0.0,706,pause,NA,NA,NA,NA,0.0,0,-31.75,-24.27,[],0,0,[],[]
20995420,21002220,NA,NON,0.0,706,pause,NA,NA,NA,NA,0.0,0,-30.81,-27.84,[],0,0,[],[]
21002220,21008170,NA,NON,0.0,706,pause,NA,NA,NA,NA,0.0,0,-30.74,-27.62,[],0,0,[],[]
21008170,21010680,CHI,CHN,0.0,706,pause,NA,NA,NA,NA,0.0,0,-15.39,-9.61,[],0,2050,"[{'start': 21008.63, 'end': 21010.24}]","[{'start': 21010.24, 'end': 21010.68}]"
21010680,21019970,NA,NON,0.0,706,pause,NA,NA,NA,NA,0.0,0,-23.06,-3.03,[],0,0,[],[]
21019970,21020570,CHI,CHN,0.0,706,CM,BC,0,NT,FI,1.0,220,-18.06,-9.95,"[{'Canonical-syllable': '0', 'Growl': '0', 'High-freq-energy': '1', 'Long-island': '0', 'Low-tilt-spectrum': '1', 'Medium-island': '0', 'Short-island': '1', 'Squeal': '1', 'Typical-entropy': '1', 'Voicing-quality': '1', 'Wide-band': '0', 'Xlong-island': '0', 'seq': '1', 'end': 21020.57, 'start': 21020.35}]",0,0,[],[]
21020570,21021850,NA,NON,0.0,706,CM,NA,NA,NA,NA,0.0,0,-33.73,-31.43,[],0,0,[],[]
21021850,21022930,CHI,CHN,0.0,706,CM,EC,0,NT,FH,1.0,1080,-24.38,-17.68,"[{'Canonical-syllable': '0', 'Growl': '1', 'High-freq-energy': '1', 'Long-island': '0', 'Low-tilt-spectrum': '3', 'Medium-island': '3', 'Short-island': '0', 'Squeal': '0', 'Typical-entropy': '3', 'Voicing-quality': '3', 'Wide-band': '0', 'Xlong-island': '0', 'seq': '1', 'end': 21022.93, 'start': 21021.85}]",0,0,[],[]
21022930,21030660,NA,NON,0.0,707,pause,NA,NA,NA,NA,0.0,0,-23.75,-5.1,[],0,0,[],[]
21030660,21031260,CHI,CHN,0.0,707,pause,NA,NA,NA,NA,0.0,0,-16.41,-2.11,[],0,0,[],[]
21031260,21036830,NA,NON,0.0,707,pause,NA,NA,NA,NA,0.0,0,-17.21,-0.55,[],0,0,[],[]
21036830,21037630,NA,OLN,0.0,707,pause,NA,NA,NA,NA,0.0,0,-12.54,-4.11,[],0,0,[],[]
21037630,21039920,NA,NOF,0.0,707,pause,NA,NA,NA,NA,0.0,0,-37.78,-25.62,[],0,0,[],[]
21039920,21041610,NA,OLF,0.0,707,pause,NA,NA,NA,NA,0.0,0,-21.98,-6.56,[],0,0,[],[]
21041610,21042670,NA,MAF,0.0,707,pause,NA,NA,NA,NA,0.0,0,-40.31,-35.98,[],0,0,[],[]
21042670,21044120,NA,OLF,0.0,707,pause,NA,NA,NA,NA,0.0,0,-38.84,-29.73,[],0,0,[],[]
21044120,21047280,NA,NOF,0.0,707,pause,NA,NA,NA,NA,0.0,0,-31.98,-15.89,[],0,0,[],[]
21047280,21049310,NA,OLF,0.0,707,pause,NA,NA,NA,NA,0.0,0,-27.77,-9.61,[],0,0,[],[]
21049310,21051800,NA,NOF,0.0,707,pause,NA,NA,NA,NA,0.0,0,-32.13,-15.44,[],0,0,[],[]
21051800,21054840,NA,OLF,0.0,707,pause,NA,NA,NA,NA,0.0,0,-41.41,-35.53,[],0,0,[],[]
21054840,21057050,CHI,CHN,0.0,707,CM,EC,0,NT,FI,1.0,2210,-14.94,-8.51,"[{'Canonical-syllable': '3', 'Growl': '0', 'High-freq-energy': '0', 'Long-island': '0', 'Low-tilt-spectrum': '0', 'Medium-island': '4', 'Short-island': '0', 'Squeal': '0', 'Typical-entropy': '0', 'Voicing-quality': '4', 'Wide-band': '0', 'Xlong-island': '0', 'seq': '1', 'end': 21057.05, 'start': 21054.84}]",0,0,[],[]
21057050,21059550,NA,OLF,0.0,708,pause,NA,NA,NA,NA,0.0,0,-35.61,-16.44,[],0,0,[],[]
21059550,21061720,NA,NOF,0.0,708,pause,NA,NA,NA,NA,0.0,0,-26.83,-10.14,[],0,0,[],[]
21061720,21062520,NA,SIL,0.0,708,pause,NA,NA,NA,NA,0.0,0,-47.49,-44.45,[],0,0,[],[]
21062520,21067150,NA,NOF,0.0,708,pause,NA,NA,NA,NA,0.0,0,-40.96,-22.26,[],0,0,[],[]
21067150,21067970,NA,OLN,0.0,708,pause,NA,NA,NA,NA,0.0,0,-29.26,-17.48,[],0,0,[],[]
21067970,21072970,NA,NOF,0.0,708,pause,NA,NA,NA,NA,0.0,0,-29.02,-3.84,[],0,0,[],[]
21072970,21073830,NA,OLN,0.0,708,pause,NA,NA,NA,NA,0.0,0,-25.54,-9.65,[],0,0,[],[]
21073830,21075660,NA,NOF,0.0,708,pause,NA,NA,NA,NA,0.0,0,-23.21,-7.59,[],0,0,[],[]
21075660,21076290,CHI,CHN,0.0,708,CM,BC,0,NT,FI,1.0,630,-18.45,-12.19,"[{'Canonical-syllable': '1', 'Growl': '0', 'High-freq-energy': '0', 'Long-island': '0', 'Low-tilt-spectrum': '0', 'Medium-island': '1', 'Short-island': '0', 'Squeal': '0', 'Typical-entropy': '0', 'Voicing-quality': '1', 'Wide-band': '0', 'Xlong-island': '0', 'seq': '1', 'end': 21076.29, 'start': 21075.92}]",0,0,[],[]
21076290,21077090,NA,NOF,0.0,708,CM,NA,NA,NA,NA,0.0,0,-43.98,-38.63,[],0,0,[],[]
21077090,21077880,CHI,CHN,0.0,708,CM,EC,0,NT,FH,1.0,790,-23.61,-16.03,"[{'Canonical-syllable': '0', 'Growl': '0', 'High-freq-energy': '0', 'Long-island': '0', 'Low-tilt-spectrum': '1', 'Medium-island': '1', 'Short-island': '1', 'Squeal': '0', 'Typical-entropy': '2', 'Voicing-quality': '2', 'Wide-band': '0', 'Xlong-island': '0', 'seq': '1', 'end': 21077.88, 'start': 21077.09}]",0,0,[],[]
21077880,21081040,NA,NOF,0.0,709,pause,NA,NA,NA,NA,0.0,0,-22.48,-1.57,[],0,0,[],[]
21081040,21082230,NA,OLN,0.0,709,pause,NA,NA,NA,NA,0.0,0,-20.21,-7.08,[],0,0,[],[]
21082230,21083030,NA,OLF,0.0,709,pause,NA,NA,NA,NA,0.0,0,-42.08,-34.17,[],0,0,[],[]
21083030,21083990,CHI,CHN,0.0,709,CM,EC,0,NT,FI,2.0,490,-16.37,-6.59,"[{'Canonical-syllable': '0', 'Growl': '0', 'High-freq-energy': '0', 'Long-island': '0', 'Low-tilt-spectrum': '0', 'Medium-island': '0', 'Short-island': '0', 'Squeal': '0', 'Typical-entropy': '0', 'Voicing-quality': '1', 'Wide-band': '0', 'Xlong-island': '0', 'seq': '1', 'end': 21083.17, 'start': 21083.03}, {'Canonical-syllable': '1', 'Growl': '0', 'High-freq-energy': '1', 'Long-island': '0', 'Low-tilt-spectrum': '0', 'Medium-island': '1', 'Short-island': '0', 'Squeal': '0', 'Typical-entropy': '1', 'Voicing-quality': '1', 'Wide-band': '0', 'Xlong-island': '0', 'seq': '2', 'end': 21083.91, 'start': 21083.56}]",0,0,[],[]
21083990,21085040,NA,NOF,0.0,710,pause,NA,NA,NA,NA,0.0,0,-27.8,-17.91,[],0,0,[],[]
21085040,21085870,NA,OLF,0.0,710,pause,NA,NA,NA,NA,0.0,0,-32.49,-18.43,[],0,0,[],[]
21085870,21090220,NA,NOF,0.0,710,pause,NA,NA,NA,NA,0.0,0,-23.38,-2.64,[],0,0,[],[]
21090220,21092260,CHI,CHN,0.0,710,pause,NA,NA,NA,NA,0.0,0,-18.24,-10.14,[],0,1920,"[{'start': 21090.34, 'end': 21092.26}]",[]
21092260,21093160,NA,NOF,0.0,710,pause,NA,NA,NA,NA,0.0,0,-35.91,-25.45,[],0,0,[],[]
21093160,21096140,CHI,CHN,0.0,710,CIC,BC,0,NT,FI,2.0,1880,-17.35,-5.7,"[{'Canonical-syllable': '1', 'Growl': '0', 'High-freq-energy': '1', 'Long-island': '1', 'Low-tilt-spectrum': '1', 'Medium-island': '1', 'Short-island': '0', 'Squeal': '0', 'Typical-entropy': '2', 'Voicing-quality': '2', 'Wide-band': '0', 'Xlong-island': '0', 'seq': '1', 'end': 21094.39, 'start': 21093.16}, {'Canonical-syllable': '1', 'Growl': '0', 'High-freq-energy': '0', 'Long-island': '0', 'Low-tilt-spectrum': '2', 'Medium-island': '1', 'Short-island': '1', 'Squeal': '0', 'Typical-entropy': '2', 'Voicing-quality': '2', 'Wide-band': '0', 'Xlong-island': '0', 'seq': '2', 'end': 21095.71, 'start': 21095.06}]",0,0,[],[]
21096140,21097220,NA,NOF,0.0,710,CIC,NA,NA,NA,NA,0.0,0,-47.25,-36.01,[],0,0,[],[]
21097220,21098140,NA,OLN,0.0,710,CIC,NA,NA,NA,NA,0.0,0,-41.09,-37.73,[],0,0,[],[]
21098140,21101070,NA,NOF,0.0,710,CIC,NA,NA,NA,NA,0.0,0,-43.29,-32.05,[],0,0,[],[]
21101070,21102200,CHI,CHN,0.0,710,CIC,RC,0,TIFI,FH,1.0,840,-19.19,-10.15,"[{'Canonical-syllable': '0', 'Growl': '0', 'High-freq-energy': '0', 'Long-island': '0', 'Low-tilt-spectrum': '1', 'Medium-island': '2', 'Short-island': '0', 'Squeal': '0', 'Typical-entropy': '2', 'Voicing-quality': '2', 'Wide-band': '0', 'Xlong-island': '0', 'seq': '1', 'end': 21101.91, 'start': 21101.07}]",0,0,[],[]
21102200,21103130,NA,NON,0.0,710,CIC,NA,NA,NA,NA,0.0,0,-40.13,-31.36,[],0,0,[],[]
21103130,21104130,FEM,FAN,0.37,710,CIC,RC,1,TIFR,FI,0.0,0,-33.14,-27.8,[],0,0,[],[]
21104130,21104940,NA,SIL,0.0,710,CIC,NA,NA,NA,NA,0.0,0,-46.29,-42.4,[],0,0,[],[]
21104940,21105880,NA,NON,0.0,710,CIC,NA,NA,NA,NA,0.0,0,-39.36,-32.79,[],0,0,[],[]
21105880,21106950,CHI,CHN,0.0,710,CIC,RC,1,TIFI,FI,1.0,670,-19.11,-10.39,"[{'Canonical-syllable': '0', 'Growl': '0', 'High-freq-energy': '0', 'Long-island': '0', 'Low-tilt-spectrum': '1', 'Medium-island': '1', 'Short-island': '1', 'Squeal': '0', 'Typical-entropy': '2', 'Voicing-quality': '2', 'Wide-band': '0', 'Xlong-island': '0', 'seq': '1', 'end': 21106.55, 'start': 21105.88}]",0,0,[],[]
21106950,21108180,FEM,FAN,4.48,710,CIC,RC,2,TIFR,FI,0.0,0,-28.22,-20.09,[],0,0,[],[]
21108180,21109210,CHI,CHN,0.0,710,CIC,RC,2,TIFI,FI,1.0,1030,-19.08,-10.46,"[{'Canonical-syllable': '1', 'Growl': '0', 'High-freq-energy': '0', 'Long-island': '0', 'Low-tilt-spectrum': '0', 'Medium-island': '1', 'Short-island': '1', 'Squeal': '0', 'Typical-entropy': '2', 'Voicing-quality': '2', 'Wide-band': '0', 'Xlong-island': '0', 'seq': '1', 'end': 21109.21, 'start': 21108.46}]",0,0,[],[]
21109210,21110440,FEM,FAN,4.51,710,CIC,RC,3,TIFR,FI,0.0,0,-27.63,-20.55,[],0,0,[],[]
21110440,21111450,NA,SIL,0.0,710,CIC,NA,NA,NA,NA,0.0,0,-46.25,-43.84,[],0,0,[],[]
21111450,21113650,CHI,CHN,0.0,710,CIC,RC,3,TIFE,FI,2.0,1590,-25.04,-16.58,"[{'Canonical-syllable': '0', 'Growl': '0', 'High-freq-energy': '0', 'Long-island': '0', 'Low-tilt-spectrum': '0', 'Medium-island': '1', 'Short-island': '1', 'Squeal': '0', 'Typical-entropy': '0', 'Voicing-quality': '2', 'Wide-band': '0', 'Xlong-island': '0', 'seq': '1', 'end': 21112.34, 'start': 21111.45}, {'Canonical-syllable': '1', 'Growl': '0', 'High-freq-energy': '0', 'Long-island': '0', 'Low-tilt-spectrum': '1', 'Medium-island': '1', 'Short-island': '1', 'Squeal': '0', 'Typical-entropy': '1', 'Voicing-quality': '2', 'Wide-band': '0', 'Xlong-island': '0', 'seq': '2', 'end': 21113.65, 'start': 21112.95}]",0,0,[],[]
21113650,21114750,FEM,FAN,0.0,710,CIC,NA,NA,NA,NA,0.0,0,-34.51,-25.37,[],1100,0,[],[]
21114750,21115350,CHI,CHN,0.0,710,CIC,RC,3,NT,FH,1.0,200,-18.41,-8.37,"[{'Canonical-syllable': '0', 'Growl': '0', 'High-freq-energy': '0', 'Long-island': '0', 'Low-tilt-spectrum': '1', 'Medium-island': '0', 'Short-island': '1', 'Squeal': '0', 'Typical-entropy': '1', 'Voicing-quality': '1', 'Wide-band': '0', 'Xlong-island': '0', 'seq': '1', 'end': 21115.35, 'start': 21115.15}]",0,0,[],[]
21115350,21116200,NA,OLN,0.0,710,CIC,NA,NA,NA,NA,0.0,0,-23.36,-13.64,[],0,0,[],[]
21116200,21117500,CHI,CHN,0.0,710,CIC,RC,3,NT,FH,1.0,970,-20.49,-9.61,"[{'Canonical-syllable': '1', 'Growl': '0', 'High-freq-energy': '0', 'Long-island': '0', 'Low-tilt-spectrum': '2', 'Medium-island': '1', 'Short-island': '1', 'Squeal': '0', 'Typical-entropy': '2', 'Voicing-quality': '2', 'Wide-band': '0', 'Xlong-island': '0', 'seq': '1', 'end': 21117.17, 'start': 21116.39}]",0,0,[],[]
21117500,21118640,NA,NOF,0.0,710,CIC,NA,NA,NA,NA,0.0,0,-44.74,-39.17,[],0,0,[],[]
21118640,21119460,CHI,CHN,0.0,710,CIC,RC,3,TIFI,FH,1.0,820,-13.56,-4.04,"[{'Canonical-syllable': '0', 'Growl': '0', 'High-freq-energy': '0', 'Long-island': '0', 'Low-tilt-spectrum': '1', 'Medium-island': '0', 'Short-island': '3', 'Squeal': '1', 'Typical-entropy': '2', 'Voicing-quality': '3', 'Wide-band': '0', 'Xlong-island': '0', 'seq': '1', 'end': 21119.46, 'start': 21118.64}]",0,0,[],[]
21119460,21121060,NA,NOF,0.0,710,CIC,NA,NA,NA,NA,0.0,0,-40.19,-29.99,[],0,0,[],[]
21121060,21122380,FEM,FAN,4.94,710,CIC,RC,4,TIFR,FI,0.0,0,-38.33,-33.58,[],0,0,[],[]
21122380,21123190,NA,OLF,0.0,710,CIC,NA,NA,NA,NA,0.0,0,-41.95,-36.02,[],0,0,[],[]
21123190,21124190,NA,FAF,0.0,710,CIC,NA,NA,NA,NA,0.0,0,-37.87,-32.93,[],0,0,[],[]
21124190,21126750,NA,NOF,0.0,710,CIC,NA,NA,NA,NA,0.0,0,-31.42,-21.37,[],0,0,[],[]
21126750,21127620,CHI,CHN,0.0,710,CIC,RC,4,TIFE,FI,1.0,870,-24.2,-20.82,"[{'Canonical-syllable': '0', 'Growl': '1', 'High-freq-energy': '1', 'Long-island': '1', 'Low-tilt-spectrum': '1', 'Medium-island': '0', 'Short-island': '0', 'Squeal': '0', 'Typical-entropy': '1', 'Voicing-quality': '1', 'Wide-band': '0', 'Xlong-island': '0', 'seq': '1', 'end': 21127.62, 'start': 21126.75}]",0,0,[],[]
21127620,21128510,NA,NON,0.0,710,CIC,NA,NA,NA,NA,0.0,0,-23.24,-20.33,[],0,0,[],[]
21128510,21131140,CHI,CHN,0.0,710,CIC,RC,4,TIFI,FH,1.0,1160,-19.9,-8.82,"[{'Canonical-syllable': '0', 'Growl': '1', 'High-freq-energy': '0', 'Long-island': '1', 'Low-tilt-spectrum': '2', 'Medium-island': '0', 'Short-island': '0', 'Squeal': '0', 'Typical-entropy': '2', 'Voicing-quality': '1', 'Wide-band': '0', 'Xlong-island': '0', 'seq': '1', 'end': 21130.47, 'start': 21129.31}]",0,0,[],[]
21131140,21135460,NA,NON,0.0,710,CIC,NA,NA,NA,NA,0.0,0,-33.56,-18.3,[],0,0,[],[]
21135460,21137930,FEM,FAN,9.99,710,CIC,RC,5,TIFR,FI,0.0,0,-22.1,-14.5,[],0,0,[],[]
21137930,21139010,NA,OLF,0.0,710,CIC,NA,NA,NA,NA,0.0,0,-36.43,-27.22,[],0,0,[],[]
21139010,21140010,FEM,FAN,5.31,710,CIC,RC,5,NT,FH,0.0,0,-22.16,-8.42,[],0,0,[],[]
21140010,21140810,NA,NON,0.0,710,CIC,NA,NA,NA,NA,0.0,0,-29.92,-13.95,[],0,0,[],[]
21140810,21141610,NA,OLF,0.0,710,CIC,NA,NA,NA,NA,0.0,0,-41.05,-39.32,[],0,0,[],[]
21141610,21142210,CHI,CHN,0.0,710,CIC,NA,NA,NA,NA,0.0,0,-41.88,-38.67,[],0,600,[],"[{'start': 21141.61, 'end': 21142.21}]"
21142210,21143200,NA,NON,0.0,710,CIC,NA,NA,NA,NA,0.0,0,-17.8,-3.32,[],0,0,[],[]
21143200,21144310,CHI,CHN,0.0,710,CIC,EC,5,TIFE,FI,1.0,1110,-18.27,-11.24,"[{'Canonical-syllable': '1', 'Growl': '0', 'High-freq-energy': '0', 'Long-island': '0', 'Low-tilt-spectrum': '1', 'Medium-island': '1', 'Short-island': '1', 'Squeal': '0', 'Typical-entropy': '1', 'Voicing-quality': '2', 'Wide-band': '0', 'Xlong-island': '0', 'seq': '1', 'end': 21144.31, 'start': 21143.2}]",0,0,[],[]
21144310,21151590,NA,NOF,0.0,711,pause,NA,NA,NA,NA,0.0,0,-40.16,-18.34,[],0,0,[],[]
21151590,21152520,NA,CHF,0.0,711,pause,NA,NA,NA,NA,0.0,0,-39.53,-31.01,[],0,930,[],"[{'start': 21151.59, 'end': 21152.52}]"
21152520,21153320,NA,OLN,0.0,711,pause,NA,NA,NA,NA,0.0,0,-16.55,-5.18,[],0,0,[],[]
21153320,21154210,OCH,CXN,0.0,711,XIOCAC,BC,0,NT,FI,0.0,0,-27.8,-20.65,[],0,0,[],[]
21154210,21155050,NA,OLN,0.0,711,XIOCAC,NA,NA,NA,NA,0.0,0,-29.0,-18.15,[],0,0,[],[]
21155050,21159450,OCH,CXN,0.0,711,XIOCAC,RC,0,NT,FH,0.0,0,-27.51,-17.53,[],0,0,[],[]
21159450,21160260,NA,OLN,0.0,711,XIOCAC,NA,NA,NA,NA,0.0,0,-35.49,-24.49,[],0,0,[],[]
21160260,21161610,NA,TVN,0.0,711,XIOCAC,NA,NA,NA,NA,0.0,0,-37.15,-31.74,[],0,0,[],[]
21161610,21162440,OCH,CXN,0.0,711,XIOCAC,RC,0,NT,FH,0.0,0,-35.77,-30.36,[],0,0,[],[]
21162440,21163310,NA,FAF,0.0,711,XIOCAC,NA,NA,NA,NA,0.0,0,-36.46,-26.46,[],0,0,[],[]
21163310,21164120,OCH,CXN,0.0,711,XIOCAC,RC,0,NT,FH,0.0,0,-33.81,-19.96,[],0,0,[],[]
21164120,21165580,NA,OLN,0.0,711,XIOCAC,NA,NA,NA,NA,0.0,0,-35.58,-24.93,[],0,0,[],[]
21165580,21166580,MAL,MAN,0.0,711,XIOCAC,NA,NA,NA,NA,0.0,0,-31.12,-24.62,[],1000,0,[],[]
21166580,21167530,OCH,CXN,0.0,711,XIOCAC,RC,0,NT,FH,0.0,0,-28.89,-19.2,[],0,0,[],[]
21167530,21169600,NA,OLN,0.0,711,XIOCAC,NA,NA,NA,NA,0.0,0,-18.6,-1.6,[],0,0,[],[]
21169600,21170640,FEM,FAN,10.98,711,XIOCAC,RC,0,NT,FI,0.0,0,-32.89,-23.52,[],0,0,[],[]
21170640,21173670,OCH,CXN,0.0,711,XIOCAC,RC,0,NT,FI,0.0,0,-26.49,-14.36,[],0,0,[],[]
21173670,21174530,NA,OLN,0.0,711,XIOCAC,NA,NA,NA,NA,0.0,0,-32.32,-23.03,[],0,0,[],[]
21174530,21175530,FEM,FAN,2.61,711,XIOCAC,RC,0,NT,FI,0.0,0,-26.44,-9.67,[],0,0,[],[]
21175530,21176380,OCH,CXN,0.0,711,XIOCAC,RC,0,NT,FI,0.0,0,-27.11,-18.6,[],0,0,[],[]
21176380,21177380,OCH,CXN,0.0,711,XIOCAC,RC,0,NT,FH,0.0,0,-30.51,-22.27,[],0,0,[],[]
21177380,21178420,NA,NON,0.0,711,XIOCAC,NA,NA,NA,NA,0.0,0,-32.31,-21.33,[],0,0,[],[]
21178420,21179230,NA,OLN,0.0,711,XIOCAC,NA,NA,NA,NA,0.0,0,-27.88,-18.44,[],0,0,[],[]
21179230,21180240,OCH,CXN,0.0,711,XIOCAC,RC,0,NT,FH,0.0,0,-26.95,-20.15,[],0,0,[],[]
21180240,21181250,OCH,CXN,0.0,711,XIOCAC,RC,0,NT,FH,0.0,0,-29.38,-19.75,[],0,0,[],[]
21181250,21181860,CHI,CHN,0.0,711,XIOCAC,RC,0,NT,FI,1.0,610,-27.22,-19.18,"[{'Canonical-syllable': '0', 'Growl': '0', 'High-freq-energy': '0', 'Long-island': '0', 'Low-tilt-spectrum': '1', 'Medium-island': '1', 'Short-island': '0', 'Squeal': '0', 'Typical-entropy': '1', 'Voicing-quality': '1', 'Wide-band': '0', 'Xlong-island': '0', 'seq': '1', 'end': 21181.86, 'start': 21181.25}]",0,0,[],[]
21181860,21183030,OCH,CXN,0.0,711,XIOCAC,RC,0,NT,FI,0.0,0,-25.01,-17.52,[],0,0,[],[]
21183030,21185990,NA,OLN,0.0,711,XIOCAC,NA,NA,NA,NA,0.0,0,-25.16,-11.82,[],0,0,[],[]
21185990,21187300,MAL,MAN,6.66,711,XIOCAC,RC,0,NT,FI,0.0,0,-31.38,-22.3,[],0,0,[],[]
21187300,21188700,NA,OLN,0.0,711,XIOCAC,NA,NA,NA,NA,0.0,0,-31.88,-22.62,[],0,0,[],[]
21188700,21190700,FEM,FAN,6.13,711,XIOCAC,RC,0,NT,FI,0.0,0,-23.58,-14.6,[],0,0,[],[]
21190700,21192460,NA,SIL,0.0,711,XIOCAC,NA,NA,NA,NA,0.0,0,-48.56,-34.01,[],0,0,[],[]
21192460,21193400,FEM,FAN,5.01,711,XIOCAC,RC,0,NT,FH,0.0,0,-18.61,-4.43,[],0,0,[],[]
21193400,21194430,OCH,CXN,0.0,711,XIOCAC,RC,0,NT,FI,0.0,0,-33.02,-24.85,[],0,0,[],[]
21194430,21196480,FEM,FAN,7.93,711,XIOCAC,EC,0,NT,FI,0.0,0,-29.04,-15.57,[],0,0,[],[]
21196480,21198370,NA,OLN,0.0,712,pause,NA,NA,NA,NA,0.0,0,-33.27,-23.1,[],0,0,[],[]
21198370,21199770,NA,SIL,0.0,712,pause,NA,NA,NA,NA,0.0,0,-45.81,-35.45,[],0,0,[],[]
21199770,21200710,NA,OLF,0.0,712,pause,NA,NA,NA,NA,0.0,0,-38.94,-30.35,[],0,0,[],[]
21200710,21201770,NA,NON,0.0,712,pause,NA,NA,NA,NA,0.0,0,-37.53,-24.76,[],0,0,[],[]
21201770,21204040,CHI,CHN,0.0,712,CIOCAX,BC,0,NT,FI,1.0,970,-35.09,-23.29,"[{'Canonical-syllable': '0', 'Growl': '3', 'High-freq-energy': '1', 'Long-island': '0', 'Low-tilt-spectrum': '3', 'Medium-island': '1', 'Short-island': '2', 'Squeal': '0', 'Typical-entropy': '3', 'Voicing-quality': '1', 'Wide-band': '1', 'Xlong-island': '0', 'seq': '1', 'end': 21202.74, 'start': 21201.77}]",0,0,[],[]
21204040,21205290,NA,MAF,0.0,712,CIOCAX,NA,NA,NA,NA,0.0,0,-38.11,-30.01,[],0,0,[],[]
21205290,21207280,OCH,CXN,0.0,712,CIOCAX,RC,0,NT,FI,0.0,0,-32.76,-24.17,[],0,0,[],[]
21207280,21209590,NA,OLN,0.0,712,CIOCAX,NA,NA,NA,NA,0.0,0,-32.77,-22.71,[],0,0,[],[]
21209590,21210600,OCH,CXN,0.0,712,CIOCAX,RC,0,NT,FH,0.0,0,-31.68,-22.89,[],0,0,[],[]
21210600,21211670,NA,TVN,0.0,712,CIOCAX,NA,NA,NA,NA,0.0,0,-34.76,-27.47,[],0,0,[],[]
21211670,21212550,CHI,CHN,0.0,712,CIOCAX,NA,NA,NA,NA,0.0,0,-32.17,-22.49,[],0,100,"[{'start': 21212.45, 'end': 21212.55}]",[]
21212550,21213840,MAL,MAN,8.39,712,CIOCAX,RC,0,NT,FI,0.0,0,-31.92,-23.07,[],0,0,[],[]
21213840,21214790,NA,OLF,0.0,712,CIOCAX,NA,NA,NA,NA,0.0,0,-34.74,-29.86,[],0,0,[],[]
21214790,21215810,MAL,MAN,4.2,712,CIOCAX,RC,0,NT,FH,0.0,0,-32.18,-24.91,[],0,0,[],[]
21215810,21216670,FEM,FAN,0.0,712,CIOCAX,NA,NA,NA,NA,0.0,0,-34.85,-25.95,[],860,0,[],[]
21216670,21218240,MAL,MAN,6.98,712,CIOCAX,RC,0,NT,FH,0.0,0,-32.31,-20.82,[],0,0,[],[]
21218240,21219350,OCH,CXN,0.0,712,CIOCAX,RC,0,NT,FI,0.0,0,-33.66,-27.65,[],0,0,[],[]
21219350,21220360,NA,OLF,0.0,712,CIOCAX,NA,NA,NA,NA,0.0,0,-37.08,-31.24,[],0,0,[],[]
21220360,21221550,NA,NOF,0.0,712,CIOCAX,NA,NA,NA,NA,0.0,0,-20.2,-5.58,[],0,0,[],[]
21221550,21222950,OCH,CXN,0.0,712,CIOCAX,RC,0,NT,FH,0.0,0,-33.4,-25.52,[],0,0,[],[]
21222950,21226500,FEM,FAN,11.6,712,CIOCAX,EC,0,NT,FI,0.0,0,-30.55,-18.11,[],0,0,[],[]
21226500,21227750,NA,SIL,0.0,713,pause,NA,NA,NA,NA,0.0,0,-47.36,-37.16,[],0,0,[],[]
21227750,21229450,NA,NOF,0.0,713,pause,NA,NA,NA,NA,0.0,0,-28.92,-8.72,[],0,0,[],[]
21229450,21230580,NA,SIL,0.0,713,pause,NA,NA,NA,NA,0.0,0,-49.44,-43.71,[],0,0,[],[]
21230580,21231380,NA,NOF,0.0,713,pause,NA,NA,NA,NA,0.0,0,-20.3,-3.37,[],0,0,[],[]
21231380,21231980,NA,FAF,0.0,713,pause,NA,NA,NA,NA,0.0,0,-39.36,-30.2,[],0,0,[],[]
21231980,21235320,NA,SIL,0.0,713,pause,NA,NA,NA,NA,0.0,0,-49.15,-40.09,[],0,0,[],[]
21235320,21236420,NA,NOF,0.0,713,pause,NA,NA,NA,NA,0.0,0,-24.23,-10.69,[],0,0,[],[]
21236420,21237220,OCH,CXN,0.0,713,XIOCAC,BC,0,NT,FI,0.0,0,-23.83,-5.09,[],0,0,[],[]
21237220,21238190,NA,OLF,0.0,713,XIOCAC,NA,NA,NA,NA,0.0,0,-17.9,-5.52,[],0,0,[],[]
21238190,21239250,FEM,FAN,1.43,713,XIOCAC,RC,0,NT,FI,0.0,0,-37.26,-28.39,[],0,0,[],[]
21239250,21240110,OCH,CXN,0.0,713,XIOCAC,RC,0,NT,FI,0.0,0,-34.34,-24.56,[],0,0,[],[]
21240110,21240910,NA,SIL,0.0,713,XIOCAC,NA,NA,NA,NA,0.0,0,-48.58,-38.03,[],0,0,[],[]
21240910,21242230,OCH,CXN,0.0,713,XIOCAC,RC,0,NT,FH,0.0,0,-33.15,-24.96,[],0,0,[],[]
21242230,21243390,NA,CHF,0.0,713,XIOCAC,RC,0,NT,FI,1.0,1060,-38.91,-27.07,"[{'Canonical-syllable': '0', 'Growl': '1', 'High-freq-energy': '2', 'Long-island': '0', 'Low-tilt-spectrum': '3', 'Medium-island': '0', 'Short-island': '3', 'Squeal': '2', 'Typical-entropy': '3', 'Voicing-quality': '0', 'Wide-band': '2', 'Xlong-island': '0', 'seq': '1', 'end': 21243.29, 'start': 21242.49}]",0,0,[],[]
21243390,21244200,NA,CXF,0.0,713,XIOCAC,NA,NA,NA,NA,0.0,0,-41.22,-29.7,[],0,0,[],[]
21244200,21245070,NA,SIL,0.0,713,XIOCAC,NA,NA,NA,NA,0.0,0,-44.45,-29.08,[],0,0,[],[]
21245070,21246020,OCH,CXN,0.0,713,XIOCAC,RC,0,NT,FI,0.0,0,-32.19,-25.08,[],0,0,[],[]
21246020,21247470,OCH,CXN,0.0,713,XIOCAC,RC,0,NT,FH,0.0,0,-36.71,-27.39,[],0,0,[],[]
21247470,21250340,NA,SIL,0.0,713,XIOCAC,NA,NA,NA,NA,0.0,0,-47.26,-40.32,[],0,0,[],[]
21250340,21251750,FEM,FAN,4.52,713,XIOCAC,RC,0,NT,FI,0.0,0,-32.99,-24.73,[],0,0,[],[]
21251750,21252770,NA,SIL,0.0,713,XIOCAC,NA,NA,NA,NA,0.0,0,-48.26,-40.33,[],0,0,[],[]
21252770,21253640,OCH,CXN,0.0,713,XIOCAC,EC,0,NT,FI,0.0,0,-32.96,-26.11,[],0,0,[],[]
21253640,21255270,NA,NON,0.0,714,pause,NA,NA,NA,NA,0.0,0,-37.96,-27.24,[],0,0,[],[]
21255270,21256370,NA,SIL,0.0,714,pause,NA,NA,NA,NA,0.0,0,-50.04,-44.22,[],0,0,[],[]
21256370,21257210,NA,FAF,0.0,714,pause,NA,NA,NA,NA,0.0,0,-45.32,-35.86,[],0,0,[],[]
21257210,21257810,NA,CXF,0.0,714,pause,NA,NA,NA,NA,0.0,0,-43.14,-33.12,[],0,0,[],[]
21257810,21258790,NA,SIL,0.0,714,pause,NA,NA,NA,NA,0.0,0,-49.4,-43.47,[],0,0,[],[]
21258790,21259650,OCH,CXN,0.0,714,XIOCC,BC,0,NT,FI,0.0,0,-32.13,-24.21,[],0,0,[],[]
21259650,21260450,NA,NON,0.0,714,XIOCC,NA,NA,NA,NA,0.0,0,-39.77,-31.62,[],0,0,[],[]
21260450,21261810,CHI,CHN,0.0,714,XIOCC,EC,0,NT,FI,1.0,490,-19.67,-9.47,"[{'Canonical-syllable': '1', 'Growl': '0', 'High-freq-energy': '0', 'Long-island': '0', 'Low-tilt-spectrum': '0', 'Medium-island': '0', 'Short-island': '2', 'Squeal': '0', 'Typical-entropy': '1', 'Voicing-quality': '2', 'Wide-band': '0', 'Xlong-island': '0', 'seq': '1', 'end': 21261.48, 'start': 21260.99}]",0,0,[],[]
21261810,21268210,NA,SIL,0.0,715,pause,NA,NA,NA,NA,0.0,0,-48.99,-31.65,[],0,0,[],[]
21268210,21270400,NA,NOF,0.0,715,pause,NA,NA,NA,NA,0.0,0,-21.96,-3.37,[],0,0,[],[]
21270400,21271000,FEM,FAN,2.89,715,AICF,BC,0,NT,FI,0.0,0,-14.65,-3.76,[],0,0,[],[]
21271000,21271800,NA,OLN,0.0,715,AICF,NA,NA,NA,NA,0.0,0,-17.23,-3.46,[],0,0,[],[]
21271800,21272870,FEM,FAN,3.34,715,AICF,RC,0,NT,FH,0.0,0,-30.41,-18.96,[],0,0,[],[]
21272870,21273810,OCH,CXN,0.0,715,AICF,RC,0,NT,FI,0.0,0,-30.62,-24.71,[],0,0,[],[]
21273810,21275090,FEM,FAN,6.76,715,AICF,RC,0,TIFI,FI,0.0,0,-18.47,-4.07,[],0,0,[],[]
21275090,21276740,NA,SIL,0.0,715,AICF,NA,NA,NA,NA,0.0,0,-49.56,-43.54,[],0,0,[],[]
21276740,21277970,FEM,FAN,0.0,715,AICF,NA,NA,NA,NA,0.0,0,-37.19,-31.2,[],1230,0,[],[]
21277970,21278770,NA,NOF,0.0,715,AICF,NA,NA,NA,NA,0.0,0,-40.39,-28.37,[],0,0,[],[]
21278770,21279400,CHI,CHN,0.0,715,AICF,RC,1,TIFR,FI,1.0,470,-22.03,-13.8,"[{'Canonical-syllable': '1', 'Growl': '0', 'High-freq-energy': '0', 'Long-island': '0', 'Low-tilt-spectrum': '0', 'Medium-island': '1', 'Short-island': '0', 'Squeal': '0', 'Typical-entropy': '0', 'Voicing-quality': '1', 'Wide-band': '0', 'Xlong-island': '0', 'seq': '1', 'end': 21279.24, 'start': 21278.77}]",0,0,[],[]
21279400,21280960,NA,NOF,0.0,715,AICF,NA,NA,NA,NA,0.0,0,-43.8,-34.33,[],0,0,[],[]
21280960,21284380,CHI,CHN,0.0,715,AICF,RC,1,NT,FH,2.0,2690,-21.16,-11.25,"[{'Canonical-syllable': '0', 'Growl': '0', 'High-freq-energy': '0', 'Long-island': '1', 'Low-tilt-spectrum': '0', 'Medium-island': '0', 'Short-island': '1', 'Squeal': '0', 'Typical-entropy': '0', 'Voicing-quality': '2', 'Wide-band': '0', 'Xlong-island': '0', 'seq': '1', 'end': 21282.05, 'start': 21280.96}, {'Canonical-syllable': '1', 'Growl': '1', 'High-freq-energy': '0', 'Long-island': '1', 'Low-tilt-spectrum': '1', 'Medium-island': '0', 'Short-island': '3', 'Squeal': '0', 'Typical-entropy': '2', 'Voicing-quality': '4', 'Wide-band': '0', 'Xlong-island': '0', 'seq': '2', 'end': 21284.06, 'start': 21282.46}]",0,0,[],[]
21284380,21285570,NA,FAF,0.0,715,AICF,NA,NA,NA,NA,0.0,0,-45.76,-41.23,[],0,0,[],[]
21285570,21286410,NA,SIL,0.0,715,AICF,NA,NA,NA,NA,0.0,0,-46.63,-44.15,[],0,0,[],[]
21286410,21287010,CHI,CHN,0.0,715,AICF,EC,1,NT,FH,1.0,460,-34.92,-28.91,"[{'Canonical-syllable': '0', 'Growl': '1', 'High-freq-energy': '0', 'Long-island': '0', 'Low-tilt-spectrum': '0', 'Medium-island': '1', 'Short-island': '0', 'Squeal': '0', 'Typical-entropy': '1', 'Voicing-quality': '1', 'Wide-band': '0', 'Xlong-island': '0', 'seq': '1', 'end': 21286.87, 'start': 21286.5}]",0,0,[],[]
21287010,21288400,NA,SIL,0.0,716,pause,NA,NA,NA,NA,0.0,0,-46.14,-43.68,[],0,0,[],[]
21288400,21289390,NA,NOF,0.0,716,pause,NA,NA,NA,NA,0.0,0,-36.71,-23.86,[],0,0,[],[]
21289390,21290320,NA,SIL,0.0,716,pause,NA,NA,NA,NA,0.0,0,-43.83,-34.02,[],0,0,[],[]
21290320,21294920,NA,NOF,0.0,716,pause,NA,NA,NA,NA,0.0,0,-39.17,-22.0,[],0,0,[],[]
21294920,21295730,NA,OLN,0.0,716,pause,NA,NA,NA,NA,0.0,0,-30.2,-16.77,[],0,0,[],[]
21295730,21298850,NA,NOF,0.0,716,pause,NA,NA,NA,NA,0.0,0,-34.71,-16.15,[],0,0,[],[]
21298850,21300240,NA,OLN,0.0,716,pause,NA,NA,NA,NA,0.0,0,-22.07,-9.23,[],0,0,[],[]
21300240,21301250,NA,NOF,0.0,716,pause,NA,NA,NA,NA,0.0,0,-43.85,-36.36,[],0,0,[],[]
21301250,21301850,CHI,CHN,0.0,716,CIC,BC,0,TIFI,FI,1.0,260,-26.88,-19.6,"[{'Canonical-syllable': '0', 'Growl': '0', 'High-freq-energy': '0', 'Long-island': '0', 'Low-tilt-spectrum': '0', 'Medium-island': '0', 'Short-island': '1', 'Squeal': '0', 'Typical-entropy': '0', 'Voicing-quality': '1', 'Wide-band': '0', 'Xlong-island': '0', 'seq': '1', 'end': 21301.85, 'start': 21301.59}]",0,0,[],[]
21301850,21302650,NA,OLF,0.0,716,CIC,NA,NA,NA,NA,0.0,0,-40.88,-30.87,[],0,0,[],[]
21302650,21303650,FEM,FAN,7.49,716,CIC,RC,1,TIFR,FI,0.0,0,-34.78,-28.29,[],0,0,[],[]
21303650,21304460,NA,OLN,0.0,716,CIC,NA,NA,NA,NA,0.0,0,-21.22,-6.16,[],0,0,[],[]
21304460,21305680,FEM,FAN,0.84,716,CIC,RC,1,NT,FH,0.0,0,-35.61,-23.2,[],0,0,[],[]
21305680,21308520,NA,NOF,0.0,716,CIC,NA,NA,NA,NA,0.0,0,-42.14,-26.57,[],0,0,[],[]
21308520,21309830,OCH,CXN,0.0,716,CIC,RC,1,NT,FI,0.0,0,-40.25,-34.88,[],0,0,[],[]
21309830,21310830,NA,FAF,0.0,716,CIC,NA,NA,NA,NA,0.0,0,-40.58,-31.94,[],0,0,[],[]
21310830,21311860,NA,NOF,0.0,716,CIC,NA,NA,NA,NA,0.0,0,-40.74,-27.16,[],0,0,[],[]
21311860,21314070,FEM,FAN,9.6,716,CIC,RC,1,TIFI,FI,0.0,0,-33.83,-26.71,[],0,0,[],[]
21314070,21314680,CHI,CHN,0.0,716,CIC,RC,2,TIFR,FI,1.0,170,-33.78,-25.94,"[{'Canonical-syllable': '0', 'Growl': '0', 'High-freq-energy': '0', 'Long-island': '0', 'Low-tilt-spectrum': '0', 'Medium-island': '0', 'Short-island': '1', 'Squeal': '0', 'Typical-entropy': '0', 'Voicing-quality': '1', 'Wide-band': '0', 'Xlong-island': '0', 'seq': '1', 'end': 21314.6, 'start': 21314.43}]",0,0,[],[]
21314680,21315660,NA,OLN,0.0,716,CIC,NA,NA,NA,NA,0.0,0,-19.72,-6.71,[],0,0,[],[]
21315660,21317050,CHI,CHN,0.0,716,CIC,RC,2,NT,FH,1.0,1390,-17.65,-10.56,"[{'Canonical-syllable': '0', 'Growl': '0', 'High-freq-energy': '0', 'Long-island': '0', 'Low-tilt-spectrum': '0', 'Medium-island': '2', 'Short-island': '0', 'Squeal': '0', 'Typical-entropy': '1', 'Voicing-quality': '2', 'Wide-band': '0', 'Xlong-island': '0', 'seq': '1', 'end': 21317.05, 'start': 21315.66}]",0,0,[],[]
21317050,21318810,NA,SIL,0.0,716,CIC,NA,NA,NA,NA,0.0,0,-44.99,-35.16,[],0,0,[],[]
21318810,21319810,CHI,CHN,0.0,716,CIC,RC,2,NT,FH,1.0,810,-21.67,-14.14,"[{'Canonical-syllable': '0', 'Growl': '1', 'High-freq-energy': '0', 'Long-island': '0', 'Low-tilt-spectrum': '0', 'Medium-island': '1', 'Short-island': '1', 'Squeal': '0', 'Typical-entropy': '1', 'Voicing-quality': '2', 'Wide-band': '0', 'Xlong-island': '0', 'seq': '1', 'end': 21319.62, 'start': 21318.93}]",0,0,[],[]
21319810,21320610,NA,OLN,0.0,716,CIC,NA,NA,NA,NA,0.0,0,-36.92,-24.59,[],0,0,[],[]
21320610,21321910,FEM,FAN,3.11,716,CIC,RC,2,TIFE,FI,0.0,0,-37.33,-32.7,[],0,0,[],[]
21321910,21322720,NA,SIL,0.0,716,CIC,NA,NA,NA,NA,0.0,0,-46.56,-43.29,[],0,0,[],[]
21322720,21324660,NA,NOF,0.0,716,CIC,NA,NA,NA,NA,0.0,0,-29.39,-7.79,[],0,0,[],[]
21324660,21325460,OCH,CXN,0.0,716,CIC,RC,2,NT,FI,0.0,0,-37.39,-30.32,[],0,0,[],[]
21325460,21327080,FEM,FAN,4.57,716,CIC,RC,2,TIFI,FI,0.0,0,-38.75,-32.31,[],0,0,[],[]
21327080,21327850,CHI,CHN,0.0,716,CIC,RC,3,TIFR,FI,1.0,770,-29.62,-22.92,"[{'Canonical-syllable': '0', 'Growl': '0', 'High-freq-energy': '0', 'Long-island': '0', 'Low-tilt-spectrum': '0', 'Medium-island': '1', 'Short-island': '1', 'Squeal': '0', 'Typical-entropy': '0', 'Voicing-quality': '2', 'Wide-band': '0', 'Xlong-island': '0', 'seq': '1', 'end': 21327.85, 'start': 21327.08}]",0,0,[],[]
21327850,21329160,FEM,FAN,4.73,716,CIC,RC,3,TIFI,FI,0.0,0,-20.25,-10.42,[],0,0,[],[]
21329160,21330040,CHI,CHN,0.0,716,CIC,RC,4,TIFR,FI,1.0,880,-16.44,-11.14,"[{'Canonical-syllable': '1', 'Growl': '1', 'High-freq-energy': '0', 'Long-island': '0', 'Low-tilt-spectrum': '0', 'Medium-island': '2', 'Short-island': '0', 'Squeal': '0', 'Typical-entropy': '0', 'Voicing-quality': '2', 'Wide-band': '0', 'Xlong-island': '0', 'seq': '1', 'end': 21330.04, 'start': 21329.16}]",0,0,[],[]
21330040,21331590,FEM,FAN,7.65,716,CIC,RC,4,TIFE,FI,0.0,0,-15.0,-10.02,[],0,0,[],[]
21331590,21332350,CHI,CHN,0.0,716,CIC,NA,NA,NA,NA,0.0,0,-15.46,-9.28,[],0,760,[],"[{'start': 21331.59, 'end': 21332.35}]"
21332350,21335430,FEM,FAN,12.33,716,CIC,RC,4,NT,FH,0.0,0,-22.77,-13.1,[],0,0,[],[]
21335430,21336880,NA,NOF,0.0,716,CIC,NA,NA,NA,NA,0.0,0,-31.61,-22.59,[],0,0,[],[]
21336880,21337970,FEM,FAN,5.78,716,CIC,RC,4,TIFI,FH,0.0,0,-30.78,-25.6,[],0,0,[],[]
21337970,21341370,CHI,CHN,0.0,716,CIC,RC,5,TIFR,FI,3.0,2600,-18.13,-5.36,"[{'Canonical-syllable': '1', 'Growl': '0', 'High-freq-energy': '1', 'Long-island': '0', 'Low-tilt-spectrum': '1', 'Medium-island': '0', 'Short-island': '1', 'Squeal': '0', 'Typical-entropy': '1', 'Voicing-quality': '1', 'Wide-band': '0', 'Xlong-island': '0', 'seq': '1', 'end': 21338.38, 'start': 21338.15}, {'Canonical-syllable': '2', 'Growl': '0', 'High-freq-energy': '1', 'Long-island': '0', 'Low-tilt-spectrum': '3', 'Medium-island': '1', 'Short-island': '2', 'Squeal': '0', 'Typical-entropy': '3', 'Voicing-quality': '3', 'Wide-band': '0', 'Xlong-island': '0', 'seq': '2', 'end': 21339.97, 'start': 21338.87}, {'Canonical-syllable': '2', 'Growl': '1', 'High-freq-energy': '0', 'Long-island': '0', 'Low-tilt-spectrum': '1', 'Medium-island': '1', 'Short-island': '2', 'Squeal': '0', 'Typical-entropy': '2', 'Voicing-quality': '2', 'Wide-band': '1', 'Xlong-island': '0', 'seq': '3', 'end': 21341.37, 'start': 21340.28}]",0,0,[],[]
21341370,21342240,NA,NOF,0.0,716,CIC,NA,NA,NA,NA,0.0,0,-42.64,-37.05,[],0,0,[],[]
21342240,21343920,CHI,CHN,0.0,716,CIC,RC,5,NT,FH,1.0,1680,-22.56,-14.4,"[{'Canonical-syllable': '0', 'Growl': '0', 'High-freq-energy': '0', 'Long-island': '2', 'Low-tilt-spectrum': '0', 'Medium-island': '0', 'Short-island': '0', 'Squeal': '0', 'Typical-entropy': '0', 'Voicing-quality': '2', 'Wide-band': '0', 'Xlong-island': '0', 'seq': '1', 'end': 21343.92, 'start': 21342.24}]",0,0,[],[]
21343920,21344910,NA,SIL,0.0,716,CIC,NA,NA,NA,NA,0.0,0,-46.8,-39.34,[],0,0,[],[]
21344910,21345710,NA,NOF,0.0,716,CIC,NA,NA,NA,NA,0.0,0,-44.18,-38.69,[],0,0,[],[]
21345710,21346540,CHI,CHN,0.0,716,CIC,RC,5,NT,FH,1.0,830,-21.42,-14.8,"[{'Canonical-syllable': '0', 'Growl': '0', 'High-freq-energy': '0', 'Long-island': '1', 'Low-tilt-spectrum': '0', 'Medium-island': '0', 'Short-island': '0', 'Squeal': '0', 'Typical-entropy': '0', 'Voicing-quality': '1', 'Wide-band': '0', 'Xlong-island': '0', 'seq': '1', 'end': 21346.54, 'start': 21345.71}]",0,0,[],[]
21346540,21347340,NA,SIL,0.0,716,CIC,NA,NA,NA,NA,0.0,0,-47.69,-43.63,[],0,0,[],[]
21347340,21347940,FEM,FAN,8.07,716,CIC,RC,5,TIFI,FI,0.0,0,-37.88,-32.92,[],0,0,[],[]
21347940,21348740,NA,SIL,0.0,716,CIC,NA,NA,NA,NA,0.0,0,-47.66,-45.31,[],0,0,[],[]
21348740,21349460,CHI,CHN,0.0,716,CIC,RC,6,TIFR,FI,1.0,720,-22.06,-16.6,"[{'Canonical-syllable': '0', 'Growl': '0', 'High-freq-energy': '0', 'Long-island': '1', 'Low-tilt-spectrum': '0', 'Medium-island': '0', 'Short-island': '0', 'Squeal': '0', 'Typical-entropy': '0', 'Voicing-quality': '1', 'Wide-band': '0', 'Xlong-island': '0', 'seq': '1', 'end': 21349.46, 'start': 21348.74}]",0,0,[],[]
21349460,21350460,CHI,CHN,0.0,716,CIC,RC,6,NT,FH,2.0,530,-17.62,-10.94,"[{'Canonical-syllable': '1', 'Growl': '0', 'High-freq-energy': '0', 'Long-island': '0', 'Low-tilt-spectrum': '0', 'Medium-island': '0', 'Short-island': '1', 'Squeal': '0', 'Typical-entropy': '0', 'Voicing-quality': '1', 'Wide-band': '0', 'Xlong-island': '0', 'seq': '1', 'end': 21349.63, 'start': 21349.46}, {'Canonical-syllable': '0', 'Growl': '0', 'High-freq-energy': '0', 'Long-island': '0', 'Low-tilt-spectrum': '0', 'Medium-island': '1', 'Short-island': '0', 'Squeal': '0', 'Typical-entropy': '0', 'Voicing-quality': '1', 'Wide-band': '0', 'Xlong-island': '0', 'seq': '2', 'end': 21350.46, 'start': 21350.1}]",0,0,[],[]
21350460,21351340,CHI,CHN,0.0,716,CIC,RC,6,NT,FH,1.0,880,-16.11,-10.44,"[{'Canonical-syllable': '1', 'Growl': '0', 'High-freq-energy': '0', 'Long-island': '0', 'Low-tilt-spectrum': '0', 'Medium-island': '1', 'Short-island': '1', 'Squeal': '0', 'Typical-entropy': '0', 'Voicing-quality': '2', 'Wide-band': '0', 'Xlong-island': '0', 'seq': '1', 'end': 21351.34, 'start': 21350.46}]",0,0,[],[]
21351340,21352470,FEM,FAN,6.83,716,CIC,RC,6,TIFI,FI,0.0,0,-21.9,-11.84,[],0,0,[],[]
21352470,21353880,CHI,CHN,0.0,716,CIC,RC,7,TIFR,FI,1.0,1410,-19.65,-12.48,"[{'Canonical-syllable': '1', 'Growl': '0', 'High-freq-energy': '0', 'Long-island': '1', 'Low-tilt-spectrum': '0', 'Medium-island': '1', 'Short-island': '0', 'Squeal': '0', 'Typical-entropy': '0', 'Voicing-quality': '2', 'Wide-band': '0', 'Xlong-island': '0', 'seq': '1', 'end': 21353.88, 'start': 21352.47}]",0,0,[],[]
21353880,21356660,NA,OLN,0.0,716,CIC,NA,NA,NA,NA,0.0,0,-18.91,-9.53,[],0,0,[],[]
21356660,21357460,NA,OLF,0.0,716,CIC,NA,NA,NA,NA,0.0,0,-31.56,-17.65,[],0,0,[],[]
21357460,21358260,NA,OLN,0.0,716,CIC,NA,NA,NA,NA,0.0,0,-31.19,-21.48,[],0,0,[],[]
21358260,21358860,CHI,CHN,0.0,716,CIC,RC,7,NT,FH,1.0,600,-28.13,-21.46,"[{'Canonical-syllable': '0', 'Growl': '0', 'High-freq-energy': '0', 'Long-island': '0', 'Low-tilt-spectrum': '0', 'Medium-island': '0', 'Short-island': '2', 'Squeal': '1', 'Typical-entropy': '0', 'Voicing-quality': '2', 'Wide-band': '0', 'Xlong-island': '0', 'seq': '1', 'end': 21358.86, 'start': 21358.26}]",0,0,[],[]
21358860,21363400,NA,SIL,0.0,716,CIC,NA,NA,NA,NA,0.0,0,-48.97,-34.76,[],0,0,[],[]
21363400,21365530,FEM,FAN,7.46,716,CIC,RC,7,TIFE,FI,0.0,0,-35.06,-29.43,[],0,0,[],[]
21365530,21367030,NA,OLN,0.0,716,CIC,NA,NA,NA,NA,0.0,0,-23.49,-12.87,[],0,0,[],[]
21367030,21367740,FEM,FAN,2.3,716,CIC,RC,7,TIFI,FH,0.0,0,-18.88,-15.06,[],0,0,[],[]
21367740,21368860,NA,NOF,0.0,716,CIC,NA,NA,NA,NA,0.0,0,-34.76,-25.04,[],0,0,[],[]
21368860,21369460,NA,CHF,0.0,716,CIC,RC,8,TIFR,FI,1.0,230,-36.34,-26.13,"[{'Canonical-syllable': '0', 'Growl': '1', 'High-freq-energy': '0', 'Long-island': '0', 'Low-tilt-spectrum': '0', 'Medium-island': '0', 'Short-island': '1', 'Squeal': '0', 'Typical-entropy': '0', 'Voicing-quality': '1', 'Wide-band': '0', 'Xlong-island': '0', 'seq': '1', 'end': 21369.46, 'start': 21369.23}]",0,0,[],[]
21369460,21371550,NA,NOF,0.0,716,CIC,NA,NA,NA,NA,0.0,0,-21.74,-4.09,[],0,0,[],[]
21371550,21372460,NA,OLN,0.0,716,CIC,NA,NA,NA,NA,0.0,0,-27.11,-18.25,[],0,0,[],[]
21372460,21374430,FEM,FAN,7.38,716,CIC,EC,8,TIFE,FI,0.0,0,-23.87,-8.87,[],0,0,[],[]
21374430,21375700,NA,NOF,0.0,717,pause,NA,NA,NA,NA,0.0,0,-39.96,-27.64,[],0,0,[],[]
21375700,21376700,NA,FAF,0.0,717,pause,NA,NA,NA,NA,0.0,0,-37.35,-27.25,[],0,0,[],[]
21376700,21379280,NA,NOF,0.0,717,pause,NA,NA,NA,NA,0.0,0,-29.4,-11.42,[],0,0,[],[]
21379280,21380250,NA,SIL,0.0,717,pause,NA,NA,NA,NA,0.0,0,-44.46,-34.41,[],0,0,[],[]
21380250,21381630,NA,NOF,0.0,717,pause,NA,NA,NA,NA,0.0,0,-42.63,-36.89,[],0,0,[],[]
21381630,21384370,NA,SIL,0.0,717,pause,NA,NA,NA,NA,0.0,0,-46.14,-41.68,[],0,0,[],[]
21384370,21385170,NA,OLN,0.0,717,pause,NA,NA,NA,NA,0.0,0,-20.8,-7.17,[],0,0,[],[]
21385170,21386610,FEM,FAN,4.99,717,AMF,EC,0,NT,FI,0.0,0,-36.8,-28.68,[],0,0,[],[]
21386610,21388440,NA,FAF,0.0,718,pause,NA,NA,NA,NA,0.0,0,-44.05,-35.3,[],0,0,[],[]
21388440,21389380,NA,SIL,0.0,718,pause,NA,NA,NA,NA,0.0,0,-45.28,-40.02,[],0,0,[],[]
21389380,21391590,NA,NOF,0.0,718,pause,NA,NA,NA,NA,0.0,0,-40.74,-30.25,[],0,0,[],[]
21391590,21396740,NA,OLN,0.0,718,pause,NA,NA,NA,NA,0.0,0,-18.87,-1.32,[],0,0,[],[]
21396740,21398440,NA,NOF,0.0,718,pause,NA,NA,NA,NA,0.0,0,-25.5,-6.69,[],0,0,[],[]
21398440,21400520,NA,SIL,0.0,718,pause,NA,NA,NA,NA,0.0,0,-48.73,-42.8,[],0,0,[],[]
21400520,21402350,NA,NOF,0.0,718,pause,NA,NA,NA,NA,0.0,0,-35.25,-13.73,[],0,0,[],[]
21402350,21404690,NA,SIL,0.0,718,pause,NA,NA,NA,NA,0.0,0,-49.21,-41.59,[],0,0,[],[]
21404690,21406260,NA,NOF,0.0,718,pause,NA,NA,NA,NA,0.0,0,-22.06,-6.33,[],0,0,[],[]
21406260,21407770,NA,OLF,0.0,718,pause,NA,NA,NA,NA,0.0,0,-18.02,-8.63,[],0,0,[],[]
21407770,21408970,NA,NOF,0.0,718,pause,NA,NA,NA,NA,0.0,0,-22.54,-5.65,[],0,0,[],[]
21408970,21410350,NA,SIL,0.0,718,pause,NA,NA,NA,NA,0.0,0,-42.37,-33.92,[],0,0,[],[]
21410350,21411150,NA,OLN,0.0,718,pause,NA,NA,NA,NA,0.0,0,-19.22,-11.12,[],0,0,[],[]
21411150,21413660,NA,NOF,0.0,718,pause,NA,NA,NA,NA,0.0,0,-34.29,-24.47,[],0,0,[],[]
21413660,21415610,CHI,CHN,0.0,718,CIC,BC,0,TIFI,FI,1.0,1670,-15.6,-2.96,"[{'Canonical-syllable': '1', 'Growl': '0', 'High-freq-energy': '0', 'Long-island': '0', 'Low-tilt-spectrum': '1', 'Medium-island': '2', 'Short-island': '2', 'Squeal': '0', 'Typical-entropy': '3', 'Voicing-quality': '4', 'Wide-band': '0', 'Xlong-island': '0', 'seq': '1', 'end': 21415.33, 'start': 21413.66}]",0,0,[],[]
21415610,21416700,NA,NOF,0.0,718,CIC,NA,NA,NA,NA,0.0,0,-44.2,-38.31,[],0,0,[],[]
21416700,21417740,FEM,FAN,4.9,718,CIC,RC,1,TIFR,FI,0.0,0,-39.9,-31.16,[],0,0,[],[]
21417740,21419400,NA,NOF,0.0,718,CIC,NA,NA,NA,NA,0.0,0,-45.89,-31.05,[],0,0,[],[]
21419400,21420310,OCH,CXN,0.0,718,CIC,RC,1,NT,FI,0.0,0,-31.61,-25.28,[],0,0,[],[]
21420310,21421260,NA,SIL,0.0,718,CIC,NA,NA,NA,NA,0.0,0,-51.82,-46.29,[],0,0,[],[]
21421260,21423380,FEM,FAN,5.71,718,CIC,EC,1,NT,FI,0.0,0,-36.47,-25.97,[],0,0,[],[]
21423380,21424180,NA,OLF,0.0,719,pause,NA,NA,NA,NA,0.0,0,-38.9,-29.06,[],0,0,[],[]
21424180,21424980,NA,FAF,0.0,719,pause,NA,NA,NA,NA,0.0,0,-41.95,-32.93,[],0,0,[],[]
21424980,21435550,NA,NOF,0.0,719,pause,NA,NA,NA,NA,0.0,0,-29.11,-5.03,[],0,0,[],[]
21435550,21438020,NA,SIL,0.0,719,pause,NA,NA,NA,NA,0.0,0,-55.27,-42.34,[],0,0,[],[]
21438020,21441180,NA,FAF,0.0,719,pause,NA,NA,NA,NA,0.0,0,-41.74,-29.62,[],0,0,[],[]
21441180,21442380,NA,NOF,0.0,719,pause,NA,NA,NA,NA,0.0,0,-43.36,-33.46,[],0,0,[],[]
21442380,21442980,CHI,CHN,0.0,719,CM,BC,0,NT,FI,1.0,470,-22.74,-13.58,"[{'Canonical-syllable': '0', 'Growl': '0', 'High-freq-energy': '0', 'Long-island': '0', 'Low-tilt-spectrum': '0', 'Medium-island': '1', 'Short-island': '0', 'Squeal': '0', 'Typical-entropy': '0', 'Voicing-quality': '1', 'Wide-band': '0', 'Xlong-island': '0', 'seq': '1', 'end': 21442.85, 'start': 21442.49}]",0,0,[],[]
21442980,21443780,NA,SIL,0.0,719,CM,NA,NA,NA,NA,0.0,0,-52.67,-48.29,[],0,0,[],[]
21443780,21444580,NA,FAF,0.0,719,CM,NA,NA,NA,NA,0.0,0,-43.13,-36.56,[],0,0,[],[]
21444580,21445390,NA,NOF,0.0,719,CM,NA,NA,NA,NA,0.0,0,-31.53,-19.56,[],0,0,[],[]
21445390,21446000,CHI,CHN,0.0,719,CM,EC,0,NT,FH,1.0,510,-18.1,-7.75,"[{'Canonical-syllable': '0', 'Growl': '0', 'High-freq-energy': '0', 'Long-island': '0', 'Low-tilt-spectrum': '0', 'Medium-island': '1', 'Short-island': '0', 'Squeal': '0', 'Typical-entropy': '1', 'Voicing-quality': '1', 'Wide-band': '0', 'Xlong-island': '0', 'seq': '1', 'end': 21445.9, 'start': 21445.52}]",0,0,[],[]
21446000,21448300,NA,NOF,0.0,720,pause,NA,NA,NA,NA,0.0,0,-45.52,-26.97,[],0,0,[],[]
21448300,21449100,NA,OLN,0.0,720,pause,NA,NA,NA,NA,0.0,0,-21.28,-6.59,[],0,0,[],[]
21449100,21450360,NA,NOF,0.0,720,pause,NA,NA,NA,NA,0.0,0,-38.09,-27.26,[],0,0,[],[]
21450360,21451490,NA,SIL,0.0,720,pause,NA,NA,NA,NA,0.0,0,-54.39,-43.32,[],0,0,[],[]
21451490,21452930,NA,NON,0.0,720,pause,NA,NA,NA,NA,0.0,0,-26.41,-9.11,[],0,0,[],[]
21452930,21454500,NA,OLN,0.0,720,pause,NA,NA,NA,NA,0.0,0,-25.02,-13.88,[],0,0,[],[]
21454500,21456320,NA,NOF,0.0,720,pause,NA,NA,NA,NA,0.0,0,-30.67,-15.53,[],0,0,[],[]
21456320,21458030,CHI,CHN,0.0,720,CIC,BC,0,NT,FI,1.0,1710,-16.3,-9.51,"[{'Canonical-syllable': '0', 'Growl': '0', 'High-freq-energy': '0', 'Long-island': '2', 'Low-tilt-spectrum': '0', 'Medium-island': '0', 'Short-island': '0', 'Squeal': '0', 'Typical-entropy': '1', 'Voicing-quality': '2', 'Wide-band': '0', 'Xlong-island': '0', 'seq': '1', 'end': 21458.03, 'start': 21456.32}]",0,0,[],[]
21458030,21459030,NA,NOF,0.0,720,CIC,NA,NA,NA,NA,0.0,0,-39.42,-28.48,[],0,0,[],[]
21459030,21459890,NA,SIL,0.0,720,CIC,NA,NA,NA,NA,0.0,0,-40.58,-24.91,[],0,0,[],[]
21459890,21461100,CHI,CHN,0.0,720,CIC,RC,0,NT,FH,1.0,1210,-16.31,-10.64,"[{'Canonical-syllable': '0', 'Growl': '0', 'High-freq-energy': '0', 'Long-island': '1', 'Low-tilt-spectrum': '0', 'Medium-island': '1', 'Short-island': '0', 'Squeal': '0', 'Typical-entropy': '0', 'Voicing-quality': '2', 'Wide-band': '0', 'Xlong-island': '0', 'seq': '1', 'end': 21461.1, 'start': 21459.97}]",0,0,[],[]
21461100,21463370,NA,SIL,0.0,720,CIC,NA,NA,NA,NA,0.0,0,-38.18,-15.9,[],0,0,[],[]
21463370,21464390,CHI,CHN,0.0,720,CIC,RC,0,NT,FH,1.0,1020,-17.35,-9.63,"[{'Canonical-syllable': '0', 'Growl': '0', 'High-freq-energy': '0', 'Long-island': '0', 'Low-tilt-spectrum': '0', 'Medium-island': '1', 'Short-island': '2', 'Squeal': '0', 'Typical-entropy': '1', 'Voicing-quality': '3', 'Wide-band': '1', 'Xlong-island': '0', 'seq': '1', 'end': 21464.39, 'start': 21463.37}]",0,0,[],[]
21464390,21465200,NA,OLN,0.0,720,CIC,NA,NA,NA,NA,0.0,0,-19.95,-7.0,[],0,0,[],[]
21465200,21466100,NA,SIL,0.0,720,CIC,NA,NA,NA,NA,0.0,0,-48.15,-39.88,[],0,0,[],[]
21466100,21466910,NA,FAF,0.0,720,CIC,NA,NA,NA,NA,0.0,0,-43.42,-34.73,[],0,0,[],[]
21466910,21467710,NA,OLF,0.0,720,CIC,NA,NA,NA,NA,0.0,0,-30.31,-17.75,[],0,0,[],[]
21467710,21468680,NA,NON,0.0,720,CIC,NA,NA,NA,NA,0.0,0,-30.95,-13.09,[],0,0,[],[]
21468680,21469570,CHI,CHN,0.0,720,CIC,RC,0,TIFI,FH,1.0,890,-18.36,-11.49,"[{'Canonical-syllable': '0', 'Growl': '1', 'High-freq-energy': '2', 'Long-island': '0', 'Low-tilt-spectrum': '3', 'Medium-island': '1', 'Short-island': '2', 'Squeal': '1', 'Typical-entropy': '3', 'Voicing-quality': '2', 'Wide-band': '1', 'Xlong-island': '0', 'seq': '1', 'end': 21469.57, 'start': 21468.68}]",0,0,[],[]
21469570,21470540,NA,OLN,0.0,720,CIC,NA,NA,NA,NA,0.0,0,-19.22,-4.29,[],0,0,[],[]
21470540,21471540,FEM,FAN,1.93,720,CIC,RC,1,TIFR,FI,0.0,0,-32.32,-24.38,[],0,0,[],[]
21471540,21472340,OCH,CXN,0.0,720,CIC,RC,1,NT,FI,0.0,0,-26.24,-15.47,[],0,0,[],[]
21472340,21473350,FEM,FAN,5.61,720,CIC,RC,1,TIFI,FI,0.0,0,-31.66,-17.8,[],0,0,[],[]
21473350,21474150,NA,NOF,0.0,720,CIC,NA,NA,NA,NA,0.0,0,-47.32,-39.45,[],0,0,[],[]
21474150,21474880,CHI,CHN,0.0,720,CIC,RC,2,TIFR,FI,1.0,730,-29.04,-21.6,"[{'Canonical-syllable': '0', 'Growl': '1', 'High-freq-energy': '0', 'Long-island': '0', 'Low-tilt-spectrum': '1', 'Medium-island': '1', 'Short-island': '1', 'Squeal': '0', 'Typical-entropy': '2', 'Voicing-quality': '2', 'Wide-band': '1', 'Xlong-island': '0', 'seq': '1', 'end': 21474.88, 'start': 21474.15}]",0,0,[],[]
21474880,21475680,NA,SIL,0.0,720,CIC,NA,NA,NA,NA,0.0,0,-50.59,-39.44,[],0,0,[],[]
21475680,21478860,FEM,FAN,7.97,720,CIC,RC,2,TIFE,FI,0.0,0,-39.32,-26.21,[],0,0,[],[]
21478860,21479720,NA,NOF,0.0,720,CIC,NA,NA,NA,NA,0.0,0,-41.25,-35.42,[],0,0,[],[]
21479720,21481000,FEM,FAN,1.87,720,CIC,EC,2,NT,FH,0.0,0,-26.35,-15.9,[],0,0,[],[]
21481000,21482830,NA,NOF,0.0,721,pause,NA,NA,NA,NA,0.0,0,-32.01,-13.0,[],0,0,[],[]
21482830,21485680,NA,OLN,0.0,721,pause,NA,NA,NA,NA,0.0,0,-22.7,-10.32,[],0,0,[],[]
21485680,21486480,NA,OLF,0.0,721,pause,NA,NA,NA,NA,0.0,0,-39.7,-32.79,[],0,0,[],[]
21486480,21487500,CHI,CHN,0.0,721,pause,NA,NA,NA,NA,0.0,0,-14.27,-4.45,[],0,1020,"[{'start': 21486.48, 'end': 21487.5}]",[]
21487500,21488690,FEM,FAN,6.64,721,AMF,EC,0,NT,FI,0.0,0,-34.49,-20.48,[],0,0,[],[]
21488690,21489540,NA,OLF,0.0,722,pause,NA,NA,NA,NA,0.0,0,-38.77,-30.2,[],0,0,[],[]
21489540,21490660,CHI,CHN,0.0,722,pause,NA,NA,NA,NA,0.0,0,-17.27,-8.93,[],0,730,"[{'start': 21489.79, 'end': 21490.52}]",[]
21490660,21491660,NA,NOF,0.0,722,pause,NA,NA,NA,NA,0.0,0,-24.06,-5.72,[],0,0,[],[]
21491660,21494730,CHI,CHN,0.0,722,pause,NA,NA,NA,NA,0.0,0,-15.36,-2.69,[],0,2940,"[{'start': 21491.79, 'end': 21494.73}]",[]
21494730,21497240,NA,NON,0.0,722,pause,NA,NA,NA,NA,0.0,0,-17.67,-3.48,[],0,0,[],[]
21497240,21498330,CHI,CHN,0.0,722,pause,NA,NA,NA,NA,0.0,0,-13.34,-4.63,[],0,1000,"[{'start': 21497.24, 'end': 21498.24}]",[]
21498330,21500160,NA,NOF,0.0,722,pause,NA,NA,NA,NA,0.0,0,-31.04,-17.47,[],0,0,[],[]
21500160,21502050,CHI,CHN,0.0,722,pause,NA,NA,NA,NA,0.0,0,-14.29,-3.89,[],0,1690,"[{'start': 21500.36, 'end': 21502.05}]",[]
21502050,21504210,NA,NOF,0.0,722,pause,NA,NA,NA,NA,0.0,0,-21.12,-5.13,[],0,0,[],[]
21504210,21507180,CHI,CHN,0.0,722,pause,NA,NA,NA,NA,0.0,0,-12.99,-3.19,[],0,2380,"[{'start': 21504.21, 'end': 21506.59}]",[]
21507180,21508180,CHI,CHN,0.0,722,pause,NA,NA,NA,NA,0.0,0,-25.5,-17.41,[],0,160,"[{'start': 21508.02, 'end': 21508.18}]",[]
21508180,21508980,NA,NOF,0.0,722,pause,NA,NA,NA,NA,0.0,0,-35.79,-27.89,[],0,0,[],[]
21508980,21509720,CHI,CHN,0.0,722,pause,NA,NA,NA,NA,0.0,0,-10.04,-3.14,[],0,740,"[{'start': 21508.98, 'end': 21509.72}]",[]
21509720,21510530,OCH,CXN,0.0,722,XM,EC,0,NT,FI,0.0,0,-19.19,-11.56,[],0,0,[],[]
21510530,21511130,NA,CHF,0.0,723,pause,NA,NA,NA,NA,0.0,0,-30.06,-15.14,[],0,0,[],[]
21511130,21512350,NA,NOF,0.0,723,pause,NA,NA,NA,NA,0.0,0,-22.49,-4.38,[],0,0,[],[]
21512350,21515260,CHI,CHN,0.0,723,pause,NA,NA,NA,NA,0.0,0,-11.13,-2.52,[],0,2690,"[{'start': 21512.35, 'end': 21515.04}]",[]
21515260,21517250,NA,OLN,0.0,723,pause,NA,NA,NA,NA,0.0,0,-16.75,-3.13,[],0,0,[],[]
21517250,21517850,CHI,CHN,0.0,723,pause,NA,NA,NA,NA,0.0,0,-17.23,-4.7,[],0,450,"[{'start': 21517.25, 'end': 21517.54}]","[{'start': 21517.54, 'end': 21517.7}]"
21517850,21520200,NA,NOF,0.0,723,pause,NA,NA,NA,NA,0.0,0,-19.39,-3.53,[],0,0,[],[]
21520200,21521060,NA,OLN,0.0,723,pause,NA,NA,NA,NA,0.0,0,-22.77,-12.13,[],0,0,[],[]
21521060,21522490,NA,NOF,0.0,723,pause,NA,NA,NA,NA,0.0,0,-26.22,-6.84,[],0,0,[],[]
21522490,21524240,CHI,CHN,0.0,723,pause,NA,NA,NA,NA,0.0,0,-18.47,-6.95,[],0,1310,"[{'start': 21522.49, 'end': 21523.8}]",[]
21524240,21525920,FEM,FAN,5.6,723,AICF,BC,0,NT,FI,0.0,0,-31.89,-24.97,[],0,0,[],[]
21525920,21527050,CHI,CHN,0.0,723,AICF,NA,NA,NA,NA,0.0,0,-13.56,-3.71,[],0,800,"[{'start': 21525.92, 'end': 21526.35}, {'start': 21526.57, 'end': 21526.94}]",[]
21527050,21527850,NA,SIL,0.0,723,AICF,NA,NA,NA,NA,0.0,0,-40.94,-30.98,[],0,0,[],[]
21527850,21528650,CHI,CHN,0.0,723,AICF,NA,NA,NA,NA,0.0,0,-16.58,-7.24,[],0,600,"[{'start': 21528.05, 'end': 21528.65}]",[]
21528650,21531420,FEM,FAN,10.61,723,AICF,RC,0,TIFI,FH,0.0,0,-25.7,-14.51,[],0,0,[],[]
21531420,21532100,CHI,CHN,0.0,723,AICF,NA,NA,NA,NA,0.0,0,-13.79,-10.16,[],0,680,"[{'start': 21531.42, 'end': 21532.1}]",[]
21532100,21533440,NA,OLN,0.0,723,AICF,NA,NA,NA,NA,0.0,0,-27.54,-20.29,[],0,0,[],[]
21533440,21536020,NA,OLF,0.0,723,AICF,NA,NA,NA,NA,0.0,0,-30.83,-12.75,[],0,0,[],[]
21536020,21537270,CHI,CHN,0.0,723,AICF,EC,1,TIFR,FI,1.0,1250,-17.96,-9.92,"[{'Canonical-syllable': '1', 'Growl': '0', 'High-freq-energy': '0', 'Long-island': '0', 'Low-tilt-spectrum': '1', 'Medium-island': '2', 'Short-island': '1', 'Squeal': '0', 'Typical-entropy': '2', 'Voicing-quality': '3', 'Wide-band': '0', 'Xlong-island': '0', 'seq': '1', 'end': 21537.27, 'start': 21536.02}]",0,0,[],[]
21537270,21538890,NA,OLN,0.0,724,pause,NA,NA,NA,NA,0.0,0,-22.34,-6.6,[],0,0,[],[]
21538890,21540740,NA,NOF,0.0,724,pause,NA,NA,NA,NA,0.0,0,-37.76,-21.82,[],0,0,[],[]
21540740,21543680,NA,FAF,0.0,724,pause,NA,NA,NA,NA,0.0,0,-42.97,-31.56,[],0,0,[],[]
21543680,21544680,MAL,MAN,4.64,724,AICM,BC,0,NT,FI,0.0,0,-24.53,-16.93,[],0,0,[],[]
21544680,21545650,NA,OLN,0.0,724,AICM,NA,NA,NA,NA,0.0,0,-22.35,-12.59,[],0,0,[],[]
21545650,21546660,MAL,MAN,8.72,724,AICM,RC,0,TIMI,FH,0.0,0,-23.58,-15.12,[],0,0,[],[]
21546660,21547880,NA,OLN,0.0,724,AICM,NA,NA,NA,NA,0.0,0,-16.39,-8.38,[],0,0,[],[]
21547880,21548510,CHI,CHN,0.0,724,AICM,RC,1,TIMR,FI,1.0,630,-23.26,-16.52,"[{'Canonical-syllable': '1', 'Growl': '0', 'High-freq-energy': '0', 'Long-island': '0', 'Low-tilt-spectrum': '0', 'Medium-island': '1', 'Short-island': '0', 'Squeal': '0', 'Typical-entropy': '0', 'Voicing-quality': '1', 'Wide-band': '0', 'Xlong-island': '0', 'seq': '1', 'end': 21548.51, 'start': 21547.88}]",0,0,[],[]
21548510,21549670,NA,NON,0.0,724,AICM,NA,NA,NA,NA,0.0,0,-15.66,-4.06,[],0,0,[],[]
21549670,21550280,CHI,CHN,0.0,724,AICM,NA,NA,NA,NA,0.0,0,-13.01,-5.65,[],0,610,"[{'start': 21549.67, 'end': 21550.28}]",[]
21550280,21551080,CHI,CHN,0.0,724,AICM,NA,NA,NA,NA,0.0,0,-15.19,-9.52,[],0,800,"[{'start': 21550.28, 'end': 21551.08}]",[]
21551080,21552080,CHI,CHN,0.0,724,AICM,NA,NA,NA,NA,0.0,0,-19.22,-10.86,[],0,1000,"[{'start': 21551.08, 'end': 21552.08}]",[]
21552080,21552890,NA,NOF,0.0,724,AICM,NA,NA,NA,NA,0.0,0,-40.76,-29.19,[],0,0,[],[]
21552890,21554030,FEM,FAN,4.15,724,AICM,RC,1,TIFE,FI,0.0,0,-29.82,-22.04,[],0,0,[],[]
21554030,21554840,NA,CHF,0.0,724,AICM,NA,NA,NA,NA,0.0,0,-18.81,-5.97,[],0,220,"[{'start': 21554.62, 'end': 21554.84}]",[]
21554840,21555490,CHI,CHN,0.0,724,AICM,NA,NA,NA,NA,0.0,0,-15.8,-8.39,[],0,400,"[{'start': 21554.93, 'end': 21555.33}]",[]
21555490,21557900,FEM,FAN,9.77,724,AICM,RC,1,TIFI,FH,0.0,0,-25.76,-16.87,[],0,0,[],[]
21557900,21558610,CHI,CHN,0.0,724,AICM,EC,2,TIFR,FI,1.0,290,-23.8,-16.93,"[{'Canonical-syllable': '0', 'Growl': '0', 'High-freq-energy': '0', 'Long-island': '0', 'Low-tilt-spectrum': '0', 'Medium-island': '0', 'Short-island': '1', 'Squeal': '0', 'Typical-entropy': '0', 'Voicing-quality': '1', 'Wide-band': '0', 'Xlong-island': '0', 'seq': '1', 'end': 21558.61, 'start': 21558.32}]",0,0,[],[]
21558610,21560270,CHI,CHN,0.0,725,pause,NA,NA,NA,NA,0.0,0,-20.92,-10.68,[],0,1530,"[{'start': 21558.61, 'end': 21559.74}]","[{'start': 21559.74, 'end': 21560.14}]"
21560270,21562840,NA,NOF,0.0,725,pause,NA,NA,NA,NA,0.0,0,-47.01,-30.8,[],0,0,[],[]
21562840,21563640,NA,OLF,0.0,725,pause,NA,NA,NA,NA,0.0,0,-38.5,-29.15,[],0,0,[],[]
21563640,21564450,NA,NOF,0.0,725,pause,NA,NA,NA,NA,0.0,0,-46.71,-40.58,[],0,0,[],[]
21564450,21565750,NA,SIL,0.0,725,pause,NA,NA,NA,NA,0.0,0,-44.61,-30.48,[],0,0,[],[]
21565750,21566750,FEM,FAN,0.0,725,pause,NA,NA,NA,NA,0.0,0,-34.79,-25.97,[],1000,0,[],[]
21566750,21568780,NA,NOF,0.0,725,pause,NA,NA,NA,NA,0.0,0,-50.14,-40.1,[],0,0,[],[]
21568780,21570240,FEM,FAN,4.6,725,AICF,BC,0,NT,FI,0.0,0,-32.08,-24.51,[],0,0,[],[]
21570240,21571190,NA,NOF,0.0,725,AICF,NA,NA,NA,NA,0.0,0,-44.19,-33.28,[],0,0,[],[]
21571190,21572450,FEM,FAN,2.16,725,AICF,RC,0,NT,FH,0.0,0,-26.27,-17.29,[],0,0,[],[]
21572450,21573430,NA,NOF,0.0,725,AICF,NA,NA,NA,NA,0.0,0,-47.2,-40.15,[],0,0,[],[]
21573430,21574820,FEM,FAN,6.58,725,AICF,RC,0,TIFI,FH,0.0,0,-27.74,-19.56,[],0,0,[],[]
21574820,21575560,CHI,CHN,0.0,725,AICF,RC,1,TIFR,FI,1.0,740,-17.91,-10.78,"[{'Canonical-syllable': '2', 'Growl': '0', 'High-freq-energy': '0', 'Long-island': '0', 'Low-tilt-spectrum': '1', 'Medium-island': '0', 'Short-island': '2', 'Squeal': '0', 'Typical-entropy': '2', 'Voicing-quality': '2', 'Wide-band': '0', 'Xlong-island': '0', 'seq': '1', 'end': 21575.56, 'start': 21575.01}]",0,0,[],[]
21575560,21577530,FEM,FAN,8.72,725,AICF,RC,1,TIFE,FI,0.0,0,-26.83,-15.5,[],0,0,[],[]
21577530,21579300,NA,NOF,0.0,725,AICF,NA,NA,NA,NA,0.0,0,-48.08,-39.0,[],0,0,[],[]
21579300,21580640,FEM,FAN,2.66,725,AICF,RC,1,NT,FH,0.0,0,-33.24,-22.73,[],0,0,[],[]
21580640,21581850,NA,NOF,0.0,725,AICF,NA,NA,NA,NA,0.0,0,-47.04,-39.74,[],0,0,[],[]
21581850,21583280,FEM,FAN,3.32,725,AICF,EC,1,NT,FH,0.0,0,-25.01,-13.21,[],0,0,[],[]
21583280,21584080,NA,NOF,0.0,726,pause,NA,NA,NA,NA,0.0,0,-44.45,-38.45,[],0,0,[],[]
21584080,21585220,NA,FAF,0.0,726,pause,NA,NA,NA,NA,0.0,0,-42.06,-26.15,[],0,0,[],[]
21585220,21587940,NA,NOF,0.0,726,pause,NA,NA,NA,NA,0.0,0,-26.58,-8.83,[],0,0,[],[]
21587940,21588920,CHI,CHN,0.0,726,pause,NA,NA,NA,NA,0.0,0,-17.09,-11.02,[],0,490,"[{'start': 21588.43, 'end': 21588.92}]",[]
21588920,21589720,NA,NON,0.0,726,pause,NA,NA,NA,NA,0.0,0,-23.19,-16.6,[],0,0,[],[]
21589720,21590320,CHI,CHN,0.0,726,pause,NA,NA,NA,NA,0.0,0,-23.51,-18.06,[],0,600,[],"[{'start': 21589.72, 'end': 21590.32}]"
21590320,21600210,NA,NOF,0.0,726,pause,NA,NA,NA,NA,0.0,0,-8.33,-2.51,[],0,0,[],[]
21600210,21600810,CHI,CHN,0.0,726,pause,NA,NA,NA,NA,0.0,0,-14.2,-3.74,[],0,330,[],"[{'start': 21600.21, 'end': 21600.54}]"
21600810,21610880,NA,NOF,0.0,726,pause,NA,NA,NA,NA,0.0,0,-8.81,-2.1,[],0,0,[],[]
21610880,21612340,NA,FAF,0.0,726,pause,NA,NA,NA,NA,0.0,0,-32.31,-17.19,[],0,0,[],[]
21612340,21615310,NA,SIL,0.0,726,pause,NA,NA,NA,NA,0.0,0,-46.5,-28.49,[],0,0,[],[]
21615310,21615940,NA,NOF,0.0,726,pause,NA,NA,NA,NA,0.0,0,-46.2,-34.7,[],0,0,[],[]
21615940,21616740,NA,SIL,0.0,726,pause,NA,NA,NA,NA,0.0,0,-48.73,-36.65,[],0,0,[],[]
21616740,21618210,OCH,CXN,0.0,726,XM,EC,0,NT,FI,0.0,0,-19.58,-5.95,[],0,0,[],[]
21618210,21620430,NA,NON,0.0,727,pause,NA,NA,NA,NA,0.0,0,-11.04,-2.03,[],0,0,[],[]
21620430,21621240,NA,OLN,0.0,727,pause,NA,NA,NA,NA,0.0,0,-14.71,-4.47,[],0,0,[],[]
21621240,21623630,NA,NON,0.0,727,pause,NA,NA,NA,NA,0.0,0,-13.98,-2.79,[],0,0,[],[]
21623630,21624560,NA,OLN,0.0,727,pause,NA,NA,NA,NA,0.0,0,-16.76,-3.83,[],0,0,[],[]
21624560,21625510,NA,NON,0.0,727,pause,NA,NA,NA,NA,0.0,0,-13.35,-3.78,[],0,0,[],[]
21625510,21626170,CHI,CHN,0.0,727,CM,EC,0,NT,FI,1.0,660,-19.34,-9.67,"[{'Canonical-syllable': '0', 'Growl': '1', 'High-freq-energy': '1', 'Long-island': '1', 'Low-tilt-spectrum': '1', 'Medium-island': '0', 'Short-island': '0', 'Squeal': '0', 'Typical-entropy': '1', 'Voicing-quality': '0', 'Wide-band': '0', 'Xlong-island': '0', 'seq': '1', 'end': 21626.17, 'start': 21625.51}]",0,0,[],[]
21626170,21628970,NA,NON,0.0,728,pause,NA,NA,NA,NA,0.0,0,-13.35,-3.05,[],0,0,[],[]
21628970,21631410,NA,OLN,0.0,728,pause,NA,NA,NA,NA,0.0,0,-20.46,-7.31,[],0,0,[],[]
21631410,21632500,NA,NON,0.0,728,pause,NA,NA,NA,NA,0.0,0,-15.93,-3.06,[],0,0,[],[]
21632500,21633110,CHI,CHN,0.0,728,CIC,BC,0,TIFI,FI,1.0,610,-25.88,-17.48,"[{'Canonical-syllable': '0', 'Growl': '0', 'High-freq-energy': '1', 'Long-island': '0', 'Low-tilt-spectrum': '1', 'Medium-island': '1', 'Short-island': '0', 'Squeal': '0', 'Typical-entropy': '1', 'Voicing-quality': '1', 'Wide-band': '0', 'Xlong-island': '0', 'seq': '1', 'end': 21633.11, 'start': 21632.5}]",0,0,[],[]
21633110,21634050,NA,OLN,0.0,728,CIC,NA,NA,NA,NA,0.0,0,-15.26,-3.9,[],0,0,[],[]
21634050,21638030,NA,NOF,0.0,728,CIC,NA,NA,NA,NA,0.0,0,-26.9,-4.49,[],0,0,[],[]
21638030,21639070,FEM,FAN,2.34,728,CIC,RC,1,TIFR,FI,0.0,0,-32.66,-24.41,[],0,0,[],[]
21639070,21639920,NA,NOF,0.0,728,CIC,NA,NA,NA,NA,0.0,0,-51.21,-42.65,[],0,0,[],[]
21639920,21640920,FEM,FAN,1.0,728,CIC,RC,1,NT,FH,0.0,0,-31.79,-23.46,[],0,0,[],[]
21640920,21641920,MAL,MAN,4.76,728,CIC,RC,1,NT,FI,0.0,0,-33.56,-25.64,[],0,0,[],[]
21641920,21645070,NA,NOF,0.0,728,CIC,NA,NA,NA,NA,0.0,0,-45.09,-31.83,[],0,0,[],[]
21645070,21646000,OCH,CXN,0.0,728,CIC,RC,1,NT,FI,0.0,0,-21.85,-9.54,[],0,0,[],[]
21646000,21646640,CHI,CHN,0.0,728,CIC,RC,1,NT,FI,1.0,640,-23.26,-17.17,"[{'Canonical-syllable': '0', 'Growl': '0', 'High-freq-energy': '0', 'Long-island': '0', 'Low-tilt-spectrum': '1', 'Medium-island': '1', 'Short-island': '0', 'Squeal': '0', 'Typical-entropy': '1', 'Voicing-quality': '1', 'Wide-band': '0', 'Xlong-island': '0', 'seq': '1', 'end': 21646.64, 'start': 21646.0}]",0,0,[],[]
21646640,21647440,NA,NON,0.0,728,CIC,NA,NA,NA,NA,0.0,0,-34.76,-22.79,[],0,0,[],[]
21647440,21648710,CHI,CHN,0.0,728,CIC,EC,1,NT,FH,1.0,1270,-20.81,-10.52,"[{'Canonical-syllable': '0', 'Growl': '0', 'High-freq-energy': '0', 'Long-island': '0', 'Low-tilt-spectrum': '4', 'Medium-island': '0', 'Short-island': '4', 'Squeal': '0', 'Typical-entropy': '2', 'Voicing-quality': '4', 'Wide-band': '0', 'Xlong-island': '0', 'seq': '1', 'end': 21648.71, 'start': 21647.44}]",0,0,[],[]
21648710,21649710,NA,NON,0.0,729,pause,NA,NA,NA,NA,0.0,0,-41.42,-32.36,[],0,0,[],[]
21649710,21651080,CHI,CHN,0.0,729,pause,NA,NA,NA,NA,0.0,0,-14.82,-5.75,[],0,960,"[{'start': 21650.12, 'end': 21651.08}]",[]
21651080,21652010,NA,OLF,0.0,729,pause,NA,NA,NA,NA,0.0,0,-23.04,-7.48,[],0,0,[],[]
21652010,21653710,NA,NOF,0.0,729,pause,NA,NA,NA,NA,0.0,0,-39.5,-27.15,[],0,0,[],[]
21653710,21654510,NA,OLF,0.0,729,pause,NA,NA,NA,NA,0.0,0,-39.45,-28.4,[],0,0,[],[]
21654510,21655970,NA,NOF,0.0,729,pause,NA,NA,NA,NA,0.0,0,-50.37,-43.85,[],0,0,[],[]
21655970,21656570,CHI,CHN,0.0,729,pause,NA,NA,NA,NA,0.0,0,-18.98,-12.94,[],0,510,"[{'start': 21656.06, 'end': 21656.57}]",[]
21656570,21658170,OCH,CXN,0.0,729,XIOCAC,BC,0,NT,FI,0.0,0,-24.53,-14.87,[],0,0,[],[]
21658170,21659370,NA,OLF,0.0,729,XIOCAC,NA,NA,NA,NA,0.0,0,-30.74,-20.43,[],0,0,[],[]
21659370,21660850,NA,OLN,0.0,729,XIOCAC,NA,NA,NA,NA,0.0,0,-20.31,-4.23,[],0,0,[],[]
21660850,21662010,NA,NOF,0.0,729,XIOCAC,NA,NA,NA,NA,0.0,0,-44.99,-30.09,[],0,0,[],[]
21662010,21662810,FEM,FAN,2.95,729,XIOCAC,RC,0,NT,FI,0.0,0,-37.37,-29.59,[],0,0,[],[]
21662810,21665720,NA,NOF,0.0,729,XIOCAC,NA,NA,NA,NA,0.0,0,-40.68,-24.44,[],0,0,[],[]
21665720,21666730,FEM,FAN,6.59,729,XIOCAC,RC,0,NT,FH,0.0,0,-35.97,-24.67,[],0,0,[],[]
21666730,21667530,OCH,CXN,0.0,729,XIOCAC,RC,0,NT,FI,0.0,0,-38.11,-30.56,[],0,0,[],[]
21667530,21669090,NA,SIL,0.0,729,XIOCAC,NA,NA,NA,NA,0.0,0,-57.72,-42.55,[],0,0,[],[]
21669090,21670240,FEM,FAN,2.33,729,XIOCAC,RC,0,NT,FI,0.0,0,-38.12,-29.68,[],0,0,[],[]
21670240,21671040,OCH,CXN,0.0,729,XIOCAC,RC,0,NT,FI,0.0,0,-39.31,-31.95,[],0,0,[],[]
21671040,21672520,NA,SIL,0.0,729,XIOCAC,NA,NA,NA,NA,0.0,0,-50.92,-38.21,[],0,0,[],[]
21672520,21674700,CHI,CHN,0.0,729,XIOCAC,RC,0,NT,FI,2.0,1390,-20.78,-11.23,"[{'Canonical-syllable': '0', 'Growl': '0', 'High-freq-energy': '0', 'Long-island': '0', 'Low-tilt-spectrum': '0', 'Medium-island': '2', 'Short-island': '0', 'Squeal': '0', 'Typical-entropy': '0', 'Voicing-quality': '3', 'Wide-band': '0', 'Xlong-island': '0', 'seq': '1', 'end': 21673.75, 'start': 21672.52}, {'Canonical-syllable': '0', 'Growl': '0', 'High-freq-energy': '0', 'Long-island': '0', 'Low-tilt-spectrum': '0', 'Medium-island': '0', 'Short-island': '1', 'Squeal': '0', 'Typical-entropy': '0', 'Voicing-quality': '1', 'Wide-band': '0', 'Xlong-island': '0', 'seq': '2', 'end': 21674.36, 'start': 21674.2}]",0,0,[],[]
21674700,21675800,NA,SIL,0.0,729,XIOCAC,NA,NA,NA,NA,0.0,0,-57.25,-51.24,[],0,0,[],[]
21675800,21676600,OCH,CXN,0.0,729,XIOCAC,RC,0,NT,FI,0.0,0,-32.03,-17.39,[],0,0,[],[]
21676600,21677820,FEM,FAN,4.44,729,XIOCAC,EC,0,NT,FI,0.0,0,-31.16,-21.87,[],0,0,[],[]
21677820,21679110,NA,NOF,0.0,730,pause,NA,NA,NA,NA,0.0,0,-50.56,-40.39,[],0,0,[],[]
21679110,21680520,NA,OLN,0.0,730,pause,NA,NA,NA,NA,0.0,0,-27.88,-15.26,[],0,0,[],[]
21680520,21681450,NA,NON,0.0,730,pause,NA,NA,NA,NA,0.0,0,-30.46,-17.25,[],0,0,[],[]
21681450,21682630,CHI,CHN,0.0,730,pause,NA,NA,NA,NA,0.0,0,-13.77,-6.91,[],0,1180,"[{'start': 21681.45, 'end': 21682.63}]",[]
21682630,21683440,NA,OLN,0.0,730,pause,NA,NA,NA,NA,0.0,0,-19.44,-12.74,[],0,0,[],[]
21683440,21684930,NA,NOF,0.0,730,pause,NA,NA,NA,NA,0.0,0,-20.17,-6.19,[],0,0,[],[]
21684930,21689050,CHI,CHN,0.0,730,CIC,BC,0,TIFI,FI,2.0,3470,-15.81,-6.88,"[{'Canonical-syllable': '1', 'Growl': '0', 'High-freq-energy': '0', 'Long-island': '0', 'Low-tilt-spectrum': '0', 'Medium-island': '1', 'Short-island': '0', 'Squeal': '0', 'Typical-entropy': '0', 'Voicing-quality': '1', 'Wide-band': '0', 'Xlong-island': '0', 'seq': '1', 'end': 21685.23, 'start': 21684.93}, {'Canonical-syllable': '0', 'Growl': '0', 'High-freq-energy': '0', 'Long-island': '0', 'Low-tilt-spectrum': '0', 'Medium-island': '1', 'Short-island': '0', 'Squeal': '0', 'Typical-entropy': '3', 'Voicing-quality': '3', 'Wide-band': '0', 'Xlong-island': '2', 'seq': '2', 'end': 21689.05, 'start': 21685.88}]",0,0,[],[]
21689050,21689870,NA,OLN,0.0,730,CIC,NA,NA,NA,NA,0.0,0,-19.06,-9.49,[],0,0,[],[]
21689870,21690500,FEM,FAN,5.43,730,CIC,RC,1,TIFR,FI,0.0,0,-23.51,-17.74,[],0,0,[],[]
21690500,21691590,NA,OLN,0.0,730,CIC,NA,NA,NA,NA,0.0,0,-27.4,-12.99,[],0,0,[],[]
21691590,21694400,FEM,FAN,11.11,730,CIC,RC,1,NT,FH,0.0,0,-28.51,-19.65,[],0,0,[],[]
21694400,21695470,NA,OLF,0.0,730,CIC,NA,NA,NA,NA,0.0,0,-34.88,-28.85,[],0,0,[],[]
21695470,21696470,NA,NON,0.0,730,CIC,NA,NA,NA,NA,0.0,0,-35.0,-25.5,[],0,0,[],[]
21696470,21697230,CHI,CHN,0.0,730,CIC,RC,1,TIFI,FI,1.0,600,-16.8,-6.39,"[{'Canonical-syllable': '0', 'Growl': '0', 'High-freq-energy': '0', 'Long-island': '0', 'Low-tilt-spectrum': '0', 'Medium-island': '1', 'Short-island': '0', 'Squeal': '0', 'Typical-entropy': '0', 'Voicing-quality': '1', 'Wide-band': '0', 'Xlong-island': '0', 'seq': '1', 'end': 21697.07, 'start': 21696.61}]",0,0,[],[]
21697230,21699840,NA,NOF,0.0,730,CIC,NA,NA,NA,NA,0.0,0,-42.2,-26.37,[],0,0,[],[]
21699840,21701490,FEM,FAN,0.1,730,CIC,RC,2,TIFR,FI,0.0,0,-30.07,-22.42,[],0,0,[],[]
21701490,21702570,NA,NOF,0.0,730,CIC,NA,NA,NA,NA,0.0,0,-41.83,-32.02,[],0,0,[],[]
21702570,21704310,FEM,FAN,6.5,730,CIC,RC,2,NT,FH,0.0,0,-20.88,-5.39,[],0,0,[],[]
21704310,21705250,NA,NOF,0.0,730,CIC,NA,NA,NA,NA,0.0,0,-48.27,-38.61,[],0,0,[],[]
21705250,21705930,CHI,CHN,0.0,730,CIC,RC,2,TIFI,FI,1.0,480,-19.87,-13.12,"[{'Canonical-syllable': '0', 'Growl': '0', 'High-freq-energy': '0', 'Long-island': '0', 'Low-tilt-spectrum': '0', 'Medium-island': '1', 'Short-island': '0', 'Squeal': '0', 'Typical-entropy': '1', 'Voicing-quality': '1', 'Wide-band': '0', 'Xlong-island': '0', 'seq': '1', 'end': 21705.73, 'start': 21705.25}]",0,0,[],[]
21705930,21708130,FEM,FAN,5.43,730,CIC,RC,3,TIFR,FI,0.0,0,-34.66,-25.66,[],0,0,[],[]
21708130,21709530,CHI,CHN,0.0,730,CIC,RC,3,TIFI,FI,1.0,1060,-16.7,-9.14,"[{'Canonical-syllable': '1', 'Growl': '0', 'High-freq-energy': '0', 'Long-island': '0', 'Low-tilt-spectrum': '1', 'Medium-island': '1', 'Short-island': '2', 'Squeal': '0', 'Typical-entropy': '2', 'Voicing-quality': '3', 'Wide-band': '0', 'Xlong-island': '0', 'seq': '1', 'end': 21709.53, 'start': 21708.47}]",0,0,[],[]
21709530,21710910,FEM,FAN,6.88,730,CIC,RC,4,TIFR,FI,0.0,0,-24.57,-16.53,[],0,0,[],[]
21710910,21711730,OCH,CXN,0.0,730,CIC,RC,4,NT,FI,0.0,0,-32.15,-26.56,[],0,0,[],[]
21711730,21712760,CHI,CHN,0.0,730,CIC,RC,4,TIFI,FI,1.0,1030,-14.52,-10.94,"[{'Canonical-syllable': '0', 'Growl': '0', 'High-freq-energy': '0', 'Long-island': '0', 'Low-tilt-spectrum': '0', 'Medium-island': '0', 'Short-island': '0', 'Squeal': '0', 'Typical-entropy': '1', 'Voicing-quality': '1', 'Wide-band': '0', 'Xlong-island': '1', 'seq': '1', 'end': 21712.76, 'start': 21711.73}]",0,0,[],[]
21712760,21717210,FEM,FAN,16.97,730,CIC,RC,5,TIFR,FI,0.0,0,-27.55,-14.53,[],0,0,[],[]
21717210,21718010,NA,SIL,0.0,730,CIC,NA,NA,NA,NA,0.0,0,-49.88,-38.54,[],0,0,[],[]
21718010,21719160,CHI,CHN,0.0,730,CIC,RC,5,TIFI,FI,1.0,1150,-15.43,-8.37,"[{'Canonical-syllable': '0', 'Growl': '0', 'High-freq-energy': '0', 'Long-island': '0', 'Low-tilt-spectrum': '0', 'Medium-island': '2', 'Short-island': '0', 'Squeal': '0', 'Typical-entropy': '0', 'Voicing-quality': '2', 'Wide-band': '0', 'Xlong-island': '0', 'seq': '1', 'end': 21719.16, 'start': 21718.01}]",0,0,[],[]
21719160,21721300,FEM,FAN,6.62,730,CIC,RC,6,TIFR,FI,0.0,0,-28.18,-17.16,[],0,0,[],[]
21721300,21722590,CHI,CHN,0.0,730,CIC,RC,6,TIFI,FI,1.0,1290,-15.12,-4.17,"[{'Canonical-syllable': '0', 'Growl': '0', 'High-freq-energy': '0', 'Long-island': '0', 'Low-tilt-spectrum': '1', 'Medium-island': '0', 'Short-island': '0', 'Squeal': '0', 'Typical-entropy': '2', 'Voicing-quality': '2', 'Wide-band': '0', 'Xlong-island': '1', 'seq': '1', 'end': 21722.59, 'start': 21721.3}]",0,0,[],[]
21722590,21725330,FEM,FAN,9.79,730,CIC,RC,7,TIFR,FI,0.0,0,-20.83,-10.0,[],0,0,[],[]
21725330,21726380,NA,NOF,0.0,730,CIC,NA,NA,NA,NA,0.0,0,-49.46,-33.83,[],0,0,[],[]
21726380,21727410,FEM,FAN,2.2,730,CIC,RC,7,NT,FH,0.0,0,-28.5,-22.88,[],0,0,[],[]
21727410,21728210,NA,FAF,0.0,730,CIC,NA,NA,NA,NA,0.0,0,-38.49,-26.49,[],0,0,[],[]
21728210,21728810,CHI,CHN,0.0,730,CIC,RC,7,TIFI,FI,1.0,600,-15.02,-9.91,"[{'Canonical-syllable': '0', 'Growl': '0', 'High-freq-energy': '0', 'Long-island': '0', 'Low-tilt-spectrum': '0', 'Medium-island': '1', 'Short-island': '0', 'Squeal': '0', 'Typical-entropy': '0', 'Voicing-quality': '1', 'Wide-band': '0', 'Xlong-island': '0', 'seq': '1', 'end': 21728.81, 'start': 21728.45}]",0,0,[],[]
21728810,21729810,FEM,FAN,6.88,730,CIC,RC,8,TIFR,FI,0.0,0,-22.12,-13.55,[],0,0,[],[]
21729810,21730660,NA,NOF,0.0,730,CIC,NA,NA,NA,NA,0.0,0,-45.72,-31.3,[],0,0,[],[]
21730660,21731470,CHI,CHN,0.0,730,CIC,RC,8,TIFI,FI,1.0,470,-20.43,-12.64,"[{'Canonical-syllable': '0', 'Growl': '0', 'High-freq-energy': '0', 'Long-island': '0', 'Low-tilt-spectrum': '0', 'Medium-island': '1', 'Short-island': '0', 'Squeal': '0', 'Typical-entropy': '1', 'Voicing-quality': '1', 'Wide-band': '0', 'Xlong-island': '0', 'seq': '1', 'end': 21731.13, 'start': 21730.66}]",0,0,[],[]
21731470,21732840,FEM,FAN,5.77,730,CIC,RC,9,TIFR,FI,0.0,0,-28.3,-24.03,[],0,0,[],[]
21732840,21734190,NA,NOF,0.0,730,CIC,NA,NA,NA,NA,0.0,0,-51.52,-43.36,[],0,0,[],[]
21734190,21735580,FEM,FAN,0.8,730,CIC,RC,9,NT,FH,0.0,0,-34.88,-24.87,[],0,0,[],[]
21735580,21737090,NA,NOF,0.0,730,CIC,NA,NA,NA,NA,0.0,0,-47.19,-38.59,[],0,0,[],[]
21737090,21738130,CHI,CHN,0.0,730,CIC,EC,9,TIFE,FI,1.0,1040,-18.85,-10.9,"[{'Canonical-syllable': '0', 'Growl': '0', 'High-freq-energy': '0', 'Long-island': '0', 'Low-tilt-spectrum': '0', 'Medium-island': '0', 'Short-island': '0', 'Squeal': '0', 'Typical-entropy': '0', 'Voicing-quality': '1', 'Wide-band': '0', 'Xlong-island': '1', 'seq': '1', 'end': 21738.13, 'start': 21737.09}]",0,0,[],[]
21738130,21739290,NA,NOF,0.0,731,pause,NA,NA,NA,NA,0.0,0,-47.29,-39.28,[],0,0,[],[]
21739290,21740100,NA,SIL,0.0,731,pause,NA,NA,NA,NA,0.0,0,-49.13,-40.2,[],0,0,[],[]
21740100,21741610,NA,FAF,0.0,731,pause,NA,NA,NA,NA,0.0,0,-38.34,-27.57,[],0,0,[],[]
21741610,21742470,NA,SIL,0.0,731,pause,NA,NA,NA,NA,0.0,0,-49.37,-37.99,[],0,0,[],[]
21742470,21743640,NA,FAF,0.0,731,pause,NA,NA,NA,NA,0.0,0,-36.25,-28.59,[],0,0,[],[]
21743640,21744450,NA,NOF,0.0,731,pause,NA,NA,NA,NA,0.0,0,-49.53,-40.03,[],0,0,[],[]
21744450,21746140,NA,SIL,0.0,731,pause,NA,NA,NA,NA,0.0,0,-57.72,-48.92,[],0,0,[],[]
21746140,21747140,FEM,FAN,5.03,731,AICF,BC,0,TIFI,FI,0.0,0,-29.9,-25.68,[],0,0,[],[]
21747140,21750710,NA,SIL,0.0,731,AICF,NA,NA,NA,NA,0.0,0,-48.38,-26.9,[],0,0,[],[]
21750710,21751540,NA,NOF,0.0,731,AICF,NA,NA,NA,NA,0.0,0,-46.29,-36.19,[],0,0,[],[]
21751540,21753510,CHI,CHN,0.0,731,AICF,RC,1,TIFR,FI,1.0,1970,-21.56,-11.72,"[{'Canonical-syllable': '0', 'Growl': '3', 'High-freq-energy': '0', 'Long-island': '0', 'Low-tilt-spectrum': '1', 'Medium-island': '2', 'Short-island': '1', 'Squeal': '0', 'Typical-entropy': '3', 'Voicing-quality': '5', 'Wide-band': '0', 'Xlong-island': '0', 'seq': '1', 'end': 21753.51, 'start': 21751.54}]",0,0,[],[]
21753510,21755410,NA,NOF,0.0,731,AICF,NA,NA,NA,NA,0.0,0,-46.05,-32.95,[],0,0,[],[]
21755410,21760430,FEM,FAN,14.21,731,AICF,RC,1,TIFE,FI,0.0,0,-33.7,-20.74,[],0,0,[],[]
21760430,21761300,NA,NOF,0.0,731,AICF,NA,NA,NA,NA,0.0,0,-46.43,-38.86,[],0,0,[],[]
21761300,21763270,FEM,FAN,7.12,731,AICF,RC,1,NT,FH,0.0,0,-30.31,-18.49,[],0,0,[],[]
21763270,21764200,NA,NOF,0.0,731,AICF,NA,NA,NA,NA,0.0,0,-46.2,-33.57,[],0,0,[],[]
21764200,21765960,FEM,FAN,5.61,731,AICF,RC,1,TIFI,FH,0.0,0,-35.3,-26.26,[],0,0,[],[]
21765960,21769340,NA,NOF,0.0,731,AICF,NA,NA,NA,NA,0.0,0,-27.98,-6.99,[],0,0,[],[]
21769340,21770310,NA,OLN,0.0,731,AICF,NA,NA,NA,NA,0.0,0,-24.33,-10.57,[],0,0,[],[]
21770310,21771730,CHI,CHN,0.0,731,AICF,RC,2,TIFR,FI,1.0,830,-19.2,-6.99,"[{'Canonical-syllable': '1', 'Growl': '0', 'High-freq-energy': '0', 'Long-island': '0', 'Low-tilt-spectrum': '1', 'Medium-island': '0', 'Short-island': '2', 'Squeal': '0', 'Typical-entropy': '1', 'Voicing-quality': '2', 'Wide-band': '1', 'Xlong-island': '0', 'seq': '1', 'end': 21771.14, 'start': 21770.42}]",0,0,[],[]
21771730,21772540,CHI,CHN,0.0,731,AICF,RC,2,NT,FH,2.0,450,-25.93,-18.56,"[{'Canonical-syllable': '0', 'Growl': '0', 'High-freq-energy': '0', 'Long-island': '0', 'Low-tilt-spectrum': '0', 'Medium-island': '0', 'Short-island': '0', 'Squeal': '0', 'Typical-entropy': '0', 'Voicing-quality': '1', 'Wide-band': '0', 'Xlong-island': '0', 'seq': '1', 'end': 21771.88, 'start': 21771.73}, {'Canonical-syllable': '1', 'Growl': '0', 'High-freq-energy': '0', 'Long-island': '0', 'Low-tilt-spectrum': '0', 'Medium-island': '1', 'Short-island': '0', 'Squeal': '0', 'Typical-entropy': '0', 'Voicing-quality': '1', 'Wide-band': '0', 'Xlong-island': '0', 'seq': '2', 'end': 21772.54, 'start': 21772.24}]",0,0,[],[]
21772540,21775540,NA,NOF,0.0,731,AICF,NA,NA,NA,NA,0.0,0,-37.48,-21.06,[],0,0,[],[]
21775540,21776660,CHI,CHN,0.0,731,AICF,RC,2,NT,FH,1.0,1120,-24.74,-18.14,"[{'Canonical-syllable': '0', 'Growl': '1', 'High-freq-energy': '0', 'Long-island': '1', 'Low-tilt-spectrum': '1', 'Medium-island': '1', 'Short-island': '0', 'Squeal': '0', 'Typical-entropy': '0', 'Voicing-quality': '2', 'Wide-band': '0', 'Xlong-island': '0', 'seq': '1', 'end': 21776.66, 'start': 21775.54}]",0,0,[],[]
21776660,21780710,NA,NOF,0.0,731,AICF,NA,NA,NA,NA,0.0,0,-41.69,-30.74,[],0,0,[],[]
21780710,21781710,FEM,FAN,2.93,731,AICF,RC,2,TIFE,FI,0.0,0,-34.09,-26.07,[],0,0,[],[]
21781710,21784620,NA,NOF,0.0,731,AICF,NA,NA,NA,NA,0.0,0,-35.68,-17.21,[],0,0,[],[]
21784620,21785620,NA,MAF,0.0,731,AICF,NA,NA,NA,NA,0.0,0,-32.84,-17.19,[],0,0,[],[]
21785620,21786420,NA,SIL,0.0,731,AICF,NA,NA,NA,NA,0.0,0,-46.11,-34.81,[],0,0,[],[]
21786420,21789590,FEM,FAN,8.71,731,AICF,RC,2,NT,FH,0.0,0,-30.58,-13.93,[],0,0,[],[]
21789590,21792370,NA,NOF,0.0,731,AICF,NA,NA,NA,NA,0.0,0,-42.18,-20.64,[],0,0,[],[]
21792370,21792970,OCH,CXN,0.0,731,AICF,EC,2,NT,FI,0.0,0,-29.78,-25.24,[],0,0,[],[]
21792970,21794650,NA,NOF,0.0,732,pause,NA,NA,NA,NA,0.0,0,-43.18,-26.16,[],0,0,[],[]
21794650,21795450,NA,SIL,0.0,732,pause,NA,NA,NA,NA,0.0,0,-35.32,-18.18,[],0,0,[],[]
21795450,21796520,NA,NOF,0.0,732,pause,NA,NA,NA,NA,0.0,0,-51.52,-43.59,[],0,0,[],[]
21796520,21797520,NA,FAF,0.0,732,pause,NA,NA,NA,NA,0.0,0,-38.37,-24.91,[],0,0,[],[]
21797520,21799890,NA,SIL,0.0,732,pause,NA,NA,NA,NA,0.0,0,-56.07,-42.63,[],0,0,[],[]
21799890,21802110,NA,NOF,0.0,732,pause,NA,NA,NA,NA,0.0,0,-36.59,-20.3,[],0,0,[],[]
21802110,21802720,CHI,CHN,0.0,732,CM,EC,0,NT,FI,1.0,450,-40.76,-32.5,"[{'Canonical-syllable': '1', 'Growl': '1', 'High-freq-energy': '0', 'Long-island': '0', 'Low-tilt-spectrum': '2', 'Medium-island': '0', 'Short-island': '2', 'Squeal': '0', 'Typical-entropy': '0', 'Voicing-quality': '1', 'Wide-band': '0', 'Xlong-island': '0', 'seq': '1', 'end': 21802.56, 'start': 21802.11}]",0,0,[],[]
21802720,21806630,NA,NOF,0.0,733,pause,NA,NA,NA,NA,0.0,0,-41.45,-24.54,[],0,0,[],[]
21806630,21807600,NA,CXF,0.0,733,pause,NA,NA,NA,NA,0.0,0,-44.61,-39.79,[],0,0,[],[]
21807600,21809690,NA,NOF,0.0,733,pause,NA,NA,NA,NA,0.0,0,-40.17,-25.73,[],0,0,[],[]
21809690,21810820,FEM,FAN,3.97,733,AMF,BC,0,NT,FI,0.0,0,-31.45,-22.13,[],0,0,[],[]
21810820,21813010,NA,NOF,0.0,733,AMF,NA,NA,NA,NA,0.0,0,-23.87,-6.98,[],0,0,[],[]
21813010,21814340,FEM,FAN,7.74,733,AMF,RC,0,NT,FH,0.0,0,-32.15,-25.62,[],0,0,[],[]
21814340,21814960,FEM,FAN,4.54,733,AMF,RC,0,NT,FH,0.0,0,-26.65,-17.85,[],0,0,[],[]
21814960,21816410,FEM,FAN,5.93,733,AMF,EC,0,NT,FH,0.0,0,-29.85,-22.52,[],0,0,[],[]
21816410,21817360,NA,NOF,0.0,734,pause,NA,NA,NA,NA,0.0,0,-49.34,-42.83,[],0,0,[],[]
21817360,21818860,NA,OLN,0.0,734,pause,NA,NA,NA,NA,0.0,0,-21.78,-7.96,[],0,0,[],[]
21818860,21827290,NA,NOF,0.0,734,pause,NA,NA,NA,NA,0.0,0,-28.71,-8.48,[],0,0,[],[]
21827290,21828130,NA,SIL,0.0,734,pause,NA,NA,NA,NA,0.0,0,-53.62,-43.4,[],0,0,[],[]
21828130,21829230,NA,FAF,0.0,734,pause,NA,NA,NA,NA,0.0,0,-42.42,-34.67,[],0,0,[],[]
21829230,21830530,NA,SIL,0.0,734,pause,NA,NA,NA,NA,0.0,0,-48.87,-35.19,[],0,0,[],[]
21830530,21831580,NA,NOF,0.0,734,pause,NA,NA,NA,NA,0.0,0,-48.5,-34.17,[],0,0,[],[]
21831580,21832570,NA,SIL,0.0,734,pause,NA,NA,NA,NA,0.0,0,-54.96,-46.45,[],0,0,[],[]
21832570,21834310,NA,NOF,0.0,734,pause,NA,NA,NA,NA,0.0,0,-38.19,-18.74,[],0,0,[],[]
21834310,21836260,NA,SIL,0.0,734,pause,NA,NA,NA,NA,0.0,0,-49.16,-34.51,[],0,0,[],[]
21836260,21840670,FEM,FAN,16.42,734,AMF,BC,0,NT,FI,0.0,0,-30.02,-23.09,[],0,0,[],[]
21840670,21841660,NA,SIL,0.0,734,AMF,NA,NA,NA,NA,0.0,0,-53.2,-46.22,[],0,0,[],[]
21841660,21845310,FEM,FAN,8.74,734,AMF,EC,0,NT,FH,0.0,0,-33.41,-24.29,[],0,0,[],[]
21845310,21846130,NA,OLN,0.0,735,pause,NA,NA,NA,NA,0.0,0,-19.82,-7.29,[],0,0,[],[]
21846130,21846940,NA,NON,0.0,735,pause,NA,NA,NA,NA,0.0,0,-18.41,-4.9,[],0,0,[],[]
21846940,21847830,NA,OLN,0.0,735,pause,NA,NA,NA,NA,0.0,0,-30.14,-24.26,[],0,0,[],[]
21847830,21854600,NA,NON,0.0,735,pause,NA,NA,NA,NA,0.0,0,-16.99,-3.03,[],0,0,[],[]
21854600,21856600,NA,OLN,0.0,735,pause,NA,NA,NA,NA,0.0,0,-22.46,-7.7,[],0,0,[],[]
21856600,21857520,NA,SIL,0.0,735,pause,NA,NA,NA,NA,0.0,0,-38.88,-37.65,[],0,0,[],[]
21857520,21858810,NA,FAF,0.0,735,pause,NA,NA,NA,NA,0.0,0,-33.15,-25.71,[],0,0,[],[]
21858810,21860040,NA,NOF,0.0,735,pause,NA,NA,NA,NA,0.0,0,-19.13,-5.19,[],0,0,[],[]
21860040,21860840,CHI,CHN,0.0,735,CIC,BC,0,NT,FI,1.0,800,-19.47,-14.32,"[{'Canonical-syllable': '0', 'Growl': '0', 'High-freq-energy': '0', 'Long-island': '1', 'Low-tilt-spectrum': '0', 'Medium-island': '0', 'Short-island': '0', 'Squeal': '0', 'Typical-entropy': '1', 'Voicing-quality': '1', 'Wide-band': '0', 'Xlong-island': '0', 'seq': '1', 'end': 21860.84, 'start': 21860.04}]",0,0,[],[]
21860840,21861690,CHI,CHN,0.0,735,CIC,NA,NA,NA,NA,0.0,0,-29.12,-21.76,[],0,690,"[{'start': 21860.84, 'end': 21861.53}]",[]
21861690,21862670,OCH,CXN,0.0,735,CIC,RC,0,NT,FI,0.0,0,-27.09,-16.76,[],0,0,[],[]
21862670,21863840,NA,OLF,0.0,735,CIC,NA,NA,NA,NA,0.0,0,-29.29,-22.78,[],0,0,[],[]
21863840,21864720,CHI,CHN,0.0,735,CIC,RC,0,NT,FI,1.0,880,-16.68,-9.78,"[{'Canonical-syllable': '1', 'Growl': '0', 'High-freq-energy': '0', 'Long-island': '0', 'Low-tilt-spectrum': '0', 'Medium-island': '1', 'Short-island': '1', 'Squeal': '0', 'Typical-entropy': '1', 'Voicing-quality': '2', 'Wide-band': '0', 'Xlong-island': '0', 'seq': '1', 'end': 21864.72, 'start': 21863.98}]",0,0,[],[]
21864720,21866360,CHI,CHN,0.0,735,CIC,RC,0,NT,FH,2.0,810,-21.76,-11.59,"[{'Canonical-syllable': '0', 'Growl': '0', 'High-freq-energy': '0', 'Long-island': '0', 'Low-tilt-spectrum': '0', 'Medium-island': '0', 'Short-island': '0', 'Squeal': '0', 'Typical-entropy': '1', 'Voicing-quality': '1', 'Wide-band': '0', 'Xlong-island': '0', 'seq': '1', 'end': 21864.81, 'start': 21864.72}, {'Canonical-syllable': '2', 'Growl': '0', 'High-freq-energy': '0', 'Long-island': '0', 'Low-tilt-spectrum': '0', 'Medium-island': '0', 'Short-island': '3', 'Squeal': '0', 'Typical-entropy': '1', 'Voicing-quality': '3', 'Wide-band': '0', 'Xlong-island': '0', 'seq': '2', 'end': 21866.13, 'start': 21865.41}]",0,0,[],[]
21866360,21867560,NA,NOF,0.0,735,CIC,NA,NA,NA,NA,0.0,0,-35.56,-18.19,[],0,0,[],[]
21867560,21869080,CHI,CHN,0.0,735,CIC,RC,0,TIFI,FH,1.0,1520,-18.69,-11.84,"[{'Canonical-syllable': '1', 'Growl': '1', 'High-freq-energy': '0', 'Long-island': '0', 'Low-tilt-spectrum': '0', 'Medium-island': '2', 'Short-island': '2', 'Squeal': '0', 'Typical-entropy': '1', 'Voicing-quality': '4', 'Wide-band': '0', 'Xlong-island': '0', 'seq': '1', 'end': 21869.08, 'start': 21867.56}]",0,0,[],[]
21869080,21870220,FEM,FAN,2.37,735,CIC,RC,1,TIFR,FI,0.0,0,-33.68,-26.7,[],0,0,[],[]
21870220,21871910,CHI,CHN,0.0,735,CIC,RC,1,TIFE,FI,1.0,1690,-16.1,-10.03,"[{'Canonical-syllable': '0', 'Growl': '0', 'High-freq-energy': '0', 'Long-island': '0', 'Low-tilt-spectrum': '0', 'Medium-island': '0', 'Short-island': '1', 'Squeal': '0', 'Typical-entropy': '0', 'Voicing-quality': '2', 'Wide-band': '0', 'Xlong-island': '1', 'seq': '1', 'end': 21871.91, 'start': 21870.44}]",0,0,[],[]
21871910,21872970,NA,OLN,0.0,735,CIC,NA,NA,NA,NA,0.0,0,-31.72,-22.27,[],0,0,[],[]
21872970,21873970,CHI,CHN,0.0,735,CIC,RC,1,TIFI,FH,1.0,870,-18.77,-13.17,"[{'Canonical-syllable': '0', 'Growl': '0', 'High-freq-energy': '0', 'Long-island': '1', 'Low-tilt-spectrum': '0', 'Medium-island': '0', 'Short-island': '0', 'Squeal': '0', 'Typical-entropy': '0', 'Voicing-quality': '1', 'Wide-band': '0', 'Xlong-island': '0', 'seq': '1', 'end': 21873.84, 'start': 21873.12}]",0,0,[],[]
21873970,21875340,NA,NOF,0.0,735,CIC,NA,NA,NA,NA,0.0,0,-40.54,-23.96,[],0,0,[],[]
21875340,21876390,FEM,FAN,1.78,735,CIC,RC,2,TIFR,FI,0.0,0,-38.37,-28.77,[],0,0,[],[]
21876390,21878330,NA,NOF,0.0,735,CIC,NA,NA,NA,NA,0.0,0,-45.16,-34.87,[],0,0,[],[]
21878330,21879370,OCH,CXN,0.0,735,CIC,RC,2,NT,FI,0.0,0,-29.74,-22.49,[],0,0,[],[]
21879370,21880200,OCH,CXN,0.0,735,CIC,RC,2,NT,FH,0.0,0,-34.58,-22.65,[],0,0,[],[]
21880200,21882410,OCH,CXN,0.0,735,CIC,EC,2,NT,FH,0.0,0,-22.32,-11.23,[],0,0,[],[]
21882410,21883370,NA,NOF,0.0,736,pause,NA,NA,NA,NA,0.0,0,-31.7,-15.58,[],0,0,[],[]
21883370,21884240,NA,OLN,0.0,736,pause,NA,NA,NA,NA,0.0,0,-29.52,-22.09,[],0,0,[],[]
21884240,21885340,NA,NOF,0.0,736,pause,NA,NA,NA,NA,0.0,0,-35.36,-24.3,[],0,0,[],[]
21885340,21887360,NA,OLN,0.0,736,pause,NA,NA,NA,NA,0.0,0,-27.56,-12.74,[],0,0,[],[]
21887360,21888660,NA,NON,0.0,736,pause,NA,NA,NA,NA,0.0,0,-20.21,-5.68,[],0,0,[],[]
21888660,21889710,NA,OLF,0.0,736,pause,NA,NA,NA,NA,0.0,0,-32.26,-22.14,[],0,0,[],[]
21889710,21890710,FEM,FAN,1.33,736,AMF,EC,0,NT,FI,0.0,0,-35.05,-20.23,[],0,0,[],[]
21890710,21891900,NA,NOF,0.0,737,pause,NA,NA,NA,NA,0.0,0,-32.45,-20.12,[],0,0,[],[]
21891900,21892740,NA,OLN,0.0,737,pause,NA,NA,NA,NA,0.0,0,-33.43,-23.69,[],0,0,[],[]
21892740,21894840,NA,NOF,0.0,737,pause,NA,NA,NA,NA,0.0,0,-42.95,-33.78,[],0,0,[],[]
21894840,21895710,NA,OLN,0.0,737,pause,NA,NA,NA,NA,0.0,0,-34.55,-26.73,[],0,0,[],[]
21895710,21896550,NA,OLF,0.0,737,pause,NA,NA,NA,NA,0.0,0,-35.51,-29.28,[],0,0,[],[]
21896550,21897360,NA,SIL,0.0,737,pause,NA,NA,NA,NA,0.0,0,-47.48,-40.25,[],0,0,[],[]
21897360,21898390,FEM,FAN,2.25,737,AMF,EC,0,NT,FI,0.0,0,-34.72,-26.26,[],0,0,[],[]
21898390,21899490,NA,SIL,0.0,738,pause,NA,NA,NA,NA,0.0,0,-45.96,-32.49,[],0,0,[],[]
21899490,21900470,NA,NOF,0.0,738,pause,NA,NA,NA,NA,0.0,0,-37.47,-27.75,[],0,0,[],[]
21900470,21903450,NA,OLN,0.0,738,pause,NA,NA,NA,NA,0.0,0,-23.32,-5.03,[],0,0,[],[]
21903450,21904290,NA,NOF,0.0,738,pause,NA,NA,NA,NA,0.0,0,-43.48,-29.29,[],0,0,[],[]
21904290,21905670,NA,SIL,0.0,738,pause,NA,NA,NA,NA,0.0,0,-55.37,-46.49,[],0,0,[],[]
21905670,21906690,CHI,CHN,0.0,738,CIC,BC,0,NT,FI,2.0,630,-36.71,-27.96,"[{'Canonical-syllable': '0', 'Growl': '0', 'High-freq-energy': '0', 'Long-island': '0', 'Low-tilt-spectrum': '0', 'Medium-island': '1', 'Short-island': '0', 'Squeal': '0', 'Typical-entropy': '0', 'Voicing-quality': '1', 'Wide-band': '0', 'Xlong-island': '0', 'seq': '1', 'end': 21906.12, 'start': 21905.67}, {'Canonical-syllable': '1', 'Growl': '0', 'High-freq-energy': '0', 'Long-island': '0', 'Low-tilt-spectrum': '0', 'Medium-island': '0', 'Short-island': '1', 'Squeal': '0', 'Typical-entropy': '0', 'Voicing-quality': '1', 'Wide-band': '0', 'Xlong-island': '0', 'seq': '2', 'end': 21906.69, 'start': 21906.51}]",0,0,[],[]
21906690,21907490,NA,SIL,0.0,738,CIC,NA,NA,NA,NA,0.0,0,-47.17,-33.29,[],0,0,[],[]
21907490,21909060,OCH,CXN,0.0,738,CIC,RC,0,NT,FI,0.0,0,-36.1,-26.03,[],0,0,[],[]
21909060,21909860,CHI,CHN,0.0,738,CIC,RC,0,NT,FI,1.0,170,-39.56,-29.43,"[{'Canonical-syllable': '1', 'Growl': '0', 'High-freq-energy': '0', 'Long-island': '0', 'Low-tilt-spectrum': '0', 'Medium-island': '0', 'Short-island': '1', 'Squeal': '0', 'Typical-entropy': '0', 'Voicing-quality': '1', 'Wide-band': '0', 'Xlong-island': '0', 'seq': '1', 'end': 21909.86, 'start': 21909.69}]",0,0,[],[]
21909860,21911020,NA,SIL,0.0,738,CIC,NA,NA,NA,NA,0.0,0,-54.67,-45.54,[],0,0,[],[]
21911020,21912180,OCH,CXN,0.0,738,CIC,RC,0,NT,FI,0.0,0,-31.7,-23.1,[],0,0,[],[]
21912180,21913280,NA,SIL,0.0,738,CIC,NA,NA,NA,NA,0.0,0,-57.13,-43.65,[],0,0,[],[]
21913280,21913880,OCH,CXN,0.0,738,CIC,RC,0,NT,FH,0.0,0,-26.9,-20.21,[],0,0,[],[]
21913880,21914700,NA,SIL,0.0,738,CIC,NA,NA,NA,NA,0.0,0,-55.38,-49.03,[],0,0,[],[]
21914700,21915300,CHI,CHN,0.0,738,CIC,RC,0,NT,FI,1.0,460,-24.27,-19.2,"[{'Canonical-syllable': '1', 'Growl': '0', 'High-freq-energy': '0', 'Long-island': '0', 'Low-tilt-spectrum': '0', 'Medium-island': '1', 'Short-island': '0', 'Squeal': '0', 'Typical-entropy': '0', 'Voicing-quality': '1', 'Wide-band': '0', 'Xlong-island': '0', 'seq': '1', 'end': 21915.16, 'start': 21914.7}]",0,0,[],[]
21915300,21916620,NA,SIL,0.0,738,CIC,NA,NA,NA,NA,0.0,0,-57.1,-52.12,[],0,0,[],[]
21916620,21918080,CHI,CHN,0.0,738,CIC,RC,0,TIFI,FH,2.0,950,-34.24,-26.71,"[{'Canonical-syllable': '0', 'Growl': '0', 'High-freq-energy': '0', 'Long-island': '0', 'Low-tilt-spectrum': '0', 'Medium-island': '1', 'Short-island': '0', 'Squeal': '0', 'Typical-entropy': '1', 'Voicing-quality': '1', 'Wide-band': '0', 'Xlong-island': '0', 'seq': '1', 'end': 21917.0, 'start': 21916.72}, {'Canonical-syllable': '1', 'Growl': '0', 'High-freq-energy': '0', 'Long-island': '0', 'Low-tilt-spectrum': '0', 'Medium-island': '1', 'Short-island': '1', 'Squeal': '0', 'Typical-entropy': '0', 'Voicing-quality': '2', 'Wide-band': '0', 'Xlong-island': '0', 'seq': '2', 'end': 21918.08, 'start': 21917.51}]",0,0,[],[]
21918080,21920450,NA,SIL,0.0,738,CIC,NA,NA,NA,NA,0.0,0,-54.55,-43.34,[],0,0,[],[]
21920450,21921460,FEM,FAN,4.1,738,CIC,RC,1,TIFR,FI,0.0,0,-30.85,-22.89,[],0,0,[],[]
21921460,21922400,NA,SIL,0.0,738,CIC,NA,NA,NA,NA,0.0,0,-54.5,-44.17,[],0,0,[],[]
21922400,21923700,CHI,CHN,0.0,738,CIC,EC,1,TIFE,FI,2.0,960,-29.5,-21.81,"[{'Canonical-syllable': '1', 'Growl': '0', 'High-freq-energy': '0', 'Long-island': '0', 'Low-tilt-spectrum': '0', 'Medium-island': '1', 'Short-island': '0', 'Squeal': '0', 'Typical-entropy': '0', 'Voicing-quality': '1', 'Wide-band': '0', 'Xlong-island': '0', 'seq': '1', 'end': 21922.98, 'start': 21922.4}, {'Canonical-syllable': '0', 'Growl': '0', 'High-freq-energy': '0', 'Long-island': '0', 'Low-tilt-spectrum': '0', 'Medium-island': '1', 'Short-island': '0', 'Squeal': '0', 'Typical-entropy': '0', 'Voicing-quality': '1', 'Wide-band': '0', 'Xlong-island': '0', 'seq': '2', 'end': 21923.7, 'start': 21923.32}]",0,0,[],[]
21923700,21924610,NA,SIL,0.0,739,pause,NA,NA,NA,NA,0.0,0,-44.61,-28.02,[],0,0,[],[]
21924610,21925500,NA,NOF,0.0,739,pause,NA,NA,NA,NA,0.0,0,-41.36,-29.37,[],0,0,[],[]
21925500,21928220,NA,OLN,0.0,739,pause,NA,NA,NA,NA,0.0,0,-25.47,-14.62,[],0,0,[],[]
21928220,21929100,NA,NOF,0.0,739,pause,NA,NA,NA,NA,0.0,0,-26.14,-12.49,[],0,0,[],[]
21929100,21930090,NA,OLN,0.0,739,pause,NA,NA,NA,NA,0.0,0,-22.63,-11.97,[],0,0,[],[]
21930090,21931370,FEM,FAN,1.83,739,AMF,BC,0,NT,FI,0.0,0,-33.16,-25.09,[],0,0,[],[]
21931370,21932450,NA,NOF,0.0,739,AMF,NA,NA,NA,NA,0.0,0,-38.59,-28.4,[],0,0,[],[]
21932450,21933480,FEM,FAN,2.6,739,AMF,EC,0,NT,FH,0.0,0,-31.13,-24.66,[],0,0,[],[]
21933480,21934590,NA,OLN,0.0,740,pause,NA,NA,NA,NA,0.0,0,-25.49,-11.03,[],0,0,[],[]
21934590,21935390,NA,NOF,0.0,740,pause,NA,NA,NA,NA,0.0,0,-35.84,-28.5,[],0,0,[],[]
21935390,21937270,NA,OLN,0.0,740,pause,NA,NA,NA,NA,0.0,0,-23.5,-11.53,[],0,0,[],[]
21937270,21938630,NA,NOF,0.0,740,pause,NA,NA,NA,NA,0.0,0,-33.77,-19.9,[],0,0,[],[]
21938630,21940090,NA,OLN,0.0,740,pause,NA,NA,NA,NA,0.0,0,-26.53,-14.34,[],0,0,[],[]
21940090,21941310,NA,NOF,0.0,740,pause,NA,NA,NA,NA,0.0,0,-30.09,-16.37,[],0,0,[],[]
21941310,21942540,NA,SIL,0.0,740,pause,NA,NA,NA,NA,0.0,0,-41.98,-24.39,[],0,0,[],[]
21942540,21943350,NA,OLF,0.0,740,pause,NA,NA,NA,NA,0.0,0,-35.74,-27.11,[],0,0,[],[]
21943350,21944500,NA,OLN,0.0,740,pause,NA,NA,NA,NA,0.0,0,-32.97,-25.44,[],0,0,[],[]
21944500,21947260,NA,NON,0.0,740,pause,NA,NA,NA,NA,0.0,0,-26.89,-8.14,[],0,0,[],[]
21947260,21948680,NA,SIL,0.0,740,pause,NA,NA,NA,NA,0.0,0,-53.84,-42.93,[],0,0,[],[]
21948680,21949480,NA,NOF,0.0,740,pause,NA,NA,NA,NA,0.0,0,-36.12,-24.83,[],0,0,[],[]
21949480,21951410,FEM,FAN,6.15,740,AMF,EC,0,NT,FI,0.0,0,-36.68,-25.03,[],0,0,[],[]
21951410,21952170,FEM,FAN,0.0,741,pause,NA,NA,NA,NA,0.0,0,-39.71,-35.17,[],760,0,[],[]
21952170,21953750,NA,OLN,0.0,741,pause,NA,NA,NA,NA,0.0,0,-25.79,-9.37,[],0,0,[],[]
21953750,21958760,NA,NOF,0.0,741,pause,NA,NA,NA,NA,0.0,0,-30.29,-10.2,[],0,0,[],[]
21958760,21959560,NA,OLN,0.0,741,pause,NA,NA,NA,NA,0.0,0,-30.99,-22.59,[],0,0,[],[]
21959560,21963040,FEM,FAN,10.09,741,AICF,BC,0,NT,FI,0.0,0,-32.67,-17.68,[],0,0,[],[]
21963040,21964920,NA,OLF,0.0,741,AICF,NA,NA,NA,NA,0.0,0,-31.75,-17.53,[],0,0,[],[]
21964920,21965980,FEM,FAN,0.0,741,AICF,NA,NA,NA,NA,0.0,0,-33.59,-27.23,[],1060,0,[],[]
21965980,21966900,NA,MAF,0.0,741,AICF,NA,NA,NA,NA,0.0,0,-43.82,-35.44,[],0,0,[],[]
21966900,21967900,FEM,FAN,7.33,741,AICF,RC,0,TIFI,FH,0.0,0,-36.36,-26.96,[],0,0,[],[]
21967900,21968700,NA,SIL,0.0,741,AICF,NA,NA,NA,NA,0.0,0,-45.65,-33.9,[],0,0,[],[]
21968700,21969500,CHI,CHN,0.0,741,AICF,RC,1,TIFR,FI,1.0,800,-29.68,-20.44,"[{'Canonical-syllable': '0', 'Growl': '1', 'High-freq-energy': '0', 'Long-island': '1', 'Low-tilt-spectrum': '0', 'Medium-island': '0', 'Short-island': '0', 'Squeal': '0', 'Typical-entropy': '1', 'Voicing-quality': '1', 'Wide-band': '0', 'Xlong-island': '0', 'seq': '1', 'end': 21969.5, 'start': 21968.7}]",0,0,[],[]
21969500,21970100,FEM,FAN,0.44,741,AICF,RC,1,TIFI,FI,0.0,0,-32.48,-27.06,[],0,0,[],[]
21970100,21972160,NA,OLF,0.0,741,AICF,NA,NA,NA,NA,0.0,0,-24.98,-7.3,[],0,0,[],[]
21972160,21972980,NA,OLN,0.0,741,AICF,NA,NA,NA,NA,0.0,0,-29.17,-23.41,[],0,0,[],[]
21972980,21973990,NA,NON,0.0,741,AICF,NA,NA,NA,NA,0.0,0,-33.78,-22.76,[],0,0,[],[]
21973990,21975100,CHI,CHN,0.0,741,AICF,RC,2,TIFR,FI,1.0,1110,-15.49,-10.21,"[{'Canonical-syllable': '1', 'Growl': '0', 'High-freq-energy': '0', 'Long-island': '1', 'Low-tilt-spectrum': '0', 'Medium-island': '1', 'Short-island': '0', 'Squeal': '0', 'Typical-entropy': '0', 'Voicing-quality': '2', 'Wide-band': '0', 'Xlong-island': '0', 'seq': '1', 'end': 21975.1, 'start': 21973.99}]",0,0,[],[]
21975100,21975900,NA,OLN,0.0,741,AICF,NA,NA,NA,NA,0.0,0,-31.91,-22.04,[],0,0,[],[]
21975900,21976900,FEM,FAN,0.35,741,AICF,RC,2,TIFI,FI,0.0,0,-31.19,-23.17,[],0,0,[],[]
21976900,21977910,NA,NOF,0.0,741,AICF,NA,NA,NA,NA,0.0,0,-36.18,-18.09,[],0,0,[],[]
21977910,21978540,CHI,CHN,0.0,741,AICF,RC,3,TIFR,FI,1.0,630,-25.81,-23.98,"[{'Canonical-syllable': '0', 'Growl': '0', 'High-freq-energy': '0', 'Long-island': '0', 'Low-tilt-spectrum': '0', 'Medium-island': '1', 'Short-island': '0', 'Squeal': '0', 'Typical-entropy': '0', 'Voicing-quality': '1', 'Wide-band': '0', 'Xlong-island': '0', 'seq': '1', 'end': 21978.54, 'start': 21977.91}]",0,0,[],[]
21978540,21979550,FEM,FAN,5.44,741,AICF,RC,3,TIFI,FI,0.0,0,-33.11,-25.44,[],0,0,[],[]
21979550,21981220,NA,SIL,0.0,741,AICF,NA,NA,NA,NA,0.0,0,-55.41,-39.23,[],0,0,[],[]
21981220,21982160,CHI,CHN,0.0,741,AICF,RC,4,TIFR,FI,1.0,940,-19.39,-13.22,"[{'Canonical-syllable': '0', 'Growl': '0', 'High-freq-energy': '0', 'Long-island': '0', 'Low-tilt-spectrum': '0', 'Medium-island': '1', 'Short-island': '1', 'Squeal': '0', 'Typical-entropy': '0', 'Voicing-quality': '2', 'Wide-band': '0', 'Xlong-island': '0', 'seq': '1', 'end': 21982.16, 'start': 21981.33}]",0,0,[],[]
21982160,21983050,NA,NOF,0.0,741,AICF,NA,NA,NA,NA,0.0,0,-31.42,-18.62,[],0,0,[],[]
21983050,21985150,NA,OLN,0.0,741,AICF,NA,NA,NA,NA,0.0,0,-22.07,-6.53,[],0,0,[],[]
21985150,21985750,CHI,CHN,0.0,741,AICF,RC,4,NT,FH,1.0,500,-16.12,-11.1,"[{'Canonical-syllable': '1', 'Growl': '0', 'High-freq-energy': '0', 'Long-island': '0', 'Low-tilt-spectrum': '0', 'Medium-island': '1', 'Short-island': '0', 'Squeal': '0', 'Typical-entropy': '0', 'Voicing-quality': '1', 'Wide-band': '0', 'Xlong-island': '0', 'seq': '1', 'end': 21985.65, 'start': 21985.23}]",0,0,[],[]
21985750,21986550,NA,NON,0.0,741,AICF,NA,NA,NA,NA,0.0,0,-30.58,-13.42,[],0,0,[],[]
21986550,21987150,CHI,CHN,0.0,741,AICF,RC,4,NT,FH,1.0,600,-24.78,-18.63,"[{'Canonical-syllable': '0', 'Growl': '1', 'High-freq-energy': '0', 'Long-island': '0', 'Low-tilt-spectrum': '1', 'Medium-island': '0', 'Short-island': '2', 'Squeal': '0', 'Typical-entropy': '1', 'Voicing-quality': '1', 'Wide-band': '0', 'Xlong-island': '0', 'seq': '1', 'end': 21987.15, 'start': 21986.55}]",0,0,[],[]
21987150,21988400,NA,NOF,0.0,741,AICF,NA,NA,NA,NA,0.0,0,-35.5,-22.46,[],0,0,[],[]
21988400,21990530,FEM,FAN,6.47,741,AICF,RC,4,TIFI,FI,0.0,0,-35.76,-26.61,[],0,0,[],[]
21990530,21991230,CHI,CHN,0.0,741,AICF,EC,5,TIFR,FI,1.0,700,-30.78,-28.07,"[{'Canonical-syllable': '0', 'Growl': '0', 'High-freq-energy': '0', 'Long-island': '1', 'Low-tilt-spectrum': '0', 'Medium-island': '0', 'Short-island': '0', 'Squeal': '0', 'Typical-entropy': '0', 'Voicing-quality': '1', 'Wide-band': '0', 'Xlong-island': '0', 'seq': '1', 'end': 21991.23, 'start': 21990.53}]",0,0,[],[]
21991230,21992230,FEM,FAN,0.0,742,pause,NA,NA,NA,NA,0.0,0,-38.84,-31.11,[],1000,0,[],[]
21992230,21993340,NA,SIL,0.0,742,pause,NA,NA,NA,NA,0.0,0,-42.89,-31.16,[],0,0,[],[]
21993340,21994540,NA,FAF,0.0,742,pause,NA,NA,NA,NA,0.0,0,-36.55,-30.86,[],0,0,[],[]
21994540,21996270,NA,SIL,0.0,742,pause,NA,NA,NA,NA,0.0,0,-49.07,-38.66,[],0,0,[],[]
21996270,21997020,FEM,FAN,0.0,742,pause,NA,NA,NA,NA,0.0,0,-24.4,-19.77,[],750,0,[],[]
21997020,21998830,FEM,FAN,2.56,742,AICF,BC,0,NT,FI,0.0,0,-30.15,-21.95,[],0,0,[],[]
21998830,21999680,FEM,FAN,5.4,742,AICF,RC,0,NT,FH,0.0,0,-35.29,-24.36,[],0,0,[],[]
21999680,22001660,FEM,FAN,2.61,742,AICF,RC,0,NT,FH,0.0,0,-33.54,-23.43,[],0,0,[],[]
22001660,22002490,NA,SIL,0.0,742,AICF,NA,NA,NA,NA,0.0,0,-51.16,-35.85,[],0,0,[],[]
22002490,22003380,FEM,FAN,6.02,742,AICF,RC,0,NT,FH,0.0,0,-28.75,-22.55,[],0,0,[],[]
22003380,22004250,NA,SIL,0.0,742,AICF,NA,NA,NA,NA,0.0,0,-47.13,-35.23,[],0,0,[],[]
22004250,22005050,NA,NOF,0.0,742,AICF,NA,NA,NA,NA,0.0,0,-34.85,-21.65,[],0,0,[],[]
22005050,22006050,FEM,FAN,0.34,742,AICF,RC,0,NT,FH,0.0,0,-34.13,-27.64,[],0,0,[],[]
22006050,22006850,NA,SIL,0.0,742,AICF,NA,NA,NA,NA,0.0,0,-46.91,-37.41,[],0,0,[],[]
22006850,22008720,FEM,FAN,2.77,742,AICF,RC,0,TIFI,FH,0.0,0,-39.78,-32.02,[],0,0,[],[]
22008720,22009520,NA,SIL,0.0,742,AICF,NA,NA,NA,NA,0.0,0,-44.35,-34.76,[],0,0,[],[]
22009520,22010120,CHI,CHN,0.0,742,AICF,RC,1,TIFR,FI,1.0,500,-28.88,-24.72,"[{'Canonical-syllable': '1', 'Growl': '0', 'High-freq-energy': '0', 'Long-island': '0', 'Low-tilt-spectrum': '0', 'Medium-island': '1', 'Short-island': '0', 'Squeal': '0', 'Typical-entropy': '1', 'Voicing-quality': '1', 'Wide-band': '0', 'Xlong-island': '0', 'seq': '1', 'end': 22010.02, 'start': 22009.52}]",0,0,[],[]
22010120,22010980,NA,SIL,0.0,742,AICF,NA,NA,NA,NA,0.0,0,-44.22,-38.29,[],0,0,[],[]
22010980,22011600,FEM,FAN,2.94,742,AICF,RC,1,TIFE,FI,0.0,0,-38.71,-30.76,[],0,0,[],[]
22011600,22012410,NA,OLF,0.0,742,AICF,NA,NA,NA,NA,0.0,0,-37.81,-29.44,[],0,0,[],[]
22012410,22013770,FEM,FAN,1.09,742,AICF,RC,1,TIFI,FH,0.0,0,-37.19,-28.8,[],0,0,[],[]
22013770,22014540,FEM,FAN,0.0,742,AICF,NA,NA,NA,NA,0.0,0,-32.86,-27.99,[],770,0,[],[]
22014540,22015820,NA,NOF,0.0,742,AICF,NA,NA,NA,NA,0.0,0,-40.21,-24.14,[],0,0,[],[]
22015820,22017150,CHI,CHN,0.0,742,AICF,EC,2,TIFR,FI,1.0,1330,-19.91,-15.49,"[{'Canonical-syllable': '1', 'Growl': '0', 'High-freq-energy': '0', 'Long-island': '0', 'Low-tilt-spectrum': '0', 'Medium-island': '2', 'Short-island': '1', 'Squeal': '0', 'Typical-entropy': '1', 'Voicing-quality': '3', 'Wide-band': '0', 'Xlong-island': '0', 'seq': '1', 'end': 22017.15, 'start': 22015.82}]",0,0,[],[]
22017150,22019840,NA,OLN,0.0,743,pause,NA,NA,NA,NA,0.0,0,-23.34,-9.63,[],0,0,[],[]
22019840,22020720,NA,OLF,0.0,743,pause,NA,NA,NA,NA,0.0,0,-32.3,-18.07,[],0,0,[],[]
22020720,22022630,NA,MAF,0.0,743,pause,NA,NA,NA,NA,0.0,0,-36.48,-29.52,[],0,0,[],[]
22022630,22023450,NA,NOF,0.0,743,pause,NA,NA,NA,NA,0.0,0,-30.81,-15.23,[],0,0,[],[]
22023450,22024050,CHI,CHN,0.0,743,CM,EC,0,NT,FI,1.0,600,-30.7,-24.63,"[{'Canonical-syllable': '0', 'Growl': '0', 'High-freq-energy': '0', 'Long-island': '0', 'Low-tilt-spectrum': '0', 'Medium-island': '1', 'Short-island': '0', 'Squeal': '0', 'Typical-entropy': '0', 'Voicing-quality': '1', 'Wide-band': '0', 'Xlong-island': '0', 'seq': '1', 'end': 22024.05, 'start': 22023.63}]",0,0,[],[]
22024050,22024880,NA,SIL,0.0,744,pause,NA,NA,NA,NA,0.0,0,-52.41,-43.86,[],0,0,[],[]
22024880,22028550,NA,OLN,0.0,744,pause,NA,NA,NA,NA,0.0,0,-20.63,-5.13,[],0,0,[],[]
22028550,22029560,NA,NON,0.0,744,pause,NA,NA,NA,NA,0.0,0,-19.95,-6.5,[],0,0,[],[]
22029560,22031730,NA,OLN,0.0,744,pause,NA,NA,NA,NA,0.0,0,-22.87,-7.97,[],0,0,[],[]
22031730,22032530,NA,NOF,0.0,744,pause,NA,NA,NA,NA,0.0,0,-20.09,-7.01,[],0,0,[],[]
22032530,22033850,NA,OLN,0.0,744,pause,NA,NA,NA,NA,0.0,0,-23.64,-12.35,[],0,0,[],[]
22033850,22037720,NA,NOF,0.0,744,pause,NA,NA,NA,NA,0.0,0,-37.29,-22.99,[],0,0,[],[]
22037720,22038520,NA,SIL,0.0,744,pause,NA,NA,NA,NA,0.0,0,-41.18,-32.34,[],0,0,[],[]
22038520,22039950,NA,NOF,0.0,744,pause,NA,NA,NA,NA,0.0,0,-39.07,-29.61,[],0,0,[],[]
22039950,22040970,NA,OLN,0.0,744,pause,NA,NA,NA,NA,0.0,0,-32.34,-17.44,[],0,0,[],[]
22040970,22043050,NA,NOF,0.0,744,pause,NA,NA,NA,NA,0.0,0,-38.29,-27.56,[],0,0,[],[]
22043050,22043850,NA,SIL,0.0,744,pause,NA,NA,NA,NA,0.0,0,-45.72,-39.35,[],0,0,[],[]
22043850,22044650,NA,NOF,0.0,744,pause,NA,NA,NA,NA,0.0,0,-35.43,-21.25,[],0,0,[],[]
22044650,22045450,NA,SIL,0.0,744,pause,NA,NA,NA,NA,0.0,0,-44.69,-34.52,[],0,0,[],[]
22045450,22047620,FEM,FAN,5.01,744,AIOCF,BC,0,NT,FI,0.0,0,-37.21,-29.32,[],0,0,[],[]
22047620,22048420,NA,SIL,0.0,744,AIOCF,NA,NA,NA,NA,0.0,0,-44.01,-36.53,[],0,0,[],[]
22048420,22049530,FEM,FAN,5.65,744,AIOCF,RC,0,NT,FH,0.0,0,-40.57,-34.03,[],0,0,[],[]
22049530,22050510,NA,SIL,0.0,744,AIOCF,NA,NA,NA,NA,0.0,0,-45.45,-36.38,[],0,0,[],[]
22050510,22051310,OCH,CXN,0.0,744,AIOCF,EC,0,NT,FI,0.0,0,-34.2,-28.29,[],0,0,[],[]
22051310,22052220,NA,OLN,0.0,745,pause,NA,NA,NA,NA,0.0,0,-32.81,-22.66,[],0,0,[],[]
22052220,22053850,NA,NOF,0.0,745,pause,NA,NA,NA,NA,0.0,0,-32.61,-18.45,[],0,0,[],[]
22053850,22054670,NA,OLN,0.0,745,pause,NA,NA,NA,NA,0.0,0,-23.54,-9.7,[],0,0,[],[]
22054670,22056620,NA,SIL,0.0,745,pause,NA,NA,NA,NA,0.0,0,-42.87,-30.55,[],0,0,[],[]
22056620,22057550,NA,OLN,0.0,745,pause,NA,NA,NA,NA,0.0,0,-31.82,-22.8,[],0,0,[],[]
22057550,22059490,FEM,FAN,6.87,745,AMF,BC,0,NT,FI,0.0,0,-28.47,-20.5,[],0,0,[],[]
22059490,22060860,FEM,FAN,8.58,745,AMF,RC,0,NT,FH,0.0,0,-29.48,-21.23,[],0,0,[],[]
22060860,22061690,NA,OLN,0.0,745,AMF,NA,NA,NA,NA,0.0,0,-25.27,-8.1,[],0,0,[],[]
22061690,22063150,FEM,FAN,5.55,745,AMF,EC,0,NT,FH,0.0,0,-31.24,-21.63,[],0,0,[],[]
22063150,22064990,NA,SIL,0.0,746,pause,NA,NA,NA,NA,0.0,0,-50.12,-40.56,[],0,0,[],[]
22064990,22067600,NA,NOF,0.0,746,pause,NA,NA,NA,NA,0.0,0,-32.82,-13.64,[],0,0,[],[]
22067600,22068470,NA,SIL,0.0,746,pause,NA,NA,NA,NA,0.0,0,-44.67,-29.81,[],0,0,[],[]
22068470,22069430,NA,NOF,0.0,746,pause,NA,NA,NA,NA,0.0,0,-49.32,-43.33,[],0,0,[],[]
22069430,22072430,FEM,FAN,3.72,746,AICF,BC,0,NT,FI,0.0,0,-34.72,-24.89,[],0,0,[],[]
22072430,22073230,NA,SIL,0.0,746,AICF,NA,NA,NA,NA,0.0,0,-47.07,-36.39,[],0,0,[],[]
22073230,22075080,FEM,FAN,0.56,746,AICF,RC,0,TIFI,FH,0.0,0,-41.94,-36.57,[],0,0,[],[]
22075080,22078240,CHI,CHN,0.0,746,AICF,RC,1,TIFR,FI,1.0,3030,-22.88,-13.11,"[{'Canonical-syllable': '1', 'Growl': '2', 'High-freq-energy': '0', 'Long-island': '0', 'Low-tilt-spectrum': '0', 'Medium-island': '3', 'Short-island': '1', 'Squeal': '0', 'Typical-entropy': '0', 'Voicing-quality': '5', 'Wide-band': '0', 'Xlong-island': '1', 'seq': '1', 'end': 22078.11, 'start': 22075.08}]",0,0,[],[]
22078240,22079290,FEM,FAN,0.0,746,AICF,NA,NA,NA,NA,0.0,0,-37.54,-27.78,[],1050,0,[],[]
22079290,22079950,CHI,CHN,0.0,746,AICF,RC,1,NT,FH,1.0,660,-27.27,-21.38,"[{'Canonical-syllable': '1', 'Growl': '0', 'High-freq-energy': '0', 'Long-island': '0', 'Low-tilt-spectrum': '0', 'Medium-island': '0', 'Short-island': '1', 'Squeal': '0', 'Typical-entropy': '0', 'Voicing-quality': '1', 'Wide-band': '0', 'Xlong-island': '0', 'seq': '1', 'end': 22079.95, 'start': 22079.51}]",0,0,[],[]
22079950,22080750,NA,SIL,0.0,746,AICF,NA,NA,NA,NA,0.0,0,-39.23,-24.82,[],0,0,[],[]
22080750,22087890,CHI,CHN,0.0,746,AICF,RC,1,NT,FH,6.0,4880,-32.28,-19.1,"[{'Canonical-syllable': '1', 'Growl': '0', 'High-freq-energy': '0', 'Long-island': '0', 'Low-tilt-spectrum': '0', 'Medium-island': '1', 'Short-island': '2', 'Squeal': '0', 'Typical-entropy': '1', 'Voicing-quality': '4', 'Wide-band': '1', 'Xlong-island': '0', 'seq': '1', 'end': 22081.71, 'start': 22080.75}, {'Canonical-syllable': '1', 'Growl': '4', 'High-freq-energy': '0', 'Long-island': '0', 'Low-tilt-spectrum': '0', 'Medium-island': '1', 'Short-island': '1', 'Squeal': '0', 'Typical-entropy': '3', 'Voicing-quality': '4', 'Wide-band': '1', 'Xlong-island': '0', 'seq': '2', 'end': 22084.4, 'start': 22082.35}, {'Canonical-syllable': '0', 'Growl': '0', 'High-freq-energy': '0', 'Long-island': '0', 'Low-tilt-spectrum': '0', 'Medium-island': '1', 'Short-island': '0', 'Squeal': '0', 'Typical-entropy': '0', 'Voicing-quality': '1', 'Wide-band': '0', 'Xlong-island': '0', 'seq': '3', 'end': 22085.2, 'start': 22084.89}, {'Canonical-syllable': '0', 'Growl': '1', 'High-freq-energy': '0', 'Long-island': '0', 'Low-tilt-spectrum': '1', 'Medium-island': '1', 'Short-island': '0', 'Squeal': '0', 'Typical-entropy': '0', 'Voicing-quality': '1', 'Wide-band': '0', 'Xlong-island': '0', 'seq': '4', 'end': 22085.79, 'start': 22085.53}, {'Canonical-syllable': '1', 'Growl': '0', 'High-freq-energy': '0', 'Long-island': '0', 'Low-tilt-spectrum': '0', 'Medium-island': '0', 'Short-island': '1', 'Squeal': '0', 'Typical-entropy': '0', 'Voicing-quality': '1', 'Wide-band': '0', 'Xlong-island': '0', 'seq': '5', 'end': 22086.25, 'start': 22086.11}, {'Canonical-syllable': '1', 'Growl': '0', 'High-freq-energy': '0', 'Long-island': '0', 'Low-tilt-spectrum': '0', 'Medium-island': '2', 'Short-island': '0', 'Squeal': '0', 'Typical-entropy': '0', 'Voicing-quality': '2', 'Wide-band': '0', 'Xlong-island': '0', 'seq': '6', 'end': 22087.89, 'start': 22086.73}]",0,0,[],[]
22087890,22089290,NA,NOF,0.0,746,AICF,NA,NA,NA,NA,0.0,0,-35.01,-14.83,[],0,0,[],[]
22089290,22091520,NA,SIL,0.0,746,AICF,NA,NA,NA,NA,0.0,0,-51.22,-38.97,[],0,0,[],[]
22091520,22093330,FEM,FAN,4.42,746,AICF,RC,1,TIFE,FI,0.0,0,-37.61,-28.31,[],0,0,[],[]
22093330,22093990,FEM,FAN,0.0,746,AICF,NA,NA,NA,NA,0.0,0,-40.41,-30.75,[],660,0,[],[]
22093990,22095260,FEM,FAN,0.0,746,AICF,NA,NA,NA,NA,0.0,0,-38.9,-30.1,[],1270,0,[],[]
22095260,22097720,NA,SIL,0.0,746,AICF,NA,NA,NA,NA,0.0,0,-56.48,-49.01,[],0,0,[],[]
22097720,22101610,FEM,FAN,7.62,746,AICF,RC,1,NT,FH,0.0,0,-24.92,-13.53,[],0,0,[],[]
22101610,22102330,OCH,CXN,0.0,746,AICF,RC,1,NT,FI,0.0,0,-25.69,-15.33,[],0,0,[],[]
22102330,22103130,NA,FAF,0.0,746,AICF,NA,NA,NA,NA,0.0,0,-40.7,-34.51,[],0,0,[],[]
22103130,22104660,NA,SIL,0.0,746,AICF,NA,NA,NA,NA,0.0,0,-44.85,-35.26,[],0,0,[],[]
22104660,22105850,CHI,CHN,0.0,746,AICF,RC,1,NT,FI,1.0,930,-22.36,-16.1,"[{'Canonical-syllable': '1', 'Growl': '0', 'High-freq-energy': '0', 'Long-island': '0', 'Low-tilt-spectrum': '0', 'Medium-island': '1', 'Short-island': '2', 'Squeal': '0', 'Typical-entropy': '1', 'Voicing-quality': '3', 'Wide-band': '0', 'Xlong-island': '0', 'seq': '1', 'end': 22105.59, 'start': 22104.66}]",0,0,[],[]
22105850,22107550,CHI,CHN,0.0,746,AICF,RC,1,NT,FH,1.0,1490,-25.46,-16.34,"[{'Canonical-syllable': '1', 'Growl': '0', 'High-freq-energy': '0', 'Long-island': '1', 'Low-tilt-spectrum': '0', 'Medium-island': '0', 'Short-island': '2', 'Squeal': '0', 'Typical-entropy': '1', 'Voicing-quality': '3', 'Wide-band': '0', 'Xlong-island': '0', 'seq': '1', 'end': 22107.34, 'start': 22105.85}]",0,0,[],[]
22107550,22108640,NA,SIL,0.0,746,AICF,NA,NA,NA,NA,0.0,0,-47.32,-37.98,[],0,0,[],[]
22108640,22109500,CHI,CHN,0.0,746,AICF,RC,1,NT,FH,1.0,860,-22.68,-16.41,"[{'Canonical-syllable': '1', 'Growl': '0', 'High-freq-energy': '0', 'Long-island': '0', 'Low-tilt-spectrum': '0', 'Medium-island': '2', 'Short-island': '0', 'Squeal': '0', 'Typical-entropy': '1', 'Voicing-quality': '2', 'Wide-band': '0', 'Xlong-island': '0', 'seq': '1', 'end': 22109.5, 'start': 22108.64}]",0,0,[],[]
22109500,22110310,NA,OLF,0.0,746,AICF,NA,NA,NA,NA,0.0,0,-34.56,-26.63,[],0,0,[],[]
22110310,22111310,NA,MAF,0.0,746,AICF,NA,NA,NA,NA,0.0,0,-45.16,-35.89,[],0,0,[],[]
22111310,22113590,NA,SIL,0.0,746,AICF,NA,NA,NA,NA,0.0,0,-49.33,-39.51,[],0,0,[],[]
22113590,22114930,OCH,CXN,0.0,746,AICF,RC,1,NT,FI,0.0,0,-30.68,-22.18,[],0,0,[],[]
22114930,22116450,NA,SIL,0.0,746,AICF,NA,NA,NA,NA,0.0,0,-50.44,-39.03,[],0,0,[],[]
22116450,22118000,CHI,CHN,0.0,746,AICF,RC,1,NT,FI,1.0,1370,-24.16,-18.17,"[{'Canonical-syllable': '1', 'Growl': '1', 'High-freq-energy': '0', 'Long-island': '0', 'Low-tilt-spectrum': '0', 'Medium-island': '1', 'Short-island': '2', 'Squeal': '0', 'Typical-entropy': '0', 'Voicing-quality': '4', 'Wide-band': '0', 'Xlong-island': '0', 'seq': '1', 'end': 22117.82, 'start': 22116.45}]",0,0,[],[]
22118000,22119390,NA,SIL,0.0,746,AICF,NA,NA,NA,NA,0.0,0,-57.75,-46.65,[],0,0,[],[]
22119390,22119990,CHI,CHN,0.0,746,AICF,RC,1,TIFI,FH,1.0,600,-14.29,-10.49,"[{'Canonical-syllable': '0', 'Growl': '0', 'High-freq-energy': '0', 'Long-island': '0', 'Low-tilt-spectrum': '0', 'Medium-island': '1', 'Short-island': '0', 'Squeal': '1', 'Typical-entropy': '0', 'Voicing-quality': '1', 'Wide-band': '0', 'Xlong-island': '0', 'seq': '1', 'end': 22119.99, 'start': 22119.49}]",0,0,[],[]
22119990,22121230,FEM,FAN,2.91,746,AICF,RC,2,TIFR,FI,0.0,0,-25.96,-14.0,[],0,0,[],[]
22121230,22122070,NA,SIL,0.0,746,AICF,NA,NA,NA,NA,0.0,0,-44.14,-32.69,[],0,0,[],[]
22122070,22122680,FEM,FAN,10.92,746,AICF,RC,2,NT,FH,0.0,0,-28.77,-24.57,[],0,0,[],[]
22122680,22125340,FEM,FAN,6.34,746,AICF,RC,2,NT,FH,0.0,0,-32.14,-21.93,[],0,0,[],[]
22125340,22126140,NA,NOF,0.0,746,AICF,NA,NA,NA,NA,0.0,0,-49.6,-40.45,[],0,0,[],[]
22126140,22129200,FEM,FAN,7.64,746,AICF,RC,2,NT,FH,0.0,0,-39.75,-31.29,[],0,0,[],[]
22129200,22130140,CHI,CHN,0.0,746,AICF,RC,2,TIFE,FI,1.0,780,-28.91,-19.9,"[{'Canonical-syllable': '0', 'Growl': '0', 'High-freq-energy': '0', 'Long-island': '0', 'Low-tilt-spectrum': '0', 'Medium-island': '0', 'Short-island': '2', 'Squeal': '0', 'Typical-entropy': '1', 'Voicing-quality': '2', 'Wide-band': '0', 'Xlong-island': '0', 'seq': '1', 'end': 22129.98, 'start': 22129.36}]",0,0,[],[]
22130140,22131520,CHI,CHN,0.0,746,AICF,RC,2,NT,FH,1.0,1260,-21.83,-15.16,"[{'Canonical-syllable': '2', 'Growl': '0', 'High-freq-energy': '0', 'Long-island': '0', 'Low-tilt-spectrum': '0', 'Medium-island': '2', 'Short-island': '1', 'Squeal': '0', 'Typical-entropy': '0', 'Voicing-quality': '3', 'Wide-band': '0', 'Xlong-island': '0', 'seq': '1', 'end': 22131.4, 'start': 22130.14}]",0,0,[],[]
22131520,22132200,CHI,CHN,0.0,746,AICF,RC,2,NT,FH,1.0,680,-21.93,-13.23,"[{'Canonical-syllable': '0', 'Growl': '0', 'High-freq-energy': '0', 'Long-island': '0', 'Low-tilt-spectrum': '0', 'Medium-island': '0', 'Short-island': '2', 'Squeal': '1', 'Typical-entropy': '2', 'Voicing-quality': '2', 'Wide-band': '0', 'Xlong-island': '0', 'seq': '1', 'end': 22132.2, 'start': 22131.52}]",0,0,[],[]
22132200,22133180,NA,SIL,0.0,746,AICF,NA,NA,NA,NA,0.0,0,-47.26,-38.25,[],0,0,[],[]
22133180,22133840,CHI,CHN,0.0,746,AICF,RC,2,TIFI,FH,1.0,660,-22.45,-18.99,"[{'Canonical-syllable': '0', 'Growl': '0', 'High-freq-energy': '0', 'Long-island': '0', 'Low-tilt-spectrum': '0', 'Medium-island': '1', 'Short-island': '0', 'Squeal': '0', 'Typical-entropy': '1', 'Voicing-quality': '1', 'Wide-band': '0', 'Xlong-island': '0', 'seq': '1', 'end': 22133.84, 'start': 22133.18}]",0,0,[],[]
22133840,22134780,NA,NOF,0.0,746,AICF,NA,NA,NA,NA,0.0,0,-47.62,-38.14,[],0,0,[],[]
22134780,22137660,FEM,FAN,10.75,746,AICF,RC,3,TIFR,FI,0.0,0,-35.47,-26.37,[],0,0,[],[]
22137660,22139430,NA,SIL,0.0,746,AICF,NA,NA,NA,NA,0.0,0,-45.89,-35.04,[],0,0,[],[]
22139430,22141890,FEM,FAN,8.29,746,AICF,RC,3,NT,FH,0.0,0,-36.3,-30.08,[],0,0,[],[]
22141890,22142760,NA,MAF,0.0,746,AICF,NA,NA,NA,NA,0.0,0,-43.22,-35.57,[],0,0,[],[]
22142760,22144100,CHI,CHN,0.0,746,AICF,RC,3,TIFE,FI,2.0,770,-25.89,-15.26,"[{'Canonical-syllable': '0', 'Growl': '1', 'High-freq-energy': '0', 'Long-island': '0', 'Low-tilt-spectrum': '0', 'Medium-island': '0', 'Short-island': '1', 'Squeal': '0', 'Typical-entropy': '0', 'Voicing-quality': '1', 'Wide-band': '0', 'Xlong-island': '0', 'seq': '1', 'end': 22143.01, 'start': 22142.76}, {'Canonical-syllable': '0', 'Growl': '1', 'High-freq-energy': '0', 'Long-island': '0', 'Low-tilt-spectrum': '0', 'Medium-island': '1', 'Short-island': '0', 'Squeal': '0', 'Typical-entropy': '1', 'Voicing-quality': '2', 'Wide-band': '0', 'Xlong-island': '0', 'seq': '2', 'end': 22144.1, 'start': 22143.58}]",0,0,[],[]
22144100,22145360,NA,NOF,0.0,746,AICF,NA,NA,NA,NA,0.0,0,-48.25,-35.25,[],0,0,[],[]
22145360,22146520,NA,SIL,0.0,746,AICF,NA,NA,NA,NA,0.0,0,-54.76,-48.32,[],0,0,[],[]
22146520,22147880,CHI,CHN,0.0,746,AICF,RC,3,TIFI,FH,1.0,1200,-27.82,-20.17,"[{'Canonical-syllable': '1', 'Growl': '0', 'High-freq-energy': '0', 'Long-island': '1', 'Low-tilt-spectrum': '0', 'Medium-island': '0', 'Short-island': '1', 'Squeal': '0', 'Typical-entropy': '0', 'Voicing-quality': '2', 'Wide-band': '0', 'Xlong-island': '0', 'seq': '1', 'end': 22147.72, 'start': 22146.52}]",0,0,[],[]
22147880,22148710,NA,SIL,0.0,746,AICF,NA,NA,NA,NA,0.0,0,-53.13,-43.95,[],0,0,[],[]
22148710,22149710,FEM,FAN,1.56,746,AICF,RC,4,TIFR,FI,0.0,0,-29.12,-19.14,[],0,0,[],[]
22149710,22151410,NA,SIL,0.0,746,AICF,NA,NA,NA,NA,0.0,0,-52.71,-43.02,[],0,0,[],[]
22151410,22152150,FEM,FAN,0.0,746,AICF,NA,NA,NA,NA,0.0,0,-26.52,-23.41,[],740,0,[],[]
22152150,22152950,NA,SIL,0.0,746,AICF,NA,NA,NA,NA,0.0,0,-42.71,-30.88,[],0,0,[],[]
22152950,22154120,CHI,CHN,0.0,746,AICF,RC,4,TIFI,FI,1.0,1170,-27.95,-20.87,"[{'Canonical-syllable': '3', 'Growl': '0', 'High-freq-energy': '0', 'Long-island': '0', 'Low-tilt-spectrum': '0', 'Medium-island': '1', 'Short-island': '2', 'Squeal': '0', 'Typical-entropy': '1', 'Voicing-quality': '3', 'Wide-band': '0', 'Xlong-island': '0', 'seq': '1', 'end': 22154.12, 'start': 22152.95}]",0,0,[],[]
22154120,22155520,NA,SIL,0.0,746,AICF,NA,NA,NA,NA,0.0,0,-45.59,-36.4,[],0,0,[],[]
22155520,22157260,FEM,FAN,3.32,746,AICF,RC,5,TIFR,FI,0.0,0,-25.42,-16.4,[],0,0,[],[]
22157260,22158280,MAL,MAN,1.86,746,AICF,RC,5,NT,FI,0.0,0,-38.22,-33.96,[],0,0,[],[]
22158280,22159080,NA,SIL,0.0,746,AICF,NA,NA,NA,NA,0.0,0,-43.3,-34.39,[],0,0,[],[]
22159080,22161110,FEM,FAN,7.82,746,AICF,RC,5,NT,FI,0.0,0,-34.43,-24.84,[],0,0,[],[]
22161110,22162300,MAL,MAN,5.42,746,AICF,RC,5,NT,FI,0.0,0,-28.82,-23.18,[],0,0,[],[]
22162300,22165180,NA,SIL,0.0,746,AICF,NA,NA,NA,NA,0.0,0,-53.42,-41.43,[],0,0,[],[]
22165180,22165780,CHI,CHN,0.0,746,AICF,RC,5,TIME,FI,1.0,290,-29.37,-22.38,"[{'Canonical-syllable': '0', 'Growl': '0', 'High-freq-energy': '0', 'Long-island': '0', 'Low-tilt-spectrum': '0', 'Medium-island': '0', 'Short-island': '1', 'Squeal': '0', 'Typical-entropy': '1', 'Voicing-quality': '1', 'Wide-band': '0', 'Xlong-island': '0', 'seq': '1', 'end': 22165.47, 'start': 22165.26}]",0,0,[],[]
22165780,22166740,NA,SIL,0.0,746,AICF,NA,NA,NA,NA,0.0,0,-57.35,-48.28,[],0,0,[],[]
22166740,22170140,CHI,CHN,0.0,746,AICF,EC,5,NT,FH,2.0,2970,-22.34,-12.7,"[{'Canonical-syllable': '1', 'Growl': '0', 'High-freq-energy': '0', 'Long-island': '0', 'Low-tilt-spectrum': '0', 'Medium-island': '3', 'Short-island': '1', 'Squeal': '0', 'Typical-entropy': '0', 'Voicing-quality': '4', 'Wide-band': '0', 'Xlong-island': '0', 'seq': '1', 'end': 22168.48, 'start': 22166.74}, {'Canonical-syllable': '0', 'Growl': '1', 'High-freq-energy': '0', 'Long-island': '0', 'Low-tilt-spectrum': '0', 'Medium-island': '1', 'Short-island': '2', 'Squeal': '0', 'Typical-entropy': '3', 'Voicing-quality': '3', 'Wide-band': '0', 'Xlong-island': '0', 'seq': '2', 'end': 22170.14, 'start': 22168.91}]",0,0,[],[]
22170140,22171150,NA,SIL,0.0,747,pause,NA,NA,NA,NA,0.0,0,-55.62,-41.63,[],0,0,[],[]
22171150,22171950,NA,NOF,0.0,747,pause,NA,NA,NA,NA,0.0,0,-52.04,-47.49,[],0,0,[],[]
22171950,22175640,NA,SIL,0.0,747,pause,NA,NA,NA,NA,0.0,0,-47.51,-26.76,[],0,0,[],[]
22175640,22176660,FEM,FAN,2.85,747,AICF,BC,0,NT,FI,0.0,0,-37.68,-29.66,[],0,0,[],[]
22176660,22178130,MAL,MAN,1.94,747,AICF,RC,0,NT,FI,0.0,0,-40.24,-33.05,[],0,0,[],[]
22178130,22179250,NA,TVF,0.0,747,AICF,NA,NA,NA,NA,0.0,0,-46.56,-39.15,[],0,0,[],[]
22179250,22180550,NA,SIL,0.0,747,AICF,NA,NA,NA,NA,0.0,0,-58.79,-49.06,[],0,0,[],[]
22180550,22181240,FEM,FAN,1.9,747,AICF,RC,0,NT,FI,0.0,0,-31.08,-27.91,[],0,0,[],[]
22181240,22182540,MAL,MAN,3.05,747,AICF,RC,0,NT,FI,0.0,0,-34.66,-27.97,[],0,0,[],[]
22182540,22183610,FEM,FAN,1.43,747,AICF,RC,0,TIFI,FI,0.0,0,-25.65,-17.46,[],0,0,[],[]
22183610,22185110,NA,SIL,0.0,747,AICF,NA,NA,NA,NA,0.0,0,-56.31,-50.95,[],0,0,[],[]
22185110,22186520,CHI,CHN,0.0,747,AICF,RC,1,TIFR,FI,2.0,580,-29.67,-20.21,"[{'Canonical-syllable': '0', 'Growl': '0', 'High-freq-energy': '0', 'Long-island': '0', 'Low-tilt-spectrum': '0', 'Medium-island': '0', 'Short-island': '1', 'Squeal': '0', 'Typical-entropy': '0', 'Voicing-quality': '1', 'Wide-band': '0', 'Xlong-island': '0', 'seq': '1', 'end': 22185.5, 'start': 22185.3}, {'Canonical-syllable': '0', 'Growl': '0', 'High-freq-energy': '0', 'Long-island': '0', 'Low-tilt-spectrum': '0', 'Medium-island': '0', 'Short-island': '1', 'Squeal': '0', 'Typical-entropy': '0', 'Voicing-quality': '1', 'Wide-band': '0', 'Xlong-island': '0', 'seq': '2', 'end': 22186.37, 'start': 22186.18}]",0,0,[],[]
22186520,22187540,CHI,CHN,0.0,747,AICF,RC,1,NT,FH,1.0,1020,-25.28,-17.71,"[{'Canonical-syllable': '0', 'Growl': '0', 'High-freq-energy': '0', 'Long-island': '1', 'Low-tilt-spectrum': '0', 'Medium-island': '0', 'Short-island': '1', 'Squeal': '0', 'Typical-entropy': '1', 'Voicing-quality': '2', 'Wide-band': '0', 'Xlong-island': '0', 'seq': '1', 'end': 22187.54, 'start': 22186.52}]",0,0,[],[]
22187540,22189320,NA,SIL,0.0,747,AICF,NA,NA,NA,NA,0.0,0,-42.83,-27.14,[],0,0,[],[]
22189320,22191920,FEM,FAN,6.9,747,AICF,RC,1,TIFE,FI,0.0,0,-29.52,-20.46,[],0,0,[],[]
22191920,22193110,MAL,MAN,3.17,747,AICF,RC,1,TIMI,FI,0.0,0,-40.17,-29.04,[],0,0,[],[]
22193110,22194110,FEM,FAN,0.0,747,AICF,NA,NA,NA,NA,0.0,0,-37.94,-33.08,[],1000,0,[],[]
22194110,22195120,NA,MAF,0.0,747,AICF,NA,NA,NA,NA,0.0,0,-31.16,-17.26,[],0,0,[],[]
22195120,22196120,CHI,CHN,0.0,747,AICF,RC,2,TIMR,FI,1.0,1000,-22.97,-16.64,"[{'Canonical-syllable': '0', 'Growl': '0', 'High-freq-energy': '0', 'Long-island': '0', 'Low-tilt-spectrum': '0', 'Medium-island': '2', 'Short-island': '0', 'Squeal': '0', 'Typical-entropy': '0', 'Voicing-quality': '2', 'Wide-band': '0', 'Xlong-island': '0', 'seq': '1', 'end': 22196.12, 'start': 22195.28}]",0,0,[],[]
22196120,22197160,CHI,CHN,0.0,747,AICF,EC,2,NT,FH,1.0,950,-20.14,-11.89,"[{'Canonical-syllable': '0', 'Growl': '1', 'High-freq-energy': '0', 'Long-island': '0', 'Low-tilt-spectrum': '0', 'Medium-island': '2', 'Short-island': '0', 'Squeal': '0', 'Typical-entropy': '1', 'Voicing-quality': '2', 'Wide-band': '0', 'Xlong-island': '0', 'seq': '1', 'end': 22197.07, 'start': 22196.12}]",0,0,[],[]
22197160,22200450,NA,SIL,0.0,748,pause,NA,NA,NA,NA,0.0,0,-50.6,-38.46,[],0,0,[],[]
22200450,22201250,NA,OLF,0.0,748,pause,NA,NA,NA,NA,0.0,0,-31.44,-15.15,[],0,0,[],[]
22201250,22202670,NA,SIL,0.0,748,pause,NA,NA,NA,NA,0.0,0,-41.74,-24.1,[],0,0,[],[]
22202670,22203670,MAL,MAN,0.56,748,AICM,BC,0,NT,FI,0.0,0,-30.88,-22.05,[],0,0,[],[]
22203670,22205790,FEM,FAN,6.39,748,AICM,RC,0,NT,FI,0.0,0,-29.25,-20.83,[],0,0,[],[]
22205790,22206390,FEM,FAN,1.08,748,AICM,RC,0,NT,FH,0.0,0,-32.11,-25.66,[],0,0,[],[]
22206390,22207930,FEM,FAN,3.94,748,AICM,RC,0,NT,FH,0.0,0,-26.85,-19.89,[],0,0,[],[]
22207930,22209000,NA,SIL,0.0,748,AICM,NA,NA,NA,NA,0.0,0,-56.08,-42.62,[],0,0,[],[]
22209000,22210540,MAL,MAN,5.5,748,AICM,RC,0,NT,FI,0.0,0,-39.24,-32.54,[],0,0,[],[]
22210540,22211340,NA,SIL,0.0,748,AICM,NA,NA,NA,NA,0.0,0,-44.85,-38.62,[],0,0,[],[]
22211340,22212340,FEM,FAN,4.24,748,AICM,RC,0,TIFI,FI,0.0,0,-38.87,-25.38,[],0,0,[],[]
22212340,22213500,NA,SIL,0.0,748,AICM,NA,NA,NA,NA,0.0,0,-45.51,-33.64,[],0,0,[],[]
22213500,22214490,CHI,CHN,0.0,748,AICM,RC,1,TIFR,FI,1.0,760,-18.34,-9.23,"[{'Canonical-syllable': '0', 'Growl': '0', 'High-freq-energy': '0', 'Long-island': '1', 'Low-tilt-spectrum': '0', 'Medium-island': '0', 'Short-island': '0', 'Squeal': '0', 'Typical-entropy': '1', 'Voicing-quality': '1', 'Wide-band': '0', 'Xlong-island': '0', 'seq': '1', 'end': 22214.26, 'start': 22213.64}]",0,0,[],[]
22214490,22215410,NA,SIL,0.0,748,AICM,NA,NA,NA,NA,0.0,0,-47.2,-36.49,[],0,0,[],[]
22215410,22216140,CHI,CHN,0.0,748,AICM,RC,1,NT,FH,1.0,730,-17.69,-12.69,"[{'Canonical-syllable': '0', 'Growl': '0', 'High-freq-energy': '0', 'Long-island': '1', 'Low-tilt-spectrum': '0', 'Medium-island': '0', 'Short-island': '0', 'Squeal': '0', 'Typical-entropy': '0', 'Voicing-quality': '1', 'Wide-band': '0', 'Xlong-island': '0', 'seq': '1', 'end': 22216.14, 'start': 22215.41}]",0,0,[],[]
22216140,22216940,NA,OLN,0.0,748,AICM,NA,NA,NA,NA,0.0,0,-34.86,-28.21,[],0,0,[],[]
22216940,22218330,CHI,CHN,0.0,748,AICM,RC,1,NT,FH,1.0,1130,-21.95,-12.13,"[{'Canonical-syllable': '2', 'Growl': '0', 'High-freq-energy': '0', 'Long-island': '0', 'Low-tilt-spectrum': '0', 'Medium-island': '2', 'Short-island': '1', 'Squeal': '0', 'Typical-entropy': '0', 'Voicing-quality': '3', 'Wide-band': '0', 'Xlong-island': '0', 'seq': '1', 'end': 22218.07, 'start': 22216.94}]",0,0,[],[]
22218330,22219340,NA,SIL,0.0,748,AICM,NA,NA,NA,NA,0.0,0,-43.6,-29.73,[],0,0,[],[]
22219340,22220340,CHI,CHN,0.0,748,AICM,RC,1,NT,FH,1.0,870,-21.27,-15.73,"[{'Canonical-syllable': '0', 'Growl': '0', 'High-freq-energy': '0', 'Long-island': '1', 'Low-tilt-spectrum': '0', 'Medium-island': '0', 'Short-island': '0', 'Squeal': '0', 'Typical-entropy': '0', 'Voicing-quality': '1', 'Wide-band': '0', 'Xlong-island': '0', 'seq': '1', 'end': 22220.21, 'start': 22219.34}]",0,0,[],[]
22220340,22221520,MAL,MAN,3.6,748,AICM,RC,1,TIME,FI,0.0,0,-32.73,-23.1,[],0,0,[],[]
22221520,22224980,FEM,FAN,10.68,748,AICM,RC,1,NT,FI,0.0,0,-34.69,-25.2,[],0,0,[],[]
22224980,22225650,FEM,FAN,1.55,748,AICM,RC,1,NT,FH,0.0,0,-29.2,-23.16,[],0,0,[],[]
22225650,22227490,FEM,FAN,5.84,748,AICM,RC,1,TIFI,FH,0.0,0,-32.28,-25.25,[],0,0,[],[]
22227490,22228450,CHI,CHN,0.0,748,AICM,RC,2,TIFR,FI,1.0,960,-33.6,-31.35,"[{'Canonical-syllable': '0', 'Growl': '0', 'High-freq-energy': '0', 'Long-island': '0', 'Low-tilt-spectrum': '0', 'Medium-island': '0', 'Short-island': '0', 'Squeal': '0', 'Typical-entropy': '0', 'Voicing-quality': '1', 'Wide-band': '0', 'Xlong-island': '1', 'seq': '1', 'end': 22228.45, 'start': 22227.49}]",0,0,[],[]
22228450,22231110,NA,SIL,0.0,748,AICM,NA,NA,NA,NA,0.0,0,-55.73,-41.12,[],0,0,[],[]
22231110,22233840,CHI,CHN,0.0,748,AICM,RC,2,NT,FH,2.0,2320,-25.59,-16.46,"[{'Canonical-syllable': '0', 'Growl': '2', 'High-freq-energy': '0', 'Long-island': '0', 'Low-tilt-spectrum': '0', 'Medium-island': '0', 'Short-island': '3', 'Squeal': '0', 'Typical-entropy': '2', 'Voicing-quality': '3', 'Wide-band': '0', 'Xlong-island': '0', 'seq': '1', 'end': 22232.22, 'start': 22231.11}, {'Canonical-syllable': '1', 'Growl': '0', 'High-freq-energy': '0', 'Long-island': '0', 'Low-tilt-spectrum': '0', 'Medium-island': '2', 'Short-island': '1', 'Squeal': '0', 'Typical-entropy': '0', 'Voicing-quality': '3', 'Wide-band': '1', 'Xlong-island': '0', 'seq': '2', 'end': 22233.84, 'start': 22232.63}]",0,0,[],[]
22233840,22234640,NA,SIL,0.0,748,AICM,NA,NA,NA,NA,0.0,0,-46.13,-30.28,[],0,0,[],[]
22234640,22236030,FEM,FAN,7.46,748,AICM,RC,2,TIFE,FI,0.0,0,-32.28,-25.01,[],0,0,[],[]
22236030,22237030,MAL,MAN,2.55,748,AICM,RC,2,NT,FI,0.0,0,-37.61,-31.85,[],0,0,[],[]
22237030,22238170,FEM,FAN,2.2,748,AICM,RC,2,NT,FI,0.0,0,-40.17,-33.55,[],0,0,[],[]
22238170,22239170,MAL,MAN,4.27,748,AICM,EC,2,NT,FI,0.0,0,-41.51,-34.08,[],0,0,[],[]
22239170,22245820,NA,SIL,0.0,749,pause,NA,NA,NA,NA,0.0,0,-52.71,-31.72,[],0,0,[],[]
22245820,22247650,FEM,FAN,8.15,749,AICF,BC,0,NT,FI,0.0,0,-37.65,-28.86,[],0,0,[],[]
22247650,22249320,FEM,FAN,4.0,749,AICF,RC,0,NT,FH,0.0,0,-38.76,-29.32,[],0,0,[],[]
22249320,22250320,FEM,FAN,6.17,749,AICF,RC,0,NT,FH,0.0,0,-31.23,-26.78,[],0,0,[],[]
22250320,22252230,NA,SIL,0.0,749,AICF,NA,NA,NA,NA,0.0,0,-54.69,-44.73,[],0,0,[],[]
22252230,22253840,FEM,FAN,8.04,749,AICF,RC,0,NT,FH,0.0,0,-28.15,-21.5,[],0,0,[],[]
22253840,22254640,NA,SIL,0.0,749,AICF,NA,NA,NA,NA,0.0,0,-45.86,-33.23,[],0,0,[],[]
22254640,22255650,FEM,FAN,1.29,749,AICF,RC,0,NT,FH,0.0,0,-37.03,-28.21,[],0,0,[],[]
22255650,22259420,NA,SIL,0.0,749,AICF,NA,NA,NA,NA,0.0,0,-49.52,-30.76,[],0,0,[],[]
22259420,22260460,FEM,FAN,6.04,749,AICF,RC,0,NT,FH,0.0,0,-36.75,-27.26,[],0,0,[],[]
22260460,22261060,FEM,FAN,0.0,749,AICF,NA,NA,NA,NA,0.0,0,-35.2,-29.14,[],600,0,[],[]
22261060,22262200,FEM,FAN,3.01,749,AICF,RC,0,NT,FH,0.0,0,-34.21,-26.62,[],0,0,[],[]
22262200,22263040,NA,SIL,0.0,749,AICF,NA,NA,NA,NA,0.0,0,-46.26,-38.42,[],0,0,[],[]
22263040,22266880,FEM,FAN,13.79,749,AICF,RC,0,TIFI,FH,0.0,0,-32.42,-21.31,[],0,0,[],[]
22266880,22268270,CHI,CHN,0.0,749,AICF,EC,1,TIFR,FI,1.0,1270,-24.35,-16.84,"[{'Canonical-syllable': '0', 'Growl': '1', 'High-freq-energy': '0', 'Long-island': '1', 'Low-tilt-spectrum': '0', 'Medium-island': '0', 'Short-island': '1', 'Squeal': '0', 'Typical-entropy': '2', 'Voicing-quality': '3', 'Wide-band': '1', 'Xlong-island': '0', 'seq': '1', 'end': 22268.15, 'start': 22266.88}]",0,0,[],[]
22268270,22269510,NA,FAF,0.0,750,pause,NA,NA,NA,NA,0.0,0,-43.83,-37.31,[],0,0,[],[]
22269510,22274510,NA,SIL,0.0,750,pause,NA,NA,NA,NA,0.0,0,-55.76,-42.48,[],0,0,[],[]
22274510,22277090,FEM,FAN,7.81,750,AMF,BC,0,NT,FI,0.0,0,-40.29,-30.3,[],0,0,[],[]
22277090,22279150,FEM,FAN,4.3,750,AMF,RC,0,NT,FH,0.0,0,-25.98,-17.54,[],0,0,[],[]
22279150,22279950,NA,SIL,0.0,750,AMF,NA,NA,NA,NA,0.0,0,-44.47,-30.42,[],0,0,[],[]
22279950,22280980,FEM,FAN,1.81,750,AMF,RC,0,NT,FH,0.0,0,-46.43,-39.78,[],0,0,[],[]
22280980,22282290,NA,SIL,0.0,750,AMF,NA,NA,NA,NA,0.0,0,-49.53,-38.48,[],0,0,[],[]
22282290,22285460,FEM,FAN,7.54,750,AMF,EC,0,NT,FH,0.0,0,-38.19,-26.78,[],0,0,[],[]
22285460,22292030,NA,SIL,0.0,751,pause,NA,NA,NA,NA,0.0,0,-55.74,-39.28,[],0,0,[],[]
22292030,22293070,FEM,FAN,0.0,751,pause,NA,NA,NA,NA,0.0,0,-44.77,-36.38,[],1040,0,[],[]
22293070,22293910,NA,SIL,0.0,751,pause,NA,NA,NA,NA,0.0,0,-57.0,-48.8,[],0,0,[],[]
22293910,22294540,FEM,FAN,2.61,751,AMF,EC,0,NT,FI,0.0,0,-40.06,-33.94,[],0,0,[],[]
22294540,22301450,NA,SIL,0.0,752,pause,NA,NA,NA,NA,0.0,0,-57.44,-42.39,[],0,0,[],[]
22301450,22303120,CHI,CHN,0.0,752,CIC,BC,0,TIFI,FI,2.0,1320,-24.11,-15.18,"[{'Canonical-syllable': '1', 'Growl': '0', 'High-freq-energy': '0', 'Long-island': '0', 'Low-tilt-spectrum': '0', 'Medium-island': '1', 'Short-island': '2', 'Squeal': '0', 'Typical-entropy': '1', 'Voicing-quality': '3', 'Wide-band': '0', 'Xlong-island': '0', 'seq': '1', 'end': 22302.35, 'start': 22301.45}, {'Canonical-syllable': '0', 'Growl': '0', 'High-freq-energy': '0', 'Long-island': '0', 'Low-tilt-spectrum': '0', 'Medium-island': '1', 'Short-island': '0', 'Squeal': '0', 'Typical-entropy': '0', 'Voicing-quality': '1', 'Wide-band': '0', 'Xlong-island': '0', 'seq': '2', 'end': 22303.12, 'start': 22302.7}]",0,0,[],[]
22303120,22304210,NA,SIL,0.0,752,CIC,NA,NA,NA,NA,0.0,0,-51.61,-39.66,[],0,0,[],[]
22304210,22305220,FEM,FAN,1.35,752,CIC,RC,1,TIFR,FI,0.0,0,-39.94,-33.66,[],0,0,[],[]
22305220,22306900,NA,SIL,0.0,752,CIC,NA,NA,NA,NA,0.0,0,-54.3,-43.62,[],0,0,[],[]
22306900,22308030,MAL,MAN,1.41,752,CIC,RC,1,NT,FI,0.0,0,-39.78,-30.94,[],0,0,[],[]
22308030,22309200,FEM,FAN,0.0,752,CIC,NA,NA,NA,NA,0.0,0,-42.27,-33.06,[],1170,0,[],[]
22309200,22310000,NA,SIL,0.0,752,CIC,NA,NA,NA,NA,0.0,0,-47.41,-37.95,[],0,0,[],[]
22310000,22313400,FEM,FAN,10.05,752,CIC,RC,1,NT,FI,0.0,0,-41.75,-30.96,[],0,0,[],[]
22313400,22317550,NA,SIL,0.0,752,CIC,NA,NA,NA,NA,0.0,0,-57.73,-50.68,[],0,0,[],[]
22317550,22318550,FEM,FAN,1.54,752,CIC,RC,1,NT,FH,0.0,0,-42.8,-32.13,[],0,0,[],[]
22318550,22321850,NA,SIL,0.0,752,CIC,NA,NA,NA,NA,0.0,0,-52.53,-38.4,[],0,0,[],[]
22321850,22323260,CHI,CHN,0.0,752,CIC,RC,1,TIFE,FI,1.0,1240,-25.65,-19.49,"[{'Canonical-syllable': '1', 'Growl': '0', 'High-freq-energy': '0', 'Long-island': '0', 'Low-tilt-spectrum': '0', 'Medium-island': '1', 'Short-island': '2', 'Squeal': '0', 'Typical-entropy': '0', 'Voicing-quality': '3', 'Wide-band': '0', 'Xlong-island': '0', 'seq': '1', 'end': 22323.09, 'start': 22321.85}]",0,0,[],[]
22323260,22324090,FEM,FAN,0.0,752,CIC,NA,NA,NA,NA,0.0,0,-42.19,-35.06,[],830,0,[],[]
22324090,22324940,NA,SIL,0.0,752,CIC,NA,NA,NA,NA,0.0,0,-45.97,-36.03,[],0,0,[],[]
22324940,22325570,CHI,CHN,0.0,752,CIC,RC,1,TIFI,FH,1.0,630,-27.5,-21.1,"[{'Canonical-syllable': '1', 'Growl': '0', 'High-freq-energy': '0', 'Long-island': '0', 'Low-tilt-spectrum': '0', 'Medium-island': '1', 'Short-island': '0', 'Squeal': '0', 'Typical-entropy': '0', 'Voicing-quality': '1', 'Wide-band': '0', 'Xlong-island': '0', 'seq': '1', 'end': 22325.57, 'start': 22324.94}]",0,0,[],[]
22325570,22326540,NA,SIL,0.0,752,CIC,NA,NA,NA,NA,0.0,0,-57.45,-52.37,[],0,0,[],[]
22326540,22327770,FEM,FAN,0.78,752,CIC,RC,2,TIFR,FI,0.0,0,-30.9,-22.4,[],0,0,[],[]
22327770,22330050,NA,SIL,0.0,752,CIC,NA,NA,NA,NA,0.0,0,-56.09,-47.16,[],0,0,[],[]
22330050,22331050,FEM,FAN,0.0,752,CIC,NA,NA,NA,NA,0.0,0,-34.07,-30.74,[],1000,0,[],[]
22331050,22332050,NA,SIL,0.0,752,CIC,NA,NA,NA,NA,0.0,0,-58.84,-52.75,[],0,0,[],[]
22332050,22333310,CHI,CHN,0.0,752,CIC,RC,2,TIFI,FI,2.0,530,-30.89,-23.37,"[{'Canonical-syllable': '0', 'Growl': '0', 'High-freq-energy': '0', 'Long-island': '0', 'Low-tilt-spectrum': '0', 'Medium-island': '0', 'Short-island': '1', 'Squeal': '0', 'Typical-entropy': '0', 'Voicing-quality': '1', 'Wide-band': '0', 'Xlong-island': '0', 'seq': '1', 'end': 22332.31, 'start': 22332.05}, {'Canonical-syllable': '0', 'Growl': '0', 'High-freq-energy': '0', 'Long-island': '0', 'Low-tilt-spectrum': '0', 'Medium-island': '0', 'Short-island': '1', 'Squeal': '0', 'Typical-entropy': '0', 'Voicing-quality': '1', 'Wide-band': '0', 'Xlong-island': '0', 'seq': '2', 'end': 22333.31, 'start': 22333.04}]",0,0,[],[]
22333310,22334110,NA,SIL,0.0,752,CIC,NA,NA,NA,NA,0.0,0,-43.81,-28.66,[],0,0,[],[]
22334110,22334720,FEM,FAN,3.31,752,CIC,RC,3,TIFR,FI,0.0,0,-26.78,-20.77,[],0,0,[],[]
22334720,22335540,NA,SIL,0.0,752,CIC,NA,NA,NA,NA,0.0,0,-54.9,-47.68,[],0,0,[],[]
22335540,22337210,FEM,FAN,4.63,752,CIC,RC,3,NT,FH,0.0,0,-27.72,-21.27,[],0,0,[],[]
22337210,22338600,NA,SIL,0.0,752,CIC,NA,NA,NA,NA,0.0,0,-58.97,-49.92,[],0,0,[],[]
22338600,22340140,FEM,FAN,3.48,752,CIC,RC,3,NT,FH,0.0,0,-31.93,-23.21,[],0,0,[],[]
22340140,22342410,NA,SIL,0.0,752,CIC,NA,NA,NA,NA,0.0,0,-55.57,-43.14,[],0,0,[],[]
22342410,22343500,FEM,FAN,5.81,752,CIC,RC,3,NT,FH,0.0,0,-25.83,-18.06,[],0,0,[],[]
22343500,22344300,NA,SIL,0.0,752,CIC,NA,NA,NA,NA,0.0,0,-57.59,-46.79,[],0,0,[],[]
22344300,22344900,CHI,CHN,0.0,752,CIC,RC,3,TIFI,FI,1.0,230,-32.02,-22.48,"[{'Canonical-syllable': '0', 'Growl': '0', 'High-freq-energy': '0', 'Long-island': '0', 'Low-tilt-spectrum': '0', 'Medium-island': '0', 'Short-island': '1', 'Squeal': '0', 'Typical-entropy': '1', 'Voicing-quality': '1', 'Wide-band': '0', 'Xlong-island': '0', 'seq': '1', 'end': 22344.53, 'start': 22344.3}]",0,0,[],[]
22344900,22349160,NA,SIL,0.0,752,CIC,NA,NA,NA,NA,0.0,0,-46.61,-32.9,[],0,0,[],[]
22349160,22351250,FEM,FAN,8.78,752,CIC,RC,4,TIFR,FI,0.0,0,-33.41,-25.79,[],0,0,[],[]
22351250,22351900,FEM,FAN,0.0,752,CIC,NA,NA,NA,NA,0.0,0,-36.1,-29.84,[],650,0,[],[]
22351900,22352900,FEM,FAN,1.79,752,CIC,RC,4,NT,FH,0.0,0,-40.34,-33.82,[],0,0,[],[]
22352900,22353760,NA,SIL,0.0,752,CIC,NA,NA,NA,NA,0.0,0,-46.46,-38.24,[],0,0,[],[]
22353760,22354360,FEM,FAN,0.0,752,CIC,NA,NA,NA,NA,0.0,0,-38.42,-32.49,[],600,0,[],[]
22354360,22355460,FEM,FAN,2.22,752,CIC,RC,4,NT,FH,0.0,0,-32.44,-23.63,[],0,0,[],[]
22355460,22356080,CHI,CHN,0.0,752,CIC,RC,4,TIFE,FI,1.0,620,-20.77,-16.34,"[{'Canonical-syllable': '1', 'Growl': '0', 'High-freq-energy': '0', 'Long-island': '0', 'Low-tilt-spectrum': '0', 'Medium-island': '1', 'Short-island': '0', 'Squeal': '0', 'Typical-entropy': '0', 'Voicing-quality': '1', 'Wide-band': '0', 'Xlong-island': '0', 'seq': '1', 'end': 22356.08, 'start': 22355.46}]",0,0,[],[]
22356080,22356890,NA,SIL,0.0,752,CIC,NA,NA,NA,NA,0.0,0,-47.29,-38.49,[],0,0,[],[]
22356890,22358090,CHI,CHN,0.0,752,CIC,EC,4,NT,FH,1.0,1200,-21.92,-15.16,"[{'Canonical-syllable': '0', 'Growl': '1', 'High-freq-energy': '0', 'Long-island': '1', 'Low-tilt-spectrum': '0', 'Medium-island': '0', 'Short-island': '1', 'Squeal': '0', 'Typical-entropy': '0', 'Voicing-quality': '2', 'Wide-band': '0', 'Xlong-island': '0', 'seq': '1', 'end': 22358.09, 'start': 22356.89}]",0,0,[],[]
22358090,22359090,FEM,FAN,0.0,753,pause,NA,NA,NA,NA,0.0,0,-38.2,-28.56,[],1000,0,[],[]
22359090,22364560,NA,SIL,0.0,753,pause,NA,NA,NA,NA,0.0,0,-46.68,-29.54,[],0,0,[],[]
22364560,22365160,FEM,FAN,0.0,753,pause,NA,NA,NA,NA,0.0,0,-39.44,-30.95,[],600,0,[],[]
22365160,22366320,NA,SIL,0.0,753,pause,NA,NA,NA,NA,0.0,0,-43.58,-32.58,[],0,0,[],[]
22366320,22367890,CHI,CHN,0.0,753,CIC,BC,0,NT,FI,1.0,1440,-28.03,-18.33,"[{'Canonical-syllable': '0', 'Growl': '0', 'High-freq-energy': '0', 'Long-island': '0', 'Low-tilt-spectrum': '0', 'Medium-island': '2', 'Short-island': '0', 'Squeal': '0', 'Typical-entropy': '0', 'Voicing-quality': '2', 'Wide-band': '0', 'Xlong-island': '0', 'seq': '1', 'end': 22367.76, 'start': 22366.41}]",0,0,[],[]
22367890,22368720,NA,OLN,0.0,753,CIC,NA,NA,NA,NA,0.0,0,-33.62,-26.15,[],0,0,[],[]
22368720,22370160,CHI,CHN,0.0,753,CIC,RC,0,NT,FH,1.0,990,-29.01,-23.41,"[{'Canonical-syllable': '0', 'Growl': '0', 'High-freq-energy': '0', 'Long-island': '0', 'Low-tilt-spectrum': '0', 'Medium-island': '0', 'Short-island': '0', 'Squeal': '0', 'Typical-entropy': '0', 'Voicing-quality': '1', 'Wide-band': '0', 'Xlong-island': '1', 'seq': '1', 'end': 22369.71, 'start': 22368.72}]",0,0,[],[]
22370160,22371160,CHI,CHN,0.0,753,CIC,RC,0,TIFI,FH,1.0,460,-26.94,-21.68,"[{'Canonical-syllable': '0', 'Growl': '0', 'High-freq-energy': '0', 'Long-island': '0', 'Low-tilt-spectrum': '0', 'Medium-island': '1', 'Short-island': '0', 'Squeal': '0', 'Typical-entropy': '0', 'Voicing-quality': '1', 'Wide-band': '0', 'Xlong-island': '0', 'seq': '1', 'end': 22370.62, 'start': 22370.16}]",0,0,[],[]
22371160,22372480,FEM,FAN,2.2,753,CIC,EC,1,TIFR,FI,0.0,0,-32.06,-23.6,[],0,0,[],[]
22372480,22373980,NA,SIL,0.0,754,pause,NA,NA,NA,NA,0.0,0,-47.81,-37.9,[],0,0,[],[]
22373980,22374790,NA,NOF,0.0,754,pause,NA,NA,NA,NA,0.0,0,-38.84,-30.95,[],0,0,[],[]
22374790,22375820,NA,SIL,0.0,754,pause,NA,NA,NA,NA,0.0,0,-38.77,-25.91,[],0,0,[],[]
22375820,22377230,NA,OLN,0.0,754,pause,NA,NA,NA,NA,0.0,0,-32.38,-22.93,[],0,0,[],[]
22377230,22378210,NA,NON,0.0,754,pause,NA,NA,NA,NA,0.0,0,-36.23,-24.99,[],0,0,[],[]
22378210,22379150,NA,OLF,0.0,754,pause,NA,NA,NA,NA,0.0,0,-36.73,-26.06,[],0,0,[],[]
22379150,22380080,NA,NOF,0.0,754,pause,NA,NA,NA,NA,0.0,0,-26.43,-13.64,[],0,0,[],[]
22380080,22381270,CHI,CHN,0.0,754,CIC,BC,0,TIFI,FI,1.0,1190,-24.67,-13.66,"[{'Canonical-syllable': '0', 'Growl': '2', 'High-freq-energy': '0', 'Long-island': '0', 'Low-tilt-spectrum': '0', 'Medium-island': '0', 'Short-island': '3', 'Squeal': '0', 'Typical-entropy': '3', 'Voicing-quality': '3', 'Wide-band': '0', 'Xlong-island': '0', 'seq': '1', 'end': 22381.27, 'start': 22380.08}]",0,0,[],[]
22381270,22382340,FEM,FAN,0.79,754,CIC,RC,1,TIFR,FI,0.0,0,-24.79,-16.87,[],0,0,[],[]
22382340,22383140,NA,NOF,0.0,754,CIC,NA,NA,NA,NA,0.0,0,-35.96,-23.46,[],0,0,[],[]
22383140,22384140,FEM,FAN,0.0,754,CIC,NA,NA,NA,NA,0.0,0,-40.08,-30.43,[],1000,0,[],[]
22384140,22384940,NA,NOF,0.0,754,CIC,NA,NA,NA,NA,0.0,0,-41.26,-30.39,[],0,0,[],[]
22384940,22385940,FEM,FAN,2.04,754,CIC,RC,1,NT,FH,0.0,0,-30.89,-17.61,[],0,0,[],[]
22385940,22386800,NA,NOF,0.0,754,CIC,NA,NA,NA,NA,0.0,0,-23.72,-11.93,[],0,0,[],[]
22386800,22387740,NA,OLN,0.0,754,CIC,NA,NA,NA,NA,0.0,0,-31.13,-16.97,[],0,0,[],[]
22387740,22388740,FEM,FAN,6.55,754,CIC,RC,1,NT,FH,0.0,0,-20.4,-12.09,[],0,0,[],[]
22388740,22389780,NA,OLF,0.0,754,CIC,NA,NA,NA,NA,0.0,0,-32.55,-16.62,[],0,0,[],[]
22389780,22390680,NA,SIL,0.0,754,CIC,NA,NA,NA,NA,0.0,0,-48.53,-39.89,[],0,0,[],[]
22390680,22392100,CHI,CHN,0.0,754,CIC,RC,1,TIFI,FI,1.0,1420,-16.56,-8.98,"[{'Canonical-syllable': '2', 'Growl': '0', 'High-freq-energy': '0', 'Long-island': '0', 'Low-tilt-spectrum': '1', 'Medium-island': '1', 'Short-island': '3', 'Squeal': '0', 'Typical-entropy': '1', 'Voicing-quality': '4', 'Wide-band': '0', 'Xlong-island': '0', 'seq': '1', 'end': 22392.1, 'start': 22390.68}]",0,0,[],[]
22392100,22394270,FEM,FAN,6.76,754,CIC,EC,2,TIFR,FI,0.0,0,-37.23,-27.23,[],0,0,[],[]
22394270,22395450,NA,NOF,0.0,755,pause,NA,NA,NA,NA,0.0,0,-39.22,-28.63,[],0,0,[],[]
22395450,22397410,NA,SIL,0.0,755,pause,NA,NA,NA,NA,0.0,0,-45.04,-28.06,[],0,0,[],[]
22397410,22398210,NA,OLF,0.0,755,pause,NA,NA,NA,NA,0.0,0,-37.95,-31.21,[],0,0,[],[]
22398210,22399020,NA,SIL,0.0,755,pause,NA,NA,NA,NA,0.0,0,-51.24,-42.89,[],0,0,[],[]
22399020,22400320,NA,NOF,0.0,755,pause,NA,NA,NA,NA,0.0,0,-39.96,-26.39,[],0,0,[],[]
22400320,22401490,CHI,CHN,0.0,755,CIC,BC,0,TIFI,FI,1.0,1170,-16.9,-11.81,"[{'Canonical-syllable': '0', 'Growl': '0', 'High-freq-energy': '1', 'Long-island': '1', 'Low-tilt-spectrum': '0', 'Medium-island': '1', 'Short-island': '0', 'Squeal': '0', 'Typical-entropy': '0', 'Voicing-quality': '2', 'Wide-band': '0', 'Xlong-island': '0', 'seq': '1', 'end': 22401.49, 'start': 22400.32}]",0,0,[],[]
22401490,22403490,FEM,FAN,4.89,755,CIC,RC,1,TIFR,FI,0.0,0,-27.55,-14.97,[],0,0,[],[]
22403490,22404410,NA,SIL,0.0,755,CIC,NA,NA,NA,NA,0.0,0,-53.1,-43.25,[],0,0,[],[]
22404410,22405130,CHI,CHN,0.0,755,CIC,RC,1,TIFI,FI,1.0,720,-20.4,-12.62,"[{'Canonical-syllable': '0', 'Growl': '1', 'High-freq-energy': '0', 'Long-island': '0', 'Low-tilt-spectrum': '1', 'Medium-island': '1', 'Short-island': '0', 'Squeal': '0', 'Typical-entropy': '1', 'Voicing-quality': '2', 'Wide-band': '0', 'Xlong-island': '0', 'seq': '1', 'end': 22405.13, 'start': 22404.41}]",0,0,[],[]
22405130,22406780,FEM,FAN,2.57,755,CIC,RC,2,TIFR,FI,0.0,0,-31.17,-16.82,[],0,0,[],[]
22406780,22407950,CHI,CHN,0.0,755,CIC,RC,2,TIFI,FI,1.0,1170,-19.01,-14.96,"[{'Canonical-syllable': '0', 'Growl': '0', 'High-freq-energy': '0', 'Long-island': '0', 'Low-tilt-spectrum': '0', 'Medium-island': '0', 'Short-island': '0', 'Squeal': '0', 'Typical-entropy': '0', 'Voicing-quality': '1', 'Wide-band': '0', 'Xlong-island': '1', 'seq': '1', 'end': 22407.95, 'start': 22406.78}]",0,0,[],[]
22407950,22409790,FEM,FAN,7.73,755,CIC,RC,3,TIFR,FI,0.0,0,-31.06,-16.03,[],0,0,[],[]
22409790,22412080,NA,SIL,0.0,755,CIC,NA,NA,NA,NA,0.0,0,-47.39,-26.54,[],0,0,[],[]
22412080,22412680,FEM,FAN,5.44,755,CIC,RC,3,NT,FH,0.0,0,-30.02,-24.04,[],0,0,[],[]
22412680,22413510,NA,SIL,0.0,755,CIC,NA,NA,NA,NA,0.0,0,-56.4,-48.06,[],0,0,[],[]
22413510,22414520,CHI,CHN,0.0,755,CIC,RC,3,TIFE,FI,1.0,1010,-22.76,-10.96,"[{'Canonical-syllable': '0', 'Growl': '1', 'High-freq-energy': '0', 'Long-island': '0', 'Low-tilt-spectrum': '0', 'Medium-island': '0', 'Short-island': '3', 'Squeal': '1', 'Typical-entropy': '2', 'Voicing-quality': '3', 'Wide-band': '0', 'Xlong-island': '0', 'seq': '1', 'end': 22414.52, 'start': 22413.6}]",0,0,[],[]
22414520,22415440,NA,SIL,0.0,755,CIC,NA,NA,NA,NA,0.0,0,-50.63,-36.55,[],0,0,[],[]
22415440,22416910,CHI,CHN,0.0,755,CIC,RC,3,TIFI,FH,1.0,1470,-15.62,-9.41,"[{'Canonical-syllable': '0', 'Growl': '0', 'High-freq-energy': '0', 'Long-island': '0', 'Low-tilt-spectrum': '0', 'Medium-island': '1', 'Short-island': '3', 'Squeal': '0', 'Typical-entropy': '2', 'Voicing-quality': '4', 'Wide-band': '0', 'Xlong-island': '0', 'seq': '1', 'end': 22416.91, 'start': 22415.53}]",0,0,[],[]
22416910,22418230,FEM,FAN,3.31,755,CIC,RC,4,TIFR,FI,0.0,0,-27.53,-13.07,[],0,0,[],[]
22418230,22419110,CHI,CHN,0.0,755,CIC,RC,4,TIFI,FI,1.0,880,-18.42,-11.88,"[{'Canonical-syllable': '0', 'Growl': '0', 'High-freq-energy': '0', 'Long-island': '0', 'Low-tilt-spectrum': '0', 'Medium-island': '1', 'Short-island': '0', 'Squeal': '0', 'Typical-entropy': '1', 'Voicing-quality': '1', 'Wide-band': '0', 'Xlong-island': '0', 'seq': '1', 'end': 22419.11, 'start': 22418.53}]",0,0,[],[]
22419110,22419910,NA,OLN,0.0,755,CIC,NA,NA,NA,NA,0.0,0,-26.1,-13.31,[],0,0,[],[]
22419910,22424300,FEM,FAN,15.67,755,CIC,RC,5,TIFR,FI,0.0,0,-32.2,-21.09,[],0,0,[],[]
22424300,22425390,NA,SIL,0.0,755,CIC,NA,NA,NA,NA,0.0,0,-56.1,-42.76,[],0,0,[],[]
22425390,22426680,CHI,CHN,0.0,755,CIC,RC,5,TIFI,FI,2.0,970,-21.31,-15.28,"[{'Canonical-syllable': '0', 'Growl': '0', 'High-freq-energy': '0', 'Long-island': '0', 'Low-tilt-spectrum': '0', 'Medium-island': '0', 'Short-island': '1', 'Squeal': '0', 'Typical-entropy': '1', 'Voicing-quality': '1', 'Wide-band': '0', 'Xlong-island': '0', 'seq': '1', 'end': 22425.66, 'start': 22425.39}, {'Canonical-syllable': '1', 'Growl': '0', 'High-freq-energy': '0', 'Long-island': '0', 'Low-tilt-spectrum': '0', 'Medium-island': '1', 'Short-island': '1', 'Squeal': '0', 'Typical-entropy': '1', 'Voicing-quality': '2', 'Wide-band': '0', 'Xlong-island': '0', 'seq': '2', 'end': 22426.68, 'start': 22425.98}]",0,0,[],[]
22426680,22427710,FEM,FAN,1.59,755,CIC,RC,6,TIFR,FI,0.0,0,-27.58,-18.45,[],0,0,[],[]
22427710,22428510,NA,SIL,0.0,755,CIC,NA,NA,NA,NA,0.0,0,-53.84,-41.68,[],0,0,[],[]
22428510,22430290,FEM,FAN,7.15,755,CIC,RC,6,NT,FH,0.0,0,-31.11,-23.15,[],0,0,[],[]
22430290,22432350,NA,SIL,0.0,755,CIC,NA,NA,NA,NA,0.0,0,-53.3,-44.37,[],0,0,[],[]
22432350,22433430,FEM,FAN,0.0,755,CIC,NA,NA,NA,NA,0.0,0,-41.21,-37.59,[],1080,0,[],[]
22433430,22434980,NA,SIL,0.0,755,CIC,NA,NA,NA,NA,0.0,0,-51.16,-46.91,[],0,0,[],[]
22434980,22437100,FEM,FAN,7.71,755,CIC,RC,6,NT,FH,0.0,0,-40.28,-31.74,[],0,0,[],[]
22437100,22437900,NA,SIL,0.0,755,CIC,NA,NA,NA,NA,0.0,0,-49.91,-40.46,[],0,0,[],[]
22437900,22438800,NA,NOF,0.0,755,CIC,NA,NA,NA,NA,0.0,0,-36.54,-23.97,[],0,0,[],[]
22438800,22439790,CHI,CHN,0.0,755,CIC,RC,6,TIFE,FI,1.0,890,-16.66,-10.4,"[{'Canonical-syllable': '0', 'Growl': '0', 'High-freq-energy': '0', 'Long-island': '1', 'Low-tilt-spectrum': '0', 'Medium-island': '0', 'Short-island': '0', 'Squeal': '0', 'Typical-entropy': '0', 'Voicing-quality': '1', 'Wide-band': '0', 'Xlong-island': '0', 'seq': '1', 'end': 22439.69, 'start': 22438.93}]",0,0,[],[]
22439790,22441230,NA,NOF,0.0,755,CIC,NA,NA,NA,NA,0.0,0,-48.96,-41.8,[],0,0,[],[]
22441230,22442180,CHI,CHN,0.0,755,CIC,RC,6,TIFI,FH,1.0,950,-17.33,-10.57,"[{'Canonical-syllable': '1', 'Growl': '0', 'High-freq-energy': '0', 'Long-island': '0', 'Low-tilt-spectrum': '0', 'Medium-island': '1', 'Short-island': '1', 'Squeal': '0', 'Typical-entropy': '0', 'Voicing-quality': '2', 'Wide-band': '0', 'Xlong-island': '0', 'seq': '1', 'end': 22442.18, 'start': 22441.23}]",0,0,[],[]
22442180,22443600,FEM,FAN,5.04,755,CIC,RC,7,TIFR,FI,0.0,0,-29.36,-18.35,[],0,0,[],[]
22443600,22444400,NA,OLN,0.0,755,CIC,NA,NA,NA,NA,0.0,0,-36.17,-27.66,[],0,0,[],[]
22444400,22445250,NA,NOF,0.0,755,CIC,NA,NA,NA,NA,0.0,0,-45.9,-38.12,[],0,0,[],[]
22445250,22445850,CHI,CHN,0.0,755,CIC,EC,7,TIFE,FI,1.0,100,-39.41,-27.27,"[{'Canonical-syllable': '0', 'Growl': '0', 'High-freq-energy': '0', 'Long-island': '0', 'Low-tilt-spectrum': '0', 'Medium-island': '0', 'Short-island': '0', 'Squeal': '0', 'Typical-entropy': '0', 'Voicing-quality': '0', 'Wide-band': '0', 'Xlong-island': '0', 'seq': '1', 'end': 22445.85, 'start': 22445.75}]",0,0,[],[]
22445850,22449650,NA,SIL,0.0,756,pause,NA,NA,NA,NA,0.0,0,-52.47,-41.56,[],0,0,[],[]
22449650,22450450,NA,OLF,0.0,756,pause,NA,NA,NA,NA,0.0,0,-35.46,-23.48,[],0,0,[],[]
22450450,22451630,FEM,FAN,0.0,756,pause,NA,NA,NA,NA,0.0,0,-40.72,-31.47,[],1180,0,[],[]
22451630,22452440,NA,SIL,0.0,756,pause,NA,NA,NA,NA,0.0,0,-52.16,-44.43,[],0,0,[],[]
22452440,22453040,NA,OLN,0.0,756,pause,NA,NA,NA,NA,0.0,0,-35.31,-32.49,[],0,0,[],[]
22453040,22454040,NA,NOF,0.0,756,pause,NA,NA,NA,NA,0.0,0,-43.87,-29.52,[],0,0,[],[]
22454040,22456010,NA,SIL,0.0,756,pause,NA,NA,NA,NA,0.0,0,-56.07,-38.4,[],0,0,[],[]
22456010,22457430,NA,NOF,0.0,756,pause,NA,NA,NA,NA,0.0,0,-43.72,-31.37,[],0,0,[],[]
22457430,22461970,NA,SIL,0.0,756,pause,NA,NA,NA,NA,0.0,0,-51.41,-32.34,[],0,0,[],[]
22461970,22463580,CHI,CHN,0.0,756,CIC,BC,0,TIFI,FI,1.0,1160,-18.89,-11.7,"[{'Canonical-syllable': '0', 'Growl': '0', 'High-freq-energy': '0', 'Long-island': '1', 'Low-tilt-spectrum': '0', 'Medium-island': '0', 'Short-island': '1', 'Squeal': '0', 'Typical-entropy': '1', 'Voicing-quality': '1', 'Wide-band': '0', 'Xlong-island': '0', 'seq': '1', 'end': 22463.13, 'start': 22461.97}]",0,0,[],[]
22463580,22464580,FEM,FAN,4.22,756,CIC,RC,1,TIFR,FI,0.0,0,-40.58,-33.52,[],0,0,[],[]
22464580,22465380,NA,SIL,0.0,756,CIC,NA,NA,NA,NA,0.0,0,-51.4,-35.85,[],0,0,[],[]
22465380,22466420,CHI,CHN,0.0,756,CIC,RC,1,TIFI,FI,1.0,810,-19.0,-10.97,"[{'Canonical-syllable': '0', 'Growl': '0', 'High-freq-energy': '0', 'Long-island': '0', 'Low-tilt-spectrum': '1', 'Medium-island': '2', 'Short-island': '0', 'Squeal': '0', 'Typical-entropy': '1', 'Voicing-quality': '2', 'Wide-band': '0', 'Xlong-island': '0', 'seq': '1', 'end': 22466.19, 'start': 22465.38}]",0,0,[],[]
22466420,22467430,FEM,FAN,0.0,756,CIC,NA,NA,NA,NA,0.0,0,-38.61,-31.81,[],1010,0,[],[]
22467430,22468440,NA,NOF,0.0,756,CIC,NA,NA,NA,NA,0.0,0,-36.19,-26.67,[],0,0,[],[]
22468440,22469040,FEM,FAN,1.38,756,CIC,RC,2,TIFR,FI,0.0,0,-33.46,-26.74,[],0,0,[],[]
22469040,22469930,NA,NON,0.0,756,CIC,NA,NA,NA,NA,0.0,0,-24.68,-9.89,[],0,0,[],[]
22469930,22470730,NA,OLN,0.0,756,CIC,NA,NA,NA,NA,0.0,0,-22.23,-4.71,[],0,0,[],[]
22470730,22471530,NA,NOF,0.0,756,CIC,NA,NA,NA,NA,0.0,0,-31.28,-19.7,[],0,0,[],[]
22471530,22472330,NA,SIL,0.0,756,CIC,NA,NA,NA,NA,0.0,0,-48.29,-32.23,[],0,0,[],[]
22472330,22473840,FEM,FAN,5.07,756,CIC,RC,2,NT,FH,0.0,0,-34.97,-26.38,[],0,0,[],[]
22473840,22474940,NA,NOF,0.0,756,CIC,NA,NA,NA,NA,0.0,0,-34.77,-25.5,[],0,0,[],[]
22474940,22476680,CHI,CHN,0.0,756,CIC,RC,2,TIFI,FI,1.0,1740,-27.67,-22.06,"[{'Canonical-syllable': '0', 'Growl': '0', 'High-freq-energy': '0', 'Long-island': '0', 'Low-tilt-spectrum': '0', 'Medium-island': '0', 'Short-island': '0', 'Squeal': '0', 'Typical-entropy': '1', 'Voicing-quality': '1', 'Wide-band': '0', 'Xlong-island': '1', 'seq': '1', 'end': 22476.68, 'start': 22474.94}]",0,0,[],[]
22476680,22477490,NA,OLN,0.0,756,CIC,NA,NA,NA,NA,0.0,0,-35.81,-26.42,[],0,0,[],[]
22477490,22478760,FEM,FAN,3.52,756,CIC,RC,3,TIFR,FI,0.0,0,-33.88,-27.26,[],0,0,[],[]
22478760,22479890,FEM,FAN,1.39,756,CIC,RC,3,NT,FH,0.0,0,-39.3,-31.84,[],0,0,[],[]
22479890,22481730,NA,SIL,0.0,756,CIC,NA,NA,NA,NA,0.0,0,-48.98,-29.14,[],0,0,[],[]
22481730,22482790,CHI,CHN,0.0,756,CIC,RC,3,TIFE,FI,1.0,970,-25.34,-19.95,"[{'Canonical-syllable': '0', 'Growl': '0', 'High-freq-energy': '0', 'Long-island': '0', 'Low-tilt-spectrum': '1', 'Medium-island': '0', 'Short-island': '0', 'Squeal': '0', 'Typical-entropy': '1', 'Voicing-quality': '1', 'Wide-band': '0', 'Xlong-island': '1', 'seq': '1', 'end': 22482.7, 'start': 22481.73}]",0,0,[],[]
22482790,22483630,NA,NOF,0.0,756,CIC,NA,NA,NA,NA,0.0,0,-47.14,-35.44,[],0,0,[],[]
22483630,22484750,NA,SIL,0.0,756,CIC,NA,NA,NA,NA,0.0,0,-49.19,-39.93,[],0,0,[],[]
22484750,22485990,CHI,CHN,0.0,756,CIC,RC,3,TIFI,FH,1.0,920,-17.34,-10.94,"[{'Canonical-syllable': '0', 'Growl': '0', 'High-freq-energy': '0', 'Long-island': '1', 'Low-tilt-spectrum': '0', 'Medium-island': '0', 'Short-island': '0', 'Squeal': '0', 'Typical-entropy': '0', 'Voicing-quality': '1', 'Wide-band': '0', 'Xlong-island': '0', 'seq': '1', 'end': 22485.67, 'start': 22484.75}]",0,0,[],[]
22485990,22487020,FEM,FAN,2.66,756,CIC,RC,4,TIFR,FI,0.0,0,-34.87,-29.53,[],0,0,[],[]
22487020,22487860,NA,NOF,0.0,756,CIC,NA,NA,NA,NA,0.0,0,-42.13,-32.28,[],0,0,[],[]
22487860,22488920,FEM,FAN,5.53,756,CIC,RC,4,NT,FH,0.0,0,-29.4,-17.88,[],0,0,[],[]
22488920,22490440,NA,OLF,0.0,756,CIC,NA,NA,NA,NA,0.0,0,-38.15,-32.42,[],0,0,[],[]
22490440,22492010,FEM,FAN,3.89,756,CIC,RC,4,NT,FH,0.0,0,-39.7,-32.04,[],0,0,[],[]
22492010,22493720,CHI,CHN,0.0,756,CIC,RC,4,TIFI,FI,2.0,1070,-27.88,-19.05,"[{'Canonical-syllable': '0', 'Growl': '2', 'High-freq-energy': '0', 'Long-island': '0', 'Low-tilt-spectrum': '1', 'Medium-island': '1', 'Short-island': '1', 'Squeal': '0', 'Typical-entropy': '1', 'Voicing-quality': '3', 'Wide-band': '0', 'Xlong-island': '0', 'seq': '1', 'end': 22492.95, 'start': 22492.13}, {'Canonical-syllable': '0', 'Growl': '1', 'High-freq-energy': '0', 'Long-island': '0', 'Low-tilt-spectrum': '0', 'Medium-island': '0', 'Short-island': '1', 'Squeal': '0', 'Typical-entropy': '0', 'Voicing-quality': '1', 'Wide-band': '0', 'Xlong-island': '0', 'seq': '2', 'end': 22493.46, 'start': 22493.33}]",0,0,[],[]
22493720,22495210,NA,OLN,0.0,756,CIC,NA,NA,NA,NA,0.0,0,-31.77,-24.48,[],0,0,[],[]
22495210,22496190,NA,NOF,0.0,756,CIC,NA,NA,NA,NA,0.0,0,-37.62,-24.48,[],0,0,[],[]
22496190,22500170,FEM,FAN,12.12,756,CIC,RC,5,TIFR,FI,0.0,0,-38.16,-27.96,[],0,0,[],[]
22500170,22501240,NA,NOF,0.0,756,CIC,NA,NA,NA,NA,0.0,0,-43.51,-34.6,[],0,0,[],[]
22501240,22503110,CHI,CHN,0.0,756,CIC,RC,5,TIFI,FI,2.0,1270,-23.41,-13.3,"[{'Canonical-syllable': '1', 'Growl': '0', 'High-freq-energy': '0', 'Long-island': '0', 'Low-tilt-spectrum': '0', 'Medium-island': '0', 'Short-island': '1', 'Squeal': '0', 'Typical-entropy': '0', 'Voicing-quality': '1', 'Wide-band': '0', 'Xlong-island': '0', 'seq': '1', 'end': 22501.5, 'start': 22501.24}, {'Canonical-syllable': '1', 'Growl': '1', 'High-freq-energy': '0', 'Long-island': '0', 'Low-tilt-spectrum': '1', 'Medium-island': '2', 'Short-island': '0', 'Squeal': '0', 'Typical-entropy': '2', 'Voicing-quality': '2', 'Wide-band': '0', 'Xlong-island': '0', 'seq': '2', 'end': 22503.11, 'start': 22502.1}]",0,0,[],[]
22503110,22503980,NA,NON,0.0,756,CIC,NA,NA,NA,NA,0.0,0,-31.38,-20.13,[],0,0,[],[]
22503980,22506710,FEM,FAN,9.99,756,CIC,RC,6,TIFR,FI,0.0,0,-35.25,-25.59,[],0,0,[],[]
22506710,22508440,NA,SIL,0.0,756,CIC,NA,NA,NA,NA,0.0,0,-54.13,-41.51,[],0,0,[],[]
22508440,22510390,FEM,FAN,5.58,756,CIC,RC,6,NT,FH,0.0,0,-37.24,-31.11,[],0,0,[],[]
22510390,22511190,NA,SIL,0.0,756,CIC,NA,NA,NA,NA,0.0,0,-55.49,-42.31,[],0,0,[],[]
22511190,22512190,NA,FAF,0.0,756,CIC,NA,NA,NA,NA,0.0,0,-46.78,-37.85,[],0,0,[],[]
22512190,22513020,NA,SIL,0.0,756,CIC,NA,NA,NA,NA,0.0,0,-52.1,-39.78,[],0,0,[],[]
22513020,22514290,NA,NOF,0.0,756,CIC,NA,NA,NA,NA,0.0,0,-41.83,-23.22,[],0,0,[],[]
22514290,22516570,CHI,CHN,0.0,756,CIC,RC,6,TIFE,FI,2.0,1810,-27.2,-19.79,"[{'Canonical-syllable': '0', 'Growl': '0', 'High-freq-energy': '0', 'Long-island': '0', 'Low-tilt-spectrum': '0', 'Medium-island': '1', 'Short-island': '0', 'Squeal': '0', 'Typical-entropy': '0', 'Voicing-quality': '1', 'Wide-band': '0', 'Xlong-island': '0', 'seq': '1', 'end': 22514.81, 'start': 22514.29}, {'Canonical-syllable': '0', 'Growl': '0', 'High-freq-energy': '0', 'Long-island': '1', 'Low-tilt-spectrum': '1', 'Medium-island': '1', 'Short-island': '0', 'Squeal': '0', 'Typical-entropy': '1', 'Voicing-quality': '2', 'Wide-band': '0', 'Xlong-island': '0', 'seq': '2', 'end': 22516.57, 'start': 22515.28}]",0,0,[],[]
22516570,22517370,NA,SIL,0.0,756,CIC,NA,NA,NA,NA,0.0,0,-51.65,-40.48,[],0,0,[],[]
22517370,22518370,FEM,FAN,0.0,756,CIC,NA,NA,NA,NA,0.0,0,-35.58,-27.22,[],1000,0,[],[]
22518370,22519270,NA,NOF,0.0,756,CIC,NA,NA,NA,NA,0.0,0,-40.68,-29.14,[],0,0,[],[]
22519270,22520490,NA,OLF,0.0,756,CIC,NA,NA,NA,NA,0.0,0,-35.79,-29.67,[],0,0,[],[]
22520490,22521290,NA,NOF,0.0,756,CIC,NA,NA,NA,NA,0.0,0,-34.32,-21.43,[],0,0,[],[]
22521290,22522460,OCH,CXN,0.0,756,CIC,RC,6,NT,FI,0.0,0,-28.55,-20.38,[],0,0,[],[]
22522460,22523260,NA,NOF,0.0,756,CIC,NA,NA,NA,NA,0.0,0,-37.73,-25.43,[],0,0,[],[]
22523260,22524010,CHI,CHN,0.0,756,CIC,RC,6,TIFI,FI,1.0,750,-17.47,-11.3,"[{'Canonical-syllable': '1', 'Growl': '1', 'High-freq-energy': '0', 'Long-island': '0', 'Low-tilt-spectrum': '0', 'Medium-island': '1', 'Short-island': '1', 'Squeal': '0', 'Typical-entropy': '0', 'Voicing-quality': '2', 'Wide-band': '0', 'Xlong-island': '0', 'seq': '1', 'end': 22524.01, 'start': 22523.26}]",0,0,[],[]
22524010,22525010,FEM,FAN,0.0,756,CIC,NA,NA,NA,NA,0.0,0,-27.69,-17.6,[],1000,0,[],[]
22525010,22525610,FEM,FAN,2.59,756,CIC,RC,7,TIFR,FI,0.0,0,-26.84,-12.42,[],0,0,[],[]
22525610,22526610,FEM,FAN,2.82,756,CIC,RC,7,NT,FH,0.0,0,-37.05,-30.28,[],0,0,[],[]
22526610,22527440,NA,SIL,0.0,756,CIC,NA,NA,NA,NA,0.0,0,-52.25,-39.24,[],0,0,[],[]
22527440,22528560,CHI,CHN,0.0,756,CIC,RC,7,TIMI,FI,1.0,1120,-18.31,-9.84,"[{'Canonical-syllable': '1', 'Growl': '0', 'High-freq-energy': '0', 'Long-island': '0', 'Low-tilt-spectrum': '1', 'Medium-island': '1', 'Short-island': '1', 'Squeal': '0', 'Typical-entropy': '2', 'Voicing-quality': '2', 'Wide-band': '0', 'Xlong-island': '0', 'seq': '1', 'end': 22528.56, 'start': 22527.67}]",0,0,[],[]
22528560,22529570,FEM,FAN,0.0,756,CIC,NA,NA,NA,NA,0.0,0,-37.54,-30.45,[],1010,0,[],[]
22529570,22530930,MAL,MAN,5.95,756,CIC,RC,8,TIMR,FI,0.0,0,-36.33,-29.64,[],0,0,[],[]
22530930,22532610,NA,SIL,0.0,756,CIC,NA,NA,NA,NA,0.0,0,-48.86,-35.1,[],0,0,[],[]
22532610,22534370,FEM,FAN,7.94,756,CIC,RC,8,NT,FI,0.0,0,-27.18,-19.11,[],0,0,[],[]
22534370,22535170,NA,SIL,0.0,756,CIC,NA,NA,NA,NA,0.0,0,-39.86,-29.26,[],0,0,[],[]
22535170,22536270,CHI,CHN,0.0,756,CIC,RC,8,TIFE,FI,1.0,1100,-21.92,-14.03,"[{'Canonical-syllable': '0', 'Growl': '1', 'High-freq-energy': '0', 'Long-island': '0', 'Low-tilt-spectrum': '0', 'Medium-island': '2', 'Short-island': '0', 'Squeal': '0', 'Typical-entropy': '0', 'Voicing-quality': '2', 'Wide-band': '0', 'Xlong-island': '0', 'seq': '1', 'end': 22536.27, 'start': 22535.3}]",0,0,[],[]
22536270,22537380,NA,OLF,0.0,756,CIC,NA,NA,NA,NA,0.0,0,-31.07,-19.84,[],0,0,[],[]
22537380,22537980,CHI,CHN,0.0,756,CIC,RC,8,NT,FH,1.0,600,-18.4,-15.54,"[{'Canonical-syllable': '0', 'Growl': '0', 'High-freq-energy': '0', 'Long-island': '0', 'Low-tilt-spectrum': '0', 'Medium-island': '1', 'Short-island': '0', 'Squeal': '0', 'Typical-entropy': '0', 'Voicing-quality': '1', 'Wide-band': '0', 'Xlong-island': '0', 'seq': '1', 'end': 22537.98, 'start': 22537.49}]",0,0,[],[]
22537980,22538780,NA,OLN,0.0,756,CIC,NA,NA,NA,NA,0.0,0,-28.56,-17.19,[],0,0,[],[]
22538780,22540100,CHI,CHN,0.0,756,CIC,RC,8,NT,FH,1.0,1320,-17.76,-12.05,"[{'Canonical-syllable': '2', 'Growl': '0', 'High-freq-energy': '0', 'Long-island': '0', 'Low-tilt-spectrum': '0', 'Medium-island': '2', 'Short-island': '1', 'Squeal': '0', 'Typical-entropy': '2', 'Voicing-quality': '3', 'Wide-band': '0', 'Xlong-island': '0', 'seq': '1', 'end': 22540.1, 'start': 22538.78}]",0,0,[],[]
22540100,22540930,NA,OLN,0.0,756,CIC,NA,NA,NA,NA,0.0,0,-32.31,-25.09,[],0,0,[],[]
22540930,22543250,NA,NOF,0.0,756,CIC,NA,NA,NA,NA,0.0,0,-39.0,-29.73,[],0,0,[],[]
22543250,22543850,CHI,CHN,0.0,756,CIC,RC,8,TIFI,FH,1.0,600,-16.27,-11.12,"[{'Canonical-syllable': '0', 'Growl': '0', 'High-freq-energy': '0', 'Long-island': '0', 'Low-tilt-spectrum': '0', 'Medium-island': '1', 'Short-island': '0', 'Squeal': '0', 'Typical-entropy': '1', 'Voicing-quality': '1', 'Wide-band': '0', 'Xlong-island': '0', 'seq': '1', 'end': 22543.85, 'start': 22543.25}]",0,0,[],[]
22543850,22547360,FEM,FAN,10.29,756,CIC,RC,9,TIFR,FI,0.0,0,-31.45,-18.92,[],0,0,[],[]
22547360,22548200,NA,SIL,0.0,756,CIC,NA,NA,NA,NA,0.0,0,-55.57,-41.5,[],0,0,[],[]
22548200,22548800,CHI,CHN,0.0,756,CIC,RC,9,TIFE,FI,1.0,220,-29.85,-22.19,"[{'Canonical-syllable': '0', 'Growl': '0', 'High-freq-energy': '0', 'Long-island': '0', 'Low-tilt-spectrum': '0', 'Medium-island': '0', 'Short-island': '1', 'Squeal': '0', 'Typical-entropy': '1', 'Voicing-quality': '1', 'Wide-band': '0', 'Xlong-island': '0', 'seq': '1', 'end': 22548.42, 'start': 22548.2}]",0,0,[],[]
22548800,22549950,NA,FAF,0.0,756,CIC,NA,NA,NA,NA,0.0,0,-32.92,-13.96,[],0,0,[],[]
22549950,22551130,CHI,CHN,0.0,756,CIC,RC,9,TIFI,FH,1.0,1180,-19.1,-12.85,"[{'Canonical-syllable': '0', 'Growl': '0', 'High-freq-energy': '0', 'Long-island': '0', 'Low-tilt-spectrum': '1', 'Medium-island': '1', 'Short-island': '1', 'Squeal': '0', 'Typical-entropy': '2', 'Voicing-quality': '2', 'Wide-band': '1', 'Xlong-island': '0', 'seq': '1', 'end': 22551.13, 'start': 22550.04}]",0,0,[],[]
22551130,22552010,NA,NOF,0.0,756,CIC,NA,NA,NA,NA,0.0,0,-38.34,-23.97,[],0,0,[],[]
22552010,22554330,FEM,FAN,6.52,756,CIC,RC,10,TIFR,FI,0.0,0,-33.02,-23.32,[],0,0,[],[]
22554330,22555350,NA,NOF,0.0,756,CIC,NA,NA,NA,NA,0.0,0,-42.53,-30.67,[],0,0,[],[]
22555350,22556780,MAL,MAN,8.14,756,CIC,RC,10,NT,FI,0.0,0,-33.83,-26.28,[],0,0,[],[]
22556780,22557690,NA,NOF,0.0,756,CIC,NA,NA,NA,NA,0.0,0,-45.28,-35.93,[],0,0,[],[]
22557690,22559440,CHI,CHN,0.0,756,CIC,RC,10,TIME,FI,2.0,1300,-16.24,-8.0,"[{'Canonical-syllable': '1', 'Growl': '0', 'High-freq-energy': '1', 'Long-island': '0', 'Low-tilt-spectrum': '2', 'Medium-island': '1', 'Short-island': '1', 'Squeal': '0', 'Typical-entropy': '3', 'Voicing-quality': '3', 'Wide-band': '0', 'Xlong-island': '0', 'seq': '1', 'end': 22558.61, 'start': 22557.69}, {'Canonical-syllable': '0', 'Growl': '0', 'High-freq-energy': '0', 'Long-island': '0', 'Low-tilt-spectrum': '1', 'Medium-island': '1', 'Short-island': '0', 'Squeal': '0', 'Typical-entropy': '1', 'Voicing-quality': '1', 'Wide-band': '0', 'Xlong-island': '0', 'seq': '2', 'end': 22559.44, 'start': 22559.06}]",0,0,[],[]
22559440,22560390,NA,OLN,0.0,756,CIC,NA,NA,NA,NA,0.0,0,-27.08,-14.92,[],0,0,[],[]
22560390,22561000,CHI,CHN,0.0,756,CIC,RC,10,NT,FH,1.0,610,-13.94,-3.68,"[{'Canonical-syllable': '0', 'Growl': '0', 'High-freq-energy': '0', 'Long-island': '0', 'Low-tilt-spectrum': '1', 'Medium-island': '1', 'Short-island': '0', 'Squeal': '0', 'Typical-entropy': '1', 'Voicing-quality': '1', 'Wide-band': '0', 'Xlong-island': '0', 'seq': '1', 'end': 22561.0, 'start': 22560.57}]",0,0,[],[]
22561000,22562000,CHI,CHN,0.0,756,CIC,RC,10,TIFI,FH,1.0,410,-20.94,-10.92,"[{'Canonical-syllable': '1', 'Growl': '0', 'High-freq-energy': '0', 'Long-island': '0', 'Low-tilt-spectrum': '1', 'Medium-island': '0', 'Short-island': '2', 'Squeal': '0', 'Typical-entropy': '2', 'Voicing-quality': '2', 'Wide-band': '0', 'Xlong-island': '0', 'seq': '1', 'end': 22562.0, 'start': 22561.59}]",0,0,[],[]
22562000,22562740,CHI,CHN,0.0,756,CIC,NA,NA,NA,NA,0.0,0,-16.59,-8.04,[],0,390,"[{'start': 22562.0, 'end': 22562.39}]",[]
22562740,22564100,FEM,FAN,5.96,756,CIC,RC,11,TIFR,FI,0.0,0,-33.9,-26.63,[],0,0,[],[]
22564100,22565060,CHI,CHN,0.0,756,CIC,RC,11,TIFE,FI,1.0,670,-23.4,-15.32,"[{'Canonical-syllable': '0', 'Growl': '0', 'High-freq-energy': '0', 'Long-island': '0', 'Low-tilt-spectrum': '0', 'Medium-island': '1', 'Short-island': '0', 'Squeal': '0', 'Typical-entropy': '1', 'Voicing-quality': '1', 'Wide-band': '0', 'Xlong-island': '0', 'seq': '1', 'end': 22564.77, 'start': 22564.2}]",0,0,[],[]
22565060,22565980,NA,SIL,0.0,756,CIC,NA,NA,NA,NA,0.0,0,-47.9,-41.16,[],0,0,[],[]
22565980,22568420,CHI,CHN,0.0,756,CIC,RC,11,NT,FH,2.0,1860,-19.93,-11.49,"[{'Canonical-syllable': '0', 'Growl': '0', 'High-freq-energy': '0', 'Long-island': '0', 'Low-tilt-spectrum': '3', 'Medium-island': '2', 'Short-island': '1', 'Squeal': '0', 'Typical-entropy': '3', 'Voicing-quality': '3', 'Wide-band': '1', 'Xlong-island': '0', 'seq': '1', 'end': 22567.13, 'start': 22565.98}, {'Canonical-syllable': '0', 'Growl': '0', 'High-freq-energy': '0', 'Long-island': '0', 'Low-tilt-spectrum': '2', 'Medium-island': '1', 'Short-island': '1', 'Squeal': '0', 'Typical-entropy': '1', 'Voicing-quality': '2', 'Wide-band': '1', 'Xlong-island': '0', 'seq': '2', 'end': 22568.42, 'start': 22567.71}]",0,0,[],[]
22568420,22569420,CHI,CHN,0.0,756,CIC,RC,11,NT,FH,1.0,640,-21.59,-13.19,"[{'Canonical-syllable': '0', 'Growl': '0', 'High-freq-energy': '0', 'Long-island': '0', 'Low-tilt-spectrum': '1', 'Medium-island': '1', 'Short-island': '0', 'Squeal': '0', 'Typical-entropy': '1', 'Voicing-quality': '1', 'Wide-band': '0', 'Xlong-island': '0', 'seq': '1', 'end': 22569.06, 'start': 22568.56}]",0,0,[],[]
22569420,22570300,NA,NOF,0.0,756,CIC,NA,NA,NA,NA,0.0,0,-27.94,-13.36,[],0,0,[],[]
22570300,22571610,NA,OLN,0.0,756,CIC,NA,NA,NA,NA,0.0,0,-22.63,-9.57,[],0,0,[],[]
22571610,22573440,CHI,CHN,0.0,756,CIC,RC,11,NT,FH,2.0,1280,-19.61,-10.48,"[{'Canonical-syllable': '0', 'Growl': '0', 'High-freq-energy': '0', 'Long-island': '0', 'Low-tilt-spectrum': '1', 'Medium-island': '1', 'Short-island': '1', 'Squeal': '0', 'Typical-entropy': '0', 'Voicing-quality': '2', 'Wide-band': '0', 'Xlong-island': '0', 'seq': '1', 'end': 22572.61, 'start': 22571.86}, {'Canonical-syllable': '1', 'Growl': '0', 'High-freq-energy': '0', 'Long-island': '0', 'Low-tilt-spectrum': '1', 'Medium-island': '1', 'Short-island': '0', 'Squeal': '0', 'Typical-entropy': '1', 'Voicing-quality': '1', 'Wide-band': '0', 'Xlong-island': '0', 'seq': '2', 'end': 22573.2, 'start': 22572.92}]",0,0,[],[]
22573440,22574930,NA,FAF,0.0,756,CIC,NA,NA,NA,NA,0.0,0,-40.74,-27.37,[],0,0,[],[]
22574930,22575730,NA,SIL,0.0,756,CIC,NA,NA,NA,NA,0.0,0,-32.8,-15.9,[],0,0,[],[]
22575730,22577420,NA,NOF,0.0,756,CIC,NA,NA,NA,NA,0.0,0,-23.04,-7.29,[],0,0,[],[]
22577420,22578420,FEM,FAN,0.0,756,CIC,NA,NA,NA,NA,0.0,0,-33.72,-20.0,[],1000,0,[],[]
22578420,22579050,CHI,CHN,0.0,756,CIC,EC,11,NT,FH,1.0,90,-20.61,-8.92,"[{'Canonical-syllable': '0', 'Growl': '0', 'High-freq-energy': '0', 'Long-island': '0', 'Low-tilt-spectrum': '0', 'Medium-island': '0', 'Short-island': '0', 'Squeal': '0', 'Typical-entropy': '0', 'Voicing-quality': '0', 'Wide-band': '0', 'Xlong-island': '0', 'seq': '1', 'end': 22579.05, 'start': 22578.96}]",0,0,[],[]
22579050,22581160,NA,NOF,0.0,757,pause,NA,NA,NA,NA,0.0,0,-34.18,-22.5,[],0,0,[],[]
22581160,22581960,NA,OLN,0.0,757,pause,NA,NA,NA,NA,0.0,0,-23.19,-19.44,[],0,0,[],[]
22581960,22583560,FEM,FAN,0.0,757,pause,NA,NA,NA,NA,0.0,0,-30.47,-24.11,[],1600,0,[],[]
22583560,22586200,NA,OLN,0.0,757,pause,NA,NA,NA,NA,0.0,0,-26.47,-15.3,[],0,0,[],[]
22586200,22586820,OCH,CXN,0.0,757,XIOCC,BC,0,NT,FI,0.0,0,-19.72,-16.65,[],0,0,[],[]
22586820,22587620,NA,OLF,0.0,757,XIOCC,NA,NA,NA,NA,0.0,0,-35.56,-23.32,[],0,0,[],[]
22587620,22588610,CHI,CHN,0.0,757,XIOCC,EC,0,NT,FI,1.0,990,-32.87,-26.92,"[{'Canonical-syllable': '0', 'Growl': '2', 'High-freq-energy': '0', 'Long-island': '0', 'Low-tilt-spectrum': '0', 'Medium-island': '2', 'Short-island': '0', 'Squeal': '0', 'Typical-entropy': '0', 'Voicing-quality': '2', 'Wide-band': '0', 'Xlong-island': '0', 'seq': '1', 'end': 22588.61, 'start': 22587.62}]",0,0,[],[]
22588610,22595610,NA,SIL,0.0,758,pause,NA,NA,NA,NA,0.0,0,-49.92,-37.28,[],0,0,[],[]
22595610,22597340,NA,OLN,0.0,758,pause,NA,NA,NA,NA,0.0,0,-24.5,-10.2,[],0,0,[],[]
22597340,22598580,CHI,CHN,0.0,758,CM,EC,0,NT,FI,1.0,1240,-13.82,-11.42,"[{'Canonical-syllable': '0', 'Growl': '0', 'High-freq-energy': '0', 'Long-island': '0', 'Low-tilt-spectrum': '0', 'Medium-island': '0', 'Short-island': '0', 'Squeal': '0', 'Typical-entropy': '0', 'Voicing-quality': '1', 'Wide-band': '0', 'Xlong-island': '1', 'seq': '1', 'end': 22598.58, 'start': 22597.34}]",0,0,[],[]
22598580,22599510,NA,OLF,0.0,759,pause,NA,NA,NA,NA,0.0,0,-31.07,-18.38,[],0,0,[],[]
22599510,22600310,NA,SIL,0.0,759,pause,NA,NA,NA,NA,0.0,0,-45.3,-37.12,[],0,0,[],[]
22600310,22602270,NA,NOF,0.0,759,pause,NA,NA,NA,NA,0.0,0,-36.21,-23.73,[],0,0,[],[]
22602270,22605750,NA,OLN,0.0,759,pause,NA,NA,NA,NA,0.0,0,-23.93,-6.22,[],0,0,[],[]
22605750,22606600,NA,OLF,0.0,759,pause,NA,NA,NA,NA,0.0,0,-42.15,-29.87,[],0,0,[],[]
22606600,22607600,FEM,FAN,0.0,759,pause,NA,NA,NA,NA,0.0,0,-36.2,-31.27,[],1000,0,[],[]
22607600,22608630,NA,OLF,0.0,759,pause,NA,NA,NA,NA,0.0,0,-33.99,-25.44,[],0,0,[],[]
22608630,22609490,NA,OLN,0.0,759,pause,NA,NA,NA,NA,0.0,0,-28.74,-16.92,[],0,0,[],[]
22609490,22610290,NA,OLF,0.0,759,pause,NA,NA,NA,NA,0.0,0,-28.3,-16.19,[],0,0,[],[]
22610290,22611090,NA,OLN,0.0,759,pause,NA,NA,NA,NA,0.0,0,-33.31,-22.14,[],0,0,[],[]
22611090,22611990,NA,NOF,0.0,759,pause,NA,NA,NA,NA,0.0,0,-32.02,-22.13,[],0,0,[],[]
22611990,22612790,NA,OLN,0.0,759,pause,NA,NA,NA,NA,0.0,0,-18.93,-7.3,[],0,0,[],[]
22612790,22613600,NA,NOF,0.0,759,pause,NA,NA,NA,NA,0.0,0,-32.76,-24.02,[],0,0,[],[]
22613600,22616000,NA,OLF,0.0,759,pause,NA,NA,NA,NA,0.0,0,-38.46,-30.65,[],0,0,[],[]
22616000,22616800,NA,NOF,0.0,759,pause,NA,NA,NA,NA,0.0,0,-34.33,-25.8,[],0,0,[],[]
22616800,22618320,NA,OLN,0.0,759,pause,NA,NA,NA,NA,0.0,0,-27.19,-16.35,[],0,0,[],[]
22618320,22619120,NA,NOF,0.0,759,pause,NA,NA,NA,NA,0.0,0,-23.04,-6.56,[],0,0,[],[]
22619120,22619920,NA,OLF,0.0,759,pause,NA,NA,NA,NA,0.0,0,-35.19,-26.66,[],0,0,[],[]
22619920,22620720,NA,SIL,0.0,759,pause,NA,NA,NA,NA,0.0,0,-50.84,-42.92,[],0,0,[],[]
22620720,22621730,FEM,FAN,0.0,759,pause,NA,NA,NA,NA,0.0,0,-38.93,-32.01,[],1010,0,[],[]
22621730,22622530,NA,OLN,0.0,759,pause,NA,NA,NA,NA,0.0,0,-33.6,-26.85,[],0,0,[],[]
22622530,22623420,NA,NOF,0.0,759,pause,NA,NA,NA,NA,0.0,0,-37.3,-27.23,[],0,0,[],[]
22623420,22624020,CHI,CHN,0.0,759,CIOCX,BC,0,NT,FI,1.0,600,-14.56,-10.76,"[{'Canonical-syllable': '0', 'Growl': '0', 'High-freq-energy': '0', 'Long-island': '0', 'Low-tilt-spectrum': '0', 'Medium-island': '1', 'Short-island': '0', 'Squeal': '0', 'Typical-entropy': '0', 'Voicing-quality': '1', 'Wide-band': '0', 'Xlong-island': '0', 'seq': '1', 'end': 22624.02, 'start': 22623.42}]",0,0,[],[]
22624020,22625260,CHI,CHN,0.0,759,CIOCX,RC,0,NT,FH,1.0,760,-18.02,-11.51,"[{'Canonical-syllable': '1', 'Growl': '0', 'High-freq-energy': '0', 'Long-island': '0', 'Low-tilt-spectrum': '0', 'Medium-island': '2', 'Short-island': '0', 'Squeal': '0', 'Typical-entropy': '1', 'Voicing-quality': '2', 'Wide-band': '0', 'Xlong-island': '0', 'seq': '1', 'end': 22625.26, 'start': 22624.5}]",0,0,[],[]
22625260,22627020,NA,NOF,0.0,759,CIOCX,NA,NA,NA,NA,0.0,0,-37.61,-25.27,[],0,0,[],[]
22627020,22628100,OCH,CXN,0.0,759,CIOCX,RC,0,NT,FI,0.0,0,-36.92,-28.39,[],0,0,[],[]
22628100,22629040,NA,NOF,0.0,759,CIOCX,NA,NA,NA,NA,0.0,0,-48.99,-41.74,[],0,0,[],[]
22629040,22629870,CHI,CHN,0.0,759,CIOCX,EC,0,NT,FI,1.0,830,-25.66,-17.01,"[{'Canonical-syllable': '1', 'Growl': '1', 'High-freq-energy': '0', 'Long-island': '0', 'Low-tilt-spectrum': '0', 'Medium-island': '1', 'Short-island': '1', 'Squeal': '0', 'Typical-entropy': '1', 'Voicing-quality': '2', 'Wide-band': '0', 'Xlong-island': '0', 'seq': '1', 'end': 22629.87, 'start': 22629.04}]",0,0,[],[]
22629870,22631560,NA,SIL,0.0,760,pause,NA,NA,NA,NA,0.0,0,-41.97,-28.15,[],0,0,[],[]
22631560,22632950,NA,NOF,0.0,760,pause,NA,NA,NA,NA,0.0,0,-39.31,-28.5,[],0,0,[],[]
22632950,22633770,NA,OLN,0.0,760,pause,NA,NA,NA,NA,0.0,0,-20.08,-7.59,[],0,0,[],[]
22633770,22634570,NA,NOF,0.0,760,pause,NA,NA,NA,NA,0.0,0,-38.68,-28.07,[],0,0,[],[]
22634570,22635570,NA,FAF,0.0,760,pause,NA,NA,NA,NA,0.0,0,-36.03,-27.29,[],0,0,[],[]
22635570,22636530,NA,OLN,0.0,760,pause,NA,NA,NA,NA,0.0,0,-23.6,-12.92,[],0,0,[],[]
22636530,22637940,NA,SIL,0.0,760,pause,NA,NA,NA,NA,0.0,0,-45.67,-28.65,[],0,0,[],[]
22637940,22639040,NA,OLF,0.0,760,pause,NA,NA,NA,NA,0.0,0,-35.93,-25.47,[],0,0,[],[]
22639040,22639840,OCH,CXN,0.0,760,XM,EC,0,NT,FI,0.0,0,-25.92,-12.02,[],0,0,[],[]
22639840,22643140,NA,OLN,0.0,761,pause,NA,NA,NA,NA,0.0,0,-23.73,-11.15,[],0,0,[],[]
22643140,22643940,NA,OLF,0.0,761,pause,NA,NA,NA,NA,0.0,0,-33.86,-20.34,[],0,0,[],[]
22643940,22644820,NA,OLN,0.0,761,pause,NA,NA,NA,NA,0.0,0,-23.77,-9.07,[],0,0,[],[]
22644820,22646230,NA,NOF,0.0,761,pause,NA,NA,NA,NA,0.0,0,-44.98,-37.86,[],0,0,[],[]
22646230,22647280,OCH,CXN,0.0,761,XM,BC,0,NT,FI,0.0,0,-34.69,-27.74,[],0,0,[],[]
22647280,22648620,NA,OLN,0.0,761,XM,NA,NA,NA,NA,0.0,0,-30.7,-21.51,[],0,0,[],[]
22648620,22649620,NA,MAF,0.0,761,XM,NA,NA,NA,NA,0.0,0,-47.05,-44.63,[],0,0,[],[]
22649620,22650420,NA,OLF,0.0,761,XM,NA,NA,NA,NA,0.0,0,-35.58,-29.25,[],0,0,[],[]
22650420,22651300,OCH,CXN,0.0,761,XM,EC,0,NT,FH,0.0,0,-28.08,-19.87,[],0,0,[],[]
22651300,22652180,NA,MAF,0.0,762,pause,NA,NA,NA,NA,0.0,0,-46.08,-36.8,[],0,0,[],[]
22652180,22653320,NA,NOF,0.0,762,pause,NA,NA,NA,NA,0.0,0,-45.09,-33.15,[],0,0,[],[]
22653320,22654290,NA,OLN,0.0,762,pause,NA,NA,NA,NA,0.0,0,-30.6,-17.76,[],0,0,[],[]
22654290,22655690,NA,NOF,0.0,762,pause,NA,NA,NA,NA,0.0,0,-24.92,-11.59,[],0,0,[],[]
22655690,22656880,NA,OLN,0.0,762,pause,NA,NA,NA,NA,0.0,0,-28.65,-18.13,[],0,0,[],[]
22656880,22657680,NA,NOF,0.0,762,pause,NA,NA,NA,NA,0.0,0,-34.79,-20.29,[],0,0,[],[]
22657680,22658480,NA,OLN,0.0,762,pause,NA,NA,NA,NA,0.0,0,-31.09,-23.6,[],0,0,[],[]
22658480,22659370,NA,NON,0.0,762,pause,NA,NA,NA,NA,0.0,0,-34.5,-27.4,[],0,0,[],[]
22659370,22665340,NA,OLN,0.0,762,pause,NA,NA,NA,NA,0.0,0,-25.22,-7.66,[],0,0,[],[]
22665340,22667170,FEM,FAN,5.09,762,AMF,EC,0,NT,FI,0.0,0,-27.54,-19.57,[],0,0,[],[]
22667170,22672550,NA,OLN,0.0,763,pause,NA,NA,NA,NA,0.0,0,-28.78,-10.54,[],0,0,[],[]
22672550,22673540,CHI,CHN,0.0,763,CIC,BC,0,TIMI,FI,1.0,990,-18.77,-9.07,"[{'Canonical-syllable': '1', 'Growl': '1', 'High-freq-energy': '0', 'Long-island': '0', 'Low-tilt-spectrum': '0', 'Medium-island': '1', 'Short-island': '2', 'Squeal': '0', 'Typical-entropy': '1', 'Voicing-quality': '3', 'Wide-band': '0', 'Xlong-island': '0', 'seq': '1', 'end': 22673.54, 'start': 22672.55}]",0,0,[],[]
22673540,22674340,NA,OLF,0.0,763,CIC,NA,NA,NA,NA,0.0,0,-35.97,-25.19,[],0,0,[],[]
22674340,22675800,MAL,MAN,4.53,763,CIC,RC,1,TIMR,FI,0.0,0,-27.09,-19.74,[],0,0,[],[]
22675800,22676920,CHI,CHN,0.0,763,CIC,RC,1,TIFI,FI,1.0,1120,-17.68,-10.94,"[{'Canonical-syllable': '0', 'Growl': '0', 'High-freq-energy': '0', 'Long-island': '0', 'Low-tilt-spectrum': '0', 'Medium-island': '2', 'Short-island': '0', 'Squeal': '0', 'Typical-entropy': '0', 'Voicing-quality': '2', 'Wide-band': '0', 'Xlong-island': '0', 'seq': '1', 'end': 22676.92, 'start': 22675.9}]",0,0,[],[]
22676920,22677720,NA,OLF,0.0,763,CIC,NA,NA,NA,NA,0.0,0,-37.75,-28.12,[],0,0,[],[]
22677720,22679210,FEM,FAN,1.93,763,CIC,RC,2,TIFR,FI,0.0,0,-19.89,-12.19,[],0,0,[],[]
22679210,22679820,MAL,MAN,0.0,763,CIC,NA,NA,NA,NA,0.0,0,-24.67,-18.59,[],610,0,[],[]
22679820,22681420,NA,OLF,0.0,763,CIC,NA,NA,NA,NA,0.0,0,-34.99,-23.82,[],0,0,[],[]
22681420,22682020,FEM,FAN,0.34,763,CIC,RC,2,NT,FH,0.0,0,-25.95,-15.07,[],0,0,[],[]
22682020,22683030,NA,OLF,0.0,763,CIC,NA,NA,NA,NA,0.0,0,-38.5,-25.5,[],0,0,[],[]
22683030,22683920,CHI,CHN,0.0,763,CIC,EC,2,TIFE,FI,1.0,890,-32.44,-26.75,"[{'Canonical-syllable': '1', 'Growl': '0', 'High-freq-energy': '0', 'Long-island': '0', 'Low-tilt-spectrum': '0', 'Medium-island': '2', 'Short-island': '0', 'Squeal': '0', 'Typical-entropy': '0', 'Voicing-quality': '2', 'Wide-band': '0', 'Xlong-island': '0', 'seq': '1', 'end': 22683.92, 'start': 22683.03}]",0,0,[],[]
22683920,22686260,NA,OLF,0.0,764,pause,NA,NA,NA,NA,0.0,0,-28.62,-15.34,[],0,0,[],[]
22686260,22688270,NA,NOF,0.0,764,pause,NA,NA,NA,NA,0.0,0,-37.03,-23.25,[],0,0,[],[]
22688270,22689220,NA,OLN,0.0,764,pause,NA,NA,NA,NA,0.0,0,-23.01,-17.53,[],0,0,[],[]
22689220,22690250,NA,NOF,0.0,764,pause,NA,NA,NA,NA,0.0,0,-40.28,-29.77,[],0,0,[],[]
22690250,22691260,NA,OLF,0.0,764,pause,NA,NA,NA,NA,0.0,0,-29.78,-20.72,[],0,0,[],[]
22691260,22692280,FEM,FAN,0.0,764,pause,NA,NA,NA,NA,0.0,0,-28.51,-20.68,[],1020,0,[],[]
22692280,22694310,NA,OLN,0.0,764,pause,NA,NA,NA,NA,0.0,0,-24.71,-11.89,[],0,0,[],[]
22694310,22695040,CHI,CHN,0.0,764,CM,EC,0,NT,FI,1.0,730,-13.85,-4.05,"[{'Canonical-syllable': '2', 'Growl': '0', 'High-freq-energy': '0', 'Long-island': '0', 'Low-tilt-spectrum': '0', 'Medium-island': '0', 'Short-island': '2', 'Squeal': '0', 'Typical-entropy': '0', 'Voicing-quality': '3', 'Wide-band': '0', 'Xlong-island': '0', 'seq': '1', 'end': 22695.04, 'start': 22694.31}]",0,0,[],[]
22695040,22697050,NA,OLN,0.0,765,pause,NA,NA,NA,NA,0.0,0,-22.15,-10.72,[],0,0,[],[]
22697050,22698090,NA,NON,0.0,765,pause,NA,NA,NA,NA,0.0,0,-24.91,-10.56,[],0,0,[],[]
22698090,22699260,NA,OLN,0.0,765,pause,NA,NA,NA,NA,0.0,0,-23.47,-11.83,[],0,0,[],[]
22699260,22700420,NA,NON,0.0,765,pause,NA,NA,NA,NA,0.0,0,-15.28,-1.44,[],0,0,[],[]
22700420,22701230,NA,OLN,0.0,765,pause,NA,NA,NA,NA,0.0,0,-17.97,-2.3,[],0,0,[],[]
22701230,22702750,NA,NON,0.0,765,pause,NA,NA,NA,NA,0.0,0,-24.15,-11.35,[],0,0,[],[]
22702750,22703690,NA,OLF,0.0,765,pause,NA,NA,NA,NA,0.0,0,-29.93,-18.77,[],0,0,[],[]
22703690,22705510,NA,NON,0.0,765,pause,NA,NA,NA,NA,0.0,0,-30.29,-15.0,[],0,0,[],[]
22705510,22707020,NA,OLN,0.0,765,pause,NA,NA,NA,NA,0.0,0,-25.48,-7.76,[],0,0,[],[]
22707020,22707870,OCH,CXN,0.0,765,XM,BC,0,NT,FI,0.0,0,-36.28,-26.55,[],0,0,[],[]
22707870,22708730,NA,OLF,0.0,765,XM,NA,NA,NA,NA,0.0,0,-39.27,-32.0,[],0,0,[],[]
22708730,22709550,OCH,CXN,0.0,765,XM,EC,0,NT,FH,0.0,0,-29.55,-14.21,[],0,0,[],[]
22709550,22711550,NA,NOF,0.0,766,pause,NA,NA,NA,NA,0.0,0,-47.86,-37.44,[],0,0,[],[]
22711550,22713200,NA,FAF,0.0,766,pause,NA,NA,NA,NA,0.0,0,-41.84,-29.28,[],0,0,[],[]
22713200,22716850,NA,MAF,0.0,766,pause,NA,NA,NA,NA,0.0,0,-46.88,-38.02,[],0,0,[],[]
22716850,22717750,OCH,CXN,0.0,766,XIOCA,BC,0,NT,FI,0.0,0,-35.67,-30.13,[],0,0,[],[]
22717750,22721220,FEM,FAN,6.24,766,XIOCA,RC,0,NT,FI,0.0,0,-39.33,-31.56,[],0,0,[],[]
22721220,22722140,OCH,CXN,0.0,766,XIOCA,EC,0,NT,FI,0.0,0,-34.96,-25.47,[],0,0,[],[]
22722140,22723150,NA,MAF,0.0,767,pause,NA,NA,NA,NA,0.0,0,-46.29,-36.38,[],0,0,[],[]
22723150,22724810,NA,FAF,0.0,767,pause,NA,NA,NA,NA,0.0,0,-41.37,-35.66,[],0,0,[],[]
22724810,22725840,NA,OLF,0.0,767,pause,NA,NA,NA,NA,0.0,0,-47.15,-38.55,[],0,0,[],[]
22725840,22727660,NA,FAF,0.0,767,pause,NA,NA,NA,NA,0.0,0,-37.63,-30.34,[],0,0,[],[]
22727660,22728980,NA,OLF,0.0,767,pause,NA,NA,NA,NA,0.0,0,-48.67,-38.85,[],0,0,[],[]
22728980,22729870,OCH,CXN,0.0,767,XM,EC,0,NT,FI,0.0,0,-41.09,-35.63,[],0,0,[],[]
22729870,22731130,NA,FAF,0.0,768,pause,NA,NA,NA,NA,0.0,0,-45.77,-38.54,[],0,0,[],[]
22731130,22759730,NA,NON,0.0,768,pause,NA,NA,NA,NA,0.0,0,-48.58,-34.58,[],0,0,[],[]
22759730,22771530,NA,NON,0.0,768,pause,NA,NA,NA,NA,0.0,0,-48.38,-31.51,[],0,0,[],[]
22771530,22779380,NA,NON,0.0,768,pause,NA,NA,NA,NA,0.0,0,-48.74,-42.78,[],0,0,[],[]
22779380,22780620,NA,OLF,0.0,768,pause,NA,NA,NA,NA,0.0,0,-48.64,-44.9,[],0,0,[],[]
22780620,22782730,NA,MAF,0.0,768,pause,NA,NA,NA,NA,0.0,0,-48.38,-39.74,[],0,0,[],[]
22782730,22802030,NA,NON,0.0,768,pause,NA,NA,NA,NA,0.0,0,-49.0,-35.46,[],0,0,[],[]
22802030,22830380,NA,NON,0.0,768,pause,NA,NA,NA,NA,0.0,0,-48.87,-37.7,[],0,0,[],[]
22830380,22831260,NA,OLF,0.0,768,pause,NA,NA,NA,NA,0.0,0,-45.71,-37.6,[],0,0,[],[]
22831260,22832140,NA,CXF,0.0,768,pause,NA,NA,NA,NA,0.0,0,-41.52,-35.3,[],0,0,[],[]
22832140,22833160,NA,MAF,0.0,768,pause,NA,NA,NA,NA,0.0,0,-48.7,-45.3,[],0,0,[],[]
22833160,22833960,NA,OLF,0.0,768,pause,NA,NA,NA,NA,0.0,0,-41.87,-31.79,[],0,0,[],[]
22833960,22834830,OCH,CXN,0.0,768,XM,EC,0,NT,FI,0.0,0,-33.48,-28.27,[],0,0,[],[]
22834830,22840530,NA,NON,0.0,769,pause,NA,NA,NA,NA,0.0,0,-48.5,-35.45,[],0,0,[],[]
22840530,22930230,NA,NON,0.0,769,pause,NA,NA,NA,NA,0.0,0,-48.88,-38.63,[],0,0,[],[]
22930230,22936930,NA,NON,0.0,769,pause,NA,NA,NA,NA,0.0,0,-48.8,-39.1,[],0,0,[],[]
22936930,23081230,NA,NON,0.0,769,pause,NA,NA,NA,NA,0.0,0,-49.1,-40.42,[],0,0,[],[]
23081230,23203580,NA,NON,0.0,769,pause,NA,NA,NA,NA,0.0,0,-49.13,-35.17,[],0,0,[],[]
23203580,23205820,NA,MAF,0.0,769,pause,NA,NA,NA,NA,0.0,0,-48.98,-43.84,[],0,0,[],[]
23205820,23206690,NA,OLF,0.0,769,pause,NA,NA,NA,NA,0.0,0,-48.98,-45.99,[],0,0,[],[]
23206690,23207730,NA,MAF,0.0,769,pause,NA,NA,NA,NA,0.0,0,-49.14,-45.83,[],0,0,[],[]
23207730,24188830,NA,NON,0.0,769,pause,NA,NA,NA,NA,0.0,0,-49.27,-39.5,[],0,0,[],[]
24188830,24955930,NA,NON,0.0,769,pause,NA,NA,NA,NA,0.0,0,-49.38,-40.8,[],0,0,[],[]
24955930,25123030,NA,NON,0.0,769,pause,NA,NA,NA,NA,0.0,0,-48.95,-34.74,[],0,0,[],[]
25123030,26028730,NA,NON,0.0,769,pause,NA,NA,NA,NA,0.0,0,-49.44,-25.35,[],0,0,[],[]
26028730,26034680,NA,NON,0.0,769,pause,NA,NA,NA,NA,0.0,0,-48.49,-32.96,[],0,0,[],[]
26034680,26035480,OCH,CXN,0.0,769,XM,EC,0,NT,FI,0.0,0,-35.86,-29.08,[],0,0,[],[]
26035480,26037830,NA,MAF,0.0,770,pause,NA,NA,NA,NA,0.0,0,-49.12,-43.85,[],0,0,[],[]
26037830,26046280,NA,NON,0.0,770,pause,NA,NA,NA,NA,0.0,0,-49.29,-43.57,[],0,0,[],[]
26046280,26047700,OCH,CXN,0.0,770,XM,BC,0,NT,FI,0.0,0,-37.22,-24.8,[],0,0,[],[]
26047700,26049510,NA,MAF,0.0,770,XM,NA,NA,NA,NA,0.0,0,-47.62,-40.17,[],0,0,[],[]
26049510,26050430,OCH,CXN,0.0,770,XM,EC,0,NT,FH,0.0,0,-32.01,-26.73,[],0,0,[],[]
26050430,26066980,NA,NON,0.0,771,pause,NA,NA,NA,NA,0.0,0,-48.1,-35.45,[],0,0,[],[]
26066980,26068120,OCH,CXN,0.0,771,XM,BC,0,NT,FI,0.0,0,-39.18,-30.26,[],0,0,[],[]
26068120,26069640,NA,MAF,0.0,771,XM,NA,NA,NA,NA,0.0,0,-48.86,-42.27,[],0,0,[],[]
26069640,26071930,OCH,CXN,0.0,771,XM,EC,0,NT,FH,0.0,0,-31.85,-25.15,[],0,0,[],[]
26071930,26083380,NA,NON,0.0,772,pause,NA,NA,NA,NA,0.0,0,-49.31,-41.41,[],0,0,[],[]
26083380,26084570,NA,OLF,0.0,772,pause,NA,NA,NA,NA,0.0,0,-47.27,-38.63,[],0,0,[],[]
26084570,26086580,OCH,CXN,0.0,772,XM,BC,0,NT,FI,0.0,0,-38.11,-29.27,[],0,0,[],[]
26086580,26087580,NA,OLN,0.0,772,XM,NA,NA,NA,NA,0.0,0,-36.59,-30.81,[],0,0,[],[]
26087580,26092400,OCH,CXN,0.0,772,XM,RC,0,NT,FH,0.0,0,-29.65,-20.47,[],0,0,[],[]
26092400,26093400,NA,OLF,0.0,772,XM,NA,NA,NA,NA,0.0,0,-45.09,-33.9,[],0,0,[],[]
26093400,26095000,OCH,CXN,0.0,772,XM,EC,0,NT,FH,0.0,0,-33.67,-25.26,[],0,0,[],[]
26095000,26095930,NA,OLN,0.0,773,pause,NA,NA,NA,NA,0.0,0,-38.65,-30.37,[],0,0,[],[]
26095930,26109180,NA,NON,0.0,773,pause,NA,NA,NA,NA,0.0,0,-48.42,-29.1,[],0,0,[],[]
26109180,26110010,NA,OLF,0.0,773,pause,NA,NA,NA,NA,0.0,0,-38.55,-28.14,[],0,0,[],[]
26110010,26111050,NA,MAF,0.0,773,pause,NA,NA,NA,NA,0.0,0,-49.26,-45.41,[],0,0,[],[]
26111050,26112220,OCH,CXN,0.0,773,XM,BC,0,NT,FI,0.0,0,-36.97,-31.68,[],0,0,[],[]
26112220,26112880,OCH,CXN,0.0,773,XM,RC,0,NT,FH,0.0,0,-26.93,-23.34,[],0,0,[],[]
26112880,26113680,OCH,CXN,0.0,773,XM,RC,0,NT,FH,0.0,0,-29.15,-24.28,[],0,0,[],[]
26113680,26114510,NA,OLF,0.0,773,XM,NA,NA,NA,NA,0.0,0,-49.27,-45.93,[],0,0,[],[]
26114510,26119360,OCH,CXN,0.0,773,XM,RC,0,NT,FH,0.0,0,-31.14,-22.69,[],0,0,[],[]
26119360,26120190,NA,OLF,0.0,773,XM,NA,NA,NA,NA,0.0,0,-44.67,-34.94,[],0,0,[],[]
26120190,26120990,OCH,CXN,0.0,773,XM,EC,0,NT,FH,0.0,0,-42.29,-35.62,[],0,0,[],[]
26120990,26122970,NA,MAF,0.0,774,pause,NA,NA,NA,NA,0.0,0,-49.33,-45.56,[],0,0,[],[]
26122970,26123770,NA,OLF,0.0,774,pause,NA,NA,NA,NA,0.0,0,-42.08,-33.96,[],0,0,[],[]
26123770,26127470,NA,MAF,0.0,774,pause,NA,NA,NA,NA,0.0,0,-49.16,-43.24,[],0,0,[],[]
26127470,26129170,OCH,CXN,0.0,774,XM,EC,0,NT,FI,0.0,0,-31.02,-24.35,[],0,0,[],[]
26129170,26131330,NA,MAF,0.0,775,pause,NA,NA,NA,NA,0.0,0,-48.71,-38.62,[],0,0,[],[]
26131330,26137180,NA,NON,0.0,775,pause,NA,NA,NA,NA,0.0,0,-47.8,-36.67,[],0,0,[],[]
26137180,26141740,NA,MAF,0.0,775,pause,NA,NA,NA,NA,0.0,0,-45.13,-28.46,[],0,0,[],[]
26141740,26142540,OCH,CXN,0.0,775,XM,EC,0,NT,FI,0.0,0,-39.0,-31.95,[],0,0,[],[]
26142540,26143620,NA,MAF,0.0,776,pause,NA,NA,NA,NA,0.0,0,-47.24,-41.28,[],0,0,[],[]
26143620,26144630,NA,CXF,0.0,776,pause,NA,NA,NA,NA,0.0,0,-42.45,-36.02,[],0,0,[],[]
26144630,26145930,NA,OLF,0.0,776,pause,NA,NA,NA,NA,0.0,0,-44.42,-34.76,[],0,0,[],[]
26145930,26152880,NA,NON,0.0,776,pause,NA,NA,NA,NA,0.0,0,-49.26,-44.94,[],0,0,[],[]
26152880,26155460,OCH,CXN,0.0,776,XM,BC,0,NT,FI,0.0,0,-34.04,-27.43,[],0,0,[],[]
26155460,26156520,NA,OLF,0.0,776,XM,NA,NA,NA,NA,0.0,0,-38.08,-29.56,[],0,0,[],[]
26156520,26157320,OCH,CXN,0.0,776,XM,RC,0,NT,FH,0.0,0,-37.67,-31.78,[],0,0,[],[]
26157320,26158120,NA,OLF,0.0,776,XM,NA,NA,NA,NA,0.0,0,-44.63,-39.36,[],0,0,[],[]
26158120,26159230,NA,MAF,0.0,776,XM,NA,NA,NA,NA,0.0,0,-49.25,-45.76,[],0,0,[],[]
26159230,26160030,OCH,CXN,0.0,776,XM,EC,0,NT,FH,0.0,0,-40.01,-33.13,[],0,0,[],[]
26160030,26165480,NA,NON,0.0,777,pause,NA,NA,NA,NA,0.0,0,-49.17,-41.63,[],0,0,[],[]
26165480,26166480,NA,MAF,0.0,777,pause,NA,NA,NA,NA,0.0,0,-45.77,-36.39,[],0,0,[],[]
26166480,26168420,NA,OLF,0.0,777,pause,NA,NA,NA,NA,0.0,0,-42.42,-34.49,[],0,0,[],[]
26168420,26169460,NA,FAF,0.0,777,pause,NA,NA,NA,NA,0.0,0,-45.1,-36.92,[],0,0,[],[]
26169460,26170330,OCH,CXN,0.0,777,XM,BC,0,NT,FI,0.0,0,-40.88,-38.24,[],0,0,[],[]
26170330,26171300,NA,OLF,0.0,777,XM,NA,NA,NA,NA,0.0,0,-43.56,-36.42,[],0,0,[],[]
26171300,26172310,NA,MAF,0.0,777,XM,NA,NA,NA,NA,0.0,0,-46.94,-41.86,[],0,0,[],[]
26172310,26173110,OCH,CXN,0.0,777,XM,RC,0,NT,FH,0.0,0,-39.67,-31.48,[],0,0,[],[]
26173110,26174630,NA,MAF,0.0,777,XM,NA,NA,NA,NA,0.0,0,-49.07,-45.49,[],0,0,[],[]
26174630,26175430,NA,NOF,0.0,777,XM,NA,NA,NA,NA,0.0,0,-48.67,-44.45,[],0,0,[],[]
26175430,26177390,OCH,CXN,0.0,777,XM,RC,0,NT,FH,0.0,0,-37.16,-30.25,[],0,0,[],[]
26177390,26178190,NA,OLF,0.0,777,XM,NA,NA,NA,NA,0.0,0,-39.77,-34.51,[],0,0,[],[]
26178190,26179410,OCH,CXN,0.0,777,XM,RC,0,NT,FH,0.0,0,-38.63,-32.69,[],0,0,[],[]
26179410,26180300,NA,OLF,0.0,777,XM,NA,NA,NA,NA,0.0,0,-45.54,-38.25,[],0,0,[],[]
26180300,26181130,OCH,CXN,0.0,777,XM,EC,0,NT,FH,0.0,0,-36.01,-32.5,[],0,0,[],[]
26181130,26186480,NA,NON,0.0,778,pause,NA,NA,NA,NA,0.0,0,-49.34,-41.28,[],0,0,[],[]
26186480,26188380,OCH,CXN,0.0,778,XM,BC,0,NT,FI,0.0,0,-32.83,-27.66,[],0,0,[],[]
26188380,26189180,NA,OLF,0.0,778,XM,NA,NA,NA,NA,0.0,0,-44.8,-34.11,[],0,0,[],[]
26189180,26190010,OCH,CXN,0.0,778,XM,RC,0,NT,FH,0.0,0,-28.99,-24.98,[],0,0,[],[]
26190010,26191520,NA,MAF,0.0,778,XM,NA,NA,NA,NA,0.0,0,-47.81,-38.27,[],0,0,[],[]
26191520,26192320,OCH,CXN,0.0,778,XM,RC,0,NT,FH,0.0,0,-37.85,-31.02,[],0,0,[],[]
26192320,26193940,NA,MAF,0.0,778,XM,NA,NA,NA,NA,0.0,0,-47.23,-36.54,[],0,0,[],[]
26193940,26194740,NA,OLF,0.0,778,XM,NA,NA,NA,NA,0.0,0,-45.93,-39.59,[],0,0,[],[]
26194740,26195750,NA,MAF,0.0,778,XM,NA,NA,NA,NA,0.0,0,-48.56,-41.29,[],0,0,[],[]
26195750,26196750,OCH,CXN,0.0,778,XM,RC,0,NT,FH,0.0,0,-41.34,-34.57,[],0,0,[],[]
26196750,26197790,NA,OLF,0.0,778,XM,NA,NA,NA,NA,0.0,0,-46.92,-37.32,[],0,0,[],[]
26197790,26198980,OCH,CXN,0.0,778,XM,EC,0,NT,FH,0.0,0,-30.02,-24.4,[],0,0,[],[]
26198980,26199840,NA,OLF,0.0,779,pause,NA,NA,NA,NA,0.0,0,-46.42,-38.05,[],0,0,[],[]
26199840,26206380,NA,MAF,0.0,779,pause,NA,NA,NA,NA,0.0,0,-46.71,-32.24,[],0,0,[],[]
26206380,26209130,OCH,CXN,0.0,779,XM,BC,0,NT,FI,0.0,0,-39.88,-33.04,[],0,0,[],[]
26209130,26209930,NA,OLF,0.0,779,XM,NA,NA,NA,NA,0.0,0,-44.29,-37.47,[],0,0,[],[]
26209930,26210730,OCH,CXN,0.0,779,XM,RC,0,NT,FH,0.0,0,-38.41,-30.57,[],0,0,[],[]
26210730,26212060,NA,MAF,0.0,779,XM,NA,NA,NA,NA,0.0,0,-48.53,-39.69,[],0,0,[],[]
26212060,26213210,NA,NOF,0.0,779,XM,NA,NA,NA,NA,0.0,0,-47.87,-39.74,[],0,0,[],[]
26213210,26214740,OCH,CXN,0.0,779,XM,RC,0,NT,FH,0.0,0,-32.05,-22.98,[],0,0,[],[]
26214740,26215540,NA,OLF,0.0,779,XM,NA,NA,NA,NA,0.0,0,-46.37,-40.5,[],0,0,[],[]
26215540,26217180,OCH,CXN,0.0,779,XM,RC,0,NT,FH,0.0,0,-34.33,-23.31,[],0,0,[],[]
26217180,26218000,NA,MAF,0.0,779,XM,NA,NA,NA,NA,0.0,0,-49.19,-45.27,[],0,0,[],[]
26218000,26219240,OCH,CXN,0.0,779,XM,RC,0,NT,FH,0.0,0,-36.1,-25.19,[],0,0,[],[]
26219240,26220040,NA,OLF,0.0,779,XM,NA,NA,NA,NA,0.0,0,-42.25,-32.41,[],0,0,[],[]
26220040,26221120,OCH,CXN,0.0,779,XM,RC,0,NT,FH,0.0,0,-36.44,-25.24,[],0,0,[],[]
26221120,26222750,NA,MAF,0.0,779,XM,NA,NA,NA,NA,0.0,0,-47.49,-38.99,[],0,0,[],[]
26222750,26224060,OCH,CXN,0.0,779,XM,EC,0,NT,FH,0.0,0,-36.27,-27.29,[],0,0,[],[]
26224060,26226650,NA,MAF,0.0,780,pause,NA,NA,NA,NA,0.0,0,-47.89,-41.52,[],0,0,[],[]
26226650,26227530,NA,OLF,0.0,780,pause,NA,NA,NA,NA,0.0,0,-44.76,-34.43,[],0,0,[],[]
26227530,26229230,NA,MAF,0.0,780,pause,NA,NA,NA,NA,0.0,0,-44.12,-33.61,[],0,0,[],[]
26229230,26230930,OCH,CXN,0.0,780,XM,EC,0,NT,FI,0.0,0,-31.47,-21.98,[],0,0,[],[]
26230930,26236380,NA,NON,0.0,781,pause,NA,NA,NA,NA,0.0,0,-47.67,-32.23,[],0,0,[],[]
26236380,26238000,OCH,CXN,0.0,781,XM,BC,0,NT,FI,0.0,0,-31.51,-25.67,[],0,0,[],[]
26238000,26239000,NA,MAF,0.0,781,XM,NA,NA,NA,NA,0.0,0,-47.19,-40.48,[],0,0,[],[]
26239000,26239960,OCH,CXN,0.0,781,XM,RC,0,NT,FH,0.0,0,-34.03,-25.67,[],0,0,[],[]
26239960,26240980,NA,MAF,0.0,781,XM,NA,NA,NA,NA,0.0,0,-48.85,-44.1,[],0,0,[],[]
26240980,26242290,OCH,CXN,0.0,781,XM,RC,0,NT,FH,0.0,0,-28.06,-19.9,[],0,0,[],[]
26242290,26243090,NA,OLF,0.0,781,XM,NA,NA,NA,NA,0.0,0,-47.4,-39.66,[],0,0,[],[]
26243090,26243890,OCH,CXN,0.0,781,XM,RC,0,NT,FH,0.0,0,-24.61,-18.32,[],0,0,[],[]
26243890,26244990,CHI,CHN,0.0,781,XM,NA,NA,NA,NA,0.0,0,-16.51,-12.41,[],0,1030,"[{'start': 26243.89, 'end': 26244.92}]",[]
26244990,26247410,NA,MAF,0.0,781,XM,NA,NA,NA,NA,0.0,0,-49.25,-46.06,[],0,0,[],[]
26247410,26248210,OCH,CXN,0.0,781,XM,EC,0,NT,FH,0.0,0,-28.25,-19.78,[],0,0,[],[]
26248210,26252250,NA,MAF,0.0,782,pause,NA,NA,NA,NA,0.0,0,-48.15,-38.38,[],0,0,[],[]
26252250,26253060,NA,OLF,0.0,782,pause,NA,NA,NA,NA,0.0,0,-44.35,-37.17,[],0,0,[],[]
26253060,26254010,NA,CXF,0.0,782,pause,NA,NA,NA,NA,0.0,0,-42.9,-38.06,[],0,0,[],[]
26254010,26254810,NA,OLF,0.0,782,pause,NA,NA,NA,NA,0.0,0,-44.33,-34.22,[],0,0,[],[]
26254810,26257700,OCH,CXN,0.0,782,XM,BC,0,NT,FI,0.0,0,-23.14,-11.78,[],0,0,[],[]
26257700,26258530,NA,OLF,0.0,782,XM,NA,NA,NA,NA,0.0,0,-41.42,-29.69,[],0,0,[],[]
26258530,26259330,OCH,CXN,0.0,782,XM,RC,0,NT,FH,0.0,0,-30.98,-23.8,[],0,0,[],[]
26259330,26260140,NA,OLF,0.0,782,XM,NA,NA,NA,NA,0.0,0,-42.62,-33.08,[],0,0,[],[]
26260140,26263570,OCH,CXN,0.0,782,XM,RC,0,NT,FH,0.0,0,-18.41,-11.12,[],0,0,[],[]
26263570,26264940,NA,MAF,0.0,782,XM,NA,NA,NA,NA,0.0,0,-49.27,-46.1,[],0,0,[],[]
26264940,26266240,OCH,CXN,0.0,782,XM,RC,0,NT,FH,0.0,0,-23.47,-14.59,[],0,0,[],[]
26266240,26268730,NA,MAF,0.0,782,XM,NA,NA,NA,NA,0.0,0,-49.09,-44.99,[],0,0,[],[]
26268730,26270970,OCH,CXN,0.0,782,XM,RC,0,NT,FH,0.0,0,-24.84,-16.07,[],0,0,[],[]
26270970,26271570,OCH,CXN,0.0,782,XM,RC,0,NT,FH,0.0,0,-18.24,-15.55,[],0,0,[],[]
26271570,26272760,OCH,CXN,0.0,782,XM,RC,0,NT,FH,0.0,0,-20.57,-16.98,[],0,0,[],[]
26272760,26274010,NA,OLF,0.0,782,XM,NA,NA,NA,NA,0.0,0,-44.23,-31.44,[],0,0,[],[]
26274010,26276610,OCH,CXN,0.0,782,XM,RC,0,NT,FH,0.0,0,-17.58,-11.72,[],0,0,[],[]
26276610,26277690,NA,MAF,0.0,782,XM,NA,NA,NA,NA,0.0,0,-49.17,-45.98,[],0,0,[],[]
26277690,26279120,OCH,CXN,0.0,782,XM,RC,0,NT,FH,0.0,0,-22.59,-17.02,[],0,0,[],[]
26279120,26279780,NA,OLN,0.0,782,XM,NA,NA,NA,NA,0.0,0,-19.72,-17.15,[],0,0,[],[]
26279780,26282910,OCH,CXN,0.0,782,XM,RC,0,NT,FH,0.0,0,-21.58,-13.2,[],0,0,[],[]
26282910,26283710,NA,OLN,0.0,782,XM,NA,NA,NA,NA,0.0,0,-30.01,-18.91,[],0,0,[],[]
26283710,26284680,OCH,CXN,0.0,782,XM,EC,0,NT,FH,0.0,0,-24.91,-17.96,[],0,0,[],[]
26284680,26286110,CHI,CHN,0.0,783,pause,NA,NA,NA,NA,0.0,0,-19.09,-14.25,[],0,1430,"[{'start': 26284.68, 'end': 26286.11}]",[]
26286110,26289780,NA,MAF,0.0,783,pause,NA,NA,NA,NA,0.0,0,-49.17,-43.05,[],0,0,[],[]
26289780,26290580,OCH,CXN,0.0,783,XIOCAC,BC,0,NT,FI,0.0,0,-29.99,-20.2,[],0,0,[],[]
26290580,26291380,NA,OLF,0.0,783,XIOCAC,NA,NA,NA,NA,0.0,0,-38.84,-26.34,[],0,0,[],[]
26291380,26293910,OCH,CXN,0.0,783,XIOCAC,RC,0,NT,FH,0.0,0,-25.73,-20.35,[],0,0,[],[]
26293910,26294770,NA,OLF,0.0,783,XIOCAC,NA,NA,NA,NA,0.0,0,-43.83,-35.98,[],0,0,[],[]
26294770,26295400,CHI,CHN,0.0,783,XIOCAC,NA,NA,NA,NA,0.0,0,-25.87,-20.87,[],0,380,"[{'start': 26295.02, 'end': 26295.4}]",[]
26295400,26299760,OCH,CXN,0.0,783,XIOCAC,RC,0,NT,FH,0.0,0,-25.0,-16.98,[],0,0,[],[]
26299760,26301190,NA,OLN,0.0,783,XIOCAC,NA,NA,NA,NA,0.0,0,-38.36,-27.69,[],0,0,[],[]
26301190,26302300,NA,MAF,0.0,783,XIOCAC,NA,NA,NA,NA,0.0,0,-46.94,-34.14,[],0,0,[],[]
26302300,26303900,OCH,CXN,0.0,783,XIOCAC,RC,0,NT,FH,0.0,0,-25.26,-18.24,[],0,0,[],[]
26303900,26304870,NA,OLF,0.0,783,XIOCAC,NA,NA,NA,NA,0.0,0,-40.65,-27.99,[],0,0,[],[]
26304870,26306160,OCH,CXN,0.0,783,XIOCAC,RC,0,NT,FH,0.0,0,-19.76,-12.07,[],0,0,[],[]
26306160,26306970,NA,OLF,0.0,783,XIOCAC,NA,NA,NA,NA,0.0,0,-44.88,-36.34,[],0,0,[],[]
26306970,26308210,OCH,CXN,0.0,783,XIOCAC,RC,0,NT,FH,0.0,0,-26.37,-21.34,[],0,0,[],[]
26308210,26309010,NA,MAF,0.0,783,XIOCAC,NA,NA,NA,NA,0.0,0,-43.78,-33.31,[],0,0,[],[]
26309010,26310260,OCH,CXN,0.0,783,XIOCAC,RC,0,NT,FH,0.0,0,-25.43,-17.33,[],0,0,[],[]
26310260,26311280,NA,MAF,0.0,783,XIOCAC,NA,NA,NA,NA,0.0,0,-49.14,-43.67,[],0,0,[],[]
26311280,26312320,NA,OLF,0.0,783,XIOCAC,NA,NA,NA,NA,0.0,0,-47.37,-40.21,[],0,0,[],[]
26312320,26316410,OCH,CXN,0.0,783,XIOCAC,RC,0,NT,FH,0.0,0,-27.53,-18.83,[],0,0,[],[]
26316410,26317670,NA,OLF,0.0,783,XIOCAC,NA,NA,NA,NA,0.0,0,-46.26,-35.21,[],0,0,[],[]
26317670,26320020,OCH,CXN,0.0,783,XIOCAC,RC,0,NT,FH,0.0,0,-27.53,-21.51,[],0,0,[],[]
26320020,26321220,NA,MAF,0.0,783,XIOCAC,NA,NA,NA,NA,0.0,0,-48.56,-41.83,[],0,0,[],[]
26321220,26322980,OCH,CXN,0.0,783,XIOCAC,RC,0,NT,FH,0.0,0,-26.36,-19.06,[],0,0,[],[]
26322980,26324980,NA,MAF,0.0,783,XIOCAC,NA,NA,NA,NA,0.0,0,-49.36,-44.08,[],0,0,[],[]
26324980,26327490,OCH,CXN,0.0,783,XIOCAC,RC,0,NT,FH,0.0,0,-27.06,-20.16,[],0,0,[],[]
26327490,26328490,NA,MAF,0.0,783,XIOCAC,NA,NA,NA,NA,0.0,0,-47.04,-38.13,[],0,0,[],[]
26328490,26331620,OCH,CXN,0.0,783,XIOCAC,RC,0,NT,FH,0.0,0,-30.3,-19.58,[],0,0,[],[]
26331620,26332420,NA,OLF,0.0,783,XIOCAC,NA,NA,NA,NA,0.0,0,-44.77,-34.03,[],0,0,[],[]
26332420,26333310,OCH,CXN,0.0,783,XIOCAC,RC,0,NT,FH,0.0,0,-32.2,-27.04,[],0,0,[],[]
26333310,26334250,NA,OLF,0.0,783,XIOCAC,NA,NA,NA,NA,0.0,0,-41.76,-36.11,[],0,0,[],[]
26334250,26335460,OCH,CXN,0.0,783,XIOCAC,RC,0,NT,FH,0.0,0,-32.58,-22.71,[],0,0,[],[]
26335460,26336460,NA,OLN,0.0,783,XIOCAC,NA,NA,NA,NA,0.0,0,-39.09,-31.99,[],0,0,[],[]
26336460,26338600,OCH,CXN,0.0,783,XIOCAC,RC,0,NT,FH,0.0,0,-29.41,-20.71,[],0,0,[],[]
26338600,26339460,NA,OLF,0.0,783,XIOCAC,NA,NA,NA,NA,0.0,0,-45.14,-39.03,[],0,0,[],[]
26339460,26340400,OCH,CXN,0.0,783,XIOCAC,RC,0,NT,FH,0.0,0,-24.86,-19.97,[],0,0,[],[]
26340400,26341020,NA,OLF,0.0,783,XIOCAC,NA,NA,NA,NA,0.0,0,-45.02,-36.94,[],0,0,[],[]
26341020,26346230,OCH,CXN,0.0,783,XIOCAC,RC,0,NT,FH,0.0,0,-25.63,-17.27,[],0,0,[],[]
26346230,26347510,NA,OLN,0.0,783,XIOCAC,NA,NA,NA,NA,0.0,0,-29.53,-17.46,[],0,0,[],[]
26347510,26349790,OCH,CXN,0.0,783,XIOCAC,RC,0,NT,FH,0.0,0,-26.15,-18.24,[],0,0,[],[]
26349790,26350750,NA,OLN,0.0,783,XIOCAC,NA,NA,NA,NA,0.0,0,-34.48,-23.07,[],0,0,[],[]
26350750,26351850,OCH,CXN,0.0,783,XIOCAC,RC,0,NT,FH,0.0,0,-30.47,-24.6,[],0,0,[],[]
26351850,26352760,NA,OLN,0.0,783,XIOCAC,NA,NA,NA,NA,0.0,0,-40.07,-33.11,[],0,0,[],[]
26352760,26354690,OCH,CXN,0.0,783,XIOCAC,RC,0,NT,FH,0.0,0,-27.3,-23.38,[],0,0,[],[]
26354690,26355730,NA,OLF,0.0,783,XIOCAC,NA,NA,NA,NA,0.0,0,-45.38,-34.32,[],0,0,[],[]
26355730,26356710,OCH,CXN,0.0,783,XIOCAC,RC,0,NT,FH,0.0,0,-28.04,-22.86,[],0,0,[],[]
26356710,26357940,OCH,CXN,0.0,783,XIOCAC,RC,0,NT,FH,0.0,0,-29.54,-23.36,[],0,0,[],[]
26357940,26360300,OCH,CXN,0.0,783,XIOCAC,RC,0,NT,FH,0.0,0,-25.27,-13.43,[],0,0,[],[]
26360300,26361490,CHI,CHN,0.0,783,XIOCAC,RC,0,NT,FI,1.0,1120,-16.56,-12.17,"[{'Canonical-syllable': '0', 'Growl': '0', 'High-freq-energy': '0', 'Long-island': '0', 'Low-tilt-spectrum': '0', 'Medium-island': '0', 'Short-island': '0', 'Squeal': '0', 'Typical-entropy': '0', 'Voicing-quality': '1', 'Wide-band': '0', 'Xlong-island': '1', 'seq': '1', 'end': 26361.42, 'start': 26360.3}]",0,0,[],[]
26361490,26362520,NA,MAF,0.0,783,XIOCAC,NA,NA,NA,NA,0.0,0,-48.82,-43.26,[],0,0,[],[]
26362520,26366310,OCH,CXN,0.0,783,XIOCAC,RC,0,NT,FI,0.0,0,-27.45,-18.63,[],0,0,[],[]
26366310,26367180,NA,OLF,0.0,783,XIOCAC,NA,NA,NA,NA,0.0,0,-40.41,-27.34,[],0,0,[],[]
26367180,26369710,OCH,CXN,0.0,783,XIOCAC,RC,0,NT,FH,0.0,0,-29.19,-15.7,[],0,0,[],[]
26369710,26370760,NA,MAF,0.0,783,XIOCAC,NA,NA,NA,NA,0.0,0,-49.52,-46.75,[],0,0,[],[]
26370760,26371920,OCH,CXN,0.0,783,XIOCAC,RC,0,NT,FH,0.0,0,-23.23,-18.36,[],0,0,[],[]
26371920,26372750,NA,OLN,0.0,783,XIOCAC,NA,NA,NA,NA,0.0,0,-25.63,-18.45,[],0,0,[],[]
26372750,26373740,OCH,CXN,0.0,783,XIOCAC,RC,0,NT,FH,0.0,0,-27.01,-18.7,[],0,0,[],[]
26373740,26374790,NA,MAF,0.0,783,XIOCAC,NA,NA,NA,NA,0.0,0,-39.55,-25.58,[],0,0,[],[]
26374790,26376240,OCH,CXN,0.0,783,XIOCAC,RC,0,NT,FH,0.0,0,-30.47,-22.94,[],0,0,[],[]
26376240,26377310,NA,MAF,0.0,783,XIOCAC,NA,NA,NA,NA,0.0,0,-48.6,-41.01,[],0,0,[],[]
26377310,26379030,OCH,CXN,0.0,783,XIOCAC,RC,0,NT,FH,0.0,0,-26.04,-18.86,[],0,0,[],[]
26379030,26379850,NA,OLF,0.0,783,XIOCAC,NA,NA,NA,NA,0.0,0,-48.21,-44.07,[],0,0,[],[]
26379850,26380660,OCH,CXN,0.0,783,XIOCAC,RC,0,NT,FH,0.0,0,-32.17,-23.28,[],0,0,[],[]
26380660,26382570,NA,MAF,0.0,783,XIOCAC,NA,NA,NA,NA,0.0,0,-49.14,-44.74,[],0,0,[],[]
26382570,26383430,NA,OLF,0.0,783,XIOCAC,NA,NA,NA,NA,0.0,0,-42.74,-36.54,[],0,0,[],[]
26383430,26385570,OCH,CXN,0.0,783,XIOCAC,RC,0,NT,FH,0.0,0,-29.35,-17.0,[],0,0,[],[]
26385570,26386420,NA,OLF,0.0,783,XIOCAC,NA,NA,NA,NA,0.0,0,-45.42,-40.15,[],0,0,[],[]
26386420,26387930,OCH,CXN,0.0,783,XIOCAC,RC,0,NT,FH,0.0,0,-25.85,-18.87,[],0,0,[],[]
26387930,26388930,NA,MAF,0.0,783,XIOCAC,NA,NA,NA,NA,0.0,0,-47.91,-39.34,[],0,0,[],[]
26388930,26390990,OCH,CXN,0.0,783,XIOCAC,RC,0,NT,FH,0.0,0,-33.18,-25.03,[],0,0,[],[]
26390990,26391790,NA,FAF,0.0,783,XIOCAC,NA,NA,NA,NA,0.0,0,-39.3,-29.18,[],0,0,[],[]
26391790,26392590,OCH,CXN,0.0,783,XIOCAC,RC,0,NT,FH,0.0,0,-31.69,-24.19,[],0,0,[],[]
26392590,26393390,NA,MAF,0.0,783,XIOCAC,NA,NA,NA,NA,0.0,0,-49.67,-46.94,[],0,0,[],[]
26393390,26394670,NA,OLF,0.0,783,XIOCAC,NA,NA,NA,NA,0.0,0,-39.68,-27.07,[],0,0,[],[]
26394670,26395470,OCH,CXN,0.0,783,XIOCAC,RC,0,NT,FH,0.0,0,-37.74,-30.21,[],0,0,[],[]
26395470,26397060,NA,OLN,0.0,783,XIOCAC,NA,NA,NA,NA,0.0,0,-41.99,-34.96,[],0,0,[],[]
26397060,26397950,OCH,CXN,0.0,783,XIOCAC,RC,0,NT,FH,0.0,0,-35.14,-26.51,[],0,0,[],[]
26397950,26399050,NA,MAF,0.0,783,XIOCAC,NA,NA,NA,NA,0.0,0,-49.2,-45.1,[],0,0,[],[]
26399050,26404440,OCH,CXN,0.0,783,XIOCAC,RC,0,NT,FH,0.0,0,-26.03,-17.23,[],0,0,[],[]
26404440,26405260,NA,OLF,0.0,783,XIOCAC,NA,NA,NA,NA,0.0,0,-38.33,-24.68,[],0,0,[],[]
26405260,26408240,OCH,CXN,0.0,783,XIOCAC,RC,0,NT,FH,0.0,0,-21.88,-14.55,[],0,0,[],[]
26408240,26410770,NA,MAF,0.0,783,XIOCAC,NA,NA,NA,NA,0.0,0,-42.85,-26.85,[],0,0,[],[]
26410770,26412580,OCH,CXN,0.0,783,XIOCAC,RC,0,NT,FH,0.0,0,-32.36,-23.34,[],0,0,[],[]
26412580,26413210,OCH,CXN,0.0,783,XIOCAC,RC,0,NT,FH,0.0,0,-27.52,-22.16,[],0,0,[],[]
26413210,26414010,CHI,CHN,0.0,783,XIOCAC,NA,NA,NA,NA,0.0,0,-25.95,-21.74,[],0,800,"[{'start': 26413.21, 'end': 26414.01}]",[]
26414010,26416450,NA,MAF,0.0,783,XIOCAC,NA,NA,NA,NA,0.0,0,-49.19,-43.18,[],0,0,[],[]
26416450,26418640,OCH,CXN,0.0,783,XIOCAC,RC,0,NT,FH,0.0,0,-28.53,-21.71,[],0,0,[],[]
26418640,26419580,OCH,CXN,0.0,783,XIOCAC,RC,0,NT,FH,0.0,0,-24.4,-21.98,[],0,0,[],[]
26419580,26420630,OCH,CXN,0.0,783,XIOCAC,RC,0,NT,FH,0.0,0,-28.96,-24.15,[],0,0,[],[]
26420630,26421650,NA,TVN,0.0,783,XIOCAC,NA,NA,NA,NA,0.0,0,-41.86,-36.87,[],0,0,[],[]
26421650,26422510,OCH,CXN,0.0,783,XIOCAC,RC,0,NT,FH,0.0,0,-34.9,-28.6,[],0,0,[],[]
26422510,26423500,NA,OLN,0.0,783,XIOCAC,NA,NA,NA,NA,0.0,0,-31.01,-19.06,[],0,0,[],[]
26423500,26425280,OCH,CXN,0.0,783,XIOCAC,RC,0,NT,FH,0.0,0,-28.21,-19.15,[],0,0,[],[]
26425280,26425910,OCH,CXN,0.0,783,XIOCAC,RC,0,NT,FH,0.0,0,-22.11,-16.99,[],0,0,[],[]
26425910,26427320,OCH,CXN,0.0,783,XIOCAC,RC,0,NT,FH,0.0,0,-31.4,-21.03,[],0,0,[],[]
26427320,26428120,NA,OLF,0.0,783,XIOCAC,NA,NA,NA,NA,0.0,0,-45.38,-33.54,[],0,0,[],[]
26428120,26428920,OCH,CXN,0.0,783,XIOCAC,RC,0,NT,FH,0.0,0,-25.41,-17.84,[],0,0,[],[]
26428920,26432130,NA,MAF,0.0,783,XIOCAC,NA,NA,NA,NA,0.0,0,-48.68,-38.1,[],0,0,[],[]
26432130,26433610,OCH,CXN,0.0,783,XIOCAC,RC,0,NT,FH,0.0,0,-24.09,-17.18,[],0,0,[],[]
26433610,26434320,CHI,CHN,0.0,783,XIOCAC,NA,NA,NA,NA,0.0,0,-19.43,-16.61,[],0,710,"[{'start': 26433.61, 'end': 26434.32}]",[]
26434320,26435500,OCH,CXN,0.0,783,XIOCAC,RC,0,NT,FH,0.0,0,-24.07,-20.68,[],0,0,[],[]
26435500,26437290,NA,MAF,0.0,783,XIOCAC,NA,NA,NA,NA,0.0,0,-49.03,-41.51,[],0,0,[],[]
26437290,26438210,OCH,CXN,0.0,783,XIOCAC,RC,0,NT,FH,0.0,0,-30.83,-20.53,[],0,0,[],[]
26438210,26438820,CHI,CHN,0.0,783,XIOCAC,NA,NA,NA,NA,0.0,0,-21.63,-16.12,[],0,610,"[{'start': 26438.21, 'end': 26438.82}]",[]
26438820,26444100,OCH,CXN,0.0,783,XIOCAC,RC,0,NT,FH,0.0,0,-25.7,-16.93,[],0,0,[],[]
26444100,26444900,NA,OLF,0.0,783,XIOCAC,NA,NA,NA,NA,0.0,0,-40.94,-30.8,[],0,0,[],[]
26444900,26445700,OCH,CXN,0.0,783,XIOCAC,RC,0,NT,FH,0.0,0,-24.94,-18.91,[],0,0,[],[]
26445700,26446340,CHI,CHN,0.0,783,XIOCAC,NA,NA,NA,NA,0.0,0,-18.73,-17.01,[],0,640,"[{'start': 26445.7, 'end': 26446.34}]",[]
26446340,26448390,OCH,CXN,0.0,783,XIOCAC,RC,0,NT,FH,0.0,0,-30.51,-20.28,[],0,0,[],[]
26448390,26450150,NA,MAF,0.0,783,XIOCAC,NA,NA,NA,NA,0.0,0,-47.27,-36.47,[],0,0,[],[]
26450150,26452380,NA,OLF,0.0,783,XIOCAC,NA,NA,NA,NA,0.0,0,-39.21,-29.25,[],0,0,[],[]
26452380,26453530,OCH,CXN,0.0,783,XIOCAC,RC,0,NT,FH,0.0,0,-28.19,-17.14,[],0,0,[],[]
26453530,26454650,OCH,CXN,0.0,783,XIOCAC,RC,0,NT,FH,0.0,0,-17.72,-11.67,[],0,0,[],[]
26454650,26455450,OCH,CXN,0.0,783,XIOCAC,RC,0,NT,FH,0.0,0,-19.65,-14.33,[],0,0,[],[]
26455450,26456050,OCH,CXN,0.0,783,XIOCAC,RC,0,NT,FH,0.0,0,-33.82,-24.53,[],0,0,[],[]
26456050,26457860,NA,OLN,0.0,783,XIOCAC,NA,NA,NA,NA,0.0,0,-29.12,-15.87,[],0,0,[],[]
26457860,26460120,NA,MAF,0.0,783,XIOCAC,NA,NA,NA,NA,0.0,0,-49.18,-43.3,[],0,0,[],[]
26460120,26464830,OCH,CXN,0.0,783,XIOCAC,RC,0,NT,FH,0.0,0,-26.09,-16.97,[],0,0,[],[]
26464830,26465540,OCH,CXN,0.0,783,XIOCAC,RC,0,NT,FH,0.0,0,-30.45,-20.65,[],0,0,[],[]
26465540,26466350,OCH,CXN,0.0,783,XIOCAC,RC,0,NT,FH,0.0,0,-24.12,-18.86,[],0,0,[],[]
26466350,26467010,OCH,CXN,0.0,783,XIOCAC,RC,0,NT,FH,0.0,0,-21.92,-16.98,[],0,0,[],[]
26467010,26470020,OCH,CXN,0.0,783,XIOCAC,RC,0,NT,FH,0.0,0,-25.72,-13.23,[],0,0,[],[]
26470020,26471020,NA,MAF,0.0,783,XIOCAC,NA,NA,NA,NA,0.0,0,-49.48,-46.46,[],0,0,[],[]
26471020,26471820,OCH,CXN,0.0,783,XIOCAC,RC,0,NT,FH,0.0,0,-36.41,-28.97,[],0,0,[],[]
26471820,26473420,NA,MAF,0.0,783,XIOCAC,NA,NA,NA,NA,0.0,0,-49.36,-45.41,[],0,0,[],[]
26473420,26474030,FEM,FAN,3.21,783,XIOCAC,EC,0,NT,FI,0.0,0,-32.54,-27.38,[],0,0,[],[]
26474030,26480480,NA,NON,0.0,784,pause,NA,NA,NA,NA,0.0,0,-47.29,-34.27,[],0,0,[],[]
26480480,26481360,OCH,CXN,0.0,784,XIOCC,BC,0,NT,FI,0.0,0,-37.05,-30.94,[],0,0,[],[]
26481360,26482180,NA,OLN,0.0,784,XIOCC,NA,NA,NA,NA,0.0,0,-39.37,-33.81,[],0,0,[],[]
26482180,26484950,OCH,CXN,0.0,784,XIOCC,RC,0,NT,FH,0.0,0,-27.03,-20.97,[],0,0,[],[]
26484950,26486460,CHI,CHN,0.0,784,XIOCC,NA,NA,NA,NA,0.0,0,-17.61,-14.41,[],0,1510,"[{'start': 26484.95, 'end': 26486.46}]",[]
26486460,26487440,OCH,CXN,0.0,784,XIOCC,RC,0,NT,FH,0.0,0,-25.48,-20.66,[],0,0,[],[]
26487440,26488910,OCH,CXN,0.0,784,XIOCC,RC,0,NT,FH,0.0,0,-25.79,-14.5,[],0,0,[],[]
26488910,26490500,OCH,CXN,0.0,784,XIOCC,RC,0,NT,FH,0.0,0,-20.24,-11.51,[],0,0,[],[]
26490500,26491300,NA,MAF,0.0,784,XIOCC,NA,NA,NA,NA,0.0,0,-40.5,-27.81,[],0,0,[],[]
26491300,26493020,OCH,CXN,0.0,784,XIOCC,RC,0,NT,FH,0.0,0,-19.97,-13.46,[],0,0,[],[]
26493020,26494440,NA,MAF,0.0,784,XIOCC,NA,NA,NA,NA,0.0,0,-30.01,-15.14,[],0,0,[],[]
26494440,26495040,CHI,CHN,0.0,784,XIOCC,NA,NA,NA,NA,0.0,0,-21.38,-15.43,[],0,380,"[{'start': 26494.66, 'end': 26495.04}]",[]
26495040,26498080,OCH,CXN,0.0,784,XIOCC,RC,0,NT,FH,0.0,0,-23.63,-13.21,[],0,0,[],[]
26498080,26499150,NA,OLF,0.0,784,XIOCC,NA,NA,NA,NA,0.0,0,-32.74,-17.57,[],0,0,[],[]
26499150,26502830,OCH,CXN,0.0,784,XIOCC,RC,0,NT,FH,0.0,0,-26.68,-16.93,[],0,0,[],[]
26502830,26503910,OCH,CXN,0.0,784,XIOCC,RC,0,NT,FH,0.0,0,-31.2,-22.96,[],0,0,[],[]
26503910,26504900,OCH,CXN,0.0,784,XIOCC,RC,0,NT,FH,0.0,0,-29.81,-21.68,[],0,0,[],[]
26504900,26506350,NA,MAF,0.0,784,XIOCC,NA,NA,NA,NA,0.0,0,-49.43,-44.8,[],0,0,[],[]
26506350,26507420,OCH,CXN,0.0,784,XIOCC,RC,0,NT,FH,0.0,0,-37.21,-27.49,[],0,0,[],[]
26507420,26508420,NA,MAF,0.0,784,XIOCC,NA,NA,NA,NA,0.0,0,-46.83,-34.84,[],0,0,[],[]
26508420,26509230,CHI,CHN,0.0,784,XIOCC,NA,NA,NA,NA,0.0,0,-23.37,-19.85,[],0,810,"[{'start': 26508.42, 'end': 26509.23}]",[]
26509230,26511170,CHI,CHN,0.0,784,XIOCC,NA,NA,NA,NA,0.0,0,-22.53,-15.97,[],0,1940,"[{'start': 26509.23, 'end': 26511.17}]",[]
26511170,26512180,OCH,CXN,0.0,784,XIOCC,RC,0,NT,FH,0.0,0,-35.33,-26.29,[],0,0,[],[]
26512180,26513990,NA,MAF,0.0,784,XIOCC,NA,NA,NA,NA,0.0,0,-35.84,-20.62,[],0,0,[],[]
26513990,26516380,CHI,CHN,0.0,784,XIOCC,NA,NA,NA,NA,0.0,0,-24.71,-16.58,[],0,2390,"[{'start': 26513.99, 'end': 26516.38}]",[]
26516380,26517400,OCH,CXN,0.0,784,XIOCC,RC,0,NT,FH,0.0,0,-39.15,-31.4,[],0,0,[],[]
26517400,26518240,OCH,CXN,0.0,784,XIOCC,RC,0,NT,FH,0.0,0,-33.35,-25.59,[],0,0,[],[]
26518240,26519260,NA,OLF,0.0,784,XIOCC,NA,NA,NA,NA,0.0,0,-41.86,-31.1,[],0,0,[],[]
26519260,26520060,OCH,CXN,0.0,784,XIOCC,RC,0,NT,FH,0.0,0,-38.66,-28.6,[],0,0,[],[]
26520060,26521410,NA,MAF,0.0,784,XIOCC,NA,NA,NA,NA,0.0,0,-47.82,-36.54,[],0,0,[],[]
26521410,26522250,OCH,CXN,0.0,784,XIOCC,RC,0,NT,FH,0.0,0,-25.81,-16.5,[],0,0,[],[]
26522250,26522890,CHI,CHN,0.0,784,XIOCC,RC,0,NT,FI,1.0,640,-23.23,-16.63,"[{'Canonical-syllable': '0', 'Growl': '0', 'High-freq-energy': '0', 'Long-island': '0', 'Low-tilt-spectrum': '0', 'Medium-island': '1', 'Short-island': '0', 'Squeal': '0', 'Typical-entropy': '0', 'Voicing-quality': '1', 'Wide-band': '0', 'Xlong-island': '0', 'seq': '1', 'end': 26522.89, 'start': 26522.25}]",0,0,[],[]
26522890,26524720,NA,MAF,0.0,784,XIOCC,NA,NA,NA,NA,0.0,0,-49.45,-45.88,[],0,0,[],[]
26524720,26528630,OCH,CXN,0.0,784,XIOCC,RC,0,NT,FI,0.0,0,-23.71,-14.58,[],0,0,[],[]
26528630,26529660,NA,MAF,0.0,784,XIOCC,NA,NA,NA,NA,0.0,0,-49.34,-45.96,[],0,0,[],[]
26529660,26531120,OCH,CXN,0.0,784,XIOCC,RC,0,NT,FH,0.0,0,-28.22,-17.44,[],0,0,[],[]
26531120,26531720,CHI,CHN,0.0,784,XIOCC,NA,NA,NA,NA,0.0,0,-17.57,-14.9,[],0,600,"[{'start': 26531.12, 'end': 26531.72}]",[]
26531720,26533210,OCH,CXN,0.0,784,XIOCC,EC,0,NT,FH,0.0,0,-23.29,-15.71,[],0,0,[],[]
26533210,26534490,NA,OLF,0.0,785,pause,NA,NA,NA,NA,0.0,0,-34.36,-21.01,[],0,0,[],[]
26534490,26535870,CHI,CHN,0.0,785,pause,NA,NA,NA,NA,0.0,0,-22.23,-17.11,[],0,1380,"[{'start': 26534.49, 'end': 26535.87}]",[]
26535870,26536670,CHI,CHN,0.0,785,pause,NA,NA,NA,NA,0.0,0,-23.72,-17.23,[],0,690,"[{'start': 26535.87, 'end': 26536.56}]",[]
26536670,26539400,NA,MAF,0.0,785,pause,NA,NA,NA,NA,0.0,0,-37.89,-21.54,[],0,0,[],[]
26539400,26541680,OCH,CXN,0.0,785,XM,BC,0,NT,FI,0.0,0,-23.12,-12.34,[],0,0,[],[]
26541680,26542680,NA,MAF,0.0,785,XM,NA,NA,NA,NA,0.0,0,-41.22,-30.65,[],0,0,[],[]
26542680,26544120,OCH,CXN,0.0,785,XM,RC,0,NT,FH,0.0,0,-26.66,-19.12,[],0,0,[],[]
26544120,26546360,NA,MAF,0.0,785,XM,NA,NA,NA,NA,0.0,0,-44.6,-33.24,[],0,0,[],[]
26546360,26547160,OCH,CXN,0.0,785,XM,RC,0,NT,FH,0.0,0,-22.63,-17.14,[],0,0,[],[]
26547160,26547760,CHI,CHN,0.0,785,XM,NA,NA,NA,NA,0.0,0,-26.03,-20.24,[],0,600,"[{'start': 26547.16, 'end': 26547.76}]",[]
26547760,26548570,OCH,CXN,0.0,785,XM,RC,0,NT,FH,0.0,0,-31.12,-23.58,[],0,0,[],[]
26548570,26551620,NA,MAF,0.0,785,XM,NA,NA,NA,NA,0.0,0,-48.64,-42.53,[],0,0,[],[]
26551620,26552240,OCH,CXN,0.0,785,XM,RC,0,NT,FH,0.0,0,-24.82,-21.29,[],0,0,[],[]
26552240,26554220,OCH,CXN,0.0,785,XM,RC,0,NT,FH,0.0,0,-29.04,-19.25,[],0,0,[],[]
26554220,26554930,OCH,CXN,0.0,785,XM,RC,0,NT,FH,0.0,0,-23.56,-20.26,[],0,0,[],[]
26554930,26556040,NA,OLF,0.0,785,XM,NA,NA,NA,NA,0.0,0,-42.81,-34.29,[],0,0,[],[]
26556040,26559620,OCH,CXN,0.0,785,XM,RC,0,NT,FH,0.0,0,-25.16,-13.0,[],0,0,[],[]
26559620,26560480,CHI,CHN,0.0,785,XM,NA,NA,NA,NA,0.0,0,-20.31,-14.5,[],0,860,"[{'start': 26559.62, 'end': 26560.48}]",[]
26560480,26561300,OCH,CXN,0.0,785,XM,EC,0,NT,FH,0.0,0,-28.33,-18.87,[],0,0,[],[]
26561300,26563450,NA,MAF,0.0,786,pause,NA,NA,NA,NA,0.0,0,-49.33,-44.5,[],0,0,[],[]
26563450,26564270,CHI,CHN,0.0,786,pause,NA,NA,NA,NA,0.0,0,-23.04,-18.65,[],0,730,"[{'start': 26563.54, 'end': 26564.27}]",[]
26564270,26564870,CHI,CHN,0.0,786,pause,NA,NA,NA,NA,0.0,0,-23.95,-19.51,[],0,510,"[{'start': 26564.27, 'end': 26564.78}]",[]
26564870,26567850,NA,MAF,0.0,786,pause,NA,NA,NA,NA,0.0,0,-42.33,-26.67,[],0,0,[],[]
26567850,26569590,OCH,CXN,0.0,786,XIOCA,BC,0,NT,FI,0.0,0,-26.96,-11.92,[],0,0,[],[]
26569590,26570400,NA,OLF,0.0,786,XIOCA,NA,NA,NA,NA,0.0,0,-43.43,-35.72,[],0,0,[],[]
26570400,26572440,OCH,CXN,0.0,786,XIOCA,RC,0,NT,FH,0.0,0,-24.68,-17.13,[],0,0,[],[]
26572440,26573040,OCH,CXN,0.0,786,XIOCA,RC,0,NT,FH,0.0,0,-19.78,-16.72,[],0,0,[],[]
26573040,26573840,OCH,CXN,0.0,786,XIOCA,RC,0,NT,FH,0.0,0,-26.18,-20.68,[],0,0,[],[]
26573840,26574660,NA,OLN,0.0,786,XIOCA,NA,NA,NA,NA,0.0,0,-34.62,-26.72,[],0,0,[],[]
26574660,26575350,CHI,CHN,0.0,786,XIOCA,NA,NA,NA,NA,0.0,0,-18.76,-13.54,[],0,550,"[{'start': 26574.8, 'end': 26575.35}]",[]
26575350,26577160,OCH,CXN,0.0,786,XIOCA,RC,0,NT,FH,0.0,0,-24.01,-13.84,[],0,0,[],[]
26577160,26578110,NA,OLN,0.0,786,XIOCA,NA,NA,NA,NA,0.0,0,-27.44,-12.43,[],0,0,[],[]
26578110,26580680,OCH,CXN,0.0,786,XIOCA,RC,0,NT,FH,0.0,0,-23.67,-15.16,[],0,0,[],[]
26580680,26581480,NA,MAF,0.0,786,XIOCA,NA,NA,NA,NA,0.0,0,-39.05,-30.55,[],0,0,[],[]
26581480,26582670,OCH,CXN,0.0,786,XIOCA,RC,0,NT,FH,0.0,0,-29.03,-21.43,[],0,0,[],[]
26582670,26583500,NA,OLN,0.0,786,XIOCA,NA,NA,NA,NA,0.0,0,-30.18,-19.58,[],0,0,[],[]
26583500,26584310,OCH,CXN,0.0,786,XIOCA,RC,0,NT,FH,0.0,0,-25.99,-17.24,[],0,0,[],[]
26584310,26584920,OCH,CXN,0.0,786,XIOCA,RC,0,NT,FH,0.0,0,-25.71,-20.29,[],0,0,[],[]
26584920,26586370,CHI,CHN,0.0,786,XIOCA,NA,NA,NA,NA,0.0,0,-27.41,-21.84,[],0,1280,"[{'start': 26584.92, 'end': 26585.39}, {'start': 26585.56, 'end': 26586.37}]",[]
26586370,26587480,OCH,CXN,0.0,786,XIOCA,RC,0,NT,FH,0.0,0,-28.28,-18.86,[],0,0,[],[]
26587480,26588770,OCH,CXN,0.0,786,XIOCA,RC,0,NT,FH,0.0,0,-22.31,-14.47,[],0,0,[],[]
26588770,26589990,NA,OLN,0.0,786,XIOCA,NA,NA,NA,NA,0.0,0,-21.69,-13.88,[],0,0,[],[]
26589990,26590800,OCH,CXN,0.0,786,XIOCA,RC,0,NT,FH,0.0,0,-30.07,-24.04,[],0,0,[],[]
26590800,26591740,NA,OLF,0.0,786,XIOCA,NA,NA,NA,NA,0.0,0,-35.6,-25.58,[],0,0,[],[]
26591740,26594790,OCH,CXN,0.0,786,XIOCA,RC,0,NT,FH,0.0,0,-24.64,-16.53,[],0,0,[],[]
26594790,26596280,OCH,CXN,0.0,786,XIOCA,RC,0,NT,FH,0.0,0,-32.68,-20.19,[],0,0,[],[]
26596280,26597340,OCH,CXN,0.0,786,XIOCA,RC,0,NT,FH,0.0,0,-24.02,-19.18,[],0,0,[],[]
26597340,26597940,OCH,CXN,0.0,786,XIOCA,RC,0,NT,FH,0.0,0,-25.77,-19.98,[],0,0,[],[]
26597940,26598950,OCH,CXN,0.0,786,XIOCA,RC,0,NT,FH,0.0,0,-21.56,-13.8,[],0,0,[],[]
26598950,26600080,OCH,CXN,0.0,786,XIOCA,RC,0,NT,FH,0.0,0,-31.61,-19.28,[],0,0,[],[]
26600080,26600880,CHI,CHN,0.0,786,XIOCA,NA,NA,NA,NA,0.0,0,-21.32,-17.04,[],0,800,"[{'start': 26600.08, 'end': 26600.88}]",[]
26600880,26601520,OCH,CXN,0.0,786,XIOCA,RC,0,NT,FH,0.0,0,-20.68,-17.31,[],0,0,[],[]
26601520,26602850,OCH,CXN,0.0,786,XIOCA,RC,0,NT,FH,0.0,0,-26.24,-18.96,[],0,0,[],[]
26602850,26603630,OCH,CXN,0.0,786,XIOCA,RC,0,NT,FH,0.0,0,-22.96,-13.3,[],0,0,[],[]
26603630,26605100,OCH,CXN,0.0,786,XIOCA,RC,0,NT,FH,0.0,0,-27.38,-21.83,[],0,0,[],[]
26605100,26606100,FEM,FAN,6.48,786,XIOCA,RC,0,NT,FI,0.0,0,-35.5,-28.74,[],0,0,[],[]
26606100,26611260,OCH,CXN,0.0,786,XIOCA,RC,0,NT,FI,0.0,0,-26.47,-15.58,[],0,0,[],[]
26611260,26612300,NA,MAF,0.0,786,XIOCA,NA,NA,NA,NA,0.0,0,-40.54,-28.94,[],0,0,[],[]
26612300,26613170,OCH,CXN,0.0,786,XIOCA,RC,0,NT,FH,0.0,0,-25.22,-17.89,[],0,0,[],[]
26613170,26615440,OCH,CXN,0.0,786,XIOCA,RC,0,NT,FH,0.0,0,-21.14,-14.17,[],0,0,[],[]
26615440,26616240,NA,OLF,0.0,786,XIOCA,NA,NA,NA,NA,0.0,0,-39.19,-30.35,[],0,0,[],[]
26616240,26618490,OCH,CXN,0.0,786,XIOCA,RC,0,NT,FH,0.0,0,-23.98,-16.84,[],0,0,[],[]
26618490,26619100,CHI,CHN,0.0,786,XIOCA,NA,NA,NA,NA,0.0,0,-20.41,-17.96,[],0,610,"[{'start': 26618.49, 'end': 26619.1}]",[]
26619100,26620140,OCH,CXN,0.0,786,XIOCA,RC,0,NT,FH,0.0,0,-33.22,-21.3,[],0,0,[],[]
26620140,26621430,NA,MAF,0.0,786,XIOCA,NA,NA,NA,NA,0.0,0,-49.05,-41.79,[],0,0,[],[]
26621430,26622470,OCH,CXN,0.0,786,XIOCA,RC,0,NT,FH,0.0,0,-37.68,-30.2,[],0,0,[],[]
26622470,26623460,OCH,CXN,0.0,786,XIOCA,RC,0,NT,FH,0.0,0,-29.91,-20.75,[],0,0,[],[]
26623460,26624060,FEM,FAN,0.0,786,XIOCA,NA,NA,NA,NA,0.0,0,-37.12,-26.56,[],600,0,[],[]
26624060,26626060,NA,MAF,0.0,786,XIOCA,NA,NA,NA,NA,0.0,0,-49.47,-45.37,[],0,0,[],[]
26626060,26626880,OCH,CXN,0.0,786,XIOCA,RC,0,NT,FH,0.0,0,-30.45,-20.52,[],0,0,[],[]
26626880,26628850,CHI,CHN,0.0,786,XIOCA,NA,NA,NA,NA,0.0,0,-19.78,-14.16,[],0,1970,"[{'start': 26626.88, 'end': 26628.85}]",[]
26628850,26630710,OCH,CXN,0.0,786,XIOCA,RC,0,NT,FH,0.0,0,-29.0,-19.08,[],0,0,[],[]
26630710,26634380,NA,MAF,0.0,786,XIOCA,NA,NA,NA,NA,0.0,0,-45.52,-32.15,[],0,0,[],[]
26634380,26635420,OCH,CXN,0.0,786,XIOCA,RC,0,NT,FH,0.0,0,-37.94,-29.58,[],0,0,[],[]
26635420,26636310,NA,OLF,0.0,786,XIOCA,NA,NA,NA,NA,0.0,0,-40.55,-30.29,[],0,0,[],[]
26636310,26640330,OCH,CXN,0.0,786,XIOCA,RC,0,NT,FH,0.0,0,-25.3,-13.13,[],0,0,[],[]
26640330,26641310,NA,OLN,0.0,786,XIOCA,NA,NA,NA,NA,0.0,0,-33.88,-25.27,[],0,0,[],[]
26641310,26642440,NA,MAF,0.0,786,XIOCA,NA,NA,NA,NA,0.0,0,-49.0,-43.96,[],0,0,[],[]
26642440,26643240,CHI,CHN,0.0,786,XIOCA,NA,NA,NA,NA,0.0,0,-29.44,-21.91,[],0,500,"[{'start': 26642.74, 'end': 26643.24}]",[]
26643240,26644110,OCH,CXN,0.0,786,XIOCA,RC,0,NT,FH,0.0,0,-23.76,-20.76,[],0,0,[],[]
26644110,26645250,OCH,CXN,0.0,786,XIOCA,EC,0,NT,FH,0.0,0,-26.14,-21.08,[],0,0,[],[]
26645250,26646820,NA,OLF,0.0,787,pause,NA,NA,NA,NA,0.0,0,-43.34,-33.08,[],0,0,[],[]
26646820,26649410,CHI,CHN,0.0,787,pause,NA,NA,NA,NA,0.0,0,-23.45,-14.42,[],0,2590,"[{'start': 26646.82, 'end': 26649.41}]",[]
26649410,26650420,NA,MAF,0.0,787,pause,NA,NA,NA,NA,0.0,0,-47.27,-38.96,[],0,0,[],[]
26650420,26651900,NA,OLF,0.0,787,pause,NA,NA,NA,NA,0.0,0,-41.38,-31.21,[],0,0,[],[]
26651900,26652700,OCH,CXN,0.0,787,XM,BC,0,NT,FI,0.0,0,-24.47,-19.27,[],0,0,[],[]
26652700,26653910,NA,MAF,0.0,787,XM,NA,NA,NA,NA,0.0,0,-49.21,-45.44,[],0,0,[],[]
26653910,26655830,OCH,CXN,0.0,787,XM,EC,0,NT,FH,0.0,0,-28.52,-17.43,[],0,0,[],[]
26655830,26657920,NA,OLF,0.0,788,pause,NA,NA,NA,NA,0.0,0,-37.43,-26.65,[],0,0,[],[]
26657920,26661040,NA,MAF,0.0,788,pause,NA,NA,NA,NA,0.0,0,-48.79,-39.83,[],0,0,[],[]
26661040,26667430,OCH,CXN,0.0,788,XM,EC,0,NT,FI,0.0,0,-31.92,-23.46,[],0,0,[],[]
26667430,26672980,NA,NON,0.0,789,pause,NA,NA,NA,NA,0.0,0,-48.3,-37.5,[],0,0,[],[]
26672980,26674090,OCH,CXN,0.0,789,XM,BC,0,NT,FI,0.0,0,-37.89,-28.73,[],0,0,[],[]
26674090,26675090,NA,CXF,0.0,789,XM,NA,NA,NA,NA,0.0,0,-40.99,-33.88,[],0,0,[],[]
26675090,26675920,OCH,CXN,0.0,789,XM,RC,0,NT,FH,0.0,0,-37.13,-30.06,[],0,0,[],[]
26675920,26676950,NA,OLF,0.0,789,XM,NA,NA,NA,NA,0.0,0,-44.52,-37.15,[],0,0,[],[]
26676950,26677820,OCH,CXN,0.0,789,XM,RC,0,NT,FH,0.0,0,-39.45,-33.06,[],0,0,[],[]
26677820,26678620,NA,OLN,0.0,789,XM,NA,NA,NA,NA,0.0,0,-36.72,-28.08,[],0,0,[],[]
26678620,26681710,OCH,CXN,0.0,789,XM,RC,0,NT,FH,0.0,0,-31.84,-20.85,[],0,0,[],[]
26681710,26682330,CHI,CHN,0.0,789,XM,NA,NA,NA,NA,0.0,0,-25.37,-22.83,[],0,620,"[{'start': 26681.71, 'end': 26682.33}]",[]
26682330,26685070,OCH,CXN,0.0,789,XM,RC,0,NT,FH,0.0,0,-24.82,-10.39,[],0,0,[],[]
26685070,26685870,NA,OLF,0.0,789,XM,NA,NA,NA,NA,0.0,0,-43.01,-35.24,[],0,0,[],[]
26685870,26686770,OCH,CXN,0.0,789,XM,RC,0,NT,FH,0.0,0,-38.69,-32.54,[],0,0,[],[]
26686770,26687570,NA,OLN,0.0,789,XM,NA,NA,NA,NA,0.0,0,-29.94,-19.01,[],0,0,[],[]
26687570,26690120,NA,MAF,0.0,789,XM,NA,NA,NA,NA,0.0,0,-47.55,-37.26,[],0,0,[],[]
26690120,26691090,OCH,CXN,0.0,789,XM,RC,0,NT,FH,0.0,0,-24.61,-18.16,[],0,0,[],[]
26691090,26692560,NA,MAF,0.0,789,XM,NA,NA,NA,NA,0.0,0,-49.22,-44.85,[],0,0,[],[]
26692560,26693360,NA,OLF,0.0,789,XM,NA,NA,NA,NA,0.0,0,-48.96,-43.75,[],0,0,[],[]
26693360,26695820,NA,MAF,0.0,789,XM,NA,NA,NA,NA,0.0,0,-49.2,-45.48,[],0,0,[],[]
26695820,26696780,OCH,CXN,0.0,789,XM,RC,0,NT,FH,0.0,0,-35.47,-26.1,[],0,0,[],[]
26696780,26697750,NA,OLN,0.0,789,XM,NA,NA,NA,NA,0.0,0,-22.72,-11.46,[],0,0,[],[]
26697750,26702210,OCH,CXN,0.0,789,XM,RC,0,NT,FH,0.0,0,-29.64,-16.05,[],0,0,[],[]
26702210,26703060,OCH,CXN,0.0,789,XM,RC,0,NT,FH,0.0,0,-23.76,-15.74,[],0,0,[],[]
26703060,26704270,OCH,CXN,0.0,789,XM,RC,0,NT,FH,0.0,0,-27.68,-16.03,[],0,0,[],[]
26704270,26705380,NA,MAF,0.0,789,XM,NA,NA,NA,NA,0.0,0,-48.92,-43.8,[],0,0,[],[]
26705380,26706300,NA,CXF,0.0,789,XM,NA,NA,NA,NA,0.0,0,-40.34,-30.48,[],0,0,[],[]
26706300,26707140,OCH,CXN,0.0,789,XM,RC,0,NT,FH,0.0,0,-36.4,-30.15,[],0,0,[],[]
26707140,26708190,NA,OLF,0.0,789,XM,NA,NA,NA,NA,0.0,0,-42.03,-32.11,[],0,0,[],[]
26708190,26709410,OCH,CXN,0.0,789,XM,RC,0,NT,FH,0.0,0,-28.57,-18.45,[],0,0,[],[]
26709410,26710230,NA,OLN,0.0,789,XM,NA,NA,NA,NA,0.0,0,-31.56,-21.07,[],0,0,[],[]
26710230,26711030,OCH,CXN,0.0,789,XM,RC,0,NT,FH,0.0,0,-34.46,-26.82,[],0,0,[],[]
26711030,26711830,NA,OLN,0.0,789,XM,NA,NA,NA,NA,0.0,0,-33.25,-21.88,[],0,0,[],[]
26711830,26712540,CHI,CHN,0.0,789,XM,NA,NA,NA,NA,0.0,0,-18.81,-13.81,[],0,710,"[{'start': 26711.83, 'end': 26712.54}]",[]
26712540,26714240,OCH,CXN,0.0,789,XM,EC,0,NT,FH,0.0,0,-29.28,-17.96,[],0,0,[],[]
26714240,26716330,NA,OLF,0.0,790,pause,NA,NA,NA,NA,0.0,0,-41.02,-30.27,[],0,0,[],[]
26716330,26717380,NA,NOF,0.0,790,pause,NA,NA,NA,NA,0.0,0,-47.08,-41.89,[],0,0,[],[]
26717380,26719690,NA,MAF,0.0,790,pause,NA,NA,NA,NA,0.0,0,-49.37,-46.03,[],0,0,[],[]
26719690,26720610,NA,OLN,0.0,790,pause,NA,NA,NA,NA,0.0,0,-29.21,-24.64,[],0,0,[],[]
26720610,26722540,OCH,CXN,0.0,790,XM,BC,0,NT,FI,0.0,0,-23.14,-16.92,[],0,0,[],[]
26722540,26724060,NA,FAF,0.0,790,XM,NA,NA,NA,NA,0.0,0,-34.29,-20.73,[],0,0,[],[]
26724060,26725230,NA,OLF,0.0,790,XM,NA,NA,NA,NA,0.0,0,-40.84,-28.33,[],0,0,[],[]
26725230,26732000,OCH,CXN,0.0,790,XM,RC,0,NT,FH,0.0,0,-26.58,-13.6,[],0,0,[],[]
26732000,26733000,OCH,CXN,0.0,790,XM,RC,0,NT,FH,0.0,0,-27.54,-20.27,[],0,0,[],[]
26733000,26736680,OCH,CXN,0.0,790,XM,RC,0,NT,FH,0.0,0,-28.58,-18.12,[],0,0,[],[]
26736680,26737740,NA,MAF,0.0,790,XM,NA,NA,NA,NA,0.0,0,-47.97,-38.26,[],0,0,[],[]
26737740,26738710,NA,OLN,0.0,790,XM,NA,NA,NA,NA,0.0,0,-30.86,-19.39,[],0,0,[],[]
26738710,26740980,OCH,CXN,0.0,790,XM,RC,0,NT,FH,0.0,0,-25.5,-16.28,[],0,0,[],[]
26740980,26743270,NA,MAF,0.0,790,XM,NA,NA,NA,NA,0.0,0,-48.97,-45.32,[],0,0,[],[]
26743270,26744070,NA,OLF,0.0,790,XM,NA,NA,NA,NA,0.0,0,-41.29,-27.66,[],0,0,[],[]
26744070,26745100,NA,MAF,0.0,790,XM,NA,NA,NA,NA,0.0,0,-49.26,-45.92,[],0,0,[],[]
26745100,26746730,OCH,CXN,0.0,790,XM,EC,0,NT,FH,0.0,0,-27.86,-18.46,[],0,0,[],[]
26746730,26754380,NA,NON,0.0,791,pause,NA,NA,NA,NA,0.0,0,-48.87,-37.3,[],0,0,[],[]
26754380,26755180,NA,CXF,0.0,791,pause,NA,NA,NA,NA,0.0,0,-41.55,-34.97,[],0,0,[],[]
26755180,26756380,NA,MAF,0.0,791,pause,NA,NA,NA,NA,0.0,0,-49.34,-46.32,[],0,0,[],[]
26756380,26759980,OCH,CXN,0.0,791,XIC,BC,0,NT,FI,0.0,0,-27.56,-18.97,[],0,0,[],[]
26759980,26760940,NA,OLF,0.0,791,XIC,NA,NA,NA,NA,0.0,0,-36.47,-24.56,[],0,0,[],[]
26760940,26762650,NA,MAF,0.0,791,XIC,NA,NA,NA,NA,0.0,0,-44.32,-34.57,[],0,0,[],[]
26762650,26763450,NA,FAF,0.0,791,XIC,NA,NA,NA,NA,0.0,0,-45.33,-32.74,[],0,0,[],[]
26763450,26766540,OCH,CXN,0.0,791,XIC,RC,0,NT,FH,0.0,0,-29.1,-18.83,[],0,0,[],[]
26766540,26767140,CHI,CHN,0.0,791,XIC,NA,NA,NA,NA,0.0,0,-15.99,-13.17,[],0,600,"[{'start': 26766.54, 'end': 26767.14}]",[]
26767140,26769310,OCH,CXN,0.0,791,XIC,RC,0,NT,FH,0.0,0,-24.43,-15.97,[],0,0,[],[]
26769310,26771810,CHI,CHN,0.0,791,XIC,NA,NA,NA,NA,0.0,0,-20.39,-15.61,[],0,90,"[{'start': 26771.54, 'end': 26771.63}]",[]
26771810,26772610,NA,SIL,0.0,791,XIC,NA,NA,NA,NA,0.0,0,-58.38,-43.34,[],0,0,[],[]
26772610,26774270,OCH,CXN,0.0,791,XIC,RC,0,NT,FH,0.0,0,-23.96,-12.16,[],0,0,[],[]
26774270,26777150,CHI,CHN,0.0,791,XIC,NA,NA,NA,NA,0.0,0,-19.54,-16.23,[],0,2880,"[{'start': 26774.27, 'end': 26777.15}]",[]
26777150,26777970,CHI,CHN,0.0,791,XIC,NA,NA,NA,NA,0.0,0,-28.09,-17.18,[],0,540,"[{'start': 26777.15, 'end': 26777.69}]",[]
26777970,26778800,CHI,CHN,0.0,791,XIC,NA,NA,NA,NA,0.0,0,-26.69,-16.66,[],0,350,"[{'start': 26778.45, 'end': 26778.8}]",[]
26778800,26779690,OCH,CXN,0.0,791,XIC,RC,0,NT,FH,0.0,0,-39.24,-29.61,[],0,0,[],[]
26779690,26780590,NA,SIL,0.0,791,XIC,NA,NA,NA,NA,0.0,0,-58.33,-51.67,[],0,0,[],[]
26780590,26781590,NA,TVF,0.0,791,XIC,NA,NA,NA,NA,0.0,0,-37.48,-27.61,[],0,0,[],[]
26781590,26782540,OCH,CXN,0.0,791,XIC,RC,0,NT,FH,0.0,0,-25.91,-17.77,[],0,0,[],[]
26782540,26783820,CHI,CHN,0.0,791,XIC,NA,NA,NA,NA,0.0,0,-14.46,-5.46,[],0,1280,"[{'start': 26782.54, 'end': 26783.82}]",[]
26783820,26785150,CHI,CHN,0.0,791,XIC,NA,NA,NA,NA,0.0,0,-25.78,-18.45,[],0,970,"[{'start': 26783.82, 'end': 26784.79}]",[]
26785150,26785850,OCH,CXN,0.0,791,XIC,RC,0,NT,FH,0.0,0,-22.79,-11.68,[],0,0,[],[]
26785850,26786780,OCH,CXN,0.0,791,XIC,RC,0,NT,FH,0.0,0,-26.83,-17.7,[],0,0,[],[]
26786780,26790480,CHI,CHN,0.0,791,XIC,NA,NA,NA,NA,0.0,0,-17.91,-12.02,[],0,3700,"[{'start': 26786.78, 'end': 26790.48}]",[]
26790480,26795130,OCH,CXN,0.0,791,XIC,RC,0,NT,FH,0.0,0,-28.68,-19.5,[],0,0,[],[]
26795130,26796000,NA,NOF,0.0,791,XIC,NA,NA,NA,NA,0.0,0,-47.2,-32.92,[],0,0,[],[]
26796000,26797000,MAL,MAN,9.47,791,XIC,RC,0,NT,FI,0.0,0,-28.42,-17.03,[],0,0,[],[]
26797000,26798550,NA,OLN,0.0,791,XIC,NA,NA,NA,NA,0.0,0,-22.48,-6.15,[],0,0,[],[]
26798550,26801740,NA,NOF,0.0,791,XIC,NA,NA,NA,NA,0.0,0,-43.4,-26.31,[],0,0,[],[]
26801740,26802890,MAL,MAN,4.28,791,XIC,RC,0,NT,FH,0.0,0,-34.72,-25.9,[],0,0,[],[]
26802890,26803890,NA,NOF,0.0,791,XIC,NA,NA,NA,NA,0.0,0,-25.87,-7.05,[],0,0,[],[]
26803890,26804970,NA,OLF,0.0,791,XIC,NA,NA,NA,NA,0.0,0,-15.8,-7.22,[],0,0,[],[]
26804970,26805890,NA,NOF,0.0,791,XIC,NA,NA,NA,NA,0.0,0,-25.38,-8.39,[],0,0,[],[]
26805890,26806890,MAL,MAN,2.99,791,XIC,RC,0,NT,FH,0.0,0,-27.53,-15.59,[],0,0,[],[]
26806890,26807690,NA,OLF,0.0,791,XIC,NA,NA,NA,NA,0.0,0,-29.33,-12.77,[],0,0,[],[]
26807690,26808490,OCH,CXN,0.0,791,XIC,RC,0,NT,FI,0.0,0,-24.52,-15.11,[],0,0,[],[]
26808490,26809280,FEM,FAN,3.43,791,XIC,RC,0,TIFI,FI,0.0,0,-26.52,-18.36,[],0,0,[],[]
26809280,26810250,NA,OLN,0.0,791,XIC,NA,NA,NA,NA,0.0,0,-29.6,-17.51,[],0,0,[],[]
26810250,26811050,NA,NOF,0.0,791,XIC,NA,NA,NA,NA,0.0,0,-36.74,-26.36,[],0,0,[],[]
26811050,26811900,CHI,CHN,0.0,791,XIC,RC,1,TIFR,FI,1.0,850,-15.46,-7.89,"[{'Canonical-syllable': '0', 'Growl': '0', 'High-freq-energy': '0', 'Long-island': '1', 'Low-tilt-spectrum': '0', 'Medium-island': '0', 'Short-island': '0', 'Squeal': '0', 'Typical-entropy': '1', 'Voicing-quality': '1', 'Wide-band': '0', 'Xlong-island': '0', 'seq': '1', 'end': 26811.9, 'start': 26811.05}]",0,0,[],[]
26811900,26812730,NA,OLN,0.0,791,XIC,NA,NA,NA,NA,0.0,0,-23.47,-16.23,[],0,0,[],[]
26812730,26813680,NA,NON,0.0,791,XIC,NA,NA,NA,NA,0.0,0,-31.87,-17.97,[],0,0,[],[]
26813680,26814590,CHI,CHN,0.0,791,XIC,NA,NA,NA,NA,0.0,0,-18.44,-11.34,[],0,100,"[{'start': 26814.49, 'end': 26814.59}]",[]
26814590,26815390,NA,OLF,0.0,791,XIC,NA,NA,NA,NA,0.0,0,-27.71,-15.88,[],0,0,[],[]
26815390,26817080,MAL,MAN,2.16,791,XIC,RC,1,TIME,FI,0.0,0,-35.76,-27.3,[],0,0,[],[]
26817080,26820200,NA,NOF,0.0,791,XIC,NA,NA,NA,NA,0.0,0,-37.87,-23.38,[],0,0,[],[]
26820200,26821120,NA,SIL,0.0,791,XIC,NA,NA,NA,NA,0.0,0,-57.8,-49.96,[],0,0,[],[]
26821120,26823050,MAL,MAN,5.96,791,XIC,EC,1,NT,FH,0.0,0,-34.49,-28.73,[],0,0,[],[]
26823050,26824050,NA,SIL,0.0,792,pause,NA,NA,NA,NA,0.0,0,-53.65,-42.95,[],0,0,[],[]
26824050,26825180,NA,NOF,0.0,792,pause,NA,NA,NA,NA,0.0,0,-45.61,-32.12,[],0,0,[],[]
26825180,26826940,CHI,CHN,0.0,792,pause,NA,NA,NA,NA,0.0,0,-18.48,-8.88,[],0,1640,"[{'start': 26825.18, 'end': 26826.42}]","[{'start': 26826.42, 'end': 26826.82}]"
26826940,26827990,NA,SIL,0.0,792,pause,NA,NA,NA,NA,0.0,0,-55.08,-42.37,[],0,0,[],[]
26827990,26829120,NA,NOF,0.0,792,pause,NA,NA,NA,NA,0.0,0,-48.93,-38.01,[],0,0,[],[]
26829120,26830230,NA,SIL,0.0,792,pause,NA,NA,NA,NA,0.0,0,-51.11,-35.94,[],0,0,[],[]
26830230,26831210,CHI,CHN,0.0,792,CM,EC,0,NT,FI,1.0,390,-20.0,-12.23,"[{'Canonical-syllable': '0', 'Growl': '0', 'High-freq-energy': '0', 'Long-island': '0', 'Low-tilt-spectrum': '0', 'Medium-island': '1', 'Short-island': '0', 'Squeal': '0', 'Typical-entropy': '0', 'Voicing-quality': '1', 'Wide-band': '0', 'Xlong-island': '0', 'seq': '1', 'end': 26830.62, 'start': 26830.23}]",0,0,[],[]
26831210,26832870,NA,SIL,0.0,793,pause,NA,NA,NA,NA,0.0,0,-48.87,-31.3,[],0,0,[],[]
26832870,26833470,CHI,CHN,0.0,793,pause,NA,NA,NA,NA,0.0,0,-29.43,-18.28,[],0,170,[],"[{'start': 26833.0, 'end': 26833.17}]"
26833470,26834390,NA,NOF,0.0,793,pause,NA,NA,NA,NA,0.0,0,-43.27,-32.64,[],0,0,[],[]
26834390,26835480,NA,SIL,0.0,793,pause,NA,NA,NA,NA,0.0,0,-47.07,-30.37,[],0,0,[],[]
26835480,26836480,NA,MAF,0.0,793,pause,NA,NA,NA,NA,0.0,0,-22.79,-6.96,[],0,0,[],[]
26836480,26837290,NA,OLN,0.0,793,pause,NA,NA,NA,NA,0.0,0,-32.45,-23.59,[],0,0,[],[]
26837290,26838880,NA,NOF,0.0,793,pause,NA,NA,NA,NA,0.0,0,-46.48,-36.15,[],0,0,[],[]
26838880,26842970,NA,SIL,0.0,793,pause,NA,NA,NA,NA,0.0,0,-50.87,-33.23,[],0,0,[],[]
26842970,26844730,NA,NOF,0.0,793,pause,NA,NA,NA,NA,0.0,0,-33.31,-12.79,[],0,0,[],[]
26844730,26845530,NA,SIL,0.0,793,pause,NA,NA,NA,NA,0.0,0,-51.72,-36.96,[],0,0,[],[]
26845530,26846600,NA,MAF,0.0,793,pause,NA,NA,NA,NA,0.0,0,-48.93,-34.39,[],0,0,[],[]
26846600,26847630,NA,SIL,0.0,793,pause,NA,NA,NA,NA,0.0,0,-52.93,-41.11,[],0,0,[],[]
26847630,26849780,NA,OLN,0.0,793,pause,NA,NA,NA,NA,0.0,0,-21.9,-7.67,[],0,0,[],[]
26849780,26850580,NA,NOF,0.0,793,pause,NA,NA,NA,NA,0.0,0,-15.23,-1.23,[],0,0,[],[]
26850580,26851860,CHI,CHN,0.0,793,pause,NA,NA,NA,NA,0.0,0,-29.07,-20.2,[],0,610,"[{'start': 26851.25, 'end': 26851.86}]",[]
26851860,26852700,NA,NOF,0.0,793,pause,NA,NA,NA,NA,0.0,0,-33.21,-16.73,[],0,0,[],[]
26852700,26853530,NA,OLN,0.0,793,pause,NA,NA,NA,NA,0.0,0,-29.85,-13.6,[],0,0,[],[]
26853530,26854130,CHI,CHN,0.0,793,pause,NA,NA,NA,NA,0.0,0,-32.8,-23.26,[],0,600,[],"[{'start': 26853.53, 'end': 26854.13}]"
26854130,26854930,NA,NON,0.0,793,pause,NA,NA,NA,NA,0.0,0,-32.52,-20.19,[],0,0,[],[]
26854930,26855730,NA,OLF,0.0,793,pause,NA,NA,NA,NA,0.0,0,-24.25,-8.9,[],0,0,[],[]
26855730,26856810,NA,NOF,0.0,793,pause,NA,NA,NA,NA,0.0,0,-39.15,-29.93,[],0,0,[],[]
26856810,26857680,NA,OLF,0.0,793,pause,NA,NA,NA,NA,0.0,0,-38.15,-27.09,[],0,0,[],[]
26857680,26860270,NA,NOF,0.0,793,pause,NA,NA,NA,NA,0.0,0,-21.76,-1.41,[],0,0,[],[]
26860270,26861270,NA,MAF,0.0,793,pause,NA,NA,NA,NA,0.0,0,-44.08,-30.11,[],0,0,[],[]
26861270,26862270,NA,FAF,0.0,793,pause,NA,NA,NA,NA,0.0,0,-46.68,-37.31,[],0,0,[],[]
26862270,26863130,NA,NOF,0.0,793,pause,NA,NA,NA,NA,0.0,0,-46.3,-40.63,[],0,0,[],[]
26863130,26866390,CHI,CHN,0.0,793,CIC,BC,0,NT,FI,2.0,2450,-23.01,-14.53,"[{'Canonical-syllable': '0', 'Growl': '0', 'High-freq-energy': '0', 'Long-island': '1', 'Low-tilt-spectrum': '0', 'Medium-island': '0', 'Short-island': '1', 'Squeal': '0', 'Typical-entropy': '1', 'Voicing-quality': '2', 'Wide-band': '0', 'Xlong-island': '0', 'seq': '1', 'end': 26864.36, 'start': 26863.13}, {'Canonical-syllable': '1', 'Growl': '0', 'High-freq-energy': '1', 'Long-island': '1', 'Low-tilt-spectrum': '0', 'Medium-island': '0', 'Short-island': '1', 'Squeal': '0', 'Typical-entropy': '1', 'Voicing-quality': '2', 'Wide-band': '0', 'Xlong-island': '0', 'seq': '2', 'end': 26866.26, 'start': 26865.04}]",0,0,[],[]
26866390,26867270,NA,NOF,0.0,793,CIC,NA,NA,NA,NA,0.0,0,-53.73,-45.36,[],0,0,[],[]
26867270,26868080,CHI,CHN,0.0,793,CIC,NA,NA,NA,NA,0.0,0,-23.57,-16.82,[],0,810,"[{'start': 26867.27, 'end': 26868.08}]",[]
26868080,26868690,CHI,CHN,0.0,793,CIC,RC,0,TIFI,FH,1.0,350,-28.84,-22.82,"[{'Canonical-syllable': '0', 'Growl': '0', 'High-freq-energy': '0', 'Long-island': '0', 'Low-tilt-spectrum': '1', 'Medium-island': '1', 'Short-island': '0', 'Squeal': '0', 'Typical-entropy': '1', 'Voicing-quality': '1', 'Wide-band': '0', 'Xlong-island': '0', 'seq': '1', 'end': 26868.43, 'start': 26868.08}]",0,0,[],[]
26868690,26869690,FEM,FAN,5.01,793,CIC,RC,1,TIFR,FI,0.0,0,-33.57,-26.49,[],0,0,[],[]
26869690,26870690,MAL,MAN,8.56,793,CIC,RC,1,NT,FI,0.0,0,-35.44,-30.02,[],0,0,[],[]
26870690,26871720,NA,SIL,0.0,793,CIC,NA,NA,NA,NA,0.0,0,-58.62,-55.02,[],0,0,[],[]
26871720,26872520,NA,NOF,0.0,793,CIC,NA,NA,NA,NA,0.0,0,-48.9,-43.69,[],0,0,[],[]
26872520,26874370,MAL,MAN,10.26,793,CIC,RC,1,NT,FH,0.0,0,-34.39,-27.05,[],0,0,[],[]
26874370,26875720,NA,SIL,0.0,793,CIC,NA,NA,NA,NA,0.0,0,-58.5,-50.78,[],0,0,[],[]
26875720,26876520,NA,NOF,0.0,793,CIC,NA,NA,NA,NA,0.0,0,-46.0,-36.96,[],0,0,[],[]
26876520,26877520,OCH,CXN,0.0,793,CIC,RC,1,NT,FI,0.0,0,-36.03,-24.95,[],0,0,[],[]
26877520,26878370,NA,NOF,0.0,793,CIC,NA,NA,NA,NA,0.0,0,-50.9,-40.1,[],0,0,[],[]
26878370,26879300,CHI,CHN,0.0,793,CIC,NA,NA,NA,NA,0.0,0,-17.79,-9.25,[],0,930,"[{'start': 26878.37, 'end': 26879.3}]",[]
26879300,26880520,OCH,CXN,0.0,793,CIC,RC,1,NT,FH,0.0,0,-30.04,-16.25,[],0,0,[],[]
26880520,26881340,NA,FAF,0.0,793,CIC,NA,NA,NA,NA,0.0,0,-50.22,-43.28,[],0,0,[],[]
26881340,26882140,CHI,CHN,0.0,793,CIC,RC,1,NT,FI,1.0,520,-18.79,-11.51,"[{'Canonical-syllable': '0', 'Growl': '0', 'High-freq-energy': '0', 'Long-island': '0', 'Low-tilt-spectrum': '0', 'Medium-island': '1', 'Short-island': '0', 'Squeal': '0', 'Typical-entropy': '1', 'Voicing-quality': '1', 'Wide-band': '0', 'Xlong-island': '0', 'seq': '1', 'end': 26881.86, 'start': 26881.34}]",0,0,[],[]
26882140,26883080,NA,OLN,0.0,793,CIC,NA,NA,NA,NA,0.0,0,-42.24,-31.5,[],0,0,[],[]
26883080,26883680,CHI,CHN,0.0,793,CIC,RC,1,NT,FH,1.0,600,-20.75,-16.97,"[{'Canonical-syllable': '0', 'Growl': '0', 'High-freq-energy': '0', 'Long-island': '0', 'Low-tilt-spectrum': '0', 'Medium-island': '1', 'Short-island': '0', 'Squeal': '0', 'Typical-entropy': '0', 'Voicing-quality': '1', 'Wide-band': '0', 'Xlong-island': '0', 'seq': '1', 'end': 26883.68, 'start': 26883.08}]",0,0,[],[]
26883680,26884490,NA,OLF,0.0,793,CIC,NA,NA,NA,NA,0.0,0,-34.72,-22.32,[],0,0,[],[]
26884490,26885490,NA,NON,0.0,793,CIC,NA,NA,NA,NA,0.0,0,-26.66,-15.46,[],0,0,[],[]
26885490,26886330,NA,OLN,0.0,793,CIC,NA,NA,NA,NA,0.0,0,-22.46,-11.2,[],0,0,[],[]
26886330,26887320,NA,NOF,0.0,793,CIC,NA,NA,NA,NA,0.0,0,-27.64,-18.92,[],0,0,[],[]
26887320,26888120,NA,OLN,0.0,793,CIC,NA,NA,NA,NA,0.0,0,-30.47,-26.83,[],0,0,[],[]
26888120,26888730,CHI,CHN,0.0,793,CIC,RC,1,NT,FH,1.0,610,-23.71,-17.4,"[{'Canonical-syllable': '1', 'Growl': '0', 'High-freq-energy': '0', 'Long-island': '0', 'Low-tilt-spectrum': '0', 'Medium-island': '1', 'Short-island': '0', 'Squeal': '0', 'Typical-entropy': '1', 'Voicing-quality': '1', 'Wide-band': '0', 'Xlong-island': '0', 'seq': '1', 'end': 26888.73, 'start': 26888.3}]",0,0,[],[]
26888730,26889660,NA,OLF,0.0,793,CIC,NA,NA,NA,NA,0.0,0,-36.29,-29.65,[],0,0,[],[]
26889660,26890300,CHI,CHN,0.0,793,CIC,RC,1,NT,FH,1.0,640,-24.28,-18.5,"[{'Canonical-syllable': '0', 'Growl': '1', 'High-freq-energy': '0', 'Long-island': '0', 'Low-tilt-spectrum': '1', 'Medium-island': '1', 'Short-island': '0', 'Squeal': '0', 'Typical-entropy': '1', 'Voicing-quality': '2', 'Wide-band': '0', 'Xlong-island': '0', 'seq': '1', 'end': 26890.3, 'start': 26889.66}]",0,0,[],[]
26890300,26891150,NA,OLN,0.0,793,CIC,NA,NA,NA,NA,0.0,0,-20.61,-10.6,[],0,0,[],[]
26891150,26891750,CHI,CHN,0.0,793,CIC,EC,1,NT,FH,1.0,310,-18.65,-12.29,"[{'Canonical-syllable': '1', 'Growl': '0', 'High-freq-energy': '0', 'Long-island': '0', 'Low-tilt-spectrum': '0', 'Medium-island': '1', 'Short-island': '0', 'Squeal': '0', 'Typical-entropy': '1', 'Voicing-quality': '1', 'Wide-band': '0', 'Xlong-island': '0', 'seq': '1', 'end': 26891.46, 'start': 26891.15}]",0,0,[],[]
26891750,26892710,NA,OLF,0.0,794,pause,NA,NA,NA,NA,0.0,0,-26.69,-9.44,[],0,0,[],[]
26892710,26893830,NA,NOF,0.0,794,pause,NA,NA,NA,NA,0.0,0,-44.4,-35.32,[],0,0,[],[]
26893830,26895060,NA,MAF,0.0,794,pause,NA,NA,NA,NA,0.0,0,-40.1,-29.53,[],0,0,[],[]
26895060,26895890,NA,NOF,0.0,794,pause,NA,NA,NA,NA,0.0,0,-47.43,-35.42,[],0,0,[],[]
26895890,26898080,NA,SIL,0.0,794,pause,NA,NA,NA,NA,0.0,0,-52.77,-39.07,[],0,0,[],[]
26898080,26899090,MAL,MAN,5.42,794,AMM,BC,0,NT,FI,0.0,0,-37.88,-26.88,[],0,0,[],[]
26899090,26900130,NA,SIL,0.0,794,AMM,NA,NA,NA,NA,0.0,0,-57.52,-47.07,[],0,0,[],[]
26900130,26901610,MAL,MAN,9.57,794,AMM,EC,0,NT,FH,0.0,0,-33.4,-27.08,[],0,0,[],[]
26901610,26903080,NA,SIL,0.0,795,pause,NA,NA,NA,NA,0.0,0,-51.82,-34.49,[],0,0,[],[]
26903080,26904100,NA,NOF,0.0,795,pause,NA,NA,NA,NA,0.0,0,-46.91,-31.65,[],0,0,[],[]
26904100,26905150,MAL,MAN,0.0,795,pause,NA,NA,NA,NA,0.0,0,-33.61,-24.98,[],1050,0,[],[]
26905150,26906750,NA,NON,0.0,795,pause,NA,NA,NA,NA,0.0,0,-22.81,-6.62,[],0,0,[],[]
26906750,26908320,CHI,CHN,0.0,795,CIC,BC,0,NT,FI,1.0,1260,-21.85,-13.54,"[{'Canonical-syllable': '2', 'Growl': '0', 'High-freq-energy': '0', 'Long-island': '0', 'Low-tilt-spectrum': '2', 'Medium-island': '2', 'Short-island': '2', 'Squeal': '0', 'Typical-entropy': '1', 'Voicing-quality': '4', 'Wide-band': '1', 'Xlong-island': '0', 'seq': '1', 'end': 26908.01, 'start': 26906.75}]",0,0,[],[]
26908320,26909410,NA,SIL,0.0,795,CIC,NA,NA,NA,NA,0.0,0,-56.25,-49.34,[],0,0,[],[]
26909410,26910310,NA,NOF,0.0,795,CIC,NA,NA,NA,NA,0.0,0,-49.54,-43.21,[],0,0,[],[]
26910310,26911380,CHI,CHN,0.0,795,CIC,RC,0,TIFI,FH,1.0,1070,-15.65,-8.57,"[{'Canonical-syllable': '1', 'Growl': '0', 'High-freq-energy': '0', 'Long-island': '0', 'Low-tilt-spectrum': '0', 'Medium-island': '1', 'Short-island': '2', 'Squeal': '0', 'Typical-entropy': '1', 'Voicing-quality': '3', 'Wide-band': '0', 'Xlong-island': '0', 'seq': '1', 'end': 26911.38, 'start': 26910.31}]",0,0,[],[]
26911380,26912180,NA,OLN,0.0,795,CIC,NA,NA,NA,NA,0.0,0,-28.9,-18.13,[],0,0,[],[]
26912180,26912980,NA,SIL,0.0,795,CIC,NA,NA,NA,NA,0.0,0,-42.57,-34.38,[],0,0,[],[]
26912980,26914150,FEM,FAN,3.85,795,CIC,RC,1,TIFR,FI,0.0,0,-19.05,-4.72,[],0,0,[],[]
26914150,26915430,CHI,CHN,0.0,795,CIC,RC,1,TIFI,FI,1.0,880,-16.33,-8.83,"[{'Canonical-syllable': '2', 'Growl': '0', 'High-freq-energy': '1', 'Long-island': '0', 'Low-tilt-spectrum': '1', 'Medium-island': '0', 'Short-island': '3', 'Squeal': '1', 'Typical-entropy': '2', 'Voicing-quality': '3', 'Wide-band': '0', 'Xlong-island': '0', 'seq': '1', 'end': 26915.43, 'start': 26914.55}]",0,0,[],[]
26915430,26916780,FEM,FAN,2.3,795,CIC,RC,2,TIFR,FI,0.0,0,-29.97,-15.42,[],0,0,[],[]
26916780,26917590,NA,FAF,0.0,795,CIC,NA,NA,NA,NA,0.0,0,-42.33,-33.34,[],0,0,[],[]
26917590,26918830,FEM,FAN,2.96,795,CIC,RC,2,NT,FH,0.0,0,-32.31,-28.32,[],0,0,[],[]
26918830,26919700,NA,SIL,0.0,795,CIC,NA,NA,NA,NA,0.0,0,-59.08,-47.61,[],0,0,[],[]
26919700,26920300,CHI,CHN,0.0,795,CIC,RC,2,TIFE,FI,1.0,600,-20.81,-11.96,"[{'Canonical-syllable': '0', 'Growl': '0', 'High-freq-energy': '0', 'Long-island': '0', 'Low-tilt-spectrum': '0', 'Medium-island': '1', 'Short-island': '0', 'Squeal': '0', 'Typical-entropy': '0', 'Voicing-quality': '1', 'Wide-band': '0', 'Xlong-island': '0', 'seq': '1', 'end': 26920.3, 'start': 26919.85}]",0,0,[],[]
26920300,26921300,NA,FAF,0.0,795,CIC,NA,NA,NA,NA,0.0,0,-37.27,-29.31,[],0,0,[],[]
26921300,26922240,NA,SIL,0.0,795,CIC,NA,NA,NA,NA,0.0,0,-56.45,-51.54,[],0,0,[],[]
26922240,26923070,OCH,CXN,0.0,795,CIC,RC,2,NT,FI,0.0,0,-32.09,-23.75,[],0,0,[],[]
26923070,26923870,OCH,CXN,0.0,795,CIC,RC,2,NT,FH,0.0,0,-26.54,-18.49,[],0,0,[],[]
26923870,26925140,NA,OLN,0.0,795,CIC,NA,NA,NA,NA,0.0,0,-28.26,-14.04,[],0,0,[],[]
26925140,26925940,NA,NON,0.0,795,CIC,NA,NA,NA,NA,0.0,0,-35.25,-26.53,[],0,0,[],[]
26925940,26926740,NA,SIL,0.0,795,CIC,NA,NA,NA,NA,0.0,0,-58.77,-52.59,[],0,0,[],[]
26926740,26927920,MAL,MAN,7.53,795,CIC,RC,2,NT,FI,0.0,0,-35.42,-27.37,[],0,0,[],[]
26927920,26929150,NA,SIL,0.0,795,CIC,NA,NA,NA,NA,0.0,0,-54.16,-40.33,[],0,0,[],[]
26929150,26931020,MAL,MAN,5.65,795,CIC,RC,2,NT,FH,0.0,0,-35.22,-24.37,[],0,0,[],[]
26931020,26931840,NA,SIL,0.0,795,CIC,NA,NA,NA,NA,0.0,0,-49.17,-35.81,[],0,0,[],[]
26931840,26933100,FEM,FAN,5.42,795,CIC,RC,2,TIFI,FI,0.0,0,-25.35,-14.59,[],0,0,[],[]
26933100,26933710,CHI,CHN,0.0,795,CIC,RC,3,TIFR,FI,1.0,610,-18.03,-10.23,"[{'Canonical-syllable': '1', 'Growl': '0', 'High-freq-energy': '0', 'Long-island': '0', 'Low-tilt-spectrum': '1', 'Medium-island': '1', 'Short-island': '0', 'Squeal': '0', 'Typical-entropy': '1', 'Voicing-quality': '1', 'Wide-band': '0', 'Xlong-island': '0', 'seq': '1', 'end': 26933.71, 'start': 26933.21}]",0,0,[],[]
26933710,26934510,NA,OLN,0.0,795,CIC,NA,NA,NA,NA,0.0,0,-26.53,-15.88,[],0,0,[],[]
26934510,26935510,FEM,FAN,2.24,795,CIC,EC,3,TIFE,FI,0.0,0,-29.33,-18.61,[],0,0,[],[]
26935510,26939190,NA,NOF,0.0,796,pause,NA,NA,NA,NA,0.0,0,-42.94,-24.11,[],0,0,[],[]
26939190,26940270,NA,TVF,0.0,796,pause,NA,NA,NA,NA,0.0,0,-52.13,-46.72,[],0,0,[],[]
26940270,26942110,NA,NOF,0.0,796,pause,NA,NA,NA,NA,0.0,0,-36.3,-20.44,[],0,0,[],[]
26942110,26942730,CHI,CHN,0.0,796,CM,EC,0,NT,FI,1.0,620,-16.11,-12.79,"[{'Canonical-syllable': '0', 'Growl': '0', 'High-freq-energy': '0', 'Long-island': '0', 'Low-tilt-spectrum': '0', 'Medium-island': '1', 'Short-island': '0', 'Squeal': '0', 'Typical-entropy': '0', 'Voicing-quality': '1', 'Wide-band': '0', 'Xlong-island': '0', 'seq': '1', 'end': 26942.73, 'start': 26942.11}]",0,0,[],[]
26942730,26943530,NA,OLN,0.0,797,pause,NA,NA,NA,NA,0.0,0,-30.6,-22.17,[],0,0,[],[]
26943530,26944340,NA,NOF,0.0,797,pause,NA,NA,NA,NA,0.0,0,-35.93,-23.97,[],0,0,[],[]
26944340,26945450,NA,FAF,0.0,797,pause,NA,NA,NA,NA,0.0,0,-38.83,-31.7,[],0,0,[],[]
26945450,26948360,NA,SIL,0.0,797,pause,NA,NA,NA,NA,0.0,0,-56.45,-39.02,[],0,0,[],[]
26948360,26949240,NA,OLN,0.0,797,pause,NA,NA,NA,NA,0.0,0,-28.03,-12.59,[],0,0,[],[]
26949240,26950200,CHI,CHN,0.0,797,CIC,BC,0,TIFI,FI,1.0,960,-20.14,-12.37,"[{'Canonical-syllable': '0', 'Growl': '0', 'High-freq-energy': '0', 'Long-island': '1', 'Low-tilt-spectrum': '2', 'Medium-island': '0', 'Short-island': '0', 'Squeal': '0', 'Typical-entropy': '1', 'Voicing-quality': '2', 'Wide-band': '0', 'Xlong-island': '0', 'seq': '1', 'end': 26950.2, 'start': 26949.24}]",0,0,[],[]
26950200,26952210,FEM,FAN,1.71,797,CIC,EC,1,TIFR,FI,0.0,0,-27.84,-15.44,[],0,0,[],[]
26952210,26954060,NA,MAF,0.0,798,pause,NA,NA,NA,NA,0.0,0,-41.62,-34.78,[],0,0,[],[]
26954060,26955720,NA,SIL,0.0,798,pause,NA,NA,NA,NA,0.0,0,-49.9,-38.41,[],0,0,[],[]
26955720,26956320,NA,FAF,0.0,798,pause,NA,NA,NA,NA,0.0,0,-25.61,-9.45,[],0,0,[],[]
26956320,26957360,NA,SIL,0.0,798,pause,NA,NA,NA,NA,0.0,0,-55.71,-45.43,[],0,0,[],[]
26957360,26958670,CHI,CHN,0.0,798,CM,EC,0,NT,FI,1.0,1310,-17.67,-8.24,"[{'Canonical-syllable': '2', 'Growl': '0', 'High-freq-energy': '0', 'Long-island': '0', 'Low-tilt-spectrum': '3', 'Medium-island': '0', 'Short-island': '4', 'Squeal': '0', 'Typical-entropy': '3', 'Voicing-quality': '4', 'Wide-band': '0', 'Xlong-island': '0', 'seq': '1', 'end': 26958.67, 'start': 26957.36}]",0,0,[],[]
26958670,26959470,NA,NOF,0.0,799,pause,NA,NA,NA,NA,0.0,0,-35.73,-25.8,[],0,0,[],[]
26959470,26960470,NA,MAF,0.0,799,pause,NA,NA,NA,NA,0.0,0,-42.29,-34.23,[],0,0,[],[]
26960470,26964280,NA,SIL,0.0,799,pause,NA,NA,NA,NA,0.0,0,-56.22,-45.29,[],0,0,[],[]
26964280,26965280,FEM,FAN,0.0,799,pause,NA,NA,NA,NA,0.0,0,-35.49,-25.51,[],1000,0,[],[]
26965280,26966150,NA,SIL,0.0,799,pause,NA,NA,NA,NA,0.0,0,-57.46,-51.2,[],0,0,[],[]
26966150,26966970,NA,NOF,0.0,799,pause,NA,NA,NA,NA,0.0,0,-43.32,-31.71,[],0,0,[],[]
26966970,26968340,CHI,CHN,0.0,799,CM,EC,0,NT,FI,1.0,1150,-22.29,-15.85,"[{'Canonical-syllable': '1', 'Growl': '0', 'High-freq-energy': '0', 'Long-island': '1', 'Low-tilt-spectrum': '0', 'Medium-island': '0', 'Short-island': '1', 'Squeal': '0', 'Typical-entropy': '2', 'Voicing-quality': '2', 'Wide-band': '0', 'Xlong-island': '0', 'seq': '1', 'end': 26968.12, 'start': 26967.08}]",0,0,[],[]
26968340,26969970,NA,SIL,0.0,800,pause,NA,NA,NA,NA,0.0,0,-58.33,-42.06,[],0,0,[],[]
26969970,26970970,FEM,FAN,0.0,800,pause,NA,NA,NA,NA,0.0,0,-38.56,-32.96,[],1000,0,[],[]
26970970,26975510,NA,SIL,0.0,800,pause,NA,NA,NA,NA,0.0,0,-56.56,-41.59,[],0,0,[],[]
26975510,26976720,CHI,CHN,0.0,800,CM,EC,0,NT,FI,1.0,1210,-20.81,-13.64,"[{'Canonical-syllable': '1', 'Growl': '0', 'High-freq-energy': '0', 'Long-island': '0', 'Low-tilt-spectrum': '0', 'Medium-island': '2', 'Short-island': '0', 'Squeal': '0', 'Typical-entropy': '2', 'Voicing-quality': '2', 'Wide-band': '0', 'Xlong-island': '0', 'seq': '1', 'end': 26976.72, 'start': 26975.51}]",0,0,[],[]
26976720,26983510,NA,SIL,0.0,801,pause,NA,NA,NA,NA,0.0,0,-62.0,-50.89,[],0,0,[],[]
26983510,26984830,CHI,CHN,0.0,801,CM,BC,0,NT,FI,1.0,1180,-21.24,-12.84,"[{'Canonical-syllable': '1', 'Growl': '0', 'High-freq-energy': '1', 'Long-island': '0', 'Low-tilt-spectrum': '0', 'Medium-island': '2', 'Short-island': '0', 'Squeal': '0', 'Typical-entropy': '2', 'Voicing-quality': '2', 'Wide-band': '0', 'Xlong-island': '0', 'seq': '1', 'end': 26984.69, 'start': 26983.75}]",0,0,[],[]
26984830,26986170,NA,SIL,0.0,801,CM,NA,NA,NA,NA,0.0,0,-58.05,-52.29,[],0,0,[],[]
26986170,26987240,CHI,CHN,0.0,801,CM,RC,0,NT,FH,1.0,990,-18.76,-11.45,"[{'Canonical-syllable': '1', 'Growl': '0', 'High-freq-energy': '1', 'Long-island': '0', 'Low-tilt-spectrum': '0', 'Medium-island': '2', 'Short-island': '0', 'Squeal': '0', 'Typical-entropy': '2', 'Voicing-quality': '2', 'Wide-band': '0', 'Xlong-island': '0', 'seq': '1', 'end': 26987.16, 'start': 26986.17}]",0,0,[],[]
26987240,26988040,NA,SIL,0.0,801,CM,NA,NA,NA,NA,0.0,0,-50.7,-39.33,[],0,0,[],[]
26988040,26991620,CHI,CHN,0.0,801,CM,EC,0,NT,FH,2.0,2600,-20.79,-9.11,"[{'Canonical-syllable': '0', 'Growl': '0', 'High-freq-energy': '0', 'Long-island': '1', 'Low-tilt-spectrum': '0', 'Medium-island': '2', 'Short-island': '0', 'Squeal': '0', 'Typical-entropy': '1', 'Voicing-quality': '3', 'Wide-band': '0', 'Xlong-island': '0', 'seq': '1', 'end': 26990.34, 'start': 26988.04}, {'Canonical-syllable': '0', 'Growl': '0', 'High-freq-energy': '0', 'Long-island': '0', 'Low-tilt-spectrum': '0', 'Medium-island': '1', 'Short-island': '0', 'Squeal': '0', 'Typical-entropy': '1', 'Voicing-quality': '1', 'Wide-band': '0', 'Xlong-island': '0', 'seq': '2', 'end': 26991.17, 'start': 26990.87}]",0,0,[],[]
26991620,27002470,NA,SIL,0.0,802,pause,NA,NA,NA,NA,0.0,0,-58.49,-43.74,[],0,0,[],[]
27002470,27003830,CHI,CHN,0.0,802,pause,NA,NA,NA,NA,0.0,0,-18.74,-11.93,[],0,1150,"[{'start': 27002.68, 'end': 27003.83}]",[]
27003830,27006760,NA,SIL,0.0,802,pause,NA,NA,NA,NA,0.0,0,-54.78,-40.38,[],0,0,[],[]
27006760,27007900,NA,NOF,0.0,802,pause,NA,NA,NA,NA,0.0,0,-37.45,-20.35,[],0,0,[],[]
27007900,27012160,NA,SIL,0.0,802,pause,NA,NA,NA,NA,0.0,0,-50.88,-36.16,[],0,0,[],[]
27012160,27013320,CHI,CHN,0.0,802,CIC,BC,0,NT,FI,1.0,380,-26.7,-15.88,"[{'Canonical-syllable': '1', 'Growl': '0', 'High-freq-energy': '0', 'Long-island': '0', 'Low-tilt-spectrum': '0', 'Medium-island': '0', 'Short-island': '1', 'Squeal': '0', 'Typical-entropy': '0', 'Voicing-quality': '1', 'Wide-band': '0', 'Xlong-island': '0', 'seq': '1', 'end': 27012.54, 'start': 27012.3}]",0,0,[],[]
27013320,27015090,CHI,CHN,0.0,802,CIC,RC,0,TIFI,FH,1.0,1110,-20.35,-10.79,"[{'Canonical-syllable': '0', 'Growl': '1', 'High-freq-energy': '0', 'Long-island': '1', 'Low-tilt-spectrum': '0', 'Medium-island': '0', 'Short-island': '1', 'Squeal': '0', 'Typical-entropy': '2', 'Voicing-quality': '1', 'Wide-band': '1', 'Xlong-island': '0', 'seq': '1', 'end': 27014.8, 'start': 27013.69}]",0,0,[],[]
27015090,27016290,NA,SIL,0.0,802,CIC,NA,NA,NA,NA,0.0,0,-58.64,-53.37,[],0,0,[],[]
27016290,27017320,NA,FAF,0.0,802,CIC,NA,NA,NA,NA,0.0,0,-40.04,-33.35,[],0,0,[],[]
27017320,27018350,NA,SIL,0.0,802,CIC,NA,NA,NA,NA,0.0,0,-54.36,-45.34,[],0,0,[],[]
27018350,27019350,FEM,FAN,3.37,802,CIC,RC,1,TIFR,FI,0.0,0,-38.04,-32.08,[],0,0,[],[]
27019350,27020230,NA,SIL,0.0,802,CIC,NA,NA,NA,NA,0.0,0,-55.11,-44.56,[],0,0,[],[]
27020230,27021600,CHI,CHN,0.0,802,CIC,RC,1,TIFE,FI,1.0,1210,-18.49,-9.65,"[{'Canonical-syllable': '1', 'Growl': '1', 'High-freq-energy': '0', 'Long-island': '0', 'Low-tilt-spectrum': '0', 'Medium-island': '2', 'Short-island': '1', 'Squeal': '0', 'Typical-entropy': '2', 'Voicing-quality': '3', 'Wide-band': '0', 'Xlong-island': '0', 'seq': '1', 'end': 27021.44, 'start': 27020.36}]",0,0,[],[]
27021600,27023640,NA,SIL,0.0,802,CIC,NA,NA,NA,NA,0.0,0,-58.31,-46.09,[],0,0,[],[]
27023640,27025400,CHI,CHN,0.0,802,CIC,RC,1,TIFI,FH,1.0,1220,-20.52,-11.59,"[{'Canonical-syllable': '2', 'Growl': '0', 'High-freq-energy': '0', 'Long-island': '0', 'Low-tilt-spectrum': '1', 'Medium-island': '2', 'Short-island': '1', 'Squeal': '0', 'Typical-entropy': '2', 'Voicing-quality': '3', 'Wide-band': '0', 'Xlong-island': '0', 'seq': '1', 'end': 27024.86, 'start': 27023.74}]",0,0,[],[]
27025400,27026290,NA,SIL,0.0,802,CIC,NA,NA,NA,NA,0.0,0,-58.03,-49.25,[],0,0,[],[]
27026290,27027310,FEM,FAN,2.95,802,CIC,RC,2,TIFR,FI,0.0,0,-37.68,-32.7,[],0,0,[],[]
27027310,27028410,NA,SIL,0.0,802,CIC,NA,NA,NA,NA,0.0,0,-55.78,-44.1,[],0,0,[],[]
27028410,27031720,FEM,FAN,13.01,802,CIC,RC,2,NT,FH,0.0,0,-34.43,-28.99,[],0,0,[],[]
27031720,27032520,NA,SIL,0.0,802,CIC,NA,NA,NA,NA,0.0,0,-49.13,-37.88,[],0,0,[],[]
27032520,27035030,FEM,FAN,7.05,802,CIC,RC,2,NT,FH,0.0,0,-38.07,-31.01,[],0,0,[],[]
27035030,27036210,NA,TVN,0.0,802,CIC,NA,NA,NA,NA,0.0,0,-42.86,-31.15,[],0,0,[],[]
27036210,27039770,FEM,FAN,9.7,802,CIC,RC,2,NT,FH,0.0,0,-35.26,-24.61,[],0,0,[],[]
27039770,27040770,CHI,CHN,0.0,802,CIC,RC,2,TIFE,FI,1.0,1000,-20.83,-12.78,"[{'Canonical-syllable': '0', 'Growl': '1', 'High-freq-energy': '0', 'Long-island': '1', 'Low-tilt-spectrum': '1', 'Medium-island': '0', 'Short-island': '0', 'Squeal': '0', 'Typical-entropy': '1', 'Voicing-quality': '1', 'Wide-band': '0', 'Xlong-island': '0', 'seq': '1', 'end': 27040.77, 'start': 27040.01}]",0,0,[],[]
27040770,27041580,NA,NOF,0.0,802,CIC,NA,NA,NA,NA,0.0,0,-41.27,-33.96,[],0,0,[],[]
27041580,27042970,CHI,CHN,0.0,802,CIC,RC,2,TIFI,FH,1.0,1390,-19.74,-12.1,"[{'Canonical-syllable': '1', 'Growl': '0', 'High-freq-energy': '0', 'Long-island': '0', 'Low-tilt-spectrum': '1', 'Medium-island': '2', 'Short-island': '1', 'Squeal': '0', 'Typical-entropy': '1', 'Voicing-quality': '3', 'Wide-band': '0', 'Xlong-island': '0', 'seq': '1', 'end': 27042.97, 'start': 27041.74}]",0,0,[],[]
27042970,27044370,FEM,FAN,6.6,802,CIC,RC,3,TIFR,FI,0.0,0,-35.01,-27.84,[],0,0,[],[]
27044370,27044980,CHI,CHN,0.0,802,CIC,RC,3,TIFE,FI,1.0,610,-20.8,-10.26,"[{'Canonical-syllable': '1', 'Growl': '0', 'High-freq-energy': '0', 'Long-island': '0', 'Low-tilt-spectrum': '0', 'Medium-island': '1', 'Short-island': '0', 'Squeal': '0', 'Typical-entropy': '1', 'Voicing-quality': '1', 'Wide-band': '0', 'Xlong-island': '0', 'seq': '1', 'end': 27044.98, 'start': 27044.65}]",0,0,[],[]
27044980,27045780,NA,OLN,0.0,802,CIC,NA,NA,NA,NA,0.0,0,-28.24,-14.63,[],0,0,[],[]
27045780,27047210,CHI,CHN,0.0,802,CIC,RC,3,TIFI,FH,1.0,1240,-15.18,-3.97,"[{'Canonical-syllable': '0', 'Growl': '0', 'High-freq-energy': '0', 'Long-island': '0', 'Low-tilt-spectrum': '1', 'Medium-island': '0', 'Short-island': '0', 'Squeal': '0', 'Typical-entropy': '1', 'Voicing-quality': '1', 'Wide-band': '0', 'Xlong-island': '1', 'seq': '1', 'end': 27047.02, 'start': 27045.78}]",0,0,[],[]
27047210,27048330,NA,NOF,0.0,802,CIC,NA,NA,NA,NA,0.0,0,-45.34,-37.59,[],0,0,[],[]
27048330,27050720,FEM,FAN,7.83,802,CIC,RC,4,TIFR,FI,0.0,0,-31.1,-23.98,[],0,0,[],[]
27050720,27051570,NA,SIL,0.0,802,CIC,NA,NA,NA,NA,0.0,0,-51.38,-44.56,[],0,0,[],[]
27051570,27052170,CHI,CHN,0.0,802,CIC,RC,4,TIFE,FI,1.0,390,-30.29,-20.46,"[{'Canonical-syllable': '0', 'Growl': '1', 'High-freq-energy': '0', 'Long-island': '0', 'Low-tilt-spectrum': '0', 'Medium-island': '1', 'Short-island': '0', 'Squeal': '0', 'Typical-entropy': '1', 'Voicing-quality': '1', 'Wide-band': '0', 'Xlong-island': '0', 'seq': '1', 'end': 27051.96, 'start': 27051.57}]",0,0,[],[]
27052170,27053410,NA,SIL,0.0,802,CIC,NA,NA,NA,NA,0.0,0,-54.45,-51.26,[],0,0,[],[]
27053410,27055350,CHI,CHN,0.0,802,CIC,EC,4,NT,FH,1.0,1190,-20.84,-10.18,"[{'Canonical-syllable': '0', 'Growl': '0', 'High-freq-energy': '0', 'Long-island': '1', 'Low-tilt-spectrum': '1', 'Medium-island': '1', 'Short-island': '0', 'Squeal': '0', 'Typical-entropy': '1', 'Voicing-quality': '2', 'Wide-band': '0', 'Xlong-island': '0', 'seq': '1', 'end': 27055.22, 'start': 27054.03}]",0,0,[],[]
27055350,27056290,NA,SIL,0.0,803,pause,NA,NA,NA,NA,0.0,0,-53.99,-43.61,[],0,0,[],[]
27056290,27057620,FEM,FAN,0.0,803,pause,NA,NA,NA,NA,0.0,0,-40.76,-32.23,[],1330,0,[],[]
27057620,27058970,NA,TVN,0.0,803,pause,NA,NA,NA,NA,0.0,0,-42.36,-36.45,[],0,0,[],[]
27058970,27059990,NA,SIL,0.0,803,pause,NA,NA,NA,NA,0.0,0,-59.83,-55.94,[],0,0,[],[]
27059990,27060990,FEM,FAN,0.0,803,pause,NA,NA,NA,NA,0.0,0,-45.65,-37.93,[],1000,0,[],[]
27060990,27063340,NA,SIL,0.0,803,pause,NA,NA,NA,NA,0.0,0,-62.04,-56.87,[],0,0,[],[]
27063340,27064140,NA,NOF,0.0,803,pause,NA,NA,NA,NA,0.0,0,-51.62,-37.87,[],0,0,[],[]
27064140,27065620,NA,SIL,0.0,803,pause,NA,NA,NA,NA,0.0,0,-59.12,-50.88,[],0,0,[],[]
27065620,27066870,CHI,CHN,0.0,803,CIC,BC,0,NT,FI,1.0,1000,-19.89,-11.27,"[{'Canonical-syllable': '0', 'Growl': '0', 'High-freq-energy': '0', 'Long-island': '1', 'Low-tilt-spectrum': '0', 'Medium-island': '0', 'Short-island': '0', 'Squeal': '0', 'Typical-entropy': '0', 'Voicing-quality': '1', 'Wide-band': '0', 'Xlong-island': '0', 'seq': '1', 'end': 27066.62, 'start': 27065.81}]",0,0,[],[]
27066870,27067670,NA,SIL,0.0,803,CIC,NA,NA,NA,NA,0.0,0,-56.9,-48.98,[],0,0,[],[]
27067670,27068940,CHI,CHN,0.0,803,CIC,RC,0,NT,FH,1.0,1270,-19.23,-10.62,"[{'Canonical-syllable': '1', 'Growl': '0', 'High-freq-energy': '0', 'Long-island': '0', 'Low-tilt-spectrum': '0', 'Medium-island': '2', 'Short-island': '1', 'Squeal': '0', 'Typical-entropy': '0', 'Voicing-quality': '2', 'Wide-band': '0', 'Xlong-island': '0', 'seq': '1', 'end': 27068.94, 'start': 27067.67}]",0,0,[],[]
27068940,27069580,CHI,CHN,0.0,803,CIC,RC,0,TIFI,FH,1.0,500,-19.09,-13.29,"[{'Canonical-syllable': '0', 'Growl': '0', 'High-freq-energy': '0', 'Long-island': '0', 'Low-tilt-spectrum': '0', 'Medium-island': '1', 'Short-island': '0', 'Squeal': '0', 'Typical-entropy': '0', 'Voicing-quality': '1', 'Wide-band': '0', 'Xlong-island': '0', 'seq': '1', 'end': 27069.44, 'start': 27068.94}]",0,0,[],[]
27069580,27070510,NA,SIL,0.0,803,CIC,NA,NA,NA,NA,0.0,0,-58.47,-51.25,[],0,0,[],[]
27070510,27071510,FEM,FAN,1.34,803,CIC,RC,1,TIFR,FI,0.0,0,-22.39,-12.41,[],0,0,[],[]
27071510,27072620,CHI,CHN,0.0,803,CIC,RC,1,TIFI,FI,2.0,650,-20.71,-11.66,"[{'Canonical-syllable': '0', 'Growl': '1', 'High-freq-energy': '1', 'Long-island': '0', 'Low-tilt-spectrum': '1', 'Medium-island': '0', 'Short-island': '1', 'Squeal': '0', 'Typical-entropy': '1', 'Voicing-quality': '0', 'Wide-band': '0', 'Xlong-island': '0', 'seq': '1', 'end': 27071.68, 'start': 27071.51}, {'Canonical-syllable': '0', 'Growl': '1', 'High-freq-energy': '0', 'Long-island': '0', 'Low-tilt-spectrum': '0', 'Medium-island': '1', 'Short-island': '0', 'Squeal': '0', 'Typical-entropy': '1', 'Voicing-quality': '1', 'Wide-band': '0', 'Xlong-island': '0', 'seq': '2', 'end': 27072.62, 'start': 27072.14}]",0,0,[],[]
27072620,27073770,FEM,FAN,0.5,803,CIC,RC,2,TIFR,FI,0.0,0,-29.17,-18.95,[],0,0,[],[]
27073770,27075050,NA,SIL,0.0,803,CIC,NA,NA,NA,NA,0.0,0,-55.98,-43.04,[],0,0,[],[]
27075050,27076130,FEM,FAN,1.3,803,CIC,RC,2,NT,FH,0.0,0,-36.11,-28.71,[],0,0,[],[]
27076130,27076740,CHI,CHN,0.0,803,CIC,RC,2,TIFI,FI,1.0,610,-24.48,-19.08,"[{'Canonical-syllable': '1', 'Growl': '0', 'High-freq-energy': '0', 'Long-island': '0', 'Low-tilt-spectrum': '0', 'Medium-island': '1', 'Short-island': '0', 'Squeal': '0', 'Typical-entropy': '1', 'Voicing-quality': '1', 'Wide-band': '0', 'Xlong-island': '0', 'seq': '1', 'end': 27076.74, 'start': 27076.26}]",0,0,[],[]
27076740,27078800,NA,NOF,0.0,803,CIC,NA,NA,NA,NA,0.0,0,-45.35,-37.77,[],0,0,[],[]
27078800,27079660,FEM,FAN,1.93,803,CIC,RC,3,TIFR,FI,0.0,0,-25.61,-15.73,[],0,0,[],[]
27079660,27080990,NA,FAF,0.0,803,CIC,NA,NA,NA,NA,0.0,0,-35.87,-29.08,[],0,0,[],[]
27080990,27083070,NA,NOF,0.0,803,CIC,NA,NA,NA,NA,0.0,0,-42.8,-31.85,[],0,0,[],[]
27083070,27083990,OCH,CXN,0.0,803,CIC,EC,3,NT,FI,0.0,0,-32.73,-15.43,[],0,0,[],[]
27083990,27085480,CHI,CHN,0.0,804,pause,NA,NA,NA,NA,0.0,0,-23.58,-16.22,[],0,1490,"[{'start': 27083.99, 'end': 27085.48}]",[]
27085480,27087410,NA,NOF,0.0,804,pause,NA,NA,NA,NA,0.0,0,-34.67,-17.07,[],0,0,[],[]
27087410,27088610,FEM,FAN,0.0,804,pause,NA,NA,NA,NA,0.0,0,-42.68,-37.87,[],1200,0,[],[]
27088610,27089410,NA,NOF,0.0,804,pause,NA,NA,NA,NA,0.0,0,-47.75,-42.3,[],0,0,[],[]
27089410,27090880,FEM,FAN,5.56,804,AIOCCXF,BC,0,NT,FI,0.0,0,-36.96,-26.93,[],0,0,[],[]
27090880,27093020,NA,SIL,0.0,804,AIOCCXF,NA,NA,NA,NA,0.0,0,-51.78,-43.18,[],0,0,[],[]
27093020,27093620,OCH,CXN,0.0,804,AIOCCXF,RC,0,NT,FI,0.0,0,-28.9,-21.77,[],0,0,[],[]
27093620,27096260,NA,SIL,0.0,804,AIOCCXF,NA,NA,NA,NA,0.0,0,-59.21,-46.29,[],0,0,[],[]
27096260,27096860,CHI,CHN,0.0,804,AIOCCXF,EC,0,NT,FI,1.0,320,-32.96,-26.54,"[{'Canonical-syllable': '1', 'Growl': '0', 'High-freq-energy': '0', 'Long-island': '0', 'Low-tilt-spectrum': '0', 'Medium-island': '1', 'Short-island': '0', 'Squeal': '0', 'Typical-entropy': '0', 'Voicing-quality': '1', 'Wide-band': '0', 'Xlong-island': '0', 'seq': '1', 'end': 27096.58, 'start': 27096.26}]",0,0,[],[]
27096860,27098370,NA,SIL,0.0,805,pause,NA,NA,NA,NA,0.0,0,-53.88,-36.33,[],0,0,[],[]
27098370,27099180,NA,NOF,0.0,805,pause,NA,NA,NA,NA,0.0,0,-48.32,-36.64,[],0,0,[],[]
27099180,27100270,NA,SIL,0.0,805,pause,NA,NA,NA,NA,0.0,0,-57.14,-45.45,[],0,0,[],[]
27100270,27102180,NA,NOF,0.0,805,pause,NA,NA,NA,NA,0.0,0,-46.36,-30.25,[],0,0,[],[]
27102180,27103020,CHI,CHN,0.0,805,CIOCX,BC,0,NT,FI,1.0,720,-26.67,-20.21,"[{'Canonical-syllable': '0', 'Growl': '0', 'High-freq-energy': '0', 'Long-island': '1', 'Low-tilt-spectrum': '0', 'Medium-island': '0', 'Short-island': '0', 'Squeal': '0', 'Typical-entropy': '1', 'Voicing-quality': '1', 'Wide-band': '0', 'Xlong-island': '0', 'seq': '1', 'end': 27102.9, 'start': 27102.18}]",0,0,[],[]
27103020,27104740,NA,SIL,0.0,805,CIOCX,NA,NA,NA,NA,0.0,0,-53.76,-44.61,[],0,0,[],[]
27104740,27106040,CHI,CHN,0.0,805,CIOCX,RC,0,NT,FH,2.0,410,-22.5,-11.09,"[{'Canonical-syllable': '0', 'Growl': '0', 'High-freq-energy': '0', 'Long-island': '0', 'Low-tilt-spectrum': '0', 'Medium-island': '0', 'Short-island': '0', 'Squeal': '0', 'Typical-entropy': '0', 'Voicing-quality': '1', 'Wide-band': '0', 'Xlong-island': '0', 'seq': '1', 'end': 27104.88, 'start': 27104.74}, {'Canonical-syllable': '0', 'Growl': '0', 'High-freq-energy': '0', 'Long-island': '0', 'Low-tilt-spectrum': '0', 'Medium-island': '0', 'Short-island': '1', 'Squeal': '0', 'Typical-entropy': '0', 'Voicing-quality': '1', 'Wide-band': '0', 'Xlong-island': '0', 'seq': '2', 'end': 27106.04, 'start': 27105.77}]",0,0,[],[]
27106040,27107050,CHI,CHN,0.0,805,CIOCX,RC,0,NT,FH,1.0,790,-27.0,-18.06,"[{'Canonical-syllable': '0', 'Growl': '0', 'High-freq-energy': '0', 'Long-island': '0', 'Low-tilt-spectrum': '0', 'Medium-island': '0', 'Short-island': '3', 'Squeal': '0', 'Typical-entropy': '2', 'Voicing-quality': '3', 'Wide-band': '0', 'Xlong-island': '0', 'seq': '1', 'end': 27106.83, 'start': 27106.04}]",0,0,[],[]
27107050,27109380,NA,NOF,0.0,805,CIOCX,NA,NA,NA,NA,0.0,0,-53.9,-46.37,[],0,0,[],[]
27109380,27111910,CHI,CHN,0.0,805,CIOCX,RC,0,NT,FH,3.0,1330,-20.98,-7.23,"[{'Canonical-syllable': '1', 'Growl': '0', 'High-freq-energy': '0', 'Long-island': '0', 'Low-tilt-spectrum': '0', 'Medium-island': '0', 'Short-island': '1', 'Squeal': '0', 'Typical-entropy': '1', 'Voicing-quality': '1', 'Wide-band': '0', 'Xlong-island': '0', 'seq': '1', 'end': 27109.53, 'start': 27109.38}, {'Canonical-syllable': '0', 'Growl': '0', 'High-freq-energy': '0', 'Long-island': '1', 'Low-tilt-spectrum': '0', 'Medium-island': '0', 'Short-island': '0', 'Squeal': '0', 'Typical-entropy': '0', 'Voicing-quality': '1', 'Wide-band': '0', 'Xlong-island': '0', 'seq': '2', 'end': 27110.89, 'start': 27110.1}, {'Canonical-syllable': '0', 'Growl': '0', 'High-freq-energy': '0', 'Long-island': '0', 'Low-tilt-spectrum': '0', 'Medium-island': '1', 'Short-island': '0', 'Squeal': '0', 'Typical-entropy': '0', 'Voicing-quality': '1', 'Wide-band': '1', 'Xlong-island': '0', 'seq': '3', 'end': 27111.91, 'start': 27111.52}]",0,0,[],[]
27111910,27112750,NA,OLN,0.0,805,CIOCX,NA,NA,NA,NA,0.0,0,-17.16,-5.73,[],0,0,[],[]
27112750,27115000,CHI,CHN,0.0,805,CIOCX,RC,0,NT,FH,2.0,1430,-19.56,-10.82,"[{'Canonical-syllable': '0', 'Growl': '0', 'High-freq-energy': '0', 'Long-island': '0', 'Low-tilt-spectrum': '0', 'Medium-island': '0', 'Short-island': '1', 'Squeal': '0', 'Typical-entropy': '1', 'Voicing-quality': '2', 'Wide-band': '0', 'Xlong-island': '0', 'seq': '1', 'end': 27113.31, 'start': 27112.75}, {'Canonical-syllable': '1', 'Growl': '0', 'High-freq-energy': '0', 'Long-island': '0', 'Low-tilt-spectrum': '0', 'Medium-island': '1', 'Short-island': '1', 'Squeal': '0', 'Typical-entropy': '1', 'Voicing-quality': '2', 'Wide-band': '0', 'Xlong-island': '0', 'seq': '2', 'end': 27115.0, 'start': 27114.13}]",0,0,[],[]
27115000,27115880,NA,FAF,0.0,805,CIOCX,NA,NA,NA,NA,0.0,0,-44.79,-35.01,[],0,0,[],[]
27115880,27117110,CHI,CHN,0.0,805,CIOCX,RC,0,NT,FH,1.0,960,-21.02,-10.71,"[{'Canonical-syllable': '0', 'Growl': '1', 'High-freq-energy': '0', 'Long-island': '1', 'Low-tilt-spectrum': '0', 'Medium-island': '0', 'Short-island': '1', 'Squeal': '0', 'Typical-entropy': '0', 'Voicing-quality': '2', 'Wide-band': '0', 'Xlong-island': '0', 'seq': '1', 'end': 27116.84, 'start': 27115.88}]",0,0,[],[]
27117110,27117980,NA,SIL,0.0,805,CIOCX,NA,NA,NA,NA,0.0,0,-53.34,-44.07,[],0,0,[],[]
27117980,27118860,OCH,CXN,0.0,805,CIOCX,RC,0,NT,FI,0.0,0,-25.77,-21.22,[],0,0,[],[]
27118860,27119510,OCH,CXN,0.0,805,CIOCX,RC,0,NT,FH,0.0,0,-32.4,-25.51,[],0,0,[],[]
27119510,27120590,NA,FAF,0.0,805,CIOCX,NA,NA,NA,NA,0.0,0,-36.78,-30.53,[],0,0,[],[]
27120590,27122510,NA,OLF,0.0,805,CIOCX,NA,NA,NA,NA,0.0,0,-35.75,-22.2,[],0,0,[],[]
27122510,27123730,CHI,CHN,0.0,805,CIOCX,RC,0,NT,FI,1.0,1220,-20.09,-15.25,"[{'Canonical-syllable': '0', 'Growl': '0', 'High-freq-energy': '0', 'Long-island': '0', 'Low-tilt-spectrum': '0', 'Medium-island': '0', 'Short-island': '0', 'Squeal': '0', 'Typical-entropy': '0', 'Voicing-quality': '1', 'Wide-band': '0', 'Xlong-island': '1', 'seq': '1', 'end': 27123.73, 'start': 27122.51}]",0,0,[],[]
27123730,27124540,NA,NON,0.0,805,CIOCX,NA,NA,NA,NA,0.0,0,-37.45,-28.71,[],0,0,[],[]
27124540,27125440,CHI,CHN,0.0,805,CIOCX,RC,0,NT,FH,1.0,900,-18.47,-14.16,"[{'Canonical-syllable': '0', 'Growl': '0', 'High-freq-energy': '0', 'Long-island': '1', 'Low-tilt-spectrum': '0', 'Medium-island': '0', 'Short-island': '0', 'Squeal': '0', 'Typical-entropy': '1', 'Voicing-quality': '1', 'Wide-band': '0', 'Xlong-island': '0', 'seq': '1', 'end': 27125.44, 'start': 27124.54}]",0,0,[],[]
27125440,27126450,NA,NOF,0.0,805,CIOCX,NA,NA,NA,NA,0.0,0,-35.66,-21.33,[],0,0,[],[]
27126450,27127250,NA,OLF,0.0,805,CIOCX,NA,NA,NA,NA,0.0,0,-34.58,-20.37,[],0,0,[],[]
27127250,27128490,NA,MAF,0.0,805,CIOCX,NA,NA,NA,NA,0.0,0,-40.37,-34.04,[],0,0,[],[]
27128490,27129290,NA,NOF,0.0,805,CIOCX,NA,NA,NA,NA,0.0,0,-43.15,-36.4,[],0,0,[],[]
27129290,27130080,CHI,CHN,0.0,805,CIOCX,RC,0,NT,FH,1.0,790,-21.97,-15.38,"[{'Canonical-syllable': '0', 'Growl': '1', 'High-freq-energy': '0', 'Long-island': '0', 'Low-tilt-spectrum': '1', 'Medium-island': '0', 'Short-island': '2', 'Squeal': '0', 'Typical-entropy': '1', 'Voicing-quality': '1', 'Wide-band': '0', 'Xlong-island': '0', 'seq': '1', 'end': 27130.08, 'start': 27129.29}]",0,0,[],[]
27130080,27130880,CHI,CHN,0.0,805,CIOCX,RC,0,NT,FH,1.0,600,-25.95,-19.94,"[{'Canonical-syllable': '0', 'Growl': '1', 'High-freq-energy': '0', 'Long-island': '0', 'Low-tilt-spectrum': '0', 'Medium-island': '1', 'Short-island': '0', 'Squeal': '0', 'Typical-entropy': '1', 'Voicing-quality': '1', 'Wide-band': '0', 'Xlong-island': '0', 'seq': '1', 'end': 27130.68, 'start': 27130.08}]",0,0,[],[]
27130880,27131480,CHI,CHN,0.0,805,CIOCX,RC,0,NT,FH,1.0,600,-24.01,-20.12,"[{'Canonical-syllable': '0', 'Growl': '0', 'High-freq-energy': '0', 'Long-island': '0', 'Low-tilt-spectrum': '0', 'Medium-island': '1', 'Short-island': '0', 'Squeal': '0', 'Typical-entropy': '1', 'Voicing-quality': '1', 'Wide-band': '0', 'Xlong-island': '0', 'seq': '1', 'end': 27131.48, 'start': 27130.88}]",0,0,[],[]
27131480,27133400,CHI,CHN,0.0,805,CIOCX,EC,0,NT,FH,2.0,1480,-22.52,-14.39,"[{'Canonical-syllable': '0', 'Growl': '0', 'High-freq-energy': '0', 'Long-island': '0', 'Low-tilt-spectrum': '1', 'Medium-island': '2', 'Short-island': '1', 'Squeal': '0', 'Typical-entropy': '1', 'Voicing-quality': '3', 'Wide-band': '0', 'Xlong-island': '0', 'seq': '1', 'end': 27132.85, 'start': 27131.48}, {'Canonical-syllable': '0', 'Growl': '1', 'High-freq-energy': '0', 'Long-island': '0', 'Low-tilt-spectrum': '0', 'Medium-island': '0', 'Short-island': '0', 'Squeal': '0', 'Typical-entropy': '0', 'Voicing-quality': '1', 'Wide-band': '0', 'Xlong-island': '0', 'seq': '2', 'end': 27133.4, 'start': 27133.29}]",0,0,[],[]
27133400,27134900,NA,NOF,0.0,806,pause,NA,NA,NA,NA,0.0,0,-24.41,-7.37,[],0,0,[],[]
27134900,27137060,NA,FAF,0.0,806,pause,NA,NA,NA,NA,0.0,0,-37.27,-30.83,[],0,0,[],[]
27137060,27137880,NA,NOF,0.0,806,pause,NA,NA,NA,NA,0.0,0,-46.2,-36.86,[],0,0,[],[]
27137880,27138880,FEM,FAN,0.0,806,pause,NA,NA,NA,NA,0.0,0,-33.51,-26.52,[],1000,0,[],[]
27138880,27139840,NA,NOF,0.0,806,pause,NA,NA,NA,NA,0.0,0,-38.33,-30.78,[],0,0,[],[]
27139840,27141660,CHI,CHN,0.0,806,CIC,BC,0,TIFI,FI,2.0,1290,-18.89,-11.26,"[{'Canonical-syllable': '0', 'Growl': '1', 'High-freq-energy': '0', 'Long-island': '0', 'Low-tilt-spectrum': '1', 'Medium-island': '2', 'Short-island': '1', 'Squeal': '0', 'Typical-entropy': '1', 'Voicing-quality': '3', 'Wide-band': '0', 'Xlong-island': '0', 'seq': '1', 'end': 27140.94, 'start': 27139.84}, {'Canonical-syllable': '0', 'Growl': '0', 'High-freq-energy': '0', 'Long-island': '0', 'Low-tilt-spectrum': '1', 'Medium-island': '0', 'Short-island': '1', 'Squeal': '0', 'Typical-entropy': '0', 'Voicing-quality': '1', 'Wide-band': '0', 'Xlong-island': '0', 'seq': '2', 'end': 27141.66, 'start': 27141.47}]",0,0,[],[]
27141660,27143420,FEM,FAN,8.85,806,CIC,RC,1,TIFR,FI,0.0,0,-23.32,-14.91,[],0,0,[],[]
27143420,27144250,NA,SIL,0.0,806,CIC,NA,NA,NA,NA,0.0,0,-53.69,-42.42,[],0,0,[],[]
27144250,27145050,NA,NOF,0.0,806,CIC,NA,NA,NA,NA,0.0,0,-46.7,-39.11,[],0,0,[],[]
27145050,27147200,FEM,FAN,3.96,806,CIC,RC,1,NT,FH,0.0,0,-21.02,-5.48,[],0,0,[],[]
27147200,27148010,NA,SIL,0.0,806,CIC,NA,NA,NA,NA,0.0,0,-50.97,-42.27,[],0,0,[],[]
27148010,27149250,FEM,FAN,1.42,806,CIC,RC,1,NT,FH,0.0,0,-32.98,-26.44,[],0,0,[],[]
27149250,27150200,NA,NOF,0.0,806,CIC,NA,NA,NA,NA,0.0,0,-37.39,-30.17,[],0,0,[],[]
27150200,27151090,NA,SIL,0.0,806,CIC,NA,NA,NA,NA,0.0,0,-45.65,-38.39,[],0,0,[],[]
27151090,27152760,NA,NOF,0.0,806,CIC,NA,NA,NA,NA,0.0,0,-40.61,-31.09,[],0,0,[],[]
27152760,27153630,NA,SIL,0.0,806,CIC,NA,NA,NA,NA,0.0,0,-48.78,-38.51,[],0,0,[],[]
27153630,27154800,CHI,CHN,0.0,806,CIC,RC,1,TIFI,FI,2.0,770,-19.15,-11.18,"[{'Canonical-syllable': '1', 'Growl': '0', 'High-freq-energy': '0', 'Long-island': '0', 'Low-tilt-spectrum': '0', 'Medium-island': '0', 'Short-island': '1', 'Squeal': '0', 'Typical-entropy': '0', 'Voicing-quality': '1', 'Wide-band': '0', 'Xlong-island': '0', 'seq': '1', 'end': 27154.11, 'start': 27153.92}, {'Canonical-syllable': '0', 'Growl': '0', 'High-freq-energy': '0', 'Long-island': '0', 'Low-tilt-spectrum': '0', 'Medium-island': '0', 'Short-island': '1', 'Squeal': '0', 'Typical-entropy': '0', 'Voicing-quality': '1', 'Wide-band': '0', 'Xlong-island': '0', 'seq': '2', 'end': 27154.8, 'start': 27154.51}]",0,0,[],[]
27154800,27155400,CHI,CHN,0.0,806,CIC,NA,NA,NA,NA,0.0,0,-18.05,-12.25,[],0,320,"[{'start': 27154.9, 'end': 27155.22}]",[]
27155400,27156350,NA,SIL,0.0,806,CIC,NA,NA,NA,NA,0.0,0,-49.91,-32.14,[],0,0,[],[]
27156350,27157370,FEM,FAN,2.81,806,CIC,RC,2,TIFR,FI,0.0,0,-35.85,-29.75,[],0,0,[],[]
27157370,27158420,NA,MAF,0.0,806,CIC,NA,NA,NA,NA,0.0,0,-37.47,-31.1,[],0,0,[],[]
27158420,27160420,FEM,FAN,6.48,806,CIC,RC,2,NT,FH,0.0,0,-38.91,-30.3,[],0,0,[],[]
27160420,27161340,NA,NOF,0.0,806,CIC,NA,NA,NA,NA,0.0,0,-44.07,-30.95,[],0,0,[],[]
27161340,27162340,FEM,FAN,3.31,806,CIC,RC,2,NT,FH,0.0,0,-38.72,-31.08,[],0,0,[],[]
27162340,27163560,NA,SIL,0.0,806,CIC,NA,NA,NA,NA,0.0,0,-52.79,-35.08,[],0,0,[],[]
27163560,27165250,FEM,FAN,5.18,806,CIC,EC,2,NT,FH,0.0,0,-38.51,-32.56,[],0,0,[],[]
27165250,27167770,NA,SIL,0.0,807,pause,NA,NA,NA,NA,0.0,0,-59.58,-42.35,[],0,0,[],[]
27167770,27169410,NA,NOF,0.0,807,pause,NA,NA,NA,NA,0.0,0,-31.27,-12.34,[],0,0,[],[]
27169410,27170500,FEM,FAN,0.0,807,pause,NA,NA,NA,NA,0.0,0,-36.15,-26.87,[],1090,0,[],[]
27170500,27171500,MAL,MAN,0.0,807,pause,NA,NA,NA,NA,0.0,0,-39.29,-28.67,[],1000,0,[],[]
27171500,27172250,NA,CHF,0.0,807,CIOCAX,BC,0,NT,FI,1.0,750,-41.31,-29.15,"[{'Canonical-syllable': '0', 'Growl': '2', 'High-freq-energy': '0', 'Long-island': '0', 'Low-tilt-spectrum': '2', 'Medium-island': '0', 'Short-island': '2', 'Squeal': '0', 'Typical-entropy': '1', 'Voicing-quality': '1', 'Wide-band': '0', 'Xlong-island': '0', 'seq': '1', 'end': 27172.25, 'start': 27171.5}]",0,0,[],[]
27172250,27173570,FEM,FAN,0.0,807,CIOCAX,NA,NA,NA,NA,0.0,0,-35.73,-28.73,[],1320,0,[],[]
27173570,27175740,OCH,CXN,0.0,807,CIOCAX,RC,0,NT,FI,0.0,0,-29.84,-17.89,[],0,0,[],[]
27175740,27177540,NA,SIL,0.0,807,CIOCAX,NA,NA,NA,NA,0.0,0,-51.21,-34.28,[],0,0,[],[]
27177540,27179790,FEM,FAN,7.26,807,CIOCAX,RC,0,NT,FI,0.0,0,-38.31,-29.72,[],0,0,[],[]
27179790,27180400,FEM,FAN,1.23,807,CIOCAX,RC,0,NT,FH,0.0,0,-39.36,-32.79,[],0,0,[],[]
27180400,27181900,NA,FAF,0.0,807,CIOCAX,NA,NA,NA,NA,0.0,0,-40.88,-30.72,[],0,0,[],[]
27181900,27184810,NA,NOF,0.0,807,CIOCAX,NA,NA,NA,NA,0.0,0,-47.92,-35.17,[],0,0,[],[]
27184810,27185810,FEM,FAN,0.59,807,CIOCAX,EC,0,NT,FH,0.0,0,-38.45,-32.97,[],0,0,[],[]
27185810,27187370,NA,NOF,0.0,808,pause,NA,NA,NA,NA,0.0,0,-43.93,-25.0,[],0,0,[],[]
27187370,27188240,NA,SIL,0.0,808,pause,NA,NA,NA,NA,0.0,0,-57.48,-47.11,[],0,0,[],[]
27188240,27189880,NA,NOF,0.0,808,pause,NA,NA,NA,NA,0.0,0,-46.01,-37.04,[],0,0,[],[]
27189880,27190480,FEM,FAN,0.0,808,pause,NA,NA,NA,NA,0.0,0,-37.25,-32.29,[],600,0,[],[]
27190480,27192800,NA,NOF,0.0,808,pause,NA,NA,NA,NA,0.0,0,-40.22,-21.98,[],0,0,[],[]
27192800,27193460,CHI,CHN,0.0,808,CIC,BC,0,TIFI,FI,1.0,570,-23.2,-18.54,"[{'Canonical-syllable': '0', 'Growl': '0', 'High-freq-energy': '0', 'Long-island': '0', 'Low-tilt-spectrum': '0', 'Medium-island': '1', 'Short-island': '0', 'Squeal': '0', 'Typical-entropy': '0', 'Voicing-quality': '1', 'Wide-band': '0', 'Xlong-island': '0', 'seq': '1', 'end': 27193.37, 'start': 27192.8}]",0,0,[],[]
27193460,27195040,NA,NOF,0.0,808,CIC,NA,NA,NA,NA,0.0,0,-46.73,-38.27,[],0,0,[],[]
27195040,27196040,FEM,FAN,4.51,808,CIC,RC,1,TIFR,FI,0.0,0,-37.79,-31.08,[],0,0,[],[]
27196040,27197010,NA,SIL,0.0,808,CIC,NA,NA,NA,NA,0.0,0,-46.95,-36.25,[],0,0,[],[]
27197010,27198100,NA,TVN,0.0,808,CIC,NA,NA,NA,NA,0.0,0,-41.1,-34.12,[],0,0,[],[]
27198100,27199620,FEM,FAN,5.66,808,CIC,RC,1,NT,FH,0.0,0,-37.92,-32.8,[],0,0,[],[]
27199620,27200720,NA,SIL,0.0,808,CIC,NA,NA,NA,NA,0.0,0,-55.34,-46.56,[],0,0,[],[]
27200720,27202890,FEM,FAN,8.01,808,CIC,EC,1,NT,FH,0.0,0,-36.21,-30.0,[],0,0,[],[]
27202890,27203940,NA,SIL,0.0,809,pause,NA,NA,NA,NA,0.0,0,-55.44,-38.4,[],0,0,[],[]
27203940,27205100,NA,FAF,0.0,809,pause,NA,NA,NA,NA,0.0,0,-39.34,-32.61,[],0,0,[],[]
27205100,27206360,NA,SIL,0.0,809,pause,NA,NA,NA,NA,0.0,0,-50.56,-36.25,[],0,0,[],[]
27206360,27210840,NA,NOF,0.0,809,pause,NA,NA,NA,NA,0.0,0,-45.2,-27.84,[],0,0,[],[]
27210840,27211850,FEM,FAN,2.82,809,AICF,BC,0,NT,FI,0.0,0,-36.45,-29.48,[],0,0,[],[]
27211850,27212900,MAL,MAN,2.08,809,AICF,RC,0,NT,FI,0.0,0,-40.83,-34.79,[],0,0,[],[]
27212900,27213940,FEM,FAN,2.43,809,AICF,RC,0,NT,FI,0.0,0,-34.61,-30.48,[],0,0,[],[]
27213940,27215230,NA,SIL,0.0,809,AICF,NA,NA,NA,NA,0.0,0,-48.13,-36.45,[],0,0,[],[]
27215230,27216410,FEM,FAN,2.68,809,AICF,RC,0,NT,FH,0.0,0,-35.5,-29.28,[],0,0,[],[]
27216410,27219350,NA,SIL,0.0,809,AICF,NA,NA,NA,NA,0.0,0,-57.77,-45.2,[],0,0,[],[]
27219350,27221290,FEM,FAN,7.8,809,AICF,RC,0,NT,FH,0.0,0,-37.54,-30.06,[],0,0,[],[]
27221290,27222400,NA,SIL,0.0,809,AICF,NA,NA,NA,NA,0.0,0,-51.81,-43.16,[],0,0,[],[]
27222400,27224110,FEM,FAN,6.73,809,AICF,RC,0,NT,FH,0.0,0,-32.31,-26.19,[],0,0,[],[]
27224110,27224970,NA,NOF,0.0,809,AICF,NA,NA,NA,NA,0.0,0,-45.89,-35.87,[],0,0,[],[]
27224970,27225570,FEM,FAN,0.0,809,AICF,NA,NA,NA,NA,0.0,0,-34.52,-29.96,[],600,0,[],[]
27225570,27226400,NA,NOF,0.0,809,AICF,NA,NA,NA,NA,0.0,0,-54.23,-47.89,[],0,0,[],[]
27226400,27227200,NA,SIL,0.0,809,AICF,NA,NA,NA,NA,0.0,0,-52.77,-41.48,[],0,0,[],[]
27227200,27229320,FEM,FAN,7.15,809,AICF,RC,0,NT,FH,0.0,0,-39.8,-31.6,[],0,0,[],[]
27229320,27231000,NA,NOF,0.0,809,AICF,NA,NA,NA,NA,0.0,0,-52.46,-40.84,[],0,0,[],[]
27231000,27233100,FEM,FAN,4.04,809,AICF,RC,0,NT,FH,0.0,0,-39.06,-31.57,[],0,0,[],[]
27233100,27233720,NA,SIL,0.0,809,AICF,NA,NA,NA,NA,0.0,0,-46.61,-35.81,[],0,0,[],[]
27233720,27235140,FEM,FAN,3.15,809,AICF,RC,0,TIFI,FH,0.0,0,-32.84,-27.0,[],0,0,[],[]
27235140,27236020,CHI,CHN,0.0,809,AICF,RC,1,TIFR,FI,1.0,560,-16.63,-9.67,"[{'Canonical-syllable': '0', 'Growl': '1', 'High-freq-energy': '0', 'Long-island': '0', 'Low-tilt-spectrum': '1', 'Medium-island': '0', 'Short-island': '1', 'Squeal': '0', 'Typical-entropy': '1', 'Voicing-quality': '2', 'Wide-band': '0', 'Xlong-island': '0', 'seq': '1', 'end': 27236.02, 'start': 27235.46}]",0,0,[],[]
27236020,27237350,CHI,CHN,0.0,809,AICF,RC,1,NT,FH,1.0,850,-21.67,-11.42,"[{'Canonical-syllable': '0', 'Growl': '0', 'High-freq-energy': '0', 'Long-island': '1', 'Low-tilt-spectrum': '0', 'Medium-island': '0', 'Short-island': '0', 'Squeal': '0', 'Typical-entropy': '0', 'Voicing-quality': '1', 'Wide-band': '0', 'Xlong-island': '0', 'seq': '1', 'end': 27236.87, 'start': 27236.02}]",0,0,[],[]
27237350,27238220,NA,NOF,0.0,809,AICF,NA,NA,NA,NA,0.0,0,-29.17,-14.89,[],0,0,[],[]
27238220,27239220,FEM,FAN,2.45,809,AICF,RC,1,TIFI,FI,0.0,0,-30.89,-23.71,[],0,0,[],[]
27239220,27241010,CHI,CHN,0.0,809,AICF,RC,2,TIFR,FI,1.0,1790,-18.47,-9.0,"[{'Canonical-syllable': '3', 'Growl': '0', 'High-freq-energy': '0', 'Long-island': '0', 'Low-tilt-spectrum': '1', 'Medium-island': '1', 'Short-island': '4', 'Squeal': '0', 'Typical-entropy': '4', 'Voicing-quality': '5', 'Wide-band': '0', 'Xlong-island': '0', 'seq': '1', 'end': 27241.01, 'start': 27239.22}]",0,0,[],[]
27241010,27242230,FEM,FAN,8.46,809,AICF,RC,2,TIFI,FI,0.0,0,-26.36,-18.94,[],0,0,[],[]
27242230,27243590,NA,SIL,0.0,809,AICF,NA,NA,NA,NA,0.0,0,-55.68,-44.11,[],0,0,[],[]
27243590,27245580,CHI,CHN,0.0,809,AICF,RC,3,TIFR,FI,1.0,1550,-21.44,-7.3,"[{'Canonical-syllable': '0', 'Growl': '0', 'High-freq-energy': '0', 'Long-island': '0', 'Low-tilt-spectrum': '0', 'Medium-island': '2', 'Short-island': '0', 'Squeal': '0', 'Typical-entropy': '1', 'Voicing-quality': '2', 'Wide-band': '0', 'Xlong-island': '0', 'seq': '1', 'end': 27245.14, 'start': 27243.89}]",0,0,[],[]
27245580,27246590,FEM,FAN,2.17,809,AICF,RC,3,TIFI,FI,0.0,0,-41.57,-36.54,[],0,0,[],[]
27246590,27247970,NA,SIL,0.0,809,AICF,NA,NA,NA,NA,0.0,0,-54.94,-40.32,[],0,0,[],[]
27247970,27248600,CHI,CHN,0.0,809,AICF,RC,4,TIFR,FI,1.0,470,-18.74,-12.82,"[{'Canonical-syllable': '0', 'Growl': '0', 'High-freq-energy': '0', 'Long-island': '0', 'Low-tilt-spectrum': '0', 'Medium-island': '1', 'Short-island': '0', 'Squeal': '0', 'Typical-entropy': '0', 'Voicing-quality': '1', 'Wide-band': '0', 'Xlong-island': '0', 'seq': '1', 'end': 27248.44, 'start': 27247.97}]",0,0,[],[]
27248600,27250270,NA,SIL,0.0,809,AICF,NA,NA,NA,NA,0.0,0,-52.42,-31.37,[],0,0,[],[]
27250270,27250890,CHI,CHN,0.0,809,AICF,RC,4,NT,FH,1.0,390,-19.16,-6.72,"[{'Canonical-syllable': '1', 'Growl': '0', 'High-freq-energy': '0', 'Long-island': '0', 'Low-tilt-spectrum': '1', 'Medium-island': '1', 'Short-island': '0', 'Squeal': '0', 'Typical-entropy': '1', 'Voicing-quality': '1', 'Wide-band': '0', 'Xlong-island': '0', 'seq': '1', 'end': 27250.66, 'start': 27250.36}]",0,0,[],[]
27250890,27251940,NA,FAF,0.0,809,AICF,NA,NA,NA,NA,0.0,0,-37.75,-30.17,[],0,0,[],[]
27251940,27253270,NA,SIL,0.0,809,AICF,NA,NA,NA,NA,0.0,0,-55.82,-44.41,[],0,0,[],[]
27253270,27255120,FEM,FAN,5.91,809,AICF,RC,4,TIFE,FI,0.0,0,-34.64,-27.56,[],0,0,[],[]
27255120,27258220,NA,NOF,0.0,809,AICF,NA,NA,NA,NA,0.0,0,-40.61,-26.81,[],0,0,[],[]
27258220,27261180,FEM,FAN,9.15,809,AICF,RC,4,TIFI,FH,0.0,0,-35.71,-28.5,[],0,0,[],[]
27261180,27261980,NA,SIL,0.0,809,AICF,NA,NA,NA,NA,0.0,0,-49.22,-39.43,[],0,0,[],[]
27261980,27263220,CHI,CHN,0.0,809,AICF,RC,5,TIFR,FI,1.0,920,-18.65,-7.33,"[{'Canonical-syllable': '0', 'Growl': '1', 'High-freq-energy': '1', 'Long-island': '0', 'Low-tilt-spectrum': '1', 'Medium-island': '0', 'Short-island': '3', 'Squeal': '0', 'Typical-entropy': '2', 'Voicing-quality': '3', 'Wide-band': '1', 'Xlong-island': '0', 'seq': '1', 'end': 27263.22, 'start': 27262.3}]",0,0,[],[]
27263220,27264360,NA,NON,0.0,809,AICF,NA,NA,NA,NA,0.0,0,-25.55,-8.0,[],0,0,[],[]
27264360,27266430,FEM,FAN,8.08,809,AICF,RC,5,TIFE,FI,0.0,0,-34.13,-26.78,[],0,0,[],[]
27266430,27267280,NA,NOF,0.0,809,AICF,NA,NA,NA,NA,0.0,0,-45.99,-35.81,[],0,0,[],[]
27267280,27268380,NA,FAF,0.0,809,AICF,NA,NA,NA,NA,0.0,0,-37.25,-30.42,[],0,0,[],[]
27268380,27269370,NA,NOF,0.0,809,AICF,NA,NA,NA,NA,0.0,0,-48.17,-33.62,[],0,0,[],[]
27269370,27273180,FEM,FAN,16.43,809,AICF,RC,5,TIFI,FH,0.0,0,-19.64,-8.23,[],0,0,[],[]
27273180,27273790,CHI,CHN,0.0,809,AICF,RC,6,TIFR,FI,1.0,610,-16.71,-9.51,"[{'Canonical-syllable': '1', 'Growl': '1', 'High-freq-energy': '0', 'Long-island': '0', 'Low-tilt-spectrum': '0', 'Medium-island': '1', 'Short-island': '0', 'Squeal': '0', 'Typical-entropy': '1', 'Voicing-quality': '2', 'Wide-band': '0', 'Xlong-island': '0', 'seq': '1', 'end': 27273.79, 'start': 27273.18}]",0,0,[],[]
27273790,27277220,FEM,FAN,11.42,809,AICF,RC,6,TIFI,FI,0.0,0,-32.08,-24.57,[],0,0,[],[]
27277220,27278020,NA,NOF,0.0,809,AICF,NA,NA,NA,NA,0.0,0,-44.68,-32.08,[],0,0,[],[]
27278020,27279240,CHI,CHN,0.0,809,AICF,RC,7,TIFR,FI,2.0,560,-20.1,-10.34,"[{'Canonical-syllable': '0', 'Growl': '0', 'High-freq-energy': '0', 'Long-island': '0', 'Low-tilt-spectrum': '0', 'Medium-island': '0', 'Short-island': '0', 'Squeal': '0', 'Typical-entropy': '0', 'Voicing-quality': '0', 'Wide-band': '0', 'Xlong-island': '0', 'seq': '1', 'end': 27278.11, 'start': 27278.02}, {'Canonical-syllable': '0', 'Growl': '0', 'High-freq-energy': '0', 'Long-island': '0', 'Low-tilt-spectrum': '2', 'Medium-island': '0', 'Short-island': '1', 'Squeal': '0', 'Typical-entropy': '1', 'Voicing-quality': '2', 'Wide-band': '0', 'Xlong-island': '0', 'seq': '2', 'end': 27279.02, 'start': 27278.55}]",0,0,[],[]
27279240,27280240,FEM,FAN,2.37,809,AICF,RC,7,TIFI,FI,0.0,0,-30.0,-18.91,[],0,0,[],[]
27280240,27281730,CHI,CHN,0.0,809,AICF,RC,8,TIFR,FI,1.0,790,-22.8,-10.79,"[{'Canonical-syllable': '1', 'Growl': '1', 'High-freq-energy': '0', 'Long-island': '0', 'Low-tilt-spectrum': '1', 'Medium-island': '0', 'Short-island': '2', 'Squeal': '0', 'Typical-entropy': '2', 'Voicing-quality': '3', 'Wide-band': '0', 'Xlong-island': '0', 'seq': '1', 'end': 27281.46, 'start': 27280.67}]",0,0,[],[]
27281730,27283600,NA,NOF,0.0,809,AICF,NA,NA,NA,NA,0.0,0,-38.4,-22.42,[],0,0,[],[]
27283600,27284810,FEM,FAN,7.08,809,AICF,RC,8,TIFI,FI,0.0,0,-31.09,-20.95,[],0,0,[],[]
27284810,27285680,NA,SIL,0.0,809,AICF,NA,NA,NA,NA,0.0,0,-55.14,-49.1,[],0,0,[],[]
27285680,27286530,NA,NOF,0.0,809,AICF,NA,NA,NA,NA,0.0,0,-49.4,-40.75,[],0,0,[],[]
27286530,27287530,CHI,CHN,0.0,809,AICF,RC,9,TIFR,FI,1.0,790,-25.18,-17.88,"[{'Canonical-syllable': '0', 'Growl': '0', 'High-freq-energy': '0', 'Long-island': '0', 'Low-tilt-spectrum': '0', 'Medium-island': '2', 'Short-island': '0', 'Squeal': '0', 'Typical-entropy': '1', 'Voicing-quality': '2', 'Wide-band': '0', 'Xlong-island': '0', 'seq': '1', 'end': 27287.32, 'start': 27286.53}]",0,0,[],[]
27287530,27288350,NA,SIL,0.0,809,AICF,NA,NA,NA,NA,0.0,0,-51.04,-39.99,[],0,0,[],[]
27288350,27289960,FEM,FAN,2.72,809,AICF,RC,9,TIFI,FI,0.0,0,-36.03,-25.73,[],0,0,[],[]
27289960,27290740,CHI,CHN,0.0,809,AICF,RC,10,TIFR,FI,1.0,780,-27.14,-20.22,"[{'Canonical-syllable': '0', 'Growl': '0', 'High-freq-energy': '0', 'Long-island': '0', 'Low-tilt-spectrum': '0', 'Medium-island': '1', 'Short-island': '0', 'Squeal': '0', 'Typical-entropy': '0', 'Voicing-quality': '1', 'Wide-band': '0', 'Xlong-island': '0', 'seq': '1', 'end': 27290.74, 'start': 27290.25}]",0,0,[],[]
27290740,27293060,FEM,FAN,6.85,809,AICF,RC,10,TIFE,FI,0.0,0,-35.33,-25.82,[],0,0,[],[]
27293060,27295620,NA,NOF,0.0,809,AICF,NA,NA,NA,NA,0.0,0,-30.79,-12.51,[],0,0,[],[]
27295620,27300460,FEM,FAN,15.79,809,AICF,RC,10,TIFI,FH,0.0,0,-35.16,-27.04,[],0,0,[],[]
27300460,27301510,CHI,CHN,0.0,809,AICF,RC,11,TIFR,FI,1.0,1050,-16.98,-10.27,"[{'Canonical-syllable': '1', 'Growl': '0', 'High-freq-energy': '0', 'Long-island': '0', 'Low-tilt-spectrum': '1', 'Medium-island': '2', 'Short-island': '1', 'Squeal': '0', 'Typical-entropy': '1', 'Voicing-quality': '3', 'Wide-band': '0', 'Xlong-island': '0', 'seq': '1', 'end': 27301.51, 'start': 27300.46}]",0,0,[],[]
27301510,27302510,FEM,FAN,2.9,809,AICF,RC,11,TIFE,FI,0.0,0,-33.27,-27.34,[],0,0,[],[]
27302510,27303510,MAL,MAN,5.54,809,AICF,RC,11,NT,FI,0.0,0,-37.26,-29.01,[],0,0,[],[]
27303510,27304590,FEM,FAN,5.69,809,AICF,RC,11,TIFI,FI,0.0,0,-37.0,-30.83,[],0,0,[],[]
27304590,27306170,NA,SIL,0.0,809,AICF,NA,NA,NA,NA,0.0,0,-56.37,-42.33,[],0,0,[],[]
27306170,27307050,CHI,CHN,0.0,809,AICF,RC,12,TIFR,FI,1.0,760,-21.86,-12.0,"[{'Canonical-syllable': '0', 'Growl': '0', 'High-freq-energy': '0', 'Long-island': '0', 'Low-tilt-spectrum': '0', 'Medium-island': '1', 'Short-island': '0', 'Squeal': '0', 'Typical-entropy': '0', 'Voicing-quality': '2', 'Wide-band': '0', 'Xlong-island': '0', 'seq': '1', 'end': 27306.93, 'start': 27306.46}]",0,0,[],[]
27307050,27308200,FEM,FAN,3.68,809,AICF,RC,12,TIFI,FI,0.0,0,-38.83,-32.96,[],0,0,[],[]
27308200,27309080,NA,NOF,0.0,809,AICF,NA,NA,NA,NA,0.0,0,-48.4,-38.67,[],0,0,[],[]
27309080,27310250,CHI,CHN,0.0,809,AICF,RC,13,TIFR,FI,2.0,740,-18.05,-10.61,"[{'Canonical-syllable': '0', 'Growl': '0', 'High-freq-energy': '0', 'Long-island': '0', 'Low-tilt-spectrum': '0', 'Medium-island': '1', 'Short-island': '0', 'Squeal': '0', 'Typical-entropy': '1', 'Voicing-quality': '1', 'Wide-band': '0', 'Xlong-island': '0', 'seq': '1', 'end': 27309.61, 'start': 27309.08}, {'Canonical-syllable': '1', 'Growl': '0', 'High-freq-energy': '0', 'Long-island': '0', 'Low-tilt-spectrum': '0', 'Medium-island': '0', 'Short-island': '1', 'Squeal': '0', 'Typical-entropy': '1', 'Voicing-quality': '1', 'Wide-band': '0', 'Xlong-island': '0', 'seq': '2', 'end': 27310.13, 'start': 27309.92}]",0,0,[],[]
27310250,27313410,FEM,FAN,11.0,809,AICF,RC,13,TIFE,FI,0.0,0,-34.06,-18.1,[],0,0,[],[]
27313410,27314480,NA,SIL,0.0,809,AICF,NA,NA,NA,NA,0.0,0,-59.86,-50.19,[],0,0,[],[]
27314480,27315730,FEM,FAN,4.07,809,AICF,RC,13,NT,FH,0.0,0,-30.88,-24.69,[],0,0,[],[]
27315730,27316530,NA,SIL,0.0,809,AICF,NA,NA,NA,NA,0.0,0,-40.2,-26.0,[],0,0,[],[]
27316530,27320680,FEM,FAN,11.89,809,AICF,RC,13,TIFI,FH,0.0,0,-25.66,-14.32,[],0,0,[],[]
27320680,27321910,NA,SIL,0.0,809,AICF,NA,NA,NA,NA,0.0,0,-52.69,-34.6,[],0,0,[],[]
27321910,27322510,CHI,CHN,0.0,809,AICF,RC,14,TIFR,FI,1.0,600,-17.48,-11.81,"[{'Canonical-syllable': '1', 'Growl': '0', 'High-freq-energy': '0', 'Long-island': '0', 'Low-tilt-spectrum': '0', 'Medium-island': '1', 'Short-island': '0', 'Squeal': '0', 'Typical-entropy': '0', 'Voicing-quality': '1', 'Wide-band': '0', 'Xlong-island': '0', 'seq': '1', 'end': 27322.51, 'start': 27322.04}]",0,0,[],[]
27322510,27326030,FEM,FAN,12.18,809,AICF,RC,14,TIFI,FI,0.0,0,-29.31,-22.21,[],0,0,[],[]
27326030,27327030,NA,NOF,0.0,809,AICF,NA,NA,NA,NA,0.0,0,-43.14,-28.86,[],0,0,[],[]
27327030,27328560,CHI,CHN,0.0,809,AICF,RC,15,TIFR,FI,3.0,730,-17.34,-7.65,"[{'Canonical-syllable': '1', 'Growl': '0', 'High-freq-energy': '0', 'Long-island': '0', 'Low-tilt-spectrum': '0', 'Medium-island': '1', 'Short-island': '0', 'Squeal': '0', 'Typical-entropy': '0', 'Voicing-quality': '1', 'Wide-band': '0', 'Xlong-island': '0', 'seq': '1', 'end': 27327.39, 'start': 27327.03}, {'Canonical-syllable': '1', 'Growl': '0', 'High-freq-energy': '0', 'Long-island': '0', 'Low-tilt-spectrum': '1', 'Medium-island': '0', 'Short-island': '1', 'Squeal': '0', 'Typical-entropy': '1', 'Voicing-quality': '1', 'Wide-band': '0', 'Xlong-island': '0', 'seq': '2', 'end': 27327.98, 'start': 27327.75}, {'Canonical-syllable': '0', 'Growl': '1', 'High-freq-energy': '0', 'Long-island': '0', 'Low-tilt-spectrum': '0', 'Medium-island': '0', 'Short-island': '1', 'Squeal': '0', 'Typical-entropy': '1', 'Voicing-quality': '1', 'Wide-band': '0', 'Xlong-island': '0', 'seq': '3', 'end': 27328.45, 'start': 27328.31}]",0,0,[],[]
27328560,27329670,NA,SIL,0.0,809,AICF,NA,NA,NA,NA,0.0,0,-57.06,-49.75,[],0,0,[],[]
27329670,27335230,FEM,FAN,19.96,809,AICF,RC,15,TIFE,FI,0.0,0,-28.14,-11.03,[],0,0,[],[]
27335230,27336890,MAL,MAN,3.64,809,AICF,EC,15,NT,FI,0.0,0,-37.51,-27.41,[],0,0,[],[]
27336890,27337860,NA,SIL,0.0,810,pause,NA,NA,NA,NA,0.0,0,-54.63,-39.87,[],0,0,[],[]
27337860,27339050,MAL,MAN,0.0,810,pause,NA,NA,NA,NA,0.0,0,-36.71,-29.17,[],1190,0,[],[]
27339050,27340190,NA,FAF,0.0,810,pause,NA,NA,NA,NA,0.0,0,-39.54,-25.39,[],0,0,[],[]
27340190,27341070,NA,SIL,0.0,810,pause,NA,NA,NA,NA,0.0,0,-44.94,-31.95,[],0,0,[],[]
27341070,27344040,NA,NOF,0.0,810,pause,NA,NA,NA,NA,0.0,0,-47.39,-34.56,[],0,0,[],[]
27344040,27344840,NA,OLF,0.0,810,pause,NA,NA,NA,NA,0.0,0,-28.9,-18.43,[],0,0,[],[]
27344840,27348410,NA,NON,0.0,810,pause,NA,NA,NA,NA,0.0,0,-32.17,-16.61,[],0,0,[],[]
27348410,27352100,FEM,FAN,9.05,810,AICF,BC,0,NT,FI,0.0,0,-36.27,-25.99,[],0,0,[],[]
27352100,27352700,OCH,CXN,0.0,810,AICF,RC,0,NT,FI,0.0,0,-35.8,-30.11,[],0,0,[],[]
27352700,27353930,FEM,FAN,1.21,810,AICF,RC,0,NT,FI,0.0,0,-38.35,-30.41,[],0,0,[],[]
27353930,27354860,NA,SIL,0.0,810,AICF,NA,NA,NA,NA,0.0,0,-55.26,-47.02,[],0,0,[],[]
27354860,27356630,FEM,FAN,6.95,810,AICF,RC,0,NT,FH,0.0,0,-34.26,-25.79,[],0,0,[],[]
27356630,27357720,NA,SIL,0.0,810,AICF,NA,NA,NA,NA,0.0,0,-42.98,-35.19,[],0,0,[],[]
27357720,27359380,NA,NOF,0.0,810,AICF,NA,NA,NA,NA,0.0,0,-31.02,-12.98,[],0,0,[],[]
27359380,27360260,NA,SIL,0.0,810,AICF,NA,NA,NA,NA,0.0,0,-56.17,-47.7,[],0,0,[],[]
27360260,27365560,FEM,FAN,20.95,810,AICF,RC,0,NT,FH,0.0,0,-36.22,-27.96,[],0,0,[],[]
27365560,27366360,NA,SIL,0.0,810,AICF,NA,NA,NA,NA,0.0,0,-49.92,-40.67,[],0,0,[],[]
27366360,27370060,FEM,FAN,13.11,810,AICF,RC,0,NT,FH,0.0,0,-26.29,-9.04,[],0,0,[],[]
27370060,27370860,OCH,CXN,0.0,810,AICF,RC,0,NT,FI,0.0,0,-28.89,-14.19,[],0,0,[],[]
27370860,27371670,CHI,CHN,0.0,810,AICF,RC,0,TIFI,FI,1.0,810,-17.04,-9.06,"[{'Canonical-syllable': '1', 'Growl': '0', 'High-freq-energy': '0', 'Long-island': '0', 'Low-tilt-spectrum': '0', 'Medium-island': '1', 'Short-island': '1', 'Squeal': '1', 'Typical-entropy': '2', 'Voicing-quality': '2', 'Wide-band': '0', 'Xlong-island': '0', 'seq': '1', 'end': 27371.67, 'start': 27370.86}]",0,0,[],[]
27371670,27372720,FEM,FAN,3.01,810,AICF,RC,1,TIFR,FI,0.0,0,-33.96,-24.61,[],0,0,[],[]
27372720,27375260,CHI,CHN,0.0,810,AICF,RC,1,TIFE,FI,3.0,1200,-19.24,-11.4,"[{'Canonical-syllable': '0', 'Growl': '0', 'High-freq-energy': '0', 'Long-island': '0', 'Low-tilt-spectrum': '0', 'Medium-island': '1', 'Short-island': '0', 'Squeal': '0', 'Typical-entropy': '0', 'Voicing-quality': '1', 'Wide-band': '0', 'Xlong-island': '0', 'seq': '1', 'end': 27373.29, 'start': 27372.72}, {'Canonical-syllable': '0', 'Growl': '0', 'High-freq-energy': '0', 'Long-island': '0', 'Low-tilt-spectrum': '0', 'Medium-island': '1', 'Short-island': '0', 'Squeal': '0', 'Typical-entropy': '1', 'Voicing-quality': '1', 'Wide-band': '0', 'Xlong-island': '0', 'seq': '2', 'end': 27374.23, 'start': 27373.92}, {'Canonical-syllable': '1', 'Growl': '0', 'High-freq-energy': '0', 'Long-island': '0', 'Low-tilt-spectrum': '0', 'Medium-island': '1', 'Short-island': '0', 'Squeal': '0', 'Typical-entropy': '1', 'Voicing-quality': '1', 'Wide-band': '0', 'Xlong-island': '0', 'seq': '3', 'end': 27375.14, 'start': 27374.82}]",0,0,[],[]
27375260,27376390,NA,SIL,0.0,810,AICF,NA,NA,NA,NA,0.0,0,-54.09,-42.35,[],0,0,[],[]
27376390,27378280,CHI,CHN,0.0,810,AICF,RC,1,NT,FH,1.0,1270,-19.56,-9.97,"[{'Canonical-syllable': '2', 'Growl': '1', 'High-freq-energy': '0', 'Long-island': '0', 'Low-tilt-spectrum': '0', 'Medium-island': '1', 'Short-island': '3', 'Squeal': '0', 'Typical-entropy': '3', 'Voicing-quality': '4', 'Wide-band': '0', 'Xlong-island': '0', 'seq': '1', 'end': 27377.66, 'start': 27376.39}]",0,0,[],[]
27378280,27379080,CHI,CHN,0.0,810,AICF,RC,1,NT,FH,1.0,310,-29.99,-22.24,"[{'Canonical-syllable': '1', 'Growl': '0', 'High-freq-energy': '0', 'Long-island': '0', 'Low-tilt-spectrum': '0', 'Medium-island': '1', 'Short-island': '0', 'Squeal': '0', 'Typical-entropy': '1', 'Voicing-quality': '1', 'Wide-band': '0', 'Xlong-island': '0', 'seq': '1', 'end': 27379.08, 'start': 27378.77}]",0,0,[],[]
27379080,27379970,NA,SIL,0.0,810,AICF,NA,NA,NA,NA,0.0,0,-51.14,-42.52,[],0,0,[],[]
27379970,27380720,CHI,CHN,0.0,810,AICF,RC,1,TIFI,FH,1.0,750,-14.77,-10.48,"[{'Canonical-syllable': '0', 'Growl': '0', 'High-freq-energy': '0', 'Long-island': '1', 'Low-tilt-spectrum': '0', 'Medium-island': '0', 'Short-island': '0', 'Squeal': '0', 'Typical-entropy': '0', 'Voicing-quality': '1', 'Wide-band': '0', 'Xlong-island': '0', 'seq': '1', 'end': 27380.72, 'start': 27379.97}]",0,0,[],[]
27380720,27381520,NA,OLN,0.0,810,AICF,NA,NA,NA,NA,0.0,0,-25.94,-12.6,[],0,0,[],[]
27381520,27383880,FEM,FAN,8.07,810,AICF,RC,2,TIFR,FI,0.0,0,-30.86,-24.54,[],0,0,[],[]
27383880,27384680,NA,SIL,0.0,810,AICF,NA,NA,NA,NA,0.0,0,-45.32,-31.64,[],0,0,[],[]
27384680,27385890,FEM,FAN,4.57,810,AICF,RC,2,NT,FH,0.0,0,-31.34,-22.7,[],0,0,[],[]
27385890,27386490,FEM,FAN,3.58,810,AICF,RC,2,NT,FH,0.0,0,-28.69,-24.76,[],0,0,[],[]
27386490,27388520,FEM,FAN,7.46,810,AICF,RC,2,NT,FH,0.0,0,-30.28,-16.38,[],0,0,[],[]
27388520,27389320,NA,SIL,0.0,810,AICF,NA,NA,NA,NA,0.0,0,-54.32,-42.66,[],0,0,[],[]
27389320,27391920,NA,NOF,0.0,810,AICF,NA,NA,NA,NA,0.0,0,-30.31,-7.93,[],0,0,[],[]
27391920,27394470,FEM,FAN,10.97,810,AICF,RC,2,NT,FH,0.0,0,-33.01,-24.69,[],0,0,[],[]
27394470,27395270,NA,SIL,0.0,810,AICF,NA,NA,NA,NA,0.0,0,-43.86,-29.78,[],0,0,[],[]
27395270,27397820,FEM,FAN,8.21,810,AICF,RC,2,NT,FH,0.0,0,-35.07,-25.85,[],0,0,[],[]
27397820,27398780,NA,SIL,0.0,810,AICF,NA,NA,NA,NA,0.0,0,-55.84,-47.49,[],0,0,[],[]
27398780,27399780,FEM,FAN,2.01,810,AICF,RC,2,NT,FH,0.0,0,-32.85,-25.12,[],0,0,[],[]
27399780,27401760,NA,SIL,0.0,810,AICF,NA,NA,NA,NA,0.0,0,-55.12,-42.1,[],0,0,[],[]
27401760,27402360,CHI,CHN,0.0,810,AICF,RC,2,TIMI,FI,1.0,390,-29.14,-15.78,"[{'Canonical-syllable': '1', 'Growl': '0', 'High-freq-energy': '0', 'Long-island': '0', 'Low-tilt-spectrum': '0', 'Medium-island': '0', 'Short-island': '1', 'Squeal': '0', 'Typical-entropy': '0', 'Voicing-quality': '1', 'Wide-band': '0', 'Xlong-island': '0', 'seq': '1', 'end': 27402.15, 'start': 27402.02}]",0,0,[],[]
27402360,27403160,NA,OLN,0.0,810,AICF,NA,NA,NA,NA,0.0,0,-21.51,-13.8,[],0,0,[],[]
27403160,27404000,NA,NOF,0.0,810,AICF,NA,NA,NA,NA,0.0,0,-41.9,-33.24,[],0,0,[],[]
27404000,27405810,MAL,MAN,5.35,810,AICF,RC,3,TIMR,FI,0.0,0,-38.42,-30.59,[],0,0,[],[]
27405810,27406610,NA,SIL,0.0,810,AICF,NA,NA,NA,NA,0.0,0,-56.09,-42.15,[],0,0,[],[]
27406610,27407610,FEM,FAN,3.74,810,AICF,RC,3,NT,FI,0.0,0,-38.92,-31.59,[],0,0,[],[]
27407610,27408750,NA,SIL,0.0,810,AICF,NA,NA,NA,NA,0.0,0,-53.45,-36.93,[],0,0,[],[]
27408750,27410860,CHI,CHN,0.0,810,AICF,RC,3,TIFI,FI,1.0,2110,-20.07,-12.33,"[{'Canonical-syllable': '1', 'Growl': '0', 'High-freq-energy': '1', 'Long-island': '0', 'Low-tilt-spectrum': '0', 'Medium-island': '1', 'Short-island': '2', 'Squeal': '0', 'Typical-entropy': '1', 'Voicing-quality': '4', 'Wide-band': '0', 'Xlong-island': '1', 'seq': '1', 'end': 27410.86, 'start': 27408.75}]",0,0,[],[]
27410860,27411870,FEM,FAN,3.36,810,AICF,RC,4,TIFR,FI,0.0,0,-39.67,-31.01,[],0,0,[],[]
27411870,27412920,NA,MAF,0.0,810,AICF,NA,NA,NA,NA,0.0,0,-44.15,-37.1,[],0,0,[],[]
27412920,27413730,NA,SIL,0.0,810,AICF,NA,NA,NA,NA,0.0,0,-52.58,-40.03,[],0,0,[],[]
27413730,27414940,CHI,CHN,0.0,810,AICF,RC,4,TIFE,FI,1.0,1210,-19.01,-13.5,"[{'Canonical-syllable': '1', 'Growl': '0', 'High-freq-energy': '1', 'Long-island': '0', 'Low-tilt-spectrum': '0', 'Medium-island': '1', 'Short-island': '2', 'Squeal': '0', 'Typical-entropy': '1', 'Voicing-quality': '3', 'Wide-band': '1', 'Xlong-island': '0', 'seq': '1', 'end': 27414.94, 'start': 27413.73}]",0,0,[],[]
27414940,27415960,CHI,CHN,0.0,810,AICF,RC,4,NT,FH,1.0,880,-20.48,-11.63,"[{'Canonical-syllable': '0', 'Growl': '0', 'High-freq-energy': '0', 'Long-island': '0', 'Low-tilt-spectrum': '0', 'Medium-island': '1', 'Short-island': '1', 'Squeal': '0', 'Typical-entropy': '0', 'Voicing-quality': '2', 'Wide-band': '0', 'Xlong-island': '0', 'seq': '1', 'end': 27415.82, 'start': 27415.08}]",0,0,[],[]
27415960,27419410,NA,NOF,0.0,810,AICF,NA,NA,NA,NA,0.0,0,-49.34,-32.64,[],0,0,[],[]
27419410,27420820,NA,SIL,0.0,810,AICF,NA,NA,NA,NA,0.0,0,-57.07,-49.37,[],0,0,[],[]
27420820,27421510,CHI,CHN,0.0,810,AICF,RC,4,NT,FH,1.0,690,-17.06,-11.52,"[{'Canonical-syllable': '0', 'Growl': '0', 'High-freq-energy': '0', 'Long-island': '0', 'Low-tilt-spectrum': '1', 'Medium-island': '1', 'Short-island': '1', 'Squeal': '0', 'Typical-entropy': '2', 'Voicing-quality': '2', 'Wide-band': '0', 'Xlong-island': '0', 'seq': '1', 'end': 27421.51, 'start': 27420.82}]",0,0,[],[]
27421510,27422630,CHI,CHN,0.0,810,AICF,RC,4,NT,FH,1.0,540,-20.1,-11.27,"[{'Canonical-syllable': '0', 'Growl': '0', 'High-freq-energy': '0', 'Long-island': '0', 'Low-tilt-spectrum': '0', 'Medium-island': '1', 'Short-island': '0', 'Squeal': '0', 'Typical-entropy': '1', 'Voicing-quality': '1', 'Wide-band': '0', 'Xlong-island': '0', 'seq': '1', 'end': 27422.45, 'start': 27421.91}]",0,0,[],[]
27422630,27423390,CHI,CHN,0.0,810,AICF,RC,4,TIFI,FH,1.0,130,-31.75,-22.59,"[{'Canonical-syllable': '0', 'Growl': '1', 'High-freq-energy': '0', 'Long-island': '0', 'Low-tilt-spectrum': '1', 'Medium-island': '0', 'Short-island': '1', 'Squeal': '0', 'Typical-entropy': '1', 'Voicing-quality': '1', 'Wide-band': '1', 'Xlong-island': '0', 'seq': '1', 'end': 27422.76, 'start': 27422.63}]",0,0,[],[]
27423390,27424390,FEM,FAN,1.55,810,AICF,RC,5,TIFR,FI,0.0,0,-30.23,-23.62,[],0,0,[],[]
27424390,27425770,NA,NOF,0.0,810,AICF,NA,NA,NA,NA,0.0,0,-42.9,-28.94,[],0,0,[],[]
27425770,27428310,FEM,FAN,8.56,810,AICF,RC,5,NT,FH,0.0,0,-28.04,-13.0,[],0,0,[],[]
27428310,27428910,CHI,CHN,0.0,810,AICF,RC,5,TIFI,FI,1.0,420,-18.21,-12.88,"[{'Canonical-syllable': '0', 'Growl': '0', 'High-freq-energy': '0', 'Long-island': '0', 'Low-tilt-spectrum': '0', 'Medium-island': '1', 'Short-island': '0', 'Squeal': '0', 'Typical-entropy': '1', 'Voicing-quality': '1', 'Wide-band': '0', 'Xlong-island': '0', 'seq': '1', 'end': 27428.73, 'start': 27428.31}]",0,0,[],[]
27428910,27431790,FEM,FAN,12.09,810,AICF,RC,6,TIFR,FI,0.0,0,-35.27,-27.65,[],0,0,[],[]
27431790,27432920,FEM,FAN,7.45,810,AICF,RC,6,NT,FH,0.0,0,-33.99,-25.34,[],0,0,[],[]
27432920,27434280,MAL,MAN,2.75,810,AICF,RC,6,NT,FI,0.0,0,-34.89,-24.68,[],0,0,[],[]
27434280,27437380,FEM,FAN,11.94,810,AICF,RC,6,NT,FI,0.0,0,-31.76,-24.02,[],0,0,[],[]
27437380,27438320,NA,OLF,0.0,810,AICF,NA,NA,NA,NA,0.0,0,-35.38,-21.93,[],0,0,[],[]
27438320,27440350,FEM,FAN,8.27,810,AICF,RC,6,NT,FH,0.0,0,-27.6,-9.26,[],0,0,[],[]
27440350,27442750,NA,NOF,0.0,810,AICF,NA,NA,NA,NA,0.0,0,-32.69,-10.87,[],0,0,[],[]
27442750,27443630,NA,SIL,0.0,810,AICF,NA,NA,NA,NA,0.0,0,-53.97,-39.35,[],0,0,[],[]
27443630,27444380,CHI,CHN,0.0,810,AICF,RC,6,TIFI,FI,1.0,260,-23.78,-15.4,"[{'Canonical-syllable': '0', 'Growl': '0', 'High-freq-energy': '0', 'Long-island': '0', 'Low-tilt-spectrum': '0', 'Medium-island': '0', 'Short-island': '1', 'Squeal': '0', 'Typical-entropy': '1', 'Voicing-quality': '1', 'Wide-band': '0', 'Xlong-island': '0', 'seq': '1', 'end': 27444.38, 'start': 27444.12}]",0,0,[],[]
27444380,27446220,FEM,FAN,5.38,810,AICF,RC,7,TIFR,FI,0.0,0,-20.99,-10.58,[],0,0,[],[]
27446220,27447580,CHI,CHN,0.0,810,AICF,RC,7,TIFI,FI,1.0,1360,-20.18,-10.22,"[{'Canonical-syllable': '0', 'Growl': '1', 'High-freq-energy': '1', 'Long-island': '0', 'Low-tilt-spectrum': '2', 'Medium-island': '1', 'Short-island': '3', 'Squeal': '0', 'Typical-entropy': '4', 'Voicing-quality': '4', 'Wide-band': '0', 'Xlong-island': '0', 'seq': '1', 'end': 27447.58, 'start': 27446.22}]",0,0,[],[]
27447580,27448960,FEM,FAN,5.68,810,AICF,RC,8,TIFR,FI,0.0,0,-29.32,-17.89,[],0,0,[],[]
27448960,27450200,CHI,CHN,0.0,810,AICF,RC,8,TIFE,FI,2.0,880,-20.63,-11.5,"[{'Canonical-syllable': '0', 'Growl': '1', 'High-freq-energy': '0', 'Long-island': '0', 'Low-tilt-spectrum': '0', 'Medium-island': '2', 'Short-island': '0', 'Squeal': '0', 'Typical-entropy': '1', 'Voicing-quality': '2', 'Wide-band': '0', 'Xlong-island': '0', 'seq': '1', 'end': 27449.73, 'start': 27448.96}, {'Canonical-syllable': '0', 'Growl': '0', 'High-freq-energy': '0', 'Long-island': '0', 'Low-tilt-spectrum': '0', 'Medium-island': '0', 'Short-island': '0', 'Squeal': '0', 'Typical-entropy': '0', 'Voicing-quality': '1', 'Wide-band': '0', 'Xlong-island': '0', 'seq': '2', 'end': 27450.2, 'start': 27450.09}]",0,0,[],[]
27450200,27451200,CHI,CHN,0.0,810,AICF,RC,8,NT,FH,2.0,650,-18.53,-10.37,"[{'Canonical-syllable': '0', 'Growl': '1', 'High-freq-energy': '0', 'Long-island': '0', 'Low-tilt-spectrum': '0', 'Medium-island': '0', 'Short-island': '1', 'Squeal': '0', 'Typical-entropy': '2', 'Voicing-quality': '2', 'Wide-band': '1', 'Xlong-island': '0', 'seq': '1', 'end': 27450.59, 'start': 27450.2}, {'Canonical-syllable': '0', 'Growl': '0', 'High-freq-energy': '0', 'Long-island': '0', 'Low-tilt-spectrum': '0', 'Medium-island': '0', 'Short-island': '1', 'Squeal': '0', 'Typical-entropy': '0', 'Voicing-quality': '1', 'Wide-band': '0', 'Xlong-island': '0', 'seq': '2', 'end': 27451.2, 'start': 27450.94}]",0,0,[],[]
27451200,27451900,CHI,CHN,0.0,810,AICF,RC,8,TIFI,FH,1.0,700,-19.01,-11.22,"[{'Canonical-syllable': '0', 'Growl': '1', 'High-freq-energy': '0', 'Long-island': '0', 'Low-tilt-spectrum': '1', 'Medium-island': '1', 'Short-island': '0', 'Squeal': '0', 'Typical-entropy': '2', 'Voicing-quality': '2', 'Wide-band': '0', 'Xlong-island': '0', 'seq': '1', 'end': 27451.9, 'start': 27451.28}]",0,0,[],[]
27451900,27452700,NA,NOF,0.0,810,AICF,NA,NA,NA,NA,0.0,0,-36.36,-24.43,[],0,0,[],[]
27452700,27453710,FEM,FAN,0.39,810,AICF,RC,9,TIFR,FI,0.0,0,-33.61,-28.21,[],0,0,[],[]
27453710,27454310,NA,MAF,0.0,810,AICF,NA,NA,NA,NA,0.0,0,-37.26,-30.62,[],0,0,[],[]
27454310,27455320,FEM,FAN,4.81,810,AICF,RC,9,NT,FH,0.0,0,-19.93,-13.85,[],0,0,[],[]
27455320,27456650,CHI,CHN,0.0,810,AICF,NA,NA,NA,NA,0.0,0,-13.35,-3.95,[],0,1220,"[{'start': 27455.43, 'end': 27456.65}]",[]
27456650,27460750,FEM,FAN,15.6,810,AICF,RC,9,NT,FH,0.0,0,-28.01,-20.03,[],0,0,[],[]
27460750,27461350,OCH,CXN,0.0,810,AICF,RC,9,NT,FI,0.0,0,-34.21,-28.57,[],0,0,[],[]
27461350,27462430,NA,SIL,0.0,810,AICF,NA,NA,NA,NA,0.0,0,-53.95,-43.91,[],0,0,[],[]
27462430,27466970,FEM,FAN,17.64,810,AICF,RC,9,NT,FI,0.0,0,-29.65,-20.08,[],0,0,[],[]
27466970,27467770,NA,SIL,0.0,810,AICF,NA,NA,NA,NA,0.0,0,-57.18,-43.29,[],0,0,[],[]
27467770,27470100,NA,NOF,0.0,810,AICF,NA,NA,NA,NA,0.0,0,-37.48,-16.17,[],0,0,[],[]
27470100,27470810,FEM,FAN,3.23,810,AICF,RC,9,NT,FH,0.0,0,-19.98,-13.98,[],0,0,[],[]
27470810,27475060,FEM,FAN,13.24,810,AICF,RC,9,TIFI,FH,0.0,0,-34.06,-15.63,[],0,0,[],[]
27475060,27475970,CHI,CHN,0.0,810,AICF,RC,10,TIFR,FI,1.0,830,-22.32,-14.6,"[{'Canonical-syllable': '1', 'Growl': '0', 'High-freq-energy': '0', 'Long-island': '0', 'Low-tilt-spectrum': '0', 'Medium-island': '1', 'Short-island': '1', 'Squeal': '0', 'Typical-entropy': '1', 'Voicing-quality': '2', 'Wide-band': '0', 'Xlong-island': '0', 'seq': '1', 'end': 27475.89, 'start': 27475.19}]",0,0,[],[]
27475970,27476970,NA,FAF,0.0,810,AICF,NA,NA,NA,NA,0.0,0,-41.88,-33.69,[],0,0,[],[]
27476970,27479000,NA,SIL,0.0,810,AICF,NA,NA,NA,NA,0.0,0,-54.05,-41.63,[],0,0,[],[]
27479000,27480260,NA,NOF,0.0,810,AICF,NA,NA,NA,NA,0.0,0,-48.29,-38.42,[],0,0,[],[]
27480260,27483470,FEM,FAN,8.27,810,AICF,RC,10,TIFI,FI,0.0,0,-23.0,-12.74,[],0,0,[],[]
27483470,27485280,CHI,CHN,0.0,810,AICF,RC,11,TIFR,FI,2.0,1430,-18.04,-12.23,"[{'Canonical-syllable': '0', 'Growl': '0', 'High-freq-energy': '0', 'Long-island': '1', 'Low-tilt-spectrum': '0', 'Medium-island': '0', 'Short-island': '0', 'Squeal': '0', 'Typical-entropy': '0', 'Voicing-quality': '1', 'Wide-band': '0', 'Xlong-island': '0', 'seq': '1', 'end': 27484.15, 'start': 27483.47}, {'Canonical-syllable': '2', 'Growl': '0', 'High-freq-energy': '0', 'Long-island': '0', 'Low-tilt-spectrum': '0', 'Medium-island': '1', 'Short-island': '1', 'Squeal': '0', 'Typical-entropy': '1', 'Voicing-quality': '2', 'Wide-band': '0', 'Xlong-island': '0', 'seq': '2', 'end': 27485.28, 'start': 27484.53}]",0,0,[],[]
27485280,27486140,NA,NOF,0.0,810,AICF,NA,NA,NA,NA,0.0,0,-52.06,-41.16,[],0,0,[],[]
27486140,27489630,FEM,FAN,10.9,810,AICF,RC,11,TIFE,FI,0.0,0,-22.35,-11.92,[],0,0,[],[]
27489630,27490260,FEM,FAN,8.5,810,AICF,RC,11,NT,FH,0.0,0,-16.46,-11.87,[],0,0,[],[]
27490260,27493380,FEM,FAN,8.7,810,AICF,RC,11,NT,FH,0.0,0,-31.93,-22.77,[],0,0,[],[]
27493380,27494250,NA,SIL,0.0,810,AICF,NA,NA,NA,NA,0.0,0,-54.18,-40.53,[],0,0,[],[]
27494250,27497110,FEM,FAN,12.19,810,AICF,RC,11,NT,FH,0.0,0,-33.89,-27.43,[],0,0,[],[]
27497110,27497920,NA,NOF,0.0,810,AICF,NA,NA,NA,NA,0.0,0,-48.97,-40.66,[],0,0,[],[]
27497920,27501070,FEM,FAN,12.43,810,AICF,RC,11,TIFI,FH,0.0,0,-33.26,-26.25,[],0,0,[],[]
27501070,27503050,NA,NOF,0.0,810,AICF,NA,NA,NA,NA,0.0,0,-37.63,-19.9,[],0,0,[],[]
27503050,27504240,CHI,CHN,0.0,810,AICF,RC,12,TIFR,FI,1.0,1190,-17.59,-12.0,"[{'Canonical-syllable': '0', 'Growl': '0', 'High-freq-energy': '0', 'Long-island': '1', 'Low-tilt-spectrum': '0', 'Medium-island': '0', 'Short-island': '0', 'Squeal': '0', 'Typical-entropy': '0', 'Voicing-quality': '1', 'Wide-band': '0', 'Xlong-island': '0', 'seq': '1', 'end': 27504.24, 'start': 27503.05}]",0,0,[],[]
27504240,27505240,FEM,FAN,3.27,810,AICF,RC,12,TIFI,FI,0.0,0,-29.36,-23.44,[],0,0,[],[]
27505240,27505840,CHI,CHN,0.0,810,AICF,RC,13,TIFR,FI,1.0,600,-17.56,-14.79,"[{'Canonical-syllable': '0', 'Growl': '0', 'High-freq-energy': '0', 'Long-island': '0', 'Low-tilt-spectrum': '0', 'Medium-island': '1', 'Short-island': '0', 'Squeal': '0', 'Typical-entropy': '0', 'Voicing-quality': '1', 'Wide-band': '0', 'Xlong-island': '0', 'seq': '1', 'end': 27505.84, 'start': 27505.24}]",0,0,[],[]
27505840,27507030,FEM,FAN,2.44,810,AICF,RC,13,TIFI,FI,0.0,0,-33.56,-25.9,[],0,0,[],[]
27507030,27507650,CHI,CHN,0.0,810,AICF,NA,NA,NA,NA,0.0,0,-16.22,-10.49,[],0,520,"[{'start': 27507.13, 'end': 27507.65}]",[]
27507650,27508650,CHI,CHN,0.0,810,AICF,NA,NA,NA,NA,0.0,0,-20.08,-8.29,[],0,210,"[{'start': 27508.2, 'end': 27508.41}]",[]
27508650,27509970,CHI,CHN,0.0,810,AICF,NA,NA,NA,NA,0.0,0,-23.46,-13.96,[],0,1100,"[{'start': 27508.65, 'end': 27509.75}]",[]
27509970,27510960,NA,SIL,0.0,810,AICF,NA,NA,NA,NA,0.0,0,-52.78,-36.48,[],0,0,[],[]
27510960,27513060,CHI,CHN,0.0,810,AICF,RC,14,TIFR,FI,2.0,1660,-18.48,-9.49,"[{'Canonical-syllable': '0', 'Growl': '0', 'High-freq-energy': '0', 'Long-island': '0', 'Low-tilt-spectrum': '0', 'Medium-island': '0', 'Short-island': '2', 'Squeal': '0', 'Typical-entropy': '0', 'Voicing-quality': '2', 'Wide-band': '0', 'Xlong-island': '0', 'seq': '1', 'end': 27511.54, 'start': 27511.08}, {'Canonical-syllable': '1', 'Growl': '0', 'High-freq-energy': '0', 'Long-island': '0', 'Low-tilt-spectrum': '1', 'Medium-island': '2', 'Short-island': '0', 'Squeal': '0', 'Typical-entropy': '2', 'Voicing-quality': '2', 'Wide-band': '0', 'Xlong-island': '0', 'seq': '2', 'end': 27513.06, 'start': 27511.98}]",0,0,[],[]
27513060,27514070,FEM,FAN,1.49,810,AICF,RC,14,TIFE,FI,0.0,0,-32.4,-22.56,[],0,0,[],[]
27514070,27515070,MAL,MAN,3.05,810,AICF,RC,14,NT,FI,0.0,0,-38.76,-32.86,[],0,0,[],[]
27515070,27515880,NA,NOF,0.0,810,AICF,NA,NA,NA,NA,0.0,0,-36.64,-26.88,[],0,0,[],[]
27515880,27517210,FEM,FAN,4.46,810,AICF,RC,14,TIFI,FI,0.0,0,-32.66,-23.6,[],0,0,[],[]
27517210,27518020,NA,OLN,0.0,810,AICF,NA,NA,NA,NA,0.0,0,-33.02,-22.33,[],0,0,[],[]
27518020,27519910,NA,NON,0.0,810,AICF,NA,NA,NA,NA,0.0,0,-34.42,-22.8,[],0,0,[],[]
27519910,27521690,CHI,CHN,0.0,810,AICF,EC,15,TIFR,FI,1.0,1660,-19.41,-12.9,"[{'Canonical-syllable': '2', 'Growl': '0', 'High-freq-energy': '0', 'Long-island': '1', 'Low-tilt-spectrum': '1', 'Medium-island': '2', 'Short-island': '0', 'Squeal': '0', 'Typical-entropy': '3', 'Voicing-quality': '3', 'Wide-band': '0', 'Xlong-island': '0', 'seq': '1', 'end': 27521.57, 'start': 27519.91}]",0,0,[],[]
27521690,27522490,NA,OLN,0.0,811,pause,NA,NA,NA,NA,0.0,0,-31.85,-25.26,[],0,0,[],[]
27522490,27523490,NA,FAF,0.0,811,pause,NA,NA,NA,NA,0.0,0,-38.92,-32.69,[],0,0,[],[]
27523490,27524290,NA,OLN,0.0,811,pause,NA,NA,NA,NA,0.0,0,-25.01,-13.86,[],0,0,[],[]
27524290,27529900,NA,NOF,0.0,811,pause,NA,NA,NA,NA,0.0,0,-40.56,-17.8,[],0,0,[],[]
27529900,27530730,NA,SIL,0.0,811,pause,NA,NA,NA,NA,0.0,0,-48.79,-36.34,[],0,0,[],[]
27530730,27532140,FEM,FAN,7.89,811,AICF,BC,0,NT,FI,0.0,0,-30.35,-24.26,[],0,0,[],[]
27532140,27533140,MAL,MAN,0.78,811,AICF,RC,0,NT,FI,0.0,0,-37.77,-30.94,[],0,0,[],[]
27533140,27534280,FEM,FAN,3.55,811,AICF,RC,0,NT,FI,0.0,0,-37.13,-28.65,[],0,0,[],[]
27534280,27534950,FEM,FAN,2.59,811,AICF,RC,0,NT,FH,0.0,0,-35.71,-24.67,[],0,0,[],[]
27534950,27536400,FEM,FAN,4.03,811,AICF,RC,0,NT,FH,0.0,0,-29.3,-21.05,[],0,0,[],[]
27536400,27537410,NA,MAF,0.0,811,AICF,NA,NA,NA,NA,0.0,0,-38.67,-31.17,[],0,0,[],[]
27537410,27538650,FEM,FAN,3.51,811,AICF,RC,0,NT,FH,0.0,0,-36.86,-32.3,[],0,0,[],[]
27538650,27539270,NA,MAF,0.0,811,AICF,NA,NA,NA,NA,0.0,0,-39.0,-34.11,[],0,0,[],[]
27539270,27540290,FEM,FAN,1.24,811,AICF,RC,0,NT,FH,0.0,0,-36.02,-29.74,[],0,0,[],[]
27540290,27541090,NA,FAF,0.0,811,AICF,NA,NA,NA,NA,0.0,0,-43.48,-33.11,[],0,0,[],[]
27541090,27544560,FEM,FAN,12.91,811,AICF,RC,0,TIFI,FH,0.0,0,-21.66,-11.66,[],0,0,[],[]
27544560,27545890,CHI,CHN,0.0,811,AICF,RC,1,TIFR,FI,2.0,990,-15.6,-7.93,"[{'Canonical-syllable': '1', 'Growl': '0', 'High-freq-energy': '0', 'Long-island': '0', 'Low-tilt-spectrum': '0', 'Medium-island': '0', 'Short-island': '1', 'Squeal': '0', 'Typical-entropy': '0', 'Voicing-quality': '1', 'Wide-band': '0', 'Xlong-island': '0', 'seq': '1', 'end': 27544.73, 'start': 27544.56}, {'Canonical-syllable': '0', 'Growl': '0', 'High-freq-energy': '0', 'Long-island': '0', 'Low-tilt-spectrum': '0', 'Medium-island': '1', 'Short-island': '2', 'Squeal': '0', 'Typical-entropy': '0', 'Voicing-quality': '3', 'Wide-band': '0', 'Xlong-island': '0', 'seq': '2', 'end': 27545.89, 'start': 27545.07}]",0,0,[],[]
27545890,27548450,FEM,FAN,8.63,811,AICF,RC,1,TIFI,FI,0.0,0,-22.0,-10.03,[],0,0,[],[]
27548450,27551030,CHI,CHN,0.0,811,AICF,RC,2,TIFR,FI,3.0,990,-20.79,-11.01,"[{'Canonical-syllable': '1', 'Growl': '0', 'High-freq-energy': '0', 'Long-island': '0', 'Low-tilt-spectrum': '0', 'Medium-island': '0', 'Short-island': '1', 'Squeal': '0', 'Typical-entropy': '0', 'Voicing-quality': '1', 'Wide-band': '0', 'Xlong-island': '0', 'seq': '1', 'end': 27548.67, 'start': 27548.45}, {'Canonical-syllable': '0', 'Growl': '0', 'High-freq-energy': '0', 'Long-island': '1', 'Low-tilt-spectrum': '0', 'Medium-island': '0', 'Short-island': '0', 'Squeal': '0', 'Typical-entropy': '0', 'Voicing-quality': '1', 'Wide-band': '0', 'Xlong-island': '0', 'seq': '2', 'end': 27550.16, 'start': 27549.55}, {'Canonical-syllable': '1', 'Growl': '0', 'High-freq-energy': '1', 'Long-island': '0', 'Low-tilt-spectrum': '0', 'Medium-island': '0', 'Short-island': '1', 'Squeal': '0', 'Typical-entropy': '1', 'Voicing-quality': '1', 'Wide-band': '0', 'Xlong-island': '0', 'seq': '3', 'end': 27550.94, 'start': 27550.78}]",0,0,[],[]
27551030,27551830,NA,SIL,0.0,811,AICF,NA,NA,NA,NA,0.0,0,-51.01,-38.45,[],0,0,[],[]
27551830,27552830,CHI,CHN,0.0,811,AICF,RC,2,NT,FH,2.0,550,-18.15,-9.51,"[{'Canonical-syllable': '1', 'Growl': '0', 'High-freq-energy': '0', 'Long-island': '0', 'Low-tilt-spectrum': '0', 'Medium-island': '0', 'Short-island': '1', 'Squeal': '0', 'Typical-entropy': '0', 'Voicing-quality': '1', 'Wide-band': '0', 'Xlong-island': '0', 'seq': '1', 'end': 27552.03, 'start': 27551.83}, {'Canonical-syllable': '0', 'Growl': '0', 'High-freq-energy': '0', 'Long-island': '0', 'Low-tilt-spectrum': '0', 'Medium-island': '1', 'Short-island': '0', 'Squeal': '0', 'Typical-entropy': '1', 'Voicing-quality': '1', 'Wide-band': '0', 'Xlong-island': '0', 'seq': '2', 'end': 27552.83, 'start': 27552.48}]",0,0,[],[]
27552830,27553590,CHI,CHN,0.0,811,AICF,RC,2,NT,FH,1.0,760,-18.75,-10.61,"[{'Canonical-syllable': '0', 'Growl': '0', 'High-freq-energy': '0', 'Long-island': '0', 'Low-tilt-spectrum': '0', 'Medium-island': '1', 'Short-island': '1', 'Squeal': '0', 'Typical-entropy': '1', 'Voicing-quality': '2', 'Wide-band': '0', 'Xlong-island': '0', 'seq': '1', 'end': 27553.59, 'start': 27552.83}]",0,0,[],[]
27553590,27554390,FEM,FAN,6.25,811,AICF,RC,2,TIFE,FI,0.0,0,-30.09,-18.27,[],0,0,[],[]
27554390,27555770,NA,NOF,0.0,811,AICF,NA,NA,NA,NA,0.0,0,-48.63,-31.19,[],0,0,[],[]
27555770,27558970,FEM,FAN,13.65,811,AICF,RC,2,TIFI,FH,0.0,0,-30.67,-20.78,[],0,0,[],[]
27558970,27559830,NA,OLN,0.0,811,AICF,NA,NA,NA,NA,0.0,0,-19.0,-8.67,[],0,0,[],[]
27559830,27560650,CHI,CHN,0.0,811,AICF,RC,3,TIFR,FI,1.0,820,-19.18,-11.2,"[{'Canonical-syllable': '0', 'Growl': '0', 'High-freq-energy': '0', 'Long-island': '1', 'Low-tilt-spectrum': '0', 'Medium-island': '0', 'Short-island': '0', 'Squeal': '0', 'Typical-entropy': '0', 'Voicing-quality': '1', 'Wide-band': '0', 'Xlong-island': '0', 'seq': '1', 'end': 27560.65, 'start': 27559.83}]",0,0,[],[]
27560650,27562870,NA,NOF,0.0,811,AICF,NA,NA,NA,NA,0.0,0,-34.9,-17.63,[],0,0,[],[]
27562870,27566380,FEM,FAN,12.91,811,AICF,RC,3,TIFE,FI,0.0,0,-30.65,-23.48,[],0,0,[],[]
27566380,27566980,NA,FAF,0.0,811,AICF,NA,NA,NA,NA,0.0,0,-42.58,-29.36,[],0,0,[],[]
27566980,27568440,FEM,FAN,7.19,811,AICF,RC,3,NT,FH,0.0,0,-32.02,-26.42,[],0,0,[],[]
27568440,27569240,NA,SIL,0.0,811,AICF,NA,NA,NA,NA,0.0,0,-43.58,-31.21,[],0,0,[],[]
27569240,27574480,FEM,FAN,17.91,811,AICF,RC,3,TIFI,FH,0.0,0,-24.79,-8.43,[],0,0,[],[]
27574480,27575080,CHI,CHN,0.0,811,AICF,RC,4,TIFR,FI,1.0,510,-19.5,-13.59,"[{'Canonical-syllable': '0', 'Growl': '0', 'High-freq-energy': '0', 'Long-island': '0', 'Low-tilt-spectrum': '0', 'Medium-island': '1', 'Short-island': '0', 'Squeal': '0', 'Typical-entropy': '0', 'Voicing-quality': '1', 'Wide-band': '0', 'Xlong-island': '0', 'seq': '1', 'end': 27574.99, 'start': 27574.48}]",0,0,[],[]
27575080,27575880,NA,NOF,0.0,811,AICF,NA,NA,NA,NA,0.0,0,-51.3,-42.26,[],0,0,[],[]
27575880,27577690,FEM,FAN,7.77,811,AICF,RC,4,TIFI,FI,0.0,0,-21.54,-9.15,[],0,0,[],[]
27577690,27578290,CHI,CHN,0.0,811,AICF,RC,5,TIFR,FI,1.0,600,-18.29,-13.79,"[{'Canonical-syllable': '0', 'Growl': '0', 'High-freq-energy': '0', 'Long-island': '0', 'Low-tilt-spectrum': '0', 'Medium-island': '1', 'Short-island': '0', 'Squeal': '0', 'Typical-entropy': '0', 'Voicing-quality': '1', 'Wide-band': '0', 'Xlong-island': '0', 'seq': '1', 'end': 27578.29, 'start': 27577.69}]",0,0,[],[]
27578290,27579090,NA,OLN,0.0,811,AICF,NA,NA,NA,NA,0.0,0,-20.64,-16.14,[],0,0,[],[]
27579090,27581390,FEM,FAN,8.99,811,AICF,RC,5,TIFI,FI,0.0,0,-23.24,-11.62,[],0,0,[],[]
27581390,27581990,CHI,CHN,0.0,811,AICF,RC,6,TIFR,FI,1.0,600,-19.08,-11.73,"[{'Canonical-syllable': '0', 'Growl': '0', 'High-freq-energy': '0', 'Long-island': '0', 'Low-tilt-spectrum': '0', 'Medium-island': '1', 'Short-island': '0', 'Squeal': '0', 'Typical-entropy': '1', 'Voicing-quality': '1', 'Wide-band': '0', 'Xlong-island': '0', 'seq': '1', 'end': 27581.99, 'start': 27581.58}]",0,0,[],[]
27581990,27583050,FEM,FAN,3.49,811,AICF,RC,6,TIFE,FI,0.0,0,-35.41,-29.52,[],0,0,[],[]
27583050,27584160,NA,SIL,0.0,811,AICF,NA,NA,NA,NA,0.0,0,-55.02,-44.56,[],0,0,[],[]
27584160,27585160,FEM,FAN,4.18,811,AICF,RC,6,NT,FH,0.0,0,-38.09,-31.69,[],0,0,[],[]
27585160,27587740,NA,SIL,0.0,811,AICF,NA,NA,NA,NA,0.0,0,-56.52,-51.38,[],0,0,[],[]
27587740,27588920,FEM,FAN,4.61,811,AICF,RC,6,NT,FH,0.0,0,-29.58,-21.62,[],0,0,[],[]
27588920,27589720,NA,NON,0.0,811,AICF,NA,NA,NA,NA,0.0,0,-33.07,-23.62,[],0,0,[],[]
27589720,27593540,FEM,FAN,14.78,811,AICF,RC,6,TIFI,FH,0.0,0,-31.39,-23.88,[],0,0,[],[]
27593540,27594340,NA,SIL,0.0,811,AICF,NA,NA,NA,NA,0.0,0,-46.46,-31.3,[],0,0,[],[]
27594340,27595930,CHI,CHN,0.0,811,AICF,RC,7,TIFR,FI,1.0,1220,-24.16,-15.03,"[{'Canonical-syllable': '1', 'Growl': '1', 'High-freq-energy': '0', 'Long-island': '0', 'Low-tilt-spectrum': '0', 'Medium-island': '0', 'Short-island': '3', 'Squeal': '0', 'Typical-entropy': '1', 'Voicing-quality': '3', 'Wide-band': '0', 'Xlong-island': '0', 'seq': '1', 'end': 27595.56, 'start': 27594.34}]",0,0,[],[]
27595930,27596940,FEM,FAN,3.38,811,AICF,RC,7,TIFE,FI,0.0,0,-35.42,-30.11,[],0,0,[],[]
27596940,27597740,NA,SIL,0.0,811,AICF,NA,NA,NA,NA,0.0,0,-37.93,-29.87,[],0,0,[],[]
27597740,27598910,FEM,FAN,6.6,811,AICF,RC,7,NT,FH,0.0,0,-33.81,-28.32,[],0,0,[],[]
27598910,27601250,NA,SIL,0.0,811,AICF,NA,NA,NA,NA,0.0,0,-56.75,-47.5,[],0,0,[],[]
27601250,27602260,MAL,MAN,6.43,811,AICF,RC,7,NT,FI,0.0,0,-36.91,-30.36,[],0,0,[],[]
27602260,27603700,FEM,FAN,4.76,811,AICF,RC,7,NT,FI,0.0,0,-39.28,-30.71,[],0,0,[],[]
27603700,27604820,MAL,MAN,1.86,811,AICF,RC,7,TIMI,FI,0.0,0,-40.24,-32.28,[],0,0,[],[]
27604820,27605620,NA,FAF,0.0,811,AICF,NA,NA,NA,NA,0.0,0,-46.35,-37.43,[],0,0,[],[]
27605620,27606220,CHI,CHN,0.0,811,AICF,EC,8,TIMR,FI,1.0,310,-18.68,-13.32,"[{'Canonical-syllable': '1', 'Growl': '0', 'High-freq-energy': '0', 'Long-island': '0', 'Low-tilt-spectrum': '0', 'Medium-island': '1', 'Short-island': '0', 'Squeal': '0', 'Typical-entropy': '0', 'Voicing-quality': '1', 'Wide-band': '0', 'Xlong-island': '0', 'seq': '1', 'end': 27605.93, 'start': 27605.62}]",0,0,[],[]
27606220,27607020,NA,NOF,0.0,812,pause,NA,NA,NA,NA,0.0,0,-47.98,-37.31,[],0,0,[],[]
27607020,27609650,NA,SIL,0.0,812,pause,NA,NA,NA,NA,0.0,0,-54.86,-40.45,[],0,0,[],[]
27609650,27610670,NA,TVF,0.0,812,pause,NA,NA,NA,NA,0.0,0,-47.79,-35.51,[],0,0,[],[]
27610670,27611920,NA,SIL,0.0,812,pause,NA,NA,NA,NA,0.0,0,-56.63,-52.59,[],0,0,[],[]
27611920,27613300,CHI,CHN,0.0,812,CM,EC,0,NT,FI,1.0,1380,-24.77,-21.12,"[{'Canonical-syllable': '0', 'Growl': '0', 'High-freq-energy': '0', 'Long-island': '1', 'Low-tilt-spectrum': '0', 'Medium-island': '1', 'Short-island': '0', 'Squeal': '0', 'Typical-entropy': '0', 'Voicing-quality': '2', 'Wide-band': '0', 'Xlong-island': '0', 'seq': '1', 'end': 27613.3, 'start': 27611.92}]",0,0,[],[]
27613300,27616540,NA,SIL,0.0,813,pause,NA,NA,NA,NA,0.0,0,-52.53,-33.42,[],0,0,[],[]
27616540,27618500,NA,NOF,0.0,813,pause,NA,NA,NA,NA,0.0,0,-37.99,-21.78,[],0,0,[],[]
27618500,27619720,CHI,CHN,0.0,813,CIC,BC,0,NT,FI,1.0,1220,-13.85,-4.41,"[{'Canonical-syllable': '0', 'Growl': '0', 'High-freq-energy': '0', 'Long-island': '0', 'Low-tilt-spectrum': '1', 'Medium-island': '2', 'Short-island': '0', 'Squeal': '0', 'Typical-entropy': '2', 'Voicing-quality': '2', 'Wide-band': '0', 'Xlong-island': '0', 'seq': '1', 'end': 27619.72, 'start': 27618.5}]",0,0,[],[]
27619720,27622130,NA,NOF,0.0,813,CIC,NA,NA,NA,NA,0.0,0,-39.15,-29.64,[],0,0,[],[]
27622130,27624000,CHI,CHN,0.0,813,CIC,RC,0,NT,FH,1.0,1870,-17.87,-11.84,"[{'Canonical-syllable': '0', 'Growl': '1', 'High-freq-energy': '0', 'Long-island': '0', 'Low-tilt-spectrum': '0', 'Medium-island': '0', 'Short-island': '2', 'Squeal': '0', 'Typical-entropy': '1', 'Voicing-quality': '3', 'Wide-band': '0', 'Xlong-island': '1', 'seq': '1', 'end': 27624.0, 'start': 27622.13}]",0,0,[],[]
27624000,27626100,NA,NOF,0.0,813,CIC,NA,NA,NA,NA,0.0,0,-45.81,-37.45,[],0,0,[],[]
27626100,27626940,NA,SIL,0.0,813,CIC,NA,NA,NA,NA,0.0,0,-50.51,-39.91,[],0,0,[],[]
27626940,27633150,CHI,CHN,0.0,813,CIC,RC,0,TIFI,FH,3.0,4050,-23.35,-12.26,"[{'Canonical-syllable': '0', 'Growl': '1', 'High-freq-energy': '0', 'Long-island': '0', 'Low-tilt-spectrum': '1', 'Medium-island': '1', 'Short-island': '3', 'Squeal': '0', 'Typical-entropy': '2', 'Voicing-quality': '4', 'Wide-band': '0', 'Xlong-island': '0', 'seq': '1', 'end': 27629.04, 'start': 27627.79}, {'Canonical-syllable': '0', 'Growl': '1', 'High-freq-energy': '1', 'Long-island': '0', 'Low-tilt-spectrum': '1', 'Medium-island': '3', 'Short-island': '1', 'Squeal': '0', 'Typical-entropy': '2', 'Voicing-quality': '4', 'Wide-band': '0', 'Xlong-island': '0', 'seq': '2', 'end': 27631.24, 'start': 27629.78}, {'Canonical-syllable': '1', 'Growl': '0', 'High-freq-energy': '0', 'Long-island': '1', 'Low-tilt-spectrum': '1', 'Medium-island': '0', 'Short-island': '1', 'Squeal': '0', 'Typical-entropy': '1', 'Voicing-quality': '3', 'Wide-band': '0', 'Xlong-island': '0', 'seq': '3', 'end': 27633.15, 'start': 27631.81}]",0,0,[],[]
27633150,27634150,FEM,FAN,1.54,813,CIC,EC,1,TIFR,FI,0.0,0,-32.0,-18.93,[],0,0,[],[]
27634150,27634950,NA,SIL,0.0,814,pause,NA,NA,NA,NA,0.0,0,-44.17,-33.62,[],0,0,[],[]
27634950,27635770,NA,OLF,0.0,814,pause,NA,NA,NA,NA,0.0,0,-28.58,-12.49,[],0,0,[],[]
27635770,27641100,NA,SIL,0.0,814,pause,NA,NA,NA,NA,0.0,0,-31.58,-9.94,[],0,0,[],[]
27641100,27642840,FEM,FAN,2.18,814,AICF,BC,0,TIFI,FI,0.0,0,-39.83,-34.57,[],0,0,[],[]
27642840,27643980,CHI,CHN,0.0,814,AICF,RC,1,TIFR,FI,1.0,1140,-26.11,-19.7,"[{'Canonical-syllable': '0', 'Growl': '0', 'High-freq-energy': '0', 'Long-island': '1', 'Low-tilt-spectrum': '0', 'Medium-island': '0', 'Short-island': '0', 'Squeal': '0', 'Typical-entropy': '0', 'Voicing-quality': '1', 'Wide-band': '0', 'Xlong-island': '0', 'seq': '1', 'end': 27643.98, 'start': 27643.05}]",0,0,[],[]
27643980,27645400,FEM,FAN,2.53,814,AICF,RC,1,TIFI,FI,0.0,0,-38.08,-31.37,[],0,0,[],[]
27645400,27647490,CHI,CHN,0.0,814,AICF,RC,2,TIFR,FI,1.0,1900,-19.18,-10.11,"[{'Canonical-syllable': '0', 'Growl': '1', 'High-freq-energy': '0', 'Long-island': '0', 'Low-tilt-spectrum': '0', 'Medium-island': '1', 'Short-island': '1', 'Squeal': '0', 'Typical-entropy': '1', 'Voicing-quality': '3', 'Wide-band': '0', 'Xlong-island': '1', 'seq': '1', 'end': 27647.3, 'start': 27645.5}]",0,0,[],[]
27647490,27648290,NA,CXF,0.0,814,AICF,NA,NA,NA,NA,0.0,0,-42.35,-30.69,[],0,0,[],[]
27648290,27649470,CHI,CHN,0.0,814,AICF,RC,2,NT,FH,1.0,1180,-18.2,-11.71,"[{'Canonical-syllable': '0', 'Growl': '0', 'High-freq-energy': '0', 'Long-island': '1', 'Low-tilt-spectrum': '0', 'Medium-island': '0', 'Short-island': '1', 'Squeal': '0', 'Typical-entropy': '0', 'Voicing-quality': '2', 'Wide-band': '0', 'Xlong-island': '0', 'seq': '1', 'end': 27649.47, 'start': 27648.29}]",0,0,[],[]
27649470,27650470,MAL,MAN,2.71,814,AICF,RC,2,TIME,FI,0.0,0,-28.23,-21.38,[],0,0,[],[]
27650470,27651550,FEM,FAN,2.77,814,AICF,RC,2,TIFI,FI,0.0,0,-33.05,-23.81,[],0,0,[],[]
27651550,27652400,CHI,CHN,0.0,814,AICF,RC,3,TIFR,FI,1.0,230,-24.46,-14.1,"[{'Canonical-syllable': '1', 'Growl': '0', 'High-freq-energy': '1', 'Long-island': '0', 'Low-tilt-spectrum': '0', 'Medium-island': '0', 'Short-island': '1', 'Squeal': '0', 'Typical-entropy': '1', 'Voicing-quality': '1', 'Wide-band': '0', 'Xlong-island': '0', 'seq': '1', 'end': 27652.17, 'start': 27651.94}]",0,0,[],[]
27652400,27653290,NA,SIL,0.0,814,AICF,NA,NA,NA,NA,0.0,0,-48.78,-45.04,[],0,0,[],[]
27653290,27653890,CHI,CHN,0.0,814,AICF,RC,3,NT,FH,1.0,600,-20.11,-12.84,"[{'Canonical-syllable': '0', 'Growl': '0', 'High-freq-energy': '0', 'Long-island': '0', 'Low-tilt-spectrum': '0', 'Medium-island': '1', 'Short-island': '1', 'Squeal': '0', 'Typical-entropy': '0', 'Voicing-quality': '2', 'Wide-band': '0', 'Xlong-island': '0', 'seq': '1', 'end': 27653.89, 'start': 27653.29}]",0,0,[],[]
27653890,27655380,FEM,FAN,6.88,814,AICF,RC,3,TIFI,FI,0.0,0,-24.61,-14.23,[],0,0,[],[]
27655380,27656180,NA,SIL,0.0,814,AICF,NA,NA,NA,NA,0.0,0,-40.46,-30.96,[],0,0,[],[]
27656180,27658450,CHI,CHN,0.0,814,AICF,RC,4,TIFR,FI,1.0,1800,-18.82,-10.47,"[{'Canonical-syllable': '0', 'Growl': '0', 'High-freq-energy': '0', 'Long-island': '0', 'Low-tilt-spectrum': '0', 'Medium-island': '1', 'Short-island': '1', 'Squeal': '0', 'Typical-entropy': '0', 'Voicing-quality': '3', 'Wide-band': '0', 'Xlong-island': '1', 'seq': '1', 'end': 27657.98, 'start': 27656.18}]",0,0,[],[]
27658450,27659870,NA,SIL,0.0,814,AICF,NA,NA,NA,NA,0.0,0,-48.9,-43.59,[],0,0,[],[]
27659870,27660930,NA,OLF,0.0,814,AICF,NA,NA,NA,NA,0.0,0,-19.13,-10.07,[],0,0,[],[]
27660930,27662070,NA,NON,0.0,814,AICF,NA,NA,NA,NA,0.0,0,-21.1,-6.43,[],0,0,[],[]
27662070,27664530,FEM,FAN,4.91,814,AICF,RC,4,TIFE,FI,0.0,0,-30.93,-22.06,[],0,0,[],[]
27664530,27665820,NA,SIL,0.0,814,AICF,NA,NA,NA,NA,0.0,0,-45.84,-36.81,[],0,0,[],[]
27665820,27666820,FEM,FAN,2.63,814,AICF,RC,4,TIFI,FH,0.0,0,-36.65,-28.88,[],0,0,[],[]
27666820,27668260,CHI,CHN,0.0,814,AICF,RC,5,TIFR,FI,1.0,1440,-21.89,-10.39,"[{'Canonical-syllable': '2', 'Growl': '2', 'High-freq-energy': '0', 'Long-island': '0', 'Low-tilt-spectrum': '2', 'Medium-island': '0', 'Short-island': '4', 'Squeal': '0', 'Typical-entropy': '2', 'Voicing-quality': '6', 'Wide-band': '1', 'Xlong-island': '0', 'seq': '1', 'end': 27668.26, 'start': 27666.82}]",0,0,[],[]
27668260,27669270,FEM,FAN,9.47,814,AICF,RC,5,TIFI,FI,0.0,0,-29.67,-22.31,[],0,0,[],[]
27669270,27670080,NA,SIL,0.0,814,AICF,NA,NA,NA,NA,0.0,0,-48.48,-44.41,[],0,0,[],[]
27670080,27671830,NA,NOF,0.0,814,AICF,NA,NA,NA,NA,0.0,0,-21.56,-5.45,[],0,0,[],[]
27671830,27672830,NA,MAF,0.0,814,AICF,NA,NA,NA,NA,0.0,0,-36.38,-28.72,[],0,0,[],[]
27672830,27674040,NA,NOF,0.0,814,AICF,NA,NA,NA,NA,0.0,0,-36.37,-26.95,[],0,0,[],[]
27674040,27674670,CHI,CHN,0.0,814,AICF,RC,6,TIFR,FI,1.0,630,-17.02,-7.65,"[{'Canonical-syllable': '1', 'Growl': '1', 'High-freq-energy': '0', 'Long-island': '0', 'Low-tilt-spectrum': '0', 'Medium-island': '1', 'Short-island': '1', 'Squeal': '0', 'Typical-entropy': '0', 'Voicing-quality': '2', 'Wide-band': '0', 'Xlong-island': '0', 'seq': '1', 'end': 27674.67, 'start': 27674.04}]",0,0,[],[]
27674670,27676620,NA,NOF,0.0,814,AICF,NA,NA,NA,NA,0.0,0,-31.51,-12.35,[],0,0,[],[]
27676620,27677240,OCH,CXN,0.0,814,AICF,RC,6,NT,FI,0.0,0,-29.29,-23.62,[],0,0,[],[]
27677240,27678760,NA,OLN,0.0,814,AICF,NA,NA,NA,NA,0.0,0,-19.09,-7.36,[],0,0,[],[]
27678760,27679360,OCH,CXN,0.0,814,AICF,RC,6,NT,FH,0.0,0,-28.15,-22.77,[],0,0,[],[]
27679360,27680620,NA,NON,0.0,814,AICF,NA,NA,NA,NA,0.0,0,-33.57,-18.87,[],0,0,[],[]
27680620,27681220,NA,FAF,0.0,814,AICF,NA,NA,NA,NA,0.0,0,-34.89,-25.75,[],0,0,[],[]
27681220,27682020,OCH,CXN,0.0,814,AICF,RC,6,NT,FH,0.0,0,-34.0,-23.05,[],0,0,[],[]
27682020,27683810,NA,TVF,0.0,814,AICF,NA,NA,NA,NA,0.0,0,-45.09,-38.0,[],0,0,[],[]
27683810,27685130,NA,NOF,0.0,814,AICF,NA,NA,NA,NA,0.0,0,-26.21,-12.21,[],0,0,[],[]
27685130,27685730,CHI,CHN,0.0,814,AICF,RC,6,NT,FI,1.0,600,-15.42,-10.32,"[{'Canonical-syllable': '0', 'Growl': '0', 'High-freq-energy': '0', 'Long-island': '0', 'Low-tilt-spectrum': '1', 'Medium-island': '1', 'Short-island': '0', 'Squeal': '0', 'Typical-entropy': '1', 'Voicing-quality': '1', 'Wide-band': '0', 'Xlong-island': '0', 'seq': '1', 'end': 27685.73, 'start': 27685.26}]",0,0,[],[]
27685730,27686890,CHI,CHN,0.0,814,AICF,RC,6,NT,FH,1.0,1010,-25.0,-17.64,"[{'Canonical-syllable': '2', 'Growl': '0', 'High-freq-energy': '0', 'Long-island': '0', 'Low-tilt-spectrum': '0', 'Medium-island': '1', 'Short-island': '2', 'Squeal': '0', 'Typical-entropy': '1', 'Voicing-quality': '3', 'Wide-band': '0', 'Xlong-island': '0', 'seq': '1', 'end': 27686.74, 'start': 27685.73}]",0,0,[],[]
27686890,27688580,CHI,CHN,0.0,814,AICF,RC,6,TIMI,FH,1.0,1690,-20.8,-11.92,"[{'Canonical-syllable': '2', 'Growl': '0', 'High-freq-energy': '0', 'Long-island': '0', 'Low-tilt-spectrum': '0', 'Medium-island': '2', 'Short-island': '2', 'Squeal': '0', 'Typical-entropy': '1', 'Voicing-quality': '4', 'Wide-band': '0', 'Xlong-island': '0', 'seq': '1', 'end': 27688.58, 'start': 27686.89}]",0,0,[],[]
27688580,27689390,NA,NOF,0.0,814,AICF,NA,NA,NA,NA,0.0,0,-46.84,-42.32,[],0,0,[],[]
27689390,27690390,MAL,MAN,4.69,814,AICF,RC,7,TIMR,FI,0.0,0,-34.4,-24.78,[],0,0,[],[]
27690390,27691670,OCH,CXN,0.0,814,AICF,RC,7,NT,FI,0.0,0,-32.09,-23.28,[],0,0,[],[]
27691670,27692340,OCH,CXN,0.0,814,AICF,RC,7,NT,FH,0.0,0,-25.26,-16.3,[],0,0,[],[]
27692340,27693550,NA,OLF,0.0,814,AICF,NA,NA,NA,NA,0.0,0,-41.78,-32.16,[],0,0,[],[]
27693550,27694150,OCH,CXN,0.0,814,AICF,RC,7,NT,FH,0.0,0,-25.24,-18.55,[],0,0,[],[]
27694150,27694980,OCH,CXN,0.0,814,AICF,RC,7,NT,FH,0.0,0,-30.97,-27.44,[],0,0,[],[]
27694980,27695650,OCH,CXN,0.0,814,AICF,RC,7,NT,FH,0.0,0,-28.58,-19.23,[],0,0,[],[]
27695650,27698470,FEM,FAN,11.37,814,AICF,EC,7,NT,FI,0.0,0,-26.21,-17.51,[],0,0,[],[]
27698470,27699270,NA,SIL,0.0,815,pause,NA,NA,NA,NA,0.0,0,-48.88,-43.58,[],0,0,[],[]
27699270,27700480,NA,NOF,0.0,815,pause,NA,NA,NA,NA,0.0,0,-47.92,-44.31,[],0,0,[],[]
27700480,27701280,NA,OLF,0.0,815,pause,NA,NA,NA,NA,0.0,0,-30.4,-16.18,[],0,0,[],[]
27701280,27703640,NA,NOF,0.0,815,pause,NA,NA,NA,NA,0.0,0,-36.02,-26.44,[],0,0,[],[]
27703640,27704240,CHI,CHN,0.0,815,CIC,BC,0,NT,FI,1.0,120,-18.91,-8.45,"[{'Canonical-syllable': '0', 'Growl': '1', 'High-freq-energy': '0', 'Long-island': '0', 'Low-tilt-spectrum': '0', 'Medium-island': '0', 'Short-island': '1', 'Squeal': '0', 'Typical-entropy': '0', 'Voicing-quality': '1', 'Wide-band': '1', 'Xlong-island': '0', 'seq': '1', 'end': 27704.13, 'start': 27704.01}]",0,0,[],[]
27704240,27705160,NA,OLN,0.0,815,CIC,NA,NA,NA,NA,0.0,0,-17.69,-8.81,[],0,0,[],[]
27705160,27706140,CHI,CHN,0.0,815,CIC,RC,0,TIFI,FH,1.0,760,-14.87,-4.44,"[{'Canonical-syllable': '2', 'Growl': '0', 'High-freq-energy': '0', 'Long-island': '0', 'Low-tilt-spectrum': '2', 'Medium-island': '1', 'Short-island': '1', 'Squeal': '0', 'Typical-entropy': '2', 'Voicing-quality': '2', 'Wide-band': '0', 'Xlong-island': '0', 'seq': '1', 'end': 27705.92, 'start': 27705.16}]",0,0,[],[]
27706140,27707470,FEM,FAN,6.04,815,CIC,RC,1,TIFR,FI,0.0,0,-39.1,-31.77,[],0,0,[],[]
27707470,27708820,NA,NOF,0.0,815,CIC,NA,NA,NA,NA,0.0,0,-45.39,-39.54,[],0,0,[],[]
27708820,27709420,CHI,CHN,0.0,815,CIC,NA,NA,NA,NA,0.0,0,-22.12,-16.53,[],0,520,"[{'start': 27708.9, 'end': 27709.11}]","[{'start': 27709.11, 'end': 27709.42}]"
27709420,27710250,NA,OLN,0.0,815,CIC,NA,NA,NA,NA,0.0,0,-30.64,-20.86,[],0,0,[],[]
27710250,27710920,CHI,CHN,0.0,815,CIC,RC,1,TIFE,FI,1.0,670,-23.4,-17.71,"[{'Canonical-syllable': '1', 'Growl': '0', 'High-freq-energy': '0', 'Long-island': '0', 'Low-tilt-spectrum': '0', 'Medium-island': '1', 'Short-island': '0', 'Squeal': '0', 'Typical-entropy': '0', 'Voicing-quality': '1', 'Wide-band': '0', 'Xlong-island': '0', 'seq': '1', 'end': 27710.92, 'start': 27710.25}]",0,0,[],[]
27710920,27712070,NA,NOF,0.0,815,CIC,NA,NA,NA,NA,0.0,0,-44.59,-31.19,[],0,0,[],[]
27712070,27713460,NA,SIL,0.0,815,CIC,NA,NA,NA,NA,0.0,0,-47.67,-37.79,[],0,0,[],[]
27713460,27714260,NA,FAF,0.0,815,CIC,NA,NA,NA,NA,0.0,0,-34.24,-17.38,[],0,0,[],[]
27714260,27716100,CHI,CHN,0.0,815,CIC,RC,1,NT,FH,2.0,610,-22.57,-8.72,"[{'Canonical-syllable': '1', 'Growl': '0', 'High-freq-energy': '0', 'Long-island': '0', 'Low-tilt-spectrum': '0', 'Medium-island': '0', 'Short-island': '1', 'Squeal': '0', 'Typical-entropy': '1', 'Voicing-quality': '1', 'Wide-band': '0', 'Xlong-island': '0', 'seq': '1', 'end': 27714.89, 'start': 27714.75}, {'Canonical-syllable': '1', 'Growl': '0', 'High-freq-energy': '0', 'Long-island': '0', 'Low-tilt-spectrum': '0', 'Medium-island': '0', 'Short-island': '1', 'Squeal': '0', 'Typical-entropy': '1', 'Voicing-quality': '2', 'Wide-band': '0', 'Xlong-island': '0', 'seq': '2', 'end': 27716.02, 'start': 27715.55}]",0,0,[],[]
27716100,27717130,CHI,CHN,0.0,815,CIC,RC,1,NT,FH,1.0,220,-18.85,-8.45,"[{'Canonical-syllable': '0', 'Growl': '0', 'High-freq-energy': '0', 'Long-island': '0', 'Low-tilt-spectrum': '1', 'Medium-island': '0', 'Short-island': '1', 'Squeal': '0', 'Typical-entropy': '1', 'Voicing-quality': '1', 'Wide-band': '0', 'Xlong-island': '0', 'seq': '1', 'end': 27717.03, 'start': 27716.81}]",0,0,[],[]
27717130,27718080,CHI,CHN,0.0,815,CIC,RC,1,NT,FH,1.0,950,-21.74,-14.14,"[{'Canonical-syllable': '1', 'Growl': '0', 'High-freq-energy': '0', 'Long-island': '0', 'Low-tilt-spectrum': '1', 'Medium-island': '1', 'Short-island': '1', 'Squeal': '0', 'Typical-entropy': '1', 'Voicing-quality': '2', 'Wide-band': '0', 'Xlong-island': '0', 'seq': '1', 'end': 27718.08, 'start': 27717.13}]",0,0,[],[]
27718080,27719240,CHI,CHN,0.0,815,CIC,RC,1,TIFI,FH,1.0,240,-25.35,-14.84,"[{'Canonical-syllable': '1', 'Growl': '0', 'High-freq-energy': '0', 'Long-island': '0', 'Low-tilt-spectrum': '0', 'Medium-island': '0', 'Short-island': '1', 'Squeal': '0', 'Typical-entropy': '1', 'Voicing-quality': '1', 'Wide-band': '0', 'Xlong-island': '0', 'seq': '1', 'end': 27719.0, 'start': 27718.76}]",0,0,[],[]
27719240,27720060,NA,NOF,0.0,815,CIC,NA,NA,NA,NA,0.0,0,-47.55,-42.11,[],0,0,[],[]
27720060,27721060,FEM,FAN,4.64,815,CIC,EC,2,TIFR,FI,0.0,0,-31.75,-22.33,[],0,0,[],[]
27721060,27723160,NA,NOF,0.0,816,pause,NA,NA,NA,NA,0.0,0,-43.2,-30.2,[],0,0,[],[]
27723160,27723990,NA,OLN,0.0,816,pause,NA,NA,NA,NA,0.0,0,-30.69,-14.49,[],0,0,[],[]
27723990,27730470,NA,NOF,0.0,816,pause,NA,NA,NA,NA,0.0,0,-25.09,-9.46,[],0,0,[],[]
27730470,27731840,FEM,FAN,2.58,816,AICF,BC,0,TIFI,FI,0.0,0,-32.56,-18.49,[],0,0,[],[]
27731840,27732440,CHI,CHN,0.0,816,AICF,RC,1,TIFR,FI,1.0,370,-19.38,-13.23,"[{'Canonical-syllable': '1', 'Growl': '0', 'High-freq-energy': '0', 'Long-island': '0', 'Low-tilt-spectrum': '0', 'Medium-island': '1', 'Short-island': '0', 'Squeal': '0', 'Typical-entropy': '1', 'Voicing-quality': '1', 'Wide-band': '0', 'Xlong-island': '0', 'seq': '1', 'end': 27732.21, 'start': 27731.84}]",0,0,[],[]
27732440,27733740,NA,NOF,0.0,816,AICF,NA,NA,NA,NA,0.0,0,-37.16,-26.71,[],0,0,[],[]
27733740,27734630,NA,SIL,0.0,816,AICF,NA,NA,NA,NA,0.0,0,-48.57,-44.35,[],0,0,[],[]
27734630,27735450,NA,MAF,0.0,816,AICF,NA,NA,NA,NA,0.0,0,-42.97,-31.25,[],0,0,[],[]
27735450,27736250,NA,SIL,0.0,816,AICF,NA,NA,NA,NA,0.0,0,-48.27,-44.0,[],0,0,[],[]
27736250,27737050,NA,NOF,0.0,816,AICF,NA,NA,NA,NA,0.0,0,-30.71,-18.64,[],0,0,[],[]
27737050,27738150,CHI,CHN,0.0,816,AICF,RC,1,NT,FH,1.0,1100,-17.04,-6.35,"[{'Canonical-syllable': '0', 'Growl': '1', 'High-freq-energy': '0', 'Long-island': '0', 'Low-tilt-spectrum': '2', 'Medium-island': '1', 'Short-island': '1', 'Squeal': '0', 'Typical-entropy': '2', 'Voicing-quality': '2', 'Wide-band': '0', 'Xlong-island': '0', 'seq': '1', 'end': 27738.15, 'start': 27737.05}]",0,0,[],[]
27738150,27739480,CHI,CHN,0.0,816,AICF,RC,1,NT,FH,1.0,870,-22.18,-14.11,"[{'Canonical-syllable': '0', 'Growl': '1', 'High-freq-energy': '0', 'Long-island': '0', 'Low-tilt-spectrum': '1', 'Medium-island': '1', 'Short-island': '1', 'Squeal': '0', 'Typical-entropy': '1', 'Voicing-quality': '2', 'Wide-band': '0', 'Xlong-island': '0', 'seq': '1', 'end': 27739.02, 'start': 27738.15}]",0,0,[],[]
27739480,27741280,CHI,CHN,0.0,816,AICF,RC,1,NT,FH,2.0,890,-22.51,-12.14,"[{'Canonical-syllable': '0', 'Growl': '0', 'High-freq-energy': '0', 'Long-island': '1', 'Low-tilt-spectrum': '0', 'Medium-island': '0', 'Short-island': '0', 'Squeal': '0', 'Typical-entropy': '0', 'Voicing-quality': '1', 'Wide-band': '0', 'Xlong-island': '0', 'seq': '1', 'end': 27740.23, 'start': 27739.48}, {'Canonical-syllable': '0', 'Growl': '0', 'High-freq-energy': '0', 'Long-island': '0', 'Low-tilt-spectrum': '0', 'Medium-island': '0', 'Short-island': '1', 'Squeal': '0', 'Typical-entropy': '1', 'Voicing-quality': '1', 'Wide-band': '0', 'Xlong-island': '0', 'seq': '2', 'end': 27741.09, 'start': 27740.95}]",0,0,[],[]
27741280,27742280,CHI,CHN,0.0,816,AICF,RC,1,NT,FH,1.0,1000,-25.33,-18.96,"[{'Canonical-syllable': '0', 'Growl': '0', 'High-freq-energy': '0', 'Long-island': '0', 'Low-tilt-spectrum': '0', 'Medium-island': '0', 'Short-island': '0', 'Squeal': '0', 'Typical-entropy': '1', 'Voicing-quality': '1', 'Wide-band': '0', 'Xlong-island': '1', 'seq': '1', 'end': 27742.28, 'start': 27741.28}]",0,0,[],[]
27742280,27743080,NA,NOF,0.0,816,AICF,NA,NA,NA,NA,0.0,0,-47.33,-43.25,[],0,0,[],[]
27743080,27744090,FEM,FAN,1.7,816,AICF,RC,1,TIFI,FI,0.0,0,-37.45,-29.42,[],0,0,[],[]
27744090,27745310,NA,SIL,0.0,816,AICF,NA,NA,NA,NA,0.0,0,-45.38,-33.46,[],0,0,[],[]
27745310,27747430,CHI,CHN,0.0,816,AICF,RC,2,TIFR,FI,1.0,2120,-17.32,-9.74,"[{'Canonical-syllable': '2', 'Growl': '1', 'High-freq-energy': '0', 'Long-island': '0', 'Low-tilt-spectrum': '0', 'Medium-island': '1', 'Short-island': '2', 'Squeal': '0', 'Typical-entropy': '1', 'Voicing-quality': '4', 'Wide-band': '0', 'Xlong-island': '1', 'seq': '1', 'end': 27747.43, 'start': 27745.31}]",0,0,[],[]
27747430,27749090,NA,NOF,0.0,816,AICF,NA,NA,NA,NA,0.0,0,-45.4,-35.08,[],0,0,[],[]
27749090,27750020,CHI,CHN,0.0,816,AICF,EC,2,NT,FH,1.0,930,-16.7,-12.24,"[{'Canonical-syllable': '0', 'Growl': '0', 'High-freq-energy': '0', 'Long-island': '1', 'Low-tilt-spectrum': '0', 'Medium-island': '0', 'Short-island': '0', 'Squeal': '0', 'Typical-entropy': '0', 'Voicing-quality': '1', 'Wide-band': '0', 'Xlong-island': '0', 'seq': '1', 'end': 27750.02, 'start': 27749.09}]",0,0,[],[]
27750020,27751020,NA,MAF,0.0,817,pause,NA,NA,NA,NA,0.0,0,-44.53,-35.02,[],0,0,[],[]
27751020,27753850,NA,NOF,0.0,817,pause,NA,NA,NA,NA,0.0,0,-29.07,-7.68,[],0,0,[],[]
27753850,27755680,NA,SIL,0.0,817,pause,NA,NA,NA,NA,0.0,0,-47.93,-41.76,[],0,0,[],[]
27755680,27758530,NA,NOF,0.0,817,pause,NA,NA,NA,NA,0.0,0,-36.1,-20.19,[],0,0,[],[]
27758530,27759450,NA,SIL,0.0,817,pause,NA,NA,NA,NA,0.0,0,-48.76,-45.04,[],0,0,[],[]
27759450,27761380,NA,NOF,0.0,817,pause,NA,NA,NA,NA,0.0,0,-38.37,-20.06,[],0,0,[],[]
27761380,27763180,CHI,CHN,0.0,817,CIC,BC,0,TIMI,FI,1.0,1800,-19.76,-9.67,"[{'Canonical-syllable': '1', 'Growl': '0', 'High-freq-energy': '0', 'Long-island': '0', 'Low-tilt-spectrum': '0', 'Medium-island': '3', 'Short-island': '0', 'Squeal': '0', 'Typical-entropy': '2', 'Voicing-quality': '3', 'Wide-band': '0', 'Xlong-island': '0', 'seq': '1', 'end': 27763.18, 'start': 27761.38}]",0,0,[],[]
27763180,27764090,NA,OLN,0.0,817,CIC,NA,NA,NA,NA,0.0,0,-25.89,-11.43,[],0,0,[],[]
27764090,27765100,NA,FAF,0.0,817,CIC,NA,NA,NA,NA,0.0,0,-36.95,-26.56,[],0,0,[],[]
27765100,27767290,NA,NOF,0.0,817,CIC,NA,NA,NA,NA,0.0,0,-42.22,-33.18,[],0,0,[],[]
27767290,27768560,MAL,MAN,7.83,817,CIC,RC,1,TIMR,FI,0.0,0,-31.03,-23.38,[],0,0,[],[]
27768560,27769830,NA,TVF,0.0,817,CIC,NA,NA,NA,NA,0.0,0,-41.74,-28.63,[],0,0,[],[]
27769830,27771360,FEM,FAN,6.7,817,CIC,RC,1,NT,FI,0.0,0,-34.04,-26.87,[],0,0,[],[]
27771360,27772460,MAL,MAN,1.61,817,CIC,RC,1,NT,FI,0.0,0,-37.29,-27.24,[],0,0,[],[]
27772460,27776530,FEM,FAN,15.81,817,CIC,RC,1,NT,FI,0.0,0,-18.3,-11.45,[],0,0,[],[]
27776530,27777130,FEM,FAN,0.0,817,CIC,NA,NA,NA,NA,0.0,0,-25.4,-18.48,[],600,0,[],[]
27777130,27778250,FEM,FAN,7.47,817,CIC,RC,1,NT,FH,0.0,0,-17.75,-12.39,[],0,0,[],[]
27778250,27779090,CHI,CHN,0.0,817,CIC,RC,1,TIFI,FI,1.0,300,-19.65,-12.13,"[{'Canonical-syllable': '1', 'Growl': '0', 'High-freq-energy': '0', 'Long-island': '0', 'Low-tilt-spectrum': '0', 'Medium-island': '1', 'Short-island': '0', 'Squeal': '0', 'Typical-entropy': '0', 'Voicing-quality': '1', 'Wide-band': '0', 'Xlong-island': '0', 'seq': '1', 'end': 27779.09, 'start': 27778.79}]",0,0,[],[]
27779090,27782970,FEM,FAN,15.45,817,CIC,RC,2,TIFR,FI,0.0,0,-25.17,-14.91,[],0,0,[],[]
27782970,27783570,FEM,FAN,0.0,817,CIC,NA,NA,NA,NA,0.0,0,-29.77,-25.94,[],600,0,[],[]
27783570,27785060,FEM,FAN,2.18,817,CIC,RC,2,NT,FH,0.0,0,-25.25,-15.94,[],0,0,[],[]
27785060,27785660,CHI,CHN,0.0,817,CIC,RC,2,TIFI,FI,1.0,600,-15.42,-4.45,"[{'Canonical-syllable': '0', 'Growl': '1', 'High-freq-energy': '0', 'Long-island': '0', 'Low-tilt-spectrum': '1', 'Medium-island': '1', 'Short-island': '0', 'Squeal': '0', 'Typical-entropy': '0', 'Voicing-quality': '2', 'Wide-band': '0', 'Xlong-island': '0', 'seq': '1', 'end': 27785.66, 'start': 27785.06}]",0,0,[],[]
27785660,27787020,FEM,FAN,6.92,817,CIC,RC,3,TIFR,FI,0.0,0,-25.69,-19.11,[],0,0,[],[]
27787020,27788250,FEM,FAN,1.64,817,CIC,RC,3,NT,FH,0.0,0,-28.44,-23.82,[],0,0,[],[]
27788250,27789750,FEM,FAN,7.22,817,CIC,RC,3,NT,FH,0.0,0,-27.48,-21.1,[],0,0,[],[]
27789750,27790750,NA,TVN,0.0,817,CIC,NA,NA,NA,NA,0.0,0,-39.63,-29.49,[],0,0,[],[]
27790750,27791550,NA,SIL,0.0,817,CIC,NA,NA,NA,NA,0.0,0,-47.34,-43.52,[],0,0,[],[]
27791550,27792740,FEM,FAN,3.69,817,CIC,RC,3,NT,FH,0.0,0,-29.85,-27.05,[],0,0,[],[]
27792740,27793340,FEM,FAN,0.0,817,CIC,NA,NA,NA,NA,0.0,0,-33.16,-26.4,[],600,0,[],[]
27793340,27795210,FEM,FAN,7.8,817,CIC,EC,3,NT,FH,0.0,0,-28.85,-20.81,[],0,0,[],[]
27795210,27796320,NA,TVF,0.0,818,pause,NA,NA,NA,NA,0.0,0,-44.09,-32.7,[],0,0,[],[]
27796320,27797120,NA,SIL,0.0,818,pause,NA,NA,NA,NA,0.0,0,-48.14,-41.42,[],0,0,[],[]
27797120,27798640,NA,NOF,0.0,818,pause,NA,NA,NA,NA,0.0,0,-25.53,-9.87,[],0,0,[],[]
27798640,27799440,NA,OLN,0.0,818,pause,NA,NA,NA,NA,0.0,0,-20.41,-9.28,[],0,0,[],[]
27799440,27800870,NA,NOF,0.0,818,pause,NA,NA,NA,NA,0.0,0,-42.22,-28.97,[],0,0,[],[]
27800870,27803570,FEM,FAN,10.48,818,AICF,BC,0,NT,FI,0.0,0,-28.81,-18.96,[],0,0,[],[]
27803570,27804680,NA,FAF,0.0,818,AICF,NA,NA,NA,NA,0.0,0,-33.64,-25.56,[],0,0,[],[]
27804680,27806290,FEM,FAN,5.33,818,AICF,RC,0,NT,FH,0.0,0,-30.11,-18.99,[],0,0,[],[]
27806290,27807090,NA,OLF,0.0,818,AICF,NA,NA,NA,NA,0.0,0,-33.45,-25.22,[],0,0,[],[]
27807090,27808150,FEM,FAN,0.7,818,AICF,RC,0,NT,FH,0.0,0,-35.63,-30.38,[],0,0,[],[]
27808150,27810360,NA,NOF,0.0,818,AICF,NA,NA,NA,NA,0.0,0,-35.27,-15.82,[],0,0,[],[]
27810360,27812290,FEM,FAN,5.28,818,AICF,RC,0,TIFI,FH,0.0,0,-25.11,-16.02,[],0,0,[],[]
27812290,27813310,CHI,CHN,0.0,818,AICF,RC,1,TIFR,FI,1.0,1020,-17.04,-7.96,"[{'Canonical-syllable': '0', 'Growl': '0', 'High-freq-energy': '0', 'Long-island': '0', 'Low-tilt-spectrum': '2', 'Medium-island': '1', 'Short-island': '1', 'Squeal': '0', 'Typical-entropy': '2', 'Voicing-quality': '2', 'Wide-band': '0', 'Xlong-island': '0', 'seq': '1', 'end': 27813.31, 'start': 27812.44}]",0,0,[],[]
27813310,27814760,NA,OLN,0.0,818,AICF,NA,NA,NA,NA,0.0,0,-21.32,-7.17,[],0,0,[],[]
27814760,27816290,CHI,CHN,0.0,818,AICF,NA,NA,NA,NA,0.0,0,-17.33,-2.73,[],0,930,"[{'start': 27814.76, 'end': 27815.69}]",[]
27816290,27817170,NA,OLN,0.0,818,AICF,NA,NA,NA,NA,0.0,0,-21.91,-13.6,[],0,0,[],[]
27817170,27817770,CHI,CHN,0.0,818,AICF,NA,NA,NA,NA,0.0,0,-15.69,-11.59,[],0,320,"[{'start': 27817.45, 'end': 27817.77}]",[]
27817770,27819700,FEM,FAN,6.47,818,AICF,RC,1,TIFE,FI,0.0,0,-26.43,-16.64,[],0,0,[],[]
27819700,27820500,NA,OLN,0.0,818,AICF,NA,NA,NA,NA,0.0,0,-26.05,-16.07,[],0,0,[],[]
27820500,27821500,FEM,FAN,0.0,818,AICF,NA,NA,NA,NA,0.0,0,-33.32,-28.49,[],1000,0,[],[]
27821500,27823170,NA,NOF,0.0,818,AICF,NA,NA,NA,NA,0.0,0,-40.03,-30.1,[],0,0,[],[]
27823170,27824250,FEM,FAN,5.4,818,AICF,RC,1,TIFI,FH,0.0,0,-29.28,-22.28,[],0,0,[],[]
27824250,27825210,NA,OLN,0.0,818,AICF,NA,NA,NA,NA,0.0,0,-23.62,-13.91,[],0,0,[],[]
27825210,27826650,NA,SIL,0.0,818,AICF,NA,NA,NA,NA,0.0,0,-46.0,-36.86,[],0,0,[],[]
27826650,27827450,NA,OLF,0.0,818,AICF,NA,NA,NA,NA,0.0,0,-36.55,-20.72,[],0,0,[],[]
27827450,27828550,CHI,CHN,0.0,818,AICF,RC,2,TIFR,FI,1.0,1100,-18.62,-11.44,"[{'Canonical-syllable': '2', 'Growl': '0', 'High-freq-energy': '0', 'Long-island': '0', 'Low-tilt-spectrum': '0', 'Medium-island': '1', 'Short-island': '2', 'Squeal': '0', 'Typical-entropy': '1', 'Voicing-quality': '3', 'Wide-band': '0', 'Xlong-island': '0', 'seq': '1', 'end': 27828.55, 'start': 27827.45}]",0,0,[],[]
27828550,27829680,FEM,FAN,5.64,818,AICF,RC,2,TIFE,FI,0.0,0,-25.67,-17.7,[],0,0,[],[]
27829680,27830720,NA,NOF,0.0,818,AICF,NA,NA,NA,NA,0.0,0,-34.26,-26.18,[],0,0,[],[]
27830720,27832170,FEM,FAN,1.39,818,AICF,RC,2,TIFI,FH,0.0,0,-27.91,-19.99,[],0,0,[],[]
27832170,27834600,NA,MAF,0.0,818,AICF,NA,NA,NA,NA,0.0,0,-44.33,-33.02,[],0,0,[],[]
27834600,27835450,NA,SIL,0.0,818,AICF,NA,NA,NA,NA,0.0,0,-49.15,-43.87,[],0,0,[],[]
27835450,27836250,NA,NOF,0.0,818,AICF,NA,NA,NA,NA,0.0,0,-42.98,-30.1,[],0,0,[],[]
27836250,27837940,CHI,CHN,0.0,818,AICF,RC,3,TIFR,FI,2.0,1360,-20.92,-14.16,"[{'Canonical-syllable': '0', 'Growl': '0', 'High-freq-energy': '1', 'Long-island': '0', 'Low-tilt-spectrum': '0', 'Medium-island': '0', 'Short-island': '1', 'Squeal': '0', 'Typical-entropy': '1', 'Voicing-quality': '1', 'Wide-band': '0', 'Xlong-island': '0', 'seq': '1', 'end': 27836.51, 'start': 27836.25}, {'Canonical-syllable': '2', 'Growl': '0', 'High-freq-energy': '0', 'Long-island': '0', 'Low-tilt-spectrum': '0', 'Medium-island': '1', 'Short-island': '2', 'Squeal': '0', 'Typical-entropy': '1', 'Voicing-quality': '3', 'Wide-band': '0', 'Xlong-island': '0', 'seq': '2', 'end': 27837.94, 'start': 27836.84}]",0,0,[],[]
27837940,27839690,FEM,FAN,4.41,818,AICF,RC,3,TIFE,FI,0.0,0,-25.87,-15.48,[],0,0,[],[]
27839690,27840490,NA,OLF,0.0,818,AICF,NA,NA,NA,NA,0.0,0,-35.94,-27.8,[],0,0,[],[]
27840490,27841670,FEM,FAN,2.37,818,AICF,RC,3,TIFI,FH,0.0,0,-26.49,-20.66,[],0,0,[],[]
27841670,27842620,NA,NOF,0.0,818,AICF,NA,NA,NA,NA,0.0,0,-45.24,-34.44,[],0,0,[],[]
27842620,27843850,CHI,CHN,0.0,818,AICF,RC,4,TIFR,FI,1.0,1050,-18.19,-8.38,"[{'Canonical-syllable': '1', 'Growl': '0', 'High-freq-energy': '0', 'Long-island': '0', 'Low-tilt-spectrum': '1', 'Medium-island': '1', 'Short-island': '2', 'Squeal': '0', 'Typical-entropy': '3', 'Voicing-quality': '3', 'Wide-band': '0', 'Xlong-island': '0', 'seq': '1', 'end': 27843.67, 'start': 27842.62}]",0,0,[],[]
27843850,27846500,NA,NOF,0.0,818,AICF,NA,NA,NA,NA,0.0,0,-41.96,-29.72,[],0,0,[],[]
27846500,27848540,FEM,FAN,8.29,818,AICF,RC,4,TIFI,FI,0.0,0,-33.5,-25.47,[],0,0,[],[]
27848540,27849650,CHI,CHN,0.0,818,AICF,RC,5,TIFR,FI,2.0,770,-20.86,-12.53,"[{'Canonical-syllable': '0', 'Growl': '1', 'High-freq-energy': '0', 'Long-island': '0', 'Low-tilt-spectrum': '0', 'Medium-island': '1', 'Short-island': '0', 'Squeal': '0', 'Typical-entropy': '0', 'Voicing-quality': '1', 'Wide-band': '0', 'Xlong-island': '0', 'seq': '1', 'end': 27848.94, 'start': 27848.54}, {'Canonical-syllable': '0', 'Growl': '0', 'High-freq-energy': '0', 'Long-island': '0', 'Low-tilt-spectrum': '0', 'Medium-island': '1', 'Short-island': '0', 'Squeal': '0', 'Typical-entropy': '0', 'Voicing-quality': '1', 'Wide-band': '0', 'Xlong-island': '0', 'seq': '2', 'end': 27849.65, 'start': 27849.28}]",0,0,[],[]
27849650,27851190,FEM,FAN,6.61,818,AICF,RC,5,TIFI,FI,0.0,0,-23.32,-11.91,[],0,0,[],[]
27851190,27851800,CHI,CHN,0.0,818,AICF,RC,6,TIFR,FI,1.0,610,-14.13,-8.86,"[{'Canonical-syllable': '2', 'Growl': '0', 'High-freq-energy': '0', 'Long-island': '0', 'Low-tilt-spectrum': '0', 'Medium-island': '1', 'Short-island': '1', 'Squeal': '0', 'Typical-entropy': '0', 'Voicing-quality': '2', 'Wide-band': '0', 'Xlong-island': '0', 'seq': '1', 'end': 27851.8, 'start': 27851.19}]",0,0,[],[]
27851800,27853280,FEM,FAN,8.03,818,AICF,RC,6,TIFI,FI,0.0,0,-17.87,-6.84,[],0,0,[],[]
27853280,27855020,CHI,CHN,0.0,818,AICF,RC,7,TIFR,FI,1.0,1740,-16.73,-9.01,"[{'Canonical-syllable': '2', 'Growl': '1', 'High-freq-energy': '0', 'Long-island': '0', 'Low-tilt-spectrum': '2', 'Medium-island': '3', 'Short-island': '1', 'Squeal': '0', 'Typical-entropy': '2', 'Voicing-quality': '4', 'Wide-band': '0', 'Xlong-island': '0', 'seq': '1', 'end': 27855.02, 'start': 27853.28}]",0,0,[],[]
27855020,27856020,MAL,MAN,3.04,818,AICF,RC,7,TIMI,FI,0.0,0,-35.31,-24.21,[],0,0,[],[]
27856020,27857720,NA,SIL,0.0,818,AICF,NA,NA,NA,NA,0.0,0,-48.85,-43.5,[],0,0,[],[]
27857720,27858520,NA,OLN,0.0,818,AICF,NA,NA,NA,NA,0.0,0,-19.07,-10.58,[],0,0,[],[]
27858520,27859340,NA,SIL,0.0,818,AICF,NA,NA,NA,NA,0.0,0,-47.8,-44.12,[],0,0,[],[]
27859340,27861260,CHI,CHN,0.0,818,AICF,RC,8,TIMR,FI,1.0,1390,-17.39,-8.66,"[{'Canonical-syllable': '0', 'Growl': '2', 'High-freq-energy': '0', 'Long-island': '0', 'Low-tilt-spectrum': '3', 'Medium-island': '2', 'Short-island': '1', 'Squeal': '0', 'Typical-entropy': '3', 'Voicing-quality': '3', 'Wide-band': '0', 'Xlong-island': '0', 'seq': '1', 'end': 27860.73, 'start': 27859.34}]",0,0,[],[]
27861260,27862000,CHI,CHN,0.0,818,AICF,RC,8,NT,FH,1.0,740,-16.46,-10.47,"[{'Canonical-syllable': '0', 'Growl': '1', 'High-freq-energy': '0', 'Long-island': '0', 'Low-tilt-spectrum': '3', 'Medium-island': '0', 'Short-island': '2', 'Squeal': '0', 'Typical-entropy': '2', 'Voicing-quality': '3', 'Wide-band': '0', 'Xlong-island': '0', 'seq': '1', 'end': 27862.0, 'start': 27861.26}]",0,0,[],[]
27862000,27863890,CHI,CHN,0.0,818,AICF,RC,8,NT,FH,2.0,910,-19.73,-10.0,"[{'Canonical-syllable': '1', 'Growl': '0', 'High-freq-energy': '0', 'Long-island': '0', 'Low-tilt-spectrum': '1', 'Medium-island': '1', 'Short-island': '0', 'Squeal': '0', 'Typical-entropy': '1', 'Voicing-quality': '1', 'Wide-band': '0', 'Xlong-island': '0', 'seq': '1', 'end': 27862.47, 'start': 27862.16}, {'Canonical-syllable': '0', 'Growl': '0', 'High-freq-energy': '0', 'Long-island': '0', 'Low-tilt-spectrum': '0', 'Medium-island': '1', 'Short-island': '0', 'Squeal': '0', 'Typical-entropy': '1', 'Voicing-quality': '1', 'Wide-band': '0', 'Xlong-island': '0', 'seq': '2', 'end': 27863.4, 'start': 27862.96}]",0,0,[],[]
27863890,27865240,CHI,CHN,0.0,818,AICF,RC,8,NT,FH,2.0,990,-16.36,-8.14,"[{'Canonical-syllable': '0', 'Growl': '0', 'High-freq-energy': '0', 'Long-island': '0', 'Low-tilt-spectrum': '2', 'Medium-island': '0', 'Short-island': '2', 'Squeal': '0', 'Typical-entropy': '2', 'Voicing-quality': '2', 'Wide-band': '0', 'Xlong-island': '0', 'seq': '1', 'end': 27864.47, 'start': 27863.99}, {'Canonical-syllable': '0', 'Growl': '0', 'High-freq-energy': '0', 'Long-island': '0', 'Low-tilt-spectrum': '1', 'Medium-island': '1', 'Short-island': '0', 'Squeal': '0', 'Typical-entropy': '1', 'Voicing-quality': '1', 'Wide-band': '0', 'Xlong-island': '0', 'seq': '2', 'end': 27865.24, 'start': 27864.83}]",0,0,[],[]
27865240,27866620,FEM,FAN,4.4,818,AICF,RC,8,TIFI,FI,0.0,0,-19.21,-8.3,[],0,0,[],[]
27866620,27867970,NA,MAF,0.0,818,AICF,NA,NA,NA,NA,0.0,0,-45.16,-32.98,[],0,0,[],[]
27867970,27868970,FEM,FAN,0.0,818,AICF,NA,NA,NA,NA,0.0,0,-30.17,-21.66,[],1000,0,[],[]
27868970,27869770,NA,SIL,0.0,818,AICF,NA,NA,NA,NA,0.0,0,-46.25,-36.67,[],0,0,[],[]
27869770,27870620,CHI,CHN,0.0,818,AICF,RC,9,TIFR,FI,1.0,730,-19.11,-12.04,"[{'Canonical-syllable': '1', 'Growl': '0', 'High-freq-energy': '0', 'Long-island': '0', 'Low-tilt-spectrum': '0', 'Medium-island': '1', 'Short-island': '1', 'Squeal': '0', 'Typical-entropy': '0', 'Voicing-quality': '2', 'Wide-band': '0', 'Xlong-island': '0', 'seq': '1', 'end': 27870.5, 'start': 27869.77}]",0,0,[],[]
27870620,27872210,FEM,FAN,4.21,818,AICF,RC,9,TIFI,FI,0.0,0,-29.37,-20.73,[],0,0,[],[]
27872210,27873120,NA,SIL,0.0,818,AICF,NA,NA,NA,NA,0.0,0,-46.81,-36.69,[],0,0,[],[]
27873120,27873840,CHI,CHN,0.0,818,AICF,RC,10,TIFR,FI,1.0,720,-21.21,-16.35,"[{'Canonical-syllable': '1', 'Growl': '0', 'High-freq-energy': '0', 'Long-island': '0', 'Low-tilt-spectrum': '0', 'Medium-island': '1', 'Short-island': '1', 'Squeal': '0', 'Typical-entropy': '1', 'Voicing-quality': '2', 'Wide-band': '0', 'Xlong-island': '0', 'seq': '1', 'end': 27873.84, 'start': 27873.12}]",0,0,[],[]
27873840,27874670,CHI,CHN,0.0,818,AICF,RC,10,NT,FH,1.0,540,-26.19,-18.64,"[{'Canonical-syllable': '0', 'Growl': '0', 'High-freq-energy': '0', 'Long-island': '0', 'Low-tilt-spectrum': '1', 'Medium-island': '1', 'Short-island': '0', 'Squeal': '0', 'Typical-entropy': '0', 'Voicing-quality': '2', 'Wide-band': '0', 'Xlong-island': '0', 'seq': '1', 'end': 27874.38, 'start': 27873.84}]",0,0,[],[]
27874670,27876540,CHI,CHN,0.0,818,AICF,RC,10,NT,FH,3.0,960,-25.13,-14.11,"[{'Canonical-syllable': '0', 'Growl': '0', 'High-freq-energy': '0', 'Long-island': '0', 'Low-tilt-spectrum': '0', 'Medium-island': '1', 'Short-island': '0', 'Squeal': '0', 'Typical-entropy': '0', 'Voicing-quality': '1', 'Wide-band': '0', 'Xlong-island': '0', 'seq': '1', 'end': 27875.16, 'start': 27874.75}, {'Canonical-syllable': '0', 'Growl': '0', 'High-freq-energy': '0', 'Long-island': '0', 'Low-tilt-spectrum': '0', 'Medium-island': '1', 'Short-island': '0', 'Squeal': '0', 'Typical-entropy': '1', 'Voicing-quality': '1', 'Wide-band': '0', 'Xlong-island': '0', 'seq': '2', 'end': 27875.82, 'start': 27875.55}, {'Canonical-syllable': '0', 'Growl': '1', 'High-freq-energy': '0', 'Long-island': '0', 'Low-tilt-spectrum': '1', 'Medium-island': '0', 'Short-island': '1', 'Squeal': '0', 'Typical-entropy': '1', 'Voicing-quality': '1', 'Wide-band': '0', 'Xlong-island': '0', 'seq': '3', 'end': 27876.54, 'start': 27876.34}]",0,0,[],[]
27876540,27877340,NA,NOF,0.0,818,AICF,NA,NA,NA,NA,0.0,0,-42.89,-30.28,[],0,0,[],[]
27877340,27878140,NA,SIL,0.0,818,AICF,NA,NA,NA,NA,0.0,0,-42.42,-30.75,[],0,0,[],[]
27878140,27879320,MAL,MAN,4.14,818,AICF,RC,10,TIMI,FI,0.0,0,-32.26,-21.49,[],0,0,[],[]
27879320,27879950,FEM,FAN,0.0,818,AICF,NA,NA,NA,NA,0.0,0,-26.58,-19.38,[],630,0,[],[]
27879950,27880750,NA,SIL,0.0,818,AICF,NA,NA,NA,NA,0.0,0,-48.05,-43.01,[],0,0,[],[]
27880750,27881690,CHI,CHN,0.0,818,AICF,RC,11,TIMR,FI,1.0,800,-18.46,-12.02,"[{'Canonical-syllable': '0', 'Growl': '0', 'High-freq-energy': '0', 'Long-island': '1', 'Low-tilt-spectrum': '0', 'Medium-island': '0', 'Short-island': '0', 'Squeal': '0', 'Typical-entropy': '1', 'Voicing-quality': '1', 'Wide-band': '1', 'Xlong-island': '0', 'seq': '1', 'end': 27881.55, 'start': 27880.92}]",0,0,[],[]
27881690,27882490,NA,NOF,0.0,818,AICF,NA,NA,NA,NA,0.0,0,-42.89,-32.55,[],0,0,[],[]
27882490,27883370,CHI,CHN,0.0,818,AICF,RC,11,NT,FH,1.0,880,-16.98,-9.03,"[{'Canonical-syllable': '1', 'Growl': '0', 'High-freq-energy': '0', 'Long-island': '0', 'Low-tilt-spectrum': '0', 'Medium-island': '1', 'Short-island': '1', 'Squeal': '0', 'Typical-entropy': '0', 'Voicing-quality': '2', 'Wide-band': '0', 'Xlong-island': '0', 'seq': '1', 'end': 27883.37, 'start': 27882.49}]",0,0,[],[]
27883370,27884450,FEM,FAN,4.43,818,AICF,RC,11,TIFI,FI,0.0,0,-26.58,-22.2,[],0,0,[],[]
27884450,27885140,CHI,CHN,0.0,818,AICF,RC,12,TIFR,FI,1.0,270,-24.13,-17.7,"[{'Canonical-syllable': '0', 'Growl': '0', 'High-freq-energy': '0', 'Long-island': '0', 'Low-tilt-spectrum': '0', 'Medium-island': '0', 'Short-island': '1', 'Squeal': '0', 'Typical-entropy': '0', 'Voicing-quality': '1', 'Wide-band': '0', 'Xlong-island': '0', 'seq': '1', 'end': 27885.14, 'start': 27884.87}]",0,0,[],[]
27885140,27886160,CHI,CHN,0.0,818,AICF,RC,12,NT,FH,2.0,380,-18.64,-11.49,"[{'Canonical-syllable': '0', 'Growl': '0', 'High-freq-energy': '0', 'Long-island': '0', 'Low-tilt-spectrum': '0', 'Medium-island': '0', 'Short-island': '1', 'Squeal': '0', 'Typical-entropy': '0', 'Voicing-quality': '1', 'Wide-band': '0', 'Xlong-island': '0', 'seq': '1', 'end': 27885.31, 'start': 27885.14}, {'Canonical-syllable': '0', 'Growl': '0', 'High-freq-energy': '0', 'Long-island': '0', 'Low-tilt-spectrum': '0', 'Medium-island': '0', 'Short-island': '1', 'Squeal': '0', 'Typical-entropy': '0', 'Voicing-quality': '1', 'Wide-band': '0', 'Xlong-island': '0', 'seq': '2', 'end': 27886.16, 'start': 27885.95}]",0,0,[],[]
27886160,27887000,CHI,CHN,0.0,818,AICF,RC,12,NT,FH,1.0,440,-24.43,-17.37,"[{'Canonical-syllable': '1', 'Growl': '0', 'High-freq-energy': '0', 'Long-island': '0', 'Low-tilt-spectrum': '0', 'Medium-island': '1', 'Short-island': '0', 'Squeal': '0', 'Typical-entropy': '0', 'Voicing-quality': '1', 'Wide-band': '0', 'Xlong-island': '0', 'seq': '1', 'end': 27886.6, 'start': 27886.16}]",0,0,[],[]
27887000,27888090,FEM,FAN,5.95,818,AICF,RC,12,TIFI,FI,0.0,0,-27.81,-21.7,[],0,0,[],[]
27888090,27889140,NA,MAF,0.0,818,AICF,NA,NA,NA,NA,0.0,0,-34.12,-27.42,[],0,0,[],[]
27889140,27890120,NA,NOF,0.0,818,AICF,NA,NA,NA,NA,0.0,0,-34.58,-23.53,[],0,0,[],[]
27890120,27891120,CHI,CHN,0.0,818,AICF,RC,13,TIFR,FI,1.0,1000,-23.24,-18.72,"[{'Canonical-syllable': '0', 'Growl': '0', 'High-freq-energy': '0', 'Long-island': '1', 'Low-tilt-spectrum': '0', 'Medium-island': '0', 'Short-island': '0', 'Squeal': '0', 'Typical-entropy': '0', 'Voicing-quality': '1', 'Wide-band': '0', 'Xlong-island': '0', 'seq': '1', 'end': 27891.12, 'start': 27890.39}]",0,0,[],[]
27891120,27892010,CHI,CHN,0.0,818,AICF,RC,13,NT,FH,1.0,890,-24.5,-17.03,"[{'Canonical-syllable': '0', 'Growl': '0', 'High-freq-energy': '0', 'Long-island': '1', 'Low-tilt-spectrum': '0', 'Medium-island': '0', 'Short-island': '0', 'Squeal': '0', 'Typical-entropy': '1', 'Voicing-quality': '1', 'Wide-band': '0', 'Xlong-island': '0', 'seq': '1', 'end': 27892.01, 'start': 27891.12}]",0,0,[],[]
27892010,27892850,NA,NOF,0.0,818,AICF,NA,NA,NA,NA,0.0,0,-39.75,-28.35,[],0,0,[],[]
27892850,27897830,FEM,FAN,19.54,818,AICF,RC,13,TIFE,FI,0.0,0,-28.83,-20.55,[],0,0,[],[]
27897830,27898630,NA,SIL,0.0,818,AICF,NA,NA,NA,NA,0.0,0,-48.37,-41.15,[],0,0,[],[]
27898630,27900860,FEM,FAN,7.51,818,AICF,RC,13,NT,FH,0.0,0,-32.81,-25.98,[],0,0,[],[]
27900860,27902170,NA,SIL,0.0,818,AICF,NA,NA,NA,NA,0.0,0,-48.87,-44.79,[],0,0,[],[]
27902170,27904780,NA,NOF,0.0,818,AICF,NA,NA,NA,NA,0.0,0,-27.86,-6.82,[],0,0,[],[]
27904780,27909390,FEM,FAN,16.88,818,AICF,RC,13,NT,FH,0.0,0,-22.49,-4.02,[],0,0,[],[]
27909390,27910220,NA,NOF,0.0,818,AICF,NA,NA,NA,NA,0.0,0,-39.9,-28.45,[],0,0,[],[]
27910220,27915890,FEM,FAN,20.13,818,AICF,RC,13,NT,FH,0.0,0,-18.05,-5.76,[],0,0,[],[]
27915890,27917510,NA,NOF,0.0,818,AICF,NA,NA,NA,NA,0.0,0,-38.99,-27.0,[],0,0,[],[]
27917510,27919690,FEM,FAN,7.23,818,AICF,RC,13,NT,FH,0.0,0,-31.05,-21.68,[],0,0,[],[]
27919690,27920490,NA,FAF,0.0,818,AICF,NA,NA,NA,NA,0.0,0,-38.22,-27.4,[],0,0,[],[]
27920490,27922640,FEM,FAN,6.21,818,AICF,RC,13,NT,FH,0.0,0,-32.36,-23.66,[],0,0,[],[]
27922640,27923410,FEM,FAN,11.2,818,AICF,RC,13,NT,FH,0.0,0,-25.3,-21.43,[],0,0,[],[]
27923410,27925870,NA,NOF,0.0,818,AICF,NA,NA,NA,NA,0.0,0,-45.51,-34.31,[],0,0,[],[]
27925870,27927020,NA,SIL,0.0,818,AICF,NA,NA,NA,NA,0.0,0,-49.16,-45.6,[],0,0,[],[]
27927020,27927620,FEM,FAN,2.81,818,AICF,RC,13,NT,FH,0.0,0,-28.42,-24.05,[],0,0,[],[]
27927620,27928420,NA,SIL,0.0,818,AICF,NA,NA,NA,NA,0.0,0,-45.23,-35.63,[],0,0,[],[]
27928420,27929710,MAL,MAN,4.7,818,AICF,RC,13,NT,FI,0.0,0,-35.6,-27.77,[],0,0,[],[]
27929710,27931010,NA,SIL,0.0,818,AICF,NA,NA,NA,NA,0.0,0,-49.67,-45.08,[],0,0,[],[]
27931010,27932010,MAL,MAN,5.69,818,AICF,RC,13,TIMI,FH,0.0,0,-32.28,-25.28,[],0,0,[],[]
27932010,27933280,CHI,CHN,0.0,818,AICF,RC,14,TIMR,FI,1.0,1270,-28.18,-22.42,"[{'Canonical-syllable': '1', 'Growl': '1', 'High-freq-energy': '0', 'Long-island': '0', 'Low-tilt-spectrum': '1', 'Medium-island': '1', 'Short-island': '2', 'Squeal': '0', 'Typical-entropy': '1', 'Voicing-quality': '2', 'Wide-band': '0', 'Xlong-island': '0', 'seq': '1', 'end': 27933.28, 'start': 27932.01}]",0,0,[],[]
27933280,27935920,FEM,FAN,5.43,818,AICF,RC,14,TIFI,FI,0.0,0,-28.08,-10.46,[],0,0,[],[]
27935920,27937210,CHI,CHN,0.0,818,AICF,RC,15,TIFR,FI,1.0,1290,-27.54,-12.94,"[{'Canonical-syllable': '1', 'Growl': '0', 'High-freq-energy': '0', 'Long-island': '0', 'Low-tilt-spectrum': '0', 'Medium-island': '1', 'Short-island': '1', 'Squeal': '0', 'Typical-entropy': '1', 'Voicing-quality': '2', 'Wide-band': '0', 'Xlong-island': '0', 'seq': '1', 'end': 27937.21, 'start': 27936.14}]",0,0,[],[]
27937210,27938210,NA,TVF,0.0,818,AICF,NA,NA,NA,NA,0.0,0,-39.91,-31.97,[],0,0,[],[]
27938210,27939010,NA,NOF,0.0,818,AICF,NA,NA,NA,NA,0.0,0,-47.94,-43.78,[],0,0,[],[]
27939010,27940010,MAL,MAN,1.93,818,AICF,RC,15,TIME,FI,0.0,0,-36.98,-29.94,[],0,0,[],[]
27940010,27941500,NA,SIL,0.0,818,AICF,NA,NA,NA,NA,0.0,0,-49.4,-44.59,[],0,0,[],[]
27941500,27943250,MAL,MAN,6.45,818,AICF,RC,15,TIMI,FH,0.0,0,-35.58,-31.81,[],0,0,[],[]
27943250,27945380,CHI,CHN,0.0,818,AICF,RC,16,TIMR,FI,3.0,1330,-17.59,-8.43,"[{'Canonical-syllable': '1', 'Growl': '0', 'High-freq-energy': '0', 'Long-island': '0', 'Low-tilt-spectrum': '1', 'Medium-island': '0', 'Short-island': '1', 'Squeal': '0', 'Typical-entropy': '1', 'Voicing-quality': '1', 'Wide-band': '0', 'Xlong-island': '0', 'seq': '1', 'end': 27943.44, 'start': 27943.25}, {'Canonical-syllable': '1', 'Growl': '0', 'High-freq-energy': '0', 'Long-island': '0', 'Low-tilt-spectrum': '1', 'Medium-island': '0', 'Short-island': '1', 'Squeal': '0', 'Typical-entropy': '1', 'Voicing-quality': '1', 'Wide-band': '0', 'Xlong-island': '0', 'seq': '2', 'end': 27944.01, 'start': 27943.77}, {'Canonical-syllable': '1', 'Growl': '0', 'High-freq-energy': '0', 'Long-island': '0', 'Low-tilt-spectrum': '3', 'Medium-island': '1', 'Short-island': '2', 'Squeal': '0', 'Typical-entropy': '3', 'Voicing-quality': '3', 'Wide-band': '0', 'Xlong-island': '0', 'seq': '3', 'end': 27945.38, 'start': 27944.48}]",0,0,[],[]
27945380,27946380,MAL,MAN,8.82,818,AICF,RC,16,TIME,FI,0.0,0,-32.32,-23.84,[],0,0,[],[]
27946380,27947410,NA,TVF,0.0,818,AICF,NA,NA,NA,NA,0.0,0,-39.83,-32.89,[],0,0,[],[]
27947410,27948480,MAL,MAN,2.14,818,AICF,RC,16,TIMI,FH,0.0,0,-38.75,-33.55,[],0,0,[],[]
27948480,27952780,CHI,CHN,0.0,818,AICF,RC,17,TIMR,FI,3.0,3460,-18.88,-8.67,"[{'Canonical-syllable': '2', 'Growl': '0', 'High-freq-energy': '0', 'Long-island': '0', 'Low-tilt-spectrum': '2', 'Medium-island': '2', 'Short-island': '2', 'Squeal': '0', 'Typical-entropy': '2', 'Voicing-quality': '5', 'Wide-band': '0', 'Xlong-island': '0', 'seq': '1', 'end': 27950.22, 'start': 27948.48}, {'Canonical-syllable': '0', 'Growl': '1', 'High-freq-energy': '0', 'Long-island': '0', 'Low-tilt-spectrum': '1', 'Medium-island': '2', 'Short-island': '1', 'Squeal': '0', 'Typical-entropy': '1', 'Voicing-quality': '3', 'Wide-band': '1', 'Xlong-island': '0', 'seq': '2', 'end': 27951.82, 'start': 27950.58}, {'Canonical-syllable': '1', 'Growl': '0', 'High-freq-energy': '0', 'Long-island': '0', 'Low-tilt-spectrum': '0', 'Medium-island': '1', 'Short-island': '0', 'Squeal': '0', 'Typical-entropy': '1', 'Voicing-quality': '1', 'Wide-band': '0', 'Xlong-island': '0', 'seq': '3', 'end': 27952.66, 'start': 27952.18}]",0,0,[],[]
27952780,27954000,NA,SIL,0.0,818,AICF,NA,NA,NA,NA,0.0,0,-49.44,-44.43,[],0,0,[],[]
27954000,27955900,MAL,MAN,7.46,818,AICF,RC,17,TIME,FI,0.0,0,-38.02,-31.76,[],0,0,[],[]
27955900,27956900,NA,TVN,0.0,818,AICF,NA,NA,NA,NA,0.0,0,-38.33,-29.61,[],0,0,[],[]
27956900,27957910,MAL,MAN,5.38,818,AICF,RC,17,NT,FH,0.0,0,-35.59,-30.27,[],0,0,[],[]
27957910,27958710,NA,SIL,0.0,818,AICF,NA,NA,NA,NA,0.0,0,-48.25,-43.19,[],0,0,[],[]
27958710,27960130,MAL,MAN,7.95,818,AICF,RC,17,TIMI,FH,0.0,0,-32.72,-22.11,[],0,0,[],[]
27960130,27960930,NA,SIL,0.0,818,AICF,NA,NA,NA,NA,0.0,0,-46.94,-35.72,[],0,0,[],[]
27960930,27961930,MAL,MAN,0.0,818,AICF,NA,NA,NA,NA,0.0,0,-36.61,-30.29,[],1000,0,[],[]
27961930,27962930,NA,TVN,0.0,818,AICF,NA,NA,NA,NA,0.0,0,-48.23,-39.79,[],0,0,[],[]
27962930,27964870,NA,MAF,0.0,818,AICF,NA,NA,NA,NA,0.0,0,-38.07,-29.47,[],0,0,[],[]
27964870,27965580,CHI,CHN,0.0,818,AICF,RC,18,TIMR,FI,1.0,710,-24.05,-16.65,"[{'Canonical-syllable': '0', 'Growl': '1', 'High-freq-energy': '0', 'Long-island': '1', 'Low-tilt-spectrum': '1', 'Medium-island': '0', 'Short-island': '0', 'Squeal': '0', 'Typical-entropy': '1', 'Voicing-quality': '1', 'Wide-band': '0', 'Xlong-island': '0', 'seq': '1', 'end': 27965.58, 'start': 27964.87}]",0,0,[],[]
27965580,27966750,OCH,CXN,0.0,818,AICF,RC,18,NT,FI,0.0,0,-24.27,-12.87,[],0,0,[],[]
27966750,27967710,CHI,CHN,0.0,818,AICF,RC,18,TIFI,FI,1.0,710,-17.86,-10.54,"[{'Canonical-syllable': '0', 'Growl': '0', 'High-freq-energy': '0', 'Long-island': '0', 'Low-tilt-spectrum': '0', 'Medium-island': '1', 'Short-island': '0', 'Squeal': '0', 'Typical-entropy': '0', 'Voicing-quality': '1', 'Wide-band': '0', 'Xlong-island': '0', 'seq': '1', 'end': 27967.46, 'start': 27966.97}]",0,0,[],[]
27967710,27968860,FEM,FAN,5.59,818,AICF,RC,19,TIFR,FI,0.0,0,-29.0,-17.96,[],0,0,[],[]
27968860,27969860,NA,TVF,0.0,818,AICF,NA,NA,NA,NA,0.0,0,-40.32,-23.06,[],0,0,[],[]
27969860,27970950,MAL,MAN,3.15,818,AICF,RC,19,NT,FI,0.0,0,-33.66,-27.53,[],0,0,[],[]
27970950,27972040,NA,SIL,0.0,818,AICF,NA,NA,NA,NA,0.0,0,-47.29,-40.52,[],0,0,[],[]
27972040,27973460,CHI,CHN,0.0,818,AICF,RC,19,TIMI,FI,2.0,700,-23.02,-13.42,"[{'Canonical-syllable': '0', 'Growl': '0', 'High-freq-energy': '0', 'Long-island': '0', 'Low-tilt-spectrum': '0', 'Medium-island': '0', 'Short-island': '1', 'Squeal': '0', 'Typical-entropy': '1', 'Voicing-quality': '1', 'Wide-band': '0', 'Xlong-island': '0', 'seq': '1', 'end': 27972.24, 'start': 27972.04}, {'Canonical-syllable': '0', 'Growl': '0', 'High-freq-energy': '0', 'Long-island': '0', 'Low-tilt-spectrum': '0', 'Medium-island': '0', 'Short-island': '2', 'Squeal': '0', 'Typical-entropy': '0', 'Voicing-quality': '2', 'Wide-band': '0', 'Xlong-island': '0', 'seq': '2', 'end': 27973.46, 'start': 27972.96}]",0,0,[],[]
27973460,27974260,NA,NOF,0.0,818,AICF,NA,NA,NA,NA,0.0,0,-46.71,-41.5,[],0,0,[],[]
27974260,27976140,NA,SIL,0.0,818,AICF,NA,NA,NA,NA,0.0,0,-48.27,-41.52,[],0,0,[],[]
27976140,27977140,MAL,MAN,4.06,818,AICF,RC,20,TIMR,FI,0.0,0,-32.62,-22.2,[],0,0,[],[]
27977140,27978160,FEM,FAN,5.13,818,AICF,RC,20,NT,FI,0.0,0,-41.18,-34.32,[],0,0,[],[]
27978160,27979180,NA,TVN,0.0,818,AICF,NA,NA,NA,NA,0.0,0,-46.35,-35.31,[],0,0,[],[]
27979180,27979810,CHI,CHN,0.0,818,AICF,RC,20,TIFI,FI,1.0,440,-34.69,-26.5,"[{'Canonical-syllable': '1', 'Growl': '0', 'High-freq-energy': '0', 'Long-island': '0', 'Low-tilt-spectrum': '0', 'Medium-island': '0', 'Short-island': '1', 'Squeal': '0', 'Typical-entropy': '1', 'Voicing-quality': '2', 'Wide-band': '0', 'Xlong-island': '0', 'seq': '1', 'end': 27979.62, 'start': 27979.18}]",0,0,[],[]
27979810,27980840,FEM,FAN,1.27,818,AICF,RC,21,TIFR,FI,0.0,0,-36.97,-28.47,[],0,0,[],[]
27980840,27981730,NA,SIL,0.0,818,AICF,NA,NA,NA,NA,0.0,0,-48.49,-40.13,[],0,0,[],[]
27981730,27982740,FEM,FAN,0.0,818,AICF,NA,NA,NA,NA,0.0,0,-32.97,-28.27,[],1010,0,[],[]
27982740,27983900,OCH,CXN,0.0,818,AICF,RC,21,NT,FI,0.0,0,-31.15,-21.12,[],0,0,[],[]
27983900,27985220,NA,NOF,0.0,818,AICF,NA,NA,NA,NA,0.0,0,-47.71,-41.68,[],0,0,[],[]
27985220,27986220,MAL,MAN,0.24,818,AICF,RC,21,NT,FI,0.0,0,-31.51,-27.16,[],0,0,[],[]
27986220,27988920,NA,NOF,0.0,818,AICF,NA,NA,NA,NA,0.0,0,-45.82,-34.56,[],0,0,[],[]
27988920,27989530,FEM,FAN,3.32,818,AICF,RC,21,NT,FI,0.0,0,-34.16,-26.8,[],0,0,[],[]
27989530,27990400,NA,SIL,0.0,818,AICF,NA,NA,NA,NA,0.0,0,-45.54,-38.31,[],0,0,[],[]
27990400,27991460,MAL,MAN,2.97,818,AICF,EC,21,NT,FI,0.0,0,-34.36,-27.59,[],0,0,[],[]
27991460,27994130,NA,SIL,0.0,819,pause,NA,NA,NA,NA,0.0,0,-47.98,-41.09,[],0,0,[],[]
27994130,27996610,NA,NOF,0.0,819,pause,NA,NA,NA,NA,0.0,0,-35.67,-20.68,[],0,0,[],[]
27996610,27997720,CHI,CHN,0.0,819,CIC,BC,0,NT,FI,1.0,1110,-14.83,-9.77,"[{'Canonical-syllable': '1', 'Growl': '0', 'High-freq-energy': '0', 'Long-island': '1', 'Low-tilt-spectrum': '0', 'Medium-island': '0', 'Short-island': '1', 'Squeal': '0', 'Typical-entropy': '2', 'Voicing-quality': '2', 'Wide-band': '0', 'Xlong-island': '0', 'seq': '1', 'end': 27997.72, 'start': 27996.61}]",0,0,[],[]
27997720,27998520,NA,OLN,0.0,819,CIC,NA,NA,NA,NA,0.0,0,-24.45,-18.72,[],0,0,[],[]
27998520,27999170,CHI,CHN,0.0,819,CIC,RC,0,NT,FH,1.0,360,-26.55,-17.17,"[{'Canonical-syllable': '1', 'Growl': '0', 'High-freq-energy': '0', 'Long-island': '0', 'Low-tilt-spectrum': '1', 'Medium-island': '1', 'Short-island': '0', 'Squeal': '0', 'Typical-entropy': '1', 'Voicing-quality': '1', 'Wide-band': '0', 'Xlong-island': '0', 'seq': '1', 'end': 27998.88, 'start': 27998.52}]",0,0,[],[]
27999170,28000080,NA,SIL,0.0,819,CIC,NA,NA,NA,NA,0.0,0,-49.51,-44.8,[],0,0,[],[]
28000080,28003650,NA,NOF,0.0,819,CIC,NA,NA,NA,NA,0.0,0,-43.97,-27.72,[],0,0,[],[]
28003650,28004460,CHI,CHN,0.0,819,CIC,RC,0,NT,FH,1.0,810,-25.5,-16.46,"[{'Canonical-syllable': '1', 'Growl': '0', 'High-freq-energy': '0', 'Long-island': '0', 'Low-tilt-spectrum': '0', 'Medium-island': '2', 'Short-island': '0', 'Squeal': '0', 'Typical-entropy': '1', 'Voicing-quality': '2', 'Wide-band': '0', 'Xlong-island': '0', 'seq': '1', 'end': 28004.46, 'start': 28003.65}]",0,0,[],[]
28004460,28005460,NA,MAF,0.0,819,CIC,NA,NA,NA,NA,0.0,0,-44.14,-36.95,[],0,0,[],[]
28005460,28006060,CHI,CHN,0.0,819,CIC,RC,0,TIMI,FH,1.0,240,-27.93,-20.78,"[{'Canonical-syllable': '0', 'Growl': '0', 'High-freq-energy': '0', 'Long-island': '0', 'Low-tilt-spectrum': '0', 'Medium-island': '0', 'Short-island': '1', 'Squeal': '0', 'Typical-entropy': '0', 'Voicing-quality': '1', 'Wide-band': '0', 'Xlong-island': '0', 'seq': '1', 'end': 28006.06, 'start': 28005.82}]",0,0,[],[]
28006060,28008790,MAL,MAN,9.49,819,CIC,RC,1,TIMR,FI,0.0,0,-31.81,-23.69,[],0,0,[],[]
28008790,28010250,NA,SIL,0.0,819,CIC,NA,NA,NA,NA,0.0,0,-48.56,-43.51,[],0,0,[],[]
28010250,28012060,MAL,MAN,6.48,819,CIC,RC,1,NT,FH,0.0,0,-29.7,-20.7,[],0,0,[],[]
28012060,28013980,NA,SIL,0.0,819,CIC,NA,NA,NA,NA,0.0,0,-47.08,-40.22,[],0,0,[],[]
28013980,28015050,FEM,FAN,4.69,819,CIC,RC,1,NT,FI,0.0,0,-28.33,-21.56,[],0,0,[],[]
28015050,28015850,NA,SIL,0.0,819,CIC,NA,NA,NA,NA,0.0,0,-41.73,-30.05,[],0,0,[],[]
28015850,28016670,NA,NOF,0.0,819,CIC,NA,NA,NA,NA,0.0,0,-31.82,-16.85,[],0,0,[],[]
28016670,28017920,FEM,FAN,4.01,819,CIC,RC,1,NT,FH,0.0,0,-30.78,-24.65,[],0,0,[],[]
28017920,28019710,NA,OLN,0.0,819,CIC,NA,NA,NA,NA,0.0,0,-25.18,-18.66,[],0,0,[],[]
28019710,28020310,CHI,CHN,0.0,819,CIC,RC,1,TIFE,FI,1.0,600,-14.07,-5.15,"[{'Canonical-syllable': '1', 'Growl': '0', 'High-freq-energy': '0', 'Long-island': '0', 'Low-tilt-spectrum': '1', 'Medium-island': '1', 'Short-island': '0', 'Squeal': '0', 'Typical-entropy': '1', 'Voicing-quality': '1', 'Wide-band': '0', 'Xlong-island': '0', 'seq': '1', 'end': 28020.31, 'start': 28019.8}]",0,0,[],[]
28020310,28021260,NA,OLN,0.0,819,CIC,NA,NA,NA,NA,0.0,0,-25.32,-16.24,[],0,0,[],[]
28021260,28022680,CHI,CHN,0.0,819,CIC,RC,1,NT,FH,2.0,760,-17.8,-9.2,"[{'Canonical-syllable': '1', 'Growl': '0', 'High-freq-energy': '0', 'Long-island': '0', 'Low-tilt-spectrum': '1', 'Medium-island': '1', 'Short-island': '0', 'Squeal': '0', 'Typical-entropy': '1', 'Voicing-quality': '1', 'Wide-band': '0', 'Xlong-island': '0', 'seq': '1', 'end': 28021.62, 'start': 28021.26}, {'Canonical-syllable': '0', 'Growl': '0', 'High-freq-energy': '1', 'Long-island': '0', 'Low-tilt-spectrum': '1', 'Medium-island': '1', 'Short-island': '0', 'Squeal': '0', 'Typical-entropy': '1', 'Voicing-quality': '1', 'Wide-band': '0', 'Xlong-island': '0', 'seq': '2', 'end': 28022.68, 'start': 28022.28}]",0,0,[],[]
28022680,28023480,NA,OLN,0.0,819,CIC,NA,NA,NA,NA,0.0,0,-25.64,-14.6,[],0,0,[],[]
28023480,28024550,CHI,CHN,0.0,819,CIC,RC,1,TIFI,FH,1.0,1070,-14.28,-4.21,"[{'Canonical-syllable': '1', 'Growl': '0', 'High-freq-energy': '0', 'Long-island': '0', 'Low-tilt-spectrum': '1', 'Medium-island': '1', 'Short-island': '2', 'Squeal': '0', 'Typical-entropy': '3', 'Voicing-quality': '3', 'Wide-band': '0', 'Xlong-island': '0', 'seq': '1', 'end': 28024.55, 'start': 28023.48}]",0,0,[],[]
28024550,28025550,FEM,FAN,7.49,819,CIC,RC,2,TIFR,FI,0.0,0,-21.0,-13.28,[],0,0,[],[]
28025550,28026320,CHI,CHN,0.0,819,CIC,RC,2,TIFE,FI,1.0,770,-20.38,-12.13,"[{'Canonical-syllable': '0', 'Growl': '0', 'High-freq-energy': '0', 'Long-island': '0', 'Low-tilt-spectrum': '0', 'Medium-island': '0', 'Short-island': '2', 'Squeal': '0', 'Typical-entropy': '0', 'Voicing-quality': '2', 'Wide-band': '0', 'Xlong-island': '0', 'seq': '1', 'end': 28026.32, 'start': 28025.55}]",0,0,[],[]
28026320,28027120,NA,NOF,0.0,819,CIC,NA,NA,NA,NA,0.0,0,-33.0,-18.32,[],0,0,[],[]
28027120,28028600,CHI,CHN,0.0,819,CIC,RC,2,TIFI,FH,2.0,1140,-17.34,-9.56,"[{'Canonical-syllable': '1', 'Growl': '1', 'High-freq-energy': '0', 'Long-island': '0', 'Low-tilt-spectrum': '0', 'Medium-island': '2', 'Short-island': '0', 'Squeal': '0', 'Typical-entropy': '1', 'Voicing-quality': '2', 'Wide-band': '0', 'Xlong-island': '0', 'seq': '1', 'end': 28027.87, 'start': 28027.12}, {'Canonical-syllable': '1', 'Growl': '0', 'High-freq-energy': '0', 'Long-island': '0', 'Low-tilt-spectrum': '0', 'Medium-island': '1', 'Short-island': '0', 'Squeal': '0', 'Typical-entropy': '0', 'Voicing-quality': '1', 'Wide-band': '0', 'Xlong-island': '0', 'seq': '2', 'end': 28028.6, 'start': 28028.21}]",0,0,[],[]
28028600,28029970,NA,NON,0.0,819,CIC,NA,NA,NA,NA,0.0,0,-36.47,-28.41,[],0,0,[],[]
28029970,28030570,FEM,FAN,4.06,819,CIC,RC,3,TIFR,FI,0.0,0,-15.33,-4.91,[],0,0,[],[]
28030570,28031470,NA,OLF,0.0,819,CIC,NA,NA,NA,NA,0.0,0,-20.88,-9.58,[],0,0,[],[]
28031470,28032800,FEM,FAN,5.06,819,CIC,RC,3,NT,FH,0.0,0,-18.79,-11.86,[],0,0,[],[]
28032800,28033610,NA,NOF,0.0,819,CIC,NA,NA,NA,NA,0.0,0,-32.84,-16.54,[],0,0,[],[]
28033610,28034450,NA,SIL,0.0,819,CIC,NA,NA,NA,NA,0.0,0,-49.15,-44.55,[],0,0,[],[]
28034450,28036400,MAL,MAN,8.16,819,CIC,RC,3,NT,FI,0.0,0,-26.62,-20.3,[],0,0,[],[]
28036400,28037220,NA,SIL,0.0,819,CIC,NA,NA,NA,NA,0.0,0,-47.99,-42.38,[],0,0,[],[]
28037220,28039340,MAL,MAN,4.34,819,CIC,EC,3,NT,FH,0.0,0,-30.69,-17.74,[],0,0,[],[]
28039340,28040380,FEM,FAN,0.0,820,pause,NA,NA,NA,NA,0.0,0,-34.43,-27.61,[],1040,0,[],[]
28040380,28041200,NA,SIL,0.0,820,pause,NA,NA,NA,NA,0.0,0,-48.57,-43.97,[],0,0,[],[]
28041200,28043960,NA,TVF,0.0,820,pause,NA,NA,NA,NA,0.0,0,-38.56,-19.06,[],0,0,[],[]
28043960,28044760,NA,NOF,0.0,820,pause,NA,NA,NA,NA,0.0,0,-39.0,-29.84,[],0,0,[],[]
28044760,28045840,NA,TVF,0.0,820,pause,NA,NA,NA,NA,0.0,0,-48.35,-43.11,[],0,0,[],[]
28045840,28048020,MAL,MAN,8.46,820,AMM,BC,0,NT,FI,0.0,0,-29.09,-19.61,[],0,0,[],[]
28048020,28049010,NA,NOF,0.0,820,AMM,NA,NA,NA,NA,0.0,0,-44.92,-35.95,[],0,0,[],[]
28049010,28050060,FEM,FAN,4.26,820,AMM,EC,0,NT,FI,0.0,0,-31.49,-24.35,[],0,0,[],[]
28050060,28051640,NA,MAF,0.0,821,pause,NA,NA,NA,NA,0.0,0,-28.92,-16.36,[],0,0,[],[]
28051640,28053340,NA,OLN,0.0,821,pause,NA,NA,NA,NA,0.0,0,-23.58,-10.69,[],0,0,[],[]
28053340,28055910,NA,NOF,0.0,821,pause,NA,NA,NA,NA,0.0,0,-23.15,-9.29,[],0,0,[],[]
28055910,28057010,FEM,FAN,5.95,821,AICF,BC,0,TIFI,FI,0.0,0,-23.39,-17.55,[],0,0,[],[]
28057010,28057730,CHI,CHN,0.0,821,AICF,RC,1,TIFR,FI,1.0,430,-26.73,-19.32,"[{'Canonical-syllable': '0', 'Growl': '1', 'High-freq-energy': '0', 'Long-island': '0', 'Low-tilt-spectrum': '0', 'Medium-island': '1', 'Short-island': '0', 'Squeal': '0', 'Typical-entropy': '1', 'Voicing-quality': '1', 'Wide-band': '0', 'Xlong-island': '0', 'seq': '1', 'end': 28057.44, 'start': 28057.01}]",0,0,[],[]
28057730,28059390,NA,OLN,0.0,821,AICF,NA,NA,NA,NA,0.0,0,-18.07,-5.77,[],0,0,[],[]
28059390,28060190,NA,NON,0.0,821,AICF,NA,NA,NA,NA,0.0,0,-34.93,-19.89,[],0,0,[],[]
28060190,28062550,NA,OLN,0.0,821,AICF,NA,NA,NA,NA,0.0,0,-19.41,-11.59,[],0,0,[],[]
28062550,28063580,FEM,FAN,5.09,821,AICF,RC,1,TIFE,FI,0.0,0,-27.47,-22.27,[],0,0,[],[]
28063580,28064580,NA,MAF,0.0,821,AICF,NA,NA,NA,NA,0.0,0,-34.02,-27.64,[],0,0,[],[]
28064580,28066660,FEM,FAN,4.02,821,AICF,RC,1,NT,FH,0.0,0,-32.91,-25.24,[],0,0,[],[]
28066660,28067350,FEM,FAN,5.7,821,AICF,RC,1,NT,FH,0.0,0,-22.37,-14.29,[],0,0,[],[]
28067350,28068430,NA,OLN,0.0,821,AICF,NA,NA,NA,NA,0.0,0,-24.48,-12.87,[],0,0,[],[]
28068430,28069600,FEM,FAN,5.15,821,AICF,EC,1,NT,FH,0.0,0,-28.65,-13.1,[],0,0,[],[]
28069600,28071070,NA,NOF,0.0,822,pause,NA,NA,NA,NA,0.0,0,-40.28,-30.23,[],0,0,[],[]
28071070,28073770,NA,SIL,0.0,822,pause,NA,NA,NA,NA,0.0,0,-47.29,-35.8,[],0,0,[],[]
28073770,28075510,NA,NOF,0.0,822,pause,NA,NA,NA,NA,0.0,0,-16.34,-1.82,[],0,0,[],[]
28075510,28076370,CHI,CHN,0.0,822,CIC,BC,0,NT,FI,1.0,580,-18.64,-6.37,"[{'Canonical-syllable': '1', 'Growl': '0', 'High-freq-energy': '0', 'Long-island': '0', 'Low-tilt-spectrum': '0', 'Medium-island': '0', 'Short-island': '2', 'Squeal': '0', 'Typical-entropy': '1', 'Voicing-quality': '2', 'Wide-band': '0', 'Xlong-island': '0', 'seq': '1', 'end': 28076.09, 'start': 28075.59}]",0,0,[],[]
28076370,28077460,OCH,CXN,0.0,822,CIC,RC,0,NT,FI,0.0,0,-28.59,-23.5,[],0,0,[],[]
28077460,28078530,FEM,FAN,3.98,822,CIC,RC,0,TIFI,FI,0.0,0,-39.0,-33.51,[],0,0,[],[]
28078530,28079580,NA,SIL,0.0,822,CIC,NA,NA,NA,NA,0.0,0,-44.37,-39.03,[],0,0,[],[]
28079580,28080880,NA,OLN,0.0,822,CIC,NA,NA,NA,NA,0.0,0,-24.05,-12.95,[],0,0,[],[]
28080880,28081480,CHI,CHN,0.0,822,CIC,RC,1,TIFR,FI,1.0,350,-29.89,-23.04,"[{'Canonical-syllable': '1', 'Growl': '0', 'High-freq-energy': '0', 'Long-island': '0', 'Low-tilt-spectrum': '0', 'Medium-island': '1', 'Short-island': '0', 'Squeal': '0', 'Typical-entropy': '0', 'Voicing-quality': '1', 'Wide-band': '0', 'Xlong-island': '0', 'seq': '1', 'end': 28081.23, 'start': 28080.88}]",0,0,[],[]
28081480,28083120,NA,SIL,0.0,822,CIC,NA,NA,NA,NA,0.0,0,-46.59,-36.56,[],0,0,[],[]
28083120,28084120,MAL,MAN,2.88,822,CIC,RC,1,TIMI,FI,0.0,0,-42.04,-36.04,[],0,0,[],[]
28084120,28085520,CHI,CHN,0.0,822,CIC,RC,2,TIMR,FI,1.0,1160,-21.73,-11.57,"[{'Canonical-syllable': '0', 'Growl': '0', 'High-freq-energy': '0', 'Long-island': '0', 'Low-tilt-spectrum': '1', 'Medium-island': '2', 'Short-island': '1', 'Squeal': '0', 'Typical-entropy': '1', 'Voicing-quality': '3', 'Wide-band': '0', 'Xlong-island': '0', 'seq': '1', 'end': 28085.28, 'start': 28084.12}]",0,0,[],[]
28085520,28086600,NA,MAF,0.0,822,CIC,NA,NA,NA,NA,0.0,0,-42.06,-35.08,[],0,0,[],[]
28086600,28087400,NA,SIL,0.0,822,CIC,NA,NA,NA,NA,0.0,0,-46.15,-39.85,[],0,0,[],[]
28087400,28089230,NA,NOF,0.0,822,CIC,NA,NA,NA,NA,0.0,0,-35.09,-22.03,[],0,0,[],[]
28089230,28090050,CHI,CHN,0.0,822,CIC,EC,2,NT,FH,1.0,820,-17.48,-10.75,"[{'Canonical-syllable': '0', 'Growl': '0', 'High-freq-energy': '0', 'Long-island': '1', 'Low-tilt-spectrum': '1', 'Medium-island': '0', 'Short-island': '0', 'Squeal': '0', 'Typical-entropy': '1', 'Voicing-quality': '1', 'Wide-band': '0', 'Xlong-island': '0', 'seq': '1', 'end': 28090.05, 'start': 28089.23}]",0,0,[],[]
28090050,28090850,NA,OLF,0.0,823,pause,NA,NA,NA,NA,0.0,0,-23.41,-8.81,[],0,0,[],[]
28090850,28092880,NA,NON,0.0,823,pause,NA,NA,NA,NA,0.0,0,-28.46,-14.39,[],0,0,[],[]
28092880,28093680,NA,SIL,0.0,823,pause,NA,NA,NA,NA,0.0,0,-45.68,-40.36,[],0,0,[],[]
28093680,28095790,NA,MAF,0.0,823,pause,NA,NA,NA,NA,0.0,0,-35.88,-28.43,[],0,0,[],[]
28095790,28097370,NA,NOF,0.0,823,pause,NA,NA,NA,NA,0.0,0,-38.11,-28.55,[],0,0,[],[]
28097370,28098200,NA,OLN,0.0,823,pause,NA,NA,NA,NA,0.0,0,-33.31,-25.17,[],0,0,[],[]
28098200,28101590,NA,OLF,0.0,823,pause,NA,NA,NA,NA,0.0,0,-39.69,-25.04,[],0,0,[],[]
28101590,28102390,NA,OLN,0.0,823,pause,NA,NA,NA,NA,0.0,0,-28.41,-22.58,[],0,0,[],[]
28102390,28103400,FEM,FAN,5.46,823,AICF,BC,0,NT,FI,0.0,0,-32.33,-25.29,[],0,0,[],[]
28103400,28104320,NA,CXF,0.0,823,AICF,NA,NA,NA,NA,0.0,0,-37.7,-31.34,[],0,0,[],[]
28104320,28105120,NA,SIL,0.0,823,AICF,NA,NA,NA,NA,0.0,0,-43.12,-32.57,[],0,0,[],[]
28105120,28109520,FEM,FAN,15.35,823,AICF,RC,0,NT,FH,0.0,0,-32.81,-23.6,[],0,0,[],[]
28109520,28110210,FEM,FAN,0.0,823,AICF,NA,NA,NA,NA,0.0,0,-31.23,-26.06,[],690,0,[],[]
28110210,28111210,NA,MAF,0.0,823,AICF,NA,NA,NA,NA,0.0,0,-37.55,-31.04,[],0,0,[],[]
28111210,28112210,FEM,FAN,1.31,823,AICF,RC,0,NT,FH,0.0,0,-34.14,-27.71,[],0,0,[],[]
28112210,28113050,NA,NOF,0.0,823,AICF,NA,NA,NA,NA,0.0,0,-36.78,-25.3,[],0,0,[],[]
28113050,28115220,NA,OLN,0.0,823,AICF,NA,NA,NA,NA,0.0,0,-27.71,-15.34,[],0,0,[],[]
28115220,28116560,NA,NOF,0.0,823,AICF,NA,NA,NA,NA,0.0,0,-22.76,-2.94,[],0,0,[],[]
28116560,28117710,FEM,FAN,4.39,823,AICF,RC,0,TIFI,FH,0.0,0,-28.57,-19.51,[],0,0,[],[]
28117710,28121670,NA,NOF,0.0,823,AICF,NA,NA,NA,NA,0.0,0,-26.24,-5.45,[],0,0,[],[]
28121670,28122270,CHI,CHN,0.0,823,AICF,RC,1,TIFR,FI,1.0,600,-19.67,-14.49,"[{'Canonical-syllable': '1', 'Growl': '0', 'High-freq-energy': '0', 'Long-island': '0', 'Low-tilt-spectrum': '0', 'Medium-island': '1', 'Short-island': '0', 'Squeal': '0', 'Typical-entropy': '1', 'Voicing-quality': '1', 'Wide-band': '0', 'Xlong-island': '0', 'seq': '1', 'end': 28122.27, 'start': 28121.89}]",0,0,[],[]
28122270,28123480,OCH,CXN,0.0,823,AICF,RC,1,NT,FI,0.0,0,-31.39,-19.49,[],0,0,[],[]
28123480,28124290,NA,NOF,0.0,823,AICF,NA,NA,NA,NA,0.0,0,-48.2,-42.46,[],0,0,[],[]
28124290,28124890,CHI,CHN,0.0,823,AICF,RC,1,TIFI,FI,1.0,600,-19.77,-15.71,"[{'Canonical-syllable': '0', 'Growl': '0', 'High-freq-energy': '0', 'Long-island': '0', 'Low-tilt-spectrum': '0', 'Medium-island': '1', 'Short-island': '0', 'Squeal': '0', 'Typical-entropy': '0', 'Voicing-quality': '1', 'Wide-band': '0', 'Xlong-island': '0', 'seq': '1', 'end': 28124.89, 'start': 28124.57}]",0,0,[],[]
28124890,28125700,NA,CXF,0.0,823,AICF,NA,NA,NA,NA,0.0,0,-33.96,-20.58,[],0,0,[],[]
28125700,28127080,NA,FAF,0.0,823,AICF,NA,NA,NA,NA,0.0,0,-39.3,-33.77,[],0,0,[],[]
28127080,28127970,NA,NOF,0.0,823,AICF,NA,NA,NA,NA,0.0,0,-45.2,-40.07,[],0,0,[],[]
28127970,28130780,FEM,FAN,9.0,823,AICF,EC,2,TIFR,FI,0.0,0,-24.35,-12.21,[],0,0,[],[]
28130780,28131960,NA,OLN,0.0,824,pause,NA,NA,NA,NA,0.0,0,-33.43,-23.56,[],0,0,[],[]
28131960,28133440,CHI,CHN,0.0,824,pause,NA,NA,NA,NA,0.0,0,-16.47,-10.6,[],0,1400,"[{'start': 28132.04, 'end': 28133.44}]",[]
28133440,28134760,NA,OLN,0.0,824,pause,NA,NA,NA,NA,0.0,0,-33.5,-19.65,[],0,0,[],[]
28134760,28135710,CHI,CHN,0.0,824,pause,NA,NA,NA,NA,0.0,0,-15.12,-10.27,[],0,950,"[{'start': 28134.76, 'end': 28135.71}]",[]
28135710,28136660,NA,NOF,0.0,824,pause,NA,NA,NA,NA,0.0,0,-26.09,-6.57,[],0,0,[],[]
28136660,28137390,CHI,CHN,0.0,824,pause,NA,NA,NA,NA,0.0,0,-13.52,-6.19,[],0,630,"[{'start': 28136.76, 'end': 28137.39}]",[]
28137390,28141590,FEM,FAN,12.32,824,AICF,BC,0,NT,FI,0.0,0,-29.6,-14.87,[],0,0,[],[]
28141590,28143970,CHI,CHN,0.0,824,AICF,NA,NA,NA,NA,0.0,0,-17.85,-9.93,[],0,2380,"[{'start': 28141.59, 'end': 28143.97}]",[]
28143970,28144790,NA,OLN,0.0,824,AICF,NA,NA,NA,NA,0.0,0,-30.93,-19.44,[],0,0,[],[]
28144790,28145790,FEM,FAN,5.5,824,AICF,RC,0,TIFI,FH,0.0,0,-29.35,-10.53,[],0,0,[],[]
28145790,28146750,CHI,CHN,0.0,824,AICF,NA,NA,NA,NA,0.0,0,-15.7,-11.42,[],0,960,"[{'start': 28145.79, 'end': 28146.75}]",[]
28146750,28148630,CHI,CHN,0.0,824,AICF,NA,NA,NA,NA,0.0,0,-11.42,-3.05,[],0,1880,"[{'start': 28146.75, 'end': 28148.63}]",[]
28148630,28149630,CHI,CHN,0.0,824,AICF,RC,1,TIFR,FI,1.0,1000,-21.85,-10.65,"[{'Canonical-syllable': '1', 'Growl': '0', 'High-freq-energy': '0', 'Long-island': '0', 'Low-tilt-spectrum': '1', 'Medium-island': '2', 'Short-island': '0', 'Squeal': '0', 'Typical-entropy': '2', 'Voicing-quality': '2', 'Wide-band': '0', 'Xlong-island': '0', 'seq': '1', 'end': 28149.63, 'start': 28148.73}]",0,0,[],[]
28149630,28150230,CHI,CHN,0.0,824,AICF,NA,NA,NA,NA,0.0,0,-19.04,-8.89,[],0,190,"[{'start': 28149.63, 'end': 28149.82}]",[]
28150230,28151090,NA,OLF,0.0,824,AICF,NA,NA,NA,NA,0.0,0,-39.44,-35.11,[],0,0,[],[]
28151090,28152630,NA,SIL,0.0,824,AICF,NA,NA,NA,NA,0.0,0,-43.03,-36.09,[],0,0,[],[]
28152630,28154120,CHI,CHN,0.0,824,AICF,NA,NA,NA,NA,0.0,0,-17.73,-9.14,[],0,1490,"[{'start': 28152.63, 'end': 28154.12}]",[]
28154120,28154990,FEM,FAN,4.78,824,AICF,RC,1,TIFE,FI,0.0,0,-35.1,-28.53,[],0,0,[],[]
28154990,28157200,FEM,FAN,9.16,824,AICF,RC,1,TIFI,FH,0.0,0,-37.26,-28.62,[],0,0,[],[]
28157200,28158010,NA,OLN,0.0,824,AICF,NA,NA,NA,NA,0.0,0,-39.92,-30.23,[],0,0,[],[]
28158010,28158840,NA,CXF,0.0,824,AICF,NA,NA,NA,NA,0.0,0,-38.44,-32.32,[],0,0,[],[]
28158840,28159660,NA,OLN,0.0,824,AICF,NA,NA,NA,NA,0.0,0,-25.35,-9.77,[],0,0,[],[]
28159660,28160830,CHI,CHN,0.0,824,AICF,EC,2,TIFR,FI,1.0,1170,-15.99,-7.01,"[{'Canonical-syllable': '0', 'Growl': '0', 'High-freq-energy': '0', 'Long-island': '0', 'Low-tilt-spectrum': '1', 'Medium-island': '0', 'Short-island': '0', 'Squeal': '0', 'Typical-entropy': '1', 'Voicing-quality': '1', 'Wide-band': '0', 'Xlong-island': '1', 'seq': '1', 'end': 28160.83, 'start': 28159.66}]",0,0,[],[]
28160830,28161840,NA,NON,0.0,825,pause,NA,NA,NA,NA,0.0,0,-22.54,-7.64,[],0,0,[],[]
28161840,28163110,NA,OLN,0.0,825,pause,NA,NA,NA,NA,0.0,0,-34.87,-20.45,[],0,0,[],[]
28163110,28164560,NA,NOF,0.0,825,pause,NA,NA,NA,NA,0.0,0,-44.52,-38.88,[],0,0,[],[]
28164560,28165600,CHI,CHN,0.0,825,pause,NA,NA,NA,NA,0.0,0,-15.35,-10.31,[],0,960,"[{'start': 28164.64, 'end': 28165.6}]",[]
28165600,28167990,NA,NOF,0.0,825,pause,NA,NA,NA,NA,0.0,0,-42.18,-32.37,[],0,0,[],[]
28167990,28169820,CHI,CHN,0.0,825,CM,EC,0,NT,FI,1.0,1830,-15.43,-9.67,"[{'Canonical-syllable': '0', 'Growl': '0', 'High-freq-energy': '0', 'Long-island': '0', 'Low-tilt-spectrum': '2', 'Medium-island': '0', 'Short-island': '1', 'Squeal': '0', 'Typical-entropy': '2', 'Voicing-quality': '2', 'Wide-band': '0', 'Xlong-island': '1', 'seq': '1', 'end': 28169.82, 'start': 28167.99}]",0,0,[],[]
28169820,28170620,NA,OLF,0.0,826,pause,NA,NA,NA,NA,0.0,0,-26.63,-13.66,[],0,0,[],[]
28170620,28171620,NA,FAF,0.0,826,pause,NA,NA,NA,NA,0.0,0,-43.63,-34.97,[],0,0,[],[]
28171620,28174850,NA,NOF,0.0,826,pause,NA,NA,NA,NA,0.0,0,-37.73,-18.86,[],0,0,[],[]
28174850,28175700,NA,OLF,0.0,826,pause,NA,NA,NA,NA,0.0,0,-39.93,-32.57,[],0,0,[],[]
28175700,28176550,NA,NOF,0.0,826,pause,NA,NA,NA,NA,0.0,0,-42.64,-36.62,[],0,0,[],[]
28176550,28177770,FEM,FAN,1.37,826,AICF,BC,0,TIFI,FI,0.0,0,-37.99,-31.32,[],0,0,[],[]
28177770,28179770,NA,OLN,0.0,826,AICF,NA,NA,NA,NA,0.0,0,-28.13,-19.84,[],0,0,[],[]
28179770,28182470,NA,NOF,0.0,826,AICF,NA,NA,NA,NA,0.0,0,-21.85,-3.86,[],0,0,[],[]
28182470,28185400,CHI,CHN,0.0,826,AICF,RC,1,TIFR,FI,3.0,1700,-19.33,-6.64,"[{'Canonical-syllable': '0', 'Growl': '0', 'High-freq-energy': '0', 'Long-island': '0', 'Low-tilt-spectrum': '0', 'Medium-island': '0', 'Short-island': '2', 'Squeal': '0', 'Typical-entropy': '2', 'Voicing-quality': '3', 'Wide-band': '0', 'Xlong-island': '0', 'seq': '1', 'end': 28183.21, 'start': 28182.47}, {'Canonical-syllable': '0', 'Growl': '0', 'High-freq-energy': '0', 'Long-island': '0', 'Low-tilt-spectrum': '2', 'Medium-island': '1', 'Short-island': '1', 'Squeal': '0', 'Typical-entropy': '3', 'Voicing-quality': '2', 'Wide-band': '1', 'Xlong-island': '0', 'seq': '2', 'end': 28184.56, 'start': 28183.71}, {'Canonical-syllable': '0', 'Growl': '1', 'High-freq-energy': '0', 'Long-island': '0', 'Low-tilt-spectrum': '1', 'Medium-island': '0', 'Short-island': '0', 'Squeal': '0', 'Typical-entropy': '1', 'Voicing-quality': '1', 'Wide-band': '0', 'Xlong-island': '0', 'seq': '3', 'end': 28185.4, 'start': 28185.29}]",0,0,[],[]
28185400,28186300,NA,OLN,0.0,826,AICF,NA,NA,NA,NA,0.0,0,-21.86,-5.53,[],0,0,[],[]
28186300,28186940,CHI,CHN,0.0,826,AICF,RC,1,NT,FH,1.0,640,-20.33,-14.4,"[{'Canonical-syllable': '0', 'Growl': '0', 'High-freq-energy': '0', 'Long-island': '0', 'Low-tilt-spectrum': '1', 'Medium-island': '1', 'Short-island': '0', 'Squeal': '0', 'Typical-entropy': '1', 'Voicing-quality': '1', 'Wide-band': '0', 'Xlong-island': '0', 'seq': '1', 'end': 28186.94, 'start': 28186.3}]",0,0,[],[]
28186940,28188170,NA,NOF,0.0,826,AICF,NA,NA,NA,NA,0.0,0,-43.8,-31.93,[],0,0,[],[]
28188170,28189140,NA,OLF,0.0,826,AICF,NA,NA,NA,NA,0.0,0,-36.56,-30.16,[],0,0,[],[]
28189140,28189770,CHI,CHN,0.0,826,AICF,RC,1,NT,FH,1.0,630,-19.96,-16.37,"[{'Canonical-syllable': '0', 'Growl': '0', 'High-freq-energy': '0', 'Long-island': '0', 'Low-tilt-spectrum': '0', 'Medium-island': '1', 'Short-island': '0', 'Squeal': '0', 'Typical-entropy': '0', 'Voicing-quality': '1', 'Wide-band': '0', 'Xlong-island': '0', 'seq': '1', 'end': 28189.77, 'start': 28189.14}]",0,0,[],[]
28189770,28190570,NA,OLN,0.0,826,AICF,NA,NA,NA,NA,0.0,0,-28.07,-20.33,[],0,0,[],[]
28190570,28191810,FEM,FAN,2.92,826,AICF,RC,1,TIFI,FI,0.0,0,-26.08,-12.69,[],0,0,[],[]
28191810,28193320,NA,SIL,0.0,826,AICF,NA,NA,NA,NA,0.0,0,-45.26,-32.02,[],0,0,[],[]
28193320,28194310,CHI,CHN,0.0,826,AICF,RC,2,TIFR,FI,1.0,990,-15.27,-9.86,"[{'Canonical-syllable': '0', 'Growl': '0', 'High-freq-energy': '0', 'Long-island': '0', 'Low-tilt-spectrum': '0', 'Medium-island': '0', 'Short-island': '0', 'Squeal': '0', 'Typical-entropy': '0', 'Voicing-quality': '1', 'Wide-band': '0', 'Xlong-island': '1', 'seq': '1', 'end': 28194.31, 'start': 28193.32}]",0,0,[],[]
28194310,28195810,FEM,FAN,4.21,826,AICF,EC,2,TIFE,FI,0.0,0,-27.28,-17.54,[],0,0,[],[]
28195810,28198440,NA,NOF,0.0,827,pause,NA,NA,NA,NA,0.0,0,-20.71,-5.39,[],0,0,[],[]
28198440,28199260,NA,OLF,0.0,827,pause,NA,NA,NA,NA,0.0,0,-26.39,-19.91,[],0,0,[],[]
28199260,28200630,NA,NOF,0.0,827,pause,NA,NA,NA,NA,0.0,0,-22.2,-6.77,[],0,0,[],[]
28200630,28201540,NA,SIL,0.0,827,pause,NA,NA,NA,NA,0.0,0,-40.16,-30.08,[],0,0,[],[]
28201540,28202600,NA,NOF,0.0,827,pause,NA,NA,NA,NA,0.0,0,-24.02,-6.19,[],0,0,[],[]
28202600,28203970,CHI,CHN,0.0,827,CIC,BC,0,TIFI,FI,1.0,1370,-14.84,-5.43,"[{'Canonical-syllable': '1', 'Growl': '1', 'High-freq-energy': '0', 'Long-island': '0', 'Low-tilt-spectrum': '0', 'Medium-island': '1', 'Short-island': '2', 'Squeal': '0', 'Typical-entropy': '0', 'Voicing-quality': '3', 'Wide-band': '0', 'Xlong-island': '0', 'seq': '1', 'end': 28203.97, 'start': 28202.72}]",0,0,[],[]
28203970,28204770,NA,OLF,0.0,827,CIC,NA,NA,NA,NA,0.0,0,-23.14,-7.3,[],0,0,[],[]
28204770,28205910,FEM,FAN,2.0,827,CIC,EC,1,TIFR,FI,0.0,0,-18.05,-6.96,[],0,0,[],[]
28205910,28206820,NA,OLN,0.0,828,pause,NA,NA,NA,NA,0.0,0,-18.34,-12.67,[],0,0,[],[]
28206820,28207620,NA,NOF,0.0,828,pause,NA,NA,NA,NA,0.0,0,-14.92,-7.2,[],0,0,[],[]
28207620,28208430,NA,OLN,0.0,828,pause,NA,NA,NA,NA,0.0,0,-22.0,-8.01,[],0,0,[],[]
28208430,28210950,NA,NOF,0.0,828,pause,NA,NA,NA,NA,0.0,0,-42.53,-32.26,[],0,0,[],[]
28210950,28212430,OCH,CXN,0.0,828,XM,BC,0,NT,FI,0.0,0,-33.32,-24.79,[],0,0,[],[]
28212430,28213390,CHI,CHN,0.0,828,XM,NA,NA,NA,NA,0.0,0,-18.18,-12.49,[],0,960,"[{'start': 28212.43, 'end': 28213.39}]",[]
28213390,28214290,NA,OLN,0.0,828,XM,NA,NA,NA,NA,0.0,0,-25.4,-17.88,[],0,0,[],[]
28214290,28215950,NA,NOF,0.0,828,XM,NA,NA,NA,NA,0.0,0,-34.03,-22.14,[],0,0,[],[]
28215950,28216550,OCH,CXN,0.0,828,XM,EC,0,NT,FH,0.0,0,-28.93,-24.38,[],0,0,[],[]
28216550,28217360,NA,NON,0.0,829,pause,NA,NA,NA,NA,0.0,0,-37.57,-32.15,[],0,0,[],[]
28217360,28217960,CHI,CHN,0.0,829,pause,NA,NA,NA,NA,0.0,0,-17.33,-11.9,[],0,600,"[{'start': 28217.36, 'end': 28217.96}]",[]
28217960,28218760,CHI,CHN,0.0,829,pause,NA,NA,NA,NA,0.0,0,-22.34,-15.97,[],0,800,"[{'start': 28217.96, 'end': 28218.76}]",[]
28218760,28219360,CHI,CHN,0.0,829,pause,NA,NA,NA,NA,0.0,0,-16.83,-9.63,[],0,290,"[{'start': 28218.76, 'end': 28219.05}]",[]
28219360,28221560,NA,NOF,0.0,829,pause,NA,NA,NA,NA,0.0,0,-42.04,-28.87,[],0,0,[],[]
28221560,28222180,CHI,CHN,0.0,829,CM,BC,0,NT,FI,1.0,620,-28.97,-19.95,"[{'Canonical-syllable': '1', 'Growl': '0', 'High-freq-energy': '0', 'Long-island': '0', 'Low-tilt-spectrum': '0', 'Medium-island': '1', 'Short-island': '0', 'Squeal': '0', 'Typical-entropy': '1', 'Voicing-quality': '1', 'Wide-band': '0', 'Xlong-island': '0', 'seq': '1', 'end': 28222.18, 'start': 28221.8}]",0,0,[],[]
28222180,28223870,NA,OLN,0.0,829,CM,NA,NA,NA,NA,0.0,0,-25.87,-13.61,[],0,0,[],[]
28223870,28224500,CHI,CHN,0.0,829,CM,EC,0,NT,FH,1.0,380,-26.2,-17.73,"[{'Canonical-syllable': '1', 'Growl': '0', 'High-freq-energy': '0', 'Long-island': '0', 'Low-tilt-spectrum': '0', 'Medium-island': '1', 'Short-island': '0', 'Squeal': '0', 'Typical-entropy': '1', 'Voicing-quality': '1', 'Wide-band': '0', 'Xlong-island': '0', 'seq': '1', 'end': 28224.25, 'start': 28223.99}]",0,0,[],[]
28224500,28225800,NA,SIL,0.0,830,pause,NA,NA,NA,NA,0.0,0,-50.48,-44.4,[],0,0,[],[]
28225800,28226910,NA,NOF,0.0,830,pause,NA,NA,NA,NA,0.0,0,-48.12,-40.86,[],0,0,[],[]
28226910,28228290,NA,SIL,0.0,830,pause,NA,NA,NA,NA,0.0,0,-49.53,-44.1,[],0,0,[],[]
28228290,28229330,NA,NOF,0.0,830,pause,NA,NA,NA,NA,0.0,0,-45.44,-40.06,[],0,0,[],[]
28229330,28230330,NA,TVF,0.0,830,pause,NA,NA,NA,NA,0.0,0,-50.55,-44.42,[],0,0,[],[]
28230330,28231160,NA,SIL,0.0,830,pause,NA,NA,NA,NA,0.0,0,-50.99,-44.86,[],0,0,[],[]
28231160,28233340,NA,NOF,0.0,830,pause,NA,NA,NA,NA,0.0,0,-45.94,-33.41,[],0,0,[],[]
28233340,28234140,NA,SIL,0.0,830,pause,NA,NA,NA,NA,0.0,0,-50.84,-47.78,[],0,0,[],[]
28234140,28235140,NA,TVF,0.0,830,pause,NA,NA,NA,NA,0.0,0,-51.22,-47.67,[],0,0,[],[]
28235140,28236990,NA,SIL,0.0,830,pause,NA,NA,NA,NA,0.0,0,-51.24,-46.41,[],0,0,[],[]
28236990,28239770,NA,NOF,0.0,830,pause,NA,NA,NA,NA,0.0,0,-38.42,-22.99,[],0,0,[],[]
28239770,28240570,NA,SIL,0.0,830,pause,NA,NA,NA,NA,0.0,0,-50.28,-45.26,[],0,0,[],[]
28240570,28241760,CHI,CHN,0.0,830,CIOCX,BC,0,NT,FI,1.0,1190,-19.44,-9.75,"[{'Canonical-syllable': '1', 'Growl': '0', 'High-freq-energy': '0', 'Long-island': '0', 'Low-tilt-spectrum': '2', 'Medium-island': '1', 'Short-island': '1', 'Squeal': '1', 'Typical-entropy': '3', 'Voicing-quality': '3', 'Wide-band': '0', 'Xlong-island': '0', 'seq': '1', 'end': 28241.76, 'start': 28240.79}]",0,0,[],[]
28241760,28244660,NA,NOF,0.0,830,CIOCX,NA,NA,NA,NA,0.0,0,-43.76,-33.19,[],0,0,[],[]
28244660,28245460,NA,OLN,0.0,830,CIOCX,NA,NA,NA,NA,0.0,0,-26.04,-13.3,[],0,0,[],[]
28245460,28246650,NA,NON,0.0,830,CIOCX,NA,NA,NA,NA,0.0,0,-26.49,-10.92,[],0,0,[],[]
28246650,28247250,CHI,CHN,0.0,830,CIOCX,RC,0,NT,FH,1.0,600,-18.91,-13.97,"[{'Canonical-syllable': '0', 'Growl': '0', 'High-freq-energy': '0', 'Long-island': '0', 'Low-tilt-spectrum': '0', 'Medium-island': '1', 'Short-island': '0', 'Squeal': '0', 'Typical-entropy': '0', 'Voicing-quality': '1', 'Wide-band': '0', 'Xlong-island': '0', 'seq': '1', 'end': 28247.25, 'start': 28246.86}]",0,0,[],[]
28247250,28248090,NA,NON,0.0,830,CIOCX,NA,NA,NA,NA,0.0,0,-16.32,-2.68,[],0,0,[],[]
28248090,28249930,CHI,CHN,0.0,830,CIOCX,RC,0,NT,FH,2.0,1480,-19.0,-10.36,"[{'Canonical-syllable': '2', 'Growl': '0', 'High-freq-energy': '0', 'Long-island': '0', 'Low-tilt-spectrum': '2', 'Medium-island': '2', 'Short-island': '0', 'Squeal': '0', 'Typical-entropy': '2', 'Voicing-quality': '2', 'Wide-band': '0', 'Xlong-island': '0', 'seq': '1', 'end': 28248.98, 'start': 28248.09}, {'Canonical-syllable': '0', 'Growl': '1', 'High-freq-energy': '0', 'Long-island': '0', 'Low-tilt-spectrum': '0', 'Medium-island': '1', 'Short-island': '1', 'Squeal': '0', 'Typical-entropy': '2', 'Voicing-quality': '2', 'Wide-band': '0', 'Xlong-island': '0', 'seq': '2', 'end': 28249.93, 'start': 28249.34}]",0,0,[],[]
28249930,28251120,CHI,CHN,0.0,830,CIOCX,RC,0,NT,FH,1.0,500,-21.65,-12.3,"[{'Canonical-syllable': '0', 'Growl': '0', 'High-freq-energy': '0', 'Long-island': '0', 'Low-tilt-spectrum': '0', 'Medium-island': '1', 'Short-island': '0', 'Squeal': '0', 'Typical-entropy': '0', 'Voicing-quality': '1', 'Wide-band': '0', 'Xlong-island': '0', 'seq': '1', 'end': 28251.12, 'start': 28250.62}]",0,0,[],[]
28251120,28251980,OCH,CXN,0.0,830,CIOCX,EC,0,NT,FI,0.0,0,-24.08,-16.44,[],0,0,[],[]
28251980,28253180,NA,NOF,0.0,831,pause,NA,NA,NA,NA,0.0,0,-23.12,-4.06,[],0,0,[],[]
28253180,28254060,CHI,CHN,0.0,831,pause,NA,NA,NA,NA,0.0,0,-15.98,-11.69,[],0,880,"[{'start': 28253.18, 'end': 28254.06}]",[]
28254060,28254860,NA,OLF,0.0,831,pause,NA,NA,NA,NA,0.0,0,-40.89,-32.17,[],0,0,[],[]
28254860,28256900,CHI,CHN,0.0,831,pause,NA,NA,NA,NA,0.0,0,-15.26,-6.47,[],0,2040,"[{'start': 28254.86, 'end': 28256.9}]",[]
28256900,28257980,NA,NOF,0.0,831,pause,NA,NA,NA,NA,0.0,0,-41.03,-30.41,[],0,0,[],[]
28257980,28258830,NA,OLF,0.0,831,pause,NA,NA,NA,NA,0.0,0,-37.94,-31.18,[],0,0,[],[]
28258830,28265420,NA,NOF,0.0,831,pause,NA,NA,NA,NA,0.0,0,-26.86,-5.91,[],0,0,[],[]
28265420,28266660,NA,OLF,0.0,831,pause,NA,NA,NA,NA,0.0,0,-22.17,-9.87,[],0,0,[],[]
28266660,28267470,NA,NOF,0.0,831,pause,NA,NA,NA,NA,0.0,0,-25.12,-11.05,[],0,0,[],[]
28267470,28268330,NA,OLN,0.0,831,pause,NA,NA,NA,NA,0.0,0,-27.85,-17.52,[],0,0,[],[]
28268330,28269450,NA,NOF,0.0,831,pause,NA,NA,NA,NA,0.0,0,-37.99,-26.98,[],0,0,[],[]
28269450,28270250,NA,OLF,0.0,831,pause,NA,NA,NA,NA,0.0,0,-23.73,-10.63,[],0,0,[],[]
28270250,28271070,NA,NOF,0.0,831,pause,NA,NA,NA,NA,0.0,0,-39.14,-28.49,[],0,0,[],[]
28271070,28275200,CHI,CHN,0.0,831,pause,NA,NA,NA,NA,0.0,0,-17.97,-11.23,[],0,4040,"[{'start': 28271.07, 'end': 28275.11}]",[]
28275200,28276140,NA,NOF,0.0,831,pause,NA,NA,NA,NA,0.0,0,-45.48,-41.11,[],0,0,[],[]
28276140,28276740,CHI,CHN,0.0,831,CM,EC,0,NT,FI,1.0,280,-21.4,-13.54,"[{'Canonical-syllable': '1', 'Growl': '0', 'High-freq-energy': '0', 'Long-island': '0', 'Low-tilt-spectrum': '0', 'Medium-island': '0', 'Short-island': '1', 'Squeal': '0', 'Typical-entropy': '0', 'Voicing-quality': '1', 'Wide-band': '0', 'Xlong-island': '0', 'seq': '1', 'end': 28276.74, 'start': 28276.46}]",0,0,[],[]
28276740,28279360,NA,OLN,0.0,832,pause,NA,NA,NA,NA,0.0,0,-27.32,-14.71,[],0,0,[],[]
28279360,28280390,NA,NON,0.0,832,pause,NA,NA,NA,NA,0.0,0,-35.59,-20.41,[],0,0,[],[]
28280390,28281390,NA,MAF,0.0,832,pause,NA,NA,NA,NA,0.0,0,-42.83,-33.2,[],0,0,[],[]
28281390,28282350,NA,SIL,0.0,832,pause,NA,NA,NA,NA,0.0,0,-45.4,-38.44,[],0,0,[],[]
28282350,28284410,NA,NOF,0.0,832,pause,NA,NA,NA,NA,0.0,0,-44.25,-36.76,[],0,0,[],[]
28284410,28285210,NA,SIL,0.0,832,pause,NA,NA,NA,NA,0.0,0,-45.45,-40.96,[],0,0,[],[]
28285210,28286010,NA,NOF,0.0,832,pause,NA,NA,NA,NA,0.0,0,-44.15,-40.44,[],0,0,[],[]
28286010,28286770,CHI,CHN,0.0,832,CM,BC,0,NT,FI,1.0,760,-16.5,-11.4,"[{'Canonical-syllable': '0', 'Growl': '0', 'High-freq-energy': '0', 'Long-island': '1', 'Low-tilt-spectrum': '0', 'Medium-island': '0', 'Short-island': '0', 'Squeal': '0', 'Typical-entropy': '1', 'Voicing-quality': '1', 'Wide-band': '0', 'Xlong-island': '0', 'seq': '1', 'end': 28286.77, 'start': 28286.01}]",0,0,[],[]
28286770,28287700,NA,NOF,0.0,832,CM,NA,NA,NA,NA,0.0,0,-39.94,-32.69,[],0,0,[],[]
28287700,28288300,CHI,CHN,0.0,832,CM,RC,0,NT,FH,1.0,600,-18.02,-13.3,"[{'Canonical-syllable': '0', 'Growl': '0', 'High-freq-energy': '0', 'Long-island': '0', 'Low-tilt-spectrum': '0', 'Medium-island': '1', 'Short-island': '0', 'Squeal': '0', 'Typical-entropy': '0', 'Voicing-quality': '1', 'Wide-band': '0', 'Xlong-island': '0', 'seq': '1', 'end': 28288.3, 'start': 28287.82}]",0,0,[],[]
28288300,28290210,NA,OLN,0.0,832,CM,NA,NA,NA,NA,0.0,0,-16.69,-0.27,[],0,0,[],[]
28290210,28291010,NA,NON,0.0,832,CM,NA,NA,NA,NA,0.0,0,-25.62,-11.33,[],0,0,[],[]
28291010,28291610,CHI,CHN,0.0,832,CM,RC,0,NT,FH,1.0,600,-22.07,-15.32,"[{'Canonical-syllable': '0', 'Growl': '1', 'High-freq-energy': '1', 'Long-island': '0', 'Low-tilt-spectrum': '1', 'Medium-island': '1', 'Short-island': '0', 'Squeal': '0', 'Typical-entropy': '1', 'Voicing-quality': '1', 'Wide-band': '1', 'Xlong-island': '0', 'seq': '1', 'end': 28291.61, 'start': 28291.01}]",0,0,[],[]
28291610,28292410,NA,NON,0.0,832,CM,NA,NA,NA,NA,0.0,0,-24.6,-14.63,[],0,0,[],[]
28292410,28293240,NA,OLN,0.0,832,CM,NA,NA,NA,NA,0.0,0,-20.71,-11.97,[],0,0,[],[]
28293240,28294730,NA,NOF,0.0,832,CM,NA,NA,NA,NA,0.0,0,-35.85,-19.53,[],0,0,[],[]
28294730,28295330,CHI,CHN,0.0,832,CM,EC,0,NT,FH,1.0,200,-25.0,-16.97,"[{'Canonical-syllable': '1', 'Growl': '0', 'High-freq-energy': '0', 'Long-island': '0', 'Low-tilt-spectrum': '0', 'Medium-island': '0', 'Short-island': '1', 'Squeal': '0', 'Typical-entropy': '0', 'Voicing-quality': '1', 'Wide-band': '0', 'Xlong-island': '0', 'seq': '1', 'end': 28295.33, 'start': 28295.13}]",0,0,[],[]
28295330,28296640,NA,NON,0.0,833,pause,NA,NA,NA,NA,0.0,0,-35.61,-29.33,[],0,0,[],[]
28296640,28300370,NA,SIL,0.0,833,pause,NA,NA,NA,NA,0.0,0,-49.91,-40.35,[],0,0,[],[]
28300370,28301180,NA,TVF,0.0,833,pause,NA,NA,NA,NA,0.0,0,-50.46,-42.29,[],0,0,[],[]
28301180,28302790,NA,SIL,0.0,833,pause,NA,NA,NA,NA,0.0,0,-50.69,-43.33,[],0,0,[],[]
28302790,28303600,NA,TVF,0.0,833,pause,NA,NA,NA,NA,0.0,0,-50.07,-43.99,[],0,0,[],[]
28303600,28304200,CHI,CHN,0.0,833,CIOCX,BC,0,NT,FI,1.0,140,-36.5,-26.63,"[{'Canonical-syllable': '0', 'Growl': '0', 'High-freq-energy': '0', 'Long-island': '0', 'Low-tilt-spectrum': '1', 'Medium-island': '0', 'Short-island': '1', 'Squeal': '0', 'Typical-entropy': '0', 'Voicing-quality': '1', 'Wide-band': '1', 'Xlong-island': '0', 'seq': '1', 'end': 28304.13, 'start': 28303.99}]",0,0,[],[]
28304200,28308630,NA,SIL,0.0,833,CIOCX,NA,NA,NA,NA,0.0,0,-50.31,-33.39,[],0,0,[],[]
28308630,28309490,NA,CHF,0.0,833,CIOCX,RC,0,NT,FH,1.0,860,-48.34,-37.52,"[{'Canonical-syllable': '0', 'Growl': '1', 'High-freq-energy': '0', 'Long-island': '1', 'Low-tilt-spectrum': '1', 'Medium-island': '0', 'Short-island': '0', 'Squeal': '0', 'Typical-entropy': '0', 'Voicing-quality': '1', 'Wide-band': '0', 'Xlong-island': '0', 'seq': '1', 'end': 28309.49, 'start': 28308.63}]",0,0,[],[]
28309490,28310700,NA,SIL,0.0,833,CIOCX,NA,NA,NA,NA,0.0,0,-49.72,-36.0,[],0,0,[],[]
28310700,28311300,CHI,CHN,0.0,833,CIOCX,RC,0,NT,FH,1.0,430,-23.98,-13.98,"[{'Canonical-syllable': '1', 'Growl': '0', 'High-freq-energy': '0', 'Long-island': '0', 'Low-tilt-spectrum': '0', 'Medium-island': '0', 'Short-island': '1', 'Squeal': '0', 'Typical-entropy': '0', 'Voicing-quality': '1', 'Wide-band': '0', 'Xlong-island': '0', 'seq': '1', 'end': 28311.13, 'start': 28310.92}]",0,0,[],[]
28311300,28312800,NA,SIL,0.0,833,CIOCX,NA,NA,NA,NA,0.0,0,-50.79,-45.67,[],0,0,[],[]
28312800,28313720,NA,NOF,0.0,833,CIOCX,NA,NA,NA,NA,0.0,0,-49.24,-40.23,[],0,0,[],[]
28313720,28314740,CHI,CHN,0.0,833,CIOCX,RC,0,NT,FH,1.0,1020,-17.99,-11.57,"[{'Canonical-syllable': '1', 'Growl': '0', 'High-freq-energy': '0', 'Long-island': '0', 'Low-tilt-spectrum': '0', 'Medium-island': '1', 'Short-island': '1', 'Squeal': '0', 'Typical-entropy': '0', 'Voicing-quality': '2', 'Wide-band': '0', 'Xlong-island': '0', 'seq': '1', 'end': 28314.74, 'start': 28313.72}]",0,0,[],[]
28314740,28315540,NA,NON,0.0,833,CIOCX,NA,NA,NA,NA,0.0,0,-27.34,-11.01,[],0,0,[],[]
28315540,28316140,CHI,CHN,0.0,833,CIOCX,RC,0,NT,FH,1.0,600,-17.73,-11.51,"[{'Canonical-syllable': '1', 'Growl': '0', 'High-freq-energy': '0', 'Long-island': '0', 'Low-tilt-spectrum': '1', 'Medium-island': '0', 'Short-island': '1', 'Squeal': '0', 'Typical-entropy': '1', 'Voicing-quality': '2', 'Wide-band': '0', 'Xlong-island': '0', 'seq': '1', 'end': 28316.14, 'start': 28315.64}]",0,0,[],[]
28316140,28316960,NA,NON,0.0,833,CIOCX,NA,NA,NA,NA,0.0,0,-24.44,-11.75,[],0,0,[],[]
28316960,28318590,CHI,CHN,0.0,833,CIOCX,RC,0,NT,FH,1.0,1630,-16.05,-7.72,"[{'Canonical-syllable': '1', 'Growl': '0', 'High-freq-energy': '0', 'Long-island': '0', 'Low-tilt-spectrum': '1', 'Medium-island': '0', 'Short-island': '1', 'Squeal': '0', 'Typical-entropy': '2', 'Voicing-quality': '2', 'Wide-band': '0', 'Xlong-island': '1', 'seq': '1', 'end': 28318.59, 'start': 28316.96}]",0,0,[],[]
28318590,28319390,NA,NOF,0.0,833,CIOCX,NA,NA,NA,NA,0.0,0,-39.99,-26.67,[],0,0,[],[]
28319390,28320000,CHI,CHN,0.0,833,CIOCX,RC,0,NT,FH,1.0,610,-24.17,-18.24,"[{'Canonical-syllable': '1', 'Growl': '0', 'High-freq-energy': '0', 'Long-island': '0', 'Low-tilt-spectrum': '0', 'Medium-island': '1', 'Short-island': '1', 'Squeal': '0', 'Typical-entropy': '0', 'Voicing-quality': '2', 'Wide-band': '0', 'Xlong-island': '0', 'seq': '1', 'end': 28320.0, 'start': 28319.39}]",0,0,[],[]
28320000,28320880,NA,NOF,0.0,833,CIOCX,NA,NA,NA,NA,0.0,0,-42.26,-32.78,[],0,0,[],[]
28320880,28321680,NA,OLF,0.0,833,CIOCX,NA,NA,NA,NA,0.0,0,-39.86,-34.11,[],0,0,[],[]
28321680,28322490,OCH,CXN,0.0,833,CIOCX,RC,0,NT,FI,0.0,0,-20.62,-13.38,[],0,0,[],[]
28322490,28323380,NA,NOF,0.0,833,CIOCX,NA,NA,NA,NA,0.0,0,-40.59,-25.98,[],0,0,[],[]
28323380,28324180,OCH,CXN,0.0,833,CIOCX,EC,0,NT,FH,0.0,0,-32.95,-28.13,[],0,0,[],[]
28324180,28325100,NA,OLN,0.0,834,pause,NA,NA,NA,NA,0.0,0,-30.53,-20.02,[],0,0,[],[]
28325100,28326480,NA,NOF,0.0,834,pause,NA,NA,NA,NA,0.0,0,-22.93,-5.28,[],0,0,[],[]
28326480,28328260,NA,OLN,0.0,834,pause,NA,NA,NA,NA,0.0,0,-16.52,-4.22,[],0,0,[],[]
28328260,28330100,CHI,CHN,0.0,834,pause,NA,NA,NA,NA,0.0,0,-15.08,-11.35,[],0,1840,"[{'start': 28328.26, 'end': 28330.1}]",[]
28330100,28332520,NA,NOF,0.0,834,pause,NA,NA,NA,NA,0.0,0,-33.8,-17.84,[],0,0,[],[]
28332520,28333600,CHI,CHN,0.0,834,pause,NA,NA,NA,NA,0.0,0,-15.96,-11.01,[],0,760,"[{'start': 28332.75, 'end': 28333.51}]",[]
28333600,28334400,NA,NOF,0.0,834,pause,NA,NA,NA,NA,0.0,0,-43.08,-35.73,[],0,0,[],[]
28334400,28335200,NA,SIL,0.0,834,pause,NA,NA,NA,NA,0.0,0,-46.86,-40.46,[],0,0,[],[]
28335200,28336200,NA,TVF,0.0,834,pause,NA,NA,NA,NA,0.0,0,-46.48,-41.34,[],0,0,[],[]
28336200,28344120,NA,NOF,0.0,834,pause,NA,NA,NA,NA,0.0,0,-37.6,-13.78,[],0,0,[],[]
28344120,28345330,CHI,CHN,0.0,834,pause,NA,NA,NA,NA,0.0,0,-17.63,-8.2,[],0,1050,"[{'start': 28344.12, 'end': 28345.17}]",[]
28345330,28346260,NA,SIL,0.0,834,pause,NA,NA,NA,NA,0.0,0,-48.6,-43.37,[],0,0,[],[]
28346260,28347010,FEM,FAN,0.5,834,AIOCF,BC,0,NT,FI,0.0,0,-31.94,-21.55,[],0,0,[],[]
28347010,28348010,FEM,FAN,1.87,834,AIOCF,RC,0,NT,FH,0.0,0,-34.83,-25.24,[],0,0,[],[]
28348010,28349300,NA,NOF,0.0,834,AIOCF,NA,NA,NA,NA,0.0,0,-47.31,-41.46,[],0,0,[],[]
28349300,28350660,OCH,CXN,0.0,834,AIOCF,EC,0,NT,FI,0.0,0,-23.41,-12.0,[],0,0,[],[]
28350660,28351670,NA,TVF,0.0,835,pause,NA,NA,NA,NA,0.0,0,-44.77,-38.08,[],0,0,[],[]
28351670,28352800,NA,SIL,0.0,835,pause,NA,NA,NA,NA,0.0,0,-48.87,-41.02,[],0,0,[],[]
28352800,28353770,NA,NOF,0.0,835,pause,NA,NA,NA,NA,0.0,0,-47.88,-40.39,[],0,0,[],[]
28353770,28356180,NA,TVF,0.0,835,pause,NA,NA,NA,NA,0.0,0,-46.18,-41.02,[],0,0,[],[]
28356180,28356780,CHI,CHN,0.0,835,CIC,BC,0,NT,FI,1.0,600,-15.13,-12.26,"[{'Canonical-syllable': '0', 'Growl': '0', 'High-freq-energy': '0', 'Long-island': '0', 'Low-tilt-spectrum': '0', 'Medium-island': '1', 'Short-island': '0', 'Squeal': '0', 'Typical-entropy': '0', 'Voicing-quality': '1', 'Wide-band': '0', 'Xlong-island': '0', 'seq': '1', 'end': 28356.78, 'start': 28356.3}]",0,0,[],[]
28356780,28357580,OCH,CXN,0.0,835,CIC,RC,0,NT,FI,0.0,0,-20.11,-13.33,[],0,0,[],[]
28357580,28359500,FEM,FAN,8.17,835,CIC,RC,0,TIFI,FI,0.0,0,-24.11,-12.04,[],0,0,[],[]
28359500,28360570,NA,SIL,0.0,835,CIC,NA,NA,NA,NA,0.0,0,-46.66,-40.83,[],0,0,[],[]
28360570,28361590,CHI,CHN,0.0,835,CIC,EC,1,TIFR,FI,1.0,570,-22.04,-5.58,"[{'Canonical-syllable': '1', 'Growl': '1', 'High-freq-energy': '0', 'Long-island': '0', 'Low-tilt-spectrum': '1', 'Medium-island': '0', 'Short-island': '2', 'Squeal': '0', 'Typical-entropy': '1', 'Voicing-quality': '2', 'Wide-band': '0', 'Xlong-island': '0', 'seq': '1', 'end': 28361.49, 'start': 28360.92}]",0,0,[],[]
28361590,28362250,CHI,CHN,0.0,836,pause,NA,NA,NA,NA,0.0,0,-33.15,-25.99,[],0,190,"[{'start': 28362.06, 'end': 28362.25}]",[]
28362250,28363120,NA,OLF,0.0,836,pause,NA,NA,NA,NA,0.0,0,-19.01,-1.95,[],0,0,[],[]
28363120,28364380,CHI,CHN,0.0,836,pause,NA,NA,NA,NA,0.0,0,-19.67,-14.65,[],0,1260,"[{'start': 28363.12, 'end': 28364.38}]",[]
28364380,28365580,NA,OLN,0.0,836,pause,NA,NA,NA,NA,0.0,0,-25.57,-16.74,[],0,0,[],[]
28365580,28366810,NA,NOF,0.0,836,pause,NA,NA,NA,NA,0.0,0,-36.49,-24.4,[],0,0,[],[]
28366810,28368310,CHI,CHN,0.0,836,pause,NA,NA,NA,NA,0.0,0,-15.2,-8.3,[],0,1500,"[{'start': 28366.81, 'end': 28367.92}]","[{'start': 28367.92, 'end': 28368.31}]"
28368310,28369230,NA,OLN,0.0,836,pause,NA,NA,NA,NA,0.0,0,-22.39,-11.63,[],0,0,[],[]
28369230,28370740,NA,NON,0.0,836,pause,NA,NA,NA,NA,0.0,0,-32.94,-15.89,[],0,0,[],[]
28370740,28371610,NA,OLN,0.0,836,pause,NA,NA,NA,NA,0.0,0,-32.84,-19.28,[],0,0,[],[]
28371610,28372230,CHI,CHN,0.0,836,CIOCX,BC,0,NT,FI,1.0,330,-26.47,-19.26,"[{'Canonical-syllable': '0', 'Growl': '0', 'High-freq-energy': '0', 'Long-island': '0', 'Low-tilt-spectrum': '0', 'Medium-island': '1', 'Short-island': '0', 'Squeal': '0', 'Typical-entropy': '1', 'Voicing-quality': '1', 'Wide-band': '0', 'Xlong-island': '0', 'seq': '1', 'end': 28371.94, 'start': 28371.61}]",0,0,[],[]
28372230,28373380,NA,OLF,0.0,836,CIOCX,NA,NA,NA,NA,0.0,0,-40.7,-26.4,[],0,0,[],[]
28373380,28374180,NA,NON,0.0,836,CIOCX,NA,NA,NA,NA,0.0,0,-23.17,-10.56,[],0,0,[],[]
28374180,28374980,NA,OLN,0.0,836,CIOCX,NA,NA,NA,NA,0.0,0,-22.07,-8.53,[],0,0,[],[]
28374980,28375780,NA,NON,0.0,836,CIOCX,NA,NA,NA,NA,0.0,0,-15.01,-3.14,[],0,0,[],[]
28375780,28377070,NA,OLN,0.0,836,CIOCX,NA,NA,NA,NA,0.0,0,-34.21,-26.15,[],0,0,[],[]
28377070,28377960,OCH,CXN,0.0,836,CIOCX,EC,0,NT,FI,0.0,0,-28.19,-21.54,[],0,0,[],[]
28377960,28378760,NA,OLN,0.0,837,pause,NA,NA,NA,NA,0.0,0,-36.28,-29.82,[],0,0,[],[]
28378760,28380210,NA,NOF,0.0,837,pause,NA,NA,NA,NA,0.0,0,-22.95,-5.62,[],0,0,[],[]
28380210,28381080,NA,OLN,0.0,837,pause,NA,NA,NA,NA,0.0,0,-28.33,-22.3,[],0,0,[],[]
28381080,28382240,NA,NON,0.0,837,pause,NA,NA,NA,NA,0.0,0,-35.1,-21.01,[],0,0,[],[]
28382240,28384760,NA,OLN,0.0,837,pause,NA,NA,NA,NA,0.0,0,-27.47,-6.15,[],0,0,[],[]
28384760,28385640,NA,OLF,0.0,837,pause,NA,NA,NA,NA,0.0,0,-37.84,-25.12,[],0,0,[],[]
28385640,28386440,NA,OLN,0.0,837,pause,NA,NA,NA,NA,0.0,0,-36.0,-26.48,[],0,0,[],[]
28386440,28389970,NA,NOF,0.0,837,pause,NA,NA,NA,NA,0.0,0,-31.69,-8.2,[],0,0,[],[]
28389970,28390700,CHI,CHN,0.0,837,pause,NA,NA,NA,NA,0.0,0,-15.8,-9.65,[],0,560,"[{'start': 28390.14, 'end': 28390.7}]",[]
28390700,28391900,NA,OLN,0.0,837,pause,NA,NA,NA,NA,0.0,0,-30.13,-19.1,[],0,0,[],[]
28391900,28393260,CHI,CHN,0.0,837,pause,NA,NA,NA,NA,0.0,0,-12.78,-4.05,[],0,1130,"[{'start': 28391.9, 'end': 28393.03}]",[]
28393260,28394260,NA,NOF,0.0,837,pause,NA,NA,NA,NA,0.0,0,-27.51,-14.26,[],0,0,[],[]
28394260,28395190,NA,OLN,0.0,837,pause,NA,NA,NA,NA,0.0,0,-26.77,-13.89,[],0,0,[],[]
28395190,28395990,NA,NON,0.0,837,pause,NA,NA,NA,NA,0.0,0,-37.32,-26.17,[],0,0,[],[]
28395990,28396790,NA,OLN,0.0,837,pause,NA,NA,NA,NA,0.0,0,-35.24,-25.75,[],0,0,[],[]
28396790,28398010,NA,NOF,0.0,837,pause,NA,NA,NA,NA,0.0,0,-41.18,-34.52,[],0,0,[],[]
28398010,28400510,NA,OLN,0.0,837,pause,NA,NA,NA,NA,0.0,0,-33.8,-23.08,[],0,0,[],[]
28400510,28401310,CHI,CHN,0.0,837,pause,NA,NA,NA,NA,0.0,0,-13.16,-2.48,[],0,800,"[{'start': 28400.51, 'end': 28401.31}]",[]
28401310,28403700,CHI,CHN,0.0,837,CIOCX,BC,0,NT,FI,1.0,2390,-16.3,-7.73,"[{'Canonical-syllable': '0', 'Growl': '0', 'High-freq-energy': '1', 'Long-island': '0', 'Low-tilt-spectrum': '4', 'Medium-island': '2', 'Short-island': '2', 'Squeal': '0', 'Typical-entropy': '4', 'Voicing-quality': '3', 'Wide-band': '0', 'Xlong-island': '0', 'seq': '1', 'end': 28403.7, 'start': 28401.56}]",0,0,[],[]
28403700,28404510,OCH,CXN,0.0,837,CIOCX,EC,0,NT,FI,0.0,0,-23.67,-11.46,[],0,0,[],[]
28404510,28405610,CHI,CHN,0.0,838,pause,NA,NA,NA,NA,0.0,0,-17.96,-11.63,[],0,940,"[{'start': 28404.67, 'end': 28405.61}]",[]
28405610,28408030,NA,OLN,0.0,838,pause,NA,NA,NA,NA,0.0,0,-20.05,-2.37,[],0,0,[],[]
28408030,28408830,CHI,CHN,0.0,838,pause,NA,NA,NA,NA,0.0,0,-25.37,-18.94,[],0,540,"[{'start': 28408.29, 'end': 28408.83}]",[]
28408830,28409790,NA,OLF,0.0,838,pause,NA,NA,NA,NA,0.0,0,-19.7,-6.29,[],0,0,[],[]
28409790,28411240,NA,OLN,0.0,838,pause,NA,NA,NA,NA,0.0,0,-32.44,-19.92,[],0,0,[],[]
28411240,28412340,CHI,CHN,0.0,838,pause,NA,NA,NA,NA,0.0,0,-27.12,-17.29,[],0,1100,"[{'start': 28411.24, 'end': 28412.34}]",[]
28412340,28413380,NA,NOF,0.0,838,pause,NA,NA,NA,NA,0.0,0,-35.46,-22.64,[],0,0,[],[]
28413380,28414180,OCH,CXN,0.0,838,XIC,BC,0,NT,FI,0.0,0,-31.3,-22.42,[],0,0,[],[]
28414180,28415190,NA,OLN,0.0,838,XIC,NA,NA,NA,NA,0.0,0,-23.75,-6.91,[],0,0,[],[]
28415190,28416400,OCH,CXN,0.0,838,XIC,RC,0,NT,FH,0.0,0,-23.33,-13.34,[],0,0,[],[]
28416400,28417780,NA,SIL,0.0,838,XIC,NA,NA,NA,NA,0.0,0,-50.75,-42.85,[],0,0,[],[]
28417780,28418620,NA,OLN,0.0,838,XIC,NA,NA,NA,NA,0.0,0,-20.88,-6.69,[],0,0,[],[]
28418620,28419440,OCH,CXN,0.0,838,XIC,RC,0,NT,FH,0.0,0,-26.97,-18.71,[],0,0,[],[]
28419440,28420240,NA,NOF,0.0,838,XIC,NA,NA,NA,NA,0.0,0,-40.13,-26.82,[],0,0,[],[]
28420240,28421690,CHI,CHN,0.0,838,XIC,NA,NA,NA,NA,0.0,0,-17.8,-11.36,[],0,1450,"[{'start': 28420.24, 'end': 28421.69}]",[]
28421690,28422490,NA,SIL,0.0,838,XIC,NA,NA,NA,NA,0.0,0,-50.25,-39.78,[],0,0,[],[]
28422490,28423550,FEM,FAN,7.85,838,XIC,RC,0,TIFI,FI,0.0,0,-38.57,-31.83,[],0,0,[],[]
28423550,28424370,CHI,CHN,0.0,838,XIC,RC,1,TIFR,FI,1.0,820,-21.99,-15.55,"[{'Canonical-syllable': '0', 'Growl': '0', 'High-freq-energy': '0', 'Long-island': '0', 'Low-tilt-spectrum': '1', 'Medium-island': '1', 'Short-island': '0', 'Squeal': '0', 'Typical-entropy': '1', 'Voicing-quality': '1', 'Wide-band': '0', 'Xlong-island': '0', 'seq': '1', 'end': 28424.37, 'start': 28423.78}]",0,0,[],[]
28424370,28425350,NA,OLN,0.0,838,XIC,NA,NA,NA,NA,0.0,0,-22.33,-10.99,[],0,0,[],[]
28425350,28427120,CHI,CHN,0.0,838,XIC,NA,NA,NA,NA,0.0,0,-19.18,-5.85,[],0,1670,"[{'start': 28425.35, 'end': 28427.02}]",[]
28427120,28427930,OCH,CXN,0.0,838,XIC,RC,1,NT,FI,0.0,0,-35.9,-28.44,[],0,0,[],[]
28427930,28428950,CHI,CHN,0.0,838,XIC,RC,1,NT,FI,2.0,580,-22.93,-15.43,"[{'Canonical-syllable': '0', 'Growl': '1', 'High-freq-energy': '0', 'Long-island': '0', 'Low-tilt-spectrum': '0', 'Medium-island': '0', 'Short-island': '1', 'Squeal': '0', 'Typical-entropy': '1', 'Voicing-quality': '0', 'Wide-band': '0', 'Xlong-island': '0', 'seq': '1', 'end': 28428.22, 'start': 28428.01}, {'Canonical-syllable': '0', 'Growl': '0', 'High-freq-energy': '0', 'Long-island': '0', 'Low-tilt-spectrum': '0', 'Medium-island': '0', 'Short-island': '1', 'Squeal': '0', 'Typical-entropy': '0', 'Voicing-quality': '1', 'Wide-band': '0', 'Xlong-island': '0', 'seq': '2', 'end': 28428.95, 'start': 28428.66}]",0,0,[],[]
28428950,28430140,CHI,CHN,0.0,838,XIC,RC,1,NT,FH,2.0,720,-21.53,-14.04,"[{'Canonical-syllable': '0', 'Growl': '0', 'High-freq-energy': '0', 'Long-island': '1', 'Low-tilt-spectrum': '1', 'Medium-island': '0', 'Short-island': '0', 'Squeal': '0', 'Typical-entropy': '1', 'Voicing-quality': '1', 'Wide-band': '0', 'Xlong-island': '0', 'seq': '1', 'end': 28429.59, 'start': 28428.95}, {'Canonical-syllable': '0', 'Growl': '0', 'High-freq-energy': '0', 'Long-island': '0', 'Low-tilt-spectrum': '0', 'Medium-island': '0', 'Short-island': '0', 'Squeal': '0', 'Typical-entropy': '0', 'Voicing-quality': '0', 'Wide-band': '0', 'Xlong-island': '0', 'seq': '2', 'end': 28430.14, 'start': 28430.06}]",0,0,[],[]
28430140,28431780,NA,OLF,0.0,838,XIC,NA,NA,NA,NA,0.0,0,-41.33,-30.95,[],0,0,[],[]
28431780,28432750,CHI,CHN,0.0,838,XIC,RC,1,NT,FH,2.0,360,-24.24,-14.06,"[{'Canonical-syllable': '0', 'Growl': '1', 'High-freq-energy': '0', 'Long-island': '0', 'Low-tilt-spectrum': '1', 'Medium-island': '0', 'Short-island': '1', 'Squeal': '0', 'Typical-entropy': '1', 'Voicing-quality': '0', 'Wide-band': '0', 'Xlong-island': '0', 'seq': '1', 'end': 28431.95, 'start': 28431.78}, {'Canonical-syllable': '0', 'Growl': '0', 'High-freq-energy': '0', 'Long-island': '0', 'Low-tilt-spectrum': '0', 'Medium-island': '0', 'Short-island': '1', 'Squeal': '0', 'Typical-entropy': '0', 'Voicing-quality': '1', 'Wide-band': '0', 'Xlong-island': '0', 'seq': '2', 'end': 28432.75, 'start': 28432.56}]",0,0,[],[]
28432750,28433550,NA,NON,0.0,838,XIC,NA,NA,NA,NA,0.0,0,-19.83,-7.98,[],0,0,[],[]
28433550,28434660,NA,OLN,0.0,838,XIC,NA,NA,NA,NA,0.0,0,-24.13,-14.26,[],0,0,[],[]
28434660,28435460,OCH,CXN,0.0,838,XIC,RC,1,NT,FI,0.0,0,-18.63,-11.66,[],0,0,[],[]
28435460,28436220,CHI,CHN,0.0,838,XIC,EC,1,NT,FI,1.0,760,-20.37,-15.0,"[{'Canonical-syllable': '0', 'Growl': '0', 'High-freq-energy': '0', 'Long-island': '1', 'Low-tilt-spectrum': '1', 'Medium-island': '0', 'Short-island': '0', 'Squeal': '0', 'Typical-entropy': '1', 'Voicing-quality': '1', 'Wide-band': '0', 'Xlong-island': '0', 'seq': '1', 'end': 28436.22, 'start': 28435.46}]",0,0,[],[]
28436220,28437610,NA,NOF,0.0,839,pause,NA,NA,NA,NA,0.0,0,-36.43,-20.7,[],0,0,[],[]
28437610,28440270,NA,OLN,0.0,839,pause,NA,NA,NA,NA,0.0,0,-24.24,-5.39,[],0,0,[],[]
28440270,28450960,NA,NOF,0.0,839,pause,NA,NA,NA,NA,0.0,0,-30.61,-3.94,[],0,0,[],[]
28450960,28454250,NA,SIL,0.0,839,pause,NA,NA,NA,NA,0.0,0,-51.92,-45.49,[],0,0,[],[]
28454250,28455200,NA,NOF,0.0,839,pause,NA,NA,NA,NA,0.0,0,-41.26,-31.0,[],0,0,[],[]
28455200,28455810,CHI,CHN,0.0,839,CM,EC,0,NT,FI,1.0,260,-21.07,-12.2,"[{'Canonical-syllable': '0', 'Growl': '0', 'High-freq-energy': '0', 'Long-island': '0', 'Low-tilt-spectrum': '0', 'Medium-island': '0', 'Short-island': '1', 'Squeal': '1', 'Typical-entropy': '1', 'Voicing-quality': '1', 'Wide-band': '0', 'Xlong-island': '0', 'seq': '1', 'end': 28455.81, 'start': 28455.55}]",0,0,[],[]
28455810,28456670,NA,NOF,0.0,840,pause,NA,NA,NA,NA,0.0,0,-46.38,-37.73,[],0,0,[],[]
28456670,28463280,NA,SIL,0.0,840,pause,NA,NA,NA,NA,0.0,0,-51.29,-44.82,[],0,0,[],[]
28463280,28464480,NA,NOF,0.0,840,pause,NA,NA,NA,NA,0.0,0,-46.1,-36.41,[],0,0,[],[]
28464480,28465460,NA,OLN,0.0,840,pause,NA,NA,NA,NA,0.0,0,-19.72,-8.77,[],0,0,[],[]
28465460,28467060,NA,NOF,0.0,840,pause,NA,NA,NA,NA,0.0,0,-29.55,-10.89,[],0,0,[],[]
28467060,28467920,NA,SIL,0.0,840,pause,NA,NA,NA,NA,0.0,0,-51.2,-47.35,[],0,0,[],[]
28467920,28471500,NA,NOF,0.0,840,pause,NA,NA,NA,NA,0.0,0,-45.76,-27.96,[],0,0,[],[]
28471500,28472650,NA,SIL,0.0,840,pause,NA,NA,NA,NA,0.0,0,-47.63,-35.26,[],0,0,[],[]
28472650,28473900,NA,NOF,0.0,840,pause,NA,NA,NA,NA,0.0,0,-30.82,-13.54,[],0,0,[],[]
28473900,28475600,OCH,CXN,0.0,840,XIOCA,BC,0,NT,FI,0.0,0,-16.12,-10.75,[],0,0,[],[]
28475600,28476400,NA,OLN,0.0,840,XIOCA,NA,NA,NA,NA,0.0,0,-19.2,-10.34,[],0,0,[],[]
28476400,28477400,FEM,FAN,5.63,840,XIOCA,RC,0,NT,FI,0.0,0,-31.58,-25.07,[],0,0,[],[]
28477400,28478410,CHI,CHN,0.0,840,XIOCA,NA,NA,NA,NA,0.0,0,-13.2,-4.8,[],0,920,"[{'start': 28477.4, 'end': 28478.32}]",[]
28478410,28479270,OCH,CXN,0.0,840,XIOCA,RC,0,NT,FI,0.0,0,-32.73,-27.52,[],0,0,[],[]
28479270,28480270,FEM,FAN,0.0,840,XIOCA,NA,NA,NA,NA,0.0,0,-39.58,-32.22,[],1000,0,[],[]
28480270,28481350,NA,OLN,0.0,840,XIOCA,NA,NA,NA,NA,0.0,0,-30.55,-18.34,[],0,0,[],[]
28481350,28482350,FEM,FAN,2.5,840,XIOCA,EC,0,NT,FI,0.0,0,-38.6,-30.47,[],0,0,[],[]
28482350,28484990,NA,NOF,0.0,841,pause,NA,NA,NA,NA,0.0,0,-41.38,-22.46,[],0,0,[],[]
28484990,28485790,NA,SIL,0.0,841,pause,NA,NA,NA,NA,0.0,0,-49.36,-45.25,[],0,0,[],[]
28485790,28496530,NA,NOF,0.0,841,pause,NA,NA,NA,NA,0.0,0,-41.84,-23.79,[],0,0,[],[]
28496530,28497820,NA,SIL,0.0,841,pause,NA,NA,NA,NA,0.0,0,-50.72,-41.15,[],0,0,[],[]
28497820,28498860,NA,NOF,0.0,841,pause,NA,NA,NA,NA,0.0,0,-48.08,-39.39,[],0,0,[],[]
28498860,28499760,NA,SIL,0.0,841,pause,NA,NA,NA,NA,0.0,0,-49.11,-38.09,[],0,0,[],[]
28499760,28501700,NA,NOF,0.0,841,pause,NA,NA,NA,NA,0.0,0,-44.11,-28.77,[],0,0,[],[]
28501700,28502810,NA,SIL,0.0,841,pause,NA,NA,NA,NA,0.0,0,-50.12,-39.63,[],0,0,[],[]
28502810,28508600,NA,NOF,0.0,841,pause,NA,NA,NA,NA,0.0,0,-38.09,-19.47,[],0,0,[],[]
28508600,28509410,NA,SIL,0.0,841,pause,NA,NA,NA,NA,0.0,0,-49.11,-39.86,[],0,0,[],[]
28509410,28511180,NA,NOF,0.0,841,pause,NA,NA,NA,NA,0.0,0,-44.45,-30.85,[],0,0,[],[]
28511180,28512010,NA,SIL,0.0,841,pause,NA,NA,NA,NA,0.0,0,-50.94,-44.82,[],0,0,[],[]
28512010,28513570,NA,NOF,0.0,841,pause,NA,NA,NA,NA,0.0,0,-47.71,-41.36,[],0,0,[],[]
28513570,28514830,CHI,CHN,0.0,841,CIOCX,BC,0,NT,FI,1.0,1260,-15.03,-2.45,"[{'Canonical-syllable': '0', 'Growl': '1', 'High-freq-energy': '0', 'Long-island': '1', 'Low-tilt-spectrum': '1', 'Medium-island': '0', 'Short-island': '1', 'Squeal': '0', 'Typical-entropy': '1', 'Voicing-quality': '2', 'Wide-band': '0', 'Xlong-island': '0', 'seq': '1', 'end': 28514.83, 'start': 28513.57}]",0,0,[],[]
28514830,28515670,NA,OLN,0.0,841,CIOCX,NA,NA,NA,NA,0.0,0,-27.79,-19.44,[],0,0,[],[]
28515670,28517140,CHI,CHN,0.0,841,CIOCX,RC,0,NT,FH,2.0,810,-19.28,-12.23,"[{'Canonical-syllable': '0', 'Growl': '0', 'High-freq-energy': '0', 'Long-island': '0', 'Low-tilt-spectrum': '0', 'Medium-island': '1', 'Short-island': '0', 'Squeal': '0', 'Typical-entropy': '0', 'Voicing-quality': '1', 'Wide-band': '0', 'Xlong-island': '0', 'seq': '1', 'end': 28516.07, 'start': 28515.67}, {'Canonical-syllable': '0', 'Growl': '0', 'High-freq-energy': '0', 'Long-island': '0', 'Low-tilt-spectrum': '0', 'Medium-island': '1', 'Short-island': '0', 'Squeal': '0', 'Typical-entropy': '0', 'Voicing-quality': '1', 'Wide-band': '0', 'Xlong-island': '0', 'seq': '2', 'end': 28517.14, 'start': 28516.73}]",0,0,[],[]
28517140,28518190,OCH,CXN,0.0,841,CIOCX,RC,0,NT,FI,0.0,0,-21.68,-16.04,[],0,0,[],[]
28518190,28521170,NA,SIL,0.0,841,CIOCX,NA,NA,NA,NA,0.0,0,-48.95,-41.44,[],0,0,[],[]
28521170,28523020,CHI,CHN,0.0,841,CIOCX,RC,0,NT,FI,1.0,1850,-19.17,-10.83,"[{'Canonical-syllable': '0', 'Growl': '0', 'High-freq-energy': '0', 'Long-island': '0', 'Low-tilt-spectrum': '0', 'Medium-island': '3', 'Short-island': '0', 'Squeal': '0', 'Typical-entropy': '2', 'Voicing-quality': '3', 'Wide-band': '0', 'Xlong-island': '0', 'seq': '1', 'end': 28523.02, 'start': 28521.42}]",0,0,[],[]
28523020,28523820,NA,NOF,0.0,841,CIOCX,NA,NA,NA,NA,0.0,0,-44.14,-34.77,[],0,0,[],[]
28523820,28525630,CHI,CHN,0.0,841,CIOCX,RC,0,NT,FH,1.0,1670,-19.95,-12.33,"[{'Canonical-syllable': '2', 'Growl': '0', 'High-freq-energy': '0', 'Long-island': '0', 'Low-tilt-spectrum': '0', 'Medium-island': '2', 'Short-island': '1', 'Squeal': '0', 'Typical-entropy': '1', 'Voicing-quality': '3', 'Wide-band': '0', 'Xlong-island': '0', 'seq': '1', 'end': 28525.49, 'start': 28523.82}]",0,0,[],[]
28525630,28526480,NA,SIL,0.0,841,CIOCX,NA,NA,NA,NA,0.0,0,-51.68,-47.41,[],0,0,[],[]
28526480,28528170,CHI,CHN,0.0,841,CIOCX,RC,0,NT,FH,1.0,1690,-22.32,-14.53,"[{'Canonical-syllable': '1', 'Growl': '0', 'High-freq-energy': '0', 'Long-island': '0', 'Low-tilt-spectrum': '0', 'Medium-island': '3', 'Short-island': '0', 'Squeal': '0', 'Typical-entropy': '1', 'Voicing-quality': '3', 'Wide-band': '0', 'Xlong-island': '0', 'seq': '1', 'end': 28528.17, 'start': 28526.48}]",0,0,[],[]
28528170,28529060,NA,SIL,0.0,841,CIOCX,NA,NA,NA,NA,0.0,0,-51.28,-47.96,[],0,0,[],[]
28529060,28530740,CHI,CHN,0.0,841,CIOCX,RC,0,NT,FH,1.0,1680,-27.56,-21.31,"[{'Canonical-syllable': '0', 'Growl': '0', 'High-freq-energy': '0', 'Long-island': '1', 'Low-tilt-spectrum': '1', 'Medium-island': '1', 'Short-island': '1', 'Squeal': '0', 'Typical-entropy': '0', 'Voicing-quality': '3', 'Wide-band': '0', 'Xlong-island': '0', 'seq': '1', 'end': 28530.74, 'start': 28529.06}]",0,0,[],[]
28530740,28531540,NA,SIL,0.0,841,CIOCX,NA,NA,NA,NA,0.0,0,-51.85,-43.73,[],0,0,[],[]
28531540,28532660,CHI,CHN,0.0,841,CIOCX,RC,0,NT,FH,1.0,390,-29.08,-22.27,"[{'Canonical-syllable': '1', 'Growl': '0', 'High-freq-energy': '0', 'Long-island': '0', 'Low-tilt-spectrum': '0', 'Medium-island': '1', 'Short-island': '0', 'Squeal': '0', 'Typical-entropy': '0', 'Voicing-quality': '1', 'Wide-band': '0', 'Xlong-island': '0', 'seq': '1', 'end': 28532.51, 'start': 28532.12}]",0,0,[],[]
28532660,28533520,NA,NOF,0.0,841,CIOCX,NA,NA,NA,NA,0.0,0,-46.69,-36.96,[],0,0,[],[]
28533520,28535270,NA,SIL,0.0,841,CIOCX,NA,NA,NA,NA,0.0,0,-51.93,-44.22,[],0,0,[],[]
28535270,28536850,OCH,CXN,0.0,841,CIOCX,EC,0,NT,FI,0.0,0,-29.42,-20.43,[],0,0,[],[]
28536850,28537850,NA,NON,0.0,842,pause,NA,NA,NA,NA,0.0,0,-32.15,-15.11,[],0,0,[],[]
28537850,28538650,NA,OLN,0.0,842,pause,NA,NA,NA,NA,0.0,0,-22.16,-9.23,[],0,0,[],[]
28538650,28539450,NA,NOF,0.0,842,pause,NA,NA,NA,NA,0.0,0,-16.89,-3.29,[],0,0,[],[]
28539450,28541470,NA,SIL,0.0,842,pause,NA,NA,NA,NA,0.0,0,-50.96,-45.47,[],0,0,[],[]
28541470,28552420,NA,NOF,0.0,842,pause,NA,NA,NA,NA,0.0,0,-26.76,-4.25,[],0,0,[],[]
28552420,28553350,NA,SIL,0.0,842,pause,NA,NA,NA,NA,0.0,0,-46.61,-42.64,[],0,0,[],[]
28553350,28556270,NA,NOF,0.0,842,pause,NA,NA,NA,NA,0.0,0,-31.69,-10.4,[],0,0,[],[]
28556270,28557430,NA,SIL,0.0,842,pause,NA,NA,NA,NA,0.0,0,-50.76,-45.95,[],0,0,[],[]
28557430,28558430,NA,MAF,0.0,842,pause,NA,NA,NA,NA,0.0,0,-42.53,-35.92,[],0,0,[],[]
28558430,28560030,NA,NOF,0.0,842,pause,NA,NA,NA,NA,0.0,0,-46.38,-32.64,[],0,0,[],[]
28560030,28560890,OCH,CXN,0.0,842,XM,EC,0,NT,FI,0.0,0,-22.53,-19.25,[],0,0,[],[]
28560890,28567940,NA,NOF,0.0,843,pause,NA,NA,NA,NA,0.0,0,-31.28,-6.56,[],0,0,[],[]
28567940,28568740,NA,OLF,0.0,843,pause,NA,NA,NA,NA,0.0,0,-37.52,-27.42,[],0,0,[],[]
28568740,28576820,NA,NOF,0.0,843,pause,NA,NA,NA,NA,0.0,0,-31.91,-5.81,[],0,0,[],[]
28576820,28577620,NA,SIL,0.0,843,pause,NA,NA,NA,NA,0.0,0,-50.33,-45.2,[],0,0,[],[]
28577620,28578420,NA,NOF,0.0,843,pause,NA,NA,NA,NA,0.0,0,-46.74,-36.34,[],0,0,[],[]
28578420,28579020,NA,OLN,0.0,843,pause,NA,NA,NA,NA,0.0,0,-33.47,-25.23,[],0,0,[],[]
28579020,28580630,NA,NOF,0.0,843,pause,NA,NA,NA,NA,0.0,0,-47.79,-41.58,[],0,0,[],[]
28580630,28582370,NA,SIL,0.0,843,pause,NA,NA,NA,NA,0.0,0,-51.45,-44.78,[],0,0,[],[]
28582370,28584110,NA,NOF,0.0,843,pause,NA,NA,NA,NA,0.0,0,-42.9,-29.38,[],0,0,[],[]
28584110,28585960,NA,SIL,0.0,843,pause,NA,NA,NA,NA,0.0,0,-51.36,-46.13,[],0,0,[],[]
28585960,28586760,NA,NOF,0.0,843,pause,NA,NA,NA,NA,0.0,0,-51.03,-46.37,[],0,0,[],[]
28586760,28590740,NA,SIL,0.0,843,pause,NA,NA,NA,NA,0.0,0,-49.99,-36.77,[],0,0,[],[]
28590740,28591550,OCH,CXN,0.0,843,XIOCC,BC,0,NT,FI,0.0,0,-24.69,-14.77,[],0,0,[],[]
28591550,28592410,NA,NOF,0.0,843,XIOCC,NA,NA,NA,NA,0.0,0,-41.56,-34.65,[],0,0,[],[]
28592410,28593310,CHI,CHN,0.0,843,XIOCC,RC,0,NT,FI,1.0,560,-20.41,-12.84,"[{'Canonical-syllable': '1', 'Growl': '0', 'High-freq-energy': '0', 'Long-island': '0', 'Low-tilt-spectrum': '0', 'Medium-island': '1', 'Short-island': '0', 'Squeal': '0', 'Typical-entropy': '1', 'Voicing-quality': '2', 'Wide-band': '0', 'Xlong-island': '0', 'seq': '1', 'end': 28592.97, 'start': 28592.41}]",0,0,[],[]
28593310,28594580,NA,SIL,0.0,843,XIOCC,NA,NA,NA,NA,0.0,0,-51.47,-46.79,[],0,0,[],[]
28594580,28595750,NA,NOF,0.0,843,XIOCC,NA,NA,NA,NA,0.0,0,-41.69,-32.35,[],0,0,[],[]
28595750,28598540,CHI,CHN,0.0,843,XIOCC,EC,0,NT,FH,2.0,2170,-19.42,-9.96,"[{'Canonical-syllable': '2', 'Growl': '0', 'High-freq-energy': '0', 'Long-island': '0', 'Low-tilt-spectrum': '0', 'Medium-island': '1', 'Short-island': '2', 'Squeal': '0', 'Typical-entropy': '1', 'Voicing-quality': '3', 'Wide-band': '0', 'Xlong-island': '0', 'seq': '1', 'end': 28596.84, 'start': 28595.75}, {'Canonical-syllable': '1', 'Growl': '0', 'High-freq-energy': '0', 'Long-island': '0', 'Low-tilt-spectrum': '0', 'Medium-island': '1', 'Short-island': '2', 'Squeal': '0', 'Typical-entropy': '2', 'Voicing-quality': '3', 'Wide-band': '0', 'Xlong-island': '0', 'seq': '2', 'end': 28598.46, 'start': 28597.38}]",0,0,[],[]
28598540,28600440,NA,NOF,0.0,844,pause,NA,NA,NA,NA,0.0,0,-45.74,-40.23,[],0,0,[],[]
28600440,28606620,NA,SIL,0.0,844,pause,NA,NA,NA,NA,0.0,0,-49.44,-29.58,[],0,0,[],[]
28606620,28609550,NA,NOF,0.0,844,pause,NA,NA,NA,NA,0.0,0,-46.44,-32.48,[],0,0,[],[]
28609550,28612180,NA,SIL,0.0,844,pause,NA,NA,NA,NA,0.0,0,-51.35,-45.53,[],0,0,[],[]
28612180,28612980,NA,NOF,0.0,844,pause,NA,NA,NA,NA,0.0,0,-41.85,-33.68,[],0,0,[],[]
28612980,28613580,FEM,FAN,2.81,844,AICF,BC,0,TIFI,FI,0.0,0,-24.99,-16.66,[],0,0,[],[]
28613580,28614480,NA,SIL,0.0,844,AICF,NA,NA,NA,NA,0.0,0,-50.16,-39.97,[],0,0,[],[]
28614480,28615340,NA,NON,0.0,844,AICF,NA,NA,NA,NA,0.0,0,-36.5,-25.58,[],0,0,[],[]
28615340,28616130,CHI,CHN,0.0,844,AICF,EC,1,TIFR,FI,1.0,620,-14.95,-9.39,"[{'Canonical-syllable': '0', 'Growl': '0', 'High-freq-energy': '0', 'Long-island': '1', 'Low-tilt-spectrum': '0', 'Medium-island': '0', 'Short-island': '0', 'Squeal': '0', 'Typical-entropy': '1', 'Voicing-quality': '1', 'Wide-band': '0', 'Xlong-island': '0', 'seq': '1', 'end': 28615.96, 'start': 28615.34}]",0,0,[],[]
28616130,28619730,NA,NOF,0.0,845,pause,NA,NA,NA,NA,0.0,0,-22.35,-4.61,[],0,0,[],[]
28619730,28624180,NA,SIL,0.0,845,pause,NA,NA,NA,NA,0.0,0,-45.19,-35.19,[],0,0,[],[]
28624180,28625150,CHI,CHN,0.0,845,CIC,BC,0,NT,FI,1.0,970,-18.69,-9.35,"[{'Canonical-syllable': '1', 'Growl': '0', 'High-freq-energy': '2', 'Long-island': '0', 'Low-tilt-spectrum': '2', 'Medium-island': '1', 'Short-island': '1', 'Squeal': '0', 'Typical-entropy': '2', 'Voicing-quality': '3', 'Wide-band': '0', 'Xlong-island': '0', 'seq': '1', 'end': 28625.15, 'start': 28624.18}]",0,0,[],[]
28625150,28626090,NA,NON,0.0,845,CIC,NA,NA,NA,NA,0.0,0,-22.15,-5.58,[],0,0,[],[]
28626090,28627820,CHI,CHN,0.0,845,CIC,RC,0,NT,FH,2.0,1110,-20.58,-8.72,"[{'Canonical-syllable': '1', 'Growl': '0', 'High-freq-energy': '0', 'Long-island': '0', 'Low-tilt-spectrum': '2', 'Medium-island': '1', 'Short-island': '2', 'Squeal': '0', 'Typical-entropy': '3', 'Voicing-quality': '3', 'Wide-band': '0', 'Xlong-island': '0', 'seq': '1', 'end': 28627.11, 'start': 28626.09}, {'Canonical-syllable': '0', 'Growl': '0', 'High-freq-energy': '0', 'Long-island': '0', 'Low-tilt-spectrum': '0', 'Medium-island': '0', 'Short-island': '0', 'Squeal': '0', 'Typical-entropy': '0', 'Voicing-quality': '0', 'Wide-band': '0', 'Xlong-island': '0', 'seq': '2', 'end': 28627.82, 'start': 28627.73}]",0,0,[],[]
28627820,28628690,OCH,CXN,0.0,845,CIC,RC,0,NT,FI,0.0,0,-26.31,-17.21,[],0,0,[],[]
28628690,28629420,OCH,CXN,0.0,845,CIC,RC,0,NT,FH,0.0,0,-26.79,-16.21,[],0,0,[],[]
28629420,28631280,NA,NOF,0.0,845,CIC,NA,NA,NA,NA,0.0,0,-44.06,-35.82,[],0,0,[],[]
28631280,28632080,NA,CXF,0.0,845,CIC,NA,NA,NA,NA,0.0,0,-34.38,-22.9,[],0,0,[],[]
28632080,28632910,NA,OLF,0.0,845,CIC,NA,NA,NA,NA,0.0,0,-40.88,-31.78,[],0,0,[],[]
28632910,28633730,OCH,CXN,0.0,845,CIC,RC,0,NT,FH,0.0,0,-28.65,-17.53,[],0,0,[],[]
28633730,28634690,NA,NON,0.0,845,CIC,NA,NA,NA,NA,0.0,0,-40.49,-34.96,[],0,0,[],[]
28634690,28635440,CHI,CHN,0.0,845,CIC,RC,0,TIFI,FI,1.0,750,-15.85,-12.18,"[{'Canonical-syllable': '0', 'Growl': '0', 'High-freq-energy': '0', 'Long-island': '1', 'Low-tilt-spectrum': '0', 'Medium-island': '0', 'Short-island': '0', 'Squeal': '0', 'Typical-entropy': '0', 'Voicing-quality': '1', 'Wide-band': '0', 'Xlong-island': '0', 'seq': '1', 'end': 28635.44, 'start': 28634.69}]",0,0,[],[]
28635440,28636590,NA,OLF,0.0,845,CIC,NA,NA,NA,NA,0.0,0,-42.32,-27.45,[],0,0,[],[]
28636590,28637590,FEM,FAN,4.07,845,CIC,RC,1,TIFR,FI,0.0,0,-36.32,-27.62,[],0,0,[],[]
28637590,28638390,NA,OLF,0.0,845,CIC,NA,NA,NA,NA,0.0,0,-45.05,-36.58,[],0,0,[],[]
28638390,28639440,CHI,CHN,0.0,845,CIC,RC,1,TIFE,FI,1.0,1050,-23.04,-15.15,"[{'Canonical-syllable': '0', 'Growl': '0', 'High-freq-energy': '0', 'Long-island': '0', 'Low-tilt-spectrum': '0', 'Medium-island': '1', 'Short-island': '1', 'Squeal': '0', 'Typical-entropy': '1', 'Voicing-quality': '3', 'Wide-band': '0', 'Xlong-island': '0', 'seq': '1', 'end': 28639.44, 'start': 28638.39}]",0,0,[],[]
28639440,28640470,CHI,CHN,0.0,845,CIC,NA,NA,NA,NA,0.0,0,-17.33,-9.62,[],0,1030,"[{'start': 28639.44, 'end': 28640.47}]",[]
28640470,28641230,CHI,CHN,0.0,845,CIC,RC,1,NT,FH,1.0,680,-19.83,-13.67,"[{'Canonical-syllable': '1', 'Growl': '0', 'High-freq-energy': '0', 'Long-island': '0', 'Low-tilt-spectrum': '2', 'Medium-island': '1', 'Short-island': '1', 'Squeal': '0', 'Typical-entropy': '2', 'Voicing-quality': '2', 'Wide-band': '0', 'Xlong-island': '0', 'seq': '1', 'end': 28641.15, 'start': 28640.47}]",0,0,[],[]
28641230,28642100,NA,NOF,0.0,845,CIC,NA,NA,NA,NA,0.0,0,-32.1,-15.38,[],0,0,[],[]
28642100,28642840,CHI,CHN,0.0,845,CIC,EC,1,NT,FH,1.0,540,-17.27,-11.21,"[{'Canonical-syllable': '0', 'Growl': '0', 'High-freq-energy': '0', 'Long-island': '0', 'Low-tilt-spectrum': '0', 'Medium-island': '1', 'Short-island': '0', 'Squeal': '0', 'Typical-entropy': '0', 'Voicing-quality': '1', 'Wide-band': '0', 'Xlong-island': '0', 'seq': '1', 'end': 28642.64, 'start': 28642.1}]",0,0,[],[]
28642840,28646070,NA,NOF,0.0,846,pause,NA,NA,NA,NA,0.0,0,-43.19,-29.33,[],0,0,[],[]
28646070,28648160,CHI,CHN,0.0,846,pause,NA,NA,NA,NA,0.0,0,-16.37,-6.09,[],0,2090,"[{'start': 28646.07, 'end': 28648.16}]",[]
28648160,28649170,CHI,CHN,0.0,846,pause,NA,NA,NA,NA,0.0,0,-17.92,-11.29,[],0,1010,"[{'start': 28648.16, 'end': 28649.17}]",[]
28649170,28650150,CHI,CHN,0.0,846,CIC,BC,0,NT,FI,2.0,450,-17.23,-9.77,"[{'Canonical-syllable': '0', 'Growl': '0', 'High-freq-energy': '0', 'Long-island': '0', 'Low-tilt-spectrum': '0', 'Medium-island': '0', 'Short-island': '0', 'Squeal': '1', 'Typical-entropy': '1', 'Voicing-quality': '1', 'Wide-band': '0', 'Xlong-island': '0', 'seq': '1', 'end': 28649.26, 'start': 28649.17}, {'Canonical-syllable': '0', 'Growl': '0', 'High-freq-energy': '0', 'Long-island': '0', 'Low-tilt-spectrum': '0', 'Medium-island': '1', 'Short-island': '0', 'Squeal': '0', 'Typical-entropy': '1', 'Voicing-quality': '1', 'Wide-band': '0', 'Xlong-island': '0', 'seq': '2', 'end': 28650.15, 'start': 28649.79}]",0,0,[],[]
28650150,28651310,OCH,CXN,0.0,846,CIC,RC,0,NT,FI,0.0,0,-17.92,-9.62,[],0,0,[],[]
28651310,28652120,NA,NOF,0.0,846,CIC,NA,NA,NA,NA,0.0,0,-40.62,-28.51,[],0,0,[],[]
28652120,28654130,CHI,CHN,0.0,846,CIC,RC,0,TIMI,FI,1.0,1850,-19.08,-9.36,"[{'Canonical-syllable': '1', 'Growl': '1', 'High-freq-energy': '0', 'Long-island': '0', 'Low-tilt-spectrum': '2', 'Medium-island': '1', 'Short-island': '1', 'Squeal': '0', 'Typical-entropy': '2', 'Voicing-quality': '3', 'Wide-band': '0', 'Xlong-island': '1', 'seq': '1', 'end': 28653.97, 'start': 28652.12}]",0,0,[],[]
28654130,28655040,NA,NOF,0.0,846,CIC,NA,NA,NA,NA,0.0,0,-28.36,-9.49,[],0,0,[],[]
28655040,28656020,NA,SIL,0.0,846,CIC,NA,NA,NA,NA,0.0,0,-50.08,-43.68,[],0,0,[],[]
28656020,28657020,MAL,MAN,2.27,846,CIC,RC,1,TIMR,FI,0.0,0,-37.01,-31.69,[],0,0,[],[]
28657020,28657820,NA,SIL,0.0,846,CIC,NA,NA,NA,NA,0.0,0,-47.47,-36.6,[],0,0,[],[]
28657820,28658820,MAL,MAN,8.28,846,CIC,RC,1,NT,FH,0.0,0,-37.71,-30.53,[],0,0,[],[]
28658820,28659620,NA,SIL,0.0,846,CIC,NA,NA,NA,NA,0.0,0,-51.88,-46.86,[],0,0,[],[]
28659620,28660270,CHI,CHN,0.0,846,CIC,RC,1,TIME,FI,1.0,650,-17.46,-8.81,"[{'Canonical-syllable': '1', 'Growl': '0', 'High-freq-energy': '0', 'Long-island': '0', 'Low-tilt-spectrum': '0', 'Medium-island': '0', 'Short-island': '2', 'Squeal': '0', 'Typical-entropy': '2', 'Voicing-quality': '2', 'Wide-band': '0', 'Xlong-island': '0', 'seq': '1', 'end': 28660.27, 'start': 28659.62}]",0,0,[],[]
28660270,28661070,OCH,CXN,0.0,846,CIC,RC,1,NT,FI,0.0,0,-17.56,-10.66,[],0,0,[],[]
28661070,28661800,CHI,CHN,0.0,846,CIC,RC,1,NT,FI,1.0,730,-18.92,-10.81,"[{'Canonical-syllable': '1', 'Growl': '0', 'High-freq-energy': '0', 'Long-island': '0', 'Low-tilt-spectrum': '0', 'Medium-island': '1', 'Short-island': '0', 'Squeal': '0', 'Typical-entropy': '1', 'Voicing-quality': '1', 'Wide-band': '0', 'Xlong-island': '0', 'seq': '1', 'end': 28661.8, 'start': 28661.07}]",0,0,[],[]
28661800,28662820,NA,NOF,0.0,846,CIC,NA,NA,NA,NA,0.0,0,-45.47,-37.68,[],0,0,[],[]
28662820,28663700,CHI,CHN,0.0,846,CIC,RC,1,NT,FH,1.0,880,-18.61,-9.45,"[{'Canonical-syllable': '0', 'Growl': '2', 'High-freq-energy': '0', 'Long-island': '0', 'Low-tilt-spectrum': '2', 'Medium-island': '1', 'Short-island': '1', 'Squeal': '0', 'Typical-entropy': '2', 'Voicing-quality': '3', 'Wide-band': '0', 'Xlong-island': '0', 'seq': '1', 'end': 28663.7, 'start': 28662.82}]",0,0,[],[]
28663700,28664770,OCH,CXN,0.0,846,CIC,RC,1,NT,FI,0.0,0,-26.91,-14.4,[],0,0,[],[]
28664770,28665510,CHI,CHN,0.0,846,CIC,EC,1,NT,FI,1.0,450,-18.35,-12.53,"[{'Canonical-syllable': '0', 'Growl': '0', 'High-freq-energy': '0', 'Long-island': '0', 'Low-tilt-spectrum': '0', 'Medium-island': '1', 'Short-island': '0', 'Squeal': '0', 'Typical-entropy': '0', 'Voicing-quality': '1', 'Wide-band': '0', 'Xlong-island': '0', 'seq': '1', 'end': 28665.22, 'start': 28664.77}]",0,0,[],[]
28665510,28666890,NA,SIL,0.0,847,pause,NA,NA,NA,NA,0.0,0,-50.47,-43.35,[],0,0,[],[]
28666890,28671480,NA,NOF,0.0,847,pause,NA,NA,NA,NA,0.0,0,-42.81,-29.57,[],0,0,[],[]
28671480,28672110,CHI,CHN,0.0,847,CM,EC,0,NT,FI,1.0,520,-17.37,-9.14,"[{'Canonical-syllable': '1', 'Growl': '0', 'High-freq-energy': '0', 'Long-island': '0', 'Low-tilt-spectrum': '0', 'Medium-island': '1', 'Short-island': '0', 'Squeal': '0', 'Typical-entropy': '0', 'Voicing-quality': '1', 'Wide-band': '0', 'Xlong-island': '0', 'seq': '1', 'end': 28672.0, 'start': 28671.48}]",0,0,[],[]
28672110,28672920,NA,NOF,0.0,848,pause,NA,NA,NA,NA,0.0,0,-44.17,-30.12,[],0,0,[],[]
28672920,28674190,NA,SIL,0.0,848,pause,NA,NA,NA,NA,0.0,0,-49.33,-41.39,[],0,0,[],[]
28674190,28674790,CHI,CHN,0.0,848,pause,NA,NA,NA,NA,0.0,0,-18.29,-10.92,[],0,350,[],"[{'start': 28674.31, 'end': 28674.66}]"
28674790,28676500,NA,NOF,0.0,848,pause,NA,NA,NA,NA,0.0,0,-37.43,-19.21,[],0,0,[],[]
28676500,28677330,NA,OLF,0.0,848,pause,NA,NA,NA,NA,0.0,0,-31.28,-16.38,[],0,0,[],[]
28677330,28678620,NA,NOF,0.0,848,pause,NA,NA,NA,NA,0.0,0,-38.08,-20.69,[],0,0,[],[]
28678620,28683170,CHI,CHN,0.0,848,CIC,BC,0,NT,FI,3.0,3250,-17.8,-9.66,"[{'Canonical-syllable': '1', 'Growl': '0', 'High-freq-energy': '0', 'Long-island': '0', 'Low-tilt-spectrum': '0', 'Medium-island': '1', 'Short-island': '2', 'Squeal': '0', 'Typical-entropy': '0', 'Voicing-quality': '4', 'Wide-band': '1', 'Xlong-island': '1', 'seq': '1', 'end': 28680.92, 'start': 28678.62}, {'Canonical-syllable': '0', 'Growl': '0', 'High-freq-energy': '0', 'Long-island': '0', 'Low-tilt-spectrum': '0', 'Medium-island': '0', 'Short-island': '2', 'Squeal': '0', 'Typical-entropy': '1', 'Voicing-quality': '2', 'Wide-band': '1', 'Xlong-island': '0', 'seq': '2', 'end': 28682.14, 'start': 28681.7}, {'Canonical-syllable': '1', 'Growl': '0', 'High-freq-energy': '1', 'Long-island': '0', 'Low-tilt-spectrum': '0', 'Medium-island': '1', 'Short-island': '0', 'Squeal': '0', 'Typical-entropy': '1', 'Voicing-quality': '1', 'Wide-band': '0', 'Xlong-island': '0', 'seq': '3', 'end': 28683.01, 'start': 28682.5}]",0,0,[],[]
28683170,28684020,NA,NOF,0.0,848,CIC,NA,NA,NA,NA,0.0,0,-48.58,-42.56,[],0,0,[],[]
28684020,28685430,CHI,CHN,0.0,848,CIC,RC,0,NT,FH,2.0,760,-23.19,-10.39,"[{'Canonical-syllable': '1', 'Growl': '1', 'High-freq-energy': '0', 'Long-island': '0', 'Low-tilt-spectrum': '1', 'Medium-island': '0', 'Short-island': '2', 'Squeal': '0', 'Typical-entropy': '1', 'Voicing-quality': '2', 'Wide-band': '0', 'Xlong-island': '0', 'seq': '1', 'end': 28684.66, 'start': 28684.02}, {'Canonical-syllable': '0', 'Growl': '0', 'High-freq-energy': '0', 'Long-island': '0', 'Low-tilt-spectrum': '0', 'Medium-island': '0', 'Short-island': '0', 'Squeal': '0', 'Typical-entropy': '0', 'Voicing-quality': '1', 'Wide-band': '0', 'Xlong-island': '0', 'seq': '2', 'end': 28685.43, 'start': 28685.31}]",0,0,[],[]
28685430,28686330,OCH,CXN,0.0,848,CIC,RC,0,NT,FI,0.0,0,-25.16,-14.93,[],0,0,[],[]
28686330,28686930,CHI,CHN,0.0,848,CIC,RC,0,NT,FI,1.0,400,-16.94,-11.83,"[{'Canonical-syllable': '0', 'Growl': '0', 'High-freq-energy': '1', 'Long-island': '0', 'Low-tilt-spectrum': '0', 'Medium-island': '1', 'Short-island': '0', 'Squeal': '0', 'Typical-entropy': '1', 'Voicing-quality': '1', 'Wide-band': '0', 'Xlong-island': '0', 'seq': '1', 'end': 28686.73, 'start': 28686.33}]",0,0,[],[]
28686930,28687730,NA,SIL,0.0,848,CIC,NA,NA,NA,NA,0.0,0,-44.59,-34.77,[],0,0,[],[]
28687730,28688750,FEM,FAN,0.0,848,CIC,NA,NA,NA,NA,0.0,0,-32.76,-27.79,[],1020,0,[],[]
28688750,28690290,CHI,CHN,0.0,848,CIC,RC,0,NT,FH,1.0,1540,-17.0,-7.56,"[{'Canonical-syllable': '1', 'Growl': '0', 'High-freq-energy': '0', 'Long-island': '0', 'Low-tilt-spectrum': '1', 'Medium-island': '0', 'Short-island': '1', 'Squeal': '0', 'Typical-entropy': '1', 'Voicing-quality': '2', 'Wide-band': '0', 'Xlong-island': '1', 'seq': '1', 'end': 28690.29, 'start': 28688.75}]",0,0,[],[]
28690290,28691110,NA,MAF,0.0,848,CIC,NA,NA,NA,NA,0.0,0,-41.98,-34.67,[],0,0,[],[]
28691110,28692480,CHI,CHN,0.0,848,CIC,RC,0,TIFI,FH,1.0,1370,-17.1,-10.05,"[{'Canonical-syllable': '1', 'Growl': '1', 'High-freq-energy': '0', 'Long-island': '0', 'Low-tilt-spectrum': '3', 'Medium-island': '1', 'Short-island': '2', 'Squeal': '0', 'Typical-entropy': '2', 'Voicing-quality': '3', 'Wide-band': '0', 'Xlong-island': '0', 'seq': '1', 'end': 28692.48, 'start': 28691.11}]",0,0,[],[]
28692480,28693480,FEM,FAN,7.28,848,CIC,RC,1,TIFR,FI,0.0,0,-24.45,-11.31,[],0,0,[],[]
28693480,28694560,NA,NOF,0.0,848,CIC,NA,NA,NA,NA,0.0,0,-44.8,-31.94,[],0,0,[],[]
28694560,28695560,MAL,MAN,3.89,848,CIC,RC,1,NT,FI,0.0,0,-33.22,-17.5,[],0,0,[],[]
28695560,28696390,NA,NOF,0.0,848,CIC,NA,NA,NA,NA,0.0,0,-24.79,-7.56,[],0,0,[],[]
28696390,28697560,NA,MAF,0.0,848,CIC,NA,NA,NA,NA,0.0,0,-31.53,-17.22,[],0,0,[],[]
28697560,28698460,NA,SIL,0.0,848,CIC,NA,NA,NA,NA,0.0,0,-45.57,-37.93,[],0,0,[],[]
28698460,28699740,NA,NOF,0.0,848,CIC,NA,NA,NA,NA,0.0,0,-44.92,-36.68,[],0,0,[],[]
28699740,28700370,OCH,CXN,0.0,848,CIC,RC,1,NT,FI,0.0,0,-35.9,-25.82,[],0,0,[],[]
28700370,28701280,OCH,CXN,0.0,848,CIC,RC,1,NT,FH,0.0,0,-25.2,-18.16,[],0,0,[],[]
28701280,28702100,NA,SIL,0.0,848,CIC,NA,NA,NA,NA,0.0,0,-45.94,-40.62,[],0,0,[],[]
28702100,28702700,OCH,CXN,0.0,848,CIC,RC,1,NT,FH,0.0,0,-37.21,-30.5,[],0,0,[],[]
28702700,28704400,NA,SIL,0.0,848,CIC,NA,NA,NA,NA,0.0,0,-39.17,-30.53,[],0,0,[],[]
28704400,28705010,FEM,FAN,0.0,848,CIC,NA,NA,NA,NA,0.0,0,-32.73,-27.95,[],610,0,[],[]
28705010,28705810,CHI,CHN,0.0,848,CIC,RC,1,NT,FI,1.0,800,-28.53,-18.2,"[{'Canonical-syllable': '0', 'Growl': '1', 'High-freq-energy': '0', 'Long-island': '0', 'Low-tilt-spectrum': '1', 'Medium-island': '1', 'Short-island': '0', 'Squeal': '0', 'Typical-entropy': '1', 'Voicing-quality': '1', 'Wide-band': '0', 'Xlong-island': '0', 'seq': '1', 'end': 28705.81, 'start': 28705.01}]",0,0,[],[]
28705810,28707470,CHI,CHN,0.0,848,CIC,EC,1,NT,FH,1.0,1350,-26.48,-16.89,"[{'Canonical-syllable': '0', 'Growl': '1', 'High-freq-energy': '0', 'Long-island': '1', 'Low-tilt-spectrum': '0', 'Medium-island': '1', 'Short-island': '0', 'Squeal': '0', 'Typical-entropy': '1', 'Voicing-quality': '2', 'Wide-band': '0', 'Xlong-island': '0', 'seq': '1', 'end': 28707.47, 'start': 28706.12}]",0,0,[],[]
28707470,28708480,NA,SIL,0.0,849,pause,NA,NA,NA,NA,0.0,0,-40.42,-22.7,[],0,0,[],[]
28708480,28711170,NA,NOF,0.0,849,pause,NA,NA,NA,NA,0.0,0,-42.75,-25.24,[],0,0,[],[]
28711170,28713390,NA,SIL,0.0,849,pause,NA,NA,NA,NA,0.0,0,-47.0,-40.45,[],0,0,[],[]
28713390,28714860,NA,NOF,0.0,849,pause,NA,NA,NA,NA,0.0,0,-46.35,-40.34,[],0,0,[],[]
28714860,28715660,NA,SIL,0.0,849,pause,NA,NA,NA,NA,0.0,0,-50.35,-42.8,[],0,0,[],[]
28715660,28717150,NA,NOF,0.0,849,pause,NA,NA,NA,NA,0.0,0,-38.51,-23.58,[],0,0,[],[]
28717150,28717840,CHI,CHN,0.0,849,CM,EC,0,NT,FI,1.0,160,-25.07,-14.19,"[{'Canonical-syllable': '1', 'Growl': '0', 'High-freq-energy': '0', 'Long-island': '0', 'Low-tilt-spectrum': '0', 'Medium-island': '0', 'Short-island': '1', 'Squeal': '0', 'Typical-entropy': '1', 'Voicing-quality': '1', 'Wide-band': '0', 'Xlong-island': '0', 'seq': '1', 'end': 28717.31, 'start': 28717.15}]",0,0,[],[]
28717840,28718650,NA,NOF,0.0,850,pause,NA,NA,NA,NA,0.0,0,-40.76,-24.07,[],0,0,[],[]
28718650,28719520,NA,SIL,0.0,850,pause,NA,NA,NA,NA,0.0,0,-48.64,-38.7,[],0,0,[],[]
28719520,28721440,NA,NOF,0.0,850,pause,NA,NA,NA,NA,0.0,0,-40.79,-27.85,[],0,0,[],[]
28721440,28722240,NA,OLF,0.0,850,pause,NA,NA,NA,NA,0.0,0,-36.07,-27.02,[],0,0,[],[]
28722240,28723040,NA,SIL,0.0,850,pause,NA,NA,NA,NA,0.0,0,-44.8,-37.61,[],0,0,[],[]
28723040,28724260,NA,NOF,0.0,850,pause,NA,NA,NA,NA,0.0,0,-44.63,-31.24,[],0,0,[],[]
28724260,28725760,CHI,CHN,0.0,850,CIOCX,BC,0,NT,FI,1.0,1500,-16.16,-10.48,"[{'Canonical-syllable': '1', 'Growl': '0', 'High-freq-energy': '0', 'Long-island': '0', 'Low-tilt-spectrum': '2', 'Medium-island': '2', 'Short-island': '1', 'Squeal': '0', 'Typical-entropy': '1', 'Voicing-quality': '3', 'Wide-band': '0', 'Xlong-island': '0', 'seq': '1', 'end': 28725.76, 'start': 28724.36}]",0,0,[],[]
28725760,28726790,OCH,CXN,0.0,850,CIOCX,RC,0,NT,FI,0.0,0,-26.11,-17.22,[],0,0,[],[]
28726790,28730990,CHI,CHN,0.0,850,CIOCX,RC,0,NT,FI,3.0,3160,-19.97,-3.31,"[{'Canonical-syllable': '0', 'Growl': '0', 'High-freq-energy': '0', 'Long-island': '0', 'Low-tilt-spectrum': '0', 'Medium-island': '0', 'Short-island': '1', 'Squeal': '0', 'Typical-entropy': '1', 'Voicing-quality': '0', 'Wide-band': '0', 'Xlong-island': '0', 'seq': '1', 'end': 28727.04, 'start': 28726.79}, {'Canonical-syllable': '0', 'Growl': '0', 'High-freq-energy': '1', 'Long-island': '0', 'Low-tilt-spectrum': '1', 'Medium-island': '1', 'Short-island': '1', 'Squeal': '0', 'Typical-entropy': '2', 'Voicing-quality': '2', 'Wide-band': '0', 'Xlong-island': '0', 'seq': '2', 'end': 28728.34, 'start': 28727.5}, {'Canonical-syllable': '1', 'Growl': '0', 'High-freq-energy': '0', 'Long-island': '0', 'Low-tilt-spectrum': '2', 'Medium-island': '3', 'Short-island': '2', 'Squeal': '0', 'Typical-entropy': '4', 'Voicing-quality': '5', 'Wide-band': '0', 'Xlong-island': '0', 'seq': '3', 'end': 28730.99, 'start': 28728.92}]",0,0,[],[]
28730990,28731790,NA,OLF,0.0,850,CIOCX,NA,NA,NA,NA,0.0,0,-41.37,-28.93,[],0,0,[],[]
28731790,28732410,CHI,CHN,0.0,850,CIOCX,RC,0,NT,FH,1.0,620,-19.71,-11.48,"[{'Canonical-syllable': '0', 'Growl': '0', 'High-freq-energy': '0', 'Long-island': '0', 'Low-tilt-spectrum': '0', 'Medium-island': '0', 'Short-island': '2', 'Squeal': '0', 'Typical-entropy': '2', 'Voicing-quality': '2', 'Wide-band': '0', 'Xlong-island': '0', 'seq': '1', 'end': 28732.41, 'start': 28731.89}]",0,0,[],[]
28732410,28733410,CHI,CHN,0.0,850,CIOCX,RC,0,NT,FH,1.0,1000,-20.32,-11.88,"[{'Canonical-syllable': '1', 'Growl': '0', 'High-freq-energy': '0', 'Long-island': '0', 'Low-tilt-spectrum': '1', 'Medium-island': '0', 'Short-island': '3', 'Squeal': '0', 'Typical-entropy': '2', 'Voicing-quality': '3', 'Wide-band': '0', 'Xlong-island': '0', 'seq': '1', 'end': 28733.41, 'start': 28732.56}]",0,0,[],[]
28733410,28734380,CHI,CHN,0.0,850,CIOCX,RC,0,NT,FH,1.0,970,-18.78,-7.9,"[{'Canonical-syllable': '1', 'Growl': '0', 'High-freq-energy': '0', 'Long-island': '0', 'Low-tilt-spectrum': '1', 'Medium-island': '2', 'Short-island': '0', 'Squeal': '0', 'Typical-entropy': '1', 'Voicing-quality': '2', 'Wide-band': '0', 'Xlong-island': '0', 'seq': '1', 'end': 28734.38, 'start': 28733.41}]",0,0,[],[]
28734380,28735220,NA,OLN,0.0,850,CIOCX,NA,NA,NA,NA,0.0,0,-27.04,-14.88,[],0,0,[],[]
28735220,28736680,CHI,CHN,0.0,850,CIOCX,RC,0,NT,FH,1.0,1460,-19.47,-12.1,"[{'Canonical-syllable': '2', 'Growl': '1', 'High-freq-energy': '0', 'Long-island': '0', 'Low-tilt-spectrum': '3', 'Medium-island': '1', 'Short-island': '2', 'Squeal': '0', 'Typical-entropy': '4', 'Voicing-quality': '4', 'Wide-band': '0', 'Xlong-island': '0', 'seq': '1', 'end': 28736.68, 'start': 28735.22}]",0,0,[],[]
28736680,28737680,CHI,CHN,0.0,850,CIOCX,RC,0,NT,FH,1.0,410,-25.08,-16.34,"[{'Canonical-syllable': '1', 'Growl': '0', 'High-freq-energy': '0', 'Long-island': '0', 'Low-tilt-spectrum': '1', 'Medium-island': '1', 'Short-island': '0', 'Squeal': '0', 'Typical-entropy': '1', 'Voicing-quality': '1', 'Wide-band': '0', 'Xlong-island': '0', 'seq': '1', 'end': 28737.09, 'start': 28736.68}]",0,0,[],[]
28737680,28738970,CHI,CHN,0.0,850,CIOCX,RC,0,NT,FH,2.0,840,-18.51,-11.07,"[{'Canonical-syllable': '1', 'Growl': '0', 'High-freq-energy': '0', 'Long-island': '0', 'Low-tilt-spectrum': '2', 'Medium-island': '1', 'Short-island': '1', 'Squeal': '0', 'Typical-entropy': '2', 'Voicing-quality': '2', 'Wide-band': '0', 'Xlong-island': '0', 'seq': '1', 'end': 28738.32, 'start': 28737.68}, {'Canonical-syllable': '0', 'Growl': '0', 'High-freq-energy': '0', 'Long-island': '0', 'Low-tilt-spectrum': '1', 'Medium-island': '0', 'Short-island': '1', 'Squeal': '0', 'Typical-entropy': '1', 'Voicing-quality': '1', 'Wide-band': '0', 'Xlong-island': '0', 'seq': '2', 'end': 28738.97, 'start': 28738.77}]",0,0,[],[]
28738970,28740240,OCH,CXN,0.0,850,CIOCX,RC,0,NT,FI,0.0,0,-26.1,-17.84,[],0,0,[],[]
28740240,28742620,CHI,CHN,0.0,850,CIOCX,EC,0,NT,FI,2.0,1680,-18.73,-9.89,"[{'Canonical-syllable': '0', 'Growl': '0', 'High-freq-energy': '0', 'Long-island': '0', 'Low-tilt-spectrum': '0', 'Medium-island': '0', 'Short-island': '1', 'Squeal': '0', 'Typical-entropy': '1', 'Voicing-quality': '1', 'Wide-band': '0', 'Xlong-island': '0', 'seq': '1', 'end': 28740.66, 'start': 28740.41}, {'Canonical-syllable': '0', 'Growl': '0', 'High-freq-energy': '0', 'Long-island': '0', 'Low-tilt-spectrum': '2', 'Medium-island': '1', 'Short-island': '3', 'Squeal': '0', 'Typical-entropy': '4', 'Voicing-quality': '4', 'Wide-band': '0', 'Xlong-island': '0', 'seq': '2', 'end': 28742.54, 'start': 28741.28}]",0,0,[],[]
28742620,28745000,NA,NOF,0.0,851,pause,NA,NA,NA,NA,0.0,0,-30.44,-18.98,[],0,0,[],[]
28745000,28748170,NA,SIL,0.0,851,pause,NA,NA,NA,NA,0.0,0,-51.26,-37.97,[],0,0,[],[]
28748170,28749080,NA,NOF,0.0,851,pause,NA,NA,NA,NA,0.0,0,-50.93,-45.94,[],0,0,[],[]
28749080,28756460,NA,SIL,0.0,851,pause,NA,NA,NA,NA,0.0,0,-52.59,-45.2,[],0,0,[],[]
28756460,28757260,NA,NOF,0.0,851,pause,NA,NA,NA,NA,0.0,0,-48.39,-40.13,[],0,0,[],[]
28757260,28758090,NA,SIL,0.0,851,pause,NA,NA,NA,NA,0.0,0,-53.44,-48.17,[],0,0,[],[]
28758090,28759970,NA,NOF,0.0,851,pause,NA,NA,NA,NA,0.0,0,-24.78,-7.26,[],0,0,[],[]
28759970,28760810,NA,OLF,0.0,851,pause,NA,NA,NA,NA,0.0,0,-22.92,-11.88,[],0,0,[],[]
28760810,28761810,NA,NOF,0.0,851,pause,NA,NA,NA,NA,0.0,0,-25.07,-8.71,[],0,0,[],[]
28761810,28762800,NA,OLF,0.0,851,pause,NA,NA,NA,NA,0.0,0,-26.12,-7.53,[],0,0,[],[]
28762800,28763930,NA,NOF,0.0,851,pause,NA,NA,NA,NA,0.0,0,-33.39,-17.44,[],0,0,[],[]
28763930,28764730,NA,SIL,0.0,851,pause,NA,NA,NA,NA,0.0,0,-47.04,-41.74,[],0,0,[],[]
28764730,28765750,NA,NOF,0.0,851,pause,NA,NA,NA,NA,0.0,0,-39.55,-24.24,[],0,0,[],[]
28765750,28766350,CHI,CHN,0.0,851,pause,NA,NA,NA,NA,0.0,0,-22.95,-18.29,[],0,340,"[{'start': 28766.01, 'end': 28766.35}]",[]
28766350,28767170,NA,OLN,0.0,851,pause,NA,NA,NA,NA,0.0,0,-27.14,-21.35,[],0,0,[],[]
28767170,28770680,NA,NOF,0.0,851,pause,NA,NA,NA,NA,0.0,0,-39.2,-21.67,[],0,0,[],[]
28770680,28772340,NA,OLF,0.0,851,pause,NA,NA,NA,NA,0.0,0,-25.26,-5.54,[],0,0,[],[]
28772340,28774900,NA,OLN,0.0,851,pause,NA,NA,NA,NA,0.0,0,-18.56,-4.74,[],0,0,[],[]
28774900,28775930,NA,NOF,0.0,851,pause,NA,NA,NA,NA,0.0,0,-16.53,-5.52,[],0,0,[],[]
28775930,28776900,NA,OLN,0.0,851,pause,NA,NA,NA,NA,0.0,0,-22.02,-6.66,[],0,0,[],[]
28776900,28778130,NA,NON,0.0,851,pause,NA,NA,NA,NA,0.0,0,-18.61,-3.66,[],0,0,[],[]
28778130,28779040,NA,OLF,0.0,851,pause,NA,NA,NA,NA,0.0,0,-21.68,-6.14,[],0,0,[],[]
28779040,28781040,NA,NOF,0.0,851,pause,NA,NA,NA,NA,0.0,0,-20.21,-6.23,[],0,0,[],[]
28781040,28782640,NA,OLN,0.0,851,pause,NA,NA,NA,NA,0.0,0,-18.08,-6.74,[],0,0,[],[]
28782640,28783550,NA,NON,0.0,851,pause,NA,NA,NA,NA,0.0,0,-22.99,-5.11,[],0,0,[],[]
28783550,28784590,FEM,FAN,6.41,851,AICF,BC,0,TIFI,FI,0.0,0,-39.82,-32.28,[],0,0,[],[]
28784590,28785660,NA,SIL,0.0,851,AICF,NA,NA,NA,NA,0.0,0,-48.66,-44.71,[],0,0,[],[]
28785660,28786550,CHI,CHN,0.0,851,AICF,EC,1,TIFR,FI,1.0,890,-29.89,-21.94,"[{'Canonical-syllable': '0', 'Growl': '1', 'High-freq-energy': '0', 'Long-island': '0', 'Low-tilt-spectrum': '0', 'Medium-island': '1', 'Short-island': '1', 'Squeal': '0', 'Typical-entropy': '0', 'Voicing-quality': '2', 'Wide-band': '0', 'Xlong-island': '0', 'seq': '1', 'end': 28786.55, 'start': 28785.76}]",0,0,[],[]
28786550,28787410,NA,SIL,0.0,852,pause,NA,NA,NA,NA,0.0,0,-47.43,-39.0,[],0,0,[],[]
28787410,28790920,NA,NOF,0.0,852,pause,NA,NA,NA,NA,0.0,0,-41.45,-30.89,[],0,0,[],[]
28790920,28791720,NA,SIL,0.0,852,pause,NA,NA,NA,NA,0.0,0,-45.48,-38.28,[],0,0,[],[]
28791720,28792720,NA,TVF,0.0,852,pause,NA,NA,NA,NA,0.0,0,-45.74,-37.74,[],0,0,[],[]
28792720,28794060,NA,SIL,0.0,852,pause,NA,NA,NA,NA,0.0,0,-45.68,-38.16,[],0,0,[],[]
28794060,28797890,NA,MAF,0.0,852,pause,NA,NA,NA,NA,0.0,0,-38.75,-25.32,[],0,0,[],[]
28797890,28799670,NA,SIL,0.0,852,pause,NA,NA,NA,NA,0.0,0,-43.4,-27.07,[],0,0,[],[]
28799670,28800480,NA,FAF,0.0,852,pause,NA,NA,NA,NA,0.0,0,-41.31,-26.46,[],0,0,[],[]
28800480,28802420,NA,SIL,0.0,852,pause,NA,NA,NA,NA,0.0,0,-44.52,-31.93,[],0,0,[],[]
28802420,28803220,NA,NOF,0.0,852,pause,NA,NA,NA,NA,0.0,0,-41.78,-28.92,[],0,0,[],[]
28803220,28805490,NA,SIL,0.0,852,pause,NA,NA,NA,NA,0.0,0,-42.01,-32.32,[],0,0,[],[]
28805490,28806290,NA,NOF,0.0,852,pause,NA,NA,NA,NA,0.0,0,-37.59,-24.4,[],0,0,[],[]
28806290,28807260,NA,SIL,0.0,852,pause,NA,NA,NA,NA,0.0,0,-45.17,-36.89,[],0,0,[],[]
28807260,28808960,NA,NON,0.0,852,pause,NA,NA,NA,NA,0.0,0,-23.29,-5.57,[],0,0,[],[]
28808960,28809560,CHI,CHN,0.0,852,pause,NA,NA,NA,NA,0.0,0,-27.73,-15.64,[],0,140,[],"[{'start': 28809.34, 'end': 28809.48}]"
28809560,28810440,NA,NOF,0.0,852,pause,NA,NA,NA,NA,0.0,0,-42.47,-37.35,[],0,0,[],[]
28810440,28813510,CHI,CHN,0.0,852,CM,EC,0,NT,FI,1.0,3070,-16.07,-9.57,"[{'Canonical-syllable': '1', 'Growl': '1', 'High-freq-energy': '0', 'Long-island': '0', 'Low-tilt-spectrum': '0', 'Medium-island': '2', 'Short-island': '2', 'Squeal': '0', 'Typical-entropy': '0', 'Voicing-quality': '5', 'Wide-band': '0', 'Xlong-island': '1', 'seq': '1', 'end': 28813.51, 'start': 28810.44}]",0,0,[],[]
28813510,28814450,NA,NOF,0.0,853,pause,NA,NA,NA,NA,0.0,0,-44.3,-40.06,[],0,0,[],[]
28814450,28816840,NA,SIL,0.0,853,pause,NA,NA,NA,NA,0.0,0,-44.93,-37.23,[],0,0,[],[]
28816840,28817830,NA,NON,0.0,853,pause,NA,NA,NA,NA,0.0,0,-39.59,-33.02,[],0,0,[],[]
28817830,28819160,NA,SIL,0.0,853,pause,NA,NA,NA,NA,0.0,0,-45.26,-35.39,[],0,0,[],[]
28819160,28820160,NA,MAF,0.0,853,pause,NA,NA,NA,NA,0.0,0,-44.42,-31.46,[],0,0,[],[]
28820160,28821210,NA,SIL,0.0,853,pause,NA,NA,NA,NA,0.0,0,-45.14,-38.85,[],0,0,[],[]
28821210,28822120,NA,OLF,0.0,853,pause,NA,NA,NA,NA,0.0,0,-20.71,-5.26,[],0,0,[],[]
28822120,28825260,NA,NOF,0.0,853,pause,NA,NA,NA,NA,0.0,0,-42.2,-30.16,[],0,0,[],[]
28825260,28826500,NA,SIL,0.0,853,pause,NA,NA,NA,NA,0.0,0,-45.32,-40.07,[],0,0,[],[]
28826500,28827710,NA,MAF,0.0,853,pause,NA,NA,NA,NA,0.0,0,-43.2,-35.71,[],0,0,[],[]
28827710,28828770,NA,SIL,0.0,853,pause,NA,NA,NA,NA,0.0,0,-44.06,-39.18,[],0,0,[],[]
28828770,28830760,NA,NOF,0.0,853,pause,NA,NA,NA,NA,0.0,0,-34.5,-19.26,[],0,0,[],[]
28830760,28831570,NA,OLF,0.0,853,pause,NA,NA,NA,NA,0.0,0,-37.17,-28.05,[],0,0,[],[]
28831570,28832510,NA,NOF,0.0,853,pause,NA,NA,NA,NA,0.0,0,-42.39,-31.4,[],0,0,[],[]
28832510,28834610,NA,SIL,0.0,853,pause,NA,NA,NA,NA,0.0,0,-45.04,-32.66,[],0,0,[],[]
28834610,28840240,NA,NOF,0.0,853,pause,NA,NA,NA,NA,0.0,0,-40.03,-23.96,[],0,0,[],[]
28840240,28841050,NA,SIL,0.0,853,pause,NA,NA,NA,NA,0.0,0,-45.9,-41.38,[],0,0,[],[]
28841050,28842190,NA,TVF,0.0,853,pause,NA,NA,NA,NA,0.0,0,-45.59,-39.85,[],0,0,[],[]
28842190,28843350,NA,SIL,0.0,853,pause,NA,NA,NA,NA,0.0,0,-44.99,-33.56,[],0,0,[],[]
28843350,28852050,NA,NOF,0.0,853,pause,NA,NA,NA,NA,0.0,0,-25.13,-3.1,[],0,0,[],[]
28852050,28852850,NA,SIL,0.0,853,pause,NA,NA,NA,NA,0.0,0,-44.71,-41.4,[],0,0,[],[]
28852850,28853670,NA,NOF,0.0,853,pause,NA,NA,NA,NA,0.0,0,-38.16,-25.65,[],0,0,[],[]
28853670,28855100,NA,OLN,0.0,853,pause,NA,NA,NA,NA,0.0,0,-29.69,-21.3,[],0,0,[],[]
28855100,28856110,NA,TVF,0.0,853,pause,NA,NA,NA,NA,0.0,0,-44.96,-37.42,[],0,0,[],[]
28856110,28857260,NA,SIL,0.0,853,pause,NA,NA,NA,NA,0.0,0,-45.21,-39.52,[],0,0,[],[]
28857260,28859020,NA,NOF,0.0,853,pause,NA,NA,NA,NA,0.0,0,-43.46,-36.67,[],0,0,[],[]
28859020,28861740,NA,SIL,0.0,853,pause,NA,NA,NA,NA,0.0,0,-44.14,-37.34,[],0,0,[],[]
28861740,28862760,NA,TVF,0.0,853,pause,NA,NA,NA,NA,0.0,0,-45.24,-39.7,[],0,0,[],[]
28862760,28868030,NA,SIL,0.0,853,pause,NA,NA,NA,NA,0.0,0,-44.31,-34.46,[],0,0,[],[]
28868030,28869020,NA,NOF,0.0,853,pause,NA,NA,NA,NA,0.0,0,-43.84,-35.14,[],0,0,[],[]
28869020,28871200,NA,SIL,0.0,853,pause,NA,NA,NA,NA,0.0,0,-44.84,-39.57,[],0,0,[],[]
28871200,28872300,NA,NOF,0.0,853,pause,NA,NA,NA,NA,0.0,0,-43.5,-38.93,[],0,0,[],[]
28872300,28876800,NA,SIL,0.0,853,pause,NA,NA,NA,NA,0.0,0,-44.31,-29.36,[],0,0,[],[]
28876800,28877800,NA,TVF,0.0,853,pause,NA,NA,NA,NA,0.0,0,-45.57,-40.32,[],0,0,[],[]
28877800,28880210,NA,SIL,0.0,853,pause,NA,NA,NA,NA,0.0,0,-45.17,-40.35,[],0,0,[],[]
28880210,28881210,NA,TVF,0.0,853,pause,NA,NA,NA,NA,0.0,0,-44.49,-37.72,[],0,0,[],[]
28881210,28883920,NA,SIL,0.0,853,pause,NA,NA,NA,NA,0.0,0,-44.74,-38.71,[],0,0,[],[]
28883920,28885150,CHI,CHN,0.0,853,CIOCX,BC,0,NT,FI,1.0,1230,-20.29,-6.86,"[{'Canonical-syllable': '0', 'Growl': '0', 'High-freq-energy': '0', 'Long-island': '0', 'Low-tilt-spectrum': '0', 'Medium-island': '2', 'Short-island': '1', 'Squeal': '0', 'Typical-entropy': '1', 'Voicing-quality': '3', 'Wide-band': '0', 'Xlong-island': '0', 'seq': '1', 'end': 28885.15, 'start': 28883.92}]",0,0,[],[]
28885150,28885950,NA,OLN,0.0,853,CIOCX,NA,NA,NA,NA,0.0,0,-33.25,-22.84,[],0,0,[],[]
28885950,28887700,OCH,CXN,0.0,853,CIOCX,RC,0,NT,FI,0.0,0,-32.29,-22.08,[],0,0,[],[]
28887700,28888300,NA,CXF,0.0,853,CIOCX,NA,NA,NA,NA,0.0,0,-42.33,-31.66,[],0,0,[],[]
28888300,28889100,OCH,CXN,0.0,853,CIOCX,RC,0,NT,FH,0.0,0,-27.83,-20.47,[],0,0,[],[]
28889100,28889900,NA,NOF,0.0,853,CIOCX,NA,NA,NA,NA,0.0,0,-35.99,-24.94,[],0,0,[],[]
28889900,28891960,CHI,CHN,0.0,853,CIOCX,EC,0,NT,FI,1.0,2060,-28.59,-18.98,"[{'Canonical-syllable': '2', 'Growl': '1', 'High-freq-energy': '0', 'Long-island': '0', 'Low-tilt-spectrum': '1', 'Medium-island': '4', 'Short-island': '1', 'Squeal': '0', 'Typical-entropy': '1', 'Voicing-quality': '5', 'Wide-band': '0', 'Xlong-island': '0', 'seq': '1', 'end': 28891.96, 'start': 28889.9}]",0,0,[],[]
28891960,28893510,NA,SIL,0.0,854,pause,NA,NA,NA,NA,0.0,0,-46.52,-39.29,[],0,0,[],[]
28893510,28895490,NA,CHF,0.0,854,pause,NA,NA,NA,NA,0.0,0,-21.32,-4.12,[],0,240,[],"[{'start': 28894.74, 'end': 28894.98}]"
28895490,28896320,NA,SIL,0.0,854,pause,NA,NA,NA,NA,0.0,0,-45.7,-42.24,[],0,0,[],[]
28896320,28897120,NA,NOF,0.0,854,pause,NA,NA,NA,NA,0.0,0,-33.35,-20.04,[],0,0,[],[]
28897120,28898750,CHI,CHN,0.0,854,CM,BC,0,NT,FI,1.0,1460,-23.27,-15.54,"[{'Canonical-syllable': '1', 'Growl': '0', 'High-freq-energy': '0', 'Long-island': '0', 'Low-tilt-spectrum': '0', 'Medium-island': '0', 'Short-island': '1', 'Squeal': '0', 'Typical-entropy': '0', 'Voicing-quality': '2', 'Wide-band': '0', 'Xlong-island': '1', 'seq': '1', 'end': 28898.58, 'start': 28897.12}]",0,0,[],[]
28898750,28899750,NA,FAF,0.0,854,CM,NA,NA,NA,NA,0.0,0,-41.68,-33.98,[],0,0,[],[]
28899750,28900880,NA,NOF,0.0,854,CM,NA,NA,NA,NA,0.0,0,-42.9,-31.67,[],0,0,[],[]
28900880,28902040,CHI,CHN,0.0,854,CM,RC,0,NT,FH,1.0,1160,-21.92,-11.33,"[{'Canonical-syllable': '0', 'Growl': '1', 'High-freq-energy': '0', 'Long-island': '1', 'Low-tilt-spectrum': '1', 'Medium-island': '0', 'Short-island': '1', 'Squeal': '0', 'Typical-entropy': '1', 'Voicing-quality': '2', 'Wide-band': '0', 'Xlong-island': '0', 'seq': '1', 'end': 28902.04, 'start': 28900.88}]",0,0,[],[]
28902040,28903090,NA,SIL,0.0,854,CM,NA,NA,NA,NA,0.0,0,-43.6,-30.46,[],0,0,[],[]
28903090,28904390,NA,TVF,0.0,854,CM,NA,NA,NA,NA,0.0,0,-46.57,-40.49,[],0,0,[],[]
28904390,28905190,NA,SIL,0.0,854,CM,NA,NA,NA,NA,0.0,0,-47.09,-42.37,[],0,0,[],[]
28905190,28905920,CHI,CHN,0.0,854,CM,RC,0,NT,FH,1.0,730,-28.39,-19.96,"[{'Canonical-syllable': '0', 'Growl': '1', 'High-freq-energy': '0', 'Long-island': '0', 'Low-tilt-spectrum': '1', 'Medium-island': '1', 'Short-island': '1', 'Squeal': '0', 'Typical-entropy': '1', 'Voicing-quality': '2', 'Wide-band': '0', 'Xlong-island': '0', 'seq': '1', 'end': 28905.92, 'start': 28905.19}]",0,0,[],[]
28905920,28906930,CHI,CHN,0.0,854,CM,EC,0,NT,FH,1.0,1010,-21.76,-14.51,"[{'Canonical-syllable': '0', 'Growl': '0', 'High-freq-energy': '0', 'Long-island': '0', 'Low-tilt-spectrum': '0', 'Medium-island': '0', 'Short-island': '0', 'Squeal': '0', 'Typical-entropy': '0', 'Voicing-quality': '1', 'Wide-band': '0', 'Xlong-island': '1', 'seq': '1', 'end': 28906.93, 'start': 28905.92}]",0,0,[],[]
28906930,28907730,NA,NOF,0.0,855,pause,NA,NA,NA,NA,0.0,0,-47.18,-43.64,[],0,0,[],[]
28907730,28909140,NA,SIL,0.0,855,pause,NA,NA,NA,NA,0.0,0,-47.6,-40.3,[],0,0,[],[]
28909140,28910520,NA,NOF,0.0,855,pause,NA,NA,NA,NA,0.0,0,-30.03,-11.35,[],0,0,[],[]
28910520,28913450,NA,SIL,0.0,855,pause,NA,NA,NA,NA,0.0,0,-47.65,-36.61,[],0,0,[],[]
28913450,28914370,NA,NOF,0.0,855,pause,NA,NA,NA,NA,0.0,0,-45.69,-39.97,[],0,0,[],[]
28914370,28916140,NA,SIL,0.0,855,pause,NA,NA,NA,NA,0.0,0,-47.77,-42.33,[],0,0,[],[]
28916140,28916940,NA,NOF,0.0,855,pause,NA,NA,NA,NA,0.0,0,-41.22,-28.52,[],0,0,[],[]
28916940,28918850,NA,SIL,0.0,855,pause,NA,NA,NA,NA,0.0,0,-47.81,-43.16,[],0,0,[],[]
28918850,28920390,NA,NOF,0.0,855,pause,NA,NA,NA,NA,0.0,0,-35.95,-21.09,[],0,0,[],[]
28920390,28921190,NA,SIL,0.0,855,pause,NA,NA,NA,NA,0.0,0,-46.32,-38.59,[],0,0,[],[]
28921190,28923580,NA,TVF,0.0,855,pause,NA,NA,NA,NA,0.0,0,-46.16,-40.42,[],0,0,[],[]
28923580,28925570,NA,SIL,0.0,855,pause,NA,NA,NA,NA,0.0,0,-48.12,-41.67,[],0,0,[],[]
28925570,28928000,NA,TVF,0.0,855,pause,NA,NA,NA,NA,0.0,0,-46.59,-40.48,[],0,0,[],[]
28928000,28930810,NA,SIL,0.0,855,pause,NA,NA,NA,NA,0.0,0,-39.09,-16.87,[],0,0,[],[]
28930810,28931810,NA,TVF,0.0,855,pause,NA,NA,NA,NA,0.0,0,-48.69,-44.17,[],0,0,[],[]
28931810,28932620,NA,SIL,0.0,855,pause,NA,NA,NA,NA,0.0,0,-48.66,-43.71,[],0,0,[],[]
28932620,28934170,NA,TVF,0.0,855,pause,NA,NA,NA,NA,0.0,0,-48.32,-42.18,[],0,0,[],[]
28934170,28936450,NA,SIL,0.0,855,pause,NA,NA,NA,NA,0.0,0,-48.6,-41.9,[],0,0,[],[]
28936450,28938010,CHI,CHN,0.0,855,CM,EC,0,NT,FI,1.0,1300,-19.17,-11.07,"[{'Canonical-syllable': '0', 'Growl': '1', 'High-freq-energy': '0', 'Long-island': '0', 'Low-tilt-spectrum': '0', 'Medium-island': '2', 'Short-island': '1', 'Squeal': '0', 'Typical-entropy': '2', 'Voicing-quality': '4', 'Wide-band': '0', 'Xlong-island': '0', 'seq': '1', 'end': 28937.75, 'start': 28936.45}]",0,0,[],[]
28938010,28939120,NA,NOF,0.0,856,pause,NA,NA,NA,NA,0.0,0,-38.92,-20.89,[],0,0,[],[]
28939120,28943600,NA,SIL,0.0,856,pause,NA,NA,NA,NA,0.0,0,-42.62,-21.72,[],0,0,[],[]
28943600,28948990,NA,NOF,0.0,856,pause,NA,NA,NA,NA,0.0,0,-42.95,-30.76,[],0,0,[],[]
28948990,28953050,NA,SIL,0.0,856,pause,NA,NA,NA,NA,0.0,0,-46.93,-40.87,[],0,0,[],[]
28953050,28954060,NA,TVF,0.0,856,pause,NA,NA,NA,NA,0.0,0,-46.71,-42.57,[],0,0,[],[]
28954060,28960750,NA,SIL,0.0,856,pause,NA,NA,NA,NA,0.0,0,-46.59,-39.41,[],0,0,[],[]
28960750,28961550,NA,NOF,0.0,856,pause,NA,NA,NA,NA,0.0,0,-41.9,-35.23,[],0,0,[],[]
28961550,28962660,NA,OLF,0.0,856,pause,NA,NA,NA,NA,0.0,0,-31.82,-17.11,[],0,0,[],[]
28962660,28969030,NA,NOF,0.0,856,pause,NA,NA,NA,NA,0.0,0,-32.37,-11.69,[],0,0,[],[]
28969030,28969900,NA,SIL,0.0,856,pause,NA,NA,NA,NA,0.0,0,-45.31,-39.43,[],0,0,[],[]
28969900,28971930,NA,NOF,0.0,856,pause,NA,NA,NA,NA,0.0,0,-40.19,-33.46,[],0,0,[],[]
28971930,28972940,NA,TVF,0.0,856,pause,NA,NA,NA,NA,0.0,0,-46.45,-40.17,[],0,0,[],[]
28972940,28973940,NA,SIL,0.0,856,pause,NA,NA,NA,NA,0.0,0,-45.84,-41.67,[],0,0,[],[]
28973940,28974810,NA,NOF,0.0,856,pause,NA,NA,NA,NA,0.0,0,-42.92,-36.23,[],0,0,[],[]
28974810,28976440,NA,SIL,0.0,856,pause,NA,NA,NA,NA,0.0,0,-44.83,-37.73,[],0,0,[],[]
28976440,28981550,NA,NOF,0.0,856,pause,NA,NA,NA,NA,0.0,0,-39.31,-28.53,[],0,0,[],[]
28981550,28983010,NA,SIL,0.0,856,pause,NA,NA,NA,NA,0.0,0,-45.03,-39.6,[],0,0,[],[]
28983010,28986370,NA,NOF,0.0,856,pause,NA,NA,NA,NA,0.0,0,-42.28,-33.61,[],0,0,[],[]
28986370,28988600,NA,SIL,0.0,856,pause,NA,NA,NA,NA,0.0,0,-45.79,-40.97,[],0,0,[],[]
28988600,28989500,NA,NON,0.0,856,pause,NA,NA,NA,NA,0.0,0,-37.74,-32.23,[],0,0,[],[]
28989500,28995050,NA,SIL,0.0,856,pause,NA,NA,NA,NA,0.0,0,-45.47,-38.11,[],0,0,[],[]
28995050,28995870,NA,NOF,0.0,856,pause,NA,NA,NA,NA,0.0,0,-41.49,-27.13,[],0,0,[],[]
28995870,29002550,NA,SIL,0.0,856,pause,NA,NA,NA,NA,0.0,0,-44.83,-33.38,[],0,0,[],[]
29002550,29003520,NA,NOF,0.0,856,pause,NA,NA,NA,NA,0.0,0,-40.88,-30.76,[],0,0,[],[]
29003520,29005600,CHI,CHN,0.0,856,CM,BC,0,NT,FI,1.0,1940,-22.07,-15.15,"[{'Canonical-syllable': '0', 'Growl': '0', 'High-freq-energy': '0', 'Long-island': '0', 'Low-tilt-spectrum': '2', 'Medium-island': '3', 'Short-island': '1', 'Squeal': '0', 'Typical-entropy': '4', 'Voicing-quality': '3', 'Wide-band': '0', 'Xlong-island': '0', 'seq': '1', 'end': 29005.46, 'start': 29003.52}]",0,0,[],[]
29005600,29007080,NA,NOF,0.0,856,CM,NA,NA,NA,NA,0.0,0,-45.06,-27.76,[],0,0,[],[]
29007080,29007880,NA,SIL,0.0,856,CM,NA,NA,NA,NA,0.0,0,-47.02,-42.25,[],0,0,[],[]
29007880,29010010,NA,NOF,0.0,856,CM,NA,NA,NA,NA,0.0,0,-27.55,-5.81,[],0,0,[],[]
29010010,29011970,CHI,CHN,0.0,856,CM,EC,0,NT,FH,1.0,1460,-20.18,-9.78,"[{'Canonical-syllable': '2', 'Growl': '0', 'High-freq-energy': '0', 'Long-island': '0', 'Low-tilt-spectrum': '0', 'Medium-island': '2', 'Short-island': '1', 'Squeal': '0', 'Typical-entropy': '0', 'Voicing-quality': '3', 'Wide-band': '0', 'Xlong-island': '0', 'seq': '1', 'end': 29011.47, 'start': 29010.01}]",0,0,[],[]
29011970,29013260,NA,FAF,0.0,857,pause,NA,NA,NA,NA,0.0,0,-41.53,-32.75,[],0,0,[],[]
29013260,29015600,NA,SIL,0.0,857,pause,NA,NA,NA,NA,0.0,0,-46.39,-39.61,[],0,0,[],[]
29015600,29016600,NA,FAF,0.0,857,pause,NA,NA,NA,NA,0.0,0,-44.72,-38.96,[],0,0,[],[]
29016600,29021490,NA,SIL,0.0,857,pause,NA,NA,NA,NA,0.0,0,-47.32,-40.08,[],0,0,[],[]
29021490,29022500,OCH,CXN,0.0,857,XIOCA,BC,0,NT,FI,0.0,0,-34.05,-23.59,[],0,0,[],[]
29022500,29023420,NA,NOF,0.0,857,XIOCA,NA,NA,NA,NA,0.0,0,-36.58,-23.18,[],0,0,[],[]
29023420,29024020,FEM,FAN,2.59,857,XIOCA,EC,0,NT,FI,0.0,0,-33.03,-23.11,[],0,0,[],[]
29024020,29033230,NA,NOF,0.0,858,pause,NA,NA,NA,NA,0.0,0,-33.48,-6.9,[],0,0,[],[]
29033230,29034030,OCH,CXN,0.0,858,XIC,BC,0,NT,FI,0.0,0,-23.73,-17.29,[],0,0,[],[]
29034030,29034630,CHI,CHN,0.0,858,XIC,RC,0,NT,FI,1.0,430,-20.43,-15.49,"[{'Canonical-syllable': '1', 'Growl': '0', 'High-freq-energy': '0', 'Long-island': '0', 'Low-tilt-spectrum': '0', 'Medium-island': '1', 'Short-island': '0', 'Squeal': '0', 'Typical-entropy': '0', 'Voicing-quality': '1', 'Wide-band': '0', 'Xlong-island': '0', 'seq': '1', 'end': 29034.46, 'start': 29034.15}]",0,0,[],[]
29034630,29035660,CHI,CHN,0.0,858,XIC,RC,0,NT,FH,1.0,780,-17.6,-11.57,"[{'Canonical-syllable': '0', 'Growl': '0', 'High-freq-energy': '0', 'Long-island': '0', 'Low-tilt-spectrum': '0', 'Medium-island': '1', 'Short-island': '1', 'Squeal': '0', 'Typical-entropy': '0', 'Voicing-quality': '2', 'Wide-band': '0', 'Xlong-island': '0', 'seq': '1', 'end': 29035.41, 'start': 29034.85}]",0,0,[],[]
29035660,29036390,CHI,CHN,0.0,858,XIC,RC,0,NT,FH,1.0,560,-24.01,-18.74,"[{'Canonical-syllable': '0', 'Growl': '0', 'High-freq-energy': '0', 'Long-island': '0', 'Low-tilt-spectrum': '0', 'Medium-island': '1', 'Short-island': '0', 'Squeal': '0', 'Typical-entropy': '0', 'Voicing-quality': '1', 'Wide-band': '0', 'Xlong-island': '0', 'seq': '1', 'end': 29036.22, 'start': 29035.66}]",0,0,[],[]
29036390,29037340,NA,SIL,0.0,858,XIC,NA,NA,NA,NA,0.0,0,-49.75,-42.08,[],0,0,[],[]
29037340,29038390,CHI,CHN,0.0,858,XIC,RC,0,NT,FH,1.0,460,-22.46,-11.39,"[{'Canonical-syllable': '0', 'Growl': '0', 'High-freq-energy': '0', 'Long-island': '0', 'Low-tilt-spectrum': '0', 'Medium-island': '1', 'Short-island': '0', 'Squeal': '0', 'Typical-entropy': '0', 'Voicing-quality': '1', 'Wide-band': '0', 'Xlong-island': '0', 'seq': '1', 'end': 29037.8, 'start': 29037.34}]",0,0,[],[]
29038390,29039190,NA,NOF,0.0,858,XIC,NA,NA,NA,NA,0.0,0,-43.24,-36.07,[],0,0,[],[]
29039190,29042160,NA,OLN,0.0,858,XIC,NA,NA,NA,NA,0.0,0,-18.91,-5.6,[],0,0,[],[]
29042160,29042790,CHI,CHN,0.0,858,XIC,RC,0,TIFI,FH,2.0,290,-26.94,-18.01,"[{'Canonical-syllable': '0', 'Growl': '1', 'High-freq-energy': '0', 'Long-island': '0', 'Low-tilt-spectrum': '0', 'Medium-island': '0', 'Short-island': '1', 'Squeal': '0', 'Typical-entropy': '0', 'Voicing-quality': '1', 'Wide-band': '0', 'Xlong-island': '0', 'seq': '1', 'end': 29042.31, 'start': 29042.16}, {'Canonical-syllable': '0', 'Growl': '1', 'High-freq-energy': '0', 'Long-island': '0', 'Low-tilt-spectrum': '1', 'Medium-island': '0', 'Short-island': '0', 'Squeal': '0', 'Typical-entropy': '0', 'Voicing-quality': '1', 'Wide-band': '0', 'Xlong-island': '0', 'seq': '2', 'end': 29042.79, 'start': 29042.65}]",0,0,[],[]
29042790,29043990,NA,OLN,0.0,858,XIC,NA,NA,NA,NA,0.0,0,-20.07,-5.11,[],0,0,[],[]
29043990,29044600,FEM,FAN,2.85,858,XIC,RC,1,TIFR,FI,0.0,0,-36.99,-28.38,[],0,0,[],[]
29044600,29045490,NA,OLN,0.0,858,XIC,NA,NA,NA,NA,0.0,0,-35.65,-28.39,[],0,0,[],[]
29045490,29046570,MAL,MAN,5.83,858,XIC,RC,1,NT,FI,0.0,0,-31.33,-26.21,[],0,0,[],[]
29046570,29047430,NA,SIL,0.0,858,XIC,NA,NA,NA,NA,0.0,0,-49.45,-45.24,[],0,0,[],[]
29047430,29048430,MAL,MAN,1.25,858,XIC,RC,1,NT,FH,0.0,0,-39.21,-27.18,[],0,0,[],[]
29048430,29049240,NA,NOF,0.0,858,XIC,NA,NA,NA,NA,0.0,0,-42.91,-33.1,[],0,0,[],[]
29049240,29050210,NA,OLN,0.0,858,XIC,NA,NA,NA,NA,0.0,0,-31.84,-21.46,[],0,0,[],[]
29050210,29051970,MAL,MAN,4.76,858,XIC,EC,1,NT,FH,0.0,0,-26.46,-18.61,[],0,0,[],[]
29051970,29053200,NA,NOF,0.0,859,pause,NA,NA,NA,NA,0.0,0,-43.79,-32.63,[],0,0,[],[]
29053200,29054080,NA,SIL,0.0,859,pause,NA,NA,NA,NA,0.0,0,-48.25,-41.12,[],0,0,[],[]
29054080,29057940,NA,NOF,0.0,859,pause,NA,NA,NA,NA,0.0,0,-42.31,-22.42,[],0,0,[],[]
29057940,29058740,NA,OLN,0.0,859,pause,NA,NA,NA,NA,0.0,0,-30.96,-17.89,[],0,0,[],[]
29058740,29059340,OCH,CXN,0.0,859,XIC,BC,0,NT,FI,0.0,0,-14.98,-7.47,[],0,0,[],[]
29059340,29060140,NA,NOF,0.0,859,XIC,NA,NA,NA,NA,0.0,0,-49.47,-42.92,[],0,0,[],[]
29060140,29061340,CHI,CHN,0.0,859,XIC,RC,0,TIMI,FI,1.0,1200,-16.87,-10.19,"[{'Canonical-syllable': '0', 'Growl': '0', 'High-freq-energy': '0', 'Long-island': '0', 'Low-tilt-spectrum': '0', 'Medium-island': '1', 'Short-island': '1', 'Squeal': '0', 'Typical-entropy': '0', 'Voicing-quality': '3', 'Wide-band': '0', 'Xlong-island': '0', 'seq': '1', 'end': 29061.34, 'start': 29060.14}]",0,0,[],[]
29061340,29064640,MAL,MAN,11.18,859,XIC,RC,1,TIMR,FI,0.0,0,-28.63,-19.07,[],0,0,[],[]
29064640,29065440,NA,NOF,0.0,859,XIC,NA,NA,NA,NA,0.0,0,-46.12,-37.65,[],0,0,[],[]
29065440,29066440,CHI,CHN,0.0,859,XIC,RC,1,TIMI,FI,1.0,850,-15.28,-10.6,"[{'Canonical-syllable': '0', 'Growl': '0', 'High-freq-energy': '0', 'Long-island': '1', 'Low-tilt-spectrum': '0', 'Medium-island': '0', 'Short-island': '0', 'Squeal': '0', 'Typical-entropy': '1', 'Voicing-quality': '1', 'Wide-band': '0', 'Xlong-island': '0', 'seq': '1', 'end': 29066.29, 'start': 29065.44}]",0,0,[],[]
29066440,29067460,MAL,MAN,0.34,859,XIC,RC,2,TIMR,FI,0.0,0,-31.2,-22.0,[],0,0,[],[]
29067460,29069020,NA,NOF,0.0,859,XIC,NA,NA,NA,NA,0.0,0,-35.79,-17.66,[],0,0,[],[]
29069020,29069790,CHI,CHN,0.0,859,XIC,RC,2,TIMI,FI,1.0,410,-22.14,-15.88,"[{'Canonical-syllable': '0', 'Growl': '0', 'High-freq-energy': '0', 'Long-island': '0', 'Low-tilt-spectrum': '0', 'Medium-island': '1', 'Short-island': '0', 'Squeal': '0', 'Typical-entropy': '0', 'Voicing-quality': '1', 'Wide-band': '0', 'Xlong-island': '0', 'seq': '1', 'end': 29069.43, 'start': 29069.14}]",0,0,[],[]
29069790,29070700,NA,OLN,0.0,859,XIC,NA,NA,NA,NA,0.0,0,-24.86,-16.95,[],0,0,[],[]
29070700,29071700,MAL,MAN,4.04,859,XIC,RC,3,TIMR,FI,0.0,0,-24.51,-19.37,[],0,0,[],[]
29071700,29072750,NA,OLN,0.0,859,XIC,NA,NA,NA,NA,0.0,0,-23.82,-10.23,[],0,0,[],[]
29072750,29074000,CHI,CHN,0.0,859,XIC,RC,3,TIME,FI,1.0,1250,-17.81,-11.11,"[{'Canonical-syllable': '1', 'Growl': '0', 'High-freq-energy': '0', 'Long-island': '0', 'Low-tilt-spectrum': '0', 'Medium-island': '1', 'Short-island': '2', 'Squeal': '0', 'Typical-entropy': '0', 'Voicing-quality': '3', 'Wide-band': '0', 'Xlong-island': '0', 'seq': '1', 'end': 29074.0, 'start': 29072.98}]",0,0,[],[]
29074000,29074800,NA,OLN,0.0,859,XIC,NA,NA,NA,NA,0.0,0,-38.1,-23.57,[],0,0,[],[]
29074800,29078090,CHI,CHN,0.0,859,XIC,RC,3,TIMI,FH,3.0,2140,-19.89,-11.06,"[{'Canonical-syllable': '0', 'Growl': '0', 'High-freq-energy': '0', 'Long-island': '0', 'Low-tilt-spectrum': '0', 'Medium-island': '1', 'Short-island': '0', 'Squeal': '0', 'Typical-entropy': '0', 'Voicing-quality': '1', 'Wide-band': '0', 'Xlong-island': '0', 'seq': '1', 'end': 29075.15, 'start': 29074.8}, {'Canonical-syllable': '0', 'Growl': '0', 'High-freq-energy': '0', 'Long-island': '0', 'Low-tilt-spectrum': '0', 'Medium-island': '1', 'Short-island': '0', 'Squeal': '0', 'Typical-entropy': '1', 'Voicing-quality': '2', 'Wide-band': '0', 'Xlong-island': '1', 'seq': '2', 'end': 29077.44, 'start': 29075.88}, {'Canonical-syllable': '0', 'Growl': '1', 'High-freq-energy': '0', 'Long-island': '0', 'Low-tilt-spectrum': '0', 'Medium-island': '0', 'Short-island': '1', 'Squeal': '0', 'Typical-entropy': '1', 'Voicing-quality': '1', 'Wide-band': '0', 'Xlong-island': '0', 'seq': '3', 'end': 29078.09, 'start': 29077.86}]",0,0,[],[]
29078090,29079090,MAL,MAN,5.95,859,XIC,RC,4,TIMR,FI,0.0,0,-22.1,-12.09,[],0,0,[],[]
29079090,29080160,NA,SIL,0.0,859,XIC,NA,NA,NA,NA,0.0,0,-53.63,-43.73,[],0,0,[],[]
29080160,29081160,MAL,MAN,4.58,859,XIC,RC,4,NT,FH,0.0,0,-26.56,-18.55,[],0,0,[],[]
29081160,29082570,NA,SIL,0.0,859,XIC,NA,NA,NA,NA,0.0,0,-55.6,-42.19,[],0,0,[],[]
29082570,29084230,MAL,MAN,6.99,859,XIC,RC,4,NT,FH,0.0,0,-27.11,-18.79,[],0,0,[],[]
29084230,29085620,NA,SIL,0.0,859,XIC,NA,NA,NA,NA,0.0,0,-58.93,-50.48,[],0,0,[],[]
29085620,29086220,CHI,CHN,0.0,859,XIC,RC,4,TIFI,FI,1.0,310,-23.86,-17.42,"[{'Canonical-syllable': '0', 'Growl': '0', 'High-freq-energy': '0', 'Long-island': '0', 'Low-tilt-spectrum': '0', 'Medium-island': '0', 'Short-island': '1', 'Squeal': '0', 'Typical-entropy': '0', 'Voicing-quality': '1', 'Wide-band': '0', 'Xlong-island': '0', 'seq': '1', 'end': 29085.93, 'start': 29085.71}]",0,0,[],[]
29086220,29087310,NA,OLF,0.0,859,XIC,NA,NA,NA,NA,0.0,0,-43.58,-31.02,[],0,0,[],[]
29087310,29088770,FEM,FAN,4.93,859,XIC,RC,5,TIFR,FI,0.0,0,-24.55,-14.4,[],0,0,[],[]
29088770,29089770,MAL,MAN,3.3,859,XIC,RC,5,NT,FI,0.0,0,-25.12,-18.42,[],0,0,[],[]
29089770,29091150,NA,SIL,0.0,859,XIC,NA,NA,NA,NA,0.0,0,-50.3,-42.13,[],0,0,[],[]
29091150,29092490,CHI,CHN,0.0,859,XIC,RC,5,TIMI,FI,1.0,1050,-15.98,-6.77,"[{'Canonical-syllable': '0', 'Growl': '1', 'High-freq-energy': '0', 'Long-island': '1', 'Low-tilt-spectrum': '2', 'Medium-island': '0', 'Short-island': '1', 'Squeal': '0', 'Typical-entropy': '3', 'Voicing-quality': '2', 'Wide-band': '1', 'Xlong-island': '0', 'seq': '1', 'end': 29092.2, 'start': 29091.15}]",0,0,[],[]
29092490,29093630,MAL,MAN,2.49,859,XIC,RC,6,TIMR,FI,0.0,0,-27.16,-22.29,[],0,0,[],[]
29093630,29095040,NA,NOF,0.0,859,XIC,NA,NA,NA,NA,0.0,0,-35.99,-21.77,[],0,0,[],[]
29095040,29095900,NA,OLN,0.0,859,XIC,NA,NA,NA,NA,0.0,0,-25.83,-16.3,[],0,0,[],[]
29095900,29097050,MAL,MAN,0.0,859,XIC,NA,NA,NA,NA,0.0,0,-32.18,-24.26,[],1150,0,[],[]
29097050,29098740,CHI,CHN,0.0,859,XIC,RC,6,TIME,FI,1.0,1690,-19.86,-10.01,"[{'Canonical-syllable': '1', 'Growl': '0', 'High-freq-energy': '0', 'Long-island': '0', 'Low-tilt-spectrum': '0', 'Medium-island': '2', 'Short-island': '2', 'Squeal': '1', 'Typical-entropy': '2', 'Voicing-quality': '4', 'Wide-band': '1', 'Xlong-island': '0', 'seq': '1', 'end': 29098.74, 'start': 29097.32}]",0,0,[],[]
29098740,29099740,CHI,CHN,0.0,859,XIC,RC,6,NT,FH,1.0,890,-21.15,-13.67,"[{'Canonical-syllable': '0', 'Growl': '1', 'High-freq-energy': '0', 'Long-island': '0', 'Low-tilt-spectrum': '0', 'Medium-island': '2', 'Short-island': '0', 'Squeal': '0', 'Typical-entropy': '0', 'Voicing-quality': '2', 'Wide-band': '0', 'Xlong-island': '0', 'seq': '1', 'end': 29099.63, 'start': 29098.74}]",0,0,[],[]
29099740,29100350,CHI,CHN,0.0,859,XIC,RC,6,TIMI,FH,1.0,610,-20.84,-16.29,"[{'Canonical-syllable': '0', 'Growl': '1', 'High-freq-energy': '0', 'Long-island': '0', 'Low-tilt-spectrum': '1', 'Medium-island': '1', 'Short-island': '0', 'Squeal': '0', 'Typical-entropy': '0', 'Voicing-quality': '1', 'Wide-band': '0', 'Xlong-island': '0', 'seq': '1', 'end': 29100.35, 'start': 29099.74}]",0,0,[],[]
29100350,29101350,MAL,MAN,4.52,859,XIC,RC,7,TIMR,FI,0.0,0,-23.17,-13.56,[],0,0,[],[]
29101350,29102210,NA,NOF,0.0,859,XIC,NA,NA,NA,NA,0.0,0,-50.87,-44.49,[],0,0,[],[]
29102210,29104270,CHI,CHN,0.0,859,XIC,RC,7,TIMI,FI,2.0,1750,-16.98,-9.75,"[{'Canonical-syllable': '1', 'Growl': '0', 'High-freq-energy': '0', 'Long-island': '0', 'Low-tilt-spectrum': '0', 'Medium-island': '2', 'Short-island': '0', 'Squeal': '0', 'Typical-entropy': '0', 'Voicing-quality': '2', 'Wide-band': '0', 'Xlong-island': '0', 'seq': '1', 'end': 29102.94, 'start': 29102.21}, {'Canonical-syllable': '0', 'Growl': '0', 'High-freq-energy': '0', 'Long-island': '0', 'Low-tilt-spectrum': '0', 'Medium-island': '2', 'Short-island': '0', 'Squeal': '0', 'Typical-entropy': '2', 'Voicing-quality': '2', 'Wide-band': '0', 'Xlong-island': '0', 'seq': '2', 'end': 29104.27, 'start': 29103.25}]",0,0,[],[]
29104270,29106830,MAL,MAN,7.41,859,XIC,RC,8,TIMR,FI,0.0,0,-29.06,-18.25,[],0,0,[],[]
29106830,29110000,NA,NOF,0.0,859,XIC,NA,NA,NA,NA,0.0,0,-41.86,-29.82,[],0,0,[],[]
29110000,29111420,CHI,CHN,0.0,859,XIC,RC,8,TIMI,FI,1.0,1030,-17.51,-8.88,"[{'Canonical-syllable': '1', 'Growl': '0', 'High-freq-energy': '0', 'Long-island': '1', 'Low-tilt-spectrum': '0', 'Medium-island': '0', 'Short-island': '1', 'Squeal': '0', 'Typical-entropy': '0', 'Voicing-quality': '2', 'Wide-band': '0', 'Xlong-island': '0', 'seq': '1', 'end': 29111.03, 'start': 29110.0}]",0,0,[],[]
29111420,29112660,MAL,MAN,6.13,859,XIC,RC,9,TIMR,FI,0.0,0,-30.75,-21.43,[],0,0,[],[]
29112660,29114400,NA,SIL,0.0,859,XIC,NA,NA,NA,NA,0.0,0,-53.21,-40.91,[],0,0,[],[]
29114400,29115220,NA,NOF,0.0,859,XIC,NA,NA,NA,NA,0.0,0,-49.88,-41.6,[],0,0,[],[]
29115220,29116050,NA,SIL,0.0,859,XIC,NA,NA,NA,NA,0.0,0,-50.76,-38.23,[],0,0,[],[]
29116050,29117920,MAL,MAN,5.81,859,XIC,RC,9,NT,FH,0.0,0,-24.65,-18.91,[],0,0,[],[]
29117920,29119090,NA,NOF,0.0,859,XIC,NA,NA,NA,NA,0.0,0,-48.8,-41.24,[],0,0,[],[]
29119090,29120040,NA,SIL,0.0,859,XIC,NA,NA,NA,NA,0.0,0,-55.55,-47.92,[],0,0,[],[]
29120040,29121600,NA,NOF,0.0,859,XIC,NA,NA,NA,NA,0.0,0,-39.37,-23.83,[],0,0,[],[]
29121600,29122690,NA,OLN,0.0,859,XIC,NA,NA,NA,NA,0.0,0,-18.34,-6.0,[],0,0,[],[]
29122690,29123340,CHI,CHN,0.0,859,XIC,RC,9,TIME,FI,1.0,650,-15.24,-11.18,"[{'Canonical-syllable': '1', 'Growl': '0', 'High-freq-energy': '0', 'Long-island': '0', 'Low-tilt-spectrum': '0', 'Medium-island': '1', 'Short-island': '0', 'Squeal': '0', 'Typical-entropy': '1', 'Voicing-quality': '1', 'Wide-band': '0', 'Xlong-island': '0', 'seq': '1', 'end': 29123.34, 'start': 29122.69}]",0,0,[],[]
29123340,29124190,NA,OLN,0.0,859,XIC,NA,NA,NA,NA,0.0,0,-18.9,-9.08,[],0,0,[],[]
29124190,29125000,NA,OLF,0.0,859,XIC,NA,NA,NA,NA,0.0,0,-30.97,-16.82,[],0,0,[],[]
29125000,29125730,CHI,CHN,0.0,859,XIC,RC,9,NT,FH,1.0,730,-17.83,-10.93,"[{'Canonical-syllable': '0', 'Growl': '0', 'High-freq-energy': '0', 'Long-island': '0', 'Low-tilt-spectrum': '0', 'Medium-island': '1', 'Short-island': '1', 'Squeal': '0', 'Typical-entropy': '1', 'Voicing-quality': '2', 'Wide-band': '0', 'Xlong-island': '0', 'seq': '1', 'end': 29125.73, 'start': 29125.0}]",0,0,[],[]
29125730,29126530,NA,FAF,0.0,859,XIC,NA,NA,NA,NA,0.0,0,-46.54,-33.92,[],0,0,[],[]
29126530,29128030,CHI,CHN,0.0,859,XIC,RC,9,TIMI,FH,1.0,980,-21.46,-11.47,"[{'Canonical-syllable': '0', 'Growl': '1', 'High-freq-energy': '1', 'Long-island': '0', 'Low-tilt-spectrum': '0', 'Medium-island': '1', 'Short-island': '1', 'Squeal': '0', 'Typical-entropy': '1', 'Voicing-quality': '3', 'Wide-band': '0', 'Xlong-island': '0', 'seq': '1', 'end': 29127.51, 'start': 29126.53}]",0,0,[],[]
29128030,29129820,MAL,MAN,5.85,859,XIC,RC,10,TIMR,FI,0.0,0,-20.57,-14.08,[],0,0,[],[]
29129820,29133240,NA,SIL,0.0,859,XIC,NA,NA,NA,NA,0.0,0,-59.56,-42.13,[],0,0,[],[]
29133240,29134310,CHI,CHN,0.0,859,XIC,RC,10,TIMI,FI,1.0,1070,-16.82,-10.68,"[{'Canonical-syllable': '0', 'Growl': '0', 'High-freq-energy': '0', 'Long-island': '0', 'Low-tilt-spectrum': '0', 'Medium-island': '2', 'Short-island': '0', 'Squeal': '0', 'Typical-entropy': '0', 'Voicing-quality': '2', 'Wide-band': '0', 'Xlong-island': '0', 'seq': '1', 'end': 29134.31, 'start': 29133.24}]",0,0,[],[]
29134310,29135310,MAL,MAN,1.89,859,XIC,RC,11,TIMR,FI,0.0,0,-21.85,-15.48,[],0,0,[],[]
29135310,29136640,CHI,CHN,0.0,859,XIC,RC,11,TIMI,FI,1.0,1030,-20.9,-12.49,"[{'Canonical-syllable': '1', 'Growl': '0', 'High-freq-energy': '0', 'Long-island': '0', 'Low-tilt-spectrum': '0', 'Medium-island': '0', 'Short-island': '3', 'Squeal': '0', 'Typical-entropy': '1', 'Voicing-quality': '3', 'Wide-band': '0', 'Xlong-island': '0', 'seq': '1', 'end': 29136.34, 'start': 29135.47}]",0,0,[],[]
29136640,29137920,MAL,MAN,4.33,859,XIC,RC,12,TIMR,FI,0.0,0,-27.47,-20.52,[],0,0,[],[]
29137920,29139360,NA,SIL,0.0,859,XIC,NA,NA,NA,NA,0.0,0,-52.06,-40.81,[],0,0,[],[]
29139360,29140870,MAL,MAN,8.36,859,XIC,EC,12,NT,FH,0.0,0,-20.36,-15.72,[],0,0,[],[]
29140870,29143070,NA,SIL,0.0,860,pause,NA,NA,NA,NA,0.0,0,-59.87,-45.62,[],0,0,[],[]
29143070,29144330,NA,TVF,0.0,860,pause,NA,NA,NA,NA,0.0,0,-53.27,-47.41,[],0,0,[],[]
29144330,29147880,NA,SIL,0.0,860,pause,NA,NA,NA,NA,0.0,0,-61.37,-51.91,[],0,0,[],[]
29147880,29149480,CHI,CHN,0.0,860,pause,NA,NA,NA,NA,0.0,0,-14.1,-2.72,[],0,1450,"[{'start': 29148.03, 'end': 29149.48}]",[]
29149480,29150480,CHI,CHN,0.0,860,CIC,BC,0,NT,FI,1.0,330,-22.71,-14.23,"[{'Canonical-syllable': '0', 'Growl': '0', 'High-freq-energy': '0', 'Long-island': '0', 'Low-tilt-spectrum': '0', 'Medium-island': '1', 'Short-island': '0', 'Squeal': '0', 'Typical-entropy': '0', 'Voicing-quality': '1', 'Wide-band': '0', 'Xlong-island': '0', 'seq': '1', 'end': 29149.81, 'start': 29149.48}]",0,0,[],[]
29150480,29151150,CHI,CHN,0.0,860,CIC,RC,0,TIFI,FH,1.0,670,-14.22,-8.76,"[{'Canonical-syllable': '1', 'Growl': '0', 'High-freq-energy': '0', 'Long-island': '0', 'Low-tilt-spectrum': '1', 'Medium-island': '1', 'Short-island': '1', 'Squeal': '0', 'Typical-entropy': '2', 'Voicing-quality': '2', 'Wide-band': '0', 'Xlong-island': '0', 'seq': '1', 'end': 29151.15, 'start': 29150.48}]",0,0,[],[]
29151150,29152520,FEM,FAN,9.0,860,CIC,RC,1,TIFR,FI,0.0,0,-19.33,-11.45,[],0,0,[],[]
29152520,29153640,NA,SIL,0.0,860,CIC,NA,NA,NA,NA,0.0,0,-48.06,-42.61,[],0,0,[],[]
29153640,29155380,NA,NOF,0.0,860,CIC,NA,NA,NA,NA,0.0,0,-44.79,-35.58,[],0,0,[],[]
29155380,29156380,CHI,CHN,0.0,860,CIC,RC,1,TIFE,FI,1.0,630,-22.15,-14.46,"[{'Canonical-syllable': '1', 'Growl': '0', 'High-freq-energy': '0', 'Long-island': '0', 'Low-tilt-spectrum': '0', 'Medium-island': '1', 'Short-island': '0', 'Squeal': '0', 'Typical-entropy': '0', 'Voicing-quality': '1', 'Wide-band': '0', 'Xlong-island': '0', 'seq': '1', 'end': 29156.38, 'start': 29155.75}]",0,0,[],[]
29156380,29158160,CHI,CHN,0.0,860,CIC,RC,1,TIMI,FH,1.0,1780,-17.65,-12.11,"[{'Canonical-syllable': '0', 'Growl': '0', 'High-freq-energy': '0', 'Long-island': '1', 'Low-tilt-spectrum': '0', 'Medium-island': '1', 'Short-island': '1', 'Squeal': '0', 'Typical-entropy': '0', 'Voicing-quality': '3', 'Wide-band': '1', 'Xlong-island': '0', 'seq': '1', 'end': 29158.16, 'start': 29156.38}]",0,0,[],[]
29158160,29159160,MAL,MAN,3.35,860,CIC,RC,2,TIMR,FI,0.0,0,-28.6,-19.1,[],0,0,[],[]
29159160,29160100,NA,SIL,0.0,860,CIC,NA,NA,NA,NA,0.0,0,-52.97,-41.78,[],0,0,[],[]
29160100,29160840,OCH,CXN,0.0,860,CIC,RC,2,NT,FI,0.0,0,-24.48,-15.09,[],0,0,[],[]
29160840,29162250,MAL,MAN,4.34,860,CIC,RC,2,NT,FI,0.0,0,-29.65,-22.33,[],0,0,[],[]
29162250,29163650,FEM,FAN,2.63,860,CIC,RC,2,TIFI,FI,0.0,0,-18.56,-11.46,[],0,0,[],[]
29163650,29164470,NA,NOF,0.0,860,CIC,NA,NA,NA,NA,0.0,0,-44.92,-33.17,[],0,0,[],[]
29164470,29165620,CHI,CHN,0.0,860,CIC,RC,3,TIFR,FI,1.0,1150,-16.67,-11.09,"[{'Canonical-syllable': '0', 'Growl': '0', 'High-freq-energy': '0', 'Long-island': '1', 'Low-tilt-spectrum': '0', 'Medium-island': '1', 'Short-island': '0', 'Squeal': '0', 'Typical-entropy': '0', 'Voicing-quality': '2', 'Wide-band': '0', 'Xlong-island': '0', 'seq': '1', 'end': 29165.62, 'start': 29164.47}]",0,0,[],[]
29165620,29168160,MAL,MAN,10.7,860,CIC,RC,3,TIMI,FI,0.0,0,-23.9,-11.2,[],0,0,[],[]
29168160,29169680,NA,NOF,0.0,860,CIC,NA,NA,NA,NA,0.0,0,-44.67,-32.24,[],0,0,[],[]
29169680,29170500,CHI,CHN,0.0,860,CIC,RC,4,TIMR,FI,1.0,820,-15.62,-8.38,"[{'Canonical-syllable': '1', 'Growl': '0', 'High-freq-energy': '0', 'Long-island': '0', 'Low-tilt-spectrum': '1', 'Medium-island': '2', 'Short-island': '0', 'Squeal': '0', 'Typical-entropy': '1', 'Voicing-quality': '2', 'Wide-band': '0', 'Xlong-island': '0', 'seq': '1', 'end': 29170.5, 'start': 29169.68}]",0,0,[],[]
29170500,29171380,NA,NOF,0.0,860,CIC,NA,NA,NA,NA,0.0,0,-33.83,-17.71,[],0,0,[],[]
29171380,29172380,NA,MAF,0.0,860,CIC,NA,NA,NA,NA,0.0,0,-22.81,-7.72,[],0,0,[],[]
29172380,29173750,NA,NOF,0.0,860,CIC,NA,NA,NA,NA,0.0,0,-50.11,-41.1,[],0,0,[],[]
29173750,29174850,NA,SIL,0.0,860,CIC,NA,NA,NA,NA,0.0,0,-56.53,-49.48,[],0,0,[],[]
29174850,29176470,MAL,MAN,2.85,860,CIC,RC,4,TIMI,FI,0.0,0,-27.9,-13.98,[],0,0,[],[]
29176470,29177950,NA,SIL,0.0,860,CIC,NA,NA,NA,NA,0.0,0,-56.94,-48.7,[],0,0,[],[]
29177950,29178950,MAL,MAN,0.0,860,CIC,NA,NA,NA,NA,0.0,0,-21.92,-16.67,[],1000,0,[],[]
29178950,29179750,NA,SIL,0.0,860,CIC,NA,NA,NA,NA,0.0,0,-56.89,-52.31,[],0,0,[],[]
29179750,29180550,NA,NOF,0.0,860,CIC,NA,NA,NA,NA,0.0,0,-45.64,-35.35,[],0,0,[],[]
29180550,29181730,CHI,CHN,0.0,860,CIC,RC,5,TIMR,FI,1.0,320,-20.27,-11.58,"[{'Canonical-syllable': '0', 'Growl': '0', 'High-freq-energy': '0', 'Long-island': '0', 'Low-tilt-spectrum': '0', 'Medium-island': '1', 'Short-island': '0', 'Squeal': '0', 'Typical-entropy': '0', 'Voicing-quality': '1', 'Wide-band': '1', 'Xlong-island': '0', 'seq': '1', 'end': 29181.27, 'start': 29180.95}]",0,0,[],[]
29181730,29182420,CHI,CHN,0.0,860,CIC,RC,5,NT,FH,1.0,610,-18.25,-10.94,"[{'Canonical-syllable': '0', 'Growl': '0', 'High-freq-energy': '0', 'Long-island': '0', 'Low-tilt-spectrum': '1', 'Medium-island': '1', 'Short-island': '0', 'Squeal': '0', 'Typical-entropy': '1', 'Voicing-quality': '1', 'Wide-band': '0', 'Xlong-island': '0', 'seq': '1', 'end': 29182.34, 'start': 29181.87}]",0,0,[],[]
29182420,29183510,NA,SIL,0.0,860,CIC,NA,NA,NA,NA,0.0,0,-54.39,-42.41,[],0,0,[],[]
29183510,29185070,CHI,CHN,0.0,860,CIC,RC,5,NT,FH,1.0,1380,-18.05,-9.54,"[{'Canonical-syllable': '0', 'Growl': '0', 'High-freq-energy': '0', 'Long-island': '1', 'Low-tilt-spectrum': '1', 'Medium-island': '1', 'Short-island': '0', 'Squeal': '0', 'Typical-entropy': '0', 'Voicing-quality': '2', 'Wide-band': '0', 'Xlong-island': '0', 'seq': '1', 'end': 29184.89, 'start': 29183.73}]",0,0,[],[]
29185070,29187030,MAL,MAN,9.42,860,CIC,RC,5,TIME,FI,0.0,0,-20.68,-12.61,[],0,0,[],[]
29187030,29188100,NA,SIL,0.0,860,CIC,NA,NA,NA,NA,0.0,0,-56.79,-47.6,[],0,0,[],[]
29188100,29189100,OCH,CXN,0.0,860,CIC,RC,5,NT,FI,0.0,0,-26.88,-17.86,[],0,0,[],[]
29189100,29190010,NA,SIL,0.0,860,CIC,NA,NA,NA,NA,0.0,0,-60.82,-54.81,[],0,0,[],[]
29190010,29190810,NA,NOF,0.0,860,CIC,NA,NA,NA,NA,0.0,0,-49.45,-43.99,[],0,0,[],[]
29190810,29191890,MAL,MAN,4.5,860,CIC,RC,5,NT,FI,0.0,0,-22.74,-15.98,[],0,0,[],[]
29191890,29193920,NA,SIL,0.0,860,CIC,NA,NA,NA,NA,0.0,0,-57.45,-43.03,[],0,0,[],[]
29193920,29195110,MAL,MAN,4.82,860,CIC,EC,5,NT,FH,0.0,0,-26.1,-20.04,[],0,0,[],[]
29195110,29195910,NA,NOF,0.0,861,pause,NA,NA,NA,NA,0.0,0,-40.2,-29.44,[],0,0,[],[]
29195910,29197300,NA,SIL,0.0,861,pause,NA,NA,NA,NA,0.0,0,-54.06,-45.11,[],0,0,[],[]
29197300,29198100,NA,NOF,0.0,861,pause,NA,NA,NA,NA,0.0,0,-47.16,-30.96,[],0,0,[],[]
29198100,29199480,NA,SIL,0.0,861,pause,NA,NA,NA,NA,0.0,0,-60.26,-52.08,[],0,0,[],[]
29199480,29200520,MAL,MAN,0.0,861,pause,NA,NA,NA,NA,0.0,0,-32.3,-26.41,[],1040,0,[],[]
29200520,29201320,NA,NOF,0.0,861,pause,NA,NA,NA,NA,0.0,0,-47.74,-35.48,[],0,0,[],[]
29201320,29202610,MAL,MAN,3.11,861,AICM,BC,0,NT,FI,0.0,0,-18.65,-12.07,[],0,0,[],[]
29202610,29203610,FEM,FAN,4.75,861,AICM,RC,0,TIFI,FI,0.0,0,-19.77,-14.49,[],0,0,[],[]
29203610,29204750,NA,SIL,0.0,861,AICM,NA,NA,NA,NA,0.0,0,-56.23,-50.07,[],0,0,[],[]
29204750,29205550,NA,NOF,0.0,861,AICM,NA,NA,NA,NA,0.0,0,-47.18,-34.22,[],0,0,[],[]
29205550,29206300,CHI,CHN,0.0,861,AICM,RC,1,TIFR,FI,1.0,750,-14.23,-7.89,"[{'Canonical-syllable': '1', 'Growl': '0', 'High-freq-energy': '0', 'Long-island': '0', 'Low-tilt-spectrum': '0', 'Medium-island': '1', 'Short-island': '0', 'Squeal': '0', 'Typical-entropy': '1', 'Voicing-quality': '2', 'Wide-band': '0', 'Xlong-island': '0', 'seq': '1', 'end': 29206.3, 'start': 29205.55}]",0,0,[],[]
29206300,29207300,CHI,CHN,0.0,861,AICM,RC,1,NT,FH,1.0,1000,-17.39,-12.76,"[{'Canonical-syllable': '0', 'Growl': '0', 'High-freq-energy': '0', 'Long-island': '0', 'Low-tilt-spectrum': '0', 'Medium-island': '0', 'Short-island': '0', 'Squeal': '0', 'Typical-entropy': '0', 'Voicing-quality': '1', 'Wide-band': '0', 'Xlong-island': '1', 'seq': '1', 'end': 29207.3, 'start': 29206.3}]",0,0,[],[]
29207300,29208330,MAL,MAN,0.2,861,AICM,RC,1,TIME,FI,0.0,0,-21.47,-14.2,[],0,0,[],[]
29208330,29209330,FEM,FAN,2.6,861,AICM,RC,1,NT,FI,0.0,0,-21.54,-13.52,[],0,0,[],[]
29209330,29212680,NA,NOF,0.0,861,AICM,NA,NA,NA,NA,0.0,0,-33.78,-9.82,[],0,0,[],[]
29212680,29214370,MAL,MAN,5.53,861,AICM,RC,1,NT,FI,0.0,0,-21.49,-12.4,[],0,0,[],[]
29214370,29216250,NA,SIL,0.0,861,AICM,NA,NA,NA,NA,0.0,0,-53.03,-42.9,[],0,0,[],[]
29216250,29217510,MAL,MAN,4.75,861,AICM,RC,1,TIMI,FH,0.0,0,-20.63,-12.61,[],0,0,[],[]
29217510,29218510,NA,SIL,0.0,861,AICM,NA,NA,NA,NA,0.0,0,-57.84,-46.42,[],0,0,[],[]
29218510,29219510,CHI,CHN,0.0,861,AICM,RC,2,TIMR,FI,1.0,1000,-15.75,-10.43,"[{'Canonical-syllable': '0', 'Growl': '0', 'High-freq-energy': '0', 'Long-island': '1', 'Low-tilt-spectrum': '0', 'Medium-island': '0', 'Short-island': '0', 'Squeal': '0', 'Typical-entropy': '1', 'Voicing-quality': '1', 'Wide-band': '0', 'Xlong-island': '0', 'seq': '1', 'end': 29219.51, 'start': 29218.72}]",0,0,[],[]
29219510,29220530,MAL,MAN,1.26,861,AICM,RC,2,TIMI,FI,0.0,0,-28.38,-20.17,[],0,0,[],[]
29220530,29222230,NA,SIL,0.0,861,AICM,NA,NA,NA,NA,0.0,0,-59.08,-48.93,[],0,0,[],[]
29222230,29222830,CHI,CHN,0.0,861,AICM,RC,3,TIMR,FI,1.0,370,-19.54,-8.82,"[{'Canonical-syllable': '0', 'Growl': '0', 'High-freq-energy': '0', 'Long-island': '0', 'Low-tilt-spectrum': '0', 'Medium-island': '0', 'Short-island': '1', 'Squeal': '0', 'Typical-entropy': '0', 'Voicing-quality': '1', 'Wide-band': '0', 'Xlong-island': '0', 'seq': '1', 'end': 29222.6, 'start': 29222.42}]",0,0,[],[]
29222830,29224500,NA,NOF,0.0,861,AICM,NA,NA,NA,NA,0.0,0,-46.81,-30.49,[],0,0,[],[]
29224500,29226000,MAL,MAN,5.56,861,AICM,RC,3,TIMI,FI,0.0,0,-21.77,-14.34,[],0,0,[],[]
29226000,29226870,NA,NOF,0.0,861,AICM,NA,NA,NA,NA,0.0,0,-44.09,-30.57,[],0,0,[],[]
29226870,29227500,CHI,CHN,0.0,861,AICM,RC,4,TIMR,FI,1.0,390,-17.11,-9.83,"[{'Canonical-syllable': '0', 'Growl': '0', 'High-freq-energy': '0', 'Long-island': '0', 'Low-tilt-spectrum': '0', 'Medium-island': '1', 'Short-island': '0', 'Squeal': '0', 'Typical-entropy': '1', 'Voicing-quality': '1', 'Wide-band': '0', 'Xlong-island': '0', 'seq': '1', 'end': 29227.26, 'start': 29226.87}]",0,0,[],[]
29227500,29228680,NA,SIL,0.0,861,AICM,NA,NA,NA,NA,0.0,0,-57.16,-47.52,[],0,0,[],[]
29228680,29229680,MAL,MAN,6.17,861,AICM,RC,4,TIMI,FI,0.0,0,-23.65,-13.25,[],0,0,[],[]
29229680,29232120,NA,NOF,0.0,861,AICM,NA,NA,NA,NA,0.0,0,-42.14,-30.84,[],0,0,[],[]
29232120,29233140,CHI,CHN,0.0,861,AICM,RC,5,TIMR,FI,1.0,900,-18.51,-12.07,"[{'Canonical-syllable': '0', 'Growl': '0', 'High-freq-energy': '0', 'Long-island': '1', 'Low-tilt-spectrum': '0', 'Medium-island': '0', 'Short-island': '0', 'Squeal': '0', 'Typical-entropy': '0', 'Voicing-quality': '1', 'Wide-band': '0', 'Xlong-island': '0', 'seq': '1', 'end': 29233.02, 'start': 29232.12}]",0,0,[],[]
29233140,29234550,NA,NOF,0.0,861,AICM,NA,NA,NA,NA,0.0,0,-47.51,-33.15,[],0,0,[],[]
29234550,29236650,MAL,MAN,6.23,861,AICM,RC,5,TIME,FI,0.0,0,-21.68,-14.9,[],0,0,[],[]
29236650,29240690,NA,SIL,0.0,861,AICM,NA,NA,NA,NA,0.0,0,-45.37,-24.81,[],0,0,[],[]
29240690,29241690,FEM,FAN,8.5,861,AICM,RC,5,TIFI,FI,0.0,0,-22.71,-16.77,[],0,0,[],[]
29241690,29242290,CHI,CHN,0.0,861,AICM,RC,6,TIFR,FI,1.0,600,-25.35,-20.03,"[{'Canonical-syllable': '0', 'Growl': '0', 'High-freq-energy': '0', 'Long-island': '0', 'Low-tilt-spectrum': '0', 'Medium-island': '1', 'Short-island': '0', 'Squeal': '0', 'Typical-entropy': '0', 'Voicing-quality': '1', 'Wide-band': '0', 'Xlong-island': '0', 'seq': '1', 'end': 29242.29, 'start': 29241.69}]",0,0,[],[]
29242290,29243640,NA,NOF,0.0,861,AICM,NA,NA,NA,NA,0.0,0,-42.79,-33.56,[],0,0,[],[]
29243640,29244440,NA,OLN,0.0,861,AICM,NA,NA,NA,NA,0.0,0,-28.81,-23.0,[],0,0,[],[]
29244440,29245810,CHI,CHN,0.0,861,AICM,RC,6,NT,FH,1.0,1370,-18.06,-9.98,"[{'Canonical-syllable': '0', 'Growl': '0', 'High-freq-energy': '0', 'Long-island': '1', 'Low-tilt-spectrum': '1', 'Medium-island': '0', 'Short-island': '2', 'Squeal': '0', 'Typical-entropy': '1', 'Voicing-quality': '3', 'Wide-band': '0', 'Xlong-island': '0', 'seq': '1', 'end': 29245.81, 'start': 29244.6}]",0,0,[],[]
29245810,29246610,NA,FAF,0.0,861,AICM,NA,NA,NA,NA,0.0,0,-34.92,-24.79,[],0,0,[],[]
29246610,29247410,NA,OLN,0.0,861,AICM,NA,NA,NA,NA,0.0,0,-20.75,-10.81,[],0,0,[],[]
29247410,29248120,CHI,CHN,0.0,861,AICM,RC,6,NT,FH,1.0,710,-16.85,-10.98,"[{'Canonical-syllable': '1', 'Growl': '0', 'High-freq-energy': '0', 'Long-island': '0', 'Low-tilt-spectrum': '1', 'Medium-island': '1', 'Short-island': '1', 'Squeal': '0', 'Typical-entropy': '2', 'Voicing-quality': '2', 'Wide-band': '0', 'Xlong-island': '0', 'seq': '1', 'end': 29248.12, 'start': 29247.41}]",0,0,[],[]
29248120,29248920,NA,OLF,0.0,861,AICM,NA,NA,NA,NA,0.0,0,-36.55,-25.77,[],0,0,[],[]
29248920,29251280,CHI,CHN,0.0,861,AICM,RC,6,NT,FH,1.0,2260,-20.89,-9.97,"[{'Canonical-syllable': '1', 'Growl': '3', 'High-freq-energy': '0', 'Long-island': '1', 'Low-tilt-spectrum': '1', 'Medium-island': '0', 'Short-island': '3', 'Squeal': '0', 'Typical-entropy': '5', 'Voicing-quality': '5', 'Wide-band': '0', 'Xlong-island': '0', 'seq': '1', 'end': 29251.18, 'start': 29248.92}]",0,0,[],[]
29251280,29252140,NA,OLF,0.0,861,AICM,NA,NA,NA,NA,0.0,0,-28.86,-20.29,[],0,0,[],[]
29252140,29253020,NA,NOF,0.0,861,AICM,NA,NA,NA,NA,0.0,0,-41.92,-30.25,[],0,0,[],[]
29253020,29253950,CHI,CHN,0.0,861,AICM,RC,6,NT,FH,1.0,930,-20.53,-6.78,"[{'Canonical-syllable': '0', 'Growl': '1', 'High-freq-energy': '0', 'Long-island': '0', 'Low-tilt-spectrum': '0', 'Medium-island': '1', 'Short-island': '1', 'Squeal': '0', 'Typical-entropy': '1', 'Voicing-quality': '3', 'Wide-band': '0', 'Xlong-island': '0', 'seq': '1', 'end': 29253.95, 'start': 29253.02}]",0,0,[],[]
29253950,29255170,FEM,FAN,6.82,861,AICM,RC,6,TIFI,FI,0.0,0,-19.17,-11.51,[],0,0,[],[]
29255170,29256520,NA,SIL,0.0,861,AICM,NA,NA,NA,NA,0.0,0,-53.75,-39.11,[],0,0,[],[]
29256520,29257310,CHI,CHN,0.0,861,AICM,RC,7,TIFR,FI,2.0,480,-17.42,-9.36,"[{'Canonical-syllable': '0', 'Growl': '0', 'High-freq-energy': '0', 'Long-island': '0', 'Low-tilt-spectrum': '0', 'Medium-island': '1', 'Short-island': '0', 'Squeal': '0', 'Typical-entropy': '0', 'Voicing-quality': '1', 'Wide-band': '0', 'Xlong-island': '0', 'seq': '1', 'end': 29256.88, 'start': 29256.52}, {'Canonical-syllable': '0', 'Growl': '1', 'High-freq-energy': '0', 'Long-island': '0', 'Low-tilt-spectrum': '0', 'Medium-island': '0', 'Short-island': '0', 'Squeal': '0', 'Typical-entropy': '0', 'Voicing-quality': '1', 'Wide-band': '0', 'Xlong-island': '0', 'seq': '2', 'end': 29257.31, 'start': 29257.19}]",0,0,[],[]
29257310,29258530,CHI,CHN,0.0,861,AICM,RC,7,NT,FH,2.0,710,-17.26,-11.43,"[{'Canonical-syllable': '0', 'Growl': '0', 'High-freq-energy': '0', 'Long-island': '0', 'Low-tilt-spectrum': '0', 'Medium-island': '0', 'Short-island': '1', 'Squeal': '0', 'Typical-entropy': '0', 'Voicing-quality': '1', 'Wide-band': '0', 'Xlong-island': '0', 'seq': '1', 'end': 29257.51, 'start': 29257.31}, {'Canonical-syllable': '0', 'Growl': '0', 'High-freq-energy': '0', 'Long-island': '0', 'Low-tilt-spectrum': '0', 'Medium-island': '1', 'Short-island': '0', 'Squeal': '0', 'Typical-entropy': '0', 'Voicing-quality': '1', 'Wide-band': '0', 'Xlong-island': '0', 'seq': '2', 'end': 29258.45, 'start': 29257.94}]",0,0,[],[]
29258530,29259360,CHI,CHN,0.0,861,AICM,EC,7,NT,FH,1.0,700,-17.72,-11.32,"[{'Canonical-syllable': '1', 'Growl': '0', 'High-freq-energy': '0', 'Long-island': '0', 'Low-tilt-spectrum': '0', 'Medium-island': '1', 'Short-island': '0', 'Squeal': '0', 'Typical-entropy': '1', 'Voicing-quality': '1', 'Wide-band': '0', 'Xlong-island': '0', 'seq': '1', 'end': 29259.23, 'start': 29258.65}]",0,0,[],[]
29259360,29260170,NA,FAF,0.0,862,pause,NA,NA,NA,NA,0.0,0,-45.44,-36.53,[],0,0,[],[]
29260170,29261170,MAL,MAN,0.0,862,pause,NA,NA,NA,NA,0.0,0,-27.32,-22.16,[],1000,0,[],[]
29261170,29261970,NA,NOF,0.0,862,pause,NA,NA,NA,NA,0.0,0,-52.28,-45.75,[],0,0,[],[]
29261970,29264540,NA,SIL,0.0,862,pause,NA,NA,NA,NA,0.0,0,-56.37,-43.03,[],0,0,[],[]
29264540,29265340,NA,NOF,0.0,862,pause,NA,NA,NA,NA,0.0,0,-28.95,-11.91,[],0,0,[],[]
29265340,29266730,NA,OLN,0.0,862,pause,NA,NA,NA,NA,0.0,0,-23.32,-11.18,[],0,0,[],[]
29266730,29268530,NA,NOF,0.0,862,pause,NA,NA,NA,NA,0.0,0,-26.24,-8.98,[],0,0,[],[]
29268530,29269680,MAL,MAN,7.7,862,AICM,BC,0,TIMI,FI,0.0,0,-28.6,-22.84,[],0,0,[],[]
29269680,29270690,NA,NON,0.0,862,AICM,NA,NA,NA,NA,0.0,0,-32.07,-16.66,[],0,0,[],[]
29270690,29271590,NA,OLN,0.0,862,AICM,NA,NA,NA,NA,0.0,0,-20.2,-13.73,[],0,0,[],[]
29271590,29272350,CHI,CHN,0.0,862,AICM,RC,1,TIMR,FI,1.0,360,-19.46,-10.99,"[{'Canonical-syllable': '0', 'Growl': '0', 'High-freq-energy': '0', 'Long-island': '0', 'Low-tilt-spectrum': '0', 'Medium-island': '1', 'Short-island': '0', 'Squeal': '0', 'Typical-entropy': '1', 'Voicing-quality': '1', 'Wide-band': '0', 'Xlong-island': '0', 'seq': '1', 'end': 29271.95, 'start': 29271.59}]",0,0,[],[]
29272350,29273150,NA,OLN,0.0,862,AICM,NA,NA,NA,NA,0.0,0,-21.23,-13.2,[],0,0,[],[]
29273150,29276390,NA,NOF,0.0,862,AICM,NA,NA,NA,NA,0.0,0,-40.05,-20.34,[],0,0,[],[]
29276390,29277390,OCH,CXN,0.0,862,AICM,RC,1,NT,FI,0.0,0,-17.63,-10.69,[],0,0,[],[]
29277390,29277990,CHI,CHN,0.0,862,AICM,RC,1,TIMI,FI,1.0,600,-20.35,-13.59,"[{'Canonical-syllable': '0', 'Growl': '0', 'High-freq-energy': '0', 'Long-island': '0', 'Low-tilt-spectrum': '0', 'Medium-island': '1', 'Short-island': '0', 'Squeal': '0', 'Typical-entropy': '0', 'Voicing-quality': '1', 'Wide-band': '0', 'Xlong-island': '0', 'seq': '1', 'end': 29277.99, 'start': 29277.39}]",0,0,[],[]
29277990,29279130,MAL,MAN,4.86,862,AICM,RC,2,TIMR,FI,0.0,0,-22.31,-16.97,[],0,0,[],[]
29279130,29281440,NA,SIL,0.0,862,AICM,NA,NA,NA,NA,0.0,0,-53.24,-38.39,[],0,0,[],[]
29281440,29282440,MAL,MAN,0.0,862,AICM,NA,NA,NA,NA,0.0,0,-25.37,-19.23,[],1000,0,[],[]
29282440,29283490,NA,NOF,0.0,862,AICM,NA,NA,NA,NA,0.0,0,-42.44,-28.49,[],0,0,[],[]
29283490,29284960,CHI,CHN,0.0,862,AICM,RC,2,TIMI,FI,1.0,1470,-15.76,-9.0,"[{'Canonical-syllable': '0', 'Growl': '0', 'High-freq-energy': '0', 'Long-island': '1', 'Low-tilt-spectrum': '0', 'Medium-island': '1', 'Short-island': '0', 'Squeal': '0', 'Typical-entropy': '0', 'Voicing-quality': '2', 'Wide-band': '0', 'Xlong-island': '0', 'seq': '1', 'end': 29284.96, 'start': 29283.49}]",0,0,[],[]
29284960,29286120,MAL,MAN,4.01,862,AICM,RC,3,TIMR,FI,0.0,0,-25.34,-20.33,[],0,0,[],[]
29286120,29287110,NA,NOF,0.0,862,AICM,NA,NA,NA,NA,0.0,0,-43.42,-33.75,[],0,0,[],[]
29287110,29288450,CHI,CHN,0.0,862,AICM,RC,3,TIMI,FI,1.0,1340,-21.82,-16.25,"[{'Canonical-syllable': '0', 'Growl': '0', 'High-freq-energy': '0', 'Long-island': '0', 'Low-tilt-spectrum': '0', 'Medium-island': '0', 'Short-island': '0', 'Squeal': '0', 'Typical-entropy': '0', 'Voicing-quality': '1', 'Wide-band': '0', 'Xlong-island': '1', 'seq': '1', 'end': 29288.45, 'start': 29287.11}]",0,0,[],[]
29288450,29289450,MAL,MAN,4.42,862,AICM,RC,4,TIMR,FI,0.0,0,-23.45,-17.24,[],0,0,[],[]
29289450,29290260,NA,NOF,0.0,862,AICM,NA,NA,NA,NA,0.0,0,-50.01,-42.41,[],0,0,[],[]
29290260,29291060,NA,SIL,0.0,862,AICM,NA,NA,NA,NA,0.0,0,-55.09,-47.46,[],0,0,[],[]
29291060,29291860,NA,NOF,0.0,862,AICM,NA,NA,NA,NA,0.0,0,-50.17,-41.03,[],0,0,[],[]
29291860,29293140,OCH,CXN,0.0,862,AICM,RC,4,NT,FI,0.0,0,-24.6,-16.45,[],0,0,[],[]
29293140,29297210,CHI,CHN,0.0,862,AICM,RC,4,NT,FI,3.0,2960,-21.21,-11.36,"[{'Canonical-syllable': '0', 'Growl': '0', 'High-freq-energy': '0', 'Long-island': '0', 'Low-tilt-spectrum': '0', 'Medium-island': '0', 'Short-island': '0', 'Squeal': '0', 'Typical-entropy': '0', 'Voicing-quality': '1', 'Wide-band': '0', 'Xlong-island': '1', 'seq': '1', 'end': 29294.64, 'start': 29293.36}, {'Canonical-syllable': '2', 'Growl': '0', 'High-freq-energy': '0', 'Long-island': '0', 'Low-tilt-spectrum': '0', 'Medium-island': '0', 'Short-island': '2', 'Squeal': '0', 'Typical-entropy': '0', 'Voicing-quality': '2', 'Wide-band': '0', 'Xlong-island': '0', 'seq': '2', 'end': 29295.86, 'start': 29295.29}, {'Canonical-syllable': '0', 'Growl': '0', 'High-freq-energy': '0', 'Long-island': '1', 'Low-tilt-spectrum': '0', 'Medium-island': '0', 'Short-island': '1', 'Squeal': '0', 'Typical-entropy': '0', 'Voicing-quality': '2', 'Wide-band': '0', 'Xlong-island': '0', 'seq': '3', 'end': 29297.21, 'start': 29296.32}]",0,0,[],[]
29297210,29298030,OCH,CXN,0.0,862,AICM,RC,4,NT,FI,0.0,0,-22.68,-13.77,[],0,0,[],[]
29298030,29299640,CHI,CHN,0.0,862,AICM,RC,4,TIFI,FI,1.0,1610,-19.87,-10.76,"[{'Canonical-syllable': '0', 'Growl': '0', 'High-freq-energy': '0', 'Long-island': '1', 'Low-tilt-spectrum': '1', 'Medium-island': '1', 'Short-island': '1', 'Squeal': '0', 'Typical-entropy': '1', 'Voicing-quality': '3', 'Wide-band': '0', 'Xlong-island': '0', 'seq': '1', 'end': 29299.64, 'start': 29298.03}]",0,0,[],[]
29299640,29300650,FEM,FAN,2.21,862,AICM,RC,5,TIFR,FI,0.0,0,-23.24,-12.32,[],0,0,[],[]
29300650,29302440,CHI,CHN,0.0,862,AICM,RC,5,TIMI,FI,2.0,1380,-17.87,-11.27,"[{'Canonical-syllable': '1', 'Growl': '0', 'High-freq-energy': '0', 'Long-island': '0', 'Low-tilt-spectrum': '0', 'Medium-island': '1', 'Short-island': '0', 'Squeal': '0', 'Typical-entropy': '0', 'Voicing-quality': '1', 'Wide-band': '0', 'Xlong-island': '0', 'seq': '1', 'end': 29301.03, 'start': 29300.65}, {'Canonical-syllable': '0', 'Growl': '0', 'High-freq-energy': '0', 'Long-island': '0', 'Low-tilt-spectrum': '0', 'Medium-island': '2', 'Short-island': '0', 'Squeal': '0', 'Typical-entropy': '0', 'Voicing-quality': '2', 'Wide-band': '0', 'Xlong-island': '0', 'seq': '2', 'end': 29302.44, 'start': 29301.44}]",0,0,[],[]
29302440,29304030,MAL,MAN,6.49,862,AICM,RC,6,TIMR,FI,0.0,0,-22.63,-15.6,[],0,0,[],[]
29304030,29305690,NA,NOF,0.0,862,AICM,NA,NA,NA,NA,0.0,0,-44.77,-29.23,[],0,0,[],[]
29305690,29306290,FEM,FAN,3.64,862,AICM,RC,6,NT,FI,0.0,0,-26.19,-16.76,[],0,0,[],[]
29306290,29307090,NA,NON,0.0,862,AICM,NA,NA,NA,NA,0.0,0,-39.61,-31.17,[],0,0,[],[]
29307090,29308020,NA,SIL,0.0,862,AICM,NA,NA,NA,NA,0.0,0,-54.16,-48.39,[],0,0,[],[]
29308020,29309350,NA,NOF,0.0,862,AICM,NA,NA,NA,NA,0.0,0,-46.94,-36.2,[],0,0,[],[]
29309350,29310150,FEM,FAN,4.41,862,AICM,RC,6,NT,FH,0.0,0,-25.62,-15.16,[],0,0,[],[]
29310150,29310950,NA,NOF,0.0,862,AICM,NA,NA,NA,NA,0.0,0,-42.87,-35.45,[],0,0,[],[]
29310950,29311570,CHI,CHN,0.0,862,AICM,RC,6,TIFE,FI,1.0,620,-15.5,-9.39,"[{'Canonical-syllable': '0', 'Growl': '1', 'High-freq-energy': '0', 'Long-island': '0', 'Low-tilt-spectrum': '1', 'Medium-island': '1', 'Short-island': '0', 'Squeal': '0', 'Typical-entropy': '1', 'Voicing-quality': '1', 'Wide-band': '0', 'Xlong-island': '0', 'seq': '1', 'end': 29311.57, 'start': 29310.95}]",0,0,[],[]
29311570,29312370,CHI,CHN,0.0,862,AICM,RC,6,NT,FH,1.0,800,-22.07,-14.23,"[{'Canonical-syllable': '0', 'Growl': '0', 'High-freq-energy': '0', 'Long-island': '0', 'Low-tilt-spectrum': '0', 'Medium-island': '1', 'Short-island': '1', 'Squeal': '0', 'Typical-entropy': '2', 'Voicing-quality': '2', 'Wide-band': '0', 'Xlong-island': '0', 'seq': '1', 'end': 29312.37, 'start': 29311.7}]",0,0,[],[]
29312370,29313890,NA,NOF,0.0,862,AICM,NA,NA,NA,NA,0.0,0,-32.95,-13.54,[],0,0,[],[]
29313890,29314860,CHI,CHN,0.0,862,AICM,RC,6,NT,FH,1.0,970,-14.47,-4.56,"[{'Canonical-syllable': '1', 'Growl': '0', 'High-freq-energy': '0', 'Long-island': '0', 'Low-tilt-spectrum': '2', 'Medium-island': '1', 'Short-island': '1', 'Squeal': '0', 'Typical-entropy': '2', 'Voicing-quality': '2', 'Wide-band': '0', 'Xlong-island': '0', 'seq': '1', 'end': 29314.86, 'start': 29313.89}]",0,0,[],[]
29314860,29315960,CHI,CHN,0.0,862,AICM,RC,6,TIMI,FH,1.0,1020,-22.92,-17.02,"[{'Canonical-syllable': '1', 'Growl': '1', 'High-freq-energy': '0', 'Long-island': '0', 'Low-tilt-spectrum': '1', 'Medium-island': '2', 'Short-island': '0', 'Squeal': '0', 'Typical-entropy': '2', 'Voicing-quality': '2', 'Wide-band': '0', 'Xlong-island': '0', 'seq': '1', 'end': 29315.88, 'start': 29314.86}]",0,0,[],[]
29315960,29317200,MAL,MAN,7.13,862,AICM,RC,7,TIMR,FI,0.0,0,-22.45,-15.58,[],0,0,[],[]
29317200,29318010,NA,SIL,0.0,862,AICM,NA,NA,NA,NA,0.0,0,-53.88,-44.83,[],0,0,[],[]
29318010,29319270,CHI,CHN,0.0,862,AICM,RC,7,TIME,FI,1.0,1260,-15.79,-11.72,"[{'Canonical-syllable': '0', 'Growl': '0', 'High-freq-energy': '0', 'Long-island': '0', 'Low-tilt-spectrum': '0', 'Medium-island': '0', 'Short-island': '0', 'Squeal': '0', 'Typical-entropy': '0', 'Voicing-quality': '1', 'Wide-band': '0', 'Xlong-island': '1', 'seq': '1', 'end': 29319.27, 'start': 29318.09}]",0,0,[],[]
29319270,29320890,NA,NOF,0.0,862,AICM,NA,NA,NA,NA,0.0,0,-33.85,-16.38,[],0,0,[],[]
29320890,29322070,NA,SIL,0.0,862,AICM,NA,NA,NA,NA,0.0,0,-52.81,-41.05,[],0,0,[],[]
29322070,29322880,OCH,CXN,0.0,862,AICM,RC,7,NT,FI,0.0,0,-15.77,-11.08,[],0,0,[],[]
29322880,29323750,CHI,CHN,0.0,862,AICM,RC,7,TIMI,FI,1.0,590,-18.86,-11.43,"[{'Canonical-syllable': '1', 'Growl': '0', 'High-freq-energy': '0', 'Long-island': '0', 'Low-tilt-spectrum': '0', 'Medium-island': '1', 'Short-island': '0', 'Squeal': '0', 'Typical-entropy': '1', 'Voicing-quality': '1', 'Wide-band': '0', 'Xlong-island': '0', 'seq': '1', 'end': 29323.47, 'start': 29323.12}]",0,0,[],[]
29323750,29324910,MAL,MAN,2.7,862,AICM,RC,8,TIMR,FI,0.0,0,-23.59,-15.76,[],0,0,[],[]
29324910,29326230,NA,NOF,0.0,862,AICM,NA,NA,NA,NA,0.0,0,-29.45,-14.22,[],0,0,[],[]
29326230,29327650,OCH,CXN,0.0,862,AICM,RC,8,NT,FI,0.0,0,-26.14,-18.48,[],0,0,[],[]
29327650,29328650,MAL,MAN,0.44,862,AICM,RC,8,TIMI,FI,0.0,0,-30.02,-20.71,[],0,0,[],[]
29328650,29329870,NA,SIL,0.0,862,AICM,NA,NA,NA,NA,0.0,0,-56.49,-49.32,[],0,0,[],[]
29329870,29330670,NA,MAF,0.0,862,AICM,NA,NA,NA,NA,0.0,0,-45.57,-32.87,[],0,0,[],[]
29330670,29332450,CHI,CHN,0.0,862,AICM,RC,9,TIMR,FI,2.0,1300,-18.64,-12.29,"[{'Canonical-syllable': '0', 'Growl': '0', 'High-freq-energy': '0', 'Long-island': '0', 'Low-tilt-spectrum': '0', 'Medium-island': '1', 'Short-island': '0', 'Squeal': '0', 'Typical-entropy': '0', 'Voicing-quality': '1', 'Wide-band': '0', 'Xlong-island': '0', 'seq': '1', 'end': 29331.2, 'start': 29330.67}, {'Canonical-syllable': '1', 'Growl': '0', 'High-freq-energy': '0', 'Long-island': '0', 'Low-tilt-spectrum': '0', 'Medium-island': '1', 'Short-island': '1', 'Squeal': '0', 'Typical-entropy': '1', 'Voicing-quality': '2', 'Wide-band': '0', 'Xlong-island': '0', 'seq': '2', 'end': 29332.45, 'start': 29331.68}]",0,0,[],[]
29332450,29333550,MAL,MAN,3.61,862,AICM,RC,9,TIMI,FI,0.0,0,-19.9,-13.2,[],0,0,[],[]
29333550,29334550,CHI,CHN,0.0,862,AICM,RC,10,TIMR,FI,1.0,1000,-20.71,-13.75,"[{'Canonical-syllable': '1', 'Growl': '0', 'High-freq-energy': '0', 'Long-island': '0', 'Low-tilt-spectrum': '0', 'Medium-island': '0', 'Short-island': '3', 'Squeal': '0', 'Typical-entropy': '0', 'Voicing-quality': '3', 'Wide-band': '0', 'Xlong-island': '0', 'seq': '1', 'end': 29334.55, 'start': 29333.71}]",0,0,[],[]
29334550,29335440,CHI,CHN,0.0,862,AICM,RC,10,NT,FH,1.0,270,-25.86,-16.68,"[{'Canonical-syllable': '0', 'Growl': '0', 'High-freq-energy': '0', 'Long-island': '0', 'Low-tilt-spectrum': '0', 'Medium-island': '1', 'Short-island': '0', 'Squeal': '0', 'Typical-entropy': '0', 'Voicing-quality': '1', 'Wide-band': '0', 'Xlong-island': '0', 'seq': '1', 'end': 29334.82, 'start': 29334.55}]",0,0,[],[]
29335440,29337200,MAL,MAN,2.13,862,AICM,RC,10,TIMI,FI,0.0,0,-25.46,-18.05,[],0,0,[],[]
29337200,29338000,NA,SIL,0.0,862,AICM,NA,NA,NA,NA,0.0,0,-56.99,-44.85,[],0,0,[],[]
29338000,29338870,CHI,CHN,0.0,862,AICM,RC,11,TIMR,FI,1.0,870,-16.5,-12.1,"[{'Canonical-syllable': '0', 'Growl': '0', 'High-freq-energy': '0', 'Long-island': '0', 'Low-tilt-spectrum': '0', 'Medium-island': '1', 'Short-island': '1', 'Squeal': '0', 'Typical-entropy': '0', 'Voicing-quality': '2', 'Wide-band': '0', 'Xlong-island': '0', 'seq': '1', 'end': 29338.87, 'start': 29338.0}]",0,0,[],[]
29338870,29339880,CHI,CHN,0.0,862,AICM,RC,11,NT,FH,1.0,1010,-18.86,-9.98,"[{'Canonical-syllable': '0', 'Growl': '0', 'High-freq-energy': '0', 'Long-island': '0', 'Low-tilt-spectrum': '0', 'Medium-island': '1', 'Short-island': '1', 'Squeal': '0', 'Typical-entropy': '0', 'Voicing-quality': '2', 'Wide-band': '0', 'Xlong-island': '0', 'seq': '1', 'end': 29339.88, 'start': 29339.12}]",0,0,[],[]
29339880,29340880,MAL,MAN,2.81,862,AICM,RC,11,TIMI,FI,0.0,0,-25.01,-20.93,[],0,0,[],[]
29340880,29341770,NA,SIL,0.0,862,AICM,NA,NA,NA,NA,0.0,0,-57.88,-49.13,[],0,0,[],[]
29341770,29342370,CHI,CHN,0.0,862,AICM,RC,12,TIMR,FI,1.0,510,-26.0,-22.86,"[{'Canonical-syllable': '1', 'Growl': '0', 'High-freq-energy': '0', 'Long-island': '0', 'Low-tilt-spectrum': '0', 'Medium-island': '1', 'Short-island': '0', 'Squeal': '0', 'Typical-entropy': '1', 'Voicing-quality': '1', 'Wide-band': '0', 'Xlong-island': '0', 'seq': '1', 'end': 29342.28, 'start': 29341.77}]",0,0,[],[]
29342370,29346650,NA,NOF,0.0,862,AICM,NA,NA,NA,NA,0.0,0,-39.07,-18.97,[],0,0,[],[]
29346650,29348230,CHI,CHN,0.0,862,AICM,RC,12,NT,FH,2.0,1250,-19.33,-10.83,"[{'Canonical-syllable': '1', 'Growl': '0', 'High-freq-energy': '1', 'Long-island': '0', 'Low-tilt-spectrum': '0', 'Medium-island': '2', 'Short-island': '0', 'Squeal': '0', 'Typical-entropy': '1', 'Voicing-quality': '2', 'Wide-band': '0', 'Xlong-island': '0', 'seq': '1', 'end': 29347.7, 'start': 29346.65}, {'Canonical-syllable': '0', 'Growl': '0', 'High-freq-energy': '0', 'Long-island': '0', 'Low-tilt-spectrum': '0', 'Medium-island': '0', 'Short-island': '1', 'Squeal': '0', 'Typical-entropy': '0', 'Voicing-quality': '1', 'Wide-band': '0', 'Xlong-island': '0', 'seq': '2', 'end': 29348.23, 'start': 29348.03}]",0,0,[],[]
29348230,29349030,OCH,CXN,0.0,862,AICM,RC,12,NT,FI,0.0,0,-25.7,-20.8,[],0,0,[],[]
29349030,29350060,CHI,CHN,0.0,862,AICM,RC,12,NT,FI,1.0,600,-20.43,-14.14,"[{'Canonical-syllable': '0', 'Growl': '0', 'High-freq-energy': '0', 'Long-island': '0', 'Low-tilt-spectrum': '0', 'Medium-island': '1', 'Short-island': '0', 'Squeal': '0', 'Typical-entropy': '0', 'Voicing-quality': '1', 'Wide-band': '0', 'Xlong-island': '0', 'seq': '1', 'end': 29349.63, 'start': 29349.03}]",0,0,[],[]
29350060,29350660,CHI,CHN,0.0,862,AICM,RC,12,NT,FH,1.0,520,-29.72,-24.24,"[{'Canonical-syllable': '0', 'Growl': '1', 'High-freq-energy': '0', 'Long-island': '0', 'Low-tilt-spectrum': '0', 'Medium-island': '1', 'Short-island': '1', 'Squeal': '0', 'Typical-entropy': '1', 'Voicing-quality': '2', 'Wide-band': '0', 'Xlong-island': '0', 'seq': '1', 'end': 29350.58, 'start': 29350.06}]",0,0,[],[]
29350660,29351660,CHI,CHN,0.0,862,AICM,RC,12,TIMI,FH,1.0,280,-28.08,-18.79,"[{'Canonical-syllable': '0', 'Growl': '1', 'High-freq-energy': '0', 'Long-island': '0', 'Low-tilt-spectrum': '0', 'Medium-island': '0', 'Short-island': '1', 'Squeal': '0', 'Typical-entropy': '0', 'Voicing-quality': '1', 'Wide-band': '0', 'Xlong-island': '0', 'seq': '1', 'end': 29351.66, 'start': 29351.38}]",0,0,[],[]
29351660,29352700,MAL,MAN,3.98,862,AICM,RC,13,TIMR,FI,0.0,0,-26.17,-20.89,[],0,0,[],[]
29352700,29353500,NA,OLN,0.0,862,AICM,NA,NA,NA,NA,0.0,0,-28.68,-22.92,[],0,0,[],[]
29353500,29354320,NA,NOF,0.0,862,AICM,NA,NA,NA,NA,0.0,0,-39.14,-24.64,[],0,0,[],[]
29354320,29355320,OCH,CXN,0.0,862,AICM,RC,13,NT,FI,0.0,0,-24.66,-18.65,[],0,0,[],[]
29355320,29356040,OCH,CXN,0.0,862,AICM,RC,13,NT,FH,0.0,0,-18.45,-10.91,[],0,0,[],[]
29356040,29357280,NA,NOF,0.0,862,AICM,NA,NA,NA,NA,0.0,0,-49.3,-40.53,[],0,0,[],[]
29357280,29358490,CHI,CHN,0.0,862,AICM,RC,13,NT,FI,1.0,1060,-23.53,-14.32,"[{'Canonical-syllable': '1', 'Growl': '0', 'High-freq-energy': '0', 'Long-island': '0', 'Low-tilt-spectrum': '0', 'Medium-island': '2', 'Short-island': '0', 'Squeal': '0', 'Typical-entropy': '2', 'Voicing-quality': '2', 'Wide-band': '0', 'Xlong-island': '0', 'seq': '1', 'end': 29358.34, 'start': 29357.28}]",0,0,[],[]
29358490,29359410,CHI,CHN,0.0,862,AICM,RC,13,NT,FH,2.0,460,-18.77,-7.84,"[{'Canonical-syllable': '0', 'Growl': '0', 'High-freq-energy': '0', 'Long-island': '0', 'Low-tilt-spectrum': '0', 'Medium-island': '1', 'Short-island': '0', 'Squeal': '0', 'Typical-entropy': '1', 'Voicing-quality': '1', 'Wide-band': '0', 'Xlong-island': '0', 'seq': '1', 'end': 29358.82, 'start': 29358.49}, {'Canonical-syllable': '0', 'Growl': '0', 'High-freq-energy': '0', 'Long-island': '0', 'Low-tilt-spectrum': '0', 'Medium-island': '0', 'Short-island': '0', 'Squeal': '0', 'Typical-entropy': '0', 'Voicing-quality': '1', 'Wide-band': '0', 'Xlong-island': '0', 'seq': '2', 'end': 29359.41, 'start': 29359.28}]",0,0,[],[]
29359410,29360410,OCH,CXN,0.0,862,AICM,RC,13,NT,FI,0.0,0,-29.96,-20.5,[],0,0,[],[]
29360410,29361750,NA,NOF,0.0,862,AICM,NA,NA,NA,NA,0.0,0,-48.86,-36.28,[],0,0,[],[]
29361750,29362350,CHI,CHN,0.0,862,AICM,RC,13,NT,FI,1.0,600,-26.81,-20.14,"[{'Canonical-syllable': '1', 'Growl': '0', 'High-freq-energy': '0', 'Long-island': '0', 'Low-tilt-spectrum': '0', 'Medium-island': '1', 'Short-island': '0', 'Squeal': '0', 'Typical-entropy': '0', 'Voicing-quality': '1', 'Wide-band': '0', 'Xlong-island': '0', 'seq': '1', 'end': 29362.35, 'start': 29361.75}]",0,0,[],[]
29362350,29363150,OCH,CXN,0.0,862,AICM,RC,13,NT,FI,0.0,0,-29.39,-22.41,[],0,0,[],[]
29363150,29364860,CHI,CHN,0.0,862,AICM,RC,13,NT,FI,2.0,1010,-19.35,-9.74,"[{'Canonical-syllable': '0', 'Growl': '0', 'High-freq-energy': '0', 'Long-island': '0', 'Low-tilt-spectrum': '1', 'Medium-island': '1', 'Short-island': '0', 'Squeal': '0', 'Typical-entropy': '1', 'Voicing-quality': '1', 'Wide-band': '0', 'Xlong-island': '0', 'seq': '1', 'end': 29363.53, 'start': 29363.15}, {'Canonical-syllable': '0', 'Growl': '0', 'High-freq-energy': '0', 'Long-island': '1', 'Low-tilt-spectrum': '1', 'Medium-island': '0', 'Short-island': '0', 'Squeal': '0', 'Typical-entropy': '1', 'Voicing-quality': '1', 'Wide-band': '0', 'Xlong-island': '0', 'seq': '2', 'end': 29364.47, 'start': 29363.84}]",0,0,[],[]
29364860,29365840,OCH,CXN,0.0,862,AICM,RC,13,NT,FI,0.0,0,-24.61,-16.53,[],0,0,[],[]
29365840,29366790,CHI,CHN,0.0,862,AICM,RC,13,NT,FI,1.0,950,-21.89,-11.47,"[{'Canonical-syllable': '1', 'Growl': '0', 'High-freq-energy': '0', 'Long-island': '0', 'Low-tilt-spectrum': '0', 'Medium-island': '1', 'Short-island': '2', 'Squeal': '0', 'Typical-entropy': '0', 'Voicing-quality': '3', 'Wide-band': '0', 'Xlong-island': '0', 'seq': '1', 'end': 29366.79, 'start': 29365.84}]",0,0,[],[]
29366790,29367590,NA,OLN,0.0,862,AICM,NA,NA,NA,NA,0.0,0,-19.56,-6.5,[],0,0,[],[]
29367590,29368860,CHI,CHN,0.0,862,AICM,RC,13,NT,FH,2.0,690,-19.26,-11.85,"[{'Canonical-syllable': '0', 'Growl': '0', 'High-freq-energy': '0', 'Long-island': '0', 'Low-tilt-spectrum': '0', 'Medium-island': '1', 'Short-island': '0', 'Squeal': '0', 'Typical-entropy': '1', 'Voicing-quality': '1', 'Wide-band': '0', 'Xlong-island': '0', 'seq': '1', 'end': 29367.85, 'start': 29367.59}, {'Canonical-syllable': '2', 'Growl': '0', 'High-freq-energy': '0', 'Long-island': '0', 'Low-tilt-spectrum': '0', 'Medium-island': '0', 'Short-island': '2', 'Squeal': '0', 'Typical-entropy': '0', 'Voicing-quality': '2', 'Wide-band': '0', 'Xlong-island': '0', 'seq': '2', 'end': 29368.86, 'start': 29368.43}]",0,0,[],[]
29368860,29370880,NA,OLN,0.0,862,AICM,NA,NA,NA,NA,0.0,0,-17.58,-7.43,[],0,0,[],[]
29370880,29371480,CHI,CHN,0.0,862,AICM,RC,13,NT,FH,1.0,600,-17.34,-12.5,"[{'Canonical-syllable': '0', 'Growl': '0', 'High-freq-energy': '0', 'Long-island': '0', 'Low-tilt-spectrum': '0', 'Medium-island': '1', 'Short-island': '0', 'Squeal': '0', 'Typical-entropy': '1', 'Voicing-quality': '1', 'Wide-band': '0', 'Xlong-island': '0', 'seq': '1', 'end': 29371.48, 'start': 29370.88}]",0,0,[],[]
29371480,29373570,NA,OLN,0.0,862,AICM,NA,NA,NA,NA,0.0,0,-17.01,-8.04,[],0,0,[],[]
29373570,29374440,NA,NOF,0.0,862,AICM,NA,NA,NA,NA,0.0,0,-34.7,-21.5,[],0,0,[],[]
29374440,29375040,CHI,CHN,0.0,862,AICM,RC,13,NT,FH,1.0,420,-28.53,-19.13,"[{'Canonical-syllable': '0', 'Growl': '2', 'High-freq-energy': '0', 'Long-island': '0', 'Low-tilt-spectrum': '1', 'Medium-island': '0', 'Short-island': '2', 'Squeal': '0', 'Typical-entropy': '1', 'Voicing-quality': '1', 'Wide-band': '0', 'Xlong-island': '0', 'seq': '1', 'end': 29374.86, 'start': 29374.44}]",0,0,[],[]
29375040,29375840,NA,OLN,0.0,862,AICM,NA,NA,NA,NA,0.0,0,-20.03,-12.28,[],0,0,[],[]
29375840,29377200,CHI,CHN,0.0,862,AICM,RC,13,NT,FH,1.0,1360,-15.34,-7.59,"[{'Canonical-syllable': '1', 'Growl': '0', 'High-freq-energy': '0', 'Long-island': '1', 'Low-tilt-spectrum': '0', 'Medium-island': '1', 'Short-island': '0', 'Squeal': '0', 'Typical-entropy': '0', 'Voicing-quality': '2', 'Wide-band': '0', 'Xlong-island': '0', 'seq': '1', 'end': 29377.2, 'start': 29375.84}]",0,0,[],[]
29377200,29378310,NA,OLN,0.0,862,AICM,NA,NA,NA,NA,0.0,0,-23.59,-12.79,[],0,0,[],[]
29378310,29379560,CHI,CHN,0.0,862,AICM,RC,13,NT,FH,1.0,690,-20.09,-13.49,"[{'Canonical-syllable': '0', 'Growl': '0', 'High-freq-energy': '0', 'Long-island': '1', 'Low-tilt-spectrum': '0', 'Medium-island': '0', 'Short-island': '0', 'Squeal': '0', 'Typical-entropy': '0', 'Voicing-quality': '1', 'Wide-band': '0', 'Xlong-island': '0', 'seq': '1', 'end': 29379.0, 'start': 29378.31}]",0,0,[],[]
29379560,29380980,CHI,CHN,0.0,862,AICM,RC,13,NT,FH,1.0,1420,-15.59,-8.87,"[{'Canonical-syllable': '0', 'Growl': '0', 'High-freq-energy': '0', 'Long-island': '1', 'Low-tilt-spectrum': '2', 'Medium-island': '0', 'Short-island': '2', 'Squeal': '0', 'Typical-entropy': '1', 'Voicing-quality': '3', 'Wide-band': '0', 'Xlong-island': '0', 'seq': '1', 'end': 29380.98, 'start': 29379.56}]",0,0,[],[]
29380980,29381780,NA,NOF,0.0,862,AICM,NA,NA,NA,NA,0.0,0,-42.37,-32.68,[],0,0,[],[]
29381780,29382580,NA,OLN,0.0,862,AICM,NA,NA,NA,NA,0.0,0,-28.68,-18.75,[],0,0,[],[]
29382580,29384240,CHI,CHN,0.0,862,AICM,RC,13,NT,FH,1.0,1550,-23.47,-16.28,"[{'Canonical-syllable': '1', 'Growl': '0', 'High-freq-energy': '0', 'Long-island': '1', 'Low-tilt-spectrum': '0', 'Medium-island': '1', 'Short-island': '1', 'Squeal': '0', 'Typical-entropy': '0', 'Voicing-quality': '3', 'Wide-band': '0', 'Xlong-island': '0', 'seq': '1', 'end': 29384.13, 'start': 29382.58}]",0,0,[],[]
29384240,29385170,NA,SIL,0.0,862,AICM,NA,NA,NA,NA,0.0,0,-54.9,-46.7,[],0,0,[],[]
29385170,29385990,NA,NOF,0.0,862,AICM,NA,NA,NA,NA,0.0,0,-49.14,-34.96,[],0,0,[],[]
29385990,29386590,CHI,CHN,0.0,862,AICM,RC,13,TIMI,FH,1.0,350,-25.15,-18.41,"[{'Canonical-syllable': '0', 'Growl': '0', 'High-freq-energy': '0', 'Long-island': '0', 'Low-tilt-spectrum': '0', 'Medium-island': '1', 'Short-island': '0', 'Squeal': '0', 'Typical-entropy': '0', 'Voicing-quality': '1', 'Wide-band': '0', 'Xlong-island': '0', 'seq': '1', 'end': 29386.34, 'start': 29385.99}]",0,0,[],[]
29386590,29389860,NA,NOF,0.0,862,AICM,NA,NA,NA,NA,0.0,0,-38.07,-19.27,[],0,0,[],[]
29389860,29391360,MAL,MAN,5.84,862,AICM,RC,14,TIMR,FI,0.0,0,-32.88,-25.52,[],0,0,[],[]
29391360,29392340,NA,NOF,0.0,862,AICM,NA,NA,NA,NA,0.0,0,-29.35,-11.49,[],0,0,[],[]
29392340,29393220,OCH,CXN,0.0,862,AICM,RC,14,NT,FI,0.0,0,-27.21,-16.09,[],0,0,[],[]
29393220,29394130,NA,NOF,0.0,862,AICM,NA,NA,NA,NA,0.0,0,-51.67,-45.0,[],0,0,[],[]
29394130,29394890,CHI,CHN,0.0,862,AICM,RC,14,NT,FI,1.0,760,-15.39,-7.98,"[{'Canonical-syllable': '0', 'Growl': '0', 'High-freq-energy': '0', 'Long-island': '0', 'Low-tilt-spectrum': '1', 'Medium-island': '0', 'Short-island': '1', 'Squeal': '0', 'Typical-entropy': '2', 'Voicing-quality': '3', 'Wide-band': '0', 'Xlong-island': '0', 'seq': '1', 'end': 29394.89, 'start': 29394.22}]",0,0,[],[]
29394890,29396230,CHI,CHN,0.0,862,AICM,RC,14,NT,FH,1.0,1260,-20.12,-8.42,"[{'Canonical-syllable': '0', 'Growl': '1', 'High-freq-energy': '0', 'Long-island': '0', 'Low-tilt-spectrum': '0', 'Medium-island': '1', 'Short-island': '2', 'Squeal': '0', 'Typical-entropy': '1', 'Voicing-quality': '2', 'Wide-band': '0', 'Xlong-island': '0', 'seq': '1', 'end': 29396.15, 'start': 29394.89}]",0,0,[],[]
29396230,29397040,NA,SIL,0.0,862,AICM,NA,NA,NA,NA,0.0,0,-57.62,-47.25,[],0,0,[],[]
29397040,29397640,CHI,CHN,0.0,862,AICM,RC,14,TIMI,FH,1.0,440,-20.67,-11.8,"[{'Canonical-syllable': '0', 'Growl': '0', 'High-freq-energy': '0', 'Long-island': '0', 'Low-tilt-spectrum': '1', 'Medium-island': '1', 'Short-island': '0', 'Squeal': '0', 'Typical-entropy': '1', 'Voicing-quality': '1', 'Wide-band': '0', 'Xlong-island': '0', 'seq': '1', 'end': 29397.48, 'start': 29397.12}]",0,0,[],[]
29397640,29398690,MAL,MAN,0.21,862,AICM,RC,15,TIMR,FI,0.0,0,-31.07,-20.88,[],0,0,[],[]
29398690,29400000,NA,SIL,0.0,862,AICM,NA,NA,NA,NA,0.0,0,-46.07,-30.65,[],0,0,[],[]
29400000,29401000,MAL,MAN,4.51,862,AICM,RC,15,NT,FH,0.0,0,-33.25,-26.75,[],0,0,[],[]
29401000,29402380,NA,NOF,0.0,862,AICM,NA,NA,NA,NA,0.0,0,-42.99,-32.31,[],0,0,[],[]
29402380,29403690,CHI,CHN,0.0,862,AICM,RC,15,TIMI,FI,1.0,1310,-15.68,-6.04,"[{'Canonical-syllable': '1', 'Growl': '1', 'High-freq-energy': '0', 'Long-island': '1', 'Low-tilt-spectrum': '1', 'Medium-island': '0', 'Short-island': '2', 'Squeal': '0', 'Typical-entropy': '2', 'Voicing-quality': '3', 'Wide-band': '0', 'Xlong-island': '0', 'seq': '1', 'end': 29403.69, 'start': 29402.38}]",0,0,[],[]
29403690,29404900,MAL,MAN,3.37,862,AICM,RC,16,TIMR,FI,0.0,0,-23.24,-16.78,[],0,0,[],[]
29404900,29407620,NA,SIL,0.0,862,AICM,NA,NA,NA,NA,0.0,0,-52.74,-49.74,[],0,0,[],[]
29407620,29409080,MAL,MAN,3.92,862,AICM,RC,16,NT,FH,0.0,0,-31.59,-24.05,[],0,0,[],[]
29409080,29411830,NA,SIL,0.0,862,AICM,NA,NA,NA,NA,0.0,0,-56.18,-40.31,[],0,0,[],[]
29411830,29413310,MAL,MAN,4.45,862,AICM,EC,16,NT,FH,0.0,0,-28.18,-21.36,[],0,0,[],[]
29413310,29414470,NA,FAF,0.0,863,pause,NA,NA,NA,NA,0.0,0,-43.65,-35.39,[],0,0,[],[]
29414470,29416160,NA,SIL,0.0,863,pause,NA,NA,NA,NA,0.0,0,-52.11,-36.46,[],0,0,[],[]
29416160,29416970,NA,OLF,0.0,863,pause,NA,NA,NA,NA,0.0,0,-41.33,-29.62,[],0,0,[],[]
29416970,29417820,NA,SIL,0.0,863,pause,NA,NA,NA,NA,0.0,0,-53.03,-43.86,[],0,0,[],[]
29417820,29422270,NA,NOF,0.0,863,pause,NA,NA,NA,NA,0.0,0,-30.07,-8.36,[],0,0,[],[]
29422270,29423270,MAL,MAN,1.87,863,AICM,BC,0,TIMI,FI,0.0,0,-25.58,-17.36,[],0,0,[],[]
29423270,29424070,NA,SIL,0.0,863,AICM,NA,NA,NA,NA,0.0,0,-45.27,-33.26,[],0,0,[],[]
29424070,29424670,CHI,CHN,0.0,863,AICM,RC,1,TIMR,FI,1.0,600,-16.7,-10.73,"[{'Canonical-syllable': '0', 'Growl': '0', 'High-freq-energy': '0', 'Long-island': '0', 'Low-tilt-spectrum': '0', 'Medium-island': '1', 'Short-island': '0', 'Squeal': '0', 'Typical-entropy': '1', 'Voicing-quality': '1', 'Wide-band': '0', 'Xlong-island': '0', 'seq': '1', 'end': 29424.67, 'start': 29424.24}]",0,0,[],[]
29424670,29426380,CHI,CHN,0.0,863,AICM,RC,1,NT,FH,2.0,1180,-17.19,-8.08,"[{'Canonical-syllable': '0', 'Growl': '0', 'High-freq-energy': '0', 'Long-island': '0', 'Low-tilt-spectrum': '0', 'Medium-island': '1', 'Short-island': '0', 'Squeal': '1', 'Typical-entropy': '0', 'Voicing-quality': '2', 'Wide-band': '0', 'Xlong-island': '0', 'seq': '1', 'end': 29425.36, 'start': 29424.67}, {'Canonical-syllable': '0', 'Growl': '1', 'High-freq-energy': '0', 'Long-island': '0', 'Low-tilt-spectrum': '0', 'Medium-island': '0', 'Short-island': '2', 'Squeal': '1', 'Typical-entropy': '0', 'Voicing-quality': '2', 'Wide-band': '0', 'Xlong-island': '0', 'seq': '2', 'end': 29426.29, 'start': 29425.8}]",0,0,[],[]
29426380,29426980,CHI,CHN,0.0,863,AICM,RC,1,NT,FH,1.0,600,-18.82,-9.81,"[{'Canonical-syllable': '0', 'Growl': '0', 'High-freq-energy': '0', 'Long-island': '0', 'Low-tilt-spectrum': '0', 'Medium-island': '1', 'Short-island': '0', 'Squeal': '0', 'Typical-entropy': '0', 'Voicing-quality': '1', 'Wide-band': '0', 'Xlong-island': '0', 'seq': '1', 'end': 29426.98, 'start': 29426.48}]",0,0,[],[]
29426980,29428050,NA,NOF,0.0,863,AICM,NA,NA,NA,NA,0.0,0,-39.39,-26.43,[],0,0,[],[]
29428050,29429050,MAL,MAN,4.52,863,AICM,RC,1,TIMI,FI,0.0,0,-17.84,-12.03,[],0,0,[],[]
29429050,29431580,NA,NOF,0.0,863,AICM,NA,NA,NA,NA,0.0,0,-43.0,-32.77,[],0,0,[],[]
29431580,29432210,CHI,CHN,0.0,863,AICM,RC,2,TIMR,FI,1.0,550,-17.09,-11.52,"[{'Canonical-syllable': '1', 'Growl': '0', 'High-freq-energy': '0', 'Long-island': '0', 'Low-tilt-spectrum': '0', 'Medium-island': '1', 'Short-island': '0', 'Squeal': '0', 'Typical-entropy': '1', 'Voicing-quality': '1', 'Wide-band': '0', 'Xlong-island': '0', 'seq': '1', 'end': 29432.13, 'start': 29431.77}]",0,0,[],[]
29432210,29433010,NA,NOF,0.0,863,AICM,NA,NA,NA,NA,0.0,0,-35.42,-25.72,[],0,0,[],[]
29433010,29433810,NA,OLF,0.0,863,AICM,NA,NA,NA,NA,0.0,0,-37.09,-28.16,[],0,0,[],[]
29433810,29435310,NA,NOF,0.0,863,AICM,NA,NA,NA,NA,0.0,0,-47.92,-38.68,[],0,0,[],[]
29435310,29436310,MAL,MAN,1.41,863,AICM,RC,2,TIMI,FI,0.0,0,-30.68,-22.71,[],0,0,[],[]
29436310,29437330,NA,NOF,0.0,863,AICM,NA,NA,NA,NA,0.0,0,-48.48,-39.81,[],0,0,[],[]
29437330,29438330,CHI,CHN,0.0,863,AICM,RC,3,TIMR,FI,1.0,360,-20.9,-9.14,"[{'Canonical-syllable': '0', 'Growl': '0', 'High-freq-energy': '0', 'Long-island': '0', 'Low-tilt-spectrum': '1', 'Medium-island': '0', 'Short-island': '2', 'Squeal': '0', 'Typical-entropy': '1', 'Voicing-quality': '2', 'Wide-band': '0', 'Xlong-island': '0', 'seq': '1', 'end': 29438.15, 'start': 29437.79}]",0,0,[],[]
29438330,29438990,CHI,CHN,0.0,863,AICM,RC,3,NT,FH,1.0,660,-14.94,-7.8,"[{'Canonical-syllable': '0', 'Growl': '0', 'High-freq-energy': '1', 'Long-island': '0', 'Low-tilt-spectrum': '1', 'Medium-island': '1', 'Short-island': '1', 'Squeal': '0', 'Typical-entropy': '1', 'Voicing-quality': '2', 'Wide-band': '0', 'Xlong-island': '0', 'seq': '1', 'end': 29438.99, 'start': 29438.33}]",0,0,[],[]
29438990,29440000,CHI,CHN,0.0,863,AICM,RC,3,NT,FH,2.0,580,-26.07,-16.75,"[{'Canonical-syllable': '0', 'Growl': '1', 'High-freq-energy': '0', 'Long-island': '0', 'Low-tilt-spectrum': '0', 'Medium-island': '0', 'Short-island': '1', 'Squeal': '0', 'Typical-entropy': '1', 'Voicing-quality': '1', 'Wide-band': '0', 'Xlong-island': '0', 'seq': '1', 'end': 29439.17, 'start': 29438.99}, {'Canonical-syllable': '0', 'Growl': '1', 'High-freq-energy': '0', 'Long-island': '0', 'Low-tilt-spectrum': '0', 'Medium-island': '0', 'Short-island': '0', 'Squeal': '0', 'Typical-entropy': '1', 'Voicing-quality': '2', 'Wide-band': '0', 'Xlong-island': '0', 'seq': '2', 'end': 29440.0, 'start': 29439.6}]",0,0,[],[]
29440000,29440650,CHI,CHN,0.0,863,AICM,RC,3,NT,FH,1.0,530,-26.08,-17.2,"[{'Canonical-syllable': '0', 'Growl': '0', 'High-freq-energy': '0', 'Long-island': '0', 'Low-tilt-spectrum': '0', 'Medium-island': '0', 'Short-island': '2', 'Squeal': '0', 'Typical-entropy': '2', 'Voicing-quality': '1', 'Wide-band': '0', 'Xlong-island': '0', 'seq': '1', 'end': 29440.53, 'start': 29440.0}]",0,0,[],[]
29440650,29441720,NA,SIL,0.0,863,AICM,NA,NA,NA,NA,0.0,0,-48.16,-38.64,[],0,0,[],[]
29441720,29442980,CHI,CHN,0.0,863,AICM,RC,3,NT,FH,1.0,1180,-17.07,-11.39,"[{'Canonical-syllable': '0', 'Growl': '0', 'High-freq-energy': '0', 'Long-island': '0', 'Low-tilt-spectrum': '0', 'Medium-island': '2', 'Short-island': '0', 'Squeal': '0', 'Typical-entropy': '0', 'Voicing-quality': '3', 'Wide-band': '0', 'Xlong-island': '0', 'seq': '1', 'end': 29442.9, 'start': 29441.81}]",0,0,[],[]
29442980,29443820,CHI,CHN,0.0,863,AICM,RC,3,NT,FH,1.0,840,-19.98,-13.29,"[{'Canonical-syllable': '0', 'Growl': '0', 'High-freq-energy': '0', 'Long-island': '1', 'Low-tilt-spectrum': '0', 'Medium-island': '0', 'Short-island': '0', 'Squeal': '0', 'Typical-entropy': '0', 'Voicing-quality': '1', 'Wide-band': '0', 'Xlong-island': '0', 'seq': '1', 'end': 29443.82, 'start': 29443.11}]",0,0,[],[]
29443820,29444900,FEM,FAN,4.9,863,AICM,RC,3,TIFE,FI,0.0,0,-18.42,-12.94,[],0,0,[],[]
29444900,29446610,NA,SIL,0.0,863,AICM,NA,NA,NA,NA,0.0,0,-47.86,-43.43,[],0,0,[],[]
29446610,29448490,NA,NOF,0.0,863,AICM,NA,NA,NA,NA,0.0,0,-47.13,-39.76,[],0,0,[],[]
29448490,29449970,MAL,MAN,2.28,863,AICM,RC,3,TIMI,FI,0.0,0,-23.96,-9.65,[],0,0,[],[]
29449970,29450930,NA,NOF,0.0,863,AICM,NA,NA,NA,NA,0.0,0,-41.47,-28.47,[],0,0,[],[]
29450930,29452040,CHI,CHN,0.0,863,AICM,RC,4,TIMR,FI,1.0,280,-25.42,-16.52,"[{'Canonical-syllable': '0', 'Growl': '0', 'High-freq-energy': '0', 'Long-island': '0', 'Low-tilt-spectrum': '0', 'Medium-island': '0', 'Short-island': '1', 'Squeal': '0', 'Typical-entropy': '0', 'Voicing-quality': '1', 'Wide-band': '0', 'Xlong-island': '0', 'seq': '1', 'end': 29451.21, 'start': 29450.93}]",0,0,[],[]
29452040,29454060,CHI,CHN,0.0,863,AICM,RC,4,NT,FH,2.0,1490,-17.84,-9.84,"[{'Canonical-syllable': '0', 'Growl': '0', 'High-freq-energy': '0', 'Long-island': '0', 'Low-tilt-spectrum': '0', 'Medium-island': '1', 'Short-island': '0', 'Squeal': '0', 'Typical-entropy': '0', 'Voicing-quality': '1', 'Wide-band': '0', 'Xlong-island': '0', 'seq': '1', 'end': 29452.59, 'start': 29452.18}, {'Canonical-syllable': '0', 'Growl': '0', 'High-freq-energy': '0', 'Long-island': '0', 'Low-tilt-spectrum': '0', 'Medium-island': '2', 'Short-island': '0', 'Squeal': '0', 'Typical-entropy': '2', 'Voicing-quality': '2', 'Wide-band': '0', 'Xlong-island': '0', 'seq': '2', 'end': 29453.94, 'start': 29453.0}]",0,0,[],[]
29454060,29454860,NA,NOF,0.0,863,AICM,NA,NA,NA,NA,0.0,0,-43.31,-28.59,[],0,0,[],[]
29454860,29455730,CHI,CHN,0.0,863,AICM,RC,4,NT,FH,1.0,870,-15.98,-5.06,"[{'Canonical-syllable': '0', 'Growl': '0', 'High-freq-energy': '0', 'Long-island': '1', 'Low-tilt-spectrum': '2', 'Medium-island': '0', 'Short-island': '0', 'Squeal': '0', 'Typical-entropy': '2', 'Voicing-quality': '2', 'Wide-band': '0', 'Xlong-island': '0', 'seq': '1', 'end': 29455.73, 'start': 29454.86}]",0,0,[],[]
29455730,29457650,MAL,MAN,1.98,863,AICM,RC,4,TIME,FI,0.0,0,-31.18,-26.03,[],0,0,[],[]
29457650,29458450,NA,SIL,0.0,863,AICM,NA,NA,NA,NA,0.0,0,-43.92,-32.38,[],0,0,[],[]
29458450,29459430,NA,OLN,0.0,863,AICM,NA,NA,NA,NA,0.0,0,-24.15,-14.78,[],0,0,[],[]
29459430,29461570,NA,SIL,0.0,863,AICM,NA,NA,NA,NA,0.0,0,-55.37,-47.33,[],0,0,[],[]
29461570,29462620,MAL,MAN,4.92,863,AICM,RC,4,NT,FH,0.0,0,-33.85,-27.3,[],0,0,[],[]
29462620,29463420,NA,NOF,0.0,863,AICM,NA,NA,NA,NA,0.0,0,-44.0,-37.39,[],0,0,[],[]
29463420,29466210,NA,SIL,0.0,863,AICM,NA,NA,NA,NA,0.0,0,-58.87,-52.36,[],0,0,[],[]
29466210,29468320,OCH,CXN,0.0,863,AICM,RC,4,NT,FI,0.0,0,-25.13,-13.29,[],0,0,[],[]
29468320,29469290,CHI,CHN,0.0,863,AICM,RC,4,TIMI,FI,1.0,970,-14.75,-11.16,"[{'Canonical-syllable': '0', 'Growl': '0', 'High-freq-energy': '0', 'Long-island': '0', 'Low-tilt-spectrum': '0', 'Medium-island': '0', 'Short-island': '0', 'Squeal': '0', 'Typical-entropy': '0', 'Voicing-quality': '1', 'Wide-band': '0', 'Xlong-island': '1', 'seq': '1', 'end': 29469.29, 'start': 29468.32}]",0,0,[],[]
29469290,29470290,MAL,MAN,5.45,863,AICM,RC,5,TIMR,FI,0.0,0,-23.16,-14.03,[],0,0,[],[]
29470290,29471010,CHI,CHN,0.0,863,AICM,RC,5,TIME,FI,1.0,610,-18.55,-12.43,"[{'Canonical-syllable': '1', 'Growl': '0', 'High-freq-energy': '0', 'Long-island': '0', 'Low-tilt-spectrum': '0', 'Medium-island': '1', 'Short-island': '0', 'Squeal': '0', 'Typical-entropy': '0', 'Voicing-quality': '1', 'Wide-band': '0', 'Xlong-island': '0', 'seq': '1', 'end': 29470.9, 'start': 29470.29}]",0,0,[],[]
29471010,29472260,CHI,CHN,0.0,863,AICM,RC,5,NT,FH,1.0,350,-37.83,-26.92,"[{'Canonical-syllable': '0', 'Growl': '1', 'High-freq-energy': '0', 'Long-island': '0', 'Low-tilt-spectrum': '1', 'Medium-island': '1', 'Short-island': '0', 'Squeal': '0', 'Typical-entropy': '1', 'Voicing-quality': '1', 'Wide-band': '0', 'Xlong-island': '0', 'seq': '1', 'end': 29471.84, 'start': 29471.49}]",0,0,[],[]
29472260,29474300,CHI,CHN,0.0,863,AICM,RC,5,TIMI,FH,2.0,1260,-17.82,-9.18,"[{'Canonical-syllable': '0', 'Growl': '0', 'High-freq-energy': '0', 'Long-island': '0', 'Low-tilt-spectrum': '0', 'Medium-island': '1', 'Short-island': '0', 'Squeal': '0', 'Typical-entropy': '0', 'Voicing-quality': '1', 'Wide-band': '0', 'Xlong-island': '0', 'seq': '1', 'end': 29472.68, 'start': 29472.26}, {'Canonical-syllable': '0', 'Growl': '0', 'High-freq-energy': '0', 'Long-island': '1', 'Low-tilt-spectrum': '0', 'Medium-island': '0', 'Short-island': '0', 'Squeal': '0', 'Typical-entropy': '0', 'Voicing-quality': '1', 'Wide-band': '0', 'Xlong-island': '0', 'seq': '2', 'end': 29473.84, 'start': 29473.0}]",0,0,[],[]
29474300,29475340,MAL,MAN,4.34,863,AICM,RC,6,TIMR,FI,0.0,0,-28.68,-19.54,[],0,0,[],[]
29475340,29476290,NA,NOF,0.0,863,AICM,NA,NA,NA,NA,0.0,0,-47.5,-39.98,[],0,0,[],[]
29476290,29478360,CHI,CHN,0.0,863,AICM,RC,6,TIME,FI,1.0,2070,-16.08,-7.92,"[{'Canonical-syllable': '1', 'Growl': '0', 'High-freq-energy': '0', 'Long-island': '1', 'Low-tilt-spectrum': '1', 'Medium-island': '1', 'Short-island': '2', 'Squeal': '0', 'Typical-entropy': '1', 'Voicing-quality': '5', 'Wide-band': '0', 'Xlong-island': '0', 'seq': '1', 'end': 29478.36, 'start': 29476.29}]",0,0,[],[]
29478360,29479160,NA,OLF,0.0,863,AICM,NA,NA,NA,NA,0.0,0,-47.54,-39.35,[],0,0,[],[]
29479160,29480420,NA,SIL,0.0,863,AICM,NA,NA,NA,NA,0.0,0,-53.11,-45.88,[],0,0,[],[]
29480420,29482860,CHI,CHN,0.0,863,AICM,RC,6,NT,FH,2.0,2020,-19.56,-10.57,"[{'Canonical-syllable': '1', 'Growl': '0', 'High-freq-energy': '0', 'Long-island': '0', 'Low-tilt-spectrum': '0', 'Medium-island': '1', 'Short-island': '2', 'Squeal': '0', 'Typical-entropy': '1', 'Voicing-quality': '4', 'Wide-band': '0', 'Xlong-island': '0', 'seq': '1', 'end': 29482.33, 'start': 29480.54}, {'Canonical-syllable': '0', 'Growl': '1', 'High-freq-energy': '0', 'Long-island': '0', 'Low-tilt-spectrum': '0', 'Medium-island': '0', 'Short-island': '0', 'Squeal': '0', 'Typical-entropy': '1', 'Voicing-quality': '1', 'Wide-band': '0', 'Xlong-island': '0', 'seq': '2', 'end': 29482.86, 'start': 29482.75}]",0,0,[],[]
29482860,29483670,NA,NOF,0.0,863,AICM,NA,NA,NA,NA,0.0,0,-43.01,-34.94,[],0,0,[],[]
29483670,29486520,NA,SIL,0.0,863,AICM,NA,NA,NA,NA,0.0,0,-53.3,-39.6,[],0,0,[],[]
29486520,29487350,CHI,CHN,0.0,863,AICM,RC,6,NT,FH,1.0,830,-16.51,-10.59,"[{'Canonical-syllable': '0', 'Growl': '0', 'High-freq-energy': '0', 'Long-island': '0', 'Low-tilt-spectrum': '0', 'Medium-island': '2', 'Short-island': '0', 'Squeal': '0', 'Typical-entropy': '0', 'Voicing-quality': '2', 'Wide-band': '0', 'Xlong-island': '0', 'seq': '1', 'end': 29487.35, 'start': 29486.52}]",0,0,[],[]
29487350,29488280,NA,NOF,0.0,863,AICM,NA,NA,NA,NA,0.0,0,-47.4,-40.58,[],0,0,[],[]
29488280,29488970,CHI,CHN,0.0,863,AICM,RC,6,NT,FH,1.0,690,-19.36,-12.43,"[{'Canonical-syllable': '1', 'Growl': '0', 'High-freq-energy': '0', 'Long-island': '0', 'Low-tilt-spectrum': '0', 'Medium-island': '1', 'Short-island': '1', 'Squeal': '0', 'Typical-entropy': '0', 'Voicing-quality': '2', 'Wide-band': '0', 'Xlong-island': '0', 'seq': '1', 'end': 29488.97, 'start': 29488.28}]",0,0,[],[]
29488970,29490750,CHI,CHN,0.0,863,AICM,RC,6,NT,FH,1.0,1680,-17.07,-7.87,"[{'Canonical-syllable': '2', 'Growl': '0', 'High-freq-energy': '0', 'Long-island': '0', 'Low-tilt-spectrum': '0', 'Medium-island': '1', 'Short-island': '3', 'Squeal': '1', 'Typical-entropy': '0', 'Voicing-quality': '5', 'Wide-band': '0', 'Xlong-island': '0', 'seq': '1', 'end': 29490.65, 'start': 29488.97}]",0,0,[],[]
29490750,29491360,CHI,CHN,0.0,863,AICM,RC,6,NT,FH,1.0,330,-21.0,-11.52,"[{'Canonical-syllable': '0', 'Growl': '0', 'High-freq-energy': '0', 'Long-island': '0', 'Low-tilt-spectrum': '0', 'Medium-island': '1', 'Short-island': '0', 'Squeal': '0', 'Typical-entropy': '0', 'Voicing-quality': '1', 'Wide-band': '0', 'Xlong-island': '0', 'seq': '1', 'end': 29491.08, 'start': 29490.75}]",0,0,[],[]
29491360,29493000,NA,SIL,0.0,863,AICM,NA,NA,NA,NA,0.0,0,-54.46,-41.33,[],0,0,[],[]
29493000,29494040,CHI,CHN,0.0,863,AICM,RC,6,NT,FH,1.0,720,-15.81,-10.37,"[{'Canonical-syllable': '0', 'Growl': '0', 'High-freq-energy': '0', 'Long-island': '1', 'Low-tilt-spectrum': '0', 'Medium-island': '0', 'Short-island': '0', 'Squeal': '0', 'Typical-entropy': '0', 'Voicing-quality': '1', 'Wide-band': '0', 'Xlong-island': '0', 'seq': '1', 'end': 29494.04, 'start': 29493.32}]",0,0,[],[]
29494040,29494650,CHI,CHN,0.0,863,AICM,RC,6,NT,FH,1.0,610,-18.49,-11.51,"[{'Canonical-syllable': '0', 'Growl': '0', 'High-freq-energy': '0', 'Long-island': '0', 'Low-tilt-spectrum': '0', 'Medium-island': '1', 'Short-island': '0', 'Squeal': '0', 'Typical-entropy': '0', 'Voicing-quality': '1', 'Wide-band': '1', 'Xlong-island': '0', 'seq': '1', 'end': 29494.65, 'start': 29494.04}]",0,0,[],[]
29494650,29496340,NA,NOF,0.0,863,AICM,NA,NA,NA,NA,0.0,0,-38.54,-26.62,[],0,0,[],[]
29496340,29497140,NA,SIL,0.0,863,AICM,NA,NA,NA,NA,0.0,0,-53.16,-43.98,[],0,0,[],[]
29497140,29497960,NA,NOF,0.0,863,AICM,NA,NA,NA,NA,0.0,0,-31.83,-13.78,[],0,0,[],[]
29497960,29498960,CHI,CHN,0.0,863,AICM,RC,6,NT,FH,1.0,1000,-16.33,-8.45,"[{'Canonical-syllable': '0', 'Growl': '0', 'High-freq-energy': '0', 'Long-island': '0', 'Low-tilt-spectrum': '0', 'Medium-island': '1', 'Short-island': '1', 'Squeal': '0', 'Typical-entropy': '0', 'Voicing-quality': '2', 'Wide-band': '0', 'Xlong-island': '0', 'seq': '1', 'end': 29498.96, 'start': 29498.21}]",0,0,[],[]
29498960,29500120,CHI,CHN,0.0,863,AICM,RC,6,TIMI,FH,1.0,1030,-18.19,-9.75,"[{'Canonical-syllable': '0', 'Growl': '1', 'High-freq-energy': '0', 'Long-island': '0', 'Low-tilt-spectrum': '0', 'Medium-island': '2', 'Short-island': '0', 'Squeal': '0', 'Typical-entropy': '2', 'Voicing-quality': '2', 'Wide-band': '0', 'Xlong-island': '0', 'seq': '1', 'end': 29499.99, 'start': 29498.96}]",0,0,[],[]
29500120,29501780,NA,NOF,0.0,863,AICM,NA,NA,NA,NA,0.0,0,-47.77,-39.43,[],0,0,[],[]
29501780,29502780,MAL,MAN,3.92,863,AICM,RC,7,TIMR,FI,0.0,0,-31.54,-26.28,[],0,0,[],[]
29502780,29503610,NA,SIL,0.0,863,AICM,NA,NA,NA,NA,0.0,0,-48.23,-35.9,[],0,0,[],[]
29503610,29504250,CHI,CHN,0.0,863,AICM,RC,7,TIME,FI,1.0,550,-19.65,-12.91,"[{'Canonical-syllable': '1', 'Growl': '0', 'High-freq-energy': '0', 'Long-island': '0', 'Low-tilt-spectrum': '0', 'Medium-island': '1', 'Short-island': '0', 'Squeal': '0', 'Typical-entropy': '1', 'Voicing-quality': '1', 'Wide-band': '0', 'Xlong-island': '0', 'seq': '1', 'end': 29504.16, 'start': 29503.61}]",0,0,[],[]
29504250,29505100,NA,SIL,0.0,863,AICM,NA,NA,NA,NA,0.0,0,-52.67,-47.94,[],0,0,[],[]
29505100,29506100,FEM,FAN,0.0,863,AICM,NA,NA,NA,NA,0.0,0,-20.12,-7.1,[],1000,0,[],[]
29506100,29507180,CHI,CHN,0.0,863,AICM,RC,7,NT,FH,2.0,730,-15.99,-6.47,"[{'Canonical-syllable': '0', 'Growl': '0', 'High-freq-energy': '0', 'Long-island': '0', 'Low-tilt-spectrum': '0', 'Medium-island': '0', 'Short-island': '1', 'Squeal': '1', 'Typical-entropy': '1', 'Voicing-quality': '1', 'Wide-band': '0', 'Xlong-island': '0', 'seq': '1', 'end': 29506.33, 'start': 29506.1}, {'Canonical-syllable': '0', 'Growl': '0', 'High-freq-energy': '0', 'Long-island': '0', 'Low-tilt-spectrum': '0', 'Medium-island': '1', 'Short-island': '0', 'Squeal': '0', 'Typical-entropy': '1', 'Voicing-quality': '1', 'Wide-band': '0', 'Xlong-island': '0', 'seq': '2', 'end': 29507.18, 'start': 29506.68}]",0,0,[],[]
29507180,29508160,NA,NOF,0.0,863,AICM,NA,NA,NA,NA,0.0,0,-46.22,-36.53,[],0,0,[],[]
29508160,29510150,CHI,CHN,0.0,863,AICM,RC,7,TIMI,FH,1.0,1470,-17.0,-6.95,"[{'Canonical-syllable': '2', 'Growl': '0', 'High-freq-energy': '0', 'Long-island': '0', 'Low-tilt-spectrum': '0', 'Medium-island': '2', 'Short-island': '2', 'Squeal': '0', 'Typical-entropy': '2', 'Voicing-quality': '4', 'Wide-band': '0', 'Xlong-island': '0', 'seq': '1', 'end': 29509.63, 'start': 29508.41}]",0,0,[],[]
29510150,29511150,MAL,MAN,4.77,863,AICM,RC,8,TIMR,FI,0.0,0,-29.12,-20.42,[],0,0,[],[]
29511150,29511750,NA,OLF,0.0,863,AICM,NA,NA,NA,NA,0.0,0,-44.86,-32.03,[],0,0,[],[]
29511750,29513360,MAL,MAN,6.12,863,AICM,RC,8,NT,FH,0.0,0,-31.12,-24.21,[],0,0,[],[]
29513360,29514630,NA,SIL,0.0,863,AICM,NA,NA,NA,NA,0.0,0,-51.13,-35.16,[],0,0,[],[]
29514630,29515230,CHI,CHN,0.0,863,AICM,RC,8,TIMI,FI,1.0,210,-27.31,-19.55,"[{'Canonical-syllable': '1', 'Growl': '0', 'High-freq-energy': '0', 'Long-island': '0', 'Low-tilt-spectrum': '0', 'Medium-island': '0', 'Short-island': '1', 'Squeal': '0', 'Typical-entropy': '0', 'Voicing-quality': '1', 'Wide-band': '0', 'Xlong-island': '0', 'seq': '1', 'end': 29515.23, 'start': 29515.02}]",0,0,[],[]
29515230,29516720,MAL,MAN,5.09,863,AICM,RC,9,TIMR,FI,0.0,0,-32.91,-26.65,[],0,0,[],[]
29516720,29519980,NA,SIL,0.0,863,AICM,NA,NA,NA,NA,0.0,0,-57.41,-45.59,[],0,0,[],[]
29519980,29521910,MAL,MAN,6.23,863,AICM,RC,9,NT,FH,0.0,0,-32.3,-22.19,[],0,0,[],[]
29521910,29524160,NA,SIL,0.0,863,AICM,NA,NA,NA,NA,0.0,0,-56.14,-41.96,[],0,0,[],[]
29524160,29525220,NA,NOF,0.0,863,AICM,NA,NA,NA,NA,0.0,0,-44.14,-32.01,[],0,0,[],[]
29525220,29526030,NA,SIL,0.0,863,AICM,NA,NA,NA,NA,0.0,0,-53.42,-48.01,[],0,0,[],[]
29526030,29527030,CHI,CHN,0.0,863,AICM,RC,9,TIME,FI,1.0,1000,-22.78,-17.57,"[{'Canonical-syllable': '1', 'Growl': '0', 'High-freq-energy': '0', 'Long-island': '0', 'Low-tilt-spectrum': '0', 'Medium-island': '1', 'Short-island': '1', 'Squeal': '0', 'Typical-entropy': '0', 'Voicing-quality': '2', 'Wide-band': '0', 'Xlong-island': '0', 'seq': '1', 'end': 29527.03, 'start': 29526.03}]",0,0,[],[]
29527030,29529370,CHI,CHN,0.0,863,AICM,RC,9,TIMI,FH,2.0,1590,-23.02,-14.18,"[{'Canonical-syllable': '0', 'Growl': '0', 'High-freq-energy': '0', 'Long-island': '0', 'Low-tilt-spectrum': '0', 'Medium-island': '1', 'Short-island': '0', 'Squeal': '0', 'Typical-entropy': '0', 'Voicing-quality': '1', 'Wide-band': '0', 'Xlong-island': '0', 'seq': '1', 'end': 29527.47, 'start': 29527.03}, {'Canonical-syllable': '0', 'Growl': '0', 'High-freq-energy': '0', 'Long-island': '0', 'Low-tilt-spectrum': '0', 'Medium-island': '1', 'Short-island': '1', 'Squeal': '0', 'Typical-entropy': '0', 'Voicing-quality': '3', 'Wide-band': '0', 'Xlong-island': '0', 'seq': '2', 'end': 29529.37, 'start': 29528.22}]",0,0,[],[]
29529370,29530370,MAL,MAN,1.53,863,AICM,RC,10,TIMR,FI,0.0,0,-39.78,-29.74,[],0,0,[],[]
29530370,29534320,NA,SIL,0.0,863,AICM,NA,NA,NA,NA,0.0,0,-56.24,-38.46,[],0,0,[],[]
29534320,29536180,MAL,MAN,5.31,863,AICM,RC,10,NT,FH,0.0,0,-21.82,-11.67,[],0,0,[],[]
29536180,29537070,NA,SIL,0.0,863,AICM,NA,NA,NA,NA,0.0,0,-57.84,-51.84,[],0,0,[],[]
29537070,29540310,MAL,MAN,11.32,863,AICM,RC,10,NT,FH,0.0,0,-31.6,-24.81,[],0,0,[],[]
29540310,29542330,NA,SIL,0.0,863,AICM,NA,NA,NA,NA,0.0,0,-53.16,-39.04,[],0,0,[],[]
29542330,29545640,CHI,CHN,0.0,863,AICM,RC,10,TIME,FI,2.0,2790,-21.59,-14.63,"[{'Canonical-syllable': '1', 'Growl': '0', 'High-freq-energy': '0', 'Long-island': '0', 'Low-tilt-spectrum': '0', 'Medium-island': '1', 'Short-island': '1', 'Squeal': '0', 'Typical-entropy': '0', 'Voicing-quality': '2', 'Wide-band': '0', 'Xlong-island': '0', 'seq': '1', 'end': 29542.98, 'start': 29542.42}, {'Canonical-syllable': '0', 'Growl': '1', 'High-freq-energy': '0', 'Long-island': '0', 'Low-tilt-spectrum': '0', 'Medium-island': '0', 'Short-island': '2', 'Squeal': '0', 'Typical-entropy': '1', 'Voicing-quality': '4', 'Wide-band': '0', 'Xlong-island': '1', 'seq': '2', 'end': 29545.64, 'start': 29543.5}]",0,0,[],[]
29545640,29546640,MAL,MAN,0.0,863,AICM,NA,NA,NA,NA,0.0,0,-33.65,-24.59,[],1000,0,[],[]
29546640,29547500,NA,NOF,0.0,863,AICM,NA,NA,NA,NA,0.0,0,-44.4,-34.63,[],0,0,[],[]
29547500,29549560,CHI,CHN,0.0,863,AICM,RC,10,NT,FH,1.0,1740,-17.79,-9.39,"[{'Canonical-syllable': '1', 'Growl': '0', 'High-freq-energy': '0', 'Long-island': '0', 'Low-tilt-spectrum': '0', 'Medium-island': '2', 'Short-island': '2', 'Squeal': '0', 'Typical-entropy': '2', 'Voicing-quality': '4', 'Wide-band': '0', 'Xlong-island': '0', 'seq': '1', 'end': 29549.24, 'start': 29547.5}]",0,0,[],[]
29549560,29551200,NA,SIL,0.0,863,AICM,NA,NA,NA,NA,0.0,0,-56.0,-45.01,[],0,0,[],[]
29551200,29551990,CHI,CHN,0.0,863,AICM,RC,10,NT,FH,1.0,700,-16.84,-4.21,"[{'Canonical-syllable': '0', 'Growl': '0', 'High-freq-energy': '0', 'Long-island': '0', 'Low-tilt-spectrum': '0', 'Medium-island': '0', 'Short-island': '2', 'Squeal': '2', 'Typical-entropy': '2', 'Voicing-quality': '1', 'Wide-band': '0', 'Xlong-island': '0', 'seq': '1', 'end': 29551.9, 'start': 29551.2}]",0,0,[],[]
29551990,29552790,NA,NOF,0.0,863,AICM,NA,NA,NA,NA,0.0,0,-48.5,-40.72,[],0,0,[],[]
29552790,29553390,CHI,CHN,0.0,863,AICM,RC,10,NT,FH,1.0,170,-28.95,-18.98,"[{'Canonical-syllable': '0', 'Growl': '1', 'High-freq-energy': '0', 'Long-island': '0', 'Low-tilt-spectrum': '0', 'Medium-island': '0', 'Short-island': '1', 'Squeal': '0', 'Typical-entropy': '1', 'Voicing-quality': '1', 'Wide-band': '0', 'Xlong-island': '0', 'seq': '1', 'end': 29552.96, 'start': 29552.79}]",0,0,[],[]
29553390,29554540,NA,NON,0.0,863,AICM,NA,NA,NA,NA,0.0,0,-42.3,-35.11,[],0,0,[],[]
29554540,29555700,CHI,CHN,0.0,863,AICM,RC,10,TIMI,FH,1.0,1040,-16.8,-8.99,"[{'Canonical-syllable': '1', 'Growl': '0', 'High-freq-energy': '0', 'Long-island': '1', 'Low-tilt-spectrum': '0', 'Medium-island': '0', 'Short-island': '1', 'Squeal': '0', 'Typical-entropy': '0', 'Voicing-quality': '2', 'Wide-band': '0', 'Xlong-island': '0', 'seq': '1', 'end': 29555.58, 'start': 29554.54}]",0,0,[],[]
29555700,29557300,MAL,MAN,6.23,863,AICM,RC,11,TIMR,FI,0.0,0,-32.36,-27.81,[],0,0,[],[]
29557300,29558630,NA,OLF,0.0,863,AICM,NA,NA,NA,NA,0.0,0,-36.71,-22.06,[],0,0,[],[]
29558630,29559540,CHI,CHN,0.0,863,AICM,RC,11,TIMI,FI,1.0,910,-18.54,-13.06,"[{'Canonical-syllable': '0', 'Growl': '0', 'High-freq-energy': '0', 'Long-island': '0', 'Low-tilt-spectrum': '1', 'Medium-island': '2', 'Short-island': '0', 'Squeal': '0', 'Typical-entropy': '2', 'Voicing-quality': '2', 'Wide-band': '0', 'Xlong-island': '0', 'seq': '1', 'end': 29559.54, 'start': 29558.63}]",0,0,[],[]
29559540,29560540,NA,OLN,0.0,863,AICM,NA,NA,NA,NA,0.0,0,-28.93,-19.89,[],0,0,[],[]
29560540,29561550,MAL,MAN,1.13,863,AICM,RC,12,TIMR,FI,0.0,0,-28.84,-21.19,[],0,0,[],[]
29561550,29562350,NA,NOF,0.0,863,AICM,NA,NA,NA,NA,0.0,0,-28.69,-14.71,[],0,0,[],[]
29562350,29563350,MAL,MAN,4.81,863,AICM,RC,12,NT,FH,0.0,0,-30.73,-22.01,[],0,0,[],[]
29563350,29564400,NA,NOF,0.0,863,AICM,NA,NA,NA,NA,0.0,0,-49.74,-42.67,[],0,0,[],[]
29564400,29565310,CHI,CHN,0.0,863,AICM,RC,12,TIME,FI,1.0,910,-21.51,-15.35,"[{'Canonical-syllable': '0', 'Growl': '0', 'High-freq-energy': '0', 'Long-island': '0', 'Low-tilt-spectrum': '0', 'Medium-island': '2', 'Short-island': '0', 'Squeal': '0', 'Typical-entropy': '1', 'Voicing-quality': '2', 'Wide-band': '1', 'Xlong-island': '0', 'seq': '1', 'end': 29565.31, 'start': 29564.4}]",0,0,[],[]
29565310,29566200,NA,NOF,0.0,863,AICM,NA,NA,NA,NA,0.0,0,-43.73,-29.04,[],0,0,[],[]
29566200,29566800,CHI,CHN,0.0,863,AICM,RC,12,NT,FH,1.0,520,-19.95,-14.3,"[{'Canonical-syllable': '0', 'Growl': '0', 'High-freq-energy': '0', 'Long-island': '0', 'Low-tilt-spectrum': '0', 'Medium-island': '1', 'Short-island': '0', 'Squeal': '0', 'Typical-entropy': '0', 'Voicing-quality': '1', 'Wide-band': '0', 'Xlong-island': '0', 'seq': '1', 'end': 29566.72, 'start': 29566.39}]",0,0,[],[]
29566800,29567710,NA,SIL,0.0,863,AICM,NA,NA,NA,NA,0.0,0,-43.41,-29.86,[],0,0,[],[]
29567710,29569030,CHI,CHN,0.0,863,AICM,RC,12,NT,FH,1.0,1220,-16.33,-10.0,"[{'Canonical-syllable': '0', 'Growl': '0', 'High-freq-energy': '0', 'Long-island': '0', 'Low-tilt-spectrum': '0', 'Medium-island': '0', 'Short-island': '0', 'Squeal': '0', 'Typical-entropy': '0', 'Voicing-quality': '1', 'Wide-band': '0', 'Xlong-island': '1', 'seq': '1', 'end': 29568.93, 'start': 29567.8}]",0,0,[],[]
29569030,29569910,NA,SIL,0.0,863,AICM,NA,NA,NA,NA,0.0,0,-53.85,-38.94,[],0,0,[],[]
29569910,29570510,CHI,CHN,0.0,863,AICM,RC,12,TIMI,FH,1.0,600,-14.68,-10.07,"[{'Canonical-syllable': '1', 'Growl': '0', 'High-freq-energy': '0', 'Long-island': '0', 'Low-tilt-spectrum': '0', 'Medium-island': '1', 'Short-island': '0', 'Squeal': '0', 'Typical-entropy': '0', 'Voicing-quality': '1', 'Wide-band': '0', 'Xlong-island': '0', 'seq': '1', 'end': 29570.51, 'start': 29570.05}]",0,0,[],[]
29570510,29571510,MAL,MAN,2.46,863,AICM,RC,13,TIMR,FI,0.0,0,-27.64,-16.78,[],0,0,[],[]
29571510,29572500,NA,SIL,0.0,863,AICM,NA,NA,NA,NA,0.0,0,-54.85,-50.49,[],0,0,[],[]
29572500,29575140,CHI,CHN,0.0,863,AICM,RC,13,TIMI,FI,2.0,2260,-19.59,-13.65,"[{'Canonical-syllable': '0', 'Growl': '0', 'High-freq-energy': '0', 'Long-island': '0', 'Low-tilt-spectrum': '0', 'Medium-island': '0', 'Short-island': '0', 'Squeal': '0', 'Typical-entropy': '0', 'Voicing-quality': '1', 'Wide-band': '0', 'Xlong-island': '1', 'seq': '1', 'end': 29573.76, 'start': 29572.5}, {'Canonical-syllable': '0', 'Growl': '0', 'High-freq-energy': '0', 'Long-island': '0', 'Low-tilt-spectrum': '0', 'Medium-island': '0', 'Short-island': '0', 'Squeal': '0', 'Typical-entropy': '0', 'Voicing-quality': '1', 'Wide-band': '0', 'Xlong-island': '1', 'seq': '2', 'end': 29575.14, 'start': 29574.14}]",0,0,[],[]
29575140,29576140,MAL,MAN,2.15,863,AICM,RC,14,TIMR,FI,0.0,0,-26.0,-15.8,[],0,0,[],[]
29576140,29578090,NA,SIL,0.0,863,AICM,NA,NA,NA,NA,0.0,0,-54.2,-44.29,[],0,0,[],[]
29578090,29583890,CHI,CHN,0.0,863,AICM,RC,14,TIME,FI,4.0,4350,-17.06,-9.99,"[{'Canonical-syllable': '0', 'Growl': '0', 'High-freq-energy': '0', 'Long-island': '0', 'Low-tilt-spectrum': '0', 'Medium-island': '0', 'Short-island': '0', 'Squeal': '0', 'Typical-entropy': '0', 'Voicing-quality': '1', 'Wide-band': '0', 'Xlong-island': '1', 'seq': '1', 'end': 29579.06, 'start': 29578.09}, {'Canonical-syllable': '0', 'Growl': '0', 'High-freq-energy': '0', 'Long-island': '0', 'Low-tilt-spectrum': '0', 'Medium-island': '0', 'Short-island': '0', 'Squeal': '0', 'Typical-entropy': '0', 'Voicing-quality': '1', 'Wide-band': '0', 'Xlong-island': '1', 'seq': '2', 'end': 29580.36, 'start': 29579.41}, {'Canonical-syllable': '0', 'Growl': '0', 'High-freq-energy': '0', 'Long-island': '1', 'Low-tilt-spectrum': '0', 'Medium-island': '0', 'Short-island': '1', 'Squeal': '0', 'Typical-entropy': '0', 'Voicing-quality': '2', 'Wide-band': '0', 'Xlong-island': '0', 'seq': '3', 'end': 29582.0, 'start': 29580.8}, {'Canonical-syllable': '1', 'Growl': '1', 'High-freq-energy': '0', 'Long-island': '0', 'Low-tilt-spectrum': '0', 'Medium-island': '2', 'Short-island': '0', 'Squeal': '0', 'Typical-entropy': '2', 'Voicing-quality': '3', 'Wide-band': '0', 'Xlong-island': '0', 'seq': '4', 'end': 29583.8, 'start': 29582.57}]",0,0,[],[]
29583890,29585290,NA,NOF,0.0,863,AICM,NA,NA,NA,NA,0.0,0,-42.39,-29.56,[],0,0,[],[]
29585290,29587400,CHI,CHN,0.0,863,AICM,EC,14,NT,FH,2.0,1360,-15.93,-7.82,"[{'Canonical-syllable': '0', 'Growl': '0', 'High-freq-energy': '0', 'Long-island': '0', 'Low-tilt-spectrum': '0', 'Medium-island': '1', 'Short-island': '0', 'Squeal': '0', 'Typical-entropy': '0', 'Voicing-quality': '1', 'Wide-band': '0', 'Xlong-island': '0', 'seq': '1', 'end': 29585.81, 'start': 29585.29}, {'Canonical-syllable': '1', 'Growl': '0', 'High-freq-energy': '0', 'Long-island': '0', 'Low-tilt-spectrum': '1', 'Medium-island': '2', 'Short-island': '0', 'Squeal': '0', 'Typical-entropy': '2', 'Voicing-quality': '2', 'Wide-band': '0', 'Xlong-island': '0', 'seq': '2', 'end': 29587.17, 'start': 29586.33}]",0,0,[],[]
29587400,29589090,MAL,MAN,0.0,864,pause,NA,NA,NA,NA,0.0,0,-36.58,-26.45,[],1690,0,[],[]
29589090,29590000,NA,NOF,0.0,864,pause,NA,NA,NA,NA,0.0,0,-48.11,-40.12,[],0,0,[],[]
29590000,29591750,NA,SIL,0.0,864,pause,NA,NA,NA,NA,0.0,0,-57.99,-46.6,[],0,0,[],[]
29591750,29593320,MAL,MAN,0.0,864,pause,NA,NA,NA,NA,0.0,0,-21.23,-14.04,[],1570,0,[],[]
29593320,29596220,NA,SIL,0.0,864,pause,NA,NA,NA,NA,0.0,0,-54.61,-43.3,[],0,0,[],[]
29596220,29598620,CHI,CHN,0.0,864,CIC,BC,0,TIMI,FI,2.0,1790,-18.41,-11.94,"[{'Canonical-syllable': '0', 'Growl': '0', 'High-freq-energy': '0', 'Long-island': '1', 'Low-tilt-spectrum': '0', 'Medium-island': '0', 'Short-island': '0', 'Squeal': '0', 'Typical-entropy': '0', 'Voicing-quality': '1', 'Wide-band': '0', 'Xlong-island': '0', 'seq': '1', 'end': 29597.24, 'start': 29596.5}, {'Canonical-syllable': '0', 'Growl': '1', 'High-freq-energy': '0', 'Long-island': '0', 'Low-tilt-spectrum': '0', 'Medium-island': '1', 'Short-island': '1', 'Squeal': '0', 'Typical-entropy': '1', 'Voicing-quality': '2', 'Wide-band': '0', 'Xlong-island': '0', 'seq': '2', 'end': 29598.47, 'start': 29597.7}]",0,0,[],[]
29598620,29599550,NA,NOF,0.0,864,CIC,NA,NA,NA,NA,0.0,0,-45.74,-28.87,[],0,0,[],[]
29599550,29602640,NA,SIL,0.0,864,CIC,NA,NA,NA,NA,0.0,0,-54.98,-44.22,[],0,0,[],[]
29602640,29604810,MAL,MAN,6.86,864,CIC,RC,1,TIMR,FI,0.0,0,-31.33,-21.9,[],0,0,[],[]
29604810,29605430,CHI,CHN,0.0,864,CIC,RC,1,TIME,FI,1.0,240,-19.21,-11.95,"[{'Canonical-syllable': '1', 'Growl': '0', 'High-freq-energy': '0', 'Long-island': '0', 'Low-tilt-spectrum': '0', 'Medium-island': '0', 'Short-island': '1', 'Squeal': '0', 'Typical-entropy': '1', 'Voicing-quality': '1', 'Wide-band': '0', 'Xlong-island': '0', 'seq': '1', 'end': 29605.43, 'start': 29605.19}]",0,0,[],[]
29605430,29607270,CHI,CHN,0.0,864,CIC,RC,1,NT,FH,2.0,1360,-18.62,-7.5,"[{'Canonical-syllable': '1', 'Growl': '0', 'High-freq-energy': '0', 'Long-island': '0', 'Low-tilt-spectrum': '0', 'Medium-island': '1', 'Short-island': '1', 'Squeal': '0', 'Typical-entropy': '1', 'Voicing-quality': '2', 'Wide-band': '1', 'Xlong-island': '0', 'seq': '1', 'end': 29606.37, 'start': 29605.6}, {'Canonical-syllable': '1', 'Growl': '0', 'High-freq-energy': '0', 'Long-island': '0', 'Low-tilt-spectrum': '0', 'Medium-island': '0', 'Short-island': '1', 'Squeal': '0', 'Typical-entropy': '1', 'Voicing-quality': '2', 'Wide-band': '0', 'Xlong-island': '0', 'seq': '2', 'end': 29607.27, 'start': 29606.85}]",0,0,[],[]
29607270,29610210,CHI,CHN,0.0,864,CIC,RC,1,TIMI,FH,4.0,1540,-17.22,-6.12,"[{'Canonical-syllable': '1', 'Growl': '0', 'High-freq-energy': '0', 'Long-island': '0', 'Low-tilt-spectrum': '0', 'Medium-island': '0', 'Short-island': '1', 'Squeal': '0', 'Typical-entropy': '1', 'Voicing-quality': '1', 'Wide-band': '0', 'Xlong-island': '0', 'seq': '1', 'end': 29607.4, 'start': 29607.27}, {'Canonical-syllable': '1', 'Growl': '0', 'High-freq-energy': '0', 'Long-island': '0', 'Low-tilt-spectrum': '0', 'Medium-island': '0', 'Short-island': '1', 'Squeal': '0', 'Typical-entropy': '2', 'Voicing-quality': '2', 'Wide-band': '0', 'Xlong-island': '0', 'seq': '2', 'end': 29608.32, 'start': 29607.85}, {'Canonical-syllable': '2', 'Growl': '0', 'High-freq-energy': '0', 'Long-island': '0', 'Low-tilt-spectrum': '0', 'Medium-island': '0', 'Short-island': '2', 'Squeal': '0', 'Typical-entropy': '2', 'Voicing-quality': '2', 'Wide-band': '0', 'Xlong-island': '0', 'seq': '3', 'end': 29609.19, 'start': 29608.73}, {'Canonical-syllable': '1', 'Growl': '0', 'High-freq-energy': '0', 'Long-island': '0', 'Low-tilt-spectrum': '2', 'Medium-island': '0', 'Short-island': '1', 'Squeal': '1', 'Typical-entropy': '2', 'Voicing-quality': '2', 'Wide-band': '0', 'Xlong-island': '0', 'seq': '4', 'end': 29610.13, 'start': 29609.65}]",0,0,[],[]
29610210,29611210,MAL,MAN,4.32,864,CIC,RC,2,TIMR,FI,0.0,0,-26.72,-18.09,[],0,0,[],[]
29611210,29613160,NA,SIL,0.0,864,CIC,NA,NA,NA,NA,0.0,0,-54.42,-46.55,[],0,0,[],[]
29613160,29613970,NA,NOF,0.0,864,CIC,NA,NA,NA,NA,0.0,0,-46.44,-38.1,[],0,0,[],[]
29613970,29615800,NA,SIL,0.0,864,CIC,NA,NA,NA,NA,0.0,0,-52.59,-41.57,[],0,0,[],[]
29615800,29616400,CHI,CHN,0.0,864,CIC,RC,2,TIME,FI,1.0,600,-16.54,-10.82,"[{'Canonical-syllable': '0', 'Growl': '0', 'High-freq-energy': '0', 'Long-island': '0', 'Low-tilt-spectrum': '0', 'Medium-island': '1', 'Short-island': '0', 'Squeal': '0', 'Typical-entropy': '0', 'Voicing-quality': '1', 'Wide-band': '0', 'Xlong-island': '0', 'seq': '1', 'end': 29616.4, 'start': 29616.06}]",0,0,[],[]
29616400,29617200,FEM,FAN,0.0,864,CIC,NA,NA,NA,NA,0.0,0,-41.07,-31.49,[],800,0,[],[]
29617200,29619570,CHI,CHN,0.0,864,CIC,RC,2,TIMI,FH,4.0,1310,-17.33,-8.31,"[{'Canonical-syllable': '1', 'Growl': '0', 'High-freq-energy': '0', 'Long-island': '0', 'Low-tilt-spectrum': '0', 'Medium-island': '0', 'Short-island': '1', 'Squeal': '0', 'Typical-entropy': '0', 'Voicing-quality': '1', 'Wide-band': '0', 'Xlong-island': '0', 'seq': '1', 'end': 29617.48, 'start': 29617.2}, {'Canonical-syllable': '0', 'Growl': '0', 'High-freq-energy': '0', 'Long-island': '0', 'Low-tilt-spectrum': '0', 'Medium-island': '1', 'Short-island': '0', 'Squeal': '0', 'Typical-entropy': '0', 'Voicing-quality': '1', 'Wide-band': '0', 'Xlong-island': '0', 'seq': '2', 'end': 29618.14, 'start': 29617.8}, {'Canonical-syllable': '0', 'Growl': '0', 'High-freq-energy': '0', 'Long-island': '0', 'Low-tilt-spectrum': '1', 'Medium-island': '0', 'Short-island': '1', 'Squeal': '0', 'Typical-entropy': '1', 'Voicing-quality': '1', 'Wide-band': '0', 'Xlong-island': '0', 'seq': '3', 'end': 29618.75, 'start': 29618.56}, {'Canonical-syllable': '0', 'Growl': '0', 'High-freq-energy': '0', 'Long-island': '0', 'Low-tilt-spectrum': '0', 'Medium-island': '1', 'Short-island': '0', 'Squeal': '0', 'Typical-entropy': '1', 'Voicing-quality': '1', 'Wide-band': '0', 'Xlong-island': '0', 'seq': '4', 'end': 29619.57, 'start': 29619.07}]",0,0,[],[]
29619570,29620570,MAL,MAN,3.72,864,CIC,RC,3,TIMR,FI,0.0,0,-30.5,-24.63,[],0,0,[],[]
29620570,29625190,NA,SIL,0.0,864,CIC,NA,NA,NA,NA,0.0,0,-54.27,-39.86,[],0,0,[],[]
29625190,29626410,MAL,MAN,2.78,864,CIC,RC,3,NT,FH,0.0,0,-33.31,-27.18,[],0,0,[],[]
29626410,29630660,NA,SIL,0.0,864,CIC,NA,NA,NA,NA,0.0,0,-53.61,-40.23,[],0,0,[],[]
29630660,29631660,MAL,MAN,2.11,864,CIC,RC,3,NT,FH,0.0,0,-37.65,-31.76,[],0,0,[],[]
29631660,29632860,NA,NOF,0.0,864,CIC,NA,NA,NA,NA,0.0,0,-46.95,-38.45,[],0,0,[],[]
29632860,29633950,CHI,CHN,0.0,864,CIC,RC,3,TIME,FI,1.0,990,-20.69,-11.37,"[{'Canonical-syllable': '1', 'Growl': '0', 'High-freq-energy': '0', 'Long-island': '0', 'Low-tilt-spectrum': '1', 'Medium-island': '1', 'Short-island': '2', 'Squeal': '0', 'Typical-entropy': '0', 'Voicing-quality': '3', 'Wide-band': '0', 'Xlong-island': '0', 'seq': '1', 'end': 29633.85, 'start': 29632.86}]",0,0,[],[]
29633950,29635940,CHI,CHN,0.0,864,CIC,RC,3,TIMI,FH,1.0,1760,-18.56,-11.17,"[{'Canonical-syllable': '2', 'Growl': '1', 'High-freq-energy': '0', 'Long-island': '0', 'Low-tilt-spectrum': '0', 'Medium-island': '2', 'Short-island': '2', 'Squeal': '0', 'Typical-entropy': '2', 'Voicing-quality': '4', 'Wide-band': '0', 'Xlong-island': '0', 'seq': '1', 'end': 29635.71, 'start': 29633.95}]",0,0,[],[]
29635940,29637740,MAL,MAN,0.57,864,CIC,RC,4,TIMR,FI,0.0,0,-33.91,-23.17,[],0,0,[],[]
29637740,29638800,NA,SIL,0.0,864,CIC,NA,NA,NA,NA,0.0,0,-52.75,-45.4,[],0,0,[],[]
29638800,29641250,CHI,CHN,0.0,864,CIC,RC,4,TIMI,FI,1.0,2120,-15.88,-6.08,"[{'Canonical-syllable': '2', 'Growl': '0', 'High-freq-energy': '0', 'Long-island': '0', 'Low-tilt-spectrum': '3', 'Medium-island': '0', 'Short-island': '6', 'Squeal': '0', 'Typical-entropy': '5', 'Voicing-quality': '6', 'Wide-band': '0', 'Xlong-island': '0', 'seq': '1', 'end': 29640.92, 'start': 29638.8}]",0,0,[],[]
29641250,29642250,MAL,MAN,6.45,864,CIC,EC,5,TIMR,FI,0.0,0,-30.14,-25.84,[],0,0,[],[]
29642250,29643680,NA,SIL,0.0,865,pause,NA,NA,NA,NA,0.0,0,-55.64,-47.31,[],0,0,[],[]
29643680,29647500,NA,NOF,0.0,865,pause,NA,NA,NA,NA,0.0,0,-45.87,-34.78,[],0,0,[],[]
29647500,29648500,CHI,CHN,0.0,865,CIOCX,BC,0,NT,FI,1.0,880,-18.41,-11.14,"[{'Canonical-syllable': '0', 'Growl': '0', 'High-freq-energy': '0', 'Long-island': '0', 'Low-tilt-spectrum': '0', 'Medium-island': '1', 'Short-island': '1', 'Squeal': '0', 'Typical-entropy': '0', 'Voicing-quality': '2', 'Wide-band': '0', 'Xlong-island': '0', 'seq': '1', 'end': 29648.38, 'start': 29647.73}]",0,0,[],[]
29648500,29649320,NA,SIL,0.0,865,CIOCX,NA,NA,NA,NA,0.0,0,-52.69,-46.46,[],0,0,[],[]
29649320,29650320,OCH,CXN,0.0,865,CIOCX,RC,0,NT,FI,0.0,0,-26.93,-19.1,[],0,0,[],[]
29650320,29651410,NA,SIL,0.0,865,CIOCX,NA,NA,NA,NA,0.0,0,-51.34,-40.42,[],0,0,[],[]
29651410,29652010,CHI,CHN,0.0,865,CIOCX,RC,0,NT,FI,1.0,370,-24.89,-18.34,"[{'Canonical-syllable': '1', 'Growl': '0', 'High-freq-energy': '0', 'Long-island': '0', 'Low-tilt-spectrum': '0', 'Medium-island': '1', 'Short-island': '0', 'Squeal': '0', 'Typical-entropy': '0', 'Voicing-quality': '1', 'Wide-band': '0', 'Xlong-island': '0', 'seq': '1', 'end': 29651.78, 'start': 29651.49}]",0,0,[],[]
29652010,29656460,NA,NOF,0.0,865,CIOCX,NA,NA,NA,NA,0.0,0,-41.25,-23.79,[],0,0,[],[]
29656460,29657780,CHI,CHN,0.0,865,CIOCX,RC,0,NT,FH,1.0,720,-17.35,-7.21,"[{'Canonical-syllable': '2', 'Growl': '0', 'High-freq-energy': '0', 'Long-island': '0', 'Low-tilt-spectrum': '0', 'Medium-island': '1', 'Short-island': '2', 'Squeal': '0', 'Typical-entropy': '2', 'Voicing-quality': '3', 'Wide-band': '0', 'Xlong-island': '0', 'seq': '1', 'end': 29657.18, 'start': 29656.46}]",0,0,[],[]
29657780,29659040,CHI,CHN,0.0,865,CIOCX,EC,0,NT,FH,1.0,520,-22.06,-10.47,"[{'Canonical-syllable': '0', 'Growl': '1', 'High-freq-energy': '0', 'Long-island': '0', 'Low-tilt-spectrum': '0', 'Medium-island': '0', 'Short-island': '2', 'Squeal': '0', 'Typical-entropy': '0', 'Voicing-quality': '2', 'Wide-band': '0', 'Xlong-island': '0', 'seq': '1', 'end': 29658.68, 'start': 29658.16}]",0,0,[],[]
29659040,29659850,NA,NOF,0.0,866,pause,NA,NA,NA,NA,0.0,0,-45.38,-35.27,[],0,0,[],[]
29659850,29661010,NA,SIL,0.0,866,pause,NA,NA,NA,NA,0.0,0,-55.06,-48.69,[],0,0,[],[]
29661010,29662880,NA,NOF,0.0,866,pause,NA,NA,NA,NA,0.0,0,-48.45,-37.31,[],0,0,[],[]
29662880,29664970,NA,OLN,0.0,866,pause,NA,NA,NA,NA,0.0,0,-29.35,-18.71,[],0,0,[],[]
29664970,29666490,NA,NON,0.0,866,pause,NA,NA,NA,NA,0.0,0,-35.46,-15.7,[],0,0,[],[]
29666490,29668220,CHI,CHN,0.0,866,CIC,BC,0,NT,FI,2.0,1360,-24.5,-13.04,"[{'Canonical-syllable': '1', 'Growl': '0', 'High-freq-energy': '0', 'Long-island': '0', 'Low-tilt-spectrum': '0', 'Medium-island': '0', 'Short-island': '1', 'Squeal': '0', 'Typical-entropy': '0', 'Voicing-quality': '1', 'Wide-band': '0', 'Xlong-island': '0', 'seq': '1', 'end': 29666.84, 'start': 29666.49}, {'Canonical-syllable': '0', 'Growl': '2', 'High-freq-energy': '0', 'Long-island': '0', 'Low-tilt-spectrum': '3', 'Medium-island': '1', 'Short-island': '2', 'Squeal': '0', 'Typical-entropy': '2', 'Voicing-quality': '2', 'Wide-band': '0', 'Xlong-island': '0', 'seq': '2', 'end': 29668.22, 'start': 29667.21}]",0,0,[],[]
29668220,29669020,NA,OLN,0.0,866,CIC,NA,NA,NA,NA,0.0,0,-24.75,-15.94,[],0,0,[],[]
29669020,29669820,NA,MAF,0.0,866,CIC,NA,NA,NA,NA,0.0,0,-41.29,-33.48,[],0,0,[],[]
29669820,29670620,NA,SIL,0.0,866,CIC,NA,NA,NA,NA,0.0,0,-55.75,-47.4,[],0,0,[],[]
29670620,29671600,NA,NOF,0.0,866,CIC,NA,NA,NA,NA,0.0,0,-52.05,-42.64,[],0,0,[],[]
29671600,29672600,NA,SIL,0.0,866,CIC,NA,NA,NA,NA,0.0,0,-53.01,-44.22,[],0,0,[],[]
29672600,29675220,CHI,CHN,0.0,866,CIC,RC,0,NT,FH,2.0,2110,-22.98,-8.26,"[{'Canonical-syllable': '1', 'Growl': '0', 'High-freq-energy': '0', 'Long-island': '0', 'Low-tilt-spectrum': '0', 'Medium-island': '1', 'Short-island': '1', 'Squeal': '0', 'Typical-entropy': '0', 'Voicing-quality': '3', 'Wide-band': '0', 'Xlong-island': '0', 'seq': '1', 'end': 29673.73, 'start': 29672.6}, {'Canonical-syllable': '0', 'Growl': '0', 'High-freq-energy': '0', 'Long-island': '0', 'Low-tilt-spectrum': '0', 'Medium-island': '0', 'Short-island': '0', 'Squeal': '0', 'Typical-entropy': '1', 'Voicing-quality': '1', 'Wide-band': '0', 'Xlong-island': '1', 'seq': '2', 'end': 29675.15, 'start': 29674.17}]",0,0,[],[]
29675220,29676440,NA,SIL,0.0,866,CIC,NA,NA,NA,NA,0.0,0,-56.4,-50.79,[],0,0,[],[]
29676440,29679790,NA,NOF,0.0,866,CIC,NA,NA,NA,NA,0.0,0,-35.6,-15.99,[],0,0,[],[]
29679790,29680790,CHI,CHN,0.0,866,CIC,RC,0,NT,FH,1.0,850,-24.08,-12.11,"[{'Canonical-syllable': '1', 'Growl': '0', 'High-freq-energy': '0', 'Long-island': '0', 'Low-tilt-spectrum': '1', 'Medium-island': '0', 'Short-island': '3', 'Squeal': '0', 'Typical-entropy': '0', 'Voicing-quality': '3', 'Wide-band': '0', 'Xlong-island': '0', 'seq': '1', 'end': 29680.64, 'start': 29679.79}]",0,0,[],[]
29680790,29682140,CHI,CHN,0.0,866,CIC,RC,0,NT,FH,1.0,1350,-17.11,-12.37,"[{'Canonical-syllable': '0', 'Growl': '0', 'High-freq-energy': '0', 'Long-island': '0', 'Low-tilt-spectrum': '0', 'Medium-island': '0', 'Short-island': '0', 'Squeal': '0', 'Typical-entropy': '0', 'Voicing-quality': '1', 'Wide-band': '0', 'Xlong-island': '1', 'seq': '1', 'end': 29682.14, 'start': 29680.79}]",0,0,[],[]
29682140,29683290,NA,OLN,0.0,866,CIC,NA,NA,NA,NA,0.0,0,-18.67,-4.75,[],0,0,[],[]
29683290,29684880,CHI,CHN,0.0,866,CIC,RC,0,NT,FH,1.0,1590,-18.58,-10.46,"[{'Canonical-syllable': '2', 'Growl': '1', 'High-freq-energy': '0', 'Long-island': '0', 'Low-tilt-spectrum': '1', 'Medium-island': '1', 'Short-island': '3', 'Squeal': '0', 'Typical-entropy': '4', 'Voicing-quality': '5', 'Wide-band': '0', 'Xlong-island': '0', 'seq': '1', 'end': 29684.88, 'start': 29683.29}]",0,0,[],[]
29684880,29685690,OCH,CXN,0.0,866,CIC,RC,0,NT,FI,0.0,0,-15.85,-9.74,[],0,0,[],[]
29685690,29687750,CHI,CHN,0.0,866,CIC,RC,0,TIFI,FI,1.0,1710,-18.89,-3.69,"[{'Canonical-syllable': '1', 'Growl': '0', 'High-freq-energy': '0', 'Long-island': '1', 'Low-tilt-spectrum': '1', 'Medium-island': '1', 'Short-island': '1', 'Squeal': '0', 'Typical-entropy': '1', 'Voicing-quality': '3', 'Wide-band': '0', 'Xlong-island': '0', 'seq': '1', 'end': 29687.75, 'start': 29686.04}]",0,0,[],[]
29687750,29689090,NA,NOF,0.0,866,CIC,NA,NA,NA,NA,0.0,0,-39.35,-27.06,[],0,0,[],[]
29689090,29690800,FEM,FAN,5.07,866,CIC,RC,1,TIFR,FI,0.0,0,-38.47,-26.18,[],0,0,[],[]
29690800,29692270,NA,CXF,0.0,866,CIC,NA,NA,NA,NA,0.0,0,-45.97,-37.74,[],0,0,[],[]
29692270,29692910,CHI,CHN,0.0,866,CIC,NA,NA,NA,NA,0.0,0,-21.09,-13.75,[],0,190,"[{'start': 29692.72, 'end': 29692.91}]",[]
29692910,29694020,FEM,FAN,2.64,866,CIC,RC,1,NT,FH,0.0,0,-24.46,-11.62,[],0,0,[],[]
29694020,29694850,NA,OLF,0.0,866,CIC,NA,NA,NA,NA,0.0,0,-18.22,-4.79,[],0,0,[],[]
29694850,29696150,NA,NOF,0.0,866,CIC,NA,NA,NA,NA,0.0,0,-36.6,-18.42,[],0,0,[],[]
29696150,29696950,NA,SIL,0.0,866,CIC,NA,NA,NA,NA,0.0,0,-48.54,-40.91,[],0,0,[],[]
29696950,29698740,CHI,CHN,0.0,866,CIC,RC,1,TIFI,FI,2.0,1350,-20.89,-10.59,"[{'Canonical-syllable': '0', 'Growl': '0', 'High-freq-energy': '0', 'Long-island': '0', 'Low-tilt-spectrum': '0', 'Medium-island': '0', 'Short-island': '1', 'Squeal': '0', 'Typical-entropy': '1', 'Voicing-quality': '1', 'Wide-band': '0', 'Xlong-island': '0', 'seq': '1', 'end': 29697.35, 'start': 29696.95}, {'Canonical-syllable': '1', 'Growl': '0', 'High-freq-energy': '0', 'Long-island': '0', 'Low-tilt-spectrum': '0', 'Medium-island': '1', 'Short-island': '2', 'Squeal': '0', 'Typical-entropy': '2', 'Voicing-quality': '3', 'Wide-band': '0', 'Xlong-island': '0', 'seq': '2', 'end': 29698.74, 'start': 29697.79}]",0,0,[],[]
29698740,29699740,FEM,FAN,4.24,866,CIC,RC,2,TIFR,FI,0.0,0,-31.15,-14.71,[],0,0,[],[]
29699740,29700850,NA,SIL,0.0,866,CIC,NA,NA,NA,NA,0.0,0,-52.09,-48.23,[],0,0,[],[]
29700850,29702070,FEM,FAN,3.14,866,CIC,RC,2,NT,FH,0.0,0,-39.53,-33.92,[],0,0,[],[]
29702070,29703280,NA,CXF,0.0,866,CIC,NA,NA,NA,NA,0.0,0,-48.77,-41.08,[],0,0,[],[]
29703280,29703920,CHI,CHN,0.0,866,CIC,EC,2,TIFE,FI,1.0,640,-20.16,-14.08,"[{'Canonical-syllable': '1', 'Growl': '0', 'High-freq-energy': '0', 'Long-island': '0', 'Low-tilt-spectrum': '0', 'Medium-island': '1', 'Short-island': '0', 'Squeal': '0', 'Typical-entropy': '0', 'Voicing-quality': '1', 'Wide-band': '0', 'Xlong-island': '0', 'seq': '1', 'end': 29703.92, 'start': 29703.28}]",0,0,[],[]
29703920,29704890,NA,OLF,0.0,867,pause,NA,NA,NA,NA,0.0,0,-24.07,-9.1,[],0,0,[],[]
29704890,29710610,NA,NOF,0.0,867,pause,NA,NA,NA,NA,0.0,0,-26.06,-4.25,[],0,0,[],[]
29710610,29711470,NA,OLN,0.0,867,pause,NA,NA,NA,NA,0.0,0,-23.55,-11.44,[],0,0,[],[]
29711470,29712550,CHI,CHN,0.0,867,CIOCX,BC,0,NT,FI,1.0,960,-18.52,-8.02,"[{'Canonical-syllable': '0', 'Growl': '0', 'High-freq-energy': '0', 'Long-island': '1', 'Low-tilt-spectrum': '1', 'Medium-island': '0', 'Short-island': '1', 'Squeal': '0', 'Typical-entropy': '2', 'Voicing-quality': '2', 'Wide-band': '0', 'Xlong-island': '0', 'seq': '1', 'end': 29712.43, 'start': 29711.47}]",0,0,[],[]
29712550,29714320,NA,NOF,0.0,867,CIOCX,NA,NA,NA,NA,0.0,0,-46.3,-31.38,[],0,0,[],[]
29714320,29715700,NA,NON,0.0,867,CIOCX,NA,NA,NA,NA,0.0,0,-33.25,-20.73,[],0,0,[],[]
29715700,29718100,CHI,CHN,0.0,867,CIOCX,RC,0,NT,FH,3.0,1580,-20.07,-8.2,"[{'Canonical-syllable': '0', 'Growl': '0', 'High-freq-energy': '0', 'Long-island': '0', 'Low-tilt-spectrum': '1', 'Medium-island': '0', 'Short-island': '0', 'Squeal': '0', 'Typical-entropy': '1', 'Voicing-quality': '1', 'Wide-band': '0', 'Xlong-island': '1', 'seq': '1', 'end': 29716.7, 'start': 29715.7}, {'Canonical-syllable': '0', 'Growl': '0', 'High-freq-energy': '0', 'Long-island': '0', 'Low-tilt-spectrum': '1', 'Medium-island': '1', 'Short-island': '0', 'Squeal': '0', 'Typical-entropy': '1', 'Voicing-quality': '1', 'Wide-band': '0', 'Xlong-island': '0', 'seq': '2', 'end': 29717.48, 'start': 29717.09}, {'Canonical-syllable': '0', 'Growl': '0', 'High-freq-energy': '0', 'Long-island': '0', 'Low-tilt-spectrum': '0', 'Medium-island': '0', 'Short-island': '1', 'Squeal': '0', 'Typical-entropy': '0', 'Voicing-quality': '1', 'Wide-band': '0', 'Xlong-island': '0', 'seq': '3', 'end': 29718.1, 'start': 29717.91}]",0,0,[],[]
29718100,29718900,NA,NON,0.0,867,CIOCX,NA,NA,NA,NA,0.0,0,-25.87,-8.11,[],0,0,[],[]
29718900,29719930,OCH,CXN,0.0,867,CIOCX,RC,0,NT,FI,0.0,0,-29.2,-21.47,[],0,0,[],[]
29719930,29721590,NA,NOF,0.0,867,CIOCX,NA,NA,NA,NA,0.0,0,-44.99,-30.82,[],0,0,[],[]
29721590,29722190,OCH,CXN,0.0,867,CIOCX,RC,0,NT,FH,0.0,0,-24.01,-18.83,[],0,0,[],[]
29722190,29724510,NA,NOF,0.0,867,CIOCX,NA,NA,NA,NA,0.0,0,-42.16,-32.94,[],0,0,[],[]
29724510,29725760,NA,SIL,0.0,867,CIOCX,NA,NA,NA,NA,0.0,0,-55.12,-41.82,[],0,0,[],[]
29725760,29726360,CHI,CHN,0.0,867,CIOCX,RC,0,NT,FI,1.0,450,-25.2,-19.18,"[{'Canonical-syllable': '0', 'Growl': '0', 'High-freq-energy': '0', 'Long-island': '0', 'Low-tilt-spectrum': '1', 'Medium-island': '0', 'Short-island': '1', 'Squeal': '0', 'Typical-entropy': '1', 'Voicing-quality': '1', 'Wide-band': '0', 'Xlong-island': '0', 'seq': '1', 'end': 29726.21, 'start': 29725.96}]",0,0,[],[]
29726360,29727160,OCH,CXN,0.0,867,CIOCX,RC,0,NT,FI,0.0,0,-31.33,-24.47,[],0,0,[],[]
29727160,29728600,NA,OLN,0.0,867,CIOCX,NA,NA,NA,NA,0.0,0,-26.04,-15.36,[],0,0,[],[]
29728600,29729210,CHI,CHN,0.0,867,CIOCX,RC,0,NT,FI,1.0,490,-25.13,-16.83,"[{'Canonical-syllable': '1', 'Growl': '0', 'High-freq-energy': '0', 'Long-island': '0', 'Low-tilt-spectrum': '0', 'Medium-island': '1', 'Short-island': '0', 'Squeal': '0', 'Typical-entropy': '1', 'Voicing-quality': '1', 'Wide-band': '0', 'Xlong-island': '0', 'seq': '1', 'end': 29729.09, 'start': 29728.68}]",0,0,[],[]
29729210,29731640,NA,NOF,0.0,867,CIOCX,NA,NA,NA,NA,0.0,0,-38.55,-21.94,[],0,0,[],[]
29731640,29732590,OCH,CXN,0.0,867,CIOCX,EC,0,NT,FI,0.0,0,-28.94,-12.0,[],0,0,[],[]
29732590,29737530,NA,NOF,0.0,868,pause,NA,NA,NA,NA,0.0,0,-22.3,-3.75,[],0,0,[],[]
29737530,29738130,CHI,CHN,0.0,868,pause,NA,NA,NA,NA,0.0,0,-18.18,-10.06,[],0,470,"[{'start': 29737.66, 'end': 29738.13}]",[]
29738130,29739130,NA,OLN,0.0,868,pause,NA,NA,NA,NA,0.0,0,-15.48,-5.98,[],0,0,[],[]
29739130,29739910,CHI,CHN,0.0,868,pause,NA,NA,NA,NA,0.0,0,-18.25,-4.25,[],0,480,"[{'start': 29739.13, 'end': 29739.61}]",[]
29739910,29741300,NA,NOF,0.0,868,pause,NA,NA,NA,NA,0.0,0,-46.32,-36.94,[],0,0,[],[]
29741300,29742240,NA,OLN,0.0,868,pause,NA,NA,NA,NA,0.0,0,-32.8,-21.74,[],0,0,[],[]
29742240,29743430,NA,OLF,0.0,868,pause,NA,NA,NA,NA,0.0,0,-37.48,-27.06,[],0,0,[],[]
29743430,29745920,CHI,CHN,0.0,868,CIOCX,BC,0,NT,FI,1.0,2490,-15.24,-5.2,"[{'Canonical-syllable': '2', 'Growl': '0', 'High-freq-energy': '1', 'Long-island': '0', 'Low-tilt-spectrum': '5', 'Medium-island': '1', 'Short-island': '5', 'Squeal': '0', 'Typical-entropy': '6', 'Voicing-quality': '7', 'Wide-band': '0', 'Xlong-island': '0', 'seq': '1', 'end': 29745.92, 'start': 29743.43}]",0,0,[],[]
29745920,29746720,OCH,CXN,0.0,868,CIOCX,EC,0,NT,FI,0.0,0,-22.26,-16.03,[],0,0,[],[]
29746720,29748000,NA,NOF,0.0,869,pause,NA,NA,NA,NA,0.0,0,-40.19,-28.48,[],0,0,[],[]
29748000,29749020,NA,OLF,0.0,869,pause,NA,NA,NA,NA,0.0,0,-38.04,-29.04,[],0,0,[],[]
29749020,29751510,NA,NOF,0.0,869,pause,NA,NA,NA,NA,0.0,0,-40.77,-26.7,[],0,0,[],[]
29751510,29752310,NA,OLF,0.0,869,pause,NA,NA,NA,NA,0.0,0,-37.59,-29.49,[],0,0,[],[]
29752310,29753110,NA,NOF,0.0,869,pause,NA,NA,NA,NA,0.0,0,-43.33,-35.51,[],0,0,[],[]
29753110,29753910,CHI,CHN,0.0,869,CM,EC,0,NT,FI,1.0,720,-22.57,-16.27,"[{'Canonical-syllable': '0', 'Growl': '0', 'High-freq-energy': '0', 'Long-island': '1', 'Low-tilt-spectrum': '0', 'Medium-island': '0', 'Short-island': '0', 'Squeal': '0', 'Typical-entropy': '0', 'Voicing-quality': '1', 'Wide-band': '0', 'Xlong-island': '0', 'seq': '1', 'end': 29753.83, 'start': 29753.11}]",0,0,[],[]
29753910,29756350,NA,NOF,0.0,870,pause,NA,NA,NA,NA,0.0,0,-39.24,-28.01,[],0,0,[],[]
29756350,29757150,NA,OLF,0.0,870,pause,NA,NA,NA,NA,0.0,0,-32.29,-24.14,[],0,0,[],[]
29757150,29759240,NA,NON,0.0,870,pause,NA,NA,NA,NA,0.0,0,-34.48,-19.24,[],0,0,[],[]
29759240,29760360,CHI,CHN,0.0,870,CM,BC,0,NT,FI,1.0,940,-26.99,-18.59,"[{'Canonical-syllable': '2', 'Growl': '0', 'High-freq-energy': '0', 'Long-island': '0', 'Low-tilt-spectrum': '2', 'Medium-island': '1', 'Short-island': '2', 'Squeal': '0', 'Typical-entropy': '2', 'Voicing-quality': '3', 'Wide-band': '0', 'Xlong-island': '0', 'seq': '1', 'end': 29760.18, 'start': 29759.24}]",0,0,[],[]
29760360,29761500,CHI,CHN,0.0,870,CM,RC,0,NT,FH,1.0,1140,-18.07,-6.66,"[{'Canonical-syllable': '0', 'Growl': '0', 'High-freq-energy': '0', 'Long-island': '1', 'Low-tilt-spectrum': '1', 'Medium-island': '0', 'Short-island': '1', 'Squeal': '0', 'Typical-entropy': '1', 'Voicing-quality': '1', 'Wide-band': '0', 'Xlong-island': '0', 'seq': '1', 'end': 29761.5, 'start': 29760.53}]",0,0,[],[]
29761500,29763460,NA,OLN,0.0,870,CM,NA,NA,NA,NA,0.0,0,-17.87,-5.0,[],0,0,[],[]
29763460,29764500,CHI,CHN,0.0,870,CM,RC,0,NT,FH,2.0,620,-23.59,-14.43,"[{'Canonical-syllable': '0', 'Growl': '0', 'High-freq-energy': '0', 'Long-island': '0', 'Low-tilt-spectrum': '0', 'Medium-island': '0', 'Short-island': '1', 'Squeal': '0', 'Typical-entropy': '0', 'Voicing-quality': '1', 'Wide-band': '0', 'Xlong-island': '0', 'seq': '1', 'end': 29763.58, 'start': 29763.46}, {'Canonical-syllable': '2', 'Growl': '0', 'High-freq-energy': '0', 'Long-island': '0', 'Low-tilt-spectrum': '1', 'Medium-island': '0', 'Short-island': '2', 'Squeal': '0', 'Typical-entropy': '1', 'Voicing-quality': '2', 'Wide-band': '0', 'Xlong-island': '0', 'seq': '2', 'end': 29764.5, 'start': 29764.0}]",0,0,[],[]
29764500,29765630,CHI,CHN,0.0,870,CM,RC,0,NT,FH,1.0,910,-19.46,-11.12,"[{'Canonical-syllable': '1', 'Growl': '0', 'High-freq-energy': '0', 'Long-island': '0', 'Low-tilt-spectrum': '0', 'Medium-island': '1', 'Short-island': '1', 'Squeal': '0', 'Typical-entropy': '1', 'Voicing-quality': '3', 'Wide-band': '0', 'Xlong-island': '0', 'seq': '1', 'end': 29765.41, 'start': 29764.5}]",0,0,[],[]
29765630,29766650,CHI,CHN,0.0,870,CM,NA,NA,NA,NA,0.0,0,-21.83,-13.37,[],0,400,"[{'start': 29766.13, 'end': 29766.53}]",[]
29766650,29767300,CHI,CHN,0.0,870,CM,RC,0,NT,FH,1.0,370,-20.61,-11.52,"[{'Canonical-syllable': '0', 'Growl': '0', 'High-freq-energy': '0', 'Long-island': '0', 'Low-tilt-spectrum': '0', 'Medium-island': '1', 'Short-island': '0', 'Squeal': '0', 'Typical-entropy': '1', 'Voicing-quality': '1', 'Wide-band': '0', 'Xlong-island': '0', 'seq': '1', 'end': 29767.02, 'start': 29766.65}]",0,0,[],[]
29767300,29769700,NA,NOF,0.0,870,CM,NA,NA,NA,NA,0.0,0,-27.3,-5.75,[],0,0,[],[]
29769700,29771000,CHI,CHN,0.0,870,CM,RC,0,NT,FH,1.0,1300,-18.76,-5.78,"[{'Canonical-syllable': '0', 'Growl': '0', 'High-freq-energy': '0', 'Long-island': '0', 'Low-tilt-spectrum': '1', 'Medium-island': '0', 'Short-island': '0', 'Squeal': '0', 'Typical-entropy': '1', 'Voicing-quality': '2', 'Wide-band': '0', 'Xlong-island': '1', 'seq': '1', 'end': 29771.0, 'start': 29769.7}]",0,0,[],[]
29771000,29771920,NA,NOF,0.0,870,CM,NA,NA,NA,NA,0.0,0,-41.98,-27.44,[],0,0,[],[]
29771920,29772790,CHI,CHN,0.0,870,CM,RC,0,NT,FH,1.0,870,-17.7,-10.61,"[{'Canonical-syllable': '0', 'Growl': '0', 'High-freq-energy': '0', 'Long-island': '1', 'Low-tilt-spectrum': '0', 'Medium-island': '0', 'Short-island': '0', 'Squeal': '0', 'Typical-entropy': '1', 'Voicing-quality': '1', 'Wide-band': '0', 'Xlong-island': '0', 'seq': '1', 'end': 29772.79, 'start': 29772.02}]",0,0,[],[]
29772790,29773830,NA,NOF,0.0,870,CM,NA,NA,NA,NA,0.0,0,-24.18,-13.42,[],0,0,[],[]
29773830,29774900,CHI,CHN,0.0,870,CM,RC,0,NT,FH,1.0,1070,-20.01,-11.51,"[{'Canonical-syllable': '0', 'Growl': '0', 'High-freq-energy': '0', 'Long-island': '1', 'Low-tilt-spectrum': '0', 'Medium-island': '0', 'Short-island': '1', 'Squeal': '0', 'Typical-entropy': '1', 'Voicing-quality': '2', 'Wide-band': '0', 'Xlong-island': '0', 'seq': '1', 'end': 29774.9, 'start': 29773.83}]",0,0,[],[]
29774900,29775700,NA,CXF,0.0,870,CM,NA,NA,NA,NA,0.0,0,-36.98,-26.11,[],0,0,[],[]
29775700,29776500,NA,OLN,0.0,870,CM,NA,NA,NA,NA,0.0,0,-26.13,-16.62,[],0,0,[],[]
29776500,29777600,CHI,CHN,0.0,870,CM,RC,0,NT,FH,1.0,1100,-22.24,-15.21,"[{'Canonical-syllable': '0', 'Growl': '2', 'High-freq-energy': '1', 'Long-island': '1', 'Low-tilt-spectrum': '1', 'Medium-island': '0', 'Short-island': '1', 'Squeal': '0', 'Typical-entropy': '1', 'Voicing-quality': '1', 'Wide-band': '1', 'Xlong-island': '0', 'seq': '1', 'end': 29777.6, 'start': 29776.5}]",0,0,[],[]
29777600,29778540,NA,NOF,0.0,870,CM,NA,NA,NA,NA,0.0,0,-35.72,-19.89,[],0,0,[],[]
29778540,29782210,CHI,CHN,0.0,870,CM,RC,0,NT,FH,2.0,2560,-19.63,-8.08,"[{'Canonical-syllable': '0', 'Growl': '2', 'High-freq-energy': '0', 'Long-island': '1', 'Low-tilt-spectrum': '2', 'Medium-island': '0', 'Short-island': '1', 'Squeal': '0', 'Typical-entropy': '4', 'Voicing-quality': '4', 'Wide-band': '1', 'Xlong-island': '0', 'seq': '1', 'end': 29780.07, 'start': 29778.54}, {'Canonical-syllable': '0', 'Growl': '0', 'High-freq-energy': '0', 'Long-island': '1', 'Low-tilt-spectrum': '0', 'Medium-island': '0', 'Short-island': '0', 'Squeal': '0', 'Typical-entropy': '1', 'Voicing-quality': '3', 'Wide-band': '0', 'Xlong-island': '0', 'seq': '2', 'end': 29781.93, 'start': 29780.9}]",0,0,[],[]
29782210,29783210,CHI,CHN,0.0,870,CM,RC,0,NT,FH,1.0,1000,-21.17,-12.55,"[{'Canonical-syllable': '1', 'Growl': '0', 'High-freq-energy': '0', 'Long-island': '0', 'Low-tilt-spectrum': '1', 'Medium-island': '1', 'Short-island': '0', 'Squeal': '0', 'Typical-entropy': '0', 'Voicing-quality': '3', 'Wide-band': '0', 'Xlong-island': '0', 'seq': '1', 'end': 29783.21, 'start': 29782.43}]",0,0,[],[]
29783210,29783810,CHI,CHN,0.0,870,CM,EC,0,NT,FH,1.0,600,-24.13,-14.38,"[{'Canonical-syllable': '0', 'Growl': '1', 'High-freq-energy': '0', 'Long-island': '0', 'Low-tilt-spectrum': '0', 'Medium-island': '1', 'Short-island': '0', 'Squeal': '0', 'Typical-entropy': '1', 'Voicing-quality': '2', 'Wide-band': '0', 'Xlong-island': '0', 'seq': '1', 'end': 29783.81, 'start': 29783.21}]",0,0,[],[]
29783810,29784610,NA,NON,0.0,871,pause,NA,NA,NA,NA,0.0,0,-35.09,-21.3,[],0,0,[],[]
29784610,29786090,CHI,CHN,0.0,871,pause,NA,NA,NA,NA,0.0,0,-15.8,-5.81,[],0,1190,"[{'start': 29784.72, 'end': 29785.91}]",[]
29786090,29786890,NA,NOF,0.0,871,pause,NA,NA,NA,NA,0.0,0,-18.4,-7.13,[],0,0,[],[]
29786890,29787630,CHI,CHN,0.0,871,pause,NA,NA,NA,NA,0.0,0,-20.63,-11.63,[],0,740,"[{'start': 29786.89, 'end': 29787.63}]",[]
29787630,29794900,NA,NOF,0.0,871,pause,NA,NA,NA,NA,0.0,0,-21.51,-4.71,[],0,0,[],[]
29794900,29796150,CHI,CHN,0.0,871,CM,EC,0,NT,FI,1.0,1250,-24.91,-17.51,"[{'Canonical-syllable': '2', 'Growl': '0', 'High-freq-energy': '0', 'Long-island': '0', 'Low-tilt-spectrum': '0', 'Medium-island': '2', 'Short-island': '1', 'Squeal': '0', 'Typical-entropy': '0', 'Voicing-quality': '3', 'Wide-band': '0', 'Xlong-island': '0', 'seq': '1', 'end': 29796.15, 'start': 29794.9}]",0,0,[],[]
29796150,29796950,NA,NOF,0.0,872,pause,NA,NA,NA,NA,0.0,0,-18.61,-4.44,[],0,0,[],[]
29796950,29797550,CHI,CHN,0.0,872,pause,NA,NA,NA,NA,0.0,0,-36.91,-27.63,[],0,470,"[{'start': 29797.08, 'end': 29797.31}]","[{'start': 29797.31, 'end': 29797.55}]"
29797550,29806230,NA,NOF,0.0,872,pause,NA,NA,NA,NA,0.0,0,-20.48,-3.55,[],0,0,[],[]
29806230,29807030,NA,SIL,0.0,872,pause,NA,NA,NA,NA,0.0,0,-42.81,-27.38,[],0,0,[],[]
29807030,29811400,NA,NOF,0.0,872,pause,NA,NA,NA,NA,0.0,0,-22.11,-3.49,[],0,0,[],[]
29811400,29812230,CHI,CHN,0.0,872,CIOCX,BC,0,NT,FI,1.0,100,-15.2,-4.41,"[{'Canonical-syllable': '0', 'Growl': '1', 'High-freq-energy': '1', 'Long-island': '0', 'Low-tilt-spectrum': '1', 'Medium-island': '0', 'Short-island': '0', 'Squeal': '0', 'Typical-entropy': '1', 'Voicing-quality': '0', 'Wide-band': '0', 'Xlong-island': '0', 'seq': '1', 'end': 29812.06, 'start': 29811.96}]",0,0,[],[]
29812230,29813110,NA,NOF,0.0,872,CIOCX,NA,NA,NA,NA,0.0,0,-30.75,-17.77,[],0,0,[],[]
29813110,29814330,CHI,CHN,0.0,872,CIOCX,RC,0,NT,FH,1.0,1220,-17.9,-8.6,"[{'Canonical-syllable': '0', 'Growl': '1', 'High-freq-energy': '0', 'Long-island': '0', 'Low-tilt-spectrum': '1', 'Medium-island': '1', 'Short-island': '0', 'Squeal': '0', 'Typical-entropy': '3', 'Voicing-quality': '3', 'Wide-band': '0', 'Xlong-island': '0', 'seq': '1', 'end': 29814.33, 'start': 29813.11}]",0,0,[],[]
29814330,29816730,CHI,CHN,0.0,872,CIOCX,RC,0,NT,FH,2.0,1610,-19.81,-7.17,"[{'Canonical-syllable': '0', 'Growl': '0', 'High-freq-energy': '0', 'Long-island': '0', 'Low-tilt-spectrum': '1', 'Medium-island': '1', 'Short-island': '0', 'Squeal': '0', 'Typical-entropy': '1', 'Voicing-quality': '1', 'Wide-band': '0', 'Xlong-island': '0', 'seq': '1', 'end': 29814.59, 'start': 29814.33}, {'Canonical-syllable': '0', 'Growl': '0', 'High-freq-energy': '1', 'Long-island': '1', 'Low-tilt-spectrum': '2', 'Medium-island': '0', 'Short-island': '1', 'Squeal': '1', 'Typical-entropy': '2', 'Voicing-quality': '2', 'Wide-band': '0', 'Xlong-island': '0', 'seq': '2', 'end': 29816.33, 'start': 29814.98}]",0,0,[],[]
29816730,29817630,NA,SIL,0.0,872,CIOCX,NA,NA,NA,NA,0.0,0,-52.7,-41.94,[],0,0,[],[]
29817630,29818740,CHI,CHN,0.0,872,CIOCX,RC,0,NT,FH,1.0,1110,-17.91,-10.14,"[{'Canonical-syllable': '0', 'Growl': '0', 'High-freq-energy': '0', 'Long-island': '1', 'Low-tilt-spectrum': '1', 'Medium-island': '0', 'Short-island': '0', 'Squeal': '0', 'Typical-entropy': '2', 'Voicing-quality': '2', 'Wide-band': '0', 'Xlong-island': '0', 'seq': '1', 'end': 29818.74, 'start': 29817.71}]",0,0,[],[]
29818740,29819780,CHI,CHN,0.0,872,CIOCX,RC,0,NT,FH,1.0,1040,-19.36,-11.34,"[{'Canonical-syllable': '0', 'Growl': '0', 'High-freq-energy': '0', 'Long-island': '0', 'Low-tilt-spectrum': '0', 'Medium-island': '2', 'Short-island': '1', 'Squeal': '0', 'Typical-entropy': '1', 'Voicing-quality': '3', 'Wide-band': '0', 'Xlong-island': '0', 'seq': '1', 'end': 29819.78, 'start': 29818.87}]",0,0,[],[]
29819780,29820380,CHI,CHN,0.0,872,CIOCX,RC,0,NT,FH,1.0,450,-19.44,-6.55,"[{'Canonical-syllable': '0', 'Growl': '0', 'High-freq-energy': '0', 'Long-island': '0', 'Low-tilt-spectrum': '0', 'Medium-island': '1', 'Short-island': '0', 'Squeal': '0', 'Typical-entropy': '1', 'Voicing-quality': '1', 'Wide-band': '0', 'Xlong-island': '0', 'seq': '1', 'end': 29820.23, 'start': 29819.78}]",0,0,[],[]
29820380,29821180,NA,NOF,0.0,872,CIOCX,NA,NA,NA,NA,0.0,0,-40.18,-26.74,[],0,0,[],[]
29821180,29822590,CHI,CHN,0.0,872,CIOCX,RC,0,NT,FH,1.0,1410,-21.73,-10.67,"[{'Canonical-syllable': '0', 'Growl': '1', 'High-freq-energy': '1', 'Long-island': '0', 'Low-tilt-spectrum': '1', 'Medium-island': '0', 'Short-island': '1', 'Squeal': '0', 'Typical-entropy': '2', 'Voicing-quality': '2', 'Wide-band': '0', 'Xlong-island': '1', 'seq': '1', 'end': 29822.59, 'start': 29821.18}]",0,0,[],[]
29822590,29823390,NA,FAF,0.0,872,CIOCX,NA,NA,NA,NA,0.0,0,-45.23,-34.28,[],0,0,[],[]
29823390,29824340,CHI,CHN,0.0,872,CIOCX,RC,0,NT,FH,1.0,950,-19.91,-11.43,"[{'Canonical-syllable': '0', 'Growl': '0', 'High-freq-energy': '0', 'Long-island': '0', 'Low-tilt-spectrum': '0', 'Medium-island': '0', 'Short-island': '0', 'Squeal': '0', 'Typical-entropy': '0', 'Voicing-quality': '1', 'Wide-band': '0', 'Xlong-island': '1', 'seq': '1', 'end': 29824.34, 'start': 29823.39}]",0,0,[],[]
29824340,29826120,CHI,CHN,0.0,872,CIOCX,RC,0,NT,FH,1.0,900,-18.88,-9.36,"[{'Canonical-syllable': '0', 'Growl': '0', 'High-freq-energy': '0', 'Long-island': '0', 'Low-tilt-spectrum': '2', 'Medium-island': '1', 'Short-island': '1', 'Squeal': '0', 'Typical-entropy': '1', 'Voicing-quality': '3', 'Wide-band': '0', 'Xlong-island': '0', 'seq': '1', 'end': 29826.12, 'start': 29825.22}]",0,0,[],[]
29826120,29828820,CHI,CHN,0.0,872,CIOCX,RC,0,NT,FH,2.0,1640,-23.0,-12.43,"[{'Canonical-syllable': '0', 'Growl': '0', 'High-freq-energy': '0', 'Long-island': '0', 'Low-tilt-spectrum': '0', 'Medium-island': '1', 'Short-island': '0', 'Squeal': '0', 'Typical-entropy': '1', 'Voicing-quality': '1', 'Wide-band': '0', 'Xlong-island': '0', 'seq': '1', 'end': 29826.46, 'start': 29826.12}, {'Canonical-syllable': '0', 'Growl': '0', 'High-freq-energy': '1', 'Long-island': '1', 'Low-tilt-spectrum': '1', 'Medium-island': '0', 'Short-island': '2', 'Squeal': '0', 'Typical-entropy': '2', 'Voicing-quality': '2', 'Wide-band': '0', 'Xlong-island': '0', 'seq': '2', 'end': 29828.82, 'start': 29827.52}]",0,0,[],[]
29828820,29829620,OCH,CXN,0.0,872,CIOCX,RC,0,NT,FI,0.0,0,-29.92,-24.53,[],0,0,[],[]
29829620,29830380,CHI,CHN,0.0,872,CIOCX,RC,0,NT,FI,1.0,760,-20.39,-14.65,"[{'Canonical-syllable': '0', 'Growl': '0', 'High-freq-energy': '0', 'Long-island': '1', 'Low-tilt-spectrum': '0', 'Medium-island': '0', 'Short-island': '0', 'Squeal': '0', 'Typical-entropy': '0', 'Voicing-quality': '1', 'Wide-band': '0', 'Xlong-island': '0', 'seq': '1', 'end': 29830.38, 'start': 29829.62}]",0,0,[],[]
29830380,29831180,OCH,CXN,0.0,872,CIOCX,RC,0,NT,FI,0.0,0,-31.23,-25.67,[],0,0,[],[]
29831180,29831780,CHI,CHN,0.0,872,CIOCX,RC,0,NT,FI,1.0,600,-24.46,-18.31,"[{'Canonical-syllable': '1', 'Growl': '0', 'High-freq-energy': '0', 'Long-island': '0', 'Low-tilt-spectrum': '0', 'Medium-island': '1', 'Short-island': '0', 'Squeal': '0', 'Typical-entropy': '0', 'Voicing-quality': '2', 'Wide-band': '0', 'Xlong-island': '0', 'seq': '1', 'end': 29831.78, 'start': 29831.18}]",0,0,[],[]
29831780,29832590,NA,NOF,0.0,872,CIOCX,NA,NA,NA,NA,0.0,0,-45.35,-36.36,[],0,0,[],[]
29832590,29834590,CHI,CHN,0.0,872,CIOCX,RC,0,NT,FH,1.0,1860,-18.05,-6.59,"[{'Canonical-syllable': '1', 'Growl': '0', 'High-freq-energy': '0', 'Long-island': '0', 'Low-tilt-spectrum': '0', 'Medium-island': '1', 'Short-island': '3', 'Squeal': '1', 'Typical-entropy': '5', 'Voicing-quality': '5', 'Wide-band': '0', 'Xlong-island': '0', 'seq': '1', 'end': 29834.45, 'start': 29832.59}]",0,0,[],[]
29834590,29835390,NA,NOF,0.0,872,CIOCX,NA,NA,NA,NA,0.0,0,-47.02,-35.89,[],0,0,[],[]
29835390,29836200,NA,SIL,0.0,872,CIOCX,NA,NA,NA,NA,0.0,0,-59.0,-54.18,[],0,0,[],[]
29836200,29836810,CHI,CHN,0.0,872,CIOCX,NA,NA,NA,NA,0.0,0,-24.48,-11.96,[],0,370,"[{'start': 29836.44, 'end': 29836.81}]",[]
29836810,29838980,NA,NOF,0.0,872,CIOCX,NA,NA,NA,NA,0.0,0,-42.71,-26.25,[],0,0,[],[]
29838980,29839710,CHI,CHN,0.0,872,CIOCX,EC,0,NT,FH,1.0,730,-30.52,-24.11,"[{'Canonical-syllable': '0', 'Growl': '0', 'High-freq-energy': '0', 'Long-island': '0', 'Low-tilt-spectrum': '0', 'Medium-island': '1', 'Short-island': '1', 'Squeal': '0', 'Typical-entropy': '0', 'Voicing-quality': '2', 'Wide-band': '0', 'Xlong-island': '0', 'seq': '1', 'end': 29839.71, 'start': 29838.98}]",0,0,[],[]
29839710,29845340,NA,NOF,0.0,873,pause,NA,NA,NA,NA,0.0,0,-28.72,-7.4,[],0,0,[],[]
29845340,29847840,CHI,CHN,0.0,873,CIOCX,BC,0,NT,FI,2.0,1930,-17.25,-4.07,"[{'Canonical-syllable': '0', 'Growl': '0', 'High-freq-energy': '0', 'Long-island': '1', 'Low-tilt-spectrum': '1', 'Medium-island': '0', 'Short-island': '0', 'Squeal': '0', 'Typical-entropy': '1', 'Voicing-quality': '1', 'Wide-band': '0', 'Xlong-island': '0', 'seq': '1', 'end': 29846.26, 'start': 29845.42}, {'Canonical-syllable': '1', 'Growl': '1', 'High-freq-energy': '0', 'Long-island': '0', 'Low-tilt-spectrum': '2', 'Medium-island': '1', 'Short-island': '1', 'Squeal': '0', 'Typical-entropy': '2', 'Voicing-quality': '2', 'Wide-band': '0', 'Xlong-island': '0', 'seq': '2', 'end': 29847.84, 'start': 29846.83}]",0,0,[],[]
29847840,29848640,NA,NON,0.0,873,CIOCX,NA,NA,NA,NA,0.0,0,-29.88,-22.37,[],0,0,[],[]
29848640,29849650,CHI,CHN,0.0,873,CIOCX,RC,0,NT,FH,1.0,570,-30.75,-25.02,"[{'Canonical-syllable': '0', 'Growl': '0', 'High-freq-energy': '0', 'Long-island': '0', 'Low-tilt-spectrum': '0', 'Medium-island': '1', 'Short-island': '0', 'Squeal': '0', 'Typical-entropy': '1', 'Voicing-quality': '1', 'Wide-band': '0', 'Xlong-island': '0', 'seq': '1', 'end': 29849.21, 'start': 29848.64}]",0,0,[],[]
29849650,29850510,CHI,CHN,0.0,873,CIOCX,RC,0,NT,FH,1.0,730,-30.42,-21.72,"[{'Canonical-syllable': '0', 'Growl': '0', 'High-freq-energy': '0', 'Long-island': '1', 'Low-tilt-spectrum': '0', 'Medium-island': '0', 'Short-island': '0', 'Squeal': '0', 'Typical-entropy': '0', 'Voicing-quality': '1', 'Wide-band': '0', 'Xlong-island': '0', 'seq': '1', 'end': 29850.38, 'start': 29849.65}]",0,0,[],[]
29850510,29852070,NA,NOF,0.0,873,CIOCX,NA,NA,NA,NA,0.0,0,-40.74,-29.89,[],0,0,[],[]
29852070,29853170,CHI,CHN,0.0,873,CIOCX,RC,0,NT,FH,1.0,1100,-30.14,-26.31,"[{'Canonical-syllable': '0', 'Growl': '0', 'High-freq-energy': '0', 'Long-island': '0', 'Low-tilt-spectrum': '0', 'Medium-island': '0', 'Short-island': '0', 'Squeal': '0', 'Typical-entropy': '0', 'Voicing-quality': '1', 'Wide-band': '0', 'Xlong-island': '1', 'seq': '1', 'end': 29853.17, 'start': 29852.07}]",0,0,[],[]
29853170,29853990,OCH,CXN,0.0,873,CIOCX,RC,0,NT,FI,0.0,0,-36.93,-31.93,[],0,0,[],[]
29853990,29854590,CHI,CHN,0.0,873,CIOCX,EC,0,NT,FI,1.0,500,-33.76,-29.7,"[{'Canonical-syllable': '1', 'Growl': '0', 'High-freq-energy': '0', 'Long-island': '0', 'Low-tilt-spectrum': '0', 'Medium-island': '1', 'Short-island': '0', 'Squeal': '0', 'Typical-entropy': '0', 'Voicing-quality': '1', 'Wide-band': '0', 'Xlong-island': '0', 'seq': '1', 'end': 29854.49, 'start': 29853.99}]",0,0,[],[]
29854590,29860150,NA,NOF,0.0,874,pause,NA,NA,NA,NA,0.0,0,-20.1,-3.96,[],0,0,[],[]
29860150,29860760,NA,CHF,0.0,874,pause,NA,NA,NA,NA,0.0,0,-27.13,-18.51,[],0,610,[],"[{'start': 29860.15, 'end': 29860.76}]"
29860760,29862730,NA,NOF,0.0,874,pause,NA,NA,NA,NA,0.0,0,-35.79,-16.02,[],0,0,[],[]
29862730,29864180,NA,SIL,0.0,874,pause,NA,NA,NA,NA,0.0,0,-52.04,-34.58,[],0,0,[],[]
29864180,29867280,NA,NOF,0.0,874,pause,NA,NA,NA,NA,0.0,0,-29.0,-7.0,[],0,0,[],[]
29867280,29868080,NA,OLF,0.0,874,pause,NA,NA,NA,NA,0.0,0,-33.7,-25.72,[],0,0,[],[]
29868080,29874170,NA,NOF,0.0,874,pause,NA,NA,NA,NA,0.0,0,-21.92,-4.64,[],0,0,[],[]
29874170,29874990,NA,OLF,0.0,874,pause,NA,NA,NA,NA,0.0,0,-24.7,-13.57,[],0,0,[],[]
29874990,29878930,NA,NOF,0.0,874,pause,NA,NA,NA,NA,0.0,0,-35.39,-18.23,[],0,0,[],[]
29878930,29879540,NA,CHF,0.0,874,pause,NA,NA,NA,NA,0.0,0,-18.56,-7.72,[],0,260,[],"[{'start': 29878.93, 'end': 29879.19}]"
29879540,29881720,NA,NOF,0.0,874,pause,NA,NA,NA,NA,0.0,0,-23.65,-6.61,[],0,0,[],[]
29881720,29882530,NA,SIL,0.0,874,pause,NA,NA,NA,NA,0.0,0,-49.73,-38.53,[],0,0,[],[]
29882530,29883330,NA,NOF,0.0,874,pause,NA,NA,NA,NA,0.0,0,-49.51,-42.35,[],0,0,[],[]
29883330,29884550,NA,SIL,0.0,874,pause,NA,NA,NA,NA,0.0,0,-51.19,-38.72,[],0,0,[],[]
29884550,29885350,NA,NOF,0.0,874,pause,NA,NA,NA,NA,0.0,0,-29.05,-13.89,[],0,0,[],[]
29885350,29886640,NA,SIL,0.0,874,pause,NA,NA,NA,NA,0.0,0,-48.53,-31.99,[],0,0,[],[]
29886640,29889740,NA,NOF,0.0,874,pause,NA,NA,NA,NA,0.0,0,-22.86,-3.81,[],0,0,[],[]
29889740,29890420,CHI,CHN,0.0,874,pause,NA,NA,NA,NA,0.0,0,-20.99,-7.07,[],0,680,"[{'start': 29889.74, 'end': 29890.42}]",[]
29890420,29891680,NA,NOF,0.0,874,pause,NA,NA,NA,NA,0.0,0,-19.4,-3.38,[],0,0,[],[]
29891680,29892340,NA,CHF,0.0,874,pause,NA,NA,NA,NA,0.0,0,-20.28,-5.16,[],0,240,"[{'start': 29891.68, 'end': 29891.92}]",[]
29892340,29893240,NA,NOF,0.0,874,pause,NA,NA,NA,NA,0.0,0,-18.94,-6.29,[],0,0,[],[]
29893240,29894240,NA,SIL,0.0,874,pause,NA,NA,NA,NA,0.0,0,-52.44,-46.15,[],0,0,[],[]
29894240,29896160,NA,NOF,0.0,874,pause,NA,NA,NA,NA,0.0,0,-26.78,-15.2,[],0,0,[],[]
29896160,29898610,NA,OLF,0.0,874,pause,NA,NA,NA,NA,0.0,0,-16.1,-5.73,[],0,0,[],[]
29898610,29900110,NA,CHF,0.0,874,pause,NA,NA,NA,NA,0.0,0,-13.45,-4.3,[],0,1500,"[{'start': 29898.61, 'end': 29900.11}]",[]
29900110,29901790,NA,NON,0.0,874,pause,NA,NA,NA,NA,0.0,0,-20.63,-7.4,[],0,0,[],[]
29901790,29903380,CHI,CHN,0.0,874,CM,BC,0,NT,FI,1.0,970,-19.45,-12.2,"[{'Canonical-syllable': '1', 'Growl': '0', 'High-freq-energy': '0', 'Long-island': '1', 'Low-tilt-spectrum': '0', 'Medium-island': '0', 'Short-island': '1', 'Squeal': '0', 'Typical-entropy': '2', 'Voicing-quality': '2', 'Wide-band': '0', 'Xlong-island': '0', 'seq': '1', 'end': 29902.76, 'start': 29901.79}]",0,0,[],[]
29903380,29904390,CHI,CHN,0.0,874,CM,RC,0,NT,FH,1.0,1010,-16.62,-6.69,"[{'Canonical-syllable': '1', 'Growl': '0', 'High-freq-energy': '0', 'Long-island': '0', 'Low-tilt-spectrum': '1', 'Medium-island': '1', 'Short-island': '1', 'Squeal': '1', 'Typical-entropy': '1', 'Voicing-quality': '3', 'Wide-band': '0', 'Xlong-island': '0', 'seq': '1', 'end': 29904.39, 'start': 29903.51}]",0,0,[],[]
29904390,29904990,CHI,CHN,0.0,874,CM,RC,0,NT,FH,1.0,260,-19.36,-9.2,"[{'Canonical-syllable': '0', 'Growl': '0', 'High-freq-energy': '0', 'Long-island': '0', 'Low-tilt-spectrum': '0', 'Medium-island': '1', 'Short-island': '0', 'Squeal': '0', 'Typical-entropy': '1', 'Voicing-quality': '1', 'Wide-band': '0', 'Xlong-island': '0', 'seq': '1', 'end': 29904.65, 'start': 29904.39}]",0,0,[],[]
29904990,29905860,NA,NOF,0.0,874,CM,NA,NA,NA,NA,0.0,0,-31.82,-18.7,[],0,0,[],[]
29905860,29907950,CHI,CHN,0.0,874,CM,EC,0,NT,FH,1.0,1920,-16.52,-3.26,"[{'Canonical-syllable': '0', 'Growl': '1', 'High-freq-energy': '1', 'Long-island': '1', 'Low-tilt-spectrum': '3', 'Medium-island': '1', 'Short-island': '1', 'Squeal': '0', 'Typical-entropy': '3', 'Voicing-quality': '4', 'Wide-band': '0', 'Xlong-island': '0', 'seq': '1', 'end': 29907.78, 'start': 29906.02}]",0,0,[],[]
29907950,29913200,NA,NOF,0.0,875,pause,NA,NA,NA,NA,0.0,0,-23.5,-4.84,[],0,0,[],[]
29913200,29914430,NA,SIL,0.0,875,pause,NA,NA,NA,NA,0.0,0,-45.59,-31.7,[],0,0,[],[]
29914430,29915230,NA,NOF,0.0,875,pause,NA,NA,NA,NA,0.0,0,-32.89,-19.93,[],0,0,[],[]
29915230,29916030,NA,SIL,0.0,875,pause,NA,NA,NA,NA,0.0,0,-46.47,-30.86,[],0,0,[],[]
29916030,29916630,NA,NOF,0.0,875,pause,NA,NA,NA,NA,0.0,0,-24.67,-10.56,[],0,0,[],[]
29916630,29917430,NA,SIL,0.0,875,pause,NA,NA,NA,NA,0.0,0,-49.64,-40.89,[],0,0,[],[]
29917430,29920210,NA,NOF,0.0,875,pause,NA,NA,NA,NA,0.0,0,-20.44,-3.8,[],0,0,[],[]
29920210,29921010,NA,SIL,0.0,875,pause,NA,NA,NA,NA,0.0,0,-48.71,-38.48,[],0,0,[],[]
29921010,29932340,NA,NOF,0.0,875,pause,NA,NA,NA,NA,0.0,0,-21.77,-4.58,[],0,0,[],[]
29932340,29933140,NA,SIL,0.0,875,pause,NA,NA,NA,NA,0.0,0,-24.43,-10.4,[],0,0,[],[]
29933140,29935680,NA,NOF,0.0,875,pause,NA,NA,NA,NA,0.0,0,-17.61,-3.83,[],0,0,[],[]
29935680,29936760,NA,SIL,0.0,875,pause,NA,NA,NA,NA,0.0,0,-19.6,-6.08,[],0,0,[],[]
29936760,29940360,NA,NOF,0.0,875,pause,NA,NA,NA,NA,0.0,0,-18.6,-4.12,[],0,0,[],[]
29940360,29941220,NA,SIL,0.0,875,pause,NA,NA,NA,NA,0.0,0,-42.42,-37.69,[],0,0,[],[]
29941220,29945840,NA,NOF,0.0,875,pause,NA,NA,NA,NA,0.0,0,-28.45,-6.94,[],0,0,[],[]
29945840,29946640,NA,SIL,0.0,875,pause,NA,NA,NA,NA,0.0,0,-50.57,-47.9,[],0,0,[],[]
29946640,29951060,NA,NON,0.0,875,pause,NA,NA,NA,NA,0.0,0,-20.29,-3.74,[],0,0,[],[]
29951060,29951890,NA,OLN,0.0,875,pause,NA,NA,NA,NA,0.0,0,-13.21,-5.11,[],0,0,[],[]
29951890,29953170,NA,NOF,0.0,875,pause,NA,NA,NA,NA,0.0,0,-14.89,-4.25,[],0,0,[],[]
29953170,29954270,CHI,CHN,0.0,875,pause,NA,NA,NA,NA,0.0,0,-16.5,-3.84,[],0,960,[],"[{'start': 29953.17, 'end': 29954.13}]"
29954270,29960370,NA,NOF,0.0,875,pause,NA,NA,NA,NA,0.0,0,-23.12,-3.12,[],0,0,[],[]
29960370,29961690,CHI,CHN,0.0,875,pause,NA,NA,NA,NA,0.0,0,-28.47,-16.57,[],0,1320,"[{'start': 29960.37, 'end': 29961.69}]",[]
29961690,29962510,NA,NOF,0.0,875,pause,NA,NA,NA,NA,0.0,0,-20.22,-2.96,[],0,0,[],[]
29962510,29963110,CHI,CHN,0.0,875,pause,NA,NA,NA,NA,0.0,0,-18.15,-4.46,[],0,270,[],"[{'start': 29962.84, 'end': 29963.11}]"
29963110,29964050,NA,OLN,0.0,875,pause,NA,NA,NA,NA,0.0,0,-25.73,-14.89,[],0,0,[],[]
29964050,29966380,NA,NOF,0.0,875,pause,NA,NA,NA,NA,0.0,0,-24.32,-3.99,[],0,0,[],[]
29966380,29967180,NA,SIL,0.0,875,pause,NA,NA,NA,NA,0.0,0,-51.99,-45.42,[],0,0,[],[]
29967180,29968030,NA,NON,0.0,875,pause,NA,NA,NA,NA,0.0,0,-37.41,-22.18,[],0,0,[],[]
29968030,29969200,CHI,CHN,0.0,875,CM,EC,0,NT,FI,1.0,1170,-31.55,-22.68,"[{'Canonical-syllable': '1', 'Growl': '0', 'High-freq-energy': '0', 'Long-island': '0', 'Low-tilt-spectrum': '1', 'Medium-island': '1', 'Short-island': '1', 'Squeal': '1', 'Typical-entropy': '0', 'Voicing-quality': '2', 'Wide-band': '0', 'Xlong-island': '0', 'seq': '1', 'end': 29969.2, 'start': 29968.03}]",0,0,[],[]
29969200,29970140,NA,NON,0.0,876,pause,NA,NA,NA,NA,0.0,0,-19.11,-4.18,[],0,0,[],[]
29970140,29971550,CHI,CHN,0.0,876,pause,NA,NA,NA,NA,0.0,0,-25.82,-13.05,[],0,1410,"[{'start': 29970.14, 'end': 29971.39}]","[{'start': 29971.39, 'end': 29971.55}]"
29971550,29972350,NA,NOF,0.0,876,pause,NA,NA,NA,NA,0.0,0,-25.23,-9.96,[],0,0,[],[]
29972350,29973190,CHI,CHN,0.0,876,pause,NA,NA,NA,NA,0.0,0,-22.68,-12.06,[],0,840,"[{'start': 29972.35, 'end': 29972.65}]","[{'start': 29972.65, 'end': 29973.19}]"
29973190,29975000,NA,NON,0.0,876,pause,NA,NA,NA,NA,0.0,0,-24.47,-4.28,[],0,0,[],[]
29975000,29975640,CHI,CHN,0.0,876,CM,EC,0,NT,FI,1.0,480,-21.66,-13.91,"[{'Canonical-syllable': '1', 'Growl': '1', 'High-freq-energy': '0', 'Long-island': '0', 'Low-tilt-spectrum': '0', 'Medium-island': '0', 'Short-island': '1', 'Squeal': '0', 'Typical-entropy': '0', 'Voicing-quality': '1', 'Wide-band': '0', 'Xlong-island': '0', 'seq': '1', 'end': 29975.48, 'start': 29975.0}]",0,0,[],[]
29975640,29977380,NA,NOF,0.0,877,pause,NA,NA,NA,NA,0.0,0,-26.6,-7.44,[],0,0,[],[]
29977380,29978180,NA,OLN,0.0,877,pause,NA,NA,NA,NA,0.0,0,-21.06,-6.1,[],0,0,[],[]
29978180,29983070,NA,NOF,0.0,877,pause,NA,NA,NA,NA,0.0,0,-25.36,-7.3,[],0,0,[],[]
29983070,29984870,FEM,FAN,8.95,877,AMF,EC,0,NT,FI,0.0,0,-19.07,-9.76,[],0,0,[],[]
29984870,29985550,CHI,CHN,0.0,878,pause,NA,NA,NA,NA,0.0,0,-25.59,-15.45,[],0,300,"[{'start': 29984.87, 'end': 29985.17}]",[]
29985550,29986350,NA,OLN,0.0,878,pause,NA,NA,NA,NA,0.0,0,-25.64,-16.81,[],0,0,[],[]
29986350,29987320,NA,NOF,0.0,878,pause,NA,NA,NA,NA,0.0,0,-49.96,-45.9,[],0,0,[],[]
29987320,29988120,NA,SIL,0.0,878,pause,NA,NA,NA,NA,0.0,0,-51.19,-40.35,[],0,0,[],[]
29988120,29988920,NA,NOF,0.0,878,pause,NA,NA,NA,NA,0.0,0,-50.19,-45.41,[],0,0,[],[]
29988920,29990920,NA,SIL,0.0,878,pause,NA,NA,NA,NA,0.0,0,-54.78,-49.84,[],0,0,[],[]
29990920,29991720,NA,NOF,0.0,878,pause,NA,NA,NA,NA,0.0,0,-50.71,-39.03,[],0,0,[],[]
29991720,29995810,CHI,CHN,0.0,878,CM,BC,0,NT,FI,3.0,2890,-22.44,-11.83,"[{'Canonical-syllable': '1', 'Growl': '0', 'High-freq-energy': '0', 'Long-island': '1', 'Low-tilt-spectrum': '0', 'Medium-island': '2', 'Short-island': '2', 'Squeal': '0', 'Typical-entropy': '0', 'Voicing-quality': '5', 'Wide-band': '0', 'Xlong-island': '0', 'seq': '1', 'end': 29993.77, 'start': 29991.72}, {'Canonical-syllable': '2', 'Growl': '0', 'High-freq-energy': '0', 'Long-island': '0', 'Low-tilt-spectrum': '0', 'Medium-island': '0', 'Short-island': '2', 'Squeal': '0', 'Typical-entropy': '0', 'Voicing-quality': '2', 'Wide-band': '0', 'Xlong-island': '0', 'seq': '2', 'end': 29995.0, 'start': 29994.49}, {'Canonical-syllable': '1', 'Growl': '0', 'High-freq-energy': '0', 'Long-island': '0', 'Low-tilt-spectrum': '0', 'Medium-island': '0', 'Short-island': '2', 'Squeal': '0', 'Typical-entropy': '0', 'Voicing-quality': '2', 'Wide-band': '0', 'Xlong-island': '0', 'seq': '3', 'end': 29995.69, 'start': 29995.36}]",0,0,[],[]
29995810,29996640,NA,NOF,0.0,878,CM,NA,NA,NA,NA,0.0,0,-44.09,-32.15,[],0,0,[],[]
29996640,29997370,CHI,CHN,0.0,878,CM,EC,0,NT,FH,1.0,650,-23.13,-16.08,"[{'Canonical-syllable': '0', 'Growl': '0', 'High-freq-energy': '0', 'Long-island': '1', 'Low-tilt-spectrum': '0', 'Medium-island': '0', 'Short-island': '0', 'Squeal': '0', 'Typical-entropy': '0', 'Voicing-quality': '1', 'Wide-band': '0', 'Xlong-island': '0', 'seq': '1', 'end': 29997.29, 'start': 29996.64}]",0,0,[],[]
29997370,30003760,NA,NOF,0.0,879,pause,NA,NA,NA,NA,0.0,0,-20.47,-3.16,[],0,0,[],[]
30003760,30006110,CHI,CHN,0.0,879,CIC,BC,0,NT,FI,1.0,1930,-22.35,-11.88,"[{'Canonical-syllable': '0', 'Growl': '0', 'High-freq-energy': '0', 'Long-island': '0', 'Low-tilt-spectrum': '0', 'Medium-island': '1', 'Short-island': '1', 'Squeal': '0', 'Typical-entropy': '3', 'Voicing-quality': '3', 'Wide-band': '0', 'Xlong-island': '1', 'seq': '1', 'end': 30005.69, 'start': 30003.76}]",0,0,[],[]
30006110,30006970,NA,SIL,0.0,879,CIC,NA,NA,NA,NA,0.0,0,-55.22,-50.55,[],0,0,[],[]
30006970,30009930,CHI,CHN,0.0,879,CIC,RC,0,TIFI,FH,2.0,1520,-25.5,-15.95,"[{'Canonical-syllable': '0', 'Growl': '0', 'High-freq-energy': '1', 'Long-island': '1', 'Low-tilt-spectrum': '1', 'Medium-island': '1', 'Short-island': '0', 'Squeal': '0', 'Typical-entropy': '1', 'Voicing-quality': '2', 'Wide-band': '0', 'Xlong-island': '0', 'seq': '1', 'end': 30008.26, 'start': 30006.97}, {'Canonical-syllable': '1', 'Growl': '0', 'High-freq-energy': '0', 'Long-island': '0', 'Low-tilt-spectrum': '0', 'Medium-island': '0', 'Short-island': '1', 'Squeal': '0', 'Typical-entropy': '1', 'Voicing-quality': '1', 'Wide-band': '0', 'Xlong-island': '0', 'seq': '2', 'end': 30009.93, 'start': 30009.7}]",0,0,[],[]
30009930,30010790,NA,OLF,0.0,879,CIC,NA,NA,NA,NA,0.0,0,-36.7,-27.61,[],0,0,[],[]
30010790,30011610,NA,NOF,0.0,879,CIC,NA,NA,NA,NA,0.0,0,-43.87,-35.49,[],0,0,[],[]
30011610,30012410,NA,OLF,0.0,879,CIC,NA,NA,NA,NA,0.0,0,-15.9,-2.86,[],0,0,[],[]
30012410,30013050,FEM,FAN,4.17,879,CIC,RC,1,TIFR,FI,0.0,0,-25.24,-18.68,[],0,0,[],[]
30013050,30015290,NA,NOF,0.0,879,CIC,NA,NA,NA,NA,0.0,0,-38.94,-23.1,[],0,0,[],[]
30015290,30015890,CHI,CHN,0.0,879,CIC,EC,1,TIFE,FI,1.0,600,-27.88,-17.75,"[{'Canonical-syllable': '0', 'Growl': '1', 'High-freq-energy': '0', 'Long-island': '0', 'Low-tilt-spectrum': '1', 'Medium-island': '1', 'Short-island': '0', 'Squeal': '0', 'Typical-entropy': '1', 'Voicing-quality': '1', 'Wide-band': '0', 'Xlong-island': '0', 'seq': '1', 'end': 30015.89, 'start': 30015.53}]",0,0,[],[]
30015890,30022530,NA,NOF,0.0,880,pause,NA,NA,NA,NA,0.0,0,-28.96,-6.41,[],0,0,[],[]
30022530,30023600,NA,SIL,0.0,880,pause,NA,NA,NA,NA,0.0,0,-53.07,-48.01,[],0,0,[],[]
30023600,30024730,NA,CHF,0.0,880,pause,NA,NA,NA,NA,0.0,0,-36.24,-19.51,[],0,0,[],[]
30024730,30026710,NA,SIL,0.0,880,pause,NA,NA,NA,NA,0.0,0,-55.22,-41.07,[],0,0,[],[]
30026710,30028540,NA,NOF,0.0,880,pause,NA,NA,NA,NA,0.0,0,-36.03,-16.01,[],0,0,[],[]
30028540,30030500,NA,SIL,0.0,880,pause,NA,NA,NA,NA,0.0,0,-49.57,-29.27,[],0,0,[],[]
30030500,30031300,NA,NOF,0.0,880,pause,NA,NA,NA,NA,0.0,0,-43.68,-29.05,[],0,0,[],[]
30031300,30032160,NA,SIL,0.0,880,pause,NA,NA,NA,NA,0.0,0,-47.16,-32.37,[],0,0,[],[]
30032160,30033720,NA,NOF,0.0,880,pause,NA,NA,NA,NA,0.0,0,-18.35,-3.78,[],0,0,[],[]
30033720,30034720,FEM,FAN,4.83,880,AMF,EC,0,NT,FI,0.0,0,-24.48,-6.72,[],0,0,[],[]
30034720,30036540,NA,NOF,0.0,881,pause,NA,NA,NA,NA,0.0,0,-21.07,-5.81,[],0,0,[],[]
30036540,30037340,NA,OLN,0.0,881,pause,NA,NA,NA,NA,0.0,0,-33.45,-24.81,[],0,0,[],[]
30037340,30042190,NA,NOF,0.0,881,pause,NA,NA,NA,NA,0.0,0,-19.67,-3.37,[],0,0,[],[]
30042190,30042810,CHI,CHN,0.0,881,pause,NA,NA,NA,NA,0.0,0,-15.3,-4.87,[],0,440,"[{'start': 30042.37, 'end': 30042.72}]","[{'start': 30042.72, 'end': 30042.81}]"
30042810,30048140,NA,NOF,0.0,881,pause,NA,NA,NA,NA,0.0,0,-22.35,-4.47,[],0,0,[],[]
30048140,30048940,NA,OLN,0.0,881,pause,NA,NA,NA,NA,0.0,0,-28.48,-20.01,[],0,0,[],[]
30048940,30060340,NA,NOF,0.0,881,pause,NA,NA,NA,NA,0.0,0,-31.31,-9.09,[],0,0,[],[]
30060340,30061150,CHI,CHN,0.0,881,CM,BC,0,NT,FI,2.0,500,-21.12,-14.53,"[{'Canonical-syllable': '0', 'Growl': '1', 'High-freq-energy': '0', 'Long-island': '0', 'Low-tilt-spectrum': '1', 'Medium-island': '1', 'Short-island': '0', 'Squeal': '0', 'Typical-entropy': '1', 'Voicing-quality': '1', 'Wide-band': '0', 'Xlong-island': '0', 'seq': '1', 'end': 30060.68, 'start': 30060.34}, {'Canonical-syllable': '0', 'Growl': '1', 'High-freq-energy': '0', 'Long-island': '0', 'Low-tilt-spectrum': '1', 'Medium-island': '0', 'Short-island': '1', 'Squeal': '0', 'Typical-entropy': '1', 'Voicing-quality': '1', 'Wide-band': '0', 'Xlong-island': '0', 'seq': '2', 'end': 30061.15, 'start': 30060.99}]",0,0,[],[]
30061150,30063600,NA,OLN,0.0,881,CM,NA,NA,NA,NA,0.0,0,-20.04,-5.3,[],0,0,[],[]
30063600,30066360,CHI,CHN,0.0,881,CM,RC,0,NT,FH,2.0,2060,-17.9,-8.64,"[{'Canonical-syllable': '2', 'Growl': '0', 'High-freq-energy': '0', 'Long-island': '0', 'Low-tilt-spectrum': '2', 'Medium-island': '2', 'Short-island': '2', 'Squeal': '0', 'Typical-entropy': '2', 'Voicing-quality': '4', 'Wide-band': '0', 'Xlong-island': '0', 'seq': '1', 'end': 30065.46, 'start': 30063.69}, {'Canonical-syllable': '1', 'Growl': '0', 'High-freq-energy': '0', 'Long-island': '0', 'Low-tilt-spectrum': '0', 'Medium-island': '0', 'Short-island': '1', 'Squeal': '0', 'Typical-entropy': '0', 'Voicing-quality': '1', 'Wide-band': '0', 'Xlong-island': '0', 'seq': '2', 'end': 30066.36, 'start': 30066.16}]",0,0,[],[]
30066360,30067170,NA,OLN,0.0,881,CM,NA,NA,NA,NA,0.0,0,-24.14,-11.39,[],0,0,[],[]
30067170,30071930,CHI,CHN,0.0,881,CM,RC,0,NT,FH,3.0,2960,-19.79,-3.39,"[{'Canonical-syllable': '0', 'Growl': '2', 'High-freq-energy': '0', 'Long-island': '0', 'Low-tilt-spectrum': '5', 'Medium-island': '1', 'Short-island': '4', 'Squeal': '0', 'Typical-entropy': '6', 'Voicing-quality': '5', 'Wide-band': '0', 'Xlong-island': '0', 'seq': '1', 'end': 30069.42, 'start': 30067.17}, {'Canonical-syllable': '1', 'Growl': '0', 'High-freq-energy': '0', 'Long-island': '0', 'Low-tilt-spectrum': '1', 'Medium-island': '0', 'Short-island': '2', 'Squeal': '0', 'Typical-entropy': '1', 'Voicing-quality': '2', 'Wide-band': '0', 'Xlong-island': '0', 'seq': '2', 'end': 30071.14, 'start': 30070.7}, {'Canonical-syllable': '1', 'Growl': '0', 'High-freq-energy': '0', 'Long-island': '0', 'Low-tilt-spectrum': '0', 'Medium-island': '1', 'Short-island': '0', 'Squeal': '0', 'Typical-entropy': '0', 'Voicing-quality': '1', 'Wide-band': '0', 'Xlong-island': '0', 'seq': '3', 'end': 30071.84, 'start': 30071.57}]",0,0,[],[]
30071930,30072770,NA,NON,0.0,881,CM,NA,NA,NA,NA,0.0,0,-22.15,-9.75,[],0,0,[],[]
30072770,30073910,CHI,CHN,0.0,881,CM,RC,0,NT,FH,2.0,750,-23.51,-12.52,"[{'Canonical-syllable': '0', 'Growl': '0', 'High-freq-energy': '0', 'Long-island': '0', 'Low-tilt-spectrum': '2', 'Medium-island': '0', 'Short-island': '1', 'Squeal': '0', 'Typical-entropy': '2', 'Voicing-quality': '1', 'Wide-band': '0', 'Xlong-island': '0', 'seq': '1', 'end': 30073.23, 'start': 30072.77}, {'Canonical-syllable': '0', 'Growl': '0', 'High-freq-energy': '0', 'Long-island': '0', 'Low-tilt-spectrum': '0', 'Medium-island': '0', 'Short-island': '1', 'Squeal': '0', 'Typical-entropy': '0', 'Voicing-quality': '1', 'Wide-band': '0', 'Xlong-island': '0', 'seq': '2', 'end': 30073.91, 'start': 30073.62}]",0,0,[],[]
30073910,30074790,NA,NOF,0.0,881,CM,NA,NA,NA,NA,0.0,0,-42.36,-33.02,[],0,0,[],[]
30074790,30078340,CHI,CHN,0.0,881,CM,EC,0,NT,FH,1.0,3550,-18.36,-9.21,"[{'Canonical-syllable': '0', 'Growl': '1', 'High-freq-energy': '1', 'Long-island': '0', 'Low-tilt-spectrum': '5', 'Medium-island': '2', 'Short-island': '4', 'Squeal': '1', 'Typical-entropy': '8', 'Voicing-quality': '10', 'Wide-band': '1', 'Xlong-island': '0', 'seq': '1', 'end': 30078.34, 'start': 30074.88}]",0,0,[],[]
30078340,30079160,NA,OLN,0.0,882,pause,NA,NA,NA,NA,0.0,0,-30.98,-20.38,[],0,0,[],[]
30079160,30080160,NA,FAF,0.0,882,pause,NA,NA,NA,NA,0.0,0,-43.86,-38.32,[],0,0,[],[]
30080160,30080960,NA,NOF,0.0,882,pause,NA,NA,NA,NA,0.0,0,-39.47,-31.44,[],0,0,[],[]
30080960,30081760,NA,OLN,0.0,882,pause,NA,NA,NA,NA,0.0,0,-40.65,-33.09,[],0,0,[],[]
30081760,30085280,NA,NON,0.0,882,pause,NA,NA,NA,NA,0.0,0,-29.31,-9.47,[],0,0,[],[]
30085280,30086080,NA,SIL,0.0,882,pause,NA,NA,NA,NA,0.0,0,-37.81,-22.29,[],0,0,[],[]
30086080,30090840,NA,NOF,0.0,882,pause,NA,NA,NA,NA,0.0,0,-30.33,-4.76,[],0,0,[],[]
30090840,30094300,NA,OLN,0.0,882,pause,NA,NA,NA,NA,0.0,0,-21.76,-5.6,[],0,0,[],[]
30094300,30095100,OCH,CXN,0.0,882,XIOCC,BC,0,NT,FI,0.0,0,-24.52,-11.39,[],0,0,[],[]
30095100,30096100,OCH,CXN,0.0,882,XIOCC,RC,0,NT,FH,0.0,0,-26.23,-20.77,[],0,0,[],[]
30096100,30096900,NA,NOF,0.0,882,XIOCC,NA,NA,NA,NA,0.0,0,-41.63,-28.27,[],0,0,[],[]
30096900,30098950,CHI,CHN,0.0,882,XIOCC,EC,0,NT,FI,2.0,1550,-21.66,-13.65,"[{'Canonical-syllable': '0', 'Growl': '0', 'High-freq-energy': '0', 'Long-island': '0', 'Low-tilt-spectrum': '1', 'Medium-island': '0', 'Short-island': '2', 'Squeal': '1', 'Typical-entropy': '2', 'Voicing-quality': '2', 'Wide-band': '0', 'Xlong-island': '0', 'seq': '1', 'end': 30097.34, 'start': 30096.9}, {'Canonical-syllable': '1', 'Growl': '0', 'High-freq-energy': '0', 'Long-island': '0', 'Low-tilt-spectrum': '1', 'Medium-island': '2', 'Short-island': '1', 'Squeal': '0', 'Typical-entropy': '2', 'Voicing-quality': '3', 'Wide-band': '0', 'Xlong-island': '0', 'seq': '2', 'end': 30098.95, 'start': 30097.84}]",0,0,[],[]
30098950,30099850,NA,OLF,0.0,883,pause,NA,NA,NA,NA,0.0,0,-35.64,-26.05,[],0,0,[],[]
30099850,30105320,NA,NOF,0.0,883,pause,NA,NA,NA,NA,0.0,0,-40.92,-28.46,[],0,0,[],[]
30105320,30106410,NA,OLF,0.0,883,pause,NA,NA,NA,NA,0.0,0,-27.38,-8.5,[],0,0,[],[]
30106410,30107320,NA,NOF,0.0,883,pause,NA,NA,NA,NA,0.0,0,-41.68,-35.45,[],0,0,[],[]
30107320,30107920,FEM,FAN,1.64,883,AICF,BC,0,TIFI,FI,0.0,0,-21.87,-16.3,[],0,0,[],[]
30107920,30108720,NA,OLN,0.0,883,AICF,NA,NA,NA,NA,0.0,0,-31.25,-25.36,[],0,0,[],[]
30108720,30109570,CHI,CHN,0.0,883,AICF,RC,1,TIFR,FI,1.0,850,-17.9,-10.6,"[{'Canonical-syllable': '0', 'Growl': '0', 'High-freq-energy': '0', 'Long-island': '0', 'Low-tilt-spectrum': '1', 'Medium-island': '1', 'Short-island': '1', 'Squeal': '0', 'Typical-entropy': '1', 'Voicing-quality': '2', 'Wide-band': '1', 'Xlong-island': '0', 'seq': '1', 'end': 30109.57, 'start': 30108.72}]",0,0,[],[]
30109570,30110370,OCH,CXN,0.0,883,AICF,RC,1,NT,FI,0.0,0,-19.26,-9.66,[],0,0,[],[]
30110370,30111960,NA,NOF,0.0,883,AICF,NA,NA,NA,NA,0.0,0,-43.5,-33.66,[],0,0,[],[]
30111960,30112800,NA,OLF,0.0,883,AICF,NA,NA,NA,NA,0.0,0,-37.73,-29.06,[],0,0,[],[]
30112800,30113400,CHI,CHN,0.0,883,AICF,RC,1,TIFI,FI,1.0,410,-18.17,-12.38,"[{'Canonical-syllable': '0', 'Growl': '0', 'High-freq-energy': '0', 'Long-island': '0', 'Low-tilt-spectrum': '0', 'Medium-island': '1', 'Short-island': '0', 'Squeal': '0', 'Typical-entropy': '0', 'Voicing-quality': '1', 'Wide-band': '0', 'Xlong-island': '0', 'seq': '1', 'end': 30113.21, 'start': 30112.88}]",0,0,[],[]
30113400,30116910,NA,NOF,0.0,883,AICF,NA,NA,NA,NA,0.0,0,-41.2,-21.53,[],0,0,[],[]
30116910,30117920,FEM,FAN,4.25,883,AICF,RC,2,TIFR,FI,0.0,0,-36.53,-27.37,[],0,0,[],[]
30117920,30118520,CHI,CHN,0.0,883,AICF,NA,NA,NA,NA,0.0,0,-22.88,-18.35,[],0,380,"[{'start': 30118.02, 'end': 30118.4}]",[]
30118520,30120490,NA,SIL,0.0,883,AICF,NA,NA,NA,NA,0.0,0,-50.17,-38.74,[],0,0,[],[]
30120490,30121630,CHI,CHN,0.0,883,AICF,RC,2,TIFE,FI,1.0,700,-21.26,-14.72,"[{'Canonical-syllable': '0', 'Growl': '0', 'High-freq-energy': '0', 'Long-island': '1', 'Low-tilt-spectrum': '0', 'Medium-island': '0', 'Short-island': '0', 'Squeal': '0', 'Typical-entropy': '0', 'Voicing-quality': '1', 'Wide-band': '0', 'Xlong-island': '0', 'seq': '1', 'end': 30121.19, 'start': 30120.49}]",0,0,[],[]
30121630,30122430,NA,NOF,0.0,883,AICF,NA,NA,NA,NA,0.0,0,-48.23,-41.02,[],0,0,[],[]
30122430,30123230,NA,OLN,0.0,883,AICF,NA,NA,NA,NA,0.0,0,-29.38,-18.16,[],0,0,[],[]
30123230,30124030,NA,SIL,0.0,883,AICF,NA,NA,NA,NA,0.0,0,-48.59,-41.05,[],0,0,[],[]
30124030,30126180,NA,NOF,0.0,883,AICF,NA,NA,NA,NA,0.0,0,-30.69,-17.29,[],0,0,[],[]
30126180,30127330,CHI,CHN,0.0,883,AICF,EC,2,NT,FH,1.0,1150,-24.02,-18.02,"[{'Canonical-syllable': '0', 'Growl': '0', 'High-freq-energy': '0', 'Long-island': '1', 'Low-tilt-spectrum': '0', 'Medium-island': '0', 'Short-island': '0', 'Squeal': '0', 'Typical-entropy': '1', 'Voicing-quality': '2', 'Wide-band': '0', 'Xlong-island': '0', 'seq': '1', 'end': 30127.33, 'start': 30126.18}]",0,0,[],[]
30127330,30131960,NA,NOF,0.0,884,pause,NA,NA,NA,NA,0.0,0,-46.33,-36.88,[],0,0,[],[]
30131960,30132770,NA,OLF,0.0,884,pause,NA,NA,NA,NA,0.0,0,-29.81,-19.65,[],0,0,[],[]
30132770,30134390,NA,NOF,0.0,884,pause,NA,NA,NA,NA,0.0,0,-45.35,-39.43,[],0,0,[],[]
30134390,30135190,NA,SIL,0.0,884,pause,NA,NA,NA,NA,0.0,0,-50.82,-44.14,[],0,0,[],[]
30135190,30135990,NA,NOF,0.0,884,pause,NA,NA,NA,NA,0.0,0,-48.44,-38.93,[],0,0,[],[]
30135990,30138470,NA,SIL,0.0,884,pause,NA,NA,NA,NA,0.0,0,-51.12,-34.87,[],0,0,[],[]
30138470,30144930,NA,NOF,0.0,884,pause,NA,NA,NA,NA,0.0,0,-43.1,-24.7,[],0,0,[],[]
30144930,30145940,NA,SIL,0.0,884,pause,NA,NA,NA,NA,0.0,0,-52.31,-47.5,[],0,0,[],[]
30145940,30149180,NA,NOF,0.0,884,pause,NA,NA,NA,NA,0.0,0,-45.91,-32.35,[],0,0,[],[]
30149180,30149980,NA,SIL,0.0,884,pause,NA,NA,NA,NA,0.0,0,-52.78,-49.12,[],0,0,[],[]
30149980,30160650,NA,NOF,0.0,884,pause,NA,NA,NA,NA,0.0,0,-35.8,-6.9,[],0,0,[],[]
30160650,30161260,CHI,CHN,0.0,884,CM,EC,0,NT,FI,1.0,610,-24.27,-13.42,"[{'Canonical-syllable': '0', 'Growl': '1', 'High-freq-energy': '0', 'Long-island': '0', 'Low-tilt-spectrum': '0', 'Medium-island': '0', 'Short-island': '2', 'Squeal': '0', 'Typical-entropy': '0', 'Voicing-quality': '1', 'Wide-band': '2', 'Xlong-island': '0', 'seq': '1', 'end': 30161.26, 'start': 30160.65}]",0,0,[],[]
30161260,30167930,NA,NOF,0.0,885,pause,NA,NA,NA,NA,0.0,0,-47.52,-36.2,[],0,0,[],[]
30167930,30168730,NA,SIL,0.0,885,pause,NA,NA,NA,NA,0.0,0,-51.52,-45.69,[],0,0,[],[]
30168730,30171890,NA,NOF,0.0,885,pause,NA,NA,NA,NA,0.0,0,-47.31,-40.82,[],0,0,[],[]
30171890,30172870,NA,SIL,0.0,885,pause,NA,NA,NA,NA,0.0,0,-54.24,-49.84,[],0,0,[],[]
30172870,30173670,NA,NOF,0.0,885,pause,NA,NA,NA,NA,0.0,0,-47.0,-30.61,[],0,0,[],[]
30173670,30177330,NA,SIL,0.0,885,pause,NA,NA,NA,NA,0.0,0,-52.19,-39.09,[],0,0,[],[]
30177330,30178230,NA,NOF,0.0,885,pause,NA,NA,NA,NA,0.0,0,-52.11,-48.74,[],0,0,[],[]
30178230,30183230,NA,SIL,0.0,885,pause,NA,NA,NA,NA,0.0,0,-51.08,-39.08,[],0,0,[],[]
30183230,30186020,NA,NOF,0.0,885,pause,NA,NA,NA,NA,0.0,0,-42.88,-25.61,[],0,0,[],[]
30186020,30188250,NA,SIL,0.0,885,pause,NA,NA,NA,NA,0.0,0,-53.09,-46.23,[],0,0,[],[]
30188250,30189330,NA,NOF,0.0,885,pause,NA,NA,NA,NA,0.0,0,-51.08,-45.17,[],0,0,[],[]
30189330,30191410,NA,SIL,0.0,885,pause,NA,NA,NA,NA,0.0,0,-53.22,-41.13,[],0,0,[],[]
30191410,30192070,CHI,CHN,0.0,885,CM,EC,0,NT,FI,1.0,430,-19.03,-6.95,"[{'Canonical-syllable': '1', 'Growl': '0', 'High-freq-energy': '1', 'Long-island': '0', 'Low-tilt-spectrum': '1', 'Medium-island': '0', 'Short-island': '1', 'Squeal': '0', 'Typical-entropy': '1', 'Voicing-quality': '1', 'Wide-band': '0', 'Xlong-island': '0', 'seq': '1', 'end': 30191.84, 'start': 30191.65}]",0,0,[],[]
30192070,30194130,NA,NOF,0.0,886,pause,NA,NA,NA,NA,0.0,0,-50.05,-41.26,[],0,0,[],[]
30194130,30195200,NA,SIL,0.0,886,pause,NA,NA,NA,NA,0.0,0,-54.05,-50.08,[],0,0,[],[]
30195200,30196230,NA,TVF,0.0,886,pause,NA,NA,NA,NA,0.0,0,-40.8,-30.18,[],0,0,[],[]
30196230,30197380,NA,SIL,0.0,886,pause,NA,NA,NA,NA,0.0,0,-53.7,-49.42,[],0,0,[],[]
30197380,30198180,NA,NOF,0.0,886,pause,NA,NA,NA,NA,0.0,0,-51.37,-44.74,[],0,0,[],[]
30198180,30198980,NA,SIL,0.0,886,pause,NA,NA,NA,NA,0.0,0,-52.91,-48.21,[],0,0,[],[]
30198980,30201190,NA,NOF,0.0,886,pause,NA,NA,NA,NA,0.0,0,-49.95,-40.68,[],0,0,[],[]
30201190,30201990,NA,SIL,0.0,886,pause,NA,NA,NA,NA,0.0,0,-53.84,-50.07,[],0,0,[],[]
30201990,30202790,NA,NOF,0.0,886,pause,NA,NA,NA,NA,0.0,0,-50.84,-47.12,[],0,0,[],[]
30202790,30203900,NA,SIL,0.0,886,pause,NA,NA,NA,NA,0.0,0,-53.34,-46.69,[],0,0,[],[]
30203900,30204700,NA,NOF,0.0,886,pause,NA,NA,NA,NA,0.0,0,-50.18,-44.49,[],0,0,[],[]
30204700,30205630,NA,SIL,0.0,886,pause,NA,NA,NA,NA,0.0,0,-53.33,-45.82,[],0,0,[],[]
30205630,30206430,NA,CHF,0.0,886,pause,NA,NA,NA,NA,0.0,0,-49.84,-40.22,[],0,800,[],"[{'start': 30205.63, 'end': 30206.43}]"
30206430,30214440,NA,SIL,0.0,886,pause,NA,NA,NA,NA,0.0,0,-50.34,-32.51,[],0,0,[],[]
30214440,30215670,NA,NOF,0.0,886,pause,NA,NA,NA,NA,0.0,0,-47.24,-37.06,[],0,0,[],[]
30215670,30217970,NA,SIL,0.0,886,pause,NA,NA,NA,NA,0.0,0,-53.35,-41.44,[],0,0,[],[]
30217970,30220770,NA,NOF,0.0,886,pause,NA,NA,NA,NA,0.0,0,-45.42,-33.26,[],0,0,[],[]
30220770,30221800,NA,SIL,0.0,886,pause,NA,NA,NA,NA,0.0,0,-51.62,-45.57,[],0,0,[],[]
30221800,30222400,NA,MAF,0.0,886,pause,NA,NA,NA,NA,0.0,0,-46.29,-41.31,[],0,0,[],[]
30222400,30223220,NA,SIL,0.0,886,pause,NA,NA,NA,NA,0.0,0,-53.67,-50.28,[],0,0,[],[]
30223220,30227610,NA,NOF,0.0,886,pause,NA,NA,NA,NA,0.0,0,-43.67,-23.79,[],0,0,[],[]
30227610,30229970,NA,SIL,0.0,886,pause,NA,NA,NA,NA,0.0,0,-52.89,-45.69,[],0,0,[],[]
30229970,30230770,NA,NOF,0.0,886,pause,NA,NA,NA,NA,0.0,0,-52.5,-48.55,[],0,0,[],[]
30230770,30232560,NA,SIL,0.0,886,pause,NA,NA,NA,NA,0.0,0,-53.81,-48.78,[],0,0,[],[]
30232560,30233160,OCH,CXN,0.0,886,XM,EC,0,NT,FI,0.0,0,-31.8,-25.19,[],0,0,[],[]
30233160,30235600,NA,SIL,0.0,887,pause,NA,NA,NA,NA,0.0,0,-54.01,-45.18,[],0,0,[],[]
30235600,30236410,NA,NOF,0.0,887,pause,NA,NA,NA,NA,0.0,0,-52.23,-49.36,[],0,0,[],[]
30236410,30239220,NA,SIL,0.0,887,pause,NA,NA,NA,NA,0.0,0,-54.44,-48.93,[],0,0,[],[]
30239220,30240750,NA,NOF,0.0,887,pause,NA,NA,NA,NA,0.0,0,-51.68,-48.57,[],0,0,[],[]
30240750,30241680,NA,SIL,0.0,887,pause,NA,NA,NA,NA,0.0,0,-52.37,-45.21,[],0,0,[],[]
30241680,30242590,NA,NOF,0.0,887,pause,NA,NA,NA,NA,0.0,0,-51.4,-46.41,[],0,0,[],[]
30242590,30245620,NA,SIL,0.0,887,pause,NA,NA,NA,NA,0.0,0,-53.18,-48.43,[],0,0,[],[]
30245620,30249040,NA,NOF,0.0,887,pause,NA,NA,NA,NA,0.0,0,-48.88,-41.08,[],0,0,[],[]
30249040,30251220,NA,FAF,0.0,887,pause,NA,NA,NA,NA,0.0,0,-45.21,-31.61,[],0,0,[],[]
30251220,30252420,NA,OLF,0.0,887,pause,NA,NA,NA,NA,0.0,0,-42.39,-33.65,[],0,0,[],[]
30252420,30253230,NA,NOF,0.0,887,pause,NA,NA,NA,NA,0.0,0,-44.01,-38.14,[],0,0,[],[]
30253230,30257180,NA,OLF,0.0,887,pause,NA,NA,NA,NA,0.0,0,-31.02,-9.12,[],0,0,[],[]
30257180,30258290,NA,NOF,0.0,887,pause,NA,NA,NA,NA,0.0,0,-40.77,-29.94,[],0,0,[],[]
30258290,30259750,NA,OLF,0.0,887,pause,NA,NA,NA,NA,0.0,0,-40.1,-24.35,[],0,0,[],[]
30259750,30261410,NA,NOF,0.0,887,pause,NA,NA,NA,NA,0.0,0,-43.74,-38.9,[],0,0,[],[]
30261410,30262330,NA,OLF,0.0,887,pause,NA,NA,NA,NA,0.0,0,-35.95,-23.68,[],0,0,[],[]
30262330,30264070,MAL,MAN,6.46,887,AMM,EC,0,NT,FI,0.0,0,-29.79,-17.86,[],0,0,[],[]
30264070,30264980,NA,NOF,0.0,888,pause,NA,NA,NA,NA,0.0,0,-39.96,-24.4,[],0,0,[],[]
30264980,30266090,NA,MAF,0.0,888,pause,NA,NA,NA,NA,0.0,0,-42.31,-32.11,[],0,0,[],[]
30266090,30266920,NA,OLF,0.0,888,pause,NA,NA,NA,NA,0.0,0,-41.65,-32.68,[],0,0,[],[]
30266920,30269850,NA,NOF,0.0,888,pause,NA,NA,NA,NA,0.0,0,-37.9,-19.7,[],0,0,[],[]
30269850,30271910,NA,MAF,0.0,888,pause,NA,NA,NA,NA,0.0,0,-45.54,-38.75,[],0,0,[],[]
30271910,30272780,NA,OLF,0.0,888,pause,NA,NA,NA,NA,0.0,0,-41.28,-33.28,[],0,0,[],[]
30272780,30273580,NA,NOF,0.0,888,pause,NA,NA,NA,NA,0.0,0,-41.23,-30.26,[],0,0,[],[]
30273580,30274420,NA,OLF,0.0,888,pause,NA,NA,NA,NA,0.0,0,-38.62,-27.35,[],0,0,[],[]
30274420,30275330,NA,NOF,0.0,888,pause,NA,NA,NA,NA,0.0,0,-30.53,-14.06,[],0,0,[],[]
30275330,30276420,MAL,MAN,11.36,888,AMM,EC,0,NT,FI,0.0,0,-29.58,-14.53,[],0,0,[],[]
30276420,30277500,NA,OLF,0.0,889,pause,NA,NA,NA,NA,0.0,0,-39.55,-32.4,[],0,0,[],[]
30277500,30278520,NA,MAF,0.0,889,pause,NA,NA,NA,NA,0.0,0,-32.4,-17.0,[],0,0,[],[]
30278520,30279390,NA,NOF,0.0,889,pause,NA,NA,NA,NA,0.0,0,-26.33,-11.36,[],0,0,[],[]
30279390,30280730,NA,MAF,0.0,889,pause,NA,NA,NA,NA,0.0,0,-29.46,-15.67,[],0,0,[],[]
30280730,30282550,NA,NOF,0.0,889,pause,NA,NA,NA,NA,0.0,0,-43.51,-31.66,[],0,0,[],[]
30282550,30283870,CHI,CHN,0.0,889,CIC,BC,0,NT,FI,1.0,1070,-23.2,-14.55,"[{'Canonical-syllable': '0', 'Growl': '1', 'High-freq-energy': '0', 'Long-island': '0', 'Low-tilt-spectrum': '2', 'Medium-island': '0', 'Short-island': '3', 'Squeal': '0', 'Typical-entropy': '3', 'Voicing-quality': '4', 'Wide-band': '1', 'Xlong-island': '0', 'seq': '1', 'end': 30283.62, 'start': 30282.55}]",0,0,[],[]
30283870,30285100,NA,SIL,0.0,889,CIC,NA,NA,NA,NA,0.0,0,-49.91,-45.9,[],0,0,[],[]
30285100,30286140,CHI,CHN,0.0,889,CIC,RC,0,NT,FH,1.0,1040,-26.24,-19.37,"[{'Canonical-syllable': '1', 'Growl': '1', 'High-freq-energy': '0', 'Long-island': '0', 'Low-tilt-spectrum': '0', 'Medium-island': '1', 'Short-island': '2', 'Squeal': '0', 'Typical-entropy': '1', 'Voicing-quality': '3', 'Wide-band': '1', 'Xlong-island': '0', 'seq': '1', 'end': 30286.14, 'start': 30285.1}]",0,0,[],[]
30286140,30287200,NA,MAF,0.0,889,CIC,NA,NA,NA,NA,0.0,0,-43.97,-34.79,[],0,0,[],[]
30287200,30288560,NA,SIL,0.0,889,CIC,NA,NA,NA,NA,0.0,0,-49.8,-46.01,[],0,0,[],[]
30288560,30290260,CHI,CHN,0.0,889,CIC,RC,0,NT,FH,1.0,1470,-19.53,-10.49,"[{'Canonical-syllable': '1', 'Growl': '0', 'High-freq-energy': '0', 'Long-island': '0', 'Low-tilt-spectrum': '0', 'Medium-island': '0', 'Short-island': '4', 'Squeal': '0', 'Typical-entropy': '2', 'Voicing-quality': '4', 'Wide-band': '1', 'Xlong-island': '0', 'seq': '1', 'end': 30290.03, 'start': 30288.56}]",0,0,[],[]
30290260,30292580,NA,SIL,0.0,889,CIC,NA,NA,NA,NA,0.0,0,-48.56,-39.98,[],0,0,[],[]
30292580,30293780,CHI,CHN,0.0,889,CIC,RC,0,TIMI,FH,1.0,1020,-18.5,-11.98,"[{'Canonical-syllable': '0', 'Growl': '0', 'High-freq-energy': '0', 'Long-island': '0', 'Low-tilt-spectrum': '0', 'Medium-island': '0', 'Short-island': '0', 'Squeal': '0', 'Typical-entropy': '0', 'Voicing-quality': '1', 'Wide-band': '0', 'Xlong-island': '1', 'seq': '1', 'end': 30293.6, 'start': 30292.58}]",0,0,[],[]
30293780,30294840,NA,SIL,0.0,889,CIC,NA,NA,NA,NA,0.0,0,-44.9,-36.69,[],0,0,[],[]
30294840,30295840,MAL,MAN,1.23,889,CIC,RC,1,TIMR,FI,0.0,0,-32.98,-20.62,[],0,0,[],[]
30295840,30298090,NA,NOF,0.0,889,CIC,NA,NA,NA,NA,0.0,0,-47.32,-32.34,[],0,0,[],[]
30298090,30299620,CHI,CHN,0.0,889,CIC,EC,1,TIME,FI,2.0,1190,-21.25,-13.04,"[{'Canonical-syllable': '0', 'Growl': '0', 'High-freq-energy': '0', 'Long-island': '0', 'Low-tilt-spectrum': '1', 'Medium-island': '1', 'Short-island': '0', 'Squeal': '0', 'Typical-entropy': '1', 'Voicing-quality': '1', 'Wide-band': '0', 'Xlong-island': '0', 'seq': '1', 'end': 30298.6, 'start': 30298.09}, {'Canonical-syllable': '0', 'Growl': '0', 'High-freq-energy': '0', 'Long-island': '1', 'Low-tilt-spectrum': '0', 'Medium-island': '0', 'Short-island': '0', 'Squeal': '0', 'Typical-entropy': '0', 'Voicing-quality': '1', 'Wide-band': '0', 'Xlong-island': '0', 'seq': '2', 'end': 30299.62, 'start': 30298.94}]",0,0,[],[]
30299620,30301490,NA,NOF,0.0,890,pause,NA,NA,NA,NA,0.0,0,-19.23,-3.39,[],0,0,[],[]
30301490,30302670,NA,SIL,0.0,890,pause,NA,NA,NA,NA,0.0,0,-46.94,-43.53,[],0,0,[],[]
30302670,30303660,NA,NOF,0.0,890,pause,NA,NA,NA,NA,0.0,0,-44.35,-34.51,[],0,0,[],[]
30303660,30306030,NA,SIL,0.0,890,pause,NA,NA,NA,NA,0.0,0,-48.1,-37.77,[],0,0,[],[]
30306030,30306990,NA,NOF,0.0,890,pause,NA,NA,NA,NA,0.0,0,-34.49,-16.28,[],0,0,[],[]
30306990,30308010,MAL,MAN,5.83,890,AMM,EC,0,NT,FI,0.0,0,-42.14,-34.56,[],0,0,[],[]
30308010,30309210,NA,NOF,0.0,891,pause,NA,NA,NA,NA,0.0,0,-43.72,-32.26,[],0,0,[],[]
30309210,30310490,NA,SIL,0.0,891,pause,NA,NA,NA,NA,0.0,0,-48.67,-40.23,[],0,0,[],[]
30310490,30312940,NA,NOF,0.0,891,pause,NA,NA,NA,NA,0.0,0,-48.24,-42.36,[],0,0,[],[]
30312940,30314170,NA,SIL,0.0,891,pause,NA,NA,NA,NA,0.0,0,-48.25,-37.17,[],0,0,[],[]
30314170,30315200,FEM,FAN,6.51,891,AICF,BC,0,TIFI,FI,0.0,0,-19.94,-12.19,[],0,0,[],[]
30315200,30316520,CHI,CHN,0.0,891,AICF,RC,1,TIFR,FI,1.0,1320,-17.84,-12.29,"[{'Canonical-syllable': '0', 'Growl': '0', 'High-freq-energy': '1', 'Long-island': '0', 'Low-tilt-spectrum': '0', 'Medium-island': '1', 'Short-island': '2', 'Squeal': '0', 'Typical-entropy': '2', 'Voicing-quality': '3', 'Wide-band': '0', 'Xlong-island': '0', 'seq': '1', 'end': 30316.52, 'start': 30315.2}]",0,0,[],[]
30316520,30318020,CHI,CHN,0.0,891,AICF,RC,1,NT,FH,2.0,730,-26.3,-18.83,"[{'Canonical-syllable': '1', 'Growl': '0', 'High-freq-energy': '0', 'Long-island': '0', 'Low-tilt-spectrum': '0', 'Medium-island': '1', 'Short-island': '0', 'Squeal': '0', 'Typical-entropy': '0', 'Voicing-quality': '1', 'Wide-band': '0', 'Xlong-island': '0', 'seq': '1', 'end': 30317.04, 'start': 30316.52}, {'Canonical-syllable': '0', 'Growl': '0', 'High-freq-energy': '0', 'Long-island': '0', 'Low-tilt-spectrum': '0', 'Medium-island': '0', 'Short-island': '1', 'Squeal': '0', 'Typical-entropy': '1', 'Voicing-quality': '1', 'Wide-band': '0', 'Xlong-island': '0', 'seq': '2', 'end': 30317.71, 'start': 30317.5}]",0,0,[],[]
30318020,30318950,NA,SIL,0.0,891,AICF,NA,NA,NA,NA,0.0,0,-49.88,-44.65,[],0,0,[],[]
30318950,30320590,CHI,CHN,0.0,891,AICF,RC,1,NT,FH,1.0,1640,-19.47,-12.15,"[{'Canonical-syllable': '0', 'Growl': '0', 'High-freq-energy': '0', 'Long-island': '0', 'Low-tilt-spectrum': '1', 'Medium-island': '3', 'Short-island': '0', 'Squeal': '0', 'Typical-entropy': '2', 'Voicing-quality': '3', 'Wide-band': '0', 'Xlong-island': '0', 'seq': '1', 'end': 30320.59, 'start': 30319.13}]",0,0,[],[]
30320590,30321390,NA,NOF,0.0,891,AICF,NA,NA,NA,NA,0.0,0,-38.67,-28.32,[],0,0,[],[]
30321390,30323920,NA,SIL,0.0,891,AICF,NA,NA,NA,NA,0.0,0,-40.33,-17.61,[],0,0,[],[]
30323920,30325250,NA,NOF,0.0,891,AICF,NA,NA,NA,NA,0.0,0,-42.0,-24.75,[],0,0,[],[]
30325250,30327040,CHI,CHN,0.0,891,AICF,RC,1,NT,FH,1.0,1670,-22.03,-11.22,"[{'Canonical-syllable': '1', 'Growl': '1', 'High-freq-energy': '0', 'Long-island': '0', 'Low-tilt-spectrum': '0', 'Medium-island': '3', 'Short-island': '1', 'Squeal': '0', 'Typical-entropy': '4', 'Voicing-quality': '4', 'Wide-band': '0', 'Xlong-island': '0', 'seq': '1', 'end': 30326.92, 'start': 30325.25}]",0,0,[],[]
30327040,30328310,MAL,MAN,5.61,891,AICF,RC,1,TIMI,FI,0.0,0,-30.8,-21.49,[],0,0,[],[]
30328310,30329000,CHI,CHN,0.0,891,AICF,RC,2,TIMR,FI,1.0,690,-16.55,-12.12,"[{'Canonical-syllable': '0', 'Growl': '0', 'High-freq-energy': '0', 'Long-island': '1', 'Low-tilt-spectrum': '1', 'Medium-island': '0', 'Short-island': '0', 'Squeal': '0', 'Typical-entropy': '1', 'Voicing-quality': '1', 'Wide-band': '0', 'Xlong-island': '0', 'seq': '1', 'end': 30329.0, 'start': 30328.31}]",0,0,[],[]
30329000,30329870,NA,OLF,0.0,891,AICF,NA,NA,NA,NA,0.0,0,-36.04,-27.0,[],0,0,[],[]
30329870,30330670,NA,SIL,0.0,891,AICF,NA,NA,NA,NA,0.0,0,-49.19,-39.15,[],0,0,[],[]
30330670,30332300,CHI,CHN,0.0,891,AICF,EC,2,NT,FH,1.0,1090,-17.42,-11.98,"[{'Canonical-syllable': '0', 'Growl': '0', 'High-freq-energy': '0', 'Long-island': '0', 'Low-tilt-spectrum': '0', 'Medium-island': '0', 'Short-island': '0', 'Squeal': '0', 'Typical-entropy': '0', 'Voicing-quality': '1', 'Wide-band': '0', 'Xlong-island': '1', 'seq': '1', 'end': 30332.19, 'start': 30331.1}]",0,0,[],[]
30332300,30334360,NA,SIL,0.0,892,pause,NA,NA,NA,NA,0.0,0,-50.96,-38.8,[],0,0,[],[]
30334360,30335960,NA,NOF,0.0,892,pause,NA,NA,NA,NA,0.0,0,-26.79,-6.57,[],0,0,[],[]
30335960,30337760,NA,SIL,0.0,892,pause,NA,NA,NA,NA,0.0,0,-50.76,-43.17,[],0,0,[],[]
30337760,30338560,OCH,CXN,0.0,892,XIC,BC,0,NT,FI,0.0,0,-23.88,-15.77,[],0,0,[],[]
30338560,30339840,NA,NOF,0.0,892,XIC,NA,NA,NA,NA,0.0,0,-49.69,-43.5,[],0,0,[],[]
30339840,30341140,MAL,MAN,5.47,892,XIC,RC,0,TIMI,FI,0.0,0,-29.86,-15.9,[],0,0,[],[]
30341140,30341940,NA,OLF,0.0,892,XIC,NA,NA,NA,NA,0.0,0,-32.54,-18.88,[],0,0,[],[]
30341940,30342580,CHI,CHN,0.0,892,XIC,RC,1,TIMR,FI,1.0,550,-19.61,-13.08,"[{'Canonical-syllable': '1', 'Growl': '0', 'High-freq-energy': '0', 'Long-island': '0', 'Low-tilt-spectrum': '0', 'Medium-island': '1', 'Short-island': '0', 'Squeal': '0', 'Typical-entropy': '1', 'Voicing-quality': '1', 'Wide-band': '0', 'Xlong-island': '0', 'seq': '1', 'end': 30342.49, 'start': 30341.94}]",0,0,[],[]
30342580,30343380,NA,SIL,0.0,892,XIC,NA,NA,NA,NA,0.0,0,-45.11,-36.12,[],0,0,[],[]
30343380,30344180,NA,NOF,0.0,892,XIC,NA,NA,NA,NA,0.0,0,-48.03,-37.18,[],0,0,[],[]
30344180,30344980,NA,SIL,0.0,892,XIC,NA,NA,NA,NA,0.0,0,-49.67,-43.76,[],0,0,[],[]
30344980,30345820,NA,NON,0.0,892,XIC,NA,NA,NA,NA,0.0,0,-22.82,-5.76,[],0,0,[],[]
30345820,30346820,MAL,MAN,7.83,892,XIC,EC,1,TIME,FI,0.0,0,-35.2,-24.94,[],0,0,[],[]
30346820,30348280,NA,NOF,0.0,893,pause,NA,NA,NA,NA,0.0,0,-45.49,-36.06,[],0,0,[],[]
30348280,30349080,NA,SIL,0.0,893,pause,NA,NA,NA,NA,0.0,0,-47.84,-38.51,[],0,0,[],[]
30349080,30351880,NA,NOF,0.0,893,pause,NA,NA,NA,NA,0.0,0,-27.59,-6.58,[],0,0,[],[]
30351880,30352680,OCH,CXN,0.0,893,XIC,BC,0,NT,FI,0.0,0,-14.34,-8.53,[],0,0,[],[]
30352680,30353490,NA,NOF,0.0,893,XIC,NA,NA,NA,NA,0.0,0,-48.81,-43.05,[],0,0,[],[]
30353490,30355270,CHI,CHN,0.0,893,XIC,RC,0,TIMI,FI,1.0,1780,-18.9,-9.52,"[{'Canonical-syllable': '0', 'Growl': '0', 'High-freq-energy': '0', 'Long-island': '0', 'Low-tilt-spectrum': '2', 'Medium-island': '3', 'Short-island': '1', 'Squeal': '0', 'Typical-entropy': '4', 'Voicing-quality': '4', 'Wide-band': '0', 'Xlong-island': '0', 'seq': '1', 'end': 30355.27, 'start': 30353.49}]",0,0,[],[]
30355270,30356270,MAL,MAN,3.44,893,XIC,RC,1,TIMR,FI,0.0,0,-31.7,-24.79,[],0,0,[],[]
30356270,30357970,NA,NOF,0.0,893,XIC,NA,NA,NA,NA,0.0,0,-21.09,-4.35,[],0,0,[],[]
30357970,30359320,MAL,MAN,8.26,893,XIC,EC,1,NT,FH,0.0,0,-33.32,-27.78,[],0,0,[],[]
30359320,30361530,NA,SIL,0.0,894,pause,NA,NA,NA,NA,0.0,0,-22.74,-4.89,[],0,0,[],[]
30361530,30366750,NA,NOF,0.0,894,pause,NA,NA,NA,NA,0.0,0,-32.27,-6.6,[],0,0,[],[]
30366750,30368700,MAL,MAN,10.43,894,AICM,BC,0,TIMI,FI,0.0,0,-35.67,-26.76,[],0,0,[],[]
30368700,30372010,CHI,CHN,0.0,894,AICM,EC,1,TIMR,FI,3.0,2260,-16.31,-9.29,"[{'Canonical-syllable': '0', 'Growl': '0', 'High-freq-energy': '0', 'Long-island': '0', 'Low-tilt-spectrum': '0', 'Medium-island': '0', 'Short-island': '0', 'Squeal': '0', 'Typical-entropy': '0', 'Voicing-quality': '1', 'Wide-band': '0', 'Xlong-island': '1', 'seq': '1', 'end': 30370.17, 'start': 30368.7}, {'Canonical-syllable': '0', 'Growl': '0', 'High-freq-energy': '0', 'Long-island': '0', 'Low-tilt-spectrum': '1', 'Medium-island': '0', 'Short-island': '1', 'Squeal': '0', 'Typical-entropy': '1', 'Voicing-quality': '1', 'Wide-band': '0', 'Xlong-island': '0', 'seq': '2', 'end': 30370.77, 'start': 30370.6}, {'Canonical-syllable': '0', 'Growl': '0', 'High-freq-energy': '0', 'Long-island': '0', 'Low-tilt-spectrum': '0', 'Medium-island': '2', 'Short-island': '0', 'Squeal': '0', 'Typical-entropy': '2', 'Voicing-quality': '2', 'Wide-band': '0', 'Xlong-island': '0', 'seq': '3', 'end': 30371.92, 'start': 30371.3}]",0,0,[],[]
30372010,30375510,NA,MAF,0.0,895,pause,NA,NA,NA,NA,0.0,0,-37.84,-21.39,[],0,0,[],[]
30375510,30376330,NA,NOF,0.0,895,pause,NA,NA,NA,NA,0.0,0,-28.55,-12.94,[],0,0,[],[]
30376330,30377210,NA,SIL,0.0,895,pause,NA,NA,NA,NA,0.0,0,-50.93,-46.42,[],0,0,[],[]
30377210,30377810,CHI,CHN,0.0,895,CIOCAX,BC,0,NT,FI,1.0,260,-20.11,-14.26,"[{'Canonical-syllable': '0', 'Growl': '0', 'High-freq-energy': '0', 'Long-island': '0', 'Low-tilt-spectrum': '1', 'Medium-island': '0', 'Short-island': '1', 'Squeal': '0', 'Typical-entropy': '1', 'Voicing-quality': '1', 'Wide-band': '0', 'Xlong-island': '0', 'seq': '1', 'end': 30377.81, 'start': 30377.55}]",0,0,[],[]
30377810,30378610,OCH,CXN,0.0,895,CIOCAX,RC,0,NT,FI,0.0,0,-18.85,-10.65,[],0,0,[],[]
30378610,30380560,CHI,CHN,0.0,895,CIOCAX,RC,0,NT,FI,2.0,1150,-18.89,-9.8,"[{'Canonical-syllable': '0', 'Growl': '0', 'High-freq-energy': '0', 'Long-island': '0', 'Low-tilt-spectrum': '1', 'Medium-island': '1', 'Short-island': '1', 'Squeal': '0', 'Typical-entropy': '1', 'Voicing-quality': '2', 'Wide-band': '0', 'Xlong-island': '0', 'seq': '1', 'end': 30379.53, 'start': 30378.61}, {'Canonical-syllable': '1', 'Growl': '0', 'High-freq-energy': '0', 'Long-island': '0', 'Low-tilt-spectrum': '1', 'Medium-island': '0', 'Short-island': '1', 'Squeal': '0', 'Typical-entropy': '1', 'Voicing-quality': '1', 'Wide-band': '0', 'Xlong-island': '0', 'seq': '2', 'end': 30380.56, 'start': 30380.33}]",0,0,[],[]
30380560,30381650,OCH,CXN,0.0,895,CIOCAX,RC,0,NT,FI,0.0,0,-25.45,-15.32,[],0,0,[],[]
30381650,30382820,MAL,MAN,5.85,895,CIOCAX,EC,0,NT,FI,0.0,0,-30.86,-22.33,[],0,0,[],[]
30382820,30383840,NA,OLN,0.0,896,pause,NA,NA,NA,NA,0.0,0,-23.93,-6.12,[],0,0,[],[]
30383840,30386000,NA,MAF,0.0,896,pause,NA,NA,NA,NA,0.0,0,-39.08,-29.53,[],0,0,[],[]
30386000,30386800,NA,NOF,0.0,896,pause,NA,NA,NA,NA,0.0,0,-36.36,-22.02,[],0,0,[],[]
30386800,30387600,NA,SIL,0.0,896,pause,NA,NA,NA,NA,0.0,0,-48.95,-44.31,[],0,0,[],[]
30387600,30392370,NA,NOF,0.0,896,pause,NA,NA,NA,NA,0.0,0,-34.16,-14.01,[],0,0,[],[]
30392370,30393170,NA,OLN,0.0,896,pause,NA,NA,NA,NA,0.0,0,-40.3,-34.09,[],0,0,[],[]
30393170,30394840,NA,NOF,0.0,896,pause,NA,NA,NA,NA,0.0,0,-31.1,-15.47,[],0,0,[],[]
30394840,30395860,MAL,MAN,3.37,896,AMM,BC,0,NT,FI,0.0,0,-40.83,-33.73,[],0,0,[],[]
30395860,30396660,NA,NOF,0.0,896,AMM,NA,NA,NA,NA,0.0,0,-38.75,-26.89,[],0,0,[],[]
30396660,30398070,MAL,MAN,6.59,896,AMM,EC,0,NT,FH,0.0,0,-40.8,-30.92,[],0,0,[],[]
30398070,30408380,NA,NOF,0.0,897,pause,NA,NA,NA,NA,0.0,0,-39.62,-21.88,[],0,0,[],[]
30408380,30409260,NA,OLF,0.0,897,pause,NA,NA,NA,NA,0.0,0,-27.23,-12.97,[],0,0,[],[]
30409260,30411080,NA,NOF,0.0,897,pause,NA,NA,NA,NA,0.0,0,-39.37,-22.31,[],0,0,[],[]
30411080,30411890,NA,SIL,0.0,897,pause,NA,NA,NA,NA,0.0,0,-47.46,-43.39,[],0,0,[],[]
30411890,30412690,NA,NOF,0.0,897,pause,NA,NA,NA,NA,0.0,0,-45.57,-40.3,[],0,0,[],[]
30412690,30413490,NA,SIL,0.0,897,pause,NA,NA,NA,NA,0.0,0,-48.12,-45.34,[],0,0,[],[]
30413490,30414470,NA,NOF,0.0,897,pause,NA,NA,NA,NA,0.0,0,-47.39,-44.16,[],0,0,[],[]
30414470,30417070,NA,SIL,0.0,897,pause,NA,NA,NA,NA,0.0,0,-48.22,-43.21,[],0,0,[],[]
30417070,30418070,NA,TVF,0.0,897,pause,NA,NA,NA,NA,0.0,0,-45.58,-40.4,[],0,0,[],[]
30418070,30419010,NA,NOF,0.0,897,pause,NA,NA,NA,NA,0.0,0,-42.41,-33.96,[],0,0,[],[]
30419010,30420160,MAL,MAN,1.93,897,AMM,EC,0,NT,FI,0.0,0,-39.82,-30.77,[],0,0,[],[]
30420160,30421420,NA,TVF,0.0,898,pause,NA,NA,NA,NA,0.0,0,-41.17,-32.47,[],0,0,[],[]
30421420,30422220,NA,SIL,0.0,898,pause,NA,NA,NA,NA,0.0,0,-49.43,-42.8,[],0,0,[],[]
30422220,30423220,NA,TVF,0.0,898,pause,NA,NA,NA,NA,0.0,0,-46.71,-41.07,[],0,0,[],[]
30423220,30425760,NA,NOF,0.0,898,pause,NA,NA,NA,NA,0.0,0,-36.04,-19.85,[],0,0,[],[]
30425760,30426560,NA,SIL,0.0,898,pause,NA,NA,NA,NA,0.0,0,-47.76,-38.35,[],0,0,[],[]
30426560,30427360,NA,NOF,0.0,898,pause,NA,NA,NA,NA,0.0,0,-41.74,-27.34,[],0,0,[],[]
30427360,30427970,OCH,CXN,0.0,898,XM,EC,0,NT,FI,0.0,0,-35.32,-26.63,[],0,0,[],[]
30427970,30428770,NA,NOF,0.0,899,pause,NA,NA,NA,NA,0.0,0,-42.89,-34.01,[],0,0,[],[]
30428770,30431690,NA,SIL,0.0,899,pause,NA,NA,NA,NA,0.0,0,-47.08,-30.56,[],0,0,[],[]
30431690,30432490,NA,NOF,0.0,899,pause,NA,NA,NA,NA,0.0,0,-47.07,-38.88,[],0,0,[],[]
30432490,30433550,NA,SIL,0.0,899,pause,NA,NA,NA,NA,0.0,0,-50.27,-46.5,[],0,0,[],[]
30433550,30434350,NA,NOF,0.0,899,pause,NA,NA,NA,NA,0.0,0,-23.09,-7.18,[],0,0,[],[]
30434350,30436110,NA,SIL,0.0,899,pause,NA,NA,NA,NA,0.0,0,-49.39,-45.91,[],0,0,[],[]
30436110,30436910,NA,NOF,0.0,899,pause,NA,NA,NA,NA,0.0,0,-40.23,-26.65,[],0,0,[],[]
30436910,30440900,NA,SIL,0.0,899,pause,NA,NA,NA,NA,0.0,0,-51.36,-45.11,[],0,0,[],[]
30440900,30442050,NA,NOF,0.0,899,pause,NA,NA,NA,NA,0.0,0,-45.03,-39.11,[],0,0,[],[]
30442050,30445500,NA,SIL,0.0,899,pause,NA,NA,NA,NA,0.0,0,-43.14,-26.98,[],0,0,[],[]
30445500,30446300,NA,MAF,0.0,899,pause,NA,NA,NA,NA,0.0,0,-47.31,-41.58,[],0,0,[],[]
30446300,30447300,NA,TVF,0.0,899,pause,NA,NA,NA,NA,0.0,0,-50.68,-46.82,[],0,0,[],[]
30447300,30448170,NA,SIL,0.0,899,pause,NA,NA,NA,NA,0.0,0,-50.67,-47.04,[],0,0,[],[]
30448170,30448990,NA,NOF,0.0,899,pause,NA,NA,NA,NA,0.0,0,-42.5,-32.02,[],0,0,[],[]
30448990,30453400,NA,SIL,0.0,899,pause,NA,NA,NA,NA,0.0,0,-48.64,-38.61,[],0,0,[],[]
30453400,30454210,NA,NOF,0.0,899,pause,NA,NA,NA,NA,0.0,0,-47.93,-42.62,[],0,0,[],[]
30454210,30455040,NA,SIL,0.0,899,pause,NA,NA,NA,NA,0.0,0,-47.82,-41.97,[],0,0,[],[]
30455040,30455870,NA,NOF,0.0,899,pause,NA,NA,NA,NA,0.0,0,-40.45,-26.09,[],0,0,[],[]
30455870,30456900,NA,SIL,0.0,899,pause,NA,NA,NA,NA,0.0,0,-50.92,-47.58,[],0,0,[],[]
30456900,30458020,MAL,MAN,11.28,899,AICM,BC,0,NT,FI,0.0,0,-40.68,-33.5,[],0,0,[],[]
30458020,30460390,NA,NOF,0.0,899,AICM,NA,NA,NA,NA,0.0,0,-26.03,-6.09,[],0,0,[],[]
30460390,30461190,NA,SIL,0.0,899,AICM,NA,NA,NA,NA,0.0,0,-49.76,-40.44,[],0,0,[],[]
30461190,30461860,FEM,FAN,2.93,899,AICM,RC,0,TIFI,FI,0.0,0,-21.29,-14.72,[],0,0,[],[]
30461860,30462680,NA,NOF,0.0,899,AICM,NA,NA,NA,NA,0.0,0,-49.24,-42.8,[],0,0,[],[]
30462680,30463480,NA,SIL,0.0,899,AICM,NA,NA,NA,NA,0.0,0,-50.25,-46.38,[],0,0,[],[]
30463480,30464280,NA,NOF,0.0,899,AICM,NA,NA,NA,NA,0.0,0,-36.76,-24.17,[],0,0,[],[]
30464280,30465150,NA,SIL,0.0,899,AICM,NA,NA,NA,NA,0.0,0,-38.08,-22.23,[],0,0,[],[]
30465150,30466210,CHI,CHN,0.0,899,AICM,RC,1,TIFR,FI,1.0,480,-17.66,-7.13,"[{'Canonical-syllable': '0', 'Growl': '0', 'High-freq-energy': '0', 'Long-island': '0', 'Low-tilt-spectrum': '0', 'Medium-island': '1', 'Short-island': '0', 'Squeal': '1', 'Typical-entropy': '1', 'Voicing-quality': '1', 'Wide-band': '0', 'Xlong-island': '0', 'seq': '1', 'end': 30466.21, 'start': 30465.73}]",0,0,[],[]
30466210,30467010,NA,MAF,0.0,899,AICM,NA,NA,NA,NA,0.0,0,-43.96,-28.42,[],0,0,[],[]
30467010,30467610,CHI,CHN,0.0,899,AICM,EC,1,NT,FH,1.0,340,-24.26,-15.63,"[{'Canonical-syllable': '0', 'Growl': '0', 'High-freq-energy': '0', 'Long-island': '0', 'Low-tilt-spectrum': '0', 'Medium-island': '1', 'Short-island': '0', 'Squeal': '0', 'Typical-entropy': '1', 'Voicing-quality': '1', 'Wide-band': '0', 'Xlong-island': '0', 'seq': '1', 'end': 30467.35, 'start': 30467.01}]",0,0,[],[]
30467610,30468420,NA,NOF,0.0,900,pause,NA,NA,NA,NA,0.0,0,-49.46,-43.74,[],0,0,[],[]
30468420,30469220,NA,OLF,0.0,900,pause,NA,NA,NA,NA,0.0,0,-31.91,-22.6,[],0,0,[],[]
30469220,30472460,NA,NOF,0.0,900,pause,NA,NA,NA,NA,0.0,0,-41.33,-27.6,[],0,0,[],[]
30472460,30473640,NA,SIL,0.0,900,pause,NA,NA,NA,NA,0.0,0,-51.18,-41.02,[],0,0,[],[]
30473640,30474650,NA,FAF,0.0,900,pause,NA,NA,NA,NA,0.0,0,-18.84,-5.55,[],0,0,[],[]
30474650,30476930,NA,SIL,0.0,900,pause,NA,NA,NA,NA,0.0,0,-45.56,-41.65,[],0,0,[],[]
30476930,30477790,CHI,CHN,0.0,900,pause,NA,NA,NA,NA,0.0,0,-15.66,-5.07,[],0,700,"[{'start': 30476.93, 'end': 30477.63}]",[]
30477790,30479020,CHI,CHN,0.0,900,CM,BC,0,NT,FI,1.0,1230,-13.82,-3.38,"[{'Canonical-syllable': '2', 'Growl': '0', 'High-freq-energy': '0', 'Long-island': '0', 'Low-tilt-spectrum': '3', 'Medium-island': '2', 'Short-island': '1', 'Squeal': '0', 'Typical-entropy': '3', 'Voicing-quality': '3', 'Wide-band': '0', 'Xlong-island': '0', 'seq': '1', 'end': 30479.02, 'start': 30477.79}]",0,0,[],[]
30479020,30482120,NA,NOF,0.0,900,CM,NA,NA,NA,NA,0.0,0,-36.6,-24.1,[],0,0,[],[]
30482120,30482920,NA,OLF,0.0,900,CM,NA,NA,NA,NA,0.0,0,-29.7,-17.1,[],0,0,[],[]
30482920,30483520,CHI,CHN,0.0,900,CM,EC,0,NT,FH,1.0,530,-36.2,-26.12,"[{'Canonical-syllable': '0', 'Growl': '0', 'High-freq-energy': '1', 'Long-island': '0', 'Low-tilt-spectrum': '1', 'Medium-island': '1', 'Short-island': '0', 'Squeal': '1', 'Typical-entropy': '1', 'Voicing-quality': '0', 'Wide-band': '0', 'Xlong-island': '0', 'seq': '1', 'end': 30483.45, 'start': 30483.11}]",0,0,[],[]
30483520,30485320,NA,NOF,0.0,901,pause,NA,NA,NA,NA,0.0,0,-30.21,-12.12,[],0,0,[],[]
30485320,30486220,NA,OLF,0.0,901,pause,NA,NA,NA,NA,0.0,0,-32.84,-20.86,[],0,0,[],[]
30486220,30488260,NA,NOF,0.0,901,pause,NA,NA,NA,NA,0.0,0,-37.65,-27.71,[],0,0,[],[]
30488260,30489460,NA,SIL,0.0,901,pause,NA,NA,NA,NA,0.0,0,-48.6,-36.52,[],0,0,[],[]
30489460,30490930,NA,NOF,0.0,901,pause,NA,NA,NA,NA,0.0,0,-34.39,-18.38,[],0,0,[],[]
30490930,30492720,NA,SIL,0.0,901,pause,NA,NA,NA,NA,0.0,0,-42.38,-23.24,[],0,0,[],[]
30492720,30493570,NA,NOF,0.0,901,pause,NA,NA,NA,NA,0.0,0,-33.01,-17.36,[],0,0,[],[]
30493570,30494450,NA,SIL,0.0,901,pause,NA,NA,NA,NA,0.0,0,-52.2,-45.57,[],0,0,[],[]
30494450,30495260,NA,NOF,0.0,901,pause,NA,NA,NA,NA,0.0,0,-42.98,-28.81,[],0,0,[],[]
30495260,30496170,NA,SIL,0.0,901,pause,NA,NA,NA,NA,0.0,0,-46.9,-34.38,[],0,0,[],[]
30496170,30498630,NA,FAF,0.0,901,pause,NA,NA,NA,NA,0.0,0,-30.31,-13.22,[],0,0,[],[]
30498630,30499900,NA,NOF,0.0,901,pause,NA,NA,NA,NA,0.0,0,-26.36,-9.18,[],0,0,[],[]
30499900,30500730,NA,SIL,0.0,901,pause,NA,NA,NA,NA,0.0,0,-52.34,-47.81,[],0,0,[],[]
30500730,30501680,NA,OLF,0.0,901,pause,NA,NA,NA,NA,0.0,0,-35.98,-20.05,[],0,0,[],[]
30501680,30503110,NA,NOF,0.0,901,pause,NA,NA,NA,NA,0.0,0,-37.55,-22.75,[],0,0,[],[]
30503110,30504110,NA,FAF,0.0,901,pause,NA,NA,NA,NA,0.0,0,-46.49,-43.0,[],0,0,[],[]
30504110,30509150,NA,NOF,0.0,901,pause,NA,NA,NA,NA,0.0,0,-34.42,-14.91,[],0,0,[],[]
30509150,30510600,NA,SIL,0.0,901,pause,NA,NA,NA,NA,0.0,0,-51.03,-46.3,[],0,0,[],[]
30510600,30512710,NA,NOF,0.0,901,pause,NA,NA,NA,NA,0.0,0,-40.17,-22.94,[],0,0,[],[]
30512710,30513510,NA,SIL,0.0,901,pause,NA,NA,NA,NA,0.0,0,-51.3,-45.51,[],0,0,[],[]
30513510,30517880,NA,NOF,0.0,901,pause,NA,NA,NA,NA,0.0,0,-43.99,-29.14,[],0,0,[],[]
30517880,30523320,NA,SIL,0.0,901,pause,NA,NA,NA,NA,0.0,0,-49.89,-40.62,[],0,0,[],[]
30523320,30524800,NA,NOF,0.0,901,pause,NA,NA,NA,NA,0.0,0,-38.46,-27.98,[],0,0,[],[]
30524800,30525650,NA,OLF,0.0,901,pause,NA,NA,NA,NA,0.0,0,-38.64,-28.55,[],0,0,[],[]
30525650,30526840,NA,MAF,0.0,901,pause,NA,NA,NA,NA,0.0,0,-44.42,-38.03,[],0,0,[],[]
30526840,30529640,NA,NOF,0.0,901,pause,NA,NA,NA,NA,0.0,0,-46.87,-37.7,[],0,0,[],[]
30529640,30530440,NA,OLF,0.0,901,pause,NA,NA,NA,NA,0.0,0,-45.7,-38.93,[],0,0,[],[]
30530440,30532540,NA,NOF,0.0,901,pause,NA,NA,NA,NA,0.0,0,-46.72,-37.46,[],0,0,[],[]
30532540,30533390,CHI,CHN,0.0,901,CM,EC,0,NT,FI,1.0,850,-25.88,-18.67,"[{'Canonical-syllable': '1', 'Growl': '0', 'High-freq-energy': '0', 'Long-island': '0', 'Low-tilt-spectrum': '0', 'Medium-island': '1', 'Short-island': '1', 'Squeal': '0', 'Typical-entropy': '0', 'Voicing-quality': '2', 'Wide-band': '0', 'Xlong-island': '0', 'seq': '1', 'end': 30533.39, 'start': 30532.54}]",0,0,[],[]
30533390,30534950,NA,NOF,0.0,902,pause,NA,NA,NA,NA,0.0,0,-48.52,-36.68,[],0,0,[],[]
30534950,30535830,NA,OLF,0.0,902,pause,NA,NA,NA,NA,0.0,0,-40.68,-32.94,[],0,0,[],[]
30535830,30539000,NA,NOF,0.0,902,pause,NA,NA,NA,NA,0.0,0,-39.27,-20.33,[],0,0,[],[]
30539000,30539820,NA,CXF,0.0,902,pause,NA,NA,NA,NA,0.0,0,-44.12,-37.76,[],0,0,[],[]
30539820,30544170,NA,NON,0.0,902,pause,NA,NA,NA,NA,0.0,0,-33.92,-18.47,[],0,0,[],[]
30544170,30545140,CHI,CHN,0.0,902,CIC,BC,0,TIFI,FI,1.0,970,-21.54,-14.74,"[{'Canonical-syllable': '0', 'Growl': '0', 'High-freq-energy': '0', 'Long-island': '0', 'Low-tilt-spectrum': '0', 'Medium-island': '2', 'Short-island': '0', 'Squeal': '0', 'Typical-entropy': '1', 'Voicing-quality': '2', 'Wide-band': '0', 'Xlong-island': '0', 'seq': '1', 'end': 30545.14, 'start': 30544.17}]",0,0,[],[]
30545140,30546550,NA,NOF,0.0,902,CIC,NA,NA,NA,NA,0.0,0,-43.73,-36.02,[],0,0,[],[]
30546550,30548140,FEM,FAN,8.5,902,CIC,RC,1,TIFR,FI,0.0,0,-34.53,-27.69,[],0,0,[],[]
30548140,30549750,CHI,CHN,0.0,902,CIC,EC,1,TIFE,FI,1.0,1610,-22.02,-11.63,"[{'Canonical-syllable': '0', 'Growl': '0', 'High-freq-energy': '0', 'Long-island': '0', 'Low-tilt-spectrum': '0', 'Medium-island': '1', 'Short-island': '3', 'Squeal': '0', 'Typical-entropy': '1', 'Voicing-quality': '4', 'Wide-band': '0', 'Xlong-island': '0', 'seq': '1', 'end': 30549.75, 'start': 30548.25}]",0,0,[],[]
30549750,30550700,NA,NOF,0.0,903,pause,NA,NA,NA,NA,0.0,0,-23.34,-10.29,[],0,0,[],[]
30550700,30551500,NA,OLF,0.0,903,pause,NA,NA,NA,NA,0.0,0,-37.07,-29.74,[],0,0,[],[]
30551500,30552300,NA,NOF,0.0,903,pause,NA,NA,NA,NA,0.0,0,-29.07,-16.49,[],0,0,[],[]
30552300,30552900,NA,FAF,0.0,903,pause,NA,NA,NA,NA,0.0,0,-34.18,-20.79,[],0,0,[],[]
30552900,30557280,NA,NOF,0.0,903,pause,NA,NA,NA,NA,0.0,0,-37.7,-12.69,[],0,0,[],[]
30557280,30558120,NA,FAF,0.0,903,pause,NA,NA,NA,NA,0.0,0,-33.4,-17.17,[],0,0,[],[]
30558120,30558920,NA,SIL,0.0,903,pause,NA,NA,NA,NA,0.0,0,-54.59,-40.52,[],0,0,[],[]
30558920,30562690,NA,NOF,0.0,903,pause,NA,NA,NA,NA,0.0,0,-42.64,-27.31,[],0,0,[],[]
30562690,30563690,FEM,FAN,4.36,903,AMF,EC,0,NT,FI,0.0,0,-34.93,-23.35,[],0,0,[],[]
30563690,30565500,NA,NOF,0.0,904,pause,NA,NA,NA,NA,0.0,0,-38.14,-23.47,[],0,0,[],[]
30565500,30568930,NA,SIL,0.0,904,pause,NA,NA,NA,NA,0.0,0,-53.45,-40.78,[],0,0,[],[]
30568930,30569530,CHI,CHN,0.0,904,CIC,BC,0,TIFI,FI,1.0,360,-22.6,-14.47,"[{'Canonical-syllable': '1', 'Growl': '0', 'High-freq-energy': '0', 'Long-island': '0', 'Low-tilt-spectrum': '1', 'Medium-island': '1', 'Short-island': '0', 'Squeal': '0', 'Typical-entropy': '1', 'Voicing-quality': '1', 'Wide-band': '0', 'Xlong-island': '0', 'seq': '1', 'end': 30569.29, 'start': 30569.01}]",0,0,[],[]
30569530,30571220,FEM,FAN,9.73,904,CIC,RC,1,TIFR,FI,0.0,0,-30.26,-22.58,[],0,0,[],[]
30571220,30572130,NA,SIL,0.0,904,CIC,NA,NA,NA,NA,0.0,0,-49.75,-42.35,[],0,0,[],[]
30572130,30573200,FEM,FAN,2.59,904,CIC,RC,1,NT,FH,0.0,0,-35.39,-26.27,[],0,0,[],[]
30573200,30574260,NA,NOF,0.0,904,CIC,NA,NA,NA,NA,0.0,0,-37.13,-23.65,[],0,0,[],[]
30574260,30575960,FEM,FAN,7.2,904,CIC,RC,1,NT,FH,0.0,0,-32.58,-22.43,[],0,0,[],[]
30575960,30577000,NA,OLN,0.0,904,CIC,NA,NA,NA,NA,0.0,0,-30.26,-19.95,[],0,0,[],[]
30577000,30577810,NA,NOF,0.0,904,CIC,NA,NA,NA,NA,0.0,0,-51.43,-44.51,[],0,0,[],[]
30577810,30580440,FEM,FAN,5.33,904,CIC,RC,1,NT,FH,0.0,0,-30.74,-16.97,[],0,0,[],[]
30580440,30581690,NA,NOF,0.0,904,CIC,NA,NA,NA,NA,0.0,0,-41.43,-34.31,[],0,0,[],[]
30581690,30582490,NA,OLN,0.0,904,CIC,NA,NA,NA,NA,0.0,0,-31.17,-25.58,[],0,0,[],[]
30582490,30583350,NA,NOF,0.0,904,CIC,NA,NA,NA,NA,0.0,0,-42.06,-30.59,[],0,0,[],[]
30583350,30584030,CHI,CHN,0.0,904,CIC,RC,1,TIFE,FI,1.0,680,-24.54,-18.87,"[{'Canonical-syllable': '0', 'Growl': '1', 'High-freq-energy': '1', 'Long-island': '0', 'Low-tilt-spectrum': '1', 'Medium-island': '1', 'Short-island': '0', 'Squeal': '0', 'Typical-entropy': '1', 'Voicing-quality': '2', 'Wide-band': '0', 'Xlong-island': '0', 'seq': '1', 'end': 30584.03, 'start': 30583.35}]",0,0,[],[]
30584030,30585030,CHI,CHN,0.0,904,CIC,RC,1,TIFI,FH,1.0,900,-19.51,-12.68,"[{'Canonical-syllable': '1', 'Growl': '0', 'High-freq-energy': '0', 'Long-island': '0', 'Low-tilt-spectrum': '0', 'Medium-island': '2', 'Short-island': '0', 'Squeal': '0', 'Typical-entropy': '1', 'Voicing-quality': '2', 'Wide-band': '0', 'Xlong-island': '0', 'seq': '1', 'end': 30584.93, 'start': 30584.17}]",0,0,[],[]
30585030,30586140,NA,NOF,0.0,904,CIC,NA,NA,NA,NA,0.0,0,-51.65,-43.71,[],0,0,[],[]
30586140,30587740,FEM,FAN,4.73,904,CIC,RC,2,TIFR,FI,0.0,0,-25.15,-13.39,[],0,0,[],[]
30587740,30589300,NA,CHF,0.0,904,CIC,NA,NA,NA,NA,0.0,0,-43.27,-23.69,[],0,0,[],[]
30589300,30589900,FEM,FAN,1.42,904,CIC,RC,2,NT,FH,0.0,0,-39.4,-32.29,[],0,0,[],[]
30589900,30590720,NA,SIL,0.0,904,CIC,NA,NA,NA,NA,0.0,0,-56.52,-52.22,[],0,0,[],[]
30590720,30592220,CHI,CHN,0.0,904,CIC,RC,2,TIFE,FI,1.0,1500,-17.14,-10.22,"[{'Canonical-syllable': '0', 'Growl': '0', 'High-freq-energy': '0', 'Long-island': '1', 'Low-tilt-spectrum': '1', 'Medium-island': '0', 'Short-island': '2', 'Squeal': '0', 'Typical-entropy': '2', 'Voicing-quality': '3', 'Wide-band': '0', 'Xlong-island': '0', 'seq': '1', 'end': 30592.22, 'start': 30590.81}]",0,0,[],[]
30592220,30593110,OCH,CXN,0.0,904,CIC,RC,2,NT,FI,0.0,0,-24.17,-13.29,[],0,0,[],[]
30593110,30594550,CHI,CHN,0.0,904,CIC,RC,2,TIFI,FI,1.0,1260,-17.12,-10.52,"[{'Canonical-syllable': '1', 'Growl': '0', 'High-freq-energy': '0', 'Long-island': '1', 'Low-tilt-spectrum': '1', 'Medium-island': '0', 'Short-island': '1', 'Squeal': '0', 'Typical-entropy': '1', 'Voicing-quality': '2', 'Wide-band': '0', 'Xlong-island': '0', 'seq': '1', 'end': 30594.37, 'start': 30593.21}]",0,0,[],[]
30594550,30595950,NA,NOF,0.0,904,CIC,NA,NA,NA,NA,0.0,0,-49.21,-40.37,[],0,0,[],[]
30595950,30597790,FEM,FAN,9.27,904,CIC,RC,3,TIFR,FI,0.0,0,-35.1,-27.44,[],0,0,[],[]
30597790,30598590,NA,SIL,0.0,904,CIC,NA,NA,NA,NA,0.0,0,-50.24,-41.3,[],0,0,[],[]
30598590,30600600,NA,FAF,0.0,904,CIC,NA,NA,NA,NA,0.0,0,-42.35,-30.4,[],0,0,[],[]
30600600,30602180,CHI,CHN,0.0,904,CIC,RC,3,TIFE,FI,1.0,1580,-16.81,-8.19,"[{'Canonical-syllable': '0', 'Growl': '2', 'High-freq-energy': '1', 'Long-island': '1', 'Low-tilt-spectrum': '3', 'Medium-island': '0', 'Short-island': '2', 'Squeal': '0', 'Typical-entropy': '4', 'Voicing-quality': '4', 'Wide-band': '0', 'Xlong-island': '0', 'seq': '1', 'end': 30602.18, 'start': 30600.6}]",0,0,[],[]
30602180,30603320,CHI,CHN,0.0,904,CIC,RC,3,NT,FH,1.0,850,-18.34,-10.42,"[{'Canonical-syllable': '0', 'Growl': '0', 'High-freq-energy': '0', 'Long-island': '0', 'Low-tilt-spectrum': '0', 'Medium-island': '1', 'Short-island': '1', 'Squeal': '0', 'Typical-entropy': '1', 'Voicing-quality': '2', 'Wide-band': '0', 'Xlong-island': '0', 'seq': '1', 'end': 30603.03, 'start': 30602.28}]",0,0,[],[]
30603320,30606040,CHI,CHN,0.0,904,CIC,RC,3,TIFI,FH,2.0,2280,-20.69,-11.71,"[{'Canonical-syllable': '1', 'Growl': '0', 'High-freq-energy': '0', 'Long-island': '0', 'Low-tilt-spectrum': '0', 'Medium-island': '1', 'Short-island': '2', 'Squeal': '0', 'Typical-entropy': '2', 'Voicing-quality': '3', 'Wide-band': '0', 'Xlong-island': '0', 'seq': '1', 'end': 30604.57, 'start': 30603.32}, {'Canonical-syllable': '1', 'Growl': '0', 'High-freq-energy': '0', 'Long-island': '0', 'Low-tilt-spectrum': '1', 'Medium-island': '1', 'Short-island': '2', 'Squeal': '0', 'Typical-entropy': '1', 'Voicing-quality': '3', 'Wide-band': '0', 'Xlong-island': '0', 'seq': '2', 'end': 30606.04, 'start': 30605.01}]",0,0,[],[]
30606040,30606850,NA,OLN,0.0,904,CIC,NA,NA,NA,NA,0.0,0,-14.61,-3.98,[],0,0,[],[]
30606850,30607960,CHI,CHN,0.0,904,CIC,NA,NA,NA,NA,0.0,0,-13.91,-2.79,[],0,1110,"[{'start': 30606.85, 'end': 30607.96}]",[]
30607960,30608760,NA,OLN,0.0,904,CIC,NA,NA,NA,NA,0.0,0,-29.54,-21.66,[],0,0,[],[]
30608760,30609660,CHI,CHN,0.0,904,CIC,NA,NA,NA,NA,0.0,0,-18.62,-9.16,[],0,900,"[{'start': 30608.76, 'end': 30609.66}]",[]
30609660,30610750,FEM,FAN,2.63,904,CIC,RC,4,TIFR,FI,0.0,0,-28.76,-19.52,[],0,0,[],[]
30610750,30611610,NA,OLF,0.0,904,CIC,NA,NA,NA,NA,0.0,0,-42.47,-36.51,[],0,0,[],[]
30611610,30613700,NA,NON,0.0,904,CIC,NA,NA,NA,NA,0.0,0,-35.46,-17.84,[],0,0,[],[]
30613700,30614570,NA,OLN,0.0,904,CIC,NA,NA,NA,NA,0.0,0,-29.98,-19.16,[],0,0,[],[]
30614570,30615400,NA,NOF,0.0,904,CIC,NA,NA,NA,NA,0.0,0,-22.78,-9.65,[],0,0,[],[]
30615400,30616400,CHI,CHN,0.0,904,CIC,RC,4,TIFE,FI,1.0,650,-23.66,-13.86,"[{'Canonical-syllable': '0', 'Growl': '0', 'High-freq-energy': '0', 'Long-island': '0', 'Low-tilt-spectrum': '0', 'Medium-island': '1', 'Short-island': '1', 'Squeal': '0', 'Typical-entropy': '0', 'Voicing-quality': '2', 'Wide-band': '0', 'Xlong-island': '0', 'seq': '1', 'end': 30616.4, 'start': 30615.75}]",0,0,[],[]
30616400,30617310,CHI,CHN,0.0,904,CIC,RC,4,NT,FH,1.0,910,-26.47,-17.81,"[{'Canonical-syllable': '0', 'Growl': '0', 'High-freq-energy': '0', 'Long-island': '0', 'Low-tilt-spectrum': '0', 'Medium-island': '1', 'Short-island': '0', 'Squeal': '0', 'Typical-entropy': '1', 'Voicing-quality': '1', 'Wide-band': '0', 'Xlong-island': '0', 'seq': '1', 'end': 30617.31, 'start': 30616.69}]",0,0,[],[]
30617310,30618360,CHI,CHN,0.0,904,CIC,NA,NA,NA,NA,0.0,0,-23.38,-12.19,[],0,1050,"[{'start': 30617.31, 'end': 30618.36}]",[]
30618360,30619350,NA,OLN,0.0,904,CIC,NA,NA,NA,NA,0.0,0,-20.73,-12.18,[],0,0,[],[]
30619350,30621420,CHI,CHN,0.0,904,CIC,EC,4,NT,FH,1.0,2070,-16.22,-4.36,"[{'Canonical-syllable': '0', 'Growl': '0', 'High-freq-energy': '0', 'Long-island': '0', 'Low-tilt-spectrum': '1', 'Medium-island': '0', 'Short-island': '1', 'Squeal': '0', 'Typical-entropy': '1', 'Voicing-quality': '2', 'Wide-band': '0', 'Xlong-island': '1', 'seq': '1', 'end': 30621.42, 'start': 30619.35}]",0,0,[],[]
30621420,30622220,NA,OLN,0.0,905,pause,NA,NA,NA,NA,0.0,0,-26.53,-15.79,[],0,0,[],[]
30622220,30623020,NA,FAF,0.0,905,pause,NA,NA,NA,NA,0.0,0,-39.25,-30.42,[],0,0,[],[]
30623020,30624050,NA,OLN,0.0,905,pause,NA,NA,NA,NA,0.0,0,-37.72,-30.55,[],0,0,[],[]
30624050,30627610,NA,NOF,0.0,905,pause,NA,NA,NA,NA,0.0,0,-32.66,-11.26,[],0,0,[],[]
30627610,30629220,NA,FAF,0.0,905,pause,NA,NA,NA,NA,0.0,0,-45.75,-27.9,[],0,0,[],[]
30629220,30631180,NA,NOF,0.0,905,pause,NA,NA,NA,NA,0.0,0,-43.41,-35.29,[],0,0,[],[]
30631180,30632070,NA,OLF,0.0,905,pause,NA,NA,NA,NA,0.0,0,-29.07,-15.86,[],0,0,[],[]
30632070,30633100,NA,NOF,0.0,905,pause,NA,NA,NA,NA,0.0,0,-33.84,-21.54,[],0,0,[],[]
30633100,30634650,CHI,CHN,0.0,905,CM,BC,0,NT,FI,1.0,1550,-17.78,-7.79,"[{'Canonical-syllable': '0', 'Growl': '0', 'High-freq-energy': '0', 'Long-island': '0', 'Low-tilt-spectrum': '2', 'Medium-island': '2', 'Short-island': '0', 'Squeal': '0', 'Typical-entropy': '2', 'Voicing-quality': '2', 'Wide-band': '0', 'Xlong-island': '0', 'seq': '1', 'end': 30634.65, 'start': 30633.37}]",0,0,[],[]
30634650,30635500,NA,NOF,0.0,905,CM,NA,NA,NA,NA,0.0,0,-41.5,-35.0,[],0,0,[],[]
30635500,30636340,CHI,CHN,0.0,905,CM,RC,0,NT,FH,1.0,680,-20.79,-11.67,"[{'Canonical-syllable': '0', 'Growl': '0', 'High-freq-energy': '0', 'Long-island': '0', 'Low-tilt-spectrum': '1', 'Medium-island': '0', 'Short-island': '2', 'Squeal': '0', 'Typical-entropy': '2', 'Voicing-quality': '2', 'Wide-band': '0', 'Xlong-island': '0', 'seq': '1', 'end': 30636.18, 'start': 30635.7}]",0,0,[],[]
30636340,30637400,CHI,CHN,0.0,905,CM,NA,NA,NA,NA,0.0,0,-19.66,-10.84,[],0,1060,"[{'start': 30636.34, 'end': 30637.4}]",[]
30637400,30638200,NA,NOF,0.0,905,CM,NA,NA,NA,NA,0.0,0,-38.78,-25.89,[],0,0,[],[]
30638200,30639340,CHI,CHN,0.0,905,CM,EC,0,NT,FH,2.0,450,-28.71,-19.67,"[{'Canonical-syllable': '0', 'Growl': '1', 'High-freq-energy': '0', 'Long-island': '0', 'Low-tilt-spectrum': '0', 'Medium-island': '1', 'Short-island': '0', 'Squeal': '0', 'Typical-entropy': '0', 'Voicing-quality': '1', 'Wide-band': '0', 'Xlong-island': '0', 'seq': '1', 'end': 30638.5, 'start': 30638.2}, {'Canonical-syllable': '0', 'Growl': '1', 'High-freq-energy': '0', 'Long-island': '0', 'Low-tilt-spectrum': '0', 'Medium-island': '0', 'Short-island': '1', 'Squeal': '0', 'Typical-entropy': '0', 'Voicing-quality': '1', 'Wide-band': '0', 'Xlong-island': '0', 'seq': '2', 'end': 30639.26, 'start': 30639.11}]",0,0,[],[]
30639340,30641500,NA,NON,0.0,906,pause,NA,NA,NA,NA,0.0,0,-36.98,-27.25,[],0,0,[],[]
30641500,30642650,NA,FAF,0.0,906,pause,NA,NA,NA,NA,0.0,0,-40.7,-32.99,[],0,0,[],[]
30642650,30645240,NA,NOF,0.0,906,pause,NA,NA,NA,NA,0.0,0,-40.56,-26.77,[],0,0,[],[]
30645240,30646380,NA,OLN,0.0,906,pause,NA,NA,NA,NA,0.0,0,-36.52,-31.35,[],0,0,[],[]
30646380,30647270,NA,NOF,0.0,906,pause,NA,NA,NA,NA,0.0,0,-46.74,-40.25,[],0,0,[],[]
30647270,30650000,FEM,FAN,9.75,906,AMF,EC,0,NT,FI,0.0,0,-36.0,-20.6,[],0,0,[],[]
30650000,30651350,NA,SIL,0.0,907,pause,NA,NA,NA,NA,0.0,0,-51.85,-38.7,[],0,0,[],[]
30651350,30651950,NA,TVF,0.0,907,pause,NA,NA,NA,NA,0.0,0,-36.41,-20.78,[],0,0,[],[]
30651950,30652750,NA,NOF,0.0,907,pause,NA,NA,NA,NA,0.0,0,-48.2,-37.71,[],0,0,[],[]
30652750,30653750,NA,TVF,0.0,907,pause,NA,NA,NA,NA,0.0,0,-44.16,-30.3,[],0,0,[],[]
30653750,30654550,NA,SIL,0.0,907,pause,NA,NA,NA,NA,0.0,0,-44.38,-33.53,[],0,0,[],[]
30654550,30655550,NA,TVN,0.0,907,pause,NA,NA,NA,NA,0.0,0,-41.14,-32.46,[],0,0,[],[]
30655550,30657290,NA,FAF,0.0,907,pause,NA,NA,NA,NA,0.0,0,-44.52,-28.68,[],0,0,[],[]
30657290,30658380,NA,TVN,0.0,907,pause,NA,NA,NA,NA,0.0,0,-46.02,-36.92,[],0,0,[],[]
30658380,30659740,NA,NOF,0.0,907,pause,NA,NA,NA,NA,0.0,0,-45.17,-38.11,[],0,0,[],[]
30659740,30661380,FEM,FAN,5.24,907,AMF,EC,0,NT,FI,0.0,0,-22.45,-12.97,[],0,0,[],[]
30661380,30663640,NA,NOF,0.0,908,pause,NA,NA,NA,NA,0.0,0,-44.03,-32.25,[],0,0,[],[]
30663640,30664770,NA,FAF,0.0,908,pause,NA,NA,NA,NA,0.0,0,-45.64,-35.78,[],0,0,[],[]
30664770,30666510,NA,NOF,0.0,908,pause,NA,NA,NA,NA,0.0,0,-30.05,-7.79,[],0,0,[],[]
30666510,30667550,NA,OLN,0.0,908,pause,NA,NA,NA,NA,0.0,0,-35.05,-27.72,[],0,0,[],[]
30667550,30668560,FEM,FAN,2.77,908,AMF,BC,0,NT,FI,0.0,0,-32.37,-26.17,[],0,0,[],[]
30668560,30669360,NA,OLF,0.0,908,AMF,NA,NA,NA,NA,0.0,0,-36.64,-29.25,[],0,0,[],[]
30669360,30671220,FEM,FAN,0.27,908,AMF,EC,0,NT,FH,0.0,0,-38.96,-31.07,[],0,0,[],[]
30671220,30676340,NA,NOF,0.0,909,pause,NA,NA,NA,NA,0.0,0,-43.32,-26.19,[],0,0,[],[]
30676340,30677360,NA,FAF,0.0,909,pause,NA,NA,NA,NA,0.0,0,-41.3,-34.63,[],0,0,[],[]
30677360,30678660,NA,NOF,0.0,909,pause,NA,NA,NA,NA,0.0,0,-43.52,-36.08,[],0,0,[],[]
30678660,30679470,NA,OLF,0.0,909,pause,NA,NA,NA,NA,0.0,0,-37.17,-26.01,[],0,0,[],[]
30679470,30680550,NA,NON,0.0,909,pause,NA,NA,NA,NA,0.0,0,-18.3,-5.25,[],0,0,[],[]
30680550,30682970,FEM,FAN,5.46,909,AIOCF,BC,0,NT,FI,0.0,0,-32.36,-13.17,[],0,0,[],[]
30682970,30683890,NA,OLN,0.0,909,AIOCF,NA,NA,NA,NA,0.0,0,-20.63,-6.04,[],0,0,[],[]
30683890,30684750,OCH,CXN,0.0,909,AIOCF,RC,0,NT,FI,0.0,0,-28.55,-22.01,[],0,0,[],[]
30684750,30686380,FEM,FAN,6.77,909,AIOCF,RC,0,NT,FI,0.0,0,-26.87,-12.43,[],0,0,[],[]
30686380,30688350,OCH,CXN,0.0,909,AIOCF,RC,0,NT,FI,0.0,0,-32.07,-22.21,[],0,0,[],[]
30688350,30689170,NA,OLN,0.0,909,AIOCF,NA,NA,NA,NA,0.0,0,-23.54,-7.8,[],0,0,[],[]
30689170,30689970,FEM,FAN,4.11,909,AIOCF,RC,0,NT,FI,0.0,0,-32.74,-24.72,[],0,0,[],[]
30689970,30690590,OCH,CXN,0.0,909,AIOCF,RC,0,NT,FI,0.0,0,-36.91,-28.22,[],0,0,[],[]
30690590,30693250,OCH,CXN,0.0,909,AIOCF,RC,0,NT,FH,0.0,0,-26.57,-13.64,[],0,0,[],[]
30693250,30694150,NA,FAF,0.0,909,AIOCF,NA,NA,NA,NA,0.0,0,-40.54,-34.14,[],0,0,[],[]
30694150,30696020,FEM,FAN,8.03,909,AIOCF,RC,0,NT,FI,0.0,0,-26.14,-14.85,[],0,0,[],[]
30696020,30696870,NA,OLN,0.0,909,AIOCF,NA,NA,NA,NA,0.0,0,-30.25,-25.03,[],0,0,[],[]
30696870,30700610,FEM,FAN,14.04,909,AIOCF,RC,0,NT,FH,0.0,0,-34.97,-21.06,[],0,0,[],[]
30700610,30701630,NA,CXF,0.0,909,AIOCF,NA,NA,NA,NA,0.0,0,-41.03,-33.42,[],0,0,[],[]
30701630,30702430,NA,SIL,0.0,909,AIOCF,NA,NA,NA,NA,0.0,0,-52.03,-42.89,[],0,0,[],[]
30702430,30703430,FEM,FAN,3.22,909,AIOCF,RC,0,NT,FH,0.0,0,-42.82,-33.45,[],0,0,[],[]
30703430,30704250,NA,OLF,0.0,909,AIOCF,NA,NA,NA,NA,0.0,0,-41.59,-30.12,[],0,0,[],[]
30704250,30706260,NA,FAF,0.0,909,AIOCF,NA,NA,NA,NA,0.0,0,-40.7,-26.94,[],0,0,[],[]
30706260,30707390,NA,OLN,0.0,909,AIOCF,NA,NA,NA,NA,0.0,0,-38.66,-30.43,[],0,0,[],[]
30707390,30708670,FEM,FAN,9.1,909,AIOCF,RC,0,NT,FH,0.0,0,-35.92,-24.52,[],0,0,[],[]
30708670,30709680,OCH,CXN,0.0,909,AIOCF,RC,0,NT,FI,0.0,0,-31.36,-20.77,[],0,0,[],[]
30709680,30710680,OCH,CXN,0.0,909,AIOCF,RC,0,NT,FH,0.0,0,-32.79,-25.65,[],0,0,[],[]
30710680,30711480,OCH,CXN,0.0,909,AIOCF,RC,0,NT,FH,0.0,0,-31.25,-25.29,[],0,0,[],[]
30711480,30712480,OCH,CXN,0.0,909,AIOCF,RC,0,NT,FH,0.0,0,-38.45,-24.03,[],0,0,[],[]
30712480,30713280,NA,SIL,0.0,909,AIOCF,NA,NA,NA,NA,0.0,0,-52.31,-40.17,[],0,0,[],[]
30713280,30714300,OCH,CXN,0.0,909,AIOCF,RC,0,NT,FH,0.0,0,-38.47,-32.61,[],0,0,[],[]
30714300,30715190,OCH,CXN,0.0,909,AIOCF,RC,0,NT,FH,0.0,0,-30.09,-19.5,[],0,0,[],[]
30715190,30716340,OCH,CXN,0.0,909,AIOCF,RC,0,NT,FH,0.0,0,-32.65,-26.85,[],0,0,[],[]
30716340,30717150,OCH,CXN,0.0,909,AIOCF,RC,0,NT,FH,0.0,0,-32.46,-25.65,[],0,0,[],[]
30717150,30718510,FEM,FAN,6.34,909,AIOCF,RC,0,NT,FI,0.0,0,-35.67,-24.81,[],0,0,[],[]
30718510,30719620,MAL,MAN,5.88,909,AIOCF,RC,0,NT,FI,0.0,0,-41.98,-32.49,[],0,0,[],[]
30719620,30721150,OCH,CXN,0.0,909,AIOCF,RC,0,NT,FI,0.0,0,-29.54,-18.33,[],0,0,[],[]
30721150,30721840,CHI,CHN,0.0,909,AIOCF,NA,NA,NA,NA,0.0,0,-33.54,-24.07,[],0,690,"[{'start': 30721.15, 'end': 30721.5}]","[{'start': 30721.5, 'end': 30721.84}]"
30721840,30722870,OCH,CXN,0.0,909,AIOCF,RC,0,NT,FH,0.0,0,-36.37,-25.67,[],0,0,[],[]
30722870,30723620,CHI,CHN,0.0,909,AIOCF,NA,NA,NA,NA,0.0,0,-27.23,-18.07,[],0,280,"[{'start': 30723.34, 'end': 30723.62}]",[]
30723620,30724530,NA,MAF,0.0,909,AIOCF,NA,NA,NA,NA,0.0,0,-44.33,-34.79,[],0,0,[],[]
30724530,30726190,FEM,FAN,10.17,909,AIOCF,RC,0,NT,FI,0.0,0,-23.09,-12.59,[],0,0,[],[]
30726190,30726990,OCH,CXN,0.0,909,AIOCF,RC,0,NT,FI,0.0,0,-33.35,-20.15,[],0,0,[],[]
30726990,30728300,FEM,FAN,6.01,909,AIOCF,RC,0,NT,FI,0.0,0,-25.0,-10.78,[],0,0,[],[]
30728300,30728910,OCH,CXN,0.0,909,AIOCF,RC,0,NT,FI,0.0,0,-35.5,-26.7,[],0,0,[],[]
30728910,30729750,NA,NOF,0.0,909,AIOCF,NA,NA,NA,NA,0.0,0,-41.4,-29.22,[],0,0,[],[]
30729750,30731300,FEM,FAN,8.5,909,AIOCF,RC,0,NT,FI,0.0,0,-22.85,-8.63,[],0,0,[],[]
30731300,30732140,FEM,FAN,7.5,909,AIOCF,RC,0,NT,FH,0.0,0,-36.01,-25.27,[],0,0,[],[]
30732140,30734920,NA,FAF,0.0,909,AIOCF,NA,NA,NA,NA,0.0,0,-32.06,-13.57,[],0,0,[],[]
30734920,30735900,NA,CHF,0.0,909,AIOCF,NA,NA,NA,NA,0.0,0,-39.3,-25.51,[],0,330,[],"[{'start': 30734.92, 'end': 30735.25}]"
30735900,30737730,OCH,CXN,0.0,909,AIOCF,RC,0,NT,FI,0.0,0,-22.39,-9.93,[],0,0,[],[]
30737730,30738460,OCH,CXN,0.0,909,AIOCF,RC,0,NT,FH,0.0,0,-29.23,-19.27,[],0,0,[],[]
30738460,30739750,NA,NON,0.0,909,AIOCF,NA,NA,NA,NA,0.0,0,-31.86,-22.31,[],0,0,[],[]
30739750,30741030,NA,FAF,0.0,909,AIOCF,NA,NA,NA,NA,0.0,0,-40.85,-30.59,[],0,0,[],[]
30741030,30741640,FEM,FAN,7.04,909,AIOCF,EC,0,NT,FI,0.0,0,-35.93,-27.83,[],0,0,[],[]
30741640,30742660,NA,FAF,0.0,910,pause,NA,NA,NA,NA,0.0,0,-39.66,-27.07,[],0,0,[],[]
30742660,30743580,NA,NOF,0.0,910,pause,NA,NA,NA,NA,0.0,0,-36.86,-20.92,[],0,0,[],[]
30743580,30744580,NA,FAF,0.0,910,pause,NA,NA,NA,NA,0.0,0,-43.58,-34.71,[],0,0,[],[]
30744580,30746060,NA,SIL,0.0,910,pause,NA,NA,NA,NA,0.0,0,-55.51,-46.64,[],0,0,[],[]
30746060,30747090,NA,FAF,0.0,910,pause,NA,NA,NA,NA,0.0,0,-42.16,-33.9,[],0,0,[],[]
30747090,30747890,NA,OLN,0.0,910,pause,NA,NA,NA,NA,0.0,0,-33.85,-27.18,[],0,0,[],[]
30747890,30748920,NA,MAF,0.0,910,pause,NA,NA,NA,NA,0.0,0,-40.96,-34.29,[],0,0,[],[]
30748920,30750140,NA,OLN,0.0,910,pause,NA,NA,NA,NA,0.0,0,-33.64,-26.18,[],0,0,[],[]
30750140,30750950,NA,NOF,0.0,910,pause,NA,NA,NA,NA,0.0,0,-37.58,-28.77,[],0,0,[],[]
30750950,30752480,NA,OLN,0.0,910,pause,NA,NA,NA,NA,0.0,0,-35.13,-24.15,[],0,0,[],[]
30752480,30753640,NA,TVN,0.0,910,pause,NA,NA,NA,NA,0.0,0,-37.66,-27.79,[],0,0,[],[]
30753640,30754900,NA,OLN,0.0,910,pause,NA,NA,NA,NA,0.0,0,-33.78,-26.82,[],0,0,[],[]
30754900,30755610,OCH,CXN,0.0,910,XIC,BC,0,NT,FI,0.0,0,-29.21,-21.91,[],0,0,[],[]
30755610,30756420,CHI,CHN,0.0,910,XIC,NA,NA,NA,NA,0.0,0,-26.75,-19.98,[],0,810,"[{'start': 30755.61, 'end': 30756.42}]",[]
30756420,30757220,NA,OLN,0.0,910,XIC,NA,NA,NA,NA,0.0,0,-29.19,-22.24,[],0,0,[],[]
30757220,30758110,OCH,CXN,0.0,910,XIC,RC,0,NT,FH,0.0,0,-26.12,-17.47,[],0,0,[],[]
30758110,30759130,OCH,CXN,0.0,910,XIC,RC,0,NT,FH,0.0,0,-29.47,-22.78,[],0,0,[],[]
30759130,30760250,NA,OLN,0.0,910,XIC,NA,NA,NA,NA,0.0,0,-29.76,-23.18,[],0,0,[],[]
30760250,30761050,OCH,CXN,0.0,910,XIC,RC,0,NT,FH,0.0,0,-26.77,-20.87,[],0,0,[],[]
30761050,30762310,NA,OLN,0.0,910,XIC,NA,NA,NA,NA,0.0,0,-34.65,-29.13,[],0,0,[],[]
30762310,30763110,NA,TVN,0.0,910,XIC,NA,NA,NA,NA,0.0,0,-37.72,-29.0,[],0,0,[],[]
30763110,30765110,OCH,CXN,0.0,910,XIC,RC,0,NT,FH,0.0,0,-29.48,-22.7,[],0,0,[],[]
30765110,30765910,FEM,FAN,4.09,910,XIC,RC,0,NT,FI,0.0,0,-29.34,-22.29,[],0,0,[],[]
30765910,30768210,FEM,FAN,7.52,910,XIC,RC,0,NT,FH,0.0,0,-32.78,-18.56,[],0,0,[],[]
30768210,30769110,NA,OLN,0.0,910,XIC,NA,NA,NA,NA,0.0,0,-34.15,-25.99,[],0,0,[],[]
30769110,30770170,FEM,FAN,5.43,910,XIC,RC,0,NT,FH,0.0,0,-29.24,-21.17,[],0,0,[],[]
30770170,30771030,NA,OLN,0.0,910,XIC,NA,NA,NA,NA,0.0,0,-35.88,-29.96,[],0,0,[],[]
30771030,30771860,OCH,CXN,0.0,910,XIC,RC,0,NT,FI,0.0,0,-33.64,-21.68,[],0,0,[],[]
30771860,30773470,NA,OLN,0.0,910,XIC,NA,NA,NA,NA,0.0,0,-31.64,-19.56,[],0,0,[],[]
30773470,30774470,FEM,FAN,3.37,910,XIC,RC,0,NT,FI,0.0,0,-19.56,-4.31,[],0,0,[],[]
30774470,30775540,OCH,CXN,0.0,910,XIC,RC,0,NT,FI,0.0,0,-28.81,-21.29,[],0,0,[],[]
30775540,30776500,NA,OLN,0.0,910,XIC,NA,NA,NA,NA,0.0,0,-30.57,-24.53,[],0,0,[],[]
30776500,30777500,OCH,CXN,0.0,910,XIC,RC,0,NT,FH,0.0,0,-23.88,-15.19,[],0,0,[],[]
30777500,30778300,OCH,CXN,0.0,910,XIC,RC,0,NT,FH,0.0,0,-23.86,-17.23,[],0,0,[],[]
30778300,30779100,NA,OLN,0.0,910,XIC,NA,NA,NA,NA,0.0,0,-28.16,-21.87,[],0,0,[],[]
30779100,30780080,OCH,CXN,0.0,910,XIC,RC,0,NT,FH,0.0,0,-22.33,-16.23,[],0,0,[],[]
30780080,30781370,NA,OLN,0.0,910,XIC,NA,NA,NA,NA,0.0,0,-30.72,-23.69,[],0,0,[],[]
30781370,30782800,OCH,CXN,0.0,910,XIC,RC,0,NT,FH,0.0,0,-24.47,-14.82,[],0,0,[],[]
30782800,30783640,NA,OLN,0.0,910,XIC,NA,NA,NA,NA,0.0,0,-29.52,-20.99,[],0,0,[],[]
30783640,30784440,NA,NON,0.0,910,XIC,NA,NA,NA,NA,0.0,0,-28.16,-16.71,[],0,0,[],[]
30784440,30786280,NA,OLN,0.0,910,XIC,NA,NA,NA,NA,0.0,0,-26.2,-19.38,[],0,0,[],[]
30786280,30787080,CHI,CHN,0.0,910,XIC,RC,0,TIFI,FI,1.0,800,-18.41,-12.71,"[{'Canonical-syllable': '0', 'Growl': '2', 'High-freq-energy': '0', 'Long-island': '0', 'Low-tilt-spectrum': '1', 'Medium-island': '2', 'Short-island': '0', 'Squeal': '0', 'Typical-entropy': '0', 'Voicing-quality': '2', 'Wide-band': '0', 'Xlong-island': '0', 'seq': '1', 'end': 30787.08, 'start': 30786.28}]",0,0,[],[]
30787080,30788020,NA,OLN,0.0,910,XIC,NA,NA,NA,NA,0.0,0,-27.76,-21.18,[],0,0,[],[]
30788020,30789480,FEM,FAN,3.58,910,XIC,RC,1,TIFR,FI,0.0,0,-33.99,-21.92,[],0,0,[],[]
30789480,30790340,NA,OLN,0.0,910,XIC,NA,NA,NA,NA,0.0,0,-32.84,-24.78,[],0,0,[],[]
30790340,30791550,NA,TVN,0.0,910,XIC,NA,NA,NA,NA,0.0,0,-33.72,-22.59,[],0,0,[],[]
30791550,30792500,OCH,CXN,0.0,910,XIC,RC,1,NT,FI,0.0,0,-25.34,-17.04,[],0,0,[],[]
30792500,30793380,NA,OLN,0.0,910,XIC,NA,NA,NA,NA,0.0,0,-27.98,-19.07,[],0,0,[],[]
30793380,30794610,OCH,CXN,0.0,910,XIC,RC,1,NT,FH,0.0,0,-27.09,-20.57,[],0,0,[],[]
30794610,30795680,OCH,CXN,0.0,910,XIC,EC,1,NT,FH,0.0,0,-21.84,-14.85,[],0,0,[],[]
30795680,30796610,NA,OLN,0.0,911,pause,NA,NA,NA,NA,0.0,0,-28.63,-18.15,[],0,0,[],[]
30796610,30798550,NA,FAF,0.0,911,pause,NA,NA,NA,NA,0.0,0,-35.66,-26.0,[],0,0,[],[]
30798550,30800030,NA,OLN,0.0,911,pause,NA,NA,NA,NA,0.0,0,-30.87,-21.68,[],0,0,[],[]
30800030,30801360,NA,FAF,0.0,911,pause,NA,NA,NA,NA,0.0,0,-36.27,-28.96,[],0,0,[],[]
30801360,30803630,NA,OLN,0.0,911,pause,NA,NA,NA,NA,0.0,0,-29.83,-16.93,[],0,0,[],[]
30803630,30804520,OCH,CXN,0.0,911,XIC,BC,0,NT,FI,0.0,0,-29.79,-19.01,[],0,0,[],[]
30804520,30805710,NA,OLN,0.0,911,XIC,NA,NA,NA,NA,0.0,0,-24.29,-15.69,[],0,0,[],[]
30805710,30806710,FEM,FAN,6.62,911,XIC,RC,0,NT,FI,0.0,0,-27.34,-16.68,[],0,0,[],[]
30806710,30808030,NA,OLN,0.0,911,XIC,NA,NA,NA,NA,0.0,0,-24.23,-15.07,[],0,0,[],[]
30808030,30808840,OCH,CXN,0.0,911,XIC,RC,0,NT,FI,0.0,0,-22.25,-14.37,[],0,0,[],[]
30808840,30809810,NA,OLN,0.0,911,XIC,NA,NA,NA,NA,0.0,0,-29.1,-23.17,[],0,0,[],[]
30809810,30811760,OCH,CXN,0.0,911,XIC,RC,0,NT,FH,0.0,0,-24.33,-12.93,[],0,0,[],[]
30811760,30812570,FEM,FAN,4.0,911,XIC,RC,0,NT,FI,0.0,0,-27.34,-18.48,[],0,0,[],[]
30812570,30814050,OCH,CXN,0.0,911,XIC,RC,0,NT,FI,0.0,0,-23.31,-11.46,[],0,0,[],[]
30814050,30814850,NA,OLN,0.0,911,XIC,NA,NA,NA,NA,0.0,0,-29.1,-20.53,[],0,0,[],[]
30814850,30816910,OCH,CXN,0.0,911,XIC,RC,0,NT,FH,0.0,0,-27.34,-19.91,[],0,0,[],[]
30816910,30818070,OCH,CXN,0.0,911,XIC,RC,0,NT,FH,0.0,0,-34.41,-16.45,[],0,0,[],[]
30818070,30818880,NA,OLN,0.0,911,XIC,NA,NA,NA,NA,0.0,0,-30.64,-23.67,[],0,0,[],[]
30818880,30820000,NA,OLF,0.0,911,XIC,NA,NA,NA,NA,0.0,0,-36.69,-27.04,[],0,0,[],[]
30820000,30821730,NA,OLN,0.0,911,XIC,NA,NA,NA,NA,0.0,0,-31.82,-22.4,[],0,0,[],[]
30821730,30822750,NA,MAF,0.0,911,XIC,NA,NA,NA,NA,0.0,0,-37.58,-28.92,[],0,0,[],[]
30822750,30823350,CHI,CHN,0.0,911,XIC,RC,0,NT,FI,1.0,600,-22.64,-14.95,"[{'Canonical-syllable': '0', 'Growl': '0', 'High-freq-energy': '0', 'Long-island': '0', 'Low-tilt-spectrum': '1', 'Medium-island': '1', 'Short-island': '0', 'Squeal': '0', 'Typical-entropy': '1', 'Voicing-quality': '1', 'Wide-band': '0', 'Xlong-island': '0', 'seq': '1', 'end': 30823.35, 'start': 30822.75}]",0,0,[],[]
30823350,30825100,NA,OLN,0.0,911,XIC,NA,NA,NA,NA,0.0,0,-25.36,-17.39,[],0,0,[],[]
30825100,30825910,NA,NON,0.0,911,XIC,NA,NA,NA,NA,0.0,0,-26.75,-18.58,[],0,0,[],[]
30825910,30827640,NA,OLN,0.0,911,XIC,NA,NA,NA,NA,0.0,0,-26.31,-15.83,[],0,0,[],[]
30827640,30829310,OCH,CXN,0.0,911,XIC,RC,0,NT,FI,0.0,0,-26.65,-15.9,[],0,0,[],[]
30829310,30830110,NA,OLN,0.0,911,XIC,NA,NA,NA,NA,0.0,0,-26.27,-21.35,[],0,0,[],[]
30830110,30831110,CHI,CHN,0.0,911,XIC,NA,NA,NA,NA,0.0,0,-24.71,-15.57,[],0,1000,"[{'start': 30830.11, 'end': 30831.11}]",[]
30831110,30833650,NA,OLN,0.0,911,XIC,NA,NA,NA,NA,0.0,0,-27.93,-18.31,[],0,0,[],[]
30833650,30834320,CHI,CHN,0.0,911,XIC,RC,0,NT,FI,1.0,670,-32.14,-24.88,"[{'Canonical-syllable': '0', 'Growl': '0', 'High-freq-energy': '0', 'Long-island': '1', 'Low-tilt-spectrum': '1', 'Medium-island': '0', 'Short-island': '0', 'Squeal': '0', 'Typical-entropy': '1', 'Voicing-quality': '1', 'Wide-band': '0', 'Xlong-island': '0', 'seq': '1', 'end': 30834.32, 'start': 30833.65}]",0,0,[],[]
30834320,30835130,OCH,CXN,0.0,911,XIC,RC,0,NT,FI,0.0,0,-32.05,-25.3,[],0,0,[],[]
30835130,30836150,OCH,CXN,0.0,911,XIC,RC,0,NT,FH,0.0,0,-33.88,-24.87,[],0,0,[],[]
30836150,30837010,NA,OLN,0.0,911,XIC,NA,NA,NA,NA,0.0,0,-32.89,-21.88,[],0,0,[],[]
30837010,30839060,FEM,FAN,10.7,911,XIC,RC,0,TIFI,FI,0.0,0,-21.05,-12.18,[],0,0,[],[]
30839060,30840020,CHI,CHN,0.0,911,XIC,RC,1,TIFR,FI,1.0,800,-23.38,-13.2,"[{'Canonical-syllable': '1', 'Growl': '1', 'High-freq-energy': '2', 'Long-island': '0', 'Low-tilt-spectrum': '2', 'Medium-island': '1', 'Short-island': '0', 'Squeal': '0', 'Typical-entropy': '2', 'Voicing-quality': '1', 'Wide-band': '0', 'Xlong-island': '0', 'seq': '1', 'end': 30839.86, 'start': 30839.06}]",0,0,[],[]
30840020,30842130,FEM,FAN,8.99,911,XIC,RC,1,TIFE,FI,0.0,0,-23.14,-12.96,[],0,0,[],[]
30842130,30842730,CHI,CHN,0.0,911,XIC,NA,NA,NA,NA,0.0,0,-26.53,-14.76,[],0,150,"[{'start': 30842.37, 'end': 30842.52}]",[]
30842730,30844700,FEM,FAN,9.31,911,XIC,RC,1,TIFI,FH,0.0,0,-25.02,-12.7,[],0,0,[],[]
30844700,30845360,CHI,CHN,0.0,911,XIC,RC,2,TIFR,FI,1.0,660,-20.58,-12.14,"[{'Canonical-syllable': '1', 'Growl': '1', 'High-freq-energy': '0', 'Long-island': '0', 'Low-tilt-spectrum': '1', 'Medium-island': '1', 'Short-island': '0', 'Squeal': '0', 'Typical-entropy': '2', 'Voicing-quality': '1', 'Wide-band': '0', 'Xlong-island': '0', 'seq': '1', 'end': 30845.36, 'start': 30844.7}]",0,0,[],[]
30845360,30846900,FEM,FAN,7.28,911,XIC,RC,2,TIFE,FI,0.0,0,-26.26,-16.48,[],0,0,[],[]
30846900,30847560,CHI,CHN,0.0,911,XIC,NA,NA,NA,NA,0.0,0,-29.47,-15.24,[],0,0,[],[]
30847560,30848650,NA,FAF,0.0,911,XIC,NA,NA,NA,NA,0.0,0,-42.29,-30.75,[],0,0,[],[]
30848650,30849910,NA,NOF,0.0,911,XIC,NA,NA,NA,NA,0.0,0,-48.54,-36.63,[],0,0,[],[]
30849910,30850930,NA,OLN,0.0,911,XIC,NA,NA,NA,NA,0.0,0,-27.86,-20.65,[],0,0,[],[]
30850930,30852090,FEM,FAN,3.97,911,XIC,RC,2,NT,FH,0.0,0,-24.73,-13.05,[],0,0,[],[]
30852090,30853070,NA,OLN,0.0,911,XIC,NA,NA,NA,NA,0.0,0,-23.01,-15.81,[],0,0,[],[]
30853070,30854470,OCH,CXN,0.0,911,XIC,RC,2,NT,FI,0.0,0,-20.73,-11.48,[],0,0,[],[]
30854470,30855270,OCH,CXN,0.0,911,XIC,RC,2,NT,FH,0.0,0,-25.34,-18.85,[],0,0,[],[]
30855270,30856250,NA,OLN,0.0,911,XIC,NA,NA,NA,NA,0.0,0,-25.92,-17.5,[],0,0,[],[]
30856250,30857120,OCH,CXN,0.0,911,XIC,RC,2,NT,FH,0.0,0,-24.02,-13.63,[],0,0,[],[]
30857120,30858120,OCH,CXN,0.0,911,XIC,RC,2,NT,FH,0.0,0,-26.33,-17.52,[],0,0,[],[]
30858120,30858930,NA,OLN,0.0,911,XIC,NA,NA,NA,NA,0.0,0,-25.79,-20.63,[],0,0,[],[]
30858930,30861280,OCH,CXN,0.0,911,XIC,RC,2,NT,FH,0.0,0,-22.64,-10.81,[],0,0,[],[]
30861280,30862080,NA,OLN,0.0,911,XIC,NA,NA,NA,NA,0.0,0,-24.94,-16.46,[],0,0,[],[]
30862080,30863120,FEM,FAN,3.52,911,XIC,RC,2,NT,FI,0.0,0,-21.78,-15.04,[],0,0,[],[]
30863120,30864040,NA,OLN,0.0,911,XIC,NA,NA,NA,NA,0.0,0,-27.56,-19.83,[],0,0,[],[]
30864040,30864670,OCH,CXN,0.0,911,XIC,RC,2,NT,FI,0.0,0,-22.21,-16.92,[],0,0,[],[]
30864670,30865470,NA,OLN,0.0,911,XIC,NA,NA,NA,NA,0.0,0,-27.5,-20.59,[],0,0,[],[]
30865470,30866270,OCH,CXN,0.0,911,XIC,RC,2,NT,FH,0.0,0,-32.24,-25.77,[],0,0,[],[]
30866270,30867590,NA,MAF,0.0,911,XIC,NA,NA,NA,NA,0.0,0,-37.57,-31.36,[],0,0,[],[]
30867590,30870150,FEM,FAN,10.9,911,XIC,EC,2,NT,FI,0.0,0,-35.33,-22.91,[],0,0,[],[]
30870150,30871500,NA,OLN,0.0,912,pause,NA,NA,NA,NA,0.0,0,-31.36,-23.51,[],0,0,[],[]
30871500,30872530,NA,TVN,0.0,912,pause,NA,NA,NA,NA,0.0,0,-30.5,-21.06,[],0,0,[],[]
30872530,30873560,NA,OLN,0.0,912,pause,NA,NA,NA,NA,0.0,0,-31.33,-22.99,[],0,0,[],[]
30873560,30874760,NA,NON,0.0,912,pause,NA,NA,NA,NA,0.0,0,-31.33,-21.85,[],0,0,[],[]
30874760,30876070,NA,OLN,0.0,912,pause,NA,NA,NA,NA,0.0,0,-19.84,-10.8,[],0,0,[],[]
30876070,30876850,CHI,CHN,0.0,912,pause,NA,NA,NA,NA,0.0,0,-23.28,-15.37,[],0,620,"[{'start': 30876.23, 'end': 30876.85}]",[]
30876850,30877650,OCH,CXN,0.0,912,XIC,BC,0,NT,FI,0.0,0,-25.97,-19.64,[],0,0,[],[]
30877650,30878450,NA,OLN,0.0,912,XIC,NA,NA,NA,NA,0.0,0,-28.75,-20.71,[],0,0,[],[]
30878450,30879270,OCH,CXN,0.0,912,XIC,RC,0,NT,FH,0.0,0,-23.9,-14.86,[],0,0,[],[]
30879270,30880070,NA,OLN,0.0,912,XIC,NA,NA,NA,NA,0.0,0,-32.37,-24.71,[],0,0,[],[]
30880070,30880870,NA,NON,0.0,912,XIC,NA,NA,NA,NA,0.0,0,-22.12,-4.26,[],0,0,[],[]
30880870,30882380,NA,OLN,0.0,912,XIC,NA,NA,NA,NA,0.0,0,-22.03,-11.42,[],0,0,[],[]
30882380,30883550,FEM,FAN,4.29,912,XIC,RC,0,NT,FI,0.0,0,-33.03,-21.0,[],0,0,[],[]
30883550,30884350,OCH,CXN,0.0,912,XIC,RC,0,NT,FI,0.0,0,-24.19,-18.19,[],0,0,[],[]
30884350,30885980,NA,OLN,0.0,912,XIC,NA,NA,NA,NA,0.0,0,-29.21,-21.53,[],0,0,[],[]
30885980,30888670,OCH,CXN,0.0,912,XIC,RC,0,NT,FH,0.0,0,-23.41,-13.7,[],0,0,[],[]
30888670,30889920,NA,OLN,0.0,912,XIC,NA,NA,NA,NA,0.0,0,-23.96,-14.34,[],0,0,[],[]
30889920,30890770,CHI,CHN,0.0,912,XIC,NA,NA,NA,NA,0.0,0,-21.11,-17.7,[],0,850,"[{'start': 30889.92, 'end': 30890.77}]",[]
30890770,30891570,NA,OLN,0.0,912,XIC,NA,NA,NA,NA,0.0,0,-29.75,-22.39,[],0,0,[],[]
30891570,30892680,OCH,CXN,0.0,912,XIC,RC,0,NT,FH,0.0,0,-21.08,-12.13,[],0,0,[],[]
30892680,30894600,NA,OLN,0.0,912,XIC,NA,NA,NA,NA,0.0,0,-25.49,-17.91,[],0,0,[],[]
30894600,30895600,OCH,CXN,0.0,912,XIC,RC,0,NT,FH,0.0,0,-21.1,-12.05,[],0,0,[],[]
30895600,30896910,OCH,CXN,0.0,912,XIC,RC,0,NT,FH,0.0,0,-25.9,-20.25,[],0,0,[],[]
30896910,30897810,NA,OLN,0.0,912,XIC,NA,NA,NA,NA,0.0,0,-28.05,-22.61,[],0,0,[],[]
30897810,30898610,OCH,CXN,0.0,912,XIC,RC,0,NT,FH,0.0,0,-24.61,-19.27,[],0,0,[],[]
30898610,30899410,NA,OLN,0.0,912,XIC,NA,NA,NA,NA,0.0,0,-26.34,-18.19,[],0,0,[],[]
30899410,30900430,MAL,MAN,2.85,912,XIC,RC,0,NT,FI,0.0,0,-31.03,-21.33,[],0,0,[],[]
30900430,30901790,OCH,CXN,0.0,912,XIC,RC,0,NT,FI,0.0,0,-32.72,-24.63,[],0,0,[],[]
30901790,30904040,NA,TVN,0.0,912,XIC,NA,NA,NA,NA,0.0,0,-31.79,-21.6,[],0,0,[],[]
30904040,30905070,OCH,CXN,0.0,912,XIC,RC,0,NT,FH,0.0,0,-34.21,-25.51,[],0,0,[],[]
30905070,30905870,NA,OLN,0.0,912,XIC,NA,NA,NA,NA,0.0,0,-27.38,-19.88,[],0,0,[],[]
30905870,30906870,NA,TVN,0.0,912,XIC,NA,NA,NA,NA,0.0,0,-35.42,-27.69,[],0,0,[],[]
30906870,30907970,CHI,CHN,0.0,912,XIC,NA,NA,NA,NA,0.0,0,-21.67,-11.32,[],0,920,"[{'start': 30907.05, 'end': 30907.97}]",[]
30907970,30908800,NA,OLN,0.0,912,XIC,NA,NA,NA,NA,0.0,0,-29.95,-18.34,[],0,0,[],[]
30908800,30910350,CHI,CHN,0.0,912,XIC,RC,0,NT,FI,1.0,1070,-23.09,-11.15,"[{'Canonical-syllable': '2', 'Growl': '0', 'High-freq-energy': '0', 'Long-island': '0', 'Low-tilt-spectrum': '1', 'Medium-island': '1', 'Short-island': '2', 'Squeal': '0', 'Typical-entropy': '3', 'Voicing-quality': '3', 'Wide-band': '0', 'Xlong-island': '0', 'seq': '1', 'end': 30909.87, 'start': 30908.93}]",0,0,[],[]
30910350,30911260,NA,NON,0.0,912,XIC,NA,NA,NA,NA,0.0,0,-29.19,-18.63,[],0,0,[],[]
30911260,30914050,CHI,CHN,0.0,912,XIC,RC,0,NT,FH,2.0,2260,-22.4,-10.09,"[{'Canonical-syllable': '0', 'Growl': '1', 'High-freq-energy': '0', 'Long-island': '0', 'Low-tilt-spectrum': '2', 'Medium-island': '2', 'Short-island': '0', 'Squeal': '0', 'Typical-entropy': '3', 'Voicing-quality': '3', 'Wide-band': '0', 'Xlong-island': '0', 'seq': '1', 'end': 30912.51, 'start': 30911.26}, {'Canonical-syllable': '1', 'Growl': '0', 'High-freq-energy': '0', 'Long-island': '0', 'Low-tilt-spectrum': '2', 'Medium-island': '0', 'Short-island': '3', 'Squeal': '0', 'Typical-entropy': '3', 'Voicing-quality': '3', 'Wide-band': '0', 'Xlong-island': '0', 'seq': '2', 'end': 30913.92, 'start': 30912.91}]",0,0,[],[]
30914050,30914650,CHI,CHN,0.0,912,XIC,RC,0,NT,FH,1.0,600,-20.93,-11.34,"[{'Canonical-syllable': '0', 'Growl': '0', 'High-freq-energy': '0', 'Long-island': '0', 'Low-tilt-spectrum': '1', 'Medium-island': '1', 'Short-island': '0', 'Squeal': '0', 'Typical-entropy': '1', 'Voicing-quality': '2', 'Wide-band': '0', 'Xlong-island': '0', 'seq': '1', 'end': 30914.65, 'start': 30914.05}]",0,0,[],[]
30914650,30915480,NA,NON,0.0,912,XIC,NA,NA,NA,NA,0.0,0,-28.71,-18.72,[],0,0,[],[]
30915480,30916220,CHI,CHN,0.0,912,XIC,RC,0,TIFI,FH,1.0,740,-28.53,-20.9,"[{'Canonical-syllable': '0', 'Growl': '0', 'High-freq-energy': '1', 'Long-island': '1', 'Low-tilt-spectrum': '1', 'Medium-island': '0', 'Short-island': '0', 'Squeal': '1', 'Typical-entropy': '1', 'Voicing-quality': '1', 'Wide-band': '0', 'Xlong-island': '0', 'seq': '1', 'end': 30916.22, 'start': 30915.48}]",0,0,[],[]
30916220,30917700,FEM,FAN,5.62,912,XIC,RC,1,TIFR,FI,0.0,0,-21.87,-10.5,[],0,0,[],[]
30917700,30918500,OCH,CXN,0.0,912,XIC,RC,1,NT,FI,0.0,0,-25.97,-19.04,[],0,0,[],[]
30918500,30923770,FEM,FAN,19.66,912,XIC,RC,1,NT,FI,0.0,0,-23.62,-11.52,[],0,0,[],[]
30923770,30924800,OCH,CXN,0.0,912,XIC,RC,1,NT,FI,0.0,0,-25.39,-17.13,[],0,0,[],[]
30924800,30926410,CHI,CHN,0.0,912,XIC,NA,NA,NA,NA,0.0,0,-24.48,-12.64,[],0,1070,"[{'start': 30924.9, 'end': 30925.97}]",[]
30926410,30927070,CHI,CHN,0.0,912,XIC,NA,NA,NA,NA,0.0,0,-27.08,-21.5,[],0,660,"[{'start': 30926.41, 'end': 30927.07}]",[]
30927070,30927870,OCH,CXN,0.0,912,XIC,RC,1,NT,FH,0.0,0,-30.67,-23.68,[],0,0,[],[]
30927870,30928880,OCH,CXN,0.0,912,XIC,RC,1,NT,FH,0.0,0,-27.05,-12.44,[],0,0,[],[]
30928880,30929530,CHI,CHN,0.0,912,XIC,RC,1,NT,FI,1.0,650,-21.63,-11.27,"[{'Canonical-syllable': '0', 'Growl': '0', 'High-freq-energy': '0', 'Long-island': '0', 'Low-tilt-spectrum': '0', 'Medium-island': '1', 'Short-island': '0', 'Squeal': '0', 'Typical-entropy': '1', 'Voicing-quality': '1', 'Wide-band': '0', 'Xlong-island': '0', 'seq': '1', 'end': 30929.53, 'start': 30928.88}]",0,0,[],[]
30929530,30930770,OCH,CXN,0.0,912,XIC,RC,1,NT,FI,0.0,0,-22.53,-10.47,[],0,0,[],[]
30930770,30932300,NA,TVN,0.0,912,XIC,NA,NA,NA,NA,0.0,0,-46.01,-39.34,[],0,0,[],[]
30932300,30935390,FEM,FAN,9.63,912,XIC,RC,1,NT,FI,0.0,0,-35.93,-20.95,[],0,0,[],[]
30935390,30936940,NA,TVN,0.0,912,XIC,NA,NA,NA,NA,0.0,0,-46.92,-37.76,[],0,0,[],[]
30936940,30940250,FEM,FAN,10.95,912,XIC,RC,1,TIFI,FH,0.0,0,-29.41,-16.41,[],0,0,[],[]
30940250,30940850,CHI,CHN,0.0,912,XIC,NA,NA,NA,NA,0.0,0,-24.02,-13.44,[],0,520,"[{'start': 30940.33, 'end': 30940.85}]",[]
30940850,30942270,CHI,CHN,0.0,912,XIC,RC,2,TIFR,FI,1.0,1420,-25.08,-14.04,"[{'Canonical-syllable': '0', 'Growl': '1', 'High-freq-energy': '0', 'Long-island': '0', 'Low-tilt-spectrum': '0', 'Medium-island': '1', 'Short-island': '2', 'Squeal': '0', 'Typical-entropy': '2', 'Voicing-quality': '4', 'Wide-band': '1', 'Xlong-island': '0', 'seq': '1', 'end': 30942.27, 'start': 30941.09}]",0,0,[],[]
30942270,30943250,CHI,CHN,0.0,912,XIC,NA,NA,NA,NA,0.0,0,-25.17,-17.17,[],0,980,"[{'start': 30942.27, 'end': 30943.25}]",[]
30943250,30944640,FEM,FAN,6.45,912,XIC,RC,2,TIFE,FI,0.0,0,-24.36,-14.9,[],0,0,[],[]
30944640,30945440,NA,OLN,0.0,912,XIC,NA,NA,NA,NA,0.0,0,-23.94,-17.54,[],0,0,[],[]
30945440,30951070,FEM,FAN,19.88,912,XIC,RC,2,NT,FH,0.0,0,-29.48,-12.43,[],0,0,[],[]
30951070,30952020,NA,OLN,0.0,912,XIC,NA,NA,NA,NA,0.0,0,-24.99,-17.96,[],0,0,[],[]
30952020,30953040,NA,NOF,0.0,912,XIC,NA,NA,NA,NA,0.0,0,-50.32,-42.46,[],0,0,[],[]
30953040,30954650,FEM,FAN,0.0,912,XIC,NA,NA,NA,NA,0.0,0,-34.51,-24.86,[],1610,0,[],[]
30954650,30955460,NA,NOF,0.0,912,XIC,NA,NA,NA,NA,0.0,0,-44.36,-33.37,[],0,0,[],[]
30955460,30958340,OCH,CXN,0.0,912,XIC,RC,2,NT,FI,0.0,0,-27.81,-16.65,[],0,0,[],[]
30958340,30959040,CHI,CHN,0.0,912,XIC,RC,2,NT,FI,1.0,700,-23.48,-15.08,"[{'Canonical-syllable': '0', 'Growl': '0', 'High-freq-energy': '0', 'Long-island': '0', 'Low-tilt-spectrum': '3', 'Medium-island': '0', 'Short-island': '2', 'Squeal': '0', 'Typical-entropy': '3', 'Voicing-quality': '3', 'Wide-band': '0', 'Xlong-island': '0', 'seq': '1', 'end': 30959.04, 'start': 30958.34}]",0,0,[],[]
30959040,30962470,OCH,CXN,0.0,912,XIC,RC,2,NT,FI,0.0,0,-25.0,-11.43,[],0,0,[],[]
30962470,30963080,CHI,CHN,0.0,912,XIC,RC,2,NT,FI,1.0,430,-21.51,-11.47,"[{'Canonical-syllable': '1', 'Growl': '0', 'High-freq-energy': '0', 'Long-island': '0', 'Low-tilt-spectrum': '1', 'Medium-island': '0', 'Short-island': '1', 'Squeal': '0', 'Typical-entropy': '1', 'Voicing-quality': '1', 'Wide-band': '0', 'Xlong-island': '0', 'seq': '1', 'end': 30962.9, 'start': 30962.47}]",0,0,[],[]
30963080,30964580,OCH,CXN,0.0,912,XIC,RC,2,NT,FI,0.0,0,-28.99,-16.55,[],0,0,[],[]
30964580,30965180,CHI,CHN,0.0,912,XIC,RC,2,TIFI,FI,1.0,180,-26.13,-17.53,"[{'Canonical-syllable': '0', 'Growl': '0', 'High-freq-energy': '0', 'Long-island': '0', 'Low-tilt-spectrum': '0', 'Medium-island': '0', 'Short-island': '1', 'Squeal': '0', 'Typical-entropy': '1', 'Voicing-quality': '1', 'Wide-band': '0', 'Xlong-island': '0', 'seq': '1', 'end': 30965.18, 'start': 30965.0}]",0,0,[],[]
30965180,30967560,FEM,FAN,8.58,912,XIC,RC,3,TIFR,FI,0.0,0,-24.26,-13.14,[],0,0,[],[]
30967560,30968370,CHI,CHN,0.0,912,XIC,NA,NA,NA,NA,0.0,0,-29.09,-21.7,[],0,450,"[{'start': 30967.56, 'end': 30967.79}, {'start': 30968.15, 'end': 30968.37}]",[]
30968370,30970330,FEM,FAN,6.57,912,XIC,RC,3,NT,FH,0.0,0,-29.81,-14.29,[],0,0,[],[]
30970330,30971140,OCH,CXN,0.0,912,XIC,RC,3,NT,FI,0.0,0,-29.02,-21.23,[],0,0,[],[]
30971140,30972190,NA,MAF,0.0,912,XIC,NA,NA,NA,NA,0.0,0,-43.01,-37.81,[],0,0,[],[]
30972190,30973410,FEM,FAN,4.35,912,XIC,RC,3,TIFI,FI,0.0,0,-44.58,-35.06,[],0,0,[],[]
30973410,30974210,NA,NOF,0.0,912,XIC,NA,NA,NA,NA,0.0,0,-40.15,-28.92,[],0,0,[],[]
30974210,30975590,CHI,CHN,0.0,912,XIC,NA,NA,NA,NA,0.0,0,-22.68,-11.78,[],0,1080,"[{'start': 30974.21, 'end': 30975.29}]",[]
30975590,30976200,CHI,CHN,0.0,912,XIC,RC,4,TIFR,FI,1.0,610,-30.6,-22.39,"[{'Canonical-syllable': '0', 'Growl': '0', 'High-freq-energy': '2', 'Long-island': '0', 'Low-tilt-spectrum': '2', 'Medium-island': '1', 'Short-island': '1', 'Squeal': '1', 'Typical-entropy': '2', 'Voicing-quality': '1', 'Wide-band': '0', 'Xlong-island': '0', 'seq': '1', 'end': 30976.2, 'start': 30975.59}]",0,0,[],[]
30976200,30977130,NA,NOF,0.0,912,XIC,NA,NA,NA,NA,0.0,0,-36.79,-22.81,[],0,0,[],[]
30977130,30978240,CHI,CHN,0.0,912,XIC,NA,NA,NA,NA,0.0,0,-25.14,-16.56,[],0,710,"[{'start': 30977.42, 'end': 30978.13}]",[]
30978240,30979200,CHI,CHN,0.0,912,XIC,RC,4,NT,FH,1.0,410,-22.16,-11.03,"[{'Canonical-syllable': '1', 'Growl': '0', 'High-freq-energy': '0', 'Long-island': '0', 'Low-tilt-spectrum': '1', 'Medium-island': '0', 'Short-island': '1', 'Squeal': '0', 'Typical-entropy': '1', 'Voicing-quality': '1', 'Wide-band': '0', 'Xlong-island': '0', 'seq': '1', 'end': 30978.65, 'start': 30978.24}]",0,0,[],[]
30979200,30980310,OCH,CXN,0.0,912,XIC,RC,4,NT,FI,0.0,0,-28.39,-20.69,[],0,0,[],[]
30980310,30981360,NA,FAF,0.0,912,XIC,NA,NA,NA,NA,0.0,0,-41.64,-26.4,[],0,0,[],[]
30981360,30981970,OCH,CXN,0.0,912,XIC,RC,4,NT,FH,0.0,0,-25.7,-20.92,[],0,0,[],[]
30981970,30983250,FEM,FAN,8.19,912,XIC,RC,4,NT,FI,0.0,0,-24.31,-11.91,[],0,0,[],[]
30983250,30984050,NA,OLN,0.0,912,XIC,NA,NA,NA,NA,0.0,0,-20.67,-6.11,[],0,0,[],[]
30984050,30985050,MAL,MAN,10.41,912,XIC,RC,4,TIMI,FI,0.0,0,-36.08,-29.59,[],0,0,[],[]
30985050,30985980,NA,NON,0.0,912,XIC,NA,NA,NA,NA,0.0,0,-34.27,-25.76,[],0,0,[],[]
30985980,30986990,CHI,CHN,0.0,912,XIC,RC,5,TIMR,FI,1.0,850,-26.01,-15.56,"[{'Canonical-syllable': '0', 'Growl': '0', 'High-freq-energy': '1', 'Long-island': '0', 'Low-tilt-spectrum': '2', 'Medium-island': '2', 'Short-island': '0', 'Squeal': '0', 'Typical-entropy': '2', 'Voicing-quality': '1', 'Wide-band': '1', 'Xlong-island': '0', 'seq': '1', 'end': 30986.83, 'start': 30986.07}]",0,0,[],[]
30986990,30987800,NA,OLN,0.0,912,XIC,NA,NA,NA,NA,0.0,0,-29.76,-22.78,[],0,0,[],[]
30987800,30988800,NA,TVF,0.0,912,XIC,NA,NA,NA,NA,0.0,0,-45.98,-34.83,[],0,0,[],[]
30988800,30989970,OCH,CXN,0.0,912,XIC,EC,5,NT,FI,0.0,0,-25.0,-15.47,[],0,0,[],[]
30989970,30991450,NA,TVN,0.0,913,pause,NA,NA,NA,NA,0.0,0,-39.32,-27.85,[],0,0,[],[]
30991450,30997090,NA,NOF,0.0,913,pause,NA,NA,NA,NA,0.0,0,-35.12,-18.75,[],0,0,[],[]
30997090,30998950,NA,OLN,0.0,913,pause,NA,NA,NA,NA,0.0,0,-19.86,-4.19,[],0,0,[],[]
30998950,30999760,NA,TVN,0.0,913,pause,NA,NA,NA,NA,0.0,0,-35.84,-28.16,[],0,0,[],[]
30999760,31000560,NA,OLN,0.0,913,pause,NA,NA,NA,NA,0.0,0,-26.75,-17.59,[],0,0,[],[]
31000560,31001560,FEM,FAN,4.74,913,AICF,BC,0,TIFI,FI,0.0,0,-25.4,-16.08,[],0,0,[],[]
31001560,31003290,NA,OLN,0.0,913,AICF,NA,NA,NA,NA,0.0,0,-26.26,-17.15,[],0,0,[],[]
31003290,31004090,NA,NON,0.0,913,AICF,NA,NA,NA,NA,0.0,0,-28.26,-19.77,[],0,0,[],[]
31004090,31004950,NA,OLN,0.0,913,AICF,NA,NA,NA,NA,0.0,0,-20.0,-4.93,[],0,0,[],[]
31004950,31005790,NA,TVF,0.0,913,AICF,NA,NA,NA,NA,0.0,0,-44.41,-39.03,[],0,0,[],[]
31005790,31006810,CHI,CHN,0.0,913,AICF,RC,1,TIFR,FI,1.0,860,-18.58,-12.04,"[{'Canonical-syllable': '1', 'Growl': '0', 'High-freq-energy': '0', 'Long-island': '0', 'Low-tilt-spectrum': '2', 'Medium-island': '2', 'Short-island': '0', 'Squeal': '0', 'Typical-entropy': '2', 'Voicing-quality': '2', 'Wide-band': '0', 'Xlong-island': '0', 'seq': '1', 'end': 31006.65, 'start': 31005.87}]",0,0,[],[]
31006810,31007540,CHI,CHN,0.0,913,AICF,RC,1,NT,FH,1.0,370,-19.17,-11.88,"[{'Canonical-syllable': '0', 'Growl': '0', 'High-freq-energy': '0', 'Long-island': '0', 'Low-tilt-spectrum': '0', 'Medium-island': '1', 'Short-island': '0', 'Squeal': '0', 'Typical-entropy': '1', 'Voicing-quality': '1', 'Wide-band': '0', 'Xlong-island': '0', 'seq': '1', 'end': 31007.18, 'start': 31006.81}]",0,0,[],[]
31007540,31008960,CHI,CHN,0.0,913,AICF,RC,1,NT,FH,1.0,1060,-18.31,-8.61,"[{'Canonical-syllable': '1', 'Growl': '0', 'High-freq-energy': '0', 'Long-island': '0', 'Low-tilt-spectrum': '1', 'Medium-island': '2', 'Short-island': '0', 'Squeal': '0', 'Typical-entropy': '2', 'Voicing-quality': '2', 'Wide-band': '0', 'Xlong-island': '0', 'seq': '1', 'end': 31008.6, 'start': 31007.63}]",0,0,[],[]
31008960,31010030,CHI,CHN,0.0,913,AICF,RC,1,NT,FH,1.0,550,-19.62,-12.16,"[{'Canonical-syllable': '0', 'Growl': '0', 'High-freq-energy': '0', 'Long-island': '0', 'Low-tilt-spectrum': '1', 'Medium-island': '1', 'Short-island': '0', 'Squeal': '0', 'Typical-entropy': '1', 'Voicing-quality': '1', 'Wide-band': '0', 'Xlong-island': '0', 'seq': '1', 'end': 31009.51, 'start': 31008.96}]",0,0,[],[]
31010030,31010830,OCH,CXN,0.0,913,AICF,RC,1,NT,FI,0.0,0,-28.34,-20.65,[],0,0,[],[]
31010830,31011630,NA,NOF,0.0,913,AICF,NA,NA,NA,NA,0.0,0,-45.48,-40.87,[],0,0,[],[]
31011630,31012630,FEM,FAN,6.6,913,AICF,RC,1,TIFI,FI,0.0,0,-23.08,-16.17,[],0,0,[],[]
31012630,31013260,CHI,CHN,0.0,913,AICF,RC,2,TIFR,FI,1.0,480,-23.05,-12.1,"[{'Canonical-syllable': '1', 'Growl': '0', 'High-freq-energy': '0', 'Long-island': '0', 'Low-tilt-spectrum': '0', 'Medium-island': '1', 'Short-island': '1', 'Squeal': '0', 'Typical-entropy': '2', 'Voicing-quality': '2', 'Wide-band': '0', 'Xlong-island': '0', 'seq': '1', 'end': 31013.11, 'start': 31012.63}]",0,0,[],[]
31013260,31014760,OCH,CXN,0.0,913,AICF,RC,2,NT,FI,0.0,0,-21.91,-12.37,[],0,0,[],[]
31014760,31015780,CHI,CHN,0.0,913,AICF,NA,NA,NA,NA,0.0,0,-25.75,-19.34,[],0,1020,"[{'start': 31014.76, 'end': 31015.78}]",[]
31015780,31016580,NA,SIL,0.0,913,AICF,NA,NA,NA,NA,0.0,0,-52.78,-36.65,[],0,0,[],[]
31016580,31017180,NA,OLN,0.0,913,AICF,NA,NA,NA,NA,0.0,0,-31.24,-24.54,[],0,0,[],[]
31017180,31018070,NA,SIL,0.0,913,AICF,NA,NA,NA,NA,0.0,0,-54.08,-47.5,[],0,0,[],[]
31018070,31018840,CHI,CHN,0.0,913,AICF,RC,2,NT,FI,1.0,770,-22.76,-11.94,"[{'Canonical-syllable': '0', 'Growl': '1', 'High-freq-energy': '0', 'Long-island': '0', 'Low-tilt-spectrum': '2', 'Medium-island': '1', 'Short-island': '0', 'Squeal': '0', 'Typical-entropy': '2', 'Voicing-quality': '2', 'Wide-band': '0', 'Xlong-island': '0', 'seq': '1', 'end': 31018.84, 'start': 31018.07}]",0,0,[],[]
31018840,31020340,OCH,CXN,0.0,913,AICF,RC,2,NT,FI,0.0,0,-23.24,-10.52,[],0,0,[],[]
31020340,31021590,OCH,CXN,0.0,913,AICF,RC,2,NT,FH,0.0,0,-22.91,-13.07,[],0,0,[],[]
31021590,31022920,FEM,FAN,8.09,913,AICF,RC,2,NT,FI,0.0,0,-27.3,-15.18,[],0,0,[],[]
31022920,31023720,NA,NOF,0.0,913,AICF,NA,NA,NA,NA,0.0,0,-21.11,-5.49,[],0,0,[],[]
31023720,31024560,NA,OLN,0.0,913,AICF,NA,NA,NA,NA,0.0,0,-29.96,-23.59,[],0,0,[],[]
31024560,31025360,NA,NON,0.0,913,AICF,NA,NA,NA,NA,0.0,0,-31.65,-23.4,[],0,0,[],[]
31025360,31027080,OCH,CXN,0.0,913,AICF,RC,2,NT,FI,0.0,0,-23.58,-12.09,[],0,0,[],[]
31027080,31028290,NA,OLN,0.0,913,AICF,NA,NA,NA,NA,0.0,0,-22.05,-11.04,[],0,0,[],[]
31028290,31029490,NA,NOF,0.0,913,AICF,NA,NA,NA,NA,0.0,0,-23.33,-9.81,[],0,0,[],[]
31029490,31031630,NA,OLN,0.0,913,AICF,NA,NA,NA,NA,0.0,0,-31.6,-19.19,[],0,0,[],[]
31031630,31032630,OCH,CXN,0.0,913,AICF,RC,2,NT,FH,0.0,0,-29.07,-11.55,[],0,0,[],[]
31032630,31034290,NA,OLN,0.0,913,AICF,NA,NA,NA,NA,0.0,0,-19.29,-3.92,[],0,0,[],[]
31034290,31035120,OCH,CXN,0.0,913,AICF,RC,2,NT,FH,0.0,0,-27.46,-12.67,[],0,0,[],[]
31035120,31036050,NA,OLN,0.0,913,AICF,NA,NA,NA,NA,0.0,0,-28.22,-19.83,[],0,0,[],[]
31036050,31036910,OCH,CXN,0.0,913,AICF,RC,2,NT,FH,0.0,0,-26.58,-16.47,[],0,0,[],[]
31036910,31039770,NA,OLN,0.0,913,AICF,NA,NA,NA,NA,0.0,0,-24.23,-11.32,[],0,0,[],[]
31039770,31040570,NA,SIL,0.0,913,AICF,NA,NA,NA,NA,0.0,0,-43.49,-32.89,[],0,0,[],[]
31040570,31041700,OCH,CXN,0.0,913,AICF,RC,2,NT,FH,0.0,0,-24.96,-17.06,[],0,0,[],[]
31041700,31042420,NA,OLN,0.0,913,AICF,NA,NA,NA,NA,0.0,0,-20.38,-11.86,[],0,0,[],[]
31042420,31043510,OCH,CXN,0.0,913,AICF,RC,2,NT,FH,0.0,0,-22.83,-14.48,[],0,0,[],[]
31043510,31045410,NA,OLN,0.0,913,AICF,NA,NA,NA,NA,0.0,0,-28.17,-20.24,[],0,0,[],[]
31045410,31046220,NA,TVF,0.0,913,AICF,NA,NA,NA,NA,0.0,0,-46.84,-36.26,[],0,0,[],[]
31046220,31048220,OCH,CXN,0.0,913,AICF,RC,2,NT,FH,0.0,0,-23.68,-13.73,[],0,0,[],[]
31048220,31049020,NA,OLN,0.0,913,AICF,NA,NA,NA,NA,0.0,0,-25.56,-15.23,[],0,0,[],[]
31049020,31050220,FEM,FAN,0.0,913,AICF,NA,NA,NA,NA,0.0,0,-25.65,-15.07,[],1200,0,[],[]
31050220,31051020,NA,NOF,0.0,913,AICF,NA,NA,NA,NA,0.0,0,-43.61,-32.39,[],0,0,[],[]
31051020,31052480,OCH,CXN,0.0,913,AICF,RC,2,NT,FH,0.0,0,-34.86,-25.23,[],0,0,[],[]
31052480,31054840,OCH,CXN,0.0,913,AICF,RC,2,NT,FH,0.0,0,-25.71,-12.2,[],0,0,[],[]
31054840,31055810,OCH,CXN,0.0,913,AICF,RC,2,NT,FH,0.0,0,-27.86,-18.93,[],0,0,[],[]
31055810,31057260,FEM,FAN,6.1,913,AICF,RC,2,NT,FI,0.0,0,-34.59,-21.09,[],0,0,[],[]
31057260,31058070,NA,NOF,0.0,913,AICF,NA,NA,NA,NA,0.0,0,-38.14,-19.81,[],0,0,[],[]
31058070,31058940,NA,OLN,0.0,913,AICF,NA,NA,NA,NA,0.0,0,-29.21,-20.73,[],0,0,[],[]
31058940,31062000,FEM,FAN,13.59,913,AICF,RC,2,NT,FH,0.0,0,-26.66,-12.45,[],0,0,[],[]
31062000,31063000,OCH,CXN,0.0,913,AICF,RC,2,NT,FI,0.0,0,-26.4,-17.24,[],0,0,[],[]
31063000,31064430,NA,OLN,0.0,913,AICF,NA,NA,NA,NA,0.0,0,-26.58,-9.05,[],0,0,[],[]
31064430,31067440,FEM,FAN,12.26,913,AICF,RC,2,NT,FI,0.0,0,-29.3,-18.94,[],0,0,[],[]
31067440,31068240,OCH,CXN,0.0,913,AICF,RC,2,NT,FI,0.0,0,-23.16,-16.0,[],0,0,[],[]
31068240,31069040,NA,NON,0.0,913,AICF,NA,NA,NA,NA,0.0,0,-31.86,-21.22,[],0,0,[],[]
31069040,31070590,FEM,FAN,7.96,913,AICF,EC,2,NT,FI,0.0,0,-36.43,-26.37,[],0,0,[],[]
31070590,31071430,NA,FAF,0.0,914,pause,NA,NA,NA,NA,0.0,0,-45.92,-39.63,[],0,0,[],[]
31071430,31072810,NA,MAF,0.0,914,pause,NA,NA,NA,NA,0.0,0,-42.79,-35.77,[],0,0,[],[]
31072810,31073820,NA,TVF,0.0,914,pause,NA,NA,NA,NA,0.0,0,-49.63,-39.66,[],0,0,[],[]
31073820,31074620,NA,NOF,0.0,914,pause,NA,NA,NA,NA,0.0,0,-50.41,-41.88,[],0,0,[],[]
31074620,31075620,NA,FAF,0.0,914,pause,NA,NA,NA,NA,0.0,0,-35.07,-21.89,[],0,0,[],[]
31075620,31076470,NA,SIL,0.0,914,pause,NA,NA,NA,NA,0.0,0,-50.74,-37.37,[],0,0,[],[]
31076470,31077290,NA,OLF,0.0,914,pause,NA,NA,NA,NA,0.0,0,-38.6,-28.88,[],0,0,[],[]
31077290,31078980,FEM,FAN,9.06,914,AICF,BC,0,NT,FI,0.0,0,-34.43,-23.58,[],0,0,[],[]
31078980,31079780,OCH,CXN,0.0,914,AICF,RC,0,NT,FI,0.0,0,-29.04,-15.01,[],0,0,[],[]
31079780,31080590,NA,NOF,0.0,914,AICF,NA,NA,NA,NA,0.0,0,-41.6,-32.53,[],0,0,[],[]
31080590,31082400,FEM,FAN,9.15,914,AICF,RC,0,NT,FI,0.0,0,-29.98,-21.81,[],0,0,[],[]
31082400,31083680,OCH,CXN,0.0,914,AICF,RC,0,NT,FI,0.0,0,-26.29,-17.38,[],0,0,[],[]
31083680,31084280,CHI,CHN,0.0,914,AICF,NA,NA,NA,NA,0.0,0,-28.97,-22.62,[],0,600,"[{'start': 31083.68, 'end': 31084.28}]",[]
31084280,31085420,NA,NOF,0.0,914,AICF,NA,NA,NA,NA,0.0,0,-34.17,-26.96,[],0,0,[],[]
31085420,31086020,NA,OLN,0.0,914,AICF,NA,NA,NA,NA,0.0,0,-26.1,-11.95,[],0,0,[],[]
31086020,31086940,NA,SIL,0.0,914,AICF,NA,NA,NA,NA,0.0,0,-52.04,-42.89,[],0,0,[],[]
31086940,31088020,CHI,CHN,0.0,914,AICF,RC,0,NT,FI,1.0,1080,-24.39,-13.69,"[{'Canonical-syllable': '1', 'Growl': '0', 'High-freq-energy': '0', 'Long-island': '0', 'Low-tilt-spectrum': '2', 'Medium-island': '1', 'Short-island': '1', 'Squeal': '0', 'Typical-entropy': '2', 'Voicing-quality': '3', 'Wide-band': '0', 'Xlong-island': '0', 'seq': '1', 'end': 31088.02, 'start': 31086.94}]",0,0,[],[]
31088020,31089470,OCH,CXN,0.0,914,AICF,RC,0,NT,FI,0.0,0,-27.65,-16.29,[],0,0,[],[]
31089470,31090580,CHI,CHN,0.0,914,AICF,RC,0,TIMI,FI,2.0,580,-26.79,-16.31,"[{'Canonical-syllable': '0', 'Growl': '0', 'High-freq-energy': '0', 'Long-island': '0', 'Low-tilt-spectrum': '0', 'Medium-island': '0', 'Short-island': '1', 'Squeal': '0', 'Typical-entropy': '0', 'Voicing-quality': '1', 'Wide-band': '0', 'Xlong-island': '0', 'seq': '1', 'end': 31089.64, 'start': 31089.47}, {'Canonical-syllable': '0', 'Growl': '2', 'High-freq-energy': '1', 'Long-island': '0', 'Low-tilt-spectrum': '2', 'Medium-island': '0', 'Short-island': '2', 'Squeal': '0', 'Typical-entropy': '2', 'Voicing-quality': '2', 'Wide-band': '0', 'Xlong-island': '0', 'seq': '2', 'end': 31090.38, 'start': 31089.97}]",0,0,[],[]
31090580,31091380,NA,OLN,0.0,914,AICF,NA,NA,NA,NA,0.0,0,-29.99,-21.75,[],0,0,[],[]
31091380,31092430,MAL,MAN,2.25,914,AICF,RC,1,TIMR,FI,0.0,0,-37.71,-30.11,[],0,0,[],[]
31092430,31093030,OCH,CXN,0.0,914,AICF,RC,1,NT,FI,0.0,0,-27.25,-23.1,[],0,0,[],[]
31093030,31094770,OCH,CXN,0.0,914,AICF,RC,1,NT,FH,0.0,0,-25.9,-14.86,[],0,0,[],[]
31094770,31095580,OCH,CXN,0.0,914,AICF,RC,1,NT,FH,0.0,0,-23.21,-14.98,[],0,0,[],[]
31095580,31096280,OCH,CXN,0.0,914,AICF,RC,1,NT,FH,0.0,0,-25.19,-19.12,[],0,0,[],[]
31096280,31097340,NA,MAF,0.0,914,AICF,NA,NA,NA,NA,0.0,0,-45.63,-37.77,[],0,0,[],[]
31097340,31098140,NA,NOF,0.0,914,AICF,NA,NA,NA,NA,0.0,0,-43.27,-28.99,[],0,0,[],[]
31098140,31098940,OCH,CXN,0.0,914,AICF,RC,1,NT,FH,0.0,0,-31.72,-23.63,[],0,0,[],[]
31098940,31099740,NA,NOF,0.0,914,AICF,NA,NA,NA,NA,0.0,0,-49.89,-42.89,[],0,0,[],[]
31099740,31101460,FEM,FAN,9.27,914,AICF,RC,1,TIFI,FI,0.0,0,-26.01,-14.5,[],0,0,[],[]
31101460,31102260,NA,OLN,0.0,914,AICF,NA,NA,NA,NA,0.0,0,-26.03,-16.41,[],0,0,[],[]
31102260,31103500,CHI,CHN,0.0,914,AICF,RC,2,TIFR,FI,2.0,560,-27.33,-16.5,"[{'Canonical-syllable': '0', 'Growl': '0', 'High-freq-energy': '0', 'Long-island': '0', 'Low-tilt-spectrum': '0', 'Medium-island': '0', 'Short-island': '1', 'Squeal': '0', 'Typical-entropy': '0', 'Voicing-quality': '1', 'Wide-band': '0', 'Xlong-island': '0', 'seq': '1', 'end': 31102.43, 'start': 31102.26}, {'Canonical-syllable': '0', 'Growl': '2', 'High-freq-energy': '1', 'Long-island': '0', 'Low-tilt-spectrum': '2', 'Medium-island': '0', 'Short-island': '1', 'Squeal': '0', 'Typical-entropy': '2', 'Voicing-quality': '2', 'Wide-band': '0', 'Xlong-island': '0', 'seq': '2', 'end': 31103.17, 'start': 31102.78}]",0,0,[],[]
31103500,31106050,FEM,FAN,10.41,914,AICF,RC,2,TIFI,FI,0.0,0,-34.19,-18.01,[],0,0,[],[]
31106050,31106670,CHI,CHN,0.0,914,AICF,RC,3,TIFR,FI,1.0,620,-25.54,-20.45,"[{'Canonical-syllable': '0', 'Growl': '0', 'High-freq-energy': '0', 'Long-island': '0', 'Low-tilt-spectrum': '1', 'Medium-island': '1', 'Short-island': '0', 'Squeal': '0', 'Typical-entropy': '1', 'Voicing-quality': '1', 'Wide-band': '0', 'Xlong-island': '0', 'seq': '1', 'end': 31106.67, 'start': 31106.05}]",0,0,[],[]
31106670,31108340,OCH,CXN,0.0,914,AICF,RC,3,NT,FI,0.0,0,-25.31,-14.61,[],0,0,[],[]
31108340,31109140,CHI,CHN,0.0,914,AICF,RC,3,NT,FI,1.0,590,-22.87,-15.27,"[{'Canonical-syllable': '0', 'Growl': '0', 'High-freq-energy': '0', 'Long-island': '0', 'Low-tilt-spectrum': '1', 'Medium-island': '1', 'Short-island': '0', 'Squeal': '0', 'Typical-entropy': '1', 'Voicing-quality': '1', 'Wide-band': '0', 'Xlong-island': '0', 'seq': '1', 'end': 31108.93, 'start': 31108.5}]",0,0,[],[]
31109140,31109980,NA,NON,0.0,914,AICF,NA,NA,NA,NA,0.0,0,-27.9,-20.85,[],0,0,[],[]
31109980,31111220,NA,TVF,0.0,914,AICF,NA,NA,NA,NA,0.0,0,-40.91,-26.2,[],0,0,[],[]
31111220,31112220,OCH,CXN,0.0,914,AICF,RC,3,NT,FI,0.0,0,-40.79,-33.57,[],0,0,[],[]
31112220,31113250,NA,TVF,0.0,914,AICF,NA,NA,NA,NA,0.0,0,-47.96,-39.98,[],0,0,[],[]
31113250,31114040,CHI,CHN,0.0,914,AICF,RC,3,NT,FI,1.0,790,-26.56,-22.2,"[{'Canonical-syllable': '1', 'Growl': '0', 'High-freq-energy': '0', 'Long-island': '0', 'Low-tilt-spectrum': '2', 'Medium-island': '1', 'Short-island': '1', 'Squeal': '0', 'Typical-entropy': '2', 'Voicing-quality': '2', 'Wide-band': '0', 'Xlong-island': '0', 'seq': '1', 'end': 31114.04, 'start': 31113.25}]",0,0,[],[]
31114040,31115520,OCH,CXN,0.0,914,AICF,RC,3,NT,FI,0.0,0,-27.87,-16.48,[],0,0,[],[]
31115520,31116320,OCH,CXN,0.0,914,AICF,RC,3,NT,FH,0.0,0,-24.3,-16.7,[],0,0,[],[]
31116320,31117020,CHI,CHN,0.0,914,AICF,NA,NA,NA,NA,0.0,0,-25.7,-20.85,[],0,700,"[{'start': 31116.32, 'end': 31117.02}]",[]
31117020,31118930,NA,TVN,0.0,914,AICF,NA,NA,NA,NA,0.0,0,-48.61,-40.51,[],0,0,[],[]
31118930,31119730,NA,NOF,0.0,914,AICF,NA,NA,NA,NA,0.0,0,-46.9,-41.89,[],0,0,[],[]
31119730,31120530,OCH,CXN,0.0,914,AICF,RC,3,NT,FH,0.0,0,-32.26,-20.85,[],0,0,[],[]
31120530,31121330,NA,OLN,0.0,914,AICF,NA,NA,NA,NA,0.0,0,-30.14,-16.81,[],0,0,[],[]
31121330,31122510,OCH,CXN,0.0,914,AICF,RC,3,NT,FH,0.0,0,-26.07,-18.55,[],0,0,[],[]
31122510,31123120,CHI,CHN,0.0,914,AICF,RC,3,TIFI,FI,1.0,610,-25.65,-15.29,"[{'Canonical-syllable': '1', 'Growl': '0', 'High-freq-energy': '0', 'Long-island': '0', 'Low-tilt-spectrum': '0', 'Medium-island': '0', 'Short-island': '2', 'Squeal': '0', 'Typical-entropy': '2', 'Voicing-quality': '2', 'Wide-band': '0', 'Xlong-island': '0', 'seq': '1', 'end': 31123.12, 'start': 31122.63}]",0,0,[],[]
31123120,31124130,FEM,FAN,5.37,914,AICF,RC,4,TIFR,FI,0.0,0,-26.99,-15.48,[],0,0,[],[]
31124130,31124970,OCH,CXN,0.0,914,AICF,RC,4,NT,FI,0.0,0,-23.33,-15.46,[],0,0,[],[]
31124970,31125790,NA,OLN,0.0,914,AICF,NA,NA,NA,NA,0.0,0,-28.53,-22.1,[],0,0,[],[]
31125790,31126790,NA,TVN,0.0,914,AICF,NA,NA,NA,NA,0.0,0,-45.63,-39.28,[],0,0,[],[]
31126790,31127930,MAL,MAN,2.02,914,AICF,RC,4,NT,FI,0.0,0,-36.63,-20.63,[],0,0,[],[]
31127930,31130070,OCH,CXN,0.0,914,AICF,RC,4,NT,FI,0.0,0,-30.6,-20.86,[],0,0,[],[]
31130070,31130700,CHI,CHN,0.0,914,AICF,NA,NA,NA,NA,0.0,0,-23.93,-18.78,[],0,630,"[{'start': 31130.07, 'end': 31130.7}]",[]
31130700,31132480,FEM,FAN,8.18,914,AICF,RC,4,NT,FI,0.0,0,-25.11,-15.92,[],0,0,[],[]
31132480,31133280,OCH,CXN,0.0,914,AICF,RC,4,NT,FI,0.0,0,-25.07,-18.36,[],0,0,[],[]
31133280,31134410,NA,TVN,0.0,914,AICF,NA,NA,NA,NA,0.0,0,-49.71,-41.47,[],0,0,[],[]
31134410,31135680,NA,OLN,0.0,914,AICF,NA,NA,NA,NA,0.0,0,-25.89,-8.96,[],0,0,[],[]
31135680,31136490,NA,CHF,0.0,914,AICF,NA,NA,NA,NA,0.0,0,-37.56,-22.13,[],0,130,"[{'start': 31135.68, 'end': 31135.81}]",[]
31136490,31137380,OCH,CXN,0.0,914,AICF,RC,4,NT,FH,0.0,0,-28.07,-20.83,[],0,0,[],[]
31137380,31138410,CHI,CHN,0.0,914,AICF,NA,NA,NA,NA,0.0,0,-21.79,-7.21,[],0,260,[],"[{'start': 31137.72, 'end': 31137.98}]"
31138410,31141080,OCH,CXN,0.0,914,AICF,EC,4,NT,FH,0.0,0,-31.34,-22.29,[],0,0,[],[]
31141080,31141880,NA,OLF,0.0,915,pause,NA,NA,NA,NA,0.0,0,-14.34,-5.0,[],0,0,[],[]
31141880,31142480,NA,FAF,0.0,915,pause,NA,NA,NA,NA,0.0,0,-46.56,-37.3,[],0,0,[],[]
31142480,31143630,NA,TVF,0.0,915,pause,NA,NA,NA,NA,0.0,0,-46.66,-33.69,[],0,0,[],[]
31143630,31144460,NA,CXF,0.0,915,pause,NA,NA,NA,NA,0.0,0,-44.58,-38.81,[],0,0,[],[]
31144460,31145260,NA,TVF,0.0,915,pause,NA,NA,NA,NA,0.0,0,-47.08,-40.86,[],0,0,[],[]
31145260,31146290,NA,SIL,0.0,915,pause,NA,NA,NA,NA,0.0,0,-52.73,-45.89,[],0,0,[],[]
31146290,31148480,FEM,FAN,6.32,915,AICF,BC,0,NT,FI,0.0,0,-34.12,-19.24,[],0,0,[],[]
31148480,31149270,OCH,CXN,0.0,915,AICF,RC,0,NT,FI,0.0,0,-20.97,-11.76,[],0,0,[],[]
31149270,31151600,FEM,FAN,10.29,915,AICF,RC,0,NT,FI,0.0,0,-31.49,-15.92,[],0,0,[],[]
31151600,31152200,OCH,CXN,0.0,915,AICF,RC,0,NT,FI,0.0,0,-29.32,-25.07,[],0,0,[],[]
31152200,31153000,NA,OLN,0.0,915,AICF,NA,NA,NA,NA,0.0,0,-28.12,-14.34,[],0,0,[],[]
31153000,31153860,NA,NOF,0.0,915,AICF,NA,NA,NA,NA,0.0,0,-40.69,-28.13,[],0,0,[],[]
31153860,31155230,NA,OLN,0.0,915,AICF,NA,NA,NA,NA,0.0,0,-33.24,-21.1,[],0,0,[],[]
31155230,31155840,CHI,CHN,0.0,915,AICF,RC,0,NT,FI,1.0,610,-16.53,-7.74,"[{'Canonical-syllable': '1', 'Growl': '0', 'High-freq-energy': '0', 'Long-island': '0', 'Low-tilt-spectrum': '1', 'Medium-island': '1', 'Short-island': '1', 'Squeal': '0', 'Typical-entropy': '2', 'Voicing-quality': '2', 'Wide-band': '0', 'Xlong-island': '0', 'seq': '1', 'end': 31155.84, 'start': 31155.23}]",0,0,[],[]
31155840,31156930,OCH,CXN,0.0,915,AICF,RC,0,NT,FI,0.0,0,-33.61,-28.03,[],0,0,[],[]
31156930,31158400,FEM,FAN,8.56,915,AICF,RC,0,TIFI,FI,0.0,0,-23.72,-12.81,[],0,0,[],[]
31158400,31159920,NA,OLN,0.0,915,AICF,NA,NA,NA,NA,0.0,0,-31.94,-21.07,[],0,0,[],[]
31159920,31161170,CHI,CHN,0.0,915,AICF,RC,1,TIFR,FI,1.0,1250,-17.06,-10.76,"[{'Canonical-syllable': '1', 'Growl': '0', 'High-freq-energy': '0', 'Long-island': '0', 'Low-tilt-spectrum': '1', 'Medium-island': '2', 'Short-island': '1', 'Squeal': '0', 'Typical-entropy': '3', 'Voicing-quality': '3', 'Wide-band': '0', 'Xlong-island': '0', 'seq': '1', 'end': 31161.17, 'start': 31159.92}]",0,0,[],[]
31161170,31163010,FEM,FAN,10.0,915,AICF,EC,1,TIFE,FI,0.0,0,-27.48,-15.34,[],0,0,[],[]
31163010,31164110,NA,NOF,0.0,916,pause,NA,NA,NA,NA,0.0,0,-48.33,-40.4,[],0,0,[],[]
31164110,31165410,NA,OLN,0.0,916,pause,NA,NA,NA,NA,0.0,0,-28.33,-20.17,[],0,0,[],[]
31165410,31166420,NA,NON,0.0,916,pause,NA,NA,NA,NA,0.0,0,-35.21,-20.34,[],0,0,[],[]
31166420,31168820,NA,OLN,0.0,916,pause,NA,NA,NA,NA,0.0,0,-31.05,-22.75,[],0,0,[],[]
31168820,31169820,FEM,FAN,3.21,916,AICF,BC,0,NT,FI,0.0,0,-32.47,-24.5,[],0,0,[],[]
31169820,31170830,NA,NON,0.0,916,AICF,NA,NA,NA,NA,0.0,0,-37.65,-29.76,[],0,0,[],[]
31170830,31173300,NA,OLN,0.0,916,AICF,NA,NA,NA,NA,0.0,0,-19.33,-3.78,[],0,0,[],[]
31173300,31174960,FEM,FAN,10.25,916,AICF,RC,0,TIFI,FH,0.0,0,-28.84,-24.06,[],0,0,[],[]
31174960,31175760,NA,OLN,0.0,916,AICF,NA,NA,NA,NA,0.0,0,-24.76,-15.18,[],0,0,[],[]
31175760,31176360,CHI,CHN,0.0,916,AICF,RC,1,TIFR,FI,1.0,600,-18.22,-14.11,"[{'Canonical-syllable': '1', 'Growl': '0', 'High-freq-energy': '0', 'Long-island': '0', 'Low-tilt-spectrum': '1', 'Medium-island': '1', 'Short-island': '1', 'Squeal': '0', 'Typical-entropy': '2', 'Voicing-quality': '2', 'Wide-band': '1', 'Xlong-island': '0', 'seq': '1', 'end': 31176.36, 'start': 31175.76}]",0,0,[],[]
31176360,31178740,NA,OLN,0.0,916,AICF,NA,NA,NA,NA,0.0,0,-28.92,-16.65,[],0,0,[],[]
31178740,31180610,FEM,FAN,6.88,916,AICF,RC,1,TIFE,FI,0.0,0,-29.58,-16.08,[],0,0,[],[]
31180610,31181830,NA,NON,0.0,916,AICF,NA,NA,NA,NA,0.0,0,-39.88,-29.58,[],0,0,[],[]
31181830,31183060,OCH,CXN,0.0,916,AICF,RC,1,NT,FI,0.0,0,-34.63,-19.98,[],0,0,[],[]
31183060,31184540,FEM,FAN,7.39,916,AICF,RC,1,NT,FI,0.0,0,-37.26,-26.53,[],0,0,[],[]
31184540,31185380,OCH,CXN,0.0,916,AICF,EC,1,NT,FI,0.0,0,-38.11,-33.29,[],0,0,[],[]
31185380,31186560,NA,NOF,0.0,917,pause,NA,NA,NA,NA,0.0,0,-39.85,-32.22,[],0,0,[],[]
31186560,31187360,NA,SIL,0.0,917,pause,NA,NA,NA,NA,0.0,0,-54.57,-46.38,[],0,0,[],[]
31187360,31188240,NA,NOF,0.0,917,pause,NA,NA,NA,NA,0.0,0,-39.48,-31.84,[],0,0,[],[]
31188240,31191080,NA,FAF,0.0,917,pause,NA,NA,NA,NA,0.0,0,-40.96,-30.9,[],0,0,[],[]
31191080,31192150,FEM,FAN,8.03,917,AMF,EC,0,NT,FI,0.0,0,-39.17,-31.8,[],0,0,[],[]
31192150,31195390,NA,FAF,0.0,918,pause,NA,NA,NA,NA,0.0,0,-43.23,-32.35,[],0,0,[],[]
31195390,31196190,NA,SIL,0.0,918,pause,NA,NA,NA,NA,0.0,0,-52.78,-44.25,[],0,0,[],[]
31196190,31197190,NA,FAF,0.0,918,pause,NA,NA,NA,NA,0.0,0,-43.74,-28.26,[],0,0,[],[]
31197190,31198050,NA,OLF,0.0,918,pause,NA,NA,NA,NA,0.0,0,-41.47,-31.84,[],0,0,[],[]
31198050,31198850,NA,SIL,0.0,918,pause,NA,NA,NA,NA,0.0,0,-46.23,-36.99,[],0,0,[],[]
31198850,31200390,MAL,MAN,4.95,918,AICM,BC,0,NT,FI,0.0,0,-37.48,-28.25,[],0,0,[],[]
31200390,31201220,NA,SIL,0.0,918,AICM,NA,NA,NA,NA,0.0,0,-51.13,-44.07,[],0,0,[],[]
31201220,31202600,OCH,CXN,0.0,918,AICM,RC,0,NT,FI,0.0,0,-21.43,-12.12,[],0,0,[],[]
31202600,31203600,CHI,CHN,0.0,918,AICM,RC,0,NT,FI,1.0,620,-21.0,-13.81,"[{'Canonical-syllable': '0', 'Growl': '1', 'High-freq-energy': '0', 'Long-island': '1', 'Low-tilt-spectrum': '0', 'Medium-island': '0', 'Short-island': '0', 'Squeal': '0', 'Typical-entropy': '1', 'Voicing-quality': '1', 'Wide-band': '0', 'Xlong-island': '0', 'seq': '1', 'end': 31203.22, 'start': 31202.6}]",0,0,[],[]
31203600,31204590,NA,NOF,0.0,918,AICM,NA,NA,NA,NA,0.0,0,-40.18,-31.31,[],0,0,[],[]
31204590,31205820,CHI,CHN,0.0,918,AICM,RC,0,NT,FH,1.0,1230,-24.85,-15.39,"[{'Canonical-syllable': '0', 'Growl': '1', 'High-freq-energy': '0', 'Long-island': '1', 'Low-tilt-spectrum': '0', 'Medium-island': '0', 'Short-island': '1', 'Squeal': '0', 'Typical-entropy': '1', 'Voicing-quality': '2', 'Wide-band': '0', 'Xlong-island': '0', 'seq': '1', 'end': 31205.82, 'start': 31204.76}]",0,0,[],[]
31205820,31207840,NA,NOF,0.0,918,AICM,NA,NA,NA,NA,0.0,0,-40.56,-30.78,[],0,0,[],[]
31207840,31208680,NA,SIL,0.0,918,AICM,NA,NA,NA,NA,0.0,0,-53.14,-46.38,[],0,0,[],[]
31208680,31209560,NA,CHF,0.0,918,AICM,RC,0,NT,FH,1.0,800,-32.94,-18.41,"[{'Canonical-syllable': '0', 'Growl': '1', 'High-freq-energy': '2', 'Long-island': '0', 'Low-tilt-spectrum': '2', 'Medium-island': '1', 'Short-island': '1', 'Squeal': '1', 'Typical-entropy': '2', 'Voicing-quality': '0', 'Wide-band': '0', 'Xlong-island': '0', 'seq': '1', 'end': 31209.48, 'start': 31208.78}]",0,0,[],[]
31209560,31210540,NA,NOF,0.0,918,AICM,NA,NA,NA,NA,0.0,0,-45.37,-29.35,[],0,0,[],[]
31210540,31213620,NA,OLF,0.0,918,AICM,NA,NA,NA,NA,0.0,0,-38.67,-23.94,[],0,0,[],[]
31213620,31216090,CHI,CHN,0.0,918,AICM,RC,0,NT,FH,1.0,2470,-18.19,-11.2,"[{'Canonical-syllable': '1', 'Growl': '1', 'High-freq-energy': '0', 'Long-island': '0', 'Low-tilt-spectrum': '2', 'Medium-island': '1', 'Short-island': '3', 'Squeal': '0', 'Typical-entropy': '1', 'Voicing-quality': '4', 'Wide-band': '0', 'Xlong-island': '1', 'seq': '1', 'end': 31216.09, 'start': 31213.62}]",0,0,[],[]
31216090,31216900,NA,OLN,0.0,918,AICM,NA,NA,NA,NA,0.0,0,-21.99,-8.65,[],0,0,[],[]
31216900,31218110,CHI,CHN,0.0,918,AICM,RC,0,NT,FH,1.0,1210,-26.67,-19.04,"[{'Canonical-syllable': '3', 'Growl': '0', 'High-freq-energy': '0', 'Long-island': '0', 'Low-tilt-spectrum': '0', 'Medium-island': '2', 'Short-island': '1', 'Squeal': '0', 'Typical-entropy': '1', 'Voicing-quality': '3', 'Wide-band': '0', 'Xlong-island': '0', 'seq': '1', 'end': 31218.11, 'start': 31216.9}]",0,0,[],[]
31218110,31219320,NA,OLN,0.0,918,AICM,NA,NA,NA,NA,0.0,0,-23.35,-7.4,[],0,0,[],[]
31219320,31220290,CHI,CHN,0.0,918,AICM,RC,0,NT,FH,1.0,970,-20.07,-14.8,"[{'Canonical-syllable': '1', 'Growl': '0', 'High-freq-energy': '0', 'Long-island': '0', 'Low-tilt-spectrum': '0', 'Medium-island': '1', 'Short-island': '1', 'Squeal': '0', 'Typical-entropy': '1', 'Voicing-quality': '2', 'Wide-band': '0', 'Xlong-island': '0', 'seq': '1', 'end': 31220.29, 'start': 31219.44}]",0,0,[],[]
31220290,31221610,NA,OLN,0.0,918,AICM,NA,NA,NA,NA,0.0,0,-24.55,-13.88,[],0,0,[],[]
31221610,31222400,OCH,CXN,0.0,918,AICM,RC,0,NT,FI,0.0,0,-22.1,-15.74,[],0,0,[],[]
31222400,31223670,OCH,CXN,0.0,918,AICM,RC,0,NT,FH,0.0,0,-25.26,-17.46,[],0,0,[],[]
31223670,31224800,OCH,CXN,0.0,918,AICM,RC,0,NT,FH,0.0,0,-37.71,-30.86,[],0,0,[],[]
31224800,31225780,NA,OLN,0.0,918,AICM,NA,NA,NA,NA,0.0,0,-34.7,-26.75,[],0,0,[],[]
31225780,31226990,NA,NOF,0.0,918,AICM,NA,NA,NA,NA,0.0,0,-41.43,-28.66,[],0,0,[],[]
31226990,31227840,NA,OLF,0.0,918,AICM,NA,NA,NA,NA,0.0,0,-35.2,-26.25,[],0,0,[],[]
31227840,31228440,CHI,CHN,0.0,918,AICM,RC,0,TIFI,FI,1.0,600,-17.63,-11.19,"[{'Canonical-syllable': '0', 'Growl': '0', 'High-freq-energy': '0', 'Long-island': '0', 'Low-tilt-spectrum': '1', 'Medium-island': '1', 'Short-island': '0', 'Squeal': '0', 'Typical-entropy': '1', 'Voicing-quality': '1', 'Wide-band': '0', 'Xlong-island': '0', 'seq': '1', 'end': 31228.44, 'start': 31227.84}]",0,0,[],[]
31228440,31229420,NA,OLF,0.0,918,AICM,NA,NA,NA,NA,0.0,0,-37.14,-27.84,[],0,0,[],[]
31229420,31230420,FEM,FAN,6.9,918,AICM,RC,1,TIFR,FI,0.0,0,-38.15,-30.16,[],0,0,[],[]
31230420,31231470,NA,NOF,0.0,918,AICM,NA,NA,NA,NA,0.0,0,-41.72,-29.71,[],0,0,[],[]
31231470,31232270,NA,OLF,0.0,918,AICM,NA,NA,NA,NA,0.0,0,-40.41,-33.11,[],0,0,[],[]
31232270,31233450,OCH,CXN,0.0,918,AICM,EC,1,NT,FI,0.0,0,-32.05,-17.5,[],0,0,[],[]
31233450,31235110,NA,NOF,0.0,919,pause,NA,NA,NA,NA,0.0,0,-42.56,-31.76,[],0,0,[],[]
31235110,31235910,NA,SIL,0.0,919,pause,NA,NA,NA,NA,0.0,0,-50.37,-43.14,[],0,0,[],[]
31235910,31236780,NA,NOF,0.0,919,pause,NA,NA,NA,NA,0.0,0,-47.22,-34.26,[],0,0,[],[]
31236780,31237660,NA,TVF,0.0,919,pause,NA,NA,NA,NA,0.0,0,-44.48,-36.32,[],0,0,[],[]
31237660,31238990,NA,TVN,0.0,919,pause,NA,NA,NA,NA,0.0,0,-50.24,-41.23,[],0,0,[],[]
31238990,31240420,NA,FAF,0.0,919,pause,NA,NA,NA,NA,0.0,0,-41.77,-32.6,[],0,0,[],[]
31240420,31241280,NA,OLF,0.0,919,pause,NA,NA,NA,NA,0.0,0,-21.63,-6.01,[],0,0,[],[]
31241280,31242340,NA,FAF,0.0,919,pause,NA,NA,NA,NA,0.0,0,-43.94,-36.65,[],0,0,[],[]
31242340,31243140,FEM,FAN,6.24,919,AIOCF,BC,0,NT,FI,0.0,0,-44.46,-37.11,[],0,0,[],[]
31243140,31245690,NA,NON,0.0,919,AIOCF,NA,NA,NA,NA,0.0,0,-27.61,-6.72,[],0,0,[],[]
31245690,31246940,OCH,CXN,0.0,919,AIOCF,RC,0,NT,FI,0.0,0,-38.06,-30.75,[],0,0,[],[]
31246940,31247910,NA,NOF,0.0,919,AIOCF,NA,NA,NA,NA,0.0,0,-40.54,-25.35,[],0,0,[],[]
31247910,31249000,FEM,FAN,4.64,919,AIOCF,EC,0,NT,FI,0.0,0,-32.48,-19.55,[],0,0,[],[]
31249000,31250860,NA,TVN,0.0,920,pause,NA,NA,NA,NA,0.0,0,-27.57,-20.14,[],0,0,[],[]
31250860,31252300,NA,OLN,0.0,920,pause,NA,NA,NA,NA,0.0,0,-26.09,-19.78,[],0,0,[],[]
31252300,31254560,NA,NOF,0.0,920,pause,NA,NA,NA,NA,0.0,0,-45.21,-32.7,[],0,0,[],[]
31254560,31255420,NA,OLN,0.0,920,pause,NA,NA,NA,NA,0.0,0,-23.42,-6.59,[],0,0,[],[]
31255420,31256450,NA,SIL,0.0,920,pause,NA,NA,NA,NA,0.0,0,-53.93,-45.24,[],0,0,[],[]
31256450,31257310,NA,FAF,0.0,920,pause,NA,NA,NA,NA,0.0,0,-49.1,-39.64,[],0,0,[],[]
31257310,31258250,NA,SIL,0.0,920,pause,NA,NA,NA,NA,0.0,0,-54.7,-48.96,[],0,0,[],[]
31258250,31261610,NA,TVF,0.0,920,pause,NA,NA,NA,NA,0.0,0,-45.27,-33.17,[],0,0,[],[]
31261610,31262420,NA,NOF,0.0,920,pause,NA,NA,NA,NA,0.0,0,-36.7,-25.83,[],0,0,[],[]
31262420,31264100,NA,OLN,0.0,920,pause,NA,NA,NA,NA,0.0,0,-31.87,-25.39,[],0,0,[],[]
31264100,31267260,NA,NON,0.0,920,pause,NA,NA,NA,NA,0.0,0,-27.87,-8.5,[],0,0,[],[]
31267260,31268340,NA,OLF,0.0,920,pause,NA,NA,NA,NA,0.0,0,-39.65,-30.39,[],0,0,[],[]
31268340,31269140,NA,FAF,0.0,920,pause,NA,NA,NA,NA,0.0,0,-45.8,-37.57,[],0,0,[],[]
31269140,31270870,NA,TVF,0.0,920,pause,NA,NA,NA,NA,0.0,0,-41.71,-25.43,[],0,0,[],[]
31270870,31271680,NA,OLF,0.0,920,pause,NA,NA,NA,NA,0.0,0,-35.39,-21.52,[],0,0,[],[]
31271680,31272560,NA,NOF,0.0,920,pause,NA,NA,NA,NA,0.0,0,-39.42,-30.65,[],0,0,[],[]
31272560,31274030,NA,OLN,0.0,920,pause,NA,NA,NA,NA,0.0,0,-21.06,-10.58,[],0,0,[],[]
31274030,31276560,NA,TVN,0.0,920,pause,NA,NA,NA,NA,0.0,0,-23.93,-15.29,[],0,0,[],[]
31276560,31278090,NA,OLF,0.0,920,pause,NA,NA,NA,NA,0.0,0,-43.2,-29.65,[],0,0,[],[]
31278090,31279100,NA,FAF,0.0,920,pause,NA,NA,NA,NA,0.0,0,-38.23,-28.03,[],0,0,[],[]
31279100,31281140,NA,NOF,0.0,920,pause,NA,NA,NA,NA,0.0,0,-39.39,-26.61,[],0,0,[],[]
31281140,31283000,OCH,CXN,0.0,920,XM,BC,0,NT,FI,0.0,0,-25.58,-14.91,[],0,0,[],[]
31283000,31284870,NA,OLN,0.0,920,XM,NA,NA,NA,NA,0.0,0,-31.82,-19.81,[],0,0,[],[]
31284870,31285750,OCH,CXN,0.0,920,XM,EC,0,NT,FH,0.0,0,-26.6,-18.42,[],0,0,[],[]
31285750,31289160,NA,NOF,0.0,921,pause,NA,NA,NA,NA,0.0,0,-28.65,-7.52,[],0,0,[],[]
31289160,31290160,NA,TVN,0.0,921,pause,NA,NA,NA,NA,0.0,0,-44.63,-31.09,[],0,0,[],[]
31290160,31290960,NA,SIL,0.0,921,pause,NA,NA,NA,NA,0.0,0,-50.99,-45.76,[],0,0,[],[]
31290960,31291770,NA,NOF,0.0,921,pause,NA,NA,NA,NA,0.0,0,-46.68,-38.59,[],0,0,[],[]
31291770,31292770,NA,FAF,0.0,921,pause,NA,NA,NA,NA,0.0,0,-48.35,-39.88,[],0,0,[],[]
31292770,31294410,NA,NOF,0.0,921,pause,NA,NA,NA,NA,0.0,0,-35.97,-16.23,[],0,0,[],[]
31294410,31295230,NA,TVN,0.0,921,pause,NA,NA,NA,NA,0.0,0,-48.27,-39.7,[],0,0,[],[]
31295230,31298770,NA,SIL,0.0,921,pause,NA,NA,NA,NA,0.0,0,-54.65,-42.53,[],0,0,[],[]
31298770,31300630,NA,NOF,0.0,921,pause,NA,NA,NA,NA,0.0,0,-40.23,-23.32,[],0,0,[],[]
31300630,31301550,NA,SIL,0.0,921,pause,NA,NA,NA,NA,0.0,0,-53.9,-48.49,[],0,0,[],[]
31301550,31302780,NA,FAF,0.0,921,pause,NA,NA,NA,NA,0.0,0,-44.1,-34.5,[],0,0,[],[]
31302780,31303610,NA,SIL,0.0,921,pause,NA,NA,NA,NA,0.0,0,-49.77,-39.87,[],0,0,[],[]
31303610,31304210,NA,FAF,0.0,921,pause,NA,NA,NA,NA,0.0,0,-43.55,-37.25,[],0,0,[],[]
31304210,31305270,NA,TVF,0.0,921,pause,NA,NA,NA,NA,0.0,0,-46.22,-41.21,[],0,0,[],[]
31305270,31307080,NA,SIL,0.0,921,pause,NA,NA,NA,NA,0.0,0,-53.46,-47.54,[],0,0,[],[]
31307080,31308450,NA,TVF,0.0,921,pause,NA,NA,NA,NA,0.0,0,-47.38,-41.21,[],0,0,[],[]
31308450,31311320,NA,NOF,0.0,921,pause,NA,NA,NA,NA,0.0,0,-46.16,-39.58,[],0,0,[],[]
31311320,31312750,FEM,FAN,9.38,921,AIOCF,BC,0,NT,FI,0.0,0,-35.84,-20.06,[],0,0,[],[]
31312750,31314060,NA,SIL,0.0,921,AIOCF,NA,NA,NA,NA,0.0,0,-49.32,-44.11,[],0,0,[],[]
31314060,31315060,FEM,FAN,3.02,921,AIOCF,RC,0,NT,FH,0.0,0,-37.84,-28.97,[],0,0,[],[]
31315060,31315860,NA,SIL,0.0,921,AIOCF,NA,NA,NA,NA,0.0,0,-48.18,-42.88,[],0,0,[],[]
31315860,31316920,NA,NOF,0.0,921,AIOCF,NA,NA,NA,NA,0.0,0,-45.81,-34.47,[],0,0,[],[]
31316920,31318420,FEM,FAN,0.63,921,AIOCF,RC,0,NT,FH,0.0,0,-38.16,-31.38,[],0,0,[],[]
31318420,31319290,NA,SIL,0.0,921,AIOCF,NA,NA,NA,NA,0.0,0,-44.33,-34.87,[],0,0,[],[]
31319290,31320520,FEM,FAN,7.48,921,AIOCF,RC,0,NT,FH,0.0,0,-37.93,-31.39,[],0,0,[],[]
31320520,31321520,OCH,CXN,0.0,921,AIOCF,RC,0,NT,FI,0.0,0,-40.16,-34.31,[],0,0,[],[]
31321520,31322520,NA,TVF,0.0,921,AIOCF,NA,NA,NA,NA,0.0,0,-40.49,-33.33,[],0,0,[],[]
31322520,31324250,FEM,FAN,4.22,921,AIOCF,EC,0,NT,FI,0.0,0,-42.38,-34.58,[],0,0,[],[]
31324250,31326690,NA,OLN,0.0,922,pause,NA,NA,NA,NA,0.0,0,-30.88,-15.96,[],0,0,[],[]
31326690,31327710,NA,FAF,0.0,922,pause,NA,NA,NA,NA,0.0,0,-38.37,-30.99,[],0,0,[],[]
31327710,31329100,NA,SIL,0.0,922,pause,NA,NA,NA,NA,0.0,0,-42.82,-31.49,[],0,0,[],[]
31329100,31330050,NA,NOF,0.0,922,pause,NA,NA,NA,NA,0.0,0,-35.8,-25.01,[],0,0,[],[]
31330050,31331050,FEM,FAN,0.0,922,pause,NA,NA,NA,NA,0.0,0,-36.56,-30.07,[],1000,0,[],[]
31331050,31331860,NA,OLN,0.0,922,pause,NA,NA,NA,NA,0.0,0,-34.78,-28.06,[],0,0,[],[]
31331860,31332860,FEM,FAN,0.0,922,pause,NA,NA,NA,NA,0.0,0,-39.45,-35.08,[],1000,0,[],[]
31332860,31333660,NA,OLF,0.0,922,pause,NA,NA,NA,NA,0.0,0,-37.85,-32.13,[],0,0,[],[]
31333660,31334740,FEM,FAN,2.13,922,AMF,EC,0,NT,FI,0.0,0,-36.37,-29.91,[],0,0,[],[]
31334740,31335540,NA,OLN,0.0,923,pause,NA,NA,NA,NA,0.0,0,-31.91,-24.81,[],0,0,[],[]
31335540,31336740,NA,MAF,0.0,923,pause,NA,NA,NA,NA,0.0,0,-40.39,-33.56,[],0,0,[],[]
31336740,31337790,NA,NOF,0.0,923,pause,NA,NA,NA,NA,0.0,0,-45.92,-39.51,[],0,0,[],[]
31337790,31340930,NA,SIL,0.0,923,pause,NA,NA,NA,NA,0.0,0,-47.44,-39.71,[],0,0,[],[]
31340930,31342880,OCH,CXN,0.0,923,XM,EC,0,NT,FI,0.0,0,-37.73,-30.89,[],0,0,[],[]
31342880,31343700,NA,OLF,0.0,924,pause,NA,NA,NA,NA,0.0,0,-38.96,-32.78,[],0,0,[],[]
31343700,31344720,NA,MAF,0.0,924,pause,NA,NA,NA,NA,0.0,0,-40.87,-32.81,[],0,0,[],[]
31344720,31345520,NA,SIL,0.0,924,pause,NA,NA,NA,NA,0.0,0,-46.91,-38.46,[],0,0,[],[]
31345520,31347650,NA,NOF,0.0,924,pause,NA,NA,NA,NA,0.0,0,-43.16,-25.01,[],0,0,[],[]
31347650,31348650,NA,OLN,0.0,924,pause,NA,NA,NA,NA,0.0,0,-39.37,-32.18,[],0,0,[],[]
31348650,31349860,NA,CXF,0.0,924,pause,NA,NA,NA,NA,0.0,0,-40.52,-32.14,[],0,0,[],[]
31349860,31350880,NA,NOF,0.0,924,pause,NA,NA,NA,NA,0.0,0,-42.8,-32.65,[],0,0,[],[]
31350880,31352400,FEM,FAN,4.57,924,AMF,EC,0,NT,FI,0.0,0,-33.84,-24.46,[],0,0,[],[]
31352400,31354060,NA,OLF,0.0,925,pause,NA,NA,NA,NA,0.0,0,-34.21,-18.48,[],0,0,[],[]
31354060,31355110,NA,TVF,0.0,925,pause,NA,NA,NA,NA,0.0,0,-37.41,-29.23,[],0,0,[],[]
31355110,31356300,NA,FAF,0.0,925,pause,NA,NA,NA,NA,0.0,0,-41.07,-30.37,[],0,0,[],[]
31356300,31357290,NA,NOF,0.0,925,pause,NA,NA,NA,NA,0.0,0,-41.88,-30.32,[],0,0,[],[]
31357290,31358400,MAL,MAN,0.0,925,pause,NA,NA,NA,NA,0.0,0,-16.68,-8.67,[],1110,0,[],[]
31358400,31360080,NA,OLN,0.0,925,pause,NA,NA,NA,NA,0.0,0,-19.12,-11.87,[],0,0,[],[]
31360080,31361090,MAL,MAN,0.0,925,pause,NA,NA,NA,NA,0.0,0,-20.71,-16.3,[],1010,0,[],[]
31361090,31361890,NA,OLN,0.0,925,pause,NA,NA,NA,NA,0.0,0,-20.55,-14.75,[],0,0,[],[]
31361890,31364940,MAL,MAN,0.0,925,pause,NA,NA,NA,NA,0.0,0,-16.33,-7.05,[],3050,0,[],[]
31364940,31365940,NA,FAF,0.0,925,pause,NA,NA,NA,NA,0.0,0,-33.76,-23.07,[],0,0,[],[]
31365940,31367600,MAL,MAN,4.53,925,AICM,BC,0,TIMI,FI,0.0,0,-16.13,-10.87,[],0,0,[],[]
31367600,31368990,CHI,CHN,0.0,925,AICM,RC,1,TIMR,FI,1.0,1390,-16.57,-9.22,"[{'Canonical-syllable': '0', 'Growl': '0', 'High-freq-energy': '0', 'Long-island': '0', 'Low-tilt-spectrum': '0', 'Medium-island': '0', 'Short-island': '0', 'Squeal': '0', 'Typical-entropy': '0', 'Voicing-quality': '1', 'Wide-band': '0', 'Xlong-island': '1', 'seq': '1', 'end': 31368.99, 'start': 31367.6}]",0,0,[],[]
31368990,31369930,CHI,CHN,0.0,925,AICM,EC,1,NT,FH,1.0,940,-14.73,-9.96,"[{'Canonical-syllable': '0', 'Growl': '0', 'High-freq-energy': '0', 'Long-island': '1', 'Low-tilt-spectrum': '0', 'Medium-island': '0', 'Short-island': '0', 'Squeal': '0', 'Typical-entropy': '0', 'Voicing-quality': '1', 'Wide-band': '0', 'Xlong-island': '0', 'seq': '1', 'end': 31369.93, 'start': 31368.99}]",0,0,[],[]
31369930,31371270,NA,OLN,0.0,926,pause,NA,NA,NA,NA,0.0,0,-18.12,-10.69,[],0,0,[],[]
31371270,31373290,NA,FAF,0.0,926,pause,NA,NA,NA,NA,0.0,0,-41.12,-26.0,[],0,0,[],[]
31373290,31374340,NA,MAF,0.0,926,pause,NA,NA,NA,NA,0.0,0,-50.11,-41.32,[],0,0,[],[]
31374340,31375140,NA,NOF,0.0,926,pause,NA,NA,NA,NA,0.0,0,-50.68,-41.05,[],0,0,[],[]
31375140,31376140,NA,MAF,0.0,926,pause,NA,NA,NA,NA,0.0,0,-41.35,-35.43,[],0,0,[],[]
31376140,31376940,NA,NOF,0.0,926,pause,NA,NA,NA,NA,0.0,0,-49.45,-42.91,[],0,0,[],[]
31376940,31378020,NA,MAF,0.0,926,pause,NA,NA,NA,NA,0.0,0,-41.91,-34.94,[],0,0,[],[]
31378020,31378940,NA,SIL,0.0,926,pause,NA,NA,NA,NA,0.0,0,-53.5,-47.32,[],0,0,[],[]
31378940,31379800,NA,CXF,0.0,926,pause,NA,NA,NA,NA,0.0,0,-46.46,-41.52,[],0,0,[],[]
31379800,31380610,NA,NOF,0.0,926,pause,NA,NA,NA,NA,0.0,0,-41.08,-33.77,[],0,0,[],[]
31380610,31381750,CHI,CHN,0.0,926,CIC,BC,0,TIFI,FI,1.0,1140,-21.27,-11.7,"[{'Canonical-syllable': '2', 'Growl': '0', 'High-freq-energy': '0', 'Long-island': '0', 'Low-tilt-spectrum': '2', 'Medium-island': '1', 'Short-island': '1', 'Squeal': '0', 'Typical-entropy': '2', 'Voicing-quality': '3', 'Wide-band': '0', 'Xlong-island': '0', 'seq': '1', 'end': 31381.75, 'start': 31380.76}]",0,0,[],[]
31381750,31382950,FEM,FAN,9.97,926,CIC,EC,1,TIFR,FI,0.0,0,-23.31,-11.65,[],0,0,[],[]
31382950,31384980,NA,NON,0.0,927,pause,NA,NA,NA,NA,0.0,0,-24.47,-8.35,[],0,0,[],[]
31384980,31385840,NA,OLN,0.0,927,pause,NA,NA,NA,NA,0.0,0,-18.34,-5.13,[],0,0,[],[]
31385840,31388940,NA,NOF,0.0,927,pause,NA,NA,NA,NA,0.0,0,-36.59,-22.05,[],0,0,[],[]
31388940,31391400,NA,FAF,0.0,927,pause,NA,NA,NA,NA,0.0,0,-43.47,-30.83,[],0,0,[],[]
31391400,31392860,CHI,CHN,0.0,927,CIOCAX,BC,0,NT,FI,1.0,1360,-20.73,-11.72,"[{'Canonical-syllable': '2', 'Growl': '0', 'High-freq-energy': '0', 'Long-island': '0', 'Low-tilt-spectrum': '0', 'Medium-island': '2', 'Short-island': '1', 'Squeal': '0', 'Typical-entropy': '2', 'Voicing-quality': '3', 'Wide-band': '0', 'Xlong-island': '0', 'seq': '1', 'end': 31392.76, 'start': 31391.4}]",0,0,[],[]
31392860,31393890,NA,NOF,0.0,927,CIOCAX,NA,NA,NA,NA,0.0,0,-43.09,-37.57,[],0,0,[],[]
31393890,31394710,NA,OLN,0.0,927,CIOCAX,NA,NA,NA,NA,0.0,0,-25.94,-20.2,[],0,0,[],[]
31394710,31395430,CHI,CHN,0.0,927,CIOCAX,RC,0,NT,FH,1.0,520,-28.67,-18.7,"[{'Canonical-syllable': '0', 'Growl': '0', 'High-freq-energy': '0', 'Long-island': '0', 'Low-tilt-spectrum': '0', 'Medium-island': '1', 'Short-island': '0', 'Squeal': '0', 'Typical-entropy': '0', 'Voicing-quality': '1', 'Wide-band': '0', 'Xlong-island': '0', 'seq': '1', 'end': 31395.23, 'start': 31394.71}]",0,0,[],[]
31395430,31396240,OCH,CXN,0.0,927,CIOCAX,RC,0,NT,FI,0.0,0,-41.2,-32.03,[],0,0,[],[]
31396240,31397550,FEM,FAN,0.0,927,CIOCAX,NA,NA,NA,NA,0.0,0,-33.01,-20.74,[],1310,0,[],[]
31397550,31398620,NA,OLN,0.0,927,CIOCAX,NA,NA,NA,NA,0.0,0,-33.76,-22.13,[],0,0,[],[]
31398620,31399440,NA,NOF,0.0,927,CIOCAX,NA,NA,NA,NA,0.0,0,-44.68,-31.34,[],0,0,[],[]
31399440,31400580,FEM,FAN,4.28,927,CIOCAX,RC,0,NT,FI,0.0,0,-37.84,-30.55,[],0,0,[],[]
31400580,31401410,NA,OLN,0.0,927,CIOCAX,NA,NA,NA,NA,0.0,0,-16.14,-4.62,[],0,0,[],[]
31401410,31402950,FEM,FAN,2.27,927,CIOCAX,RC,0,NT,FH,0.0,0,-37.72,-31.83,[],0,0,[],[]
31402950,31403750,NA,OLF,0.0,927,CIOCAX,NA,NA,NA,NA,0.0,0,-38.93,-28.81,[],0,0,[],[]
31403750,31405410,FEM,FAN,9.01,927,CIOCAX,EC,0,NT,FH,0.0,0,-37.62,-29.03,[],0,0,[],[]
31405410,31406830,NA,OLF,0.0,928,pause,NA,NA,NA,NA,0.0,0,-30.19,-15.28,[],0,0,[],[]
31406830,31407650,NA,MAF,0.0,928,pause,NA,NA,NA,NA,0.0,0,-30.65,-21.61,[],0,0,[],[]
31407650,31410100,NA,FAF,0.0,928,pause,NA,NA,NA,NA,0.0,0,-34.46,-15.59,[],0,0,[],[]
31410100,31410900,NA,SIL,0.0,928,pause,NA,NA,NA,NA,0.0,0,-50.93,-43.28,[],0,0,[],[]
31410900,31412030,FEM,FAN,6.28,928,AMF,EC,0,NT,FI,0.0,0,-42.72,-34.56,[],0,0,[],[]
31412030,31414580,NA,NOF,0.0,929,pause,NA,NA,NA,NA,0.0,0,-20.09,-4.11,[],0,0,[],[]
31414580,31415660,NA,OLF,0.0,929,pause,NA,NA,NA,NA,0.0,0,-39.59,-34.13,[],0,0,[],[]
31415660,31416620,NA,NOF,0.0,929,pause,NA,NA,NA,NA,0.0,0,-29.24,-12.47,[],0,0,[],[]
31416620,31418640,NA,OLN,0.0,929,pause,NA,NA,NA,NA,0.0,0,-19.32,-4.78,[],0,0,[],[]
31418640,31419720,NA,NON,0.0,929,pause,NA,NA,NA,NA,0.0,0,-16.9,-3.98,[],0,0,[],[]
31419720,31420800,NA,OLN,0.0,929,pause,NA,NA,NA,NA,0.0,0,-19.01,-7.11,[],0,0,[],[]
31420800,31422500,NA,NOF,0.0,929,pause,NA,NA,NA,NA,0.0,0,-27.77,-9.69,[],0,0,[],[]
31422500,31423330,OCH,CXN,0.0,929,XIC,BC,0,NT,FI,0.0,0,-39.89,-33.16,[],0,0,[],[]
31423330,31424130,NA,OLF,0.0,929,XIC,NA,NA,NA,NA,0.0,0,-38.91,-31.32,[],0,0,[],[]
31424130,31425130,NA,FAF,0.0,929,XIC,NA,NA,NA,NA,0.0,0,-43.0,-36.0,[],0,0,[],[]
31425130,31425930,NA,SIL,0.0,929,XIC,NA,NA,NA,NA,0.0,0,-54.78,-47.27,[],0,0,[],[]
31425930,31426730,OCH,CXN,0.0,929,XIC,RC,0,NT,FH,0.0,0,-45.02,-38.26,[],0,0,[],[]
31426730,31429730,FEM,FAN,8.71,929,XIC,RC,0,TIFI,FI,0.0,0,-27.04,-6.84,[],0,0,[],[]
31429730,31430340,CHI,CHN,0.0,929,XIC,RC,1,TIFR,FI,1.0,610,-20.35,-12.38,"[{'Canonical-syllable': '0', 'Growl': '0', 'High-freq-energy': '0', 'Long-island': '0', 'Low-tilt-spectrum': '0', 'Medium-island': '1', 'Short-island': '0', 'Squeal': '0', 'Typical-entropy': '1', 'Voicing-quality': '1', 'Wide-band': '0', 'Xlong-island': '0', 'seq': '1', 'end': 31430.34, 'start': 31429.73}]",0,0,[],[]
31430340,31432810,FEM,FAN,8.91,929,XIC,RC,1,TIFE,FI,0.0,0,-28.86,-16.14,[],0,0,[],[]
31432810,31434070,NA,SIL,0.0,929,XIC,NA,NA,NA,NA,0.0,0,-54.04,-41.88,[],0,0,[],[]
31434070,31435750,NA,FAF,0.0,929,XIC,NA,NA,NA,NA,0.0,0,-41.34,-34.36,[],0,0,[],[]
31435750,31436750,MAL,MAN,4.79,929,XIC,EC,1,NT,FI,0.0,0,-41.66,-34.61,[],0,0,[],[]
31436750,31437550,NA,NOF,0.0,930,pause,NA,NA,NA,NA,0.0,0,-47.53,-40.95,[],0,0,[],[]
31437550,31438550,NA,FAF,0.0,930,pause,NA,NA,NA,NA,0.0,0,-41.95,-30.91,[],0,0,[],[]
31438550,31439350,NA,OLF,0.0,930,pause,NA,NA,NA,NA,0.0,0,-41.86,-33.03,[],0,0,[],[]
31439350,31440150,NA,NOF,0.0,930,pause,NA,NA,NA,NA,0.0,0,-23.97,-7.19,[],0,0,[],[]
31440150,31440950,NA,OLN,0.0,930,pause,NA,NA,NA,NA,0.0,0,-27.96,-16.39,[],0,0,[],[]
31440950,31444250,NA,NOF,0.0,930,pause,NA,NA,NA,NA,0.0,0,-33.91,-20.88,[],0,0,[],[]
31444250,31445490,NA,OLF,0.0,930,pause,NA,NA,NA,NA,0.0,0,-36.8,-22.5,[],0,0,[],[]
31445490,31447490,CHI,CHN,0.0,930,CIC,BC,0,TIFI,FI,2.0,1540,-18.34,-11.37,"[{'Canonical-syllable': '0', 'Growl': '0', 'High-freq-energy': '0', 'Long-island': '0', 'Low-tilt-spectrum': '0', 'Medium-island': '1', 'Short-island': '0', 'Squeal': '0', 'Typical-entropy': '1', 'Voicing-quality': '1', 'Wide-band': '0', 'Xlong-island': '0', 'seq': '1', 'end': 31446.14, 'start': 31445.57}, {'Canonical-syllable': '1', 'Growl': '0', 'High-freq-energy': '0', 'Long-island': '0', 'Low-tilt-spectrum': '1', 'Medium-island': '2', 'Short-island': '0', 'Squeal': '0', 'Typical-entropy': '1', 'Voicing-quality': '2', 'Wide-band': '0', 'Xlong-island': '0', 'seq': '2', 'end': 31447.49, 'start': 31446.6}]",0,0,[],[]
31447490,31448820,FEM,FAN,5.77,930,CIC,RC,1,TIFR,FI,0.0,0,-34.12,-17.17,[],0,0,[],[]
31448820,31449630,CHI,CHN,0.0,930,CIC,EC,1,TIFE,FI,1.0,810,-17.75,-12.32,"[{'Canonical-syllable': '1', 'Growl': '0', 'High-freq-energy': '1', 'Long-island': '0', 'Low-tilt-spectrum': '1', 'Medium-island': '2', 'Short-island': '0', 'Squeal': '0', 'Typical-entropy': '1', 'Voicing-quality': '2', 'Wide-band': '0', 'Xlong-island': '0', 'seq': '1', 'end': 31449.63, 'start': 31448.82}]",0,0,[],[]
31449630,31451780,NA,FAF,0.0,931,pause,NA,NA,NA,NA,0.0,0,-45.65,-36.1,[],0,0,[],[]
31451780,31453030,NA,NOF,0.0,931,pause,NA,NA,NA,NA,0.0,0,-43.08,-29.81,[],0,0,[],[]
31453030,31453830,NA,FAF,0.0,931,pause,NA,NA,NA,NA,0.0,0,-39.51,-30.63,[],0,0,[],[]
31453830,31454630,NA,NOF,0.0,931,pause,NA,NA,NA,NA,0.0,0,-40.38,-29.18,[],0,0,[],[]
31454630,31455840,NA,SIL,0.0,931,pause,NA,NA,NA,NA,0.0,0,-38.39,-24.09,[],0,0,[],[]
31455840,31456840,FEM,FAN,0.64,931,AMF,EC,0,NT,FI,0.0,0,-38.48,-29.6,[],0,0,[],[]
31456840,31457710,NA,NOF,0.0,932,pause,NA,NA,NA,NA,0.0,0,-38.22,-29.47,[],0,0,[],[]
31457710,31458590,NA,SIL,0.0,932,pause,NA,NA,NA,NA,0.0,0,-48.68,-36.22,[],0,0,[],[]
31458590,31460090,NA,NOF,0.0,932,pause,NA,NA,NA,NA,0.0,0,-33.43,-17.46,[],0,0,[],[]
31460090,31460950,NA,SIL,0.0,932,pause,NA,NA,NA,NA,0.0,0,-54.12,-46.8,[],0,0,[],[]
31460950,31461900,NA,NOF,0.0,932,pause,NA,NA,NA,NA,0.0,0,-41.43,-32.45,[],0,0,[],[]
31461900,31462560,OCH,CXN,0.0,932,XIOCA,BC,0,NT,FI,0.0,0,-25.32,-16.72,[],0,0,[],[]
31462560,31463940,NA,NOF,0.0,932,XIOCA,NA,NA,NA,NA,0.0,0,-42.81,-34.74,[],0,0,[],[]
31463940,31465390,FEM,FAN,5.41,932,XIOCA,EC,0,NT,FI,0.0,0,-36.41,-28.74,[],0,0,[],[]
31465390,31466220,NA,NOF,0.0,933,pause,NA,NA,NA,NA,0.0,0,-36.6,-29.64,[],0,0,[],[]
31466220,31469110,NA,MAF,0.0,933,pause,NA,NA,NA,NA,0.0,0,-36.35,-27.54,[],0,0,[],[]
31469110,31470450,NA,NOF,0.0,933,pause,NA,NA,NA,NA,0.0,0,-42.1,-30.28,[],0,0,[],[]
31470450,31471240,CHI,CHN,0.0,933,CM,EC,0,NT,FI,1.0,790,-29.98,-20.76,"[{'Canonical-syllable': '0', 'Growl': '1', 'High-freq-energy': '0', 'Long-island': '0', 'Low-tilt-spectrum': '2', 'Medium-island': '1', 'Short-island': '1', 'Squeal': '0', 'Typical-entropy': '2', 'Voicing-quality': '1', 'Wide-band': '0', 'Xlong-island': '0', 'seq': '1', 'end': 31471.24, 'start': 31470.45}]",0,0,[],[]
31471240,31473400,NA,NOF,0.0,934,pause,NA,NA,NA,NA,0.0,0,-35.76,-16.09,[],0,0,[],[]
31473400,31474370,NA,OLN,0.0,934,pause,NA,NA,NA,NA,0.0,0,-28.9,-15.84,[],0,0,[],[]
31474370,31475260,NA,OLF,0.0,934,pause,NA,NA,NA,NA,0.0,0,-39.02,-27.75,[],0,0,[],[]
31475260,31476060,NA,SIL,0.0,934,pause,NA,NA,NA,NA,0.0,0,-37.44,-24.16,[],0,0,[],[]
31476060,31477430,NA,NOF,0.0,934,pause,NA,NA,NA,NA,0.0,0,-37.6,-27.96,[],0,0,[],[]
31477430,31478610,CHI,CHN,0.0,934,CM,BC,0,NT,FI,2.0,700,-28.85,-19.73,"[{'Canonical-syllable': '0', 'Growl': '0', 'High-freq-energy': '0', 'Long-island': '0', 'Low-tilt-spectrum': '0', 'Medium-island': '1', 'Short-island': '0', 'Squeal': '0', 'Typical-entropy': '1', 'Voicing-quality': '1', 'Wide-band': '0', 'Xlong-island': '0', 'seq': '1', 'end': 31477.96, 'start': 31477.43}, {'Canonical-syllable': '1', 'Growl': '0', 'High-freq-energy': '0', 'Long-island': '0', 'Low-tilt-spectrum': '0', 'Medium-island': '0', 'Short-island': '1', 'Squeal': '0', 'Typical-entropy': '0', 'Voicing-quality': '1', 'Wide-band': '0', 'Xlong-island': '0', 'seq': '2', 'end': 31478.61, 'start': 31478.44}]",0,0,[],[]
31478610,31479480,CHI,CHN,0.0,934,CM,EC,0,NT,FH,1.0,790,-21.03,-12.4,"[{'Canonical-syllable': '1', 'Growl': '0', 'High-freq-energy': '0', 'Long-island': '0', 'Low-tilt-spectrum': '0', 'Medium-island': '0', 'Short-island': '3', 'Squeal': '0', 'Typical-entropy': '1', 'Voicing-quality': '3', 'Wide-band': '0', 'Xlong-island': '0', 'seq': '1', 'end': 31479.4, 'start': 31478.61}]",0,0,[],[]
31479480,31480280,NA,MAF,0.0,935,pause,NA,NA,NA,NA,0.0,0,-20.87,-10.61,[],0,0,[],[]
31480280,31481080,NA,OLF,0.0,935,pause,NA,NA,NA,NA,0.0,0,-35.0,-23.51,[],0,0,[],[]
31481080,31492910,NA,NOF,0.0,935,pause,NA,NA,NA,NA,0.0,0,-28.65,-11.66,[],0,0,[],[]
31492910,31494050,NA,SIL,0.0,935,pause,NA,NA,NA,NA,0.0,0,-49.6,-40.1,[],0,0,[],[]
31494050,31498510,NA,NOF,0.0,935,pause,NA,NA,NA,NA,0.0,0,-41.07,-24.57,[],0,0,[],[]
31498510,31500040,NA,SIL,0.0,935,pause,NA,NA,NA,NA,0.0,0,-50.91,-36.17,[],0,0,[],[]
31500040,31501080,CHI,CHN,0.0,935,CM,EC,0,NT,FI,2.0,610,-27.93,-18.26,"[{'Canonical-syllable': '1', 'Growl': '0', 'High-freq-energy': '0', 'Long-island': '0', 'Low-tilt-spectrum': '0', 'Medium-island': '0', 'Short-island': '1', 'Squeal': '0', 'Typical-entropy': '1', 'Voicing-quality': '1', 'Wide-band': '0', 'Xlong-island': '0', 'seq': '1', 'end': 31500.27, 'start': 31500.04}, {'Canonical-syllable': '1', 'Growl': '1', 'High-freq-energy': '1', 'Long-island': '0', 'Low-tilt-spectrum': '2', 'Medium-island': '0', 'Short-island': '2', 'Squeal': '0', 'Typical-entropy': '2', 'Voicing-quality': '1', 'Wide-band': '0', 'Xlong-island': '0', 'seq': '2', 'end': 31501.0, 'start': 31500.62}]",0,0,[],[]
31501080,31503130,NA,NOF,0.0,936,pause,NA,NA,NA,NA,0.0,0,-40.09,-21.85,[],0,0,[],[]
31503130,31503930,NA,SIL,0.0,936,pause,NA,NA,NA,NA,0.0,0,-52.67,-41.46,[],0,0,[],[]
31503930,31504730,NA,NOF,0.0,936,pause,NA,NA,NA,NA,0.0,0,-37.25,-24.86,[],0,0,[],[]
31504730,31506710,NA,SIL,0.0,936,pause,NA,NA,NA,NA,0.0,0,-38.17,-27.3,[],0,0,[],[]
31506710,31507720,MAL,MAN,4.07,936,AMM,EC,0,NT,FI,0.0,0,-33.7,-25.14,[],0,0,[],[]
31507720,31510610,NA,NON,0.0,937,pause,NA,NA,NA,NA,0.0,0,-36.06,-24.66,[],0,0,[],[]
31510610,31512060,NA,OLF,0.0,937,pause,NA,NA,NA,NA,0.0,0,-35.89,-25.16,[],0,0,[],[]
31512060,31518090,NA,NOF,0.0,937,pause,NA,NA,NA,NA,0.0,0,-32.91,-16.04,[],0,0,[],[]
31518090,31518900,NA,OLN,0.0,937,pause,NA,NA,NA,NA,0.0,0,-31.59,-20.24,[],0,0,[],[]
31518900,31519930,NA,NOF,0.0,937,pause,NA,NA,NA,NA,0.0,0,-40.28,-26.94,[],0,0,[],[]
31519930,31520900,NA,SIL,0.0,937,pause,NA,NA,NA,NA,0.0,0,-48.35,-33.07,[],0,0,[],[]
31520900,31521820,NA,CHF,0.0,937,pause,NA,NA,NA,NA,0.0,0,-33.6,-24.08,[],0,160,"[{'start': 31521.33, 'end': 31521.49}]",[]
31521820,31522820,NA,MAF,0.0,937,pause,NA,NA,NA,NA,0.0,0,-23.56,-6.78,[],0,0,[],[]
31522820,31523900,NA,NOF,0.0,937,pause,NA,NA,NA,NA,0.0,0,-27.86,-21.09,[],0,0,[],[]
31523900,31524840,NA,SIL,0.0,937,pause,NA,NA,NA,NA,0.0,0,-32.84,-22.81,[],0,0,[],[]
31524840,31526670,NA,NOF,0.0,937,pause,NA,NA,NA,NA,0.0,0,-35.08,-21.74,[],0,0,[],[]
31526670,31527350,OCH,CXN,0.0,937,XM,BC,0,NT,FI,0.0,0,-29.78,-21.32,[],0,0,[],[]
31527350,31528190,OCH,CXN,0.0,937,XM,RC,0,NT,FH,0.0,0,-34.56,-26.44,[],0,0,[],[]
31528190,31529340,NA,NOF,0.0,937,XM,NA,NA,NA,NA,0.0,0,-48.64,-42.53,[],0,0,[],[]
31529340,31530090,OCH,CXN,0.0,937,XM,EC,0,NT,FH,0.0,0,-29.33,-22.78,[],0,0,[],[]
31530090,31532280,NA,NOF,0.0,938,pause,NA,NA,NA,NA,0.0,0,-38.83,-27.84,[],0,0,[],[]
31532280,31535370,NA,SIL,0.0,938,pause,NA,NA,NA,NA,0.0,0,-52.75,-37.96,[],0,0,[],[]
31535370,31536610,NA,NOF,0.0,938,pause,NA,NA,NA,NA,0.0,0,-43.81,-30.75,[],0,0,[],[]
31536610,31537620,NA,SIL,0.0,938,pause,NA,NA,NA,NA,0.0,0,-53.16,-42.64,[],0,0,[],[]
31537620,31540680,NA,NOF,0.0,938,pause,NA,NA,NA,NA,0.0,0,-38.05,-20.47,[],0,0,[],[]
31540680,31541960,NA,SIL,0.0,938,pause,NA,NA,NA,NA,0.0,0,-39.66,-25.54,[],0,0,[],[]
31541960,31543280,NA,NOF,0.0,938,pause,NA,NA,NA,NA,0.0,0,-44.59,-35.01,[],0,0,[],[]
31543280,31545570,FEM,FAN,6.95,938,AMF,EC,0,NT,FI,0.0,0,-40.62,-33.65,[],0,0,[],[]
31545570,31546570,NA,MAF,0.0,939,pause,NA,NA,NA,NA,0.0,0,-43.78,-33.36,[],0,0,[],[]
31546570,31554150,NA,NOF,0.0,939,pause,NA,NA,NA,NA,0.0,0,-32.77,-16.48,[],0,0,[],[]
31554150,31554960,NA,OLF,0.0,939,pause,NA,NA,NA,NA,0.0,0,-26.39,-10.82,[],0,0,[],[]
31554960,31555860,NA,NOF,0.0,939,pause,NA,NA,NA,NA,0.0,0,-46.04,-35.8,[],0,0,[],[]
31555860,31556860,CHI,CHN,0.0,939,CIC,BC,0,NT,FI,1.0,1000,-16.01,-12.23,"[{'Canonical-syllable': '0', 'Growl': '0', 'High-freq-energy': '0', 'Long-island': '1', 'Low-tilt-spectrum': '0', 'Medium-island': '0', 'Short-island': '0', 'Squeal': '0', 'Typical-entropy': '0', 'Voicing-quality': '1', 'Wide-band': '0', 'Xlong-island': '0', 'seq': '1', 'end': 31556.86, 'start': 31556.06}]",0,0,[],[]
31556860,31558800,CHI,CHN,0.0,939,CIC,RC,0,NT,FH,1.0,1590,-18.96,-11.81,"[{'Canonical-syllable': '1', 'Growl': '0', 'High-freq-energy': '0', 'Long-island': '1', 'Low-tilt-spectrum': '0', 'Medium-island': '1', 'Short-island': '0', 'Squeal': '0', 'Typical-entropy': '1', 'Voicing-quality': '2', 'Wide-band': '0', 'Xlong-island': '0', 'seq': '1', 'end': 31558.8, 'start': 31557.21}]",0,0,[],[]
31558800,31559820,CHI,CHN,0.0,939,CIC,RC,0,NT,FH,1.0,1020,-19.19,-11.39,"[{'Canonical-syllable': '0', 'Growl': '1', 'High-freq-energy': '1', 'Long-island': '0', 'Low-tilt-spectrum': '0', 'Medium-island': '1', 'Short-island': '1', 'Squeal': '0', 'Typical-entropy': '1', 'Voicing-quality': '1', 'Wide-band': '0', 'Xlong-island': '0', 'seq': '1', 'end': 31559.82, 'start': 31558.88}]",0,0,[],[]
31559820,31560620,NA,NOF,0.0,939,CIC,NA,NA,NA,NA,0.0,0,-36.09,-26.16,[],0,0,[],[]
31560620,31562200,NA,OLN,0.0,939,CIC,NA,NA,NA,NA,0.0,0,-32.68,-25.07,[],0,0,[],[]
31562200,31562870,CHI,CHN,0.0,939,CIC,RC,0,TIFI,FH,1.0,670,-19.89,-10.19,"[{'Canonical-syllable': '0', 'Growl': '0', 'High-freq-energy': '0', 'Long-island': '1', 'Low-tilt-spectrum': '0', 'Medium-island': '0', 'Short-island': '0', 'Squeal': '0', 'Typical-entropy': '0', 'Voicing-quality': '1', 'Wide-band': '0', 'Xlong-island': '0', 'seq': '1', 'end': 31562.87, 'start': 31562.2}]",0,0,[],[]
31562870,31564570,NA,OLN,0.0,939,CIC,NA,NA,NA,NA,0.0,0,-18.79,-9.95,[],0,0,[],[]
31564570,31567430,FEM,FAN,10.68,939,CIC,RC,1,TIFR,FI,0.0,0,-28.21,-17.71,[],0,0,[],[]
31567430,31568400,NA,NOF,0.0,939,CIC,NA,NA,NA,NA,0.0,0,-39.9,-28.44,[],0,0,[],[]
31568400,31569400,MAL,MAN,4.73,939,CIC,RC,1,NT,FI,0.0,0,-36.35,-28.84,[],0,0,[],[]
31569400,31570210,NA,NON,0.0,939,CIC,NA,NA,NA,NA,0.0,0,-32.64,-25.34,[],0,0,[],[]
31570210,31571110,NA,OLN,0.0,939,CIC,NA,NA,NA,NA,0.0,0,-27.05,-15.64,[],0,0,[],[]
31571110,31572110,FEM,FAN,6.38,939,CIC,RC,1,NT,FI,0.0,0,-22.72,-11.38,[],0,0,[],[]
31572110,31573400,NA,OLN,0.0,939,CIC,NA,NA,NA,NA,0.0,0,-30.77,-20.52,[],0,0,[],[]
31573400,31574760,FEM,FAN,7.38,939,CIC,EC,1,NT,FH,0.0,0,-37.28,-30.18,[],0,0,[],[]
31574760,31575600,NA,OLF,0.0,940,pause,NA,NA,NA,NA,0.0,0,-38.5,-30.66,[],0,0,[],[]
31575600,31576970,NA,MAF,0.0,940,pause,NA,NA,NA,NA,0.0,0,-37.11,-25.9,[],0,0,[],[]
31576970,31577920,NA,NOF,0.0,940,pause,NA,NA,NA,NA,0.0,0,-15.74,-1.58,[],0,0,[],[]
31577920,31578720,NA,OLF,0.0,940,pause,NA,NA,NA,NA,0.0,0,-22.2,-7.0,[],0,0,[],[]
31578720,31579610,NA,NOF,0.0,940,pause,NA,NA,NA,NA,0.0,0,-37.87,-20.49,[],0,0,[],[]
31579610,31580410,NA,OLN,0.0,940,pause,NA,NA,NA,NA,0.0,0,-23.67,-11.19,[],0,0,[],[]
31580410,31581210,NA,NOF,0.0,940,pause,NA,NA,NA,NA,0.0,0,-25.56,-13.61,[],0,0,[],[]
31581210,31583520,NA,OLF,0.0,940,pause,NA,NA,NA,NA,0.0,0,-27.56,-9.42,[],0,0,[],[]
31583520,31585590,NA,FAF,0.0,940,pause,NA,NA,NA,NA,0.0,0,-37.28,-19.9,[],0,0,[],[]
31585590,31587890,NA,NOF,0.0,940,pause,NA,NA,NA,NA,0.0,0,-17.83,-2.19,[],0,0,[],[]
31587890,31588880,NA,OLF,0.0,940,pause,NA,NA,NA,NA,0.0,0,-38.88,-22.72,[],0,0,[],[]
31588880,31591140,NA,NOF,0.0,940,pause,NA,NA,NA,NA,0.0,0,-24.74,-7.63,[],0,0,[],[]
31591140,31591940,CHI,CHN,0.0,940,CIC,BC,0,NT,FI,1.0,800,-16.67,-8.79,"[{'Canonical-syllable': '1', 'Growl': '0', 'High-freq-energy': '0', 'Long-island': '0', 'Low-tilt-spectrum': '1', 'Medium-island': '1', 'Short-island': '1', 'Squeal': '1', 'Typical-entropy': '2', 'Voicing-quality': '2', 'Wide-band': '0', 'Xlong-island': '0', 'seq': '1', 'end': 31591.94, 'start': 31591.14}]",0,0,[],[]
31591940,31592990,NA,OLF,0.0,940,CIC,NA,NA,NA,NA,0.0,0,-34.95,-24.18,[],0,0,[],[]
31592990,31594070,CHI,CHN,0.0,940,CIC,RC,0,TIMI,FH,1.0,1080,-22.27,-14.27,"[{'Canonical-syllable': '1', 'Growl': '2', 'High-freq-energy': '0', 'Long-island': '0', 'Low-tilt-spectrum': '0', 'Medium-island': '1', 'Short-island': '2', 'Squeal': '0', 'Typical-entropy': '2', 'Voicing-quality': '4', 'Wide-band': '0', 'Xlong-island': '0', 'seq': '1', 'end': 31594.07, 'start': 31592.99}]",0,0,[],[]
31594070,31596050,MAL,MAN,5.02,940,CIC,RC,1,TIMR,FI,0.0,0,-31.51,-21.32,[],0,0,[],[]
31596050,31597420,NA,SIL,0.0,940,CIC,NA,NA,NA,NA,0.0,0,-49.46,-45.09,[],0,0,[],[]
31597420,31600320,NA,MAF,0.0,940,CIC,NA,NA,NA,NA,0.0,0,-37.54,-18.48,[],0,0,[],[]
31600320,31600970,CHI,CHN,0.0,940,CIC,RC,1,TIFI,FI,1.0,490,-18.14,-9.27,"[{'Canonical-syllable': '1', 'Growl': '0', 'High-freq-energy': '0', 'Long-island': '0', 'Low-tilt-spectrum': '0', 'Medium-island': '0', 'Short-island': '1', 'Squeal': '0', 'Typical-entropy': '1', 'Voicing-quality': '1', 'Wide-band': '0', 'Xlong-island': '0', 'seq': '1', 'end': 31600.81, 'start': 31600.56}]",0,0,[],[]
31600970,31602030,NA,MAF,0.0,940,CIC,NA,NA,NA,NA,0.0,0,-44.4,-37.79,[],0,0,[],[]
31602030,31603100,NA,TVF,0.0,940,CIC,NA,NA,NA,NA,0.0,0,-45.81,-40.25,[],0,0,[],[]
31603100,31604270,FEM,FAN,5.24,940,CIC,RC,2,TIFR,FI,0.0,0,-39.44,-32.45,[],0,0,[],[]
31604270,31606000,MAL,MAN,3.52,940,CIC,EC,2,NT,FI,0.0,0,-34.94,-25.63,[],0,0,[],[]
31606000,31606800,NA,NOF,0.0,941,pause,NA,NA,NA,NA,0.0,0,-42.36,-36.21,[],0,0,[],[]
31606800,31608040,NA,FAF,0.0,941,pause,NA,NA,NA,NA,0.0,0,-30.82,-15.81,[],0,0,[],[]
31608040,31609040,NA,TVF,0.0,941,pause,NA,NA,NA,NA,0.0,0,-43.02,-31.79,[],0,0,[],[]
31609040,31610040,NA,MAF,0.0,941,pause,NA,NA,NA,NA,0.0,0,-46.28,-37.51,[],0,0,[],[]
31610040,31611040,NA,TVF,0.0,941,pause,NA,NA,NA,NA,0.0,0,-44.05,-38.3,[],0,0,[],[]
31611040,31612590,NA,NOF,0.0,941,pause,NA,NA,NA,NA,0.0,0,-44.28,-30.41,[],0,0,[],[]
31612590,31614410,CHI,CHN,0.0,941,CIC,BC,0,TIMI,FI,1.0,1200,-23.75,-10.04,"[{'Canonical-syllable': '1', 'Growl': '1', 'High-freq-energy': '0', 'Long-island': '0', 'Low-tilt-spectrum': '2', 'Medium-island': '1', 'Short-island': '3', 'Squeal': '0', 'Typical-entropy': '4', 'Voicing-quality': '3', 'Wide-band': '0', 'Xlong-island': '0', 'seq': '1', 'end': 31614.28, 'start': 31613.08}]",0,0,[],[]
31614410,31616970,MAL,MAN,8.96,941,CIC,EC,1,TIMR,FI,0.0,0,-30.8,-24.55,[],0,0,[],[]
31616970,31617770,NA,NOF,0.0,942,pause,NA,NA,NA,NA,0.0,0,-42.63,-35.43,[],0,0,[],[]
31617770,31618910,NA,MAF,0.0,942,pause,NA,NA,NA,NA,0.0,0,-45.24,-37.63,[],0,0,[],[]
31618910,31620810,NA,NOF,0.0,942,pause,NA,NA,NA,NA,0.0,0,-33.31,-16.19,[],0,0,[],[]
31620810,31621990,NA,MAF,0.0,942,pause,NA,NA,NA,NA,0.0,0,-31.58,-23.09,[],0,0,[],[]
31621990,31623320,CHI,CHN,0.0,942,CIC,BC,0,NT,FI,1.0,1330,-22.6,-15.2,"[{'Canonical-syllable': '0', 'Growl': '1', 'High-freq-energy': '0', 'Long-island': '0', 'Low-tilt-spectrum': '0', 'Medium-island': '1', 'Short-island': '2', 'Squeal': '0', 'Typical-entropy': '2', 'Voicing-quality': '3', 'Wide-band': '0', 'Xlong-island': '0', 'seq': '1', 'end': 31623.32, 'start': 31622.26}]",0,0,[],[]
31623320,31624320,CHI,CHN,0.0,942,CIC,RC,0,NT,FH,1.0,840,-17.49,-11.49,"[{'Canonical-syllable': '0', 'Growl': '0', 'High-freq-energy': '0', 'Long-island': '0', 'Low-tilt-spectrum': '0', 'Medium-island': '1', 'Short-island': '2', 'Squeal': '0', 'Typical-entropy': '2', 'Voicing-quality': '3', 'Wide-band': '0', 'Xlong-island': '0', 'seq': '1', 'end': 31624.16, 'start': 31623.32}]",0,0,[],[]
31624320,31625200,CHI,CHN,0.0,942,CIC,RC,0,TIFI,FH,1.0,370,-19.7,-12.17,"[{'Canonical-syllable': '1', 'Growl': '0', 'High-freq-energy': '0', 'Long-island': '0', 'Low-tilt-spectrum': '0', 'Medium-island': '1', 'Short-island': '0', 'Squeal': '0', 'Typical-entropy': '0', 'Voicing-quality': '1', 'Wide-band': '0', 'Xlong-island': '0', 'seq': '1', 'end': 31624.69, 'start': 31624.32}]",0,0,[],[]
31625200,31626180,NA,SIL,0.0,942,CIC,NA,NA,NA,NA,0.0,0,-50.38,-47.83,[],0,0,[],[]
31626180,31627770,FEM,FAN,5.77,942,CIC,RC,1,TIFR,FI,0.0,0,-29.38,-14.15,[],0,0,[],[]
31627770,31628370,CHI,CHN,0.0,942,CIC,RC,1,TIFE,FI,1.0,380,-20.98,-13.4,"[{'Canonical-syllable': '1', 'Growl': '0', 'High-freq-energy': '0', 'Long-island': '0', 'Low-tilt-spectrum': '0', 'Medium-island': '0', 'Short-island': '1', 'Squeal': '0', 'Typical-entropy': '0', 'Voicing-quality': '1', 'Wide-band': '0', 'Xlong-island': '0', 'seq': '1', 'end': 31628.15, 'start': 31627.94}]",0,0,[],[]
31628370,31629700,CHI,CHN,0.0,942,CIC,RC,1,NT,FH,2.0,680,-26.42,-13.81,"[{'Canonical-syllable': '0', 'Growl': '1', 'High-freq-energy': '0', 'Long-island': '0', 'Low-tilt-spectrum': '1', 'Medium-island': '0', 'Short-island': '1', 'Squeal': '0', 'Typical-entropy': '3', 'Voicing-quality': '3', 'Wide-band': '0', 'Xlong-island': '0', 'seq': '1', 'end': 31628.95, 'start': 31628.37}, {'Canonical-syllable': '0', 'Growl': '0', 'High-freq-energy': '0', 'Long-island': '0', 'Low-tilt-spectrum': '0', 'Medium-island': '0', 'Short-island': '0', 'Squeal': '0', 'Typical-entropy': '0', 'Voicing-quality': '0', 'Wide-band': '0', 'Xlong-island': '0', 'seq': '2', 'end': 31629.7, 'start': 31629.6}]",0,0,[],[]
31629700,31630650,CHI,CHN,0.0,942,CIC,RC,1,NT,FH,1.0,630,-21.63,-14.18,"[{'Canonical-syllable': '1', 'Growl': '0', 'High-freq-energy': '0', 'Long-island': '0', 'Low-tilt-spectrum': '0', 'Medium-island': '1', 'Short-island': '0', 'Squeal': '0', 'Typical-entropy': '0', 'Voicing-quality': '1', 'Wide-band': '0', 'Xlong-island': '0', 'seq': '1', 'end': 31630.65, 'start': 31630.02}]",0,0,[],[]
31630650,31631450,NA,SIL,0.0,942,CIC,NA,NA,NA,NA,0.0,0,-45.96,-34.38,[],0,0,[],[]
31631450,31632310,CHI,CHN,0.0,942,CIC,RC,1,NT,FH,2.0,240,-18.84,-6.19,"[{'Canonical-syllable': '0', 'Growl': '0', 'High-freq-energy': '0', 'Long-island': '0', 'Low-tilt-spectrum': '0', 'Medium-island': '0', 'Short-island': '0', 'Squeal': '0', 'Typical-entropy': '0', 'Voicing-quality': '1', 'Wide-band': '0', 'Xlong-island': '0', 'seq': '1', 'end': 31631.61, 'start': 31631.45}, {'Canonical-syllable': '0', 'Growl': '0', 'High-freq-energy': '0', 'Long-island': '0', 'Low-tilt-spectrum': '0', 'Medium-island': '0', 'Short-island': '0', 'Squeal': '0', 'Typical-entropy': '1', 'Voicing-quality': '1', 'Wide-band': '0', 'Xlong-island': '0', 'seq': '2', 'end': 31632.03, 'start': 31631.95}]",0,0,[],[]
31632310,31633640,NA,NOF,0.0,942,CIC,NA,NA,NA,NA,0.0,0,-20.97,-4.42,[],0,0,[],[]
31633640,31634880,CHI,CHN,0.0,942,CIC,RC,1,NT,FH,1.0,990,-17.83,-9.54,"[{'Canonical-syllable': '1', 'Growl': '0', 'High-freq-energy': '0', 'Long-island': '0', 'Low-tilt-spectrum': '1', 'Medium-island': '1', 'Short-island': '1', 'Squeal': '0', 'Typical-entropy': '1', 'Voicing-quality': '2', 'Wide-band': '0', 'Xlong-island': '0', 'seq': '1', 'end': 31634.63, 'start': 31633.64}]",0,0,[],[]
31634880,31636540,NA,MAF,0.0,942,CIC,NA,NA,NA,NA,0.0,0,-32.58,-20.48,[],0,0,[],[]
31636540,31637290,CHI,CHN,0.0,942,CIC,RC,1,NT,FH,1.0,750,-16.45,-10.43,"[{'Canonical-syllable': '0', 'Growl': '0', 'High-freq-energy': '0', 'Long-island': '1', 'Low-tilt-spectrum': '1', 'Medium-island': '0', 'Short-island': '0', 'Squeal': '0', 'Typical-entropy': '1', 'Voicing-quality': '1', 'Wide-band': '0', 'Xlong-island': '0', 'seq': '1', 'end': 31637.29, 'start': 31636.54}]",0,0,[],[]
31637290,31638590,NA,NOF,0.0,942,CIC,NA,NA,NA,NA,0.0,0,-34.95,-23.84,[],0,0,[],[]
31638590,31639370,CHI,CHN,0.0,942,CIC,RC,1,NT,FH,1.0,690,-22.38,-14.8,"[{'Canonical-syllable': '0', 'Growl': '0', 'High-freq-energy': '0', 'Long-island': '1', 'Low-tilt-spectrum': '0', 'Medium-island': '0', 'Short-island': '0', 'Squeal': '0', 'Typical-entropy': '1', 'Voicing-quality': '1', 'Wide-band': '0', 'Xlong-island': '0', 'seq': '1', 'end': 31639.28, 'start': 31638.59}]",0,0,[],[]
31639370,31641070,NA,NOF,0.0,942,CIC,NA,NA,NA,NA,0.0,0,-39.34,-24.73,[],0,0,[],[]
31641070,31642070,NA,TVF,0.0,942,CIC,NA,NA,NA,NA,0.0,0,-46.62,-36.72,[],0,0,[],[]
31642070,31643020,CHI,CHN,0.0,942,CIC,EC,1,NT,FH,1.0,660,-27.82,-19.12,"[{'Canonical-syllable': '0', 'Growl': '1', 'High-freq-energy': '0', 'Long-island': '0', 'Low-tilt-spectrum': '0', 'Medium-island': '1', 'Short-island': '0', 'Squeal': '0', 'Typical-entropy': '1', 'Voicing-quality': '1', 'Wide-band': '0', 'Xlong-island': '0', 'seq': '1', 'end': 31642.73, 'start': 31642.17}]",0,0,[],[]
31643020,31643820,NA,NOF,0.0,943,pause,NA,NA,NA,NA,0.0,0,-39.62,-28.3,[],0,0,[],[]
31643820,31645530,NA,FAF,0.0,943,pause,NA,NA,NA,NA,0.0,0,-43.52,-34.35,[],0,0,[],[]
31645530,31646340,NA,OLF,0.0,943,pause,NA,NA,NA,NA,0.0,0,-37.82,-26.55,[],0,0,[],[]
31646340,31647450,NA,NOF,0.0,943,pause,NA,NA,NA,NA,0.0,0,-24.48,-7.72,[],0,0,[],[]
31647450,31648250,NA,OLN,0.0,943,pause,NA,NA,NA,NA,0.0,0,-21.94,-9.0,[],0,0,[],[]
31648250,31648920,CHI,CHN,0.0,943,pause,NA,NA,NA,NA,0.0,0,-13.78,-6.65,[],0,670,"[{'start': 31648.25, 'end': 31648.92}]",[]
31648920,31649750,NA,OLN,0.0,943,pause,NA,NA,NA,NA,0.0,0,-14.01,-4.47,[],0,0,[],[]
31649750,31650350,CHI,CHN,0.0,943,CIC,BC,0,NT,FI,1.0,130,-27.11,-17.41,"[{'Canonical-syllable': '0', 'Growl': '0', 'High-freq-energy': '0', 'Long-island': '0', 'Low-tilt-spectrum': '0', 'Medium-island': '0', 'Short-island': '0', 'Squeal': '0', 'Typical-entropy': '0', 'Voicing-quality': '1', 'Wide-band': '0', 'Xlong-island': '0', 'seq': '1', 'end': 31650.35, 'start': 31650.22}]",0,0,[],[]
31650350,31651150,NA,OLN,0.0,943,CIC,NA,NA,NA,NA,0.0,0,-30.74,-16.69,[],0,0,[],[]
31651150,31652270,CHI,CHN,0.0,943,CIC,RC,0,TIFI,FH,1.0,880,-19.6,-10.36,"[{'Canonical-syllable': '0', 'Growl': '0', 'High-freq-energy': '0', 'Long-island': '1', 'Low-tilt-spectrum': '0', 'Medium-island': '0', 'Short-island': '0', 'Squeal': '0', 'Typical-entropy': '1', 'Voicing-quality': '1', 'Wide-band': '0', 'Xlong-island': '0', 'seq': '1', 'end': 31652.03, 'start': 31651.15}]",0,0,[],[]
31652270,31654170,NA,NOF,0.0,943,CIC,NA,NA,NA,NA,0.0,0,-41.51,-29.29,[],0,0,[],[]
31654170,31655340,FEM,FAN,2.79,943,CIC,RC,1,TIFR,FI,0.0,0,-28.09,-16.84,[],0,0,[],[]
31655340,31656060,CHI,CHN,0.0,943,CIC,RC,1,TIFE,FI,1.0,720,-14.35,-6.3,"[{'Canonical-syllable': '2', 'Growl': '0', 'High-freq-energy': '0', 'Long-island': '0', 'Low-tilt-spectrum': '0', 'Medium-island': '1', 'Short-island': '1', 'Squeal': '0', 'Typical-entropy': '0', 'Voicing-quality': '2', 'Wide-band': '0', 'Xlong-island': '0', 'seq': '1', 'end': 31656.06, 'start': 31655.34}]",0,0,[],[]
31656060,31656860,NA,NOF,0.0,943,CIC,NA,NA,NA,NA,0.0,0,-32.12,-22.77,[],0,0,[],[]
31656860,31657650,CHI,CHN,0.0,943,CIC,EC,1,NT,FH,1.0,790,-19.01,-11.3,"[{'Canonical-syllable': '1', 'Growl': '1', 'High-freq-energy': '0', 'Long-island': '0', 'Low-tilt-spectrum': '0', 'Medium-island': '0', 'Short-island': '2', 'Squeal': '0', 'Typical-entropy': '0', 'Voicing-quality': '3', 'Wide-band': '0', 'Xlong-island': '0', 'seq': '1', 'end': 31657.65, 'start': 31656.86}]",0,0,[],[]
31657650,31658460,NA,OLN,0.0,944,pause,NA,NA,NA,NA,0.0,0,-25.91,-14.51,[],0,0,[],[]
31658460,31659290,NA,NON,0.0,944,pause,NA,NA,NA,NA,0.0,0,-19.9,-4.04,[],0,0,[],[]
31659290,31660090,NA,OLF,0.0,944,pause,NA,NA,NA,NA,0.0,0,-20.21,-3.5,[],0,0,[],[]
31660090,31661170,NA,NOF,0.0,944,pause,NA,NA,NA,NA,0.0,0,-23.53,-7.61,[],0,0,[],[]
31661170,31662170,NA,TVF,0.0,944,pause,NA,NA,NA,NA,0.0,0,-47.47,-42.36,[],0,0,[],[]
31662170,31662970,NA,NOF,0.0,944,pause,NA,NA,NA,NA,0.0,0,-18.06,-4.1,[],0,0,[],[]
31662970,31663970,NA,OLF,0.0,944,pause,NA,NA,NA,NA,0.0,0,-41.31,-36.55,[],0,0,[],[]
31663970,31664780,NA,NOF,0.0,944,pause,NA,NA,NA,NA,0.0,0,-31.9,-20.4,[],0,0,[],[]
31664780,31667260,NA,TVF,0.0,944,pause,NA,NA,NA,NA,0.0,0,-46.7,-40.49,[],0,0,[],[]
31667260,31668060,NA,SIL,0.0,944,pause,NA,NA,NA,NA,0.0,0,-48.1,-44.44,[],0,0,[],[]
31668060,31669010,NA,NOF,0.0,944,pause,NA,NA,NA,NA,0.0,0,-43.66,-36.77,[],0,0,[],[]
31669010,31671420,FEM,FAN,7.19,944,AICF,BC,0,TIFI,FI,0.0,0,-30.68,-19.76,[],0,0,[],[]
31671420,31672440,NA,NOF,0.0,944,AICF,NA,NA,NA,NA,0.0,0,-39.41,-23.5,[],0,0,[],[]
31672440,31673290,CHI,CHN,0.0,944,AICF,NA,NA,NA,NA,0.0,0,-17.32,-4.03,[],0,710,"[{'start': 31672.44, 'end': 31673.15}]",[]
31673290,31674090,NA,NOF,0.0,944,AICF,NA,NA,NA,NA,0.0,0,-31.61,-18.41,[],0,0,[],[]
31674090,31676690,CHI,CHN,0.0,944,AICF,RC,1,TIFR,FI,2.0,1930,-18.37,-3.71,"[{'Canonical-syllable': '0', 'Growl': '0', 'High-freq-energy': '0', 'Long-island': '0', 'Low-tilt-spectrum': '1', 'Medium-island': '1', 'Short-island': '1', 'Squeal': '0', 'Typical-entropy': '2', 'Voicing-quality': '2', 'Wide-band': '0', 'Xlong-island': '0', 'seq': '1', 'end': 31674.76, 'start': 31674.09}, {'Canonical-syllable': '1', 'Growl': '0', 'High-freq-energy': '0', 'Long-island': '0', 'Low-tilt-spectrum': '2', 'Medium-island': '1', 'Short-island': '2', 'Squeal': '0', 'Typical-entropy': '3', 'Voicing-quality': '4', 'Wide-band': '1', 'Xlong-island': '0', 'seq': '2', 'end': 31676.69, 'start': 31675.43}]",0,0,[],[]
31676690,31677490,NA,NOF,0.0,944,AICF,NA,NA,NA,NA,0.0,0,-35.32,-19.73,[],0,0,[],[]
31677490,31679310,FEM,FAN,5.33,944,AICF,RC,1,TIFE,FI,0.0,0,-36.27,-25.75,[],0,0,[],[]
31679310,31680550,NA,SIL,0.0,944,AICF,NA,NA,NA,NA,0.0,0,-45.36,-27.97,[],0,0,[],[]
31680550,31681450,FEM,FAN,3.64,944,AICF,RC,1,NT,FH,0.0,0,-24.09,-10.7,[],0,0,[],[]
31681450,31682610,FEM,FAN,5.83,944,AICF,RC,1,NT,FH,0.0,0,-34.08,-26.09,[],0,0,[],[]
31682610,31683220,FEM,FAN,1.61,944,AICF,RC,1,NT,FH,0.0,0,-37.43,-28.91,[],0,0,[],[]
31683220,31684410,FEM,FAN,0.65,944,AICF,RC,1,TIFI,FH,0.0,0,-40.6,-30.62,[],0,0,[],[]
31684410,31685300,NA,NOF,0.0,944,AICF,NA,NA,NA,NA,0.0,0,-18.62,-4.73,[],0,0,[],[]
31685300,31686370,CHI,CHN,0.0,944,AICF,EC,2,TIFR,FI,1.0,520,-21.7,-5.97,"[{'Canonical-syllable': '0', 'Growl': '0', 'High-freq-energy': '0', 'Long-island': '0', 'Low-tilt-spectrum': '0', 'Medium-island': '0', 'Short-island': '2', 'Squeal': '0', 'Typical-entropy': '1', 'Voicing-quality': '2', 'Wide-band': '0', 'Xlong-island': '0', 'seq': '1', 'end': 31685.82, 'start': 31685.3}]",0,0,[],[]
31686370,31687170,NA,OLN,0.0,945,pause,NA,NA,NA,NA,0.0,0,-21.79,-6.09,[],0,0,[],[]
31687170,31687980,NA,SIL,0.0,945,pause,NA,NA,NA,NA,0.0,0,-52.25,-46.6,[],0,0,[],[]
31687980,31688990,NA,FAF,0.0,945,pause,NA,NA,NA,NA,0.0,0,-44.4,-33.75,[],0,0,[],[]
31688990,31689820,NA,SIL,0.0,945,pause,NA,NA,NA,NA,0.0,0,-41.23,-29.5,[],0,0,[],[]
31689820,31693350,NA,NOF,0.0,945,pause,NA,NA,NA,NA,0.0,0,-39.4,-21.84,[],0,0,[],[]
31693350,31694270,NA,SIL,0.0,945,pause,NA,NA,NA,NA,0.0,0,-55.05,-46.35,[],0,0,[],[]
31694270,31696600,FEM,FAN,5.62,945,AICF,BC,0,NT,FI,0.0,0,-42.91,-36.15,[],0,0,[],[]
31696600,31699470,NA,NOF,0.0,945,AICF,NA,NA,NA,NA,0.0,0,-37.53,-21.34,[],0,0,[],[]
31699470,31700470,NA,FAF,0.0,945,AICF,NA,NA,NA,NA,0.0,0,-37.76,-29.17,[],0,0,[],[]
31700470,31701370,NA,SIL,0.0,945,AICF,NA,NA,NA,NA,0.0,0,-44.63,-32.06,[],0,0,[],[]
31701370,31702180,OCH,CXN,0.0,945,AICF,RC,0,NT,FI,0.0,0,-35.64,-32.61,[],0,0,[],[]
31702180,31705400,FEM,FAN,10.5,945,AICF,RC,0,NT,FI,0.0,0,-39.42,-31.87,[],0,0,[],[]
31705400,31706470,NA,OLF,0.0,945,AICF,NA,NA,NA,NA,0.0,0,-36.93,-27.1,[],0,0,[],[]
31706470,31707900,FEM,FAN,3.55,945,AICF,RC,0,TIFI,FH,0.0,0,-38.99,-34.24,[],0,0,[],[]
31707900,31709430,NA,SIL,0.0,945,AICF,NA,NA,NA,NA,0.0,0,-50.51,-38.57,[],0,0,[],[]
31709430,31710250,NA,NOF,0.0,945,AICF,NA,NA,NA,NA,0.0,0,-36.4,-19.98,[],0,0,[],[]
31710250,31711140,CHI,CHN,0.0,945,AICF,RC,1,TIFR,FI,1.0,640,-16.23,-8.73,"[{'Canonical-syllable': '0', 'Growl': '0', 'High-freq-energy': '0', 'Long-island': '0', 'Low-tilt-spectrum': '0', 'Medium-island': '1', 'Short-island': '1', 'Squeal': '0', 'Typical-entropy': '2', 'Voicing-quality': '2', 'Wide-band': '0', 'Xlong-island': '0', 'seq': '1', 'end': 31710.89, 'start': 31710.33}]",0,0,[],[]
31711140,31713770,FEM,FAN,8.43,945,AICF,RC,1,TIFE,FI,0.0,0,-34.45,-26.32,[],0,0,[],[]
31713770,31714620,NA,OLN,0.0,945,AICF,NA,NA,NA,NA,0.0,0,-21.43,-7.88,[],0,0,[],[]
31714620,31716760,FEM,FAN,7.89,945,AICF,RC,1,NT,FH,0.0,0,-35.36,-27.86,[],0,0,[],[]
31716760,31717900,MAL,MAN,6.18,945,AICF,EC,1,NT,FI,0.0,0,-36.72,-30.75,[],0,0,[],[]
31717900,31719670,NA,NOF,0.0,946,pause,NA,NA,NA,NA,0.0,0,-35.4,-20.92,[],0,0,[],[]
31719670,31721130,NA,FAF,0.0,946,pause,NA,NA,NA,NA,0.0,0,-39.87,-33.06,[],0,0,[],[]
31721130,31722410,NA,SIL,0.0,946,pause,NA,NA,NA,NA,0.0,0,-40.78,-24.6,[],0,0,[],[]
31722410,31726200,NA,NOF,0.0,946,pause,NA,NA,NA,NA,0.0,0,-24.68,-6.91,[],0,0,[],[]
31726200,31729250,FEM,FAN,10.39,946,AICF,BC,0,TIFI,FI,0.0,0,-22.12,-5.85,[],0,0,[],[]
31729250,31731440,CHI,CHN,0.0,946,AICF,RC,1,TIFR,FI,2.0,1350,-14.57,-2.98,"[{'Canonical-syllable': '0', 'Growl': '1', 'High-freq-energy': '1', 'Long-island': '0', 'Low-tilt-spectrum': '1', 'Medium-island': '1', 'Short-island': '0', 'Squeal': '0', 'Typical-entropy': '1', 'Voicing-quality': '1', 'Wide-band': '0', 'Xlong-island': '0', 'seq': '1', 'end': 31729.58, 'start': 31729.25}, {'Canonical-syllable': '0', 'Growl': '0', 'High-freq-energy': '0', 'Long-island': '0', 'Low-tilt-spectrum': '1', 'Medium-island': '1', 'Short-island': '1', 'Squeal': '0', 'Typical-entropy': '3', 'Voicing-quality': '3', 'Wide-band': '0', 'Xlong-island': '0', 'seq': '2', 'end': 31731.44, 'start': 31730.42}]",0,0,[],[]
31731440,31732440,FEM,FAN,2.53,946,AICF,RC,1,TIFE,FI,0.0,0,-22.95,-7.04,[],0,0,[],[]
31732440,31733460,NA,NOF,0.0,946,AICF,NA,NA,NA,NA,0.0,0,-36.85,-24.83,[],0,0,[],[]
31733460,31737640,FEM,FAN,16.04,946,AICF,RC,1,TIFI,FH,0.0,0,-32.01,-17.46,[],0,0,[],[]
31737640,31738350,CHI,CHN,0.0,946,AICF,NA,NA,NA,NA,0.0,0,-23.83,-17.08,[],0,400,"[{'start': 31737.64, 'end': 31738.04}]",[]
31738350,31739350,NA,NOF,0.0,946,AICF,NA,NA,NA,NA,0.0,0,-40.51,-29.11,[],0,0,[],[]
31739350,31740440,CHI,CHN,0.0,946,AICF,RC,2,TIFR,FI,1.0,1090,-16.55,-10.13,"[{'Canonical-syllable': '1', 'Growl': '0', 'High-freq-energy': '0', 'Long-island': '0', 'Low-tilt-spectrum': '2', 'Medium-island': '1', 'Short-island': '2', 'Squeal': '0', 'Typical-entropy': '3', 'Voicing-quality': '3', 'Wide-band': '0', 'Xlong-island': '0', 'seq': '1', 'end': 31740.44, 'start': 31739.45}]",0,0,[],[]
31740440,31741240,NA,NOF,0.0,946,AICF,NA,NA,NA,NA,0.0,0,-36.07,-21.29,[],0,0,[],[]
31741240,31742160,CHI,CHN,0.0,946,AICF,RC,2,NT,FH,1.0,920,-16.82,-5.33,"[{'Canonical-syllable': '0', 'Growl': '0', 'High-freq-energy': '0', 'Long-island': '0', 'Low-tilt-spectrum': '1', 'Medium-island': '1', 'Short-island': '1', 'Squeal': '0', 'Typical-entropy': '2', 'Voicing-quality': '2', 'Wide-band': '0', 'Xlong-island': '0', 'seq': '1', 'end': 31742.16, 'start': 31741.24}]",0,0,[],[]
31742160,31743180,FEM,FAN,0.0,946,AICF,NA,NA,NA,NA,0.0,0,-23.98,-13.71,[],1020,0,[],[]
31743180,31743980,NA,NOF,0.0,946,AICF,NA,NA,NA,NA,0.0,0,-36.56,-24.2,[],0,0,[],[]
31743980,31744640,CHI,CHN,0.0,946,AICF,RC,2,NT,FH,1.0,330,-16.98,-9.97,"[{'Canonical-syllable': '0', 'Growl': '0', 'High-freq-energy': '0', 'Long-island': '0', 'Low-tilt-spectrum': '1', 'Medium-island': '1', 'Short-island': '0', 'Squeal': '0', 'Typical-entropy': '1', 'Voicing-quality': '1', 'Wide-band': '0', 'Xlong-island': '0', 'seq': '1', 'end': 31744.31, 'start': 31743.98}]",0,0,[],[]
31744640,31746160,FEM,FAN,7.74,946,AICF,RC,2,TIFE,FI,0.0,0,-38.64,-28.1,[],0,0,[],[]
31746160,31746980,OCH,CXN,0.0,946,AICF,RC,2,NT,FI,0.0,0,-30.19,-20.76,[],0,0,[],[]
31746980,31748860,NA,NOF,0.0,946,AICF,NA,NA,NA,NA,0.0,0,-27.71,-8.77,[],0,0,[],[]
31748860,31749660,NA,OLF,0.0,946,AICF,NA,NA,NA,NA,0.0,0,-30.49,-22.73,[],0,0,[],[]
31749660,31751310,NA,NOF,0.0,946,AICF,NA,NA,NA,NA,0.0,0,-33.75,-16.48,[],0,0,[],[]
31751310,31752650,FEM,FAN,2.43,946,AICF,RC,2,NT,FI,0.0,0,-35.96,-28.03,[],0,0,[],[]
31752650,31754020,NA,NON,0.0,946,AICF,NA,NA,NA,NA,0.0,0,-34.2,-23.96,[],0,0,[],[]
31754020,31754950,OCH,CXN,0.0,946,AICF,RC,2,NT,FI,0.0,0,-31.07,-21.08,[],0,0,[],[]
31754950,31756190,NA,NOF,0.0,946,AICF,NA,NA,NA,NA,0.0,0,-25.65,-8.36,[],0,0,[],[]
31756190,31757660,FEM,FAN,8.91,946,AICF,RC,2,TIFI,FI,0.0,0,-36.97,-31.9,[],0,0,[],[]
31757660,31758260,CHI,CHN,0.0,946,AICF,RC,3,TIFR,FI,1.0,280,-32.79,-24.79,"[{'Canonical-syllable': '1', 'Growl': '0', 'High-freq-energy': '0', 'Long-island': '0', 'Low-tilt-spectrum': '0', 'Medium-island': '0', 'Short-island': '1', 'Squeal': '0', 'Typical-entropy': '1', 'Voicing-quality': '1', 'Wide-band': '0', 'Xlong-island': '0', 'seq': '1', 'end': 31758.26, 'start': 31757.98}]",0,0,[],[]
31758260,31760440,NA,NOF,0.0,946,AICF,NA,NA,NA,NA,0.0,0,-43.85,-35.51,[],0,0,[],[]
31760440,31761800,FEM,FAN,5.55,946,AICF,RC,3,TIFI,FI,0.0,0,-34.68,-27.69,[],0,0,[],[]
31761800,31762560,CHI,CHN,0.0,946,AICF,RC,4,TIFR,FI,1.0,170,-21.87,-12.15,"[{'Canonical-syllable': '0', 'Growl': '0', 'High-freq-energy': '0', 'Long-island': '0', 'Low-tilt-spectrum': '1', 'Medium-island': '0', 'Short-island': '1', 'Squeal': '0', 'Typical-entropy': '1', 'Voicing-quality': '1', 'Wide-band': '0', 'Xlong-island': '0', 'seq': '1', 'end': 31761.97, 'start': 31761.8}]",0,0,[],[]
31762560,31764290,NA,NOF,0.0,946,AICF,NA,NA,NA,NA,0.0,0,-38.36,-23.9,[],0,0,[],[]
31764290,31764890,OCH,CXN,0.0,946,AICF,RC,4,NT,FI,0.0,0,-28.43,-21.04,[],0,0,[],[]
31764890,31768860,FEM,FAN,16.49,946,AICF,RC,4,NT,FI,0.0,0,-29.26,-11.23,[],0,0,[],[]
31768860,31770060,NA,NOF,0.0,946,AICF,NA,NA,NA,NA,0.0,0,-40.01,-23.26,[],0,0,[],[]
31770060,31770860,OCH,CXN,0.0,946,AICF,RC,4,NT,FI,0.0,0,-33.05,-26.95,[],0,0,[],[]
31770860,31771700,NA,NON,0.0,946,AICF,NA,NA,NA,NA,0.0,0,-38.21,-31.51,[],0,0,[],[]
31771700,31772700,FEM,FAN,6.6,946,AICF,RC,4,TIFI,FI,0.0,0,-28.36,-17.93,[],0,0,[],[]
31772700,31773980,NA,NOF,0.0,946,AICF,NA,NA,NA,NA,0.0,0,-40.83,-30.02,[],0,0,[],[]
31773980,31774790,NA,OLN,0.0,946,AICF,NA,NA,NA,NA,0.0,0,-35.66,-28.52,[],0,0,[],[]
31774790,31777170,NA,NOF,0.0,946,AICF,NA,NA,NA,NA,0.0,0,-29.87,-10.74,[],0,0,[],[]
31777170,31778590,CHI,CHN,0.0,946,AICF,RC,5,TIFR,FI,1.0,1120,-17.46,-8.32,"[{'Canonical-syllable': '0', 'Growl': '0', 'High-freq-energy': '0', 'Long-island': '0', 'Low-tilt-spectrum': '0', 'Medium-island': '2', 'Short-island': '0', 'Squeal': '2', 'Typical-entropy': '0', 'Voicing-quality': '2', 'Wide-band': '0', 'Xlong-island': '0', 'seq': '1', 'end': 31778.29, 'start': 31777.17}]",0,0,[],[]
31778590,31779500,NA,SIL,0.0,946,AICF,NA,NA,NA,NA,0.0,0,-57.3,-47.38,[],0,0,[],[]
31779500,31780320,NA,NOF,0.0,946,AICF,NA,NA,NA,NA,0.0,0,-50.64,-42.98,[],0,0,[],[]
31780320,31781420,FEM,FAN,3.59,946,AICF,RC,5,TIFE,FI,0.0,0,-37.64,-24.2,[],0,0,[],[]
31781420,31782530,NA,OLN,0.0,946,AICF,NA,NA,NA,NA,0.0,0,-31.82,-25.47,[],0,0,[],[]
31782530,31783330,NA,NON,0.0,946,AICF,NA,NA,NA,NA,0.0,0,-33.37,-22.9,[],0,0,[],[]
31783330,31786680,FEM,FAN,11.51,946,AICF,RC,5,NT,FH,0.0,0,-32.84,-21.08,[],0,0,[],[]
31786680,31788080,NA,NOF,0.0,946,AICF,NA,NA,NA,NA,0.0,0,-43.75,-33.18,[],0,0,[],[]
31788080,31789360,FEM,FAN,6.57,946,AICF,RC,5,NT,FH,0.0,0,-43.26,-35.96,[],0,0,[],[]
31789360,31790500,NA,NOF,0.0,946,AICF,NA,NA,NA,NA,0.0,0,-34.53,-17.34,[],0,0,[],[]
31790500,31791500,FEM,FAN,3.57,946,AICF,RC,5,NT,FH,0.0,0,-35.17,-28.11,[],0,0,[],[]
31791500,31792310,NA,OLN,0.0,946,AICF,NA,NA,NA,NA,0.0,0,-35.74,-27.74,[],0,0,[],[]
31792310,31794800,NA,FAF,0.0,946,AICF,NA,NA,NA,NA,0.0,0,-33.15,-11.79,[],0,0,[],[]
31794800,31796260,FEM,FAN,8.52,946,AICF,EC,5,NT,FH,0.0,0,-33.38,-17.3,[],0,0,[],[]
31796260,31802570,NA,NOF,0.0,947,pause,NA,NA,NA,NA,0.0,0,-30.7,-5.23,[],0,0,[],[]
31802570,31804830,FEM,FAN,10.24,947,AMF,BC,0,NT,FI,0.0,0,-31.28,-21.89,[],0,0,[],[]
31804830,31806720,NA,NOF,0.0,947,AMF,NA,NA,NA,NA,0.0,0,-47.0,-37.84,[],0,0,[],[]
31806720,31807720,FEM,FAN,4.56,947,AMF,RC,0,NT,FH,0.0,0,-30.16,-13.04,[],0,0,[],[]
31807720,31810570,NA,NOF,0.0,947,AMF,NA,NA,NA,NA,0.0,0,-28.28,-11.23,[],0,0,[],[]
31810570,31812650,FEM,FAN,5.17,947,AMF,RC,0,NT,FH,0.0,0,-38.1,-28.99,[],0,0,[],[]
31812650,31813450,NA,FAF,0.0,947,AMF,NA,NA,NA,NA,0.0,0,-45.0,-32.58,[],0,0,[],[]
31813450,31814480,FEM,FAN,6.34,947,AMF,EC,0,NT,FH,0.0,0,-35.04,-27.18,[],0,0,[],[]
31814480,31815280,NA,OLF,0.0,948,pause,NA,NA,NA,NA,0.0,0,-31.92,-16.22,[],0,0,[],[]
31815280,31816280,NA,FAF,0.0,948,pause,NA,NA,NA,NA,0.0,0,-40.53,-32.53,[],0,0,[],[]
31816280,31817080,NA,NOF,0.0,948,pause,NA,NA,NA,NA,0.0,0,-40.65,-26.72,[],0,0,[],[]
31817080,31818150,NA,OLN,0.0,948,pause,NA,NA,NA,NA,0.0,0,-24.51,-10.18,[],0,0,[],[]
31818150,31820280,NA,NOF,0.0,948,pause,NA,NA,NA,NA,0.0,0,-25.92,-9.06,[],0,0,[],[]
31820280,31821080,NA,OLF,0.0,948,pause,NA,NA,NA,NA,0.0,0,-38.81,-29.92,[],0,0,[],[]
31821080,31821930,NA,NOF,0.0,948,pause,NA,NA,NA,NA,0.0,0,-49.1,-41.21,[],0,0,[],[]
31821930,31823540,FEM,FAN,2.35,948,AMF,BC,0,NT,FI,0.0,0,-36.22,-26.13,[],0,0,[],[]
31823540,31826830,NA,NOF,0.0,948,AMF,NA,NA,NA,NA,0.0,0,-39.48,-26.7,[],0,0,[],[]
31826830,31829200,FEM,FAN,9.66,948,AMF,RC,0,NT,FH,0.0,0,-36.38,-28.18,[],0,0,[],[]
31829200,31830230,NA,NOF,0.0,948,AMF,NA,NA,NA,NA,0.0,0,-49.46,-41.95,[],0,0,[],[]
31830230,31831230,NA,FAF,0.0,948,AMF,NA,NA,NA,NA,0.0,0,-43.68,-37.92,[],0,0,[],[]
31831230,31833550,NA,NOF,0.0,948,AMF,NA,NA,NA,NA,0.0,0,-45.54,-28.45,[],0,0,[],[]
31833550,31834760,FEM,FAN,7.36,948,AMF,RC,0,NT,FH,0.0,0,-39.13,-29.71,[],0,0,[],[]
31834760,31835570,NA,FAF,0.0,948,AMF,NA,NA,NA,NA,0.0,0,-46.5,-40.39,[],0,0,[],[]
31835570,31836850,FEM,FAN,3.5,948,AMF,RC,0,NT,FH,0.0,0,-39.65,-34.7,[],0,0,[],[]
31836850,31838300,NA,NOF,0.0,948,AMF,NA,NA,NA,NA,0.0,0,-42.71,-32.72,[],0,0,[],[]
31838300,31839900,FEM,FAN,9.23,948,AMF,EC,0,NT,FH,0.0,0,-36.78,-29.55,[],0,0,[],[]
31839900,31840700,NA,OLN,0.0,949,pause,NA,NA,NA,NA,0.0,0,-40.35,-32.52,[],0,0,[],[]
31840700,31841620,NA,NOF,0.0,949,pause,NA,NA,NA,NA,0.0,0,-44.87,-37.45,[],0,0,[],[]
31841620,31842620,NA,FAF,0.0,949,pause,NA,NA,NA,NA,0.0,0,-42.38,-34.68,[],0,0,[],[]
31842620,31844120,NA,NOF,0.0,949,pause,NA,NA,NA,NA,0.0,0,-52.92,-44.68,[],0,0,[],[]
31844120,31845170,NA,FAF,0.0,949,pause,NA,NA,NA,NA,0.0,0,-45.07,-41.79,[],0,0,[],[]
31845170,31846800,NA,NOF,0.0,949,pause,NA,NA,NA,NA,0.0,0,-43.59,-27.88,[],0,0,[],[]
31846800,31847600,NA,SIL,0.0,949,pause,NA,NA,NA,NA,0.0,0,-50.62,-43.14,[],0,0,[],[]
31847600,31848400,NA,NOF,0.0,949,pause,NA,NA,NA,NA,0.0,0,-51.92,-47.94,[],0,0,[],[]
31848400,31849240,NA,SIL,0.0,949,pause,NA,NA,NA,NA,0.0,0,-47.21,-37.17,[],0,0,[],[]
31849240,31855140,NA,NOF,0.0,949,pause,NA,NA,NA,NA,0.0,0,-49.58,-37.3,[],0,0,[],[]
31855140,31856140,FEM,FAN,6.32,949,AIOCF,BC,0,NT,FI,0.0,0,-37.75,-29.98,[],0,0,[],[]
31856140,31856980,NA,SIL,0.0,949,AIOCF,NA,NA,NA,NA,0.0,0,-55.86,-50.2,[],0,0,[],[]
31856980,31858250,OCH,CXN,0.0,949,AIOCF,RC,0,NT,FI,0.0,0,-37.28,-28.66,[],0,0,[],[]
31858250,31859200,OCH,CXN,0.0,949,AIOCF,RC,0,NT,FH,0.0,0,-36.92,-28.46,[],0,0,[],[]
31859200,31860290,FEM,FAN,5.25,949,AIOCF,RC,0,NT,FI,0.0,0,-35.08,-23.45,[],0,0,[],[]
31860290,31861310,NA,NON,0.0,949,AIOCF,NA,NA,NA,NA,0.0,0,-33.19,-16.93,[],0,0,[],[]
31861310,31862320,NA,FAF,0.0,949,AIOCF,NA,NA,NA,NA,0.0,0,-42.83,-30.64,[],0,0,[],[]
31862320,31863940,NA,NOF,0.0,949,AIOCF,NA,NA,NA,NA,0.0,0,-39.46,-28.69,[],0,0,[],[]
31863940,31864960,FEM,FAN,3.89,949,AIOCF,EC,0,NT,FH,0.0,0,-37.61,-30.17,[],0,0,[],[]
31864960,31865760,NA,NOF,0.0,950,pause,NA,NA,NA,NA,0.0,0,-40.95,-31.54,[],0,0,[],[]
31865760,31866870,NA,MAF,0.0,950,pause,NA,NA,NA,NA,0.0,0,-45.01,-40.09,[],0,0,[],[]
31866870,31868600,NA,NOF,0.0,950,pause,NA,NA,NA,NA,0.0,0,-42.51,-31.65,[],0,0,[],[]
31868600,31869400,NA,OLN,0.0,950,pause,NA,NA,NA,NA,0.0,0,-38.88,-31.82,[],0,0,[],[]
31869400,31873330,NA,NOF,0.0,950,pause,NA,NA,NA,NA,0.0,0,-41.82,-32.61,[],0,0,[],[]
31873330,31874130,NA,OLN,0.0,950,pause,NA,NA,NA,NA,0.0,0,-36.75,-30.08,[],0,0,[],[]
31874130,31876140,NA,FAF,0.0,950,pause,NA,NA,NA,NA,0.0,0,-43.16,-32.78,[],0,0,[],[]
31876140,31877060,NA,CXF,0.0,950,pause,NA,NA,NA,NA,0.0,0,-39.8,-29.4,[],0,0,[],[]
31877060,31878060,NA,FAF,0.0,950,pause,NA,NA,NA,NA,0.0,0,-39.49,-33.12,[],0,0,[],[]
31878060,31882920,NA,NOF,0.0,950,pause,NA,NA,NA,NA,0.0,0,-41.45,-32.04,[],0,0,[],[]
31882920,31883720,NA,OLN,0.0,950,pause,NA,NA,NA,NA,0.0,0,-19.44,-9.77,[],0,0,[],[]
31883720,31885280,CHI,CHN,0.0,950,CM,EC,0,NT,FI,1.0,1180,-17.14,-7.95,"[{'Canonical-syllable': '1', 'Growl': '0', 'High-freq-energy': '0', 'Long-island': '0', 'Low-tilt-spectrum': '2', 'Medium-island': '2', 'Short-island': '1', 'Squeal': '0', 'Typical-entropy': '3', 'Voicing-quality': '3', 'Wide-band': '0', 'Xlong-island': '0', 'seq': '1', 'end': 31884.9, 'start': 31883.72}]",0,0,[],[]
31885280,31886390,NA,NOF,0.0,951,pause,NA,NA,NA,NA,0.0,0,-26.44,-7.54,[],0,0,[],[]
31886390,31887580,NA,OLN,0.0,951,pause,NA,NA,NA,NA,0.0,0,-21.32,-5.13,[],0,0,[],[]
31887580,31888380,NA,NOF,0.0,951,pause,NA,NA,NA,NA,0.0,0,-24.89,-10.38,[],0,0,[],[]
31888380,31889190,NA,OLF,0.0,951,pause,NA,NA,NA,NA,0.0,0,-14.26,-1.93,[],0,0,[],[]
31889190,31893390,NA,NOF,0.0,951,pause,NA,NA,NA,NA,0.0,0,-30.19,-10.63,[],0,0,[],[]
31893390,31895050,NA,MAF,0.0,951,pause,NA,NA,NA,NA,0.0,0,-38.36,-29.19,[],0,0,[],[]
31895050,31895870,NA,SIL,0.0,951,pause,NA,NA,NA,NA,0.0,0,-48.41,-43.42,[],0,0,[],[]
31895870,31897300,NA,NOF,0.0,951,pause,NA,NA,NA,NA,0.0,0,-40.22,-32.66,[],0,0,[],[]
31897300,31898120,NA,OLN,0.0,951,pause,NA,NA,NA,NA,0.0,0,-37.63,-31.14,[],0,0,[],[]
31898120,31899290,NA,NOF,0.0,951,pause,NA,NA,NA,NA,0.0,0,-41.37,-32.69,[],0,0,[],[]
31899290,31900590,NA,MAF,0.0,951,pause,NA,NA,NA,NA,0.0,0,-39.36,-27.06,[],0,0,[],[]
31900590,31901830,NA,NOF,0.0,951,pause,NA,NA,NA,NA,0.0,0,-45.31,-39.52,[],0,0,[],[]
31901830,31902870,NA,SIL,0.0,951,pause,NA,NA,NA,NA,0.0,0,-49.17,-41.6,[],0,0,[],[]
31902870,31903680,NA,NOF,0.0,951,pause,NA,NA,NA,NA,0.0,0,-39.97,-33.23,[],0,0,[],[]
31903680,31904480,NA,OLF,0.0,951,pause,NA,NA,NA,NA,0.0,0,-38.36,-26.24,[],0,0,[],[]
31904480,31905940,NA,NOF,0.0,951,pause,NA,NA,NA,NA,0.0,0,-38.31,-27.04,[],0,0,[],[]
31905940,31906750,NA,OLN,0.0,951,pause,NA,NA,NA,NA,0.0,0,-18.17,-5.82,[],0,0,[],[]
31906750,31910720,NA,NOF,0.0,951,pause,NA,NA,NA,NA,0.0,0,-19.79,-2.49,[],0,0,[],[]
31910720,31911530,NA,OLF,0.0,951,pause,NA,NA,NA,NA,0.0,0,-19.24,-3.42,[],0,0,[],[]
31911530,31913590,NA,NOF,0.0,951,pause,NA,NA,NA,NA,0.0,0,-25.01,-11.98,[],0,0,[],[]
31913590,31914350,CHI,CHN,0.0,951,CM,EC,0,NT,FI,1.0,760,-24.89,-20.03,"[{'Canonical-syllable': '0', 'Growl': '1', 'High-freq-energy': '1', 'Long-island': '0', 'Low-tilt-spectrum': '1', 'Medium-island': '1', 'Short-island': '1', 'Squeal': '0', 'Typical-entropy': '1', 'Voicing-quality': '1', 'Wide-band': '1', 'Xlong-island': '0', 'seq': '1', 'end': 31914.35, 'start': 31913.59}]",0,0,[],[]
31914350,31915170,NA,OLN,0.0,952,pause,NA,NA,NA,NA,0.0,0,-26.28,-13.6,[],0,0,[],[]
31915170,31915970,NA,NOF,0.0,952,pause,NA,NA,NA,NA,0.0,0,-40.03,-26.01,[],0,0,[],[]
31915970,31917030,NA,MAF,0.0,952,pause,NA,NA,NA,NA,0.0,0,-40.38,-34.87,[],0,0,[],[]
31917030,31919940,NA,NOF,0.0,952,pause,NA,NA,NA,NA,0.0,0,-31.56,-8.87,[],0,0,[],[]
31919940,31920940,NA,FAF,0.0,952,pause,NA,NA,NA,NA,0.0,0,-43.1,-33.0,[],0,0,[],[]
31920940,31923940,NA,NOF,0.0,952,pause,NA,NA,NA,NA,0.0,0,-42.24,-34.76,[],0,0,[],[]
31923940,31924850,NA,OLN,0.0,952,pause,NA,NA,NA,NA,0.0,0,-31.77,-19.44,[],0,0,[],[]
31924850,31925870,CHI,CHN,0.0,952,CIC,BC,0,TIFI,FI,1.0,1020,-15.38,-3.75,"[{'Canonical-syllable': '0', 'Growl': '0', 'High-freq-energy': '0', 'Long-island': '0', 'Low-tilt-spectrum': '1', 'Medium-island': '0', 'Short-island': '3', 'Squeal': '0', 'Typical-entropy': '2', 'Voicing-quality': '3', 'Wide-band': '0', 'Xlong-island': '0', 'seq': '1', 'end': 31925.87, 'start': 31924.97}]",0,0,[],[]
31925870,31926730,NA,NOF,0.0,952,CIC,NA,NA,NA,NA,0.0,0,-40.16,-29.59,[],0,0,[],[]
31926730,31928840,FEM,FAN,9.73,952,CIC,RC,1,TIFR,FI,0.0,0,-37.89,-28.78,[],0,0,[],[]
31928840,31929850,MAL,MAN,2.35,952,CIC,EC,1,NT,FI,0.0,0,-38.39,-29.15,[],0,0,[],[]
31929850,31930650,NA,SIL,0.0,953,pause,NA,NA,NA,NA,0.0,0,-45.04,-36.97,[],0,0,[],[]
31930650,31933290,NA,NOF,0.0,953,pause,NA,NA,NA,NA,0.0,0,-42.33,-31.11,[],0,0,[],[]
31933290,31934780,NA,OLN,0.0,953,pause,NA,NA,NA,NA,0.0,0,-34.27,-25.6,[],0,0,[],[]
31934780,31935870,CHI,CHN,0.0,953,pause,NA,NA,NA,NA,0.0,0,-18.35,-7.29,[],0,580,"[{'start': 31934.78, 'end': 31935.36}]",[]
31935870,31936670,NA,SIL,0.0,953,pause,NA,NA,NA,NA,0.0,0,-47.2,-40.29,[],0,0,[],[]
31936670,31938030,FEM,FAN,6.71,953,AICF,BC,0,NT,FI,0.0,0,-29.55,-15.21,[],0,0,[],[]
31938030,31939140,MAL,MAN,6.09,953,AICF,RC,0,NT,FI,0.0,0,-40.59,-33.76,[],0,0,[],[]
31939140,31940150,NA,TVF,0.0,953,AICF,NA,NA,NA,NA,0.0,0,-45.63,-38.6,[],0,0,[],[]
31940150,31942350,FEM,FAN,9.38,953,AICF,RC,0,TIFI,FI,0.0,0,-39.23,-33.12,[],0,0,[],[]
31942350,31944830,NA,NOF,0.0,953,AICF,NA,NA,NA,NA,0.0,0,-32.2,-12.48,[],0,0,[],[]
31944830,31945840,CHI,CHN,0.0,953,AICF,EC,1,TIFR,FI,1.0,800,-18.78,-11.07,"[{'Canonical-syllable': '1', 'Growl': '0', 'High-freq-energy': '0', 'Long-island': '0', 'Low-tilt-spectrum': '1', 'Medium-island': '2', 'Short-island': '0', 'Squeal': '0', 'Typical-entropy': '2', 'Voicing-quality': '2', 'Wide-band': '0', 'Xlong-island': '0', 'seq': '1', 'end': 31945.63, 'start': 31944.83}]",0,0,[],[]
31945840,31946730,NA,FAF,0.0,954,pause,NA,NA,NA,NA,0.0,0,-40.25,-31.13,[],0,0,[],[]
31946730,31948950,NA,SIL,0.0,954,pause,NA,NA,NA,NA,0.0,0,-48.91,-39.57,[],0,0,[],[]
31948950,31949870,NA,NOF,0.0,954,pause,NA,NA,NA,NA,0.0,0,-37.21,-20.2,[],0,0,[],[]
31949870,31950740,NA,OLF,0.0,954,pause,NA,NA,NA,NA,0.0,0,-35.59,-20.74,[],0,0,[],[]
31950740,31952190,NA,NOF,0.0,954,pause,NA,NA,NA,NA,0.0,0,-39.9,-27.21,[],0,0,[],[]
31952190,31953630,NA,TVN,0.0,954,pause,NA,NA,NA,NA,0.0,0,-38.88,-28.04,[],0,0,[],[]
31953630,31954630,NA,NON,0.0,954,pause,NA,NA,NA,NA,0.0,0,-23.35,-7.98,[],0,0,[],[]
31954630,31955460,NA,OLN,0.0,954,pause,NA,NA,NA,NA,0.0,0,-26.52,-12.86,[],0,0,[],[]
31955460,31957860,NA,NOF,0.0,954,pause,NA,NA,NA,NA,0.0,0,-33.76,-16.45,[],0,0,[],[]
31957860,31958840,NA,OLF,0.0,954,pause,NA,NA,NA,NA,0.0,0,-27.13,-9.53,[],0,0,[],[]
31958840,31967260,NA,NOF,0.0,954,pause,NA,NA,NA,NA,0.0,0,-24.76,-1.81,[],0,0,[],[]
31967260,31968150,NA,SIL,0.0,954,pause,NA,NA,NA,NA,0.0,0,-45.33,-39.97,[],0,0,[],[]
31968150,31970260,NA,NOF,0.0,954,pause,NA,NA,NA,NA,0.0,0,-44.24,-33.63,[],0,0,[],[]
31970260,31973310,NA,SIL,0.0,954,pause,NA,NA,NA,NA,0.0,0,-45.87,-32.21,[],0,0,[],[]
31973310,31974520,NA,OLF,0.0,954,pause,NA,NA,NA,NA,0.0,0,-22.74,-6.74,[],0,0,[],[]
31974520,31975320,NA,SIL,0.0,954,pause,NA,NA,NA,NA,0.0,0,-46.45,-42.89,[],0,0,[],[]
31975320,31976120,NA,NOF,0.0,954,pause,NA,NA,NA,NA,0.0,0,-39.95,-30.12,[],0,0,[],[]
31976120,31977010,NA,SIL,0.0,954,pause,NA,NA,NA,NA,0.0,0,-47.25,-43.05,[],0,0,[],[]
31977010,31978580,NA,NOF,0.0,954,pause,NA,NA,NA,NA,0.0,0,-41.96,-25.28,[],0,0,[],[]
31978580,31979580,NA,MAF,0.0,954,pause,NA,NA,NA,NA,0.0,0,-43.62,-36.1,[],0,0,[],[]
31979580,31980820,NA,NOF,0.0,954,pause,NA,NA,NA,NA,0.0,0,-40.8,-26.42,[],0,0,[],[]
31980820,31981680,NA,SIL,0.0,954,pause,NA,NA,NA,NA,0.0,0,-46.86,-43.77,[],0,0,[],[]
31981680,31983470,NA,NOF,0.0,954,pause,NA,NA,NA,NA,0.0,0,-43.88,-33.62,[],0,0,[],[]
31983470,31984270,NA,SIL,0.0,954,pause,NA,NA,NA,NA,0.0,0,-46.37,-40.17,[],0,0,[],[]
31984270,31985530,NA,NOF,0.0,954,pause,NA,NA,NA,NA,0.0,0,-45.96,-42.0,[],0,0,[],[]
31985530,31986330,NA,OLF,0.0,954,pause,NA,NA,NA,NA,0.0,0,-43.95,-36.15,[],0,0,[],[]
31986330,31989260,NA,NOF,0.0,954,pause,NA,NA,NA,NA,0.0,0,-44.39,-30.43,[],0,0,[],[]
31989260,31992320,NA,SIL,0.0,954,pause,NA,NA,NA,NA,0.0,0,-47.64,-38.95,[],0,0,[],[]
31992320,31993460,NA,NOF,0.0,954,pause,NA,NA,NA,NA,0.0,0,-39.62,-24.83,[],0,0,[],[]
31993460,31994550,NA,SIL,0.0,954,pause,NA,NA,NA,NA,0.0,0,-40.15,-23.56,[],0,0,[],[]
31994550,31995550,NA,MAF,0.0,954,pause,NA,NA,NA,NA,0.0,0,-43.54,-32.98,[],0,0,[],[]
31995550,31999670,NA,NON,0.0,954,pause,NA,NA,NA,NA,0.0,0,-29.69,-6.37,[],0,0,[],[]
31999670,32002300,NA,SIL,0.0,954,pause,NA,NA,NA,NA,0.0,0,-46.56,-37.64,[],0,0,[],[]
32002300,32004810,FEM,FAN,6.5,954,AMF,EC,0,NT,FI,0.0,0,-26.51,-11.87,[],0,0,[],[]
32004810,32005610,NA,SIL,0.0,955,pause,NA,NA,NA,NA,0.0,0,-42.62,-32.05,[],0,0,[],[]
32005610,32006410,NA,NOF,0.0,955,pause,NA,NA,NA,NA,0.0,0,-22.07,-8.14,[],0,0,[],[]
32006410,32007340,NA,SIL,0.0,955,pause,NA,NA,NA,NA,0.0,0,-46.63,-39.39,[],0,0,[],[]
32007340,32013360,NA,NOF,0.0,955,pause,NA,NA,NA,NA,0.0,0,-38.97,-20.38,[],0,0,[],[]
32013360,32014170,OCH,CXN,0.0,955,XIC,BC,0,NT,FI,0.0,0,-32.9,-26.07,[],0,0,[],[]
32014170,32014770,CHI,CHN,0.0,955,XIC,NA,NA,NA,NA,0.0,0,-30.11,-21.54,[],0,210,[],"[{'start': 32014.56, 'end': 32014.77}]"
32014770,32015890,FEM,FAN,7.95,955,XIC,RC,0,TIFI,FI,0.0,0,-19.68,-6.03,[],0,0,[],[]
32015890,32016790,NA,NOF,0.0,955,XIC,NA,NA,NA,NA,0.0,0,-18.49,-4.18,[],0,0,[],[]
32016790,32017990,NA,OLN,0.0,955,XIC,NA,NA,NA,NA,0.0,0,-22.74,-8.52,[],0,0,[],[]
32017990,32018590,CHI,CHN,0.0,955,XIC,RC,1,TIFR,FI,1.0,600,-31.87,-24.53,"[{'Canonical-syllable': '0', 'Growl': '0', 'High-freq-energy': '0', 'Long-island': '0', 'Low-tilt-spectrum': '0', 'Medium-island': '1', 'Short-island': '0', 'Squeal': '0', 'Typical-entropy': '1', 'Voicing-quality': '1', 'Wide-band': '0', 'Xlong-island': '0', 'seq': '1', 'end': 32018.59, 'start': 32017.99}]",0,0,[],[]
32018590,32019390,NA,NOF,0.0,955,XIC,NA,NA,NA,NA,0.0,0,-41.71,-31.95,[],0,0,[],[]
32019390,32020020,CHI,CHN,0.0,955,XIC,EC,1,NT,FH,1.0,210,-35.74,-25.83,"[{'Canonical-syllable': '0', 'Growl': '1', 'High-freq-energy': '0', 'Long-island': '0', 'Low-tilt-spectrum': '1', 'Medium-island': '0', 'Short-island': '1', 'Squeal': '0', 'Typical-entropy': '0', 'Voicing-quality': '1', 'Wide-band': '0', 'Xlong-island': '0', 'seq': '1', 'end': 32019.6, 'start': 32019.39}]",0,0,[],[]
32020020,32020980,NA,OLN,0.0,956,pause,NA,NA,NA,NA,0.0,0,-23.14,-12.79,[],0,0,[],[]
32020980,32022660,NA,NOF,0.0,956,pause,NA,NA,NA,NA,0.0,0,-46.81,-40.84,[],0,0,[],[]
32022660,32024760,NA,SIL,0.0,956,pause,NA,NA,NA,NA,0.0,0,-47.92,-40.95,[],0,0,[],[]
32024760,32025860,NA,FAF,0.0,956,pause,NA,NA,NA,NA,0.0,0,-43.72,-36.98,[],0,0,[],[]
32025860,32027490,NA,MAF,0.0,956,pause,NA,NA,NA,NA,0.0,0,-29.84,-12.03,[],0,0,[],[]
32027490,32029410,NA,NOF,0.0,956,pause,NA,NA,NA,NA,0.0,0,-27.54,-7.61,[],0,0,[],[]
32029410,32030410,NA,TVN,0.0,956,pause,NA,NA,NA,NA,0.0,0,-39.68,-28.67,[],0,0,[],[]
32030410,32031510,NA,FAF,0.0,956,pause,NA,NA,NA,NA,0.0,0,-41.94,-35.85,[],0,0,[],[]
32031510,32041370,NA,NOF,0.0,956,pause,NA,NA,NA,NA,0.0,0,-35.62,-8.78,[],0,0,[],[]
32041370,32042170,NA,SIL,0.0,956,pause,NA,NA,NA,NA,0.0,0,-47.85,-43.49,[],0,0,[],[]
32042170,32042970,NA,OLF,0.0,956,pause,NA,NA,NA,NA,0.0,0,-20.61,-6.77,[],0,0,[],[]
32042970,32043770,NA,SIL,0.0,956,pause,NA,NA,NA,NA,0.0,0,-47.14,-42.7,[],0,0,[],[]
32043770,32046490,NA,NOF,0.0,956,pause,NA,NA,NA,NA,0.0,0,-33.02,-13.34,[],0,0,[],[]
32046490,32047400,NA,SIL,0.0,956,pause,NA,NA,NA,NA,0.0,0,-45.92,-38.68,[],0,0,[],[]
32047400,32048250,NA,NOF,0.0,956,pause,NA,NA,NA,NA,0.0,0,-39.34,-23.88,[],0,0,[],[]
32048250,32049050,NA,SIL,0.0,956,pause,NA,NA,NA,NA,0.0,0,-47.84,-40.62,[],0,0,[],[]
32049050,32049850,NA,NOF,0.0,956,pause,NA,NA,NA,NA,0.0,0,-31.95,-18.03,[],0,0,[],[]
32049850,32050850,NA,TVF,0.0,956,pause,NA,NA,NA,NA,0.0,0,-43.26,-32.96,[],0,0,[],[]
32050850,32054410,NA,NOF,0.0,956,pause,NA,NA,NA,NA,0.0,0,-18.58,-3.35,[],0,0,[],[]
32054410,32055410,NA,MAF,0.0,956,pause,NA,NA,NA,NA,0.0,0,-44.34,-37.59,[],0,0,[],[]
32055410,32057220,NA,NOF,0.0,956,pause,NA,NA,NA,NA,0.0,0,-34.45,-18.33,[],0,0,[],[]
32057220,32058100,NA,SIL,0.0,956,pause,NA,NA,NA,NA,0.0,0,-46.36,-39.74,[],0,0,[],[]
32058100,32058930,NA,CHF,0.0,956,pause,NA,NA,NA,NA,0.0,0,-20.65,-2.5,[],0,0,[],[]
32058930,32060680,NA,SIL,0.0,956,pause,NA,NA,NA,NA,0.0,0,-47.43,-42.13,[],0,0,[],[]
32060680,32061790,NA,NOF,0.0,956,pause,NA,NA,NA,NA,0.0,0,-40.15,-27.78,[],0,0,[],[]
32061790,32067750,NA,SIL,0.0,956,pause,NA,NA,NA,NA,0.0,0,-45.74,-33.02,[],0,0,[],[]
32067750,32072710,NA,NOF,0.0,956,pause,NA,NA,NA,NA,0.0,0,-32.68,-7.7,[],0,0,[],[]
32072710,32073510,NA,OLF,0.0,956,pause,NA,NA,NA,NA,0.0,0,-41.67,-33.79,[],0,0,[],[]
32073510,32075880,NA,NOF,0.0,956,pause,NA,NA,NA,NA,0.0,0,-46.07,-37.79,[],0,0,[],[]
32075880,32078120,CHI,CHN,0.0,956,CIOCAX,BC,0,NT,FI,2.0,590,-13.28,-1.43,"[{'Canonical-syllable': '0', 'Growl': '1', 'High-freq-energy': '0', 'Long-island': '0', 'Low-tilt-spectrum': '2', 'Medium-island': '0', 'Short-island': '2', 'Squeal': '0', 'Typical-entropy': '2', 'Voicing-quality': '2', 'Wide-band': '0', 'Xlong-island': '0', 'seq': '1', 'end': 32076.67, 'start': 32076.25}, {'Canonical-syllable': '0', 'Growl': '1', 'High-freq-energy': '0', 'Long-island': '0', 'Low-tilt-spectrum': '0', 'Medium-island': '0', 'Short-island': '1', 'Squeal': '0', 'Typical-entropy': '1', 'Voicing-quality': '1', 'Wide-band': '0', 'Xlong-island': '0', 'seq': '2', 'end': 32077.95, 'start': 32077.78}]",0,1380,"[{'start': 32075.88, 'end': 32076.25}, {'start': 32076.77, 'end': 32077.78}]",[]
32078120,32078990,NA,FAF,0.0,956,CIOCAX,NA,NA,NA,NA,0.0,0,-41.78,-26.86,[],0,0,[],[]
32078990,32079790,OCH,CXN,0.0,956,CIOCAX,RC,0,NT,FI,0.0,0,-40.0,-33.79,[],0,0,[],[]
32079790,32081150,NA,FAF,0.0,956,CIOCAX,NA,NA,NA,NA,0.0,0,-42.91,-34.27,[],0,0,[],[]
32081150,32081950,NA,SIL,0.0,956,CIOCAX,NA,NA,NA,NA,0.0,0,-45.61,-38.12,[],0,0,[],[]
32081950,32083090,FEM,FAN,7.26,956,CIOCAX,EC,0,NT,FI,0.0,0,-37.58,-22.03,[],0,0,[],[]
32083090,32083890,NA,NOF,0.0,957,pause,NA,NA,NA,NA,0.0,0,-32.27,-13.61,[],0,0,[],[]
32083890,32085460,NA,FAF,0.0,957,pause,NA,NA,NA,NA,0.0,0,-19.56,-5.23,[],0,0,[],[]
32085460,32088960,NA,SIL,0.0,957,pause,NA,NA,NA,NA,0.0,0,-44.84,-38.07,[],0,0,[],[]
32088960,32089960,NA,TVF,0.0,957,pause,NA,NA,NA,NA,0.0,0,-44.04,-39.35,[],0,0,[],[]
32089960,32091010,NA,SIL,0.0,957,pause,NA,NA,NA,NA,0.0,0,-45.19,-39.73,[],0,0,[],[]
32091010,32092360,CHI,CHN,0.0,957,CIOCX,BC,0,NT,FI,1.0,910,-21.01,-9.74,"[{'Canonical-syllable': '2', 'Growl': '0', 'High-freq-energy': '0', 'Long-island': '0', 'Low-tilt-spectrum': '2', 'Medium-island': '1', 'Short-island': '2', 'Squeal': '0', 'Typical-entropy': '0', 'Voicing-quality': '3', 'Wide-band': '0', 'Xlong-island': '0', 'seq': '1', 'end': 32092.36, 'start': 32091.45}]",0,0,[],[]
32092360,32093480,NA,MAF,0.0,957,CIOCX,NA,NA,NA,NA,0.0,0,-43.25,-36.94,[],0,0,[],[]
32093480,32094810,NA,SIL,0.0,957,CIOCX,NA,NA,NA,NA,0.0,0,-45.42,-41.13,[],0,0,[],[]
32094810,32095610,OCH,CXN,0.0,957,CIOCX,EC,0,NT,FI,0.0,0,-32.78,-22.68,[],0,0,[],[]
32095610,32096560,NA,SIL,0.0,958,pause,NA,NA,NA,NA,0.0,0,-45.29,-40.86,[],0,0,[],[]
32096560,32097550,NA,NOF,0.0,958,pause,NA,NA,NA,NA,0.0,0,-44.89,-41.24,[],0,0,[],[]
32097550,32098640,NA,FAF,0.0,958,pause,NA,NA,NA,NA,0.0,0,-29.09,-9.76,[],0,0,[],[]
32098640,32099850,NA,MAF,0.0,958,pause,NA,NA,NA,NA,0.0,0,-41.35,-29.82,[],0,0,[],[]
32099850,32100670,NA,OLF,0.0,958,pause,NA,NA,NA,NA,0.0,0,-25.54,-8.98,[],0,0,[],[]
32100670,32101350,CHI,CHN,0.0,958,CM,EC,0,NT,FI,1.0,680,-16.71,-5.12,"[{'Canonical-syllable': '1', 'Growl': '1', 'High-freq-energy': '0', 'Long-island': '0', 'Low-tilt-spectrum': '2', 'Medium-island': '1', 'Short-island': '1', 'Squeal': '0', 'Typical-entropy': '2', 'Voicing-quality': '2', 'Wide-band': '0', 'Xlong-island': '0', 'seq': '1', 'end': 32101.35, 'start': 32100.67}]",0,0,[],[]
32101350,32103920,NA,NOF,0.0,959,pause,NA,NA,NA,NA,0.0,0,-26.16,-8.17,[],0,0,[],[]
32103920,32104920,NA,FAF,0.0,959,pause,NA,NA,NA,NA,0.0,0,-35.41,-24.7,[],0,0,[],[]
32104920,32105790,NA,NOF,0.0,959,pause,NA,NA,NA,NA,0.0,0,-35.23,-22.89,[],0,0,[],[]
32105790,32106960,NA,MAF,0.0,959,pause,NA,NA,NA,NA,0.0,0,-39.17,-31.59,[],0,0,[],[]
32106960,32107960,NA,FAF,0.0,959,pause,NA,NA,NA,NA,0.0,0,-42.79,-37.28,[],0,0,[],[]
32107960,32109650,NA,NOF,0.0,959,pause,NA,NA,NA,NA,0.0,0,-30.7,-12.01,[],0,0,[],[]
32109650,32110250,NA,OLF,0.0,959,pause,NA,NA,NA,NA,0.0,0,-26.91,-11.4,[],0,0,[],[]
32110250,32112040,NA,NON,0.0,959,pause,NA,NA,NA,NA,0.0,0,-22.89,-4.88,[],0,0,[],[]
32112040,32116950,NA,OLN,0.0,959,pause,NA,NA,NA,NA,0.0,0,-20.62,-5.43,[],0,0,[],[]
32116950,32117770,NA,OLF,0.0,959,pause,NA,NA,NA,NA,0.0,0,-41.07,-36.43,[],0,0,[],[]
32117770,32118590,NA,CXF,0.0,959,pause,NA,NA,NA,NA,0.0,0,-38.87,-33.8,[],0,0,[],[]
32118590,32120080,FEM,FAN,4.96,959,AMF,BC,0,NT,FI,0.0,0,-38.35,-29.73,[],0,0,[],[]
32120080,32121220,NA,NOF,0.0,959,AMF,NA,NA,NA,NA,0.0,0,-41.24,-36.14,[],0,0,[],[]
32121220,32122660,FEM,FAN,2.86,959,AMF,RC,0,NT,FH,0.0,0,-37.61,-27.32,[],0,0,[],[]
32122660,32123460,NA,SIL,0.0,959,AMF,NA,NA,NA,NA,0.0,0,-44.53,-36.31,[],0,0,[],[]
32123460,32125130,FEM,FAN,6.18,959,AMF,RC,0,NT,FH,0.0,0,-28.83,-17.17,[],0,0,[],[]
32125130,32125930,NA,SIL,0.0,959,AMF,NA,NA,NA,NA,0.0,0,-44.81,-35.58,[],0,0,[],[]
32125930,32127070,FEM,FAN,6.91,959,AMF,EC,0,NT,FH,0.0,0,-39.27,-31.79,[],0,0,[],[]
32127070,32127880,NA,SIL,0.0,960,pause,NA,NA,NA,NA,0.0,0,-44.32,-38.89,[],0,0,[],[]
32127880,32128890,NA,FAF,0.0,960,pause,NA,NA,NA,NA,0.0,0,-39.15,-31.33,[],0,0,[],[]
32128890,32129690,NA,SIL,0.0,960,pause,NA,NA,NA,NA,0.0,0,-47.69,-43.15,[],0,0,[],[]
32129690,32130690,NA,FAF,0.0,960,pause,NA,NA,NA,NA,0.0,0,-39.89,-34.33,[],0,0,[],[]
32130690,32131520,NA,OLF,0.0,960,pause,NA,NA,NA,NA,0.0,0,-20.4,-4.11,[],0,0,[],[]
32131520,32134650,NA,NON,0.0,960,pause,NA,NA,NA,NA,0.0,0,-19.69,-3.86,[],0,0,[],[]
32134650,32135250,CHI,CHN,0.0,960,pause,NA,NA,NA,NA,0.0,0,-25.73,-11.14,[],0,120,"[{'start': 32134.79, 'end': 32134.91}]",[]
32135250,32136240,NA,NON,0.0,960,pause,NA,NA,NA,NA,0.0,0,-25.78,-10.23,[],0,0,[],[]
32136240,32137240,NA,MAF,0.0,960,pause,NA,NA,NA,NA,0.0,0,-31.58,-17.73,[],0,0,[],[]
32137240,32138320,NA,NOF,0.0,960,pause,NA,NA,NA,NA,0.0,0,-26.91,-12.38,[],0,0,[],[]
32138320,32139120,NA,OLN,0.0,960,pause,NA,NA,NA,NA,0.0,0,-18.34,-10.95,[],0,0,[],[]
32139120,32140150,CHI,CHN,0.0,960,CM,EC,0,NT,FI,1.0,1030,-19.87,-10.94,"[{'Canonical-syllable': '0', 'Growl': '0', 'High-freq-energy': '0', 'Long-island': '0', 'Low-tilt-spectrum': '1', 'Medium-island': '0', 'Short-island': '0', 'Squeal': '0', 'Typical-entropy': '0', 'Voicing-quality': '1', 'Wide-band': '0', 'Xlong-island': '1', 'seq': '1', 'end': 32140.15, 'start': 32139.12}]",0,0,[],[]
32140150,32141150,NA,MAF,0.0,961,pause,NA,NA,NA,NA,0.0,0,-27.94,-12.1,[],0,0,[],[]
32141150,32142750,NA,NON,0.0,961,pause,NA,NA,NA,NA,0.0,0,-19.51,-5.45,[],0,0,[],[]
32142750,32143550,NA,OLF,0.0,961,pause,NA,NA,NA,NA,0.0,0,-21.01,-7.64,[],0,0,[],[]
32143550,32145310,NA,NON,0.0,961,pause,NA,NA,NA,NA,0.0,0,-15.96,-2.41,[],0,0,[],[]
32145310,32145910,CHI,CHN,0.0,961,pause,NA,NA,NA,NA,0.0,0,-12.85,-3.18,[],0,150,[],"[{'start': 32145.48, 'end': 32145.63}]"
32145910,32146960,FEM,FAN,5.2,961,AMF,EC,0,NT,FI,0.0,0,-22.85,-5.12,[],0,0,[],[]
32146960,32148110,NA,NOF,0.0,962,pause,NA,NA,NA,NA,0.0,0,-22.04,-6.34,[],0,0,[],[]
32148110,32148910,NA,OLN,0.0,962,pause,NA,NA,NA,NA,0.0,0,-19.47,-4.99,[],0,0,[],[]
32148910,32156010,NA,NOF,0.0,962,pause,NA,NA,NA,NA,0.0,0,-20.89,-2.46,[],0,0,[],[]
32156010,32157500,NA,FAF,0.0,962,pause,NA,NA,NA,NA,0.0,0,-40.19,-32.24,[],0,0,[],[]
32157500,32159010,NA,NOF,0.0,962,pause,NA,NA,NA,NA,0.0,0,-42.27,-31.74,[],0,0,[],[]
32159010,32160290,FEM,FAN,3.08,962,AICF,BC,0,TIFI,FI,0.0,0,-37.51,-29.59,[],0,0,[],[]
32160290,32164000,NA,NOF,0.0,962,AICF,NA,NA,NA,NA,0.0,0,-34.06,-15.86,[],0,0,[],[]
32164000,32164710,CHI,CHN,0.0,962,AICF,RC,1,TIFR,FI,1.0,250,-29.55,-15.32,"[{'Canonical-syllable': '0', 'Growl': '0', 'High-freq-energy': '1', 'Long-island': '0', 'Low-tilt-spectrum': '1', 'Medium-island': '0', 'Short-island': '1', 'Squeal': '0', 'Typical-entropy': '1', 'Voicing-quality': '0', 'Wide-band': '1', 'Xlong-island': '0', 'seq': '1', 'end': 32164.71, 'start': 32164.46}]",0,0,[],[]
32164710,32165580,NA,OLN,0.0,962,AICF,NA,NA,NA,NA,0.0,0,-32.94,-19.12,[],0,0,[],[]
32165580,32166190,CHI,CHN,0.0,962,AICF,RC,1,NT,FH,1.0,480,-19.15,-14.1,"[{'Canonical-syllable': '0', 'Growl': '0', 'High-freq-energy': '0', 'Long-island': '0', 'Low-tilt-spectrum': '0', 'Medium-island': '1', 'Short-island': '0', 'Squeal': '0', 'Typical-entropy': '0', 'Voicing-quality': '1', 'Wide-band': '0', 'Xlong-island': '0', 'seq': '1', 'end': 32166.06, 'start': 32165.58}]",0,0,[],[]
32166190,32170270,FEM,FAN,15.06,962,AICF,RC,1,TIFE,FI,0.0,0,-29.64,-19.39,[],0,0,[],[]
32170270,32171360,NA,SIL,0.0,962,AICF,NA,NA,NA,NA,0.0,0,-45.68,-35.59,[],0,0,[],[]
32171360,32174600,FEM,FAN,11.6,962,AICF,RC,1,NT,FH,0.0,0,-35.81,-25.0,[],0,0,[],[]
32174600,32175960,NA,OLN,0.0,962,AICF,NA,NA,NA,NA,0.0,0,-22.35,-6.61,[],0,0,[],[]
32175960,32176800,OCH,CXN,0.0,962,AICF,RC,1,NT,FI,0.0,0,-35.77,-30.6,[],0,0,[],[]
32176800,32177710,NA,OLN,0.0,962,AICF,NA,NA,NA,NA,0.0,0,-21.78,-8.41,[],0,0,[],[]
32177710,32178720,FEM,FAN,2.46,962,AICF,RC,1,NT,FI,0.0,0,-34.43,-22.13,[],0,0,[],[]
32178720,32180030,NA,OLN,0.0,962,AICF,NA,NA,NA,NA,0.0,0,-24.22,-8.1,[],0,0,[],[]
32180030,32181190,FEM,FAN,1.69,962,AICF,RC,1,NT,FH,0.0,0,-30.99,-19.99,[],0,0,[],[]
32181190,32182130,NA,NOF,0.0,962,AICF,NA,NA,NA,NA,0.0,0,-33.8,-22.62,[],0,0,[],[]
32182130,32184430,FEM,FAN,9.63,962,AICF,RC,1,NT,FH,0.0,0,-32.73,-26.13,[],0,0,[],[]
32184430,32185760,MAL,MAN,3.43,962,AICF,RC,1,NT,FI,0.0,0,-27.01,-15.11,[],0,0,[],[]
32185760,32186580,NA,NON,0.0,962,AICF,NA,NA,NA,NA,0.0,0,-16.02,-4.78,[],0,0,[],[]
32186580,32187450,NA,OLN,0.0,962,AICF,NA,NA,NA,NA,0.0,0,-17.61,-4.08,[],0,0,[],[]
32187450,32188870,MAL,MAN,9.5,962,AICF,RC,1,NT,FH,0.0,0,-31.58,-23.03,[],0,0,[],[]
32188870,32189670,NA,FAF,0.0,962,AICF,NA,NA,NA,NA,0.0,0,-42.66,-36.59,[],0,0,[],[]
32189670,32190670,MAL,MAN,1.16,962,AICF,RC,1,NT,FH,0.0,0,-34.02,-25.0,[],0,0,[],[]
32190670,32192210,FEM,FAN,1.89,962,AICF,RC,1,NT,FI,0.0,0,-38.36,-28.01,[],0,0,[],[]
32192210,32193170,NA,NOF,0.0,962,AICF,NA,NA,NA,NA,0.0,0,-37.73,-23.42,[],0,0,[],[]
32193170,32193970,NA,OLN,0.0,962,AICF,NA,NA,NA,NA,0.0,0,-35.35,-29.92,[],0,0,[],[]
32193970,32195640,FEM,FAN,5.06,962,AICF,RC,1,NT,FH,0.0,0,-34.63,-20.36,[],0,0,[],[]
32195640,32196700,NA,NOF,0.0,962,AICF,NA,NA,NA,NA,0.0,0,-21.68,-5.91,[],0,0,[],[]
32196700,32197700,FEM,FAN,1.2,962,AICF,RC,1,NT,FH,0.0,0,-28.43,-12.44,[],0,0,[],[]
32197700,32198740,NA,OLN,0.0,962,AICF,NA,NA,NA,NA,0.0,0,-13.6,-3.31,[],0,0,[],[]
32198740,32199740,MAL,MAN,1.06,962,AICF,RC,1,NT,FI,0.0,0,-21.22,-4.88,[],0,0,[],[]
32199740,32200970,NA,OLN,0.0,962,AICF,NA,NA,NA,NA,0.0,0,-15.39,-4.83,[],0,0,[],[]
32200970,32201970,MAL,MAN,6.72,962,AICF,EC,1,NT,FH,0.0,0,-35.81,-28.22,[],0,0,[],[]
32201970,32203140,NA,NOF,0.0,963,pause,NA,NA,NA,NA,0.0,0,-21.03,-4.13,[],0,0,[],[]
32203140,32204170,NA,MAF,0.0,963,pause,NA,NA,NA,NA,0.0,0,-19.71,-5.54,[],0,0,[],[]
32204170,32205860,NA,OLN,0.0,963,pause,NA,NA,NA,NA,0.0,0,-19.21,-5.14,[],0,0,[],[]
32205860,32207130,NA,FAF,0.0,963,pause,NA,NA,NA,NA,0.0,0,-25.85,-7.86,[],0,0,[],[]
32207130,32207990,NA,OLN,0.0,963,pause,NA,NA,NA,NA,0.0,0,-17.73,-6.81,[],0,0,[],[]
32207990,32208810,NA,NOF,0.0,963,pause,NA,NA,NA,NA,0.0,0,-36.7,-28.12,[],0,0,[],[]
32208810,32209610,NA,OLF,0.0,963,pause,NA,NA,NA,NA,0.0,0,-28.93,-12.38,[],0,0,[],[]
32209610,32211020,NA,MAF,0.0,963,pause,NA,NA,NA,NA,0.0,0,-39.75,-32.65,[],0,0,[],[]
32211020,32215910,NA,NOF,0.0,963,pause,NA,NA,NA,NA,0.0,0,-40.44,-28.51,[],0,0,[],[]
32215910,32216950,NA,OLN,0.0,963,pause,NA,NA,NA,NA,0.0,0,-21.42,-5.78,[],0,0,[],[]
32216950,32219260,NA,NOF,0.0,963,pause,NA,NA,NA,NA,0.0,0,-29.3,-11.05,[],0,0,[],[]
32219260,32220620,MAL,MAN,7.58,963,AMM,EC,0,NT,FI,0.0,0,-36.95,-30.66,[],0,0,[],[]
32220620,32221900,NA,NOF,0.0,964,pause,NA,NA,NA,NA,0.0,0,-26.89,-13.04,[],0,0,[],[]
32221900,32222970,NA,MAF,0.0,964,pause,NA,NA,NA,NA,0.0,0,-37.03,-26.0,[],0,0,[],[]
32222970,32223970,NA,TVF,0.0,964,pause,NA,NA,NA,NA,0.0,0,-38.78,-31.25,[],0,0,[],[]
32223970,32225410,NA,FAF,0.0,964,pause,NA,NA,NA,NA,0.0,0,-40.68,-33.06,[],0,0,[],[]
32225410,32226810,NA,NOF,0.0,964,pause,NA,NA,NA,NA,0.0,0,-34.23,-25.49,[],0,0,[],[]
32226810,32227920,NA,OLN,0.0,964,pause,NA,NA,NA,NA,0.0,0,-30.53,-18.54,[],0,0,[],[]
32227920,32229470,NA,MAF,0.0,964,pause,NA,NA,NA,NA,0.0,0,-38.25,-24.28,[],0,0,[],[]
32229470,32230950,NA,NOF,0.0,964,pause,NA,NA,NA,NA,0.0,0,-39.45,-30.03,[],0,0,[],[]
32230950,32232270,FEM,FAN,5.76,964,AICF,BC,0,NT,FI,0.0,0,-33.22,-26.13,[],0,0,[],[]
32232270,32233550,MAL,MAN,3.9,964,AICF,RC,0,NT,FI,0.0,0,-40.58,-32.68,[],0,0,[],[]
32233550,32234740,NA,OLN,0.0,964,AICF,NA,NA,NA,NA,0.0,0,-24.74,-7.62,[],0,0,[],[]
32234740,32235560,NA,NOF,0.0,964,AICF,NA,NA,NA,NA,0.0,0,-43.3,-32.09,[],0,0,[],[]
32235560,32237060,NA,OLF,0.0,964,AICF,NA,NA,NA,NA,0.0,0,-33.67,-21.55,[],0,0,[],[]
32237060,32239990,FEM,FAN,11.05,964,AICF,RC,0,NT,FI,0.0,0,-26.12,-8.18,[],0,0,[],[]
32239990,32240790,FEM,FAN,5.9,964,AICF,RC,0,NT,FH,0.0,0,-36.18,-26.04,[],0,0,[],[]
32240790,32242160,FEM,FAN,8.09,964,AICF,RC,0,NT,FH,0.0,0,-35.03,-28.35,[],0,0,[],[]
32242160,32242770,NA,MAF,0.0,964,AICF,NA,NA,NA,NA,0.0,0,-43.63,-30.62,[],0,0,[],[]
32242770,32248450,FEM,FAN,20.62,964,AICF,RC,0,NT,FH,0.0,0,-35.56,-26.62,[],0,0,[],[]
32248450,32249850,NA,MAF,0.0,964,AICF,NA,NA,NA,NA,0.0,0,-30.28,-12.82,[],0,0,[],[]
32249850,32251210,FEM,FAN,5.75,964,AICF,RC,0,NT,FH,0.0,0,-33.54,-17.73,[],0,0,[],[]
32251210,32252380,OCH,CXN,0.0,964,AICF,RC,0,NT,FI,0.0,0,-33.13,-23.31,[],0,0,[],[]
32252380,32254670,FEM,FAN,11.0,964,AICF,RC,0,NT,FI,0.0,0,-35.43,-23.09,[],0,0,[],[]
32254670,32255470,NA,OLN,0.0,964,AICF,NA,NA,NA,NA,0.0,0,-35.66,-30.22,[],0,0,[],[]
32255470,32256540,NA,FAF,0.0,964,AICF,NA,NA,NA,NA,0.0,0,-38.78,-31.96,[],0,0,[],[]
32256540,32257410,NA,NOF,0.0,964,AICF,NA,NA,NA,NA,0.0,0,-39.85,-29.99,[],0,0,[],[]
32257410,32258720,FEM,FAN,6.12,964,AICF,RC,0,TIFI,FH,0.0,0,-29.81,-18.73,[],0,0,[],[]
32258720,32260300,CHI,CHN,0.0,964,AICF,RC,1,TIFR,FI,2.0,1160,-16.91,-7.24,"[{'Canonical-syllable': '1', 'Growl': '0', 'High-freq-energy': '0', 'Long-island': '0', 'Low-tilt-spectrum': '2', 'Medium-island': '2', 'Short-island': '0', 'Squeal': '0', 'Typical-entropy': '1', 'Voicing-quality': '2', 'Wide-band': '0', 'Xlong-island': '0', 'seq': '1', 'end': 32259.61, 'start': 32258.72}, {'Canonical-syllable': '0', 'Growl': '0', 'High-freq-energy': '0', 'Long-island': '0', 'Low-tilt-spectrum': '1', 'Medium-island': '1', 'Short-island': '0', 'Squeal': '0', 'Typical-entropy': '1', 'Voicing-quality': '1', 'Wide-band': '0', 'Xlong-island': '0', 'seq': '2', 'end': 32260.2, 'start': 32259.93}]",0,0,[],[]
32260300,32261620,FEM,FAN,4.25,964,AICF,RC,1,TIFI,FI,0.0,0,-38.52,-31.39,[],0,0,[],[]
32261620,32262690,NA,MAF,0.0,964,AICF,NA,NA,NA,NA,0.0,0,-38.27,-31.84,[],0,0,[],[]
32262690,32263490,NA,NOF,0.0,964,AICF,NA,NA,NA,NA,0.0,0,-26.49,-8.24,[],0,0,[],[]
32263490,32268100,CHI,CHN,0.0,964,AICF,RC,2,TIFR,FI,5.0,2950,-20.71,-8.26,"[{'Canonical-syllable': '0', 'Growl': '0', 'High-freq-energy': '0', 'Long-island': '0', 'Low-tilt-spectrum': '0', 'Medium-island': '0', 'Short-island': '2', 'Squeal': '0', 'Typical-entropy': '1', 'Voicing-quality': '2', 'Wide-band': '0', 'Xlong-island': '0', 'seq': '1', 'end': 32264.07, 'start': 32263.49}, {'Canonical-syllable': '0', 'Growl': '0', 'High-freq-energy': '0', 'Long-island': '0', 'Low-tilt-spectrum': '1', 'Medium-island': '1', 'Short-island': '1', 'Squeal': '0', 'Typical-entropy': '1', 'Voicing-quality': '2', 'Wide-band': '0', 'Xlong-island': '0', 'seq': '2', 'end': 32265.24, 'start': 32264.4}, {'Canonical-syllable': '1', 'Growl': '1', 'High-freq-energy': '0', 'Long-island': '0', 'Low-tilt-spectrum': '1', 'Medium-island': '0', 'Short-island': '2', 'Squeal': '0', 'Typical-entropy': '2', 'Voicing-quality': '2', 'Wide-band': '0', 'Xlong-island': '0', 'seq': '3', 'end': 32266.14, 'start': 32265.7}, {'Canonical-syllable': '0', 'Growl': '1', 'High-freq-energy': '0', 'Long-island': '0', 'Low-tilt-spectrum': '1', 'Medium-island': '1', 'Short-island': '1', 'Squeal': '0', 'Typical-entropy': '2', 'Voicing-quality': '2', 'Wide-band': '0', 'Xlong-island': '0', 'seq': '4', 'end': 32267.27, 'start': 32266.58}, {'Canonical-syllable': '0', 'Growl': '2', 'High-freq-energy': '0', 'Long-island': '0', 'Low-tilt-spectrum': '0', 'Medium-island': '0', 'Short-island': '1', 'Squeal': '0', 'Typical-entropy': '2', 'Voicing-quality': '2', 'Wide-band': '0', 'Xlong-island': '0', 'seq': '5', 'end': 32267.99, 'start': 32267.59}]",0,0,[],[]
32268100,32269760,FEM,FAN,7.02,964,AICF,RC,2,TIFE,FI,0.0,0,-34.09,-22.07,[],0,0,[],[]
32269760,32270760,MAL,MAN,7.19,964,AICF,RC,2,NT,FI,0.0,0,-32.81,-25.6,[],0,0,[],[]
32270760,32271760,FEM,FAN,1.3,964,AICF,RC,2,TIFI,FI,0.0,0,-21.43,-7.22,[],0,0,[],[]
32271760,32272390,CHI,CHN,0.0,964,AICF,RC,3,TIFR,FI,1.0,420,-25.95,-14.52,"[{'Canonical-syllable': '0', 'Growl': '0', 'High-freq-energy': '0', 'Long-island': '0', 'Low-tilt-spectrum': '1', 'Medium-island': '1', 'Short-island': '0', 'Squeal': '0', 'Typical-entropy': '1', 'Voicing-quality': '1', 'Wide-band': '0', 'Xlong-island': '0', 'seq': '1', 'end': 32272.18, 'start': 32271.76}]",0,0,[],[]
32272390,32273330,NA,OLN,0.0,964,AICF,NA,NA,NA,NA,0.0,0,-19.67,-3.53,[],0,0,[],[]
32273330,32274420,FEM,FAN,5.62,964,AICF,RC,3,TIFI,FI,0.0,0,-30.66,-21.51,[],0,0,[],[]
32274420,32275570,CHI,CHN,0.0,964,AICF,RC,4,TIFR,FI,1.0,1150,-16.58,-8.56,"[{'Canonical-syllable': '2', 'Growl': '0', 'High-freq-energy': '0', 'Long-island': '0', 'Low-tilt-spectrum': '1', 'Medium-island': '0', 'Short-island': '3', 'Squeal': '0', 'Typical-entropy': '3', 'Voicing-quality': '4', 'Wide-band': '0', 'Xlong-island': '0', 'seq': '1', 'end': 32275.57, 'start': 32274.42}]",0,0,[],[]
32275570,32276680,FEM,FAN,2.97,964,AICF,RC,4,TIFE,FI,0.0,0,-31.23,-18.92,[],0,0,[],[]
32276680,32277500,NA,NOF,0.0,964,AICF,NA,NA,NA,NA,0.0,0,-35.74,-22.32,[],0,0,[],[]
32277500,32279820,FEM,FAN,10.37,964,AICF,RC,4,TIFI,FH,0.0,0,-33.5,-25.36,[],0,0,[],[]
32279820,32280790,NA,SIL,0.0,964,AICF,NA,NA,NA,NA,0.0,0,-44.28,-30.66,[],0,0,[],[]
32280790,32282920,CHI,CHN,0.0,964,AICF,EC,5,TIFR,FI,1.0,1850,-26.2,-16.42,"[{'Canonical-syllable': '0', 'Growl': '0', 'High-freq-energy': '1', 'Long-island': '0', 'Low-tilt-spectrum': '2', 'Medium-island': '2', 'Short-island': '2', 'Squeal': '0', 'Typical-entropy': '2', 'Voicing-quality': '3', 'Wide-band': '0', 'Xlong-island': '0', 'seq': '1', 'end': 32282.64, 'start': 32281.04}]",0,0,[],[]
32282920,32284610,NA,SIL,0.0,965,pause,NA,NA,NA,NA,0.0,0,-47.51,-38.38,[],0,0,[],[]
32284610,32286610,NA,TVF,0.0,965,pause,NA,NA,NA,NA,0.0,0,-46.05,-38.66,[],0,0,[],[]
32286610,32287600,NA,SIL,0.0,965,pause,NA,NA,NA,NA,0.0,0,-44.99,-30.09,[],0,0,[],[]
32287600,32288600,NA,FAF,0.0,965,pause,NA,NA,NA,NA,0.0,0,-45.37,-32.0,[],0,0,[],[]
32288600,32289690,NA,TVF,0.0,965,pause,NA,NA,NA,NA,0.0,0,-48.4,-43.08,[],0,0,[],[]
32289690,32291640,CHI,CHN,0.0,965,CIC,BC,0,TIFI,FI,2.0,1220,-32.91,-22.77,"[{'Canonical-syllable': '0', 'Growl': '1', 'High-freq-energy': '0', 'Long-island': '0', 'Low-tilt-spectrum': '0', 'Medium-island': '0', 'Short-island': '1', 'Squeal': '0', 'Typical-entropy': '0', 'Voicing-quality': '1', 'Wide-band': '1', 'Xlong-island': '0', 'seq': '1', 'end': 32290.04, 'start': 32289.89}, {'Canonical-syllable': '0', 'Growl': '1', 'High-freq-energy': '0', 'Long-island': '0', 'Low-tilt-spectrum': '1', 'Medium-island': '2', 'Short-island': '0', 'Squeal': '0', 'Typical-entropy': '1', 'Voicing-quality': '3', 'Wide-band': '0', 'Xlong-island': '0', 'seq': '2', 'end': 32291.27, 'start': 32290.4}]",0,0,[],[]
32291640,32292830,NA,SIL,0.0,965,CIC,NA,NA,NA,NA,0.0,0,-47.7,-43.06,[],0,0,[],[]
32292830,32294880,FEM,FAN,4.19,965,CIC,RC,1,TIFR,FI,0.0,0,-37.92,-27.51,[],0,0,[],[]
32294880,32296130,NA,SIL,0.0,965,CIC,NA,NA,NA,NA,0.0,0,-48.04,-41.44,[],0,0,[],[]
32296130,32297310,NA,FAF,0.0,965,CIC,NA,NA,NA,NA,0.0,0,-39.09,-33.07,[],0,0,[],[]
32297310,32298360,NA,MAF,0.0,965,CIC,NA,NA,NA,NA,0.0,0,-29.58,-15.35,[],0,0,[],[]
32298360,32299310,NA,NOF,0.0,965,CIC,NA,NA,NA,NA,0.0,0,-36.42,-21.18,[],0,0,[],[]
32299310,32301680,MAL,MAN,3.27,965,CIC,RC,1,NT,FI,0.0,0,-39.51,-26.31,[],0,0,[],[]
32301680,32302480,NA,OLF,0.0,965,CIC,NA,NA,NA,NA,0.0,0,-26.49,-11.53,[],0,0,[],[]
32302480,32304500,NA,TVF,0.0,965,CIC,NA,NA,NA,NA,0.0,0,-42.55,-31.52,[],0,0,[],[]
32304500,32306090,FEM,FAN,6.25,965,CIC,RC,1,NT,FI,0.0,0,-21.29,-5.99,[],0,0,[],[]
32306090,32309690,CHI,CHN,0.0,965,CIC,RC,1,TIFE,FI,3.0,2670,-21.43,-11.14,"[{'Canonical-syllable': '1', 'Growl': '3', 'High-freq-energy': '0', 'Long-island': '0', 'Low-tilt-spectrum': '2', 'Medium-island': '1', 'Short-island': '2', 'Squeal': '0', 'Typical-entropy': '3', 'Voicing-quality': '3', 'Wide-band': '0', 'Xlong-island': '0', 'seq': '1', 'end': 32307.6, 'start': 32306.09}, {'Canonical-syllable': '0', 'Growl': '0', 'High-freq-energy': '0', 'Long-island': '0', 'Low-tilt-spectrum': '1', 'Medium-island': '0', 'Short-island': '2', 'Squeal': '0', 'Typical-entropy': '2', 'Voicing-quality': '2', 'Wide-band': '0', 'Xlong-island': '0', 'seq': '2', 'end': 32308.88, 'start': 32308.22}, {'Canonical-syllable': '1', 'Growl': '0', 'High-freq-energy': '0', 'Long-island': '0', 'Low-tilt-spectrum': '0', 'Medium-island': '0', 'Short-island': '2', 'Squeal': '0', 'Typical-entropy': '1', 'Voicing-quality': '2', 'Wide-band': '1', 'Xlong-island': '0', 'seq': '3', 'end': 32309.69, 'start': 32309.19}]",0,0,[],[]
32309690,32310690,CHI,CHN,0.0,965,CIC,RC,1,NT,FH,2.0,480,-20.65,-5.96,"[{'Canonical-syllable': '0', 'Growl': '0', 'High-freq-energy': '0', 'Long-island': '0', 'Low-tilt-spectrum': '0', 'Medium-island': '1', 'Short-island': '0', 'Squeal': '0', 'Typical-entropy': '1', 'Voicing-quality': '1', 'Wide-band': '0', 'Xlong-island': '0', 'seq': '1', 'end': 32309.96, 'start': 32309.69}, {'Canonical-syllable': '0', 'Growl': '1', 'High-freq-energy': '0', 'Long-island': '0', 'Low-tilt-spectrum': '0', 'Medium-island': '0', 'Short-island': '1', 'Squeal': '0', 'Typical-entropy': '1', 'Voicing-quality': '1', 'Wide-band': '0', 'Xlong-island': '0', 'seq': '2', 'end': 32310.69, 'start': 32310.48}]",0,0,[],[]
32310690,32311490,NA,SIL,0.0,965,CIC,NA,NA,NA,NA,0.0,0,-36.13,-21.24,[],0,0,[],[]
32311490,32312190,CHI,CHN,0.0,965,CIC,RC,1,TIMI,FH,1.0,610,-23.01,-16.6,"[{'Canonical-syllable': '0', 'Growl': '1', 'High-freq-energy': '0', 'Long-island': '0', 'Low-tilt-spectrum': '1', 'Medium-island': '1', 'Short-island': '1', 'Squeal': '0', 'Typical-entropy': '2', 'Voicing-quality': '2', 'Wide-band': '1', 'Xlong-island': '0', 'seq': '1', 'end': 32312.1, 'start': 32311.49}]",0,0,[],[]
32312190,32313650,NA,OLN,0.0,965,CIC,NA,NA,NA,NA,0.0,0,-26.89,-11.81,[],0,0,[],[]
32313650,32314820,MAL,MAN,3.19,965,CIC,RC,2,TIMR,FI,0.0,0,-36.92,-25.86,[],0,0,[],[]
32314820,32316070,FEM,FAN,2.88,965,CIC,RC,2,NT,FI,0.0,0,-32.37,-21.01,[],0,0,[],[]
32316070,32316870,NA,OLF,0.0,965,CIC,NA,NA,NA,NA,0.0,0,-15.71,-3.59,[],0,0,[],[]
32316870,32317850,NA,OLN,0.0,965,CIC,NA,NA,NA,NA,0.0,0,-20.75,-13.09,[],0,0,[],[]
32317850,32318630,CHI,CHN,0.0,965,CIC,RC,2,TIFI,FI,1.0,780,-23.34,-13.96,"[{'Canonical-syllable': '1', 'Growl': '2', 'High-freq-energy': '0', 'Long-island': '0', 'Low-tilt-spectrum': '1', 'Medium-island': '0', 'Short-island': '2', 'Squeal': '0', 'Typical-entropy': '2', 'Voicing-quality': '2', 'Wide-band': '1', 'Xlong-island': '0', 'seq': '1', 'end': 32318.63, 'start': 32317.85}]",0,0,[],[]
32318630,32319630,FEM,FAN,6.22,965,CIC,RC,3,TIFR,FI,0.0,0,-30.47,-20.01,[],0,0,[],[]
32319630,32320780,CHI,CHN,0.0,965,CIC,RC,3,TIFE,FI,1.0,1150,-19.71,-11.31,"[{'Canonical-syllable': '0', 'Growl': '1', 'High-freq-energy': '0', 'Long-island': '0', 'Low-tilt-spectrum': '2', 'Medium-island': '0', 'Short-island': '3', 'Squeal': '0', 'Typical-entropy': '2', 'Voicing-quality': '4', 'Wide-band': '1', 'Xlong-island': '0', 'seq': '1', 'end': 32320.78, 'start': 32319.74}]",0,0,[],[]
32320780,32321580,NA,OLN,0.0,965,CIC,NA,NA,NA,NA,0.0,0,-17.12,-2.97,[],0,0,[],[]
32321580,32322180,CHI,CHN,0.0,965,CIC,RC,3,TIFI,FH,1.0,600,-17.68,-11.09,"[{'Canonical-syllable': '0', 'Growl': '0', 'High-freq-energy': '0', 'Long-island': '0', 'Low-tilt-spectrum': '0', 'Medium-island': '1', 'Short-island': '0', 'Squeal': '0', 'Typical-entropy': '1', 'Voicing-quality': '1', 'Wide-band': '0', 'Xlong-island': '0', 'seq': '1', 'end': 32322.18, 'start': 32321.58}]",0,0,[],[]
32322180,32323560,NA,OLN,0.0,965,CIC,NA,NA,NA,NA,0.0,0,-29.91,-20.79,[],0,0,[],[]
32323560,32325210,FEM,FAN,7.0,965,CIC,RC,4,TIFR,FI,0.0,0,-35.85,-28.19,[],0,0,[],[]
32325210,32326960,NA,NOF,0.0,965,CIC,NA,NA,NA,NA,0.0,0,-29.65,-12.36,[],0,0,[],[]
32326960,32327970,FEM,FAN,6.66,965,CIC,RC,4,NT,FH,0.0,0,-22.83,-9.38,[],0,0,[],[]
32327970,32328860,NA,NOF,0.0,965,CIC,NA,NA,NA,NA,0.0,0,-30.88,-13.88,[],0,0,[],[]
32328860,32329860,FEM,FAN,2.7,965,CIC,RC,4,NT,FH,0.0,0,-33.07,-21.47,[],0,0,[],[]
32329860,32330660,NA,NOF,0.0,965,CIC,NA,NA,NA,NA,0.0,0,-36.97,-28.45,[],0,0,[],[]
32330660,32331360,CHI,CHN,0.0,965,CIC,RC,4,TIFE,FI,1.0,700,-15.58,-5.72,"[{'Canonical-syllable': '0', 'Growl': '2', 'High-freq-energy': '0', 'Long-island': '0', 'Low-tilt-spectrum': '1', 'Medium-island': '0', 'Short-island': '1', 'Squeal': '0', 'Typical-entropy': '1', 'Voicing-quality': '3', 'Wide-band': '0', 'Xlong-island': '0', 'seq': '1', 'end': 32331.36, 'start': 32330.66}]",0,0,[],[]
32331360,32332160,CHI,CHN,0.0,965,CIC,RC,4,NT,FH,2.0,460,-22.76,-14.32,"[{'Canonical-syllable': '0', 'Growl': '1', 'High-freq-energy': '0', 'Long-island': '0', 'Low-tilt-spectrum': '0', 'Medium-island': '0', 'Short-island': '1', 'Squeal': '0', 'Typical-entropy': '1', 'Voicing-quality': '1', 'Wide-band': '0', 'Xlong-island': '0', 'seq': '1', 'end': 32331.5, 'start': 32331.36}, {'Canonical-syllable': '0', 'Growl': '1', 'High-freq-energy': '0', 'Long-island': '0', 'Low-tilt-spectrum': '1', 'Medium-island': '1', 'Short-island': '0', 'Squeal': '0', 'Typical-entropy': '1', 'Voicing-quality': '1', 'Wide-band': '0', 'Xlong-island': '0', 'seq': '2', 'end': 32332.16, 'start': 32331.84}]",0,0,[],[]
32332160,32332880,CHI,CHN,0.0,965,CIC,NA,NA,NA,NA,0.0,0,-14.19,-8.2,[],0,720,"[{'start': 32332.16, 'end': 32332.88}]",[]
32332880,32334160,CHI,CHN,0.0,965,CIC,RC,4,NT,FH,1.0,930,-18.92,-11.4,"[{'Canonical-syllable': '0', 'Growl': '1', 'High-freq-energy': '0', 'Long-island': '0', 'Low-tilt-spectrum': '2', 'Medium-island': '1', 'Short-island': '2', 'Squeal': '0', 'Typical-entropy': '3', 'Voicing-quality': '3', 'Wide-band': '0', 'Xlong-island': '0', 'seq': '1', 'end': 32333.81, 'start': 32332.88}]",0,0,[],[]
32334160,32334850,CHI,CHN,0.0,965,CIC,RC,4,NT,FH,2.0,370,-18.59,-7.0,"[{'Canonical-syllable': '0', 'Growl': '1', 'High-freq-energy': '0', 'Long-island': '0', 'Low-tilt-spectrum': '0', 'Medium-island': '0', 'Short-island': '1', 'Squeal': '0', 'Typical-entropy': '0', 'Voicing-quality': '1', 'Wide-band': '0', 'Xlong-island': '0', 'seq': '1', 'end': 32334.29, 'start': 32334.16}, {'Canonical-syllable': '0', 'Growl': '0', 'High-freq-energy': '0', 'Long-island': '0', 'Low-tilt-spectrum': '1', 'Medium-island': '0', 'Short-island': '1', 'Squeal': '0', 'Typical-entropy': '1', 'Voicing-quality': '1', 'Wide-band': '0', 'Xlong-island': '0', 'seq': '2', 'end': 32334.85, 'start': 32334.61}]",0,0,[],[]
32334850,32336520,NA,OLN,0.0,965,CIC,NA,NA,NA,NA,0.0,0,-17.62,-4.77,[],0,0,[],[]
32336520,32337510,CHI,CHN,0.0,965,CIC,RC,4,NT,FH,1.0,990,-20.81,-7.29,"[{'Canonical-syllable': '1', 'Growl': '1', 'High-freq-energy': '0', 'Long-island': '0', 'Low-tilt-spectrum': '2', 'Medium-island': '0', 'Short-island': '3', 'Squeal': '0', 'Typical-entropy': '2', 'Voicing-quality': '2', 'Wide-band': '1', 'Xlong-island': '0', 'seq': '1', 'end': 32337.51, 'start': 32336.52}]",0,0,[],[]
32337510,32338860,CHI,CHN,0.0,965,CIC,RC,4,NT,FH,1.0,220,-20.64,-6.6,"[{'Canonical-syllable': '1', 'Growl': '0', 'High-freq-energy': '0', 'Long-island': '0', 'Low-tilt-spectrum': '0', 'Medium-island': '0', 'Short-island': '1', 'Squeal': '0', 'Typical-entropy': '0', 'Voicing-quality': '1', 'Wide-band': '0', 'Xlong-island': '0', 'seq': '1', 'end': 32338.75, 'start': 32338.53}]",0,0,[],[]
32338860,32340520,CHI,CHN,0.0,965,CIC,RC,4,NT,FH,1.0,1660,-17.29,-9.58,"[{'Canonical-syllable': '0', 'Growl': '0', 'High-freq-energy': '0', 'Long-island': '0', 'Low-tilt-spectrum': '1', 'Medium-island': '1', 'Short-island': '3', 'Squeal': '0', 'Typical-entropy': '2', 'Voicing-quality': '4', 'Wide-band': '0', 'Xlong-island': '0', 'seq': '1', 'end': 32340.52, 'start': 32338.95}]",0,0,[],[]
32340520,32341590,CHI,CHN,0.0,965,CIC,RC,4,NT,FH,2.0,590,-26.96,-16.06,"[{'Canonical-syllable': '0', 'Growl': '0', 'High-freq-energy': '0', 'Long-island': '0', 'Low-tilt-spectrum': '1', 'Medium-island': '0', 'Short-island': '1', 'Squeal': '0', 'Typical-entropy': '1', 'Voicing-quality': '1', 'Wide-band': '0', 'Xlong-island': '0', 'seq': '1', 'end': 32340.65, 'start': 32340.52}, {'Canonical-syllable': '0', 'Growl': '1', 'High-freq-energy': '0', 'Long-island': '0', 'Low-tilt-spectrum': '1', 'Medium-island': '1', 'Short-island': '0', 'Squeal': '0', 'Typical-entropy': '1', 'Voicing-quality': '1', 'Wide-band': '0', 'Xlong-island': '0', 'seq': '2', 'end': 32341.59, 'start': 32341.13}]",0,0,[],[]
32341590,32347640,CHI,CHN,0.0,965,CIC,RC,4,TIFI,FH,6.0,2790,-20.13,-5.35,"[{'Canonical-syllable': '1', 'Growl': '0', 'High-freq-energy': '0', 'Long-island': '0', 'Low-tilt-spectrum': '1', 'Medium-island': '1', 'Short-island': '1', 'Squeal': '0', 'Typical-entropy': '2', 'Voicing-quality': '2', 'Wide-band': '0', 'Xlong-island': '0', 'seq': '1', 'end': 32342.24, 'start': 32341.59}, {'Canonical-syllable': '0', 'Growl': '1', 'High-freq-energy': '0', 'Long-island': '0', 'Low-tilt-spectrum': '0', 'Medium-island': '0', 'Short-island': '0', 'Squeal': '0', 'Typical-entropy': '1', 'Voicing-quality': '1', 'Wide-band': '0', 'Xlong-island': '0', 'seq': '2', 'end': 32342.69, 'start': 32342.58}, {'Canonical-syllable': '0', 'Growl': '0', 'High-freq-energy': '0', 'Long-island': '0', 'Low-tilt-spectrum': '1', 'Medium-island': '1', 'Short-island': '0', 'Squeal': '0', 'Typical-entropy': '1', 'Voicing-quality': '1', 'Wide-band': '0', 'Xlong-island': '0', 'seq': '3', 'end': 32343.56, 'start': 32343.28}, {'Canonical-syllable': '0', 'Growl': '1', 'High-freq-energy': '0', 'Long-island': '0', 'Low-tilt-spectrum': '2', 'Medium-island': '1', 'Short-island': '0', 'Squeal': '0', 'Typical-entropy': '2', 'Voicing-quality': '2', 'Wide-band': '1', 'Xlong-island': '0', 'seq': '4', 'end': 32344.85, 'start': 32344.31}, {'Canonical-syllable': '1', 'Growl': '0', 'High-freq-energy': '0', 'Long-island': '0', 'Low-tilt-spectrum': '1', 'Medium-island': '0', 'Short-island': '2', 'Squeal': '0', 'Typical-entropy': '0', 'Voicing-quality': '2', 'Wide-band': '1', 'Xlong-island': '0', 'seq': '5', 'end': 32346.02, 'start': 32345.49}, {'Canonical-syllable': '1', 'Growl': '1', 'High-freq-energy': '0', 'Long-island': '0', 'Low-tilt-spectrum': '2', 'Medium-island': '2', 'Short-island': '0', 'Squeal': '0', 'Typical-entropy': '2', 'Voicing-quality': '2', 'Wide-band': '0', 'Xlong-island': '0', 'seq': '6', 'end': 32347.4, 'start': 32346.72}]",0,0,[],[]
32347640,32348840,FEM,FAN,6.87,965,CIC,RC,5,TIFR,FI,0.0,0,-30.32,-21.71,[],0,0,[],[]
32348840,32349690,NA,NOF,0.0,965,CIC,NA,NA,NA,NA,0.0,0,-36.08,-20.86,[],0,0,[],[]
32349690,32350600,CHI,CHN,0.0,965,CIC,RC,5,TIFE,FI,1.0,730,-31.04,-23.28,"[{'Canonical-syllable': '0', 'Growl': '2', 'High-freq-energy': '1', 'Long-island': '0', 'Low-tilt-spectrum': '2', 'Medium-island': '0', 'Short-island': '2', 'Squeal': '0', 'Typical-entropy': '2', 'Voicing-quality': '3', 'Wide-band': '0', 'Xlong-island': '0', 'seq': '1', 'end': 32350.42, 'start': 32349.69}]",0,0,[],[]
32350600,32351400,NA,NOF,0.0,965,CIC,NA,NA,NA,NA,0.0,0,-24.9,-6.58,[],0,0,[],[]
32351400,32354050,CHI,CHN,0.0,965,CIC,RC,5,NT,FH,3.0,1330,-18.24,-3.35,"[{'Canonical-syllable': '0', 'Growl': '0', 'High-freq-energy': '0', 'Long-island': '0', 'Low-tilt-spectrum': '2', 'Medium-island': '0', 'Short-island': '2', 'Squeal': '0', 'Typical-entropy': '2', 'Voicing-quality': '2', 'Wide-band': '0', 'Xlong-island': '0', 'seq': '1', 'end': 32352.05, 'start': 32351.4}, {'Canonical-syllable': '0', 'Growl': '2', 'High-freq-energy': '0', 'Long-island': '0', 'Low-tilt-spectrum': '0', 'Medium-island': '0', 'Short-island': '2', 'Squeal': '0', 'Typical-entropy': '0', 'Voicing-quality': '2', 'Wide-band': '0', 'Xlong-island': '0', 'seq': '2', 'end': 32353.12, 'start': 32352.7}, {'Canonical-syllable': '1', 'Growl': '0', 'High-freq-energy': '0', 'Long-island': '0', 'Low-tilt-spectrum': '1', 'Medium-island': '0', 'Short-island': '1', 'Squeal': '0', 'Typical-entropy': '1', 'Voicing-quality': '1', 'Wide-band': '0', 'Xlong-island': '0', 'seq': '3', 'end': 32354.05, 'start': 32353.79}]",0,0,[],[]
32354050,32355680,NA,OLN,0.0,965,CIC,NA,NA,NA,NA,0.0,0,-27.75,-11.77,[],0,0,[],[]
32355680,32357180,NA,NOF,0.0,965,CIC,NA,NA,NA,NA,0.0,0,-25.99,-8.11,[],0,0,[],[]
32357180,32359380,CHI,CHN,0.0,965,CIC,RC,5,NT,FH,1.0,2200,-23.24,-11.8,"[{'Canonical-syllable': '3', 'Growl': '2', 'High-freq-energy': '1', 'Long-island': '0', 'Low-tilt-spectrum': '0', 'Medium-island': '0', 'Short-island': '6', 'Squeal': '0', 'Typical-entropy': '2', 'Voicing-quality': '7', 'Wide-band': '0', 'Xlong-island': '0', 'seq': '1', 'end': 32359.38, 'start': 32357.18}]",0,0,[],[]
32359380,32360710,NA,FAF,0.0,965,CIC,NA,NA,NA,NA,0.0,0,-42.16,-33.76,[],0,0,[],[]
32360710,32361510,NA,OLN,0.0,965,CIC,NA,NA,NA,NA,0.0,0,-33.26,-21.66,[],0,0,[],[]
32361510,32362310,NA,OLF,0.0,965,CIC,NA,NA,NA,NA,0.0,0,-34.48,-21.72,[],0,0,[],[]
32362310,32362910,CHI,CHN,0.0,965,CIC,RC,5,TIFI,FH,1.0,490,-27.06,-19.97,"[{'Canonical-syllable': '0', 'Growl': '0', 'High-freq-energy': '0', 'Long-island': '0', 'Low-tilt-spectrum': '0', 'Medium-island': '1', 'Short-island': '0', 'Squeal': '0', 'Typical-entropy': '1', 'Voicing-quality': '1', 'Wide-band': '0', 'Xlong-island': '0', 'seq': '1', 'end': 32362.8, 'start': 32362.44}]",0,0,[],[]
32362910,32363910,NA,FAF,0.0,965,CIC,NA,NA,NA,NA,0.0,0,-40.22,-32.96,[],0,0,[],[]
32363910,32365130,NA,TVF,0.0,965,CIC,NA,NA,NA,NA,0.0,0,-41.04,-33.32,[],0,0,[],[]
32365130,32366810,FEM,FAN,7.31,965,CIC,RC,6,TIFR,FI,0.0,0,-24.62,-14.76,[],0,0,[],[]
32366810,32368300,CHI,CHN,0.0,965,CIC,EC,6,TIFE,FI,2.0,1000,-17.92,-10.09,"[{'Canonical-syllable': '0', 'Growl': '0', 'High-freq-energy': '0', 'Long-island': '0', 'Low-tilt-spectrum': '0', 'Medium-island': '1', 'Short-island': '0', 'Squeal': '0', 'Typical-entropy': '1', 'Voicing-quality': '1', 'Wide-band': '0', 'Xlong-island': '0', 'seq': '1', 'end': 32367.19, 'start': 32366.81}, {'Canonical-syllable': '1', 'Growl': '0', 'High-freq-energy': '0', 'Long-island': '0', 'Low-tilt-spectrum': '0', 'Medium-island': '0', 'Short-island': '2', 'Squeal': '0', 'Typical-entropy': '1', 'Voicing-quality': '2', 'Wide-band': '0', 'Xlong-island': '0', 'seq': '2', 'end': 32368.3, 'start': 32367.68}]",0,0,[],[]
32368300,32370060,NA,OLN,0.0,966,pause,NA,NA,NA,NA,0.0,0,-22.32,-12.05,[],0,0,[],[]
32370060,32371270,NA,NOF,0.0,966,pause,NA,NA,NA,NA,0.0,0,-40.93,-34.14,[],0,0,[],[]
32371270,32375560,NA,OLN,0.0,966,pause,NA,NA,NA,NA,0.0,0,-26.93,-6.91,[],0,0,[],[]
32375560,32376530,CHI,CHN,0.0,966,CIC,BC,0,NT,FI,1.0,970,-17.77,-8.05,"[{'Canonical-syllable': '0', 'Growl': '1', 'High-freq-energy': '0', 'Long-island': '0', 'Low-tilt-spectrum': '1', 'Medium-island': '0', 'Short-island': '2', 'Squeal': '0', 'Typical-entropy': '2', 'Voicing-quality': '3', 'Wide-band': '0', 'Xlong-island': '0', 'seq': '1', 'end': 32376.53, 'start': 32375.56}]",0,0,[],[]
32376530,32377330,NA,OLF,0.0,966,CIC,NA,NA,NA,NA,0.0,0,-33.38,-22.18,[],0,0,[],[]
32377330,32378680,CHI,CHN,0.0,966,CIC,RC,0,NT,FH,1.0,1350,-16.19,-11.21,"[{'Canonical-syllable': '0', 'Growl': '0', 'High-freq-energy': '0', 'Long-island': '1', 'Low-tilt-spectrum': '2', 'Medium-island': '1', 'Short-island': '0', 'Squeal': '0', 'Typical-entropy': '1', 'Voicing-quality': '2', 'Wide-band': '0', 'Xlong-island': '0', 'seq': '1', 'end': 32378.68, 'start': 32377.33}]",0,0,[],[]
32378680,32379610,NA,SIL,0.0,966,CIC,NA,NA,NA,NA,0.0,0,-47.46,-40.77,[],0,0,[],[]
32379610,32380370,CHI,CHN,0.0,966,CIC,RC,0,NT,FH,1.0,670,-21.34,-12.83,"[{'Canonical-syllable': '0', 'Growl': '0', 'High-freq-energy': '0', 'Long-island': '0', 'Low-tilt-spectrum': '1', 'Medium-island': '1', 'Short-island': '0', 'Squeal': '0', 'Typical-entropy': '0', 'Voicing-quality': '1', 'Wide-band': '0', 'Xlong-island': '0', 'seq': '1', 'end': 32380.28, 'start': 32379.71}]",0,0,[],[]
32380370,32381530,NA,NOF,0.0,966,CIC,NA,NA,NA,NA,0.0,0,-29.44,-13.09,[],0,0,[],[]
32381530,32382410,CHI,CHN,0.0,966,CIC,RC,0,NT,FH,1.0,880,-22.68,-15.95,"[{'Canonical-syllable': '0', 'Growl': '0', 'High-freq-energy': '0', 'Long-island': '0', 'Low-tilt-spectrum': '0', 'Medium-island': '1', 'Short-island': '1', 'Squeal': '0', 'Typical-entropy': '1', 'Voicing-quality': '2', 'Wide-band': '0', 'Xlong-island': '0', 'seq': '1', 'end': 32382.41, 'start': 32381.53}]",0,0,[],[]
32382410,32383210,NA,TVN,0.0,966,CIC,NA,NA,NA,NA,0.0,0,-32.42,-17.47,[],0,0,[],[]
32383210,32384010,NA,OLF,0.0,966,CIC,NA,NA,NA,NA,0.0,0,-43.16,-36.84,[],0,0,[],[]
32384010,32384630,CHI,CHN,0.0,966,CIC,RC,0,NT,FH,2.0,300,-18.14,-9.15,"[{'Canonical-syllable': '0', 'Growl': '0', 'High-freq-energy': '0', 'Long-island': '0', 'Low-tilt-spectrum': '1', 'Medium-island': '0', 'Short-island': '1', 'Squeal': '0', 'Typical-entropy': '1', 'Voicing-quality': '1', 'Wide-band': '0', 'Xlong-island': '0', 'seq': '1', 'end': 32384.23, 'start': 32384.01}, {'Canonical-syllable': '0', 'Growl': '0', 'High-freq-energy': '0', 'Long-island': '0', 'Low-tilt-spectrum': '0', 'Medium-island': '0', 'Short-island': '0', 'Squeal': '0', 'Typical-entropy': '0', 'Voicing-quality': '0', 'Wide-band': '0', 'Xlong-island': '0', 'seq': '2', 'end': 32384.63, 'start': 32384.55}]",0,0,[],[]
32384630,32385630,CHI,CHN,0.0,966,CIC,RC,0,NT,FH,1.0,460,-22.04,-13.49,"[{'Canonical-syllable': '0', 'Growl': '0', 'High-freq-energy': '0', 'Long-island': '0', 'Low-tilt-spectrum': '0', 'Medium-island': '1', 'Short-island': '0', 'Squeal': '0', 'Typical-entropy': '0', 'Voicing-quality': '1', 'Wide-band': '0', 'Xlong-island': '0', 'seq': '1', 'end': 32385.09, 'start': 32384.63}]",0,0,[],[]
32385630,32386380,OCH,CXN,0.0,966,CIC,RC,0,NT,FI,0.0,0,-30.09,-19.64,[],0,0,[],[]
32386380,32387180,NA,SIL,0.0,966,CIC,NA,NA,NA,NA,0.0,0,-43.91,-33.16,[],0,0,[],[]
32387180,32388180,OCH,CXN,0.0,966,CIC,RC,0,NT,FH,0.0,0,-27.07,-18.42,[],0,0,[],[]
32388180,32388980,NA,NOF,0.0,966,CIC,NA,NA,NA,NA,0.0,0,-41.0,-35.73,[],0,0,[],[]
32388980,32389580,CHI,CHN,0.0,966,CIC,RC,0,NT,FI,1.0,600,-20.73,-14.12,"[{'Canonical-syllable': '0', 'Growl': '0', 'High-freq-energy': '0', 'Long-island': '0', 'Low-tilt-spectrum': '1', 'Medium-island': '1', 'Short-island': '0', 'Squeal': '0', 'Typical-entropy': '1', 'Voicing-quality': '1', 'Wide-band': '0', 'Xlong-island': '0', 'seq': '1', 'end': 32389.58, 'start': 32389.06}]",0,0,[],[]
32389580,32390700,CHI,CHN,0.0,966,CIC,RC,0,TIFI,FH,1.0,1120,-20.85,-12.7,"[{'Canonical-syllable': '0', 'Growl': '3', 'High-freq-energy': '0', 'Long-island': '0', 'Low-tilt-spectrum': '1', 'Medium-island': '1', 'Short-island': '2', 'Squeal': '0', 'Typical-entropy': '2', 'Voicing-quality': '3', 'Wide-band': '0', 'Xlong-island': '0', 'seq': '1', 'end': 32390.7, 'start': 32389.58}]",0,0,[],[]
32390700,32393510,NA,OLN,0.0,966,CIC,NA,NA,NA,NA,0.0,0,-22.17,-11.23,[],0,0,[],[]
32393510,32395270,FEM,FAN,9.46,966,CIC,RC,1,TIFR,FI,0.0,0,-40.79,-34.22,[],0,0,[],[]
32395270,32396570,MAL,MAN,8.71,966,CIC,RC,1,NT,FI,0.0,0,-35.62,-26.21,[],0,0,[],[]
32396570,32397570,FEM,FAN,8.72,966,CIC,RC,1,NT,FI,0.0,0,-38.7,-31.38,[],0,0,[],[]
32397570,32400010,NA,NOF,0.0,966,CIC,NA,NA,NA,NA,0.0,0,-36.15,-17.72,[],0,0,[],[]
32400010,32401390,NA,MAF,0.0,966,CIC,NA,NA,NA,NA,0.0,0,-36.67,-23.78,[],0,0,[],[]
32401390,32402660,CHI,CHN,0.0,966,CIC,RC,1,TIFE,FI,1.0,1270,-19.67,-9.19,"[{'Canonical-syllable': '1', 'Growl': '1', 'High-freq-energy': '0', 'Long-island': '0', 'Low-tilt-spectrum': '1', 'Medium-island': '1', 'Short-island': '3', 'Squeal': '0', 'Typical-entropy': '2', 'Voicing-quality': '4', 'Wide-band': '0', 'Xlong-island': '0', 'seq': '1', 'end': 32402.66, 'start': 32401.39}]",0,0,[],[]
32402660,32404930,NA,OLN,0.0,966,CIC,NA,NA,NA,NA,0.0,0,-23.99,-7.8,[],0,0,[],[]
32404930,32406450,CHI,CHN,0.0,966,CIC,EC,1,NT,FH,1.0,1520,-16.75,-8.27,"[{'Canonical-syllable': '0', 'Growl': '1', 'High-freq-energy': '0', 'Long-island': '1', 'Low-tilt-spectrum': '1', 'Medium-island': '1', 'Short-island': '1', 'Squeal': '0', 'Typical-entropy': '3', 'Voicing-quality': '3', 'Wide-band': '0', 'Xlong-island': '0', 'seq': '1', 'end': 32406.45, 'start': 32404.93}]",0,0,[],[]
32406450,32407250,NA,OLN,0.0,967,pause,NA,NA,NA,NA,0.0,0,-18.65,-4.61,[],0,0,[],[]
32407250,32409540,NA,NOF,0.0,967,pause,NA,NA,NA,NA,0.0,0,-40.51,-31.53,[],0,0,[],[]
32409540,32411080,NA,SIL,0.0,967,pause,NA,NA,NA,NA,0.0,0,-47.46,-41.51,[],0,0,[],[]
32411080,32411880,NA,OLF,0.0,967,pause,NA,NA,NA,NA,0.0,0,-38.62,-30.5,[],0,0,[],[]
32411880,32412730,CHI,CHN,0.0,967,CM,EC,0,NT,FI,1.0,770,-21.09,-13.97,"[{'Canonical-syllable': '0', 'Growl': '1', 'High-freq-energy': '1', 'Long-island': '0', 'Low-tilt-spectrum': '0', 'Medium-island': '1', 'Short-island': '1', 'Squeal': '0', 'Typical-entropy': '1', 'Voicing-quality': '2', 'Wide-band': '0', 'Xlong-island': '0', 'seq': '1', 'end': 32412.65, 'start': 32411.88}]",0,0,[],[]
32412730,32415040,NA,NOF,0.0,968,pause,NA,NA,NA,NA,0.0,0,-25.29,-10.06,[],0,0,[],[]
32415040,32415840,NA,OLF,0.0,968,pause,NA,NA,NA,NA,0.0,0,-43.18,-34.96,[],0,0,[],[]
32415840,32418540,NA,NOF,0.0,968,pause,NA,NA,NA,NA,0.0,0,-41.57,-25.2,[],0,0,[],[]
32418540,32419540,NA,FAF,0.0,968,pause,NA,NA,NA,NA,0.0,0,-40.14,-32.75,[],0,0,[],[]
32419540,32420340,NA,NOF,0.0,968,pause,NA,NA,NA,NA,0.0,0,-37.35,-23.82,[],0,0,[],[]
32420340,32425580,NA,OLN,0.0,968,pause,NA,NA,NA,NA,0.0,0,-24.49,-8.28,[],0,0,[],[]
32425580,32427830,NA,NOF,0.0,968,pause,NA,NA,NA,NA,0.0,0,-26.35,-9.39,[],0,0,[],[]
32427830,32428840,NA,FAF,0.0,968,pause,NA,NA,NA,NA,0.0,0,-33.78,-24.86,[],0,0,[],[]
32428840,32431040,NA,OLF,0.0,968,pause,NA,NA,NA,NA,0.0,0,-27.39,-13.11,[],0,0,[],[]
32431040,32431990,CHI,CHN,0.0,968,CM,EC,0,NT,FI,1.0,810,-14.55,-2.29,"[{'Canonical-syllable': '1', 'Growl': '0', 'High-freq-energy': '1', 'Long-island': '0', 'Low-tilt-spectrum': '1', 'Medium-island': '1', 'Short-island': '0', 'Squeal': '0', 'Typical-entropy': '1', 'Voicing-quality': '2', 'Wide-band': '0', 'Xlong-island': '0', 'seq': '1', 'end': 32431.85, 'start': 32431.17}]",0,0,[],[]
32431990,32434740,NA,OLF,0.0,969,pause,NA,NA,NA,NA,0.0,0,-35.41,-13.43,[],0,0,[],[]
32434740,32435540,NA,NOF,0.0,969,pause,NA,NA,NA,NA,0.0,0,-28.06,-9.35,[],0,0,[],[]
32435540,32436360,NA,OLN,0.0,969,pause,NA,NA,NA,NA,0.0,0,-31.93,-20.77,[],0,0,[],[]
32436360,32440020,NA,NOF,0.0,969,pause,NA,NA,NA,NA,0.0,0,-18.83,-4.68,[],0,0,[],[]
32440020,32440900,CHI,CHN,0.0,969,CIC,BC,0,TIFI,FI,1.0,710,-16.68,-10.89,"[{'Canonical-syllable': '0', 'Growl': '1', 'High-freq-energy': '0', 'Long-island': '0', 'Low-tilt-spectrum': '0', 'Medium-island': '1', 'Short-island': '1', 'Squeal': '0', 'Typical-entropy': '0', 'Voicing-quality': '2', 'Wide-band': '1', 'Xlong-island': '0', 'seq': '1', 'end': 32440.73, 'start': 32440.02}]",0,0,[],[]
32440900,32442330,FEM,FAN,3.32,969,CIC,RC,1,TIFR,FI,0.0,0,-24.95,-15.9,[],0,0,[],[]
32442330,32443280,NA,NOF,0.0,969,CIC,NA,NA,NA,NA,0.0,0,-42.2,-31.44,[],0,0,[],[]
32443280,32444340,CHI,CHN,0.0,969,CIC,RC,1,TIFE,FI,1.0,1060,-18.54,-12.28,"[{'Canonical-syllable': '1', 'Growl': '0', 'High-freq-energy': '0', 'Long-island': '0', 'Low-tilt-spectrum': '0', 'Medium-island': '1', 'Short-island': '1', 'Squeal': '0', 'Typical-entropy': '0', 'Voicing-quality': '2', 'Wide-band': '0', 'Xlong-island': '0', 'seq': '1', 'end': 32444.34, 'start': 32443.28}]",0,0,[],[]
32444340,32445250,CHI,CHN,0.0,969,CIC,RC,1,NT,FH,2.0,460,-24.48,-14.7,"[{'Canonical-syllable': '0', 'Growl': '1', 'High-freq-energy': '0', 'Long-island': '0', 'Low-tilt-spectrum': '1', 'Medium-island': '0', 'Short-island': '1', 'Squeal': '0', 'Typical-entropy': '1', 'Voicing-quality': '1', 'Wide-band': '0', 'Xlong-island': '0', 'seq': '1', 'end': 32444.64, 'start': 32444.34}, {'Canonical-syllable': '0', 'Growl': '0', 'High-freq-energy': '0', 'Long-island': '0', 'Low-tilt-spectrum': '0', 'Medium-island': '0', 'Short-island': '1', 'Squeal': '0', 'Typical-entropy': '1', 'Voicing-quality': '1', 'Wide-band': '0', 'Xlong-island': '0', 'seq': '2', 'end': 32445.25, 'start': 32445.09}]",0,0,[],[]
32445250,32446160,NA,NOF,0.0,969,CIC,NA,NA,NA,NA,0.0,0,-34.29,-22.12,[],0,0,[],[]
32446160,32447070,NA,OLN,0.0,969,CIC,NA,NA,NA,NA,0.0,0,-19.36,-3.74,[],0,0,[],[]
32447070,32448100,NA,NOF,0.0,969,CIC,NA,NA,NA,NA,0.0,0,-42.48,-32.42,[],0,0,[],[]
32448100,32449140,CHI,CHN,0.0,969,CIC,RC,1,NT,FH,1.0,1040,-14.49,-9.26,"[{'Canonical-syllable': '1', 'Growl': '0', 'High-freq-energy': '0', 'Long-island': '1', 'Low-tilt-spectrum': '1', 'Medium-island': '0', 'Short-island': '1', 'Squeal': '0', 'Typical-entropy': '2', 'Voicing-quality': '2', 'Wide-band': '0', 'Xlong-island': '0', 'seq': '1', 'end': 32449.14, 'start': 32448.18}]",0,0,[],[]
32449140,32449940,NA,NOF,0.0,969,CIC,NA,NA,NA,NA,0.0,0,-45.58,-40.0,[],0,0,[],[]
32449940,32450550,CHI,CHN,0.0,969,CIC,RC,1,NT,FH,1.0,610,-17.38,-10.23,"[{'Canonical-syllable': '1', 'Growl': '0', 'High-freq-energy': '0', 'Long-island': '0', 'Low-tilt-spectrum': '0', 'Medium-island': '1', 'Short-island': '0', 'Squeal': '0', 'Typical-entropy': '0', 'Voicing-quality': '1', 'Wide-band': '0', 'Xlong-island': '0', 'seq': '1', 'end': 32450.55, 'start': 32450.1}]",0,0,[],[]
32450550,32451350,NA,NOF,0.0,969,CIC,NA,NA,NA,NA,0.0,0,-37.61,-27.69,[],0,0,[],[]
32451350,32452170,CHI,CHN,0.0,969,CIC,RC,1,NT,FH,1.0,820,-17.16,-10.96,"[{'Canonical-syllable': '0', 'Growl': '0', 'High-freq-energy': '0', 'Long-island': '1', 'Low-tilt-spectrum': '1', 'Medium-island': '0', 'Short-island': '0', 'Squeal': '0', 'Typical-entropy': '1', 'Voicing-quality': '1', 'Wide-band': '0', 'Xlong-island': '0', 'seq': '1', 'end': 32452.17, 'start': 32451.35}]",0,0,[],[]
32452170,32453520,NA,OLN,0.0,969,CIC,NA,NA,NA,NA,0.0,0,-21.4,-8.56,[],0,0,[],[]
32453520,32454120,CHI,CHN,0.0,969,CIC,NA,NA,NA,NA,0.0,0,-14.72,-10.34,[],0,400,"[{'start': 32453.52, 'end': 32453.92}]",[]
32454120,32455120,CHI,CHN,0.0,969,CIC,RC,1,NT,FH,1.0,1000,-13.64,-8.96,"[{'Canonical-syllable': '0', 'Growl': '0', 'High-freq-energy': '0', 'Long-island': '0', 'Low-tilt-spectrum': '0', 'Medium-island': '0', 'Short-island': '0', 'Squeal': '0', 'Typical-entropy': '0', 'Voicing-quality': '1', 'Wide-band': '0', 'Xlong-island': '1', 'seq': '1', 'end': 32455.12, 'start': 32454.12}]",0,0,[],[]
32455120,32455920,CHI,CHN,0.0,969,CIC,NA,NA,NA,NA,0.0,0,-16.27,-6.01,[],0,800,"[{'start': 32455.12, 'end': 32455.92}]",[]
32455920,32456520,CHI,CHN,0.0,969,CIC,RC,1,NT,FH,1.0,600,-17.08,-10.7,"[{'Canonical-syllable': '0', 'Growl': '1', 'High-freq-energy': '0', 'Long-island': '0', 'Low-tilt-spectrum': '0', 'Medium-island': '1', 'Short-island': '0', 'Squeal': '0', 'Typical-entropy': '0', 'Voicing-quality': '1', 'Wide-band': '0', 'Xlong-island': '0', 'seq': '1', 'end': 32456.52, 'start': 32456.12}]",0,0,[],[]
32456520,32457730,CHI,CHN,0.0,969,CIC,RC,1,NT,FH,1.0,820,-21.67,-10.59,"[{'Canonical-syllable': '0', 'Growl': '2', 'High-freq-energy': '0', 'Long-island': '0', 'Low-tilt-spectrum': '0', 'Medium-island': '1', 'Short-island': '2', 'Squeal': '0', 'Typical-entropy': '1', 'Voicing-quality': '3', 'Wide-band': '0', 'Xlong-island': '0', 'seq': '1', 'end': 32457.34, 'start': 32456.52}]",0,0,[],[]
32457730,32458330,CHI,CHN,0.0,969,CIC,RC,1,NT,FH,1.0,600,-18.29,-9.3,"[{'Canonical-syllable': '0', 'Growl': '0', 'High-freq-energy': '0', 'Long-island': '0', 'Low-tilt-spectrum': '0', 'Medium-island': '1', 'Short-island': '0', 'Squeal': '0', 'Typical-entropy': '0', 'Voicing-quality': '1', 'Wide-band': '0', 'Xlong-island': '0', 'seq': '1', 'end': 32458.33, 'start': 32457.85}]",0,0,[],[]
32458330,32459130,NA,OLN,0.0,969,CIC,NA,NA,NA,NA,0.0,0,-14.63,-2.15,[],0,0,[],[]
32459130,32460320,CHI,CHN,0.0,969,CIC,RC,1,NT,FH,1.0,1190,-17.02,-10.22,"[{'Canonical-syllable': '0', 'Growl': '0', 'High-freq-energy': '0', 'Long-island': '0', 'Low-tilt-spectrum': '0', 'Medium-island': '0', 'Short-island': '0', 'Squeal': '0', 'Typical-entropy': '0', 'Voicing-quality': '1', 'Wide-band': '0', 'Xlong-island': '1', 'seq': '1', 'end': 32460.32, 'start': 32459.13}]",0,0,[],[]
32460320,32461160,NA,OLN,0.0,969,CIC,NA,NA,NA,NA,0.0,0,-15.13,-3.01,[],0,0,[],[]
32461160,32462060,NA,NOF,0.0,969,CIC,NA,NA,NA,NA,0.0,0,-16.93,-5.04,[],0,0,[],[]
32462060,32462910,NA,OLN,0.0,969,CIC,NA,NA,NA,NA,0.0,0,-23.06,-13.54,[],0,0,[],[]
32462910,32463750,OCH,CXN,0.0,969,CIC,RC,1,NT,FI,0.0,0,-31.51,-19.15,[],0,0,[],[]
32463750,32465070,NA,OLF,0.0,969,CIC,NA,NA,NA,NA,0.0,0,-24.88,-11.51,[],0,0,[],[]
32465070,32465670,OCH,CXN,0.0,969,CIC,RC,1,NT,FH,0.0,0,-31.17,-22.87,[],0,0,[],[]
32465670,32467130,NA,NOF,0.0,969,CIC,NA,NA,NA,NA,0.0,0,-43.68,-34.89,[],0,0,[],[]
32467130,32467940,NA,SIL,0.0,969,CIC,NA,NA,NA,NA,0.0,0,-46.52,-41.18,[],0,0,[],[]
32467940,32468840,NA,NOF,0.0,969,CIC,NA,NA,NA,NA,0.0,0,-45.1,-39.01,[],0,0,[],[]
32468840,32469860,CHI,CHN,0.0,969,CIC,RC,1,NT,FI,1.0,1020,-19.3,-10.19,"[{'Canonical-syllable': '0', 'Growl': '0', 'High-freq-energy': '0', 'Long-island': '0', 'Low-tilt-spectrum': '0', 'Medium-island': '2', 'Short-island': '0', 'Squeal': '0', 'Typical-entropy': '0', 'Voicing-quality': '2', 'Wide-band': '0', 'Xlong-island': '0', 'seq': '1', 'end': 32469.86, 'start': 32468.84}]",0,0,[],[]
32469860,32471200,CHI,CHN,0.0,969,CIC,RC,1,NT,FH,1.0,690,-24.19,-11.33,"[{'Canonical-syllable': '0', 'Growl': '0', 'High-freq-energy': '0', 'Long-island': '0', 'Low-tilt-spectrum': '0', 'Medium-island': '0', 'Short-island': '2', 'Squeal': '0', 'Typical-entropy': '1', 'Voicing-quality': '2', 'Wide-band': '0', 'Xlong-island': '0', 'seq': '1', 'end': 32470.55, 'start': 32470.02}]",0,0,[],[]
32471200,32474500,CHI,CHN,0.0,969,CIC,RC,1,NT,FH,2.0,2820,-19.89,-10.54,"[{'Canonical-syllable': '0', 'Growl': '0', 'High-freq-energy': '0', 'Long-island': '0', 'Low-tilt-spectrum': '0', 'Medium-island': '1', 'Short-island': '1', 'Squeal': '0', 'Typical-entropy': '2', 'Voicing-quality': '2', 'Wide-band': '0', 'Xlong-island': '0', 'seq': '1', 'end': 32471.7, 'start': 32471.2}, {'Canonical-syllable': '0', 'Growl': '2', 'High-freq-energy': '0', 'Long-island': '1', 'Low-tilt-spectrum': '1', 'Medium-island': '1', 'Short-island': '3', 'Squeal': '1', 'Typical-entropy': '1', 'Voicing-quality': '5', 'Wide-band': '0', 'Xlong-island': '0', 'seq': '2', 'end': 32474.36, 'start': 32472.04}]",0,0,[],[]
32474500,32475760,NA,MAF,0.0,969,CIC,NA,NA,NA,NA,0.0,0,-42.64,-24.4,[],0,0,[],[]
32475760,32476410,CHI,CHN,0.0,969,CIC,RC,1,NT,FH,1.0,650,-24.34,-16.96,"[{'Canonical-syllable': '1', 'Growl': '0', 'High-freq-energy': '0', 'Long-island': '0', 'Low-tilt-spectrum': '0', 'Medium-island': '1', 'Short-island': '0', 'Squeal': '0', 'Typical-entropy': '0', 'Voicing-quality': '1', 'Wide-band': '0', 'Xlong-island': '0', 'seq': '1', 'end': 32476.41, 'start': 32475.9}]",0,0,[],[]
32476410,32477320,NA,NOF,0.0,969,CIC,NA,NA,NA,NA,0.0,0,-23.71,-8.42,[],0,0,[],[]
32477320,32477920,CHI,CHN,0.0,969,CIC,RC,1,NT,FH,1.0,390,-17.4,-10.68,"[{'Canonical-syllable': '1', 'Growl': '0', 'High-freq-energy': '0', 'Long-island': '0', 'Low-tilt-spectrum': '0', 'Medium-island': '1', 'Short-island': '0', 'Squeal': '0', 'Typical-entropy': '0', 'Voicing-quality': '1', 'Wide-band': '0', 'Xlong-island': '0', 'seq': '1', 'end': 32477.71, 'start': 32477.32}]",0,0,[],[]
32477920,32480600,NA,OLN,0.0,969,CIC,NA,NA,NA,NA,0.0,0,-24.6,-11.38,[],0,0,[],[]
32480600,32481400,NA,NOF,0.0,969,CIC,NA,NA,NA,NA,0.0,0,-38.68,-33.15,[],0,0,[],[]
32481400,32482040,CHI,CHN,0.0,969,CIC,RC,1,NT,FH,1.0,640,-15.36,-7.55,"[{'Canonical-syllable': '0', 'Growl': '0', 'High-freq-energy': '0', 'Long-island': '0', 'Low-tilt-spectrum': '1', 'Medium-island': '1', 'Short-island': '1', 'Squeal': '0', 'Typical-entropy': '1', 'Voicing-quality': '2', 'Wide-band': '0', 'Xlong-island': '0', 'seq': '1', 'end': 32482.04, 'start': 32481.4}]",0,0,[],[]
32482040,32483040,NA,OLN,0.0,969,CIC,NA,NA,NA,NA,0.0,0,-17.67,-7.45,[],0,0,[],[]
32483040,32484280,CHI,CHN,0.0,969,CIC,RC,1,NT,FH,2.0,840,-22.62,-11.91,"[{'Canonical-syllable': '0', 'Growl': '1', 'High-freq-energy': '0', 'Long-island': '0', 'Low-tilt-spectrum': '0', 'Medium-island': '0', 'Short-island': '1', 'Squeal': '0', 'Typical-entropy': '0', 'Voicing-quality': '1', 'Wide-band': '0', 'Xlong-island': '0', 'seq': '1', 'end': 32483.49, 'start': 32483.31}, {'Canonical-syllable': '0', 'Growl': '1', 'High-freq-energy': '0', 'Long-island': '0', 'Low-tilt-spectrum': '0', 'Medium-island': '1', 'Short-island': '0', 'Squeal': '0', 'Typical-entropy': '1', 'Voicing-quality': '1', 'Wide-band': '0', 'Xlong-island': '0', 'seq': '2', 'end': 32484.2, 'start': 32483.81}]",0,0,[],[]
32484280,32485210,NA,OLF,0.0,969,CIC,NA,NA,NA,NA,0.0,0,-39.04,-31.35,[],0,0,[],[]
32485210,32485870,CHI,CHN,0.0,969,CIC,EC,1,NT,FH,1.0,660,-22.86,-16.6,"[{'Canonical-syllable': '0', 'Growl': '0', 'High-freq-energy': '0', 'Long-island': '1', 'Low-tilt-spectrum': '0', 'Medium-island': '0', 'Short-island': '0', 'Squeal': '0', 'Typical-entropy': '0', 'Voicing-quality': '1', 'Wide-band': '0', 'Xlong-island': '0', 'seq': '1', 'end': 32485.87, 'start': 32485.21}]",0,0,[],[]
32485870,32487890,NA,NOF,0.0,970,pause,NA,NA,NA,NA,0.0,0,-41.64,-33.6,[],0,0,[],[]
32487890,32489230,NA,SIL,0.0,970,pause,NA,NA,NA,NA,0.0,0,-47.81,-43.07,[],0,0,[],[]
32489230,32493260,NA,TVF,0.0,970,pause,NA,NA,NA,NA,0.0,0,-47.55,-41.23,[],0,0,[],[]
32493260,32494890,NA,NOF,0.0,970,pause,NA,NA,NA,NA,0.0,0,-36.65,-18.62,[],0,0,[],[]
32494890,32496880,NA,OLN,0.0,970,pause,NA,NA,NA,NA,0.0,0,-27.33,-15.8,[],0,0,[],[]
32496880,32497560,CHI,CHN,0.0,970,CM,EC,0,NT,FI,1.0,680,-23.2,-17.63,"[{'Canonical-syllable': '0', 'Growl': '1', 'High-freq-energy': '0', 'Long-island': '0', 'Low-tilt-spectrum': '1', 'Medium-island': '1', 'Short-island': '0', 'Squeal': '0', 'Typical-entropy': '1', 'Voicing-quality': '2', 'Wide-band': '0', 'Xlong-island': '0', 'seq': '1', 'end': 32497.56, 'start': 32497.0}]",0,0,[],[]
32497560,32502600,NA,NOF,0.0,971,pause,NA,NA,NA,NA,0.0,0,-23.73,-3.14,[],0,0,[],[]
32502600,32503610,NA,FAF,0.0,971,pause,NA,NA,NA,NA,0.0,0,-38.15,-24.61,[],0,0,[],[]
32503610,32504430,NA,SIL,0.0,971,pause,NA,NA,NA,NA,0.0,0,-42.74,-32.11,[],0,0,[],[]
32504430,32505130,CHI,CHN,0.0,971,CM,EC,0,NT,FI,1.0,700,-19.13,-11.35,"[{'Canonical-syllable': '0', 'Growl': '1', 'High-freq-energy': '0', 'Long-island': '0', 'Low-tilt-spectrum': '1', 'Medium-island': '0', 'Short-island': '2', 'Squeal': '0', 'Typical-entropy': '2', 'Voicing-quality': '2', 'Wide-band': '0', 'Xlong-island': '0', 'seq': '1', 'end': 32505.13, 'start': 32504.43}]",0,0,[],[]
32505130,32507820,NA,OLF,0.0,972,pause,NA,NA,NA,NA,0.0,0,-35.96,-25.89,[],0,0,[],[]
32507820,32508960,NA,NOF,0.0,972,pause,NA,NA,NA,NA,0.0,0,-37.72,-20.77,[],0,0,[],[]
32508960,32510150,NA,OLF,0.0,972,pause,NA,NA,NA,NA,0.0,0,-38.94,-26.51,[],0,0,[],[]
32510150,32511140,NA,NOF,0.0,972,pause,NA,NA,NA,NA,0.0,0,-23.94,-17.87,[],0,0,[],[]
32511140,32511970,NA,OLN,0.0,972,pause,NA,NA,NA,NA,0.0,0,-24.17,-9.3,[],0,0,[],[]
32511970,32513040,CHI,CHN,0.0,972,CIC,BC,0,NT,FI,2.0,580,-25.83,-16.42,"[{'Canonical-syllable': '0', 'Growl': '0', 'High-freq-energy': '0', 'Long-island': '0', 'Low-tilt-spectrum': '0', 'Medium-island': '0', 'Short-island': '1', 'Squeal': '0', 'Typical-entropy': '0', 'Voicing-quality': '1', 'Wide-band': '0', 'Xlong-island': '0', 'seq': '1', 'end': 32512.19, 'start': 32511.97}, {'Canonical-syllable': '1', 'Growl': '0', 'High-freq-energy': '0', 'Long-island': '0', 'Low-tilt-spectrum': '0', 'Medium-island': '1', 'Short-island': '0', 'Squeal': '0', 'Typical-entropy': '0', 'Voicing-quality': '1', 'Wide-band': '0', 'Xlong-island': '0', 'seq': '2', 'end': 32512.87, 'start': 32512.51}]",0,0,[],[]
32513040,32513840,NA,OLN,0.0,972,CIC,NA,NA,NA,NA,0.0,0,-17.43,-5.93,[],0,0,[],[]
32513840,32514480,CHI,CHN,0.0,972,CIC,RC,0,TIFI,FH,1.0,400,-19.82,-10.57,"[{'Canonical-syllable': '0', 'Growl': '0', 'High-freq-energy': '0', 'Long-island': '0', 'Low-tilt-spectrum': '0', 'Medium-island': '0', 'Short-island': '1', 'Squeal': '1', 'Typical-entropy': '0', 'Voicing-quality': '2', 'Wide-band': '0', 'Xlong-island': '0', 'seq': '1', 'end': 32514.24, 'start': 32513.84}]",0,0,[],[]
32514480,32515380,NA,OLF,0.0,972,CIC,NA,NA,NA,NA,0.0,0,-34.01,-17.6,[],0,0,[],[]
32515380,32516600,NA,NOF,0.0,972,CIC,NA,NA,NA,NA,0.0,0,-41.34,-34.61,[],0,0,[],[]
32516600,32518020,NA,OLN,0.0,972,CIC,NA,NA,NA,NA,0.0,0,-29.24,-14.07,[],0,0,[],[]
32518020,32519120,FEM,FAN,3.16,972,CIC,EC,1,TIFR,FI,0.0,0,-38.2,-30.66,[],0,0,[],[]
32519120,32519920,NA,OLF,0.0,973,pause,NA,NA,NA,NA,0.0,0,-25.31,-9.71,[],0,0,[],[]
32519920,32520720,NA,NOF,0.0,973,pause,NA,NA,NA,NA,0.0,0,-23.17,-6.22,[],0,0,[],[]
32520720,32521530,NA,OLN,0.0,973,pause,NA,NA,NA,NA,0.0,0,-24.48,-9.37,[],0,0,[],[]
32521530,32523020,NA,NOF,0.0,973,pause,NA,NA,NA,NA,0.0,0,-30.06,-14.99,[],0,0,[],[]
32523020,32524460,NA,OLF,0.0,973,pause,NA,NA,NA,NA,0.0,0,-32.97,-16.56,[],0,0,[],[]
32524460,32525270,CHI,CHN,0.0,973,CM,BC,0,NT,FI,1.0,810,-22.01,-14.56,"[{'Canonical-syllable': '0', 'Growl': '1', 'High-freq-energy': '0', 'Long-island': '0', 'Low-tilt-spectrum': '1', 'Medium-island': '1', 'Short-island': '1', 'Squeal': '0', 'Typical-entropy': '1', 'Voicing-quality': '2', 'Wide-band': '0', 'Xlong-island': '0', 'seq': '1', 'end': 32525.27, 'start': 32524.46}]",0,0,[],[]
32525270,32526150,CHI,CHN,0.0,973,CM,RC,0,NT,FH,1.0,880,-18.51,-11.49,"[{'Canonical-syllable': '0', 'Growl': '0', 'High-freq-energy': '0', 'Long-island': '0', 'Low-tilt-spectrum': '1', 'Medium-island': '1', 'Short-island': '1', 'Squeal': '0', 'Typical-entropy': '2', 'Voicing-quality': '2', 'Wide-band': '0', 'Xlong-island': '0', 'seq': '1', 'end': 32526.15, 'start': 32525.27}]",0,0,[],[]
32526150,32527160,NA,NON,0.0,973,CM,NA,NA,NA,NA,0.0,0,-46.85,-41.83,[],0,0,[],[]
32527160,32529810,CHI,CHN,0.0,973,CM,RC,0,NT,FH,2.0,2060,-16.57,-2.65,"[{'Canonical-syllable': '0', 'Growl': '0', 'High-freq-energy': '0', 'Long-island': '1', 'Low-tilt-spectrum': '1', 'Medium-island': '0', 'Short-island': '0', 'Squeal': '0', 'Typical-entropy': '1', 'Voicing-quality': '1', 'Wide-band': '0', 'Xlong-island': '0', 'seq': '1', 'end': 32527.99, 'start': 32527.16}, {'Canonical-syllable': '1', 'Growl': '0', 'High-freq-energy': '0', 'Long-island': '1', 'Low-tilt-spectrum': '2', 'Medium-island': '0', 'Short-island': '1', 'Squeal': '0', 'Typical-entropy': '2', 'Voicing-quality': '2', 'Wide-band': '0', 'Xlong-island': '0', 'seq': '2', 'end': 32529.81, 'start': 32528.58}]",0,0,[],[]
32529810,32533500,NA,NOF,0.0,973,CM,NA,NA,NA,NA,0.0,0,-41.81,-27.31,[],0,0,[],[]
32533500,32534640,CHI,CHN,0.0,973,CM,RC,0,NT,FH,1.0,950,-17.78,-4.97,"[{'Canonical-syllable': '1', 'Growl': '0', 'High-freq-energy': '0', 'Long-island': '0', 'Low-tilt-spectrum': '0', 'Medium-island': '1', 'Short-island': '0', 'Squeal': '0', 'Typical-entropy': '1', 'Voicing-quality': '2', 'Wide-band': '0', 'Xlong-island': '0', 'seq': '1', 'end': 32534.45, 'start': 32533.5}]",0,0,[],[]
32534640,32536650,NA,OLF,0.0,973,CM,NA,NA,NA,NA,0.0,0,-33.0,-22.32,[],0,0,[],[]
32536650,32537870,NA,SIL,0.0,973,CM,NA,NA,NA,NA,0.0,0,-46.06,-37.22,[],0,0,[],[]
32537870,32538670,NA,CHF,0.0,973,CM,NA,NA,NA,NA,0.0,0,-45.59,-37.2,[],0,800,[],"[{'start': 32537.87, 'end': 32538.67}]"
32538670,32540150,CHI,CHN,0.0,973,CM,RC,0,NT,FH,1.0,1400,-18.61,-12.33,"[{'Canonical-syllable': '0', 'Growl': '0', 'High-freq-energy': '0', 'Long-island': '1', 'Low-tilt-spectrum': '0', 'Medium-island': '1', 'Short-island': '0', 'Squeal': '0', 'Typical-entropy': '0', 'Voicing-quality': '2', 'Wide-band': '0', 'Xlong-island': '0', 'seq': '1', 'end': 32540.07, 'start': 32538.67}]",0,0,[],[]
32540150,32541190,NA,NOF,0.0,973,CM,NA,NA,NA,NA,0.0,0,-43.39,-37.19,[],0,0,[],[]
32541190,32542610,CHI,CHN,0.0,973,CM,EC,0,NT,FH,2.0,950,-18.61,-6.61,"[{'Canonical-syllable': '0', 'Growl': '1', 'High-freq-energy': '0', 'Long-island': '0', 'Low-tilt-spectrum': '1', 'Medium-island': '0', 'Short-island': '1', 'Squeal': '0', 'Typical-entropy': '1', 'Voicing-quality': '1', 'Wide-band': '0', 'Xlong-island': '0', 'seq': '1', 'end': 32541.36, 'start': 32541.19}, {'Canonical-syllable': '0', 'Growl': '1', 'High-freq-energy': '0', 'Long-island': '0', 'Low-tilt-spectrum': '1', 'Medium-island': '1', 'Short-island': '0', 'Squeal': '0', 'Typical-entropy': '1', 'Voicing-quality': '2', 'Wide-band': '0', 'Xlong-island': '0', 'seq': '2', 'end': 32542.47, 'start': 32541.69}]",0,0,[],[]
32542610,32544720,NA,NOF,0.0,974,pause,NA,NA,NA,NA,0.0,0,-45.49,-37.91,[],0,0,[],[]
32544720,32545520,NA,OLF,0.0,974,pause,NA,NA,NA,NA,0.0,0,-35.67,-23.33,[],0,0,[],[]
32545520,32549650,NA,NOF,0.0,974,pause,NA,NA,NA,NA,0.0,0,-17.21,-2.76,[],0,0,[],[]
32549650,32550600,NA,OLF,0.0,974,pause,NA,NA,NA,NA,0.0,0,-7.93,-1.77,[],0,0,[],[]
32550600,32554250,NA,NOF,0.0,974,pause,NA,NA,NA,NA,0.0,0,-42.65,-29.48,[],0,0,[],[]
32554250,32555270,NA,SIL,0.0,974,pause,NA,NA,NA,NA,0.0,0,-46.99,-39.71,[],0,0,[],[]
32555270,32556070,NA,NOF,0.0,974,pause,NA,NA,NA,NA,0.0,0,-46.71,-42.73,[],0,0,[],[]
32556070,32556870,NA,SIL,0.0,974,pause,NA,NA,NA,NA,0.0,0,-46.71,-41.3,[],0,0,[],[]
32556870,32559170,NA,NOF,0.0,974,pause,NA,NA,NA,NA,0.0,0,-34.23,-13.79,[],0,0,[],[]
32559170,32559770,CHI,CHN,0.0,974,CIC,BC,0,TIFI,FI,1.0,600,-27.88,-18.17,"[{'Canonical-syllable': '0', 'Growl': '1', 'High-freq-energy': '0', 'Long-island': '0', 'Low-tilt-spectrum': '1', 'Medium-island': '1', 'Short-island': '0', 'Squeal': '0', 'Typical-entropy': '1', 'Voicing-quality': '1', 'Wide-band': '0', 'Xlong-island': '0', 'seq': '1', 'end': 32559.77, 'start': 32559.3}]",0,0,[],[]
32559770,32562480,NA,NOF,0.0,974,CIC,NA,NA,NA,NA,0.0,0,-37.84,-19.58,[],0,0,[],[]
32562480,32563540,FEM,FAN,2.31,974,CIC,EC,1,TIFR,FI,0.0,0,-31.65,-20.58,[],0,0,[],[]
32563540,32564340,NA,OLN,0.0,975,pause,NA,NA,NA,NA,0.0,0,-30.1,-20.19,[],0,0,[],[]
32564340,32567450,NA,NOF,0.0,975,pause,NA,NA,NA,NA,0.0,0,-39.94,-20.12,[],0,0,[],[]
32567450,32568890,CHI,CHN,0.0,975,pause,NA,NA,NA,NA,0.0,0,-13.75,-3.32,[],0,1350,"[{'start': 32567.54, 'end': 32568.89}]",[]
32568890,32569750,OCH,CXN,0.0,975,XIC,BC,0,NT,FI,0.0,0,-31.28,-24.1,[],0,0,[],[]
32569750,32570550,CHI,CHN,0.0,975,XIC,NA,NA,NA,NA,0.0,0,-18.91,-10.03,[],0,350,"[{'start': 32570.2, 'end': 32570.55}]",[]
32570550,32573120,NA,NOF,0.0,975,XIC,NA,NA,NA,NA,0.0,0,-22.61,-4.97,[],0,0,[],[]
32573120,32574150,CHI,CHN,0.0,975,XIC,RC,0,TIFI,FI,1.0,1030,-17.28,-8.22,"[{'Canonical-syllable': '1', 'Growl': '1', 'High-freq-energy': '0', 'Long-island': '0', 'Low-tilt-spectrum': '0', 'Medium-island': '1', 'Short-island': '2', 'Squeal': '0', 'Typical-entropy': '1', 'Voicing-quality': '3', 'Wide-band': '1', 'Xlong-island': '0', 'seq': '1', 'end': 32574.15, 'start': 32573.12}]",0,0,[],[]
32574150,32574950,NA,OLF,0.0,975,XIC,NA,NA,NA,NA,0.0,0,-37.61,-25.21,[],0,0,[],[]
32574950,32576050,NA,MAF,0.0,975,XIC,NA,NA,NA,NA,0.0,0,-32.25,-19.91,[],0,0,[],[]
32576050,32576970,NA,OLN,0.0,975,XIC,NA,NA,NA,NA,0.0,0,-30.72,-25.47,[],0,0,[],[]
32576970,32577970,FEM,FAN,3.76,975,XIC,RC,1,TIFR,FI,0.0,0,-19.34,-6.79,[],0,0,[],[]
32577970,32578590,CHI,CHN,0.0,975,XIC,RC,1,TIFE,FI,1.0,620,-16.11,-7.23,"[{'Canonical-syllable': '1', 'Growl': '0', 'High-freq-energy': '0', 'Long-island': '0', 'Low-tilt-spectrum': '1', 'Medium-island': '1', 'Short-island': '0', 'Squeal': '0', 'Typical-entropy': '1', 'Voicing-quality': '1', 'Wide-band': '0', 'Xlong-island': '0', 'seq': '1', 'end': 32578.59, 'start': 32578.05}]",0,0,[],[]
32578590,32580010,NA,NOF,0.0,975,XIC,NA,NA,NA,NA,0.0,0,-41.99,-30.4,[],0,0,[],[]
32580010,32581160,NA,OLN,0.0,975,XIC,NA,NA,NA,NA,0.0,0,-25.95,-12.34,[],0,0,[],[]
32581160,32582120,CHI,CHN,0.0,975,XIC,RC,1,NT,FH,1.0,960,-24.84,-16.84,"[{'Canonical-syllable': '0', 'Growl': '0', 'High-freq-energy': '0', 'Long-island': '0', 'Low-tilt-spectrum': '1', 'Medium-island': '2', 'Short-island': '0', 'Squeal': '0', 'Typical-entropy': '1', 'Voicing-quality': '2', 'Wide-band': '0', 'Xlong-island': '0', 'seq': '1', 'end': 32582.12, 'start': 32581.3}]",0,0,[],[]
32582120,32584050,CHI,CHN,0.0,975,XIC,NA,NA,NA,NA,0.0,0,-18.61,-6.76,[],0,550,"[{'start': 32582.95, 'end': 32583.5}]",[]
32584050,32584710,CHI,CHN,0.0,975,XIC,RC,1,NT,FH,1.0,660,-16.52,-6.26,"[{'Canonical-syllable': '1', 'Growl': '1', 'High-freq-energy': '1', 'Long-island': '0', 'Low-tilt-spectrum': '1', 'Medium-island': '0', 'Short-island': '3', 'Squeal': '0', 'Typical-entropy': '3', 'Voicing-quality': '3', 'Wide-band': '0', 'Xlong-island': '0', 'seq': '1', 'end': 32584.71, 'start': 32584.05}]",0,0,[],[]
32584710,32585520,OCH,CXN,0.0,975,XIC,RC,1,NT,FI,0.0,0,-20.36,-13.89,[],0,0,[],[]
32585520,32587650,NA,OLF,0.0,975,XIC,NA,NA,NA,NA,0.0,0,-42.07,-29.25,[],0,0,[],[]
32587650,32589740,NA,SIL,0.0,975,XIC,NA,NA,NA,NA,0.0,0,-46.53,-36.07,[],0,0,[],[]
32589740,32590390,CHI,CHN,0.0,975,XIC,EC,1,NT,FI,1.0,650,-17.02,-9.65,"[{'Canonical-syllable': '1', 'Growl': '0', 'High-freq-energy': '0', 'Long-island': '0', 'Low-tilt-spectrum': '1', 'Medium-island': '1', 'Short-island': '0', 'Squeal': '0', 'Typical-entropy': '1', 'Voicing-quality': '1', 'Wide-band': '0', 'Xlong-island': '0', 'seq': '1', 'end': 32590.39, 'start': 32589.86}]",0,0,[],[]
32590390,32591550,NA,NOF,0.0,976,pause,NA,NA,NA,NA,0.0,0,-26.39,-11.92,[],0,0,[],[]
32591550,32593750,NA,OLF,0.0,976,pause,NA,NA,NA,NA,0.0,0,-27.0,-11.2,[],0,0,[],[]
32593750,32594670,NA,NOF,0.0,976,pause,NA,NA,NA,NA,0.0,0,-40.88,-30.6,[],0,0,[],[]
32594670,32595470,NA,OLF,0.0,976,pause,NA,NA,NA,NA,0.0,0,-38.97,-31.65,[],0,0,[],[]
32595470,32596850,NA,NOF,0.0,976,pause,NA,NA,NA,NA,0.0,0,-40.67,-32.04,[],0,0,[],[]
32596850,32598290,CHI,CHN,0.0,976,CIC,BC,0,NT,FI,1.0,1180,-20.18,-8.94,"[{'Canonical-syllable': '2', 'Growl': '0', 'High-freq-energy': '0', 'Long-island': '0', 'Low-tilt-spectrum': '3', 'Medium-island': '0', 'Short-island': '4', 'Squeal': '0', 'Typical-entropy': '4', 'Voicing-quality': '4', 'Wide-band': '0', 'Xlong-island': '0', 'seq': '1', 'end': 32598.03, 'start': 32596.85}]",0,0,[],[]
32598290,32600650,NA,NOF,0.0,976,CIC,NA,NA,NA,NA,0.0,0,-47.96,-39.04,[],0,0,[],[]
32600650,32601420,CHI,CHN,0.0,976,CIC,RC,0,TIFI,FH,1.0,770,-26.5,-20.71,"[{'Canonical-syllable': '0', 'Growl': '0', 'High-freq-energy': '0', 'Long-island': '0', 'Low-tilt-spectrum': '0', 'Medium-island': '1', 'Short-island': '1', 'Squeal': '0', 'Typical-entropy': '1', 'Voicing-quality': '2', 'Wide-band': '0', 'Xlong-island': '0', 'seq': '1', 'end': 32601.42, 'start': 32600.65}]",0,0,[],[]
32601420,32603060,FEM,FAN,8.13,976,CIC,RC,1,TIFR,FI,0.0,0,-39.45,-32.18,[],0,0,[],[]
32603060,32604010,NA,NOF,0.0,976,CIC,NA,NA,NA,NA,0.0,0,-43.1,-31.94,[],0,0,[],[]
32604010,32605180,NA,OLF,0.0,976,CIC,NA,NA,NA,NA,0.0,0,-41.22,-32.51,[],0,0,[],[]
32605180,32606230,CHI,CHN,0.0,976,CIC,RC,1,TIFE,FI,2.0,530,-23.02,-12.65,"[{'Canonical-syllable': '1', 'Growl': '0', 'High-freq-energy': '0', 'Long-island': '0', 'Low-tilt-spectrum': '1', 'Medium-island': '0', 'Short-island': '1', 'Squeal': '0', 'Typical-entropy': '1', 'Voicing-quality': '1', 'Wide-band': '0', 'Xlong-island': '0', 'seq': '1', 'end': 32605.49, 'start': 32605.29}, {'Canonical-syllable': '0', 'Growl': '0', 'High-freq-energy': '0', 'Long-island': '0', 'Low-tilt-spectrum': '1', 'Medium-island': '0', 'Short-island': '1', 'Squeal': '0', 'Typical-entropy': '0', 'Voicing-quality': '1', 'Wide-band': '0', 'Xlong-island': '0', 'seq': '2', 'end': 32606.12, 'start': 32605.9}]",0,0,[],[]
32606230,32607450,CHI,CHN,0.0,976,CIC,RC,1,NT,FH,1.0,1090,-21.22,-13.42,"[{'Canonical-syllable': '2', 'Growl': '0', 'High-freq-energy': '0', 'Long-island': '0', 'Low-tilt-spectrum': '2', 'Medium-island': '1', 'Short-island': '2', 'Squeal': '0', 'Typical-entropy': '3', 'Voicing-quality': '3', 'Wide-band': '0', 'Xlong-island': '0', 'seq': '1', 'end': 32607.32, 'start': 32606.23}]",0,0,[],[]
32607450,32608300,NA,NON,0.0,976,CIC,NA,NA,NA,NA,0.0,0,-40.37,-32.08,[],0,0,[],[]
32608300,32609860,CHI,CHN,0.0,976,CIC,NA,NA,NA,NA,0.0,0,-18.05,-7.12,[],0,1220,"[{'start': 32608.52, 'end': 32609.74}]",[]
32609860,32610660,OCH,CXN,0.0,976,CIC,RC,1,NT,FI,0.0,0,-17.41,-9.15,[],0,0,[],[]
32610660,32611730,CHI,CHN,0.0,976,CIC,EC,1,NT,FI,2.0,630,-17.29,-9.01,"[{'Canonical-syllable': '0', 'Growl': '0', 'High-freq-energy': '0', 'Long-island': '0', 'Low-tilt-spectrum': '1', 'Medium-island': '1', 'Short-island': '0', 'Squeal': '0', 'Typical-entropy': '1', 'Voicing-quality': '1', 'Wide-band': '0', 'Xlong-island': '0', 'seq': '1', 'end': 32611.15, 'start': 32610.66}, {'Canonical-syllable': '0', 'Growl': '0', 'High-freq-energy': '0', 'Long-island': '0', 'Low-tilt-spectrum': '1', 'Medium-island': '0', 'Short-island': '0', 'Squeal': '0', 'Typical-entropy': '1', 'Voicing-quality': '1', 'Wide-band': '0', 'Xlong-island': '0', 'seq': '2', 'end': 32611.73, 'start': 32611.59}]",0,0,[],[]
32611730,32612630,NA,OLN,0.0,977,pause,NA,NA,NA,NA,0.0,0,-29.93,-20.75,[],0,0,[],[]
32612630,32613230,CHI,CHN,0.0,977,pause,NA,NA,NA,NA,0.0,0,-15.46,-10.24,[],0,510,"[{'start': 32612.72, 'end': 32613.23}]",[]
32613230,32614270,NA,OLN,0.0,977,pause,NA,NA,NA,NA,0.0,0,-26.48,-12.58,[],0,0,[],[]
32614270,32615390,CHI,CHN,0.0,977,pause,NA,NA,NA,NA,0.0,0,-13.66,-2.79,[],0,790,"[{'start': 32614.6, 'end': 32615.39}]",[]
32615390,32616500,NA,OLN,0.0,977,pause,NA,NA,NA,NA,0.0,0,-28.33,-10.43,[],0,0,[],[]
32616500,32617300,NA,NOF,0.0,977,pause,NA,NA,NA,NA,0.0,0,-41.02,-35.35,[],0,0,[],[]
32617300,32618300,FEM,FAN,5.98,977,AICF,BC,0,TIFI,FI,0.0,0,-34.68,-26.06,[],0,0,[],[]
32618300,32622600,NA,NOF,0.0,977,AICF,NA,NA,NA,NA,0.0,0,-24.91,-4.71,[],0,0,[],[]
32622600,32623200,CHI,CHN,0.0,977,AICF,RC,1,TIFR,FI,1.0,510,-19.68,-5.65,"[{'Canonical-syllable': '1', 'Growl': '0', 'High-freq-energy': '0', 'Long-island': '0', 'Low-tilt-spectrum': '0', 'Medium-island': '0', 'Short-island': '2', 'Squeal': '0', 'Typical-entropy': '2', 'Voicing-quality': '2', 'Wide-band': '0', 'Xlong-island': '0', 'seq': '1', 'end': 32623.11, 'start': 32622.6}]",0,0,[],[]
32623200,32624790,NA,NOF,0.0,977,AICF,NA,NA,NA,NA,0.0,0,-42.28,-31.14,[],0,0,[],[]
32624790,32625480,CHI,CHN,0.0,977,AICF,RC,1,NT,FH,1.0,690,-18.69,-9.94,"[{'Canonical-syllable': '1', 'Growl': '0', 'High-freq-energy': '0', 'Long-island': '0', 'Low-tilt-spectrum': '2', 'Medium-island': '0', 'Short-island': '2', 'Squeal': '0', 'Typical-entropy': '1', 'Voicing-quality': '2', 'Wide-band': '0', 'Xlong-island': '0', 'seq': '1', 'end': 32625.48, 'start': 32624.79}]",0,0,[],[]
32625480,32626320,NA,OLN,0.0,977,AICF,NA,NA,NA,NA,0.0,0,-28.82,-19.59,[],0,0,[],[]
32626320,32627530,NA,NOF,0.0,977,AICF,NA,NA,NA,NA,0.0,0,-34.17,-20.42,[],0,0,[],[]
32627530,32628370,NA,OLN,0.0,977,AICF,NA,NA,NA,NA,0.0,0,-24.65,-12.8,[],0,0,[],[]
32628370,32629170,NA,NOF,0.0,977,AICF,NA,NA,NA,NA,0.0,0,-30.0,-17.38,[],0,0,[],[]
32629170,32630740,CHI,CHN,0.0,977,AICF,EC,1,NT,FH,2.0,1240,-18.83,-8.56,"[{'Canonical-syllable': '1', 'Growl': '0', 'High-freq-energy': '0', 'Long-island': '0', 'Low-tilt-spectrum': '2', 'Medium-island': '2', 'Short-island': '0', 'Squeal': '0', 'Typical-entropy': '2', 'Voicing-quality': '2', 'Wide-band': '0', 'Xlong-island': '0', 'seq': '1', 'end': 32629.98, 'start': 32629.17}, {'Canonical-syllable': '1', 'Growl': '0', 'High-freq-energy': '0', 'Long-island': '0', 'Low-tilt-spectrum': '2', 'Medium-island': '0', 'Short-island': '1', 'Squeal': '0', 'Typical-entropy': '2', 'Voicing-quality': '2', 'Wide-band': '0', 'Xlong-island': '0', 'seq': '2', 'end': 32630.74, 'start': 32630.31}]",0,0,[],[]
32630740,32631660,NA,OLN,0.0,978,pause,NA,NA,NA,NA,0.0,0,-29.93,-15.07,[],0,0,[],[]
32631660,32632460,NA,NOF,0.0,978,pause,NA,NA,NA,NA,0.0,0,-39.99,-27.68,[],0,0,[],[]
32632460,32634390,NA,SIL,0.0,978,pause,NA,NA,NA,NA,0.0,0,-47.06,-31.83,[],0,0,[],[]
32634390,32635490,NA,NOF,0.0,978,pause,NA,NA,NA,NA,0.0,0,-39.02,-26.29,[],0,0,[],[]
32635490,32636320,NA,SIL,0.0,978,pause,NA,NA,NA,NA,0.0,0,-49.83,-39.71,[],0,0,[],[]
32636320,32637710,NA,NOF,0.0,978,pause,NA,NA,NA,NA,0.0,0,-36.14,-17.79,[],0,0,[],[]
32637710,32639680,CHI,CHN,0.0,978,CIC,BC,0,NT,FI,1.0,1970,-19.34,-10.2,"[{'Canonical-syllable': '1', 'Growl': '1', 'High-freq-energy': '0', 'Long-island': '0', 'Low-tilt-spectrum': '0', 'Medium-island': '1', 'Short-island': '3', 'Squeal': '0', 'Typical-entropy': '0', 'Voicing-quality': '6', 'Wide-band': '0', 'Xlong-island': '0', 'seq': '1', 'end': 32639.68, 'start': 32637.79}]",0,0,[],[]
32639680,32640610,CHI,CHN,0.0,978,CIC,RC,0,NT,FH,1.0,930,-20.51,-14.89,"[{'Canonical-syllable': '0', 'Growl': '0', 'High-freq-energy': '1', 'Long-island': '1', 'Low-tilt-spectrum': '0', 'Medium-island': '0', 'Short-island': '0', 'Squeal': '0', 'Typical-entropy': '0', 'Voicing-quality': '1', 'Wide-band': '0', 'Xlong-island': '0', 'seq': '1', 'end': 32640.61, 'start': 32639.68}]",0,0,[],[]
32640610,32641410,NA,NOF,0.0,978,CIC,NA,NA,NA,NA,0.0,0,-39.79,-26.42,[],0,0,[],[]
32641410,32642920,CHI,CHN,0.0,978,CIC,RC,0,NT,FH,1.0,1510,-27.18,-16.3,"[{'Canonical-syllable': '1', 'Growl': '0', 'High-freq-energy': '0', 'Long-island': '0', 'Low-tilt-spectrum': '0', 'Medium-island': '2', 'Short-island': '1', 'Squeal': '0', 'Typical-entropy': '0', 'Voicing-quality': '3', 'Wide-band': '0', 'Xlong-island': '0', 'seq': '1', 'end': 32642.92, 'start': 32641.53}]",0,0,[],[]
32642920,32646440,NA,SIL,0.0,978,CIC,NA,NA,NA,NA,0.0,0,-47.68,-34.47,[],0,0,[],[]
32646440,32647380,NA,NOF,0.0,978,CIC,NA,NA,NA,NA,0.0,0,-45.38,-34.95,[],0,0,[],[]
32647380,32647980,CHI,CHN,0.0,978,CIC,RC,0,NT,FH,1.0,370,-36.41,-26.44,"[{'Canonical-syllable': '0', 'Growl': '1', 'High-freq-energy': '0', 'Long-island': '0', 'Low-tilt-spectrum': '0', 'Medium-island': '0', 'Short-island': '0', 'Squeal': '0', 'Typical-entropy': '0', 'Voicing-quality': '1', 'Wide-band': '1', 'Xlong-island': '0', 'seq': '1', 'end': 32647.75, 'start': 32647.64}]",0,0,[],[]
32647980,32648790,NA,SIL,0.0,978,CIC,NA,NA,NA,NA,0.0,0,-47.95,-42.85,[],0,0,[],[]
32648790,32650440,CHI,CHN,0.0,978,CIC,RC,0,TIFI,FH,1.0,1550,-17.41,-10.93,"[{'Canonical-syllable': '0', 'Growl': '0', 'High-freq-energy': '0', 'Long-island': '1', 'Low-tilt-spectrum': '0', 'Medium-island': '1', 'Short-island': '0', 'Squeal': '0', 'Typical-entropy': '0', 'Voicing-quality': '3', 'Wide-band': '1', 'Xlong-island': '0', 'seq': '1', 'end': 32650.34, 'start': 32649.01}]",0,0,[],[]
32650440,32651260,NA,NOF,0.0,978,CIC,NA,NA,NA,NA,0.0,0,-44.35,-34.77,[],0,0,[],[]
32651260,32651870,FEM,FAN,1.09,978,CIC,RC,1,TIFR,FI,0.0,0,-37.87,-30.56,[],0,0,[],[]
32651870,32652670,NA,NOF,0.0,978,CIC,NA,NA,NA,NA,0.0,0,-38.4,-23.68,[],0,0,[],[]
32652670,32653380,CHI,CHN,0.0,978,CIC,RC,1,TIFE,FI,1.0,180,-18.98,-6.15,"[{'Canonical-syllable': '0', 'Growl': '0', 'High-freq-energy': '0', 'Long-island': '0', 'Low-tilt-spectrum': '0', 'Medium-island': '0', 'Short-island': '1', 'Squeal': '0', 'Typical-entropy': '0', 'Voicing-quality': '1', 'Wide-band': '0', 'Xlong-island': '0', 'seq': '1', 'end': 32653.38, 'start': 32653.2}]",0,0,[],[]
32653380,32654440,NA,OLF,0.0,978,CIC,NA,NA,NA,NA,0.0,0,-39.47,-28.36,[],0,0,[],[]
32654440,32655060,CHI,CHN,0.0,978,CIC,EC,1,NT,FH,1.0,310,-28.8,-22.1,"[{'Canonical-syllable': '0', 'Growl': '0', 'High-freq-energy': '0', 'Long-island': '0', 'Low-tilt-spectrum': '0', 'Medium-island': '1', 'Short-island': '0', 'Squeal': '0', 'Typical-entropy': '0', 'Voicing-quality': '1', 'Wide-band': '0', 'Xlong-island': '0', 'seq': '1', 'end': 32655.06, 'start': 32654.75}]",0,0,[],[]
32655060,32655860,NA,SIL,0.0,979,pause,NA,NA,NA,NA,0.0,0,-48.98,-43.29,[],0,0,[],[]
32655860,32656940,NA,NOF,0.0,979,pause,NA,NA,NA,NA,0.0,0,-44.29,-34.2,[],0,0,[],[]
32656940,32657930,NA,SIL,0.0,979,pause,NA,NA,NA,NA,0.0,0,-50.36,-44.83,[],0,0,[],[]
32657930,32658980,NA,NOF,0.0,979,pause,NA,NA,NA,NA,0.0,0,-46.27,-40.12,[],0,0,[],[]
32658980,32659620,CHI,CHN,0.0,979,pause,NA,NA,NA,NA,0.0,0,-14.22,-3.64,[],0,200,"[{'start': 32659.11, 'end': 32659.31}]",[]
32659620,32661440,NA,NOF,0.0,979,pause,NA,NA,NA,NA,0.0,0,-38.43,-22.71,[],0,0,[],[]
32661440,32662280,NA,SIL,0.0,979,pause,NA,NA,NA,NA,0.0,0,-48.55,-44.25,[],0,0,[],[]
32662280,32664700,NA,NOF,0.0,979,pause,NA,NA,NA,NA,0.0,0,-42.36,-21.48,[],0,0,[],[]
32664700,32665500,NA,SIL,0.0,979,pause,NA,NA,NA,NA,0.0,0,-40.98,-25.33,[],0,0,[],[]
32665500,32673940,NA,NOF,0.0,979,pause,NA,NA,NA,NA,0.0,0,-42.47,-24.15,[],0,0,[],[]
32673940,32674740,NA,SIL,0.0,979,pause,NA,NA,NA,NA,0.0,0,-49.04,-42.32,[],0,0,[],[]
32674740,32675630,NA,NOF,0.0,979,pause,NA,NA,NA,NA,0.0,0,-47.91,-42.86,[],0,0,[],[]
32675630,32676430,NA,SIL,0.0,979,pause,NA,NA,NA,NA,0.0,0,-49.63,-45.12,[],0,0,[],[]
32676430,32689380,NA,NOF,0.0,979,pause,NA,NA,NA,NA,0.0,0,-38.21,-12.5,[],0,0,[],[]
32689380,32690340,NA,SIL,0.0,979,pause,NA,NA,NA,NA,0.0,0,-48.8,-44.02,[],0,0,[],[]
32690340,32700370,NA,NOF,0.0,979,pause,NA,NA,NA,NA,0.0,0,-38.38,-19.36,[],0,0,[],[]
32700370,32701420,NA,SIL,0.0,979,pause,NA,NA,NA,NA,0.0,0,-50.1,-45.64,[],0,0,[],[]
32701420,32702230,NA,NOF,0.0,979,pause,NA,NA,NA,NA,0.0,0,-47.06,-36.35,[],0,0,[],[]
32702230,32703030,NA,SIL,0.0,979,pause,NA,NA,NA,NA,0.0,0,-50.13,-43.71,[],0,0,[],[]
32703030,32705490,NA,NOF,0.0,979,pause,NA,NA,NA,NA,0.0,0,-38.11,-18.95,[],0,0,[],[]
32705490,32706920,NA,SIL,0.0,979,pause,NA,NA,NA,NA,0.0,0,-49.86,-44.87,[],0,0,[],[]
32706920,32707960,NA,NOF,0.0,979,pause,NA,NA,NA,NA,0.0,0,-47.13,-39.45,[],0,0,[],[]
32707960,32710530,NA,SIL,0.0,979,pause,NA,NA,NA,NA,0.0,0,-48.46,-42.54,[],0,0,[],[]
32710530,32711930,NA,NOF,0.0,979,pause,NA,NA,NA,NA,0.0,0,-43.04,-26.45,[],0,0,[],[]
32711930,32712730,NA,SIL,0.0,979,pause,NA,NA,NA,NA,0.0,0,-46.87,-34.67,[],0,0,[],[]
32712730,32714590,NA,NOF,0.0,979,pause,NA,NA,NA,NA,0.0,0,-41.28,-31.14,[],0,0,[],[]
32714590,32715680,NA,SIL,0.0,979,pause,NA,NA,NA,NA,0.0,0,-48.04,-40.71,[],0,0,[],[]
32715680,32717460,NA,NOF,0.0,979,pause,NA,NA,NA,NA,0.0,0,-42.98,-29.32,[],0,0,[],[]
32717460,32718450,NA,SIL,0.0,979,pause,NA,NA,NA,NA,0.0,0,-47.2,-36.84,[],0,0,[],[]
32718450,32719460,NA,NOF,0.0,979,pause,NA,NA,NA,NA,0.0,0,-45.97,-37.39,[],0,0,[],[]
32719460,32720460,NA,MAF,0.0,979,pause,NA,NA,NA,NA,0.0,0,-47.18,-41.02,[],0,0,[],[]
32720460,32725540,NA,NOF,0.0,979,pause,NA,NA,NA,NA,0.0,0,-30.97,-11.26,[],0,0,[],[]
32725540,32726700,NA,SIL,0.0,979,pause,NA,NA,NA,NA,0.0,0,-48.31,-43.55,[],0,0,[],[]
32726700,32727500,NA,NOF,0.0,979,pause,NA,NA,NA,NA,0.0,0,-47.42,-37.99,[],0,0,[],[]
32727500,32728300,NA,SIL,0.0,979,pause,NA,NA,NA,NA,0.0,0,-47.5,-44.02,[],0,0,[],[]
32728300,32730410,NA,NOF,0.0,979,pause,NA,NA,NA,NA,0.0,0,-41.75,-26.46,[],0,0,[],[]
32730410,32732330,NA,MAF,0.0,979,pause,NA,NA,NA,NA,0.0,0,-40.59,-33.2,[],0,0,[],[]
32732330,32734990,CHI,CHN,0.0,979,CIC,BC,0,NT,FI,3.0,1620,-21.21,-9.7,"[{'Canonical-syllable': '0', 'Growl': '0', 'High-freq-energy': '0', 'Long-island': '0', 'Low-tilt-spectrum': '1', 'Medium-island': '0', 'Short-island': '1', 'Squeal': '0', 'Typical-entropy': '1', 'Voicing-quality': '1', 'Wide-band': '0', 'Xlong-island': '0', 'seq': '1', 'end': 32732.82, 'start': 32732.6}, {'Canonical-syllable': '0', 'Growl': '0', 'High-freq-energy': '0', 'Long-island': '0', 'Low-tilt-spectrum': '0', 'Medium-island': '1', 'Short-island': '1', 'Squeal': '0', 'Typical-entropy': '1', 'Voicing-quality': '2', 'Wide-band': '0', 'Xlong-island': '0', 'seq': '2', 'end': 32734.16, 'start': 32733.19}, {'Canonical-syllable': '0', 'Growl': '0', 'High-freq-energy': '0', 'Long-island': '0', 'Low-tilt-spectrum': '1', 'Medium-island': '0', 'Short-island': '1', 'Squeal': '0', 'Typical-entropy': '1', 'Voicing-quality': '1', 'Wide-band': '0', 'Xlong-island': '0', 'seq': '3', 'end': 32734.99, 'start': 32734.83}]",0,0,[],[]
32734990,32735790,OCH,CXN,0.0,979,CIC,RC,0,NT,FI,0.0,0,-26.56,-20.75,[],0,0,[],[]
32735790,32736390,CHI,CHN,0.0,979,CIC,RC,0,TIFI,FI,1.0,600,-26.05,-19.97,"[{'Canonical-syllable': '0', 'Growl': '0', 'High-freq-energy': '0', 'Long-island': '0', 'Low-tilt-spectrum': '0', 'Medium-island': '0', 'Short-island': '2', 'Squeal': '0', 'Typical-entropy': '1', 'Voicing-quality': '2', 'Wide-band': '1', 'Xlong-island': '0', 'seq': '1', 'end': 32736.39, 'start': 32735.79}]",0,0,[],[]
32736390,32737190,FEM,FAN,0.89,979,CIC,RC,1,TIFR,FI,0.0,0,-37.46,-30.96,[],0,0,[],[]
32737190,32739180,CHI,CHN,0.0,979,CIC,RC,1,TIFE,FI,1.0,1990,-17.52,-7.92,"[{'Canonical-syllable': '1', 'Growl': '1', 'High-freq-energy': '1', 'Long-island': '0', 'Low-tilt-spectrum': '3', 'Medium-island': '2', 'Short-island': '2', 'Squeal': '0', 'Typical-entropy': '4', 'Voicing-quality': '4', 'Wide-band': '1', 'Xlong-island': '0', 'seq': '1', 'end': 32739.18, 'start': 32737.19}]",0,0,[],[]
32739180,32740070,CHI,CHN,0.0,979,CIC,RC,1,NT,FH,1.0,790,-18.2,-8.49,"[{'Canonical-syllable': '1', 'Growl': '0', 'High-freq-energy': '0', 'Long-island': '0', 'Low-tilt-spectrum': '1', 'Medium-island': '1', 'Short-island': '1', 'Squeal': '0', 'Typical-entropy': '2', 'Voicing-quality': '2', 'Wide-band': '0', 'Xlong-island': '0', 'seq': '1', 'end': 32739.97, 'start': 32739.28}]",0,0,[],[]
32740070,32740690,CHI,CHN,0.0,979,CIC,RC,1,TIMI,FH,1.0,360,-23.6,-16.87,"[{'Canonical-syllable': '1', 'Growl': '0', 'High-freq-energy': '0', 'Long-island': '0', 'Low-tilt-spectrum': '1', 'Medium-island': '1', 'Short-island': '0', 'Squeal': '0', 'Typical-entropy': '1', 'Voicing-quality': '1', 'Wide-band': '0', 'Xlong-island': '0', 'seq': '1', 'end': 32740.43, 'start': 32740.07}]",0,0,[],[]
32740690,32741680,NA,NOF,0.0,979,CIC,NA,NA,NA,NA,0.0,0,-42.48,-36.5,[],0,0,[],[]
32741680,32742680,MAL,MAN,6.2,979,CIC,RC,2,TIMR,FI,0.0,0,-35.26,-25.49,[],0,0,[],[]
32742680,32743650,NA,OLF,0.0,979,CIC,NA,NA,NA,NA,0.0,0,-24.27,-10.28,[],0,0,[],[]
32743650,32746510,NA,NOF,0.0,979,CIC,NA,NA,NA,NA,0.0,0,-35.78,-24.58,[],0,0,[],[]
32746510,32748690,CHI,CHN,0.0,979,CIC,RC,2,TIME,FI,2.0,1740,-15.45,-3.65,"[{'Canonical-syllable': '0', 'Growl': '0', 'High-freq-energy': '0', 'Long-island': '0', 'Low-tilt-spectrum': '1', 'Medium-island': '1', 'Short-island': '0', 'Squeal': '0', 'Typical-entropy': '1', 'Voicing-quality': '1', 'Wide-band': '0', 'Xlong-island': '0', 'seq': '1', 'end': 32747.11, 'start': 32746.51}, {'Canonical-syllable': '2', 'Growl': '0', 'High-freq-energy': '0', 'Long-island': '0', 'Low-tilt-spectrum': '1', 'Medium-island': '2', 'Short-island': '0', 'Squeal': '0', 'Typical-entropy': '3', 'Voicing-quality': '3', 'Wide-band': '0', 'Xlong-island': '0', 'seq': '2', 'end': 32748.57, 'start': 32747.43}]",0,0,[],[]
32748690,32750410,NA,NOF,0.0,979,CIC,NA,NA,NA,NA,0.0,0,-39.95,-33.94,[],0,0,[],[]
32750410,32752140,OCH,CXN,0.0,979,CIC,RC,2,NT,FI,0.0,0,-26.76,-19.43,[],0,0,[],[]
32752140,32755200,NA,NON,0.0,979,CIC,NA,NA,NA,NA,0.0,0,-26.5,-20.06,[],0,0,[],[]
32755200,32756370,NA,OLN,0.0,979,CIC,NA,NA,NA,NA,0.0,0,-21.09,-12.77,[],0,0,[],[]
32756370,32756970,CHI,CHN,0.0,979,CIC,EC,2,NT,FI,1.0,600,-15.83,-5.94,"[{'Canonical-syllable': '1', 'Growl': '1', 'High-freq-energy': '1', 'Long-island': '0', 'Low-tilt-spectrum': '2', 'Medium-island': '1', 'Short-island': '0', 'Squeal': '0', 'Typical-entropy': '2', 'Voicing-quality': '1', 'Wide-band': '0', 'Xlong-island': '0', 'seq': '1', 'end': 32756.97, 'start': 32756.37}]",0,0,[],[]
32756970,32757890,NA,NON,0.0,980,pause,NA,NA,NA,NA,0.0,0,-31.06,-28.54,[],0,0,[],[]
32757890,32759740,NA,OLN,0.0,980,pause,NA,NA,NA,NA,0.0,0,-32.51,-26.02,[],0,0,[],[]
32759740,32760580,NA,NON,0.0,980,pause,NA,NA,NA,NA,0.0,0,-32.33,-28.59,[],0,0,[],[]
32760580,32765480,NA,OLN,0.0,980,pause,NA,NA,NA,NA,0.0,0,-30.22,-23.06,[],0,0,[],[]
32765480,32769980,NA,NOF,0.0,980,pause,NA,NA,NA,NA,0.0,0,-35.94,-21.53,[],0,0,[],[]
32769980,32770930,CHI,CHN,0.0,980,CM,EC,0,NT,FI,1.0,730,-21.96,-12.01,"[{'Canonical-syllable': '0', 'Growl': '0', 'High-freq-energy': '0', 'Long-island': '0', 'Low-tilt-spectrum': '1', 'Medium-island': '0', 'Short-island': '2', 'Squeal': '0', 'Typical-entropy': '2', 'Voicing-quality': '2', 'Wide-band': '0', 'Xlong-island': '0', 'seq': '1', 'end': 32770.71, 'start': 32769.98}]",0,0,[],[]
32770930,32771890,NA,OLN,0.0,981,pause,NA,NA,NA,NA,0.0,0,-29.7,-19.96,[],0,0,[],[]
32771890,32784150,NA,NOF,0.0,981,pause,NA,NA,NA,NA,0.0,0,-33.12,-8.42,[],0,0,[],[]
32784150,32784950,NA,OLF,0.0,981,pause,NA,NA,NA,NA,0.0,0,-28.99,-18.65,[],0,0,[],[]
32784950,32786730,NA,NOF,0.0,981,pause,NA,NA,NA,NA,0.0,0,-33.34,-18.74,[],0,0,[],[]
32786730,32787640,NA,OLF,0.0,981,pause,NA,NA,NA,NA,0.0,0,-28.97,-14.3,[],0,0,[],[]
32787640,32803950,NA,NOF,0.0,981,pause,NA,NA,NA,NA,0.0,0,-22.29,-1.24,[],0,0,[],[]
32803950,32804950,NA,FAF,0.0,981,pause,NA,NA,NA,NA,0.0,0,-31.13,-24.61,[],0,0,[],[]
32804950,32807280,NA,NOF,0.0,981,pause,NA,NA,NA,NA,0.0,0,-40.6,-31.55,[],0,0,[],[]
32807280,32808080,NA,SIL,0.0,981,pause,NA,NA,NA,NA,0.0,0,-39.3,-35.01,[],0,0,[],[]
32808080,32808960,NA,NOF,0.0,981,pause,NA,NA,NA,NA,0.0,0,-37.6,-32.56,[],0,0,[],[]
32808960,32810060,NA,SIL,0.0,981,pause,NA,NA,NA,NA,0.0,0,-39.84,-29.61,[],0,0,[],[]
32810060,32811480,NA,NOF,0.0,981,pause,NA,NA,NA,NA,0.0,0,-39.08,-33.63,[],0,0,[],[]
32811480,32812410,NA,SIL,0.0,981,pause,NA,NA,NA,NA,0.0,0,-40.25,-34.21,[],0,0,[],[]
32812410,32814310,NA,NOF,0.0,981,pause,NA,NA,NA,NA,0.0,0,-39.71,-33.43,[],0,0,[],[]
32814310,32815210,NA,SIL,0.0,981,pause,NA,NA,NA,NA,0.0,0,-40.33,-35.41,[],0,0,[],[]
32815210,32816230,NA,FAF,0.0,981,pause,NA,NA,NA,NA,0.0,0,-39.8,-35.16,[],0,0,[],[]
32816230,32819510,NA,SIL,0.0,981,pause,NA,NA,NA,NA,0.0,0,-37.09,-25.69,[],0,0,[],[]
32819510,32821310,NA,NOF,0.0,981,pause,NA,NA,NA,NA,0.0,0,-36.54,-27.97,[],0,0,[],[]
32821310,32824950,NA,MAF,0.0,981,pause,NA,NA,NA,NA,0.0,0,-35.89,-16.67,[],0,0,[],[]
32824950,32826440,NA,NOF,0.0,981,pause,NA,NA,NA,NA,0.0,0,-38.21,-24.4,[],0,0,[],[]
32826440,32827240,NA,SIL,0.0,981,pause,NA,NA,NA,NA,0.0,0,-36.98,-30.72,[],0,0,[],[]
32827240,32829540,NA,OLF,0.0,981,pause,NA,NA,NA,NA,0.0,0,-32.0,-20.65,[],0,0,[],[]
32829540,32832160,NA,SIL,0.0,981,pause,NA,NA,NA,NA,0.0,0,-39.96,-35.03,[],0,0,[],[]
32832160,32832980,NA,NOF,0.0,981,pause,NA,NA,NA,NA,0.0,0,-39.05,-34.66,[],0,0,[],[]
32832980,32836540,NA,SIL,0.0,981,pause,NA,NA,NA,NA,0.0,0,-39.41,-31.45,[],0,0,[],[]
32836540,32839750,NA,NOF,0.0,981,pause,NA,NA,NA,NA,0.0,0,-38.36,-25.94,[],0,0,[],[]
32839750,32841270,NA,SIL,0.0,981,pause,NA,NA,NA,NA,0.0,0,-42.12,-38.17,[],0,0,[],[]
32841270,32842270,NA,MAF,0.0,981,pause,NA,NA,NA,NA,0.0,0,-41.23,-33.07,[],0,0,[],[]
32842270,32843130,NA,NOF,0.0,981,pause,NA,NA,NA,NA,0.0,0,-41.26,-35.01,[],0,0,[],[]
32843130,32844150,NA,SIL,0.0,981,pause,NA,NA,NA,NA,0.0,0,-41.6,-37.43,[],0,0,[],[]
32844150,32845150,NA,TVF,0.0,981,pause,NA,NA,NA,NA,0.0,0,-41.89,-37.9,[],0,0,[],[]
32845150,32850240,NA,SIL,0.0,981,pause,NA,NA,NA,NA,0.0,0,-41.5,-30.63,[],0,0,[],[]
32850240,32853750,NA,MAF,0.0,981,pause,NA,NA,NA,NA,0.0,0,-39.3,-26.84,[],0,0,[],[]
32853750,32855410,NA,NOF,0.0,981,pause,NA,NA,NA,NA,0.0,0,-39.93,-32.96,[],0,0,[],[]
32855410,32856270,NA,SIL,0.0,981,pause,NA,NA,NA,NA,0.0,0,-40.4,-36.82,[],0,0,[],[]
32856270,32857070,NA,CHF,0.0,981,pause,NA,NA,NA,NA,0.0,0,-40.55,-37.36,[],0,800,[],"[{'start': 32856.27, 'end': 32857.07}]"
32857070,32858080,NA,SIL,0.0,981,pause,NA,NA,NA,NA,0.0,0,-41.12,-37.46,[],0,0,[],[]
32858080,32860830,NA,NOF,0.0,981,pause,NA,NA,NA,NA,0.0,0,-38.92,-27.56,[],0,0,[],[]
32860830,32863240,NA,SIL,0.0,981,pause,NA,NA,NA,NA,0.0,0,-39.61,-34.36,[],0,0,[],[]
32863240,32864260,MAL,MAN,5.67,981,AMM,EC,0,NT,FI,0.0,0,-35.44,-27.8,[],0,0,[],[]
32864260,32865520,NA,SIL,0.0,982,pause,NA,NA,NA,NA,0.0,0,-40.08,-35.57,[],0,0,[],[]
32865520,32866320,NA,NOF,0.0,982,pause,NA,NA,NA,NA,0.0,0,-39.85,-34.88,[],0,0,[],[]
32866320,32867300,NA,SIL,0.0,982,pause,NA,NA,NA,NA,0.0,0,-39.62,-34.38,[],0,0,[],[]
32867300,32868100,NA,NOF,0.0,982,pause,NA,NA,NA,NA,0.0,0,-39.46,-34.78,[],0,0,[],[]
32868100,32868930,NA,SIL,0.0,982,pause,NA,NA,NA,NA,0.0,0,-39.96,-35.27,[],0,0,[],[]
32868930,32870500,NA,NOF,0.0,982,pause,NA,NA,NA,NA,0.0,0,-39.08,-33.36,[],0,0,[],[]
32870500,32871950,NA,SIL,0.0,982,pause,NA,NA,NA,NA,0.0,0,-40.73,-34.9,[],0,0,[],[]
32871950,32881550,NA,NOF,0.0,982,pause,NA,NA,NA,NA,0.0,0,-38.66,-26.28,[],0,0,[],[]
32881550,32882350,NA,OLF,0.0,982,pause,NA,NA,NA,NA,0.0,0,-35.72,-31.14,[],0,0,[],[]
32882350,32885340,NA,NOF,0.0,982,pause,NA,NA,NA,NA,0.0,0,-38.03,-31.89,[],0,0,[],[]
32885340,32896690,NA,NON,0.0,982,pause,NA,NA,NA,NA,0.0,0,-38.44,-31.73,[],0,0,[],[]
32896690,32899950,NA,MAF,0.0,982,pause,NA,NA,NA,NA,0.0,0,-32.24,-24.31,[],0,0,[],[]
32899950,32900780,NA,NOF,0.0,982,pause,NA,NA,NA,NA,0.0,0,-28.2,-24.49,[],0,0,[],[]
32900780,32904780,NA,OLF,0.0,982,pause,NA,NA,NA,NA,0.0,0,-29.27,-20.29,[],0,0,[],[]
32904780,32905590,NA,SIL,0.0,982,pause,NA,NA,NA,NA,0.0,0,-37.97,-32.01,[],0,0,[],[]
32905590,32906450,NA,OLF,0.0,982,pause,NA,NA,NA,NA,0.0,0,-38.0,-32.41,[],0,0,[],[]
32906450,32907050,CHI,CHN,0.0,982,CM,EC,0,NT,FI,1.0,530,-18.26,-11.21,"[{'Canonical-syllable': '0', 'Growl': '0', 'High-freq-energy': '0', 'Long-island': '0', 'Low-tilt-spectrum': '0', 'Medium-island': '1', 'Short-island': '0', 'Squeal': '0', 'Typical-entropy': '0', 'Voicing-quality': '1', 'Wide-band': '0', 'Xlong-island': '0', 'seq': '1', 'end': 32906.98, 'start': 32906.45}]",0,0,[],[]
32907050,32910370,NA,NOF,0.0,983,pause,NA,NA,NA,NA,0.0,0,-38.12,-32.09,[],0,0,[],[]
32910370,32911170,NA,SIL,0.0,983,pause,NA,NA,NA,NA,0.0,0,-38.7,-32.14,[],0,0,[],[]
32911170,32911970,NA,NOF,0.0,983,pause,NA,NA,NA,NA,0.0,0,-38.08,-32.85,[],0,0,[],[]
32911970,32912770,NA,SIL,0.0,983,pause,NA,NA,NA,NA,0.0,0,-38.32,-32.88,[],0,0,[],[]
32912770,32913680,NA,NOF,0.0,983,pause,NA,NA,NA,NA,0.0,0,-38.26,-32.71,[],0,0,[],[]
32913680,32914560,NA,SIL,0.0,983,pause,NA,NA,NA,NA,0.0,0,-37.61,-31.8,[],0,0,[],[]
32914560,32917060,NA,NOF,0.0,983,pause,NA,NA,NA,NA,0.0,0,-38.56,-32.93,[],0,0,[],[]
32917060,32917950,NA,SIL,0.0,983,pause,NA,NA,NA,NA,0.0,0,-38.75,-34.63,[],0,0,[],[]
32917950,32922690,NA,NOF,0.0,983,pause,NA,NA,NA,NA,0.0,0,-35.19,-17.81,[],0,0,[],[]
32922690,32924820,NA,SIL,0.0,983,pause,NA,NA,NA,NA,0.0,0,-37.23,-30.17,[],0,0,[],[]
32924820,32929790,NA,OLN,0.0,983,pause,NA,NA,NA,NA,0.0,0,-26.65,-18.67,[],0,0,[],[]
32929790,32930860,NA,NOF,0.0,983,pause,NA,NA,NA,NA,0.0,0,-36.48,-29.72,[],0,0,[],[]
32930860,32931680,NA,SIL,0.0,983,pause,NA,NA,NA,NA,0.0,0,-37.33,-32.11,[],0,0,[],[]
32931680,32933660,NA,NOF,0.0,983,pause,NA,NA,NA,NA,0.0,0,-37.62,-31.8,[],0,0,[],[]
32933660,32934480,NA,SIL,0.0,983,pause,NA,NA,NA,NA,0.0,0,-38.38,-32.84,[],0,0,[],[]
32934480,32944630,NA,NOF,0.0,983,pause,NA,NA,NA,NA,0.0,0,-37.64,-30.93,[],0,0,[],[]
32944630,32945440,NA,OLF,0.0,983,pause,NA,NA,NA,NA,0.0,0,-34.02,-29.18,[],0,0,[],[]
32945440,32952670,NA,NOF,0.0,983,pause,NA,NA,NA,NA,0.0,0,-25.5,-4.01,[],0,0,[],[]
32952670,32953690,NA,OLF,0.0,983,pause,NA,NA,NA,NA,0.0,0,-34.5,-23.45,[],0,0,[],[]
32953690,32955960,NA,NOF,0.0,983,pause,NA,NA,NA,NA,0.0,0,-38.65,-32.3,[],0,0,[],[]
32955960,32957210,NA,SIL,0.0,983,pause,NA,NA,NA,NA,0.0,0,-40.9,-35.81,[],0,0,[],[]
32957210,32959530,NA,NOF,0.0,983,pause,NA,NA,NA,NA,0.0,0,-38.72,-29.4,[],0,0,[],[]
32959530,32960370,NA,SIL,0.0,983,pause,NA,NA,NA,NA,0.0,0,-34.43,-20.68,[],0,0,[],[]
32960370,32961170,NA,NOF,0.0,983,pause,NA,NA,NA,NA,0.0,0,-33.92,-19.16,[],0,0,[],[]
32961170,32963560,NA,SIL,0.0,983,pause,NA,NA,NA,NA,0.0,0,-40.58,-33.68,[],0,0,[],[]
32963560,32964760,NA,NOF,0.0,983,pause,NA,NA,NA,NA,0.0,0,-39.76,-33.13,[],0,0,[],[]
32964760,32966950,NA,SIL,0.0,983,pause,NA,NA,NA,NA,0.0,0,-41.27,-34.91,[],0,0,[],[]
32966950,32968850,NA,NOF,0.0,983,pause,NA,NA,NA,NA,0.0,0,-40.39,-32.9,[],0,0,[],[]
32968850,32969670,NA,SIL,0.0,983,pause,NA,NA,NA,NA,0.0,0,-42.06,-38.09,[],0,0,[],[]
32969670,32970470,NA,NOF,0.0,983,pause,NA,NA,NA,NA,0.0,0,-42.43,-38.02,[],0,0,[],[]
32970470,32971270,NA,SIL,0.0,983,pause,NA,NA,NA,NA,0.0,0,-42.65,-39.79,[],0,0,[],[]
32971270,32973520,NA,NOF,0.0,983,pause,NA,NA,NA,NA,0.0,0,-40.43,-32.89,[],0,0,[],[]
32973520,32974320,NA,SIL,0.0,983,pause,NA,NA,NA,NA,0.0,0,-41.66,-36.56,[],0,0,[],[]
32974320,32976710,NA,NOF,0.0,983,pause,NA,NA,NA,NA,0.0,0,-39.67,-30.03,[],0,0,[],[]
32976710,32977510,NA,SIL,0.0,983,pause,NA,NA,NA,NA,0.0,0,-39.39,-34.11,[],0,0,[],[]
32977510,32983100,NA,NOF,0.0,983,pause,NA,NA,NA,NA,0.0,0,-35.19,-29.37,[],0,0,[],[]
32983100,32986780,NA,OLN,0.0,983,pause,NA,NA,NA,NA,0.0,0,-31.2,-24.07,[],0,0,[],[]
32986780,32988750,CHI,CHN,0.0,983,CM,EC,0,NT,FI,1.0,1970,-18.43,-10.02,"[{'Canonical-syllable': '1', 'Growl': '1', 'High-freq-energy': '0', 'Long-island': '0', 'Low-tilt-spectrum': '3', 'Medium-island': '0', 'Short-island': '3', 'Squeal': '0', 'Typical-entropy': '4', 'Voicing-quality': '4', 'Wide-band': '0', 'Xlong-island': '1', 'seq': '1', 'end': 32988.75, 'start': 32986.78}]",0,0,[],[]
32988750,32989680,NA,OLF,0.0,984,pause,NA,NA,NA,NA,0.0,0,-35.93,-30.84,[],0,0,[],[]
32989680,32992280,NA,NOF,0.0,984,pause,NA,NA,NA,NA,0.0,0,-37.64,-26.98,[],0,0,[],[]
32992280,32997660,NA,SIL,0.0,984,pause,NA,NA,NA,NA,0.0,0,-41.29,-33.32,[],0,0,[],[]
32997660,33000480,NA,NOF,0.0,984,pause,NA,NA,NA,NA,0.0,0,-43.19,-37.2,[],0,0,[],[]
33000480,33001470,NA,SIL,0.0,984,pause,NA,NA,NA,NA,0.0,0,-41.01,-36.5,[],0,0,[],[]
33001470,33002870,NA,NOF,0.0,984,pause,NA,NA,NA,NA,0.0,0,-41.56,-34.95,[],0,0,[],[]
33002870,33003710,NA,SIL,0.0,984,pause,NA,NA,NA,NA,0.0,0,-43.4,-37.72,[],0,0,[],[]
33003710,33006380,NA,NOF,0.0,984,pause,NA,NA,NA,NA,0.0,0,-42.29,-32.34,[],0,0,[],[]
33006380,33007210,NA,SIL,0.0,984,pause,NA,NA,NA,NA,0.0,0,-42.61,-37.2,[],0,0,[],[]
33007210,33008180,NA,FAF,0.0,984,pause,NA,NA,NA,NA,0.0,0,-41.5,-35.01,[],0,0,[],[]
33008180,33008980,NA,SIL,0.0,984,pause,NA,NA,NA,NA,0.0,0,-45.57,-40.26,[],0,0,[],[]
33008980,33009780,NA,NOF,0.0,984,pause,NA,NA,NA,NA,0.0,0,-42.5,-32.9,[],0,0,[],[]
33009780,33010600,NA,SIL,0.0,984,pause,NA,NA,NA,NA,0.0,0,-44.81,-38.27,[],0,0,[],[]
33010600,33015340,NA,NOF,0.0,984,pause,NA,NA,NA,NA,0.0,0,-40.58,-28.47,[],0,0,[],[]
33015340,33016410,NA,SIL,0.0,984,pause,NA,NA,NA,NA,0.0,0,-44.46,-39.81,[],0,0,[],[]
33016410,33018190,NA,NOF,0.0,984,pause,NA,NA,NA,NA,0.0,0,-43.7,-38.24,[],0,0,[],[]
33018190,33020650,NA,SIL,0.0,984,pause,NA,NA,NA,NA,0.0,0,-45.5,-39.24,[],0,0,[],[]
33020650,33021480,NA,NOF,0.0,984,pause,NA,NA,NA,NA,0.0,0,-45.48,-39.44,[],0,0,[],[]
33021480,33026220,NA,SIL,0.0,984,pause,NA,NA,NA,NA,0.0,0,-44.29,-37.54,[],0,0,[],[]
33026220,33027790,NA,NOF,0.0,984,pause,NA,NA,NA,NA,0.0,0,-41.85,-27.92,[],0,0,[],[]
33027790,33028590,NA,SIL,0.0,984,pause,NA,NA,NA,NA,0.0,0,-45.1,-40.0,[],0,0,[],[]
33028590,33029460,NA,NOF,0.0,984,pause,NA,NA,NA,NA,0.0,0,-44.35,-39.18,[],0,0,[],[]
33029460,33033280,NA,SIL,0.0,984,pause,NA,NA,NA,NA,0.0,0,-45.39,-38.21,[],0,0,[],[]
33033280,33034080,NA,MAF,0.0,984,pause,NA,NA,NA,NA,0.0,0,-40.25,-31.91,[],0,0,[],[]
33034080,33035720,NA,SIL,0.0,984,pause,NA,NA,NA,NA,0.0,0,-44.79,-39.29,[],0,0,[],[]
33035720,33036910,CHI,CHN,0.0,984,CM,BC,0,NT,FI,1.0,1190,-20.24,-12.75,"[{'Canonical-syllable': '0', 'Growl': '2', 'High-freq-energy': '0', 'Long-island': '0', 'Low-tilt-spectrum': '0', 'Medium-island': '1', 'Short-island': '2', 'Squeal': '0', 'Typical-entropy': '2', 'Voicing-quality': '4', 'Wide-band': '0', 'Xlong-island': '0', 'seq': '1', 'end': 33036.91, 'start': 33035.72}]",0,0,[],[]
33036910,33039020,NA,SIL,0.0,984,CM,NA,NA,NA,NA,0.0,0,-45.44,-37.05,[],0,0,[],[]
33039020,33040400,CHI,CHN,0.0,984,CM,RC,0,NT,FH,1.0,1060,-21.16,-10.78,"[{'Canonical-syllable': '1', 'Growl': '2', 'High-freq-energy': '0', 'Long-island': '0', 'Low-tilt-spectrum': '2', 'Medium-island': '0', 'Short-island': '3', 'Squeal': '0', 'Typical-entropy': '1', 'Voicing-quality': '4', 'Wide-band': '0', 'Xlong-island': '0', 'seq': '1', 'end': 33040.08, 'start': 33039.02}]",0,0,[],[]
33040400,33041260,NA,SIL,0.0,984,CM,NA,NA,NA,NA,0.0,0,-44.99,-40.72,[],0,0,[],[]
33041260,33042670,CHI,CHN,0.0,984,CM,EC,0,NT,FH,1.0,1170,-25.17,-17.37,"[{'Canonical-syllable': '1', 'Growl': '1', 'High-freq-energy': '0', 'Long-island': '0', 'Low-tilt-spectrum': '1', 'Medium-island': '1', 'Short-island': '3', 'Squeal': '0', 'Typical-entropy': '0', 'Voicing-quality': '4', 'Wide-band': '0', 'Xlong-island': '0', 'seq': '1', 'end': 33042.43, 'start': 33041.26}]",0,0,[],[]
33042670,33044190,NA,SIL,0.0,985,pause,NA,NA,NA,NA,0.0,0,-45.01,-30.2,[],0,0,[],[]
33044190,33045860,NA,NOF,0.0,985,pause,NA,NA,NA,NA,0.0,0,-44.61,-32.27,[],0,0,[],[]
33045860,33046880,NA,SIL,0.0,985,pause,NA,NA,NA,NA,0.0,0,-43.12,-32.0,[],0,0,[],[]
33046880,33047700,NA,NOF,0.0,985,pause,NA,NA,NA,NA,0.0,0,-44.01,-36.47,[],0,0,[],[]
33047700,33056110,NA,SIL,0.0,985,pause,NA,NA,NA,NA,0.0,0,-44.46,-35.52,[],0,0,[],[]
33056110,33057110,FEM,FAN,5.72,985,AMF,EC,0,NT,FI,0.0,0,-36.16,-28.04,[],0,0,[],[]
33057110,33059270,NA,SIL,0.0,986,pause,NA,NA,NA,NA,0.0,0,-44.63,-38.05,[],0,0,[],[]
33059270,33060070,NA,FAF,0.0,986,pause,NA,NA,NA,NA,0.0,0,-44.67,-40.16,[],0,0,[],[]
33060070,33061430,NA,SIL,0.0,986,pause,NA,NA,NA,NA,0.0,0,-45.22,-39.69,[],0,0,[],[]
33061430,33063020,NA,NOF,0.0,986,pause,NA,NA,NA,NA,0.0,0,-44.0,-37.6,[],0,0,[],[]
33063020,33064220,NA,SIL,0.0,986,pause,NA,NA,NA,NA,0.0,0,-44.05,-39.17,[],0,0,[],[]
33064220,33065740,NA,NOF,0.0,986,pause,NA,NA,NA,NA,0.0,0,-42.16,-34.64,[],0,0,[],[]
33065740,33066560,NA,SIL,0.0,986,pause,NA,NA,NA,NA,0.0,0,-44.38,-34.17,[],0,0,[],[]
33066560,33068960,NA,NOF,0.0,986,pause,NA,NA,NA,NA,0.0,0,-43.28,-31.71,[],0,0,[],[]
33068960,33069760,NA,SIL,0.0,986,pause,NA,NA,NA,NA,0.0,0,-39.68,-32.8,[],0,0,[],[]
33069760,33070590,NA,NOF,0.0,986,pause,NA,NA,NA,NA,0.0,0,-42.11,-35.56,[],0,0,[],[]
33070590,33071410,NA,SIL,0.0,986,pause,NA,NA,NA,NA,0.0,0,-39.29,-34.19,[],0,0,[],[]
33071410,33072800,NA,NOF,0.0,986,pause,NA,NA,NA,NA,0.0,0,-38.28,-34.07,[],0,0,[],[]
33072800,33073720,NA,OLF,0.0,986,pause,NA,NA,NA,NA,0.0,0,-35.32,-31.87,[],0,0,[],[]
33073720,33074550,NA,NOF,0.0,986,pause,NA,NA,NA,NA,0.0,0,-37.8,-32.07,[],0,0,[],[]
33074550,33077940,NA,OLF,0.0,986,pause,NA,NA,NA,NA,0.0,0,-32.63,-24.85,[],0,0,[],[]
33077940,33092890,NA,NON,0.0,986,pause,NA,NA,NA,NA,0.0,0,-35.85,-19.89,[],0,0,[],[]
33092890,33097370,NA,NOF,0.0,986,pause,NA,NA,NA,NA,0.0,0,-37.02,-22.5,[],0,0,[],[]
33097370,33100620,NA,SIL,0.0,986,pause,NA,NA,NA,NA,0.0,0,-39.99,-27.49,[],0,0,[],[]
33100620,33101760,NA,NOF,0.0,986,pause,NA,NA,NA,NA,0.0,0,-39.65,-28.42,[],0,0,[],[]
33101760,33102640,NA,SIL,0.0,986,pause,NA,NA,NA,NA,0.0,0,-36.84,-28.77,[],0,0,[],[]
33102640,33109390,NA,NON,0.0,986,pause,NA,NA,NA,NA,0.0,0,-39.29,-24.2,[],0,0,[],[]
33109390,33110220,NA,FAF,0.0,986,pause,NA,NA,NA,NA,0.0,0,-42.55,-34.46,[],0,0,[],[]
33110220,33114890,NA,SIL,0.0,986,pause,NA,NA,NA,NA,0.0,0,-44.01,-37.31,[],0,0,[],[]
33114890,33117010,NA,NOF,0.0,986,pause,NA,NA,NA,NA,0.0,0,-43.29,-31.65,[],0,0,[],[]
33117010,33117990,NA,SIL,0.0,986,pause,NA,NA,NA,NA,0.0,0,-43.31,-34.25,[],0,0,[],[]
33117990,33118890,NA,NOF,0.0,986,pause,NA,NA,NA,NA,0.0,0,-45.08,-38.43,[],0,0,[],[]
33118890,33120000,NA,SIL,0.0,986,pause,NA,NA,NA,NA,0.0,0,-46.33,-39.92,[],0,0,[],[]
33120000,33121010,NA,NOF,0.0,986,pause,NA,NA,NA,NA,0.0,0,-45.77,-41.22,[],0,0,[],[]
33121010,33124540,NA,SIL,0.0,986,pause,NA,NA,NA,NA,0.0,0,-46.73,-42.25,[],0,0,[],[]
33124540,33131040,NA,NON,0.0,986,pause,NA,NA,NA,NA,0.0,0,-43.51,-29.56,[],0,0,[],[]
33131040,33139790,NA,NON,0.0,986,pause,NA,NA,NA,NA,0.0,0,-46.49,-40.3,[],0,0,[],[]
33139790,33144070,NA,SIL,0.0,986,pause,NA,NA,NA,NA,0.0,0,-43.65,-34.92,[],0,0,[],[]
33144070,33145070,NA,MAF,0.0,986,pause,NA,NA,NA,NA,0.0,0,-40.79,-30.5,[],0,0,[],[]
33145070,33162150,NA,SIL,0.0,986,pause,NA,NA,NA,NA,0.0,0,-45.17,-36.7,[],0,0,[],[]
33162150,33162950,NA,CHF,0.0,986,pause,NA,NA,NA,NA,0.0,0,-43.4,-34.12,[],0,800,[],"[{'start': 33162.15, 'end': 33162.95}]"
33162950,33163760,NA,SIL,0.0,986,pause,NA,NA,NA,NA,0.0,0,-44.77,-40.04,[],0,0,[],[]
33163760,33164650,NA,NOF,0.0,986,pause,NA,NA,NA,NA,0.0,0,-42.73,-35.87,[],0,0,[],[]
33164650,33165650,MAL,MAN,5.65,986,AICM,BC,0,TIMI,FI,0.0,0,-36.73,-28.5,[],0,0,[],[]
33165650,33166260,NA,OLF,0.0,986,AICM,NA,NA,NA,NA,0.0,0,-38.13,-27.16,[],0,0,[],[]
33166260,33167060,NA,SIL,0.0,986,AICM,NA,NA,NA,NA,0.0,0,-44.96,-33.39,[],0,0,[],[]
33167060,33167680,CHI,CHN,0.0,986,AICM,RC,1,TIMR,FI,1.0,250,-25.6,-14.76,"[{'Canonical-syllable': '1', 'Growl': '0', 'High-freq-energy': '0', 'Long-island': '0', 'Low-tilt-spectrum': '1', 'Medium-island': '0', 'Short-island': '1', 'Squeal': '0', 'Typical-entropy': '1', 'Voicing-quality': '1', 'Wide-band': '0', 'Xlong-island': '0', 'seq': '1', 'end': 33167.31, 'start': 33167.06}]",0,0,[],[]
33167680,33168760,FEM,FAN,4.86,986,AICM,RC,1,TIFI,FI,0.0,0,-37.4,-29.7,[],0,0,[],[]
33168760,33173190,NA,SIL,0.0,986,AICM,NA,NA,NA,NA,0.0,0,-43.28,-30.36,[],0,0,[],[]
33173190,33176400,CHI,CHN,0.0,986,AICM,RC,2,TIFR,FI,4.0,1450,-25.42,-16.66,"[{'Canonical-syllable': '0', 'Growl': '2', 'High-freq-energy': '1', 'Long-island': '0', 'Low-tilt-spectrum': '2', 'Medium-island': '1', 'Short-island': '1', 'Squeal': '0', 'Typical-entropy': '2', 'Voicing-quality': '3', 'Wide-band': '1', 'Xlong-island': '0', 'seq': '1', 'end': 33174.03, 'start': 33173.19}, {'Canonical-syllable': '0', 'Growl': '0', 'High-freq-energy': '0', 'Long-island': '0', 'Low-tilt-spectrum': '0', 'Medium-island': '1', 'Short-island': '0', 'Squeal': '0', 'Typical-entropy': '0', 'Voicing-quality': '1', 'Wide-band': '0', 'Xlong-island': '0', 'seq': '2', 'end': 33174.84, 'start': 33174.5}, {'Canonical-syllable': '0', 'Growl': '1', 'High-freq-energy': '0', 'Long-island': '0', 'Low-tilt-spectrum': '0', 'Medium-island': '0', 'Short-island': '1', 'Squeal': '0', 'Typical-entropy': '1', 'Voicing-quality': '1', 'Wide-band': '1', 'Xlong-island': '0', 'seq': '3', 'end': 33175.74, 'start': 33175.58}, {'Canonical-syllable': '0', 'Growl': '1', 'High-freq-energy': '0', 'Long-island': '0', 'Low-tilt-spectrum': '1', 'Medium-island': '0', 'Short-island': '0', 'Squeal': '0', 'Typical-entropy': '0', 'Voicing-quality': '1', 'Wide-band': '0', 'Xlong-island': '0', 'seq': '4', 'end': 33176.28, 'start': 33176.17}]",0,0,[],[]
33176400,33177400,CHI,CHN,0.0,986,AICM,RC,2,NT,FH,1.0,760,-27.58,-20.31,"[{'Canonical-syllable': '1', 'Growl': '1', 'High-freq-energy': '0', 'Long-island': '0', 'Low-tilt-spectrum': '0', 'Medium-island': '0', 'Short-island': '2', 'Squeal': '0', 'Typical-entropy': '0', 'Voicing-quality': '2', 'Wide-band': '0', 'Xlong-island': '0', 'seq': '1', 'end': 33177.16, 'start': 33176.64}]",0,0,[],[]
33177400,33178000,CHI,CHN,0.0,986,AICM,EC,2,NT,FH,1.0,190,-26.51,-20.26,"[{'Canonical-syllable': '0', 'Growl': '0', 'High-freq-energy': '0', 'Long-island': '0', 'Low-tilt-spectrum': '0', 'Medium-island': '0', 'Short-island': '1', 'Squeal': '0', 'Typical-entropy': '0', 'Voicing-quality': '1', 'Wide-band': '0', 'Xlong-island': '0', 'seq': '1', 'end': 33177.59, 'start': 33177.4}]",0,0,[],[]
33178000,33178800,NA,SIL,0.0,987,pause,NA,NA,NA,NA,0.0,0,-45.2,-41.57,[],0,0,[],[]
33178800,33179600,NA,NOF,0.0,987,pause,NA,NA,NA,NA,0.0,0,-40.83,-26.44,[],0,0,[],[]
33179600,33183650,NA,SIL,0.0,987,pause,NA,NA,NA,NA,0.0,0,-45.94,-39.91,[],0,0,[],[]
33183650,33184650,NA,FAF,0.0,987,pause,NA,NA,NA,NA,0.0,0,-44.41,-38.33,[],0,0,[],[]
33184650,33186450,NA,NOF,0.0,987,pause,NA,NA,NA,NA,0.0,0,-40.57,-23.21,[],0,0,[],[]
33186450,33187250,NA,SIL,0.0,987,pause,NA,NA,NA,NA,0.0,0,-45.75,-41.32,[],0,0,[],[]
33187250,33188050,NA,NOF,0.0,987,pause,NA,NA,NA,NA,0.0,0,-28.95,-11.66,[],0,0,[],[]
33188050,33188860,NA,SIL,0.0,987,pause,NA,NA,NA,NA,0.0,0,-44.85,-40.28,[],0,0,[],[]
33188860,33191860,NA,NOF,0.0,987,pause,NA,NA,NA,NA,0.0,0,-37.46,-18.62,[],0,0,[],[]
33191860,33194750,NA,SIL,0.0,987,pause,NA,NA,NA,NA,0.0,0,-44.34,-38.33,[],0,0,[],[]
33194750,33195550,NA,NOF,0.0,987,pause,NA,NA,NA,NA,0.0,0,-43.15,-32.68,[],0,0,[],[]
33195550,33196350,NA,SIL,0.0,987,pause,NA,NA,NA,NA,0.0,0,-45.61,-35.12,[],0,0,[],[]
33196350,33197350,NA,NOF,0.0,987,pause,NA,NA,NA,NA,0.0,0,-44.1,-37.38,[],0,0,[],[]
33197350,33198150,NA,SIL,0.0,987,pause,NA,NA,NA,NA,0.0,0,-46.49,-39.59,[],0,0,[],[]
33198150,33199450,NA,NOF,0.0,987,pause,NA,NA,NA,NA,0.0,0,-42.89,-30.25,[],0,0,[],[]
33199450,33200600,NA,SIL,0.0,987,pause,NA,NA,NA,NA,0.0,0,-43.6,-28.88,[],0,0,[],[]
33200600,33205430,NA,NOF,0.0,987,pause,NA,NA,NA,NA,0.0,0,-42.15,-26.54,[],0,0,[],[]
33205430,33206590,NA,MAF,0.0,987,pause,NA,NA,NA,NA,0.0,0,-43.93,-34.44,[],0,0,[],[]
33206590,33209180,NA,NOF,0.0,987,pause,NA,NA,NA,NA,0.0,0,-40.9,-27.39,[],0,0,[],[]
33209180,33210310,NA,SIL,0.0,987,pause,NA,NA,NA,NA,0.0,0,-46.54,-37.33,[],0,0,[],[]
33210310,33211450,NA,OLF,0.0,987,pause,NA,NA,NA,NA,0.0,0,-45.7,-38.81,[],0,0,[],[]
33211450,33212310,NA,SIL,0.0,987,pause,NA,NA,NA,NA,0.0,0,-47.0,-39.69,[],0,0,[],[]
33212310,33216860,NA,NOF,0.0,987,pause,NA,NA,NA,NA,0.0,0,-43.23,-29.02,[],0,0,[],[]
33216860,33217870,NA,FAF,0.0,987,pause,NA,NA,NA,NA,0.0,0,-42.1,-35.65,[],0,0,[],[]
33217870,33219410,NA,NOF,0.0,987,pause,NA,NA,NA,NA,0.0,0,-39.01,-24.45,[],0,0,[],[]
33219410,33220410,NA,MAF,0.0,987,pause,NA,NA,NA,NA,0.0,0,-36.57,-24.33,[],0,0,[],[]
33220410,33227160,NA,NOF,0.0,987,pause,NA,NA,NA,NA,0.0,0,-39.95,-22.95,[],0,0,[],[]
33227160,33228480,NA,MAF,0.0,987,pause,NA,NA,NA,NA,0.0,0,-42.9,-35.33,[],0,0,[],[]
33228480,33230550,NA,NOF,0.0,987,pause,NA,NA,NA,NA,0.0,0,-41.3,-26.43,[],0,0,[],[]
33230550,33231840,NA,MAF,0.0,987,pause,NA,NA,NA,NA,0.0,0,-41.01,-29.01,[],0,0,[],[]
33231840,33233610,NA,FAF,0.0,987,pause,NA,NA,NA,NA,0.0,0,-42.5,-32.58,[],0,0,[],[]
33233610,33235020,OCH,CXN,0.0,987,XIOCC,BC,0,NT,FI,0.0,0,-29.25,-20.76,[],0,0,[],[]
33235020,33235640,OCH,CXN,0.0,987,XIOCC,RC,0,NT,FH,0.0,0,-31.36,-26.27,[],0,0,[],[]
33235640,33236660,NA,MAF,0.0,987,XIOCC,NA,NA,NA,NA,0.0,0,-42.44,-34.03,[],0,0,[],[]
33236660,33237460,NA,CXF,0.0,987,XIOCC,NA,NA,NA,NA,0.0,0,-32.72,-19.94,[],0,0,[],[]
33237460,33239270,NA,OLN,0.0,987,XIOCC,NA,NA,NA,NA,0.0,0,-34.44,-25.63,[],0,0,[],[]
33239270,33240210,CHI,CHN,0.0,987,XIOCC,EC,0,NT,FI,1.0,940,-33.28,-28.47,"[{'Canonical-syllable': '0', 'Growl': '0', 'High-freq-energy': '0', 'Long-island': '1', 'Low-tilt-spectrum': '0', 'Medium-island': '0', 'Short-island': '0', 'Squeal': '0', 'Typical-entropy': '1', 'Voicing-quality': '1', 'Wide-band': '0', 'Xlong-island': '0', 'seq': '1', 'end': 33240.21, 'start': 33239.27}]",0,0,[],[]
33240210,33241030,NA,NOF,0.0,988,pause,NA,NA,NA,NA,0.0,0,-42.48,-34.55,[],0,0,[],[]
33241030,33243210,NA,MAF,0.0,988,pause,NA,NA,NA,NA,0.0,0,-40.85,-30.77,[],0,0,[],[]
33243210,33244010,NA,NOF,0.0,988,pause,NA,NA,NA,NA,0.0,0,-39.94,-31.4,[],0,0,[],[]
33244010,33245030,NA,MAF,0.0,988,pause,NA,NA,NA,NA,0.0,0,-41.48,-30.28,[],0,0,[],[]
33245030,33245860,NA,NOF,0.0,988,pause,NA,NA,NA,NA,0.0,0,-44.83,-38.71,[],0,0,[],[]
33245860,33248180,NA,SIL,0.0,988,pause,NA,NA,NA,NA,0.0,0,-42.57,-30.15,[],0,0,[],[]
33248180,33249030,NA,OLF,0.0,988,pause,NA,NA,NA,NA,0.0,0,-42.54,-33.18,[],0,0,[],[]
33249030,33251190,NA,SIL,0.0,988,pause,NA,NA,NA,NA,0.0,0,-44.3,-34.39,[],0,0,[],[]
33251190,33253120,NA,NOF,0.0,988,pause,NA,NA,NA,NA,0.0,0,-43.01,-33.02,[],0,0,[],[]
33253120,33253990,NA,SIL,0.0,988,pause,NA,NA,NA,NA,0.0,0,-41.22,-35.48,[],0,0,[],[]
33253990,33254790,NA,OLF,0.0,988,pause,NA,NA,NA,NA,0.0,0,-41.25,-34.43,[],0,0,[],[]
33254790,33255590,NA,SIL,0.0,988,pause,NA,NA,NA,NA,0.0,0,-43.94,-37.52,[],0,0,[],[]
33255590,33256400,NA,MAF,0.0,988,pause,NA,NA,NA,NA,0.0,0,-40.75,-31.34,[],0,0,[],[]
33256400,33257260,NA,SIL,0.0,988,pause,NA,NA,NA,NA,0.0,0,-40.37,-33.29,[],0,0,[],[]
33257260,33258260,NA,MAF,0.0,988,pause,NA,NA,NA,NA,0.0,0,-40.26,-31.33,[],0,0,[],[]
33258260,33260280,NA,FAF,0.0,988,pause,NA,NA,NA,NA,0.0,0,-43.37,-33.93,[],0,0,[],[]
33260280,33261110,NA,SIL,0.0,988,pause,NA,NA,NA,NA,0.0,0,-43.1,-37.1,[],0,0,[],[]
33261110,33264170,NA,MAF,0.0,988,pause,NA,NA,NA,NA,0.0,0,-42.58,-31.51,[],0,0,[],[]
33264170,33264970,NA,FAF,0.0,988,pause,NA,NA,NA,NA,0.0,0,-43.94,-36.22,[],0,0,[],[]
33264970,33265830,NA,SIL,0.0,988,pause,NA,NA,NA,NA,0.0,0,-45.09,-42.13,[],0,0,[],[]
33265830,33267820,NA,NOF,0.0,988,pause,NA,NA,NA,NA,0.0,0,-42.29,-33.08,[],0,0,[],[]
33267820,33269000,NA,SIL,0.0,988,pause,NA,NA,NA,NA,0.0,0,-37.56,-23.21,[],0,0,[],[]
33269000,33270600,OCH,CXN,0.0,988,XIOCC,BC,0,NT,FI,0.0,0,-31.66,-23.0,[],0,0,[],[]
33270600,33271240,CHI,CHN,0.0,988,XIOCC,RC,0,NT,FI,1.0,400,-29.07,-21.93,"[{'Canonical-syllable': '0', 'Growl': '1', 'High-freq-energy': '0', 'Long-island': '0', 'Low-tilt-spectrum': '1', 'Medium-island': '1', 'Short-island': '0', 'Squeal': '0', 'Typical-entropy': '1', 'Voicing-quality': '1', 'Wide-band': '0', 'Xlong-island': '0', 'seq': '1', 'end': 33271.0, 'start': 33270.6}]",0,0,[],[]
33271240,33272240,NA,FAF,0.0,988,XIOCC,NA,NA,NA,NA,0.0,0,-40.25,-32.16,[],0,0,[],[]
33272240,33273070,OCH,CXN,0.0,988,XIOCC,RC,0,NT,FI,0.0,0,-28.19,-17.33,[],0,0,[],[]
33273070,33274070,NA,FAF,0.0,988,XIOCC,NA,NA,NA,NA,0.0,0,-36.92,-30.59,[],0,0,[],[]
33274070,33275180,CHI,CHN,0.0,988,XIOCC,EC,0,NT,FI,1.0,1110,-29.84,-19.67,"[{'Canonical-syllable': '1', 'Growl': '0', 'High-freq-energy': '0', 'Long-island': '0', 'Low-tilt-spectrum': '1', 'Medium-island': '2', 'Short-island': '0', 'Squeal': '0', 'Typical-entropy': '2', 'Voicing-quality': '3', 'Wide-band': '0', 'Xlong-island': '0', 'seq': '1', 'end': 33275.18, 'start': 33274.07}]",0,0,[],[]
33275180,33277030,NA,NOF,0.0,989,pause,NA,NA,NA,NA,0.0,0,-35.07,-22.33,[],0,0,[],[]
33277030,33279060,NA,MAF,0.0,989,pause,NA,NA,NA,NA,0.0,0,-38.6,-19.16,[],0,0,[],[]
33279060,33280190,NA,SIL,0.0,989,pause,NA,NA,NA,NA,0.0,0,-42.78,-34.66,[],0,0,[],[]
33280190,33281080,NA,MAF,0.0,989,pause,NA,NA,NA,NA,0.0,0,-37.98,-29.11,[],0,0,[],[]
33281080,33283600,NA,SIL,0.0,989,pause,NA,NA,NA,NA,0.0,0,-43.31,-30.86,[],0,0,[],[]
33283600,33284650,NA,NOF,0.0,989,pause,NA,NA,NA,NA,0.0,0,-37.67,-23.5,[],0,0,[],[]
33284650,33286210,CHI,CHN,0.0,989,CM,BC,0,NT,FI,1.0,300,-29.62,-17.99,"[{'Canonical-syllable': '0', 'Growl': '0', 'High-freq-energy': '0', 'Long-island': '0', 'Low-tilt-spectrum': '1', 'Medium-island': '1', 'Short-island': '0', 'Squeal': '0', 'Typical-entropy': '1', 'Voicing-quality': '1', 'Wide-band': '1', 'Xlong-island': '0', 'seq': '1', 'end': 33286.21, 'start': 33285.91}]",0,0,[],[]
33286210,33289290,CHI,CHN,0.0,989,CM,EC,0,NT,FH,2.0,2680,-25.06,-18.05,"[{'Canonical-syllable': '0', 'Growl': '1', 'High-freq-energy': '0', 'Long-island': '0', 'Low-tilt-spectrum': '0', 'Medium-island': '1', 'Short-island': '2', 'Squeal': '0', 'Typical-entropy': '1', 'Voicing-quality': '3', 'Wide-band': '1', 'Xlong-island': '0', 'seq': '1', 'end': 33287.35, 'start': 33286.21}, {'Canonical-syllable': '1', 'Growl': '1', 'High-freq-energy': '0', 'Long-island': '0', 'Low-tilt-spectrum': '1', 'Medium-island': '2', 'Short-island': '2', 'Squeal': '0', 'Typical-entropy': '2', 'Voicing-quality': '4', 'Wide-band': '1', 'Xlong-island': '0', 'seq': '2', 'end': 33289.29, 'start': 33287.75}]",0,0,[],[]
33289290,33291810,NA,MAF,0.0,990,pause,NA,NA,NA,NA,0.0,0,-42.96,-27.98,[],0,0,[],[]
33291810,33292740,NA,SIL,0.0,990,pause,NA,NA,NA,NA,0.0,0,-43.64,-38.28,[],0,0,[],[]
33292740,33295300,NA,NOF,0.0,990,pause,NA,NA,NA,NA,0.0,0,-41.18,-30.03,[],0,0,[],[]
33295300,33296450,CHI,CHN,0.0,990,CIC,BC,0,NT,FI,2.0,500,-24.18,-15.04,"[{'Canonical-syllable': '0', 'Growl': '0', 'High-freq-energy': '0', 'Long-island': '0', 'Low-tilt-spectrum': '1', 'Medium-island': '1', 'Short-island': '0', 'Squeal': '0', 'Typical-entropy': '1', 'Voicing-quality': '1', 'Wide-band': '0', 'Xlong-island': '0', 'seq': '1', 'end': 33295.94, 'start': 33295.64}, {'Canonical-syllable': '0', 'Growl': '1', 'High-freq-energy': '0', 'Long-island': '0', 'Low-tilt-spectrum': '1', 'Medium-island': '0', 'Short-island': '1', 'Squeal': '0', 'Typical-entropy': '1', 'Voicing-quality': '1', 'Wide-band': '0', 'Xlong-island': '0', 'seq': '2', 'end': 33296.45, 'start': 33296.25}]",0,0,[],[]
33296450,33297810,NA,MAF,0.0,990,CIC,NA,NA,NA,NA,0.0,0,-38.57,-28.39,[],0,0,[],[]
33297810,33299220,CHI,CHN,0.0,990,CIC,RC,0,NT,FH,1.0,1120,-25.64,-14.27,"[{'Canonical-syllable': '1', 'Growl': '1', 'High-freq-energy': '0', 'Long-island': '0', 'Low-tilt-spectrum': '1', 'Medium-island': '1', 'Short-island': '2', 'Squeal': '0', 'Typical-entropy': '2', 'Voicing-quality': '3', 'Wide-band': '0', 'Xlong-island': '0', 'seq': '1', 'end': 33298.93, 'start': 33297.81}]",0,0,[],[]
33299220,33300020,NA,OLN,0.0,990,CIC,NA,NA,NA,NA,0.0,0,-31.83,-19.97,[],0,0,[],[]
33300020,33300820,NA,NOF,0.0,990,CIC,NA,NA,NA,NA,0.0,0,-37.89,-26.69,[],0,0,[],[]
33300820,33301450,CHI,CHN,0.0,990,CIC,RC,0,NT,FH,1.0,630,-23.58,-16.33,"[{'Canonical-syllable': '1', 'Growl': '0', 'High-freq-energy': '0', 'Long-island': '0', 'Low-tilt-spectrum': '0', 'Medium-island': '1', 'Short-island': '1', 'Squeal': '0', 'Typical-entropy': '2', 'Voicing-quality': '2', 'Wide-band': '0', 'Xlong-island': '0', 'seq': '1', 'end': 33301.45, 'start': 33300.82}]",0,0,[],[]
33301450,33302480,OCH,CXN,0.0,990,CIC,RC,0,NT,FI,0.0,0,-36.28,-26.5,[],0,0,[],[]
33302480,33303370,NA,OLF,0.0,990,CIC,NA,NA,NA,NA,0.0,0,-34.86,-19.25,[],0,0,[],[]
33303370,33304030,CHI,CHN,0.0,990,CIC,RC,0,NT,FI,1.0,660,-28.37,-22.54,"[{'Canonical-syllable': '0', 'Growl': '0', 'High-freq-energy': '0', 'Long-island': '1', 'Low-tilt-spectrum': '1', 'Medium-island': '0', 'Short-island': '0', 'Squeal': '0', 'Typical-entropy': '1', 'Voicing-quality': '1', 'Wide-band': '0', 'Xlong-island': '0', 'seq': '1', 'end': 33304.03, 'start': 33303.37}]",0,0,[],[]
33304030,33305160,NA,FAF,0.0,990,CIC,NA,NA,NA,NA,0.0,0,-40.42,-31.45,[],0,0,[],[]
33305160,33306230,NA,NOF,0.0,990,CIC,NA,NA,NA,NA,0.0,0,-43.77,-33.18,[],0,0,[],[]
33306230,33307000,CHI,CHN,0.0,990,CIC,RC,0,TIFI,FH,1.0,770,-28.36,-23.43,"[{'Canonical-syllable': '1', 'Growl': '0', 'High-freq-energy': '0', 'Long-island': '0', 'Low-tilt-spectrum': '0', 'Medium-island': '2', 'Short-island': '0', 'Squeal': '0', 'Typical-entropy': '2', 'Voicing-quality': '2', 'Wide-band': '0', 'Xlong-island': '0', 'seq': '1', 'end': 33307.0, 'start': 33306.23}]",0,0,[],[]
33307000,33308380,FEM,FAN,3.48,990,CIC,RC,1,TIFR,FI,0.0,0,-37.9,-27.44,[],0,0,[],[]
33308380,33309630,NA,NOF,0.0,990,CIC,NA,NA,NA,NA,0.0,0,-42.27,-31.6,[],0,0,[],[]
33309630,33310360,CHI,CHN,0.0,990,CIC,RC,1,TIFE,FI,1.0,730,-32.15,-27.96,"[{'Canonical-syllable': '0', 'Growl': '0', 'High-freq-energy': '0', 'Long-island': '1', 'Low-tilt-spectrum': '0', 'Medium-island': '0', 'Short-island': '0', 'Squeal': '0', 'Typical-entropy': '1', 'Voicing-quality': '1', 'Wide-band': '0', 'Xlong-island': '0', 'seq': '1', 'end': 33310.36, 'start': 33309.63}]",0,0,[],[]
33310360,33311780,OCH,CXN,0.0,990,CIC,RC,1,NT,FI,0.0,0,-37.32,-29.76,[],0,0,[],[]
33311780,33313460,CHI,CHN,0.0,990,CIC,RC,1,NT,FI,1.0,1220,-32.11,-23.16,"[{'Canonical-syllable': '1', 'Growl': '1', 'High-freq-energy': '0', 'Long-island': '0', 'Low-tilt-spectrum': '2', 'Medium-island': '1', 'Short-island': '1', 'Squeal': '0', 'Typical-entropy': '1', 'Voicing-quality': '3', 'Wide-band': '1', 'Xlong-island': '0', 'seq': '1', 'end': 33313.46, 'start': 33312.24}]",0,0,[],[]
33313460,33314830,NA,SIL,0.0,990,CIC,NA,NA,NA,NA,0.0,0,-44.88,-31.92,[],0,0,[],[]
33314830,33315820,CHI,CHN,0.0,990,CIC,RC,1,NT,FH,1.0,990,-29.92,-24.0,"[{'Canonical-syllable': '0', 'Growl': '0', 'High-freq-energy': '0', 'Long-island': '0', 'Low-tilt-spectrum': '1', 'Medium-island': '2', 'Short-island': '0', 'Squeal': '0', 'Typical-entropy': '1', 'Voicing-quality': '2', 'Wide-band': '0', 'Xlong-island': '0', 'seq': '1', 'end': 33315.82, 'start': 33314.83}]",0,0,[],[]
33315820,33317410,OCH,CXN,0.0,990,CIC,RC,1,NT,FI,0.0,0,-34.46,-26.89,[],0,0,[],[]
33317410,33318680,NA,FAF,0.0,990,CIC,NA,NA,NA,NA,0.0,0,-44.68,-28.32,[],0,0,[],[]
33318680,33320300,CHI,CHN,0.0,990,CIC,RC,1,NT,FI,1.0,1620,-29.59,-20.29,"[{'Canonical-syllable': '1', 'Growl': '3', 'High-freq-energy': '0', 'Long-island': '0', 'Low-tilt-spectrum': '1', 'Medium-island': '1', 'Short-island': '2', 'Squeal': '0', 'Typical-entropy': '2', 'Voicing-quality': '4', 'Wide-band': '0', 'Xlong-island': '0', 'seq': '1', 'end': 33320.3, 'start': 33318.68}]",0,0,[],[]
33320300,33322730,NA,SIL,0.0,990,CIC,NA,NA,NA,NA,0.0,0,-47.32,-40.04,[],0,0,[],[]
33322730,33323730,CHI,CHN,0.0,990,CIC,RC,1,NT,FH,1.0,1000,-30.15,-22.78,"[{'Canonical-syllable': '1', 'Growl': '0', 'High-freq-energy': '0', 'Long-island': '0', 'Low-tilt-spectrum': '1', 'Medium-island': '1', 'Short-island': '1', 'Squeal': '0', 'Typical-entropy': '1', 'Voicing-quality': '2', 'Wide-band': '0', 'Xlong-island': '0', 'seq': '1', 'end': 33323.73, 'start': 33322.73}]",0,0,[],[]
33323730,33324550,CHI,CHN,0.0,990,CIC,EC,1,NT,FH,1.0,820,-33.55,-24.77,"[{'Canonical-syllable': '1', 'Growl': '0', 'High-freq-energy': '0', 'Long-island': '0', 'Low-tilt-spectrum': '0', 'Medium-island': '0', 'Short-island': '2', 'Squeal': '0', 'Typical-entropy': '0', 'Voicing-quality': '2', 'Wide-band': '0', 'Xlong-island': '0', 'seq': '1', 'end': 33324.55, 'start': 33323.98}]",0,0,[],[]
33324550,33328350,NA,NOF,0.0,991,pause,NA,NA,NA,NA,0.0,0,-41.73,-27.32,[],0,0,[],[]
33328350,33329430,NA,SIL,0.0,991,pause,NA,NA,NA,NA,0.0,0,-45.27,-39.79,[],0,0,[],[]
33329430,33332380,NA,NOF,0.0,991,pause,NA,NA,NA,NA,0.0,0,-34.26,-19.01,[],0,0,[],[]
33332380,33333180,NA,SIL,0.0,991,pause,NA,NA,NA,NA,0.0,0,-44.37,-40.13,[],0,0,[],[]
33333180,33334750,NA,NOF,0.0,991,pause,NA,NA,NA,NA,0.0,0,-35.34,-21.41,[],0,0,[],[]
33334750,33336240,NA,SIL,0.0,991,pause,NA,NA,NA,NA,0.0,0,-44.88,-34.74,[],0,0,[],[]
33336240,33337240,NA,CXF,0.0,991,pause,NA,NA,NA,NA,0.0,0,-37.62,-25.66,[],0,0,[],[]
33337240,33338180,NA,MAF,0.0,991,pause,NA,NA,NA,NA,0.0,0,-41.38,-27.76,[],0,0,[],[]
33338180,33338980,OCH,CXN,0.0,991,XM,EC,0,NT,FI,0.0,0,-36.15,-27.18,[],0,0,[],[]
33338980,33339810,NA,NOF,0.0,992,pause,NA,NA,NA,NA,0.0,0,-40.33,-29.05,[],0,0,[],[]
33339810,33340670,NA,SIL,0.0,992,pause,NA,NA,NA,NA,0.0,0,-44.78,-37.99,[],0,0,[],[]
33340670,33342630,NA,NOF,0.0,992,pause,NA,NA,NA,NA,0.0,0,-41.15,-30.32,[],0,0,[],[]
33342630,33343630,NA,MAF,0.0,992,pause,NA,NA,NA,NA,0.0,0,-40.04,-26.29,[],0,0,[],[]
33343630,33345070,NA,SIL,0.0,992,pause,NA,NA,NA,NA,0.0,0,-44.49,-37.15,[],0,0,[],[]
33345070,33347540,NA,OLF,0.0,992,pause,NA,NA,NA,NA,0.0,0,-42.84,-33.89,[],0,0,[],[]
33347540,33348540,NA,MAF,0.0,992,pause,NA,NA,NA,NA,0.0,0,-40.33,-24.47,[],0,0,[],[]
33348540,33349140,FEM,FAN,1.08,992,AICF,BC,0,TIFI,FI,0.0,0,-36.73,-26.11,[],0,0,[],[]
33349140,33350030,NA,OLF,0.0,992,AICF,NA,NA,NA,NA,0.0,0,-40.79,-29.07,[],0,0,[],[]
33350030,33350630,CHI,CHN,0.0,992,AICF,EC,1,TIFR,FI,1.0,600,-34.99,-26.96,"[{'Canonical-syllable': '0', 'Growl': '1', 'High-freq-energy': '0', 'Long-island': '0', 'Low-tilt-spectrum': '1', 'Medium-island': '1', 'Short-island': '0', 'Squeal': '0', 'Typical-entropy': '0', 'Voicing-quality': '1', 'Wide-band': '0', 'Xlong-island': '0', 'seq': '1', 'end': 33350.63, 'start': 33350.03}]",0,0,[],[]
33350630,33352690,NA,NOF,0.0,993,pause,NA,NA,NA,NA,0.0,0,-35.97,-22.61,[],0,0,[],[]
33352690,33353490,NA,SIL,0.0,993,pause,NA,NA,NA,NA,0.0,0,-44.98,-40.04,[],0,0,[],[]
33353490,33354420,NA,MAF,0.0,993,pause,NA,NA,NA,NA,0.0,0,-42.73,-30.48,[],0,0,[],[]
33354420,33357500,NA,SIL,0.0,993,pause,NA,NA,NA,NA,0.0,0,-46.37,-34.57,[],0,0,[],[]
33357500,33358100,CHI,CHN,0.0,993,CIOCX,BC,0,NT,FI,1.0,600,-37.47,-31.04,"[{'Canonical-syllable': '0', 'Growl': '0', 'High-freq-energy': '0', 'Long-island': '0', 'Low-tilt-spectrum': '1', 'Medium-island': '1', 'Short-island': '0', 'Squeal': '0', 'Typical-entropy': '0', 'Voicing-quality': '1', 'Wide-band': '0', 'Xlong-island': '0', 'seq': '1', 'end': 33358.1, 'start': 33357.5}]",0,0,[],[]
33358100,33359020,NA,SIL,0.0,993,CIOCX,NA,NA,NA,NA,0.0,0,-39.79,-28.55,[],0,0,[],[]
33359020,33360320,CHI,CHN,0.0,993,CIOCX,RC,0,NT,FH,1.0,930,-28.95,-15.21,"[{'Canonical-syllable': '0', 'Growl': '2', 'High-freq-energy': '0', 'Long-island': '0', 'Low-tilt-spectrum': '0', 'Medium-island': '0', 'Short-island': '2', 'Squeal': '0', 'Typical-entropy': '1', 'Voicing-quality': '3', 'Wide-band': '0', 'Xlong-island': '0', 'seq': '1', 'end': 33359.95, 'start': 33359.16}]",0,0,[],[]
33360320,33361320,NA,SIL,0.0,993,CIOCX,NA,NA,NA,NA,0.0,0,-46.18,-34.66,[],0,0,[],[]
33361320,33363170,CHI,CHN,0.0,993,CIOCX,RC,0,NT,FH,2.0,1160,-29.64,-18.6,"[{'Canonical-syllable': '1', 'Growl': '0', 'High-freq-energy': '0', 'Long-island': '0', 'Low-tilt-spectrum': '1', 'Medium-island': '1', 'Short-island': '1', 'Squeal': '0', 'Typical-entropy': '1', 'Voicing-quality': '2', 'Wide-band': '0', 'Xlong-island': '0', 'seq': '1', 'end': 33361.95, 'start': 33361.32}, {'Canonical-syllable': '0', 'Growl': '0', 'High-freq-energy': '0', 'Long-island': '0', 'Low-tilt-spectrum': '0', 'Medium-island': '0', 'Short-island': '1', 'Squeal': '0', 'Typical-entropy': '0', 'Voicing-quality': '2', 'Wide-band': '1', 'Xlong-island': '0', 'seq': '2', 'end': 33363.17, 'start': 33362.64}]",0,0,[],[]
33363170,33363980,NA,CHF,0.0,993,CIOCX,NA,NA,NA,NA,0.0,0,-41.99,-33.48,[],0,810,[],"[{'start': 33363.17, 'end': 33363.98}]"
33363980,33366880,OCH,CXN,0.0,993,CIOCX,RC,0,NT,FI,0.0,0,-32.12,-22.73,[],0,0,[],[]
33366880,33368900,NA,SIL,0.0,993,CIOCX,NA,NA,NA,NA,0.0,0,-46.79,-38.75,[],0,0,[],[]
33368900,33369570,CHI,CHN,0.0,993,CIOCX,RC,0,NT,FI,1.0,560,-27.43,-20.89,"[{'Canonical-syllable': '0', 'Growl': '0', 'High-freq-energy': '0', 'Long-island': '0', 'Low-tilt-spectrum': '1', 'Medium-island': '1', 'Short-island': '0', 'Squeal': '0', 'Typical-entropy': '1', 'Voicing-quality': '1', 'Wide-band': '0', 'Xlong-island': '0', 'seq': '1', 'end': 33369.46, 'start': 33368.9}]",0,0,[],[]
33369570,33371210,NA,SIL,0.0,993,CIOCX,NA,NA,NA,NA,0.0,0,-48.06,-40.14,[],0,0,[],[]
33371210,33371810,CHI,CHN,0.0,993,CIOCX,EC,0,NT,FH,1.0,200,-23.18,-13.96,"[{'Canonical-syllable': '1', 'Growl': '0', 'High-freq-energy': '0', 'Long-island': '0', 'Low-tilt-spectrum': '1', 'Medium-island': '0', 'Short-island': '1', 'Squeal': '0', 'Typical-entropy': '1', 'Voicing-quality': '1', 'Wide-band': '0', 'Xlong-island': '0', 'seq': '1', 'end': 33371.41, 'start': 33371.29}]",0,0,[],[]
33371810,33372730,NA,SIL,0.0,994,pause,NA,NA,NA,NA,0.0,0,-49.36,-45.17,[],0,0,[],[]
33372730,33375120,NA,NOF,0.0,994,pause,NA,NA,NA,NA,0.0,0,-42.19,-29.27,[],0,0,[],[]
33375120,33375720,NA,CHF,0.0,994,pause,NA,NA,NA,NA,0.0,0,-24.94,-8.99,[],0,0,[],[]
33375720,33379970,NA,NOF,0.0,994,pause,NA,NA,NA,NA,0.0,0,-41.7,-30.87,[],0,0,[],[]
33379970,33380780,NA,SIL,0.0,994,pause,NA,NA,NA,NA,0.0,0,-42.3,-32.46,[],0,0,[],[]
33380780,33383500,NA,OLF,0.0,994,pause,NA,NA,NA,NA,0.0,0,-36.68,-17.51,[],0,0,[],[]
33383500,33384300,NA,SIL,0.0,994,pause,NA,NA,NA,NA,0.0,0,-44.61,-40.83,[],0,0,[],[]
33384300,33386300,NA,OLF,0.0,994,pause,NA,NA,NA,NA,0.0,0,-41.89,-30.2,[],0,0,[],[]
33386300,33387340,NA,MAF,0.0,994,pause,NA,NA,NA,NA,0.0,0,-42.79,-34.22,[],0,0,[],[]
33387340,33388140,NA,NOF,0.0,994,pause,NA,NA,NA,NA,0.0,0,-43.51,-37.01,[],0,0,[],[]
33388140,33389200,NA,SIL,0.0,994,pause,NA,NA,NA,NA,0.0,0,-44.78,-40.07,[],0,0,[],[]
33389200,33390220,NA,OLF,0.0,994,pause,NA,NA,NA,NA,0.0,0,-44.68,-37.83,[],0,0,[],[]
33390220,33392040,NA,MAF,0.0,994,pause,NA,NA,NA,NA,0.0,0,-43.55,-37.03,[],0,0,[],[]
33392040,33394080,NA,NOF,0.0,994,pause,NA,NA,NA,NA,0.0,0,-40.7,-30.87,[],0,0,[],[]
33394080,33394920,NA,SIL,0.0,994,pause,NA,NA,NA,NA,0.0,0,-41.26,-36.76,[],0,0,[],[]
33394920,33397980,NA,NOF,0.0,994,pause,NA,NA,NA,NA,0.0,0,-40.27,-32.38,[],0,0,[],[]
33397980,33398780,NA,OLF,0.0,994,pause,NA,NA,NA,NA,0.0,0,-41.21,-32.08,[],0,0,[],[]
33398780,33400640,NA,NOF,0.0,994,pause,NA,NA,NA,NA,0.0,0,-42.55,-34.39,[],0,0,[],[]
33400640,33409960,NA,SIL,0.0,994,pause,NA,NA,NA,NA,0.0,0,-42.5,-20.54,[],0,0,[],[]
33409960,33412160,NA,NOF,0.0,994,pause,NA,NA,NA,NA,0.0,0,-41.12,-30.25,[],0,0,[],[]
33412160,33413160,NA,CHF,0.0,994,CM,EC,0,NT,FI,1.0,1000,-38.01,-28.29,"[{'Canonical-syllable': '0', 'Growl': '1', 'High-freq-energy': '0', 'Long-island': '0', 'Low-tilt-spectrum': '1', 'Medium-island': '0', 'Short-island': '0', 'Squeal': '0', 'Typical-entropy': '0', 'Voicing-quality': '1', 'Wide-band': '0', 'Xlong-island': '1', 'seq': '1', 'end': 33413.16, 'start': 33412.16}]",0,0,[],[]
33413160,33414120,NA,SIL,0.0,995,pause,NA,NA,NA,NA,0.0,0,-42.69,-38.09,[],0,0,[],[]
33414120,33415170,NA,MAF,0.0,995,pause,NA,NA,NA,NA,0.0,0,-40.77,-34.2,[],0,0,[],[]
33415170,33416110,NA,OLF,0.0,995,pause,NA,NA,NA,NA,0.0,0,-34.97,-24.73,[],0,0,[],[]
33416110,33420270,NA,SIL,0.0,995,pause,NA,NA,NA,NA,0.0,0,-42.01,-29.55,[],0,0,[],[]
33420270,33421340,NA,FAF,0.0,995,pause,NA,NA,NA,NA,0.0,0,-39.14,-26.94,[],0,0,[],[]
33421340,33422170,NA,NOF,0.0,995,pause,NA,NA,NA,NA,0.0,0,-41.29,-37.76,[],0,0,[],[]
33422170,33424680,NA,SIL,0.0,995,pause,NA,NA,NA,NA,0.0,0,-42.42,-35.74,[],0,0,[],[]
33424680,33425480,NA,NOF,0.0,995,pause,NA,NA,NA,NA,0.0,0,-42.22,-35.62,[],0,0,[],[]
33425480,33428480,NA,SIL,0.0,995,pause,NA,NA,NA,NA,0.0,0,-43.73,-35.88,[],0,0,[],[]
33428480,33429390,NA,NOF,0.0,995,pause,NA,NA,NA,NA,0.0,0,-37.98,-20.8,[],0,0,[],[]
33429390,33430210,NA,SIL,0.0,995,pause,NA,NA,NA,NA,0.0,0,-42.83,-37.65,[],0,0,[],[]
33430210,33441270,NA,NOF,0.0,995,pause,NA,NA,NA,NA,0.0,0,-41.92,-28.86,[],0,0,[],[]
33441270,33442350,NA,MAF,0.0,995,pause,NA,NA,NA,NA,0.0,0,-38.89,-25.26,[],0,0,[],[]
33442350,33443160,NA,FAF,0.0,995,pause,NA,NA,NA,NA,0.0,0,-39.75,-26.57,[],0,0,[],[]
33443160,33443960,NA,SIL,0.0,995,pause,NA,NA,NA,NA,0.0,0,-41.83,-31.52,[],0,0,[],[]
33443960,33453010,NA,NOF,0.0,995,pause,NA,NA,NA,NA,0.0,0,-40.41,-22.28,[],0,0,[],[]
33453010,33453910,NA,SIL,0.0,995,pause,NA,NA,NA,NA,0.0,0,-47.69,-40.46,[],0,0,[],[]
33453910,33454820,NA,FAF,0.0,995,pause,NA,NA,NA,NA,0.0,0,-43.53,-33.22,[],0,0,[],[]
33454820,33455810,NA,SIL,0.0,995,pause,NA,NA,NA,NA,0.0,0,-45.44,-38.58,[],0,0,[],[]
33455810,33456800,NA,NOF,0.0,995,pause,NA,NA,NA,NA,0.0,0,-43.47,-30.75,[],0,0,[],[]
33456800,33458040,NA,SIL,0.0,995,pause,NA,NA,NA,NA,0.0,0,-37.57,-20.28,[],0,0,[],[]
33458040,33462670,NA,NOF,0.0,995,pause,NA,NA,NA,NA,0.0,0,-43.06,-30.37,[],0,0,[],[]
33462670,33463720,NA,SIL,0.0,995,pause,NA,NA,NA,NA,0.0,0,-45.59,-41.04,[],0,0,[],[]
33463720,33465630,NA,NOF,0.0,995,pause,NA,NA,NA,NA,0.0,0,-42.85,-35.27,[],0,0,[],[]
33465630,33466630,NA,FAF,0.0,995,pause,NA,NA,NA,NA,0.0,0,-43.35,-37.21,[],0,0,[],[]
33466630,33473540,NA,SIL,0.0,995,pause,NA,NA,NA,NA,0.0,0,-42.59,-31.84,[],0,0,[],[]
33473540,33482290,NA,NON,0.0,995,pause,NA,NA,NA,NA,0.0,0,-41.77,-35.71,[],0,0,[],[]
33482290,33484320,NA,SIL,0.0,995,pause,NA,NA,NA,NA,0.0,0,-40.47,-33.9,[],0,0,[],[]
33484320,33485290,CHI,CHN,0.0,995,CM,BC,0,NT,FI,1.0,970,-28.56,-20.58,"[{'Canonical-syllable': '0', 'Growl': '2', 'High-freq-energy': '0', 'Long-island': '0', 'Low-tilt-spectrum': '0', 'Medium-island': '1', 'Short-island': '1', 'Squeal': '0', 'Typical-entropy': '1', 'Voicing-quality': '2', 'Wide-band': '0', 'Xlong-island': '0', 'seq': '1', 'end': 33485.29, 'start': 33484.32}]",0,0,[],[]
33485290,33488320,NA,SIL,0.0,995,CM,NA,NA,NA,NA,0.0,0,-41.11,-36.08,[],0,0,[],[]
33488320,33488920,CHI,CHN,0.0,995,CM,RC,0,NT,FH,1.0,460,-31.68,-25.83,"[{'Canonical-syllable': '0', 'Growl': '0', 'High-freq-energy': '0', 'Long-island': '0', 'Low-tilt-spectrum': '0', 'Medium-island': '1', 'Short-island': '0', 'Squeal': '0', 'Typical-entropy': '0', 'Voicing-quality': '1', 'Wide-band': '0', 'Xlong-island': '0', 'seq': '1', 'end': 33488.78, 'start': 33488.32}]",0,0,[],[]
33488920,33489940,NA,FAF,0.0,995,CM,NA,NA,NA,NA,0.0,0,-39.23,-28.26,[],0,0,[],[]
33489940,33490670,NA,CHF,0.0,995,CM,RC,0,NT,FH,1.0,270,-36.56,-22.94,"[{'Canonical-syllable': '0', 'Growl': '0', 'High-freq-energy': '0', 'Long-island': '0', 'Low-tilt-spectrum': '0', 'Medium-island': '0', 'Short-island': '1', 'Squeal': '0', 'Typical-entropy': '0', 'Voicing-quality': '1', 'Wide-band': '0', 'Xlong-island': '0', 'seq': '1', 'end': 33490.67, 'start': 33490.4}]",0,0,[],[]
33490670,33493460,NA,SIL,0.0,995,CM,NA,NA,NA,NA,0.0,0,-44.24,-38.97,[],0,0,[],[]
33493460,33494360,CHI,CHN,0.0,995,CM,EC,0,NT,FH,1.0,900,-29.62,-25.49,"[{'Canonical-syllable': '0', 'Growl': '0', 'High-freq-energy': '0', 'Long-island': '1', 'Low-tilt-spectrum': '0', 'Medium-island': '0', 'Short-island': '0', 'Squeal': '0', 'Typical-entropy': '0', 'Voicing-quality': '1', 'Wide-band': '0', 'Xlong-island': '0', 'seq': '1', 'end': 33494.36, 'start': 33493.46}]",0,0,[],[]
33494360,33504020,NA,SIL,0.0,996,pause,NA,NA,NA,NA,0.0,0,-43.58,-36.06,[],0,0,[],[]
33504020,33504820,NA,NOF,0.0,996,pause,NA,NA,NA,NA,0.0,0,-40.3,-30.96,[],0,0,[],[]
33504820,33506870,NA,SIL,0.0,996,pause,NA,NA,NA,NA,0.0,0,-43.8,-39.17,[],0,0,[],[]
33506870,33508170,NA,OLF,0.0,996,pause,NA,NA,NA,NA,0.0,0,-40.87,-30.4,[],0,0,[],[]
33508170,33509930,NA,SIL,0.0,996,pause,NA,NA,NA,NA,0.0,0,-43.98,-34.21,[],0,0,[],[]
33509930,33510770,NA,NOF,0.0,996,pause,NA,NA,NA,NA,0.0,0,-39.9,-28.04,[],0,0,[],[]
33510770,33511970,MAL,MAN,4.4,996,AMM,BC,0,NT,FI,0.0,0,-36.09,-30.49,[],0,0,[],[]
33511970,33514290,NA,SIL,0.0,996,AMM,NA,NA,NA,NA,0.0,0,-45.09,-32.63,[],0,0,[],[]
33514290,33515320,MAL,MAN,4.5,996,AMM,RC,0,NT,FH,0.0,0,-35.89,-30.3,[],0,0,[],[]
33515320,33518610,NA,SIL,0.0,996,AMM,NA,NA,NA,NA,0.0,0,-45.84,-40.23,[],0,0,[],[]
33518610,33520360,MAL,MAN,5.16,996,AMM,RC,0,NT,FH,0.0,0,-34.74,-21.96,[],0,0,[],[]
33520360,33521470,NA,FAF,0.0,996,AMM,NA,NA,NA,NA,0.0,0,-36.82,-25.22,[],0,0,[],[]
33521470,33522730,NA,NOF,0.0,996,AMM,NA,NA,NA,NA,0.0,0,-38.59,-25.45,[],0,0,[],[]
33522730,33524810,MAL,MAN,8.47,996,AMM,RC,0,NT,FH,0.0,0,-33.99,-27.35,[],0,0,[],[]
33524810,33525610,NA,SIL,0.0,996,AMM,NA,NA,NA,NA,0.0,0,-45.6,-38.35,[],0,0,[],[]
33525610,33526610,MAL,MAN,3.77,996,AMM,RC,0,NT,FH,0.0,0,-35.07,-29.46,[],0,0,[],[]
33526610,33528370,NA,SIL,0.0,996,AMM,NA,NA,NA,NA,0.0,0,-46.2,-41.0,[],0,0,[],[]
33528370,33529370,MAL,MAN,2.44,996,AMM,EC,0,NT,FH,0.0,0,-42.06,-33.61,[],0,0,[],[]
33529370,33530200,NA,OLF,0.0,997,pause,NA,NA,NA,NA,0.0,0,-42.45,-32.32,[],0,0,[],[]
33530200,33533070,NA,SIL,0.0,997,pause,NA,NA,NA,NA,0.0,0,-46.08,-38.06,[],0,0,[],[]
33533070,33534010,NA,MAF,0.0,997,pause,NA,NA,NA,NA,0.0,0,-41.86,-34.69,[],0,0,[],[]
33534010,33535290,NA,SIL,0.0,997,pause,NA,NA,NA,NA,0.0,0,-46.26,-35.56,[],0,0,[],[]
33535290,33536220,NA,MAF,0.0,997,pause,NA,NA,NA,NA,0.0,0,-44.8,-37.87,[],0,0,[],[]
33536220,33542110,NA,SIL,0.0,997,pause,NA,NA,NA,NA,0.0,0,-47.42,-37.71,[],0,0,[],[]
33542110,33542920,NA,NOF,0.0,997,pause,NA,NA,NA,NA,0.0,0,-44.61,-38.12,[],0,0,[],[]
33542920,33544070,NA,SIL,0.0,997,pause,NA,NA,NA,NA,0.0,0,-46.35,-40.9,[],0,0,[],[]
33544070,33546080,NA,NOF,0.0,997,pause,NA,NA,NA,NA,0.0,0,-34.81,-19.78,[],0,0,[],[]
33546080,33547780,NA,SIL,0.0,997,pause,NA,NA,NA,NA,0.0,0,-45.57,-32.27,[],0,0,[],[]
33547780,33548780,MAL,MAN,3.89,997,AIOCM,BC,0,NT,FI,0.0,0,-35.64,-30.07,[],0,0,[],[]
33548780,33549400,OCH,CXN,0.0,997,AIOCM,EC,0,NT,FI,0.0,0,-34.3,-25.31,[],0,0,[],[]
33549400,33555510,NA,SIL,0.0,998,pause,NA,NA,NA,NA,0.0,0,-44.25,-30.42,[],0,0,[],[]
33555510,33556490,NA,NOF,0.0,998,pause,NA,NA,NA,NA,0.0,0,-39.29,-32.68,[],0,0,[],[]
33556490,33560030,NA,SIL,0.0,998,pause,NA,NA,NA,NA,0.0,0,-41.74,-36.12,[],0,0,[],[]
33560030,33561560,CHI,CHN,0.0,998,CM,EC,0,NT,FI,2.0,1140,-25.03,-20.13,"[{'Canonical-syllable': '0', 'Growl': '1', 'High-freq-energy': '0', 'Long-island': '0', 'Low-tilt-spectrum': '0', 'Medium-island': '1', 'Short-island': '0', 'Squeal': '0', 'Typical-entropy': '0', 'Voicing-quality': '1', 'Wide-band': '0', 'Xlong-island': '0', 'seq': '1', 'end': 33560.36, 'start': 33560.03}, {'Canonical-syllable': '0', 'Growl': '0', 'High-freq-energy': '0', 'Long-island': '1', 'Low-tilt-spectrum': '0', 'Medium-island': '0', 'Short-island': '0', 'Squeal': '0', 'Typical-entropy': '0', 'Voicing-quality': '1', 'Wide-band': '0', 'Xlong-island': '0', 'seq': '2', 'end': 33561.56, 'start': 33560.75}]",0,0,[],[]
33561560,33564650,NA,SIL,0.0,999,pause,NA,NA,NA,NA,0.0,0,-39.83,-34.81,[],0,0,[],[]
33564650,33565910,NA,NOF,0.0,999,pause,NA,NA,NA,NA,0.0,0,-40.19,-34.91,[],0,0,[],[]
33565910,33567400,NA,SIL,0.0,999,pause,NA,NA,NA,NA,0.0,0,-41.2,-36.18,[],0,0,[],[]
33567400,33568200,NA,NOF,0.0,999,pause,NA,NA,NA,NA,0.0,0,-38.49,-29.4,[],0,0,[],[]
33568200,33569200,CHI,CHN,0.0,999,CIOCX,BC,0,NT,FI,1.0,860,-22.21,-14.0,"[{'Canonical-syllable': '1', 'Growl': '1', 'High-freq-energy': '0', 'Long-island': '0', 'Low-tilt-spectrum': '1', 'Medium-island': '1', 'Short-island': '1', 'Squeal': '0', 'Typical-entropy': '2', 'Voicing-quality': '2', 'Wide-band': '0', 'Xlong-island': '0', 'seq': '1', 'end': 33569.06, 'start': 33568.2}]",0,0,[],[]
33569200,33570140,CHI,CHN,0.0,999,CIOCX,NA,NA,NA,NA,0.0,0,-17.81,-14.15,[],0,830,"[{'start': 33569.2, 'end': 33570.03}]",[]
33570140,33571070,NA,SIL,0.0,999,CIOCX,NA,NA,NA,NA,0.0,0,-43.4,-33.37,[],0,0,[],[]
33571070,33572760,NA,MAF,0.0,999,CIOCX,NA,NA,NA,NA,0.0,0,-43.57,-30.61,[],0,0,[],[]
33572760,33573930,CHI,CHN,0.0,999,CIOCX,RC,0,NT,FH,1.0,1170,-28.16,-21.4,"[{'Canonical-syllable': '0', 'Growl': '0', 'High-freq-energy': '0', 'Long-island': '0', 'Low-tilt-spectrum': '0', 'Medium-island': '0', 'Short-island': '0', 'Squeal': '0', 'Typical-entropy': '1', 'Voicing-quality': '1', 'Wide-band': '0', 'Xlong-island': '1', 'seq': '1', 'end': 33573.93, 'start': 33572.84}]",0,0,[],[]
33573930,33575690,NA,SIL,0.0,999,CIOCX,NA,NA,NA,NA,0.0,0,-44.88,-40.51,[],0,0,[],[]
33575690,33576370,CHI,CHN,0.0,999,CIOCX,RC,0,NT,FH,1.0,680,-23.83,-15.57,"[{'Canonical-syllable': '1', 'Growl': '1', 'High-freq-energy': '0', 'Long-island': '0', 'Low-tilt-spectrum': '0', 'Medium-island': '1', 'Short-island': '1', 'Squeal': '0', 'Typical-entropy': '2', 'Voicing-quality': '2', 'Wide-band': '0', 'Xlong-island': '0', 'seq': '1', 'end': 33576.37, 'start': 33575.69}]",0,0,[],[]
33576370,33577170,NA,NOF,0.0,999,CIOCX,NA,NA,NA,NA,0.0,0,-39.53,-28.48,[],0,0,[],[]
33577170,33578020,NA,SIL,0.0,999,CIOCX,NA,NA,NA,NA,0.0,0,-44.31,-37.87,[],0,0,[],[]
33578020,33578910,NA,OLN,0.0,999,CIOCX,NA,NA,NA,NA,0.0,0,-38.33,-30.61,[],0,0,[],[]
33578910,33579880,NA,SIL,0.0,999,CIOCX,NA,NA,NA,NA,0.0,0,-43.8,-38.03,[],0,0,[],[]
33579880,33580760,NA,NOF,0.0,999,CIOCX,NA,NA,NA,NA,0.0,0,-44.14,-39.28,[],0,0,[],[]
33580760,33581360,OCH,CXN,0.0,999,CIOCX,RC,0,NT,FI,0.0,0,-33.84,-25.5,[],0,0,[],[]
33581360,33582360,NA,OLN,0.0,999,CIOCX,NA,NA,NA,NA,0.0,0,-32.27,-20.11,[],0,0,[],[]
33582360,33584110,NA,SIL,0.0,999,CIOCX,NA,NA,NA,NA,0.0,0,-46.58,-41.09,[],0,0,[],[]
33584110,33585410,NA,NOF,0.0,999,CIOCX,NA,NA,NA,NA,0.0,0,-40.42,-33.36,[],0,0,[],[]
33585410,33586210,NA,OLN,0.0,999,CIOCX,NA,NA,NA,NA,0.0,0,-23.54,-8.29,[],0,0,[],[]
33586210,33586810,CHI,CHN,0.0,999,CIOCX,RC,0,NT,FI,1.0,600,-31.39,-24.9,"[{'Canonical-syllable': '0', 'Growl': '2', 'High-freq-energy': '0', 'Long-island': '0', 'Low-tilt-spectrum': '0', 'Medium-island': '1', 'Short-island': '1', 'Squeal': '0', 'Typical-entropy': '1', 'Voicing-quality': '2', 'Wide-band': '0', 'Xlong-island': '0', 'seq': '1', 'end': 33586.81, 'start': 33586.21}]",0,0,[],[]
33586810,33587610,NA,CHF,0.0,999,CIOCX,NA,NA,NA,NA,0.0,0,-40.99,-27.95,[],0,800,[],"[{'start': 33586.81, 'end': 33587.61}]"
33587610,33588680,CHI,CHN,0.0,999,CIOCX,RC,0,NT,FH,1.0,1070,-23.1,-17.4,"[{'Canonical-syllable': '0', 'Growl': '0', 'High-freq-energy': '0', 'Long-island': '1', 'Low-tilt-spectrum': '0', 'Medium-island': '0', 'Short-island': '1', 'Squeal': '0', 'Typical-entropy': '1', 'Voicing-quality': '2', 'Wide-band': '0', 'Xlong-island': '0', 'seq': '1', 'end': 33588.68, 'start': 33587.61}]",0,0,[],[]
33588680,33589730,NA,OLN,0.0,999,CIOCX,NA,NA,NA,NA,0.0,0,-29.03,-20.05,[],0,0,[],[]
33589730,33591040,CHI,CHN,0.0,999,CIOCX,EC,0,NT,FH,1.0,1310,-24.43,-19.59,"[{'Canonical-syllable': '0', 'Growl': '0', 'High-freq-energy': '0', 'Long-island': '1', 'Low-tilt-spectrum': '0', 'Medium-island': '0', 'Short-island': '1', 'Squeal': '0', 'Typical-entropy': '0', 'Voicing-quality': '2', 'Wide-band': '0', 'Xlong-island': '0', 'seq': '1', 'end': 33591.04, 'start': 33589.73}]",0,0,[],[]
33591040,33592460,NA,FAF,0.0,1000,pause,NA,NA,NA,NA,0.0,0,-35.74,-25.46,[],0,0,[],[]
33592460,33596020,NA,NOF,0.0,1000,pause,NA,NA,NA,NA,0.0,0,-36.77,-22.81,[],0,0,[],[]
33596020,33596820,NA,SIL,0.0,1000,pause,NA,NA,NA,NA,0.0,0,-45.19,-39.79,[],0,0,[],[]
33596820,33597620,NA,FAF,0.0,1000,pause,NA,NA,NA,NA,0.0,0,-41.69,-36.51,[],0,0,[],[]
33597620,33598220,OCH,CXN,0.0,1000,XIOCC,BC,0,NT,FI,0.0,0,-31.24,-22.95,[],0,0,[],[]
33598220,33599450,OCH,CXN,0.0,1000,XIOCC,RC,0,NT,FH,0.0,0,-28.98,-19.77,[],0,0,[],[]
33599450,33602570,CHI,CHN,0.0,1000,XIOCC,EC,0,NT,FI,2.0,2410,-22.61,-14.05,"[{'Canonical-syllable': '1', 'Growl': '0', 'High-freq-energy': '0', 'Long-island': '1', 'Low-tilt-spectrum': '0', 'Medium-island': '0', 'Short-island': '1', 'Squeal': '0', 'Typical-entropy': '0', 'Voicing-quality': '2', 'Wide-band': '0', 'Xlong-island': '0', 'seq': '1', 'end': 33600.48, 'start': 33599.45}, {'Canonical-syllable': '0', 'Growl': '0', 'High-freq-energy': '1', 'Long-island': '1', 'Low-tilt-spectrum': '0', 'Medium-island': '1', 'Short-island': '0', 'Squeal': '0', 'Typical-entropy': '0', 'Voicing-quality': '2', 'Wide-band': '0', 'Xlong-island': '0', 'seq': '2', 'end': 33602.57, 'start': 33601.19}]",0,0,[],[]
33602570,33608090,NA,SIL,0.0,1001,pause,NA,NA,NA,NA,0.0,0,-46.48,-36.96,[],0,0,[],[]
33608090,33617080,NA,NOF,0.0,1001,pause,NA,NA,NA,NA,0.0,0,-41.91,-30.05,[],0,0,[],[]
33617080,33621370,NA,OLF,0.0,1001,pause,NA,NA,NA,NA,0.0,0,-30.6,-8.06,[],0,0,[],[]
33621370,33622370,FEM,FAN,1.92,1001,AMF,EC,0,NT,FI,0.0,0,-33.99,-26.24,[],0,0,[],[]
33622370,33623180,NA,NOF,0.0,1002,pause,NA,NA,NA,NA,0.0,0,-38.72,-33.7,[],0,0,[],[]
33623180,33624200,FEM,FAN,0.0,1002,pause,NA,NA,NA,NA,0.0,0,-37.58,-26.07,[],1020,0,[],[]
33624200,33628050,NA,NOF,0.0,1002,pause,NA,NA,NA,NA,0.0,0,-41.4,-24.5,[],0,0,[],[]
33628050,33628850,NA,SIL,0.0,1002,pause,NA,NA,NA,NA,0.0,0,-45.43,-41.0,[],0,0,[],[]
33628850,33630770,NA,NOF,0.0,1002,pause,NA,NA,NA,NA,0.0,0,-42.49,-27.95,[],0,0,[],[]
33630770,33631570,NA,OLF,0.0,1002,pause,NA,NA,NA,NA,0.0,0,-40.53,-35.68,[],0,0,[],[]
33631570,33632480,NA,MAF,0.0,1002,pause,NA,NA,NA,NA,0.0,0,-43.2,-37.39,[],0,0,[],[]
33632480,33633080,FEM,FAN,3.44,1002,AMF,EC,0,NT,FI,0.0,0,-36.1,-26.33,[],0,0,[],[]
33633080,33633910,NA,OLF,0.0,1003,pause,NA,NA,NA,NA,0.0,0,-31.61,-17.15,[],0,0,[],[]
33633910,33638990,NA,NOF,0.0,1003,pause,NA,NA,NA,NA,0.0,0,-41.82,-31.48,[],0,0,[],[]
33638990,33641620,NA,SIL,0.0,1003,pause,NA,NA,NA,NA,0.0,0,-36.8,-26.53,[],0,0,[],[]
33641620,33643250,NA,NOF,0.0,1003,pause,NA,NA,NA,NA,0.0,0,-41.56,-35.12,[],0,0,[],[]
33643250,33644760,CHI,CHN,0.0,1003,CIC,BC,0,NT,FI,1.0,1510,-19.8,-11.43,"[{'Canonical-syllable': '1', 'Growl': '1', 'High-freq-energy': '0', 'Long-island': '0', 'Low-tilt-spectrum': '1', 'Medium-island': '2', 'Short-island': '2', 'Squeal': '0', 'Typical-entropy': '1', 'Voicing-quality': '4', 'Wide-band': '0', 'Xlong-island': '0', 'seq': '1', 'end': 33644.76, 'start': 33643.25}]",0,0,[],[]
33644760,33645560,NA,NOF,0.0,1003,CIC,NA,NA,NA,NA,0.0,0,-42.19,-31.78,[],0,0,[],[]
33645560,33646590,CHI,CHN,0.0,1003,CIC,RC,0,NT,FH,1.0,1030,-19.14,-11.68,"[{'Canonical-syllable': '1', 'Growl': '1', 'High-freq-energy': '0', 'Long-island': '0', 'Low-tilt-spectrum': '3', 'Medium-island': '0', 'Short-island': '4', 'Squeal': '0', 'Typical-entropy': '1', 'Voicing-quality': '4', 'Wide-band': '1', 'Xlong-island': '0', 'seq': '1', 'end': 33646.59, 'start': 33645.56}]",0,0,[],[]
33646590,33647390,NA,OLN,0.0,1003,CIC,NA,NA,NA,NA,0.0,0,-21.24,-14.59,[],0,0,[],[]
33647390,33648290,CHI,CHN,0.0,1003,CIC,RC,0,TIMI,FH,1.0,900,-20.28,-14.29,"[{'Canonical-syllable': '0', 'Growl': '1', 'High-freq-energy': '0', 'Long-island': '0', 'Low-tilt-spectrum': '1', 'Medium-island': '1', 'Short-island': '2', 'Squeal': '0', 'Typical-entropy': '1', 'Voicing-quality': '3', 'Wide-band': '0', 'Xlong-island': '0', 'seq': '1', 'end': 33648.29, 'start': 33647.39}]",0,0,[],[]
33648290,33649510,MAL,MAN,6.29,1003,CIC,RC,1,TIMR,FI,0.0,0,-36.92,-29.38,[],0,0,[],[]
33649510,33650390,CHI,CHN,0.0,1003,CIC,RC,1,TIME,FI,1.0,880,-18.29,-10.76,"[{'Canonical-syllable': '0', 'Growl': '0', 'High-freq-energy': '0', 'Long-island': '1', 'Low-tilt-spectrum': '0', 'Medium-island': '0', 'Short-island': '0', 'Squeal': '0', 'Typical-entropy': '1', 'Voicing-quality': '1', 'Wide-band': '0', 'Xlong-island': '0', 'seq': '1', 'end': 33650.39, 'start': 33649.51}]",0,0,[],[]
33650390,33652610,NA,NOF,0.0,1003,CIC,NA,NA,NA,NA,0.0,0,-44.03,-34.57,[],0,0,[],[]
33652610,33653420,NA,SIL,0.0,1003,CIC,NA,NA,NA,NA,0.0,0,-45.28,-38.96,[],0,0,[],[]
33653420,33654880,CHI,CHN,0.0,1003,CIC,RC,1,TIMI,FH,1.0,1300,-16.52,-10.96,"[{'Canonical-syllable': '0', 'Growl': '0', 'High-freq-energy': '0', 'Long-island': '0', 'Low-tilt-spectrum': '1', 'Medium-island': '0', 'Short-island': '1', 'Squeal': '0', 'Typical-entropy': '1', 'Voicing-quality': '2', 'Wide-band': '0', 'Xlong-island': '1', 'seq': '1', 'end': 33654.72, 'start': 33653.42}]",0,0,[],[]
33654880,33655680,NA,MAF,0.0,1003,CIC,NA,NA,NA,NA,0.0,0,-40.66,-29.64,[],0,0,[],[]
33655680,33657310,MAL,MAN,6.98,1003,CIC,RC,2,TIMR,FI,0.0,0,-38.44,-29.87,[],0,0,[],[]
33657310,33658320,CHI,CHN,0.0,1003,CIC,RC,2,TIMI,FI,1.0,1010,-17.29,-11.39,"[{'Canonical-syllable': '0', 'Growl': '0', 'High-freq-energy': '0', 'Long-island': '0', 'Low-tilt-spectrum': '0', 'Medium-island': '0', 'Short-island': '0', 'Squeal': '0', 'Typical-entropy': '0', 'Voicing-quality': '1', 'Wide-band': '0', 'Xlong-island': '1', 'seq': '1', 'end': 33658.32, 'start': 33657.31}]",0,0,[],[]
33658320,33659150,NA,NOF,0.0,1003,CIC,NA,NA,NA,NA,0.0,0,-40.06,-30.03,[],0,0,[],[]
33659150,33660160,MAL,MAN,5.35,1003,CIC,RC,3,TIMR,FI,0.0,0,-31.17,-17.97,[],0,0,[],[]
33660160,33661810,NA,NOF,0.0,1003,CIC,NA,NA,NA,NA,0.0,0,-44.33,-35.39,[],0,0,[],[]
33661810,33662820,CHI,CHN,0.0,1003,CIC,EC,3,TIME,FI,1.0,1010,-15.57,-11.19,"[{'Canonical-syllable': '0', 'Growl': '0', 'High-freq-energy': '0', 'Long-island': '0', 'Low-tilt-spectrum': '0', 'Medium-island': '0', 'Short-island': '0', 'Squeal': '0', 'Typical-entropy': '1', 'Voicing-quality': '1', 'Wide-band': '0', 'Xlong-island': '1', 'seq': '1', 'end': 33662.82, 'start': 33661.81}]",0,0,[],[]
33662820,33663620,NA,OLF,0.0,1004,pause,NA,NA,NA,NA,0.0,0,-32.79,-17.83,[],0,0,[],[]
33663620,33669140,NA,NOF,0.0,1004,pause,NA,NA,NA,NA,0.0,0,-39.8,-22.45,[],0,0,[],[]
33669140,33670460,MAL,MAN,4.31,1004,AMM,EC,0,NT,FI,0.0,0,-36.81,-30.43,[],0,0,[],[]
33670460,33672150,NA,NOF,0.0,1005,pause,NA,NA,NA,NA,0.0,0,-42.7,-26.0,[],0,0,[],[]
33672150,33672960,NA,SIL,0.0,1005,pause,NA,NA,NA,NA,0.0,0,-46.13,-41.54,[],0,0,[],[]
33672960,33676680,NA,NOF,0.0,1005,pause,NA,NA,NA,NA,0.0,0,-42.91,-26.65,[],0,0,[],[]
33676680,33677480,NA,SIL,0.0,1005,pause,NA,NA,NA,NA,0.0,0,-42.65,-34.08,[],0,0,[],[]
33677480,33678650,NA,NOF,0.0,1005,pause,NA,NA,NA,NA,0.0,0,-33.26,-21.45,[],0,0,[],[]
33678650,33680110,NA,MAF,0.0,1005,pause,NA,NA,NA,NA,0.0,0,-30.05,-19.71,[],0,0,[],[]
33680110,33683560,NA,NOF,0.0,1005,pause,NA,NA,NA,NA,0.0,0,-31.72,-22.78,[],0,0,[],[]
33683560,33684930,NA,MAF,0.0,1005,pause,NA,NA,NA,NA,0.0,0,-29.05,-18.98,[],0,0,[],[]
33684930,33686360,NA,NOF,0.0,1005,pause,NA,NA,NA,NA,0.0,0,-32.02,-20.8,[],0,0,[],[]
33686360,33687590,NA,MAF,0.0,1005,pause,NA,NA,NA,NA,0.0,0,-28.09,-19.8,[],0,0,[],[]
33687590,33688390,NA,FAF,0.0,1005,pause,NA,NA,NA,NA,0.0,0,-40.74,-32.96,[],0,0,[],[]
33688390,33689390,NA,OLF,0.0,1005,pause,NA,NA,NA,NA,0.0,0,-31.47,-24.41,[],0,0,[],[]
33689390,33690700,NA,MAF,0.0,1005,pause,NA,NA,NA,NA,0.0,0,-36.04,-23.69,[],0,0,[],[]
33690700,33693140,NA,SIL,0.0,1005,pause,NA,NA,NA,NA,0.0,0,-37.46,-25.35,[],0,0,[],[]
33693140,33697580,NA,NOF,0.0,1005,pause,NA,NA,NA,NA,0.0,0,-34.69,-23.02,[],0,0,[],[]
33697580,33698380,NA,SIL,0.0,1005,pause,NA,NA,NA,NA,0.0,0,-42.81,-38.98,[],0,0,[],[]
33698380,33700190,NA,NOF,0.0,1005,pause,NA,NA,NA,NA,0.0,0,-36.51,-21.32,[],0,0,[],[]
33700190,33706250,NA,OLF,0.0,1005,pause,NA,NA,NA,NA,0.0,0,-30.56,-17.64,[],0,0,[],[]
33706250,33707280,CHI,CHN,0.0,1005,CM,BC,0,NT,FI,1.0,1030,-23.52,-17.59,"[{'Canonical-syllable': '0', 'Growl': '2', 'High-freq-energy': '0', 'Long-island': '0', 'Low-tilt-spectrum': '1', 'Medium-island': '2', 'Short-island': '0', 'Squeal': '0', 'Typical-entropy': '0', 'Voicing-quality': '2', 'Wide-band': '0', 'Xlong-island': '0', 'seq': '1', 'end': 33707.28, 'start': 33706.25}]",0,0,[],[]
33707280,33709270,NA,NOF,0.0,1005,CM,NA,NA,NA,NA,0.0,0,-39.8,-28.43,[],0,0,[],[]
33709270,33710270,CHI,CHN,0.0,1005,CM,RC,0,NT,FH,1.0,1000,-20.74,-12.94,"[{'Canonical-syllable': '0', 'Growl': '2', 'High-freq-energy': '0', 'Long-island': '0', 'Low-tilt-spectrum': '1', 'Medium-island': '1', 'Short-island': '1', 'Squeal': '0', 'Typical-entropy': '1', 'Voicing-quality': '2', 'Wide-band': '0', 'Xlong-island': '0', 'seq': '1', 'end': 33710.27, 'start': 33709.36}]",0,0,[],[]
33710270,33710950,CHI,CHN,0.0,1005,CM,EC,0,NT,FH,1.0,560,-17.69,-14.49,"[{'Canonical-syllable': '0', 'Growl': '0', 'High-freq-energy': '0', 'Long-island': '0', 'Low-tilt-spectrum': '0', 'Medium-island': '1', 'Short-island': '0', 'Squeal': '0', 'Typical-entropy': '0', 'Voicing-quality': '1', 'Wide-band': '0', 'Xlong-island': '0', 'seq': '1', 'end': 33710.83, 'start': 33710.27}]",0,0,[],[]
33710950,33711810,NA,NOF,0.0,1006,pause,NA,NA,NA,NA,0.0,0,-37.86,-25.93,[],0,0,[],[]
33711810,33712620,NA,OLF,0.0,1006,pause,NA,NA,NA,NA,0.0,0,-37.41,-27.77,[],0,0,[],[]
33712620,33715260,NA,NOF,0.0,1006,pause,NA,NA,NA,NA,0.0,0,-37.33,-26.42,[],0,0,[],[]
33715260,33716060,NA,SIL,0.0,1006,pause,NA,NA,NA,NA,0.0,0,-43.4,-33.27,[],0,0,[],[]
33716060,33719450,NA,NOF,0.0,1006,pause,NA,NA,NA,NA,0.0,0,-39.81,-22.41,[],0,0,[],[]
33719450,33720630,NA,MAF,0.0,1006,pause,NA,NA,NA,NA,0.0,0,-27.2,-15.86,[],0,0,[],[]
33720630,33721730,NA,SIL,0.0,1006,pause,NA,NA,NA,NA,0.0,0,-36.81,-28.97,[],0,0,[],[]
33721730,33722540,NA,MAF,0.0,1006,pause,NA,NA,NA,NA,0.0,0,-39.83,-28.94,[],0,0,[],[]
33722540,33723370,CHI,CHN,0.0,1006,CIC,BC,0,NT,FI,1.0,830,-26.68,-22.01,"[{'Canonical-syllable': '1', 'Growl': '0', 'High-freq-energy': '0', 'Long-island': '0', 'Low-tilt-spectrum': '0', 'Medium-island': '1', 'Short-island': '1', 'Squeal': '0', 'Typical-entropy': '0', 'Voicing-quality': '2', 'Wide-band': '0', 'Xlong-island': '0', 'seq': '1', 'end': 33723.37, 'start': 33722.54}]",0,0,[],[]
33723370,33724680,NA,NOF,0.0,1006,CIC,NA,NA,NA,NA,0.0,0,-41.42,-35.95,[],0,0,[],[]
33724680,33725280,CHI,CHN,0.0,1006,CIC,RC,0,NT,FH,1.0,600,-24.05,-17.11,"[{'Canonical-syllable': '0', 'Growl': '0', 'High-freq-energy': '0', 'Long-island': '0', 'Low-tilt-spectrum': '0', 'Medium-island': '1', 'Short-island': '0', 'Squeal': '0', 'Typical-entropy': '0', 'Voicing-quality': '1', 'Wide-band': '0', 'Xlong-island': '0', 'seq': '1', 'end': 33725.28, 'start': 33724.83}]",0,0,[],[]
33725280,33726340,CHI,CHN,0.0,1006,CIC,RC,0,NT,FH,1.0,670,-22.05,-14.94,"[{'Canonical-syllable': '1', 'Growl': '0', 'High-freq-energy': '0', 'Long-island': '0', 'Low-tilt-spectrum': '0', 'Medium-island': '1', 'Short-island': '0', 'Squeal': '0', 'Typical-entropy': '0', 'Voicing-quality': '1', 'Wide-band': '0', 'Xlong-island': '0', 'seq': '1', 'end': 33725.95, 'start': 33725.43}]",0,0,[],[]
33726340,33727240,CHI,CHN,0.0,1006,CIC,RC,0,TIFI,FH,1.0,900,-23.71,-16.33,"[{'Canonical-syllable': '1', 'Growl': '0', 'High-freq-energy': '0', 'Long-island': '0', 'Low-tilt-spectrum': '0', 'Medium-island': '1', 'Short-island': '1', 'Squeal': '0', 'Typical-entropy': '0', 'Voicing-quality': '2', 'Wide-band': '0', 'Xlong-island': '0', 'seq': '1', 'end': 33727.24, 'start': 33726.34}]",0,0,[],[]
33727240,33730410,NA,NOF,0.0,1006,CIC,NA,NA,NA,NA,0.0,0,-39.37,-23.47,[],0,0,[],[]
33730410,33731820,FEM,FAN,2.99,1006,CIC,EC,1,TIFR,FI,0.0,0,-37.45,-28.54,[],0,0,[],[]
33731820,33734890,NA,NOF,0.0,1007,pause,NA,NA,NA,NA,0.0,0,-43.78,-33.76,[],0,0,[],[]
33734890,33735700,NA,SIL,0.0,1007,pause,NA,NA,NA,NA,0.0,0,-45.32,-38.75,[],0,0,[],[]
33735700,33736700,NA,MAF,0.0,1007,pause,NA,NA,NA,NA,0.0,0,-44.64,-34.99,[],0,0,[],[]
33736700,33737670,NA,SIL,0.0,1007,pause,NA,NA,NA,NA,0.0,0,-44.63,-33.61,[],0,0,[],[]
33737670,33740260,NA,NOF,0.0,1007,pause,NA,NA,NA,NA,0.0,0,-43.72,-32.69,[],0,0,[],[]
33740260,33742370,NA,SIL,0.0,1007,pause,NA,NA,NA,NA,0.0,0,-45.28,-35.31,[],0,0,[],[]
33742370,33745000,NA,FAF,0.0,1007,pause,NA,NA,NA,NA,0.0,0,-42.1,-29.95,[],0,0,[],[]
33745000,33746120,NA,SIL,0.0,1007,pause,NA,NA,NA,NA,0.0,0,-43.93,-36.97,[],0,0,[],[]
33746120,33747130,MAL,MAN,5.08,1007,AMM,BC,0,NT,FI,0.0,0,-37.67,-30.91,[],0,0,[],[]
33747130,33748660,NA,NOF,0.0,1007,AMM,NA,NA,NA,NA,0.0,0,-42.29,-32.55,[],0,0,[],[]
33748660,33749770,MAL,MAN,5.63,1007,AMM,EC,0,NT,FH,0.0,0,-32.87,-24.98,[],0,0,[],[]
33749770,33750580,NA,FAF,0.0,1008,pause,NA,NA,NA,NA,0.0,0,-43.5,-34.0,[],0,0,[],[]
33750580,33751650,NA,SIL,0.0,1008,pause,NA,NA,NA,NA,0.0,0,-44.06,-38.78,[],0,0,[],[]
33751650,33752540,NA,NOF,0.0,1008,pause,NA,NA,NA,NA,0.0,0,-43.91,-37.56,[],0,0,[],[]
33752540,33753500,NA,SIL,0.0,1008,pause,NA,NA,NA,NA,0.0,0,-44.21,-37.8,[],0,0,[],[]
33753500,33756100,NA,NOF,0.0,1008,pause,NA,NA,NA,NA,0.0,0,-43.01,-29.08,[],0,0,[],[]
33756100,33757270,NA,SIL,0.0,1008,pause,NA,NA,NA,NA,0.0,0,-45.03,-39.47,[],0,0,[],[]
33757270,33758310,NA,OLF,0.0,1008,pause,NA,NA,NA,NA,0.0,0,-39.6,-27.62,[],0,0,[],[]
33758310,33759180,NA,SIL,0.0,1008,pause,NA,NA,NA,NA,0.0,0,-43.25,-39.87,[],0,0,[],[]
33759180,33760810,CHI,CHN,0.0,1008,CIC,BC,0,NT,FI,1.0,1630,-19.01,-10.55,"[{'Canonical-syllable': '0', 'Growl': '1', 'High-freq-energy': '0', 'Long-island': '0', 'Low-tilt-spectrum': '0', 'Medium-island': '2', 'Short-island': '1', 'Squeal': '0', 'Typical-entropy': '1', 'Voicing-quality': '4', 'Wide-band': '1', 'Xlong-island': '0', 'seq': '1', 'end': 33760.81, 'start': 33759.41}]",0,0,[],[]
33760810,33761640,NA,NOF,0.0,1008,CIC,NA,NA,NA,NA,0.0,0,-43.83,-39.31,[],0,0,[],[]
33761640,33763390,CHI,CHN,0.0,1008,CIC,RC,0,TIMI,FH,1.0,1570,-22.62,-16.16,"[{'Canonical-syllable': '0', 'Growl': '1', 'High-freq-energy': '0', 'Long-island': '1', 'Low-tilt-spectrum': '0', 'Medium-island': '1', 'Short-island': '0', 'Squeal': '0', 'Typical-entropy': '0', 'Voicing-quality': '3', 'Wide-band': '0', 'Xlong-island': '0', 'seq': '1', 'end': 33763.21, 'start': 33761.64}]",0,0,[],[]
33763390,33764280,NA,TVF,0.0,1008,CIC,NA,NA,NA,NA,0.0,0,-41.75,-33.0,[],0,0,[],[]
33764280,33766240,MAL,MAN,7.68,1008,CIC,RC,1,TIMR,FI,0.0,0,-34.93,-24.39,[],0,0,[],[]
33766240,33767120,NA,NOF,0.0,1008,CIC,NA,NA,NA,NA,0.0,0,-44.3,-35.82,[],0,0,[],[]
33767120,33769550,CHI,CHN,0.0,1008,CIC,RC,1,TIMI,FI,3.0,1470,-23.01,-13.19,"[{'Canonical-syllable': '0', 'Growl': '1', 'High-freq-energy': '0', 'Long-island': '0', 'Low-tilt-spectrum': '0', 'Medium-island': '1', 'Short-island': '0', 'Squeal': '0', 'Typical-entropy': '0', 'Voicing-quality': '2', 'Wide-band': '0', 'Xlong-island': '0', 'seq': '1', 'end': 33767.67, 'start': 33767.12}, {'Canonical-syllable': '1', 'Growl': '1', 'High-freq-energy': '0', 'Long-island': '0', 'Low-tilt-spectrum': '0', 'Medium-island': '1', 'Short-island': '1', 'Squeal': '0', 'Typical-entropy': '0', 'Voicing-quality': '2', 'Wide-band': '1', 'Xlong-island': '0', 'seq': '2', 'end': 33768.74, 'start': 33768.05}, {'Canonical-syllable': '0', 'Growl': '0', 'High-freq-energy': '0', 'Long-island': '0', 'Low-tilt-spectrum': '0', 'Medium-island': '0', 'Short-island': '1', 'Squeal': '0', 'Typical-entropy': '0', 'Voicing-quality': '1', 'Wide-band': '0', 'Xlong-island': '0', 'seq': '3', 'end': 33769.43, 'start': 33769.2}]",0,0,[],[]
33769550,33770580,MAL,MAN,0.0,1008,CIC,NA,NA,NA,NA,0.0,0,-38.45,-31.62,[],1030,0,[],[]
33770580,33771610,NA,FAF,0.0,1008,CIC,NA,NA,NA,NA,0.0,0,-42.99,-36.52,[],0,0,[],[]
33771610,33772860,NA,SIL,0.0,1008,CIC,NA,NA,NA,NA,0.0,0,-42.29,-36.45,[],0,0,[],[]
33772860,33773900,MAL,MAN,4.07,1008,CIC,RC,2,TIMR,FI,0.0,0,-37.66,-31.78,[],0,0,[],[]
33773900,33774650,CHI,CHN,0.0,1008,CIC,EC,2,TIME,FI,1.0,630,-20.9,-11.12,"[{'Canonical-syllable': '0', 'Growl': '0', 'High-freq-energy': '0', 'Long-island': '0', 'Low-tilt-spectrum': '0', 'Medium-island': '1', 'Short-island': '0', 'Squeal': '0', 'Typical-entropy': '1', 'Voicing-quality': '1', 'Wide-band': '0', 'Xlong-island': '0', 'seq': '1', 'end': 33774.53, 'start': 33774.15}]",0,0,[],[]
33774650,33780170,NA,NOF,0.0,1009,pause,NA,NA,NA,NA,0.0,0,-36.77,-16.61,[],0,0,[],[]
33780170,33781820,NA,OLF,0.0,1009,pause,NA,NA,NA,NA,0.0,0,-39.14,-32.38,[],0,0,[],[]
33781820,33782430,CHI,CHN,0.0,1009,CM,BC,0,NT,FI,1.0,430,-21.41,-15.36,"[{'Canonical-syllable': '1', 'Growl': '0', 'High-freq-energy': '0', 'Long-island': '0', 'Low-tilt-spectrum': '1', 'Medium-island': '1', 'Short-island': '0', 'Squeal': '0', 'Typical-entropy': '1', 'Voicing-quality': '1', 'Wide-band': '0', 'Xlong-island': '0', 'seq': '1', 'end': 33782.25, 'start': 33781.82}]",0,0,[],[]
33782430,33783580,NA,NOF,0.0,1009,CM,NA,NA,NA,NA,0.0,0,-40.86,-33.63,[],0,0,[],[]
33783580,33784200,CHI,CHN,0.0,1009,CM,RC,0,NT,FH,1.0,490,-23.75,-10.3,"[{'Canonical-syllable': '1', 'Growl': '0', 'High-freq-energy': '0', 'Long-island': '0', 'Low-tilt-spectrum': '0', 'Medium-island': '1', 'Short-island': '0', 'Squeal': '0', 'Typical-entropy': '1', 'Voicing-quality': '1', 'Wide-band': '0', 'Xlong-island': '0', 'seq': '1', 'end': 33784.07, 'start': 33783.58}]",0,0,[],[]
33784200,33785020,NA,NOF,0.0,1009,CM,NA,NA,NA,NA,0.0,0,-31.82,-21.2,[],0,0,[],[]
33785020,33786000,NA,OLF,0.0,1009,CM,NA,NA,NA,NA,0.0,0,-36.69,-26.88,[],0,0,[],[]
33786000,33786740,NA,CHF,0.0,1009,CM,EC,0,NT,FH,1.0,740,-35.76,-31.84,"[{'Canonical-syllable': '0', 'Growl': '1', 'High-freq-energy': '0', 'Long-island': '1', 'Low-tilt-spectrum': '1', 'Medium-island': '0', 'Short-island': '0', 'Squeal': '0', 'Typical-entropy': '1', 'Voicing-quality': '1', 'Wide-band': '0', 'Xlong-island': '0', 'seq': '1', 'end': 33786.74, 'start': 33786.0}]",0,0,[],[]
33786740,33787740,NA,OLF,0.0,1010,pause,NA,NA,NA,NA,0.0,0,-37.53,-29.46,[],0,0,[],[]
33787740,33788650,NA,NOF,0.0,1010,pause,NA,NA,NA,NA,0.0,0,-39.7,-29.45,[],0,0,[],[]
33788650,33789450,NA,OLF,0.0,1010,pause,NA,NA,NA,NA,0.0,0,-35.69,-27.13,[],0,0,[],[]
33789450,33794980,NA,NOF,0.0,1010,pause,NA,NA,NA,NA,0.0,0,-38.83,-27.68,[],0,0,[],[]
33794980,33795580,CHI,CHN,0.0,1010,CIOCX,BC,0,NT,FI,1.0,600,-20.86,-16.11,"[{'Canonical-syllable': '0', 'Growl': '0', 'High-freq-energy': '0', 'Long-island': '0', 'Low-tilt-spectrum': '0', 'Medium-island': '1', 'Short-island': '0', 'Squeal': '0', 'Typical-entropy': '0', 'Voicing-quality': '1', 'Wide-band': '0', 'Xlong-island': '0', 'seq': '1', 'end': 33795.58, 'start': 33794.98}]",0,0,[],[]
33795580,33796380,NA,OLN,0.0,1010,CIOCX,NA,NA,NA,NA,0.0,0,-28.5,-20.12,[],0,0,[],[]
33796380,33796980,OCH,CXN,0.0,1010,CIOCX,RC,0,NT,FI,0.0,0,-18.56,-12.65,[],0,0,[],[]
33796980,33798130,NA,NOF,0.0,1010,CIOCX,NA,NA,NA,NA,0.0,0,-35.26,-23.4,[],0,0,[],[]
33798130,33800690,CHI,CHN,0.0,1010,CIOCX,RC,0,NT,FI,2.0,1830,-19.82,-12.4,"[{'Canonical-syllable': '0', 'Growl': '2', 'High-freq-energy': '0', 'Long-island': '0', 'Low-tilt-spectrum': '0', 'Medium-island': '2', 'Short-island': '0', 'Squeal': '0', 'Typical-entropy': '0', 'Voicing-quality': '4', 'Wide-band': '0', 'Xlong-island': '0', 'seq': '1', 'end': 33799.65, 'start': 33798.13}, {'Canonical-syllable': '0', 'Growl': '0', 'High-freq-energy': '0', 'Long-island': '0', 'Low-tilt-spectrum': '0', 'Medium-island': '1', 'Short-island': '0', 'Squeal': '0', 'Typical-entropy': '0', 'Voicing-quality': '1', 'Wide-band': '1', 'Xlong-island': '0', 'seq': '2', 'end': 33800.69, 'start': 33800.38}]",0,0,[],[]
33800690,33801490,NA,OLN,0.0,1010,CIOCX,NA,NA,NA,NA,0.0,0,-26.51,-16.09,[],0,0,[],[]
33801490,33802430,NA,SIL,0.0,1010,CIOCX,NA,NA,NA,NA,0.0,0,-38.93,-30.3,[],0,0,[],[]
33802430,33804360,CHI,CHN,0.0,1010,CIOCX,RC,0,NT,FH,1.0,1930,-22.05,-14.36,"[{'Canonical-syllable': '0', 'Growl': '2', 'High-freq-energy': '0', 'Long-island': '0', 'Low-tilt-spectrum': '0', 'Medium-island': '2', 'Short-island': '2', 'Squeal': '0', 'Typical-entropy': '0', 'Voicing-quality': '5', 'Wide-band': '0', 'Xlong-island': '0', 'seq': '1', 'end': 33804.36, 'start': 33802.52}]",0,0,[],[]
33804360,33805160,NA,NOF,0.0,1010,CIOCX,NA,NA,NA,NA,0.0,0,-39.57,-29.14,[],0,0,[],[]
33805160,33806490,CHI,CHN,0.0,1010,CIOCX,RC,0,NT,FH,1.0,1330,-22.94,-16.64,"[{'Canonical-syllable': '2', 'Growl': '1', 'High-freq-energy': '0', 'Long-island': '0', 'Low-tilt-spectrum': '0', 'Medium-island': '1', 'Short-island': '3', 'Squeal': '0', 'Typical-entropy': '0', 'Voicing-quality': '4', 'Wide-band': '1', 'Xlong-island': '0', 'seq': '1', 'end': 33806.49, 'start': 33805.16}]",0,0,[],[]
33806490,33807340,NA,NOF,0.0,1010,CIOCX,NA,NA,NA,NA,0.0,0,-35.14,-27.85,[],0,0,[],[]
33807340,33808690,CHI,CHN,0.0,1010,CIOCX,RC,0,NT,FH,1.0,1350,-19.81,-12.91,"[{'Canonical-syllable': '1', 'Growl': '2', 'High-freq-energy': '0', 'Long-island': '0', 'Low-tilt-spectrum': '1', 'Medium-island': '1', 'Short-island': '3', 'Squeal': '0', 'Typical-entropy': '0', 'Voicing-quality': '4', 'Wide-band': '0', 'Xlong-island': '0', 'seq': '1', 'end': 33808.69, 'start': 33807.34}]",0,0,[],[]
33808690,33809490,NA,OLN,0.0,1010,CIOCX,NA,NA,NA,NA,0.0,0,-30.13,-15.51,[],0,0,[],[]
33809490,33810290,NA,OLF,0.0,1010,CIOCX,NA,NA,NA,NA,0.0,0,-32.4,-19.2,[],0,0,[],[]
33810290,33810890,CHI,CHN,0.0,1010,CIOCX,RC,0,NT,FH,1.0,510,-21.61,-13.22,"[{'Canonical-syllable': '0', 'Growl': '0', 'High-freq-energy': '0', 'Long-island': '0', 'Low-tilt-spectrum': '0', 'Medium-island': '1', 'Short-island': '0', 'Squeal': '0', 'Typical-entropy': '0', 'Voicing-quality': '1', 'Wide-band': '0', 'Xlong-island': '0', 'seq': '1', 'end': 33810.8, 'start': 33810.29}]",0,0,[],[]
33810890,33813150,NA,NOF,0.0,1010,CIOCX,NA,NA,NA,NA,0.0,0,-36.03,-23.94,[],0,0,[],[]
33813150,33815040,CHI,CHN,0.0,1010,CIOCX,RC,0,NT,FH,1.0,1890,-17.54,-11.91,"[{'Canonical-syllable': '0', 'Growl': '1', 'High-freq-energy': '0', 'Long-island': '0', 'Low-tilt-spectrum': '0', 'Medium-island': '1', 'Short-island': '1', 'Squeal': '0', 'Typical-entropy': '0', 'Voicing-quality': '3', 'Wide-band': '2', 'Xlong-island': '1', 'seq': '1', 'end': 33815.04, 'start': 33813.15}]",0,0,[],[]
33815040,33815840,OCH,CXN,0.0,1010,CIOCX,RC,0,NT,FI,0.0,0,-33.94,-27.19,[],0,0,[],[]
33815840,33816590,CHI,CHN,0.0,1010,CIOCX,RC,0,NT,FI,1.0,590,-21.08,-11.62,"[{'Canonical-syllable': '0', 'Growl': '1', 'High-freq-energy': '0', 'Long-island': '0', 'Low-tilt-spectrum': '0', 'Medium-island': '1', 'Short-island': '1', 'Squeal': '0', 'Typical-entropy': '0', 'Voicing-quality': '2', 'Wide-band': '1', 'Xlong-island': '0', 'seq': '1', 'end': 33816.43, 'start': 33815.84}]",0,0,[],[]
33816590,33817670,NA,OLN,0.0,1010,CIOCX,NA,NA,NA,NA,0.0,0,-24.46,-17.7,[],0,0,[],[]
33817670,33821020,CHI,CHN,0.0,1010,CIOCX,RC,0,NT,FH,2.0,2890,-20.01,-11.39,"[{'Canonical-syllable': '0', 'Growl': '0', 'High-freq-energy': '0', 'Long-island': '0', 'Low-tilt-spectrum': '3', 'Medium-island': '3', 'Short-island': '0', 'Squeal': '0', 'Typical-entropy': '3', 'Voicing-quality': '3', 'Wide-band': '0', 'Xlong-island': '0', 'seq': '1', 'end': 33819.32, 'start': 33817.79}, {'Canonical-syllable': '3', 'Growl': '0', 'High-freq-energy': '0', 'Long-island': '0', 'Low-tilt-spectrum': '0', 'Medium-island': '1', 'Short-island': '2', 'Squeal': '0', 'Typical-entropy': '0', 'Voicing-quality': '3', 'Wide-band': '0', 'Xlong-island': '0', 'seq': '2', 'end': 33821.02, 'start': 33819.78}]",0,0,[],[]
33821020,33822310,NA,OLN,0.0,1010,CIOCX,NA,NA,NA,NA,0.0,0,-28.55,-17.33,[],0,0,[],[]
33822310,33823030,CHI,CHN,0.0,1010,CIOCX,RC,0,NT,FH,1.0,720,-23.86,-19.65,"[{'Canonical-syllable': '0', 'Growl': '1', 'High-freq-energy': '0', 'Long-island': '0', 'Low-tilt-spectrum': '2', 'Medium-island': '1', 'Short-island': '1', 'Squeal': '0', 'Typical-entropy': '0', 'Voicing-quality': '2', 'Wide-band': '1', 'Xlong-island': '0', 'seq': '1', 'end': 33823.03, 'start': 33822.31}]",0,0,[],[]
33823030,33823830,CHI,CHN,0.0,1010,CIOCX,RC,0,NT,FH,1.0,650,-27.42,-18.4,"[{'Canonical-syllable': '0', 'Growl': '2', 'High-freq-energy': '0', 'Long-island': '0', 'Low-tilt-spectrum': '1', 'Medium-island': '1', 'Short-island': '1', 'Squeal': '0', 'Typical-entropy': '2', 'Voicing-quality': '2', 'Wide-band': '0', 'Xlong-island': '0', 'seq': '1', 'end': 33823.68, 'start': 33823.03}]",0,0,[],[]
33823830,33825940,NA,NOF,0.0,1010,CIOCX,NA,NA,NA,NA,0.0,0,-38.55,-27.51,[],0,0,[],[]
33825940,33828070,CHI,CHN,0.0,1010,CIOCX,RC,0,NT,FH,2.0,1640,-16.63,-8.39,"[{'Canonical-syllable': '0', 'Growl': '0', 'High-freq-energy': '0', 'Long-island': '0', 'Low-tilt-spectrum': '1', 'Medium-island': '1', 'Short-island': '0', 'Squeal': '0', 'Typical-entropy': '1', 'Voicing-quality': '1', 'Wide-band': '0', 'Xlong-island': '0', 'seq': '1', 'end': 33826.33, 'start': 33825.94}, {'Canonical-syllable': '1', 'Growl': '0', 'High-freq-energy': '0', 'Long-island': '0', 'Low-tilt-spectrum': '2', 'Medium-island': '1', 'Short-island': '2', 'Squeal': '0', 'Typical-entropy': '3', 'Voicing-quality': '3', 'Wide-band': '0', 'Xlong-island': '0', 'seq': '2', 'end': 33828.07, 'start': 33826.82}]",0,0,[],[]
33828070,33829500,NA,NOF,0.0,1010,CIOCX,NA,NA,NA,NA,0.0,0,-39.07,-28.94,[],0,0,[],[]
33829500,33831070,CHI,CHN,0.0,1010,CIOCX,RC,0,NT,FH,2.0,1260,-18.06,-9.68,"[{'Canonical-syllable': '1', 'Growl': '0', 'High-freq-energy': '0', 'Long-island': '0', 'Low-tilt-spectrum': '0', 'Medium-island': '1', 'Short-island': '0', 'Squeal': '0', 'Typical-entropy': '1', 'Voicing-quality': '1', 'Wide-band': '0', 'Xlong-island': '0', 'seq': '1', 'end': 33830.08, 'start': 33829.58}, {'Canonical-syllable': '1', 'Growl': '0', 'High-freq-energy': '0', 'Long-island': '0', 'Low-tilt-spectrum': '0', 'Medium-island': '0', 'Short-island': '2', 'Squeal': '0', 'Typical-entropy': '2', 'Voicing-quality': '2', 'Wide-band': '0', 'Xlong-island': '0', 'seq': '2', 'end': 33831.07, 'start': 33830.39}]",0,0,[],[]
33831070,33832070,NA,MAF,0.0,1010,CIOCX,NA,NA,NA,NA,0.0,0,-35.89,-28.89,[],0,0,[],[]
33832070,33834500,NA,NOF,0.0,1010,CIOCX,NA,NA,NA,NA,0.0,0,-39.34,-25.24,[],0,0,[],[]
33834500,33835100,CHI,CHN,0.0,1010,CIOCX,RC,0,NT,FH,1.0,600,-14.69,-10.15,"[{'Canonical-syllable': '0', 'Growl': '0', 'High-freq-energy': '0', 'Long-island': '0', 'Low-tilt-spectrum': '1', 'Medium-island': '1', 'Short-island': '0', 'Squeal': '0', 'Typical-entropy': '0', 'Voicing-quality': '1', 'Wide-band': '0', 'Xlong-island': '0', 'seq': '1', 'end': 33835.1, 'start': 33834.61}]",0,0,[],[]
33835100,33836260,CHI,CHN,0.0,1010,CIOCX,RC,0,NT,FH,1.0,180,-21.98,-9.87,"[{'Canonical-syllable': '0', 'Growl': '0', 'High-freq-energy': '0', 'Long-island': '0', 'Low-tilt-spectrum': '0', 'Medium-island': '0', 'Short-island': '1', 'Squeal': '0', 'Typical-entropy': '0', 'Voicing-quality': '1', 'Wide-band': '0', 'Xlong-island': '0', 'seq': '1', 'end': 33836.05, 'start': 33835.87}]",0,0,[],[]
33836260,33836920,CHI,CHN,0.0,1010,CIOCX,RC,0,NT,FH,1.0,330,-18.27,-11.35,"[{'Canonical-syllable': '0', 'Growl': '0', 'High-freq-energy': '0', 'Long-island': '0', 'Low-tilt-spectrum': '0', 'Medium-island': '1', 'Short-island': '0', 'Squeal': '0', 'Typical-entropy': '0', 'Voicing-quality': '1', 'Wide-band': '0', 'Xlong-island': '0', 'seq': '1', 'end': 33836.92, 'start': 33836.59}]",0,0,[],[]
33836920,33837720,NA,NOF,0.0,1010,CIOCX,NA,NA,NA,NA,0.0,0,-34.09,-20.79,[],0,0,[],[]
33837720,33838820,CHI,CHN,0.0,1010,CIOCX,EC,0,NT,FH,2.0,710,-18.41,-10.75,"[{'Canonical-syllable': '0', 'Growl': '1', 'High-freq-energy': '0', 'Long-island': '0', 'Low-tilt-spectrum': '1', 'Medium-island': '0', 'Short-island': '1', 'Squeal': '0', 'Typical-entropy': '1', 'Voicing-quality': '1', 'Wide-band': '0', 'Xlong-island': '0', 'seq': '1', 'end': 33837.94, 'start': 33837.72}, {'Canonical-syllable': '0', 'Growl': '0', 'High-freq-energy': '0', 'Long-island': '0', 'Low-tilt-spectrum': '1', 'Medium-island': '1', 'Short-island': '0', 'Squeal': '0', 'Typical-entropy': '1', 'Voicing-quality': '1', 'Wide-band': '0', 'Xlong-island': '0', 'seq': '2', 'end': 33838.82, 'start': 33838.33}]",0,0,[],[]
33838820,33839650,NA,FAF,0.0,1011,pause,NA,NA,NA,NA,0.0,0,-34.06,-23.35,[],0,0,[],[]
33839650,33841230,NA,OLF,0.0,1011,pause,NA,NA,NA,NA,0.0,0,-30.31,-20.3,[],0,0,[],[]
33841230,33845600,NA,NOF,0.0,1011,pause,NA,NA,NA,NA,0.0,0,-33.75,-22.61,[],0,0,[],[]
33845600,33846400,NA,OLF,0.0,1011,pause,NA,NA,NA,NA,0.0,0,-41.1,-30.43,[],0,0,[],[]
33846400,33847510,NA,NOF,0.0,1011,pause,NA,NA,NA,NA,0.0,0,-37.8,-26.06,[],0,0,[],[]
33847510,33848310,NA,OLF,0.0,1011,pause,NA,NA,NA,NA,0.0,0,-37.26,-25.71,[],0,0,[],[]
33848310,33852830,NA,NOF,0.0,1011,pause,NA,NA,NA,NA,0.0,0,-34.93,-23.76,[],0,0,[],[]
33852830,33853970,NA,OLF,0.0,1011,pause,NA,NA,NA,NA,0.0,0,-41.53,-33.6,[],0,0,[],[]
33853970,33854910,NA,NOF,0.0,1011,pause,NA,NA,NA,NA,0.0,0,-36.68,-25.7,[],0,0,[],[]
33854910,33855710,NA,OLF,0.0,1011,pause,NA,NA,NA,NA,0.0,0,-31.43,-21.97,[],0,0,[],[]
33855710,33860800,NA,NOF,0.0,1011,pause,NA,NA,NA,NA,0.0,0,-32.28,-19.96,[],0,0,[],[]
33860800,33861600,NA,SIL,0.0,1011,pause,NA,NA,NA,NA,0.0,0,-28.14,-17.03,[],0,0,[],[]
33861600,33865120,NA,NOF,0.0,1011,pause,NA,NA,NA,NA,0.0,0,-23.75,-5.39,[],0,0,[],[]
33865120,33866190,MAL,MAN,5.18,1011,AMM,EC,0,NT,FI,0.0,0,-31.63,-24.89,[],0,0,[],[]
33866190,33871360,NA,OLF,0.0,1012,pause,NA,NA,NA,NA,0.0,0,-30.74,-16.01,[],0,0,[],[]
33871360,33872250,NA,SIL,0.0,1012,pause,NA,NA,NA,NA,0.0,0,-40.3,-29.86,[],0,0,[],[]
33872250,33879330,NA,NOF,0.0,1012,pause,NA,NA,NA,NA,0.0,0,-35.3,-18.42,[],0,0,[],[]
33879330,33880410,CHI,CHN,0.0,1012,CIC,BC,0,TIMI,FI,1.0,1080,-22.47,-15.95,"[{'Canonical-syllable': '0', 'Growl': '0', 'High-freq-energy': '0', 'Long-island': '0', 'Low-tilt-spectrum': '0', 'Medium-island': '0', 'Short-island': '0', 'Squeal': '0', 'Typical-entropy': '1', 'Voicing-quality': '1', 'Wide-band': '0', 'Xlong-island': '1', 'seq': '1', 'end': 33880.41, 'start': 33879.33}]",0,0,[],[]
33880410,33881570,MAL,MAN,3.58,1012,CIC,RC,1,TIMR,FI,0.0,0,-33.98,-28.41,[],0,0,[],[]
33881570,33882310,CHI,CHN,0.0,1012,CIC,RC,1,TIME,FI,1.0,740,-18.69,-12.35,"[{'Canonical-syllable': '0', 'Growl': '0', 'High-freq-energy': '0', 'Long-island': '0', 'Low-tilt-spectrum': '0', 'Medium-island': '1', 'Short-island': '1', 'Squeal': '0', 'Typical-entropy': '0', 'Voicing-quality': '2', 'Wide-band': '1', 'Xlong-island': '0', 'seq': '1', 'end': 33882.31, 'start': 33881.57}]",0,0,[],[]
33882310,33883110,NA,OLN,0.0,1012,CIC,NA,NA,NA,NA,0.0,0,-25.95,-18.38,[],0,0,[],[]
33883110,33884130,CHI,CHN,0.0,1012,CIC,EC,1,NT,FH,1.0,1020,-24.25,-16.77,"[{'Canonical-syllable': '1', 'Growl': '0', 'High-freq-energy': '0', 'Long-island': '0', 'Low-tilt-spectrum': '0', 'Medium-island': '1', 'Short-island': '2', 'Squeal': '0', 'Typical-entropy': '0', 'Voicing-quality': '3', 'Wide-band': '1', 'Xlong-island': '0', 'seq': '1', 'end': 33884.13, 'start': 33883.11}]",0,0,[],[]
33884130,33888180,NA,NOF,0.0,1013,pause,NA,NA,NA,NA,0.0,0,-39.7,-22.85,[],0,0,[],[]
33888180,33889180,NA,MAF,0.0,1013,pause,NA,NA,NA,NA,0.0,0,-34.96,-25.04,[],0,0,[],[]
33889180,33890360,NA,NOF,0.0,1013,pause,NA,NA,NA,NA,0.0,0,-40.74,-26.16,[],0,0,[],[]
33890360,33891170,NA,OLF,0.0,1013,pause,NA,NA,NA,NA,0.0,0,-37.68,-31.17,[],0,0,[],[]
33891170,33893640,NA,NOF,0.0,1013,pause,NA,NA,NA,NA,0.0,0,-40.32,-31.21,[],0,0,[],[]
33893640,33894440,NA,SIL,0.0,1013,pause,NA,NA,NA,NA,0.0,0,-37.81,-27.62,[],0,0,[],[]
33894440,33895540,NA,NOF,0.0,1013,pause,NA,NA,NA,NA,0.0,0,-34.4,-22.17,[],0,0,[],[]
33895540,33896350,NA,SIL,0.0,1013,pause,NA,NA,NA,NA,0.0,0,-31.7,-20.04,[],0,0,[],[]
33896350,33898030,NA,NOF,0.0,1013,pause,NA,NA,NA,NA,0.0,0,-32.57,-24.68,[],0,0,[],[]
33898030,33899050,NA,MAF,0.0,1013,pause,NA,NA,NA,NA,0.0,0,-26.61,-18.3,[],0,0,[],[]
33899050,33899960,NA,OLF,0.0,1013,pause,NA,NA,NA,NA,0.0,0,-26.63,-16.66,[],0,0,[],[]
33899960,33901410,NA,MAF,0.0,1013,pause,NA,NA,NA,NA,0.0,0,-24.72,-16.64,[],0,0,[],[]
33901410,33902210,NA,NOF,0.0,1013,pause,NA,NA,NA,NA,0.0,0,-28.65,-18.85,[],0,0,[],[]
33902210,33903210,CHI,CHN,0.0,1013,CIOCX,BC,0,NT,FI,1.0,1000,-20.62,-11.94,"[{'Canonical-syllable': '0', 'Growl': '1', 'High-freq-energy': '0', 'Long-island': '0', 'Low-tilt-spectrum': '0', 'Medium-island': '1', 'Short-island': '1', 'Squeal': '0', 'Typical-entropy': '1', 'Voicing-quality': '2', 'Wide-band': '0', 'Xlong-island': '0', 'seq': '1', 'end': 33903.21, 'start': 33902.42}]",0,0,[],[]
33903210,33903810,CHI,CHN,0.0,1013,CIOCX,RC,0,NT,FH,1.0,600,-21.55,-16.94,"[{'Canonical-syllable': '0', 'Growl': '1', 'High-freq-energy': '0', 'Long-island': '0', 'Low-tilt-spectrum': '0', 'Medium-island': '1', 'Short-island': '1', 'Squeal': '0', 'Typical-entropy': '1', 'Voicing-quality': '2', 'Wide-band': '0', 'Xlong-island': '0', 'seq': '1', 'end': 33903.81, 'start': 33903.21}]",0,0,[],[]
33903810,33904610,OCH,CXN,0.0,1013,CIOCX,RC,0,NT,FI,0.0,0,-26.71,-19.17,[],0,0,[],[]
33904610,33905680,NA,MAF,0.0,1013,CIOCX,NA,NA,NA,NA,0.0,0,-32.08,-23.36,[],0,0,[],[]
33905680,33906720,NA,SIL,0.0,1013,CIOCX,NA,NA,NA,NA,0.0,0,-36.78,-26.42,[],0,0,[],[]
33906720,33907610,NA,MAF,0.0,1013,CIOCX,NA,NA,NA,NA,0.0,0,-40.54,-30.76,[],0,0,[],[]
33907610,33908210,CHI,CHN,0.0,1013,CIOCX,RC,0,NT,FI,1.0,600,-27.73,-20.76,"[{'Canonical-syllable': '0', 'Growl': '2', 'High-freq-energy': '0', 'Long-island': '0', 'Low-tilt-spectrum': '1', 'Medium-island': '0', 'Short-island': '2', 'Squeal': '0', 'Typical-entropy': '1', 'Voicing-quality': '1', 'Wide-band': '0', 'Xlong-island': '0', 'seq': '1', 'end': 33908.21, 'start': 33907.61}]",0,0,[],[]
33908210,33909020,NA,MAF,0.0,1013,CIOCX,NA,NA,NA,NA,0.0,0,-41.52,-32.57,[],0,0,[],[]
33909020,33909620,CHI,CHN,0.0,1013,CIOCX,EC,0,NT,FH,1.0,530,-27.17,-20.62,"[{'Canonical-syllable': '0', 'Growl': '0', 'High-freq-energy': '0', 'Long-island': '0', 'Low-tilt-spectrum': '0', 'Medium-island': '0', 'Short-island': '1', 'Squeal': '0', 'Typical-entropy': '0', 'Voicing-quality': '1', 'Wide-band': '0', 'Xlong-island': '0', 'seq': '1', 'end': 33909.55, 'start': 33909.3}]",0,0,[],[]
33909620,33911000,NA,NOF,0.0,1014,pause,NA,NA,NA,NA,0.0,0,-41.85,-30.03,[],0,0,[],[]
33911000,33911800,NA,OLF,0.0,1014,pause,NA,NA,NA,NA,0.0,0,-28.86,-20.66,[],0,0,[],[]
33911800,33918380,NA,NOF,0.0,1014,pause,NA,NA,NA,NA,0.0,0,-36.96,-20.78,[],0,0,[],[]
33918380,33919190,NA,SIL,0.0,1014,pause,NA,NA,NA,NA,0.0,0,-37.87,-29.28,[],0,0,[],[]
33919190,33924030,NA,NOF,0.0,1014,pause,NA,NA,NA,NA,0.0,0,-36.07,-17.22,[],0,0,[],[]
33924030,33924860,NA,SIL,0.0,1014,pause,NA,NA,NA,NA,0.0,0,-33.49,-25.01,[],0,0,[],[]
33924860,33927720,NA,NOF,0.0,1014,pause,NA,NA,NA,NA,0.0,0,-34.85,-19.4,[],0,0,[],[]
33927720,33928730,NA,MAF,0.0,1014,pause,NA,NA,NA,NA,0.0,0,-30.69,-21.88,[],0,0,[],[]
33928730,33933260,NA,NOF,0.0,1014,pause,NA,NA,NA,NA,0.0,0,-35.21,-18.08,[],0,0,[],[]
33933260,33934160,NA,SIL,0.0,1014,pause,NA,NA,NA,NA,0.0,0,-41.85,-30.81,[],0,0,[],[]
33934160,33935700,NA,NOF,0.0,1014,pause,NA,NA,NA,NA,0.0,0,-38.42,-22.69,[],0,0,[],[]
33935700,33936500,NA,OLF,0.0,1014,pause,NA,NA,NA,NA,0.0,0,-39.07,-26.36,[],0,0,[],[]
33936500,33939860,NA,NOF,0.0,1014,pause,NA,NA,NA,NA,0.0,0,-34.83,-15.86,[],0,0,[],[]
33939860,33940690,NA,OLF,0.0,1014,pause,NA,NA,NA,NA,0.0,0,-37.71,-27.99,[],0,0,[],[]
33940690,33945590,NA,NOF,0.0,1014,pause,NA,NA,NA,NA,0.0,0,-37.12,-24.47,[],0,0,[],[]
33945590,33946390,NA,SIL,0.0,1014,pause,NA,NA,NA,NA,0.0,0,-43.34,-38.75,[],0,0,[],[]
33946390,33951510,NA,NOF,0.0,1014,pause,NA,NA,NA,NA,0.0,0,-40.27,-26.75,[],0,0,[],[]
33951510,33952600,NA,MAF,0.0,1014,pause,NA,NA,NA,NA,0.0,0,-39.98,-28.63,[],0,0,[],[]
33952600,33957990,NA,NOF,0.0,1014,pause,NA,NA,NA,NA,0.0,0,-37.65,-17.65,[],0,0,[],[]
33957990,33959000,NA,OLF,0.0,1014,pause,NA,NA,NA,NA,0.0,0,-37.04,-30.87,[],0,0,[],[]
33959000,33961020,NA,MAF,0.0,1014,pause,NA,NA,NA,NA,0.0,0,-35.89,-24.17,[],0,0,[],[]
33961020,33962120,NA,FAF,0.0,1014,pause,NA,NA,NA,NA,0.0,0,-33.18,-24.2,[],0,0,[],[]
33962120,33965020,NA,NOF,0.0,1014,pause,NA,NA,NA,NA,0.0,0,-37.91,-24.15,[],0,0,[],[]
33965020,33966200,NA,MAF,0.0,1014,pause,NA,NA,NA,NA,0.0,0,-40.71,-29.96,[],0,0,[],[]
33966200,33967040,NA,SIL,0.0,1014,pause,NA,NA,NA,NA,0.0,0,-40.36,-29.66,[],0,0,[],[]
33967040,33968110,NA,NOF,0.0,1014,pause,NA,NA,NA,NA,0.0,0,-42.48,-36.29,[],0,0,[],[]
33968110,33970530,NA,FAF,0.0,1014,pause,NA,NA,NA,NA,0.0,0,-38.09,-30.57,[],0,0,[],[]
33970530,33971350,NA,OLF,0.0,1014,pause,NA,NA,NA,NA,0.0,0,-21.37,-5.71,[],0,0,[],[]
33971350,33972410,NA,MAF,0.0,1014,pause,NA,NA,NA,NA,0.0,0,-33.49,-17.33,[],0,0,[],[]
33972410,33974370,NA,NOF,0.0,1014,pause,NA,NA,NA,NA,0.0,0,-37.82,-26.61,[],0,0,[],[]
33974370,33975860,NA,SIL,0.0,1014,pause,NA,NA,NA,NA,0.0,0,-42.2,-31.33,[],0,0,[],[]
33975860,33976990,NA,FAF,0.0,1014,pause,NA,NA,NA,NA,0.0,0,-41.13,-33.26,[],0,0,[],[]
33976990,33977790,NA,CXF,0.0,1014,pause,NA,NA,NA,NA,0.0,0,-44.15,-39.84,[],0,0,[],[]
33977790,33979250,NA,FAF,0.0,1014,pause,NA,NA,NA,NA,0.0,0,-35.88,-23.14,[],0,0,[],[]
33979250,33980270,NA,SIL,0.0,1014,pause,NA,NA,NA,NA,0.0,0,-43.6,-36.01,[],0,0,[],[]
33980270,33982020,NA,FAF,0.0,1014,pause,NA,NA,NA,NA,0.0,0,-39.81,-29.19,[],0,0,[],[]
33982020,33983020,MAL,MAN,3.33,1014,AMM,EC,0,NT,FI,0.0,0,-37.49,-29.19,[],0,0,[],[]
33983020,33984160,NA,FAF,0.0,1015,pause,NA,NA,NA,NA,0.0,0,-41.05,-32.82,[],0,0,[],[]
33984160,33985410,NA,SIL,0.0,1015,pause,NA,NA,NA,NA,0.0,0,-46.2,-40.36,[],0,0,[],[]
33985410,33986640,NA,OLF,0.0,1015,pause,NA,NA,NA,NA,0.0,0,-38.65,-26.59,[],0,0,[],[]
33986640,33987670,NA,SIL,0.0,1015,pause,NA,NA,NA,NA,0.0,0,-44.38,-37.9,[],0,0,[],[]
33987670,33988640,NA,FAF,0.0,1015,pause,NA,NA,NA,NA,0.0,0,-37.9,-22.01,[],0,0,[],[]
33988640,33989460,NA,SIL,0.0,1015,pause,NA,NA,NA,NA,0.0,0,-43.04,-35.69,[],0,0,[],[]
33989460,33991170,NA,NOF,0.0,1015,pause,NA,NA,NA,NA,0.0,0,-37.15,-22.74,[],0,0,[],[]
33991170,33992410,NA,OLF,0.0,1015,pause,NA,NA,NA,NA,0.0,0,-35.23,-20.77,[],0,0,[],[]
33992410,33993740,NA,NOF,0.0,1015,pause,NA,NA,NA,NA,0.0,0,-41.79,-31.15,[],0,0,[],[]
33993740,33995340,NA,OLF,0.0,1015,pause,NA,NA,NA,NA,0.0,0,-35.73,-20.5,[],0,0,[],[]
33995340,33996420,NA,MAF,0.0,1015,pause,NA,NA,NA,NA,0.0,0,-33.16,-27.38,[],0,0,[],[]
33996420,33997830,NA,NOF,0.0,1015,pause,NA,NA,NA,NA,0.0,0,-40.48,-30.88,[],0,0,[],[]
33997830,34000410,NA,OLF,0.0,1015,pause,NA,NA,NA,NA,0.0,0,-36.96,-28.02,[],0,0,[],[]
34000410,34001410,MAL,MAN,1.85,1015,AMM,EC,0,NT,FI,0.0,0,-34.43,-28.78,[],0,0,[],[]
34001410,34002210,NA,OLF,0.0,1016,pause,NA,NA,NA,NA,0.0,0,-36.31,-24.96,[],0,0,[],[]
34002210,34003140,NA,NOF,0.0,1016,pause,NA,NA,NA,NA,0.0,0,-34.21,-17.64,[],0,0,[],[]
34003140,34005690,NA,OLF,0.0,1016,pause,NA,NA,NA,NA,0.0,0,-35.01,-17.38,[],0,0,[],[]
34005690,34006530,NA,NOF,0.0,1016,pause,NA,NA,NA,NA,0.0,0,-42.29,-33.63,[],0,0,[],[]
34006530,34007330,NA,OLF,0.0,1016,pause,NA,NA,NA,NA,0.0,0,-42.25,-36.15,[],0,0,[],[]
34007330,34008610,NA,NOF,0.0,1016,pause,NA,NA,NA,NA,0.0,0,-43.96,-37.07,[],0,0,[],[]
34008610,34009740,NA,OLF,0.0,1016,pause,NA,NA,NA,NA,0.0,0,-43.28,-37.83,[],0,0,[],[]
34009740,34010620,NA,SIL,0.0,1016,pause,NA,NA,NA,NA,0.0,0,-43.19,-39.27,[],0,0,[],[]
34010620,34015410,NA,OLF,0.0,1016,pause,NA,NA,NA,NA,0.0,0,-34.06,-19.51,[],0,0,[],[]
34015410,34016840,NA,NOF,0.0,1016,pause,NA,NA,NA,NA,0.0,0,-40.0,-33.73,[],0,0,[],[]
34016840,34019570,NA,OLF,0.0,1016,pause,NA,NA,NA,NA,0.0,0,-40.09,-31.6,[],0,0,[],[]
34019570,34020880,NA,NOF,0.0,1016,pause,NA,NA,NA,NA,0.0,0,-40.21,-31.55,[],0,0,[],[]
34020880,34023270,NA,OLF,0.0,1016,pause,NA,NA,NA,NA,0.0,0,-37.77,-29.94,[],0,0,[],[]
34023270,34024070,NA,FAF,0.0,1016,pause,NA,NA,NA,NA,0.0,0,-38.24,-27.83,[],0,0,[],[]
34024070,34027340,NA,OLF,0.0,1016,pause,NA,NA,NA,NA,0.0,0,-37.36,-22.44,[],0,0,[],[]
34027340,34028560,NA,NOF,0.0,1016,pause,NA,NA,NA,NA,0.0,0,-36.75,-23.37,[],0,0,[],[]
34028560,34029430,NA,OLF,0.0,1016,pause,NA,NA,NA,NA,0.0,0,-38.24,-30.47,[],0,0,[],[]
34029430,34030230,NA,FAF,0.0,1016,pause,NA,NA,NA,NA,0.0,0,-37.06,-25.23,[],0,0,[],[]
34030230,34031380,NA,OLF,0.0,1016,pause,NA,NA,NA,NA,0.0,0,-39.54,-28.84,[],0,0,[],[]
34031380,34032280,NA,NOF,0.0,1016,pause,NA,NA,NA,NA,0.0,0,-42.42,-35.42,[],0,0,[],[]
34032280,34033280,FEM,FAN,0.0,1016,pause,NA,NA,NA,NA,0.0,0,-33.14,-25.63,[],1000,0,[],[]
34033280,34034490,NA,OLF,0.0,1016,pause,NA,NA,NA,NA,0.0,0,-38.39,-28.03,[],0,0,[],[]
34034490,34035780,NA,SIL,0.0,1016,pause,NA,NA,NA,NA,0.0,0,-44.01,-39.67,[],0,0,[],[]
34035780,34036580,NA,MAF,0.0,1016,pause,NA,NA,NA,NA,0.0,0,-41.12,-36.87,[],0,0,[],[]
34036580,34037420,NA,SIL,0.0,1016,pause,NA,NA,NA,NA,0.0,0,-43.67,-35.94,[],0,0,[],[]
34037420,34038220,NA,NOF,0.0,1016,pause,NA,NA,NA,NA,0.0,0,-45.33,-40.17,[],0,0,[],[]
34038220,34046460,NA,SIL,0.0,1016,pause,NA,NA,NA,NA,0.0,0,-39.91,-27.33,[],0,0,[],[]
34046460,34047630,NA,FAF,0.0,1016,pause,NA,NA,NA,NA,0.0,0,-41.01,-35.31,[],0,0,[],[]
34047630,34048510,NA,MAF,0.0,1016,pause,NA,NA,NA,NA,0.0,0,-42.77,-34.6,[],0,0,[],[]
34048510,34049510,NA,FAF,0.0,1016,pause,NA,NA,NA,NA,0.0,0,-41.12,-34.32,[],0,0,[],[]
34049510,34058310,NA,NOF,0.0,1016,pause,NA,NA,NA,NA,0.0,0,-40.8,-22.73,[],0,0,[],[]
34058310,34059800,CHI,CHN,0.0,1016,CIC,BC,0,NT,FI,1.0,1490,-23.47,-15.0,"[{'Canonical-syllable': '1', 'Growl': '2', 'High-freq-energy': '0', 'Long-island': '0', 'Low-tilt-spectrum': '0', 'Medium-island': '2', 'Short-island': '0', 'Squeal': '0', 'Typical-entropy': '0', 'Voicing-quality': '4', 'Wide-band': '1', 'Xlong-island': '0', 'seq': '1', 'end': 34059.8, 'start': 34058.31}]",0,0,[],[]
34059800,34061550,NA,NOF,0.0,1016,CIC,NA,NA,NA,NA,0.0,0,-35.91,-18.37,[],0,0,[],[]
34061550,34062150,CHI,CHN,0.0,1016,CIC,RC,0,TIMI,FH,1.0,600,-25.47,-19.25,"[{'Canonical-syllable': '0', 'Growl': '0', 'High-freq-energy': '0', 'Long-island': '0', 'Low-tilt-spectrum': '0', 'Medium-island': '1', 'Short-island': '0', 'Squeal': '0', 'Typical-entropy': '0', 'Voicing-quality': '1', 'Wide-band': '0', 'Xlong-island': '0', 'seq': '1', 'end': 34062.15, 'start': 34061.63}]",0,0,[],[]
34062150,34063590,MAL,MAN,5.2,1016,CIC,RC,1,TIMR,FI,0.0,0,-30.63,-22.0,[],0,0,[],[]
34063590,34064780,NA,NOF,0.0,1016,CIC,NA,NA,NA,NA,0.0,0,-43.38,-37.17,[],0,0,[],[]
34064780,34065600,NA,OLF,0.0,1016,CIC,NA,NA,NA,NA,0.0,0,-40.49,-32.26,[],0,0,[],[]
34065600,34066400,NA,CXF,0.0,1016,CIC,NA,NA,NA,NA,0.0,0,-37.39,-27.14,[],0,0,[],[]
34066400,34067200,NA,OLF,0.0,1016,CIC,NA,NA,NA,NA,0.0,0,-34.85,-25.41,[],0,0,[],[]
34067200,34068200,MAL,MAN,7.33,1016,CIC,EC,1,NT,FH,0.0,0,-32.35,-26.85,[],0,0,[],[]
34068200,34076020,NA,NOF,0.0,1017,pause,NA,NA,NA,NA,0.0,0,-38.04,-22.16,[],0,0,[],[]
34076020,34077040,NA,FAF,0.0,1017,pause,NA,NA,NA,NA,0.0,0,-39.05,-30.87,[],0,0,[],[]
34077040,34078030,NA,NOF,0.0,1017,pause,NA,NA,NA,NA,0.0,0,-37.91,-31.74,[],0,0,[],[]
34078030,34078830,NA,OLF,0.0,1017,pause,NA,NA,NA,NA,0.0,0,-34.98,-24.59,[],0,0,[],[]
34078830,34082500,NA,NOF,0.0,1017,pause,NA,NA,NA,NA,0.0,0,-36.96,-25.68,[],0,0,[],[]
34082500,34083510,NA,OLF,0.0,1017,pause,NA,NA,NA,NA,0.0,0,-31.54,-16.87,[],0,0,[],[]
34083510,34085680,NA,NOF,0.0,1017,pause,NA,NA,NA,NA,0.0,0,-39.25,-30.71,[],0,0,[],[]
34085680,34086880,CHI,CHN,0.0,1017,CM,EC,0,NT,FI,1.0,790,-16.96,-3.61,"[{'Canonical-syllable': '0', 'Growl': '1', 'High-freq-energy': '1', 'Long-island': '0', 'Low-tilt-spectrum': '2', 'Medium-island': '0', 'Short-island': '3', 'Squeal': '0', 'Typical-entropy': '3', 'Voicing-quality': '2', 'Wide-band': '0', 'Xlong-island': '0', 'seq': '1', 'end': 34086.47, 'start': 34085.68}]",0,0,[],[]
34086880,34091930,NA,NOF,0.0,1018,pause,NA,NA,NA,NA,0.0,0,-39.88,-28.38,[],0,0,[],[]
34091930,34093320,CHI,CHN,0.0,1018,CM,EC,0,NT,FI,2.0,370,-25.64,-13.49,"[{'Canonical-syllable': '0', 'Growl': '1', 'High-freq-energy': '0', 'Long-island': '0', 'Low-tilt-spectrum': '0', 'Medium-island': '0', 'Short-island': '1', 'Squeal': '0', 'Typical-entropy': '1', 'Voicing-quality': '1', 'Wide-band': '0', 'Xlong-island': '0', 'seq': '1', 'end': 34092.08, 'start': 34091.93}, {'Canonical-syllable': '1', 'Growl': '0', 'High-freq-energy': '0', 'Long-island': '0', 'Low-tilt-spectrum': '1', 'Medium-island': '0', 'Short-island': '1', 'Squeal': '0', 'Typical-entropy': '1', 'Voicing-quality': '1', 'Wide-band': '0', 'Xlong-island': '0', 'seq': '2', 'end': 34092.83, 'start': 34092.61}]",0,0,[],[]
34093320,34095700,NA,NOF,0.0,1019,pause,NA,NA,NA,NA,0.0,0,-39.44,-27.47,[],0,0,[],[]
34095700,34096660,NA,OLF,0.0,1019,pause,NA,NA,NA,NA,0.0,0,-33.49,-16.83,[],0,0,[],[]
34096660,34097580,NA,NOF,0.0,1019,pause,NA,NA,NA,NA,0.0,0,-37.46,-27.27,[],0,0,[],[]
34097580,34098380,NA,OLF,0.0,1019,pause,NA,NA,NA,NA,0.0,0,-38.59,-31.47,[],0,0,[],[]
34098380,34099250,NA,NOF,0.0,1019,pause,NA,NA,NA,NA,0.0,0,-37.51,-24.57,[],0,0,[],[]
34099250,34100090,NA,OLF,0.0,1019,pause,NA,NA,NA,NA,0.0,0,-29.15,-14.45,[],0,0,[],[]
34100090,34101720,NA,NOF,0.0,1019,pause,NA,NA,NA,NA,0.0,0,-36.97,-19.47,[],0,0,[],[]
34101720,34103500,CHI,CHN,0.0,1019,CM,EC,0,NT,FI,1.0,1780,-20.48,-12.26,"[{'Canonical-syllable': '1', 'Growl': '0', 'High-freq-energy': '0', 'Long-island': '0', 'Low-tilt-spectrum': '2', 'Medium-island': '3', 'Short-island': '0', 'Squeal': '0', 'Typical-entropy': '1', 'Voicing-quality': '3', 'Wide-band': '0', 'Xlong-island': '0', 'seq': '1', 'end': 34103.5, 'start': 34101.8}]",0,0,[],[]
34103500,34108190,NA,NOF,0.0,1020,pause,NA,NA,NA,NA,0.0,0,-31.98,-10.97,[],0,0,[],[]
34108190,34109090,NA,OLF,0.0,1020,pause,NA,NA,NA,NA,0.0,0,-33.91,-23.76,[],0,0,[],[]
34109090,34111650,NA,NOF,0.0,1020,pause,NA,NA,NA,NA,0.0,0,-34.84,-22.45,[],0,0,[],[]
34111650,34112450,NA,OLF,0.0,1020,pause,NA,NA,NA,NA,0.0,0,-34.64,-24.24,[],0,0,[],[]
34112450,34114570,NA,NOF,0.0,1020,pause,NA,NA,NA,NA,0.0,0,-36.98,-20.48,[],0,0,[],[]
34114570,34115770,NA,OLF,0.0,1020,pause,NA,NA,NA,NA,0.0,0,-31.22,-18.41,[],0,0,[],[]
34115770,34116650,NA,NOF,0.0,1020,pause,NA,NA,NA,NA,0.0,0,-39.39,-30.8,[],0,0,[],[]
34116650,34118220,CHI,CHN,0.0,1020,CM,EC,0,NT,FI,1.0,1570,-24.79,-18.11,"[{'Canonical-syllable': '1', 'Growl': '2', 'High-freq-energy': '0', 'Long-island': '0', 'Low-tilt-spectrum': '2', 'Medium-island': '2', 'Short-island': '2', 'Squeal': '0', 'Typical-entropy': '2', 'Voicing-quality': '4', 'Wide-band': '1', 'Xlong-island': '0', 'seq': '1', 'end': 34118.22, 'start': 34116.65}]",0,0,[],[]
34118220,34121570,NA,NOF,0.0,1021,pause,NA,NA,NA,NA,0.0,0,-41.57,-27.06,[],0,0,[],[]
34121570,34122700,NA,SIL,0.0,1021,pause,NA,NA,NA,NA,0.0,0,-47.47,-40.15,[],0,0,[],[]
34122700,34123500,NA,MAF,0.0,1021,pause,NA,NA,NA,NA,0.0,0,-42.56,-31.38,[],0,0,[],[]
34123500,34124300,NA,SIL,0.0,1021,pause,NA,NA,NA,NA,0.0,0,-46.41,-37.92,[],0,0,[],[]
34124300,34125450,NA,NOF,0.0,1021,pause,NA,NA,NA,NA,0.0,0,-37.22,-19.41,[],0,0,[],[]
34125450,34126460,NA,FAF,0.0,1021,pause,NA,NA,NA,NA,0.0,0,-34.68,-19.16,[],0,0,[],[]
34126460,34127540,NA,NOF,0.0,1021,pause,NA,NA,NA,NA,0.0,0,-34.64,-21.21,[],0,0,[],[]
34127540,34128820,NA,MAF,0.0,1021,pause,NA,NA,NA,NA,0.0,0,-39.02,-27.79,[],0,0,[],[]
34128820,34129670,NA,NOF,0.0,1021,pause,NA,NA,NA,NA,0.0,0,-38.94,-25.79,[],0,0,[],[]
34129670,34130690,NA,MAF,0.0,1021,pause,NA,NA,NA,NA,0.0,0,-37.84,-27.48,[],0,0,[],[]
34130690,34131960,NA,NOF,0.0,1021,pause,NA,NA,NA,NA,0.0,0,-40.87,-26.77,[],0,0,[],[]
34131960,34133500,CHI,CHN,0.0,1021,CM,BC,0,NT,FI,1.0,1540,-25.34,-17.77,"[{'Canonical-syllable': '1', 'Growl': '2', 'High-freq-energy': '0', 'Long-island': '0', 'Low-tilt-spectrum': '1', 'Medium-island': '3', 'Short-island': '0', 'Squeal': '0', 'Typical-entropy': '1', 'Voicing-quality': '4', 'Wide-band': '0', 'Xlong-island': '0', 'seq': '1', 'end': 34133.5, 'start': 34131.96}]",0,0,[],[]
34133500,34134640,NA,OLF,0.0,1021,CM,NA,NA,NA,NA,0.0,0,-39.55,-27.75,[],0,0,[],[]
34134640,34136540,CHI,CHN,0.0,1021,CM,RC,0,NT,FH,1.0,1900,-28.55,-20.7,"[{'Canonical-syllable': '0', 'Growl': '4', 'High-freq-energy': '0', 'Long-island': '1', 'Low-tilt-spectrum': '2', 'Medium-island': '0', 'Short-island': '3', 'Squeal': '0', 'Typical-entropy': '0', 'Voicing-quality': '4', 'Wide-band': '0', 'Xlong-island': '0', 'seq': '1', 'end': 34136.54, 'start': 34134.64}]",0,0,[],[]
34136540,34137540,CHI,CHN,0.0,1021,CM,RC,0,NT,FH,2.0,400,-26.91,-16.61,"[{'Canonical-syllable': '0', 'Growl': '1', 'High-freq-energy': '0', 'Long-island': '0', 'Low-tilt-spectrum': '0', 'Medium-island': '0', 'Short-island': '1', 'Squeal': '0', 'Typical-entropy': '0', 'Voicing-quality': '1', 'Wide-band': '0', 'Xlong-island': '0', 'seq': '1', 'end': 34136.69, 'start': 34136.54}, {'Canonical-syllable': '0', 'Growl': '0', 'High-freq-energy': '0', 'Long-island': '0', 'Low-tilt-spectrum': '0', 'Medium-island': '0', 'Short-island': '1', 'Squeal': '0', 'Typical-entropy': '0', 'Voicing-quality': '1', 'Wide-band': '0', 'Xlong-island': '0', 'seq': '2', 'end': 34137.54, 'start': 34137.29}]",0,0,[],[]
34137540,34138650,CHI,CHN,0.0,1021,CM,EC,0,NT,FH,1.0,1110,-23.96,-18.0,"[{'Canonical-syllable': '0', 'Growl': '1', 'High-freq-energy': '0', 'Long-island': '0', 'Low-tilt-spectrum': '0', 'Medium-island': '1', 'Short-island': '2', 'Squeal': '0', 'Typical-entropy': '0', 'Voicing-quality': '4', 'Wide-band': '1', 'Xlong-island': '0', 'seq': '1', 'end': 34138.65, 'start': 34137.54}]",0,0,[],[]
34138650,34141120,NA,MAF,0.0,1022,pause,NA,NA,NA,NA,0.0,0,-37.79,-24.1,[],0,0,[],[]
34141120,34142140,NA,FAF,0.0,1022,pause,NA,NA,NA,NA,0.0,0,-41.87,-37.94,[],0,0,[],[]
34142140,34143150,NA,SIL,0.0,1022,pause,NA,NA,NA,NA,0.0,0,-42.22,-38.67,[],0,0,[],[]
34143150,34144240,NA,FAF,0.0,1022,pause,NA,NA,NA,NA,0.0,0,-42.14,-39.64,[],0,0,[],[]
34144240,34145400,NA,MAF,0.0,1022,pause,NA,NA,NA,NA,0.0,0,-40.4,-30.78,[],0,0,[],[]
34145400,34146200,NA,SIL,0.0,1022,pause,NA,NA,NA,NA,0.0,0,-43.3,-33.84,[],0,0,[],[]
34146200,34148010,NA,MAF,0.0,1022,pause,NA,NA,NA,NA,0.0,0,-40.48,-27.89,[],0,0,[],[]
34148010,34148860,NA,OLF,0.0,1022,pause,NA,NA,NA,NA,0.0,0,-32.89,-17.97,[],0,0,[],[]
34148860,34150100,NA,SIL,0.0,1022,pause,NA,NA,NA,NA,0.0,0,-42.87,-39.05,[],0,0,[],[]
34150100,34150900,NA,TVF,0.0,1022,pause,NA,NA,NA,NA,0.0,0,-41.59,-38.19,[],0,0,[],[]
34150900,34153130,NA,MAF,0.0,1022,pause,NA,NA,NA,NA,0.0,0,-42.13,-33.11,[],0,0,[],[]
34153130,34154360,NA,OLF,0.0,1022,pause,NA,NA,NA,NA,0.0,0,-41.43,-37.6,[],0,0,[],[]
34154360,34156660,NA,MAF,0.0,1022,pause,NA,NA,NA,NA,0.0,0,-39.96,-21.83,[],0,0,[],[]
34156660,34157480,NA,OLF,0.0,1022,pause,NA,NA,NA,NA,0.0,0,-42.14,-36.58,[],0,0,[],[]
34157480,34158460,NA,SIL,0.0,1022,pause,NA,NA,NA,NA,0.0,0,-42.96,-40.62,[],0,0,[],[]
34158460,34162200,NA,MAF,0.0,1022,pause,NA,NA,NA,NA,0.0,0,-42.02,-24.6,[],0,0,[],[]
34162200,34166500,NA,OLF,0.0,1022,pause,NA,NA,NA,NA,0.0,0,-37.93,-21.35,[],0,0,[],[]
34166500,34167500,NA,MAF,0.0,1022,pause,NA,NA,NA,NA,0.0,0,-42.21,-39.47,[],0,0,[],[]
34167500,34168430,NA,SIL,0.0,1022,pause,NA,NA,NA,NA,0.0,0,-42.13,-39.52,[],0,0,[],[]
34168430,34169610,NA,MAF,0.0,1022,pause,NA,NA,NA,NA,0.0,0,-41.67,-31.66,[],0,0,[],[]
34169610,34170420,NA,SIL,0.0,1022,pause,NA,NA,NA,NA,0.0,0,-42.03,-39.54,[],0,0,[],[]
34170420,34171860,NA,TVF,0.0,1022,pause,NA,NA,NA,NA,0.0,0,-42.25,-39.42,[],0,0,[],[]
34171860,34172690,NA,SIL,0.0,1022,pause,NA,NA,NA,NA,0.0,0,-42.38,-39.92,[],0,0,[],[]
34172690,34173730,NA,MAF,0.0,1022,pause,NA,NA,NA,NA,0.0,0,-38.33,-24.05,[],0,0,[],[]
34173730,34174530,NA,OLF,0.0,1022,pause,NA,NA,NA,NA,0.0,0,-41.05,-37.31,[],0,0,[],[]
34174530,34175740,NA,MAF,0.0,1022,pause,NA,NA,NA,NA,0.0,0,-41.76,-37.7,[],0,0,[],[]
34175740,34178280,NA,OLF,0.0,1022,pause,NA,NA,NA,NA,0.0,0,-40.72,-28.98,[],0,0,[],[]
34178280,34179500,NA,MAF,0.0,1022,pause,NA,NA,NA,NA,0.0,0,-41.91,-29.93,[],0,0,[],[]
34179500,34180500,NA,FAF,0.0,1022,pause,NA,NA,NA,NA,0.0,0,-39.67,-23.84,[],0,0,[],[]
34180500,34181420,NA,OLF,0.0,1022,pause,NA,NA,NA,NA,0.0,0,-39.49,-27.91,[],0,0,[],[]
34181420,34182710,NA,MAF,0.0,1022,pause,NA,NA,NA,NA,0.0,0,-39.55,-26.97,[],0,0,[],[]
34182710,34184140,NA,OLF,0.0,1022,pause,NA,NA,NA,NA,0.0,0,-37.32,-22.76,[],0,0,[],[]
34184140,34184960,NA,NOF,0.0,1022,pause,NA,NA,NA,NA,0.0,0,-39.11,-31.49,[],0,0,[],[]
34184960,34185990,NA,FAF,0.0,1022,pause,NA,NA,NA,NA,0.0,0,-32.38,-24.41,[],0,0,[],[]
34185990,34188680,NA,NOF,0.0,1022,pause,NA,NA,NA,NA,0.0,0,-37.51,-21.04,[],0,0,[],[]
34188680,34189480,NA,OLF,0.0,1022,pause,NA,NA,NA,NA,0.0,0,-40.6,-32.14,[],0,0,[],[]
34189480,34191970,NA,NOF,0.0,1022,pause,NA,NA,NA,NA,0.0,0,-33.8,-15.79,[],0,0,[],[]
34191970,34192770,NA,OLN,0.0,1022,pause,NA,NA,NA,NA,0.0,0,-27.22,-20.02,[],0,0,[],[]
34192770,34193400,CHI,CHN,0.0,1022,CM,EC,0,NT,FI,1.0,630,-25.2,-20.0,"[{'Canonical-syllable': '0', 'Growl': '0', 'High-freq-energy': '0', 'Long-island': '0', 'Low-tilt-spectrum': '0', 'Medium-island': '1', 'Short-island': '0', 'Squeal': '0', 'Typical-entropy': '1', 'Voicing-quality': '1', 'Wide-band': '0', 'Xlong-island': '0', 'seq': '1', 'end': 34193.4, 'start': 34192.77}]",0,0,[],[]
34193400,34194320,NA,NOF,0.0,1023,pause,NA,NA,NA,NA,0.0,0,-41.58,-31.88,[],0,0,[],[]
34194320,34195170,NA,OLF,0.0,1023,pause,NA,NA,NA,NA,0.0,0,-37.1,-23.58,[],0,0,[],[]
34195170,34196000,NA,NOF,0.0,1023,pause,NA,NA,NA,NA,0.0,0,-34.85,-21.96,[],0,0,[],[]
34196000,34196950,NA,OLF,0.0,1023,pause,NA,NA,NA,NA,0.0,0,-33.87,-23.56,[],0,0,[],[]
34196950,34198260,NA,NOF,0.0,1023,pause,NA,NA,NA,NA,0.0,0,-35.42,-24.46,[],0,0,[],[]
34198260,34199260,NA,MAF,0.0,1023,pause,NA,NA,NA,NA,0.0,0,-30.35,-22.4,[],0,0,[],[]
34199260,34200110,NA,OLF,0.0,1023,pause,NA,NA,NA,NA,0.0,0,-33.02,-23.5,[],0,0,[],[]
34200110,34201140,NA,FAF,0.0,1023,pause,NA,NA,NA,NA,0.0,0,-39.91,-29.23,[],0,0,[],[]
34201140,34203850,NA,NOF,0.0,1023,pause,NA,NA,NA,NA,0.0,0,-39.96,-30.24,[],0,0,[],[]
34203850,34204850,NA,MAF,0.0,1023,pause,NA,NA,NA,NA,0.0,0,-35.23,-22.93,[],0,0,[],[]
34204850,34206530,NA,NOF,0.0,1023,pause,NA,NA,NA,NA,0.0,0,-39.67,-23.97,[],0,0,[],[]
34206530,34207540,MAL,MAN,1.76,1023,AMM,BC,0,NT,FI,0.0,0,-39.17,-30.46,[],0,0,[],[]
34207540,34208780,FEM,FAN,5.99,1023,AMM,RC,0,NT,FI,0.0,0,-34.85,-20.59,[],0,0,[],[]
34208780,34210380,MAL,MAN,4.93,1023,AMM,EC,0,NT,FI,0.0,0,-34.88,-27.47,[],0,0,[],[]
34210380,34211180,NA,SIL,0.0,1024,pause,NA,NA,NA,NA,0.0,0,-40.9,-23.38,[],0,0,[],[]
34211180,34215940,NA,NOF,0.0,1024,pause,NA,NA,NA,NA,0.0,0,-42.84,-31.66,[],0,0,[],[]
34215940,34218520,MAL,MAN,10.1,1024,AICM,BC,0,NT,FI,0.0,0,-35.08,-23.88,[],0,0,[],[]
34218520,34219730,FEM,FAN,3.88,1024,AICM,RC,0,NT,FI,0.0,0,-33.18,-25.41,[],0,0,[],[]
34219730,34220930,NA,NOF,0.0,1024,AICM,NA,NA,NA,NA,0.0,0,-39.76,-29.34,[],0,0,[],[]
34220930,34222240,NA,FAF,0.0,1024,AICM,NA,NA,NA,NA,0.0,0,-33.47,-21.05,[],0,0,[],[]
34222240,34223210,NA,NOF,0.0,1024,AICM,NA,NA,NA,NA,0.0,0,-43.63,-31.73,[],0,0,[],[]
34223210,34225020,FEM,FAN,5.95,1024,AICM,RC,0,NT,FH,0.0,0,-36.65,-23.59,[],0,0,[],[]
34225020,34228620,MAL,MAN,14.18,1024,AICM,RC,0,NT,FI,0.0,0,-31.17,-21.04,[],0,0,[],[]
34228620,34229870,FEM,FAN,2.4,1024,AICM,RC,0,TIFI,FI,0.0,0,-35.59,-26.64,[],0,0,[],[]
34229870,34231410,NA,NOF,0.0,1024,AICM,NA,NA,NA,NA,0.0,0,-36.85,-24.96,[],0,0,[],[]
34231410,34232750,CHI,CHN,0.0,1024,AICM,RC,1,TIFR,FI,1.0,1340,-16.61,-9.04,"[{'Canonical-syllable': '1', 'Growl': '2', 'High-freq-energy': '0', 'Long-island': '0', 'Low-tilt-spectrum': '2', 'Medium-island': '3', 'Short-island': '0', 'Squeal': '0', 'Typical-entropy': '2', 'Voicing-quality': '4', 'Wide-band': '0', 'Xlong-island': '0', 'seq': '1', 'end': 34232.75, 'start': 34231.41}]",0,0,[],[]
34232750,34233550,NA,SIL,0.0,1024,AICM,NA,NA,NA,NA,0.0,0,-44.89,-37.2,[],0,0,[],[]
34233550,34234590,FEM,FAN,4.67,1024,AICM,RC,1,TIFE,FI,0.0,0,-33.42,-22.94,[],0,0,[],[]
34234590,34235520,NA,SIL,0.0,1024,AICM,NA,NA,NA,NA,0.0,0,-39.37,-31.62,[],0,0,[],[]
34235520,34237480,MAL,MAN,8.61,1024,AICM,RC,1,TIMI,FI,0.0,0,-33.87,-19.03,[],0,0,[],[]
34237480,34238210,CHI,CHN,0.0,1024,AICM,RC,2,TIMR,FI,1.0,500,-19.27,-9.79,"[{'Canonical-syllable': '0', 'Growl': '0', 'High-freq-energy': '0', 'Long-island': '0', 'Low-tilt-spectrum': '0', 'Medium-island': '1', 'Short-island': '0', 'Squeal': '0', 'Typical-entropy': '1', 'Voicing-quality': '1', 'Wide-band': '0', 'Xlong-island': '0', 'seq': '1', 'end': 34237.98, 'start': 34237.48}]",0,0,[],[]
34238210,34239600,NA,FAF,0.0,1024,AICM,NA,NA,NA,NA,0.0,0,-32.69,-17.43,[],0,0,[],[]
34239600,34240550,NA,CXF,0.0,1024,AICM,NA,NA,NA,NA,0.0,0,-40.17,-28.5,[],0,0,[],[]
34240550,34241550,NA,FAF,0.0,1024,AICM,NA,NA,NA,NA,0.0,0,-40.01,-30.19,[],0,0,[],[]
34241550,34242640,CHI,CHN,0.0,1024,AICM,RC,2,NT,FH,1.0,820,-17.7,-9.98,"[{'Canonical-syllable': '1', 'Growl': '1', 'High-freq-energy': '0', 'Long-island': '0', 'Low-tilt-spectrum': '2', 'Medium-island': '1', 'Short-island': '1', 'Squeal': '0', 'Typical-entropy': '2', 'Voicing-quality': '2', 'Wide-band': '0', 'Xlong-island': '0', 'seq': '1', 'end': 34242.37, 'start': 34241.55}]",0,0,[],[]
34242640,34246480,CHI,CHN,0.0,1024,AICM,RC,2,NT,FH,3.0,2560,-15.59,-2.44,"[{'Canonical-syllable': '1', 'Growl': '0', 'High-freq-energy': '0', 'Long-island': '0', 'Low-tilt-spectrum': '1', 'Medium-island': '1', 'Short-island': '0', 'Squeal': '0', 'Typical-entropy': '1', 'Voicing-quality': '1', 'Wide-band': '0', 'Xlong-island': '0', 'seq': '1', 'end': 34242.92, 'start': 34242.64}, {'Canonical-syllable': '0', 'Growl': '2', 'High-freq-energy': '0', 'Long-island': '0', 'Low-tilt-spectrum': '4', 'Medium-island': '1', 'Short-island': '2', 'Squeal': '0', 'Typical-entropy': '4', 'Voicing-quality': '4', 'Wide-band': '0', 'Xlong-island': '0', 'seq': '2', 'end': 34244.48, 'start': 34243.25}, {'Canonical-syllable': '1', 'Growl': '1', 'High-freq-energy': '0', 'Long-island': '0', 'Low-tilt-spectrum': '2', 'Medium-island': '1', 'Short-island': '2', 'Squeal': '0', 'Typical-entropy': '2', 'Voicing-quality': '3', 'Wide-band': '0', 'Xlong-island': '0', 'seq': '3', 'end': 34246.1, 'start': 34245.05}]",0,0,[],[]
34246480,34247280,NA,NOF,0.0,1024,AICM,NA,NA,NA,NA,0.0,0,-41.75,-31.05,[],0,0,[],[]
34247280,34248410,CHI,CHN,0.0,1024,AICM,RC,2,NT,FH,1.0,940,-17.24,-5.33,"[{'Canonical-syllable': '2', 'Growl': '0', 'High-freq-energy': '0', 'Long-island': '0', 'Low-tilt-spectrum': '2', 'Medium-island': '1', 'Short-island': '2', 'Squeal': '0', 'Typical-entropy': '2', 'Voicing-quality': '3', 'Wide-band': '0', 'Xlong-island': '0', 'seq': '1', 'end': 34248.22, 'start': 34247.28}]",0,0,[],[]
34248410,34249530,FEM,FAN,7.57,1024,AICM,RC,2,TIFE,FI,0.0,0,-34.71,-26.78,[],0,0,[],[]
34249530,34250530,MAL,MAN,5.07,1024,AICM,EC,2,NT,FI,0.0,0,-38.52,-28.71,[],0,0,[],[]
34250530,34251380,NA,NOF,0.0,1025,pause,NA,NA,NA,NA,0.0,0,-42.02,-30.85,[],0,0,[],[]
34251380,34252810,NA,MAF,0.0,1025,pause,NA,NA,NA,NA,0.0,0,-36.14,-23.26,[],0,0,[],[]
34252810,34255920,NA,NOF,0.0,1025,pause,NA,NA,NA,NA,0.0,0,-43.71,-28.74,[],0,0,[],[]
34255920,34256850,NA,SIL,0.0,1025,pause,NA,NA,NA,NA,0.0,0,-33.65,-20.14,[],0,0,[],[]
34256850,34258610,NA,FAF,0.0,1025,pause,NA,NA,NA,NA,0.0,0,-39.5,-21.05,[],0,0,[],[]
34258610,34263510,NA,SIL,0.0,1025,pause,NA,NA,NA,NA,0.0,0,-46.32,-24.88,[],0,0,[],[]
34263510,34264820,NA,FAF,0.0,1025,pause,NA,NA,NA,NA,0.0,0,-40.33,-27.78,[],0,0,[],[]
34264820,34265650,NA,SIL,0.0,1025,pause,NA,NA,NA,NA,0.0,0,-48.22,-43.76,[],0,0,[],[]
34265650,34266460,FEM,FAN,0.0,1025,pause,NA,NA,NA,NA,0.0,0,-44.34,-39.23,[],810,0,[],[]
34266460,34267820,NA,FAF,0.0,1025,pause,NA,NA,NA,NA,0.0,0,-42.83,-36.1,[],0,0,[],[]
34267820,34269770,NA,OLN,0.0,1025,pause,NA,NA,NA,NA,0.0,0,-30.23,-16.75,[],0,0,[],[]
34269770,34271280,NA,NOF,0.0,1025,pause,NA,NA,NA,NA,0.0,0,-41.26,-31.51,[],0,0,[],[]
34271280,34272650,NA,OLF,0.0,1025,pause,NA,NA,NA,NA,0.0,0,-27.58,-9.59,[],0,0,[],[]
34272650,34273880,NA,NOF,0.0,1025,pause,NA,NA,NA,NA,0.0,0,-39.52,-29.48,[],0,0,[],[]
34273880,34274770,NA,OLF,0.0,1025,pause,NA,NA,NA,NA,0.0,0,-40.55,-34.19,[],0,0,[],[]
34274770,34276520,NA,NOF,0.0,1025,pause,NA,NA,NA,NA,0.0,0,-36.86,-20.22,[],0,0,[],[]
34276520,34277370,NA,SIL,0.0,1025,pause,NA,NA,NA,NA,0.0,0,-44.18,-35.82,[],0,0,[],[]
34277370,34280170,NA,OLF,0.0,1025,pause,NA,NA,NA,NA,0.0,0,-35.58,-22.44,[],0,0,[],[]
34280170,34281070,NA,SIL,0.0,1025,pause,NA,NA,NA,NA,0.0,0,-47.4,-41.85,[],0,0,[],[]
34281070,34282360,NA,NOF,0.0,1025,pause,NA,NA,NA,NA,0.0,0,-41.07,-30.81,[],0,0,[],[]
34282360,34283690,NA,SIL,0.0,1025,pause,NA,NA,NA,NA,0.0,0,-47.61,-38.67,[],0,0,[],[]
34283690,34285260,NA,OLF,0.0,1025,pause,NA,NA,NA,NA,0.0,0,-39.49,-25.64,[],0,0,[],[]
34285260,34286190,NA,FAF,0.0,1025,pause,NA,NA,NA,NA,0.0,0,-40.69,-24.68,[],0,0,[],[]
34286190,34287210,FEM,FAN,0.08,1025,AICF,BC,0,TIFI,FI,0.0,0,-43.77,-34.15,[],0,0,[],[]
34287210,34289160,NA,SIL,0.0,1025,AICF,NA,NA,NA,NA,0.0,0,-44.79,-25.4,[],0,0,[],[]
34289160,34289960,NA,NOF,0.0,1025,AICF,NA,NA,NA,NA,0.0,0,-46.54,-39.7,[],0,0,[],[]
34289960,34290900,NA,SIL,0.0,1025,AICF,NA,NA,NA,NA,0.0,0,-48.05,-43.05,[],0,0,[],[]
34290900,34291810,NA,NOF,0.0,1025,AICF,NA,NA,NA,NA,0.0,0,-41.2,-25.8,[],0,0,[],[]
34291810,34292960,CHI,CHN,0.0,1025,AICF,RC,1,TIFR,FI,1.0,1150,-15.28,-3.91,"[{'Canonical-syllable': '1', 'Growl': '1', 'High-freq-energy': '0', 'Long-island': '0', 'Low-tilt-spectrum': '3', 'Medium-island': '1', 'Short-island': '2', 'Squeal': '0', 'Typical-entropy': '2', 'Voicing-quality': '3', 'Wide-band': '0', 'Xlong-island': '0', 'seq': '1', 'end': 34292.96, 'start': 34291.81}]",0,0,[],[]
34292960,34294770,NA,SIL,0.0,1025,AICF,NA,NA,NA,NA,0.0,0,-44.95,-29.97,[],0,0,[],[]
34294770,34295770,MAL,MAN,4.16,1025,AICF,EC,1,TIME,FI,0.0,0,-38.0,-32.55,[],0,0,[],[]
34295770,34299530,NA,FAF,0.0,1026,pause,NA,NA,NA,NA,0.0,0,-42.16,-30.23,[],0,0,[],[]
34299530,34300330,NA,OLN,0.0,1026,pause,NA,NA,NA,NA,0.0,0,-38.87,-24.19,[],0,0,[],[]
34300330,34302110,NA,OLF,0.0,1026,pause,NA,NA,NA,NA,0.0,0,-41.5,-28.96,[],0,0,[],[]
34302110,34308540,NA,NOF,0.0,1026,pause,NA,NA,NA,NA,0.0,0,-42.76,-25.14,[],0,0,[],[]
34308540,34309660,MAL,MAN,5.63,1026,AMM,EC,0,NT,FI,0.0,0,-36.14,-30.6,[],0,0,[],[]
34309660,34310550,NA,NOF,0.0,1027,pause,NA,NA,NA,NA,0.0,0,-43.85,-37.33,[],0,0,[],[]
34310550,34311350,NA,SIL,0.0,1027,pause,NA,NA,NA,NA,0.0,0,-45.56,-38.69,[],0,0,[],[]
34311350,34312520,NA,NOF,0.0,1027,pause,NA,NA,NA,NA,0.0,0,-41.31,-28.81,[],0,0,[],[]
34312520,34313380,NA,OLF,0.0,1027,pause,NA,NA,NA,NA,0.0,0,-40.17,-33.27,[],0,0,[],[]
34313380,34318010,NA,NOF,0.0,1027,pause,NA,NA,NA,NA,0.0,0,-36.72,-16.24,[],0,0,[],[]
34318010,34318910,NA,OLN,0.0,1027,pause,NA,NA,NA,NA,0.0,0,-33.27,-20.06,[],0,0,[],[]
34318910,34319990,NA,OLF,0.0,1027,pause,NA,NA,NA,NA,0.0,0,-33.61,-18.07,[],0,0,[],[]
34319990,34331550,NA,NOF,0.0,1027,pause,NA,NA,NA,NA,0.0,0,-34.7,-10.35,[],0,0,[],[]
34331550,34332440,NA,OLF,0.0,1027,pause,NA,NA,NA,NA,0.0,0,-37.32,-30.61,[],0,0,[],[]
34332440,34333300,NA,NOF,0.0,1027,pause,NA,NA,NA,NA,0.0,0,-35.88,-30.65,[],0,0,[],[]
34333300,34334110,NA,OLF,0.0,1027,pause,NA,NA,NA,NA,0.0,0,-34.65,-30.05,[],0,0,[],[]
34334110,34341320,NA,NOF,0.0,1027,pause,NA,NA,NA,NA,0.0,0,-36.06,-19.3,[],0,0,[],[]
34341320,34342210,NA,OLF,0.0,1027,pause,NA,NA,NA,NA,0.0,0,-30.94,-24.39,[],0,0,[],[]
34342210,34347010,NA,NOF,0.0,1027,pause,NA,NA,NA,NA,0.0,0,-30.47,-15.96,[],0,0,[],[]
34347010,34347880,NA,SIL,0.0,1027,pause,NA,NA,NA,NA,0.0,0,-31.16,-21.67,[],0,0,[],[]
34347880,34349440,NA,FAF,0.0,1027,pause,NA,NA,NA,NA,0.0,0,-43.79,-35.19,[],0,0,[],[]
34349440,34350590,NA,SIL,0.0,1027,pause,NA,NA,NA,NA,0.0,0,-30.47,-16.53,[],0,0,[],[]
34350590,34355460,NA,NOF,0.0,1027,pause,NA,NA,NA,NA,0.0,0,-33.01,-13.68,[],0,0,[],[]
34355460,34356390,NA,SIL,0.0,1027,pause,NA,NA,NA,NA,0.0,0,-44.52,-38.56,[],0,0,[],[]
34356390,34358840,NA,NOF,0.0,1027,pause,NA,NA,NA,NA,0.0,0,-36.47,-24.62,[],0,0,[],[]
34358840,34360190,NA,OLF,0.0,1027,pause,NA,NA,NA,NA,0.0,0,-30.85,-19.7,[],0,0,[],[]
34360190,34361000,NA,SIL,0.0,1027,pause,NA,NA,NA,NA,0.0,0,-42.15,-29.42,[],0,0,[],[]
34361000,34362140,NA,MAF,0.0,1027,pause,NA,NA,NA,NA,0.0,0,-35.5,-20.19,[],0,0,[],[]
34362140,34363340,NA,SIL,0.0,1027,pause,NA,NA,NA,NA,0.0,0,-34.79,-21.84,[],0,0,[],[]
34363340,34366450,NA,NOF,0.0,1027,pause,NA,NA,NA,NA,0.0,0,-41.7,-27.68,[],0,0,[],[]
34366450,34368620,NA,SIL,0.0,1027,pause,NA,NA,NA,NA,0.0,0,-45.69,-32.83,[],0,0,[],[]
34368620,34370690,NA,NOF,0.0,1027,pause,NA,NA,NA,NA,0.0,0,-39.09,-25.44,[],0,0,[],[]
34370690,34371520,NA,SIL,0.0,1027,pause,NA,NA,NA,NA,0.0,0,-44.8,-36.89,[],0,0,[],[]
34371520,34372500,NA,NOF,0.0,1027,pause,NA,NA,NA,NA,0.0,0,-42.97,-32.99,[],0,0,[],[]
34372500,34373300,NA,SIL,0.0,1027,pause,NA,NA,NA,NA,0.0,0,-43.66,-30.81,[],0,0,[],[]
34373300,34376500,NA,NOF,0.0,1027,pause,NA,NA,NA,NA,0.0,0,-40.59,-28.72,[],0,0,[],[]
34376500,34377300,NA,SIL,0.0,1027,pause,NA,NA,NA,NA,0.0,0,-44.71,-33.78,[],0,0,[],[]
34377300,34378190,NA,OLF,0.0,1027,pause,NA,NA,NA,NA,0.0,0,-40.28,-30.05,[],0,0,[],[]
34378190,34378990,NA,SIL,0.0,1027,pause,NA,NA,NA,NA,0.0,0,-42.47,-33.69,[],0,0,[],[]
34378990,34381630,NA,NOF,0.0,1027,pause,NA,NA,NA,NA,0.0,0,-41.17,-25.5,[],0,0,[],[]
34381630,34382430,NA,SIL,0.0,1027,pause,NA,NA,NA,NA,0.0,0,-40.59,-28.37,[],0,0,[],[]
34382430,34389630,NA,NOF,0.0,1027,pause,NA,NA,NA,NA,0.0,0,-38.75,-22.27,[],0,0,[],[]
34389630,34390840,FEM,FAN,4.42,1027,AMF,EC,0,NT,FI,0.0,0,-32.5,-19.89,[],0,0,[],[]
34390840,34398350,NA,NOF,0.0,1028,pause,NA,NA,NA,NA,0.0,0,-38.3,-19.98,[],0,0,[],[]
34398350,34399390,NA,FAF,0.0,1028,pause,NA,NA,NA,NA,0.0,0,-38.66,-25.93,[],0,0,[],[]
34399390,34400930,NA,NOF,0.0,1028,pause,NA,NA,NA,NA,0.0,0,-30.39,-15.78,[],0,0,[],[]
34400930,34401830,NA,SIL,0.0,1028,pause,NA,NA,NA,NA,0.0,0,-38.62,-22.97,[],0,0,[],[]
34401830,34403940,NA,NOF,0.0,1028,pause,NA,NA,NA,NA,0.0,0,-30.85,-14.75,[],0,0,[],[]
34403940,34404740,NA,SIL,0.0,1028,pause,NA,NA,NA,NA,0.0,0,-45.47,-38.55,[],0,0,[],[]
34404740,34409400,NA,NOF,0.0,1028,pause,NA,NA,NA,NA,0.0,0,-37.93,-21.21,[],0,0,[],[]
34409400,34410000,CHI,CHN,0.0,1028,pause,NA,NA,NA,NA,0.0,0,-25.75,-15.67,[],0,0,[],[]
34410000,34414830,NA,NOF,0.0,1028,pause,NA,NA,NA,NA,0.0,0,-35.03,-17.05,[],0,0,[],[]
34414830,34415830,CHI,CHN,0.0,1028,CM,EC,0,NT,FI,1.0,500,-25.61,-18.05,"[{'Canonical-syllable': '0', 'Growl': '0', 'High-freq-energy': '0', 'Long-island': '0', 'Low-tilt-spectrum': '1', 'Medium-island': '1', 'Short-island': '0', 'Squeal': '0', 'Typical-entropy': '0', 'Voicing-quality': '1', 'Wide-band': '0', 'Xlong-island': '0', 'seq': '1', 'end': 34415.64, 'start': 34415.14}]",0,0,[],[]
34415830,34416910,NA,NOF,0.0,1029,pause,NA,NA,NA,NA,0.0,0,-40.06,-29.19,[],0,0,[],[]
34416910,34417920,NA,FAF,0.0,1029,pause,NA,NA,NA,NA,0.0,0,-41.34,-28.38,[],0,0,[],[]
34417920,34418920,NA,MAF,0.0,1029,pause,NA,NA,NA,NA,0.0,0,-31.42,-14.37,[],0,0,[],[]
34418920,34425630,NA,NOF,0.0,1029,pause,NA,NA,NA,NA,0.0,0,-39.98,-23.76,[],0,0,[],[]
34425630,34426440,NA,SIL,0.0,1029,pause,NA,NA,NA,NA,0.0,0,-46.26,-39.68,[],0,0,[],[]
34426440,34428820,NA,NOF,0.0,1029,pause,NA,NA,NA,NA,0.0,0,-42.88,-31.44,[],0,0,[],[]
34428820,34429420,CHI,CHN,0.0,1029,pause,NA,NA,NA,NA,0.0,0,-32.26,-23.78,[],0,410,[],"[{'start': 34429.01, 'end': 34429.42}]"
34429420,34430330,NA,NOF,0.0,1029,pause,NA,NA,NA,NA,0.0,0,-39.06,-32.18,[],0,0,[],[]
34430330,34431180,CHI,CHN,0.0,1029,CM,BC,0,NT,FI,2.0,410,-15.18,-6.69,"[{'Canonical-syllable': '0', 'Growl': '1', 'High-freq-energy': '0', 'Long-island': '0', 'Low-tilt-spectrum': '1', 'Medium-island': '0', 'Short-island': '1', 'Squeal': '0', 'Typical-entropy': '1', 'Voicing-quality': '1', 'Wide-band': '0', 'Xlong-island': '0', 'seq': '1', 'end': 34430.52, 'start': 34430.33}, {'Canonical-syllable': '0', 'Growl': '0', 'High-freq-energy': '0', 'Long-island': '0', 'Low-tilt-spectrum': '0', 'Medium-island': '0', 'Short-island': '1', 'Squeal': '0', 'Typical-entropy': '0', 'Voicing-quality': '1', 'Wide-band': '0', 'Xlong-island': '0', 'seq': '2', 'end': 34431.18, 'start': 34430.96}]",0,0,[],[]
34431180,34432560,NA,NOF,0.0,1029,CM,NA,NA,NA,NA,0.0,0,-39.5,-24.11,[],0,0,[],[]
34432560,34433160,CHI,CHN,0.0,1029,CM,EC,0,NT,FH,1.0,120,-22.4,-12.55,"[{'Canonical-syllable': '0', 'Growl': '1', 'High-freq-energy': '0', 'Long-island': '0', 'Low-tilt-spectrum': '0', 'Medium-island': '0', 'Short-island': '1', 'Squeal': '0', 'Typical-entropy': '0', 'Voicing-quality': '1', 'Wide-band': '0', 'Xlong-island': '0', 'seq': '1', 'end': 34433.08, 'start': 34432.96}]",0,0,[],[]
34433160,34435950,NA,NOF,0.0,1030,pause,NA,NA,NA,NA,0.0,0,-34.58,-13.39,[],0,0,[],[]
34435950,34436790,NA,SIL,0.0,1030,pause,NA,NA,NA,NA,0.0,0,-45.91,-35.35,[],0,0,[],[]
34436790,34437610,NA,FAF,0.0,1030,pause,NA,NA,NA,NA,0.0,0,-45.07,-36.94,[],0,0,[],[]
34437610,34438410,NA,SIL,0.0,1030,pause,NA,NA,NA,NA,0.0,0,-46.41,-40.6,[],0,0,[],[]
34438410,34439460,NA,NOF,0.0,1030,pause,NA,NA,NA,NA,0.0,0,-43.45,-34.04,[],0,0,[],[]
34439460,34440390,NA,SIL,0.0,1030,pause,NA,NA,NA,NA,0.0,0,-47.26,-43.02,[],0,0,[],[]
34440390,34444370,NA,NOF,0.0,1030,pause,NA,NA,NA,NA,0.0,0,-41.75,-26.96,[],0,0,[],[]
34444370,34445340,NA,SIL,0.0,1030,pause,NA,NA,NA,NA,0.0,0,-44.73,-34.57,[],0,0,[],[]
34445340,34446330,NA,NOF,0.0,1030,pause,NA,NA,NA,NA,0.0,0,-40.63,-26.98,[],0,0,[],[]
34446330,34447510,NA,MAF,0.0,1030,pause,NA,NA,NA,NA,0.0,0,-38.76,-27.78,[],0,0,[],[]
34447510,34448850,NA,NOF,0.0,1030,pause,NA,NA,NA,NA,0.0,0,-39.54,-26.98,[],0,0,[],[]
34448850,34450640,CHI,CHN,0.0,1030,CM,BC,0,NT,FI,1.0,1790,-21.66,-11.69,"[{'Canonical-syllable': '1', 'Growl': '0', 'High-freq-energy': '0', 'Long-island': '1', 'Low-tilt-spectrum': '0', 'Medium-island': '2', 'Short-island': '0', 'Squeal': '0', 'Typical-entropy': '1', 'Voicing-quality': '3', 'Wide-band': '0', 'Xlong-island': '0', 'seq': '1', 'end': 34450.64, 'start': 34448.85}]",0,0,[],[]
34450640,34451960,NA,FAF,0.0,1030,CM,NA,NA,NA,NA,0.0,0,-37.95,-25.21,[],0,0,[],[]
34451960,34453340,NA,MAF,0.0,1030,CM,NA,NA,NA,NA,0.0,0,-43.05,-32.13,[],0,0,[],[]
34453340,34454350,NA,OLF,0.0,1030,CM,NA,NA,NA,NA,0.0,0,-36.33,-24.4,[],0,0,[],[]
34454350,34456030,CHI,CHN,0.0,1030,CM,EC,0,NT,FH,1.0,1380,-22.88,-15.97,"[{'Canonical-syllable': '1', 'Growl': '0', 'High-freq-energy': '0', 'Long-island': '0', 'Low-tilt-spectrum': '0', 'Medium-island': '0', 'Short-island': '1', 'Squeal': '0', 'Typical-entropy': '1', 'Voicing-quality': '2', 'Wide-band': '0', 'Xlong-island': '1', 'seq': '1', 'end': 34455.73, 'start': 34454.35}]",0,0,[],[]
34456030,34457030,NA,MAF,0.0,1031,pause,NA,NA,NA,NA,0.0,0,-36.88,-31.35,[],0,0,[],[]
34457030,34461230,NA,NOF,0.0,1031,pause,NA,NA,NA,NA,0.0,0,-41.49,-27.09,[],0,0,[],[]
34461230,34462110,NA,OLF,0.0,1031,pause,NA,NA,NA,NA,0.0,0,-38.43,-31.47,[],0,0,[],[]
34462110,34467050,NA,FAF,0.0,1031,pause,NA,NA,NA,NA,0.0,0,-41.13,-23.78,[],0,0,[],[]
34467050,34468250,NA,TVF,0.0,1031,pause,NA,NA,NA,NA,0.0,0,-37.92,-22.76,[],0,0,[],[]
34468250,34469540,NA,FAF,0.0,1031,pause,NA,NA,NA,NA,0.0,0,-43.56,-33.89,[],0,0,[],[]
34469540,34470410,NA,SIL,0.0,1031,pause,NA,NA,NA,NA,0.0,0,-46.1,-42.03,[],0,0,[],[]
34470410,34471210,NA,MAF,0.0,1031,pause,NA,NA,NA,NA,0.0,0,-43.0,-35.33,[],0,0,[],[]
34471210,34472790,NA,SIL,0.0,1031,pause,NA,NA,NA,NA,0.0,0,-44.5,-36.23,[],0,0,[],[]
34472790,34475690,NA,NOF,0.0,1031,pause,NA,NA,NA,NA,0.0,0,-41.78,-25.09,[],0,0,[],[]
34475690,34476970,NA,MAF,0.0,1031,pause,NA,NA,NA,NA,0.0,0,-41.47,-30.74,[],0,0,[],[]
34476970,34477970,NA,SIL,0.0,1031,pause,NA,NA,NA,NA,0.0,0,-43.1,-36.03,[],0,0,[],[]
34477970,34478770,NA,MAF,0.0,1031,pause,NA,NA,NA,NA,0.0,0,-41.39,-29.88,[],0,0,[],[]
34478770,34479570,NA,SIL,0.0,1031,pause,NA,NA,NA,NA,0.0,0,-44.1,-37.49,[],0,0,[],[]
34479570,34480680,NA,MAF,0.0,1031,pause,NA,NA,NA,NA,0.0,0,-44.21,-36.21,[],0,0,[],[]
34480680,34481480,NA,SIL,0.0,1031,pause,NA,NA,NA,NA,0.0,0,-44.07,-36.67,[],0,0,[],[]
34481480,34482370,NA,FAF,0.0,1031,pause,NA,NA,NA,NA,0.0,0,-41.49,-29.38,[],0,0,[],[]
34482370,34485540,NA,SIL,0.0,1031,pause,NA,NA,NA,NA,0.0,0,-42.12,-30.89,[],0,0,[],[]
34485540,34487130,NA,NOF,0.0,1031,pause,NA,NA,NA,NA,0.0,0,-42.76,-30.85,[],0,0,[],[]
34487130,34488090,NA,SIL,0.0,1031,pause,NA,NA,NA,NA,0.0,0,-45.33,-35.53,[],0,0,[],[]
34488090,34488920,NA,NOF,0.0,1031,pause,NA,NA,NA,NA,0.0,0,-43.64,-31.69,[],0,0,[],[]
34488920,34490750,NA,SIL,0.0,1031,pause,NA,NA,NA,NA,0.0,0,-45.93,-39.08,[],0,0,[],[]
34490750,34492380,NA,NOF,0.0,1031,pause,NA,NA,NA,NA,0.0,0,-43.94,-32.65,[],0,0,[],[]
34492380,34493780,NA,MAF,0.0,1031,pause,NA,NA,NA,NA,0.0,0,-42.6,-29.74,[],0,0,[],[]
34493780,34494580,NA,SIL,0.0,1031,pause,NA,NA,NA,NA,0.0,0,-44.01,-38.1,[],0,0,[],[]
34494580,34495640,NA,NOF,0.0,1031,pause,NA,NA,NA,NA,0.0,0,-41.76,-33.3,[],0,0,[],[]
34495640,34496440,NA,SIL,0.0,1031,pause,NA,NA,NA,NA,0.0,0,-43.45,-38.75,[],0,0,[],[]
34496440,34500240,NA,NOF,0.0,1031,pause,NA,NA,NA,NA,0.0,0,-38.9,-24.65,[],0,0,[],[]
34500240,34503370,NA,OLF,0.0,1031,pause,NA,NA,NA,NA,0.0,0,-33.97,-23.43,[],0,0,[],[]
34503370,34505020,NA,NOF,0.0,1031,pause,NA,NA,NA,NA,0.0,0,-35.94,-24.23,[],0,0,[],[]
34505020,34506050,NA,MAF,0.0,1031,pause,NA,NA,NA,NA,0.0,0,-39.06,-30.09,[],0,0,[],[]
34506050,34507200,NA,NOF,0.0,1031,pause,NA,NA,NA,NA,0.0,0,-40.39,-26.42,[],0,0,[],[]
34507200,34508000,NA,SIL,0.0,1031,pause,NA,NA,NA,NA,0.0,0,-42.5,-33.8,[],0,0,[],[]
34508000,34508880,NA,OLF,0.0,1031,pause,NA,NA,NA,NA,0.0,0,-30.74,-20.37,[],0,0,[],[]
34508880,34512990,NA,MAF,0.0,1031,pause,NA,NA,NA,NA,0.0,0,-40.85,-25.34,[],0,0,[],[]
34512990,34514010,NA,SIL,0.0,1031,pause,NA,NA,NA,NA,0.0,0,-43.2,-32.8,[],0,0,[],[]
34514010,34516020,NA,MAF,0.0,1031,pause,NA,NA,NA,NA,0.0,0,-30.1,-18.13,[],0,0,[],[]
34516020,34516920,NA,NOF,0.0,1031,pause,NA,NA,NA,NA,0.0,0,-36.24,-26.8,[],0,0,[],[]
34516920,34517720,NA,SIL,0.0,1031,pause,NA,NA,NA,NA,0.0,0,-38.26,-30.38,[],0,0,[],[]
34517720,34518610,NA,NOF,0.0,1031,pause,NA,NA,NA,NA,0.0,0,-37.61,-28.6,[],0,0,[],[]
34518610,34519730,NA,SIL,0.0,1031,pause,NA,NA,NA,NA,0.0,0,-32.7,-21.51,[],0,0,[],[]
34519730,34521230,NA,NOF,0.0,1031,pause,NA,NA,NA,NA,0.0,0,-36.69,-22.7,[],0,0,[],[]
34521230,34522030,NA,OLF,0.0,1031,pause,NA,NA,NA,NA,0.0,0,-30.49,-20.1,[],0,0,[],[]
34522030,34523580,NA,NOF,0.0,1031,pause,NA,NA,NA,NA,0.0,0,-37.17,-28.5,[],0,0,[],[]
34523580,34524580,NA,OLF,0.0,1031,pause,NA,NA,NA,NA,0.0,0,-40.79,-34.71,[],0,0,[],[]
34524580,34526930,NA,MAF,0.0,1031,pause,NA,NA,NA,NA,0.0,0,-40.45,-32.23,[],0,0,[],[]
34526930,34527730,NA,NOF,0.0,1031,pause,NA,NA,NA,NA,0.0,0,-37.98,-28.79,[],0,0,[],[]
34527730,34528730,NA,MAF,0.0,1031,pause,NA,NA,NA,NA,0.0,0,-32.07,-17.62,[],0,0,[],[]
34528730,34530020,NA,NOF,0.0,1031,pause,NA,NA,NA,NA,0.0,0,-37.81,-29.87,[],0,0,[],[]
34530020,34531020,NA,OLF,0.0,1031,pause,NA,NA,NA,NA,0.0,0,-36.27,-26.97,[],0,0,[],[]
34531020,34531940,NA,NOF,0.0,1031,pause,NA,NA,NA,NA,0.0,0,-34.64,-25.51,[],0,0,[],[]
34531940,34533380,NA,TVF,0.0,1031,pause,NA,NA,NA,NA,0.0,0,-32.46,-21.27,[],0,0,[],[]
34533380,34538900,NA,NOF,0.0,1031,pause,NA,NA,NA,NA,0.0,0,-36.27,-17.8,[],0,0,[],[]
34538900,34539700,NA,OLF,0.0,1031,pause,NA,NA,NA,NA,0.0,0,-38.33,-30.76,[],0,0,[],[]
34539700,34543570,NA,NOF,0.0,1031,pause,NA,NA,NA,NA,0.0,0,-39.88,-27.85,[],0,0,[],[]
34543570,34544810,CHI,CHN,0.0,1031,CIOCX,BC,0,NT,FI,1.0,1240,-16.97,-12.39,"[{'Canonical-syllable': '0', 'Growl': '1', 'High-freq-energy': '0', 'Long-island': '0', 'Low-tilt-spectrum': '0', 'Medium-island': '0', 'Short-island': '0', 'Squeal': '0', 'Typical-entropy': '1', 'Voicing-quality': '2', 'Wide-band': '1', 'Xlong-island': '1', 'seq': '1', 'end': 34544.81, 'start': 34543.66}]",0,0,[],[]
34544810,34547040,NA,NOF,0.0,1031,CIOCX,NA,NA,NA,NA,0.0,0,-41.33,-32.74,[],0,0,[],[]
34547040,34548970,NA,OLF,0.0,1031,CIOCX,NA,NA,NA,NA,0.0,0,-30.48,-15.55,[],0,0,[],[]
34548970,34549790,OCH,CXN,0.0,1031,CIOCX,EC,0,NT,FI,0.0,0,-25.83,-21.56,[],0,0,[],[]
34549790,34550830,NA,MAF,0.0,1032,pause,NA,NA,NA,NA,0.0,0,-34.97,-31.25,[],0,0,[],[]
34550830,34554580,NA,NOF,0.0,1032,pause,NA,NA,NA,NA,0.0,0,-38.94,-26.17,[],0,0,[],[]
34554580,34555580,NA,MAF,0.0,1032,pause,NA,NA,NA,NA,0.0,0,-35.99,-29.52,[],0,0,[],[]
34555580,34563800,NA,NOF,0.0,1032,pause,NA,NA,NA,NA,0.0,0,-39.85,-23.07,[],0,0,[],[]
34563800,34564600,NA,OLF,0.0,1032,pause,NA,NA,NA,NA,0.0,0,-39.53,-30.95,[],0,0,[],[]
34564600,34566180,NA,NOF,0.0,1032,pause,NA,NA,NA,NA,0.0,0,-40.63,-30.31,[],0,0,[],[]
34566180,34567460,NA,FAF,0.0,1032,pause,NA,NA,NA,NA,0.0,0,-38.69,-28.81,[],0,0,[],[]
34567460,34572070,NA,OLF,0.0,1032,pause,NA,NA,NA,NA,0.0,0,-39.15,-28.17,[],0,0,[],[]
34572070,34574260,NA,MAF,0.0,1032,pause,NA,NA,NA,NA,0.0,0,-36.94,-23.71,[],0,0,[],[]
34574260,34585220,NA,OLF,0.0,1032,pause,NA,NA,NA,NA,0.0,0,-39.09,-23.09,[],0,0,[],[]
34585220,34592860,NA,NOF,0.0,1032,pause,NA,NA,NA,NA,0.0,0,-39.02,-27.78,[],0,0,[],[]
34592860,34593660,NA,SIL,0.0,1032,pause,NA,NA,NA,NA,0.0,0,-40.24,-33.64,[],0,0,[],[]
34593660,34594660,NA,NOF,0.0,1032,pause,NA,NA,NA,NA,0.0,0,-38.65,-30.39,[],0,0,[],[]
34594660,34595720,NA,OLF,0.0,1032,pause,NA,NA,NA,NA,0.0,0,-39.91,-32.93,[],0,0,[],[]
34595720,34600760,NA,NOF,0.0,1032,pause,NA,NA,NA,NA,0.0,0,-39.77,-29.91,[],0,0,[],[]
34600760,34601360,FEM,FAN,2.33,1032,AMF,EC,0,NT,FI,0.0,0,-33.0,-25.58,[],0,0,[],[]
34601360,34602160,NA,NOF,0.0,1033,pause,NA,NA,NA,NA,0.0,0,-40.45,-34.12,[],0,0,[],[]
34602160,34603280,NA,SIL,0.0,1033,pause,NA,NA,NA,NA,0.0,0,-42.07,-36.38,[],0,0,[],[]
34603280,34607340,NA,NOF,0.0,1033,pause,NA,NA,NA,NA,0.0,0,-39.22,-21.88,[],0,0,[],[]
34607340,34608180,NA,SIL,0.0,1033,pause,NA,NA,NA,NA,0.0,0,-42.47,-37.35,[],0,0,[],[]
34608180,34609020,NA,FAF,0.0,1033,pause,NA,NA,NA,NA,0.0,0,-40.36,-25.43,[],0,0,[],[]
34609020,34610310,NA,SIL,0.0,1033,pause,NA,NA,NA,NA,0.0,0,-41.92,-37.6,[],0,0,[],[]
34610310,34611420,NA,MAF,0.0,1033,pause,NA,NA,NA,NA,0.0,0,-40.53,-29.5,[],0,0,[],[]
34611420,34616300,NA,OLN,0.0,1033,pause,NA,NA,NA,NA,0.0,0,-32.43,-20.29,[],0,0,[],[]
34616300,34617100,NA,NOF,0.0,1033,pause,NA,NA,NA,NA,0.0,0,-18.0,-3.71,[],0,0,[],[]
34617100,34618220,NA,OLF,0.0,1033,pause,NA,NA,NA,NA,0.0,0,-31.39,-20.64,[],0,0,[],[]
34618220,34619990,NA,NOF,0.0,1033,pause,NA,NA,NA,NA,0.0,0,-30.71,-25.79,[],0,0,[],[]
34619990,34620810,NA,OLF,0.0,1033,pause,NA,NA,NA,NA,0.0,0,-32.61,-28.53,[],0,0,[],[]
34620810,34621610,NA,NOF,0.0,1033,pause,NA,NA,NA,NA,0.0,0,-35.02,-30.18,[],0,0,[],[]
34621610,34622710,NA,OLF,0.0,1033,pause,NA,NA,NA,NA,0.0,0,-32.07,-25.12,[],0,0,[],[]
34622710,34623550,NA,NON,0.0,1033,pause,NA,NA,NA,NA,0.0,0,-21.1,-4.43,[],0,0,[],[]
34623550,34624400,NA,OLF,0.0,1033,pause,NA,NA,NA,NA,0.0,0,-23.45,-6.13,[],0,0,[],[]
34624400,34627860,NA,NOF,0.0,1033,pause,NA,NA,NA,NA,0.0,0,-25.47,-6.56,[],0,0,[],[]
34627860,34628790,NA,OLF,0.0,1033,pause,NA,NA,NA,NA,0.0,0,-22.76,-6.43,[],0,0,[],[]
34628790,34629630,NA,NOF,0.0,1033,pause,NA,NA,NA,NA,0.0,0,-21.46,-5.93,[],0,0,[],[]
34629630,34631060,NA,OLN,0.0,1033,pause,NA,NA,NA,NA,0.0,0,-23.92,-9.27,[],0,0,[],[]
34631060,34632470,NA,NOF,0.0,1033,pause,NA,NA,NA,NA,0.0,0,-21.61,-5.26,[],0,0,[],[]
34632470,34633270,NA,SIL,0.0,1033,pause,NA,NA,NA,NA,0.0,0,-44.38,-40.57,[],0,0,[],[]
34633270,34634770,NA,NOF,0.0,1033,pause,NA,NA,NA,NA,0.0,0,-39.25,-32.25,[],0,0,[],[]
34634770,34635370,NA,CHF,0.0,1033,CM,BC,0,NT,FI,1.0,600,-37.24,-29.25,"[{'Canonical-syllable': '0', 'Growl': '1', 'High-freq-energy': '0', 'Long-island': '0', 'Low-tilt-spectrum': '1', 'Medium-island': '1', 'Short-island': '0', 'Squeal': '0', 'Typical-entropy': '1', 'Voicing-quality': '1', 'Wide-band': '0', 'Xlong-island': '0', 'seq': '1', 'end': 34635.37, 'start': 34634.77}]",0,0,[],[]
34635370,34638640,NA,NOF,0.0,1033,CM,NA,NA,NA,NA,0.0,0,-41.19,-29.57,[],0,0,[],[]
34638640,34639540,NA,OLF,0.0,1033,CM,NA,NA,NA,NA,0.0,0,-30.35,-20.98,[],0,0,[],[]
34639540,34640360,NA,NOF,0.0,1033,CM,NA,NA,NA,NA,0.0,0,-39.44,-32.98,[],0,0,[],[]
34640360,34640960,CHI,CHN,0.0,1033,CM,EC,0,NT,FH,1.0,470,-22.1,-13.35,"[{'Canonical-syllable': '0', 'Growl': '1', 'High-freq-energy': '0', 'Long-island': '0', 'Low-tilt-spectrum': '0', 'Medium-island': '1', 'Short-island': '0', 'Squeal': '0', 'Typical-entropy': '1', 'Voicing-quality': '1', 'Wide-band': '0', 'Xlong-island': '0', 'seq': '1', 'end': 34640.83, 'start': 34640.36}]",0,0,[],[]
34640960,34641920,NA,NOF,0.0,1034,pause,NA,NA,NA,NA,0.0,0,-39.89,-24.92,[],0,0,[],[]
34641920,34642870,NA,OLF,0.0,1034,pause,NA,NA,NA,NA,0.0,0,-18.26,-4.05,[],0,0,[],[]
34642870,34649820,NA,NOF,0.0,1034,pause,NA,NA,NA,NA,0.0,0,-35.03,-21.59,[],0,0,[],[]
34649820,34652980,NA,OLF,0.0,1034,pause,NA,NA,NA,NA,0.0,0,-39.45,-30.35,[],0,0,[],[]
34652980,34653910,NA,SIL,0.0,1034,pause,NA,NA,NA,NA,0.0,0,-38.91,-34.5,[],0,0,[],[]
34653910,34654750,NA,NOF,0.0,1034,pause,NA,NA,NA,NA,0.0,0,-38.24,-31.59,[],0,0,[],[]
34654750,34656950,NA,SIL,0.0,1034,pause,NA,NA,NA,NA,0.0,0,-39.46,-34.09,[],0,0,[],[]
34656950,34658410,NA,MAF,0.0,1034,pause,NA,NA,NA,NA,0.0,0,-39.76,-35.51,[],0,0,[],[]
34658410,34660540,NA,SIL,0.0,1034,pause,NA,NA,NA,NA,0.0,0,-41.0,-35.97,[],0,0,[],[]
34660540,34661460,NA,MAF,0.0,1034,pause,NA,NA,NA,NA,0.0,0,-41.13,-36.77,[],0,0,[],[]
34661460,34662500,NA,SIL,0.0,1034,pause,NA,NA,NA,NA,0.0,0,-40.95,-36.62,[],0,0,[],[]
34662500,34663320,NA,MAF,0.0,1034,pause,NA,NA,NA,NA,0.0,0,-41.17,-37.26,[],0,0,[],[]
34663320,34666860,NA,SIL,0.0,1034,pause,NA,NA,NA,NA,0.0,0,-41.45,-35.34,[],0,0,[],[]
34666860,34667870,NA,TVF,0.0,1034,pause,NA,NA,NA,NA,0.0,0,-39.04,-33.85,[],0,0,[],[]
34667870,34668760,NA,FAF,0.0,1034,pause,NA,NA,NA,NA,0.0,0,-39.02,-27.36,[],0,0,[],[]
34668760,34675220,NA,SIL,0.0,1034,pause,NA,NA,NA,NA,0.0,0,-38.35,-32.66,[],0,0,[],[]
34675220,34676030,NA,OLF,0.0,1034,pause,NA,NA,NA,NA,0.0,0,-38.5,-34.03,[],0,0,[],[]
34676030,34677030,NA,TVF,0.0,1034,pause,NA,NA,NA,NA,0.0,0,-38.22,-34.33,[],0,0,[],[]
34677030,34683620,NA,SIL,0.0,1034,pause,NA,NA,NA,NA,0.0,0,-37.48,-28.17,[],0,0,[],[]
34683620,34689620,NA,NOF,0.0,1034,pause,NA,NA,NA,NA,0.0,0,-35.54,-20.41,[],0,0,[],[]
34689620,34690770,NA,OLF,0.0,1034,pause,NA,NA,NA,NA,0.0,0,-30.48,-16.71,[],0,0,[],[]
34690770,34691810,NA,NOF,0.0,1034,pause,NA,NA,NA,NA,0.0,0,-37.12,-28.97,[],0,0,[],[]
34691810,34693640,NA,SIL,0.0,1034,pause,NA,NA,NA,NA,0.0,0,-41.66,-36.26,[],0,0,[],[]
34693640,34694470,NA,NOF,0.0,1034,pause,NA,NA,NA,NA,0.0,0,-39.41,-35.62,[],0,0,[],[]
34694470,34697160,NA,SIL,0.0,1034,pause,NA,NA,NA,NA,0.0,0,-41.93,-34.71,[],0,0,[],[]
34697160,34698610,NA,NOF,0.0,1034,pause,NA,NA,NA,NA,0.0,0,-38.19,-28.34,[],0,0,[],[]
34698610,34699600,NA,SIL,0.0,1034,pause,NA,NA,NA,NA,0.0,0,-28.32,-17.67,[],0,0,[],[]
34699600,34701470,NA,OLF,0.0,1034,pause,NA,NA,NA,NA,0.0,0,-30.64,-20.2,[],0,0,[],[]
34701470,34703300,NA,SIL,0.0,1034,pause,NA,NA,NA,NA,0.0,0,-41.26,-33.7,[],0,0,[],[]
34703300,34707540,NA,NOF,0.0,1034,pause,NA,NA,NA,NA,0.0,0,-32.95,-16.82,[],0,0,[],[]
34707540,34711770,NA,SIL,0.0,1034,pause,NA,NA,NA,NA,0.0,0,-35.48,-20.59,[],0,0,[],[]
34711770,34712590,NA,MAF,0.0,1034,pause,NA,NA,NA,NA,0.0,0,-27.06,-17.39,[],0,0,[],[]
34712590,34713600,NA,SIL,0.0,1034,pause,NA,NA,NA,NA,0.0,0,-42.12,-37.06,[],0,0,[],[]
34713600,34716080,NA,NOF,0.0,1034,pause,NA,NA,NA,NA,0.0,0,-38.22,-29.09,[],0,0,[],[]
34716080,34719910,NA,SIL,0.0,1034,pause,NA,NA,NA,NA,0.0,0,-36.72,-22.44,[],0,0,[],[]
34719910,34722920,NA,MAF,0.0,1034,pause,NA,NA,NA,NA,0.0,0,-39.35,-24.8,[],0,0,[],[]
34722920,34724020,NA,SIL,0.0,1034,pause,NA,NA,NA,NA,0.0,0,-42.65,-37.21,[],0,0,[],[]
34724020,34724820,NA,NOF,0.0,1034,pause,NA,NA,NA,NA,0.0,0,-42.37,-38.22,[],0,0,[],[]
34724820,34730380,NA,SIL,0.0,1034,pause,NA,NA,NA,NA,0.0,0,-41.56,-28.99,[],0,0,[],[]
34730380,34731570,NA,NOF,0.0,1034,pause,NA,NA,NA,NA,0.0,0,-41.48,-30.93,[],0,0,[],[]
34731570,34732380,NA,SIL,0.0,1034,pause,NA,NA,NA,NA,0.0,0,-41.57,-31.03,[],0,0,[],[]
34732380,34734810,NA,MAF,0.0,1034,pause,NA,NA,NA,NA,0.0,0,-38.6,-27.22,[],0,0,[],[]
34734810,34735760,OCH,CXN,0.0,1034,XIOCC,BC,0,NT,FI,0.0,0,-25.3,-19.41,[],0,0,[],[]
34735760,34736820,CHI,CHN,0.0,1034,XIOCC,EC,0,NT,FI,1.0,680,-26.85,-20.36,"[{'Canonical-syllable': '0', 'Growl': '0', 'High-freq-energy': '0', 'Long-island': '1', 'Low-tilt-spectrum': '0', 'Medium-island': '0', 'Short-island': '0', 'Squeal': '0', 'Typical-entropy': '1', 'Voicing-quality': '1', 'Wide-band': '0', 'Xlong-island': '0', 'seq': '1', 'end': 34736.44, 'start': 34735.76}]",0,0,[],[]
34736820,34737860,NA,NOF,0.0,1035,pause,NA,NA,NA,NA,0.0,0,-38.92,-29.86,[],0,0,[],[]
34737860,34738660,NA,SIL,0.0,1035,pause,NA,NA,NA,NA,0.0,0,-33.41,-25.92,[],0,0,[],[]
34738660,34739760,NA,NOF,0.0,1035,pause,NA,NA,NA,NA,0.0,0,-36.4,-25.22,[],0,0,[],[]
34739760,34740770,NA,FAF,0.0,1035,pause,NA,NA,NA,NA,0.0,0,-38.13,-28.15,[],0,0,[],[]
34740770,34742350,NA,NOF,0.0,1035,pause,NA,NA,NA,NA,0.0,0,-38.85,-26.28,[],0,0,[],[]
34742350,34743150,NA,SIL,0.0,1035,pause,NA,NA,NA,NA,0.0,0,-42.29,-37.69,[],0,0,[],[]
34743150,34744290,NA,OLF,0.0,1035,pause,NA,NA,NA,NA,0.0,0,-36.92,-30.27,[],0,0,[],[]
34744290,34745600,NA,NOF,0.0,1035,pause,NA,NA,NA,NA,0.0,0,-41.12,-30.38,[],0,0,[],[]
34745600,34746400,NA,OLF,0.0,1035,pause,NA,NA,NA,NA,0.0,0,-41.45,-36.01,[],0,0,[],[]
34746400,34747840,NA,NOF,0.0,1035,pause,NA,NA,NA,NA,0.0,0,-40.05,-33.12,[],0,0,[],[]
34747840,34748780,NA,OLF,0.0,1035,pause,NA,NA,NA,NA,0.0,0,-31.2,-16.23,[],0,0,[],[]
34748780,34751490,NA,NOF,0.0,1035,pause,NA,NA,NA,NA,0.0,0,-22.18,-4.09,[],0,0,[],[]
34751490,34753070,NA,OLN,0.0,1035,pause,NA,NA,NA,NA,0.0,0,-13.18,-2.05,[],0,0,[],[]
34753070,34754690,CHI,CHN,0.0,1035,pause,NA,NA,NA,NA,0.0,0,-19.73,-10.54,[],0,1620,"[{'start': 34753.07, 'end': 34754.69}]",[]
34754690,34755490,NA,OLF,0.0,1035,pause,NA,NA,NA,NA,0.0,0,-33.14,-26.72,[],0,0,[],[]
34755490,34759640,NA,NOF,0.0,1035,pause,NA,NA,NA,NA,0.0,0,-36.94,-22.98,[],0,0,[],[]
34759640,34760490,CHI,CHN,0.0,1035,pause,NA,NA,NA,NA,0.0,0,-17.94,-10.93,[],0,390,"[{'start': 34760.1, 'end': 34760.49}]",[]
34760490,34761630,NA,OLN,0.0,1035,pause,NA,NA,NA,NA,0.0,0,-26.16,-14.59,[],0,0,[],[]
34761630,34763860,CHI,CHN,0.0,1035,pause,NA,NA,NA,NA,0.0,0,-14.53,-5.89,[],0,2020,"[{'start': 34761.63, 'end': 34762.22}, {'start': 34762.43, 'end': 34763.86}]",[]
34763860,34765600,NA,NOF,0.0,1035,pause,NA,NA,NA,NA,0.0,0,-30.72,-15.28,[],0,0,[],[]
34765600,34766710,NA,MAF,0.0,1035,pause,NA,NA,NA,NA,0.0,0,-34.25,-22.72,[],0,0,[],[]
34766710,34767720,NA,NOF,0.0,1035,pause,NA,NA,NA,NA,0.0,0,-17.53,-3.39,[],0,0,[],[]
34767720,34768530,NA,SIL,0.0,1035,pause,NA,NA,NA,NA,0.0,0,-41.04,-35.34,[],0,0,[],[]
34768530,34776630,NA,NOF,0.0,1035,pause,NA,NA,NA,NA,0.0,0,-24.92,-2.52,[],0,0,[],[]
34776630,34779060,CHI,CHN,0.0,1035,CIC,BC,0,NT,FI,4.0,1760,-20.81,-9.42,"[{'Canonical-syllable': '0', 'Growl': '1', 'High-freq-energy': '0', 'Long-island': '0', 'Low-tilt-spectrum': '1', 'Medium-island': '0', 'Short-island': '1', 'Squeal': '0', 'Typical-entropy': '1', 'Voicing-quality': '1', 'Wide-band': '0', 'Xlong-island': '0', 'seq': '1', 'end': 34777.03, 'start': 34776.63}, {'Canonical-syllable': '1', 'Growl': '0', 'High-freq-energy': '0', 'Long-island': '0', 'Low-tilt-spectrum': '0', 'Medium-island': '0', 'Short-island': '1', 'Squeal': '0', 'Typical-entropy': '1', 'Voicing-quality': '1', 'Wide-band': '0', 'Xlong-island': '0', 'seq': '2', 'end': 34777.52, 'start': 34777.37}, {'Canonical-syllable': '0', 'Growl': '1', 'High-freq-energy': '1', 'Long-island': '0', 'Low-tilt-spectrum': '2', 'Medium-island': '1', 'Short-island': '1', 'Squeal': '0', 'Typical-entropy': '2', 'Voicing-quality': '2', 'Wide-band': '0', 'Xlong-island': '0', 'seq': '3', 'end': 34778.36, 'start': 34777.82}, {'Canonical-syllable': '0', 'Growl': '0', 'High-freq-energy': '0', 'Long-island': '0', 'Low-tilt-spectrum': '0', 'Medium-island': '1', 'Short-island': '0', 'Squeal': '0', 'Typical-entropy': '1', 'Voicing-quality': '1', 'Wide-band': '0', 'Xlong-island': '0', 'seq': '4', 'end': 34779.06, 'start': 34778.69}]",0,0,[],[]
34779060,34779960,NA,OLF,0.0,1035,CIC,NA,NA,NA,NA,0.0,0,-40.46,-27.92,[],0,0,[],[]
34779960,34781120,CHI,CHN,0.0,1035,CIC,RC,0,NT,FH,2.0,840,-24.92,-17.88,"[{'Canonical-syllable': '0', 'Growl': '1', 'High-freq-energy': '0', 'Long-island': '0', 'Low-tilt-spectrum': '0', 'Medium-island': '1', 'Short-island': '0', 'Squeal': '0', 'Typical-entropy': '1', 'Voicing-quality': '1', 'Wide-band': '0', 'Xlong-island': '0', 'seq': '1', 'end': 34780.43, 'start': 34779.96}, {'Canonical-syllable': '1', 'Growl': '0', 'High-freq-energy': '0', 'Long-island': '0', 'Low-tilt-spectrum': '0', 'Medium-island': '1', 'Short-island': '0', 'Squeal': '0', 'Typical-entropy': '0', 'Voicing-quality': '1', 'Wide-band': '0', 'Xlong-island': '0', 'seq': '2', 'end': 34781.12, 'start': 34780.75}]",0,0,[],[]
34781120,34781980,NA,NOF,0.0,1035,CIC,NA,NA,NA,NA,0.0,0,-42.85,-33.52,[],0,0,[],[]
34781980,34783180,CHI,CHN,0.0,1035,CIC,RC,0,NT,FH,1.0,1200,-28.66,-21.48,"[{'Canonical-syllable': '2', 'Growl': '0', 'High-freq-energy': '0', 'Long-island': '0', 'Low-tilt-spectrum': '1', 'Medium-island': '2', 'Short-island': '0', 'Squeal': '0', 'Typical-entropy': '2', 'Voicing-quality': '2', 'Wide-band': '0', 'Xlong-island': '0', 'seq': '1', 'end': 34783.18, 'start': 34781.98}]",0,0,[],[]
34783180,34784900,NA,NOF,0.0,1035,CIC,NA,NA,NA,NA,0.0,0,-40.52,-29.86,[],0,0,[],[]
34784900,34786030,OCH,CXN,0.0,1035,CIC,RC,0,NT,FI,0.0,0,-32.44,-23.89,[],0,0,[],[]
34786030,34787030,OCH,CXN,0.0,1035,CIC,RC,0,NT,FH,0.0,0,-30.1,-20.99,[],0,0,[],[]
34787030,34787830,OCH,CXN,0.0,1035,CIC,RC,0,NT,FH,0.0,0,-27.51,-20.7,[],0,0,[],[]
34787830,34789670,NA,NOF,0.0,1035,CIC,NA,NA,NA,NA,0.0,0,-39.51,-31.86,[],0,0,[],[]
34789670,34790490,NA,OLN,0.0,1035,CIC,NA,NA,NA,NA,0.0,0,-31.04,-23.76,[],0,0,[],[]
34790490,34791910,MAL,MAN,5.63,1035,CIC,RC,0,TIMI,FI,0.0,0,-34.13,-26.97,[],0,0,[],[]
34791910,34793490,NA,NOF,0.0,1035,CIC,NA,NA,NA,NA,0.0,0,-39.75,-30.62,[],0,0,[],[]
34793490,34794180,CHI,CHN,0.0,1035,CIC,RC,1,TIMR,FI,1.0,530,-21.7,-10.68,"[{'Canonical-syllable': '1', 'Growl': '0', 'High-freq-energy': '0', 'Long-island': '0', 'Low-tilt-spectrum': '0', 'Medium-island': '1', 'Short-island': '1', 'Squeal': '0', 'Typical-entropy': '2', 'Voicing-quality': '2', 'Wide-band': '0', 'Xlong-island': '0', 'seq': '1', 'end': 34794.02, 'start': 34793.49}]",0,0,[],[]
34794180,34795030,NA,SIL,0.0,1035,CIC,NA,NA,NA,NA,0.0,0,-40.44,-33.74,[],0,0,[],[]
34795030,34796490,MAL,MAN,4.83,1035,CIC,RC,1,TIME,FI,0.0,0,-33.05,-25.72,[],0,0,[],[]
34796490,34797310,NA,FAF,0.0,1035,CIC,NA,NA,NA,NA,0.0,0,-36.82,-29.21,[],0,0,[],[]
34797310,34799000,NA,SIL,0.0,1035,CIC,NA,NA,NA,NA,0.0,0,-40.25,-33.11,[],0,0,[],[]
34799000,34799960,NA,CXF,0.0,1035,CIC,NA,NA,NA,NA,0.0,0,-36.3,-29.06,[],0,0,[],[]
34799960,34801090,MAL,MAN,6.03,1035,CIC,EC,1,NT,FH,0.0,0,-36.12,-27.69,[],0,0,[],[]
34801090,34802120,NA,FAF,0.0,1036,pause,NA,NA,NA,NA,0.0,0,-38.78,-32.05,[],0,0,[],[]
34802120,34803130,NA,SIL,0.0,1036,pause,NA,NA,NA,NA,0.0,0,-41.15,-35.0,[],0,0,[],[]
34803130,34807890,NA,NOF,0.0,1036,pause,NA,NA,NA,NA,0.0,0,-23.46,-4.12,[],0,0,[],[]
34807890,34808490,CHI,CHN,0.0,1036,CM,EC,0,NT,FI,1.0,600,-19.27,-9.83,"[{'Canonical-syllable': '0', 'Growl': '0', 'High-freq-energy': '0', 'Long-island': '0', 'Low-tilt-spectrum': '0', 'Medium-island': '0', 'Short-island': '2', 'Squeal': '0', 'Typical-entropy': '1', 'Voicing-quality': '2', 'Wide-band': '0', 'Xlong-island': '0', 'seq': '1', 'end': 34808.49, 'start': 34807.89}]",0,0,[],[]
34808490,34810020,NA,NOF,0.0,1037,pause,NA,NA,NA,NA,0.0,0,-24.26,-7.68,[],0,0,[],[]
34810020,34811140,NA,SIL,0.0,1037,pause,NA,NA,NA,NA,0.0,0,-42.77,-36.01,[],0,0,[],[]
34811140,34812100,NA,NOF,0.0,1037,pause,NA,NA,NA,NA,0.0,0,-19.12,-3.57,[],0,0,[],[]
34812100,34814100,NA,OLF,0.0,1037,pause,NA,NA,NA,NA,0.0,0,-19.34,-1.8,[],0,0,[],[]
34814100,34815610,MAL,MAN,4.17,1037,AMM,EC,0,NT,FI,0.0,0,-29.94,-12.58,[],0,0,[],[]
34815610,34817030,NA,OLN,0.0,1038,pause,NA,NA,NA,NA,0.0,0,-22.65,-7.68,[],0,0,[],[]
34817030,34818590,NA,NOF,0.0,1038,pause,NA,NA,NA,NA,0.0,0,-31.34,-13.79,[],0,0,[],[]
34818590,34820000,NA,OLF,0.0,1038,pause,NA,NA,NA,NA,0.0,0,-30.67,-10.73,[],0,0,[],[]
34820000,34823040,NA,NOF,0.0,1038,pause,NA,NA,NA,NA,0.0,0,-31.12,-11.95,[],0,0,[],[]
34823040,34823960,NA,SIL,0.0,1038,pause,NA,NA,NA,NA,0.0,0,-42.6,-34.67,[],0,0,[],[]
34823960,34824870,NA,OLF,0.0,1038,pause,NA,NA,NA,NA,0.0,0,-32.18,-17.07,[],0,0,[],[]
34824870,34825670,NA,NOF,0.0,1038,pause,NA,NA,NA,NA,0.0,0,-23.01,-6.75,[],0,0,[],[]
34825670,34826470,NA,OLF,0.0,1038,pause,NA,NA,NA,NA,0.0,0,-38.07,-26.27,[],0,0,[],[]
34826470,34828120,NA,NOF,0.0,1038,pause,NA,NA,NA,NA,0.0,0,-34.91,-21.69,[],0,0,[],[]
34828120,34829120,NA,MAF,0.0,1038,pause,NA,NA,NA,NA,0.0,0,-26.16,-19.0,[],0,0,[],[]
34829120,34835150,NA,NOF,0.0,1038,pause,NA,NA,NA,NA,0.0,0,-28.77,-4.53,[],0,0,[],[]
34835150,34835960,NA,SIL,0.0,1038,pause,NA,NA,NA,NA,0.0,0,-43.27,-33.3,[],0,0,[],[]
34835960,34847060,NA,NOF,0.0,1038,pause,NA,NA,NA,NA,0.0,0,-24.19,-3.95,[],0,0,[],[]
34847060,34848200,CHI,CHN,0.0,1038,CIC,BC,0,TIMI,FI,1.0,880,-19.74,-10.96,"[{'Canonical-syllable': '1', 'Growl': '0', 'High-freq-energy': '0', 'Long-island': '0', 'Low-tilt-spectrum': '0', 'Medium-island': '1', 'Short-island': '1', 'Squeal': '0', 'Typical-entropy': '2', 'Voicing-quality': '2', 'Wide-band': '0', 'Xlong-island': '0', 'seq': '1', 'end': 34847.94, 'start': 34847.06}]",0,0,[],[]
34848200,34849230,MAL,MAN,5.64,1038,CIC,RC,1,TIMR,FI,0.0,0,-30.39,-22.48,[],0,0,[],[]
34849230,34850460,NA,NOF,0.0,1038,CIC,NA,NA,NA,NA,0.0,0,-35.12,-26.87,[],0,0,[],[]
34850460,34851060,CHI,CHN,0.0,1038,CIC,EC,1,TIME,FI,1.0,330,-25.54,-19.79,"[{'Canonical-syllable': '1', 'Growl': '0', 'High-freq-energy': '0', 'Long-island': '0', 'Low-tilt-spectrum': '0', 'Medium-island': '1', 'Short-island': '0', 'Squeal': '0', 'Typical-entropy': '0', 'Voicing-quality': '1', 'Wide-band': '0', 'Xlong-island': '0', 'seq': '1', 'end': 34850.79, 'start': 34850.46}]",0,0,[],[]
34851060,34852110,NA,NOF,0.0,1039,pause,NA,NA,NA,NA,0.0,0,-24.27,-5.2,[],0,0,[],[]
34852110,34852910,NA,OLN,0.0,1039,pause,NA,NA,NA,NA,0.0,0,-22.17,-6.35,[],0,0,[],[]
34852910,34855490,NA,NOF,0.0,1039,pause,NA,NA,NA,NA,0.0,0,-36.83,-22.69,[],0,0,[],[]
34855490,34856300,NA,SIL,0.0,1039,pause,NA,NA,NA,NA,0.0,0,-42.1,-36.06,[],0,0,[],[]
34856300,34857360,FEM,FAN,4.55,1039,AMF,EC,0,NT,FI,0.0,0,-21.27,-3.14,[],0,0,[],[]
34857360,34860940,NA,NOF,0.0,1040,pause,NA,NA,NA,NA,0.0,0,-23.84,-5.32,[],0,0,[],[]
34860940,34861750,NA,OLN,0.0,1040,pause,NA,NA,NA,NA,0.0,0,-30.79,-21.68,[],0,0,[],[]
34861750,34867830,NA,NOF,0.0,1040,pause,NA,NA,NA,NA,0.0,0,-24.92,-4.05,[],0,0,[],[]
34867830,34868670,NA,OLF,0.0,1040,pause,NA,NA,NA,NA,0.0,0,-25.63,-10.17,[],0,0,[],[]
34868670,34871690,NA,NOF,0.0,1040,pause,NA,NA,NA,NA,0.0,0,-21.81,-3.85,[],0,0,[],[]
34871690,34872890,MAL,MAN,6.69,1040,AICM,BC,0,TIMI,FI,0.0,0,-22.14,-5.12,[],0,0,[],[]
34872890,34873950,CHI,CHN,0.0,1040,AICM,EC,1,TIMR,FI,1.0,1060,-23.39,-16.58,"[{'Canonical-syllable': '2', 'Growl': '0', 'High-freq-energy': '0', 'Long-island': '0', 'Low-tilt-spectrum': '1', 'Medium-island': '1', 'Short-island': '1', 'Squeal': '0', 'Typical-entropy': '2', 'Voicing-quality': '2', 'Wide-band': '0', 'Xlong-island': '0', 'seq': '1', 'end': 34873.95, 'start': 34873.02}]",0,0,[],[]
34873950,34874950,NA,NOF,0.0,1041,pause,NA,NA,NA,NA,0.0,0,-36.9,-28.85,[],0,0,[],[]
34874950,34875860,NA,SIL,0.0,1041,pause,NA,NA,NA,NA,0.0,0,-42.37,-31.96,[],0,0,[],[]
34875860,34876860,NA,MAF,0.0,1041,pause,NA,NA,NA,NA,0.0,0,-40.93,-35.02,[],0,0,[],[]
34876860,34879250,NA,NOF,0.0,1041,pause,NA,NA,NA,NA,0.0,0,-29.28,-7.71,[],0,0,[],[]
34879250,34880060,NA,SIL,0.0,1041,pause,NA,NA,NA,NA,0.0,0,-43.59,-38.22,[],0,0,[],[]
34880060,34881810,NA,NOF,0.0,1041,pause,NA,NA,NA,NA,0.0,0,-22.02,-6.81,[],0,0,[],[]
34881810,34882620,NA,OLF,0.0,1041,pause,NA,NA,NA,NA,0.0,0,-14.7,-2.13,[],0,0,[],[]
34882620,34884160,NA,NOF,0.0,1041,pause,NA,NA,NA,NA,0.0,0,-19.41,-4.38,[],0,0,[],[]
34884160,34885090,NA,OLF,0.0,1041,pause,NA,NA,NA,NA,0.0,0,-26.75,-12.02,[],0,0,[],[]
34885090,34886640,NA,NOF,0.0,1041,pause,NA,NA,NA,NA,0.0,0,-25.51,-7.57,[],0,0,[],[]
34886640,34887540,NA,OLF,0.0,1041,pause,NA,NA,NA,NA,0.0,0,-24.39,-7.27,[],0,0,[],[]
34887540,34889040,NA,NOF,0.0,1041,pause,NA,NA,NA,NA,0.0,0,-27.16,-8.94,[],0,0,[],[]
34889040,34890160,CHI,CHN,0.0,1041,CM,EC,0,NT,FI,1.0,1120,-21.44,-14.27,"[{'Canonical-syllable': '1', 'Growl': '0', 'High-freq-energy': '0', 'Long-island': '1', 'Low-tilt-spectrum': '1', 'Medium-island': '1', 'Short-island': '0', 'Squeal': '0', 'Typical-entropy': '1', 'Voicing-quality': '2', 'Wide-band': '0', 'Xlong-island': '0', 'seq': '1', 'end': 34890.16, 'start': 34889.04}]",0,0,[],[]
34890160,34899580,NA,NOF,0.0,1042,pause,NA,NA,NA,NA,0.0,0,-30.57,-5.03,[],0,0,[],[]
34899580,34900600,MAL,MAN,0.52,1042,AMM,EC,0,NT,FI,0.0,0,-36.98,-28.5,[],0,0,[],[]
34900600,34901970,NA,SIL,0.0,1043,pause,NA,NA,NA,NA,0.0,0,-41.29,-36.13,[],0,0,[],[]
34901970,34903160,NA,OLF,0.0,1043,pause,NA,NA,NA,NA,0.0,0,-40.02,-32.58,[],0,0,[],[]
34903160,34909720,NA,NOF,0.0,1043,pause,NA,NA,NA,NA,0.0,0,-25.11,-2.47,[],0,0,[],[]
34909720,34910830,NA,OLF,0.0,1043,pause,NA,NA,NA,NA,0.0,0,-22.33,-7.98,[],0,0,[],[]
34910830,34911940,NA,MAF,0.0,1043,pause,NA,NA,NA,NA,0.0,0,-28.89,-15.74,[],0,0,[],[]
34911940,34914910,NA,NOF,0.0,1043,pause,NA,NA,NA,NA,0.0,0,-16.76,-3.88,[],0,0,[],[]
34914910,34915850,NA,OLF,0.0,1043,pause,NA,NA,NA,NA,0.0,0,-27.86,-19.22,[],0,0,[],[]
34915850,34918130,NA,NOF,0.0,1043,pause,NA,NA,NA,NA,0.0,0,-33.37,-14.27,[],0,0,[],[]
34918130,34921300,CHI,CHN,0.0,1043,pause,NA,NA,NA,NA,0.0,0,-18.35,-8.19,[],0,2750,"[{'start': 34918.13, 'end': 34918.76}, {'start': 34919.0, 'end': 34921.12}]",[]
34921300,34927040,NA,NOF,0.0,1043,pause,NA,NA,NA,NA,0.0,0,-30.11,-6.78,[],0,0,[],[]
34927040,34927640,CHI,CHN,0.0,1043,CM,BC,0,NT,FI,1.0,460,-21.36,-16.12,"[{'Canonical-syllable': '0', 'Growl': '0', 'High-freq-energy': '0', 'Long-island': '0', 'Low-tilt-spectrum': '0', 'Medium-island': '1', 'Short-island': '0', 'Squeal': '0', 'Typical-entropy': '1', 'Voicing-quality': '1', 'Wide-band': '1', 'Xlong-island': '0', 'seq': '1', 'end': 34927.5, 'start': 34927.04}]",0,0,[],[]
34927640,34930150,NA,NOF,0.0,1043,CM,NA,NA,NA,NA,0.0,0,-20.92,-4.48,[],0,0,[],[]
34930150,34931530,CHI,CHN,0.0,1043,CM,EC,0,NT,FH,1.0,1380,-19.19,-10.9,"[{'Canonical-syllable': '0', 'Growl': '0', 'High-freq-energy': '0', 'Long-island': '1', 'Low-tilt-spectrum': '0', 'Medium-island': '0', 'Short-island': '0', 'Squeal': '0', 'Typical-entropy': '1', 'Voicing-quality': '3', 'Wide-band': '0', 'Xlong-island': '0', 'seq': '1', 'end': 34931.53, 'start': 34930.15}]",0,0,[],[]
34931530,34933740,NA,NOF,0.0,1044,pause,NA,NA,NA,NA,0.0,0,-37.81,-24.68,[],0,0,[],[]
34933740,34934740,NA,FAF,0.0,1044,pause,NA,NA,NA,NA,0.0,0,-41.97,-35.02,[],0,0,[],[]
34934740,34935580,NA,SIL,0.0,1044,pause,NA,NA,NA,NA,0.0,0,-43.44,-39.06,[],0,0,[],[]
34935580,34936430,NA,NOF,0.0,1044,pause,NA,NA,NA,NA,0.0,0,-43.71,-37.98,[],0,0,[],[]
34936430,34937270,NA,SIL,0.0,1044,pause,NA,NA,NA,NA,0.0,0,-43.71,-38.54,[],0,0,[],[]
34937270,34940650,NA,NOF,0.0,1044,pause,NA,NA,NA,NA,0.0,0,-40.71,-25.37,[],0,0,[],[]
34940650,34941450,NA,SIL,0.0,1044,pause,NA,NA,NA,NA,0.0,0,-44.02,-40.4,[],0,0,[],[]
34941450,34942250,NA,NOF,0.0,1044,pause,NA,NA,NA,NA,0.0,0,-40.64,-36.37,[],0,0,[],[]
34942250,34943190,NA,SIL,0.0,1044,pause,NA,NA,NA,NA,0.0,0,-43.21,-35.06,[],0,0,[],[]
34943190,34949490,NA,NOF,0.0,1044,pause,NA,NA,NA,NA,0.0,0,-26.74,-6.64,[],0,0,[],[]
34949490,34950090,FEM,FAN,0.0,1044,pause,NA,NA,NA,NA,0.0,0,-23.22,-19.65,[],600,0,[],[]
34950090,34953830,NA,NOF,0.0,1044,pause,NA,NA,NA,NA,0.0,0,-25.41,-5.15,[],0,0,[],[]
34953830,34955870,CHI,CHN,0.0,1044,CM,EC,0,NT,FI,1.0,1900,-16.84,-7.4,"[{'Canonical-syllable': '0', 'Growl': '0', 'High-freq-energy': '0', 'Long-island': '0', 'Low-tilt-spectrum': '1', 'Medium-island': '3', 'Short-island': '1', 'Squeal': '0', 'Typical-entropy': '3', 'Voicing-quality': '4', 'Wide-band': '0', 'Xlong-island': '0', 'seq': '1', 'end': 34955.73, 'start': 34953.83}]",0,0,[],[]
34955870,34956750,NA,NOF,0.0,1045,pause,NA,NA,NA,NA,0.0,0,-38.32,-22.64,[],0,0,[],[]
34956750,34957550,NA,OLN,0.0,1045,pause,NA,NA,NA,NA,0.0,0,-33.63,-24.99,[],0,0,[],[]
34957550,34958730,NA,NOF,0.0,1045,pause,NA,NA,NA,NA,0.0,0,-38.91,-21.36,[],0,0,[],[]
34958730,34960020,NA,OLN,0.0,1045,pause,NA,NA,NA,NA,0.0,0,-31.23,-24.22,[],0,0,[],[]
34960020,34963640,NA,NOF,0.0,1045,pause,NA,NA,NA,NA,0.0,0,-37.45,-22.77,[],0,0,[],[]
34963640,34964240,NA,OLN,0.0,1045,pause,NA,NA,NA,NA,0.0,0,-28.67,-19.08,[],0,0,[],[]
34964240,34967060,NA,NOF,0.0,1045,pause,NA,NA,NA,NA,0.0,0,-33.03,-11.29,[],0,0,[],[]
34967060,34967910,NA,OLN,0.0,1045,pause,NA,NA,NA,NA,0.0,0,-18.27,-6.02,[],0,0,[],[]
34967910,34970020,NA,NOF,0.0,1045,pause,NA,NA,NA,NA,0.0,0,-20.15,-4.0,[],0,0,[],[]
34970020,34970820,NA,SIL,0.0,1045,pause,NA,NA,NA,NA,0.0,0,-41.62,-34.57,[],0,0,[],[]
34970820,34971470,CHI,CHN,0.0,1045,CM,EC,0,NT,FI,1.0,650,-21.15,-13.59,"[{'Canonical-syllable': '1', 'Growl': '0', 'High-freq-energy': '0', 'Long-island': '0', 'Low-tilt-spectrum': '1', 'Medium-island': '0', 'Short-island': '2', 'Squeal': '0', 'Typical-entropy': '0', 'Voicing-quality': '2', 'Wide-band': '0', 'Xlong-island': '0', 'seq': '1', 'end': 34971.47, 'start': 34970.82}]",0,0,[],[]
34971470,34973680,NA,NOF,0.0,1046,pause,NA,NA,NA,NA,0.0,0,-39.18,-31.17,[],0,0,[],[]
34973680,34974730,CHI,CHN,0.0,1046,pause,NA,NA,NA,NA,0.0,0,-18.13,-9.22,[],0,410,"[{'start': 34973.9, 'end': 34974.31}]",[]
34974730,34975890,NA,NOF,0.0,1046,pause,NA,NA,NA,NA,0.0,0,-38.57,-26.53,[],0,0,[],[]
34975890,34976860,NA,OLF,0.0,1046,pause,NA,NA,NA,NA,0.0,0,-31.65,-20.8,[],0,0,[],[]
34976860,34977660,NA,NOF,0.0,1046,pause,NA,NA,NA,NA,0.0,0,-29.05,-19.37,[],0,0,[],[]
34977660,34978460,NA,OLF,0.0,1046,pause,NA,NA,NA,NA,0.0,0,-18.57,-2.86,[],0,0,[],[]
34978460,34983270,NA,NOF,0.0,1046,pause,NA,NA,NA,NA,0.0,0,-24.83,-6.28,[],0,0,[],[]
34983270,34989400,NA,OLF,0.0,1046,pause,NA,NA,NA,NA,0.0,0,-21.7,-4.63,[],0,0,[],[]
34989400,34990000,OCH,CXN,0.0,1046,XM,EC,0,NT,FI,0.0,0,-38.93,-31.72,[],0,0,[],[]
34990000,34991800,NA,NOF,0.0,1047,pause,NA,NA,NA,NA,0.0,0,-27.52,-9.47,[],0,0,[],[]
34991800,34994670,NA,OLF,0.0,1047,pause,NA,NA,NA,NA,0.0,0,-29.74,-13.51,[],0,0,[],[]
34994670,34996380,NA,NOF,0.0,1047,pause,NA,NA,NA,NA,0.0,0,-26.78,-6.01,[],0,0,[],[]
34996380,34996980,CHI,CHN,0.0,1047,CIOCAX,BC,0,NT,FI,1.0,350,-18.98,-10.74,"[{'Canonical-syllable': '1', 'Growl': '0', 'High-freq-energy': '0', 'Long-island': '0', 'Low-tilt-spectrum': '0', 'Medium-island': '1', 'Short-island': '0', 'Squeal': '0', 'Typical-entropy': '0', 'Voicing-quality': '1', 'Wide-band': '0', 'Xlong-island': '0', 'seq': '1', 'end': 34996.73, 'start': 34996.46}]",0,0,[],[]
34996980,34997970,NA,NOF,0.0,1047,CIOCAX,NA,NA,NA,NA,0.0,0,-40.13,-31.65,[],0,0,[],[]
34997970,34998570,CHI,CHN,0.0,1047,CIOCAX,RC,0,NT,FH,1.0,600,-17.89,-12.54,"[{'Canonical-syllable': '1', 'Growl': '0', 'High-freq-energy': '0', 'Long-island': '0', 'Low-tilt-spectrum': '0', 'Medium-island': '1', 'Short-island': '0', 'Squeal': '0', 'Typical-entropy': '0', 'Voicing-quality': '1', 'Wide-band': '0', 'Xlong-island': '0', 'seq': '1', 'end': 34998.57, 'start': 34997.97}]",0,0,[],[]
34998570,34999440,OCH,CXN,0.0,1047,CIOCAX,RC,0,NT,FI,0.0,0,-29.89,-19.89,[],0,0,[],[]
34999440,35000450,MAL,MAN,3.22,1047,CIOCAX,EC,0,NT,FI,0.0,0,-32.63,-26.88,[],0,0,[],[]
35000450,35001450,NA,NOF,0.0,1048,pause,NA,NA,NA,NA,0.0,0,-39.41,-27.64,[],0,0,[],[]
35001450,35002270,NA,OLN,0.0,1048,pause,NA,NA,NA,NA,0.0,0,-31.89,-24.4,[],0,0,[],[]
35002270,35003130,NA,NON,0.0,1048,pause,NA,NA,NA,NA,0.0,0,-23.66,-9.56,[],0,0,[],[]
35003130,35004420,NA,OLF,0.0,1048,pause,NA,NA,NA,NA,0.0,0,-23.12,-3.31,[],0,0,[],[]
35004420,35006230,NA,NOF,0.0,1048,pause,NA,NA,NA,NA,0.0,0,-26.0,-6.13,[],0,0,[],[]
35006230,35007850,CHI,CHN,0.0,1048,CIC,BC,0,TIMI,FI,1.0,1620,-17.82,-6.88,"[{'Canonical-syllable': '2', 'Growl': '0', 'High-freq-energy': '0', 'Long-island': '0', 'Low-tilt-spectrum': '0', 'Medium-island': '2', 'Short-island': '2', 'Squeal': '0', 'Typical-entropy': '1', 'Voicing-quality': '4', 'Wide-band': '0', 'Xlong-island': '0', 'seq': '1', 'end': 35007.85, 'start': 35006.23}]",0,0,[],[]
35007850,35008910,MAL,MAN,5.55,1048,CIC,RC,1,TIMR,FI,0.0,0,-35.38,-29.33,[],0,0,[],[]
35008910,35009510,FEM,FAN,4.24,1048,CIC,EC,1,NT,FI,0.0,0,-27.78,-20.56,[],0,0,[],[]
35009510,35011200,NA,NON,0.0,1049,pause,NA,NA,NA,NA,0.0,0,-28.15,-14.77,[],0,0,[],[]
35011200,35012400,NA,OLF,0.0,1049,pause,NA,NA,NA,NA,0.0,0,-22.13,-5.18,[],0,0,[],[]
35012400,35015960,NA,NOF,0.0,1049,pause,NA,NA,NA,NA,0.0,0,-25.88,-5.45,[],0,0,[],[]
35015960,35017250,CHI,CHN,0.0,1049,CM,EC,0,NT,FI,1.0,1180,-19.1,-6.46,"[{'Canonical-syllable': '0', 'Growl': '0', 'High-freq-energy': '0', 'Long-island': '0', 'Low-tilt-spectrum': '0', 'Medium-island': '1', 'Short-island': '1', 'Squeal': '0', 'Typical-entropy': '1', 'Voicing-quality': '3', 'Wide-band': '1', 'Xlong-island': '0', 'seq': '1', 'end': 35017.14, 'start': 35015.96}]",0,0,[],[]
35017250,35018790,NA,NOF,0.0,1050,pause,NA,NA,NA,NA,0.0,0,-22.28,-7.59,[],0,0,[],[]
35018790,35019660,NA,OLF,0.0,1050,pause,NA,NA,NA,NA,0.0,0,-22.55,-5.42,[],0,0,[],[]
35019660,35024780,NA,NOF,0.0,1050,pause,NA,NA,NA,NA,0.0,0,-25.81,-4.07,[],0,0,[],[]
35024780,35026280,NA,OLF,0.0,1050,pause,NA,NA,NA,NA,0.0,0,-25.28,-7.95,[],0,0,[],[]
35026280,35027440,NA,NOF,0.0,1050,pause,NA,NA,NA,NA,0.0,0,-19.85,-7.12,[],0,0,[],[]
35027440,35028470,NA,OLF,0.0,1050,pause,NA,NA,NA,NA,0.0,0,-34.87,-23.96,[],0,0,[],[]
35028470,35031150,NA,NOF,0.0,1050,pause,NA,NA,NA,NA,0.0,0,-36.4,-23.45,[],0,0,[],[]
35031150,35031960,NA,OLN,0.0,1050,pause,NA,NA,NA,NA,0.0,0,-35.89,-26.22,[],0,0,[],[]
35031960,35048610,NA,NOF,0.0,1050,pause,NA,NA,NA,NA,0.0,0,-21.19,-0.26,[],0,0,[],[]
35048610,35050040,CHI,CHN,0.0,1050,CM,BC,0,NT,FI,1.0,1430,-17.62,-10.23,"[{'Canonical-syllable': '1', 'Growl': '0', 'High-freq-energy': '1', 'Long-island': '1', 'Low-tilt-spectrum': '0', 'Medium-island': '0', 'Short-island': '2', 'Squeal': '0', 'Typical-entropy': '1', 'Voicing-quality': '3', 'Wide-band': '1', 'Xlong-island': '0', 'seq': '1', 'end': 35050.04, 'start': 35048.61}]",0,0,[],[]
35050040,35052080,NA,NOF,0.0,1050,CM,NA,NA,NA,NA,0.0,0,-19.91,-5.43,[],0,0,[],[]
35052080,35053160,CHI,CHN,0.0,1050,CM,EC,0,NT,FH,1.0,1080,-20.46,-11.64,"[{'Canonical-syllable': '1', 'Growl': '0', 'High-freq-energy': '0', 'Long-island': '0', 'Low-tilt-spectrum': '0', 'Medium-island': '2', 'Short-island': '0', 'Squeal': '0', 'Typical-entropy': '2', 'Voicing-quality': '3', 'Wide-band': '2', 'Xlong-island': '0', 'seq': '1', 'end': 35053.16, 'start': 35052.08}]",0,0,[],[]
35053160,35055700,NA,NOF,0.0,1051,pause,NA,NA,NA,NA,0.0,0,-18.73,-1.81,[],0,0,[],[]
35055700,35056500,NA,OLF,0.0,1051,pause,NA,NA,NA,NA,0.0,0,-29.05,-12.84,[],0,0,[],[]
35056500,35057300,NA,NOF,0.0,1051,pause,NA,NA,NA,NA,0.0,0,-21.53,-4.35,[],0,0,[],[]
35057300,35058100,NA,OLN,0.0,1051,pause,NA,NA,NA,NA,0.0,0,-32.83,-22.54,[],0,0,[],[]
35058100,35058900,NA,NOF,0.0,1051,pause,NA,NA,NA,NA,0.0,0,-38.66,-31.28,[],0,0,[],[]
35058900,35060230,CHI,CHN,0.0,1051,CIOCX,BC,0,NT,FI,1.0,1230,-18.25,-5.42,"[{'Canonical-syllable': '1', 'Growl': '0', 'High-freq-energy': '0', 'Long-island': '0', 'Low-tilt-spectrum': '0', 'Medium-island': '2', 'Short-island': '1', 'Squeal': '1', 'Typical-entropy': '1', 'Voicing-quality': '3', 'Wide-band': '0', 'Xlong-island': '0', 'seq': '1', 'end': 35060.13, 'start': 35058.9}]",0,0,[],[]
35060230,35061370,NA,NOF,0.0,1051,CIOCX,NA,NA,NA,NA,0.0,0,-38.82,-26.02,[],0,0,[],[]
35061370,35061970,CHI,CHN,0.0,1051,CIOCX,RC,0,NT,FH,1.0,600,-20.87,-13.93,"[{'Canonical-syllable': '0', 'Growl': '0', 'High-freq-energy': '0', 'Long-island': '0', 'Low-tilt-spectrum': '0', 'Medium-island': '1', 'Short-island': '0', 'Squeal': '0', 'Typical-entropy': '0', 'Voicing-quality': '1', 'Wide-band': '0', 'Xlong-island': '0', 'seq': '1', 'end': 35061.97, 'start': 35061.37}]",0,0,[],[]
35061970,35062770,OCH,CXN,0.0,1051,CIOCX,EC,0,NT,FI,0.0,0,-31.13,-20.31,[],0,0,[],[]
35062770,35071040,NA,NOF,0.0,1052,pause,NA,NA,NA,NA,0.0,0,-26.99,-4.26,[],0,0,[],[]
35071040,35071870,NA,OLF,0.0,1052,pause,NA,NA,NA,NA,0.0,0,-33.91,-26.42,[],0,0,[],[]
35071870,35074850,NA,NOF,0.0,1052,pause,NA,NA,NA,NA,0.0,0,-26.74,-5.73,[],0,0,[],[]
35074850,35075920,MAL,MAN,3.53,1052,AMM,EC,0,NT,FI,0.0,0,-30.2,-22.75,[],0,0,[],[]
35075920,35078510,NA,NOF,0.0,1053,pause,NA,NA,NA,NA,0.0,0,-36.96,-23.53,[],0,0,[],[]
35078510,35079130,NA,FAF,0.0,1053,pause,NA,NA,NA,NA,0.0,0,-36.17,-24.43,[],0,0,[],[]
35079130,35081840,NA,NOF,0.0,1053,pause,NA,NA,NA,NA,0.0,0,-38.29,-18.77,[],0,0,[],[]
35081840,35082640,NA,SIL,0.0,1053,pause,NA,NA,NA,NA,0.0,0,-43.8,-38.23,[],0,0,[],[]
35082640,35090250,NA,NOF,0.0,1053,pause,NA,NA,NA,NA,0.0,0,-24.42,-3.31,[],0,0,[],[]
35090250,35091250,NA,MAF,0.0,1053,pause,NA,NA,NA,NA,0.0,0,-38.05,-32.41,[],0,0,[],[]
35091250,35092050,NA,OLF,0.0,1053,pause,NA,NA,NA,NA,0.0,0,-16.89,-3.33,[],0,0,[],[]
35092050,35092890,NA,SIL,0.0,1053,pause,NA,NA,NA,NA,0.0,0,-40.88,-37.3,[],0,0,[],[]
35092890,35100170,NA,NOF,0.0,1053,pause,NA,NA,NA,NA,0.0,0,-19.7,-2.41,[],0,0,[],[]
35100170,35100770,NA,CHF,0.0,1053,pause,NA,NA,NA,NA,0.0,0,-14.23,-3.69,[],0,290,[],"[{'start': 35100.27, 'end': 35100.56}]"
35100770,35102010,NA,OLN,0.0,1053,pause,NA,NA,NA,NA,0.0,0,-22.27,-9.1,[],0,0,[],[]
35102010,35103130,NA,OLF,0.0,1053,pause,NA,NA,NA,NA,0.0,0,-27.3,-17.57,[],0,0,[],[]
35103130,35103930,NA,OLN,0.0,1053,pause,NA,NA,NA,NA,0.0,0,-29.11,-20.68,[],0,0,[],[]
35103930,35105810,NA,OLF,0.0,1053,pause,NA,NA,NA,NA,0.0,0,-33.13,-21.76,[],0,0,[],[]
35105810,35109360,NA,NOF,0.0,1053,pause,NA,NA,NA,NA,0.0,0,-34.44,-16.31,[],0,0,[],[]
35109360,35110180,NA,SIL,0.0,1053,pause,NA,NA,NA,NA,0.0,0,-33.32,-22.83,[],0,0,[],[]
35110180,35111250,NA,NOF,0.0,1053,pause,NA,NA,NA,NA,0.0,0,-19.67,-6.36,[],0,0,[],[]
35111250,35112350,NA,MAF,0.0,1053,pause,NA,NA,NA,NA,0.0,0,-21.96,-13.93,[],0,0,[],[]
35112350,35114050,NA,NOF,0.0,1053,pause,NA,NA,NA,NA,0.0,0,-28.84,-18.99,[],0,0,[],[]
35114050,35115240,NA,MAF,0.0,1053,pause,NA,NA,NA,NA,0.0,0,-25.41,-19.14,[],0,0,[],[]
35115240,35117750,NA,NOF,0.0,1053,pause,NA,NA,NA,NA,0.0,0,-26.87,-8.84,[],0,0,[],[]
35117750,35120970,NA,FAF,0.0,1053,pause,NA,NA,NA,NA,0.0,0,-37.68,-23.5,[],0,0,[],[]
35120970,35121800,NA,NOF,0.0,1053,pause,NA,NA,NA,NA,0.0,0,-39.27,-32.49,[],0,0,[],[]
35121800,35122600,NA,OLF,0.0,1053,pause,NA,NA,NA,NA,0.0,0,-22.4,-4.87,[],0,0,[],[]
35122600,35128420,NA,NOF,0.0,1053,pause,NA,NA,NA,NA,0.0,0,-25.93,-6.42,[],0,0,[],[]
35128420,35129620,MAL,MAN,4.84,1053,AMM,EC,0,NT,FI,0.0,0,-27.56,-7.91,[],0,0,[],[]
35129620,35132390,NA,NOF,0.0,1054,pause,NA,NA,NA,NA,0.0,0,-23.02,-4.75,[],0,0,[],[]
35132390,35133280,NA,OLF,0.0,1054,pause,NA,NA,NA,NA,0.0,0,-21.92,-7.5,[],0,0,[],[]
35133280,35134210,NA,NOF,0.0,1054,pause,NA,NA,NA,NA,0.0,0,-22.94,-7.12,[],0,0,[],[]
35134210,35135010,NA,OLF,0.0,1054,pause,NA,NA,NA,NA,0.0,0,-22.86,-5.02,[],0,0,[],[]
35135010,35135820,NA,NOF,0.0,1054,pause,NA,NA,NA,NA,0.0,0,-20.07,-6.05,[],0,0,[],[]
35135820,35137160,NA,OLN,0.0,1054,pause,NA,NA,NA,NA,0.0,0,-21.86,-7.18,[],0,0,[],[]
35137160,35138040,NA,NOF,0.0,1054,pause,NA,NA,NA,NA,0.0,0,-22.01,-5.04,[],0,0,[],[]
35138040,35138840,NA,SIL,0.0,1054,pause,NA,NA,NA,NA,0.0,0,-37.57,-26.31,[],0,0,[],[]
35138840,35142000,NA,NOF,0.0,1054,pause,NA,NA,NA,NA,0.0,0,-33.12,-10.79,[],0,0,[],[]
35142000,35142800,NA,OLN,0.0,1054,pause,NA,NA,NA,NA,0.0,0,-26.97,-10.3,[],0,0,[],[]
35142800,35150780,NA,NOF,0.0,1054,pause,NA,NA,NA,NA,0.0,0,-23.66,-4.35,[],0,0,[],[]
35150780,35151710,NA,SIL,0.0,1054,pause,NA,NA,NA,NA,0.0,0,-45.75,-40.46,[],0,0,[],[]
35151710,35155360,NA,NOF,0.0,1054,pause,NA,NA,NA,NA,0.0,0,-26.84,-4.46,[],0,0,[],[]
35155360,35156500,CHI,CHN,0.0,1054,CM,EC,0,NT,FI,1.0,990,-19.65,-7.06,"[{'Canonical-syllable': '1', 'Growl': '0', 'High-freq-energy': '0', 'Long-island': '0', 'Low-tilt-spectrum': '1', 'Medium-island': '1', 'Short-island': '1', 'Squeal': '0', 'Typical-entropy': '1', 'Voicing-quality': '2', 'Wide-band': '0', 'Xlong-island': '0', 'seq': '1', 'end': 35156.35, 'start': 35155.36}]",0,0,[],[]
35156500,35157300,NA,NOF,0.0,1055,pause,NA,NA,NA,NA,0.0,0,-42.47,-37.47,[],0,0,[],[]
35157300,35158360,NA,SIL,0.0,1055,pause,NA,NA,NA,NA,0.0,0,-44.8,-39.74,[],0,0,[],[]
35158360,35159270,NA,NOF,0.0,1055,pause,NA,NA,NA,NA,0.0,0,-36.17,-25.82,[],0,0,[],[]
35159270,35160160,NA,SIL,0.0,1055,pause,NA,NA,NA,NA,0.0,0,-44.82,-39.37,[],0,0,[],[]
35160160,35160960,NA,NOF,0.0,1055,pause,NA,NA,NA,NA,0.0,0,-28.67,-12.16,[],0,0,[],[]
35160960,35162170,CHI,CHN,0.0,1055,pause,NA,NA,NA,NA,0.0,0,-21.77,-13.01,[],0,1020,"[{'start': 35160.96, 'end': 35161.98}]",[]
35162170,35163300,NA,NOF,0.0,1055,pause,NA,NA,NA,NA,0.0,0,-40.71,-26.52,[],0,0,[],[]
35163300,35164100,MAL,MAN,3.83,1055,AMM,BC,0,NT,FI,0.0,0,-38.77,-31.55,[],0,0,[],[]
35164100,35167040,NA,NOF,0.0,1055,AMM,NA,NA,NA,NA,0.0,0,-28.57,-5.92,[],0,0,[],[]
35167040,35168210,FEM,FAN,5.28,1055,AMM,EC,0,NT,FI,0.0,0,-24.3,-4.7,[],0,0,[],[]
35168210,35169330,NA,OLF,0.0,1056,pause,NA,NA,NA,NA,0.0,0,-24.27,-7.05,[],0,0,[],[]
35169330,35179270,NA,NOF,0.0,1056,pause,NA,NA,NA,NA,0.0,0,-26.95,-5.35,[],0,0,[],[]
35179270,35180100,NA,OLN,0.0,1056,pause,NA,NA,NA,NA,0.0,0,-21.43,-2.99,[],0,0,[],[]
35180100,35191200,NA,NOF,0.0,1056,pause,NA,NA,NA,NA,0.0,0,-23.5,-3.51,[],0,0,[],[]
35191200,35192010,NA,OLF,0.0,1056,pause,NA,NA,NA,NA,0.0,0,-27.17,-16.6,[],0,0,[],[]
35192010,35196360,NA,NOF,0.0,1056,pause,NA,NA,NA,NA,0.0,0,-32.48,-9.49,[],0,0,[],[]
35196360,35197010,CHI,CHN,0.0,1056,CM,EC,0,NT,FI,1.0,650,-18.58,-12.37,"[{'Canonical-syllable': '0', 'Growl': '0', 'High-freq-energy': '0', 'Long-island': '0', 'Low-tilt-spectrum': '3', 'Medium-island': '0', 'Short-island': '2', 'Squeal': '0', 'Typical-entropy': '3', 'Voicing-quality': '3', 'Wide-band': '1', 'Xlong-island': '0', 'seq': '1', 'end': 35197.01, 'start': 35196.36}]",0,0,[],[]
35197010,35197810,NA,OLF,0.0,1057,pause,NA,NA,NA,NA,0.0,0,-23.72,-5.64,[],0,0,[],[]
35197810,35201440,NA,NOF,0.0,1057,pause,NA,NA,NA,NA,0.0,0,-28.98,-10.23,[],0,0,[],[]
35201440,35202900,NA,SIL,0.0,1057,pause,NA,NA,NA,NA,0.0,0,-40.61,-26.9,[],0,0,[],[]
35202900,35205720,NA,NOF,0.0,1057,pause,NA,NA,NA,NA,0.0,0,-26.31,-5.63,[],0,0,[],[]
35205720,35206330,CHI,CHN,0.0,1057,CM,EC,0,NT,FI,1.0,530,-16.18,-11.25,"[{'Canonical-syllable': '1', 'Growl': '0', 'High-freq-energy': '0', 'Long-island': '0', 'Low-tilt-spectrum': '0', 'Medium-island': '1', 'Short-island': '0', 'Squeal': '0', 'Typical-entropy': '0', 'Voicing-quality': '1', 'Wide-band': '0', 'Xlong-island': '0', 'seq': '1', 'end': 35206.25, 'start': 35205.72}]",0,0,[],[]
35206330,35207170,NA,OLF,0.0,1058,pause,NA,NA,NA,NA,0.0,0,-27.55,-15.24,[],0,0,[],[]
35207170,35213320,NA,NOF,0.0,1058,pause,NA,NA,NA,NA,0.0,0,-26.97,-7.19,[],0,0,[],[]
35213320,35214320,NA,FAF,0.0,1058,pause,NA,NA,NA,NA,0.0,0,-32.21,-25.18,[],0,0,[],[]
35214320,35217030,NA,NOF,0.0,1058,pause,NA,NA,NA,NA,0.0,0,-30.8,-12.52,[],0,0,[],[]
35217030,35217840,NA,OLN,0.0,1058,pause,NA,NA,NA,NA,0.0,0,-32.94,-23.95,[],0,0,[],[]
35217840,35223440,NA,NOF,0.0,1058,pause,NA,NA,NA,NA,0.0,0,-37.86,-24.62,[],0,0,[],[]
35223440,35224530,FEM,FAN,5.31,1058,AMF,EC,0,NT,FI,0.0,0,-31.37,-23.39,[],0,0,[],[]
35224530,35232000,NA,NOF,0.0,1059,pause,NA,NA,NA,NA,0.0,0,-26.31,-5.19,[],0,0,[],[]
35232000,35232810,NA,OLN,0.0,1059,pause,NA,NA,NA,NA,0.0,0,-20.92,-7.31,[],0,0,[],[]
35232810,35233820,MAL,MAN,2.35,1059,AMM,EC,0,NT,FI,0.0,0,-27.27,-17.04,[],0,0,[],[]
35233820,35238340,NA,NOF,0.0,1060,pause,NA,NA,NA,NA,0.0,0,-25.44,-5.4,[],0,0,[],[]
35238340,35239340,NA,TVF,0.0,1060,pause,NA,NA,NA,NA,0.0,0,-39.79,-33.84,[],0,0,[],[]
35239340,35240140,NA,OLF,0.0,1060,pause,NA,NA,NA,NA,0.0,0,-36.02,-23.03,[],0,0,[],[]
35240140,35240940,NA,OLN,0.0,1060,pause,NA,NA,NA,NA,0.0,0,-25.49,-7.81,[],0,0,[],[]
35240940,35242320,NA,NOF,0.0,1060,pause,NA,NA,NA,NA,0.0,0,-29.96,-11.2,[],0,0,[],[]
35242320,35243740,CHI,CHN,0.0,1060,CM,EC,0,NT,FI,2.0,900,-19.98,-11.29,"[{'Canonical-syllable': '0', 'Growl': '1', 'High-freq-energy': '0', 'Long-island': '0', 'Low-tilt-spectrum': '1', 'Medium-island': '0', 'Short-island': '1', 'Squeal': '0', 'Typical-entropy': '1', 'Voicing-quality': '1', 'Wide-band': '0', 'Xlong-island': '0', 'seq': '1', 'end': 35242.57, 'start': 35242.32}, {'Canonical-syllable': '0', 'Growl': '2', 'High-freq-energy': '1', 'Long-island': '0', 'Low-tilt-spectrum': '2', 'Medium-island': '0', 'Short-island': '2', 'Squeal': '0', 'Typical-entropy': '2', 'Voicing-quality': '2', 'Wide-band': '0', 'Xlong-island': '0', 'seq': '2', 'end': 35243.74, 'start': 35243.09}]",0,0,[],[]
35243740,35245530,NA,NOF,0.0,1061,pause,NA,NA,NA,NA,0.0,0,-33.7,-22.05,[],0,0,[],[]
35245530,35246330,NA,OLN,0.0,1061,pause,NA,NA,NA,NA,0.0,0,-21.79,-5.53,[],0,0,[],[]
35246330,35247210,NA,NOF,0.0,1061,pause,NA,NA,NA,NA,0.0,0,-41.16,-28.59,[],0,0,[],[]
35247210,35248420,NA,OLN,0.0,1061,pause,NA,NA,NA,NA,0.0,0,-34.39,-24.77,[],0,0,[],[]
35248420,35249320,NA,SIL,0.0,1061,pause,NA,NA,NA,NA,0.0,0,-41.29,-33.9,[],0,0,[],[]
35249320,35250330,NA,MAF,0.0,1061,pause,NA,NA,NA,NA,0.0,0,-36.42,-27.56,[],0,0,[],[]
35250330,35252830,NA,NOF,0.0,1061,pause,NA,NA,NA,NA,0.0,0,-32.32,-9.69,[],0,0,[],[]
35252830,35253840,NA,SIL,0.0,1061,pause,NA,NA,NA,NA,0.0,0,-45.56,-41.59,[],0,0,[],[]
35253840,35262130,NA,NOF,0.0,1061,pause,NA,NA,NA,NA,0.0,0,-24.49,-4.25,[],0,0,[],[]
35262130,35263160,NA,MAF,0.0,1061,pause,NA,NA,NA,NA,0.0,0,-28.83,-14.12,[],0,0,[],[]
35263160,35264160,NA,NOF,0.0,1061,pause,NA,NA,NA,NA,0.0,0,-24.38,-8.34,[],0,0,[],[]
35264160,35265020,NA,OLN,0.0,1061,pause,NA,NA,NA,NA,0.0,0,-22.75,-5.96,[],0,0,[],[]
35265020,35267690,MAL,MAN,10.65,1061,AICM,BC,0,NT,FI,0.0,0,-22.86,-4.57,[],0,0,[],[]
35267690,35268690,NA,NOF,0.0,1061,AICM,NA,NA,NA,NA,0.0,0,-21.06,-3.87,[],0,0,[],[]
35268690,35269690,FEM,FAN,4.42,1061,AICM,RC,0,NT,FI,0.0,0,-24.02,-7.01,[],0,0,[],[]
35269690,35270490,NA,OLF,0.0,1061,AICM,NA,NA,NA,NA,0.0,0,-23.79,-7.16,[],0,0,[],[]
35270490,35271490,MAL,MAN,7.08,1061,AICM,RC,0,NT,FI,0.0,0,-23.32,-5.29,[],0,0,[],[]
35271490,35272990,NA,NOF,0.0,1061,AICM,NA,NA,NA,NA,0.0,0,-23.52,-4.76,[],0,0,[],[]
35272990,35273990,MAL,MAN,4.08,1061,AICM,RC,0,TIMI,FH,0.0,0,-34.7,-27.25,[],0,0,[],[]
35273990,35274790,NA,OLF,0.0,1061,AICM,NA,NA,NA,NA,0.0,0,-37.4,-28.16,[],0,0,[],[]
35274790,35276270,NA,NOF,0.0,1061,AICM,NA,NA,NA,NA,0.0,0,-31.15,-12.86,[],0,0,[],[]
35276270,35277040,CHI,CHN,0.0,1061,AICM,RC,1,TIMR,FI,1.0,700,-24.42,-16.4,"[{'Canonical-syllable': '0', 'Growl': '3', 'High-freq-energy': '0', 'Long-island': '0', 'Low-tilt-spectrum': '2', 'Medium-island': '0', 'Short-island': '2', 'Squeal': '0', 'Typical-entropy': '3', 'Voicing-quality': '3', 'Wide-band': '0', 'Xlong-island': '0', 'seq': '1', 'end': 35276.97, 'start': 35276.27}]",0,0,[],[]
35277040,35277840,NA,NOF,0.0,1061,AICM,NA,NA,NA,NA,0.0,0,-27.42,-9.3,[],0,0,[],[]
35277840,35278640,MAL,MAN,1.07,1061,AICM,RC,1,TIME,FI,0.0,0,-24.49,-9.47,[],0,0,[],[]
35278640,35279440,NA,NOF,0.0,1061,AICM,NA,NA,NA,NA,0.0,0,-24.96,-6.61,[],0,0,[],[]
35279440,35280270,NA,SIL,0.0,1061,AICM,NA,NA,NA,NA,0.0,0,-45.26,-38.68,[],0,0,[],[]
35280270,35281390,FEM,FAN,2.92,1061,AICM,EC,1,NT,FI,0.0,0,-35.43,-27.87,[],0,0,[],[]
35281390,35285640,NA,NOF,0.0,1062,pause,NA,NA,NA,NA,0.0,0,-24.79,-6.38,[],0,0,[],[]
35285640,35287300,CHI,CHN,0.0,1062,pause,NA,NA,NA,NA,0.0,0,-16.7,-5.54,[],0,1410,"[{'start': 35285.89, 'end': 35287.3}]",[]
35287300,35288210,NA,NOF,0.0,1062,pause,NA,NA,NA,NA,0.0,0,-24.76,-7.51,[],0,0,[],[]
35288210,35288820,FEM,FAN,0.0,1062,pause,NA,NA,NA,NA,0.0,0,-31.88,-27.56,[],610,0,[],[]
35288820,35289630,NA,NOF,0.0,1062,pause,NA,NA,NA,NA,0.0,0,-20.47,-5.38,[],0,0,[],[]
35289630,35290300,CHI,CHN,0.0,1062,CIC,BC,0,TIMI,FI,1.0,670,-19.76,-12.78,"[{'Canonical-syllable': '2', 'Growl': '0', 'High-freq-energy': '0', 'Long-island': '0', 'Low-tilt-spectrum': '0', 'Medium-island': '0', 'Short-island': '2', 'Squeal': '0', 'Typical-entropy': '0', 'Voicing-quality': '2', 'Wide-band': '0', 'Xlong-island': '0', 'seq': '1', 'end': 35290.3, 'start': 35289.63}]",0,0,[],[]
35290300,35292020,NA,OLF,0.0,1062,CIC,NA,NA,NA,NA,0.0,0,-24.35,-8.27,[],0,0,[],[]
35292020,35293130,MAL,MAN,2.42,1062,CIC,RC,1,TIMR,FI,0.0,0,-28.39,-22.91,[],0,0,[],[]
35293130,35294130,FEM,FAN,3.94,1062,CIC,RC,1,NT,FI,0.0,0,-25.63,-22.69,[],0,0,[],[]
35294130,35295130,MAL,MAN,2.75,1062,CIC,RC,1,NT,FI,0.0,0,-35.52,-28.83,[],0,0,[],[]
35295130,35297630,NA,SIL,0.0,1062,CIC,NA,NA,NA,NA,0.0,0,-38.81,-27.92,[],0,0,[],[]
35297630,35298440,NA,MAF,0.0,1062,CIC,NA,NA,NA,NA,0.0,0,-30.79,-20.45,[],0,0,[],[]
35298440,35299240,MAL,MAN,1.66,1062,CIC,EC,1,NT,FH,0.0,0,-30.64,-20.21,[],0,0,[],[]
35299240,35300200,NA,NOF,0.0,1063,pause,NA,NA,NA,NA,0.0,0,-23.86,-5.31,[],0,0,[],[]
35300200,35301040,CHI,CHN,0.0,1063,pause,NA,NA,NA,NA,0.0,0,-15.73,-4.33,[],0,710,"[{'start': 35300.2, 'end': 35300.91}]",[]
35301040,35302400,NA,NOF,0.0,1063,pause,NA,NA,NA,NA,0.0,0,-20.85,-4.08,[],0,0,[],[]
35302400,35303200,NA,OLF,0.0,1063,pause,NA,NA,NA,NA,0.0,0,-29.94,-12.25,[],0,0,[],[]
35303200,35306380,NA,NOF,0.0,1063,pause,NA,NA,NA,NA,0.0,0,-24.04,-5.43,[],0,0,[],[]
35306380,35307620,FEM,FAN,8.25,1063,AICF,BC,0,TIFI,FI,0.0,0,-38.15,-34.07,[],0,0,[],[]
35307620,35309850,NA,NOF,0.0,1063,AICF,NA,NA,NA,NA,0.0,0,-34.15,-18.51,[],0,0,[],[]
35309850,35310450,CHI,CHN,0.0,1063,AICF,EC,1,TIFR,FI,1.0,600,-19.22,-11.97,"[{'Canonical-syllable': '1', 'Growl': '1', 'High-freq-energy': '0', 'Long-island': '0', 'Low-tilt-spectrum': '1', 'Medium-island': '0', 'Short-island': '1', 'Squeal': '0', 'Typical-entropy': '1', 'Voicing-quality': '2', 'Wide-band': '0', 'Xlong-island': '0', 'seq': '1', 'end': 35310.45, 'start': 35310.02}]",0,0,[],[]
35310450,35313190,NA,NOF,0.0,1064,pause,NA,NA,NA,NA,0.0,0,-27.7,-5.99,[],0,0,[],[]
35313190,35314160,NA,SIL,0.0,1064,pause,NA,NA,NA,NA,0.0,0,-29.88,-17.46,[],0,0,[],[]
35314160,35317270,NA,NOF,0.0,1064,pause,NA,NA,NA,NA,0.0,0,-40.98,-31.84,[],0,0,[],[]
35317270,35318070,CHI,CHN,0.0,1064,CIC,BC,0,NT,FI,1.0,430,-33.64,-23.99,"[{'Canonical-syllable': '0', 'Growl': '1', 'High-freq-energy': '0', 'Long-island': '0', 'Low-tilt-spectrum': '0', 'Medium-island': '1', 'Short-island': '0', 'Squeal': '0', 'Typical-entropy': '1', 'Voicing-quality': '1', 'Wide-band': '0', 'Xlong-island': '0', 'seq': '1', 'end': 35317.7, 'start': 35317.27}]",0,0,[],[]
35318070,35319080,CHI,CHN,0.0,1064,CIC,RC,0,TIMI,FH,1.0,1010,-17.78,-9.55,"[{'Canonical-syllable': '1', 'Growl': '1', 'High-freq-energy': '1', 'Long-island': '0', 'Low-tilt-spectrum': '1', 'Medium-island': '1', 'Short-island': '2', 'Squeal': '0', 'Typical-entropy': '2', 'Voicing-quality': '3', 'Wide-band': '0', 'Xlong-island': '0', 'seq': '1', 'end': 35319.08, 'start': 35318.19}]",0,0,[],[]
35319080,35320080,MAL,MAN,4.27,1064,CIC,RC,1,TIMR,FI,0.0,0,-23.15,-6.13,[],0,0,[],[]
35320080,35320880,NA,OLN,0.0,1064,CIC,NA,NA,NA,NA,0.0,0,-20.66,-10.6,[],0,0,[],[]
35320880,35322040,NA,NOF,0.0,1064,CIC,NA,NA,NA,NA,0.0,0,-30.1,-15.12,[],0,0,[],[]
35322040,35323580,CHI,CHN,0.0,1064,CIC,RC,1,TIME,FI,1.0,1540,-16.43,-8.81,"[{'Canonical-syllable': '0', 'Growl': '1', 'High-freq-energy': '1', 'Long-island': '1', 'Low-tilt-spectrum': '1', 'Medium-island': '0', 'Short-island': '2', 'Squeal': '0', 'Typical-entropy': '2', 'Voicing-quality': '4', 'Wide-band': '1', 'Xlong-island': '0', 'seq': '1', 'end': 35323.58, 'start': 35322.04}]",0,0,[],[]
35323580,35324840,NA,MAF,0.0,1064,CIC,NA,NA,NA,NA,0.0,0,-24.36,-14.71,[],0,0,[],[]
35324840,35325640,NA,NOF,0.0,1064,CIC,NA,NA,NA,NA,0.0,0,-28.63,-19.6,[],0,0,[],[]
35325640,35326240,CHI,CHN,0.0,1064,CIC,NA,NA,NA,NA,0.0,0,-16.88,-9.41,[],0,410,"[{'start': 35325.64, 'end': 35326.05}]",[]
35326240,35327560,NA,OLN,0.0,1064,CIC,NA,NA,NA,NA,0.0,0,-25.78,-8.73,[],0,0,[],[]
35327560,35329010,CHI,CHN,0.0,1064,CIC,RC,1,TIFI,FH,1.0,1450,-17.41,-8.42,"[{'Canonical-syllable': '2', 'Growl': '1', 'High-freq-energy': '0', 'Long-island': '0', 'Low-tilt-spectrum': '1', 'Medium-island': '1', 'Short-island': '3', 'Squeal': '0', 'Typical-entropy': '3', 'Voicing-quality': '4', 'Wide-band': '0', 'Xlong-island': '0', 'seq': '1', 'end': 35329.01, 'start': 35327.56}]",0,0,[],[]
35329010,35330070,FEM,FAN,6.14,1064,CIC,RC,2,TIFR,FI,0.0,0,-21.66,-7.95,[],0,0,[],[]
35330070,35331070,MAL,MAN,5.03,1064,CIC,RC,2,NT,FI,0.0,0,-23.98,-7.6,[],0,0,[],[]
35331070,35332610,CHI,CHN,0.0,1064,CIC,RC,2,TIME,FI,1.0,490,-20.78,-5.92,"[{'Canonical-syllable': '0', 'Growl': '1', 'High-freq-energy': '0', 'Long-island': '0', 'Low-tilt-spectrum': '0', 'Medium-island': '1', 'Short-island': '0', 'Squeal': '0', 'Typical-entropy': '1', 'Voicing-quality': '1', 'Wide-band': '0', 'Xlong-island': '0', 'seq': '1', 'end': 35332.49, 'start': 35332.0}]",0,0,[],[]
35332610,35334860,CHI,CHN,0.0,1064,CIC,RC,2,NT,FH,2.0,1570,-16.04,-4.66,"[{'Canonical-syllable': '1', 'Growl': '1', 'High-freq-energy': '1', 'Long-island': '0', 'Low-tilt-spectrum': '3', 'Medium-island': '1', 'Short-island': '3', 'Squeal': '1', 'Typical-entropy': '4', 'Voicing-quality': '4', 'Wide-band': '0', 'Xlong-island': '0', 'seq': '1', 'end': 35333.83, 'start': 35332.61}, {'Canonical-syllable': '0', 'Growl': '0', 'High-freq-energy': '0', 'Long-island': '0', 'Low-tilt-spectrum': '0', 'Medium-island': '1', 'Short-island': '0', 'Squeal': '0', 'Typical-entropy': '0', 'Voicing-quality': '1', 'Wide-band': '0', 'Xlong-island': '0', 'seq': '2', 'end': 35334.62, 'start': 35334.27}]",0,0,[],[]
35334860,35338150,NA,NOF,0.0,1064,CIC,NA,NA,NA,NA,0.0,0,-26.21,-6.73,[],0,0,[],[]
35338150,35339150,OCH,CXN,0.0,1064,CIC,RC,2,NT,FI,0.0,0,-24.47,-7.92,[],0,0,[],[]
35339150,35339750,CHI,CHN,0.0,1064,CIC,RC,2,NT,FI,1.0,190,-23.98,-10.02,"[{'Canonical-syllable': '0', 'Growl': '0', 'High-freq-energy': '0', 'Long-island': '0', 'Low-tilt-spectrum': '0', 'Medium-island': '0', 'Short-island': '1', 'Squeal': '0', 'Typical-entropy': '0', 'Voicing-quality': '1', 'Wide-band': '0', 'Xlong-island': '0', 'seq': '1', 'end': 35339.75, 'start': 35339.56}]",0,0,[],[]
35339750,35340550,NA,OLF,0.0,1064,CIC,NA,NA,NA,NA,0.0,0,-21.32,-6.41,[],0,0,[],[]
35340550,35341580,CHI,CHN,0.0,1064,CIC,RC,2,NT,FH,1.0,460,-22.85,-14.7,"[{'Canonical-syllable': '1', 'Growl': '0', 'High-freq-energy': '0', 'Long-island': '0', 'Low-tilt-spectrum': '0', 'Medium-island': '1', 'Short-island': '0', 'Squeal': '0', 'Typical-entropy': '0', 'Voicing-quality': '1', 'Wide-band': '0', 'Xlong-island': '0', 'seq': '1', 'end': 35341.01, 'start': 35340.71}]",0,0,[],[]
35341580,35342410,CHI,CHN,0.0,1064,CIC,RC,2,NT,FH,1.0,830,-21.63,-14.73,"[{'Canonical-syllable': '0', 'Growl': '2', 'High-freq-energy': '0', 'Long-island': '0', 'Low-tilt-spectrum': '0', 'Medium-island': '1', 'Short-island': '1', 'Squeal': '0', 'Typical-entropy': '1', 'Voicing-quality': '2', 'Wide-band': '0', 'Xlong-island': '0', 'seq': '1', 'end': 35342.41, 'start': 35341.58}]",0,0,[],[]
35342410,35343210,NA,OLN,0.0,1064,CIC,NA,NA,NA,NA,0.0,0,-24.46,-9.44,[],0,0,[],[]
35343210,35345540,CHI,CHN,0.0,1064,CIC,RC,2,NT,FH,2.0,1830,-20.22,-8.07,"[{'Canonical-syllable': '0', 'Growl': '0', 'High-freq-energy': '0', 'Long-island': '0', 'Low-tilt-spectrum': '0', 'Medium-island': '1', 'Short-island': '1', 'Squeal': '0', 'Typical-entropy': '2', 'Voicing-quality': '2', 'Wide-band': '0', 'Xlong-island': '0', 'seq': '1', 'end': 35343.89, 'start': 35343.21}, {'Canonical-syllable': '0', 'Growl': '0', 'High-freq-energy': '0', 'Long-island': '0', 'Low-tilt-spectrum': '0', 'Medium-island': '0', 'Short-island': '0', 'Squeal': '0', 'Typical-entropy': '1', 'Voicing-quality': '1', 'Wide-band': '0', 'Xlong-island': '1', 'seq': '2', 'end': 35345.54, 'start': 35344.39}]",0,0,[],[]
35345540,35346340,NA,NOF,0.0,1064,CIC,NA,NA,NA,NA,0.0,0,-19.86,-7.17,[],0,0,[],[]
35346340,35346940,CHI,CHN,0.0,1064,CIC,RC,2,NT,FH,1.0,400,-24.69,-14.35,"[{'Canonical-syllable': '0', 'Growl': '2', 'High-freq-energy': '0', 'Long-island': '0', 'Low-tilt-spectrum': '2', 'Medium-island': '0', 'Short-island': '2', 'Squeal': '0', 'Typical-entropy': '2', 'Voicing-quality': '2', 'Wide-band': '0', 'Xlong-island': '0', 'seq': '1', 'end': 35346.74, 'start': 35346.34}]",0,0,[],[]
35346940,35348980,NA,NOF,0.0,1064,CIC,NA,NA,NA,NA,0.0,0,-22.36,-6.96,[],0,0,[],[]
35348980,35350250,CHI,CHN,0.0,1064,CIC,RC,2,NT,FH,2.0,690,-19.6,-12.48,"[{'Canonical-syllable': '0', 'Growl': '0', 'High-freq-energy': '0', 'Long-island': '0', 'Low-tilt-spectrum': '0', 'Medium-island': '0', 'Short-island': '1', 'Squeal': '0', 'Typical-entropy': '0', 'Voicing-quality': '1', 'Wide-band': '0', 'Xlong-island': '0', 'seq': '1', 'end': 35349.29, 'start': 35349.06}, {'Canonical-syllable': '0', 'Growl': '0', 'High-freq-energy': '0', 'Long-island': '0', 'Low-tilt-spectrum': '0', 'Medium-island': '1', 'Short-island': '0', 'Squeal': '0', 'Typical-entropy': '0', 'Voicing-quality': '1', 'Wide-band': '0', 'Xlong-island': '0', 'seq': '2', 'end': 35350.1, 'start': 35349.72}]",0,0,[],[]
35350250,35351100,CHI,CHN,0.0,1064,CIC,RC,2,TIFI,FH,1.0,850,-17.97,-8.32,"[{'Canonical-syllable': '0', 'Growl': '2', 'High-freq-energy': '0', 'Long-island': '0', 'Low-tilt-spectrum': '1', 'Medium-island': '0', 'Short-island': '3', 'Squeal': '0', 'Typical-entropy': '3', 'Voicing-quality': '3', 'Wide-band': '0', 'Xlong-island': '0', 'seq': '1', 'end': 35351.1, 'start': 35350.25}]",0,0,[],[]
35351100,35354580,NA,NOF,0.0,1064,CIC,NA,NA,NA,NA,0.0,0,-22.75,-2.04,[],0,0,[],[]
35354580,35355580,FEM,FAN,3.17,1064,CIC,RC,3,TIFR,FI,0.0,0,-30.63,-12.62,[],0,0,[],[]
35355580,35357790,NA,NOF,0.0,1064,CIC,NA,NA,NA,NA,0.0,0,-26.12,-9.3,[],0,0,[],[]
35357790,35359630,FEM,FAN,7.48,1064,CIC,RC,3,NT,FH,0.0,0,-28.61,-15.39,[],0,0,[],[]
35359630,35361230,NA,NOF,0.0,1064,CIC,NA,NA,NA,NA,0.0,0,-36.29,-21.64,[],0,0,[],[]
35361230,35362010,CHI,CHN,0.0,1064,CIC,RC,3,TIMI,FI,1.0,620,-20.65,-11.68,"[{'Canonical-syllable': '0', 'Growl': '0', 'High-freq-energy': '0', 'Long-island': '0', 'Low-tilt-spectrum': '0', 'Medium-island': '1', 'Short-island': '0', 'Squeal': '0', 'Typical-entropy': '1', 'Voicing-quality': '2', 'Wide-band': '0', 'Xlong-island': '0', 'seq': '1', 'end': 35361.85, 'start': 35361.23}]",0,0,[],[]
35362010,35363060,MAL,MAN,3.31,1064,CIC,RC,4,TIMR,FI,0.0,0,-32.52,-22.0,[],0,0,[],[]
35363060,35363900,CHI,CHN,0.0,1064,CIC,EC,4,TIME,FI,1.0,260,-23.68,-7.15,"[{'Canonical-syllable': '1', 'Growl': '0', 'High-freq-energy': '0', 'Long-island': '0', 'Low-tilt-spectrum': '0', 'Medium-island': '0', 'Short-island': '1', 'Squeal': '0', 'Typical-entropy': '1', 'Voicing-quality': '1', 'Wide-band': '0', 'Xlong-island': '0', 'seq': '1', 'end': 35363.32, 'start': 35363.2}]",0,0,[],[]
35363900,35366270,NA,NOF,0.0,1065,pause,NA,NA,NA,NA,0.0,0,-41.7,-31.31,[],0,0,[],[]
35366270,35367370,NA,SIL,0.0,1065,pause,NA,NA,NA,NA,0.0,0,-45.43,-38.08,[],0,0,[],[]
35367370,35369140,NA,NOF,0.0,1065,pause,NA,NA,NA,NA,0.0,0,-28.81,-7.15,[],0,0,[],[]
35369140,35369790,OCH,CXN,0.0,1065,XM,EC,0,NT,FI,0.0,0,-27.06,-19.79,[],0,0,[],[]
35369790,35372730,NA,NOF,0.0,1066,pause,NA,NA,NA,NA,0.0,0,-40.1,-25.88,[],0,0,[],[]
35372730,35373540,NA,SIL,0.0,1066,pause,NA,NA,NA,NA,0.0,0,-43.03,-38.54,[],0,0,[],[]
35373540,35374640,NA,NOF,0.0,1066,pause,NA,NA,NA,NA,0.0,0,-28.75,-11.55,[],0,0,[],[]
35374640,35375370,CHI,CHN,0.0,1066,pause,NA,NA,NA,NA,0.0,0,-14.87,-5.63,[],0,730,"[{'start': 35374.64, 'end': 35375.37}]",[]
35375370,35378830,NA,NOF,0.0,1066,pause,NA,NA,NA,NA,0.0,0,-26.6,-7.41,[],0,0,[],[]
35378830,35380940,CHI,CHN,0.0,1066,CM,BC,0,NT,FI,3.0,1260,-19.46,-9.58,"[{'Canonical-syllable': '0', 'Growl': '1', 'High-freq-energy': '0', 'Long-island': '0', 'Low-tilt-spectrum': '1', 'Medium-island': '0', 'Short-island': '1', 'Squeal': '0', 'Typical-entropy': '2', 'Voicing-quality': '2', 'Wide-band': '0', 'Xlong-island': '0', 'seq': '1', 'end': 35379.23, 'start': 35378.83}, {'Canonical-syllable': '1', 'Growl': '2', 'High-freq-energy': '1', 'Long-island': '0', 'Low-tilt-spectrum': '0', 'Medium-island': '0', 'Short-island': '3', 'Squeal': '0', 'Typical-entropy': '2', 'Voicing-quality': '3', 'Wide-band': '0', 'Xlong-island': '0', 'seq': '2', 'end': 35380.33, 'start': 35379.58}, {'Canonical-syllable': '0', 'Growl': '0', 'High-freq-energy': '0', 'Long-island': '0', 'Low-tilt-spectrum': '0', 'Medium-island': '0', 'Short-island': '0', 'Squeal': '0', 'Typical-entropy': '0', 'Voicing-quality': '0', 'Wide-band': '0', 'Xlong-island': '0', 'seq': '3', 'end': 35380.78, 'start': 35380.67}]",0,0,[],[]
35380940,35384870,NA,NOF,0.0,1066,CM,NA,NA,NA,NA,0.0,0,-26.89,-8.12,[],0,0,[],[]
35384870,35386350,CHI,CHN,0.0,1066,CM,RC,0,NT,FH,2.0,600,-23.7,-9.9,"[{'Canonical-syllable': '1', 'Growl': '0', 'High-freq-energy': '0', 'Long-island': '0', 'Low-tilt-spectrum': '1', 'Medium-island': '0', 'Short-island': '2', 'Squeal': '0', 'Typical-entropy': '2', 'Voicing-quality': '2', 'Wide-band': '0', 'Xlong-island': '0', 'seq': '1', 'end': 35385.34, 'start': 35384.87}, {'Canonical-syllable': '0', 'Growl': '1', 'High-freq-energy': '0', 'Long-island': '0', 'Low-tilt-spectrum': '0', 'Medium-island': '0', 'Short-island': '1', 'Squeal': '0', 'Typical-entropy': '1', 'Voicing-quality': '1', 'Wide-band': '0', 'Xlong-island': '0', 'seq': '2', 'end': 35385.95, 'start': 35385.82}]",0,0,[],[]
35386350,35387390,NA,FAF,0.0,1066,CM,NA,NA,NA,NA,0.0,0,-27.96,-11.43,[],0,0,[],[]
35387390,35388720,NA,NOF,0.0,1066,CM,NA,NA,NA,NA,0.0,0,-30.71,-11.32,[],0,0,[],[]
35388720,35391810,CHI,CHN,0.0,1066,CM,RC,0,NT,FH,1.0,3090,-18.93,-10.14,"[{'Canonical-syllable': '4', 'Growl': '2', 'High-freq-energy': '1', 'Long-island': '0', 'Low-tilt-spectrum': '1', 'Medium-island': '2', 'Short-island': '8', 'Squeal': '0', 'Typical-entropy': '5', 'Voicing-quality': '10', 'Wide-band': '0', 'Xlong-island': '0', 'seq': '1', 'end': 35391.81, 'start': 35388.72}]",0,0,[],[]
35391810,35395600,NA,NOF,0.0,1066,CM,NA,NA,NA,NA,0.0,0,-29.09,-4.41,[],0,0,[],[]
35395600,35396670,CHI,CHN,0.0,1066,CM,RC,0,NT,FH,1.0,1070,-24.12,-16.13,"[{'Canonical-syllable': '1', 'Growl': '2', 'High-freq-energy': '0', 'Long-island': '0', 'Low-tilt-spectrum': '0', 'Medium-island': '1', 'Short-island': '2', 'Squeal': '0', 'Typical-entropy': '3', 'Voicing-quality': '3', 'Wide-band': '0', 'Xlong-island': '0', 'seq': '1', 'end': 35396.67, 'start': 35395.6}]",0,0,[],[]
35396670,35398940,NA,NOF,0.0,1066,CM,NA,NA,NA,NA,0.0,0,-22.97,-4.6,[],0,0,[],[]
35398940,35400460,CHI,CHN,0.0,1066,CM,RC,0,NT,FH,1.0,1430,-26.09,-7.41,"[{'Canonical-syllable': '0', 'Growl': '4', 'High-freq-energy': '0', 'Long-island': '0', 'Low-tilt-spectrum': '0', 'Medium-island': '1', 'Short-island': '2', 'Squeal': '0', 'Typical-entropy': '4', 'Voicing-quality': '3', 'Wide-band': '0', 'Xlong-island': '0', 'seq': '1', 'end': 35400.37, 'start': 35398.94}]",0,0,[],[]
35400460,35401960,NA,NOF,0.0,1066,CM,NA,NA,NA,NA,0.0,0,-21.66,-5.13,[],0,0,[],[]
35401960,35402560,CHI,CHN,0.0,1066,CM,RC,0,NT,FH,1.0,600,-20.35,-9.93,"[{'Canonical-syllable': '1', 'Growl': '0', 'High-freq-energy': '1', 'Long-island': '0', 'Low-tilt-spectrum': '1', 'Medium-island': '0', 'Short-island': '1', 'Squeal': '0', 'Typical-entropy': '1', 'Voicing-quality': '1', 'Wide-band': '0', 'Xlong-island': '0', 'seq': '1', 'end': 35402.56, 'start': 35402.17}]",0,0,[],[]
35402560,35403360,NA,NOF,0.0,1066,CM,NA,NA,NA,NA,0.0,0,-18.22,-7.6,[],0,0,[],[]
35403360,35404320,NA,OLF,0.0,1066,CM,NA,NA,NA,NA,0.0,0,-20.87,-8.32,[],0,0,[],[]
35404320,35405180,NA,NOF,0.0,1066,CM,NA,NA,NA,NA,0.0,0,-24.86,-11.84,[],0,0,[],[]
35405180,35405840,CHI,CHN,0.0,1066,CM,RC,0,NT,FH,1.0,660,-31.57,-25.22,"[{'Canonical-syllable': '0', 'Growl': '0', 'High-freq-energy': '0', 'Long-island': '1', 'Low-tilt-spectrum': '1', 'Medium-island': '0', 'Short-island': '0', 'Squeal': '0', 'Typical-entropy': '1', 'Voicing-quality': '1', 'Wide-band': '0', 'Xlong-island': '0', 'seq': '1', 'end': 35405.84, 'start': 35405.18}]",0,0,[],[]
35405840,35406650,NA,OLF,0.0,1066,CM,NA,NA,NA,NA,0.0,0,-30.29,-14.31,[],0,0,[],[]
35406650,35408490,CHI,CHN,0.0,1066,CM,RC,0,NT,FH,2.0,1170,-22.54,-14.25,"[{'Canonical-syllable': '0', 'Growl': '1', 'High-freq-energy': '0', 'Long-island': '0', 'Low-tilt-spectrum': '0', 'Medium-island': '0', 'Short-island': '1', 'Squeal': '0', 'Typical-entropy': '1', 'Voicing-quality': '0', 'Wide-band': '0', 'Xlong-island': '0', 'seq': '1', 'end': 35406.88, 'start': 35406.76}, {'Canonical-syllable': '1', 'Growl': '0', 'High-freq-energy': '0', 'Long-island': '0', 'Low-tilt-spectrum': '0', 'Medium-island': '2', 'Short-island': '0', 'Squeal': '0', 'Typical-entropy': '1', 'Voicing-quality': '2', 'Wide-band': '0', 'Xlong-island': '0', 'seq': '2', 'end': 35408.41, 'start': 35407.47}]",0,0,[],[]
35408490,35409400,NA,OLF,0.0,1066,CM,NA,NA,NA,NA,0.0,0,-19.85,-6.06,[],0,0,[],[]
35409400,35410840,NA,NOF,0.0,1066,CM,NA,NA,NA,NA,0.0,0,-22.42,-5.53,[],0,0,[],[]
35410840,35411650,NA,OLN,0.0,1066,CM,NA,NA,NA,NA,0.0,0,-23.02,-6.43,[],0,0,[],[]
35411650,35412970,CHI,CHN,0.0,1066,CM,EC,0,NT,FH,1.0,80,-22.87,-6.43,"[{'Canonical-syllable': '0', 'Growl': '0', 'High-freq-energy': '0', 'Long-island': '0', 'Low-tilt-spectrum': '0', 'Medium-island': '0', 'Short-island': '0', 'Squeal': '0', 'Typical-entropy': '0', 'Voicing-quality': '1', 'Wide-band': '0', 'Xlong-island': '0', 'seq': '1', 'end': 35412.42, 'start': 35412.34}]",0,0,[],[]
35412970,35413840,NA,OLN,0.0,1067,pause,NA,NA,NA,NA,0.0,0,-19.91,-5.49,[],0,0,[],[]
35413840,35430650,NA,NOF,0.0,1067,pause,NA,NA,NA,NA,0.0,0,-23.84,-3.37,[],0,0,[],[]
35430650,35431650,NA,SIL,0.0,1067,pause,NA,NA,NA,NA,0.0,0,-44.86,-36.16,[],0,0,[],[]
35431650,35434010,NA,NOF,0.0,1067,pause,NA,NA,NA,NA,0.0,0,-21.04,-4.35,[],0,0,[],[]
35434010,35435010,MAL,MAN,5.23,1067,AMM,BC,0,NT,FI,0.0,0,-29.51,-21.12,[],0,0,[],[]
35435010,35436230,NA,NOF,0.0,1067,AMM,NA,NA,NA,NA,0.0,0,-24.61,-6.69,[],0,0,[],[]
35436230,35437230,MAL,MAN,5.75,1067,AMM,RC,0,NT,FH,0.0,0,-23.05,-6.37,[],0,0,[],[]
35437230,35439090,NA,NOF,0.0,1067,AMM,NA,NA,NA,NA,0.0,0,-23.07,-4.91,[],0,0,[],[]
35439090,35439890,NA,OLN,0.0,1067,AMM,NA,NA,NA,NA,0.0,0,-31.33,-21.22,[],0,0,[],[]
35439890,35441110,NA,OLF,0.0,1067,AMM,NA,NA,NA,NA,0.0,0,-31.34,-17.2,[],0,0,[],[]
35441110,35442450,MAL,MAN,4.43,1067,AMM,EC,0,NT,FH,0.0,0,-32.97,-27.31,[],0,0,[],[]
35442450,35447830,NA,NOF,0.0,1068,pause,NA,NA,NA,NA,0.0,0,-34.85,-10.68,[],0,0,[],[]
35447830,35448800,CHI,CHN,0.0,1068,CM,EC,0,NT,FI,1.0,970,-27.57,-23.12,"[{'Canonical-syllable': '0', 'Growl': '0', 'High-freq-energy': '0', 'Long-island': '0', 'Low-tilt-spectrum': '1', 'Medium-island': '2', 'Short-island': '0', 'Squeal': '0', 'Typical-entropy': '0', 'Voicing-quality': '2', 'Wide-band': '0', 'Xlong-island': '0', 'seq': '1', 'end': 35448.8, 'start': 35447.83}]",0,0,[],[]
35448800,35453280,NA,NOF,0.0,1069,pause,NA,NA,NA,NA,0.0,0,-32.11,-7.86,[],0,0,[],[]
35453280,35453880,CHI,CHN,0.0,1069,pause,NA,NA,NA,NA,0.0,0,-16.5,-6.6,[],0,490,"[{'start': 35453.28, 'end': 35453.77}]",[]
35453880,35456690,NA,OLF,0.0,1069,pause,NA,NA,NA,NA,0.0,0,-24.26,-4.19,[],0,0,[],[]
35456690,35458090,MAL,MAN,6.2,1069,AICM,BC,0,TIMI,FI,0.0,0,-25.49,-7.57,[],0,0,[],[]
35458090,35459960,NA,OLN,0.0,1069,AICM,NA,NA,NA,NA,0.0,0,-25.23,-6.31,[],0,0,[],[]
35459960,35461820,CHI,CHN,0.0,1069,AICM,RC,1,TIMR,FI,2.0,1430,-20.24,-10.33,"[{'Canonical-syllable': '1', 'Growl': '0', 'High-freq-energy': '0', 'Long-island': '0', 'Low-tilt-spectrum': '1', 'Medium-island': '1', 'Short-island': '1', 'Squeal': '0', 'Typical-entropy': '2', 'Voicing-quality': '2', 'Wide-band': '0', 'Xlong-island': '0', 'seq': '1', 'end': 35460.72, 'start': 35459.96}, {'Canonical-syllable': '0', 'Growl': '1', 'High-freq-energy': '0', 'Long-island': '0', 'Low-tilt-spectrum': '0', 'Medium-island': '1', 'Short-island': '1', 'Squeal': '0', 'Typical-entropy': '1', 'Voicing-quality': '2', 'Wide-band': '0', 'Xlong-island': '0', 'seq': '2', 'end': 35461.82, 'start': 35461.15}]",0,0,[],[]
35461820,35462620,NA,NOF,0.0,1069,AICM,NA,NA,NA,NA,0.0,0,-41.07,-30.33,[],0,0,[],[]
35462620,35463820,CHI,CHN,0.0,1069,AICM,RC,1,NT,FH,2.0,700,-25.65,-14.3,"[{'Canonical-syllable': '1', 'Growl': '0', 'High-freq-energy': '0', 'Long-island': '0', 'Low-tilt-spectrum': '1', 'Medium-island': '1', 'Short-island': '1', 'Squeal': '0', 'Typical-entropy': '2', 'Voicing-quality': '2', 'Wide-band': '0', 'Xlong-island': '0', 'seq': '1', 'end': 35463.18, 'start': 35462.62}, {'Canonical-syllable': '0', 'Growl': '1', 'High-freq-energy': '0', 'Long-island': '0', 'Low-tilt-spectrum': '0', 'Medium-island': '0', 'Short-island': '0', 'Squeal': '0', 'Typical-entropy': '1', 'Voicing-quality': '0', 'Wide-band': '1', 'Xlong-island': '0', 'seq': '2', 'end': 35463.82, 'start': 35463.68}]",0,0,[],[]
35463820,35464750,NA,NOF,0.0,1069,AICM,NA,NA,NA,NA,0.0,0,-41.3,-29.82,[],0,0,[],[]
35464750,35465530,CHI,CHN,0.0,1069,AICM,RC,1,NT,FH,1.0,300,-23.93,-13.69,"[{'Canonical-syllable': '1', 'Growl': '0', 'High-freq-energy': '1', 'Long-island': '0', 'Low-tilt-spectrum': '1', 'Medium-island': '1', 'Short-island': '0', 'Squeal': '0', 'Typical-entropy': '1', 'Voicing-quality': '1', 'Wide-band': '0', 'Xlong-island': '0', 'seq': '1', 'end': 35465.05, 'start': 35464.75}]",0,0,[],[]
35465530,35466710,MAL,MAN,4.7,1069,AICM,RC,1,TIME,FI,0.0,0,-35.97,-27.05,[],0,0,[],[]
35466710,35467860,NA,NOF,0.0,1069,AICM,NA,NA,NA,NA,0.0,0,-44.18,-34.71,[],0,0,[],[]
35467860,35469620,MAL,MAN,3.08,1069,AICM,EC,1,NT,FH,0.0,0,-36.34,-29.56,[],0,0,[],[]
35469620,35472420,NA,NOF,0.0,1070,pause,NA,NA,NA,NA,0.0,0,-38.45,-25.79,[],0,0,[],[]
35472420,35473420,NA,OLF,0.0,1070,pause,NA,NA,NA,NA,0.0,0,-31.87,-20.08,[],0,0,[],[]
35473420,35474020,NA,FAF,0.0,1070,pause,NA,NA,NA,NA,0.0,0,-38.87,-31.73,[],0,0,[],[]
35474020,35484450,NA,NOF,0.0,1070,pause,NA,NA,NA,NA,0.0,0,-39.21,-17.84,[],0,0,[],[]
35484450,35485450,FEM,FAN,4.42,1070,AICF,BC,0,TIFI,FI,0.0,0,-36.26,-31.63,[],0,0,[],[]
35485450,35486660,NA,NOF,0.0,1070,AICF,NA,NA,NA,NA,0.0,0,-43.3,-38.9,[],0,0,[],[]
35486660,35487660,NA,MAF,0.0,1070,AICF,NA,NA,NA,NA,0.0,0,-39.73,-33.11,[],0,0,[],[]
35487660,35488630,NA,NOF,0.0,1070,AICF,NA,NA,NA,NA,0.0,0,-41.73,-36.78,[],0,0,[],[]
35488630,35489780,CHI,CHN,0.0,1070,AICF,RC,1,TIFR,FI,1.0,1150,-21.18,-16.01,"[{'Canonical-syllable': '0', 'Growl': '1', 'High-freq-energy': '0', 'Long-island': '0', 'Low-tilt-spectrum': '1', 'Medium-island': '1', 'Short-island': '1', 'Squeal': '0', 'Typical-entropy': '2', 'Voicing-quality': '3', 'Wide-band': '1', 'Xlong-island': '0', 'seq': '1', 'end': 35489.78, 'start': 35488.63}]",0,0,[],[]
35489780,35491110,NA,NOF,0.0,1070,AICF,NA,NA,NA,NA,0.0,0,-35.25,-19.84,[],0,0,[],[]
35491110,35491910,NA,OLF,0.0,1070,AICF,NA,NA,NA,NA,0.0,0,-34.75,-30.56,[],0,0,[],[]
35491910,35492720,NA,NOF,0.0,1070,AICF,NA,NA,NA,NA,0.0,0,-35.43,-26.8,[],0,0,[],[]
35492720,35494240,NA,OLN,0.0,1070,AICF,NA,NA,NA,NA,0.0,0,-20.21,-7.75,[],0,0,[],[]
35494240,35494910,CHI,CHN,0.0,1070,AICF,EC,1,NT,FH,1.0,420,-16.83,-10.08,"[{'Canonical-syllable': '0', 'Growl': '0', 'High-freq-energy': '0', 'Long-island': '0', 'Low-tilt-spectrum': '0', 'Medium-island': '1', 'Short-island': '0', 'Squeal': '0', 'Typical-entropy': '1', 'Voicing-quality': '1', 'Wide-band': '0', 'Xlong-island': '0', 'seq': '1', 'end': 35494.66, 'start': 35494.24}]",0,0,[],[]
35494910,35505040,NA,NOF,0.0,1071,pause,NA,NA,NA,NA,0.0,0,-23.89,-2.21,[],0,0,[],[]
35505040,35506060,NA,FAF,0.0,1071,pause,NA,NA,NA,NA,0.0,0,-39.72,-33.71,[],0,0,[],[]
35506060,35507340,NA,NOF,0.0,1071,pause,NA,NA,NA,NA,0.0,0,-43.29,-33.61,[],0,0,[],[]
35507340,35508140,NA,SIL,0.0,1071,pause,NA,NA,NA,NA,0.0,0,-44.26,-39.69,[],0,0,[],[]
35508140,35510970,NA,NOF,0.0,1071,pause,NA,NA,NA,NA,0.0,0,-35.25,-12.34,[],0,0,[],[]
35510970,35511970,NA,MAF,0.0,1071,pause,NA,NA,NA,NA,0.0,0,-23.15,-6.52,[],0,0,[],[]
35511970,35512780,NA,OLN,0.0,1071,pause,NA,NA,NA,NA,0.0,0,-28.68,-13.38,[],0,0,[],[]
35512780,35517510,NA,NOF,0.0,1071,pause,NA,NA,NA,NA,0.0,0,-33.71,-15.1,[],0,0,[],[]
35517510,35518490,NA,OLF,0.0,1071,pause,NA,NA,NA,NA,0.0,0,-32.14,-15.34,[],0,0,[],[]
35518490,35525240,NA,NOF,0.0,1071,pause,NA,NA,NA,NA,0.0,0,-30.51,-6.77,[],0,0,[],[]
35525240,35526040,NA,SIL,0.0,1071,pause,NA,NA,NA,NA,0.0,0,-42.47,-37.59,[],0,0,[],[]
35526040,35527280,NA,NOF,0.0,1071,pause,NA,NA,NA,NA,0.0,0,-40.89,-36.03,[],0,0,[],[]
35527280,35528770,MAL,MAN,6.11,1071,AICM,BC,0,NT,FI,0.0,0,-37.18,-30.56,[],0,0,[],[]
35528770,35529990,FEM,FAN,0.0,1071,AICM,NA,NA,NA,NA,0.0,0,-34.72,-27.93,[],1220,0,[],[]
35529990,35531330,NA,NOF,0.0,1071,AICM,NA,NA,NA,NA,0.0,0,-34.03,-16.44,[],0,0,[],[]
35531330,35532330,MAL,MAN,4.49,1071,AICM,RC,0,TIMI,FH,0.0,0,-30.72,-23.35,[],0,0,[],[]
35532330,35533210,NA,NOF,0.0,1071,AICM,NA,NA,NA,NA,0.0,0,-35.84,-23.54,[],0,0,[],[]
35533210,35534040,NA,OLF,0.0,1071,AICM,NA,NA,NA,NA,0.0,0,-36.82,-24.34,[],0,0,[],[]
35534040,35537280,NA,NOF,0.0,1071,AICM,NA,NA,NA,NA,0.0,0,-36.57,-19.51,[],0,0,[],[]
35537280,35537880,CHI,CHN,0.0,1071,AICM,RC,1,TIMR,FI,1.0,600,-33.73,-27.99,"[{'Canonical-syllable': '0', 'Growl': '1', 'High-freq-energy': '0', 'Long-island': '0', 'Low-tilt-spectrum': '1', 'Medium-island': '1', 'Short-island': '0', 'Squeal': '0', 'Typical-entropy': '1', 'Voicing-quality': '1', 'Wide-band': '0', 'Xlong-island': '0', 'seq': '1', 'end': 35537.88, 'start': 35537.28}]",0,0,[],[]
35537880,35539470,NA,NOF,0.0,1071,AICM,NA,NA,NA,NA,0.0,0,-40.09,-25.65,[],0,0,[],[]
35539470,35540370,CHI,CHN,0.0,1071,AICM,RC,1,NT,FH,1.0,900,-19.31,-11.19,"[{'Canonical-syllable': '1', 'Growl': '1', 'High-freq-energy': '1', 'Long-island': '0', 'Low-tilt-spectrum': '1', 'Medium-island': '0', 'Short-island': '3', 'Squeal': '1', 'Typical-entropy': '3', 'Voicing-quality': '2', 'Wide-band': '0', 'Xlong-island': '0', 'seq': '1', 'end': 35540.37, 'start': 35539.47}]",0,0,[],[]
35540370,35541180,NA,NOF,0.0,1071,AICM,NA,NA,NA,NA,0.0,0,-27.7,-14.01,[],0,0,[],[]
35541180,35542180,MAL,MAN,2.77,1071,AICM,RC,1,TIME,FI,0.0,0,-34.99,-28.55,[],0,0,[],[]
35542180,35544200,NA,NOF,0.0,1071,AICM,NA,NA,NA,NA,0.0,0,-37.68,-20.89,[],0,0,[],[]
35544200,35545240,NA,MAF,0.0,1071,AICM,NA,NA,NA,NA,0.0,0,-38.33,-28.66,[],0,0,[],[]
35545240,35546900,NA,NOF,0.0,1071,AICM,NA,NA,NA,NA,0.0,0,-35.58,-20.58,[],0,0,[],[]
35546900,35547970,MAL,MAN,2.26,1071,AICM,RC,1,NT,FH,0.0,0,-33.29,-27.23,[],0,0,[],[]
35547970,35548970,FEM,FAN,5.63,1071,AICM,EC,1,NT,FI,0.0,0,-28.35,-20.97,[],0,0,[],[]
35548970,35551390,NA,NOF,0.0,1072,pause,NA,NA,NA,NA,0.0,0,-33.29,-15.46,[],0,0,[],[]
35551390,35552400,NA,OLF,0.0,1072,pause,NA,NA,NA,NA,0.0,0,-34.14,-20.66,[],0,0,[],[]
35552400,35556690,NA,NOF,0.0,1072,pause,NA,NA,NA,NA,0.0,0,-41.38,-29.61,[],0,0,[],[]
35556690,35557700,MAL,MAN,3.13,1072,AMM,EC,0,NT,FI,0.0,0,-37.31,-29.7,[],0,0,[],[]
35557700,35561280,NA,NOF,0.0,1073,pause,NA,NA,NA,NA,0.0,0,-37.86,-20.82,[],0,0,[],[]
35561280,35562120,CHI,CHN,0.0,1073,pause,NA,NA,NA,NA,0.0,0,-24.45,-18.54,[],0,500,"[{'start': 35561.52, 'end': 35562.02}]",[]
35562120,35565420,NA,NOF,0.0,1073,pause,NA,NA,NA,NA,0.0,0,-34.25,-13.73,[],0,0,[],[]
35565420,35566780,CHI,CHN,0.0,1073,CM,EC,0,NT,FI,1.0,1360,-21.31,-10.36,"[{'Canonical-syllable': '0', 'Growl': '1', 'High-freq-energy': '1', 'Long-island': '0', 'Low-tilt-spectrum': '3', 'Medium-island': '2', 'Short-island': '1', 'Squeal': '0', 'Typical-entropy': '3', 'Voicing-quality': '3', 'Wide-band': '0', 'Xlong-island': '0', 'seq': '1', 'end': 35566.78, 'start': 35565.5}]",0,0,[],[]
35566780,35569820,NA,NOF,0.0,1074,pause,NA,NA,NA,NA,0.0,0,-26.92,-11.65,[],0,0,[],[]
35569820,35570430,NA,CHF,0.0,1074,pause,NA,NA,NA,NA,0.0,0,-37.64,-26.33,[],0,480,[],"[{'start': 35569.82, 'end': 35570.3}]"
35570430,35575180,NA,NOF,0.0,1074,pause,NA,NA,NA,NA,0.0,0,-31.73,-12.41,[],0,0,[],[]
35575180,35575920,CHI,CHN,0.0,1074,CIC,BC,0,NT,FI,1.0,660,-27.15,-11.59,"[{'Canonical-syllable': '0', 'Growl': '2', 'High-freq-energy': '0', 'Long-island': '0', 'Low-tilt-spectrum': '0', 'Medium-island': '0', 'Short-island': '1', 'Squeal': '0', 'Typical-entropy': '2', 'Voicing-quality': '2', 'Wide-band': '0', 'Xlong-island': '0', 'seq': '1', 'end': 35575.84, 'start': 35575.31}]",0,0,[],[]
35575920,35576970,NA,OLN,0.0,1074,CIC,NA,NA,NA,NA,0.0,0,-34.48,-20.91,[],0,0,[],[]
35576970,35577570,CHI,CHN,0.0,1074,CIC,NA,NA,NA,NA,0.0,0,-31.68,-24.6,[],0,150,"[{'start': 35577.42, 'end': 35577.57}]",[]
35577570,35579570,NA,NOF,0.0,1074,CIC,NA,NA,NA,NA,0.0,0,-42.66,-34.35,[],0,0,[],[]
35579570,35580570,CHI,CHN,0.0,1074,CIC,RC,0,TIFI,FH,1.0,790,-22.5,-14.23,"[{'Canonical-syllable': '1', 'Growl': '0', 'High-freq-energy': '0', 'Long-island': '0', 'Low-tilt-spectrum': '1', 'Medium-island': '1', 'Short-island': '1', 'Squeal': '0', 'Typical-entropy': '1', 'Voicing-quality': '2', 'Wide-band': '1', 'Xlong-island': '0', 'seq': '1', 'end': 35580.36, 'start': 35579.57}]",0,0,[],[]
35580570,35582990,NA,NOF,0.0,1074,CIC,NA,NA,NA,NA,0.0,0,-39.8,-26.91,[],0,0,[],[]
35582990,35584660,NA,SIL,0.0,1074,CIC,NA,NA,NA,NA,0.0,0,-36.63,-22.27,[],0,0,[],[]
35584660,35585690,FEM,FAN,5.45,1074,CIC,RC,1,TIFR,FI,0.0,0,-34.78,-25.75,[],0,0,[],[]
35585690,35586750,NA,SIL,0.0,1074,CIC,NA,NA,NA,NA,0.0,0,-37.21,-20.32,[],0,0,[],[]
35586750,35589370,NA,NOF,0.0,1074,CIC,NA,NA,NA,NA,0.0,0,-31.07,-13.95,[],0,0,[],[]
35589370,35590550,FEM,FAN,8.38,1074,CIC,RC,1,NT,FH,0.0,0,-31.37,-16.18,[],0,0,[],[]
35590550,35591350,NA,NOF,0.0,1074,CIC,NA,NA,NA,NA,0.0,0,-40.43,-30.9,[],0,0,[],[]
35591350,35592350,FEM,FAN,5.94,1074,CIC,EC,1,NT,FH,0.0,0,-28.97,-21.44,[],0,0,[],[]
35592350,35598650,NA,NOF,0.0,1075,pause,NA,NA,NA,NA,0.0,0,-36.54,-21.04,[],0,0,[],[]
35598650,35599460,NA,OLF,0.0,1075,pause,NA,NA,NA,NA,0.0,0,-22.59,-8.69,[],0,0,[],[]
35599460,35600940,NA,NOF,0.0,1075,pause,NA,NA,NA,NA,0.0,0,-37.53,-24.47,[],0,0,[],[]
35600940,35601740,NA,OLN,0.0,1075,pause,NA,NA,NA,NA,0.0,0,-31.49,-19.69,[],0,0,[],[]
35601740,35602900,NA,NOF,0.0,1075,pause,NA,NA,NA,NA,0.0,0,-38.84,-23.12,[],0,0,[],[]
35602900,35604850,NA,OLN,0.0,1075,pause,NA,NA,NA,NA,0.0,0,-31.84,-20.78,[],0,0,[],[]
35604850,35609290,NA,NOF,0.0,1075,pause,NA,NA,NA,NA,0.0,0,-34.33,-12.35,[],0,0,[],[]
35609290,35610120,NA,OLN,0.0,1075,pause,NA,NA,NA,NA,0.0,0,-31.55,-22.24,[],0,0,[],[]
35610120,35611150,FEM,FAN,5.74,1075,AMF,BC,0,NT,FI,0.0,0,-34.18,-26.27,[],0,0,[],[]
35611150,35614920,NA,NOF,0.0,1075,AMF,NA,NA,NA,NA,0.0,0,-43.19,-35.29,[],0,0,[],[]
35614920,35615920,FEM,FAN,4.79,1075,AMF,EC,0,NT,FH,0.0,0,-37.84,-29.4,[],0,0,[],[]
35615920,35617850,NA,NOF,0.0,1076,pause,NA,NA,NA,NA,0.0,0,-44.69,-39.85,[],0,0,[],[]
35617850,35618650,NA,OLF,0.0,1076,pause,NA,NA,NA,NA,0.0,0,-43.39,-39.65,[],0,0,[],[]
35618650,35619470,NA,SIL,0.0,1076,pause,NA,NA,NA,NA,0.0,0,-44.63,-35.43,[],0,0,[],[]
35619470,35620470,NA,MAF,0.0,1076,pause,NA,NA,NA,NA,0.0,0,-36.58,-31.53,[],0,0,[],[]
35620470,35621680,NA,OLF,0.0,1076,pause,NA,NA,NA,NA,0.0,0,-30.53,-15.27,[],0,0,[],[]
35621680,35626120,NA,NOF,0.0,1076,pause,NA,NA,NA,NA,0.0,0,-23.97,-6.33,[],0,0,[],[]
35626120,35627090,NA,OLF,0.0,1076,pause,NA,NA,NA,NA,0.0,0,-22.24,-7.16,[],0,0,[],[]
35627090,35628110,NA,NOF,0.0,1076,pause,NA,NA,NA,NA,0.0,0,-26.7,-10.04,[],0,0,[],[]
35628110,35628930,NA,OLF,0.0,1076,pause,NA,NA,NA,NA,0.0,0,-36.84,-28.11,[],0,0,[],[]
35628930,35631470,NA,NOF,0.0,1076,pause,NA,NA,NA,NA,0.0,0,-20.82,-3.36,[],0,0,[],[]
35631470,35632470,CHI,CHN,0.0,1076,pause,NA,NA,NA,NA,0.0,0,-21.98,-12.71,[],0,540,"[{'start': 35631.81, 'end': 35632.35}]",[]
35632470,35633070,CHI,CHN,0.0,1076,pause,NA,NA,NA,NA,0.0,0,-19.69,-10.44,[],0,440,"[{'start': 35632.47, 'end': 35632.91}]",[]
35633070,35634070,MAL,MAN,2.64,1076,AICM,BC,0,TIMI,FI,0.0,0,-34.72,-26.26,[],0,0,[],[]
35634070,35636070,NA,NOF,0.0,1076,AICM,NA,NA,NA,NA,0.0,0,-41.15,-33.02,[],0,0,[],[]
35636070,35636730,CHI,CHN,0.0,1076,AICM,EC,1,TIMR,FI,1.0,430,-22.71,-13.69,"[{'Canonical-syllable': '1', 'Growl': '0', 'High-freq-energy': '0', 'Long-island': '0', 'Low-tilt-spectrum': '0', 'Medium-island': '1', 'Short-island': '0', 'Squeal': '0', 'Typical-entropy': '1', 'Voicing-quality': '1', 'Wide-band': '0', 'Xlong-island': '0', 'seq': '1', 'end': 35636.5, 'start': 35636.23}]",0,0,[],[]
35636730,35648160,NA,NOF,0.0,1077,pause,NA,NA,NA,NA,0.0,0,-26.6,-4.5,[],0,0,[],[]
35648160,35649300,NA,MAF,0.0,1077,pause,NA,NA,NA,NA,0.0,0,-40.31,-31.78,[],0,0,[],[]
35649300,35651670,CHI,CHN,0.0,1077,CM,EC,0,NT,FI,2.0,2020,-16.59,-8.58,"[{'Canonical-syllable': '0', 'Growl': '0', 'High-freq-energy': '1', 'Long-island': '0', 'Low-tilt-spectrum': '2', 'Medium-island': '1', 'Short-island': '1', 'Squeal': '0', 'Typical-entropy': '2', 'Voicing-quality': '2', 'Wide-band': '0', 'Xlong-island': '0', 'seq': '1', 'end': 35650.42, 'start': 35649.44}, {'Canonical-syllable': '1', 'Growl': '1', 'High-freq-energy': '1', 'Long-island': '0', 'Low-tilt-spectrum': '1', 'Medium-island': '1', 'Short-island': '1', 'Squeal': '0', 'Typical-entropy': '2', 'Voicing-quality': '2', 'Wide-band': '0', 'Xlong-island': '0', 'seq': '2', 'end': 35651.67, 'start': 35650.77}]",0,0,[],[]
35651670,35652470,NA,MAF,0.0,1078,pause,NA,NA,NA,NA,0.0,0,-39.21,-34.71,[],0,0,[],[]
35652470,35653830,NA,SIL,0.0,1078,pause,NA,NA,NA,NA,0.0,0,-40.78,-34.87,[],0,0,[],[]
35653830,35654640,NA,NOF,0.0,1078,pause,NA,NA,NA,NA,0.0,0,-38.68,-34.19,[],0,0,[],[]
35654640,35658200,NA,SIL,0.0,1078,pause,NA,NA,NA,NA,0.0,0,-35.11,-12.8,[],0,0,[],[]
35658200,35659710,NA,NOF,0.0,1078,pause,NA,NA,NA,NA,0.0,0,-27.72,-10.87,[],0,0,[],[]
35659710,35660510,NA,OLF,0.0,1078,pause,NA,NA,NA,NA,0.0,0,-25.22,-10.71,[],0,0,[],[]
35660510,35661500,NA,NOF,0.0,1078,pause,NA,NA,NA,NA,0.0,0,-20.98,-6.36,[],0,0,[],[]
35661500,35662580,NA,OLF,0.0,1078,pause,NA,NA,NA,NA,0.0,0,-23.34,-6.82,[],0,0,[],[]
35662580,35667360,NA,NOF,0.0,1078,pause,NA,NA,NA,NA,0.0,0,-29.67,-7.38,[],0,0,[],[]
35667360,35668360,FEM,FAN,3.43,1078,AICF,BC,0,TIFI,FI,0.0,0,-35.87,-29.48,[],0,0,[],[]
35668360,35669810,NA,NOF,0.0,1078,AICF,NA,NA,NA,NA,0.0,0,-38.5,-21.71,[],0,0,[],[]
35669810,35670410,CHI,CHN,0.0,1078,AICF,RC,1,TIFR,FI,1.0,400,-19.42,-8.06,"[{'Canonical-syllable': '1', 'Growl': '0', 'High-freq-energy': '1', 'Long-island': '0', 'Low-tilt-spectrum': '0', 'Medium-island': '0', 'Short-island': '1', 'Squeal': '0', 'Typical-entropy': '1', 'Voicing-quality': '1', 'Wide-band': '0', 'Xlong-island': '0', 'seq': '1', 'end': 35670.21, 'start': 35669.97}]",0,0,[],[]
35670410,35671290,NA,NOF,0.0,1078,AICF,NA,NA,NA,NA,0.0,0,-40.71,-32.37,[],0,0,[],[]
35671290,35671900,CHI,CHN,0.0,1078,AICF,EC,1,NT,FH,1.0,460,-15.36,-10.94,"[{'Canonical-syllable': '1', 'Growl': '0', 'High-freq-energy': '1', 'Long-island': '0', 'Low-tilt-spectrum': '1', 'Medium-island': '1', 'Short-island': '0', 'Squeal': '0', 'Typical-entropy': '1', 'Voicing-quality': '1', 'Wide-band': '0', 'Xlong-island': '0', 'seq': '1', 'end': 35671.75, 'start': 35671.29}]",0,0,[],[]
35671900,35673100,NA,FAF,0.0,1079,pause,NA,NA,NA,NA,0.0,0,-40.69,-33.87,[],0,0,[],[]
35673100,35674900,NA,NOF,0.0,1079,pause,NA,NA,NA,NA,0.0,0,-41.7,-36.0,[],0,0,[],[]
35674900,35676580,NA,SIL,0.0,1079,pause,NA,NA,NA,NA,0.0,0,-41.54,-30.25,[],0,0,[],[]
35676580,35677780,NA,NOF,0.0,1079,pause,NA,NA,NA,NA,0.0,0,-39.67,-27.56,[],0,0,[],[]
35677780,35678860,NA,SIL,0.0,1079,pause,NA,NA,NA,NA,0.0,0,-41.47,-25.4,[],0,0,[],[]
35678860,35679660,NA,MAF,0.0,1079,pause,NA,NA,NA,NA,0.0,0,-39.59,-26.19,[],0,0,[],[]
35679660,35681140,NA,OLN,0.0,1079,pause,NA,NA,NA,NA,0.0,0,-22.62,-10.27,[],0,0,[],[]
35681140,35686760,NA,NOF,0.0,1079,pause,NA,NA,NA,NA,0.0,0,-35.25,-15.47,[],0,0,[],[]
35686760,35687670,NA,SIL,0.0,1079,pause,NA,NA,NA,NA,0.0,0,-40.54,-25.0,[],0,0,[],[]
35687670,35688790,NA,OLF,0.0,1079,pause,NA,NA,NA,NA,0.0,0,-21.51,-5.68,[],0,0,[],[]
35688790,35691800,NA,NOF,0.0,1079,pause,NA,NA,NA,NA,0.0,0,-39.49,-24.47,[],0,0,[],[]
35691800,35692600,NA,OLF,0.0,1079,pause,NA,NA,NA,NA,0.0,0,-30.15,-13.46,[],0,0,[],[]
35692600,35693400,NA,NOF,0.0,1079,pause,NA,NA,NA,NA,0.0,0,-33.16,-20.88,[],0,0,[],[]
35693400,35694450,FEM,FAN,6.64,1079,AMF,EC,0,NT,FI,0.0,0,-31.47,-27.39,[],0,0,[],[]
35694450,35697460,NA,NOF,0.0,1080,pause,NA,NA,NA,NA,0.0,0,-23.84,-5.77,[],0,0,[],[]
35697460,35698970,NA,SIL,0.0,1080,pause,NA,NA,NA,NA,0.0,0,-40.6,-35.04,[],0,0,[],[]
35698970,35699770,NA,NOF,0.0,1080,pause,NA,NA,NA,NA,0.0,0,-27.18,-8.89,[],0,0,[],[]
35699770,35700370,CHI,CHN,0.0,1080,pause,NA,NA,NA,NA,0.0,0,-25.21,-16.32,[],0,230,"[{'start': 35700.14, 'end': 35700.37}]",[]
35700370,35701980,NA,OLN,0.0,1080,pause,NA,NA,NA,NA,0.0,0,-20.85,-6.06,[],0,0,[],[]
35701980,35705200,NA,NOF,0.0,1080,pause,NA,NA,NA,NA,0.0,0,-24.12,-5.54,[],0,0,[],[]
35705200,35706010,NA,SIL,0.0,1080,pause,NA,NA,NA,NA,0.0,0,-42.59,-35.62,[],0,0,[],[]
35706010,35706940,NA,NOF,0.0,1080,pause,NA,NA,NA,NA,0.0,0,-38.12,-27.65,[],0,0,[],[]
35706940,35707740,NA,OLN,0.0,1080,pause,NA,NA,NA,NA,0.0,0,-29.21,-21.33,[],0,0,[],[]
35707740,35708940,NA,NOF,0.0,1080,pause,NA,NA,NA,NA,0.0,0,-34.91,-19.63,[],0,0,[],[]
35708940,35709870,NA,OLN,0.0,1080,pause,NA,NA,NA,NA,0.0,0,-24.6,-15.69,[],0,0,[],[]
35709870,35711140,NA,NOF,0.0,1080,pause,NA,NA,NA,NA,0.0,0,-35.97,-23.26,[],0,0,[],[]
35711140,35711960,CHI,CHN,0.0,1080,CIC,BC,0,TIMI,FI,1.0,820,-17.9,-11.55,"[{'Canonical-syllable': '0', 'Growl': '1', 'High-freq-energy': '0', 'Long-island': '0', 'Low-tilt-spectrum': '2', 'Medium-island': '1', 'Short-island': '1', 'Squeal': '0', 'Typical-entropy': '2', 'Voicing-quality': '2', 'Wide-band': '0', 'Xlong-island': '0', 'seq': '1', 'end': 35711.96, 'start': 35711.14}]",0,0,[],[]
35711960,35714790,NA,NOF,0.0,1080,CIC,NA,NA,NA,NA,0.0,0,-32.79,-13.0,[],0,0,[],[]
35714790,35716160,MAL,MAN,6.11,1080,CIC,RC,1,TIMR,FI,0.0,0,-34.83,-25.94,[],0,0,[],[]
35716160,35718170,NA,NOF,0.0,1080,CIC,NA,NA,NA,NA,0.0,0,-41.52,-29.87,[],0,0,[],[]
35718170,35721570,CHI,CHN,0.0,1080,CIC,RC,1,TIMI,FI,3.0,1990,-19.89,-9.4,"[{'Canonical-syllable': '0', 'Growl': '0', 'High-freq-energy': '1', 'Long-island': '0', 'Low-tilt-spectrum': '1', 'Medium-island': '2', 'Short-island': '1', 'Squeal': '0', 'Typical-entropy': '3', 'Voicing-quality': '3', 'Wide-band': '0', 'Xlong-island': '0', 'seq': '1', 'end': 35719.59, 'start': 35718.17}, {'Canonical-syllable': '0', 'Growl': '1', 'High-freq-energy': '0', 'Long-island': '0', 'Low-tilt-spectrum': '1', 'Medium-island': '0', 'Short-island': '1', 'Squeal': '0', 'Typical-entropy': '1', 'Voicing-quality': '1', 'Wide-band': '0', 'Xlong-island': '0', 'seq': '2', 'end': 35720.54, 'start': 35720.3}, {'Canonical-syllable': '1', 'Growl': '0', 'High-freq-energy': '1', 'Long-island': '0', 'Low-tilt-spectrum': '1', 'Medium-island': '1', 'Short-island': '0', 'Squeal': '0', 'Typical-entropy': '1', 'Voicing-quality': '1', 'Wide-band': '0', 'Xlong-island': '0', 'seq': '3', 'end': 35721.57, 'start': 35721.24}]",0,0,[],[]
35721570,35722380,NA,OLN,0.0,1080,CIC,NA,NA,NA,NA,0.0,0,-38.69,-24.5,[],0,0,[],[]
35722380,35724400,NA,OLF,0.0,1080,CIC,NA,NA,NA,NA,0.0,0,-42.32,-31.68,[],0,0,[],[]
35724400,35725200,NA,SIL,0.0,1080,CIC,NA,NA,NA,NA,0.0,0,-44.04,-32.58,[],0,0,[],[]
35725200,35726200,MAL,MAN,1.79,1080,CIC,RC,2,TIMR,FI,0.0,0,-28.99,-11.44,[],0,0,[],[]
35726200,35727620,NA,NOF,0.0,1080,CIC,NA,NA,NA,NA,0.0,0,-41.66,-29.1,[],0,0,[],[]
35727620,35728530,FEM,FAN,4.69,1080,CIC,EC,2,NT,FI,0.0,0,-27.37,-16.71,[],0,0,[],[]
35728530,35733740,NA,NOF,0.0,1081,pause,NA,NA,NA,NA,0.0,0,-26.19,-6.85,[],0,0,[],[]
35733740,35735940,NA,OLF,0.0,1081,pause,NA,NA,NA,NA,0.0,0,-41.93,-36.68,[],0,0,[],[]
35735940,35740210,NA,NOF,0.0,1081,pause,NA,NA,NA,NA,0.0,0,-22.38,-0.07,[],0,0,[],[]
35740210,35741010,NA,OLF,0.0,1081,pause,NA,NA,NA,NA,0.0,0,-40.28,-30.8,[],0,0,[],[]
35741010,35742150,NA,NOF,0.0,1081,pause,NA,NA,NA,NA,0.0,0,-37.78,-25.83,[],0,0,[],[]
35742150,35743020,NA,OLN,0.0,1081,pause,NA,NA,NA,NA,0.0,0,-20.15,-5.53,[],0,0,[],[]
35743020,35743820,NA,NOF,0.0,1081,pause,NA,NA,NA,NA,0.0,0,-22.7,-9.07,[],0,0,[],[]
35743820,35744820,CHI,CHN,0.0,1081,CIC,BC,0,NT,FI,1.0,250,-27.7,-16.91,"[{'Canonical-syllable': '0', 'Growl': '0', 'High-freq-energy': '0', 'Long-island': '0', 'Low-tilt-spectrum': '0', 'Medium-island': '0', 'Short-island': '1', 'Squeal': '0', 'Typical-entropy': '1', 'Voicing-quality': '1', 'Wide-band': '0', 'Xlong-island': '0', 'seq': '1', 'end': 35744.07, 'start': 35743.82}]",0,0,[],[]
35744820,35745430,CHI,CHN,0.0,1081,CIC,RC,0,TIMI,FH,1.0,610,-18.18,-11.38,"[{'Canonical-syllable': '1', 'Growl': '0', 'High-freq-energy': '0', 'Long-island': '0', 'Low-tilt-spectrum': '1', 'Medium-island': '1', 'Short-island': '0', 'Squeal': '0', 'Typical-entropy': '1', 'Voicing-quality': '1', 'Wide-band': '0', 'Xlong-island': '0', 'seq': '1', 'end': 35745.43, 'start': 35744.95}]",0,0,[],[]
35745430,35746430,MAL,MAN,3.31,1081,CIC,RC,1,TIMR,FI,0.0,0,-35.58,-29.31,[],0,0,[],[]
35746430,35747030,CHI,CHN,0.0,1081,CIC,EC,1,TIME,FI,1.0,500,-25.34,-16.22,"[{'Canonical-syllable': '0', 'Growl': '0', 'High-freq-energy': '0', 'Long-island': '0', 'Low-tilt-spectrum': '1', 'Medium-island': '1', 'Short-island': '0', 'Squeal': '0', 'Typical-entropy': '1', 'Voicing-quality': '1', 'Wide-band': '0', 'Xlong-island': '0', 'seq': '1', 'end': 35746.93, 'start': 35746.64}]",0,0,[],[]
35747030,35747890,NA,MAF,0.0,1082,pause,NA,NA,NA,NA,0.0,0,-42.6,-36.11,[],0,0,[],[]
35747890,35749270,NA,SIL,0.0,1082,pause,NA,NA,NA,NA,0.0,0,-45.04,-38.61,[],0,0,[],[]
35749270,35750360,NA,NOF,0.0,1082,pause,NA,NA,NA,NA,0.0,0,-46.1,-40.71,[],0,0,[],[]
35750360,35751250,NA,SIL,0.0,1082,pause,NA,NA,NA,NA,0.0,0,-47.02,-42.52,[],0,0,[],[]
35751250,35752110,NA,NOF,0.0,1082,pause,NA,NA,NA,NA,0.0,0,-46.32,-42.69,[],0,0,[],[]
35752110,35753170,NA,SIL,0.0,1082,pause,NA,NA,NA,NA,0.0,0,-39.83,-21.51,[],0,0,[],[]
35753170,35755650,NA,NOF,0.0,1082,pause,NA,NA,NA,NA,0.0,0,-20.95,-3.68,[],0,0,[],[]
35755650,35756520,NA,OLF,0.0,1082,pause,NA,NA,NA,NA,0.0,0,-17.64,-7.28,[],0,0,[],[]
35756520,35763790,NA,NOF,0.0,1082,pause,NA,NA,NA,NA,0.0,0,-22.99,-4.07,[],0,0,[],[]
35763790,35764970,CHI,CHN,0.0,1082,CM,BC,0,NT,FI,1.0,610,-20.84,-7.56,"[{'Canonical-syllable': '0', 'Growl': '0', 'High-freq-energy': '0', 'Long-island': '0', 'Low-tilt-spectrum': '0', 'Medium-island': '1', 'Short-island': '0', 'Squeal': '0', 'Typical-entropy': '0', 'Voicing-quality': '1', 'Wide-band': '0', 'Xlong-island': '0', 'seq': '1', 'end': 35764.4, 'start': 35763.89}]",0,0,[],[]
35764970,35766390,CHI,CHN,0.0,1082,CM,EC,0,NT,FH,1.0,1420,-15.14,-5.77,"[{'Canonical-syllable': '1', 'Growl': '0', 'High-freq-energy': '0', 'Long-island': '0', 'Low-tilt-spectrum': '3', 'Medium-island': '2', 'Short-island': '0', 'Squeal': '0', 'Typical-entropy': '3', 'Voicing-quality': '3', 'Wide-band': '0', 'Xlong-island': '0', 'seq': '1', 'end': 35766.39, 'start': 35765.13}]",0,0,[],[]
35766390,35767190,NA,NOF,0.0,1083,pause,NA,NA,NA,NA,0.0,0,-34.22,-22.0,[],0,0,[],[]
35767190,35768410,NA,OLF,0.0,1083,pause,NA,NA,NA,NA,0.0,0,-32.83,-17.82,[],0,0,[],[]
35768410,35769330,NA,NOF,0.0,1083,pause,NA,NA,NA,NA,0.0,0,-34.64,-24.45,[],0,0,[],[]
35769330,35770140,NA,OLN,0.0,1083,pause,NA,NA,NA,NA,0.0,0,-31.46,-20.75,[],0,0,[],[]
35770140,35770990,NA,NOF,0.0,1083,pause,NA,NA,NA,NA,0.0,0,-40.2,-28.15,[],0,0,[],[]
35770990,35772610,NA,SIL,0.0,1083,pause,NA,NA,NA,NA,0.0,0,-44.53,-38.22,[],0,0,[],[]
35772610,35777530,NA,NOF,0.0,1083,pause,NA,NA,NA,NA,0.0,0,-41.78,-26.93,[],0,0,[],[]
35777530,35778600,NA,SIL,0.0,1083,pause,NA,NA,NA,NA,0.0,0,-46.03,-40.34,[],0,0,[],[]
35778600,35786000,NA,NOF,0.0,1083,pause,NA,NA,NA,NA,0.0,0,-28.29,-6.68,[],0,0,[],[]
35786000,35786740,CHI,CHN,0.0,1083,CM,EC,0,NT,FI,1.0,740,-18.67,-5.97,"[{'Canonical-syllable': '0', 'Growl': '2', 'High-freq-energy': '0', 'Long-island': '0', 'Low-tilt-spectrum': '1', 'Medium-island': '0', 'Short-island': '2', 'Squeal': '0', 'Typical-entropy': '2', 'Voicing-quality': '3', 'Wide-band': '0', 'Xlong-island': '0', 'seq': '1', 'end': 35786.74, 'start': 35786.0}]",0,0,[],[]
35786740,35790500,NA,NOF,0.0,1084,pause,NA,NA,NA,NA,0.0,0,-38.94,-22.66,[],0,0,[],[]
35790500,35791850,NA,OLN,0.0,1084,pause,NA,NA,NA,NA,0.0,0,-21.74,-7.04,[],0,0,[],[]
35791850,35796620,NA,NOF,0.0,1084,pause,NA,NA,NA,NA,0.0,0,-32.62,-9.97,[],0,0,[],[]
35796620,35797420,NA,SIL,0.0,1084,pause,NA,NA,NA,NA,0.0,0,-46.57,-40.46,[],0,0,[],[]
35797420,35803420,NA,NOF,0.0,1084,pause,NA,NA,NA,NA,0.0,0,-36.45,-15.02,[],0,0,[],[]
35803420,35804150,CHI,CHN,0.0,1084,CM,BC,0,NT,FI,1.0,730,-20.05,-13.1,"[{'Canonical-syllable': '1', 'Growl': '0', 'High-freq-energy': '0', 'Long-island': '0', 'Low-tilt-spectrum': '0', 'Medium-island': '1', 'Short-island': '0', 'Squeal': '0', 'Typical-entropy': '0', 'Voicing-quality': '1', 'Wide-band': '0', 'Xlong-island': '0', 'seq': '1', 'end': 35804.15, 'start': 35803.42}]",0,0,[],[]
35804150,35804980,NA,NOF,0.0,1084,CM,NA,NA,NA,NA,0.0,0,-44.73,-39.75,[],0,0,[],[]
35804980,35807720,CHI,CHN,0.0,1084,CM,EC,0,NT,FH,3.0,1450,-23.43,-12.67,"[{'Canonical-syllable': '2', 'Growl': '0', 'High-freq-energy': '0', 'Long-island': '0', 'Low-tilt-spectrum': '1', 'Medium-island': '2', 'Short-island': '0', 'Squeal': '0', 'Typical-entropy': '1', 'Voicing-quality': '2', 'Wide-band': '0', 'Xlong-island': '0', 'seq': '1', 'end': 35805.96, 'start': 35805.16}, {'Canonical-syllable': '1', 'Growl': '0', 'High-freq-energy': '0', 'Long-island': '0', 'Low-tilt-spectrum': '0', 'Medium-island': '1', 'Short-island': '0', 'Squeal': '0', 'Typical-entropy': '0', 'Voicing-quality': '1', 'Wide-band': '0', 'Xlong-island': '0', 'seq': '2', 'end': 35806.97, 'start': 35806.7}, {'Canonical-syllable': '0', 'Growl': '1', 'High-freq-energy': '0', 'Long-island': '0', 'Low-tilt-spectrum': '0', 'Medium-island': '0', 'Short-island': '1', 'Squeal': '0', 'Typical-entropy': '0', 'Voicing-quality': '1', 'Wide-band': '0', 'Xlong-island': '0', 'seq': '3', 'end': 35807.72, 'start': 35807.52}]",0,0,[],[]
35807720,35808820,NA,NOF,0.0,1085,pause,NA,NA,NA,NA,0.0,0,-43.55,-31.32,[],0,0,[],[]
35808820,35809740,CHI,CHN,0.0,1085,pause,NA,NA,NA,NA,0.0,0,-17.0,-4.42,[],0,920,"[{'start': 35808.82, 'end': 35809.74}]",[]
35809740,35810560,NA,NON,0.0,1085,pause,NA,NA,NA,NA,0.0,0,-19.37,-5.52,[],0,0,[],[]
35810560,35811360,NA,OLF,0.0,1085,pause,NA,NA,NA,NA,0.0,0,-23.04,-7.43,[],0,0,[],[]
35811360,35813870,NA,NOF,0.0,1085,pause,NA,NA,NA,NA,0.0,0,-38.4,-25.15,[],0,0,[],[]
35813870,35814860,CHI,CHN,0.0,1085,CM,EC,0,NT,FI,1.0,990,-25.94,-20.06,"[{'Canonical-syllable': '0', 'Growl': '0', 'High-freq-energy': '0', 'Long-island': '0', 'Low-tilt-spectrum': '0', 'Medium-island': '0', 'Short-island': '0', 'Squeal': '0', 'Typical-entropy': '0', 'Voicing-quality': '1', 'Wide-band': '0', 'Xlong-island': '1', 'seq': '1', 'end': 35814.86, 'start': 35813.87}]",0,0,[],[]
35814860,35816760,NA,NOF,0.0,1086,pause,NA,NA,NA,NA,0.0,0,-39.95,-23.37,[],0,0,[],[]
35816760,35817600,NA,OLF,0.0,1086,pause,NA,NA,NA,NA,0.0,0,-19.26,-5.74,[],0,0,[],[]
35817600,35818600,NA,FAF,0.0,1086,pause,NA,NA,NA,NA,0.0,0,-31.14,-15.64,[],0,0,[],[]
35818600,35819790,NA,NOF,0.0,1086,pause,NA,NA,NA,NA,0.0,0,-41.03,-32.59,[],0,0,[],[]
35819790,35821260,NA,OLN,0.0,1086,pause,NA,NA,NA,NA,0.0,0,-29.93,-19.57,[],0,0,[],[]
35821260,35825840,NA,NOF,0.0,1086,pause,NA,NA,NA,NA,0.0,0,-30.0,-16.12,[],0,0,[],[]
35825840,35826640,NA,OLN,0.0,1086,pause,NA,NA,NA,NA,0.0,0,-23.63,-11.05,[],0,0,[],[]
35826640,35831630,NA,NOF,0.0,1086,pause,NA,NA,NA,NA,0.0,0,-28.8,-5.36,[],0,0,[],[]
35831630,35833160,NA,SIL,0.0,1086,pause,NA,NA,NA,NA,0.0,0,-37.8,-24.94,[],0,0,[],[]
35833160,35834260,NA,NOF,0.0,1086,pause,NA,NA,NA,NA,0.0,0,-43.7,-36.87,[],0,0,[],[]
35834260,35835260,MAL,MAN,5.43,1086,AMM,EC,0,NT,FI,0.0,0,-35.11,-26.07,[],0,0,[],[]
35835260,35842940,NA,NOF,0.0,1087,pause,NA,NA,NA,NA,0.0,0,-32.05,-15.37,[],0,0,[],[]
35842940,35843940,MAL,MAN,3.78,1087,AMM,EC,0,NT,FI,0.0,0,-34.4,-25.64,[],0,0,[],[]
35843940,35844740,NA,NOF,0.0,1088,pause,NA,NA,NA,NA,0.0,0,-28.12,-17.78,[],0,0,[],[]
35844740,35845760,NA,MAF,0.0,1088,pause,NA,NA,NA,NA,0.0,0,-24.45,-17.18,[],0,0,[],[]
35845760,35848230,NA,NOF,0.0,1088,pause,NA,NA,NA,NA,0.0,0,-29.03,-14.8,[],0,0,[],[]
35848230,35850320,NA,OLF,0.0,1088,pause,NA,NA,NA,NA,0.0,0,-32.62,-24.42,[],0,0,[],[]
35850320,35854930,NA,NOF,0.0,1088,pause,NA,NA,NA,NA,0.0,0,-37.8,-18.57,[],0,0,[],[]
35854930,35855730,NA,SIL,0.0,1088,pause,NA,NA,NA,NA,0.0,0,-35.07,-23.66,[],0,0,[],[]
35855730,35856730,MAL,MAN,8.34,1088,AMM,EC,0,NT,FI,0.0,0,-32.5,-24.34,[],0,0,[],[]
35856730,35857530,NA,SIL,0.0,1089,pause,NA,NA,NA,NA,0.0,0,-38.28,-25.83,[],0,0,[],[]
35857530,35862980,NA,NOF,0.0,1089,pause,NA,NA,NA,NA,0.0,0,-23.93,-4.89,[],0,0,[],[]
35862980,35864150,CHI,CHN,0.0,1089,CM,BC,0,NT,FI,2.0,710,-21.0,-10.98,"[{'Canonical-syllable': '1', 'Growl': '0', 'High-freq-energy': '0', 'Long-island': '0', 'Low-tilt-spectrum': '1', 'Medium-island': '1', 'Short-island': '0', 'Squeal': '0', 'Typical-entropy': '1', 'Voicing-quality': '1', 'Wide-band': '0', 'Xlong-island': '0', 'seq': '1', 'end': 35863.4, 'start': 35863.11}, {'Canonical-syllable': '1', 'Growl': '0', 'High-freq-energy': '1', 'Long-island': '0', 'Low-tilt-spectrum': '0', 'Medium-island': '1', 'Short-island': '0', 'Squeal': '0', 'Typical-entropy': '1', 'Voicing-quality': '1', 'Wide-band': '0', 'Xlong-island': '0', 'seq': '2', 'end': 35864.0, 'start': 35863.71}]",0,0,[],[]
35864150,35864970,NA,SIL,0.0,1089,CM,NA,NA,NA,NA,0.0,0,-42.11,-36.83,[],0,0,[],[]
35864970,35866460,CHI,CHN,0.0,1089,CM,EC,0,NT,FH,2.0,590,-20.41,-6.91,"[{'Canonical-syllable': '0', 'Growl': '0', 'High-freq-energy': '0', 'Long-island': '0', 'Low-tilt-spectrum': '1', 'Medium-island': '0', 'Short-island': '1', 'Squeal': '0', 'Typical-entropy': '1', 'Voicing-quality': '1', 'Wide-band': '0', 'Xlong-island': '0', 'seq': '1', 'end': 35865.25, 'start': 35864.97}, {'Canonical-syllable': '0', 'Growl': '0', 'High-freq-energy': '0', 'Long-island': '0', 'Low-tilt-spectrum': '0', 'Medium-island': '1', 'Short-island': '0', 'Squeal': '0', 'Typical-entropy': '1', 'Voicing-quality': '1', 'Wide-band': '0', 'Xlong-island': '0', 'seq': '2', 'end': 35866.37, 'start': 35866.06}]",0,0,[],[]
35866460,35881510,NA,NOF,0.0,1090,pause,NA,NA,NA,NA,0.0,0,-30.1,-6.13,[],0,0,[],[]
35881510,35882410,NA,SIL,0.0,1090,pause,NA,NA,NA,NA,0.0,0,-38.16,-27.84,[],0,0,[],[]
35882410,35883460,MAL,MAN,0.44,1090,AMM,EC,0,NT,FI,0.0,0,-34.4,-28.7,[],0,0,[],[]
35883460,35885860,NA,NOF,0.0,1091,pause,NA,NA,NA,NA,0.0,0,-26.85,-6.69,[],0,0,[],[]
35885860,35886790,NA,OLN,0.0,1091,pause,NA,NA,NA,NA,0.0,0,-27.16,-17.45,[],0,0,[],[]
35886790,35888600,NA,NOF,0.0,1091,pause,NA,NA,NA,NA,0.0,0,-41.29,-28.14,[],0,0,[],[]
35888600,35889950,OCH,CXN,0.0,1091,XIOCC,BC,0,NT,FI,0.0,0,-25.85,-15.41,[],0,0,[],[]
35889950,35890560,OCH,CXN,0.0,1091,XIOCC,RC,0,NT,FH,0.0,0,-26.63,-17.56,[],0,0,[],[]
35890560,35891490,NA,NOF,0.0,1091,XIOCC,NA,NA,NA,NA,0.0,0,-40.09,-28.71,[],0,0,[],[]
35891490,35892400,CHI,CHN,0.0,1091,XIOCC,EC,0,NT,FI,1.0,830,-17.61,-8.29,"[{'Canonical-syllable': '0', 'Growl': '0', 'High-freq-energy': '1', 'Long-island': '0', 'Low-tilt-spectrum': '1', 'Medium-island': '1', 'Short-island': '1', 'Squeal': '0', 'Typical-entropy': '2', 'Voicing-quality': '2', 'Wide-band': '0', 'Xlong-island': '0', 'seq': '1', 'end': 35892.32, 'start': 35891.49}]",0,0,[],[]
35892400,35893200,NA,NOF,0.0,1092,pause,NA,NA,NA,NA,0.0,0,-45.27,-38.08,[],0,0,[],[]
35893200,35894030,NA,SIL,0.0,1092,pause,NA,NA,NA,NA,0.0,0,-39.93,-22.58,[],0,0,[],[]
35894030,35895580,NA,NOF,0.0,1092,pause,NA,NA,NA,NA,0.0,0,-45.19,-32.41,[],0,0,[],[]
35895580,35896780,CHI,CHN,0.0,1092,pause,NA,NA,NA,NA,0.0,0,-13.65,-2.64,[],0,660,"[{'start': 35895.58, 'end': 35896.04}, {'start': 35896.43, 'end': 35896.63}]",[]
35896780,35906860,NA,NOF,0.0,1092,pause,NA,NA,NA,NA,0.0,0,-29.36,-5.41,[],0,0,[],[]
35906860,35907540,CHI,CHN,0.0,1092,CM,BC,0,NT,FI,1.0,450,-23.16,-17.53,"[{'Canonical-syllable': '1', 'Growl': '0', 'High-freq-energy': '0', 'Long-island': '0', 'Low-tilt-spectrum': '0', 'Medium-island': '1', 'Short-island': '0', 'Squeal': '0', 'Typical-entropy': '0', 'Voicing-quality': '1', 'Wide-band': '0', 'Xlong-island': '0', 'seq': '1', 'end': 35907.31, 'start': 35906.86}]",0,0,[],[]
35907540,35908360,NA,NOF,0.0,1092,CM,NA,NA,NA,NA,0.0,0,-35.25,-26.42,[],0,0,[],[]
35908360,35908960,CHI,CHN,0.0,1092,CM,RC,0,NT,FH,1.0,420,-16.03,-8.63,"[{'Canonical-syllable': '0', 'Growl': '0', 'High-freq-energy': '1', 'Long-island': '0', 'Low-tilt-spectrum': '0', 'Medium-island': '1', 'Short-island': '0', 'Squeal': '0', 'Typical-entropy': '1', 'Voicing-quality': '1', 'Wide-band': '0', 'Xlong-island': '0', 'seq': '1', 'end': 35908.78, 'start': 35908.36}]",0,0,[],[]
35908960,35913740,NA,NOF,0.0,1092,CM,NA,NA,NA,NA,0.0,0,-39.97,-19.94,[],0,0,[],[]
35913740,35914670,CHI,CHN,0.0,1092,CM,EC,0,NT,FH,1.0,930,-22.81,-14.71,"[{'Canonical-syllable': '1', 'Growl': '0', 'High-freq-energy': '1', 'Long-island': '0', 'Low-tilt-spectrum': '0', 'Medium-island': '1', 'Short-island': '1', 'Squeal': '0', 'Typical-entropy': '2', 'Voicing-quality': '2', 'Wide-band': '0', 'Xlong-island': '0', 'seq': '1', 'end': 35914.67, 'start': 35913.74}]",0,0,[],[]
35914670,35919340,NA,NOF,0.0,1093,pause,NA,NA,NA,NA,0.0,0,-40.61,-22.24,[],0,0,[],[]
35919340,35920340,NA,MAF,0.0,1093,pause,NA,NA,NA,NA,0.0,0,-41.87,-34.88,[],0,0,[],[]
35920340,35923000,NA,SIL,0.0,1093,pause,NA,NA,NA,NA,0.0,0,-42.97,-22.49,[],0,0,[],[]
35923000,35926230,NA,NOF,0.0,1093,pause,NA,NA,NA,NA,0.0,0,-43.76,-29.42,[],0,0,[],[]
35926230,35928260,CHI,CHN,0.0,1093,CM,BC,0,NT,FI,1.0,2029,-19.79,-11.54,"[{'Canonical-syllable': '0', 'Growl': '0', 'High-freq-energy': '0', 'Long-island': '1', 'Low-tilt-spectrum': '0', 'Medium-island': '2', 'Short-island': '0', 'Squeal': '0', 'Typical-entropy': '2', 'Voicing-quality': '3', 'Wide-band': '0', 'Xlong-island': '0', 'seq': '1', 'end': 35928.26, 'start': 35926.23}]",0,0,[],[]
35928260,35929560,CHI,CHN,0.0,1093,CM,RC,0,NT,FH,2.0,850,-26.57,-16.73,"[{'Canonical-syllable': '0', 'Growl': '0', 'High-freq-energy': '0', 'Long-island': '0', 'Low-tilt-spectrum': '0', 'Medium-island': '0', 'Short-island': '1', 'Squeal': '0', 'Typical-entropy': '0', 'Voicing-quality': '1', 'Wide-band': '0', 'Xlong-island': '0', 'seq': '1', 'end': 35928.41, 'start': 35928.26}, {'Canonical-syllable': '0', 'Growl': '1', 'High-freq-energy': '0', 'Long-island': '0', 'Low-tilt-spectrum': '0', 'Medium-island': '1', 'Short-island': '0', 'Squeal': '0', 'Typical-entropy': '0', 'Voicing-quality': '2', 'Wide-band': '0', 'Xlong-island': '0', 'seq': '2', 'end': 35929.56, 'start': 35928.86}]",0,0,[],[]
35929560,35930270,CHI,CHN,0.0,1093,CM,EC,0,NT,FH,1.0,710,-28.78,-22.83,"[{'Canonical-syllable': '0', 'Growl': '0', 'High-freq-energy': '0', 'Long-island': '1', 'Low-tilt-spectrum': '0', 'Medium-island': '0', 'Short-island': '0', 'Squeal': '0', 'Typical-entropy': '1', 'Voicing-quality': '1', 'Wide-band': '0', 'Xlong-island': '0', 'seq': '1', 'end': 35930.27, 'start': 35929.56}]",0,0,[],[]
35930270,35932290,NA,NOF,0.0,1094,pause,NA,NA,NA,NA,0.0,0,-44.58,-32.38,[],0,0,[],[]
35932290,35933140,NA,SIL,0.0,1094,pause,NA,NA,NA,NA,0.0,0,-46.5,-42.41,[],0,0,[],[]
35933140,35936690,NA,NOF,0.0,1094,pause,NA,NA,NA,NA,0.0,0,-26.4,-6.04,[],0,0,[],[]
35936690,35938250,MAL,MAN,5.15,1094,AICM,BC,0,NT,FI,0.0,0,-22.39,-3.86,[],0,0,[],[]
35938250,35939670,NA,NOF,0.0,1094,AICM,NA,NA,NA,NA,0.0,0,-24.74,-5.98,[],0,0,[],[]
35939670,35940490,NA,OLN,0.0,1094,AICM,NA,NA,NA,NA,0.0,0,-26.34,-16.6,[],0,0,[],[]
35940490,35942840,NA,NOF,0.0,1094,AICM,NA,NA,NA,NA,0.0,0,-22.9,-5.1,[],0,0,[],[]
35942840,35944030,FEM,FAN,3.63,1094,AICM,RC,0,NT,FI,0.0,0,-29.17,-21.1,[],0,0,[],[]
35944030,35945390,MAL,MAN,4.63,1094,AICM,RC,0,NT,FI,0.0,0,-32.62,-24.03,[],0,0,[],[]
35945390,35946250,NA,NOF,0.0,1094,AICM,NA,NA,NA,NA,0.0,0,-29.19,-16.35,[],0,0,[],[]
35946250,35947050,NA,OLF,0.0,1094,AICM,NA,NA,NA,NA,0.0,0,-32.08,-20.42,[],0,0,[],[]
35947050,35949460,NA,NOF,0.0,1094,AICM,NA,NA,NA,NA,0.0,0,-39.52,-28.36,[],0,0,[],[]
35949460,35950460,FEM,FAN,0.51,1094,AICM,RC,0,NT,FI,0.0,0,-34.92,-28.09,[],0,0,[],[]
35950460,35953660,NA,NOF,0.0,1094,AICM,NA,NA,NA,NA,0.0,0,-31.47,-10.61,[],0,0,[],[]
35953660,35955390,MAL,MAN,6.7,1094,AICM,RC,0,NT,FI,0.0,0,-25.28,-15.98,[],0,0,[],[]
35955390,35956380,NA,NOF,0.0,1094,AICM,NA,NA,NA,NA,0.0,0,-35.51,-22.26,[],0,0,[],[]
35956380,35957380,MAL,MAN,4.14,1094,AICM,RC,0,NT,FH,0.0,0,-34.27,-27.2,[],0,0,[],[]
35957380,35958580,NA,SIL,0.0,1094,AICM,NA,NA,NA,NA,0.0,0,-45.87,-40.44,[],0,0,[],[]
35958580,35960430,NA,OLF,0.0,1094,AICM,NA,NA,NA,NA,0.0,0,-40.57,-30.95,[],0,0,[],[]
35960430,35962100,MAL,MAN,5.7,1094,AICM,RC,0,NT,FH,0.0,0,-34.88,-25.49,[],0,0,[],[]
35962100,35963110,FEM,FAN,4.09,1094,AICM,RC,0,NT,FI,0.0,0,-36.6,-28.82,[],0,0,[],[]
35963110,35964220,NA,NOF,0.0,1094,AICM,NA,NA,NA,NA,0.0,0,-41.33,-32.18,[],0,0,[],[]
35964220,35965480,MAL,MAN,3.36,1094,AICM,RC,0,NT,FI,0.0,0,-34.82,-28.57,[],0,0,[],[]
35965480,35966530,NA,NOF,0.0,1094,AICM,NA,NA,NA,NA,0.0,0,-40.97,-29.75,[],0,0,[],[]
35966530,35967410,NA,OLN,0.0,1094,AICM,NA,NA,NA,NA,0.0,0,-29.7,-24.17,[],0,0,[],[]
35967410,35968540,MAL,MAN,5.55,1094,AICM,RC,0,NT,FH,0.0,0,-32.34,-24.43,[],0,0,[],[]
35968540,35969840,NA,SIL,0.0,1094,AICM,NA,NA,NA,NA,0.0,0,-47.23,-41.89,[],0,0,[],[]
35969840,35971290,FEM,FAN,5.31,1094,AICM,RC,0,NT,FI,0.0,0,-36.68,-24.95,[],0,0,[],[]
35971290,35973130,NA,SIL,0.0,1094,AICM,NA,NA,NA,NA,0.0,0,-44.72,-36.6,[],0,0,[],[]
35973130,35973930,NA,NOF,0.0,1094,AICM,NA,NA,NA,NA,0.0,0,-31.07,-18.56,[],0,0,[],[]
35973930,35975220,FEM,FAN,7.24,1094,AICM,RC,0,NT,FH,0.0,0,-28.64,-20.97,[],0,0,[],[]
35975220,35976020,NA,NOF,0.0,1094,AICM,NA,NA,NA,NA,0.0,0,-29.13,-19.18,[],0,0,[],[]
35976020,35977050,NA,MAF,0.0,1094,AICM,NA,NA,NA,NA,0.0,0,-26.59,-15.66,[],0,0,[],[]
35977050,35977870,NA,NOF,0.0,1094,AICM,NA,NA,NA,NA,0.0,0,-30.08,-17.8,[],0,0,[],[]
35977870,35978870,FEM,FAN,1.89,1094,AICM,RC,0,NT,FH,0.0,0,-28.45,-16.3,[],0,0,[],[]
35978870,35979470,CHI,CHN,0.0,1094,AICM,NA,NA,NA,NA,0.0,0,-28.3,-21.6,[],0,320,[],"[{'start': 35978.87, 'end': 35979.19}]"
35979470,35980980,FEM,FAN,3.44,1094,AICM,RC,0,NT,FH,0.0,0,-33.25,-22.01,[],0,0,[],[]
35980980,35981780,NA,SIL,0.0,1094,AICM,NA,NA,NA,NA,0.0,0,-42.64,-32.08,[],0,0,[],[]
35981780,35982830,MAL,MAN,3.7,1094,AICM,RC,0,NT,FI,0.0,0,-34.67,-22.73,[],0,0,[],[]
35982830,35983930,NA,SIL,0.0,1094,AICM,NA,NA,NA,NA,0.0,0,-44.2,-31.98,[],0,0,[],[]
35983930,35985110,FEM,FAN,5.96,1094,AICM,RC,0,NT,FI,0.0,0,-35.75,-28.12,[],0,0,[],[]
35985110,35986200,NA,SIL,0.0,1094,AICM,NA,NA,NA,NA,0.0,0,-33.44,-20.5,[],0,0,[],[]
35986200,35987200,MAL,MAN,3.72,1094,AICM,RC,0,NT,FI,0.0,0,-36.42,-27.93,[],0,0,[],[]
35987200,35988010,NA,NOF,0.0,1094,AICM,NA,NA,NA,NA,0.0,0,-29.0,-12.91,[],0,0,[],[]
35988010,35988810,NA,SIL,0.0,1094,AICM,NA,NA,NA,NA,0.0,0,-40.51,-33.41,[],0,0,[],[]
35988810,35989610,NA,MAF,0.0,1094,AICM,NA,NA,NA,NA,0.0,0,-38.72,-30.39,[],0,0,[],[]
35989610,35990690,NA,SIL,0.0,1094,AICM,NA,NA,NA,NA,0.0,0,-42.75,-31.69,[],0,0,[],[]
35990690,35992100,MAL,MAN,4.76,1094,AICM,RC,0,TIMI,FH,0.0,0,-29.91,-20.78,[],0,0,[],[]
35992100,35993270,NA,NOF,0.0,1094,AICM,NA,NA,NA,NA,0.0,0,-29.38,-13.42,[],0,0,[],[]
35993270,35993870,NA,OLF,0.0,1094,AICM,NA,NA,NA,NA,0.0,0,-31.16,-25.41,[],0,0,[],[]
35993870,35995380,NA,NOF,0.0,1094,AICM,NA,NA,NA,NA,0.0,0,-35.85,-24.9,[],0,0,[],[]
35995380,35996180,NA,OLF,0.0,1094,AICM,NA,NA,NA,NA,0.0,0,-24.53,-10.59,[],0,0,[],[]
35996180,35996780,CHI,CHN,0.0,1094,AICM,EC,1,TIMR,FI,1.0,600,-20.14,-10.75,"[{'Canonical-syllable': '1', 'Growl': '0', 'High-freq-energy': '0', 'Long-island': '0', 'Low-tilt-spectrum': '0', 'Medium-island': '0', 'Short-island': '1', 'Squeal': '0', 'Typical-entropy': '1', 'Voicing-quality': '2', 'Wide-band': '0', 'Xlong-island': '0', 'seq': '1', 'end': 35996.78, 'start': 35996.36}]",0,0,[],[]
35996780,35997920,NA,OLN,0.0,1095,pause,NA,NA,NA,NA,0.0,0,-24.03,-10.95,[],0,0,[],[]
35997920,36000790,NA,OLF,0.0,1095,pause,NA,NA,NA,NA,0.0,0,-34.27,-16.63,[],0,0,[],[]
36000790,36002010,NA,NOF,0.0,1095,pause,NA,NA,NA,NA,0.0,0,-34.01,-18.58,[],0,0,[],[]
36002010,36003100,NA,OLN,0.0,1095,pause,NA,NA,NA,NA,0.0,0,-28.71,-17.97,[],0,0,[],[]
36003100,36004200,FEM,FAN,5.0,1095,AMF,BC,0,NT,FI,0.0,0,-33.31,-23.73,[],0,0,[],[]
36004200,36005000,NA,OLF,0.0,1095,AMF,NA,NA,NA,NA,0.0,0,-23.71,-7.95,[],0,0,[],[]
36005000,36005890,NA,NOF,0.0,1095,AMF,NA,NA,NA,NA,0.0,0,-37.61,-24.19,[],0,0,[],[]
36005890,36006720,NA,OLF,0.0,1095,AMF,NA,NA,NA,NA,0.0,0,-35.67,-28.3,[],0,0,[],[]
36006720,36007860,NA,SIL,0.0,1095,AMF,NA,NA,NA,NA,0.0,0,-41.5,-30.72,[],0,0,[],[]
36007860,36008880,MAL,MAN,4.56,1095,AMF,RC,0,NT,FI,0.0,0,-31.9,-23.53,[],0,0,[],[]
36008880,36009790,NA,SIL,0.0,1095,AMF,NA,NA,NA,NA,0.0,0,-43.09,-31.42,[],0,0,[],[]
36009790,36011030,NA,NOF,0.0,1095,AMF,NA,NA,NA,NA,0.0,0,-37.84,-27.47,[],0,0,[],[]
36011030,36012190,FEM,FAN,3.25,1095,AMF,RC,0,NT,FI,0.0,0,-32.51,-24.85,[],0,0,[],[]
36012190,36013050,NA,SIL,0.0,1095,AMF,NA,NA,NA,NA,0.0,0,-40.17,-32.31,[],0,0,[],[]
36013050,36014240,NA,OLF,0.0,1095,AMF,NA,NA,NA,NA,0.0,0,-36.32,-28.34,[],0,0,[],[]
36014240,36015730,MAL,MAN,5.47,1095,AMF,RC,0,NT,FI,0.0,0,-31.72,-21.89,[],0,0,[],[]
36015730,36016960,NA,OLF,0.0,1095,AMF,NA,NA,NA,NA,0.0,0,-37.58,-25.93,[],0,0,[],[]
36016960,36018000,MAL,MAN,2.62,1095,AMF,RC,0,NT,FH,0.0,0,-29.6,-22.95,[],0,0,[],[]
36018000,36018840,NA,OLF,0.0,1095,AMF,NA,NA,NA,NA,0.0,0,-34.6,-26.3,[],0,0,[],[]
36018840,36020100,MAL,MAN,3.79,1095,AMF,RC,0,NT,FH,0.0,0,-32.57,-23.41,[],0,0,[],[]
36020100,36021740,NA,OLF,0.0,1095,AMF,NA,NA,NA,NA,0.0,0,-35.91,-21.44,[],0,0,[],[]
36021740,36022540,MAL,MAN,3.42,1095,AMF,EC,0,NT,FH,0.0,0,-31.84,-22.81,[],0,0,[],[]
36022540,36023410,NA,NOF,0.0,1096,pause,NA,NA,NA,NA,0.0,0,-38.73,-32.58,[],0,0,[],[]
36023410,36024610,NA,OLF,0.0,1096,pause,NA,NA,NA,NA,0.0,0,-30.23,-12.09,[],0,0,[],[]
36024610,36025410,NA,NOF,0.0,1096,pause,NA,NA,NA,NA,0.0,0,-35.04,-23.29,[],0,0,[],[]
36025410,36027870,NA,OLF,0.0,1096,pause,NA,NA,NA,NA,0.0,0,-32.61,-25.67,[],0,0,[],[]
36027870,36028720,NA,NOF,0.0,1096,pause,NA,NA,NA,NA,0.0,0,-32.12,-23.57,[],0,0,[],[]
36028720,36030770,NA,OLF,0.0,1096,pause,NA,NA,NA,NA,0.0,0,-31.3,-18.59,[],0,0,[],[]
36030770,36031760,NA,NOF,0.0,1096,pause,NA,NA,NA,NA,0.0,0,-32.76,-30.5,[],0,0,[],[]
36031760,36032770,MAL,MAN,4.05,1096,AMM,BC,0,NT,FI,0.0,0,-29.68,-26.91,[],0,0,[],[]
36032770,36034210,NA,NOF,0.0,1096,AMM,NA,NA,NA,NA,0.0,0,-27.62,-12.97,[],0,0,[],[]
36034210,36035210,MAL,MAN,3.21,1096,AMM,RC,0,NT,FH,0.0,0,-29.44,-22.98,[],0,0,[],[]
36035210,36036300,NA,NOF,0.0,1096,AMM,NA,NA,NA,NA,0.0,0,-30.87,-24.57,[],0,0,[],[]
36036300,36037100,NA,OLF,0.0,1096,AMM,NA,NA,NA,NA,0.0,0,-31.76,-25.06,[],0,0,[],[]
36037100,36037920,NA,NOF,0.0,1096,AMM,NA,NA,NA,NA,0.0,0,-32.06,-28.02,[],0,0,[],[]
36037920,36038900,NA,OLN,0.0,1096,AMM,NA,NA,NA,NA,0.0,0,-30.84,-23.8,[],0,0,[],[]
36038900,36040130,NA,NOF,0.0,1096,AMM,NA,NA,NA,NA,0.0,0,-34.69,-31.54,[],0,0,[],[]
36040130,36041240,MAL,MAN,3.95,1096,AMM,EC,0,NT,FH,0.0,0,-30.89,-25.52,[],0,0,[],[]
36041240,36042100,NA,SIL,0.0,1097,pause,NA,NA,NA,NA,0.0,0,-34.05,-31.11,[],0,0,[],[]
36042100,36043340,NA,OLF,0.0,1097,pause,NA,NA,NA,NA,0.0,0,-33.02,-28.06,[],0,0,[],[]
36043340,36044400,NA,MAF,0.0,1097,pause,NA,NA,NA,NA,0.0,0,-32.34,-29.57,[],0,0,[],[]
36044400,36045250,NA,OLF,0.0,1097,pause,NA,NA,NA,NA,0.0,0,-30.67,-28.81,[],0,0,[],[]
36045250,36046090,NA,NOF,0.0,1097,pause,NA,NA,NA,NA,0.0,0,-33.4,-29.47,[],0,0,[],[]
36046090,36047280,NA,OLN,0.0,1097,pause,NA,NA,NA,NA,0.0,0,-30.46,-15.85,[],0,0,[],[]
36047280,36048080,NA,NOF,0.0,1097,pause,NA,NA,NA,NA,0.0,0,-36.85,-33.02,[],0,0,[],[]
36048080,36058420,NA,OLF,0.0,1097,pause,NA,NA,NA,NA,0.0,0,-35.44,-14.51,[],0,0,[],[]
36058420,36059460,CHI,CHN,0.0,1097,CM,BC,0,NT,FI,1.0,1040,-17.27,-8.73,"[{'Canonical-syllable': '2', 'Growl': '0', 'High-freq-energy': '0', 'Long-island': '0', 'Low-tilt-spectrum': '2', 'Medium-island': '0', 'Short-island': '3', 'Squeal': '0', 'Typical-entropy': '3', 'Voicing-quality': '3', 'Wide-band': '0', 'Xlong-island': '0', 'seq': '1', 'end': 36059.46, 'start': 36058.42}]",0,0,[],[]
36059460,36060500,NA,OLN,0.0,1097,CM,NA,NA,NA,NA,0.0,0,-33.28,-23.36,[],0,0,[],[]
36060500,36061300,NA,NOF,0.0,1097,CM,NA,NA,NA,NA,0.0,0,-39.31,-35.04,[],0,0,[],[]
36061300,36062740,NA,OLF,0.0,1097,CM,NA,NA,NA,NA,0.0,0,-38.27,-33.92,[],0,0,[],[]
36062740,36065800,CHI,CHN,0.0,1097,CM,RC,0,NT,FH,2.0,2570,-17.89,-9.78,"[{'Canonical-syllable': '3', 'Growl': '0', 'High-freq-energy': '0', 'Long-island': '0', 'Low-tilt-spectrum': '1', 'Medium-island': '2', 'Short-island': '1', 'Squeal': '0', 'Typical-entropy': '2', 'Voicing-quality': '4', 'Wide-band': '0', 'Xlong-island': '0', 'seq': '1', 'end': 36064.15, 'start': 36062.74}, {'Canonical-syllable': '1', 'Growl': '1', 'High-freq-energy': '0', 'Long-island': '1', 'Low-tilt-spectrum': '3', 'Medium-island': '0', 'Short-island': '2', 'Squeal': '0', 'Typical-entropy': '2', 'Voicing-quality': '3', 'Wide-band': '0', 'Xlong-island': '0', 'seq': '2', 'end': 36065.8, 'start': 36064.64}]",0,0,[],[]
36065800,36067310,NA,MAF,0.0,1097,CM,NA,NA,NA,NA,0.0,0,-36.26,-26.26,[],0,0,[],[]
36067310,36068110,NA,NOF,0.0,1097,CM,NA,NA,NA,NA,0.0,0,-38.77,-32.02,[],0,0,[],[]
36068110,36070030,CHI,CHN,0.0,1097,CM,RC,0,NT,FH,1.0,1810,-21.09,-12.93,"[{'Canonical-syllable': '2', 'Growl': '1', 'High-freq-energy': '0', 'Long-island': '1', 'Low-tilt-spectrum': '1', 'Medium-island': '1', 'Short-island': '2', 'Squeal': '0', 'Typical-entropy': '2', 'Voicing-quality': '4', 'Wide-band': '0', 'Xlong-island': '0', 'seq': '1', 'end': 36069.92, 'start': 36068.11}]",0,0,[],[]
36070030,36071440,NA,NOF,0.0,1097,CM,NA,NA,NA,NA,0.0,0,-33.22,-22.64,[],0,0,[],[]
36071440,36072040,CHI,CHN,0.0,1097,CM,RC,0,NT,FH,1.0,420,-22.49,-15.06,"[{'Canonical-syllable': '0', 'Growl': '0', 'High-freq-energy': '0', 'Long-island': '0', 'Low-tilt-spectrum': '1', 'Medium-island': '1', 'Short-island': '0', 'Squeal': '0', 'Typical-entropy': '1', 'Voicing-quality': '1', 'Wide-band': '0', 'Xlong-island': '0', 'seq': '1', 'end': 36071.86, 'start': 36071.56}]",0,0,[],[]
36072040,36072900,NA,NOF,0.0,1097,CM,NA,NA,NA,NA,0.0,0,-38.46,-29.61,[],0,0,[],[]
36072900,36073500,CHI,CHN,0.0,1097,CM,NA,NA,NA,NA,0.0,0,-17.96,-10.74,[],0,400,"[{'start': 36073.1, 'end': 36073.5}]",[]
36073500,36074620,NA,OLF,0.0,1097,CM,NA,NA,NA,NA,0.0,0,-18.92,-1.42,[],0,0,[],[]
36074620,36075720,CHI,CHN,0.0,1097,CM,RC,0,NT,FH,2.0,510,-23.74,-15.43,"[{'Canonical-syllable': '0', 'Growl': '0', 'High-freq-energy': '0', 'Long-island': '0', 'Low-tilt-spectrum': '1', 'Medium-island': '1', 'Short-island': '0', 'Squeal': '0', 'Typical-entropy': '1', 'Voicing-quality': '1', 'Wide-band': '0', 'Xlong-island': '0', 'seq': '1', 'end': 36074.89, 'start': 36074.62}, {'Canonical-syllable': '1', 'Growl': '0', 'High-freq-energy': '0', 'Long-island': '0', 'Low-tilt-spectrum': '0', 'Medium-island': '0', 'Short-island': '1', 'Squeal': '0', 'Typical-entropy': '0', 'Voicing-quality': '1', 'Wide-band': '0', 'Xlong-island': '0', 'seq': '2', 'end': 36075.72, 'start': 36075.48}]",0,0,[],[]
36075720,36077180,NA,NOF,0.0,1097,CM,NA,NA,NA,NA,0.0,0,-29.77,-11.51,[],0,0,[],[]
36077180,36078330,CHI,CHN,0.0,1097,CM,RC,0,NT,FH,1.0,930,-28.36,-19.97,"[{'Canonical-syllable': '1', 'Growl': '2', 'High-freq-energy': '0', 'Long-island': '0', 'Low-tilt-spectrum': '0', 'Medium-island': '0', 'Short-island': '3', 'Squeal': '0', 'Typical-entropy': '1', 'Voicing-quality': '3', 'Wide-band': '0', 'Xlong-island': '0', 'seq': '1', 'end': 36078.11, 'start': 36077.18}]",0,0,[],[]
36078330,36079310,NA,SIL,0.0,1097,CM,NA,NA,NA,NA,0.0,0,-40.16,-31.45,[],0,0,[],[]
36079310,36080290,CHI,CHN,0.0,1097,CM,RC,0,NT,FH,1.0,980,-19.25,-12.24,"[{'Canonical-syllable': '0', 'Growl': '0', 'High-freq-energy': '0', 'Long-island': '0', 'Low-tilt-spectrum': '1', 'Medium-island': '2', 'Short-island': '0', 'Squeal': '0', 'Typical-entropy': '1', 'Voicing-quality': '2', 'Wide-band': '0', 'Xlong-island': '0', 'seq': '1', 'end': 36080.29, 'start': 36079.31}]",0,0,[],[]
36080290,36081600,NA,NOF,0.0,1097,CM,NA,NA,NA,NA,0.0,0,-32.12,-16.03,[],0,0,[],[]
36081600,36082200,CHI,CHN,0.0,1097,CM,RC,0,NT,FH,1.0,280,-30.94,-22.95,"[{'Canonical-syllable': '0', 'Growl': '2', 'High-freq-energy': '0', 'Long-island': '0', 'Low-tilt-spectrum': '1', 'Medium-island': '0', 'Short-island': '0', 'Squeal': '0', 'Typical-entropy': '0', 'Voicing-quality': '1', 'Wide-band': '0', 'Xlong-island': '0', 'seq': '1', 'end': 36082.2, 'start': 36081.92}]",0,0,[],[]
36082200,36083410,CHI,CHN,0.0,1097,CM,RC,0,NT,FH,2.0,500,-30.01,-15.03,"[{'Canonical-syllable': '0', 'Growl': '1', 'High-freq-energy': '0', 'Long-island': '0', 'Low-tilt-spectrum': '1', 'Medium-island': '0', 'Short-island': '1', 'Squeal': '0', 'Typical-entropy': '1', 'Voicing-quality': '0', 'Wide-band': '1', 'Xlong-island': '0', 'seq': '1', 'end': 36082.38, 'start': 36082.2}, {'Canonical-syllable': '0', 'Growl': '2', 'High-freq-energy': '0', 'Long-island': '0', 'Low-tilt-spectrum': '1', 'Medium-island': '0', 'Short-island': '1', 'Squeal': '0', 'Typical-entropy': '2', 'Voicing-quality': '2', 'Wide-band': '1', 'Xlong-island': '0', 'seq': '2', 'end': 36083.2, 'start': 36082.88}]",0,0,[],[]
36083410,36084250,CHI,CHN,0.0,1097,CM,RC,0,NT,FH,1.0,840,-18.91,-11.57,"[{'Canonical-syllable': '1', 'Growl': '0', 'High-freq-energy': '0', 'Long-island': '0', 'Low-tilt-spectrum': '2', 'Medium-island': '1', 'Short-island': '1', 'Squeal': '0', 'Typical-entropy': '2', 'Voicing-quality': '2', 'Wide-band': '0', 'Xlong-island': '0', 'seq': '1', 'end': 36084.25, 'start': 36083.41}]",0,0,[],[]
36084250,36086320,NA,NOF,0.0,1097,CM,NA,NA,NA,NA,0.0,0,-42.4,-33.09,[],0,0,[],[]
36086320,36088490,CHI,CHN,0.0,1097,CM,EC,0,NT,FH,2.0,1710,-25.35,-13.13,"[{'Canonical-syllable': '0', 'Growl': '1', 'High-freq-energy': '0', 'Long-island': '0', 'Low-tilt-spectrum': '0', 'Medium-island': '0', 'Short-island': '1', 'Squeal': '0', 'Typical-entropy': '0', 'Voicing-quality': '1', 'Wide-band': '0', 'Xlong-island': '0', 'seq': '1', 'end': 36086.51, 'start': 36086.32}, {'Canonical-syllable': '1', 'Growl': '2', 'High-freq-energy': '0', 'Long-island': '0', 'Low-tilt-spectrum': '3', 'Medium-island': '2', 'Short-island': '1', 'Squeal': '0', 'Typical-entropy': '2', 'Voicing-quality': '4', 'Wide-band': '0', 'Xlong-island': '0', 'seq': '2', 'end': 36088.49, 'start': 36086.97}]",0,0,[],[]
36088490,36089290,NA,NOF,0.0,1098,pause,NA,NA,NA,NA,0.0,0,-42.59,-36.47,[],0,0,[],[]
36089290,36091040,NA,SIL,0.0,1098,pause,NA,NA,NA,NA,0.0,0,-44.48,-39.65,[],0,0,[],[]
36091040,36097090,NA,NON,0.0,1098,pause,NA,NA,NA,NA,0.0,0,-46.65,-39.71,[],0,0,[],[]
36097090,36102400,NA,SIL,0.0,1098,pause,NA,NA,NA,NA,0.0,0,-45.24,-35.55,[],0,0,[],[]
36102400,36110170,NA,NOF,0.0,1098,pause,NA,NA,NA,NA,0.0,0,-40.29,-27.73,[],0,0,[],[]
36110170,36111110,NA,SIL,0.0,1098,pause,NA,NA,NA,NA,0.0,0,-45.03,-36.87,[],0,0,[],[]
36111110,36112550,NA,NOF,0.0,1098,pause,NA,NA,NA,NA,0.0,0,-43.84,-27.5,[],0,0,[],[]
36112550,36120260,NA,SIL,0.0,1098,pause,NA,NA,NA,NA,0.0,0,-46.02,-31.99,[],0,0,[],[]
36120260,36121540,MAL,MAN,0.0,1098,pause,NA,NA,NA,NA,0.0,0,-37.05,-28.96,[],1280,0,[],[]
36121540,36123170,NA,NOF,0.0,1098,pause,NA,NA,NA,NA,0.0,0,-23.84,-4.74,[],0,0,[],[]
36123170,36123970,NA,OLN,0.0,1098,pause,NA,NA,NA,NA,0.0,0,-30.98,-24.9,[],0,0,[],[]
36123970,36124770,NA,NOF,0.0,1098,pause,NA,NA,NA,NA,0.0,0,-37.61,-28.57,[],0,0,[],[]
36124770,36126130,CHI,CHN,0.0,1098,CM,BC,0,NT,FI,1.0,1360,-26.72,-18.52,"[{'Canonical-syllable': '1', 'Growl': '1', 'High-freq-energy': '0', 'Long-island': '0', 'Low-tilt-spectrum': '0', 'Medium-island': '2', 'Short-island': '1', 'Squeal': '0', 'Typical-entropy': '1', 'Voicing-quality': '3', 'Wide-band': '0', 'Xlong-island': '0', 'seq': '1', 'end': 36126.13, 'start': 36124.77}]",0,0,[],[]
36126130,36126930,NA,OLF,0.0,1098,CM,NA,NA,NA,NA,0.0,0,-42.04,-35.95,[],0,0,[],[]
36126930,36128330,CHI,CHN,0.0,1098,CM,RC,0,NT,FH,1.0,1400,-31.63,-23.25,"[{'Canonical-syllable': '1', 'Growl': '1', 'High-freq-energy': '0', 'Long-island': '0', 'Low-tilt-spectrum': '0', 'Medium-island': '2', 'Short-island': '1', 'Squeal': '0', 'Typical-entropy': '0', 'Voicing-quality': '3', 'Wide-band': '0', 'Xlong-island': '0', 'seq': '1', 'end': 36128.33, 'start': 36127.04}]",0,0,[],[]
36128330,36131170,NA,NOF,0.0,1098,CM,NA,NA,NA,NA,0.0,0,-45.79,-36.64,[],0,0,[],[]
36131170,36131770,CHI,CHN,0.0,1098,CM,RC,0,NT,FH,1.0,440,-31.59,-24.75,"[{'Canonical-syllable': '0', 'Growl': '1', 'High-freq-energy': '0', 'Long-island': '0', 'Low-tilt-spectrum': '0', 'Medium-island': '1', 'Short-island': '0', 'Squeal': '0', 'Typical-entropy': '0', 'Voicing-quality': '1', 'Wide-band': '0', 'Xlong-island': '0', 'seq': '1', 'end': 36131.61, 'start': 36131.29}]",0,0,[],[]
36131770,36132760,NA,NOF,0.0,1098,CM,NA,NA,NA,NA,0.0,0,-42.0,-33.26,[],0,0,[],[]
36132760,36134550,CHI,CHN,0.0,1098,CM,RC,0,NT,FH,2.0,1220,-22.66,-13.29,"[{'Canonical-syllable': '0', 'Growl': '1', 'High-freq-energy': '0', 'Long-island': '0', 'Low-tilt-spectrum': '1', 'Medium-island': '0', 'Short-island': '1', 'Squeal': '0', 'Typical-entropy': '1', 'Voicing-quality': '1', 'Wide-band': '0', 'Xlong-island': '0', 'seq': '1', 'end': 36132.98, 'start': 36132.76}, {'Canonical-syllable': '1', 'Growl': '1', 'High-freq-energy': '1', 'Long-island': '0', 'Low-tilt-spectrum': '2', 'Medium-island': '1', 'Short-island': '1', 'Squeal': '0', 'Typical-entropy': '1', 'Voicing-quality': '3', 'Wide-band': '0', 'Xlong-island': '0', 'seq': '2', 'end': 36134.39, 'start': 36133.39}]",0,0,[],[]
36134550,36136030,NA,NOF,0.0,1098,CM,NA,NA,NA,NA,0.0,0,-43.68,-29.65,[],0,0,[],[]
36136030,36136630,CHI,CHN,0.0,1098,CM,NA,NA,NA,NA,0.0,0,-19.31,-12.1,[],0,300,"[{'start': 36136.33, 'end': 36136.63}]",[]
36136630,36137440,NA,OLN,0.0,1098,CM,NA,NA,NA,NA,0.0,0,-18.52,-4.82,[],0,0,[],[]
36137440,36138050,CHI,CHN,0.0,1098,CM,RC,0,NT,FH,1.0,610,-14.91,-6.92,"[{'Canonical-syllable': '1', 'Growl': '0', 'High-freq-energy': '1', 'Long-island': '0', 'Low-tilt-spectrum': '1', 'Medium-island': '1', 'Short-island': '0', 'Squeal': '0', 'Typical-entropy': '1', 'Voicing-quality': '1', 'Wide-band': '0', 'Xlong-island': '0', 'seq': '1', 'end': 36138.05, 'start': 36137.44}]",0,0,[],[]
36138050,36138850,NA,OLN,0.0,1098,CM,NA,NA,NA,NA,0.0,0,-17.69,-5.14,[],0,0,[],[]
36138850,36140440,CHI,CHN,0.0,1098,CM,RC,0,NT,FH,3.0,640,-24.05,-6.92,"[{'Canonical-syllable': '0', 'Growl': '1', 'High-freq-energy': '0', 'Long-island': '0', 'Low-tilt-spectrum': '0', 'Medium-island': '0', 'Short-island': '1', 'Squeal': '0', 'Typical-entropy': '1', 'Voicing-quality': '1', 'Wide-band': '0', 'Xlong-island': '0', 'seq': '1', 'end': 36139.06, 'start': 36138.85}, {'Canonical-syllable': '0', 'Growl': '0', 'High-freq-energy': '0', 'Long-island': '0', 'Low-tilt-spectrum': '0', 'Medium-island': '0', 'Short-island': '1', 'Squeal': '0', 'Typical-entropy': '1', 'Voicing-quality': '1', 'Wide-band': '0', 'Xlong-island': '0', 'seq': '2', 'end': 36139.85, 'start': 36139.67}, {'Canonical-syllable': '0', 'Growl': '0', 'High-freq-energy': '0', 'Long-island': '0', 'Low-tilt-spectrum': '1', 'Medium-island': '0', 'Short-island': '1', 'Squeal': '0', 'Typical-entropy': '1', 'Voicing-quality': '0', 'Wide-band': '0', 'Xlong-island': '0', 'seq': '3', 'end': 36140.44, 'start': 36140.19}]",0,0,[],[]
36140440,36142070,CHI,CHN,0.0,1098,CM,RC,0,NT,FH,1.0,680,-23.84,-12.31,"[{'Canonical-syllable': '0', 'Growl': '0', 'High-freq-energy': '0', 'Long-island': '0', 'Low-tilt-spectrum': '1', 'Medium-island': '0', 'Short-island': '2', 'Squeal': '0', 'Typical-entropy': '1', 'Voicing-quality': '2', 'Wide-band': '1', 'Xlong-island': '0', 'seq': '1', 'end': 36141.97, 'start': 36141.29}]",0,0,[],[]
36142070,36142900,CHI,CHN,0.0,1098,CM,EC,0,NT,FH,1.0,830,-19.54,-13.96,"[{'Canonical-syllable': '0', 'Growl': '0', 'High-freq-energy': '0', 'Long-island': '1', 'Low-tilt-spectrum': '0', 'Medium-island': '0', 'Short-island': '0', 'Squeal': '0', 'Typical-entropy': '1', 'Voicing-quality': '1', 'Wide-band': '0', 'Xlong-island': '0', 'seq': '1', 'end': 36142.9, 'start': 36142.07}]",0,0,[],[]
36142900,36143910,NA,MAF,0.0,1099,pause,NA,NA,NA,NA,0.0,0,-42.42,-35.1,[],0,0,[],[]
36143910,36144710,NA,NOF,0.0,1099,pause,NA,NA,NA,NA,0.0,0,-46.87,-40.05,[],0,0,[],[]
36144710,36147450,NA,SIL,0.0,1099,pause,NA,NA,NA,NA,0.0,0,-47.8,-36.49,[],0,0,[],[]
36147450,36148270,NA,NOF,0.0,1099,pause,NA,NA,NA,NA,0.0,0,-46.3,-40.03,[],0,0,[],[]
36148270,36149070,NA,SIL,0.0,1099,pause,NA,NA,NA,NA,0.0,0,-45.73,-40.21,[],0,0,[],[]
36149070,36150350,NA,NON,0.0,1099,pause,NA,NA,NA,NA,0.0,0,-39.99,-28.21,[],0,0,[],[]
36150350,36151200,CHI,CHN,0.0,1099,CM,EC,0,NT,FI,1.0,850,-27.86,-24.5,"[{'Canonical-syllable': '0', 'Growl': '0', 'High-freq-energy': '0', 'Long-island': '1', 'Low-tilt-spectrum': '0', 'Medium-island': '0', 'Short-island': '0', 'Squeal': '0', 'Typical-entropy': '0', 'Voicing-quality': '1', 'Wide-band': '0', 'Xlong-island': '0', 'seq': '1', 'end': 36151.2, 'start': 36150.35}]",0,0,[],[]
36151200,36152000,NA,SIL,0.0,1100,pause,NA,NA,NA,NA,0.0,0,-50.42,-46.09,[],0,0,[],[]
36152000,36153030,NA,NOF,0.0,1100,pause,NA,NA,NA,NA,0.0,0,-35.45,-22.69,[],0,0,[],[]
36153030,36154110,NA,SIL,0.0,1100,pause,NA,NA,NA,NA,0.0,0,-49.26,-39.61,[],0,0,[],[]
36154110,36155490,CHI,CHN,0.0,1100,pause,NA,NA,NA,NA,0.0,0,-26.9,-18.72,[],0,1380,"[{'start': 36154.11, 'end': 36155.49}]",[]
36155490,36159780,NA,SIL,0.0,1100,pause,NA,NA,NA,NA,0.0,0,-50.02,-36.82,[],0,0,[],[]
36159780,36161880,NA,NOF,0.0,1100,pause,NA,NA,NA,NA,0.0,0,-43.89,-34.43,[],0,0,[],[]
36161880,36164130,NA,SIL,0.0,1100,pause,NA,NA,NA,NA,0.0,0,-48.48,-37.14,[],0,0,[],[]
36164130,36165090,CHI,CHN,0.0,1100,pause,NA,NA,NA,NA,0.0,0,-19.37,-11.87,[],0,640,"[{'start': 36164.34, 'end': 36164.98}]",[]
36165090,36166630,NA,NOF,0.0,1100,pause,NA,NA,NA,NA,0.0,0,-47.25,-38.57,[],0,0,[],[]
36166630,36168040,CHI,CHN,0.0,1100,CM,EC,0,NT,FI,1.0,1340,-29.4,-22.3,"[{'Canonical-syllable': '1', 'Growl': '1', 'High-freq-energy': '0', 'Long-island': '0', 'Low-tilt-spectrum': '2', 'Medium-island': '2', 'Short-island': '1', 'Squeal': '0', 'Typical-entropy': '2', 'Voicing-quality': '3', 'Wide-band': '0', 'Xlong-island': '0', 'seq': '1', 'end': 36167.97, 'start': 36166.63}]",0,0,[],[]
36168040,36168950,NA,SIL,0.0,1101,pause,NA,NA,NA,NA,0.0,0,-39.77,-21.49,[],0,0,[],[]
36168950,36170150,NA,MAF,0.0,1101,pause,NA,NA,NA,NA,0.0,0,-39.38,-30.98,[],0,0,[],[]
36170150,36172060,NA,NOF,0.0,1101,pause,NA,NA,NA,NA,0.0,0,-44.0,-34.75,[],0,0,[],[]
36172060,36172970,NA,SIL,0.0,1101,pause,NA,NA,NA,NA,0.0,0,-46.77,-41.69,[],0,0,[],[]
36172970,36174480,NA,MAF,0.0,1101,pause,NA,NA,NA,NA,0.0,0,-37.57,-29.08,[],0,0,[],[]
36174480,36176060,NA,SIL,0.0,1101,pause,NA,NA,NA,NA,0.0,0,-46.0,-39.52,[],0,0,[],[]
36176060,36177240,NA,MAF,0.0,1101,pause,NA,NA,NA,NA,0.0,0,-38.98,-32.88,[],0,0,[],[]
36177240,36178080,NA,SIL,0.0,1101,pause,NA,NA,NA,NA,0.0,0,-44.15,-37.86,[],0,0,[],[]
36178080,36179080,MAL,MAN,2.15,1101,AMM,EC,0,NT,FI,0.0,0,-37.43,-30.0,[],0,0,[],[]
36179080,36181430,NA,SIL,0.0,1102,pause,NA,NA,NA,NA,0.0,0,-44.58,-29.67,[],0,0,[],[]
36181430,36182430,NA,MAF,0.0,1102,pause,NA,NA,NA,NA,0.0,0,-39.84,-34.26,[],0,0,[],[]
36182430,36184600,NA,NOF,0.0,1102,pause,NA,NA,NA,NA,0.0,0,-42.2,-36.41,[],0,0,[],[]
36184600,36186510,NA,SIL,0.0,1102,pause,NA,NA,NA,NA,0.0,0,-46.24,-40.11,[],0,0,[],[]
36186510,36189440,NA,NOF,0.0,1102,pause,NA,NA,NA,NA,0.0,0,-43.57,-29.97,[],0,0,[],[]
36189440,36191410,NA,SIL,0.0,1102,pause,NA,NA,NA,NA,0.0,0,-48.11,-36.49,[],0,0,[],[]
36191410,36192410,MAL,MAN,5.75,1102,AICM,BC,0,NT,FI,0.0,0,-41.76,-36.22,[],0,0,[],[]
36192410,36193270,NA,SIL,0.0,1102,AICM,NA,NA,NA,NA,0.0,0,-49.51,-42.23,[],0,0,[],[]
36193270,36194070,NA,NOF,0.0,1102,AICM,NA,NA,NA,NA,0.0,0,-43.09,-30.06,[],0,0,[],[]
36194070,36195300,NA,MAF,0.0,1102,AICM,NA,NA,NA,NA,0.0,0,-42.08,-33.94,[],0,0,[],[]
36195300,36197010,NA,NOF,0.0,1102,AICM,NA,NA,NA,NA,0.0,0,-44.09,-25.4,[],0,0,[],[]
36197010,36197830,OCH,CXN,0.0,1102,AICM,RC,0,NT,FI,0.0,0,-29.82,-25.23,[],0,0,[],[]
36197830,36198430,CHI,CHN,0.0,1102,AICM,RC,0,TIMI,FI,1.0,600,-28.75,-23.92,"[{'Canonical-syllable': '2', 'Growl': '0', 'High-freq-energy': '0', 'Long-island': '0', 'Low-tilt-spectrum': '1', 'Medium-island': '0', 'Short-island': '2', 'Squeal': '0', 'Typical-entropy': '2', 'Voicing-quality': '2', 'Wide-band': '0', 'Xlong-island': '0', 'seq': '1', 'end': 36198.43, 'start': 36197.83}]",0,0,[],[]
36198430,36199250,NA,NOF,0.0,1102,AICM,NA,NA,NA,NA,0.0,0,-41.67,-25.38,[],0,0,[],[]
36199250,36200250,MAL,MAN,2.45,1102,AICM,RC,1,TIMR,FI,0.0,0,-39.89,-31.27,[],0,0,[],[]
36200250,36201050,NA,SIL,0.0,1102,AICM,NA,NA,NA,NA,0.0,0,-50.46,-43.18,[],0,0,[],[]
36201050,36202290,NA,NOF,0.0,1102,AICM,NA,NA,NA,NA,0.0,0,-46.1,-36.96,[],0,0,[],[]
36202290,36203560,CHI,CHN,0.0,1102,AICM,RC,1,TIME,FI,1.0,1270,-32.72,-23.6,"[{'Canonical-syllable': '1', 'Growl': '2', 'High-freq-energy': '0', 'Long-island': '0', 'Low-tilt-spectrum': '0', 'Medium-island': '2', 'Short-island': '1', 'Squeal': '0', 'Typical-entropy': '1', 'Voicing-quality': '3', 'Wide-band': '0', 'Xlong-island': '0', 'seq': '1', 'end': 36203.56, 'start': 36202.29}]",0,0,[],[]
36203560,36205060,NA,SIL,0.0,1102,AICM,NA,NA,NA,NA,0.0,0,-51.62,-44.12,[],0,0,[],[]
36205060,36205940,NA,NOF,0.0,1102,AICM,NA,NA,NA,NA,0.0,0,-42.66,-27.84,[],0,0,[],[]
36205940,36207290,CHI,CHN,0.0,1102,AICM,RC,1,NT,FH,1.0,1350,-30.35,-24.06,"[{'Canonical-syllable': '0', 'Growl': '1', 'High-freq-energy': '0', 'Long-island': '1', 'Low-tilt-spectrum': '2', 'Medium-island': '1', 'Short-island': '0', 'Squeal': '0', 'Typical-entropy': '0', 'Voicing-quality': '2', 'Wide-band': '0', 'Xlong-island': '0', 'seq': '1', 'end': 36207.29, 'start': 36205.94}]",0,0,[],[]
36207290,36208310,NA,FAF,0.0,1102,AICM,NA,NA,NA,NA,0.0,0,-37.44,-22.76,[],0,0,[],[]
36208310,36210280,CHI,CHN,0.0,1102,AICM,RC,1,TIMI,FH,2.0,1500,-19.52,-8.41,"[{'Canonical-syllable': '1', 'Growl': '0', 'High-freq-energy': '0', 'Long-island': '0', 'Low-tilt-spectrum': '0', 'Medium-island': '1', 'Short-island': '0', 'Squeal': '0', 'Typical-entropy': '0', 'Voicing-quality': '1', 'Wide-band': '0', 'Xlong-island': '0', 'seq': '1', 'end': 36209.12, 'start': 36208.78}, {'Canonical-syllable': '0', 'Growl': '0', 'High-freq-energy': '0', 'Long-island': '0', 'Low-tilt-spectrum': '2', 'Medium-island': '2', 'Short-island': '0', 'Squeal': '1', 'Typical-entropy': '2', 'Voicing-quality': '2', 'Wide-band': '0', 'Xlong-island': '0', 'seq': '2', 'end': 36210.28, 'start': 36209.42}]",0,0,[],[]
36210280,36212950,MAL,MAN,10.66,1102,AICM,RC,2,TIMR,FI,0.0,0,-24.29,-4.41,[],0,0,[],[]
36212950,36213750,NA,NOF,0.0,1102,AICM,NA,NA,NA,NA,0.0,0,-38.56,-27.88,[],0,0,[],[]
36213750,36214610,NA,OLN,0.0,1102,AICM,NA,NA,NA,NA,0.0,0,-34.36,-26.89,[],0,0,[],[]
36214610,36215670,NA,NOF,0.0,1102,AICM,NA,NA,NA,NA,0.0,0,-42.79,-31.89,[],0,0,[],[]
36215670,36216670,MAL,MAN,2.63,1102,AICM,EC,2,NT,FH,0.0,0,-38.24,-32.37,[],0,0,[],[]
36216670,36219200,NA,NOF,0.0,1103,pause,NA,NA,NA,NA,0.0,0,-42.34,-29.04,[],0,0,[],[]
36219200,36220510,CHI,CHN,0.0,1103,pause,NA,NA,NA,NA,0.0,0,-19.33,-6.63,[],0,1180,[],"[{'start': 36219.33, 'end': 36220.51}]"
36220510,36221370,NA,NOF,0.0,1103,pause,NA,NA,NA,NA,0.0,0,-10.29,-2.35,[],0,0,[],[]
36221370,36222680,NA,CHF,0.0,1103,pause,NA,NA,NA,NA,0.0,0,-13.65,-3.88,[],0,1310,[],"[{'start': 36221.37, 'end': 36222.68}]"
36222680,36228420,NA,NOF,0.0,1103,pause,NA,NA,NA,NA,0.0,0,-12.49,-2.06,[],0,0,[],[]
36228420,36229420,CHI,CHN,0.0,1103,CM,BC,0,NT,FI,1.0,1000,-15.15,-4.4,"[{'Canonical-syllable': '0', 'Growl': '2', 'High-freq-energy': '2', 'Long-island': '0', 'Low-tilt-spectrum': '2', 'Medium-island': '2', 'Short-island': '0', 'Squeal': '0', 'Typical-entropy': '2', 'Voicing-quality': '2', 'Wide-band': '0', 'Xlong-island': '0', 'seq': '1', 'end': 36229.42, 'start': 36228.42}]",0,0,[],[]
36229420,36232770,NA,NOF,0.0,1103,CM,NA,NA,NA,NA,0.0,0,-12.85,-3.59,[],0,0,[],[]
36232770,36233400,NA,CHF,0.0,1103,CM,NA,NA,NA,NA,0.0,0,-14.75,-6.27,[],0,630,"[{'start': 36232.77, 'end': 36233.4}]",[]
36233400,36234220,NA,NOF,0.0,1103,CM,NA,NA,NA,NA,0.0,0,-11.16,-4.0,[],0,0,[],[]
36234220,36235220,CHI,CHN,0.0,1103,CM,EC,0,NT,FH,1.0,1000,-13.21,-3.77,"[{'Canonical-syllable': '0', 'Growl': '0', 'High-freq-energy': '1', 'Long-island': '0', 'Low-tilt-spectrum': '1', 'Medium-island': '0', 'Short-island': '0', 'Squeal': '0', 'Typical-entropy': '1', 'Voicing-quality': '1', 'Wide-band': '1', 'Xlong-island': '1', 'seq': '1', 'end': 36235.22, 'start': 36234.22}]",0,0,[],[]
36235220,36236160,NA,OLF,0.0,1104,pause,NA,NA,NA,NA,0.0,0,-16.66,-5.82,[],0,0,[],[]
36236160,36239040,NA,NON,0.0,1104,pause,NA,NA,NA,NA,0.0,0,-20.63,-2.91,[],0,0,[],[]
36239040,36241080,NA,OLF,0.0,1104,pause,NA,NA,NA,NA,0.0,0,-13.8,-3.31,[],0,0,[],[]
36241080,36242220,NA,NOF,0.0,1104,pause,NA,NA,NA,NA,0.0,0,-10.55,-3.07,[],0,0,[],[]
36242220,36243270,NA,OLN,0.0,1104,pause,NA,NA,NA,NA,0.0,0,-20.4,-17.18,[],0,0,[],[]
36243270,36244680,CHI,CHN,0.0,1104,pause,NA,NA,NA,NA,0.0,0,-18.58,-4.0,[],0,280,[],"[{'start': 36244.4, 'end': 36244.68}]"
36244680,36249760,NA,NOF,0.0,1104,pause,NA,NA,NA,NA,0.0,0,-15.44,-2.56,[],0,0,[],[]
36249760,36250360,CHI,CHN,0.0,1104,pause,NA,NA,NA,NA,0.0,0,-25.63,-19.76,[],0,600,[],"[{'start': 36249.76, 'end': 36250.36}]"
36250360,36251910,NA,NOF,0.0,1104,pause,NA,NA,NA,NA,0.0,0,-40.09,-34.12,[],0,0,[],[]
36251910,36252510,CHI,CHN,0.0,1104,CM,EC,0,NT,FI,1.0,600,-20.68,-17.37,"[{'Canonical-syllable': '0', 'Growl': '1', 'High-freq-energy': '1', 'Long-island': '0', 'Low-tilt-spectrum': '1', 'Medium-island': '1', 'Short-island': '0', 'Squeal': '0', 'Typical-entropy': '1', 'Voicing-quality': '1', 'Wide-band': '0', 'Xlong-island': '0', 'seq': '1', 'end': 36252.51, 'start': 36251.91}]",0,0,[],[]
36252510,36255510,NA,NOF,0.0,1105,pause,NA,NA,NA,NA,0.0,0,-11.42,-3.26,[],0,0,[],[]
36255510,36256310,NA,OLN,0.0,1105,pause,NA,NA,NA,NA,0.0,0,-9.2,-3.61,[],0,0,[],[]
36256310,36256910,CHI,CHN,0.0,1105,pause,NA,NA,NA,NA,0.0,0,-12.71,-3.9,[],0,600,[],"[{'start': 36256.31, 'end': 36256.91}]"
36256910,36260870,NA,NOF,0.0,1105,pause,NA,NA,NA,NA,0.0,0,-13.81,-2.3,[],0,0,[],[]
36260870,36261870,CHI,CHN,0.0,1105,CIC,BC,0,TIMI,FI,1.0,1000,-13.83,-4.09,"[{'Canonical-syllable': '0', 'Growl': '1', 'High-freq-energy': '1', 'Long-island': '0', 'Low-tilt-spectrum': '1', 'Medium-island': '0', 'Short-island': '0', 'Squeal': '0', 'Typical-entropy': '1', 'Voicing-quality': '1', 'Wide-band': '0', 'Xlong-island': '1', 'seq': '1', 'end': 36261.87, 'start': 36260.87}]",0,0,[],[]
36261870,36263570,NA,NOF,0.0,1105,CIC,NA,NA,NA,NA,0.0,0,-37.85,-31.45,[],0,0,[],[]
36263570,36264840,NA,SIL,0.0,1105,CIC,NA,NA,NA,NA,0.0,0,-42.04,-39.52,[],0,0,[],[]
36264840,36266160,MAL,MAN,5.08,1105,CIC,RC,1,TIMR,FI,0.0,0,-41.04,-36.91,[],0,0,[],[]
36266160,36267170,NA,NOF,0.0,1105,CIC,NA,NA,NA,NA,0.0,0,-44.53,-39.03,[],0,0,[],[]
36267170,36268300,CHI,CHN,0.0,1105,CIC,RC,1,TIMI,FI,1.0,1130,-21.29,-12.28,"[{'Canonical-syllable': '0', 'Growl': '0', 'High-freq-energy': '0', 'Long-island': '0', 'Low-tilt-spectrum': '0', 'Medium-island': '1', 'Short-island': '1', 'Squeal': '1', 'Typical-entropy': '0', 'Voicing-quality': '2', 'Wide-band': '0', 'Xlong-island': '0', 'seq': '1', 'end': 36268.3, 'start': 36267.45}]",0,0,[],[]
36268300,36269350,NA,NOF,0.0,1105,CIC,NA,NA,NA,NA,0.0,0,-38.46,-23.53,[],0,0,[],[]
36269350,36270350,MAL,MAN,4.02,1105,CIC,RC,2,TIMR,FI,0.0,0,-36.77,-29.7,[],0,0,[],[]
36270350,36271150,OCH,CXN,0.0,1105,CIC,RC,2,NT,FI,0.0,0,-39.29,-32.55,[],0,0,[],[]
36271150,36272150,MAL,MAN,0.27,1105,CIC,EC,2,NT,FI,0.0,0,-33.72,-27.4,[],0,0,[],[]
36272150,36272950,NA,NOF,0.0,1106,pause,NA,NA,NA,NA,0.0,0,-41.77,-32.34,[],0,0,[],[]
36272950,36273950,NA,FAF,0.0,1106,pause,NA,NA,NA,NA,0.0,0,-37.48,-28.15,[],0,0,[],[]
36273950,36274830,NA,SIL,0.0,1106,pause,NA,NA,NA,NA,0.0,0,-41.79,-36.44,[],0,0,[],[]
36274830,36277310,NA,MAF,0.0,1106,pause,NA,NA,NA,NA,0.0,0,-42.13,-27.87,[],0,0,[],[]
36277310,36278310,MAL,MAN,1.74,1106,AMM,EC,0,NT,FI,0.0,0,-31.03,-23.37,[],0,0,[],[]
36278310,36280520,NA,NON,0.0,1107,pause,NA,NA,NA,NA,0.0,0,-14.42,-3.7,[],0,0,[],[]
36280520,36281350,NA,OLN,0.0,1107,pause,NA,NA,NA,NA,0.0,0,-30.15,-24.47,[],0,0,[],[]
36281350,36284490,NA,NON,0.0,1107,pause,NA,NA,NA,NA,0.0,0,-31.19,-16.91,[],0,0,[],[]
36284490,36285290,NA,OLF,0.0,1107,pause,NA,NA,NA,NA,0.0,0,-7.45,-3.6,[],0,0,[],[]
36285290,36286430,NA,NOF,0.0,1107,pause,NA,NA,NA,NA,0.0,0,-8.34,-3.53,[],0,0,[],[]
36286430,36287030,CHI,CHN,0.0,1107,pause,NA,NA,NA,NA,0.0,0,-10.26,-3.6,[],0,600,[],"[{'start': 36286.43, 'end': 36287.03}]"
36287030,36290450,NA,NON,0.0,1107,pause,NA,NA,NA,NA,0.0,0,-10.02,-3.22,[],0,0,[],[]
36290450,36291050,CHI,CHN,0.0,1107,pause,NA,NA,NA,NA,0.0,0,-8.95,-3.52,[],0,600,"[{'start': 36290.45, 'end': 36291.05}]",[]
36291050,36294660,NA,NOF,0.0,1107,pause,NA,NA,NA,NA,0.0,0,-12.19,-3.11,[],0,0,[],[]
36294660,36295260,CHI,CHN,0.0,1107,pause,NA,NA,NA,NA,0.0,0,-10.81,-4.14,[],0,600,[],"[{'start': 36294.66, 'end': 36295.26}]"
36295260,36297710,NA,NOF,0.0,1107,pause,NA,NA,NA,NA,0.0,0,-12.14,-3.55,[],0,0,[],[]
36297710,36298310,CHI,CHN,0.0,1107,pause,NA,NA,NA,NA,0.0,0,-12.37,-4.15,[],0,600,[],"[{'start': 36297.71, 'end': 36298.31}]"
36298310,36301080,NA,NON,0.0,1107,pause,NA,NA,NA,NA,0.0,0,-33.03,-22.78,[],0,0,[],[]
36301080,36301930,NA,SIL,0.0,1107,pause,NA,NA,NA,NA,0.0,0,-43.11,-35.52,[],0,0,[],[]
36301930,36304440,NA,NOF,0.0,1107,pause,NA,NA,NA,NA,0.0,0,-17.17,-3.61,[],0,0,[],[]
36304440,36305110,CHI,CHN,0.0,1107,CM,BC,0,NT,FI,1.0,90,-21.68,-7.68,"[{'Canonical-syllable': '0', 'Growl': '0', 'High-freq-energy': '0', 'Long-island': '0', 'Low-tilt-spectrum': '0', 'Medium-island': '0', 'Short-island': '0', 'Squeal': '0', 'Typical-entropy': '0', 'Voicing-quality': '0', 'Wide-band': '0', 'Xlong-island': '0', 'seq': '1', 'end': 36304.53, 'start': 36304.44}]",0,0,[],[]
36305110,36306450,NA,OLF,0.0,1107,CM,NA,NA,NA,NA,0.0,0,-30.43,-11.34,[],0,0,[],[]
36306450,36307250,NA,NOF,0.0,1107,CM,NA,NA,NA,NA,0.0,0,-40.2,-37.13,[],0,0,[],[]
36307250,36307950,CHI,CHN,0.0,1107,CM,EC,0,NT,FH,1.0,700,-25.54,-19.59,"[{'Canonical-syllable': '0', 'Growl': '1', 'High-freq-energy': '1', 'Long-island': '1', 'Low-tilt-spectrum': '1', 'Medium-island': '0', 'Short-island': '0', 'Squeal': '0', 'Typical-entropy': '1', 'Voicing-quality': '1', 'Wide-band': '0', 'Xlong-island': '0', 'seq': '1', 'end': 36307.95, 'start': 36307.25}]",0,0,[],[]
36307950,36310100,NA,NOF,0.0,1108,pause,NA,NA,NA,NA,0.0,0,-23.53,-20.48,[],0,0,[],[]
36310100,36310950,NA,OLF,0.0,1108,pause,NA,NA,NA,NA,0.0,0,-24.78,-20.6,[],0,0,[],[]
36310950,36312400,NA,NOF,0.0,1108,pause,NA,NA,NA,NA,0.0,0,-21.58,-6.19,[],0,0,[],[]
36312400,36315080,NA,OLN,0.0,1108,pause,NA,NA,NA,NA,0.0,0,-19.71,-10.3,[],0,0,[],[]
36315080,36315880,NA,NOF,0.0,1108,pause,NA,NA,NA,NA,0.0,0,-23.42,-20.81,[],0,0,[],[]
36315880,36317230,NA,OLN,0.0,1108,pause,NA,NA,NA,NA,0.0,0,-15.43,-2.11,[],0,0,[],[]
36317230,36317960,CHI,CHN,0.0,1108,CM,EC,0,NT,FI,1.0,650,-16.36,-8.59,"[{'Canonical-syllable': '1', 'Growl': '1', 'High-freq-energy': '2', 'Long-island': '0', 'Low-tilt-spectrum': '2', 'Medium-island': '1', 'Short-island': '1', 'Squeal': '0', 'Typical-entropy': '2', 'Voicing-quality': '1', 'Wide-band': '0', 'Xlong-island': '0', 'seq': '1', 'end': 36317.88, 'start': 36317.23}]",0,0,[],[]
36317960,36319210,NA,OLF,0.0,1109,pause,NA,NA,NA,NA,0.0,0,-23.51,-19.76,[],0,0,[],[]
36319210,36320020,NA,NOF,0.0,1109,pause,NA,NA,NA,NA,0.0,0,-25.01,-22.21,[],0,0,[],[]
36320020,36321460,NA,OLF,0.0,1109,pause,NA,NA,NA,NA,0.0,0,-23.27,-19.05,[],0,0,[],[]
36321460,36324100,NA,NOF,0.0,1109,pause,NA,NA,NA,NA,0.0,0,-25.21,-20.53,[],0,0,[],[]
36324100,36324900,NA,OLF,0.0,1109,pause,NA,NA,NA,NA,0.0,0,-26.44,-23.59,[],0,0,[],[]
36324900,36325750,NA,NOF,0.0,1109,pause,NA,NA,NA,NA,0.0,0,-25.02,-22.22,[],0,0,[],[]
36325750,36326640,FEM,FAN,0.0,1109,pause,NA,NA,NA,NA,0.0,0,-33.02,-25.86,[],890,0,[],[]
36326640,36327880,NA,NOF,0.0,1109,pause,NA,NA,NA,NA,0.0,0,-32.43,-25.9,[],0,0,[],[]
36327880,36329760,NA,OLF,0.0,1109,pause,NA,NA,NA,NA,0.0,0,-25.17,-21.69,[],0,0,[],[]
36329760,36330700,NA,NOF,0.0,1109,pause,NA,NA,NA,NA,0.0,0,-24.31,-19.1,[],0,0,[],[]
36330700,36333890,NA,OLF,0.0,1109,pause,NA,NA,NA,NA,0.0,0,-26.51,-22.02,[],0,0,[],[]
36333890,36335930,NA,NOF,0.0,1109,pause,NA,NA,NA,NA,0.0,0,-26.11,-20.87,[],0,0,[],[]
36335930,36336730,NA,OLF,0.0,1109,pause,NA,NA,NA,NA,0.0,0,-27.28,-24.39,[],0,0,[],[]
36336730,36337880,CHI,CHN,0.0,1109,CM,EC,0,NT,FI,1.0,1150,-35.45,-30.19,"[{'Canonical-syllable': '0', 'Growl': '1', 'High-freq-energy': '1', 'Long-island': '0', 'Low-tilt-spectrum': '1', 'Medium-island': '0', 'Short-island': '0', 'Squeal': '0', 'Typical-entropy': '1', 'Voicing-quality': '1', 'Wide-band': '0', 'Xlong-island': '1', 'seq': '1', 'end': 36337.88, 'start': 36336.73}]",0,0,[],[]
36337880,36341880,NA,NON,0.0,1110,pause,NA,NA,NA,NA,0.0,0,-27.05,-19.94,[],0,0,[],[]
36341880,36342500,CHI,CHN,0.0,1110,pause,NA,NA,NA,NA,0.0,0,-27.67,-20.12,[],0,620,[],"[{'start': 36341.88, 'end': 36342.5}]"
36342500,36344890,NA,NON,0.0,1110,pause,NA,NA,NA,NA,0.0,0,-14.67,-2.38,[],0,0,[],[]
36344890,36345700,NA,OLN,0.0,1110,pause,NA,NA,NA,NA,0.0,0,-10.21,-3.0,[],0,0,[],[]
36345700,36346330,CHI,CHN,0.0,1110,CM,EC,0,NT,FI,1.0,630,-21.92,-16.1,"[{'Canonical-syllable': '0', 'Growl': '0', 'High-freq-energy': '1', 'Long-island': '0', 'Low-tilt-spectrum': '1', 'Medium-island': '1', 'Short-island': '0', 'Squeal': '0', 'Typical-entropy': '1', 'Voicing-quality': '1', 'Wide-band': '0', 'Xlong-island': '0', 'seq': '1', 'end': 36346.33, 'start': 36345.7}]",0,0,[],[]
36346330,36357960,NA,NOF,0.0,1111,pause,NA,NA,NA,NA,0.0,0,-15.58,-1.9,[],0,0,[],[]
36357960,36358760,NA,OLN,0.0,1111,pause,NA,NA,NA,NA,0.0,0,-26.33,-21.2,[],0,0,[],[]
36358760,36359690,NA,NOF,0.0,1111,pause,NA,NA,NA,NA,0.0,0,-27.54,-22.72,[],0,0,[],[]
36359690,36360860,NA,OLF,0.0,1111,pause,NA,NA,NA,NA,0.0,0,-24.17,-19.31,[],0,0,[],[]
36360860,36362370,NA,NOF,0.0,1111,pause,NA,NA,NA,NA,0.0,0,-22.41,-10.21,[],0,0,[],[]
36362370,36363280,CHI,CHN,0.0,1111,CIC,BC,0,TIMI,FI,1.0,910,-30.31,-25.11,"[{'Canonical-syllable': '0', 'Growl': '1', 'High-freq-energy': '1', 'Long-island': '1', 'Low-tilt-spectrum': '1', 'Medium-island': '0', 'Short-island': '0', 'Squeal': '0', 'Typical-entropy': '1', 'Voicing-quality': '1', 'Wide-band': '0', 'Xlong-island': '0', 'seq': '1', 'end': 36363.28, 'start': 36362.37}]",0,0,[],[]
36363280,36365020,NA,NOF,0.0,1111,CIC,NA,NA,NA,NA,0.0,0,-41.87,-36.9,[],0,0,[],[]
36365020,36365870,NA,SIL,0.0,1111,CIC,NA,NA,NA,NA,0.0,0,-46.12,-34.84,[],0,0,[],[]
36365870,36367000,NA,NOF,0.0,1111,CIC,NA,NA,NA,NA,0.0,0,-46.25,-34.9,[],0,0,[],[]
36367000,36368000,MAL,MAN,4.28,1111,CIC,RC,1,TIMR,FI,0.0,0,-40.0,-31.96,[],0,0,[],[]
36368000,36371230,NA,NON,0.0,1111,CIC,NA,NA,NA,NA,0.0,0,-14.65,-3.74,[],0,0,[],[]
36371230,36371940,CHI,CHN,0.0,1111,CIC,RC,1,TIMI,FI,1.0,710,-22.41,-16.2,"[{'Canonical-syllable': '0', 'Growl': '1', 'High-freq-energy': '1', 'Long-island': '1', 'Low-tilt-spectrum': '1', 'Medium-island': '0', 'Short-island': '0', 'Squeal': '0', 'Typical-entropy': '1', 'Voicing-quality': '1', 'Wide-band': '0', 'Xlong-island': '0', 'seq': '1', 'end': 36371.94, 'start': 36371.23}]",0,0,[],[]
36371940,36373820,NA,NOF,0.0,1111,CIC,NA,NA,NA,NA,0.0,0,-38.4,-32.16,[],0,0,[],[]
36373820,36374620,NA,SIL,0.0,1111,CIC,NA,NA,NA,NA,0.0,0,-43.91,-41.1,[],0,0,[],[]
36374620,36375670,NA,NOF,0.0,1111,CIC,NA,NA,NA,NA,0.0,0,-43.94,-36.03,[],0,0,[],[]
36375670,36377770,MAL,MAN,4.69,1111,CIC,EC,2,TIMR,FI,0.0,0,-37.5,-28.71,[],0,0,[],[]
36377770,36378570,NA,NON,0.0,1112,pause,NA,NA,NA,NA,0.0,0,-24.49,-19.81,[],0,0,[],[]
36378570,36383390,NA,OLF,0.0,1112,pause,NA,NA,NA,NA,0.0,0,-14.79,-3.22,[],0,0,[],[]
36383390,36386380,NA,NOF,0.0,1112,pause,NA,NA,NA,NA,0.0,0,-18.36,-3.02,[],0,0,[],[]
36386380,36391840,NA,OLF,0.0,1112,pause,NA,NA,NA,NA,0.0,0,-23.03,-19.21,[],0,0,[],[]
36391840,36392720,NA,NOF,0.0,1112,pause,NA,NA,NA,NA,0.0,0,-24.48,-21.34,[],0,0,[],[]
36392720,36396000,NA,OLF,0.0,1112,pause,NA,NA,NA,NA,0.0,0,-24.54,-19.58,[],0,0,[],[]
36396000,36397260,CHI,CHN,0.0,1112,CM,EC,0,NT,FI,1.0,1260,-26.56,-19.12,"[{'Canonical-syllable': '0', 'Growl': '1', 'High-freq-energy': '1', 'Long-island': '0', 'Low-tilt-spectrum': '1', 'Medium-island': '0', 'Short-island': '0', 'Squeal': '0', 'Typical-entropy': '1', 'Voicing-quality': '1', 'Wide-band': '0', 'Xlong-island': '1', 'seq': '1', 'end': 36397.26, 'start': 36396.0}]",0,0,[],[]
36397260,36398180,NA,OLF,0.0,1113,pause,NA,NA,NA,NA,0.0,0,-22.66,-18.69,[],0,0,[],[]
36398180,36398980,NA,NOF,0.0,1113,pause,NA,NA,NA,NA,0.0,0,-13.41,-2.81,[],0,0,[],[]
36398980,36400070,NA,OLF,0.0,1113,pause,NA,NA,NA,NA,0.0,0,-10.44,-2.15,[],0,0,[],[]
36400070,36402630,NA,NOF,0.0,1113,pause,NA,NA,NA,NA,0.0,0,-17.86,-5.16,[],0,0,[],[]
36402630,36403850,NA,OLF,0.0,1113,pause,NA,NA,NA,NA,0.0,0,-16.03,-3.07,[],0,0,[],[]
36403850,36405280,NA,NOF,0.0,1113,pause,NA,NA,NA,NA,0.0,0,-16.17,-3.42,[],0,0,[],[]
36405280,36406420,NA,OLF,0.0,1113,pause,NA,NA,NA,NA,0.0,0,-7.79,-1.99,[],0,0,[],[]
36406420,36407650,NA,NOF,0.0,1113,pause,NA,NA,NA,NA,0.0,0,-10.59,-1.9,[],0,0,[],[]
36407650,36409470,NA,OLF,0.0,1113,pause,NA,NA,NA,NA,0.0,0,-9.51,-2.45,[],0,0,[],[]
36409470,36410470,CHI,CHN,0.0,1113,CIC,BC,0,TIMI,FI,1.0,1000,-25.38,-19.53,"[{'Canonical-syllable': '0', 'Growl': '1', 'High-freq-energy': '1', 'Long-island': '0', 'Low-tilt-spectrum': '1', 'Medium-island': '0', 'Short-island': '0', 'Squeal': '0', 'Typical-entropy': '1', 'Voicing-quality': '1', 'Wide-band': '0', 'Xlong-island': '1', 'seq': '1', 'end': 36410.47, 'start': 36409.47}]",0,0,[],[]
36410470,36411470,NA,OLN,0.0,1113,CIC,NA,NA,NA,NA,0.0,0,-28.42,-12.53,[],0,0,[],[]
36411470,36412470,MAL,MAN,3.39,1113,CIC,RC,1,TIMR,FI,0.0,0,-34.56,-27.69,[],0,0,[],[]
36412470,36413840,NA,NOF,0.0,1113,CIC,NA,NA,NA,NA,0.0,0,-40.51,-26.99,[],0,0,[],[]
36413840,36414690,FEM,FAN,4.65,1113,CIC,EC,1,NT,FI,0.0,0,-35.18,-21.21,[],0,0,[],[]
36414690,36416050,NA,NON,0.0,1114,pause,NA,NA,NA,NA,0.0,0,-22.79,-16.03,[],0,0,[],[]
36416050,36416650,NA,CHF,0.0,1114,pause,NA,NA,NA,NA,0.0,0,-17.04,-14.29,[],0,600,[],"[{'start': 36416.05, 'end': 36416.65}]"
36416650,36423400,NA,NOF,0.0,1114,pause,NA,NA,NA,NA,0.0,0,-9.19,-2.9,[],0,0,[],[]
36423400,36425910,NA,OLN,0.0,1114,pause,NA,NA,NA,NA,0.0,0,-12.98,-2.28,[],0,0,[],[]
36425910,36428740,NA,NOF,0.0,1114,pause,NA,NA,NA,NA,0.0,0,-17.05,-3.85,[],0,0,[],[]
36428740,36429830,NA,OLN,0.0,1114,pause,NA,NA,NA,NA,0.0,0,-30.18,-20.82,[],0,0,[],[]
36429830,36432740,NA,NOF,0.0,1114,pause,NA,NA,NA,NA,0.0,0,-38.03,-21.42,[],0,0,[],[]
36432740,36433740,MAL,MAN,0.0,1114,pause,NA,NA,NA,NA,0.0,0,-27.52,-23.28,[],1000,0,[],[]
36433740,36434540,NA,NOF,0.0,1114,pause,NA,NA,NA,NA,0.0,0,-39.76,-29.25,[],0,0,[],[]
36434540,36435960,NA,SIL,0.0,1114,pause,NA,NA,NA,NA,0.0,0,-51.01,-44.85,[],0,0,[],[]
36435960,36437990,MAL,MAN,5.63,1114,AMM,EC,0,NT,FI,0.0,0,-39.97,-32.67,[],0,0,[],[]
36437990,36438990,NA,FAF,0.0,1115,pause,NA,NA,NA,NA,0.0,0,-43.73,-36.39,[],0,0,[],[]
36438990,36440470,NA,NOF,0.0,1115,pause,NA,NA,NA,NA,0.0,0,-36.25,-18.91,[],0,0,[],[]
36440470,36442540,NA,SIL,0.0,1115,pause,NA,NA,NA,NA,0.0,0,-50.42,-44.13,[],0,0,[],[]
36442540,36444090,NA,NON,0.0,1115,pause,NA,NA,NA,NA,0.0,0,-18.31,-4.93,[],0,0,[],[]
36444090,36444690,CHI,CHN,0.0,1115,CM,EC,0,NT,FI,1.0,600,-25.68,-18.84,"[{'Canonical-syllable': '0', 'Growl': '1', 'High-freq-energy': '1', 'Long-island': '0', 'Low-tilt-spectrum': '1', 'Medium-island': '1', 'Short-island': '0', 'Squeal': '0', 'Typical-entropy': '1', 'Voicing-quality': '1', 'Wide-band': '0', 'Xlong-island': '0', 'seq': '1', 'end': 36444.69, 'start': 36444.09}]",0,0,[],[]
36444690,36449070,NA,NOF,0.0,1116,pause,NA,NA,NA,NA,0.0,0,-21.39,-3.2,[],0,0,[],[]
36449070,36449890,NA,OLF,0.0,1116,pause,NA,NA,NA,NA,0.0,0,-21.9,-18.81,[],0,0,[],[]
36449890,36456810,NA,NOF,0.0,1116,pause,NA,NA,NA,NA,0.0,0,-21.55,-4.1,[],0,0,[],[]
36456810,36457410,CHI,CHN,0.0,1116,pause,NA,NA,NA,NA,0.0,0,-32.85,-28.8,[],0,600,[],"[{'start': 36456.81, 'end': 36457.41}]"
36457410,36458420,NA,NOF,0.0,1116,pause,NA,NA,NA,NA,0.0,0,-27.1,-22.58,[],0,0,[],[]
36458420,36459240,NA,OLF,0.0,1116,pause,NA,NA,NA,NA,0.0,0,-27.18,-21.56,[],0,0,[],[]
36459240,36460060,NA,NOF,0.0,1116,pause,NA,NA,NA,NA,0.0,0,-26.32,-23.91,[],0,0,[],[]
36460060,36460870,NA,OLF,0.0,1116,pause,NA,NA,NA,NA,0.0,0,-26.64,-21.93,[],0,0,[],[]
36460870,36461480,CHI,CHN,0.0,1116,CM,BC,0,NT,FI,1.0,610,-32.37,-28.94,"[{'Canonical-syllable': '0', 'Growl': '1', 'High-freq-energy': '1', 'Long-island': '0', 'Low-tilt-spectrum': '1', 'Medium-island': '1', 'Short-island': '0', 'Squeal': '0', 'Typical-entropy': '1', 'Voicing-quality': '1', 'Wide-band': '0', 'Xlong-island': '0', 'seq': '1', 'end': 36461.48, 'start': 36460.87}]",0,0,[],[]
36461480,36465440,NA,OLF,0.0,1116,CM,NA,NA,NA,NA,0.0,0,-27.61,-23.45,[],0,0,[],[]
36465440,36466040,CHI,CHN,0.0,1116,CM,EC,0,NT,FH,1.0,600,-34.03,-29.68,"[{'Canonical-syllable': '0', 'Growl': '1', 'High-freq-energy': '1', 'Long-island': '0', 'Low-tilt-spectrum': '1', 'Medium-island': '1', 'Short-island': '0', 'Squeal': '0', 'Typical-entropy': '1', 'Voicing-quality': '1', 'Wide-band': '0', 'Xlong-island': '0', 'seq': '1', 'end': 36466.04, 'start': 36465.44}]",0,0,[],[]
36466040,36471340,NA,NON,0.0,1117,pause,NA,NA,NA,NA,0.0,0,-28.89,-24.58,[],0,0,[],[]
36471340,36477490,NA,NON,0.0,1117,pause,NA,NA,NA,NA,0.0,0,-30.11,-25.23,[],0,0,[],[]
36477490,36478910,NA,OLN,0.0,1117,pause,NA,NA,NA,NA,0.0,0,-32.27,-28.4,[],0,0,[],[]
36478910,36479580,CHI,CHN,0.0,1117,CIC,BC,0,TIFI,FI,1.0,670,-37.18,-33.11,"[{'Canonical-syllable': '0', 'Growl': '1', 'High-freq-energy': '1', 'Long-island': '1', 'Low-tilt-spectrum': '1', 'Medium-island': '0', 'Short-island': '0', 'Squeal': '0', 'Typical-entropy': '1', 'Voicing-quality': '1', 'Wide-band': '0', 'Xlong-island': '0', 'seq': '1', 'end': 36479.58, 'start': 36478.91}]",0,0,[],[]
36479580,36480820,NA,NON,0.0,1117,CIC,NA,NA,NA,NA,0.0,0,-34.46,-30.83,[],0,0,[],[]
36480820,36482240,NA,OLN,0.0,1117,CIC,NA,NA,NA,NA,0.0,0,-31.89,-28.12,[],0,0,[],[]
36482240,36483240,FEM,FAN,4.43,1117,CIC,RC,1,TIFR,FI,0.0,0,-33.49,-23.02,[],0,0,[],[]
36483240,36484080,OCH,CXN,0.0,1117,CIC,RC,1,NT,FI,0.0,0,-32.6,-23.85,[],0,0,[],[]
36484080,36484880,NA,OLF,0.0,1117,CIC,NA,NA,NA,NA,0.0,0,-43.14,-38.65,[],0,0,[],[]
36484880,36485680,NA,SIL,0.0,1117,CIC,NA,NA,NA,NA,0.0,0,-48.65,-45.7,[],0,0,[],[]
36485680,36487070,NA,NOF,0.0,1117,CIC,NA,NA,NA,NA,0.0,0,-30.61,-25.21,[],0,0,[],[]
36487070,36488570,NA,OLF,0.0,1117,CIC,NA,NA,NA,NA,0.0,0,-28.25,-21.14,[],0,0,[],[]
36488570,36489170,CHI,CHN,0.0,1117,CIC,EC,1,NT,FI,1.0,600,-35.82,-30.0,"[{'Canonical-syllable': '0', 'Growl': '1', 'High-freq-energy': '1', 'Long-island': '0', 'Low-tilt-spectrum': '1', 'Medium-island': '1', 'Short-island': '0', 'Squeal': '0', 'Typical-entropy': '1', 'Voicing-quality': '1', 'Wide-band': '0', 'Xlong-island': '0', 'seq': '1', 'end': 36489.17, 'start': 36488.57}]",0,0,[],[]
36489170,36489970,NA,OLN,0.0,1118,pause,NA,NA,NA,NA,0.0,0,-36.12,-29.92,[],0,0,[],[]
36489970,36490770,NA,NOF,0.0,1118,pause,NA,NA,NA,NA,0.0,0,-42.04,-31.49,[],0,0,[],[]
36490770,36491820,NA,OLN,0.0,1118,pause,NA,NA,NA,NA,0.0,0,-25.43,-17.61,[],0,0,[],[]
36491820,36492800,NA,NON,0.0,1118,pause,NA,NA,NA,NA,0.0,0,-34.1,-26.3,[],0,0,[],[]
36492800,36493600,NA,OLN,0.0,1118,pause,NA,NA,NA,NA,0.0,0,-33.08,-25.21,[],0,0,[],[]
36493600,36494480,NA,NOF,0.0,1118,pause,NA,NA,NA,NA,0.0,0,-43.26,-38.16,[],0,0,[],[]
36494480,36495280,NA,SIL,0.0,1118,pause,NA,NA,NA,NA,0.0,0,-46.9,-41.38,[],0,0,[],[]
36495280,36497770,FEM,FAN,8.54,1118,AMF,EC,0,NT,FI,0.0,0,-42.47,-34.02,[],0,0,[],[]
36497770,36500960,NA,NOF,0.0,1119,pause,NA,NA,NA,NA,0.0,0,-41.43,-23.59,[],0,0,[],[]
36500960,36502890,NA,SIL,0.0,1119,pause,NA,NA,NA,NA,0.0,0,-40.31,-35.72,[],0,0,[],[]
36502890,36503990,NA,NOF,0.0,1119,pause,NA,NA,NA,NA,0.0,0,-37.4,-32.26,[],0,0,[],[]
36503990,36505180,FEM,FAN,3.42,1119,AMF,EC,0,NT,FI,0.0,0,-26.04,-11.24,[],0,0,[],[]
36505180,36508180,NA,MAF,0.0,1120,pause,NA,NA,NA,NA,0.0,0,-35.87,-28.8,[],0,0,[],[]
36508180,36510250,NA,NOF,0.0,1120,pause,NA,NA,NA,NA,0.0,0,-34.93,-29.6,[],0,0,[],[]
36510250,36512430,NA,OLF,0.0,1120,pause,NA,NA,NA,NA,0.0,0,-32.38,-21.71,[],0,0,[],[]
36512430,36513030,OCH,CXN,0.0,1120,XIC,BC,0,NT,FI,0.0,0,-26.23,-19.35,[],0,0,[],[]
36513030,36514790,CHI,CHN,0.0,1120,XIC,RC,0,NT,FI,2.0,1270,-21.54,-10.91,"[{'Canonical-syllable': '0', 'Growl': '0', 'High-freq-energy': '0', 'Long-island': '0', 'Low-tilt-spectrum': '0', 'Medium-island': '2', 'Short-island': '0', 'Squeal': '0', 'Typical-entropy': '1', 'Voicing-quality': '2', 'Wide-band': '0', 'Xlong-island': '0', 'seq': '1', 'end': 36514.09, 'start': 36513.23}, {'Canonical-syllable': '0', 'Growl': '0', 'High-freq-energy': '0', 'Long-island': '0', 'Low-tilt-spectrum': '0', 'Medium-island': '0', 'Short-island': '1', 'Squeal': '0', 'Typical-entropy': '0', 'Voicing-quality': '1', 'Wide-band': '0', 'Xlong-island': '0', 'seq': '2', 'end': 36514.79, 'start': 36514.58}]",0,0,[],[]
36514790,36515420,CHI,CHN,0.0,1120,XIC,RC,0,NT,FH,1.0,350,-24.44,-17.35,"[{'Canonical-syllable': '0', 'Growl': '1', 'High-freq-energy': '0', 'Long-island': '0', 'Low-tilt-spectrum': '0', 'Medium-island': '1', 'Short-island': '0', 'Squeal': '0', 'Typical-entropy': '1', 'Voicing-quality': '1', 'Wide-band': '0', 'Xlong-island': '0', 'seq': '1', 'end': 36515.14, 'start': 36514.79}]",0,0,[],[]
36515420,36516300,CHI,CHN,0.0,1120,XIC,RC,0,NT,FH,1.0,670,-27.85,-17.14,"[{'Canonical-syllable': '0', 'Growl': '1', 'High-freq-energy': '0', 'Long-island': '0', 'Low-tilt-spectrum': '1', 'Medium-island': '1', 'Short-island': '0', 'Squeal': '0', 'Typical-entropy': '1', 'Voicing-quality': '2', 'Wide-band': '0', 'Xlong-island': '0', 'seq': '1', 'end': 36516.09, 'start': 36515.61}]",0,0,[],[]
36516300,36517460,NA,SIL,0.0,1120,XIC,NA,NA,NA,NA,0.0,0,-41.93,-34.69,[],0,0,[],[]
36517460,36518400,NA,OLF,0.0,1120,XIC,NA,NA,NA,NA,0.0,0,-42.18,-35.16,[],0,0,[],[]
36518400,36519000,CHI,CHN,0.0,1120,XIC,RC,0,TIMI,FH,1.0,120,-22.99,-12.03,"[{'Canonical-syllable': '0', 'Growl': '1', 'High-freq-energy': '0', 'Long-island': '0', 'Low-tilt-spectrum': '0', 'Medium-island': '0', 'Short-island': '1', 'Squeal': '0', 'Typical-entropy': '0', 'Voicing-quality': '1', 'Wide-band': '0', 'Xlong-island': '0', 'seq': '1', 'end': 36518.92, 'start': 36518.8}]",0,0,[],[]
36519000,36520120,NA,NOF,0.0,1120,XIC,NA,NA,NA,NA,0.0,0,-43.24,-35.89,[],0,0,[],[]
36520120,36521920,MAL,MAN,4.49,1120,XIC,RC,1,TIMR,FI,0.0,0,-32.18,-25.47,[],0,0,[],[]
36521920,36523600,NA,NOF,0.0,1120,XIC,NA,NA,NA,NA,0.0,0,-22.73,-6.59,[],0,0,[],[]
36523600,36524400,NA,OLN,0.0,1120,XIC,NA,NA,NA,NA,0.0,0,-37.3,-26.61,[],0,0,[],[]
36524400,36526210,FEM,FAN,4.83,1120,XIC,EC,1,NT,FI,0.0,0,-39.66,-32.31,[],0,0,[],[]
36526210,36527010,NA,NOF,0.0,1121,pause,NA,NA,NA,NA,0.0,0,-43.05,-27.87,[],0,0,[],[]
36527010,36527610,NA,FAF,0.0,1121,pause,NA,NA,NA,NA,0.0,0,-33.56,-23.03,[],0,0,[],[]
36527610,36530060,NA,NOF,0.0,1121,pause,NA,NA,NA,NA,0.0,0,-42.33,-26.33,[],0,0,[],[]
36530060,36531200,NA,OLN,0.0,1121,pause,NA,NA,NA,NA,0.0,0,-36.44,-21.41,[],0,0,[],[]
36531200,36532000,NA,NOF,0.0,1121,pause,NA,NA,NA,NA,0.0,0,-36.43,-25.81,[],0,0,[],[]
36532000,36532900,NA,OLF,0.0,1121,pause,NA,NA,NA,NA,0.0,0,-41.4,-32.85,[],0,0,[],[]
36532900,36537470,NA,NOF,0.0,1121,pause,NA,NA,NA,NA,0.0,0,-40.04,-21.76,[],0,0,[],[]
36537470,36538580,NA,MAF,0.0,1121,pause,NA,NA,NA,NA,0.0,0,-44.62,-39.08,[],0,0,[],[]
36538580,36540410,NA,NOF,0.0,1121,pause,NA,NA,NA,NA,0.0,0,-20.69,-5.2,[],0,0,[],[]
36540410,36541280,NA,SIL,0.0,1121,pause,NA,NA,NA,NA,0.0,0,-44.31,-41.12,[],0,0,[],[]
36541280,36542430,NA,MAF,0.0,1121,pause,NA,NA,NA,NA,0.0,0,-42.32,-38.22,[],0,0,[],[]
36542430,36543410,NA,SIL,0.0,1121,pause,NA,NA,NA,NA,0.0,0,-45.5,-41.45,[],0,0,[],[]
36543410,36544480,NA,NOF,0.0,1121,pause,NA,NA,NA,NA,0.0,0,-46.83,-41.47,[],0,0,[],[]
36544480,36545280,NA,SIL,0.0,1121,pause,NA,NA,NA,NA,0.0,0,-49.18,-45.45,[],0,0,[],[]
36545280,36546220,NA,NOF,0.0,1121,pause,NA,NA,NA,NA,0.0,0,-40.75,-28.08,[],0,0,[],[]
36546220,36547190,NA,SIL,0.0,1121,pause,NA,NA,NA,NA,0.0,0,-50.55,-45.29,[],0,0,[],[]
36547190,36550720,NA,NOF,0.0,1121,pause,NA,NA,NA,NA,0.0,0,-32.54,-22.05,[],0,0,[],[]
36550720,36551940,NA,OLN,0.0,1121,pause,NA,NA,NA,NA,0.0,0,-24.72,-23.17,[],0,0,[],[]
36551940,36552850,NA,NON,0.0,1121,pause,NA,NA,NA,NA,0.0,0,-28.02,-26.14,[],0,0,[],[]
36552850,36554640,NA,OLN,0.0,1121,pause,NA,NA,NA,NA,0.0,0,-20.36,-8.89,[],0,0,[],[]
36554640,36566990,NA,NON,0.0,1121,pause,NA,NA,NA,NA,0.0,0,-26.06,-20.31,[],0,0,[],[]
36566990,36568440,NA,NON,0.0,1121,pause,NA,NA,NA,NA,0.0,0,-32.08,-16.64,[],0,0,[],[]
36568440,36581290,NA,NON,0.0,1121,pause,NA,NA,NA,NA,0.0,0,-23.87,-16.71,[],0,0,[],[]
36581290,36582320,NA,NOF,0.0,1121,pause,NA,NA,NA,NA,0.0,0,-25.39,-23.41,[],0,0,[],[]
36582320,36584440,CHI,CHN,0.0,1121,pause,NA,NA,NA,NA,0.0,0,-20.01,-16.27,[],0,2120,"[{'start': 36582.32, 'end': 36584.44}]",[]
36584440,36598890,NA,NON,0.0,1121,pause,NA,NA,NA,NA,0.0,0,-27.38,-20.82,[],0,0,[],[]
36598890,36602310,NA,NOF,0.0,1121,pause,NA,NA,NA,NA,0.0,0,-42.94,-27.66,[],0,0,[],[]
36602310,36603110,MAL,MAN,0.0,1121,pause,NA,NA,NA,NA,0.0,0,-34.1,-27.86,[],800,0,[],[]
36603110,36604000,NA,SIL,0.0,1121,pause,NA,NA,NA,NA,0.0,0,-47.18,-36.81,[],0,0,[],[]
36604000,36605000,MAL,MAN,6.21,1121,AICM,BC,0,TIMI,FI,0.0,0,-35.74,-27.89,[],0,0,[],[]
36605000,36606070,NA,SIL,0.0,1121,AICM,NA,NA,NA,NA,0.0,0,-45.69,-33.74,[],0,0,[],[]
36606070,36607920,CHI,CHN,0.0,1121,AICM,RC,1,TIMR,FI,1.0,1560,-31.09,-21.93,"[{'Canonical-syllable': '1', 'Growl': '3', 'High-freq-energy': '0', 'Long-island': '0', 'Low-tilt-spectrum': '1', 'Medium-island': '2', 'Short-island': '2', 'Squeal': '0', 'Typical-entropy': '1', 'Voicing-quality': '4', 'Wide-band': '0', 'Xlong-island': '0', 'seq': '1', 'end': 36607.63, 'start': 36606.07}]",0,0,[],[]
36607920,36608810,NA,SIL,0.0,1121,AICM,NA,NA,NA,NA,0.0,0,-47.43,-41.87,[],0,0,[],[]
36608810,36609610,NA,MAF,0.0,1121,AICM,NA,NA,NA,NA,0.0,0,-39.74,-32.11,[],0,0,[],[]
36609610,36610830,NA,NOF,0.0,1121,AICM,NA,NA,NA,NA,0.0,0,-42.99,-34.13,[],0,0,[],[]
36610830,36611790,NA,SIL,0.0,1121,AICM,NA,NA,NA,NA,0.0,0,-40.41,-31.05,[],0,0,[],[]
36611790,36612790,MAL,MAN,4.51,1121,AICM,EC,1,TIME,FI,0.0,0,-39.61,-31.48,[],0,0,[],[]
36612790,36613940,NA,NON,0.0,1122,pause,NA,NA,NA,NA,0.0,0,-20.83,-5.19,[],0,0,[],[]
36613940,36620290,NA,NON,0.0,1122,pause,NA,NA,NA,NA,0.0,0,-16.43,-4.39,[],0,0,[],[]
36620290,36622510,NA,OLN,0.0,1122,pause,NA,NA,NA,NA,0.0,0,-32.01,-22.75,[],0,0,[],[]
36622510,36623110,CHI,CHN,0.0,1122,pause,NA,NA,NA,NA,0.0,0,-19.46,-17.37,[],0,600,"[{'start': 36622.51, 'end': 36623.11}]",[]
36623110,36623910,NA,NON,0.0,1122,pause,NA,NA,NA,NA,0.0,0,-21.11,-16.47,[],0,0,[],[]
36623910,36624720,NA,OLN,0.0,1122,pause,NA,NA,NA,NA,0.0,0,-33.5,-27.96,[],0,0,[],[]
36624720,36626430,NA,NOF,0.0,1122,pause,NA,NA,NA,NA,0.0,0,-40.55,-35.83,[],0,0,[],[]
36626430,36627300,NA,SIL,0.0,1122,pause,NA,NA,NA,NA,0.0,0,-40.57,-35.05,[],0,0,[],[]
36627300,36628340,NA,NOF,0.0,1122,pause,NA,NA,NA,NA,0.0,0,-35.03,-17.22,[],0,0,[],[]
36628340,36629340,MAL,MAN,5.31,1122,AMM,EC,0,NT,FI,0.0,0,-37.93,-30.09,[],0,0,[],[]
36629340,36630300,NA,NOF,0.0,1123,pause,NA,NA,NA,NA,0.0,0,-46.43,-41.72,[],0,0,[],[]
36630300,36631280,NA,SIL,0.0,1123,pause,NA,NA,NA,NA,0.0,0,-47.77,-42.68,[],0,0,[],[]
36631280,36634960,NA,NOF,0.0,1123,pause,NA,NA,NA,NA,0.0,0,-29.29,-7.68,[],0,0,[],[]
36634960,36635760,OCH,CXN,0.0,1123,XIC,BC,0,NT,FI,0.0,0,-35.5,-26.09,[],0,0,[],[]
36635760,36636370,CHI,CHN,0.0,1123,XIC,RC,0,NT,FI,1.0,610,-30.24,-25.51,"[{'Canonical-syllable': '0', 'Growl': '0', 'High-freq-energy': '0', 'Long-island': '0', 'Low-tilt-spectrum': '0', 'Medium-island': '1', 'Short-island': '0', 'Squeal': '0', 'Typical-entropy': '0', 'Voicing-quality': '1', 'Wide-band': '0', 'Xlong-island': '0', 'seq': '1', 'end': 36636.37, 'start': 36635.9}]",0,0,[],[]
36636370,36637370,CHI,CHN,0.0,1123,XIC,RC,0,TIMI,FH,1.0,1000,-30.1,-24.21,"[{'Canonical-syllable': '2', 'Growl': '0', 'High-freq-energy': '0', 'Long-island': '0', 'Low-tilt-spectrum': '2', 'Medium-island': '2', 'Short-island': '0', 'Squeal': '0', 'Typical-entropy': '2', 'Voicing-quality': '2', 'Wide-band': '0', 'Xlong-island': '0', 'seq': '1', 'end': 36637.37, 'start': 36636.49}]",0,0,[],[]
36637370,36638470,MAL,MAN,3.62,1123,XIC,RC,1,TIMR,FI,0.0,0,-33.27,-26.4,[],0,0,[],[]
36638470,36639470,NA,FAF,0.0,1123,XIC,NA,NA,NA,NA,0.0,0,-35.48,-26.43,[],0,0,[],[]
36639470,36640630,NA,NOF,0.0,1123,XIC,NA,NA,NA,NA,0.0,0,-40.42,-28.78,[],0,0,[],[]
36640630,36641630,MAL,MAN,9.5,1123,XIC,RC,1,NT,FH,0.0,0,-29.3,-23.34,[],0,0,[],[]
36641630,36644750,NA,NOF,0.0,1123,XIC,NA,NA,NA,NA,0.0,0,-39.53,-20.05,[],0,0,[],[]
36644750,36645500,CHI,CHN,0.0,1123,XIC,NA,NA,NA,NA,0.0,0,-18.34,-11.09,[],0,750,"[{'start': 36644.75, 'end': 36645.5}]",[]
36645500,36646500,CHI,CHN,0.0,1123,XIC,RC,1,TIME,FI,1.0,1000,-17.53,-10.04,"[{'Canonical-syllable': '0', 'Growl': '0', 'High-freq-energy': '0', 'Long-island': '0', 'Low-tilt-spectrum': '0', 'Medium-island': '2', 'Short-island': '0', 'Squeal': '0', 'Typical-entropy': '1', 'Voicing-quality': '2', 'Wide-band': '0', 'Xlong-island': '0', 'seq': '1', 'end': 36646.5, 'start': 36645.62}]",0,0,[],[]
36646500,36648850,CHI,CHN,0.0,1123,XIC,RC,1,TIFI,FH,2.0,1690,-22.39,-13.28,"[{'Canonical-syllable': '0', 'Growl': '1', 'High-freq-energy': '0', 'Long-island': '0', 'Low-tilt-spectrum': '0', 'Medium-island': '0', 'Short-island': '0', 'Squeal': '0', 'Typical-entropy': '1', 'Voicing-quality': '0', 'Wide-band': '0', 'Xlong-island': '0', 'seq': '1', 'end': 36646.61, 'start': 36646.5}, {'Canonical-syllable': '0', 'Growl': '0', 'High-freq-energy': '1', 'Long-island': '0', 'Low-tilt-spectrum': '1', 'Medium-island': '3', 'Short-island': '1', 'Squeal': '0', 'Typical-entropy': '3', 'Voicing-quality': '4', 'Wide-band': '0', 'Xlong-island': '0', 'seq': '2', 'end': 36648.85, 'start': 36647.27}]",0,0,[],[]
36648850,36649650,NA,OLN,0.0,1123,XIC,NA,NA,NA,NA,0.0,0,-33.84,-23.01,[],0,0,[],[]
36649650,36650710,FEM,FAN,3.41,1123,XIC,RC,2,TIFR,FI,0.0,0,-44.56,-29.53,[],0,0,[],[]
36650710,36651730,CHI,CHN,0.0,1123,XIC,EC,2,TIFE,FI,1.0,1020,-22.66,-15.89,"[{'Canonical-syllable': '1', 'Growl': '0', 'High-freq-energy': '0', 'Long-island': '1', 'Low-tilt-spectrum': '0', 'Medium-island': '0', 'Short-island': '1', 'Squeal': '0', 'Typical-entropy': '1', 'Voicing-quality': '2', 'Wide-band': '0', 'Xlong-island': '0', 'seq': '1', 'end': 36651.73, 'start': 36650.71}]",0,0,[],[]
36651730,36653660,NA,OLN,0.0,1124,pause,NA,NA,NA,NA,0.0,0,-31.61,-21.69,[],0,0,[],[]
36653660,36656400,NA,NOF,0.0,1124,pause,NA,NA,NA,NA,0.0,0,-41.86,-28.26,[],0,0,[],[]
36656400,36658940,NA,MAF,0.0,1124,pause,NA,NA,NA,NA,0.0,0,-36.63,-26.71,[],0,0,[],[]
36658940,36659770,NA,NOF,0.0,1124,pause,NA,NA,NA,NA,0.0,0,-47.35,-37.69,[],0,0,[],[]
36659770,36660630,NA,OLN,0.0,1124,pause,NA,NA,NA,NA,0.0,0,-25.95,-19.53,[],0,0,[],[]
36660630,36661260,CHI,CHN,0.0,1124,CIC,BC,0,TIMI,FI,1.0,410,-18.4,-11.79,"[{'Canonical-syllable': '0', 'Growl': '0', 'High-freq-energy': '0', 'Long-island': '0', 'Low-tilt-spectrum': '0', 'Medium-island': '1', 'Short-island': '0', 'Squeal': '0', 'Typical-entropy': '1', 'Voicing-quality': '1', 'Wide-band': '0', 'Xlong-island': '0', 'seq': '1', 'end': 36661.04, 'start': 36660.63}]",0,0,[],[]
36661260,36662490,MAL,MAN,3.57,1124,CIC,EC,1,TIMR,FI,0.0,0,-38.81,-28.18,[],0,0,[],[]
36662490,36664300,NA,NOF,0.0,1125,pause,NA,NA,NA,NA,0.0,0,-35.27,-14.16,[],0,0,[],[]
36664300,36665100,NA,OLF,0.0,1125,pause,NA,NA,NA,NA,0.0,0,-36.72,-19.81,[],0,0,[],[]
36665100,36672220,NA,NOF,0.0,1125,pause,NA,NA,NA,NA,0.0,0,-28.61,-8.29,[],0,0,[],[]
36672220,36673040,CHI,CHN,0.0,1125,CM,BC,0,NT,FI,1.0,820,-23.54,-14.62,"[{'Canonical-syllable': '0', 'Growl': '0', 'High-freq-energy': '0', 'Long-island': '0', 'Low-tilt-spectrum': '0', 'Medium-island': '1', 'Short-island': '1', 'Squeal': '0', 'Typical-entropy': '0', 'Voicing-quality': '2', 'Wide-band': '0', 'Xlong-island': '0', 'seq': '1', 'end': 36673.04, 'start': 36672.22}]",0,0,[],[]
36673040,36674370,CHI,CHN,0.0,1125,CM,EC,0,NT,FH,2.0,850,-17.93,-10.61,"[{'Canonical-syllable': '0', 'Growl': '0', 'High-freq-energy': '0', 'Long-island': '0', 'Low-tilt-spectrum': '0', 'Medium-island': '0', 'Short-island': '1', 'Squeal': '0', 'Typical-entropy': '0', 'Voicing-quality': '1', 'Wide-band': '0', 'Xlong-island': '0', 'seq': '1', 'end': 36673.18, 'start': 36673.04}, {'Canonical-syllable': '0', 'Growl': '0', 'High-freq-energy': '0', 'Long-island': '1', 'Low-tilt-spectrum': '0', 'Medium-island': '0', 'Short-island': '0', 'Squeal': '0', 'Typical-entropy': '0', 'Voicing-quality': '1', 'Wide-band': '0', 'Xlong-island': '0', 'seq': '2', 'end': 36674.37, 'start': 36673.66}]",0,0,[],[]
36674370,36681540,NA,NOF,0.0,1126,pause,NA,NA,NA,NA,0.0,0,-22.9,-3.49,[],0,0,[],[]
36681540,36682710,MAL,MAN,3.15,1126,AICM,BC,0,TIMI,FI,0.0,0,-34.07,-23.74,[],0,0,[],[]
36682710,36683460,CHI,CHN,0.0,1126,AICM,RC,1,TIMR,FI,1.0,160,-33.88,-24.05,"[{'Canonical-syllable': '1', 'Growl': '0', 'High-freq-energy': '0', 'Long-island': '0', 'Low-tilt-spectrum': '0', 'Medium-island': '0', 'Short-island': '1', 'Squeal': '0', 'Typical-entropy': '1', 'Voicing-quality': '1', 'Wide-band': '0', 'Xlong-island': '0', 'seq': '1', 'end': 36683.46, 'start': 36683.3}]",0,0,[],[]
36683460,36685930,NA,NOF,0.0,1126,AICM,NA,NA,NA,NA,0.0,0,-44.5,-38.55,[],0,0,[],[]
36685930,36686930,MAL,MAN,5.21,1126,AICM,EC,1,TIME,FI,0.0,0,-40.47,-31.77,[],0,0,[],[]
36686930,36700850,NA,NOF,0.0,1127,pause,NA,NA,NA,NA,0.0,0,-43.69,-26.24,[],0,0,[],[]
36700850,36702000,NA,FAF,0.0,1127,pause,NA,NA,NA,NA,0.0,0,-43.05,-29.05,[],0,0,[],[]
36702000,36704380,NA,NOF,0.0,1127,pause,NA,NA,NA,NA,0.0,0,-38.72,-23.83,[],0,0,[],[]
36704380,36705670,NA,FAF,0.0,1127,pause,NA,NA,NA,NA,0.0,0,-40.74,-26.34,[],0,0,[],[]
36705670,36706820,CHI,CHN,0.0,1127,CM,EC,0,NT,FI,1.0,1150,-19.23,-7.22,"[{'Canonical-syllable': '0', 'Growl': '0', 'High-freq-energy': '0', 'Long-island': '0', 'Low-tilt-spectrum': '1', 'Medium-island': '2', 'Short-island': '0', 'Squeal': '0', 'Typical-entropy': '2', 'Voicing-quality': '2', 'Wide-band': '0', 'Xlong-island': '0', 'seq': '1', 'end': 36706.82, 'start': 36705.83}]",0,0,[],[]
36706820,36709110,NA,FAF,0.0,1128,pause,NA,NA,NA,NA,0.0,0,-42.64,-30.68,[],0,0,[],[]
36709110,36710340,NA,MAF,0.0,1128,pause,NA,NA,NA,NA,0.0,0,-40.89,-28.69,[],0,0,[],[]
36710340,36711140,NA,NOF,0.0,1128,pause,NA,NA,NA,NA,0.0,0,-37.37,-20.53,[],0,0,[],[]
36711140,36712140,NA,MAF,0.0,1128,pause,NA,NA,NA,NA,0.0,0,-42.54,-30.22,[],0,0,[],[]
36712140,36712740,CHI,CHN,0.0,1128,CIC,BC,0,TIFI,FI,1.0,490,-21.3,-11.03,"[{'Canonical-syllable': '1', 'Growl': '0', 'High-freq-energy': '0', 'Long-island': '0', 'Low-tilt-spectrum': '0', 'Medium-island': '1', 'Short-island': '0', 'Squeal': '0', 'Typical-entropy': '1', 'Voicing-quality': '1', 'Wide-band': '0', 'Xlong-island': '0', 'seq': '1', 'end': 36712.63, 'start': 36712.14}]",0,0,[],[]
36712740,36714160,FEM,FAN,8.51,1128,CIC,RC,1,TIFR,FI,0.0,0,-36.04,-25.67,[],0,0,[],[]
36714160,36714960,NA,CHF,0.0,1128,CIC,NA,NA,NA,NA,0.0,0,-45.01,-31.8,[],0,150,"[{'start': 36714.16, 'end': 36714.31}]",[]
36714960,36715960,MAL,MAN,0.0,1128,CIC,NA,NA,NA,NA,0.0,0,-33.06,-21.12,[],1000,0,[],[]
36715960,36717450,OCH,CXN,0.0,1128,CIC,RC,1,NT,FI,0.0,0,-23.9,-11.86,[],0,0,[],[]
36717450,36718070,CHI,CHN,0.0,1128,CIC,RC,1,NT,FI,1.0,480,-23.37,-17.53,"[{'Canonical-syllable': '1', 'Growl': '0', 'High-freq-energy': '0', 'Long-island': '0', 'Low-tilt-spectrum': '0', 'Medium-island': '1', 'Short-island': '0', 'Squeal': '0', 'Typical-entropy': '0', 'Voicing-quality': '1', 'Wide-band': '0', 'Xlong-island': '0', 'seq': '1', 'end': 36717.93, 'start': 36717.45}]",0,0,[],[]
36718070,36718870,CHI,CHN,0.0,1128,CIC,RC,1,NT,FH,1.0,470,-23.72,-13.81,"[{'Canonical-syllable': '0', 'Growl': '1', 'High-freq-energy': '1', 'Long-island': '0', 'Low-tilt-spectrum': '2', 'Medium-island': '0', 'Short-island': '2', 'Squeal': '0', 'Typical-entropy': '2', 'Voicing-quality': '1', 'Wide-band': '0', 'Xlong-island': '0', 'seq': '1', 'end': 36718.87, 'start': 36718.4}]",0,0,[],[]
36718870,36719610,CHI,CHN,0.0,1128,CIC,RC,1,NT,FH,1.0,740,-19.33,-11.85,"[{'Canonical-syllable': '0', 'Growl': '0', 'High-freq-energy': '0', 'Long-island': '0', 'Low-tilt-spectrum': '1', 'Medium-island': '1', 'Short-island': '1', 'Squeal': '0', 'Typical-entropy': '1', 'Voicing-quality': '2', 'Wide-band': '0', 'Xlong-island': '0', 'seq': '1', 'end': 36719.61, 'start': 36718.87}]",0,0,[],[]
36719610,36720410,NA,OLN,0.0,1128,CIC,NA,NA,NA,NA,0.0,0,-14.52,-3.81,[],0,0,[],[]
36720410,36721080,CHI,CHN,0.0,1128,CIC,EC,1,NT,FH,1.0,530,-25.66,-16.54,"[{'Canonical-syllable': '0', 'Growl': '0', 'High-freq-energy': '0', 'Long-island': '0', 'Low-tilt-spectrum': '1', 'Medium-island': '1', 'Short-island': '0', 'Squeal': '0', 'Typical-entropy': '1', 'Voicing-quality': '1', 'Wide-band': '0', 'Xlong-island': '0', 'seq': '1', 'end': 36720.94, 'start': 36720.54}]",0,0,[],[]
36721080,36724420,NA,NOF,0.0,1129,pause,NA,NA,NA,NA,0.0,0,-35.21,-17.1,[],0,0,[],[]
36724420,36725220,NA,OLF,0.0,1129,pause,NA,NA,NA,NA,0.0,0,-41.86,-32.83,[],0,0,[],[]
36725220,36726950,NA,NOF,0.0,1129,pause,NA,NA,NA,NA,0.0,0,-42.71,-28.56,[],0,0,[],[]
36726950,36727750,NA,CXF,0.0,1129,pause,NA,NA,NA,NA,0.0,0,-49.29,-43.98,[],0,0,[],[]
36727750,36739090,NA,NOF,0.0,1129,pause,NA,NA,NA,NA,0.0,0,-31.04,-6.3,[],0,0,[],[]
36739090,36740210,MAL,MAN,5.21,1129,AMM,EC,0,NT,FI,0.0,0,-35.28,-20.09,[],0,0,[],[]
36740210,36742190,NA,NOF,0.0,1130,pause,NA,NA,NA,NA,0.0,0,-50.43,-35.58,[],0,0,[],[]
36742190,36742990,NA,CXF,0.0,1130,pause,NA,NA,NA,NA,0.0,0,-47.61,-39.55,[],0,0,[],[]
36742990,36744500,NA,NOF,0.0,1130,pause,NA,NA,NA,NA,0.0,0,-46.16,-31.42,[],0,0,[],[]
36744500,36745300,NA,SIL,0.0,1130,pause,NA,NA,NA,NA,0.0,0,-51.17,-41.14,[],0,0,[],[]
36745300,36747200,NA,MAF,0.0,1130,pause,NA,NA,NA,NA,0.0,0,-41.07,-30.35,[],0,0,[],[]
36747200,36748000,NA,SIL,0.0,1130,pause,NA,NA,NA,NA,0.0,0,-54.36,-44.75,[],0,0,[],[]
36748000,36749690,NA,NOF,0.0,1130,pause,NA,NA,NA,NA,0.0,0,-29.84,-8.03,[],0,0,[],[]
36749690,36750540,NA,SIL,0.0,1130,pause,NA,NA,NA,NA,0.0,0,-51.38,-42.29,[],0,0,[],[]
36750540,36751440,NA,OLN,0.0,1130,pause,NA,NA,NA,NA,0.0,0,-33.66,-18.39,[],0,0,[],[]
36751440,36752710,CHI,CHN,0.0,1130,CIC,BC,0,NT,FI,1.0,760,-18.79,-10.23,"[{'Canonical-syllable': '0', 'Growl': '0', 'High-freq-energy': '0', 'Long-island': '1', 'Low-tilt-spectrum': '0', 'Medium-island': '0', 'Short-island': '0', 'Squeal': '0', 'Typical-entropy': '1', 'Voicing-quality': '1', 'Wide-band': '0', 'Xlong-island': '0', 'seq': '1', 'end': 36752.2, 'start': 36751.44}]",0,0,[],[]
36752710,36753600,NA,NOF,0.0,1130,CIC,NA,NA,NA,NA,0.0,0,-41.77,-28.16,[],0,0,[],[]
36753600,36754740,CHI,CHN,0.0,1130,CIC,RC,0,NT,FH,1.0,1140,-20.95,-11.57,"[{'Canonical-syllable': '0', 'Growl': '0', 'High-freq-energy': '0', 'Long-island': '0', 'Low-tilt-spectrum': '1', 'Medium-island': '0', 'Short-island': '0', 'Squeal': '0', 'Typical-entropy': '0', 'Voicing-quality': '1', 'Wide-band': '0', 'Xlong-island': '1', 'seq': '1', 'end': 36754.74, 'start': 36753.68}]",0,0,[],[]
36754740,36755680,NA,OLN,0.0,1130,CIC,NA,NA,NA,NA,0.0,0,-26.13,-14.66,[],0,0,[],[]
36755680,36756340,CHI,CHN,0.0,1130,CIC,RC,0,TIFI,FH,1.0,290,-26.04,-17.18,"[{'Canonical-syllable': '0', 'Growl': '0', 'High-freq-energy': '0', 'Long-island': '0', 'Low-tilt-spectrum': '1', 'Medium-island': '0', 'Short-island': '1', 'Squeal': '0', 'Typical-entropy': '1', 'Voicing-quality': '1', 'Wide-band': '0', 'Xlong-island': '0', 'seq': '1', 'end': 36755.97, 'start': 36755.77}]",0,0,[],[]
36756340,36757440,FEM,FAN,3.02,1130,CIC,EC,1,TIFR,FI,0.0,0,-23.53,-11.16,[],0,0,[],[]
36757440,36758320,NA,OLN,0.0,1131,pause,NA,NA,NA,NA,0.0,0,-39.71,-29.83,[],0,0,[],[]
36758320,36759430,NA,FAF,0.0,1131,pause,NA,NA,NA,NA,0.0,0,-40.12,-32.58,[],0,0,[],[]
36759430,36761220,NA,NOF,0.0,1131,pause,NA,NA,NA,NA,0.0,0,-40.12,-22.93,[],0,0,[],[]
36761220,36762330,NA,MAF,0.0,1131,pause,NA,NA,NA,NA,0.0,0,-44.69,-30.72,[],0,0,[],[]
36762330,36767230,NA,NOF,0.0,1131,pause,NA,NA,NA,NA,0.0,0,-37.57,-15.73,[],0,0,[],[]
36767230,36768240,NA,SIL,0.0,1131,pause,NA,NA,NA,NA,0.0,0,-56.53,-49.09,[],0,0,[],[]
36768240,36769510,NA,NOF,0.0,1131,pause,NA,NA,NA,NA,0.0,0,-22.77,-4.9,[],0,0,[],[]
36769510,36770600,CHI,CHN,0.0,1131,CIOCX,BC,0,NT,FI,1.0,890,-19.38,-11.69,"[{'Canonical-syllable': '1', 'Growl': '0', 'High-freq-energy': '0', 'Long-island': '0', 'Low-tilt-spectrum': '2', 'Medium-island': '1', 'Short-island': '2', 'Squeal': '0', 'Typical-entropy': '3', 'Voicing-quality': '3', 'Wide-band': '1', 'Xlong-island': '0', 'seq': '1', 'end': 36770.4, 'start': 36769.51}]",0,0,[],[]
36770600,36772300,OCH,CXN,0.0,1131,CIOCX,RC,0,NT,FI,0.0,0,-19.04,-9.41,[],0,0,[],[]
36772300,36773720,CHI,CHN,0.0,1131,CIOCX,RC,0,NT,FI,1.0,1420,-19.64,-10.37,"[{'Canonical-syllable': '1', 'Growl': '0', 'High-freq-energy': '0', 'Long-island': '0', 'Low-tilt-spectrum': '3', 'Medium-island': '1', 'Short-island': '2', 'Squeal': '0', 'Typical-entropy': '3', 'Voicing-quality': '3', 'Wide-band': '0', 'Xlong-island': '0', 'seq': '1', 'end': 36773.72, 'start': 36772.3}]",0,0,[],[]
36773720,36774530,NA,NOF,0.0,1131,CIOCX,NA,NA,NA,NA,0.0,0,-48.2,-37.07,[],0,0,[],[]
36774530,36776050,CHI,CHN,0.0,1131,CIOCX,RC,0,NT,FH,1.0,1130,-18.12,-4.88,"[{'Canonical-syllable': '1', 'Growl': '0', 'High-freq-energy': '0', 'Long-island': '0', 'Low-tilt-spectrum': '0', 'Medium-island': '1', 'Short-island': '1', 'Squeal': '0', 'Typical-entropy': '3', 'Voicing-quality': '2', 'Wide-band': '0', 'Xlong-island': '0', 'seq': '1', 'end': 36776.05, 'start': 36774.92}]",0,0,[],[]
36776050,36777330,OCH,CXN,0.0,1131,CIOCX,RC,0,NT,FI,0.0,0,-22.44,-4.43,[],0,0,[],[]
36777330,36778220,CHI,CHN,0.0,1131,CIOCX,EC,0,NT,FI,1.0,280,-25.54,-14.6,"[{'Canonical-syllable': '0', 'Growl': '0', 'High-freq-energy': '0', 'Long-island': '0', 'Low-tilt-spectrum': '0', 'Medium-island': '1', 'Short-island': '0', 'Squeal': '0', 'Typical-entropy': '1', 'Voicing-quality': '1', 'Wide-band': '0', 'Xlong-island': '0', 'seq': '1', 'end': 36778.0, 'start': 36777.72}]",0,0,[],[]
36778220,36779510,NA,CXF,0.0,1132,pause,NA,NA,NA,NA,0.0,0,-39.17,-29.24,[],0,0,[],[]
36779510,36780630,NA,SIL,0.0,1132,pause,NA,NA,NA,NA,0.0,0,-45.95,-31.94,[],0,0,[],[]
36780630,36782000,NA,MAF,0.0,1132,pause,NA,NA,NA,NA,0.0,0,-39.9,-32.74,[],0,0,[],[]
36782000,36783790,NA,NOF,0.0,1132,pause,NA,NA,NA,NA,0.0,0,-48.62,-40.72,[],0,0,[],[]
36783790,36784950,CHI,CHN,0.0,1132,CIC,BC,0,TIFI,FI,1.0,1160,-32.28,-27.16,"[{'Canonical-syllable': '0', 'Growl': '1', 'High-freq-energy': '0', 'Long-island': '1', 'Low-tilt-spectrum': '2', 'Medium-island': '1', 'Short-island': '0', 'Squeal': '0', 'Typical-entropy': '1', 'Voicing-quality': '2', 'Wide-band': '0', 'Xlong-island': '0', 'seq': '1', 'end': 36784.95, 'start': 36783.79}]",0,0,[],[]
36784950,36786350,FEM,FAN,4.84,1132,CIC,EC,1,TIFR,FI,0.0,0,-30.2,-18.66,[],0,0,[],[]
36786350,36787240,NA,OLN,0.0,1133,pause,NA,NA,NA,NA,0.0,0,-24.11,-16.81,[],0,0,[],[]
36787240,36791360,NA,NOF,0.0,1133,pause,NA,NA,NA,NA,0.0,0,-22.45,-0.53,[],0,0,[],[]
36791360,36792870,NA,OLN,0.0,1133,pause,NA,NA,NA,NA,0.0,0,-23.97,-10.59,[],0,0,[],[]
36792870,36793750,OCH,CXN,0.0,1133,XM,BC,0,NT,FI,0.0,0,-27.5,-13.57,[],0,0,[],[]
36793750,36794630,NA,NOF,0.0,1133,XM,NA,NA,NA,NA,0.0,0,-21.68,-5.06,[],0,0,[],[]
36794630,36795760,NA,OLN,0.0,1133,XM,NA,NA,NA,NA,0.0,0,-20.54,-4.48,[],0,0,[],[]
36795760,36796390,OCH,CXN,0.0,1133,XM,EC,0,NT,FH,0.0,0,-26.35,-17.84,[],0,0,[],[]
36796390,36798240,NA,OLN,0.0,1134,pause,NA,NA,NA,NA,0.0,0,-24.24,-13.71,[],0,0,[],[]
36798240,36799250,NA,MAF,0.0,1134,pause,NA,NA,NA,NA,0.0,0,-20.04,-3.34,[],0,0,[],[]
36799250,36800120,NA,OLF,0.0,1134,pause,NA,NA,NA,NA,0.0,0,-32.86,-23.06,[],0,0,[],[]
36800120,36801210,NA,NOF,0.0,1134,pause,NA,NA,NA,NA,0.0,0,-16.12,-4.12,[],0,0,[],[]
36801210,36802060,NA,OLN,0.0,1134,pause,NA,NA,NA,NA,0.0,0,-23.57,-5.62,[],0,0,[],[]
36802060,36802910,NA,NOF,0.0,1134,pause,NA,NA,NA,NA,0.0,0,-42.12,-36.5,[],0,0,[],[]
36802910,36803730,NA,SIL,0.0,1134,pause,NA,NA,NA,NA,0.0,0,-44.47,-30.02,[],0,0,[],[]
36803730,36804930,NA,NOF,0.0,1134,pause,NA,NA,NA,NA,0.0,0,-24.15,-8.57,[],0,0,[],[]
36804930,36805850,NA,SIL,0.0,1134,pause,NA,NA,NA,NA,0.0,0,-51.24,-45.66,[],0,0,[],[]
36805850,36806960,CHI,CHN,0.0,1134,CIOCAX,BC,0,NT,FI,1.0,800,-18.47,-11.22,"[{'Canonical-syllable': '0', 'Growl': '1', 'High-freq-energy': '0', 'Long-island': '0', 'Low-tilt-spectrum': '0', 'Medium-island': '1', 'Short-island': '1', 'Squeal': '0', 'Typical-entropy': '1', 'Voicing-quality': '2', 'Wide-band': '0', 'Xlong-island': '0', 'seq': '1', 'end': 36806.65, 'start': 36805.85}]",0,0,[],[]
36806960,36808390,OCH,CXN,0.0,1134,CIOCAX,RC,0,NT,FI,0.0,0,-24.09,-15.61,[],0,0,[],[]
36808390,36809420,FEM,FAN,9.55,1134,CIOCAX,EC,0,NT,FI,0.0,0,-38.84,-30.89,[],0,0,[],[]
36809420,36810440,NA,SIL,0.0,1135,pause,NA,NA,NA,NA,0.0,0,-50.74,-43.5,[],0,0,[],[]
36810440,36815430,NA,NOF,0.0,1135,pause,NA,NA,NA,NA,0.0,0,-44.72,-26.04,[],0,0,[],[]
36815430,36819580,NA,SIL,0.0,1135,pause,NA,NA,NA,NA,0.0,0,-51.27,-38.57,[],0,0,[],[]
36819580,36820690,NA,NOF,0.0,1135,pause,NA,NA,NA,NA,0.0,0,-44.94,-36.37,[],0,0,[],[]
36820690,36821490,NA,SIL,0.0,1135,pause,NA,NA,NA,NA,0.0,0,-52.59,-46.9,[],0,0,[],[]
36821490,36823460,NA,NOF,0.0,1135,pause,NA,NA,NA,NA,0.0,0,-30.46,-14.16,[],0,0,[],[]
36823460,36824550,FEM,FAN,2.85,1135,AICF,BC,0,TIFI,FI,0.0,0,-31.33,-23.53,[],0,0,[],[]
36824550,36825620,NA,MAF,0.0,1135,AICF,NA,NA,NA,NA,0.0,0,-39.85,-31.52,[],0,0,[],[]
36825620,36826470,NA,NOF,0.0,1135,AICF,NA,NA,NA,NA,0.0,0,-45.7,-37.33,[],0,0,[],[]
36826470,36827230,CHI,CHN,0.0,1135,AICF,RC,1,TIFR,FI,1.0,760,-21.67,-16.54,"[{'Canonical-syllable': '0', 'Growl': '0', 'High-freq-energy': '0', 'Long-island': '0', 'Low-tilt-spectrum': '0', 'Medium-island': '1', 'Short-island': '1', 'Squeal': '0', 'Typical-entropy': '0', 'Voicing-quality': '2', 'Wide-band': '1', 'Xlong-island': '0', 'seq': '1', 'end': 36827.23, 'start': 36826.47}]",0,0,[],[]
36827230,36828070,NA,OLF,0.0,1135,AICF,NA,NA,NA,NA,0.0,0,-38.5,-31.84,[],0,0,[],[]
36828070,36828920,NA,NOF,0.0,1135,AICF,NA,NA,NA,NA,0.0,0,-41.37,-36.72,[],0,0,[],[]
36828920,36829810,NA,SIL,0.0,1135,AICF,NA,NA,NA,NA,0.0,0,-43.69,-36.57,[],0,0,[],[]
36829810,36830810,MAL,MAN,2.7,1135,AICF,RC,1,TIME,FI,0.0,0,-24.96,-19.71,[],0,0,[],[]
36830810,36832660,NA,NOF,0.0,1135,AICF,NA,NA,NA,NA,0.0,0,-37.89,-24.4,[],0,0,[],[]
36832660,36833660,MAL,MAN,4.28,1135,AICF,RC,1,NT,FH,0.0,0,-35.2,-24.96,[],0,0,[],[]
36833660,36834640,NA,NOF,0.0,1135,AICF,NA,NA,NA,NA,0.0,0,-46.72,-33.46,[],0,0,[],[]
36834640,36836100,NA,OLN,0.0,1135,AICF,NA,NA,NA,NA,0.0,0,-28.9,-19.21,[],0,0,[],[]
36836100,36838010,MAL,MAN,6.85,1135,AICF,RC,1,NT,FH,0.0,0,-27.92,-13.04,[],0,0,[],[]
36838010,36839100,NA,NOF,0.0,1135,AICF,NA,NA,NA,NA,0.0,0,-29.44,-12.67,[],0,0,[],[]
36839100,36840710,MAL,MAN,0.32,1135,AICF,RC,1,NT,FH,0.0,0,-26.53,-17.97,[],0,0,[],[]
36840710,36842050,NA,SIL,0.0,1135,AICF,NA,NA,NA,NA,0.0,0,-43.35,-28.17,[],0,0,[],[]
36842050,36843050,MAL,MAN,7.0,1135,AICF,RC,1,TIMI,FH,0.0,0,-36.98,-27.98,[],0,0,[],[]
36843050,36844810,NA,NOF,0.0,1135,AICF,NA,NA,NA,NA,0.0,0,-38.77,-27.23,[],0,0,[],[]
36844810,36847030,CHI,CHN,0.0,1135,AICF,RC,2,TIMR,FI,2.0,1840,-16.52,-7.4,"[{'Canonical-syllable': '1', 'Growl': '1', 'High-freq-energy': '0', 'Long-island': '0', 'Low-tilt-spectrum': '0', 'Medium-island': '0', 'Short-island': '1', 'Squeal': '0', 'Typical-entropy': '3', 'Voicing-quality': '4', 'Wide-band': '0', 'Xlong-island': '0', 'seq': '1', 'end': 36845.7, 'start': 36844.81}, {'Canonical-syllable': '0', 'Growl': '0', 'High-freq-energy': '0', 'Long-island': '0', 'Low-tilt-spectrum': '1', 'Medium-island': '0', 'Short-island': '0', 'Squeal': '0', 'Typical-entropy': '1', 'Voicing-quality': '1', 'Wide-band': '0', 'Xlong-island': '1', 'seq': '2', 'end': 36847.03, 'start': 36846.08}]",0,0,[],[]
36847030,36848030,MAL,MAN,5.59,1135,AICF,RC,2,TIMI,FI,0.0,0,-32.93,-26.02,[],0,0,[],[]
36848030,36848940,NA,FAF,0.0,1135,AICF,NA,NA,NA,NA,0.0,0,-41.76,-25.72,[],0,0,[],[]
36848940,36850220,NA,SIL,0.0,1135,AICF,NA,NA,NA,NA,0.0,0,-50.33,-40.75,[],0,0,[],[]
36850220,36852800,NA,OLF,0.0,1135,AICF,NA,NA,NA,NA,0.0,0,-37.79,-18.08,[],0,0,[],[]
36852800,36854190,CHI,CHN,0.0,1135,AICF,RC,3,TIMR,FI,1.0,730,-18.77,-10.53,"[{'Canonical-syllable': '0', 'Growl': '0', 'High-freq-energy': '0', 'Long-island': '1', 'Low-tilt-spectrum': '0', 'Medium-island': '0', 'Short-island': '0', 'Squeal': '0', 'Typical-entropy': '1', 'Voicing-quality': '1', 'Wide-band': '0', 'Xlong-island': '0', 'seq': '1', 'end': 36853.53, 'start': 36852.8}]",0,0,[],[]
36854190,36855940,CHI,CHN,0.0,1135,AICF,RC,3,NT,FH,1.0,1750,-17.33,-10.92,"[{'Canonical-syllable': '0', 'Growl': '0', 'High-freq-energy': '0', 'Long-island': '0', 'Low-tilt-spectrum': '0', 'Medium-island': '1', 'Short-island': '0', 'Squeal': '0', 'Typical-entropy': '1', 'Voicing-quality': '2', 'Wide-band': '0', 'Xlong-island': '1', 'seq': '1', 'end': 36855.94, 'start': 36854.19}]",0,0,[],[]
36855940,36856750,NA,OLF,0.0,1135,AICF,NA,NA,NA,NA,0.0,0,-42.73,-27.5,[],0,0,[],[]
36856750,36858750,CHI,CHN,0.0,1135,AICF,RC,3,NT,FH,1.0,2000,-16.04,-11.04,"[{'Canonical-syllable': '0', 'Growl': '0', 'High-freq-energy': '0', 'Long-island': '0', 'Low-tilt-spectrum': '0', 'Medium-island': '0', 'Short-island': '1', 'Squeal': '0', 'Typical-entropy': '1', 'Voicing-quality': '2', 'Wide-band': '0', 'Xlong-island': '1', 'seq': '1', 'end': 36858.75, 'start': 36856.75}]",0,0,[],[]
36858750,36859550,NA,SIL,0.0,1135,AICF,NA,NA,NA,NA,0.0,0,-44.89,-36.02,[],0,0,[],[]
36859550,36860520,CHI,CHN,0.0,1135,AICF,RC,3,NT,FH,1.0,970,-15.79,-10.67,"[{'Canonical-syllable': '0', 'Growl': '0', 'High-freq-energy': '0', 'Long-island': '1', 'Low-tilt-spectrum': '0', 'Medium-island': '0', 'Short-island': '0', 'Squeal': '0', 'Typical-entropy': '0', 'Voicing-quality': '1', 'Wide-band': '0', 'Xlong-island': '0', 'seq': '1', 'end': 36860.52, 'start': 36859.55}]",0,0,[],[]
36860520,36861810,NA,OLN,0.0,1135,AICF,NA,NA,NA,NA,0.0,0,-30.08,-20.97,[],0,0,[],[]
36861810,36863430,MAL,MAN,4.98,1135,AICF,RC,3,TIMI,FI,0.0,0,-32.23,-22.52,[],0,0,[],[]
36863430,36864560,NA,SIL,0.0,1135,AICF,NA,NA,NA,NA,0.0,0,-46.82,-34.62,[],0,0,[],[]
36864560,36865360,NA,CXF,0.0,1135,AICF,NA,NA,NA,NA,0.0,0,-43.66,-33.74,[],0,0,[],[]
36865360,36867050,CHI,CHN,0.0,1135,AICF,RC,4,TIMR,FI,1.0,1160,-19.98,-10.1,"[{'Canonical-syllable': '2', 'Growl': '0', 'High-freq-energy': '0', 'Long-island': '0', 'Low-tilt-spectrum': '1', 'Medium-island': '1', 'Short-island': '2', 'Squeal': '0', 'Typical-entropy': '0', 'Voicing-quality': '4', 'Wide-band': '0', 'Xlong-island': '0', 'seq': '1', 'end': 36866.52, 'start': 36865.36}]",0,0,[],[]
36867050,36868120,MAL,MAN,4.08,1135,AICF,RC,4,TIME,FI,0.0,0,-31.31,-26.2,[],0,0,[],[]
36868120,36868920,NA,TVF,0.0,1135,AICF,NA,NA,NA,NA,0.0,0,-41.7,-32.29,[],0,0,[],[]
36868920,36870660,MAL,MAN,4.05,1135,AICF,RC,4,NT,FH,0.0,0,-29.41,-24.48,[],0,0,[],[]
36870660,36872480,NA,NOF,0.0,1135,AICF,NA,NA,NA,NA,0.0,0,-35.33,-20.87,[],0,0,[],[]
36872480,36873500,MAL,MAN,1.01,1135,AICF,RC,4,NT,FH,0.0,0,-28.88,-23.65,[],0,0,[],[]
36873500,36874100,NA,CHF,0.0,1135,AICF,NA,NA,NA,NA,0.0,0,-40.87,-27.96,[],0,280,[],"[{'start': 36873.5, 'end': 36873.78}]"
36874100,36876000,FEM,FAN,5.24,1135,AICF,RC,4,TIFI,FI,0.0,0,-31.58,-17.02,[],0,0,[],[]
36876000,36879460,NA,NOF,0.0,1135,AICF,NA,NA,NA,NA,0.0,0,-40.95,-27.8,[],0,0,[],[]
36879460,36880820,CHI,CHN,0.0,1135,AICF,RC,5,TIFR,FI,2.0,880,-18.06,-12.02,"[{'Canonical-syllable': '0', 'Growl': '0', 'High-freq-energy': '0', 'Long-island': '0', 'Low-tilt-spectrum': '0', 'Medium-island': '1', 'Short-island': '0', 'Squeal': '0', 'Typical-entropy': '1', 'Voicing-quality': '1', 'Wide-band': '0', 'Xlong-island': '0', 'seq': '1', 'end': 36879.97, 'start': 36879.46}, {'Canonical-syllable': '0', 'Growl': '0', 'High-freq-energy': '0', 'Long-island': '0', 'Low-tilt-spectrum': '0', 'Medium-island': '1', 'Short-island': '0', 'Squeal': '0', 'Typical-entropy': '0', 'Voicing-quality': '1', 'Wide-band': '0', 'Xlong-island': '0', 'seq': '2', 'end': 36880.82, 'start': 36880.45}]",0,0,[],[]
36880820,36881620,OCH,CXN,0.0,1135,AICF,RC,5,NT,FI,0.0,0,-14.92,-9.46,[],0,0,[],[]
36881620,36882630,MAL,MAN,3.62,1135,AICF,RC,5,NT,FI,0.0,0,-31.22,-22.36,[],0,0,[],[]
36882630,36883430,NA,TVN,0.0,1135,AICF,NA,NA,NA,NA,0.0,0,-44.16,-35.74,[],0,0,[],[]
36883430,36884830,NA,SIL,0.0,1135,AICF,NA,NA,NA,NA,0.0,0,-52.92,-41.35,[],0,0,[],[]
36884830,36886420,NA,NOF,0.0,1135,AICF,NA,NA,NA,NA,0.0,0,-47.57,-34.28,[],0,0,[],[]
36886420,36889020,MAL,MAN,9.5,1135,AICF,RC,5,NT,FH,0.0,0,-28.33,-18.78,[],0,0,[],[]
36889020,36889820,NA,NOF,0.0,1135,AICF,NA,NA,NA,NA,0.0,0,-32.95,-21.37,[],0,0,[],[]
36889820,36890920,NA,SIL,0.0,1135,AICF,NA,NA,NA,NA,0.0,0,-49.77,-32.96,[],0,0,[],[]
36890920,36891980,MAL,MAN,2.26,1135,AICF,EC,5,NT,FH,0.0,0,-30.07,-23.1,[],0,0,[],[]
36891980,36892820,NA,NOF,0.0,1136,pause,NA,NA,NA,NA,0.0,0,-31.18,-19.27,[],0,0,[],[]
36892820,36894050,NA,SIL,0.0,1136,pause,NA,NA,NA,NA,0.0,0,-48.01,-35.75,[],0,0,[],[]
36894050,36895050,MAL,MAN,0.0,1136,pause,NA,NA,NA,NA,0.0,0,-28.96,-20.42,[],1000,0,[],[]
36895050,36895850,NA,SIL,0.0,1136,pause,NA,NA,NA,NA,0.0,0,-52.07,-41.4,[],0,0,[],[]
36895850,36897790,NA,NOF,0.0,1136,pause,NA,NA,NA,NA,0.0,0,-41.38,-28.47,[],0,0,[],[]
36897790,36898940,NA,SIL,0.0,1136,pause,NA,NA,NA,NA,0.0,0,-46.27,-37.32,[],0,0,[],[]
36898940,36900260,NA,NOF,0.0,1136,pause,NA,NA,NA,NA,0.0,0,-48.15,-37.18,[],0,0,[],[]
36900260,36902400,FEM,FAN,8.6,1136,AICF,BC,0,NT,FI,0.0,0,-31.16,-19.85,[],0,0,[],[]
36902400,36903620,MAL,MAN,5.25,1136,AICF,RC,0,TIMI,FI,0.0,0,-26.26,-20.67,[],0,0,[],[]
36903620,36904420,NA,NOF,0.0,1136,AICF,NA,NA,NA,NA,0.0,0,-28.69,-13.5,[],0,0,[],[]
36904420,36905220,NA,OLN,0.0,1136,AICF,NA,NA,NA,NA,0.0,0,-23.35,-9.38,[],0,0,[],[]
36905220,36906240,CHI,CHN,0.0,1136,AICF,RC,1,TIMR,FI,1.0,700,-18.95,-6.96,"[{'Canonical-syllable': '0', 'Growl': '1', 'High-freq-energy': '0', 'Long-island': '0', 'Low-tilt-spectrum': '0', 'Medium-island': '2', 'Short-island': '0', 'Squeal': '0', 'Typical-entropy': '1', 'Voicing-quality': '2', 'Wide-band': '0', 'Xlong-island': '0', 'seq': '1', 'end': 36905.92, 'start': 36905.22}]",0,0,[],[]
36906240,36907070,CHI,CHN,0.0,1136,AICF,RC,1,NT,FH,1.0,830,-20.44,-13.04,"[{'Canonical-syllable': '0', 'Growl': '0', 'High-freq-energy': '0', 'Long-island': '0', 'Low-tilt-spectrum': '1', 'Medium-island': '1', 'Short-island': '0', 'Squeal': '0', 'Typical-entropy': '1', 'Voicing-quality': '1', 'Wide-band': '0', 'Xlong-island': '0', 'seq': '1', 'end': 36907.07, 'start': 36906.51}]",0,0,[],[]
36907070,36907930,CHI,CHN,0.0,1136,AICF,EC,1,NT,FH,1.0,740,-21.49,-13.09,"[{'Canonical-syllable': '0', 'Growl': '0', 'High-freq-energy': '0', 'Long-island': '0', 'Low-tilt-spectrum': '2', 'Medium-island': '1', 'Short-island': '0', 'Squeal': '0', 'Typical-entropy': '2', 'Voicing-quality': '1', 'Wide-band': '0', 'Xlong-island': '0', 'seq': '1', 'end': 36907.81, 'start': 36907.07}]",0,0,[],[]
36907930,36908930,NA,MAF,0.0,1137,pause,NA,NA,NA,NA,0.0,0,-35.78,-29.92,[],0,0,[],[]
36908930,36911020,NA,NOF,0.0,1137,pause,NA,NA,NA,NA,0.0,0,-24.35,-6.83,[],0,0,[],[]
36911020,36912520,NA,OLN,0.0,1137,pause,NA,NA,NA,NA,0.0,0,-22.82,-6.88,[],0,0,[],[]
36912520,36914020,NA,NOF,0.0,1137,pause,NA,NA,NA,NA,0.0,0,-34.63,-18.53,[],0,0,[],[]
36914020,36915020,NA,OLF,0.0,1137,pause,NA,NA,NA,NA,0.0,0,-32.78,-19.17,[],0,0,[],[]
36915020,36917120,NA,NOF,0.0,1137,pause,NA,NA,NA,NA,0.0,0,-21.6,-5.31,[],0,0,[],[]
36917120,36917960,CHI,CHN,0.0,1137,CIC,BC,0,NT,FI,1.0,840,-21.74,-14.95,"[{'Canonical-syllable': '0', 'Growl': '0', 'High-freq-energy': '0', 'Long-island': '0', 'Low-tilt-spectrum': '0', 'Medium-island': '0', 'Short-island': '2', 'Squeal': '0', 'Typical-entropy': '1', 'Voicing-quality': '3', 'Wide-band': '1', 'Xlong-island': '0', 'seq': '1', 'end': 36917.96, 'start': 36917.12}]",0,0,[],[]
36917960,36919870,OCH,CXN,0.0,1137,CIC,RC,0,NT,FI,0.0,0,-21.99,-13.71,[],0,0,[],[]
36919870,36920670,NA,SIL,0.0,1137,CIC,NA,NA,NA,NA,0.0,0,-51.63,-44.88,[],0,0,[],[]
36920670,36922030,CHI,CHN,0.0,1137,CIC,RC,0,NT,FI,2.0,650,-32.08,-24.06,"[{'Canonical-syllable': '0', 'Growl': '1', 'High-freq-energy': '0', 'Long-island': '0', 'Low-tilt-spectrum': '0', 'Medium-island': '1', 'Short-island': '0', 'Squeal': '0', 'Typical-entropy': '0', 'Voicing-quality': '1', 'Wide-band': '0', 'Xlong-island': '0', 'seq': '1', 'end': 36921.1, 'start': 36920.79}, {'Canonical-syllable': '0', 'Growl': '1', 'High-freq-energy': '0', 'Long-island': '0', 'Low-tilt-spectrum': '0', 'Medium-island': '0', 'Short-island': '1', 'Squeal': '0', 'Typical-entropy': '1', 'Voicing-quality': '1', 'Wide-band': '0', 'Xlong-island': '0', 'seq': '2', 'end': 36922.03, 'start': 36921.81}]",0,0,[],[]
36922030,36923220,OCH,CXN,0.0,1137,CIC,RC,0,NT,FI,0.0,0,-21.9,-16.9,[],0,0,[],[]
36923220,36924020,NA,OLF,0.0,1137,CIC,NA,NA,NA,NA,0.0,0,-37.12,-21.91,[],0,0,[],[]
36924020,36924790,CHI,CHN,0.0,1137,CIC,RC,0,TIMI,FI,1.0,770,-17.2,-13.43,"[{'Canonical-syllable': '0', 'Growl': '0', 'High-freq-energy': '1', 'Long-island': '1', 'Low-tilt-spectrum': '0', 'Medium-island': '0', 'Short-island': '0', 'Squeal': '0', 'Typical-entropy': '1', 'Voicing-quality': '1', 'Wide-band': '0', 'Xlong-island': '0', 'seq': '1', 'end': 36924.79, 'start': 36924.02}]",0,0,[],[]
36924790,36926430,NA,NOF,0.0,1137,CIC,NA,NA,NA,NA,0.0,0,-45.64,-35.49,[],0,0,[],[]
36926430,36927460,MAL,MAN,6.6,1137,CIC,RC,1,TIMR,FI,0.0,0,-33.56,-27.5,[],0,0,[],[]
36927460,36928260,NA,OLN,0.0,1137,CIC,NA,NA,NA,NA,0.0,0,-32.98,-26.54,[],0,0,[],[]
36928260,36929060,NA,NOF,0.0,1137,CIC,NA,NA,NA,NA,0.0,0,-40.09,-24.06,[],0,0,[],[]
36929060,36929920,NA,OLN,0.0,1137,CIC,NA,NA,NA,NA,0.0,0,-34.55,-28.07,[],0,0,[],[]
36929920,36930920,FEM,FAN,3.48,1137,CIC,EC,1,NT,FI,0.0,0,-36.92,-29.13,[],0,0,[],[]
36930920,36931740,NA,OLN,0.0,1138,pause,NA,NA,NA,NA,0.0,0,-34.63,-26.46,[],0,0,[],[]
36931740,36935800,NA,NOF,0.0,1138,pause,NA,NA,NA,NA,0.0,0,-39.79,-22.59,[],0,0,[],[]
36935800,36936600,NA,FAF,0.0,1138,pause,NA,NA,NA,NA,0.0,0,-36.2,-30.31,[],0,0,[],[]
36936600,36937620,NA,MAF,0.0,1138,pause,NA,NA,NA,NA,0.0,0,-37.01,-32.42,[],0,0,[],[]
36937620,36938720,NA,NOF,0.0,1138,pause,NA,NA,NA,NA,0.0,0,-52.03,-44.41,[],0,0,[],[]
36938720,36939900,NA,OLF,0.0,1138,pause,NA,NA,NA,NA,0.0,0,-33.87,-22.28,[],0,0,[],[]
36939900,36941190,NA,NOF,0.0,1138,pause,NA,NA,NA,NA,0.0,0,-51.24,-42.94,[],0,0,[],[]
36941190,36941990,NA,TVF,0.0,1138,pause,NA,NA,NA,NA,0.0,0,-41.24,-35.79,[],0,0,[],[]
36941990,36946220,NA,NOF,0.0,1138,pause,NA,NA,NA,NA,0.0,0,-30.65,-12.14,[],0,0,[],[]
36946220,36948720,MAL,MAN,8.45,1138,AMM,BC,0,NT,FI,0.0,0,-31.82,-13.79,[],0,0,[],[]
36948720,36949870,FEM,FAN,4.47,1138,AMM,RC,0,NT,FI,0.0,0,-40.98,-33.87,[],0,0,[],[]
36949870,36952320,NA,NOF,0.0,1138,AMM,NA,NA,NA,NA,0.0,0,-22.4,-6.64,[],0,0,[],[]
36952320,36954320,MAL,MAN,8.7,1138,AMM,RC,0,NT,FI,0.0,0,-21.81,-5.09,[],0,0,[],[]
36954320,36956290,FEM,FAN,6.26,1138,AMM,EC,0,NT,FI,0.0,0,-33.49,-22.54,[],0,0,[],[]
36956290,36957270,NA,NOF,0.0,1139,pause,NA,NA,NA,NA,0.0,0,-48.05,-35.88,[],0,0,[],[]
36957270,36958270,NA,FAF,0.0,1139,pause,NA,NA,NA,NA,0.0,0,-40.38,-28.41,[],0,0,[],[]
36958270,36959850,NA,NOF,0.0,1139,pause,NA,NA,NA,NA,0.0,0,-36.77,-25.3,[],0,0,[],[]
36959850,36960650,NA,CXF,0.0,1139,pause,NA,NA,NA,NA,0.0,0,-43.28,-32.47,[],0,0,[],[]
36960650,36961540,NA,NOF,0.0,1139,pause,NA,NA,NA,NA,0.0,0,-52.42,-43.34,[],0,0,[],[]
36961540,36962340,NA,TVF,0.0,1139,pause,NA,NA,NA,NA,0.0,0,-45.88,-37.52,[],0,0,[],[]
36962340,36963460,NA,NON,0.0,1139,pause,NA,NA,NA,NA,0.0,0,-47.12,-37.89,[],0,0,[],[]
36963460,36964510,FEM,FAN,1.82,1139,AMF,BC,0,NT,FI,0.0,0,-28.04,-18.52,[],0,0,[],[]
36964510,36966160,MAL,MAN,5.43,1139,AMF,RC,0,NT,FI,0.0,0,-38.75,-29.08,[],0,0,[],[]
36966160,36966960,NA,CXF,0.0,1139,AMF,NA,NA,NA,NA,0.0,0,-46.38,-40.55,[],0,0,[],[]
36966960,36967820,NA,TVF,0.0,1139,AMF,NA,NA,NA,NA,0.0,0,-52.69,-44.9,[],0,0,[],[]
36967820,36968620,NA,SIL,0.0,1139,AMF,NA,NA,NA,NA,0.0,0,-56.73,-51.57,[],0,0,[],[]
36968620,36970240,NA,NOF,0.0,1139,AMF,NA,NA,NA,NA,0.0,0,-38.06,-22.41,[],0,0,[],[]
36970240,36972890,FEM,FAN,10.59,1139,AMF,RC,0,NT,FI,0.0,0,-37.32,-28.81,[],0,0,[],[]
36972890,36974410,NA,MAF,0.0,1139,AMF,NA,NA,NA,NA,0.0,0,-40.19,-30.47,[],0,0,[],[]
36974410,36975270,NA,SIL,0.0,1139,AMF,NA,NA,NA,NA,0.0,0,-52.71,-39.99,[],0,0,[],[]
36975270,36976270,MAL,MAN,3.37,1139,AMF,RC,0,NT,FI,0.0,0,-38.0,-27.5,[],0,0,[],[]
36976270,36977080,NA,OLN,0.0,1139,AMF,NA,NA,NA,NA,0.0,0,-33.89,-27.57,[],0,0,[],[]
36977080,36978080,NA,MAF,0.0,1139,AMF,NA,NA,NA,NA,0.0,0,-42.01,-35.15,[],0,0,[],[]
36978080,36979320,NA,NOF,0.0,1139,AMF,NA,NA,NA,NA,0.0,0,-47.49,-38.3,[],0,0,[],[]
36979320,36981160,MAL,MAN,7.42,1139,AMF,EC,0,NT,FH,0.0,0,-36.81,-27.62,[],0,0,[],[]
36981160,36983920,NA,NOF,0.0,1140,pause,NA,NA,NA,NA,0.0,0,-39.66,-24.85,[],0,0,[],[]
36983920,36984740,NA,SIL,0.0,1140,pause,NA,NA,NA,NA,0.0,0,-52.54,-47.98,[],0,0,[],[]
36984740,36988290,NA,NOF,0.0,1140,pause,NA,NA,NA,NA,0.0,0,-42.58,-26.64,[],0,0,[],[]
36988290,36989290,MAL,MAN,6.78,1140,AIOCM,BC,0,NT,FI,0.0,0,-37.43,-30.33,[],0,0,[],[]
36989290,36990100,NA,SIL,0.0,1140,AIOCM,NA,NA,NA,NA,0.0,0,-52.94,-39.66,[],0,0,[],[]
36990100,36991460,NA,NOF,0.0,1140,AIOCM,NA,NA,NA,NA,0.0,0,-47.39,-39.59,[],0,0,[],[]
36991460,36992680,OCH,CXN,0.0,1140,AIOCM,RC,0,NT,FI,0.0,0,-20.49,-12.6,[],0,0,[],[]
36992680,36993920,MAL,MAN,5.35,1140,AIOCM,EC,0,NT,FI,0.0,0,-37.12,-30.99,[],0,0,[],[]
36993920,36994720,NA,OLF,0.0,1141,pause,NA,NA,NA,NA,0.0,0,-35.62,-22.85,[],0,0,[],[]
36994720,36995570,NA,SIL,0.0,1141,pause,NA,NA,NA,NA,0.0,0,-55.61,-47.07,[],0,0,[],[]
36995570,36996940,NA,MAF,0.0,1141,pause,NA,NA,NA,NA,0.0,0,-39.2,-29.26,[],0,0,[],[]
36996940,36997960,NA,NOF,0.0,1141,pause,NA,NA,NA,NA,0.0,0,-40.56,-25.55,[],0,0,[],[]
36997960,36999080,NA,MAF,0.0,1141,pause,NA,NA,NA,NA,0.0,0,-40.75,-33.54,[],0,0,[],[]
36999080,37000230,NA,SIL,0.0,1141,pause,NA,NA,NA,NA,0.0,0,-58.2,-50.6,[],0,0,[],[]
37000230,37001070,NA,NOF,0.0,1141,pause,NA,NA,NA,NA,0.0,0,-46.65,-37.82,[],0,0,[],[]
37001070,37003170,NA,MAF,0.0,1141,pause,NA,NA,NA,NA,0.0,0,-42.04,-30.45,[],0,0,[],[]
37003170,37004360,NA,NOF,0.0,1141,pause,NA,NA,NA,NA,0.0,0,-45.82,-36.54,[],0,0,[],[]
37004360,37005550,NA,SIL,0.0,1141,pause,NA,NA,NA,NA,0.0,0,-56.7,-46.56,[],0,0,[],[]
37005550,37006150,NA,FAF,0.0,1141,pause,NA,NA,NA,NA,0.0,0,-46.75,-40.99,[],0,0,[],[]
37006150,37007240,NA,SIL,0.0,1141,pause,NA,NA,NA,NA,0.0,0,-57.46,-49.23,[],0,0,[],[]
37007240,37008240,FEM,FAN,0.0,1141,pause,NA,NA,NA,NA,0.0,0,-46.03,-36.94,[],1000,0,[],[]
37008240,37009190,NA,NOF,0.0,1141,pause,NA,NA,NA,NA,0.0,0,-47.35,-41.51,[],0,0,[],[]
37009190,37010000,NA,SIL,0.0,1141,pause,NA,NA,NA,NA,0.0,0,-53.2,-42.16,[],0,0,[],[]
37010000,37013200,NA,NOF,0.0,1141,pause,NA,NA,NA,NA,0.0,0,-28.69,-8.5,[],0,0,[],[]
37013200,37014570,FEM,FAN,0.83,1141,AIOCF,BC,0,NT,FI,0.0,0,-31.14,-22.39,[],0,0,[],[]
37014570,37015440,NA,NOF,0.0,1141,AIOCF,NA,NA,NA,NA,0.0,0,-36.48,-20.18,[],0,0,[],[]
37015440,37016480,OCH,CXN,0.0,1141,AIOCF,EC,0,NT,FI,0.0,0,-27.4,-18.89,[],0,0,[],[]
37016480,37017290,NA,CXF,0.0,1142,pause,NA,NA,NA,NA,0.0,0,-46.09,-39.14,[],0,0,[],[]
37017290,37018260,NA,FAF,0.0,1142,pause,NA,NA,NA,NA,0.0,0,-49.89,-39.26,[],0,0,[],[]
37018260,37019320,NA,SIL,0.0,1142,pause,NA,NA,NA,NA,0.0,0,-55.18,-47.69,[],0,0,[],[]
37019320,37021590,NA,OLF,0.0,1142,pause,NA,NA,NA,NA,0.0,0,-42.05,-25.26,[],0,0,[],[]
37021590,37022190,NA,CHF,0.0,1142,CM,EC,0,NT,FI,1.0,600,-34.8,-27.33,"[{'Canonical-syllable': '0', 'Growl': '1', 'High-freq-energy': '0', 'Long-island': '0', 'Low-tilt-spectrum': '1', 'Medium-island': '1', 'Short-island': '0', 'Squeal': '0', 'Typical-entropy': '1', 'Voicing-quality': '1', 'Wide-band': '0', 'Xlong-island': '0', 'seq': '1', 'end': 37022.19, 'start': 37021.59}]",0,0,[],[]
37022190,37029080,NA,NOF,0.0,1143,pause,NA,NA,NA,NA,0.0,0,-44.83,-29.33,[],0,0,[],[]
37029080,37029880,NA,CXF,0.0,1143,pause,NA,NA,NA,NA,0.0,0,-38.38,-22.17,[],0,0,[],[]
37029880,37030880,FEM,FAN,2.47,1143,AIOCF,BC,0,NT,FI,0.0,0,-35.45,-26.94,[],0,0,[],[]
37030880,37031480,OCH,CXN,0.0,1143,AIOCF,RC,0,NT,FI,0.0,0,-38.62,-31.11,[],0,0,[],[]
37031480,37033180,FEM,FAN,6.72,1143,AIOCF,RC,0,NT,FI,0.0,0,-36.2,-25.81,[],0,0,[],[]
37033180,37034780,NA,NOF,0.0,1143,AIOCF,NA,NA,NA,NA,0.0,0,-49.87,-38.63,[],0,0,[],[]
37034780,37035590,NA,SIL,0.0,1143,AIOCF,NA,NA,NA,NA,0.0,0,-53.83,-39.73,[],0,0,[],[]
37035590,37037140,FEM,FAN,3.81,1143,AIOCF,EC,0,NT,FH,0.0,0,-36.82,-25.72,[],0,0,[],[]
37037140,37039080,NA,NOF,0.0,1144,pause,NA,NA,NA,NA,0.0,0,-47.18,-34.52,[],0,0,[],[]
37039080,37039880,NA,SIL,0.0,1144,pause,NA,NA,NA,NA,0.0,0,-57.0,-51.28,[],0,0,[],[]
37039880,37043210,NA,NOF,0.0,1144,pause,NA,NA,NA,NA,0.0,0,-46.32,-25.69,[],0,0,[],[]
37043210,37044430,NA,MAF,0.0,1144,pause,NA,NA,NA,NA,0.0,0,-39.22,-30.19,[],0,0,[],[]
37044430,37045660,NA,FAF,0.0,1144,pause,NA,NA,NA,NA,0.0,0,-38.22,-27.23,[],0,0,[],[]
37045660,37046810,NA,NOF,0.0,1144,pause,NA,NA,NA,NA,0.0,0,-37.93,-27.08,[],0,0,[],[]
37046810,37048270,NA,OLF,0.0,1144,pause,NA,NA,NA,NA,0.0,0,-34.75,-19.54,[],0,0,[],[]
37048270,37050330,NA,NOF,0.0,1144,pause,NA,NA,NA,NA,0.0,0,-43.32,-29.16,[],0,0,[],[]
37050330,37051610,FEM,FAN,0.0,1144,pause,NA,NA,NA,NA,0.0,0,-38.83,-32.73,[],1280,0,[],[]
37051610,37052490,NA,SIL,0.0,1144,pause,NA,NA,NA,NA,0.0,0,-50.39,-41.98,[],0,0,[],[]
37052490,37057700,NA,NOF,0.0,1144,pause,NA,NA,NA,NA,0.0,0,-47.65,-32.97,[],0,0,[],[]
37057700,37062360,NA,SIL,0.0,1144,pause,NA,NA,NA,NA,0.0,0,-53.67,-37.62,[],0,0,[],[]
37062360,37063160,NA,NOF,0.0,1144,pause,NA,NA,NA,NA,0.0,0,-46.73,-34.39,[],0,0,[],[]
37063160,37063960,NA,SIL,0.0,1144,pause,NA,NA,NA,NA,0.0,0,-57.68,-51.9,[],0,0,[],[]
37063960,37064760,NA,NOF,0.0,1144,pause,NA,NA,NA,NA,0.0,0,-51.93,-41.01,[],0,0,[],[]
37064760,37066260,FEM,FAN,4.79,1144,AIOCF,BC,0,NT,FI,0.0,0,-38.98,-30.81,[],0,0,[],[]
37066260,37067430,NA,NOF,0.0,1144,AIOCF,NA,NA,NA,NA,0.0,0,-44.58,-33.56,[],0,0,[],[]
37067430,37068240,OCH,CXN,0.0,1144,AIOCF,EC,0,NT,FI,0.0,0,-46.51,-39.24,[],0,0,[],[]
37068240,37074270,NA,NOF,0.0,1145,pause,NA,NA,NA,NA,0.0,0,-42.48,-19.55,[],0,0,[],[]
37074270,37075230,NA,SIL,0.0,1145,pause,NA,NA,NA,NA,0.0,0,-54.66,-45.77,[],0,0,[],[]
37075230,37076960,NA,NOF,0.0,1145,pause,NA,NA,NA,NA,0.0,0,-45.89,-29.09,[],0,0,[],[]
37076960,37077960,NA,MAF,0.0,1145,pause,NA,NA,NA,NA,0.0,0,-39.34,-21.32,[],0,0,[],[]
37077960,37078900,NA,SIL,0.0,1145,pause,NA,NA,NA,NA,0.0,0,-50.88,-35.56,[],0,0,[],[]
37078900,37079830,NA,CHF,0.0,1145,pause,NA,NA,NA,NA,0.0,0,-49.37,-34.25,[],0,80,"[{'start': 37079.75, 'end': 37079.83}]",[]
37079830,37080630,NA,SIL,0.0,1145,pause,NA,NA,NA,NA,0.0,0,-56.82,-46.98,[],0,0,[],[]
37080630,37085440,NA,NOF,0.0,1145,pause,NA,NA,NA,NA,0.0,0,-42.31,-23.05,[],0,0,[],[]
37085440,37086250,NA,SIL,0.0,1145,pause,NA,NA,NA,NA,0.0,0,-56.51,-45.37,[],0,0,[],[]
37086250,37090400,NA,NOF,0.0,1145,pause,NA,NA,NA,NA,0.0,0,-42.82,-29.41,[],0,0,[],[]
37090400,37092180,MAL,MAN,4.78,1145,AICM,BC,0,TIMI,FI,0.0,0,-31.1,-22.61,[],0,0,[],[]
37092180,37092980,NA,SIL,0.0,1145,AICM,NA,NA,NA,NA,0.0,0,-52.13,-36.22,[],0,0,[],[]
37092980,37093780,NA,CHF,0.0,1145,AICM,RC,1,TIMR,FI,1.0,430,-42.0,-30.75,"[{'Canonical-syllable': '0', 'Growl': '1', 'High-freq-energy': '0', 'Long-island': '0', 'Low-tilt-spectrum': '1', 'Medium-island': '1', 'Short-island': '0', 'Squeal': '0', 'Typical-entropy': '0', 'Voicing-quality': '0', 'Wide-band': '0', 'Xlong-island': '0', 'seq': '1', 'end': 37093.41, 'start': 37093.1}]",0,0,[],[]
37093780,37094580,NA,SIL,0.0,1145,AICM,NA,NA,NA,NA,0.0,0,-51.02,-36.45,[],0,0,[],[]
37094580,37095580,NA,FAF,0.0,1145,AICM,NA,NA,NA,NA,0.0,0,-38.45,-31.04,[],0,0,[],[]
37095580,37096410,NA,OLN,0.0,1145,AICM,NA,NA,NA,NA,0.0,0,-32.39,-27.12,[],0,0,[],[]
37096410,37097980,FEM,FAN,5.02,1145,AICM,RC,1,TIFE,FI,0.0,0,-32.98,-27.91,[],0,0,[],[]
37097980,37099300,NA,NOF,0.0,1145,AICM,NA,NA,NA,NA,0.0,0,-41.82,-32.86,[],0,0,[],[]
37099300,37100300,FEM,FAN,4.95,1145,AICM,EC,1,NT,FH,0.0,0,-38.82,-32.47,[],0,0,[],[]
37100300,37101980,NA,SIL,0.0,1146,pause,NA,NA,NA,NA,0.0,0,-52.19,-35.37,[],0,0,[],[]
37101980,37103290,NA,FAF,0.0,1146,pause,NA,NA,NA,NA,0.0,0,-42.49,-26.31,[],0,0,[],[]
37103290,37105000,NA,NOF,0.0,1146,pause,NA,NA,NA,NA,0.0,0,-44.74,-27.14,[],0,0,[],[]
37105000,37105800,NA,SIL,0.0,1146,pause,NA,NA,NA,NA,0.0,0,-51.26,-38.69,[],0,0,[],[]
37105800,37106910,NA,CHF,0.0,1146,pause,NA,NA,NA,NA,0.0,0,-46.63,-34.7,[],0,110,[],"[{'start': 37106.6, 'end': 37106.71}]"
37106910,37107830,NA,SIL,0.0,1146,pause,NA,NA,NA,NA,0.0,0,-53.1,-39.01,[],0,0,[],[]
37107830,37108700,NA,NOF,0.0,1146,pause,NA,NA,NA,NA,0.0,0,-36.45,-19.26,[],0,0,[],[]
37108700,37111300,NA,SIL,0.0,1146,pause,NA,NA,NA,NA,0.0,0,-47.97,-25.44,[],0,0,[],[]
37111300,37112440,FEM,FAN,4.96,1146,AMF,BC,0,NT,FI,0.0,0,-37.33,-30.03,[],0,0,[],[]
37112440,37113420,NA,MAF,0.0,1146,AMF,NA,NA,NA,NA,0.0,0,-36.73,-21.7,[],0,0,[],[]
37113420,37114420,FEM,FAN,0.66,1146,AMF,EC,0,NT,FH,0.0,0,-18.6,-4.47,[],0,0,[],[]
37114420,37117510,NA,NOF,0.0,1147,pause,NA,NA,NA,NA,0.0,0,-40.8,-21.32,[],0,0,[],[]
37117510,37118310,NA,SIL,0.0,1147,pause,NA,NA,NA,NA,0.0,0,-47.3,-36.78,[],0,0,[],[]
37118310,37120370,NA,NOF,0.0,1147,pause,NA,NA,NA,NA,0.0,0,-42.42,-31.68,[],0,0,[],[]
37120370,37121760,NA,MAF,0.0,1147,pause,NA,NA,NA,NA,0.0,0,-39.96,-32.31,[],0,0,[],[]
37121760,37123150,NA,NON,0.0,1147,pause,NA,NA,NA,NA,0.0,0,-39.93,-28.61,[],0,0,[],[]
37123150,37124470,NA,SIL,0.0,1147,pause,NA,NA,NA,NA,0.0,0,-49.86,-37.23,[],0,0,[],[]
37124470,37125470,NA,FAF,0.0,1147,pause,NA,NA,NA,NA,0.0,0,-44.03,-35.11,[],0,0,[],[]
37125470,37126310,NA,NOF,0.0,1147,pause,NA,NA,NA,NA,0.0,0,-46.18,-29.55,[],0,0,[],[]
37126310,37127140,NA,SIL,0.0,1147,pause,NA,NA,NA,NA,0.0,0,-47.52,-34.94,[],0,0,[],[]
37127140,37128220,FEM,FAN,1.74,1147,AMF,EC,0,NT,FI,0.0,0,-36.34,-26.87,[],0,0,[],[]
37128220,37129670,NA,NOF,0.0,1148,pause,NA,NA,NA,NA,0.0,0,-43.4,-29.69,[],0,0,[],[]
37129670,37130470,NA,SIL,0.0,1148,pause,NA,NA,NA,NA,0.0,0,-50.95,-36.51,[],0,0,[],[]
37130470,37131440,NA,FAF,0.0,1148,pause,NA,NA,NA,NA,0.0,0,-42.88,-26.94,[],0,0,[],[]
37131440,37132270,NA,SIL,0.0,1148,pause,NA,NA,NA,NA,0.0,0,-54.81,-50.16,[],0,0,[],[]
37132270,37133070,NA,NOF,0.0,1148,pause,NA,NA,NA,NA,0.0,0,-46.08,-31.51,[],0,0,[],[]
37133070,37134140,NA,SIL,0.0,1148,pause,NA,NA,NA,NA,0.0,0,-55.2,-50.96,[],0,0,[],[]
37134140,37138230,NA,NOF,0.0,1148,pause,NA,NA,NA,NA,0.0,0,-41.38,-20.5,[],0,0,[],[]
37138230,37139030,NA,OLN,0.0,1148,pause,NA,NA,NA,NA,0.0,0,-27.42,-20.19,[],0,0,[],[]
37139030,37141160,NA,OLF,0.0,1148,pause,NA,NA,NA,NA,0.0,0,-32.99,-11.17,[],0,0,[],[]
37141160,37141970,NA,SIL,0.0,1148,pause,NA,NA,NA,NA,0.0,0,-50.44,-36.91,[],0,0,[],[]
37141970,37146920,NA,NOF,0.0,1148,pause,NA,NA,NA,NA,0.0,0,-39.8,-21.8,[],0,0,[],[]
37146920,37148280,FEM,FAN,9.56,1148,AICF,BC,0,NT,FI,0.0,0,-29.56,-21.71,[],0,0,[],[]
37148280,37149090,NA,MAF,0.0,1148,AICF,NA,NA,NA,NA,0.0,0,-46.57,-33.27,[],0,0,[],[]
37149090,37150060,NA,SIL,0.0,1148,AICF,NA,NA,NA,NA,0.0,0,-44.63,-34.77,[],0,0,[],[]
37150060,37152400,MAL,MAN,5.24,1148,AICF,RC,0,TIMI,FI,0.0,0,-34.18,-23.25,[],0,0,[],[]
37152400,37153200,NA,SIL,0.0,1148,AICF,NA,NA,NA,NA,0.0,0,-43.51,-33.47,[],0,0,[],[]
37153200,37155020,NA,NOF,0.0,1148,AICF,NA,NA,NA,NA,0.0,0,-44.97,-33.8,[],0,0,[],[]
37155020,37155820,NA,OLF,0.0,1148,AICF,NA,NA,NA,NA,0.0,0,-42.04,-36.01,[],0,0,[],[]
37155820,37156780,NA,NOF,0.0,1148,AICF,NA,NA,NA,NA,0.0,0,-48.24,-37.12,[],0,0,[],[]
37156780,37157380,CHI,CHN,0.0,1148,AICF,RC,1,TIMR,FI,1.0,600,-19.63,-13.9,"[{'Canonical-syllable': '0', 'Growl': '0', 'High-freq-energy': '0', 'Long-island': '0', 'Low-tilt-spectrum': '2', 'Medium-island': '0', 'Short-island': '2', 'Squeal': '0', 'Typical-entropy': '2', 'Voicing-quality': '2', 'Wide-band': '0', 'Xlong-island': '0', 'seq': '1', 'end': 37157.38, 'start': 37156.91}]",0,0,[],[]
37157380,37158180,NA,OLF,0.0,1148,AICF,NA,NA,NA,NA,0.0,0,-33.66,-17.81,[],0,0,[],[]
37158180,37158780,CHI,CHN,0.0,1148,AICF,RC,1,NT,FH,1.0,600,-16.73,-6.73,"[{'Canonical-syllable': '0', 'Growl': '0', 'High-freq-energy': '0', 'Long-island': '0', 'Low-tilt-spectrum': '1', 'Medium-island': '1', 'Short-island': '1', 'Squeal': '0', 'Typical-entropy': '2', 'Voicing-quality': '2', 'Wide-band': '0', 'Xlong-island': '0', 'seq': '1', 'end': 37158.78, 'start': 37158.18}]",0,0,[],[]
37158780,37161120,FEM,FAN,7.46,1148,AICF,RC,1,TIFE,FI,0.0,0,-30.5,-16.03,[],0,0,[],[]
37161120,37161920,NA,OLF,0.0,1148,AICF,NA,NA,NA,NA,0.0,0,-39.4,-32.88,[],0,0,[],[]
37161920,37165110,FEM,FAN,13.1,1148,AICF,RC,1,NT,FH,0.0,0,-31.76,-25.19,[],0,0,[],[]
37165110,37165910,NA,NOF,0.0,1148,AICF,NA,NA,NA,NA,0.0,0,-47.58,-34.55,[],0,0,[],[]
37165910,37166720,OCH,CXN,0.0,1148,AICF,RC,1,NT,FI,0.0,0,-36.63,-21.38,[],0,0,[],[]
37166720,37167720,FEM,FAN,3.3,1148,AICF,RC,1,NT,FI,0.0,0,-32.33,-24.88,[],0,0,[],[]
37167720,37169660,NA,NOF,0.0,1148,AICF,NA,NA,NA,NA,0.0,0,-35.74,-18.98,[],0,0,[],[]
37169660,37170660,MAL,MAN,4.19,1148,AICF,RC,1,NT,FI,0.0,0,-31.58,-24.31,[],0,0,[],[]
37170660,37171860,NA,FAF,0.0,1148,AICF,NA,NA,NA,NA,0.0,0,-46.08,-29.91,[],0,0,[],[]
37171860,37172900,MAL,MAN,4.15,1148,AICF,RC,1,NT,FH,0.0,0,-35.92,-28.16,[],0,0,[],[]
37172900,37173990,NA,SIL,0.0,1148,AICF,NA,NA,NA,NA,0.0,0,-50.58,-39.69,[],0,0,[],[]
37173990,37174790,NA,OLN,0.0,1148,AICF,NA,NA,NA,NA,0.0,0,-30.85,-25.67,[],0,0,[],[]
37174790,37175470,CHI,CHN,0.0,1148,AICF,NA,NA,NA,NA,0.0,0,-22.08,-16.77,[],0,680,"[{'start': 37174.79, 'end': 37175.47}]",[]
37175470,37176320,OCH,CXN,0.0,1148,AICF,RC,1,NT,FI,0.0,0,-30.29,-20.13,[],0,0,[],[]
37176320,37177540,CHI,CHN,0.0,1148,AICF,RC,1,NT,FI,1.0,1220,-17.81,-5.26,"[{'Canonical-syllable': '1', 'Growl': '3', 'High-freq-energy': '2', 'Long-island': '0', 'Low-tilt-spectrum': '2', 'Medium-island': '0', 'Short-island': '2', 'Squeal': '0', 'Typical-entropy': '2', 'Voicing-quality': '2', 'Wide-band': '0', 'Xlong-island': '0', 'seq': '1', 'end': 37177.54, 'start': 37176.48}]",0,0,[],[]
37177540,37178590,CHI,CHN,0.0,1148,AICF,RC,1,NT,FH,1.0,320,-33.83,-21.53,"[{'Canonical-syllable': '1', 'Growl': '0', 'High-freq-energy': '1', 'Long-island': '0', 'Low-tilt-spectrum': '1', 'Medium-island': '0', 'Short-island': '1', 'Squeal': '0', 'Typical-entropy': '1', 'Voicing-quality': '2', 'Wide-band': '0', 'Xlong-island': '0', 'seq': '1', 'end': 37178.39, 'start': 37178.07}]",0,0,[],[]
37178590,37180630,CHI,CHN,0.0,1148,AICF,EC,1,NT,FH,2.0,1490,-27.08,-19.11,"[{'Canonical-syllable': '1', 'Growl': '0', 'High-freq-energy': '0', 'Long-island': '0', 'Low-tilt-spectrum': '0', 'Medium-island': '1', 'Short-island': '1', 'Squeal': '0', 'Typical-entropy': '0', 'Voicing-quality': '2', 'Wide-band': '0', 'Xlong-island': '0', 'seq': '1', 'end': 37179.14, 'start': 37178.59}, {'Canonical-syllable': '2', 'Growl': '0', 'High-freq-energy': '0', 'Long-island': '0', 'Low-tilt-spectrum': '0', 'Medium-island': '0', 'Short-island': '3', 'Squeal': '0', 'Typical-entropy': '0', 'Voicing-quality': '3', 'Wide-band': '0', 'Xlong-island': '0', 'seq': '2', 'end': 37180.63, 'start': 37179.69}]",0,0,[],[]
37180630,37181430,NA,SIL,0.0,1149,pause,NA,NA,NA,NA,0.0,0,-53.94,-45.45,[],0,0,[],[]
37181430,37183700,NA,NOF,0.0,1149,pause,NA,NA,NA,NA,0.0,0,-34.14,-18.34,[],0,0,[],[]
37183700,37185820,NA,SIL,0.0,1149,pause,NA,NA,NA,NA,0.0,0,-52.8,-43.42,[],0,0,[],[]
37185820,37187310,NA,NOF,0.0,1149,pause,NA,NA,NA,NA,0.0,0,-39.53,-22.64,[],0,0,[],[]
37187310,37188460,CHI,CHN,0.0,1149,CIC,BC,0,TIFI,FI,1.0,1010,-15.45,-5.58,"[{'Canonical-syllable': '0', 'Growl': '0', 'High-freq-energy': '0', 'Long-island': '0', 'Low-tilt-spectrum': '0', 'Medium-island': '0', 'Short-island': '0', 'Squeal': '0', 'Typical-entropy': '0', 'Voicing-quality': '1', 'Wide-band': '0', 'Xlong-island': '1', 'seq': '1', 'end': 37188.32, 'start': 37187.31}]",0,0,[],[]
37188460,37190940,FEM,FAN,7.59,1149,CIC,RC,1,TIFR,FI,0.0,0,-37.15,-28.17,[],0,0,[],[]
37190940,37191740,NA,MAF,0.0,1149,CIC,NA,NA,NA,NA,0.0,0,-49.23,-39.11,[],0,0,[],[]
37191740,37193500,NA,SIL,0.0,1149,CIC,NA,NA,NA,NA,0.0,0,-52.39,-44.96,[],0,0,[],[]
37193500,37196090,MAL,MAN,9.02,1149,CIC,EC,1,NT,FI,0.0,0,-36.68,-27.59,[],0,0,[],[]
37196090,37196890,NA,SIL,0.0,1150,pause,NA,NA,NA,NA,0.0,0,-48.87,-39.38,[],0,0,[],[]
37196890,37199390,NA,MAF,0.0,1150,pause,NA,NA,NA,NA,0.0,0,-38.32,-29.73,[],0,0,[],[]
37199390,37200420,NA,SIL,0.0,1150,pause,NA,NA,NA,NA,0.0,0,-51.37,-37.27,[],0,0,[],[]
37200420,37201220,NA,OLF,0.0,1150,pause,NA,NA,NA,NA,0.0,0,-24.34,-6.18,[],0,0,[],[]
37201220,37202540,NA,NOF,0.0,1150,pause,NA,NA,NA,NA,0.0,0,-34.63,-23.62,[],0,0,[],[]
37202540,37203540,MAL,MAN,1.67,1150,AMM,BC,0,NT,FI,0.0,0,-41.67,-32.22,[],0,0,[],[]
37203540,37204440,NA,FAF,0.0,1150,AMM,NA,NA,NA,NA,0.0,0,-40.5,-25.95,[],0,0,[],[]
37204440,37207230,MAL,MAN,9.48,1150,AMM,EC,0,NT,FH,0.0,0,-33.66,-24.87,[],0,0,[],[]
37207230,37208070,NA,SIL,0.0,1151,pause,NA,NA,NA,NA,0.0,0,-50.44,-40.55,[],0,0,[],[]
37208070,37210530,NA,MAF,0.0,1151,pause,NA,NA,NA,NA,0.0,0,-38.93,-27.64,[],0,0,[],[]
37210530,37211600,NA,NOF,0.0,1151,pause,NA,NA,NA,NA,0.0,0,-44.89,-32.61,[],0,0,[],[]
37211600,37214150,NA,MAF,0.0,1151,pause,NA,NA,NA,NA,0.0,0,-42.86,-34.72,[],0,0,[],[]
37214150,37215480,NA,SIL,0.0,1151,pause,NA,NA,NA,NA,0.0,0,-52.53,-39.72,[],0,0,[],[]
37215480,37216480,NA,NOF,0.0,1151,pause,NA,NA,NA,NA,0.0,0,-35.29,-19.01,[],0,0,[],[]
37216480,37217920,NA,SIL,0.0,1151,pause,NA,NA,NA,NA,0.0,0,-53.61,-45.61,[],0,0,[],[]
37217920,37218720,NA,NOF,0.0,1151,pause,NA,NA,NA,NA,0.0,0,-47.54,-35.52,[],0,0,[],[]
37218720,37219580,NA,SIL,0.0,1151,pause,NA,NA,NA,NA,0.0,0,-51.76,-44.51,[],0,0,[],[]
37219580,37220850,NA,NOF,0.0,1151,pause,NA,NA,NA,NA,0.0,0,-50.9,-43.62,[],0,0,[],[]
37220850,37221700,NA,SIL,0.0,1151,pause,NA,NA,NA,NA,0.0,0,-49.61,-35.82,[],0,0,[],[]
37221700,37222950,NA,NOF,0.0,1151,pause,NA,NA,NA,NA,0.0,0,-42.78,-23.08,[],0,0,[],[]
37222950,37224500,NA,SIL,0.0,1151,pause,NA,NA,NA,NA,0.0,0,-53.34,-38.77,[],0,0,[],[]
37224500,37225300,NA,NOF,0.0,1151,pause,NA,NA,NA,NA,0.0,0,-51.72,-41.63,[],0,0,[],[]
37225300,37226640,NA,SIL,0.0,1151,pause,NA,NA,NA,NA,0.0,0,-52.31,-41.87,[],0,0,[],[]
37226640,37230980,MAL,MAN,13.54,1151,AMM,EC,0,NT,FI,0.0,0,-36.5,-25.42,[],0,0,[],[]
37230980,37232300,NA,SIL,0.0,1152,pause,NA,NA,NA,NA,0.0,0,-49.58,-41.99,[],0,0,[],[]
37232300,37233300,FEM,FAN,0.0,1152,pause,NA,NA,NA,NA,0.0,0,-36.7,-28.32,[],1000,0,[],[]
37233300,37233990,CHI,CHN,0.0,1152,pause,NA,NA,NA,NA,0.0,0,-14.29,-5.33,[],0,410,"[{'start': 37233.3, 'end': 37233.71}]",[]
37233990,37236180,NA,NOF,0.0,1152,pause,NA,NA,NA,NA,0.0,0,-34.24,-20.22,[],0,0,[],[]
37236180,37237280,NA,SIL,0.0,1152,pause,NA,NA,NA,NA,0.0,0,-40.72,-32.61,[],0,0,[],[]
37237280,37238840,NA,NOF,0.0,1152,pause,NA,NA,NA,NA,0.0,0,-32.57,-16.66,[],0,0,[],[]
37238840,37239640,NA,SIL,0.0,1152,pause,NA,NA,NA,NA,0.0,0,-44.18,-31.47,[],0,0,[],[]
37239640,37243640,NA,NOF,0.0,1152,pause,NA,NA,NA,NA,0.0,0,-40.88,-21.43,[],0,0,[],[]
37243640,37244560,NA,SIL,0.0,1152,pause,NA,NA,NA,NA,0.0,0,-52.24,-41.81,[],0,0,[],[]
37244560,37245870,NA,NOF,0.0,1152,pause,NA,NA,NA,NA,0.0,0,-42.23,-25.17,[],0,0,[],[]
37245870,37246870,NA,MAF,0.0,1152,pause,NA,NA,NA,NA,0.0,0,-46.31,-34.31,[],0,0,[],[]
37246870,37249820,NA,NOF,0.0,1152,pause,NA,NA,NA,NA,0.0,0,-38.9,-22.47,[],0,0,[],[]
37249820,37250670,NA,MAF,0.0,1152,pause,NA,NA,NA,NA,0.0,0,-38.06,-30.33,[],0,0,[],[]
37250670,37251610,NA,SIL,0.0,1152,pause,NA,NA,NA,NA,0.0,0,-49.7,-39.38,[],0,0,[],[]
37251610,37253540,NA,NOF,0.0,1152,pause,NA,NA,NA,NA,0.0,0,-32.35,-16.28,[],0,0,[],[]
37253540,37254340,NA,OLF,0.0,1152,pause,NA,NA,NA,NA,0.0,0,-36.58,-28.04,[],0,0,[],[]
37254340,37256710,NA,NOF,0.0,1152,pause,NA,NA,NA,NA,0.0,0,-36.94,-21.32,[],0,0,[],[]
37256710,37258030,MAL,MAN,6.83,1152,AMM,EC,0,NT,FI,0.0,0,-33.67,-25.79,[],0,0,[],[]
37258030,37258830,NA,SIL,0.0,1153,pause,NA,NA,NA,NA,0.0,0,-49.93,-38.73,[],0,0,[],[]
37258830,37260150,NA,MAF,0.0,1153,pause,NA,NA,NA,NA,0.0,0,-41.56,-34.59,[],0,0,[],[]
37260150,37261760,NA,SIL,0.0,1153,pause,NA,NA,NA,NA,0.0,0,-52.48,-35.92,[],0,0,[],[]
37261760,37264980,NA,NOF,0.0,1153,pause,NA,NA,NA,NA,0.0,0,-39.4,-22.12,[],0,0,[],[]
37264980,37266870,MAL,MAN,9.07,1153,AMM,EC,0,NT,FI,0.0,0,-36.1,-26.63,[],0,0,[],[]
37266870,37267670,NA,OLF,0.0,1154,pause,NA,NA,NA,NA,0.0,0,-30.81,-17.68,[],0,0,[],[]
37267670,37268510,NA,NOF,0.0,1154,pause,NA,NA,NA,NA,0.0,0,-37.39,-24.9,[],0,0,[],[]
37268510,37269950,NA,FAF,0.0,1154,pause,NA,NA,NA,NA,0.0,0,-34.52,-23.79,[],0,0,[],[]
37269950,37270750,NA,SIL,0.0,1154,pause,NA,NA,NA,NA,0.0,0,-46.42,-34.63,[],0,0,[],[]
37270750,37273470,NA,NOF,0.0,1154,pause,NA,NA,NA,NA,0.0,0,-44.4,-29.83,[],0,0,[],[]
37273470,37275670,NA,SIL,0.0,1154,pause,NA,NA,NA,NA,0.0,0,-54.52,-48.71,[],0,0,[],[]
37275670,37276630,NA,FAF,0.0,1154,pause,NA,NA,NA,NA,0.0,0,-44.09,-26.96,[],0,0,[],[]
37276630,37281120,NA,SIL,0.0,1154,pause,NA,NA,NA,NA,0.0,0,-51.19,-30.42,[],0,0,[],[]
37281120,37282510,NA,NOF,0.0,1154,pause,NA,NA,NA,NA,0.0,0,-43.52,-24.63,[],0,0,[],[]
37282510,37283310,NA,SIL,0.0,1154,pause,NA,NA,NA,NA,0.0,0,-51.24,-37.78,[],0,0,[],[]
37283310,37284320,FEM,FAN,3.59,1154,AMF,BC,0,NT,FI,0.0,0,-34.97,-30.57,[],0,0,[],[]
37284320,37285870,NA,NOF,0.0,1154,AMF,NA,NA,NA,NA,0.0,0,-41.2,-26.11,[],0,0,[],[]
37285870,37287510,NA,SIL,0.0,1154,AMF,NA,NA,NA,NA,0.0,0,-52.45,-39.38,[],0,0,[],[]
37287510,37288530,FEM,FAN,0.93,1154,AMF,RC,0,NT,FH,0.0,0,-35.4,-29.11,[],0,0,[],[]
37288530,37289680,FEM,FAN,1.73,1154,AMF,RC,0,NT,FH,0.0,0,-36.5,-30.03,[],0,0,[],[]
37289680,37290490,NA,SIL,0.0,1154,AMF,NA,NA,NA,NA,0.0,0,-46.97,-32.44,[],0,0,[],[]
37290490,37293760,FEM,FAN,7.39,1154,AMF,RC,0,NT,FH,0.0,0,-29.87,-8.99,[],0,0,[],[]
37293760,37294880,NA,NOF,0.0,1154,AMF,NA,NA,NA,NA,0.0,0,-47.56,-37.1,[],0,0,[],[]
37294880,37295680,NA,SIL,0.0,1154,AMF,NA,NA,NA,NA,0.0,0,-51.73,-41.14,[],0,0,[],[]
37295680,37296680,FEM,FAN,0.0,1154,AMF,NA,NA,NA,NA,0.0,0,-35.65,-26.57,[],1000,0,[],[]
37296680,37297620,NA,NOF,0.0,1154,AMF,NA,NA,NA,NA,0.0,0,-41.94,-25.17,[],0,0,[],[]
37297620,37298630,NA,SIL,0.0,1154,AMF,NA,NA,NA,NA,0.0,0,-50.45,-37.23,[],0,0,[],[]
37298630,37303850,FEM,FAN,18.68,1154,AMF,RC,0,NT,FH,0.0,0,-35.33,-18.28,[],0,0,[],[]
37303850,37305010,NA,SIL,0.0,1154,AMF,NA,NA,NA,NA,0.0,0,-52.98,-46.97,[],0,0,[],[]
37305010,37306010,FEM,FAN,5.93,1154,AMF,EC,0,NT,FH,0.0,0,-35.03,-24.07,[],0,0,[],[]
37306010,37306810,NA,SIL,0.0,1155,pause,NA,NA,NA,NA,0.0,0,-41.52,-29.99,[],0,0,[],[]
37306810,37307820,NA,MAF,0.0,1155,pause,NA,NA,NA,NA,0.0,0,-34.39,-24.99,[],0,0,[],[]
37307820,37309470,NA,SIL,0.0,1155,pause,NA,NA,NA,NA,0.0,0,-52.27,-42.01,[],0,0,[],[]
37309470,37310270,NA,NOF,0.0,1155,pause,NA,NA,NA,NA,0.0,0,-50.88,-40.32,[],0,0,[],[]
37310270,37311070,NA,SIL,0.0,1155,pause,NA,NA,NA,NA,0.0,0,-51.93,-38.82,[],0,0,[],[]
37311070,37312430,NA,NOF,0.0,1155,pause,NA,NA,NA,NA,0.0,0,-49.04,-38.28,[],0,0,[],[]
37312430,37313230,NA,SIL,0.0,1155,pause,NA,NA,NA,NA,0.0,0,-49.22,-38.51,[],0,0,[],[]
37313230,37314990,NA,NOF,0.0,1155,pause,NA,NA,NA,NA,0.0,0,-42.41,-30.22,[],0,0,[],[]
37314990,37316390,NA,SIL,0.0,1155,pause,NA,NA,NA,NA,0.0,0,-50.32,-40.6,[],0,0,[],[]
37316390,37317190,NA,NOF,0.0,1155,pause,NA,NA,NA,NA,0.0,0,-45.47,-34.2,[],0,0,[],[]
37317190,37318170,NA,SIL,0.0,1155,pause,NA,NA,NA,NA,0.0,0,-52.21,-39.97,[],0,0,[],[]
37318170,37319040,NA,MAF,0.0,1155,pause,NA,NA,NA,NA,0.0,0,-41.89,-30.35,[],0,0,[],[]
37319040,37320360,NA,SIL,0.0,1155,pause,NA,NA,NA,NA,0.0,0,-49.91,-41.27,[],0,0,[],[]
37320360,37321370,CHI,CHN,0.0,1155,CIC,BC,0,NT,FI,1.0,530,-20.28,-11.77,"[{'Canonical-syllable': '1', 'Growl': '0', 'High-freq-energy': '0', 'Long-island': '0', 'Low-tilt-spectrum': '1', 'Medium-island': '0', 'Short-island': '2', 'Squeal': '0', 'Typical-entropy': '1', 'Voicing-quality': '2', 'Wide-band': '0', 'Xlong-island': '0', 'seq': '1', 'end': 37321.37, 'start': 37320.84}]",0,0,[],[]
37321370,37321980,CHI,CHN,0.0,1155,CIC,RC,0,NT,FH,1.0,200,-22.55,-12.23,"[{'Canonical-syllable': '0', 'Growl': '0', 'High-freq-energy': '1', 'Long-island': '0', 'Low-tilt-spectrum': '1', 'Medium-island': '0', 'Short-island': '1', 'Squeal': '0', 'Typical-entropy': '1', 'Voicing-quality': '0', 'Wide-band': '0', 'Xlong-island': '0', 'seq': '1', 'end': 37321.57, 'start': 37321.37}]",0,0,[],[]
37321980,37323120,MAL,MAN,0.0,1155,CIC,NA,NA,NA,NA,0.0,0,-37.0,-31.23,[],1140,0,[],[]
37323120,37324730,NA,MAF,0.0,1155,CIC,NA,NA,NA,NA,0.0,0,-41.2,-25.04,[],0,0,[],[]
37324730,37325830,NA,OLF,0.0,1155,CIC,NA,NA,NA,NA,0.0,0,-35.51,-29.26,[],0,0,[],[]
37325830,37326430,CHI,CHN,0.0,1155,CIC,RC,0,NT,FH,1.0,320,-20.2,-6.67,"[{'Canonical-syllable': '0', 'Growl': '0', 'High-freq-energy': '0', 'Long-island': '0', 'Low-tilt-spectrum': '0', 'Medium-island': '1', 'Short-island': '0', 'Squeal': '0', 'Typical-entropy': '1', 'Voicing-quality': '1', 'Wide-band': '0', 'Xlong-island': '0', 'seq': '1', 'end': 37326.15, 'start': 37325.83}]",0,0,[],[]
37326430,37327830,NA,NOF,0.0,1155,CIC,NA,NA,NA,NA,0.0,0,-35.02,-16.79,[],0,0,[],[]
37327830,37331170,CHI,CHN,0.0,1155,CIC,RC,0,NT,FH,2.0,2150,-21.55,-11.51,"[{'Canonical-syllable': '0', 'Growl': '0', 'High-freq-energy': '0', 'Long-island': '0', 'Low-tilt-spectrum': '0', 'Medium-island': '1', 'Short-island': '0', 'Squeal': '0', 'Typical-entropy': '1', 'Voicing-quality': '1', 'Wide-band': '0', 'Xlong-island': '0', 'seq': '1', 'end': 37328.32, 'start': 37327.83}, {'Canonical-syllable': '2', 'Growl': '0', 'High-freq-energy': '0', 'Long-island': '0', 'Low-tilt-spectrum': '0', 'Medium-island': '3', 'Short-island': '1', 'Squeal': '0', 'Typical-entropy': '3', 'Voicing-quality': '4', 'Wide-band': '0', 'Xlong-island': '0', 'seq': '2', 'end': 37330.76, 'start': 37329.1}]",0,0,[],[]
37331170,37332790,NA,SIL,0.0,1155,CIC,NA,NA,NA,NA,0.0,0,-47.54,-35.37,[],0,0,[],[]
37332790,37333790,FEM,FAN,0.0,1155,CIC,NA,NA,NA,NA,0.0,0,-35.94,-30.09,[],1000,0,[],[]
37333790,37334790,NA,MAF,0.0,1155,CIC,NA,NA,NA,NA,0.0,0,-37.25,-27.76,[],0,0,[],[]
37334790,37336000,NA,NOF,0.0,1155,CIC,NA,NA,NA,NA,0.0,0,-39.26,-23.03,[],0,0,[],[]
37336000,37336600,CHI,CHN,0.0,1155,CIC,RC,0,TIFI,FH,1.0,300,-30.96,-19.44,"[{'Canonical-syllable': '0', 'Growl': '0', 'High-freq-energy': '1', 'Long-island': '0', 'Low-tilt-spectrum': '1', 'Medium-island': '1', 'Short-island': '0', 'Squeal': '0', 'Typical-entropy': '1', 'Voicing-quality': '0', 'Wide-band': '1', 'Xlong-island': '0', 'seq': '1', 'end': 37336.3, 'start': 37336.0}]",0,0,[],[]
37336600,37337680,NA,SIL,0.0,1155,CIC,NA,NA,NA,NA,0.0,0,-48.21,-39.23,[],0,0,[],[]
37337680,37338610,NA,NOF,0.0,1155,CIC,NA,NA,NA,NA,0.0,0,-41.86,-24.57,[],0,0,[],[]
37338610,37339900,FEM,FAN,2.63,1155,CIC,RC,1,TIFR,FI,0.0,0,-38.74,-30.39,[],0,0,[],[]
37339900,37340700,NA,MAF,0.0,1155,CIC,NA,NA,NA,NA,0.0,0,-47.38,-38.49,[],0,0,[],[]
37340700,37341300,OCH,CXN,0.0,1155,CIC,RC,1,NT,FI,0.0,0,-27.65,-21.25,[],0,0,[],[]
37341300,37342320,FEM,FAN,1.44,1155,CIC,RC,1,NT,FI,0.0,0,-37.04,-26.78,[],0,0,[],[]
37342320,37343360,MAL,MAN,1.7,1155,CIC,RC,1,NT,FI,0.0,0,-39.46,-31.81,[],0,0,[],[]
37343360,37343960,OCH,CXN,0.0,1155,CIC,EC,1,NT,FI,0.0,0,-31.59,-26.63,[],0,0,[],[]
37343960,37344760,NA,NOF,0.0,1156,pause,NA,NA,NA,NA,0.0,0,-34.92,-19.69,[],0,0,[],[]
37344760,37345600,NA,OLF,0.0,1156,pause,NA,NA,NA,NA,0.0,0,-30.67,-18.16,[],0,0,[],[]
37345600,37347210,NA,NOF,0.0,1156,pause,NA,NA,NA,NA,0.0,0,-39.26,-27.04,[],0,0,[],[]
37347210,37348270,NA,SIL,0.0,1156,pause,NA,NA,NA,NA,0.0,0,-45.84,-34.13,[],0,0,[],[]
37348270,37349110,NA,NOF,0.0,1156,pause,NA,NA,NA,NA,0.0,0,-40.38,-27.04,[],0,0,[],[]
37349110,37350640,NA,SIL,0.0,1156,pause,NA,NA,NA,NA,0.0,0,-49.75,-38.4,[],0,0,[],[]
37350640,37351440,NA,MAF,0.0,1156,pause,NA,NA,NA,NA,0.0,0,-46.72,-35.61,[],0,0,[],[]
37351440,37352390,NA,SIL,0.0,1156,pause,NA,NA,NA,NA,0.0,0,-48.54,-38.86,[],0,0,[],[]
37352390,37353540,MAL,MAN,3.38,1156,AMM,BC,0,NT,FI,0.0,0,-36.38,-29.52,[],0,0,[],[]
37353540,37354510,NA,OLF,0.0,1156,AMM,NA,NA,NA,NA,0.0,0,-39.17,-25.17,[],0,0,[],[]
37354510,37355640,NA,MAF,0.0,1156,AMM,NA,NA,NA,NA,0.0,0,-41.42,-33.68,[],0,0,[],[]
37355640,37356580,NA,SIL,0.0,1156,AMM,NA,NA,NA,NA,0.0,0,-50.43,-41.22,[],0,0,[],[]
37356580,37357470,NA,NOF,0.0,1156,AMM,NA,NA,NA,NA,0.0,0,-47.92,-36.7,[],0,0,[],[]
37357470,37361920,FEM,FAN,13.16,1156,AMM,EC,0,NT,FI,0.0,0,-35.73,-22.38,[],0,0,[],[]
37361920,37362720,NA,SIL,0.0,1157,pause,NA,NA,NA,NA,0.0,0,-47.8,-34.4,[],0,0,[],[]
37362720,37363690,NA,CHF,0.0,1157,pause,NA,NA,NA,NA,0.0,0,-42.9,-27.48,[],0,160,[],"[{'start': 37363.42, 'end': 37363.58}]"
37363690,37364600,NA,SIL,0.0,1157,pause,NA,NA,NA,NA,0.0,0,-49.97,-44.5,[],0,0,[],[]
37364600,37366080,NA,CHF,0.0,1157,pause,NA,NA,NA,NA,0.0,0,-46.17,-33.51,[],0,1480,[],"[{'start': 37364.6, 'end': 37366.08}]"
37366080,37366950,NA,SIL,0.0,1157,pause,NA,NA,NA,NA,0.0,0,-49.15,-37.73,[],0,0,[],[]
37366950,37368050,FEM,FAN,2.75,1157,AMF,BC,0,NT,FI,0.0,0,-34.61,-23.25,[],0,0,[],[]
37368050,37369940,MAL,MAN,7.55,1157,AMF,EC,0,NT,FI,0.0,0,-34.69,-28.24,[],0,0,[],[]
37369940,37371290,NA,SIL,0.0,1158,pause,NA,NA,NA,NA,0.0,0,-50.69,-43.42,[],0,0,[],[]
37371290,37372880,NA,MAF,0.0,1158,pause,NA,NA,NA,NA,0.0,0,-39.51,-28.93,[],0,0,[],[]
37372880,37373890,NA,SIL,0.0,1158,pause,NA,NA,NA,NA,0.0,0,-43.11,-35.7,[],0,0,[],[]
37373890,37375330,NA,NOF,0.0,1158,pause,NA,NA,NA,NA,0.0,0,-40.61,-22.71,[],0,0,[],[]
37375330,37377010,FEM,FAN,9.05,1158,AICF,BC,0,NT,FI,0.0,0,-32.71,-26.56,[],0,0,[],[]
37377010,37378920,NA,SIL,0.0,1158,AICF,NA,NA,NA,NA,0.0,0,-47.73,-39.31,[],0,0,[],[]
37378920,37379720,NA,NOF,0.0,1158,AICF,NA,NA,NA,NA,0.0,0,-49.17,-40.01,[],0,0,[],[]
37379720,37382750,FEM,FAN,10.76,1158,AICF,RC,0,NT,FH,0.0,0,-34.01,-25.42,[],0,0,[],[]
37382750,37383550,NA,SIL,0.0,1158,AICF,NA,NA,NA,NA,0.0,0,-48.1,-36.88,[],0,0,[],[]
37383550,37385090,FEM,FAN,3.92,1158,AICF,RC,0,NT,FH,0.0,0,-31.15,-25.02,[],0,0,[],[]
37385090,37386180,NA,SIL,0.0,1158,AICF,NA,NA,NA,NA,0.0,0,-50.17,-42.74,[],0,0,[],[]
37386180,37387180,FEM,FAN,5.09,1158,AICF,RC,0,NT,FH,0.0,0,-33.71,-24.39,[],0,0,[],[]
37387180,37387980,NA,SIL,0.0,1158,AICF,NA,NA,NA,NA,0.0,0,-49.91,-42.94,[],0,0,[],[]
37387980,37389430,FEM,FAN,8.21,1158,AICF,RC,0,NT,FH,0.0,0,-35.01,-25.32,[],0,0,[],[]
37389430,37391000,NA,NOF,0.0,1158,AICF,NA,NA,NA,NA,0.0,0,-49.19,-36.87,[],0,0,[],[]
37391000,37395610,FEM,FAN,17.34,1158,AICF,RC,0,NT,FH,0.0,0,-33.81,-24.37,[],0,0,[],[]
37395610,37397350,NA,SIL,0.0,1158,AICF,NA,NA,NA,NA,0.0,0,-50.06,-36.09,[],0,0,[],[]
37397350,37400340,FEM,FAN,11.71,1158,AICF,RC,0,NT,FH,0.0,0,-33.9,-25.66,[],0,0,[],[]
37400340,37401660,NA,SIL,0.0,1158,AICF,NA,NA,NA,NA,0.0,0,-49.96,-43.38,[],0,0,[],[]
37401660,37402460,NA,FAF,0.0,1158,AICF,NA,NA,NA,NA,0.0,0,-48.76,-39.15,[],0,0,[],[]
37402460,37403530,NA,SIL,0.0,1158,AICF,NA,NA,NA,NA,0.0,0,-48.45,-34.94,[],0,0,[],[]
37403530,37404530,NA,FAF,0.0,1158,AICF,NA,NA,NA,NA,0.0,0,-45.75,-35.06,[],0,0,[],[]
37404530,37405330,NA,SIL,0.0,1158,AICF,NA,NA,NA,NA,0.0,0,-49.11,-44.98,[],0,0,[],[]
37405330,37406620,FEM,FAN,6.49,1158,AICF,RC,0,NT,FH,0.0,0,-33.63,-24.0,[],0,0,[],[]
37406620,37407950,NA,MAF,0.0,1158,AICF,NA,NA,NA,NA,0.0,0,-43.13,-30.85,[],0,0,[],[]
37407950,37409320,NA,SIL,0.0,1158,AICF,NA,NA,NA,NA,0.0,0,-47.49,-40.92,[],0,0,[],[]
37409320,37410820,NA,NOF,0.0,1158,AICF,NA,NA,NA,NA,0.0,0,-41.66,-29.09,[],0,0,[],[]
37410820,37411970,FEM,FAN,2.48,1158,AICF,RC,0,NT,FH,0.0,0,-37.58,-32.21,[],0,0,[],[]
37411970,37413190,NA,NOF,0.0,1158,AICF,NA,NA,NA,NA,0.0,0,-42.86,-32.02,[],0,0,[],[]
37413190,37418950,FEM,FAN,18.15,1158,AICF,RC,0,TIFI,FH,0.0,0,-35.08,-26.99,[],0,0,[],[]
37418950,37419830,NA,MAF,0.0,1158,AICF,NA,NA,NA,NA,0.0,0,-42.52,-34.88,[],0,0,[],[]
37419830,37422060,NA,SIL,0.0,1158,AICF,NA,NA,NA,NA,0.0,0,-47.14,-38.12,[],0,0,[],[]
37422060,37422990,CHI,CHN,0.0,1158,AICF,RC,1,TIFR,FI,1.0,930,-13.39,-3.55,"[{'Canonical-syllable': '1', 'Growl': '0', 'High-freq-energy': '0', 'Long-island': '0', 'Low-tilt-spectrum': '2', 'Medium-island': '1', 'Short-island': '1', 'Squeal': '0', 'Typical-entropy': '2', 'Voicing-quality': '2', 'Wide-band': '0', 'Xlong-island': '0', 'seq': '1', 'end': 37422.99, 'start': 37422.2}]",0,0,[],[]
37422990,37424080,NA,MAF,0.0,1158,AICF,NA,NA,NA,NA,0.0,0,-40.7,-34.29,[],0,0,[],[]
37424080,37424840,CHI,CHN,0.0,1158,AICF,RC,1,NT,FH,1.0,760,-19.52,-15.19,"[{'Canonical-syllable': '1', 'Growl': '1', 'High-freq-energy': '0', 'Long-island': '0', 'Low-tilt-spectrum': '0', 'Medium-island': '1', 'Short-island': '1', 'Squeal': '0', 'Typical-entropy': '1', 'Voicing-quality': '2', 'Wide-band': '0', 'Xlong-island': '0', 'seq': '1', 'end': 37424.84, 'start': 37424.08}]",0,0,[],[]
37424840,37425840,MAL,MAN,0.64,1158,AICF,EC,1,TIME,FI,0.0,0,-19.69,-2.93,[],0,0,[],[]
37425840,37426900,NA,NOF,0.0,1159,pause,NA,NA,NA,NA,0.0,0,-20.8,-6.23,[],0,0,[],[]
37426900,37428760,NA,SIL,0.0,1159,pause,NA,NA,NA,NA,0.0,0,-45.21,-31.42,[],0,0,[],[]
37428760,37430470,NA,MAF,0.0,1159,pause,NA,NA,NA,NA,0.0,0,-34.76,-19.72,[],0,0,[],[]
37430470,37431070,NA,CHF,0.0,1159,pause,NA,NA,NA,NA,0.0,0,-28.92,-14.32,[],0,160,"[{'start': 37430.47, 'end': 37430.63}]",[]
37431070,37432670,FEM,FAN,7.0,1159,AMF,BC,0,NT,FI,0.0,0,-30.88,-23.14,[],0,0,[],[]
37432670,37433700,MAL,MAN,1.99,1159,AMF,EC,0,NT,FI,0.0,0,-38.82,-30.81,[],0,0,[],[]
37433700,37434500,NA,FAF,0.0,1160,pause,NA,NA,NA,NA,0.0,0,-42.35,-32.05,[],0,0,[],[]
37434500,37435330,NA,SIL,0.0,1160,pause,NA,NA,NA,NA,0.0,0,-46.91,-40.04,[],0,0,[],[]
37435330,37436410,NA,NOF,0.0,1160,pause,NA,NA,NA,NA,0.0,0,-45.37,-32.29,[],0,0,[],[]
37436410,37437220,NA,SIL,0.0,1160,pause,NA,NA,NA,NA,0.0,0,-46.37,-37.75,[],0,0,[],[]
37437220,37438130,NA,NOF,0.0,1160,pause,NA,NA,NA,NA,0.0,0,-45.62,-39.08,[],0,0,[],[]
37438130,37439380,NA,MAF,0.0,1160,pause,NA,NA,NA,NA,0.0,0,-40.74,-31.5,[],0,0,[],[]
37439380,37440710,NA,SIL,0.0,1160,pause,NA,NA,NA,NA,0.0,0,-46.3,-39.17,[],0,0,[],[]
37440710,37441510,NA,OLF,0.0,1160,pause,NA,NA,NA,NA,0.0,0,-36.5,-26.43,[],0,0,[],[]
37441510,37442400,NA,NOF,0.0,1160,pause,NA,NA,NA,NA,0.0,0,-42.46,-28.3,[],0,0,[],[]
37442400,37443450,NA,SIL,0.0,1160,pause,NA,NA,NA,NA,0.0,0,-46.41,-37.14,[],0,0,[],[]
37443450,37444270,NA,NOF,0.0,1160,pause,NA,NA,NA,NA,0.0,0,-42.65,-27.34,[],0,0,[],[]
37444270,37445080,NA,SIL,0.0,1160,pause,NA,NA,NA,NA,0.0,0,-44.97,-35.43,[],0,0,[],[]
37445080,37446080,FEM,FAN,4.5,1160,AMF,EC,0,NT,FI,0.0,0,-34.2,-27.97,[],0,0,[],[]
37446080,37448780,NA,NOF,0.0,1161,pause,NA,NA,NA,NA,0.0,0,-41.26,-29.07,[],0,0,[],[]
37448780,37451580,NA,SIL,0.0,1161,pause,NA,NA,NA,NA,0.0,0,-47.47,-40.3,[],0,0,[],[]
37451580,37454700,NA,NOF,0.0,1161,pause,NA,NA,NA,NA,0.0,0,-25.39,-4.97,[],0,0,[],[]
37454700,37455830,NA,OLF,0.0,1161,pause,NA,NA,NA,NA,0.0,0,-35.99,-28.07,[],0,0,[],[]
37455830,37457900,NA,NOF,0.0,1161,pause,NA,NA,NA,NA,0.0,0,-35.43,-18.55,[],0,0,[],[]
37457900,37459550,NA,OLN,0.0,1161,pause,NA,NA,NA,NA,0.0,0,-23.85,-11.25,[],0,0,[],[]
37459550,37461350,NA,NOF,0.0,1161,pause,NA,NA,NA,NA,0.0,0,-37.36,-22.01,[],0,0,[],[]
37461350,37463190,FEM,FAN,7.85,1161,AMF,BC,0,NT,FI,0.0,0,-33.53,-27.12,[],0,0,[],[]
37463190,37464760,MAL,MAN,5.15,1161,AMF,RC,0,NT,FI,0.0,0,-34.75,-26.76,[],0,0,[],[]
37464760,37466690,FEM,FAN,3.87,1161,AMF,RC,0,NT,FI,0.0,0,-35.41,-27.66,[],0,0,[],[]
37466690,37467490,NA,SIL,0.0,1161,AMF,NA,NA,NA,NA,0.0,0,-46.59,-40.6,[],0,0,[],[]
37467490,37468490,FEM,FAN,0.0,1161,AMF,NA,NA,NA,NA,0.0,0,-31.46,-17.76,[],1000,0,[],[]
37468490,37469310,NA,SIL,0.0,1161,AMF,NA,NA,NA,NA,0.0,0,-47.35,-42.32,[],0,0,[],[]
37469310,37471280,FEM,FAN,6.78,1161,AMF,RC,0,NT,FH,0.0,0,-35.35,-28.68,[],0,0,[],[]
37471280,37472270,NA,NOF,0.0,1161,AMF,NA,NA,NA,NA,0.0,0,-36.45,-22.67,[],0,0,[],[]
37472270,37473910,NA,SIL,0.0,1161,AMF,NA,NA,NA,NA,0.0,0,-47.41,-43.89,[],0,0,[],[]
37473910,37476550,FEM,FAN,8.04,1161,AMF,EC,0,NT,FH,0.0,0,-34.12,-26.91,[],0,0,[],[]
37476550,37477670,NA,MAF,0.0,1162,pause,NA,NA,NA,NA,0.0,0,-37.63,-18.68,[],0,0,[],[]
37477670,37478530,NA,SIL,0.0,1162,pause,NA,NA,NA,NA,0.0,0,-46.09,-37.31,[],0,0,[],[]
37478530,37480830,NA,NOF,0.0,1162,pause,NA,NA,NA,NA,0.0,0,-44.56,-31.44,[],0,0,[],[]
37480830,37484780,NA,SIL,0.0,1162,pause,NA,NA,NA,NA,0.0,0,-46.37,-32.67,[],0,0,[],[]
37484780,37486200,NA,NOF,0.0,1162,pause,NA,NA,NA,NA,0.0,0,-42.87,-28.36,[],0,0,[],[]
37486200,37487200,NA,SIL,0.0,1162,pause,NA,NA,NA,NA,0.0,0,-47.36,-43.69,[],0,0,[],[]
37487200,37488690,NA,MAF,0.0,1162,pause,NA,NA,NA,NA,0.0,0,-40.89,-34.34,[],0,0,[],[]
37488690,37490750,NA,NOF,0.0,1162,pause,NA,NA,NA,NA,0.0,0,-46.03,-39.76,[],0,0,[],[]
37490750,37491650,NA,SIL,0.0,1162,pause,NA,NA,NA,NA,0.0,0,-47.84,-43.87,[],0,0,[],[]
37491650,37492450,NA,MAF,0.0,1162,pause,NA,NA,NA,NA,0.0,0,-47.78,-42.61,[],0,0,[],[]
37492450,37493770,NA,SIL,0.0,1162,pause,NA,NA,NA,NA,0.0,0,-47.92,-42.57,[],0,0,[],[]
37493770,37494630,NA,MAF,0.0,1162,pause,NA,NA,NA,NA,0.0,0,-46.88,-42.09,[],0,0,[],[]
37494630,37495430,NA,OLF,0.0,1162,pause,NA,NA,NA,NA,0.0,0,-41.46,-34.72,[],0,0,[],[]
37495430,37497150,NA,NOF,0.0,1162,pause,NA,NA,NA,NA,0.0,0,-37.74,-25.88,[],0,0,[],[]
37497150,37498150,NA,FAF,0.0,1162,pause,NA,NA,NA,NA,0.0,0,-39.75,-32.3,[],0,0,[],[]
37498150,37499360,NA,SIL,0.0,1162,pause,NA,NA,NA,NA,0.0,0,-46.61,-35.66,[],0,0,[],[]
37499360,37502380,NA,NOF,0.0,1162,pause,NA,NA,NA,NA,0.0,0,-46.43,-39.26,[],0,0,[],[]
37502380,37503380,FEM,FAN,5.31,1162,AMF,EC,0,NT,FI,0.0,0,-35.59,-30.23,[],0,0,[],[]
37503380,37505170,NA,OLF,0.0,1163,pause,NA,NA,NA,NA,0.0,0,-42.35,-34.87,[],0,0,[],[]
37505170,37507090,NA,FAF,0.0,1163,pause,NA,NA,NA,NA,0.0,0,-39.39,-30.41,[],0,0,[],[]
37507090,37508310,NA,SIL,0.0,1163,pause,NA,NA,NA,NA,0.0,0,-45.04,-35.21,[],0,0,[],[]
37508310,37509540,NA,NOF,0.0,1163,pause,NA,NA,NA,NA,0.0,0,-40.67,-25.96,[],0,0,[],[]
37509540,37510540,NA,FAF,0.0,1163,pause,NA,NA,NA,NA,0.0,0,-37.78,-30.33,[],0,0,[],[]
37510540,37512240,NA,SIL,0.0,1163,pause,NA,NA,NA,NA,0.0,0,-45.2,-36.53,[],0,0,[],[]
37512240,37518210,NA,NOF,0.0,1163,pause,NA,NA,NA,NA,0.0,0,-39.21,-19.8,[],0,0,[],[]
37518210,37519050,NA,OLF,0.0,1163,pause,NA,NA,NA,NA,0.0,0,-41.13,-35.92,[],0,0,[],[]
37519050,37521020,NA,NOF,0.0,1163,pause,NA,NA,NA,NA,0.0,0,-43.45,-37.24,[],0,0,[],[]
37521020,37521820,NA,SIL,0.0,1163,pause,NA,NA,NA,NA,0.0,0,-47.17,-41.86,[],0,0,[],[]
37521820,37522940,CHI,CHN,0.0,1163,CIC,BC,0,NT,FI,1.0,680,-26.61,-19.34,"[{'Canonical-syllable': '0', 'Growl': '0', 'High-freq-energy': '0', 'Long-island': '0', 'Low-tilt-spectrum': '0', 'Medium-island': '1', 'Short-island': '0', 'Squeal': '0', 'Typical-entropy': '1', 'Voicing-quality': '1', 'Wide-band': '0', 'Xlong-island': '0', 'seq': '1', 'end': 37522.94, 'start': 37522.26}]",0,0,[],[]
37522940,37523770,CHI,CHN,0.0,1163,CIC,RC,0,TIFI,FH,1.0,830,-21.93,-16.48,"[{'Canonical-syllable': '1', 'Growl': '0', 'High-freq-energy': '0', 'Long-island': '0', 'Low-tilt-spectrum': '0', 'Medium-island': '2', 'Short-island': '0', 'Squeal': '0', 'Typical-entropy': '0', 'Voicing-quality': '2', 'Wide-band': '0', 'Xlong-island': '0', 'seq': '1', 'end': 37523.77, 'start': 37522.94}]",0,0,[],[]
37523770,37524570,NA,SIL,0.0,1163,CIC,NA,NA,NA,NA,0.0,0,-47.02,-43.09,[],0,0,[],[]
37524570,37527800,FEM,FAN,10.77,1163,CIC,EC,1,TIFR,FI,0.0,0,-27.2,-20.4,[],0,0,[],[]
37527800,37529750,NA,SIL,0.0,1164,pause,NA,NA,NA,NA,0.0,0,-47.15,-41.12,[],0,0,[],[]
37529750,37532070,NA,NOF,0.0,1164,pause,NA,NA,NA,NA,0.0,0,-44.7,-36.28,[],0,0,[],[]
37532070,37533070,NA,MAF,0.0,1164,pause,NA,NA,NA,NA,0.0,0,-41.27,-32.69,[],0,0,[],[]
37533070,37533870,NA,SIL,0.0,1164,pause,NA,NA,NA,NA,0.0,0,-47.57,-43.51,[],0,0,[],[]
37533870,37535010,NA,MAF,0.0,1164,pause,NA,NA,NA,NA,0.0,0,-40.78,-34.36,[],0,0,[],[]
37535010,37536050,NA,SIL,0.0,1164,pause,NA,NA,NA,NA,0.0,0,-46.96,-42.71,[],0,0,[],[]
37536050,37536890,NA,TVF,0.0,1164,pause,NA,NA,NA,NA,0.0,0,-47.12,-41.17,[],0,0,[],[]
37536890,37538150,NA,SIL,0.0,1164,pause,NA,NA,NA,NA,0.0,0,-47.92,-43.38,[],0,0,[],[]
37538150,37539900,NA,NOF,0.0,1164,pause,NA,NA,NA,NA,0.0,0,-36.67,-19.65,[],0,0,[],[]
37539900,37540950,FEM,FAN,6.35,1164,AMF,EC,0,NT,FI,0.0,0,-35.72,-27.82,[],0,0,[],[]
37540950,37541840,NA,SIL,0.0,1165,pause,NA,NA,NA,NA,0.0,0,-45.66,-36.29,[],0,0,[],[]
37541840,37542840,NA,MAF,0.0,1165,pause,NA,NA,NA,NA,0.0,0,-42.74,-34.07,[],0,0,[],[]
37542840,37544760,NA,SIL,0.0,1165,pause,NA,NA,NA,NA,0.0,0,-47.46,-35.73,[],0,0,[],[]
37544760,37545610,NA,NOF,0.0,1165,pause,NA,NA,NA,NA,0.0,0,-46.53,-34.42,[],0,0,[],[]
37545610,37547450,NA,SIL,0.0,1165,pause,NA,NA,NA,NA,0.0,0,-47.4,-43.32,[],0,0,[],[]
37547450,37548420,NA,NOF,0.0,1165,pause,NA,NA,NA,NA,0.0,0,-46.73,-38.04,[],0,0,[],[]
37548420,37551250,NA,SIL,0.0,1165,pause,NA,NA,NA,NA,0.0,0,-47.67,-37.32,[],0,0,[],[]
37551250,37552310,OCH,CXN,0.0,1165,XIC,BC,0,NT,FI,0.0,0,-31.64,-22.19,[],0,0,[],[]
37552310,37554920,NA,SIL,0.0,1165,XIC,NA,NA,NA,NA,0.0,0,-47.42,-41.35,[],0,0,[],[]
37554920,37557710,FEM,FAN,8.76,1165,XIC,RC,0,NT,FI,0.0,0,-34.69,-27.56,[],0,0,[],[]
37557710,37558520,OCH,CXN,0.0,1165,XIC,RC,0,NT,FI,0.0,0,-35.21,-23.7,[],0,0,[],[]
37558520,37560560,NA,FAF,0.0,1165,XIC,NA,NA,NA,NA,0.0,0,-37.59,-28.71,[],0,0,[],[]
37560560,37561470,OCH,CXN,0.0,1165,XIC,RC,0,NT,FH,0.0,0,-28.87,-21.08,[],0,0,[],[]
37561470,37564040,FEM,FAN,6.76,1165,XIC,RC,0,TIFI,FI,0.0,0,-35.98,-23.58,[],0,0,[],[]
37564040,37566410,CHI,CHN,0.0,1165,XIC,RC,1,TIFR,FI,2.0,1330,-19.17,-9.74,"[{'Canonical-syllable': '0', 'Growl': '0', 'High-freq-energy': '0', 'Long-island': '1', 'Low-tilt-spectrum': '0', 'Medium-island': '0', 'Short-island': '0', 'Squeal': '0', 'Typical-entropy': '0', 'Voicing-quality': '1', 'Wide-band': '0', 'Xlong-island': '0', 'seq': '1', 'end': 37564.87, 'start': 37564.2}, {'Canonical-syllable': '0', 'Growl': '0', 'High-freq-energy': '0', 'Long-island': '0', 'Low-tilt-spectrum': '0', 'Medium-island': '1', 'Short-island': '1', 'Squeal': '0', 'Typical-entropy': '2', 'Voicing-quality': '2', 'Wide-band': '0', 'Xlong-island': '0', 'seq': '2', 'end': 37566.05, 'start': 37565.55}]",0,0,[],[]
37566410,37569150,NA,SIL,0.0,1165,XIC,NA,NA,NA,NA,0.0,0,-47.47,-40.9,[],0,0,[],[]
37569150,37570040,NA,NOF,0.0,1165,XIC,NA,NA,NA,NA,0.0,0,-38.27,-27.09,[],0,0,[],[]
37570040,37571040,MAL,MAN,4.0,1165,XIC,RC,1,TIME,FI,0.0,0,-33.9,-24.59,[],0,0,[],[]
37571040,37571870,NA,MAF,0.0,1165,XIC,NA,NA,NA,NA,0.0,0,-40.91,-28.17,[],0,0,[],[]
37571870,37573600,NA,OLF,0.0,1165,XIC,NA,NA,NA,NA,0.0,0,-35.32,-15.7,[],0,0,[],[]
37573600,37576050,FEM,FAN,4.46,1165,XIC,RC,1,NT,FI,0.0,0,-29.43,-15.65,[],0,0,[],[]
37576050,37577170,NA,SIL,0.0,1165,XIC,NA,NA,NA,NA,0.0,0,-46.64,-40.15,[],0,0,[],[]
37577170,37578740,NA,MAF,0.0,1165,XIC,NA,NA,NA,NA,0.0,0,-37.14,-30.42,[],0,0,[],[]
37578740,37580970,FEM,FAN,7.89,1165,XIC,RC,1,TIFI,FH,0.0,0,-26.84,-14.54,[],0,0,[],[]
37580970,37581960,CHI,CHN,0.0,1165,XIC,EC,2,TIFR,FI,1.0,350,-23.98,-17.35,"[{'Canonical-syllable': '0', 'Growl': '0', 'High-freq-energy': '0', 'Long-island': '0', 'Low-tilt-spectrum': '0', 'Medium-island': '1', 'Short-island': '0', 'Squeal': '0', 'Typical-entropy': '1', 'Voicing-quality': '1', 'Wide-band': '0', 'Xlong-island': '0', 'seq': '1', 'end': 37581.32, 'start': 37580.97}]",0,0,[],[]
37581960,37583580,NA,NOF,0.0,1166,pause,NA,NA,NA,NA,0.0,0,-39.09,-25.93,[],0,0,[],[]
37583580,37584850,NA,MAF,0.0,1166,pause,NA,NA,NA,NA,0.0,0,-38.48,-31.86,[],0,0,[],[]
37584850,37585770,NA,NOF,0.0,1166,pause,NA,NA,NA,NA,0.0,0,-40.04,-28.35,[],0,0,[],[]
37585770,37587730,NA,MAF,0.0,1166,pause,NA,NA,NA,NA,0.0,0,-36.36,-24.05,[],0,0,[],[]
37587730,37589010,MAL,MAN,6.61,1166,AICM,BC,0,NT,FI,0.0,0,-38.17,-29.63,[],0,0,[],[]
37589010,37589810,NA,OLF,0.0,1166,AICM,NA,NA,NA,NA,0.0,0,-40.38,-33.33,[],0,0,[],[]
37589810,37590760,NA,SIL,0.0,1166,AICM,NA,NA,NA,NA,0.0,0,-46.22,-40.11,[],0,0,[],[]
37590760,37593860,FEM,FAN,12.29,1166,AICM,RC,0,TIFI,FI,0.0,0,-30.94,-15.25,[],0,0,[],[]
37593860,37595340,NA,MAF,0.0,1166,AICM,NA,NA,NA,NA,0.0,0,-36.61,-28.88,[],0,0,[],[]
37595340,37595980,CHI,CHN,0.0,1166,AICM,RC,1,TIFR,FI,1.0,490,-17.51,-9.09,"[{'Canonical-syllable': '1', 'Growl': '0', 'High-freq-energy': '0', 'Long-island': '0', 'Low-tilt-spectrum': '0', 'Medium-island': '0', 'Short-island': '2', 'Squeal': '0', 'Typical-entropy': '2', 'Voicing-quality': '2', 'Wide-band': '0', 'Xlong-island': '0', 'seq': '1', 'end': 37595.83, 'start': 37595.42}]",0,0,[],[]
37595980,37597520,CHI,CHN,0.0,1166,AICM,RC,1,NT,FH,1.0,1540,-20.44,-8.33,"[{'Canonical-syllable': '1', 'Growl': '2', 'High-freq-energy': '0', 'Long-island': '0', 'Low-tilt-spectrum': '0', 'Medium-island': '1', 'Short-island': '2', 'Squeal': '0', 'Typical-entropy': '3', 'Voicing-quality': '5', 'Wide-band': '0', 'Xlong-island': '0', 'seq': '1', 'end': 37597.52, 'start': 37595.98}]",0,0,[],[]
37597520,37599460,MAL,MAN,5.86,1166,AICM,RC,1,TIME,FI,0.0,0,-32.78,-19.69,[],0,0,[],[]
37599460,37600460,FEM,FAN,5.7,1166,AICM,RC,1,NT,FI,0.0,0,-29.52,-19.45,[],0,0,[],[]
37600460,37601270,NA,OLF,0.0,1166,AICM,NA,NA,NA,NA,0.0,0,-32.1,-21.45,[],0,0,[],[]
37601270,37605100,MAL,MAN,13.39,1166,AICM,RC,1,NT,FI,0.0,0,-35.54,-26.33,[],0,0,[],[]
37605100,37605900,NA,NOF,0.0,1166,AICM,NA,NA,NA,NA,0.0,0,-36.75,-23.04,[],0,0,[],[]
37605900,37606900,FEM,FAN,4.02,1166,AICM,EC,1,NT,FI,0.0,0,-37.15,-28.13,[],0,0,[],[]
37606900,37607900,MAL,MAN,0.0,1167,pause,NA,NA,NA,NA,0.0,0,-32.43,-24.58,[],1000,0,[],[]
37607900,37608930,NA,SIL,0.0,1167,pause,NA,NA,NA,NA,0.0,0,-39.24,-22.67,[],0,0,[],[]
37608930,37609950,NA,MAF,0.0,1167,pause,NA,NA,NA,NA,0.0,0,-35.72,-24.54,[],0,0,[],[]
37609950,37610750,NA,SIL,0.0,1167,pause,NA,NA,NA,NA,0.0,0,-47.1,-41.16,[],0,0,[],[]
37610750,37611750,NA,MAF,0.0,1167,pause,NA,NA,NA,NA,0.0,0,-38.64,-30.16,[],0,0,[],[]
37611750,37612610,NA,SIL,0.0,1167,pause,NA,NA,NA,NA,0.0,0,-47.11,-42.2,[],0,0,[],[]
37612610,37613610,NA,MAF,0.0,1167,pause,NA,NA,NA,NA,0.0,0,-39.98,-30.64,[],0,0,[],[]
37613610,37614520,NA,SIL,0.0,1167,pause,NA,NA,NA,NA,0.0,0,-46.21,-37.1,[],0,0,[],[]
37614520,37615990,NA,MAF,0.0,1167,pause,NA,NA,NA,NA,0.0,0,-41.55,-32.8,[],0,0,[],[]
37615990,37616920,NA,SIL,0.0,1167,pause,NA,NA,NA,NA,0.0,0,-46.92,-37.31,[],0,0,[],[]
37616920,37617920,NA,FAF,0.0,1167,pause,NA,NA,NA,NA,0.0,0,-36.53,-29.54,[],0,0,[],[]
37617920,37619530,NA,MAF,0.0,1167,pause,NA,NA,NA,NA,0.0,0,-41.1,-32.66,[],0,0,[],[]
37619530,37622660,NA,SIL,0.0,1167,pause,NA,NA,NA,NA,0.0,0,-47.16,-39.39,[],0,0,[],[]
37622660,37623480,NA,NOF,0.0,1167,pause,NA,NA,NA,NA,0.0,0,-45.83,-36.49,[],0,0,[],[]
37623480,37624320,NA,SIL,0.0,1167,pause,NA,NA,NA,NA,0.0,0,-47.57,-44.34,[],0,0,[],[]
37624320,37626780,NA,NOF,0.0,1167,pause,NA,NA,NA,NA,0.0,0,-25.3,-7.51,[],0,0,[],[]
37626780,37627980,NA,OLF,0.0,1167,pause,NA,NA,NA,NA,0.0,0,-37.47,-31.29,[],0,0,[],[]
37627980,37629180,NA,MAF,0.0,1167,pause,NA,NA,NA,NA,0.0,0,-41.52,-34.27,[],0,0,[],[]
37629180,37630740,NA,SIL,0.0,1167,pause,NA,NA,NA,NA,0.0,0,-43.29,-37.38,[],0,0,[],[]
37630740,37631980,MAL,MAN,6.38,1167,AMM,BC,0,NT,FI,0.0,0,-37.52,-28.6,[],0,0,[],[]
37631980,37632780,NA,SIL,0.0,1167,AMM,NA,NA,NA,NA,0.0,0,-43.68,-32.48,[],0,0,[],[]
37632780,37634140,NA,NOF,0.0,1167,AMM,NA,NA,NA,NA,0.0,0,-43.62,-30.93,[],0,0,[],[]
37634140,37634940,NA,SIL,0.0,1167,AMM,NA,NA,NA,NA,0.0,0,-47.34,-43.59,[],0,0,[],[]
37634940,37635960,FEM,FAN,4.22,1167,AMM,EC,0,NT,FI,0.0,0,-35.06,-23.17,[],0,0,[],[]
37635960,37636840,NA,NOF,0.0,1168,pause,NA,NA,NA,NA,0.0,0,-44.58,-38.43,[],0,0,[],[]
37636840,37637800,NA,SIL,0.0,1168,pause,NA,NA,NA,NA,0.0,0,-43.16,-37.49,[],0,0,[],[]
37637800,37641140,NA,MAF,0.0,1168,pause,NA,NA,NA,NA,0.0,0,-40.96,-31.76,[],0,0,[],[]
37641140,37642930,NA,SIL,0.0,1168,pause,NA,NA,NA,NA,0.0,0,-44.24,-37.28,[],0,0,[],[]
37642930,37643930,FEM,FAN,2.01,1168,AMF,BC,0,NT,FI,0.0,0,-37.06,-30.36,[],0,0,[],[]
37643930,37645820,NA,SIL,0.0,1168,AMF,NA,NA,NA,NA,0.0,0,-42.16,-29.4,[],0,0,[],[]
37645820,37646830,FEM,FAN,4.61,1168,AMF,EC,0,NT,FH,0.0,0,-30.29,-24.8,[],0,0,[],[]
37646830,37647860,NA,OLF,0.0,1169,pause,NA,NA,NA,NA,0.0,0,-39.12,-30.26,[],0,0,[],[]
37647860,37650340,NA,FAF,0.0,1169,pause,NA,NA,NA,NA,0.0,0,-39.09,-24.01,[],0,0,[],[]
37650340,37653100,NA,NOF,0.0,1169,pause,NA,NA,NA,NA,0.0,0,-36.86,-16.46,[],0,0,[],[]
37653100,37655240,NA,SIL,0.0,1169,pause,NA,NA,NA,NA,0.0,0,-47.22,-38.01,[],0,0,[],[]
37655240,37656070,MAL,MAN,0.0,1169,pause,NA,NA,NA,NA,0.0,0,-23.55,-6.37,[],830,0,[],[]
37656070,37656890,NA,NOF,0.0,1169,pause,NA,NA,NA,NA,0.0,0,-22.33,-7.51,[],0,0,[],[]
37656890,37657890,MAL,MAN,0.0,1169,pause,NA,NA,NA,NA,0.0,0,-31.31,-23.93,[],1000,0,[],[]
37657890,37659480,NA,OLN,0.0,1169,pause,NA,NA,NA,NA,0.0,0,-20.29,-4.66,[],0,0,[],[]
37659480,37660330,NA,SIL,0.0,1169,pause,NA,NA,NA,NA,0.0,0,-46.24,-41.08,[],0,0,[],[]
37660330,37661540,NA,MAF,0.0,1169,pause,NA,NA,NA,NA,0.0,0,-21.12,-4.27,[],0,0,[],[]
37661540,37662340,NA,SIL,0.0,1169,pause,NA,NA,NA,NA,0.0,0,-33.24,-17.07,[],0,0,[],[]
37662340,37664590,FEM,FAN,7.32,1169,AMF,EC,0,NT,FI,0.0,0,-34.16,-27.01,[],0,0,[],[]
37664590,37667870,NA,NOF,0.0,1170,pause,NA,NA,NA,NA,0.0,0,-27.96,-6.6,[],0,0,[],[]
37667870,37668880,NA,MAF,0.0,1170,pause,NA,NA,NA,NA,0.0,0,-41.27,-26.65,[],0,0,[],[]
37668880,37669700,NA,NOF,0.0,1170,pause,NA,NA,NA,NA,0.0,0,-40.41,-23.99,[],0,0,[],[]
37669700,37670500,NA,OLN,0.0,1170,pause,NA,NA,NA,NA,0.0,0,-23.01,-7.4,[],0,0,[],[]
37670500,37671370,NA,OLF,0.0,1170,pause,NA,NA,NA,NA,0.0,0,-37.33,-29.52,[],0,0,[],[]
37671370,37672790,FEM,FAN,1.73,1170,AICF,BC,0,TIFI,FI,0.0,0,-33.24,-28.82,[],0,0,[],[]
37672790,37673470,CHI,CHN,0.0,1170,AICF,RC,1,TIFR,FI,1.0,680,-19.35,-11.88,"[{'Canonical-syllable': '1', 'Growl': '0', 'High-freq-energy': '1', 'Long-island': '0', 'Low-tilt-spectrum': '0', 'Medium-island': '1', 'Short-island': '1', 'Squeal': '0', 'Typical-entropy': '1', 'Voicing-quality': '2', 'Wide-band': '0', 'Xlong-island': '0', 'seq': '1', 'end': 37673.47, 'start': 37672.79}]",0,0,[],[]
37673470,37674270,NA,OLF,0.0,1170,AICF,NA,NA,NA,NA,0.0,0,-32.66,-21.17,[],0,0,[],[]
37674270,37675070,NA,NOF,0.0,1170,AICF,NA,NA,NA,NA,0.0,0,-36.17,-23.81,[],0,0,[],[]
37675070,37676340,CHI,CHN,0.0,1170,AICF,EC,1,NT,FH,1.0,700,-22.15,-12.01,"[{'Canonical-syllable': '1', 'Growl': '0', 'High-freq-energy': '0', 'Long-island': '0', 'Low-tilt-spectrum': '0', 'Medium-island': '1', 'Short-island': '1', 'Squeal': '0', 'Typical-entropy': '1', 'Voicing-quality': '2', 'Wide-band': '0', 'Xlong-island': '0', 'seq': '1', 'end': 37676.25, 'start': 37675.55}]",0,0,[],[]
37676340,37680140,NA,NON,0.0,1171,pause,NA,NA,NA,NA,0.0,0,-34.54,-17.2,[],0,0,[],[]
37680140,37682600,NA,SIL,0.0,1171,pause,NA,NA,NA,NA,0.0,0,-47.97,-44.12,[],0,0,[],[]
37682600,37683280,CHI,CHN,0.0,1171,CIOCX,BC,0,NT,FI,1.0,680,-14.31,-4.59,"[{'Canonical-syllable': '0', 'Growl': '0', 'High-freq-energy': '1', 'Long-island': '0', 'Low-tilt-spectrum': '2', 'Medium-island': '1', 'Short-island': '0', 'Squeal': '1', 'Typical-entropy': '2', 'Voicing-quality': '1', 'Wide-band': '0', 'Xlong-island': '0', 'seq': '1', 'end': 37683.28, 'start': 37682.6}]",0,0,[],[]
37683280,37684080,NA,OLN,0.0,1171,CIOCX,NA,NA,NA,NA,0.0,0,-18.87,-11.91,[],0,0,[],[]
37684080,37684680,CHI,CHN,0.0,1171,CIOCX,NA,NA,NA,NA,0.0,0,-14.16,-5.79,[],0,440,"[{'start': 37684.24, 'end': 37684.68}]",[]
37684680,37685480,OCH,CXN,0.0,1171,CIOCX,RC,0,NT,FI,0.0,0,-17.58,-10.53,[],0,0,[],[]
37685480,37687060,NA,NOF,0.0,1171,CIOCX,NA,NA,NA,NA,0.0,0,-40.15,-28.84,[],0,0,[],[]
37687060,37687870,NA,OLN,0.0,1171,CIOCX,NA,NA,NA,NA,0.0,0,-14.23,-5.26,[],0,0,[],[]
37687870,37688520,CHI,CHN,0.0,1171,CIOCX,EC,0,NT,FI,1.0,340,-26.12,-17.94,"[{'Canonical-syllable': '1', 'Growl': '0', 'High-freq-energy': '0', 'Long-island': '0', 'Low-tilt-spectrum': '1', 'Medium-island': '1', 'Short-island': '0', 'Squeal': '0', 'Typical-entropy': '1', 'Voicing-quality': '1', 'Wide-band': '0', 'Xlong-island': '0', 'seq': '1', 'end': 37688.21, 'start': 37687.87}]",0,0,[],[]
37688520,37691160,NA,NOF,0.0,1172,pause,NA,NA,NA,NA,0.0,0,-29.33,-9.57,[],0,0,[],[]
37691160,37692100,NA,OLF,0.0,1172,pause,NA,NA,NA,NA,0.0,0,-33.0,-18.3,[],0,0,[],[]
37692100,37692720,CHI,CHN,0.0,1172,pause,NA,NA,NA,NA,0.0,0,-13.12,-3.47,[],0,620,"[{'start': 37692.1, 'end': 37692.72}]",[]
37692720,37693530,NA,OLN,0.0,1172,pause,NA,NA,NA,NA,0.0,0,-24.77,-16.42,[],0,0,[],[]
37693530,37694130,CHI,CHN,0.0,1172,CIC,BC,0,NT,FI,1.0,420,-15.32,-7.16,"[{'Canonical-syllable': '0', 'Growl': '0', 'High-freq-energy': '0', 'Long-island': '0', 'Low-tilt-spectrum': '2', 'Medium-island': '0', 'Short-island': '2', 'Squeal': '0', 'Typical-entropy': '2', 'Voicing-quality': '2', 'Wide-band': '0', 'Xlong-island': '0', 'seq': '1', 'end': 37693.95, 'start': 37693.53}]",0,0,[],[]
37694130,37694950,NA,OLN,0.0,1172,CIC,NA,NA,NA,NA,0.0,0,-19.93,-8.82,[],0,0,[],[]
37694950,37696520,CHI,CHN,0.0,1172,CIC,NA,NA,NA,NA,0.0,0,-14.27,-3.12,[],0,1270,"[{'start': 37695.11, 'end': 37696.38}]",[]
37696520,37697500,NA,NOF,0.0,1172,CIC,NA,NA,NA,NA,0.0,0,-41.1,-34.92,[],0,0,[],[]
37697500,37698790,CHI,CHN,0.0,1172,CIC,RC,0,TIMI,FH,1.0,1120,-16.58,-6.82,"[{'Canonical-syllable': '0', 'Growl': '0', 'High-freq-energy': '0', 'Long-island': '0', 'Low-tilt-spectrum': '0', 'Medium-island': '0', 'Short-island': '0', 'Squeal': '0', 'Typical-entropy': '1', 'Voicing-quality': '1', 'Wide-band': '0', 'Xlong-island': '1', 'seq': '1', 'end': 37698.62, 'start': 37697.5}]",0,0,[],[]
37698790,37699870,NA,NOF,0.0,1172,CIC,NA,NA,NA,NA,0.0,0,-39.19,-27.61,[],0,0,[],[]
37699870,37701440,MAL,MAN,6.22,1172,CIC,RC,1,TIMR,FI,0.0,0,-34.52,-25.81,[],0,0,[],[]
37701440,37702240,NA,SIL,0.0,1172,CIC,NA,NA,NA,NA,0.0,0,-47.53,-42.7,[],0,0,[],[]
37702240,37703300,CHI,CHN,0.0,1172,CIC,RC,1,TIFI,FI,1.0,930,-26.53,-16.06,"[{'Canonical-syllable': '0', 'Growl': '0', 'High-freq-energy': '0', 'Long-island': '0', 'Low-tilt-spectrum': '0', 'Medium-island': '1', 'Short-island': '1', 'Squeal': '0', 'Typical-entropy': '1', 'Voicing-quality': '2', 'Wide-band': '0', 'Xlong-island': '0', 'seq': '1', 'end': 37703.17, 'start': 37702.54}]",0,0,[],[]
37703300,37704100,NA,SIL,0.0,1172,CIC,NA,NA,NA,NA,0.0,0,-46.23,-34.27,[],0,0,[],[]
37704100,37705800,NA,NOF,0.0,1172,CIC,NA,NA,NA,NA,0.0,0,-31.04,-10.24,[],0,0,[],[]
37705800,37706840,FEM,FAN,3.21,1172,CIC,EC,2,TIFR,FI,0.0,0,-37.43,-29.58,[],0,0,[],[]
37706840,37707790,NA,SIL,0.0,1173,pause,NA,NA,NA,NA,0.0,0,-47.07,-43.87,[],0,0,[],[]
37707790,37708790,NA,MAF,0.0,1173,pause,NA,NA,NA,NA,0.0,0,-39.24,-30.75,[],0,0,[],[]
37708790,37713070,NA,SIL,0.0,1173,pause,NA,NA,NA,NA,0.0,0,-44.78,-29.02,[],0,0,[],[]
37713070,37714220,NA,OLN,0.0,1173,pause,NA,NA,NA,NA,0.0,0,-27.66,-18.16,[],0,0,[],[]
37714220,37715030,NA,CXF,0.0,1173,pause,NA,NA,NA,NA,0.0,0,-31.13,-24.11,[],0,0,[],[]
37715030,37716120,MAL,MAN,7.83,1173,AMM,EC,0,NT,FI,0.0,0,-29.98,-12.74,[],0,0,[],[]
37716120,37717980,NA,SIL,0.0,1174,pause,NA,NA,NA,NA,0.0,0,-45.77,-38.84,[],0,0,[],[]
37717980,37719010,NA,NOF,0.0,1174,pause,NA,NA,NA,NA,0.0,0,-40.17,-31.86,[],0,0,[],[]
37719010,37720090,NA,MAF,0.0,1174,pause,NA,NA,NA,NA,0.0,0,-34.48,-27.96,[],0,0,[],[]
37720090,37722090,NA,SIL,0.0,1174,pause,NA,NA,NA,NA,0.0,0,-44.11,-31.85,[],0,0,[],[]
37722090,37723860,NA,MAF,0.0,1174,pause,NA,NA,NA,NA,0.0,0,-34.59,-24.19,[],0,0,[],[]
37723860,37725770,FEM,FAN,5.36,1174,AICF,BC,0,NT,FI,0.0,0,-30.24,-22.97,[],0,0,[],[]
37725770,37726930,NA,NOF,0.0,1174,AICF,NA,NA,NA,NA,0.0,0,-45.08,-36.59,[],0,0,[],[]
37726930,37728840,FEM,FAN,7.24,1174,AICF,RC,0,NT,FH,0.0,0,-30.27,-23.76,[],0,0,[],[]
37728840,37730320,NA,SIL,0.0,1174,AICF,NA,NA,NA,NA,0.0,0,-44.15,-30.84,[],0,0,[],[]
37730320,37731650,FEM,FAN,1.77,1174,AICF,RC,0,NT,FH,0.0,0,-35.06,-25.86,[],0,0,[],[]
37731650,37732670,MAL,MAN,2.66,1174,AICF,RC,0,NT,FI,0.0,0,-28.69,-19.97,[],0,0,[],[]
37732670,37734040,FEM,FAN,6.73,1174,AICF,RC,0,NT,FI,0.0,0,-31.62,-23.73,[],0,0,[],[]
37734040,37735160,MAL,MAN,7.11,1174,AICF,RC,0,NT,FI,0.0,0,-35.91,-25.57,[],0,0,[],[]
37735160,37737150,FEM,FAN,7.93,1174,AICF,RC,0,TIFI,FI,0.0,0,-30.49,-23.69,[],0,0,[],[]
37737150,37738310,NA,SIL,0.0,1174,AICF,NA,NA,NA,NA,0.0,0,-46.15,-34.93,[],0,0,[],[]
37738310,37739110,NA,OLN,0.0,1174,AICF,NA,NA,NA,NA,0.0,0,-24.86,-16.16,[],0,0,[],[]
37739110,37739910,NA,SIL,0.0,1174,AICF,NA,NA,NA,NA,0.0,0,-46.71,-39.09,[],0,0,[],[]
37739910,37741210,NA,OLN,0.0,1174,AICF,NA,NA,NA,NA,0.0,0,-34.37,-23.92,[],0,0,[],[]
37741210,37742060,CHI,CHN,0.0,1174,AICF,RC,1,TIFR,FI,1.0,850,-18.44,-8.8,"[{'Canonical-syllable': '3', 'Growl': '0', 'High-freq-energy': '0', 'Long-island': '0', 'Low-tilt-spectrum': '3', 'Medium-island': '0', 'Short-island': '3', 'Squeal': '0', 'Typical-entropy': '3', 'Voicing-quality': '3', 'Wide-band': '0', 'Xlong-island': '0', 'seq': '1', 'end': 37742.06, 'start': 37741.21}]",0,0,[],[]
37742060,37743060,NA,MAF,0.0,1174,AICF,NA,NA,NA,NA,0.0,0,-39.22,-30.1,[],0,0,[],[]
37743060,37744390,FEM,FAN,6.99,1174,AICF,RC,1,TIFI,FI,0.0,0,-27.36,-19.72,[],0,0,[],[]
37744390,37745580,CHI,CHN,0.0,1174,AICF,RC,2,TIFR,FI,1.0,970,-18.3,-9.96,"[{'Canonical-syllable': '0', 'Growl': '1', 'High-freq-energy': '0', 'Long-island': '1', 'Low-tilt-spectrum': '1', 'Medium-island': '0', 'Short-island': '0', 'Squeal': '0', 'Typical-entropy': '2', 'Voicing-quality': '2', 'Wide-band': '1', 'Xlong-island': '0', 'seq': '1', 'end': 37745.36, 'start': 37744.39}]",0,0,[],[]
37745580,37746650,FEM,FAN,5.24,1174,AICF,RC,2,TIFE,FI,0.0,0,-27.52,-22.3,[],0,0,[],[]
37746650,37747450,NA,SIL,0.0,1174,AICF,NA,NA,NA,NA,0.0,0,-45.76,-35.47,[],0,0,[],[]
37747450,37748450,FEM,FAN,2.16,1174,AICF,RC,2,TIFI,FH,0.0,0,-21.87,-11.12,[],0,0,[],[]
37748450,37749070,CHI,CHN,0.0,1174,AICF,RC,3,TIFR,FI,1.0,620,-22.02,-15.23,"[{'Canonical-syllable': '0', 'Growl': '0', 'High-freq-energy': '0', 'Long-island': '0', 'Low-tilt-spectrum': '0', 'Medium-island': '1', 'Short-island': '0', 'Squeal': '0', 'Typical-entropy': '0', 'Voicing-quality': '1', 'Wide-band': '0', 'Xlong-island': '0', 'seq': '1', 'end': 37749.07, 'start': 37748.45}]",0,0,[],[]
37749070,37750200,MAL,MAN,4.55,1174,AICF,RC,3,TIME,FI,0.0,0,-35.84,-26.29,[],0,0,[],[]
37750200,37751000,NA,MAF,0.0,1174,AICF,NA,NA,NA,NA,0.0,0,-45.44,-39.13,[],0,0,[],[]
37751000,37752390,FEM,FAN,2.87,1174,AICF,RC,3,NT,FI,0.0,0,-31.86,-25.33,[],0,0,[],[]
37752390,37753190,NA,SIL,0.0,1174,AICF,NA,NA,NA,NA,0.0,0,-44.73,-37.47,[],0,0,[],[]
37753190,37754470,FEM,FAN,0.0,1174,AICF,NA,NA,NA,NA,0.0,0,-35.39,-26.32,[],1280,0,[],[]
37754470,37755890,NA,NOF,0.0,1174,AICF,NA,NA,NA,NA,0.0,0,-40.19,-25.28,[],0,0,[],[]
37755890,37763830,FEM,FAN,31.06,1174,AICF,RC,3,NT,FH,0.0,0,-28.43,-16.85,[],0,0,[],[]
37763830,37764770,MAL,MAN,5.01,1174,AICF,RC,3,NT,FI,0.0,0,-28.46,-17.7,[],0,0,[],[]
37764770,37765590,NA,OLF,0.0,1174,AICF,NA,NA,NA,NA,0.0,0,-42.84,-32.91,[],0,0,[],[]
37765590,37772270,FEM,FAN,23.78,1174,AICF,RC,3,NT,FI,0.0,0,-26.34,-7.79,[],0,0,[],[]
37772270,37773270,NA,TVN,0.0,1174,AICF,NA,NA,NA,NA,0.0,0,-36.48,-31.45,[],0,0,[],[]
37773270,37776140,FEM,FAN,10.28,1174,AICF,RC,3,NT,FH,0.0,0,-38.06,-31.66,[],0,0,[],[]
37776140,37776940,NA,MAF,0.0,1174,AICF,NA,NA,NA,NA,0.0,0,-43.03,-32.86,[],0,0,[],[]
37776940,37778150,NA,OLN,0.0,1174,AICF,NA,NA,NA,NA,0.0,0,-33.03,-25.69,[],0,0,[],[]
37778150,37779180,FEM,FAN,5.45,1174,AICF,RC,3,NT,FH,0.0,0,-35.05,-29.64,[],0,0,[],[]
37779180,37780620,MAL,MAN,9.79,1174,AICF,RC,3,NT,FI,0.0,0,-31.47,-19.94,[],0,0,[],[]
37780620,37782960,NA,OLN,0.0,1174,AICF,NA,NA,NA,NA,0.0,0,-24.6,-7.6,[],0,0,[],[]
37782960,37784920,FEM,FAN,6.8,1174,AICF,RC,3,NT,FI,0.0,0,-33.04,-22.29,[],0,0,[],[]
37784920,37785720,NA,NOF,0.0,1174,AICF,NA,NA,NA,NA,0.0,0,-37.35,-23.6,[],0,0,[],[]
37785720,37787730,FEM,FAN,6.75,1174,AICF,RC,3,NT,FH,0.0,0,-36.55,-26.32,[],0,0,[],[]
37787730,37789630,MAL,MAN,8.15,1174,AICF,RC,3,NT,FI,0.0,0,-25.57,-7.51,[],0,0,[],[]
37789630,37791630,FEM,FAN,10.02,1174,AICF,RC,3,NT,FI,0.0,0,-27.92,-9.03,[],0,0,[],[]
37791630,37792230,CHI,CHN,0.0,1174,AICF,NA,NA,NA,NA,0.0,0,-20.06,-6.41,[],0,0,[],[]
37792230,37793030,NA,OLN,0.0,1174,AICF,NA,NA,NA,NA,0.0,0,-21.78,-5.29,[],0,0,[],[]
37793030,37794050,FEM,FAN,6.18,1174,AICF,EC,3,NT,FH,0.0,0,-32.78,-26.4,[],0,0,[],[]
37794050,37795090,NA,OLN,0.0,1175,pause,NA,NA,NA,NA,0.0,0,-19.86,-5.83,[],0,0,[],[]
37795090,37795890,NA,NOF,0.0,1175,pause,NA,NA,NA,NA,0.0,0,-33.22,-17.89,[],0,0,[],[]
37795890,37797600,NA,OLN,0.0,1175,pause,NA,NA,NA,NA,0.0,0,-34.76,-28.38,[],0,0,[],[]
37797600,37798400,NA,OLF,0.0,1175,pause,NA,NA,NA,NA,0.0,0,-32.78,-18.51,[],0,0,[],[]
37798400,37799290,NA,OLN,0.0,1175,pause,NA,NA,NA,NA,0.0,0,-34.79,-27.67,[],0,0,[],[]
37799290,37800250,NA,NOF,0.0,1175,pause,NA,NA,NA,NA,0.0,0,-42.73,-33.05,[],0,0,[],[]
37800250,37801080,NA,OLF,0.0,1175,pause,NA,NA,NA,NA,0.0,0,-38.53,-31.93,[],0,0,[],[]
37801080,37802120,NA,MAF,0.0,1175,pause,NA,NA,NA,NA,0.0,0,-41.81,-32.11,[],0,0,[],[]
37802120,37803420,FEM,FAN,5.29,1175,AMF,BC,0,NT,FI,0.0,0,-29.67,-22.29,[],0,0,[],[]
37803420,37805120,MAL,MAN,6.99,1175,AMF,RC,0,NT,FI,0.0,0,-34.01,-22.95,[],0,0,[],[]
37805120,37806460,NA,OLN,0.0,1175,AMF,NA,NA,NA,NA,0.0,0,-30.25,-14.76,[],0,0,[],[]
37806460,37807420,NA,NOF,0.0,1175,AMF,NA,NA,NA,NA,0.0,0,-43.38,-33.05,[],0,0,[],[]
37807420,37809340,FEM,FAN,7.27,1175,AMF,EC,0,NT,FI,0.0,0,-38.23,-31.51,[],0,0,[],[]
37809340,37811020,NA,OLF,0.0,1176,pause,NA,NA,NA,NA,0.0,0,-26.38,-12.84,[],0,0,[],[]
37811020,37812020,NA,MAF,0.0,1176,pause,NA,NA,NA,NA,0.0,0,-38.56,-32.83,[],0,0,[],[]
37812020,37813350,NA,OLF,0.0,1176,pause,NA,NA,NA,NA,0.0,0,-36.92,-27.24,[],0,0,[],[]
37813350,37814150,NA,NOF,0.0,1176,pause,NA,NA,NA,NA,0.0,0,-35.64,-26.43,[],0,0,[],[]
37814150,37815150,NA,MAF,0.0,1176,pause,NA,NA,NA,NA,0.0,0,-32.12,-14.84,[],0,0,[],[]
37815150,37816760,NA,NOF,0.0,1176,pause,NA,NA,NA,NA,0.0,0,-23.46,-8.83,[],0,0,[],[]
37816760,37818370,NA,OLF,0.0,1176,pause,NA,NA,NA,NA,0.0,0,-35.3,-19.81,[],0,0,[],[]
37818370,37819170,NA,SIL,0.0,1176,pause,NA,NA,NA,NA,0.0,0,-46.47,-43.51,[],0,0,[],[]
37819170,37820430,NA,OLN,0.0,1176,pause,NA,NA,NA,NA,0.0,0,-34.14,-26.07,[],0,0,[],[]
37820430,37821550,NA,FAF,0.0,1176,pause,NA,NA,NA,NA,0.0,0,-38.26,-28.97,[],0,0,[],[]
37821550,37823290,NA,OLF,0.0,1176,pause,NA,NA,NA,NA,0.0,0,-39.32,-28.76,[],0,0,[],[]
37823290,37824300,FEM,FAN,3.22,1176,AMF,BC,0,NT,FI,0.0,0,-34.48,-27.32,[],0,0,[],[]
37824300,37826250,NA,OLN,0.0,1176,AMF,NA,NA,NA,NA,0.0,0,-24.06,-9.08,[],0,0,[],[]
37826250,37829570,FEM,FAN,14.61,1176,AMF,RC,0,NT,FH,0.0,0,-27.05,-17.66,[],0,0,[],[]
37829570,37830420,NA,OLN,0.0,1176,AMF,NA,NA,NA,NA,0.0,0,-32.11,-23.89,[],0,0,[],[]
37830420,37831430,MAL,MAN,3.65,1176,AMF,RC,0,NT,FI,0.0,0,-34.33,-28.96,[],0,0,[],[]
37831430,37832270,NA,OLN,0.0,1176,AMF,NA,NA,NA,NA,0.0,0,-32.44,-28.89,[],0,0,[],[]
37832270,37833310,FEM,FAN,7.19,1176,AMF,EC,0,NT,FI,0.0,0,-36.62,-29.54,[],0,0,[],[]
37833310,37834630,NA,MAF,0.0,1177,pause,NA,NA,NA,NA,0.0,0,-39.78,-32.32,[],0,0,[],[]
37834630,37835430,NA,NOF,0.0,1177,pause,NA,NA,NA,NA,0.0,0,-44.26,-39.39,[],0,0,[],[]
37835430,37836670,NA,MAF,0.0,1177,pause,NA,NA,NA,NA,0.0,0,-20.25,-5.51,[],0,0,[],[]
37836670,37838350,NA,NOF,0.0,1177,pause,NA,NA,NA,NA,0.0,0,-40.36,-30.97,[],0,0,[],[]
37838350,37840260,NA,MAF,0.0,1177,pause,NA,NA,NA,NA,0.0,0,-38.24,-31.9,[],0,0,[],[]
37840260,37841060,NA,OLN,0.0,1177,pause,NA,NA,NA,NA,0.0,0,-32.48,-23.2,[],0,0,[],[]
37841060,37842120,NA,MAF,0.0,1177,pause,NA,NA,NA,NA,0.0,0,-42.48,-31.31,[],0,0,[],[]
37842120,37842920,NA,SIL,0.0,1177,pause,NA,NA,NA,NA,0.0,0,-44.66,-37.24,[],0,0,[],[]
37842920,37843720,NA,OLF,0.0,1177,pause,NA,NA,NA,NA,0.0,0,-38.39,-29.98,[],0,0,[],[]
37843720,37844520,NA,SIL,0.0,1177,pause,NA,NA,NA,NA,0.0,0,-45.83,-42.26,[],0,0,[],[]
37844520,37845520,NA,FAF,0.0,1177,pause,NA,NA,NA,NA,0.0,0,-39.47,-30.72,[],0,0,[],[]
37845520,37846820,NA,MAF,0.0,1177,pause,NA,NA,NA,NA,0.0,0,-39.19,-31.82,[],0,0,[],[]
37846820,37848740,NA,NOF,0.0,1177,pause,NA,NA,NA,NA,0.0,0,-25.05,-4.3,[],0,0,[],[]
37848740,37851970,NA,OLN,0.0,1177,pause,NA,NA,NA,NA,0.0,0,-22.53,-3.04,[],0,0,[],[]
37851970,37853200,FEM,FAN,4.24,1177,AMF,BC,0,NT,FI,0.0,0,-34.84,-25.26,[],0,0,[],[]
37853200,37854200,NA,FAF,0.0,1177,AMF,NA,NA,NA,NA,0.0,0,-19.59,-6.66,[],0,0,[],[]
37854200,37855280,NA,NON,0.0,1177,AMF,NA,NA,NA,NA,0.0,0,-11.67,-2.71,[],0,0,[],[]
37855280,37857740,FEM,FAN,9.93,1177,AMF,EC,0,NT,FH,0.0,0,-28.91,-17.22,[],0,0,[],[]
37857740,37860090,NA,OLN,0.0,1178,pause,NA,NA,NA,NA,0.0,0,-26.37,-13.75,[],0,0,[],[]
37860090,37860730,CHI,CHN,0.0,1178,pause,NA,NA,NA,NA,0.0,0,-15.36,-3.64,[],0,640,"[{'start': 37860.09, 'end': 37860.73}]",[]
37860730,37862820,NA,OLN,0.0,1178,pause,NA,NA,NA,NA,0.0,0,-31.65,-15.61,[],0,0,[],[]
37862820,37868100,NA,MAF,0.0,1178,pause,NA,NA,NA,NA,0.0,0,-39.86,-27.35,[],0,0,[],[]
37868100,37870490,NA,NON,0.0,1178,pause,NA,NA,NA,NA,0.0,0,-16.84,-3.59,[],0,0,[],[]
37870490,37871810,NA,FAF,0.0,1178,pause,NA,NA,NA,NA,0.0,0,-37.74,-31.52,[],0,0,[],[]
37871810,37873060,NA,OLN,0.0,1178,pause,NA,NA,NA,NA,0.0,0,-30.91,-23.79,[],0,0,[],[]
37873060,37873890,NA,NOF,0.0,1178,pause,NA,NA,NA,NA,0.0,0,-36.11,-25.27,[],0,0,[],[]
37873890,37874930,NA,OLN,0.0,1178,pause,NA,NA,NA,NA,0.0,0,-22.17,-12.42,[],0,0,[],[]
37874930,37875970,MAL,MAN,6.6,1178,AMM,EC,0,NT,FI,0.0,0,-38.39,-31.87,[],0,0,[],[]
37875970,37876770,NA,OLF,0.0,1179,pause,NA,NA,NA,NA,0.0,0,-40.85,-34.04,[],0,0,[],[]
37876770,37879830,NA,NOF,0.0,1179,pause,NA,NA,NA,NA,0.0,0,-33.6,-14.57,[],0,0,[],[]
37879830,37880860,NA,MAF,0.0,1179,pause,NA,NA,NA,NA,0.0,0,-44.43,-30.36,[],0,0,[],[]
37880860,37881670,NA,NOF,0.0,1179,pause,NA,NA,NA,NA,0.0,0,-47.61,-43.92,[],0,0,[],[]
37881670,37884670,NA,OLF,0.0,1179,pause,NA,NA,NA,NA,0.0,0,-40.92,-22.92,[],0,0,[],[]
37884670,37885670,NA,MAF,0.0,1179,pause,NA,NA,NA,NA,0.0,0,-43.19,-36.41,[],0,0,[],[]
37885670,37886710,CHI,CHN,0.0,1179,CIC,BC,0,NT,FI,1.0,940,-20.94,-12.53,"[{'Canonical-syllable': '0', 'Growl': '0', 'High-freq-energy': '0', 'Long-island': '1', 'Low-tilt-spectrum': '1', 'Medium-island': '0', 'Short-island': '0', 'Squeal': '0', 'Typical-entropy': '1', 'Voicing-quality': '1', 'Wide-band': '0', 'Xlong-island': '0', 'seq': '1', 'end': 37886.61, 'start': 37885.82}]",0,0,[],[]
37886710,37888940,NA,MAF,0.0,1179,CIC,NA,NA,NA,NA,0.0,0,-35.48,-20.34,[],0,0,[],[]
37888940,37889990,NA,OLN,0.0,1179,CIC,NA,NA,NA,NA,0.0,0,-30.63,-17.29,[],0,0,[],[]
37889990,37890720,OCH,CXN,0.0,1179,CIC,RC,0,NT,FI,0.0,0,-20.28,-10.47,[],0,0,[],[]
37890720,37891690,NA,OLN,0.0,1179,CIC,NA,NA,NA,NA,0.0,0,-28.33,-20.64,[],0,0,[],[]
37891690,37892690,NA,MAF,0.0,1179,CIC,NA,NA,NA,NA,0.0,0,-36.14,-23.74,[],0,0,[],[]
37892690,37893550,CHI,CHN,0.0,1179,CIC,RC,0,NT,FI,1.0,630,-17.24,-6.06,"[{'Canonical-syllable': '0', 'Growl': '0', 'High-freq-energy': '0', 'Long-island': '1', 'Low-tilt-spectrum': '1', 'Medium-island': '0', 'Short-island': '0', 'Squeal': '0', 'Typical-entropy': '1', 'Voicing-quality': '1', 'Wide-band': '0', 'Xlong-island': '0', 'seq': '1', 'end': 37893.32, 'start': 37892.69}]",0,0,[],[]
37893550,37894710,CHI,CHN,0.0,1179,CIC,RC,0,NT,FH,1.0,880,-22.47,-15.42,"[{'Canonical-syllable': '0', 'Growl': '1', 'High-freq-energy': '2', 'Long-island': '1', 'Low-tilt-spectrum': '2', 'Medium-island': '0', 'Short-island': '0', 'Squeal': '0', 'Typical-entropy': '2', 'Voicing-quality': '2', 'Wide-band': '0', 'Xlong-island': '0', 'seq': '1', 'end': 37894.43, 'start': 37893.55}]",0,0,[],[]
37894710,37895510,NA,NON,0.0,1179,CIC,NA,NA,NA,NA,0.0,0,-34.22,-27.54,[],0,0,[],[]
37895510,37896170,CHI,CHN,0.0,1179,CIC,RC,0,TIMI,FH,1.0,660,-28.92,-24.95,"[{'Canonical-syllable': '0', 'Growl': '0', 'High-freq-energy': '0', 'Long-island': '1', 'Low-tilt-spectrum': '1', 'Medium-island': '0', 'Short-island': '0', 'Squeal': '0', 'Typical-entropy': '1', 'Voicing-quality': '1', 'Wide-band': '0', 'Xlong-island': '0', 'seq': '1', 'end': 37896.17, 'start': 37895.51}]",0,0,[],[]
37896170,37897200,MAL,MAN,4.86,1179,CIC,RC,1,TIMR,FI,0.0,0,-28.77,-18.62,[],0,0,[],[]
37897200,37897880,CHI,CHN,0.0,1179,CIC,RC,1,TIMI,FI,1.0,680,-22.4,-14.74,"[{'Canonical-syllable': '0', 'Growl': '0', 'High-freq-energy': '2', 'Long-island': '0', 'Low-tilt-spectrum': '2', 'Medium-island': '1', 'Short-island': '0', 'Squeal': '1', 'Typical-entropy': '2', 'Voicing-quality': '1', 'Wide-band': '0', 'Xlong-island': '0', 'seq': '1', 'end': 37897.88, 'start': 37897.2}]",0,0,[],[]
37897880,37899590,MAL,MAN,4.98,1179,CIC,RC,2,TIMR,FI,0.0,0,-28.11,-17.96,[],0,0,[],[]
37899590,37900390,OCH,CXN,0.0,1179,CIC,RC,2,NT,FI,0.0,0,-34.85,-26.09,[],0,0,[],[]
37900390,37901930,FEM,FAN,8.36,1179,CIC,RC,2,NT,FI,0.0,0,-27.93,-20.7,[],0,0,[],[]
37901930,37902740,NA,OLN,0.0,1179,CIC,NA,NA,NA,NA,0.0,0,-24.97,-17.84,[],0,0,[],[]
37902740,37905200,FEM,FAN,10.18,1179,CIC,RC,2,NT,FH,0.0,0,-27.33,-20.84,[],0,0,[],[]
37905200,37906010,NA,OLN,0.0,1179,CIC,NA,NA,NA,NA,0.0,0,-31.99,-23.48,[],0,0,[],[]
37906010,37907350,FEM,FAN,6.77,1179,CIC,RC,2,NT,FH,0.0,0,-32.85,-25.87,[],0,0,[],[]
37907350,37908700,NA,SIL,0.0,1179,CIC,NA,NA,NA,NA,0.0,0,-47.85,-43.67,[],0,0,[],[]
37908700,37909510,NA,OLN,0.0,1179,CIC,NA,NA,NA,NA,0.0,0,-23.84,-11.44,[],0,0,[],[]
37909510,37910740,FEM,FAN,4.2,1179,CIC,RC,2,NT,FH,0.0,0,-28.45,-14.37,[],0,0,[],[]
37910740,37911590,NA,NOF,0.0,1179,CIC,NA,NA,NA,NA,0.0,0,-39.63,-32.12,[],0,0,[],[]
37911590,37914200,FEM,FAN,10.34,1179,CIC,RC,2,NT,FH,0.0,0,-30.35,-20.33,[],0,0,[],[]
37914200,37915390,NA,OLN,0.0,1179,CIC,NA,NA,NA,NA,0.0,0,-29.97,-24.65,[],0,0,[],[]
37915390,37916720,NA,MAF,0.0,1179,CIC,NA,NA,NA,NA,0.0,0,-41.15,-33.18,[],0,0,[],[]
37916720,37917860,NA,OLF,0.0,1179,CIC,NA,NA,NA,NA,0.0,0,-44.83,-39.58,[],0,0,[],[]
37917860,37918900,OCH,CXN,0.0,1179,CIC,RC,2,NT,FI,0.0,0,-29.87,-22.46,[],0,0,[],[]
37918900,37919910,NA,TVF,0.0,1179,CIC,NA,NA,NA,NA,0.0,0,-40.86,-34.69,[],0,0,[],[]
37919910,37920910,FEM,FAN,4.17,1179,CIC,RC,2,TIFI,FI,0.0,0,-30.33,-17.9,[],0,0,[],[]
37920910,37921710,NA,OLN,0.0,1179,CIC,NA,NA,NA,NA,0.0,0,-29.2,-18.2,[],0,0,[],[]
37921710,37922520,NA,NOF,0.0,1179,CIC,NA,NA,NA,NA,0.0,0,-42.94,-33.74,[],0,0,[],[]
37922520,37923400,CHI,CHN,0.0,1179,CIC,RC,3,TIFR,FI,2.0,300,-32.59,-21.82,"[{'Canonical-syllable': '0', 'Growl': '1', 'High-freq-energy': '0', 'Long-island': '0', 'Low-tilt-spectrum': '1', 'Medium-island': '0', 'Short-island': '0', 'Squeal': '0', 'Typical-entropy': '1', 'Voicing-quality': '1', 'Wide-band': '0', 'Xlong-island': '0', 'seq': '1', 'end': 37922.63, 'start': 37922.52}, {'Canonical-syllable': '1', 'Growl': '0', 'High-freq-energy': '0', 'Long-island': '0', 'Low-tilt-spectrum': '0', 'Medium-island': '0', 'Short-island': '1', 'Squeal': '0', 'Typical-entropy': '0', 'Voicing-quality': '1', 'Wide-band': '0', 'Xlong-island': '0', 'seq': '2', 'end': 37923.4, 'start': 37923.21}]",0,0,[],[]
37923400,37924450,FEM,FAN,1.36,1179,CIC,EC,3,TIFE,FI,0.0,0,-33.37,-22.43,[],0,0,[],[]
37924450,37926860,NA,OLN,0.0,1180,pause,NA,NA,NA,NA,0.0,0,-34.53,-17.19,[],0,0,[],[]
37926860,37927670,NA,NOF,0.0,1180,pause,NA,NA,NA,NA,0.0,0,-40.46,-29.61,[],0,0,[],[]
37927670,37929240,NA,OLF,0.0,1180,pause,NA,NA,NA,NA,0.0,0,-30.47,-16.54,[],0,0,[],[]
37929240,37930090,NA,NON,0.0,1180,pause,NA,NA,NA,NA,0.0,0,-23.21,-7.97,[],0,0,[],[]
37930090,37931230,NA,OLF,0.0,1180,pause,NA,NA,NA,NA,0.0,0,-19.63,-3.02,[],0,0,[],[]
37931230,37932140,NA,NOF,0.0,1180,pause,NA,NA,NA,NA,0.0,0,-29.42,-17.77,[],0,0,[],[]
37932140,37933250,NA,OLF,0.0,1180,pause,NA,NA,NA,NA,0.0,0,-24.64,-14.6,[],0,0,[],[]
37933250,37934830,NA,NOF,0.0,1180,pause,NA,NA,NA,NA,0.0,0,-41.88,-29.75,[],0,0,[],[]
37934830,37938300,NA,OLN,0.0,1180,pause,NA,NA,NA,NA,0.0,0,-37.04,-29.19,[],0,0,[],[]
37938300,37939100,NA,NOF,0.0,1180,pause,NA,NA,NA,NA,0.0,0,-43.9,-39.29,[],0,0,[],[]
37939100,37940170,NA,MAF,0.0,1180,pause,NA,NA,NA,NA,0.0,0,-39.28,-33.05,[],0,0,[],[]
37940170,37942900,NA,NOF,0.0,1180,pause,NA,NA,NA,NA,0.0,0,-43.17,-34.93,[],0,0,[],[]
37942900,37943740,NA,OLN,0.0,1180,pause,NA,NA,NA,NA,0.0,0,-28.94,-16.14,[],0,0,[],[]
37943740,37944580,NA,CXF,0.0,1180,pause,NA,NA,NA,NA,0.0,0,-40.38,-35.01,[],0,0,[],[]
37944580,37946100,NA,FAF,0.0,1180,pause,NA,NA,NA,NA,0.0,0,-39.53,-29.92,[],0,0,[],[]
37946100,37947370,NA,NOF,0.0,1180,pause,NA,NA,NA,NA,0.0,0,-40.48,-26.18,[],0,0,[],[]
37947370,37948580,NA,OLN,0.0,1180,pause,NA,NA,NA,NA,0.0,0,-33.17,-25.35,[],0,0,[],[]
37948580,37950960,FEM,FAN,8.51,1180,AIOCCXF,BC,0,NT,FI,0.0,0,-37.56,-30.04,[],0,0,[],[]
37950960,37951850,NA,NOF,0.0,1180,AIOCCXF,NA,NA,NA,NA,0.0,0,-22.43,-8.12,[],0,0,[],[]
37951850,37953630,FEM,FAN,7.4,1180,AIOCCXF,RC,0,NT,FH,0.0,0,-37.3,-25.6,[],0,0,[],[]
37953630,37954490,NA,OLF,0.0,1180,AIOCCXF,NA,NA,NA,NA,0.0,0,-15.29,-5.08,[],0,0,[],[]
37954490,37955490,NA,FAF,0.0,1180,AIOCCXF,NA,NA,NA,NA,0.0,0,-39.62,-25.48,[],0,0,[],[]
37955490,37956340,NA,NOF,0.0,1180,AIOCCXF,NA,NA,NA,NA,0.0,0,-29.61,-11.95,[],0,0,[],[]
37956340,37957660,FEM,FAN,7.25,1180,AIOCCXF,RC,0,NT,FH,0.0,0,-34.66,-28.98,[],0,0,[],[]
37957660,37958480,FEM,FAN,2.05,1180,AIOCCXF,RC,0,NT,FH,0.0,0,-34.81,-28.45,[],0,0,[],[]
37958480,37959780,NA,OLN,0.0,1180,AIOCCXF,NA,NA,NA,NA,0.0,0,-22.06,-14.34,[],0,0,[],[]
37959780,37960410,OCH,CXN,0.0,1180,AIOCCXF,RC,0,NT,FI,0.0,0,-30.06,-25.4,[],0,0,[],[]
37960410,37962080,NA,OLF,0.0,1180,AIOCCXF,NA,NA,NA,NA,0.0,0,-24.16,-12.98,[],0,0,[],[]
37962080,37963240,CHI,CHN,0.0,1180,AIOCCXF,RC,0,NT,FI,2.0,470,-24.85,-14.81,"[{'Canonical-syllable': '0', 'Growl': '0', 'High-freq-energy': '0', 'Long-island': '0', 'Low-tilt-spectrum': '1', 'Medium-island': '0', 'Short-island': '1', 'Squeal': '0', 'Typical-entropy': '1', 'Voicing-quality': '1', 'Wide-band': '0', 'Xlong-island': '0', 'seq': '1', 'end': 37962.29, 'start': 37962.08}, {'Canonical-syllable': '0', 'Growl': '0', 'High-freq-energy': '0', 'Long-island': '0', 'Low-tilt-spectrum': '1', 'Medium-island': '0', 'Short-island': '1', 'Squeal': '0', 'Typical-entropy': '1', 'Voicing-quality': '1', 'Wide-band': '0', 'Xlong-island': '0', 'seq': '2', 'end': 37963.24, 'start': 37962.98}]",0,0,[],[]
37963240,37964630,NA,NOF,0.0,1180,AIOCCXF,NA,NA,NA,NA,0.0,0,-33.21,-18.38,[],0,0,[],[]
37964630,37966420,CHI,CHN,0.0,1180,AIOCCXF,RC,0,NT,FH,2.0,920,-28.15,-19.09,"[{'Canonical-syllable': '0', 'Growl': '0', 'High-freq-energy': '0', 'Long-island': '0', 'Low-tilt-spectrum': '1', 'Medium-island': '1', 'Short-island': '0', 'Squeal': '0', 'Typical-entropy': '1', 'Voicing-quality': '1', 'Wide-band': '0', 'Xlong-island': '0', 'seq': '1', 'end': 37964.93, 'start': 37964.63}, {'Canonical-syllable': '0', 'Growl': '2', 'High-freq-energy': '2', 'Long-island': '0', 'Low-tilt-spectrum': '3', 'Medium-island': '0', 'Short-island': '2', 'Squeal': '0', 'Typical-entropy': '3', 'Voicing-quality': '2', 'Wide-band': '0', 'Xlong-island': '0', 'seq': '2', 'end': 37966.31, 'start': 37965.69}]",0,0,[],[]
37966420,37967270,NA,NOF,0.0,1180,AIOCCXF,NA,NA,NA,NA,0.0,0,-38.54,-27.27,[],0,0,[],[]
37967270,37967870,CHI,CHN,0.0,1180,AIOCCXF,EC,0,NT,FH,1.0,180,-25.1,-16.26,"[{'Canonical-syllable': '0', 'Growl': '0', 'High-freq-energy': '1', 'Long-island': '0', 'Low-tilt-spectrum': '1', 'Medium-island': '0', 'Short-island': '1', 'Squeal': '0', 'Typical-entropy': '1', 'Voicing-quality': '1', 'Wide-band': '0', 'Xlong-island': '0', 'seq': '1', 'end': 37967.87, 'start': 37967.69}]",0,0,[],[]
37967870,37968690,NA,NOF,0.0,1181,pause,NA,NA,NA,NA,0.0,0,-19.2,-5.04,[],0,0,[],[]
37968690,37969490,NA,OLN,0.0,1181,pause,NA,NA,NA,NA,0.0,0,-23.31,-14.26,[],0,0,[],[]
37969490,37970540,NA,MAF,0.0,1181,pause,NA,NA,NA,NA,0.0,0,-39.68,-31.82,[],0,0,[],[]
37970540,37971540,NA,TVF,0.0,1181,pause,NA,NA,NA,NA,0.0,0,-43.5,-37.92,[],0,0,[],[]
37971540,37972340,NA,NOF,0.0,1181,pause,NA,NA,NA,NA,0.0,0,-39.29,-27.89,[],0,0,[],[]
37972340,37973040,CHI,CHN,0.0,1181,pause,NA,NA,NA,NA,0.0,0,-11.25,-3.44,[],0,570,"[{'start': 37972.34, 'end': 37972.91}]",[]
37973040,37974390,NA,SIL,0.0,1181,pause,NA,NA,NA,NA,0.0,0,-38.31,-36.48,[],0,0,[],[]
37974390,37976240,NA,NOF,0.0,1181,pause,NA,NA,NA,NA,0.0,0,-37.04,-30.4,[],0,0,[],[]
37976240,37978290,CHI,CHN,0.0,1181,CM,BC,0,NT,FI,1.0,1970,-14.57,-5.22,"[{'Canonical-syllable': '0', 'Growl': '0', 'High-freq-energy': '0', 'Long-island': '0', 'Low-tilt-spectrum': '1', 'Medium-island': '0', 'Short-island': '0', 'Squeal': '0', 'Typical-entropy': '1', 'Voicing-quality': '1', 'Wide-band': '0', 'Xlong-island': '1', 'seq': '1', 'end': 37978.21, 'start': 37976.24}]",0,0,[],[]
37978290,37979300,CHI,CHN,0.0,1181,CM,RC,0,NT,FH,1.0,440,-32.24,-23.58,"[{'Canonical-syllable': '1', 'Growl': '0', 'High-freq-energy': '0', 'Long-island': '0', 'Low-tilt-spectrum': '0', 'Medium-island': '1', 'Short-island': '0', 'Squeal': '0', 'Typical-entropy': '1', 'Voicing-quality': '1', 'Wide-band': '0', 'Xlong-island': '0', 'seq': '1', 'end': 37979.3, 'start': 37978.86}]",0,0,[],[]
37979300,37980380,NA,NOF,0.0,1181,CM,NA,NA,NA,NA,0.0,0,-33.64,-17.89,[],0,0,[],[]
37980380,37982190,CHI,CHN,0.0,1181,CM,EC,0,NT,FH,1.0,1330,-24.33,-17.5,"[{'Canonical-syllable': '0', 'Growl': '1', 'High-freq-energy': '1', 'Long-island': '1', 'Low-tilt-spectrum': '1', 'Medium-island': '0', 'Short-island': '1', 'Squeal': '0', 'Typical-entropy': '2', 'Voicing-quality': '2', 'Wide-band': '0', 'Xlong-island': '0', 'seq': '1', 'end': 37981.71, 'start': 37980.46}]",0,0,[],[]
37982190,37983550,NA,SIL,0.0,1182,pause,NA,NA,NA,NA,0.0,0,-43.95,-40.14,[],0,0,[],[]
37983550,37984720,CHI,CHN,0.0,1182,pause,NA,NA,NA,NA,0.0,0,-22.71,-19.99,[],0,1090,"[{'start': 37983.55, 'end': 37984.64}]",[]
37984720,37986240,NA,SIL,0.0,1182,pause,NA,NA,NA,NA,0.0,0,-46.35,-43.34,[],0,0,[],[]
37986240,37987480,NA,NOF,0.0,1182,pause,NA,NA,NA,NA,0.0,0,-19.26,-2.57,[],0,0,[],[]
37987480,37988330,NA,OLF,0.0,1182,pause,NA,NA,NA,NA,0.0,0,-30.56,-19.08,[],0,0,[],[]
37988330,37989510,NA,NOF,0.0,1182,pause,NA,NA,NA,NA,0.0,0,-27.51,-15.17,[],0,0,[],[]
37989510,37990320,NA,OLF,0.0,1182,pause,NA,NA,NA,NA,0.0,0,-29.59,-17.49,[],0,0,[],[]
37990320,37990920,CHI,CHN,0.0,1182,CIC,BC,0,NT,FI,1.0,520,-27.95,-19.29,"[{'Canonical-syllable': '1', 'Growl': '0', 'High-freq-energy': '0', 'Long-island': '0', 'Low-tilt-spectrum': '1', 'Medium-island': '1', 'Short-island': '0', 'Squeal': '0', 'Typical-entropy': '1', 'Voicing-quality': '1', 'Wide-band': '0', 'Xlong-island': '0', 'seq': '1', 'end': 37990.84, 'start': 37990.32}]",0,0,[],[]
37990920,37991870,NA,NOF,0.0,1182,CIC,NA,NA,NA,NA,0.0,0,-35.16,-21.75,[],0,0,[],[]
37991870,37992670,NA,OLF,0.0,1182,CIC,NA,NA,NA,NA,0.0,0,-33.98,-24.12,[],0,0,[],[]
37992670,37993470,NA,SIL,0.0,1182,CIC,NA,NA,NA,NA,0.0,0,-46.3,-39.08,[],0,0,[],[]
37993470,37994070,CHI,CHN,0.0,1182,CIC,RC,0,NT,FH,1.0,600,-30.91,-23.43,"[{'Canonical-syllable': '1', 'Growl': '1', 'High-freq-energy': '0', 'Long-island': '0', 'Low-tilt-spectrum': '2', 'Medium-island': '0', 'Short-island': '1', 'Squeal': '0', 'Typical-entropy': '1', 'Voicing-quality': '1', 'Wide-band': '0', 'Xlong-island': '0', 'seq': '1', 'end': 37994.07, 'start': 37993.47}]",0,0,[],[]
37994070,37995740,NA,NOF,0.0,1182,CIC,NA,NA,NA,NA,0.0,0,-39.62,-28.4,[],0,0,[],[]
37995740,37996770,NA,SIL,0.0,1182,CIC,NA,NA,NA,NA,0.0,0,-47.7,-41.31,[],0,0,[],[]
37996770,37997660,CHI,CHN,0.0,1182,CIC,NA,NA,NA,NA,0.0,0,-19.16,-13.05,[],0,600,"[{'start': 37997.06, 'end': 37997.66}]",[]
37997660,37999000,CHI,CHN,0.0,1182,CIC,RC,0,NT,FH,3.0,1020,-18.0,-8.02,"[{'Canonical-syllable': '1', 'Growl': '0', 'High-freq-energy': '0', 'Long-island': '0', 'Low-tilt-spectrum': '0', 'Medium-island': '0', 'Short-island': '1', 'Squeal': '0', 'Typical-entropy': '0', 'Voicing-quality': '2', 'Wide-band': '0', 'Xlong-island': '0', 'seq': '1', 'end': 37998.05, 'start': 37997.66}, {'Canonical-syllable': '0', 'Growl': '0', 'High-freq-energy': '0', 'Long-island': '0', 'Low-tilt-spectrum': '1', 'Medium-island': '0', 'Short-island': '1', 'Squeal': '0', 'Typical-entropy': '1', 'Voicing-quality': '1', 'Wide-band': '0', 'Xlong-island': '0', 'seq': '2', 'end': 37998.58, 'start': 37998.37}, {'Canonical-syllable': '0', 'Growl': '0', 'High-freq-energy': '0', 'Long-island': '0', 'Low-tilt-spectrum': '0', 'Medium-island': '0', 'Short-island': '0', 'Squeal': '0', 'Typical-entropy': '0', 'Voicing-quality': '1', 'Wide-band': '0', 'Xlong-island': '0', 'seq': '3', 'end': 37999.0, 'start': 37998.88}]",0,0,[],[]
37999000,38000870,CHI,CHN,0.0,1182,CIC,RC,0,NT,FH,2.0,1550,-17.34,-10.23,"[{'Canonical-syllable': '1', 'Growl': '0', 'High-freq-energy': '0', 'Long-island': '0', 'Low-tilt-spectrum': '0', 'Medium-island': '0', 'Short-island': '2', 'Squeal': '0', 'Typical-entropy': '2', 'Voicing-quality': '2', 'Wide-band': '0', 'Xlong-island': '0', 'seq': '1', 'end': 37999.49, 'start': 37999.0}, {'Canonical-syllable': '0', 'Growl': '0', 'High-freq-energy': '0', 'Long-island': '1', 'Low-tilt-spectrum': '0', 'Medium-island': '0', 'Short-island': '1', 'Squeal': '0', 'Typical-entropy': '1', 'Voicing-quality': '2', 'Wide-band': '0', 'Xlong-island': '0', 'seq': '2', 'end': 38000.87, 'start': 37999.81}]",0,0,[],[]
38000870,38003690,NA,NOF,0.0,1182,CIC,NA,NA,NA,NA,0.0,0,-43.47,-29.68,[],0,0,[],[]
38003690,38004660,CHI,CHN,0.0,1182,CIC,RC,0,TIFI,FH,1.0,970,-19.39,-11.75,"[{'Canonical-syllable': '1', 'Growl': '0', 'High-freq-energy': '0', 'Long-island': '0', 'Low-tilt-spectrum': '2', 'Medium-island': '1', 'Short-island': '2', 'Squeal': '0', 'Typical-entropy': '2', 'Voicing-quality': '3', 'Wide-band': '0', 'Xlong-island': '0', 'seq': '1', 'end': 38004.66, 'start': 38003.69}]",0,0,[],[]
38004660,38005460,NA,OLF,0.0,1182,CIC,NA,NA,NA,NA,0.0,0,-33.02,-20.66,[],0,0,[],[]
38005460,38006460,FEM,FAN,5.11,1182,CIC,RC,1,TIFR,FI,0.0,0,-34.28,-26.82,[],0,0,[],[]
38006460,38009280,NA,SIL,0.0,1182,CIC,NA,NA,NA,NA,0.0,0,-47.96,-42.84,[],0,0,[],[]
38009280,38011040,FEM,FAN,4.46,1182,CIC,RC,1,NT,FH,0.0,0,-19.94,-7.48,[],0,0,[],[]
38011040,38011960,NA,OLN,0.0,1182,CIC,NA,NA,NA,NA,0.0,0,-19.79,-9.38,[],0,0,[],[]
38011960,38012760,NA,SIL,0.0,1182,CIC,NA,NA,NA,NA,0.0,0,-46.46,-41.68,[],0,0,[],[]
38012760,38013770,NA,NOF,0.0,1182,CIC,NA,NA,NA,NA,0.0,0,-45.76,-37.41,[],0,0,[],[]
38013770,38014800,FEM,FAN,5.72,1182,CIC,RC,1,NT,FH,0.0,0,-36.23,-26.62,[],0,0,[],[]
38014800,38016500,NA,NOF,0.0,1182,CIC,NA,NA,NA,NA,0.0,0,-46.52,-42.38,[],0,0,[],[]
38016500,38017180,CHI,CHN,0.0,1182,CIC,RC,1,TIFE,FI,1.0,680,-20.61,-8.39,"[{'Canonical-syllable': '0', 'Growl': '0', 'High-freq-energy': '0', 'Long-island': '0', 'Low-tilt-spectrum': '1', 'Medium-island': '0', 'Short-island': '1', 'Squeal': '0', 'Typical-entropy': '2', 'Voicing-quality': '1', 'Wide-band': '0', 'Xlong-island': '0', 'seq': '1', 'end': 38017.18, 'start': 38016.71}]",0,0,[],[]
38017180,38017980,NA,SIL,0.0,1182,CIC,NA,NA,NA,NA,0.0,0,-46.94,-38.86,[],0,0,[],[]
38017980,38018780,NA,CXF,0.0,1182,CIC,NA,NA,NA,NA,0.0,0,-40.74,-31.6,[],0,0,[],[]
38018780,38019590,NA,SIL,0.0,1182,CIC,NA,NA,NA,NA,0.0,0,-48.81,-45.18,[],0,0,[],[]
38019590,38020590,CHI,CHN,0.0,1182,CIC,EC,1,NT,FH,1.0,680,-22.38,-14.98,"[{'Canonical-syllable': '1', 'Growl': '0', 'High-freq-energy': '0', 'Long-island': '0', 'Low-tilt-spectrum': '0', 'Medium-island': '1', 'Short-island': '1', 'Squeal': '0', 'Typical-entropy': '1', 'Voicing-quality': '2', 'Wide-band': '0', 'Xlong-island': '0', 'seq': '1', 'end': 38020.27, 'start': 38019.59}]",0,0,[],[]
38020590,38022420,NA,SIL,0.0,1183,pause,NA,NA,NA,NA,0.0,0,-46.1,-36.39,[],0,0,[],[]
38022420,38024820,NA,NOF,0.0,1183,pause,NA,NA,NA,NA,0.0,0,-41.95,-24.8,[],0,0,[],[]
38024820,38026210,NA,OLF,0.0,1183,pause,NA,NA,NA,NA,0.0,0,-30.32,-13.74,[],0,0,[],[]
38026210,38029870,NA,NOF,0.0,1183,pause,NA,NA,NA,NA,0.0,0,-40.2,-22.42,[],0,0,[],[]
38029870,38031180,CHI,CHN,0.0,1183,CM,BC,0,NT,FI,2.0,880,-27.38,-19.21,"[{'Canonical-syllable': '1', 'Growl': '0', 'High-freq-energy': '0', 'Long-island': '0', 'Low-tilt-spectrum': '0', 'Medium-island': '0', 'Short-island': '2', 'Squeal': '0', 'Typical-entropy': '0', 'Voicing-quality': '2', 'Wide-band': '0', 'Xlong-island': '0', 'seq': '1', 'end': 38030.58, 'start': 38029.87}, {'Canonical-syllable': '0', 'Growl': '0', 'High-freq-energy': '0', 'Long-island': '0', 'Low-tilt-spectrum': '0', 'Medium-island': '0', 'Short-island': '1', 'Squeal': '0', 'Typical-entropy': '0', 'Voicing-quality': '1', 'Wide-band': '0', 'Xlong-island': '0', 'seq': '2', 'end': 38031.18, 'start': 38031.01}]",0,0,[],[]
38031180,38031980,NA,NOF,0.0,1183,CM,NA,NA,NA,NA,0.0,0,-43.33,-32.23,[],0,0,[],[]
38031980,38032580,CHI,CHN,0.0,1183,CM,EC,0,NT,FH,1.0,600,-26.84,-22.57,"[{'Canonical-syllable': '0', 'Growl': '0', 'High-freq-energy': '0', 'Long-island': '0', 'Low-tilt-spectrum': '0', 'Medium-island': '1', 'Short-island': '0', 'Squeal': '0', 'Typical-entropy': '0', 'Voicing-quality': '1', 'Wide-band': '0', 'Xlong-island': '0', 'seq': '1', 'end': 38032.58, 'start': 38031.98}]",0,0,[],[]
38032580,38036860,NA,NOF,0.0,1184,pause,NA,NA,NA,NA,0.0,0,-34.28,-14.65,[],0,0,[],[]
38036860,38038030,NA,SIL,0.0,1184,pause,NA,NA,NA,NA,0.0,0,-45.39,-40.47,[],0,0,[],[]
38038030,38039320,NA,MAF,0.0,1184,pause,NA,NA,NA,NA,0.0,0,-43.55,-33.17,[],0,0,[],[]
38039320,38041220,NA,NOF,0.0,1184,pause,NA,NA,NA,NA,0.0,0,-37.65,-23.45,[],0,0,[],[]
38041220,38042150,NA,SIL,0.0,1184,pause,NA,NA,NA,NA,0.0,0,-46.53,-43.51,[],0,0,[],[]
38042150,38042750,CHI,CHN,0.0,1184,CIC,BC,0,NT,FI,1.0,360,-31.27,-24.59,"[{'Canonical-syllable': '1', 'Growl': '0', 'High-freq-energy': '0', 'Long-island': '0', 'Low-tilt-spectrum': '1', 'Medium-island': '1', 'Short-island': '0', 'Squeal': '0', 'Typical-entropy': '1', 'Voicing-quality': '1', 'Wide-band': '0', 'Xlong-island': '0', 'seq': '1', 'end': 38042.51, 'start': 38042.15}]",0,0,[],[]
38042750,38043910,NA,OLN,0.0,1184,CIC,NA,NA,NA,NA,0.0,0,-33.94,-25.32,[],0,0,[],[]
38043910,38044510,CHI,CHN,0.0,1184,CIC,RC,0,NT,FH,1.0,600,-27.01,-23.03,"[{'Canonical-syllable': '1', 'Growl': '1', 'High-freq-energy': '0', 'Long-island': '0', 'Low-tilt-spectrum': '0', 'Medium-island': '1', 'Short-island': '0', 'Squeal': '0', 'Typical-entropy': '1', 'Voicing-quality': '2', 'Wide-band': '0', 'Xlong-island': '0', 'seq': '1', 'end': 38044.51, 'start': 38043.91}]",0,0,[],[]
38044510,38045320,NA,NOF,0.0,1184,CIC,NA,NA,NA,NA,0.0,0,-40.39,-33.3,[],0,0,[],[]
38045320,38045920,CHI,CHN,0.0,1184,CIC,RC,0,NT,FH,1.0,300,-19.56,-11.08,"[{'Canonical-syllable': '1', 'Growl': '0', 'High-freq-energy': '0', 'Long-island': '0', 'Low-tilt-spectrum': '1', 'Medium-island': '0', 'Short-island': '1', 'Squeal': '0', 'Typical-entropy': '1', 'Voicing-quality': '1', 'Wide-band': '0', 'Xlong-island': '0', 'seq': '1', 'end': 38045.62, 'start': 38045.4}]",0,0,[],[]
38045920,38047270,NA,NOF,0.0,1184,CIC,NA,NA,NA,NA,0.0,0,-47.34,-41.53,[],0,0,[],[]
38047270,38048360,CHI,CHN,0.0,1184,CIC,RC,0,TIFI,FH,1.0,1090,-21.22,-10.44,"[{'Canonical-syllable': '2', 'Growl': '0', 'High-freq-energy': '0', 'Long-island': '0', 'Low-tilt-spectrum': '1', 'Medium-island': '1', 'Short-island': '2', 'Squeal': '0', 'Typical-entropy': '1', 'Voicing-quality': '3', 'Wide-band': '0', 'Xlong-island': '0', 'seq': '1', 'end': 38048.36, 'start': 38047.27}]",0,0,[],[]
38048360,38049550,FEM,FAN,5.15,1184,CIC,RC,1,TIFR,FI,0.0,0,-30.72,-19.7,[],0,0,[],[]
38049550,38050210,FEM,FAN,0.66,1184,CIC,EC,1,NT,FH,0.0,0,-30.7,-26.26,[],0,0,[],[]
38050210,38051880,NA,SIL,0.0,1185,pause,NA,NA,NA,NA,0.0,0,-45.93,-39.09,[],0,0,[],[]
38051880,38053590,NA,MAF,0.0,1185,pause,NA,NA,NA,NA,0.0,0,-39.06,-32.89,[],0,0,[],[]
38053590,38054390,NA,CXF,0.0,1185,pause,NA,NA,NA,NA,0.0,0,-44.66,-36.59,[],0,0,[],[]
38054390,38055790,NA,MAF,0.0,1185,pause,NA,NA,NA,NA,0.0,0,-43.03,-38.97,[],0,0,[],[]
38055790,38057780,NA,NOF,0.0,1185,pause,NA,NA,NA,NA,0.0,0,-39.97,-30.44,[],0,0,[],[]
38057780,38059000,OCH,CXN,0.0,1185,XIC,BC,0,NT,FI,0.0,0,-30.35,-24.33,[],0,0,[],[]
38059000,38059800,NA,OLF,0.0,1185,XIC,NA,NA,NA,NA,0.0,0,-32.8,-22.95,[],0,0,[],[]
38059800,38061150,NA,NOF,0.0,1185,XIC,NA,NA,NA,NA,0.0,0,-39.68,-21.02,[],0,0,[],[]
38061150,38061750,CHI,CHN,0.0,1185,XIC,RC,0,TIFI,FI,1.0,600,-31.83,-27.47,"[{'Canonical-syllable': '0', 'Growl': '0', 'High-freq-energy': '0', 'Long-island': '0', 'Low-tilt-spectrum': '1', 'Medium-island': '1', 'Short-island': '0', 'Squeal': '0', 'Typical-entropy': '1', 'Voicing-quality': '1', 'Wide-band': '0', 'Xlong-island': '0', 'seq': '1', 'end': 38061.75, 'start': 38061.15}]",0,0,[],[]
38061750,38062860,FEM,FAN,4.62,1185,XIC,EC,1,TIFR,FI,0.0,0,-28.91,-19.27,[],0,0,[],[]
38062860,38066390,NA,NOF,0.0,1186,pause,NA,NA,NA,NA,0.0,0,-41.96,-26.84,[],0,0,[],[]
38066390,38067230,NA,SIL,0.0,1186,pause,NA,NA,NA,NA,0.0,0,-45.07,-36.94,[],0,0,[],[]
38067230,38069400,NA,NOF,0.0,1186,pause,NA,NA,NA,NA,0.0,0,-40.57,-21.06,[],0,0,[],[]
38069400,38070400,CHI,CHN,0.0,1186,CM,EC,0,NT,FI,1.0,620,-25.48,-13.12,"[{'Canonical-syllable': '0', 'Growl': '0', 'High-freq-energy': '0', 'Long-island': '0', 'Low-tilt-spectrum': '0', 'Medium-island': '0', 'Short-island': '2', 'Squeal': '0', 'Typical-entropy': '2', 'Voicing-quality': '2', 'Wide-band': '0', 'Xlong-island': '0', 'seq': '1', 'end': 38070.02, 'start': 38069.52}]",0,0,[],[]
38070400,38071570,NA,NOF,0.0,1187,pause,NA,NA,NA,NA,0.0,0,-41.05,-25.59,[],0,0,[],[]
38071570,38072980,NA,SIL,0.0,1187,pause,NA,NA,NA,NA,0.0,0,-48.26,-42.0,[],0,0,[],[]
38072980,38074340,NA,NOF,0.0,1187,pause,NA,NA,NA,NA,0.0,0,-27.55,-8.39,[],0,0,[],[]
38074340,38076640,NA,SIL,0.0,1187,pause,NA,NA,NA,NA,0.0,0,-45.69,-29.35,[],0,0,[],[]
38076640,38077440,NA,NOF,0.0,1187,pause,NA,NA,NA,NA,0.0,0,-32.14,-15.27,[],0,0,[],[]
38077440,38078270,NA,SIL,0.0,1187,pause,NA,NA,NA,NA,0.0,0,-43.64,-29.98,[],0,0,[],[]
38078270,38079530,NA,NOF,0.0,1187,pause,NA,NA,NA,NA,0.0,0,-42.71,-33.88,[],0,0,[],[]
38079530,38080830,FEM,FAN,4.08,1187,AICF,BC,0,TIFI,FI,0.0,0,-19.82,-9.48,[],0,0,[],[]
38080830,38082390,CHI,CHN,0.0,1187,AICF,RC,1,TIFR,FI,2.0,1200,-17.18,-9.82,"[{'Canonical-syllable': '0', 'Growl': '0', 'High-freq-energy': '0', 'Long-island': '0', 'Low-tilt-spectrum': '0', 'Medium-island': '2', 'Short-island': '0', 'Squeal': '0', 'Typical-entropy': '2', 'Voicing-quality': '2', 'Wide-band': '0', 'Xlong-island': '0', 'seq': '1', 'end': 38081.89, 'start': 38081.1}, {'Canonical-syllable': '0', 'Growl': '0', 'High-freq-energy': '0', 'Long-island': '0', 'Low-tilt-spectrum': '1', 'Medium-island': '0', 'Short-island': '0', 'Squeal': '0', 'Typical-entropy': '1', 'Voicing-quality': '1', 'Wide-band': '0', 'Xlong-island': '0', 'seq': '2', 'end': 38082.39, 'start': 38082.25}]",0,0,[],[]
38082390,38083420,CHI,CHN,0.0,1187,AICF,RC,1,NT,FH,1.0,630,-22.03,-12.21,"[{'Canonical-syllable': '0', 'Growl': '0', 'High-freq-energy': '0', 'Long-island': '0', 'Low-tilt-spectrum': '0', 'Medium-island': '1', 'Short-island': '1', 'Squeal': '0', 'Typical-entropy': '0', 'Voicing-quality': '2', 'Wide-band': '0', 'Xlong-island': '0', 'seq': '1', 'end': 38083.02, 'start': 38082.39}]",0,0,[],[]
38083420,38084230,OCH,CXN,0.0,1187,AICF,EC,1,NT,FI,0.0,0,-27.57,-18.96,[],0,0,[],[]
38084230,38085030,NA,NOF,0.0,1188,pause,NA,NA,NA,NA,0.0,0,-30.05,-17.31,[],0,0,[],[]
38085030,38085830,NA,SIL,0.0,1188,pause,NA,NA,NA,NA,0.0,0,-45.35,-35.97,[],0,0,[],[]
38085830,38087090,NA,OLF,0.0,1188,pause,NA,NA,NA,NA,0.0,0,-30.83,-12.55,[],0,0,[],[]
38087090,38088530,NA,SIL,0.0,1188,pause,NA,NA,NA,NA,0.0,0,-39.54,-22.0,[],0,0,[],[]
38088530,38089540,NA,MAF,0.0,1188,pause,NA,NA,NA,NA,0.0,0,-21.53,-5.7,[],0,0,[],[]
38089540,38090540,NA,FAF,0.0,1188,pause,NA,NA,NA,NA,0.0,0,-26.01,-7.8,[],0,0,[],[]
38090540,38091990,NA,SIL,0.0,1188,pause,NA,NA,NA,NA,0.0,0,-43.01,-31.21,[],0,0,[],[]
38091990,38093550,NA,FAF,0.0,1188,pause,NA,NA,NA,NA,0.0,0,-40.69,-27.13,[],0,0,[],[]
38093550,38094180,CHI,CHN,0.0,1188,CIOCX,BC,0,NT,FI,1.0,630,-17.24,-9.84,"[{'Canonical-syllable': '0', 'Growl': '0', 'High-freq-energy': '0', 'Long-island': '0', 'Low-tilt-spectrum': '0', 'Medium-island': '1', 'Short-island': '1', 'Squeal': '0', 'Typical-entropy': '1', 'Voicing-quality': '2', 'Wide-band': '0', 'Xlong-island': '0', 'seq': '1', 'end': 38094.18, 'start': 38093.55}]",0,0,[],[]
38094180,38095180,CHI,CHN,0.0,1188,CIOCX,RC,0,NT,FH,1.0,1000,-18.49,-11.29,"[{'Canonical-syllable': '1', 'Growl': '0', 'High-freq-energy': '0', 'Long-island': '0', 'Low-tilt-spectrum': '0', 'Medium-island': '2', 'Short-island': '0', 'Squeal': '0', 'Typical-entropy': '0', 'Voicing-quality': '2', 'Wide-band': '0', 'Xlong-island': '0', 'seq': '1', 'end': 38095.18, 'start': 38094.45}]",0,0,[],[]
38095180,38096140,NA,NOF,0.0,1188,CIOCX,NA,NA,NA,NA,0.0,0,-21.84,-3.95,[],0,0,[],[]
38096140,38098140,CHI,CHN,0.0,1188,CIOCX,RC,0,NT,FH,2.0,1470,-21.98,-11.86,"[{'Canonical-syllable': '1', 'Growl': '0', 'High-freq-energy': '0', 'Long-island': '0', 'Low-tilt-spectrum': '0', 'Medium-island': '1', 'Short-island': '1', 'Squeal': '0', 'Typical-entropy': '1', 'Voicing-quality': '3', 'Wide-band': '0', 'Xlong-island': '0', 'seq': '1', 'end': 38097.16, 'start': 38096.27}, {'Canonical-syllable': '0', 'Growl': '0', 'High-freq-energy': '0', 'Long-island': '0', 'Low-tilt-spectrum': '0', 'Medium-island': '0', 'Short-island': '2', 'Squeal': '0', 'Typical-entropy': '1', 'Voicing-quality': '2', 'Wide-band': '0', 'Xlong-island': '0', 'seq': '2', 'end': 38098.14, 'start': 38097.69}]",0,0,[],[]
38098140,38099000,NA,NOF,0.0,1188,CIOCX,NA,NA,NA,NA,0.0,0,-43.59,-34.08,[],0,0,[],[]
38099000,38100000,CHI,CHN,0.0,1188,CIOCX,RC,0,NT,FH,1.0,620,-20.5,-8.38,"[{'Canonical-syllable': '1', 'Growl': '1', 'High-freq-energy': '0', 'Long-island': '0', 'Low-tilt-spectrum': '0', 'Medium-island': '1', 'Short-island': '0', 'Squeal': '0', 'Typical-entropy': '1', 'Voicing-quality': '2', 'Wide-band': '0', 'Xlong-island': '0', 'seq': '1', 'end': 38099.62, 'start': 38099.0}]",0,0,[],[]
38100000,38100800,OCH,CXN,0.0,1188,CIOCX,EC,0,NT,FI,0.0,0,-19.16,-8.88,[],0,0,[],[]
38100800,38103250,NA,NOF,0.0,1189,pause,NA,NA,NA,NA,0.0,0,-42.21,-24.44,[],0,0,[],[]
38103250,38106100,NA,SIL,0.0,1189,pause,NA,NA,NA,NA,0.0,0,-46.36,-41.14,[],0,0,[],[]
38106100,38108150,NA,NOF,0.0,1189,pause,NA,NA,NA,NA,0.0,0,-45.75,-37.93,[],0,0,[],[]
38108150,38109910,CHI,CHN,0.0,1189,CM,EC,0,NT,FI,2.0,1260,-18.49,-5.6,"[{'Canonical-syllable': '0', 'Growl': '0', 'High-freq-energy': '0', 'Long-island': '0', 'Low-tilt-spectrum': '1', 'Medium-island': '1', 'Short-island': '0', 'Squeal': '0', 'Typical-entropy': '2', 'Voicing-quality': '2', 'Wide-band': '0', 'Xlong-island': '0', 'seq': '1', 'end': 38108.75, 'start': 38108.15}, {'Canonical-syllable': '1', 'Growl': '0', 'High-freq-energy': '0', 'Long-island': '0', 'Low-tilt-spectrum': '0', 'Medium-island': '1', 'Short-island': '1', 'Squeal': '0', 'Typical-entropy': '2', 'Voicing-quality': '2', 'Wide-band': '0', 'Xlong-island': '0', 'seq': '2', 'end': 38109.91, 'start': 38109.25}]",0,0,[],[]
38109910,38110710,NA,OLF,0.0,1190,pause,NA,NA,NA,NA,0.0,0,-41.16,-31.49,[],0,0,[],[]
38110710,38111710,NA,FAF,0.0,1190,pause,NA,NA,NA,NA,0.0,0,-39.54,-31.87,[],0,0,[],[]
38111710,38114130,NA,SIL,0.0,1190,pause,NA,NA,NA,NA,0.0,0,-42.93,-31.28,[],0,0,[],[]
38114130,38115130,NA,MAF,0.0,1190,pause,NA,NA,NA,NA,0.0,0,-37.94,-29.39,[],0,0,[],[]
38115130,38116320,NA,NOF,0.0,1190,pause,NA,NA,NA,NA,0.0,0,-44.09,-32.74,[],0,0,[],[]
38116320,38117170,NA,OLF,0.0,1190,pause,NA,NA,NA,NA,0.0,0,-39.6,-34.8,[],0,0,[],[]
38117170,38118460,NA,NOF,0.0,1190,pause,NA,NA,NA,NA,0.0,0,-19.05,-4.76,[],0,0,[],[]
38118460,38119350,NA,OLF,0.0,1190,pause,NA,NA,NA,NA,0.0,0,-19.96,-5.26,[],0,0,[],[]
38119350,38120300,NA,NOF,0.0,1190,pause,NA,NA,NA,NA,0.0,0,-21.9,-6.85,[],0,0,[],[]
38120300,38121300,NA,FAF,0.0,1190,pause,NA,NA,NA,NA,0.0,0,-39.06,-30.04,[],0,0,[],[]
38121300,38123290,NA,NOF,0.0,1190,pause,NA,NA,NA,NA,0.0,0,-31.88,-14.44,[],0,0,[],[]
38123290,38124240,NA,OLF,0.0,1190,pause,NA,NA,NA,NA,0.0,0,-17.86,-2.96,[],0,0,[],[]
38124240,38125220,NA,SIL,0.0,1190,pause,NA,NA,NA,NA,0.0,0,-43.87,-37.15,[],0,0,[],[]
38125220,38126140,NA,OLF,0.0,1190,pause,NA,NA,NA,NA,0.0,0,-38.39,-26.91,[],0,0,[],[]
38126140,38127860,NA,SIL,0.0,1190,pause,NA,NA,NA,NA,0.0,0,-45.44,-36.94,[],0,0,[],[]
38127860,38129660,NA,NOF,0.0,1190,pause,NA,NA,NA,NA,0.0,0,-32.62,-13.57,[],0,0,[],[]
38129660,38130470,NA,SIL,0.0,1190,pause,NA,NA,NA,NA,0.0,0,-41.56,-30.05,[],0,0,[],[]
38130470,38137470,NA,NOF,0.0,1190,pause,NA,NA,NA,NA,0.0,0,-24.95,-2.07,[],0,0,[],[]
38137470,38138070,CHI,CHN,0.0,1190,CM,EC,0,NT,FI,1.0,600,-19.07,-13.47,"[{'Canonical-syllable': '0', 'Growl': '0', 'High-freq-energy': '0', 'Long-island': '0', 'Low-tilt-spectrum': '0', 'Medium-island': '1', 'Short-island': '0', 'Squeal': '0', 'Typical-entropy': '0', 'Voicing-quality': '1', 'Wide-band': '0', 'Xlong-island': '0', 'seq': '1', 'end': 38138.07, 'start': 38137.47}]",0,0,[],[]
38138070,38139070,NA,TVF,0.0,1191,pause,NA,NA,NA,NA,0.0,0,-42.22,-30.18,[],0,0,[],[]
38139070,38139970,NA,NOF,0.0,1191,pause,NA,NA,NA,NA,0.0,0,-45.67,-41.54,[],0,0,[],[]
38139970,38140770,NA,SIL,0.0,1191,pause,NA,NA,NA,NA,0.0,0,-45.84,-38.14,[],0,0,[],[]
38140770,38142360,NA,NOF,0.0,1191,pause,NA,NA,NA,NA,0.0,0,-25.16,-5.89,[],0,0,[],[]
38142360,38143160,NA,SIL,0.0,1191,pause,NA,NA,NA,NA,0.0,0,-46.19,-40.55,[],0,0,[],[]
38143160,38144230,FEM,FAN,5.66,1191,AMF,EC,0,NT,FI,0.0,0,-36.47,-30.21,[],0,0,[],[]
38144230,38145530,NA,MAF,0.0,1192,pause,NA,NA,NA,NA,0.0,0,-43.17,-37.65,[],0,0,[],[]
38145530,38146330,NA,OLF,0.0,1192,pause,NA,NA,NA,NA,0.0,0,-40.52,-30.37,[],0,0,[],[]
38146330,38147890,NA,MAF,0.0,1192,pause,NA,NA,NA,NA,0.0,0,-43.19,-36.25,[],0,0,[],[]
38147890,38149060,NA,NOF,0.0,1192,pause,NA,NA,NA,NA,0.0,0,-44.81,-35.69,[],0,0,[],[]
38149060,38149860,NA,OLF,0.0,1192,pause,NA,NA,NA,NA,0.0,0,-29.85,-18.81,[],0,0,[],[]
38149860,38150670,NA,NOF,0.0,1192,pause,NA,NA,NA,NA,0.0,0,-19.31,-3.65,[],0,0,[],[]
38150670,38152020,MAL,MAN,9.16,1192,AMM,EC,0,NT,FI,0.0,0,-40.4,-30.49,[],0,0,[],[]
38152020,38152830,NA,MAF,0.0,1193,pause,NA,NA,NA,NA,0.0,0,-45.23,-40.32,[],0,0,[],[]
38152830,38154210,NA,OLF,0.0,1193,pause,NA,NA,NA,NA,0.0,0,-26.78,-8.14,[],0,0,[],[]
38154210,38155010,NA,SIL,0.0,1193,pause,NA,NA,NA,NA,0.0,0,-44.8,-38.88,[],0,0,[],[]
38155010,38155850,NA,NOF,0.0,1193,pause,NA,NA,NA,NA,0.0,0,-43.76,-39.03,[],0,0,[],[]
38155850,38156780,NA,SIL,0.0,1193,pause,NA,NA,NA,NA,0.0,0,-45.73,-41.26,[],0,0,[],[]
38156780,38158240,NA,NOF,0.0,1193,pause,NA,NA,NA,NA,0.0,0,-31.57,-15.75,[],0,0,[],[]
38158240,38159090,NA,OLF,0.0,1193,pause,NA,NA,NA,NA,0.0,0,-17.81,-5.51,[],0,0,[],[]
38159090,38160140,NA,FAF,0.0,1193,pause,NA,NA,NA,NA,0.0,0,-40.46,-34.52,[],0,0,[],[]
38160140,38160950,NA,OLF,0.0,1193,pause,NA,NA,NA,NA,0.0,0,-43.48,-38.34,[],0,0,[],[]
38160950,38162430,NA,MAF,0.0,1193,pause,NA,NA,NA,NA,0.0,0,-43.28,-30.58,[],0,0,[],[]
38162430,38165230,NA,NOF,0.0,1193,pause,NA,NA,NA,NA,0.0,0,-29.9,-12.91,[],0,0,[],[]
38165230,38166240,FEM,FAN,1.95,1193,AICF,BC,0,NT,FI,0.0,0,-34.61,-20.09,[],0,0,[],[]
38166240,38167250,NA,OLF,0.0,1193,AICF,NA,NA,NA,NA,0.0,0,-22.78,-4.53,[],0,0,[],[]
38167250,38168570,NA,MAF,0.0,1193,AICF,NA,NA,NA,NA,0.0,0,-39.79,-26.7,[],0,0,[],[]
38168570,38170090,FEM,FAN,5.93,1193,AICF,RC,0,NT,FH,0.0,0,-32.17,-17.64,[],0,0,[],[]
38170090,38170890,NA,OLF,0.0,1193,AICF,NA,NA,NA,NA,0.0,0,-39.77,-28.75,[],0,0,[],[]
38170890,38171890,FEM,FAN,3.74,1193,AICF,RC,0,NT,FH,0.0,0,-37.21,-30.35,[],0,0,[],[]
38171890,38172690,NA,OLF,0.0,1193,AICF,NA,NA,NA,NA,0.0,0,-32.69,-21.49,[],0,0,[],[]
38172690,38174270,NA,MAF,0.0,1193,AICF,NA,NA,NA,NA,0.0,0,-40.86,-32.03,[],0,0,[],[]
38174270,38175630,NA,OLN,0.0,1193,AICF,NA,NA,NA,NA,0.0,0,-20.47,-6.42,[],0,0,[],[]
38175630,38176630,NA,OLF,0.0,1193,AICF,NA,NA,NA,NA,0.0,0,-35.8,-23.7,[],0,0,[],[]
38176630,38177230,OCH,CXN,0.0,1193,AICF,RC,0,NT,FI,0.0,0,-22.4,-13.66,[],0,0,[],[]
38177230,38178550,NA,OLF,0.0,1193,AICF,NA,NA,NA,NA,0.0,0,-21.94,-8.91,[],0,0,[],[]
38178550,38179610,FEM,FAN,4.9,1193,AICF,RC,0,TIFI,FI,0.0,0,-20.29,-12.11,[],0,0,[],[]
38179610,38180420,NA,OLN,0.0,1193,AICF,NA,NA,NA,NA,0.0,0,-25.15,-16.45,[],0,0,[],[]
38180420,38181040,FEM,FAN,0.0,1193,AICF,NA,NA,NA,NA,0.0,0,-24.37,-11.08,[],620,0,[],[]
38181040,38182090,NA,NON,0.0,1193,AICF,NA,NA,NA,NA,0.0,0,-17.08,-1.93,[],0,0,[],[]
38182090,38183090,CHI,CHN,0.0,1193,AICF,RC,1,TIFR,FI,1.0,350,-18.76,-10.73,"[{'Canonical-syllable': '1', 'Growl': '0', 'High-freq-energy': '0', 'Long-island': '0', 'Low-tilt-spectrum': '0', 'Medium-island': '1', 'Short-island': '0', 'Squeal': '0', 'Typical-entropy': '0', 'Voicing-quality': '1', 'Wide-band': '0', 'Xlong-island': '0', 'seq': '1', 'end': 38183.0, 'start': 38182.65}]",0,0,[],[]
38183090,38183960,CHI,CHN,0.0,1193,AICF,RC,1,NT,FH,1.0,770,-16.95,-9.16,"[{'Canonical-syllable': '1', 'Growl': '0', 'High-freq-energy': '0', 'Long-island': '0', 'Low-tilt-spectrum': '0', 'Medium-island': '1', 'Short-island': '1', 'Squeal': '0', 'Typical-entropy': '1', 'Voicing-quality': '2', 'Wide-band': '0', 'Xlong-island': '0', 'seq': '1', 'end': 38183.86, 'start': 38183.09}]",0,0,[],[]
38183960,38184760,NA,SIL,0.0,1193,AICF,NA,NA,NA,NA,0.0,0,-44.97,-38.94,[],0,0,[],[]
38184760,38185590,NA,OLF,0.0,1193,AICF,NA,NA,NA,NA,0.0,0,-38.33,-29.35,[],0,0,[],[]
38185590,38186190,CHI,CHN,0.0,1193,AICF,RC,1,NT,FH,1.0,600,-17.2,-11.63,"[{'Canonical-syllable': '0', 'Growl': '0', 'High-freq-energy': '0', 'Long-island': '0', 'Low-tilt-spectrum': '0', 'Medium-island': '1', 'Short-island': '0', 'Squeal': '0', 'Typical-entropy': '1', 'Voicing-quality': '1', 'Wide-band': '0', 'Xlong-island': '0', 'seq': '1', 'end': 38186.19, 'start': 38185.73}]",0,0,[],[]
38186190,38186990,NA,OLN,0.0,1193,AICF,NA,NA,NA,NA,0.0,0,-17.29,-9.47,[],0,0,[],[]
38186990,38187590,CHI,CHN,0.0,1193,AICF,RC,1,NT,FH,1.0,600,-21.49,-15.31,"[{'Canonical-syllable': '0', 'Growl': '0', 'High-freq-energy': '0', 'Long-island': '0', 'Low-tilt-spectrum': '0', 'Medium-island': '1', 'Short-island': '0', 'Squeal': '0', 'Typical-entropy': '0', 'Voicing-quality': '2', 'Wide-band': '0', 'Xlong-island': '0', 'seq': '1', 'end': 38187.59, 'start': 38186.99}]",0,0,[],[]
38187590,38188390,NA,OLN,0.0,1193,AICF,NA,NA,NA,NA,0.0,0,-21.73,-7.98,[],0,0,[],[]
38188390,38189390,FEM,FAN,2.6,1193,AICF,RC,1,TIFE,FI,0.0,0,-29.0,-24.46,[],0,0,[],[]
38189390,38190250,NA,SIL,0.0,1193,AICF,NA,NA,NA,NA,0.0,0,-45.26,-35.79,[],0,0,[],[]
38190250,38191330,FEM,FAN,7.41,1193,AICF,RC,1,NT,FH,0.0,0,-19.53,-11.28,[],0,0,[],[]
38191330,38192040,FEM,FAN,2.79,1193,AICF,RC,1,TIFI,FH,0.0,0,-29.7,-20.12,[],0,0,[],[]
38192040,38194660,NA,SIL,0.0,1193,AICF,NA,NA,NA,NA,0.0,0,-46.23,-35.54,[],0,0,[],[]
38194660,38195420,CHI,CHN,0.0,1193,AICF,RC,2,TIFR,FI,1.0,760,-18.36,-11.66,"[{'Canonical-syllable': '0', 'Growl': '1', 'High-freq-energy': '0', 'Long-island': '0', 'Low-tilt-spectrum': '0', 'Medium-island': '1', 'Short-island': '0', 'Squeal': '0', 'Typical-entropy': '0', 'Voicing-quality': '2', 'Wide-band': '0', 'Xlong-island': '0', 'seq': '1', 'end': 38195.42, 'start': 38194.66}]",0,0,[],[]
38195420,38196420,CHI,CHN,0.0,1193,AICF,RC,2,NT,FH,1.0,910,-20.5,-12.32,"[{'Canonical-syllable': '1', 'Growl': '0', 'High-freq-energy': '0', 'Long-island': '0', 'Low-tilt-spectrum': '0', 'Medium-island': '2', 'Short-island': '0', 'Squeal': '0', 'Typical-entropy': '0', 'Voicing-quality': '2', 'Wide-band': '0', 'Xlong-island': '0', 'seq': '1', 'end': 38196.33, 'start': 38195.42}]",0,0,[],[]
38196420,38197670,CHI,CHN,0.0,1193,AICF,RC,2,NT,FH,1.0,960,-17.08,-11.99,"[{'Canonical-syllable': '0', 'Growl': '0', 'High-freq-energy': '0', 'Long-island': '0', 'Low-tilt-spectrum': '0', 'Medium-island': '2', 'Short-island': '0', 'Squeal': '0', 'Typical-entropy': '1', 'Voicing-quality': '2', 'Wide-band': '0', 'Xlong-island': '0', 'seq': '1', 'end': 38197.38, 'start': 38196.42}]",0,0,[],[]
38197670,38198960,FEM,FAN,3.99,1193,AICF,RC,2,TIFE,FI,0.0,0,-25.99,-19.03,[],0,0,[],[]
38198960,38200120,MAL,MAN,4.91,1193,AICF,RC,2,TIMI,FI,0.0,0,-28.85,-21.96,[],0,0,[],[]
38200120,38201730,CHI,CHN,0.0,1193,AICF,RC,3,TIMR,FI,1.0,1610,-21.84,-13.79,"[{'Canonical-syllable': '2', 'Growl': '0', 'High-freq-energy': '0', 'Long-island': '0', 'Low-tilt-spectrum': '0', 'Medium-island': '2', 'Short-island': '2', 'Squeal': '0', 'Typical-entropy': '0', 'Voicing-quality': '5', 'Wide-band': '0', 'Xlong-island': '0', 'seq': '1', 'end': 38201.73, 'start': 38200.12}]",0,0,[],[]
38201730,38202730,FEM,FAN,2.9,1193,AICF,RC,3,TIFE,FI,0.0,0,-25.51,-16.81,[],0,0,[],[]
38202730,38203580,NA,NOF,0.0,1193,AICF,NA,NA,NA,NA,0.0,0,-45.32,-39.12,[],0,0,[],[]
38203580,38205010,FEM,FAN,6.38,1193,AICF,RC,3,TIFI,FH,0.0,0,-23.81,-13.9,[],0,0,[],[]
38205010,38205810,NA,NOF,0.0,1193,AICF,NA,NA,NA,NA,0.0,0,-15.77,-7.72,[],0,0,[],[]
38205810,38206410,CHI,CHN,0.0,1193,AICF,EC,4,TIFR,FI,1.0,90,-21.59,-9.48,"[{'Canonical-syllable': '0', 'Growl': '0', 'High-freq-energy': '0', 'Long-island': '0', 'Low-tilt-spectrum': '1', 'Medium-island': '0', 'Short-island': '0', 'Squeal': '0', 'Typical-entropy': '1', 'Voicing-quality': '1', 'Wide-band': '0', 'Xlong-island': '0', 'seq': '1', 'end': 38205.9, 'start': 38205.81}]",0,0,[],[]
38206410,38208200,NA,NOF,0.0,1194,pause,NA,NA,NA,NA,0.0,0,-42.02,-29.0,[],0,0,[],[]
38208200,38209510,NA,OLN,0.0,1194,pause,NA,NA,NA,NA,0.0,0,-21.64,-7.77,[],0,0,[],[]
38209510,38211390,NA,NON,0.0,1194,pause,NA,NA,NA,NA,0.0,0,-29.23,-22.63,[],0,0,[],[]
38211390,38212650,NA,MAF,0.0,1194,pause,NA,NA,NA,NA,0.0,0,-41.67,-35.47,[],0,0,[],[]
38212650,38215080,NA,NOF,0.0,1194,pause,NA,NA,NA,NA,0.0,0,-39.8,-26.74,[],0,0,[],[]
38215080,38215880,NA,SIL,0.0,1194,pause,NA,NA,NA,NA,0.0,0,-46.72,-40.42,[],0,0,[],[]
38215880,38216680,NA,OLF,0.0,1194,pause,NA,NA,NA,NA,0.0,0,-26.13,-7.32,[],0,0,[],[]
38216680,38217500,NA,NOF,0.0,1194,pause,NA,NA,NA,NA,0.0,0,-20.69,-4.08,[],0,0,[],[]
38217500,38218140,NA,FAF,0.0,1194,pause,NA,NA,NA,NA,0.0,0,-39.28,-25.45,[],0,0,[],[]
38218140,38219000,NA,NOF,0.0,1194,pause,NA,NA,NA,NA,0.0,0,-42.48,-32.65,[],0,0,[],[]
38219000,38219800,NA,SIL,0.0,1194,pause,NA,NA,NA,NA,0.0,0,-45.83,-37.42,[],0,0,[],[]
38219800,38220450,NA,FAF,0.0,1194,pause,NA,NA,NA,NA,0.0,0,-37.45,-24.41,[],0,0,[],[]
38220450,38223920,NA,NOF,0.0,1194,pause,NA,NA,NA,NA,0.0,0,-22.96,-4.07,[],0,0,[],[]
38223920,38226820,NA,OLN,0.0,1194,pause,NA,NA,NA,NA,0.0,0,-25.52,-4.12,[],0,0,[],[]
38226820,38227820,NA,MAF,0.0,1194,pause,NA,NA,NA,NA,0.0,0,-32.42,-14.4,[],0,0,[],[]
38227820,38228840,CHI,CHN,0.0,1194,CM,EC,0,NT,FI,1.0,1020,-25.14,-23.13,"[{'Canonical-syllable': '0', 'Growl': '1', 'High-freq-energy': '0', 'Long-island': '0', 'Low-tilt-spectrum': '1', 'Medium-island': '0', 'Short-island': '0', 'Squeal': '0', 'Typical-entropy': '0', 'Voicing-quality': '1', 'Wide-band': '0', 'Xlong-island': '1', 'seq': '1', 'end': 38228.84, 'start': 38227.82}]",0,0,[],[]
38228840,38229660,NA,OLN,0.0,1195,pause,NA,NA,NA,NA,0.0,0,-30.63,-24.27,[],0,0,[],[]
38229660,38230460,NA,NOF,0.0,1195,pause,NA,NA,NA,NA,0.0,0,-31.65,-16.25,[],0,0,[],[]
38230460,38232740,NA,OLN,0.0,1195,pause,NA,NA,NA,NA,0.0,0,-33.42,-27.03,[],0,0,[],[]
38232740,38234560,NA,NOF,0.0,1195,pause,NA,NA,NA,NA,0.0,0,-19.36,-4.38,[],0,0,[],[]
38234560,38235430,NA,SIL,0.0,1195,pause,NA,NA,NA,NA,0.0,0,-44.16,-34.05,[],0,0,[],[]
38235430,38237220,NA,NOF,0.0,1195,pause,NA,NA,NA,NA,0.0,0,-41.36,-24.42,[],0,0,[],[]
38237220,38241880,NA,OLN,0.0,1195,pause,NA,NA,NA,NA,0.0,0,-29.76,-10.84,[],0,0,[],[]
38241880,38242780,NA,NON,0.0,1195,pause,NA,NA,NA,NA,0.0,0,-24.1,-7.17,[],0,0,[],[]
38242780,38244400,NA,OLN,0.0,1195,pause,NA,NA,NA,NA,0.0,0,-34.65,-24.41,[],0,0,[],[]
38244400,38245220,NA,NON,0.0,1195,pause,NA,NA,NA,NA,0.0,0,-35.44,-33.17,[],0,0,[],[]
38245220,38245850,CHI,CHN,0.0,1195,pause,NA,NA,NA,NA,0.0,0,-31.85,-29.07,[],0,630,[],"[{'start': 38245.22, 'end': 38245.85}]"
38245850,38248920,NA,NOF,0.0,1195,pause,NA,NA,NA,NA,0.0,0,-21.59,-3.6,[],0,0,[],[]
38248920,38249580,CHI,CHN,0.0,1195,pause,NA,NA,NA,NA,0.0,0,-31.72,-29.56,[],0,660,[],"[{'start': 38248.92, 'end': 38249.58}]"
38249580,38250660,NA,OLN,0.0,1195,pause,NA,NA,NA,NA,0.0,0,-32.95,-26.02,[],0,0,[],[]
38250660,38252060,NA,NON,0.0,1195,pause,NA,NA,NA,NA,0.0,0,-36.29,-31.9,[],0,0,[],[]
38252060,38252860,NA,OLN,0.0,1195,pause,NA,NA,NA,NA,0.0,0,-32.73,-20.32,[],0,0,[],[]
38252860,38253670,CHI,CHN,0.0,1195,pause,NA,NA,NA,NA,0.0,0,-36.69,-34.8,[],0,810,[],"[{'start': 38252.86, 'end': 38253.67}]"
38253670,38254490,NA,NON,0.0,1195,pause,NA,NA,NA,NA,0.0,0,-35.01,-32.1,[],0,0,[],[]
38254490,38255090,CHI,CHN,0.0,1195,pause,NA,NA,NA,NA,0.0,0,-33.27,-22.21,[],0,600,[],"[{'start': 38254.49, 'end': 38255.09}]"
38255090,38255990,NA,NOF,0.0,1195,pause,NA,NA,NA,NA,0.0,0,-25.07,-11.42,[],0,0,[],[]
38255990,38256930,NA,OLN,0.0,1195,pause,NA,NA,NA,NA,0.0,0,-31.27,-13.15,[],0,0,[],[]
38256930,38257760,NA,NOF,0.0,1195,pause,NA,NA,NA,NA,0.0,0,-40.4,-30.24,[],0,0,[],[]
38257760,38262410,NA,OLN,0.0,1195,pause,NA,NA,NA,NA,0.0,0,-35.39,-24.8,[],0,0,[],[]
38262410,38263310,NA,FAF,0.0,1195,pause,NA,NA,NA,NA,0.0,0,-40.95,-28.25,[],0,0,[],[]
38263310,38264110,NA,SIL,0.0,1195,pause,NA,NA,NA,NA,0.0,0,-46.82,-40.18,[],0,0,[],[]
38264110,38264910,NA,OLF,0.0,1195,pause,NA,NA,NA,NA,0.0,0,-36.54,-20.58,[],0,0,[],[]
38264910,38265910,NA,FAF,0.0,1195,pause,NA,NA,NA,NA,0.0,0,-42.55,-33.92,[],0,0,[],[]
38265910,38267110,NA,NOF,0.0,1195,pause,NA,NA,NA,NA,0.0,0,-41.56,-30.85,[],0,0,[],[]
38267110,38268740,NA,SIL,0.0,1195,pause,NA,NA,NA,NA,0.0,0,-46.57,-38.67,[],0,0,[],[]
38268740,38270150,MAL,MAN,6.5,1195,AICM,BC,0,TIMI,FI,0.0,0,-33.46,-20.39,[],0,0,[],[]
38270150,38270750,CHI,CHN,0.0,1195,AICM,NA,NA,NA,NA,0.0,0,-30.76,-28.22,[],0,600,[],"[{'start': 38270.15, 'end': 38270.75}]"
38270750,38271830,CHI,CHN,0.0,1195,AICM,NA,NA,NA,NA,0.0,0,-31.61,-29.45,[],0,1080,[],"[{'start': 38270.75, 'end': 38271.83}]"
38271830,38272660,CHI,CHN,0.0,1195,AICM,RC,1,TIMR,FI,1.0,830,-31.11,-27.38,"[{'Canonical-syllable': '0', 'Growl': '1', 'High-freq-energy': '1', 'Long-island': '1', 'Low-tilt-spectrum': '1', 'Medium-island': '0', 'Short-island': '0', 'Squeal': '0', 'Typical-entropy': '1', 'Voicing-quality': '1', 'Wide-band': '0', 'Xlong-island': '0', 'seq': '1', 'end': 38272.66, 'start': 38271.83}]",0,0,[],[]
38272660,38274450,NA,NON,0.0,1195,AICM,NA,NA,NA,NA,0.0,0,-20.64,-4.94,[],0,0,[],[]
38274450,38275250,NA,OLN,0.0,1195,AICM,NA,NA,NA,NA,0.0,0,-35.13,-23.9,[],0,0,[],[]
38275250,38277100,NA,NOF,0.0,1195,AICM,NA,NA,NA,NA,0.0,0,-23.17,-5.21,[],0,0,[],[]
38277100,38277760,CHI,CHN,0.0,1195,AICM,EC,1,NT,FH,1.0,660,-36.16,-24.88,"[{'Canonical-syllable': '0', 'Growl': '1', 'High-freq-energy': '0', 'Long-island': '1', 'Low-tilt-spectrum': '1', 'Medium-island': '0', 'Short-island': '0', 'Squeal': '0', 'Typical-entropy': '1', 'Voicing-quality': '1', 'Wide-band': '0', 'Xlong-island': '0', 'seq': '1', 'end': 38277.76, 'start': 38277.1}]",0,0,[],[]
38277760,38278600,NA,NOF,0.0,1196,pause,NA,NA,NA,NA,0.0,0,-30.69,-12.83,[],0,0,[],[]
38278600,38280590,NA,OLN,0.0,1196,pause,NA,NA,NA,NA,0.0,0,-36.57,-30.5,[],0,0,[],[]
38280590,38282680,NA,NOF,0.0,1196,pause,NA,NA,NA,NA,0.0,0,-41.23,-35.74,[],0,0,[],[]
38282680,38285490,NA,OLN,0.0,1196,pause,NA,NA,NA,NA,0.0,0,-35.25,-23.83,[],0,0,[],[]
38285490,38286470,NA,NON,0.0,1196,pause,NA,NA,NA,NA,0.0,0,-33.56,-29.5,[],0,0,[],[]
38286470,38287480,NA,OLF,0.0,1196,pause,NA,NA,NA,NA,0.0,0,-41.03,-35.8,[],0,0,[],[]
38287480,38288280,NA,SIL,0.0,1196,pause,NA,NA,NA,NA,0.0,0,-47.96,-39.43,[],0,0,[],[]
38288280,38289280,NA,MAF,0.0,1196,pause,NA,NA,NA,NA,0.0,0,-42.3,-35.89,[],0,0,[],[]
38289280,38290280,NA,TVF,0.0,1196,pause,NA,NA,NA,NA,0.0,0,-44.01,-41.11,[],0,0,[],[]
38290280,38291080,NA,FAF,0.0,1196,pause,NA,NA,NA,NA,0.0,0,-39.63,-33.6,[],0,0,[],[]
38291080,38291760,CHI,CHN,0.0,1196,pause,NA,NA,NA,NA,0.0,0,-32.64,-28.47,[],0,680,[],"[{'start': 38291.08, 'end': 38291.76}]"
38291760,38292960,NA,FAF,0.0,1196,pause,NA,NA,NA,NA,0.0,0,-39.23,-25.66,[],0,0,[],[]
38292960,38294660,NA,MAF,0.0,1196,pause,NA,NA,NA,NA,0.0,0,-37.76,-19.27,[],0,0,[],[]
38294660,38295470,NA,NON,0.0,1196,pause,NA,NA,NA,NA,0.0,0,-28.09,-23.71,[],0,0,[],[]
38295470,38296520,CHI,CHN,0.0,1196,pause,NA,NA,NA,NA,0.0,0,-29.54,-23.88,[],0,1050,[],"[{'start': 38295.47, 'end': 38296.52}]"
38296520,38297960,CHI,CHN,0.0,1196,pause,NA,NA,NA,NA,0.0,0,-31.78,-27.05,[],0,1440,[],"[{'start': 38296.52, 'end': 38297.96}]"
38297960,38299640,NA,NON,0.0,1196,pause,NA,NA,NA,NA,0.0,0,-30.23,-25.8,[],0,0,[],[]
38299640,38300840,CHI,CHN,0.0,1196,pause,NA,NA,NA,NA,0.0,0,-28.32,-26.58,[],0,1200,[],"[{'start': 38299.64, 'end': 38300.84}]"
38300840,38301440,CHI,CHN,0.0,1196,pause,NA,NA,NA,NA,0.0,0,-29.17,-19.35,[],0,600,[],"[{'start': 38300.84, 'end': 38301.44}]"
38301440,38303430,NA,NOF,0.0,1196,pause,NA,NA,NA,NA,0.0,0,-45.49,-34.53,[],0,0,[],[]
38303430,38305080,NA,MAF,0.0,1196,pause,NA,NA,NA,NA,0.0,0,-43.55,-35.1,[],0,0,[],[]
38305080,38306430,NA,OLF,0.0,1196,pause,NA,NA,NA,NA,0.0,0,-34.99,-19.75,[],0,0,[],[]
38306430,38307630,CHI,CHN,0.0,1196,pause,NA,NA,NA,NA,0.0,0,-28.91,-21.63,[],0,1200,[],"[{'start': 38306.43, 'end': 38307.63}]"
38307630,38310810,NA,NON,0.0,1196,pause,NA,NA,NA,NA,0.0,0,-26.36,-18.32,[],0,0,[],[]
38310810,38312280,NA,OLN,0.0,1196,pause,NA,NA,NA,NA,0.0,0,-33.03,-19.77,[],0,0,[],[]
38312280,38313090,NA,NOF,0.0,1196,pause,NA,NA,NA,NA,0.0,0,-37.25,-28.6,[],0,0,[],[]
38313090,38314570,NA,OLN,0.0,1196,pause,NA,NA,NA,NA,0.0,0,-35.15,-25.11,[],0,0,[],[]
38314570,38315590,CHI,CHN,0.0,1196,pause,NA,NA,NA,NA,0.0,0,-31.29,-28.86,[],0,1020,"[{'start': 38314.57, 'end': 38315.59}]",[]
38315590,38316800,NA,NON,0.0,1196,pause,NA,NA,NA,NA,0.0,0,-27.98,-25.45,[],0,0,[],[]
38316800,38317410,CHI,CHN,0.0,1196,pause,NA,NA,NA,NA,0.0,0,-30.43,-27.42,[],0,610,[],"[{'start': 38316.8, 'end': 38317.41}]"
38317410,38318470,NA,NON,0.0,1196,pause,NA,NA,NA,NA,0.0,0,-37.05,-21.57,[],0,0,[],[]
38318470,38319330,NA,OLF,0.0,1196,pause,NA,NA,NA,NA,0.0,0,-31.97,-21.37,[],0,0,[],[]
38319330,38321490,NA,NON,0.0,1196,pause,NA,NA,NA,NA,0.0,0,-37.34,-25.21,[],0,0,[],[]
38321490,38322290,NA,OLN,0.0,1196,pause,NA,NA,NA,NA,0.0,0,-29.54,-14.07,[],0,0,[],[]
38322290,38323360,NA,NON,0.0,1196,pause,NA,NA,NA,NA,0.0,0,-32.53,-29.98,[],0,0,[],[]
38323360,38324210,NA,OLN,0.0,1196,pause,NA,NA,NA,NA,0.0,0,-31.95,-29.93,[],0,0,[],[]
38324210,38325900,NA,NON,0.0,1196,pause,NA,NA,NA,NA,0.0,0,-32.93,-15.74,[],0,0,[],[]
38325900,38327080,FEM,FAN,5.57,1196,AMF,EC,0,NT,FI,0.0,0,-23.12,-5.01,[],0,0,[],[]
38327080,38327880,NA,OLN,0.0,1197,pause,NA,NA,NA,NA,0.0,0,-33.43,-29.73,[],0,0,[],[]
38327880,38329130,NA,NOF,0.0,1197,pause,NA,NA,NA,NA,0.0,0,-34.75,-20.94,[],0,0,[],[]
38329130,38330530,CHI,CHN,0.0,1197,pause,NA,NA,NA,NA,0.0,0,-31.4,-28.78,[],0,1400,"[{'start': 38329.13, 'end': 38330.53}]",[]
38330530,38331220,CHI,CHN,0.0,1197,pause,NA,NA,NA,NA,0.0,0,-32.29,-30.54,[],0,690,"[{'start': 38330.53, 'end': 38331.22}]",[]
38331220,38332050,NA,NON,0.0,1197,pause,NA,NA,NA,NA,0.0,0,-33.08,-30.23,[],0,0,[],[]
38332050,38335060,NA,OLN,0.0,1197,pause,NA,NA,NA,NA,0.0,0,-33.71,-26.13,[],0,0,[],[]
38335060,38335860,NA,NOF,0.0,1197,pause,NA,NA,NA,NA,0.0,0,-41.78,-33.82,[],0,0,[],[]
38335860,38336660,NA,OLF,0.0,1197,pause,NA,NA,NA,NA,0.0,0,-41.55,-31.99,[],0,0,[],[]
38336660,38337490,NA,NOF,0.0,1197,pause,NA,NA,NA,NA,0.0,0,-41.17,-33.24,[],0,0,[],[]
38337490,38338970,FEM,FAN,8.05,1197,AMF,EC,0,NT,FI,0.0,0,-19.27,-3.38,[],0,0,[],[]
38338970,38340000,NA,OLF,0.0,1198,pause,NA,NA,NA,NA,0.0,0,-36.59,-22.75,[],0,0,[],[]
38340000,38340790,CHI,CHN,0.0,1198,pause,NA,NA,NA,NA,0.0,0,-31.77,-27.76,[],0,790,[],"[{'start': 38340.0, 'end': 38340.79}]"
38340790,38343350,NA,NON,0.0,1198,pause,NA,NA,NA,NA,0.0,0,-23.64,-4.96,[],0,0,[],[]
38343350,38344660,NA,OLN,0.0,1198,pause,NA,NA,NA,NA,0.0,0,-37.07,-29.7,[],0,0,[],[]
38344660,38345550,NA,SIL,0.0,1198,pause,NA,NA,NA,NA,0.0,0,-42.61,-33.44,[],0,0,[],[]
38345550,38348650,NA,OLN,0.0,1198,pause,NA,NA,NA,NA,0.0,0,-25.15,-8.63,[],0,0,[],[]
38348650,38349480,NA,NOF,0.0,1198,pause,NA,NA,NA,NA,0.0,0,-39.41,-34.37,[],0,0,[],[]
38349480,38350630,NA,OLF,0.0,1198,pause,NA,NA,NA,NA,0.0,0,-40.69,-36.6,[],0,0,[],[]
38350630,38352370,NA,NOF,0.0,1198,pause,NA,NA,NA,NA,0.0,0,-39.48,-26.41,[],0,0,[],[]
38352370,38353350,NA,OLF,0.0,1198,pause,NA,NA,NA,NA,0.0,0,-41.8,-35.07,[],0,0,[],[]
38353350,38354660,NA,MAF,0.0,1198,pause,NA,NA,NA,NA,0.0,0,-44.53,-38.92,[],0,0,[],[]
38354660,38357060,NA,NOF,0.0,1198,pause,NA,NA,NA,NA,0.0,0,-43.24,-29.65,[],0,0,[],[]
38357060,38358280,NA,SIL,0.0,1198,pause,NA,NA,NA,NA,0.0,0,-47.45,-42.35,[],0,0,[],[]
38358280,38359990,NA,NOF,0.0,1198,pause,NA,NA,NA,NA,0.0,0,-40.36,-23.75,[],0,0,[],[]
38359990,38360790,NA,SIL,0.0,1198,pause,NA,NA,NA,NA,0.0,0,-44.08,-37.82,[],0,0,[],[]
38360790,38362790,NA,NOF,0.0,1198,pause,NA,NA,NA,NA,0.0,0,-36.15,-22.73,[],0,0,[],[]
38362790,38363790,NA,FAF,0.0,1198,pause,NA,NA,NA,NA,0.0,0,-36.29,-19.4,[],0,0,[],[]
38363790,38365260,NA,NOF,0.0,1198,pause,NA,NA,NA,NA,0.0,0,-34.31,-20.93,[],0,0,[],[]
38365260,38366060,NA,OLF,0.0,1198,pause,NA,NA,NA,NA,0.0,0,-31.15,-20.94,[],0,0,[],[]
38366060,38367010,NA,CHF,0.0,1198,pause,NA,NA,NA,NA,0.0,0,-28.68,-19.14,[],0,90,"[{'start': 38366.92, 'end': 38367.01}]",[]
38367010,38367860,NA,OLF,0.0,1198,pause,NA,NA,NA,NA,0.0,0,-32.83,-22.19,[],0,0,[],[]
38367860,38368590,FEM,FAN,1.99,1198,AMF,BC,0,NT,FI,0.0,0,-18.6,-4.89,[],0,0,[],[]
38368590,38369590,FEM,FAN,6.84,1198,AMF,EC,0,NT,FH,0.0,0,-36.33,-25.93,[],0,0,[],[]
38369590,38375590,NA,NOF,0.0,1199,pause,NA,NA,NA,NA,0.0,0,-20.95,-2.22,[],0,0,[],[]
38375590,38376890,NA,MAF,0.0,1199,pause,NA,NA,NA,NA,0.0,0,-36.91,-32.51,[],0,0,[],[]
38376890,38377730,NA,NON,0.0,1199,pause,NA,NA,NA,NA,0.0,0,-17.95,-4.44,[],0,0,[],[]
38377730,38378360,CHI,CHN,0.0,1199,pause,NA,NA,NA,NA,0.0,0,-36.24,-33.17,[],0,630,[],"[{'start': 38377.73, 'end': 38378.36}]"
38378360,38380370,FEM,FAN,0.0,1199,pause,NA,NA,NA,NA,0.0,0,-36.86,-25.8,[],2009,0,[],[]
38380370,38380990,CHI,CHN,0.0,1199,pause,NA,NA,NA,NA,0.0,0,-36.92,-35.68,[],0,620,[],"[{'start': 38380.37, 'end': 38380.99}]"
38380990,38382550,NA,OLF,0.0,1199,pause,NA,NA,NA,NA,0.0,0,-38.28,-29.38,[],0,0,[],[]
38382550,38383450,NA,NOF,0.0,1199,pause,NA,NA,NA,NA,0.0,0,-28.29,-10.49,[],0,0,[],[]
38383450,38388070,NA,OLN,0.0,1199,pause,NA,NA,NA,NA,0.0,0,-21.21,-3.9,[],0,0,[],[]
38388070,38389310,NA,NOF,0.0,1199,pause,NA,NA,NA,NA,0.0,0,-40.01,-23.24,[],0,0,[],[]
38389310,38390670,NA,OLN,0.0,1199,pause,NA,NA,NA,NA,0.0,0,-36.04,-28.34,[],0,0,[],[]
38390670,38392900,NA,NOF,0.0,1199,pause,NA,NA,NA,NA,0.0,0,-34.57,-22.46,[],0,0,[],[]
38392900,38393900,FEM,FAN,3.7,1199,AMF,EC,0,NT,FI,0.0,0,-37.02,-31.51,[],0,0,[],[]
38393900,38395270,NA,SIL,0.0,1200,pause,NA,NA,NA,NA,0.0,0,-46.06,-41.72,[],0,0,[],[]
38395270,38396270,NA,FAF,0.0,1200,pause,NA,NA,NA,NA,0.0,0,-37.69,-27.28,[],0,0,[],[]
38396270,38397750,NA,SIL,0.0,1200,pause,NA,NA,NA,NA,0.0,0,-44.32,-33.78,[],0,0,[],[]
38397750,38398550,NA,FAF,0.0,1200,pause,NA,NA,NA,NA,0.0,0,-39.15,-31.68,[],0,0,[],[]
38398550,38399370,NA,SIL,0.0,1200,pause,NA,NA,NA,NA,0.0,0,-46.2,-40.18,[],0,0,[],[]
38399370,38402410,NA,NOF,0.0,1200,pause,NA,NA,NA,NA,0.0,0,-21.22,-1.64,[],0,0,[],[]
38402410,38403090,CHI,CHN,0.0,1200,pause,NA,NA,NA,NA,0.0,0,-35.12,-32.43,[],0,680,[],"[{'start': 38402.41, 'end': 38403.09}]"
38403090,38405950,CHI,CHN,0.0,1200,pause,NA,NA,NA,NA,0.0,0,-35.06,-32.12,[],0,2860,[],"[{'start': 38403.09, 'end': 38405.95}]"
38405950,38407030,NA,NON,0.0,1200,pause,NA,NA,NA,NA,0.0,0,-38.01,-23.96,[],0,0,[],[]
38407030,38408320,NA,SIL,0.0,1200,pause,NA,NA,NA,NA,0.0,0,-46.39,-41.95,[],0,0,[],[]
38408320,38409170,NA,NOF,0.0,1200,pause,NA,NA,NA,NA,0.0,0,-36.49,-19.39,[],0,0,[],[]
38409170,38410170,NA,OLN,0.0,1200,pause,NA,NA,NA,NA,0.0,0,-35.54,-28.6,[],0,0,[],[]
38410170,38412250,NA,NOF,0.0,1200,pause,NA,NA,NA,NA,0.0,0,-39.28,-23.34,[],0,0,[],[]
38412250,38413420,NA,OLN,0.0,1200,pause,NA,NA,NA,NA,0.0,0,-38.47,-35.93,[],0,0,[],[]
38413420,38414370,NA,NON,0.0,1200,pause,NA,NA,NA,NA,0.0,0,-36.74,-34.14,[],0,0,[],[]
38414370,38415910,CHI,CHN,0.0,1200,pause,NA,NA,NA,NA,0.0,0,-34.11,-27.85,[],0,1540,"[{'start': 38414.37, 'end': 38415.91}]",[]
38415910,38416910,FEM,FAN,4.45,1200,AMF,BC,0,NT,FI,0.0,0,-36.04,-28.04,[],0,0,[],[]
38416910,38417990,NA,OLN,0.0,1200,AMF,NA,NA,NA,NA,0.0,0,-35.04,-25.79,[],0,0,[],[]
38417990,38419010,FEM,FAN,5.18,1200,AMF,EC,0,NT,FH,0.0,0,-30.01,-15.82,[],0,0,[],[]
38419010,38421260,NA,OLN,0.0,1201,pause,NA,NA,NA,NA,0.0,0,-29.51,-17.52,[],0,0,[],[]
38421260,38422060,NA,NON,0.0,1201,pause,NA,NA,NA,NA,0.0,0,-35.25,-25.94,[],0,0,[],[]
38422060,38423600,NA,OLN,0.0,1201,pause,NA,NA,NA,NA,0.0,0,-28.02,-9.97,[],0,0,[],[]
38423600,38430100,NA,OLF,0.0,1201,pause,NA,NA,NA,NA,0.0,0,-33.67,-18.37,[],0,0,[],[]
38430100,38431100,NA,MAF,0.0,1201,pause,NA,NA,NA,NA,0.0,0,-38.4,-32.21,[],0,0,[],[]
38431100,38438150,NA,OLN,0.0,1201,pause,NA,NA,NA,NA,0.0,0,-31.53,-16.23,[],0,0,[],[]
38438150,38439180,NA,MAF,0.0,1201,pause,NA,NA,NA,NA,0.0,0,-35.9,-22.38,[],0,0,[],[]
38439180,38442280,NA,OLN,0.0,1201,pause,NA,NA,NA,NA,0.0,0,-33.51,-28.54,[],0,0,[],[]
38442280,38444070,NA,MAF,0.0,1201,pause,NA,NA,NA,NA,0.0,0,-35.55,-17.42,[],0,0,[],[]
38444070,38445860,NA,OLN,0.0,1201,pause,NA,NA,NA,NA,0.0,0,-33.6,-21.21,[],0,0,[],[]
38445860,38446860,NA,MAF,0.0,1201,pause,NA,NA,NA,NA,0.0,0,-33.49,-18.47,[],0,0,[],[]
38446860,38448250,NA,OLN,0.0,1201,pause,NA,NA,NA,NA,0.0,0,-32.6,-17.4,[],0,0,[],[]
38448250,38449570,NA,MAF,0.0,1201,pause,NA,NA,NA,NA,0.0,0,-36.26,-22.28,[],0,0,[],[]
38449570,38458370,NA,OLN,0.0,1201,pause,NA,NA,NA,NA,0.0,0,-30.59,-10.84,[],0,0,[],[]
38458370,38459370,NA,MAF,0.0,1201,pause,NA,NA,NA,NA,0.0,0,-35.26,-28.85,[],0,0,[],[]
38459370,38460220,NA,OLF,0.0,1201,pause,NA,NA,NA,NA,0.0,0,-32.66,-15.02,[],0,0,[],[]
38460220,38461720,MAL,MAN,4.18,1201,AMM,EC,0,NT,FI,0.0,0,-29.48,-19.25,[],0,0,[],[]
38461720,38464140,NA,OLF,0.0,1202,pause,NA,NA,NA,NA,0.0,0,-28.42,-8.87,[],0,0,[],[]
38464140,38467310,NA,OLN,0.0,1202,pause,NA,NA,NA,NA,0.0,0,-22.53,-6.3,[],0,0,[],[]
38467310,38468470,FEM,FAN,0.0,1202,pause,NA,NA,NA,NA,0.0,0,-34.09,-29.83,[],1160,0,[],[]
38468470,38469470,MAL,MAN,0.0,1202,pause,NA,NA,NA,NA,0.0,0,-32.14,-25.86,[],1000,0,[],[]
38469470,38472730,FEM,FAN,9.77,1202,AMF,EC,0,NT,FI,0.0,0,-31.85,-15.35,[],0,0,[],[]
38472730,38473650,NA,OLN,0.0,1203,pause,NA,NA,NA,NA,0.0,0,-31.97,-22.47,[],0,0,[],[]
38473650,38474820,MAL,MAN,0.0,1203,pause,NA,NA,NA,NA,0.0,0,-30.31,-18.96,[],1170,0,[],[]
38474820,38476010,NA,OLN,0.0,1203,pause,NA,NA,NA,NA,0.0,0,-25.48,-9.37,[],0,0,[],[]
38476010,38476940,NA,NON,0.0,1203,pause,NA,NA,NA,NA,0.0,0,-32.81,-30.86,[],0,0,[],[]
38476940,38478160,NA,TVN,0.0,1203,pause,NA,NA,NA,NA,0.0,0,-17.2,-3.97,[],0,0,[],[]
38478160,38480040,NA,OLN,0.0,1203,pause,NA,NA,NA,NA,0.0,0,-31.94,-20.95,[],0,0,[],[]
38480040,38481130,NA,TVN,0.0,1203,pause,NA,NA,NA,NA,0.0,0,-36.56,-31.61,[],0,0,[],[]
38481130,38483230,FEM,FAN,0.0,1203,pause,NA,NA,NA,NA,0.0,0,-33.19,-21.49,[],2100,0,[],[]
38483230,38484050,NA,NOF,0.0,1203,pause,NA,NA,NA,NA,0.0,0,-26.41,-8.29,[],0,0,[],[]
38484050,38485890,NA,MAF,0.0,1203,pause,NA,NA,NA,NA,0.0,0,-21.52,-5.27,[],0,0,[],[]
38485890,38487750,FEM,FAN,0.0,1203,pause,NA,NA,NA,NA,0.0,0,-32.63,-29.82,[],1860,0,[],[]
38487750,38489080,NA,FAF,0.0,1203,pause,NA,NA,NA,NA,0.0,0,-35.73,-20.56,[],0,0,[],[]
38489080,38489940,NA,OLF,0.0,1203,pause,NA,NA,NA,NA,0.0,0,-25.02,-7.76,[],0,0,[],[]
38489940,38490840,NA,SIL,0.0,1203,pause,NA,NA,NA,NA,0.0,0,-39.95,-33.06,[],0,0,[],[]
38490840,38491880,NA,OLF,0.0,1203,pause,NA,NA,NA,NA,0.0,0,-35.11,-23.02,[],0,0,[],[]
38491880,38492730,NA,NOF,0.0,1203,pause,NA,NA,NA,NA,0.0,0,-33.88,-22.25,[],0,0,[],[]
38492730,38499710,NA,OLF,0.0,1203,pause,NA,NA,NA,NA,0.0,0,-35.44,-19.96,[],0,0,[],[]
38499710,38500720,NA,MAF,0.0,1203,pause,NA,NA,NA,NA,0.0,0,-30.21,-13.82,[],0,0,[],[]
38500720,38503180,NA,OLN,0.0,1203,pause,NA,NA,NA,NA,0.0,0,-33.36,-27.01,[],0,0,[],[]
38503180,38505080,MAL,MAN,0.0,1203,pause,NA,NA,NA,NA,0.0,0,-32.78,-27.22,[],1900,0,[],[]
38505080,38505920,NA,OLN,0.0,1203,pause,NA,NA,NA,NA,0.0,0,-32.56,-22.41,[],0,0,[],[]
38505920,38506730,NA,OLF,0.0,1203,pause,NA,NA,NA,NA,0.0,0,-37.75,-24.26,[],0,0,[],[]
38506730,38507680,NA,OLN,0.0,1203,pause,NA,NA,NA,NA,0.0,0,-32.11,-22.78,[],0,0,[],[]
38507680,38508990,NA,MAF,0.0,1203,pause,NA,NA,NA,NA,0.0,0,-35.19,-25.22,[],0,0,[],[]
38508990,38509790,NA,OLF,0.0,1203,pause,NA,NA,NA,NA,0.0,0,-33.75,-18.19,[],0,0,[],[]
38509790,38511290,NA,MAF,0.0,1203,pause,NA,NA,NA,NA,0.0,0,-36.64,-23.7,[],0,0,[],[]
38511290,38512260,NA,OLN,0.0,1203,pause,NA,NA,NA,NA,0.0,0,-33.03,-29.41,[],0,0,[],[]
38512260,38513260,NA,MAF,0.0,1203,pause,NA,NA,NA,NA,0.0,0,-35.64,-24.98,[],0,0,[],[]
38513260,38515250,NA,OLN,0.0,1203,pause,NA,NA,NA,NA,0.0,0,-32.98,-20.16,[],0,0,[],[]
38515250,38516390,NA,MAF,0.0,1203,pause,NA,NA,NA,NA,0.0,0,-34.26,-23.28,[],0,0,[],[]
38516390,38517930,NA,OLN,0.0,1203,pause,NA,NA,NA,NA,0.0,0,-33.57,-20.41,[],0,0,[],[]
38517930,38518990,MAL,MAN,0.0,1203,pause,NA,NA,NA,NA,0.0,0,-33.79,-24.57,[],1060,0,[],[]
38518990,38521890,NA,OLN,0.0,1203,pause,NA,NA,NA,NA,0.0,0,-31.43,-16.18,[],0,0,[],[]
38521890,38522890,NA,OLF,0.0,1203,pause,NA,NA,NA,NA,0.0,0,-38.98,-33.43,[],0,0,[],[]
38522890,38529470,NA,OLN,0.0,1203,pause,NA,NA,NA,NA,0.0,0,-31.63,-13.84,[],0,0,[],[]
38529470,38530470,MAL,MAN,2.77,1203,AMM,EC,0,NT,FI,0.0,0,-29.92,-17.53,[],0,0,[],[]
38530470,38536410,NA,OLF,0.0,1204,pause,NA,NA,NA,NA,0.0,0,-30.58,-10.31,[],0,0,[],[]
38536410,38537730,NA,MAF,0.0,1204,pause,NA,NA,NA,NA,0.0,0,-40.32,-36.88,[],0,0,[],[]
38537730,38544820,NA,OLN,0.0,1204,pause,NA,NA,NA,NA,0.0,0,-26.13,-4.64,[],0,0,[],[]
38544820,38547800,MAL,MAN,0.0,1204,pause,NA,NA,NA,NA,0.0,0,-31.26,-16.45,[],2980,0,[],[]
38547800,38552050,NA,OLN,0.0,1204,pause,NA,NA,NA,NA,0.0,0,-29.8,-15.63,[],0,0,[],[]
38552050,38553100,NA,OLF,0.0,1204,pause,NA,NA,NA,NA,0.0,0,-38.58,-30.53,[],0,0,[],[]
38553100,38557700,NA,OLN,0.0,1204,pause,NA,NA,NA,NA,0.0,0,-29.29,-11.85,[],0,0,[],[]
38557700,38558700,NA,MAF,0.0,1204,pause,NA,NA,NA,NA,0.0,0,-37.81,-29.74,[],0,0,[],[]
38558700,38562730,NA,OLN,0.0,1204,pause,NA,NA,NA,NA,0.0,0,-23.29,-11.25,[],0,0,[],[]
38562730,38563550,CHI,CHN,0.0,1204,CM,EC,0,NT,FI,1.0,820,-14.93,-10.3,"[{'Canonical-syllable': '0', 'Growl': '0', 'High-freq-energy': '0', 'Long-island': '1', 'Low-tilt-spectrum': '0', 'Medium-island': '0', 'Short-island': '0', 'Squeal': '0', 'Typical-entropy': '0', 'Voicing-quality': '1', 'Wide-band': '0', 'Xlong-island': '0', 'seq': '1', 'end': 38563.55, 'start': 38562.73}]",0,0,[],[]
38563550,38570370,NA,OLF,0.0,1205,pause,NA,NA,NA,NA,0.0,0,-34.41,-17.84,[],0,0,[],[]
38570370,38592080,NA,OLN,0.0,1205,pause,NA,NA,NA,NA,0.0,0,-28.85,-5.96,[],0,0,[],[]
38592080,38592880,NA,NOF,0.0,1205,pause,NA,NA,NA,NA,0.0,0,-37.83,-24.84,[],0,0,[],[]
38592880,38598210,NA,OLN,0.0,1205,pause,NA,NA,NA,NA,0.0,0,-29.62,-12.56,[],0,0,[],[]
38598210,38600540,NA,MAF,0.0,1205,pause,NA,NA,NA,NA,0.0,0,-35.41,-23.93,[],0,0,[],[]
38600540,38618430,NA,OLN,0.0,1205,pause,NA,NA,NA,NA,0.0,0,-28.73,-5.4,[],0,0,[],[]
38618430,38624910,NA,OLF,0.0,1205,pause,NA,NA,NA,NA,0.0,0,-29.71,-6.99,[],0,0,[],[]
38624910,38626500,NA,MAF,0.0,1205,pause,NA,NA,NA,NA,0.0,0,-38.01,-31.13,[],0,0,[],[]
38626500,38628060,NA,OLN,0.0,1205,pause,NA,NA,NA,NA,0.0,0,-33.97,-20.12,[],0,0,[],[]
38628060,38629060,NA,MAF,0.0,1205,pause,NA,NA,NA,NA,0.0,0,-34.89,-19.96,[],0,0,[],[]
38629060,38629860,NA,OLN,0.0,1205,pause,NA,NA,NA,NA,0.0,0,-32.51,-21.77,[],0,0,[],[]
38629860,38630860,NA,FAF,0.0,1205,pause,NA,NA,NA,NA,0.0,0,-37.8,-32.91,[],0,0,[],[]
38630860,38631660,NA,OLN,0.0,1205,pause,NA,NA,NA,NA,0.0,0,-31.34,-20.71,[],0,0,[],[]
38631660,38632660,NA,MAF,0.0,1205,pause,NA,NA,NA,NA,0.0,0,-35.13,-21.64,[],0,0,[],[]
38632660,38638520,NA,OLN,0.0,1205,pause,NA,NA,NA,NA,0.0,0,-30.5,-8.53,[],0,0,[],[]
38638520,38639320,NA,SIL,0.0,1205,pause,NA,NA,NA,NA,0.0,0,-36.98,-23.17,[],0,0,[],[]
38639320,38642220,NA,OLF,0.0,1205,pause,NA,NA,NA,NA,0.0,0,-32.98,-15.93,[],0,0,[],[]
38642220,38643020,NA,NOF,0.0,1205,pause,NA,NA,NA,NA,0.0,0,-26.22,-13.02,[],0,0,[],[]
38643020,38646990,NA,OLN,0.0,1205,pause,NA,NA,NA,NA,0.0,0,-19.79,-3.99,[],0,0,[],[]
38646990,38648350,FEM,FAN,0.0,1205,pause,NA,NA,NA,NA,0.0,0,-22.34,-20.55,[],1360,0,[],[]
38648350,38650910,NA,OLN,0.0,1205,pause,NA,NA,NA,NA,0.0,0,-20.23,-7.87,[],0,0,[],[]
38650910,38652210,FEM,FAN,0.0,1205,pause,NA,NA,NA,NA,0.0,0,-20.48,-19.17,[],1300,0,[],[]
38652210,38653040,NA,OLN,0.0,1205,pause,NA,NA,NA,NA,0.0,0,-22.73,-10.86,[],0,0,[],[]
38653040,38654060,NA,OLF,0.0,1205,pause,NA,NA,NA,NA,0.0,0,-37.4,-23.0,[],0,0,[],[]
38654060,38661380,NA,OLN,0.0,1205,pause,NA,NA,NA,NA,0.0,0,-31.78,-19.46,[],0,0,[],[]
38661380,38662380,NA,TVF,0.0,1205,pause,NA,NA,NA,NA,0.0,0,-38.93,-34.11,[],0,0,[],[]
38662380,38667760,NA,OLN,0.0,1205,pause,NA,NA,NA,NA,0.0,0,-31.88,-16.31,[],0,0,[],[]
38667760,38669480,NA,TVF,0.0,1205,pause,NA,NA,NA,NA,0.0,0,-38.51,-27.85,[],0,0,[],[]
38669480,38672300,NA,OLF,0.0,1205,pause,NA,NA,NA,NA,0.0,0,-26.9,-5.91,[],0,0,[],[]
38672300,38673300,NA,MAF,0.0,1205,pause,NA,NA,NA,NA,0.0,0,-39.22,-31.66,[],0,0,[],[]
38673300,38675860,NA,OLF,0.0,1205,pause,NA,NA,NA,NA,0.0,0,-24.12,-4.53,[],0,0,[],[]
38675860,38676710,NA,NOF,0.0,1205,pause,NA,NA,NA,NA,0.0,0,-39.28,-33.15,[],0,0,[],[]
38676710,38682240,NA,OLN,0.0,1205,pause,NA,NA,NA,NA,0.0,0,-24.08,-4.92,[],0,0,[],[]
38682240,38683990,NA,OLF,0.0,1205,pause,NA,NA,NA,NA,0.0,0,-32.11,-11.17,[],0,0,[],[]
38683990,38685500,NA,MAF,0.0,1205,pause,NA,NA,NA,NA,0.0,0,-37.35,-19.71,[],0,0,[],[]
38685500,38686320,NA,OLF,0.0,1205,pause,NA,NA,NA,NA,0.0,0,-20.83,-3.24,[],0,0,[],[]
38686320,38688030,NA,NOF,0.0,1205,pause,NA,NA,NA,NA,0.0,0,-27.42,-5.69,[],0,0,[],[]
38688030,38689530,NA,OLN,0.0,1205,pause,NA,NA,NA,NA,0.0,0,-33.05,-19.54,[],0,0,[],[]
38689530,38690330,NA,NOF,0.0,1205,pause,NA,NA,NA,NA,0.0,0,-25.57,-9.5,[],0,0,[],[]
38690330,38691130,NA,MAF,0.0,1205,pause,NA,NA,NA,NA,0.0,0,-40.29,-31.66,[],0,0,[],[]
38691130,38699540,NA,NOF,0.0,1205,pause,NA,NA,NA,NA,0.0,0,-43.76,-30.83,[],0,0,[],[]
38699540,38700340,NA,SIL,0.0,1205,pause,NA,NA,NA,NA,0.0,0,-49.24,-35.98,[],0,0,[],[]
38700340,38702310,NA,NOF,0.0,1205,pause,NA,NA,NA,NA,0.0,0,-41.26,-26.56,[],0,0,[],[]
38702310,38703110,NA,SIL,0.0,1205,pause,NA,NA,NA,NA,0.0,0,-53.8,-44.91,[],0,0,[],[]
38703110,38708520,NA,NOF,0.0,1205,pause,NA,NA,NA,NA,0.0,0,-26.3,-4.58,[],0,0,[],[]
38708520,38710660,NA,OLN,0.0,1205,pause,NA,NA,NA,NA,0.0,0,-25.16,-12.17,[],0,0,[],[]
38710660,38711660,NA,FAF,0.0,1205,pause,NA,NA,NA,NA,0.0,0,-40.05,-33.94,[],0,0,[],[]
38711660,38712660,MAL,MAN,9.52,1205,AMM,EC,0,NT,FI,0.0,0,-38.13,-31.89,[],0,0,[],[]
38712660,38715950,NA,NON,0.0,1206,pause,NA,NA,NA,NA,0.0,0,-16.63,-2.29,[],0,0,[],[]
38715950,38716920,NA,OLN,0.0,1206,pause,NA,NA,NA,NA,0.0,0,-33.28,-21.9,[],0,0,[],[]
38716920,38718020,NA,NON,0.0,1206,pause,NA,NA,NA,NA,0.0,0,-21.17,-5.87,[],0,0,[],[]
38718020,38719770,NA,OLN,0.0,1206,pause,NA,NA,NA,NA,0.0,0,-28.8,-11.69,[],0,0,[],[]
38719770,38720770,MAL,MAN,0.0,1206,pause,NA,NA,NA,NA,0.0,0,-27.76,-24.77,[],1000,0,[],[]
38720770,38722040,NA,OLF,0.0,1206,pause,NA,NA,NA,NA,0.0,0,-20.69,-2.69,[],0,0,[],[]
38722040,38724700,NA,NOF,0.0,1206,pause,NA,NA,NA,NA,0.0,0,-40.48,-24.78,[],0,0,[],[]
38724700,38725790,NA,SIL,0.0,1206,pause,NA,NA,NA,NA,0.0,0,-49.47,-34.18,[],0,0,[],[]
38725790,38727440,NA,NOF,0.0,1206,pause,NA,NA,NA,NA,0.0,0,-38.68,-21.99,[],0,0,[],[]
38727440,38728310,NA,CHF,0.0,1206,pause,NA,NA,NA,NA,0.0,0,-38.18,-35.34,[],0,870,"[{'start': 38727.44, 'end': 38728.31}]",[]
38728310,38729110,NA,NOF,0.0,1206,pause,NA,NA,NA,NA,0.0,0,-37.54,-20.73,[],0,0,[],[]
38729110,38729910,NA,CXF,0.0,1206,pause,NA,NA,NA,NA,0.0,0,-42.03,-25.43,[],0,0,[],[]
38729910,38730720,NA,NOF,0.0,1206,pause,NA,NA,NA,NA,0.0,0,-16.55,-3.24,[],0,0,[],[]
38730720,38732780,CHI,CHN,0.0,1206,pause,NA,NA,NA,NA,0.0,0,-33.82,-27.18,[],0,2060,[],"[{'start': 38730.72, 'end': 38732.78}]"
38732780,38734350,CHI,CHN,0.0,1206,pause,NA,NA,NA,NA,0.0,0,-36.2,-30.91,[],0,1570,[],"[{'start': 38732.78, 'end': 38734.35}]"
38734350,38735180,NA,NOF,0.0,1206,pause,NA,NA,NA,NA,0.0,0,-38.17,-36.34,[],0,0,[],[]
38735180,38736250,CHI,CHN,0.0,1206,pause,NA,NA,NA,NA,0.0,0,-27.62,-9.23,[],0,0,[],[]
38736250,38737150,NA,NOF,0.0,1206,pause,NA,NA,NA,NA,0.0,0,-38.05,-22.47,[],0,0,[],[]
38737150,38737750,FEM,FAN,0.0,1206,pause,NA,NA,NA,NA,0.0,0,-35.17,-30.56,[],600,0,[],[]
38737750,38740260,NA,NOF,0.0,1206,pause,NA,NA,NA,NA,0.0,0,-36.41,-17.13,[],0,0,[],[]
38740260,38741060,NA,OLN,0.0,1206,pause,NA,NA,NA,NA,0.0,0,-33.72,-30.18,[],0,0,[],[]
38741060,38741660,FEM,FAN,0.34,1206,AMF,EC,0,NT,FI,0.0,0,-38.04,-30.17,[],0,0,[],[]
38741660,38742490,NA,SIL,0.0,1207,pause,NA,NA,NA,NA,0.0,0,-48.47,-34.72,[],0,0,[],[]
38742490,38743900,MAL,MAN,0.0,1207,pause,NA,NA,NA,NA,0.0,0,-36.87,-32.94,[],1410,0,[],[]
38743900,38744710,NA,NOF,0.0,1207,pause,NA,NA,NA,NA,0.0,0,-37.37,-20.94,[],0,0,[],[]
38744710,38746210,NA,SIL,0.0,1207,pause,NA,NA,NA,NA,0.0,0,-55.32,-52.09,[],0,0,[],[]
38746210,38746940,CHI,CHN,0.0,1207,pause,NA,NA,NA,NA,0.0,0,-35.61,-21.18,[],0,610,[],"[{'start': 38746.33, 'end': 38746.94}]"
38746940,38748980,NA,NON,0.0,1207,pause,NA,NA,NA,NA,0.0,0,-37.41,-33.11,[],0,0,[],[]
38748980,38750010,FEM,FAN,1.53,1207,AMF,EC,0,NT,FI,0.0,0,-36.33,-25.66,[],0,0,[],[]
38750010,38750810,NA,NOF,0.0,1208,pause,NA,NA,NA,NA,0.0,0,-30.47,-13.94,[],0,0,[],[]
38750810,38751610,NA,SIL,0.0,1208,pause,NA,NA,NA,NA,0.0,0,-18.36,-6.26,[],0,0,[],[]
38751610,38753560,NA,OLN,0.0,1208,pause,NA,NA,NA,NA,0.0,0,-26.75,-6.31,[],0,0,[],[]
38753560,38754610,FEM,FAN,0.0,1208,pause,NA,NA,NA,NA,0.0,0,-28.81,-25.9,[],1050,0,[],[]
38754610,38755450,NA,NOF,0.0,1208,pause,NA,NA,NA,NA,0.0,0,-39.1,-22.61,[],0,0,[],[]
38755450,38756070,NA,CHF,0.0,1208,pause,NA,NA,NA,NA,0.0,0,-40.36,-36.2,[],0,620,[],"[{'start': 38755.45, 'end': 38756.07}]"
38756070,38757090,NA,NOF,0.0,1208,pause,NA,NA,NA,NA,0.0,0,-32.36,-20.61,[],0,0,[],[]
38757090,38757970,NA,SIL,0.0,1208,pause,NA,NA,NA,NA,0.0,0,-40.14,-29.85,[],0,0,[],[]
38757970,38759480,NA,OLF,0.0,1208,pause,NA,NA,NA,NA,0.0,0,-26.48,-8.29,[],0,0,[],[]
38759480,38760520,NA,CHF,0.0,1208,pause,NA,NA,NA,NA,0.0,0,-36.92,-24.1,[],0,170,[],"[{'start': 38759.72, 'end': 38759.89}]"
38760520,38762360,NA,SIL,0.0,1208,pause,NA,NA,NA,NA,0.0,0,-41.3,-23.42,[],0,0,[],[]
38762360,38763180,NA,OLF,0.0,1208,pause,NA,NA,NA,NA,0.0,0,-21.58,-8.65,[],0,0,[],[]
38763180,38763780,CHI,CHN,0.0,1208,pause,NA,NA,NA,NA,0.0,0,-34.1,-26.95,[],0,600,"[{'start': 38763.18, 'end': 38763.78}]",[]
38763780,38764720,NA,OLF,0.0,1208,pause,NA,NA,NA,NA,0.0,0,-20.27,-6.93,[],0,0,[],[]
38764720,38768410,NA,NOF,0.0,1208,pause,NA,NA,NA,NA,0.0,0,-25.24,-6.86,[],0,0,[],[]
38768410,38769380,NA,OLF,0.0,1208,pause,NA,NA,NA,NA,0.0,0,-18.57,-7.2,[],0,0,[],[]
38769380,38770180,NA,NON,0.0,1208,pause,NA,NA,NA,NA,0.0,0,-16.8,-8.58,[],0,0,[],[]
38770180,38771180,CHI,CHN,0.0,1208,pause,NA,NA,NA,NA,0.0,0,-31.28,-16.5,[],0,410,"[{'start': 38770.18, 'end': 38770.59}]",[]
38771180,38772770,NA,NOF,0.0,1208,pause,NA,NA,NA,NA,0.0,0,-40.55,-24.95,[],0,0,[],[]
38772770,38773570,NA,OLN,0.0,1208,pause,NA,NA,NA,NA,0.0,0,-36.02,-33.69,[],0,0,[],[]
38773570,38776480,NA,NON,0.0,1208,pause,NA,NA,NA,NA,0.0,0,-36.61,-31.05,[],0,0,[],[]
38776480,38777160,NA,FAF,0.0,1208,pause,NA,NA,NA,NA,0.0,0,-29.01,-18.79,[],0,0,[],[]
38777160,38778950,NA,NOF,0.0,1208,pause,NA,NA,NA,NA,0.0,0,-25.87,-5.53,[],0,0,[],[]
38778950,38779750,NA,SIL,0.0,1208,pause,NA,NA,NA,NA,0.0,0,-40.92,-30.37,[],0,0,[],[]
38779750,38781770,NA,OLF,0.0,1208,pause,NA,NA,NA,NA,0.0,0,-37.13,-22.74,[],0,0,[],[]
38781770,38782930,NA,CHF,0.0,1208,pause,NA,NA,NA,NA,0.0,0,-39.33,-37.63,[],0,1160,"[{'start': 38781.77, 'end': 38782.93}]",[]
38782930,38789610,NA,NOF,0.0,1208,pause,NA,NA,NA,NA,0.0,0,-41.08,-20.95,[],0,0,[],[]
38789610,38790710,NA,OLF,0.0,1208,pause,NA,NA,NA,NA,0.0,0,-25.98,-9.17,[],0,0,[],[]
38790710,38791910,NA,NOF,0.0,1208,pause,NA,NA,NA,NA,0.0,0,-42.17,-28.35,[],0,0,[],[]
38791910,38793650,NA,SIL,0.0,1208,pause,NA,NA,NA,NA,0.0,0,-54.31,-45.2,[],0,0,[],[]
38793650,38795310,MAL,MAN,4.29,1208,AMM,EC,0,NT,FI,0.0,0,-39.69,-32.26,[],0,0,[],[]
38795310,38796380,NA,SIL,0.0,1209,pause,NA,NA,NA,NA,0.0,0,-54.49,-48.85,[],0,0,[],[]
38796380,38799530,NA,NOF,0.0,1209,pause,NA,NA,NA,NA,0.0,0,-45.99,-30.17,[],0,0,[],[]
38799530,38800690,NA,SIL,0.0,1209,pause,NA,NA,NA,NA,0.0,0,-51.56,-45.26,[],0,0,[],[]
38800690,38801780,NA,NOF,0.0,1209,pause,NA,NA,NA,NA,0.0,0,-48.31,-39.34,[],0,0,[],[]
38801780,38803800,NA,SIL,0.0,1209,pause,NA,NA,NA,NA,0.0,0,-54.26,-41.72,[],0,0,[],[]
38803800,38806260,NA,NOF,0.0,1209,pause,NA,NA,NA,NA,0.0,0,-27.39,-13.53,[],0,0,[],[]
38806260,38807060,NA,SIL,0.0,1209,pause,NA,NA,NA,NA,0.0,0,-40.87,-26.07,[],0,0,[],[]
38807060,38807700,FEM,FAN,0.0,1209,pause,NA,NA,NA,NA,0.0,0,-37.14,-26.81,[],640,0,[],[]
38807700,38809660,NA,NOF,0.0,1209,pause,NA,NA,NA,NA,0.0,0,-41.06,-29.6,[],0,0,[],[]
38809660,38811560,NA,SIL,0.0,1209,pause,NA,NA,NA,NA,0.0,0,-46.9,-38.69,[],0,0,[],[]
38811560,38814770,NA,NOF,0.0,1209,pause,NA,NA,NA,NA,0.0,0,-41.09,-23.92,[],0,0,[],[]
38814770,38817650,NA,OLF,0.0,1209,pause,NA,NA,NA,NA,0.0,0,-30.16,-13.09,[],0,0,[],[]
38817650,38818380,CHI,CHN,0.0,1209,CIC,BC,0,NT,FI,2.0,420,-23.97,-13.57,"[{'Canonical-syllable': '0', 'Growl': '1', 'High-freq-energy': '0', 'Long-island': '0', 'Low-tilt-spectrum': '0', 'Medium-island': '0', 'Short-island': '0', 'Squeal': '0', 'Typical-entropy': '0', 'Voicing-quality': '1', 'Wide-band': '0', 'Xlong-island': '0', 'seq': '1', 'end': 38817.76, 'start': 38817.65}, {'Canonical-syllable': '0', 'Growl': '0', 'High-freq-energy': '0', 'Long-island': '0', 'Low-tilt-spectrum': '0', 'Medium-island': '1', 'Short-island': '0', 'Squeal': '0', 'Typical-entropy': '0', 'Voicing-quality': '1', 'Wide-band': '0', 'Xlong-island': '0', 'seq': '2', 'end': 38818.38, 'start': 38818.07}]",0,0,[],[]
38818380,38819280,NA,OLN,0.0,1209,CIC,NA,NA,NA,NA,0.0,0,-18.96,-5.75,[],0,0,[],[]
38819280,38820080,NA,NOF,0.0,1209,CIC,NA,NA,NA,NA,0.0,0,-37.24,-24.14,[],0,0,[],[]
38820080,38820880,NA,OLN,0.0,1209,CIC,NA,NA,NA,NA,0.0,0,-23.05,-9.17,[],0,0,[],[]
38820880,38821790,NA,OLF,0.0,1209,CIC,NA,NA,NA,NA,0.0,0,-43.92,-31.85,[],0,0,[],[]
38821790,38822580,CHI,CHN,0.0,1209,CIC,RC,0,NT,FH,1.0,790,-19.64,-12.05,"[{'Canonical-syllable': '0', 'Growl': '0', 'High-freq-energy': '0', 'Long-island': '0', 'Low-tilt-spectrum': '1', 'Medium-island': '1', 'Short-island': '1', 'Squeal': '1', 'Typical-entropy': '2', 'Voicing-quality': '2', 'Wide-band': '0', 'Xlong-island': '0', 'seq': '1', 'end': 38822.58, 'start': 38821.79}]",0,0,[],[]
38822580,38823470,NA,NOF,0.0,1209,CIC,NA,NA,NA,NA,0.0,0,-45.9,-34.07,[],0,0,[],[]
38823470,38824490,NA,TVF,0.0,1209,CIC,NA,NA,NA,NA,0.0,0,-51.94,-47.32,[],0,0,[],[]
38824490,38825780,NA,SIL,0.0,1209,CIC,NA,NA,NA,NA,0.0,0,-55.49,-45.23,[],0,0,[],[]
38825780,38826820,OCH,CXN,0.0,1209,CIC,RC,0,NT,FI,0.0,0,-26.15,-19.21,[],0,0,[],[]
38826820,38827520,CHI,CHN,0.0,1209,CIC,RC,0,NT,FI,1.0,560,-21.53,-14.33,"[{'Canonical-syllable': '0', 'Growl': '0', 'High-freq-energy': '0', 'Long-island': '0', 'Low-tilt-spectrum': '0', 'Medium-island': '1', 'Short-island': '0', 'Squeal': '0', 'Typical-entropy': '0', 'Voicing-quality': '1', 'Wide-band': '0', 'Xlong-island': '0', 'seq': '1', 'end': 38827.38, 'start': 38826.91}]",0,0,[],[]
38827520,38828810,NA,NOF,0.0,1209,CIC,NA,NA,NA,NA,0.0,0,-39.75,-23.97,[],0,0,[],[]
38828810,38829590,OCH,CXN,0.0,1209,CIC,RC,0,NT,FI,0.0,0,-28.32,-19.82,[],0,0,[],[]
38829590,38830460,NA,NOF,0.0,1209,CIC,NA,NA,NA,NA,0.0,0,-48.88,-42.43,[],0,0,[],[]
38830460,38831060,OCH,CXN,0.0,1209,CIC,RC,0,NT,FH,0.0,0,-27.77,-20.34,[],0,0,[],[]
38831060,38832280,NA,SIL,0.0,1209,CIC,NA,NA,NA,NA,0.0,0,-53.37,-44.17,[],0,0,[],[]
38832280,38833850,NA,FAF,0.0,1209,CIC,NA,NA,NA,NA,0.0,0,-43.8,-35.22,[],0,0,[],[]
38833850,38834850,NA,TVF,0.0,1209,CIC,NA,NA,NA,NA,0.0,0,-55.57,-52.15,[],0,0,[],[]
38834850,38835740,NA,NOF,0.0,1209,CIC,NA,NA,NA,NA,0.0,0,-42.85,-31.7,[],0,0,[],[]
38835740,38836340,OCH,CXN,0.0,1209,CIC,RC,0,NT,FH,0.0,0,-17.94,-10.22,[],0,0,[],[]
38836340,38839570,FEM,FAN,10.71,1209,CIC,RC,0,TIFI,FI,0.0,0,-29.37,-13.57,[],0,0,[],[]
38839570,38840910,NA,NOF,0.0,1209,CIC,NA,NA,NA,NA,0.0,0,-40.87,-29.22,[],0,0,[],[]
38840910,38841510,CHI,CHN,0.0,1209,CIC,RC,1,TIFR,FI,1.0,430,-18.31,-8.45,"[{'Canonical-syllable': '0', 'Growl': '0', 'High-freq-energy': '0', 'Long-island': '0', 'Low-tilt-spectrum': '0', 'Medium-island': '1', 'Short-island': '0', 'Squeal': '0', 'Typical-entropy': '0', 'Voicing-quality': '1', 'Wide-band': '0', 'Xlong-island': '0', 'seq': '1', 'end': 38841.34, 'start': 38840.91}]",0,0,[],[]
38841510,38842310,NA,OLN,0.0,1209,CIC,NA,NA,NA,NA,0.0,0,-34.43,-20.53,[],0,0,[],[]
38842310,38843120,NA,OLF,0.0,1209,CIC,NA,NA,NA,NA,0.0,0,-16.51,-4.49,[],0,0,[],[]
38843120,38843720,CHI,CHN,0.0,1209,CIC,EC,1,NT,FH,1.0,460,-21.62,-7.59,"[{'Canonical-syllable': '0', 'Growl': '2', 'High-freq-energy': '0', 'Long-island': '0', 'Low-tilt-spectrum': '2', 'Medium-island': '0', 'Short-island': '2', 'Squeal': '0', 'Typical-entropy': '1', 'Voicing-quality': '2', 'Wide-band': '0', 'Xlong-island': '0', 'seq': '1', 'end': 38843.58, 'start': 38843.12}]",0,0,[],[]
38843720,38844840,NA,OLN,0.0,1210,pause,NA,NA,NA,NA,0.0,0,-19.97,-4.84,[],0,0,[],[]
38844840,38845640,NA,NOF,0.0,1210,pause,NA,NA,NA,NA,0.0,0,-44.85,-38.87,[],0,0,[],[]
38845640,38846440,NA,OLN,0.0,1210,pause,NA,NA,NA,NA,0.0,0,-15.95,-2.04,[],0,0,[],[]
38846440,38849450,NA,NOF,0.0,1210,pause,NA,NA,NA,NA,0.0,0,-37.51,-15.19,[],0,0,[],[]
38849450,38850860,NA,SIL,0.0,1210,pause,NA,NA,NA,NA,0.0,0,-50.45,-38.22,[],0,0,[],[]
38850860,38851940,NA,NOF,0.0,1210,pause,NA,NA,NA,NA,0.0,0,-26.37,-9.69,[],0,0,[],[]
38851940,38852740,NA,OLN,0.0,1210,pause,NA,NA,NA,NA,0.0,0,-37.17,-29.74,[],0,0,[],[]
38852740,38854480,NA,NOF,0.0,1210,pause,NA,NA,NA,NA,0.0,0,-31.77,-17.06,[],0,0,[],[]
38854480,38855200,NA,CHF,0.0,1210,CM,EC,0,NT,FI,1.0,720,-41.9,-39.02,"[{'Canonical-syllable': '0', 'Growl': '1', 'High-freq-energy': '0', 'Long-island': '1', 'Low-tilt-spectrum': '1', 'Medium-island': '0', 'Short-island': '0', 'Squeal': '0', 'Typical-entropy': '0', 'Voicing-quality': '1', 'Wide-band': '0', 'Xlong-island': '0', 'seq': '1', 'end': 38855.2, 'start': 38854.48}]",0,0,[],[]
38855200,38857440,NA,NOF,0.0,1211,pause,NA,NA,NA,NA,0.0,0,-21.69,-3.24,[],0,0,[],[]
38857440,38858110,CHI,CHN,0.0,1211,pause,NA,NA,NA,NA,0.0,0,-21.77,-5.72,[],0,0,[],[]
38858110,38859010,NA,OLF,0.0,1211,pause,NA,NA,NA,NA,0.0,0,-23.32,-5.76,[],0,0,[],[]
38859010,38864160,NA,NOF,0.0,1211,pause,NA,NA,NA,NA,0.0,0,-30.08,-11.22,[],0,0,[],[]
38864160,38864960,NA,SIL,0.0,1211,pause,NA,NA,NA,NA,0.0,0,-51.26,-45.92,[],0,0,[],[]
38864960,38865880,NA,NOF,0.0,1211,pause,NA,NA,NA,NA,0.0,0,-47.17,-36.01,[],0,0,[],[]
38865880,38866870,NA,SIL,0.0,1211,pause,NA,NA,NA,NA,0.0,0,-50.15,-37.72,[],0,0,[],[]
38866870,38867900,NA,MAF,0.0,1211,pause,NA,NA,NA,NA,0.0,0,-42.05,-33.64,[],0,0,[],[]
38867900,38869860,CHI,CHN,0.0,1211,CIC,BC,0,TIFI,FI,2.0,1580,-19.72,-11.09,"[{'Canonical-syllable': '0', 'Growl': '0', 'High-freq-energy': '0', 'Long-island': '0', 'Low-tilt-spectrum': '0', 'Medium-island': '1', 'Short-island': '0', 'Squeal': '0', 'Typical-entropy': '0', 'Voicing-quality': '1', 'Wide-band': '0', 'Xlong-island': '0', 'seq': '1', 'end': 38868.46, 'start': 38868.17}, {'Canonical-syllable': '0', 'Growl': '0', 'High-freq-energy': '0', 'Long-island': '0', 'Low-tilt-spectrum': '1', 'Medium-island': '0', 'Short-island': '0', 'Squeal': '0', 'Typical-entropy': '1', 'Voicing-quality': '1', 'Wide-band': '0', 'Xlong-island': '1', 'seq': '2', 'end': 38869.86, 'start': 38868.84}]",0,0,[],[]
38869860,38871620,FEM,FAN,8.48,1211,CIC,RC,1,TIFR,FI,0.0,0,-30.72,-24.77,[],0,0,[],[]
38871620,38872430,OCH,CXN,0.0,1211,CIC,RC,1,NT,FI,0.0,0,-36.02,-29.03,[],0,0,[],[]
38872430,38875660,NA,NOF,0.0,1211,CIC,NA,NA,NA,NA,0.0,0,-25.2,-3.77,[],0,0,[],[]
38875660,38876860,OCH,CXN,0.0,1211,CIC,RC,1,NT,FH,0.0,0,-32.79,-20.26,[],0,0,[],[]
38876860,38877460,CHI,CHN,0.0,1211,CIC,RC,1,NT,FI,1.0,410,-27.32,-18.21,"[{'Canonical-syllable': '1', 'Growl': '0', 'High-freq-energy': '0', 'Long-island': '0', 'Low-tilt-spectrum': '0', 'Medium-island': '1', 'Short-island': '0', 'Squeal': '0', 'Typical-entropy': '0', 'Voicing-quality': '1', 'Wide-band': '0', 'Xlong-island': '0', 'seq': '1', 'end': 38877.27, 'start': 38877.01}]",0,0,[],[]
38877460,38878350,NA,NOF,0.0,1211,CIC,NA,NA,NA,NA,0.0,0,-44.37,-35.15,[],0,0,[],[]
38878350,38879500,NA,SIL,0.0,1211,CIC,NA,NA,NA,NA,0.0,0,-50.19,-34.18,[],0,0,[],[]
38879500,38880300,NA,NOF,0.0,1211,CIC,NA,NA,NA,NA,0.0,0,-43.84,-35.87,[],0,0,[],[]
38880300,38881270,CHI,CHN,0.0,1211,CIC,RC,1,NT,FH,2.0,630,-26.34,-18.93,"[{'Canonical-syllable': '0', 'Growl': '1', 'High-freq-energy': '1', 'Long-island': '0', 'Low-tilt-spectrum': '1', 'Medium-island': '0', 'Short-island': '2', 'Squeal': '0', 'Typical-entropy': '2', 'Voicing-quality': '2', 'Wide-band': '0', 'Xlong-island': '0', 'seq': '1', 'end': 38880.79, 'start': 38880.3}, {'Canonical-syllable': '0', 'Growl': '1', 'High-freq-energy': '0', 'Long-island': '0', 'Low-tilt-spectrum': '1', 'Medium-island': '0', 'Short-island': '0', 'Squeal': '0', 'Typical-entropy': '1', 'Voicing-quality': '0', 'Wide-band': '0', 'Xlong-island': '0', 'seq': '2', 'end': 38881.27, 'start': 38881.13}]",0,0,[],[]
38881270,38882230,NA,SIL,0.0,1211,CIC,NA,NA,NA,NA,0.0,0,-51.62,-35.21,[],0,0,[],[]
38882230,38883830,CHI,CHN,0.0,1211,CIC,RC,1,NT,FH,2.0,540,-28.13,-19.14,"[{'Canonical-syllable': '1', 'Growl': '0', 'High-freq-energy': '0', 'Long-island': '0', 'Low-tilt-spectrum': '0', 'Medium-island': '0', 'Short-island': '1', 'Squeal': '0', 'Typical-entropy': '0', 'Voicing-quality': '1', 'Wide-band': '0', 'Xlong-island': '0', 'seq': '1', 'end': 38882.82, 'start': 38882.59}, {'Canonical-syllable': '0', 'Growl': '1', 'High-freq-energy': '0', 'Long-island': '0', 'Low-tilt-spectrum': '0', 'Medium-island': '1', 'Short-island': '0', 'Squeal': '0', 'Typical-entropy': '0', 'Voicing-quality': '1', 'Wide-band': '0', 'Xlong-island': '0', 'seq': '2', 'end': 38883.83, 'start': 38883.52}]",0,0,[],[]
38883830,38884630,OCH,CXN,0.0,1211,CIC,RC,1,NT,FI,0.0,0,-25.42,-17.14,[],0,0,[],[]
38884630,38885630,FEM,FAN,4.03,1211,CIC,RC,1,TIFI,FI,0.0,0,-45.45,-40.2,[],0,0,[],[]
38885630,38886430,NA,NOF,0.0,1211,CIC,NA,NA,NA,NA,0.0,0,-43.85,-34.74,[],0,0,[],[]
38886430,38887570,CHI,CHN,0.0,1211,CIC,RC,2,TIFR,FI,2.0,700,-25.39,-15.53,"[{'Canonical-syllable': '1', 'Growl': '0', 'High-freq-energy': '0', 'Long-island': '0', 'Low-tilt-spectrum': '0', 'Medium-island': '1', 'Short-island': '0', 'Squeal': '0', 'Typical-entropy': '0', 'Voicing-quality': '1', 'Wide-band': '0', 'Xlong-island': '0', 'seq': '1', 'end': 38886.74, 'start': 38886.43}, {'Canonical-syllable': '1', 'Growl': '0', 'High-freq-energy': '0', 'Long-island': '0', 'Low-tilt-spectrum': '0', 'Medium-island': '1', 'Short-island': '0', 'Squeal': '0', 'Typical-entropy': '1', 'Voicing-quality': '1', 'Wide-band': '0', 'Xlong-island': '0', 'seq': '2', 'end': 38887.57, 'start': 38887.18}]",0,0,[],[]
38887570,38889700,NA,FAF,0.0,1211,CIC,NA,NA,NA,NA,0.0,0,-43.62,-28.61,[],0,0,[],[]
38889700,38890850,FEM,FAN,4.01,1211,CIC,RC,2,TIFI,FI,0.0,0,-35.24,-20.14,[],0,0,[],[]
38890850,38892110,CHI,CHN,0.0,1211,CIC,RC,3,TIFR,FI,1.0,1260,-18.37,-11.44,"[{'Canonical-syllable': '0', 'Growl': '0', 'High-freq-energy': '0', 'Long-island': '0', 'Low-tilt-spectrum': '0', 'Medium-island': '2', 'Short-island': '0', 'Squeal': '0', 'Typical-entropy': '0', 'Voicing-quality': '2', 'Wide-band': '0', 'Xlong-island': '0', 'seq': '1', 'end': 38892.11, 'start': 38890.85}]",0,0,[],[]
38892110,38893050,NA,OLN,0.0,1211,CIC,NA,NA,NA,NA,0.0,0,-28.66,-17.6,[],0,0,[],[]
38893050,38893840,CHI,CHN,0.0,1211,CIC,RC,3,NT,FH,1.0,600,-30.32,-21.08,"[{'Canonical-syllable': '1', 'Growl': '0', 'High-freq-energy': '0', 'Long-island': '0', 'Low-tilt-spectrum': '0', 'Medium-island': '1', 'Short-island': '0', 'Squeal': '0', 'Typical-entropy': '1', 'Voicing-quality': '1', 'Wide-band': '0', 'Xlong-island': '0', 'seq': '1', 'end': 38893.65, 'start': 38893.31}]",0,0,[],[]
38893840,38894640,NA,NOF,0.0,1211,CIC,NA,NA,NA,NA,0.0,0,-41.61,-29.98,[],0,0,[],[]
38894640,38895520,OCH,CXN,0.0,1211,CIC,RC,3,NT,FI,0.0,0,-28.76,-21.27,[],0,0,[],[]
38895520,38896460,CHI,CHN,0.0,1211,CIC,RC,3,NT,FI,1.0,310,-29.6,-20.03,"[{'Canonical-syllable': '1', 'Growl': '0', 'High-freq-energy': '0', 'Long-island': '0', 'Low-tilt-spectrum': '1', 'Medium-island': '1', 'Short-island': '0', 'Squeal': '0', 'Typical-entropy': '1', 'Voicing-quality': '1', 'Wide-band': '0', 'Xlong-island': '0', 'seq': '1', 'end': 38896.46, 'start': 38896.15}]",0,0,[],[]
38896460,38897260,NA,SIL,0.0,1211,CIC,NA,NA,NA,NA,0.0,0,-51.91,-44.89,[],0,0,[],[]
38897260,38898580,CHI,CHN,0.0,1211,CIC,RC,3,NT,FH,1.0,1320,-22.55,-15.05,"[{'Canonical-syllable': '2', 'Growl': '0', 'High-freq-energy': '0', 'Long-island': '0', 'Low-tilt-spectrum': '0', 'Medium-island': '1', 'Short-island': '3', 'Squeal': '0', 'Typical-entropy': '1', 'Voicing-quality': '4', 'Wide-band': '0', 'Xlong-island': '0', 'seq': '1', 'end': 38898.58, 'start': 38897.26}]",0,0,[],[]
38898580,38899380,NA,SIL,0.0,1211,CIC,NA,NA,NA,NA,0.0,0,-48.71,-40.2,[],0,0,[],[]
38899380,38900380,OCH,CXN,0.0,1211,CIC,RC,3,NT,FI,0.0,0,-41.16,-32.9,[],0,0,[],[]
38900380,38901670,NA,SIL,0.0,1211,CIC,NA,NA,NA,NA,0.0,0,-53.55,-41.15,[],0,0,[],[]
38901670,38902520,OCH,CXN,0.0,1211,CIC,RC,3,NT,FH,0.0,0,-28.43,-21.41,[],0,0,[],[]
38902520,38905840,NA,NOF,0.0,1211,CIC,NA,NA,NA,NA,0.0,0,-40.98,-26.73,[],0,0,[],[]
38905840,38906860,OCH,CXN,0.0,1211,CIC,RC,3,NT,FH,0.0,0,-32.42,-23.7,[],0,0,[],[]
38906860,38907460,CHI,CHN,0.0,1211,CIC,RC,3,NT,FI,1.0,600,-20.89,-14.78,"[{'Canonical-syllable': '0', 'Growl': '0', 'High-freq-energy': '0', 'Long-island': '0', 'Low-tilt-spectrum': '0', 'Medium-island': '1', 'Short-island': '0', 'Squeal': '0', 'Typical-entropy': '0', 'Voicing-quality': '1', 'Wide-band': '0', 'Xlong-island': '0', 'seq': '1', 'end': 38907.46, 'start': 38906.86}]",0,0,[],[]
38907460,38908310,NA,OLF,0.0,1211,CIC,NA,NA,NA,NA,0.0,0,-28.47,-12.25,[],0,0,[],[]
38908310,38909470,CHI,CHN,0.0,1211,CIC,RC,3,NT,FH,1.0,1160,-15.77,-10.84,"[{'Canonical-syllable': '0', 'Growl': '1', 'High-freq-energy': '0', 'Long-island': '1', 'Low-tilt-spectrum': '0', 'Medium-island': '0', 'Short-island': '0', 'Squeal': '0', 'Typical-entropy': '0', 'Voicing-quality': '2', 'Wide-band': '1', 'Xlong-island': '0', 'seq': '1', 'end': 38909.47, 'start': 38908.31}]",0,0,[],[]
38909470,38910380,NA,SIL,0.0,1211,CIC,NA,NA,NA,NA,0.0,0,-51.19,-39.47,[],0,0,[],[]
38910380,38911590,NA,MAF,0.0,1211,CIC,NA,NA,NA,NA,0.0,0,-41.3,-33.45,[],0,0,[],[]
38911590,38912190,NA,FAF,0.0,1211,CIC,NA,NA,NA,NA,0.0,0,-42.07,-36.13,[],0,0,[],[]
38912190,38913010,NA,NOF,0.0,1211,CIC,NA,NA,NA,NA,0.0,0,-23.45,-7.59,[],0,0,[],[]
38913010,38913610,CHI,CHN,0.0,1211,CIC,EC,3,NT,FH,1.0,600,-17.32,-10.35,"[{'Canonical-syllable': '2', 'Growl': '0', 'High-freq-energy': '0', 'Long-island': '0', 'Low-tilt-spectrum': '0', 'Medium-island': '0', 'Short-island': '2', 'Squeal': '0', 'Typical-entropy': '2', 'Voicing-quality': '2', 'Wide-band': '0', 'Xlong-island': '0', 'seq': '1', 'end': 38913.61, 'start': 38913.01}]",0,0,[],[]
38913610,38916190,NA,SIL,0.0,1212,pause,NA,NA,NA,NA,0.0,0,-45.91,-33.26,[],0,0,[],[]
38916190,38920740,NA,NOF,0.0,1212,pause,NA,NA,NA,NA,0.0,0,-29.27,-10.78,[],0,0,[],[]
38920740,38921550,NA,OLF,0.0,1212,pause,NA,NA,NA,NA,0.0,0,-25.02,-16.73,[],0,0,[],[]
38921550,38925110,NA,NOF,0.0,1212,pause,NA,NA,NA,NA,0.0,0,-30.29,-14.48,[],0,0,[],[]
38925110,38925910,NA,SIL,0.0,1212,pause,NA,NA,NA,NA,0.0,0,-48.34,-40.58,[],0,0,[],[]
38925910,38927910,NA,NOF,0.0,1212,pause,NA,NA,NA,NA,0.0,0,-37.68,-26.29,[],0,0,[],[]
38927910,38928980,NA,OLN,0.0,1212,pause,NA,NA,NA,NA,0.0,0,-24.35,-9.76,[],0,0,[],[]
38928980,38931410,NA,NOF,0.0,1212,pause,NA,NA,NA,NA,0.0,0,-16.24,-3.95,[],0,0,[],[]
38931410,38932200,CHI,CHN,0.0,1212,CIC,BC,0,NT,FI,1.0,350,-20.05,-10.66,"[{'Canonical-syllable': '0', 'Growl': '0', 'High-freq-energy': '0', 'Long-island': '0', 'Low-tilt-spectrum': '1', 'Medium-island': '1', 'Short-island': '0', 'Squeal': '0', 'Typical-entropy': '1', 'Voicing-quality': '1', 'Wide-band': '0', 'Xlong-island': '0', 'seq': '1', 'end': 38932.08, 'start': 38931.73}]",0,0,[],[]
38932200,38933200,CHI,CHN,0.0,1212,CIC,RC,0,NT,FH,2.0,680,-19.25,-10.81,"[{'Canonical-syllable': '1', 'Growl': '0', 'High-freq-energy': '0', 'Long-island': '0', 'Low-tilt-spectrum': '0', 'Medium-island': '1', 'Short-island': '0', 'Squeal': '0', 'Typical-entropy': '1', 'Voicing-quality': '1', 'Wide-band': '0', 'Xlong-island': '0', 'seq': '1', 'end': 38932.64, 'start': 38932.31}, {'Canonical-syllable': '1', 'Growl': '0', 'High-freq-energy': '0', 'Long-island': '0', 'Low-tilt-spectrum': '0', 'Medium-island': '0', 'Short-island': '1', 'Squeal': '0', 'Typical-entropy': '0', 'Voicing-quality': '1', 'Wide-band': '0', 'Xlong-island': '0', 'seq': '2', 'end': 38933.2, 'start': 38932.96}]",0,0,[],[]
38933200,38934400,CHI,CHN,0.0,1212,CIC,RC,0,NT,FH,2.0,710,-14.71,-3.01,"[{'Canonical-syllable': '0', 'Growl': '0', 'High-freq-energy': '0', 'Long-island': '0', 'Low-tilt-spectrum': '0', 'Medium-island': '1', 'Short-island': '1', 'Squeal': '0', 'Typical-entropy': '0', 'Voicing-quality': '2', 'Wide-band': '0', 'Xlong-island': '0', 'seq': '1', 'end': 38933.83, 'start': 38933.2}, {'Canonical-syllable': '0', 'Growl': '0', 'High-freq-energy': '1', 'Long-island': '0', 'Low-tilt-spectrum': '1', 'Medium-island': '0', 'Short-island': '0', 'Squeal': '0', 'Typical-entropy': '1', 'Voicing-quality': '1', 'Wide-band': '0', 'Xlong-island': '0', 'seq': '2', 'end': 38934.29, 'start': 38934.21}]",0,0,[],[]
38934400,38935640,NA,OLN,0.0,1212,CIC,NA,NA,NA,NA,0.0,0,-15.7,-6.01,[],0,0,[],[]
38935640,38936760,CHI,CHN,0.0,1212,CIC,RC,0,NT,FH,1.0,1120,-18.25,-10.29,"[{'Canonical-syllable': '0', 'Growl': '0', 'High-freq-energy': '0', 'Long-island': '0', 'Low-tilt-spectrum': '1', 'Medium-island': '2', 'Short-island': '0', 'Squeal': '0', 'Typical-entropy': '2', 'Voicing-quality': '2', 'Wide-band': '0', 'Xlong-island': '0', 'seq': '1', 'end': 38936.76, 'start': 38935.64}]",0,0,[],[]
38936760,38937890,OCH,CXN,0.0,1212,CIC,RC,0,NT,FI,0.0,0,-20.66,-10.15,[],0,0,[],[]
38937890,38939050,NA,OLN,0.0,1212,CIC,NA,NA,NA,NA,0.0,0,-14.86,-3.83,[],0,0,[],[]
38939050,38940630,NA,NOF,0.0,1212,CIC,NA,NA,NA,NA,0.0,0,-24.5,-6.27,[],0,0,[],[]
38940630,38941380,CHI,CHN,0.0,1212,CIC,RC,0,NT,FI,1.0,330,-24.1,-14.63,"[{'Canonical-syllable': '0', 'Growl': '0', 'High-freq-energy': '0', 'Long-island': '0', 'Low-tilt-spectrum': '0', 'Medium-island': '1', 'Short-island': '0', 'Squeal': '0', 'Typical-entropy': '0', 'Voicing-quality': '1', 'Wide-band': '0', 'Xlong-island': '0', 'seq': '1', 'end': 38940.96, 'start': 38940.63}]",0,0,[],[]
38941380,38942380,CHI,CHN,0.0,1212,CIC,RC,0,NT,FH,2.0,550,-20.77,-12.64,"[{'Canonical-syllable': '0', 'Growl': '1', 'High-freq-energy': '0', 'Long-island': '0', 'Low-tilt-spectrum': '0', 'Medium-island': '0', 'Short-island': '1', 'Squeal': '0', 'Typical-entropy': '0', 'Voicing-quality': '1', 'Wide-band': '0', 'Xlong-island': '0', 'seq': '1', 'end': 38941.63, 'start': 38941.38}, {'Canonical-syllable': '1', 'Growl': '0', 'High-freq-energy': '0', 'Long-island': '0', 'Low-tilt-spectrum': '0', 'Medium-island': '1', 'Short-island': '0', 'Squeal': '0', 'Typical-entropy': '1', 'Voicing-quality': '1', 'Wide-band': '0', 'Xlong-island': '0', 'seq': '2', 'end': 38942.24, 'start': 38941.94}]",0,0,[],[]
38942380,38943000,CHI,CHN,0.0,1212,CIC,RC,0,NT,FH,1.0,530,-13.76,-4.6,"[{'Canonical-syllable': '1', 'Growl': '0', 'High-freq-energy': '1', 'Long-island': '0', 'Low-tilt-spectrum': '1', 'Medium-island': '1', 'Short-island': '0', 'Squeal': '0', 'Typical-entropy': '1', 'Voicing-quality': '1', 'Wide-band': '0', 'Xlong-island': '0', 'seq': '1', 'end': 38942.91, 'start': 38942.6}]",0,0,[],[]
38943000,38943800,NA,NOF,0.0,1212,CIC,NA,NA,NA,NA,0.0,0,-35.13,-25.89,[],0,0,[],[]
38943800,38944400,CHI,CHN,0.0,1212,CIC,RC,0,NT,FH,1.0,600,-32.08,-22.89,"[{'Canonical-syllable': '0', 'Growl': '1', 'High-freq-energy': '1', 'Long-island': '0', 'Low-tilt-spectrum': '1', 'Medium-island': '1', 'Short-island': '0', 'Squeal': '0', 'Typical-entropy': '1', 'Voicing-quality': '1', 'Wide-band': '0', 'Xlong-island': '0', 'seq': '1', 'end': 38944.4, 'start': 38943.8}]",0,0,[],[]
38944400,38945200,NA,SIL,0.0,1212,CIC,NA,NA,NA,NA,0.0,0,-41.48,-32.78,[],0,0,[],[]
38945200,38946210,CHI,CHN,0.0,1212,CIC,RC,0,NT,FH,1.0,1010,-19.24,-11.98,"[{'Canonical-syllable': '1', 'Growl': '0', 'High-freq-energy': '0', 'Long-island': '0', 'Low-tilt-spectrum': '1', 'Medium-island': '2', 'Short-island': '0', 'Squeal': '0', 'Typical-entropy': '2', 'Voicing-quality': '2', 'Wide-band': '0', 'Xlong-island': '0', 'seq': '1', 'end': 38946.21, 'start': 38945.41}]",0,0,[],[]
38946210,38947310,CHI,CHN,0.0,1212,CIC,RC,0,NT,FH,1.0,1100,-22.65,-11.34,"[{'Canonical-syllable': '1', 'Growl': '0', 'High-freq-energy': '0', 'Long-island': '0', 'Low-tilt-spectrum': '0', 'Medium-island': '0', 'Short-island': '2', 'Squeal': '0', 'Typical-entropy': '1', 'Voicing-quality': '2', 'Wide-band': '0', 'Xlong-island': '0', 'seq': '1', 'end': 38947.31, 'start': 38946.5}]",0,0,[],[]
38947310,38948110,NA,OLN,0.0,1212,CIC,NA,NA,NA,NA,0.0,0,-25.71,-10.25,[],0,0,[],[]
38948110,38949180,NA,FAF,0.0,1212,CIC,NA,NA,NA,NA,0.0,0,-40.69,-33.09,[],0,0,[],[]
38949180,38949840,CHI,CHN,0.0,1212,CIC,RC,0,NT,FH,1.0,180,-21.5,-6.13,"[{'Canonical-syllable': '0', 'Growl': '0', 'High-freq-energy': '0', 'Long-island': '0', 'Low-tilt-spectrum': '1', 'Medium-island': '0', 'Short-island': '1', 'Squeal': '0', 'Typical-entropy': '0', 'Voicing-quality': '1', 'Wide-band': '1', 'Xlong-island': '0', 'seq': '1', 'end': 38949.84, 'start': 38949.66}]",0,0,[],[]
38949840,38950840,CHI,CHN,0.0,1212,CIC,RC,0,NT,FH,2.0,470,-17.49,-6.03,"[{'Canonical-syllable': '0', 'Growl': '0', 'High-freq-energy': '0', 'Long-island': '0', 'Low-tilt-spectrum': '0', 'Medium-island': '0', 'Short-island': '1', 'Squeal': '0', 'Typical-entropy': '1', 'Voicing-quality': '1', 'Wide-band': '0', 'Xlong-island': '0', 'seq': '1', 'end': 38950.02, 'start': 38949.84}, {'Canonical-syllable': '0', 'Growl': '0', 'High-freq-energy': '0', 'Long-island': '0', 'Low-tilt-spectrum': '0', 'Medium-island': '1', 'Short-island': '0', 'Squeal': '0', 'Typical-entropy': '1', 'Voicing-quality': '1', 'Wide-band': '0', 'Xlong-island': '0', 'seq': '2', 'end': 38950.74, 'start': 38950.45}]",0,0,[],[]
38950840,38951560,CHI,CHN,0.0,1212,CIC,RC,0,NT,FH,1.0,600,-18.91,-11.46,"[{'Canonical-syllable': '0', 'Growl': '0', 'High-freq-energy': '0', 'Long-island': '0', 'Low-tilt-spectrum': '0', 'Medium-island': '1', 'Short-island': '0', 'Squeal': '0', 'Typical-entropy': '1', 'Voicing-quality': '1', 'Wide-band': '0', 'Xlong-island': '0', 'seq': '1', 'end': 38951.44, 'start': 38951.09}]",0,0,[],[]
38951560,38953390,NA,NON,0.0,1212,CIC,NA,NA,NA,NA,0.0,0,-13.57,-2.36,[],0,0,[],[]
38953390,38953990,CHI,CHN,0.0,1212,CIC,NA,NA,NA,NA,0.0,0,-34.52,-24.2,[],0,600,[],"[{'start': 38953.39, 'end': 38953.99}]"
38953990,38954800,NA,NOF,0.0,1212,CIC,NA,NA,NA,NA,0.0,0,-13.94,-4.55,[],0,0,[],[]
38954800,38955530,CHI,CHN,0.0,1212,CIC,RC,0,NT,FH,1.0,730,-25.02,-18.24,"[{'Canonical-syllable': '1', 'Growl': '0', 'High-freq-energy': '0', 'Long-island': '0', 'Low-tilt-spectrum': '1', 'Medium-island': '1', 'Short-island': '1', 'Squeal': '0', 'Typical-entropy': '1', 'Voicing-quality': '2', 'Wide-band': '0', 'Xlong-island': '0', 'seq': '1', 'end': 38955.53, 'start': 38954.8}]",0,0,[],[]
38955530,38956620,CHI,CHN,0.0,1212,CIC,RC,0,NT,FH,1.0,870,-25.05,-16.61,"[{'Canonical-syllable': '1', 'Growl': '0', 'High-freq-energy': '0', 'Long-island': '0', 'Low-tilt-spectrum': '0', 'Medium-island': '1', 'Short-island': '1', 'Squeal': '0', 'Typical-entropy': '2', 'Voicing-quality': '2', 'Wide-band': '0', 'Xlong-island': '0', 'seq': '1', 'end': 38956.4, 'start': 38955.53}]",0,0,[],[]
38956620,38960700,CHI,CHN,0.0,1212,CIC,RC,0,NT,FH,3.0,1910,-22.56,-10.71,"[{'Canonical-syllable': '1', 'Growl': '0', 'High-freq-energy': '0', 'Long-island': '0', 'Low-tilt-spectrum': '0', 'Medium-island': '2', 'Short-island': '0', 'Squeal': '0', 'Typical-entropy': '1', 'Voicing-quality': '2', 'Wide-band': '0', 'Xlong-island': '0', 'seq': '1', 'end': 38957.76, 'start': 38957.02}, {'Canonical-syllable': '0', 'Growl': '0', 'High-freq-energy': '0', 'Long-island': '0', 'Low-tilt-spectrum': '0', 'Medium-island': '2', 'Short-island': '0', 'Squeal': '0', 'Typical-entropy': '0', 'Voicing-quality': '2', 'Wide-band': '0', 'Xlong-island': '0', 'seq': '2', 'end': 38959.06, 'start': 38958.46}, {'Canonical-syllable': '0', 'Growl': '0', 'High-freq-energy': '0', 'Long-island': '0', 'Low-tilt-spectrum': '0', 'Medium-island': '1', 'Short-island': '1', 'Squeal': '0', 'Typical-entropy': '0', 'Voicing-quality': '2', 'Wide-band': '0', 'Xlong-island': '0', 'seq': '3', 'end': 38960.42, 'start': 38959.85}]",0,0,[],[]
38960700,38962010,FEM,FAN,0.0,1212,CIC,NA,NA,NA,NA,0.0,0,-30.16,-18.79,[],1310,0,[],[]
38962010,38964080,CHI,CHN,0.0,1212,CIC,RC,0,NT,FH,1.0,1600,-15.14,-2.52,"[{'Canonical-syllable': '1', 'Growl': '0', 'High-freq-energy': '0', 'Long-island': '0', 'Low-tilt-spectrum': '1', 'Medium-island': '2', 'Short-island': '2', 'Squeal': '1', 'Typical-entropy': '2', 'Voicing-quality': '3', 'Wide-band': '0', 'Xlong-island': '0', 'seq': '1', 'end': 38963.95, 'start': 38962.35}]",0,0,[],[]
38964080,38964880,NA,MAF,0.0,1212,CIC,NA,NA,NA,NA,0.0,0,-42.82,-39.35,[],0,0,[],[]
38964880,38965790,CHI,CHN,0.0,1212,CIC,RC,0,TIFI,FH,1.0,910,-15.49,-10.47,"[{'Canonical-syllable': '0', 'Growl': '0', 'High-freq-energy': '0', 'Long-island': '0', 'Low-tilt-spectrum': '1', 'Medium-island': '2', 'Short-island': '0', 'Squeal': '0', 'Typical-entropy': '1', 'Voicing-quality': '2', 'Wide-band': '0', 'Xlong-island': '0', 'seq': '1', 'end': 38965.79, 'start': 38964.88}]",0,0,[],[]
38965790,38967220,FEM,FAN,1.31,1212,CIC,RC,1,TIFR,FI,0.0,0,-31.89,-14.9,[],0,0,[],[]
38967220,38967820,CHI,CHN,0.0,1212,CIC,RC,1,TIFE,FI,1.0,600,-22.77,-17.25,"[{'Canonical-syllable': '0', 'Growl': '0', 'High-freq-energy': '0', 'Long-island': '0', 'Low-tilt-spectrum': '0', 'Medium-island': '1', 'Short-island': '0', 'Squeal': '0', 'Typical-entropy': '0', 'Voicing-quality': '1', 'Wide-band': '0', 'Xlong-island': '0', 'seq': '1', 'end': 38967.82, 'start': 38967.39}]",0,0,[],[]
38967820,38968830,CHI,CHN,0.0,1212,CIC,RC,1,NT,FH,1.0,870,-27.33,-19.09,"[{'Canonical-syllable': '1', 'Growl': '1', 'High-freq-energy': '0', 'Long-island': '0', 'Low-tilt-spectrum': '0', 'Medium-island': '1', 'Short-island': '1', 'Squeal': '0', 'Typical-entropy': '1', 'Voicing-quality': '4', 'Wide-band': '1', 'Xlong-island': '0', 'seq': '1', 'end': 38968.69, 'start': 38967.82}]",0,0,[],[]
38968830,38969430,CHI,CHN,0.0,1212,CIC,RC,1,NT,FH,1.0,490,-24.76,-18.85,"[{'Canonical-syllable': '0', 'Growl': '0', 'High-freq-energy': '0', 'Long-island': '0', 'Low-tilt-spectrum': '0', 'Medium-island': '1', 'Short-island': '0', 'Squeal': '0', 'Typical-entropy': '0', 'Voicing-quality': '1', 'Wide-band': '0', 'Xlong-island': '0', 'seq': '1', 'end': 38969.32, 'start': 38968.83}]",0,0,[],[]
38969430,38970230,NA,MAF,0.0,1212,CIC,NA,NA,NA,NA,0.0,0,-45.84,-35.15,[],0,0,[],[]
38970230,38970830,CHI,CHN,0.0,1212,CIC,RC,1,NT,FH,1.0,320,-28.78,-23.43,"[{'Canonical-syllable': '1', 'Growl': '0', 'High-freq-energy': '0', 'Long-island': '0', 'Low-tilt-spectrum': '0', 'Medium-island': '1', 'Short-island': '0', 'Squeal': '0', 'Typical-entropy': '0', 'Voicing-quality': '1', 'Wide-band': '0', 'Xlong-island': '0', 'seq': '1', 'end': 38970.55, 'start': 38970.23}]",0,0,[],[]
38970830,38971630,NA,SIL,0.0,1212,CIC,NA,NA,NA,NA,0.0,0,-50.45,-43.02,[],0,0,[],[]
38971630,38972700,CHI,CHN,0.0,1212,CIC,RC,1,NT,FH,1.0,1070,-28.02,-21.12,"[{'Canonical-syllable': '0', 'Growl': '0', 'High-freq-energy': '0', 'Long-island': '1', 'Low-tilt-spectrum': '0', 'Medium-island': '0', 'Short-island': '0', 'Squeal': '0', 'Typical-entropy': '0', 'Voicing-quality': '2', 'Wide-band': '0', 'Xlong-island': '0', 'seq': '1', 'end': 38972.7, 'start': 38971.63}]",0,0,[],[]
38972700,38973500,NA,NON,0.0,1212,CIC,NA,NA,NA,NA,0.0,0,-10.05,-2.97,[],0,0,[],[]
38973500,38974110,CHI,CHN,0.0,1212,CIC,RC,1,NT,FH,1.0,610,-29.43,-20.14,"[{'Canonical-syllable': '0', 'Growl': '1', 'High-freq-energy': '1', 'Long-island': '0', 'Low-tilt-spectrum': '1', 'Medium-island': '1', 'Short-island': '0', 'Squeal': '0', 'Typical-entropy': '1', 'Voicing-quality': '1', 'Wide-band': '0', 'Xlong-island': '0', 'seq': '1', 'end': 38974.11, 'start': 38973.5}]",0,0,[],[]
38974110,38975110,NA,MAF,0.0,1212,CIC,NA,NA,NA,NA,0.0,0,-37.56,-29.28,[],0,0,[],[]
38975110,38976250,CHI,CHN,0.0,1212,CIC,RC,1,NT,FH,1.0,1140,-23.94,-15.26,"[{'Canonical-syllable': '1', 'Growl': '0', 'High-freq-energy': '0', 'Long-island': '0', 'Low-tilt-spectrum': '1', 'Medium-island': '1', 'Short-island': '0', 'Squeal': '0', 'Typical-entropy': '1', 'Voicing-quality': '3', 'Wide-band': '0', 'Xlong-island': '0', 'seq': '1', 'end': 38976.25, 'start': 38975.19}]",0,0,[],[]
38976250,38977440,CHI,CHN,0.0,1212,CIC,RC,1,NT,FH,2.0,670,-32.37,-20.48,"[{'Canonical-syllable': '0', 'Growl': '0', 'High-freq-energy': '0', 'Long-island': '0', 'Low-tilt-spectrum': '0', 'Medium-island': '0', 'Short-island': '0', 'Squeal': '0', 'Typical-entropy': '0', 'Voicing-quality': '1', 'Wide-band': '0', 'Xlong-island': '0', 'seq': '1', 'end': 38976.35, 'start': 38976.25}, {'Canonical-syllable': '0', 'Growl': '2', 'High-freq-energy': '1', 'Long-island': '0', 'Low-tilt-spectrum': '2', 'Medium-island': '0', 'Short-island': '1', 'Squeal': '0', 'Typical-entropy': '1', 'Voicing-quality': '2', 'Wide-band': '0', 'Xlong-island': '0', 'seq': '2', 'end': 38977.44, 'start': 38976.87}]",0,0,[],[]
38977440,38981830,NA,NOF,0.0,1212,CIC,NA,NA,NA,NA,0.0,0,-19.7,-3.83,[],0,0,[],[]
38981830,38988610,CHI,CHN,0.0,1212,CIC,RC,1,NT,FH,7.0,3640,-23.29,-10.36,"[{'Canonical-syllable': '1', 'Growl': '0', 'High-freq-energy': '0', 'Long-island': '0', 'Low-tilt-spectrum': '1', 'Medium-island': '2', 'Short-island': '0', 'Squeal': '0', 'Typical-entropy': '2', 'Voicing-quality': '2', 'Wide-band': '0', 'Xlong-island': '0', 'seq': '1', 'end': 38982.68, 'start': 38981.83}, {'Canonical-syllable': '0', 'Growl': '0', 'High-freq-energy': '0', 'Long-island': '0', 'Low-tilt-spectrum': '0', 'Medium-island': '0', 'Short-island': '1', 'Squeal': '0', 'Typical-entropy': '0', 'Voicing-quality': '1', 'Wide-band': '0', 'Xlong-island': '0', 'seq': '2', 'end': 38983.4, 'start': 38983.23}, {'Canonical-syllable': '0', 'Growl': '0', 'High-freq-energy': '0', 'Long-island': '0', 'Low-tilt-spectrum': '0', 'Medium-island': '1', 'Short-island': '0', 'Squeal': '0', 'Typical-entropy': '1', 'Voicing-quality': '1', 'Wide-band': '0', 'Xlong-island': '0', 'seq': '3', 'end': 38984.02, 'start': 38983.7}, {'Canonical-syllable': '0', 'Growl': '0', 'High-freq-energy': '0', 'Long-island': '0', 'Low-tilt-spectrum': '1', 'Medium-island': '0', 'Short-island': '1', 'Squeal': '0', 'Typical-entropy': '1', 'Voicing-quality': '1', 'Wide-band': '0', 'Xlong-island': '0', 'seq': '4', 'end': 38984.73, 'start': 38984.56}, {'Canonical-syllable': '0', 'Growl': '0', 'High-freq-energy': '0', 'Long-island': '0', 'Low-tilt-spectrum': '0', 'Medium-island': '1', 'Short-island': '1', 'Squeal': '0', 'Typical-entropy': '0', 'Voicing-quality': '2', 'Wide-band': '0', 'Xlong-island': '0', 'seq': '5', 'end': 38986.13, 'start': 38985.49}, {'Canonical-syllable': '0', 'Growl': '0', 'High-freq-energy': '0', 'Long-island': '0', 'Low-tilt-spectrum': '1', 'Medium-island': '0', 'Short-island': '1', 'Squeal': '0', 'Typical-entropy': '1', 'Voicing-quality': '1', 'Wide-band': '0', 'Xlong-island': '0', 'seq': '6', 'end': 38986.82, 'start': 38986.59}, {'Canonical-syllable': '2', 'Growl': '0', 'High-freq-energy': '0', 'Long-island': '0', 'Low-tilt-spectrum': '0', 'Medium-island': '1', 'Short-island': '2', 'Squeal': '0', 'Typical-entropy': '0', 'Voicing-quality': '3', 'Wide-band': '0', 'Xlong-island': '0', 'seq': '7', 'end': 38988.45, 'start': 38987.49}]",0,0,[],[]
38988610,38989410,CHI,CHN,0.0,1212,CIC,RC,1,NT,FH,1.0,210,-21.41,-10.35,"[{'Canonical-syllable': '0', 'Growl': '0', 'High-freq-energy': '0', 'Long-island': '0', 'Low-tilt-spectrum': '0', 'Medium-island': '0', 'Short-island': '1', 'Squeal': '0', 'Typical-entropy': '0', 'Voicing-quality': '1', 'Wide-band': '0', 'Xlong-island': '0', 'seq': '1', 'end': 38989.15, 'start': 38988.94}]",0,0,[],[]
38989410,38990200,CHI,CHN,0.0,1212,CIC,RC,1,NT,FH,1.0,670,-22.39,-15.16,"[{'Canonical-syllable': '0', 'Growl': '0', 'High-freq-energy': '0', 'Long-island': '0', 'Low-tilt-spectrum': '0', 'Medium-island': '1', 'Short-island': '1', 'Squeal': '0', 'Typical-entropy': '0', 'Voicing-quality': '2', 'Wide-band': '0', 'Xlong-island': '0', 'seq': '1', 'end': 38990.08, 'start': 38989.41}]",0,0,[],[]
38990200,38991000,NA,NOF,0.0,1212,CIC,NA,NA,NA,NA,0.0,0,-48.61,-38.55,[],0,0,[],[]
38991000,38992810,CHI,CHN,0.0,1212,CIC,RC,1,NT,FH,1.0,1810,-14.44,-2.35,"[{'Canonical-syllable': '1', 'Growl': '0', 'High-freq-energy': '1', 'Long-island': '0', 'Low-tilt-spectrum': '4', 'Medium-island': '1', 'Short-island': '3', 'Squeal': '0', 'Typical-entropy': '3', 'Voicing-quality': '4', 'Wide-band': '0', 'Xlong-island': '0', 'seq': '1', 'end': 38992.81, 'start': 38991.0}]",0,0,[],[]
38992810,38994980,CHI,CHN,0.0,1212,CIC,RC,1,NT,FH,3.0,730,-21.27,-6.45,"[{'Canonical-syllable': '0', 'Growl': '0', 'High-freq-energy': '0', 'Long-island': '0', 'Low-tilt-spectrum': '0', 'Medium-island': '1', 'Short-island': '0', 'Squeal': '0', 'Typical-entropy': '0', 'Voicing-quality': '1', 'Wide-band': '0', 'Xlong-island': '0', 'seq': '1', 'end': 38993.13, 'start': 38992.81}, {'Canonical-syllable': '0', 'Growl': '1', 'High-freq-energy': '0', 'Long-island': '0', 'Low-tilt-spectrum': '0', 'Medium-island': '0', 'Short-island': '1', 'Squeal': '0', 'Typical-entropy': '0', 'Voicing-quality': '1', 'Wide-band': '0', 'Xlong-island': '0', 'seq': '2', 'end': 38993.87, 'start': 38993.64}, {'Canonical-syllable': '0', 'Growl': '1', 'High-freq-energy': '1', 'Long-island': '0', 'Low-tilt-spectrum': '1', 'Medium-island': '0', 'Short-island': '1', 'Squeal': '0', 'Typical-entropy': '1', 'Voicing-quality': '0', 'Wide-band': '0', 'Xlong-island': '0', 'seq': '3', 'end': 38994.73, 'start': 38994.55}]",0,0,[],[]
38994980,38995850,NA,NOF,0.0,1212,CIC,NA,NA,NA,NA,0.0,0,-41.19,-29.73,[],0,0,[],[]
38995850,38997070,NA,SIL,0.0,1212,CIC,NA,NA,NA,NA,0.0,0,-45.84,-43.48,[],0,0,[],[]
38997070,38998630,CHI,CHN,0.0,1212,CIC,RC,1,NT,FH,1.0,820,-23.83,-14.19,"[{'Canonical-syllable': '0', 'Growl': '0', 'High-freq-energy': '0', 'Long-island': '0', 'Low-tilt-spectrum': '1', 'Medium-island': '1', 'Short-island': '1', 'Squeal': '0', 'Typical-entropy': '1', 'Voicing-quality': '2', 'Wide-band': '0', 'Xlong-island': '0', 'seq': '1', 'end': 38998.4, 'start': 38997.58}]",0,0,[],[]
38998630,39000350,CHI,CHN,0.0,1212,CIC,RC,1,TIFI,FH,1.0,1460,-27.59,-19.03,"[{'Canonical-syllable': '1', 'Growl': '1', 'High-freq-energy': '1', 'Long-island': '0', 'Low-tilt-spectrum': '0', 'Medium-island': '0', 'Short-island': '5', 'Squeal': '0', 'Typical-entropy': '2', 'Voicing-quality': '5', 'Wide-band': '0', 'Xlong-island': '0', 'seq': '1', 'end': 39000.09, 'start': 38998.63}]",0,0,[],[]
39000350,39001150,NA,OLN,0.0,1212,CIC,NA,NA,NA,NA,0.0,0,-11.08,-3.76,[],0,0,[],[]
39001150,39002450,FEM,FAN,1.37,1212,CIC,RC,2,TIFR,FI,0.0,0,-32.11,-24.44,[],0,0,[],[]
39002450,39003250,OCH,CXN,0.0,1212,CIC,RC,2,NT,FI,0.0,0,-31.1,-22.51,[],0,0,[],[]
39003250,39006930,CHI,CHN,0.0,1212,CIC,RC,2,NT,FI,3.0,2400,-23.76,-14.77,"[{'Canonical-syllable': '1', 'Growl': '0', 'High-freq-energy': '0', 'Long-island': '1', 'Low-tilt-spectrum': '1', 'Medium-island': '1', 'Short-island': '0', 'Squeal': '0', 'Typical-entropy': '1', 'Voicing-quality': '2', 'Wide-band': '0', 'Xlong-island': '0', 'seq': '1', 'end': 39004.34, 'start': 39003.25}, {'Canonical-syllable': '0', 'Growl': '0', 'High-freq-energy': '0', 'Long-island': '0', 'Low-tilt-spectrum': '1', 'Medium-island': '1', 'Short-island': '1', 'Squeal': '0', 'Typical-entropy': '1', 'Voicing-quality': '2', 'Wide-band': '0', 'Xlong-island': '0', 'seq': '2', 'end': 39005.93, 'start': 39004.95}, {'Canonical-syllable': '0', 'Growl': '0', 'High-freq-energy': '0', 'Long-island': '0', 'Low-tilt-spectrum': '0', 'Medium-island': '1', 'Short-island': '0', 'Squeal': '0', 'Typical-entropy': '0', 'Voicing-quality': '1', 'Wide-band': '0', 'Xlong-island': '0', 'seq': '3', 'end': 39006.93, 'start': 39006.6}]",0,0,[],[]
39006930,39007730,NA,CXF,0.0,1212,CIC,NA,NA,NA,NA,0.0,0,-41.39,-25.97,[],0,0,[],[]
39007730,39008740,OCH,CXN,0.0,1212,CIC,RC,2,NT,FI,0.0,0,-29.99,-21.96,[],0,0,[],[]
39008740,39010380,CHI,CHN,0.0,1212,CIC,RC,2,NT,FI,2.0,1320,-30.16,-24.31,"[{'Canonical-syllable': '0', 'Growl': '0', 'High-freq-energy': '0', 'Long-island': '1', 'Low-tilt-spectrum': '0', 'Medium-island': '0', 'Short-island': '0', 'Squeal': '0', 'Typical-entropy': '0', 'Voicing-quality': '1', 'Wide-band': '0', 'Xlong-island': '0', 'seq': '1', 'end': 39009.37, 'start': 39008.74}, {'Canonical-syllable': '2', 'Growl': '0', 'High-freq-energy': '0', 'Long-island': '0', 'Low-tilt-spectrum': '0', 'Medium-island': '1', 'Short-island': '1', 'Squeal': '0', 'Typical-entropy': '1', 'Voicing-quality': '2', 'Wide-band': '0', 'Xlong-island': '0', 'seq': '2', 'end': 39010.38, 'start': 39009.69}]",0,0,[],[]
39010380,39012070,NA,NOF,0.0,1212,CIC,NA,NA,NA,NA,0.0,0,-49.18,-37.9,[],0,0,[],[]
39012070,39012670,CHI,CHN,0.0,1212,CIC,EC,2,NT,FH,1.0,430,-30.8,-22.6,"[{'Canonical-syllable': '0', 'Growl': '0', 'High-freq-energy': '0', 'Long-island': '0', 'Low-tilt-spectrum': '0', 'Medium-island': '1', 'Short-island': '0', 'Squeal': '0', 'Typical-entropy': '1', 'Voicing-quality': '1', 'Wide-band': '0', 'Xlong-island': '0', 'seq': '1', 'end': 39012.5, 'start': 39012.19}]",0,0,[],[]
39012670,39014220,NA,NOF,0.0,1213,pause,NA,NA,NA,NA,0.0,0,-50.99,-43.2,[],0,0,[],[]
39014220,39015030,NA,SIL,0.0,1213,pause,NA,NA,NA,NA,0.0,0,-54.14,-49.59,[],0,0,[],[]
39015030,39020210,NA,NOF,0.0,1213,pause,NA,NA,NA,NA,0.0,0,-47.32,-33.32,[],0,0,[],[]
39020210,39021010,NA,SIL,0.0,1213,pause,NA,NA,NA,NA,0.0,0,-43.65,-33.08,[],0,0,[],[]
39021010,39023200,NA,NOF,0.0,1213,pause,NA,NA,NA,NA,0.0,0,-26.11,-6.36,[],0,0,[],[]
39023200,39024460,NA,SIL,0.0,1213,pause,NA,NA,NA,NA,0.0,0,-44.56,-30.36,[],0,0,[],[]
39024460,39025260,NA,NOF,0.0,1213,pause,NA,NA,NA,NA,0.0,0,-50.23,-42.75,[],0,0,[],[]
39025260,39026260,NA,FAF,0.0,1213,pause,NA,NA,NA,NA,0.0,0,-41.46,-28.64,[],0,0,[],[]
39026260,39027080,NA,NOF,0.0,1213,pause,NA,NA,NA,NA,0.0,0,-38.33,-24.67,[],0,0,[],[]
39027080,39027680,NA,FAF,0.0,1213,pause,NA,NA,NA,NA,0.0,0,-32.52,-19.89,[],0,0,[],[]
39027680,39029180,NA,SIL,0.0,1213,pause,NA,NA,NA,NA,0.0,0,-52.05,-42.93,[],0,0,[],[]
39029180,39030230,CHI,CHN,0.0,1213,CIC,BC,0,TIFI,FI,1.0,1050,-31.62,-23.3,"[{'Canonical-syllable': '0', 'Growl': '2', 'High-freq-energy': '0', 'Long-island': '0', 'Low-tilt-spectrum': '1', 'Medium-island': '1', 'Short-island': '0', 'Squeal': '0', 'Typical-entropy': '0', 'Voicing-quality': '3', 'Wide-band': '0', 'Xlong-island': '0', 'seq': '1', 'end': 39030.23, 'start': 39029.18}]",0,0,[],[]
39030230,39031030,NA,NOF,0.0,1213,CIC,NA,NA,NA,NA,0.0,0,-48.4,-34.85,[],0,0,[],[]
39031030,39032390,FEM,FAN,0.0,1213,CIC,NA,NA,NA,NA,0.0,0,-38.29,-28.91,[],1360,0,[],[]
39032390,39033410,NA,SIL,0.0,1213,CIC,NA,NA,NA,NA,0.0,0,-46.74,-36.88,[],0,0,[],[]
39033410,39034590,FEM,FAN,0.16,1213,CIC,EC,1,TIFR,FI,0.0,0,-38.59,-30.58,[],0,0,[],[]
39034590,39035390,NA,SIL,0.0,1214,pause,NA,NA,NA,NA,0.0,0,-46.99,-33.36,[],0,0,[],[]
39035390,39036580,NA,NOF,0.0,1214,pause,NA,NA,NA,NA,0.0,0,-34.79,-21.12,[],0,0,[],[]
39036580,39037680,NA,SIL,0.0,1214,pause,NA,NA,NA,NA,0.0,0,-52.74,-41.68,[],0,0,[],[]
39037680,39039940,NA,NOF,0.0,1214,pause,NA,NA,NA,NA,0.0,0,-40.89,-25.19,[],0,0,[],[]
39039940,39040940,NA,FAF,0.0,1214,pause,NA,NA,NA,NA,0.0,0,-40.83,-30.84,[],0,0,[],[]
39040940,39041740,NA,NOF,0.0,1214,pause,NA,NA,NA,NA,0.0,0,-43.22,-32.2,[],0,0,[],[]
39041740,39042550,NA,SIL,0.0,1214,pause,NA,NA,NA,NA,0.0,0,-46.41,-33.67,[],0,0,[],[]
39042550,39043370,OCH,CXN,0.0,1214,XM,EC,0,NT,FI,0.0,0,-44.24,-34.39,[],0,0,[],[]
39043370,39046650,NA,SIL,0.0,1215,pause,NA,NA,NA,NA,0.0,0,-52.27,-33.69,[],0,0,[],[]
39046650,39047530,NA,CXF,0.0,1215,pause,NA,NA,NA,NA,0.0,0,-39.48,-29.35,[],0,0,[],[]
39047530,39048940,NA,NOF,0.0,1215,pause,NA,NA,NA,NA,0.0,0,-43.87,-25.42,[],0,0,[],[]
39048940,39049800,NA,OLN,0.0,1215,pause,NA,NA,NA,NA,0.0,0,-32.17,-18.92,[],0,0,[],[]
39049800,39050610,NA,SIL,0.0,1215,pause,NA,NA,NA,NA,0.0,0,-52.67,-38.72,[],0,0,[],[]
39050610,39051730,CHI,CHN,0.0,1215,CM,BC,0,NT,FI,1.0,950,-19.92,-13.02,"[{'Canonical-syllable': '0', 'Growl': '0', 'High-freq-energy': '0', 'Long-island': '1', 'Low-tilt-spectrum': '1', 'Medium-island': '0', 'Short-island': '0', 'Squeal': '0', 'Typical-entropy': '1', 'Voicing-quality': '2', 'Wide-band': '0', 'Xlong-island': '0', 'seq': '1', 'end': 39051.56, 'start': 39050.61}]",0,0,[],[]
39051730,39053260,NA,NOF,0.0,1215,CM,NA,NA,NA,NA,0.0,0,-21.83,-6.84,[],0,0,[],[]
39053260,39053860,CHI,CHN,0.0,1215,CM,EC,0,NT,FH,1.0,600,-18.38,-11.06,"[{'Canonical-syllable': '0', 'Growl': '0', 'High-freq-energy': '0', 'Long-island': '0', 'Low-tilt-spectrum': '0', 'Medium-island': '1', 'Short-island': '0', 'Squeal': '0', 'Typical-entropy': '0', 'Voicing-quality': '1', 'Wide-band': '0', 'Xlong-island': '0', 'seq': '1', 'end': 39053.86, 'start': 39053.47}]",0,0,[],[]
39053860,39055340,NA,NOF,0.0,1216,pause,NA,NA,NA,NA,0.0,0,-28.0,-14.42,[],0,0,[],[]
39055340,39056750,NA,SIL,0.0,1216,pause,NA,NA,NA,NA,0.0,0,-55.13,-46.33,[],0,0,[],[]
39056750,39061040,NA,NOF,0.0,1216,pause,NA,NA,NA,NA,0.0,0,-21.17,-3.43,[],0,0,[],[]
39061040,39062460,FEM,FAN,6.28,1216,AIOCF,BC,0,NT,FI,0.0,0,-37.16,-29.13,[],0,0,[],[]
39062460,39063270,NA,SIL,0.0,1216,AIOCF,NA,NA,NA,NA,0.0,0,-45.84,-39.86,[],0,0,[],[]
39063270,39064070,OCH,CXN,0.0,1216,AIOCF,RC,0,NT,FI,0.0,0,-42.47,-36.07,[],0,0,[],[]
39064070,39066250,NA,NOF,0.0,1216,AIOCF,NA,NA,NA,NA,0.0,0,-42.24,-30.99,[],0,0,[],[]
39066250,39067250,FEM,FAN,1.83,1216,AIOCF,EC,0,NT,FI,0.0,0,-20.89,-4.87,[],0,0,[],[]
39067250,39068250,NA,NON,0.0,1217,pause,NA,NA,NA,NA,0.0,0,-43.36,-34.73,[],0,0,[],[]
39068250,39069050,NA,OLN,0.0,1217,pause,NA,NA,NA,NA,0.0,0,-18.68,-4.25,[],0,0,[],[]
39069050,39069940,NA,SIL,0.0,1217,pause,NA,NA,NA,NA,0.0,0,-53.16,-47.02,[],0,0,[],[]
39069940,39071130,NA,NOF,0.0,1217,pause,NA,NA,NA,NA,0.0,0,-21.69,-5.95,[],0,0,[],[]
39071130,39072670,NA,OLN,0.0,1217,pause,NA,NA,NA,NA,0.0,0,-19.66,-9.71,[],0,0,[],[]
39072670,39074300,NA,NOF,0.0,1217,pause,NA,NA,NA,NA,0.0,0,-22.28,-7.66,[],0,0,[],[]
39074300,39075350,NA,OLN,0.0,1217,pause,NA,NA,NA,NA,0.0,0,-24.17,-11.38,[],0,0,[],[]
39075350,39077260,FEM,FAN,5.88,1217,AICF,BC,0,TIFI,FI,0.0,0,-34.48,-25.57,[],0,0,[],[]
39077260,39078060,NA,NOF,0.0,1217,AICF,NA,NA,NA,NA,0.0,0,-37.5,-27.82,[],0,0,[],[]
39078060,39078860,NA,OLN,0.0,1217,AICF,NA,NA,NA,NA,0.0,0,-14.86,-2.26,[],0,0,[],[]
39078860,39079790,NA,OLF,0.0,1217,AICF,NA,NA,NA,NA,0.0,0,-34.12,-24.05,[],0,0,[],[]
39079790,39080390,CHI,CHN,0.0,1217,AICF,RC,1,TIFR,FI,1.0,600,-30.13,-25.83,"[{'Canonical-syllable': '0', 'Growl': '1', 'High-freq-energy': '0', 'Long-island': '0', 'Low-tilt-spectrum': '1', 'Medium-island': '1', 'Short-island': '0', 'Squeal': '0', 'Typical-entropy': '1', 'Voicing-quality': '1', 'Wide-band': '0', 'Xlong-island': '0', 'seq': '1', 'end': 39080.39, 'start': 39079.79}]",0,0,[],[]
39080390,39082450,FEM,FAN,6.58,1217,AICF,RC,1,TIFE,FI,0.0,0,-23.81,-10.06,[],0,0,[],[]
39082450,39083050,FEM,FAN,1.92,1217,AICF,RC,1,NT,FH,0.0,0,-34.54,-27.71,[],0,0,[],[]
39083050,39084280,FEM,FAN,7.28,1217,AICF,RC,1,TIFI,FH,0.0,0,-19.23,-11.27,[],0,0,[],[]
39084280,39085110,NA,SIL,0.0,1217,AICF,NA,NA,NA,NA,0.0,0,-45.58,-35.41,[],0,0,[],[]
39085110,39086210,NA,NOF,0.0,1217,AICF,NA,NA,NA,NA,0.0,0,-36.06,-17.06,[],0,0,[],[]
39086210,39086810,CHI,CHN,0.0,1217,AICF,RC,2,TIFR,FI,1.0,600,-20.45,-11.99,"[{'Canonical-syllable': '0', 'Growl': '0', 'High-freq-energy': '0', 'Long-island': '0', 'Low-tilt-spectrum': '1', 'Medium-island': '0', 'Short-island': '1', 'Squeal': '1', 'Typical-entropy': '1', 'Voicing-quality': '1', 'Wide-band': '0', 'Xlong-island': '0', 'seq': '1', 'end': 39086.81, 'start': 39086.49}]",0,0,[],[]
39086810,39087620,NA,NOF,0.0,1217,AICF,NA,NA,NA,NA,0.0,0,-48.56,-39.49,[],0,0,[],[]
39087620,39088420,NA,SIL,0.0,1217,AICF,NA,NA,NA,NA,0.0,0,-49.38,-36.99,[],0,0,[],[]
39088420,39094640,FEM,FAN,20.84,1217,AICF,RC,2,TIFI,FI,0.0,0,-22.18,-7.55,[],0,0,[],[]
39094640,39095570,NA,SIL,0.0,1217,AICF,NA,NA,NA,NA,0.0,0,-48.32,-38.85,[],0,0,[],[]
39095570,39096170,CHI,CHN,0.0,1217,AICF,RC,3,TIFR,FI,1.0,470,-19.7,-10.4,"[{'Canonical-syllable': '2', 'Growl': '0', 'High-freq-energy': '0', 'Long-island': '0', 'Low-tilt-spectrum': '0', 'Medium-island': '0', 'Short-island': '2', 'Squeal': '0', 'Typical-entropy': '1', 'Voicing-quality': '2', 'Wide-band': '0', 'Xlong-island': '0', 'seq': '1', 'end': 39096.04, 'start': 39095.57}]",0,0,[],[]
39096170,39096990,NA,NOF,0.0,1217,AICF,NA,NA,NA,NA,0.0,0,-47.85,-35.29,[],0,0,[],[]
39096990,39097980,CHI,CHN,0.0,1217,AICF,RC,3,NT,FH,1.0,990,-17.26,-7.54,"[{'Canonical-syllable': '1', 'Growl': '0', 'High-freq-energy': '0', 'Long-island': '0', 'Low-tilt-spectrum': '1', 'Medium-island': '1', 'Short-island': '2', 'Squeal': '0', 'Typical-entropy': '2', 'Voicing-quality': '3', 'Wide-band': '0', 'Xlong-island': '0', 'seq': '1', 'end': 39097.98, 'start': 39096.99}]",0,0,[],[]
39097980,39098780,NA,OLN,0.0,1217,AICF,NA,NA,NA,NA,0.0,0,-28.46,-21.37,[],0,0,[],[]
39098780,39099780,FEM,FAN,0.82,1217,AICF,RC,3,TIFI,FI,0.0,0,-37.23,-25.4,[],0,0,[],[]
39099780,39100700,NA,SIL,0.0,1217,AICF,NA,NA,NA,NA,0.0,0,-49.74,-37.47,[],0,0,[],[]
39100700,39101640,NA,OLN,0.0,1217,AICF,NA,NA,NA,NA,0.0,0,-31.06,-19.82,[],0,0,[],[]
39101640,39102310,CHI,CHN,0.0,1217,AICF,RC,4,TIFR,FI,1.0,670,-31.94,-22.85,"[{'Canonical-syllable': '0', 'Growl': '1', 'High-freq-energy': '0', 'Long-island': '0', 'Low-tilt-spectrum': '2', 'Medium-island': '0', 'Short-island': '2', 'Squeal': '0', 'Typical-entropy': '2', 'Voicing-quality': '1', 'Wide-band': '0', 'Xlong-island': '0', 'seq': '1', 'end': 39102.31, 'start': 39101.87}]",0,0,[],[]
39102310,39103310,FEM,FAN,0.56,1217,AICF,EC,4,TIFE,FI,0.0,0,-43.16,-32.89,[],0,0,[],[]
39103310,39104290,NA,SIL,0.0,1218,pause,NA,NA,NA,NA,0.0,0,-54.99,-42.85,[],0,0,[],[]
39104290,39107430,NA,NOF,0.0,1218,pause,NA,NA,NA,NA,0.0,0,-32.49,-14.0,[],0,0,[],[]
39107430,39108460,NA,SIL,0.0,1218,pause,NA,NA,NA,NA,0.0,0,-46.4,-34.5,[],0,0,[],[]
39108460,39109500,CHI,CHN,0.0,1218,CM,BC,0,NT,FI,1.0,1040,-24.37,-18.67,"[{'Canonical-syllable': '0', 'Growl': '0', 'High-freq-energy': '0', 'Long-island': '0', 'Low-tilt-spectrum': '0', 'Medium-island': '2', 'Short-island': '0', 'Squeal': '0', 'Typical-entropy': '0', 'Voicing-quality': '2', 'Wide-band': '0', 'Xlong-island': '0', 'seq': '1', 'end': 39109.5, 'start': 39108.46}]",0,0,[],[]
39109500,39110690,NA,NOF,0.0,1218,CM,NA,NA,NA,NA,0.0,0,-39.55,-24.72,[],0,0,[],[]
39110690,39111740,CHI,CHN,0.0,1218,CM,RC,0,NT,FH,1.0,1050,-21.24,-15.33,"[{'Canonical-syllable': '0', 'Growl': '0', 'High-freq-energy': '0', 'Long-island': '1', 'Low-tilt-spectrum': '1', 'Medium-island': '0', 'Short-island': '1', 'Squeal': '0', 'Typical-entropy': '1', 'Voicing-quality': '2', 'Wide-band': '1', 'Xlong-island': '0', 'seq': '1', 'end': 39111.74, 'start': 39110.69}]",0,0,[],[]
39111740,39112550,NA,NOF,0.0,1218,CM,NA,NA,NA,NA,0.0,0,-35.18,-23.03,[],0,0,[],[]
39112550,39113560,CHI,CHN,0.0,1218,CM,RC,0,NT,FH,1.0,700,-21.07,-15.94,"[{'Canonical-syllable': '0', 'Growl': '0', 'High-freq-energy': '0', 'Long-island': '1', 'Low-tilt-spectrum': '0', 'Medium-island': '0', 'Short-island': '0', 'Squeal': '0', 'Typical-entropy': '0', 'Voicing-quality': '1', 'Wide-band': '0', 'Xlong-island': '0', 'seq': '1', 'end': 39113.25, 'start': 39112.55}]",0,0,[],[]
39113560,39114540,NA,NOF,0.0,1218,CM,NA,NA,NA,NA,0.0,0,-17.3,-3.77,[],0,0,[],[]
39114540,39115870,NA,SIL,0.0,1218,CM,NA,NA,NA,NA,0.0,0,-42.65,-30.46,[],0,0,[],[]
39115870,39117160,NA,OLF,0.0,1218,CM,NA,NA,NA,NA,0.0,0,-21.41,-6.52,[],0,0,[],[]
39117160,39118160,CHI,CHN,0.0,1218,CM,RC,0,NT,FH,1.0,900,-17.7,-11.4,"[{'Canonical-syllable': '1', 'Growl': '0', 'High-freq-energy': '0', 'Long-island': '0', 'Low-tilt-spectrum': '1', 'Medium-island': '2', 'Short-island': '0', 'Squeal': '1', 'Typical-entropy': '1', 'Voicing-quality': '2', 'Wide-band': '0', 'Xlong-island': '0', 'seq': '1', 'end': 39118.06, 'start': 39117.16}]",0,0,[],[]
39118160,39119530,CHI,CHN,0.0,1218,CM,NA,NA,NA,NA,0.0,0,-18.78,-9.7,[],0,930,"[{'start': 39118.39, 'end': 39119.32}]",[]
39119530,39120340,NA,NOF,0.0,1218,CM,NA,NA,NA,NA,0.0,0,-38.76,-26.77,[],0,0,[],[]
39120340,39121560,CHI,CHN,0.0,1218,CM,EC,0,NT,FH,1.0,970,-20.29,-12.51,"[{'Canonical-syllable': '0', 'Growl': '0', 'High-freq-energy': '0', 'Long-island': '0', 'Low-tilt-spectrum': '1', 'Medium-island': '1', 'Short-island': '2', 'Squeal': '0', 'Typical-entropy': '1', 'Voicing-quality': '3', 'Wide-band': '0', 'Xlong-island': '0', 'seq': '1', 'end': 39121.31, 'start': 39120.34}]",0,0,[],[]
39121560,39122370,NA,SIL,0.0,1219,pause,NA,NA,NA,NA,0.0,0,-47.33,-38.16,[],0,0,[],[]
39122370,39123570,NA,NOF,0.0,1219,pause,NA,NA,NA,NA,0.0,0,-39.08,-27.3,[],0,0,[],[]
39123570,39124860,NA,OLN,0.0,1219,pause,NA,NA,NA,NA,0.0,0,-26.5,-19.4,[],0,0,[],[]
39124860,39126390,NA,NOF,0.0,1219,pause,NA,NA,NA,NA,0.0,0,-35.27,-24.98,[],0,0,[],[]
39126390,39127220,NA,OLN,0.0,1219,pause,NA,NA,NA,NA,0.0,0,-28.72,-19.47,[],0,0,[],[]
39127220,39131570,NA,NOF,0.0,1219,pause,NA,NA,NA,NA,0.0,0,-27.83,-8.21,[],0,0,[],[]
39131570,39133530,NA,SIL,0.0,1219,pause,NA,NA,NA,NA,0.0,0,-42.01,-39.31,[],0,0,[],[]
39133530,39134520,NA,NOF,0.0,1219,pause,NA,NA,NA,NA,0.0,0,-41.13,-33.44,[],0,0,[],[]
39134520,39137360,NA,SIL,0.0,1219,pause,NA,NA,NA,NA,0.0,0,-47.61,-37.77,[],0,0,[],[]
39137360,39141030,NA,NOF,0.0,1219,pause,NA,NA,NA,NA,0.0,0,-24.37,-6.23,[],0,0,[],[]
39141030,39142620,NA,OLN,0.0,1219,pause,NA,NA,NA,NA,0.0,0,-15.93,-8.52,[],0,0,[],[]
39142620,39145950,MAL,MAN,0.0,1219,pause,NA,NA,NA,NA,0.0,0,-14.31,-10.33,[],3330,0,[],[]
39145950,39147280,NA,OLN,0.0,1219,pause,NA,NA,NA,NA,0.0,0,-16.48,-13.02,[],0,0,[],[]
39147280,39148080,NA,NOF,0.0,1219,pause,NA,NA,NA,NA,0.0,0,-15.7,-13.76,[],0,0,[],[]
39148080,39149480,NA,OLN,0.0,1219,pause,NA,NA,NA,NA,0.0,0,-15.86,-12.16,[],0,0,[],[]
39149480,39150310,NA,NON,0.0,1219,pause,NA,NA,NA,NA,0.0,0,-15.88,-13.59,[],0,0,[],[]
39150310,39151920,NA,OLN,0.0,1219,pause,NA,NA,NA,NA,0.0,0,-14.78,-12.16,[],0,0,[],[]
39151920,39152720,NA,MAF,0.0,1219,pause,NA,NA,NA,NA,0.0,0,-14.6,-13.15,[],0,0,[],[]
39152720,39153740,NA,OLF,0.0,1219,pause,NA,NA,NA,NA,0.0,0,-13.91,-6.47,[],0,0,[],[]
39153740,39154770,NA,MAF,0.0,1219,pause,NA,NA,NA,NA,0.0,0,-15.45,-13.42,[],0,0,[],[]
39154770,39156470,NA,OLN,0.0,1219,pause,NA,NA,NA,NA,0.0,0,-14.63,-12.66,[],0,0,[],[]
39156470,39157270,NA,NOF,0.0,1219,pause,NA,NA,NA,NA,0.0,0,-14.52,-13.21,[],0,0,[],[]
39157270,39161340,NA,OLF,0.0,1219,pause,NA,NA,NA,NA,0.0,0,-16.38,-9.73,[],0,0,[],[]
39161340,39162530,NA,MAF,0.0,1219,pause,NA,NA,NA,NA,0.0,0,-14.86,-13.21,[],0,0,[],[]
39162530,39173070,NA,OLF,0.0,1219,pause,NA,NA,NA,NA,0.0,0,-17.5,-7.22,[],0,0,[],[]
39173070,39174100,NA,OLN,0.0,1219,pause,NA,NA,NA,NA,0.0,0,-19.14,-5.64,[],0,0,[],[]
39174100,39175760,NA,NOF,0.0,1219,pause,NA,NA,NA,NA,0.0,0,-27.62,-14.99,[],0,0,[],[]
39175760,39176560,NA,OLF,0.0,1219,pause,NA,NA,NA,NA,0.0,0,-33.54,-27.53,[],0,0,[],[]
39176560,39178160,NA,NOF,0.0,1219,pause,NA,NA,NA,NA,0.0,0,-32.24,-20.14,[],0,0,[],[]
39178160,39178990,NA,OLN,0.0,1219,pause,NA,NA,NA,NA,0.0,0,-30.44,-21.15,[],0,0,[],[]
39178990,39179800,NA,NOF,0.0,1219,pause,NA,NA,NA,NA,0.0,0,-42.69,-35.38,[],0,0,[],[]
39179800,39180920,NA,OLF,0.0,1219,pause,NA,NA,NA,NA,0.0,0,-27.91,-20.05,[],0,0,[],[]
39180920,39182270,NA,NOF,0.0,1219,pause,NA,NA,NA,NA,0.0,0,-40.73,-30.83,[],0,0,[],[]
39182270,39182910,CHI,CHN,0.0,1219,CIC,BC,0,TIMI,FI,1.0,320,-26.17,-16.89,"[{'Canonical-syllable': '0', 'Growl': '0', 'High-freq-energy': '0', 'Long-island': '0', 'Low-tilt-spectrum': '1', 'Medium-island': '1', 'Short-island': '0', 'Squeal': '0', 'Typical-entropy': '1', 'Voicing-quality': '1', 'Wide-band': '0', 'Xlong-island': '0', 'seq': '1', 'end': 39182.91, 'start': 39182.59}]",0,0,[],[]
39182910,39183920,MAL,MAN,3.43,1219,CIC,RC,1,TIMR,FI,0.0,0,-22.73,-13.86,[],0,0,[],[]
39183920,39185360,NA,NOF,0.0,1219,CIC,NA,NA,NA,NA,0.0,0,-45.79,-35.44,[],0,0,[],[]
39185360,39186360,MAL,MAN,0.0,1219,CIC,NA,NA,NA,NA,0.0,0,-29.18,-22.06,[],1000,0,[],[]
39186360,39187610,NA,NOF,0.0,1219,CIC,NA,NA,NA,NA,0.0,0,-39.66,-24.81,[],0,0,[],[]
39187610,39188640,CHI,CHN,0.0,1219,CIC,RC,1,TIME,FI,1.0,1030,-28.16,-20.6,"[{'Canonical-syllable': '0', 'Growl': '1', 'High-freq-energy': '0', 'Long-island': '0', 'Low-tilt-spectrum': '0', 'Medium-island': '0', 'Short-island': '0', 'Squeal': '0', 'Typical-entropy': '1', 'Voicing-quality': '1', 'Wide-band': '0', 'Xlong-island': '1', 'seq': '1', 'end': 39188.64, 'start': 39187.61}]",0,0,[],[]
39188640,39189470,NA,NOF,0.0,1219,CIC,NA,NA,NA,NA,0.0,0,-42.74,-30.9,[],0,0,[],[]
39189470,39190470,CHI,CHN,0.0,1219,CIC,RC,1,NT,FH,2.0,570,-19.23,-9.32,"[{'Canonical-syllable': '0', 'Growl': '1', 'High-freq-energy': '0', 'Long-island': '0', 'Low-tilt-spectrum': '0', 'Medium-island': '0', 'Short-island': '0', 'Squeal': '0', 'Typical-entropy': '0', 'Voicing-quality': '1', 'Wide-band': '0', 'Xlong-island': '0', 'seq': '1', 'end': 39189.79, 'start': 39189.71}, {'Canonical-syllable': '0', 'Growl': '0', 'High-freq-energy': '0', 'Long-island': '0', 'Low-tilt-spectrum': '0', 'Medium-island': '0', 'Short-island': '1', 'Squeal': '0', 'Typical-entropy': '0', 'Voicing-quality': '1', 'Wide-band': '0', 'Xlong-island': '0', 'seq': '2', 'end': 39190.39, 'start': 39190.14}]",0,0,[],[]
39190470,39191170,CHI,CHN,0.0,1219,CIC,RC,1,TIMI,FH,1.0,270,-19.09,-8.83,"[{'Canonical-syllable': '0', 'Growl': '0', 'High-freq-energy': '0', 'Long-island': '0', 'Low-tilt-spectrum': '0', 'Medium-island': '1', 'Short-island': '0', 'Squeal': '0', 'Typical-entropy': '1', 'Voicing-quality': '1', 'Wide-band': '0', 'Xlong-island': '0', 'seq': '1', 'end': 39190.74, 'start': 39190.47}]",0,0,[],[]
39191170,39192320,MAL,MAN,4.43,1219,CIC,RC,2,TIMR,FI,0.0,0,-21.7,-12.24,[],0,0,[],[]
39192320,39194020,NA,OLF,0.0,1219,CIC,NA,NA,NA,NA,0.0,0,-32.43,-19.83,[],0,0,[],[]
39194020,39195020,MAL,MAN,2.93,1219,CIC,RC,2,NT,FH,0.0,0,-27.65,-18.96,[],0,0,[],[]
39195020,39195820,NA,OLF,0.0,1219,CIC,NA,NA,NA,NA,0.0,0,-25.49,-18.7,[],0,0,[],[]
39195820,39196820,MAL,MAN,4.89,1219,CIC,EC,2,NT,FH,0.0,0,-26.29,-20.45,[],0,0,[],[]
39196820,39197990,NA,NON,0.0,1220,pause,NA,NA,NA,NA,0.0,0,-19.24,-6.83,[],0,0,[],[]
39197990,39198940,NA,OLN,0.0,1220,pause,NA,NA,NA,NA,0.0,0,-26.83,-14.45,[],0,0,[],[]
39198940,39201100,NA,NOF,0.0,1220,pause,NA,NA,NA,NA,0.0,0,-24.99,-8.25,[],0,0,[],[]
39201100,39201920,NA,SIL,0.0,1220,pause,NA,NA,NA,NA,0.0,0,-54.13,-46.03,[],0,0,[],[]
39201920,39203140,NA,NOF,0.0,1220,pause,NA,NA,NA,NA,0.0,0,-50.12,-41.44,[],0,0,[],[]
39203140,39203940,NA,SIL,0.0,1220,pause,NA,NA,NA,NA,0.0,0,-49.87,-35.46,[],0,0,[],[]
39203940,39204740,NA,NOF,0.0,1220,pause,NA,NA,NA,NA,0.0,0,-30.33,-19.87,[],0,0,[],[]
39204740,39206620,NA,SIL,0.0,1220,pause,NA,NA,NA,NA,0.0,0,-55.68,-38.0,[],0,0,[],[]
39206620,39208100,CHI,CHN,0.0,1220,CM,BC,0,NT,FI,2.0,520,-29.7,-18.48,"[{'Canonical-syllable': '0', 'Growl': '0', 'High-freq-energy': '0', 'Long-island': '0', 'Low-tilt-spectrum': '1', 'Medium-island': '0', 'Short-island': '1', 'Squeal': '1', 'Typical-entropy': '0', 'Voicing-quality': '1', 'Wide-band': '0', 'Xlong-island': '0', 'seq': '1', 'end': 39206.91, 'start': 39206.7}, {'Canonical-syllable': '0', 'Growl': '0', 'High-freq-energy': '0', 'Long-island': '0', 'Low-tilt-spectrum': '0', 'Medium-island': '0', 'Short-island': '1', 'Squeal': '1', 'Typical-entropy': '0', 'Voicing-quality': '1', 'Wide-band': '0', 'Xlong-island': '0', 'seq': '2', 'end': 39207.54, 'start': 39207.31}]",0,0,[],[]
39208100,39209050,NA,NOF,0.0,1220,CM,NA,NA,NA,NA,0.0,0,-41.09,-33.51,[],0,0,[],[]
39209050,39209780,CHI,CHN,0.0,1220,CM,NA,NA,NA,NA,0.0,0,-18.39,-8.69,[],0,480,"[{'start': 39209.17, 'end': 39209.65}]",[]
39209780,39210700,CHI,CHN,0.0,1220,CM,RC,0,NT,FH,1.0,780,-17.84,-9.4,"[{'Canonical-syllable': '0', 'Growl': '0', 'High-freq-energy': '1', 'Long-island': '0', 'Low-tilt-spectrum': '0', 'Medium-island': '2', 'Short-island': '0', 'Squeal': '0', 'Typical-entropy': '2', 'Voicing-quality': '1', 'Wide-band': '0', 'Xlong-island': '0', 'seq': '1', 'end': 39210.56, 'start': 39209.78}]",0,0,[],[]
39210700,39211520,NA,MAF,0.0,1220,CM,NA,NA,NA,NA,0.0,0,-51.87,-44.1,[],0,0,[],[]
39211520,39212670,NA,SIL,0.0,1220,CM,NA,NA,NA,NA,0.0,0,-54.25,-42.82,[],0,0,[],[]
39212670,39213730,CHI,CHN,0.0,1220,CM,RC,0,NT,FH,1.0,820,-20.76,-12.77,"[{'Canonical-syllable': '0', 'Growl': '0', 'High-freq-energy': '0', 'Long-island': '0', 'Low-tilt-spectrum': '2', 'Medium-island': '1', 'Short-island': '1', 'Squeal': '0', 'Typical-entropy': '2', 'Voicing-quality': '2', 'Wide-band': '0', 'Xlong-island': '0', 'seq': '1', 'end': 39213.49, 'start': 39212.83}]",0,0,[],[]
39213730,39214480,CHI,CHN,0.0,1220,CM,RC,0,NT,FH,1.0,420,-23.24,-16.11,"[{'Canonical-syllable': '0', 'Growl': '0', 'High-freq-energy': '0', 'Long-island': '0', 'Low-tilt-spectrum': '1', 'Medium-island': '1', 'Short-island': '0', 'Squeal': '0', 'Typical-entropy': '1', 'Voicing-quality': '1', 'Wide-band': '0', 'Xlong-island': '0', 'seq': '1', 'end': 39214.15, 'start': 39213.73}]",0,0,[],[]
39214480,39216080,NA,SIL,0.0,1220,CM,NA,NA,NA,NA,0.0,0,-57.91,-51.46,[],0,0,[],[]
39216080,39217480,CHI,CHN,0.0,1220,CM,RC,0,NT,FH,1.0,1400,-20.86,-13.89,"[{'Canonical-syllable': '1', 'Growl': '0', 'High-freq-energy': '0', 'Long-island': '0', 'Low-tilt-spectrum': '1', 'Medium-island': '2', 'Short-island': '1', 'Squeal': '0', 'Typical-entropy': '1', 'Voicing-quality': '3', 'Wide-band': '0', 'Xlong-island': '0', 'seq': '1', 'end': 39217.48, 'start': 39216.08}]",0,0,[],[]
39217480,39218670,NA,SIL,0.0,1220,CM,NA,NA,NA,NA,0.0,0,-58.69,-51.02,[],0,0,[],[]
39218670,39219270,CHI,CHN,0.0,1220,CM,EC,0,NT,FH,1.0,440,-20.52,-13.61,"[{'Canonical-syllable': '0', 'Growl': '0', 'High-freq-energy': '0', 'Long-island': '0', 'Low-tilt-spectrum': '1', 'Medium-island': '1', 'Short-island': '0', 'Squeal': '0', 'Typical-entropy': '1', 'Voicing-quality': '1', 'Wide-band': '0', 'Xlong-island': '0', 'seq': '1', 'end': 39219.11, 'start': 39218.75}]",0,0,[],[]
39219270,39224680,NA,SIL,0.0,1221,pause,NA,NA,NA,NA,0.0,0,-58.22,-46.97,[],0,0,[],[]
39224680,39226670,CHI,CHN,0.0,1221,CM,EC,0,NT,FI,2.0,1530,-20.35,-10.8,"[{'Canonical-syllable': '0', 'Growl': '0', 'High-freq-energy': '0', 'Long-island': '0', 'Low-tilt-spectrum': '0', 'Medium-island': '0', 'Short-island': '2', 'Squeal': '0', 'Typical-entropy': '0', 'Voicing-quality': '2', 'Wide-band': '0', 'Xlong-island': '0', 'seq': '1', 'end': 39225.18, 'start': 39224.68}, {'Canonical-syllable': '0', 'Growl': '0', 'High-freq-energy': '0', 'Long-island': '0', 'Low-tilt-spectrum': '2', 'Medium-island': '2', 'Short-island': '0', 'Squeal': '0', 'Typical-entropy': '1', 'Voicing-quality': '2', 'Wide-band': '0', 'Xlong-island': '0', 'seq': '2', 'end': 39226.56, 'start': 39225.53}]",0,0,[],[]
39226670,39231240,NA,SIL,0.0,1222,pause,NA,NA,NA,NA,0.0,0,-55.27,-37.09,[],0,0,[],[]
39231240,39232060,NA,NOF,0.0,1222,pause,NA,NA,NA,NA,0.0,0,-51.91,-43.08,[],0,0,[],[]
39232060,39233170,CHI,CHN,0.0,1222,pause,NA,NA,NA,NA,0.0,0,-15.43,-7.77,[],0,660,"[{'start': 39232.06, 'end': 39232.72}]",[]
39233170,39234020,NA,SIL,0.0,1222,pause,NA,NA,NA,NA,0.0,0,-54.5,-46.51,[],0,0,[],[]
39234020,39234710,CHI,CHN,0.0,1222,pause,NA,NA,NA,NA,0.0,0,-16.69,-9.7,[],0,450,"[{'start': 39234.02, 'end': 39234.47}]",[]
39234710,39235780,OCH,CXN,0.0,1222,XIOCC,BC,0,NT,FI,0.0,0,-23.05,-11.81,[],0,0,[],[]
39235780,39236540,CHI,CHN,0.0,1222,XIOCC,NA,NA,NA,NA,0.0,0,-23.8,-14.62,[],0,620,"[{'start': 39235.92, 'end': 39236.54}]",[]
39236540,39237580,CHI,CHN,0.0,1222,XIOCC,RC,0,NT,FI,1.0,950,-31.31,-23.37,"[{'Canonical-syllable': '1', 'Growl': '1', 'High-freq-energy': '0', 'Long-island': '0', 'Low-tilt-spectrum': '1', 'Medium-island': '1', 'Short-island': '1', 'Squeal': '0', 'Typical-entropy': '2', 'Voicing-quality': '2', 'Wide-band': '0', 'Xlong-island': '0', 'seq': '1', 'end': 39237.49, 'start': 39236.54}]",0,0,[],[]
39237580,39238500,CHI,CHN,0.0,1222,XIOCC,EC,0,NT,FH,1.0,690,-22.08,-13.72,"[{'Canonical-syllable': '0', 'Growl': '0', 'High-freq-energy': '0', 'Long-island': '1', 'Low-tilt-spectrum': '1', 'Medium-island': '0', 'Short-island': '0', 'Squeal': '0', 'Typical-entropy': '1', 'Voicing-quality': '1', 'Wide-band': '0', 'Xlong-island': '0', 'seq': '1', 'end': 39238.27, 'start': 39237.58}]",0,0,[],[]
39238500,39239650,NA,SIL,0.0,1223,pause,NA,NA,NA,NA,0.0,0,-56.47,-49.66,[],0,0,[],[]
39239650,39242090,CHI,CHN,0.0,1223,pause,NA,NA,NA,NA,0.0,0,-17.3,-10.79,[],0,2340,"[{'start': 39239.65, 'end': 39241.99}]",[]
39242090,39243120,NA,OLF,0.0,1223,pause,NA,NA,NA,NA,0.0,0,-36.84,-20.19,[],0,0,[],[]
39243120,39243920,NA,SIL,0.0,1223,pause,NA,NA,NA,NA,0.0,0,-36.87,-20.57,[],0,0,[],[]
39243920,39245890,NA,NOF,0.0,1223,pause,NA,NA,NA,NA,0.0,0,-44.73,-29.15,[],0,0,[],[]
39245890,39248210,NA,SIL,0.0,1223,pause,NA,NA,NA,NA,0.0,0,-50.34,-38.79,[],0,0,[],[]
39248210,39250910,NA,NOF,0.0,1223,pause,NA,NA,NA,NA,0.0,0,-42.94,-24.6,[],0,0,[],[]
39250910,39251830,NA,SIL,0.0,1223,pause,NA,NA,NA,NA,0.0,0,-51.92,-43.24,[],0,0,[],[]
39251830,39252650,NA,NOF,0.0,1223,pause,NA,NA,NA,NA,0.0,0,-53.88,-47.43,[],0,0,[],[]
39252650,39254070,NA,SIL,0.0,1223,pause,NA,NA,NA,NA,0.0,0,-57.1,-49.65,[],0,0,[],[]
39254070,39254700,CHI,CHN,0.0,1223,CM,EC,0,NT,FI,1.0,480,-19.63,-13.04,"[{'Canonical-syllable': '0', 'Growl': '0', 'High-freq-energy': '0', 'Long-island': '0', 'Low-tilt-spectrum': '0', 'Medium-island': '1', 'Short-island': '0', 'Squeal': '0', 'Typical-entropy': '0', 'Voicing-quality': '1', 'Wide-band': '0', 'Xlong-island': '0', 'seq': '1', 'end': 39254.55, 'start': 39254.07}]",0,0,[],[]
39254700,39256860,CHI,CHN,0.0,1224,pause,NA,NA,NA,NA,0.0,0,-28.89,-18.9,[],0,1610,"[{'start': 39255.25, 'end': 39256.86}]",[]
39256860,39260150,CHI,CHN,0.0,1224,pause,NA,NA,NA,NA,0.0,0,-23.92,-15.9,[],0,2480,"[{'start': 39257.67, 'end': 39260.15}]",[]
39260150,39261700,OCH,CXN,0.0,1224,XIOCAC,BC,0,NT,FI,0.0,0,-33.46,-23.44,[],0,0,[],[]
39261700,39262300,CHI,CHN,0.0,1224,XIOCAC,RC,0,NT,FI,1.0,600,-29.72,-22.57,"[{'Canonical-syllable': '1', 'Growl': '0', 'High-freq-energy': '0', 'Long-island': '0', 'Low-tilt-spectrum': '0', 'Medium-island': '1', 'Short-island': '0', 'Squeal': '0', 'Typical-entropy': '0', 'Voicing-quality': '2', 'Wide-band': '0', 'Xlong-island': '0', 'seq': '1', 'end': 39262.3, 'start': 39261.7}]",0,0,[],[]
39262300,39263110,OCH,CXN,0.0,1224,XIOCAC,RC,0,NT,FI,0.0,0,-40.49,-31.98,[],0,0,[],[]
39263110,39264120,OCH,CXN,0.0,1224,XIOCAC,RC,0,NT,FH,0.0,0,-35.17,-30.51,[],0,0,[],[]
39264120,39264920,NA,NOF,0.0,1224,XIOCAC,NA,NA,NA,NA,0.0,0,-52.67,-42.74,[],0,0,[],[]
39264920,39266310,OCH,CXN,0.0,1224,XIOCAC,RC,0,NT,FH,0.0,0,-33.45,-28.05,[],0,0,[],[]
39266310,39267460,CHI,CHN,0.0,1224,XIOCAC,NA,NA,NA,NA,0.0,0,-16.07,-11.62,[],0,1070,"[{'start': 39266.31, 'end': 39267.38}]",[]
39267460,39268940,NA,SIL,0.0,1224,XIOCAC,NA,NA,NA,NA,0.0,0,-57.19,-47.28,[],0,0,[],[]
39268940,39271380,OCH,CXN,0.0,1224,XIOCAC,RC,0,NT,FH,0.0,0,-38.28,-26.25,[],0,0,[],[]
39271380,39272770,NA,SIL,0.0,1224,XIOCAC,NA,NA,NA,NA,0.0,0,-56.97,-44.4,[],0,0,[],[]
39272770,39273370,FEM,FAN,3.85,1224,XIOCAC,EC,0,NT,FI,0.0,0,-48.68,-39.78,[],0,0,[],[]
39273370,39274360,NA,SIL,0.0,1225,pause,NA,NA,NA,NA,0.0,0,-54.05,-44.17,[],0,0,[],[]
39274360,39275190,NA,NOF,0.0,1225,pause,NA,NA,NA,NA,0.0,0,-52.63,-40.18,[],0,0,[],[]
39275190,39283660,NA,SIL,0.0,1225,pause,NA,NA,NA,NA,0.0,0,-56.27,-35.49,[],0,0,[],[]
39283660,39284280,CHI,CHN,0.0,1225,CIOCX,BC,0,NT,FI,1.0,420,-22.52,-15.23,"[{'Canonical-syllable': '0', 'Growl': '0', 'High-freq-energy': '0', 'Long-island': '0', 'Low-tilt-spectrum': '0', 'Medium-island': '1', 'Short-island': '0', 'Squeal': '0', 'Typical-entropy': '0', 'Voicing-quality': '1', 'Wide-band': '0', 'Xlong-island': '0', 'seq': '1', 'end': 39284.08, 'start': 39283.8}]",0,0,[],[]
39284280,39285080,NA,NOF,0.0,1225,CIOCX,NA,NA,NA,NA,0.0,0,-53.77,-49.95,[],0,0,[],[]
39285080,39285880,CHI,CHN,0.0,1225,CIOCX,NA,NA,NA,NA,0.0,0,-20.1,-10.59,[],0,370,[],"[{'start': 39285.21, 'end': 39285.58}]"
39285880,39287110,NA,NOF,0.0,1225,CIOCX,NA,NA,NA,NA,0.0,0,-51.87,-41.47,[],0,0,[],[]
39287110,39288290,CHI,CHN,0.0,1225,CIOCX,RC,0,NT,FH,2.0,520,-31.43,-23.35,"[{'Canonical-syllable': '1', 'Growl': '0', 'High-freq-energy': '0', 'Long-island': '0', 'Low-tilt-spectrum': '0', 'Medium-island': '1', 'Short-island': '0', 'Squeal': '0', 'Typical-entropy': '0', 'Voicing-quality': '1', 'Wide-band': '0', 'Xlong-island': '0', 'seq': '1', 'end': 39287.46, 'start': 39287.11}, {'Canonical-syllable': '0', 'Growl': '0', 'High-freq-energy': '0', 'Long-island': '0', 'Low-tilt-spectrum': '0', 'Medium-island': '0', 'Short-island': '1', 'Squeal': '0', 'Typical-entropy': '0', 'Voicing-quality': '1', 'Wide-band': '0', 'Xlong-island': '0', 'seq': '2', 'end': 39288.29, 'start': 39288.12}]",0,0,[],[]
39288290,39289470,OCH,CXN,0.0,1225,CIOCX,RC,0,NT,FI,0.0,0,-33.89,-24.49,[],0,0,[],[]
39289470,39290700,OCH,CXN,0.0,1225,CIOCX,RC,0,NT,FH,0.0,0,-31.39,-21.81,[],0,0,[],[]
39290700,39291640,CHI,CHN,0.0,1225,CIOCX,RC,0,NT,FI,1.0,940,-18.64,-14.36,"[{'Canonical-syllable': '0', 'Growl': '0', 'High-freq-energy': '0', 'Long-island': '1', 'Low-tilt-spectrum': '0', 'Medium-island': '0', 'Short-island': '0', 'Squeal': '0', 'Typical-entropy': '0', 'Voicing-quality': '1', 'Wide-band': '0', 'Xlong-island': '0', 'seq': '1', 'end': 39291.64, 'start': 39290.99}]",0,0,[],[]
39291640,39292440,NA,SIL,0.0,1225,CIOCX,NA,NA,NA,NA,0.0,0,-42.42,-29.59,[],0,0,[],[]
39292440,39293300,OCH,CXN,0.0,1225,CIOCX,RC,0,NT,FI,0.0,0,-29.57,-24.99,[],0,0,[],[]
39293300,39294530,NA,OLN,0.0,1225,CIOCX,NA,NA,NA,NA,0.0,0,-24.19,-10.61,[],0,0,[],[]
39294530,39295350,NA,NOF,0.0,1225,CIOCX,NA,NA,NA,NA,0.0,0,-32.85,-20.33,[],0,0,[],[]
39295350,39296300,NA,OLN,0.0,1225,CIOCX,NA,NA,NA,NA,0.0,0,-21.57,-10.88,[],0,0,[],[]
39296300,39297140,NA,NOF,0.0,1225,CIOCX,NA,NA,NA,NA,0.0,0,-23.32,-8.62,[],0,0,[],[]
39297140,39298100,NA,OLF,0.0,1225,CIOCX,NA,NA,NA,NA,0.0,0,-28.08,-15.08,[],0,0,[],[]
39298100,39298930,CHI,CHN,0.0,1225,CIOCX,EC,0,NT,FI,1.0,830,-23.25,-10.62,"[{'Canonical-syllable': '0', 'Growl': '1', 'High-freq-energy': '0', 'Long-island': '0', 'Low-tilt-spectrum': '0', 'Medium-island': '1', 'Short-island': '0', 'Squeal': '0', 'Typical-entropy': '0', 'Voicing-quality': '1', 'Wide-band': '0', 'Xlong-island': '0', 'seq': '1', 'end': 39298.93, 'start': 39298.31}]",0,0,[],[]
39298930,39299730,NA,NOF,0.0,1226,pause,NA,NA,NA,NA,0.0,0,-16.72,-3.18,[],0,0,[],[]
39299730,39302880,NA,SIL,0.0,1226,pause,NA,NA,NA,NA,0.0,0,-49.34,-36.69,[],0,0,[],[]
39302880,39303980,NA,NOF,0.0,1226,pause,NA,NA,NA,NA,0.0,0,-52.29,-45.25,[],0,0,[],[]
39303980,39304780,NA,SIL,0.0,1226,pause,NA,NA,NA,NA,0.0,0,-55.35,-50.09,[],0,0,[],[]
39304780,39305680,NA,NOF,0.0,1226,pause,NA,NA,NA,NA,0.0,0,-49.38,-38.7,[],0,0,[],[]
39305680,39316670,NA,SIL,0.0,1226,pause,NA,NA,NA,NA,0.0,0,-56.27,-40.98,[],0,0,[],[]
39316670,39317270,CHI,CHN,0.0,1226,CIOCX,BC,0,NT,FI,1.0,340,-25.0,-18.22,"[{'Canonical-syllable': '0', 'Growl': '0', 'High-freq-energy': '0', 'Long-island': '0', 'Low-tilt-spectrum': '0', 'Medium-island': '1', 'Short-island': '0', 'Squeal': '0', 'Typical-entropy': '0', 'Voicing-quality': '1', 'Wide-band': '0', 'Xlong-island': '0', 'seq': '1', 'end': 39317.01, 'start': 39316.67}]",0,0,[],[]
39317270,39318360,NA,SIL,0.0,1226,CIOCX,NA,NA,NA,NA,0.0,0,-56.58,-49.86,[],0,0,[],[]
39318360,39319710,CHI,CHN,0.0,1226,CIOCX,RC,0,NT,FH,1.0,490,-27.79,-19.12,"[{'Canonical-syllable': '0', 'Growl': '0', 'High-freq-energy': '0', 'Long-island': '0', 'Low-tilt-spectrum': '1', 'Medium-island': '1', 'Short-island': '0', 'Squeal': '0', 'Typical-entropy': '0', 'Voicing-quality': '1', 'Wide-band': '0', 'Xlong-island': '0', 'seq': '1', 'end': 39319.71, 'start': 39319.22}]",0,0,[],[]
39319710,39320510,OCH,CXN,0.0,1226,CIOCX,RC,0,NT,FI,0.0,0,-27.34,-18.46,[],0,0,[],[]
39320510,39322860,NA,SIL,0.0,1226,CIOCX,NA,NA,NA,NA,0.0,0,-57.59,-47.1,[],0,0,[],[]
39322860,39323460,CHI,CHN,0.0,1226,CIOCX,RC,0,NT,FI,1.0,600,-27.72,-21.41,"[{'Canonical-syllable': '0', 'Growl': '1', 'High-freq-energy': '0', 'Long-island': '0', 'Low-tilt-spectrum': '1', 'Medium-island': '0', 'Short-island': '1', 'Squeal': '0', 'Typical-entropy': '1', 'Voicing-quality': '1', 'Wide-band': '0', 'Xlong-island': '0', 'seq': '1', 'end': 39323.46, 'start': 39322.86}]",0,0,[],[]
39323460,39324330,OCH,CXN,0.0,1226,CIOCX,RC,0,NT,FI,0.0,0,-35.31,-22.87,[],0,0,[],[]
39324330,39326210,CHI,CHN,0.0,1226,CIOCX,EC,0,NT,FI,1.0,1760,-17.76,-11.41,"[{'Canonical-syllable': '0', 'Growl': '0', 'High-freq-energy': '0', 'Long-island': '1', 'Low-tilt-spectrum': '1', 'Medium-island': '2', 'Short-island': '0', 'Squeal': '0', 'Typical-entropy': '3', 'Voicing-quality': '3', 'Wide-band': '0', 'Xlong-island': '0', 'seq': '1', 'end': 39326.09, 'start': 39324.5}]",0,0,[],[]
39326210,39332440,NA,SIL,0.0,1227,pause,NA,NA,NA,NA,0.0,0,-55.09,-39.28,[],0,0,[],[]
39332440,39333960,NA,FAF,0.0,1227,pause,NA,NA,NA,NA,0.0,0,-43.62,-28.21,[],0,0,[],[]
39333960,39335380,CHI,CHN,0.0,1227,CIC,BC,0,NT,FI,1.0,1420,-19.82,-11.47,"[{'Canonical-syllable': '2', 'Growl': '0', 'High-freq-energy': '0', 'Long-island': '0', 'Low-tilt-spectrum': '0', 'Medium-island': '2', 'Short-island': '1', 'Squeal': '0', 'Typical-entropy': '1', 'Voicing-quality': '3', 'Wide-band': '0', 'Xlong-island': '0', 'seq': '1', 'end': 39335.38, 'start': 39333.96}]",0,0,[],[]
39335380,39336180,NA,CHF,0.0,1227,CIC,NA,NA,NA,NA,0.0,0,-44.84,-34.73,[],0,710,"[{'start': 39335.38, 'end': 39335.71}]","[{'start': 39335.71, 'end': 39336.09}]"
39336180,39337730,CHI,CHN,0.0,1227,CIC,RC,0,NT,FH,1.0,980,-19.19,-9.35,"[{'Canonical-syllable': '0', 'Growl': '0', 'High-freq-energy': '0', 'Long-island': '0', 'Low-tilt-spectrum': '1', 'Medium-island': '2', 'Short-island': '0', 'Squeal': '0', 'Typical-entropy': '2', 'Voicing-quality': '2', 'Wide-band': '0', 'Xlong-island': '0', 'seq': '1', 'end': 39337.16, 'start': 39336.18}]",0,0,[],[]
39337730,39338770,NA,SIL,0.0,1227,CIC,NA,NA,NA,NA,0.0,0,-56.38,-48.14,[],0,0,[],[]
39338770,39341060,NA,NOF,0.0,1227,CIC,NA,NA,NA,NA,0.0,0,-47.21,-28.14,[],0,0,[],[]
39341060,39343160,CHI,CHN,0.0,1227,CIC,RC,0,NT,FH,3.0,1130,-34.93,-25.88,"[{'Canonical-syllable': '0', 'Growl': '1', 'High-freq-energy': '0', 'Long-island': '0', 'Low-tilt-spectrum': '0', 'Medium-island': '0', 'Short-island': '0', 'Squeal': '0', 'Typical-entropy': '0', 'Voicing-quality': '1', 'Wide-band': '0', 'Xlong-island': '0', 'seq': '1', 'end': 39341.17, 'start': 39341.06}, {'Canonical-syllable': '0', 'Growl': '1', 'High-freq-energy': '0', 'Long-island': '0', 'Low-tilt-spectrum': '0', 'Medium-island': '0', 'Short-island': '0', 'Squeal': '0', 'Typical-entropy': '0', 'Voicing-quality': '1', 'Wide-band': '0', 'Xlong-island': '0', 'seq': '2', 'end': 39341.92, 'start': 39341.83}, {'Canonical-syllable': '1', 'Growl': '1', 'High-freq-energy': '0', 'Long-island': '0', 'Low-tilt-spectrum': '0', 'Medium-island': '2', 'Short-island': '0', 'Squeal': '0', 'Typical-entropy': '0', 'Voicing-quality': '2', 'Wide-band': '0', 'Xlong-island': '0', 'seq': '3', 'end': 39343.16, 'start': 39342.23}]",0,0,[],[]
39343160,39344060,NA,OLN,0.0,1227,CIC,NA,NA,NA,NA,0.0,0,-32.15,-26.21,[],0,0,[],[]
39344060,39345270,CHI,CHN,0.0,1227,CIC,RC,0,NT,FH,2.0,700,-25.77,-18.34,"[{'Canonical-syllable': '0', 'Growl': '0', 'High-freq-energy': '0', 'Long-island': '0', 'Low-tilt-spectrum': '0', 'Medium-island': '0', 'Short-island': '1', 'Squeal': '0', 'Typical-entropy': '0', 'Voicing-quality': '1', 'Wide-band': '0', 'Xlong-island': '0', 'seq': '1', 'end': 39344.42, 'start': 39344.23}, {'Canonical-syllable': '1', 'Growl': '0', 'High-freq-energy': '0', 'Long-island': '0', 'Low-tilt-spectrum': '0', 'Medium-island': '1', 'Short-island': '0', 'Squeal': '0', 'Typical-entropy': '0', 'Voicing-quality': '1', 'Wide-band': '0', 'Xlong-island': '0', 'seq': '2', 'end': 39345.27, 'start': 39344.93}]",0,0,[],[]
39345270,39346300,OCH,CXN,0.0,1227,CIC,RC,0,NT,FI,0.0,0,-27.67,-19.32,[],0,0,[],[]
39346300,39348010,NA,NOF,0.0,1227,CIC,NA,NA,NA,NA,0.0,0,-52.35,-39.66,[],0,0,[],[]
39348010,39350060,CHI,CHN,0.0,1227,CIC,RC,0,NT,FI,2.0,1630,-19.7,-12.34,"[{'Canonical-syllable': '1', 'Growl': '0', 'High-freq-energy': '0', 'Long-island': '0', 'Low-tilt-spectrum': '1', 'Medium-island': '3', 'Short-island': '0', 'Squeal': '0', 'Typical-entropy': '2', 'Voicing-quality': '3', 'Wide-band': '0', 'Xlong-island': '0', 'seq': '1', 'end': 39349.27, 'start': 39348.01}, {'Canonical-syllable': '0', 'Growl': '0', 'High-freq-energy': '1', 'Long-island': '0', 'Low-tilt-spectrum': '2', 'Medium-island': '0', 'Short-island': '1', 'Squeal': '0', 'Typical-entropy': '2', 'Voicing-quality': '2', 'Wide-band': '1', 'Xlong-island': '0', 'seq': '2', 'end': 39350.06, 'start': 39349.69}]",0,0,[],[]
39350060,39351170,CHI,CHN,0.0,1227,CIC,RC,0,TIFI,FH,1.0,540,-18.93,-4.95,"[{'Canonical-syllable': '2', 'Growl': '0', 'High-freq-energy': '0', 'Long-island': '0', 'Low-tilt-spectrum': '1', 'Medium-island': '0', 'Short-island': '2', 'Squeal': '0', 'Typical-entropy': '1', 'Voicing-quality': '2', 'Wide-band': '0', 'Xlong-island': '0', 'seq': '1', 'end': 39350.6, 'start': 39350.06}]",0,0,[],[]
39351170,39353090,CHI,CHN,0.0,1227,CIC,NA,NA,NA,NA,0.0,0,-16.78,-7.62,[],0,1920,"[{'start': 39351.17, 'end': 39353.09}]",[]
39353090,39354850,FEM,FAN,4.04,1227,CIC,RC,1,TIFR,FI,0.0,0,-25.28,-14.79,[],0,0,[],[]
39354850,39356150,NA,SIL,0.0,1227,CIC,NA,NA,NA,NA,0.0,0,-42.08,-27.73,[],0,0,[],[]
39356150,39356950,NA,NOF,0.0,1227,CIC,NA,NA,NA,NA,0.0,0,-49.3,-41.55,[],0,0,[],[]
39356950,39357590,CHI,CHN,0.0,1227,CIC,RC,1,TIFE,FI,1.0,640,-13.3,-3.6,"[{'Canonical-syllable': '1', 'Growl': '0', 'High-freq-energy': '0', 'Long-island': '0', 'Low-tilt-spectrum': '2', 'Medium-island': '0', 'Short-island': '2', 'Squeal': '1', 'Typical-entropy': '2', 'Voicing-quality': '2', 'Wide-band': '0', 'Xlong-island': '0', 'seq': '1', 'end': 39357.59, 'start': 39356.95}]",0,0,[],[]
39357590,39359020,CHI,CHN,0.0,1227,CIC,RC,1,TIMI,FH,1.0,360,-23.85,-11.77,"[{'Canonical-syllable': '0', 'Growl': '0', 'High-freq-energy': '0', 'Long-island': '0', 'Low-tilt-spectrum': '1', 'Medium-island': '1', 'Short-island': '0', 'Squeal': '0', 'Typical-entropy': '1', 'Voicing-quality': '1', 'Wide-band': '0', 'Xlong-island': '0', 'seq': '1', 'end': 39357.95, 'start': 39357.59}]",0,0,[],[]
39359020,39361230,NA,NOF,0.0,1227,CIC,NA,NA,NA,NA,0.0,0,-33.47,-11.36,[],0,0,[],[]
39361230,39362150,NA,OLN,0.0,1227,CIC,NA,NA,NA,NA,0.0,0,-21.57,-4.37,[],0,0,[],[]
39362150,39362950,MAL,MAN,0.0,1227,CIC,NA,NA,NA,NA,0.0,0,-23.81,-6.05,[],800,0,[],[]
39362950,39363550,CHI,CHN,0.0,1227,CIC,NA,NA,NA,NA,0.0,0,-22.69,-15.01,[],0,410,"[{'start': 39363.14, 'end': 39363.44}]","[{'start': 39363.44, 'end': 39363.55}]"
39363550,39364870,MAL,MAN,3.13,1227,CIC,RC,2,TIMR,FI,0.0,0,-38.51,-30.17,[],0,0,[],[]
39364870,39366260,CHI,CHN,0.0,1227,CIC,RC,2,TIME,FI,1.0,360,-30.6,-18.34,"[{'Canonical-syllable': '0', 'Growl': '2', 'High-freq-energy': '0', 'Long-island': '0', 'Low-tilt-spectrum': '0', 'Medium-island': '0', 'Short-island': '1', 'Squeal': '0', 'Typical-entropy': '0', 'Voicing-quality': '2', 'Wide-band': '0', 'Xlong-island': '0', 'seq': '1', 'end': 39366.01, 'start': 39365.65}]",0,0,[],[]
39366260,39366870,CHI,CHN,0.0,1227,CIC,RC,2,NT,FH,1.0,390,-14.34,-2.96,"[{'Canonical-syllable': '1', 'Growl': '0', 'High-freq-energy': '0', 'Long-island': '0', 'Low-tilt-spectrum': '1', 'Medium-island': '0', 'Short-island': '1', 'Squeal': '0', 'Typical-entropy': '1', 'Voicing-quality': '1', 'Wide-band': '0', 'Xlong-island': '0', 'seq': '1', 'end': 39366.65, 'start': 39366.49}]",0,0,[],[]
39366870,39367940,CHI,CHN,0.0,1227,CIC,RC,2,NT,FH,1.0,560,-19.47,-8.15,"[{'Canonical-syllable': '1', 'Growl': '1', 'High-freq-energy': '0', 'Long-island': '0', 'Low-tilt-spectrum': '2', 'Medium-island': '0', 'Short-island': '1', 'Squeal': '0', 'Typical-entropy': '2', 'Voicing-quality': '1', 'Wide-band': '0', 'Xlong-island': '0', 'seq': '1', 'end': 39367.94, 'start': 39367.38}]",0,0,[],[]
39367940,39368770,OCH,CXN,0.0,1227,CIC,RC,2,NT,FI,0.0,0,-20.71,-8.64,[],0,0,[],[]
39368770,39370000,CHI,CHN,0.0,1227,CIC,RC,2,NT,FI,3.0,460,-16.73,-8.31,"[{'Canonical-syllable': '0', 'Growl': '0', 'High-freq-energy': '0', 'Long-island': '0', 'Low-tilt-spectrum': '0', 'Medium-island': '0', 'Short-island': '1', 'Squeal': '0', 'Typical-entropy': '1', 'Voicing-quality': '1', 'Wide-band': '0', 'Xlong-island': '0', 'seq': '1', 'end': 39368.94, 'start': 39368.77}, {'Canonical-syllable': '1', 'Growl': '0', 'High-freq-energy': '0', 'Long-island': '0', 'Low-tilt-spectrum': '1', 'Medium-island': '0', 'Short-island': '1', 'Squeal': '0', 'Typical-entropy': '1', 'Voicing-quality': '1', 'Wide-band': '0', 'Xlong-island': '0', 'seq': '2', 'end': 39369.44, 'start': 39369.29}, {'Canonical-syllable': '0', 'Growl': '0', 'High-freq-energy': '0', 'Long-island': '0', 'Low-tilt-spectrum': '0', 'Medium-island': '0', 'Short-island': '1', 'Squeal': '0', 'Typical-entropy': '0', 'Voicing-quality': '1', 'Wide-band': '0', 'Xlong-island': '0', 'seq': '3', 'end': 39369.91, 'start': 39369.77}]",0,0,[],[]
39370000,39372630,OCH,CXN,0.0,1227,CIC,EC,2,NT,FI,0.0,0,-23.4,-9.72,[],0,0,[],[]
39372630,39374900,NA,OLF,0.0,1228,pause,NA,NA,NA,NA,0.0,0,-30.5,-10.87,[],0,0,[],[]
39374900,39379300,NA,NON,0.0,1228,pause,NA,NA,NA,NA,0.0,0,-29.01,-25.79,[],0,0,[],[]
39379300,39380310,CHI,CHN,0.0,1228,pause,NA,NA,NA,NA,0.0,0,-27.04,-19.87,[],0,1010,"[{'start': 39379.3, 'end': 39380.31}]",[]
39380310,39382570,NA,OLN,0.0,1228,pause,NA,NA,NA,NA,0.0,0,-24.95,-5.93,[],0,0,[],[]
39382570,39384760,NA,NOF,0.0,1228,pause,NA,NA,NA,NA,0.0,0,-26.46,-7.4,[],0,0,[],[]
39384760,39385970,CHI,CHN,0.0,1228,CIOCAX,BC,0,NT,FI,1.0,460,-20.17,-11.37,"[{'Canonical-syllable': '0', 'Growl': '0', 'High-freq-energy': '0', 'Long-island': '0', 'Low-tilt-spectrum': '0', 'Medium-island': '1', 'Short-island': '0', 'Squeal': '0', 'Typical-entropy': '0', 'Voicing-quality': '1', 'Wide-band': '0', 'Xlong-island': '0', 'seq': '1', 'end': 39385.22, 'start': 39384.76}]",0,0,[],[]
39385970,39386570,CHI,CHN,0.0,1228,CIOCAX,RC,0,NT,FH,1.0,600,-18.2,-13.58,"[{'Canonical-syllable': '0', 'Growl': '0', 'High-freq-energy': '0', 'Long-island': '0', 'Low-tilt-spectrum': '0', 'Medium-island': '1', 'Short-island': '0', 'Squeal': '0', 'Typical-entropy': '0', 'Voicing-quality': '1', 'Wide-band': '0', 'Xlong-island': '0', 'seq': '1', 'end': 39386.57, 'start': 39385.97}]",0,0,[],[]
39386570,39387370,NA,CXF,0.0,1228,CIOCAX,NA,NA,NA,NA,0.0,0,-33.72,-20.05,[],0,0,[],[]
39387370,39389830,CHI,CHN,0.0,1228,CIOCAX,RC,0,NT,FH,3.0,1740,-21.95,-13.41,"[{'Canonical-syllable': '0', 'Growl': '2', 'High-freq-energy': '0', 'Long-island': '0', 'Low-tilt-spectrum': '1', 'Medium-island': '0', 'Short-island': '2', 'Squeal': '1', 'Typical-entropy': '1', 'Voicing-quality': '3', 'Wide-band': '1', 'Xlong-island': '0', 'seq': '1', 'end': 39388.18, 'start': 39387.37}, {'Canonical-syllable': '1', 'Growl': '0', 'High-freq-energy': '0', 'Long-island': '0', 'Low-tilt-spectrum': '0', 'Medium-island': '0', 'Short-island': '1', 'Squeal': '0', 'Typical-entropy': '0', 'Voicing-quality': '1', 'Wide-band': '0', 'Xlong-island': '0', 'seq': '2', 'end': 39388.83, 'start': 39388.58}, {'Canonical-syllable': '0', 'Growl': '0', 'High-freq-energy': '0', 'Long-island': '1', 'Low-tilt-spectrum': '0', 'Medium-island': '0', 'Short-island': '0', 'Squeal': '0', 'Typical-entropy': '0', 'Voicing-quality': '1', 'Wide-band': '0', 'Xlong-island': '0', 'seq': '3', 'end': 39389.83, 'start': 39389.15}]",0,0,[],[]
39389830,39390830,OCH,CXN,0.0,1228,CIOCAX,RC,0,NT,FI,0.0,0,-25.68,-18.45,[],0,0,[],[]
39390830,39393220,NA,NOF,0.0,1228,CIOCAX,NA,NA,NA,NA,0.0,0,-35.2,-15.71,[],0,0,[],[]
39393220,39394230,FEM,FAN,1.88,1228,CIOCAX,EC,0,NT,FI,0.0,0,-32.25,-24.79,[],0,0,[],[]
39394230,39395030,NA,SIL,0.0,1229,pause,NA,NA,NA,NA,0.0,0,-40.18,-36.26,[],0,0,[],[]
39395030,39399490,NA,NOF,0.0,1229,pause,NA,NA,NA,NA,0.0,0,-36.01,-26.32,[],0,0,[],[]
39399490,39400290,NA,SIL,0.0,1229,pause,NA,NA,NA,NA,0.0,0,-36.55,-33.05,[],0,0,[],[]
39400290,39401120,NA,NOF,0.0,1229,pause,NA,NA,NA,NA,0.0,0,-36.41,-33.51,[],0,0,[],[]
39401120,39401920,NA,SIL,0.0,1229,pause,NA,NA,NA,NA,0.0,0,-36.77,-33.89,[],0,0,[],[]
39401920,39402720,NA,NOF,0.0,1229,pause,NA,NA,NA,NA,0.0,0,-31.69,-22.83,[],0,0,[],[]
39402720,39403730,OCH,CXN,0.0,1229,XM,EC,0,NT,FI,0.0,0,-31.11,-26.38,[],0,0,[],[]
39403730,39405690,NA,NOF,0.0,1230,pause,NA,NA,NA,NA,0.0,0,-34.36,-26.33,[],0,0,[],[]
39405690,39409200,NA,SIL,0.0,1230,pause,NA,NA,NA,NA,0.0,0,-33.04,-28.32,[],0,0,[],[]
39409200,39410820,NA,MAF,0.0,1230,pause,NA,NA,NA,NA,0.0,0,-38.98,-30.52,[],0,0,[],[]
39410820,39412000,CHI,CHN,0.0,1230,CIC,BC,0,TIMI,FI,2.0,870,-21.26,-10.74,"[{'Canonical-syllable': '0', 'Growl': '1', 'High-freq-energy': '0', 'Long-island': '0', 'Low-tilt-spectrum': '0', 'Medium-island': '1', 'Short-island': '1', 'Squeal': '0', 'Typical-entropy': '1', 'Voicing-quality': '2', 'Wide-band': '0', 'Xlong-island': '0', 'seq': '1', 'end': 39411.54, 'start': 39410.82}, {'Canonical-syllable': '0', 'Growl': '0', 'High-freq-energy': '0', 'Long-island': '0', 'Low-tilt-spectrum': '0', 'Medium-island': '0', 'Short-island': '0', 'Squeal': '0', 'Typical-entropy': '0', 'Voicing-quality': '1', 'Wide-band': '0', 'Xlong-island': '0', 'seq': '2', 'end': 39412.0, 'start': 39411.85}]",0,0,[],[]
39412000,39413570,MAL,MAN,4.68,1230,CIC,RC,1,TIMR,FI,0.0,0,-34.75,-23.19,[],0,0,[],[]
39413570,39416550,NA,NOF,0.0,1230,CIC,NA,NA,NA,NA,0.0,0,-41.74,-28.39,[],0,0,[],[]
39416550,39417750,FEM,FAN,5.08,1230,CIC,RC,1,NT,FI,0.0,0,-31.82,-22.43,[],0,0,[],[]
39417750,39418840,NA,NOF,0.0,1230,CIC,NA,NA,NA,NA,0.0,0,-38.02,-32.27,[],0,0,[],[]
39418840,39419650,NA,SIL,0.0,1230,CIC,NA,NA,NA,NA,0.0,0,-42.65,-38.11,[],0,0,[],[]
39419650,39421070,NA,NOF,0.0,1230,CIC,NA,NA,NA,NA,0.0,0,-38.11,-21.65,[],0,0,[],[]
39421070,39422100,MAL,MAN,3.7,1230,CIC,RC,1,NT,FI,0.0,0,-32.82,-22.37,[],0,0,[],[]
39422100,39423860,NA,SIL,0.0,1230,CIC,NA,NA,NA,NA,0.0,0,-41.73,-34.0,[],0,0,[],[]
39423860,39425050,NA,FAF,0.0,1230,CIC,NA,NA,NA,NA,0.0,0,-37.07,-22.82,[],0,0,[],[]
39425050,39426750,CHI,CHN,0.0,1230,CIC,RC,1,TIFI,FI,1.0,1700,-32.02,-24.15,"[{'Canonical-syllable': '0', 'Growl': '1', 'High-freq-energy': '1', 'Long-island': '0', 'Low-tilt-spectrum': '1', 'Medium-island': '0', 'Short-island': '0', 'Squeal': '0', 'Typical-entropy': '1', 'Voicing-quality': '0', 'Wide-band': '0', 'Xlong-island': '1', 'seq': '1', 'end': 39426.75, 'start': 39425.05}]",0,0,[],[]
39426750,39427570,NA,OLN,0.0,1230,CIC,NA,NA,NA,NA,0.0,0,-29.66,-19.46,[],0,0,[],[]
39427570,39428370,NA,NOF,0.0,1230,CIC,NA,NA,NA,NA,0.0,0,-39.34,-29.14,[],0,0,[],[]
39428370,39429410,FEM,FAN,5.18,1230,CIC,RC,2,TIFR,FI,0.0,0,-32.33,-22.66,[],0,0,[],[]
39429410,39430600,NA,NOF,0.0,1230,CIC,NA,NA,NA,NA,0.0,0,-38.48,-26.41,[],0,0,[],[]
39430600,39431430,OCH,CXN,0.0,1230,CIC,RC,2,NT,FI,0.0,0,-30.14,-20.94,[],0,0,[],[]
39431430,39432440,MAL,MAN,3.71,1230,CIC,EC,2,NT,FI,0.0,0,-37.46,-29.21,[],0,0,[],[]
39432440,39433240,NA,SIL,0.0,1231,pause,NA,NA,NA,NA,0.0,0,-44.79,-40.24,[],0,0,[],[]
39433240,39437710,NA,NOF,0.0,1231,pause,NA,NA,NA,NA,0.0,0,-25.74,-2.84,[],0,0,[],[]
39437710,39438550,NA,OLF,0.0,1231,pause,NA,NA,NA,NA,0.0,0,-36.01,-21.04,[],0,0,[],[]
39438550,39441270,NA,NOF,0.0,1231,pause,NA,NA,NA,NA,0.0,0,-36.15,-15.9,[],0,0,[],[]
39441270,39442240,CHI,CHN,0.0,1231,CIC,BC,0,NT,FI,1.0,850,-22.57,-12.66,"[{'Canonical-syllable': '2', 'Growl': '0', 'High-freq-energy': '0', 'Long-island': '0', 'Low-tilt-spectrum': '0', 'Medium-island': '1', 'Short-island': '1', 'Squeal': '0', 'Typical-entropy': '1', 'Voicing-quality': '3', 'Wide-band': '0', 'Xlong-island': '0', 'seq': '1', 'end': 39442.12, 'start': 39441.35}]",0,0,[],[]
39442240,39443040,NA,OLF,0.0,1231,CIC,NA,NA,NA,NA,0.0,0,-26.71,-12.58,[],0,0,[],[]
39443040,39444530,CHI,CHN,0.0,1231,CIC,RC,0,TIMI,FH,1.0,1490,-27.67,-18.18,"[{'Canonical-syllable': '1', 'Growl': '3', 'High-freq-energy': '0', 'Long-island': '0', 'Low-tilt-spectrum': '2', 'Medium-island': '0', 'Short-island': '5', 'Squeal': '0', 'Typical-entropy': '4', 'Voicing-quality': '5', 'Wide-band': '1', 'Xlong-island': '0', 'seq': '1', 'end': 39444.53, 'start': 39443.04}]",0,0,[],[]
39444530,39445530,MAL,MAN,8.28,1231,CIC,EC,1,TIMR,FI,0.0,0,-29.7,-14.35,[],0,0,[],[]
39445530,39446330,NA,OLN,0.0,1232,pause,NA,NA,NA,NA,0.0,0,-29.01,-21.82,[],0,0,[],[]
39446330,39452060,NA,NOF,0.0,1232,pause,NA,NA,NA,NA,0.0,0,-27.07,-3.39,[],0,0,[],[]
39452060,39453650,MAL,MAN,6.43,1232,AMM,BC,0,NT,FI,0.0,0,-33.68,-23.38,[],0,0,[],[]
39453650,39455250,NA,SIL,0.0,1232,AMM,NA,NA,NA,NA,0.0,0,-45.21,-33.53,[],0,0,[],[]
39455250,39456670,MAL,MAN,4.95,1232,AMM,RC,0,NT,FH,0.0,0,-38.13,-31.31,[],0,0,[],[]
39456670,39457810,NA,NOF,0.0,1232,AMM,NA,NA,NA,NA,0.0,0,-42.19,-23.62,[],0,0,[],[]
39457810,39458810,MAL,MAN,3.05,1232,AMM,EC,0,NT,FH,0.0,0,-35.41,-28.51,[],0,0,[],[]
39458810,39460980,NA,NON,0.0,1233,pause,NA,NA,NA,NA,0.0,0,-22.24,-5.69,[],0,0,[],[]
39460980,39463070,NA,OLN,0.0,1233,pause,NA,NA,NA,NA,0.0,0,-29.3,-12.16,[],0,0,[],[]
39463070,39464080,NA,NOF,0.0,1233,pause,NA,NA,NA,NA,0.0,0,-21.66,-6.27,[],0,0,[],[]
39464080,39464710,CHI,CHN,0.0,1233,pause,NA,NA,NA,NA,0.0,0,-27.37,-13.08,[],0,630,[],"[{'start': 39464.08, 'end': 39464.71}]"
39464710,39465560,NA,OLN,0.0,1233,pause,NA,NA,NA,NA,0.0,0,-24.11,-8.83,[],0,0,[],[]
39465560,39466790,NA,NOF,0.0,1233,pause,NA,NA,NA,NA,0.0,0,-19.26,-6.29,[],0,0,[],[]
39466790,39468270,MAL,MAN,2.2,1233,AMM,EC,0,NT,FI,0.0,0,-31.59,-25.77,[],0,0,[],[]
39468270,39469270,NA,FAF,0.0,1234,pause,NA,NA,NA,NA,0.0,0,-38.31,-30.3,[],0,0,[],[]
39469270,39470220,CHI,CHN,0.0,1234,pause,NA,NA,NA,NA,0.0,0,-16.31,-11.74,[],0,950,"[{'start': 39469.27, 'end': 39470.22}]",[]
39470220,39473560,NA,NOF,0.0,1234,pause,NA,NA,NA,NA,0.0,0,-31.91,-10.4,[],0,0,[],[]
39473560,39475070,NA,OLN,0.0,1234,pause,NA,NA,NA,NA,0.0,0,-26.51,-19.42,[],0,0,[],[]
39475070,39476460,NA,NOF,0.0,1234,pause,NA,NA,NA,NA,0.0,0,-27.78,-7.5,[],0,0,[],[]
39476460,39477300,NA,OLN,0.0,1234,pause,NA,NA,NA,NA,0.0,0,-35.73,-21.04,[],0,0,[],[]
39477300,39478140,NA,NOF,0.0,1234,pause,NA,NA,NA,NA,0.0,0,-15.63,-4.77,[],0,0,[],[]
39478140,39478950,NA,OLN,0.0,1234,pause,NA,NA,NA,NA,0.0,0,-34.15,-19.27,[],0,0,[],[]
39478950,39480510,NA,NOF,0.0,1234,pause,NA,NA,NA,NA,0.0,0,-23.15,-3.82,[],0,0,[],[]
39480510,39481110,NA,CHF,0.0,1234,CIC,BC,0,NT,FI,1.0,600,-41.58,-39.45,"[{'Canonical-syllable': '0', 'Growl': '1', 'High-freq-energy': '0', 'Long-island': '0', 'Low-tilt-spectrum': '1', 'Medium-island': '1', 'Short-island': '0', 'Squeal': '0', 'Typical-entropy': '0', 'Voicing-quality': '1', 'Wide-band': '0', 'Xlong-island': '0', 'seq': '1', 'end': 39481.11, 'start': 39480.51}]",0,0,[],[]
39481110,39481910,NA,NOF,0.0,1234,CIC,NA,NA,NA,NA,0.0,0,-43.85,-41.34,[],0,0,[],[]
39481910,39482530,NA,FAF,0.0,1234,CIC,NA,NA,NA,NA,0.0,0,-34.19,-20.43,[],0,0,[],[]
39482530,39484130,NA,NOF,0.0,1234,CIC,NA,NA,NA,NA,0.0,0,-38.12,-23.99,[],0,0,[],[]
39484130,39485730,CHI,CHN,0.0,1234,CIC,RC,0,TIMI,FH,1.0,1030,-20.06,-9.33,"[{'Canonical-syllable': '0', 'Growl': '0', 'High-freq-energy': '0', 'Long-island': '1', 'Low-tilt-spectrum': '0', 'Medium-island': '0', 'Short-island': '1', 'Squeal': '0', 'Typical-entropy': '2', 'Voicing-quality': '2', 'Wide-band': '0', 'Xlong-island': '0', 'seq': '1', 'end': 39485.16, 'start': 39484.13}]",0,0,[],[]
39485730,39487570,MAL,MAN,4.96,1234,CIC,RC,1,TIMR,FI,0.0,0,-33.13,-24.17,[],0,0,[],[]
39487570,39489540,NA,NON,0.0,1234,CIC,NA,NA,NA,NA,0.0,0,-22.07,-5.7,[],0,0,[],[]
39489540,39490790,NA,OLN,0.0,1234,CIC,NA,NA,NA,NA,0.0,0,-22.84,-16.2,[],0,0,[],[]
39490790,39491390,CHI,CHN,0.0,1234,CIC,NA,NA,NA,NA,0.0,0,-25.04,-22.62,[],0,600,[],"[{'start': 39490.79, 'end': 39491.39}]"
39491390,39492190,NA,OLN,0.0,1234,CIC,NA,NA,NA,NA,0.0,0,-21.96,-12.16,[],0,0,[],[]
39492190,39493640,CHI,CHN,0.0,1234,CIC,RC,1,TIME,FI,1.0,1450,-19.56,-13.65,"[{'Canonical-syllable': '0', 'Growl': '1', 'High-freq-energy': '0', 'Long-island': '1', 'Low-tilt-spectrum': '1', 'Medium-island': '1', 'Short-island': '2', 'Squeal': '0', 'Typical-entropy': '3', 'Voicing-quality': '4', 'Wide-band': '0', 'Xlong-island': '0', 'seq': '1', 'end': 39493.64, 'start': 39492.19}]",0,0,[],[]
39493640,39494500,NA,OLN,0.0,1234,CIC,NA,NA,NA,NA,0.0,0,-32.17,-23.43,[],0,0,[],[]
39494500,39497300,CHI,CHN,0.0,1234,CIC,RC,1,NT,FH,1.0,2610,-19.8,-11.33,"[{'Canonical-syllable': '1', 'Growl': '0', 'High-freq-energy': '0', 'Long-island': '1', 'Low-tilt-spectrum': '0', 'Medium-island': '1', 'Short-island': '3', 'Squeal': '0', 'Typical-entropy': '5', 'Voicing-quality': '6', 'Wide-band': '0', 'Xlong-island': '0', 'seq': '1', 'end': 39497.11, 'start': 39494.69}]",0,0,[],[]
39497300,39499150,NA,NOF,0.0,1234,CIC,NA,NA,NA,NA,0.0,0,-45.51,-36.2,[],0,0,[],[]
39499150,39500680,CHI,CHN,0.0,1234,CIC,NA,NA,NA,NA,0.0,0,-14.76,-6.94,[],0,1240,"[{'start': 39499.33, 'end': 39500.57}]",[]
39500680,39501480,NA,OLN,0.0,1234,CIC,NA,NA,NA,NA,0.0,0,-26.31,-17.0,[],0,0,[],[]
39501480,39506390,CHI,CHN,0.0,1234,CIC,RC,1,TIMI,FH,2.0,4260,-19.1,-4.25,"[{'Canonical-syllable': '0', 'Growl': '6', 'High-freq-energy': '0', 'Long-island': '0', 'Low-tilt-spectrum': '6', 'Medium-island': '2', 'Short-island': '5', 'Squeal': '0', 'Typical-entropy': '11', 'Voicing-quality': '13', 'Wide-band': '0', 'Xlong-island': '0', 'seq': '1', 'end': 39505.34, 'start': 39501.48}, {'Canonical-syllable': '0', 'Growl': '0', 'High-freq-energy': '0', 'Long-island': '0', 'Low-tilt-spectrum': '1', 'Medium-island': '1', 'Short-island': '0', 'Squeal': '0', 'Typical-entropy': '0', 'Voicing-quality': '1', 'Wide-band': '0', 'Xlong-island': '0', 'seq': '2', 'end': 39506.39, 'start': 39505.99}]",0,0,[],[]
39506390,39507190,NA,NON,0.0,1234,CIC,NA,NA,NA,NA,0.0,0,-35.09,-28.01,[],0,0,[],[]
39507190,39508580,CHI,CHN,0.0,1234,CIC,NA,NA,NA,NA,0.0,0,-20.43,-11.3,[],0,410,"[{'start': 39507.4, 'end': 39507.81}]",[]
39508580,39509380,NA,NOF,0.0,1234,CIC,NA,NA,NA,NA,0.0,0,-38.41,-33.45,[],0,0,[],[]
39509380,39510180,MAL,MAN,0.87,1234,CIC,RC,2,TIMR,FI,0.0,0,-35.68,-31.58,[],0,0,[],[]
39510180,39510880,CHI,CHN,0.0,1234,CIC,RC,2,TIME,FI,1.0,200,-30.43,-21.8,"[{'Canonical-syllable': '1', 'Growl': '0', 'High-freq-energy': '0', 'Long-island': '0', 'Low-tilt-spectrum': '1', 'Medium-island': '0', 'Short-island': '1', 'Squeal': '0', 'Typical-entropy': '1', 'Voicing-quality': '1', 'Wide-band': '0', 'Xlong-island': '0', 'seq': '1', 'end': 39510.88, 'start': 39510.68}]",0,0,[],[]
39510880,39512050,NA,SIL,0.0,1234,CIC,NA,NA,NA,NA,0.0,0,-47.13,-39.5,[],0,0,[],[]
39512050,39512900,CHI,CHN,0.0,1234,CIC,EC,2,NT,FH,1.0,760,-15.01,-10.09,"[{'Canonical-syllable': '0', 'Growl': '0', 'High-freq-energy': '1', 'Long-island': '1', 'Low-tilt-spectrum': '0', 'Medium-island': '0', 'Short-island': '0', 'Squeal': '0', 'Typical-entropy': '1', 'Voicing-quality': '1', 'Wide-band': '0', 'Xlong-island': '0', 'seq': '1', 'end': 39512.81, 'start': 39512.05}]",0,0,[],[]
39512900,39518520,NA,NOF,0.0,1235,pause,NA,NA,NA,NA,0.0,0,-47.03,-35.6,[],0,0,[],[]
39518520,39519530,NA,SIL,0.0,1235,pause,NA,NA,NA,NA,0.0,0,-45.82,-40.6,[],0,0,[],[]
39519530,39521230,NA,NOF,0.0,1235,pause,NA,NA,NA,NA,0.0,0,-44.51,-37.71,[],0,0,[],[]
39521230,39522050,CHI,CHN,0.0,1235,pause,NA,NA,NA,NA,0.0,0,-17.86,-13.42,[],0,820,"[{'start': 39521.23, 'end': 39522.05}]",[]
39522050,39524880,NA,NOF,0.0,1235,pause,NA,NA,NA,NA,0.0,0,-27.19,-6.41,[],0,0,[],[]
39524880,39526010,NA,OLN,0.0,1235,pause,NA,NA,NA,NA,0.0,0,-19.71,-12.89,[],0,0,[],[]
39526010,39527950,CHI,CHN,0.0,1235,CM,BC,0,NT,FI,1.0,1940,-18.3,-6.28,"[{'Canonical-syllable': '1', 'Growl': '1', 'High-freq-energy': '0', 'Long-island': '0', 'Low-tilt-spectrum': '3', 'Medium-island': '3', 'Short-island': '2', 'Squeal': '0', 'Typical-entropy': '3', 'Voicing-quality': '5', 'Wide-band': '0', 'Xlong-island': '0', 'seq': '1', 'end': 39527.95, 'start': 39526.01}]",0,0,[],[]
39527950,39528830,NA,NOF,0.0,1235,CM,NA,NA,NA,NA,0.0,0,-43.38,-33.85,[],0,0,[],[]
39528830,39529770,CHI,CHN,0.0,1235,CM,RC,0,NT,FH,1.0,940,-21.17,-16.32,"[{'Canonical-syllable': '0', 'Growl': '0', 'High-freq-energy': '0', 'Long-island': '1', 'Low-tilt-spectrum': '0', 'Medium-island': '0', 'Short-island': '0', 'Squeal': '0', 'Typical-entropy': '0', 'Voicing-quality': '1', 'Wide-band': '0', 'Xlong-island': '0', 'seq': '1', 'end': 39529.77, 'start': 39528.83}]",0,0,[],[]
39529770,39530630,NA,NOF,0.0,1235,CM,NA,NA,NA,NA,0.0,0,-39.0,-22.9,[],0,0,[],[]
39530630,39531230,CHI,CHN,0.0,1235,CM,NA,NA,NA,NA,0.0,0,-35.89,-31.53,[],0,600,[],"[{'start': 39530.63, 'end': 39531.23}]"
39531230,39532240,MAL,MAN,0.0,1235,CM,NA,NA,NA,NA,0.0,0,-35.9,-33.2,[],1010,0,[],[]
39532240,39533040,NA,NOF,0.0,1235,CM,NA,NA,NA,NA,0.0,0,-40.94,-29.8,[],0,0,[],[]
39533040,39534510,CHI,CHN,0.0,1235,CM,EC,0,NT,FH,1.0,1360,-20.29,-12.84,"[{'Canonical-syllable': '0', 'Growl': '1', 'High-freq-energy': '0', 'Long-island': '1', 'Low-tilt-spectrum': '0', 'Medium-island': '0', 'Short-island': '2', 'Squeal': '0', 'Typical-entropy': '1', 'Voicing-quality': '3', 'Wide-band': '0', 'Xlong-island': '0', 'seq': '1', 'end': 39534.4, 'start': 39533.04}]",0,0,[],[]
39534510,39536500,NA,NOF,0.0,1236,pause,NA,NA,NA,NA,0.0,0,-43.13,-31.42,[],0,0,[],[]
39536500,39537860,CHI,CHN,0.0,1236,pause,NA,NA,NA,NA,0.0,0,-16.44,-10.34,[],0,220,"[{'start': 39537.64, 'end': 39537.86}]",[]
39537860,39539920,NA,NOF,0.0,1236,pause,NA,NA,NA,NA,0.0,0,-41.13,-20.34,[],0,0,[],[]
39539920,39540760,OCH,CXN,0.0,1236,XIOCC,BC,0,NT,FI,0.0,0,-28.83,-16.39,[],0,0,[],[]
39540760,39541560,NA,NON,0.0,1236,XIOCC,NA,NA,NA,NA,0.0,0,-23.49,-6.63,[],0,0,[],[]
39541560,39543550,CHI,CHN,0.0,1236,XIOCC,NA,NA,NA,NA,0.0,0,-16.81,-4.96,[],0,1990,"[{'start': 39541.56, 'end': 39543.55}]",[]
39543550,39544500,CHI,CHN,0.0,1236,XIOCC,RC,0,NT,FI,1.0,560,-24.09,-13.56,"[{'Canonical-syllable': '0', 'Growl': '1', 'High-freq-energy': '0', 'Long-island': '0', 'Low-tilt-spectrum': '2', 'Medium-island': '1', 'Short-island': '0', 'Squeal': '0', 'Typical-entropy': '2', 'Voicing-quality': '1', 'Wide-band': '0', 'Xlong-island': '0', 'seq': '1', 'end': 39544.11, 'start': 39543.55}]",0,0,[],[]
39544500,39545360,NA,CHF,0.0,1236,XIOCC,NA,NA,NA,NA,0.0,0,-34.94,-20.93,[],0,110,[],"[{'start': 39544.61, 'end': 39544.72}]"
39545360,39547250,CHI,CHN,0.0,1236,XIOCC,NA,NA,NA,NA,0.0,0,-16.11,-3.86,[],0,1110,"[{'start': 39545.36, 'end': 39545.92}, {'start': 39546.38, 'end': 39546.64}]","[{'start': 39546.64, 'end': 39546.93}]"
39547250,39548130,NA,NON,0.0,1236,XIOCC,NA,NA,NA,NA,0.0,0,-31.71,-26.0,[],0,0,[],[]
39548130,39549320,CHI,CHN,0.0,1236,XIOCC,RC,0,NT,FH,1.0,200,-23.44,-13.4,"[{'Canonical-syllable': '0', 'Growl': '0', 'High-freq-energy': '0', 'Long-island': '0', 'Low-tilt-spectrum': '1', 'Medium-island': '0', 'Short-island': '1', 'Squeal': '0', 'Typical-entropy': '1', 'Voicing-quality': '1', 'Wide-band': '0', 'Xlong-island': '0', 'seq': '1', 'end': 39549.21, 'start': 39549.01}]",0,0,[],[]
39549320,39550990,NA,NOF,0.0,1236,XIOCC,NA,NA,NA,NA,0.0,0,-42.19,-33.61,[],0,0,[],[]
39550990,39551800,NA,SIL,0.0,1236,XIOCC,NA,NA,NA,NA,0.0,0,-46.18,-40.97,[],0,0,[],[]
39551800,39552430,CHI,CHN,0.0,1236,XIOCC,EC,0,NT,FH,1.0,470,-30.4,-22.78,"[{'Canonical-syllable': '0', 'Growl': '0', 'High-freq-energy': '0', 'Long-island': '0', 'Low-tilt-spectrum': '0', 'Medium-island': '1', 'Short-island': '0', 'Squeal': '0', 'Typical-entropy': '0', 'Voicing-quality': '1', 'Wide-band': '0', 'Xlong-island': '0', 'seq': '1', 'end': 39552.27, 'start': 39551.96}]",0,0,[],[]
39552430,39556520,NA,NOF,0.0,1237,pause,NA,NA,NA,NA,0.0,0,-29.34,-6.01,[],0,0,[],[]
39556520,39557330,NA,OLN,0.0,1237,pause,NA,NA,NA,NA,0.0,0,-19.2,-14.06,[],0,0,[],[]
39557330,39559770,CHI,CHN,0.0,1237,pause,NA,NA,NA,NA,0.0,0,-19.39,-6.29,[],0,1810,"[{'start': 39557.33, 'end': 39558.62}, {'start': 39559.01, 'end': 39559.39}, {'start': 39559.63, 'end': 39559.77}]",[]
39559770,39560770,CHI,CHN,0.0,1237,CIOCX,BC,0,NT,FI,2.0,200,-33.08,-20.72,"[{'Canonical-syllable': '1', 'Growl': '0', 'High-freq-energy': '0', 'Long-island': '0', 'Low-tilt-spectrum': '1', 'Medium-island': '0', 'Short-island': '1', 'Squeal': '0', 'Typical-entropy': '1', 'Voicing-quality': '1', 'Wide-band': '0', 'Xlong-island': '0', 'seq': '1', 'end': 39559.89, 'start': 39559.77}, {'Canonical-syllable': '0', 'Growl': '0', 'High-freq-energy': '0', 'Long-island': '0', 'Low-tilt-spectrum': '0', 'Medium-island': '0', 'Short-island': '0', 'Squeal': '0', 'Typical-entropy': '0', 'Voicing-quality': '0', 'Wide-band': '0', 'Xlong-island': '0', 'seq': '2', 'end': 39560.77, 'start': 39560.69}]",0,0,[],[]
39560770,39562340,NA,NOF,0.0,1237,CIOCX,NA,NA,NA,NA,0.0,0,-32.28,-13.35,[],0,0,[],[]
39562340,39562940,OCH,CXN,0.0,1237,CIOCX,RC,0,NT,FI,0.0,0,-22.51,-17.06,[],0,0,[],[]
39562940,39563900,NA,NOF,0.0,1237,CIOCX,NA,NA,NA,NA,0.0,0,-42.96,-33.06,[],0,0,[],[]
39563900,39565040,CHI,CHN,0.0,1237,CIOCX,RC,0,NT,FI,1.0,1140,-18.26,-10.07,"[{'Canonical-syllable': '1', 'Growl': '0', 'High-freq-energy': '0', 'Long-island': '0', 'Low-tilt-spectrum': '0', 'Medium-island': '1', 'Short-island': '1', 'Squeal': '0', 'Typical-entropy': '3', 'Voicing-quality': '3', 'Wide-band': '0', 'Xlong-island': '0', 'seq': '1', 'end': 39565.04, 'start': 39564.02}]",0,0,[],[]
39565040,39567750,NA,NOF,0.0,1237,CIOCX,NA,NA,NA,NA,0.0,0,-42.2,-29.6,[],0,0,[],[]
39567750,39568400,CHI,CHN,0.0,1237,CIOCX,RC,0,NT,FH,1.0,650,-16.79,-12.2,"[{'Canonical-syllable': '0', 'Growl': '0', 'High-freq-energy': '0', 'Long-island': '0', 'Low-tilt-spectrum': '0', 'Medium-island': '1', 'Short-island': '0', 'Squeal': '0', 'Typical-entropy': '0', 'Voicing-quality': '1', 'Wide-band': '0', 'Xlong-island': '0', 'seq': '1', 'end': 39568.4, 'start': 39567.75}]",0,0,[],[]
39568400,39570560,NA,NOF,0.0,1237,CIOCX,NA,NA,NA,NA,0.0,0,-24.89,-5.13,[],0,0,[],[]
39570560,39571160,CHI,CHN,0.0,1237,CIOCX,NA,NA,NA,NA,0.0,0,-36.24,-27.82,[],0,600,[],"[{'start': 39570.56, 'end': 39571.16}]"
39571160,39572030,NA,OLN,0.0,1237,CIOCX,NA,NA,NA,NA,0.0,0,-27.62,-19.11,[],0,0,[],[]
39572030,39574200,CHI,CHN,0.0,1237,CIOCX,EC,0,NT,FH,2.0,1840,-20.92,-14.57,"[{'Canonical-syllable': '0', 'Growl': '0', 'High-freq-energy': '0', 'Long-island': '0', 'Low-tilt-spectrum': '0', 'Medium-island': '0', 'Short-island': '0', 'Squeal': '0', 'Typical-entropy': '1', 'Voicing-quality': '1', 'Wide-band': '0', 'Xlong-island': '1', 'seq': '1', 'end': 39572.99, 'start': 39572.03}, {'Canonical-syllable': '0', 'Growl': '1', 'High-freq-energy': '0', 'Long-island': '0', 'Low-tilt-spectrum': '2', 'Medium-island': '2', 'Short-island': '1', 'Squeal': '0', 'Typical-entropy': '3', 'Voicing-quality': '3', 'Wide-band': '0', 'Xlong-island': '0', 'seq': '2', 'end': 39574.2, 'start': 39573.32}]",0,0,[],[]
39574200,39575410,NA,NOF,0.0,1238,pause,NA,NA,NA,NA,0.0,0,-16.47,-3.08,[],0,0,[],[]
39575410,39576100,CHI,CHN,0.0,1238,pause,NA,NA,NA,NA,0.0,0,-31.9,-30.58,[],0,690,"[{'start': 39575.41, 'end': 39576.1}]",[]
39576100,39577190,NA,NON,0.0,1238,pause,NA,NA,NA,NA,0.0,0,-32.01,-29.62,[],0,0,[],[]
39577190,39581100,CHI,CHN,0.0,1238,pause,NA,NA,NA,NA,0.0,0,-18.29,-6.23,[],0,2190,"[{'start': 39578.2, 'end': 39579.18}, {'start': 39579.79, 'end': 39581.0}]",[]
39581100,39585750,NA,NOF,0.0,1238,pause,NA,NA,NA,NA,0.0,0,-32.15,-10.09,[],0,0,[],[]
39585750,39587330,CHI,CHN,0.0,1238,CM,BC,0,NT,FI,1.0,700,-22.08,-15.46,"[{'Canonical-syllable': '0', 'Growl': '0', 'High-freq-energy': '0', 'Long-island': '1', 'Low-tilt-spectrum': '1', 'Medium-island': '0', 'Short-island': '0', 'Squeal': '0', 'Typical-entropy': '1', 'Voicing-quality': '1', 'Wide-band': '0', 'Xlong-island': '0', 'seq': '1', 'end': 39587.33, 'start': 39586.63}]",0,0,[],[]
39587330,39588630,NA,OLN,0.0,1238,CM,NA,NA,NA,NA,0.0,0,-19.38,-11.48,[],0,0,[],[]
39588630,39590370,CHI,CHN,0.0,1238,CM,EC,0,NT,FH,1.0,1550,-16.8,-5.91,"[{'Canonical-syllable': '1', 'Growl': '0', 'High-freq-energy': '0', 'Long-island': '0', 'Low-tilt-spectrum': '0', 'Medium-island': '2', 'Short-island': '2', 'Squeal': '0', 'Typical-entropy': '4', 'Voicing-quality': '4', 'Wide-band': '0', 'Xlong-island': '0', 'seq': '1', 'end': 39590.18, 'start': 39588.63}]",0,0,[],[]
39590370,39591580,NA,NOF,0.0,1239,pause,NA,NA,NA,NA,0.0,0,-25.11,-6.29,[],0,0,[],[]
39591580,39592180,CHI,CHN,0.0,1239,pause,NA,NA,NA,NA,0.0,0,-33.04,-25.43,[],0,600,[],"[{'start': 39591.58, 'end': 39592.18}]"
39592180,39593840,NA,NOF,0.0,1239,pause,NA,NA,NA,NA,0.0,0,-20.97,-4.18,[],0,0,[],[]
39593840,39595000,CHI,CHN,0.0,1239,pause,NA,NA,NA,NA,0.0,0,-15.09,-5.76,[],0,1160,"[{'start': 39593.84, 'end': 39595.0}]",[]
39595000,39595830,NA,MAF,0.0,1239,pause,NA,NA,NA,NA,0.0,0,-38.2,-28.07,[],0,0,[],[]
39595830,39597090,CHI,CHN,0.0,1239,CIC,BC,0,NT,FI,1.0,1260,-19.29,-9.32,"[{'Canonical-syllable': '0', 'Growl': '2', 'High-freq-energy': '0', 'Long-island': '0', 'Low-tilt-spectrum': '0', 'Medium-island': '1', 'Short-island': '1', 'Squeal': '0', 'Typical-entropy': '3', 'Voicing-quality': '2', 'Wide-band': '0', 'Xlong-island': '0', 'seq': '1', 'end': 39597.09, 'start': 39595.83}]",0,0,[],[]
39597090,39597890,CHI,CHN,0.0,1239,CIC,RC,0,TIFI,FH,1.0,800,-20.14,-11.42,"[{'Canonical-syllable': '1', 'Growl': '0', 'High-freq-energy': '0', 'Long-island': '0', 'Low-tilt-spectrum': '1', 'Medium-island': '1', 'Short-island': '1', 'Squeal': '0', 'Typical-entropy': '2', 'Voicing-quality': '2', 'Wide-band': '0', 'Xlong-island': '0', 'seq': '1', 'end': 39597.89, 'start': 39597.23}]",0,0,[],[]
39597890,39598920,NA,NOF,0.0,1239,CIC,NA,NA,NA,NA,0.0,0,-40.01,-27.26,[],0,0,[],[]
39598920,39600250,NA,SIL,0.0,1239,CIC,NA,NA,NA,NA,0.0,0,-49.17,-42.36,[],0,0,[],[]
39600250,39601380,NA,NOF,0.0,1239,CIC,NA,NA,NA,NA,0.0,0,-38.25,-21.78,[],0,0,[],[]
39601380,39602920,FEM,FAN,8.39,1239,CIC,RC,1,TIFR,FI,0.0,0,-31.37,-17.8,[],0,0,[],[]
39602920,39603730,NA,OLN,0.0,1239,CIC,NA,NA,NA,NA,0.0,0,-18.77,-11.84,[],0,0,[],[]
39603730,39604540,CHI,CHN,0.0,1239,CIC,RC,1,TIMI,FI,1.0,580,-13.84,-4.52,"[{'Canonical-syllable': '0', 'Growl': '0', 'High-freq-energy': '0', 'Long-island': '0', 'Low-tilt-spectrum': '0', 'Medium-island': '1', 'Short-island': '0', 'Squeal': '0', 'Typical-entropy': '0', 'Voicing-quality': '1', 'Wide-band': '0', 'Xlong-island': '0', 'seq': '1', 'end': 39604.31, 'start': 39603.73}]",0,0,[],[]
39604540,39605380,NA,NOF,0.0,1239,CIC,NA,NA,NA,NA,0.0,0,-39.33,-28.18,[],0,0,[],[]
39605380,39606380,MAL,MAN,6.21,1239,CIC,RC,2,TIMR,FI,0.0,0,-32.9,-16.93,[],0,0,[],[]
39606380,39607930,CHI,CHN,0.0,1239,CIC,NA,NA,NA,NA,0.0,0,-15.69,-5.44,[],0,1240,"[{'start': 39606.69, 'end': 39607.93}]",[]
39607930,39608840,FEM,FAN,1.95,1239,CIC,RC,2,NT,FI,0.0,0,-18.54,-3.62,[],0,0,[],[]
39608840,39610900,CHI,CHN,0.0,1239,CIC,NA,NA,NA,NA,0.0,0,-21.19,-10.14,[],0,570,"[{'start': 39610.33, 'end': 39610.9}]",[]
39610900,39611700,NA,OLN,0.0,1239,CIC,NA,NA,NA,NA,0.0,0,-18.34,-7.79,[],0,0,[],[]
39611700,39613260,CHI,CHN,0.0,1239,CIC,EC,2,TIFE,FI,1.0,1470,-15.48,-4.9,"[{'Canonical-syllable': '0', 'Growl': '0', 'High-freq-energy': '0', 'Long-island': '1', 'Low-tilt-spectrum': '1', 'Medium-island': '0', 'Short-island': '2', 'Squeal': '0', 'Typical-entropy': '2', 'Voicing-quality': '3', 'Wide-band': '0', 'Xlong-island': '0', 'seq': '1', 'end': 39613.17, 'start': 39611.7}]",0,0,[],[]
39613260,39614060,NA,NOF,0.0,1240,pause,NA,NA,NA,NA,0.0,0,-43.27,-36.37,[],0,0,[],[]
39614060,39615290,NA,SIL,0.0,1240,pause,NA,NA,NA,NA,0.0,0,-46.4,-43.76,[],0,0,[],[]
39615290,39617000,NA,NOF,0.0,1240,pause,NA,NA,NA,NA,0.0,0,-46.48,-37.68,[],0,0,[],[]
39617000,39617600,CHI,CHN,0.0,1240,pause,NA,NA,NA,NA,0.0,0,-24.86,-10.51,[],0,320,[],"[{'start': 39617.28, 'end': 39617.6}]"
39617600,39618460,NA,NOF,0.0,1240,pause,NA,NA,NA,NA,0.0,0,-40.32,-27.25,[],0,0,[],[]
39618460,39622280,CHI,CHN,0.0,1240,pause,NA,NA,NA,NA,0.0,0,-15.98,-7.42,[],0,3440,"[{'start': 39618.46, 'end': 39621.06}, {'start': 39621.44, 'end': 39622.28}]",[]
39622280,39624580,NA,NOF,0.0,1240,pause,NA,NA,NA,NA,0.0,0,-22.42,-4.84,[],0,0,[],[]
39624580,39625410,NA,OLN,0.0,1240,pause,NA,NA,NA,NA,0.0,0,-12.74,-2.73,[],0,0,[],[]
39625410,39626650,CHI,CHN,0.0,1240,pause,NA,NA,NA,NA,0.0,0,-12.88,-5.11,[],0,1240,"[{'start': 39625.41, 'end': 39626.65}]",[]
39626650,39627450,NA,OLF,0.0,1240,pause,NA,NA,NA,NA,0.0,0,-40.68,-29.95,[],0,0,[],[]
39627450,39628050,CHI,CHN,0.0,1240,pause,NA,NA,NA,NA,0.0,0,-31.9,-22.29,[],0,280,[],"[{'start': 39627.45, 'end': 39627.73}]"
39628050,39629690,NA,NOF,0.0,1240,pause,NA,NA,NA,NA,0.0,0,-40.02,-33.54,[],0,0,[],[]
39629690,39630340,CHI,CHN,0.0,1240,CM,BC,0,NT,FI,1.0,650,-23.87,-15.33,"[{'Canonical-syllable': '0', 'Growl': '2', 'High-freq-energy': '0', 'Long-island': '0', 'Low-tilt-spectrum': '2', 'Medium-island': '0', 'Short-island': '2', 'Squeal': '0', 'Typical-entropy': '2', 'Voicing-quality': '2', 'Wide-band': '0', 'Xlong-island': '0', 'seq': '1', 'end': 39630.34, 'start': 39629.69}]",0,0,[],[]
39630340,39631470,CHI,CHN,0.0,1240,CM,RC,0,NT,FH,1.0,1130,-22.41,-16.92,"[{'Canonical-syllable': '0', 'Growl': '1', 'High-freq-energy': '0', 'Long-island': '0', 'Low-tilt-spectrum': '1', 'Medium-island': '2', 'Short-island': '1', 'Squeal': '0', 'Typical-entropy': '2', 'Voicing-quality': '3', 'Wide-band': '1', 'Xlong-island': '0', 'seq': '1', 'end': 39631.47, 'start': 39630.34}]",0,0,[],[]
39631470,39632330,NA,OLN,0.0,1240,CM,NA,NA,NA,NA,0.0,0,-23.29,-14.38,[],0,0,[],[]
39632330,39635330,CHI,CHN,0.0,1240,CM,EC,0,NT,FH,2.0,1970,-16.58,-1.87,"[{'Canonical-syllable': '0', 'Growl': '0', 'High-freq-energy': '0', 'Long-island': '0', 'Low-tilt-spectrum': '1', 'Medium-island': '0', 'Short-island': '1', 'Squeal': '0', 'Typical-entropy': '1', 'Voicing-quality': '1', 'Wide-band': '0', 'Xlong-island': '0', 'seq': '1', 'end': 39632.71, 'start': 39632.47}, {'Canonical-syllable': '0', 'Growl': '2', 'High-freq-energy': '0', 'Long-island': '0', 'Low-tilt-spectrum': '3', 'Medium-island': '2', 'Short-island': '3', 'Squeal': '0', 'Typical-entropy': '6', 'Voicing-quality': '6', 'Wide-band': '0', 'Xlong-island': '0', 'seq': '2', 'end': 39634.62, 'start': 39633.03}]",0,0,[],[]
39635330,39636130,NA,OLN,0.0,1241,pause,NA,NA,NA,NA,0.0,0,-17.21,-3.94,[],0,0,[],[]
39636130,39638200,CHI,CHN,0.0,1241,pause,NA,NA,NA,NA,0.0,0,-14.77,-4.18,[],0,1810,"[{'start': 39636.39, 'end': 39638.2}]",[]
39638200,39639050,NA,NOF,0.0,1241,pause,NA,NA,NA,NA,0.0,0,-28.07,-14.64,[],0,0,[],[]
39639050,39639850,NA,OLN,0.0,1241,pause,NA,NA,NA,NA,0.0,0,-33.77,-26.73,[],0,0,[],[]
39639850,39640760,NA,NOF,0.0,1241,pause,NA,NA,NA,NA,0.0,0,-33.97,-21.41,[],0,0,[],[]
39640760,39643130,CHI,CHN,0.0,1241,pause,NA,NA,NA,NA,0.0,0,-16.07,-7.78,[],0,2370,"[{'start': 39640.76, 'end': 39643.13}]",[]
39643130,39646420,NA,NOF,0.0,1241,pause,NA,NA,NA,NA,0.0,0,-34.81,-15.85,[],0,0,[],[]
39646420,39647020,CHI,CHN,0.0,1241,CM,BC,0,NT,FI,1.0,150,-26.91,-15.84,"[{'Canonical-syllable': '0', 'Growl': '1', 'High-freq-energy': '1', 'Long-island': '0', 'Low-tilt-spectrum': '1', 'Medium-island': '0', 'Short-island': '1', 'Squeal': '0', 'Typical-entropy': '1', 'Voicing-quality': '1', 'Wide-band': '0', 'Xlong-island': '0', 'seq': '1', 'end': 39646.9, 'start': 39646.75}]",0,0,[],[]
39647020,39647930,NA,NOF,0.0,1241,CM,NA,NA,NA,NA,0.0,0,-40.33,-25.7,[],0,0,[],[]
39647930,39648930,CHI,CHN,0.0,1241,CM,RC,0,NT,FH,1.0,1000,-18.45,-13.6,"[{'Canonical-syllable': '0', 'Growl': '0', 'High-freq-energy': '0', 'Long-island': '1', 'Low-tilt-spectrum': '0', 'Medium-island': '0', 'Short-island': '0', 'Squeal': '0', 'Typical-entropy': '0', 'Voicing-quality': '1', 'Wide-band': '0', 'Xlong-island': '0', 'seq': '1', 'end': 39648.93, 'start': 39648.18}]",0,0,[],[]
39648930,39649570,CHI,CHN,0.0,1241,CM,RC,0,NT,FH,1.0,470,-20.5,-11.53,"[{'Canonical-syllable': '0', 'Growl': '0', 'High-freq-energy': '0', 'Long-island': '0', 'Low-tilt-spectrum': '0', 'Medium-island': '0', 'Short-island': '2', 'Squeal': '0', 'Typical-entropy': '1', 'Voicing-quality': '2', 'Wide-band': '0', 'Xlong-island': '0', 'seq': '1', 'end': 39649.4, 'start': 39648.93}]",0,0,[],[]
39649570,39650400,NA,OLF,0.0,1241,CM,NA,NA,NA,NA,0.0,0,-36.67,-32.62,[],0,0,[],[]
39650400,39651850,CHI,CHN,0.0,1241,CM,EC,0,NT,FH,1.0,1280,-23.7,-17.44,"[{'Canonical-syllable': '1', 'Growl': '1', 'High-freq-energy': '0', 'Long-island': '1', 'Low-tilt-spectrum': '0', 'Medium-island': '0', 'Short-island': '2', 'Squeal': '0', 'Typical-entropy': '1', 'Voicing-quality': '3', 'Wide-band': '0', 'Xlong-island': '0', 'seq': '1', 'end': 39651.68, 'start': 39650.4}]",0,0,[],[]
39651850,39656720,NA,NOF,0.0,1242,pause,NA,NA,NA,NA,0.0,0,-24.27,-2.08,[],0,0,[],[]
39656720,39657860,CHI,CHN,0.0,1242,pause,NA,NA,NA,NA,0.0,0,-36.89,-25.53,[],0,1140,[],"[{'start': 39656.72, 'end': 39657.86}]"
39657860,39658730,NA,NOF,0.0,1242,pause,NA,NA,NA,NA,0.0,0,-37.74,-29.68,[],0,0,[],[]
39658730,39659330,CHI,CHN,0.0,1242,CM,BC,0,NT,FI,1.0,390,-18.42,-13.83,"[{'Canonical-syllable': '0', 'Growl': '1', 'High-freq-energy': '0', 'Long-island': '0', 'Low-tilt-spectrum': '0', 'Medium-island': '1', 'Short-island': '0', 'Squeal': '0', 'Typical-entropy': '0', 'Voicing-quality': '1', 'Wide-band': '0', 'Xlong-island': '0', 'seq': '1', 'end': 39659.12, 'start': 39658.82}]",0,0,[],[]
39659330,39660300,NA,NOF,0.0,1242,CM,NA,NA,NA,NA,0.0,0,-36.62,-20.09,[],0,0,[],[]
39660300,39661350,NA,FAF,0.0,1242,CM,NA,NA,NA,NA,0.0,0,-39.74,-29.36,[],0,0,[],[]
39661350,39661950,CHI,CHN,0.0,1242,CM,EC,0,NT,FH,1.0,600,-27.01,-22.19,"[{'Canonical-syllable': '0', 'Growl': '1', 'High-freq-energy': '0', 'Long-island': '0', 'Low-tilt-spectrum': '0', 'Medium-island': '1', 'Short-island': '0', 'Squeal': '0', 'Typical-entropy': '1', 'Voicing-quality': '1', 'Wide-band': '0', 'Xlong-island': '0', 'seq': '1', 'end': 39661.95, 'start': 39661.35}]",0,0,[],[]
39661950,39664530,NA,NOF,0.0,1243,pause,NA,NA,NA,NA,0.0,0,-38.93,-26.05,[],0,0,[],[]
39664530,39665370,NA,OLN,0.0,1243,pause,NA,NA,NA,NA,0.0,0,-33.21,-28.27,[],0,0,[],[]
39665370,39668630,NA,NOF,0.0,1243,pause,NA,NA,NA,NA,0.0,0,-36.1,-26.09,[],0,0,[],[]
39668630,39669670,CHI,CHN,0.0,1243,pause,NA,NA,NA,NA,0.0,0,-18.29,-8.24,[],0,460,"[{'start': 39669.04, 'end': 39669.41}, {'start': 39669.58, 'end': 39669.67}]",[]
39669670,39670560,CHI,CHN,0.0,1243,CM,EC,0,NT,FI,1.0,890,-15.3,-7.77,"[{'Canonical-syllable': '1', 'Growl': '0', 'High-freq-energy': '0', 'Long-island': '0', 'Low-tilt-spectrum': '2', 'Medium-island': '0', 'Short-island': '3', 'Squeal': '1', 'Typical-entropy': '3', 'Voicing-quality': '3', 'Wide-band': '0', 'Xlong-island': '0', 'seq': '1', 'end': 39670.56, 'start': 39669.67}]",0,0,[],[]
39670560,39677650,NA,NOF,0.0,1244,pause,NA,NA,NA,NA,0.0,0,-25.09,-2.92,[],0,0,[],[]
39677650,39678450,NA,OLF,0.0,1244,pause,NA,NA,NA,NA,0.0,0,-32.46,-23.43,[],0,0,[],[]
39678450,39681540,NA,NON,0.0,1244,pause,NA,NA,NA,NA,0.0,0,-34.18,-20.63,[],0,0,[],[]
39681540,39682590,CHI,CHN,0.0,1244,pause,NA,NA,NA,NA,0.0,0,-19.41,-15.18,[],0,1050,[],"[{'start': 39681.54, 'end': 39682.59}]"
39682590,39685690,NA,NON,0.0,1244,pause,NA,NA,NA,NA,0.0,0,-37.01,-23.03,[],0,0,[],[]
39685690,39686850,CHI,CHN,0.0,1244,pause,NA,NA,NA,NA,0.0,0,-16.13,-8.44,[],0,1160,"[{'start': 39685.69, 'end': 39686.85}]",[]
39686850,39691900,NA,NOF,0.0,1244,pause,NA,NA,NA,NA,0.0,0,-38.7,-20.6,[],0,0,[],[]
39691900,39692930,NA,OLN,0.0,1244,pause,NA,NA,NA,NA,0.0,0,-22.22,-10.32,[],0,0,[],[]
39692930,39694650,NA,NOF,0.0,1244,pause,NA,NA,NA,NA,0.0,0,-27.31,-10.55,[],0,0,[],[]
39694650,39695910,CHI,CHN,0.0,1244,pause,NA,NA,NA,NA,0.0,0,-33.59,-22.23,[],0,1260,[],"[{'start': 39694.65, 'end': 39695.91}]"
39695910,39697240,NA,OLF,0.0,1244,pause,NA,NA,NA,NA,0.0,0,-35.54,-28.02,[],0,0,[],[]
39697240,39698270,MAL,MAN,2.03,1244,AMM,EC,0,NT,FI,0.0,0,-35.59,-28.13,[],0,0,[],[]
39698270,39701200,NA,NOF,0.0,1245,pause,NA,NA,NA,NA,0.0,0,-26.05,-4.31,[],0,0,[],[]
39701200,39701900,CHI,CHN,0.0,1245,pause,NA,NA,NA,NA,0.0,0,-34.0,-30.54,[],0,700,[],"[{'start': 39701.2, 'end': 39701.9}]"
39701900,39703260,NA,NON,0.0,1245,pause,NA,NA,NA,NA,0.0,0,-35.53,-25.7,[],0,0,[],[]
39703260,39704260,NA,MAF,0.0,1245,pause,NA,NA,NA,NA,0.0,0,-38.31,-31.88,[],0,0,[],[]
39704260,39710890,NA,NOF,0.0,1245,pause,NA,NA,NA,NA,0.0,0,-23.62,-3.7,[],0,0,[],[]
39710890,39712370,MAL,MAN,5.65,1245,AMM,EC,0,NT,FI,0.0,0,-34.95,-28.18,[],0,0,[],[]
39712370,39713170,NA,OLF,0.0,1246,pause,NA,NA,NA,NA,0.0,0,-38.67,-32.9,[],0,0,[],[]
39713170,39718530,NA,NON,0.0,1246,pause,NA,NA,NA,NA,0.0,0,-24.34,-4.46,[],0,0,[],[]
39718530,39719530,MAL,MAN,5.35,1246,AIOCM,BC,0,NT,FI,0.0,0,-31.05,-24.95,[],0,0,[],[]
39719530,39723040,NA,NOF,0.0,1246,AIOCM,NA,NA,NA,NA,0.0,0,-33.06,-15.61,[],0,0,[],[]
39723040,39723870,OCH,CXN,0.0,1246,AIOCM,RC,0,NT,FI,0.0,0,-29.4,-20.22,[],0,0,[],[]
39723870,39724980,MAL,MAN,3.0,1246,AIOCM,EC,0,NT,FI,0.0,0,-38.22,-24.34,[],0,0,[],[]
39724980,39726500,NA,NON,0.0,1247,pause,NA,NA,NA,NA,0.0,0,-28.55,-15.08,[],0,0,[],[]
39726500,39727360,CHI,CHN,0.0,1247,pause,NA,NA,NA,NA,0.0,0,-38.88,-36.71,[],0,860,[],"[{'start': 39726.5, 'end': 39727.36}]"
39727360,39728550,NA,MAF,0.0,1247,pause,NA,NA,NA,NA,0.0,0,-38.94,-33.45,[],0,0,[],[]
39728550,39729400,NA,NON,0.0,1247,pause,NA,NA,NA,NA,0.0,0,-38.43,-33.11,[],0,0,[],[]
39729400,39730600,NA,FAF,0.0,1247,pause,NA,NA,NA,NA,0.0,0,-39.25,-33.59,[],0,0,[],[]
39730600,39733680,NA,NOF,0.0,1247,pause,NA,NA,NA,NA,0.0,0,-41.07,-20.38,[],0,0,[],[]
39733680,39735050,NA,FAF,0.0,1247,pause,NA,NA,NA,NA,0.0,0,-38.14,-29.32,[],0,0,[],[]
39735050,39751180,NA,NOF,0.0,1247,pause,NA,NA,NA,NA,0.0,0,-35.67,-6.46,[],0,0,[],[]
39751180,39752030,NA,SIL,0.0,1247,pause,NA,NA,NA,NA,0.0,0,-47.29,-41.88,[],0,0,[],[]
39752030,39752830,NA,NOF,0.0,1247,pause,NA,NA,NA,NA,0.0,0,-47.05,-40.99,[],0,0,[],[]
39752830,39753830,FEM,FAN,4.81,1247,AICF,BC,0,TIFI,FI,0.0,0,-39.47,-31.59,[],0,0,[],[]
39753830,39754780,NA,NOF,0.0,1247,AICF,NA,NA,NA,NA,0.0,0,-47.51,-39.12,[],0,0,[],[]
39754780,39756600,CHI,CHN,0.0,1247,AICF,EC,1,TIFR,FI,2.0,880,-26.16,-5.67,"[{'Canonical-syllable': '0', 'Growl': '1', 'High-freq-energy': '0', 'Long-island': '0', 'Low-tilt-spectrum': '0', 'Medium-island': '0', 'Short-island': '1', 'Squeal': '0', 'Typical-entropy': '1', 'Voicing-quality': '1', 'Wide-band': '0', 'Xlong-island': '0', 'seq': '1', 'end': 39755.01, 'start': 39754.78}, {'Canonical-syllable': '0', 'Growl': '1', 'High-freq-energy': '0', 'Long-island': '1', 'Low-tilt-spectrum': '0', 'Medium-island': '0', 'Short-island': '0', 'Squeal': '0', 'Typical-entropy': '0', 'Voicing-quality': '1', 'Wide-band': '0', 'Xlong-island': '0', 'seq': '2', 'end': 39756.6, 'start': 39755.95}]",0,0,[],[]
39756600,39758000,NA,NOF,0.0,1248,pause,NA,NA,NA,NA,0.0,0,-42.23,-31.01,[],0,0,[],[]
39758000,39758610,NA,FAF,0.0,1248,pause,NA,NA,NA,NA,0.0,0,-36.56,-25.31,[],0,0,[],[]
39758610,39760310,NA,NOF,0.0,1248,pause,NA,NA,NA,NA,0.0,0,-40.92,-34.51,[],0,0,[],[]
39760310,39761540,CHI,CHN,0.0,1248,pause,NA,NA,NA,NA,0.0,0,-34.54,-27.05,[],0,1230,[],"[{'start': 39760.31, 'end': 39761.54}]"
39761540,39762560,NA,NOF,0.0,1248,pause,NA,NA,NA,NA,0.0,0,-44.2,-34.0,[],0,0,[],[]
39762560,39763560,FEM,FAN,0.0,1248,pause,NA,NA,NA,NA,0.0,0,-37.62,-31.85,[],1000,0,[],[]
39763560,39765380,NA,NOF,0.0,1248,pause,NA,NA,NA,NA,0.0,0,-38.87,-32.79,[],0,0,[],[]
39765380,39766680,CHI,CHN,0.0,1248,pause,NA,NA,NA,NA,0.0,0,-36.69,-30.19,[],0,1300,[],"[{'start': 39765.38, 'end': 39766.68}]"
39766680,39776350,NA,NOF,0.0,1248,pause,NA,NA,NA,NA,0.0,0,-38.1,-11.48,[],0,0,[],[]
39776350,39776980,CHI,CHN,0.0,1248,pause,NA,NA,NA,NA,0.0,0,-33.06,-18.82,[],0,430,[],"[{'start': 39776.35, 'end': 39776.78}]"
39776980,39784630,NA,NOF,0.0,1248,pause,NA,NA,NA,NA,0.0,0,-34.01,-13.28,[],0,0,[],[]
39784630,39786240,CHI,CHN,0.0,1248,pause,NA,NA,NA,NA,0.0,0,-38.36,-32.94,[],0,1610,[],"[{'start': 39784.63, 'end': 39786.24}]"
39786240,39787940,CHI,CHN,0.0,1248,pause,NA,NA,NA,NA,0.0,0,-38.65,-34.4,[],0,1700,[],"[{'start': 39786.24, 'end': 39787.94}]"
39787940,39788740,NA,NOF,0.0,1248,pause,NA,NA,NA,NA,0.0,0,-17.96,-6.11,[],0,0,[],[]
39788740,39789740,CHI,CHN,0.0,1248,pause,NA,NA,NA,NA,0.0,0,-33.45,-31.19,[],0,1000,[],"[{'start': 39788.74, 'end': 39789.74}]"
39789740,39790470,CHI,CHN,0.0,1248,pause,NA,NA,NA,NA,0.0,0,-35.31,-31.23,[],0,730,[],"[{'start': 39789.74, 'end': 39790.47}]"
39790470,39791830,NA,NOF,0.0,1248,pause,NA,NA,NA,NA,0.0,0,-35.84,-28.65,[],0,0,[],[]
39791830,39793250,CHI,CHN,0.0,1248,pause,NA,NA,NA,NA,0.0,0,-31.21,-28.24,[],0,1420,[],"[{'start': 39791.83, 'end': 39793.25}]"
39793250,39800400,NA,NON,0.0,1248,pause,NA,NA,NA,NA,0.0,0,-34.33,-22.31,[],0,0,[],[]
39800400,39801400,NA,NOF,0.0,1248,pause,NA,NA,NA,NA,0.0,0,-33.61,-20.76,[],0,0,[],[]
39801400,39802920,CHI,CHN,0.0,1248,pause,NA,NA,NA,NA,0.0,0,-33.6,-28.46,[],0,1520,[],"[{'start': 39801.4, 'end': 39802.92}]"
39802920,39803830,NA,NON,0.0,1248,pause,NA,NA,NA,NA,0.0,0,-31.99,-27.82,[],0,0,[],[]
39803830,39804830,CHI,CHN,0.0,1248,pause,NA,NA,NA,NA,0.0,0,-31.85,-27.88,[],0,1000,[],"[{'start': 39803.83, 'end': 39804.83}]"
39804830,39806600,CHI,CHN,0.0,1248,pause,NA,NA,NA,NA,0.0,0,-28.26,-24.22,[],0,1770,[],"[{'start': 39804.83, 'end': 39806.6}]"
39806600,39807430,CHI,CHN,0.0,1248,pause,NA,NA,NA,NA,0.0,0,-30.09,-26.09,[],0,830,[],"[{'start': 39806.6, 'end': 39807.43}]"
39807430,39809280,NA,NOF,0.0,1248,pause,NA,NA,NA,NA,0.0,0,-42.35,-29.3,[],0,0,[],[]
39809280,39810080,NA,SIL,0.0,1248,pause,NA,NA,NA,NA,0.0,0,-49.76,-44.48,[],0,0,[],[]
39810080,39810880,NA,NOF,0.0,1248,pause,NA,NA,NA,NA,0.0,0,-34.86,-20.17,[],0,0,[],[]
39810880,39811680,NA,SIL,0.0,1248,pause,NA,NA,NA,NA,0.0,0,-50.13,-45.69,[],0,0,[],[]
39811680,39813590,NA,NON,0.0,1248,pause,NA,NA,NA,NA,0.0,0,-18.35,-3.26,[],0,0,[],[]
39813590,39814450,NA,OLF,0.0,1248,pause,NA,NA,NA,NA,0.0,0,-29.91,-13.51,[],0,0,[],[]
39814450,39816090,FEM,FAN,0.0,1248,pause,NA,NA,NA,NA,0.0,0,-38.41,-33.99,[],1640,0,[],[]
39816090,39817710,CHI,CHN,0.0,1248,pause,NA,NA,NA,NA,0.0,0,-37.21,-32.17,[],0,1620,[],"[{'start': 39816.09, 'end': 39817.71}]"
39817710,39818510,NA,OLN,0.0,1248,pause,NA,NA,NA,NA,0.0,0,-17.38,-4.63,[],0,0,[],[]
39818510,39819950,NA,NOF,0.0,1248,pause,NA,NA,NA,NA,0.0,0,-41.6,-34.49,[],0,0,[],[]
39819950,39822850,NA,SIL,0.0,1248,pause,NA,NA,NA,NA,0.0,0,-43.55,-36.48,[],0,0,[],[]
39822850,39824810,NA,NOF,0.0,1248,pause,NA,NA,NA,NA,0.0,0,-40.71,-27.92,[],0,0,[],[]
39824810,39826050,CHI,CHN,0.0,1248,CM,BC,0,NT,FI,2.0,780,-23.05,-14.15,"[{'Canonical-syllable': '0', 'Growl': '0', 'High-freq-energy': '0', 'Long-island': '0', 'Low-tilt-spectrum': '0', 'Medium-island': '1', 'Short-island': '0', 'Squeal': '0', 'Typical-entropy': '1', 'Voicing-quality': '1', 'Wide-band': '0', 'Xlong-island': '0', 'seq': '1', 'end': 39825.37, 'start': 39824.81}, {'Canonical-syllable': '0', 'Growl': '0', 'High-freq-energy': '0', 'Long-island': '0', 'Low-tilt-spectrum': '0', 'Medium-island': '0', 'Short-island': '1', 'Squeal': '0', 'Typical-entropy': '0', 'Voicing-quality': '1', 'Wide-band': '0', 'Xlong-island': '0', 'seq': '2', 'end': 39826.05, 'start': 39825.83}]",0,0,[],[]
39826050,39826850,NA,NOF,0.0,1248,CM,NA,NA,NA,NA,0.0,0,-39.13,-26.17,[],0,0,[],[]
39826850,39828080,CHI,CHN,0.0,1248,CM,RC,0,NT,FH,1.0,950,-18.77,-11.38,"[{'Canonical-syllable': '0', 'Growl': '1', 'High-freq-energy': '0', 'Long-island': '1', 'Low-tilt-spectrum': '1', 'Medium-island': '0', 'Short-island': '1', 'Squeal': '0', 'Typical-entropy': '1', 'Voicing-quality': '2', 'Wide-band': '1', 'Xlong-island': '0', 'seq': '1', 'end': 39827.8, 'start': 39826.85}]",0,0,[],[]
39828080,39829280,NA,SIL,0.0,1248,CM,NA,NA,NA,NA,0.0,0,-49.05,-41.92,[],0,0,[],[]
39829280,39830440,CHI,CHN,0.0,1248,CM,RC,0,NT,FH,1.0,870,-21.76,-15.66,"[{'Canonical-syllable': '0', 'Growl': '0', 'High-freq-energy': '0', 'Long-island': '0', 'Low-tilt-spectrum': '0', 'Medium-island': '1', 'Short-island': '1', 'Squeal': '0', 'Typical-entropy': '0', 'Voicing-quality': '2', 'Wide-band': '1', 'Xlong-island': '0', 'seq': '1', 'end': 39830.15, 'start': 39829.28}]",0,0,[],[]
39830440,39831460,NA,SIL,0.0,1248,CM,NA,NA,NA,NA,0.0,0,-48.58,-43.82,[],0,0,[],[]
39831460,39832060,CHI,CHN,0.0,1248,CM,RC,0,NT,FH,1.0,120,-23.69,-13.74,"[{'Canonical-syllable': '0', 'Growl': '1', 'High-freq-energy': '0', 'Long-island': '0', 'Low-tilt-spectrum': '1', 'Medium-island': '0', 'Short-island': '0', 'Squeal': '0', 'Typical-entropy': '1', 'Voicing-quality': '1', 'Wide-band': '0', 'Xlong-island': '0', 'seq': '1', 'end': 39832.06, 'start': 39831.94}]",0,0,[],[]
39832060,39833060,CHI,CHN,0.0,1248,CM,RC,0,NT,FH,1.0,1000,-18.74,-13.59,"[{'Canonical-syllable': '0', 'Growl': '0', 'High-freq-energy': '0', 'Long-island': '1', 'Low-tilt-spectrum': '0', 'Medium-island': '0', 'Short-island': '1', 'Squeal': '0', 'Typical-entropy': '0', 'Voicing-quality': '2', 'Wide-band': '1', 'Xlong-island': '0', 'seq': '1', 'end': 39833.06, 'start': 39832.06}]",0,0,[],[]
39833060,39836750,CHI,CHN,0.0,1248,CM,EC,0,NT,FH,3.0,2560,-23.16,-12.73,"[{'Canonical-syllable': '0', 'Growl': '0', 'High-freq-energy': '0', 'Long-island': '0', 'Low-tilt-spectrum': '0', 'Medium-island': '0', 'Short-island': '1', 'Squeal': '0', 'Typical-entropy': '0', 'Voicing-quality': '1', 'Wide-band': '0', 'Xlong-island': '0', 'seq': '1', 'end': 39833.34, 'start': 39833.06}, {'Canonical-syllable': '1', 'Growl': '1', 'High-freq-energy': '0', 'Long-island': '1', 'Low-tilt-spectrum': '0', 'Medium-island': '0', 'Short-island': '1', 'Squeal': '0', 'Typical-entropy': '1', 'Voicing-quality': '3', 'Wide-band': '0', 'Xlong-island': '0', 'seq': '2', 'end': 39835.25, 'start': 39834.13}, {'Canonical-syllable': '1', 'Growl': '1', 'High-freq-energy': '0', 'Long-island': '0', 'Low-tilt-spectrum': '1', 'Medium-island': '1', 'Short-island': '2', 'Squeal': '0', 'Typical-entropy': '2', 'Voicing-quality': '4', 'Wide-band': '0', 'Xlong-island': '0', 'seq': '3', 'end': 39836.75, 'start': 39835.59}]",0,0,[],[]
39836750,39839930,NA,NOF,0.0,1249,pause,NA,NA,NA,NA,0.0,0,-41.81,-29.01,[],0,0,[],[]
39839930,39840840,NA,SIL,0.0,1249,pause,NA,NA,NA,NA,0.0,0,-46.41,-36.11,[],0,0,[],[]
39840840,39843250,NA,NOF,0.0,1249,pause,NA,NA,NA,NA,0.0,0,-46.09,-34.65,[],0,0,[],[]
39843250,39844170,NA,SIL,0.0,1249,pause,NA,NA,NA,NA,0.0,0,-47.78,-41.0,[],0,0,[],[]
39844170,39845010,NA,NOF,0.0,1249,pause,NA,NA,NA,NA,0.0,0,-30.29,-11.36,[],0,0,[],[]
39845010,39845820,NA,SIL,0.0,1249,pause,NA,NA,NA,NA,0.0,0,-48.77,-41.03,[],0,0,[],[]
39845820,39847550,NA,NOF,0.0,1249,pause,NA,NA,NA,NA,0.0,0,-39.84,-19.17,[],0,0,[],[]
39847550,39848350,NA,OLN,0.0,1249,pause,NA,NA,NA,NA,0.0,0,-27.59,-23.02,[],0,0,[],[]
39848350,39848950,FEM,FAN,0.0,1249,pause,NA,NA,NA,NA,0.0,0,-32.51,-21.91,[],600,0,[],[]
39848950,39850980,NA,NOF,0.0,1249,pause,NA,NA,NA,NA,0.0,0,-20.17,-3.43,[],0,0,[],[]
39850980,39851780,NA,OLN,0.0,1249,pause,NA,NA,NA,NA,0.0,0,-19.12,-3.24,[],0,0,[],[]
39851780,39852680,NA,NON,0.0,1249,pause,NA,NA,NA,NA,0.0,0,-37.17,-33.3,[],0,0,[],[]
39852680,39854120,NA,FAF,0.0,1249,pause,NA,NA,NA,NA,0.0,0,-36.09,-24.21,[],0,0,[],[]
39854120,39856400,NA,NOF,0.0,1249,pause,NA,NA,NA,NA,0.0,0,-42.72,-32.6,[],0,0,[],[]
39856400,39857510,NA,SIL,0.0,1249,pause,NA,NA,NA,NA,0.0,0,-39.69,-32.61,[],0,0,[],[]
39857510,39858310,NA,NOF,0.0,1249,pause,NA,NA,NA,NA,0.0,0,-35.56,-21.45,[],0,0,[],[]
39858310,39860610,NA,SIL,0.0,1249,pause,NA,NA,NA,NA,0.0,0,-37.69,-26.33,[],0,0,[],[]
39860610,39861850,NA,MAF,0.0,1249,pause,NA,NA,NA,NA,0.0,0,-35.77,-23.53,[],0,0,[],[]
39861850,39863580,NA,SIL,0.0,1249,pause,NA,NA,NA,NA,0.0,0,-38.21,-31.03,[],0,0,[],[]
39863580,39867170,NA,NOF,0.0,1249,pause,NA,NA,NA,NA,0.0,0,-36.95,-20.25,[],0,0,[],[]
39867170,39867770,CHI,CHN,0.0,1249,pause,NA,NA,NA,NA,0.0,0,-35.12,-32.26,[],0,600,[],"[{'start': 39867.17, 'end': 39867.77}]"
39867770,39871200,NA,NOF,0.0,1249,pause,NA,NA,NA,NA,0.0,0,-28.16,-8.86,[],0,0,[],[]
39871200,39871800,NA,CHF,0.0,1249,pause,NA,NA,NA,NA,0.0,0,-31.24,-24.03,[],0,600,[],"[{'start': 39871.2, 'end': 39871.8}]"
39871800,39873040,NA,NOF,0.0,1249,pause,NA,NA,NA,NA,0.0,0,-32.42,-22.95,[],0,0,[],[]
39873040,39874040,NA,MAF,0.0,1249,pause,NA,NA,NA,NA,0.0,0,-27.13,-19.59,[],0,0,[],[]
39874040,39875140,NA,SIL,0.0,1249,pause,NA,NA,NA,NA,0.0,0,-31.04,-21.22,[],0,0,[],[]
39875140,39880410,NA,NOF,0.0,1249,pause,NA,NA,NA,NA,0.0,0,-27.57,-6.84,[],0,0,[],[]
39880410,39881030,FEM,FAN,0.0,1249,pause,NA,NA,NA,NA,0.0,0,-37.48,-28.86,[],620,0,[],[]
39881030,39882740,NA,NOF,0.0,1249,pause,NA,NA,NA,NA,0.0,0,-34.45,-18.54,[],0,0,[],[]
39882740,39883390,CHI,CHN,0.0,1249,pause,NA,NA,NA,NA,0.0,0,-35.92,-27.59,[],0,650,"[{'start': 39882.74, 'end': 39883.39}]",[]
39883390,39884400,CHI,CHN,0.0,1249,pause,NA,NA,NA,NA,0.0,0,-33.86,-24.66,[],0,1010,"[{'start': 39883.39, 'end': 39884.4}]",[]
39884400,39885200,NA,NON,0.0,1249,pause,NA,NA,NA,NA,0.0,0,-34.87,-24.15,[],0,0,[],[]
39885200,39889110,CHI,CHN,0.0,1249,pause,NA,NA,NA,NA,0.0,0,-27.3,-23.1,[],0,3910,[],"[{'start': 39885.2, 'end': 39889.11}]"
39889110,39889740,CHI,CHN,0.0,1249,pause,NA,NA,NA,NA,0.0,0,-28.68,-24.05,[],0,630,"[{'start': 39889.11, 'end': 39889.74}]",[]
39889740,39890820,CHI,CHN,0.0,1249,pause,NA,NA,NA,NA,0.0,0,-31.95,-28.29,[],0,1080,[],"[{'start': 39889.74, 'end': 39890.82}]"
39890820,39893120,CHI,CHN,0.0,1249,CM,EC,0,NT,FI,2.0,810,-23.9,-12.68,"[{'Canonical-syllable': '1', 'Growl': '0', 'High-freq-energy': '0', 'Long-island': '0', 'Low-tilt-spectrum': '0', 'Medium-island': '1', 'Short-island': '1', 'Squeal': '0', 'Typical-entropy': '1', 'Voicing-quality': '2', 'Wide-band': '0', 'Xlong-island': '0', 'seq': '1', 'end': 39891.5, 'start': 39890.82}, {'Canonical-syllable': '0', 'Growl': '0', 'High-freq-energy': '0', 'Long-island': '0', 'Low-tilt-spectrum': '1', 'Medium-island': '0', 'Short-island': '1', 'Squeal': '0', 'Typical-entropy': '1', 'Voicing-quality': '1', 'Wide-band': '1', 'Xlong-island': '0', 'seq': '2', 'end': 39891.98, 'start': 39891.85}]",0,0,[],[]
39893120,39894030,NA,NOF,0.0,1250,pause,NA,NA,NA,NA,0.0,0,-38.26,-27.61,[],0,0,[],[]
39894030,39894830,NA,SIL,0.0,1250,pause,NA,NA,NA,NA,0.0,0,-38.39,-26.85,[],0,0,[],[]
39894830,39895630,NA,NOF,0.0,1250,pause,NA,NA,NA,NA,0.0,0,-43.39,-33.62,[],0,0,[],[]
39895630,39896610,NA,SIL,0.0,1250,pause,NA,NA,NA,NA,0.0,0,-46.34,-38.53,[],0,0,[],[]
39896610,39897700,NA,NOF,0.0,1250,pause,NA,NA,NA,NA,0.0,0,-44.8,-32.76,[],0,0,[],[]
39897700,39898840,NA,SIL,0.0,1250,pause,NA,NA,NA,NA,0.0,0,-45.25,-33.35,[],0,0,[],[]
39898840,39900100,NA,NOF,0.0,1250,pause,NA,NA,NA,NA,0.0,0,-43.75,-30.7,[],0,0,[],[]
39900100,39904220,NA,SIL,0.0,1250,pause,NA,NA,NA,NA,0.0,0,-45.01,-29.5,[],0,0,[],[]
39904220,39905110,NA,NOF,0.0,1250,pause,NA,NA,NA,NA,0.0,0,-41.06,-29.73,[],0,0,[],[]
39905110,39908190,NA,SIL,0.0,1250,pause,NA,NA,NA,NA,0.0,0,-49.73,-36.95,[],0,0,[],[]
39908190,39908950,NA,CHF,0.0,1250,pause,NA,NA,NA,NA,0.0,0,-37.82,-22.5,[],0,760,[],"[{'start': 39908.19, 'end': 39908.95}]"
39908950,39911010,NA,NOF,0.0,1250,pause,NA,NA,NA,NA,0.0,0,-40.39,-34.62,[],0,0,[],[]
39911010,39912010,NA,MAF,0.0,1250,pause,NA,NA,NA,NA,0.0,0,-41.31,-38.44,[],0,0,[],[]
39912010,39913140,NA,NOF,0.0,1250,pause,NA,NA,NA,NA,0.0,0,-38.52,-28.91,[],0,0,[],[]
39913140,39914140,FEM,FAN,0.0,1250,pause,NA,NA,NA,NA,0.0,0,-37.08,-30.72,[],1000,0,[],[]
39914140,39915250,NA,NOF,0.0,1250,pause,NA,NA,NA,NA,0.0,0,-34.86,-25.62,[],0,0,[],[]
39915250,39916370,CHI,CHN,0.0,1250,pause,NA,NA,NA,NA,0.0,0,-33.93,-24.36,[],0,1120,[],"[{'start': 39915.25, 'end': 39916.37}]"
39916370,39917170,NA,NOF,0.0,1250,pause,NA,NA,NA,NA,0.0,0,-34.2,-27.4,[],0,0,[],[]
39917170,39918270,CHI,CHN,0.0,1250,pause,NA,NA,NA,NA,0.0,0,-34.82,-29.93,[],0,1100,[],"[{'start': 39917.17, 'end': 39918.27}]"
39918270,39919550,NA,NOF,0.0,1250,pause,NA,NA,NA,NA,0.0,0,-37.08,-22.1,[],0,0,[],[]
39919550,39925900,NA,NON,0.0,1250,pause,NA,NA,NA,NA,0.0,0,-39.0,-32.4,[],0,0,[],[]
39925900,39927720,NA,NOF,0.0,1250,pause,NA,NA,NA,NA,0.0,0,-39.29,-26.93,[],0,0,[],[]
39927720,39928580,NA,SIL,0.0,1250,pause,NA,NA,NA,NA,0.0,0,-45.11,-31.08,[],0,0,[],[]
39928580,39929390,NA,NOF,0.0,1250,pause,NA,NA,NA,NA,0.0,0,-38.9,-27.31,[],0,0,[],[]
39929390,39930460,FEM,FAN,0.0,1250,pause,NA,NA,NA,NA,0.0,0,-36.73,-24.98,[],1070,0,[],[]
39930460,39931290,NA,NOF,0.0,1250,pause,NA,NA,NA,NA,0.0,0,-41.02,-29.86,[],0,0,[],[]
39931290,39932230,NA,SIL,0.0,1250,pause,NA,NA,NA,NA,0.0,0,-45.78,-33.13,[],0,0,[],[]
39932230,39933150,NA,FAF,0.0,1250,pause,NA,NA,NA,NA,0.0,0,-39.73,-27.93,[],0,0,[],[]
39933150,39934520,CHI,CHN,0.0,1250,pause,NA,NA,NA,NA,0.0,0,-38.49,-35.5,[],0,1370,[],"[{'start': 39933.15, 'end': 39934.52}]"
39934520,39935890,NA,NOF,0.0,1250,pause,NA,NA,NA,NA,0.0,0,-36.67,-31.0,[],0,0,[],[]
39935890,39936670,CHI,CHN,0.0,1250,pause,NA,NA,NA,NA,0.0,0,-35.66,-32.34,[],0,780,[],"[{'start': 39935.89, 'end': 39936.67}]"
39936670,39938020,CHI,CHN,0.0,1250,pause,NA,NA,NA,NA,0.0,0,-31.19,-25.43,[],0,1350,[],"[{'start': 39936.67, 'end': 39938.02}]"
39938020,39938720,CHI,CHN,0.0,1250,CM,EC,0,NT,FI,1.0,700,-34.25,-30.74,"[{'Canonical-syllable': '0', 'Growl': '1', 'High-freq-energy': '1', 'Long-island': '1', 'Low-tilt-spectrum': '1', 'Medium-island': '0', 'Short-island': '0', 'Squeal': '0', 'Typical-entropy': '1', 'Voicing-quality': '1', 'Wide-band': '0', 'Xlong-island': '0', 'seq': '1', 'end': 39938.72, 'start': 39938.02}]",0,0,[],[]
39938720,39939600,NA,NOF,0.0,1251,pause,NA,NA,NA,NA,0.0,0,-37.57,-23.91,[],0,0,[],[]
39939600,39945450,NA,SIL,0.0,1251,pause,NA,NA,NA,NA,0.0,0,-46.06,-30.88,[],0,0,[],[]
39945450,39947460,NA,NOF,0.0,1251,pause,NA,NA,NA,NA,0.0,0,-37.64,-28.82,[],0,0,[],[]
39947460,39951930,NA,SIL,0.0,1251,pause,NA,NA,NA,NA,0.0,0,-39.43,-26.39,[],0,0,[],[]
39951930,39952730,NA,NOF,0.0,1251,pause,NA,NA,NA,NA,0.0,0,-43.06,-35.17,[],0,0,[],[]
39952730,39958070,NA,SIL,0.0,1251,pause,NA,NA,NA,NA,0.0,0,-42.88,-26.67,[],0,0,[],[]
39958070,39958870,NA,NOF,0.0,1251,pause,NA,NA,NA,NA,0.0,0,-47.71,-43.55,[],0,0,[],[]
39958870,39959670,NA,SIL,0.0,1251,pause,NA,NA,NA,NA,0.0,0,-42.5,-29.12,[],0,0,[],[]
39959670,39961480,NA,NOF,0.0,1251,pause,NA,NA,NA,NA,0.0,0,-43.01,-30.09,[],0,0,[],[]
39961480,39962830,NA,MAF,0.0,1251,pause,NA,NA,NA,NA,0.0,0,-39.88,-37.19,[],0,0,[],[]
39962830,39964640,NA,NOF,0.0,1251,pause,NA,NA,NA,NA,0.0,0,-40.89,-27.25,[],0,0,[],[]
39964640,39965660,CHI,CHN,0.0,1251,pause,NA,NA,NA,NA,0.0,0,-34.69,-31.35,[],0,1020,[],"[{'start': 39964.64, 'end': 39965.66}]"
39965660,39966590,NA,NOF,0.0,1251,pause,NA,NA,NA,NA,0.0,0,-39.39,-29.8,[],0,0,[],[]
39966590,39967190,NA,FAF,0.0,1251,pause,NA,NA,NA,NA,0.0,0,-42.54,-36.98,[],0,0,[],[]
39967190,39968040,NA,NOF,0.0,1251,pause,NA,NA,NA,NA,0.0,0,-38.28,-36.26,[],0,0,[],[]
39968040,39968640,NA,CHF,0.0,1251,pause,NA,NA,NA,NA,0.0,0,-36.97,-34.25,[],0,600,[],"[{'start': 39968.04, 'end': 39968.64}]"
39968640,39969440,NA,NOF,0.0,1251,pause,NA,NA,NA,NA,0.0,0,-36.95,-29.72,[],0,0,[],[]
39969440,39970080,CHI,CHN,0.0,1251,pause,NA,NA,NA,NA,0.0,0,-33.47,-27.67,[],0,640,[],"[{'start': 39969.44, 'end': 39970.08}]"
39970080,39970930,NA,NOF,0.0,1251,pause,NA,NA,NA,NA,0.0,0,-36.96,-30.76,[],0,0,[],[]
39970930,39972160,NA,FAF,0.0,1251,pause,NA,NA,NA,NA,0.0,0,-38.74,-32.76,[],0,0,[],[]
39972160,39976240,NA,SIL,0.0,1251,pause,NA,NA,NA,NA,0.0,0,-40.43,-30.34,[],0,0,[],[]
39976240,39977150,NA,NON,0.0,1251,pause,NA,NA,NA,NA,0.0,0,-35.61,-30.64,[],0,0,[],[]
39977150,39983500,NA,NON,0.0,1251,pause,NA,NA,NA,NA,0.0,0,-31.22,-21.2,[],0,0,[],[]
39983500,39984300,CHI,CHN,0.0,1251,CIC,BC,0,TIFI,FI,1.0,800,-33.21,-28.03,"[{'Canonical-syllable': '0', 'Growl': '0', 'High-freq-energy': '1', 'Long-island': '1', 'Low-tilt-spectrum': '1', 'Medium-island': '0', 'Short-island': '0', 'Squeal': '0', 'Typical-entropy': '1', 'Voicing-quality': '1', 'Wide-band': '0', 'Xlong-island': '0', 'seq': '1', 'end': 39984.3, 'start': 39983.5}]",0,0,[],[]
39984300,39985100,NA,NOF,0.0,1251,CIC,NA,NA,NA,NA,0.0,0,-35.32,-29.41,[],0,0,[],[]
39985100,39987260,NA,SIL,0.0,1251,CIC,NA,NA,NA,NA,0.0,0,-35.9,-25.61,[],0,0,[],[]
39987260,39987860,FEM,FAN,1.17,1251,CIC,RC,1,TIFR,FI,0.0,0,-39.8,-30.88,[],0,0,[],[]
39987860,39988660,NA,SIL,0.0,1251,CIC,NA,NA,NA,NA,0.0,0,-33.49,-26.44,[],0,0,[],[]
39988660,39990080,CHI,CHN,0.0,1251,CIC,RC,1,TIFE,FI,1.0,1300,-23.06,-15.68,"[{'Canonical-syllable': '0', 'Growl': '0', 'High-freq-energy': '0', 'Long-island': '1', 'Low-tilt-spectrum': '0', 'Medium-island': '1', 'Short-island': '0', 'Squeal': '0', 'Typical-entropy': '0', 'Voicing-quality': '3', 'Wide-band': '0', 'Xlong-island': '0', 'seq': '1', 'end': 39989.96, 'start': 39988.66}]",0,0,[],[]
39990080,39992730,NA,NOF,0.0,1251,CIC,NA,NA,NA,NA,0.0,0,-28.2,-7.56,[],0,0,[],[]
39992730,39993780,CHI,CHN,0.0,1251,CIC,RC,1,TIMI,FH,1.0,740,-21.27,-16.29,"[{'Canonical-syllable': '1', 'Growl': '0', 'High-freq-energy': '0', 'Long-island': '0', 'Low-tilt-spectrum': '0', 'Medium-island': '1', 'Short-island': '1', 'Squeal': '0', 'Typical-entropy': '0', 'Voicing-quality': '2', 'Wide-band': '0', 'Xlong-island': '0', 'seq': '1', 'end': 39993.47, 'start': 39992.73}]",0,0,[],[]
39993780,39994920,NA,OLN,0.0,1251,CIC,NA,NA,NA,NA,0.0,0,-27.16,-16.17,[],0,0,[],[]
39994920,39996060,CHI,CHN,0.0,1251,CIC,NA,NA,NA,NA,0.0,0,-18.53,-8.29,[],0,680,"[{'start': 39994.92, 'end': 39995.47}]","[{'start': 39995.47, 'end': 39995.6}]"
39996060,39997110,MAL,MAN,2.93,1251,CIC,RC,2,TIMR,FI,0.0,0,-31.26,-22.2,[],0,0,[],[]
39997110,39997910,NA,SIL,0.0,1251,CIC,NA,NA,NA,NA,0.0,0,-45.51,-34.42,[],0,0,[],[]
39997910,39998910,MAL,MAN,7.02,1251,CIC,RC,2,NT,FH,0.0,0,-41.85,-37.09,[],0,0,[],[]
39998910,40001140,NA,SIL,0.0,1251,CIC,NA,NA,NA,NA,0.0,0,-45.13,-32.99,[],0,0,[],[]
40001140,40002140,MAL,MAN,3.66,1251,CIC,RC,2,NT,FH,0.0,0,-37.25,-22.65,[],0,0,[],[]
40002140,40003040,NA,FAF,0.0,1251,CIC,NA,NA,NA,NA,0.0,0,-41.89,-31.53,[],0,0,[],[]
40003040,40004180,MAL,MAN,0.0,1251,CIC,NA,NA,NA,NA,0.0,0,-35.83,-26.28,[],1140,0,[],[]
40004180,40004990,NA,NOF,0.0,1251,CIC,NA,NA,NA,NA,0.0,0,-45.22,-32.31,[],0,0,[],[]
40004990,40005590,CHI,CHN,0.0,1251,CIC,RC,2,TIME,FI,1.0,600,-33.04,-23.97,"[{'Canonical-syllable': '0', 'Growl': '0', 'High-freq-energy': '0', 'Long-island': '0', 'Low-tilt-spectrum': '1', 'Medium-island': '1', 'Short-island': '1', 'Squeal': '0', 'Typical-entropy': '0', 'Voicing-quality': '2', 'Wide-band': '0', 'Xlong-island': '0', 'seq': '1', 'end': 40005.59, 'start': 40004.99}]",0,0,[],[]
40005590,40006390,OCH,CXN,0.0,1251,CIC,RC,2,NT,FI,0.0,0,-29.75,-23.09,[],0,0,[],[]
40006390,40007030,CHI,CHN,0.0,1251,CIC,EC,2,NT,FI,1.0,470,-30.11,-24.69,"[{'Canonical-syllable': '0', 'Growl': '0', 'High-freq-energy': '0', 'Long-island': '0', 'Low-tilt-spectrum': '0', 'Medium-island': '1', 'Short-island': '0', 'Squeal': '0', 'Typical-entropy': '0', 'Voicing-quality': '1', 'Wide-band': '0', 'Xlong-island': '0', 'seq': '1', 'end': 40006.86, 'start': 40006.39}]",0,0,[],[]
40007030,40008740,NA,MAF,0.0,1252,pause,NA,NA,NA,NA,0.0,0,-39.87,-28.93,[],0,0,[],[]
40008740,40010440,NA,SIL,0.0,1252,pause,NA,NA,NA,NA,0.0,0,-49.45,-36.78,[],0,0,[],[]
40010440,40012290,NA,NOF,0.0,1252,pause,NA,NA,NA,NA,0.0,0,-43.67,-31.37,[],0,0,[],[]
40012290,40013090,NA,SIL,0.0,1252,pause,NA,NA,NA,NA,0.0,0,-48.99,-40.45,[],0,0,[],[]
40013090,40013890,NA,NOF,0.0,1252,pause,NA,NA,NA,NA,0.0,0,-17.38,-2.02,[],0,0,[],[]
40013890,40015170,CHI,CHN,0.0,1252,CIC,BC,0,NT,FI,1.0,1280,-19.69,-10.01,"[{'Canonical-syllable': '1', 'Growl': '1', 'High-freq-energy': '0', 'Long-island': '0', 'Low-tilt-spectrum': '0', 'Medium-island': '2', 'Short-island': '0', 'Squeal': '0', 'Typical-entropy': '1', 'Voicing-quality': '2', 'Wide-band': '0', 'Xlong-island': '0', 'seq': '1', 'end': 40015.17, 'start': 40013.89}]",0,0,[],[]
40015170,40016100,CHI,CHN,0.0,1252,CIC,RC,0,TIMI,FH,1.0,930,-18.43,-10.88,"[{'Canonical-syllable': '1', 'Growl': '0', 'High-freq-energy': '0', 'Long-island': '0', 'Low-tilt-spectrum': '2', 'Medium-island': '0', 'Short-island': '3', 'Squeal': '0', 'Typical-entropy': '2', 'Voicing-quality': '3', 'Wide-band': '0', 'Xlong-island': '0', 'seq': '1', 'end': 40016.1, 'start': 40015.17}]",0,0,[],[]
40016100,40017100,MAL,MAN,3.38,1252,CIC,RC,1,TIMR,FI,0.0,0,-34.09,-23.19,[],0,0,[],[]
40017100,40018310,NA,SIL,0.0,1252,CIC,NA,NA,NA,NA,0.0,0,-50.25,-45.49,[],0,0,[],[]
40018310,40019110,MAL,MAN,3.8,1252,CIC,RC,1,NT,FH,0.0,0,-35.66,-26.59,[],0,0,[],[]
40019110,40020130,CHI,CHN,0.0,1252,CIC,RC,1,TIME,FI,2.0,690,-23.51,-13.36,"[{'Canonical-syllable': '0', 'Growl': '1', 'High-freq-energy': '0', 'Long-island': '0', 'Low-tilt-spectrum': '1', 'Medium-island': '0', 'Short-island': '1', 'Squeal': '0', 'Typical-entropy': '1', 'Voicing-quality': '1', 'Wide-band': '0', 'Xlong-island': '0', 'seq': '1', 'end': 40019.61, 'start': 40019.44}, {'Canonical-syllable': '0', 'Growl': '1', 'High-freq-energy': '0', 'Long-island': '0', 'Low-tilt-spectrum': '1', 'Medium-island': '0', 'Short-island': '1', 'Squeal': '0', 'Typical-entropy': '1', 'Voicing-quality': '1', 'Wide-band': '1', 'Xlong-island': '0', 'seq': '2', 'end': 40020.13, 'start': 40019.91}]",0,0,[],[]
40020130,40021670,CHI,CHN,0.0,1252,CIC,EC,1,NT,FH,1.0,990,-21.89,-13.22,"[{'Canonical-syllable': '0', 'Growl': '0', 'High-freq-energy': '0', 'Long-island': '1', 'Low-tilt-spectrum': '0', 'Medium-island': '0', 'Short-island': '1', 'Squeal': '0', 'Typical-entropy': '2', 'Voicing-quality': '1', 'Wide-band': '0', 'Xlong-island': '0', 'seq': '1', 'end': 40021.12, 'start': 40020.13}]",0,0,[],[]
40021670,40022500,NA,OLN,0.0,1253,pause,NA,NA,NA,NA,0.0,0,-18.28,-10.18,[],0,0,[],[]
40022500,40023500,FEM,FAN,0.0,1253,pause,NA,NA,NA,NA,0.0,0,-24.93,-12.31,[],1000,0,[],[]
40023500,40024360,CHI,CHN,0.0,1253,pause,NA,NA,NA,NA,0.0,0,-15.06,-4.79,[],0,860,"[{'start': 40023.5, 'end': 40024.36}]",[]
40024360,40026270,NA,NOF,0.0,1253,pause,NA,NA,NA,NA,0.0,0,-46.67,-34.86,[],0,0,[],[]
40026270,40027180,NA,SIL,0.0,1253,pause,NA,NA,NA,NA,0.0,0,-48.93,-43.67,[],0,0,[],[]
40027180,40028040,NA,CHF,0.0,1253,pause,NA,NA,NA,NA,0.0,0,-41.19,-30.97,[],0,190,"[{'start': 40027.72, 'end': 40027.91}]",[]
40028040,40028770,CHI,CHN,0.0,1253,CIC,BC,0,NT,FI,2.0,420,-36.47,-29.06,"[{'Canonical-syllable': '0', 'Growl': '1', 'High-freq-energy': '0', 'Long-island': '0', 'Low-tilt-spectrum': '0', 'Medium-island': '0', 'Short-island': '1', 'Squeal': '0', 'Typical-entropy': '1', 'Voicing-quality': '1', 'Wide-band': '0', 'Xlong-island': '0', 'seq': '1', 'end': 40028.21, 'start': 40028.04}, {'Canonical-syllable': '0', 'Growl': '0', 'High-freq-energy': '0', 'Long-island': '0', 'Low-tilt-spectrum': '0', 'Medium-island': '0', 'Short-island': '1', 'Squeal': '0', 'Typical-entropy': '1', 'Voicing-quality': '1', 'Wide-band': '1', 'Xlong-island': '0', 'seq': '2', 'end': 40028.77, 'start': 40028.52}]",0,0,[],[]
40028770,40029720,NA,SIL,0.0,1253,CIC,NA,NA,NA,NA,0.0,0,-48.47,-42.44,[],0,0,[],[]
40029720,40031340,NA,NOF,0.0,1253,CIC,NA,NA,NA,NA,0.0,0,-40.86,-25.93,[],0,0,[],[]
40031340,40032140,NA,OLN,0.0,1253,CIC,NA,NA,NA,NA,0.0,0,-21.63,-14.2,[],0,0,[],[]
40032140,40033150,CHI,CHN,0.0,1253,CIC,NA,NA,NA,NA,0.0,0,-20.94,-9.74,[],0,460,"[{'start': 40032.14, 'end': 40032.6}]",[]
40033150,40033770,CHI,CHN,0.0,1253,CIC,RC,0,NT,FH,1.0,190,-20.53,-11.07,"[{'Canonical-syllable': '1', 'Growl': '0', 'High-freq-energy': '0', 'Long-island': '0', 'Low-tilt-spectrum': '0', 'Medium-island': '0', 'Short-island': '1', 'Squeal': '0', 'Typical-entropy': '0', 'Voicing-quality': '1', 'Wide-band': '0', 'Xlong-island': '0', 'seq': '1', 'end': 40033.77, 'start': 40033.58}]",0,0,[],[]
40033770,40034570,NA,OLN,0.0,1253,CIC,NA,NA,NA,NA,0.0,0,-21.51,-14.15,[],0,0,[],[]
40034570,40035510,CHI,CHN,0.0,1253,CIC,NA,NA,NA,NA,0.0,0,-15.98,-8.75,[],0,940,"[{'start': 40034.57, 'end': 40035.51}]",[]
40035510,40036310,NA,FAF,0.0,1253,CIC,NA,NA,NA,NA,0.0,0,-39.36,-22.23,[],0,0,[],[]
40036310,40037470,CHI,CHN,0.0,1253,CIC,RC,0,NT,FH,1.0,440,-22.57,-13.49,"[{'Canonical-syllable': '1', 'Growl': '0', 'High-freq-energy': '0', 'Long-island': '0', 'Low-tilt-spectrum': '0', 'Medium-island': '1', 'Short-island': '0', 'Squeal': '0', 'Typical-entropy': '1', 'Voicing-quality': '1', 'Wide-band': '0', 'Xlong-island': '0', 'seq': '1', 'end': 40037.47, 'start': 40037.03}]",0,0,[],[]
40037470,40038300,NA,NOF,0.0,1253,CIC,NA,NA,NA,NA,0.0,0,-41.12,-26.52,[],0,0,[],[]
40038300,40039800,CHI,CHN,0.0,1253,CIC,RC,0,TIMI,FH,1.0,1060,-18.23,-11.36,"[{'Canonical-syllable': '0', 'Growl': '0', 'High-freq-energy': '0', 'Long-island': '1', 'Low-tilt-spectrum': '0', 'Medium-island': '0', 'Short-island': '0', 'Squeal': '0', 'Typical-entropy': '0', 'Voicing-quality': '2', 'Wide-band': '0', 'Xlong-island': '0', 'seq': '1', 'end': 40039.36, 'start': 40038.3}]",0,0,[],[]
40039800,40040670,NA,SIL,0.0,1253,CIC,NA,NA,NA,NA,0.0,0,-50.29,-40.32,[],0,0,[],[]
40040670,40041670,NA,MAF,0.0,1253,CIC,NA,NA,NA,NA,0.0,0,-27.44,-8.11,[],0,0,[],[]
40041670,40042490,NA,NOF,0.0,1253,CIC,NA,NA,NA,NA,0.0,0,-39.8,-33.66,[],0,0,[],[]
40042490,40043490,MAL,MAN,2.8,1253,CIC,EC,1,TIMR,FI,0.0,0,-35.75,-29.22,[],0,0,[],[]
40043490,40045610,NA,NOF,0.0,1254,pause,NA,NA,NA,NA,0.0,0,-42.16,-28.43,[],0,0,[],[]
40045610,40046720,NA,OLF,0.0,1254,pause,NA,NA,NA,NA,0.0,0,-26.71,-18.4,[],0,0,[],[]
40046720,40049810,NA,NOF,0.0,1254,pause,NA,NA,NA,NA,0.0,0,-37.25,-23.23,[],0,0,[],[]
40049810,40050720,NA,OLN,0.0,1254,pause,NA,NA,NA,NA,0.0,0,-33.4,-28.21,[],0,0,[],[]
40050720,40051350,CHI,CHN,0.0,1254,pause,NA,NA,NA,NA,0.0,0,-33.25,-27.28,[],0,630,[],"[{'start': 40050.72, 'end': 40051.35}]"
40051350,40054620,NA,NOF,0.0,1254,pause,NA,NA,NA,NA,0.0,0,-31.05,-9.03,[],0,0,[],[]
40054620,40055420,NA,SIL,0.0,1254,pause,NA,NA,NA,NA,0.0,0,-46.61,-35.92,[],0,0,[],[]
40055420,40064200,NA,NOF,0.0,1254,pause,NA,NA,NA,NA,0.0,0,-35.27,-13.95,[],0,0,[],[]
40064200,40064860,CHI,CHN,0.0,1254,pause,NA,NA,NA,NA,0.0,0,-30.11,-18.79,[],0,660,[],"[{'start': 40064.2, 'end': 40064.86}]"
40064860,40066320,NA,NON,0.0,1254,pause,NA,NA,NA,NA,0.0,0,-19.23,-1.41,[],0,0,[],[]
40066320,40067190,NA,OLN,0.0,1254,pause,NA,NA,NA,NA,0.0,0,-35.34,-33.72,[],0,0,[],[]
40067190,40068720,NA,NON,0.0,1254,pause,NA,NA,NA,NA,0.0,0,-31.73,-19.48,[],0,0,[],[]
40068720,40069520,NA,OLN,0.0,1254,pause,NA,NA,NA,NA,0.0,0,-33.48,-23.61,[],0,0,[],[]
40069520,40070440,NA,NON,0.0,1254,pause,NA,NA,NA,NA,0.0,0,-30.9,-25.74,[],0,0,[],[]
40070440,40071810,CHI,CHN,0.0,1254,pause,NA,NA,NA,NA,0.0,0,-30.96,-24.82,[],0,1370,[],"[{'start': 40070.44, 'end': 40071.81}]"
40071810,40073390,NA,NON,0.0,1254,pause,NA,NA,NA,NA,0.0,0,-29.25,-26.05,[],0,0,[],[]
40073390,40074040,CHI,CHN,0.0,1254,pause,NA,NA,NA,NA,0.0,0,-30.4,-20.67,[],0,480,"[{'start': 40073.39, 'end': 40073.87}]",[]
40074040,40076240,NA,NOF,0.0,1254,pause,NA,NA,NA,NA,0.0,0,-32.21,-19.51,[],0,0,[],[]
40076240,40077100,NA,SIL,0.0,1254,pause,NA,NA,NA,NA,0.0,0,-49.77,-44.9,[],0,0,[],[]
40077100,40077910,NA,NON,0.0,1254,pause,NA,NA,NA,NA,0.0,0,-21.52,-5.85,[],0,0,[],[]
40077910,40078510,CHI,CHN,0.0,1254,pause,NA,NA,NA,NA,0.0,0,-17.73,-4.53,[],0,0,[],[]
40078510,40083960,NA,NOF,0.0,1254,pause,NA,NA,NA,NA,0.0,0,-35.55,-19.22,[],0,0,[],[]
40083960,40085030,NA,SIL,0.0,1254,pause,NA,NA,NA,NA,0.0,0,-49.32,-44.02,[],0,0,[],[]
40085030,40086570,NA,NOF,0.0,1254,pause,NA,NA,NA,NA,0.0,0,-18.49,-4.61,[],0,0,[],[]
40086570,40087870,NA,SIL,0.0,1254,pause,NA,NA,NA,NA,0.0,0,-42.17,-29.68,[],0,0,[],[]
40087870,40090730,NA,NOF,0.0,1254,pause,NA,NA,NA,NA,0.0,0,-18.74,-1.91,[],0,0,[],[]
40090730,40091840,CHI,CHN,0.0,1254,pause,NA,NA,NA,NA,0.0,0,-29.83,-26.69,[],0,1110,[],"[{'start': 40090.73, 'end': 40091.84}]"
40091840,40092440,CHI,CHN,0.0,1254,pause,NA,NA,NA,NA,0.0,0,-15.27,-3.0,[],0,0,[],[]
40092440,40093980,NA,NON,0.0,1254,pause,NA,NA,NA,NA,0.0,0,-25.61,-9.16,[],0,0,[],[]
40093980,40095570,NA,FAF,0.0,1254,pause,NA,NA,NA,NA,0.0,0,-33.1,-18.31,[],0,0,[],[]
40095570,40099540,NA,NOF,0.0,1254,pause,NA,NA,NA,NA,0.0,0,-24.92,-4.78,[],0,0,[],[]
40099540,40100660,CHI,CHN,0.0,1254,CM,EC,0,NT,FI,1.0,960,-17.61,-10.65,"[{'Canonical-syllable': '0', 'Growl': '0', 'High-freq-energy': '0', 'Long-island': '1', 'Low-tilt-spectrum': '0', 'Medium-island': '0', 'Short-island': '0', 'Squeal': '0', 'Typical-entropy': '1', 'Voicing-quality': '2', 'Wide-band': '0', 'Xlong-island': '0', 'seq': '1', 'end': 40100.5, 'start': 40099.54}]",0,0,[],[]
40100660,40101800,NA,NOF,0.0,1255,pause,NA,NA,NA,NA,0.0,0,-38.4,-23.03,[],0,0,[],[]
40101800,40102600,NA,OLF,0.0,1255,pause,NA,NA,NA,NA,0.0,0,-28.08,-20.02,[],0,0,[],[]
40102600,40103740,NA,NOF,0.0,1255,pause,NA,NA,NA,NA,0.0,0,-37.83,-28.84,[],0,0,[],[]
40103740,40104610,NA,SIL,0.0,1255,pause,NA,NA,NA,NA,0.0,0,-39.78,-31.77,[],0,0,[],[]
40104610,40105430,NA,NOF,0.0,1255,pause,NA,NA,NA,NA,0.0,0,-33.94,-21.27,[],0,0,[],[]
40105430,40106250,NA,SIL,0.0,1255,pause,NA,NA,NA,NA,0.0,0,-45.42,-31.06,[],0,0,[],[]
40106250,40107050,NA,NOF,0.0,1255,pause,NA,NA,NA,NA,0.0,0,-46.15,-34.25,[],0,0,[],[]
40107050,40107850,NA,SIL,0.0,1255,pause,NA,NA,NA,NA,0.0,0,-47.26,-42.05,[],0,0,[],[]
40107850,40108830,NA,NOF,0.0,1255,pause,NA,NA,NA,NA,0.0,0,-38.88,-26.09,[],0,0,[],[]
40108830,40109630,NA,SIL,0.0,1255,pause,NA,NA,NA,NA,0.0,0,-42.0,-25.37,[],0,0,[],[]
40109630,40110630,NA,MAF,0.0,1255,pause,NA,NA,NA,NA,0.0,0,-27.77,-18.36,[],0,0,[],[]
40110630,40113940,NA,NOF,0.0,1255,pause,NA,NA,NA,NA,0.0,0,-38.85,-20.36,[],0,0,[],[]
40113940,40115630,NA,SIL,0.0,1255,pause,NA,NA,NA,NA,0.0,0,-44.46,-32.76,[],0,0,[],[]
40115630,40117600,NA,NOF,0.0,1255,pause,NA,NA,NA,NA,0.0,0,-37.66,-30.0,[],0,0,[],[]
40117600,40118530,NA,SIL,0.0,1255,pause,NA,NA,NA,NA,0.0,0,-47.37,-32.45,[],0,0,[],[]
40118530,40120950,FEM,FAN,7.42,1255,AMF,BC,0,NT,FI,0.0,0,-36.9,-28.46,[],0,0,[],[]
40120950,40121950,MAL,MAN,6.33,1255,AMF,EC,0,NT,FI,0.0,0,-35.15,-28.55,[],0,0,[],[]
40121950,40125590,NA,NOF,0.0,1256,pause,NA,NA,NA,NA,0.0,0,-42.15,-26.01,[],0,0,[],[]
40125590,40130220,NA,SIL,0.0,1256,pause,NA,NA,NA,NA,0.0,0,-48.44,-32.13,[],0,0,[],[]
40130220,40131700,NA,NOF,0.0,1256,pause,NA,NA,NA,NA,0.0,0,-40.01,-31.43,[],0,0,[],[]
40131700,40132770,NA,SIL,0.0,1256,pause,NA,NA,NA,NA,0.0,0,-49.87,-42.14,[],0,0,[],[]
40132770,40133630,NA,NOF,0.0,1256,pause,NA,NA,NA,NA,0.0,0,-45.99,-38.54,[],0,0,[],[]
40133630,40134430,NA,SIL,0.0,1256,pause,NA,NA,NA,NA,0.0,0,-50.26,-45.46,[],0,0,[],[]
40134430,40135610,NA,NOF,0.0,1256,pause,NA,NA,NA,NA,0.0,0,-47.38,-34.9,[],0,0,[],[]
40135610,40137070,NA,SIL,0.0,1256,pause,NA,NA,NA,NA,0.0,0,-51.24,-44.93,[],0,0,[],[]
40137070,40138030,NA,NOF,0.0,1256,pause,NA,NA,NA,NA,0.0,0,-44.33,-35.7,[],0,0,[],[]
40138030,40140010,NA,SIL,0.0,1256,pause,NA,NA,NA,NA,0.0,0,-50.79,-38.34,[],0,0,[],[]
40140010,40140870,NA,NOF,0.0,1256,pause,NA,NA,NA,NA,0.0,0,-33.04,-18.26,[],0,0,[],[]
40140870,40141670,NA,SIL,0.0,1256,pause,NA,NA,NA,NA,0.0,0,-50.68,-45.36,[],0,0,[],[]
40141670,40142470,NA,CXF,0.0,1256,pause,NA,NA,NA,NA,0.0,0,-49.17,-42.29,[],0,0,[],[]
40142470,40143270,NA,SIL,0.0,1256,pause,NA,NA,NA,NA,0.0,0,-46.2,-32.61,[],0,0,[],[]
40143270,40144160,NA,NOF,0.0,1256,pause,NA,NA,NA,NA,0.0,0,-34.34,-16.13,[],0,0,[],[]
40144160,40145450,CHI,CHN,0.0,1256,pause,NA,NA,NA,NA,0.0,0,-38.97,-24.87,[],0,980,[],"[{'start': 40144.16, 'end': 40145.14}]"
40145450,40146530,NA,SIL,0.0,1256,pause,NA,NA,NA,NA,0.0,0,-51.13,-46.4,[],0,0,[],[]
40146530,40147410,NA,NOF,0.0,1256,pause,NA,NA,NA,NA,0.0,0,-38.82,-23.17,[],0,0,[],[]
40147410,40148870,NA,CHF,0.0,1256,CM,BC,0,NT,FI,1.0,1230,-38.43,-26.42,"[{'Canonical-syllable': '0', 'Growl': '1', 'High-freq-energy': '1', 'Long-island': '0', 'Low-tilt-spectrum': '1', 'Medium-island': '0', 'Short-island': '0', 'Squeal': '0', 'Typical-entropy': '1', 'Voicing-quality': '1', 'Wide-band': '0', 'Xlong-island': '1', 'seq': '1', 'end': 40148.64, 'start': 40147.41}]",0,0,[],[]
40148870,40149670,NA,SIL,0.0,1256,CM,NA,NA,NA,NA,0.0,0,-49.52,-40.21,[],0,0,[],[]
40149670,40150280,CHI,CHN,0.0,1256,CM,RC,0,NT,FH,1.0,450,-25.78,-16.62,"[{'Canonical-syllable': '1', 'Growl': '0', 'High-freq-energy': '0', 'Long-island': '0', 'Low-tilt-spectrum': '0', 'Medium-island': '0', 'Short-island': '2', 'Squeal': '0', 'Typical-entropy': '0', 'Voicing-quality': '2', 'Wide-band': '0', 'Xlong-island': '0', 'seq': '1', 'end': 40150.12, 'start': 40149.67}]",0,0,[],[]
40150280,40151250,NA,SIL,0.0,1256,CM,NA,NA,NA,NA,0.0,0,-49.27,-40.36,[],0,0,[],[]
40151250,40152180,NA,NOF,0.0,1256,CM,NA,NA,NA,NA,0.0,0,-46.17,-32.64,[],0,0,[],[]
40152180,40153340,CHI,CHN,0.0,1256,CM,RC,0,NT,FH,1.0,1160,-27.8,-19.98,"[{'Canonical-syllable': '0', 'Growl': '1', 'High-freq-energy': '0', 'Long-island': '0', 'Low-tilt-spectrum': '0', 'Medium-island': '1', 'Short-island': '1', 'Squeal': '0', 'Typical-entropy': '0', 'Voicing-quality': '3', 'Wide-band': '1', 'Xlong-island': '0', 'seq': '1', 'end': 40153.34, 'start': 40152.18}]",0,0,[],[]
40153340,40154460,NA,SIL,0.0,1256,CM,NA,NA,NA,NA,0.0,0,-49.92,-44.23,[],0,0,[],[]
40154460,40155520,NA,NOF,0.0,1256,CM,NA,NA,NA,NA,0.0,0,-46.56,-33.53,[],0,0,[],[]
40155520,40157060,CHI,CHN,0.0,1256,CM,EC,0,NT,FH,1.0,1120,-25.91,-6.52,"[{'Canonical-syllable': '0', 'Growl': '0', 'High-freq-energy': '0', 'Long-island': '0', 'Low-tilt-spectrum': '0', 'Medium-island': '0', 'Short-island': '2', 'Squeal': '0', 'Typical-entropy': '2', 'Voicing-quality': '2', 'Wide-band': '0', 'Xlong-island': '0', 'seq': '1', 'end': 40156.64, 'start': 40155.73}]",0,0,[],[]
40157060,40157860,NA,SIL,0.0,1257,pause,NA,NA,NA,NA,0.0,0,-50.38,-43.22,[],0,0,[],[]
40157860,40158940,NA,NOF,0.0,1257,pause,NA,NA,NA,NA,0.0,0,-21.28,-3.96,[],0,0,[],[]
40158940,40160050,CHI,CHN,0.0,1257,pause,NA,NA,NA,NA,0.0,0,-34.07,-24.13,[],0,1110,"[{'start': 40158.94, 'end': 40160.05}]",[]
40160050,40160850,NA,OLN,0.0,1257,pause,NA,NA,NA,NA,0.0,0,-31.28,-24.08,[],0,0,[],[]
40160850,40161650,NA,NOF,0.0,1257,pause,NA,NA,NA,NA,0.0,0,-38.25,-33.91,[],0,0,[],[]
40161650,40162330,NA,FAF,0.0,1257,pause,NA,NA,NA,NA,0.0,0,-39.62,-35.68,[],0,0,[],[]
40162330,40167620,NA,NOF,0.0,1257,pause,NA,NA,NA,NA,0.0,0,-21.69,-3.41,[],0,0,[],[]
40167620,40168940,CHI,CHN,0.0,1257,CM,BC,0,NT,FI,1.0,1210,-19.66,-12.26,"[{'Canonical-syllable': '1', 'Growl': '0', 'High-freq-energy': '0', 'Long-island': '1', 'Low-tilt-spectrum': '1', 'Medium-island': '0', 'Short-island': '1', 'Squeal': '0', 'Typical-entropy': '2', 'Voicing-quality': '2', 'Wide-band': '0', 'Xlong-island': '0', 'seq': '1', 'end': 40168.83, 'start': 40167.62}]",0,0,[],[]
40168940,40172970,NA,NOF,0.0,1257,CM,NA,NA,NA,NA,0.0,0,-37.52,-17.47,[],0,0,[],[]
40172970,40174380,CHI,CHN,0.0,1257,CM,EC,0,NT,FH,1.0,1050,-21.99,-12.06,"[{'Canonical-syllable': '1', 'Growl': '1', 'High-freq-energy': '0', 'Long-island': '0', 'Low-tilt-spectrum': '1', 'Medium-island': '1', 'Short-island': '2', 'Squeal': '0', 'Typical-entropy': '2', 'Voicing-quality': '4', 'Wide-band': '0', 'Xlong-island': '0', 'seq': '1', 'end': 40174.02, 'start': 40172.97}]",0,0,[],[]
40174380,40175180,NA,OLF,0.0,1258,pause,NA,NA,NA,NA,0.0,0,-35.36,-28.12,[],0,0,[],[]
40175180,40177310,NA,NOF,0.0,1258,pause,NA,NA,NA,NA,0.0,0,-40.77,-31.58,[],0,0,[],[]
40177310,40178110,NA,CXF,0.0,1258,pause,NA,NA,NA,NA,0.0,0,-38.4,-33.52,[],0,0,[],[]
40178110,40184390,NA,NOF,0.0,1258,pause,NA,NA,NA,NA,0.0,0,-43.06,-26.81,[],0,0,[],[]
40184390,40185200,NA,OLN,0.0,1258,pause,NA,NA,NA,NA,0.0,0,-33.64,-20.38,[],0,0,[],[]
40185200,40188340,NA,NOF,0.0,1258,pause,NA,NA,NA,NA,0.0,0,-38.58,-16.94,[],0,0,[],[]
40188340,40188940,CHI,CHN,0.0,1258,CM,EC,0,NT,FI,1.0,600,-25.7,-20.4,"[{'Canonical-syllable': '0', 'Growl': '0', 'High-freq-energy': '0', 'Long-island': '0', 'Low-tilt-spectrum': '0', 'Medium-island': '1', 'Short-island': '0', 'Squeal': '0', 'Typical-entropy': '0', 'Voicing-quality': '1', 'Wide-band': '0', 'Xlong-island': '0', 'seq': '1', 'end': 40188.94, 'start': 40188.59}]",0,0,[],[]
40188940,40190450,NA,NOF,0.0,1259,pause,NA,NA,NA,NA,0.0,0,-45.91,-35.37,[],0,0,[],[]
40190450,40191250,NA,SIL,0.0,1259,pause,NA,NA,NA,NA,0.0,0,-50.14,-44.67,[],0,0,[],[]
40191250,40200300,NA,NOF,0.0,1259,pause,NA,NA,NA,NA,0.0,0,-27.6,-3.81,[],0,0,[],[]
40200300,40203740,NA,SIL,0.0,1259,pause,NA,NA,NA,NA,0.0,0,-46.0,-32.11,[],0,0,[],[]
40203740,40209200,NA,NOF,0.0,1259,pause,NA,NA,NA,NA,0.0,0,-35.14,-12.16,[],0,0,[],[]
40209200,40210140,OCH,CXN,0.0,1259,XM,EC,0,NT,FI,0.0,0,-36.76,-29.87,[],0,0,[],[]
40210140,40210950,NA,OLF,0.0,1260,pause,NA,NA,NA,NA,0.0,0,-34.33,-22.83,[],0,0,[],[]
40210950,40211630,CHI,CHN,0.0,1260,pause,NA,NA,NA,NA,0.0,0,-33.46,-26.42,[],0,180,"[{'start': 40211.45, 'end': 40211.63}]",[]
40211630,40222750,NA,NOF,0.0,1260,pause,NA,NA,NA,NA,0.0,0,-24.54,-2.12,[],0,0,[],[]
40222750,40223610,NA,OLF,0.0,1260,pause,NA,NA,NA,NA,0.0,0,-22.31,-9.36,[],0,0,[],[]
40223610,40224460,NA,NON,0.0,1260,pause,NA,NA,NA,NA,0.0,0,-25.58,-15.34,[],0,0,[],[]
40224460,40225260,NA,OLN,0.0,1260,pause,NA,NA,NA,NA,0.0,0,-19.37,-11.58,[],0,0,[],[]
40225260,40225890,CHI,CHN,0.0,1260,CM,BC,0,NT,FI,1.0,630,-17.23,-11.85,"[{'Canonical-syllable': '0', 'Growl': '0', 'High-freq-energy': '0', 'Long-island': '0', 'Low-tilt-spectrum': '0', 'Medium-island': '1', 'Short-island': '0', 'Squeal': '0', 'Typical-entropy': '1', 'Voicing-quality': '1', 'Wide-band': '0', 'Xlong-island': '0', 'seq': '1', 'end': 40225.89, 'start': 40225.26}]",0,0,[],[]
40225890,40226690,NA,OLN,0.0,1260,CM,NA,NA,NA,NA,0.0,0,-22.15,-7.24,[],0,0,[],[]
40226690,40227490,NA,OLF,0.0,1260,CM,NA,NA,NA,NA,0.0,0,-34.51,-20.71,[],0,0,[],[]
40227490,40228780,CHI,CHN,0.0,1260,CM,EC,0,NT,FH,1.0,1290,-19.83,-7.96,"[{'Canonical-syllable': '1', 'Growl': '0', 'High-freq-energy': '0', 'Long-island': '0', 'Low-tilt-spectrum': '0', 'Medium-island': '1', 'Short-island': '1', 'Squeal': '0', 'Typical-entropy': '3', 'Voicing-quality': '3', 'Wide-band': '0', 'Xlong-island': '0', 'seq': '1', 'end': 40228.78, 'start': 40227.67}]",0,0,[],[]
40228780,40238570,NA,NOF,0.0,1261,pause,NA,NA,NA,NA,0.0,0,-27.03,-2.77,[],0,0,[],[]
40238570,40239380,NA,OLN,0.0,1261,pause,NA,NA,NA,NA,0.0,0,-18.86,-4.94,[],0,0,[],[]
40239380,40241860,NA,NOF,0.0,1261,pause,NA,NA,NA,NA,0.0,0,-25.31,-6.46,[],0,0,[],[]
40241860,40244100,NA,SIL,0.0,1261,pause,NA,NA,NA,NA,0.0,0,-47.47,-43.33,[],0,0,[],[]
40244100,40245010,NA,NOF,0.0,1261,pause,NA,NA,NA,NA,0.0,0,-38.31,-30.64,[],0,0,[],[]
40245010,40246140,NA,OLN,0.0,1261,pause,NA,NA,NA,NA,0.0,0,-35.67,-29.89,[],0,0,[],[]
40246140,40249600,NA,SIL,0.0,1261,pause,NA,NA,NA,NA,0.0,0,-48.06,-36.99,[],0,0,[],[]
40249600,40254120,NA,NOF,0.0,1261,pause,NA,NA,NA,NA,0.0,0,-37.62,-17.29,[],0,0,[],[]
40254120,40254940,NA,SIL,0.0,1261,pause,NA,NA,NA,NA,0.0,0,-49.8,-45.88,[],0,0,[],[]
40254940,40260630,NA,NOF,0.0,1261,pause,NA,NA,NA,NA,0.0,0,-31.4,-7.5,[],0,0,[],[]
40260630,40261430,NA,SIL,0.0,1261,pause,NA,NA,NA,NA,0.0,0,-46.32,-36.16,[],0,0,[],[]
40261430,40262640,NA,NOF,0.0,1261,pause,NA,NA,NA,NA,0.0,0,-39.83,-26.51,[],0,0,[],[]
40262640,40263590,NA,SIL,0.0,1261,pause,NA,NA,NA,NA,0.0,0,-45.91,-37.63,[],0,0,[],[]
40263590,40267490,NA,NOF,0.0,1261,pause,NA,NA,NA,NA,0.0,0,-39.45,-21.83,[],0,0,[],[]
40267490,40268100,OCH,CXN,0.0,1261,XM,EC,0,NT,FI,0.0,0,-36.16,-31.96,[],0,0,[],[]
40268100,40271610,NA,NOF,0.0,1262,pause,NA,NA,NA,NA,0.0,0,-33.44,-18.43,[],0,0,[],[]
40271610,40272420,NA,SIL,0.0,1262,pause,NA,NA,NA,NA,0.0,0,-48.85,-43.79,[],0,0,[],[]
40272420,40275270,NA,NOF,0.0,1262,pause,NA,NA,NA,NA,0.0,0,-40.93,-28.65,[],0,0,[],[]
40275270,40276880,NA,SIL,0.0,1262,pause,NA,NA,NA,NA,0.0,0,-45.77,-38.31,[],0,0,[],[]
40276880,40277990,NA,NOF,0.0,1262,pause,NA,NA,NA,NA,0.0,0,-47.02,-38.2,[],0,0,[],[]
40277990,40284130,NA,SIL,0.0,1262,pause,NA,NA,NA,NA,0.0,0,-50.03,-40.75,[],0,0,[],[]
40284130,40285170,NA,NOF,0.0,1262,pause,NA,NA,NA,NA,0.0,0,-46.95,-35.85,[],0,0,[],[]
40285170,40298630,NA,SIL,0.0,1262,pause,NA,NA,NA,NA,0.0,0,-49.69,-32.09,[],0,0,[],[]
40298630,40299570,NA,OLN,0.0,1262,pause,NA,NA,NA,NA,0.0,0,-38.65,-34.87,[],0,0,[],[]
40299570,40300560,NA,NOF,0.0,1262,pause,NA,NA,NA,NA,0.0,0,-46.81,-34.78,[],0,0,[],[]
40300560,40303020,CHI,CHN,0.0,1262,CIC,BC,0,TIMI,FI,2.0,2009,-15.93,-5.75,"[{'Canonical-syllable': '1', 'Growl': '0', 'High-freq-energy': '0', 'Long-island': '0', 'Low-tilt-spectrum': '0', 'Medium-island': '2', 'Short-island': '1', 'Squeal': '0', 'Typical-entropy': '2', 'Voicing-quality': '3', 'Wide-band': '0', 'Xlong-island': '0', 'seq': '1', 'end': 40301.69, 'start': 40300.56}, {'Canonical-syllable': '1', 'Growl': '0', 'High-freq-energy': '1', 'Long-island': '0', 'Low-tilt-spectrum': '0', 'Medium-island': '1', 'Short-island': '2', 'Squeal': '0', 'Typical-entropy': '1', 'Voicing-quality': '3', 'Wide-band': '0', 'Xlong-island': '0', 'seq': '2', 'end': 40303.02, 'start': 40302.14}]",0,0,[],[]
40303020,40304020,MAL,MAN,5.78,1262,CIC,RC,1,TIMR,FI,0.0,0,-32.6,-19.81,[],0,0,[],[]
40304020,40305030,CHI,CHN,0.0,1262,CIC,RC,1,TIME,FI,1.0,1010,-16.38,-8.91,"[{'Canonical-syllable': '0', 'Growl': '0', 'High-freq-energy': '1', 'Long-island': '0', 'Low-tilt-spectrum': '1', 'Medium-island': '1', 'Short-island': '2', 'Squeal': '0', 'Typical-entropy': '3', 'Voicing-quality': '3', 'Wide-band': '0', 'Xlong-island': '0', 'seq': '1', 'end': 40305.03, 'start': 40304.02}]",0,0,[],[]
40305030,40306240,CHI,CHN,0.0,1262,CIC,RC,1,TIMI,FH,1.0,290,-28.64,-11.51,"[{'Canonical-syllable': '0', 'Growl': '0', 'High-freq-energy': '0', 'Long-island': '0', 'Low-tilt-spectrum': '1', 'Medium-island': '0', 'Short-island': '0', 'Squeal': '0', 'Typical-entropy': '2', 'Voicing-quality': '2', 'Wide-band': '0', 'Xlong-island': '0', 'seq': '1', 'end': 40305.32, 'start': 40305.03}]",0,0,[],[]
40306240,40307670,NA,NOF,0.0,1262,CIC,NA,NA,NA,NA,0.0,0,-33.54,-15.39,[],0,0,[],[]
40307670,40308670,MAL,MAN,3.15,1262,CIC,RC,2,TIMR,FI,0.0,0,-39.87,-32.14,[],0,0,[],[]
40308670,40309270,CHI,CHN,0.0,1262,CIC,EC,2,TIME,FI,1.0,600,-26.06,-19.56,"[{'Canonical-syllable': '0', 'Growl': '0', 'High-freq-energy': '0', 'Long-island': '0', 'Low-tilt-spectrum': '0', 'Medium-island': '1', 'Short-island': '0', 'Squeal': '0', 'Typical-entropy': '1', 'Voicing-quality': '1', 'Wide-band': '0', 'Xlong-island': '0', 'seq': '1', 'end': 40309.27, 'start': 40308.82}]",0,0,[],[]
40309270,40310250,NA,MAF,0.0,1263,pause,NA,NA,NA,NA,0.0,0,-43.42,-33.14,[],0,0,[],[]
40310250,40311200,NA,SIL,0.0,1263,pause,NA,NA,NA,NA,0.0,0,-48.74,-35.46,[],0,0,[],[]
40311200,40314470,NA,FAF,0.0,1263,pause,NA,NA,NA,NA,0.0,0,-42.29,-23.33,[],0,0,[],[]
40314470,40315430,NA,SIL,0.0,1263,pause,NA,NA,NA,NA,0.0,0,-50.12,-45.23,[],0,0,[],[]
40315430,40316990,NA,NOF,0.0,1263,pause,NA,NA,NA,NA,0.0,0,-45.74,-32.93,[],0,0,[],[]
40316990,40318570,NA,SIL,0.0,1263,pause,NA,NA,NA,NA,0.0,0,-49.24,-44.13,[],0,0,[],[]
40318570,40320890,NA,NOF,0.0,1263,pause,NA,NA,NA,NA,0.0,0,-42.89,-24.16,[],0,0,[],[]
40320890,40321490,NA,CHF,0.0,1263,pause,NA,NA,NA,NA,0.0,0,-43.14,-40.98,[],0,600,[],"[{'start': 40320.89, 'end': 40321.49}]"
40321490,40322290,NA,NOF,0.0,1263,pause,NA,NA,NA,NA,0.0,0,-42.63,-37.73,[],0,0,[],[]
40322290,40323290,NA,MAF,0.0,1263,pause,NA,NA,NA,NA,0.0,0,-38.8,-32.63,[],0,0,[],[]
40323290,40324340,NA,FAF,0.0,1263,pause,NA,NA,NA,NA,0.0,0,-41.81,-36.24,[],0,0,[],[]
40324340,40325750,NA,MAF,0.0,1263,pause,NA,NA,NA,NA,0.0,0,-41.07,-26.26,[],0,0,[],[]
40325750,40327320,NA,SIL,0.0,1263,pause,NA,NA,NA,NA,0.0,0,-38.63,-28.05,[],0,0,[],[]
40327320,40329010,NA,NOF,0.0,1263,pause,NA,NA,NA,NA,0.0,0,-41.22,-33.47,[],0,0,[],[]
40329010,40330820,NA,MAF,0.0,1263,pause,NA,NA,NA,NA,0.0,0,-45.01,-36.63,[],0,0,[],[]
40330820,40331980,NA,NOF,0.0,1263,pause,NA,NA,NA,NA,0.0,0,-47.45,-37.95,[],0,0,[],[]
40331980,40333080,MAL,MAN,4.74,1263,AMM,EC,0,NT,FI,0.0,0,-40.35,-31.39,[],0,0,[],[]
40333080,40335030,NA,NOF,0.0,1264,pause,NA,NA,NA,NA,0.0,0,-38.89,-21.84,[],0,0,[],[]
40335030,40335830,NA,OLF,0.0,1264,pause,NA,NA,NA,NA,0.0,0,-22.1,-5.01,[],0,0,[],[]
40335830,40353040,NA,NOF,0.0,1264,pause,NA,NA,NA,NA,0.0,0,-26.37,-2.59,[],0,0,[],[]
40353040,40353890,NA,OLF,0.0,1264,pause,NA,NA,NA,NA,0.0,0,-35.42,-28.03,[],0,0,[],[]
40353890,40357550,NA,NOF,0.0,1264,pause,NA,NA,NA,NA,0.0,0,-38.91,-20.43,[],0,0,[],[]
40357550,40358350,NA,SIL,0.0,1264,pause,NA,NA,NA,NA,0.0,0,-42.9,-33.66,[],0,0,[],[]
40358350,40360650,NA,NOF,0.0,1264,pause,NA,NA,NA,NA,0.0,0,-35.85,-15.84,[],0,0,[],[]
40360650,40361350,CHI,CHN,0.0,1264,pause,NA,NA,NA,NA,0.0,0,-36.21,-34.08,[],0,700,[],"[{'start': 40360.65, 'end': 40361.35}]"
40361350,40363450,NA,NOF,0.0,1264,pause,NA,NA,NA,NA,0.0,0,-21.12,-3.34,[],0,0,[],[]
40363450,40365380,NA,FAF,0.0,1264,pause,NA,NA,NA,NA,0.0,0,-30.09,-19.35,[],0,0,[],[]
40365380,40368700,NA,SIL,0.0,1264,pause,NA,NA,NA,NA,0.0,0,-40.91,-27.84,[],0,0,[],[]
40368700,40370880,NA,OLF,0.0,1264,pause,NA,NA,NA,NA,0.0,0,-23.93,-6.14,[],0,0,[],[]
40370880,40371480,CHI,CHN,0.0,1264,CM,BC,0,NT,FI,1.0,600,-26.01,-18.62,"[{'Canonical-syllable': '0', 'Growl': '3', 'High-freq-energy': '0', 'Long-island': '0', 'Low-tilt-spectrum': '2', 'Medium-island': '0', 'Short-island': '1', 'Squeal': '0', 'Typical-entropy': '2', 'Voicing-quality': '3', 'Wide-band': '0', 'Xlong-island': '0', 'seq': '1', 'end': 40371.48, 'start': 40370.88}]",0,0,[],[]
40371480,40372870,NA,OLF,0.0,1264,CM,NA,NA,NA,NA,0.0,0,-31.45,-12.38,[],0,0,[],[]
40372870,40374680,CHI,CHN,0.0,1264,CM,EC,0,NT,FH,1.0,1130,-22.4,-12.35,"[{'Canonical-syllable': '0', 'Growl': '0', 'High-freq-energy': '0', 'Long-island': '1', 'Low-tilt-spectrum': '0', 'Medium-island': '0', 'Short-island': '0', 'Squeal': '0', 'Typical-entropy': '0', 'Voicing-quality': '1', 'Wide-band': '0', 'Xlong-island': '0', 'seq': '1', 'end': 40374.68, 'start': 40373.55}]",0,0,[],[]
40374680,40376200,NA,NOF,0.0,1265,pause,NA,NA,NA,NA,0.0,0,-20.2,-5.38,[],0,0,[],[]
40376200,40376800,CHI,CHN,0.0,1265,pause,NA,NA,NA,NA,0.0,0,-37.8,-34.31,[],0,600,[],"[{'start': 40376.2, 'end': 40376.8}]"
40376800,40377600,NA,NOF,0.0,1265,pause,NA,NA,NA,NA,0.0,0,-38.99,-29.26,[],0,0,[],[]
40377600,40378400,NA,OLF,0.0,1265,pause,NA,NA,NA,NA,0.0,0,-37.96,-30.65,[],0,0,[],[]
40378400,40380640,NA,MAF,0.0,1265,pause,NA,NA,NA,NA,0.0,0,-40.88,-32.15,[],0,0,[],[]
40380640,40382060,NA,SIL,0.0,1265,pause,NA,NA,NA,NA,0.0,0,-46.99,-39.35,[],0,0,[],[]
40382060,40383330,MAL,MAN,0.26,1265,AMM,EC,0,NT,FI,0.0,0,-35.18,-25.14,[],0,0,[],[]
40383330,40386290,NA,NOF,0.0,1266,pause,NA,NA,NA,NA,0.0,0,-40.71,-23.91,[],0,0,[],[]
40386290,40387060,CHI,CHN,0.0,1266,pause,NA,NA,NA,NA,0.0,0,-32.55,-23.47,[],0,770,[],"[{'start': 40386.29, 'end': 40387.06}]"
40387060,40390190,NA,NOF,0.0,1266,pause,NA,NA,NA,NA,0.0,0,-33.17,-8.87,[],0,0,[],[]
40390190,40390790,NA,FAF,0.0,1266,pause,NA,NA,NA,NA,0.0,0,-36.68,-28.59,[],0,0,[],[]
40390790,40392220,NA,NOF,0.0,1266,pause,NA,NA,NA,NA,0.0,0,-30.78,-11.88,[],0,0,[],[]
40392220,40393220,MAL,MAN,4.63,1266,AMM,EC,0,NT,FI,0.0,0,-41.67,-34.45,[],0,0,[],[]
40393220,40394510,NA,NOF,0.0,1267,pause,NA,NA,NA,NA,0.0,0,-45.78,-34.51,[],0,0,[],[]
40394510,40395400,NA,SIL,0.0,1267,pause,NA,NA,NA,NA,0.0,0,-48.48,-36.62,[],0,0,[],[]
40395400,40396200,NA,CHF,0.0,1267,pause,NA,NA,NA,NA,0.0,0,-37.2,-22.15,[],0,630,[],"[{'start': 40395.57, 'end': 40396.2}]"
40396200,40397390,NA,NOF,0.0,1267,pause,NA,NA,NA,NA,0.0,0,-38.74,-35.44,[],0,0,[],[]
40397390,40398230,NA,OLN,0.0,1267,pause,NA,NA,NA,NA,0.0,0,-33.69,-17.61,[],0,0,[],[]
40398230,40403610,NA,NOF,0.0,1267,pause,NA,NA,NA,NA,0.0,0,-33.31,-8.48,[],0,0,[],[]
40403610,40404410,NA,OLN,0.0,1267,pause,NA,NA,NA,NA,0.0,0,-27.06,-10.93,[],0,0,[],[]
40404410,40407030,NA,NOF,0.0,1267,pause,NA,NA,NA,NA,0.0,0,-29.82,-12.66,[],0,0,[],[]
40407030,40408030,FEM,FAN,0.0,1267,pause,NA,NA,NA,NA,0.0,0,-36.81,-20.6,[],1000,0,[],[]
40408030,40409230,NA,SIL,0.0,1267,pause,NA,NA,NA,NA,0.0,0,-47.65,-37.41,[],0,0,[],[]
40409230,40410140,NA,NOF,0.0,1267,pause,NA,NA,NA,NA,0.0,0,-31.68,-20.25,[],0,0,[],[]
40410140,40411140,NA,SIL,0.0,1267,pause,NA,NA,NA,NA,0.0,0,-35.87,-23.04,[],0,0,[],[]
40411140,40412170,NA,MAF,0.0,1267,pause,NA,NA,NA,NA,0.0,0,-39.46,-24.94,[],0,0,[],[]
40412170,40412970,NA,SIL,0.0,1267,pause,NA,NA,NA,NA,0.0,0,-51.17,-47.14,[],0,0,[],[]
40412970,40413770,NA,NOF,0.0,1267,pause,NA,NA,NA,NA,0.0,0,-41.28,-29.26,[],0,0,[],[]
40413770,40414570,NA,SIL,0.0,1267,pause,NA,NA,NA,NA,0.0,0,-49.69,-40.53,[],0,0,[],[]
40414570,40417440,CHI,CHN,0.0,1267,CM,EC,0,NT,FI,2.0,2070,-22.59,-12.36,"[{'Canonical-syllable': '2', 'Growl': '0', 'High-freq-energy': '0', 'Long-island': '0', 'Low-tilt-spectrum': '1', 'Medium-island': '1', 'Short-island': '2', 'Squeal': '0', 'Typical-entropy': '3', 'Voicing-quality': '3', 'Wide-band': '1', 'Xlong-island': '0', 'seq': '1', 'end': 40415.7, 'start': 40414.57}, {'Canonical-syllable': '0', 'Growl': '1', 'High-freq-energy': '0', 'Long-island': '0', 'Low-tilt-spectrum': '1', 'Medium-island': '1', 'Short-island': '2', 'Squeal': '0', 'Typical-entropy': '2', 'Voicing-quality': '2', 'Wide-band': '0', 'Xlong-island': '0', 'seq': '2', 'end': 40417.22, 'start': 40416.28}]",0,0,[],[]
40417440,40418890,NA,NOF,0.0,1268,pause,NA,NA,NA,NA,0.0,0,-46.24,-38.26,[],0,0,[],[]
40418890,40419860,NA,OLN,0.0,1268,pause,NA,NA,NA,NA,0.0,0,-30.63,-16.33,[],0,0,[],[]
40419860,40420980,NA,NOF,0.0,1268,pause,NA,NA,NA,NA,0.0,0,-37.02,-25.31,[],0,0,[],[]
40420980,40421780,NA,OLF,0.0,1268,pause,NA,NA,NA,NA,0.0,0,-32.49,-18.56,[],0,0,[],[]
40421780,40424140,NA,NOF,0.0,1268,pause,NA,NA,NA,NA,0.0,0,-19.7,-3.88,[],0,0,[],[]
40424140,40427680,NA,SIL,0.0,1268,pause,NA,NA,NA,NA,0.0,0,-43.89,-25.6,[],0,0,[],[]
40427680,40428520,NA,NOF,0.0,1268,pause,NA,NA,NA,NA,0.0,0,-45.61,-40.06,[],0,0,[],[]
40428520,40430870,NA,SIL,0.0,1268,pause,NA,NA,NA,NA,0.0,0,-47.21,-36.11,[],0,0,[],[]
40430870,40431870,MAL,MAN,2.91,1268,AMM,EC,0,NT,FI,0.0,0,-42.25,-36.73,[],0,0,[],[]
40431870,40434000,NA,SIL,0.0,1269,pause,NA,NA,NA,NA,0.0,0,-47.55,-35.6,[],0,0,[],[]
40434000,40434830,NA,FAF,0.0,1269,pause,NA,NA,NA,NA,0.0,0,-46.29,-38.84,[],0,0,[],[]
40434830,40435700,NA,SIL,0.0,1269,pause,NA,NA,NA,NA,0.0,0,-50.38,-38.2,[],0,0,[],[]
40435700,40436500,NA,OLF,0.0,1269,pause,NA,NA,NA,NA,0.0,0,-47.39,-40.24,[],0,0,[],[]
40436500,40438560,NA,SIL,0.0,1269,pause,NA,NA,NA,NA,0.0,0,-38.92,-26.96,[],0,0,[],[]
40438560,40439560,FEM,FAN,5.74,1269,AMF,EC,0,NT,FI,0.0,0,-40.03,-25.53,[],0,0,[],[]
40439560,40440450,NA,SIL,0.0,1270,pause,NA,NA,NA,NA,0.0,0,-46.4,-39.31,[],0,0,[],[]
40440450,40442240,NA,NOF,0.0,1270,pause,NA,NA,NA,NA,0.0,0,-42.44,-30.19,[],0,0,[],[]
40442240,40443080,NA,SIL,0.0,1270,pause,NA,NA,NA,NA,0.0,0,-50.96,-44.81,[],0,0,[],[]
40443080,40446500,NA,NOF,0.0,1270,pause,NA,NA,NA,NA,0.0,0,-46.08,-33.71,[],0,0,[],[]
40446500,40447340,NA,OLF,0.0,1270,pause,NA,NA,NA,NA,0.0,0,-37.32,-24.86,[],0,0,[],[]
40447340,40448400,NA,SIL,0.0,1270,pause,NA,NA,NA,NA,0.0,0,-47.45,-35.79,[],0,0,[],[]
40448400,40452260,NA,NOF,0.0,1270,pause,NA,NA,NA,NA,0.0,0,-38.37,-17.24,[],0,0,[],[]
40452260,40453340,NA,OLF,0.0,1270,pause,NA,NA,NA,NA,0.0,0,-17.5,-3.69,[],0,0,[],[]
40453340,40457070,NA,NOF,0.0,1270,pause,NA,NA,NA,NA,0.0,0,-36.62,-22.25,[],0,0,[],[]
40457070,40458430,CHI,CHN,0.0,1270,CIOCAX,BC,0,NT,FI,2.0,990,-20.46,-10.02,"[{'Canonical-syllable': '0', 'Growl': '0', 'High-freq-energy': '0', 'Long-island': '0', 'Low-tilt-spectrum': '0', 'Medium-island': '0', 'Short-island': '1', 'Squeal': '0', 'Typical-entropy': '1', 'Voicing-quality': '1', 'Wide-band': '0', 'Xlong-island': '0', 'seq': '1', 'end': 40457.28, 'start': 40457.15}, {'Canonical-syllable': '1', 'Growl': '0', 'High-freq-energy': '0', 'Long-island': '0', 'Low-tilt-spectrum': '0', 'Medium-island': '1', 'Short-island': '1', 'Squeal': '0', 'Typical-entropy': '2', 'Voicing-quality': '2', 'Wide-band': '0', 'Xlong-island': '0', 'seq': '2', 'end': 40458.43, 'start': 40457.65}]",0,0,[],[]
40458430,40459240,OCH,CXN,0.0,1270,CIOCAX,RC,0,NT,FI,0.0,0,-21.78,-12.0,[],0,0,[],[]
40459240,40460270,CHI,CHN,0.0,1270,CIOCAX,NA,NA,NA,NA,0.0,0,-17.25,-6.94,[],0,560,"[{'start': 40459.24, 'end': 40459.54}, {'start': 40459.76, 'end': 40460.02}]",[]
40460270,40463110,MAL,MAN,6.62,1270,CIOCAX,EC,0,NT,FI,0.0,0,-34.84,-26.37,[],0,0,[],[]
40463110,40465150,NA,NON,0.0,1271,pause,NA,NA,NA,NA,0.0,0,-25.14,-7.93,[],0,0,[],[]
40465150,40466200,NA,OLN,0.0,1271,pause,NA,NA,NA,NA,0.0,0,-22.09,-4.42,[],0,0,[],[]
40466200,40468480,NA,NOF,0.0,1271,pause,NA,NA,NA,NA,0.0,0,-25.08,-4.41,[],0,0,[],[]
40468480,40472040,NA,OLN,0.0,1271,pause,NA,NA,NA,NA,0.0,0,-29.62,-7.91,[],0,0,[],[]
40472040,40475170,NA,NOF,0.0,1271,pause,NA,NA,NA,NA,0.0,0,-37.35,-15.05,[],0,0,[],[]
40475170,40475770,CHI,CHN,0.0,1271,pause,NA,NA,NA,NA,0.0,0,-35.96,-33.28,[],0,600,[],"[{'start': 40475.17, 'end': 40475.77}]"
40475770,40478210,NA,NON,0.0,1271,pause,NA,NA,NA,NA,0.0,0,-25.61,-8.94,[],0,0,[],[]
40478210,40479210,FEM,FAN,4.49,1271,AICF,BC,0,TIFI,FI,0.0,0,-36.79,-22.29,[],0,0,[],[]
40479210,40482400,NA,NON,0.0,1271,AICF,NA,NA,NA,NA,0.0,0,-23.73,-6.55,[],0,0,[],[]
40482400,40483220,NA,SIL,0.0,1271,AICF,NA,NA,NA,NA,0.0,0,-53.97,-50.11,[],0,0,[],[]
40483220,40484020,NA,NOF,0.0,1271,AICF,NA,NA,NA,NA,0.0,0,-47.09,-34.83,[],0,0,[],[]
40484020,40485010,CHI,CHN,0.0,1271,AICF,RC,1,TIFR,FI,1.0,990,-15.04,-1.29,"[{'Canonical-syllable': '1', 'Growl': '0', 'High-freq-energy': '0', 'Long-island': '0', 'Low-tilt-spectrum': '1', 'Medium-island': '2', 'Short-island': '0', 'Squeal': '0', 'Typical-entropy': '1', 'Voicing-quality': '2', 'Wide-band': '1', 'Xlong-island': '0', 'seq': '1', 'end': 40485.01, 'start': 40484.02}]",0,0,[],[]
40485010,40485810,NA,NOF,0.0,1271,AICF,NA,NA,NA,NA,0.0,0,-38.94,-31.26,[],0,0,[],[]
40485810,40487780,FEM,FAN,9.48,1271,AICF,RC,1,TIFE,FI,0.0,0,-21.73,-17.24,[],0,0,[],[]
40487780,40489410,NA,OLN,0.0,1271,AICF,NA,NA,NA,NA,0.0,0,-28.93,-20.08,[],0,0,[],[]
40489410,40490920,FEM,FAN,8.49,1271,AICF,RC,1,NT,FH,0.0,0,-33.49,-26.0,[],0,0,[],[]
40490920,40491860,NA,NON,0.0,1271,AICF,NA,NA,NA,NA,0.0,0,-22.19,-7.72,[],0,0,[],[]
40491860,40492680,FEM,FAN,8.47,1271,AICF,RC,1,NT,FH,0.0,0,-31.22,-26.4,[],0,0,[],[]
40492680,40493480,NA,NON,0.0,1271,AICF,NA,NA,NA,NA,0.0,0,-17.11,-4.97,[],0,0,[],[]
40493480,40494560,FEM,FAN,6.37,1271,AICF,EC,1,NT,FH,0.0,0,-32.64,-27.58,[],0,0,[],[]
40494560,40495950,NA,SIL,0.0,1272,pause,NA,NA,NA,NA,0.0,0,-43.9,-25.73,[],0,0,[],[]
40495950,40498730,NA,NON,0.0,1272,pause,NA,NA,NA,NA,0.0,0,-30.92,-16.87,[],0,0,[],[]
40498730,40499350,NA,OLN,0.0,1272,pause,NA,NA,NA,NA,0.0,0,-33.46,-30.07,[],0,0,[],[]
40499350,40500150,NA,OLF,0.0,1272,pause,NA,NA,NA,NA,0.0,0,-38.18,-29.05,[],0,0,[],[]
40500150,40501450,FEM,FAN,7.94,1272,AICF,BC,0,NT,FI,0.0,0,-31.75,-25.98,[],0,0,[],[]
40501450,40502280,NA,NOF,0.0,1272,AICF,NA,NA,NA,NA,0.0,0,-40.6,-33.37,[],0,0,[],[]
40502280,40503320,FEM,FAN,3.53,1272,AICF,RC,0,NT,FH,0.0,0,-38.35,-29.23,[],0,0,[],[]
40503320,40505140,NA,NOF,0.0,1272,AICF,NA,NA,NA,NA,0.0,0,-38.15,-22.88,[],0,0,[],[]
40505140,40506340,FEM,FAN,4.62,1272,AICF,RC,0,TIFI,FH,0.0,0,-30.22,-24.7,[],0,0,[],[]
40506340,40507140,NA,OLN,0.0,1272,AICF,NA,NA,NA,NA,0.0,0,-27.71,-20.49,[],0,0,[],[]
40507140,40508800,CHI,CHN,0.0,1272,AICF,RC,1,TIFR,FI,1.0,1300,-16.01,-4.66,"[{'Canonical-syllable': '0', 'Growl': '1', 'High-freq-energy': '0', 'Long-island': '0', 'Low-tilt-spectrum': '3', 'Medium-island': '3', 'Short-island': '0', 'Squeal': '0', 'Typical-entropy': '3', 'Voicing-quality': '3', 'Wide-band': '0', 'Xlong-island': '0', 'seq': '1', 'end': 40508.44, 'start': 40507.14}]",0,0,[],[]
40508800,40509920,MAL,MAN,4.26,1272,AICF,RC,1,TIME,FI,0.0,0,-33.29,-25.73,[],0,0,[],[]
40509920,40510730,NA,SIL,0.0,1272,AICF,NA,NA,NA,NA,0.0,0,-45.12,-34.94,[],0,0,[],[]
40510730,40512210,NA,NOF,0.0,1272,AICF,NA,NA,NA,NA,0.0,0,-20.68,-4.85,[],0,0,[],[]
40512210,40513510,FEM,FAN,6.54,1272,AICF,RC,1,TIFI,FI,0.0,0,-33.81,-25.39,[],0,0,[],[]
40513510,40514880,CHI,CHN,0.0,1272,AICF,RC,2,TIFR,FI,2.0,820,-35.25,-28.81,"[{'Canonical-syllable': '0', 'Growl': '0', 'High-freq-energy': '0', 'Long-island': '0', 'Low-tilt-spectrum': '0', 'Medium-island': '0', 'Short-island': '1', 'Squeal': '0', 'Typical-entropy': '1', 'Voicing-quality': '1', 'Wide-band': '0', 'Xlong-island': '0', 'seq': '1', 'end': 40513.73, 'start': 40513.51}, {'Canonical-syllable': '0', 'Growl': '2', 'High-freq-energy': '0', 'Long-island': '0', 'Low-tilt-spectrum': '1', 'Medium-island': '0', 'Short-island': '2', 'Squeal': '0', 'Typical-entropy': '2', 'Voicing-quality': '2', 'Wide-band': '1', 'Xlong-island': '0', 'seq': '2', 'end': 40514.88, 'start': 40514.28}]",0,0,[],[]
40514880,40517410,NA,NOF,0.0,1272,AICF,NA,NA,NA,NA,0.0,0,-40.58,-25.54,[],0,0,[],[]
40517410,40519610,CHI,CHN,0.0,1272,AICF,RC,2,NT,FH,2.0,1370,-22.69,-11.72,"[{'Canonical-syllable': '0', 'Growl': '0', 'High-freq-energy': '0', 'Long-island': '0', 'Low-tilt-spectrum': '1', 'Medium-island': '1', 'Short-island': '0', 'Squeal': '0', 'Typical-entropy': '1', 'Voicing-quality': '1', 'Wide-band': '0', 'Xlong-island': '0', 'seq': '1', 'end': 40517.99, 'start': 40517.72}, {'Canonical-syllable': '0', 'Growl': '0', 'High-freq-energy': '0', 'Long-island': '1', 'Low-tilt-spectrum': '1', 'Medium-island': '0', 'Short-island': '0', 'Squeal': '0', 'Typical-entropy': '2', 'Voicing-quality': '1', 'Wide-band': '0', 'Xlong-island': '0', 'seq': '2', 'end': 40519.61, 'start': 40518.51}]",0,0,[],[]
40519610,40520650,CHI,CHN,0.0,1272,AICF,NA,NA,NA,NA,0.0,0,-20.93,-13.65,[],0,1040,"[{'start': 40519.61, 'end': 40520.65}]",[]
40520650,40521470,CHI,CHN,0.0,1272,AICF,NA,NA,NA,NA,0.0,0,-14.53,-5.39,[],0,820,"[{'start': 40520.65, 'end': 40521.47}]",[]
40521470,40522280,NA,OLN,0.0,1272,AICF,NA,NA,NA,NA,0.0,0,-15.48,-11.24,[],0,0,[],[]
40522280,40523350,FEM,FAN,4.81,1272,AICF,EC,2,TIFE,FI,0.0,0,-26.09,-18.81,[],0,0,[],[]
40523350,40524620,NA,OLN,0.0,1273,pause,NA,NA,NA,NA,0.0,0,-34.58,-27.72,[],0,0,[],[]
40524620,40525420,NA,NOF,0.0,1273,pause,NA,NA,NA,NA,0.0,0,-41.42,-32.98,[],0,0,[],[]
40525420,40526450,FEM,FAN,0.0,1273,pause,NA,NA,NA,NA,0.0,0,-31.46,-21.54,[],1030,0,[],[]
40526450,40528460,CHI,CHN,0.0,1273,pause,NA,NA,NA,NA,0.0,0,-18.7,-10.42,[],0,1920,"[{'start': 40526.54, 'end': 40528.46}]",[]
40528460,40529790,NA,OLN,0.0,1273,pause,NA,NA,NA,NA,0.0,0,-35.77,-23.83,[],0,0,[],[]
40529790,40530890,MAL,MAN,7.21,1273,AICM,BC,0,TIMI,FI,0.0,0,-39.0,-33.57,[],0,0,[],[]
40530890,40531550,CHI,CHN,0.0,1273,AICM,RC,1,TIMR,FI,1.0,410,-20.42,-12.81,"[{'Canonical-syllable': '1', 'Growl': '0', 'High-freq-energy': '0', 'Long-island': '0', 'Low-tilt-spectrum': '0', 'Medium-island': '1', 'Short-island': '0', 'Squeal': '0', 'Typical-entropy': '1', 'Voicing-quality': '1', 'Wide-band': '0', 'Xlong-island': '0', 'seq': '1', 'end': 40531.3, 'start': 40530.89}]",0,0,[],[]
40531550,40533140,MAL,MAN,5.21,1273,AICM,EC,1,TIME,FI,0.0,0,-35.13,-28.38,[],0,0,[],[]
40533140,40534520,NA,NOF,0.0,1274,pause,NA,NA,NA,NA,0.0,0,-42.0,-30.87,[],0,0,[],[]
40534520,40535530,NA,MAF,0.0,1274,pause,NA,NA,NA,NA,0.0,0,-43.05,-37.87,[],0,0,[],[]
40535530,40538440,NA,NOF,0.0,1274,pause,NA,NA,NA,NA,0.0,0,-42.36,-27.24,[],0,0,[],[]
40538440,40541050,CHI,CHN,0.0,1274,pause,NA,NA,NA,NA,0.0,0,-17.73,-7.25,[],0,2380,"[{'start': 40538.44, 'end': 40540.82}]",[]
40541050,40542110,NA,NOF,0.0,1274,pause,NA,NA,NA,NA,0.0,0,-28.26,-14.65,[],0,0,[],[]
40542110,40542980,NA,OLN,0.0,1274,pause,NA,NA,NA,NA,0.0,0,-26.31,-9.65,[],0,0,[],[]
40542980,40544330,CHI,CHN,0.0,1274,pause,NA,NA,NA,NA,0.0,0,-15.44,-7.97,[],0,1350,"[{'start': 40542.98, 'end': 40544.33}]",[]
40544330,40545140,NA,OLN,0.0,1274,pause,NA,NA,NA,NA,0.0,0,-23.74,-7.17,[],0,0,[],[]
40545140,40546120,NA,NOF,0.0,1274,pause,NA,NA,NA,NA,0.0,0,-33.24,-19.16,[],0,0,[],[]
40546120,40546920,CHI,CHN,0.0,1274,CM,BC,0,NT,FI,2.0,470,-21.54,-14.29,"[{'Canonical-syllable': '0', 'Growl': '0', 'High-freq-energy': '0', 'Long-island': '0', 'Low-tilt-spectrum': '0', 'Medium-island': '1', 'Short-island': '0', 'Squeal': '0', 'Typical-entropy': '1', 'Voicing-quality': '1', 'Wide-band': '0', 'Xlong-island': '0', 'seq': '1', 'end': 40546.4, 'start': 40546.12}, {'Canonical-syllable': '1', 'Growl': '0', 'High-freq-energy': '0', 'Long-island': '0', 'Low-tilt-spectrum': '1', 'Medium-island': '0', 'Short-island': '1', 'Squeal': '0', 'Typical-entropy': '1', 'Voicing-quality': '1', 'Wide-band': '0', 'Xlong-island': '0', 'seq': '2', 'end': 40546.92, 'start': 40546.73}]",0,0,[],[]
40546920,40547990,NA,OLF,0.0,1274,CM,NA,NA,NA,NA,0.0,0,-25.48,-7.27,[],0,0,[],[]
40547990,40548600,CHI,CHN,0.0,1274,CM,RC,0,NT,FH,1.0,610,-20.14,-13.38,"[{'Canonical-syllable': '1', 'Growl': '1', 'High-freq-energy': '0', 'Long-island': '0', 'Low-tilt-spectrum': '1', 'Medium-island': '1', 'Short-island': '0', 'Squeal': '0', 'Typical-entropy': '1', 'Voicing-quality': '2', 'Wide-band': '0', 'Xlong-island': '0', 'seq': '1', 'end': 40548.6, 'start': 40547.99}]",0,0,[],[]
40548600,40549400,NA,OLN,0.0,1274,CM,NA,NA,NA,NA,0.0,0,-21.75,-11.97,[],0,0,[],[]
40549400,40550000,CHI,CHN,0.0,1274,CM,EC,0,NT,FH,1.0,600,-22.02,-15.87,"[{'Canonical-syllable': '0', 'Growl': '0', 'High-freq-energy': '0', 'Long-island': '0', 'Low-tilt-spectrum': '0', 'Medium-island': '1', 'Short-island': '0', 'Squeal': '0', 'Typical-entropy': '1', 'Voicing-quality': '1', 'Wide-band': '0', 'Xlong-island': '0', 'seq': '1', 'end': 40550.0, 'start': 40549.51}]",0,0,[],[]
40550000,40552710,NA,OLN,0.0,1275,pause,NA,NA,NA,NA,0.0,0,-19.12,-1.95,[],0,0,[],[]
40552710,40553660,CHI,CHN,0.0,1275,pause,NA,NA,NA,NA,0.0,0,-15.55,-8.86,[],0,860,"[{'start': 40552.71, 'end': 40553.57}]",[]
40553660,40555480,NA,NOF,0.0,1275,pause,NA,NA,NA,NA,0.0,0,-34.03,-16.46,[],0,0,[],[]
40555480,40556280,NA,OLF,0.0,1275,pause,NA,NA,NA,NA,0.0,0,-28.16,-15.0,[],0,0,[],[]
40556280,40557130,NA,NOF,0.0,1275,pause,NA,NA,NA,NA,0.0,0,-26.25,-11.42,[],0,0,[],[]
40557130,40558130,CHI,CHN,0.0,1275,CIC,BC,0,NT,FI,2.0,590,-20.69,-14.82,"[{'Canonical-syllable': '1', 'Growl': '0', 'High-freq-energy': '0', 'Long-island': '0', 'Low-tilt-spectrum': '0', 'Medium-island': '1', 'Short-island': '0', 'Squeal': '0', 'Typical-entropy': '0', 'Voicing-quality': '1', 'Wide-band': '0', 'Xlong-island': '0', 'seq': '1', 'end': 40557.52, 'start': 40557.13}, {'Canonical-syllable': '1', 'Growl': '0', 'High-freq-energy': '0', 'Long-island': '0', 'Low-tilt-spectrum': '0', 'Medium-island': '0', 'Short-island': '1', 'Squeal': '0', 'Typical-entropy': '0', 'Voicing-quality': '1', 'Wide-band': '0', 'Xlong-island': '0', 'seq': '2', 'end': 40558.03, 'start': 40557.83}]",0,0,[],[]
40558130,40558850,CHI,CHN,0.0,1275,CIC,RC,0,NT,FH,1.0,720,-23.09,-16.39,"[{'Canonical-syllable': '0', 'Growl': '0', 'High-freq-energy': '0', 'Long-island': '0', 'Low-tilt-spectrum': '0', 'Medium-island': '1', 'Short-island': '1', 'Squeal': '0', 'Typical-entropy': '1', 'Voicing-quality': '2', 'Wide-band': '0', 'Xlong-island': '0', 'seq': '1', 'end': 40558.85, 'start': 40558.13}]",0,0,[],[]
40558850,40559670,NA,OLF,0.0,1275,CIC,NA,NA,NA,NA,0.0,0,-45.6,-34.74,[],0,0,[],[]
40559670,40561080,CHI,CHN,0.0,1275,CIC,RC,0,TIMI,FH,1.0,1200,-21.6,-12.42,"[{'Canonical-syllable': '0', 'Growl': '0', 'High-freq-energy': '0', 'Long-island': '1', 'Low-tilt-spectrum': '1', 'Medium-island': '0', 'Short-island': '2', 'Squeal': '0', 'Typical-entropy': '0', 'Voicing-quality': '3', 'Wide-band': '0', 'Xlong-island': '0', 'seq': '1', 'end': 40560.87, 'start': 40559.67}]",0,0,[],[]
40561080,40562140,NA,NOF,0.0,1275,CIC,NA,NA,NA,NA,0.0,0,-35.85,-21.03,[],0,0,[],[]
40562140,40563220,NA,OLN,0.0,1275,CIC,NA,NA,NA,NA,0.0,0,-32.56,-23.01,[],0,0,[],[]
40563220,40564400,NA,NOF,0.0,1275,CIC,NA,NA,NA,NA,0.0,0,-41.56,-30.56,[],0,0,[],[]
40564400,40565400,MAL,MAN,4.85,1275,CIC,RC,1,TIMR,FI,0.0,0,-36.77,-27.65,[],0,0,[],[]
40565400,40566380,NA,NOF,0.0,1275,CIC,NA,NA,NA,NA,0.0,0,-18.84,-8.07,[],0,0,[],[]
40566380,40567380,MAL,MAN,1.98,1275,CIC,EC,1,NT,FH,0.0,0,-38.05,-30.62,[],0,0,[],[]
40567380,40573680,NA,NOF,0.0,1276,pause,NA,NA,NA,NA,0.0,0,-44.11,-22.09,[],0,0,[],[]
40573680,40575650,CHI,CHN,0.0,1276,CM,BC,0,NT,FI,2.0,1220,-23.11,-12.52,"[{'Canonical-syllable': '0', 'Growl': '1', 'High-freq-energy': '0', 'Long-island': '0', 'Low-tilt-spectrum': '1', 'Medium-island': '1', 'Short-island': '2', 'Squeal': '0', 'Typical-entropy': '2', 'Voicing-quality': '2', 'Wide-band': '0', 'Xlong-island': '0', 'seq': '1', 'end': 40574.75, 'start': 40573.68}, {'Canonical-syllable': '1', 'Growl': '0', 'High-freq-energy': '0', 'Long-island': '0', 'Low-tilt-spectrum': '0', 'Medium-island': '0', 'Short-island': '1', 'Squeal': '0', 'Typical-entropy': '1', 'Voicing-quality': '1', 'Wide-band': '0', 'Xlong-island': '0', 'seq': '2', 'end': 40575.48, 'start': 40575.33}]",0,0,[],[]
40575650,40577050,NA,NOF,0.0,1276,CM,NA,NA,NA,NA,0.0,0,-51.52,-38.14,[],0,0,[],[]
40577050,40578270,CHI,CHN,0.0,1276,CM,EC,0,NT,FH,1.0,1220,-23.6,-17.26,"[{'Canonical-syllable': '0', 'Growl': '0', 'High-freq-energy': '0', 'Long-island': '0', 'Low-tilt-spectrum': '1', 'Medium-island': '2', 'Short-island': '0', 'Squeal': '0', 'Typical-entropy': '1', 'Voicing-quality': '2', 'Wide-band': '1', 'Xlong-island': '0', 'seq': '1', 'end': 40578.27, 'start': 40577.19}]",0,0,[],[]
40578270,40581080,NA,NOF,0.0,1277,pause,NA,NA,NA,NA,0.0,0,-38.97,-28.86,[],0,0,[],[]
40581080,40581880,NA,OLF,0.0,1277,pause,NA,NA,NA,NA,0.0,0,-32.81,-22.33,[],0,0,[],[]
40581880,40588580,NA,NOF,0.0,1277,pause,NA,NA,NA,NA,0.0,0,-21.14,-0.04,[],0,0,[],[]
40588580,40590170,NA,OLN,0.0,1277,pause,NA,NA,NA,NA,0.0,0,-17.36,-8.67,[],0,0,[],[]
40590170,40590770,CHI,CHN,0.0,1277,CIC,BC,0,NT,FI,1.0,270,-16.5,-10.61,"[{'Canonical-syllable': '1', 'Growl': '0', 'High-freq-energy': '0', 'Long-island': '0', 'Low-tilt-spectrum': '0', 'Medium-island': '0', 'Short-island': '1', 'Squeal': '0', 'Typical-entropy': '1', 'Voicing-quality': '1', 'Wide-band': '0', 'Xlong-island': '0', 'seq': '1', 'end': 40590.77, 'start': 40590.5}]",0,0,[],[]
40590770,40591570,NA,OLN,0.0,1277,CIC,NA,NA,NA,NA,0.0,0,-20.66,-8.58,[],0,0,[],[]
40591570,40592480,NA,NOF,0.0,1277,CIC,NA,NA,NA,NA,0.0,0,-38.7,-28.24,[],0,0,[],[]
40592480,40593080,CHI,CHN,0.0,1277,CIC,RC,0,NT,FH,1.0,600,-17.19,-10.77,"[{'Canonical-syllable': '2', 'Growl': '0', 'High-freq-energy': '0', 'Long-island': '0', 'Low-tilt-spectrum': '0', 'Medium-island': '0', 'Short-island': '2', 'Squeal': '0', 'Typical-entropy': '1', 'Voicing-quality': '2', 'Wide-band': '0', 'Xlong-island': '0', 'seq': '1', 'end': 40593.08, 'start': 40592.61}]",0,0,[],[]
40593080,40593880,NA,OLN,0.0,1277,CIC,NA,NA,NA,NA,0.0,0,-19.89,-6.59,[],0,0,[],[]
40593880,40594680,NA,NOF,0.0,1277,CIC,NA,NA,NA,NA,0.0,0,-12.26,-3.98,[],0,0,[],[]
40594680,40595480,NA,OLN,0.0,1277,CIC,NA,NA,NA,NA,0.0,0,-20.55,-11.17,[],0,0,[],[]
40595480,40596810,NA,NOF,0.0,1277,CIC,NA,NA,NA,NA,0.0,0,-24.19,-14.97,[],0,0,[],[]
40596810,40597430,CHI,CHN,0.0,1277,CIC,RC,0,NT,FH,1.0,620,-19.93,-13.03,"[{'Canonical-syllable': '0', 'Growl': '0', 'High-freq-energy': '0', 'Long-island': '0', 'Low-tilt-spectrum': '0', 'Medium-island': '1', 'Short-island': '0', 'Squeal': '0', 'Typical-entropy': '1', 'Voicing-quality': '1', 'Wide-band': '0', 'Xlong-island': '0', 'seq': '1', 'end': 40597.43, 'start': 40597.05}]",0,0,[],[]
40597430,40598230,NA,OLN,0.0,1277,CIC,NA,NA,NA,NA,0.0,0,-22.73,-12.71,[],0,0,[],[]
40598230,40598830,CHI,CHN,0.0,1277,CIC,RC,0,TIMI,FH,1.0,600,-20.27,-16.0,"[{'Canonical-syllable': '0', 'Growl': '0', 'High-freq-energy': '0', 'Long-island': '0', 'Low-tilt-spectrum': '0', 'Medium-island': '1', 'Short-island': '0', 'Squeal': '0', 'Typical-entropy': '1', 'Voicing-quality': '1', 'Wide-band': '0', 'Xlong-island': '0', 'seq': '1', 'end': 40598.83, 'start': 40598.23}]",0,0,[],[]
40598830,40600450,MAL,MAN,3.32,1277,CIC,RC,1,TIMR,FI,0.0,0,-31.89,-24.98,[],0,0,[],[]
40600450,40601690,CHI,CHN,0.0,1277,CIC,RC,1,TIME,FI,1.0,1240,-19.57,-12.22,"[{'Canonical-syllable': '1', 'Growl': '0', 'High-freq-energy': '0', 'Long-island': '1', 'Low-tilt-spectrum': '0', 'Medium-island': '1', 'Short-island': '0', 'Squeal': '0', 'Typical-entropy': '1', 'Voicing-quality': '2', 'Wide-band': '0', 'Xlong-island': '0', 'seq': '1', 'end': 40601.69, 'start': 40600.45}]",0,0,[],[]
40601690,40602900,CHI,CHN,0.0,1277,CIC,EC,1,NT,FH,2.0,830,-21.63,-14.42,"[{'Canonical-syllable': '0', 'Growl': '0', 'High-freq-energy': '0', 'Long-island': '0', 'Low-tilt-spectrum': '0', 'Medium-island': '1', 'Short-island': '0', 'Squeal': '0', 'Typical-entropy': '1', 'Voicing-quality': '1', 'Wide-band': '0', 'Xlong-island': '0', 'seq': '1', 'end': 40602.21, 'start': 40601.69}, {'Canonical-syllable': '0', 'Growl': '0', 'High-freq-energy': '0', 'Long-island': '0', 'Low-tilt-spectrum': '0', 'Medium-island': '1', 'Short-island': '0', 'Squeal': '0', 'Typical-entropy': '0', 'Voicing-quality': '1', 'Wide-band': '0', 'Xlong-island': '0', 'seq': '2', 'end': 40602.9, 'start': 40602.59}]",0,0,[],[]
40602900,40603900,NA,MAF,0.0,1278,pause,NA,NA,NA,NA,0.0,0,-37.7,-27.82,[],0,0,[],[]
40603900,40604880,NA,SIL,0.0,1278,pause,NA,NA,NA,NA,0.0,0,-45.55,-31.48,[],0,0,[],[]
40604880,40605680,NA,NOF,0.0,1278,pause,NA,NA,NA,NA,0.0,0,-28.69,-21.51,[],0,0,[],[]
40605680,40606480,NA,OLN,0.0,1278,pause,NA,NA,NA,NA,0.0,0,-21.76,-8.01,[],0,0,[],[]
40606480,40607540,NA,NOF,0.0,1278,pause,NA,NA,NA,NA,0.0,0,-22.12,-9.1,[],0,0,[],[]
40607540,40608340,NA,OLF,0.0,1278,pause,NA,NA,NA,NA,0.0,0,-29.55,-21.67,[],0,0,[],[]
40608340,40609900,NA,NOF,0.0,1278,pause,NA,NA,NA,NA,0.0,0,-34.59,-22.37,[],0,0,[],[]
40609900,40610500,FEM,FAN,2.97,1278,AICF,BC,0,TIFI,FI,0.0,0,-32.89,-25.63,[],0,0,[],[]
40610500,40611770,NA,SIL,0.0,1278,AICF,NA,NA,NA,NA,0.0,0,-35.02,-26.03,[],0,0,[],[]
40611770,40612730,NA,NOF,0.0,1278,AICF,NA,NA,NA,NA,0.0,0,-31.48,-21.89,[],0,0,[],[]
40612730,40613330,CHI,CHN,0.0,1278,AICF,EC,1,TIFR,FI,1.0,600,-25.73,-20.29,"[{'Canonical-syllable': '0', 'Growl': '0', 'High-freq-energy': '0', 'Long-island': '0', 'Low-tilt-spectrum': '0', 'Medium-island': '1', 'Short-island': '0', 'Squeal': '0', 'Typical-entropy': '1', 'Voicing-quality': '1', 'Wide-band': '0', 'Xlong-island': '0', 'seq': '1', 'end': 40613.33, 'start': 40612.73}]",0,0,[],[]
40613330,40614430,NA,NON,0.0,1279,pause,NA,NA,NA,NA,0.0,0,-26.1,-13.04,[],0,0,[],[]
40614430,40616950,NA,OLN,0.0,1279,pause,NA,NA,NA,NA,0.0,0,-26.11,-14.55,[],0,0,[],[]
40616950,40617850,NA,OLF,0.0,1279,pause,NA,NA,NA,NA,0.0,0,-29.92,-17.5,[],0,0,[],[]
40617850,40619210,NA,OLN,0.0,1279,pause,NA,NA,NA,NA,0.0,0,-26.92,-19.17,[],0,0,[],[]
40619210,40620430,NA,NOF,0.0,1279,pause,NA,NA,NA,NA,0.0,0,-37.03,-24.97,[],0,0,[],[]
40620430,40628200,CHI,CHN,0.0,1279,CM,BC,0,NT,FI,5.0,5690,-18.27,-5.63,"[{'Canonical-syllable': '0', 'Growl': '1', 'High-freq-energy': '0', 'Long-island': '0', 'Low-tilt-spectrum': '2', 'Medium-island': '2', 'Short-island': '2', 'Squeal': '0', 'Typical-entropy': '2', 'Voicing-quality': '4', 'Wide-band': '0', 'Xlong-island': '0', 'seq': '1', 'end': 40622.14, 'start': 40620.53}, {'Canonical-syllable': '0', 'Growl': '0', 'High-freq-energy': '0', 'Long-island': '0', 'Low-tilt-spectrum': '3', 'Medium-island': '0', 'Short-island': '3', 'Squeal': '0', 'Typical-entropy': '3', 'Voicing-quality': '4', 'Wide-band': '0', 'Xlong-island': '0', 'seq': '2', 'end': 40624.0, 'start': 40622.85}, {'Canonical-syllable': '2', 'Growl': '0', 'High-freq-energy': '0', 'Long-island': '1', 'Low-tilt-spectrum': '1', 'Medium-island': '0', 'Short-island': '3', 'Squeal': '0', 'Typical-entropy': '3', 'Voicing-quality': '4', 'Wide-band': '0', 'Xlong-island': '0', 'seq': '3', 'end': 40626.11, 'start': 40624.49}, {'Canonical-syllable': '0', 'Growl': '0', 'High-freq-energy': '0', 'Long-island': '0', 'Low-tilt-spectrum': '0', 'Medium-island': '0', 'Short-island': '1', 'Squeal': '0', 'Typical-entropy': '1', 'Voicing-quality': '1', 'Wide-band': '1', 'Xlong-island': '0', 'seq': '4', 'end': 40626.66, 'start': 40626.52}, {'Canonical-syllable': '2', 'Growl': '0', 'High-freq-energy': '0', 'Long-island': '0', 'Low-tilt-spectrum': '3', 'Medium-island': '0', 'Short-island': '3', 'Squeal': '0', 'Typical-entropy': '3', 'Voicing-quality': '4', 'Wide-band': '0', 'Xlong-island': '0', 'seq': '5', 'end': 40628.2, 'start': 40627.13}]",0,0,[],[]
40628200,40629200,CHI,CHN,0.0,1279,CM,RC,0,NT,FH,2.0,440,-18.55,-3.81,"[{'Canonical-syllable': '0', 'Growl': '0', 'High-freq-energy': '0', 'Long-island': '0', 'Low-tilt-spectrum': '1', 'Medium-island': '1', 'Short-island': '0', 'Squeal': '0', 'Typical-entropy': '0', 'Voicing-quality': '1', 'Wide-band': '0', 'Xlong-island': '0', 'seq': '1', 'end': 40628.54, 'start': 40628.2}, {'Canonical-syllable': '0', 'Growl': '0', 'High-freq-energy': '0', 'Long-island': '0', 'Low-tilt-spectrum': '0', 'Medium-island': '0', 'Short-island': '0', 'Squeal': '0', 'Typical-entropy': '0', 'Voicing-quality': '0', 'Wide-band': '0', 'Xlong-island': '0', 'seq': '2', 'end': 40629.2, 'start': 40629.1}]",0,0,[],[]
40629200,40630300,CHI,CHN,0.0,1279,CM,RC,0,NT,FH,1.0,1100,-14.76,-3.89,"[{'Canonical-syllable': '2', 'Growl': '0', 'High-freq-energy': '0', 'Long-island': '0', 'Low-tilt-spectrum': '2', 'Medium-island': '1', 'Short-island': '2', 'Squeal': '0', 'Typical-entropy': '2', 'Voicing-quality': '3', 'Wide-band': '0', 'Xlong-island': '0', 'seq': '1', 'end': 40630.3, 'start': 40629.2}]",0,0,[],[]
40630300,40631370,CHI,CHN,0.0,1279,CM,RC,0,NT,FH,2.0,640,-24.04,-15.35,"[{'Canonical-syllable': '0', 'Growl': '0', 'High-freq-energy': '0', 'Long-island': '0', 'Low-tilt-spectrum': '1', 'Medium-island': '0', 'Short-island': '1', 'Squeal': '0', 'Typical-entropy': '0', 'Voicing-quality': '1', 'Wide-band': '0', 'Xlong-island': '0', 'seq': '1', 'end': 40630.77, 'start': 40630.57}, {'Canonical-syllable': '1', 'Growl': '0', 'High-freq-energy': '0', 'Long-island': '0', 'Low-tilt-spectrum': '0', 'Medium-island': '0', 'Short-island': '1', 'Squeal': '0', 'Typical-entropy': '1', 'Voicing-quality': '1', 'Wide-band': '0', 'Xlong-island': '0', 'seq': '2', 'end': 40631.28, 'start': 40631.11}]",0,0,[],[]
40631370,40632570,CHI,CHN,0.0,1279,CM,RC,0,NT,FH,1.0,1000,-17.75,-8.84,"[{'Canonical-syllable': '0', 'Growl': '0', 'High-freq-energy': '0', 'Long-island': '0', 'Low-tilt-spectrum': '1', 'Medium-island': '2', 'Short-island': '1', 'Squeal': '0', 'Typical-entropy': '2', 'Voicing-quality': '3', 'Wide-band': '0', 'Xlong-island': '0', 'seq': '1', 'end': 40632.37, 'start': 40631.37}]",0,0,[],[]
40632570,40633380,NA,NOF,0.0,1279,CM,NA,NA,NA,NA,0.0,0,-36.97,-32.39,[],0,0,[],[]
40633380,40637370,NA,OLN,0.0,1279,CM,NA,NA,NA,NA,0.0,0,-17.17,-6.42,[],0,0,[],[]
40637370,40637970,CHI,CHN,0.0,1279,CM,RC,0,NT,FH,1.0,360,-15.95,-6.23,"[{'Canonical-syllable': '0', 'Growl': '0', 'High-freq-energy': '0', 'Long-island': '0', 'Low-tilt-spectrum': '1', 'Medium-island': '1', 'Short-island': '0', 'Squeal': '0', 'Typical-entropy': '1', 'Voicing-quality': '1', 'Wide-band': '0', 'Xlong-island': '0', 'seq': '1', 'end': 40637.73, 'start': 40637.37}]",0,0,[],[]
40637970,40638810,NA,NOF,0.0,1279,CM,NA,NA,NA,NA,0.0,0,-23.46,-8.67,[],0,0,[],[]
40638810,40639410,CHI,CHN,0.0,1279,CM,NA,NA,NA,NA,0.0,0,-23.31,-12.32,[],0,240,"[{'start': 40639.08, 'end': 40639.32}]",[]
40639410,40640610,NA,OLF,0.0,1279,CM,NA,NA,NA,NA,0.0,0,-21.65,-7.01,[],0,0,[],[]
40640610,40642100,NA,NOF,0.0,1279,CM,NA,NA,NA,NA,0.0,0,-36.47,-18.79,[],0,0,[],[]
40642100,40643970,CHI,CHN,0.0,1279,CM,RC,0,NT,FH,2.0,1250,-19.81,-7.6,"[{'Canonical-syllable': '1', 'Growl': '0', 'High-freq-energy': '0', 'Long-island': '0', 'Low-tilt-spectrum': '1', 'Medium-island': '1', 'Short-island': '0', 'Squeal': '0', 'Typical-entropy': '1', 'Voicing-quality': '1', 'Wide-band': '0', 'Xlong-island': '0', 'seq': '1', 'end': 40642.39, 'start': 40642.1}, {'Canonical-syllable': '0', 'Growl': '0', 'High-freq-energy': '0', 'Long-island': '0', 'Low-tilt-spectrum': '1', 'Medium-island': '2', 'Short-island': '1', 'Squeal': '0', 'Typical-entropy': '3', 'Voicing-quality': '3', 'Wide-band': '0', 'Xlong-island': '0', 'seq': '2', 'end': 40643.73, 'start': 40642.77}]",0,0,[],[]
40643970,40644910,NA,NOF,0.0,1279,CM,NA,NA,NA,NA,0.0,0,-37.41,-28.97,[],0,0,[],[]
40644910,40647310,CHI,CHN,0.0,1279,CM,EC,0,NT,FH,1.0,2290,-18.2,-7.96,"[{'Canonical-syllable': '2', 'Growl': '0', 'High-freq-energy': '1', 'Long-island': '0', 'Low-tilt-spectrum': '4', 'Medium-island': '3', 'Short-island': '3', 'Squeal': '0', 'Typical-entropy': '5', 'Voicing-quality': '5', 'Wide-band': '0', 'Xlong-island': '0', 'seq': '1', 'end': 40647.2, 'start': 40644.91}]",0,0,[],[]
40647310,40648110,NA,NOF,0.0,1280,pause,NA,NA,NA,NA,0.0,0,-41.22,-31.21,[],0,0,[],[]
40648110,40649630,NA,SIL,0.0,1280,pause,NA,NA,NA,NA,0.0,0,-60.58,-51.85,[],0,0,[],[]
40649630,40651570,CHI,CHN,0.0,1280,pause,NA,NA,NA,NA,0.0,0,-14.27,-3.21,[],0,1270,"[{'start': 40649.82, 'end': 40650.12}, {'start': 40650.36, 'end': 40651.33}]",[]
40651570,40652410,NA,NOF,0.0,1280,pause,NA,NA,NA,NA,0.0,0,-38.94,-30.48,[],0,0,[],[]
40652410,40654070,CHI,CHN,0.0,1280,CM,BC,0,NT,FI,1.0,1560,-17.83,-7.88,"[{'Canonical-syllable': '0', 'Growl': '0', 'High-freq-energy': '1', 'Long-island': '0', 'Low-tilt-spectrum': '3', 'Medium-island': '1', 'Short-island': '3', 'Squeal': '0', 'Typical-entropy': '5', 'Voicing-quality': '4', 'Wide-band': '0', 'Xlong-island': '0', 'seq': '1', 'end': 40653.97, 'start': 40652.41}]",0,0,[],[]
40654070,40655030,NA,CHF,0.0,1280,CM,NA,NA,NA,NA,0.0,0,-40.16,-35.67,[],0,960,[],"[{'start': 40654.07, 'end': 40655.03}]"
40655030,40657270,CHI,CHN,0.0,1280,CM,RC,0,NT,FH,1.0,1570,-18.14,-6.94,"[{'Canonical-syllable': '1', 'Growl': '0', 'High-freq-energy': '0', 'Long-island': '0', 'Low-tilt-spectrum': '3', 'Medium-island': '2', 'Short-island': '3', 'Squeal': '0', 'Typical-entropy': '5', 'Voicing-quality': '5', 'Wide-band': '0', 'Xlong-island': '0', 'seq': '1', 'end': 40656.6, 'start': 40655.03}]",0,0,[],[]
40657270,40658180,NA,SIL,0.0,1280,CM,NA,NA,NA,NA,0.0,0,-48.77,-46.59,[],0,0,[],[]
40658180,40658980,NA,MAF,0.0,1280,CM,NA,NA,NA,NA,0.0,0,-48.19,-43.01,[],0,0,[],[]
40658980,40659780,NA,SIL,0.0,1280,CM,NA,NA,NA,NA,0.0,0,-48.3,-37.0,[],0,0,[],[]
40659780,40661280,CHI,CHN,0.0,1280,CM,EC,0,NT,FH,1.0,1410,-19.33,-11.62,"[{'Canonical-syllable': '1', 'Growl': '0', 'High-freq-energy': '0', 'Long-island': '1', 'Low-tilt-spectrum': '0', 'Medium-island': '0', 'Short-island': '2', 'Squeal': '0', 'Typical-entropy': '2', 'Voicing-quality': '3', 'Wide-band': '0', 'Xlong-island': '0', 'seq': '1', 'end': 40661.19, 'start': 40659.78}]",0,0,[],[]
40661280,40662380,NA,SIL,0.0,1281,pause,NA,NA,NA,NA,0.0,0,-52.53,-44.5,[],0,0,[],[]
40662380,40663220,NA,MAF,0.0,1281,pause,NA,NA,NA,NA,0.0,0,-48.34,-33.41,[],0,0,[],[]
40663220,40664080,NA,SIL,0.0,1281,pause,NA,NA,NA,NA,0.0,0,-51.31,-41.46,[],0,0,[],[]
40664080,40664850,CHI,CHN,0.0,1281,pause,NA,NA,NA,NA,0.0,0,-16.91,-10.68,[],0,770,"[{'start': 40664.08, 'end': 40664.85}]",[]
40664850,40665850,CHI,CHN,0.0,1281,pause,NA,NA,NA,NA,0.0,0,-21.45,-11.02,[],0,1000,"[{'start': 40664.85, 'end': 40665.85}]",[]
40665850,40666650,NA,NOF,0.0,1281,pause,NA,NA,NA,NA,0.0,0,-47.52,-37.7,[],0,0,[],[]
40666650,40667500,NA,SIL,0.0,1281,pause,NA,NA,NA,NA,0.0,0,-57.01,-50.87,[],0,0,[],[]
40667500,40672560,CHI,CHN,0.0,1281,pause,NA,NA,NA,NA,0.0,0,-17.14,-4.84,[],0,4580,"[{'start': 40667.65, 'end': 40672.23}]",[]
40672560,40676300,NA,NOF,0.0,1281,pause,NA,NA,NA,NA,0.0,0,-37.6,-17.72,[],0,0,[],[]
40676300,40677160,NA,SIL,0.0,1281,pause,NA,NA,NA,NA,0.0,0,-55.41,-51.5,[],0,0,[],[]
40677160,40678730,CHI,CHN,0.0,1281,CIOCX,BC,0,NT,FI,1.0,1400,-22.69,-11.35,"[{'Canonical-syllable': '1', 'Growl': '0', 'High-freq-energy': '0', 'Long-island': '0', 'Low-tilt-spectrum': '0', 'Medium-island': '1', 'Short-island': '3', 'Squeal': '0', 'Typical-entropy': '1', 'Voicing-quality': '5', 'Wide-band': '0', 'Xlong-island': '0', 'seq': '1', 'end': 40678.56, 'start': 40677.16}]",0,0,[],[]
40678730,40680540,NA,SIL,0.0,1281,CIOCX,NA,NA,NA,NA,0.0,0,-56.92,-47.14,[],0,0,[],[]
40680540,40682040,CHI,CHN,0.0,1281,CIOCX,RC,0,NT,FH,1.0,1500,-18.54,-8.81,"[{'Canonical-syllable': '0', 'Growl': '0', 'High-freq-energy': '0', 'Long-island': '0', 'Low-tilt-spectrum': '3', 'Medium-island': '1', 'Short-island': '3', 'Squeal': '0', 'Typical-entropy': '3', 'Voicing-quality': '4', 'Wide-band': '0', 'Xlong-island': '0', 'seq': '1', 'end': 40682.04, 'start': 40680.66}]",0,0,[],[]
40682040,40682840,NA,OLN,0.0,1281,CIOCX,NA,NA,NA,NA,0.0,0,-19.44,-3.24,[],0,0,[],[]
40682840,40684190,CHI,CHN,0.0,1281,CIOCX,RC,0,NT,FH,1.0,1350,-21.94,-15.55,"[{'Canonical-syllable': '0', 'Growl': '0', 'High-freq-energy': '0', 'Long-island': '1', 'Low-tilt-spectrum': '0', 'Medium-island': '1', 'Short-island': '1', 'Squeal': '0', 'Typical-entropy': '3', 'Voicing-quality': '3', 'Wide-band': '0', 'Xlong-island': '0', 'seq': '1', 'end': 40684.19, 'start': 40682.92}]",0,0,[],[]
40684190,40685190,OCH,CXN,0.0,1281,CIOCX,EC,0,NT,FI,0.0,0,-28.6,-13.26,[],0,0,[],[]
40685190,40686690,NA,MAF,0.0,1282,pause,NA,NA,NA,NA,0.0,0,-39.68,-31.01,[],0,0,[],[]
40686690,40687640,NA,SIL,0.0,1282,pause,NA,NA,NA,NA,0.0,0,-54.55,-44.55,[],0,0,[],[]
40687640,40688680,NA,MAF,0.0,1282,pause,NA,NA,NA,NA,0.0,0,-42.24,-30.33,[],0,0,[],[]
40688680,40689600,NA,SIL,0.0,1282,pause,NA,NA,NA,NA,0.0,0,-53.37,-45.18,[],0,0,[],[]
40689600,40690410,NA,NOF,0.0,1282,pause,NA,NA,NA,NA,0.0,0,-47.1,-37.88,[],0,0,[],[]
40690410,40691410,NA,MAF,0.0,1282,pause,NA,NA,NA,NA,0.0,0,-40.73,-33.61,[],0,0,[],[]
40691410,40693000,NA,SIL,0.0,1282,pause,NA,NA,NA,NA,0.0,0,-55.22,-43.52,[],0,0,[],[]
40693000,40694260,CHI,CHN,0.0,1282,CIC,BC,0,TIFI,FI,1.0,930,-20.79,-12.47,"[{'Canonical-syllable': '0', 'Growl': '0', 'High-freq-energy': '0', 'Long-island': '1', 'Low-tilt-spectrum': '0', 'Medium-island': '0', 'Short-island': '0', 'Squeal': '0', 'Typical-entropy': '0', 'Voicing-quality': '1', 'Wide-band': '0', 'Xlong-island': '0', 'seq': '1', 'end': 40693.93, 'start': 40693.0}]",0,0,[],[]
40694260,40695400,FEM,FAN,4.66,1282,CIC,RC,1,TIFR,FI,0.0,0,-21.03,-10.75,[],0,0,[],[]
40695400,40696320,CHI,CHN,0.0,1282,CIC,RC,1,TIMI,FI,2.0,380,-30.43,-19.16,"[{'Canonical-syllable': '1', 'Growl': '0', 'High-freq-energy': '0', 'Long-island': '0', 'Low-tilt-spectrum': '0', 'Medium-island': '0', 'Short-island': '1', 'Squeal': '0', 'Typical-entropy': '1', 'Voicing-quality': '1', 'Wide-band': '0', 'Xlong-island': '0', 'seq': '1', 'end': 40695.53, 'start': 40695.4}, {'Canonical-syllable': '0', 'Growl': '0', 'High-freq-energy': '0', 'Long-island': '0', 'Low-tilt-spectrum': '1', 'Medium-island': '0', 'Short-island': '1', 'Squeal': '0', 'Typical-entropy': '0', 'Voicing-quality': '1', 'Wide-band': '0', 'Xlong-island': '0', 'seq': '2', 'end': 40696.32, 'start': 40696.07}]",0,0,[],[]
40696320,40698310,MAL,MAN,5.99,1282,CIC,RC,2,TIMR,FI,0.0,0,-40.04,-28.1,[],0,0,[],[]
40698310,40699640,NA,NOF,0.0,1282,CIC,NA,NA,NA,NA,0.0,0,-48.68,-34.59,[],0,0,[],[]
40699640,40700720,CHI,CHN,0.0,1282,CIC,RC,2,TIME,FI,1.0,970,-22.63,-14.39,"[{'Canonical-syllable': '0', 'Growl': '0', 'High-freq-energy': '0', 'Long-island': '0', 'Low-tilt-spectrum': '0', 'Medium-island': '2', 'Short-island': '0', 'Squeal': '0', 'Typical-entropy': '0', 'Voicing-quality': '2', 'Wide-band': '0', 'Xlong-island': '0', 'seq': '1', 'end': 40700.61, 'start': 40699.64}]",0,0,[],[]
40700720,40701910,CHI,CHN,0.0,1282,CIC,RC,2,NT,FH,1.0,1190,-19.91,-15.37,"[{'Canonical-syllable': '0', 'Growl': '0', 'High-freq-energy': '0', 'Long-island': '1', 'Low-tilt-spectrum': '1', 'Medium-island': '0', 'Short-island': '1', 'Squeal': '0', 'Typical-entropy': '1', 'Voicing-quality': '2', 'Wide-band': '0', 'Xlong-island': '0', 'seq': '1', 'end': 40701.91, 'start': 40700.72}]",0,0,[],[]
40701910,40704430,NA,NON,0.0,1282,CIC,NA,NA,NA,NA,0.0,0,-20.84,-3.4,[],0,0,[],[]
40704430,40705300,NA,OLN,0.0,1282,CIC,NA,NA,NA,NA,0.0,0,-22.34,-9.82,[],0,0,[],[]
40705300,40705900,CHI,CHN,0.0,1282,CIC,RC,2,NT,FH,1.0,600,-22.97,-17.59,"[{'Canonical-syllable': '0', 'Growl': '0', 'High-freq-energy': '0', 'Long-island': '0', 'Low-tilt-spectrum': '0', 'Medium-island': '1', 'Short-island': '0', 'Squeal': '0', 'Typical-entropy': '0', 'Voicing-quality': '1', 'Wide-band': '0', 'Xlong-island': '0', 'seq': '1', 'end': 40705.9, 'start': 40705.48}]",0,0,[],[]
40705900,40707280,NA,NOF,0.0,1282,CIC,NA,NA,NA,NA,0.0,0,-49.9,-39.51,[],0,0,[],[]
40707280,40707890,CHI,CHN,0.0,1282,CIC,RC,2,NT,FH,1.0,610,-15.83,-12.53,"[{'Canonical-syllable': '0', 'Growl': '0', 'High-freq-energy': '0', 'Long-island': '0', 'Low-tilt-spectrum': '0', 'Medium-island': '1', 'Short-island': '0', 'Squeal': '0', 'Typical-entropy': '0', 'Voicing-quality': '1', 'Wide-band': '0', 'Xlong-island': '0', 'seq': '1', 'end': 40707.89, 'start': 40707.4}]",0,0,[],[]
40707890,40708930,OCH,CXN,0.0,1282,CIC,RC,2,NT,FI,0.0,0,-19.06,-10.43,[],0,0,[],[]
40708930,40710110,NA,OLF,0.0,1282,CIC,NA,NA,NA,NA,0.0,0,-18.81,-9.57,[],0,0,[],[]
40710110,40710920,NA,NOF,0.0,1282,CIC,NA,NA,NA,NA,0.0,0,-19.63,-5.56,[],0,0,[],[]
40710920,40711980,NA,OLF,0.0,1282,CIC,NA,NA,NA,NA,0.0,0,-33.62,-22.92,[],0,0,[],[]
40711980,40714080,CHI,CHN,0.0,1282,CIC,RC,2,TIMI,FI,1.0,1460,-19.17,-4.5,"[{'Canonical-syllable': '1', 'Growl': '0', 'High-freq-energy': '0', 'Long-island': '1', 'Low-tilt-spectrum': '3', 'Medium-island': '1', 'Short-island': '1', 'Squeal': '0', 'Typical-entropy': '3', 'Voicing-quality': '3', 'Wide-band': '0', 'Xlong-island': '0', 'seq': '1', 'end': 40713.87, 'start': 40712.41}]",0,0,[],[]
40714080,40714880,NA,NON,0.0,1282,CIC,NA,NA,NA,NA,0.0,0,-38.1,-29.88,[],0,0,[],[]
40714880,40715890,MAL,MAN,3.43,1282,CIC,RC,3,TIMR,FI,0.0,0,-34.18,-20.14,[],0,0,[],[]
40715890,40717130,CHI,CHN,0.0,1282,CIC,RC,3,TIME,FI,1.0,1120,-21.01,-12.34,"[{'Canonical-syllable': '1', 'Growl': '0', 'High-freq-energy': '0', 'Long-island': '0', 'Low-tilt-spectrum': '2', 'Medium-island': '1', 'Short-island': '2', 'Squeal': '0', 'Typical-entropy': '1', 'Voicing-quality': '3', 'Wide-band': '0', 'Xlong-island': '0', 'seq': '1', 'end': 40717.01, 'start': 40715.89}]",0,0,[],[]
40717130,40718330,NA,OLN,0.0,1282,CIC,NA,NA,NA,NA,0.0,0,-22.75,-9.17,[],0,0,[],[]
40718330,40719140,CHI,CHN,0.0,1282,CIC,RC,3,NT,FH,1.0,810,-16.49,-9.59,"[{'Canonical-syllable': '0', 'Growl': '1', 'High-freq-energy': '0', 'Long-island': '0', 'Low-tilt-spectrum': '0', 'Medium-island': '1', 'Short-island': '1', 'Squeal': '0', 'Typical-entropy': '0', 'Voicing-quality': '2', 'Wide-band': '0', 'Xlong-island': '0', 'seq': '1', 'end': 40719.14, 'start': 40718.33}]",0,0,[],[]
40719140,40720150,CHI,CHN,0.0,1282,CIC,RC,3,NT,FH,1.0,920,-17.74,-10.9,"[{'Canonical-syllable': '2', 'Growl': '0', 'High-freq-energy': '0', 'Long-island': '0', 'Low-tilt-spectrum': '1', 'Medium-island': '2', 'Short-island': '0', 'Squeal': '0', 'Typical-entropy': '1', 'Voicing-quality': '2', 'Wide-band': '0', 'Xlong-island': '0', 'seq': '1', 'end': 40720.06, 'start': 40719.14}]",0,0,[],[]
40720150,40721200,CHI,CHN,0.0,1282,CIC,RC,3,NT,FH,1.0,1050,-15.92,-7.59,"[{'Canonical-syllable': '0', 'Growl': '0', 'High-freq-energy': '0', 'Long-island': '1', 'Low-tilt-spectrum': '0', 'Medium-island': '0', 'Short-island': '0', 'Squeal': '0', 'Typical-entropy': '0', 'Voicing-quality': '1', 'Wide-band': '0', 'Xlong-island': '0', 'seq': '1', 'end': 40721.2, 'start': 40720.37}]",0,0,[],[]
40721200,40722170,NA,OLN,0.0,1282,CIC,NA,NA,NA,NA,0.0,0,-20.93,-11.08,[],0,0,[],[]
40722170,40723140,NA,NOF,0.0,1282,CIC,NA,NA,NA,NA,0.0,0,-32.83,-20.15,[],0,0,[],[]
40723140,40723850,CHI,CHN,0.0,1282,CIC,RC,3,NT,FH,1.0,710,-19.17,-14.3,"[{'Canonical-syllable': '2', 'Growl': '0', 'High-freq-energy': '0', 'Long-island': '0', 'Low-tilt-spectrum': '0', 'Medium-island': '1', 'Short-island': '1', 'Squeal': '0', 'Typical-entropy': '1', 'Voicing-quality': '2', 'Wide-band': '0', 'Xlong-island': '0', 'seq': '1', 'end': 40723.85, 'start': 40723.14}]",0,0,[],[]
40723850,40724650,NA,OLN,0.0,1282,CIC,NA,NA,NA,NA,0.0,0,-28.14,-21.07,[],0,0,[],[]
40724650,40725450,NA,NOF,0.0,1282,CIC,NA,NA,NA,NA,0.0,0,-19.84,-3.65,[],0,0,[],[]
40725450,40726470,NA,OLN,0.0,1282,CIC,NA,NA,NA,NA,0.0,0,-28.2,-17.96,[],0,0,[],[]
40726470,40727670,NA,OLF,0.0,1282,CIC,NA,NA,NA,NA,0.0,0,-32.21,-18.85,[],0,0,[],[]
40727670,40728630,OCH,CXN,0.0,1282,CIC,EC,3,NT,FI,0.0,0,-18.98,-14.16,[],0,0,[],[]
40728630,40729650,NA,NOF,0.0,1283,pause,NA,NA,NA,NA,0.0,0,-41.09,-30.27,[],0,0,[],[]
40729650,40730450,NA,OLF,0.0,1283,pause,NA,NA,NA,NA,0.0,0,-41.26,-36.58,[],0,0,[],[]
40730450,40731250,NA,NOF,0.0,1283,pause,NA,NA,NA,NA,0.0,0,-46.93,-38.7,[],0,0,[],[]
40731250,40732250,NA,FAF,0.0,1283,pause,NA,NA,NA,NA,0.0,0,-40.2,-32.84,[],0,0,[],[]
40732250,40733160,NA,NOF,0.0,1283,pause,NA,NA,NA,NA,0.0,0,-38.66,-26.18,[],0,0,[],[]
40733160,40734040,CHI,CHN,0.0,1283,pause,NA,NA,NA,NA,0.0,0,-18.98,-9.68,[],0,750,"[{'start': 40733.29, 'end': 40734.04}]",[]
40734040,40735100,OCH,CXN,0.0,1283,XIC,BC,0,NT,FI,0.0,0,-24.48,-14.95,[],0,0,[],[]
40735100,40735700,CHI,CHN,0.0,1283,XIC,RC,0,TIMI,FI,1.0,600,-14.86,-7.68,"[{'Canonical-syllable': '0', 'Growl': '0', 'High-freq-energy': '0', 'Long-island': '0', 'Low-tilt-spectrum': '1', 'Medium-island': '1', 'Short-island': '0', 'Squeal': '0', 'Typical-entropy': '1', 'Voicing-quality': '1', 'Wide-band': '0', 'Xlong-island': '0', 'seq': '1', 'end': 40735.7, 'start': 40735.1}]",0,0,[],[]
40735700,40736500,NA,OLN,0.0,1283,XIC,NA,NA,NA,NA,0.0,0,-18.7,-13.1,[],0,0,[],[]
40736500,40737510,MAL,MAN,6.64,1283,XIC,RC,1,TIMR,FI,0.0,0,-29.26,-22.97,[],0,0,[],[]
40737510,40738580,CHI,CHN,0.0,1283,XIC,RC,1,TIME,FI,1.0,920,-18.34,-13.44,"[{'Canonical-syllable': '0', 'Growl': '0', 'High-freq-energy': '0', 'Long-island': '1', 'Low-tilt-spectrum': '1', 'Medium-island': '0', 'Short-island': '0', 'Squeal': '0', 'Typical-entropy': '1', 'Voicing-quality': '1', 'Wide-band': '0', 'Xlong-island': '0', 'seq': '1', 'end': 40738.43, 'start': 40737.6}]",0,0,[],[]
40738580,40739580,NA,SIL,0.0,1283,XIC,NA,NA,NA,NA,0.0,0,-53.19,-46.44,[],0,0,[],[]
40739580,40740430,CHI,CHN,0.0,1283,XIC,RC,1,TIMI,FH,1.0,850,-18.17,-14.63,"[{'Canonical-syllable': '0', 'Growl': '0', 'High-freq-energy': '0', 'Long-island': '1', 'Low-tilt-spectrum': '0', 'Medium-island': '0', 'Short-island': '0', 'Squeal': '0', 'Typical-entropy': '0', 'Voicing-quality': '1', 'Wide-band': '0', 'Xlong-island': '0', 'seq': '1', 'end': 40740.43, 'start': 40739.7}]",0,0,[],[]
40740430,40742390,MAL,MAN,8.19,1283,XIC,RC,2,TIMR,FI,0.0,0,-31.21,-19.42,[],0,0,[],[]
40742390,40743190,NA,SIL,0.0,1283,XIC,NA,NA,NA,NA,0.0,0,-44.38,-36.17,[],0,0,[],[]
40743190,40747420,MAL,MAN,15.29,1283,XIC,RC,2,NT,FH,0.0,0,-30.12,-20.25,[],0,0,[],[]
40747420,40748220,NA,SIL,0.0,1283,XIC,NA,NA,NA,NA,0.0,0,-44.57,-32.02,[],0,0,[],[]
40748220,40749640,MAL,MAN,5.75,1283,XIC,RC,2,NT,FH,0.0,0,-30.28,-25.43,[],0,0,[],[]
40749640,40750440,NA,SIL,0.0,1283,XIC,NA,NA,NA,NA,0.0,0,-41.64,-29.56,[],0,0,[],[]
40750440,40751880,MAL,MAN,6.95,1283,XIC,RC,2,NT,FH,0.0,0,-29.58,-24.97,[],0,0,[],[]
40751880,40753020,OCH,CXN,0.0,1283,XIC,RC,2,NT,FI,0.0,0,-27.56,-19.85,[],0,0,[],[]
40753020,40756300,MAL,MAN,13.52,1283,XIC,RC,2,NT,FI,0.0,0,-29.77,-21.27,[],0,0,[],[]
40756300,40757340,FEM,FAN,6.78,1283,XIC,RC,2,TIFI,FI,0.0,0,-17.03,-10.9,[],0,0,[],[]
40757340,40759000,NA,OLN,0.0,1283,XIC,NA,NA,NA,NA,0.0,0,-16.33,-3.59,[],0,0,[],[]
40759000,40760220,CHI,CHN,0.0,1283,XIC,RC,3,TIFR,FI,1.0,1220,-17.43,-9.12,"[{'Canonical-syllable': '1', 'Growl': '0', 'High-freq-energy': '0', 'Long-island': '0', 'Low-tilt-spectrum': '0', 'Medium-island': '2', 'Short-island': '0', 'Squeal': '0', 'Typical-entropy': '1', 'Voicing-quality': '2', 'Wide-band': '0', 'Xlong-island': '0', 'seq': '1', 'end': 40760.22, 'start': 40759.0}]",0,0,[],[]
40760220,40761500,NA,NOF,0.0,1283,XIC,NA,NA,NA,NA,0.0,0,-26.3,-13.1,[],0,0,[],[]
40761500,40762500,CHI,CHN,0.0,1283,XIC,RC,3,NT,FH,1.0,340,-23.5,-11.88,"[{'Canonical-syllable': '0', 'Growl': '0', 'High-freq-energy': '0', 'Long-island': '0', 'Low-tilt-spectrum': '1', 'Medium-island': '1', 'Short-island': '0', 'Squeal': '0', 'Typical-entropy': '1', 'Voicing-quality': '1', 'Wide-band': '0', 'Xlong-island': '0', 'seq': '1', 'end': 40762.24, 'start': 40761.9}]",0,0,[],[]
40762500,40763930,NA,OLN,0.0,1283,XIC,NA,NA,NA,NA,0.0,0,-30.43,-17.11,[],0,0,[],[]
40763930,40765240,NA,NOF,0.0,1283,XIC,NA,NA,NA,NA,0.0,0,-40.23,-32.94,[],0,0,[],[]
40765240,40765890,CHI,CHN,0.0,1283,XIC,RC,3,NT,FH,1.0,650,-15.75,-11.83,"[{'Canonical-syllable': '1', 'Growl': '0', 'High-freq-energy': '0', 'Long-island': '0', 'Low-tilt-spectrum': '0', 'Medium-island': '1', 'Short-island': '0', 'Squeal': '0', 'Typical-entropy': '0', 'Voicing-quality': '1', 'Wide-band': '0', 'Xlong-island': '0', 'seq': '1', 'end': 40765.89, 'start': 40765.24}]",0,0,[],[]
40765890,40766690,NA,NOF,0.0,1283,XIC,NA,NA,NA,NA,0.0,0,-32.58,-17.98,[],0,0,[],[]
40766690,40768020,NA,OLN,0.0,1283,XIC,NA,NA,NA,NA,0.0,0,-20.69,-7.41,[],0,0,[],[]
40768020,40769020,NA,FAF,0.0,1283,XIC,NA,NA,NA,NA,0.0,0,-22.04,-4.91,[],0,0,[],[]
40769020,40769620,CHI,CHN,0.0,1283,XIC,RC,3,NT,FH,1.0,600,-15.17,-9.81,"[{'Canonical-syllable': '0', 'Growl': '0', 'High-freq-energy': '0', 'Long-island': '0', 'Low-tilt-spectrum': '0', 'Medium-island': '1', 'Short-island': '0', 'Squeal': '0', 'Typical-entropy': '0', 'Voicing-quality': '1', 'Wide-band': '0', 'Xlong-island': '0', 'seq': '1', 'end': 40769.62, 'start': 40769.15}]",0,0,[],[]
40769620,40770620,FEM,FAN,6.74,1283,XIC,RC,3,TIFI,FI,0.0,0,-22.5,-17.38,[],0,0,[],[]
40770620,40771470,CHI,CHN,0.0,1283,XIC,RC,4,TIFR,FI,1.0,850,-18.87,-15.75,"[{'Canonical-syllable': '0', 'Growl': '0', 'High-freq-energy': '0', 'Long-island': '1', 'Low-tilt-spectrum': '0', 'Medium-island': '0', 'Short-island': '0', 'Squeal': '0', 'Typical-entropy': '0', 'Voicing-quality': '1', 'Wide-band': '0', 'Xlong-island': '0', 'seq': '1', 'end': 40771.47, 'start': 40770.62}]",0,0,[],[]
40771470,40772350,NA,OLF,0.0,1283,XIC,NA,NA,NA,NA,0.0,0,-36.35,-27.49,[],0,0,[],[]
40772350,40773820,FEM,FAN,6.5,1283,XIC,RC,4,TIFE,FI,0.0,0,-31.42,-24.09,[],0,0,[],[]
40773820,40774620,NA,OLN,0.0,1283,XIC,NA,NA,NA,NA,0.0,0,-31.4,-20.98,[],0,0,[],[]
40774620,40776050,FEM,FAN,9.56,1283,XIC,RC,4,NT,FH,0.0,0,-33.6,-26.46,[],0,0,[],[]
40776050,40777070,MAL,MAN,6.21,1283,XIC,EC,4,NT,FI,0.0,0,-37.82,-32.49,[],0,0,[],[]
40777070,40777890,NA,NOF,0.0,1284,pause,NA,NA,NA,NA,0.0,0,-45.88,-39.71,[],0,0,[],[]
40777890,40778900,NA,TVN,0.0,1284,pause,NA,NA,NA,NA,0.0,0,-45.03,-38.46,[],0,0,[],[]
40778900,40781350,CHI,CHN,0.0,1284,pause,NA,NA,NA,NA,0.0,0,-18.85,-8.1,[],0,1710,"[{'start': 40779.3, 'end': 40781.01}]",[]
40781350,40782350,FEM,FAN,0.0,1284,pause,NA,NA,NA,NA,0.0,0,-34.31,-23.25,[],1000,0,[],[]
40782350,40782950,CHI,CHN,0.0,1284,CM,EC,0,NT,FI,1.0,520,-15.79,-9.64,"[{'Canonical-syllable': '1', 'Growl': '0', 'High-freq-energy': '0', 'Long-island': '0', 'Low-tilt-spectrum': '0', 'Medium-island': '1', 'Short-island': '0', 'Squeal': '0', 'Typical-entropy': '1', 'Voicing-quality': '1', 'Wide-band': '0', 'Xlong-island': '0', 'seq': '1', 'end': 40782.87, 'start': 40782.35}]",0,0,[],[]
40782950,40783940,NA,OLN,0.0,1285,pause,NA,NA,NA,NA,0.0,0,-26.57,-18.27,[],0,0,[],[]
40783940,40784700,FEM,FAN,0.0,1285,pause,NA,NA,NA,NA,0.0,0,-28.61,-18.63,[],760,0,[],[]
40784700,40785630,NA,NOF,0.0,1285,pause,NA,NA,NA,NA,0.0,0,-41.32,-28.47,[],0,0,[],[]
40785630,40786460,NA,OLN,0.0,1285,pause,NA,NA,NA,NA,0.0,0,-20.53,-7.75,[],0,0,[],[]
40786460,40788390,NA,NOF,0.0,1285,pause,NA,NA,NA,NA,0.0,0,-23.47,-4.28,[],0,0,[],[]
40788390,40791290,NA,OLN,0.0,1285,pause,NA,NA,NA,NA,0.0,0,-23.24,-7.39,[],0,0,[],[]
40791290,40792330,NA,NOF,0.0,1285,pause,NA,NA,NA,NA,0.0,0,-23.88,-11.52,[],0,0,[],[]
40792330,40794320,CHI,CHN,0.0,1285,pause,NA,NA,NA,NA,0.0,0,-15.91,-9.42,[],0,1990,"[{'start': 40792.33, 'end': 40794.32}]",[]
40794320,40795120,NA,OLN,0.0,1285,pause,NA,NA,NA,NA,0.0,0,-26.87,-15.08,[],0,0,[],[]
40795120,40798140,CHI,CHN,0.0,1285,pause,NA,NA,NA,NA,0.0,0,-16.25,-8.23,[],0,3020,"[{'start': 40795.12, 'end': 40798.14}]",[]
40798140,40799140,MAL,MAN,5.63,1285,AMM,EC,0,NT,FI,0.0,0,-24.71,-17.22,[],0,0,[],[]
40799140,40800350,NA,OLN,0.0,1286,pause,NA,NA,NA,NA,0.0,0,-31.35,-22.0,[],0,0,[],[]
40800350,40801650,CHI,CHN,0.0,1286,pause,NA,NA,NA,NA,0.0,0,-16.99,-10.96,[],0,1300,"[{'start': 40800.35, 'end': 40801.65}]",[]
40801650,40802450,NA,OLN,0.0,1286,pause,NA,NA,NA,NA,0.0,0,-24.67,-12.11,[],0,0,[],[]
40802450,40803250,NA,NOF,0.0,1286,pause,NA,NA,NA,NA,0.0,0,-39.69,-31.14,[],0,0,[],[]
40803250,40804940,CHI,CHN,0.0,1286,pause,NA,NA,NA,NA,0.0,0,-14.35,-8.62,[],0,1600,"[{'start': 40803.25, 'end': 40804.85}]",[]
40804940,40805780,NA,NON,0.0,1286,pause,NA,NA,NA,NA,0.0,0,-35.32,-25.71,[],0,0,[],[]
40805780,40806390,CHI,CHN,0.0,1286,pause,NA,NA,NA,NA,0.0,0,-13.14,-9.95,[],0,610,"[{'start': 40805.78, 'end': 40806.39}]",[]
40806390,40807400,MAL,MAN,5.3,1286,AMM,EC,0,NT,FI,0.0,0,-35.41,-27.61,[],0,0,[],[]
40807400,40809190,CHI,CHN,0.0,1287,pause,NA,NA,NA,NA,0.0,0,-12.7,-2.93,[],0,1710,"[{'start': 40807.48, 'end': 40809.19}]",[]
40809190,40809990,NA,OLN,0.0,1287,pause,NA,NA,NA,NA,0.0,0,-30.36,-24.67,[],0,0,[],[]
40809990,40811020,CHI,CHN,0.0,1287,pause,NA,NA,NA,NA,0.0,0,-19.99,-12.08,[],0,430,"[{'start': 40810.59, 'end': 40811.02}]",[]
40811020,40812820,NA,OLN,0.0,1287,pause,NA,NA,NA,NA,0.0,0,-25.79,-7.88,[],0,0,[],[]
40812820,40813770,NA,FAF,0.0,1287,pause,NA,NA,NA,NA,0.0,0,-50.13,-43.07,[],0,0,[],[]
40813770,40814430,CHI,CHN,0.0,1287,pause,NA,NA,NA,NA,0.0,0,-15.58,-5.9,[],0,270,"[{'start': 40814.09, 'end': 40814.36}]",[]
40814430,40815230,NA,NOF,0.0,1287,pause,NA,NA,NA,NA,0.0,0,-26.46,-10.62,[],0,0,[],[]
40815230,40815830,CHI,CHN,0.0,1287,pause,NA,NA,NA,NA,0.0,0,-13.1,-3.83,[],0,300,"[{'start': 40815.33, 'end': 40815.63}]",[]
40815830,40816630,NA,MAF,0.0,1287,pause,NA,NA,NA,NA,0.0,0,-31.5,-23.15,[],0,0,[],[]
40816630,40817770,NA,SIL,0.0,1287,pause,NA,NA,NA,NA,0.0,0,-45.35,-41.53,[],0,0,[],[]
40817770,40818570,NA,NOF,0.0,1287,pause,NA,NA,NA,NA,0.0,0,-37.9,-22.2,[],0,0,[],[]
40818570,40819730,NA,SIL,0.0,1287,pause,NA,NA,NA,NA,0.0,0,-49.27,-47.56,[],0,0,[],[]
40819730,40820400,CHI,CHN,0.0,1287,pause,NA,NA,NA,NA,0.0,0,-15.64,-5.05,[],0,540,"[{'start': 40819.73, 'end': 40820.27}]",[]
40820400,40821240,NA,SIL,0.0,1287,pause,NA,NA,NA,NA,0.0,0,-49.53,-47.3,[],0,0,[],[]
40821240,40822850,CHI,CHN,0.0,1287,pause,NA,NA,NA,NA,0.0,0,-13.14,-2.79,[],0,1230,"[{'start': 40821.62, 'end': 40822.85}]",[]
40822850,40823770,CHI,CHN,0.0,1287,pause,NA,NA,NA,NA,0.0,0,-13.96,-4.08,[],0,830,"[{'start': 40822.94, 'end': 40823.77}]",[]
40823770,40826530,CHI,CHN,0.0,1287,pause,NA,NA,NA,NA,0.0,0,-14.17,-4.86,[],0,2500,"[{'start': 40823.87, 'end': 40826.37}]",[]
40826530,40827470,CHI,CHN,0.0,1287,pause,NA,NA,NA,NA,0.0,0,-19.28,-8.85,[],0,380,"[{'start': 40827.09, 'end': 40827.47}]",[]
40827470,40828170,CHI,CHN,0.0,1287,pause,NA,NA,NA,NA,0.0,0,-16.18,-13.15,[],0,700,"[{'start': 40827.47, 'end': 40828.17}]",[]
40828170,40828970,NA,NOF,0.0,1287,pause,NA,NA,NA,NA,0.0,0,-45.78,-35.16,[],0,0,[],[]
40828970,40829650,CHI,CHN,0.0,1287,CM,EC,0,NT,FI,1.0,430,-20.84,-13.65,"[{'Canonical-syllable': '1', 'Growl': '0', 'High-freq-energy': '0', 'Long-island': '0', 'Low-tilt-spectrum': '0', 'Medium-island': '1', 'Short-island': '0', 'Squeal': '0', 'Typical-entropy': '0', 'Voicing-quality': '1', 'Wide-band': '0', 'Xlong-island': '0', 'seq': '1', 'end': 40829.4, 'start': 40828.97}]",0,0,[],[]
40829650,40833000,NA,NOF,0.0,1288,pause,NA,NA,NA,NA,0.0,0,-25.98,-4.48,[],0,0,[],[]
40833000,40833800,NA,SIL,0.0,1288,pause,NA,NA,NA,NA,0.0,0,-56.3,-46.67,[],0,0,[],[]
40833800,40835460,NA,NOF,0.0,1288,pause,NA,NA,NA,NA,0.0,0,-48.55,-39.63,[],0,0,[],[]
40835460,40836610,CHI,CHN,0.0,1288,CM,EC,0,NT,FI,1.0,920,-30.36,-19.55,"[{'Canonical-syllable': '0', 'Growl': '0', 'High-freq-energy': '0', 'Long-island': '0', 'Low-tilt-spectrum': '0', 'Medium-island': '1', 'Short-island': '1', 'Squeal': '0', 'Typical-entropy': '0', 'Voicing-quality': '2', 'Wide-band': '0', 'Xlong-island': '0', 'seq': '1', 'end': 40836.38, 'start': 40835.46}]",0,0,[],[]
40836610,40841800,NA,SIL,0.0,1289,pause,NA,NA,NA,NA,0.0,0,-61.15,-46.42,[],0,0,[],[]
40841800,40842400,CHI,CHN,0.0,1289,pause,NA,NA,NA,NA,0.0,0,-19.68,-9.63,[],0,350,"[{'start': 40841.89, 'end': 40842.24}]",[]
40842400,40843370,NA,SIL,0.0,1289,pause,NA,NA,NA,NA,0.0,0,-52.8,-43.71,[],0,0,[],[]
40843370,40844450,CHI,CHN,0.0,1289,pause,NA,NA,NA,NA,0.0,0,-17.94,-11.13,[],0,1080,"[{'start': 40843.37, 'end': 40844.45}]",[]
40844450,40845270,OCH,CXN,0.0,1289,XIOCC,BC,0,NT,FI,0.0,0,-22.22,-15.41,[],0,0,[],[]
40845270,40845870,OCH,CXN,0.0,1289,XIOCC,RC,0,NT,FH,0.0,0,-19.28,-12.97,[],0,0,[],[]
40845870,40846670,OCH,CXN,0.0,1289,XIOCC,RC,0,NT,FH,0.0,0,-24.59,-16.89,[],0,0,[],[]
40846670,40848680,CHI,CHN,0.0,1289,XIOCC,EC,0,NT,FI,2.0,1190,-20.11,-9.29,"[{'Canonical-syllable': '0', 'Growl': '0', 'High-freq-energy': '0', 'Long-island': '0', 'Low-tilt-spectrum': '1', 'Medium-island': '1', 'Short-island': '0', 'Squeal': '0', 'Typical-entropy': '1', 'Voicing-quality': '1', 'Wide-band': '0', 'Xlong-island': '0', 'seq': '1', 'end': 40847.18, 'start': 40846.67}, {'Canonical-syllable': '1', 'Growl': '0', 'High-freq-energy': '0', 'Long-island': '0', 'Low-tilt-spectrum': '2', 'Medium-island': '1', 'Short-island': '1', 'Squeal': '0', 'Typical-entropy': '2', 'Voicing-quality': '2', 'Wide-band': '0', 'Xlong-island': '0', 'seq': '2', 'end': 40848.68, 'start': 40848.0}]",0,0,[],[]
40848680,40849480,NA,NOF,0.0,1290,pause,NA,NA,NA,NA,0.0,0,-51.47,-39.62,[],0,0,[],[]
40849480,40850500,NA,SIL,0.0,1290,pause,NA,NA,NA,NA,0.0,0,-62.73,-58.53,[],0,0,[],[]
40850500,40851310,NA,NOF,0.0,1290,pause,NA,NA,NA,NA,0.0,0,-45.02,-31.75,[],0,0,[],[]
40851310,40853450,CHI,CHN,0.0,1290,pause,NA,NA,NA,NA,0.0,0,-18.83,-10.7,[],0,1950,"[{'start': 40851.31, 'end': 40853.26}]",[]
40853450,40854570,NA,NOF,0.0,1290,pause,NA,NA,NA,NA,0.0,0,-52.58,-44.81,[],0,0,[],[]
40854570,40855380,CHI,CHN,0.0,1290,CIOCX,BC,0,NT,FI,1.0,700,-17.84,-11.3,"[{'Canonical-syllable': '2', 'Growl': '0', 'High-freq-energy': '0', 'Long-island': '0', 'Low-tilt-spectrum': '1', 'Medium-island': '1', 'Short-island': '1', 'Squeal': '0', 'Typical-entropy': '2', 'Voicing-quality': '2', 'Wide-band': '0', 'Xlong-island': '0', 'seq': '1', 'end': 40855.27, 'start': 40854.57}]",0,0,[],[]
40855380,40857230,NA,SIL,0.0,1290,CIOCX,NA,NA,NA,NA,0.0,0,-57.72,-44.92,[],0,0,[],[]
40857230,40859410,CHI,CHN,0.0,1290,CIOCX,RC,0,NT,FH,2.0,1830,-18.45,-10.36,"[{'Canonical-syllable': '1', 'Growl': '0', 'High-freq-energy': '0', 'Long-island': '0', 'Low-tilt-spectrum': '0', 'Medium-island': '0', 'Short-island': '1', 'Squeal': '0', 'Typical-entropy': '1', 'Voicing-quality': '1', 'Wide-band': '0', 'Xlong-island': '0', 'seq': '1', 'end': 40857.52, 'start': 40857.23}, {'Canonical-syllable': '0', 'Growl': '0', 'High-freq-energy': '0', 'Long-island': '1', 'Low-tilt-spectrum': '2', 'Medium-island': '2', 'Short-island': '0', 'Squeal': '0', 'Typical-entropy': '2', 'Voicing-quality': '3', 'Wide-band': '0', 'Xlong-island': '0', 'seq': '2', 'end': 40859.41, 'start': 40857.87}]",0,0,[],[]
40859410,40860220,OCH,CXN,0.0,1290,CIOCX,RC,0,NT,FI,0.0,0,-18.5,-10.46,[],0,0,[],[]
40860220,40861710,CHI,CHN,0.0,1290,CIOCX,RC,0,NT,FI,2.0,820,-19.66,-9.82,"[{'Canonical-syllable': '0', 'Growl': '0', 'High-freq-energy': '0', 'Long-island': '0', 'Low-tilt-spectrum': '0', 'Medium-island': '0', 'Short-island': '1', 'Squeal': '1', 'Typical-entropy': '1', 'Voicing-quality': '1', 'Wide-band': '0', 'Xlong-island': '0', 'seq': '1', 'end': 40860.39, 'start': 40860.22}, {'Canonical-syllable': '0', 'Growl': '0', 'High-freq-energy': '0', 'Long-island': '0', 'Low-tilt-spectrum': '1', 'Medium-island': '1', 'Short-island': '0', 'Squeal': '0', 'Typical-entropy': '1', 'Voicing-quality': '1', 'Wide-band': '0', 'Xlong-island': '0', 'seq': '2', 'end': 40861.71, 'start': 40861.06}]",0,0,[],[]
40861710,40862540,NA,SIL,0.0,1290,CIOCX,NA,NA,NA,NA,0.0,0,-55.91,-46.25,[],0,0,[],[]
40862540,40863830,CHI,CHN,0.0,1290,CIOCX,EC,0,NT,FH,2.0,660,-27.03,-17.64,"[{'Canonical-syllable': '0', 'Growl': '0', 'High-freq-energy': '0', 'Long-island': '0', 'Low-tilt-spectrum': '0', 'Medium-island': '1', 'Short-island': '0', 'Squeal': '0', 'Typical-entropy': '1', 'Voicing-quality': '1', 'Wide-band': '0', 'Xlong-island': '0', 'seq': '1', 'end': 40862.95, 'start': 40862.54}, {'Canonical-syllable': '0', 'Growl': '0', 'High-freq-energy': '0', 'Long-island': '0', 'Low-tilt-spectrum': '1', 'Medium-island': '0', 'Short-island': '1', 'Squeal': '1', 'Typical-entropy': '1', 'Voicing-quality': '1', 'Wide-band': '1', 'Xlong-island': '0', 'seq': '2', 'end': 40863.7, 'start': 40863.45}]",0,0,[],[]
40863830,40864630,NA,SIL,0.0,1291,pause,NA,NA,NA,NA,0.0,0,-51.72,-40.94,[],0,0,[],[]
40864630,40865430,NA,NOF,0.0,1291,pause,NA,NA,NA,NA,0.0,0,-51.35,-40.84,[],0,0,[],[]
40865430,40866310,NA,SIL,0.0,1291,pause,NA,NA,NA,NA,0.0,0,-57.22,-51.76,[],0,0,[],[]
40866310,40867910,CHI,CHN,0.0,1291,pause,NA,NA,NA,NA,0.0,0,-19.84,-8.93,[],0,1310,"[{'start': 40866.31, 'end': 40867.41}, {'start': 40867.7, 'end': 40867.91}]",[]
40867910,40868710,NA,CHF,0.0,1291,pause,NA,NA,NA,NA,0.0,0,-32.55,-14.56,[],0,0,[],[]
40868710,40869330,CHI,CHN,0.0,1291,pause,NA,NA,NA,NA,0.0,0,-27.94,-20.49,[],0,400,"[{'start': 40868.71, 'end': 40869.11}]",[]
40869330,40870260,NA,FAF,0.0,1291,pause,NA,NA,NA,NA,0.0,0,-47.4,-36.36,[],0,0,[],[]
40870260,40872400,CHI,CHN,0.0,1291,CIC,BC,0,NT,FI,3.0,1030,-22.79,-8.6,"[{'Canonical-syllable': '1', 'Growl': '0', 'High-freq-energy': '0', 'Long-island': '0', 'Low-tilt-spectrum': '2', 'Medium-island': '1', 'Short-island': '0', 'Squeal': '0', 'Typical-entropy': '2', 'Voicing-quality': '2', 'Wide-band': '0', 'Xlong-island': '0', 'seq': '1', 'end': 40870.98, 'start': 40870.39}, {'Canonical-syllable': '0', 'Growl': '0', 'High-freq-energy': '0', 'Long-island': '0', 'Low-tilt-spectrum': '1', 'Medium-island': '0', 'Short-island': '1', 'Squeal': '0', 'Typical-entropy': '1', 'Voicing-quality': '1', 'Wide-band': '0', 'Xlong-island': '0', 'seq': '2', 'end': 40871.63, 'start': 40871.43}, {'Canonical-syllable': '0', 'Growl': '1', 'High-freq-energy': '0', 'Long-island': '0', 'Low-tilt-spectrum': '1', 'Medium-island': '0', 'Short-island': '0', 'Squeal': '0', 'Typical-entropy': '1', 'Voicing-quality': '1', 'Wide-band': '0', 'Xlong-island': '0', 'seq': '3', 'end': 40872.05, 'start': 40871.94}]",0,0,[],[]
40872400,40873250,OCH,CXN,0.0,1291,CIC,RC,0,NT,FI,0.0,0,-37.2,-27.86,[],0,0,[],[]
40873250,40873880,CHI,CHN,0.0,1291,CIC,RC,0,NT,FI,1.0,630,-19.02,-13.78,"[{'Canonical-syllable': '0', 'Growl': '0', 'High-freq-energy': '0', 'Long-island': '0', 'Low-tilt-spectrum': '0', 'Medium-island': '1', 'Short-island': '0', 'Squeal': '0', 'Typical-entropy': '0', 'Voicing-quality': '1', 'Wide-band': '0', 'Xlong-island': '0', 'seq': '1', 'end': 40873.88, 'start': 40873.25}]",0,0,[],[]
40873880,40874680,NA,SIL,0.0,1291,CIC,NA,NA,NA,NA,0.0,0,-51.97,-40.75,[],0,0,[],[]
40874680,40876250,CHI,CHN,0.0,1291,CIC,RC,0,NT,FH,2.0,1440,-24.87,-15.55,"[{'Canonical-syllable': '1', 'Growl': '0', 'High-freq-energy': '0', 'Long-island': '0', 'Low-tilt-spectrum': '0', 'Medium-island': '2', 'Short-island': '0', 'Squeal': '0', 'Typical-entropy': '1', 'Voicing-quality': '2', 'Wide-band': '0', 'Xlong-island': '0', 'seq': '1', 'end': 40875.61, 'start': 40874.68}, {'Canonical-syllable': '0', 'Growl': '0', 'High-freq-energy': '0', 'Long-island': '0', 'Low-tilt-spectrum': '0', 'Medium-island': '0', 'Short-island': '1', 'Squeal': '0', 'Typical-entropy': '1', 'Voicing-quality': '1', 'Wide-band': '0', 'Xlong-island': '0', 'seq': '2', 'end': 40876.12, 'start': 40875.91}]",0,0,[],[]
40876250,40877050,NA,SIL,0.0,1291,CIC,NA,NA,NA,NA,0.0,0,-56.89,-48.03,[],0,0,[],[]
40877050,40878730,CHI,CHN,0.0,1291,CIC,RC,0,NT,FH,2.0,1000,-30.94,-20.01,"[{'Canonical-syllable': '0', 'Growl': '0', 'High-freq-energy': '0', 'Long-island': '0', 'Low-tilt-spectrum': '0', 'Medium-island': '1', 'Short-island': '0', 'Squeal': '0', 'Typical-entropy': '0', 'Voicing-quality': '1', 'Wide-band': '0', 'Xlong-island': '0', 'seq': '1', 'end': 40877.43, 'start': 40877.05}, {'Canonical-syllable': '1', 'Growl': '0', 'High-freq-energy': '0', 'Long-island': '0', 'Low-tilt-spectrum': '1', 'Medium-island': '1', 'Short-island': '0', 'Squeal': '0', 'Typical-entropy': '1', 'Voicing-quality': '1', 'Wide-band': '0', 'Xlong-island': '0', 'seq': '2', 'end': 40878.73, 'start': 40878.11}]",0,0,[],[]
40878730,40883470,CHI,CHN,0.0,1291,CIC,RC,0,NT,FH,5.0,2080,-28.47,-17.95,"[{'Canonical-syllable': '0', 'Growl': '0', 'High-freq-energy': '0', 'Long-island': '0', 'Low-tilt-spectrum': '0', 'Medium-island': '1', 'Short-island': '0', 'Squeal': '0', 'Typical-entropy': '0', 'Voicing-quality': '1', 'Wide-band': '0', 'Xlong-island': '0', 'seq': '1', 'end': 40879.01, 'start': 40878.73}, {'Canonical-syllable': '1', 'Growl': '0', 'High-freq-energy': '0', 'Long-island': '0', 'Low-tilt-spectrum': '1', 'Medium-island': '0', 'Short-island': '1', 'Squeal': '0', 'Typical-entropy': '1', 'Voicing-quality': '1', 'Wide-band': '0', 'Xlong-island': '0', 'seq': '2', 'end': 40879.9, 'start': 40879.73}, {'Canonical-syllable': '0', 'Growl': '0', 'High-freq-energy': '0', 'Long-island': '0', 'Low-tilt-spectrum': '1', 'Medium-island': '2', 'Short-island': '1', 'Squeal': '0', 'Typical-entropy': '1', 'Voicing-quality': '3', 'Wide-band': '0', 'Xlong-island': '0', 'seq': '3', 'end': 40881.82, 'start': 40880.65}, {'Canonical-syllable': '1', 'Growl': '0', 'High-freq-energy': '0', 'Long-island': '0', 'Low-tilt-spectrum': '0', 'Medium-island': '1', 'Short-island': '0', 'Squeal': '0', 'Typical-entropy': '1', 'Voicing-quality': '1', 'Wide-band': '0', 'Xlong-island': '0', 'seq': '4', 'end': 40882.47, 'start': 40882.17}, {'Canonical-syllable': '1', 'Growl': '0', 'High-freq-energy': '0', 'Long-island': '0', 'Low-tilt-spectrum': '1', 'Medium-island': '0', 'Short-island': '1', 'Squeal': '0', 'Typical-entropy': '1', 'Voicing-quality': '1', 'Wide-band': '0', 'Xlong-island': '0', 'seq': '5', 'end': 40883.39, 'start': 40883.23}]",0,0,[],[]
40883470,40885650,NA,SIL,0.0,1291,CIC,NA,NA,NA,NA,0.0,0,-56.31,-44.43,[],0,0,[],[]
40885650,40886460,NA,NOF,0.0,1291,CIC,NA,NA,NA,NA,0.0,0,-48.48,-39.41,[],0,0,[],[]
40886460,40887600,NA,SIL,0.0,1291,CIC,NA,NA,NA,NA,0.0,0,-52.49,-39.49,[],0,0,[],[]
40887600,40888450,NA,NOF,0.0,1291,CIC,NA,NA,NA,NA,0.0,0,-42.88,-31.15,[],0,0,[],[]
40888450,40890840,CHI,CHN,0.0,1291,CIC,RC,0,NT,FH,3.0,1070,-24.55,-13.65,"[{'Canonical-syllable': '1', 'Growl': '0', 'High-freq-energy': '1', 'Long-island': '0', 'Low-tilt-spectrum': '1', 'Medium-island': '1', 'Short-island': '1', 'Squeal': '0', 'Typical-entropy': '2', 'Voicing-quality': '2', 'Wide-band': '0', 'Xlong-island': '0', 'seq': '1', 'end': 40889.1, 'start': 40888.45}, {'Canonical-syllable': '1', 'Growl': '0', 'High-freq-energy': '0', 'Long-island': '0', 'Low-tilt-spectrum': '0', 'Medium-island': '0', 'Short-island': '1', 'Squeal': '0', 'Typical-entropy': '1', 'Voicing-quality': '1', 'Wide-band': '0', 'Xlong-island': '0', 'seq': '2', 'end': 40889.74, 'start': 40889.55}, {'Canonical-syllable': '0', 'Growl': '0', 'High-freq-energy': '0', 'Long-island': '0', 'Low-tilt-spectrum': '1', 'Medium-island': '0', 'Short-island': '1', 'Squeal': '0', 'Typical-entropy': '1', 'Voicing-quality': '0', 'Wide-band': '0', 'Xlong-island': '0', 'seq': '3', 'end': 40890.84, 'start': 40890.61}]",0,0,[],[]
40890840,40891920,NA,NOF,0.0,1291,CIC,NA,NA,NA,NA,0.0,0,-38.8,-26.92,[],0,0,[],[]
40891920,40892900,OCH,CXN,0.0,1291,CIC,RC,0,NT,FI,0.0,0,-22.04,-11.95,[],0,0,[],[]
40892900,40893700,NA,NON,0.0,1291,CIC,NA,NA,NA,NA,0.0,0,-42.02,-31.93,[],0,0,[],[]
40893700,40896520,CHI,CHN,0.0,1291,CIC,RC,0,TIFI,FI,4.0,1240,-22.84,-10.41,"[{'Canonical-syllable': '2', 'Growl': '0', 'High-freq-energy': '0', 'Long-island': '0', 'Low-tilt-spectrum': '0', 'Medium-island': '1', 'Short-island': '1', 'Squeal': '0', 'Typical-entropy': '2', 'Voicing-quality': '2', 'Wide-band': '0', 'Xlong-island': '0', 'seq': '1', 'end': 40894.43, 'start': 40893.84}, {'Canonical-syllable': '0', 'Growl': '0', 'High-freq-energy': '0', 'Long-island': '0', 'Low-tilt-spectrum': '0', 'Medium-island': '1', 'Short-island': '0', 'Squeal': '0', 'Typical-entropy': '0', 'Voicing-quality': '1', 'Wide-band': '0', 'Xlong-island': '0', 'seq': '2', 'end': 40895.35, 'start': 40895.07}, {'Canonical-syllable': '0', 'Growl': '0', 'High-freq-energy': '0', 'Long-island': '0', 'Low-tilt-spectrum': '0', 'Medium-island': '0', 'Short-island': '0', 'Squeal': '0', 'Typical-entropy': '1', 'Voicing-quality': '1', 'Wide-band': '1', 'Xlong-island': '0', 'seq': '3', 'end': 40895.95, 'start': 40895.84}, {'Canonical-syllable': '1', 'Growl': '0', 'High-freq-energy': '0', 'Long-island': '0', 'Low-tilt-spectrum': '0', 'Medium-island': '0', 'Short-island': '1', 'Squeal': '0', 'Typical-entropy': '0', 'Voicing-quality': '1', 'Wide-band': '0', 'Xlong-island': '0', 'seq': '4', 'end': 40896.44, 'start': 40896.32}]",0,0,[],[]
40896520,40898840,NA,NOF,0.0,1291,CIC,NA,NA,NA,NA,0.0,0,-43.05,-34.42,[],0,0,[],[]
40898840,40899930,FEM,FAN,0.56,1291,CIC,RC,1,TIFR,FI,0.0,0,-29.04,-21.72,[],0,0,[],[]
40899930,40900960,CHI,CHN,0.0,1291,CIC,RC,1,TIFE,FI,1.0,900,-25.75,-19.09,"[{'Canonical-syllable': '0', 'Growl': '0', 'High-freq-energy': '0', 'Long-island': '0', 'Low-tilt-spectrum': '0', 'Medium-island': '1', 'Short-island': '1', 'Squeal': '0', 'Typical-entropy': '0', 'Voicing-quality': '2', 'Wide-band': '0', 'Xlong-island': '0', 'seq': '1', 'end': 40900.83, 'start': 40900.05}]",0,0,[],[]
40900960,40905330,CHI,CHN,0.0,1291,CIC,RC,1,NT,FH,3.0,3600,-23.79,-13.97,"[{'Canonical-syllable': '1', 'Growl': '1', 'High-freq-energy': '0', 'Long-island': '0', 'Low-tilt-spectrum': '1', 'Medium-island': '1', 'Short-island': '1', 'Squeal': '0', 'Typical-entropy': '1', 'Voicing-quality': '3', 'Wide-band': '1', 'Xlong-island': '0', 'seq': '1', 'end': 40901.94, 'start': 40900.96}, {'Canonical-syllable': '0', 'Growl': '0', 'High-freq-energy': '0', 'Long-island': '0', 'Low-tilt-spectrum': '0', 'Medium-island': '2', 'Short-island': '0', 'Squeal': '0', 'Typical-entropy': '1', 'Voicing-quality': '2', 'Wide-band': '0', 'Xlong-island': '0', 'seq': '2', 'end': 40903.18, 'start': 40902.33}, {'Canonical-syllable': '1', 'Growl': '0', 'High-freq-energy': '0', 'Long-island': '0', 'Low-tilt-spectrum': '2', 'Medium-island': '3', 'Short-island': '0', 'Squeal': '0', 'Typical-entropy': '2', 'Voicing-quality': '3', 'Wide-band': '0', 'Xlong-island': '0', 'seq': '3', 'end': 40905.33, 'start': 40903.56}]",0,0,[],[]
40905330,40906130,NA,NOF,0.0,1291,CIC,NA,NA,NA,NA,0.0,0,-34.54,-21.02,[],0,0,[],[]
40906130,40909310,CHI,CHN,0.0,1291,CIC,EC,1,NT,FH,4.0,1360,-21.68,-9.19,"[{'Canonical-syllable': '1', 'Growl': '0', 'High-freq-energy': '0', 'Long-island': '0', 'Low-tilt-spectrum': '1', 'Medium-island': '1', 'Short-island': '0', 'Squeal': '0', 'Typical-entropy': '1', 'Voicing-quality': '1', 'Wide-band': '0', 'Xlong-island': '0', 'seq': '1', 'end': 40906.51, 'start': 40906.13}, {'Canonical-syllable': '0', 'Growl': '0', 'High-freq-energy': '0', 'Long-island': '0', 'Low-tilt-spectrum': '0', 'Medium-island': '1', 'Short-island': '0', 'Squeal': '0', 'Typical-entropy': '0', 'Voicing-quality': '1', 'Wide-band': '0', 'Xlong-island': '0', 'seq': '2', 'end': 40907.72, 'start': 40907.21}, {'Canonical-syllable': '0', 'Growl': '0', 'High-freq-energy': '0', 'Long-island': '0', 'Low-tilt-spectrum': '1', 'Medium-island': '0', 'Short-island': '1', 'Squeal': '0', 'Typical-entropy': '1', 'Voicing-quality': '1', 'Wide-band': '0', 'Xlong-island': '0', 'seq': '3', 'end': 40908.25, 'start': 40908.1}, {'Canonical-syllable': '0', 'Growl': '0', 'High-freq-energy': '0', 'Long-island': '0', 'Low-tilt-spectrum': '1', 'Medium-island': '1', 'Short-island': '0', 'Squeal': '0', 'Typical-entropy': '1', 'Voicing-quality': '1', 'Wide-band': '0', 'Xlong-island': '0', 'seq': '4', 'end': 40908.88, 'start': 40908.56}]",0,0,[],[]
40909310,40910530,NA,NOF,0.0,1292,pause,NA,NA,NA,NA,0.0,0,-46.12,-36.17,[],0,0,[],[]
40910530,40914370,NA,SIL,0.0,1292,pause,NA,NA,NA,NA,0.0,0,-59.31,-45.03,[],0,0,[],[]
40914370,40915510,CHI,CHN,0.0,1292,CM,BC,0,NT,FI,1.0,1140,-16.05,-10.38,"[{'Canonical-syllable': '0', 'Growl': '0', 'High-freq-energy': '0', 'Long-island': '1', 'Low-tilt-spectrum': '2', 'Medium-island': '0', 'Short-island': '1', 'Squeal': '0', 'Typical-entropy': '2', 'Voicing-quality': '2', 'Wide-band': '0', 'Xlong-island': '0', 'seq': '1', 'end': 40915.51, 'start': 40914.47}]",0,0,[],[]
40915510,40916310,CHI,CHN,0.0,1292,CM,RC,0,NT,FH,1.0,420,-17.53,-4.14,"[{'Canonical-syllable': '0', 'Growl': '0', 'High-freq-energy': '0', 'Long-island': '0', 'Low-tilt-spectrum': '1', 'Medium-island': '1', 'Short-island': '0', 'Squeal': '0', 'Typical-entropy': '1', 'Voicing-quality': '1', 'Wide-band': '0', 'Xlong-island': '0', 'seq': '1', 'end': 40915.93, 'start': 40915.51}]",0,0,[],[]
40916310,40917910,CHI,CHN,0.0,1292,CM,RC,0,NT,FH,2.0,870,-20.39,-9.71,"[{'Canonical-syllable': '1', 'Growl': '0', 'High-freq-energy': '0', 'Long-island': '0', 'Low-tilt-spectrum': '1', 'Medium-island': '1', 'Short-island': '0', 'Squeal': '0', 'Typical-entropy': '1', 'Voicing-quality': '1', 'Wide-band': '0', 'Xlong-island': '0', 'seq': '1', 'end': 40916.69, 'start': 40916.31}, {'Canonical-syllable': '0', 'Growl': '0', 'High-freq-energy': '0', 'Long-island': '0', 'Low-tilt-spectrum': '1', 'Medium-island': '1', 'Short-island': '0', 'Squeal': '0', 'Typical-entropy': '1', 'Voicing-quality': '1', 'Wide-band': '0', 'Xlong-island': '0', 'seq': '2', 'end': 40917.91, 'start': 40917.42}]",0,0,[],[]
40917910,40918710,NA,CHF,0.0,1292,CM,NA,NA,NA,NA,0.0,0,-34.87,-20.12,[],0,0,[],[]
40918710,40920640,CHI,CHN,0.0,1292,CM,RC,0,NT,FH,2.0,1200,-20.05,-8.72,"[{'Canonical-syllable': '1', 'Growl': '0', 'High-freq-energy': '0', 'Long-island': '0', 'Low-tilt-spectrum': '0', 'Medium-island': '1', 'Short-island': '0', 'Squeal': '0', 'Typical-entropy': '0', 'Voicing-quality': '1', 'Wide-band': '0', 'Xlong-island': '0', 'seq': '1', 'end': 40919.11, 'start': 40918.71}, {'Canonical-syllable': '2', 'Growl': '0', 'High-freq-energy': '0', 'Long-island': '0', 'Low-tilt-spectrum': '2', 'Medium-island': '2', 'Short-island': '0', 'Squeal': '0', 'Typical-entropy': '2', 'Voicing-quality': '2', 'Wide-band': '0', 'Xlong-island': '0', 'seq': '2', 'end': 40920.64, 'start': 40919.84}]",0,0,[],[]
40920640,40921700,NA,NOF,0.0,1292,CM,NA,NA,NA,NA,0.0,0,-34.92,-20.76,[],0,0,[],[]
40921700,40924660,CHI,CHN,0.0,1292,CM,RC,0,NT,FH,1.0,2750,-14.31,-3.22,"[{'Canonical-syllable': '2', 'Growl': '0', 'High-freq-energy': '1', 'Long-island': '0', 'Low-tilt-spectrum': '4', 'Medium-island': '5', 'Short-island': '0', 'Squeal': '0', 'Typical-entropy': '4', 'Voicing-quality': '5', 'Wide-band': '0', 'Xlong-island': '0', 'seq': '1', 'end': 40924.45, 'start': 40921.8}]",0,0,[],[]
40924660,40927690,NA,NOF,0.0,1292,CM,NA,NA,NA,NA,0.0,0,-27.86,-6.13,[],0,0,[],[]
40927690,40929530,CHI,CHN,0.0,1292,CM,RC,0,NT,FH,1.0,1840,-27.73,-19.41,"[{'Canonical-syllable': '1', 'Growl': '1', 'High-freq-energy': '1', 'Long-island': '0', 'Low-tilt-spectrum': '1', 'Medium-island': '2', 'Short-island': '3', 'Squeal': '1', 'Typical-entropy': '4', 'Voicing-quality': '5', 'Wide-band': '1', 'Xlong-island': '0', 'seq': '1', 'end': 40929.53, 'start': 40927.69}]",0,0,[],[]
40929530,40932310,NA,NOF,0.0,1292,CM,NA,NA,NA,NA,0.0,0,-25.24,-6.26,[],0,0,[],[]
40932310,40937750,CHI,CHN,0.0,1292,CM,RC,0,NT,FH,2.0,4970,-19.95,-11.54,"[{'Canonical-syllable': '1', 'Growl': '1', 'High-freq-energy': '0', 'Long-island': '2', 'Low-tilt-spectrum': '2', 'Medium-island': '1', 'Short-island': '3', 'Squeal': '0', 'Typical-entropy': '6', 'Voicing-quality': '5', 'Wide-band': '1', 'Xlong-island': '0', 'seq': '1', 'end': 40935.16, 'start': 40932.31}, {'Canonical-syllable': '1', 'Growl': '0', 'High-freq-energy': '0', 'Long-island': '0', 'Low-tilt-spectrum': '2', 'Medium-island': '3', 'Short-island': '1', 'Squeal': '0', 'Typical-entropy': '4', 'Voicing-quality': '4', 'Wide-band': '0', 'Xlong-island': '0', 'seq': '2', 'end': 40937.75, 'start': 40935.63}]",0,0,[],[]
40937750,40938620,NA,SIL,0.0,1292,CM,NA,NA,NA,NA,0.0,0,-55.35,-48.56,[],0,0,[],[]
40938620,40939220,CHI,CHN,0.0,1292,CM,RC,0,NT,FH,1.0,410,-18.51,-11.46,"[{'Canonical-syllable': '0', 'Growl': '0', 'High-freq-energy': '0', 'Long-island': '0', 'Low-tilt-spectrum': '1', 'Medium-island': '1', 'Short-island': '0', 'Squeal': '0', 'Typical-entropy': '1', 'Voicing-quality': '1', 'Wide-band': '0', 'Xlong-island': '0', 'seq': '1', 'end': 40939.03, 'start': 40938.62}]",0,0,[],[]
40939220,40940210,NA,SIL,0.0,1292,CM,NA,NA,NA,NA,0.0,0,-52.72,-39.82,[],0,0,[],[]
40940210,40941060,CHI,CHN,0.0,1292,CM,RC,0,NT,FH,1.0,720,-23.78,-15.81,"[{'Canonical-syllable': '1', 'Growl': '0', 'High-freq-energy': '0', 'Long-island': '0', 'Low-tilt-spectrum': '0', 'Medium-island': '0', 'Short-island': '2', 'Squeal': '0', 'Typical-entropy': '2', 'Voicing-quality': '2', 'Wide-band': '0', 'Xlong-island': '0', 'seq': '1', 'end': 40940.93, 'start': 40940.21}]",0,0,[],[]
40941060,40941940,NA,NOF,0.0,1292,CM,NA,NA,NA,NA,0.0,0,-47.05,-36.2,[],0,0,[],[]
40941940,40945040,NA,SIL,0.0,1292,CM,NA,NA,NA,NA,0.0,0,-60.11,-53.48,[],0,0,[],[]
40945040,40945640,CHI,CHN,0.0,1292,CM,EC,0,NT,FH,1.0,600,-15.26,-10.54,"[{'Canonical-syllable': '0', 'Growl': '0', 'High-freq-energy': '0', 'Long-island': '0', 'Low-tilt-spectrum': '0', 'Medium-island': '1', 'Short-island': '0', 'Squeal': '0', 'Typical-entropy': '0', 'Voicing-quality': '1', 'Wide-band': '0', 'Xlong-island': '0', 'seq': '1', 'end': 40945.64, 'start': 40945.18}]",0,0,[],[]
40945640,40946890,NA,OLN,0.0,1293,pause,NA,NA,NA,NA,0.0,0,-19.93,-5.96,[],0,0,[],[]
40946890,40952460,NA,NOF,0.0,1293,pause,NA,NA,NA,NA,0.0,0,-38.9,-21.59,[],0,0,[],[]
40952460,40954180,NA,SIL,0.0,1293,pause,NA,NA,NA,NA,0.0,0,-50.58,-35.81,[],0,0,[],[]
40954180,40955230,NA,NOF,0.0,1293,pause,NA,NA,NA,NA,0.0,0,-42.66,-30.97,[],0,0,[],[]
40955230,40956250,NA,SIL,0.0,1293,pause,NA,NA,NA,NA,0.0,0,-51.72,-36.71,[],0,0,[],[]
40956250,40957520,NA,MAF,0.0,1293,pause,NA,NA,NA,NA,0.0,0,-44.02,-33.47,[],0,0,[],[]
40957520,40959600,NA,SIL,0.0,1293,pause,NA,NA,NA,NA,0.0,0,-49.56,-39.25,[],0,0,[],[]
40959600,40962060,NA,NOF,0.0,1293,pause,NA,NA,NA,NA,0.0,0,-45.6,-33.52,[],0,0,[],[]
40962060,40962860,NA,FAF,0.0,1293,pause,NA,NA,NA,NA,0.0,0,-39.89,-28.25,[],0,0,[],[]
40962860,40964500,NA,NOF,0.0,1293,pause,NA,NA,NA,NA,0.0,0,-46.37,-35.37,[],0,0,[],[]
40964500,40965580,OCH,CXN,0.0,1293,XIOCC,BC,0,NT,FI,0.0,0,-38.07,-25.46,[],0,0,[],[]
40965580,40966280,CHI,CHN,0.0,1293,XIOCC,RC,0,NT,FI,1.0,700,-16.31,-10.72,"[{'Canonical-syllable': '0', 'Growl': '0', 'High-freq-energy': '0', 'Long-island': '1', 'Low-tilt-spectrum': '0', 'Medium-island': '0', 'Short-island': '0', 'Squeal': '0', 'Typical-entropy': '0', 'Voicing-quality': '1', 'Wide-band': '0', 'Xlong-island': '0', 'seq': '1', 'end': 40966.28, 'start': 40965.58}]",0,0,[],[]
40966280,40967110,NA,NOF,0.0,1293,XIOCC,NA,NA,NA,NA,0.0,0,-24.46,-11.72,[],0,0,[],[]
40967110,40967930,CHI,CHN,0.0,1293,XIOCC,EC,0,NT,FH,1.0,820,-15.92,-4.31,"[{'Canonical-syllable': '0', 'Growl': '0', 'High-freq-energy': '0', 'Long-island': '1', 'Low-tilt-spectrum': '0', 'Medium-island': '0', 'Short-island': '0', 'Squeal': '0', 'Typical-entropy': '0', 'Voicing-quality': '1', 'Wide-band': '0', 'Xlong-island': '0', 'seq': '1', 'end': 40967.93, 'start': 40967.11}]",0,0,[],[]
40967930,40968940,NA,OLN,0.0,1294,pause,NA,NA,NA,NA,0.0,0,-26.66,-14.26,[],0,0,[],[]
40968940,40974550,NA,NOF,0.0,1294,pause,NA,NA,NA,NA,0.0,0,-32.98,-11.08,[],0,0,[],[]
40974550,40975740,NA,OLF,0.0,1294,pause,NA,NA,NA,NA,0.0,0,-32.86,-19.05,[],0,0,[],[]
40975740,40977350,NA,NOF,0.0,1294,pause,NA,NA,NA,NA,0.0,0,-36.7,-25.84,[],0,0,[],[]
40977350,40978810,CHI,CHN,0.0,1294,CM,BC,0,NT,FI,1.0,1460,-20.05,-10.25,"[{'Canonical-syllable': '0', 'Growl': '0', 'High-freq-energy': '0', 'Long-island': '0', 'Low-tilt-spectrum': '0', 'Medium-island': '2', 'Short-island': '2', 'Squeal': '0', 'Typical-entropy': '2', 'Voicing-quality': '4', 'Wide-band': '0', 'Xlong-island': '0', 'seq': '1', 'end': 40978.81, 'start': 40977.35}]",0,0,[],[]
40978810,40980200,NA,OLF,0.0,1294,CM,NA,NA,NA,NA,0.0,0,-27.94,-9.88,[],0,0,[],[]
40980200,40981200,CHI,CHN,0.0,1294,CM,EC,0,NT,FH,1.0,1000,-17.21,-11.37,"[{'Canonical-syllable': '0', 'Growl': '0', 'High-freq-energy': '1', 'Long-island': '1', 'Low-tilt-spectrum': '0', 'Medium-island': '0', 'Short-island': '0', 'Squeal': '0', 'Typical-entropy': '0', 'Voicing-quality': '1', 'Wide-band': '0', 'Xlong-island': '0', 'seq': '1', 'end': 40981.2, 'start': 40980.44}]",0,0,[],[]
40981200,40982040,NA,NON,0.0,1295,pause,NA,NA,NA,NA,0.0,0,-26.6,-14.37,[],0,0,[],[]
40982040,40984870,NA,OLF,0.0,1295,pause,NA,NA,NA,NA,0.0,0,-29.0,-8.33,[],0,0,[],[]
40984870,40985840,NA,NOF,0.0,1295,pause,NA,NA,NA,NA,0.0,0,-36.41,-25.01,[],0,0,[],[]
40985840,40986830,NA,OLF,0.0,1295,pause,NA,NA,NA,NA,0.0,0,-40.25,-34.79,[],0,0,[],[]
40986830,40987910,CHI,CHN,0.0,1295,CIC,BC,0,NT,FI,1.0,1080,-24.48,-15.87,"[{'Canonical-syllable': '2', 'Growl': '0', 'High-freq-energy': '0', 'Long-island': '0', 'Low-tilt-spectrum': '1', 'Medium-island': '1', 'Short-island': '2', 'Squeal': '0', 'Typical-entropy': '3', 'Voicing-quality': '3', 'Wide-band': '1', 'Xlong-island': '0', 'seq': '1', 'end': 40987.91, 'start': 40986.83}]",0,0,[],[]
40987910,40989150,NA,NOF,0.0,1295,CIC,NA,NA,NA,NA,0.0,0,-24.88,-7.61,[],0,0,[],[]
40989150,40990560,CHI,CHN,0.0,1295,CIC,NA,NA,NA,NA,0.0,0,-17.56,-10.34,[],0,970,"[{'start': 40989.15, 'end': 40989.72}, {'start': 40990.16, 'end': 40990.56}]",[]
40990560,40991180,CHI,CHN,0.0,1295,CIC,RC,0,NT,FH,1.0,620,-17.91,-10.49,"[{'Canonical-syllable': '0', 'Growl': '0', 'High-freq-energy': '0', 'Long-island': '0', 'Low-tilt-spectrum': '0', 'Medium-island': '1', 'Short-island': '0', 'Squeal': '0', 'Typical-entropy': '0', 'Voicing-quality': '1', 'Wide-band': '0', 'Xlong-island': '0', 'seq': '1', 'end': 40991.18, 'start': 40990.69}]",0,0,[],[]
40991180,40991980,NA,NON,0.0,1295,CIC,NA,NA,NA,NA,0.0,0,-33.3,-24.06,[],0,0,[],[]
40991980,40992980,CHI,CHN,0.0,1295,CIC,RC,0,NT,FH,1.0,410,-23.24,-13.39,"[{'Canonical-syllable': '1', 'Growl': '0', 'High-freq-energy': '0', 'Long-island': '0', 'Low-tilt-spectrum': '0', 'Medium-island': '1', 'Short-island': '0', 'Squeal': '0', 'Typical-entropy': '1', 'Voicing-quality': '1', 'Wide-band': '0', 'Xlong-island': '0', 'seq': '1', 'end': 40992.98, 'start': 40992.57}]",0,0,[],[]
40992980,40993840,CHI,CHN,0.0,1295,CIC,RC,0,TIFI,FH,1.0,860,-18.59,-10.17,"[{'Canonical-syllable': '0', 'Growl': '0', 'High-freq-energy': '0', 'Long-island': '1', 'Low-tilt-spectrum': '1', 'Medium-island': '0', 'Short-island': '0', 'Squeal': '0', 'Typical-entropy': '1', 'Voicing-quality': '1', 'Wide-band': '0', 'Xlong-island': '0', 'seq': '1', 'end': 40993.84, 'start': 40993.18}]",0,0,[],[]
40993840,40995530,FEM,FAN,7.35,1295,CIC,RC,1,TIFR,FI,0.0,0,-25.81,-20.17,[],0,0,[],[]
40995530,40996530,MAL,MAN,6.36,1295,CIC,RC,1,NT,FI,0.0,0,-35.18,-25.88,[],0,0,[],[]
40996530,40997430,NA,NON,0.0,1295,CIC,NA,NA,NA,NA,0.0,0,-14.49,-0.23,[],0,0,[],[]
40997430,40998700,MAL,MAN,5.89,1295,CIC,RC,1,NT,FH,0.0,0,-27.33,-19.09,[],0,0,[],[]
40998700,40999650,NA,OLN,0.0,1295,CIC,NA,NA,NA,NA,0.0,0,-27.08,-20.58,[],0,0,[],[]
40999650,41002310,MAL,MAN,8.27,1295,CIC,RC,1,NT,FH,0.0,0,-36.02,-27.16,[],0,0,[],[]
41002310,41004360,FEM,FAN,6.08,1295,CIC,RC,1,NT,FI,0.0,0,-26.31,-16.62,[],0,0,[],[]
41004360,41004960,CHI,CHN,0.0,1295,CIC,RC,1,TIFI,FI,1.0,600,-22.87,-18.79,"[{'Canonical-syllable': '1', 'Growl': '0', 'High-freq-energy': '1', 'Long-island': '0', 'Low-tilt-spectrum': '1', 'Medium-island': '1', 'Short-island': '1', 'Squeal': '0', 'Typical-entropy': '1', 'Voicing-quality': '2', 'Wide-band': '0', 'Xlong-island': '0', 'seq': '1', 'end': 41004.96, 'start': 41004.36}]",0,0,[],[]
41004960,41006210,FEM,FAN,5.07,1295,CIC,RC,2,TIFR,FI,0.0,0,-20.81,-13.53,[],0,0,[],[]
41006210,41007210,MAL,MAN,4.61,1295,CIC,RC,2,NT,FI,0.0,0,-36.6,-30.3,[],0,0,[],[]
41007210,41008280,NA,SIL,0.0,1295,CIC,NA,NA,NA,NA,0.0,0,-36.51,-23.38,[],0,0,[],[]
41008280,41009540,MAL,MAN,2.83,1295,CIC,EC,2,NT,FH,0.0,0,-37.62,-27.33,[],0,0,[],[]
41009540,41010570,NA,OLN,0.0,1296,pause,NA,NA,NA,NA,0.0,0,-24.02,-13.85,[],0,0,[],[]
41010570,41011600,NA,NOF,0.0,1296,pause,NA,NA,NA,NA,0.0,0,-47.83,-39.33,[],0,0,[],[]
41011600,41016610,NA,SIL,0.0,1296,pause,NA,NA,NA,NA,0.0,0,-54.02,-36.57,[],0,0,[],[]
41016610,41018940,NA,FAF,0.0,1296,pause,NA,NA,NA,NA,0.0,0,-41.65,-33.25,[],0,0,[],[]
41018940,41020490,NA,SIL,0.0,1296,pause,NA,NA,NA,NA,0.0,0,-44.63,-38.39,[],0,0,[],[]
41020490,41021630,FEM,FAN,1.44,1296,AICF,BC,0,NT,FI,0.0,0,-40.7,-37.26,[],0,0,[],[]
41021630,41026560,NA,SIL,0.0,1296,AICF,NA,NA,NA,NA,0.0,0,-46.77,-35.27,[],0,0,[],[]
41026560,41027560,FEM,FAN,4.89,1296,AICF,RC,0,NT,FH,0.0,0,-34.34,-28.97,[],0,0,[],[]
41027560,41028790,MAL,MAN,8.46,1296,AICF,RC,0,NT,FI,0.0,0,-35.5,-30.67,[],0,0,[],[]
41028790,41029790,FEM,FAN,2.35,1296,AICF,RC,0,TIFI,FI,0.0,0,-33.42,-23.77,[],0,0,[],[]
41029790,41031330,NA,OLN,0.0,1296,AICF,NA,NA,NA,NA,0.0,0,-18.39,-5.9,[],0,0,[],[]
41031330,41032130,NA,NOF,0.0,1296,AICF,NA,NA,NA,NA,0.0,0,-22.06,-9.59,[],0,0,[],[]
41032130,41033110,CHI,CHN,0.0,1296,AICF,RC,1,TIFR,FI,1.0,660,-16.97,-7.95,"[{'Canonical-syllable': '2', 'Growl': '0', 'High-freq-energy': '0', 'Long-island': '0', 'Low-tilt-spectrum': '2', 'Medium-island': '0', 'Short-island': '2', 'Squeal': '0', 'Typical-entropy': '2', 'Voicing-quality': '2', 'Wide-band': '0', 'Xlong-island': '0', 'seq': '1', 'end': 41032.79, 'start': 41032.3}]",0,0,[],[]
41033110,41034800,MAL,MAN,6.38,1296,AICF,RC,1,TIME,FI,0.0,0,-38.94,-29.34,[],0,0,[],[]
41034800,41035740,NA,SIL,0.0,1296,AICF,NA,NA,NA,NA,0.0,0,-49.73,-39.3,[],0,0,[],[]
41035740,41037220,CHI,CHN,0.0,1296,AICF,NA,NA,NA,NA,0.0,0,-16.17,-7.86,[],0,1400,"[{'start': 41035.82, 'end': 41037.22}]",[]
41037220,41038110,FEM,FAN,0.0,1296,AICF,NA,NA,NA,NA,0.0,0,-24.96,-13.94,[],890,0,[],[]
41038110,41039480,MAL,MAN,6.36,1296,AICF,RC,1,NT,FH,0.0,0,-33.53,-24.89,[],0,0,[],[]
41039480,41040280,NA,SIL,0.0,1296,AICF,NA,NA,NA,NA,0.0,0,-28.32,-13.01,[],0,0,[],[]
41040280,41041780,FEM,FAN,2.51,1296,AICF,RC,1,NT,FI,0.0,0,-18.01,-2.98,[],0,0,[],[]
41041780,41042390,CHI,CHN,0.0,1296,AICF,NA,NA,NA,NA,0.0,0,-11.68,-0.64,[],0,490,"[{'start': 41041.9, 'end': 41042.39}]",[]
41042390,41043750,FEM,FAN,4.55,1296,AICF,RC,1,TIFI,FH,0.0,0,-23.13,-5.19,[],0,0,[],[]
41043750,41045490,CHI,CHN,0.0,1296,AICF,RC,2,TIFR,FI,1.0,1480,-15.09,-1.59,"[{'Canonical-syllable': '1', 'Growl': '0', 'High-freq-energy': '0', 'Long-island': '0', 'Low-tilt-spectrum': '2', 'Medium-island': '1', 'Short-island': '2', 'Squeal': '0', 'Typical-entropy': '3', 'Voicing-quality': '3', 'Wide-band': '0', 'Xlong-island': '0', 'seq': '1', 'end': 41045.23, 'start': 41043.89}]",0,0,[],[]
41045490,41046860,FEM,FAN,8.3,1296,AICF,RC,2,TIFI,FI,0.0,0,-19.0,-2.4,[],0,0,[],[]
41046860,41047510,CHI,CHN,0.0,1296,AICF,RC,3,TIFR,FI,1.0,650,-13.24,-1.06,"[{'Canonical-syllable': '1', 'Growl': '1', 'High-freq-energy': '0', 'Long-island': '0', 'Low-tilt-spectrum': '1', 'Medium-island': '1', 'Short-island': '1', 'Squeal': '0', 'Typical-entropy': '2', 'Voicing-quality': '2', 'Wide-band': '0', 'Xlong-island': '0', 'seq': '1', 'end': 41047.51, 'start': 41046.95}]",0,0,[],[]
41047510,41048510,FEM,FAN,4.02,1296,AICF,RC,3,TIFI,FI,0.0,0,-24.53,-7.7,[],0,0,[],[]
41048510,41049420,NA,OLN,0.0,1296,AICF,NA,NA,NA,NA,0.0,0,-28.6,-18.81,[],0,0,[],[]
41049420,41050060,CHI,CHN,0.0,1296,AICF,RC,4,TIFR,FI,1.0,640,-13.24,-4.33,"[{'Canonical-syllable': '0', 'Growl': '0', 'High-freq-energy': '1', 'Long-island': '0', 'Low-tilt-spectrum': '2', 'Medium-island': '1', 'Short-island': '0', 'Squeal': '0', 'Typical-entropy': '2', 'Voicing-quality': '2', 'Wide-band': '0', 'Xlong-island': '0', 'seq': '1', 'end': 41050.06, 'start': 41049.42}]",0,0,[],[]
41050060,41051160,FEM,FAN,5.29,1296,AICF,RC,4,TIFE,FI,0.0,0,-26.81,-16.29,[],0,0,[],[]
41051160,41052170,MAL,MAN,4.27,1296,AICF,RC,4,NT,FI,0.0,0,-35.63,-29.0,[],0,0,[],[]
41052170,41053340,NA,NOF,0.0,1296,AICF,NA,NA,NA,NA,0.0,0,-40.57,-30.68,[],0,0,[],[]
41053340,41055980,MAL,MAN,11.02,1296,AICF,RC,4,NT,FH,0.0,0,-28.91,-6.49,[],0,0,[],[]
41055980,41056940,NA,OLF,0.0,1296,AICF,NA,NA,NA,NA,0.0,0,-34.06,-24.39,[],0,0,[],[]
41056940,41058150,FEM,FAN,6.42,1296,AICF,RC,4,NT,FI,0.0,0,-34.59,-29.25,[],0,0,[],[]
41058150,41059020,NA,OLN,0.0,1296,AICF,NA,NA,NA,NA,0.0,0,-36.04,-29.67,[],0,0,[],[]
41059020,41060390,FEM,FAN,3.02,1296,AICF,RC,4,NT,FH,0.0,0,-36.89,-28.46,[],0,0,[],[]
41060390,41061330,NA,OLF,0.0,1296,AICF,NA,NA,NA,NA,0.0,0,-36.24,-22.11,[],0,0,[],[]
41061330,41062720,FEM,FAN,7.79,1296,AICF,EC,4,NT,FH,0.0,0,-39.0,-30.08,[],0,0,[],[]
41062720,41063870,NA,OLF,0.0,1297,pause,NA,NA,NA,NA,0.0,0,-30.09,-16.78,[],0,0,[],[]
41063870,41065000,NA,FAF,0.0,1297,pause,NA,NA,NA,NA,0.0,0,-32.6,-19.75,[],0,0,[],[]
41065000,41067900,NA,NON,0.0,1297,pause,NA,NA,NA,NA,0.0,0,-20.93,-4.49,[],0,0,[],[]
41067900,41068870,NA,OLN,0.0,1297,pause,NA,NA,NA,NA,0.0,0,-23.93,-12.29,[],0,0,[],[]
41068870,41070330,NA,NON,0.0,1297,pause,NA,NA,NA,NA,0.0,0,-23.7,-15.01,[],0,0,[],[]
41070330,41071940,NA,OLF,0.0,1297,pause,NA,NA,NA,NA,0.0,0,-23.39,-11.72,[],0,0,[],[]
41071940,41072770,NA,OLN,0.0,1297,pause,NA,NA,NA,NA,0.0,0,-18.1,-4.62,[],0,0,[],[]
41072770,41074070,NA,NOF,0.0,1297,pause,NA,NA,NA,NA,0.0,0,-18.53,-5.54,[],0,0,[],[]
41074070,41074960,NA,OLN,0.0,1297,pause,NA,NA,NA,NA,0.0,0,-20.16,-9.76,[],0,0,[],[]
41074960,41076210,FEM,FAN,5.29,1297,AICF,BC,0,TIFI,FI,0.0,0,-24.13,-15.41,[],0,0,[],[]
41076210,41077250,NA,FAF,0.0,1297,AICF,NA,NA,NA,NA,0.0,0,-37.72,-26.67,[],0,0,[],[]
41077250,41077850,CHI,CHN,0.0,1297,AICF,RC,1,TIFR,FI,1.0,600,-16.57,-11.89,"[{'Canonical-syllable': '0', 'Growl': '0', 'High-freq-energy': '0', 'Long-island': '0', 'Low-tilt-spectrum': '0', 'Medium-island': '1', 'Short-island': '0', 'Squeal': '0', 'Typical-entropy': '1', 'Voicing-quality': '1', 'Wide-band': '0', 'Xlong-island': '0', 'seq': '1', 'end': 41077.85, 'start': 41077.38}]",0,0,[],[]
41077850,41079690,FEM,FAN,8.93,1297,AICF,RC,1,TIFI,FI,0.0,0,-23.95,-14.51,[],0,0,[],[]
41079690,41080420,CHI,CHN,0.0,1297,AICF,RC,2,TIFR,FI,1.0,730,-15.05,-10.27,"[{'Canonical-syllable': '0', 'Growl': '0', 'High-freq-energy': '1', 'Long-island': '0', 'Low-tilt-spectrum': '1', 'Medium-island': '1', 'Short-island': '1', 'Squeal': '0', 'Typical-entropy': '2', 'Voicing-quality': '2', 'Wide-band': '0', 'Xlong-island': '0', 'seq': '1', 'end': 41080.42, 'start': 41079.69}]",0,0,[],[]
41080420,41081220,NA,NOF,0.0,1297,AICF,NA,NA,NA,NA,0.0,0,-32.51,-21.71,[],0,0,[],[]
41081220,41082220,FEM,FAN,2.73,1297,AICF,RC,2,TIFE,FI,0.0,0,-30.65,-18.08,[],0,0,[],[]
41082220,41083020,NA,OLF,0.0,1297,AICF,NA,NA,NA,NA,0.0,0,-26.83,-12.84,[],0,0,[],[]
41083020,41083820,NA,NON,0.0,1297,AICF,NA,NA,NA,NA,0.0,0,-28.48,-19.02,[],0,0,[],[]
41083820,41084620,NA,OLN,0.0,1297,AICF,NA,NA,NA,NA,0.0,0,-27.17,-15.61,[],0,0,[],[]
41084620,41085420,NA,NOF,0.0,1297,AICF,NA,NA,NA,NA,0.0,0,-37.81,-29.1,[],0,0,[],[]
41085420,41087560,MAL,MAN,8.73,1297,AICF,RC,2,TIMI,FI,0.0,0,-36.54,-25.26,[],0,0,[],[]
41087560,41088160,CHI,CHN,0.0,1297,AICF,RC,3,TIMR,FI,1.0,600,-18.43,-10.74,"[{'Canonical-syllable': '1', 'Growl': '0', 'High-freq-energy': '0', 'Long-island': '0', 'Low-tilt-spectrum': '0', 'Medium-island': '1', 'Short-island': '0', 'Squeal': '0', 'Typical-entropy': '0', 'Voicing-quality': '1', 'Wide-band': '0', 'Xlong-island': '0', 'seq': '1', 'end': 41088.16, 'start': 41087.82}]",0,0,[],[]
41088160,41090210,NA,OLN,0.0,1297,AICF,NA,NA,NA,NA,0.0,0,-16.98,-3.18,[],0,0,[],[]
41090210,41091430,FEM,FAN,3.3,1297,AICF,RC,3,TIFE,FI,0.0,0,-16.19,-2.65,[],0,0,[],[]
41091430,41093090,NA,NOF,0.0,1297,AICF,NA,NA,NA,NA,0.0,0,-18.04,-5.06,[],0,0,[],[]
41093090,41094090,FEM,FAN,1.35,1297,AICF,RC,3,NT,FH,0.0,0,-22.3,-6.3,[],0,0,[],[]
41094090,41094690,CHI,CHN,0.0,1297,AICF,NA,NA,NA,NA,0.0,0,-17.15,-9.36,[],0,410,[],"[{'start': 41094.28, 'end': 41094.69}]"
41094690,41096650,FEM,FAN,5.35,1297,AICF,RC,3,NT,FH,0.0,0,-23.46,-11.42,[],0,0,[],[]
41096650,41097990,NA,NON,0.0,1297,AICF,NA,NA,NA,NA,0.0,0,-37.41,-27.34,[],0,0,[],[]
41097990,41099040,FEM,FAN,4.05,1297,AICF,RC,3,TIFI,FH,0.0,0,-32.75,-26.47,[],0,0,[],[]
41099040,41099760,CHI,CHN,0.0,1297,AICF,RC,4,TIFR,FI,1.0,390,-18.23,-11.75,"[{'Canonical-syllable': '0', 'Growl': '0', 'High-freq-energy': '0', 'Long-island': '0', 'Low-tilt-spectrum': '0', 'Medium-island': '1', 'Short-island': '0', 'Squeal': '0', 'Typical-entropy': '0', 'Voicing-quality': '1', 'Wide-band': '0', 'Xlong-island': '0', 'seq': '1', 'end': 41099.76, 'start': 41099.37}]",0,0,[],[]
41099760,41100760,FEM,FAN,0.78,1297,AICF,RC,4,TIFE,FI,0.0,0,-31.03,-18.45,[],0,0,[],[]
41100760,41102200,NA,OLF,0.0,1297,AICF,NA,NA,NA,NA,0.0,0,-30.27,-19.92,[],0,0,[],[]
41102200,41103350,CHI,CHN,0.0,1297,AICF,NA,NA,NA,NA,0.0,0,-17.55,-4.91,[],0,980,"[{'start': 41102.37, 'end': 41102.83}]","[{'start': 41102.83, 'end': 41103.35}]"
41103350,41104380,FEM,FAN,3.63,1297,AICF,RC,4,NT,FH,0.0,0,-30.96,-20.4,[],0,0,[],[]
41104380,41105220,NA,NON,0.0,1297,AICF,NA,NA,NA,NA,0.0,0,-34.26,-27.61,[],0,0,[],[]
41105220,41106200,NA,OLF,0.0,1297,AICF,NA,NA,NA,NA,0.0,0,-31.91,-20.58,[],0,0,[],[]
41106200,41108450,FEM,FAN,9.58,1297,AICF,RC,4,NT,FH,0.0,0,-34.69,-25.03,[],0,0,[],[]
41108450,41110690,NA,NOF,0.0,1297,AICF,NA,NA,NA,NA,0.0,0,-23.06,-7.65,[],0,0,[],[]
41110690,41111690,FEM,FAN,2.5,1297,AICF,RC,4,NT,FH,0.0,0,-31.21,-24.75,[],0,0,[],[]
41111690,41112650,NA,NOF,0.0,1297,AICF,NA,NA,NA,NA,0.0,0,-29.57,-13.04,[],0,0,[],[]
41112650,41113530,NA,SIL,0.0,1297,AICF,NA,NA,NA,NA,0.0,0,-47.53,-35.39,[],0,0,[],[]
41113530,41114530,NA,NOF,0.0,1297,AICF,NA,NA,NA,NA,0.0,0,-33.96,-20.48,[],0,0,[],[]
41114530,41115150,MAL,MAN,0.0,1297,AICF,NA,NA,NA,NA,0.0,0,-29.79,-22.75,[],620,0,[],[]
41115150,41115950,NA,OLN,0.0,1297,AICF,NA,NA,NA,NA,0.0,0,-32.91,-26.15,[],0,0,[],[]
41115950,41117550,FEM,FAN,5.6,1297,AICF,RC,4,NT,FH,0.0,0,-33.12,-25.16,[],0,0,[],[]
41117550,41118350,NA,NOF,0.0,1297,AICF,NA,NA,NA,NA,0.0,0,-50.38,-40.18,[],0,0,[],[]
41118350,41119910,FEM,FAN,2.1,1297,AICF,RC,4,TIFI,FH,0.0,0,-39.81,-32.18,[],0,0,[],[]
41119910,41120600,CHI,CHN,0.0,1297,AICF,RC,5,TIFR,FI,1.0,290,-19.92,-10.5,"[{'Canonical-syllable': '0', 'Growl': '0', 'High-freq-energy': '0', 'Long-island': '0', 'Low-tilt-spectrum': '0', 'Medium-island': '0', 'Short-island': '1', 'Squeal': '0', 'Typical-entropy': '0', 'Voicing-quality': '1', 'Wide-band': '0', 'Xlong-island': '0', 'seq': '1', 'end': 41120.6, 'start': 41120.31}]",0,0,[],[]
41120600,41122440,FEM,FAN,11.2,1297,AICF,RC,5,TIFI,FI,0.0,0,-22.44,-9.53,[],0,0,[],[]
41122440,41123310,NA,NON,0.0,1297,AICF,NA,NA,NA,NA,0.0,0,-20.5,-9.77,[],0,0,[],[]
41123310,41124140,NA,OLN,0.0,1297,AICF,NA,NA,NA,NA,0.0,0,-20.58,-11.13,[],0,0,[],[]
41124140,41124740,CHI,CHN,0.0,1297,AICF,EC,6,TIFR,FI,1.0,280,-20.69,-11.03,"[{'Canonical-syllable': '1', 'Growl': '0', 'High-freq-energy': '0', 'Long-island': '0', 'Low-tilt-spectrum': '0', 'Medium-island': '0', 'Short-island': '1', 'Squeal': '0', 'Typical-entropy': '1', 'Voicing-quality': '1', 'Wide-band': '0', 'Xlong-island': '0', 'seq': '1', 'end': 41124.74, 'start': 41124.46}]",0,0,[],[]
41124740,41126280,NA,NOF,0.0,1298,pause,NA,NA,NA,NA,0.0,0,-30.67,-15.66,[],0,0,[],[]
41126280,41127530,NA,MAF,0.0,1298,pause,NA,NA,NA,NA,0.0,0,-34.41,-20.64,[],0,0,[],[]
41127530,41128330,NA,NOF,0.0,1298,pause,NA,NA,NA,NA,0.0,0,-16.64,-2.72,[],0,0,[],[]
41128330,41129160,NA,OLN,0.0,1298,pause,NA,NA,NA,NA,0.0,0,-30.0,-15.48,[],0,0,[],[]
41129160,41130130,NA,NOF,0.0,1298,pause,NA,NA,NA,NA,0.0,0,-42.99,-28.56,[],0,0,[],[]
41130130,41131130,CHI,CHN,0.0,1298,CIC,BC,0,NT,FI,1.0,330,-23.05,-11.3,"[{'Canonical-syllable': '0', 'Growl': '0', 'High-freq-energy': '0', 'Long-island': '0', 'Low-tilt-spectrum': '1', 'Medium-island': '1', 'Short-island': '0', 'Squeal': '0', 'Typical-entropy': '1', 'Voicing-quality': '1', 'Wide-band': '0', 'Xlong-island': '0', 'seq': '1', 'end': 41130.96, 'start': 41130.63}]",0,0,[],[]
41131130,41132550,CHI,CHN,0.0,1298,CIC,RC,0,NT,FH,3.0,760,-18.55,-9.63,"[{'Canonical-syllable': '0', 'Growl': '0', 'High-freq-energy': '0', 'Long-island': '0', 'Low-tilt-spectrum': '0', 'Medium-island': '1', 'Short-island': '0', 'Squeal': '0', 'Typical-entropy': '1', 'Voicing-quality': '1', 'Wide-band': '0', 'Xlong-island': '0', 'seq': '1', 'end': 41131.52, 'start': 41131.13}, {'Canonical-syllable': '1', 'Growl': '0', 'High-freq-energy': '0', 'Long-island': '0', 'Low-tilt-spectrum': '0', 'Medium-island': '0', 'Short-island': '1', 'Squeal': '0', 'Typical-entropy': '1', 'Voicing-quality': '1', 'Wide-band': '0', 'Xlong-island': '0', 'seq': '2', 'end': 41132.09, 'start': 41131.86}, {'Canonical-syllable': '0', 'Growl': '0', 'High-freq-energy': '0', 'Long-island': '0', 'Low-tilt-spectrum': '0', 'Medium-island': '0', 'Short-island': '0', 'Squeal': '0', 'Typical-entropy': '0', 'Voicing-quality': '1', 'Wide-band': '0', 'Xlong-island': '0', 'seq': '3', 'end': 41132.55, 'start': 41132.41}]",0,0,[],[]
41132550,41133550,OCH,CXN,0.0,1298,CIC,RC,0,NT,FI,0.0,0,-18.74,-10.18,[],0,0,[],[]
41133550,41134150,CHI,CHN,0.0,1298,CIC,RC,0,NT,FI,1.0,360,-17.38,-10.96,"[{'Canonical-syllable': '0', 'Growl': '0', 'High-freq-energy': '0', 'Long-island': '0', 'Low-tilt-spectrum': '0', 'Medium-island': '1', 'Short-island': '0', 'Squeal': '0', 'Typical-entropy': '1', 'Voicing-quality': '1', 'Wide-band': '0', 'Xlong-island': '0', 'seq': '1', 'end': 41133.91, 'start': 41133.55}]",0,0,[],[]
41134150,41135290,NA,NOF,0.0,1298,CIC,NA,NA,NA,NA,0.0,0,-16.38,-5.44,[],0,0,[],[]
41135290,41136330,OCH,CXN,0.0,1298,CIC,RC,0,NT,FI,0.0,0,-32.06,-21.68,[],0,0,[],[]
41136330,41137510,CHI,CHN,0.0,1298,CIC,RC,0,NT,FI,1.0,160,-22.26,-4.17,"[{'Canonical-syllable': '0', 'Growl': '0', 'High-freq-energy': '0', 'Long-island': '0', 'Low-tilt-spectrum': '1', 'Medium-island': '0', 'Short-island': '1', 'Squeal': '0', 'Typical-entropy': '1', 'Voicing-quality': '0', 'Wide-band': '1', 'Xlong-island': '0', 'seq': '1', 'end': 41137.07, 'start': 41136.91}]",0,0,[],[]
41137510,41139150,NA,SIL,0.0,1298,CIC,NA,NA,NA,NA,0.0,0,-46.34,-37.84,[],0,0,[],[]
41139150,41139950,NA,FAF,0.0,1298,CIC,NA,NA,NA,NA,0.0,0,-40.61,-24.34,[],0,0,[],[]
41139950,41143290,CHI,CHN,0.0,1298,CIC,RC,0,NT,FH,4.0,2000,-17.34,-5.64,"[{'Canonical-syllable': '0', 'Growl': '0', 'High-freq-energy': '0', 'Long-island': '0', 'Low-tilt-spectrum': '1', 'Medium-island': '1', 'Short-island': '0', 'Squeal': '0', 'Typical-entropy': '1', 'Voicing-quality': '1', 'Wide-band': '0', 'Xlong-island': '0', 'seq': '1', 'end': 41140.29, 'start': 41139.95}, {'Canonical-syllable': '0', 'Growl': '0', 'High-freq-energy': '0', 'Long-island': '0', 'Low-tilt-spectrum': '2', 'Medium-island': '0', 'Short-island': '3', 'Squeal': '1', 'Typical-entropy': '3', 'Voicing-quality': '3', 'Wide-band': '0', 'Xlong-island': '0', 'seq': '2', 'end': 41141.77, 'start': 41140.62}, {'Canonical-syllable': '0', 'Growl': '0', 'High-freq-energy': '0', 'Long-island': '0', 'Low-tilt-spectrum': '1', 'Medium-island': '0', 'Short-island': '1', 'Squeal': '0', 'Typical-entropy': '1', 'Voicing-quality': '1', 'Wide-band': '0', 'Xlong-island': '0', 'seq': '3', 'end': 41142.28, 'start': 41142.08}, {'Canonical-syllable': '0', 'Growl': '0', 'High-freq-energy': '0', 'Long-island': '0', 'Low-tilt-spectrum': '0', 'Medium-island': '1', 'Short-island': '0', 'Squeal': '0', 'Typical-entropy': '1', 'Voicing-quality': '1', 'Wide-band': '0', 'Xlong-island': '0', 'seq': '4', 'end': 41143.14, 'start': 41142.83}]",0,0,[],[]
41143290,41144510,OCH,CXN,0.0,1298,CIC,RC,0,NT,FI,0.0,0,-20.91,-9.47,[],0,0,[],[]
41144510,41145310,FEM,FAN,0.0,1298,CIC,NA,NA,NA,NA,0.0,0,-38.82,-30.0,[],800,0,[],[]
41145310,41146280,NA,NON,0.0,1298,CIC,NA,NA,NA,NA,0.0,0,-12.92,-3.35,[],0,0,[],[]
41146280,41148300,CHI,CHN,0.0,1298,CIC,RC,0,TIFI,FI,1.0,1850,-14.05,-3.18,"[{'Canonical-syllable': '2', 'Growl': '1', 'High-freq-energy': '0', 'Long-island': '0', 'Low-tilt-spectrum': '3', 'Medium-island': '1', 'Short-island': '3', 'Squeal': '0', 'Typical-entropy': '3', 'Voicing-quality': '4', 'Wide-band': '0', 'Xlong-island': '0', 'seq': '1', 'end': 41148.13, 'start': 41146.28}]",0,0,[],[]
41148300,41149190,NA,NON,0.0,1298,CIC,NA,NA,NA,NA,0.0,0,-10.59,-3.57,[],0,0,[],[]
41149190,41149790,FEM,FAN,1.17,1298,CIC,RC,1,TIFR,FI,0.0,0,-12.66,-3.38,[],0,0,[],[]
41149790,41150620,NA,NON,0.0,1298,CIC,NA,NA,NA,NA,0.0,0,-32.37,-22.31,[],0,0,[],[]
41150620,41151890,MAL,MAN,4.67,1298,CIC,RC,1,NT,FI,0.0,0,-35.3,-28.91,[],0,0,[],[]
41151890,41153550,CHI,CHN,0.0,1298,CIC,RC,1,TIFI,FI,1.0,1290,-15.78,-2.62,"[{'Canonical-syllable': '1', 'Growl': '0', 'High-freq-energy': '0', 'Long-island': '0', 'Low-tilt-spectrum': '2', 'Medium-island': '0', 'Short-island': '3', 'Squeal': '0', 'Typical-entropy': '0', 'Voicing-quality': '5', 'Wide-band': '0', 'Xlong-island': '0', 'seq': '1', 'end': 41153.55, 'start': 41152.26}]",0,0,[],[]
41153550,41154700,NA,OLN,0.0,1298,CIC,NA,NA,NA,NA,0.0,0,-29.03,-21.63,[],0,0,[],[]
41154700,41155660,NA,NOF,0.0,1298,CIC,NA,NA,NA,NA,0.0,0,-38.0,-21.38,[],0,0,[],[]
41155660,41157220,FEM,FAN,5.35,1298,CIC,RC,2,TIFR,FI,0.0,0,-35.51,-25.39,[],0,0,[],[]
41157220,41158360,NA,SIL,0.0,1298,CIC,NA,NA,NA,NA,0.0,0,-46.37,-34.46,[],0,0,[],[]
41158360,41159580,CHI,CHN,0.0,1298,CIC,NA,NA,NA,NA,0.0,0,-16.72,-7.52,[],0,700,"[{'start': 41158.75, 'end': 41159.31}]","[{'start': 41159.31, 'end': 41159.45}]"
41159580,41160390,NA,NON,0.0,1298,CIC,NA,NA,NA,NA,0.0,0,-38.57,-29.12,[],0,0,[],[]
41160390,41161520,MAL,MAN,1.85,1298,CIC,RC,2,NT,FI,0.0,0,-36.26,-29.7,[],0,0,[],[]
41161520,41162490,CHI,CHN,0.0,1298,CIC,EC,2,TIME,FI,1.0,560,-29.08,-22.69,"[{'Canonical-syllable': '0', 'Growl': '0', 'High-freq-energy': '0', 'Long-island': '0', 'Low-tilt-spectrum': '0', 'Medium-island': '1', 'Short-island': '0', 'Squeal': '0', 'Typical-entropy': '0', 'Voicing-quality': '1', 'Wide-band': '0', 'Xlong-island': '0', 'seq': '1', 'end': 41162.49, 'start': 41161.93}]",0,0,[],[]
41162490,41163290,NA,OLF,0.0,1299,pause,NA,NA,NA,NA,0.0,0,-43.28,-33.93,[],0,0,[],[]
41163290,41164290,FEM,FAN,0.0,1299,pause,NA,NA,NA,NA,0.0,0,-41.83,-34.39,[],1000,0,[],[]
41164290,41168150,NA,NOF,0.0,1299,pause,NA,NA,NA,NA,0.0,0,-44.89,-29.93,[],0,0,[],[]
41168150,41168950,NA,OLN,0.0,1299,pause,NA,NA,NA,NA,0.0,0,-15.45,-2.93,[],0,0,[],[]
41168950,41170250,MAL,MAN,7.58,1299,AICM,BC,0,TIMI,FI,0.0,0,-30.61,-24.04,[],0,0,[],[]
41170250,41171050,NA,NON,0.0,1299,AICM,NA,NA,NA,NA,0.0,0,-11.41,-4.69,[],0,0,[],[]
41171050,41172720,CHI,CHN,0.0,1299,AICM,RC,1,TIMR,FI,2.0,510,-23.75,-11.24,"[{'Canonical-syllable': '0', 'Growl': '0', 'High-freq-energy': '1', 'Long-island': '0', 'Low-tilt-spectrum': '1', 'Medium-island': '1', 'Short-island': '0', 'Squeal': '0', 'Typical-entropy': '1', 'Voicing-quality': '1', 'Wide-band': '0', 'Xlong-island': '0', 'seq': '1', 'end': 41171.41, 'start': 41171.05}, {'Canonical-syllable': '0', 'Growl': '1', 'High-freq-energy': '1', 'Long-island': '0', 'Low-tilt-spectrum': '1', 'Medium-island': '0', 'Short-island': '1', 'Squeal': '0', 'Typical-entropy': '1', 'Voicing-quality': '1', 'Wide-band': '0', 'Xlong-island': '0', 'seq': '2', 'end': 41172.46, 'start': 41172.31}]",0,0,[],[]
41172720,41173690,NA,NOF,0.0,1299,AICM,NA,NA,NA,NA,0.0,0,-14.57,-3.24,[],0,0,[],[]
41173690,41174900,MAL,MAN,4.59,1299,AICM,RC,1,TIMI,FI,0.0,0,-15.52,-3.11,[],0,0,[],[]
41174900,41175580,CHI,CHN,0.0,1299,AICM,RC,2,TIMR,FI,1.0,230,-23.28,-14.68,"[{'Canonical-syllable': '1', 'Growl': '0', 'High-freq-energy': '0', 'Long-island': '0', 'Low-tilt-spectrum': '1', 'Medium-island': '0', 'Short-island': '1', 'Squeal': '0', 'Typical-entropy': '1', 'Voicing-quality': '1', 'Wide-band': '0', 'Xlong-island': '0', 'seq': '1', 'end': 41175.58, 'start': 41175.35}]",0,0,[],[]
41175580,41176410,NA,NOF,0.0,1299,AICM,NA,NA,NA,NA,0.0,0,-29.27,-12.65,[],0,0,[],[]
41176410,41177520,FEM,FAN,3.73,1299,AICM,RC,2,TIFE,FI,0.0,0,-37.39,-30.6,[],0,0,[],[]
41177520,41178650,MAL,MAN,2.12,1299,AICM,RC,2,TIMI,FI,0.0,0,-33.76,-17.97,[],0,0,[],[]
41178650,41179620,CHI,CHN,0.0,1299,AICM,RC,3,TIMR,FI,1.0,330,-20.77,-9.14,"[{'Canonical-syllable': '1', 'Growl': '0', 'High-freq-energy': '0', 'Long-island': '0', 'Low-tilt-spectrum': '0', 'Medium-island': '1', 'Short-island': '0', 'Squeal': '0', 'Typical-entropy': '1', 'Voicing-quality': '1', 'Wide-band': '0', 'Xlong-island': '0', 'seq': '1', 'end': 41179.62, 'start': 41179.29}]",0,0,[],[]
41179620,41180420,NA,NOF,0.0,1299,AICM,NA,NA,NA,NA,0.0,0,-39.75,-27.56,[],0,0,[],[]
41180420,41181530,NA,SIL,0.0,1299,AICM,NA,NA,NA,NA,0.0,0,-44.75,-32.73,[],0,0,[],[]
41181530,41183160,FEM,FAN,5.94,1299,AICM,RC,3,TIFI,FI,0.0,0,-36.58,-28.81,[],0,0,[],[]
41183160,41183760,CHI,CHN,0.0,1299,AICM,RC,4,TIFR,FI,1.0,470,-18.74,-10.76,"[{'Canonical-syllable': '0', 'Growl': '0', 'High-freq-energy': '0', 'Long-island': '0', 'Low-tilt-spectrum': '1', 'Medium-island': '1', 'Short-island': '0', 'Squeal': '0', 'Typical-entropy': '1', 'Voicing-quality': '1', 'Wide-band': '0', 'Xlong-island': '0', 'seq': '1', 'end': 41183.63, 'start': 41183.34}]",0,0,[],[]
41183760,41184760,FEM,FAN,1.31,1299,AICM,RC,4,TIFI,FI,0.0,0,-37.39,-31.33,[],0,0,[],[]
41184760,41185950,CHI,CHN,0.0,1299,AICM,RC,5,TIFR,FI,1.0,260,-28.84,-14.82,"[{'Canonical-syllable': '0', 'Growl': '0', 'High-freq-energy': '0', 'Long-island': '0', 'Low-tilt-spectrum': '1', 'Medium-island': '1', 'Short-island': '0', 'Squeal': '0', 'Typical-entropy': '1', 'Voicing-quality': '1', 'Wide-band': '0', 'Xlong-island': '0', 'seq': '1', 'end': 41185.78, 'start': 41185.52}]",0,0,[],[]
41185950,41189760,FEM,FAN,13.22,1299,AICM,RC,5,TIFE,FI,0.0,0,-29.11,-6.85,[],0,0,[],[]
41189760,41190830,NA,NOF,0.0,1299,AICM,NA,NA,NA,NA,0.0,0,-17.4,-3.24,[],0,0,[],[]
41190830,41193300,FEM,FAN,9.98,1299,AICM,RC,5,TIFI,FH,0.0,0,-27.34,-17.27,[],0,0,[],[]
41193300,41193950,CHI,CHN,0.0,1299,AICM,RC,6,TIFR,FI,1.0,650,-22.0,-13.8,"[{'Canonical-syllable': '0', 'Growl': '0', 'High-freq-energy': '0', 'Long-island': '1', 'Low-tilt-spectrum': '1', 'Medium-island': '0', 'Short-island': '0', 'Squeal': '0', 'Typical-entropy': '1', 'Voicing-quality': '1', 'Wide-band': '0', 'Xlong-island': '0', 'seq': '1', 'end': 41193.95, 'start': 41193.3}]",0,0,[],[]
41193950,41196420,FEM,FAN,8.35,1299,AICM,RC,6,TIFI,FI,0.0,0,-23.97,-10.97,[],0,0,[],[]
41196420,41198520,CHI,CHN,0.0,1299,AICM,RC,7,TIFR,FI,1.0,2100,-15.72,-4.49,"[{'Canonical-syllable': '0', 'Growl': '0', 'High-freq-energy': '0', 'Long-island': '1', 'Low-tilt-spectrum': '4', 'Medium-island': '2', 'Short-island': '1', 'Squeal': '0', 'Typical-entropy': '4', 'Voicing-quality': '4', 'Wide-band': '0', 'Xlong-island': '0', 'seq': '1', 'end': 41198.52, 'start': 41196.5}]",0,0,[],[]
41198520,41199580,FEM,FAN,1.26,1299,AICM,RC,7,TIFE,FI,0.0,0,-28.57,-20.29,[],0,0,[],[]
41199580,41200380,NA,NOF,0.0,1299,AICM,NA,NA,NA,NA,0.0,0,-47.9,-37.41,[],0,0,[],[]
41200380,41201710,FEM,FAN,3.57,1299,AICM,RC,7,NT,FH,0.0,0,-33.06,-22.01,[],0,0,[],[]
41201710,41202520,NA,OLN,0.0,1299,AICM,NA,NA,NA,NA,0.0,0,-33.78,-26.51,[],0,0,[],[]
41202520,41203120,CHI,CHN,0.0,1299,AICM,NA,NA,NA,NA,0.0,0,-17.47,-10.35,[],0,600,"[{'start': 41202.52, 'end': 41203.12}]",[]
41203120,41204380,FEM,FAN,4.95,1299,AICM,RC,7,TIFI,FH,0.0,0,-32.84,-23.53,[],0,0,[],[]
41204380,41205450,CHI,CHN,0.0,1299,AICM,RC,8,TIFR,FI,1.0,1070,-15.05,-3.39,"[{'Canonical-syllable': '0', 'Growl': '0', 'High-freq-energy': '0', 'Long-island': '0', 'Low-tilt-spectrum': '2', 'Medium-island': '1', 'Short-island': '1', 'Squeal': '0', 'Typical-entropy': '2', 'Voicing-quality': '3', 'Wide-band': '0', 'Xlong-island': '0', 'seq': '1', 'end': 41205.45, 'start': 41204.38}]",0,0,[],[]
41205450,41207560,CHI,CHN,0.0,1299,AICM,RC,8,NT,FH,1.0,1930,-23.72,-14.52,"[{'Canonical-syllable': '0', 'Growl': '2', 'High-freq-energy': '0', 'Long-island': '1', 'Low-tilt-spectrum': '3', 'Medium-island': '1', 'Short-island': '1', 'Squeal': '0', 'Typical-entropy': '4', 'Voicing-quality': '4', 'Wide-band': '0', 'Xlong-island': '0', 'seq': '1', 'end': 41207.38, 'start': 41205.45}]",0,0,[],[]
41207560,41208450,CHI,CHN,0.0,1299,AICM,NA,NA,NA,NA,0.0,0,-14.91,-4.06,[],0,670,"[{'start': 41207.56, 'end': 41208.23}]",[]
41208450,41209460,CHI,CHN,0.0,1299,AICM,RC,8,NT,FH,1.0,490,-30.0,-21.51,"[{'Canonical-syllable': '0', 'Growl': '1', 'High-freq-energy': '0', 'Long-island': '0', 'Low-tilt-spectrum': '1', 'Medium-island': '1', 'Short-island': '0', 'Squeal': '0', 'Typical-entropy': '1', 'Voicing-quality': '1', 'Wide-band': '0', 'Xlong-island': '0', 'seq': '1', 'end': 41209.46, 'start': 41208.97}]",0,0,[],[]
41209460,41211590,CHI,CHN,0.0,1299,AICM,NA,NA,NA,NA,0.0,0,-14.93,-5.16,[],0,1920,"[{'start': 41209.46, 'end': 41211.38}]",[]
41211590,41212390,NA,OLN,0.0,1299,AICM,NA,NA,NA,NA,0.0,0,-22.35,-4.25,[],0,0,[],[]
41212390,41215280,FEM,FAN,10.2,1299,AICM,RC,8,TIFE,FI,0.0,0,-37.46,-27.8,[],0,0,[],[]
41215280,41216380,MAL,MAN,5.81,1299,AICM,EC,8,NT,FI,0.0,0,-34.09,-27.08,[],0,0,[],[]
41216380,41218020,NA,NOF,0.0,1300,pause,NA,NA,NA,NA,0.0,0,-19.19,-5.27,[],0,0,[],[]
41218020,41219470,NA,OLN,0.0,1300,pause,NA,NA,NA,NA,0.0,0,-32.28,-20.32,[],0,0,[],[]
41219470,41221360,NA,FAF,0.0,1300,pause,NA,NA,NA,NA,0.0,0,-36.62,-17.79,[],0,0,[],[]
41221360,41222450,NA,OLF,0.0,1300,pause,NA,NA,NA,NA,0.0,0,-32.65,-18.9,[],0,0,[],[]
41222450,41224810,NA,NOF,0.0,1300,pause,NA,NA,NA,NA,0.0,0,-22.95,-4.36,[],0,0,[],[]
41224810,41225650,NA,OLF,0.0,1300,pause,NA,NA,NA,NA,0.0,0,-40.71,-30.57,[],0,0,[],[]
41225650,41226600,NA,NOF,0.0,1300,pause,NA,NA,NA,NA,0.0,0,-45.42,-37.17,[],0,0,[],[]
41226600,41227930,NA,SIL,0.0,1300,pause,NA,NA,NA,NA,0.0,0,-48.17,-43.95,[],0,0,[],[]
41227930,41228600,CHI,CHN,0.0,1300,pause,NA,NA,NA,NA,0.0,0,-17.71,-5.34,[],0,110,[],"[{'start': 41228.34, 'end': 41228.45}]"
41228600,41229600,FEM,FAN,5.89,1300,AICF,BC,0,TIFI,FI,0.0,0,-30.51,-18.36,[],0,0,[],[]
41229600,41230940,NA,NOF,0.0,1300,AICF,NA,NA,NA,NA,0.0,0,-41.73,-34.08,[],0,0,[],[]
41230940,41231540,CHI,CHN,0.0,1300,AICF,NA,NA,NA,NA,0.0,0,-15.17,-2.5,[],0,210,[],"[{'start': 41231.07, 'end': 41231.28}]"
41231540,41232730,NA,SIL,0.0,1300,AICF,NA,NA,NA,NA,0.0,0,-47.69,-41.57,[],0,0,[],[]
41232730,41233350,CHI,CHN,0.0,1300,AICF,EC,1,TIFR,FI,1.0,310,-31.53,-24.13,"[{'Canonical-syllable': '0', 'Growl': '0', 'High-freq-energy': '0', 'Long-island': '0', 'Low-tilt-spectrum': '0', 'Medium-island': '1', 'Short-island': '0', 'Squeal': '0', 'Typical-entropy': '0', 'Voicing-quality': '1', 'Wide-band': '0', 'Xlong-island': '0', 'seq': '1', 'end': 41233.04, 'start': 41232.73}]",0,0,[],[]
41233350,41234210,NA,NOF,0.0,1301,pause,NA,NA,NA,NA,0.0,0,-14.88,-3.0,[],0,0,[],[]
41234210,41235150,NA,OLN,0.0,1301,pause,NA,NA,NA,NA,0.0,0,-24.32,-14.03,[],0,0,[],[]
41235150,41236020,NA,NOF,0.0,1301,pause,NA,NA,NA,NA,0.0,0,-19.86,-7.25,[],0,0,[],[]
41236020,41237090,NA,OLN,0.0,1301,pause,NA,NA,NA,NA,0.0,0,-14.34,-6.01,[],0,0,[],[]
41237090,41240970,NA,NOF,0.0,1301,pause,NA,NA,NA,NA,0.0,0,-35.19,-19.82,[],0,0,[],[]
41240970,41252670,NA,SIL,0.0,1301,pause,NA,NA,NA,NA,0.0,0,-45.65,-22.23,[],0,0,[],[]
41252670,41255760,NA,OLF,0.0,1301,pause,NA,NA,NA,NA,0.0,0,-20.52,-6.84,[],0,0,[],[]
41255760,41257200,NA,NOF,0.0,1301,pause,NA,NA,NA,NA,0.0,0,-34.43,-19.49,[],0,0,[],[]
41257200,41258560,NA,SIL,0.0,1301,pause,NA,NA,NA,NA,0.0,0,-41.81,-37.51,[],0,0,[],[]
41258560,41260470,NA,NOF,0.0,1301,pause,NA,NA,NA,NA,0.0,0,-36.26,-21.52,[],0,0,[],[]
41260470,41261320,CHI,CHN,0.0,1301,CIC,BC,0,NT,FI,1.0,850,-17.24,-11.02,"[{'Canonical-syllable': '1', 'Growl': '0', 'High-freq-energy': '0', 'Long-island': '0', 'Low-tilt-spectrum': '0', 'Medium-island': '2', 'Short-island': '0', 'Squeal': '0', 'Typical-entropy': '0', 'Voicing-quality': '2', 'Wide-band': '1', 'Xlong-island': '0', 'seq': '1', 'end': 41261.32, 'start': 41260.47}]",0,0,[],[]
41261320,41262120,NA,OLN,0.0,1301,CIC,NA,NA,NA,NA,0.0,0,-24.25,-16.1,[],0,0,[],[]
41262120,41262860,CHI,CHN,0.0,1301,CIC,RC,0,NT,FH,1.0,740,-17.28,-11.85,"[{'Canonical-syllable': '0', 'Growl': '0', 'High-freq-energy': '0', 'Long-island': '1', 'Low-tilt-spectrum': '0', 'Medium-island': '0', 'Short-island': '0', 'Squeal': '0', 'Typical-entropy': '1', 'Voicing-quality': '1', 'Wide-band': '0', 'Xlong-island': '0', 'seq': '1', 'end': 41262.86, 'start': 41262.12}]",0,0,[],[]
41262860,41263660,NA,OLN,0.0,1301,CIC,NA,NA,NA,NA,0.0,0,-28.44,-18.79,[],0,0,[],[]
41263660,41264410,CHI,CHN,0.0,1301,CIC,RC,0,TIFI,FH,1.0,750,-24.43,-19.24,"[{'Canonical-syllable': '0', 'Growl': '0', 'High-freq-energy': '0', 'Long-island': '0', 'Low-tilt-spectrum': '0', 'Medium-island': '1', 'Short-island': '1', 'Squeal': '0', 'Typical-entropy': '1', 'Voicing-quality': '2', 'Wide-band': '0', 'Xlong-island': '0', 'seq': '1', 'end': 41264.41, 'start': 41263.66}]",0,0,[],[]
41264410,41265440,NA,SIL,0.0,1301,CIC,NA,NA,NA,NA,0.0,0,-36.88,-22.29,[],0,0,[],[]
41265440,41266440,FEM,FAN,5.63,1301,CIC,EC,1,TIFR,FI,0.0,0,-28.53,-19.35,[],0,0,[],[]
41266440,41267340,NA,SIL,0.0,1302,pause,NA,NA,NA,NA,0.0,0,-39.43,-29.06,[],0,0,[],[]
41267340,41268270,NA,NOF,0.0,1302,pause,NA,NA,NA,NA,0.0,0,-22.82,-7.22,[],0,0,[],[]
41268270,41269710,NA,SIL,0.0,1302,pause,NA,NA,NA,NA,0.0,0,-39.39,-33.98,[],0,0,[],[]
41269710,41271410,NA,NOF,0.0,1302,pause,NA,NA,NA,NA,0.0,0,-25.45,-8.38,[],0,0,[],[]
41271410,41272250,NA,OLN,0.0,1302,pause,NA,NA,NA,NA,0.0,0,-16.61,-4.65,[],0,0,[],[]
41272250,41273190,NA,NON,0.0,1302,pause,NA,NA,NA,NA,0.0,0,-18.56,-3.57,[],0,0,[],[]
41273190,41273990,NA,SIL,0.0,1302,pause,NA,NA,NA,NA,0.0,0,-41.13,-37.36,[],0,0,[],[]
41273990,41276610,NA,NOF,0.0,1302,pause,NA,NA,NA,NA,0.0,0,-35.73,-25.69,[],0,0,[],[]
41276610,41277410,NA,SIL,0.0,1302,pause,NA,NA,NA,NA,0.0,0,-44.88,-41.48,[],0,0,[],[]
41277410,41278560,NA,NOF,0.0,1302,pause,NA,NA,NA,NA,0.0,0,-40.37,-23.92,[],0,0,[],[]
41278560,41279360,NA,SIL,0.0,1302,pause,NA,NA,NA,NA,0.0,0,-44.75,-40.65,[],0,0,[],[]
41279360,41280190,NA,NOF,0.0,1302,pause,NA,NA,NA,NA,0.0,0,-26.75,-8.36,[],0,0,[],[]
41280190,41280990,NA,SIL,0.0,1302,pause,NA,NA,NA,NA,0.0,0,-44.58,-38.87,[],0,0,[],[]
41280990,41284050,NA,NOF,0.0,1302,pause,NA,NA,NA,NA,0.0,0,-40.99,-24.24,[],0,0,[],[]
41284050,41285720,NA,SIL,0.0,1302,pause,NA,NA,NA,NA,0.0,0,-44.55,-31.04,[],0,0,[],[]
41285720,41286800,NA,NOF,0.0,1302,pause,NA,NA,NA,NA,0.0,0,-39.27,-28.99,[],0,0,[],[]
41286800,41287710,NA,SIL,0.0,1302,pause,NA,NA,NA,NA,0.0,0,-41.68,-31.47,[],0,0,[],[]
41287710,41289200,NA,NOF,0.0,1302,pause,NA,NA,NA,NA,0.0,0,-35.76,-21.09,[],0,0,[],[]
41289200,41291580,NA,SIL,0.0,1302,pause,NA,NA,NA,NA,0.0,0,-44.44,-39.88,[],0,0,[],[]
41291580,41292470,NA,NOF,0.0,1302,pause,NA,NA,NA,NA,0.0,0,-39.53,-30.62,[],0,0,[],[]
41292470,41293270,NA,SIL,0.0,1302,pause,NA,NA,NA,NA,0.0,0,-44.89,-40.35,[],0,0,[],[]
41293270,41295630,NA,NON,0.0,1302,pause,NA,NA,NA,NA,0.0,0,-26.35,-6.41,[],0,0,[],[]
41295630,41297480,NA,SIL,0.0,1302,pause,NA,NA,NA,NA,0.0,0,-45.82,-34.6,[],0,0,[],[]
41297480,41299570,NA,NOF,0.0,1302,pause,NA,NA,NA,NA,0.0,0,-45.09,-36.39,[],0,0,[],[]
41299570,41301100,NA,SIL,0.0,1302,pause,NA,NA,NA,NA,0.0,0,-49.35,-43.25,[],0,0,[],[]
41301100,41303740,NA,NOF,0.0,1302,pause,NA,NA,NA,NA,0.0,0,-18.44,-5.14,[],0,0,[],[]
41303740,41304840,NA,OLN,0.0,1302,pause,NA,NA,NA,NA,0.0,0,-16.12,-10.47,[],0,0,[],[]
41304840,41307580,NA,NOF,0.0,1302,pause,NA,NA,NA,NA,0.0,0,-18.49,-1.64,[],0,0,[],[]
41307580,41309280,NA,OLN,0.0,1302,pause,NA,NA,NA,NA,0.0,0,-27.81,-9.53,[],0,0,[],[]
41309280,41310900,NA,NOF,0.0,1302,pause,NA,NA,NA,NA,0.0,0,-32.44,-19.55,[],0,0,[],[]
41310900,41311940,NA,OLF,0.0,1302,pause,NA,NA,NA,NA,0.0,0,-31.26,-18.74,[],0,0,[],[]
41311940,41312970,NA,NOF,0.0,1302,pause,NA,NA,NA,NA,0.0,0,-31.65,-23.06,[],0,0,[],[]
41312970,41313870,NA,SIL,0.0,1302,pause,NA,NA,NA,NA,0.0,0,-49.48,-41.95,[],0,0,[],[]
41313870,41314890,CHI,CHN,0.0,1302,CIOCX,BC,0,NT,FI,2.0,640,-20.39,-13.85,"[{'Canonical-syllable': '0', 'Growl': '0', 'High-freq-energy': '0', 'Long-island': '0', 'Low-tilt-spectrum': '0', 'Medium-island': '1', 'Short-island': '0', 'Squeal': '0', 'Typical-entropy': '0', 'Voicing-quality': '1', 'Wide-band': '0', 'Xlong-island': '0', 'seq': '1', 'end': 41314.38, 'start': 41313.87}, {'Canonical-syllable': '0', 'Growl': '1', 'High-freq-energy': '0', 'Long-island': '0', 'Low-tilt-spectrum': '0', 'Medium-island': '0', 'Short-island': '0', 'Squeal': '0', 'Typical-entropy': '0', 'Voicing-quality': '1', 'Wide-band': '0', 'Xlong-island': '0', 'seq': '2', 'end': 41314.89, 'start': 41314.76}]",0,0,[],[]
41314890,41315890,OCH,CXN,0.0,1302,CIOCX,EC,0,NT,FI,0.0,0,-21.6,-15.82,[],0,0,[],[]
41315890,41316960,MAL,MAN,0.0,1303,pause,NA,NA,NA,NA,0.0,0,-35.09,-28.81,[],1070,0,[],[]
41316960,41318140,NA,NOF,0.0,1303,pause,NA,NA,NA,NA,0.0,0,-45.73,-34.18,[],0,0,[],[]
41318140,41318940,NA,SIL,0.0,1303,pause,NA,NA,NA,NA,0.0,0,-43.66,-33.65,[],0,0,[],[]
41318940,41320210,NA,MAF,0.0,1303,pause,NA,NA,NA,NA,0.0,0,-36.68,-31.21,[],0,0,[],[]
41320210,41322910,NA,SIL,0.0,1303,pause,NA,NA,NA,NA,0.0,0,-50.08,-39.15,[],0,0,[],[]
41322910,41323800,NA,NOF,0.0,1303,pause,NA,NA,NA,NA,0.0,0,-33.39,-20.84,[],0,0,[],[]
41323800,41324600,NA,SIL,0.0,1303,pause,NA,NA,NA,NA,0.0,0,-49.0,-44.05,[],0,0,[],[]
41324600,41325680,OCH,CXN,0.0,1303,XIOCC,BC,0,NT,FI,0.0,0,-27.1,-19.74,[],0,0,[],[]
41325680,41326300,CHI,CHN,0.0,1303,XIOCC,RC,0,NT,FI,1.0,300,-22.05,-16.86,"[{'Canonical-syllable': '0', 'Growl': '0', 'High-freq-energy': '0', 'Long-island': '0', 'Low-tilt-spectrum': '0', 'Medium-island': '1', 'Short-island': '0', 'Squeal': '0', 'Typical-entropy': '0', 'Voicing-quality': '1', 'Wide-band': '0', 'Xlong-island': '0', 'seq': '1', 'end': 41326.3, 'start': 41326.0}]",0,0,[],[]
41326300,41327120,OCH,CXN,0.0,1303,XIOCC,RC,0,NT,FI,0.0,0,-19.57,-11.06,[],0,0,[],[]
41327120,41329140,NA,SIL,0.0,1303,XIOCC,NA,NA,NA,NA,0.0,0,-42.65,-32.21,[],0,0,[],[]
41329140,41329940,OCH,CXN,0.0,1303,XIOCC,EC,0,NT,FH,0.0,0,-25.34,-19.07,[],0,0,[],[]
41329940,41334890,NA,SIL,0.0,1304,pause,NA,NA,NA,NA,0.0,0,-43.19,-32.22,[],0,0,[],[]
41334890,41336320,NA,MAF,0.0,1304,pause,NA,NA,NA,NA,0.0,0,-41.47,-32.87,[],0,0,[],[]
41336320,41346740,NA,SIL,0.0,1304,pause,NA,NA,NA,NA,0.0,0,-50.66,-37.46,[],0,0,[],[]
41346740,41347740,NA,TVF,0.0,1304,pause,NA,NA,NA,NA,0.0,0,-40.14,-35.1,[],0,0,[],[]
41347740,41348740,NA,MAF,0.0,1304,pause,NA,NA,NA,NA,0.0,0,-38.47,-34.48,[],0,0,[],[]
41348740,41349850,NA,TVF,0.0,1304,pause,NA,NA,NA,NA,0.0,0,-46.27,-39.38,[],0,0,[],[]
41349850,41352620,NA,NOF,0.0,1304,pause,NA,NA,NA,NA,0.0,0,-27.25,-11.47,[],0,0,[],[]
41352620,41355970,NA,SIL,0.0,1304,pause,NA,NA,NA,NA,0.0,0,-34.77,-11.39,[],0,0,[],[]
41355970,41356770,NA,NOF,0.0,1304,pause,NA,NA,NA,NA,0.0,0,-29.11,-11.66,[],0,0,[],[]
41356770,41358270,NA,SIL,0.0,1304,pause,NA,NA,NA,NA,0.0,0,-43.99,-26.41,[],0,0,[],[]
41358270,41359100,CHI,CHN,0.0,1304,CIC,BC,0,NT,FI,1.0,830,-21.19,-16.27,"[{'Canonical-syllable': '0', 'Growl': '0', 'High-freq-energy': '0', 'Long-island': '0', 'Low-tilt-spectrum': '0', 'Medium-island': '1', 'Short-island': '1', 'Squeal': '0', 'Typical-entropy': '0', 'Voicing-quality': '3', 'Wide-band': '1', 'Xlong-island': '0', 'seq': '1', 'end': 41359.1, 'start': 41358.27}]",0,0,[],[]
41359100,41359900,NA,SIL,0.0,1304,CIC,NA,NA,NA,NA,0.0,0,-46.42,-36.31,[],0,0,[],[]
41359900,41361800,CHI,CHN,0.0,1304,CIC,RC,0,TIFI,FH,3.0,890,-26.19,-17.81,"[{'Canonical-syllable': '0', 'Growl': '0', 'High-freq-energy': '0', 'Long-island': '0', 'Low-tilt-spectrum': '0', 'Medium-island': '0', 'Short-island': '1', 'Squeal': '0', 'Typical-entropy': '0', 'Voicing-quality': '1', 'Wide-band': '0', 'Xlong-island': '0', 'seq': '1', 'end': 41360.14, 'start': 41359.9}, {'Canonical-syllable': '0', 'Growl': '0', 'High-freq-energy': '0', 'Long-island': '0', 'Low-tilt-spectrum': '0', 'Medium-island': '0', 'Short-island': '0', 'Squeal': '0', 'Typical-entropy': '0', 'Voicing-quality': '1', 'Wide-band': '0', 'Xlong-island': '0', 'seq': '2', 'end': 41360.81, 'start': 41360.7}, {'Canonical-syllable': '0', 'Growl': '0', 'High-freq-energy': '0', 'Long-island': '0', 'Low-tilt-spectrum': '0', 'Medium-island': '0', 'Short-island': '2', 'Squeal': '0', 'Typical-entropy': '0', 'Voicing-quality': '2', 'Wide-band': '0', 'Xlong-island': '0', 'seq': '3', 'end': 41361.8, 'start': 41361.26}]",0,0,[],[]
41361800,41362800,FEM,FAN,0.0,1304,CIC,NA,NA,NA,NA,0.0,0,-25.35,-19.43,[],1000,0,[],[]
41362800,41363430,FEM,FAN,0.2,1304,CIC,EC,1,TIFR,FI,0.0,0,-26.01,-19.01,[],0,0,[],[]
41363430,41365540,NA,SIL,0.0,1305,pause,NA,NA,NA,NA,0.0,0,-41.62,-28.5,[],0,0,[],[]
41365540,41366610,NA,TVF,0.0,1305,pause,NA,NA,NA,NA,0.0,0,-39.25,-32.92,[],0,0,[],[]
41366610,41369550,NA,SIL,0.0,1305,pause,NA,NA,NA,NA,0.0,0,-44.66,-29.54,[],0,0,[],[]
41369550,41370350,NA,NOF,0.0,1305,pause,NA,NA,NA,NA,0.0,0,-33.19,-17.23,[],0,0,[],[]
41370350,41371360,NA,TVF,0.0,1305,pause,NA,NA,NA,NA,0.0,0,-47.5,-36.05,[],0,0,[],[]
41371360,41372880,NA,SIL,0.0,1305,pause,NA,NA,NA,NA,0.0,0,-47.57,-34.96,[],0,0,[],[]
41372880,41373680,NA,NOF,0.0,1305,pause,NA,NA,NA,NA,0.0,0,-35.42,-19.78,[],0,0,[],[]
41373680,41374520,NA,SIL,0.0,1305,pause,NA,NA,NA,NA,0.0,0,-46.88,-36.07,[],0,0,[],[]
41374520,41375740,NA,MAF,0.0,1305,pause,NA,NA,NA,NA,0.0,0,-30.71,-16.31,[],0,0,[],[]
41375740,41377130,NA,SIL,0.0,1305,pause,NA,NA,NA,NA,0.0,0,-48.05,-37.85,[],0,0,[],[]
41377130,41377980,NA,NOF,0.0,1305,pause,NA,NA,NA,NA,0.0,0,-42.73,-29.06,[],0,0,[],[]
41377980,41379040,NA,SIL,0.0,1305,pause,NA,NA,NA,NA,0.0,0,-45.76,-38.41,[],0,0,[],[]
41379040,41380140,OCH,CXN,0.0,1305,XIOCC,BC,0,NT,FI,0.0,0,-36.42,-27.63,[],0,0,[],[]
41380140,41381000,NA,NOF,0.0,1305,XIOCC,NA,NA,NA,NA,0.0,0,-39.38,-26.43,[],0,0,[],[]
41381000,41383560,NA,SIL,0.0,1305,XIOCC,NA,NA,NA,NA,0.0,0,-41.39,-21.37,[],0,0,[],[]
41383560,41384840,CHI,CHN,0.0,1305,XIOCC,RC,0,NT,FI,1.0,1280,-31.2,-21.46,"[{'Canonical-syllable': '0', 'Growl': '0', 'High-freq-energy': '0', 'Long-island': '0', 'Low-tilt-spectrum': '1', 'Medium-island': '1', 'Short-island': '2', 'Squeal': '0', 'Typical-entropy': '1', 'Voicing-quality': '3', 'Wide-band': '0', 'Xlong-island': '0', 'seq': '1', 'end': 41384.84, 'start': 41383.56}]",0,0,[],[]
41384840,41385660,NA,SIL,0.0,1305,XIOCC,NA,NA,NA,NA,0.0,0,-48.56,-41.12,[],0,0,[],[]
41385660,41387460,CHI,CHN,0.0,1305,XIOCC,EC,0,NT,FH,2.0,1310,-28.97,-19.67,"[{'Canonical-syllable': '1', 'Growl': '0', 'High-freq-energy': '0', 'Long-island': '0', 'Low-tilt-spectrum': '0', 'Medium-island': '1', 'Short-island': '0', 'Squeal': '0', 'Typical-entropy': '0', 'Voicing-quality': '1', 'Wide-band': '0', 'Xlong-island': '0', 'seq': '1', 'end': 41386.16, 'start': 41385.66}, {'Canonical-syllable': '0', 'Growl': '0', 'High-freq-energy': '0', 'Long-island': '0', 'Low-tilt-spectrum': '0', 'Medium-island': '2', 'Short-island': '0', 'Squeal': '0', 'Typical-entropy': '0', 'Voicing-quality': '2', 'Wide-band': '0', 'Xlong-island': '0', 'seq': '2', 'end': 41387.46, 'start': 41386.65}]",0,0,[],[]
41387460,41388370,NA,SIL,0.0,1306,pause,NA,NA,NA,NA,0.0,0,-47.58,-41.11,[],0,0,[],[]
41388370,41389810,NA,NOF,0.0,1306,pause,NA,NA,NA,NA,0.0,0,-40.89,-25.29,[],0,0,[],[]
41389810,41391090,NA,SIL,0.0,1306,pause,NA,NA,NA,NA,0.0,0,-47.39,-37.28,[],0,0,[],[]
41391090,41392170,NA,NOF,0.0,1306,pause,NA,NA,NA,NA,0.0,0,-43.5,-35.34,[],0,0,[],[]
41392170,41394140,NA,SIL,0.0,1306,pause,NA,NA,NA,NA,0.0,0,-47.02,-34.39,[],0,0,[],[]
41394140,41395660,NA,OLF,0.0,1306,pause,NA,NA,NA,NA,0.0,0,-36.81,-21.62,[],0,0,[],[]
41395660,41396460,NA,SIL,0.0,1306,pause,NA,NA,NA,NA,0.0,0,-49.14,-44.38,[],0,0,[],[]
41396460,41397520,NA,NOF,0.0,1306,pause,NA,NA,NA,NA,0.0,0,-44.25,-27.71,[],0,0,[],[]
41397520,41399040,NA,SIL,0.0,1306,pause,NA,NA,NA,NA,0.0,0,-48.5,-43.68,[],0,0,[],[]
41399040,41400230,OCH,CXN,0.0,1306,XM,BC,0,NT,FI,0.0,0,-37.86,-30.91,[],0,0,[],[]
41400230,41401100,NA,SIL,0.0,1306,XM,NA,NA,NA,NA,0.0,0,-46.85,-33.62,[],0,0,[],[]
41401100,41403280,OCH,CXN,0.0,1306,XM,RC,0,NT,FH,0.0,0,-31.02,-12.32,[],0,0,[],[]
41403280,41404080,NA,SIL,0.0,1306,XM,NA,NA,NA,NA,0.0,0,-44.97,-33.5,[],0,0,[],[]
41404080,41404880,OCH,CXN,0.0,1306,XM,EC,0,NT,FH,0.0,0,-39.5,-33.37,[],0,0,[],[]
41404880,41410780,NA,SIL,0.0,1307,pause,NA,NA,NA,NA,0.0,0,-46.66,-23.77,[],0,0,[],[]
41410780,41411580,NA,NOF,0.0,1307,pause,NA,NA,NA,NA,0.0,0,-49.67,-44.25,[],0,0,[],[]
41411580,41420410,NA,SIL,0.0,1307,pause,NA,NA,NA,NA,0.0,0,-49.73,-31.95,[],0,0,[],[]
41420410,41421350,NA,NOF,0.0,1307,pause,NA,NA,NA,NA,0.0,0,-36.59,-24.67,[],0,0,[],[]
41421350,41422150,NA,SIL,0.0,1307,pause,NA,NA,NA,NA,0.0,0,-40.66,-24.65,[],0,0,[],[]
41422150,41423310,NA,NOF,0.0,1307,pause,NA,NA,NA,NA,0.0,0,-38.9,-24.01,[],0,0,[],[]
41423310,41424200,NA,SIL,0.0,1307,pause,NA,NA,NA,NA,0.0,0,-38.78,-23.56,[],0,0,[],[]
41424200,41425000,NA,NOF,0.0,1307,pause,NA,NA,NA,NA,0.0,0,-34.82,-23.19,[],0,0,[],[]
41425000,41446220,NA,SIL,0.0,1307,pause,NA,NA,NA,NA,0.0,0,-30.15,-4.34,[],0,0,[],[]
41446220,41447020,NA,NOF,0.0,1307,pause,NA,NA,NA,NA,0.0,0,-34.67,-23.11,[],0,0,[],[]
41447020,41457600,NA,SIL,0.0,1307,pause,NA,NA,NA,NA,0.0,0,-43.26,-21.91,[],0,0,[],[]
41457600,41459970,NA,NOF,0.0,1307,pause,NA,NA,NA,NA,0.0,0,-34.34,-22.01,[],0,0,[],[]
41459970,41461420,NA,MAF,0.0,1307,pause,NA,NA,NA,NA,0.0,0,-47.0,-34.49,[],0,0,[],[]
41461420,41465100,NA,NOF,0.0,1307,pause,NA,NA,NA,NA,0.0,0,-32.39,-14.53,[],0,0,[],[]
41465100,41467080,NA,SIL,0.0,1307,pause,NA,NA,NA,NA,0.0,0,-39.25,-19.89,[],0,0,[],[]
41467080,41467880,NA,NOF,0.0,1307,pause,NA,NA,NA,NA,0.0,0,-42.38,-32.76,[],0,0,[],[]
41467880,41468680,NA,SIL,0.0,1307,pause,NA,NA,NA,NA,0.0,0,-49.25,-38.0,[],0,0,[],[]
41468680,41470850,NA,NOF,0.0,1307,pause,NA,NA,NA,NA,0.0,0,-25.48,-12.25,[],0,0,[],[]
41470850,41471800,NA,SIL,0.0,1307,pause,NA,NA,NA,NA,0.0,0,-47.5,-40.04,[],0,0,[],[]
41471800,41473460,MAL,MAN,1.38,1307,AICM,BC,0,TIMI,FI,0.0,0,-39.05,-26.7,[],0,0,[],[]
41473460,41475530,NA,NOF,0.0,1307,AICM,NA,NA,NA,NA,0.0,0,-38.48,-17.54,[],0,0,[],[]
41475530,41476560,NA,SIL,0.0,1307,AICM,NA,NA,NA,NA,0.0,0,-45.34,-37.78,[],0,0,[],[]
41476560,41477670,NA,NOF,0.0,1307,AICM,NA,NA,NA,NA,0.0,0,-17.22,-6.36,[],0,0,[],[]
41477670,41479100,CHI,CHN,0.0,1307,AICM,EC,1,TIMR,FI,2.0,1030,-18.22,-11.97,"[{'Canonical-syllable': '0', 'Growl': '1', 'High-freq-energy': '0', 'Long-island': '0', 'Low-tilt-spectrum': '0', 'Medium-island': '0', 'Short-island': '1', 'Squeal': '0', 'Typical-entropy': '0', 'Voicing-quality': '1', 'Wide-band': '1', 'Xlong-island': '0', 'seq': '1', 'end': 41477.86, 'start': 41477.67}, {'Canonical-syllable': '0', 'Growl': '0', 'High-freq-energy': '0', 'Long-island': '1', 'Low-tilt-spectrum': '0', 'Medium-island': '0', 'Short-island': '0', 'Squeal': '0', 'Typical-entropy': '0', 'Voicing-quality': '1', 'Wide-band': '0', 'Xlong-island': '0', 'seq': '2', 'end': 41479.1, 'start': 41478.26}]",0,0,[],[]
41479100,41480460,NA,SIL,0.0,1308,pause,NA,NA,NA,NA,0.0,0,-27.9,-8.12,[],0,0,[],[]
41480460,41481840,NA,TVF,0.0,1308,pause,NA,NA,NA,NA,0.0,0,-48.25,-37.18,[],0,0,[],[]
41481840,41482640,NA,SIL,0.0,1308,pause,NA,NA,NA,NA,0.0,0,-25.31,-8.28,[],0,0,[],[]
41482640,41483640,NA,TVF,0.0,1308,pause,NA,NA,NA,NA,0.0,0,-48.07,-40.11,[],0,0,[],[]
41483640,41484520,NA,SIL,0.0,1308,pause,NA,NA,NA,NA,0.0,0,-46.06,-28.79,[],0,0,[],[]
41484520,41485740,NA,TVF,0.0,1308,pause,NA,NA,NA,NA,0.0,0,-47.44,-40.05,[],0,0,[],[]
41485740,41486540,NA,SIL,0.0,1308,pause,NA,NA,NA,NA,0.0,0,-29.41,-12.84,[],0,0,[],[]
41486540,41488080,NA,TVF,0.0,1308,pause,NA,NA,NA,NA,0.0,0,-48.84,-41.71,[],0,0,[],[]
41488080,41488930,NA,SIL,0.0,1308,pause,NA,NA,NA,NA,0.0,0,-38.37,-21.75,[],0,0,[],[]
41488930,41489960,CHI,CHN,0.0,1308,CIC,BC,0,NT,FI,1.0,1030,-15.45,-8.86,"[{'Canonical-syllable': '0', 'Growl': '0', 'High-freq-energy': '0', 'Long-island': '0', 'Low-tilt-spectrum': '0', 'Medium-island': '1', 'Short-island': '1', 'Squeal': '0', 'Typical-entropy': '0', 'Voicing-quality': '3', 'Wide-band': '1', 'Xlong-island': '0', 'seq': '1', 'end': 41489.96, 'start': 41488.93}]",0,0,[],[]
41489960,41491080,CHI,CHN,0.0,1308,CIC,RC,0,NT,FH,2.0,430,-19.65,-9.15,"[{'Canonical-syllable': '1', 'Growl': '0', 'High-freq-energy': '0', 'Long-island': '0', 'Low-tilt-spectrum': '0', 'Medium-island': '0', 'Short-island': '1', 'Squeal': '0', 'Typical-entropy': '0', 'Voicing-quality': '1', 'Wide-band': '0', 'Xlong-island': '0', 'seq': '1', 'end': 41490.11, 'start': 41489.96}, {'Canonical-syllable': '1', 'Growl': '0', 'High-freq-energy': '0', 'Long-island': '0', 'Low-tilt-spectrum': '0', 'Medium-island': '0', 'Short-island': '1', 'Squeal': '0', 'Typical-entropy': '0', 'Voicing-quality': '1', 'Wide-band': '0', 'Xlong-island': '0', 'seq': '2', 'end': 41491.08, 'start': 41490.8}]",0,0,[],[]
41491080,41491880,NA,SIL,0.0,1308,CIC,NA,NA,NA,NA,0.0,0,-42.54,-24.83,[],0,0,[],[]
41491880,41493940,CHI,CHN,0.0,1308,CIC,RC,0,TIFI,FH,1.0,2060,-17.52,-13.15,"[{'Canonical-syllable': '1', 'Growl': '1', 'High-freq-energy': '0', 'Long-island': '1', 'Low-tilt-spectrum': '0', 'Medium-island': '1', 'Short-island': '2', 'Squeal': '0', 'Typical-entropy': '0', 'Voicing-quality': '5', 'Wide-band': '2', 'Xlong-island': '0', 'seq': '1', 'end': 41493.94, 'start': 41491.88}]",0,0,[],[]
41493940,41494940,NA,TVF,0.0,1308,CIC,NA,NA,NA,NA,0.0,0,-44.02,-28.07,[],0,0,[],[]
41494940,41495540,FEM,FAN,2.69,1308,CIC,RC,1,TIFR,FI,0.0,0,-34.67,-27.36,[],0,0,[],[]
41495540,41496340,NA,SIL,0.0,1308,CIC,NA,NA,NA,NA,0.0,0,-30.86,-11.99,[],0,0,[],[]
41496340,41498670,FEM,FAN,4.07,1308,CIC,EC,1,NT,FH,0.0,0,-22.64,-7.21,[],0,0,[],[]
41498670,41499470,NA,NOF,0.0,1309,pause,NA,NA,NA,NA,0.0,0,-22.27,-7.89,[],0,0,[],[]
41499470,41500790,NA,SIL,0.0,1309,pause,NA,NA,NA,NA,0.0,0,-46.1,-36.38,[],0,0,[],[]
41500790,41503430,NA,TVF,0.0,1309,pause,NA,NA,NA,NA,0.0,0,-46.46,-35.16,[],0,0,[],[]
41503430,41504230,NA,SIL,0.0,1309,pause,NA,NA,NA,NA,0.0,0,-45.44,-30.67,[],0,0,[],[]
41504230,41505420,NA,TVF,0.0,1309,pause,NA,NA,NA,NA,0.0,0,-47.2,-41.29,[],0,0,[],[]
41505420,41506220,NA,SIL,0.0,1309,pause,NA,NA,NA,NA,0.0,0,-45.16,-35.67,[],0,0,[],[]
41506220,41508880,NA,TVF,0.0,1309,pause,NA,NA,NA,NA,0.0,0,-46.78,-38.11,[],0,0,[],[]
41508880,41509690,NA,SIL,0.0,1309,pause,NA,NA,NA,NA,0.0,0,-41.27,-27.53,[],0,0,[],[]
41509690,41511240,CHI,CHN,0.0,1309,CM,EC,0,NT,FI,1.0,1550,-20.15,-13.16,"[{'Canonical-syllable': '0', 'Growl': '3', 'High-freq-energy': '0', 'Long-island': '0', 'Low-tilt-spectrum': '0', 'Medium-island': '1', 'Short-island': '2', 'Squeal': '0', 'Typical-entropy': '0', 'Voicing-quality': '5', 'Wide-band': '0', 'Xlong-island': '0', 'seq': '1', 'end': 41511.24, 'start': 41509.69}]",0,0,[],[]
41511240,41515130,NA,NOF,0.0,1310,pause,NA,NA,NA,NA,0.0,0,-26.32,-5.99,[],0,0,[],[]
41515130,41516300,NA,SIL,0.0,1310,pause,NA,NA,NA,NA,0.0,0,-48.52,-37.66,[],0,0,[],[]
41516300,41517160,NA,NOF,0.0,1310,pause,NA,NA,NA,NA,0.0,0,-42.36,-33.78,[],0,0,[],[]
41517160,41517760,CHI,CHN,0.0,1310,CM,EC,0,NT,FI,1.0,600,-30.37,-19.81,"[{'Canonical-syllable': '0', 'Growl': '1', 'High-freq-energy': '0', 'Long-island': '0', 'Low-tilt-spectrum': '1', 'Medium-island': '0', 'Short-island': '1', 'Squeal': '0', 'Typical-entropy': '1', 'Voicing-quality': '1', 'Wide-band': '0', 'Xlong-island': '0', 'seq': '1', 'end': 41517.76, 'start': 41517.24}]",0,0,[],[]
41517760,41519060,NA,NOF,0.0,1311,pause,NA,NA,NA,NA,0.0,0,-38.94,-23.58,[],0,0,[],[]
41519060,41520990,NA,SIL,0.0,1311,pause,NA,NA,NA,NA,0.0,0,-51.04,-42.99,[],0,0,[],[]
41520990,41521790,NA,NOF,0.0,1311,pause,NA,NA,NA,NA,0.0,0,-47.07,-36.78,[],0,0,[],[]
41521790,41522600,NA,SIL,0.0,1311,pause,NA,NA,NA,NA,0.0,0,-43.91,-30.54,[],0,0,[],[]
41522600,41524120,NA,NOF,0.0,1311,pause,NA,NA,NA,NA,0.0,0,-41.71,-29.28,[],0,0,[],[]
41524120,41527240,NA,SIL,0.0,1311,pause,NA,NA,NA,NA,0.0,0,-51.07,-44.42,[],0,0,[],[]
41527240,41528450,NA,TVF,0.0,1311,pause,NA,NA,NA,NA,0.0,0,-50.16,-42.1,[],0,0,[],[]
41528450,41530170,NA,SIL,0.0,1311,pause,NA,NA,NA,NA,0.0,0,-50.69,-44.44,[],0,0,[],[]
41530170,41530970,NA,MAF,0.0,1311,pause,NA,NA,NA,NA,0.0,0,-45.35,-38.86,[],0,0,[],[]
41530970,41531840,NA,SIL,0.0,1311,pause,NA,NA,NA,NA,0.0,0,-50.72,-45.54,[],0,0,[],[]
41531840,41533460,NA,NOF,0.0,1311,pause,NA,NA,NA,NA,0.0,0,-38.15,-19.09,[],0,0,[],[]
41533460,41534520,NA,SIL,0.0,1311,pause,NA,NA,NA,NA,0.0,0,-47.26,-32.04,[],0,0,[],[]
41534520,41535540,NA,MAF,0.0,1311,pause,NA,NA,NA,NA,0.0,0,-43.15,-32.03,[],0,0,[],[]
41535540,41536350,NA,SIL,0.0,1311,pause,NA,NA,NA,NA,0.0,0,-49.77,-44.69,[],0,0,[],[]
41536350,41537150,NA,OLF,0.0,1311,pause,NA,NA,NA,NA,0.0,0,-36.13,-28.64,[],0,0,[],[]
41537150,41537950,NA,SIL,0.0,1311,pause,NA,NA,NA,NA,0.0,0,-37.71,-26.82,[],0,0,[],[]
41537950,41538780,NA,NOF,0.0,1311,pause,NA,NA,NA,NA,0.0,0,-34.17,-19.48,[],0,0,[],[]
41538780,41540490,NA,SIL,0.0,1311,pause,NA,NA,NA,NA,0.0,0,-42.64,-23.11,[],0,0,[],[]
41540490,41541600,NA,TVF,0.0,1311,pause,NA,NA,NA,NA,0.0,0,-48.84,-43.07,[],0,0,[],[]
41541600,41549900,NA,SIL,0.0,1311,pause,NA,NA,NA,NA,0.0,0,-48.87,-26.08,[],0,0,[],[]
41549900,41550710,NA,NOF,0.0,1311,pause,NA,NA,NA,NA,0.0,0,-40.27,-24.68,[],0,0,[],[]
41550710,41553640,NA,SIL,0.0,1311,pause,NA,NA,NA,NA,0.0,0,-42.32,-27.98,[],0,0,[],[]
41553640,41554480,MAL,MAN,5.84,1311,AMM,EC,0,NT,FI,0.0,0,-35.26,-23.15,[],0,0,[],[]
41554480,41560870,NA,SIL,0.0,1312,pause,NA,NA,NA,NA,0.0,0,-44.45,-26.42,[],0,0,[],[]
41560870,41561870,NA,TVF,0.0,1312,pause,NA,NA,NA,NA,0.0,0,-48.27,-44.67,[],0,0,[],[]
41561870,41576760,NA,SIL,0.0,1312,pause,NA,NA,NA,NA,0.0,0,-47.39,-29.8,[],0,0,[],[]
41576760,41579900,NA,NOF,0.0,1312,pause,NA,NA,NA,NA,0.0,0,-32.77,-15.16,[],0,0,[],[]
41579900,41580700,NA,SIL,0.0,1312,pause,NA,NA,NA,NA,0.0,0,-46.3,-37.86,[],0,0,[],[]
41580700,41587020,NA,NOF,0.0,1312,pause,NA,NA,NA,NA,0.0,0,-30.16,-10.49,[],0,0,[],[]
41587020,41587880,NA,SIL,0.0,1312,pause,NA,NA,NA,NA,0.0,0,-39.02,-26.15,[],0,0,[],[]
41587880,41588680,NA,NOF,0.0,1312,pause,NA,NA,NA,NA,0.0,0,-24.48,-11.41,[],0,0,[],[]
41588680,41592850,NA,SIL,0.0,1312,pause,NA,NA,NA,NA,0.0,0,-37.11,-17.6,[],0,0,[],[]
41592850,41593650,NA,NOF,0.0,1312,pause,NA,NA,NA,NA,0.0,0,-20.07,-6.87,[],0,0,[],[]
41593650,41596140,NA,SIL,0.0,1312,pause,NA,NA,NA,NA,0.0,0,-46.34,-38.55,[],0,0,[],[]
41596140,41597220,NA,TVF,0.0,1312,pause,NA,NA,NA,NA,0.0,0,-47.57,-41.04,[],0,0,[],[]
41597220,41600600,NA,SIL,0.0,1312,pause,NA,NA,NA,NA,0.0,0,-46.4,-27.18,[],0,0,[],[]
41600600,41602200,NA,NOF,0.0,1312,pause,NA,NA,NA,NA,0.0,0,-28.21,-15.72,[],0,0,[],[]
41602200,41606490,NA,SIL,0.0,1312,pause,NA,NA,NA,NA,0.0,0,-48.49,-39.38,[],0,0,[],[]
41606490,41607290,NA,MAF,0.0,1312,pause,NA,NA,NA,NA,0.0,0,-36.22,-27.39,[],0,0,[],[]
41607290,41617430,NA,SIL,0.0,1312,pause,NA,NA,NA,NA,0.0,0,-42.8,-15.84,[],0,0,[],[]
41617430,41618440,NA,TVF,0.0,1312,pause,NA,NA,NA,NA,0.0,0,-42.04,-36.08,[],0,0,[],[]
41618440,41619940,NA,SIL,0.0,1312,pause,NA,NA,NA,NA,0.0,0,-48.91,-43.15,[],0,0,[],[]
41619940,41620740,NA,NOF,0.0,1312,pause,NA,NA,NA,NA,0.0,0,-32.52,-18.18,[],0,0,[],[]
41620740,41631260,NA,SIL,0.0,1312,pause,NA,NA,NA,NA,0.0,0,-38.71,-15.19,[],0,0,[],[]
41631260,41632260,NA,TVF,0.0,1312,pause,NA,NA,NA,NA,0.0,0,-40.49,-21.27,[],0,0,[],[]
41632260,41637130,NA,SIL,0.0,1312,pause,NA,NA,NA,NA,0.0,0,-39.22,-18.1,[],0,0,[],[]
41637130,41637730,FEM,FAN,1.32,1312,AMF,EC,0,NT,FI,0.0,0,-29.25,-23.28,[],0,0,[],[]
41637730,41639170,NA,SIL,0.0,1313,pause,NA,NA,NA,NA,0.0,0,-47.32,-31.19,[],0,0,[],[]
41639170,41640670,FEM,FAN,0.0,1313,pause,NA,NA,NA,NA,0.0,0,-32.03,-15.12,[],1500,0,[],[]
41640670,41641860,NA,TVN,0.0,1313,pause,NA,NA,NA,NA,0.0,0,-48.93,-39.92,[],0,0,[],[]
41641860,41647700,NA,SIL,0.0,1313,pause,NA,NA,NA,NA,0.0,0,-37.63,-13.01,[],0,0,[],[]
41647700,41648700,NA,MAF,0.0,1313,pause,NA,NA,NA,NA,0.0,0,-41.65,-28.53,[],0,0,[],[]
41648700,41650280,NA,SIL,0.0,1313,pause,NA,NA,NA,NA,0.0,0,-35.77,-18.16,[],0,0,[],[]
41650280,41651080,NA,NOF,0.0,1313,pause,NA,NA,NA,NA,0.0,0,-39.2,-23.47,[],0,0,[],[]
41651080,41652100,NA,SIL,0.0,1313,pause,NA,NA,NA,NA,0.0,0,-45.26,-29.18,[],0,0,[],[]
41652100,41653100,FEM,FAN,4.59,1313,AMF,EC,0,NT,FI,0.0,0,-31.53,-23.62,[],0,0,[],[]
41653100,41654030,NA,NOF,0.0,1314,pause,NA,NA,NA,NA,0.0,0,-42.05,-31.4,[],0,0,[],[]
41654030,41654670,FEM,FAN,0.0,1314,pause,NA,NA,NA,NA,0.0,0,-31.07,-23.33,[],640,0,[],[]
41654670,41655670,NA,FAF,0.0,1314,pause,NA,NA,NA,NA,0.0,0,-38.52,-32.77,[],0,0,[],[]
41655670,41657280,NA,SIL,0.0,1314,pause,NA,NA,NA,NA,0.0,0,-47.25,-38.01,[],0,0,[],[]
41657280,41657930,FEM,FAN,0.0,1314,pause,NA,NA,NA,NA,0.0,0,-34.49,-30.44,[],650,0,[],[]
41657930,41658730,NA,OLN,0.0,1314,pause,NA,NA,NA,NA,0.0,0,-31.29,-21.52,[],0,0,[],[]
41658730,41662420,NA,SIL,0.0,1314,pause,NA,NA,NA,NA,0.0,0,-49.49,-37.19,[],0,0,[],[]
41662420,41663410,NA,NOF,0.0,1314,pause,NA,NA,NA,NA,0.0,0,-42.5,-27.18,[],0,0,[],[]
41663410,41665910,NA,SIL,0.0,1314,pause,NA,NA,NA,NA,0.0,0,-47.01,-28.21,[],0,0,[],[]
41665910,41667470,NA,NOF,0.0,1314,pause,NA,NA,NA,NA,0.0,0,-23.5,-4.78,[],0,0,[],[]
41667470,41670690,NA,SIL,0.0,1314,pause,NA,NA,NA,NA,0.0,0,-45.3,-25.96,[],0,0,[],[]
41670690,41672390,NA,OLF,0.0,1314,pause,NA,NA,NA,NA,0.0,0,-32.61,-12.59,[],0,0,[],[]
41672390,41675380,NA,SIL,0.0,1314,pause,NA,NA,NA,NA,0.0,0,-42.93,-21.86,[],0,0,[],[]
41675380,41677710,NA,NOF,0.0,1314,pause,NA,NA,NA,NA,0.0,0,-43.31,-32.25,[],0,0,[],[]
41677710,41678550,NA,SIL,0.0,1314,pause,NA,NA,NA,NA,0.0,0,-48.12,-41.73,[],0,0,[],[]
41678550,41679710,NA,NOF,0.0,1314,pause,NA,NA,NA,NA,0.0,0,-43.21,-32.55,[],0,0,[],[]
41679710,41687800,NA,SIL,0.0,1314,pause,NA,NA,NA,NA,0.0,0,-45.41,-26.9,[],0,0,[],[]
41687800,41689390,NA,NOF,0.0,1314,pause,NA,NA,NA,NA,0.0,0,-40.37,-32.13,[],0,0,[],[]
41689390,41692600,NA,SIL,0.0,1314,pause,NA,NA,NA,NA,0.0,0,-50.26,-44.74,[],0,0,[],[]
41692600,41693970,NA,NOF,0.0,1314,pause,NA,NA,NA,NA,0.0,0,-23.73,-7.66,[],0,0,[],[]
41693970,41697170,NA,SIL,0.0,1314,pause,NA,NA,NA,NA,0.0,0,-47.55,-34.44,[],0,0,[],[]
41697170,41698040,NA,NOF,0.0,1314,pause,NA,NA,NA,NA,0.0,0,-42.73,-32.98,[],0,0,[],[]
41698040,41704530,NA,SIL,0.0,1314,pause,NA,NA,NA,NA,0.0,0,-47.26,-31.01,[],0,0,[],[]
41704530,41705580,NA,TVF,0.0,1314,pause,NA,NA,NA,NA,0.0,0,-44.38,-38.52,[],0,0,[],[]
41705580,41717900,NA,SIL,0.0,1314,pause,NA,NA,NA,NA,0.0,0,-47.25,-26.53,[],0,0,[],[]
41717900,41719590,NA,NOF,0.0,1314,pause,NA,NA,NA,NA,0.0,0,-41.77,-27.5,[],0,0,[],[]
41719590,41721260,NA,SIL,0.0,1314,pause,NA,NA,NA,NA,0.0,0,-46.42,-28.04,[],0,0,[],[]
41721260,41722230,NA,NOF,0.0,1314,pause,NA,NA,NA,NA,0.0,0,-41.08,-30.29,[],0,0,[],[]
41722230,41723550,NA,SIL,0.0,1314,pause,NA,NA,NA,NA,0.0,0,-49.63,-36.66,[],0,0,[],[]
41723550,41724350,NA,NOF,0.0,1314,pause,NA,NA,NA,NA,0.0,0,-46.64,-35.33,[],0,0,[],[]
41724350,41725700,NA,SIL,0.0,1314,pause,NA,NA,NA,NA,0.0,0,-47.26,-39.46,[],0,0,[],[]
41725700,41726500,NA,CHF,0.0,1314,CM,EC,0,NT,FI,1.0,800,-41.03,-30.17,"[{'Canonical-syllable': '0', 'Growl': '1', 'High-freq-energy': '0', 'Long-island': '1', 'Low-tilt-spectrum': '1', 'Medium-island': '0', 'Short-island': '0', 'Squeal': '0', 'Typical-entropy': '0', 'Voicing-quality': '1', 'Wide-band': '0', 'Xlong-island': '0', 'seq': '1', 'end': 41726.5, 'start': 41725.7}]",0,0,[],[]
41726500,41729230,NA,SIL,0.0,1315,pause,NA,NA,NA,NA,0.0,0,-47.86,-28.96,[],0,0,[],[]
41729230,41730260,NA,NOF,0.0,1315,pause,NA,NA,NA,NA,0.0,0,-40.88,-29.39,[],0,0,[],[]
41730260,41738890,NA,SIL,0.0,1315,pause,NA,NA,NA,NA,0.0,0,-48.1,-31.94,[],0,0,[],[]
41738890,41740410,NA,NOF,0.0,1315,pause,NA,NA,NA,NA,0.0,0,-41.44,-30.37,[],0,0,[],[]
41740410,41745670,NA,SIL,0.0,1315,pause,NA,NA,NA,NA,0.0,0,-48.56,-30.92,[],0,0,[],[]
41745670,41746960,NA,NOF,0.0,1315,pause,NA,NA,NA,NA,0.0,0,-44.13,-34.59,[],0,0,[],[]
41746960,41748850,NA,SIL,0.0,1315,pause,NA,NA,NA,NA,0.0,0,-44.37,-32.62,[],0,0,[],[]
41748850,41751740,NA,NOF,0.0,1315,pause,NA,NA,NA,NA,0.0,0,-38.17,-20.63,[],0,0,[],[]
41751740,41754410,NA,SIL,0.0,1315,pause,NA,NA,NA,NA,0.0,0,-49.14,-39.33,[],0,0,[],[]
41754410,41755210,NA,NOF,0.0,1315,pause,NA,NA,NA,NA,0.0,0,-41.11,-32.0,[],0,0,[],[]
41755210,41758430,NA,SIL,0.0,1315,pause,NA,NA,NA,NA,0.0,0,-44.63,-30.45,[],0,0,[],[]
41758430,41759470,NA,OLF,0.0,1315,pause,NA,NA,NA,NA,0.0,0,-32.73,-22.5,[],0,0,[],[]
41759470,41761040,NA,OLN,0.0,1315,pause,NA,NA,NA,NA,0.0,0,-16.44,-4.4,[],0,0,[],[]
41761040,41762100,NA,NON,0.0,1315,pause,NA,NA,NA,NA,0.0,0,-28.51,-18.65,[],0,0,[],[]
41762100,41765650,NA,OLN,0.0,1315,pause,NA,NA,NA,NA,0.0,0,-31.27,-20.58,[],0,0,[],[]
41765650,41767020,NA,NOF,0.0,1315,pause,NA,NA,NA,NA,0.0,0,-30.91,-18.49,[],0,0,[],[]
41767020,41768020,MAL,MAN,4.35,1315,AMM,EC,0,NT,FI,0.0,0,-37.56,-22.98,[],0,0,[],[]
41768020,41769950,NA,SIL,0.0,1316,pause,NA,NA,NA,NA,0.0,0,-48.78,-34.64,[],0,0,[],[]
41769950,41770980,NA,MAF,0.0,1316,pause,NA,NA,NA,NA,0.0,0,-42.62,-35.54,[],0,0,[],[]
41770980,41772270,NA,SIL,0.0,1316,pause,NA,NA,NA,NA,0.0,0,-51.39,-46.51,[],0,0,[],[]
41772270,41773620,NA,TVF,0.0,1316,pause,NA,NA,NA,NA,0.0,0,-50.25,-45.72,[],0,0,[],[]
41773620,41778090,NA,SIL,0.0,1316,pause,NA,NA,NA,NA,0.0,0,-49.58,-38.1,[],0,0,[],[]
41778090,41779100,NA,MAF,0.0,1316,pause,NA,NA,NA,NA,0.0,0,-48.26,-42.08,[],0,0,[],[]
41779100,41779900,NA,SIL,0.0,1316,pause,NA,NA,NA,NA,0.0,0,-49.3,-44.86,[],0,0,[],[]
41779900,41780900,NA,MAF,0.0,1316,pause,NA,NA,NA,NA,0.0,0,-44.95,-32.49,[],0,0,[],[]
41780900,41782150,NA,SIL,0.0,1316,pause,NA,NA,NA,NA,0.0,0,-50.54,-44.89,[],0,0,[],[]
41782150,41789250,NA,NON,0.0,1316,pause,NA,NA,NA,NA,0.0,0,-51.06,-45.68,[],0,0,[],[]
41789250,41795000,NA,NON,0.0,1316,pause,NA,NA,NA,NA,0.0,0,-50.45,-36.44,[],0,0,[],[]
41795000,41799120,MAL,MAN,7.69,1316,AMM,EC,0,NT,FI,0.0,0,-39.77,-33.31,[],0,0,[],[]
41799120,41801980,NA,SIL,0.0,1317,pause,NA,NA,NA,NA,0.0,0,-50.56,-40.26,[],0,0,[],[]
41801980,41802580,NA,NOF,0.0,1317,pause,NA,NA,NA,NA,0.0,0,-39.09,-28.84,[],0,0,[],[]
41802580,41807950,NA,SIL,0.0,1317,pause,NA,NA,NA,NA,0.0,0,-27.33,-3.44,[],0,0,[],[]
41807950,41814700,NA,NON,0.0,1317,pause,NA,NA,NA,NA,0.0,0,-50.39,-45.02,[],0,0,[],[]
41814700,41816200,NA,SIL,0.0,1317,pause,NA,NA,NA,NA,0.0,0,-50.32,-36.3,[],0,0,[],[]
41816200,41816800,NA,NOF,0.0,1317,pause,NA,NA,NA,NA,0.0,0,-23.75,-11.32,[],0,0,[],[]
41816800,41823710,NA,SIL,0.0,1317,pause,NA,NA,NA,NA,0.0,0,-50.5,-33.58,[],0,0,[],[]
41823710,41824510,NA,NON,0.0,1317,pause,NA,NA,NA,NA,0.0,0,-29.03,-11.13,[],0,0,[],[]
41824510,41827820,NA,SIL,0.0,1317,pause,NA,NA,NA,NA,0.0,0,-48.4,-32.39,[],0,0,[],[]
41827820,41828620,NA,FAF,0.0,1317,pause,NA,NA,NA,NA,0.0,0,-41.17,-33.58,[],0,0,[],[]
41828620,41849980,NA,SIL,0.0,1317,pause,NA,NA,NA,NA,0.0,0,-48.22,-23.76,[],0,0,[],[]
41849980,41851400,NA,FAF,0.0,1317,pause,NA,NA,NA,NA,0.0,0,-41.0,-33.98,[],0,0,[],[]
41851400,41852880,NA,SIL,0.0,1317,pause,NA,NA,NA,NA,0.0,0,-50.73,-42.78,[],0,0,[],[]
41852880,41853680,NA,FAF,0.0,1317,pause,NA,NA,NA,NA,0.0,0,-45.55,-33.94,[],0,0,[],[]
41853680,41854480,NA,SIL,0.0,1317,pause,NA,NA,NA,NA,0.0,0,-48.48,-35.7,[],0,0,[],[]
41854480,41855300,NA,NOF,0.0,1317,pause,NA,NA,NA,NA,0.0,0,-42.59,-32.67,[],0,0,[],[]
41855300,41858560,NA,SIL,0.0,1317,pause,NA,NA,NA,NA,0.0,0,-49.34,-32.56,[],0,0,[],[]
41858560,41859360,NA,NOF,0.0,1317,pause,NA,NA,NA,NA,0.0,0,-42.53,-29.66,[],0,0,[],[]
41859360,41870170,NA,SIL,0.0,1317,pause,NA,NA,NA,NA,0.0,0,-49.88,-30.87,[],0,0,[],[]
41870170,41870970,NA,NOF,0.0,1317,pause,NA,NA,NA,NA,0.0,0,-31.6,-14.65,[],0,0,[],[]
41870970,41874040,NA,SIL,0.0,1317,pause,NA,NA,NA,NA,0.0,0,-47.95,-34.08,[],0,0,[],[]
41874040,41875090,NA,NOF,0.0,1317,pause,NA,NA,NA,NA,0.0,0,-40.01,-27.83,[],0,0,[],[]
41875090,41879350,NA,SIL,0.0,1317,pause,NA,NA,NA,NA,0.0,0,-51.1,-45.76,[],0,0,[],[]
41879350,41880350,CHI,CHN,0.0,1317,CM,EC,0,NT,FI,1.0,430,-29.63,-24.16,"[{'Canonical-syllable': '1', 'Growl': '0', 'High-freq-energy': '0', 'Long-island': '0', 'Low-tilt-spectrum': '0', 'Medium-island': '1', 'Short-island': '0', 'Squeal': '0', 'Typical-entropy': '0', 'Voicing-quality': '1', 'Wide-band': '0', 'Xlong-island': '0', 'seq': '1', 'end': 41880.15, 'start': 41879.72}]",0,0,[],[]
41880350,41886400,NA,NON,0.0,1318,pause,NA,NA,NA,NA,0.0,0,-51.68,-46.63,[],0,0,[],[]
41886400,41888190,NA,SIL,0.0,1318,pause,NA,NA,NA,NA,0.0,0,-48.28,-36.02,[],0,0,[],[]
41888190,41894970,NA,NOF,0.0,1318,pause,NA,NA,NA,NA,0.0,0,-37.43,-19.79,[],0,0,[],[]
41894970,41895980,NA,OLN,0.0,1318,pause,NA,NA,NA,NA,0.0,0,-31.55,-17.1,[],0,0,[],[]
41895980,41897350,NA,SIL,0.0,1318,pause,NA,NA,NA,NA,0.0,0,-48.15,-38.71,[],0,0,[],[]
41897350,41898760,NA,NON,0.0,1318,pause,NA,NA,NA,NA,0.0,0,-21.77,-8.91,[],0,0,[],[]
41898760,41899560,NA,OLN,0.0,1318,pause,NA,NA,NA,NA,0.0,0,-15.53,-6.67,[],0,0,[],[]
41899560,41900670,OCH,CXN,0.0,1318,XM,EC,0,NT,FI,0.0,0,-14.95,-13.14,[],0,0,[],[]
41900670,41907600,NA,NOF,0.0,1319,pause,NA,NA,NA,NA,0.0,0,-34.1,-17.12,[],0,0,[],[]
41907600,41908880,NA,MAF,0.0,1319,pause,NA,NA,NA,NA,0.0,0,-42.4,-30.25,[],0,0,[],[]
41908880,41910220,NA,NOF,0.0,1319,pause,NA,NA,NA,NA,0.0,0,-27.27,-10.48,[],0,0,[],[]
41910220,41911090,NA,SIL,0.0,1319,pause,NA,NA,NA,NA,0.0,0,-47.96,-42.48,[],0,0,[],[]
41911090,41915650,NA,NOF,0.0,1319,pause,NA,NA,NA,NA,0.0,0,-23.36,-5.45,[],0,0,[],[]
41915650,41916450,NA,OLF,0.0,1319,pause,NA,NA,NA,NA,0.0,0,-33.69,-25.35,[],0,0,[],[]
41916450,41917270,NA,NOF,0.0,1319,pause,NA,NA,NA,NA,0.0,0,-37.16,-27.91,[],0,0,[],[]
41917270,41919780,NA,SIL,0.0,1319,pause,NA,NA,NA,NA,0.0,0,-44.3,-32.1,[],0,0,[],[]
41919780,41920720,NA,OLF,0.0,1319,pause,NA,NA,NA,NA,0.0,0,-25.21,-16.75,[],0,0,[],[]
41920720,41923180,NA,NOF,0.0,1319,pause,NA,NA,NA,NA,0.0,0,-28.45,-10.74,[],0,0,[],[]
41923180,41924100,NA,OLF,0.0,1319,pause,NA,NA,NA,NA,0.0,0,-23.42,-16.23,[],0,0,[],[]
41924100,41924900,NA,NON,0.0,1319,pause,NA,NA,NA,NA,0.0,0,-17.96,-7.77,[],0,0,[],[]
41924900,41925700,NA,OLN,0.0,1319,pause,NA,NA,NA,NA,0.0,0,-31.07,-24.79,[],0,0,[],[]
41925700,41926500,NA,NON,0.0,1319,pause,NA,NA,NA,NA,0.0,0,-22.11,-15.24,[],0,0,[],[]
41926500,41927360,NA,OLF,0.0,1319,pause,NA,NA,NA,NA,0.0,0,-33.29,-22.16,[],0,0,[],[]
41927360,41928180,NA,SIL,0.0,1319,pause,NA,NA,NA,NA,0.0,0,-47.8,-34.17,[],0,0,[],[]
41928180,41930990,NA,NOF,0.0,1319,pause,NA,NA,NA,NA,0.0,0,-40.45,-26.09,[],0,0,[],[]
41930990,41932290,NA,SIL,0.0,1319,pause,NA,NA,NA,NA,0.0,0,-45.49,-34.19,[],0,0,[],[]
41932290,41933510,NA,NOF,0.0,1319,pause,NA,NA,NA,NA,0.0,0,-42.34,-31.56,[],0,0,[],[]
41933510,41934790,NA,SIL,0.0,1319,pause,NA,NA,NA,NA,0.0,0,-42.81,-29.76,[],0,0,[],[]
41934790,41936390,NA,NOF,0.0,1319,pause,NA,NA,NA,NA,0.0,0,-41.04,-32.87,[],0,0,[],[]
41936390,41936990,CHI,CHN,0.0,1319,CIOCX,BC,0,NT,FI,1.0,320,-22.62,-12.78,"[{'Canonical-syllable': '0', 'Growl': '0', 'High-freq-energy': '0', 'Long-island': '0', 'Low-tilt-spectrum': '0', 'Medium-island': '0', 'Short-island': '1', 'Squeal': '0', 'Typical-entropy': '1', 'Voicing-quality': '1', 'Wide-band': '0', 'Xlong-island': '0', 'seq': '1', 'end': 41936.71, 'start': 41936.49}]",0,0,[],[]
41936990,41937820,NA,NOF,0.0,1319,CIOCX,NA,NA,NA,NA,0.0,0,-44.44,-36.55,[],0,0,[],[]
41937820,41938840,OCH,CXN,0.0,1319,CIOCX,RC,0,NT,FI,0.0,0,-32.48,-23.11,[],0,0,[],[]
41938840,41939710,NA,NOF,0.0,1319,CIOCX,NA,NA,NA,NA,0.0,0,-41.29,-29.1,[],0,0,[],[]
41939710,41940310,CHI,CHN,0.0,1319,CIOCX,EC,0,NT,FI,1.0,600,-25.81,-18.75,"[{'Canonical-syllable': '1', 'Growl': '0', 'High-freq-energy': '0', 'Long-island': '0', 'Low-tilt-spectrum': '0', 'Medium-island': '1', 'Short-island': '0', 'Squeal': '0', 'Typical-entropy': '0', 'Voicing-quality': '1', 'Wide-band': '0', 'Xlong-island': '0', 'seq': '1', 'end': 41940.31, 'start': 41939.84}]",0,0,[],[]
41940310,41941640,NA,OLN,0.0,1320,pause,NA,NA,NA,NA,0.0,0,-25.67,-13.69,[],0,0,[],[]
41941640,41945510,NA,NOF,0.0,1320,pause,NA,NA,NA,NA,0.0,0,-27.31,-9.84,[],0,0,[],[]
41945510,41946470,NA,OLN,0.0,1320,pause,NA,NA,NA,NA,0.0,0,-23.16,-11.61,[],0,0,[],[]
41946470,41948360,NA,NOF,0.0,1320,pause,NA,NA,NA,NA,0.0,0,-38.22,-26.57,[],0,0,[],[]
41948360,41949620,NA,SIL,0.0,1320,pause,NA,NA,NA,NA,0.0,0,-45.56,-36.28,[],0,0,[],[]
41949620,41950600,NA,NOF,0.0,1320,pause,NA,NA,NA,NA,0.0,0,-35.91,-17.94,[],0,0,[],[]
41950600,41952000,NA,SIL,0.0,1320,pause,NA,NA,NA,NA,0.0,0,-50.59,-39.65,[],0,0,[],[]
41952000,41953050,NA,NOF,0.0,1320,pause,NA,NA,NA,NA,0.0,0,-47.3,-41.54,[],0,0,[],[]
41953050,41953870,NA,OLF,0.0,1320,pause,NA,NA,NA,NA,0.0,0,-44.96,-31.4,[],0,0,[],[]
41953870,41955020,NA,NOF,0.0,1320,pause,NA,NA,NA,NA,0.0,0,-37.95,-24.73,[],0,0,[],[]
41955020,41955820,NA,OLN,0.0,1320,pause,NA,NA,NA,NA,0.0,0,-18.89,-7.71,[],0,0,[],[]
41955820,41956620,NA,NOF,0.0,1320,pause,NA,NA,NA,NA,0.0,0,-22.96,-18.79,[],0,0,[],[]
41956620,41957750,NA,OLN,0.0,1320,pause,NA,NA,NA,NA,0.0,0,-33.73,-23.68,[],0,0,[],[]
41957750,41961130,NA,NOF,0.0,1320,pause,NA,NA,NA,NA,0.0,0,-32.4,-17.26,[],0,0,[],[]
41961130,41962680,NA,OLN,0.0,1320,pause,NA,NA,NA,NA,0.0,0,-20.37,-7.9,[],0,0,[],[]
41962680,41965800,NA,NOF,0.0,1320,pause,NA,NA,NA,NA,0.0,0,-17.72,-2.22,[],0,0,[],[]
41965800,41967090,NA,SIL,0.0,1320,pause,NA,NA,NA,NA,0.0,0,-43.36,-36.1,[],0,0,[],[]
41967090,41969850,NA,NOF,0.0,1320,pause,NA,NA,NA,NA,0.0,0,-40.45,-28.36,[],0,0,[],[]
41969850,41970680,NA,OLF,0.0,1320,pause,NA,NA,NA,NA,0.0,0,-34.71,-17.5,[],0,0,[],[]
41970680,41971620,NA,NOF,0.0,1320,pause,NA,NA,NA,NA,0.0,0,-43.49,-35.28,[],0,0,[],[]
41971620,41972440,NA,OLN,0.0,1320,pause,NA,NA,NA,NA,0.0,0,-27.71,-16.72,[],0,0,[],[]
41972440,41976420,NA,NOF,0.0,1320,pause,NA,NA,NA,NA,0.0,0,-21.61,-7.24,[],0,0,[],[]
41976420,41977220,NA,OLN,0.0,1320,pause,NA,NA,NA,NA,0.0,0,-26.76,-17.76,[],0,0,[],[]
41977220,41982430,NA,NOF,0.0,1320,pause,NA,NA,NA,NA,0.0,0,-38.86,-14.12,[],0,0,[],[]
41982430,41984010,NA,SIL,0.0,1320,pause,NA,NA,NA,NA,0.0,0,-49.15,-39.15,[],0,0,[],[]
41984010,41985340,NA,NOF,0.0,1320,pause,NA,NA,NA,NA,0.0,0,-42.07,-32.12,[],0,0,[],[]
41985340,41986630,NA,SIL,0.0,1320,pause,NA,NA,NA,NA,0.0,0,-50.02,-40.15,[],0,0,[],[]
41986630,41990660,NA,NOF,0.0,1320,pause,NA,NA,NA,NA,0.0,0,-23.43,-7.17,[],0,0,[],[]
41990660,41991460,NA,OLN,0.0,1320,pause,NA,NA,NA,NA,0.0,0,-26.54,-21.06,[],0,0,[],[]
41991460,41993180,NA,NON,0.0,1320,pause,NA,NA,NA,NA,0.0,0,-24.24,-11.26,[],0,0,[],[]
41993180,41994010,NA,OLN,0.0,1320,pause,NA,NA,NA,NA,0.0,0,-22.97,-11.78,[],0,0,[],[]
41994010,41996160,NA,NOF,0.0,1320,pause,NA,NA,NA,NA,0.0,0,-14.41,-4.05,[],0,0,[],[]
41996160,41996960,NA,OLF,0.0,1320,pause,NA,NA,NA,NA,0.0,0,-27.41,-13.17,[],0,0,[],[]
41996960,41999580,NA,NOF,0.0,1320,pause,NA,NA,NA,NA,0.0,0,-32.26,-18.04,[],0,0,[],[]
41999580,42000410,NA,OLF,0.0,1320,pause,NA,NA,NA,NA,0.0,0,-15.74,-3.21,[],0,0,[],[]
42000410,42002900,NA,NOF,0.0,1320,pause,NA,NA,NA,NA,0.0,0,-26.61,-16.54,[],0,0,[],[]
42002900,42003710,NA,SIL,0.0,1320,pause,NA,NA,NA,NA,0.0,0,-48.79,-40.48,[],0,0,[],[]
42003710,42005040,NA,NON,0.0,1320,pause,NA,NA,NA,NA,0.0,0,-33.66,-20.45,[],0,0,[],[]
42005040,42007050,NA,OLN,0.0,1320,pause,NA,NA,NA,NA,0.0,0,-27.15,-16.5,[],0,0,[],[]
42007050,42012320,NA,NOF,0.0,1320,pause,NA,NA,NA,NA,0.0,0,-41.08,-24.43,[],0,0,[],[]
42012320,42013470,NA,OLN,0.0,1320,pause,NA,NA,NA,NA,0.0,0,-21.9,-6.91,[],0,0,[],[]
42013470,42018230,NA,NOF,0.0,1320,pause,NA,NA,NA,NA,0.0,0,-32.45,-14.14,[],0,0,[],[]
42018230,42019130,NA,OLN,0.0,1320,pause,NA,NA,NA,NA,0.0,0,-25.82,-14.27,[],0,0,[],[]
42019130,42020130,NA,MAF,0.0,1320,pause,NA,NA,NA,NA,0.0,0,-35.77,-29.46,[],0,0,[],[]
42020130,42020930,NA,OLF,0.0,1320,pause,NA,NA,NA,NA,0.0,0,-31.61,-22.33,[],0,0,[],[]
42020930,42022320,NA,NOF,0.0,1320,pause,NA,NA,NA,NA,0.0,0,-35.34,-17.55,[],0,0,[],[]
42022320,42025140,NA,OLN,0.0,1320,pause,NA,NA,NA,NA,0.0,0,-19.44,-2.25,[],0,0,[],[]
42025140,42025960,NA,OLF,0.0,1320,pause,NA,NA,NA,NA,0.0,0,-24.65,-17.51,[],0,0,[],[]
42025960,42026850,NA,OLN,0.0,1320,pause,NA,NA,NA,NA,0.0,0,-28.75,-16.52,[],0,0,[],[]
42026850,42027650,NA,NOF,0.0,1320,pause,NA,NA,NA,NA,0.0,0,-30.35,-14.74,[],0,0,[],[]
42027650,42029320,NA,OLN,0.0,1320,pause,NA,NA,NA,NA,0.0,0,-20.45,-7.01,[],0,0,[],[]
42029320,42033820,NA,NOF,0.0,1320,pause,NA,NA,NA,NA,0.0,0,-27.61,-8.4,[],0,0,[],[]
42033820,42034790,NA,SIL,0.0,1320,pause,NA,NA,NA,NA,0.0,0,-50.12,-43.49,[],0,0,[],[]
42034790,42035710,NA,NOF,0.0,1320,pause,NA,NA,NA,NA,0.0,0,-46.15,-36.42,[],0,0,[],[]
42035710,42036590,NA,SIL,0.0,1320,pause,NA,NA,NA,NA,0.0,0,-49.99,-41.87,[],0,0,[],[]
42036590,42040320,NA,NOF,0.0,1320,pause,NA,NA,NA,NA,0.0,0,-28.25,-4.17,[],0,0,[],[]
42040320,42041320,MAL,MAN,0.0,1320,pause,NA,NA,NA,NA,0.0,0,-35.52,-26.34,[],1000,0,[],[]
42041320,42045000,NA,NOF,0.0,1320,pause,NA,NA,NA,NA,0.0,0,-24.7,-6.62,[],0,0,[],[]
42045000,42045870,NA,OLN,0.0,1320,pause,NA,NA,NA,NA,0.0,0,-15.08,-1.35,[],0,0,[],[]
42045870,42047870,NA,NOF,0.0,1320,pause,NA,NA,NA,NA,0.0,0,-40.54,-29.65,[],0,0,[],[]
42047870,42048920,NA,SIL,0.0,1320,pause,NA,NA,NA,NA,0.0,0,-46.31,-37.05,[],0,0,[],[]
42048920,42050120,NA,NOF,0.0,1320,pause,NA,NA,NA,NA,0.0,0,-42.6,-31.19,[],0,0,[],[]
42050120,42051120,MAL,MAN,0.0,1320,pause,NA,NA,NA,NA,0.0,0,-38.21,-33.03,[],1000,0,[],[]
42051120,42051940,NA,OLF,0.0,1320,pause,NA,NA,NA,NA,0.0,0,-40.38,-33.82,[],0,0,[],[]
42051940,42060370,NA,NOF,0.0,1320,pause,NA,NA,NA,NA,0.0,0,-39.07,-17.22,[],0,0,[],[]
42060370,42061170,NA,SIL,0.0,1320,pause,NA,NA,NA,NA,0.0,0,-47.19,-38.95,[],0,0,[],[]
42061170,42062420,NA,OLF,0.0,1320,pause,NA,NA,NA,NA,0.0,0,-38.38,-24.94,[],0,0,[],[]
42062420,42063370,NA,SIL,0.0,1320,pause,NA,NA,NA,NA,0.0,0,-46.67,-36.84,[],0,0,[],[]
42063370,42065500,NA,FAF,0.0,1320,pause,NA,NA,NA,NA,0.0,0,-37.2,-28.55,[],0,0,[],[]
42065500,42066300,NA,NOF,0.0,1320,pause,NA,NA,NA,NA,0.0,0,-41.65,-24.54,[],0,0,[],[]
42066300,42067150,NA,SIL,0.0,1320,pause,NA,NA,NA,NA,0.0,0,-48.14,-40.79,[],0,0,[],[]
42067150,42068430,NA,OLF,0.0,1320,pause,NA,NA,NA,NA,0.0,0,-35.1,-21.19,[],0,0,[],[]
42068430,42069310,NA,NOF,0.0,1320,pause,NA,NA,NA,NA,0.0,0,-33.55,-23.19,[],0,0,[],[]
42069310,42070310,NA,FAF,0.0,1320,pause,NA,NA,NA,NA,0.0,0,-41.08,-33.21,[],0,0,[],[]
42070310,42071180,NA,SIL,0.0,1320,pause,NA,NA,NA,NA,0.0,0,-45.18,-35.42,[],0,0,[],[]
42071180,42073760,NA,NOF,0.0,1320,pause,NA,NA,NA,NA,0.0,0,-28.86,-9.75,[],0,0,[],[]
42073760,42074560,NA,OLF,0.0,1320,pause,NA,NA,NA,NA,0.0,0,-33.57,-25.81,[],0,0,[],[]
42074560,42077590,NA,NOF,0.0,1320,pause,NA,NA,NA,NA,0.0,0,-39.8,-28.83,[],0,0,[],[]
42077590,42078620,NA,SIL,0.0,1320,pause,NA,NA,NA,NA,0.0,0,-42.62,-31.4,[],0,0,[],[]
42078620,42080870,NA,NOF,0.0,1320,pause,NA,NA,NA,NA,0.0,0,-23.37,-4.23,[],0,0,[],[]
42080870,42083460,NA,SIL,0.0,1320,pause,NA,NA,NA,NA,0.0,0,-42.24,-31.28,[],0,0,[],[]
42083460,42085580,NA,NOF,0.0,1320,pause,NA,NA,NA,NA,0.0,0,-36.23,-23.76,[],0,0,[],[]
42085580,42086390,NA,OLN,0.0,1320,pause,NA,NA,NA,NA,0.0,0,-28.51,-14.39,[],0,0,[],[]
42086390,42087270,NA,NOF,0.0,1320,pause,NA,NA,NA,NA,0.0,0,-40.47,-27.22,[],0,0,[],[]
42087270,42088070,NA,SIL,0.0,1320,pause,NA,NA,NA,NA,0.0,0,-43.96,-30.17,[],0,0,[],[]
42088070,42095130,NA,NOF,0.0,1320,pause,NA,NA,NA,NA,0.0,0,-43.9,-27.9,[],0,0,[],[]
42095130,42095930,OCH,CXN,0.0,1320,XIOCA,BC,0,NT,FI,0.0,0,-28.03,-19.9,[],0,0,[],[]
42095930,42096790,NA,SIL,0.0,1320,XIOCA,NA,NA,NA,NA,0.0,0,-44.37,-36.48,[],0,0,[],[]
42096790,42097600,NA,NOF,0.0,1320,XIOCA,NA,NA,NA,NA,0.0,0,-42.96,-31.15,[],0,0,[],[]
42097600,42099120,FEM,FAN,3.3,1320,XIOCA,EC,0,NT,FI,0.0,0,-37.65,-30.8,[],0,0,[],[]
42099120,42100180,NA,SIL,0.0,1321,pause,NA,NA,NA,NA,0.0,0,-47.14,-42.81,[],0,0,[],[]
42100180,42101110,NA,NOF,0.0,1321,pause,NA,NA,NA,NA,0.0,0,-24.61,-6.88,[],0,0,[],[]
42101110,42102170,NA,OLF,0.0,1321,pause,NA,NA,NA,NA,0.0,0,-31.48,-13.97,[],0,0,[],[]
42102170,42106080,NA,NOF,0.0,1321,pause,NA,NA,NA,NA,0.0,0,-25.6,-4.8,[],0,0,[],[]
42106080,42107480,CHI,CHN,0.0,1321,CIC,BC,0,NT,FI,1.0,1400,-16.64,-6.3,"[{'Canonical-syllable': '1', 'Growl': '0', 'High-freq-energy': '0', 'Long-island': '0', 'Low-tilt-spectrum': '2', 'Medium-island': '2', 'Short-island': '1', 'Squeal': '0', 'Typical-entropy': '3', 'Voicing-quality': '3', 'Wide-band': '0', 'Xlong-island': '0', 'seq': '1', 'end': 42107.48, 'start': 42106.08}]",0,0,[],[]
42107480,42108600,NA,OLN,0.0,1321,CIC,NA,NA,NA,NA,0.0,0,-19.86,-2.76,[],0,0,[],[]
42108600,42110100,NA,NOF,0.0,1321,CIC,NA,NA,NA,NA,0.0,0,-23.39,-7.76,[],0,0,[],[]
42110100,42110710,CHI,CHN,0.0,1321,CIC,RC,0,TIFI,FH,1.0,220,-22.35,-11.4,"[{'Canonical-syllable': '1', 'Growl': '0', 'High-freq-energy': '0', 'Long-island': '0', 'Low-tilt-spectrum': '0', 'Medium-island': '0', 'Short-island': '1', 'Squeal': '0', 'Typical-entropy': '1', 'Voicing-quality': '1', 'Wide-band': '0', 'Xlong-island': '0', 'seq': '1', 'end': 42110.32, 'start': 42110.1}]",0,0,[],[]
42110710,42111530,FEM,FAN,4.2,1321,CIC,EC,1,TIFR,FI,0.0,0,-29.72,-17.11,[],0,0,[],[]
42111530,42112350,NA,NOF,0.0,1322,pause,NA,NA,NA,NA,0.0,0,-42.53,-33.59,[],0,0,[],[]
42112350,42113150,NA,OLF,0.0,1322,pause,NA,NA,NA,NA,0.0,0,-27.99,-10.65,[],0,0,[],[]
42113150,42114150,NA,NOF,0.0,1322,pause,NA,NA,NA,NA,0.0,0,-29.91,-14.4,[],0,0,[],[]
42114150,42114960,NA,OLF,0.0,1322,pause,NA,NA,NA,NA,0.0,0,-40.42,-35.51,[],0,0,[],[]
42114960,42120710,NA,NOF,0.0,1322,pause,NA,NA,NA,NA,0.0,0,-37.84,-18.5,[],0,0,[],[]
42120710,42122260,CHI,CHN,0.0,1322,CM,BC,0,NT,FI,1.0,1550,-20.21,-13.16,"[{'Canonical-syllable': '0', 'Growl': '0', 'High-freq-energy': '0', 'Long-island': '0', 'Low-tilt-spectrum': '0', 'Medium-island': '1', 'Short-island': '0', 'Squeal': '0', 'Typical-entropy': '2', 'Voicing-quality': '2', 'Wide-band': '0', 'Xlong-island': '1', 'seq': '1', 'end': 42122.26, 'start': 42120.71}]",0,0,[],[]
42122260,42123110,NA,OLN,0.0,1322,CM,NA,NA,NA,NA,0.0,0,-22.3,-7.02,[],0,0,[],[]
42123110,42123730,CHI,CHN,0.0,1322,CM,RC,0,NT,FH,1.0,620,-17.89,-13.2,"[{'Canonical-syllable': '0', 'Growl': '0', 'High-freq-energy': '0', 'Long-island': '0', 'Low-tilt-spectrum': '0', 'Medium-island': '1', 'Short-island': '1', 'Squeal': '0', 'Typical-entropy': '1', 'Voicing-quality': '2', 'Wide-band': '0', 'Xlong-island': '0', 'seq': '1', 'end': 42123.73, 'start': 42123.11}]",0,0,[],[]
42123730,42124530,NA,OLN,0.0,1322,CM,NA,NA,NA,NA,0.0,0,-26.55,-14.23,[],0,0,[],[]
42124530,42125130,CHI,CHN,0.0,1322,CM,EC,0,NT,FH,1.0,410,-18.61,-10.3,"[{'Canonical-syllable': '1', 'Growl': '0', 'High-freq-energy': '0', 'Long-island': '0', 'Low-tilt-spectrum': '0', 'Medium-island': '1', 'Short-island': '0', 'Squeal': '0', 'Typical-entropy': '1', 'Voicing-quality': '1', 'Wide-band': '0', 'Xlong-island': '0', 'seq': '1', 'end': 42124.94, 'start': 42124.53}]",0,0,[],[]
42125130,42127410,NA,NOF,0.0,1323,pause,NA,NA,NA,NA,0.0,0,-30.53,-14.91,[],0,0,[],[]
42127410,42129320,NA,OLN,0.0,1323,pause,NA,NA,NA,NA,0.0,0,-18.4,-4.81,[],0,0,[],[]
42129320,42130150,NA,NON,0.0,1323,pause,NA,NA,NA,NA,0.0,0,-22.55,-6.66,[],0,0,[],[]
42130150,42131680,NA,OLN,0.0,1323,pause,NA,NA,NA,NA,0.0,0,-21.36,-8.47,[],0,0,[],[]
42131680,42132280,CHI,CHN,0.0,1323,CM,EC,0,NT,FI,1.0,520,-15.7,-9.98,"[{'Canonical-syllable': '1', 'Growl': '0', 'High-freq-energy': '0', 'Long-island': '0', 'Low-tilt-spectrum': '0', 'Medium-island': '1', 'Short-island': '0', 'Squeal': '0', 'Typical-entropy': '0', 'Voicing-quality': '1', 'Wide-band': '0', 'Xlong-island': '0', 'seq': '1', 'end': 42132.2, 'start': 42131.68}]",0,0,[],[]
42132280,42133100,NA,SIL,0.0,1324,pause,NA,NA,NA,NA,0.0,0,-43.11,-32.64,[],0,0,[],[]
42133100,42134800,NA,NOF,0.0,1324,pause,NA,NA,NA,NA,0.0,0,-29.59,-13.24,[],0,0,[],[]
42134800,42135910,NA,MAF,0.0,1324,pause,NA,NA,NA,NA,0.0,0,-38.74,-22.97,[],0,0,[],[]
42135910,42138890,NA,NOF,0.0,1324,pause,NA,NA,NA,NA,0.0,0,-32.44,-15.27,[],0,0,[],[]
42138890,42139910,NA,MAF,0.0,1324,pause,NA,NA,NA,NA,0.0,0,-41.24,-33.12,[],0,0,[],[]
42139910,42140730,NA,SIL,0.0,1324,pause,NA,NA,NA,NA,0.0,0,-44.11,-38.54,[],0,0,[],[]
42140730,42141940,NA,NOF,0.0,1324,pause,NA,NA,NA,NA,0.0,0,-32.87,-21.68,[],0,0,[],[]
42141940,42143070,NA,SIL,0.0,1324,pause,NA,NA,NA,NA,0.0,0,-38.8,-27.53,[],0,0,[],[]
42143070,42144470,NA,NOF,0.0,1324,pause,NA,NA,NA,NA,0.0,0,-33.49,-24.18,[],0,0,[],[]
42144470,42145390,NA,OLN,0.0,1324,pause,NA,NA,NA,NA,0.0,0,-33.16,-25.59,[],0,0,[],[]
42145390,42146190,NA,OLF,0.0,1324,pause,NA,NA,NA,NA,0.0,0,-37.55,-28.89,[],0,0,[],[]
42146190,42150350,NA,OLN,0.0,1324,pause,NA,NA,NA,NA,0.0,0,-21.46,-7.62,[],0,0,[],[]
42150350,42152070,NA,NOF,0.0,1324,pause,NA,NA,NA,NA,0.0,0,-35.8,-22.03,[],0,0,[],[]
42152070,42153100,NA,OLN,0.0,1324,pause,NA,NA,NA,NA,0.0,0,-26.78,-17.61,[],0,0,[],[]
42153100,42153910,NA,OLF,0.0,1324,pause,NA,NA,NA,NA,0.0,0,-27.23,-15.51,[],0,0,[],[]
42153910,42154920,NA,OLN,0.0,1324,pause,NA,NA,NA,NA,0.0,0,-17.82,-5.72,[],0,0,[],[]
42154920,42155900,CHI,CHN,0.0,1324,CM,EC,0,NT,FI,1.0,980,-15.32,-4.35,"[{'Canonical-syllable': '0', 'Growl': '2', 'High-freq-energy': '0', 'Long-island': '0', 'Low-tilt-spectrum': '0', 'Medium-island': '0', 'Short-island': '2', 'Squeal': '0', 'Typical-entropy': '2', 'Voicing-quality': '3', 'Wide-band': '0', 'Xlong-island': '0', 'seq': '1', 'end': 42155.9, 'start': 42154.92}]",0,0,[],[]
42155900,42156720,NA,OLN,0.0,1325,pause,NA,NA,NA,NA,0.0,0,-33.87,-25.2,[],0,0,[],[]
42156720,42157980,NA,NON,0.0,1325,pause,NA,NA,NA,NA,0.0,0,-21.34,-6.04,[],0,0,[],[]
42157980,42159110,NA,OLN,0.0,1325,pause,NA,NA,NA,NA,0.0,0,-28.67,-13.7,[],0,0,[],[]
42159110,42160110,NA,NOF,0.0,1325,pause,NA,NA,NA,NA,0.0,0,-24.99,-9.37,[],0,0,[],[]
42160110,42160930,NA,OLF,0.0,1325,pause,NA,NA,NA,NA,0.0,0,-13.67,-2.67,[],0,0,[],[]
42160930,42165380,NA,NOF,0.0,1325,pause,NA,NA,NA,NA,0.0,0,-23.86,-3.26,[],0,0,[],[]
42165380,42168360,NA,OLN,0.0,1325,pause,NA,NA,NA,NA,0.0,0,-20.74,-7.26,[],0,0,[],[]
42168360,42172440,NA,NOF,0.0,1325,pause,NA,NA,NA,NA,0.0,0,-21.04,-3.35,[],0,0,[],[]
42172440,42175970,NA,OLF,0.0,1325,pause,NA,NA,NA,NA,0.0,0,-25.9,-9.12,[],0,0,[],[]
42175970,42178740,NA,NOF,0.0,1325,pause,NA,NA,NA,NA,0.0,0,-33.04,-17.0,[],0,0,[],[]
42178740,42180350,NA,SIL,0.0,1325,pause,NA,NA,NA,NA,0.0,0,-47.0,-41.82,[],0,0,[],[]
42180350,42183960,NA,NOF,0.0,1325,pause,NA,NA,NA,NA,0.0,0,-30.45,-7.03,[],0,0,[],[]
42183960,42184930,NA,OLN,0.0,1325,pause,NA,NA,NA,NA,0.0,0,-27.68,-11.94,[],0,0,[],[]
42184930,42185730,NA,NOF,0.0,1325,pause,NA,NA,NA,NA,0.0,0,-20.96,-3.6,[],0,0,[],[]
42185730,42186360,CHI,CHN,0.0,1325,pause,NA,NA,NA,NA,0.0,0,-18.72,-10.12,[],0,400,"[{'start': 42185.73, 'end': 42186.13}]",[]
42186360,42189770,NA,NOF,0.0,1325,pause,NA,NA,NA,NA,0.0,0,-29.72,-6.35,[],0,0,[],[]
42189770,42190620,NA,OLF,0.0,1325,pause,NA,NA,NA,NA,0.0,0,-21.89,-4.58,[],0,0,[],[]
42190620,42192650,NA,NOF,0.0,1325,pause,NA,NA,NA,NA,0.0,0,-37.86,-24.01,[],0,0,[],[]
42192650,42193550,NA,SIL,0.0,1325,pause,NA,NA,NA,NA,0.0,0,-46.1,-38.09,[],0,0,[],[]
42193550,42195050,NA,NOF,0.0,1325,pause,NA,NA,NA,NA,0.0,0,-39.5,-27.86,[],0,0,[],[]
42195050,42196300,NA,OLF,0.0,1325,pause,NA,NA,NA,NA,0.0,0,-39.76,-33.79,[],0,0,[],[]
42196300,42197300,NA,MAF,0.0,1325,pause,NA,NA,NA,NA,0.0,0,-40.81,-33.49,[],0,0,[],[]
42197300,42203320,NA,NOF,0.0,1325,pause,NA,NA,NA,NA,0.0,0,-30.6,-7.91,[],0,0,[],[]
42203320,42204780,NA,MAF,0.0,1325,pause,NA,NA,NA,NA,0.0,0,-37.56,-32.17,[],0,0,[],[]
42204780,42205760,NA,NOF,0.0,1325,pause,NA,NA,NA,NA,0.0,0,-19.55,-5.73,[],0,0,[],[]
42205760,42206570,NA,OLN,0.0,1325,pause,NA,NA,NA,NA,0.0,0,-24.54,-10.45,[],0,0,[],[]
42206570,42207850,NA,NOF,0.0,1325,pause,NA,NA,NA,NA,0.0,0,-30.41,-13.44,[],0,0,[],[]
42207850,42208690,NA,SIL,0.0,1325,pause,NA,NA,NA,NA,0.0,0,-46.31,-38.92,[],0,0,[],[]
42208690,42211490,NA,NOF,0.0,1325,pause,NA,NA,NA,NA,0.0,0,-45.68,-38.0,[],0,0,[],[]
42211490,42212420,NA,SIL,0.0,1325,pause,NA,NA,NA,NA,0.0,0,-48.54,-41.76,[],0,0,[],[]
42212420,42216370,NA,NOF,0.0,1325,pause,NA,NA,NA,NA,0.0,0,-40.29,-24.02,[],0,0,[],[]
42216370,42217170,NA,SIL,0.0,1325,pause,NA,NA,NA,NA,0.0,0,-46.43,-38.49,[],0,0,[],[]
42217170,42218980,NA,NOF,0.0,1325,pause,NA,NA,NA,NA,0.0,0,-41.75,-25.72,[],0,0,[],[]
42218980,42219820,NA,SIL,0.0,1325,pause,NA,NA,NA,NA,0.0,0,-47.85,-41.72,[],0,0,[],[]
42219820,42224880,NA,NOF,0.0,1325,pause,NA,NA,NA,NA,0.0,0,-40.8,-23.91,[],0,0,[],[]
42224880,42225680,NA,SIL,0.0,1325,pause,NA,NA,NA,NA,0.0,0,-50.2,-43.84,[],0,0,[],[]
42225680,42234020,NA,NOF,0.0,1325,pause,NA,NA,NA,NA,0.0,0,-28.84,-4.25,[],0,0,[],[]
42234020,42235320,NA,OLN,0.0,1325,pause,NA,NA,NA,NA,0.0,0,-16.02,-2.07,[],0,0,[],[]
42235320,42236410,NA,NOF,0.0,1325,pause,NA,NA,NA,NA,0.0,0,-28.01,-9.03,[],0,0,[],[]
42236410,42237230,NA,OLF,0.0,1325,pause,NA,NA,NA,NA,0.0,0,-38.43,-29.12,[],0,0,[],[]
42237230,42242490,NA,NOF,0.0,1325,pause,NA,NA,NA,NA,0.0,0,-44.67,-29.68,[],0,0,[],[]
42242490,42243290,NA,OLF,0.0,1325,pause,NA,NA,NA,NA,0.0,0,-19.83,-4.09,[],0,0,[],[]
42243290,42251710,NA,NOF,0.0,1325,pause,NA,NA,NA,NA,0.0,0,-31.3,-6.9,[],0,0,[],[]
42251710,42253380,NA,SIL,0.0,1325,pause,NA,NA,NA,NA,0.0,0,-48.7,-43.22,[],0,0,[],[]
42253380,42254570,NA,NOF,0.0,1325,pause,NA,NA,NA,NA,0.0,0,-44.88,-34.69,[],0,0,[],[]
42254570,42255680,NA,SIL,0.0,1325,pause,NA,NA,NA,NA,0.0,0,-48.46,-43.39,[],0,0,[],[]
42255680,42257980,NA,NOF,0.0,1325,pause,NA,NA,NA,NA,0.0,0,-36.78,-16.5,[],0,0,[],[]
42257980,42258870,NA,CHF,0.0,1325,pause,NA,NA,NA,NA,0.0,0,-39.52,-25.54,[],0,160,"[{'start': 42258.71, 'end': 42258.87}]",[]
42258870,42259900,NA,NOF,0.0,1325,pause,NA,NA,NA,NA,0.0,0,-42.37,-28.85,[],0,0,[],[]
42259900,42261800,NA,SIL,0.0,1325,pause,NA,NA,NA,NA,0.0,0,-46.79,-38.49,[],0,0,[],[]
42261800,42263730,NA,NOF,0.0,1325,pause,NA,NA,NA,NA,0.0,0,-39.58,-20.1,[],0,0,[],[]
42263730,42264650,NA,SIL,0.0,1325,pause,NA,NA,NA,NA,0.0,0,-43.45,-33.86,[],0,0,[],[]
42264650,42273420,NA,NOF,0.0,1325,pause,NA,NA,NA,NA,0.0,0,-29.55,-4.78,[],0,0,[],[]
42273420,42277560,NA,SIL,0.0,1325,pause,NA,NA,NA,NA,0.0,0,-46.71,-40.97,[],0,0,[],[]
42277560,42280610,NA,NOF,0.0,1325,pause,NA,NA,NA,NA,0.0,0,-44.99,-32.97,[],0,0,[],[]
42280610,42281500,NA,SIL,0.0,1325,pause,NA,NA,NA,NA,0.0,0,-45.79,-38.91,[],0,0,[],[]
42281500,42282440,NA,NOF,0.0,1325,pause,NA,NA,NA,NA,0.0,0,-43.54,-37.36,[],0,0,[],[]
42282440,42283280,NA,SIL,0.0,1325,pause,NA,NA,NA,NA,0.0,0,-45.39,-37.67,[],0,0,[],[]
42283280,42285240,NA,NOF,0.0,1325,pause,NA,NA,NA,NA,0.0,0,-40.58,-23.74,[],0,0,[],[]
42285240,42287930,NA,SIL,0.0,1325,pause,NA,NA,NA,NA,0.0,0,-42.14,-23.65,[],0,0,[],[]
42287930,42288940,NA,FAF,0.0,1325,pause,NA,NA,NA,NA,0.0,0,-25.87,-6.53,[],0,0,[],[]
42288940,42294610,NA,NOF,0.0,1325,pause,NA,NA,NA,NA,0.0,0,-28.5,-3.54,[],0,0,[],[]
42294610,42296230,NA,SIL,0.0,1325,pause,NA,NA,NA,NA,0.0,0,-44.35,-32.39,[],0,0,[],[]
42296230,42297420,NA,NOF,0.0,1325,pause,NA,NA,NA,NA,0.0,0,-42.41,-32.13,[],0,0,[],[]
42297420,42298270,NA,SIL,0.0,1325,pause,NA,NA,NA,NA,0.0,0,-45.36,-37.14,[],0,0,[],[]
42298270,42299270,NA,FAF,0.0,1325,pause,NA,NA,NA,NA,0.0,0,-35.88,-28.86,[],0,0,[],[]
42299270,42302100,NA,SIL,0.0,1325,pause,NA,NA,NA,NA,0.0,0,-44.28,-26.9,[],0,0,[],[]
42302100,42303130,NA,NOF,0.0,1325,pause,NA,NA,NA,NA,0.0,0,-43.67,-37.84,[],0,0,[],[]
42303130,42306770,NA,SIL,0.0,1325,pause,NA,NA,NA,NA,0.0,0,-43.23,-27.99,[],0,0,[],[]
42306770,42308010,NA,NOF,0.0,1325,pause,NA,NA,NA,NA,0.0,0,-41.34,-32.77,[],0,0,[],[]
42308010,42308880,CHI,CHN,0.0,1325,CIOCX,BC,0,NT,FI,2.0,510,-26.13,-17.28,"[{'Canonical-syllable': '1', 'Growl': '0', 'High-freq-energy': '0', 'Long-island': '0', 'Low-tilt-spectrum': '0', 'Medium-island': '0', 'Short-island': '1', 'Squeal': '0', 'Typical-entropy': '1', 'Voicing-quality': '1', 'Wide-band': '0', 'Xlong-island': '0', 'seq': '1', 'end': 42308.18, 'start': 42308.01}, {'Canonical-syllable': '0', 'Growl': '0', 'High-freq-energy': '0', 'Long-island': '0', 'Low-tilt-spectrum': '0', 'Medium-island': '1', 'Short-island': '0', 'Squeal': '0', 'Typical-entropy': '0', 'Voicing-quality': '1', 'Wide-band': '0', 'Xlong-island': '0', 'seq': '2', 'end': 42308.88, 'start': 42308.54}]",0,0,[],[]
42308880,42313360,NA,NOF,0.0,1325,CIOCX,NA,NA,NA,NA,0.0,0,-29.37,-6.33,[],0,0,[],[]
42313360,42313960,OCH,CXN,0.0,1325,CIOCX,RC,0,NT,FI,0.0,0,-34.03,-25.02,[],0,0,[],[]
42313960,42315060,NA,NOF,0.0,1325,CIOCX,NA,NA,NA,NA,0.0,0,-39.24,-21.42,[],0,0,[],[]
42315060,42316020,CHI,CHN,0.0,1325,CIOCX,RC,0,NT,FI,1.0,540,-26.12,-15.99,"[{'Canonical-syllable': '1', 'Growl': '0', 'High-freq-energy': '0', 'Long-island': '0', 'Low-tilt-spectrum': '0', 'Medium-island': '1', 'Short-island': '0', 'Squeal': '0', 'Typical-entropy': '1', 'Voicing-quality': '1', 'Wide-band': '0', 'Xlong-island': '0', 'seq': '1', 'end': 42315.6, 'start': 42315.06}]",0,0,[],[]
42316020,42317180,NA,SIL,0.0,1325,CIOCX,NA,NA,NA,NA,0.0,0,-44.54,-38.95,[],0,0,[],[]
42317180,42318240,CHI,CHN,0.0,1325,CIOCX,EC,0,NT,FH,1.0,820,-22.05,-12.3,"[{'Canonical-syllable': '0', 'Growl': '1', 'High-freq-energy': '0', 'Long-island': '0', 'Low-tilt-spectrum': '1', 'Medium-island': '1', 'Short-island': '1', 'Squeal': '0', 'Typical-entropy': '1', 'Voicing-quality': '2', 'Wide-band': '0', 'Xlong-island': '0', 'seq': '1', 'end': 42318.0, 'start': 42317.18}]",0,0,[],[]
42318240,42319040,NA,SIL,0.0,1326,pause,NA,NA,NA,NA,0.0,0,-44.79,-42.81,[],0,0,[],[]
42319040,42319840,NA,NOF,0.0,1326,pause,NA,NA,NA,NA,0.0,0,-37.78,-23.79,[],0,0,[],[]
42319840,42320660,NA,SIL,0.0,1326,pause,NA,NA,NA,NA,0.0,0,-43.68,-36.27,[],0,0,[],[]
42320660,42331710,NA,NOF,0.0,1326,pause,NA,NA,NA,NA,0.0,0,-25.51,-2.1,[],0,0,[],[]
42331710,42333980,NA,SIL,0.0,1326,pause,NA,NA,NA,NA,0.0,0,-50.33,-37.45,[],0,0,[],[]
42333980,42335240,NA,NOF,0.0,1326,pause,NA,NA,NA,NA,0.0,0,-39.81,-19.8,[],0,0,[],[]
42335240,42336070,NA,SIL,0.0,1326,pause,NA,NA,NA,NA,0.0,0,-52.13,-42.92,[],0,0,[],[]
42336070,42337770,NA,NOF,0.0,1326,pause,NA,NA,NA,NA,0.0,0,-40.9,-20.25,[],0,0,[],[]
42337770,42339880,NA,SIL,0.0,1326,pause,NA,NA,NA,NA,0.0,0,-54.41,-44.55,[],0,0,[],[]
42339880,42342700,NA,NOF,0.0,1326,pause,NA,NA,NA,NA,0.0,0,-31.95,-9.24,[],0,0,[],[]
42342700,42343500,NA,SIL,0.0,1326,pause,NA,NA,NA,NA,0.0,0,-55.36,-46.79,[],0,0,[],[]
42343500,42351260,NA,NOF,0.0,1326,pause,NA,NA,NA,NA,0.0,0,-30.85,-4.61,[],0,0,[],[]
42351260,42352420,NA,FAF,0.0,1326,pause,NA,NA,NA,NA,0.0,0,-42.55,-31.3,[],0,0,[],[]
42352420,42353570,NA,NOF,0.0,1326,pause,NA,NA,NA,NA,0.0,0,-48.33,-37.15,[],0,0,[],[]
42353570,42354810,NA,FAF,0.0,1326,pause,NA,NA,NA,NA,0.0,0,-39.79,-23.65,[],0,0,[],[]
42354810,42355880,NA,SIL,0.0,1326,pause,NA,NA,NA,NA,0.0,0,-52.31,-43.69,[],0,0,[],[]
42355880,42357980,NA,NOF,0.0,1326,pause,NA,NA,NA,NA,0.0,0,-52.86,-38.65,[],0,0,[],[]
42357980,42359760,NA,SIL,0.0,1326,pause,NA,NA,NA,NA,0.0,0,-59.6,-53.19,[],0,0,[],[]
42359760,42361320,NA,NOF,0.0,1326,pause,NA,NA,NA,NA,0.0,0,-48.54,-33.39,[],0,0,[],[]
42361320,42363280,NA,SIL,0.0,1326,pause,NA,NA,NA,NA,0.0,0,-55.02,-45.09,[],0,0,[],[]
42363280,42364600,NA,NOF,0.0,1326,pause,NA,NA,NA,NA,0.0,0,-33.88,-15.13,[],0,0,[],[]
42364600,42369690,NA,SIL,0.0,1326,pause,NA,NA,NA,NA,0.0,0,-50.83,-30.89,[],0,0,[],[]
42369690,42372980,NA,NOF,0.0,1326,pause,NA,NA,NA,NA,0.0,0,-45.16,-25.65,[],0,0,[],[]
42372980,42373780,NA,SIL,0.0,1326,pause,NA,NA,NA,NA,0.0,0,-58.15,-52.48,[],0,0,[],[]
42373780,42374960,NA,NOF,0.0,1326,pause,NA,NA,NA,NA,0.0,0,-54.34,-47.8,[],0,0,[],[]
42374960,42376010,NA,SIL,0.0,1326,pause,NA,NA,NA,NA,0.0,0,-47.9,-33.75,[],0,0,[],[]
42376010,42379050,NA,NOF,0.0,1326,pause,NA,NA,NA,NA,0.0,0,-40.59,-21.77,[],0,0,[],[]
42379050,42381440,NA,SIL,0.0,1326,pause,NA,NA,NA,NA,0.0,0,-46.13,-32.13,[],0,0,[],[]
42381440,42382420,NA,CHF,0.0,1326,pause,NA,NA,NA,NA,0.0,0,-49.53,-35.95,[],0,840,"[{'start': 42381.58, 'end': 42382.0}]","[{'start': 42382.0, 'end': 42382.42}]"
42382420,42383420,FEM,FAN,4.65,1326,AICF,BC,0,TIFI,FI,0.0,0,-43.31,-34.68,[],0,0,[],[]
42383420,42384020,CHI,CHN,0.0,1326,AICF,RC,1,TIFR,FI,1.0,470,-22.63,-15.41,"[{'Canonical-syllable': '0', 'Growl': '0', 'High-freq-energy': '0', 'Long-island': '0', 'Low-tilt-spectrum': '0', 'Medium-island': '1', 'Short-island': '0', 'Squeal': '0', 'Typical-entropy': '0', 'Voicing-quality': '1', 'Wide-band': '0', 'Xlong-island': '0', 'seq': '1', 'end': 42383.89, 'start': 42383.55}]",0,0,[],[]
42384020,42385250,CHI,CHN,0.0,1326,AICF,RC,1,NT,FH,1.0,670,-27.68,-16.83,"[{'Canonical-syllable': '1', 'Growl': '1', 'High-freq-energy': '0', 'Long-island': '0', 'Low-tilt-spectrum': '1', 'Medium-island': '1', 'Short-island': '1', 'Squeal': '0', 'Typical-entropy': '1', 'Voicing-quality': '2', 'Wide-band': '0', 'Xlong-island': '0', 'seq': '1', 'end': 42385.25, 'start': 42384.58}]",0,0,[],[]
42385250,42386520,NA,NOF,0.0,1326,AICF,NA,NA,NA,NA,0.0,0,-21.27,-2.16,[],0,0,[],[]
42386520,42387530,NA,FAF,0.0,1326,AICF,NA,NA,NA,NA,0.0,0,-40.21,-28.94,[],0,0,[],[]
42387530,42388740,NA,NOF,0.0,1326,AICF,NA,NA,NA,NA,0.0,0,-46.92,-36.19,[],0,0,[],[]
42388740,42389980,FEM,FAN,1.25,1326,AICF,RC,1,TIFE,FI,0.0,0,-31.52,-17.91,[],0,0,[],[]
42389980,42390920,NA,NOF,0.0,1326,AICF,NA,NA,NA,NA,0.0,0,-41.69,-30.6,[],0,0,[],[]
42390920,42392650,FEM,FAN,5.64,1326,AICF,RC,1,NT,FH,0.0,0,-36.95,-17.45,[],0,0,[],[]
42392650,42393460,NA,NOF,0.0,1326,AICF,NA,NA,NA,NA,0.0,0,-46.58,-39.92,[],0,0,[],[]
42393460,42397560,FEM,FAN,13.33,1326,AICF,EC,1,NT,FH,0.0,0,-36.4,-24.05,[],0,0,[],[]
42397560,42398830,NA,NOF,0.0,1327,pause,NA,NA,NA,NA,0.0,0,-44.64,-29.38,[],0,0,[],[]
42398830,42399860,NA,FAF,0.0,1327,pause,NA,NA,NA,NA,0.0,0,-46.3,-39.38,[],0,0,[],[]
42399860,42401000,NA,OLN,0.0,1327,pause,NA,NA,NA,NA,0.0,0,-23.62,-13.34,[],0,0,[],[]
42401000,42402330,NA,FAF,0.0,1327,pause,NA,NA,NA,NA,0.0,0,-42.56,-32.69,[],0,0,[],[]
42402330,42407940,NA,NOF,0.0,1327,pause,NA,NA,NA,NA,0.0,0,-39.26,-18.61,[],0,0,[],[]
42407940,42408950,NA,FAF,0.0,1327,pause,NA,NA,NA,NA,0.0,0,-39.49,-32.02,[],0,0,[],[]
42408950,42409850,NA,NOF,0.0,1327,pause,NA,NA,NA,NA,0.0,0,-37.08,-25.5,[],0,0,[],[]
42409850,42410660,NA,OLF,0.0,1327,pause,NA,NA,NA,NA,0.0,0,-31.39,-15.86,[],0,0,[],[]
42410660,42411520,NA,NOF,0.0,1327,pause,NA,NA,NA,NA,0.0,0,-28.09,-9.76,[],0,0,[],[]
42411520,42412320,NA,OLF,0.0,1327,pause,NA,NA,NA,NA,0.0,0,-27.36,-11.58,[],0,0,[],[]
42412320,42413290,NA,NOF,0.0,1327,pause,NA,NA,NA,NA,0.0,0,-40.43,-29.67,[],0,0,[],[]
42413290,42414210,NA,OLF,0.0,1327,pause,NA,NA,NA,NA,0.0,0,-26.39,-10.13,[],0,0,[],[]
42414210,42416400,NA,SIL,0.0,1327,pause,NA,NA,NA,NA,0.0,0,-44.05,-27.55,[],0,0,[],[]
42416400,42420960,NA,NOF,0.0,1327,pause,NA,NA,NA,NA,0.0,0,-30.54,-11.66,[],0,0,[],[]
42420960,42422480,FEM,FAN,4.68,1327,AICF,BC,0,TIFI,FI,0.0,0,-22.91,-10.63,[],0,0,[],[]
42422480,42423570,NA,OLN,0.0,1327,AICF,NA,NA,NA,NA,0.0,0,-21.28,-6.24,[],0,0,[],[]
42423570,42424260,CHI,CHN,0.0,1327,AICF,RC,1,TIFR,FI,1.0,540,-18.18,-9.02,"[{'Canonical-syllable': '0', 'Growl': '1', 'High-freq-energy': '0', 'Long-island': '0', 'Low-tilt-spectrum': '1', 'Medium-island': '1', 'Short-island': '0', 'Squeal': '0', 'Typical-entropy': '2', 'Voicing-quality': '2', 'Wide-band': '1', 'Xlong-island': '0', 'seq': '1', 'end': 42424.11, 'start': 42423.57}]",0,0,[],[]
42424260,42425170,FEM,FAN,4.1,1327,AICF,RC,1,TIFI,FI,0.0,0,-32.18,-23.34,[],0,0,[],[]
42425170,42425790,CHI,CHN,0.0,1327,AICF,EC,2,TIFR,FI,1.0,410,-31.43,-22.18,"[{'Canonical-syllable': '0', 'Growl': '0', 'High-freq-energy': '0', 'Long-island': '0', 'Low-tilt-spectrum': '1', 'Medium-island': '0', 'Short-island': '1', 'Squeal': '0', 'Typical-entropy': '1', 'Voicing-quality': '1', 'Wide-band': '0', 'Xlong-island': '0', 'seq': '1', 'end': 42425.58, 'start': 42425.37}]",0,0,[],[]
42425790,42426650,NA,OLF,0.0,1328,pause,NA,NA,NA,NA,0.0,0,-22.02,-5.8,[],0,0,[],[]
42426650,42427450,NA,OLN,0.0,1328,pause,NA,NA,NA,NA,0.0,0,-25.2,-14.1,[],0,0,[],[]
42427450,42428280,NA,NOF,0.0,1328,pause,NA,NA,NA,NA,0.0,0,-25.32,-15.03,[],0,0,[],[]
42428280,42429080,NA,OLN,0.0,1328,pause,NA,NA,NA,NA,0.0,0,-27.5,-18.68,[],0,0,[],[]
42429080,42430830,NA,NOF,0.0,1328,pause,NA,NA,NA,NA,0.0,0,-44.07,-29.59,[],0,0,[],[]
42430830,42434160,NA,SIL,0.0,1328,pause,NA,NA,NA,NA,0.0,0,-50.61,-33.25,[],0,0,[],[]
42434160,42435860,NA,NOF,0.0,1328,pause,NA,NA,NA,NA,0.0,0,-43.81,-26.37,[],0,0,[],[]
42435860,42436670,NA,OLN,0.0,1328,pause,NA,NA,NA,NA,0.0,0,-23.72,-13.32,[],0,0,[],[]
42436670,42437410,CHI,CHN,0.0,1328,pause,NA,NA,NA,NA,0.0,0,-13.95,-8.45,[],0,740,"[{'start': 42436.67, 'end': 42437.41}]",[]
42437410,42438470,CHI,CHN,0.0,1328,pause,NA,NA,NA,NA,0.0,0,-18.96,-8.22,[],0,730,"[{'start': 42437.5, 'end': 42438.23}]",[]
42438470,42439080,CHI,CHN,0.0,1328,pause,NA,NA,NA,NA,0.0,0,-15.76,-7.49,[],0,510,"[{'start': 42438.57, 'end': 42439.08}]",[]
42439080,42442060,FEM,FAN,11.15,1328,AICF,BC,0,NT,FI,0.0,0,-19.2,-10.35,[],0,0,[],[]
42442060,42444890,NA,NOF,0.0,1328,AICF,NA,NA,NA,NA,0.0,0,-33.94,-20.41,[],0,0,[],[]
42444890,42449450,FEM,FAN,15.98,1328,AICF,RC,0,TIFI,FH,0.0,0,-34.25,-24.0,[],0,0,[],[]
42449450,42450760,CHI,CHN,0.0,1328,AICF,RC,1,TIFR,FI,1.0,1310,-15.64,-5.13,"[{'Canonical-syllable': '0', 'Growl': '0', 'High-freq-energy': '0', 'Long-island': '1', 'Low-tilt-spectrum': '1', 'Medium-island': '1', 'Short-island': '0', 'Squeal': '0', 'Typical-entropy': '2', 'Voicing-quality': '2', 'Wide-band': '0', 'Xlong-island': '0', 'seq': '1', 'end': 42450.76, 'start': 42449.45}]",0,0,[],[]
42450760,42453150,FEM,FAN,10.42,1328,AICF,EC,1,TIFE,FI,0.0,0,-26.69,-14.32,[],0,0,[],[]
42453150,42454890,NA,NOF,0.0,1329,pause,NA,NA,NA,NA,0.0,0,-44.21,-25.63,[],0,0,[],[]
42454890,42455770,NA,SIL,0.0,1329,pause,NA,NA,NA,NA,0.0,0,-52.16,-36.6,[],0,0,[],[]
42455770,42460300,NA,NOF,0.0,1329,pause,NA,NA,NA,NA,0.0,0,-16.13,-2.03,[],0,0,[],[]
42460300,42461310,FEM,FAN,3.96,1329,AMF,EC,0,NT,FI,0.0,0,-32.22,-27.45,[],0,0,[],[]
42461310,42463260,NA,OLF,0.0,1330,pause,NA,NA,NA,NA,0.0,0,-32.31,-16.32,[],0,0,[],[]
42463260,42464060,NA,NOF,0.0,1330,pause,NA,NA,NA,NA,0.0,0,-38.4,-31.54,[],0,0,[],[]
42464060,42465010,NA,OLN,0.0,1330,pause,NA,NA,NA,NA,0.0,0,-30.44,-16.3,[],0,0,[],[]
42465010,42466580,NA,NOF,0.0,1330,pause,NA,NA,NA,NA,0.0,0,-34.68,-18.2,[],0,0,[],[]
42466580,42467870,NA,SIL,0.0,1330,pause,NA,NA,NA,NA,0.0,0,-46.99,-42.27,[],0,0,[],[]
42467870,42471960,NA,NOF,0.0,1330,pause,NA,NA,NA,NA,0.0,0,-17.38,-3.71,[],0,0,[],[]
42471960,42472770,NA,OLF,0.0,1330,pause,NA,NA,NA,NA,0.0,0,-27.72,-11.85,[],0,0,[],[]
42472770,42477710,NA,NOF,0.0,1330,pause,NA,NA,NA,NA,0.0,0,-14.95,-2.39,[],0,0,[],[]
42477710,42481150,NA,OLN,0.0,1330,pause,NA,NA,NA,NA,0.0,0,-27.83,-11.98,[],0,0,[],[]
42481150,42482180,NA,NOF,0.0,1330,pause,NA,NA,NA,NA,0.0,0,-45.82,-36.71,[],0,0,[],[]
42482180,42483540,NA,FAF,0.0,1330,pause,NA,NA,NA,NA,0.0,0,-40.93,-30.75,[],0,0,[],[]
42483540,42486640,NA,NOF,0.0,1330,pause,NA,NA,NA,NA,0.0,0,-47.22,-36.11,[],0,0,[],[]
42486640,42487510,NA,SIL,0.0,1330,pause,NA,NA,NA,NA,0.0,0,-48.91,-36.58,[],0,0,[],[]
42487510,42491250,NA,NOF,0.0,1330,pause,NA,NA,NA,NA,0.0,0,-34.23,-14.18,[],0,0,[],[]
42491250,42492050,NA,OLN,0.0,1330,pause,NA,NA,NA,NA,0.0,0,-16.54,-5.76,[],0,0,[],[]
42492050,42493760,CHI,CHN,0.0,1330,pause,NA,NA,NA,NA,0.0,0,-23.79,-13.49,[],0,1710,"[{'start': 42492.05, 'end': 42493.76}]",[]
42493760,42500590,NA,NOF,0.0,1330,pause,NA,NA,NA,NA,0.0,0,-27.76,-2.99,[],0,0,[],[]
42500590,42501410,NA,SIL,0.0,1330,pause,NA,NA,NA,NA,0.0,0,-55.35,-44.28,[],0,0,[],[]
42501410,42502010,OCH,CXN,0.0,1330,XM,EC,0,NT,FI,0.0,0,-41.73,-32.8,[],0,0,[],[]
42502010,42518220,NA,NOF,0.0,1331,pause,NA,NA,NA,NA,0.0,0,-33.16,-6.28,[],0,0,[],[]
42518220,42519020,NA,SIL,0.0,1331,pause,NA,NA,NA,NA,0.0,0,-54.24,-45.44,[],0,0,[],[]
42519020,42524970,NA,NOF,0.0,1331,pause,NA,NA,NA,NA,0.0,0,-41.81,-16.0,[],0,0,[],[]
42524970,42525770,NA,SIL,0.0,1331,pause,NA,NA,NA,NA,0.0,0,-58.68,-47.13,[],0,0,[],[]
42525770,42527710,NA,NOF,0.0,1331,pause,NA,NA,NA,NA,0.0,0,-42.28,-27.08,[],0,0,[],[]
42527710,42529580,FEM,FAN,7.81,1331,AMF,EC,0,NT,FI,0.0,0,-37.18,-30.52,[],0,0,[],[]
42529580,42535070,NA,NOF,0.0,1332,pause,NA,NA,NA,NA,0.0,0,-42.97,-23.92,[],0,0,[],[]
42535070,42536810,CHI,CHN,0.0,1332,CM,BC,0,NT,FI,1.0,1740,-19.47,-8.96,"[{'Canonical-syllable': '2', 'Growl': '0', 'High-freq-energy': '0', 'Long-island': '0', 'Low-tilt-spectrum': '2', 'Medium-island': '2', 'Short-island': '2', 'Squeal': '0', 'Typical-entropy': '3', 'Voicing-quality': '4', 'Wide-band': '0', 'Xlong-island': '0', 'seq': '1', 'end': 42536.81, 'start': 42535.19}]",0,0,[],[]
42536810,42537690,NA,OLF,0.0,1332,CM,NA,NA,NA,NA,0.0,0,-32.82,-23.06,[],0,0,[],[]
42537690,42538550,CHI,CHN,0.0,1332,CM,RC,0,NT,FH,1.0,860,-31.13,-24.12,"[{'Canonical-syllable': '1', 'Growl': '1', 'High-freq-energy': '0', 'Long-island': '0', 'Low-tilt-spectrum': '1', 'Medium-island': '2', 'Short-island': '0', 'Squeal': '0', 'Typical-entropy': '1', 'Voicing-quality': '2', 'Wide-band': '0', 'Xlong-island': '0', 'seq': '1', 'end': 42538.55, 'start': 42537.69}]",0,0,[],[]
42538550,42539550,CHI,CHN,0.0,1332,CM,EC,0,NT,FH,1.0,1000,-24.66,-19.66,"[{'Canonical-syllable': '0', 'Growl': '1', 'High-freq-energy': '0', 'Long-island': '1', 'Low-tilt-spectrum': '1', 'Medium-island': '0', 'Short-island': '0', 'Squeal': '0', 'Typical-entropy': '1', 'Voicing-quality': '1', 'Wide-band': '0', 'Xlong-island': '0', 'seq': '1', 'end': 42539.55, 'start': 42538.55}]",0,0,[],[]
42539550,42546090,NA,NOF,0.0,1333,pause,NA,NA,NA,NA,0.0,0,-21.06,-2.76,[],0,0,[],[]
42546090,42547090,FEM,FAN,3.33,1333,AMF,EC,0,NT,FI,0.0,0,-36.58,-26.31,[],0,0,[],[]
42547090,42548090,NA,NOF,0.0,1334,pause,NA,NA,NA,NA,0.0,0,-38.89,-29.69,[],0,0,[],[]
42548090,42549270,NA,FAF,0.0,1334,pause,NA,NA,NA,NA,0.0,0,-37.72,-28.84,[],0,0,[],[]
42549270,42553620,NA,NOF,0.0,1334,pause,NA,NA,NA,NA,0.0,0,-34.65,-12.87,[],0,0,[],[]
42553620,42554420,NA,SIL,0.0,1334,pause,NA,NA,NA,NA,0.0,0,-43.04,-30.32,[],0,0,[],[]
42554420,42555250,NA,NOF,0.0,1334,pause,NA,NA,NA,NA,0.0,0,-43.11,-29.47,[],0,0,[],[]
42555250,42557870,FEM,FAN,9.1,1334,AICF,BC,0,TIFI,FI,0.0,0,-36.76,-22.81,[],0,0,[],[]
42557870,42558750,NA,OLF,0.0,1334,AICF,NA,NA,NA,NA,0.0,0,-42.49,-36.77,[],0,0,[],[]
42558750,42560910,CHI,CHN,0.0,1334,AICF,RC,1,TIFR,FI,1.0,1830,-22.23,-14.51,"[{'Canonical-syllable': '0', 'Growl': '1', 'High-freq-energy': '0', 'Long-island': '1', 'Low-tilt-spectrum': '0', 'Medium-island': '2', 'Short-island': '1', 'Squeal': '0', 'Typical-entropy': '0', 'Voicing-quality': '4', 'Wide-band': '2', 'Xlong-island': '0', 'seq': '1', 'end': 42560.91, 'start': 42559.08}]",0,0,[],[]
42560910,42562330,NA,NOF,0.0,1334,AICF,NA,NA,NA,NA,0.0,0,-37.36,-24.2,[],0,0,[],[]
42562330,42563960,CHI,CHN,0.0,1334,AICF,RC,1,NT,FH,1.0,1470,-15.73,-10.4,"[{'Canonical-syllable': '0', 'Growl': '0', 'High-freq-energy': '0', 'Long-island': '0', 'Low-tilt-spectrum': '0', 'Medium-island': '0', 'Short-island': '0', 'Squeal': '0', 'Typical-entropy': '0', 'Voicing-quality': '1', 'Wide-band': '0', 'Xlong-island': '1', 'seq': '1', 'end': 42563.8, 'start': 42562.33}]",0,0,[],[]
42563960,42565420,NA,NOF,0.0,1334,AICF,NA,NA,NA,NA,0.0,0,-36.32,-21.3,[],0,0,[],[]
42565420,42566750,FEM,FAN,5.67,1334,AICF,RC,1,TIFI,FI,0.0,0,-26.33,-14.57,[],0,0,[],[]
42566750,42567550,NA,FAF,0.0,1334,AICF,NA,NA,NA,NA,0.0,0,-48.75,-40.03,[],0,0,[],[]
42567550,42568520,CHI,CHN,0.0,1334,AICF,RC,2,TIFR,FI,1.0,780,-18.13,-10.09,"[{'Canonical-syllable': '1', 'Growl': '0', 'High-freq-energy': '0', 'Long-island': '0', 'Low-tilt-spectrum': '2', 'Medium-island': '1', 'Short-island': '1', 'Squeal': '0', 'Typical-entropy': '2', 'Voicing-quality': '2', 'Wide-band': '0', 'Xlong-island': '0', 'seq': '1', 'end': 42568.33, 'start': 42567.55}]",0,0,[],[]
42568520,42569340,NA,NOF,0.0,1334,AICF,NA,NA,NA,NA,0.0,0,-36.27,-21.56,[],0,0,[],[]
42569340,42570410,CHI,CHN,0.0,1334,AICF,RC,2,NT,FH,1.0,700,-19.02,-11.56,"[{'Canonical-syllable': '0', 'Growl': '0', 'High-freq-energy': '0', 'Long-island': '1', 'Low-tilt-spectrum': '0', 'Medium-island': '0', 'Short-island': '0', 'Squeal': '0', 'Typical-entropy': '1', 'Voicing-quality': '1', 'Wide-band': '0', 'Xlong-island': '0', 'seq': '1', 'end': 42570.04, 'start': 42569.34}]",0,0,[],[]
42570410,42571410,FEM,FAN,6.11,1334,AICF,RC,2,TIFE,FI,0.0,0,-31.82,-19.78,[],0,0,[],[]
42571410,42573150,NA,NOF,0.0,1334,AICF,NA,NA,NA,NA,0.0,0,-28.24,-8.16,[],0,0,[],[]
42573150,42574150,OCH,CXN,0.0,1334,AICF,RC,2,NT,FI,0.0,0,-30.28,-26.73,[],0,0,[],[]
42574150,42575020,NA,NOF,0.0,1334,AICF,NA,NA,NA,NA,0.0,0,-52.22,-43.13,[],0,0,[],[]
42575020,42576020,FEM,FAN,1.73,1334,AICF,RC,2,NT,FI,0.0,0,-35.99,-29.95,[],0,0,[],[]
42576020,42577020,NA,SIL,0.0,1334,AICF,NA,NA,NA,NA,0.0,0,-58.61,-54.19,[],0,0,[],[]
42577020,42578660,FEM,FAN,5.02,1334,AICF,RC,2,TIFI,FH,0.0,0,-35.61,-26.58,[],0,0,[],[]
42578660,42579460,NA,NOF,0.0,1334,AICF,NA,NA,NA,NA,0.0,0,-46.05,-38.79,[],0,0,[],[]
42579460,42581170,NA,SIL,0.0,1334,AICF,NA,NA,NA,NA,0.0,0,-55.9,-45.9,[],0,0,[],[]
42581170,42582030,CHI,CHN,0.0,1334,AICF,RC,3,TIFR,FI,1.0,860,-21.16,-11.98,"[{'Canonical-syllable': '1', 'Growl': '0', 'High-freq-energy': '0', 'Long-island': '0', 'Low-tilt-spectrum': '0', 'Medium-island': '1', 'Short-island': '1', 'Squeal': '0', 'Typical-entropy': '0', 'Voicing-quality': '3', 'Wide-band': '0', 'Xlong-island': '0', 'seq': '1', 'end': 42582.03, 'start': 42581.17}]",0,0,[],[]
42582030,42582830,NA,NOF,0.0,1334,AICF,NA,NA,NA,NA,0.0,0,-39.49,-27.83,[],0,0,[],[]
42582830,42583630,NA,SIL,0.0,1334,AICF,NA,NA,NA,NA,0.0,0,-57.29,-52.72,[],0,0,[],[]
42583630,42584630,FEM,FAN,3.43,1334,AICF,RC,3,TIFE,FI,0.0,0,-42.3,-36.82,[],0,0,[],[]
42584630,42585440,NA,SIL,0.0,1334,AICF,NA,NA,NA,NA,0.0,0,-56.54,-49.46,[],0,0,[],[]
42585440,42588310,FEM,FAN,9.76,1334,AICF,RC,3,NT,FH,0.0,0,-37.62,-28.18,[],0,0,[],[]
42588310,42589230,NA,SIL,0.0,1334,AICF,NA,NA,NA,NA,0.0,0,-58.44,-50.85,[],0,0,[],[]
42589230,42590230,FEM,FAN,1.99,1334,AICF,RC,3,NT,FH,0.0,0,-39.69,-32.77,[],0,0,[],[]
42590230,42591030,NA,SIL,0.0,1334,AICF,NA,NA,NA,NA,0.0,0,-53.18,-42.3,[],0,0,[],[]
42591030,42592030,NA,MAF,0.0,1334,AICF,NA,NA,NA,NA,0.0,0,-45.15,-36.48,[],0,0,[],[]
42592030,42593030,NA,NOF,0.0,1334,AICF,NA,NA,NA,NA,0.0,0,-38.86,-22.79,[],0,0,[],[]
42593030,42594400,MAL,MAN,4.77,1334,AICF,EC,3,NT,FI,0.0,0,-38.19,-28.31,[],0,0,[],[]
42594400,42595490,NA,MAF,0.0,1335,pause,NA,NA,NA,NA,0.0,0,-45.43,-37.59,[],0,0,[],[]
42595490,42596310,NA,SIL,0.0,1335,pause,NA,NA,NA,NA,0.0,0,-56.36,-48.25,[],0,0,[],[]
42596310,42598200,NA,OLN,0.0,1335,pause,NA,NA,NA,NA,0.0,0,-32.85,-23.36,[],0,0,[],[]
42598200,42601870,NA,NOF,0.0,1335,pause,NA,NA,NA,NA,0.0,0,-27.31,-6.72,[],0,0,[],[]
42601870,42602980,CHI,CHN,0.0,1335,CM,EC,0,NT,FI,1.0,1110,-18.48,-10.89,"[{'Canonical-syllable': '0', 'Growl': '0', 'High-freq-energy': '0', 'Long-island': '1', 'Low-tilt-spectrum': '0', 'Medium-island': '0', 'Short-island': '1', 'Squeal': '0', 'Typical-entropy': '1', 'Voicing-quality': '2', 'Wide-band': '0', 'Xlong-island': '0', 'seq': '1', 'end': 42602.98, 'start': 42601.87}]",0,0,[],[]
42602980,42603990,NA,FAF,0.0,1336,pause,NA,NA,NA,NA,0.0,0,-39.27,-27.07,[],0,0,[],[]
42603990,42605000,NA,MAF,0.0,1336,pause,NA,NA,NA,NA,0.0,0,-47.34,-39.9,[],0,0,[],[]
42605000,42606520,NA,NOF,0.0,1336,pause,NA,NA,NA,NA,0.0,0,-46.66,-37.42,[],0,0,[],[]
42606520,42607800,CHI,CHN,0.0,1336,pause,NA,NA,NA,NA,0.0,0,-17.8,-11.22,[],0,1080,"[{'start': 42606.52, 'end': 42607.6}]",[]
42607800,42609060,NA,NOF,0.0,1336,pause,NA,NA,NA,NA,0.0,0,-33.84,-16.89,[],0,0,[],[]
42609060,42609870,NA,SIL,0.0,1336,pause,NA,NA,NA,NA,0.0,0,-54.88,-47.86,[],0,0,[],[]
42609870,42611090,NA,FAF,0.0,1336,pause,NA,NA,NA,NA,0.0,0,-45.75,-39.66,[],0,0,[],[]
42611090,42612230,NA,NOF,0.0,1336,pause,NA,NA,NA,NA,0.0,0,-48.77,-35.4,[],0,0,[],[]
42612230,42613970,CHI,CHN,0.0,1336,pause,NA,NA,NA,NA,0.0,0,-15.53,-11.36,[],0,1740,"[{'start': 42612.23, 'end': 42613.97}]",[]
42613970,42615230,NA,NOF,0.0,1336,pause,NA,NA,NA,NA,0.0,0,-50.45,-41.35,[],0,0,[],[]
42615230,42616230,NA,FAF,0.0,1336,pause,NA,NA,NA,NA,0.0,0,-47.1,-38.04,[],0,0,[],[]
42616230,42618320,NA,NOF,0.0,1336,pause,NA,NA,NA,NA,0.0,0,-40.42,-20.56,[],0,0,[],[]
42618320,42619190,NA,OLF,0.0,1336,pause,NA,NA,NA,NA,0.0,0,-13.88,-4.66,[],0,0,[],[]
42619190,42620010,NA,NOF,0.0,1336,pause,NA,NA,NA,NA,0.0,0,-41.51,-32.36,[],0,0,[],[]
42620010,42620820,NA,CXF,0.0,1336,pause,NA,NA,NA,NA,0.0,0,-41.5,-35.86,[],0,0,[],[]
42620820,42622310,FEM,FAN,2.01,1336,AMF,BC,0,NT,FI,0.0,0,-41.24,-32.46,[],0,0,[],[]
42622310,42623180,NA,NOF,0.0,1336,AMF,NA,NA,NA,NA,0.0,0,-47.97,-38.8,[],0,0,[],[]
42623180,42624310,NA,OLN,0.0,1336,AMF,NA,NA,NA,NA,0.0,0,-17.91,-3.26,[],0,0,[],[]
42624310,42625650,FEM,FAN,4.83,1336,AMF,EC,0,NT,FH,0.0,0,-39.95,-33.18,[],0,0,[],[]
42625650,42627260,NA,SIL,0.0,1337,pause,NA,NA,NA,NA,0.0,0,-55.57,-47.84,[],0,0,[],[]
42627260,42629220,NA,NOF,0.0,1337,pause,NA,NA,NA,NA,0.0,0,-23.71,-10.22,[],0,0,[],[]
42629220,42630020,NA,CXF,0.0,1337,pause,NA,NA,NA,NA,0.0,0,-51.52,-43.17,[],0,0,[],[]
42630020,42631010,NA,NOF,0.0,1337,pause,NA,NA,NA,NA,0.0,0,-33.08,-15.47,[],0,0,[],[]
42631010,42632010,NA,FAF,0.0,1337,pause,NA,NA,NA,NA,0.0,0,-39.33,-22.46,[],0,0,[],[]
42632010,42633190,NA,NOF,0.0,1337,pause,NA,NA,NA,NA,0.0,0,-43.79,-36.6,[],0,0,[],[]
42633190,42633990,NA,SIL,0.0,1337,pause,NA,NA,NA,NA,0.0,0,-55.73,-49.0,[],0,0,[],[]
42633990,42639590,NA,NOF,0.0,1337,pause,NA,NA,NA,NA,0.0,0,-42.96,-23.87,[],0,0,[],[]
42639590,42640390,NA,SIL,0.0,1337,pause,NA,NA,NA,NA,0.0,0,-47.24,-30.51,[],0,0,[],[]
42640390,42645760,NA,NOF,0.0,1337,pause,NA,NA,NA,NA,0.0,0,-38.64,-17.47,[],0,0,[],[]
42645760,42646760,OCH,CXN,0.0,1337,XM,EC,0,NT,FI,0.0,0,-37.63,-29.26,[],0,0,[],[]
42646760,42648820,NA,SIL,0.0,1338,pause,NA,NA,NA,NA,0.0,0,-58.26,-52.53,[],0,0,[],[]
42648820,42650600,NA,NOF,0.0,1338,pause,NA,NA,NA,NA,0.0,0,-39.87,-22.76,[],0,0,[],[]
42650600,42651400,NA,SIL,0.0,1338,pause,NA,NA,NA,NA,0.0,0,-56.32,-52.04,[],0,0,[],[]
42651400,42653190,NA,NOF,0.0,1338,pause,NA,NA,NA,NA,0.0,0,-52.71,-45.99,[],0,0,[],[]
42653190,42654030,NA,SIL,0.0,1338,pause,NA,NA,NA,NA,0.0,0,-60.55,-55.91,[],0,0,[],[]
42654030,42656180,NA,NOF,0.0,1338,pause,NA,NA,NA,NA,0.0,0,-52.62,-43.24,[],0,0,[],[]
42656180,42657820,NA,SIL,0.0,1338,pause,NA,NA,NA,NA,0.0,0,-47.68,-31.06,[],0,0,[],[]
42657820,42658920,NA,NOF,0.0,1338,pause,NA,NA,NA,NA,0.0,0,-48.52,-42.27,[],0,0,[],[]
42658920,42660200,NA,SIL,0.0,1338,pause,NA,NA,NA,NA,0.0,0,-58.18,-49.45,[],0,0,[],[]
42660200,42661380,FEM,FAN,4.1,1338,AICF,BC,0,NT,FI,0.0,0,-48.98,-43.3,[],0,0,[],[]
42661380,42662210,NA,SIL,0.0,1338,AICF,NA,NA,NA,NA,0.0,0,-55.22,-46.57,[],0,0,[],[]
42662210,42662810,FEM,FAN,8.18,1338,AICF,RC,0,NT,FH,0.0,0,-45.43,-36.77,[],0,0,[],[]
42662810,42665960,NA,SIL,0.0,1338,AICF,NA,NA,NA,NA,0.0,0,-58.21,-44.12,[],0,0,[],[]
42665960,42667370,NA,NOF,0.0,1338,AICF,NA,NA,NA,NA,0.0,0,-50.77,-40.96,[],0,0,[],[]
42667370,42668970,FEM,FAN,5.63,1338,AICF,RC,0,TIFI,FH,0.0,0,-43.11,-39.79,[],0,0,[],[]
42668970,42669850,NA,SIL,0.0,1338,AICF,NA,NA,NA,NA,0.0,0,-49.42,-40.85,[],0,0,[],[]
42669850,42670860,NA,FAF,0.0,1338,AICF,NA,NA,NA,NA,0.0,0,-49.9,-44.01,[],0,0,[],[]
42670860,42672190,NA,NOF,0.0,1338,AICF,NA,NA,NA,NA,0.0,0,-47.62,-34.48,[],0,0,[],[]
42672190,42672810,CHI,CHN,0.0,1338,AICF,RC,1,TIFR,FI,1.0,620,-20.33,-15.72,"[{'Canonical-syllable': '1', 'Growl': '0', 'High-freq-energy': '0', 'Long-island': '0', 'Low-tilt-spectrum': '1', 'Medium-island': '1', 'Short-island': '0', 'Squeal': '0', 'Typical-entropy': '1', 'Voicing-quality': '1', 'Wide-band': '0', 'Xlong-island': '0', 'seq': '1', 'end': 42672.81, 'start': 42672.28}]",0,0,[],[]
42672810,42674430,FEM,FAN,6.29,1338,AICF,EC,1,TIFE,FI,0.0,0,-30.06,-15.24,[],0,0,[],[]
42674430,42675750,NA,SIL,0.0,1339,pause,NA,NA,NA,NA,0.0,0,-54.87,-38.44,[],0,0,[],[]
42675750,42676940,NA,CXF,0.0,1339,pause,NA,NA,NA,NA,0.0,0,-48.7,-37.38,[],0,0,[],[]
42676940,42678500,NA,SIL,0.0,1339,pause,NA,NA,NA,NA,0.0,0,-54.09,-46.79,[],0,0,[],[]
42678500,42681020,NA,FAF,0.0,1339,pause,NA,NA,NA,NA,0.0,0,-47.05,-40.7,[],0,0,[],[]
42681020,42684240,NA,SIL,0.0,1339,pause,NA,NA,NA,NA,0.0,0,-43.6,-22.88,[],0,0,[],[]
42684240,42685070,NA,NOF,0.0,1339,pause,NA,NA,NA,NA,0.0,0,-52.45,-47.75,[],0,0,[],[]
42685070,42688550,CHI,CHN,0.0,1339,CM,EC,0,NT,FI,3.0,2070,-13.5,-3.07,"[{'Canonical-syllable': '1', 'Growl': '0', 'High-freq-energy': '1', 'Long-island': '0', 'Low-tilt-spectrum': '2', 'Medium-island': '1', 'Short-island': '1', 'Squeal': '0', 'Typical-entropy': '1', 'Voicing-quality': '2', 'Wide-band': '0', 'Xlong-island': '0', 'seq': '1', 'end': 42685.74, 'start': 42685.07}, {'Canonical-syllable': '0', 'Growl': '0', 'High-freq-energy': '0', 'Long-island': '0', 'Low-tilt-spectrum': '2', 'Medium-island': '1', 'Short-island': '1', 'Squeal': '0', 'Typical-entropy': '2', 'Voicing-quality': '2', 'Wide-band': '0', 'Xlong-island': '0', 'seq': '2', 'end': 42687.05, 'start': 42686.2}, {'Canonical-syllable': '0', 'Growl': '0', 'High-freq-energy': '1', 'Long-island': '0', 'Low-tilt-spectrum': '1', 'Medium-island': '1', 'Short-island': '0', 'Squeal': '0', 'Typical-entropy': '1', 'Voicing-quality': '1', 'Wide-band': '0', 'Xlong-island': '0', 'seq': '3', 'end': 42688.03, 'start': 42687.48}]",0,0,[],[]
42688550,42690150,NA,SIL,0.0,1340,pause,NA,NA,NA,NA,0.0,0,-37.99,-35.56,[],0,0,[],[]
42690150,42690950,CHI,CHN,0.0,1340,pause,NA,NA,NA,NA,0.0,0,-39.77,-35.15,[],0,280,"[{'start': 42690.27, 'end': 42690.46}]","[{'start': 42690.46, 'end': 42690.55}]"
42690950,42691750,NA,SIL,0.0,1340,pause,NA,NA,NA,NA,0.0,0,-41.46,-40.44,[],0,0,[],[]
42691750,42694630,CHI,CHN,0.0,1340,pause,NA,NA,NA,NA,0.0,0,-12.48,-3.25,[],0,2550,"[{'start': 42692.0, 'end': 42694.55}]",[]
42694630,42695920,NA,SIL,0.0,1340,pause,NA,NA,NA,NA,0.0,0,-49.52,-39.29,[],0,0,[],[]
42695920,42698070,NA,NOF,0.0,1340,pause,NA,NA,NA,NA,0.0,0,-47.57,-37.88,[],0,0,[],[]
42698070,42698670,OCH,CXN,0.0,1340,XM,EC,0,NT,FI,0.0,0,-31.05,-22.05,[],0,0,[],[]
42698670,42699720,NA,SIL,0.0,1341,pause,NA,NA,NA,NA,0.0,0,-48.94,-34.63,[],0,0,[],[]
42699720,42702230,NA,FAF,0.0,1341,pause,NA,NA,NA,NA,0.0,0,-44.86,-36.97,[],0,0,[],[]
42702230,42703790,NA,SIL,0.0,1341,pause,NA,NA,NA,NA,0.0,0,-55.82,-46.01,[],0,0,[],[]
42703790,42707730,NA,NOF,0.0,1341,pause,NA,NA,NA,NA,0.0,0,-46.39,-34.7,[],0,0,[],[]
42707730,42708530,NA,OLF,0.0,1341,pause,NA,NA,NA,NA,0.0,0,-15.08,-6.87,[],0,0,[],[]
42708530,42715280,NA,NOF,0.0,1341,pause,NA,NA,NA,NA,0.0,0,-30.06,-6.54,[],0,0,[],[]
42715280,42716510,NA,SIL,0.0,1341,pause,NA,NA,NA,NA,0.0,0,-52.54,-39.53,[],0,0,[],[]
42716510,42722410,NA,NOF,0.0,1341,pause,NA,NA,NA,NA,0.0,0,-36.36,-18.19,[],0,0,[],[]
42722410,42723210,NA,SIL,0.0,1341,pause,NA,NA,NA,NA,0.0,0,-55.08,-50.33,[],0,0,[],[]
42723210,42724780,NA,NOF,0.0,1341,pause,NA,NA,NA,NA,0.0,0,-38.67,-30.99,[],0,0,[],[]
42724780,42725640,NA,SIL,0.0,1341,pause,NA,NA,NA,NA,0.0,0,-52.87,-45.36,[],0,0,[],[]
42725640,42726890,NA,NOF,0.0,1341,pause,NA,NA,NA,NA,0.0,0,-52.33,-44.8,[],0,0,[],[]
42726890,42739120,NA,SIL,0.0,1341,pause,NA,NA,NA,NA,0.0,0,-54.17,-36.86,[],0,0,[],[]
42739120,42739920,NA,NOF,0.0,1341,pause,NA,NA,NA,NA,0.0,0,-44.49,-37.98,[],0,0,[],[]
42739920,42740720,NA,SIL,0.0,1341,pause,NA,NA,NA,NA,0.0,0,-58.32,-50.34,[],0,0,[],[]
42740720,42741520,NA,NOF,0.0,1341,pause,NA,NA,NA,NA,0.0,0,-55.48,-50.62,[],0,0,[],[]
42741520,42742370,NA,SIL,0.0,1341,pause,NA,NA,NA,NA,0.0,0,-56.1,-48.2,[],0,0,[],[]
42742370,42743170,NA,NOF,0.0,1341,pause,NA,NA,NA,NA,0.0,0,-44.88,-36.33,[],0,0,[],[]
42743170,42744760,NA,SIL,0.0,1341,pause,NA,NA,NA,NA,0.0,0,-59.69,-54.94,[],0,0,[],[]
42744760,42745880,NA,MAF,0.0,1341,pause,NA,NA,NA,NA,0.0,0,-36.95,-32.32,[],0,0,[],[]
42745880,42747950,NA,NOF,0.0,1341,pause,NA,NA,NA,NA,0.0,0,-50.99,-41.17,[],0,0,[],[]
42747950,42748950,NA,TVF,0.0,1341,pause,NA,NA,NA,NA,0.0,0,-45.14,-42.53,[],0,0,[],[]
42748950,42750080,NA,SIL,0.0,1341,pause,NA,NA,NA,NA,0.0,0,-56.72,-48.98,[],0,0,[],[]
42750080,42754660,NA,NOF,0.0,1341,pause,NA,NA,NA,NA,0.0,0,-36.09,-19.79,[],0,0,[],[]
42754660,42755590,NA,OLF,0.0,1341,pause,NA,NA,NA,NA,0.0,0,-29.11,-12.22,[],0,0,[],[]
42755590,42757670,NA,NOF,0.0,1341,pause,NA,NA,NA,NA,0.0,0,-28.63,-7.22,[],0,0,[],[]
42757670,42759900,NA,SIL,0.0,1341,pause,NA,NA,NA,NA,0.0,0,-52.01,-38.36,[],0,0,[],[]
42759900,42761180,NA,NOF,0.0,1341,pause,NA,NA,NA,NA,0.0,0,-42.19,-30.18,[],0,0,[],[]
42761180,42763580,NA,SIL,0.0,1341,pause,NA,NA,NA,NA,0.0,0,-41.73,-24.42,[],0,0,[],[]
42763580,42764380,NA,NOF,0.0,1341,pause,NA,NA,NA,NA,0.0,0,-54.82,-44.16,[],0,0,[],[]
42764380,42771330,NA,SIL,0.0,1341,pause,NA,NA,NA,NA,0.0,0,-56.73,-37.78,[],0,0,[],[]
42771330,42772130,NA,NOF,0.0,1341,pause,NA,NA,NA,NA,0.0,0,-55.2,-47.79,[],0,0,[],[]
42772130,42775950,NA,SIL,0.0,1341,pause,NA,NA,NA,NA,0.0,0,-60.16,-51.89,[],0,0,[],[]
42775950,42776950,NA,FAF,0.0,1341,pause,NA,NA,NA,NA,0.0,0,-45.36,-36.39,[],0,0,[],[]
42776950,42782690,NA,SIL,0.0,1341,pause,NA,NA,NA,NA,0.0,0,-56.97,-42.23,[],0,0,[],[]
42782690,42783500,NA,NOF,0.0,1341,pause,NA,NA,NA,NA,0.0,0,-53.68,-48.2,[],0,0,[],[]
42783500,42786120,NA,SIL,0.0,1341,pause,NA,NA,NA,NA,0.0,0,-55.93,-43.54,[],0,0,[],[]
42786120,42788290,NA,NOF,0.0,1341,pause,NA,NA,NA,NA,0.0,0,-43.61,-30.8,[],0,0,[],[]
42788290,42796380,NA,SIL,0.0,1341,pause,NA,NA,NA,NA,0.0,0,-50.04,-22.94,[],0,0,[],[]
42796380,42797190,NA,NOF,0.0,1341,pause,NA,NA,NA,NA,0.0,0,-45.98,-31.75,[],0,0,[],[]
42797190,42800060,NA,SIL,0.0,1341,pause,NA,NA,NA,NA,0.0,0,-59.64,-48.42,[],0,0,[],[]
42800060,42800860,NA,NOF,0.0,1341,pause,NA,NA,NA,NA,0.0,0,-42.7,-28.66,[],0,0,[],[]
42800860,42805040,NA,SIL,0.0,1341,pause,NA,NA,NA,NA,0.0,0,-57.12,-45.4,[],0,0,[],[]
42805040,42806160,NA,NOF,0.0,1341,pause,NA,NA,NA,NA,0.0,0,-44.97,-31.18,[],0,0,[],[]
42806160,42811200,NA,SIL,0.0,1341,pause,NA,NA,NA,NA,0.0,0,-55.64,-41.37,[],0,0,[],[]
42811200,42812200,NA,MAF,0.0,1341,pause,NA,NA,NA,NA,0.0,0,-39.49,-30.24,[],0,0,[],[]
42812200,42813550,NA,SIL,0.0,1341,pause,NA,NA,NA,NA,0.0,0,-58.62,-45.84,[],0,0,[],[]
42813550,42814150,CHI,CHN,0.0,1341,CM,EC,0,NT,FI,1.0,600,-40.03,-33.44,"[{'Canonical-syllable': '0', 'Growl': '1', 'High-freq-energy': '0', 'Long-island': '0', 'Low-tilt-spectrum': '1', 'Medium-island': '0', 'Short-island': '1', 'Squeal': '0', 'Typical-entropy': '1', 'Voicing-quality': '2', 'Wide-band': '0', 'Xlong-island': '0', 'seq': '1', 'end': 42814.15, 'start': 42813.63}]",0,0,[],[]
42814150,42816790,NA,SIL,0.0,1342,pause,NA,NA,NA,NA,0.0,0,-60.57,-52.66,[],0,0,[],[]
42816790,42817590,NA,NOF,0.0,1342,pause,NA,NA,NA,NA,0.0,0,-29.7,-12.92,[],0,0,[],[]
42817590,42819610,NA,SIL,0.0,1342,pause,NA,NA,NA,NA,0.0,0,-45.96,-29.94,[],0,0,[],[]
42819610,42822150,NA,OLF,0.0,1342,pause,NA,NA,NA,NA,0.0,0,-34.92,-20.29,[],0,0,[],[]
42822150,42823150,MAL,MAN,4.14,1342,AICM,BC,0,TIMI,FI,0.0,0,-37.87,-26.89,[],0,0,[],[]
42823150,42823950,NA,SIL,0.0,1342,AICM,NA,NA,NA,NA,0.0,0,-42.65,-33.13,[],0,0,[],[]
42823950,42824630,CHI,CHN,0.0,1342,AICM,RC,1,TIMR,FI,1.0,680,-19.38,-11.91,"[{'Canonical-syllable': '0', 'Growl': '0', 'High-freq-energy': '0', 'Long-island': '0', 'Low-tilt-spectrum': '0', 'Medium-island': '0', 'Short-island': '2', 'Squeal': '0', 'Typical-entropy': '0', 'Voicing-quality': '3', 'Wide-band': '0', 'Xlong-island': '0', 'seq': '1', 'end': 42824.63, 'start': 42823.95}]",0,0,[],[]
42824630,42825630,MAL,MAN,4.61,1342,AICM,RC,1,TIMI,FI,0.0,0,-33.33,-25.19,[],0,0,[],[]
42825630,42827020,NA,SIL,0.0,1342,AICM,NA,NA,NA,NA,0.0,0,-60.01,-51.42,[],0,0,[],[]
42827020,42830350,NA,NOF,0.0,1342,AICM,NA,NA,NA,NA,0.0,0,-45.03,-30.04,[],0,0,[],[]
42830350,42831270,CHI,CHN,0.0,1342,AICM,RC,2,TIMR,FI,1.0,730,-25.99,-20.07,"[{'Canonical-syllable': '1', 'Growl': '0', 'High-freq-energy': '0', 'Long-island': '0', 'Low-tilt-spectrum': '0', 'Medium-island': '1', 'Short-island': '1', 'Squeal': '0', 'Typical-entropy': '1', 'Voicing-quality': '2', 'Wide-band': '0', 'Xlong-island': '0', 'seq': '1', 'end': 42831.08, 'start': 42830.35}]",0,0,[],[]
42831270,42832070,NA,SIL,0.0,1342,AICM,NA,NA,NA,NA,0.0,0,-57.62,-49.9,[],0,0,[],[]
42832070,42832690,NA,FAF,0.0,1342,AICM,NA,NA,NA,NA,0.0,0,-47.4,-42.93,[],0,0,[],[]
42832690,42834160,NA,SIL,0.0,1342,AICM,NA,NA,NA,NA,0.0,0,-54.94,-43.41,[],0,0,[],[]
42834160,42835830,MAL,MAN,4.73,1342,AICM,RC,2,TIME,FI,0.0,0,-29.51,-24.21,[],0,0,[],[]
42835830,42837520,NA,SIL,0.0,1342,AICM,NA,NA,NA,NA,0.0,0,-52.27,-36.0,[],0,0,[],[]
42837520,42840510,FEM,FAN,4.84,1342,AICM,RC,2,NT,FI,0.0,0,-44.5,-36.25,[],0,0,[],[]
42840510,42841430,NA,SIL,0.0,1342,AICM,NA,NA,NA,NA,0.0,0,-54.81,-44.84,[],0,0,[],[]
42841430,42842430,FEM,FAN,0.0,1342,AICM,NA,NA,NA,NA,0.0,0,-47.03,-38.55,[],1000,0,[],[]
42842430,42843410,NA,NOF,0.0,1342,AICM,NA,NA,NA,NA,0.0,0,-50.8,-37.16,[],0,0,[],[]
42843410,42845990,MAL,MAN,9.45,1342,AICM,RC,2,NT,FI,0.0,0,-29.37,-23.23,[],0,0,[],[]
42845990,42847300,NA,SIL,0.0,1342,AICM,NA,NA,NA,NA,0.0,0,-53.04,-37.44,[],0,0,[],[]
42847300,42848660,NA,NOF,0.0,1342,AICM,NA,NA,NA,NA,0.0,0,-53.09,-41.27,[],0,0,[],[]
42848660,42850460,FEM,FAN,2.05,1342,AICM,RC,2,NT,FI,0.0,0,-43.96,-32.14,[],0,0,[],[]
42850460,42851660,NA,OLF,0.0,1342,AICM,NA,NA,NA,NA,0.0,0,-27.49,-9.12,[],0,0,[],[]
42851660,42852670,FEM,FAN,4.54,1342,AICM,RC,2,NT,FH,0.0,0,-39.91,-33.94,[],0,0,[],[]
42852670,42853580,NA,SIL,0.0,1342,AICM,NA,NA,NA,NA,0.0,0,-56.06,-44.33,[],0,0,[],[]
42853580,42855140,NA,NOF,0.0,1342,AICM,NA,NA,NA,NA,0.0,0,-47.72,-35.75,[],0,0,[],[]
42855140,42856170,FEM,FAN,0.0,1342,AICM,NA,NA,NA,NA,0.0,0,-40.0,-28.83,[],1030,0,[],[]
42856170,42857050,NA,NOF,0.0,1342,AICM,NA,NA,NA,NA,0.0,0,-45.75,-36.34,[],0,0,[],[]
42857050,42858050,MAL,MAN,3.82,1342,AICM,EC,2,NT,FI,0.0,0,-28.49,-20.23,[],0,0,[],[]
42858050,42858880,NA,NOF,0.0,1343,pause,NA,NA,NA,NA,0.0,0,-51.46,-41.16,[],0,0,[],[]
42858880,42859720,NA,FAF,0.0,1343,pause,NA,NA,NA,NA,0.0,0,-45.0,-35.95,[],0,0,[],[]
42859720,42862120,NA,SIL,0.0,1343,pause,NA,NA,NA,NA,0.0,0,-56.53,-41.26,[],0,0,[],[]
42862120,42863000,NA,NOF,0.0,1343,pause,NA,NA,NA,NA,0.0,0,-34.65,-22.64,[],0,0,[],[]
42863000,42864330,NA,SIL,0.0,1343,pause,NA,NA,NA,NA,0.0,0,-56.92,-44.19,[],0,0,[],[]
42864330,42864930,NA,CHF,0.0,1343,CM,EC,0,NT,FI,1.0,180,-45.79,-34.11,"[{'Canonical-syllable': '0', 'Growl': '1', 'High-freq-energy': '0', 'Long-island': '0', 'Low-tilt-spectrum': '1', 'Medium-island': '0', 'Short-island': '1', 'Squeal': '0', 'Typical-entropy': '0', 'Voicing-quality': '1', 'Wide-band': '1', 'Xlong-island': '0', 'seq': '1', 'end': 42864.51, 'start': 42864.33}]",0,0,[],[]
42864930,42866130,NA,NOF,0.0,1344,pause,NA,NA,NA,NA,0.0,0,-47.18,-34.63,[],0,0,[],[]
42866130,42875510,NA,SIL,0.0,1344,pause,NA,NA,NA,NA,0.0,0,-51.19,-32.03,[],0,0,[],[]
42875510,42876760,OCH,CXN,0.0,1344,XIOCC,BC,0,NT,FI,0.0,0,-40.93,-32.33,[],0,0,[],[]
42876760,42880730,CHI,CHN,0.0,1344,XIOCC,RC,0,NT,FI,3.0,2540,-26.47,-17.27,"[{'Canonical-syllable': '0', 'Growl': '0', 'High-freq-energy': '0', 'Long-island': '0', 'Low-tilt-spectrum': '0', 'Medium-island': '0', 'Short-island': '0', 'Squeal': '0', 'Typical-entropy': '0', 'Voicing-quality': '1', 'Wide-band': '0', 'Xlong-island': '1', 'seq': '1', 'end': 42878.03, 'start': 42876.76}, {'Canonical-syllable': '1', 'Growl': '0', 'High-freq-energy': '0', 'Long-island': '0', 'Low-tilt-spectrum': '0', 'Medium-island': '1', 'Short-island': '0', 'Squeal': '0', 'Typical-entropy': '0', 'Voicing-quality': '1', 'Wide-band': '0', 'Xlong-island': '0', 'seq': '2', 'end': 42879.27, 'start': 42878.82}, {'Canonical-syllable': '1', 'Growl': '1', 'High-freq-energy': '0', 'Long-island': '0', 'Low-tilt-spectrum': '0', 'Medium-island': '2', 'Short-island': '0', 'Squeal': '0', 'Typical-entropy': '1', 'Voicing-quality': '2', 'Wide-band': '1', 'Xlong-island': '0', 'seq': '3', 'end': 42880.73, 'start': 42879.91}]",0,0,[],[]
42880730,42881530,NA,SIL,0.0,1344,XIOCC,NA,NA,NA,NA,0.0,0,-50.63,-35.76,[],0,0,[],[]
42881530,42882130,OCH,CXN,0.0,1344,XIOCC,RC,0,NT,FI,0.0,0,-29.01,-24.54,[],0,0,[],[]
42882130,42883130,CHI,CHN,0.0,1344,XIOCC,RC,0,NT,FI,1.0,1000,-30.11,-23.37,"[{'Canonical-syllable': '0', 'Growl': '0', 'High-freq-energy': '0', 'Long-island': '0', 'Low-tilt-spectrum': '0', 'Medium-island': '1', 'Short-island': '1', 'Squeal': '0', 'Typical-entropy': '0', 'Voicing-quality': '3', 'Wide-band': '0', 'Xlong-island': '0', 'seq': '1', 'end': 42883.13, 'start': 42882.13}]",0,0,[],[]
42883130,42884120,CHI,CHN,0.0,1344,XIOCC,EC,0,NT,FH,1.0,990,-26.7,-20.61,"[{'Canonical-syllable': '1', 'Growl': '0', 'High-freq-energy': '0', 'Long-island': '0', 'Low-tilt-spectrum': '0', 'Medium-island': '2', 'Short-island': '0', 'Squeal': '0', 'Typical-entropy': '1', 'Voicing-quality': '2', 'Wide-band': '0', 'Xlong-island': '0', 'seq': '1', 'end': 42884.12, 'start': 42883.13}]",0,0,[],[]
42884120,42885510,NA,NOF,0.0,1345,pause,NA,NA,NA,NA,0.0,0,-49.53,-39.2,[],0,0,[],[]
42885510,42886390,NA,SIL,0.0,1345,pause,NA,NA,NA,NA,0.0,0,-52.51,-39.67,[],0,0,[],[]
42886390,42887190,NA,NOF,0.0,1345,pause,NA,NA,NA,NA,0.0,0,-37.84,-23.89,[],0,0,[],[]
42887190,42888690,NA,SIL,0.0,1345,pause,NA,NA,NA,NA,0.0,0,-51.69,-37.49,[],0,0,[],[]
42888690,42889780,NA,TVF,0.0,1345,pause,NA,NA,NA,NA,0.0,0,-55.24,-48.48,[],0,0,[],[]
42889780,42890380,NA,CHF,0.0,1345,pause,NA,NA,NA,NA,0.0,0,-41.24,-29.36,[],0,0,[],[]
42890380,42892180,NA,SIL,0.0,1345,pause,NA,NA,NA,NA,0.0,0,-60.27,-46.03,[],0,0,[],[]
42892180,42893110,NA,NOF,0.0,1345,pause,NA,NA,NA,NA,0.0,0,-41.12,-23.91,[],0,0,[],[]
42893110,42894300,NA,SIL,0.0,1345,pause,NA,NA,NA,NA,0.0,0,-54.92,-44.87,[],0,0,[],[]
42894300,42897410,NA,NOF,0.0,1345,pause,NA,NA,NA,NA,0.0,0,-33.19,-19.59,[],0,0,[],[]
42897410,42898480,OCH,CXN,0.0,1345,XM,EC,0,NT,FI,0.0,0,-30.97,-19.75,[],0,0,[],[]
42898480,42900750,NA,NOF,0.0,1346,pause,NA,NA,NA,NA,0.0,0,-43.45,-29.49,[],0,0,[],[]
42900750,42904560,NA,SIL,0.0,1346,pause,NA,NA,NA,NA,0.0,0,-52.7,-38.25,[],0,0,[],[]
42904560,42906400,NA,NOF,0.0,1346,pause,NA,NA,NA,NA,0.0,0,-42.51,-27.29,[],0,0,[],[]
42906400,42909680,NA,SIL,0.0,1346,pause,NA,NA,NA,NA,0.0,0,-59.03,-45.15,[],0,0,[],[]
42909680,42910480,NA,NOF,0.0,1346,pause,NA,NA,NA,NA,0.0,0,-52.32,-46.93,[],0,0,[],[]
42910480,42911340,NA,SIL,0.0,1346,pause,NA,NA,NA,NA,0.0,0,-56.6,-47.25,[],0,0,[],[]
42911340,42912140,NA,NOF,0.0,1346,pause,NA,NA,NA,NA,0.0,0,-49.6,-40.3,[],0,0,[],[]
42912140,42912970,NA,SIL,0.0,1346,pause,NA,NA,NA,NA,0.0,0,-55.7,-45.41,[],0,0,[],[]
42912970,42913770,NA,NOF,0.0,1346,pause,NA,NA,NA,NA,0.0,0,-44.61,-31.73,[],0,0,[],[]
42913770,42914570,NA,SIL,0.0,1346,pause,NA,NA,NA,NA,0.0,0,-54.88,-46.41,[],0,0,[],[]
42914570,42915370,NA,NOF,0.0,1346,pause,NA,NA,NA,NA,0.0,0,-55.89,-50.61,[],0,0,[],[]
42915370,42916580,NA,SIL,0.0,1346,pause,NA,NA,NA,NA,0.0,0,-58.39,-44.76,[],0,0,[],[]
42916580,42917600,NA,NOF,0.0,1346,pause,NA,NA,NA,NA,0.0,0,-51.8,-38.71,[],0,0,[],[]
42917600,42921630,NA,SIL,0.0,1346,pause,NA,NA,NA,NA,0.0,0,-57.2,-49.19,[],0,0,[],[]
42921630,42922600,NA,NOF,0.0,1346,pause,NA,NA,NA,NA,0.0,0,-51.46,-45.29,[],0,0,[],[]
42922600,42925310,NA,SIL,0.0,1346,pause,NA,NA,NA,NA,0.0,0,-51.68,-42.7,[],0,0,[],[]
42925310,42925910,OCH,CXN,0.0,1346,XM,EC,0,NT,FI,0.0,0,-44.73,-35.76,[],0,0,[],[]
42925910,42930590,NA,SIL,0.0,1347,pause,NA,NA,NA,NA,0.0,0,-52.18,-45.7,[],0,0,[],[]
42930590,42931590,NA,TVF,0.0,1347,pause,NA,NA,NA,NA,0.0,0,-52.06,-43.47,[],0,0,[],[]
42931590,42933080,NA,SIL,0.0,1347,pause,NA,NA,NA,NA,0.0,0,-52.53,-46.35,[],0,0,[],[]
42933080,42933880,NA,NOF,0.0,1347,pause,NA,NA,NA,NA,0.0,0,-41.83,-27.76,[],0,0,[],[]
42933880,42936960,NA,SIL,0.0,1347,pause,NA,NA,NA,NA,0.0,0,-42.63,-19.97,[],0,0,[],[]
42936960,42939190,NA,NOF,0.0,1347,pause,NA,NA,NA,NA,0.0,0,-44.24,-30.57,[],0,0,[],[]
42939190,42941770,NA,SIL,0.0,1347,pause,NA,NA,NA,NA,0.0,0,-50.01,-39.4,[],0,0,[],[]
42941770,42943430,NA,NOF,0.0,1347,pause,NA,NA,NA,NA,0.0,0,-42.47,-29.19,[],0,0,[],[]
42943430,42945020,NA,SIL,0.0,1347,pause,NA,NA,NA,NA,0.0,0,-51.03,-41.75,[],0,0,[],[]
42945020,42945820,NA,CHF,0.0,1347,pause,NA,NA,NA,NA,0.0,0,-47.42,-40.29,[],0,800,[],"[{'start': 42945.02, 'end': 42945.82}]"
42945820,42947170,NA,SIL,0.0,1347,pause,NA,NA,NA,NA,0.0,0,-48.53,-42.28,[],0,0,[],[]
42947170,42947980,NA,NOF,0.0,1347,pause,NA,NA,NA,NA,0.0,0,-49.36,-43.35,[],0,0,[],[]
42947980,42949110,NA,SIL,0.0,1347,pause,NA,NA,NA,NA,0.0,0,-47.13,-39.46,[],0,0,[],[]
42949110,42950160,NA,MAF,0.0,1347,pause,NA,NA,NA,NA,0.0,0,-42.89,-36.88,[],0,0,[],[]
42950160,42950970,NA,NON,0.0,1347,pause,NA,NA,NA,NA,0.0,0,-41.72,-35.41,[],0,0,[],[]
42950970,42951770,NA,SIL,0.0,1347,pause,NA,NA,NA,NA,0.0,0,-48.84,-44.46,[],0,0,[],[]
42951770,42953000,NA,NOF,0.0,1347,pause,NA,NA,NA,NA,0.0,0,-37.3,-27.47,[],0,0,[],[]
42953000,42957230,NA,SIL,0.0,1347,pause,NA,NA,NA,NA,0.0,0,-50.39,-39.18,[],0,0,[],[]
42957230,42958740,NA,NOF,0.0,1347,pause,NA,NA,NA,NA,0.0,0,-47.93,-37.1,[],0,0,[],[]
42958740,42960780,NA,SIL,0.0,1347,pause,NA,NA,NA,NA,0.0,0,-50.84,-45.66,[],0,0,[],[]
42960780,42961610,NA,NOF,0.0,1347,pause,NA,NA,NA,NA,0.0,0,-43.73,-35.89,[],0,0,[],[]
42961610,42962860,NA,MAF,0.0,1347,pause,NA,NA,NA,NA,0.0,0,-39.08,-33.39,[],0,0,[],[]
42962860,42964800,NA,NOF,0.0,1347,pause,NA,NA,NA,NA,0.0,0,-31.66,-18.12,[],0,0,[],[]
42964800,42965600,NA,SIL,0.0,1347,pause,NA,NA,NA,NA,0.0,0,-49.01,-44.03,[],0,0,[],[]
42965600,42967280,NA,NOF,0.0,1347,pause,NA,NA,NA,NA,0.0,0,-31.05,-11.05,[],0,0,[],[]
42967280,42968480,NA,SIL,0.0,1347,pause,NA,NA,NA,NA,0.0,0,-46.08,-32.65,[],0,0,[],[]
42968480,42969380,NA,NOF,0.0,1347,pause,NA,NA,NA,NA,0.0,0,-45.01,-34.72,[],0,0,[],[]
42969380,42970180,NA,SIL,0.0,1347,pause,NA,NA,NA,NA,0.0,0,-47.58,-39.83,[],0,0,[],[]
42970180,42970980,NA,NOF,0.0,1347,pause,NA,NA,NA,NA,0.0,0,-45.65,-35.04,[],0,0,[],[]
42970980,42972570,NA,SIL,0.0,1347,pause,NA,NA,NA,NA,0.0,0,-44.17,-29.9,[],0,0,[],[]
42972570,42973720,NA,NOF,0.0,1347,pause,NA,NA,NA,NA,0.0,0,-39.04,-28.96,[],0,0,[],[]
42973720,42976150,NA,SIL,0.0,1347,pause,NA,NA,NA,NA,0.0,0,-50.57,-45.25,[],0,0,[],[]
42976150,42977210,NA,TVF,0.0,1347,pause,NA,NA,NA,NA,0.0,0,-51.9,-46.71,[],0,0,[],[]
42977210,42979880,NA,SIL,0.0,1347,pause,NA,NA,NA,NA,0.0,0,-50.06,-39.38,[],0,0,[],[]
42979880,42980680,NA,NOF,0.0,1347,pause,NA,NA,NA,NA,0.0,0,-43.59,-27.97,[],0,0,[],[]
42980680,42984540,NA,SIL,0.0,1347,pause,NA,NA,NA,NA,0.0,0,-49.6,-41.22,[],0,0,[],[]
42984540,42985400,NA,NOF,0.0,1347,pause,NA,NA,NA,NA,0.0,0,-44.78,-32.53,[],0,0,[],[]
42985400,42991440,NA,SIL,0.0,1347,pause,NA,NA,NA,NA,0.0,0,-49.74,-36.61,[],0,0,[],[]
42991440,42992900,NA,NOF,0.0,1347,pause,NA,NA,NA,NA,0.0,0,-42.27,-31.13,[],0,0,[],[]
42992900,42994730,NA,SIL,0.0,1347,pause,NA,NA,NA,NA,0.0,0,-49.71,-35.7,[],0,0,[],[]
42994730,42995750,NA,NOF,0.0,1347,pause,NA,NA,NA,NA,0.0,0,-41.37,-32.87,[],0,0,[],[]
42995750,42997000,NA,SIL,0.0,1347,pause,NA,NA,NA,NA,0.0,0,-51.4,-46.47,[],0,0,[],[]
42997000,42997890,NA,NOF,0.0,1347,pause,NA,NA,NA,NA,0.0,0,-48.73,-44.11,[],0,0,[],[]
42997890,43002890,NA,SIL,0.0,1347,pause,NA,NA,NA,NA,0.0,0,-43.33,-19.5,[],0,0,[],[]
43002890,43003690,NA,NON,0.0,1347,pause,NA,NA,NA,NA,0.0,0,-39.23,-31.34,[],0,0,[],[]
43003690,43005690,NA,SIL,0.0,1347,pause,NA,NA,NA,NA,0.0,0,-48.02,-37.88,[],0,0,[],[]
43005690,43006510,NA,NOF,0.0,1347,pause,NA,NA,NA,NA,0.0,0,-46.88,-40.46,[],0,0,[],[]
43006510,43011040,NA,SIL,0.0,1347,pause,NA,NA,NA,NA,0.0,0,-50.51,-39.55,[],0,0,[],[]
43011040,43012000,NA,NOF,0.0,1347,pause,NA,NA,NA,NA,0.0,0,-48.76,-37.2,[],0,0,[],[]
43012000,43014620,NA,SIL,0.0,1347,pause,NA,NA,NA,NA,0.0,0,-50.85,-40.27,[],0,0,[],[]
43014620,43015220,OCH,CXN,0.0,1347,XM,EC,0,NT,FI,0.0,0,-41.6,-34.94,[],0,0,[],[]
43015220,43017930,NA,SIL,0.0,1348,pause,NA,NA,NA,NA,0.0,0,-49.94,-36.98,[],0,0,[],[]
43017930,43018950,NA,NOF,0.0,1348,pause,NA,NA,NA,NA,0.0,0,-49.92,-44.41,[],0,0,[],[]
43018950,43023060,NA,SIL,0.0,1348,pause,NA,NA,NA,NA,0.0,0,-49.53,-32.3,[],0,0,[],[]
43023060,43023860,NA,NOF,0.0,1348,pause,NA,NA,NA,NA,0.0,0,-48.92,-41.69,[],0,0,[],[]
43023860,43026540,NA,SIL,0.0,1348,pause,NA,NA,NA,NA,0.0,0,-50.77,-37.19,[],0,0,[],[]
43026540,43027800,NA,TVF,0.0,1348,pause,NA,NA,NA,NA,0.0,0,-51.2,-43.86,[],0,0,[],[]
43027800,43029350,NA,SIL,0.0,1348,pause,NA,NA,NA,NA,0.0,0,-50.85,-45.99,[],0,0,[],[]
43029350,43030150,NA,NOF,0.0,1348,pause,NA,NA,NA,NA,0.0,0,-28.68,-11.28,[],0,0,[],[]
43030150,43031280,NA,SIL,0.0,1348,pause,NA,NA,NA,NA,0.0,0,-51.21,-41.7,[],0,0,[],[]
43031280,43032800,NA,OLF,0.0,1348,pause,NA,NA,NA,NA,0.0,0,-42.75,-32.09,[],0,0,[],[]
43032800,43033800,NA,TVF,0.0,1348,pause,NA,NA,NA,NA,0.0,0,-47.88,-35.84,[],0,0,[],[]
43033800,43034720,NA,SIL,0.0,1348,pause,NA,NA,NA,NA,0.0,0,-44.6,-34.05,[],0,0,[],[]
43034720,43035520,NA,NOF,0.0,1348,pause,NA,NA,NA,NA,0.0,0,-46.56,-39.79,[],0,0,[],[]
43035520,43036350,NA,SIL,0.0,1348,pause,NA,NA,NA,NA,0.0,0,-49.61,-42.9,[],0,0,[],[]
43036350,43037290,NA,NOF,0.0,1348,pause,NA,NA,NA,NA,0.0,0,-38.15,-28.05,[],0,0,[],[]
43037290,43039080,NA,SIL,0.0,1348,pause,NA,NA,NA,NA,0.0,0,-49.33,-38.36,[],0,0,[],[]
43039080,43039880,NA,NOF,0.0,1348,pause,NA,NA,NA,NA,0.0,0,-46.65,-37.2,[],0,0,[],[]
43039880,43041040,NA,SIL,0.0,1348,pause,NA,NA,NA,NA,0.0,0,-50.81,-40.32,[],0,0,[],[]
43041040,43042640,NA,NOF,0.0,1348,pause,NA,NA,NA,NA,0.0,0,-44.47,-33.7,[],0,0,[],[]
43042640,43044670,NA,SIL,0.0,1348,pause,NA,NA,NA,NA,0.0,0,-50.22,-41.85,[],0,0,[],[]
43044670,43045470,NA,NOF,0.0,1348,pause,NA,NA,NA,NA,0.0,0,-44.82,-34.24,[],0,0,[],[]
43045470,43046380,NA,SIL,0.0,1348,pause,NA,NA,NA,NA,0.0,0,-47.79,-33.58,[],0,0,[],[]
43046380,43047240,NA,NOF,0.0,1348,pause,NA,NA,NA,NA,0.0,0,-47.96,-39.11,[],0,0,[],[]
43047240,43048310,NA,SIL,0.0,1348,pause,NA,NA,NA,NA,0.0,0,-47.26,-34.76,[],0,0,[],[]
43048310,43049260,NA,NOF,0.0,1348,pause,NA,NA,NA,NA,0.0,0,-44.76,-36.07,[],0,0,[],[]
43049260,43052950,NA,SIL,0.0,1348,pause,NA,NA,NA,NA,0.0,0,-49.07,-34.54,[],0,0,[],[]
43052950,43054250,NA,NOF,0.0,1348,pause,NA,NA,NA,NA,0.0,0,-40.95,-34.33,[],0,0,[],[]
43054250,43055050,NA,TVN,0.0,1348,pause,NA,NA,NA,NA,0.0,0,-44.29,-36.92,[],0,0,[],[]
43055050,43056580,NA,NOF,0.0,1348,pause,NA,NA,NA,NA,0.0,0,-40.43,-29.69,[],0,0,[],[]
43056580,43057380,OCH,CXN,0.0,1348,XM,BC,0,NT,FI,0.0,0,-42.24,-35.71,[],0,0,[],[]
43057380,43059720,NA,SIL,0.0,1348,XM,NA,NA,NA,NA,0.0,0,-49.06,-36.93,[],0,0,[],[]
43059720,43060910,NA,NOF,0.0,1348,XM,NA,NA,NA,NA,0.0,0,-27.41,-8.36,[],0,0,[],[]
43060910,43061800,NA,SIL,0.0,1348,XM,NA,NA,NA,NA,0.0,0,-51.11,-46.88,[],0,0,[],[]
43061800,43062600,OCH,CXN,0.0,1348,XM,EC,0,NT,FH,0.0,0,-43.71,-35.24,[],0,0,[],[]
43062600,43063420,NA,NOF,0.0,1349,pause,NA,NA,NA,NA,0.0,0,-35.9,-19.73,[],0,0,[],[]
43063420,43065440,NA,SIL,0.0,1349,pause,NA,NA,NA,NA,0.0,0,-49.35,-39.87,[],0,0,[],[]
43065440,43066450,NA,TVN,0.0,1349,pause,NA,NA,NA,NA,0.0,0,-47.19,-38.51,[],0,0,[],[]
43066450,43067660,NA,SIL,0.0,1349,pause,NA,NA,NA,NA,0.0,0,-50.56,-39.04,[],0,0,[],[]
43067660,43068530,NA,NOF,0.0,1349,pause,NA,NA,NA,NA,0.0,0,-48.46,-42.41,[],0,0,[],[]
43068530,43069570,NA,TVN,0.0,1349,pause,NA,NA,NA,NA,0.0,0,-44.87,-33.57,[],0,0,[],[]
43069570,43072040,NA,SIL,0.0,1349,pause,NA,NA,NA,NA,0.0,0,-50.09,-40.21,[],0,0,[],[]
43072040,43074630,NA,NOF,0.0,1349,pause,NA,NA,NA,NA,0.0,0,-40.2,-20.61,[],0,0,[],[]
43074630,43075430,NA,SIL,0.0,1349,pause,NA,NA,NA,NA,0.0,0,-47.55,-35.02,[],0,0,[],[]
43075430,43076230,NA,NOF,0.0,1349,pause,NA,NA,NA,NA,0.0,0,-46.84,-38.85,[],0,0,[],[]
43076230,43080930,NA,SIL,0.0,1349,pause,NA,NA,NA,NA,0.0,0,-49.21,-36.71,[],0,0,[],[]
43080930,43083010,NA,NOF,0.0,1349,pause,NA,NA,NA,NA,0.0,0,-40.32,-30.62,[],0,0,[],[]
43083010,43083840,NA,OLF,0.0,1349,pause,NA,NA,NA,NA,0.0,0,-33.86,-27.6,[],0,0,[],[]
43083840,43084440,NA,CHF,0.0,1349,CM,EC,0,NT,FI,1.0,600,-36.27,-29.34,"[{'Canonical-syllable': '0', 'Growl': '1', 'High-freq-energy': '0', 'Long-island': '0', 'Low-tilt-spectrum': '1', 'Medium-island': '1', 'Short-island': '0', 'Squeal': '0', 'Typical-entropy': '0', 'Voicing-quality': '1', 'Wide-band': '0', 'Xlong-island': '0', 'seq': '1', 'end': 43084.44, 'start': 43083.84}]",0,0,[],[]
43084440,43085510,NA,NOF,0.0,1350,pause,NA,NA,NA,NA,0.0,0,-42.26,-35.36,[],0,0,[],[]
43085510,43086310,NA,OLF,0.0,1350,pause,NA,NA,NA,NA,0.0,0,-36.79,-30.51,[],0,0,[],[]
43086310,43087110,NA,CXF,0.0,1350,pause,NA,NA,NA,NA,0.0,0,-42.79,-34.79,[],0,0,[],[]
43087110,43087910,NA,TVN,0.0,1350,pause,NA,NA,NA,NA,0.0,0,-44.5,-34.79,[],0,0,[],[]
43087910,43088980,NA,SIL,0.0,1350,pause,NA,NA,NA,NA,0.0,0,-48.93,-41.14,[],0,0,[],[]
43088980,43094660,NA,NOF,0.0,1350,pause,NA,NA,NA,NA,0.0,0,-38.88,-23.67,[],0,0,[],[]
43094660,43095460,NA,SIL,0.0,1350,pause,NA,NA,NA,NA,0.0,0,-48.25,-44.08,[],0,0,[],[]
43095460,43097180,NA,NOF,0.0,1350,pause,NA,NA,NA,NA,0.0,0,-38.93,-23.55,[],0,0,[],[]
43097180,43098560,NA,SIL,0.0,1350,pause,NA,NA,NA,NA,0.0,0,-48.0,-38.14,[],0,0,[],[]
43098560,43099590,NA,CXF,0.0,1350,pause,NA,NA,NA,NA,0.0,0,-48.26,-43.4,[],0,0,[],[]
43099590,43100580,NA,SIL,0.0,1350,pause,NA,NA,NA,NA,0.0,0,-50.98,-43.59,[],0,0,[],[]
43100580,43101440,NA,NOF,0.0,1350,pause,NA,NA,NA,NA,0.0,0,-38.9,-20.74,[],0,0,[],[]
43101440,43102670,NA,SIL,0.0,1350,pause,NA,NA,NA,NA,0.0,0,-48.81,-39.85,[],0,0,[],[]
43102670,43103470,NA,NOF,0.0,1350,pause,NA,NA,NA,NA,0.0,0,-47.58,-38.13,[],0,0,[],[]
43103470,43106280,NA,SIL,0.0,1350,pause,NA,NA,NA,NA,0.0,0,-50.46,-38.92,[],0,0,[],[]
43106280,43107630,NA,NOF,0.0,1350,pause,NA,NA,NA,NA,0.0,0,-18.51,-5.89,[],0,0,[],[]
43107630,43108240,NA,OLF,0.0,1350,pause,NA,NA,NA,NA,0.0,0,-23.08,-9.16,[],0,0,[],[]
43108240,43110880,NA,NOF,0.0,1350,pause,NA,NA,NA,NA,0.0,0,-40.66,-27.79,[],0,0,[],[]
43110880,43111880,FEM,FAN,2.48,1350,AMF,BC,0,NT,FI,0.0,0,-35.88,-24.26,[],0,0,[],[]
43111880,43112850,NA,NOF,0.0,1350,AMF,NA,NA,NA,NA,0.0,0,-36.73,-26.23,[],0,0,[],[]
43112850,43114690,NA,SIL,0.0,1350,AMF,NA,NA,NA,NA,0.0,0,-49.34,-39.38,[],0,0,[],[]
43114690,43115290,MAL,MAN,3.3,1350,AMF,EC,0,NT,FI,0.0,0,-32.39,-22.62,[],0,0,[],[]
43115290,43119130,NA,SIL,0.0,1351,pause,NA,NA,NA,NA,0.0,0,-49.96,-38.03,[],0,0,[],[]
43119130,43121580,NA,NOF,0.0,1351,pause,NA,NA,NA,NA,0.0,0,-43.72,-27.25,[],0,0,[],[]
43121580,43122380,NA,SIL,0.0,1351,pause,NA,NA,NA,NA,0.0,0,-46.41,-35.44,[],0,0,[],[]
43122380,43123490,NA,NOF,0.0,1351,pause,NA,NA,NA,NA,0.0,0,-41.26,-26.88,[],0,0,[],[]
43123490,43125030,NA,SIL,0.0,1351,pause,NA,NA,NA,NA,0.0,0,-50.79,-43.04,[],0,0,[],[]
43125030,43125840,NA,NOF,0.0,1351,pause,NA,NA,NA,NA,0.0,0,-43.39,-30.56,[],0,0,[],[]
43125840,43126670,NA,SIL,0.0,1351,pause,NA,NA,NA,NA,0.0,0,-50.41,-42.28,[],0,0,[],[]
43126670,43127540,NA,NOF,0.0,1351,pause,NA,NA,NA,NA,0.0,0,-49.48,-40.61,[],0,0,[],[]
43127540,43128340,NA,SIL,0.0,1351,pause,NA,NA,NA,NA,0.0,0,-49.09,-43.71,[],0,0,[],[]
43128340,43130080,NA,NOF,0.0,1351,pause,NA,NA,NA,NA,0.0,0,-47.35,-41.63,[],0,0,[],[]
43130080,43130900,OCH,CXN,0.0,1351,XM,EC,0,NT,FI,0.0,0,-42.67,-36.12,[],0,0,[],[]
43130900,43136650,NA,SIL,0.0,1352,pause,NA,NA,NA,NA,0.0,0,-49.67,-34.33,[],0,0,[],[]
43136650,43138310,NA,NOF,0.0,1352,pause,NA,NA,NA,NA,0.0,0,-46.19,-30.22,[],0,0,[],[]
43138310,43140100,NA,SIL,0.0,1352,pause,NA,NA,NA,NA,0.0,0,-49.34,-39.68,[],0,0,[],[]
43140100,43141140,NA,NOF,0.0,1352,pause,NA,NA,NA,NA,0.0,0,-47.25,-42.19,[],0,0,[],[]
43141140,43144610,NA,SIL,0.0,1352,pause,NA,NA,NA,NA,0.0,0,-50.99,-40.45,[],0,0,[],[]
43144610,43145410,NA,NOF,0.0,1352,pause,NA,NA,NA,NA,0.0,0,-49.04,-45.25,[],0,0,[],[]
43145410,43146570,NA,SIL,0.0,1352,pause,NA,NA,NA,NA,0.0,0,-49.53,-35.4,[],0,0,[],[]
43146570,43150980,NA,NOF,0.0,1352,pause,NA,NA,NA,NA,0.0,0,-44.33,-28.37,[],0,0,[],[]
43150980,43152210,NA,SIL,0.0,1352,pause,NA,NA,NA,NA,0.0,0,-47.09,-31.3,[],0,0,[],[]
43152210,43153020,NA,NOF,0.0,1352,pause,NA,NA,NA,NA,0.0,0,-44.61,-32.37,[],0,0,[],[]
43153020,43154830,NA,SIL,0.0,1352,pause,NA,NA,NA,NA,0.0,0,-48.64,-36.53,[],0,0,[],[]
43154830,43156160,NA,NOF,0.0,1352,pause,NA,NA,NA,NA,0.0,0,-46.29,-32.39,[],0,0,[],[]
43156160,43158280,NA,SIL,0.0,1352,pause,NA,NA,NA,NA,0.0,0,-50.51,-38.87,[],0,0,[],[]
43158280,43159080,NA,NOF,0.0,1352,pause,NA,NA,NA,NA,0.0,0,-46.56,-38.37,[],0,0,[],[]
43159080,43160120,NA,SIL,0.0,1352,pause,NA,NA,NA,NA,0.0,0,-51.28,-45.74,[],0,0,[],[]
43160120,43161060,NA,NOF,0.0,1352,pause,NA,NA,NA,NA,0.0,0,-49.28,-41.69,[],0,0,[],[]
43161060,43163940,NA,SIL,0.0,1352,pause,NA,NA,NA,NA,0.0,0,-50.1,-32.55,[],0,0,[],[]
43163940,43164740,NA,NOF,0.0,1352,pause,NA,NA,NA,NA,0.0,0,-22.17,-6.73,[],0,0,[],[]
43164740,43165820,NA,SIL,0.0,1352,pause,NA,NA,NA,NA,0.0,0,-49.96,-45.33,[],0,0,[],[]
43165820,43170910,NA,NOF,0.0,1352,pause,NA,NA,NA,NA,0.0,0,-44.48,-28.61,[],0,0,[],[]
43170910,43171930,NA,SIL,0.0,1352,pause,NA,NA,NA,NA,0.0,0,-49.93,-43.12,[],0,0,[],[]
43171930,43172730,NA,NOF,0.0,1352,pause,NA,NA,NA,NA,0.0,0,-30.53,-17.57,[],0,0,[],[]
43172730,43180110,NA,SIL,0.0,1352,pause,NA,NA,NA,NA,0.0,0,-49.46,-35.36,[],0,0,[],[]
43180110,43181300,NA,NOF,0.0,1352,pause,NA,NA,NA,NA,0.0,0,-44.87,-35.25,[],0,0,[],[]
43181300,43182480,NA,SIL,0.0,1352,pause,NA,NA,NA,NA,0.0,0,-50.57,-44.71,[],0,0,[],[]
43182480,43183350,NA,NOF,0.0,1352,pause,NA,NA,NA,NA,0.0,0,-46.11,-38.46,[],0,0,[],[]
43183350,43184230,NA,SIL,0.0,1352,pause,NA,NA,NA,NA,0.0,0,-50.73,-46.45,[],0,0,[],[]
43184230,43185030,NA,FAF,0.0,1352,pause,NA,NA,NA,NA,0.0,0,-49.59,-45.05,[],0,0,[],[]
43185030,43185860,NA,SIL,0.0,1352,pause,NA,NA,NA,NA,0.0,0,-51.96,-46.74,[],0,0,[],[]
43185860,43186830,NA,NOF,0.0,1352,pause,NA,NA,NA,NA,0.0,0,-48.37,-41.82,[],0,0,[],[]
43186830,43187710,NA,CXF,0.0,1352,pause,NA,NA,NA,NA,0.0,0,-41.61,-35.13,[],0,0,[],[]
43187710,43188730,NA,NOF,0.0,1352,pause,NA,NA,NA,NA,0.0,0,-48.45,-42.42,[],0,0,[],[]
43188730,43190790,NA,SIL,0.0,1352,pause,NA,NA,NA,NA,0.0,0,-50.1,-40.33,[],0,0,[],[]
43190790,43191790,NA,TVN,0.0,1352,pause,NA,NA,NA,NA,0.0,0,-50.59,-46.22,[],0,0,[],[]
43191790,43196260,NA,SIL,0.0,1352,pause,NA,NA,NA,NA,0.0,0,-46.61,-28.63,[],0,0,[],[]
43196260,43197660,NA,NOF,0.0,1352,pause,NA,NA,NA,NA,0.0,0,-48.85,-43.92,[],0,0,[],[]
43197660,43198660,NA,TVN,0.0,1352,pause,NA,NA,NA,NA,0.0,0,-50.76,-44.41,[],0,0,[],[]
43198660,43200400,NA,SIL,0.0,1352,pause,NA,NA,NA,NA,0.0,0,-51.06,-44.93,[],0,0,[],[]
43200400,43201200,NA,NOF,0.0,1352,pause,NA,NA,NA,NA,0.0,0,-45.21,-35.4,[],0,0,[],[]
43201200,43203600,NA,SIL,0.0,1352,pause,NA,NA,NA,NA,0.0,0,-49.93,-36.45,[],0,0,[],[]
43203600,43204890,NA,NOF,0.0,1352,pause,NA,NA,NA,NA,0.0,0,-47.05,-38.28,[],0,0,[],[]
43204890,43206050,NA,SIL,0.0,1352,pause,NA,NA,NA,NA,0.0,0,-50.72,-45.57,[],0,0,[],[]
43206050,43206850,NA,NOF,0.0,1352,pause,NA,NA,NA,NA,0.0,0,-48.54,-43.59,[],0,0,[],[]
43206850,43209650,NA,SIL,0.0,1352,pause,NA,NA,NA,NA,0.0,0,-46.32,-28.37,[],0,0,[],[]
43209650,43210710,NA,TVF,0.0,1352,pause,NA,NA,NA,NA,0.0,0,-49.4,-44.73,[],0,0,[],[]
43210710,43213740,NA,SIL,0.0,1352,pause,NA,NA,NA,NA,0.0,0,-50.38,-42.38,[],0,0,[],[]
43213740,43215700,NA,NOF,0.0,1352,pause,NA,NA,NA,NA,0.0,0,-43.7,-23.85,[],0,0,[],[]
43215700,43216750,NA,SIL,0.0,1352,pause,NA,NA,NA,NA,0.0,0,-49.45,-44.11,[],0,0,[],[]
43216750,43217620,NA,NOF,0.0,1352,pause,NA,NA,NA,NA,0.0,0,-38.56,-25.65,[],0,0,[],[]
43217620,43224600,NA,SIL,0.0,1352,pause,NA,NA,NA,NA,0.0,0,-49.87,-38.34,[],0,0,[],[]
43224600,43225970,NA,TVF,0.0,1352,pause,NA,NA,NA,NA,0.0,0,-43.18,-37.68,[],0,0,[],[]
43225970,43226970,NA,NOF,0.0,1352,pause,NA,NA,NA,NA,0.0,0,-47.96,-36.63,[],0,0,[],[]
43226970,43227980,MAL,MAN,4.17,1352,AMM,EC,0,NT,FI,0.0,0,-38.54,-27.41,[],0,0,[],[]
43227980,43229260,NA,SIL,0.0,1353,pause,NA,NA,NA,NA,0.0,0,-47.53,-34.5,[],0,0,[],[]
43229260,43230260,NA,TVF,0.0,1353,pause,NA,NA,NA,NA,0.0,0,-49.63,-44.03,[],0,0,[],[]
43230260,43236260,NA,SIL,0.0,1353,pause,NA,NA,NA,NA,0.0,0,-49.59,-39.66,[],0,0,[],[]
43236260,43237060,NA,NOF,0.0,1353,pause,NA,NA,NA,NA,0.0,0,-47.04,-40.45,[],0,0,[],[]
43237060,43237860,NA,SIL,0.0,1353,pause,NA,NA,NA,NA,0.0,0,-50.88,-45.69,[],0,0,[],[]
43237860,43239020,NA,NOF,0.0,1353,pause,NA,NA,NA,NA,0.0,0,-47.26,-40.92,[],0,0,[],[]
43239020,43240980,NA,SIL,0.0,1353,pause,NA,NA,NA,NA,0.0,0,-48.08,-36.93,[],0,0,[],[]
43240980,43242980,NA,NOF,0.0,1353,pause,NA,NA,NA,NA,0.0,0,-44.61,-35.1,[],0,0,[],[]
43242980,43243580,OCH,CXN,0.0,1353,XIC,BC,0,NT,FI,0.0,0,-38.76,-31.39,[],0,0,[],[]
43243580,43244380,NA,SIL,0.0,1353,XIC,NA,NA,NA,NA,0.0,0,-49.22,-41.61,[],0,0,[],[]
43244380,43245180,NA,OLF,0.0,1353,XIC,NA,NA,NA,NA,0.0,0,-41.19,-30.16,[],0,0,[],[]
43245180,43246340,CHI,CHN,0.0,1353,XIC,RC,0,TIFI,FI,1.0,1160,-24.02,-18.19,"[{'Canonical-syllable': '0', 'Growl': '1', 'High-freq-energy': '0', 'Long-island': '1', 'Low-tilt-spectrum': '1', 'Medium-island': '0', 'Short-island': '1', 'Squeal': '0', 'Typical-entropy': '1', 'Voicing-quality': '2', 'Wide-band': '0', 'Xlong-island': '0', 'seq': '1', 'end': 43246.34, 'start': 43245.18}]",0,0,[],[]
43246340,43247410,NA,SIL,0.0,1353,XIC,NA,NA,NA,NA,0.0,0,-47.78,-39.87,[],0,0,[],[]
43247410,43248620,NA,NOF,0.0,1353,XIC,NA,NA,NA,NA,0.0,0,-44.06,-36.26,[],0,0,[],[]
43248620,43250620,NA,SIL,0.0,1353,XIC,NA,NA,NA,NA,0.0,0,-47.74,-37.44,[],0,0,[],[]
43250620,43252080,FEM,FAN,4.5,1353,XIC,EC,1,TIFR,FI,0.0,0,-33.09,-25.87,[],0,0,[],[]
43252080,43255380,NA,NOF,0.0,1354,pause,NA,NA,NA,NA,0.0,0,-44.52,-25.91,[],0,0,[],[]
43255380,43256180,NA,SIL,0.0,1354,pause,NA,NA,NA,NA,0.0,0,-49.63,-44.52,[],0,0,[],[]
43256180,43258180,NA,NOF,0.0,1354,pause,NA,NA,NA,NA,0.0,0,-25.3,-7.02,[],0,0,[],[]
43258180,43261180,NA,FAF,0.0,1354,pause,NA,NA,NA,NA,0.0,0,-39.52,-20.49,[],0,0,[],[]
43261180,43262580,NA,SIL,0.0,1354,pause,NA,NA,NA,NA,0.0,0,-41.32,-21.4,[],0,0,[],[]
43262580,43264430,NA,NOF,0.0,1354,pause,NA,NA,NA,NA,0.0,0,-39.46,-29.26,[],0,0,[],[]
43264430,43265630,NA,SIL,0.0,1354,pause,NA,NA,NA,NA,0.0,0,-48.59,-37.87,[],0,0,[],[]
43265630,43266450,NA,NOF,0.0,1354,pause,NA,NA,NA,NA,0.0,0,-49.71,-44.59,[],0,0,[],[]
43266450,43267270,NA,SIL,0.0,1354,pause,NA,NA,NA,NA,0.0,0,-49.12,-41.01,[],0,0,[],[]
43267270,43268270,MAL,MAN,3.88,1354,AMM,EC,0,NT,FI,0.0,0,-38.69,-31.43,[],0,0,[],[]
43268270,43269070,NA,SIL,0.0,1355,pause,NA,NA,NA,NA,0.0,0,-46.98,-32.02,[],0,0,[],[]
43269070,43269890,NA,NOF,0.0,1355,pause,NA,NA,NA,NA,0.0,0,-47.46,-40.21,[],0,0,[],[]
43269890,43272770,NA,SIL,0.0,1355,pause,NA,NA,NA,NA,0.0,0,-49.49,-36.47,[],0,0,[],[]
43272770,43273770,NA,NOF,0.0,1355,pause,NA,NA,NA,NA,0.0,0,-49.84,-39.22,[],0,0,[],[]
43273770,43274600,NA,SIL,0.0,1355,pause,NA,NA,NA,NA,0.0,0,-51.01,-45.31,[],0,0,[],[]
43274600,43275400,NA,NOF,0.0,1355,pause,NA,NA,NA,NA,0.0,0,-49.33,-44.89,[],0,0,[],[]
43275400,43276210,NA,SIL,0.0,1355,pause,NA,NA,NA,NA,0.0,0,-52.43,-45.86,[],0,0,[],[]
43276210,43278360,NA,NOF,0.0,1355,pause,NA,NA,NA,NA,0.0,0,-48.38,-40.18,[],0,0,[],[]
43278360,43279680,NA,SIL,0.0,1355,pause,NA,NA,NA,NA,0.0,0,-49.86,-44.75,[],0,0,[],[]
43279680,43280500,CHI,CHN,0.0,1355,CM,EC,0,NT,FI,1.0,820,-38.65,-32.96,"[{'Canonical-syllable': '0', 'Growl': '0', 'High-freq-energy': '0', 'Long-island': '1', 'Low-tilt-spectrum': '1', 'Medium-island': '0', 'Short-island': '0', 'Squeal': '0', 'Typical-entropy': '0', 'Voicing-quality': '1', 'Wide-band': '0', 'Xlong-island': '0', 'seq': '1', 'end': 43280.5, 'start': 43279.68}]",0,0,[],[]
43280500,43281420,NA,OLF,0.0,1356,pause,NA,NA,NA,NA,0.0,0,-16.54,-1.81,[],0,0,[],[]
43281420,43286180,NA,SIL,0.0,1356,pause,NA,NA,NA,NA,0.0,0,-45.26,-33.07,[],0,0,[],[]
43286180,43287520,NA,NOF,0.0,1356,pause,NA,NA,NA,NA,0.0,0,-25.22,-5.55,[],0,0,[],[]
43287520,43288320,NA,SIL,0.0,1356,pause,NA,NA,NA,NA,0.0,0,-47.42,-36.97,[],0,0,[],[]
43288320,43290650,NA,NOF,0.0,1356,pause,NA,NA,NA,NA,0.0,0,-41.05,-28.18,[],0,0,[],[]
43290650,43292090,NA,SIL,0.0,1356,pause,NA,NA,NA,NA,0.0,0,-50.79,-43.82,[],0,0,[],[]
43292090,43293520,NA,NOF,0.0,1356,pause,NA,NA,NA,NA,0.0,0,-43.17,-27.22,[],0,0,[],[]
43293520,43295670,NA,SIL,0.0,1356,pause,NA,NA,NA,NA,0.0,0,-52.23,-46.16,[],0,0,[],[]
43295670,43296670,NA,TVN,0.0,1356,pause,NA,NA,NA,NA,0.0,0,-52.45,-48.58,[],0,0,[],[]
43296670,43298680,NA,SIL,0.0,1356,pause,NA,NA,NA,NA,0.0,0,-49.66,-33.6,[],0,0,[],[]
43298680,43299900,NA,NOF,0.0,1356,pause,NA,NA,NA,NA,0.0,0,-48.46,-39.56,[],0,0,[],[]
43299900,43301550,NA,SIL,0.0,1356,pause,NA,NA,NA,NA,0.0,0,-50.89,-40.76,[],0,0,[],[]
43301550,43302740,NA,NOF,0.0,1356,pause,NA,NA,NA,NA,0.0,0,-47.14,-38.99,[],0,0,[],[]
43302740,43304160,NA,SIL,0.0,1356,pause,NA,NA,NA,NA,0.0,0,-50.99,-41.96,[],0,0,[],[]
43304160,43304980,NA,NOF,0.0,1356,pause,NA,NA,NA,NA,0.0,0,-47.41,-44.12,[],0,0,[],[]
43304980,43307820,NA,SIL,0.0,1356,pause,NA,NA,NA,NA,0.0,0,-47.55,-39.12,[],0,0,[],[]
43307820,43311970,NA,NOF,0.0,1356,pause,NA,NA,NA,NA,0.0,0,-28.8,-7.14,[],0,0,[],[]
43311970,43312970,NA,MAF,0.0,1356,pause,NA,NA,NA,NA,0.0,0,-40.21,-32.55,[],0,0,[],[]
43312970,43314300,NA,NOF,0.0,1356,pause,NA,NA,NA,NA,0.0,0,-44.78,-35.83,[],0,0,[],[]
43314300,43315130,NA,SIL,0.0,1356,pause,NA,NA,NA,NA,0.0,0,-44.96,-28.45,[],0,0,[],[]
43315130,43315930,NA,FAF,0.0,1356,pause,NA,NA,NA,NA,0.0,0,-43.26,-33.38,[],0,0,[],[]
43315930,43317020,FEM,FAN,5.5,1356,AMF,BC,0,NT,FI,0.0,0,-35.92,-30.23,[],0,0,[],[]
43317020,43317970,NA,NOF,0.0,1356,AMF,NA,NA,NA,NA,0.0,0,-46.0,-39.6,[],0,0,[],[]
43317970,43318970,FEM,FAN,2.05,1356,AMF,RC,0,NT,FH,0.0,0,-36.95,-28.07,[],0,0,[],[]
43318970,43319890,NA,SIL,0.0,1356,AMF,NA,NA,NA,NA,0.0,0,-49.74,-45.14,[],0,0,[],[]
43319890,43320690,FEM,FAN,0.75,1356,AMF,RC,0,NT,FH,0.0,0,-39.68,-31.21,[],0,0,[],[]
43320690,43322420,FEM,FAN,6.78,1356,AMF,EC,0,NT,FH,0.0,0,-39.86,-33.55,[],0,0,[],[]
43322420,43324990,NA,SIL,0.0,1357,pause,NA,NA,NA,NA,0.0,0,-46.01,-35.47,[],0,0,[],[]
43324990,43326530,NA,MAF,0.0,1357,pause,NA,NA,NA,NA,0.0,0,-42.14,-33.48,[],0,0,[],[]
43326530,43328190,NA,SIL,0.0,1357,pause,NA,NA,NA,NA,0.0,0,-46.22,-33.47,[],0,0,[],[]
43328190,43329250,NA,FAF,0.0,1357,pause,NA,NA,NA,NA,0.0,0,-39.95,-32.2,[],0,0,[],[]
43329250,43330160,NA,NOF,0.0,1357,pause,NA,NA,NA,NA,0.0,0,-31.98,-18.6,[],0,0,[],[]
43330160,43331210,NA,FAF,0.0,1357,pause,NA,NA,NA,NA,0.0,0,-40.98,-34.72,[],0,0,[],[]
43331210,43334920,NA,SIL,0.0,1357,pause,NA,NA,NA,NA,0.0,0,-49.09,-36.15,[],0,0,[],[]
43334920,43335770,NA,NOF,0.0,1357,pause,NA,NA,NA,NA,0.0,0,-27.23,-13.28,[],0,0,[],[]
43335770,43336920,NA,SIL,0.0,1357,pause,NA,NA,NA,NA,0.0,0,-48.95,-39.87,[],0,0,[],[]
43336920,43338190,NA,MAF,0.0,1357,pause,NA,NA,NA,NA,0.0,0,-42.71,-36.36,[],0,0,[],[]
43338190,43339260,NA,SIL,0.0,1357,pause,NA,NA,NA,NA,0.0,0,-45.91,-37.17,[],0,0,[],[]
43339260,43342110,NA,NOF,0.0,1357,pause,NA,NA,NA,NA,0.0,0,-40.45,-22.35,[],0,0,[],[]
43342110,43342910,NA,OLF,0.0,1357,pause,NA,NA,NA,NA,0.0,0,-31.35,-24.25,[],0,0,[],[]
43342910,43344110,NA,NOF,0.0,1357,pause,NA,NA,NA,NA,0.0,0,-39.75,-30.44,[],0,0,[],[]
43344110,43345130,NA,FAF,0.0,1357,pause,NA,NA,NA,NA,0.0,0,-44.87,-38.8,[],0,0,[],[]
43345130,43347250,NA,SIL,0.0,1357,pause,NA,NA,NA,NA,0.0,0,-50.91,-43.95,[],0,0,[],[]
43347250,43348080,NA,NOF,0.0,1357,pause,NA,NA,NA,NA,0.0,0,-49.04,-43.46,[],0,0,[],[]
43348080,43348900,NA,SIL,0.0,1357,pause,NA,NA,NA,NA,0.0,0,-49.94,-43.18,[],0,0,[],[]
43348900,43350550,NA,NOF,0.0,1357,pause,NA,NA,NA,NA,0.0,0,-35.04,-17.6,[],0,0,[],[]
43350550,43352730,NA,FAF,0.0,1357,pause,NA,NA,NA,NA,0.0,0,-37.58,-23.75,[],0,0,[],[]
43352730,43353640,NA,SIL,0.0,1357,pause,NA,NA,NA,NA,0.0,0,-49.68,-45.53,[],0,0,[],[]
43353640,43354440,NA,MAF,0.0,1357,pause,NA,NA,NA,NA,0.0,0,-40.8,-33.4,[],0,0,[],[]
43354440,43355290,NA,SIL,0.0,1357,pause,NA,NA,NA,NA,0.0,0,-48.84,-44.1,[],0,0,[],[]
43355290,43356090,NA,NOF,0.0,1357,pause,NA,NA,NA,NA,0.0,0,-38.07,-23.3,[],0,0,[],[]
43356090,43359200,NA,SIL,0.0,1357,pause,NA,NA,NA,NA,0.0,0,-43.2,-23.25,[],0,0,[],[]
43359200,43360200,NA,TVF,0.0,1357,pause,NA,NA,NA,NA,0.0,0,-51.79,-45.96,[],0,0,[],[]
43360200,43362880,NA,SIL,0.0,1357,pause,NA,NA,NA,NA,0.0,0,-51.35,-41.4,[],0,0,[],[]
43362880,43365080,MAL,MAN,5.05,1357,AICM,BC,0,TIMI,FI,0.0,0,-36.01,-27.99,[],0,0,[],[]
43365080,43365880,NA,NOF,0.0,1357,AICM,NA,NA,NA,NA,0.0,0,-41.38,-35.0,[],0,0,[],[]
43365880,43366480,CHI,CHN,0.0,1357,AICM,RC,1,TIMR,FI,1.0,500,-37.89,-30.72,"[{'Canonical-syllable': '0', 'Growl': '0', 'High-freq-energy': '0', 'Long-island': '0', 'Low-tilt-spectrum': '0', 'Medium-island': '1', 'Short-island': '0', 'Squeal': '0', 'Typical-entropy': '0', 'Voicing-quality': '1', 'Wide-band': '0', 'Xlong-island': '0', 'seq': '1', 'end': 43366.38, 'start': 43366.12}]",0,0,[],[]
43366480,43367930,NA,SIL,0.0,1357,AICM,NA,NA,NA,NA,0.0,0,-51.26,-42.17,[],0,0,[],[]
43367930,43368560,OCH,CXN,0.0,1357,AICM,RC,1,NT,FI,0.0,0,-35.45,-29.94,[],0,0,[],[]
43368560,43369460,NA,NOF,0.0,1357,AICM,NA,NA,NA,NA,0.0,0,-41.96,-35.93,[],0,0,[],[]
43369460,43370630,NA,SIL,0.0,1357,AICM,NA,NA,NA,NA,0.0,0,-50.12,-39.61,[],0,0,[],[]
43370630,43371600,FEM,FAN,4.36,1357,AICM,RC,1,TIFI,FI,0.0,0,-35.93,-25.43,[],0,0,[],[]
43371600,43372660,CHI,CHN,0.0,1357,AICM,RC,2,TIFR,FI,1.0,950,-24.28,-17.84,"[{'Canonical-syllable': '0', 'Growl': '0', 'High-freq-energy': '0', 'Long-island': '1', 'Low-tilt-spectrum': '0', 'Medium-island': '0', 'Short-island': '1', 'Squeal': '0', 'Typical-entropy': '0', 'Voicing-quality': '2', 'Wide-band': '0', 'Xlong-island': '0', 'seq': '1', 'end': 43372.55, 'start': 43371.6}]",0,0,[],[]
43372660,43373320,CHI,CHN,0.0,1357,AICM,RC,2,NT,FH,1.0,190,-28.2,-19.46,"[{'Canonical-syllable': '1', 'Growl': '0', 'High-freq-energy': '0', 'Long-island': '0', 'Low-tilt-spectrum': '0', 'Medium-island': '0', 'Short-island': '1', 'Squeal': '0', 'Typical-entropy': '1', 'Voicing-quality': '1', 'Wide-band': '0', 'Xlong-island': '0', 'seq': '1', 'end': 43373.32, 'start': 43373.13}]",0,0,[],[]
43373320,43374130,OCH,CXN,0.0,1357,AICM,RC,2,NT,FI,0.0,0,-29.94,-22.08,[],0,0,[],[]
43374130,43375420,NA,SIL,0.0,1357,AICM,NA,NA,NA,NA,0.0,0,-48.33,-36.34,[],0,0,[],[]
43375420,43376040,OCH,CXN,0.0,1357,AICM,EC,2,NT,FH,0.0,0,-34.97,-29.55,[],0,0,[],[]
43376040,43376840,NA,NOF,0.0,1358,pause,NA,NA,NA,NA,0.0,0,-48.94,-41.77,[],0,0,[],[]
43376840,43377840,NA,MAF,0.0,1358,pause,NA,NA,NA,NA,0.0,0,-36.4,-31.36,[],0,0,[],[]
43377840,43378940,NA,FAF,0.0,1358,pause,NA,NA,NA,NA,0.0,0,-36.87,-25.38,[],0,0,[],[]
43378940,43381530,NA,SIL,0.0,1358,pause,NA,NA,NA,NA,0.0,0,-42.85,-21.99,[],0,0,[],[]
43381530,43382380,NA,NOF,0.0,1358,pause,NA,NA,NA,NA,0.0,0,-44.41,-33.3,[],0,0,[],[]
43382380,43383380,NA,TVF,0.0,1358,pause,NA,NA,NA,NA,0.0,0,-43.45,-37.17,[],0,0,[],[]
43383380,43384580,NA,MAF,0.0,1358,pause,NA,NA,NA,NA,0.0,0,-38.84,-27.07,[],0,0,[],[]
43384580,43385730,NA,TVF,0.0,1358,pause,NA,NA,NA,NA,0.0,0,-48.5,-40.15,[],0,0,[],[]
43385730,43386910,FEM,FAN,6.1,1358,AMF,EC,0,NT,FI,0.0,0,-38.01,-30.98,[],0,0,[],[]
43386910,43389380,NA,SIL,0.0,1359,pause,NA,NA,NA,NA,0.0,0,-50.05,-42.28,[],0,0,[],[]
43389380,43390380,NA,FAF,0.0,1359,pause,NA,NA,NA,NA,0.0,0,-38.88,-32.24,[],0,0,[],[]
43390380,43391180,NA,SIL,0.0,1359,pause,NA,NA,NA,NA,0.0,0,-43.24,-33.44,[],0,0,[],[]
43391180,43392180,NA,TVF,0.0,1359,pause,NA,NA,NA,NA,0.0,0,-34.57,-19.67,[],0,0,[],[]
43392180,43393180,NA,MAF,0.0,1359,pause,NA,NA,NA,NA,0.0,0,-39.73,-32.24,[],0,0,[],[]
43393180,43393980,NA,SIL,0.0,1359,pause,NA,NA,NA,NA,0.0,0,-46.09,-31.16,[],0,0,[],[]
43393980,43394980,NA,MAF,0.0,1359,pause,NA,NA,NA,NA,0.0,0,-41.12,-35.37,[],0,0,[],[]
43394980,43395800,NA,SIL,0.0,1359,pause,NA,NA,NA,NA,0.0,0,-44.63,-37.29,[],0,0,[],[]
43395800,43396800,NA,MAF,0.0,1359,pause,NA,NA,NA,NA,0.0,0,-37.56,-30.75,[],0,0,[],[]
43396800,43397800,FEM,FAN,0.84,1359,AMF,EC,0,NT,FI,0.0,0,-40.03,-33.26,[],0,0,[],[]
43397800,43399140,NA,SIL,0.0,1360,pause,NA,NA,NA,NA,0.0,0,-48.04,-38.15,[],0,0,[],[]
43399140,43400320,NA,TVF,0.0,1360,pause,NA,NA,NA,NA,0.0,0,-40.15,-32.48,[],0,0,[],[]
43400320,43401860,NA,SIL,0.0,1360,pause,NA,NA,NA,NA,0.0,0,-47.95,-39.64,[],0,0,[],[]
43401860,43408060,NA,NOF,0.0,1360,pause,NA,NA,NA,NA,0.0,0,-32.23,-8.53,[],0,0,[],[]
43408060,43408860,NA,SIL,0.0,1360,pause,NA,NA,NA,NA,0.0,0,-54.4,-47.85,[],0,0,[],[]
43408860,43411020,NA,NOF,0.0,1360,pause,NA,NA,NA,NA,0.0,0,-53.58,-43.74,[],0,0,[],[]
43411020,43412640,NA,SIL,0.0,1360,pause,NA,NA,NA,NA,0.0,0,-54.36,-43.17,[],0,0,[],[]
43412640,43416050,NA,NOF,0.0,1360,pause,NA,NA,NA,NA,0.0,0,-43.2,-30.24,[],0,0,[],[]
43416050,43417070,NA,SIL,0.0,1360,pause,NA,NA,NA,NA,0.0,0,-51.55,-40.93,[],0,0,[],[]
43417070,43418020,NA,NOF,0.0,1360,pause,NA,NA,NA,NA,0.0,0,-37.52,-27.17,[],0,0,[],[]
43418020,43419200,NA,SIL,0.0,1360,pause,NA,NA,NA,NA,0.0,0,-49.39,-35.77,[],0,0,[],[]
43419200,43420250,NA,NOF,0.0,1360,pause,NA,NA,NA,NA,0.0,0,-48.59,-41.65,[],0,0,[],[]
43420250,43423250,NA,SIL,0.0,1360,pause,NA,NA,NA,NA,0.0,0,-51.5,-36.36,[],0,0,[],[]
43423250,43424050,NA,NOF,0.0,1360,pause,NA,NA,NA,NA,0.0,0,-45.91,-34.22,[],0,0,[],[]
43424050,43426690,NA,SIL,0.0,1360,pause,NA,NA,NA,NA,0.0,0,-55.31,-48.75,[],0,0,[],[]
43426690,43427490,NA,NOF,0.0,1360,pause,NA,NA,NA,NA,0.0,0,-52.1,-46.81,[],0,0,[],[]
43427490,43428290,NA,SIL,0.0,1360,pause,NA,NA,NA,NA,0.0,0,-51.56,-37.92,[],0,0,[],[]
43428290,43429490,NA,NOF,0.0,1360,pause,NA,NA,NA,NA,0.0,0,-37.76,-25.08,[],0,0,[],[]
43429490,43430290,NA,SIL,0.0,1360,pause,NA,NA,NA,NA,0.0,0,-45.17,-34.94,[],0,0,[],[]
43430290,43431790,NA,NOF,0.0,1360,pause,NA,NA,NA,NA,0.0,0,-39.23,-23.23,[],0,0,[],[]
43431790,43432800,NA,SIL,0.0,1360,pause,NA,NA,NA,NA,0.0,0,-47.01,-37.38,[],0,0,[],[]
43432800,43434410,NA,TVF,0.0,1360,pause,NA,NA,NA,NA,0.0,0,-48.22,-37.79,[],0,0,[],[]
43434410,43435350,NA,SIL,0.0,1360,pause,NA,NA,NA,NA,0.0,0,-49.77,-38.54,[],0,0,[],[]
43435350,43436390,NA,TVF,0.0,1360,pause,NA,NA,NA,NA,0.0,0,-50.99,-46.29,[],0,0,[],[]
43436390,43437200,NA,SIL,0.0,1360,pause,NA,NA,NA,NA,0.0,0,-49.1,-36.82,[],0,0,[],[]
43437200,43438320,NA,NOF,0.0,1360,pause,NA,NA,NA,NA,0.0,0,-44.45,-35.11,[],0,0,[],[]
43438320,43439120,NA,OLN,0.0,1360,pause,NA,NA,NA,NA,0.0,0,-22.33,-6.19,[],0,0,[],[]
43439120,43439720,CHI,CHN,0.0,1360,CIOCX,BC,0,NT,FI,1.0,390,-22.78,-14.81,"[{'Canonical-syllable': '0', 'Growl': '1', 'High-freq-energy': '0', 'Long-island': '0', 'Low-tilt-spectrum': '0', 'Medium-island': '1', 'Short-island': '0', 'Squeal': '0', 'Typical-entropy': '1', 'Voicing-quality': '1', 'Wide-band': '0', 'Xlong-island': '0', 'seq': '1', 'end': 43439.51, 'start': 43439.12}]",0,0,[],[]
43439720,43440800,NA,SIL,0.0,1360,CIOCX,NA,NA,NA,NA,0.0,0,-46.3,-31.53,[],0,0,[],[]
43440800,43441840,FEM,FAN,0.0,1360,CIOCX,NA,NA,NA,NA,0.0,0,-38.51,-29.32,[],1040,0,[],[]
43441840,43442860,NA,NOF,0.0,1360,CIOCX,NA,NA,NA,NA,0.0,0,-40.99,-30.51,[],0,0,[],[]
43442860,43443480,OCH,CXN,0.0,1360,CIOCX,EC,0,NT,FI,0.0,0,-18.3,-11.16,[],0,0,[],[]
43443480,43446880,NA,NOF,0.0,1361,pause,NA,NA,NA,NA,0.0,0,-32.61,-14.75,[],0,0,[],[]
43446880,43447680,NA,SIL,0.0,1361,pause,NA,NA,NA,NA,0.0,0,-38.23,-26.92,[],0,0,[],[]
43447680,43448480,NA,NOF,0.0,1361,pause,NA,NA,NA,NA,0.0,0,-23.96,-11.75,[],0,0,[],[]
43448480,43449320,NA,SIL,0.0,1361,pause,NA,NA,NA,NA,0.0,0,-53.41,-45.07,[],0,0,[],[]
43449320,43452470,NA,NOF,0.0,1361,pause,NA,NA,NA,NA,0.0,0,-26.55,-7.73,[],0,0,[],[]
43452470,43453380,OCH,CXN,0.0,1361,XIC,BC,0,NT,FI,0.0,0,-24.77,-15.38,[],0,0,[],[]
43453380,43454850,FEM,FAN,8.9,1361,XIC,RC,0,TIFI,FI,0.0,0,-32.46,-22.58,[],0,0,[],[]
43454850,43456110,CHI,CHN,0.0,1361,XIC,RC,1,TIFR,FI,1.0,590,-21.84,-9.65,"[{'Canonical-syllable': '1', 'Growl': '0', 'High-freq-energy': '0', 'Long-island': '0', 'Low-tilt-spectrum': '1', 'Medium-island': '0', 'Short-island': '2', 'Squeal': '0', 'Typical-entropy': '1', 'Voicing-quality': '2', 'Wide-band': '0', 'Xlong-island': '0', 'seq': '1', 'end': 43455.93, 'start': 43455.34}]",0,0,[],[]
43456110,43456910,NA,MAF,0.0,1361,XIC,NA,NA,NA,NA,0.0,0,-46.72,-40.66,[],0,0,[],[]
43456910,43457710,CHI,CHN,0.0,1361,XIC,RC,1,NT,FH,1.0,800,-28.31,-15.36,"[{'Canonical-syllable': '0', 'Growl': '0', 'High-freq-energy': '0', 'Long-island': '0', 'Low-tilt-spectrum': '0', 'Medium-island': '1', 'Short-island': '1', 'Squeal': '0', 'Typical-entropy': '1', 'Voicing-quality': '2', 'Wide-band': '0', 'Xlong-island': '0', 'seq': '1', 'end': 43457.71, 'start': 43457.12}]",0,0,[],[]
43457710,43458310,CHI,CHN,0.0,1361,XIC,EC,1,NT,FH,1.0,450,-23.15,-15.17,"[{'Canonical-syllable': '0', 'Growl': '0', 'High-freq-energy': '0', 'Long-island': '0', 'Low-tilt-spectrum': '0', 'Medium-island': '0', 'Short-island': '2', 'Squeal': '0', 'Typical-entropy': '1', 'Voicing-quality': '2', 'Wide-band': '0', 'Xlong-island': '0', 'seq': '1', 'end': 43458.16, 'start': 43457.71}]",0,0,[],[]
43458310,43466060,NA,NOF,0.0,1362,pause,NA,NA,NA,NA,0.0,0,-33.16,-8.18,[],0,0,[],[]
43466060,43466860,NA,SIL,0.0,1362,pause,NA,NA,NA,NA,0.0,0,-49.25,-44.04,[],0,0,[],[]
43466860,43467670,NA,NOF,0.0,1362,pause,NA,NA,NA,NA,0.0,0,-44.93,-34.86,[],0,0,[],[]
43467670,43468940,NA,TVF,0.0,1362,pause,NA,NA,NA,NA,0.0,0,-44.56,-36.86,[],0,0,[],[]
43468940,43472980,NA,SIL,0.0,1362,pause,NA,NA,NA,NA,0.0,0,-48.39,-37.92,[],0,0,[],[]
43472980,43474060,NA,TVF,0.0,1362,pause,NA,NA,NA,NA,0.0,0,-40.41,-30.33,[],0,0,[],[]
43474060,43475000,NA,SIL,0.0,1362,pause,NA,NA,NA,NA,0.0,0,-44.0,-39.44,[],0,0,[],[]
43475000,43476000,NA,MAF,0.0,1362,pause,NA,NA,NA,NA,0.0,0,-41.89,-35.57,[],0,0,[],[]
43476000,43478460,NA,SIL,0.0,1362,pause,NA,NA,NA,NA,0.0,0,-45.77,-31.1,[],0,0,[],[]
43478460,43479690,NA,NOF,0.0,1362,pause,NA,NA,NA,NA,0.0,0,-48.61,-41.38,[],0,0,[],[]
43479690,43485020,NA,SIL,0.0,1362,pause,NA,NA,NA,NA,0.0,0,-51.64,-41.38,[],0,0,[],[]
43485020,43486830,NA,NOF,0.0,1362,pause,NA,NA,NA,NA,0.0,0,-46.84,-31.84,[],0,0,[],[]
43486830,43487740,NA,SIL,0.0,1362,pause,NA,NA,NA,NA,0.0,0,-50.02,-45.48,[],0,0,[],[]
43487740,43488740,NA,TVF,0.0,1362,pause,NA,NA,NA,NA,0.0,0,-48.99,-43.7,[],0,0,[],[]
43488740,43489670,NA,SIL,0.0,1362,pause,NA,NA,NA,NA,0.0,0,-50.59,-44.29,[],0,0,[],[]
43489670,43490620,OCH,CXN,0.0,1362,XM,EC,0,NT,FI,0.0,0,-42.74,-37.35,[],0,0,[],[]
43490620,43492130,NA,SIL,0.0,1363,pause,NA,NA,NA,NA,0.0,0,-51.72,-43.23,[],0,0,[],[]
43492130,43493320,NA,NOF,0.0,1363,pause,NA,NA,NA,NA,0.0,0,-50.08,-44.92,[],0,0,[],[]
43493320,43498510,NA,SIL,0.0,1363,pause,NA,NA,NA,NA,0.0,0,-51.7,-38.12,[],0,0,[],[]
43498510,43500520,NA,NOF,0.0,1363,pause,NA,NA,NA,NA,0.0,0,-47.06,-36.16,[],0,0,[],[]
43500520,43501320,NA,SIL,0.0,1363,pause,NA,NA,NA,NA,0.0,0,-49.42,-44.7,[],0,0,[],[]
43501320,43502360,NA,MAF,0.0,1363,pause,NA,NA,NA,NA,0.0,0,-34.43,-27.6,[],0,0,[],[]
43502360,43503830,NA,OLF,0.0,1363,pause,NA,NA,NA,NA,0.0,0,-34.95,-25.02,[],0,0,[],[]
43503830,43504830,MAL,MAN,0.58,1363,AMM,EC,0,NT,FI,0.0,0,-36.16,-28.06,[],0,0,[],[]
43504830,43506150,NA,OLN,0.0,1364,pause,NA,NA,NA,NA,0.0,0,-33.24,-25.43,[],0,0,[],[]
43506150,43507500,NA,MAF,0.0,1364,pause,NA,NA,NA,NA,0.0,0,-38.2,-29.18,[],0,0,[],[]
43507500,43508650,NA,NOF,0.0,1364,pause,NA,NA,NA,NA,0.0,0,-43.81,-35.74,[],0,0,[],[]
43508650,43509450,NA,SIL,0.0,1364,pause,NA,NA,NA,NA,0.0,0,-48.37,-39.49,[],0,0,[],[]
43509450,43510450,NA,MAF,0.0,1364,pause,NA,NA,NA,NA,0.0,0,-40.56,-37.26,[],0,0,[],[]
43510450,43511560,NA,NOF,0.0,1364,pause,NA,NA,NA,NA,0.0,0,-47.16,-40.41,[],0,0,[],[]
43511560,43512540,NA,SIL,0.0,1364,pause,NA,NA,NA,NA,0.0,0,-46.35,-34.24,[],0,0,[],[]
43512540,43513740,NA,MAF,0.0,1364,pause,NA,NA,NA,NA,0.0,0,-40.51,-34.58,[],0,0,[],[]
43513740,43515090,NA,FAF,0.0,1364,pause,NA,NA,NA,NA,0.0,0,-45.2,-37.85,[],0,0,[],[]
43515090,43516590,NA,SIL,0.0,1364,pause,NA,NA,NA,NA,0.0,0,-48.15,-33.32,[],0,0,[],[]
43516590,43517400,NA,MAF,0.0,1364,pause,NA,NA,NA,NA,0.0,0,-44.02,-34.24,[],0,0,[],[]
43517400,43521210,NA,SIL,0.0,1364,pause,NA,NA,NA,NA,0.0,0,-51.23,-40.6,[],0,0,[],[]
43521210,43522170,NA,NOF,0.0,1364,pause,NA,NA,NA,NA,0.0,0,-40.17,-27.04,[],0,0,[],[]
43522170,43523700,NA,SIL,0.0,1364,pause,NA,NA,NA,NA,0.0,0,-51.64,-42.32,[],0,0,[],[]
43523700,43525890,NA,NOF,0.0,1364,pause,NA,NA,NA,NA,0.0,0,-47.18,-36.35,[],0,0,[],[]
43525890,43527040,NA,SIL,0.0,1364,pause,NA,NA,NA,NA,0.0,0,-52.89,-48.11,[],0,0,[],[]
43527040,43528120,NA,NOF,0.0,1364,pause,NA,NA,NA,NA,0.0,0,-48.47,-41.82,[],0,0,[],[]
43528120,43528940,NA,SIL,0.0,1364,pause,NA,NA,NA,NA,0.0,0,-46.86,-41.72,[],0,0,[],[]
43528940,43529760,NA,NOF,0.0,1364,pause,NA,NA,NA,NA,0.0,0,-45.04,-39.37,[],0,0,[],[]
43529760,43530850,NA,SIL,0.0,1364,pause,NA,NA,NA,NA,0.0,0,-45.81,-35.19,[],0,0,[],[]
43530850,43531760,NA,NOF,0.0,1364,pause,NA,NA,NA,NA,0.0,0,-46.44,-41.53,[],0,0,[],[]
43531760,43532560,NA,OLF,0.0,1364,pause,NA,NA,NA,NA,0.0,0,-36.27,-31.41,[],0,0,[],[]
43532560,43533380,NA,NOF,0.0,1364,pause,NA,NA,NA,NA,0.0,0,-40.62,-30.55,[],0,0,[],[]
43533380,43534180,NA,SIL,0.0,1364,pause,NA,NA,NA,NA,0.0,0,-41.07,-32.66,[],0,0,[],[]
43534180,43535540,NA,NOF,0.0,1364,pause,NA,NA,NA,NA,0.0,0,-34.16,-15.55,[],0,0,[],[]
43535540,43536480,NA,OLF,0.0,1364,pause,NA,NA,NA,NA,0.0,0,-23.37,-5.46,[],0,0,[],[]
43536480,43537680,NA,NON,0.0,1364,pause,NA,NA,NA,NA,0.0,0,-15.82,-4.08,[],0,0,[],[]
43537680,43538480,NA,OLN,0.0,1364,pause,NA,NA,NA,NA,0.0,0,-24.79,-10.4,[],0,0,[],[]
43538480,43539840,NA,NOF,0.0,1364,pause,NA,NA,NA,NA,0.0,0,-38.03,-24.33,[],0,0,[],[]
43539840,43541030,NA,SIL,0.0,1364,pause,NA,NA,NA,NA,0.0,0,-45.55,-36.32,[],0,0,[],[]
43541030,43542180,NA,NOF,0.0,1364,pause,NA,NA,NA,NA,0.0,0,-44.15,-35.14,[],0,0,[],[]
43542180,43543570,NA,SIL,0.0,1364,pause,NA,NA,NA,NA,0.0,0,-46.07,-39.58,[],0,0,[],[]
43543570,43550010,NA,NOF,0.0,1364,pause,NA,NA,NA,NA,0.0,0,-20.11,-2.61,[],0,0,[],[]
43550010,43551660,NA,SIL,0.0,1364,pause,NA,NA,NA,NA,0.0,0,-36.87,-29.48,[],0,0,[],[]
43551660,43552460,NA,NOF,0.0,1364,pause,NA,NA,NA,NA,0.0,0,-30.29,-19.89,[],0,0,[],[]
43552460,43553290,NA,OLN,0.0,1364,pause,NA,NA,NA,NA,0.0,0,-30.12,-21.41,[],0,0,[],[]
43553290,43554290,NA,MAF,0.0,1364,pause,NA,NA,NA,NA,0.0,0,-36.72,-25.38,[],0,0,[],[]
43554290,43555740,NA,NOF,0.0,1364,pause,NA,NA,NA,NA,0.0,0,-39.13,-27.02,[],0,0,[],[]
43555740,43556660,NA,OLN,0.0,1364,pause,NA,NA,NA,NA,0.0,0,-26.51,-12.93,[],0,0,[],[]
43556660,43561410,NA,NOF,0.0,1364,pause,NA,NA,NA,NA,0.0,0,-24.58,-4.32,[],0,0,[],[]
43561410,43562410,NA,MAF,0.0,1364,pause,NA,NA,NA,NA,0.0,0,-39.68,-29.88,[],0,0,[],[]
43562410,43563490,NA,TVF,0.0,1364,pause,NA,NA,NA,NA,0.0,0,-35.31,-27.06,[],0,0,[],[]
43563490,43565890,NA,NON,0.0,1364,pause,NA,NA,NA,NA,0.0,0,-32.53,-21.01,[],0,0,[],[]
43565890,43566690,NA,OLF,0.0,1364,pause,NA,NA,NA,NA,0.0,0,-28.86,-20.69,[],0,0,[],[]
43566690,43570150,NA,NOF,0.0,1364,pause,NA,NA,NA,NA,0.0,0,-27.34,-4.56,[],0,0,[],[]
43570150,43571570,NA,SIL,0.0,1364,pause,NA,NA,NA,NA,0.0,0,-46.7,-35.93,[],0,0,[],[]
43571570,43572740,NA,TVF,0.0,1364,pause,NA,NA,NA,NA,0.0,0,-42.27,-35.75,[],0,0,[],[]
43572740,43573910,NA,SIL,0.0,1364,pause,NA,NA,NA,NA,0.0,0,-47.44,-37.53,[],0,0,[],[]
43573910,43576740,NA,NOF,0.0,1364,pause,NA,NA,NA,NA,0.0,0,-36.67,-22.11,[],0,0,[],[]
43576740,43577610,NA,OLN,0.0,1364,pause,NA,NA,NA,NA,0.0,0,-38.06,-32.61,[],0,0,[],[]
43577610,43578450,NA,NOF,0.0,1364,pause,NA,NA,NA,NA,0.0,0,-42.49,-35.85,[],0,0,[],[]
43578450,43580370,NA,SIL,0.0,1364,pause,NA,NA,NA,NA,0.0,0,-43.4,-32.53,[],0,0,[],[]
43580370,43586520,NA,NOF,0.0,1364,pause,NA,NA,NA,NA,0.0,0,-25.43,-2.46,[],0,0,[],[]
43586520,43587320,NA,SIL,0.0,1364,pause,NA,NA,NA,NA,0.0,0,-45.42,-39.3,[],0,0,[],[]
43587320,43588310,NA,NOF,0.0,1364,pause,NA,NA,NA,NA,0.0,0,-37.48,-25.94,[],0,0,[],[]
43588310,43589140,NA,SIL,0.0,1364,pause,NA,NA,NA,NA,0.0,0,-47.62,-40.82,[],0,0,[],[]
43589140,43590140,NA,FAF,0.0,1364,pause,NA,NA,NA,NA,0.0,0,-44.0,-31.7,[],0,0,[],[]
43590140,43592860,NA,NOF,0.0,1364,pause,NA,NA,NA,NA,0.0,0,-38.53,-25.35,[],0,0,[],[]
43592860,43593890,NA,SIL,0.0,1364,pause,NA,NA,NA,NA,0.0,0,-49.52,-40.17,[],0,0,[],[]
43593890,43595000,NA,NOF,0.0,1364,pause,NA,NA,NA,NA,0.0,0,-47.67,-38.78,[],0,0,[],[]
43595000,43598130,CHI,CHN,0.0,1364,pause,NA,NA,NA,NA,0.0,0,-20.47,-8.64,[],0,3020,"[{'start': 43595.11, 'end': 43598.13}]",[]
43598130,43598970,NA,OLN,0.0,1364,pause,NA,NA,NA,NA,0.0,0,-20.6,-7.27,[],0,0,[],[]
43598970,43599660,CHI,CHN,0.0,1364,pause,NA,NA,NA,NA,0.0,0,-16.95,-7.3,[],0,690,"[{'start': 43598.97, 'end': 43599.66}]",[]
43599660,43600460,NA,OLN,0.0,1364,pause,NA,NA,NA,NA,0.0,0,-29.96,-18.72,[],0,0,[],[]
43600460,43601270,NA,NOF,0.0,1364,pause,NA,NA,NA,NA,0.0,0,-37.23,-27.39,[],0,0,[],[]
43601270,43602540,CHI,CHN,0.0,1364,CM,EC,0,NT,FI,1.0,1270,-26.63,-20.26,"[{'Canonical-syllable': '0', 'Growl': '0', 'High-freq-energy': '0', 'Long-island': '0', 'Low-tilt-spectrum': '1', 'Medium-island': '0', 'Short-island': '1', 'Squeal': '0', 'Typical-entropy': '2', 'Voicing-quality': '2', 'Wide-band': '0', 'Xlong-island': '1', 'seq': '1', 'end': 43602.54, 'start': 43601.27}]",0,0,[],[]
43602540,43603340,NA,TVF,0.0,1365,pause,NA,NA,NA,NA,0.0,0,-46.35,-35.67,[],0,0,[],[]
43603340,43604140,NA,FAF,0.0,1365,pause,NA,NA,NA,NA,0.0,0,-41.32,-35.32,[],0,0,[],[]
43604140,43605040,NA,NOF,0.0,1365,pause,NA,NA,NA,NA,0.0,0,-46.05,-35.09,[],0,0,[],[]
43605040,43605840,NA,OLF,0.0,1365,pause,NA,NA,NA,NA,0.0,0,-43.1,-36.91,[],0,0,[],[]
43605840,43612040,NA,NOF,0.0,1365,pause,NA,NA,NA,NA,0.0,0,-20.61,-0.51,[],0,0,[],[]
43612040,43613400,NA,OLN,0.0,1365,pause,NA,NA,NA,NA,0.0,0,-22.41,-9.03,[],0,0,[],[]
43613400,43614850,NA,NOF,0.0,1365,pause,NA,NA,NA,NA,0.0,0,-20.95,-7.2,[],0,0,[],[]
43614850,43615650,NA,OLF,0.0,1365,pause,NA,NA,NA,NA,0.0,0,-24.24,-13.15,[],0,0,[],[]
43615650,43617730,NA,NON,0.0,1365,pause,NA,NA,NA,NA,0.0,0,-40.14,-28.4,[],0,0,[],[]
43617730,43618770,NA,OLF,0.0,1365,pause,NA,NA,NA,NA,0.0,0,-34.51,-24.56,[],0,0,[],[]
43618770,43619710,NA,NOF,0.0,1365,pause,NA,NA,NA,NA,0.0,0,-22.64,-6.37,[],0,0,[],[]
43619710,43620510,NA,OLN,0.0,1365,pause,NA,NA,NA,NA,0.0,0,-19.1,-5.47,[],0,0,[],[]
43620510,43623140,NA,NOF,0.0,1365,pause,NA,NA,NA,NA,0.0,0,-35.99,-21.62,[],0,0,[],[]
43623140,43625480,NA,SIL,0.0,1365,pause,NA,NA,NA,NA,0.0,0,-56.26,-50.39,[],0,0,[],[]
43625480,43627350,NA,NOF,0.0,1365,pause,NA,NA,NA,NA,0.0,0,-48.94,-40.31,[],0,0,[],[]
43627350,43628730,NA,SIL,0.0,1365,pause,NA,NA,NA,NA,0.0,0,-53.76,-40.17,[],0,0,[],[]
43628730,43643490,NA,NOF,0.0,1365,pause,NA,NA,NA,NA,0.0,0,-29.69,-5.8,[],0,0,[],[]
43643490,43645140,NA,SIL,0.0,1365,pause,NA,NA,NA,NA,0.0,0,-52.93,-42.31,[],0,0,[],[]
43645140,43652690,NA,NOF,0.0,1365,pause,NA,NA,NA,NA,0.0,0,-20.23,-0.03,[],0,0,[],[]
43652690,43653490,NA,OLN,0.0,1365,pause,NA,NA,NA,NA,0.0,0,-14.6,-1.32,[],0,0,[],[]
43653490,43654360,NA,NOF,0.0,1365,pause,NA,NA,NA,NA,0.0,0,-22.11,-8.36,[],0,0,[],[]
43654360,43655370,NA,OLN,0.0,1365,pause,NA,NA,NA,NA,0.0,0,-18.05,-4.47,[],0,0,[],[]
43655370,43656470,NA,NOF,0.0,1365,pause,NA,NA,NA,NA,0.0,0,-23.23,-7.34,[],0,0,[],[]
43656470,43658300,NA,OLF,0.0,1365,pause,NA,NA,NA,NA,0.0,0,-30.72,-11.76,[],0,0,[],[]
43658300,43659100,NA,TVF,0.0,1365,pause,NA,NA,NA,NA,0.0,0,-45.02,-39.3,[],0,0,[],[]
43659100,43664610,NA,NOF,0.0,1365,pause,NA,NA,NA,NA,0.0,0,-32.24,-9.97,[],0,0,[],[]
43664610,43665580,NA,NON,0.0,1365,pause,NA,NA,NA,NA,0.0,0,-23.69,-12.94,[],0,0,[],[]
43665580,43666580,NA,NOF,0.0,1365,pause,NA,NA,NA,NA,0.0,0,-34.61,-26.67,[],0,0,[],[]
43666580,43667390,NA,OLN,0.0,1365,pause,NA,NA,NA,NA,0.0,0,-33.31,-25.9,[],0,0,[],[]
43667390,43668380,NA,OLF,0.0,1365,pause,NA,NA,NA,NA,0.0,0,-33.34,-17.62,[],0,0,[],[]
43668380,43669390,NA,MAF,0.0,1365,pause,NA,NA,NA,NA,0.0,0,-28.92,-12.09,[],0,0,[],[]
43669390,43670210,NA,OLF,0.0,1365,pause,NA,NA,NA,NA,0.0,0,-31.29,-16.96,[],0,0,[],[]
43670210,43671680,NA,NOF,0.0,1365,pause,NA,NA,NA,NA,0.0,0,-38.3,-25.17,[],0,0,[],[]
43671680,43672680,CHI,CHN,0.0,1365,CM,BC,0,NT,FI,1.0,470,-19.13,-11.19,"[{'Canonical-syllable': '0', 'Growl': '0', 'High-freq-energy': '0', 'Long-island': '0', 'Low-tilt-spectrum': '0', 'Medium-island': '1', 'Short-island': '0', 'Squeal': '0', 'Typical-entropy': '1', 'Voicing-quality': '1', 'Wide-band': '0', 'Xlong-island': '0', 'seq': '1', 'end': 43672.54, 'start': 43672.07}]",0,0,[],[]
43672680,43673280,CHI,CHN,0.0,1365,CM,RC,0,NT,FH,1.0,380,-25.83,-18.3,"[{'Canonical-syllable': '0', 'Growl': '0', 'High-freq-energy': '0', 'Long-island': '0', 'Low-tilt-spectrum': '0', 'Medium-island': '1', 'Short-island': '0', 'Squeal': '0', 'Typical-entropy': '0', 'Voicing-quality': '1', 'Wide-band': '0', 'Xlong-island': '0', 'seq': '1', 'end': 43673.06, 'start': 43672.68}]",0,0,[],[]
43673280,43674270,NA,NOF,0.0,1365,CM,NA,NA,NA,NA,0.0,0,-34.96,-21.44,[],0,0,[],[]
43674270,43676200,CHI,CHN,0.0,1365,CM,RC,0,NT,FH,2.0,1490,-19.13,-13.68,"[{'Canonical-syllable': '0', 'Growl': '0', 'High-freq-energy': '0', 'Long-island': '0', 'Low-tilt-spectrum': '0', 'Medium-island': '0', 'Short-island': '0', 'Squeal': '0', 'Typical-entropy': '1', 'Voicing-quality': '1', 'Wide-band': '0', 'Xlong-island': '1', 'seq': '1', 'end': 43675.54, 'start': 43674.27}, {'Canonical-syllable': '0', 'Growl': '0', 'High-freq-energy': '0', 'Long-island': '0', 'Low-tilt-spectrum': '0', 'Medium-island': '0', 'Short-island': '1', 'Squeal': '0', 'Typical-entropy': '0', 'Voicing-quality': '1', 'Wide-band': '0', 'Xlong-island': '0', 'seq': '2', 'end': 43676.2, 'start': 43675.98}]",0,0,[],[]
43676200,43677180,NA,NON,0.0,1365,CM,NA,NA,NA,NA,0.0,0,-23.29,-6.84,[],0,0,[],[]
43677180,43677850,CHI,CHN,0.0,1365,CM,RC,0,NT,FH,1.0,670,-14.38,-4.4,"[{'Canonical-syllable': '0', 'Growl': '0', 'High-freq-energy': '0', 'Long-island': '0', 'Low-tilt-spectrum': '0', 'Medium-island': '1', 'Short-island': '1', 'Squeal': '0', 'Typical-entropy': '0', 'Voicing-quality': '2', 'Wide-band': '0', 'Xlong-island': '0', 'seq': '1', 'end': 43677.85, 'start': 43677.18}]",0,0,[],[]
43677850,43678810,NA,OLN,0.0,1365,CM,NA,NA,NA,NA,0.0,0,-20.09,-8.94,[],0,0,[],[]
43678810,43681020,CHI,CHN,0.0,1365,CM,EC,0,NT,FH,2.0,1360,-17.02,-6.05,"[{'Canonical-syllable': '1', 'Growl': '0', 'High-freq-energy': '0', 'Long-island': '0', 'Low-tilt-spectrum': '0', 'Medium-island': '0', 'Short-island': '2', 'Squeal': '0', 'Typical-entropy': '2', 'Voicing-quality': '2', 'Wide-band': '0', 'Xlong-island': '0', 'seq': '1', 'end': 43679.42, 'start': 43678.81}, {'Canonical-syllable': '1', 'Growl': '0', 'High-freq-energy': '0', 'Long-island': '0', 'Low-tilt-spectrum': '1', 'Medium-island': '0', 'Short-island': '2', 'Squeal': '0', 'Typical-entropy': '3', 'Voicing-quality': '3', 'Wide-band': '0', 'Xlong-island': '0', 'seq': '2', 'end': 43681.02, 'start': 43680.27}]",0,0,[],[]
43681020,43682710,NA,NOF,0.0,1366,pause,NA,NA,NA,NA,0.0,0,-21.74,-7.32,[],0,0,[],[]
43682710,43683510,NA,OLN,0.0,1366,pause,NA,NA,NA,NA,0.0,0,-27.02,-11.84,[],0,0,[],[]
43683510,43684310,NA,NOF,0.0,1366,pause,NA,NA,NA,NA,0.0,0,-35.9,-25.27,[],0,0,[],[]
43684310,43685110,NA,OLF,0.0,1366,pause,NA,NA,NA,NA,0.0,0,-31.48,-16.24,[],0,0,[],[]
43685110,43688120,NA,NOF,0.0,1366,pause,NA,NA,NA,NA,0.0,0,-32.78,-14.74,[],0,0,[],[]
43688120,43688740,FEM,FAN,1.58,1366,AMF,EC,0,NT,FI,0.0,0,-32.24,-21.81,[],0,0,[],[]
43688740,43691250,NA,NON,0.0,1367,pause,NA,NA,NA,NA,0.0,0,-23.18,-4.13,[],0,0,[],[]
43691250,43692130,NA,OLF,0.0,1367,pause,NA,NA,NA,NA,0.0,0,-30.56,-17.53,[],0,0,[],[]
43692130,43693880,NA,NON,0.0,1367,pause,NA,NA,NA,NA,0.0,0,-26.74,-10.41,[],0,0,[],[]
43693880,43694750,NA,OLN,0.0,1367,pause,NA,NA,NA,NA,0.0,0,-25.55,-9.44,[],0,0,[],[]
43694750,43696060,FEM,FAN,5.63,1367,AMF,EC,0,NT,FI,0.0,0,-32.56,-24.61,[],0,0,[],[]
43696060,43701960,NA,NOF,0.0,1368,pause,NA,NA,NA,NA,0.0,0,-27.87,-3.92,[],0,0,[],[]
43701960,43702760,NA,OLN,0.0,1368,pause,NA,NA,NA,NA,0.0,0,-27.87,-14.8,[],0,0,[],[]
43702760,43703790,NA,NOF,0.0,1368,pause,NA,NA,NA,NA,0.0,0,-30.78,-15.28,[],0,0,[],[]
43703790,43704620,NA,OLF,0.0,1368,pause,NA,NA,NA,NA,0.0,0,-31.47,-22.32,[],0,0,[],[]
43704620,43705420,NA,NON,0.0,1368,pause,NA,NA,NA,NA,0.0,0,-31.22,-16.79,[],0,0,[],[]
43705420,43706470,NA,OLN,0.0,1368,pause,NA,NA,NA,NA,0.0,0,-18.37,-5.37,[],0,0,[],[]
43706470,43707370,NA,NON,0.0,1368,pause,NA,NA,NA,NA,0.0,0,-24.1,-11.52,[],0,0,[],[]
43707370,43709540,NA,OLF,0.0,1368,pause,NA,NA,NA,NA,0.0,0,-13.71,-2.71,[],0,0,[],[]
43709540,43710930,NA,NOF,0.0,1368,pause,NA,NA,NA,NA,0.0,0,-37.74,-28.88,[],0,0,[],[]
43710930,43711930,FEM,FAN,0.0,1368,pause,NA,NA,NA,NA,0.0,0,-30.45,-25.57,[],1000,0,[],[]
43711930,43712840,NA,OLF,0.0,1368,pause,NA,NA,NA,NA,0.0,0,-26.03,-10.15,[],0,0,[],[]
43712840,43715600,NA,OLN,0.0,1368,pause,NA,NA,NA,NA,0.0,0,-24.48,-7.8,[],0,0,[],[]
43715600,43716630,FEM,FAN,1.42,1368,AMF,EC,0,NT,FI,0.0,0,-34.09,-26.86,[],0,0,[],[]
43716630,43723370,NA,OLN,0.0,1369,pause,NA,NA,NA,NA,0.0,0,-21.5,-4.89,[],0,0,[],[]
43723370,43724230,NA,NON,0.0,1369,pause,NA,NA,NA,NA,0.0,0,-31.94,-19.93,[],0,0,[],[]
43724230,43725410,NA,OLN,0.0,1369,pause,NA,NA,NA,NA,0.0,0,-17.84,-5.02,[],0,0,[],[]
43725410,43726580,NA,NOF,0.0,1369,pause,NA,NA,NA,NA,0.0,0,-27.17,-13.63,[],0,0,[],[]
43726580,43727400,NA,OLF,0.0,1369,pause,NA,NA,NA,NA,0.0,0,-25.37,-14.14,[],0,0,[],[]
43727400,43728460,NA,NOF,0.0,1369,pause,NA,NA,NA,NA,0.0,0,-17.43,-2.55,[],0,0,[],[]
43728460,43729260,NA,OLN,0.0,1369,pause,NA,NA,NA,NA,0.0,0,-20.55,-7.5,[],0,0,[],[]
43729260,43730090,NA,NOF,0.0,1369,pause,NA,NA,NA,NA,0.0,0,-23.04,-5.24,[],0,0,[],[]
43730090,43731710,NA,OLN,0.0,1369,pause,NA,NA,NA,NA,0.0,0,-26.61,-14.09,[],0,0,[],[]
43731710,43733330,NA,NOF,0.0,1369,pause,NA,NA,NA,NA,0.0,0,-39.54,-24.21,[],0,0,[],[]
43733330,43734330,MAL,MAN,3.33,1369,AMM,BC,0,NT,FI,0.0,0,-27.26,-15.39,[],0,0,[],[]
43734330,43735420,NA,OLF,0.0,1369,AMM,NA,NA,NA,NA,0.0,0,-23.52,-10.14,[],0,0,[],[]
43735420,43736560,MAL,MAN,5.22,1369,AMM,RC,0,NT,FH,0.0,0,-18.0,-7.39,[],0,0,[],[]
43736560,43737360,NA,OLN,0.0,1369,AMM,NA,NA,NA,NA,0.0,0,-21.22,-13.48,[],0,0,[],[]
43737360,43739390,MAL,MAN,5.88,1369,AMM,RC,0,NT,FH,0.0,0,-20.65,-10.67,[],0,0,[],[]
43739390,43740480,NA,MAF,0.0,1369,AMM,NA,NA,NA,NA,0.0,0,-28.57,-17.32,[],0,0,[],[]
43740480,43741970,MAL,MAN,7.84,1369,AMM,RC,0,NT,FH,0.0,0,-17.95,-9.85,[],0,0,[],[]
43741970,43743040,NA,OLN,0.0,1369,AMM,NA,NA,NA,NA,0.0,0,-22.82,-10.95,[],0,0,[],[]
43743040,43744910,MAL,MAN,5.36,1369,AMM,RC,0,NT,FH,0.0,0,-21.64,-9.5,[],0,0,[],[]
43744910,43745840,NA,FAF,0.0,1369,AMM,NA,NA,NA,NA,0.0,0,-37.09,-26.32,[],0,0,[],[]
43745840,43747000,NA,SIL,0.0,1369,AMM,NA,NA,NA,NA,0.0,0,-51.05,-46.34,[],0,0,[],[]
43747000,43748000,NA,TVF,0.0,1369,AMM,NA,NA,NA,NA,0.0,0,-49.37,-46.35,[],0,0,[],[]
43748000,43748800,NA,SIL,0.0,1369,AMM,NA,NA,NA,NA,0.0,0,-22.18,-6.43,[],0,0,[],[]
43748800,43749800,FEM,FAN,6.8,1369,AMM,RC,0,NT,FI,0.0,0,-18.5,-10.8,[],0,0,[],[]
43749800,43750910,NA,NON,0.0,1369,AMM,NA,NA,NA,NA,0.0,0,-37.64,-22.53,[],0,0,[],[]
43750910,43752960,NA,OLF,0.0,1369,AMM,NA,NA,NA,NA,0.0,0,-26.24,-11.51,[],0,0,[],[]
43752960,43755500,MAL,MAN,7.63,1369,AMM,RC,0,NT,FI,0.0,0,-20.41,-3.36,[],0,0,[],[]
43755500,43756320,NA,OLN,0.0,1369,AMM,NA,NA,NA,NA,0.0,0,-26.24,-14.95,[],0,0,[],[]
43756320,43757790,FEM,FAN,0.0,1369,AMM,NA,NA,NA,NA,0.0,0,-26.91,-21.42,[],1470,0,[],[]
43757790,43759040,NA,OLF,0.0,1369,AMM,NA,NA,NA,NA,0.0,0,-30.81,-18.74,[],0,0,[],[]
43759040,43760060,MAL,MAN,2.74,1369,AMM,RC,0,NT,FH,0.0,0,-30.17,-19.03,[],0,0,[],[]
43760060,43761100,NA,TVN,0.0,1369,AMM,NA,NA,NA,NA,0.0,0,-37.04,-28.41,[],0,0,[],[]
43761100,43762300,NA,NOF,0.0,1369,AMM,NA,NA,NA,NA,0.0,0,-24.25,-6.57,[],0,0,[],[]
43762300,43763650,NA,OLF,0.0,1369,AMM,NA,NA,NA,NA,0.0,0,-15.67,-2.63,[],0,0,[],[]
43763650,43764770,MAL,MAN,4.09,1369,AMM,RC,0,NT,FH,0.0,0,-20.37,-13.17,[],0,0,[],[]
43764770,43766610,NA,OLN,0.0,1369,AMM,NA,NA,NA,NA,0.0,0,-25.42,-6.85,[],0,0,[],[]
43766610,43767640,NA,NOF,0.0,1369,AMM,NA,NA,NA,NA,0.0,0,-39.32,-24.55,[],0,0,[],[]
43767640,43768490,NA,SIL,0.0,1369,AMM,NA,NA,NA,NA,0.0,0,-49.28,-45.74,[],0,0,[],[]
43768490,43770950,FEM,FAN,5.63,1369,AMM,RC,0,NT,FI,0.0,0,-35.79,-26.19,[],0,0,[],[]
43770950,43772090,MAL,MAN,2.17,1369,AMM,RC,0,NT,FI,0.0,0,-35.98,-26.49,[],0,0,[],[]
43772090,43773090,FEM,FAN,0.0,1369,AMM,NA,NA,NA,NA,0.0,0,-28.36,-21.04,[],1000,0,[],[]
43773090,43774180,NA,NOF,0.0,1369,AMM,NA,NA,NA,NA,0.0,0,-49.22,-44.76,[],0,0,[],[]
43774180,43775180,MAL,MAN,2.5,1369,AMM,RC,0,NT,FH,0.0,0,-28.74,-17.09,[],0,0,[],[]
43775180,43776410,FEM,FAN,4.71,1369,AMM,RC,0,NT,FI,0.0,0,-32.76,-26.96,[],0,0,[],[]
43776410,43777370,NA,OLF,0.0,1369,AMM,NA,NA,NA,NA,0.0,0,-35.74,-28.59,[],0,0,[],[]
43777370,43778190,NA,NOF,0.0,1369,AMM,NA,NA,NA,NA,0.0,0,-45.16,-38.24,[],0,0,[],[]
43778190,43779190,NA,FAF,0.0,1369,AMM,NA,NA,NA,NA,0.0,0,-34.7,-26.91,[],0,0,[],[]
43779190,43780640,NA,NOF,0.0,1369,AMM,NA,NA,NA,NA,0.0,0,-33.08,-17.84,[],0,0,[],[]
43780640,43781640,FEM,FAN,9.4,1369,AMM,EC,0,NT,FH,0.0,0,-28.6,-24.97,[],0,0,[],[]
43781640,43782660,NA,MAF,0.0,1370,pause,NA,NA,NA,NA,0.0,0,-43.21,-34.0,[],0,0,[],[]
43782660,43783480,NA,OLF,0.0,1370,pause,NA,NA,NA,NA,0.0,0,-37.54,-27.88,[],0,0,[],[]
43783480,43784480,MAL,MAN,0.0,1370,pause,NA,NA,NA,NA,0.0,0,-29.06,-19.7,[],1000,0,[],[]
43784480,43786170,NA,OLN,0.0,1370,pause,NA,NA,NA,NA,0.0,0,-22.02,-15.25,[],0,0,[],[]
43786170,43786770,FEM,FAN,0.0,1370,pause,NA,NA,NA,NA,0.0,0,-24.91,-21.61,[],600,0,[],[]
43786770,43787850,NA,OLN,0.0,1370,pause,NA,NA,NA,NA,0.0,0,-21.73,-15.53,[],0,0,[],[]
43787850,43788660,NA,NOF,0.0,1370,pause,NA,NA,NA,NA,0.0,0,-37.16,-28.57,[],0,0,[],[]
43788660,43790020,NA,MAF,0.0,1370,pause,NA,NA,NA,NA,0.0,0,-34.97,-20.73,[],0,0,[],[]
43790020,43791840,NA,SIL,0.0,1370,pause,NA,NA,NA,NA,0.0,0,-50.77,-41.96,[],0,0,[],[]
43791840,43792840,NA,FAF,0.0,1370,pause,NA,NA,NA,NA,0.0,0,-36.48,-24.78,[],0,0,[],[]
43792840,43793860,NA,NOF,0.0,1370,pause,NA,NA,NA,NA,0.0,0,-33.27,-19.16,[],0,0,[],[]
43793860,43795360,MAL,MAN,4.53,1370,AMM,BC,0,NT,FI,0.0,0,-37.4,-24.9,[],0,0,[],[]
43795360,43797330,NA,NOF,0.0,1370,AMM,NA,NA,NA,NA,0.0,0,-26.19,-7.25,[],0,0,[],[]
43797330,43798330,MAL,MAN,5.68,1370,AMM,EC,0,NT,FH,0.0,0,-23.86,-13.5,[],0,0,[],[]
43798330,43799270,NA,OLN,0.0,1371,pause,NA,NA,NA,NA,0.0,0,-21.89,-13.25,[],0,0,[],[]
43799270,43806260,NA,NON,0.0,1371,pause,NA,NA,NA,NA,0.0,0,-14.72,-2.94,[],0,0,[],[]
43806260,43808710,NA,OLN,0.0,1371,pause,NA,NA,NA,NA,0.0,0,-13.43,-4.12,[],0,0,[],[]
43808710,43809710,FEM,FAN,0.0,1371,pause,NA,NA,NA,NA,0.0,0,-16.32,-12.02,[],1000,0,[],[]
43809710,43811470,NA,OLN,0.0,1371,pause,NA,NA,NA,NA,0.0,0,-14.56,-3.87,[],0,0,[],[]
43811470,43817010,NA,NOF,0.0,1371,pause,NA,NA,NA,NA,0.0,0,-12.67,-2.15,[],0,0,[],[]
43817010,43818070,NA,OLN,0.0,1371,pause,NA,NA,NA,NA,0.0,0,-11.29,-2.3,[],0,0,[],[]
43818070,43822610,NA,NOF,0.0,1371,pause,NA,NA,NA,NA,0.0,0,-13.13,-2.89,[],0,0,[],[]
43822610,43823750,NA,OLN,0.0,1371,pause,NA,NA,NA,NA,0.0,0,-11.38,-3.0,[],0,0,[],[]
43823750,43824560,NA,NON,0.0,1371,pause,NA,NA,NA,NA,0.0,0,-14.89,-5.26,[],0,0,[],[]
43824560,43825220,CHI,CHN,0.0,1371,pause,NA,NA,NA,NA,0.0,0,-11.68,-2.36,[],0,340,[],"[{'start': 43824.56, 'end': 43824.9}]"
43825220,43826050,NA,OLN,0.0,1371,pause,NA,NA,NA,NA,0.0,0,-19.58,-5.85,[],0,0,[],[]
43826050,43827170,NA,OLF,0.0,1371,pause,NA,NA,NA,NA,0.0,0,-26.75,-16.21,[],0,0,[],[]
43827170,43829930,MAL,MAN,9.1,1371,AIOCM,BC,0,NT,FI,0.0,0,-24.04,-14.0,[],0,0,[],[]
43829930,43830830,NA,OLN,0.0,1371,AIOCM,NA,NA,NA,NA,0.0,0,-25.25,-18.87,[],0,0,[],[]
43830830,43831690,NA,FAF,0.0,1371,AIOCM,NA,NA,NA,NA,0.0,0,-35.7,-25.81,[],0,0,[],[]
43831690,43832970,MAL,MAN,4.72,1371,AIOCM,RC,0,NT,FH,0.0,0,-24.68,-15.34,[],0,0,[],[]
43832970,43833930,NA,OLN,0.0,1371,AIOCM,NA,NA,NA,NA,0.0,0,-19.38,-6.12,[],0,0,[],[]
43833930,43834850,OCH,CXN,0.0,1371,AIOCM,RC,0,NT,FI,0.0,0,-25.93,-19.98,[],0,0,[],[]
43834850,43836140,MAL,MAN,7.12,1371,AIOCM,RC,0,NT,FI,0.0,0,-24.07,-11.62,[],0,0,[],[]
43836140,43837010,NA,OLF,0.0,1371,AIOCM,NA,NA,NA,NA,0.0,0,-40.07,-28.43,[],0,0,[],[]
43837010,43838010,MAL,MAN,5.72,1371,AIOCM,EC,0,NT,FH,0.0,0,-27.91,-20.3,[],0,0,[],[]
43838010,43839420,NA,NOF,0.0,1372,pause,NA,NA,NA,NA,0.0,0,-18.56,-4.31,[],0,0,[],[]
43839420,43842030,NA,OLN,0.0,1372,pause,NA,NA,NA,NA,0.0,0,-22.58,-8.65,[],0,0,[],[]
43842030,43843450,NA,NOF,0.0,1372,pause,NA,NA,NA,NA,0.0,0,-35.27,-18.17,[],0,0,[],[]
43843450,43845050,NA,OLF,0.0,1372,pause,NA,NA,NA,NA,0.0,0,-41.15,-31.14,[],0,0,[],[]
43845050,43845920,FEM,FAN,6.57,1372,AICF,BC,0,NT,FI,0.0,0,-15.83,-11.46,[],0,0,[],[]
43845920,43846980,FEM,FAN,1.51,1372,AICF,RC,0,NT,FH,0.0,0,-20.19,-9.32,[],0,0,[],[]
43846980,43847740,FEM,FAN,0.0,1372,AICF,NA,NA,NA,NA,0.0,0,-21.74,-11.72,[],760,0,[],[]
43847740,43848580,NA,NOF,0.0,1372,AICF,NA,NA,NA,NA,0.0,0,-35.45,-27.6,[],0,0,[],[]
43848580,43849580,MAL,MAN,3.98,1372,AICF,RC,0,TIMI,FI,0.0,0,-29.4,-18.4,[],0,0,[],[]
43849580,43850180,CHI,CHN,0.0,1372,AICF,RC,1,TIMR,FI,1.0,480,-17.32,-6.84,"[{'Canonical-syllable': '1', 'Growl': '0', 'High-freq-energy': '0', 'Long-island': '0', 'Low-tilt-spectrum': '0', 'Medium-island': '1', 'Short-island': '0', 'Squeal': '0', 'Typical-entropy': '1', 'Voicing-quality': '1', 'Wide-band': '0', 'Xlong-island': '0', 'seq': '1', 'end': 43850.06, 'start': 43849.68}]",0,0,[],[]
43850180,43851100,NA,SIL,0.0,1372,AICF,NA,NA,NA,NA,0.0,0,-44.02,-36.76,[],0,0,[],[]
43851100,43851700,CHI,CHN,0.0,1372,AICF,EC,1,NT,FH,1.0,200,-22.07,-9.72,"[{'Canonical-syllable': '0', 'Growl': '0', 'High-freq-energy': '0', 'Long-island': '0', 'Low-tilt-spectrum': '0', 'Medium-island': '0', 'Short-island': '0', 'Squeal': '0', 'Typical-entropy': '1', 'Voicing-quality': '1', 'Wide-band': '0', 'Xlong-island': '0', 'seq': '1', 'end': 43851.3, 'start': 43851.21}]",0,0,[],[]
43851700,43855220,NA,NOF,0.0,1373,pause,NA,NA,NA,NA,0.0,0,-21.96,-4.44,[],0,0,[],[]
43855220,43856020,NA,OLN,0.0,1373,pause,NA,NA,NA,NA,0.0,0,-22.89,-11.13,[],0,0,[],[]
43856020,43857590,NA,MAF,0.0,1373,pause,NA,NA,NA,NA,0.0,0,-33.5,-17.45,[],0,0,[],[]
43857590,43859750,NA,NOF,0.0,1373,pause,NA,NA,NA,NA,0.0,0,-22.09,-3.54,[],0,0,[],[]
43859750,43860610,NA,OLN,0.0,1373,pause,NA,NA,NA,NA,0.0,0,-22.2,-10.28,[],0,0,[],[]
43860610,43862460,NA,NOF,0.0,1373,pause,NA,NA,NA,NA,0.0,0,-36.39,-22.73,[],0,0,[],[]
43862460,43863470,NA,MAF,0.0,1373,pause,NA,NA,NA,NA,0.0,0,-37.04,-28.12,[],0,0,[],[]
43863470,43864560,NA,NOF,0.0,1373,pause,NA,NA,NA,NA,0.0,0,-36.58,-29.73,[],0,0,[],[]
43864560,43866370,NA,SIL,0.0,1373,pause,NA,NA,NA,NA,0.0,0,-47.71,-33.49,[],0,0,[],[]
43866370,43867700,NA,NOF,0.0,1373,pause,NA,NA,NA,NA,0.0,0,-38.89,-24.92,[],0,0,[],[]
43867700,43868700,NA,MAF,0.0,1373,pause,NA,NA,NA,NA,0.0,0,-42.77,-37.38,[],0,0,[],[]
43868700,43869930,CHI,CHN,0.0,1373,CM,EC,0,NT,FI,1.0,800,-20.78,-12.0,"[{'Canonical-syllable': '0', 'Growl': '0', 'High-freq-energy': '0', 'Long-island': '1', 'Low-tilt-spectrum': '0', 'Medium-island': '0', 'Short-island': '0', 'Squeal': '0', 'Typical-entropy': '1', 'Voicing-quality': '1', 'Wide-band': '0', 'Xlong-island': '0', 'seq': '1', 'end': 43869.85, 'start': 43869.05}]",0,0,[],[]
43869930,43871500,NA,NOF,0.0,1374,pause,NA,NA,NA,NA,0.0,0,-28.09,-8.33,[],0,0,[],[]
43871500,43872500,NA,MAF,0.0,1374,pause,NA,NA,NA,NA,0.0,0,-40.39,-34.33,[],0,0,[],[]
43872500,43873320,NA,NOF,0.0,1374,pause,NA,NA,NA,NA,0.0,0,-43.31,-32.71,[],0,0,[],[]
43873320,43874320,NA,MAF,0.0,1374,pause,NA,NA,NA,NA,0.0,0,-40.97,-36.53,[],0,0,[],[]
43874320,43876420,NA,SIL,0.0,1374,pause,NA,NA,NA,NA,0.0,0,-55.86,-40.72,[],0,0,[],[]
43876420,43878550,NA,OLF,0.0,1374,pause,NA,NA,NA,NA,0.0,0,-19.6,-1.66,[],0,0,[],[]
43878550,43879350,NA,MAF,0.0,1374,pause,NA,NA,NA,NA,0.0,0,-36.06,-29.92,[],0,0,[],[]
43879350,43881600,NA,NOF,0.0,1374,pause,NA,NA,NA,NA,0.0,0,-29.36,-17.01,[],0,0,[],[]
43881600,43882400,NA,SIL,0.0,1374,pause,NA,NA,NA,NA,0.0,0,-41.52,-35.38,[],0,0,[],[]
43882400,43884370,NA,OLF,0.0,1374,pause,NA,NA,NA,NA,0.0,0,-37.26,-25.27,[],0,0,[],[]
43884370,43885230,NA,SIL,0.0,1374,pause,NA,NA,NA,NA,0.0,0,-46.0,-41.77,[],0,0,[],[]
43885230,43886640,NA,NOF,0.0,1374,pause,NA,NA,NA,NA,0.0,0,-21.19,-5.11,[],0,0,[],[]
43886640,43887550,NA,OLN,0.0,1374,pause,NA,NA,NA,NA,0.0,0,-21.27,-5.89,[],0,0,[],[]
43887550,43888370,NA,NON,0.0,1374,pause,NA,NA,NA,NA,0.0,0,-24.4,-13.88,[],0,0,[],[]
43888370,43889190,NA,OLF,0.0,1374,pause,NA,NA,NA,NA,0.0,0,-20.73,-7.87,[],0,0,[],[]
43889190,43890720,NA,NOF,0.0,1374,pause,NA,NA,NA,NA,0.0,0,-34.02,-17.59,[],0,0,[],[]
43890720,43891550,NA,OLN,0.0,1374,pause,NA,NA,NA,NA,0.0,0,-31.3,-22.59,[],0,0,[],[]
43891550,43892380,NA,NON,0.0,1374,pause,NA,NA,NA,NA,0.0,0,-35.58,-29.34,[],0,0,[],[]
43892380,43893180,NA,OLF,0.0,1374,pause,NA,NA,NA,NA,0.0,0,-19.9,-6.1,[],0,0,[],[]
43893180,43893980,NA,NON,0.0,1374,pause,NA,NA,NA,NA,0.0,0,-40.32,-32.1,[],0,0,[],[]
43893980,43895810,NA,SIL,0.0,1374,pause,NA,NA,NA,NA,0.0,0,-50.56,-39.13,[],0,0,[],[]
43895810,43897100,FEM,FAN,5.3,1374,AICF,BC,0,TIFI,FI,0.0,0,-32.32,-23.17,[],0,0,[],[]
43897100,43898570,CHI,CHN,0.0,1374,AICF,EC,1,TIFR,FI,1.0,1470,-23.37,-12.95,"[{'Canonical-syllable': '0', 'Growl': '0', 'High-freq-energy': '0', 'Long-island': '0', 'Low-tilt-spectrum': '0', 'Medium-island': '0', 'Short-island': '0', 'Squeal': '0', 'Typical-entropy': '0', 'Voicing-quality': '1', 'Wide-band': '0', 'Xlong-island': '1', 'seq': '1', 'end': 43898.57, 'start': 43897.1}]",0,0,[],[]
43898570,43899890,NA,MAF,0.0,1375,pause,NA,NA,NA,NA,0.0,0,-36.97,-24.92,[],0,0,[],[]
43899890,43903170,NA,NOF,0.0,1375,pause,NA,NA,NA,NA,0.0,0,-24.17,-2.49,[],0,0,[],[]
43903170,43903970,NA,OLF,0.0,1375,pause,NA,NA,NA,NA,0.0,0,-32.07,-21.79,[],0,0,[],[]
43903970,43904900,NA,NOF,0.0,1375,pause,NA,NA,NA,NA,0.0,0,-18.5,-4.52,[],0,0,[],[]
43904900,43906620,NA,OLN,0.0,1375,pause,NA,NA,NA,NA,0.0,0,-18.2,-9.36,[],0,0,[],[]
43906620,43907910,NA,NOF,0.0,1375,pause,NA,NA,NA,NA,0.0,0,-35.87,-21.95,[],0,0,[],[]
43907910,43909410,NA,OLN,0.0,1375,pause,NA,NA,NA,NA,0.0,0,-19.16,-7.31,[],0,0,[],[]
43909410,43911320,NA,NON,0.0,1375,pause,NA,NA,NA,NA,0.0,0,-23.15,-11.66,[],0,0,[],[]
43911320,43912210,NA,OLN,0.0,1375,pause,NA,NA,NA,NA,0.0,0,-26.44,-18.03,[],0,0,[],[]
43912210,43913200,NA,OLF,0.0,1375,pause,NA,NA,NA,NA,0.0,0,-37.1,-27.57,[],0,0,[],[]
43913200,43915460,NA,OLN,0.0,1375,pause,NA,NA,NA,NA,0.0,0,-28.8,-14.01,[],0,0,[],[]
43915460,43916740,NA,NOF,0.0,1375,pause,NA,NA,NA,NA,0.0,0,-19.11,-8.97,[],0,0,[],[]
43916740,43917380,FEM,FAN,2.05,1375,AIOCF,BC,0,NT,FI,0.0,0,-24.79,-11.97,[],0,0,[],[]
43917380,43918230,NA,NOF,0.0,1375,AIOCF,NA,NA,NA,NA,0.0,0,-43.92,-31.68,[],0,0,[],[]
43918230,43919230,MAL,MAN,4.0,1375,AIOCF,RC,0,NT,FI,0.0,0,-33.04,-24.74,[],0,0,[],[]
43919230,43923450,NA,NOF,0.0,1375,AIOCF,NA,NA,NA,NA,0.0,0,-20.84,-2.57,[],0,0,[],[]
43923450,43924050,OCH,CXN,0.0,1375,AIOCF,EC,0,NT,FI,0.0,0,-31.46,-26.11,[],0,0,[],[]
43924050,43924850,NA,NOF,0.0,1376,pause,NA,NA,NA,NA,0.0,0,-28.82,-13.57,[],0,0,[],[]
43924850,43925660,NA,OLN,0.0,1376,pause,NA,NA,NA,NA,0.0,0,-16.97,-4.86,[],0,0,[],[]
43925660,43926530,NA,OLF,0.0,1376,pause,NA,NA,NA,NA,0.0,0,-17.39,-6.25,[],0,0,[],[]
43926530,43927330,NA,OLN,0.0,1376,pause,NA,NA,NA,NA,0.0,0,-28.06,-17.84,[],0,0,[],[]
43927330,43929670,NA,NOF,0.0,1376,pause,NA,NA,NA,NA,0.0,0,-38.95,-24.93,[],0,0,[],[]
43929670,43930280,CHI,CHN,0.0,1376,CIC,BC,0,TIMI,FI,1.0,350,-22.6,-15.55,"[{'Canonical-syllable': '0', 'Growl': '0', 'High-freq-energy': '0', 'Long-island': '0', 'Low-tilt-spectrum': '1', 'Medium-island': '1', 'Short-island': '0', 'Squeal': '0', 'Typical-entropy': '1', 'Voicing-quality': '1', 'Wide-band': '0', 'Xlong-island': '0', 'seq': '1', 'end': 43930.02, 'start': 43929.67}]",0,0,[],[]
43930280,43932280,MAL,MAN,11.23,1376,CIC,RC,1,TIMR,FI,0.0,0,-37.24,-27.43,[],0,0,[],[]
43932280,43933090,NA,NOF,0.0,1376,CIC,NA,NA,NA,NA,0.0,0,-44.64,-34.73,[],0,0,[],[]
43933090,43935330,CHI,CHN,0.0,1376,CIC,RC,1,TIME,FI,4.0,970,-26.92,-8.93,"[{'Canonical-syllable': '0', 'Growl': '0', 'High-freq-energy': '0', 'Long-island': '0', 'Low-tilt-spectrum': '1', 'Medium-island': '0', 'Short-island': '1', 'Squeal': '0', 'Typical-entropy': '1', 'Voicing-quality': '2', 'Wide-band': '0', 'Xlong-island': '0', 'seq': '1', 'end': 43933.41, 'start': 43933.09}, {'Canonical-syllable': '0', 'Growl': '0', 'High-freq-energy': '0', 'Long-island': '0', 'Low-tilt-spectrum': '0', 'Medium-island': '0', 'Short-island': '0', 'Squeal': '0', 'Typical-entropy': '0', 'Voicing-quality': '1', 'Wide-band': '0', 'Xlong-island': '0', 'seq': '2', 'end': 43933.89, 'start': 43933.81}, {'Canonical-syllable': '0', 'Growl': '1', 'High-freq-energy': '0', 'Long-island': '0', 'Low-tilt-spectrum': '0', 'Medium-island': '0', 'Short-island': '0', 'Squeal': '0', 'Typical-entropy': '1', 'Voicing-quality': '1', 'Wide-band': '0', 'Xlong-island': '0', 'seq': '3', 'end': 43934.33, 'start': 43934.25}, {'Canonical-syllable': '0', 'Growl': '0', 'High-freq-energy': '0', 'Long-island': '0', 'Low-tilt-spectrum': '0', 'Medium-island': '0', 'Short-island': '1', 'Squeal': '0', 'Typical-entropy': '1', 'Voicing-quality': '1', 'Wide-band': '0', 'Xlong-island': '0', 'seq': '4', 'end': 43935.33, 'start': 43934.84}]",0,0,[],[]
43935330,43936440,CHI,CHN,0.0,1376,CIC,EC,1,NT,FH,1.0,520,-16.09,-4.03,"[{'Canonical-syllable': '0', 'Growl': '0', 'High-freq-energy': '0', 'Long-island': '0', 'Low-tilt-spectrum': '2', 'Medium-island': '0', 'Short-island': '1', 'Squeal': '0', 'Typical-entropy': '2', 'Voicing-quality': '2', 'Wide-band': '0', 'Xlong-island': '0', 'seq': '1', 'end': 43935.85, 'start': 43935.33}]",0,0,[],[]
43936440,43937470,NA,FAF,0.0,1377,pause,NA,NA,NA,NA,0.0,0,-41.18,-33.96,[],0,0,[],[]
43937470,43938310,NA,SIL,0.0,1377,pause,NA,NA,NA,NA,0.0,0,-45.03,-42.52,[],0,0,[],[]
43938310,43940680,CHI,CHN,0.0,1377,pause,NA,NA,NA,NA,0.0,0,-14.24,-3.28,[],0,1740,"[{'start': 43938.31, 'end': 43940.05}]",[]
43940680,43941730,NA,SIL,0.0,1377,pause,NA,NA,NA,NA,0.0,0,-39.46,-35.46,[],0,0,[],[]
43941730,43942740,NA,NOF,0.0,1377,pause,NA,NA,NA,NA,0.0,0,-33.12,-19.07,[],0,0,[],[]
43942740,43943840,NA,OLN,0.0,1377,pause,NA,NA,NA,NA,0.0,0,-27.27,-19.85,[],0,0,[],[]
43943840,43944990,FEM,FAN,5.72,1377,AMF,EC,0,NT,FI,0.0,0,-22.19,-7.88,[],0,0,[],[]
43944990,43946370,NA,OLF,0.0,1378,pause,NA,NA,NA,NA,0.0,0,-31.33,-20.01,[],0,0,[],[]
43946370,43947320,NA,NOF,0.0,1378,pause,NA,NA,NA,NA,0.0,0,-23.77,-7.36,[],0,0,[],[]
43947320,43948540,NA,FAF,0.0,1378,pause,NA,NA,NA,NA,0.0,0,-35.21,-25.87,[],0,0,[],[]
43948540,43950670,NA,NOF,0.0,1378,pause,NA,NA,NA,NA,0.0,0,-35.86,-22.97,[],0,0,[],[]
43950670,43951270,CHI,CHN,0.0,1378,CIC,BC,0,NT,FI,1.0,600,-18.59,-11.26,"[{'Canonical-syllable': '0', 'Growl': '2', 'High-freq-energy': '0', 'Long-island': '0', 'Low-tilt-spectrum': '1', 'Medium-island': '1', 'Short-island': '0', 'Squeal': '0', 'Typical-entropy': '2', 'Voicing-quality': '2', 'Wide-band': '1', 'Xlong-island': '0', 'seq': '1', 'end': 43951.27, 'start': 43950.76}]",0,0,[],[]
43951270,43952170,NA,NOF,0.0,1378,CIC,NA,NA,NA,NA,0.0,0,-39.94,-24.5,[],0,0,[],[]
43952170,43953080,NA,OLN,0.0,1378,CIC,NA,NA,NA,NA,0.0,0,-18.05,-6.73,[],0,0,[],[]
43953080,43953950,NA,NOF,0.0,1378,CIC,NA,NA,NA,NA,0.0,0,-26.51,-10.53,[],0,0,[],[]
43953950,43954860,NA,OLN,0.0,1378,CIC,NA,NA,NA,NA,0.0,0,-22.19,-10.18,[],0,0,[],[]
43954860,43956100,NA,NON,0.0,1378,CIC,NA,NA,NA,NA,0.0,0,-23.58,-9.69,[],0,0,[],[]
43956100,43956700,OCH,CXN,0.0,1378,CIC,RC,0,NT,FI,0.0,0,-16.71,-12.63,[],0,0,[],[]
43956700,43957720,FEM,FAN,3.53,1378,CIC,RC,0,TIFI,FI,0.0,0,-20.68,-13.04,[],0,0,[],[]
43957720,43958350,CHI,CHN,0.0,1378,CIC,RC,1,TIFR,FI,1.0,300,-16.97,-11.75,"[{'Canonical-syllable': '0', 'Growl': '0', 'High-freq-energy': '0', 'Long-island': '0', 'Low-tilt-spectrum': '0', 'Medium-island': '1', 'Short-island': '0', 'Squeal': '0', 'Typical-entropy': '0', 'Voicing-quality': '1', 'Wide-band': '0', 'Xlong-island': '0', 'seq': '1', 'end': 43958.02, 'start': 43957.72}]",0,0,[],[]
43958350,43959270,NA,NOF,0.0,1378,CIC,NA,NA,NA,NA,0.0,0,-38.93,-28.72,[],0,0,[],[]
43959270,43959870,OCH,CXN,0.0,1378,CIC,RC,1,NT,FI,0.0,0,-19.39,-10.83,[],0,0,[],[]
43959870,43961070,NA,NOF,0.0,1378,CIC,NA,NA,NA,NA,0.0,0,-15.12,-1.99,[],0,0,[],[]
43961070,43961870,NA,OLF,0.0,1378,CIC,NA,NA,NA,NA,0.0,0,-34.11,-25.62,[],0,0,[],[]
43961870,43962870,FEM,FAN,3.4,1378,CIC,RC,1,TIFI,FI,0.0,0,-33.66,-27.1,[],0,0,[],[]
43962870,43963670,CHI,CHN,0.0,1378,CIC,RC,2,TIFR,FI,1.0,340,-26.73,-17.03,"[{'Canonical-syllable': '0', 'Growl': '1', 'High-freq-energy': '0', 'Long-island': '0', 'Low-tilt-spectrum': '0', 'Medium-island': '0', 'Short-island': '1', 'Squeal': '0', 'Typical-entropy': '0', 'Voicing-quality': '1', 'Wide-band': '0', 'Xlong-island': '0', 'seq': '1', 'end': 43963.21, 'start': 43962.97}]",0,0,[],[]
43963670,43964860,MAL,MAN,4.64,1378,CIC,RC,2,TIMI,FI,0.0,0,-31.68,-23.51,[],0,0,[],[]
43964860,43966000,CHI,CHN,0.0,1378,CIC,RC,3,TIMR,FI,1.0,1140,-18.56,-11.93,"[{'Canonical-syllable': '0', 'Growl': '0', 'High-freq-energy': '0', 'Long-island': '1', 'Low-tilt-spectrum': '0', 'Medium-island': '0', 'Short-island': '0', 'Squeal': '0', 'Typical-entropy': '0', 'Voicing-quality': '1', 'Wide-band': '0', 'Xlong-island': '0', 'seq': '1', 'end': 43966.0, 'start': 43965.14}]",0,0,[],[]
43966000,43966820,NA,OLN,0.0,1378,CIC,NA,NA,NA,NA,0.0,0,-31.94,-20.99,[],0,0,[],[]
43966820,43968350,FEM,FAN,3.87,1378,CIC,RC,3,TIFI,FI,0.0,0,-22.53,-8.55,[],0,0,[],[]
43968350,43968950,CHI,CHN,0.0,1378,CIC,RC,4,TIFR,FI,1.0,600,-17.22,-10.85,"[{'Canonical-syllable': '1', 'Growl': '0', 'High-freq-energy': '0', 'Long-island': '0', 'Low-tilt-spectrum': '0', 'Medium-island': '1', 'Short-island': '0', 'Squeal': '0', 'Typical-entropy': '0', 'Voicing-quality': '1', 'Wide-band': '0', 'Xlong-island': '0', 'seq': '1', 'end': 43968.95, 'start': 43968.35}]",0,0,[],[]
43968950,43971190,FEM,FAN,5.69,1378,CIC,EC,4,TIFE,FI,0.0,0,-25.39,-11.05,[],0,0,[],[]
43971190,43972050,NA,OLN,0.0,1379,pause,NA,NA,NA,NA,0.0,0,-25.62,-10.93,[],0,0,[],[]
43972050,43974800,NA,NOF,0.0,1379,pause,NA,NA,NA,NA,0.0,0,-20.04,-1.09,[],0,0,[],[]
43974800,43977130,NA,OLN,0.0,1379,pause,NA,NA,NA,NA,0.0,0,-22.39,-6.08,[],0,0,[],[]
43977130,43979330,NA,NOF,0.0,1379,pause,NA,NA,NA,NA,0.0,0,-26.61,-8.78,[],0,0,[],[]
43979330,43980130,NA,OLF,0.0,1379,pause,NA,NA,NA,NA,0.0,0,-18.25,-6.39,[],0,0,[],[]
43980130,43981600,NA,SIL,0.0,1379,pause,NA,NA,NA,NA,0.0,0,-42.54,-31.92,[],0,0,[],[]
43981600,43982520,NA,OLN,0.0,1379,pause,NA,NA,NA,NA,0.0,0,-23.13,-9.58,[],0,0,[],[]
43982520,43984670,NA,NOF,0.0,1379,pause,NA,NA,NA,NA,0.0,0,-21.83,-3.63,[],0,0,[],[]
43984670,43987030,NA,OLN,0.0,1379,pause,NA,NA,NA,NA,0.0,0,-24.52,-13.86,[],0,0,[],[]
43987030,43988180,NA,NOF,0.0,1379,pause,NA,NA,NA,NA,0.0,0,-24.92,-11.47,[],0,0,[],[]
43988180,43989190,MAL,MAN,4.37,1379,AICM,BC,0,NT,FI,0.0,0,-32.29,-20.99,[],0,0,[],[]
43989190,43990040,NA,NOF,0.0,1379,AICM,NA,NA,NA,NA,0.0,0,-31.61,-13.7,[],0,0,[],[]
43990040,43991230,FEM,FAN,4.73,1379,AICM,RC,0,TIFI,FI,0.0,0,-31.44,-23.01,[],0,0,[],[]
43991230,43992060,NA,NOF,0.0,1379,AICM,NA,NA,NA,NA,0.0,0,-24.45,-8.21,[],0,0,[],[]
43992060,43992950,NA,OLN,0.0,1379,AICM,NA,NA,NA,NA,0.0,0,-17.42,-4.88,[],0,0,[],[]
43992950,43993830,NA,OLF,0.0,1379,AICM,NA,NA,NA,NA,0.0,0,-18.4,-2.07,[],0,0,[],[]
43993830,43994690,NA,OLN,0.0,1379,AICM,NA,NA,NA,NA,0.0,0,-23.02,-13.02,[],0,0,[],[]
43994690,43995610,CHI,CHN,0.0,1379,AICM,RC,1,TIFR,FI,2.0,430,-17.49,-3.49,"[{'Canonical-syllable': '0', 'Growl': '1', 'High-freq-energy': '0', 'Long-island': '0', 'Low-tilt-spectrum': '0', 'Medium-island': '0', 'Short-island': '1', 'Squeal': '0', 'Typical-entropy': '1', 'Voicing-quality': '1', 'Wide-band': '0', 'Xlong-island': '0', 'seq': '1', 'end': 43994.95, 'start': 43994.81}, {'Canonical-syllable': '0', 'Growl': '0', 'High-freq-energy': '0', 'Long-island': '0', 'Low-tilt-spectrum': '1', 'Medium-island': '0', 'Short-island': '1', 'Squeal': '0', 'Typical-entropy': '1', 'Voicing-quality': '1', 'Wide-band': '0', 'Xlong-island': '0', 'seq': '2', 'end': 43995.61, 'start': 43995.44}]",0,0,[],[]
43995610,43997020,FEM,FAN,0.55,1379,AICM,RC,1,TIFE,FI,0.0,0,-29.4,-16.15,[],0,0,[],[]
43997020,44000680,NA,OLN,0.0,1379,AICM,NA,NA,NA,NA,0.0,0,-22.46,-6.59,[],0,0,[],[]
44000680,44002200,FEM,FAN,7.08,1379,AICM,RC,1,NT,FH,0.0,0,-30.47,-19.12,[],0,0,[],[]
44002200,44003160,NA,NOF,0.0,1379,AICM,NA,NA,NA,NA,0.0,0,-40.63,-29.2,[],0,0,[],[]
44003160,44004380,FEM,FAN,5.76,1379,AICM,RC,1,TIFI,FH,0.0,0,-30.14,-22.36,[],0,0,[],[]
44004380,44005290,NA,NOF,0.0,1379,AICM,NA,NA,NA,NA,0.0,0,-38.18,-30.3,[],0,0,[],[]
44005290,44006670,NA,OLN,0.0,1379,AICM,NA,NA,NA,NA,0.0,0,-18.97,-6.05,[],0,0,[],[]
44006670,44007490,NA,NON,0.0,1379,AICM,NA,NA,NA,NA,0.0,0,-33.19,-20.01,[],0,0,[],[]
44007490,44008610,NA,OLN,0.0,1379,AICM,NA,NA,NA,NA,0.0,0,-20.77,-7.63,[],0,0,[],[]
44008610,44009210,CHI,CHN,0.0,1379,AICM,RC,2,TIFR,FI,1.0,410,-17.49,-9.71,"[{'Canonical-syllable': '0', 'Growl': '0', 'High-freq-energy': '0', 'Long-island': '0', 'Low-tilt-spectrum': '0', 'Medium-island': '1', 'Short-island': '0', 'Squeal': '0', 'Typical-entropy': '0', 'Voicing-quality': '1', 'Wide-band': '0', 'Xlong-island': '0', 'seq': '1', 'end': 44009.02, 'start': 44008.61}]",0,0,[],[]
44009210,44010860,NA,NOF,0.0,1379,AICM,NA,NA,NA,NA,0.0,0,-40.53,-31.74,[],0,0,[],[]
44010860,44012100,FEM,FAN,5.14,1379,AICM,EC,2,TIFE,FI,0.0,0,-28.91,-21.17,[],0,0,[],[]
44012100,44012910,NA,NON,0.0,1380,pause,NA,NA,NA,NA,0.0,0,-35.75,-19.78,[],0,0,[],[]
44012910,44013530,CHI,CHN,0.0,1380,pause,NA,NA,NA,NA,0.0,0,-15.95,-4.57,[],0,210,[],"[{'start': 44013.14, 'end': 44013.35}]"
44013530,44014530,NA,MAF,0.0,1380,pause,NA,NA,NA,NA,0.0,0,-36.77,-31.17,[],0,0,[],[]
44014530,44015340,NA,SIL,0.0,1380,pause,NA,NA,NA,NA,0.0,0,-49.23,-45.7,[],0,0,[],[]
44015340,44016250,NA,OLF,0.0,1380,pause,NA,NA,NA,NA,0.0,0,-34.79,-29.3,[],0,0,[],[]
44016250,44017080,NA,NOF,0.0,1380,pause,NA,NA,NA,NA,0.0,0,-35.87,-25.23,[],0,0,[],[]
44017080,44018490,NA,OLN,0.0,1380,pause,NA,NA,NA,NA,0.0,0,-29.13,-23.53,[],0,0,[],[]
44018490,44019290,OCH,CXN,0.0,1380,XM,EC,0,NT,FI,0.0,0,-21.95,-4.86,[],0,0,[],[]
44019290,44020800,NA,OLN,0.0,1381,pause,NA,NA,NA,NA,0.0,0,-20.53,-11.82,[],0,0,[],[]
44020800,44021690,CHI,CHN,0.0,1381,pause,NA,NA,NA,NA,0.0,0,-16.15,-9.51,[],0,890,"[{'start': 44020.8, 'end': 44021.69}]",[]
44021690,44023000,NA,OLN,0.0,1381,pause,NA,NA,NA,NA,0.0,0,-18.26,-9.27,[],0,0,[],[]
44023000,44024190,NA,NOF,0.0,1381,pause,NA,NA,NA,NA,0.0,0,-27.05,-17.56,[],0,0,[],[]
44024190,44025130,NA,OLN,0.0,1381,pause,NA,NA,NA,NA,0.0,0,-27.42,-15.46,[],0,0,[],[]
44025130,44027360,NA,NON,0.0,1381,pause,NA,NA,NA,NA,0.0,0,-19.92,-5.92,[],0,0,[],[]
44027360,44028230,NA,OLF,0.0,1381,pause,NA,NA,NA,NA,0.0,0,-28.79,-15.89,[],0,0,[],[]
44028230,44032230,NA,NOF,0.0,1381,pause,NA,NA,NA,NA,0.0,0,-17.74,-2.91,[],0,0,[],[]
44032230,44033620,NA,OLF,0.0,1381,pause,NA,NA,NA,NA,0.0,0,-29.82,-14.05,[],0,0,[],[]
44033620,44035410,NA,NOF,0.0,1381,pause,NA,NA,NA,NA,0.0,0,-10.73,-3.2,[],0,0,[],[]
44035410,44038110,NA,OLN,0.0,1381,pause,NA,NA,NA,NA,0.0,0,-15.26,-1.97,[],0,0,[],[]
44038110,44040250,NA,NOF,0.0,1381,pause,NA,NA,NA,NA,0.0,0,-13.74,-2.45,[],0,0,[],[]
44040250,44043370,NA,OLN,0.0,1381,pause,NA,NA,NA,NA,0.0,0,-32.61,-19.49,[],0,0,[],[]
44043370,44044300,NA,NOF,0.0,1381,pause,NA,NA,NA,NA,0.0,0,-15.94,-5.72,[],0,0,[],[]
44044300,44047510,NA,OLN,0.0,1381,pause,NA,NA,NA,NA,0.0,0,-22.57,-10.31,[],0,0,[],[]
44047510,44049600,NA,NOF,0.0,1381,pause,NA,NA,NA,NA,0.0,0,-23.97,-5.2,[],0,0,[],[]
44049600,44050200,CHI,CHN,0.0,1381,CM,EC,0,NT,FI,1.0,410,-23.93,-16.81,"[{'Canonical-syllable': '0', 'Growl': '0', 'High-freq-energy': '0', 'Long-island': '0', 'Low-tilt-spectrum': '0', 'Medium-island': '1', 'Short-island': '0', 'Squeal': '0', 'Typical-entropy': '1', 'Voicing-quality': '1', 'Wide-band': '0', 'Xlong-island': '0', 'seq': '1', 'end': 44050.01, 'start': 44049.6}]",0,0,[],[]
44050200,44054380,NA,NOF,0.0,1382,pause,NA,NA,NA,NA,0.0,0,-25.29,-6.57,[],0,0,[],[]
44054380,44055920,NA,OLN,0.0,1382,pause,NA,NA,NA,NA,0.0,0,-20.59,-6.45,[],0,0,[],[]
44055920,44057810,NA,NOF,0.0,1382,pause,NA,NA,NA,NA,0.0,0,-21.74,-8.88,[],0,0,[],[]
44057810,44058660,NA,OLF,0.0,1382,pause,NA,NA,NA,NA,0.0,0,-17.75,-11.51,[],0,0,[],[]
44058660,44059510,NA,NOF,0.0,1382,pause,NA,NA,NA,NA,0.0,0,-13.5,-4.04,[],0,0,[],[]
44059510,44060520,NA,OLF,0.0,1382,pause,NA,NA,NA,NA,0.0,0,-20.14,-8.41,[],0,0,[],[]
44060520,44061320,NA,NOF,0.0,1382,pause,NA,NA,NA,NA,0.0,0,-12.31,-3.67,[],0,0,[],[]
44061320,44063240,NA,OLF,0.0,1382,pause,NA,NA,NA,NA,0.0,0,-16.88,-5.09,[],0,0,[],[]
44063240,44064280,NA,NON,0.0,1382,pause,NA,NA,NA,NA,0.0,0,-21.06,-13.22,[],0,0,[],[]
44064280,44065820,NA,OLN,0.0,1382,pause,NA,NA,NA,NA,0.0,0,-21.3,-12.26,[],0,0,[],[]
44065820,44066820,FEM,FAN,3.68,1382,AICF,BC,0,TIFI,FI,0.0,0,-21.4,-15.03,[],0,0,[],[]
44066820,44067720,NA,OLF,0.0,1382,AICF,NA,NA,NA,NA,0.0,0,-26.78,-20.43,[],0,0,[],[]
44067720,44068680,NA,NON,0.0,1382,AICF,NA,NA,NA,NA,0.0,0,-41.04,-30.4,[],0,0,[],[]
44068680,44070880,NA,OLN,0.0,1382,AICF,NA,NA,NA,NA,0.0,0,-22.12,-11.32,[],0,0,[],[]
44070880,44071510,CHI,CHN,0.0,1382,AICF,EC,1,TIFR,FI,1.0,630,-15.3,-9.45,"[{'Canonical-syllable': '0', 'Growl': '0', 'High-freq-energy': '0', 'Long-island': '0', 'Low-tilt-spectrum': '0', 'Medium-island': '1', 'Short-island': '0', 'Squeal': '0', 'Typical-entropy': '0', 'Voicing-quality': '1', 'Wide-band': '0', 'Xlong-island': '0', 'seq': '1', 'end': 44071.51, 'start': 44070.99}]",0,0,[],[]
44071510,44075240,NA,OLN,0.0,1383,pause,NA,NA,NA,NA,0.0,0,-17.54,-6.83,[],0,0,[],[]
44075240,44076240,CHI,CHN,0.0,1383,pause,NA,NA,NA,NA,0.0,0,-16.84,-9.19,[],0,510,"[{'start': 44075.73, 'end': 44076.24}]",[]
44076240,44077040,NA,OLN,0.0,1383,pause,NA,NA,NA,NA,0.0,0,-16.7,-9.53,[],0,0,[],[]
44077040,44078000,NA,NOF,0.0,1383,pause,NA,NA,NA,NA,0.0,0,-14.37,-3.86,[],0,0,[],[]
44078000,44078910,NA,OLN,0.0,1383,pause,NA,NA,NA,NA,0.0,0,-12.71,-2.51,[],0,0,[],[]
44078910,44079720,NA,OLF,0.0,1383,pause,NA,NA,NA,NA,0.0,0,-14.39,-5.29,[],0,0,[],[]
44079720,44080710,NA,OLN,0.0,1383,pause,NA,NA,NA,NA,0.0,0,-12.26,-3.51,[],0,0,[],[]
44080710,44081710,NA,NOF,0.0,1383,pause,NA,NA,NA,NA,0.0,0,-13.82,-3.49,[],0,0,[],[]
44081710,44083340,NA,OLF,0.0,1383,pause,NA,NA,NA,NA,0.0,0,-10.4,-2.5,[],0,0,[],[]
44083340,44086310,NA,OLN,0.0,1383,pause,NA,NA,NA,NA,0.0,0,-18.2,-1.69,[],0,0,[],[]
44086310,44087490,FEM,FAN,3.03,1383,AIOCF,BC,0,NT,FI,0.0,0,-31.11,-23.99,[],0,0,[],[]
44087490,44088090,MAL,MAN,2.61,1383,AIOCF,RC,0,NT,FI,0.0,0,-31.83,-22.89,[],0,0,[],[]
44088090,44089360,OCH,CXN,0.0,1383,AIOCF,EC,0,NT,FI,0.0,0,-28.79,-23.02,[],0,0,[],[]
44089360,44090160,NA,NON,0.0,1384,pause,NA,NA,NA,NA,0.0,0,-41.07,-32.3,[],0,0,[],[]
44090160,44091160,MAL,MAN,0.0,1384,pause,NA,NA,NA,NA,0.0,0,-34.56,-29.09,[],1000,0,[],[]
44091160,44092270,NA,SIL,0.0,1384,pause,NA,NA,NA,NA,0.0,0,-49.64,-35.13,[],0,0,[],[]
44092270,44094510,NA,OLN,0.0,1384,pause,NA,NA,NA,NA,0.0,0,-21.78,-8.36,[],0,0,[],[]
44094510,44095490,CHI,CHN,0.0,1384,CIC,BC,0,TIMI,FI,1.0,980,-16.12,-11.48,"[{'Canonical-syllable': '0', 'Growl': '1', 'High-freq-energy': '0', 'Long-island': '0', 'Low-tilt-spectrum': '0', 'Medium-island': '1', 'Short-island': '1', 'Squeal': '0', 'Typical-entropy': '2', 'Voicing-quality': '2', 'Wide-band': '1', 'Xlong-island': '0', 'seq': '1', 'end': 44095.49, 'start': 44094.51}]",0,0,[],[]
44095490,44096290,NA,OLN,0.0,1384,CIC,NA,NA,NA,NA,0.0,0,-22.43,-15.71,[],0,0,[],[]
44096290,44097290,MAL,MAN,0.16,1384,CIC,RC,1,TIMR,FI,0.0,0,-32.22,-26.25,[],0,0,[],[]
44097290,44100480,NA,OLN,0.0,1384,CIC,NA,NA,NA,NA,0.0,0,-16.17,-5.43,[],0,0,[],[]
44100480,44103090,CHI,CHN,0.0,1384,CIC,RC,1,TIME,FI,2.0,1550,-17.71,-4.92,"[{'Canonical-syllable': '1', 'Growl': '0', 'High-freq-energy': '0', 'Long-island': '0', 'Low-tilt-spectrum': '0', 'Medium-island': '2', 'Short-island': '0', 'Squeal': '0', 'Typical-entropy': '1', 'Voicing-quality': '3', 'Wide-band': '1', 'Xlong-island': '0', 'seq': '1', 'end': 44101.76, 'start': 44100.48}, {'Canonical-syllable': '0', 'Growl': '0', 'High-freq-energy': '0', 'Long-island': '0', 'Low-tilt-spectrum': '0', 'Medium-island': '1', 'Short-island': '0', 'Squeal': '0', 'Typical-entropy': '0', 'Voicing-quality': '1', 'Wide-band': '1', 'Xlong-island': '0', 'seq': '2', 'end': 44102.99, 'start': 44102.72}]",0,0,[],[]
44103090,44105140,NA,NOF,0.0,1384,CIC,NA,NA,NA,NA,0.0,0,-12.8,-2.56,[],0,0,[],[]
44105140,44105800,CHI,CHN,0.0,1384,CIC,EC,1,NT,FH,1.0,510,-11.72,-5.32,"[{'Canonical-syllable': '0', 'Growl': '1', 'High-freq-energy': '1', 'Long-island': '0', 'Low-tilt-spectrum': '1', 'Medium-island': '1', 'Short-island': '0', 'Squeal': '0', 'Typical-entropy': '1', 'Voicing-quality': '1', 'Wide-band': '0', 'Xlong-island': '0', 'seq': '1', 'end': 44105.65, 'start': 44105.14}]",0,0,[],[]
44105800,44106620,NA,NOF,0.0,1385,pause,NA,NA,NA,NA,0.0,0,-35.07,-22.19,[],0,0,[],[]
44106620,44107940,NA,OLN,0.0,1385,pause,NA,NA,NA,NA,0.0,0,-9.58,-2.26,[],0,0,[],[]
44107940,44109530,NA,NOF,0.0,1385,pause,NA,NA,NA,NA,0.0,0,-14.21,-2.74,[],0,0,[],[]
44109530,44111580,NA,OLN,0.0,1385,pause,NA,NA,NA,NA,0.0,0,-16.8,-0.05,[],0,0,[],[]
44111580,44113610,FEM,FAN,4.13,1385,AICF,BC,0,TIFI,FI,0.0,0,-22.64,-11.38,[],0,0,[],[]
44113610,44114350,CHI,CHN,0.0,1385,AICF,EC,1,TIFR,FI,1.0,740,-12.98,-6.93,"[{'Canonical-syllable': '0', 'Growl': '0', 'High-freq-energy': '0', 'Long-island': '1', 'Low-tilt-spectrum': '0', 'Medium-island': '0', 'Short-island': '0', 'Squeal': '0', 'Typical-entropy': '0', 'Voicing-quality': '1', 'Wide-band': '0', 'Xlong-island': '0', 'seq': '1', 'end': 44114.35, 'start': 44113.61}]",0,0,[],[]
44114350,44116880,NA,OLN,0.0,1386,pause,NA,NA,NA,NA,0.0,0,-22.87,-7.26,[],0,0,[],[]
44116880,44117970,NA,NOF,0.0,1386,pause,NA,NA,NA,NA,0.0,0,-38.24,-26.04,[],0,0,[],[]
44117970,44119520,NA,OLN,0.0,1386,pause,NA,NA,NA,NA,0.0,0,-20.36,-5.69,[],0,0,[],[]
44119520,44120320,NA,NON,0.0,1386,pause,NA,NA,NA,NA,0.0,0,-13.51,-2.92,[],0,0,[],[]
44120320,44121930,CHI,CHN,0.0,1386,pause,NA,NA,NA,NA,0.0,0,-11.45,-3.2,[],0,910,"[{'start': 44120.32, 'end': 44120.52}, {'start': 44120.75, 'end': 44121.46}]",[]
44121930,44123000,NA,SIL,0.0,1386,pause,NA,NA,NA,NA,0.0,0,-36.46,-32.7,[],0,0,[],[]
44123000,44127350,CHI,CHN,0.0,1386,pause,NA,NA,NA,NA,0.0,0,-12.67,-3.04,[],0,4059,"[{'start': 44123.29, 'end': 44127.35}]",[]
44127350,44128150,NA,SIL,0.0,1386,pause,NA,NA,NA,NA,0.0,0,-32.23,-31.33,[],0,0,[],[]
44128150,44128950,NA,NON,0.0,1386,pause,NA,NA,NA,NA,0.0,0,-31.13,-24.0,[],0,0,[],[]
44128950,44136100,CHI,CHN,0.0,1386,pause,NA,NA,NA,NA,0.0,0,-13.06,-2.8,[],0,6570,"[{'start': 44128.95, 'end': 44129.78}, {'start': 44130.02, 'end': 44134.07}, {'start': 44134.41, 'end': 44136.1}]",[]
44136100,44137020,NA,OLF,0.0,1386,pause,NA,NA,NA,NA,0.0,0,-30.16,-13.52,[],0,0,[],[]
44137020,44137620,CHI,CHN,0.0,1386,pause,NA,NA,NA,NA,0.0,0,-19.17,-7.02,[],0,150,"[{'start': 44137.02, 'end': 44137.17}]",[]
44137620,44141180,NA,NOF,0.0,1386,pause,NA,NA,NA,NA,0.0,0,-34.77,-20.71,[],0,0,[],[]
44141180,44141990,NA,OLF,0.0,1386,pause,NA,NA,NA,NA,0.0,0,-29.86,-13.44,[],0,0,[],[]
44141990,44143410,NA,NOF,0.0,1386,pause,NA,NA,NA,NA,0.0,0,-39.29,-27.56,[],0,0,[],[]
44143410,44144410,MAL,MAN,6.14,1386,AICM,BC,0,TIMI,FI,0.0,0,-37.35,-30.11,[],0,0,[],[]
44144410,44147010,NA,NOF,0.0,1386,AICM,NA,NA,NA,NA,0.0,0,-18.99,-2.51,[],0,0,[],[]
44147010,44148730,CHI,CHN,0.0,1386,AICM,RC,1,TIMR,FI,1.0,1470,-14.69,-2.02,"[{'Canonical-syllable': '2', 'Growl': '3', 'High-freq-energy': '0', 'Long-island': '0', 'Low-tilt-spectrum': '2', 'Medium-island': '1', 'Short-island': '4', 'Squeal': '0', 'Typical-entropy': '4', 'Voicing-quality': '5', 'Wide-band': '1', 'Xlong-island': '0', 'seq': '1', 'end': 44148.48, 'start': 44147.01}]",0,0,[],[]
44148730,44149730,MAL,MAN,7.59,1386,AICM,EC,1,TIME,FI,0.0,0,-34.32,-25.85,[],0,0,[],[]
44149730,44151870,NA,NOF,0.0,1387,pause,NA,NA,NA,NA,0.0,0,-41.36,-33.19,[],0,0,[],[]
44151870,44152870,NA,MAF,0.0,1387,pause,NA,NA,NA,NA,0.0,0,-36.28,-29.73,[],0,0,[],[]
44152870,44156530,NA,NOF,0.0,1387,pause,NA,NA,NA,NA,0.0,0,-38.77,-21.33,[],0,0,[],[]
44156530,44157210,CHI,CHN,0.0,1387,CIOCX,BC,0,NT,FI,1.0,590,-16.07,-10.11,"[{'Canonical-syllable': '1', 'Growl': '0', 'High-freq-energy': '0', 'Long-island': '0', 'Low-tilt-spectrum': '1', 'Medium-island': '1', 'Short-island': '0', 'Squeal': '0', 'Typical-entropy': '1', 'Voicing-quality': '1', 'Wide-band': '0', 'Xlong-island': '0', 'seq': '1', 'end': 44157.12, 'start': 44156.53}]",0,0,[],[]
44157210,44159090,NA,NOF,0.0,1387,CIOCX,NA,NA,NA,NA,0.0,0,-36.33,-24.68,[],0,0,[],[]
44159090,44159740,CHI,CHN,0.0,1387,CIOCX,RC,0,NT,FH,1.0,650,-17.36,-10.34,"[{'Canonical-syllable': '0', 'Growl': '0', 'High-freq-energy': '0', 'Long-island': '0', 'Low-tilt-spectrum': '0', 'Medium-island': '1', 'Short-island': '0', 'Squeal': '0', 'Typical-entropy': '1', 'Voicing-quality': '1', 'Wide-band': '0', 'Xlong-island': '0', 'seq': '1', 'end': 44159.74, 'start': 44159.32}]",0,0,[],[]
44159740,44161000,NA,NOF,0.0,1387,CIOCX,NA,NA,NA,NA,0.0,0,-20.61,-4.79,[],0,0,[],[]
44161000,44165070,CHI,CHN,0.0,1387,CIOCX,RC,0,NT,FH,3.0,2850,-14.64,-2.8,"[{'Canonical-syllable': '0', 'Growl': '0', 'High-freq-energy': '0', 'Long-island': '0', 'Low-tilt-spectrum': '0', 'Medium-island': '0', 'Short-island': '1', 'Squeal': '0', 'Typical-entropy': '2', 'Voicing-quality': '2', 'Wide-band': '0', 'Xlong-island': '1', 'seq': '1', 'end': 44162.37, 'start': 44161.0}, {'Canonical-syllable': '0', 'Growl': '1', 'High-freq-energy': '0', 'Long-island': '0', 'Low-tilt-spectrum': '1', 'Medium-island': '0', 'Short-island': '0', 'Squeal': '0', 'Typical-entropy': '1', 'Voicing-quality': '1', 'Wide-band': '1', 'Xlong-island': '0', 'seq': '2', 'end': 44163.16, 'start': 44163.06}, {'Canonical-syllable': '0', 'Growl': '1', 'High-freq-energy': '0', 'Long-island': '0', 'Low-tilt-spectrum': '2', 'Medium-island': '2', 'Short-island': '1', 'Squeal': '1', 'Typical-entropy': '3', 'Voicing-quality': '3', 'Wide-band': '0', 'Xlong-island': '0', 'seq': '3', 'end': 44165.07, 'start': 44163.69}]",0,0,[],[]
44165070,44165870,OCH,CXN,0.0,1387,CIOCX,RC,0,NT,FI,0.0,0,-31.61,-22.8,[],0,0,[],[]
44165870,44166890,NA,NOF,0.0,1387,CIOCX,NA,NA,NA,NA,0.0,0,-17.08,-4.01,[],0,0,[],[]
44166890,44168830,CHI,CHN,0.0,1387,CIOCX,NA,NA,NA,NA,0.0,0,-14.45,-5.18,[],0,1940,"[{'start': 44166.89, 'end': 44168.83}]",[]
44168830,44169800,NA,NOF,0.0,1387,CIOCX,NA,NA,NA,NA,0.0,0,-5.39,-2.54,[],0,0,[],[]
44169800,44170400,CHI,CHN,0.0,1387,CIOCX,EC,0,NT,FI,1.0,600,-14.11,-4.17,"[{'Canonical-syllable': '1', 'Growl': '0', 'High-freq-energy': '0', 'Long-island': '0', 'Low-tilt-spectrum': '0', 'Medium-island': '1', 'Short-island': '0', 'Squeal': '0', 'Typical-entropy': '1', 'Voicing-quality': '1', 'Wide-band': '0', 'Xlong-island': '0', 'seq': '1', 'end': 44170.4, 'start': 44169.93}]",0,0,[],[]
44170400,44172160,NA,SIL,0.0,1388,pause,NA,NA,NA,NA,0.0,0,-40.91,-27.13,[],0,0,[],[]
44172160,44174360,CHI,CHN,0.0,1388,pause,NA,NA,NA,NA,0.0,0,-14.91,-2.75,[],0,1910,"[{'start': 44172.16, 'end': 44174.07}]",[]
44174360,44175590,NA,NOF,0.0,1388,pause,NA,NA,NA,NA,0.0,0,-41.11,-31.68,[],0,0,[],[]
44175590,44179970,CHI,CHN,0.0,1388,pause,NA,NA,NA,NA,0.0,0,-14.05,-4.02,[],0,4380,"[{'start': 44175.59, 'end': 44179.97}]",[]
44179970,44180770,NA,SIL,0.0,1388,pause,NA,NA,NA,NA,0.0,0,-30.39,-15.76,[],0,0,[],[]
44180770,44181480,CHI,CHN,0.0,1388,pause,NA,NA,NA,NA,0.0,0,-19.19,-10.64,[],0,360,"[{'start': 44180.77, 'end': 44181.13}]",[]
44181480,44183380,NA,SIL,0.0,1388,pause,NA,NA,NA,NA,0.0,0,-49.19,-33.38,[],0,0,[],[]
44183380,44184520,CHI,CHN,0.0,1388,pause,NA,NA,NA,NA,0.0,0,-14.14,-8.14,[],0,880,"[{'start': 44183.55, 'end': 44184.43}]",[]
44184520,44185350,NA,NOF,0.0,1388,pause,NA,NA,NA,NA,0.0,0,-22.33,-9.15,[],0,0,[],[]
44185350,44186010,CHI,CHN,0.0,1388,pause,NA,NA,NA,NA,0.0,0,-16.84,-9.36,[],0,660,"[{'start': 44185.35, 'end': 44185.82}]","[{'start': 44185.82, 'end': 44186.01}]"
44186010,44186930,NA,NOF,0.0,1388,pause,NA,NA,NA,NA,0.0,0,-21.45,-12.1,[],0,0,[],[]
44186930,44187750,NA,SIL,0.0,1388,pause,NA,NA,NA,NA,0.0,0,-52.65,-41.4,[],0,0,[],[]
44187750,44188550,NA,OLN,0.0,1388,pause,NA,NA,NA,NA,0.0,0,-13.7,-3.78,[],0,0,[],[]
44188550,44189150,CHI,CHN,0.0,1388,pause,NA,NA,NA,NA,0.0,0,-17.01,-8.92,[],0,330,"[{'start': 44188.55, 'end': 44188.88}]",[]
44189150,44190430,NA,NOF,0.0,1388,pause,NA,NA,NA,NA,0.0,0,-38.22,-20.96,[],0,0,[],[]
44190430,44191030,CHI,CHN,0.0,1388,pause,NA,NA,NA,NA,0.0,0,-21.93,-11.57,[],0,160,[],"[{'start': 44190.52, 'end': 44190.68}]"
44191030,44191840,NA,NOF,0.0,1388,pause,NA,NA,NA,NA,0.0,0,-37.88,-25.67,[],0,0,[],[]
44191840,44192440,CHI,CHN,0.0,1388,pause,NA,NA,NA,NA,0.0,0,-22.77,-10.13,[],0,220,[],"[{'start': 44192.22, 'end': 44192.44}]"
44192440,44193280,NA,NOF,0.0,1388,pause,NA,NA,NA,NA,0.0,0,-25.87,-10.82,[],0,0,[],[]
44193280,44194280,NA,OLN,0.0,1388,pause,NA,NA,NA,NA,0.0,0,-31.12,-19.15,[],0,0,[],[]
44194280,44195080,NA,NON,0.0,1388,pause,NA,NA,NA,NA,0.0,0,-35.55,-26.36,[],0,0,[],[]
44195080,44195880,NA,OLN,0.0,1388,pause,NA,NA,NA,NA,0.0,0,-26.82,-14.47,[],0,0,[],[]
44195880,44196680,NA,NOF,0.0,1388,pause,NA,NA,NA,NA,0.0,0,-41.75,-35.71,[],0,0,[],[]
44196680,44197780,MAL,MAN,0.0,1388,pause,NA,NA,NA,NA,0.0,0,-32.51,-22.53,[],1100,0,[],[]
44197780,44198380,NA,OLN,0.0,1388,pause,NA,NA,NA,NA,0.0,0,-20.74,-7.77,[],0,0,[],[]
44198380,44199560,NA,NOF,0.0,1388,pause,NA,NA,NA,NA,0.0,0,-26.7,-9.36,[],0,0,[],[]
44199560,44200790,NA,OLN,0.0,1388,pause,NA,NA,NA,NA,0.0,0,-27.1,-13.63,[],0,0,[],[]
44200790,44201760,NA,NON,0.0,1388,pause,NA,NA,NA,NA,0.0,0,-15.24,-4.46,[],0,0,[],[]
44201760,44202550,CHI,CHN,0.0,1388,pause,NA,NA,NA,NA,0.0,0,-15.29,-7.15,[],0,790,[],"[{'start': 44201.76, 'end': 44202.55}]"
44202550,44203550,MAL,MAN,2.64,1388,AICM,BC,0,NT,FI,0.0,0,-32.65,-26.16,[],0,0,[],[]
44203550,44204350,NA,NOF,0.0,1388,AICM,NA,NA,NA,NA,0.0,0,-40.79,-29.61,[],0,0,[],[]
44204350,44204950,CHI,CHN,0.0,1388,AICM,NA,NA,NA,NA,0.0,0,-21.14,-11.05,[],0,220,[],"[{'start': 44204.73, 'end': 44204.95}]"
44204950,44205950,MAL,MAN,0.91,1388,AICM,RC,0,NT,FH,0.0,0,-33.02,-26.43,[],0,0,[],[]
44205950,44206960,NA,NOF,0.0,1388,AICM,NA,NA,NA,NA,0.0,0,-33.37,-19.49,[],0,0,[],[]
44206960,44207970,MAL,MAN,2.6,1388,AICM,RC,0,NT,FH,0.0,0,-30.19,-22.89,[],0,0,[],[]
44207970,44209710,NA,OLF,0.0,1388,AICM,NA,NA,NA,NA,0.0,0,-34.2,-26.11,[],0,0,[],[]
44209710,44210950,NA,MAF,0.0,1388,AICM,NA,NA,NA,NA,0.0,0,-34.33,-25.34,[],0,0,[],[]
44210950,44211990,NA,NOF,0.0,1388,AICM,NA,NA,NA,NA,0.0,0,-40.87,-34.03,[],0,0,[],[]
44211990,44213390,FEM,FAN,4.75,1388,AICM,RC,0,NT,FI,0.0,0,-20.91,-14.71,[],0,0,[],[]
44213390,44213990,NA,NOF,0.0,1388,AICM,NA,NA,NA,NA,0.0,0,-40.54,-30.24,[],0,0,[],[]
44213990,44215620,FEM,FAN,5.19,1388,AICM,RC,0,TIFI,FH,0.0,0,-25.78,-17.41,[],0,0,[],[]
44215620,44217370,NA,NOF,0.0,1388,AICM,NA,NA,NA,NA,0.0,0,-48.2,-40.54,[],0,0,[],[]
44217370,44218010,CHI,CHN,0.0,1388,AICM,RC,1,TIFR,FI,1.0,640,-18.03,-12.38,"[{'Canonical-syllable': '0', 'Growl': '0', 'High-freq-energy': '0', 'Long-island': '0', 'Low-tilt-spectrum': '0', 'Medium-island': '1', 'Short-island': '0', 'Squeal': '0', 'Typical-entropy': '0', 'Voicing-quality': '1', 'Wide-band': '0', 'Xlong-island': '0', 'seq': '1', 'end': 44218.01, 'start': 44217.37}]",0,0,[],[]
44218010,44218850,CHI,CHN,0.0,1388,AICM,RC,1,NT,FH,1.0,840,-20.0,-17.59,"[{'Canonical-syllable': '0', 'Growl': '0', 'High-freq-energy': '0', 'Long-island': '1', 'Low-tilt-spectrum': '0', 'Medium-island': '0', 'Short-island': '0', 'Squeal': '0', 'Typical-entropy': '0', 'Voicing-quality': '1', 'Wide-band': '0', 'Xlong-island': '0', 'seq': '1', 'end': 44218.85, 'start': 44218.01}]",0,0,[],[]
44218850,44219450,CHI,CHN,0.0,1388,AICM,NA,NA,NA,NA,0.0,0,-18.62,-16.47,[],0,600,"[{'start': 44218.85, 'end': 44219.45}]",[]
44219450,44221480,CHI,CHN,0.0,1388,AICM,EC,1,NT,FH,1.0,1930,-18.39,-11.73,"[{'Canonical-syllable': '2', 'Growl': '0', 'High-freq-energy': '0', 'Long-island': '1', 'Low-tilt-spectrum': '0', 'Medium-island': '0', 'Short-island': '3', 'Squeal': '0', 'Typical-entropy': '0', 'Voicing-quality': '5', 'Wide-band': '0', 'Xlong-island': '0', 'seq': '1', 'end': 44221.38, 'start': 44219.45}]",0,0,[],[]
44221480,44225970,NA,NOF,0.0,1389,pause,NA,NA,NA,NA,0.0,0,-36.55,-19.73,[],0,0,[],[]
44225970,44226570,CHI,CHN,0.0,1389,pause,NA,NA,NA,NA,0.0,0,-19.46,-8.44,[],0,210,"[{'start': 44225.97, 'end': 44226.18}]",[]
44226570,44227620,NA,NOF,0.0,1389,pause,NA,NA,NA,NA,0.0,0,-34.28,-17.58,[],0,0,[],[]
44227620,44228420,NA,OLN,0.0,1389,pause,NA,NA,NA,NA,0.0,0,-18.28,-10.41,[],0,0,[],[]
44228420,44229230,NA,NOF,0.0,1389,pause,NA,NA,NA,NA,0.0,0,-36.85,-28.24,[],0,0,[],[]
44229230,44230120,NA,OLN,0.0,1389,pause,NA,NA,NA,NA,0.0,0,-27.21,-15.88,[],0,0,[],[]
44230120,44235410,NA,NOF,0.0,1389,pause,NA,NA,NA,NA,0.0,0,-34.93,-16.74,[],0,0,[],[]
44235410,44236270,NA,OLF,0.0,1389,pause,NA,NA,NA,NA,0.0,0,-22.43,-9.06,[],0,0,[],[]
44236270,44237250,NA,NOF,0.0,1389,pause,NA,NA,NA,NA,0.0,0,-19.06,-3.53,[],0,0,[],[]
44237250,44238730,NA,TVF,0.0,1389,pause,NA,NA,NA,NA,0.0,0,-43.64,-36.12,[],0,0,[],[]
44238730,44240600,NA,SIL,0.0,1389,pause,NA,NA,NA,NA,0.0,0,-53.04,-40.93,[],0,0,[],[]
44240600,44241200,FEM,FAN,3.42,1389,AICF,BC,0,NT,FI,0.0,0,-30.97,-22.73,[],0,0,[],[]
44241200,44242420,NA,SIL,0.0,1389,AICF,NA,NA,NA,NA,0.0,0,-53.25,-46.36,[],0,0,[],[]
44242420,44243820,OCH,CXN,0.0,1389,AICF,RC,0,NT,FI,0.0,0,-28.07,-21.61,[],0,0,[],[]
44243820,44244960,MAL,MAN,0.0,1389,AICF,NA,NA,NA,NA,0.0,0,-40.4,-33.31,[],1140,0,[],[]
44244960,44245850,NA,SIL,0.0,1389,AICF,NA,NA,NA,NA,0.0,0,-54.19,-49.53,[],0,0,[],[]
44245850,44246870,FEM,FAN,2.89,1389,AICF,RC,0,NT,FI,0.0,0,-31.99,-23.96,[],0,0,[],[]
44246870,44247870,MAL,MAN,7.03,1389,AICF,RC,0,NT,FI,0.0,0,-37.52,-30.45,[],0,0,[],[]
44247870,44248880,OCH,CXN,0.0,1389,AICF,RC,0,NT,FI,0.0,0,-27.35,-19.18,[],0,0,[],[]
44248880,44250340,NA,MAF,0.0,1389,AICF,NA,NA,NA,NA,0.0,0,-33.37,-21.9,[],0,0,[],[]
44250340,44251910,CHI,CHN,0.0,1389,AICF,RC,0,TIFI,FI,1.0,1570,-24.52,-19.08,"[{'Canonical-syllable': '0', 'Growl': '0', 'High-freq-energy': '0', 'Long-island': '0', 'Low-tilt-spectrum': '0', 'Medium-island': '0', 'Short-island': '0', 'Squeal': '0', 'Typical-entropy': '0', 'Voicing-quality': '1', 'Wide-band': '0', 'Xlong-island': '1', 'seq': '1', 'end': 44251.91, 'start': 44250.34}]",0,0,[],[]
44251910,44252730,NA,NOF,0.0,1389,AICF,NA,NA,NA,NA,0.0,0,-26.15,-10.3,[],0,0,[],[]
44252730,44253730,MAL,MAN,0.0,1389,AICF,NA,NA,NA,NA,0.0,0,-34.28,-26.29,[],1000,0,[],[]
44253730,44256500,NA,SIL,0.0,1389,AICF,NA,NA,NA,NA,0.0,0,-44.68,-27.69,[],0,0,[],[]
44256500,44257320,FEM,FAN,2.15,1389,AICF,RC,1,TIFR,FI,0.0,0,-29.01,-18.7,[],0,0,[],[]
44257320,44260760,NA,SIL,0.0,1389,AICF,NA,NA,NA,NA,0.0,0,-48.48,-31.47,[],0,0,[],[]
44260760,44261560,FEM,FAN,3.11,1389,AICF,RC,1,NT,FH,0.0,0,-24.75,-17.82,[],0,0,[],[]
44261560,44262560,NA,TVF,0.0,1389,AICF,NA,NA,NA,NA,0.0,0,-45.47,-34.66,[],0,0,[],[]
44262560,44263820,MAL,MAN,5.6,1389,AICF,RC,1,NT,FI,0.0,0,-34.45,-25.71,[],0,0,[],[]
44263820,44265000,NA,SIL,0.0,1389,AICF,NA,NA,NA,NA,0.0,0,-53.6,-46.96,[],0,0,[],[]
44265000,44266250,MAL,MAN,6.32,1389,AICF,RC,1,NT,FH,0.0,0,-37.05,-27.71,[],0,0,[],[]
44266250,44267400,NA,TVN,0.0,1389,AICF,NA,NA,NA,NA,0.0,0,-37.89,-29.09,[],0,0,[],[]
44267400,44268200,NA,SIL,0.0,1389,AICF,NA,NA,NA,NA,0.0,0,-50.57,-43.98,[],0,0,[],[]
44268200,44269200,MAL,MAN,5.84,1389,AICF,RC,1,NT,FH,0.0,0,-37.66,-30.32,[],0,0,[],[]
44269200,44270690,NA,SIL,0.0,1389,AICF,NA,NA,NA,NA,0.0,0,-50.41,-38.14,[],0,0,[],[]
44270690,44271730,OCH,CXN,0.0,1389,AICF,RC,1,NT,FI,0.0,0,-25.94,-16.88,[],0,0,[],[]
44271730,44272770,OCH,CXN,0.0,1389,AICF,RC,1,NT,FH,0.0,0,-30.32,-20.3,[],0,0,[],[]
44272770,44273800,FEM,FAN,2.12,1389,AICF,RC,1,NT,FI,0.0,0,-29.97,-19.68,[],0,0,[],[]
44273800,44275040,NA,TVN,0.0,1389,AICF,NA,NA,NA,NA,0.0,0,-42.1,-35.47,[],0,0,[],[]
44275040,44275880,NA,SIL,0.0,1389,AICF,NA,NA,NA,NA,0.0,0,-53.68,-48.63,[],0,0,[],[]
44275880,44277400,FEM,FAN,0.7,1389,AICF,RC,1,NT,FH,0.0,0,-34.36,-27.04,[],0,0,[],[]
44277400,44278310,NA,SIL,0.0,1389,AICF,NA,NA,NA,NA,0.0,0,-34.46,-19.16,[],0,0,[],[]
44278310,44280020,NA,TVF,0.0,1389,AICF,NA,NA,NA,NA,0.0,0,-45.06,-34.67,[],0,0,[],[]
44280020,44281480,MAL,MAN,3.85,1389,AICF,RC,1,NT,FI,0.0,0,-28.68,-13.4,[],0,0,[],[]
44281480,44284450,NA,SIL,0.0,1389,AICF,NA,NA,NA,NA,0.0,0,-34.36,-11.85,[],0,0,[],[]
44284450,44285200,FEM,FAN,1.62,1389,AICF,RC,1,NT,FI,0.0,0,-27.47,-20.78,[],0,0,[],[]
44285200,44286000,OCH,CXN,0.0,1389,AICF,RC,1,NT,FI,0.0,0,-30.1,-24.05,[],0,0,[],[]
44286000,44287070,MAL,MAN,3.29,1389,AICF,EC,1,NT,FI,0.0,0,-36.84,-30.19,[],0,0,[],[]
44287070,44288650,NA,SIL,0.0,1390,pause,NA,NA,NA,NA,0.0,0,-50.85,-41.07,[],0,0,[],[]
44288650,44289250,FEM,FAN,0.0,1390,pause,NA,NA,NA,NA,0.0,0,-41.28,-35.72,[],600,0,[],[]
44289250,44290070,NA,SIL,0.0,1390,pause,NA,NA,NA,NA,0.0,0,-40.45,-32.25,[],0,0,[],[]
44290070,44292120,NA,MAF,0.0,1390,pause,NA,NA,NA,NA,0.0,0,-36.64,-25.52,[],0,0,[],[]
44292120,44293370,NA,SIL,0.0,1390,pause,NA,NA,NA,NA,0.0,0,-47.71,-36.0,[],0,0,[],[]
44293370,44295900,OCH,CXN,0.0,1390,XIOCA,BC,0,NT,FI,0.0,0,-37.37,-27.82,[],0,0,[],[]
44295900,44296830,NA,OLF,0.0,1390,XIOCA,NA,NA,NA,NA,0.0,0,-35.5,-27.12,[],0,0,[],[]
44296830,44297840,NA,TVN,0.0,1390,XIOCA,NA,NA,NA,NA,0.0,0,-36.01,-29.78,[],0,0,[],[]
44297840,44299760,NA,SIL,0.0,1390,XIOCA,NA,NA,NA,NA,0.0,0,-53.11,-48.3,[],0,0,[],[]
44299760,44300570,FEM,FAN,0.54,1390,XIOCA,RC,0,NT,FI,0.0,0,-38.97,-29.61,[],0,0,[],[]
44300570,44301400,FEM,FAN,0.69,1390,XIOCA,RC,0,NT,FH,0.0,0,-33.17,-25.85,[],0,0,[],[]
44301400,44302430,MAL,MAN,1.67,1390,XIOCA,RC,0,NT,FI,0.0,0,-32.21,-24.97,[],0,0,[],[]
44302430,44303340,NA,SIL,0.0,1390,XIOCA,NA,NA,NA,NA,0.0,0,-51.81,-40.0,[],0,0,[],[]
44303340,44304350,MAL,MAN,0.07,1390,XIOCA,RC,0,NT,FH,0.0,0,-33.0,-26.08,[],0,0,[],[]
44304350,44305160,NA,SIL,0.0,1390,XIOCA,NA,NA,NA,NA,0.0,0,-53.5,-48.93,[],0,0,[],[]
44305160,44306240,FEM,FAN,3.69,1390,XIOCA,EC,0,NT,FI,0.0,0,-28.04,-20.59,[],0,0,[],[]
44306240,44308380,NA,MAF,0.0,1391,pause,NA,NA,NA,NA,0.0,0,-35.78,-27.81,[],0,0,[],[]
44308380,44309220,NA,SIL,0.0,1391,pause,NA,NA,NA,NA,0.0,0,-49.85,-39.27,[],0,0,[],[]
44309220,44311130,NA,MAF,0.0,1391,pause,NA,NA,NA,NA,0.0,0,-35.21,-29.02,[],0,0,[],[]
44311130,44312220,NA,OLF,0.0,1391,pause,NA,NA,NA,NA,0.0,0,-33.38,-27.12,[],0,0,[],[]
44312220,44313270,NA,MAF,0.0,1391,pause,NA,NA,NA,NA,0.0,0,-33.42,-27.73,[],0,0,[],[]
44313270,44314500,NA,OLF,0.0,1391,pause,NA,NA,NA,NA,0.0,0,-32.15,-20.86,[],0,0,[],[]
44314500,44315540,MAL,MAN,5.68,1391,AIOCM,BC,0,NT,FI,0.0,0,-32.43,-24.46,[],0,0,[],[]
44315540,44316340,NA,SIL,0.0,1391,AIOCM,NA,NA,NA,NA,0.0,0,-49.22,-40.52,[],0,0,[],[]
44316340,44317580,OCH,CXN,0.0,1391,AIOCM,RC,0,NT,FI,0.0,0,-33.91,-23.38,[],0,0,[],[]
44317580,44318580,MAL,MAN,2.15,1391,AIOCM,RC,0,NT,FI,0.0,0,-32.08,-26.91,[],0,0,[],[]
44318580,44319790,FEM,FAN,0.0,1391,AIOCM,NA,NA,NA,NA,0.0,0,-32.44,-21.84,[],1210,0,[],[]
44319790,44320660,NA,SIL,0.0,1391,AIOCM,NA,NA,NA,NA,0.0,0,-53.77,-47.86,[],0,0,[],[]
44320660,44321660,FEM,FAN,3.83,1391,AIOCM,RC,0,NT,FI,0.0,0,-31.78,-24.97,[],0,0,[],[]
44321660,44323250,NA,TVF,0.0,1391,AIOCM,NA,NA,NA,NA,0.0,0,-53.38,-48.14,[],0,0,[],[]
44323250,44323850,FEM,FAN,2.89,1391,AIOCM,EC,0,NT,FH,0.0,0,-35.71,-29.01,[],0,0,[],[]
44323850,44325510,NA,TVF,0.0,1392,pause,NA,NA,NA,NA,0.0,0,-39.71,-31.25,[],0,0,[],[]
44325510,44326310,NA,SIL,0.0,1392,pause,NA,NA,NA,NA,0.0,0,-52.56,-43.83,[],0,0,[],[]
44326310,44327130,FEM,FAN,0.0,1392,pause,NA,NA,NA,NA,0.0,0,-31.9,-27.62,[],820,0,[],[]
44327130,44327930,NA,SIL,0.0,1392,pause,NA,NA,NA,NA,0.0,0,-46.3,-32.89,[],0,0,[],[]
44327930,44328950,NA,TVF,0.0,1392,pause,NA,NA,NA,NA,0.0,0,-50.68,-37.68,[],0,0,[],[]
44328950,44329550,FEM,FAN,0.0,1392,pause,NA,NA,NA,NA,0.0,0,-31.91,-27.0,[],600,0,[],[]
44329550,44330620,NA,SIL,0.0,1392,pause,NA,NA,NA,NA,0.0,0,-53.14,-47.74,[],0,0,[],[]
44330620,44331400,FEM,FAN,5.97,1392,AMF,EC,0,NT,FI,0.0,0,-28.03,-18.73,[],0,0,[],[]
44331400,44332550,NA,MAF,0.0,1393,pause,NA,NA,NA,NA,0.0,0,-41.27,-33.16,[],0,0,[],[]
44332550,44334060,NA,SIL,0.0,1393,pause,NA,NA,NA,NA,0.0,0,-42.91,-26.3,[],0,0,[],[]
44334060,44335340,NA,MAF,0.0,1393,pause,NA,NA,NA,NA,0.0,0,-34.38,-24.91,[],0,0,[],[]
44335340,44336150,NA,SIL,0.0,1393,pause,NA,NA,NA,NA,0.0,0,-52.65,-44.75,[],0,0,[],[]
44336150,44337150,NA,TVF,0.0,1393,pause,NA,NA,NA,NA,0.0,0,-41.13,-35.83,[],0,0,[],[]
44337150,44338250,NA,SIL,0.0,1393,pause,NA,NA,NA,NA,0.0,0,-52.89,-44.68,[],0,0,[],[]
44338250,44339280,NA,MAF,0.0,1393,pause,NA,NA,NA,NA,0.0,0,-43.2,-38.85,[],0,0,[],[]
44339280,44340440,NA,SIL,0.0,1393,pause,NA,NA,NA,NA,0.0,0,-53.19,-46.74,[],0,0,[],[]
44340440,44341440,NA,MAF,0.0,1393,pause,NA,NA,NA,NA,0.0,0,-41.95,-35.84,[],0,0,[],[]
44341440,44343450,NA,SIL,0.0,1393,pause,NA,NA,NA,NA,0.0,0,-53.87,-44.23,[],0,0,[],[]
44343450,44344750,NA,TVF,0.0,1393,pause,NA,NA,NA,NA,0.0,0,-42.5,-34.13,[],0,0,[],[]
44344750,44348080,NA,SIL,0.0,1393,pause,NA,NA,NA,NA,0.0,0,-47.75,-38.26,[],0,0,[],[]
44348080,44348680,FEM,FAN,3.07,1393,AIOCF,BC,0,NT,FI,0.0,0,-28.07,-20.74,[],0,0,[],[]
44348680,44351570,NA,SIL,0.0,1393,AIOCF,NA,NA,NA,NA,0.0,0,-48.26,-33.35,[],0,0,[],[]
44351570,44352250,FEM,FAN,4.56,1393,AIOCF,RC,0,NT,FH,0.0,0,-30.93,-21.6,[],0,0,[],[]
44352250,44353050,NA,SIL,0.0,1393,AIOCF,NA,NA,NA,NA,0.0,0,-40.9,-26.59,[],0,0,[],[]
44353050,44353850,OCH,CXN,0.0,1393,AIOCF,RC,0,NT,FI,0.0,0,-33.72,-27.49,[],0,0,[],[]
44353850,44354850,MAL,MAN,2.79,1393,AIOCF,RC,0,NT,FI,0.0,0,-40.97,-32.29,[],0,0,[],[]
44354850,44357760,NA,SIL,0.0,1393,AIOCF,NA,NA,NA,NA,0.0,0,-53.24,-42.66,[],0,0,[],[]
44357760,44359120,FEM,FAN,3.03,1393,AIOCF,RC,0,NT,FI,0.0,0,-31.88,-21.53,[],0,0,[],[]
44359120,44361350,NA,TVF,0.0,1393,AIOCF,NA,NA,NA,NA,0.0,0,-39.38,-29.48,[],0,0,[],[]
44361350,44362570,FEM,FAN,7.17,1393,AIOCF,RC,0,NT,FH,0.0,0,-35.58,-29.78,[],0,0,[],[]
44362570,44363620,NA,SIL,0.0,1393,AIOCF,NA,NA,NA,NA,0.0,0,-49.66,-39.44,[],0,0,[],[]
44363620,44364900,FEM,FAN,5.9,1393,AIOCF,RC,0,NT,FH,0.0,0,-25.3,-15.68,[],0,0,[],[]
44364900,44367530,NA,SIL,0.0,1393,AIOCF,NA,NA,NA,NA,0.0,0,-49.43,-32.86,[],0,0,[],[]
44367530,44369040,MAL,MAN,7.48,1393,AIOCF,RC,0,NT,FI,0.0,0,-37.57,-27.73,[],0,0,[],[]
44369040,44370510,NA,SIL,0.0,1393,AIOCF,NA,NA,NA,NA,0.0,0,-51.34,-46.44,[],0,0,[],[]
44370510,44371510,MAL,MAN,0.95,1393,AIOCF,RC,0,NT,FH,0.0,0,-36.32,-30.35,[],0,0,[],[]
44371510,44373180,NA,SIL,0.0,1393,AIOCF,NA,NA,NA,NA,0.0,0,-45.39,-34.64,[],0,0,[],[]
44373180,44374720,MAL,MAN,5.72,1393,AIOCF,RC,0,NT,FH,0.0,0,-36.48,-24.46,[],0,0,[],[]
44374720,44376340,NA,SIL,0.0,1393,AIOCF,NA,NA,NA,NA,0.0,0,-50.05,-40.99,[],0,0,[],[]
44376340,44377450,NA,TVN,0.0,1393,AIOCF,NA,NA,NA,NA,0.0,0,-31.74,-25.78,[],0,0,[],[]
44377450,44378260,OCH,CXN,0.0,1393,AIOCF,EC,0,NT,FI,0.0,0,-31.28,-26.39,[],0,0,[],[]
44378260,44379720,NA,SIL,0.0,1394,pause,NA,NA,NA,NA,0.0,0,-45.38,-35.92,[],0,0,[],[]
44379720,44380880,NA,TVF,0.0,1394,pause,NA,NA,NA,NA,0.0,0,-53.2,-47.72,[],0,0,[],[]
44380880,44381680,NA,SIL,0.0,1394,pause,NA,NA,NA,NA,0.0,0,-54.21,-50.9,[],0,0,[],[]
44381680,44383650,NA,TVF,0.0,1394,pause,NA,NA,NA,NA,0.0,0,-47.16,-38.54,[],0,0,[],[]
44383650,44384540,OCH,CXN,0.0,1394,XM,EC,0,NT,FI,0.0,0,-38.71,-32.37,[],0,0,[],[]
44384540,44385670,NA,TVF,0.0,1395,pause,NA,NA,NA,NA,0.0,0,-45.38,-35.7,[],0,0,[],[]
44385670,44387610,NA,SIL,0.0,1395,pause,NA,NA,NA,NA,0.0,0,-51.04,-41.16,[],0,0,[],[]
44387610,44388610,NA,MAF,0.0,1395,pause,NA,NA,NA,NA,0.0,0,-41.38,-32.77,[],0,0,[],[]
44388610,44390250,NA,TVF,0.0,1395,pause,NA,NA,NA,NA,0.0,0,-47.03,-38.64,[],0,0,[],[]
44390250,44392410,NA,SIL,0.0,1395,pause,NA,NA,NA,NA,0.0,0,-50.43,-36.93,[],0,0,[],[]
44392410,44394650,OCH,CXN,0.0,1395,XIOCA,BC,0,NT,FI,0.0,0,-35.32,-25.06,[],0,0,[],[]
44394650,44395650,FEM,FAN,4.15,1395,XIOCA,EC,0,NT,FI,0.0,0,-33.47,-27.55,[],0,0,[],[]
44395650,44397050,NA,SIL,0.0,1396,pause,NA,NA,NA,NA,0.0,0,-49.73,-39.82,[],0,0,[],[]
44397050,44397650,FEM,FAN,0.0,1396,pause,NA,NA,NA,NA,0.0,0,-28.75,-23.48,[],600,0,[],[]
44397650,44398650,NA,TVF,0.0,1396,pause,NA,NA,NA,NA,0.0,0,-36.2,-28.32,[],0,0,[],[]
44398650,44400550,NA,SIL,0.0,1396,pause,NA,NA,NA,NA,0.0,0,-50.85,-44.62,[],0,0,[],[]
44400550,44401930,NA,MAF,0.0,1396,pause,NA,NA,NA,NA,0.0,0,-26.38,-10.91,[],0,0,[],[]
44401930,44402580,FEM,FAN,0.51,1396,AIOCF,BC,0,NT,FI,0.0,0,-29.6,-22.4,[],0,0,[],[]
44402580,44404070,NA,SIL,0.0,1396,AIOCF,NA,NA,NA,NA,0.0,0,-44.94,-35.88,[],0,0,[],[]
44404070,44405070,NA,MAF,0.0,1396,AIOCF,NA,NA,NA,NA,0.0,0,-29.49,-16.93,[],0,0,[],[]
44405070,44405870,NA,SIL,0.0,1396,AIOCF,NA,NA,NA,NA,0.0,0,-45.48,-33.57,[],0,0,[],[]
44405870,44406870,OCH,CXN,0.0,1396,AIOCF,RC,0,NT,FI,0.0,0,-35.86,-21.48,[],0,0,[],[]
44406870,44407470,FEM,FAN,2.09,1396,AIOCF,EC,0,NT,FI,0.0,0,-31.84,-25.17,[],0,0,[],[]
44407470,44408580,NA,SIL,0.0,1397,pause,NA,NA,NA,NA,0.0,0,-52.2,-47.28,[],0,0,[],[]
44408580,44409600,NA,TVF,0.0,1397,pause,NA,NA,NA,NA,0.0,0,-53.43,-46.54,[],0,0,[],[]
44409600,44411070,NA,SIL,0.0,1397,pause,NA,NA,NA,NA,0.0,0,-31.38,-13.01,[],0,0,[],[]
44411070,44412070,NA,TVN,0.0,1397,pause,NA,NA,NA,NA,0.0,0,-42.07,-32.52,[],0,0,[],[]
44412070,44413020,NA,SIL,0.0,1397,pause,NA,NA,NA,NA,0.0,0,-51.75,-43.56,[],0,0,[],[]
44413020,44414490,FEM,FAN,7.9,1397,AIOCF,BC,0,NT,FI,0.0,0,-36.09,-27.0,[],0,0,[],[]
44414490,44415630,OCH,CXN,0.0,1397,AIOCF,RC,0,NT,FI,0.0,0,-32.01,-20.54,[],0,0,[],[]
44415630,44417560,NA,SIL,0.0,1397,AIOCF,NA,NA,NA,NA,0.0,0,-49.18,-41.56,[],0,0,[],[]
44417560,44418840,OCH,CXN,0.0,1397,AIOCF,RC,0,NT,FH,0.0,0,-24.76,-15.58,[],0,0,[],[]
44418840,44420510,NA,SIL,0.0,1397,AIOCF,NA,NA,NA,NA,0.0,0,-50.69,-41.8,[],0,0,[],[]
44420510,44422330,FEM,FAN,7.28,1397,AIOCF,RC,0,NT,FI,0.0,0,-27.11,-14.49,[],0,0,[],[]
44422330,44423330,NA,MAF,0.0,1397,AIOCF,NA,NA,NA,NA,0.0,0,-36.23,-24.78,[],0,0,[],[]
44423330,44424130,NA,SIL,0.0,1397,AIOCF,NA,NA,NA,NA,0.0,0,-49.93,-39.37,[],0,0,[],[]
44424130,44425500,MAL,MAN,5.44,1397,AIOCF,RC,0,NT,FI,0.0,0,-36.43,-31.12,[],0,0,[],[]
44425500,44428600,NA,SIL,0.0,1397,AIOCF,NA,NA,NA,NA,0.0,0,-47.67,-36.96,[],0,0,[],[]
44428600,44429600,NA,MAF,0.0,1397,AIOCF,NA,NA,NA,NA,0.0,0,-33.01,-25.27,[],0,0,[],[]
44429600,44430410,NA,SIL,0.0,1397,AIOCF,NA,NA,NA,NA,0.0,0,-49.2,-40.73,[],0,0,[],[]
44430410,44431010,FEM,FAN,7.85,1397,AIOCF,RC,0,NT,FI,0.0,0,-28.39,-22.79,[],0,0,[],[]
44431010,44432010,NA,TVF,0.0,1397,AIOCF,NA,NA,NA,NA,0.0,0,-43.09,-28.8,[],0,0,[],[]
44432010,44432810,NA,SIL,0.0,1397,AIOCF,NA,NA,NA,NA,0.0,0,-50.02,-41.65,[],0,0,[],[]
44432810,44435040,NA,MAF,0.0,1397,AIOCF,NA,NA,NA,NA,0.0,0,-33.99,-26.28,[],0,0,[],[]
44435040,44437230,FEM,FAN,10.31,1397,AIOCF,RC,0,NT,FH,0.0,0,-27.15,-18.21,[],0,0,[],[]
44437230,44438030,NA,SIL,0.0,1397,AIOCF,NA,NA,NA,NA,0.0,0,-45.68,-31.15,[],0,0,[],[]
44438030,44438630,NA,OLF,0.0,1397,AIOCF,NA,NA,NA,NA,0.0,0,-23.96,-14.15,[],0,0,[],[]
44438630,44440110,NA,SIL,0.0,1397,AIOCF,NA,NA,NA,NA,0.0,0,-48.54,-35.78,[],0,0,[],[]
44440110,44440910,OCH,CXN,0.0,1397,AIOCF,RC,0,NT,FI,0.0,0,-36.19,-26.32,[],0,0,[],[]
44440910,44442560,NA,SIL,0.0,1397,AIOCF,NA,NA,NA,NA,0.0,0,-44.62,-29.86,[],0,0,[],[]
44442560,44444020,NA,NOF,0.0,1397,AIOCF,NA,NA,NA,NA,0.0,0,-28.07,-15.13,[],0,0,[],[]
44444020,44445060,OCH,CXN,0.0,1397,AIOCF,RC,0,NT,FH,0.0,0,-35.86,-26.36,[],0,0,[],[]
44445060,44445900,NA,MAF,0.0,1397,AIOCF,NA,NA,NA,NA,0.0,0,-27.62,-17.15,[],0,0,[],[]
44445900,44449780,OCH,CXN,0.0,1397,AIOCF,RC,0,NT,FH,0.0,0,-29.17,-18.91,[],0,0,[],[]
44449780,44451000,NA,SIL,0.0,1397,AIOCF,NA,NA,NA,NA,0.0,0,-40.69,-31.64,[],0,0,[],[]
44451000,44452630,MAL,MAN,3.66,1397,AIOCF,RC,0,NT,FI,0.0,0,-29.36,-21.12,[],0,0,[],[]
44452630,44453700,OCH,CXN,0.0,1397,AIOCF,EC,0,NT,FI,0.0,0,-34.57,-27.65,[],0,0,[],[]
44453700,44454840,NA,OLN,0.0,1398,pause,NA,NA,NA,NA,0.0,0,-32.62,-21.57,[],0,0,[],[]
44454840,44456690,NA,SIL,0.0,1398,pause,NA,NA,NA,NA,0.0,0,-51.98,-45.33,[],0,0,[],[]
44456690,44457690,NA,TVF,0.0,1398,pause,NA,NA,NA,NA,0.0,0,-45.81,-37.96,[],0,0,[],[]
44457690,44460800,NA,SIL,0.0,1398,pause,NA,NA,NA,NA,0.0,0,-50.01,-38.56,[],0,0,[],[]
44460800,44461780,NA,NOF,0.0,1398,pause,NA,NA,NA,NA,0.0,0,-39.38,-28.9,[],0,0,[],[]
44461780,44463510,OCH,CXN,0.0,1398,XM,EC,0,NT,FI,0.0,0,-28.53,-21.09,[],0,0,[],[]
44463510,44465970,NA,NOF,0.0,1399,pause,NA,NA,NA,NA,0.0,0,-21.17,-0.98,[],0,0,[],[]
44465970,44466900,NA,OLN,0.0,1399,pause,NA,NA,NA,NA,0.0,0,-18.53,-3.96,[],0,0,[],[]
44466900,44468150,NA,NOF,0.0,1399,pause,NA,NA,NA,NA,0.0,0,-20.65,-4.59,[],0,0,[],[]
44468150,44470780,NA,OLN,0.0,1399,pause,NA,NA,NA,NA,0.0,0,-24.45,-8.97,[],0,0,[],[]
44470780,44471650,NA,NON,0.0,1399,pause,NA,NA,NA,NA,0.0,0,-16.89,-5.26,[],0,0,[],[]
44471650,44473000,NA,OLN,0.0,1399,pause,NA,NA,NA,NA,0.0,0,-19.56,-7.37,[],0,0,[],[]
44473000,44475110,NA,NOF,0.0,1399,pause,NA,NA,NA,NA,0.0,0,-38.67,-23.84,[],0,0,[],[]
44475110,44476060,NA,OLN,0.0,1399,pause,NA,NA,NA,NA,0.0,0,-15.15,-3.27,[],0,0,[],[]
44476060,44479690,NA,NOF,0.0,1399,pause,NA,NA,NA,NA,0.0,0,-25.16,-5.28,[],0,0,[],[]
44479690,44480440,CHI,CHN,0.0,1399,CIOCX,BC,0,NT,FI,1.0,370,-20.84,-8.93,"[{'Canonical-syllable': '0', 'Growl': '1', 'High-freq-energy': '0', 'Long-island': '0', 'Low-tilt-spectrum': '1', 'Medium-island': '1', 'Short-island': '0', 'Squeal': '0', 'Typical-entropy': '1', 'Voicing-quality': '1', 'Wide-band': '0', 'Xlong-island': '0', 'seq': '1', 'end': 44480.44, 'start': 44480.07}]",0,0,[],[]
44480440,44482380,CHI,CHN,0.0,1399,CIOCX,RC,0,NT,FH,1.0,1940,-28.53,-26.08,"[{'Canonical-syllable': '0', 'Growl': '1', 'High-freq-energy': '1', 'Long-island': '0', 'Low-tilt-spectrum': '1', 'Medium-island': '0', 'Short-island': '0', 'Squeal': '0', 'Typical-entropy': '1', 'Voicing-quality': '1', 'Wide-band': '0', 'Xlong-island': '1', 'seq': '1', 'end': 44482.38, 'start': 44480.44}]",0,0,[],[]
44482380,44483000,CHI,CHN,0.0,1399,CIOCX,RC,0,NT,FH,1.0,620,-29.24,-26.75,"[{'Canonical-syllable': '0', 'Growl': '1', 'High-freq-energy': '1', 'Long-island': '0', 'Low-tilt-spectrum': '1', 'Medium-island': '1', 'Short-island': '0', 'Squeal': '0', 'Typical-entropy': '1', 'Voicing-quality': '1', 'Wide-band': '0', 'Xlong-island': '0', 'seq': '1', 'end': 44483.0, 'start': 44482.38}]",0,0,[],[]
44483000,44483800,NA,NON,0.0,1399,CIOCX,NA,NA,NA,NA,0.0,0,-40.18,-34.5,[],0,0,[],[]
44483800,44485180,CHI,CHN,0.0,1399,CIOCX,RC,0,NT,FH,1.0,1380,-36.62,-34.57,"[{'Canonical-syllable': '0', 'Growl': '1', 'High-freq-energy': '1', 'Long-island': '0', 'Low-tilt-spectrum': '1', 'Medium-island': '0', 'Short-island': '0', 'Squeal': '0', 'Typical-entropy': '1', 'Voicing-quality': '1', 'Wide-band': '0', 'Xlong-island': '1', 'seq': '1', 'end': 44485.18, 'start': 44483.8}]",0,0,[],[]
44485180,44485980,NA,NOF,0.0,1399,CIOCX,NA,NA,NA,NA,0.0,0,-42.55,-38.87,[],0,0,[],[]
44485980,44486580,NA,CHF,0.0,1399,CIOCX,RC,0,NT,FH,1.0,600,-41.74,-39.42,"[{'Canonical-syllable': '0', 'Growl': '1', 'High-freq-energy': '0', 'Long-island': '0', 'Low-tilt-spectrum': '1', 'Medium-island': '1', 'Short-island': '0', 'Squeal': '0', 'Typical-entropy': '0', 'Voicing-quality': '1', 'Wide-band': '0', 'Xlong-island': '0', 'seq': '1', 'end': 44486.58, 'start': 44485.98}]",0,0,[],[]
44486580,44487980,NA,NON,0.0,1399,CIOCX,NA,NA,NA,NA,0.0,0,-40.81,-38.86,[],0,0,[],[]
44487980,44489280,OCH,CXN,0.0,1399,CIOCX,EC,0,NT,FI,0.0,0,-37.27,-28.11,[],0,0,[],[]
44489280,44490350,NA,MAF,0.0,1400,pause,NA,NA,NA,NA,0.0,0,-40.05,-36.08,[],0,0,[],[]
44490350,44499700,NA,NON,0.0,1400,pause,NA,NA,NA,NA,0.0,0,-43.06,-39.04,[],0,0,[],[]
44499700,44501670,NA,NOF,0.0,1400,pause,NA,NA,NA,NA,0.0,0,-44.06,-37.36,[],0,0,[],[]
44501670,44502490,OCH,CXN,0.0,1400,XM,EC,0,NT,FI,0.0,0,-38.64,-33.2,[],0,0,[],[]
44502490,44503350,NA,NOF,0.0,1401,pause,NA,NA,NA,NA,0.0,0,-43.42,-40.71,[],0,0,[],[]
44503350,44509180,NA,SIL,0.0,1401,pause,NA,NA,NA,NA,0.0,0,-48.14,-36.68,[],0,0,[],[]
44509180,44510270,OCH,CXN,0.0,1401,XM,BC,0,NT,FI,0.0,0,-41.27,-31.64,[],0,0,[],[]
44510270,44511950,NA,SIL,0.0,1401,XM,NA,NA,NA,NA,0.0,0,-49.08,-44.08,[],0,0,[],[]
44511950,44512840,NA,CXF,0.0,1401,XM,NA,NA,NA,NA,0.0,0,-42.07,-35.3,[],0,0,[],[]
44512840,44515050,NA,SIL,0.0,1401,XM,NA,NA,NA,NA,0.0,0,-48.64,-42.96,[],0,0,[],[]
44515050,44516230,OCH,CXN,0.0,1401,XM,RC,0,NT,FH,0.0,0,-36.16,-25.94,[],0,0,[],[]
44516230,44517860,NA,SIL,0.0,1401,XM,NA,NA,NA,NA,0.0,0,-47.96,-40.91,[],0,0,[],[]
44517860,44518660,OCH,CXN,0.0,1401,XM,EC,0,NT,FH,0.0,0,-36.08,-25.82,[],0,0,[],[]
44518660,44529420,NA,SIL,0.0,1402,pause,NA,NA,NA,NA,0.0,0,-48.94,-39.87,[],0,0,[],[]
44529420,44530670,NA,NOF,0.0,1402,pause,NA,NA,NA,NA,0.0,0,-42.64,-38.34,[],0,0,[],[]
44530670,44533990,NA,SIL,0.0,1402,pause,NA,NA,NA,NA,0.0,0,-46.09,-37.46,[],0,0,[],[]
44533990,44535030,NA,MAF,0.0,1402,pause,NA,NA,NA,NA,0.0,0,-36.21,-20.11,[],0,0,[],[]
44535030,44536250,NA,SIL,0.0,1402,pause,NA,NA,NA,NA,0.0,0,-48.52,-43.06,[],0,0,[],[]
44536250,44537050,NA,NOF,0.0,1402,pause,NA,NA,NA,NA,0.0,0,-47.24,-39.52,[],0,0,[],[]
44537050,44538030,NA,SIL,0.0,1402,pause,NA,NA,NA,NA,0.0,0,-48.18,-42.96,[],0,0,[],[]
44538030,44539440,NA,MAF,0.0,1402,pause,NA,NA,NA,NA,0.0,0,-42.88,-39.69,[],0,0,[],[]
44539440,44542150,NA,SIL,0.0,1402,pause,NA,NA,NA,NA,0.0,0,-48.01,-39.64,[],0,0,[],[]
44542150,44550500,NA,NON,0.0,1402,pause,NA,NA,NA,NA,0.0,0,-43.65,-39.24,[],0,0,[],[]
44550500,44552130,NA,NOF,0.0,1402,pause,NA,NA,NA,NA,0.0,0,-45.06,-41.91,[],0,0,[],[]
44552130,44555030,NA,SIL,0.0,1402,pause,NA,NA,NA,NA,0.0,0,-46.65,-36.82,[],0,0,[],[]
44555030,44556280,NA,CHF,0.0,1402,CIC,BC,0,NT,FI,1.0,1250,-43.2,-40.58,"[{'Canonical-syllable': '0', 'Growl': '1', 'High-freq-energy': '0', 'Long-island': '0', 'Low-tilt-spectrum': '1', 'Medium-island': '0', 'Short-island': '0', 'Squeal': '0', 'Typical-entropy': '0', 'Voicing-quality': '1', 'Wide-band': '0', 'Xlong-island': '1', 'seq': '1', 'end': 44556.28, 'start': 44555.03}]",0,0,[],[]
44556280,44557510,NA,NOF,0.0,1402,CIC,NA,NA,NA,NA,0.0,0,-42.13,-39.53,[],0,0,[],[]
44557510,44558780,NA,SIL,0.0,1402,CIC,NA,NA,NA,NA,0.0,0,-49.82,-44.26,[],0,0,[],[]
44558780,44559930,NA,FAF,0.0,1402,CIC,NA,NA,NA,NA,0.0,0,-42.12,-36.81,[],0,0,[],[]
44559930,44560730,OCH,CXN,0.0,1402,CIC,RC,0,NT,FI,0.0,0,-38.83,-33.07,[],0,0,[],[]
44560730,44561530,NA,NOF,0.0,1402,CIC,NA,NA,NA,NA,0.0,0,-41.77,-36.33,[],0,0,[],[]
44561530,44562570,CHI,CHN,0.0,1402,CIC,RC,0,NT,FI,1.0,1040,-37.68,-34.5,"[{'Canonical-syllable': '0', 'Growl': '1', 'High-freq-energy': '1', 'Long-island': '0', 'Low-tilt-spectrum': '1', 'Medium-island': '0', 'Short-island': '0', 'Squeal': '0', 'Typical-entropy': '1', 'Voicing-quality': '1', 'Wide-band': '0', 'Xlong-island': '1', 'seq': '1', 'end': 44562.57, 'start': 44561.53}]",0,0,[],[]
44562570,44563600,MAL,MAN,0.0,1402,CIC,NA,NA,NA,NA,0.0,0,-39.42,-37.05,[],1030,0,[],[]
44563600,44564200,CHI,CHN,0.0,1402,CIC,RC,0,TIFI,FH,1.0,600,-39.8,-37.42,"[{'Canonical-syllable': '0', 'Growl': '1', 'High-freq-energy': '0', 'Long-island': '0', 'Low-tilt-spectrum': '1', 'Medium-island': '1', 'Short-island': '0', 'Squeal': '0', 'Typical-entropy': '0', 'Voicing-quality': '1', 'Wide-band': '0', 'Xlong-island': '0', 'seq': '1', 'end': 44564.2, 'start': 44563.6}]",0,0,[],[]
44564200,44565710,FEM,FAN,10.89,1402,CIC,EC,1,TIFR,FI,0.0,0,-39.24,-35.89,[],0,0,[],[]
44565710,44566710,MAL,MAN,0.0,1403,pause,NA,NA,NA,NA,0.0,0,-39.94,-37.09,[],1000,0,[],[]
44566710,44567700,NA,NOF,0.0,1403,pause,NA,NA,NA,NA,0.0,0,-40.87,-38.5,[],0,0,[],[]
44567700,44570250,NA,SIL,0.0,1403,pause,NA,NA,NA,NA,0.0,0,-47.59,-41.53,[],0,0,[],[]
44570250,44572680,FEM,FAN,0.0,1403,pause,NA,NA,NA,NA,0.0,0,-38.95,-36.57,[],2430,0,[],[]
44572680,44574080,MAL,MAN,0.0,1403,pause,NA,NA,NA,NA,0.0,0,-38.65,-35.91,[],1400,0,[],[]
44574080,44575020,NA,SIL,0.0,1403,pause,NA,NA,NA,NA,0.0,0,-45.37,-40.53,[],0,0,[],[]
44575020,44576890,CHI,CHN,0.0,1403,CIOCX,BC,0,NT,FI,1.0,1870,-39.12,-33.97,"[{'Canonical-syllable': '0', 'Growl': '1', 'High-freq-energy': '0', 'Long-island': '0', 'Low-tilt-spectrum': '1', 'Medium-island': '0', 'Short-island': '0', 'Squeal': '0', 'Typical-entropy': '0', 'Voicing-quality': '1', 'Wide-band': '0', 'Xlong-island': '1', 'seq': '1', 'end': 44576.89, 'start': 44575.02}]",0,0,[],[]
44576890,44578320,NA,NOF,0.0,1403,CIOCX,NA,NA,NA,NA,0.0,0,-44.74,-35.48,[],0,0,[],[]
44578320,44579020,CHI,CHN,0.0,1403,CIOCX,RC,0,NT,FH,1.0,700,-35.48,-33.59,"[{'Canonical-syllable': '0', 'Growl': '1', 'High-freq-energy': '1', 'Long-island': '1', 'Low-tilt-spectrum': '1', 'Medium-island': '0', 'Short-island': '0', 'Squeal': '0', 'Typical-entropy': '1', 'Voicing-quality': '1', 'Wide-band': '0', 'Xlong-island': '0', 'seq': '1', 'end': 44579.02, 'start': 44578.32}]",0,0,[],[]
44579020,44580650,CHI,CHN,0.0,1403,CIOCX,RC,0,NT,FH,1.0,1630,-34.09,-31.37,"[{'Canonical-syllable': '0', 'Growl': '1', 'High-freq-energy': '1', 'Long-island': '0', 'Low-tilt-spectrum': '1', 'Medium-island': '0', 'Short-island': '0', 'Squeal': '0', 'Typical-entropy': '1', 'Voicing-quality': '1', 'Wide-band': '0', 'Xlong-island': '1', 'seq': '1', 'end': 44580.65, 'start': 44579.02}]",0,0,[],[]
44580650,44581550,CHI,CHN,0.0,1403,CIOCX,RC,0,NT,FH,1.0,900,-34.73,-31.69,"[{'Canonical-syllable': '0', 'Growl': '1', 'High-freq-energy': '1', 'Long-island': '1', 'Low-tilt-spectrum': '1', 'Medium-island': '0', 'Short-island': '0', 'Squeal': '0', 'Typical-entropy': '1', 'Voicing-quality': '1', 'Wide-band': '0', 'Xlong-island': '0', 'seq': '1', 'end': 44581.55, 'start': 44580.65}]",0,0,[],[]
44581550,44582370,NA,NOF,0.0,1403,CIOCX,NA,NA,NA,NA,0.0,0,-38.29,-29.29,[],0,0,[],[]
44582370,44583000,CHI,CHN,0.0,1403,CIOCX,RC,0,NT,FH,1.0,630,-36.79,-35.12,"[{'Canonical-syllable': '0', 'Growl': '1', 'High-freq-energy': '1', 'Long-island': '0', 'Low-tilt-spectrum': '1', 'Medium-island': '1', 'Short-island': '0', 'Squeal': '0', 'Typical-entropy': '1', 'Voicing-quality': '1', 'Wide-band': '0', 'Xlong-island': '0', 'seq': '1', 'end': 44583.0, 'start': 44582.37}]",0,0,[],[]
44583000,44584090,CHI,CHN,0.0,1403,CIOCX,RC,0,NT,FH,1.0,1090,-35.23,-32.44,"[{'Canonical-syllable': '0', 'Growl': '1', 'High-freq-energy': '1', 'Long-island': '0', 'Low-tilt-spectrum': '1', 'Medium-island': '0', 'Short-island': '0', 'Squeal': '0', 'Typical-entropy': '1', 'Voicing-quality': '1', 'Wide-band': '0', 'Xlong-island': '1', 'seq': '1', 'end': 44584.09, 'start': 44583.0}]",0,0,[],[]
44584090,44585090,CHI,CHN,0.0,1403,CIOCX,RC,0,NT,FH,1.0,1000,-36.99,-34.6,"[{'Canonical-syllable': '0', 'Growl': '1', 'High-freq-energy': '1', 'Long-island': '0', 'Low-tilt-spectrum': '1', 'Medium-island': '0', 'Short-island': '0', 'Squeal': '0', 'Typical-entropy': '1', 'Voicing-quality': '1', 'Wide-band': '0', 'Xlong-island': '1', 'seq': '1', 'end': 44585.09, 'start': 44584.09}]",0,0,[],[]
44585090,44586110,CHI,CHN,0.0,1403,CIOCX,RC,0,NT,FH,1.0,1020,-36.58,-33.33,"[{'Canonical-syllable': '0', 'Growl': '1', 'High-freq-energy': '1', 'Long-island': '0', 'Low-tilt-spectrum': '1', 'Medium-island': '0', 'Short-island': '0', 'Squeal': '0', 'Typical-entropy': '1', 'Voicing-quality': '1', 'Wide-band': '0', 'Xlong-island': '1', 'seq': '1', 'end': 44586.11, 'start': 44585.09}]",0,0,[],[]
44586110,44587100,NA,NOF,0.0,1403,CIOCX,NA,NA,NA,NA,0.0,0,-45.32,-40.34,[],0,0,[],[]
44587100,44589730,CHI,CHN,0.0,1403,CIOCX,RC,0,NT,FH,1.0,2630,-34.93,-31.76,"[{'Canonical-syllable': '0', 'Growl': '1', 'High-freq-energy': '1', 'Long-island': '0', 'Low-tilt-spectrum': '1', 'Medium-island': '0', 'Short-island': '0', 'Squeal': '0', 'Typical-entropy': '1', 'Voicing-quality': '1', 'Wide-band': '0', 'Xlong-island': '1', 'seq': '1', 'end': 44589.73, 'start': 44587.1}]",0,0,[],[]
44589730,44591050,NA,NON,0.0,1403,CIOCX,NA,NA,NA,NA,0.0,0,-37.94,-30.02,[],0,0,[],[]
44591050,44591970,OCH,CXN,0.0,1403,CIOCX,RC,0,NT,FI,0.0,0,-31.8,-26.77,[],0,0,[],[]
44591970,44593030,CHI,CHN,0.0,1403,CIOCX,EC,0,NT,FI,1.0,1060,-34.32,-27.2,"[{'Canonical-syllable': '0', 'Growl': '1', 'High-freq-energy': '1', 'Long-island': '0', 'Low-tilt-spectrum': '1', 'Medium-island': '0', 'Short-island': '0', 'Squeal': '0', 'Typical-entropy': '1', 'Voicing-quality': '1', 'Wide-band': '0', 'Xlong-island': '1', 'seq': '1', 'end': 44593.03, 'start': 44591.97}]",0,0,[],[]
44593030,44596370,NA,SIL,0.0,1404,pause,NA,NA,NA,NA,0.0,0,-47.69,-39.9,[],0,0,[],[]
44596370,44597950,NA,MAF,0.0,1404,pause,NA,NA,NA,NA,0.0,0,-42.2,-29.25,[],0,0,[],[]
44597950,44601570,NA,SIL,0.0,1404,pause,NA,NA,NA,NA,0.0,0,-45.64,-39.32,[],0,0,[],[]
44601570,44602700,NA,NOF,0.0,1404,pause,NA,NA,NA,NA,0.0,0,-36.72,-25.71,[],0,0,[],[]
44602700,44607200,NA,SIL,0.0,1404,pause,NA,NA,NA,NA,0.0,0,-47.05,-36.34,[],0,0,[],[]
44607200,44607800,OCH,CXN,0.0,1404,XM,EC,0,NT,FI,0.0,0,-40.46,-31.45,[],0,0,[],[]
44607800,44608800,NA,FAF,0.0,1405,pause,NA,NA,NA,NA,0.0,0,-35.9,-26.42,[],0,0,[],[]
44608800,44614130,NA,SIL,0.0,1405,pause,NA,NA,NA,NA,0.0,0,-48.66,-40.56,[],0,0,[],[]
44614130,44615670,NA,FAF,0.0,1405,pause,NA,NA,NA,NA,0.0,0,-38.11,-26.92,[],0,0,[],[]
44615670,44617470,NA,SIL,0.0,1405,pause,NA,NA,NA,NA,0.0,0,-48.86,-42.55,[],0,0,[],[]
44617470,44623120,NA,NON,0.0,1405,pause,NA,NA,NA,NA,0.0,0,-26.73,-11.19,[],0,0,[],[]
44623120,44623920,NA,OLN,0.0,1405,pause,NA,NA,NA,NA,0.0,0,-21.83,-8.42,[],0,0,[],[]
44623920,44625760,NA,NON,0.0,1405,pause,NA,NA,NA,NA,0.0,0,-30.54,-16.56,[],0,0,[],[]
44625760,44626660,NA,OLN,0.0,1405,pause,NA,NA,NA,NA,0.0,0,-30.74,-25.18,[],0,0,[],[]
44626660,44635980,NA,NON,0.0,1405,pause,NA,NA,NA,NA,0.0,0,-23.49,-0.26,[],0,0,[],[]
44635980,44636840,NA,OLN,0.0,1405,pause,NA,NA,NA,NA,0.0,0,-19.98,-5.33,[],0,0,[],[]
44636840,44639940,NA,NOF,0.0,1405,pause,NA,NA,NA,NA,0.0,0,-20.65,-2.45,[],0,0,[],[]
44639940,44643030,NA,SIL,0.0,1405,pause,NA,NA,NA,NA,0.0,0,-47.22,-37.13,[],0,0,[],[]
44643030,44643940,NA,NOF,0.0,1405,pause,NA,NA,NA,NA,0.0,0,-28.09,-8.98,[],0,0,[],[]
44643940,44645860,NA,SIL,0.0,1405,pause,NA,NA,NA,NA,0.0,0,-49.54,-39.26,[],0,0,[],[]
